{
"lowlevel": {
    "average_loudness": 0.927917122841,
    "barkbands_crest": {
        "dmean": 3.04139351845,
        "dmean2": 4.87480211258,
        "dvar": 10.2090749741,
        "dvar2": 20.7387561798,
        "max": 26.5878295898,
        "mean": 10.5699729919,
        "median": 9.08603477478,
        "min": 1.63850843906,
        "var": 37.7708816528
    },
    "barkbands_flatness_db": {
        "dmean": 0.0267296452075,
        "dmean2": 0.0389083474874,
        "dvar": 0.0010993713513,
        "dvar2": 0.00210543186404,
        "max": 0.609875142574,
        "mean": 0.0973842889071,
        "median": 0.0679115056992,
        "min": 0.0102598126978,
        "var": 0.00586563069373
    },
    "barkbands_kurtosis": {
        "dmean": 5.79261112213,
        "dmean2": 9.10868644714,
        "dvar": 1284.84399414,
        "dvar2": 3318.4375,
        "max": 1882.87219238,
        "mean": 7.00005102158,
        "median": -0.398026108742,
        "min": -1.92468547821,
        "var": 1522.74841309
    },
    "barkbands_skewness": {
        "dmean": 0.772190570831,
        "dmean2": 1.16392230988,
        "dvar": 1.31357109547,
        "dvar2": 2.82318162918,
        "max": 35.2938957214,
        "mean": 1.4908503294,
        "median": 0.89614957571,
        "min": -3.8722949028,
        "var": 4.19358778
    },
    "barkbands_spread": {
        "dmean": 11.0658540726,
        "dmean2": 17.2407855988,
        "dvar": 186.121383667,
        "dvar2": 428.611938477,
        "max": 142.271743774,
        "mean": 46.6362762451,
        "median": 49.0382194519,
        "min": 0.0465998649597,
        "var": 576.275817871
    },
    "dissonance": {
        "dmean": 0.0135579528287,
        "dmean2": 0.0228232033551,
        "dvar": 0.000398380274419,
        "dvar2": 0.00112443522085,
        "max": 0.500000119209,
        "mean": 0.476387619972,
        "median": 0.481742292643,
        "min": 0.164459079504,
        "var": 0.00058479316067
    },
    "dynamic_complexity": 2.23075819016,
    "erbbands_crest": {
        "dmean": 2.13792324066,
        "dmean2": 3.52752590179,
        "dvar": 4.95256662369,
        "dvar2": 12.5596628189,
        "max": 33.9427452087,
        "mean": 6.48558473587,
        "median": 5.17483091354,
        "min": 2.17242527008,
        "var": 16.0602302551
    },
    "erbbands_flatness_db": {
        "dmean": 0.0149479471147,
        "dmean2": 0.0225706063211,
        "dvar": 0.000292941869702,
        "dvar2": 0.00061378517421,
        "max": 0.5451567173,
        "mean": 0.101780340075,
        "median": 0.0883500427008,
        "min": 0.0389283932745,
        "var": 0.00297739845701
    },
    "erbbands_kurtosis": {
        "dmean": 1.21137261391,
        "dmean2": 1.94401884079,
        "dvar": 37.8637046814,
        "dvar2": 98.2049789429,
        "max": 355.84475708,
        "mean": 1.00750017166,
        "median": -0.464673757553,
        "min": -1.77270591259,
        "var": 126.85483551
    },
    "erbbands_skewness": {
        "dmean": 0.349958181381,
        "dmean2": 0.549734711647,
        "dvar": 0.183289527893,
        "dvar2": 0.4720877707,
        "max": 14.507774353,
        "mean": -0.0711249932647,
        "median": -0.252601861954,
        "min": -3.85304880142,
        "var": 1.06871759892
    },
    "erbbands_spread": {
        "dmean": 11.4702482224,
        "dmean2": 17.6114349365,
        "dvar": 185.703292847,
        "dvar2": 406.144439697,
        "max": 166.525543213,
        "mean": 54.8928909302,
        "median": 52.1647872925,
        "min": 0.494976907969,
        "var": 498.793945312
    },
    "hfc": {
        "dmean": 21.1568565369,
        "dmean2": 32.1716041565,
        "dvar": 774.883056641,
        "dvar2": 1946.63244629,
        "max": 346.953887939,
        "mean": 57.0475006104,
        "median": 53.4312057495,
        "min": 1.16114333669e-16,
        "var": 1646.90405273
    },
    "melbands_crest": {
        "dmean": 4.52040672302,
        "dmean2": 7.13668012619,
        "dvar": 20.1207485199,
        "dvar2": 46.1907730103,
        "max": 39.288066864,
        "mean": 17.6322612762,
        "median": 16.7138462067,
        "min": 2.00241732597,
        "var": 61.805721283
    },
    "melbands_flatness_db": {
        "dmean": 0.0375350043178,
        "dmean2": 0.0554491840303,
        "dvar": 0.00218499382026,
        "dvar2": 0.00422862591222,
        "max": 0.752172708511,
        "mean": 0.158404260874,
        "median": 0.129085868597,
        "min": 0.00770962238312,
        "var": 0.00982573907822
    },
    "melbands_kurtosis": {
        "dmean": 18.6130046844,
        "dmean2": 27.9920482635,
        "dvar": 3056.39794922,
        "dvar2": 7672.65673828,
        "max": 1165.86181641,
        "mean": 30.7286472321,
        "median": 7.90602874756,
        "min": -1.71892392635,
        "var": 4337.10449219
    },
    "melbands_skewness": {
        "dmean": 1.25369513035,
        "dmean2": 1.86193108559,
        "dvar": 3.51015782356,
        "dvar2": 7.34868240356,
        "max": 30.618522644,
        "mean": 3.7379899025,
        "median": 2.67954587936,
        "min": -4.32535743713,
        "var": 10.4654388428
    },
    "melbands_spread": {
        "dmean": 15.7112827301,
        "dmean2": 25.0177593231,
        "dvar": 408.135406494,
        "dvar2": 875.576049805,
        "max": 219.769714355,
        "mean": 42.0038566589,
        "median": 38.5697479248,
        "min": 0.238414883614,
        "var": 1031.88513184
    },
    "pitch_salience": {
        "dmean": 0.0919022783637,
        "dmean2": 0.1372333318,
        "dvar": 0.00931580830365,
        "dvar2": 0.0196276679635,
        "max": 0.953632473946,
        "mean": 0.506380021572,
        "median": 0.54382610321,
        "min": 0.018326530233,
        "var": 0.0331483669579
    },
    "silence_rate_20dB": {
        "dmean": 0,
        "dmean2": 0,
        "dvar": 0,
        "dvar2": 0,
        "max": 1,
        "mean": 1,
        "median": 1,
        "min": 1,
        "var": 0
    },
    "silence_rate_30dB": {
        "dmean": 0.0282982792705,
        "dmean2": 0.0566008873284,
        "dvar": 0.0274932701141,
        "dvar2": 0.0579783059657,
        "max": 1,
        "mean": 0.953426122665,
        "median": 1,
        "min": 0,
        "var": 0.0444059148431
    },
    "silence_rate_60dB": {
        "dmean": 0.015449331142,
        "dmean2": 0.0309010241181,
        "dvar": 0.0152134355158,
        "dvar2": 0.0356020256877,
        "max": 1,
        "mean": 0.0436677895486,
        "median": 0,
        "min": 0,
        "var": 0.0417588353157
    },
    "spectral_centroid": {
        "dmean": 414.108062744,
        "dmean2": 640.003417969,
        "dvar": 229638.578125,
        "dvar2": 511791.5,
        "max": 11183.7167969,
        "mean": 2291.18945312,
        "median": 2439.87817383,
        "min": 73.130065918,
        "var": 685348.8125
    },
    "spectral_complexity": {
        "dmean": 6.32229423523,
        "dmean2": 9.64739131927,
        "dvar": 50.5978240967,
        "dvar2": 104.926856995,
        "max": 65,
        "mean": 25.7962684631,
        "median": 27,
        "min": 0,
        "var": 169.450942993
    },
    "spectral_decrease": {
        "dmean": 3.28857518994e-09,
        "dmean2": 4.80325113017e-09,
        "dvar": 1.70619583645e-17,
        "dvar2": 3.19456193038e-17,
        "max": 1.35050221735e-18,
        "mean": -9.23311382905e-09,
        "median": -7.05282765523e-09,
        "min": -7.2395643258e-08,
        "var": 6.4451769278e-17
    },
    "spectral_energy": {
        "dmean": 0.0129510741681,
        "dmean2": 0.018917504698,
        "dvar": 0.000238013628405,
        "dvar2": 0.000451461441116,
        "max": 0.276022344828,
        "mean": 0.0400224067271,
        "median": 0.0334018543363,
        "min": 1.02022162619e-20,
        "var": 0.000933590403292
    },
    "spectral_energyband_high": {
        "dmean": 0.00206630676985,
        "dmean2": 0.00315114040859,
        "dvar": 7.90852027421e-06,
        "dvar2": 2.01685834327e-05,
        "max": 0.0576166622341,
        "mean": 0.00494453310966,
        "median": 0.00434134760872,
        "min": 7.24129821762e-21,
        "var": 1.71007286554e-05
    },
    "spectral_energyband_low": {
        "dmean": 0.0101735992357,
        "dmean2": 0.0144775658846,
        "dvar": 0.000243969698204,
        "dvar2": 0.000441077834694,
        "max": 0.274761468172,
        "mean": 0.0224875602871,
        "median": 0.0100536625832,
        "min": 1.53636871205e-22,
        "var": 0.000944025057834
    },
    "spectral_energyband_middle_high": {
        "dmean": 0.00267542083748,
        "dmean2": 0.00451907049865,
        "dvar": 1.65791443578e-05,
        "dvar2": 4.45987534476e-05,
        "max": 0.053164858371,
        "mean": 0.00593299372122,
        "median": 0.00486033922061,
        "min": 1.42487000099e-21,
        "var": 2.87038383249e-05
    },
    "spectral_energyband_middle_low": {
        "dmean": 0.00573535030708,
        "dmean2": 0.00966520048678,
        "dvar": 0.000139570358442,
        "dvar2": 0.000364243518561,
        "max": 0.127405971289,
        "mean": 0.00792943313718,
        "median": 0.0046028457582,
        "min": 3.08036350024e-22,
        "var": 0.00012479283032
    },
    "spectral_entropy": {
        "dmean": 0.15172187984,
        "dmean2": 0.227145269513,
        "dvar": 0.0354225672781,
        "dvar2": 0.0805454179645,
        "max": 9.80292224884,
        "mean": 8.1184091568,
        "median": 8.23424434662,
        "min": 4.21213340759,
        "var": 0.262106955051
    },
    "spectral_flux": {
        "dmean": 0.0323610156775,
        "dmean2": 0.0473594292998,
        "dvar": 0.00133187579922,
        "dvar2": 0.00231199897826,
        "max": 0.522376537323,
        "mean": 0.113661691546,
        "median": 0.102922186255,
        "min": 1.0100602299e-10,
        "var": 0.0038094248157
    },
    "spectral_kurtosis": {
        "dmean": 1.00794637203,
        "dmean2": 1.6430491209,
        "dvar": 27.4719238281,
        "dvar2": 72.8171081543,
        "max": 229.998703003,
        "mean": 3.14221167564,
        "median": 1.91418170929,
        "min": -1.22378790379,
        "var": 97.5995178223
    },
    "spectral_rms": {
        "dmean": 0.00102099077776,
        "dmean2": 0.00146214442793,
        "dvar": 1.15619752705e-06,
        "dvar2": 2.06922959478e-06,
        "max": 0.0164100602269,
        "mean": 0.00578114530072,
        "median": 0.00570851750672,
        "min": 3.15489800083e-12,
        "var": 5.62444665775e-06
    },
    "spectral_rolloff": {
        "dmean": 1436.59289551,
        "dmean2": 2283.95849609,
        "dvar": 3915923.25,
        "dvar2": 7477833,
        "max": 18820.0195312,
        "mean": 3921.89038086,
        "median": 3832.91015625,
        "min": 43.06640625,
        "var": 11142547
    },
    "spectral_skewness": {
        "dmean": 0.146393626928,
        "dmean2": 0.233057811856,
        "dvar": 0.0951179414988,
        "dvar2": 0.236922696233,
        "max": 13.3642654419,
        "mean": 1.28156042099,
        "median": 1.17827093601,
        "min": 0.00637354142964,
        "var": 0.547931015491
    },
    "spectral_spread": {
        "dmean": 602463.5,
        "dmean2": 935119.9375,
        "dvar": 491690721280,
        "dvar2": 1.03426378957e+12,
        "max": 41476360,
        "mean": 6997436,
        "median": 7067848,
        "min": 438162.65625,
        "var": 2.5469017129e+12
    },
    "spectral_strongpeak": {
        "dmean": 0.408096253872,
        "dmean2": 0.701980173588,
        "dvar": 1.32173860073,
        "dvar2": 3.70765781403,
        "max": 41.1749801636,
        "mean": 0.659432113171,
        "median": 0.395730853081,
        "min": 0,
        "var": 1.41032910347
    },
    "zerocrossingrate": {
        "dmean": 0.0241362564266,
        "dmean2": 0.0271573867649,
        "dvar": 0.000688916188665,
        "dvar2": 0.00082624075003,
        "max": 0.82373046875,
        "mean": 0.130245923996,
        "median": 0.13330078125,
        "min": 0.001953125,
        "var": 0.00524935359135
    },
    "barkbands": {
        "dmean": [0.000798890832812, 0.00812117941678, 0.00386293535121, 0.00310148019344, 0.00176766014192, 0.000709672225639, 0.000555732403882, 0.000540812499821, 0.000672152440529, 0.000750654144213, 0.000375307135982, 0.000320333871059, 0.00033888235339, 0.000447552534752, 0.000461986637674, 0.000379306293325, 0.000386441330193, 0.000299875100609, 0.000376164534828, 0.00045553946984, 0.000471036677482, 0.000400388613343, 0.000347603781847, 0.000371612637537, 0.000373775896151, 0.000301194639178, 0.000155075758812],
        "dmean2": [0.00117612595204, 0.0109747909009, 0.00599962752312, 0.0058485143818, 0.00287191080861, 0.00116731354501, 0.000888432376087, 0.00091064942535, 0.0011468481971, 0.00125546869822, 0.000631033675745, 0.000534882827196, 0.000555710867047, 0.000783360446803, 0.000786493474152, 0.00066786800744, 0.00063891481841, 0.000492643041071, 0.000627102621365, 0.000787292141467, 0.0008014649502, 0.000674240349326, 0.000564920715988, 0.000587479618844, 0.000550025084522, 0.000441028736532, 0.000248343741987],
        "dvar": [3.13081204695e-06, 0.000213510866161, 7.76481319917e-05, 0.000105732346128, 2.41132202063e-05, 2.31348985835e-06, 1.19530477605e-06, 1.5930512518e-06, 2.93684752251e-06, 3.21175275531e-06, 7.46247224015e-07, 5.65967809507e-07, 4.1315874455e-07, 7.21447406704e-07, 5.17382716225e-07, 5.08128948695e-07, 4.00128897127e-07, 2.56328121395e-07, 4.07461243412e-07, 6.1704804466e-07, 5.19276966315e-07, 4.36662958236e-07, 2.47432723199e-07, 2.43313280635e-07, 2.58663533259e-07, 1.65801438357e-07, 5.84089043798e-08],
        "dvar2": [6.97896621205e-06, 0.000359429774107, 0.000167450809386, 0.000304672925267, 6.35569522274e-05, 6.04625347478e-06, 2.74161584457e-06, 4.10765869674e-06, 8.42924328026e-06, 8.70141320775e-06, 2.23244705921e-06, 1.65049937095e-06, 1.14424085496e-06, 2.02113710657e-06, 1.39019437029e-06, 1.47693128838e-06, 1.01551563603e-06, 5.94635480411e-07, 1.13301791771e-06, 1.70437431279e-06, 1.37396375521e-06, 1.24501104892e-06, 6.27853978585e-07, 6.20338141744e-07, 5.74084992877e-07, 3.69023098301e-07, 1.43541825537e-07],
        "max": [0.0284265056252, 0.217646121979, 0.130363017321, 0.115602560341, 0.105847284198, 0.0248162634671, 0.0274742171168, 0.0277942270041, 0.0347794927657, 0.0370143577456, 0.0189674738795, 0.0263733491302, 0.0165439546108, 0.0147327780724, 0.0144253168255, 0.0121712898836, 0.0233802162111, 0.023751989007, 0.0289996825159, 0.0258110053837, 0.031256813556, 0.0202634073794, 0.00588399916887, 0.00691976444796, 0.00743083609268, 0.00604239339009, 0.00478718243539],
        "mean": [0.000993945868686, 0.0156886354089, 0.00466269440949, 0.00206281919964, 0.0023595422972, 0.000896874000318, 0.000844091060571, 0.000690137327183, 0.000783713068813, 0.001007971121, 0.000485309195938, 0.000443389086286, 0.000483085139422, 0.00052556215087, 0.000640996615402, 0.000473667751066, 0.000571692653466, 0.000490698323119, 0.000635596283246, 0.000723556790035, 0.000823909416795, 0.000730059226044, 0.000637610617559, 0.000738494389225, 0.000740193994716, 0.000677271105815, 0.000210844969843],
        "median": [0.000272406672593, 0.00514238374308, 0.00105608487502, 0.000186881195987, 0.000865406589583, 0.000293485994916, 0.000332340074237, 0.000220533111133, 0.000323065265547, 0.000413892325014, 0.000207021526876, 0.000205409596674, 0.000252498080954, 0.000259891123278, 0.000347481633071, 0.000268989620963, 0.000341760111041, 0.000318660138873, 0.000437375361798, 0.00049386190949, 0.000612937263213, 0.000527533353306, 0.000496711232699, 0.000577178841922, 0.000540213426575, 0.000569720112253, 8.92947646207e-05],
        "min": [6.59592714151e-24, 6.43451752283e-23, 4.57707510173e-23, 5.22275333503e-23, 1.45409389596e-23, 6.37412801173e-23, 2.58336547895e-23, 1.06370029704e-22, 3.83616274005e-23, 3.41376148855e-23, 5.62497394686e-23, 1.39359574293e-22, 6.91839218032e-23, 9.18589649064e-23, 2.65269941054e-22, 1.08527154072e-22, 1.61921071913e-22, 1.76240891583e-22, 1.23656711062e-22, 3.82393571157e-22, 3.71544676361e-22, 4.44689803246e-22, 4.64327668755e-22, 6.46477292601e-22, 1.22546878432e-21, 1.79527536025e-21, 2.38211941323e-21],
        "var": [4.51011374025e-06, 0.000702905177604, 8.91521412996e-05, 5.9989572037e-05, 2.39952823904e-05, 2.80155541077e-06, 2.46289641836e-06, 2.1626947273e-06, 2.44038187702e-06, 4.11659675592e-06, 8.34282275264e-07, 7.62257513998e-07, 6.37171638118e-07, 7.18513035736e-07, 8.23997595489e-07, 4.87995578169e-07, 6.9788853807e-07, 5.58593853839e-07, 9.02249041701e-07, 9.59445969784e-07, 1.08923768494e-06, 7.18667649835e-07, 3.67496994613e-07, 4.83278313368e-07, 6.20723938027e-07, 4.17205853864e-07, 8.9134026382e-08]
    },
    "erbbands": {
        "dmean": [0.283494532108, 1.83195734024, 4.47501277924, 8.36486244202, 7.45891857147, 6.34384632111, 4.0386390686, 6.26898002625, 8.26323509216, 8.442527771, 12.2531452179, 16.2045783997, 17.804523468, 21.6752300262, 15.4813804626, 13.6250476837, 15.9599628448, 20.1957035065, 26.0305957794, 20.3373126984, 20.5671100616, 18.9753780365, 14.7181558609, 19.4310626984, 20.106672287, 19.6595993042, 19.7637805939, 18.9303340912, 14.5314025879, 11.2823028564, 10.1932401657, 8.47389698029, 6.28496217728, 4.28272247314, 2.82586526871, 1.43301928043, 0.554448544979, 0.204984128475, 0.0229419078678, 0.000307630252792],
        "dmean2": [0.387693554163, 2.391882658, 6.42416620255, 15.0395069122, 12.7445192337, 10.4428405762, 6.63671636581, 10.4183120728, 13.035153389, 14.024353981, 20.5812492371, 27.377872467, 30.540725708, 35.7947425842, 25.9017333984, 22.5042552948, 26.1188182831, 34.843334198, 45.0458068848, 34.9904975891, 35.8427848816, 31.438955307, 23.9894523621, 31.7604522705, 34.3294410706, 33.4221458435, 34.1275482178, 32.1794319153, 24.6698417664, 18.596529007, 16.6314640045, 13.7750654221, 9.76316261292, 6.63996934891, 4.07764196396, 2.17551231384, 0.818016529083, 0.31411549449, 0.0365449376404, 0.000480483751744],
        "dvar": [0.279546290636, 12.828578949, 99.5327453613, 648.466552734, 364.702026367, 355.899078369, 68.8646240234, 205.699462891, 257.985595703, 307.94631958, 1006.49224854, 1677.82958984, 1831.61657715, 2972.84375, 1009.82568359, 1013.9553833, 907.604980469, 1280.41809082, 2135.82470703, 1102.43981934, 1756.84838867, 1005.56365967, 563.315490723, 1111.47033691, 1089.08239746, 1044.09838867, 1133.02099609, 943.670288086, 593.793212891, 255.679824829, 206.600814819, 143.84526062, 70.9902420044, 35.1762084961, 16.3276233673, 4.46921777725, 0.519203603268, 0.0808686763048, 0.00129629834555, 2.05538583486e-07],
        "dvar2": [0.468506187201, 19.8468875885, 225.315338135, 1823.26843262, 953.758544922, 980.939331055, 175.043273926, 546.759887695, 574.463500977, 822.598266602, 2601.11645508, 4774.98779297, 5238.35644531, 7857.92333984, 2943.13305664, 2928.99829102, 2480.48413086, 3560.33520508, 5897.15917969, 2999.96289062, 5168.15527344, 2592.68408203, 1321.95544434, 2755.55932617, 3121.14331055, 2867.4284668, 3049.76904297, 2585.31274414, 1701.06726074, 702.241455078, 487.747619629, 384.539459229, 178.188766479, 88.6273345947, 34.4921951294, 10.6558351517, 1.13294482231, 0.192285507917, 0.00313369184732, 4.88472039706e-07],
        "max": [8.58001613617, 52.4053268433, 176.214279175, 311.031860352, 284.33392334, 362.779205322, 153.316070557, 240.905792236, 424.167785645, 324.297058105, 747.442932129, 885.956176758, 760.583496094, 1126.91491699, 655.734130859, 1094.11633301, 832.720581055, 882.225463867, 640.027282715, 820.437927246, 804.034606934, 1291.76794434, 1189.50048828, 1392.64294434, 1068.81481934, 1244.01599121, 1377.96105957, 1056.77185059, 723.561218262, 470.230010986, 208.789077759, 131.753005981, 133.75428772, 68.7373504639, 66.369102478, 31.6078910828, 11.635591507, 5.53297519684, 0.668506681919, 0.00833444949239],
        "mean": [0.552804410458, 3.10754847527, 5.61610364914, 6.60941743851, 7.34382247925, 8.18729305267, 5.44120693207, 7.82991981506, 13.0269231796, 11.293390274, 16.1200752258, 19.7654418945, 22.0177097321, 30.2156486511, 22.4060268402, 20.2052154541, 23.566318512, 25.9618816376, 33.5230903625, 28.9837150574, 27.3525733948, 28.662279129, 26.2227649689, 33.8035964966, 31.7718105316, 33.9184112549, 32.410118103, 33.2441215515, 26.132358551, 20.8764247894, 18.7910289764, 15.3985404968, 12.0639801025, 8.09430122375, 5.4243311882, 2.85765337944, 1.23231363297, 0.391322940588, 0.031276691705, 0.000525308249053],
        "median": [0.16320797801, 0.973548471928, 1.60978341103, 1.21106100082, 2.00939297676, 2.84002304077, 2.08796358109, 2.71857976913, 4.95190191269, 5.35825777054, 5.94999217987, 8.65086460114, 8.71580696106, 12.0390501022, 11.2034225464, 10.3712043762, 12.8158874512, 13.8217611313, 18.0160713196, 17.3950996399, 16.4571666718, 18.0052280426, 17.883014679, 23.268119812, 21.1385345459, 24.3313903809, 23.1124763489, 23.7585811615, 18.763841629, 16.4529685974, 14.4257545471, 11.8932723999, 9.17161560059, 6.01512718201, 3.77695226669, 2.24670481682, 1.0411298275, 0.286804080009, 0.0130372345448, 0.000331900373567],
        "min": [1.76526784873e-21, 1.45744748755e-20, 5.31391714561e-20, 1.37675902379e-19, 5.72836726736e-20, 6.0550254149e-20, 2.26966391815e-19, 6.92460342825e-19, 4.63141009908e-19, 8.83530223832e-19, 2.05305938522e-18, 6.37994015006e-19, 1.23838688091e-18, 1.58021461615e-18, 3.05082428563e-18, 6.19232535077e-18, 3.5368613447e-18, 4.80080862352e-18, 1.128885642e-17, 7.90017621019e-18, 7.45332662584e-18, 9.22248314918e-18, 1.0992360974e-17, 8.38797867948e-18, 7.0448846917e-18, 1.85070925254e-17, 1.28197005544e-17, 1.57205840852e-17, 1.59441180652e-17, 1.40333076891e-17, 1.33122791646e-17, 1.01994281204e-17, 1.32844718339e-17, 1.51001390688e-17, 7.69837226486e-18, 5.8488216442e-18, 3.40055190591e-18, 1.44414247481e-18, 3.5022847815e-19, 3.3587209946e-20],
        "var": [0.957117438316, 34.0339050293, 123.506980896, 404.974151611, 306.800048828, 324.460998535, 97.1871871948, 225.060699463, 575.519775391, 350.415313721, 1333.34716797, 1451.19750977, 1763.82421875, 4381.52783203, 1351.6126709, 1387.37414551, 1447.16918945, 1498.35192871, 2450.60009766, 1492.74829102, 1680.63244629, 1797.63928223, 1430.02709961, 2431.77636719, 2035.02832031, 1888.89758301, 2228.21850586, 1692.10046387, 934.471679688, 395.304718018, 332.269226074, 224.83416748, 140.465545654, 66.6391601562, 40.1573257446, 9.21013069153, 1.31107485294, 0.182647362351, 0.00199773535132, 3.63879820497e-07]
    },
    "gfcc": {
        "mean": [46.4679145813, 18.5670146942, -89.2293777466, 32.8222465515, -49.0000305176, 21.8990268707, -28.5409526825, 16.1105155945, -21.8555221558, 11.4653644562, -19.0889263153, 5.26591539383, -14.2154426575],
        "cov": [[20100.2871094, -1163.13977051, -13.2481050491, 1379.74121094, 487.495422363, 827.336853027, -192.313293457, -83.1326751709, -803.058105469, -298.605041504, -484.006011963, 196.518829346, 0.901012837887], [-1163.13977051, 1542.07543945, -51.3795700073, 58.2938079834, -113.878883362, -192.169631958, -28.0072040558, -121.057281494, 34.8063545227, -88.9602890015, 57.3565788269, -115.54032135, -6.37190246582], [-13.2481050491, -51.3795700073, 749.233703613, 231.108718872, 249.728118896, 111.038696289, 121.951980591, 113.412284851, 85.0948028564, 70.9742660522, -1.59498608112, 12.4847803116, -32.1244277954], [1379.74121094, 58.2938079834, 231.108718872, 567.253601074, 217.889602661, 201.37171936, 35.46824646, 55.0409736633, -28.4658412933, 12.8395767212, 5.71266078949, 29.7867832184, 5.10340690613], [487.495422363, -113.878883362, 249.728118896, 217.889602661, 388.294250488, 219.00579834, 157.8646698, 70.184715271, 60.3729019165, 45.7526245117, 25.7737159729, 41.0351867676, 15.4046363831], [827.336853027, -192.169631958, 111.038696289, 201.37171936, 219.00579834, 297.8621521, 129.345413208, 86.6560440063, -8.34220027924, 32.6499671936, -12.59882164, 40.3723564148, 8.30542373657], [-192.313293457, -28.0072040558, 121.951980591, 35.46824646, 157.8646698, 129.345413208, 239.779312134, 124.468612671, 94.4136123657, 40.3371162415, 29.2725543976, 7.12691783905, 5.30621004105], [-83.1326751709, -121.057281494, 113.412284851, 55.0409736633, 70.184715271, 86.6560440063, 124.468612671, 181.167068481, 96.2933807373, 60.7820663452, 12.6656417847, 21.0241088867, -10.1357889175], [-803.058105469, 34.8063545227, 85.0948028564, -28.4658412933, 60.3729019165, -8.34220027924, 94.4136123657, 96.2933807373, 194.185012817, 108.137008667, 65.3194198608, 6.78315210342, 11.0502595901], [-298.605041504, -88.9602890015, 70.9742660522, 12.8395767212, 45.7526245117, 32.6499671936, 40.3371162415, 60.7820663452, 108.137008667, 139.07359314, 73.8624267578, 33.2791824341, 3.90001964569], [-484.006011963, 57.3565788269, -1.59498608112, 5.71266078949, 25.7737159729, -12.59882164, 29.2725543976, 12.6656417847, 65.3194198608, 73.8624267578, 125.43938446, 54.7539024353, 28.8361415863], [196.518829346, -115.54032135, 12.4847803116, 29.7867832184, 41.0351867676, 40.3723564148, 7.12691783905, 21.0241088867, 6.78315210342, 33.2791824341, 54.7539024353, 99.8352127075, 50.5670852661], [0.901012837887, -6.37190246582, -32.1244277954, 5.10340690613, 15.4046363831, 8.30542373657, 5.30621004105, -10.1357889175, 11.0502595901, 3.90001964569, 28.8361415863, 50.5670852661, 83.4970016479]],
        "icov": [[8.7715437985e-05, 1.7178726921e-05, 8.22290239739e-05, -0.000204933239729, -5.88618640904e-05, 2.89326671918e-05, -6.65984553052e-05, 4.49703038612e-05, 0.000285835121758, -0.00020297721494, 0.000469340593554, -0.000343822466675, 7.99870540504e-05], [1.7178726921e-05, 0.00106245349161, -8.38769774418e-05, -0.000541593879461, 0.000459761882666, 0.000122608282254, -0.000251751887845, 0.000787274795584, -0.000978205702268, 0.00157541560475, -0.00150334031787, 0.00145293364767, -0.000208585261134], [8.22290239739e-05, -8.38769774418e-05, 0.00219961046241, -0.000837659346871, -0.00140040891711, 0.00131081766449, -0.000649542547762, -0.000435158144683, 0.000452501757536, -0.00153531960677, 0.00201066792943, -0.00127857131884, 0.00109837076161], [-0.000204933239729, -0.000541593879461, -0.000837659346871, 0.00383125292137, -0.00117214571219, -0.00201577087864, 0.00240769912489, -0.00203708000481, 0.000753475353122, 0.0005924673751, -0.00236308714375, 0.00185232213698, -0.00101217906922], [-5.88618640904e-05, 0.000459761882666, -0.00140040891711, -0.00117214571219, 0.00746633019298, -0.00409590359777, -0.0024546184577, 0.00387403857894, -0.00421646423638, 0.00271405582316, -0.00121129932813, -0.00125768152066, 0.000836019346025], [2.89326671918e-05, 0.000122608282254, 0.00131081766449, -0.00201577087864, -0.00409590359777, 0.0111924838275, -0.00450123893097, -0.00199126522057, 0.00602537160739, -0.00623306119815, 0.00509980879724, -0.00248581753112, -0.000438821996795], [-6.65984553052e-05, -0.000251751887845, -0.000649542547762, 0.00240769912489, -0.0024546184577, -0.00450123893097, 0.0122192446142, -0.00636907853186, -0.00258495495655, 0.00471241306514, -0.00566354906186, 0.00533489324152, -0.00221760384738], [4.49703038612e-05, 0.000787274795584, -0.000435158144683, -0.00203708000481, 0.00387403857894, -0.00199126522057, -0.00636907853186, 0.0155610702932, -0.00778028881177, 0.000498866545968, 0.00433656666428, -0.00692436890677, 0.00549596035853], [0.000285835121758, -0.000978205702268, 0.000452501757536, 0.000753475353122, -0.00421646423638, 0.00602537160739, -0.00258495495655, -0.00778028881177, 0.020532971248, -0.0136580020189, 0.00102413608693, 0.00468946853653, -0.00582446996123], [-0.00020297721494, 0.00157541560475, -0.00153531960677, 0.0005924673751, 0.00271405582316, -0.00623306119815, 0.00471241306514, 0.000498866545968, -0.0136580020189, 0.0243447199464, -0.0123588396236, 0.000875968777109, 0.00378399924375], [0.000469340593554, -0.00150334031787, 0.00201066792943, -0.00236308714375, -0.00121129932813, 0.00509980879724, -0.00566354906186, 0.00433656666428, 0.00102413608693, -0.0123588396236, 0.0250763334334, -0.0151936328039, 0.00238374038599], [-0.000343822466675, 0.00145293364767, -0.00127857131884, 0.00185232213698, -0.00125768152066, -0.00248581753112, 0.00533489324152, -0.00692436890677, 0.00468946853653, 0.000875968777109, -0.0151936328039, 0.0296923276037, -0.0145872989669], [7.99870540504e-05, -0.000208585261134, 0.00109837076161, -0.00101217906922, 0.000836019346025, -0.000438821996795, -0.00221760384738, 0.00549596035853, -0.00582446996123, 0.00378399924375, 0.00238374038599, -0.0145872989669, 0.0217467863113]]
    },
    "melbands": {
        "dmean": [0.00231865723617, 0.00209964229725, 0.00138381670695, 0.00048929307377, 0.000154191759066, 0.000138493080158, 0.000124176207464, 9.72655179794e-05, 0.000107629835838, 9.71633053268e-05, 9.07720459509e-05, 9.31795730139e-05, 5.18924862263e-05, 3.83258411603e-05, 3.89859378629e-05, 2.84182151518e-05, 4.19251518906e-05, 4.41446754849e-05, 2.94649307762e-05, 2.78205352515e-05, 2.61430323008e-05, 2.03627932933e-05, 1.96691962628e-05, 1.39713038152e-05, 1.69698887476e-05, 1.56338373927e-05, 1.57795802807e-05, 1.34488755066e-05, 1.4326753444e-05, 1.15487737276e-05, 1.24931793835e-05, 9.38184984989e-06, 7.36838592275e-06, 6.39680865788e-06, 6.32791670796e-06, 6.16318584434e-06, 5.08412767886e-06, 4.9027521527e-06, 3.75055878976e-06, 3.94517519453e-06],
        "dmean2": [0.00319902272895, 0.00280486117117, 0.00245432532392, 0.000810524448752, 0.00025152991293, 0.000229132187087, 0.00019552060985, 0.000162948781508, 0.000182312331162, 0.000165310266311, 0.000156645139214, 0.000154031207785, 8.75261903275e-05, 6.38363562757e-05, 6.3877334469e-05, 4.72787869512e-05, 7.26307189325e-05, 7.69234538893e-05, 5.05048228661e-05, 4.83459407405e-05, 4.57363712485e-05, 3.39729958796e-05, 3.24276152242e-05, 2.27445980272e-05, 2.76909340755e-05, 2.65695471171e-05, 2.73354526144e-05, 2.26937900152e-05, 2.49095719482e-05, 1.9555873223e-05, 2.13647253986e-05, 1.61647731147e-05, 1.23181371237e-05, 1.06844736365e-05, 1.04157352325e-05, 1.0164005289e-05, 8.2781234596e-06, 7.86132204667e-06, 5.76960337639e-06, 6.29297437627e-06],
        "dvar": [1.74510623765e-05, 1.70909497683e-05, 1.64282737387e-05, 1.67229109138e-06, 1.18156812334e-07, 9.43014768495e-08, 5.79679699797e-08, 4.13474623429e-08, 7.47372652654e-08, 6.42037250032e-08, 4.8871061864e-08, 5.75978411632e-08, 1.31417898785e-08, 7.06228586722e-09, 6.28539620351e-09, 3.05314018512e-09, 5.76219516546e-09, 6.72035316285e-09, 2.51954457298e-09, 1.90982696324e-09, 3.52855145103e-09, 1.37274935863e-09, 8.67625027379e-10, 6.46955211625e-10, 8.85012174656e-10, 7.35117688944e-10, 7.63252960834e-10, 5.09801090232e-10, 7.27812088375e-10, 4.05346672894e-10, 4.20982138039e-10, 2.91734497671e-10, 1.62484484201e-10, 8.13522166299e-11, 7.76776906686e-11, 1.01194864988e-10, 4.52152586206e-11, 4.4034723784e-11, 2.23781253944e-11, 3.17568610297e-11],
        "dvar2": [3.0586244975e-05, 3.21971310768e-05, 4.55805529782e-05, 4.35035644841e-06, 3.10193996711e-07, 2.48121722279e-07, 1.28205300598e-07, 1.11015516779e-07, 1.98925931727e-07, 1.84571518957e-07, 1.40068479482e-07, 1.5099583095e-07, 3.91191754545e-08, 2.06197974251e-08, 1.80547718998e-08, 8.92383678064e-09, 1.58458330901e-08, 1.87956405995e-08, 7.08485092815e-09, 5.24083043629e-09, 1.0460043498e-08, 3.56355656095e-09, 2.1767601055e-09, 1.42425182759e-09, 2.16058282376e-09, 2.10910600096e-09, 2.0493857722e-09, 1.39253431009e-09, 1.98704275256e-09, 1.10026754374e-09, 1.17936693744e-09, 8.38637548295e-10, 4.78588113584e-10, 2.20926707484e-10, 1.77168266169e-10, 2.76951406253e-10, 1.19233831142e-10, 1.14613527002e-10, 5.25301989407e-11, 8.18385220702e-11],
        "max": [0.0646127536893, 0.0827694684267, 0.0485363267362, 0.0279034823179, 0.00479931896552, 0.00507604377344, 0.00642070407048, 0.0032567481976, 0.00563815608621, 0.00552769005299, 0.00399585720152, 0.00511679518968, 0.0023353935685, 0.00223291967995, 0.00254612555727, 0.00121622707229, 0.00189667963423, 0.00104364217259, 0.00108376995195, 0.000812222075183, 0.00123855471611, 0.00142494612373, 0.000913446419872, 0.00113787583541, 0.00120472838171, 0.00112544349395, 0.000876360281836, 0.000911648035981, 0.000999930081889, 0.00086236000061, 0.000556897488423, 0.000412067922298, 0.000416315306211, 0.000201941395062, 0.000174010740011, 0.000111006454972, 0.0001210328046, 0.000100384088, 5.98865881329e-05, 6.76959971315e-05],
        "mean": [0.0046324301511, 0.00337388669141, 0.00115397223271, 0.000618546211626, 0.000210044454434, 0.000174291693838, 0.000195215732674, 0.000126824772451, 0.000139225594467, 0.000115897149954, 0.000108912499854, 0.000125868711621, 7.04833510099e-05, 5.53430218133e-05, 5.5746470025e-05, 4.09795065934e-05, 5.05462558067e-05, 5.28953969479e-05, 4.05892787967e-05, 3.70361558453e-05, 3.18901256833e-05, 2.88511673716e-05, 2.94691781164e-05, 2.29039887927e-05, 2.76922401099e-05, 2.34215895034e-05, 2.25138446694e-05, 2.24370432989e-05, 2.09356003325e-05, 1.82784006029e-05, 2.04395455512e-05, 1.55369798449e-05, 1.23155705296e-05, 1.09845695988e-05, 1.11232739073e-05, 9.70993369265e-06, 9.20457841858e-06, 8.66703248903e-06, 7.31483942218e-06, 6.75730507282e-06],
        "median": [0.00147829158232, 0.00127848121338, 0.000255509192357, 0.000199068235816, 8.65376205184e-05, 5.84035224165e-05, 7.40771938581e-05, 5.79225743422e-05, 5.5028249335e-05, 4.95218664582e-05, 4.11849614466e-05, 4.55549379694e-05, 3.32533600158e-05, 2.87376969936e-05, 2.99607218039e-05, 2.24685536523e-05, 2.43422000494e-05, 2.67313516815e-05, 2.20157235162e-05, 2.22641028813e-05, 1.67115504155e-05, 1.68041187862e-05, 1.75824425241e-05, 1.4502877093e-05, 1.809796413e-05, 1.47845039464e-05, 1.38739051181e-05, 1.57329413923e-05, 1.39989906529e-05, 1.23303398141e-05, 1.37305169119e-05, 1.03405936898e-05, 9.20668389881e-06, 8.24351536721e-06, 8.20411332825e-06, 7.01698354533e-06, 6.9378693297e-06, 6.39113886791e-06, 5.52195433556e-06, 4.72547480967e-06],
        "min": [1.65281947535e-23, 2.5106489118e-23, 2.06262104047e-23, 3.35006507253e-24, 7.36346908077e-24, 1.46846141963e-23, 5.85436475845e-24, 1.36707244069e-23, 1.47403345974e-23, 4.50509193856e-24, 6.22037215821e-24, 6.02426922578e-24, 7.98019264786e-24, 1.32151485567e-23, 1.6334434738e-23, 4.38426132485e-24, 9.47251474329e-24, 1.55153289057e-23, 1.93942384404e-23, 6.83558860654e-24, 8.20057908554e-24, 9.06840417851e-24, 7.83990872423e-24, 1.14962072336e-23, 6.2632479317e-24, 3.70108687611e-24, 9.742871575e-24, 1.26931135418e-23, 7.43460303518e-24, 1.00765053065e-23, 8.92859357142e-24, 8.2177312882e-24, 9.73161847419e-24, 7.56567227458e-24, 7.79533808308e-24, 6.78584619331e-24, 5.93223164068e-24, 7.11591427352e-24, 1.32320380687e-23, 1.28445622138e-23],
        "var": [6.05115637882e-05, 3.45013286278e-05, 1.06537208922e-05, 1.701345127e-06, 1.39872682325e-07, 1.09665414527e-07, 1.31181153051e-07, 4.61909621663e-08, 8.82417268144e-08, 5.28105132958e-08, 4.56735769205e-08, 8.50248511597e-08, 1.5673901288e-08, 1.0104671766e-08, 8.50037995548e-09, 4.26173318857e-09, 6.57920251612e-09, 6.71450806067e-09, 3.67562247305e-09, 2.30704944038e-09, 3.13991188605e-09, 2.20365969916e-09, 1.74611369808e-09, 1.48573642278e-09, 1.8881678443e-09, 1.42874034825e-09, 1.20998155939e-09, 9.25193643919e-10, 1.16261256178e-09, 7.82030384894e-10, 6.96754598462e-10, 4.50108617045e-10, 1.95856206253e-10, 1.21149451582e-10, 1.29735056031e-10, 1.145104081e-10, 8.06597427738e-11, 7.64764571115e-11, 5.19225461237e-11, 5.26774665555e-11]
    },
    "mfcc": {
        "mean": [-601.518981934, 62.5283813477, 14.4383802414, 21.0035114288, 7.57119369507, 11.138923645, 7.05238485336, 6.6651134491, 6.70585536957, 6.81278753281, 3.12475895882, 2.57924675941, 0.842101573944],
        "cov": [[9595.50390625, -337.088684082, -165.957702637, 81.3352737427, 155.186477661, 219.746917725, 230.412750244, 117.634681702, 38.6437644958, -117.569702148, -216.011611938, -207.672012329, -225.623687744], [-337.088684082, 962.463806152, 147.526321411, 153.679870605, -25.8534698486, -4.5296754837, -37.2952423096, -19.7188091278, -43.2865982056, -26.1341075897, -6.51398944855, -8.91167736053, -11.2223482132], [-165.957702637, 147.526321411, 419.410339355, 187.453186035, 102.284934998, 32.2575340271, 27.4650497437, 27.1483612061, 44.8256874084, 54.9603118896, 54.3617095947, 28.3830165863, 24.0480442047], [81.3352737427, 153.679870605, 187.453186035, 308.266571045, 146.843887329, 73.0018005371, 44.4862632751, 41.6582603455, 22.9529399872, 33.5106391907, 44.5944633484, 26.489572525, 22.0572471619], [155.186477661, -25.8534698486, 102.284934998, 146.843887329, 240.963256836, 149.989624023, 85.6676940918, 60.3998565674, 48.4323577881, 37.0692749023, 37.547958374, 28.815202713, 26.4260196686], [219.746917725, -4.5296754837, 32.2575340271, 73.0018005371, 149.989624023, 211.690979004, 131.085189819, 65.3256149292, 58.0113372803, 33.4206504822, 30.1212539673, 21.9806175232, 16.8120212555], [230.412750244, -37.2952423096, 27.4650497437, 44.4862632751, 85.6676940918, 131.085189819, 188.818832397, 116.742492676, 63.5135116577, 40.5054016113, 30.1832504272, 19.782793045, 6.86720466614], [117.634681702, -19.7188091278, 27.1483612061, 41.6582603455, 60.3998565674, 65.3256149292, 116.742492676, 149.554046631, 91.7179794312, 47.6793632507, 34.9471549988, 23.0453205109, 12.7535476685], [38.6437644958, -43.2865982056, 44.8256874084, 22.9529399872, 48.4323577881, 58.0113372803, 63.5135116577, 91.7179794312, 144.44152832, 89.7855987549, 55.9266166687, 30.5383014679, 12.4751873016], [-117.569702148, -26.1341075897, 54.9603118896, 33.5106391907, 37.0692749023, 33.4206504822, 40.5054016113, 47.6793632507, 89.7855987549, 127.251701355, 88.6644897461, 45.2120094299, 31.6200695038], [-216.011611938, -6.51398944855, 54.3617095947, 44.5944633484, 37.547958374, 30.1212539673, 30.1832504272, 34.9471549988, 55.9266166687, 88.6644897461, 124.440322876, 75.927154541, 45.1758842468], [-207.672012329, -8.91167736053, 28.3830165863, 26.489572525, 28.815202713, 21.9806175232, 19.782793045, 23.0453205109, 30.5383014679, 45.2120094299, 75.927154541, 103.943405151, 60.9294128418], [-225.623687744, -11.2223482132, 24.0480442047, 22.0572471619, 26.4260196686, 16.8120212555, 6.86720466614, 12.7535476685, 12.4751873016, 31.6200695038, 45.1758842468, 60.9294128418, 97.5611572266]],
