{
"lowlevel": {
    "average_loudness": 0.770782649517,
    "barkbands_crest": {
        "dmean": 2.06092619896,
        "dmean2": 3.28612017632,
        "dvar": 5.09710788727,
        "dvar2": 12.5561380386,
        "max": 25.6081180573,
        "mean": 10.2133245468,
        "median": 9.07100868225,
        "min": 1.79924786091,
        "var": 21.7148723602
    },
    "barkbands_flatness_db": {
        "dmean": 0.0184144917876,
        "dmean2": 0.0279704239219,
        "dvar": 0.000440555129899,
        "dvar2": 0.00100480054971,
        "max": 0.383564978838,
        "mean": 0.110911250114,
        "median": 0.099146977067,
        "min": 0.0142886033282,
        "var": 0.0032587100286
    },
    "barkbands_kurtosis": {
        "dmean": 2.29603028297,
        "dmean2": 3.67606306076,
        "dvar": 49.5140914917,
        "dvar2": 122.866752625,
        "max": 226.570159912,
        "mean": 2.80937099457,
        "median": 0.730405807495,
        "min": -1.75887048244,
        "var": 78.7227859497
    },
    "barkbands_skewness": {
        "dmean": 0.447370290756,
        "dmean2": 0.70481467247,
        "dvar": 0.364912480116,
        "dvar2": 0.898022770882,
        "max": 12.6781949997,
        "mean": 1.00750315189,
        "median": 0.950589776039,
        "min": -2.23791098595,
        "var": 2.1122136116
    },
    "barkbands_spread": {
        "dmean": 6.25090312958,
        "dmean2": 9.71535301208,
        "dvar": 62.1961402893,
        "dvar2": 138.592803955,
        "max": 109.612983704,
        "mean": 32.4474067688,
        "median": 28.8350524902,
        "min": 0.655053198338,
        "var": 363.951965332
    },
    "dissonance": {
        "dmean": 0.0143940141425,
        "dmean2": 0.0246681105345,
        "dvar": 0.000264457019512,
        "dvar2": 0.0007479825872,
        "max": 0.500000059605,
        "mean": 0.476220101118,
        "median": 0.483360499144,
        "min": 0.290885448456,
        "var": 0.000505477830302
    },
    "dynamic_complexity": 3.87421393394,
    "erbbands_crest": {
        "dmean": 1.93846976757,
        "dmean2": 3.20740509033,
        "dvar": 4.22523498535,
        "dvar2": 11.0510721207,
        "max": 29.5195655823,
        "mean": 7.08757209778,
        "median": 5.96773815155,
        "min": 2.26752662659,
        "var": 14.2570333481
    },
    "erbbands_flatness_db": {
        "dmean": 0.0122688570991,
        "dmean2": 0.0190266221762,
        "dvar": 0.000144739969983,
        "dvar2": 0.000310925184749,
        "max": 0.356064707041,
        "mean": 0.134815260768,
        "median": 0.121154755354,
        "min": 0.0252855513245,
        "var": 0.00200168322772
    },
    "erbbands_kurtosis": {
        "dmean": 0.707899391651,
        "dmean2": 1.14362537861,
        "dvar": 0.972927212715,
        "dvar2": 2.43886733055,
        "max": 19.9922466278,
        "mean": 0.683891654015,
        "median": 0.0418523550034,
        "min": -1.67044937611,
        "var": 3.43370914459
    },
    "erbbands_skewness": {
        "dmean": 0.251354664564,
        "dmean2": 0.400897622108,
        "dvar": 0.0498176142573,
        "dvar2": 0.12339348346,
        "max": 3.84762382507,
        "mean": 0.0242346804589,
        "median": -0.075708553195,
        "min": -2.13596224785,
        "var": 0.403063058853
    },
    "erbbands_spread": {
        "dmean": 5.32552576065,
        "dmean2": 8.47143268585,
        "dvar": 28.1302680969,
        "dvar2": 65.3118667603,
        "max": 111.903717041,
        "mean": 33.6406059265,
        "median": 33.7548179626,
        "min": 4.50622940063,
        "var": 194.302307129
    },
    "hfc": {
        "dmean": 9.64491653442,
        "dmean2": 14.2891492844,
        "dvar": 461.745880127,
        "dvar2": 1038.18432617,
        "max": 269.898254395,
        "mean": 30.3971176147,
        "median": 21.2780189514,
        "min": 1.0512845531e-16,
        "var": 1384.03210449
    },
    "melbands_crest": {
        "dmean": 2.8731777668,
        "dmean2": 4.66729593277,
        "dvar": 10.1706924438,
        "dvar2": 26.4908504486,
        "max": 38.3690452576,
        "mean": 18.6370601654,
        "median": 19.4238395691,
        "min": 1.47037756443,
        "var": 93.5570373535
    },
    "melbands_flatness_db": {
        "dmean": 0.0211004652083,
        "dmean2": 0.0322374887764,
        "dvar": 0.000646284897812,
        "dvar2": 0.00151517649647,
        "max": 0.48356923461,
        "mean": 0.156174734235,
        "median": 0.153185069561,
        "min": 0.00244563096203,
        "var": 0.00663839001209
    },
    "melbands_kurtosis": {
        "dmean": 5.94110536575,
        "dmean2": 9.50631904602,
        "dvar": 292.921661377,
        "dvar2": 742.886047363,
        "max": 430.437042236,
        "mean": 9.48585128784,
        "median": 4.07388067245,
        "min": -1.5512804985,
        "var": 471.926086426
    },
    "melbands_skewness": {
        "dmean": 0.628705978394,
        "dmean2": 0.992684006691,
        "dvar": 0.825766503811,
        "dvar2": 2.05954122543,
        "max": 16.5497550964,
        "mean": 2.19764709473,
        "median": 1.94148945808,
        "min": -1.6107134819,
        "var": 3.38565802574
    },
    "melbands_spread": {
        "dmean": 8.21885490417,
        "dmean2": 13.2559728622,
        "dvar": 88.0914916992,
        "dvar2": 228.181274414,
        "max": 179.010681152,
        "mean": 40.8975257874,
        "median": 31.2556533813,
        "min": 0.465738773346,
        "var": 1161.31848145
    },
    "pitch_salience": {
        "dmean": 0.0600013695657,
        "dmean2": 0.0958631783724,
        "dvar": 0.00387320341542,
        "dvar2": 0.00928471051157,
        "max": 0.878775656223,
        "mean": 0.490416795015,
        "median": 0.485663890839,
        "min": 0.057393938303,
        "var": 0.0317247509956
    },
    "silence_rate_20dB": {
        "dmean": 0,
        "dmean2": 0,
        "dvar": 0,
        "dvar2": 0,
        "max": 1,
        "mean": 1,
        "median": 1,
        "min": 1,
        "var": 0
    },
    "silence_rate_30dB": {
        "dmean": 0.0373521931469,
        "dmean2": 0.0747126415372,
        "dvar": 0.0359580144286,
        "dvar2": 0.0841511636972,
        "max": 1,
        "mean": 0.95944750309,
        "median": 1,
        "min": 0,
        "var": 0.03891043365
    },
    "silence_rate_60dB": {
        "dmean": 0.012819096446,
        "dmean2": 0.0256410259753,
        "dvar": 0.0126563478261,
        "dvar2": 0.0291889738292,
        "max": 1,
        "mean": 0.1711602211,
        "median": 0,
        "min": 0,
        "var": 0.141864955425
    },
    "spectral_centroid": {
        "dmean": 200.384750366,
        "dmean2": 320.761535645,
        "dvar": 51102.6757812,
        "dvar2": 118343.15625,
        "max": 11934.5224609,
        "mean": 2718.64428711,
        "median": 2135.61743164,
        "min": 485.251190186,
        "var": 6942845
    },
    "spectral_complexity": {
        "dmean": 3.06774234772,
        "dmean2": 4.74358987808,
        "dvar": 13.215218544,
        "dvar2": 26.8190479279,
        "max": 63,
        "mean": 22.5643100739,
        "median": 24,
        "min": 0,
        "var": 214.136749268
    },
    "spectral_decrease": {
        "dmean": 2.59040877637e-09,
        "dmean2": 4.12965706076e-09,
        "dvar": 3.18032085809e-17,
        "dvar2": 8.42075753105e-17,
        "max": 2.13957503831e-28,
        "mean": -8.20210477315e-09,
        "median": -7.55664864016e-09,
        "min": -7.13706214128e-08,
        "var": 6.75201792166e-17
    },
    "spectral_energy": {
        "dmean": 0.0102071585134,
        "dmean2": 0.0162446498871,
        "dvar": 0.000458582653664,
        "dvar2": 0.00121688051149,
        "max": 0.27305623889,
        "mean": 0.0337136872113,
        "median": 0.0308308396488,
        "min": 9.82757210682e-21,
        "var": 0.0010587037541
    },
    "spectral_energyband_high": {
        "dmean": 0.000877839571331,
        "dmean2": 0.00132535991725,
        "dvar": 5.09617075295e-06,
        "dvar2": 1.190266903e-05,
        "max": 0.0261617228389,
        "mean": 0.00181634433102,
        "median": 0.000500742578879,
        "min": 6.90209519754e-21,
        "var": 1.0484996892e-05
    },
    "spectral_energyband_low": {
        "dmean": 0.00878125242889,
        "dmean2": 0.0138921411708,
        "dvar": 0.000468848389573,
        "dvar2": 0.00122636940796,
        "max": 0.262164980173,
        "mean": 0.0196013189852,
        "median": 0.0168491750956,
        "min": 7.38968450637e-24,
        "var": 0.00080211221939
    },
    "spectral_energyband_middle_high": {
        "dmean": 0.00180860178079,
        "dmean2": 0.00290514435619,
        "dvar": 8.3495860963e-06,
        "dvar2": 2.13808816625e-05,
        "max": 0.0658202916384,
        "mean": 0.00707760825753,
        "median": 0.0059096137993,
        "min": 1.02834625232e-21,
        "var": 4.55468143628e-05
    },
    "spectral_energyband_middle_low": {
        "dmean": 0.00143505830783,
        "dmean2": 0.00230607087724,
        "dvar": 5.01051090396e-06,
        "dvar2": 1.31071583382e-05,
        "max": 0.0399255082011,
        "mean": 0.005029885564,
        "median": 0.00389383221045,
        "min": 1.17490759657e-22,
        "var": 2.11823935388e-05
    },
    "spectral_entropy": {
        "dmean": 0.103074930608,
        "dmean2": 0.150465250015,
        "dvar": 0.0134426485747,
        "dvar2": 0.0260921195149,
        "max": 9.82456493378,
        "mean": 8.03218650818,
        "median": 7.8800907135,
        "min": 6.90133285522,
        "var": 0.406883835793
    },
    "spectral_flux": {
        "dmean": 0.0175627917051,
        "dmean2": 0.0280324723572,
        "dvar": 0.000767163408455,
        "dvar2": 0.00205005472526,
        "max": 0.413207381964,
        "mean": 0.0744036212564,
        "median": 0.0689902827144,
        "min": 6.23217172313e-11,
        "var": 0.00311457272619
    },
    "spectral_kurtosis": {
        "dmean": 0.836612939835,
        "dmean2": 1.40228414536,
        "dvar": 0.807478308678,
        "dvar2": 2.28392624855,
        "max": 12.5106058121,
        "mean": 3.3949611187,
        "median": 3.44132566452,
        "min": -1.29263758659,
        "var": 4.87799072266
    },
    "spectral_rms": {
        "dmean": 0.00067233160371,
        "dmean2": 0.00105473469011,
        "dvar": 1.2317633491e-06,
        "dvar2": 3.23471999764e-06,
        "max": 0.0163216516376,
        "mean": 0.00495043583214,
        "median": 0.00548442080617,
        "min": 3.09642936291e-12,
        "var": 8.38447249407e-06
    },
    "spectral_rolloff": {
        "dmean": 636.477722168,
        "dmean2": 1037.53833008,
        "dvar": 1072960.25,
        "dvar2": 2470760.5,
        "max": 19810.546875,
        "mean": 3539.1027832,
        "median": 1787.25585938,
        "min": 21.533203125,
        "var": 25202850
    },
    "spectral_skewness": {
        "dmean": 0.128958672285,
        "dmean2": 0.215347200632,
        "dvar": 0.0149597357959,
        "dvar2": 0.0410112775862,
        "max": 2.88115644455,
        "mean": 1.38933944702,
        "median": 1.41367983818,
        "min": -0.106819204986,
        "var": 0.297125577927
    },
    "spectral_spread": {
        "dmean": 539898.625,
        "dmean2": 819320.75,
        "dvar": 622872821760,
        "dvar2": 1.21662288691e+12,
        "max": 43637780,
        "mean": 8087523.5,
        "median": 4924019.5,
        "min": 2301829.25,
        "var": 1.01457512628e+14
    },
    "spectral_strongpeak": {
        "dmean": 0.257497280836,
        "dmean2": 0.435199320316,
        "dvar": 0.567344605923,
        "dvar2": 1.53012549877,
        "max": 19.6064395905,
        "mean": 0.549935519695,
        "median": 0.212093919516,
        "min": 0,
        "var": 1.207431674
    },
    "zerocrossingrate": {
        "dmean": 0.0117113031447,
        "dmean2": 0.0145271765068,
        "dvar": 0.00021366571309,
        "dvar2": 0.000290791213047,
        "max": 0.53955078125,
        "mean": 0.113300994039,
        "median": 0.07177734375,
        "min": 0.001953125,
        "var": 0.0162318255752
    },
    "barkbands": {
        "dmean": [0.00153155100998, 0.00778168207034, 0.000532032863703, 0.000426402955782, 0.000371916685253, 0.000529626733623, 0.00027248513652, 0.000290953437798, 0.000624115695246, 0.000339485588484, 0.000534429040272, 0.000534268270712, 0.000313773925882, 0.000340132915881, 0.000353220413672, 0.000412053894252, 0.000323085812852, 0.000280442531221, 0.000255025399383, 0.000217797860387, 0.000185040640645, 0.000153914457769, 0.000180727947736, 0.000147673112224, 0.000140828764415, 0.000164953715284, 6.20826904196e-06],
        "dmean2": [0.00255345134065, 0.0123017197475, 0.000918334291782, 0.000748443882912, 0.000641761987936, 0.000838701264001, 0.000431160791777, 0.0004586080031, 0.000985861988738, 0.000547537754755, 0.000837448693346, 0.000882070686202, 0.00051054666983, 0.000558466592338, 0.000581965141464, 0.000677431758959, 0.000540672161151, 0.000459887145553, 0.000423390651122, 0.000362780585419, 0.000313503551297, 0.000251749035669, 0.000301351567032, 0.000231124577112, 0.000201286835363, 0.000235817002249, 9.89226737147e-06],
        "dvar": [1.17963600132e-05, 0.000393146270653, 5.27598149347e-06, 1.57205363394e-06, 1.10520329599e-06, 5.35551293979e-07, 2.15510638668e-07, 2.47847140145e-07, 9.94879428617e-07, 3.0213598734e-07, 7.57109319238e-07, 8.64952482971e-07, 5.08586140313e-07, 9.27933342609e-07, 1.18687728445e-06, 1.66435006577e-06, 6.84364351855e-07, 3.08250321268e-07, 1.95714449092e-07, 1.89390689798e-07, 1.53765270738e-07, 1.2077731526e-07, 3.38329954275e-07, 1.32595388891e-07, 1.26391483946e-07, 3.41576537721e-07, 2.98161384471e-10],
        "dvar2": [3.33736752509e-05, 0.00101370061748, 1.43476527228e-05, 4.50007473773e-06, 3.12512543132e-06, 1.43064664826e-06, 5.63977607726e-07, 5.80306277698e-07, 2.37059975916e-06, 7.38725134397e-07, 1.67843575127e-06, 2.19569847104e-06, 1.32474258407e-06, 2.4182540983e-06, 3.3410310607e-06, 4.49241088063e-06, 2.02154774342e-06, 7.5482006423e-07, 5.20615230926e-07, 5.18551644291e-07, 4.19690451281e-07, 3.02482675352e-07, 9.41386986142e-07, 3.23276765357e-07, 2.38117323192e-07, 7.37807624773e-07, 7.0125383278e-10],
        "max": [0.0404198840261, 0.249030053616, 0.0376578643918, 0.0247344560921, 0.0168752558529, 0.0118233449757, 0.0101131862029, 0.00993843562901, 0.0303475242108, 0.0163685418665, 0.0259634777904, 0.0259137321264, 0.0232793167233, 0.0340914949775, 0.038161881268, 0.049402333796, 0.0295675471425, 0.0144467940554, 0.0067927595228, 0.00699735432863, 0.00537337781861, 0.00601724721491, 0.00988126546144, 0.00367285590619, 0.00581973139197, 0.0101060392335, 0.000292754470138],
        "mean": [0.00457602040842, 0.0146759776399, 0.00058539188467, 0.000531156256329, 0.000616799748968, 0.00132240727544, 0.000555349106435, 0.000577539613005, 0.001321312855, 0.000655970303342, 0.000987660023384, 0.000927317596506, 0.000561848748475, 0.000610077637248, 0.000598065322265, 0.00076858419925, 0.000619591737632, 0.00057720253244, 0.000559281324968, 0.000430949265137, 0.000348809786374, 0.000283018453047, 0.00027726936969, 0.000252248049947, 0.000250763143413, 0.000235717889154, 7.31920090402e-06],
        "median": [0.00486160069704, 0.0101084150374, 0.000134912406793, 0.000137990602525, 0.000175223409315, 0.000803462520707, 0.000325612549204, 0.00027094502002, 0.0006449369248, 0.000413710105931, 0.000484785123263, 0.000538191641681, 0.000279122439679, 0.000210959929973, 0.000285628804704, 0.000261782610323, 0.000241547182668, 0.000259968626779, 0.000249315635301, 0.000194628228201, 0.000132515953737, 8.05940362625e-05, 5.09745259478e-05, 5.03487026435e-05, 2.65476373897e-05, 1.36408780236e-05, 1.82014815664e-07],
        "min": [4.44746343076e-26, 4.31284308469e-25, 4.39186426764e-25, 4.02710090153e-25, 4.61752631123e-24, 4.49513454178e-24, 3.07960490004e-24, 3.07658730986e-24, 7.59007410896e-24, 8.65040808408e-24, 8.54853143133e-24, 1.92965727272e-23, 1.73432758175e-23, 1.71695402472e-23, 3.36444474466e-23, 3.77561671894e-23, 5.74999956509e-23, 6.78453258213e-23, 1.0340369813e-22, 1.54298252188e-22, 2.29808535528e-22, 2.49325534925e-22, 3.35612806812e-22, 5.3395366821e-22, 7.02600214791e-22, 1.24168190802e-21, 1.79435144636e-21],
        "var": [2.49736549449e-05, 0.000619965314399, 3.92917718273e-06, 1.29012983052e-06, 1.25658777961e-06, 2.23120969167e-06, 5.3148232837e-07, 7.22650270291e-07, 3.70376460523e-06, 7.49053072013e-07, 2.70995587925e-06, 1.74682713805e-06, 1.05481228729e-06, 1.99352234631e-06, 2.07713469536e-06, 3.10133486892e-06, 1.46383308675e-06, 7.895574754e-07, 5.00860210195e-07, 4.00223171937e-07, 2.82868739987e-07, 2.59941060676e-07, 3.7932647956e-07, 2.24290076289e-07, 3.39337788091e-07, 4.97713358527e-07, 4.65225330482e-10]
    },
    "erbbands": {
        "dmean": [0.405108362436, 1.13763666153, 0.724239051342, 0.951970934868, 1.54905843735, 1.09537649155, 2.15646696091, 5.53995227814, 3.84008455276, 4.25488996506, 7.18095445633, 11.9172420502, 12.871421814, 19.5139751434, 13.9903764725, 16.6300411224, 13.6900281906, 14.9731407166, 16.5162277222, 15.2213439941, 25.176902771, 19.1272792816, 15.8378791809, 13.1144914627, 11.8098154068, 8.06579780579, 7.29154634476, 7.6794424057, 5.7411236763, 4.47011947632, 5.61055755615, 3.67506289482, 2.25450921059, 1.3810454607, 1.16852772236, 0.972721219063, 0.217751532793, 0.0330844521523, 0.000682618410792, 3.35197000823e-05],
        "dmean2": [0.654311656952, 1.79177618027, 1.20339417458, 1.66399347782, 2.65355587006, 1.88989627361, 3.25856494904, 9.03209877014, 6.12031984329, 6.78824615479, 11.2052049637, 18.9280261993, 20.7321567535, 30.5287284851, 22.2113246918, 27.4226379395, 22.1344909668, 24.557144165, 26.9294509888, 24.6997795105, 41.6434860229, 31.9624919891, 25.8402824402, 21.6717681885, 19.769159317, 13.4396286011, 12.1437778473, 13.1758766174, 9.47634983063, 7.31127119064, 9.38006305695, 5.88943910599, 3.52883601189, 2.11144447327, 1.66009247303, 1.3911665678, 0.324712604284, 0.0473167710006, 0.000983670353889, 4.92922154081e-05],
        "dvar": [1.03325426579, 10.4905633926, 7.60790967941, 11.9451856613, 14.0073318481, 13.1655035019, 10.5391044617, 70.599105835, 40.6722640991, 50.0357894897, 125.592788696, 461.633178711, 402.033111572, 896.142333984, 586.072265625, 1088.68566895, 875.639282227, 1784.3404541, 3462.98754883, 2720.76196289, 5075.11572266, 2253.78564453, 1079.45471191, 476.321868896, 449.121948242, 293.761169434, 246.807800293, 327.483093262, 169.773696899, 99.1170272827, 379.854400635, 93.5018310547, 31.9800491333, 11.1421804428, 9.91240119934, 14.9703407288, 0.385109692812, 0.00800671521574, 3.32585977958e-06, 5.4741651212e-09],
        "dvar2": [2.7684879303, 24.9389381409, 19.5808200836, 33.3068161011, 39.0395126343, 37.0160484314, 24.1745223999, 201.148330688, 105.218276978, 130.478103638, 295.149963379, 1099.63574219, 989.998474121, 2120.05664062, 1326.62878418, 2779.37451172, 2305.57885742, 4525.88964844, 9526.31640625, 7176.01757812, 13709.8300781, 6551.97119141, 2527.00366211, 1259.16149902, 1228.4119873, 787.542663574, 654.94519043, 896.386413574, 427.831298828, 255.797058105, 1059.69873047, 235.982543945, 77.5079116821, 24.7105998993, 18.9177589417, 31.632932663, 0.840789854527, 0.0154356332496, 6.58962790112e-06, 1.12997078361e-08],
        "max": [10.2703762054, 50.6852149963, 59.3832130432, 65.330619812, 59.3180389404, 58.0812110901, 78.0944290161, 124.450202942, 130.800537109, 182.332901001, 199.219818115, 837.227355957, 649.049865723, 1044.41223145, 964.198364258, 1304.77709961, 1083.49377441, 1873.92565918, 2917.83935547, 2646.27661133, 2896.46508789, 1844.96472168, 969.517456055, 321.792602539, 336.616912842, 439.250305176, 238.109329224, 308.02734375, 227.188217163, 116.306304932, 334.459991455, 112.437889099, 76.9028930664, 45.31873703, 47.8590927124, 68.9174957275, 7.28948545456, 1.56830263138, 0.029390130192, 0.00101804186124],
        "mean": [0.777108252048, 1.88018453121, 1.10815012455, 1.21451210976, 2.42155146599, 1.57215952873, 4.67516565323, 12.5396080017, 9.33292293549, 8.94254589081, 15.5428743362, 25.0482006073, 27.6359157562, 37.6427993774, 31.496471405, 30.8965778351, 27.0781650543, 29.2685146332, 30.7636947632, 29.8766994476, 48.7935638428, 38.9222259521, 33.7658348083, 30.2269515991, 26.9840736389, 17.1779174805, 14.3114118576, 13.5371189117, 10.5896034241, 8.01759815216, 8.21526908875, 5.80725383759, 3.93956446648, 2.48708844185, 1.95574092865, 1.3562707901, 0.322609007359, 0.0503223501146, 0.0010352008976, 7.90568738012e-05],
        "median": [0.599340379238, 0.589606940746, 0.284394353628, 0.406374394894, 0.384033322334, 0.532326817513, 2.70915126801, 6.70550632477, 6.27383470535, 5.68306159973, 8.3858833313, 11.5925827026, 16.3398361206, 23.2792282104, 18.2143726349, 18.8144645691, 14.8030414581, 12.8923492432, 14.4782085419, 15.2144165039, 19.3884162903, 16.7148952484, 16.0172939301, 15.0486879349, 13.5280590057, 8.85535144806, 5.8488907814, 4.49486064911, 3.03326535225, 2.01360750198, 1.47718977928, 1.14801216125, 0.75994348526, 0.33765989542, 0.171874165535, 0.0733499974012, 0.0204889439046, 0.00320937111974, 9.11504830583e-05, 4.43555363745e-05],
        "min": [3.74906934067e-23, 1.60035517645e-22, 1.40547942128e-21, 4.20026078404e-21, 8.73878997099e-21, 1.56778384931e-20, 2.25850534862e-20, 4.38039535673e-20, 8.0744227368e-20, 1.32788893471e-19, 7.92950198595e-20, 2.23021386528e-19, 3.67204473217e-19, 4.50936476958e-19, 5.72864708705e-19, 1.17054173386e-18, 9.28312955015e-19, 1.13019351794e-18, 1.98483042637e-18, 2.27072017609e-18, 2.00370296564e-18, 3.56002571057e-18, 3.83713204296e-18, 4.74751503101e-18, 6.15808545008e-18, 7.00627603661e-18, 8.04286155713e-18, 8.38981005736e-18, 8.80427303918e-18, 9.53654129389e-18, 1.02817433447e-17, 9.30956210662e-18, 7.90612198443e-18, 6.80488154569e-18, 5.62004499347e-18, 3.90610732551e-18, 2.01205583547e-18, 9.12727321311e-19, 2.30102233517e-19, 2.41383985102e-20],
        "var": [1.45036303997, 17.1795539856, 8.39085769653, 8.98923206329, 19.6513519287, 11.9383735657, 36.094997406, 237.219726562, 111.163444519, 121.74306488, 423.506835938, 1790.95202637, 1241.79785156, 2309.16845703, 2431.02514648, 2210.0324707, 2033.1159668, 3711.26806641, 5870.57128906, 5195.28564453, 10386.015625, 4923.13330078, 2886.89770508, 1374.22351074, 1138.23425293, 655.726989746, 501.576507568, 527.344299316, 351.914733887, 192.978652954, 398.150726318, 126.419212341, 58.477180481, 27.3559169769, 23.025888443, 20.7595691681, 0.688362836838, 0.0196808408946, 7.73894316808e-06, 1.41224454353e-08]
    },
    "gfcc": {
        "mean": [-82.9769058228, 56.4438705444, -113.695770264, 21.6605567932, -52.6303596497, 23.5355949402, -28.1446037292, 21.0530719757, -16.9653301239, 11.5044136047, -8.67729854584, 12.7457675934, -5.2842707634],
        "cov": [[113244.757812, 4989.31689453, -11086.6347656, 2948.79589844, -4690.09326172, 2307.21264648, -2665.87768555, 2457.38745117, -1768.35070801, 1264.10339355, -1109.14916992, 1349.609375, -616.041992188], [4989.31689453, 1415.91491699, -784.114318848, 24.4310321808, -191.787109375, 192.94342041, 24.3439464569, 79.2833633423, 74.6864547729, 2.51288104057, 160.144332886, 46.3012199402, 88.2819900513], [-11086.6347656, -784.114318848, 1823.95556641, 19.2092456818, 726.816650391, -93.1230926514, 402.609313965, -97.7012329102, 185.122802734, -67.2879562378, 90.5355529785, -59.8200340271, 26.7552051544], [2948.79589844, 24.4310321808, 19.2092456818, 530.942138672, 154.446121216, 97.9452209473, 93.4713668823, 212.50881958, -1.10420799255, 35.4523429871, -21.1623020172, 56.7150382996, -17.0487346649], [-4690.09326172, -191.787109375, 726.816650391, 154.446121216, 536.229248047, -43.0307312012, 279.259490967, 17.1671485901, 140.813323975, -41.1411972046, 65.3683853149, -38.4120178223, 39.6918334961], [2307.21264648, 192.94342041, -93.1230926514, 97.9452209473, -43.0307312012, 250.621124268, 28.1970558167, 81.0965194702, 10.0965261459, 56.1492538452, 51.409576416, 66.4126434326, 12.376115799], [-2665.87768555, 24.3439464569, 402.609313965, 93.4713668823, 279.259490967, 28.1970558167, 249.521026611, 36.6374511719, 112.161613464, -21.1416702271, 89.5972366333, -7.80523395538, 47.5350418091], [2457.38745117, 79.2833633423, -97.7012329102, 212.50881958, 17.1671485901, 81.0965194702, 36.6374511719, 181.544219971, 14.4491901398, 40.3009033203, -11.9848642349, 51.4780311584, -5.62020540237], [-1768.35070801, 74.6864547729, 185.122802734, -1.10420799255, 140.813323975, 10.0965261459, 112.161613464, 14.4491901398, 136.858306885, 6.05393791199, 70.4153823853, -14.5873699188, 42.8600959778], [1264.10339355, 2.51288104057, -67.2879562378, 35.4523429871, -41.1411972046, 56.1492538452, -21.1416702271, 40.3009033203, 6.05393791199, 78.4003372192, 12.4728631973, 27.6850357056, -6.1582531929], [-1109.14916992, 160.144332886, 90.5355529785, -21.1623020172, 65.3683853149, 51.409576416, 89.5972366333, -11.9848642349, 70.4153823853, 12.4728631973, 132.362823486, 25.3711662292, 49.9460792542], [1349.609375, 46.3012199402, -59.8200340271, 56.7150382996, -38.4120178223, 66.4126434326, -7.80523395538, 51.4780311584, -14.5873699188, 27.6850357056, 25.3711662292, 87.9992370605, 19.399559021], [-616.041992188, 88.2819900513, 26.7552051544, -17.0487346649, 39.6918334961, 12.376115799, 47.5350418091, -5.62020540237, 42.8600959778, -6.1582531929, 49.9460792542, 19.399559021, 70.0136642456]],
        "icov": [[0.000156190551934, -0.000301628053421, 0.000459144299384, -0.000422425277065, 0.000127070874441, -0.000483556475956, 0.000346036540577, -0.000678440846968, 0.000687983760145, -0.00100124836899, 0.000887889706064, -0.000685959646944, 0.000247790158028], [-0.000301628053421, 0.0022074773442, 7.57274319767e-05, 0.000768586236518, -0.000176034023752, 0.000123367310152, -0.00109172903467, 0.00105574366171, -0.00215988908894, 0.00350204063579, -0.00350336916745, 0.00185393029824, -0.000759507645853], [0.000459144299384, 7.57274319767e-05, 0.00348085071892, -0.000867456779815, -0.00141433172394, -0.00185349443927, -0.000619307160378, -0.000689623004291, 0.00120378553402, -0.00242496514693, 0.00241999118589, -0.00322793540545, 0.00211544241756], [-0.000422425277065, 0.000768586236518, -0.000867456779815, 0.00586495827883, -0.00274267280474, 0.000797918939497, -0.00122413621284, -0.00291736703366, 0.000552434183192, 0.0023395891767, -0.00215625832789, 0.00146163278259, 8.52238299558e-05], [0.000127070874441, -0.000176034023752, -0.00141433172394, -0.00274267280474, 0.00841539818794, 0.000922201666981, -0.00443866988644, 0.000615053751972, -0.00207498925738, -0.00012724903354, 0.00163284526207, 0.000557564664632, -0.000718483061064], [-0.000483556475956, 0.000123367310152, -0.00185349443927, 0.000797918939497, 0.000922201666981, 0.00836558640003, -0.00274671521038, 0.00135425233748, -0.00143526087049, -0.000225050534937, -0.00368181196973, -0.000494490377605, 8.66324553499e-05], [0.000346036540577, -0.00109172903467, -0.000619307160378, -0.00122413621284, -0.00443866988644, -0.00274671521038, 0.0179443955421, -0.00668605184183, 0.000145752113895, 0.00203115539625, -0.00486260233447, 0.00261735334061, -0.00252501247451], [-0.000678440846968, 0.00105574366171, -0.000689623004291, -0.00291736703366, 0.000615053751972, 0.00135425233748, -0.00668605184183, 0.0201973691583, -0.00884395930916, 0.000974555849098, 0.00324924732558, -0.00514654349536, 0.00243284692988], [0.000687983760145, -0.00215988908894, 0.00120378553402, 0.000552434183192, -0.00207498925738, -0.00143526087049, 0.000145752113895, -0.00884395930916, 0.0221786201, -0.00929636415094, -0.00135937007144, 0.00464778253809, -0.00564018497244], [-0.00100124836899, 0.00350204063579, -0.00242496514693, 0.0023395891767, -0.00012724903354, -0.000225050534937, 0.00203115539625, 0.000974555849098, -0.00929636415094, 0.0274798348546, -0.0106426086277, 0.00250283000059, 0.00208852137439], [0.000887889706064, -0.00350336916745, 0.00241999118589, -0.00215625832789, 0.00163284526207, -0.00368181196973, -0.00486260233447, 0.00324924732558, -0.00135937007144, -0.0106426086277, 0.0258809495717, -0.0116376662627, -0.00127473985776], [-0.000685959646944, 0.00185393029824, -0.00322793540545, 0.00146163278259, 0.000557564664632, -0.000494490377605, 0.00261735334061, -0.00514654349536, 0.00464778253809, 0.00250283000059, -0.0116376662627, 0.0274222493172, -0.0111240027472], [0.000247790158028, -0.000759507645853, 0.00211544241756, 8.52238299558e-05, -0.000718483061064, 8.66324553499e-05, -0.00252501247451, 0.00243284692988, -0.00564018497244, 0.00208852137439, -0.00127473985776, -0.0111240027472, 0.0265629403293]]
    },
    "melbands": {
        "dmean": [0.00276565901004, 0.000639969890472, 0.00018282252131, 9.19551675906e-05, 6.45406616968e-05, 0.000114668822789, 5.92666001467e-05, 5.17004336871e-05, 6.04167871643e-05, 8.75535115483e-05, 6.67589047225e-05, 7.65323129599e-05, 5.21785877936e-05, 5.95677847741e-05, 4.443115904e-05, 3.58036377293e-05, 2.78875922959e-05, 2.86294962279e-05, 3.12049414788e-05, 1.95832544705e-05, 3.35368167725e-05, 2.34934705077e-05, 1.39225403473e-05, 1.37109918796e-05, 1.17807285278e-05, 1.03151396615e-05, 1.00396619018e-05, 5.22499931321e-06, 5.45791408513e-06, 4.54773953606e-06, 4.64282857138e-06, 3.91494859286e-06, 2.58946079157e-06, 2.69425231636e-06, 3.54415169568e-06, 2.90628395305e-06, 2.16755620386e-06, 1.83725956049e-06, 1.30811508825e-06, 1.14591216516e-06],
        "dmean2": [0.00440720934421, 0.00102290476207, 0.000314468168654, 0.000159803515999, 9.98104951577e-05, 0.000185102107935, 9.41656981013e-05, 8.1328485976e-05, 9.37747827265e-05, 0.000139149517054, 0.000107418818516, 0.000119715965411, 8.19100459921e-05, 9.7987765912e-05, 7.34955756343e-05, 5.77299251745e-05, 4.59247094113e-05, 4.67789323011e-05, 5.14269777341e-05, 3.19527571264e-05, 5.58620959055e-05, 3.94008602598e-05, 2.29487704928e-05, 2.27388245548e-05, 1.95595530386e-05, 1.72742384166e-05, 1.68936130649e-05, 8.78031823959e-06, 9.13817439141e-06, 7.68610061641e-06, 7.97904431238e-06, 6.53032429909e-06, 4.2522124204e-06, 4.46087460659e-06, 6.00904149906e-06, 4.84437441628e-06, 3.44058366863e-06, 2.94557230518e-06, 2.03882814276e-06, 1.78909556325e-06],
        "dvar": [4.87247016281e-05, 3.7874078771e-06, 3.02722924062e-07, 7.51847153424e-08, 1.04322523953e-08, 2.86290227081e-08, 9.03702623845e-09, 6.87074974692e-09, 8.7764595591e-09, 2.39734596619e-08, 1.05326023458e-08, 1.31752884158e-08, 8.7586800035e-09, 1.10105400353e-08, 1.04030108972e-08, 6.23473894734e-09, 7.33326954716e-09, 1.15128333533e-08, 7.20236181806e-09, 5.77015946135e-09, 9.85358017402e-09, 4.06268307884e-09, 6.86830980978e-10, 8.99797292231e-10, 3.88628351722e-10, 3.28082311318e-10, 4.2676293055e-10, 1.41482076055e-10, 1.60474508681e-10, 9.20739803845e-11, 1.32433744526e-10, 8.18689144255e-11, 2.94586056937e-11, 3.93698719459e-11, 1.88241852661e-10, 6.62332619306e-11, 2.79855930096e-11, 2.12465132293e-11, 1.10193139335e-11, 7.60952238721e-12],
        "dvar2": [0.000128611674882, 8.61731950863e-06, 8.30475642033e-07, 2.12663834986e-07, 2.53955878549e-08, 7.9955228216e-08, 2.3482815692e-08, 1.71301550722e-08, 2.06435419869e-08, 5.69907427916e-08, 2.58347920834e-08, 3.14728900719e-08, 1.89547204599e-08, 2.6428544686e-08, 2.87538828303e-08, 1.5668987885e-08, 1.88665332246e-08, 3.08834131602e-08, 2.06614618747e-08, 1.54044013101e-08, 2.69725308755e-08, 1.19713856606e-08, 1.63178748291e-09, 2.36415953481e-09, 1.02831021476e-09, 8.86121731547e-10, 1.17712040115e-09, 3.83010650973e-10, 4.32635954839e-10, 2.56122928421e-10, 3.62444879665e-10, 2.09781136906e-10, 7.48842376996e-11, 1.06297019797e-10, 5.47747680546e-10, 1.7263816765e-10, 6.83719192374e-11, 5.29122891335e-11, 2.60245210798e-11, 1.71703363333e-11],
        "max": [0.0806478336453, 0.0389334671199, 0.0098744975403, 0.00451357336715, 0.00212376425043, 0.00248074810952, 0.00180462410208, 0.00174203957431, 0.00176319607999, 0.00572450226173, 0.00317296758294, 0.00389811885543, 0.00298504182138, 0.002947433386, 0.0044613648206, 0.00294696376659, 0.00415133498609, 0.0054851830937, 0.00333408173174, 0.00403446378186, 0.00463303551078, 0.00247988919728, 0.00082537799608, 0.000638120109215, 0.00030262619839, 0.000289795803837, 0.000336923840223, 0.000268046365818, 0.000233577564359, 0.000116699062346, 0.000198783702217, 0.000167302016052, 9.64445716818e-05, 7.43567943573e-05, 0.000247108604526, 0.00011775126768, 6.25447937637e-05, 6.44778338028e-05, 5.47568270122e-05, 3.87297295674e-05],
        "mean": [0.00554311461747, 0.00119482073933, 0.000263240683125, 0.000137402108521, 0.000135009482619, 0.000271860684734, 0.000145278507262, 0.000108242158603, 0.000125592239783, 0.000179130089236, 0.000137877039379, 0.000148172388435, 0.000112972731586, 0.00010007849778, 7.13796471246e-05, 6.20028513367e-05, 5.18147935509e-05, 4.74384905829e-05, 5.06971373397e-05, 3.63416838809e-05, 5.98441583861e-05, 4.21292861574e-05, 2.876373037e-05, 2.71493408945e-05, 2.45813516813e-05, 2.14631127164e-05, 1.82928779395e-05, 9.51516904024e-06, 9.57367137744e-06, 8.03154216555e-06, 7.36501851861e-06, 6.46348917144e-06, 4.628645911e-06, 4.35221318185e-06, 4.8714073273e-06, 4.03441890739e-06, 3.445842367e-06, 3.00339274872e-06, 2.17771912503e-06, 2.01186344384e-06],
        "median": [0.00447711348534, 0.000319248472806, 7.16492213542e-05, 2.9306866054e-05, 7.68314494053e-05, 0.000153454515385, 0.000101065743365, 6.3361672801e-05, 6.65757470415e-05, 7.95566302259e-05, 8.00061170594e-05, 9.40369573073e-05, 6.08672053204e-05, 5.72416611249e-05, 3.36118828272e-05, 2.73858968285e-05, 1.96865621547e-05, 1.8252976588e-05, 2.34149756579e-05, 1.35638510983e-05, 2.09695735975e-05, 1.44464211189e-05, 1.31013457576e-05, 1.21895345728e-05, 1.06724146463e-05, 9.74032809609e-06, 7.7232325566e-06, 3.95499910155e-06, 3.19656055581e-06, 2.88634828394e-06, 2.15745080823e-06, 1.681690037e-06, 1.310131438e-06, 9.43577106227e-07, 8.11284394331e-07, 7.49025275582e-07, 6.35783635516e-07, 5.75537455916e-07, 3.66171207133e-07, 2.31387787153e-07],
        "min": [5.4445478697e-25, 6.7238539535e-25, 1.06305140372e-24, 9.8728229985e-25, 8.82188968158e-25, 8.43536755954e-25, 8.59556154357e-25, 1.09902060138e-24, 5.44143630647e-25, 1.03116584315e-24, 1.35207445939e-24, 1.69171654998e-24, 1.00946181445e-24, 2.03888417639e-24, 2.0211564997e-24, 1.40486296041e-24, 1.91834741337e-24, 2.65215272994e-24, 2.60738585964e-24, 2.63570576892e-24, 1.55823526975e-24, 3.03865394716e-24, 3.04220973769e-24, 2.5869168913e-24, 2.64033184649e-24, 3.49915347273e-24, 3.59091495652e-24, 3.07949012078e-24, 3.71405851041e-24, 3.61159060641e-24, 4.05365366377e-24, 4.45174600871e-24, 4.24002481365e-24, 4.72900379562e-24, 4.83564556266e-24, 4.13556858574e-24, 4.63071369898e-24, 5.15300036053e-24, 5.21645672617e-24, 5.0700717523e-24],
        "var": [7.27589358576e-05, 7.13829422239e-06, 2.8042504141e-07, 7.64558762967e-08, 3.05326501859e-08, 1.03143463548e-07, 2.59221053511e-08, 1.88175395266e-08, 2.92249477951e-08, 9.15462337048e-08, 3.14531831691e-08, 3.41086554556e-08, 4.2138317724e-08, 2.2041945158e-08, 1.79240196019e-08, 1.34808333385e-08, 1.45698377807e-08, 1.83887660654e-08, 1.27510730863e-08, 1.0746588508e-08, 1.77501391363e-08, 8.14703948748e-09, 1.86775750421e-09, 1.99680916246e-09, 9.86067005826e-10, 7.51093354179e-10, 8.04896482798e-10, 2.56362320261e-10, 2.92611879171e-10, 1.60986973752e-10, 1.86347673403e-10, 1.5007385612e-10, 6.54987106219e-11, 6.32684737933e-11, 1.76017464493e-10, 7.36592870032e-11, 4.35132554988e-11, 3.40972285129e-11, 2.24043509439e-11, 1.8481192271e-11]
    },
    "mfcc": {
        "mean": [-668.501281738, 90.7215118408, -7.36076593399, 6.92313861847, -0.58247923851, 3.75600361824, 4.16153621674, 10.7421131134, 3.0108320713, 5.12195396423, 3.05446100235, 4.35507822037, 5.72311162949],
        "cov": [[27833.5117188, 3426.39501953, -485.072937012, 1145.37988281, 355.105987549, 231.627792358, 392.368011475, 642.201416016, 393.13671875, 360.164093018, 157.253570557, 275.6065979, 151.038238525], [3426.39501953, 1690.15588379, -162.218338013, -84.7166213989, -63.2256889343, 82.4512481689, 56.3370170593, 155.399139404, -5.76563405991, 71.4370269775, 65.9086456299, 49.02684021, 116.884300232], [-485.072937012, -162.218338013, 417.152282715, 62.9810905457, 101.073799133, 99.5772018433, 95.1370239258, 77.355796814, 33.4575996399, 20.501115799, 38.8059654236, 41.1629714966, 36.8423690796], [1145.37988281, -84.7166213989, 62.9810905457, 489.866790771, 187.770553589, 34.5591621399, 133.449707031, 147.110900879, 124.341362, 60.8039360046, 42.0926475525, 65.5615921021, -5.5927939415], [355.105987549, -63.2256889343, 101.073799133, 187.770553589, 176.121429443, 72.0068054199, 87.3720779419, 87.8991470337, 70.901550293, 47.2330970764, 28.5520801544, 42.2649421692, 19.6713008881], [231.627792358, 82.4512481689, 99.5772018433, 34.5591621399, 72.0068054199, 137.25831604, 85.1497039795, 67.2019424438, 24.603761673, 32.3570098877, 36.6752662659, 29.5762138367, 39.932220459], [392.368011475, 56.3370170593, 95.1370239258, 133.449707031, 87.3720779419, 85.1497039795, 150.08241272, 108.875076294, 50.3242912292, 36.6159057617, 35.6954574585, 46.3988075256, 32.691444397], [642.201416016, 155.399139404, 77.355796814, 147.110900879, 87.8991470337, 67.2019424438, 108.875076294, 170.701538086, 69.5272750854, 43.9728393555, 37.1309013367, 50.4257926941, 49.0952415466], [393.13671875, -5.76563405991, 33.4575996399, 124.341362, 70.901550293, 24.603761673, 50.3242912292, 69.5272750854, 106.352531433, 48.9180908203, 18.3819599152, 31.1509666443, 13.7292947769], [360.164093018, 71.4370269775, 20.501115799, 60.8039360046, 47.2330970764, 32.3570098877, 36.6159057617, 43.9728393555, 48.9180908203, 80.5235214233, 40.4400672913, 27.9706916809, 14.0301179886], [157.253570557, 65.9086456299, 38.8059654236, 42.0926475525, 28.5520801544, 36.6752662659, 35.6954574585, 37.1309013367, 18.3819599152, 40.4400672913, 71.2676925659, 34.8638877869, 13.8629407883], [275.6065979, 49.02684021, 41.1629714966, 65.5615921021, 42.2649421692, 29.5762138367, 46.3988075256, 50.4257926941, 31.1509666443, 27.9706916809, 34.8638877869, 72.2900085449, 36.0873336792], [151.038238525, 116.884300232, 36.8423690796, -5.5927939415, 19.6713008881, 39.932220459, 32.691444397, 49.0952415466, 13.7292947769, 14.0301179886, 13.8629407883, 36.0873336792, 82.9977874756]],
