{
"lowlevel": {
    "average_loudness": 0.886736929417,
    "barkbands_crest": {
        "dmean": 2.67585992813,
        "dmean2": 4.01922273636,
        "dvar": 8.50658607483,
        "dvar2": 16.5804824829,
        "max": 26.5021457672,
        "mean": 11.5658750534,
        "median": 10.5241947174,
        "min": 1.92648339272,
        "var": 41.9335861206
    },
    "barkbands_flatness_db": {
        "dmean": 0.0223214179277,
        "dmean2": 0.0313413441181,
        "dvar": 0.000636007229332,
        "dvar2": 0.00111696543172,
        "max": 0.55955094099,
        "mean": 0.116111770272,
        "median": 0.0972850397229,
        "min": 0.0133028896526,
        "var": 0.00469896942377
    },
    "barkbands_kurtosis": {
        "dmean": 2.83363890648,
        "dmean2": 4.00594997406,
        "dvar": 71.7875671387,
        "dvar2": 150.244766235,
        "max": 266.524383545,
        "mean": 3.14511084557,
        "median": -0.59143280983,
        "min": -1.93260502815,
        "var": 177.222442627
    },
    "barkbands_skewness": {
        "dmean": 0.570802867413,
        "dmean2": 0.7824036479,
        "dvar": 0.508806228638,
        "dvar2": 0.918209075928,
        "max": 15.7308998108,
        "mean": 0.913430452347,
        "median": 0.596023380756,
        "min": -4.44843006134,
        "var": 3.29150509834
    },
    "barkbands_spread": {
        "dmean": 9.24859523773,
        "dmean2": 14.0482397079,
        "dvar": 112.121086121,
        "dvar2": 245.011856079,
        "max": 111.899581909,
        "mean": 48.0103645325,
        "median": 47.9559135437,
        "min": 1.01462244987,
        "var": 518.766113281
    },
    "dissonance": {
        "dmean": 0.011578829959,
        "dmean2": 0.0193232800812,
        "dvar": 0.000226655160077,
        "dvar2": 0.000615012831986,
        "max": 0.5,
        "mean": 0.480124115944,
        "median": 0.486663043499,
        "min": 0.160381749272,
        "var": 0.00060185068287
    },
    "dynamic_complexity": 2.16430926323,
    "erbbands_crest": {
        "dmean": 1.86195838451,
        "dmean2": 3.04274630547,
        "dvar": 3.86330199242,
        "dvar2": 9.33717727661,
        "max": 31.1445865631,
        "mean": 6.6454706192,
        "median": 5.33024740219,
        "min": 2.18684244156,
        "var": 15.7232599258
    },
    "erbbands_flatness_db": {
        "dmean": 0.0126349320635,
        "dmean2": 0.0189007408917,
        "dvar": 0.000200314942049,
        "dvar2": 0.000403645099141,
        "max": 0.488526374102,
        "mean": 0.128604546189,
        "median": 0.115321598947,
        "min": 0.0343157202005,
        "var": 0.00263615581207
    },
    "erbbands_kurtosis": {
        "dmean": 0.764630556107,
        "dmean2": 1.16991782188,
        "dvar": 2.82030630112,
        "dvar2": 6.1622800827,
        "max": 113.709526062,
        "mean": 0.306971907616,
        "median": -0.304531812668,
        "min": -1.91841077805,
        "var": 11.6382656097
    },
    "erbbands_skewness": {
        "dmean": 0.302491784096,
        "dmean2": 0.458249479532,
        "dvar": 0.0847688093781,
        "dvar2": 0.185407742858,
        "max": 9.1961145401,
        "mean": -0.413168519735,
        "median": -0.494878441095,
        "min": -3.01140832901,
        "var": 0.569449067116
    },
    "erbbands_spread": {
        "dmean": 8.62114620209,
        "dmean2": 13.1356296539,
        "dvar": 113.090080261,
        "dvar2": 208.655044556,
        "max": 203.320327759,
        "mean": 51.1358375549,
        "median": 47.8525276184,
        "min": 1.22531926632,
        "var": 552.611206055
    },
    "hfc": {
        "dmean": 18.6437511444,
        "dmean2": 28.1005878448,
        "dvar": 579.893371582,
        "dvar2": 1322.35461426,
        "max": 558.625061035,
        "mean": 78.8331451416,
        "median": 69.5270309448,
        "min": 1.09684301426e-16,
        "var": 2922.88842773
    },
    "melbands_crest": {
        "dmean": 3.44583201408,
        "dmean2": 5.33935928345,
        "dvar": 14.0443887711,
        "dvar2": 31.6467666626,
        "max": 38.731086731,
        "mean": 17.995470047,
        "median": 18.3672866821,
        "min": 1.59099698067,
        "var": 70.6200180054
    },
    "melbands_flatness_db": {
        "dmean": 0.0287519469857,
        "dmean2": 0.0395003221929,
        "dvar": 0.00112806702964,
        "dvar2": 0.0019395936979,
        "max": 0.699592649937,
        "mean": 0.14847753942,
        "median": 0.132954135537,
        "min": 0.00307049462572,
        "var": 0.00939523149282
    },
    "melbands_kurtosis": {
        "dmean": 13.8307104111,
        "dmean2": 18.2059631348,
        "dvar": 1869.74780273,
        "dvar2": 3207.18823242,
        "max": 1351.51538086,
        "mean": 26.3755722046,
        "median": 5.86522197723,
        "min": -1.84879314899,
        "var": 6864.56347656
    },
    "melbands_skewness": {
        "dmean": 0.959328174591,
        "dmean2": 1.29470455647,
        "dvar": 1.80226945877,
        "dvar2": 2.74008917809,
        "max": 30.9701862335,
        "mean": 3.24115228653,
        "median": 2.44932103157,
        "min": -2.42421889305,
        "var": 12.2265958786
    },
    "melbands_spread": {
        "dmean": 15.122218132,
        "dmean2": 23.2490978241,
        "dvar": 318.713562012,
        "dvar2": 739.522033691,
        "max": 263.601287842,
        "mean": 56.8171615601,
        "median": 49.480594635,
        "min": 0.498413145542,
        "var": 1672.15551758
    },
    "pitch_salience": {
        "dmean": 0.0755748227239,
        "dmean2": 0.110511213541,
        "dvar": 0.00652811583132,
        "dvar2": 0.0129849854857,
        "max": 0.893472492695,
        "mean": 0.473795235157,
        "median": 0.485582977533,
        "min": 0.0150313712656,
        "var": 0.0316171012819
    },
    "silence_rate_20dB": {
        "dmean": 0,
        "dmean2": 0,
        "dvar": 0,
        "dvar2": 0,
        "max": 1,
        "mean": 1,
        "median": 1,
        "min": 1,
        "var": 0
    },
    "silence_rate_30dB": {
        "dmean": 0.0377518199384,
        "dmean2": 0.075510032475,
        "dvar": 0.0363305136561,
        "dvar2": 0.075214959681,
        "max": 1,
        "mean": 0.948286056519,
        "median": 1,
        "min": 0,
        "var": 0.0490460917354
    },
    "silence_rate_60dB": {
        "dmean": 0.00761808035895,
        "dmean2": 0.0151527980343,
        "dvar": 0.00756174791604,
        "dvar2": 0.0169543996453,
        "max": 1,
        "mean": 0.0406263209879,
        "median": 0,
        "min": 0,
        "var": 0.0389746166766
    },
    "spectral_centroid": {
        "dmean": 302.260437012,
        "dmean2": 460.775848389,
        "dvar": 111005.523438,
        "dvar2": 229317.703125,
        "max": 11891.5205078,
        "mean": 2839.4934082,
        "median": 2938.36743164,
        "min": 245.341644287,
        "var": 1155964.75
    },
    "spectral_complexity": {
        "dmean": 4.88776016235,
        "dmean2": 7.52095127106,
        "dvar": 30.745721817,
        "dvar2": 63.1702766418,
        "max": 64,
        "mean": 27.7388916016,
        "median": 29,
        "min": 0,
        "var": 185.490737915
    },
    "spectral_decrease": {
        "dmean": 3.04623570813e-09,
        "dmean2": 4.02121491661e-09,
        "dvar": 2.11026942978e-17,
        "dvar2": 3.14098246426e-17,
        "max": 1.58910766753e-28,
        "mean": -9.82670744776e-09,
        "median": -7.76689734749e-09,
        "min": -7.52742508325e-08,
        "var": 8.21944823973e-17
    },
    "spectral_energy": {
        "dmean": 0.0120885642245,
        "dmean2": 0.0161637533456,
        "dvar": 0.000301448366372,
        "dvar2": 0.000453795277281,
        "max": 0.287660002708,
        "mean": 0.0442386120558,
        "median": 0.0380747243762,
        "min": 1.02558796041e-20,
        "var": 0.00117295177188
    },
    "spectral_energyband_high": {
        "dmean": 0.00213867984712,
        "dmean2": 0.00328087969683,
        "dvar": 7.4095241871e-06,
        "dvar2": 1.69187624124e-05,
        "max": 0.0687941834331,
        "mean": 0.00824565719813,
        "median": 0.00708510540426,
        "min": 7.25704292204e-21,
        "var": 4.19487842009e-05
    },
    "spectral_energyband_low": {
        "dmean": 0.0102983377874,
        "dmean2": 0.013394693844,
        "dvar": 0.000361956859706,
        "dvar2": 0.000541994697414,
        "max": 0.28474894166,
        "mean": 0.0245534740388,
        "median": 0.014304285869,
        "min": 2.36699402774e-23,
        "var": 0.00124348443933
    },
    "spectral_energyband_middle_high": {
        "dmean": 0.00198747916147,
        "dmean2": 0.00313300988637,
        "dvar": 6.83463758833e-06,
        "dvar2": 1.69854611158e-05,
        "max": 0.099219314754,
        "mean": 0.00638323370367,
        "median": 0.00579568371177,
        "min": 1.18411197512e-21,
        "var": 2.17359011003e-05
    },
    "spectral_energyband_middle_low": {
        "dmean": 0.003436565632,
        "dmean2": 0.00564202992246,
        "dvar": 5.28574601049e-05,
        "dvar2": 0.000135987138492,
        "max": 0.106597222388,
        "mean": 0.00613809935749,
        "median": 0.00374200707301,
        "min": 1.50690671361e-22,
        "var": 6.57341297483e-05
    },
    "spectral_entropy": {
        "dmean": 0.116052649915,
        "dmean2": 0.175098285079,
        "dvar": 0.0221455916762,
        "dvar2": 0.04446747154,
        "max": 9.82931518555,
        "mean": 8.18013000488,
        "median": 8.29931545258,
        "min": 4.41929388046,
        "var": 0.233683988452
    },
    "spectral_flux": {
        "dmean": 0.0291899703443,
        "dmean2": 0.043762486428,
        "dvar": 0.00134712399449,
        "dvar2": 0.00279057747684,
        "max": 0.49063578248,
        "mean": 0.108521707356,
        "median": 0.0971510484815,
        "min": 6.32237387443e-11,
        "var": 0.00355667877011
    },
    "spectral_kurtosis": {
        "dmean": 0.702133893967,
        "dmean2": 1.14253079891,
        "dvar": 31.0798835754,
        "dvar2": 67.1102828979,
        "max": 555.198852539,
        "mean": 2.2599568367,
        "median": 1.1669511795,
        "min": -1.25491988659,
        "var": 209.614242554
    },
    "spectral_rms": {
        "dmean": 0.000843814341351,
        "dmean2": 0.0011518598767,
        "dvar": 1.0162517583e-06,
        "dvar2": 1.62330809417e-06,
        "max": 0.0167524293065,
        "mean": 0.00611222255975,
        "median": 0.00609475793317,
        "min": 3.1631843412e-12,
        "var": 5.80037840336e-06
    },
    "spectral_rolloff": {
        "dmean": 1039.60974121,
        "dmean2": 1614.3013916,
        "dvar": 1895299.375,
        "dvar2": 3730315.25,
        "max": 19552.1484375,
        "mean": 4977.88720703,
        "median": 5318.70117188,
        "min": 21.533203125,
        "var": 11402042
    },
    "spectral_skewness": {
        "dmean": 0.109185449779,
        "dmean2": 0.171671226621,
        "dvar": 0.0405888035893,
        "dvar2": 0.0915454924107,
        "max": 19.2323417664,
        "mean": 1.03843033314,
        "median": 0.954348683357,
        "min": -0.0861659795046,
        "var": 0.575228750706
    },
    "spectral_spread": {
        "dmean": 490246.125,
        "dmean2": 741456.1875,
        "dvar": 373283356672,
        "dvar2": 699639201792,
        "max": 42952588,
        "mean": 7140595,
        "median": 6862012.5,
        "min": 163753.75,
        "var": 9.5516622848e+12
    },
    "spectral_strongpeak": {
        "dmean": 0.811756074429,
        "dmean2": 1.39636385441,
        "dvar": 4.3130273819,
        "dvar2": 11.9102926254,
        "max": 28.3911437988,
        "mean": 1.3113335371,
        "median": 0.542636454105,
        "min": 0,
        "var": 6.54685926437
    },
    "zerocrossingrate": {
        "dmean": 0.0191981252283,
        "dmean2": 0.0213999710977,
        "dvar": 0.000377795688109,
        "dvar2": 0.000389469321817,
        "max": 0.60888671875,
        "mean": 0.149016708136,
        "median": 0.142578125,
        "min": 0.00341796875,
        "var": 0.00659575592726
    },
    "barkbands": {
        "dmean": [0.000316799152642, 0.0100909983739, 0.00311891315505, 0.00159782683477, 0.000663228798658, 0.000495360931382, 0.000530444667675, 0.000531329074875, 0.000572984397877, 0.000370600901078, 0.000387853215216, 0.000457445567008, 0.000410046137404, 0.000370915950043, 0.000313129945425, 0.000310074363369, 0.000332905707182, 0.000319794839015, 0.000370853260392, 0.000430621497799, 0.000568690651562, 0.000583583314437, 0.000531768484507, 0.000569085706957, 0.000470105325803, 0.00018076307606, 2.43845224759e-05],
        "dmean2": [0.000419439660618, 0.013650692068, 0.00543100573123, 0.00286284368485, 0.00112767796963, 0.000753578438889, 0.0008310310659, 0.000820510904305, 0.000878430204466, 0.000545584596694, 0.000616453762632, 0.000751919462346, 0.000667078129482, 0.000606417073868, 0.000515984604135, 0.000509312958457, 0.000545975344721, 0.000522910733707, 0.000608943228144, 0.000701507960912, 0.000931792194024, 0.000963624333963, 0.00085235881852, 0.000905802589841, 0.000735266134143, 0.00027366989525, 4.07725237892e-05],
        "dvar": [4.72209904956e-07, 0.000435559020843, 0.000126481507323, 3.48892826878e-05, 3.24367147186e-06, 2.61897389464e-06, 3.02279772768e-06, 2.37270319303e-06, 1.56691373832e-06, 5.83553855904e-07, 5.24411404967e-07, 1.54063093305e-06, 1.42516637425e-06, 4.24170679025e-07, 3.20099132978e-07, 2.68105964096e-07, 2.86893566681e-07, 2.31308163734e-07, 2.62893109948e-07, 2.88526109671e-07, 7.00811540355e-07, 4.84983502247e-07, 4.02732950988e-07, 7.44463989122e-07, 4.79916081986e-07, 6.89501362672e-08, 2.14017603639e-09],
        "dvar2": [8.13151018519e-07, 0.000710376654752, 0.000352354370989, 9.54809293034e-05, 8.91979925655e-06, 5.74499699724e-06, 7.86419877841e-06, 5.19228888152e-06, 3.58840816261e-06, 1.05797892047e-06, 1.21980474432e-06, 4.09211406804e-06, 3.45451053363e-06, 1.04542641566e-06, 8.29120949675e-07, 6.74443526805e-07, 7.14504722055e-07, 6.06361140854e-07, 6.81820154114e-07, 7.24057827028e-07, 1.8963240791e-06, 1.27456712562e-06, 9.91353658719e-07, 1.90936680156e-06, 1.16405567496e-06, 1.59687175483e-07, 5.47258194317e-09],
        "max": [0.0108102206141, 0.277326315641, 0.16128154099, 0.0877628922462, 0.0468105860054, 0.0761417523026, 0.0486966483295, 0.0480404049158, 0.0384950116277, 0.0315458141267, 0.0163198243827, 0.0301424786448, 0.0729894563556, 0.0181512348354, 0.0169274434447, 0.0155327450484, 0.0183671712875, 0.0111536495388, 0.0093136979267, 0.0080553945154, 0.0223475228995, 0.0120368218049, 0.00781689491123, 0.0312757603824, 0.0165301095694, 0.0054490165785, 0.00130852172151],
        "mean": [0.000525788404047, 0.019842479378, 0.00330040836707, 0.00139847688843, 0.000806573836599, 0.000879524683114, 0.000813909107819, 0.000877567392308, 0.000973160436843, 0.000658610661048, 0.000610506918747, 0.000665584986564, 0.000640618498437, 0.000537509506103, 0.000513344770297, 0.000527070194948, 0.000601182866376, 0.000618846621364, 0.000727797742002, 0.000996878254227, 0.00145753542893, 0.00148964568507, 0.00138408725616, 0.00161719566677, 0.00126338831615, 0.000480807328131, 3.00430638163e-05],
        "median": [5.44048743905e-05, 0.005242228508, 0.000221996131586, 0.000103072343336, 0.00022507130052, 0.00027924097958, 0.000261816050624, 0.000265942537226, 0.000397186435293, 0.000239987115492, 0.000263476395048, 0.000258063460933, 0.000245879637077, 0.000280984095298, 0.000270712422207, 0.000290007534204, 0.00039012520574, 0.000468863145215, 0.000582380278502, 0.00082026590826, 0.00111125886906, 0.00125434563961, 0.00117114395835, 0.00116098241415, 0.000849640695378, 0.000379417906515, 8.03627972346e-06],
        "min": [3.82555063803e-25, 9.2649327014e-25, 1.30920982856e-24, 1.34990193646e-24, 1.43488529069e-23, 1.14166648108e-23, 1.24197219622e-23, 1.32093843501e-23, 1.41749627198e-23, 1.25236023216e-23, 2.19122461623e-23, 2.28244675582e-23, 2.9308949953e-23, 3.39455808976e-23, 3.49448846488e-23, 4.45133761542e-23, 5.95850118214e-23, 1.04502657101e-22, 1.19972389847e-22, 1.48154868515e-22, 2.38619468129e-22, 3.32833315366e-22, 3.7276595926e-22, 5.61571423444e-22, 8.271385568e-22, 1.34970682907e-21, 1.91314900144e-21],
        "var": [1.24062114537e-06, 0.00106991291977, 9.27914734348e-05, 2.39860091824e-05, 3.72039835383e-06, 6.0021416175e-06, 4.38809183834e-06, 4.88243313157e-06, 3.49003039446e-06, 2.20123456529e-06, 1.14478814339e-06, 2.36219852923e-06, 2.45503156293e-06, 6.95981896115e-07, 5.74471016535e-07, 5.33218383225e-07, 5.799421956e-07, 4.56640037783e-07, 4.90308252665e-07, 7.42024610645e-07, 2.53110670201e-06, 1.50712378399e-06, 1.18622642731e-06, 3.3846279166e-06, 2.06262302527e-06, 1.69047183363e-07, 3.36084826635e-09]
    },
    "erbbands": {
        "dmean": [0.31572508812, 2.34956383705, 3.39544057846, 4.51570320129, 3.01781773567, 2.2809047699, 3.52408623695, 3.845464468, 5.49379825592, 12.1773080826, 10.76151371, 12.6678133011, 12.6424827576, 11.5415592194, 13.7473297119, 18.2345848083, 18.7571411133, 19.9129562378, 11.4950618744, 17.8909244537, 14.1831102371, 18.7119464874, 13.2401599884, 23.68450737, 19.6826915741, 17.9325447083, 21.8423957825, 22.4897136688, 17.8393783569, 21.278924942, 15.265335083, 14.0245761871, 8.28459358215, 6.45405101776, 3.01483011246, 1.06648552418, 0.297136038542, 0.0510870665312, 0.00354466750287, 6.66082996759e-05],
        "dmean2": [0.427540302277, 3.07592964172, 5.37458705902, 7.54984045029, 5.24511003494, 3.86554813385, 5.60299968719, 5.98183679581, 8.58148384094, 18.8053302765, 16.7400093079, 19.5031337738, 18.4705905914, 17.7306575775, 22.4336357117, 29.908870697, 30.7369689941, 32.2030220032, 19.1143779755, 29.706401825, 23.0729465485, 30.7649841309, 21.6295948029, 39.3898429871, 32.3546791077, 29.0137405396, 35.550945282, 37.385093689, 29.1981105804, 34.9033546448, 24.6250286102, 22.4656925201, 13.151227951, 10.3514318466, 4.70341873169, 1.63911938667, 0.455575406551, 0.0805966034532, 0.00594170484692, 0.000105068051198],
        "dvar": [0.403585642576, 25.7587165833, 115.281600952, 221.273300171, 109.161399841, 37.381111145, 145.984832764, 139.960128784, 249.692687988, 1327.15393066, 686.730407715, 744.325866699, 746.630249023, 486.208831787, 916.899169922, 2482.29394531, 3196.7722168, 1210.34423828, 342.713928223, 884.431274414, 473.219604492, 1087.98217773, 327.330108643, 1636.16638184, 707.011657715, 557.696838379, 1264.24597168, 732.273803711, 516.31262207, 750.630187988, 347.2449646, 470.955810547, 135.139144897, 95.2039642334, 19.3098621368, 2.57855725288, 0.168549194932, 0.00520024774596, 6.14859163761e-05, 1.17227960672e-08],
        "dvar2": [0.687582612038, 41.703502655, 297.815246582, 555.880493164, 294.824066162, 104.358894348, 312.351959229, 323.38293457, 652.050598145, 3057.46948242, 1670.58837891, 1694.54504395, 1339.18884277, 1025.80883789, 2362.4362793, 6635.41064453, 8068.71191406, 2897.93847656, 902.190490723, 2293.58666992, 1186.8145752, 2732.11181641, 804.590087891, 4431.85498047, 1826.27026367, 1351.27990723, 3441.21459961, 1921.31665039, 1307.77807617, 1949.30310059, 871.626342773, 1258.05725098, 327.607543945, 246.82623291, 45.5008621216, 6.10779380798, 0.38005232811, 0.0124296145514, 0.000159388131578, 2.89039228107e-08],
        "max": [8.46942043304, 70.0026702881, 170.268936157, 214.295394897, 171.399627686, 109.359642029, 673.784179688, 557.934631348, 471.132751465, 1214.68969727, 900.033569336, 754.952575684, 1238.74682617, 639.252746582, 721.866455078, 1198.66992188, 3704.59887695, 1049.89208984, 364.374572754, 757.758422852, 451.188690186, 1224.83312988, 570.74230957, 908.414672852, 416.140075684, 423.302032471, 1074.9909668, 393.459869385, 495.751251221, 406.380523682, 241.077804565, 786.108276367, 319.704406738, 234.855422974, 82.0697555542, 42.2893295288, 5.2320394516, 1.71273696423, 0.232004612684, 0.0034837408457],
        "mean": [0.634818792343, 4.14505338669, 4.36152887344, 4.99003839493, 3.03604793549, 2.78753304482, 5.37150287628, 6.66214513779, 9.09530544281, 19.2033042908, 19.0796260834, 21.8510818481, 23.009267807, 19.9744625092, 20.8497924805, 28.3644199371, 31.9233703613, 31.8607006073, 20.5828056335, 32.7868537903, 26.8223361969, 34.5548171997, 28.7668094635, 44.5071411133, 41.2350692749, 42.4004516602, 54.1579551697, 56.7810096741, 45.6777839661, 54.4915885925, 39.7734794617, 37.3180236816, 22.9639759064, 16.6509132385, 7.61845064163, 2.74594950676, 0.769635975361, 0.114066526294, 0.00500584300607, 0.00019057263853],
        "median": [0.156828671694, 1.00505590439, 0.937660038471, 0.531447350979, 0.598629534245, 0.836421430111, 1.32014274597, 2.36763525009, 3.26794672012, 6.18509626389, 7.1254324913, 9.68326854706, 8.46554851532, 9.6970539093, 9.22972774506, 11.9717226028, 13.8642654419, 17.916261673, 13.5010089874, 20.9168224335, 18.5375080109, 22.3720054626, 23.2529220581, 32.2255706787, 32.8791046143, 35.1037559509, 40.8366699219, 47.2328834534, 39.162689209, 43.0647125244, 33.4089927673, 27.0900039673, 16.6682262421, 10.860042572, 5.40459108353, 2.11050009727, 0.592456281185, 0.0817791968584, 0.00209386204369, 0.000155470217578],
        "min": [1.02789339568e-22, 2.03294175819e-22, 2.69255791413e-21, 6.11876727436e-21, 9.77466324377e-21, 4.03740330015e-20, 5.81756447926e-20, 7.82127509632e-20, 1.7120071835e-19, 1.8746002604e-19, 2.75808770348e-19, 4.427684303e-19, 5.04116642322e-19, 5.50996328056e-19, 9.41986767528e-19, 9.79302952912e-19, 1.54450750386e-18, 1.76091863162e-18, 2.30932283413e-18, 3.43639715737e-18, 2.68579589196e-18, 4.59201210689e-18, 5.97790483315e-18, 6.1683457984e-18, 6.90948101569e-18, 7.14425638022e-18, 9.04751377011e-18, 8.9649942322e-18, 1.0210491661e-17, 1.10214636695e-17, 9.85632021971e-18, 1.01966173606e-17, 1.06618493797e-17, 8.39894792158e-18, 6.17886464066e-18, 4.58213681115e-18, 2.19694455765e-18, 1.00553502149e-18, 2.48947372425e-19, 2.5249806136e-20],
        "var": [1.10375285149, 54.2071876526, 105.869995117, 192.60697937, 90.4956588745, 40.4506111145, 328.372375488, 280.474517822, 413.370391846, 2346.74682617, 1605.82397461, 1569.89001465, 3005.73632812, 1172.66162109, 1480.9564209, 3893.76660156, 5514.35546875, 2203.95288086, 580.452331543, 1656.34289551, 879.947937012, 2098.28515625, 748.248840332, 2966.72558594, 1467.53735352, 1401.42749023, 3867.46923828, 2236.05908203, 1476.11547852, 2435.92456055, 971.739379883, 1971.00939941, 542.632080078, 421.186340332, 59.404296875, 6.44722366333, 0.429320842028, 0.0125153306872, 8.79761209944e-05, 2.46631230993e-08]
    },
    "gfcc": {
        "mean": [38.5117797852, 1.33330190182, -104.905639648, 38.2028160095, -65.1159362793, 31.3485927582, -30.3825149536, 21.9265556335, -19.6307811737, 16.0950031281, -15.8175926208, 5.84088754654, -14.4745702744],
        "cov": [[27055.3203125, -1120.55615234, -1045.89196777, 2281.29467773, -651.342590332, 337.897003174, -1194.93225098, 145.308700562, -587.571044922, -35.1361732483, -451.744720459, 374.290039062, -195.401275635], [-1120.55615234, 1877.20300293, 506.121856689, 147.995605469, 329.381835938, 147.012802124, 326.428649902, 78.3487319946, 217.91368103, 41.9542922974, 129.400009155, -62.0094947815, 64.8169937134], [-1045.89196777, 506.121856689, 1020.40423584, 488.193756104, 424.022399902, 279.486785889, 233.272979736, 184.365753174, 148.149963379, 73.9880371094, 59.1121177673, 12.2623996735, 30.8199863434], [2281.29467773, 147.995605469, 488.193756104, 870.56451416, 416.117950439, 381.063537598, 77.2356033325, 189.528244019, 72.4479217529, 74.7156906128, 7.86536216736, 49.1035308838, -2.84960150719], [-651.342590332, 329.381835938, 424.022399902, 416.117950439, 561.975341797, 361.185577393, 225.868591309, 128.628738403, 115.385971069, 76.3950271606, 74.6700439453, -5.32322502136, -11.6853942871], [337.897003174, 147.012802124, 279.486785889, 381.063537598, 361.185577393, 464.38885498, 242.076950073, 162.797836304, 89.7541275024, 125.977760315, 80.8053512573, 11.8218860626, -6.65513420105], [-1194.93225098, 326.428649902, 233.272979736, 77.2356033325, 225.868591309, 242.076950073, 331.852081299, 164.270462036, 151.392181396, 92.6830596924, 96.9448776245, -10.2255344391, 28.8526325226], [145.308700562, 78.3487319946, 184.365753174, 189.528244019, 128.628738403, 162.797836304, 164.270462036, 248.385986328, 168.267791748, 107.922325134, 48.6921081543, 29.7647209167, 26.4214324951], [-587.571044922, 217.91368103, 148.149963379, 72.4479217529, 115.385971069, 89.7541275024, 151.392181396, 168.267791748, 237.006729126, 139.335510254, 84.6584472656, 11.1606340408, 42.6333808899], [-35.1361732483, 41.9542922974, 73.9880371094, 74.7156906128, 76.3950271606, 125.977760315, 92.6830596924, 107.922325134, 139.335510254, 206.520858765, 125.434715271, 31.3140449524, 25.7049102783], [-451.744720459, 129.400009155, 59.1121177673, 7.86536216736, 74.6700439453, 80.8053512573, 96.9448776245, 48.6921081543, 84.6584472656, 125.434715271, 179.3177948, 64.1787109375, 44.5754508972], [374.290039062, -62.0094947815, 12.2623996735, 49.1035308838, -5.32322502136, 11.8218860626, -10.2255344391, 29.7647209167, 11.1606340408, 31.3140449524, 64.1787109375, 124.183761597, 60.1644935608], [-195.401275635, 64.8169937134, 30.8199863434, -2.84960150719, -11.6853942871, -6.65513420105, 28.8526325226, 26.4214324951, 42.6333808899, 25.7049102783, 44.5754508972, 60.1644935608, 112.091773987]],
        "icov": [[0.000142882985529, -0.000136587419547, 0.000277778075542, -0.00056848092936, 0.000461883639218, -0.00026946773869, 0.000436283269664, -0.000311443087412, 0.000307618960505, -0.000210644080653, 0.000238867578446, -0.000372750568204, 0.000266878749244], [-0.000136587419547, 0.000999504001811, -0.000486086937599, 0.000274580874247, -0.000468336627819, 0.000542977475561, -0.00116744311526, 0.00110652053263, -0.00121227442287, 0.000952333095483, -0.000965453742538, 0.00107749248855, -0.000604052038398], [0.000277778075542, -0.000486086937599, 0.00234895432368, -0.00190589949489, 0.000115986826131, 0.000233428145293, -6.69002383802e-06, -0.000870781252161, 0.000844735652208, -0.000654087169096, 0.000717607734259, -0.000777364184614, 0.000264511822024], [-0.00056848092936, 0.000274580874247, -0.00190589949489, 0.00587929366156, -0.00318190921098, -0.00150469609071, 0.00173513533082, -0.00116746628191, -0.000751920393668, 0.000966144667473, -0.000108145810373, 0.000660984660499, -0.00131609814707], [0.000461883639218, -0.000468336627819, 0.000115986826131, -0.00318190921098, 0.0070466035977, -0.0036695485469, 0.000406354549341, 0.00116930750664, -0.0016405392671, 0.00154440489132, -0.000740186776966, -0.000865264912136, 0.00212829257362], [-0.00026946773869, 0.000542977475561, 0.000233428145293, -0.00150469609071, -0.0036695485469, 0.0100858286023, -0.00693401554599, -2.78499246633e-05, 0.00389361102134, -0.0046025137417, 0.000909868860617, 0.000205410804483, 0.000223972310778], [0.000436283269664, -0.00116744311526, -6.69002383802e-06, 0.00173513533082, 0.000406354549341, -0.00693401554599, 0.0139796845615, -0.00642044004053, -0.000940312806051, 0.00337182707153, -0.00345108215697, 0.00244569010101, -0.00132868578658], [-0.000311443087412, 0.00110652053263, -0.000870781252161, -0.00116746628191, 0.00116930750664, -2.78499246633e-05, -0.00642044004053, 0.0148731684312, -0.0088416133076, -0.000370970490621, 0.00300127384253, -0.00330568943173, 0.00132278434467], [0.000307618960505, -0.00121227442287, 0.000844735652208, -0.000751920393668, -0.0016405392671, 0.00389361102134, -0.000940312806051, -0.0088416133076, 0.0169554445893, -0.00865398161113, 0.00139059091453, 0.0013770427322, -0.00238434062339], [-0.000210644080653, 0.000952333095483, -0.000654087169096, 0.000966144667473, 0.00154440489132, -0.0046025137417, 0.00337182707153, -0.000370970490621, -0.00865398161113, 0.0170669928193, -0.0104601169005, 0.00352489738725, 3.9168055082e-05], [0.000238867578446, -0.000965453742538, 0.000717607734259, -0.000108145810373, -0.000740186776966, 0.000909868860617, -0.00345108215697, 0.00300127384253, 0.00139059091453, -0.0104601169005, 0.0173382237554, -0.00921266805381, 0.000852122437209], [-0.000372750568204, 0.00107749248855, -0.000777364184614, 0.000660984660499, -0.000865264912136, 0.000205410804483, 0.00244569010101, -0.00330568943173, 0.0013770427322, 0.00352489738725, -0.00921266805381, 0.0183196403086, -0.00847207196057], [0.000266878749244, -0.000604052038398, 0.000264511822024, -0.00131609814707, 0.00212829257362, 0.000223972310778, -0.00132868578658, 0.00132278434467, -0.00238434062339, 3.9168055082e-05, 0.000852122437209, -0.00847207196057, 0.0150013267994]]
    },
    "melbands": {
        "dmean": [0.00280091376044, 0.00186188868247, 0.000718165014405, 0.000164633151144, 0.00011902776896, 8.87999340193e-05, 9.47743028519e-05, 0.000133547626319, 9.99445765046e-05, 7.86378222983e-05, 6.25710599707e-05, 4.48296414106e-05, 4.49357939942e-05, 3.50826303475e-05, 6.33601666777e-05, 4.32221677329e-05, 4.06216167903e-05, 1.81129562407e-05, 2.86276681436e-05, 2.68190979114e-05, 1.55934176291e-05, 2.25440799113e-05, 1.37506840474e-05, 1.43552961163e-05, 2.15622931137e-05, 1.27364992295e-05, 1.7284972273e-05, 1.3256197235e-05, 1.30611897475e-05, 1.87621681107e-05, 1.37160031954e-05, 1.19291953524e-05, 1.2650417375e-05, 1.20259473988e-05, 1.02309013528e-05, 8.83571192389e-06, 9.94248421193e-06, 6.69436258249e-06, 6.35610831523e-06, 5.58275587537e-06],
        "dmean2": [0.00389350089245, 0.00265218713321, 0.00118282961193, 0.000281668268144, 0.000192376086488, 0.000136038652272, 0.000147315629874, 0.000204836338526, 0.000154939858476, 0.000120903670904, 9.15799828363e-05, 6.89522566972e-05, 7.29216335458e-05, 5.759474152e-05, 0.000104051679955, 6.90883753123e-05, 6.59394791001e-05, 3.05108151224e-05, 4.72271385661e-05, 4.42207492597e-05, 2.54286187555e-05, 3.70318302885e-05, 2.25087151193e-05, 2.3463022444e-05, 3.59223558917e-05, 2.10224643524e-05, 2.83947938442e-05, 2.15572308662e-05, 2.13178191188e-05, 3.09362221742e-05, 2.28579701798e-05, 1.98337274924e-05, 2.09145291592e-05, 1.97942081286e-05, 1.6735835743e-05, 1.43653232954e-05, 1.60899217008e-05, 1.08998974611e-05, 1.02104477264e-05, 9.04003081814e-06],
        "dvar": [3.32164636347e-05, 2.14782230614e-05, 5.53185282115e-06, 2.14037854107e-07, 1.25773595983e-07, 7.21606028264e-08, 8.40210887532e-08, 1.62561462957e-07, 6.72180604511e-08, 2.85310459702e-08, 1.86557027604e-08, 7.45858308449e-09, 8.09022893122e-09, 4.72726879863e-09, 4.10677891693e-08, 1.74682739384e-08, 5.63400526232e-09, 1.0334343381e-09, 2.99197777665e-09, 2.25228546924e-09, 6.15176576346e-10, 1.81132653321e-09, 4.21338713918e-10, 3.84889925487e-10, 1.38531197624e-09, 3.76411707359e-10, 5.51973688978e-10, 3.47690543023e-10, 3.00715063961e-10, 1.1278341594e-09, 2.61523525058e-10, 2.95819452267e-10, 2.63652627508e-10, 2.37140973525e-10, 1.64460667307e-10, 1.22842527817e-10, 3.1439881254e-10, 9.961930586e-11, 1.02265307333e-10, 6.46716014074e-11],
        "dvar2": [5.35623548785e-05, 3.95206625399e-05, 1.34625979626e-05, 5.77944717861e-07, 2.87709895019e-07, 1.6560447591e-07, 2.19583597527e-07, 3.61369643542e-07, 1.6153731508e-07, 6.39666239977e-08, 3.3328898752e-08, 1.57557060732e-08, 2.05537791231e-08, 1.24752626007e-08, 1.1134472544e-07, 3.70839181585e-08, 1.3716784153e-08, 2.76604561478e-09, 7.7054869152e-09, 5.63969138057e-09, 1.51847490137e-09, 4.45299930263e-09, 1.03726038869e-09, 9.90054260797e-10, 3.75916808792e-09, 9.7120855802e-10, 1.43665024321e-09, 8.32170554688e-10, 7.78566822124e-10, 3.11103720563e-09, 6.91294799182e-10, 7.18949455525e-10, 6.92003565561e-10, 6.2012789348e-10, 4.33323488203e-10, 3.04136715812e-10, 8.54071202649e-10, 2.56905996476e-10, 2.6729252145e-10, 1.70407493671e-10],
        "max": [0.0722316354513, 0.0712420195341, 0.0324831493199, 0.0114971362054, 0.0175631213933, 0.0107575077564, 0.00797359086573, 0.0122155789286, 0.00943121500313, 0.00513691920787, 0.00612166384235, 0.00240297405981, 0.00235714600421, 0.00164968776517, 0.00636446010321, 0.00932651292533, 0.00231812358834, 0.000527857861016, 0.0018460790161, 0.00150330900215, 0.000532323552761, 0.00172198808286, 0.000419017043896, 0.000365355837857, 0.000830593518913, 0.000356883072527, 0.000418575829826, 0.000393998372601, 0.000442586664576, 0.000957554439083, 0.000219184468733, 0.000439693976659, 0.000280728418147, 0.000236494874116, 0.000206884025829, 0.00026472157333, 0.00069633446401, 0.000282718014205, 0.000278061866993, 0.000162642405485],
        "mean": [0.00570124993101, 0.00349045032635, 0.00081654387759, 0.000186591947568, 0.000175968292751, 0.000156531197717, 0.000153142391355, 0.000210035548662, 0.000169243983692, 0.000133527253638, 0.000110002656584, 7.46105288272e-05, 6.90517626936e-05, 5.44385329704e-05, 9.31077811401e-05, 6.4490159275e-05, 5.99470440648e-05, 2.80932599708e-05, 4.55784538644e-05, 4.4946649723e-05, 2.68667572527e-05, 3.82917023671e-05, 2.58020027104e-05, 2.8031427064e-05, 3.7572637666e-05, 2.40577082877e-05, 3.36510202033e-05, 2.73938967439e-05, 2.93809880532e-05, 4.20053947892e-05, 2.98817321891e-05, 2.57848332694e-05, 2.89007384708e-05, 2.88300325337e-05, 2.33149457927e-05, 2.07272150874e-05, 2.44482762355e-05, 1.62708602147e-05, 1.53798282554e-05, 1.32229961309e-05],
        "median": [0.00147547689267, 0.00138987996615, 9.49776731431e-05, 4.6500867029e-05, 4.9276608479e-05, 5.40252076462e-05, 5.21222682437e-05, 6.57563068671e-05, 5.59359214094e-05, 5.91941716266e-05, 3.65263040294e-05, 3.31013616233e-05, 3.05587564071e-05, 2.65766429948e-05, 3.21385559801e-05, 2.30022433243e-05, 3.05811518047e-05, 1.72803102032e-05, 2.33016962738e-05, 2.41557336267e-05, 1.75629447767e-05, 2.32463335124e-05, 1.79951603059e-05, 2.15945256059e-05, 2.54750175372e-05, 1.78082973434e-05, 2.53956532106e-05, 2.0734491045e-05, 2.2916468879e-05, 2.65681483143e-05, 2.50557477557e-05, 2.01258189918e-05, 2.27715172514e-05, 2.25450257858e-05, 1.8490374714e-05, 1.67120651895e-05, 1.56235601025e-05, 1.1665850252e-05, 1.00432162071e-05, 8.64018329594e-06],
        "min": [1.27682294688e-24, 1.55418851192e-24, 1.67613891369e-24, 2.04586855363e-24, 2.2021799615e-24, 1.80280059e-24, 2.80714733173e-24, 1.91020400224e-24, 1.62723801782e-24, 2.41648349273e-24, 2.25632658517e-24, 1.46842828747e-24, 3.24191973661e-24, 2.1088174845e-24, 3.46280749539e-24, 3.30011006128e-24, 2.66360580699e-24, 2.78522409832e-24, 2.7849272894e-24, 3.67383883158e-24, 2.39412184986e-24, 3.34914565515e-24, 3.56192707927e-24, 3.46741917624e-24, 4.34397695943e-24, 4.74108717254e-24, 4.96506450505e-24, 4.36505058965e-24, 4.41926071663e-24, 5.84746814198e-24, 4.42565719528e-24, 5.09936570758e-24, 5.17966464799e-24, 5.99020660633e-24, 4.92973931372e-24, 5.66456166921e-24, 5.94999797156e-24, 6.75969466544e-24, 6.64571925299e-24, 5.72317600662e-24],
        "var": [8.58495550347e-05, 3.84750310332e-05, 5.01172826262e-06, 2.19677716018e-07, 2.60446910261e-07, 1.53319675178e-07, 1.33350084752e-07, 3.00759523952e-07, 1.51713280161e-07, 5.88256767742e-08, 7.42059427239e-08, 1.75475722841e-08, 1.45546454888e-08, 7.56250972955e-09, 5.95771503242e-08, 3.24181712585e-08, 9.57211288011e-09, 1.38724798315e-09, 5.20179233021e-09, 4.42338699003e-09, 1.01658959029e-09, 3.29420868361e-09, 8.36040681129e-10, 7.90273124718e-10, 2.44674147609e-09, 6.45019593293e-10, 1.16330223232e-09, 8.10017053432e-10, 7.9075396231e-10, 3.83808540505e-09, 5.8868238062e-10, 7.37143124319e-10, 6.83132272972e-10, 7.31739557835e-10, 3.98293259485e-10, 3.13718134803e-10, 1.32014632559e-09, 2.9321456374e-10, 3.66361663229e-10, 2.46869302778e-10]
    },
    "mfcc": {
        "mean": [-596.821594238, 35.604385376, 13.5827407837, 12.950715065, -0.53888207674, 9.54340076447, 4.67056655884, 6.89460229874, 5.99806785583, 8.53397655487, 6.84289693832, 6.85732269287, 3.15632247925],
        "cov": [[11167.3193359, -37.8746185303, 212.544799805, 598.468017578, 342.040618896, 205.369415283, -25.346408844, 146.473190308, 15.1982011795, -33.2512741089, -116.948822021, -56.3582344055, 21.2885494232], [-37.8746185303, 1312.08276367, 343.500946045, 223.037872314, 78.4348907471, 109.278038025, 95.4059677124, 106.919342041, 100.9608078, 95.8939361572, 72.3511199951, 60.6739463806, 46.586555481], [212.544799805, 343.500946045, 626.857421875, 312.710144043, 234.935012817, 173.923461914, 161.517486572, 131.338043213, 138.297195435, 121.270149231, 90.9663925171, 77.7102508545, 44.5770683289], [598.468017578, 223.037872314, 312.710144043, 405.722961426, 315.497314453, 184.858627319, 127.887207031, 139.918716431, 123.730636597, 96.1425628662, 66.6324615479, 53.5821075439, 42.2247390747], [342.040618896, 78.4348907471, 234.935012817, 315.497314453, 436.838653564, 287.19519043, 200.498046875, 147.123336792, 116.601966858, 103.198692322, 94.4951095581, 82.4469680786, 64.0955047607], [205.369415283, 109.278038025, 173.923461914, 184.858627319, 287.19519043, 359.573608398, 258.159332275, 132.377212524, 99.5726242065, 101.226249695, 104.435417175, 84.7725296021, 59.6456489563], [-25.346408844, 95.4059677124, 161.517486572, 127.887207031, 200.498046875, 258.159332275, 295.929595947, 150.703842163, 96.7377548218, 97.067855835, 100.757202148, 94.632194519, 58.3431663513], [146.473190308, 106.919342041, 131.338043213, 139.918716431, 147.123336792, 132.377212524, 150.703842163, 205.914611816, 128.908813477, 85.4224090576, 54.820350647, 47.2862854004, 48.0407829285], [15.1982011795, 100.9608078, 138.297195435, 123.730636597, 116.601966858, 99.5726242065, 96.7377548218, 128.908813477, 192.376266479, 144.012374878, 93.2635726929, 52.2098617554, 38.0197181702], [-33.2512741089, 95.8939361572, 121.270149231, 96.1425628662, 103.198692322, 101.226249695, 97.067855835, 85.4224090576, 144.012374878, 207.854095459, 141.141906738, 75.5242385864, 39.9008216858], [-116.948822021, 72.3511199951, 90.9663925171, 66.6324615479, 94.4951095581, 104.435417175, 100.757202148, 54.820350647, 93.2635726929, 141.141906738, 193.129577637, 122.50315094, 56.6778335571], [-56.3582344055, 60.6739463806, 77.7102508545, 53.5821075439, 82.4469680786, 84.7725296021, 94.632194519, 47.2862854004, 52.2098617554, 75.5242385864, 122.50315094, 166.087783813, 96.9054946899], [21.2885494232, 46.586555481, 44.5770683289, 42.2247390747, 64.0955047607, 59.6456489563, 58.3431663513, 48.0407829285, 38.0197181702, 39.9008216858, 56.6778335571, 96.9054946899, 133.413848877]],
