{
"lowlevel": {
    "average_loudness": 0.865316450596,
    "barkbands_crest": {
        "dmean": 2.04884982109,
        "dmean2": 3.17796564102,
        "dvar": 4.24048376083,
        "dvar2": 9.4208574295,
        "max": 25.1801929474,
        "mean": 7.98188447952,
        "median": 6.96063995361,
        "min": 1.82141029835,
        "var": 15.0550069809
    },
    "barkbands_flatness_db": {
        "dmean": 0.019640410319,
        "dmean2": 0.0273464713246,
        "dvar": 0.000679316348396,
        "dvar2": 0.00112715514842,
        "max": 0.731035768986,
        "mean": 0.101076982915,
        "median": 0.0699051618576,
        "min": 0.0109421424568,
        "var": 0.0057469191961
    },
    "barkbands_kurtosis": {
        "dmean": 1.86555671692,
        "dmean2": 3.05015444756,
        "dvar": 415.526031494,
        "dvar2": 955.683837891,
        "max": 833.041870117,
        "mean": 1.61041665077,
        "median": -0.597380161285,
        "min": -1.90237855911,
        "var": 505.394744873
    },
    "barkbands_skewness": {
        "dmean": 0.407428205013,
        "dmean2": 0.595772087574,
        "dvar": 0.491680234671,
        "dvar2": 1.07198870182,
        "max": 25.4425964355,
        "mean": 0.691096663475,
        "median": 0.635329425335,
        "min": -4.21271562576,
        "var": 1.38572490215
    },
    "barkbands_spread": {
        "dmean": 6.66308784485,
        "dmean2": 9.84930896759,
        "dvar": 68.8635253906,
        "dvar2": 136.679275513,
        "max": 118.729248047,
        "mean": 40.967716217,
        "median": 43.0776367188,
        "min": 0.123264282942,
        "var": 442.133575439
    },
    "dissonance": {
        "dmean": 0.0139830606058,
        "dmean2": 0.0233425833285,
        "dvar": 0.000273226905847,
        "dvar2": 0.000736930698622,
        "max": 0.500000119209,
        "mean": 0.472553163767,
        "median": 0.478936553001,
        "min": 0.180981397629,
        "var": 0.00063523609424
    },
    "dynamic_complexity": 2.21438145638,
    "erbbands_crest": {
        "dmean": 2.2081553936,
        "dmean2": 3.49281001091,
        "dvar": 4.52065181732,
        "dvar2": 10.6984958649,
        "max": 29.553352356,
        "mean": 8.09015083313,
        "median": 7.10255002975,
        "min": 2.01705169678,
        "var": 16.9519557953
    },
    "erbbands_flatness_db": {
        "dmean": 0.0180711280555,
        "dmean2": 0.0243685469031,
        "dvar": 0.000543719681446,
        "dvar2": 0.000887324858923,
        "max": 0.461031764746,
        "mean": 0.139334753156,
        "median": 0.113395854831,
        "min": 0.0398659668863,
        "var": 0.00579540571198
    },
    "erbbands_kurtosis": {
        "dmean": 0.825967669487,
        "dmean2": 1.30170309544,
        "dvar": 6.00023555756,
        "dvar2": 15.3735561371,
        "max": 98.9641494751,
        "mean": 0.482442885637,
        "median": -0.422554373741,
        "min": -1.85198748112,
        "var": 13.0867233276
    },
    "erbbands_skewness": {
        "dmean": 0.290468901396,
        "dmean2": 0.438826948404,
        "dvar": 0.11332244426,
        "dvar2": 0.251495361328,
        "max": 9.68064880371,
        "mean": -0.0583258382976,
        "median": -0.184139460325,
        "min": -2.41488862038,
        "var": 0.724582910538
    },
    "erbbands_spread": {
        "dmean": 7.49495458603,
        "dmean2": 11.197508812,
        "dvar": 77.3416061401,
        "dvar2": 164.701400757,
        "max": 183.621612549,
        "mean": 42.050579071,
        "median": 42.833770752,
        "min": 1.1390029192,
        "var": 356.011505127
    },
    "hfc": {
        "dmean": 12.0849466324,
        "dmean2": 17.5993232727,
        "dvar": 250.258178711,
        "dvar2": 482.615753174,
        "max": 341.56048584,
        "mean": 46.0844306946,
        "median": 42.8375701904,
        "min": 1.08052982144e-16,
        "var": 1103.1550293
    },
    "melbands_crest": {
        "dmean": 3.18333482742,
        "dmean2": 4.87859678268,
        "dvar": 10.4006757736,
        "dvar2": 21.9643058777,
        "max": 37.1207885742,
        "mean": 13.1583633423,
        "median": 11.9773254395,
        "min": 2.017608881,
        "var": 37.3224868774
    },
    "melbands_flatness_db": {
        "dmean": 0.0218960624188,
        "dmean2": 0.030934035778,
        "dvar": 0.000702568911947,
        "dvar2": 0.00121234054677,
        "max": 0.851002454758,
        "mean": 0.143548250198,
        "median": 0.120547965169,
        "min": 0.00491253705695,
        "var": 0.00651627127081
    },
    "melbands_kurtosis": {
        "dmean": 6.03348588943,
        "dmean2": 9.33596897125,
        "dvar": 5750.85839844,
        "dvar2": 11563.9658203,
        "max": 3840.94067383,
        "mean": 8.78865718842,
        "median": 3.41273140907,
        "min": -1.80200815201,
        "var": 7183.66015625
    },
    "melbands_skewness": {
        "dmean": 0.582393944263,
        "dmean2": 0.860186934471,
        "dvar": 1.14181005955,
        "dvar2": 2.3735768795,
        "max": 47.0605659485,
        "mean": 1.95714604855,
        "median": 1.79572796822,
        "min": -2.08216643333,
        "var": 2.53463053703
    },
    "melbands_spread": {
        "dmean": 10.9788227081,
        "dmean2": 16.6082553864,
        "dvar": 218.988052368,
        "dvar2": 492.400360107,
        "max": 242.007736206,
        "mean": 45.5931663513,
        "median": 42.9508132935,
        "min": 0.077288672328,
        "var": 842.170959473
    },
    "pitch_salience": {
        "dmean": 0.06240587309,
        "dmean2": 0.0950800776482,
        "dvar": 0.00396159058437,
        "dvar2": 0.00848913285881,
        "max": 0.917059600353,
        "mean": 0.558354198933,
        "median": 0.56334143877,
        "min": 0.00784399174154,
        "var": 0.0135948741809
    },
    "silence_rate_20dB": {
        "dmean": 0,
        "dmean2": 0,
        "dvar": 0,
        "dvar2": 0,
        "max": 1,
        "mean": 1,
        "median": 1,
        "min": 1,
        "var": 0
    },
    "silence_rate_30dB": {
        "dmean": 0,
        "dmean2": 0,
        "dvar": 0,
        "dvar2": 0,
        "max": 1,
        "mean": 1,
        "median": 1,
        "min": 1,
        "var": 0
    },
    "silence_rate_60dB": {
        "dmean": 0.0142688928172,
        "dmean2": 0.0285397619009,
        "dvar": 0.0140628973022,
        "dvar2": 0.0334093794227,
        "max": 1,
        "mean": 0.0422496199608,
        "median": 0,
        "min": 0,
        "var": 0.0404604449868
    },
    "spectral_centroid": {
        "dmean": 246.228271484,
        "dmean2": 361.839355469,
        "dvar": 94620.390625,
        "dvar2": 172296.984375,
        "max": 11583.2890625,
        "mean": 2204.03369141,
        "median": 2337.83935547,
        "min": 62.778629303,
        "var": 769678.25
    },
    "spectral_complexity": {
        "dmean": 4.38622999191,
        "dmean2": 6.73108911514,
        "dvar": 25.4990196228,
        "dvar2": 52.7704124451,
        "max": 57,
        "mean": 22.0164146423,
        "median": 22,
        "min": 0,
        "var": 91.059753418
    },
    "spectral_decrease": {
        "dmean": 1.39315736725e-09,
        "dmean2": 2.10551176494e-09,
        "dvar": 2.23424254506e-18,
        "dvar2": 4.95171945447e-18,
        "max": 4.02847104201e-20,
        "mean": -5.38511768511e-09,
        "median": -4.98377028535e-09,
        "min": -2.40338451363e-08,
        "var": 9.65553370654e-18
    },
    "spectral_energy": {
        "dmean": 0.0059374095872,
        "dmean2": 0.00901732780039,
        "dvar": 3.81138597731e-05,
        "dvar2": 8.46176408231e-05,
        "max": 0.0957283899188,
        "mean": 0.0245046261698,
        "median": 0.0236299447715,
        "min": 1.01725670068e-20,
        "var": 0.000145600221003
    },
    "spectral_energyband_high": {
        "dmean": 0.00102750072256,
        "dmean2": 0.001468010596,
        "dvar": 2.49624667958e-06,
        "dvar2": 4.67069457954e-06,
        "max": 0.0338439084589,
        "mean": 0.00322203361429,
        "median": 0.0026005085092,
        "min": 7.56981655219e-21,
        "var": 1.08990616354e-05
    },
    "spectral_energyband_low": {
        "dmean": 0.0025401788298,
        "dmean2": 0.00383244967088,
        "dvar": 1.83026022569e-05,
        "dvar2": 4.15102549596e-05,
        "max": 0.0883427262306,
        "mean": 0.00634645670652,
        "median": 0.003320496995,
        "min": 4.33656845113e-23,
        "var": 6.88478612574e-05
    },
    "spectral_energyband_middle_high": {
        "dmean": 0.00203556497581,
        "dmean2": 0.00299181230366,
        "dvar": 5.37180403626e-06,
        "dvar2": 1.09810625872e-05,
        "max": 0.0404614880681,
        "mean": 0.00654428824782,
        "median": 0.00550108356401,
        "min": 1.21265687542e-21,
        "var": 2.36522428168e-05
    },
    "spectral_energyband_middle_low": {
        "dmean": 0.00323046068661,
        "dmean2": 0.00501741282642,
        "dvar": 1.89932852663e-05,
        "dvar2": 4.56747729913e-05,
        "max": 0.0751786902547,
        "mean": 0.00891681015491,
        "median": 0.00705634430051,
        "min": 2.0177109367e-22,
        "var": 5.92880787735e-05
    },
    "spectral_entropy": {
        "dmean": 0.158235624433,
        "dmean2": 0.206896424294,
        "dvar": 0.038783505559,
        "dvar2": 0.0609027221799,
        "max": 9.80955886841,
        "mean": 7.77188920975,
        "median": 7.92993354797,
        "min": 5.02210760117,
        "var": 0.339830458164
    },
    "spectral_flux": {
        "dmean": 0.0193330626935,
        "dmean2": 0.0296526495367,
        "dvar": 0.000477738678455,
        "dvar2": 0.00101553928107,
        "max": 0.297189354897,
        "mean": 0.0765053331852,
        "median": 0.0717047303915,
        "min": 6.59714505247e-11,
        "var": 0.00109532789793
    },
    "spectral_kurtosis": {
        "dmean": 1.38846564293,
        "dmean2": 2.27317237854,
        "dvar": 8.55738258362,
        "dvar2": 23.220369339,
        "max": 80.6073303223,
        "mean": 4.41833114624,
        "median": 3.03274464607,
        "min": -1.28601741791,
        "var": 29.751329422
    },
    "spectral_rms": {
        "dmean": 0.00060420675436,
        "dmean2": 0.000903241394553,
        "dvar": 3.85265991554e-07,
        "dvar2": 7.95573328105e-07,
        "max": 0.00966403353959,
        "mean": 0.00468575069681,
        "median": 0.00480141676962,
        "min": 3.15031030776e-12,
        "var": 1.95072266251e-06
    },
    "spectral_rolloff": {
        "dmean": 912.282592773,
        "dmean2": 1382.90637207,
        "dvar": 1788925.625,
        "dvar2": 3167129.25,
        "max": 19035.3515625,
        "mean": 4033.82788086,
        "median": 3682.17773438,
        "min": 64.599609375,
        "var": 8216822
    },
    "spectral_skewness": {
        "dmean": 0.168601691723,
        "dmean2": 0.264757931232,
        "dvar": 0.0608306452632,
        "dvar2": 0.14634335041,
        "max": 7.738073349,
        "mean": 1.500846982,
        "median": 1.36874079704,
        "min": -0.0434476584196,
        "var": 0.392996579409
    },
    "spectral_spread": {
        "dmean": 602359.375,
        "dmean2": 903058.625,
        "dvar": 727603806208,
        "dvar2": 1.54470921011e+12,
        "max": 47834900,
        "mean": 5930927.5,
        "median": 6227051,
        "min": 1150440.875,
        "var": 4.74285395149e+12
    },
    "spectral_strongpeak": {
        "dmean": 0.863031089306,
        "dmean2": 1.44701480865,
        "dvar": 3.28794384003,
        "dvar2": 7.82547521591,
        "max": 40.7713432312,
        "mean": 1.45947337151,
        "median": 0.510291814804,
        "min": 0,
        "var": 6.18506240845
    },
    "zerocrossingrate": {
        "dmean": 0.0176228024065,
        "dmean2": 0.0187984220684,
        "dvar": 0.000480127928313,
        "dvar2": 0.000439810042735,
        "max": 0.64892578125,
        "mean": 0.136438250542,
        "median": 0.1376953125,
        "min": 0.001953125,
        "var": 0.00562403118238
    },
    "barkbands": {
        "dmean": [0.000235001280089, 0.00181142205838, 0.000908499467187, 0.000570994685404, 0.000933157978579, 0.00112018443178, 0.000738902308512, 0.000658696517348, 0.000519311230164, 0.000546270108316, 0.000341395061696, 0.000250672339462, 0.000299376901239, 0.000155379922944, 0.000275004975265, 0.000294274155749, 0.000276708160527, 0.000517071108334, 0.000402467790991, 0.000364171079127, 0.000191635044757, 0.000233167724218, 0.000188200676348, 0.000219400448259, 0.000186987148481, 0.000169587641722, 0.000120109165437],
        "dmean2": [0.000339747726684, 0.00278861657716, 0.00145711714868, 0.00101566815283, 0.00144852872472, 0.00174805347342, 0.00114242872223, 0.000936186581384, 0.000791039376054, 0.000804418465123, 0.000511708494741, 0.000396668707253, 0.000482687639305, 0.000249134580372, 0.000446063786512, 0.000464907148853, 0.000443799828645, 0.000781387381721, 0.000629909918644, 0.000547073432244, 0.000311349955155, 0.000357633573003, 0.000278717576293, 0.000320526509313, 0.000261885579675, 0.000251056364505, 0.000192539358977],
        "dvar": [5.32842932444e-07, 1.18420057333e-05, 5.5342725318e-06, 2.79203277387e-06, 2.71328963208e-06, 2.97630549539e-06, 2.47400589615e-06, 1.65800543073e-06, 1.44705245475e-06, 1.16147350582e-06, 3.37775446724e-07, 2.22404011652e-07, 2.17493806076e-07, 7.44971515587e-08, 1.96716555934e-07, 1.92039834701e-07, 1.96963114263e-07, 8.64344315232e-07, 3.95785775709e-07, 3.88352646041e-07, 7.17215939972e-08, 1.22906186562e-07, 1.21890465721e-07, 1.9635487547e-07, 1.25766192127e-07, 9.58696162456e-08, 3.74223283472e-08],
        "dvar2": [1.29867794385e-06, 2.77632771031e-05, 1.29382178784e-05, 8.00771613285e-06, 6.19242928224e-06, 7.19656054571e-06, 5.76689717491e-06, 2.8038596156e-06, 3.2168566122e-06, 2.32200136452e-06, 6.42120710381e-07, 4.88579985358e-07, 5.7490638028e-07, 1.87703705024e-07, 4.56381542335e-07, 4.27085979027e-07, 4.67474905008e-07, 1.92331890503e-06, 9.18626312796e-07, 8.25130143767e-07, 1.78152632202e-07, 2.77108000546e-07, 2.55593363363e-07, 3.90901874425e-07, 2.24779256541e-07, 2.05035703971e-07, 8.84717081817e-08],
        "max": [0.028219781816, 0.0523631386459, 0.0401761010289, 0.0307027548552, 0.0273821502924, 0.0364523604512, 0.0450880266726, 0.0529642477632, 0.0613502003253, 0.0240463986993, 0.0228263381869, 0.0201869998127, 0.00988741591573, 0.00681381765753, 0.0140978246927, 0.0143346181139, 0.00979063846171, 0.0216271691024, 0.0122855110094, 0.0150260971859, 0.00427031517029, 0.00880191102624, 0.00606602896005, 0.00924498215318, 0.00793459173292, 0.0118202148005, 0.00330211198889],
        "mean": [0.000523088732734, 0.00385611597449, 0.0016220837133, 0.000718446855899, 0.00171520048752, 0.00242279539816, 0.00152111565694, 0.00125841866247, 0.000948521250393, 0.000899134553038, 0.000679129152559, 0.000441502488684, 0.000501579721458, 0.000245139555773, 0.000444423698355, 0.000532227160875, 0.000516776519362, 0.00103956391104, 0.000818031432573, 0.000807459291536, 0.000435894151451, 0.000578895094804, 0.000405863596825, 0.000443182972958, 0.000411135290051, 0.000460064969957, 0.000258848653175],
        "median": [2.26803786063e-05, 0.00103839498479, 0.000394211820094, 0.000240698660491, 0.000898327911273, 0.00131878419779, 0.000515919004101, 0.000480068556499, 0.000407069775974, 0.00036908412585, 0.000321269850247, 0.000168229467818, 0.000318392005283, 0.000128375599161, 0.000236342253629, 0.000277024606476, 0.000309956056299, 0.000421456526965, 0.000496589927934, 0.00045936065726, 0.000324928143527, 0.000385365390684, 0.000253629754297, 0.000251826480962, 0.000255777937127, 0.000342135841493, 0.000203694813536],
        "min": [2.74887871261e-24, 6.12406762447e-24, 6.91100528681e-24, 3.83025496073e-24, 2.61082130944e-23, 1.63031548254e-23, 1.29069256127e-23, 1.46795307766e-23, 3.62407306806e-23, 4.05246556036e-23, 2.75828276291e-23, 4.21522902213e-23, 8.07186207158e-23, 6.08229175974e-23, 6.33100761247e-23, 6.1597875618e-23, 4.93858323332e-23, 9.89620830672e-23, 1.48928684265e-22, 1.84894809309e-22, 4.18145151278e-22, 3.84735011297e-22, 5.35414714337e-22, 6.93903256814e-22, 1.13861956579e-21, 1.5689722954e-21, 1.98110160603e-21],
        "var": [2.22393578042e-06, 3.89199230995e-05, 9.28161807678e-06, 2.113373057e-06, 5.23302969668e-06, 9.82036453934e-06, 8.94987260835e-06, 5.62526884096e-06, 4.39349059889e-06, 2.55388022197e-06, 1.86974773442e-06, 9.10423352707e-07, 3.94391122427e-07, 1.20955320426e-07, 6.52789765354e-07, 7.352153375e-07, 4.6555956601e-07, 2.66303777607e-06, 1.1410705838e-06, 1.14183228561e-06, 2.05513913443e-07, 4.94010237162e-07, 3.0691575148e-07, 4.73799843803e-07, 3.53251465413e-07, 5.81930748922e-07, 8.68739036264e-08]
    },
    "erbbands": {
        "dmean": [0.0685791894794, 0.372138738632, 0.957517564297, 1.55569553375, 1.74922215939, 3.5828602314, 6.88242864609, 10.636505127, 9.93546485901, 13.5123939514, 9.788646698, 14.7627296448, 12.6574621201, 15.8488540649, 14.5368299484, 11.7536401749, 13.4598875046, 8.99700737, 12.6514492035, 13.9335813522, 11.8629398346, 13.046002388, 30.8660621643, 20.5808410645, 21.1467494965, 15.8252897263, 7.85186624527, 7.51358604431, 7.85230636597, 7.38637828827, 5.35784721375, 4.52017831802, 3.84414744377, 2.45688509941, 1.2169021368, 0.653366923332, 0.330353885889, 0.174667596817, 0.0169307850301, 0.00022919899493],
        "dmean2": [0.0942904949188, 0.595073342323, 1.53443145752, 2.64741325378, 2.90854763985, 5.61026620865, 10.5151920319, 16.7146701813, 15.1758928299, 19.925321579, 14.313035965, 22.3749656677, 19.1485004425, 23.2230396271, 21.9223747253, 18.3807487488, 21.6442146301, 14.4524650574, 20.7514820099, 22.0342826843, 19.1947994232, 20.7446784973, 46.3174095154, 32.4708061218, 31.8153324127, 24.4963378906, 12.7153720856, 12.1081819534, 12.2160339355, 11.3101243973, 7.94004297256, 6.77689599991, 5.53571033478, 3.53511786461, 1.73621082306, 0.981704354286, 0.493484169245, 0.272318601608, 0.0269836392254, 0.000359136698535],
        "dvar": [0.0205175187439, 0.603180229664, 6.47120046616, 18.7143306732, 18.5231285095, 45.8397331238, 157.505859375, 306.94354248, 428.987823486, 693.804138184, 321.660095215, 1186.01428223, 885.088989258, 967.018554688, 721.360778809, 502.020904541, 436.800109863, 205.771240234, 373.266357422, 495.911346436, 232.404220581, 370.572723389, 3293.00219727, 1314.17150879, 1134.10803223, 673.693969727, 124.169677734, 98.5475311279, 133.288787842, 164.464645386, 96.2910232544, 79.7566986084, 63.681438446, 26.3261680603, 4.43465948105, 1.43078196049, 0.471379071474, 0.075904712081, 0.000831352546811, 1.45407312857e-07],
        "dvar2": [0.0386312194169, 1.47814893723, 15.7824773788, 51.4565238953, 47.5990142822, 108.198905945, 309.971099854, 732.52520752, 946.765808105, 1347.85852051, 636.247436523, 2637.12475586, 2003.5411377, 1819.02783203, 1372.97106934, 1078.53112793, 1153.234375, 520.726745605, 960.409301758, 1192.54650879, 584.52911377, 896.070922852, 7111.43603516, 3326.05053711, 2365.11547852, 1527.56628418, 313.586090088, 248.595565796, 298.526794434, 382.519012451, 198.853057861, 163.217971802, 123.118278503, 49.9086036682, 8.34037971497, 3.16744732857, 1.0812202692, 0.170173287392, 0.00194807478692, 3.31792307406e-07],
        "max": [3.14293503761, 14.2095794678, 54.5823936462, 85.1748504639, 73.5128250122, 113.487800598, 265.417755127, 458.448272705, 697.27532959, 985.717102051, 444.803924561, 1771.57653809, 999.143859863, 666.874145508, 1011.60906982, 1038.59790039, 444.690795898, 306.257995605, 406.412384033, 525.410583496, 306.839019775, 362.939239502, 1456.99609375, 700.8828125, 614.188598633, 656.836914062, 226.246505737, 158.522949219, 379.185028076, 340.730957031, 189.146072388, 190.457366943, 175.273406982, 143.409667969, 49.6232376099, 33.8228492737, 39.1415100098, 6.1586151123, 0.390508770943, 0.00503599783406],
        "mean": [0.155913382769, 0.693105399609, 1.6513698101, 2.42920136452, 2.61255407333, 6.34656572342, 14.2490854263, 22.7328701019, 21.7432575226, 27.8038272858, 19.299413681, 27.4525413513, 22.6518268585, 27.564201355, 29.8744869232, 22.1961040497, 23.3815402985, 16.066608429, 20.7025165558, 26.554069519, 23.6057796478, 28.1062850952, 63.8249473572, 42.1319961548, 45.1090774536, 35.8861694336, 17.6840457916, 17.6212444305, 19.2011318207, 17.9340019226, 11.5382804871, 9.08111667633, 7.45245933533, 4.93553590775, 2.74407100677, 1.58629381657, 0.871147871017, 0.434270530939, 0.0351545736194, 0.000536196806934],
        "median": [0.0258553866297, 0.251828968525, 0.54607963562, 0.94434261322, 0.961876094341, 3.17027378082, 6.80982494354, 11.2689743042, 7.92748785019, 10.6924171448, 8.90738582611, 12.0841636658, 10.1920127869, 12.2301292419, 14.175775528, 10.3529415131, 15.2036533356, 10.518415451, 12.3697309494, 14.7605800629, 16.5450611115, 19.6550483704, 27.8314056396, 24.8333816528, 27.9646606445, 23.3289775848, 13.9388084412, 13.483745575, 13.7416172028, 10.4998416901, 7.07791376114, 5.21896839142, 4.09673976898, 2.85634756088, 1.80132222176, 1.08718252182, 0.620854616165, 0.348648607731, 0.0274412054569, 0.000432118016761],
        "min": [1.06299877881e-22, 2.29596217087e-21, 1.05692671574e-20, 1.74292835802e-20, 1.08538067868e-20, 7.49869598317e-20, 1.4069746391e-19, 1.36392208541e-19, 1.68572494125e-19, 2.12567271151e-19, 5.28165781258e-19, 7.55825841565e-19, 1.2771275747e-18, 1.20710518489e-18, 1.81348802749e-18, 1.65880535634e-18, 3.50405163929e-18, 3.56509591413e-18, 3.78671869334e-18, 3.45470059638e-18, 4.05448987893e-18, 4.07371810586e-18, 6.00858165335e-18, 8.13321035954e-18, 9.45205885638e-18, 9.45352544761e-18, 1.39678396524e-17, 1.84549454053e-17, 1.49612984573e-17, 1.67136656958e-17, 1.78808787514e-17, 1.22193179766e-17, 1.24838412375e-17, 1.15113092749e-17, 8.22589594717e-18, 6.04589122129e-18, 3.03399343491e-18, 9.42105881536e-19, 2.74710636386e-19, 2.73292525699e-20],
        "var": [0.084560751915, 1.29663574696, 9.06364250183, 18.1103458405, 22.7534255981, 83.1056213379, 497.193878174, 1103.22949219, 1674.64306641, 2620.46069336, 954.890136719, 3580.10644531, 1748.72485352, 2384.66650391, 4211.08837891, 2157.8840332, 781.50213623, 338.874816895, 799.598815918, 1583.30969238, 625.229736328, 963.061523438, 10342.3945312, 3533.91748047, 3299.40869141, 2004.04785156, 311.134155273, 296.247070312, 541.151611328, 649.575622559, 243.680038452, 185.591369629, 143.971939087, 60.9902038574, 13.2599391937, 6.43788385391, 2.91385197639, 0.254567444324, 0.00162851507775, 3.31256444497e-07]
    },
    "gfcc": {
        "mean": [29.6609363556, 26.3741950989, -114.07875824, 14.711309433, -60.1814537048, 0.791014909744, -33.2014503479, 8.74478340149, -22.5467357635, 6.25092697144, -12.1746368408, 9.52086353302, -11.6701097488],
        "cov": [[15362.3583984, -1232.40136719, 2385.03955078, 1840.89916992, 686.795532227, 34.7501678467, -345.474365234, 211.53288269, -224.492263794, 106.979621887, -296.038787842, 23.3105583191, -559.010925293], [-1232.40136719, 3854.40649414, -114.148002625, 89.8857803345, -8.76809501648, -62.3471107483, 228.858093262, -256.070617676, 359.297576904, -39.6130332947, 272.50894165, -202.255355835, 269.173980713], [2385.03955078, -114.148002625, 1868.42333984, 640.34197998, 652.847106934, 368.1434021, 133.705764771, 172.279067993, 27.5884017944, 73.0561981201, -84.3313674927, 15.84461689, -163.093383789], [1840.89916992, 89.8857803345, 640.34197998, 766.482055664, 336.091949463, 197.689315796, 107.845359802, 140.935241699, 43.1980552673, 55.9218864441, -23.4477787018, 21.3367958069, -75.8396072388], [686.795532227, -8.76809501648, 652.847106934, 336.091949463, 537.305969238, 194.224105835, 150.644058228, 128.851348877, 32.4920730591, 38.4130516052, -10.4924812317, 29.4191055298, -66.9751663208], [34.7501678467, -62.3471107483, 368.1434021, 197.689315796, 194.224105835, 280.711303711, 133.292434692, 94.96900177, 55.9736442566, 41.2957878113, -14.8166828156, 5.26552724838, -17.5354442596], [-345.474365234, 228.858093262, 133.705764771, 107.845359802, 150.644058228, 133.292434692, 207.026016235, 87.3905944824, 88.7713699341, 27.4363708496, 39.0949249268, 9.08460617065, 17.7932529449], [211.53288269, -256.070617676, 172.279067993, 140.935241699, 128.851348877, 94.96900177, 87.3905944824, 190.666427612, 60.6094703674, 65.7409591675, 17.759185791, 39.6329803467, -35.0118408203], [-224.492263794, 359.297576904, 27.5884017944, 43.1980552673, 32.4920730591, 55.9736442566, 88.7713699341, 60.6094703674, 195.415863037, 76.243309021, 77.695930481, -16.9480781555, 34.6250686646], [106.979621887, -39.6130332947, 73.0561981201, 55.9218864441, 38.4130516052, 41.2957878113, 27.4363708496, 65.7409591675, 76.243309021, 108.257713318, 55.7100143433, 21.248342514, -1.95235645771], [-296.038787842, 272.50894165, -84.3313674927, -23.4477787018, -10.4924812317, -14.8166828156, 39.0949249268, 17.759185791, 77.695930481, 55.7100143433, 139.261947632, 42.7951126099, 59.4154167175], [23.3105583191, -202.255355835, 15.84461689, 21.3367958069, 29.4191055298, 5.26552724838, 9.08460617065, 39.6329803467, -16.9480781555, 21.248342514, 42.7951126099, 137.879516602, 47.5419960022], [-559.010925293, 269.173980713, -163.093383789, -75.8396072388, -66.9751663208, -17.5354442596, 17.7932529449, -35.0118408203, 34.6250686646, -1.95235645771, 59.4154167175, 47.5419960022, 134.389007568]],
        "icov": [[0.000135412366944, 1.84428790817e-05, -0.000123570833239, -0.00031749199843, 5.50794320588e-05, 0.000244620401645, 0.000230145364185, 4.62837597297e-05, -3.59511504939e-05, -5.36502666364e-05, 3.92050460505e-05, -7.91021739133e-05, 0.000257282052189], [1.84428790817e-05, 0.000717431190424, -0.000151838685269, -0.000405043421779, -8.37914994918e-05, 0.000539831409696, -0.000664674444124, 0.00110102863982, -0.000912784365937, 0.000872096628882, -0.00123281218112, 0.00135403778404, -0.0010556965135], [-0.000123570833239, -0.000151838685269, 0.00134349858854, -4.92984236189e-06, -0.00107769528404, -0.00118696002755, 0.000537103624083, 7.68412937759e-05, -1.92041843547e-05, -0.000327226967784, 0.000498154666275, -0.000456706271507, 0.000616248347796], [-0.00031749199843, -0.000405043421779, -4.92984236189e-06, 0.0030212411657, -0.000634108786471, -0.00121306534857, -0.000150682739331, -0.00116783659905, 0.000397442781832, -0.000461742194602, 0.000698790187016, -0.000662347651087, 0.000247272197157], [5.50794320588e-05, -8.37914994918e-05, -0.00107769528404, -0.000634108786471, 0.00438094325364, -0.000142589982715, -0.00196961150505, -0.000530980469193, 0.000595062330831, 0.000182849355042, -0.000221670226892, -0.000884237990249, 0.00127852836158], [0.000244620401645, 0.000539831409696, -0.00118696002755, -0.00121306534857, -0.000142589982715, 0.00825366657227, -0.00385756790638, 0.000200880807824, -0.000607027497608, -0.00163382396568, 0.00182360038161, 0.0011883743573, -0.00171377346851], [0.000230145364185, -0.000664674444124, 0.000537103624083, -0.000150682739331, -0.00196961150505, -0.00385756790638, 0.011984997429, -0.00387764396146, -0.00207822513767, 0.00292860879563, -0.00122565333731, -0.000511804770213, 7.43639902794e-05], [4.62837597297e-05, 0.00110102863982, 7.68412937759e-05, -0.00116783659905, -0.000530980469193, 0.000200880807824, -0.00387764396146, 0.012456686236, -0.0033790115267, -0.00253906124271, -0.000270081422059, -0.00231650401838, 0.00271432870068], [-3.59511504939e-05, -0.000912784365937, -1.92041843547e-05, 0.000397442781832, 0.000595062330831, -0.000607027497608, -0.00207822513767, -0.0033790115267, 0.0128143811598, -0.00675642676651, -0.00177078717388, 0.00360598391853, -0.00240064272657], [-5.36502666364e-05, 0.000872096628882, -0.000327226967784, -0.000461742194602, 0.000182849355042, -0.00163382396568, 0.00292860879563, -0.00253906124271, -0.00675642676651, 0.0202511828393, -0.00777188828215, -0.000179969050805, 0.00173579296097], [3.92050460505e-05, -0.00123281218112, 0.000498154666275, 0.000698790187016, -0.000221670226892, 0.00182360038161, -0.00122565333731, -0.000270081422059, -0.00177078717388, -0.00777188828215, 0.017070883885, -0.00570208858699, -0.00133614090737], [-7.91021739133e-05, 0.00135403778404, -0.000456706271507, -0.000662347651087, -0.000884237990249, 0.0011883743573, -0.000511804770213, -0.00231650401838, 0.00360598391853, -0.000179969050805, -0.00570208858699, 0.015483463183, -0.00867870077491], [0.000257282052189, -0.0010556965135, 0.000616248347796, 0.000247272197157, 0.00127852836158, -0.00171377346851, 7.43639902794e-05, 0.00271432870068, -0.00240064272657, 0.00173579296097, -0.00133614090737, -0.00867870077491, 0.0169287528843]]
    },
    "melbands": {
        "dmean": [0.000538563763257, 0.000475352950161, 0.000266154500423, 0.000176743895281, 0.000227027674555, 0.000223537528655, 0.00015688399435, 0.000150731168105, 7.26801154087e-05, 9.45635620155e-05, 6.32115479675e-05, 6.68039574521e-05, 4.43762837676e-05, 3.58420365956e-05, 2.47685966315e-05, 3.10957839247e-05, 1.72308555193e-05, 1.92481311387e-05, 1.73979697138e-05, 2.74726280622e-05, 1.24684675029e-05, 1.14738331831e-05, 3.18141719617e-05, 2.15577292693e-05, 1.79544822458e-05, 1.56580153998e-05, 1.68760088854e-05, 9.69021130004e-06, 5.19725153936e-06, 5.64269976167e-06, 4.85527834826e-06, 4.93751849717e-06, 5.17097487318e-06, 3.9742417357e-06, 3.21231391354e-06, 3.24056031786e-06, 2.82781229544e-06, 3.08532821691e-06, 2.47876778303e-06, 2.0330312509e-06],
        "dmean2": [0.00078135781223, 0.000747581885662, 0.00044655482634, 0.000280568870949, 0.000346695363987, 0.000351077324012, 0.00023981310369, 0.000219563764404, 0.000106683444756, 0.000143649187521, 9.55961804721e-05, 9.77682357188e-05, 6.70947338222e-05, 5.55063124921e-05, 3.97048934246e-05, 4.9916216085e-05, 2.76904738712e-05, 3.19110731652e-05, 2.76423688774e-05, 4.30331201642e-05, 2.07018947549e-05, 1.85410408449e-05, 4.91771170346e-05, 3.26275803673e-05, 2.86491595034e-05, 2.45672399615e-05, 2.44367147388e-05, 1.54102472152e-05, 8.4390721895e-06, 9.36076139624e-06, 7.84789608588e-06, 7.77670084062e-06, 8.01607802714e-06, 6.20908849669e-06, 4.86581529913e-06, 4.84963811687e-06, 4.29948022429e-06, 4.50630886917e-06, 3.66497238247e-06, 2.97623387269e-06],
        "dvar": [1.06251764009e-06, 1.23506765703e-06, 5.0484464964e-07, 1.35296261305e-07, 1.52091601535e-07, 1.30666506948e-07, 1.09630825307e-07, 9.22828746752e-08, 1.7178406253e-08, 5.26567696113e-08, 2.17044338058e-08, 1.91627123058e-08, 6.27235285933e-09, 3.83735931919e-09, 1.45649603489e-09, 2.6782507323e-09, 9.53791046143e-10, 8.24907031571e-10, 1.17165932512e-09, 1.92493421203e-09, 3.05501846043e-10, 2.86560664087e-10, 3.40197470194e-09, 1.44042944239e-09, 1.19929788323e-09, 6.62273846874e-10, 9.91513759985e-10, 2.31098085113e-10, 5.94490498496e-11, 8.71421060311e-11, 4.77075601246e-11, 4.81306453026e-11, 9.92560686419e-11, 5.6478498961e-11, 3.06703239195e-11, 4.06340031067e-11, 3.02972855137e-11, 4.89668236514e-11, 2.56886352468e-11, 1.64776994133e-11],
        "dvar2": [2.24424911721e-06, 3.01783688883e-06, 1.3740597069e-06, 3.05985395244e-07, 3.13710671662e-07, 3.1481246765e-07, 2.47611808391e-07, 1.67736430967e-07, 3.48536914885e-08, 1.16343805701e-07, 4.89950480187e-08, 3.55979565825e-08, 1.19630652051e-08, 8.04234101537e-09, 3.5845506563e-09, 7.07955249979e-09, 2.37729236297e-09, 2.1972128561e-09, 2.36096364681e-09, 4.13750456119e-09, 8.12485190238e-10, 7.17833459341e-10, 7.65688223936e-09, 3.41632877543e-09, 3.05248160082e-09, 1.46692591407e-09, 2.03525574172e-09, 5.3591348026e-10, 1.48360393415e-10, 2.28158936189e-10, 1.17364631902e-10, 1.11696159266e-10, 2.25955892885e-10, 1.36901476266e-10, 6.43133810097e-11, 8.74092326297e-11, 6.29548843611e-11, 1.0148386298e-10, 5.03863790968e-11, 3.19776254087e-11],
        "max": [0.0197690501809, 0.0260760523379, 0.0140852853656, 0.00518032722175, 0.00826782826334, 0.00882367603481, 0.0106597160921, 0.0123402634636, 0.00330031616613, 0.0120489858091, 0.00489514600486, 0.00295979739167, 0.00287120300345, 0.00225449632853, 0.00124112598132, 0.00131421792321, 0.000674714858178, 0.000489579688292, 0.00135552079882, 0.00153835432138, 0.000277483457467, 0.000316908030072, 0.00122968154028, 0.000720521842595, 0.000675846473314, 0.000479326758068, 0.000706410617568, 0.000318822450936, 0.00020812159346, 0.000175211564056, 0.000109570653876, 0.000146796097397, 0.000270124262897, 0.000209802485188, 0.000112193956738, 0.000110200766358, 0.000113584996143, 0.00018411797646, 9.04009939404e-05, 0.000122555240523],
        "mean": [0.00122281408403, 0.000897668593097, 0.000430616404628, 0.000290233554551, 0.000479513255414, 0.000479033449665, 0.000334466196364, 0.000307444977807, 0.000138664327096, 0.00017186490004, 0.00010885590018, 0.000110528861114, 9.03006657609e-05, 6.78479627823e-05, 4.29240462836e-05, 5.20443500136e-05, 2.6868081477e-05, 2.99346902466e-05, 3.01027630485e-05, 4.90561615152e-05, 2.25913590839e-05, 2.27560612984e-05, 6.21810468147e-05, 4.31576554547e-05, 3.30354523612e-05, 2.81761458609e-05, 3.65015766874e-05, 1.99063451873e-05, 1.0337724234e-05, 1.14202075565e-05, 9.87436033029e-06, 1.04255432234e-05, 1.21945331557e-05, 8.79488743522e-06, 6.59530314806e-06, 5.90671425016e-06, 5.39544589628e-06, 5.54737471248e-06, 4.57807391285e-06, 3.95987854063e-06],
        "median": [0.000273048994131, 0.000426903396146, 0.000190286358702, 0.000129493011627, 0.00025280227419, 0.000245182774961, 0.000116136165161, 0.000118082512927, 6.58994540572e-05, 7.23190896679e-05, 4.62734278699e-05, 4.27068116551e-05, 4.11147120758e-05, 3.22162813973e-05, 2.43339236476e-05, 3.17576668749e-05, 1.40865367939e-05, 1.86447905435e-05, 1.42576009239e-05, 2.22373910219e-05, 1.56796413648e-05, 1.44518244269e-05, 2.34392773564e-05, 2.03752788366e-05, 1.48382769112e-05, 1.53735345521e-05, 1.69482100318e-05, 1.31446422529e-05, 7.6417109085e-06, 7.17608054401e-06, 7.33045089873e-06, 7.45059151086e-06, 6.3805746322e-06, 5.19952664035e-06, 4.02913701691e-06, 3.417603466e-06, 2.96240614261e-06, 2.84421298602e-06, 2.5561143957e-06, 2.26772954193e-06],
        "min": [1.82548546862e-24, 5.15753157757e-24, 3.12851033186e-24, 2.48919438009e-24, 4.50236800186e-24, 3.31521635318e-24, 2.31557082801e-24, 2.12452902994e-24, 4.36488768988e-24, 5.12792168349e-24, 5.43084348223e-24, 4.48017931674e-24, 5.25654782067e-24, 4.64623453729e-24, 6.83242369659e-24, 7.88342386948e-24, 5.94440218673e-24, 5.69316221576e-24, 4.23327137544e-24, 3.99334288099e-24, 4.63223146736e-24, 2.73812890506e-24, 4.99765944879e-24, 5.904771787e-24, 6.47918716602e-24, 4.13764526207e-24, 7.50354632285e-24, 4.71309128787e-24, 6.99709131081e-24, 9.69779132971e-24, 1.00414428059e-23, 7.83087863344e-24, 6.58222817746e-24, 8.09324824849e-24, 8.59459144187e-24, 7.22379179117e-24, 6.99563980674e-24, 7.32161133228e-24, 9.38007681128e-24, 7.95218887459e-24],
        "var": [4.31567832493e-06, 1.98747738978e-06, 5.08439313762e-07, 2.1893156088e-07, 4.50953990594e-07, 4.54652052895e-07, 4.11506761111e-07, 3.41307014651e-07, 4.77517474451e-08, 1.59406567946e-07, 4.22459649485e-08, 4.66885516914e-08, 3.84826499555e-08, 1.72903042994e-08, 4.16547507598e-09, 4.96750596213e-09, 1.50752466066e-09, 1.35192057549e-09, 5.30371657703e-09, 7.98729438145e-09, 6.14314710212e-10, 8.55875037509e-10, 1.00589510055e-08, 3.73970276968e-09, 3.09751091443e-09, 1.67614000457e-09, 2.89976465062e-09, 6.21186546645e-10, 1.35282104963e-10, 2.37373343204e-10, 1.08711685487e-10, 1.40029376983e-10, 3.84840187495e-10, 1.94517402186e-10, 7.74547231908e-11, 7.59764751113e-11, 7.37237562665e-11, 1.01695443733e-10, 5.03094649273e-11, 3.86921952811e-11]
    },
    "mfcc": {
        "mean": [-617.444458008, 74.0051803589, -4.15640211105, 15.2131719589, -6.86899280548, -3.94598460197, -3.86012172699, 1.18102049828, -4.59506845474, -1.67620539665, 0.42343133688, -0.622102856636, 2.97133278847],
        "cov": [[8316.40136719, -269.793273926, 660.339416504, 758.054931641, 557.130554199, 81.1373748779, 101.785606384, 63.4925003052, -46.8875732422, -23.042137146, 35.5996932983, -40.751537323, -8.47208595276], [-269.793273926, 2872.12988281, 177.62322998, 202.185211182, -57.2456932068, 183.375228882, -98.3127822876, -67.5339355469, 2.28693294525, 106.30695343, 9.88852119446, 42.3520851135, 60.95677948], [660.339416504, 177.62322998, 884.53527832, 322.004394531, 406.082275391, 276.093902588, 201.426925659, 144.22668457, 127.616661072, 91.7997817993, 59.9053001404, 53.0561065674, 25.224603653], [758.054931641, 202.185211182, 322.004394531, 501.73828125, 298.224182129, 168.721572876, 160.118164062, 132.994354248, 81.3485641479, 66.9843215942, 69.4383773804, 19.1322669983, 68.129524231], [557.130554199, -57.2456932068, 406.082275391, 298.224182129, 438.293304443, 193.87638855, 203.61227417, 128.814285278, 100.379402161, 61.7616653442, 69.8732452393, 42.9662361145, 8.05539894104], [81.1373748779, 183.375228882, 276.093902588, 168.721572876, 193.87638855, 260.375854492, 138.571884155, 102.880699158, 97.3877563477, 62.9552841187, 32.4481811523, 25.1262016296, 30.7639942169], [101.785606384, -98.3127822876, 201.426925659, 160.118164062, 203.61227417, 138.571884155, 218.557571411, 124.868247986, 77.6843643188, 38.4457244873, 42.6078186035, 24.119140625, 17.3001155853], [63.4925003052, -67.5339355469, 144.22668457, 132.994354248, 128.814285278, 102.880699158, 124.868247986, 165.70223999, 90.3739776611, 43.3274078369, 43.2827453613, 26.222694397, 37.930355072], [-46.8875732422, 2.28693294525, 127.616661072, 81.3485641479, 100.379402161, 97.3877563477, 77.6843643188, 90.3739776611, 131.847183228, 79.9988250732, 58.2922058105, 33.1253433228, 15.1428012848], [-23.042137146, 106.30695343, 91.7997817993, 66.9843215942, 61.7616653442, 62.9552841187, 38.4457244873, 43.3274078369, 79.9988250732, 122.116188049, 77.4836807251, 42.5578041077, 25.2111053467], [35.5996932983, 9.88852119446, 59.9053001404, 69.4383773804, 69.8732452393, 32.4481811523, 42.6078186035, 43.2827453613, 58.2922058105, 77.4836807251, 136.96395874, 73.6577835083, 17.9419555664], [-40.751537323, 42.3520851135, 53.0561065674, 19.1322669983, 42.9662361145, 25.1262016296, 24.119140625, 26.222694397, 33.1253433228, 42.5578041077, 73.6577835083, 102.084381104, 31.9568729401], [-8.47208595276, 60.95677948, 25.224603653, 68.129524231, 8.05539894104, 30.7639942169, 17.3001155853, 37.930355072, 15.1428012848, 25.2111053467, 17.9419555664, 31.9568729401, 129.898132324]],
