{
"lowlevel": {
    "average_loudness": 0.898652791977,
    "barkbands_crest": {
        "dmean": 2.59706139565,
        "dmean2": 3.37169885635,
        "dvar": 7.23846149445,
        "dvar2": 12.2496852875,
        "max": 26.6052322388,
        "mean": 10.1731948853,
        "median": 8.1934709549,
        "min": 1.57175648212,
        "var": 42.4230232239
    },
    "barkbands_flatness_db": {
        "dmean": 0.027205273509,
        "dmean2": 0.0353296473622,
        "dvar": 0.00179391913116,
        "dvar2": 0.0031870091334,
        "max": 0.552423477173,
        "mean": 0.111787296832,
        "median": 0.0901399627328,
        "min": 0.0099192596972,
        "var": 0.00774283753708
    },
    "barkbands_kurtosis": {
        "dmean": 13.5098791122,
        "dmean2": 20.0049209595,
        "dvar": 7498.27099609,
        "dvar2": 18623.03125,
        "max": 1959.63293457,
        "mean": 13.5006189346,
        "median": -0.24844622612,
        "min": -1.85847461224,
        "var": 6704.10644531
    },
    "barkbands_skewness": {
        "dmean": 0.836769402027,
        "dmean2": 1.11092412472,
        "dvar": 3.46499466896,
        "dvar2": 7.14125680923,
        "max": 37.5346298218,
        "mean": 1.65371239185,
        "median": 0.898428082466,
        "min": -2.26623773575,
        "var": 8.20714092255
    },
    "barkbands_spread": {
        "dmean": 7.64401483536,
        "dmean2": 10.84171772,
        "dvar": 71.4775848389,
        "dvar2": 144.597488403,
        "max": 104.971305847,
        "mean": 40.2901687622,
        "median": 41.9488830566,
        "min": 0.137848496437,
        "var": 571.605529785
    },
    "dissonance": {
        "dmean": 0.0120144607499,
        "dmean2": 0.0200338270515,
        "dvar": 0.000202526192879,
        "dvar2": 0.000492913124617,
        "max": 0.500000119209,
        "mean": 0.475481539965,
        "median": 0.4827516675,
        "min": 0.20957583189,
        "var": 0.000663801503833
    },
    "dynamic_complexity": 2.0319647789,
    "erbbands_crest": {
        "dmean": 1.99496793747,
        "dmean2": 3.24990105629,
        "dvar": 5.47150802612,
        "dvar2": 12.5409173965,
        "max": 27.2019767761,
        "mean": 6.29486894608,
        "median": 5.20788097382,
        "min": 2.174503088,
        "var": 12.0839347839
    },
    "erbbands_flatness_db": {
        "dmean": 0.014262393117,
        "dmean2": 0.0215463209897,
        "dvar": 0.000459002039861,
        "dvar2": 0.000987594830804,
        "max": 0.335148632526,
        "mean": 0.119779936969,
        "median": 0.104568883777,
        "min": 0.0473295673728,
        "var": 0.00211548199877
    },
    "erbbands_kurtosis": {
        "dmean": 1.42539691925,
        "dmean2": 2.4358587265,
        "dvar": 67.1739120483,
        "dvar2": 183.670593262,
        "max": 139.012527466,
        "mean": 0.311767995358,
        "median": -0.506287097931,
        "min": -1.77348875999,
        "var": 44.1653060913
    },
    "erbbands_skewness": {
        "dmean": 0.388497233391,
        "dmean2": 0.589037418365,
        "dvar": 0.521728694439,
        "dvar2": 1.14339983463,
        "max": 10.9466772079,
        "mean": -0.0788587406278,
        "median": -0.233559429646,
        "min": -2.29841709137,
        "var": 0.913157641888
    },
    "erbbands_spread": {
        "dmean": 9.91611480713,
        "dmean2": 15.1665210724,
        "dvar": 163.149673462,
        "dvar2": 358.237854004,
        "max": 154.133758545,
        "mean": 48.8248023987,
        "median": 46.8820228577,
        "min": 3.89212870598,
        "var": 348.699005127
    },
    "hfc": {
        "dmean": 13.2221412659,
        "dmean2": 20.8637866974,
        "dvar": 331.878479004,
        "dvar2": 832.563171387,
        "max": 202.667068481,
        "mean": 48.7906570435,
        "median": 46.8450241089,
        "min": 1.05849260495e-16,
        "var": 1182.35974121
    },
    "melbands_crest": {
        "dmean": 3.68916487694,
        "dmean2": 5.39656543732,
        "dvar": 14.9630270004,
        "dvar2": 28.7352790833,
        "max": 37.0792045593,
        "mean": 16.9632911682,
        "median": 14.4409790039,
        "min": 1.63075327873,
        "var": 84.3268203735
    },
    "melbands_flatness_db": {
        "dmean": 0.0348269566894,
        "dmean2": 0.0450538210571,
        "dvar": 0.00273483223282,
        "dvar2": 0.00484507158399,
        "max": 0.693042695522,
        "mean": 0.163232237101,
        "median": 0.137399733067,
        "min": 0.00328405736946,
        "var": 0.0132145173848
    },
    "melbands_kurtosis": {
        "dmean": 20.3102970123,
        "dmean2": 28.4965629578,
        "dvar": 3847.09301758,
        "dvar2": 8716.84179688,
        "max": 1288.01696777,
        "mean": 31.3128967285,
        "median": 5.90180492401,
        "min": -1.56182086468,
        "var": 6520.7734375
    },
    "melbands_skewness": {
        "dmean": 1.11999821663,
        "dmean2": 1.51308012009,
        "dvar": 3.5617556572,
        "dvar2": 7.04237508774,
        "max": 26.9891242981,
        "mean": 3.441157341,
        "median": 2.30841946602,
        "min": -0.657784104347,
        "var": 10.8254423141
    },
    "melbands_spread": {
        "dmean": 11.7565479279,
        "dmean2": 17.4974117279,
        "dvar": 204.737731934,
        "dvar2": 427.528686523,
        "max": 160.858840942,
        "mean": 43.7687110901,
        "median": 35.7320632935,
        "min": 0.259187579155,
        "var": 1156.12683105
    },
    "pitch_salience": {
        "dmean": 0.0802911743522,
        "dmean2": 0.11510514468,
        "dvar": 0.0102581605315,
        "dvar2": 0.0191470049322,
        "max": 0.891573488712,
        "mean": 0.506507337093,
        "median": 0.566265165806,
        "min": 0.0259438026696,
        "var": 0.0386069379747
    },
    "silence_rate_20dB": {
        "dmean": 0,
        "dmean2": 0,
        "dvar": 0,
        "dvar2": 0,
        "max": 1,
        "mean": 1,
        "median": 1,
        "min": 1,
        "var": 0
    },
    "silence_rate_30dB": {
        "dmean": 0.0484339036047,
        "dmean2": 0.0968775004148,
        "dvar": 0.0460905693471,
        "dvar2": 0.0909032672644,
        "max": 1,
        "mean": 0.921452879906,
        "median": 1,
        "min": 0,
        "var": 0.0723740980029
    },
    "silence_rate_60dB": {
        "dmean": 0.00300210155547,
        "dmean2": 0.00600480381399,
        "dvar": 0.00299332197756,
        "dvar2": 0.00757070956752,
        "max": 1,
        "mean": 0.0304182507098,
        "median": 0,
        "min": 0,
        "var": 0.0294931568205
    },
    "spectral_centroid": {
        "dmean": 328.607940674,
        "dmean2": 480.00479126,
        "dvar": 143334.765625,
        "dvar2": 262723.5,
        "max": 11724.5664062,
        "mean": 2305.51293945,
        "median": 2579.83618164,
        "min": 92.5603942871,
        "var": 1226808.625
    },
    "spectral_complexity": {
        "dmean": 5.0731511116,
        "dmean2": 7.88750982285,
        "dvar": 34.0766448975,
        "dvar2": 73.0534439087,
        "max": 63,
        "mean": 27.8100852966,
        "median": 29,
        "min": 0,
        "var": 176.162902832
    },
    "spectral_decrease": {
        "dmean": 3.1643159204e-09,
        "dmean2": 4.02638677954e-09,
        "dvar": 3.47933242202e-17,
        "dvar2": 5.59577824399e-17,
        "max": 1.71778001008e-28,
        "mean": -9.91554038876e-09,
        "median": -5.88107962329e-09,
        "min": -9.40598710031e-08,
        "var": 1.1751458501e-16
    },
    "spectral_energy": {
        "dmean": 0.0121570955962,
        "dmean2": 0.0155351543799,
        "dvar": 0.000472677085781,
        "dvar2": 0.000748753547668,
        "max": 0.359052330256,
        "mean": 0.0418489910662,
        "median": 0.0283769965172,
        "min": 1.01221477635e-20,
        "var": 0.00164322415367
    },
    "spectral_energyband_high": {
        "dmean": 0.00127881614026,
        "dmean2": 0.00202627992257,
        "dvar": 3.30282909999e-06,
        "dvar2": 8.10616438685e-06,
        "max": 0.0211577322334,
        "mean": 0.00408769631758,
        "median": 0.00389345129952,
        "min": 7.29323207383e-21,
        "var": 1.28598794618e-05
    },
    "spectral_energyband_low": {
        "dmean": 0.0112642329186,
        "dmean2": 0.014754482545,
        "dvar": 0.000674812996294,
        "dvar2": 0.00128054548986,
        "max": 0.341322541237,
        "mean": 0.0250217951834,
        "median": 0.00680452305824,
        "min": 2.4654484441e-23,
        "var": 0.00174342328683
    },
    "spectral_energyband_middle_high": {
        "dmean": 0.00207717320882,
        "dmean2": 0.00354639743455,
        "dvar": 1.34981810334e-05,
        "dvar2": 3.77116994059e-05,
        "max": 0.0388834364712,
        "mean": 0.00547002581879,
        "median": 0.0048292982392,
        "min": 1.235953238e-21,
        "var": 1.82320436579e-05
    },
    "spectral_energyband_middle_low": {
        "dmean": 0.00594976777211,
        "dmean2": 0.0103738131002,
        "dvar": 0.000288530834951,
        "dvar2": 0.000817283405922,
        "max": 0.16842970252,
        "mean": 0.00844429526478,
        "median": 0.0054234424606,
        "min": 1.52661599312e-22,
        "var": 0.000187978395843
    },
    "spectral_entropy": {
        "dmean": 0.164662182331,
        "dmean2": 0.243980243802,
        "dvar": 0.0989971831441,
        "dvar2": 0.214409545064,
        "max": 9.82137584686,
        "mean": 7.99105024338,
        "median": 8.20909786224,
        "min": 4.62555408478,
        "var": 0.329400241375
    },
    "spectral_flux": {
        "dmean": 0.0318705104291,
        "dmean2": 0.0401514805853,
        "dvar": 0.0023442574311,
        "dvar2": 0.00277649890631,
        "max": 0.597176074982,
        "mean": 0.109287545085,
        "median": 0.0862356871367,
        "min": 6.42168609954e-11,
        "var": 0.00681685237214
    },
    "spectral_kurtosis": {
        "dmean": 1.04032790661,
        "dmean2": 1.70676994324,
        "dvar": 12.714515686,
        "dvar2": 33.0765571594,
        "max": 110.196723938,
        "mean": 2.89894175529,
        "median": 2.23589301109,
        "min": -1.27455854416,
        "var": 13.8733634949
    },
    "spectral_rms": {
        "dmean": 0.000816734391265,
        "dmean2": 0.00105410197284,
        "dvar": 1.15050625027e-06,
        "dvar2": 1.66047186667e-06,
        "max": 0.0187161676586,
        "mean": 0.00585971772671,
        "median": 0.00526164192706,
        "min": 3.14249364378e-12,
        "var": 6.4919659053e-06
    },
    "spectral_rolloff": {
        "dmean": 940.547668457,
        "dmean2": 1426.47644043,
        "dvar": 1635502.25,
        "dvar2": 2970405.25,
        "max": 19530.6152344,
        "mean": 3592.99511719,
        "median": 3165.38085938,
        "min": 64.599609375,
        "var": 9670504
    },
    "spectral_skewness": {
        "dmean": 0.157108649611,
        "dmean2": 0.246273756027,
        "dvar": 0.0879133343697,
        "dvar2": 0.207421556115,
        "max": 8.80026817322,
        "mean": 1.2582192421,
        "median": 1.18585729599,
        "min": -0.0766227170825,
        "var": 0.187918394804
    },
    "spectral_spread": {
        "dmean": 512758.5,
        "dmean2": 794204.3125,
        "dvar": 596963950592,
        "dvar2": 1.19753198797e+12,
        "max": 42465192,
        "mean": 6038944,
        "median": 6133972,
        "min": 823615.875,
        "var": 8.46507278336e+12
    },
    "spectral_strongpeak": {
        "dmean": 0.354183316231,
        "dmean2": 0.599298000336,
        "dvar": 0.431627005339,
        "dvar2": 1.15259087086,
        "max": 14.7787084579,
        "mean": 0.592233836651,
        "median": 0.344435095787,
        "min": 0,
        "var": 0.541847467422
    },
    "zerocrossingrate": {
        "dmean": 0.0175422597677,
        "dmean2": 0.0183002855629,
        "dvar": 0.00034641061211,
        "dvar2": 0.00035317640868,
        "max": 0.6025390625,
        "mean": 0.116179227829,
        "median": 0.10693359375,
        "min": 0.001953125,
        "var": 0.00589896319434
    },
    "barkbands": {
        "dmean": [0.000817572581582, 0.00921278260648, 0.00564497569576, 0.00258398405276, 0.0022096617613, 0.0007272020448, 0.000446669670055, 0.000894031662028, 0.000363173836377, 0.000603095453698, 0.000382206053473, 0.000214091269299, 0.00023538255482, 0.000408524094382, 0.000266999879386, 0.000242342197453, 0.000349066249328, 0.000375092466129, 0.000376590003725, 0.000361181708286, 0.000274135469226, 0.000291801174171, 0.000294799887342, 0.000267370924121, 0.000220515110414, 0.000152810127474, 5.70304655412e-05],
        "dmean2": [0.000899567501619, 0.0117296241224, 0.0100145805627, 0.00490873726085, 0.00393898971379, 0.00120458705351, 0.000723639212083, 0.00142489525024, 0.00061304634437, 0.0010014976142, 0.00064546224894, 0.000348383240635, 0.000409736705478, 0.000698386051226, 0.000461061485112, 0.00041533150943, 0.00059810228413, 0.00065492966678, 0.000636007869616, 0.000603809312452, 0.000457178684883, 0.000481463735923, 0.000492218241561, 0.000435479305452, 0.000350944610545, 0.000233740734984, 9.3278256827e-05],
        "dvar": [2.73905834547e-06, 0.000414620095398, 0.000425377103966, 0.000126434359117, 4.67210702482e-05, 2.09018116948e-06, 4.90294269184e-07, 1.97370809474e-06, 3.41278536098e-07, 1.68366511843e-06, 3.90649944393e-07, 1.01034366651e-07, 2.06986669582e-07, 4.04592555014e-07, 1.93832747186e-07, 1.51811150317e-07, 2.45765278351e-07, 3.50294868667e-07, 2.72245642918e-07, 2.23160583346e-07, 1.37065924832e-07, 1.46109130128e-07, 1.97608983399e-07, 1.38759190804e-07, 9.45285165699e-08, 4.34736975308e-08, 1.29063124632e-08],
        "dvar2": [2.91669630315e-06, 0.000726247497369, 0.001168042887, 0.000367846689187, 0.000135018810397, 5.68008135815e-06, 1.27457053622e-06, 5.07200411448e-06, 8.99739916349e-07, 4.50158040621e-06, 1.05473725398e-06, 2.45599551363e-07, 5.61550507427e-07, 1.12569171051e-06, 5.36582717814e-07, 4.15043643898e-07, 6.70335282393e-07, 9.94100787466e-07, 7.36972197046e-07, 5.99956763381e-07, 3.69701240288e-07, 3.69757145791e-07, 5.20139678883e-07, 3.57744397661e-07, 2.35831251416e-07, 1.01147307419e-07, 3.16652197796e-08],
        "max": [0.0262892115861, 0.253978967667, 0.239135563374, 0.115667536855, 0.0650260299444, 0.0159649457783, 0.0103197460994, 0.0390888899565, 0.0113800084218, 0.031502880156, 0.00799660012126, 0.00670605758205, 0.00517693022266, 0.0153548466042, 0.00883971434087, 0.00791221763939, 0.00801918469369, 0.00703147333115, 0.00683343363926, 0.00641491776332, 0.00623602932319, 0.00426593562588, 0.0058435741812, 0.00426649535075, 0.0036144212354, 0.00345744122751, 0.00198272010311],
        "mean": [0.00172589090653, 0.0179542079568, 0.00443936605006, 0.00168869749177, 0.00248190993443, 0.00102406775113, 0.000740304531064, 0.00140277959872, 0.000519694585819, 0.00082351960009, 0.000505583768245, 0.000330864160787, 0.000285570014967, 0.000579284678679, 0.000400482822442, 0.000381572084734, 0.000558009429369, 0.000664607447106, 0.00078195380047, 0.000829655153211, 0.00060658325674, 0.000692660338245, 0.000638700148556, 0.000671300047543, 0.000597859441768, 0.000456669542473, 6.71638408676e-05],
        "median": [0.000251711986493, 0.00398241309449, 0.00056086096447, 0.000132841712912, 0.000850967364386, 0.000506549258716, 0.000436743197497, 0.000870938878506, 0.000293673016131, 0.000437588285422, 0.00029813463334, 0.000200481561478, 0.000117689283798, 0.000358160352334, 0.000263845809968, 0.000248750438914, 0.000403499347158, 0.000481929862872, 0.000583191984333, 0.000646311673336, 0.000502613605931, 0.000580373569392, 0.000538311782293, 0.000598428887315, 0.000535230326932, 0.000366716878489, 7.30864030629e-06],
        "min": [9.09537099412e-25, 4.01093053487e-24, 2.40918810708e-24, 1.48732840868e-24, 1.39505854348e-23, 1.07907896683e-23, 1.26608546528e-23, 3.49822656117e-24, 1.92455492039e-23, 2.273204777e-23, 2.43501150825e-23, 2.06375526468e-23, 4.09831226291e-23, 2.69903710012e-23, 5.17289921909e-23, 5.61855514344e-23, 6.39361035173e-23, 9.83458375498e-23, 1.32344859041e-22, 1.7836642365e-22, 3.16339988265e-22, 3.236123518e-22, 4.44847827862e-22, 5.7162623192e-22, 8.61433483172e-22, 1.38451849089e-21, 1.85368388385e-21],
        "var": [1.16464316307e-05, 0.0010302439332, 0.000275014550425, 6.93025212968e-05, 3.22256782965e-05, 2.27604550673e-06, 8.50395338148e-07, 3.21514289681e-06, 4.98112740388e-07, 2.02155001716e-06, 4.04181747626e-07, 1.67936946127e-07, 2.20597996758e-07, 5.32985552582e-07, 2.34199973193e-07, 2.03086329975e-07, 3.19957564443e-07, 4.46713556812e-07, 5.53496647626e-07, 6.39503014099e-07, 3.44958692722e-07, 4.28377830985e-07, 4.01994242338e-07, 3.98799301138e-07, 3.35110257765e-07, 2.19370917875e-07, 1.8863543616e-08]
    },
    "erbbands": {
        "dmean": [0.328766047955, 2.24087190628, 6.00639533997, 8.0853843689, 8.01642799377, 7.11879491806, 5.09239387512, 6.30340147018, 7.06801080704, 14.0505056381, 14.2534132004, 8.25307369232, 22.6714763641, 8.93229007721, 15.931265831, 9.67653465271, 10.1334915161, 22.1203174591, 12.9995927811, 12.9177417755, 14.6600732803, 15.651304245, 17.4553527832, 22.8620071411, 18.2036132812, 17.3446674347, 11.2184877396, 10.4226741791, 10.3314218521, 10.4824991226, 8.53263473511, 6.9262804985, 3.91950964928, 2.83519458771, 1.43981873989, 0.75485175848, 0.294325083494, 0.0841086655855, 0.00857970863581, 0.000121219956782],
        "dmean2": [0.368371874094, 3.05303215981, 9.99388027191, 14.8877325058, 14.8120498657, 12.415473938, 8.72398757935, 10.4516839981, 11.2483625412, 22.1084861755, 23.3740825653, 13.6988277435, 37.6379394531, 15.5158472061, 26.4386405945, 15.545258522, 17.5834465027, 37.8568878174, 22.1420230865, 22.5677394867, 24.9059829712, 27.0843887329, 30.5498867035, 39.0372886658, 30.6724281311, 28.8954849243, 18.7547836304, 17.438615799, 17.0724544525, 17.4824237823, 14.2700252533, 11.4218053818, 6.38768148422, 4.60857915878, 2.2674574852, 1.19166207314, 0.455754995346, 0.131949782372, 0.0140942968428, 0.000193487227079],
        "dvar": [0.374445050955, 32.0910301208, 405.557281494, 1069.99499512, 940.95715332, 398.780395508, 160.761978149, 148.867935181, 150.541854858, 337.85345459, 976.487060547, 185.13734436, 2569.76074219, 304.409973145, 568.576477051, 235.335189819, 355.620635986, 1254.99353027, 445.43359375, 492.547485352, 528.734924316, 584.982116699, 769.517944336, 1180.05407715, 670.456481934, 522.482055664, 219.494125366, 211.105651855, 185.768295288, 214.487609863, 162.133026123, 100.231689453, 28.5689983368, 16.7409267426, 3.69385719299, 1.09155631065, 0.164491072297, 0.0195636395365, 0.000298470986309, 4.81298592092e-08],
        "dvar2": [0.416008889675, 63.2457771301, 1044.66638184, 3044.22143555, 2733.72631836, 1134.35058594, 451.187164307, 401.231658936, 379.434570312, 837.678039551, 2528.640625, 473.542144775, 6806.73583984, 857.140014648, 1466.9967041, 564.00213623, 967.211975098, 3506.04443359, 1212.87109375, 1382.09545898, 1448.77514648, 1625.63757324, 2189.29150391, 3303.32495117, 1793.45056152, 1396.54846191, 587.11151123, 568.375793457, 481.643249512, 565.948242188, 428.426940918, 265.657501221, 72.7923431396, 43.5741271973, 9.03079986572, 2.64045906067, 0.389869987965, 0.0463352501392, 0.000733536086045, 1.17176341519e-07],
        "max": [9.0342464447, 67.7054977417, 223.22845459, 365.563842773, 301.495605469, 202.779006958, 171.538101196, 141.053909302, 180.811065674, 309.591400146, 994.912658691, 346.541442871, 1226.97729492, 193.031784058, 330.872467041, 340.050506592, 213.357315063, 881.144897461, 548.254943848, 257.508453369, 290.591827393, 239.628936768, 256.609802246, 522.521789551, 363.414093018, 403.222930908, 299.575073242, 187.754928589, 176.591262817, 212.518722534, 167.680480957, 94.3510513306, 62.8720397949, 49.6652793884, 26.2004699707, 16.5088481903, 5.90815782547, 2.49615764618, 0.261284649372, 0.00353982066736],
        "mean": [0.719397187233, 3.17999053001, 5.45958614349, 5.63728427887, 6.87814950943, 8.45000553131, 6.49233865738, 8.86489295959, 11.6614637375, 23.1488399506, 21.975353241, 13.1577444077, 30.4948368073, 12.7485084534, 23.0117034912, 15.5653877258, 13.5862970352, 31.1071834564, 21.3774700165, 20.4955825806, 25.3172531128, 26.8478393555, 32.1450195312, 43.5591545105, 40.2796821594, 40.1393165588, 26.0218296051, 23.0345039368, 23.6005001068, 23.2235240936, 18.4847583771, 15.3553724289, 9.96897888184, 7.0094461441, 3.99591898918, 2.10375642776, 0.811698019505, 0.171076983213, 0.0109469806775, 0.000244639086304],
        "median": [0.158991724253, 0.665076375008, 0.861202955246, 0.693036735058, 1.36438941956, 2.77796220779, 2.78498935699, 4.38592624664, 6.46157264709, 15.0072078705, 12.09324646, 7.97552156448, 15.2384128571, 7.8298406601, 14.2996616364, 9.44159889221, 6.95913887024, 18.578289032, 15.6416358948, 14.3667907715, 17.7413768768, 20.8437786102, 24.6452522278, 30.9737911224, 29.779510498, 31.8827438354, 21.5136070251, 19.3690719604, 19.8241996765, 19.1924476624, 16.084487915, 13.0937223434, 8.90239334106, 6.23997735977, 3.48119497299, 1.70962238312, 0.63695538044, 0.110823109746, 0.00271789636463, 0.000159230286954],
        "min": [1.72111690683e-22, 8.12140708027e-22, 1.78578762286e-21, 7.96170871546e-21, 1.54601736697e-20, 3.0358795101e-20, 5.07975782384e-20, 9.29455808428e-20, 1.66182795185e-19, 1.40465349275e-19, 2.68178365239e-19, 4.05572522147e-19, 6.5580936575e-19, 8.39346423111e-19, 1.0800887067e-18, 1.33342993329e-18, 1.7229766841e-18, 1.62983428597e-18, 2.50199635985e-18, 3.41314635113e-18, 2.93310511073e-18, 5.06778737007e-18, 6.27672713816e-18, 5.46068823487e-18, 8.05731322961e-18, 9.46020244951e-18, 1.04185110415e-17, 1.20126196036e-17, 1.19354535786e-17, 9.83092494773e-18, 1.18127868297e-17, 9.72348824823e-18, 9.72188765374e-18, 8.41584887586e-18, 6.10682010444e-18, 3.86848880562e-18, 2.30950171193e-18, 9.05539948968e-19, 2.55257752373e-19, 2.42303270337e-20],
        "var": [1.5468583107, 50.405380249, 314.986480713, 625.907653809, 544.132263184, 330.959960938, 136.504013062, 168.395843506, 259.567443848, 686.772644043, 1333.63964844, 292.171234131, 3215.45239258, 274.450134277, 731.085632324, 395.158325195, 391.197845459, 1599.36413574, 596.932067871, 565.877075195, 751.718933105, 651.049072266, 928.028442383, 1936.6817627, 1525.1595459, 1497.30163574, 605.013244629, 499.449768066, 501.093505859, 521.32635498, 322.813537598, 223.345062256, 89.2272949219, 46.8803634644, 15.3980998993, 4.74711990356, 0.713936448097, 0.0482965409756, 0.000451579631772, 9.0934285879e-08]
    },
    "gfcc": {
        "mean": [36.4089241028, 37.9593505859, -103.133575439, 37.8662948608, -57.5553207397, 15.5473985672, -30.5896129608, 21.5978946686, -19.3688793182, 8.95010852814, -12.5114021301, 6.27305841446, -13.9420633316],
        "cov": [[17482.9960938, -2683.24365234, -319.329742432, 444.807159424, -443.979675293, 915.35534668, -260.963623047, 550.18371582, -196.787521362, 756.337097168, -257.932800293, 302.474456787, -163.039916992], [-2683.24365234, 2878.21923828, -103.243873596, 318.193634033, 39.9094200134, -438.959716797, 64.3795166016, -162.085235596, 81.4203567505, -495.635498047, 265.560455322, -185.51953125, 34.0173950195], [-319.329742432, -103.243873596, 1152.03076172, 308.390472412, 369.942230225, 254.097717285, 196.095687866, 109.184844971, 104.725250244, 104.32698822, 18.5422058105, 47.2082672119, 12.6452560425], [444.807159424, 318.193634033, 308.390472412, 381.474822998, 145.047866821, 94.391494751, 74.7146148682, 77.1857528687, 38.1281509399, -35.2130699158, 47.6333999634, -4.67814731598, -4.56349420547], [-443.979675293, 39.9094200134, 369.942230225, 145.047866821, 406.602233887, 233.873733521, 203.677780151, 36.3829650879, 109.278434753, 113.868019104, 29.5536804199, -19.3950576782, 21.6179332733], [915.35534668, -438.959716797, 254.097717285, 94.391494751, 233.873733521, 355.334899902, 155.331787109, 112.909210205, 74.1502609253, 212.194610596, -18.2738647461, 27.1562709808, -1.83972883224], [-260.963623047, 64.3795166016, 196.095687866, 74.7146148682, 203.677780151, 155.331787109, 224.939483643, 99.4916305542, 126.139434814, 96.7792434692, 66.6353302002, 6.77066659927, 28.918170929], [550.18371582, -162.085235596, 109.184844971, 77.1857528687, 36.3829650879, 112.909210205, 99.4916305542, 160.599639893, 79.8768539429, 98.220375061, 33.4856300354, 41.3854866028, 7.39432287216], [-196.787521362, 81.4203567505, 104.725250244, 38.1281509399, 109.278434753, 74.1502609253, 126.139434814, 79.8768539429, 148.388412476, 96.5439682007, 77.8225326538, 16.1487579346, 31.9477424622], [756.337097168, -495.635498047, 104.32698822, -35.2130699158, 113.868019104, 212.194610596, 96.7792434692, 98.220375061, 96.5439682007, 269.259246826, 23.3975982666, 54.4036521912, 20.2461433411], [-257.932800293, 265.560455322, 18.5422058105, 47.6333999634, 29.5536804199, -18.2738647461, 66.6353302002, 33.4856300354, 77.8225326538, 23.3975982666, 132.739105225, 38.2533226013, 37.4799728394], [302.474456787, -185.51953125, 47.2082672119, -4.67814731598, -19.3950576782, 27.1562709808, 6.77066659927, 41.3854866028, 16.1487579346, 54.4036521912, 38.2533226013, 99.6792602539, 37.1120452881], [-163.039916992, 34.0173950195, 12.6452560425, -4.56349420547, 21.6179332733, -1.83972883224, 28.918170929, 7.39432287216, 31.9477424622, 20.2461433411, 37.4799728394, 37.1120452881, 73.0025405884]],
        "icov": [[0.000125645834487, -2.08463952731e-05, 0.000103423815744, -0.000330862909323, 0.000305938359816, -0.000350142508978, 0.000189486570889, -0.000161364834639, 0.000228861215874, -0.000402303412557, 0.000182854753803, -0.000206425000215, 0.000116068928037], [-2.08463952731e-05, 0.00128296832554, 6.22388106422e-05, -0.000613377778791, -0.000105448147224, 0.000380272918846, -0.000325781613356, 0.000812712765764, -0.000970106048044, 0.00205399817787, -0.00264311465435, 0.00219340249896, -0.000509134551976], [0.000103423815744, 6.22388106422e-05, 0.00166716205422, -0.00130540179089, -0.000955868104938, 0.000166698300745, -0.000258885382209, -4.77051253256e-05, -0.000251013523666, -0.000323261629092, 0.00120023021009, -0.00174589001108, 0.000697085401043], [-0.000330862909323, -0.000613377778791, -0.00130540179089, 0.00724979490042, -0.00286995642819, -0.00202771741897, 0.00342666334473, -0.00476315338165, 0.000619672180619, 0.00436670519412, -0.00347607512958, 0.00153145135846, -0.0003260904341], [0.000305938359816, -0.000105448147224, -0.000955868104938, -0.00286995642819, 0.0107062524185, -0.0045497501269, -0.00586313987151, 0.0068384623155, -0.00181787949987, -0.00205097231083, 0.00151863135397, 0.00127936818171, -0.0010023113573], [-0.000350142508978, 0.000380272918846, 0.000166698300745, -0.00202771741897, -0.0045497501269, 0.0141348149627, -0.00549144251272, -0.00104630622081, 0.0030602638144, -0.00682735769078, 0.00457237055525, -0.00155124545563, 0.00186530232895], [0.000189486570889, -0.000325781613356, -0.000258885382209, 0.00342666334473, -0.00586313987151, -0.00549144251272, 0.0197401028126, -0.0094091380015, -0.00455692503601, 0.00414546020329, -0.00552343623713, 0.00357619882561, -0.0025723464787], [-0.000161364834639, 0.000812712765764, -4.77051253256e-05, -0.00476315338165, 0.0068384623155, -0.00104630622081, -0.0094091380015, 0.0199104472995, -0.00717862788588, -0.00161737191956, 0.00269415858202, -0.00433002086356, 0.00303865061142], [0.000228861215874, -0.000970106048044, -0.000251013523666, 0.000619672180619, -0.00181787949987, 0.0030602638144, -0.00455692503601, -0.00717862788588, 0.023459142074, -0.00806900858879, -0.00541451945901, 0.00348432105966, -0.00282689766027], [-0.000402303412557, 0.00205399817787, -0.000323261629092, 0.00436670519412, -0.00205097231083, -0.00682735769078, 0.00414546020329, -0.00161737191956, -0.00806900858879, 0.0178706403822, -0.00720493635163, 0.00207373173907, -0.00134974822868], [0.000182854753803, -0.00264311465435, 0.00120023021009, -0.00347607512958, 0.00151863135397, 0.00457237055525, -0.00552343623713, 0.00269415858202, -0.00541451945901, -0.00720493635163, 0.0244798418134, -0.0129166487604, 0.00116141105536], [-0.000206425000215, 0.00219340249896, -0.00174589001108, 0.00153145135846, 0.00127936818171, -0.00155124545563, 0.00357619882561, -0.00433002086356, 0.00348432105966, 0.00207373173907, -0.0129166487604, 0.0251171346754, -0.010718091391], [0.000116068928037, -0.000509134551976, 0.000697085401043, -0.0003260904341, -0.0010023113573, 0.00186530232895, -0.0025723464787, 0.00303865061142, -0.00282689766027, -0.00134974822868, 0.00116141105536, -0.010718091391, 0.0215723942965]]
    },
    "melbands": {
        "dmean": [0.00253070308827, 0.00282996450551, 0.00137169274967, 0.000549847900402, 0.000205037955311, 0.000144196077599, 0.000102707490441, 0.000171156425495, 0.000104900551378, 5.25478862983e-05, 0.000112057758088, 3.4491513361e-05, 5.29950921191e-05, 2.89080417133e-05, 2.360225335e-05, 2.23533152166e-05, 4.70364138891e-05, 2.10041544051e-05, 1.89393213077e-05, 1.81161449291e-05, 1.96122346097e-05, 1.72087857209e-05, 1.85325716302e-05, 1.82006770046e-05, 2.01498787646e-05, 1.51015883603e-05, 1.46977054101e-05, 1.18034258776e-05, 7.18917408449e-06, 7.98922974354e-06, 6.53537244943e-06, 6.31692182651e-06, 6.67302720103e-06, 5.82581287745e-06, 5.15563124281e-06, 5.52886740479e-06, 4.03273315897e-06, 2.95094764624e-06, 3.02540115626e-06, 2.41413567892e-06],
        "dmean2": [0.00300994538702, 0.00417735148221, 0.00249490211718, 0.000991887762211, 0.000349886511685, 0.000237109925365, 0.00016375357518, 0.000269969896181, 0.000173220949364, 8.78302962519e-05, 0.000186108591151, 5.99220074946e-05, 8.92910902621e-05, 4.64408258267e-05, 3.98992233386e-05, 3.94177041017e-05, 8.01918722573e-05, 3.56556593033e-05, 3.31573100993e-05, 3.09477727569e-05, 3.34423530148e-05, 2.95060563076e-05, 3.2418709452e-05, 3.18246602546e-05, 3.44533546013e-05, 2.54526603385e-05, 2.49155564234e-05, 1.96144483198e-05, 1.20923732538e-05, 1.35358559419e-05, 1.09508491732e-05, 1.05421759145e-05, 1.10333348857e-05, 9.80625372904e-06, 8.65231777425e-06, 9.39692927204e-06, 6.61197873342e-06, 4.83390431327e-06, 5.09079200128e-06, 3.93565187551e-06],
        "dvar": [2.49170134339e-05, 6.79054137436e-05, 2.91892283713e-05, 3.31048045155e-06, 2.55216690448e-07, 7.58423794878e-08, 3.06582528253e-08, 5.09310957852e-08, 5.23941601216e-08, 7.29587146253e-09, 6.32375289911e-08, 4.70478633829e-09, 7.01178137774e-09, 1.49552470408e-09, 1.94038030088e-09, 2.29706009769e-09, 5.67810065633e-09, 1.07933251225e-09, 1.04399688894e-09, 8.49457837404e-10, 9.12359909844e-10, 6.43322506377e-10, 7.74113217972e-10, 8.67277583083e-10, 8.99115004671e-10, 4.82946349578e-10, 4.33080876716e-10, 2.52542348145e-10, 8.83110251593e-11, 1.35442615457e-10, 8.12416869889e-11, 7.03825817072e-11, 9.05735209056e-11, 6.83712392258e-11, 5.25532777018e-11, 7.88655668549e-11, 3.00873249925e-11, 1.55008436642e-11, 1.92720457648e-11, 1.11798920815e-11],
        "dvar2": [3.31985029334e-05, 0.000153188942932, 8.20782588562e-05, 9.57208885666e-06, 7.15787621175e-07, 2.02590314302e-07, 7.7784399366e-08, 1.27025657548e-07, 1.37046257009e-07, 1.87878619329e-08, 1.67791313288e-07, 1.31940458559e-08, 1.88244264621e-08, 3.50565310114e-09, 5.31784216662e-09, 6.43175512849e-09, 1.58131641115e-08, 2.91222934656e-09, 2.94936053358e-09, 2.29193886092e-09, 2.47593923142e-09, 1.7589700807e-09, 2.17844031702e-09, 2.43712872106e-09, 2.52126630684e-09, 1.28263322186e-09, 1.18299015028e-09, 6.65934196675e-10, 2.3767116053e-10, 3.70836722441e-10, 2.20295379161e-10, 1.86470977548e-10, 2.30337290907e-10, 1.83459664127e-10, 1.40707751006e-10, 2.1471570355e-10, 7.84235870688e-11, 3.95316245017e-11, 5.12159481492e-11, 2.92524234002e-11],
        "max": [0.069400280714, 0.0956700146198, 0.0581150874496, 0.0171018447727, 0.00682665966451, 0.00334464246407, 0.00246112095192, 0.00372327677906, 0.00705201458186, 0.00223896605894, 0.00608817813918, 0.000781477137934, 0.00107160524931, 0.000775881926529, 0.000466291414341, 0.000530518591404, 0.00197463785298, 0.000848384399433, 0.000360318255844, 0.00075971003389, 0.000481533730635, 0.000353198644007, 0.00028259595274, 0.000346582091879, 0.000481719413074, 0.000282390945358, 0.000398966716602, 0.000380840094294, 0.000155457353685, 0.000266251096036, 0.00011706501391, 9.88407919067e-05, 0.000120230070024, 0.000175077919266, 0.000108344531327, 0.000106910993054, 6.04955457675e-05, 5.16225627507e-05, 5.29107383045e-05, 4.05462378694e-05],
        "mean": [0.00558229256421, 0.00335397385061, 0.00102308252826, 0.000574993086047, 0.000266026792815, 0.000205545555218, 0.000170019178768, 0.000278296123724, 0.0001596405491, 8.00008710939e-05, 0.000149686864461, 4.59051043435e-05, 7.21047472325e-05, 4.82938776258e-05, 3.23581698467e-05, 2.74627618637e-05, 6.4368796302e-05, 3.29087743012e-05, 2.73765708698e-05, 2.84626767098e-05, 3.13604105031e-05, 2.7829721148e-05, 2.89906020043e-05, 3.17418416671e-05, 3.55710290023e-05, 2.78955521935e-05, 3.06646616082e-05, 2.53683137998e-05, 1.55626003107e-05, 1.52559923663e-05, 1.3024717191e-05, 1.31918668558e-05, 1.38035657073e-05, 1.21121520351e-05, 1.05112494566e-05, 1.04980108517e-05, 8.84150904312e-06, 6.9604266173e-06, 6.67880294714e-06, 5.61998103876e-06],
        "median": [0.00125698396005, 0.000710015767254, 0.000155713045388, 0.000168866972672, 0.000111612775072, 0.000102274709207, 9.57062584348e-05, 0.000181172392331, 8.63556924742e-05, 4.66926212539e-05, 7.41538970033e-05, 2.47139032581e-05, 4.37160633737e-05, 3.26072258758e-05, 1.69573904714e-05, 1.27002113004e-05, 3.70783891412e-05, 2.28855824389e-05, 1.83349620784e-05, 1.81059986062e-05, 2.05849100894e-05, 2.0137284082e-05, 2.11446294998e-05, 2.2211963369e-05, 2.44039256359e-05, 1.94767053472e-05, 2.20452147914e-05, 1.95299289771e-05, 1.25298456624e-05, 1.15156553875e-05, 1.0540787116e-05, 1.09455431812e-05, 9.90218723018e-06, 9.91433262243e-06, 9.0120238383e-06, 8.3604008978e-06, 7.38100061426e-06, 6.01776355325e-06, 5.6151257013e-06, 4.90316551804e-06],
        "min": [1.85823739568e-24, 1.17700403781e-24, 1.34511266329e-24, 1.71737799801e-24, 1.97392187528e-24, 1.79726732239e-24, 2.56921228879e-24, 1.93826634844e-24, 2.2801760197e-24, 2.42328505145e-24, 2.68731442985e-24, 3.23723035295e-24, 3.50215627177e-24, 2.4631436292e-24, 2.55917225884e-24, 4.22591090876e-24, 2.23679616409e-24, 4.08295432438e-24, 4.15774070477e-24, 3.91770255866e-24, 3.04960964741e-24, 3.85180032978e-24, 4.1942314381e-24, 4.5526208081e-24, 3.20110269286e-24, 4.96252634509e-24, 3.84371608322e-24, 5.75590032355e-24, 4.64754246867e-24, 7.13371649757e-24, 7.01904294322e-24, 6.25889539166e-24, 4.00298355011e-24, 6.34640728175e-24, 6.42240693022e-24, 6.76390008292e-24, 4.52929261341e-24, 5.91565372876e-24, 6.52312395743e-24, 6.3685304914e-24],
        "var": [8.91617382877e-05, 7.65533404774e-05, 1.76247303898e-05, 2.21193636207e-06, 2.28769920341e-07, 9.04125059265e-08, 5.29261754423e-08, 1.00909623768e-07, 7.05719500615e-08, 1.13521316791e-08, 7.88235539062e-08, 4.34394387128e-09, 7.61960627926e-09, 2.80659828711e-09, 2.16737583436e-09, 2.0452306515e-09, 7.4348145418e-09, 1.48398404676e-09, 1.10322095903e-09, 1.23609689151e-09, 1.28785504483e-09, 7.95734700354e-10, 8.6073170813e-10, 1.12297160459e-09, 1.42988265672e-09, 8.80248429702e-10, 9.81569936442e-10, 6.61887378239e-10, 2.24617394129e-10, 2.70542005465e-10, 1.7151455256e-10, 1.64554272986e-10, 2.18134441066e-10, 1.48248552323e-10, 1.0601049899e-10, 1.21812976372e-10, 7.54080964338e-11, 4.54080280321e-11, 4.50171393218e-11, 3.10097121592e-11]
    },
    "mfcc": {
        "mean": [-604.954101562, 72.5350265503, 9.04298973083, 25.5763225555, 2.87938380241, 0.178388878703, 3.07204174995, 10.0930461884, 1.3746534586, 8.13923454285, 4.78232431412, 3.25315141678, 3.56472396851],
        "cov": [[8316.59570312, -1419.16015625, 118.838546753, -280.650421143, -109.413642883, 125.539039612, -8.24812412262, -116.95879364, 135.78314209, 180.007736206, 77.100730896, -21.3075809479, 28.5967903137], [-1419.16015625, 1899.92712402, 122.647567749, 467.462524414, 49.5550041199, -133.319290161, -14.1026153564, 159.817489624, -158.196121216, -99.3954620361, -31.7100067139, 35.489074707, 16.1300640106], [118.838546753, 122.647567749, 621.483886719, 292.824768066, 188.858856201, 128.541976929, 111.774345398, 134.226150513, 81.8208770752, 36.0107650757, 41.2113189697, 63.3161010742, 57.9418716431], [-280.650421143, 467.462524414, 292.824768066, 382.413818359, 130.72177124, 10.1286802292, 58.5457992554, 140.091094971, -15.7036018372, 1.83365929127, 11.0043716431, 23.8626060486, 25.7850036621], [-109.413642883, 49.5550041199, 188.858856201, 130.72177124, 226.251296997, 189.503768921, 117.310852051, 49.2974815369, 86.8478546143, 65.987487793, 42.6089897156, 33.0848503113, 30.5167217255], [125.539039612, -133.319290161, 128.541976929, 10.1286802292, 189.503768921, 295.013916016, 156.00138855, 11.6875419617, 145.147842407, 111.264709473, 79.6657943726, 58.0789489746, 47.7078285217], [-8.24812412262, -14.1026153564, 111.774345398, 58.5457992554, 117.310852051, 156.00138855, 158.109939575, 61.1355628967, 95.9642562866, 85.0970001221, 59.7428703308, 46.7760505676, 39.6567268372], [-116.95879364, 159.817489624, 134.226150513, 140.091094971, 49.2974815369, 11.6875419617, 61.1355628967, 144.329650879, 29.2904529572, 15.3980941772, 27.4458427429, 35.3663520813, 29.4920005798], [135.78314209, -158.196121216, 81.8208770752, -15.7036018372, 86.8478546143, 145.147842407, 95.9642562866, 29.2904529572, 165.874282837, 110.412712097, 68.3288192749, 49.7925376892, 41.7321205139], [180.007736206, -99.3954620361, 36.0107650757, 1.83365929127, 65.987487793, 111.264709473, 85.0970001221, 15.3980941772, 110.412712097, 152.146133423, 93.2096481323, 42.8750076294, 36.1663551331], [77.100730896, -31.7100067139, 41.2113189697, 11.0043716431, 42.6089897156, 79.6657943726, 59.7428703308, 27.4458427429, 68.3288192749, 93.2096481323, 104.858535767, 66.0135116577, 45.2580909729], [-21.3075809479, 35.489074707, 63.3161010742, 23.8626060486, 33.0848503113, 58.0789489746, 46.7760505676, 35.3663520813, 49.7925376892, 42.8750076294, 66.0135116577, 101.837303162, 72.5414123535], [28.5967903137, 16.1300640106, 57.9418716431, 25.7850036621, 30.5167217255, 47.7078285217, 39.6567268372, 29.4920005798, 41.7321205139, 36.1663551331, 45.2580909729, 72.5414123535, 98.9267807007]],
