{
"lowlevel": {
    "average_loudness": 0.834435284138,
    "barkbands_crest": {
        "dmean": 2.75856232643,
        "dmean2": 4.41440248489,
        "dvar": 8.90377140045,
        "dvar2": 22.3614120483,
        "max": 25.8367557526,
        "mean": 11.1404981613,
        "median": 9.61654663086,
        "min": 2.24085044861,
        "var": 32.4285583496
    },
    "barkbands_flatness_db": {
        "dmean": 0.0203554406762,
        "dmean2": 0.0301771815866,
        "dvar": 0.000544189068023,
        "dvar2": 0.00106609112117,
        "max": 0.396932452917,
        "mean": 0.134703919291,
        "median": 0.112654685974,
        "min": 0.0168338064104,
        "var": 0.00606376631185
    },
    "barkbands_kurtosis": {
        "dmean": 2.63019680977,
        "dmean2": 3.67703557014,
        "dvar": 41.6023178101,
        "dvar2": 70.276725769,
        "max": 144.009719849,
        "mean": 4.74657058716,
        "median": 1.03226161003,
        "min": -1.96238338947,
        "var": 180.074951172
    },
    "barkbands_skewness": {
        "dmean": 0.507350564003,
        "dmean2": 0.752872765064,
        "dvar": 0.402536511421,
        "dvar2": 0.730064094067,
        "max": 11.4130840302,
        "mean": 1.48538506031,
        "median": 1.08894348145,
        "min": -3.53673148155,
        "var": 2.36896800995
    },
    "barkbands_spread": {
        "dmean": 5.55915927887,
        "dmean2": 8.4784488678,
        "dvar": 41.7270965576,
        "dvar2": 95.0221099854,
        "max": 103.557556152,
        "mean": 26.3743209839,
        "median": 23.8132705688,
        "min": 0.510898470879,
        "var": 255.51991272
    },
    "dissonance": {
        "dmean": 0.0172178950161,
        "dmean2": 0.0295198559761,
        "dvar": 0.000354257179424,
        "dvar2": 0.000979816890322,
        "max": 0.500000059605,
        "mean": 0.470294445753,
        "median": 0.479225158691,
        "min": 0.153975397348,
        "var": 0.000846336770337
    },
    "dynamic_complexity": 3.3651907444,
    "erbbands_crest": {
        "dmean": 2.51491117477,
        "dmean2": 4.16371154785,
        "dvar": 5.92635679245,
        "dvar2": 14.9458198547,
        "max": 32.48046875,
        "mean": 8.64249229431,
        "median": 7.44019269943,
        "min": 2.34731435776,
        "var": 21.5704097748
    },
    "erbbands_flatness_db": {
        "dmean": 0.0139449629933,
        "dmean2": 0.0213443525136,
        "dvar": 0.000208093697438,
        "dvar2": 0.000434446730651,
        "max": 0.474219590425,
        "mean": 0.156632959843,
        "median": 0.131018131971,
        "min": 0.0552415661514,
        "var": 0.00593458348885
    },
    "erbbands_kurtosis": {
        "dmean": 0.853011250496,
        "dmean2": 1.37119317055,
        "dvar": 3.65358638763,
        "dvar2": 8.73638057709,
        "max": 78.9745407104,
        "mean": 0.796551764011,
        "median": -0.132641434669,
        "min": -1.93127548695,
        "var": 15.7874183655
    },
    "erbbands_skewness": {
        "dmean": 0.326401531696,
        "dmean2": 0.52824062109,
        "dvar": 0.0945217981935,
        "dvar2": 0.235108777881,
        "max": 5.8559923172,
        "mean": 0.466384381056,
        "median": 0.378219604492,
        "min": -2.8629629612,
        "var": 0.525626957417
    },
    "erbbands_spread": {
        "dmean": 7.81242990494,
        "dmean2": 12.1393575668,
        "dvar": 112.603424072,
        "dvar2": 259.86541748,
        "max": 208.14743042,
        "mean": 39.4809455872,
        "median": 36.9344482422,
        "min": 0.90315759182,
        "var": 662.681762695
    },
    "hfc": {
        "dmean": 10.2811059952,
        "dmean2": 16.1297073364,
        "dvar": 291.764801025,
        "dvar2": 776.256835938,
        "max": 196.542602539,
        "mean": 30.5251502991,
        "median": 20.0098991394,
        "min": 1.10937638872e-16,
        "var": 856.82244873
    },
    "melbands_crest": {
        "dmean": 3.43251132965,
        "dmean2": 5.27870988846,
        "dvar": 13.7720680237,
        "dvar2": 34.5749511719,
        "max": 35.9568099976,
        "mean": 16.2954902649,
        "median": 13.6971855164,
        "min": 1.78714025021,
        "var": 76.5539169312
    },
    "melbands_flatness_db": {
        "dmean": 0.0257586557418,
        "dmean2": 0.0390444993973,
        "dvar": 0.000989441527054,
        "dvar2": 0.00211007893085,
        "max": 0.516189217567,
        "mean": 0.191407799721,
        "median": 0.171818912029,
        "min": 0.00411400897428,
        "var": 0.00764061883092
    },
    "melbands_kurtosis": {
        "dmean": 10.9607620239,
        "dmean2": 15.3927726746,
        "dvar": 1194.72338867,
        "dvar2": 1968.44384766,
        "max": 1172.20227051,
        "mean": 24.1951408386,
        "median": 4.94520950317,
        "min": -1.66954743862,
        "var": 6019.03320312
    },
    "melbands_skewness": {
        "dmean": 0.835826575756,
        "dmean2": 1.24128949642,
        "dvar": 1.69970941544,
        "dvar2": 3.1195807457,
        "max": 30.7197780609,
        "mean": 2.84996986389,
        "median": 1.84467148781,
        "min": -1.63932311535,
        "var": 10.4694499969
    },
    "melbands_spread": {
        "dmean": 7.83240890503,
        "dmean2": 12.6436920166,
        "dvar": 112.050460815,
        "dvar2": 282.103790283,
        "max": 156.278869629,
        "mean": 26.0704994202,
        "median": 22.1069526672,
        "min": 0.766618490219,
        "var": 340.061767578
    },
    "pitch_salience": {
        "dmean": 0.0822779163718,
        "dmean2": 0.132560864091,
        "dvar": 0.00925967935473,
        "dvar2": 0.0237845480442,
        "max": 0.947359263897,
        "mean": 0.523217260838,
        "median": 0.553517222404,
        "min": 0.0394738279283,
        "var": 0.0276957042515
    },
    "silence_rate_20dB": {
        "dmean": 0,
        "dmean2": 0,
        "dvar": 0,
        "dvar2": 0,
        "max": 1,
        "mean": 1,
        "median": 1,
        "min": 1,
        "var": 0
    },
    "silence_rate_30dB": {
        "dmean": 0,
        "dmean2": 0,
        "dvar": 0,
        "dvar2": 0,
        "max": 1,
        "mean": 1,
        "median": 1,
        "min": 1,
        "var": 0
    },
    "silence_rate_60dB": {
        "dmean": 0.0170341841877,
        "dmean2": 0.0340723469853,
        "dvar": 0.0167437903583,
        "dvar2": 0.035944018513,
        "max": 1,
        "mean": 0.0757116228342,
        "median": 0,
        "min": 0,
        "var": 0.0699813812971
    },
    "spectral_centroid": {
        "dmean": 256.539825439,
        "dmean2": 413.922180176,
        "dvar": 106415.8125,
        "dvar2": 242572.5625,
        "max": 11749.2080078,
        "mean": 1664.50488281,
        "median": 1594.01611328,
        "min": 238.070556641,
        "var": 792189.625
    },
    "spectral_complexity": {
        "dmean": 4.44265556335,
        "dmean2": 6.92205381393,
        "dvar": 30.2265071869,
        "dvar2": 67.9008331299,
        "max": 62,
        "mean": 24.0739612579,
        "median": 20,
        "min": 0,
        "var": 225.86819458
    },
    "spectral_decrease": {
        "dmean": 1.97589611339e-09,
        "dmean2": 3.18616510953e-09,
        "dvar": 6.17969223486e-18,
        "dvar2": 1.71485674833e-17,
        "max": 1.24612542412e-28,
        "mean": -7.72626318479e-09,
        "median": -5.7128461961e-09,
        "min": -2.76810325772e-08,
        "var": 3.51395754072e-17
    },
    "spectral_energy": {
        "dmean": 0.00791565328836,
        "dmean2": 0.0128019759431,
        "dvar": 9.75615839707e-05,
        "dvar2": 0.000270550779533,
        "max": 0.110181853175,
        "mean": 0.031929332763,
        "median": 0.0238881967962,
        "min": 1.01087585851e-20,
        "var": 0.00058103952324
    },
    "spectral_energyband_high": {
        "dmean": 0.000822931528091,
        "dmean2": 0.00130140117835,
        "dvar": 2.58347063209e-06,
        "dvar2": 6.94676828061e-06,
        "max": 0.0228902623057,
        "mean": 0.00209904648364,
        "median": 0.00103083997965,
        "min": 7.28569616765e-21,
        "var": 6.61407420921e-06
    },
    "spectral_energyband_low": {
        "dmean": 0.00556122371927,
        "dmean2": 0.00868862029165,
        "dvar": 9.51284382609e-05,
        "dvar2": 0.000253921491094,
        "max": 0.0897934958339,
        "mean": 0.0151073960587,
        "median": 0.00499843107536,
        "min": 1.15668229064e-23,
        "var": 0.00037905323552
    },
    "spectral_energyband_middle_high": {
        "dmean": 0.0029147726018,
        "dmean2": 0.00481338705868,
        "dvar": 2.02954724955e-05,
        "dvar2": 5.35060098628e-05,
        "max": 0.043340113014,
        "mean": 0.00652782665566,
        "median": 0.00414523296058,
        "min": 1.35857024301e-21,
        "var": 4.38669667346e-05
    },
    "spectral_energyband_middle_low": {
        "dmean": 0.00360715249553,
        "dmean2": 0.0059901769273,
        "dvar": 3.5306904465e-05,
        "dvar2": 9.80042241281e-05,
        "max": 0.0697780922055,
        "mean": 0.00881117768586,
        "median": 0.00799454934895,
        "min": 2.4416108346e-22,
        "var": 5.10902682436e-05
    },
    "spectral_entropy": {
        "dmean": 0.119258254766,
        "dmean2": 0.18636354804,
        "dvar": 0.0228544250131,
        "dvar2": 0.0492134541273,
        "max": 9.82019329071,
        "mean": 7.7876791954,
        "median": 8.08033847809,
        "min": 5.46748590469,
        "var": 0.401748180389
    },
    "spectral_flux": {
        "dmean": 0.0224119834602,
        "dmean2": 0.0327597744763,
        "dvar": 0.000783247465733,
        "dvar2": 0.001252508373,
        "max": 0.294032663107,
        "mean": 0.0811480432749,
        "median": 0.0677318423986,
        "min": 6.3229123326e-11,
        "var": 0.00286171748303
    },
    "spectral_kurtosis": {
        "dmean": 2.03892803192,
        "dmean2": 3.41998648643,
        "dvar": 23.5579032898,
        "dvar2": 68.947265625,
        "max": 130.856277466,
        "mean": 6.11779403687,
        "median": 2.72355675697,
        "min": -1.75262725353,
        "var": 139.296691895
    },
    "spectral_rms": {
        "dmean": 0.000653903058264,
        "dmean2": 0.00103373103775,
        "dvar": 5.41330564374e-07,
        "dvar2": 1.38797759064e-06,
        "max": 0.0103679550812,
        "mean": 0.00509806117043,
        "median": 0.00482758320868,
        "min": 3.14041457769e-12,
        "var": 5.16032378073e-06
    },
    "spectral_rolloff": {
        "dmean": 617.422607422,
        "dmean2": 1030.08874512,
        "dvar": 928453.9375,
        "dvar2": 2272970.75,
        "max": 19509.0820312,
        "mean": 1792.08129883,
        "median": 1184.32617188,
        "min": 64.599609375,
        "var": 3282823.25
    },
    "spectral_skewness": {
        "dmean": 0.225923657417,
        "dmean2": 0.372340589762,
        "dvar": 0.103744246066,
        "dvar2": 0.296438783407,
        "max": 8.99519348145,
        "mean": 1.65826404095,
        "median": 1.34760522842,
        "min": -0.817414939404,
        "var": 0.955838441849
    },
    "spectral_spread": {
        "dmean": 571645.0625,
        "dmean2": 835565.0625,
        "dvar": 742744522752,
        "dvar2": 1.53754979533e+12,
        "max": 42180748,
        "mean": 5479208.5,
        "median": 5564612,
        "min": 653286.375,
        "var": 7.86336002867e+12
    },
    "spectral_strongpeak": {
        "dmean": 0.382139712572,
        "dmean2": 0.644490778446,
        "dvar": 0.390132755041,
        "dvar2": 1.00732350349,
        "max": 10.3563022614,
        "mean": 0.846309483051,
        "median": 0.522921085358,
        "min": 0,
        "var": 0.684937655926
    },
    "zerocrossingrate": {
        "dmean": 0.0114782834426,
        "dmean2": 0.013454911299,
        "dvar": 0.000180408227607,
        "dvar2": 0.000249621574767,
        "max": 0.6494140625,
        "mean": 0.0745920836926,
        "median": 0.06689453125,
        "min": 0.005859375,
        "var": 0.00228536408395
    },
    "barkbands": {
        "dmean": [0.000290783762466, 0.00523827504367, 0.000937543751206, 0.000651601003483, 0.000960805336945, 0.000700596370734, 0.000682547921315, 0.00126037315931, 0.00082176894648, 0.000787897908594, 0.00073792936746, 0.000725977530237, 0.000520947040059, 0.000303283770336, 0.000407921528677, 0.00027194886934, 0.000296042184345, 0.000225204945309, 0.000290948431939, 0.000242510199314, 0.00025364436442, 0.000202887036721, 0.000137380629894, 0.000111662782729, 0.000125932769151, 5.50451950403e-05, 1.31990482259e-05],
        "dmean2": [0.00038430976565, 0.00787367951125, 0.00170866469853, 0.00112948869355, 0.00162173586432, 0.00118801509961, 0.00106624444015, 0.00200878456235, 0.00134370103478, 0.00133340375032, 0.00128184095956, 0.0012349706376, 0.000871802913025, 0.000518495042343, 0.000698502466548, 0.000470946193673, 0.000507103628479, 0.000387491541915, 0.00049581984058, 0.000416744820541, 0.000424763740739, 0.000336911412887, 0.000222443253733, 0.000178815535037, 0.000202725786949, 8.14842132968e-05, 2.08442143048e-05],
        "dvar": [4.16856209995e-07, 8.96611454664e-05, 1.16216178867e-05, 8.83637676452e-06, 5.81365247854e-06, 1.64274558756e-06, 1.57713793669e-06, 3.94194148612e-06, 2.21480604523e-06, 2.20895140046e-06, 3.17063017974e-06, 2.52795598499e-06, 1.62592471042e-06, 4.53343602658e-07, 1.00640716028e-06, 4.0485667796e-07, 4.03923735348e-07, 2.41800023559e-07, 4.6766464834e-07, 2.81629780829e-07, 3.34820100534e-07, 1.72772047335e-07, 6.38577191125e-08, 4.12691107954e-08, 5.69221256796e-08, 8.93211993258e-09, 5.36716560084e-10],
        "dvar2": [6.16833290223e-07, 0.000232231803238, 3.39672005794e-05, 2.27433065447e-05, 1.54500339704e-05, 4.59644115836e-06, 3.43503347722e-06, 9.48518209043e-06, 5.60226317248e-06, 5.95708343099e-06, 9.03830277821e-06, 6.68685652272e-06, 4.37300286649e-06, 1.2787166952e-06, 2.8343717986e-06, 1.11415522497e-06, 1.11359713628e-06, 6.79146523908e-07, 1.33999185437e-06, 8.06267451026e-07, 9.20605828014e-07, 4.86618546347e-07, 1.64706193573e-07, 1.04933882028e-07, 1.45785477912e-07, 2.08791988143e-08, 1.3463516968e-09],
        "max": [0.00744068576023, 0.0837650671601, 0.0360311865807, 0.0630018934608, 0.037449195981, 0.0169123932719, 0.0318341702223, 0.0290683005005, 0.0282731931657, 0.0295515153557, 0.0300742648542, 0.0333035849035, 0.0204831454903, 0.0151485456154, 0.0238864514977, 0.0113066267222, 0.0139823462814, 0.0128033915535, 0.0129661820829, 0.0131552452222, 0.014281722717, 0.00688782101497, 0.00486853020266, 0.0043692169711, 0.00321475765668, 0.00221959641203, 0.0003411094076],
        "mean": [0.000811881385744, 0.0127478046343, 0.00113904254977, 0.000784035422839, 0.00130249466747, 0.00121816573665, 0.00121600308921, 0.00244221463799, 0.00142830831464, 0.00120742956642, 0.000951608235482, 0.00100540462881, 0.000753877742682, 0.000439700204879, 0.000560529006179, 0.0003884746111, 0.000440288102254, 0.000361332349712, 0.000479924987303, 0.000404876540415, 0.000475478504086, 0.000397954805521, 0.000308731308905, 0.000259684922639, 0.000250810466241, 0.000131797292852, 2.14853789657e-05],
        "median": [1.90673399629e-05, 0.0030926100444, 0.000399479060434, 0.000181489216629, 0.000585532048717, 0.000658285920508, 0.00050207041204, 0.00111239019316, 0.000719465489965, 0.000569295720197, 0.000473784806672, 0.000467032659799, 0.000387288891943, 0.000209882156923, 0.000241736226599, 0.000152197200805, 0.000191254453966, 0.000106449660962, 0.000137474096846, 0.000130527361762, 0.000180946532055, 0.000137138180435, 0.000140370771987, 0.000146746693645, 0.000146112724906, 7.30210012989e-05, 4.23017354478e-06],
        "min": [2.42604711233e-26, 6.63628299745e-25, 1.20500771248e-24, 2.35205643374e-24, 1.03333237074e-23, 3.08950431554e-23, 1.47549963662e-23, 8.24860572631e-24, 3.94086667028e-23, 3.61357080506e-23, 2.02041761313e-23, 4.12313392906e-23, 2.8481516905e-23, 5.01671801272e-23, 6.49368461508e-23, 9.86524078303e-23, 7.92161814793e-23, 1.30346188429e-22, 1.72795879212e-22, 1.80440168575e-22, 2.34767933645e-22, 4.02235202593e-22, 3.83523068512e-22, 4.63987941073e-22, 9.31944269018e-22, 1.50004983365e-21, 1.97453848525e-21],
        "var": [2.38894153881e-06, 0.00031782334554, 8.01822352514e-06, 7.53419544708e-06, 5.59700993108e-06, 2.40386657424e-06, 4.40422854808e-06, 1.06729630716e-05, 4.38076267528e-06, 3.64172660738e-06, 3.0384242109e-06, 2.94682399726e-06, 1.81755694939e-06, 5.40574433217e-07, 1.11204337827e-06, 4.90088893912e-07, 5.004270065e-07, 3.50614044464e-07, 6.66792004722e-07, 3.96005077619e-07, 5.13985980888e-07, 3.2244798831e-07, 1.61179926295e-07, 1.02733359597e-07, 1.02856319018e-07, 2.4534125842e-08, 1.29096222601e-09]
    },
    "erbbands": {
        "dmean": [0.233847901225, 0.960534393787, 1.10334169865, 1.68593382835, 2.48060011864, 3.3445482254, 5.02087068558, 6.04981994629, 9.76381492615, 14.6279335022, 26.7609424591, 21.9144306183, 17.4668560028, 24.259469986, 34.6031684875, 34.1938438416, 24.4230079651, 16.2858905792, 24.5002250671, 12.5653219223, 14.787021637, 12.9219169617, 12.628985405, 12.3717651367, 15.6342735291, 11.4720516205, 10.9407958984, 9.29357910156, 7.33657884598, 5.62702798843, 4.02134418488, 2.7232542038, 1.86386525631, 1.59519052505, 0.796272337437, 0.314418613911, 0.0882461220026, 0.0222207996994, 0.0021031096112, 3.51260423486e-05],
        "dmean2": [0.321300029755, 1.57521617413, 1.95603621006, 2.96485137939, 4.00957536697, 5.86500167847, 8.76203536987, 10.1758680344, 14.9016246796, 23.3909988403, 43.3171691895, 35.488735199, 29.7308521271, 41.0464248657, 59.5430412292, 57.9217948914, 40.9013061523, 27.3711547852, 42.3654708862, 21.4019870758, 25.0487918854, 22.0018539429, 21.6139087677, 21.3071994781, 26.7432098389, 19.5390205383, 18.3783836365, 15.7891407013, 12.1967010498, 9.08827972412, 6.65066862106, 4.46205186844, 3.02133798599, 2.65755724907, 1.25909805298, 0.470074087381, 0.132958352566, 0.034019690007, 0.00334014580585, 5.48571370018e-05],
        "dvar": [0.186176240444, 3.3376057148, 13.3154459, 39.0893440247, 59.3832931519, 72.3851699829, 136.23034668, 104.199295044, 352.927185059, 717.890808105, 1925.75500488, 1596.56494141, 913.578186035, 2138.90429688, 7005.11767578, 5962.72216797, 3540.67382812, 1210.37988281, 3767.93994141, 671.718200684, 911.64050293, 681.216796875, 831.571594238, 757.66003418, 1468.69641113, 660.175109863, 669.853393555, 391.433807373, 238.082962036, 114.530273438, 60.3213996887, 28.8596229553, 10.9784383774, 9.41331577301, 2.19003939629, 0.292277365923, 0.025204975158, 0.00146215001587, 1.42918306665e-05, 3.05852365656e-09],
        "dvar2": [0.387338161469, 9.55796337128, 38.6589622498, 106.371955872, 133.906524658, 201.833679199, 386.372589111, 283.531829834, 741.49395752, 1713.02307129, 4656.75146484, 3950.65771484, 2477.8894043, 5711.69238281, 19460.1796875, 15846.9970703, 9583.15625, 3422.82275391, 10765.6904297, 1831.84521484, 2471.37841797, 1837.07971191, 2328.08007812, 2134.04199219, 4232.46484375, 1867.91210938, 1858.3951416, 1102.76794434, 666.84777832, 305.467254639, 160.909088135, 76.47240448, 27.98736763, 25.0354881287, 5.35409212112, 0.688359677792, 0.0593633577228, 0.00345493340865, 3.6138411815e-05, 7.53882467563e-09],
        "max": [4.10368919373, 13.6593809128, 34.7239379883, 103.886253357, 128.356628418, 145.616622925, 141.124511719, 143.994491577, 472.744354248, 462.802459717, 779.860778809, 818.673706055, 1136.11108398, 814.972839355, 1462.81005859, 1629.97216797, 958.583251953, 855.692687988, 1546.01647949, 566.943115234, 489.640228271, 527.609130859, 811.874938965, 676.406188965, 812.120300293, 759.622253418, 692.65234375, 251.400161743, 214.181259155, 171.739105225, 164.762191772, 96.0348129272, 100.406578064, 37.8403587341, 22.8337745667, 10.2650623322, 4.0957531929, 0.790111064911, 0.0580149181187, 0.000869739684276],
        "mean": [0.559697628021, 2.06571602821, 1.58444571495, 2.2043800354, 3.28080153465, 4.22483348846, 7.40764856339, 10.5959396362, 18.8684024811, 27.8289031982, 50.4569549561, 41.127155304, 31.6908168793, 34.5560112, 47.211265564, 47.9568939209, 36.6206016541, 26.483707428, 33.4885635376, 19.7472057343, 23.2546520233, 20.9371852875, 20.803653717, 20.2905426025, 25.3146629333, 19.8975524902, 19.8651123047, 17.4697360992, 14.2258844376, 11.7718553543, 8.60538005829, 5.80490732193, 4.20417118073, 3.03613615036, 1.6327265501, 0.701826393604, 0.208689942956, 0.0480844862759, 0.00335766561329, 9.7822106909e-05],
        "median": [0.0866079181433, 0.682064890862, 0.752536714077, 0.818999886513, 1.00303471088, 1.94157457352, 3.21411323547, 5.92937898636, 7.64414167404, 13.607509613, 24.8846492767, 23.1719303131, 17.310092926, 17.9319133759, 24.0722332001, 22.972492218, 19.8071479797, 14.9349746704, 15.0745239258, 9.22822380066, 9.89302062988, 8.78610134125, 6.84690666199, 6.09413146973, 6.92439222336, 6.4214963913, 7.39169025421, 6.04630804062, 4.72650432587, 4.42743778229, 4.05231142044, 2.72386455536, 2.58359289169, 1.75284147263, 0.986779034138, 0.43086129427, 0.106182202697, 0.0172968562692, 0.000738901551813, 5.65836380702e-05],
        "min": [8.6861524761e-23, 1.47614757541e-22, 1.57181088199e-21, 1.02487128596e-20, 2.02097397338e-20, 5.04983036465e-20, 6.69035893272e-20, 2.70192730977e-19, 2.16260167297e-19, 2.2421511155e-19, 2.33717684878e-19, 9.10861925632e-19, 9.56222235677e-19, 1.09240397845e-18, 7.98226706174e-19, 1.75557256332e-18, 1.36113965663e-18, 2.84889605642e-18, 3.07583657299e-18, 4.98327598125e-18, 4.63756452963e-18, 6.54287953129e-18, 7.70072063062e-18, 6.482698833e-18, 9.63665909933e-18, 9.680106761e-18, 8.10199008168e-18, 1.23404163911e-17, 1.31951115124e-17, 1.30197773467e-17, 1.10954152706e-17, 1.01543327149e-17, 8.43806942865e-18, 8.87240459751e-18, 6.42596954582e-18, 5.13775154706e-18, 2.30075779247e-18, 1.03173844893e-18, 2.51619992984e-19, 2.80207787932e-20],
        "var": [0.823804795742, 7.56032657623, 10.8337068558, 31.0192451477, 71.7839508057, 58.6626167297, 144.559082031, 185.022323608, 1059.42651367, 1743.67150879, 4871.66015625, 3359.88818359, 2480.69799805, 2727.62402344, 7189.22460938, 6740.06835938, 3914.68505859, 1547.00610352, 3979.26367188, 894.849121094, 1323.78991699, 992.579223633, 1146.49816895, 1119.41687012, 2024.37841797, 959.681884766, 933.315124512, 662.614196777, 428.524505615, 260.130096436, 128.057434082, 58.5273323059, 26.3795871735, 15.3293170929, 4.33490133286, 0.709503114223, 0.0676353573799, 0.00435710186139, 3.23046406265e-05, 1.09100133372e-08]
    },
    "gfcc": {
        "mean": [0.0233672372997, 62.6131362915, -120.522972107, 10.6807346344, -66.3425292969, 16.6913967133, -31.3423748016, 11.1607398987, -21.6916637421, 9.0465631485, -14.2508945465, 4.58050775528, -11.2109479904],
        "cov": [[19246.9414062, -2602.46606445, 936.973571777, 2337.06103516, 702.723754883, 1827.07019043, 915.221374512, 1554.58007812, 299.667114258, 1132.28686523, -99.7894744873, 300.349853516, -438.967895508], [-2602.46606445, 3280.94848633, -409.492980957, -515.593933105, 37.9304046631, -537.325012207, -34.796875, -461.256866455, 129.359436035, -366.598052979, 52.0325012207, -286.511535645, 164.509994507], [936.973571777, -409.492980957, 1664.23364258, 897.800476074, 422.851989746, 755.146728516, 196.514480591, 385.892883301, 70.0823974609, 270.529174805, 102.039321899, 210.824508667, 0.287961632013], [2337.06103516, -515.593933105, 897.800476074, 1193.31982422, 448.707397461, 683.682678223, 342.947570801, 414.884552002, 137.06362915, 308.103790283, 106.405548096, 187.110916138, 14.6999092102], [702.723754883, 37.9304046631, 422.851989746, 448.707397461, 536.857788086, 410.041229248, 257.130371094, 265.694519043, 123.96950531, 157.158279419, 86.699508667, 99.4682769775, 16.3692550659], [1827.07019043, -537.325012207, 755.146728516, 683.682678223, 410.041229248, 773.810424805, 303.952728271, 428.4765625, 125.017837524, 277.98739624, 92.2629394531, 174.825500488, -16.4517440796], [915.221374512, -34.796875, 196.514480591, 342.947570801, 257.130371094, 303.952728271, 337.595581055, 237.40977478, 142.892807007, 158.065261841, 82.5497283936, 62.0613479614, 6.54590940475], [1554.58007812, -461.256866455, 385.892883301, 414.884552002, 265.694519043, 428.4765625, 237.40977478, 397.15838623, 137.788101196, 234.976654053, 81.4289016724, 121.537483215, -23.2160682678], [299.667114258, 129.359436035, 70.0823974609, 137.06362915, 123.96950531, 125.017837524, 142.892807007, 137.788101196, 166.335357666, 100.774108887, 74.6741867065, 38.499332428, 17.0786457062], [1132.28686523, -366.598052979, 270.529174805, 308.103790283, 157.158279419, 277.98739624, 158.065261841, 234.976654053, 100.774108887, 231.560379028, 80.1453018188, 98.6123886108, -4.71072626114], [-99.7894744873, 52.0325012207, 102.039321899, 106.405548096, 86.699508667, 92.2629394531, 82.5497283936, 81.4289016724, 74.6741867065, 80.1453018188, 126.589019775, 70.5541152954, 36.5820884705], [300.349853516, -286.511535645, 210.824508667, 187.110916138, 99.4682769775, 174.825500488, 62.0613479614, 121.537483215, 38.499332428, 98.6123886108, 70.5541152954, 138.169906616, 25.8912277222], [-438.967895508, 164.509994507, 0.287961632013, 14.6999092102, 16.3692550659, -16.4517440796, 6.54590940475, -23.2160682678, 17.0786457062, -4.71072626114, 36.5820884705, 25.8912277222, 88.956199646]],
        "icov": [[0.000142333112308, -0.000112530338811, 0.000201474686037, -0.000256981147686, 0.000185441269423, -0.000111266839667, 3.47951026924e-05, -0.000433108827565, 0.00033294322202, -0.000595318386331, 0.000552825862542, -0.00017531553749, 0.000510225305334], [-0.000112530338811, 0.000933886913117, -0.000404419843107, 0.000346594169969, -0.000687827006914, 0.000185747951036, -0.000207308898098, 0.00121738540474, -0.00171768094879, 0.00155989604536, -0.00140593515243, 0.00196148199029, -0.00142478651833], [0.000201474686037, -0.000404419843107, 0.00170923001133, -0.00101024855394, 0.000221494454308, -0.00121103820857, 0.000959542463534, -0.00079000974074, 0.00113067554776, -0.00113266543485, 0.000664952734951, -0.000928624765947, 0.00108177727088], [-0.000256981147686, 0.000346594169969, -0.00101024855394, 0.00269635370933, -0.000758922193199, -0.000363245926565, -0.0010293405503, 0.00107054552063, -0.000580653722864, 0.000255551480222, -0.000503985676914, 0.000242187772528, -0.00166198879015], [0.000185441269423, -0.000687827006914, 0.000221494454308, -0.000758922193199, 0.00447351671755, -0.00118116498925, -0.00122257170733, -0.0017490235623, 0.000827288546134, -0.000311001640512, 0.000855249119923, -0.00136844161898, 0.000774947053287], [-0.000111266839667, 0.000185747951036, -0.00121103820857, -0.000363245926565, -0.00118116498925, 0.00577560905367, -0.0014320894843, -0.00234317174181, 0.000630535767414, 5.93599761487e-05, 0.000427495164331, -0.00122527801432, 1.36403687065e-05], [3.47951026924e-05, -0.000207308898098, 0.000959542463534, -0.0010293405503, -0.00122257170733, -0.0014320894843, 0.00812690611929, -0.00172770675272, -0.00241880863905, -0.000818446744233, -0.00119102559984, 0.00185113691259, 5.32156718691e-06], [-0.000433108827565, 0.00121738540474, -0.00079000974074, 0.00107054552063, -0.0017490235623, -0.00234317174181, -0.00172770675272, 0.0134171508253, -0.00551832839847, -0.00202923594043, -0.00127573451027, -2.53590915236e-05, 0.000438345072325], [0.00033294322202, -0.00171768094879, 0.00113067554776, -0.000580653722864, 0.000827288546134, 0.000630535767414, -0.00241880863905, -0.00551832839847, 0.0161033216864, -0.0049902042374, -0.00141837669071, -0.00109595840331, 0.00116034923121], [-0.000595318386331, 0.00155989604536, -0.00113266543485, 0.000255551480222, -0.000311001640512, 5.93599761487e-05, -0.000818446744233, -0.00202923594043, -0.0049902042374, 0.0174425020814, -0.00635908124968, 0.000774129119236, -0.00199066987261], [0.000552825862542, -0.00140593515243, 0.000664952734951, -0.000503985676914, 0.000855249119923, 0.000427495164331, -0.00119102559984, -0.00127573451027, -0.00141837669071, -0.00635908124968, 0.0194092337042, -0.00885405112058, -0.000383645907277], [-0.00017531553749, 0.00196148199029, -0.000928624765947, 0.000242187772528, -0.00136844161898, -0.00122527801432, 0.00185113691259, -2.53590915236e-05, -0.00109595840331, 0.000774129119236, -0.00885405112058, 0.0200078897178, -0.00657809898257], [0.000510225305334, -0.00142478651833, 0.00108177727088, -0.00166198879015, 0.000774947053287, 1.36403687065e-05, 5.32156718691e-06, 0.000438345072325, 0.00116034923121, -0.00199066987261, -0.000383645907277, -0.00657809898257, 0.0183834247291]]
    },
    "melbands": {
        "dmean": [0.0017243786715, 0.000746294565033, 0.000313098193146, 0.000202812749194, 0.000170967585291, 0.000133781926706, 0.000148987979628, 0.000181999988854, 0.000206894939765, 0.000134424248245, 8.94188051461e-05, 0.000102778984001, 0.000103168131318, 9.75208240561e-05, 6.3571780629e-05, 5.0711161748e-05, 3.09169045067e-05, 3.9736929466e-05, 2.12501745409e-05, 2.08814562939e-05, 1.90119753825e-05, 1.52891861944e-05, 1.36890803333e-05, 1.10289429358e-05, 1.04865630419e-05, 1.29660729726e-05, 8.20763307274e-06, 8.55922735354e-06, 7.16870044926e-06, 7.27056885808e-06, 5.60030957786e-06, 4.5519300329e-06, 3.92071387978e-06, 3.02142871078e-06, 2.67411996902e-06, 1.9699900804e-06, 1.74599222191e-06, 1.31907654577e-06, 1.49276672801e-06, 1.44780199207e-06],
        "dmean2": [0.00245676096529, 0.00126368110068, 0.000536065665074, 0.000338967482094, 0.000300894287648, 0.000225062874961, 0.000227690150496, 0.000289446732495, 0.000336831610184, 0.000218090310227, 0.00015304806584, 0.000173734384589, 0.000178513815627, 0.000165401870618, 0.000107824918814, 8.41459113872e-05, 5.21396214026e-05, 6.90330125508e-05, 3.61632992281e-05, 3.63722501788e-05, 3.23025524267e-05, 2.61311724898e-05, 2.34475119214e-05, 1.89867532754e-05, 1.82070616574e-05, 2.2223133783e-05, 1.42101835081e-05, 1.46946958921e-05, 1.22473011288e-05, 1.24278994917e-05, 9.57060728979e-06, 7.65743425291e-06, 6.57587452224e-06, 4.84858355776e-06, 4.46259673481e-06, 3.29399449583e-06, 2.8928300253e-06, 2.1502448817e-06, 2.476026566e-06, 2.43419890467e-06],
        "dvar": [9.52252685238e-06, 2.8659178497e-06, 1.33404728331e-06, 3.055530442e-07, 1.6224909416e-07, 5.27152224095e-08, 8.14120113546e-08, 1.10268608466e-07, 1.10564997158e-07, 6.12534378774e-08, 2.43022331148e-08, 4.27604156528e-08, 6.34126919863e-08, 3.89994880834e-08, 1.66315441419e-08, 1.76781060901e-08, 5.33658672808e-09, 9.67621005543e-09, 2.39785657996e-09, 3.07272229882e-09, 1.7810949382e-09, 1.04334441087e-09, 1.05264463812e-09, 5.18421361395e-10, 6.09611139346e-10, 1.23092258608e-09, 3.12413511727e-10, 3.88537729767e-10, 2.44555570239e-10, 3.47005008061e-10, 1.29156560447e-10, 9.64379825996e-11, 6.00650709726e-11, 2.96115389153e-11, 2.72151363945e-11, 1.33567245805e-11, 1.20325607117e-11, 5.60229250143e-12, 7.19006234759e-12, 8.30762195148e-12],
        "dvar2": [2.28840399359e-05, 8.33833928482e-06, 3.51158905687e-06, 7.78812022872e-07, 4.62995757289e-07, 1.43662333585e-07, 1.71646973968e-07, 2.62740229573e-07, 2.70479290521e-07, 1.51430327833e-07, 6.6054326453e-08, 1.14239249172e-07, 1.78792959105e-07, 1.06267080469e-07, 4.48417445398e-08, 4.67743355159e-08, 1.51960435346e-08, 2.77994018916e-08, 6.5947403094e-09, 8.61555449205e-09, 4.91594098762e-09, 2.85231416264e-09, 2.9002305002e-09, 1.44730405438e-09, 1.72031699996e-09, 3.612948829e-09, 8.74287364727e-10, 1.10652875751e-09, 6.80557110666e-10, 9.78203074098e-10, 3.65217411868e-10, 2.7196614405e-10, 1.65782401695e-10, 7.61697233065e-11, 7.26614948765e-11, 3.61453124376e-11, 3.24093460402e-11, 1.46284841879e-11, 1.90179087756e-11, 2.2474636735e-11],
        "max": [0.0286988448352, 0.0157238934189, 0.0207915510982, 0.00982012506574, 0.00396556779742, 0.00337458495051, 0.00728645408526, 0.00587261561304, 0.00596697675064, 0.00539163406938, 0.00561545882374, 0.00360496412031, 0.00433832919225, 0.00395826390013, 0.00246385158971, 0.00255385227501, 0.00188513169996, 0.0024495003745, 0.00156192551367, 0.00100261485204, 0.000796864274889, 0.000799984845798, 0.00077193940524, 0.000466122059152, 0.000632759940345, 0.000776681175921, 0.000273432058748, 0.000639045611024, 0.000322590349242, 0.000515892461408, 0.00014974467922, 0.000147269442095, 0.00010006249795, 8.35225873743e-05, 0.000116585666547, 6.48834684398e-05, 5.74964396947e-05, 7.56993613322e-05, 5.71772543481e-05, 3.57004864782e-05],
        "mean": [0.00413990113884, 0.0014553227229, 0.000413295201724, 0.000267329713097, 0.0002466715232, 0.000234659586567, 0.000280349922832, 0.000347644177964, 0.000387360865716, 0.000240146691795, 0.000153350745677, 0.000138508621603, 0.000133805442601, 0.000138971532579, 8.91250601853e-05, 7.33077904442e-05, 4.5931290515e-05, 5.27423471794e-05, 3.0737654015e-05, 2.86579743261e-05, 2.78561165032e-05, 2.25866060646e-05, 2.06302847801e-05, 1.72875170392e-05, 1.55677116709e-05, 1.96115488507e-05, 1.32828909045e-05, 1.36997286972e-05, 1.22198289318e-05, 1.19456417451e-05, 9.85034421319e-06, 8.21502544568e-06, 7.22999357095e-06, 6.12181383985e-06, 5.25205314261e-06, 3.92768970414e-06, 3.37698224939e-06, 2.89092668027e-06, 2.82212658931e-06, 2.51517826655e-06],
        "median": [0.000858662999235, 0.000735962414183, 0.000158459006343, 0.00010523567471, 0.000114752343507, 0.000125452555949, 0.00010857192683, 0.000171907726326, 0.000197790606762, 0.000119245625683, 7.89128462202e-05, 6.46020271233e-05, 6.63033788442e-05, 7.00172604411e-05, 4.55705812783e-05, 3.72390786652e-05, 2.24594259635e-05, 2.34281251323e-05, 1.43513179864e-05, 1.1710490071e-05, 1.09913198685e-05, 9.281151506e-06, 7.49271293898e-06, 4.90279853693e-06, 4.49310437034e-06, 5.10192148795e-06, 3.52127062797e-06, 4.35845049651e-06, 4.45166142526e-06, 4.46311059932e-06, 3.07193658955e-06, 2.66272468252e-06, 2.61208720076e-06, 2.26803695114e-06, 2.40795543505e-06, 1.85828855592e-06, 1.50562652834e-06, 1.7524642999e-06, 1.67359280567e-06, 1.39572057378e-06],
        "min": [1.32864696684e-24, 7.19636388636e-25, 2.82046330381e-24, 2.58893972788e-24, 2.31552290471e-24, 5.64707025636e-24, 3.56830423082e-24, 2.63450886971e-24, 1.69519227113e-24, 4.73528904488e-24, 4.73713182396e-24, 3.59609422279e-24, 2.71091497877e-24, 4.08415891498e-24, 1.93015705555e-24, 4.83241241624e-24, 4.67003249865e-24, 3.73996154709e-24, 5.84085157114e-24, 7.44145192556e-24, 5.03362125088e-24, 5.78737942354e-24, 4.90519706209e-24, 6.83993365241e-24, 4.33016321612e-24, 6.03167465753e-24, 5.42537864831e-24, 5.77211575389e-24, 4.18022560716e-24, 5.48804851964e-24, 7.02623972126e-24, 6.26070977174e-24, 7.16935486668e-24, 5.92800492395e-24, 5.83256892607e-24, 6.30286492079e-24, 5.84600362171e-24, 5.1270941684e-24, 6.13238616272e-24, 7.27797785789e-24],
        "var": [3.77521828341e-05, 4.19643356508e-06, 1.14416798169e-06, 3.06323556742e-07, 1.51345503241e-07, 9.18622689028e-08, 2.42436726694e-07, 2.71875080671e-07, 2.76997838e-07, 1.28703504743e-07, 6.18911641936e-08, 5.23638092886e-08, 6.19783975253e-08, 4.69601850739e-08, 1.89202893353e-08, 1.93600673271e-08, 6.39331698693e-09, 9.9658983288e-09, 2.77924505632e-09, 3.18694959311e-09, 2.25277574373e-09, 1.33854272111e-09, 1.30028643408e-09, 7.93709875602e-10, 7.95965515721e-10, 1.49299606012e-09, 4.60289667492e-10, 4.99703611823e-10, 3.48691020502e-10, 4.02773425723e-10, 2.25652274644e-10, 1.54773902028e-10, 1.08598227633e-10, 7.12040149065e-11, 5.14084261272e-11, 2.68321337371e-11, 2.15342257914e-11, 1.29071016028e-11, 1.31651625365e-11, 1.15940625156e-11]
    },
    "mfcc": {
        "mean": [-639.121704102, 101.189613342, -3.71392130852, 0.863401830196, -10.0857219696, 2.67473363876, -0.598366260529, 1.25384962559, 1.52137231827, 1.02627766132, 1.31283032894, 4.51034879684, 2.33548355103],
        "cov": [[12025.6806641, -1674.96350098, 350.486785889, 981.66583252, 647.02935791, 794.560424805, 868.168701172, 830.674194336, 721.626403809, 792.858520508, 754.165466309, 470.272766113, 406.943725586], [-1674.96350098, 2832.06787109, -407.347625732, -215.134429932, -215.283233643, -229.11958313, -306.790557861, -246.245773315, -109.002441406, -160.125732422, -194.008468628, -107.727806091, -172.410842896], [350.486785889, -407.347625732, 1291.49853516, 418.553466797, 499.436462402, 422.732818604, 331.008605957, 275.277130127, 148.028656006, 143.494552612, 159.206222534, 127.175827026, 171.88861084], [981.66583252, -215.134429932, 418.553466797, 610.24810791, 299.847198486, 311.455993652, 257.914154053, 204.369247437, 167.897781372, 151.050765991, 135.62953186, 125.39025116, 121.012619019], [647.02935791, -215.283233643, 499.436462402, 299.847198486, 509.606048584, 336.454772949, 307.168212891, 254.083648682, 179.1978302, 152.332305908, 157.669158936, 111.336303711, 138.909317017], [794.560424805, -229.11958313, 422.732818604, 311.455993652, 336.454772949, 412.415924072, 311.660461426, 259.01550293, 185.933044434, 161.627975464, 160.22694397, 122.844268799, 130.509857178], [868.168701172, -306.790557861, 331.008605957, 257.914154053, 307.168212891, 311.660461426, 374.640625, 262.052337646, 191.190948486, 179.338562012, 173.312271118, 136.896362305, 136.86164856], [830.674194336, -246.245773315, 275.277130127, 204.369247437, 254.083648682, 259.01550293, 262.052337646, 293.885406494, 178.140335083, 162.54624939, 167.324081421, 114.263786316, 129.934814453], [721.626403809, -109.002441406, 148.028656006, 167.897781372, 179.1978302, 185.933044434, 191.190948486, 178.140335083, 202.518203735, 149.194717407, 129.384719849, 105.180809021, 92.878036499], [792.858520508, -160.125732422, 143.494552612, 151.050765991, 152.332305908, 161.627975464, 179.338562012, 162.54624939, 149.194717407, 196.844726562, 150.166275024, 98.1981582642, 92.3170089722], [754.165466309, -194.008468628, 159.206222534, 135.62953186, 157.669158936, 160.22694397, 173.312271118, 167.324081421, 129.384719849, 150.166275024, 193.701293945, 119.197944641, 105.771965027], [470.272766113, -107.727806091, 127.175827026, 125.39025116, 111.336303711, 122.844268799, 136.896362305, 114.263786316, 105.180809021, 98.1981582642, 119.197944641, 150.611907959, 115.978279114], [406.943725586, -172.410842896, 171.88861084, 121.012619019, 138.909317017, 130.509857178, 136.86164856, 129.934814453, 92.878036499, 92.3170089722, 105.771965027, 115.978279114, 158.732971191]],
