{
"lowlevel": {
    "average_loudness": 0.902767539024,
    "barkbands_crest": {
        "dmean": 2.41047716141,
        "dmean2": 3.89254188538,
        "dvar": 5.88694477081,
        "dvar2": 15.2127666473,
        "max": 26.943611145,
        "mean": 10.2603397369,
        "median": 9.74607753754,
        "min": 1.92025125027,
        "var": 19.0705795288
    },
    "barkbands_flatness_db": {
        "dmean": 0.0195299442858,
        "dmean2": 0.0304740909487,
        "dvar": 0.000516380590852,
        "dvar2": 0.00121103285346,
        "max": 0.508939981461,
        "mean": 0.112887874246,
        "median": 0.0868460834026,
        "min": 0.0193188954145,
        "var": 0.00482277898118
    },
    "barkbands_kurtosis": {
        "dmean": 4.02004861832,
        "dmean2": 6.31593036652,
        "dvar": 669.891601562,
        "dvar2": 1420.65515137,
        "max": 1598.69384766,
        "mean": 5.63831758499,
        "median": 0.0962283611298,
        "min": -1.87169778347,
        "var": 2406.87670898
    },
    "barkbands_skewness": {
        "dmean": 0.547094106674,
        "dmean2": 0.866308510303,
        "dvar": 0.718262672424,
        "dvar2": 1.75822591782,
        "max": 20.2707748413,
        "mean": 1.06235933304,
        "median": 0.920283794403,
        "min": -6.20897054672,
        "var": 1.5433576107
    },
    "barkbands_spread": {
        "dmean": 6.50092506409,
        "dmean2": 10.7803421021,
        "dvar": 78.0652389526,
        "dvar2": 208.232223511,
        "max": 93.5482711792,
        "mean": 30.3076114655,
        "median": 30.4602279663,
        "min": 0.0544064156711,
        "var": 254.21333313
    },
    "dissonance": {
        "dmean": 0.0181770194322,
        "dmean2": 0.0310885980725,
        "dvar": 0.000559525680728,
        "dvar2": 0.00156027253252,
        "max": 0.500000059605,
        "mean": 0.464593857527,
        "median": 0.477197915316,
        "min": 0.0954026728868,
        "var": 0.00193506281357
    },
    "dynamic_complexity": 3.80810594559,
    "erbbands_crest": {
        "dmean": 2.69798183441,
        "dmean2": 4.41007709503,
        "dvar": 6.30796432495,
        "dvar2": 16.2495479584,
        "max": 33.8149337769,
        "mean": 9.57625675201,
        "median": 7.92661094666,
        "min": 2.20194220543,
        "var": 33.2453422546
    },
    "erbbands_flatness_db": {
        "dmean": 0.0141615048051,
        "dmean2": 0.0211996007711,
        "dvar": 0.000214924628381,
        "dvar2": 0.000448884500656,
        "max": 0.535110235214,
        "mean": 0.154952540994,
        "median": 0.12511870265,
        "min": 0.0550613217056,
        "var": 0.00616520736367
    },
    "erbbands_kurtosis": {
        "dmean": 1.6127743721,
        "dmean2": 2.45439720154,
        "dvar": 51.5269393921,
        "dvar2": 100.512237549,
        "max": 388.036834717,
        "mean": 3.14770960808,
        "median": -0.240159034729,
        "min": -1.81749641895,
        "var": 358.831268311
    },
    "erbbands_skewness": {
        "dmean": 0.370287239552,
        "dmean2": 0.591677188873,
        "dvar": 0.185378566384,
        "dvar2": 0.44874688983,
        "max": 15.4193630219,
        "mean": 0.402797758579,
        "median": 0.200500711799,
        "min": -4.75687789917,
        "var": 1.49895894527
    },
    "erbbands_spread": {
        "dmean": 7.52831077576,
        "dmean2": 11.1357851028,
        "dvar": 99.0498809814,
        "dvar2": 191.910522461,
        "max": 122.173477173,
        "mean": 36.4625854492,
        "median": 35.3041877747,
        "min": 0.253917515278,
        "var": 451.532531738
    },
    "hfc": {
        "dmean": 10.1515922546,
        "dmean2": 16.9140453339,
        "dvar": 328.285095215,
        "dvar2": 918.265625,
        "max": 157.381469727,
        "mean": 36.1009025574,
        "median": 33.2216300964,
        "min": 1.11407649514e-16,
        "var": 834.319091797
    },
    "melbands_crest": {
        "dmean": 3.39056181908,
        "dmean2": 5.51567649841,
        "dvar": 10.8986568451,
        "dvar2": 29.4691829681,
        "max": 34.9145812988,
        "mean": 15.814868927,
        "median": 15.9033126831,
        "min": 1.82397544384,
        "var": 35.6595077515
    },
    "melbands_flatness_db": {
        "dmean": 0.0250202901661,
        "dmean2": 0.0386422611773,
        "dvar": 0.000898275699001,
        "dvar2": 0.00209853844717,
        "max": 0.548877537251,
        "mean": 0.174262613058,
        "median": 0.151353016496,
        "min": 0.00403176480904,
        "var": 0.00551290763542
    },
    "melbands_kurtosis": {
        "dmean": 7.25209379196,
        "dmean2": 11.7555618286,
        "dvar": 269.970916748,
        "dvar2": 649.493896484,
        "max": 399.559387207,
        "mean": 9.81355762482,
        "median": 4.35652685165,
        "min": -1.87044250965,
        "var": 391.104309082
    },
    "melbands_skewness": {
        "dmean": 0.753985881805,
        "dmean2": 1.14924275875,
        "dvar": 1.13453888893,
        "dvar2": 2.51039671898,
        "max": 13.756316185,
        "mean": 1.99471616745,
        "median": 1.8262168169,
        "min": -5.29197692871,
        "var": 2.52774858475
    },
    "melbands_spread": {
        "dmean": 7.97796487808,
        "dmean2": 12.8180570602,
        "dvar": 134.30090332,
        "dvar2": 352.506713867,
        "max": 226.458511353,
        "mean": 30.7580242157,
        "median": 30.7810192108,
        "min": 0.236415058374,
        "var": 335.59387207
    },
    "pitch_salience": {
        "dmean": 0.0736408159137,
        "dmean2": 0.120542302728,
        "dvar": 0.0067224400118,
        "dvar2": 0.0178616661578,
        "max": 0.973626852036,
        "mean": 0.517689287663,
        "median": 0.521334469318,
        "min": 0.0293056108057,
        "var": 0.0134746236727
    },
    "silence_rate_20dB": {
        "dmean": 0,
        "dmean2": 0,
        "dvar": 0,
        "dvar2": 0,
        "max": 1,
        "mean": 1,
        "median": 1,
        "min": 1,
        "var": 0
    },
    "silence_rate_30dB": {
        "dmean": 0,
        "dmean2": 0,
        "dvar": 0,
        "dvar2": 0,
        "max": 1,
        "mean": 1,
        "median": 1,
        "min": 1,
        "var": 0
    },
    "silence_rate_60dB": {
        "dmean": 0.0105217956007,
        "dmean2": 0.0210458505899,
        "dvar": 0.0104124136269,
        "dvar2": 0.0238238796592,
        "max": 1,
        "mean": 0.102093398571,
        "median": 0,
        "min": 0,
        "var": 0.0916816815734
    },
    "spectral_centroid": {
        "dmean": 276.327423096,
        "dmean2": 446.847595215,
        "dvar": 135380.453125,
        "dvar2": 336966.625,
        "max": 11545.5292969,
        "mean": 1679.64929199,
        "median": 1771.0925293,
        "min": 352.294006348,
        "var": 634675.25
    },
    "spectral_complexity": {
        "dmean": 4.39338636398,
        "dmean2": 7.04971551895,
        "dvar": 29.3366203308,
        "dvar2": 72.1788864136,
        "max": 58,
        "mean": 26.8659152985,
        "median": 30,
        "min": 0,
        "var": 206.264373779
    },
    "spectral_decrease": {
        "dmean": 1.86551263326e-09,
        "dmean2": 3.01077873743e-09,
        "dvar": 6.7951402532e-18,
        "dvar2": 1.74343418414e-17,
        "max": 1.43419466505e-21,
        "mean": -8.18090750698e-09,
        "median": -8.52310044763e-09,
        "min": -3.09523322528e-08,
        "var": 3.0108312197e-17
    },
    "spectral_energy": {
        "dmean": 0.00740454345942,
        "dmean2": 0.0119956834242,
        "dvar": 0.000100669385574,
        "dvar2": 0.000258391170064,
        "max": 0.120451882482,
        "mean": 0.0341512598097,
        "median": 0.0358399488032,
        "min": 1.04060306567e-20,
        "var": 0.000515600142535
    },
    "spectral_energyband_high": {
        "dmean": 0.000962508027442,
        "dmean2": 0.0016373541439,
        "dvar": 4.16158627559e-06,
        "dvar2": 1.19044198073e-05,
        "max": 0.0168572831899,
        "mean": 0.00231349561363,
        "median": 0.00161695387214,
        "min": 7.15931767189e-21,
        "var": 6.69624341754e-06
    },
    "spectral_energyband_low": {
        "dmean": 0.00476444279775,
        "dmean2": 0.00734656723216,
        "dvar": 6.76420531818e-05,
        "dvar2": 0.000166822763276,
        "max": 0.0841984897852,
        "mean": 0.0133521845564,
        "median": 0.00889765936881,
        "min": 1.55462743413e-23,
        "var": 0.000173598120455
    },
    "spectral_energyband_middle_high": {
        "dmean": 0.00265861907974,
        "dmean2": 0.00409693038091,
        "dvar": 1.08034864752e-05,
        "dvar2": 2.53472189797e-05,
        "max": 0.0519257523119,
        "mean": 0.00834891851991,
        "median": 0.00796598382294,
        "min": 1.29297912193e-21,
        "var": 4.21311779064e-05
    },
    "spectral_energyband_middle_low": {
        "dmean": 0.00528370542452,
        "dmean2": 0.00887937750667,
        "dvar": 9.64875362115e-05,
        "dvar2": 0.000253373524174,
        "max": 0.111692972481,
        "mean": 0.0107042547315,
        "median": 0.00763630308211,
        "min": 1.64101723269e-22,
        "var": 0.000130626591272
    },
    "spectral_entropy": {
        "dmean": 0.127625003457,
        "dmean2": 0.205683127046,
        "dvar": 0.0224552396685,
        "dvar2": 0.0557160452008,
        "max": 9.81757450104,
        "mean": 7.73255825043,
        "median": 7.98624944687,
        "min": 3.90742444992,
        "var": 0.403222441673
    },
    "spectral_flux": {
        "dmean": 0.0236777495593,
        "dmean2": 0.0343233756721,
        "dvar": 0.000892915122677,
        "dvar2": 0.0015024143504,
        "max": 0.299574285746,
        "mean": 0.0905695036054,
        "median": 0.0844951272011,
        "min": 6.47577894086e-11,
        "var": 0.00344987981953
    },
    "spectral_kurtosis": {
        "dmean": 1.46844100952,
        "dmean2": 2.50466561317,
        "dvar": 5.61159467697,
        "dvar2": 16.3878803253,
        "max": 51.0318412781,
        "mean": 4.69931983948,
        "median": 2.9265794754,
        "min": -1.23650574684,
        "var": 25.282377243
    },
    "spectral_rms": {
        "dmean": 0.000581979693379,
        "dmean2": 0.000929237809032,
        "dvar": 4.60501127009e-07,
        "dvar2": 1.11947440473e-06,
        "max": 0.0108403889462,
        "mean": 0.00528285186738,
        "median": 0.00591318914667,
        "min": 3.18625572975e-12,
        "var": 5.40974633623e-06
    },
    "spectral_rolloff": {
        "dmean": 662.34777832,
        "dmean2": 1120.27368164,
        "dvar": 1035946.875,
        "dvar2": 2705291,
        "max": 19552.1484375,
        "mean": 1985.92028809,
        "median": 1571.92382812,
        "min": 86.1328125,
        "var": 2528865
    },
    "spectral_skewness": {
        "dmean": 0.174601599574,
        "dmean2": 0.290625423193,
        "dvar": 0.0401856079698,
        "dvar2": 0.111451558769,
        "max": 6.04450941086,
        "mean": 1.55515623093,
        "median": 1.36508512497,
        "min": -0.0691485404968,
        "var": 0.38698336482
    },
    "spectral_spread": {
        "dmean": 415351.59375,
        "dmean2": 607569.5,
        "dvar": 274850267136,
        "dvar2": 514493775872,
        "max": 41625196,
        "mean": 4995939,
        "median": 5329431.5,
        "min": 1295546.75,
        "var": 5.44645316608e+12
    },
    "spectral_strongpeak": {
        "dmean": 0.43099796772,
        "dmean2": 0.745073914528,
        "dvar": 0.685866951942,
        "dvar2": 1.78155517578,
        "max": 10.2583065033,
        "mean": 0.815763354301,
        "median": 0.415412038565,
        "min": 0,
        "var": 0.918864667416
    },
    "zerocrossingrate": {
        "dmean": 0.00998973939568,
        "dmean2": 0.013043763116,
        "dvar": 0.000123030098621,
        "dvar2": 0.000200027032406,
        "max": 0.64111328125,
        "mean": 0.0770726948977,
        "median": 0.07568359375,
        "min": 0.01123046875,
        "var": 0.00173095252831
    },
    "barkbands": {
        "dmean": [0.000351294205757, 0.00318704615347, 0.00227587926202, 0.000968830718193, 0.00310961692594, 0.00109013053589, 0.000987489009276, 0.000559438019991, 0.00082787493011, 0.000835604092572, 0.00105851341505, 0.000343406078173, 0.000484247488203, 0.000540053821169, 0.000484086573124, 0.000276399601717, 0.000274345104117, 0.000268652831437, 0.000232668215176, 0.000224539791816, 0.000235664687352, 0.000274181889836, 0.00017660400772, 0.000184452888789, 0.000141736105434, 5.87013528275e-05, 1.4538418327e-05],
        "dmean2": [0.000543184578419, 0.00489824637771, 0.0038707437925, 0.00178821501322, 0.00539676239714, 0.00196327222511, 0.00153313355986, 0.000864080328029, 0.0012250643922, 0.00128481199499, 0.00168313633185, 0.000560307584237, 0.000809151912108, 0.000876747828443, 0.000806936761364, 0.000455687259091, 0.000459870818304, 0.000443175813416, 0.000383364240406, 0.000375761650503, 0.000403411278967, 0.000482285366161, 0.000297340593534, 0.000312018702971, 0.000243843474891, 0.000100024117273, 2.45739920501e-05],
        "dvar": [3.8086457721e-07, 2.78244551737e-05, 3.86253086617e-05, 8.82857966644e-06, 8.01661371952e-05, 5.68824043512e-06, 2.88451860797e-06, 7.80883908647e-07, 1.9776236968e-06, 3.24672419083e-06, 4.53147367807e-06, 2.9733544693e-07, 4.871212127e-07, 6.26511962309e-07, 6.47833928724e-07, 1.6116105428e-07, 1.58439917186e-07, 1.63778082651e-07, 1.11617922016e-07, 1.36575764031e-07, 1.45664643014e-07, 4.02005440492e-07, 1.08060490334e-07, 1.33206015107e-07, 8.96593590483e-08, 1.1870015193e-08, 5.59152280033e-10],
        "dvar2": [9.15354860354e-07, 7.18696246622e-05, 0.000104157916212, 2.54754268099e-05, 0.000209839286981, 1.64428529388e-05, 6.70934059599e-06, 1.83718134394e-06, 4.29897409049e-06, 7.53346603233e-06, 1.14338690764e-05, 7.41429062145e-07, 1.24520079225e-06, 1.52862332925e-06, 1.58983596066e-06, 4.14518979142e-07, 4.06600577207e-07, 4.27981717621e-07, 2.8459660939e-07, 3.61943449434e-07, 4.12364414615e-07, 1.15018633551e-06, 2.96086540175e-07, 3.78209961127e-07, 2.54221646401e-07, 3.36283996205e-08, 1.5385170915e-09],
        "max": [0.0124033801258, 0.05853927508, 0.0569148845971, 0.02442612499, 0.0992230325937, 0.0205256976187, 0.0357266515493, 0.0214864201844, 0.0256457105279, 0.035903159529, 0.0457252636552, 0.0137113528326, 0.0128574976698, 0.0133955059573, 0.0236034113914, 0.0068313521333, 0.00594259053469, 0.00610108394176, 0.00519415037706, 0.00638264743611, 0.00569394603372, 0.00565135059878, 0.00335813802667, 0.00313995149918, 0.00264101079665, 0.00114299042616, 0.000298057973851],
        "mean": [0.000820999906864, 0.00927826482803, 0.00291590206325, 0.000800226000138, 0.00361712835729, 0.00127248314675, 0.00182937877253, 0.00105137273204, 0.00163915078156, 0.00143674993888, 0.00173507235013, 0.000606034416705, 0.000773154140916, 0.000927406246774, 0.000831115467008, 0.000494135776535, 0.000520259316545, 0.000532378733624, 0.000480837887153, 0.000456020090496, 0.000488749530632, 0.000463204225525, 0.000364016421372, 0.000349846523022, 0.000283679721178, 0.000152165506734, 3.13962409564e-05],
        "median": [0.000270354445092, 0.00441957684234, 0.000831396202557, 0.000183414493222, 0.000966124352999, 0.000675511313602, 0.000858995423187, 0.000637683144305, 0.000791435537394, 0.000534729391802, 0.000686933461111, 0.0003771779011, 0.000479533860926, 0.000491193961352, 0.000511680264026, 0.000335190299666, 0.000337023462635, 0.0003614971356, 0.000348460423993, 0.000318042439176, 0.000362733873772, 0.000298921193462, 0.000220059329877, 0.000172834261321, 0.000139378986205, 7.30866013328e-05, 1.14943277367e-05],
        "min": [7.00877572132e-25, 6.03373161234e-24, 1.76814159169e-24, 3.9631914339e-24, 2.80394928962e-23, 1.48437274408e-23, 8.62183711981e-24, 1.71417928537e-23, 3.86106423893e-23, 3.33026182391e-23, 2.50342121041e-23, 3.65621410124e-23, 4.12190709258e-23, 4.11327222112e-23, 6.07487772941e-23, 7.67999951899e-23, 1.08112339453e-22, 8.83771158865e-23, 1.18768398779e-22, 2.08626496885e-22, 3.67644169392e-22, 3.28250248077e-22, 4.93000301414e-22, 6.96925010599e-22, 9.29005516022e-22, 1.44507382687e-21, 2.1342441202e-21],
        "var": [1.73437399553e-06, 0.000102385252831, 3.79011362384e-05, 5.20150661032e-06, 8.6625565018e-05, 3.96370660383e-06, 7.78702815296e-06, 1.98552106667e-06, 5.81897711527e-06, 6.99454494679e-06, 1.00724391814e-05, 6.87168039804e-07, 9.04449166228e-07, 1.61130071774e-06, 1.33596631713e-06, 3.26074115264e-07, 3.62789648989e-07, 3.89632589304e-07, 2.75464657307e-07, 2.73842914567e-07, 2.67277613375e-07, 3.93645024133e-07, 1.9608586399e-07, 2.1187398147e-07, 1.39160391655e-07, 3.13236903082e-08, 1.4543350968e-09]
    },
    "erbbands": {
        "dmean": [0.114487670362, 0.694835722446, 2.41418242455, 2.92014122009, 5.8613820076, 13.5194664001, 13.1288948059, 7.739818573, 7.09220647812, 22.2428131104, 10.9272699356, 14.0841932297, 25.7765083313, 31.3940982819, 32.9866065979, 13.5128860474, 18.6593914032, 32.0277137756, 20.8801288605, 22.8970565796, 15.2479753494, 13.5818433762, 13.5608978271, 10.9371728897, 12.253493309, 11.4070196152, 10.9503831863, 7.93736600876, 8.19976806641, 9.86028957367, 4.86687517166, 4.15895366669, 2.92777252197, 1.75841629505, 1.0163295269, 0.339349001646, 0.106147415936, 0.0241246689111, 0.00236684037372, 3.89359192923e-05],
        "dmean2": [0.16599676013, 1.08278238773, 4.02811765671, 5.19611787796, 9.64090919495, 24.3684425354, 24.4450626373, 13.5655145645, 11.6944379807, 33.9956665039, 16.752614975, 21.3697414398, 38.3876304626, 49.5143966675, 51.758392334, 22.050951004, 31.07878685, 51.8972549438, 34.3528671265, 38.5545349121, 24.9228076935, 22.7171115875, 22.5680541992, 17.9248504639, 20.1406517029, 19.0674915314, 18.9565048218, 13.4317407608, 14.0239639282, 17.6092433929, 8.20800971985, 7.18323516846, 4.91274499893, 3.0005838871, 1.78643929958, 0.588747799397, 0.181811273098, 0.0409592874348, 0.00400335574523, 6.54236282571e-05],
        "dvar": [0.0358955301344, 1.73276770115, 39.5903739929, 78.1884613037, 224.299575806, 1967.61181641, 1991.92980957, 219.28868103, 123.750808716, 1662.25695801, 382.765045166, 513.37097168, 2280.13452148, 4082.18212891, 4125.46728516, 489.769500732, 784.484191895, 2235.43310547, 1770.98937988, 1276.76037598, 593.542602539, 380.534210205, 394.781280518, 230.673583984, 325.302215576, 390.357055664, 369.271057129, 140.842468262, 218.770126343, 756.710876465, 74.125831604, 65.8012313843, 33.3217391968, 12.7135190964, 5.18356800079, 0.394962191582, 0.0406764373183, 0.0018867716426, 1.39911553561e-05, 3.78560072178e-09],
        "dvar2": [0.0778967663646, 4.48428106308, 104.278442383, 218.95022583, 501.760986328, 5517.37792969, 5745.80712891, 625.376037598, 323.653015137, 3708.86425781, 880.591247559, 1199.38427734, 5042.67822266, 9931.89941406, 10115.9628906, 1219.28161621, 2034.15808105, 5503.82128906, 4225.5859375, 3455.22094727, 1520.39648438, 981.306213379, 1041.39794922, 582.830627441, 825.840026855, 1025.41625977, 1053.74731445, 390.97668457, 607.659423828, 2186.44433594, 201.701080322, 185.050933838, 93.3384933472, 35.0493278503, 14.9144763947, 1.16458368301, 0.112743124366, 0.00512466393411, 3.88088737964e-05, 1.03093702464e-08],
        "max": [3.02058839798, 13.3607206345, 61.4364509583, 81.954574585, 141.169403076, 484.321868896, 438.890258789, 196.55670166, 280.207733154, 892.936828613, 582.245544434, 425.347625732, 901.172119141, 1352.47998047, 1466.1451416, 681.210876465, 644.259460449, 724.804992676, 1366.41540527, 800.27331543, 471.772125244, 305.893615723, 264.348114014, 224.641113281, 254.92237854, 356.52835083, 307.544342041, 135.141571045, 146.327789307, 227.378219604, 83.8515853882, 67.3021697998, 53.5212059021, 33.8239974976, 20.5339183807, 5.79801464081, 1.9692428112, 0.456316053867, 0.0394308418036, 0.000687407737132],
        "mean": [0.363719016314, 1.70016539097, 3.44610738754, 3.05280160904, 7.50685787201, 12.9073848724, 10.9934215546, 10.4954051971, 13.0312643051, 40.8165969849, 22.6238765717, 29.2929077148, 50.983795166, 56.7046432495, 58.7171363831, 26.1870365143, 32.8842926025, 57.1100158691, 36.5081214905, 40.3408966064, 29.718547821, 27.6291942596, 28.3629989624, 24.9478721619, 25.8234004974, 23.0662384033, 20.1950397491, 17.3733196259, 16.1922702789, 14.3267011642, 10.1863679886, 7.73130369186, 5.38868284225, 3.44523024559, 1.88278484344, 0.783766210079, 0.260350108147, 0.0620035752654, 0.0049307201989, 0.000123543373775],
        "median": [0.095307148993, 0.882467031479, 1.2670596838, 0.983882367611, 1.54772436619, 3.52765607834, 3.9697201252, 5.73100566864, 8.277384758, 17.4579238892, 14.2109165192, 16.4922504425, 20.8078784943, 28.3442401886, 29.0707893372, 17.724521637, 22.3906326294, 30.4039325714, 22.651102066, 26.6379928589, 20.371006012, 19.7147865295, 21.1111087799, 19.9902954102, 19.0036125183, 16.4927253723, 14.4895992279, 13.0086917877, 11.2597208023, 8.51131153107, 5.90167045593, 4.01744318008, 2.63598132133, 1.68806886673, 0.889254510403, 0.384314507246, 0.122275598347, 0.0275917127728, 0.00174409872852, 8.15855601104e-05],
        "min": [1.10323977265e-22, 1.42334508868e-21, 1.93324973266e-21, 1.02541226531e-20, 3.26552488143e-20, 7.23315226573e-20, 1.16466823452e-19, 8.89205329069e-20, 1.29888488051e-19, 1.87370289868e-19, 3.20807059629e-19, 7.0963307763e-19, 9.13182270647e-19, 8.56416794316e-19, 1.70527977528e-18, 1.36226948195e-18, 2.12100110561e-18, 1.88744665965e-18, 2.51191777091e-18, 3.84361507101e-18, 5.44576796457e-18, 7.43924718463e-18, 5.07293243348e-18, 7.16317813674e-18, 7.31565068469e-18, 9.60788893044e-18, 1.34240469818e-17, 1.20954129383e-17, 1.28061571263e-17, 1.25634830141e-17, 1.37963609755e-17, 1.22085356773e-17, 1.17535077583e-17, 7.12578626433e-18, 6.81330141714e-18, 4.56457493956e-18, 2.42266291486e-18, 1.16633117775e-18, 2.83818075876e-19, 3.07073224822e-20],
        "var": [0.213706865907, 3.96203231812, 42.0291786194, 54.5059776306, 348.368682861, 1448.36181641, 1142.48400879, 203.29750061, 243.453887939, 4610.67675781, 1042.35095215, 1447.34057617, 6233.84863281, 7989.5, 9254.35839844, 1157.20788574, 1458.82714844, 5739.95654297, 3418.28930664, 2402.56762695, 1288.6262207, 896.497497559, 950.995483398, 664.717712402, 796.036560059, 741.412902832, 528.312438965, 326.851257324, 346.98550415, 577.287963867, 150.382354736, 100.323638916, 53.8179206848, 21.3964195251, 6.53588914871, 0.880298614502, 0.0953340008855, 0.00519125722349, 3.65752857761e-05, 1.40025822049e-08]
    },
    "gfcc": {
        "mean": [11.6551351547, 70.3668899536, -121.308898926, 21.4590492249, -57.9558296204, 18.455247879, -25.7773742676, 12.3389787674, -16.913225174, 8.35545444489, -15.7866344452, 4.02627038956, -9.21740055084],
        "cov": [[20861.5683594, -2477.48803711, 868.065734863, 1548.67053223, 1117.39208984, 712.071899414, -540.702209473, 264.656311035, -516.569702148, 500.254333496, 4.60000753403, 454.432952881, -310.282470703], [-2477.48803711, 2617.5480957, -792.766296387, -280.589019775, 120.606063843, -230.428115845, 249.229980469, -451.127990723, 222.959213257, -170.07220459, 127.716743469, -228.28894043, 185.476165771], [868.065734863, -792.766296387, 985.542602539, 295.072937012, 70.4997024536, 127.414802551, -75.0218658447, 172.309127808, -98.3256912231, 50.4282722473, -63.7649917603, 121.677566528, -73.2889633179], [1548.67053223, -280.589019775, 295.072937012, 500.716552734, 200.926971436, 100.104789734, -65.7127990723, -0.703855335712, -64.7815322876, 57.7001228333, -7.06916189194, 46.9379768372, -55.6916503906], [1117.39208984, 120.606063843, 70.4997024536, 200.926971436, 337.583892822, 123.68598175, 53.3903808594, -21.0368003845, -7.66900968552, 30.7107372284, 13.3792934418, 7.67028903961, -8.70403766632], [712.071899414, -230.428115845, 127.414802551, 100.104789734, 123.68598175, 179.485107422, 59.7462348938, 85.9597702026, -11.6042957306, 22.4903125763, -2.97068667412, 36.2959136963, -8.41810417175], [-540.702209473, 249.229980469, -75.0218658447, -65.7127990723, 53.3903808594, 59.7462348938, 191.469940186, 65.0040664673, 84.2735824585, -9.93773174286, 22.1176052094, -10.9440555573, 33.909828186], [264.656311035, -451.127990723, 172.309127808, -0.703855335712, -21.0368003845, 85.9597702026, 65.0040664673, 246.311248779, 44.0541267395, 56.7429008484, -4.22528886795, 54.0844612122, -21.6759605408], [-516.569702148, 222.959213257, -98.3256912231, -64.7815322876, -7.66900968552, -11.6042957306, 84.2735824585, 44.0541267395, 136.547302246, 41.0587081909, 51.1498832703, -13.2948188782, 18.0152511597], [500.254333496, -170.07220459, 50.4282722473, 57.7001228333, 30.7107372284, 22.4903125763, -9.93773174286, 56.7429008484, 41.0587081909, 127.500053406, 50.3464927673, 51.7404060364, -15.8197002411], [4.60000753403, 127.716743469, -63.7649917603, -7.06916189194, 13.3792934418, -2.97068667412, 22.1176052094, -4.22528886795, 51.1498832703, 50.3464927673, 105.924316406, 32.766494751, 24.5444774628], [454.432952881, -228.28894043, 121.677566528, 46.9379768372, 7.67028903961, 36.2959136963, -10.9440555573, 54.0844612122, -13.2948188782, 51.7404060364, 32.766494751, 117.442718506, 20.4236240387], [-310.282470703, 185.476165771, -73.2889633179, -55.6916503906, -8.70403766632, -8.41810417175, 33.909828186, -21.6759605408, 18.0152511597, -15.8197002411, 24.5444774628, 20.4236240387, 95.5067596436]],
        "icov": [[9.7223877674e-05, -3.40720071108e-05, 0.000103945494629, -0.000107744017441, -0.000233598024352, -0.000196918743313, 0.000353682611603, -0.000235980565776, 0.000293353077723, -0.000202070586965, 1.7509852114e-05, -0.000194482534425, 0.000129471649416], [-3.40720071108e-05, 0.00179387314711, -9.81508219411e-06, 0.000125730526634, -0.000884273671545, 0.00165032723453, -0.00214734300971, 0.00290265143849, -0.00223233969882, 0.00140534236562, -0.00109877251089, 0.00126374268439, -0.00137658673339], [0.000103945494629, -9.81508219411e-06, 0.00187631556764, -0.000843417248689, -0.000291738222586, -0.000353276525857, 0.000808985903859, -0.00128364947159, 0.000603233755101, 0.000208169702091, 0.000829165393952, -0.00161357794423, 0.000721144548152], [-0.000107744017441, 0.000125730526634, -0.000843417248689, 0.00386253139004, -0.00161298469175, -0.000483306823298, 0.000710377469659, 0.00102089345455, -0.000188952486496, -0.000507405900862, -0.000151465879753, -5.29886310687e-05, 0.000802617811132], [-0.000233598024352, -0.000884273671545, -0.000291738222586, -0.00161298469175, 0.00705905212089, -0.00382683426142, -0.00201478530653, 0.00147813395597, 0.000866060494445, -0.00198840047233, 0.000479075330077, 0.000760768249165, 0.000372260663426], [-0.000196918743313, 0.00165032723453, -0.000353276525857, -0.000483306823298, -0.00382683426142, 0.0137717807665, -0.00601240061224, -0.000881189887878, 0.00128561106976, 0.00149226654321, -0.00129192671739, 0.000453073414974, -0.00135801022407], [0.000353682611603, -0.00214734300971, 0.000808985903859, 0.000710377469659, -0.00201478530653, -0.00601240061224, 0.0158557761461, -0.00662722298875, -0.0037080203183, 0.00239108898677, 0.000892788171768, -0.00182661553845, -0.00023635243997], [-0.000235980565776, 0.00290265143849, -0.00128364947159, 0.00102089345455, 0.00147813395597, -0.000881189887878, -0.00662722298875, 0.0141104618087, -0.0069266227074, -0.000203094459721, 0.00114885659423, -0.000459517003037, -0.000104944869236], [0.000293353077723, -0.00223233969882, 0.000603233755101, -0.000188952486496, 0.000866060494445, 0.00128561106976, -0.0037080203183, -0.0069266227074, 0.0215720869601, -0.00876456778497, -0.00402174517512, 0.00374144385569, 0.000290362426313], [-0.000202070586965, 0.00140534236562, 0.000208169702091, -0.000507405900862, -0.00198840047233, 0.00149226654321, 0.00239108898677, -0.000203094459721, -0.00876456778497, 0.0182700268924, -0.00547236576676, -0.00447669671848, 0.00257659261115], [1.7509852114e-05, -0.00109877251089, 0.000829165393952, -0.000151465879753, 0.000479075330077, -0.00129192671739, 0.000892788171768, 0.00114885659423, -0.00402174517512, -0.00547236576676, 0.0175638943911, -0.00588723877445, -0.000790428777691], [-0.000194482534425, 0.00126374268439, -0.00161357794423, -5.29886310687e-05, 0.000760768249165, 0.000453073414974, -0.00182661553845, -0.000459517003037, 0.00374144385569, -0.00447669671848, -0.00588723877445, 0.0186319686472, -0.00762027548626], [0.000129471649416, -0.00137658673339, 0.000721144548152, 0.000802617811132, 0.000372260663426, -0.00135801022407, -0.00023635243997, -0.000104944869236, 0.000290362426313, 0.00257659261115, -0.000790428777691, -0.00762027548626, 0.0167648904026]]
    },
    "melbands": {
        "dmean": [0.000907817273401, 0.00108001194894, 0.000541487766895, 0.000689749722369, 0.000510144047439, 0.000176468194695, 0.00013071205467, 0.00021425736486, 8.52164448588e-05, 0.000105685750896, 0.000130614818772, 0.000126930215629, 0.000151363157784, 4.16789152951e-05, 3.43180618074e-05, 5.44079302927e-05, 5.91123789491e-05, 3.25061810145e-05, 3.07724185404e-05, 2.38021384575e-05, 1.91248836927e-05, 1.5953924958e-05, 1.20627546494e-05, 1.74680390046e-05, 8.75747900864e-06, 1.07032519736e-05, 8.65772744874e-06, 7.43406826587e-06, 7.96294625616e-06, 5.34282389708e-06, 4.97035034641e-06, 4.45064233645e-06, 6.47818615107e-06, 5.07472896061e-06, 3.08883068101e-06, 2.65963240054e-06, 2.52351969721e-06, 2.26896099775e-06, 1.73627370259e-06, 1.5132743556e-06],
        "dmean2": [0.00137446972076, 0.0017235588748, 0.000925233238377, 0.00119893311057, 0.000943677790929, 0.000311649695504, 0.000210858415812, 0.000327360612573, 0.000130486689159, 0.000158830764121, 0.000194528023712, 0.000199966671062, 0.000238193548284, 6.77901698509e-05, 5.73283723497e-05, 8.95243647392e-05, 9.5868446806e-05, 5.37372507097e-05, 5.16933650943e-05, 3.99687305617e-05, 3.13895725412e-05, 2.67709528998e-05, 2.0293835405e-05, 2.89439976768e-05, 1.44093492054e-05, 1.77325800905e-05, 1.43414226841e-05, 1.24831940411e-05, 1.37097031256e-05, 9.22724211705e-06, 8.37080006022e-06, 7.51710922486e-06, 1.15266093417e-05, 8.97623522178e-06, 5.15085866937e-06, 4.53834991276e-06, 4.39920586359e-06, 3.81524978366e-06, 2.92841764349e-06, 2.59715648099e-06],
        "dvar": [2.05814899346e-06, 6.26318933428e-06, 1.92608217731e-06, 3.75724494006e-06, 3.23145673065e-06, 1.19108200636e-07, 4.06378113382e-08, 1.41932162023e-07, 2.30413323976e-08, 3.00494136241e-08, 5.72112170971e-08, 7.51009565647e-08, 9.48620524355e-08, 4.60204585551e-09, 2.9007019009e-09, 5.7775411122e-09, 7.91443088843e-09, 3.96213950538e-09, 2.16694884259e-09, 1.22953713877e-09, 9.84643699908e-10, 5.70530789279e-10, 3.8103933897e-10, 8.49856296448e-10, 1.61359439699e-10, 2.67292660228e-10, 1.74332229208e-10, 2.03881564409e-10, 1.75485306841e-10, 7.81901488001e-11, 5.28604972294e-11, 5.38864092237e-11, 2.39494202248e-10, 1.64360053345e-10, 2.59115506829e-11, 2.34500040913e-11, 2.46247189306e-11, 1.88141845853e-11, 1.12033091137e-11, 9.17352391966e-12],
        "dvar2": [4.88604791826e-06, 1.60217168741e-05, 5.20876255905e-06, 1.02243757283e-05, 9.21734135773e-06, 3.41772590673e-07, 1.02553329384e-07, 3.17577246278e-07, 5.31892645483e-08, 6.81245069245e-08, 1.26023081748e-07, 1.81789701514e-07, 2.35013374095e-07, 1.14735509982e-08, 7.55625517712e-09, 1.44489256115e-08, 1.93946583238e-08, 9.53185175234e-09, 5.55131318691e-09, 3.29064375748e-09, 2.51875387214e-09, 1.46207235208e-09, 1.00223118693e-09, 2.2237223174e-09, 4.09870776208e-10, 6.86571688391e-10, 4.50787573936e-10, 5.31119537239e-10, 4.91880203235e-10, 2.22735482835e-10, 1.43237768868e-10, 1.45727124812e-10, 6.85846046622e-10, 4.72311911803e-10, 6.83021347814e-11, 6.41885294916e-11, 7.08851380371e-11, 5.31671824622e-11, 3.05080509466e-11, 2.52413385332e-11],
        "max": [0.0207389965653, 0.0256920866668, 0.0122083490714, 0.017959214747, 0.0180772859603, 0.00419570086524, 0.00428308127448, 0.00803642813116, 0.00430860510096, 0.00311527214944, 0.00444645993412, 0.00597105547786, 0.00691919773817, 0.00160240661353, 0.00108883692883, 0.00136964197736, 0.00150730193127, 0.00193214847241, 0.00109168689232, 0.000721842690837, 0.000575908808969, 0.00043936536531, 0.000350739981513, 0.000475167442346, 0.000210610698559, 0.000237709537032, 0.000219213383389, 0.000330899725668, 0.000238998152781, 9.433345258e-05, 8.96395285963e-05, 0.000124524100102, 0.000140081741847, 0.000107741718239, 5.62140485272e-05, 4.64282747998e-05, 4.26126134698e-05, 4.00924727728e-05, 3.07789123326e-05, 3.14228018397e-05],
        "mean": [0.00285764341243, 0.00195576297119, 0.000637082324829, 0.000786419783253, 0.000429720530519, 0.000230469173403, 0.000247573945671, 0.000401059078285, 0.000168595317518, 0.00021217307949, 0.000254319253145, 0.000220411340706, 0.000253175356193, 7.26569269318e-05, 5.72372628085e-05, 9.23162078834e-05, 0.000103057122033, 5.32948724867e-05, 5.45741604583e-05, 4.19772295572e-05, 3.39549442288e-05, 2.96785856335e-05, 2.17947708734e-05, 3.12746597046e-05, 1.78331829375e-05, 2.04609423236e-05, 1.71602550836e-05, 1.38246396091e-05, 1.34807978611e-05, 9.83399422694e-06, 1.0246135389e-05, 8.89346847543e-06, 9.19292506296e-06, 7.37464688427e-06, 6.22268908046e-06, 4.88760770168e-06, 4.4740577323e-06, 3.94699827666e-06, 3.13126747642e-06, 2.87053262582e-06],
        "median": [0.00119141058531, 0.00103039538953, 0.000201680493774, 0.000195440166863, 0.000154341207235, 0.000127132138005, 0.000148145685671, 0.000190346283489, 9.84445796348e-05, 0.000107268460852, 0.000101154582808, 0.000102233680082, 0.000103527185274, 4.47879865533e-05, 3.59526275133e-05, 5.69270741835e-05, 5.19154600624e-05, 2.97411497741e-05, 3.52003589796e-05, 2.89635099762e-05, 1.94100612134e-05, 1.87496334547e-05, 1.45291423905e-05, 1.78472000698e-05, 1.30101552713e-05, 1.34023975988e-05, 1.12380430437e-05, 8.83804023033e-06, 8.29986220197e-06, 6.96160350344e-06, 7.12181008566e-06, 6.00995690547e-06, 5.12568385602e-06, 4.14430905948e-06, 3.53578207068e-06, 2.62217804448e-06, 2.23305710279e-06, 1.83277461474e-06, 1.57068086537e-06, 1.3072370848e-06],
        "min": [1.48287292229e-24, 1.62819461027e-24, 2.40025879328e-24, 3.18079701873e-24, 4.21530704047e-24, 2.47512859571e-24, 1.94504976336e-24, 2.94672759144e-24, 2.14156053688e-24, 5.24767786865e-24, 4.02579070217e-24, 3.62366885573e-24, 5.01403344017e-24, 4.08300362818e-24, 4.32609190499e-24, 4.22707447859e-24, 3.21610150247e-24, 3.09731541901e-24, 5.21372174542e-24, 4.26772250889e-24, 6.41936232155e-24, 6.47100036755e-24, 4.97659212946e-24, 3.13294728002e-24, 4.84898756715e-24, 3.15759800002e-24, 5.34568279207e-24, 6.08809201732e-24, 7.52559892945e-24, 6.46013341415e-24, 7.09207095266e-24, 6.16376428851e-24, 7.15609174828e-24, 5.59121219895e-24, 7.60913456615e-24, 6.50032666613e-24, 7.3654096786e-24, 7.47683707032e-24, 5.42711138129e-24, 6.09359787201e-24],
        "var": [1.05906401586e-05, 7.99946519692e-06, 1.59308194725e-06, 4.06620392823e-06, 1.90161847513e-06, 1.01440363665e-07, 9.31041768126e-08, 3.93007240973e-07, 6.30477643426e-08, 8.63473843538e-08, 1.5741761672e-07, 1.44068351915e-07, 2.11050362964e-07, 1.02649391209e-08, 5.34761612769e-09, 1.23872068158e-08, 2.06062438224e-08, 7.5568857838e-09, 4.59016114007e-09, 2.29772778582e-09, 2.08017869596e-09, 1.28573551805e-09, 7.29991178616e-10, 1.76919989769e-09, 4.05790290259e-10, 5.87726589618e-10, 3.99705768483e-10, 3.26811328e-10, 2.70019562265e-10, 1.22634014055e-10, 1.23999699397e-10, 1.03052281986e-10, 2.02943162275e-10, 1.3864392967e-10, 5.77890929554e-11, 3.94973984075e-11, 3.49680805145e-11, 2.95385903237e-11, 1.90605413397e-11, 1.50160162082e-11]
    },
    "mfcc": {
        "mean": [-629.140686035, 106.733627319, -6.70062160492, 11.7491474152, -5.52735090256, 8.07957553864, 0.817514240742, 5.78163480759, 5.76978778839, 6.12470960617, 3.17562389374, 0.844610691071, 0.643539607525],
        "cov": [[16655.5097656, -1780.82324219, 370.091369629, 976.888549805, 1193.95361328, 660.518798828, 546.007385254, 186.25239563, -133.873458862, -67.7417144775, 66.1869125366, 124.793388367, 156.64050293], [-1780.82324219, 2180.79931641, -609.800354004, -43.8602905273, -250.872497559, 136.743759155, -107.269859314, -107.085426331, 17.7368164062, -49.6823577881, -35.8433570862, -18.299905777, -61.9604034424], [370.091369629, -609.800354004, 700.584655762, 117.391960144, 168.955612183, -40.239654541, 57.0471458435, 59.2375640869, 1.54018115997, -10.8716402054, 20.580324173, 15.5108890533, -4.11634635925], [976.888549805, -43.8602905273, 117.391960144, 316.941955566, 178.452178955, 137.102203369, 42.812625885, -6.7136721611, -24.8728046417, -32.6910629272, 20.4705028534, 9.09750938416, 6.83415269852], [1193.95361328, -250.872497559, 168.955612183, 178.452178955, 267.966796875, 121.848655701, 96.6727828979, 30.2644100189, -4.57244873047, -5.9883313179, 12.9621334076, 9.37113189697, 9.85474681854], [660.518798828, 136.743759155, -40.239654541, 137.102203369, 121.848655701, 205.698028564, 70.9471740723, 15.1757469177, -0.456573843956, -23.7950572968, 11.9151229858, -10.337852478, -5.43374967575], [546.007385254, -107.269859314, 57.0471458435, 42.812625885, 96.6727828979, 70.9471740723, 134.591064453, 75.1725997925, 40.516292572, 22.0677185059, 12.1166191101, 6.46892690659, 7.59614992142], [186.25239563, -107.085426331, 59.2375640869, -6.7136721611, 30.2644100189, 15.1757469177, 75.1725997925, 135.938827515, 64.0099487305, 46.6921157837, 18.7832164764, 5.11483669281, 14.6993942261], [-133.873458862, 17.7368164062, 1.54018115997, -24.8728046417, -4.57244873047, -0.456573843956, 40.516292572, 64.0099487305, 106.271057129, 53.4706268311, 25.1245689392, 7.91242837906, 3.22881054878], [-67.7417144775, -49.6823577881, -10.8716402054, -32.6910629272, -5.9883313179, -23.7950572968, 22.0677185059, 46.6921157837, 53.4706268311, 109.860656738, 49.7364120483, 27.6219139099, 8.20092105865], [66.1869125366, -35.8433570862, 20.580324173, 20.4705028534, 12.9621334076, 11.9151229858, 12.1166191101, 18.7832164764, 25.1245689392, 49.7364120483, 98.9712753296, 52.5319137573, 19.1340713501], [124.793388367, -18.299905777, 15.5108890533, 9.09750938416, 9.37113189697, -10.337852478, 6.46892690659, 5.11483669281, 7.91242837906, 27.6219139099, 52.5319137573, 100.785377502, 46.3226509094], [156.64050293, -61.9604034424, -4.11634635925, 6.83415269852, 9.85474681854, -5.43374967575, 7.59614992142, 14.6993942261, 3.22881054878, 8.20092105865, 19.1340713501, 46.3226509094, 101.308906555]],
