{
"lowlevel": {
    "average_loudness": 0.898947894573,
    "barkbands_crest": {
        "dmean": 2.9091963768,
        "dmean2": 4.16867113113,
        "dvar": 9.75361919403,
        "dvar2": 21.404127121,
        "max": 26.6300048828,
        "mean": 11.9479427338,
        "median": 10.1217250824,
        "min": 1.98312008381,
        "var": 44.9250144958
    },
    "barkbands_flatness_db": {
        "dmean": 0.0320610031486,
        "dmean2": 0.042884118855,
        "dvar": 0.00148962892126,
        "dvar2": 0.0029029303696,
        "max": 0.687665402889,
        "mean": 0.165336549282,
        "median": 0.134013235569,
        "min": 0.0201781466603,
        "var": 0.00968647934496
    },
    "barkbands_kurtosis": {
        "dmean": 13.9901132584,
        "dmean2": 17.5099525452,
        "dvar": 4256.11523438,
        "dvar2": 7594.03369141,
        "max": 2579.76416016,
        "mean": 24.3312587738,
        "median": 1.45965385437,
        "min": -1.91048395634,
        "var": 9717.30175781
    },
    "barkbands_skewness": {
        "dmean": 1.01167631149,
        "dmean2": 1.31762552261,
        "dvar": 2.73408198357,
        "dvar2": 4.24673366547,
        "max": 43.4036712646,
        "mean": 2.45936059952,
        "median": 1.2857156992,
        "min": -3.42643499374,
        "var": 12.4702739716
    },
    "barkbands_spread": {
        "dmean": 6.29271936417,
        "dmean2": 9.86971855164,
        "dvar": 77.8477020264,
        "dvar2": 179.082473755,
        "max": 105.699417114,
        "mean": 20.5990047455,
        "median": 18.5302085876,
        "min": 0.0990273654461,
        "var": 254.291870117
    },
    "dissonance": {
        "dmean": 0.0166745577008,
        "dmean2": 0.028264708817,
        "dvar": 0.000418505223934,
        "dvar2": 0.00115794641897,
        "max": 0.500000119209,
        "mean": 0.472609221935,
        "median": 0.483515053988,
        "min": 0.212114289403,
        "var": 0.00104654347524
    },
    "dynamic_complexity": 4.33745145798,
    "erbbands_crest": {
        "dmean": 2.72334742546,
        "dmean2": 4.43973398209,
        "dvar": 8.37261867523,
        "dvar2": 20.4775161743,
        "max": 33.5039291382,
        "mean": 8.55576992035,
        "median": 7.15512132645,
        "min": 2.18086361885,
        "var": 22.5602970123
    },
    "erbbands_flatness_db": {
        "dmean": 0.0201259087771,
        "dmean2": 0.0292198620737,
        "dvar": 0.000483087380417,
        "dvar2": 0.000963408034295,
        "max": 0.495121955872,
        "mean": 0.171348258853,
        "median": 0.160792976618,
        "min": 0.0610219277442,
        "var": 0.00358980195597
    },
    "erbbands_kurtosis": {
        "dmean": 1.49602878094,
        "dmean2": 2.3453130722,
        "dvar": 12.0357046127,
        "dvar2": 28.6377983093,
        "max": 99.0972213745,
        "mean": 1.44141876698,
        "median": 0.14484667778,
        "min": -1.8356167078,
        "var": 27.4284553528
    },
    "erbbands_skewness": {
        "dmean": 0.429427504539,
        "dmean2": 0.647423565388,
        "dvar": 0.219754979014,
        "dvar2": 0.486586719751,
        "max": 7.25953626633,
        "mean": 0.194866120815,
        "median": 0.0108185401186,
        "min": -3.01822304726,
        "var": 1.16934394836
    },
    "erbbands_spread": {
        "dmean": 9.58817577362,
        "dmean2": 13.9695682526,
        "dvar": 149.733673096,
        "dvar2": 306.613616943,
        "max": 169.175415039,
        "mean": 36.5943107605,
        "median": 30.5673789978,
        "min": 0.529648602009,
        "var": 613.8359375
    },
    "hfc": {
        "dmean": 8.91015529633,
        "dmean2": 14.065779686,
        "dvar": 173.397689819,
        "dvar2": 459.059295654,
        "max": 116.416893005,
        "mean": 23.5432033539,
        "median": 19.1772727966,
        "min": 1.13243990474e-16,
        "var": 395.184356689
    },
    "melbands_crest": {
        "dmean": 3.8838365078,
        "dmean2": 6.07500171661,
        "dvar": 21.433807373,
        "dvar2": 46.8231773376,
        "max": 37.6322822571,
        "mean": 17.9704151154,
        "median": 14.8846235275,
        "min": 1.3813482523,
        "var": 100.326202393
    },
    "melbands_flatness_db": {
        "dmean": 0.0374795943499,
        "dmean2": 0.0510544627905,
        "dvar": 0.00220603193156,
        "dvar2": 0.00451355334371,
        "max": 0.782366037369,
        "mean": 0.217983022332,
        "median": 0.180677980185,
        "min": 0.000809424498584,
        "var": 0.0143780205399
    },
    "melbands_kurtosis": {
        "dmean": 36.0007324219,
        "dmean2": 44.5042724609,
        "dvar": 19255.1425781,
        "dvar2": 26407.8730469,
        "max": 4018.50244141,
        "mean": 74.943359375,
        "median": 6.17515182495,
        "min": -1.79567778111,
        "var": 78275.8984375
    },
    "melbands_skewness": {
        "dmean": 1.43301582336,
        "dmean2": 1.89814519882,
        "dvar": 5.64953422546,
        "dvar2": 9.06050777435,
        "max": 47.0191078186,
        "mean": 4.23500204086,
        "median": 2.2207198143,
        "min": -1.90580737591,
        "var": 32.8462295532
    },
    "melbands_spread": {
        "dmean": 8.74997329712,
        "dmean2": 13.7549142838,
        "dvar": 153.623596191,
        "dvar2": 360.235931396,
        "max": 205.522720337,
        "mean": 24.8498077393,
        "median": 20.5255699158,
        "min": 0.0723150670528,
        "var": 516.694091797
    },
    "pitch_salience": {
        "dmean": 0.0943127423525,
        "dmean2": 0.146093547344,
        "dvar": 0.013669334352,
        "dvar2": 0.030874716118,
        "max": 0.983709514141,
        "mean": 0.496345072985,
        "median": 0.559304058552,
        "min": 0.00308899162337,
        "var": 0.0539038106799
    },
    "silence_rate_20dB": {
        "dmean": 0,
        "dmean2": 0,
        "dvar": 0,
        "dvar2": 0,
        "max": 1,
        "mean": 1,
        "median": 1,
        "min": 1,
        "var": 0
    },
    "silence_rate_30dB": {
        "dmean": 0.0535627342761,
        "dmean2": 0.10713416338,
        "dvar": 0.0506936907768,
        "dvar2": 0.105555333197,
        "max": 1,
        "mean": 0.887040495872,
        "median": 1,
        "min": 0,
        "var": 0.100203350186
    },
    "silence_rate_60dB": {
        "dmean": 0.023859763518,
        "dmean2": 0.0477233976126,
        "dvar": 0.0232884865254,
        "dvar2": 0.0478874221444,
        "max": 1,
        "mean": 0.145175680518,
        "median": 0,
        "min": 0,
        "var": 0.12410453707
    },
    "spectral_centroid": {
        "dmean": 312.017211914,
        "dmean2": 493.797546387,
        "dvar": 145465.890625,
        "dvar2": 360731.4375,
        "max": 11068.6162109,
        "mean": 1655.09338379,
        "median": 1704.98632812,
        "min": 81.8740310669,
        "var": 649838.375
    },
    "spectral_complexity": {
        "dmean": 5.57133579254,
        "dmean2": 8.37691783905,
        "dvar": 46.5475921631,
        "dvar2": 103.471969604,
        "max": 62,
        "mean": 20.2201576233,
        "median": 20,
        "min": 0,
        "var": 210.532684326
    },
    "spectral_decrease": {
        "dmean": 3.05311487203e-09,
        "dmean2": 4.19406820384e-09,
        "dvar": 1.82212371037e-17,
        "dvar2": 3.2000692989e-17,
        "max": 2.21178922602e-28,
        "mean": -1.01969925836e-08,
        "median": -8.18303913519e-09,
        "min": -4.42438725656e-08,
        "var": 9.69529859469e-17
    },
    "spectral_energy": {
        "dmean": 0.01204636693,
        "dmean2": 0.0166407059878,
        "dvar": 0.000265609764028,
        "dvar2": 0.000475546548842,
        "max": 0.168335914612,
        "mean": 0.0406213477254,
        "median": 0.0341009236872,
        "min": 1.06652952332e-20,
        "var": 0.00140683806967
    },
    "spectral_energyband_high": {
        "dmean": 0.000449656072306,
        "dmean2": 0.000702346500475,
        "dvar": 6.94410857704e-07,
        "dvar2": 1.7915257331e-06,
        "max": 0.0116435401142,
        "mean": 0.000858918472659,
        "median": 0.000510575424414,
        "min": 7.88602976735e-21,
        "var": 1.11726058094e-06
    },
    "spectral_energyband_low": {
        "dmean": 0.00799100287259,
        "dmean2": 0.00994971394539,
        "dvar": 0.00029225635808,
        "dvar2": 0.000478869595099,
        "max": 0.168081462383,
        "mean": 0.0228934567422,
        "median": 0.00295372796245,
        "min": 3.13560944892e-23,
        "var": 0.00156292621978
    },
    "spectral_energyband_middle_high": {
        "dmean": 0.00352745503187,
        "dmean2": 0.00576443038881,
        "dvar": 3.20172221109e-05,
        "dvar2": 8.06423413451e-05,
        "max": 0.0844822973013,
        "mean": 0.00788954086602,
        "median": 0.00456430809572,
        "min": 1.37888635219e-21,
        "var": 8.11494901427e-05
    },
    "spectral_energyband_middle_low": {
        "dmean": 0.00460397452116,
        "dmean2": 0.00729909166694,
        "dvar": 5.90777381149e-05,
        "dvar2": 0.000144313074998,
        "max": 0.139938801527,
        "mean": 0.00987766589969,
        "median": 0.00536513328552,
        "min": 1.51277596497e-22,
        "var": 0.000149547384353
    },
    "spectral_entropy": {
        "dmean": 0.160814926028,
        "dmean2": 0.244824633002,
        "dvar": 0.0414644144475,
        "dvar2": 0.0916787683964,
        "max": 9.81475257874,
        "mean": 7.69453859329,
        "median": 7.79744625092,
        "min": 4.36691141129,
        "var": 0.3279748559
    },
    "spectral_flux": {
        "dmean": 0.0307459775358,
        "dmean2": 0.0427618548274,
        "dvar": 0.00150723650586,
        "dvar2": 0.00221450300887,
        "max": 0.350321918726,
        "mean": 0.0930600315332,
        "median": 0.0824670270085,
        "min": 6.87695941859e-11,
        "var": 0.00445125577971
    },
    "spectral_kurtosis": {
        "dmean": 1.88111937046,
        "dmean2": 3.10922694206,
        "dvar": 16.0433654785,
        "dvar2": 41.3585891724,
        "max": 105.515365601,
        "mean": 5.39018583298,
        "median": 3.78910493851,
        "min": -1.23316657543,
        "var": 51.6833343506
    },
    "spectral_rms": {
        "dmean": 0.000935175106861,
        "dmean2": 0.00128351408057,
        "dvar": 1.24610608054e-06,
        "dvar2": 2.32871593653e-06,
        "max": 0.0128152314574,
        "mean": 0.00550406100228,
        "median": 0.0057679452002,
        "min": 3.22570399211e-12,
        "var": 9.33591763896e-06
    },
    "spectral_rolloff": {
        "dmean": 575.37890625,
        "dmean2": 951.731506348,
        "dvar": 842424.1875,
        "dvar2": 1923060.375,
        "max": 19509.0820312,
        "mean": 1624.46484375,
        "median": 1399.65820312,
        "min": 64.599609375,
        "var": 2860299.75
    },
    "spectral_skewness": {
        "dmean": 0.211913645267,
        "dmean2": 0.339297771454,
        "dvar": 0.0807556062937,
        "dvar2": 0.201464548707,
        "max": 8.21875190735,
        "mean": 1.54081606865,
        "median": 1.39060652256,
        "min": -0.0406187511981,
        "var": 0.491972595453
    },
    "spectral_spread": {
        "dmean": 541719.9375,
        "dmean2": 754555,
        "dvar": 447858966528,
        "dvar2": 820965081088,
        "max": 42410144,
        "mean": 4264880,
        "median": 4072449.25,
        "min": 728241.375,
        "var": 2.7104009257e+12
    },
    "spectral_strongpeak": {
        "dmean": 0.51745402813,
        "dmean2": 0.856632292271,
        "dvar": 0.815293192863,
        "dvar2": 2.03735351562,
        "max": 11.7808790207,
        "mean": 0.945894360542,
        "median": 0.492061883211,
        "min": 0,
        "var": 1.43115437031
    },
    "zerocrossingrate": {
        "dmean": 0.0109335053712,
        "dmean2": 0.0119973095134,
        "dvar": 0.000197297587874,
        "dvar2": 0.000190764301806,
        "max": 0.7666015625,
        "mean": 0.0602407045662,
        "median": 0.0546875,
        "min": 0.00146484375,
        "var": 0.00225486629643
    },
    "barkbands": {
        "dmean": [0.000967519183178, 0.00632312241942, 0.00301554240286, 0.00109917786904, 0.0015673605958, 0.000858120678458, 0.000898154394235, 0.000747998768929, 0.00100244546775, 0.00109288725071, 0.000641634745989, 0.000685842591338, 0.000675511721056, 0.000804178067483, 0.000430538028013, 0.000390012253774, 0.000345654581906, 0.000361983518815, 0.000269102747552, 0.000193576750462, 0.000130735512357, 9.22572580748e-05, 6.47589113214e-05, 5.03355367982e-05, 4.46241720056e-05, 2.67235682259e-05, 5.63898674955e-06],
        "dmean2": [0.000756800814997, 0.00765363033861, 0.00540590984747, 0.00185570225585, 0.0024861425627, 0.00134729093406, 0.00141369493213, 0.0012579052709, 0.00161380157806, 0.00178591441363, 0.00107762345579, 0.00114519835915, 0.00115250400268, 0.00131417554803, 0.000723609235138, 0.000668156542815, 0.000592282507569, 0.000626168679446, 0.000470970495371, 0.0003266192507, 0.000213118386455, 0.000145598212839, 0.000103344485979, 7.66395969549e-05, 6.91740642651e-05, 4.08567320846e-05, 9.15619057196e-06],
        "dvar": [4.2809911065e-06, 0.000235233921558, 0.000120050935948, 6.90098704581e-06, 1.82245330507e-05, 3.69755389329e-06, 6.04937213211e-06, 5.76628872295e-06, 9.03116415429e-06, 9.32556667976e-06, 3.0720484574e-06, 1.5631894712e-06, 1.58185537202e-06, 2.73973364529e-06, 7.77073182689e-07, 5.20905700796e-07, 3.54564349436e-07, 3.82521051279e-07, 2.23723176873e-07, 1.14739584944e-07, 5.23106891137e-08, 2.64457789001e-08, 1.79080963392e-08, 1.05183763921e-08, 1.14739817647e-08, 3.50228246404e-09, 2.50228893162e-10],
        "dvar2": [2.64504296865e-06, 0.000367797212675, 0.000340696307831, 1.84376531251e-05, 4.57284149888e-05, 8.57415125211e-06, 1.21579105326e-05, 1.47397413457e-05, 2.13590228668e-05, 2.28845037782e-05, 7.94416519057e-06, 4.01961324314e-06, 4.14528813053e-06, 6.98119174558e-06, 2.10717462323e-06, 1.40705481044e-06, 9.84272332971e-07, 1.06879338091e-06, 6.37012306015e-07, 3.16969305914e-07, 1.38421412998e-07, 6.41995967499e-08, 4.61956197739e-08, 2.58891983407e-08, 3.08279837213e-08, 8.70805827446e-09, 6.22450313514e-10],
        "max": [0.0250899288803, 0.151190385222, 0.0847465246916, 0.0469931289554, 0.125878229737, 0.0647704005241, 0.0967360660434, 0.0906487256289, 0.0721983909607, 0.071315869689, 0.0372257977724, 0.0232188850641, 0.0229595396668, 0.0363747775555, 0.013016378507, 0.0171020179987, 0.0103702377528, 0.00745845260099, 0.00734656909481, 0.00885068625212, 0.00401821546257, 0.00251201028004, 0.00219029886648, 0.0016854882706, 0.00252928677946, 0.0011232761899, 0.00024095531262],
        "mean": [0.0020641812589, 0.0175616331398, 0.0026045741979, 0.00175333104562, 0.00291861756705, 0.00136530410964, 0.00128273176961, 0.000841408036649, 0.00127805792727, 0.0014292683918, 0.000798208347987, 0.000942345592193, 0.000939359073527, 0.0012134949211, 0.000635659729596, 0.000559797044843, 0.000509383913595, 0.000503669376485, 0.000410607171943, 0.000328549358528, 0.00022194426856, 0.000163662814884, 0.000106139057607, 8.11927311588e-05, 6.38948913547e-05, 3.77318938263e-05, 6.37015409666e-06],
        "median": [1.68096376001e-05, 0.00120246456936, 4.73176914966e-05, 0.000108270382043, 0.000510958721861, 0.000351760827471, 0.000285325048026, 0.000165983539773, 0.000298029335681, 0.000333277683239, 0.000213440463995, 0.000315280951327, 0.000304602261167, 0.000310843082843, 0.00018757621001, 0.000230097430176, 0.000231381083722, 0.000237352316617, 0.000216673724935, 0.000175683730049, 0.000129706793814, 8.53433011798e-05, 5.40541113878e-05, 3.82183316106e-05, 2.23057650146e-05, 9.76261162577e-06, 3.33081004555e-07],
        "min": [2.1579816627e-24, 1.11213397426e-23, 6.17524655342e-24, 5.17174921766e-24, 1.07518901482e-23, 1.07067704599e-23, 3.05900569077e-23, 1.91326726747e-23, 1.81565188356e-23, 3.82908949763e-23, 5.33550932629e-23, 1.99487682138e-23, 3.60531521791e-23, 5.89491709991e-23, 6.95076450752e-23, 1.13223123134e-22, 1.4547091128e-22, 1.98107901306e-22, 1.59908529972e-22, 2.24174200642e-22, 4.09680257246e-22, 4.55372721707e-22, 4.92745997902e-22, 7.28508577863e-22, 1.09588496369e-21, 1.50302483638e-21, 2.11395598087e-21],
        "var": [2.4482860681e-05, 0.00117087119725, 7.64926226111e-05, 1.15544808068e-05, 3.81012687285e-05, 7.35757339498e-06, 1.23712761706e-05, 6.17879322817e-06, 1.13828828034e-05, 1.31724418679e-05, 4.12960616814e-06, 2.56103317042e-06, 2.58025647781e-06, 5.14147996e-06, 1.36060566547e-06, 8.32185435229e-07, 5.41029294254e-07, 4.59241874751e-07, 2.89198283099e-07, 1.93740561372e-07, 7.99267283469e-08, 4.61348115266e-08, 2.37021140492e-08, 1.49053942522e-08, 1.29095925061e-08, 4.95879382001e-09, 3.59653112847e-10]
    },
    "erbbands": {
        "dmean": [0.332635968924, 1.39771187305, 3.41434216499, 3.44682216644, 4.11663579941, 5.87574195862, 5.88565063477, 8.31311607361, 13.5182180405, 14.0534067154, 13.7572164536, 24.5529212952, 30.9403209686, 22.9488964081, 28.5969963074, 26.5743732452, 30.0822849274, 36.7935791016, 28.6990776062, 20.7060470581, 17.0883312225, 19.9978656769, 20.2244930267, 16.0484695435, 11.358259201, 8.70996570587, 6.12739706039, 4.87843036652, 3.58829903603, 2.52048277855, 1.79676449299, 1.175111413, 0.786038994789, 0.607451379299, 0.255785852671, 0.12478505075, 0.0490680001676, 0.0108830817044, 0.00091016915394, 2.34324379562e-05],
        "dmean2": [0.248288676143, 1.8775472641, 5.87048006058, 6.00138807297, 6.69981908798, 9.2382478714, 9.31153011322, 12.8303480148, 21.0812950134, 22.9190158844, 23.1285076141, 39.5558395386, 49.5721626282, 38.8842735291, 47.3413696289, 44.3354034424, 51.1242179871, 60.3736305237, 47.3630027771, 34.9838905334, 29.4086017609, 34.1189079285, 35.1599311829, 28.0494651794, 19.5445747375, 14.8212680817, 10.1096544266, 8.05309391022, 5.67026901245, 3.95617055893, 2.91119170189, 1.84270346165, 1.19159317017, 0.963698446751, 0.385414481163, 0.191411584616, 0.0756029263139, 0.0167446583509, 0.00146803120151, 3.42498751706e-05],
        "dvar": [0.442034363747, 14.8357534409, 144.26940918, 91.6645965576, 112.356376648, 315.87310791, 131.710540771, 438.510375977, 1442.78930664, 1930.6060791, 1632.4864502, 5636.86279297, 6700.85644531, 3712.08251953, 7192.71826172, 2309.96142578, 3017.79638672, 5698.07617188, 3168.28198242, 1289.07299805, 845.05090332, 1224.98986816, 1234.96350098, 854.340698242, 366.730957031, 225.667877197, 116.835243225, 78.530090332, 38.6515541077, 25.4166412354, 12.6011571884, 5.88570356369, 2.41028428078, 2.42176437378, 0.302619636059, 0.0723611190915, 0.0135675026104, 0.000674499489833, 6.82502468408e-06, 1.60771440605e-09],
        "dvar2": [0.22766430676, 32.6892242432, 390.633880615, 262.244934082, 279.519714355, 807.530212402, 303.119415283, 981.803100586, 3002.65625, 4687.26220703, 4100.38330078, 13694.9804688, 15341.9453125, 9981.58691406, 18140.7304688, 5885.00390625, 7903.34814453, 14148.3232422, 8347.77734375, 3475.79223633, 2317.09594727, 3393.07104492, 3456.1184082, 2396.81542969, 1020.00549316, 634.497192383, 314.100158691, 212.179855347, 93.3073501587, 67.7269668579, 31.7288322449, 14.8899679184, 5.82446193695, 6.73298072815, 0.754149913788, 0.181360408664, 0.034925725311, 0.00160543166567, 1.69382456079e-05, 3.714540453e-09],
        "max": [8.03848361969, 38.9763336182, 94.7644271851, 113.831588745, 214.961746216, 578.644165039, 170.012115479, 831.657775879, 1392.6932373, 1588.13134766, 987.883605957, 1926.7097168, 2359.15454102, 1271.2154541, 2085.44506836, 965.666748047, 1055.51342773, 1234.62255859, 1342.13293457, 482.317840576, 552.95135498, 721.673217773, 401.707214355, 384.025268555, 343.209686279, 391.315246582, 180.391052246, 145.914337158, 99.05859375, 90.2217178345, 54.1446914673, 42.1964454651, 24.5141086578, 40.5820007324, 8.79264736176, 4.00091648102, 2.87688088417, 0.35458034277, 0.0414037294686, 0.00061367690796],
        "mean": [0.833427846432, 2.58071231842, 3.250872612, 4.43186759949, 7.5119099617, 10.1758270264, 10.0191116333, 13.6181526184, 20.2057590485, 17.8374080658, 16.8644142151, 31.5397911072, 43.0914802551, 29.6833133698, 37.8121948242, 38.9185409546, 45.8794326782, 58.8564338684, 46.2773170471, 32.5003356934, 26.7831478119, 30.4190998077, 28.8164348602, 24.220495224, 18.3669204712, 14.7014284134, 10.4301948547, 8.23118209839, 6.18790769577, 4.3184762001, 2.88566660881, 1.87826812267, 1.24865651131, 0.822602272034, 0.387984097004, 0.178187683225, 0.065873503685, 0.0145800989121, 0.00104214961175, 6.47651104373e-05],
        "median": [0.0266303811222, 0.170769691467, 0.245327025652, 0.338060796261, 0.857725679874, 1.60329115391, 1.94843828678, 3.54531264305, 4.63733911514, 3.99215912819, 4.56092357635, 7.47663497925, 11.448797226, 10.6780910492, 10.6399879456, 14.0708084106, 16.9112358093, 18.321264267, 15.4362440109, 14.085351944, 13.7217493057, 14.5251264572, 13.9796724319, 12.1356668472, 10.1641550064, 7.95674991608, 6.08582401276, 4.63536167145, 3.27342152596, 2.28477144241, 1.4412946701, 0.933886945248, 0.567373156548, 0.294916212559, 0.136873736978, 0.0528723038733, 0.0153089286759, 0.00226659397595, 8.26588875498e-05, 5.11478938279e-05],
        "min": [1.7721690816e-22, 1.81545222602e-21, 6.76486157184e-21, 1.1042511403e-20, 2.26560326914e-20, 3.34400525763e-20, 4.96223387649e-20, 9.11701345932e-20, 4.05835410486e-19, 2.80426893859e-19, 6.38844046483e-19, 5.89613306652e-19, 9.96560318634e-19, 1.77536637499e-18, 2.27285347489e-18, 1.12665101357e-18, 1.56253755967e-18, 3.00451809455e-18, 4.73190447849e-18, 5.8962277787e-18, 6.94183783971e-18, 8.16394756392e-18, 9.20323300196e-18, 8.2959308481e-18, 9.70203862776e-18, 1.13978862693e-17, 1.37776063095e-17, 1.52667729488e-17, 1.67748869872e-17, 1.51615257964e-17, 1.51886523574e-17, 1.47755236179e-17, 1.20349873945e-17, 9.51164894771e-18, 8.68641551832e-18, 4.99515346767e-18, 2.66273575084e-18, 1.12149219828e-18, 2.39101234799e-19, 3.37852453857e-20],
        "var": [3.294506073, 29.4764137268, 104.792449951, 82.9127807617, 249.047592163, 614.816345215, 359.311004639, 868.62097168, 2824.12011719, 2569.82958984, 1985.9979248, 6891.75292969, 11032.3710938, 4038.18579102, 10377.3691406, 4102.98681641, 5441.87695312, 12063.9404297, 6003.98974609, 2233.36108398, 1330.00134277, 1917.73840332, 1513.90148926, 1127.38598633, 528.487365723, 361.37197876, 177.012191772, 114.793556213, 67.3157119751, 35.0121536255, 17.2134647369, 7.81350231171, 3.61939311028, 2.3667755127, 0.429384589195, 0.101543650031, 0.0169564727694, 0.00109819322824, 9.65520848695e-06, 3.93280519262e-09]
    },
    "gfcc": {
        "mean": [-25.854598999, 66.1973724365, -136.079589844, 25.3864574432, -53.2274589539, 13.2182540894, -32.8715400696, 5.53241586685, -24.8686656952, 3.05522727966, -15.2585868835, 1.92840182781, -10.2214803696],
        "cov": [[13429.6748047, -674.751159668, -313.685241699, 311.264007568, -235.53237915, 242.162353516, -295.022705078, 444.810699463, -90.3776702881, 396.586700439, -65.7982406616, 187.10887146, -348.517822266], [-674.751159668, 2526.71704102, 222.445724487, 61.4762001038, 338.145599365, -346.126800537, 74.0802154541, -376.773895264, 60.4730148315, -279.698303223, 91.9246063232, -227.577804565, 84.1153335571], [-313.685241699, 222.445724487, 1522.34545898, 808.291259766, 454.677001953, 298.920959473, 177.962997437, 162.247817993, 108.389884949, 40.9951667786, 9.09274291992, 1.04554378986, -16.3944854736], [311.264007568, 61.4762001038, 808.291259766, 1106.27441406, 745.535766602, 606.536621094, 441.206939697, 359.654937744, 262.586120605, 180.197647095, 147.550674438, 86.2379760742, 75.2405548096], [-235.53237915, 338.145599365, 454.677001953, 745.535766602, 979.753540039, 617.532714844, 572.247802734, 321.030426025, 329.828704834, 171.886764526, 225.525299072, 54.4363174438, 110.395721436], [242.162353516, -346.126800537, 298.920959473, 606.536621094, 617.532714844, 694.837219238, 455.286407471, 403.417266846, 245.954742432, 220.848052979, 147.552536011, 120.939041138, 86.1885147095], [-295.022705078, 74.0802154541, 177.962997437, 441.206939697, 572.247802734, 455.286407471, 535.172546387, 330.758911133, 307.644042969, 156.655288696, 187.353897095, 85.7780227661, 135.712631226], [444.810699463, -376.773895264, 162.247817993, 359.654937744, 321.030426025, 403.417266846, 330.758911133, 408.883789062, 237.821640015, 210.855743408, 112.776763916, 116.55267334, 60.3540878296], [-90.3776702881, 60.4730148315, 108.389884949, 262.586120605, 329.828704834, 245.954742432, 307.644042969, 237.821640015, 280.556091309, 160.409423828, 167.508575439, 57.2521820068, 87.0020599365], [396.586700439, -279.698303223, 40.9951667786, 180.197647095, 171.886764526, 220.848052979, 156.655288696, 210.855743408, 160.409423828, 205.478530884, 119.930381775, 92.166053772, 28.9776115417], [-65.7982406616, 91.9246063232, 9.09274291992, 147.550674438, 225.525299072, 147.552536011, 187.353897095, 112.776763916, 167.508575439, 119.930381775, 181.009399414, 71.5224151611, 80.5427322388], [187.10887146, -227.577804565, 1.04554378986, 86.2379760742, 54.4363174438, 120.939041138, 85.7780227661, 116.55267334, 57.2521820068, 92.166053772, 71.5224151611, 121.062355042, 62.6236114502], [-348.517822266, 84.1153335571, -16.3944854736, 75.2405548096, 110.395721436, 86.1885147095, 135.712631226, 60.3540878296, 87.0020599365, 28.9776115417, 80.5427322388, 62.6236114502, 130.197097778]],
        "icov": [[0.000111240136903, -0.000108618885861, 9.16466742638e-05, -9.75241637207e-05, 5.5949381931e-05, -4.45057085017e-05, 0.000171494961251, -0.000281596119748, 0.000157831818797, -0.000227001786698, 7.32338085072e-05, -0.000296835001791, 0.000412170600612], [-0.000108618885861, 0.00113929819781, -0.000169439372257, -7.94277366367e-05, -0.000780556059908, 0.00104819016997, -0.000257841631537, 0.000726361759007, -0.000571474898607, 0.00139626464806, -0.00116122688632, 0.00161072204355, -0.00108750455547], [9.16466742638e-05, -0.000169439372257, 0.00131315551698, -0.00115931150503, -0.00011281989282, 0.000148054299643, 0.000595066987444, -0.000235120780417, -0.000547738338355, 0.000262991292402, 0.000814743281808, -0.000810596335214, 0.000869832583703], [-9.75241637207e-05, -7.94277366367e-05, -0.00115931150503, 0.00332901929505, -0.00126199051738, -0.00123887008522, 0.000488842197228, -0.000432390603237, -0.000260344910203, 0.000164956683875, 0.000188044796232, -0.000330210605171, -0.000518739398103], [5.5949381931e-05, -0.000780556059908, -0.00011281989282, -0.00126199051738, 0.0061051431112, -0.00343232415617, -0.00334750674665, 0.00182553334162, -4.72985811939e-05, -0.000285884307232, -0.00211588828824, 0.00111128052231, 0.00197739806026], [-4.45057085017e-05, 0.00104819016997, 0.000148054299643, -0.00123887008522, -0.00343232415617, 0.00902569107711, -0.00284607661888, -0.00338699505664, 0.00491281924769, -0.0029823014047, 0.00012697908096, 0.00168091629166, -0.00209579546936], [0.000171494961251, -0.000257841631537, 0.000595066987444, 0.000488842197228, -0.00334750674665, -0.00284607661888, 0.0139010930434, -0.00485303299502, -0.00725082913414, 0.00613713031635, -0.000819215434603, -0.00143851572648, -0.00242176628672], [-0.000281596119748, 0.000726361759007, -0.000235120780417, -0.000432390603237, 0.00182553334162, -0.00338699505664, -0.00485303299502, 0.0166587941349, -0.00985025428236, -0.00380361801945, 0.00806990172714, -0.00647335452959, 0.00257797446102], [0.000157831818797, -0.000571474898607, -0.000547738338355, -0.000260344910203, -4.72985811939e-05, 0.00491281924769, -0.00725082913414, -0.00985025428236, 0.028724944219, -0.0114753181115, -0.0112308915704, 0.0137722892687, -0.00653236545622], [-0.000227001786698, 0.00139626464806, 0.000262991292402, 0.000164956683875, -0.000285884307232, -0.0029823014047, 0.00613713031635, -0.00380361801945, -0.0114753181115, 0.0264464020729, -0.00918513163924, -0.00772243225947, 0.00718942284584], [7.32338085072e-05, -0.00116122688632, 0.000814743281808, 0.000188044796232, -0.00211588828824, 0.00012697908096, -0.000819215434603, 0.00806990172714, -0.0112308915704, -0.00918513163924, 0.025705749169, -0.0110162608325, -0.00129098934121], [-0.000296835001791, 0.00161072204355, -0.000810596335214, -0.000330210605171, 0.00111128052231, 0.00168091629166, -0.00143851572648, -0.00647335452959, 0.0137722892687, -0.00772243225947, -0.0110162608325, 0.030512670055, -0.0146469827741], [0.000412170600612, -0.00108750455547, 0.000869832583703, -0.000518739398103, 0.00197739806026, -0.00209579546936, -0.00242176628672, 0.00257797446102, -0.00653236545622, 0.00718942284584, -0.00129098934121, -0.0146469827741, 0.0215446371585]]
    },
    "melbands": {
        "dmean": [0.00213830592111, 0.00168526696507, 0.000623934029136, 0.000344007043168, 0.000227385709877, 0.000185142591363, 0.000192667052033, 0.000161113290233, 0.000113211783173, 0.000162757409271, 0.000161436677445, 0.000103827791463, 8.55934122228e-05, 6.99715310475e-05, 7.82548231655e-05, 7.30538959033e-05, 7.61909614084e-05, 5.37373307452e-05, 3.34824435413e-05, 3.27670641127e-05, 1.81121049536e-05, 2.25237490667e-05, 1.93208106793e-05, 1.70440071088e-05, 1.3456106899e-05, 9.99491658149e-06, 7.25005565982e-06, 6.21530716671e-06, 4.34774256064e-06, 3.32401441483e-06, 2.78519360108e-06, 2.21260393118e-06, 1.76147113962e-06, 1.39648363984e-06, 1.17401134503e-06, 8.48380352636e-07, 7.02327895397e-07, 5.73268096105e-07, 5.54880330128e-07, 5.16105785664e-07],
        "dmean2": [0.00199018325657, 0.00256589776836, 0.00105720432475, 0.00055394647643, 0.000351239723386, 0.000286893890006, 0.000299820414511, 0.000264950125711, 0.000189470083569, 0.000262301415205, 0.000259481079411, 0.000176361776539, 0.000143022829434, 0.00011627135973, 0.000130718704895, 0.000124502010294, 0.000124687721836, 8.87161731953e-05, 5.6175627833e-05, 5.59155050723e-05, 3.14094577334e-05, 3.83926781069e-05, 3.37750279868e-05, 2.95444951917e-05, 2.35229617829e-05, 1.74008309841e-05, 1.22340879898e-05, 1.06459528979e-05, 7.26186408428e-06, 5.4534807532e-06, 4.63988953925e-06, 3.59793239113e-06, 2.68844041784e-06, 2.26435417972e-06, 1.93802020476e-06, 1.36591427236e-06, 1.09510324364e-06, 8.84825055891e-07, 8.6692602963e-07, 8.33807348499e-07],
        "dvar": [2.0255394702e-05, 2.66174010903e-05, 2.37667063629e-06, 1.11015094717e-06, 2.12718134662e-07, 1.96534728047e-07, 2.79494543065e-07, 2.81484119569e-07, 1.30894591166e-07, 2.58971994072e-07, 1.85315414569e-07, 8.43888088298e-08, 5.60807897898e-08, 2.23041105585e-08, 2.33320882614e-08, 2.08217034725e-08, 2.72331686091e-08, 1.32123627594e-08, 5.62066659882e-09, 4.15968459677e-09, 1.00457575591e-09, 1.72590020053e-09, 1.12161346877e-09, 8.87001472272e-10, 6.31817431707e-10, 2.99030106232e-10, 1.84114723467e-10, 1.32960267796e-10, 6.80028949818e-11, 2.80851539941e-11, 2.89868771347e-11, 1.43943251416e-11, 1.02480897032e-11, 9.47710659949e-12, 5.38445807038e-12, 2.58056119876e-12, 2.25018528116e-12, 1.17683727346e-12, 1.58465558384e-12, 1.82060855107e-12],
        "dvar2": [1.79690305231e-05, 6.54624236631e-05, 6.61808098812e-06, 2.92792014989e-06, 4.56773648239e-07, 4.49397845159e-07, 5.75966453198e-07, 6.98022063261e-07, 3.13591840495e-07, 6.27149233878e-07, 4.30161151144e-07, 2.25082430916e-07, 1.43377462791e-07, 5.77631169563e-08, 5.95144733495e-08, 5.5114032449e-08, 6.76143656619e-08, 3.49689912582e-08, 1.5090979133e-08, 1.11706528472e-08, 2.78564082912e-09, 4.76938266658e-09, 3.12649572898e-09, 2.47956588595e-09, 1.77284398273e-09, 8.53710879767e-10, 4.8267112529e-10, 3.77362252557e-10, 1.87694998433e-10, 7.41089689615e-11, 7.92592241838e-11, 3.57949676844e-11, 2.46693360184e-11, 2.65258284088e-11, 1.37899656971e-11, 6.280797063e-12, 5.86416592369e-12, 2.74870989685e-12, 4.22667153013e-12, 5.11168798262e-12],
        "max": [0.0509665906429, 0.0444976277649, 0.0166391972452, 0.0341939143836, 0.00806633383036, 0.0160054396838, 0.0188312195241, 0.0202092193067, 0.0104651693255, 0.0132893044502, 0.0117793967947, 0.00656066695228, 0.00549477851018, 0.00345489825122, 0.00341895245947, 0.00288815703243, 0.00283875595778, 0.00320609332994, 0.00141112366691, 0.00157914008014, 0.000564761110581, 0.000911336159334, 0.000567737559322, 0.000390640023397, 0.000340424041497, 0.000269724638201, 0.000453324784758, 0.000382970174542, 0.000182445728569, 9.43876293604e-05, 9.5535935543e-05, 6.4123494667e-05, 6.43347229925e-05, 6.17494224571e-05, 3.43203464581e-05, 1.89985530596e-05, 3.06033689412e-05, 1.38989580591e-05, 3.00719621009e-05, 3.53039249603e-05],
        "mean": [0.00588871864602, 0.00226344750263, 0.000904606247786, 0.000624005973805, 0.000405172322644, 0.000301417312585, 0.000288723356789, 0.000192924679141, 0.000136722592288, 0.000204992960789, 0.000219830675633, 0.000128496962134, 0.000109895147034, 9.69223765424e-05, 0.000111865963845, 9.90500338958e-05, 0.000115303948405, 8.04355731816e-05, 4.77607027278e-05, 4.60176233901e-05, 2.63911297225e-05, 3.29726499331e-05, 2.65241451416e-05, 2.30973455473e-05, 1.93762152776e-05, 1.46213733387e-05, 1.12695270218e-05, 9.7715164884e-06, 6.91754166837e-06, 5.47246281712e-06, 4.39920859208e-06, 3.59525461135e-06, 2.87892953565e-06, 2.21956406676e-06, 1.76320986611e-06, 1.31489764499e-06, 1.07411972294e-06, 8.910118936e-07, 7.84691223998e-07, 6.6247076802e-07],
        "median": [0.000346763466951, 0.000259996159002, 7.20537427696e-05, 0.000107293497422, 7.06809514668e-05, 8.0745012383e-05, 6.69120927341e-05, 3.74977353204e-05, 3.31042429025e-05, 4.44888792117e-05, 5.44757313037e-05, 3.6939043639e-05, 2.95729460049e-05, 3.50369227817e-05, 3.17378217005e-05, 2.80429103441e-05, 2.98446102533e-05, 2.43741105805e-05, 1.38443347169e-05, 1.71723913809e-05, 1.30628050101e-05, 1.38171390063e-05, 1.29879972519e-05, 1.09493757918e-05, 8.84969995241e-06, 7.43382952351e-06, 5.65513937545e-06, 4.7618455028e-06, 3.85313524021e-06, 3.02740954794e-06, 2.38022721533e-06, 1.81963480372e-06, 1.44030298088e-06, 1.15623038255e-06, 8.36830906792e-07, 6.46197804599e-07, 5.13835459515e-07, 4.18199221031e-07, 2.91184761636e-07, 2.24828809792e-07],
        "min": [2.71287648141e-24, 2.31738836354e-24, 2.51493885573e-24, 2.57632643365e-24, 1.52511228224e-24, 2.32711048255e-24, 6.99990044449e-24, 3.23354163936e-24, 5.22199097986e-24, 3.07817923117e-24, 3.9225343317e-24, 6.91055011406e-24, 7.88127422351e-24, 2.96040288966e-24, 3.55459737816e-24, 3.70840711088e-24, 5.73565460285e-24, 8.32975979193e-24, 6.17052364318e-24, 7.18430062539e-24, 6.83135479007e-24, 9.01180735286e-24, 7.34070649935e-24, 9.28921817879e-24, 6.12461430508e-24, 4.715665341e-24, 7.69741835664e-24, 7.36937764895e-24, 6.64609159534e-24, 1.10646766526e-23, 6.82910653649e-24, 1.00256860981e-23, 7.58062355532e-24, 8.51943903001e-24, 8.98885071166e-24, 7.61179618285e-24, 9.9928529184e-24, 7.95391726883e-24, 8.51247023277e-24, 7.052754914e-24],
        "var": [0.000143819270306, 2.91168835247e-05, 2.83835311166e-06, 1.85900591987e-06, 6.91413731602e-07, 3.90220577628e-07, 5.64644494716e-07, 3.40994546377e-07, 1.70533951405e-07, 3.11149563004e-07, 2.98353683093e-07, 9.27612830992e-08, 7.95345656002e-08, 3.24909805727e-08, 4.22065404848e-08, 3.15464383505e-08, 5.40762492562e-08, 2.17065867503e-08, 9.23667808905e-09, 6.64712418441e-09, 1.4191887665e-09, 2.74884270901e-09, 1.31409749748e-09, 9.8728425435e-10, 8.34511904024e-10, 3.75014463927e-10, 3.02328828639e-10, 2.01754876694e-10, 9.12014561094e-11, 4.80106059075e-11, 3.69741876005e-11, 2.41152896263e-11, 1.61442855612e-11, 1.06465452773e-11, 6.8510540123e-12, 3.76544975755e-12, 2.7413819912e-12, 1.82000920411e-12, 1.8360523605e-12, 1.68421851986e-12]
    },
    "mfcc": {
        "mean": [-662.588684082, 99.0899200439, -21.3704738617, 15.0793437958, -1.20760476589, 6.92824220657, 1.88397538662, 2.49752044678, -2.07188725471, -0.284739851952, -0.99111020565, -1.5425157547, -3.50515842438],
        "cov": [[12293.6455078, -511.073822021, -567.324584961, 122.746185303, -172.977249146, -57.8927459717, -147.895568848, 5.37596607208, -99.7367706299, 89.9268188477, 212.104217529, 189.290847778, 76.7090759277], [-511.073822021, 1959.41894531, 17.9683494568, 157.713607788, 49.0521278381, -68.8404464722, -95.7437438965, -168.357284546, -163.273742676, -144.795166016, -134.591171265, -119.051292419, -132.349533081], [-567.324584961, 17.9683494568, 1091.44775391, 462.417633057, 316.624328613, 129.750289917, 79.1699447632, 80.1237487793, 77.6259841919, 18.4889411926, 16.7163925171, 12.1809225082, 6.0436463356], [122.746185303, 157.713607788, 462.417633057, 687.645446777, 459.969390869, 374.205688477, 300.821624756, 276.688568115, 228.132141113, 189.602279663, 150.523406982, 151.114242554, 135.158782959], [-172.977249146, 49.0521278381, 316.624328613, 459.969390869, 553.270874023, 431.534210205, 363.379852295, 286.35723877, 236.218917847, 218.694320679, 177.150772095, 158.573379517, 141.061386108], [-57.8927459717, -68.8404464722, 129.750289917, 374.205688477, 431.534210205, 490.903015137, 392.915649414, 323.343566895, 259.510375977, 238.377380371, 182.079193115, 163.193237305, 151.308609009], [-147.895568848, -95.7437438965, 79.1699447632, 300.821624756, 363.379852295, 392.915649414, 400.016326904, 336.294403076, 274.035675049, 234.613815308, 180.460540771, 164.053894043, 153.812667847], [5.37596607208, -168.357284546, 80.1237487793, 276.688568115, 286.35723877, 323.343566895, 336.294403076, 360.582305908, 293.023590088, 234.879043579, 178.676925659, 168.549621582, 155.134262085], [-99.7367706299, -163.273742676, 77.6259841919, 228.132141113, 236.218917847, 259.510375977, 274.035675049, 293.023590088, 293.475280762, 233.298599243, 170.755172729, 153.05897522, 141.113494873], [89.9268188477, -144.795166016, 18.4889411926, 189.602279663, 218.694320679, 238.377380371, 234.613815308, 234.879043579, 233.298599243, 254.010162354, 193.269012451, 161.579940796, 139.463546753], [212.104217529, -134.591171265, 16.7163925171, 150.523406982, 177.150772095, 182.079193115, 180.460540771, 178.676925659, 170.755172729, 193.269012451, 198.75340271, 164.593322754, 129.765090942], [189.290847778, -119.051292419, 12.1809225082, 151.114242554, 158.573379517, 163.193237305, 164.053894043, 168.549621582, 153.05897522, 161.579940796, 164.593322754, 184.092483521, 150.772689819], [76.7090759277, -132.349533081, 6.0436463356, 135.158782959, 141.061386108, 151.308609009, 153.812667847, 155.134262085, 141.113494873, 139.463546753, 129.765090942, 150.772689819, 171.197479248]],
