{
"lowlevel": {
    "average_loudness": 0.943184435368,
    "barkbands_crest": {
        "dmean": 3.37042188644,
        "dmean2": 5.14919900894,
        "dvar": 10.9132041931,
        "dvar2": 26.4632034302,
        "max": 26.7296676636,
        "mean": 12.9089393616,
        "median": 12.0313663483,
        "min": 1.81783664227,
        "var": 44.3311080933
    },
    "barkbands_flatness_db": {
        "dmean": 0.0283079706132,
        "dmean2": 0.0412321388721,
        "dvar": 0.00125151046086,
        "dvar2": 0.0024397613015,
        "max": 0.651502251625,
        "mean": 0.122363075614,
        "median": 0.0908081978559,
        "min": 0.0157129932195,
        "var": 0.00739339366555
    },
    "barkbands_kurtosis": {
        "dmean": 15.1428413391,
        "dmean2": 20.1785621643,
        "dvar": 7493.00292969,
        "dvar2": 11556.1162109,
        "max": 3397.89746094,
        "mean": 21.2869567871,
        "median": 0.631000041962,
        "min": -1.92409563065,
        "var": 18359.3046875
    },
    "barkbands_skewness": {
        "dmean": 1.0057477951,
        "dmean2": 1.44141793251,
        "dvar": 3.23830366135,
        "dvar2": 5.47139978409,
        "max": 49.029838562,
        "mean": 2.16616797447,
        "median": 1.23958349228,
        "min": -3.34683465958,
        "var": 12.0395298004
    },
    "barkbands_spread": {
        "dmean": 8.95352745056,
        "dmean2": 14.0076999664,
        "dvar": 107.78452301,
        "dvar2": 229.277053833,
        "max": 111.797943115,
        "mean": 34.0034866333,
        "median": 34.9590835571,
        "min": 0.0780838653445,
        "var": 386.307189941
    },
    "dissonance": {
        "dmean": 0.0106737865135,
        "dmean2": 0.018431276083,
        "dvar": 0.000188456178876,
        "dvar2": 0.000521772599313,
        "max": 0.500000119209,
        "mean": 0.484819382429,
        "median": 0.490449786186,
        "min": 0.277050584555,
        "var": 0.0003253427858
    },
    "dynamic_complexity": 2.84259462357,
    "erbbands_crest": {
        "dmean": 2.06500792503,
        "dmean2": 3.39605712891,
        "dvar": 5.30319213867,
        "dvar2": 12.635430336,
        "max": 29.1083717346,
        "mean": 6.43374443054,
        "median": 5.18781089783,
        "min": 2.27290844917,
        "var": 13.2877120972
    },
    "erbbands_flatness_db": {
        "dmean": 0.0145386718214,
        "dmean2": 0.0221138559282,
        "dvar": 0.000247714633588,
        "dvar2": 0.000526885211002,
        "max": 0.372835338116,
        "mean": 0.115860812366,
        "median": 0.101053595543,
        "min": 0.0438686981797,
        "var": 0.00196073809639
    },
    "erbbands_kurtosis": {
        "dmean": 1.04646122456,
        "dmean2": 1.62408876419,
        "dvar": 6.27537822723,
        "dvar2": 9.95541572571,
        "max": 142.737503052,
        "mean": 0.689736843109,
        "median": -0.0102542638779,
        "min": -1.88342678547,
        "var": 14.6929197311
    },
    "erbbands_skewness": {
        "dmean": 0.387961238623,
        "dmean2": 0.605288028717,
        "dvar": 0.242197394371,
        "dvar2": 0.509716451168,
        "max": 11.1171836853,
        "mean": -0.130512014031,
        "median": -0.273989796638,
        "min": -3.59710144997,
        "var": 0.784487426281
    },
    "erbbands_spread": {
        "dmean": 12.2277679443,
        "dmean2": 18.7151145935,
        "dvar": 241.968673706,
        "dvar2": 533.587158203,
        "max": 186.811767578,
        "mean": 48.1096115112,
        "median": 43.7813415527,
        "min": 3.01207351685,
        "var": 618.843444824
    },
    "hfc": {
        "dmean": 14.1066417694,
        "dmean2": 21.5135116577,
        "dvar": 311.945404053,
        "dvar2": 800.06036377,
        "max": 159.480712891,
        "mean": 41.5320472717,
        "median": 36.377746582,
        "min": 1.14358010853e-16,
        "var": 983.983459473
    },
    "melbands_crest": {
        "dmean": 3.59128046036,
        "dmean2": 5.5340013504,
        "dvar": 13.8806180954,
        "dvar2": 31.3563995361,
        "max": 36.5536880493,
        "mean": 18.8517990112,
        "median": 17.9628715515,
        "min": 1.00265181065,
        "var": 78.116355896
    },
    "melbands_flatness_db": {
        "dmean": 0.0375737138093,
        "dmean2": 0.0552803687751,
        "dvar": 0.00207403465174,
        "dvar2": 0.00414102245122,
        "max": 0.78373426199,
        "mean": 0.185350671411,
        "median": 0.158993959427,
        "min": 3.36518382937e-07,
        "var": 0.0118996454403
    },
    "melbands_kurtosis": {
        "dmean": 35.4519233704,
        "dmean2": 54.8494377136,
        "dvar": 14219.0400391,
        "dvar2": 31992.0273438,
        "max": 2577.265625,
        "mean": 55.3254432678,
        "median": 9.42415809631,
        "min": -1.7210714817,
        "var": 31362.3242188
    },
    "melbands_skewness": {
        "dmean": 1.51728260517,
        "dmean2": 2.26228761673,
        "dvar": 6.02877616882,
        "dvar2": 12.4560499191,
        "max": 39.2118186951,
        "mean": 4.27962970734,
        "median": 2.92154312134,
        "min": -1.52063143253,
        "var": 20.6285533905
    },
    "melbands_spread": {
        "dmean": 11.4815511703,
        "dmean2": 18.1201896667,
        "dvar": 237.363861084,
        "dvar2": 521.004394531,
        "max": 221.341384888,
        "mean": 32.2831268311,
        "median": 27.9678974152,
        "min": 0.104374319315,
        "var": 729.792602539
    },
    "pitch_salience": {
        "dmean": 0.0970079004765,
        "dmean2": 0.150336027145,
        "dvar": 0.011145430617,
        "dvar2": 0.0258592199534,
        "max": 0.99769949913,
        "mean": 0.46620324254,
        "median": 0.494713962078,
        "min": 0.00917911808938,
        "var": 0.0408040210605
    },
    "silence_rate_20dB": {
        "dmean": 0,
        "dmean2": 0,
        "dvar": 0,
        "dvar2": 0,
        "max": 1,
        "mean": 1,
        "median": 1,
        "min": 1,
        "var": 0
    },
    "silence_rate_30dB": {
        "dmean": 0.00110192841385,
        "dmean2": 0.00220409967005,
        "dvar": 0.00110068637878,
        "dvar2": 0.00308107282035,
        "max": 1,
        "mean": 0.999338924885,
        "median": 1,
        "min": 0,
        "var": 0.000660673133098
    },
    "silence_rate_60dB": {
        "dmean": 0.025564737618,
        "dmean2": 0.0511351116002,
        "dvar": 0.0249135848135,
        "dvar2": 0.0551356598735,
        "max": 1,
        "mean": 0.0679814890027,
        "median": 0,
        "min": 0,
        "var": 0.0633541122079
    },
    "spectral_centroid": {
        "dmean": 368.415496826,
        "dmean2": 573.13104248,
        "dvar": 227079.828125,
        "dvar2": 509574.1875,
        "max": 11374.546875,
        "mean": 2127.88842773,
        "median": 2304.32177734,
        "min": 57.6814842224,
        "var": 846858.8125
    },
    "spectral_complexity": {
        "dmean": 5.78512382507,
        "dmean2": 8.81727981567,
        "dvar": 41.6812324524,
        "dvar2": 92.1507720947,
        "max": 61,
        "mean": 29.276222229,
        "median": 34,
        "min": 0,
        "var": 316.350799561
    },
    "spectral_decrease": {
        "dmean": 3.40648464991e-09,
        "dmean2": 5.7044502455e-09,
        "dvar": 1.932389533e-17,
        "dvar2": 5.416647981e-17,
        "max": 1.06134243672e-28,
        "mean": -1.10085691674e-08,
        "median": -1.07522719617e-08,
        "min": -3.7474606529e-08,
        "var": 5.41632107923e-17
    },
    "spectral_energy": {
        "dmean": 0.0134656606242,
        "dmean2": 0.0225609615445,
        "dvar": 0.00028968648985,
        "dvar2": 0.000814180879388,
        "max": 0.143957957625,
        "mean": 0.0453159287572,
        "median": 0.0453277006745,
        "min": 1.0164305702e-20,
        "var": 0.00081649934873
    },
    "spectral_energyband_high": {
        "dmean": 0.00127842952497,
        "dmean2": 0.00191010837443,
        "dvar": 2.65525204668e-06,
        "dvar2": 6.23793130217e-06,
        "max": 0.0213173311204,
        "mean": 0.00328725157306,
        "median": 0.00269939098507,
        "min": 7.37955531778e-21,
        "var": 8.6747959358e-06
    },
    "spectral_energyband_low": {
        "dmean": 0.0111559154466,
        "dmean2": 0.018411045894,
        "dvar": 0.000236319188843,
        "dvar2": 0.000637361663394,
        "max": 0.125593319535,
        "mean": 0.0283035710454,
        "median": 0.0229839403182,
        "min": 2.74730592118e-23,
        "var": 0.000715545436833
    },
    "spectral_energyband_middle_high": {
        "dmean": 0.00288286898285,
        "dmean2": 0.0048076310195,
        "dvar": 1.56272762979e-05,
        "dvar2": 4.29187057307e-05,
        "max": 0.0421045869589,
        "mean": 0.00732046365738,
        "median": 0.00669071171433,
        "min": 1.29285674121e-21,
        "var": 4.16862530983e-05
    },
    "spectral_energyband_middle_low": {
        "dmean": 0.00488931732252,
        "dmean2": 0.00854364223778,
        "dvar": 0.000111410125101,
        "dvar2": 0.000322247302392,
        "max": 0.0916983708739,
        "mean": 0.00792002119124,
        "median": 0.00552220828831,
        "min": 2.6028666254e-22,
        "var": 9.21140890568e-05
    },
    "spectral_entropy": {
        "dmean": 0.141426041722,
        "dmean2": 0.224350243807,
        "dvar": 0.0479025729001,
        "dvar2": 0.113140814006,
        "max": 9.81138896942,
        "mean": 8.06412982941,
        "median": 8.21689987183,
        "min": 5.13555383682,
        "var": 0.188623264432
    },
    "spectral_flux": {
        "dmean": 0.0321051552892,
        "dmean2": 0.0481910146773,
        "dvar": 0.00184307678137,
        "dvar2": 0.00283030536957,
        "max": 0.361893087626,
        "mean": 0.105668142438,
        "median": 0.0951823294163,
        "min": 6.39174477235e-11,
        "var": 0.00416691647843
    },
    "spectral_kurtosis": {
        "dmean": 0.950520634651,
        "dmean2": 1.52301633358,
        "dvar": 3.20903134346,
        "dvar2": 8.46583080292,
        "max": 49.3407897949,
        "mean": 3.00303292274,
        "median": 2.29942131042,
        "min": -1.24202644825,
        "var": 10.454293251
    },
    "spectral_rms": {
        "dmean": 0.00099538511131,
        "dmean2": 0.00161816959735,
        "dvar": 1.41592124692e-06,
        "dvar2": 3.70034808839e-06,
        "max": 0.011851024814,
        "mean": 0.00617239298299,
        "median": 0.00664997380227,
        "min": 3.1490309492e-12,
        "var": 6.11232053416e-06
    },
    "spectral_rolloff": {
        "dmean": 845.831726074,
        "dmean2": 1380.421875,
        "dvar": 1354658.75,
        "dvar2": 2929787.75,
        "max": 19401.4160156,
        "mean": 2319.57202148,
        "median": 1808.7890625,
        "min": 64.599609375,
        "var": 5098093.5
    },
    "spectral_skewness": {
        "dmean": 0.16231264174,
        "dmean2": 0.251386761665,
        "dvar": 0.0475986711681,
        "dvar2": 0.105694741011,
        "max": 5.57894563675,
        "mean": 1.28021097183,
        "median": 1.18470275402,
        "min": -0.0553117804229,
        "var": 0.223430484533
    },
    "spectral_spread": {
        "dmean": 648935.9375,
        "dmean2": 984692,
        "dvar": 720336977920,
        "dvar2": 1.47760729293e+12,
        "max": 42423556,
        "mean": 5803327,
        "median": 5807946,
        "min": 1185337.875,
        "var": 3.33502742528e+12
    },
    "spectral_strongpeak": {
        "dmean": 0.306962698698,
        "dmean2": 0.528395831585,
        "dvar": 0.424018293619,
        "dvar2": 1.11301147938,
        "max": 9.8356590271,
        "mean": 0.630253493786,
        "median": 0.487789094448,
        "min": 0,
        "var": 0.502897441387
    },
    "zerocrossingrate": {
        "dmean": 0.0161687005311,
        "dmean2": 0.0176956485957,
        "dvar": 0.000293449527817,
        "dvar2": 0.000346215354512,
        "max": 0.66357421875,
        "mean": 0.0857216566801,
        "median": 0.0791015625,
        "min": 0.001953125,
        "var": 0.00329361180775
    },
    "barkbands": {
        "dmean": [0.000388877058867, 0.00951015669852, 0.00376275088638, 0.00251602032222, 0.00150887097698, 0.00061937677674, 0.000406600447604, 0.000351499853423, 0.000621137092821, 0.000416596041759, 0.000514783896506, 0.000581230327953, 0.000453454063972, 0.000512491678819, 0.000519333698321, 0.000451119412901, 0.000382510508643, 0.000381824938813, 0.000347936234903, 0.000400823890232, 0.000367128843209, 0.00031582347583, 0.000240603389102, 0.000198132242076, 0.000145625701407, 8.37305487948e-05, 2.8343671147e-05],
        "dmean2": [0.000481553870486, 0.014903774485, 0.00689835334197, 0.00457027275115, 0.00267142639495, 0.00101159350015, 0.000652177259326, 0.000529206590727, 0.000948199653067, 0.000673113449011, 0.000816122163087, 0.00094240217004, 0.000775355321821, 0.000891191302799, 0.000887971487828, 0.000772470375523, 0.000657544413116, 0.000643717241473, 0.000591985881329, 0.000675060495269, 0.000602624029852, 0.000497892382555, 0.000372186681489, 0.000303521839669, 0.000217626613448, 0.000120179145597, 4.56041598227e-05],
        "dvar": [4.07326012919e-07, 0.00015865972091, 0.000131572480313, 5.54994840058e-05, 1.16377541417e-05, 9.17582212878e-07, 4.25436269325e-07, 6.59317549889e-07, 1.5706002614e-06, 7.20231298601e-07, 1.22120491142e-06, 1.42067904108e-06, 6.49916557904e-07, 7.99592044132e-07, 8.81841060618e-07, 5.74277066789e-07, 3.32071579123e-07, 3.1732022876e-07, 2.16736438574e-07, 2.89025763323e-07, 2.33284197293e-07, 1.60045331654e-07, 9.17328932815e-08, 6.25597209591e-08, 3.61820902128e-08, 1.68078599927e-08, 4.93175456029e-09],
        "dvar2": [6.19753450337e-07, 0.000398734846385, 0.000376281153876, 0.000154355322593, 3.41556624335e-05, 2.41829911829e-06, 1.00093598121e-06, 1.45706292187e-06, 3.313319894e-06, 1.59559192525e-06, 2.69039878731e-06, 3.29228851115e-06, 1.66626841747e-06, 2.21135428546e-06, 2.37774020206e-06, 1.54820008902e-06, 9.26424888803e-07, 8.60907391598e-07, 6.0331046825e-07, 7.96325934971e-07, 6.05640366302e-07, 3.79933112526e-07, 2.28216649134e-07, 1.41064077752e-07, 8.08513718198e-08, 3.85788965218e-08, 1.29490551615e-08],
        "max": [0.00798923056573, 0.0969091355801, 0.0852655172348, 0.0888365805149, 0.0411674566567, 0.0202210731804, 0.0137141617015, 0.0201936755329, 0.0234242212027, 0.017549932003, 0.0261760707945, 0.0222814194858, 0.0155373159796, 0.0139192482457, 0.0169174578041, 0.0119842691347, 0.0106113282964, 0.00868097972125, 0.00741895008832, 0.00785322580487, 0.012923094444, 0.00563985761255, 0.00491169886664, 0.00291963852942, 0.0025706323795, 0.00228646653704, 0.00156233122107],
        "mean": [0.00113262957893, 0.02260036394, 0.00311875296757, 0.00226800283417, 0.00197585811839, 0.00107826851308, 0.000701716518961, 0.000634683296084, 0.00114828394726, 0.000613354146481, 0.000792287057266, 0.000901313964278, 0.000650066998787, 0.000707580184098, 0.000752422958612, 0.000680988479871, 0.000598949380219, 0.000672471767757, 0.000635377655271, 0.00074365112232, 0.000727659731638, 0.000674684531987, 0.00052626413526, 0.000435560941696, 0.000314261851599, 0.000188452366274, 4.20070973632e-05],
        "median": [6.92433168297e-05, 0.0174632892013, 0.000682153739035, 0.000474611413665, 0.000825222814456, 0.000603897147812, 0.000341687467881, 0.000243502901867, 0.00044427550165, 0.000294500321615, 0.000318526435876, 0.000408989435527, 0.000358656194294, 0.000397744675865, 0.000401582714403, 0.000412761990447, 0.000404948601499, 0.000463650911115, 0.000460386916529, 0.000548515468836, 0.000535246101208, 0.000522961781826, 0.000393505441025, 0.000319784885505, 0.000223773531616, 0.000134304267704, 1.07301711978e-05],
        "min": [1.22503906023e-24, 3.75119058765e-24, 1.60264646239e-24, 8.67018324925e-24, 1.83678010296e-23, 2.74835794609e-23, 2.16665554334e-23, 1.98502552639e-23, 2.58409091544e-23, 3.23998931508e-23, 3.07400730083e-23, 4.07735948618e-23, 4.99473277484e-23, 4.84433297227e-23, 9.69139035456e-23, 5.60214115682e-23, 1.00911036509e-22, 1.05717490274e-22, 1.70606985837e-22, 1.76156237342e-22, 3.16139175833e-22, 4.56550787651e-22, 4.38420416399e-22, 6.1449841136e-22, 1.00673070621e-21, 1.54640829866e-21, 2.16534599006e-21],
        "var": [3.03635715682e-06, 0.000568173069041, 7.85423253546e-05, 4.12085573771e-05, 9.40638710745e-06, 1.98032057597e-06, 1.13277383207e-06, 1.53070743636e-06, 3.95812094212e-06, 1.20516585866e-06, 2.54851511272e-06, 2.84407019535e-06, 9.60754618973e-07, 1.00186878171e-06, 1.22535550418e-06, 8.46311536407e-07, 4.78807749005e-07, 5.55298470317e-07, 4.337933035e-07, 5.69451231058e-07, 5.65318657664e-07, 4.31864094708e-07, 2.70305264394e-07, 1.81652694664e-07, 9.44796880731e-08, 3.70914463588e-08, 5.6939719606e-09]
    },
    "erbbands": {
        "dmean": [0.373490214348, 1.9906835556, 3.73237681389, 7.42830944061, 6.23558330536, 4.82490205765, 4.80373573303, 5.41534948349, 5.22307109833, 5.61109828949, 9.32928180695, 11.8726587296, 12.9271364212, 20.1488723755, 15.8154067993, 19.5418376923, 19.3005275726, 23.2415542603, 23.4334716797, 23.251127243, 25.708158493, 21.7778949738, 21.6792106628, 17.9633045197, 17.3839855194, 17.372587204, 17.7820205688, 12.8862686157, 12.1526889801, 9.02346324921, 6.55426025391, 4.60392713547, 3.20684599876, 1.89089679718, 0.961513876915, 0.410890251398, 0.145968735218, 0.0453133247793, 0.00437180837616, 7.18498704373e-05],
        "dmean2": [0.489887237549, 3.1817779541, 6.49706029892, 13.4865131378, 11.4080982208, 8.26040744781, 7.68790102005, 8.95013999939, 8.2936964035, 9.18901824951, 13.7143278122, 18.1104621887, 20.5145759583, 32.2381134033, 25.6957893372, 32.1737442017, 32.8945083618, 40.6804466248, 40.2698287964, 39.5285606384, 43.9788627625, 37.1415214539, 36.5946235657, 30.5701560974, 29.3442630768, 29.1693267822, 29.9381828308, 20.7345352173, 19.3610935211, 13.9436254501, 10.2592573166, 7.02662706375, 4.94117832184, 2.88565826416, 1.44415569305, 0.603451550007, 0.210644289851, 0.0696564391255, 0.0069981450215, 0.000112400870421],
        "dvar": [0.258131802082, 7.33369493484, 106.812950134, 457.90826416, 335.641693115, 87.9027862549, 58.3534851074, 84.0727844238, 74.5633850098, 90.5283050537, 394.957977295, 648.39074707, 635.672485352, 2000.81591797, 819.242858887, 1577.47387695, 1145.20129395, 1743.39111328, 1560.95532227, 1565.22180176, 1873.00732422, 1158.81213379, 1062.66821289, 591.363952637, 557.151611328, 518.705993652, 611.801452637, 271.116455078, 252.60446167, 127.47190094, 70.5687255859, 32.568901062, 16.7171840668, 6.09730529785, 1.56973350048, 0.338843554258, 0.0450177937746, 0.0111814821139, 0.000100098382973, 1.90672810874e-08],
        "dvar2": [0.59291768074, 18.2349586487, 296.249511719, 1305.36779785, 961.970031738, 247.41015625, 144.910888672, 226.050491333, 162.21194458, 238.004379272, 861.627624512, 1362.03015137, 1417.86218262, 4526.60302734, 1991.54882812, 3851.30126953, 2934.52490234, 4885.41015625, 4387.44628906, 4219.77832031, 5030.69140625, 3230.88598633, 2907.31445312, 1633.734375, 1528.59118652, 1433.80957031, 1608.44189453, 696.728027344, 629.35357666, 298.929382324, 177.751953125, 75.5939559937, 38.9619102478, 14.0184850693, 3.5789744854, 0.789014041424, 0.101630955935, 0.0290128104389, 0.000255847437074, 4.84918381005e-08],
        "max": [4.61148452759, 18.7468910217, 74.2965087891, 187.734680176, 196.508148193, 112.338996887, 179.174499512, 248.213302612, 245.008514404, 185.999420166, 383.908996582, 630.596313477, 464.257324219, 830.506225586, 457.152160645, 971.354309082, 645.380615234, 619.163208008, 591.053955078, 960.040771484, 741.862731934, 700.575378418, 551.430541992, 356.040435791, 321.414733887, 293.187072754, 791.060424805, 233.030517578, 260.983551025, 143.662277222, 152.895324707, 71.8215560913, 53.6921348572, 35.0748786926, 14.3373146057, 9.36384010315, 3.42745709419, 2.4706568718, 0.232580855489, 0.00325311324559],
        "mean": [0.883982121944, 4.07982110977, 3.9964492321, 6.7913184166, 5.87486314774, 7.1692070961, 8.05216884613, 9.15500068665, 9.48282814026, 10.0374917984, 19.2740192413, 21.7298107147, 21.5243778229, 32.2091064453, 26.5942821503, 31.4848232269, 30.0874671936, 33.7908973694, 36.7870521545, 36.9475669861, 40.4149475098, 36.1133041382, 38.0112304688, 33.0718765259, 33.7502861023, 32.7078971863, 32.7400474548, 26.1627540588, 25.0246067047, 19.6123409271, 14.0967121124, 9.90440368652, 6.80964136124, 3.9075152874, 2.04843139648, 0.897169649601, 0.322006821632, 0.0860172659159, 0.00640649581328, 0.000161157542607],
        "median": [0.332339584827, 3.21527051926, 1.73031187057, 1.62605500221, 1.68074178696, 2.71235656738, 3.80535030365, 4.88502883911, 5.18146848679, 5.59202957153, 7.35397148132, 9.05067253113, 10.3907337189, 13.0850925446, 14.8676490784, 16.7546844482, 18.2984542847, 21.4296531677, 24.6209335327, 24.4363861084, 26.311788559, 25.9011535645, 26.3310260773, 24.5113487244, 24.0346546173, 25.1576652527, 24.5978050232, 19.1049938202, 19.137928009, 14.695725441, 10.9610013962, 7.34185600281, 4.93204069138, 2.74291419983, 1.48098611832, 0.639003574848, 0.225802153349, 0.0485204830766, 0.00186639663298, 0.00011538684339],
        "min": [9.76548648166e-23, 1.56447803491e-21, 3.57033407091e-21, 1.48150535712e-20, 2.75586465558e-20, 4.76297543733e-20, 6.31020287906e-20, 2.03545225135e-19, 3.86464856792e-19, 4.00787385701e-19, 4.89182258253e-19, 6.23905268018e-19, 9.97202210789e-19, 9.78639760856e-19, 1.34211357196e-18, 2.13503091598e-18, 2.6306057811e-18, 2.48782365403e-18, 4.82474433531e-18, 5.3964278818e-18, 2.85834080465e-18, 7.13442120274e-18, 7.85214348638e-18, 7.29147467692e-18, 1.13442220999e-17, 1.04414975635e-17, 1.27782149652e-17, 1.20186935908e-17, 1.47672766272e-17, 1.42779943318e-17, 1.34654531617e-17, 1.13248528387e-17, 9.620664735e-18, 9.47458546601e-18, 7.47754812854e-18, 5.30420303377e-18, 2.55928461433e-18, 1.1571090445e-18, 2.87090893518e-19, 3.37114065913e-20],
        "var": [1.31210839748, 17.4000720978, 74.2004623413, 301.15625, 217.40977478, 121.264640808, 123.515136719, 169.913314819, 195.433380127, 196.343276978, 1240.31176758, 1577.36218262, 1232.42541504, 4224.57470703, 1559.2479248, 2846.94213867, 1815.54284668, 2135.10107422, 2160.22387695, 2319.45776367, 2907.93969727, 1721.00061035, 1806.44824219, 1155.36853027, 1209.34643555, 1032.08361816, 1289.55090332, 682.559265137, 630.304626465, 366.299102783, 192.917022705, 92.1555786133, 46.831237793, 15.3220233917, 4.01222896576, 0.803294599056, 0.107302933931, 0.0143165551126, 0.000125115446281, 2.84891452651e-08]
    },
    "gfcc": {
        "mean": [37.1457901001, 38.7523994446, -101.874343872, 40.7024650574, -49.0723152161, 25.6961040497, -27.4598865509, 14.8910226822, -21.8703918457, 9.51612281799, -17.0610771179, 7.00451850891, -11.6509313583],
        "cov": [[10003.2792969, -648.276000977, -709.708007812, 44.3793296814, -157.280715942, -97.1543197632, -442.79888916, -98.0942306519, -120.061820984, 127.220222473, -7.52481412888, 174.933654785, -52.1543502808], [-648.276000977, 1946.5291748, 325.460571289, -77.6814880371, 67.1322402954, -115.597755432, 134.663146973, -40.4169464111, 98.5947952271, -45.806427002, 104.692604065, -59.0417976379, 81.7719573975], [-709.708007812, 325.460571289, 1202.79797363, 540.259155273, 337.402252197, 255.26121521, 208.458312988, 152.62322998, 97.1573486328, 56.3514213562, 51.4164581299, 44.9956665039, 11.2974185944], [44.3793296814, -77.6814880371, 540.259155273, 682.779052734, 352.950958252, 244.113693237, 133.505340576, 121.450012207, 69.773109436, 70.1748580933, 45.7838745117, 58.5297470093, 23.6142234802], [-157.280715942, 67.1322402954, 337.402252197, 352.950958252, 457.763000488, 243.716278076, 164.19052124, 122.295372009, 87.2445373535, 78.5868835449, 75.1538162231, 61.2055854797, 37.6052513123], [-97.1543197632, -115.597755432, 255.26121521, 244.113693237, 243.716278076, 307.684448242, 172.941940308, 156.773010254, 77.410987854, 87.5140533447, 57.9583053589, 71.8414916992, 28.003950119], [-442.79888916, 134.663146973, 208.458312988, 133.505340576, 164.19052124, 172.941940308, 247.197662354, 162.537536621, 127.633399963, 71.0291366577, 72.9558944702, 47.7967605591, 42.297794342], [-98.0942306519, -40.4169464111, 152.62322998, 121.450012207, 122.295372009, 156.773010254, 162.537536621, 198.926620483, 122.165428162, 94.9744567871, 57.2831115723, 62.9900398254, 29.884103775], [-120.061820984, 98.5947952271, 97.1573486328, 69.773109436, 87.2445373535, 77.410987854, 127.633399963, 122.165428162, 154.683609009, 96.5790710449, 84.4392471313, 49.1994781494, 42.4408912659], [127.220222473, -45.806427002, 56.3514213562, 70.1748580933, 78.5868835449, 87.5140533447, 71.0291366577, 94.9744567871, 96.5790710449, 121.32535553, 83.5216674805, 65.5258789062, 28.2449150085], [-7.52481412888, 104.692604065, 51.4164581299, 45.7838745117, 75.1538162231, 57.9583053589, 72.9558944702, 57.2831115723, 84.4392471313, 83.5216674805, 116.856582642, 72.2282485962, 48.4078369141], [174.933654785, -59.0417976379, 44.9956665039, 58.5297470093, 61.2055854797, 71.8414916992, 47.7967605591, 62.9900398254, 49.1994781494, 65.5258789062, 72.2282485962, 96.6115646362, 51.4055290222], [-52.1543502808, 81.7719573975, 11.2974185944, 23.6142234802, 37.6052513123, 28.003950119, 42.297794342, 29.884103775, 42.4408912659, 28.2449150085, 48.4078369141, 51.4055290222, 70.3194732666]],
        "icov": [[0.00013545739057, -6.27151748631e-05, 0.000121555785881, -0.000117281735584, 2.00839112949e-05, -4.23579258495e-05, 0.000314101547701, 6.36560389466e-06, -6.93590991432e-05, -0.000219109162572, 0.00032881097286, -0.000694900227245, 0.000419247313403], [-6.27151748631e-05, 0.00096247025067, -0.000468669604743, 0.000391457404476, -0.000267414754489, 0.000624016276561, -0.000571885204408, 8.85196277522e-05, -9.13148978725e-05, 0.000985756982118, -0.00208694115281, 0.00247422233224, -0.00173393310979], [0.000121555785881, -0.000468669604743, 0.00170645746402, -0.00120073033031, 3.34700671374e-05, -0.000418774143327, -0.000126923245261, -3.6631947296e-05, -0.000350438145688, 0.000176880057552, 0.000905061489902, -0.00178891443647, 0.00183016702067], [-0.000117281735584, 0.000391457404476, -0.00120073033031, 0.00345374783501, -0.00170061830431, -0.000575672544073, 0.00035806291271, 3.36443772539e-05, -0.000240348774241, 9.81879420578e-05, -3.11151634378e-05, 0.000909251684789, -0.0011377199553], [2.00839112949e-05, -0.000267414754489, 3.34700671374e-05, -0.00170061830431, 0.00516034290195, -0.0027616424486, -0.000536456122063, 0.000791322439909, -0.00023544151918, -6.11274736002e-05, -0.00107524450868, 0.000405039609177, -0.00017112075875], [-4.23579258495e-05, 0.000624016276561, -0.000418774143327, -0.000575672544073, -0.0027616424486, 0.0107874916866, -0.00488094147295, -0.00327934185043, 0.00526769971475, -0.00360929057933, 0.00056565750856, -0.00128798012156, -0.000163434859132], [0.000314101547701, -0.000571885204408, -0.000126923245261, 0.00035806291271, -0.000536456122063, -0.00488094147295, 0.015862904489, -0.00777270598337, -0.00586043531075, 0.00659875851125, -0.00448871497065, 0.00256921374239, -0.00111127085984], [6.36560389466e-06, 8.85196277522e-05, -3.6631947296e-05, 3.36443772539e-05, 0.000791322439909, -0.00327934185043, -0.00777270598337, 0.0216808523983, -0.00982465036213, -0.00600073579699, 0.0108528798446, -0.00951912254095, 0.00406819488853], [-6.93590991432e-05, -9.13148978725e-05, -0.000350438145688, -0.000240348774241, -0.00023544151918, 0.00526769971475, -0.00586043531075, -0.00982465036213, 0.0282296072692, -0.0130687393248, -0.0079265749082, 0.0107170818374, -0.00824618060142], [-0.000219109162572, 0.000985756982118, 0.000176880057552, 9.81879420578e-05, -6.11274736002e-05, -0.00360929057933, 0.00659875851125, -0.00600073579699, -0.0130687393248, 0.0337426401675, -0.0151854874566, -0.00408390909433, 0.00645423168316], [0.00032881097286, -0.00208694115281, 0.000905061489902, -3.11151634378e-05, -0.00107524450868, 0.00056565750856, -0.00448871497065, 0.0108528798446, -0.0079265749082, -0.0151854874566, 0.0367262102664, -0.0210230052471, 0.00194293970708], [-0.000694900227245, 0.00247422233224, -0.00178891443647, 0.000909251684789, 0.000405039609177, -0.00128798012156, 0.00256921374239, -0.00951912254095, 0.0107170818374, -0.00408390909433, -0.0210230052471, 0.0446202233434, -0.0235884990543], [0.000419247313403, -0.00173393310979, 0.00183016702067, -0.0011377199553, -0.00017112075875, -0.000163434859132, -0.00111127085984, 0.00406819488853, -0.00824618060142, 0.00645423168316, 0.00194293970708, -0.0235884990543, 0.0340230986476]]
    },
    "melbands": {
        "dmean": [0.0029607960023, 0.00195589475334, 0.00122438452672, 0.000389521708712, 0.000167728692759, 0.00011715151777, 8.11159261502e-05, 6.31308430457e-05, 8.22106230771e-05, 8.09877456049e-05, 6.66859777994e-05, 8.07344113127e-05, 5.57725543331e-05, 6.3942905399e-05, 5.03807423229e-05, 5.10550817125e-05, 4.40293551947e-05, 3.91720641346e-05, 4.78129768453e-05, 2.75470192719e-05, 3.14614735544e-05, 2.49461972999e-05, 2.04241550819e-05, 1.8399403416e-05, 1.55481593538e-05, 1.3383055375e-05, 1.540168887e-05, 1.19317410281e-05, 1.3207880329e-05, 8.34743241285e-06, 7.91676939116e-06, 7.70492897573e-06, 6.32265391687e-06, 5.17251874044e-06, 4.13407906308e-06, 3.43453052665e-06, 2.99028124573e-06, 2.42898636316e-06, 2.13491102841e-06, 1.52889117544e-06],
        "dmean2": [0.0042351577431, 0.00318030547351, 0.00222372915596, 0.000696014845744, 0.000270113436272, 0.000192616556888, 0.000129724372528, 0.000100928868051, 0.000121240380395, 0.000124433223391, 0.000105583720142, 0.000128914572997, 8.98379294085e-05, 0.000102655270894, 8.47562841955e-05, 8.77517377376e-05, 7.72191633587e-05, 6.7661589128e-05, 8.14508457552e-05, 4.72151696158e-05, 5.40739310964e-05, 4.28773018939e-05, 3.4879300074e-05, 3.1028950616e-05, 2.66344050033e-05, 2.25871608563e-05, 2.63235178863e-05, 2.01145958272e-05, 2.26333795581e-05, 1.36725375341e-05, 1.28942128867e-05, 1.25638134705e-05, 1.00154984466e-05, 8.10756682768e-06, 6.58402132103e-06, 5.47709805687e-06, 4.62386651634e-06, 3.82362941309e-06, 3.30473244503e-06, 2.38902089222e-06],
        "dvar": [1.43477573147e-05, 1.43550087159e-05, 1.26162776724e-05, 9.14417455533e-07, 6.92644235301e-08, 3.62968108902e-08, 1.64102971212e-08, 1.32583641843e-08, 3.16863300043e-08, 3.14966612791e-08, 1.72266947374e-08, 3.03276905811e-08, 1.11404814263e-08, 2.1925041338e-08, 1.06483808437e-08, 8.88690898648e-09, 6.89547041688e-09, 4.86578022318e-09, 7.81224240853e-09, 2.34232300222e-09, 2.83537815449e-09, 1.66697822213e-09, 8.85910067527e-10, 8.12092004754e-10, 4.5517981051e-10, 3.13501696825e-10, 5.17743903306e-10, 2.40088893211e-10, 3.71783548392e-10, 1.25098320591e-10, 1.06245102993e-10, 1.10064457548e-10, 6.38689032217e-11, 4.26396036535e-11, 2.99925084768e-11, 1.87513789218e-11, 1.53217872417e-11, 9.32369199208e-12, 8.70047263402e-12, 3.79921571633e-12],
        "dvar2": [3.5986839066e-05, 3.78910808649e-05, 3.5683522583e-05, 2.66608640231e-06, 1.7666886265e-07, 9.76591962853e-08, 3.72626658418e-08, 3.27553273394e-08, 6.97081290468e-08, 6.60801120489e-08, 3.7928931107e-08, 6.87555470336e-08, 2.61171511085e-08, 4.90987410728e-08, 2.73787499339e-08, 2.27491394611e-08, 1.93384206426e-08, 1.33722242168e-08, 2.06227177557e-08, 6.42043307408e-09, 7.5466788374e-09, 4.66412908295e-09, 2.4332664772e-09, 2.22104179493e-09, 1.26358357111e-09, 8.71090866106e-10, 1.43507794537e-09, 6.65506927344e-10, 1.004944572e-09, 3.24715948574e-10, 2.80223844129e-10, 2.8061303281e-10, 1.52316603774e-10, 1.05202409284e-10, 7.75071673509e-11, 4.80128783953e-11, 3.52728610209e-11, 2.24804532628e-11, 2.03035817326e-11, 9.02190995522e-12],
        "max": [0.0328319966793, 0.0305377263576, 0.0300342813134, 0.0113196810707, 0.00488197198138, 0.00482100062072, 0.00317127886228, 0.00296347145922, 0.00345942284912, 0.00436628889292, 0.00229812832549, 0.00329831452109, 0.00272008311003, 0.00331296841614, 0.00265972572379, 0.00206565205008, 0.00141271250322, 0.00103532348294, 0.00160705065355, 0.00086206861306, 0.000881493091583, 0.000857381615788, 0.000427292630775, 0.000415718735894, 0.00033326461562, 0.000298138940707, 0.000370553112589, 0.00021376980294, 0.000540504930541, 0.000418725277996, 0.000114157955977, 0.000183815951459, 0.00010404708155, 8.11934514786e-05, 0.000111596447823, 5.52683522983e-05, 5.01761387568e-05, 4.49332765129e-05, 3.52786810254e-05, 2.73649511655e-05],
        "mean": [0.00698177190498, 0.00325941387564, 0.00112772942521, 0.000458914262708, 0.000289517920464, 0.000204849304282, 0.000146641861647, 0.000115199531137, 0.00016971322475, 0.000143354016473, 0.000106219675217, 0.000127520979731, 9.1955793323e-05, 9.65267463471e-05, 7.37435766496e-05, 7.15410278644e-05, 6.04097622272e-05, 5.592551679e-05, 6.68881475576e-05, 4.07057668781e-05, 4.67566605948e-05, 3.74891678803e-05, 3.37448400387e-05, 3.13147938868e-05, 2.62793309957e-05, 2.41485704464e-05, 2.57515457633e-05, 2.06573713513e-05, 2.20687124965e-05, 1.58786624525e-05, 1.47258297147e-05, 1.45981948663e-05, 1.23428117149e-05, 1.04590571937e-05, 8.30633507576e-06, 6.894989383e-06, 5.80140022066e-06, 4.91787432111e-06, 4.05719219998e-06, 3.03525234813e-06],
        "median": [0.00443418463692, 0.00254474557005, 0.000287750764983, 0.000162616663147, 0.000140669348184, 0.000119059419376, 8.04922019597e-05, 5.89978299104e-05, 5.92836440774e-05, 5.61814522371e-05, 4.71011153422e-05, 5.01389658893e-05, 4.73404579679e-05, 4.06099825341e-05, 3.51253329427e-05, 3.64641273336e-05, 3.54775474989e-05, 3.30128823407e-05, 3.30141228915e-05, 2.57322535617e-05, 2.78722127405e-05, 2.39445835177e-05, 2.34360377362e-05, 2.06437434827e-05, 1.84049895324e-05, 1.74879169208e-05, 1.64603497979e-05, 1.55227917276e-05, 1.57533213496e-05, 1.16618575703e-05, 1.06331217467e-05, 1.0477457181e-05, 9.22020808503e-06, 7.42895190342e-06, 6.37442462903e-06, 4.93496690979e-06, 4.11483324569e-06, 3.56032796844e-06, 2.76362879958e-06, 2.13427392737e-06],
        "min": [1.26421349835e-24, 3.25793617678e-24, 5.31883430559e-24, 2.38042880227e-24, 2.04157261436e-24, 5.01503923783e-24, 5.27645866992e-24, 4.46033433738e-24, 4.30831176904e-24, 3.68407706284e-24, 4.60891510559e-24, 3.41125267422e-24, 4.31197563352e-24, 4.37539886701e-24, 4.27718252886e-24, 5.98975458903e-24, 4.01444688235e-24, 5.97008946995e-24, 7.07545123111e-24, 5.11836542248e-24, 2.42541122881e-24, 4.36084517217e-24, 7.77110743152e-24, 4.0543068406e-24, 5.17337072125e-24, 6.70401134072e-24, 6.41938638181e-24, 6.73828261389e-24, 7.57724880836e-24, 7.27993738838e-24, 6.57513237362e-24, 6.1051732225e-24, 7.31340402342e-24, 6.2992811257e-24, 6.96424866474e-24, 6.8908151808e-24, 6.09046727751e-24, 5.99692967339e-24, 8.38146173566e-24, 7.16130217456e-24],
        "var": [6.34276439087e-05, 1.6593185137e-05, 8.42682493385e-06, 6.74867578709e-07, 1.45679763364e-07, 7.47053832129e-08, 4.33061373428e-08, 3.12245198586e-08, 1.09458966335e-07, 7.2853950428e-08, 3.29399121313e-08, 6.39951736048e-08, 2.20036415755e-08, 4.42035457127e-08, 1.94701357259e-08, 1.29677628635e-08, 7.75324249247e-09, 6.39321617868e-09, 1.10586695357e-08, 2.98327407222e-09, 4.29654756218e-09, 2.23729657023e-09, 1.40071387822e-09, 1.30632704654e-09, 7.99802613027e-10, 6.35231423018e-10, 8.79977202217e-10, 4.44187908677e-10, 6.3996707933e-10, 3.09495123973e-10, 2.25268692589e-10, 2.41456743488e-10, 1.53172516337e-10, 1.13611391128e-10, 7.10968020567e-11, 4.88914984886e-11, 3.49422643597e-11, 2.52582919857e-11, 1.86112653067e-11, 9.34419642357e-12]
    },
    "mfcc": {
        "mean": [-609.42779541, 75.1646347046, 6.87867450714, 23.6395759583, 6.32574558258, 14.9601593018, 8.02715301514, 9.63115119934, 5.56035804749, 5.62423372269, 2.39799284935, 2.53618526459, 1.59474253654],
        "cov": [[8996.08398438, -711.141479492, -695.010559082, -154.385604858, -6.44970417023, -154.89175415, -301.030700684, -296.4140625, -256.947174072, -171.502258301, -120.346954346, -46.2098007202, -9.48126029968], [-711.141479492, 1748.18347168, 206.11164856, 27.9223651886, -76.8025131226, -61.208896637, -5.96635913849, -8.36124134064, -8.90367412567, 17.1924171448, 10.6155881882, 6.44128894806, 8.20526027679], [-695.010559082, 206.11164856, 851.465209961, 356.393890381, 219.977828979, 170.535903931, 150.847198486, 146.114883423, 104.184494019, 77.780166626, 71.0696640015, 55.3397827148, 43.714263916], [-154.385604858, 27.9223651886, 356.393890381, 459.234008789, 279.211364746, 184.253417969, 132.135055542, 109.653572083, 84.4772720337, 67.9808197021, 50.3847389221, 49.8728218079, 47.9814758301], [-6.44970417023, -76.8025131226, 219.977828979, 279.211364746, 362.783203125, 218.834976196, 163.471588135, 108.781997681, 79.4882049561, 62.0832366943, 55.2664375305, 52.2079849243, 59.5446128845], [-154.89175415, -61.208896637, 170.535903931, 184.253417969, 218.834976196, 221.000427246, 161.850585938, 114.444969177, 79.851020813, 64.7228469849, 56.3883056641, 53.8841133118, 55.5856513977], [-301.030700684, -5.96635913849, 150.847198486, 132.135055542, 163.471588135, 161.850585938, 192.333312988, 143.814620972, 99.7956848145, 75.0460968018, 66.3148803711, 58.1500740051, 56.7390899658], [-296.4140625, -8.36124134064, 146.114883423, 109.653572083, 108.781997681, 114.444969177, 143.814620972, 169.494384766, 119.720108032, 87.9509124756, 72.0100097656, 59.4804534912, 57.9405860901], [-256.947174072, -8.90367412567, 104.184494019, 84.4772720337, 79.4882049561, 79.851020813, 99.7956848145, 119.720108032, 128.824279785, 93.4301757812, 69.2777023315, 52.429599762, 48.3955383301], [-171.502258301, 17.1924171448, 77.780166626, 67.9808197021, 62.0832366943, 64.7228469849, 75.0460968018, 87.9509124756, 93.4301757812, 111.718154907, 85.5229797363, 58.9291801453, 48.2071914673], [-120.346954346, 10.6155881882, 71.0696640015, 50.3847389221, 55.2664375305, 56.3883056641, 66.3148803711, 72.0100097656, 69.2777023315, 85.5229797363, 106.279983521, 77.3183441162, 56.1414031982], [-46.2098007202, 6.44128894806, 55.3397827148, 49.8728218079, 52.2079849243, 53.8841133118, 58.1500740051, 59.4804534912, 52.429599762, 58.9291801453, 77.3183441162, 96.9831085205, 74.4778900146], [-9.48126029968, 8.20526027679, 43.714263916, 47.9814758301, 59.5446128845, 55.5856513977, 56.7390899658, 57.9405860901, 48.3955383301, 48.2071914673, 56.1414031982, 74.4778900146, 98.1888122559]],
