{
"lowlevel": {
    "average_loudness": 0.835636019707,
    "barkbands_crest": {
        "dmean": 2.54073357582,
        "dmean2": 3.96161270142,
        "dvar": 8.83864688873,
        "dvar2": 21.1590251923,
        "max": 26.792049408,
        "mean": 12.9158582687,
        "median": 11.0302505493,
        "min": 2.1134519577,
        "var": 47.140411377
    },
    "barkbands_flatness_db": {
        "dmean": 0.0295511670411,
        "dmean2": 0.0435319244862,
        "dvar": 0.001343898708,
        "dvar2": 0.00305273896083,
        "max": 0.546348452568,
        "mean": 0.159054875374,
        "median": 0.129748672247,
        "min": 0.0144202923402,
        "var": 0.00767928455025
    },
    "barkbands_kurtosis": {
        "dmean": 11.7698564529,
        "dmean2": 16.6164398193,
        "dvar": 2016.35070801,
        "dvar2": 3939.15869141,
        "max": 2509.20043945,
        "mean": 23.5714874268,
        "median": 3.94053125381,
        "min": -1.92658555508,
        "var": 4638.93457031
    },
    "barkbands_skewness": {
        "dmean": 0.906574547291,
        "dmean2": 1.29963767529,
        "dvar": 2.0965116024,
        "dvar2": 4.12312173843,
        "max": 46.798160553,
        "mean": 2.98143076897,
        "median": 2.02925109863,
        "min": -4.01114034653,
        "var": 11.8118972778
    },
    "barkbands_spread": {
        "dmean": 5.93003940582,
        "dmean2": 9.12855911255,
        "dvar": 52.8220787048,
        "dvar2": 120.044960022,
        "max": 99.1118087769,
        "mean": 22.4866123199,
        "median": 20.7029685974,
        "min": 0.101439073682,
        "var": 296.087158203
    },
    "dissonance": {
        "dmean": 0.0128693245351,
        "dmean2": 0.0213038753718,
        "dvar": 0.000215866137296,
        "dvar2": 0.000529382785317,
        "max": 0.500000119209,
        "mean": 0.474962383509,
        "median": 0.481871604919,
        "min": 0.197637796402,
        "var": 0.000566265138332
    },
    "dynamic_complexity": 2.45570874214,
    "erbbands_crest": {
        "dmean": 2.3520720005,
        "dmean2": 3.79756808281,
        "dvar": 7.65410709381,
        "dvar2": 18.2823619843,
        "max": 30.8182163239,
        "mean": 7.48645448685,
        "median": 6.27923583984,
        "min": 2.35375475883,
        "var": 16.2477607727
    },
    "erbbands_flatness_db": {
        "dmean": 0.0151240127161,
        "dmean2": 0.021177187562,
        "dvar": 0.000320837949403,
        "dvar2": 0.00058759492822,
        "max": 0.405332148075,
        "mean": 0.131311878562,
        "median": 0.11626175046,
        "min": 0.049465034157,
        "var": 0.00228191330098
    },
    "erbbands_kurtosis": {
        "dmean": 0.907855093479,
        "dmean2": 1.42268395424,
        "dvar": 4.84281158447,
        "dvar2": 11.4911422729,
        "max": 58.6637420654,
        "mean": 0.212789237499,
        "median": -0.650520205498,
        "min": -1.92031025887,
        "var": 9.45875930786
    },
    "erbbands_skewness": {
        "dmean": 0.349029362202,
        "dmean2": 0.530683636665,
        "dvar": 0.18781915307,
        "dvar2": 0.436291158199,
        "max": 6.63866090775,
        "mean": 0.216128513217,
        "median": 0.0773039311171,
        "min": -4.73738002777,
        "var": 0.763673841953
    },
    "erbbands_spread": {
        "dmean": 10.4315986633,
        "dmean2": 15.0796785355,
        "dvar": 128.405380249,
        "dvar2": 245.404296875,
        "max": 196.353500366,
        "mean": 55.2791595459,
        "median": 51.9744415283,
        "min": 3.87191343307,
        "var": 696.604553223
    },
    "hfc": {
        "dmean": 9.11739349365,
        "dmean2": 14.408205986,
        "dvar": 170.741729736,
        "dvar2": 443.931518555,
        "max": 142.110656738,
        "mean": 30.9518375397,
        "median": 26.198759079,
        "min": 1.1562960583e-16,
        "var": 591.266845703
    },
    "melbands_crest": {
        "dmean": 3.16965961456,
        "dmean2": 5.04920530319,
        "dvar": 12.6538419724,
        "dvar2": 30.8581295013,
        "max": 35.1763954163,
        "mean": 16.7389163971,
        "median": 15.3491725922,
        "min": 1.87021064758,
        "var": 64.6201858521
    },
    "melbands_flatness_db": {
        "dmean": 0.0342760495842,
        "dmean2": 0.0508803129196,
        "dvar": 0.00184114964213,
        "dvar2": 0.00433748727664,
        "max": 0.654225945473,
        "mean": 0.219346165657,
        "median": 0.200535640121,
        "min": 0.00452633434907,
        "var": 0.0126801235601
    },
    "melbands_kurtosis": {
        "dmean": 29.9106769562,
        "dmean2": 42.348690033,
        "dvar": 7653.33691406,
        "dvar2": 12573.0703125,
        "max": 2555.22631836,
        "mean": 73.1258239746,
        "median": 16.320892334,
        "min": -1.91350269318,
        "var": 39107.4101562
    },
    "melbands_skewness": {
        "dmean": 1.2685366869,
        "dmean2": 1.86377024651,
        "dvar": 3.85255336761,
        "dvar2": 7.41254901886,
        "max": 38.7133026123,
        "mean": 5.02871656418,
        "median": 3.50466823578,
        "min": -1.88846313953,
        "var": 25.129901886
    },
    "melbands_spread": {
        "dmean": 7.74174451828,
        "dmean2": 12.3362092972,
        "dvar": 144.040374756,
        "dvar2": 323.757598877,
        "max": 210.58895874,
        "mean": 23.7343006134,
        "median": 14.7648963928,
        "min": 0.246469467878,
        "var": 683.787353516
    },
    "pitch_salience": {
        "dmean": 0.0865011066198,
        "dmean2": 0.138566106558,
        "dvar": 0.0119074694812,
        "dvar2": 0.0294998157769,
        "max": 0.961647808552,
        "mean": 0.467125386,
        "median": 0.511245787144,
        "min": 0.010429549031,
        "var": 0.0411648228765
    },
    "silence_rate_20dB": {
        "dmean": 0,
        "dmean2": 0,
        "dvar": 0,
        "dvar2": 0,
        "max": 1,
        "mean": 1,
        "median": 1,
        "min": 1,
        "var": 0
    },
    "silence_rate_30dB": {
        "dmean": 0.064916305244,
        "dmean2": 0.129843637347,
        "dvar": 0.0607007741928,
        "dvar2": 0.12504594028,
        "max": 1,
        "mean": 0.800509750843,
        "median": 1,
        "min": 0,
        "var": 0.159697502851
    },
    "silence_rate_60dB": {
        "dmean": 0.0261704474688,
        "dmean2": 0.0523453429341,
        "dvar": 0.0254823826253,
        "dvar2": 0.0535199269652,
        "max": 1,
        "mean": 0.0508920997381,
        "median": 0,
        "min": 0,
        "var": 0.0483050122857
    },
    "spectral_centroid": {
        "dmean": 293.294067383,
        "dmean2": 445.820281982,
        "dvar": 114493.742188,
        "dvar2": 256664.34375,
        "max": 11049.0224609,
        "mean": 1528.93457031,
        "median": 1437.26171875,
        "min": 106.507606506,
        "var": 756846.3125
    },
    "spectral_complexity": {
        "dmean": 5.32976484299,
        "dmean2": 8.40057754517,
        "dvar": 37.5273246765,
        "dvar2": 88.6223754883,
        "max": 59,
        "mean": 21.958114624,
        "median": 22,
        "min": 0,
        "var": 158.642379761
    },
    "spectral_decrease": {
        "dmean": 3.56357654496e-09,
        "dmean2": 5.42644107426e-09,
        "dvar": 3.40911140546e-17,
        "dvar2": 7.131221999e-17,
        "max": 7.63369537218e-29,
        "mean": -1.59185642445e-08,
        "median": -9.67014379682e-09,
        "min": -6.59327881181e-08,
        "var": 2.12965166119e-16
    },
    "spectral_energy": {
        "dmean": 0.0138667747378,
        "dmean2": 0.0212272088975,
        "dvar": 0.000494720821735,
        "dvar2": 0.00103757437319,
        "max": 0.25166067481,
        "mean": 0.0628877133131,
        "median": 0.0399807430804,
        "min": 1.06317984574e-20,
        "var": 0.00302526634187
    },
    "spectral_energyband_high": {
        "dmean": 0.000679130665958,
        "dmean2": 0.00105454947334,
        "dvar": 1.24988514472e-06,
        "dvar2": 3.01681302517e-06,
        "max": 0.0179965943098,
        "mean": 0.00206002313644,
        "median": 0.00133212073706,
        "min": 7.56717506723e-21,
        "var": 6.30195063422e-06
    },
    "spectral_energyband_low": {
        "dmean": 0.0118141788989,
        "dmean2": 0.0175176691264,
        "dvar": 0.000588920724113,
        "dvar2": 0.00122551911045,
        "max": 0.247564315796,
        "mean": 0.0440008305013,
        "median": 0.0123631805182,
        "min": 3.22529820067e-23,
        "var": 0.00329911289737
    },
    "spectral_energyband_middle_high": {
        "dmean": 0.00235355063342,
        "dmean2": 0.00398365641013,
        "dvar": 1.62296346389e-05,
        "dvar2": 4.51187697763e-05,
        "max": 0.0501962676644,
        "mean": 0.00486632576212,
        "median": 0.00320920906961,
        "min": 1.35972185371e-21,
        "var": 2.65646667685e-05
    },
    "spectral_energyband_middle_low": {
        "dmean": 0.00712369708344,
        "dmean2": 0.0123705109581,
        "dvar": 0.000232085571042,
        "dvar2": 0.000669387751259,
        "max": 0.134071111679,
        "mean": 0.0140940155834,
        "median": 0.0117807090282,
        "min": 2.57240472999e-22,
        "var": 0.00020239589503
    },
    "spectral_entropy": {
        "dmean": 0.173163354397,
        "dmean2": 0.26245445013,
        "dvar": 0.0538286454976,
        "dvar2": 0.125575169921,
        "max": 9.8012342453,
        "mean": 7.7578663826,
        "median": 7.88333320618,
        "min": 4.94137048721,
        "var": 0.263753861189
    },
    "spectral_flux": {
        "dmean": 0.0380473099649,
        "dmean2": 0.0499514937401,
        "dvar": 0.00211791391484,
        "dvar2": 0.0028292464558,
        "max": 0.48724642396,
        "mean": 0.101872801781,
        "median": 0.0793909281492,
        "min": 6.55830598162e-11,
        "var": 0.00657658278942
    },
    "spectral_kurtosis": {
        "dmean": 1.22420108318,
        "dmean2": 2.0107357502,
        "dvar": 12.5486211777,
        "dvar2": 32.2866325378,
        "max": 155.441482544,
        "mean": 3.32138204575,
        "median": 2.48443293571,
        "min": -1.23802089691,
        "var": 28.0099029541
    },
    "spectral_rms": {
        "dmean": 0.000933611474466,
        "dmean2": 0.00144229398575,
        "dvar": 1.71450619746e-06,
        "dvar2": 3.57287512998e-06,
        "max": 0.0156691614538,
        "mean": 0.00700736604631,
        "median": 0.0062454463914,
        "min": 3.22063447959e-12,
        "var": 1.22503488456e-05
    },
    "spectral_rolloff": {
        "dmean": 553.28338623,
        "dmean2": 912.729614258,
        "dvar": 913924.625,
        "dvar2": 2066743.5,
        "max": 19099.9511719,
        "mean": 1817.1817627,
        "median": 667.529296875,
        "min": 64.599609375,
        "var": 5708960.5
    },
    "spectral_skewness": {
        "dmean": 0.174222290516,
        "dmean2": 0.271023243666,
        "dvar": 0.0711810216308,
        "dvar2": 0.169441387057,
        "max": 9.43182563782,
        "mean": 1.34613752365,
        "median": 1.27152013779,
        "min": -0.0239941012114,
        "var": 0.296553581953
    },
    "spectral_spread": {
        "dmean": 520553.4375,
        "dmean2": 746428.1875,
        "dvar": 429332594688,
        "dvar2": 769450508288,
        "max": 42026740,
        "mean": 5606742.5,
        "median": 5471526.5,
        "min": 539328.0625,
        "var": 3.21898571366e+12
    },
    "spectral_strongpeak": {
        "dmean": 0.447364747524,
        "dmean2": 0.726707577705,
        "dvar": 1.10083508492,
        "dvar2": 2.74879837036,
        "max": 18.1085834503,
        "mean": 1.02678716183,
        "median": 0.761891126633,
        "min": 2.72433048343e-10,
        "var": 2.00603795052
    },
    "zerocrossingrate": {
        "dmean": 0.0109904147685,
        "dmean2": 0.0125784706324,
        "dvar": 0.000182654883247,
        "dvar2": 0.000200350361411,
        "max": 0.587890625,
        "mean": 0.0700765699148,
        "median": 0.04736328125,
        "min": 0.00244140625,
        "var": 0.00414115935564
    },
    "barkbands": {
        "dmean": [0.000433878216427, 0.0106591209769, 0.00577952852473, 0.00289370096289, 0.00283203367144, 0.00117970979773, 0.000563284498639, 0.000755640969146, 0.0008761138306, 0.000308094953652, 0.000351977738319, 0.000632853072602, 0.00040597905172, 0.000294521916658, 0.000255503488006, 0.000264187576249, 0.000257203093497, 0.00025917799212, 0.000226866963203, 0.000224003990297, 0.00022834475385, 0.000194105945411, 0.000157310423674, 0.000120951379358, 7.79119145591e-05, 3.55379015673e-05, 9.12829545996e-06],
        "dmean2": [0.000405466504162, 0.0141076892614, 0.010042084381, 0.00530580570921, 0.00480685615912, 0.00195870338939, 0.000950654677581, 0.00125931075308, 0.00136489921715, 0.000536046922207, 0.000590924348217, 0.0010898130713, 0.0007188442396, 0.000500174297486, 0.000418167473981, 0.000433148612501, 0.00040925751091, 0.000432180910138, 0.000366493331967, 0.000359866477083, 0.000367786589777, 0.000312210206175, 0.000256585306488, 0.000192336941836, 0.000119256139442, 5.27689153387e-05, 1.44580426422e-05],
        "dvar": [8.88158012913e-07, 0.000431682623457, 0.000418585259467, 9.61238401942e-05, 2.75292877632e-05, 3.0566066016e-06, 8.53598407957e-07, 1.73099749645e-06, 2.88002070192e-06, 4.88640239382e-07, 5.8018810023e-07, 3.37888354807e-06, 1.61648188168e-06, 4.63019375729e-07, 1.87843170352e-07, 2.14297159573e-07, 2.07055350643e-07, 2.38370844841e-07, 1.91005270267e-07, 1.55661624035e-07, 1.7418669529e-07, 1.15557348579e-07, 1.0298530384e-07, 4.43187566646e-08, 2.47835600931e-08, 4.86482409912e-09, 7.48129058703e-10],
        "dvar2": [9.16559656616e-07, 0.000675820338074, 0.00111085700337, 0.000281512038782, 7.67895253375e-05, 8.28944303066e-06, 2.20350489144e-06, 4.20929472966e-06, 5.71026930629e-06, 1.18953050787e-06, 1.27446003262e-06, 9.47012904362e-06, 4.59833199784e-06, 1.26638713027e-06, 4.42004363777e-07, 5.33214461029e-07, 4.8310710099e-07, 6.14071609562e-07, 4.82220798403e-07, 3.68671351225e-07, 4.4004266897e-07, 2.98580317803e-07, 2.80010652887e-07, 1.11944345349e-07, 5.58797736971e-08, 1.01768575789e-08, 1.70465164206e-09],
        "max": [0.0127168167382, 0.215796336532, 0.179532289505, 0.0815285593271, 0.0485977716744, 0.0245564319193, 0.0121690751985, 0.0171452518553, 0.0311994105577, 0.0234913937747, 0.0175027363002, 0.0385779365897, 0.0313623175025, 0.0133064575493, 0.0103591894731, 0.00810568034649, 0.0115134725347, 0.012631743215, 0.0111324619502, 0.00918882247061, 0.0107014374807, 0.00725006312132, 0.0057435487397, 0.00524548860267, 0.00375697971322, 0.00229679280892, 0.00069337541936],
        "mean": [0.000975501199719, 0.0352390371263, 0.00571421440691, 0.00327681913041, 0.00498941540718, 0.00209514191374, 0.000919072306715, 0.00114818266593, 0.00153733871412, 0.000414913462009, 0.000498554552905, 0.000809570075944, 0.000457899062894, 0.000414115900639, 0.000410397013184, 0.000423892022809, 0.000435723166447, 0.00043735280633, 0.00041302916361, 0.000430982734542, 0.000450138031738, 0.000424692523666, 0.000366773427231, 0.000309966126224, 0.000189316167962, 9.07419525902e-05, 1.48994367919e-05],
        "median": [1.22547899082e-05, 0.00142962124664, 0.00124544836581, 0.00108549580909, 0.00266966875643, 0.00115968880709, 0.000334611046128, 0.000369323563064, 0.000534702907316, 0.000152595312102, 0.000205855976674, 0.000304160261294, 0.000184710122994, 0.000182597475941, 0.000171325955307, 0.00019578426145, 0.000188371079275, 0.000221520618652, 0.000219328721869, 0.000232353646425, 0.000239886692725, 0.000232535312534, 0.000177819631062, 0.000148309787619, 8.47058618092e-05, 3.92139481846e-05, 1.52290442657e-06],
        "min": [1.65870055173e-24, 9.46256484069e-24, 4.91166098835e-24, 1.33919109863e-23, 1.91278527345e-23, 2.16805056496e-23, 1.21299607299e-23, 3.08461274684e-23, 1.21582303493e-23, 3.88925087016e-23, 5.80782306944e-23, 3.45987703489e-23, 7.3948401857e-23, 5.169644379e-23, 8.96083005676e-23, 9.30638079442e-23, 7.66399952657e-23, 1.06406935772e-22, 1.67663789976e-22, 1.86771881745e-22, 4.20917347338e-22, 4.0501754656e-22, 5.61558599721e-22, 7.0320929114e-22, 1.1211666809e-21, 1.51723261256e-21, 2.13305868314e-21],
        "var": [5.59426644031e-06, 0.00272477953695, 0.000297004618915, 5.60424596188e-05, 3.54486583092e-05, 6.60623663862e-06, 2.10080156648e-06, 3.24788061334e-06, 7.66731955082e-06, 8.26827601941e-07, 9.5340885764e-07, 3.03336810248e-06, 1.24287635117e-06, 5.62730406273e-07, 4.15367338746e-07, 4.15706153944e-07, 5.53133475023e-07, 5.42870111531e-07, 4.71023554383e-07, 3.96625807753e-07, 4.27172665241e-07, 3.76285896664e-07, 3.75114609596e-07, 2.21113822363e-07, 8.21195200729e-08, 2.110079933e-08, 2.05323757996e-09]
    },
    "erbbands": {
        "dmean": [0.371422678232, 2.69086384773, 6.40165710449, 8.57522678375, 8.53974533081, 11.076874733, 9.49426174164, 9.07252407074, 7.30414628983, 10.1507358551, 17.8777961731, 18.300485611, 13.2065677643, 12.960934639, 12.7998075485, 23.9281673431, 19.4178752899, 15.6728658676, 12.6287813187, 12.5245742798, 14.625328064, 14.6354188919, 14.4481859207, 11.1760597229, 12.0837888718, 9.22996234894, 9.7171163559, 8.34677410126, 7.44975662231, 5.70374822617, 4.08811330795, 3.06382989883, 1.9478366375, 1.03293764591, 0.494562238455, 0.191741213202, 0.062567256391, 0.0152417346835, 0.00143648928497, 3.33142561431e-05],
        "dmean2": [0.354162931442, 3.5375187397, 10.2125072479, 15.3072814941, 15.2468004227, 18.1668777466, 15.7068443298, 15.4104366302, 12.422164917, 17.3188018799, 28.7550888062, 29.0497131348, 22.080121994, 21.5778255463, 21.8376808167, 41.5993385315, 34.0917701721, 27.3370342255, 20.849937439, 20.7012710571, 23.856754303, 23.1477813721, 23.9756145477, 18.0566368103, 19.2819004059, 14.9187469482, 15.657957077, 13.5097732544, 11.9833211899, 9.2726020813, 6.7101316452, 5.04609537125, 3.08434057236, 1.59697711468, 0.765942692757, 0.287763834, 0.0940529108047, 0.0228045992553, 0.00227895588614, 5.09608871653e-05],
        "dvar": [0.462272942066, 28.2494773865, 406.299438477, 844.704467773, 601.622253418, 305.275543213, 201.324920654, 233.13861084, 119.842010498, 264.290649414, 1047.4675293, 1400.71057129, 832.371398926, 907.529174805, 568.472412109, 5916.64257812, 3619.35668945, 2037.89697266, 492.145050049, 415.295776367, 640.408508301, 671.02545166, 731.46484375, 480.982543945, 490.135192871, 280.439239502, 371.206604004, 223.495239258, 186.588562012, 129.020385742, 55.2121734619, 31.9631500244, 11.4766578674, 4.41095781326, 0.907498061657, 0.112796276808, 0.0168114602566, 0.00154358847067, 2.18331861106e-05, 4.33757563201e-09],
        "dvar2": [0.388046383858, 47.1880531311, 1019.55627441, 2397.79443359, 1742.90637207, 799.20513916, 549.428955078, 678.848571777, 323.176727295, 694.889465332, 2234.84863281, 2910.609375, 1796.37963867, 1899.74291992, 1488.43859863, 16820.4296875, 10186.4160156, 5906.64501953, 1273.4498291, 1054.77026367, 1584.1463623, 1516.61315918, 1885.32971191, 1160.1307373, 1201.69519043, 661.6328125, 925.856994629, 580.843017578, 488.389984131, 331.796936035, 154.18510437, 84.2946624756, 28.223690033, 9.99316120148, 2.21339797974, 0.246912524104, 0.0360600315034, 0.00326071097516, 5.07536788064e-05, 9.49518064175e-09],
        "max": [8.48851394653, 56.0491485596, 185.18069458, 246.76335144, 228.102020264, 155.689666748, 215.702011108, 207.774673462, 148.023544312, 238.585403442, 476.205383301, 707.16973877, 663.737670898, 826.172119141, 617.800109863, 1628.109375, 1420.67504883, 1097.1986084, 466.353118896, 368.203430176, 518.076843262, 804.362121582, 712.614440918, 680.878723145, 799.331848145, 562.658630371, 517.021057129, 313.968719482, 376.421356201, 223.200027466, 153.976928711, 128.779846191, 68.1914749146, 50.54296875, 20.4855232239, 9.86171245575, 3.89643383026, 1.23775756359, 0.120447143912, 0.00180967361666],
        "mean": [1.11305296421, 7.30209875107, 8.35745429993, 10.0089454651, 11.6434593201, 20.8833522797, 16.9194316864, 14.6363620758, 11.693819046, 17.2360630035, 29.7190208435, 31.5637378693, 20.8101463318, 19.235200882, 19.8924369812, 30.110490799, 23.0895824432, 21.3761444092, 21.2978191376, 21.4272422791, 24.8423538208, 25.7500019073, 25.0142993927, 20.1805973053, 23.320734024, 18.8180103302, 18.9626655579, 16.7474117279, 15.839381218, 13.1684112549, 9.42450332642, 7.16064500809, 4.75934696198, 2.45028686523, 1.1691685915, 0.464416414499, 0.153893828392, 0.0344097390771, 0.00234454940073, 0.000114192007459],
        "median": [0.0202102772892, 0.416476488113, 2.62227249146, 4.36074304581, 5.3488483429, 10.0439567566, 10.2496604919, 7.63075351715, 5.93925762177, 8.34137058258, 10.0711336136, 11.2663440704, 7.99677181244, 8.42273902893, 9.51798439026, 11.4311237335, 10.0633583069, 9.80574417114, 10.0046081543, 10.2167215347, 12.9170532227, 12.4987268448, 12.8786840439, 11.0157051086, 12.9893951416, 10.7470541, 10.5157232285, 8.73913764954, 8.46755218506, 7.00072669983, 4.81765651703, 3.24992918968, 2.31622433662, 1.09362590313, 0.553098917007, 0.213369905949, 0.0630931854248, 0.0108057912439, 0.000319674290949, 9.6640396805e-05],
        "min": [2.10075388243e-22, 2.64473431354e-21, 5.59263880341e-21, 2.89131224972e-20, 5.45680064109e-20, 3.79435340238e-20, 1.18954129705e-19, 1.42734680512e-19, 1.5545896723e-19, 3.7762974067e-19, 9.34149644814e-19, 4.13587979831e-19, 1.00593827203e-18, 1.31799939595e-18, 2.51765757718e-18, 2.2045409708e-18, 2.9174095654e-18, 3.28561764134e-18, 3.60633086767e-18, 4.4169198915e-18, 5.77265568058e-18, 4.27730131667e-18, 4.9607506124e-18, 1.0238978107e-17, 9.41994522346e-18, 9.43622000202e-18, 1.54634434112e-17, 1.4119559466e-17, 1.34706437201e-17, 1.38019634698e-17, 1.43027849347e-17, 1.24335370757e-17, 1.27092190031e-17, 1.07167162698e-17, 8.19310650769e-18, 4.97192540889e-18, 3.14717924646e-18, 1.16512887073e-18, 2.76229882828e-19, 3.08062125707e-20],
        "var": [4.3860373497, 115.976295471, 375.307678223, 523.463989258, 427.422302246, 635.671203613, 433.205749512, 396.393127441, 210.957962036, 558.727294922, 2453.54296875, 3531.33789062, 1658.98706055, 1597.43395996, 960.522949219, 4920.98144531, 2803.27929688, 1770.19238281, 993.376220703, 887.289306641, 1268.13183594, 1763.30615234, 1782.32849121, 1069.52807617, 1428.6151123, 784.249694824, 799.986206055, 636.512207031, 595.208312988, 458.465637207, 203.527893066, 131.935287476, 48.5966644287, 14.2293186188, 2.93409919739, 0.46139973402, 0.0684603154659, 0.00580124370754, 5.49276264792e-05, 1.32693811494e-08]
    },
    "gfcc": {
        "mean": [18.6761856079, 63.7098197937, -103.813766479, 39.4271888733, -61.3816947937, 14.3694763184, -37.6068077087, 7.10739707947, -25.482378006, 1.39741492271, -18.725687027, 0.461320191622, -12.486448288],
        "cov": [[12096.4931641, -1246.27880859, -620.023071289, 169.332366943, -72.2050170898, 375.072052002, -235.687469482, 331.034973145, -197.410598755, 413.610168457, -148.011306763, 421.399047852, -85.2924346924], [-1246.27880859, 3087.64038086, 566.328552246, 555.807922363, 601.745056152, -65.9407806396, 341.442352295, -108.20324707, 233.536514282, -140.328720093, 147.112258911, -202.412765503, 170.033081055], [-620.023071289, 566.328552246, 1283.90869141, 665.06262207, 432.629974365, 360.495361328, 229.580917358, 177.245574951, 118.107498169, 82.7271575928, 90.9008178711, 38.6657714844, 62.0123825073], [169.332366943, 555.807922363, 665.06262207, 764.462646484, 418.468933105, 307.98046875, 227.854003906, 159.616531372, 132.827789307, 77.9488067627, 95.4184951782, 32.3386802673, 73.3471984863], [-72.2050170898, 601.745056152, 432.629974365, 418.468933105, 586.751281738, 321.459838867, 288.162597656, 165.586624146, 203.655578613, 113.22580719, 159.175933838, 73.567855835, 115.898345947], [375.072052002, -65.9407806396, 360.495361328, 307.98046875, 321.459838867, 443.118560791, 207.561904907, 205.468490601, 123.600074768, 151.902938843, 102.872077942, 113.778549194, 63.109916687], [-235.687469482, 341.442352295, 229.580917358, 227.854003906, 288.162597656, 207.561904907, 301.654663086, 143.080749512, 146.011795044, 85.7631454468, 118.104667664, 64.2972640991, 90.28074646], [331.034973145, -108.20324707, 177.245574951, 159.616531372, 165.586624146, 205.468490601, 143.080749512, 267.554016113, 121.806419373, 125.804450989, 61.2710571289, 101.219390869, 62.6993675232], [-197.410598755, 233.536514282, 118.107498169, 132.827789307, 203.655578613, 123.600074768, 146.011795044, 121.806419373, 203.715423584, 86.4149169922, 97.2121429443, 37.235824585, 80.0890655518], [413.610168457, -140.328720093, 82.7271575928, 77.9488067627, 113.22580719, 151.902938843, 85.7631454468, 125.804450989, 86.4149169922, 164.702682495, 81.4703445435, 93.9788131714, 40.8979072571], [-148.011306763, 147.112258911, 90.9008178711, 95.4184951782, 159.175933838, 102.872077942, 118.104667664, 61.2710571289, 97.2121429443, 81.4703445435, 143.803436279, 73.1299972534, 69.9250183105], [421.399047852, -202.412765503, 38.6657714844, 32.3386802673, 73.567855835, 113.778549194, 64.2972640991, 101.219390869, 37.235824585, 93.9788131714, 73.1299972534, 145.956863403, 62.3885879517], [-85.2924346924, 170.033081055, 62.0123825073, 73.3471984863, 115.898345947, 63.109916687, 90.28074646, 62.6993675232, 80.0890655518, 40.8979072571, 69.9250183105, 62.3885879517, 110.785263062]],
        "icov": [[0.00014261182514, -7.86708478699e-05, 0.000187792538782, -0.00017699340242, -2.95007284876e-05, -0.000112962610729, 0.000227074793656, -5.56140985282e-05, 0.000157980524818, -0.000431564287283, 0.000500557478517, -0.0006139021134, 0.000259132415522], [-7.86708478699e-05, 0.000868116680067, -0.000258011219557, -0.000130477012135, -0.000732139800675, 0.000880432780832, -0.000684281170834, 0.000424037629273, -0.000160188428708, 0.000570169533603, -0.000658036908135, 0.00175523501821, -0.00124791939743], [0.000187792538782, -0.000258011219557, 0.00177903648, -0.00122850318439, -0.000150789215695, -0.000740822521038, 0.0004508504353, -0.000380558398319, 0.000548540381715, -0.000454487017123, 0.00063755834708, -0.000807527510915, 0.000609418028034], [-0.00017699340242, -0.000130477012135, -0.00122850318439, 0.00341036519967, -0.00088369299192, -0.000630955211818, -0.000307051552227, -0.000518545741215, 0.000238123757299, 0.000567402516026, -0.000600899686106, 0.0014100758126, -0.000475055043353], [-2.95007284876e-05, -0.000732139800675, -0.000150789215695, -0.00088369299192, 0.00605497788638, -0.00249496940523, -0.00123678951059, 0.00038744637277, -0.00185846723616, 0.000451545871329, -0.00134204665665, -0.000695858849213, 6.16681354586e-05], [-0.000112962610729, 0.000880432780832, -0.000740822521038, -0.000630955211818, -0.00249496940523, 0.007112106774, -0.00194297218695, -0.000995632377453, 0.000407075160183, -0.00166104710661, 7.71137201809e-05, -0.00011602993618, 0.00043522141641], [0.000227074793656, -0.000684281170834, 0.0004508504353, -0.000307051552227, -0.00123678951059, -0.00194297218695, 0.00904147140682, -0.00223274994642, -0.000628028588835, 0.000263767607976, -0.00195052102208, -0.000767945370171, -0.00050749455113], [-5.56140985282e-05, 0.000424037629273, -0.000380558398319, -0.000518545741215, 0.00038744637277, -0.000995632377453, -0.00223274994642, 0.0098279165104, -0.00417902134359, -0.00257536862046, 0.00434439256787, -0.00352373369969, -0.000503951916471], [0.000157980524818, -0.000160188428708, 0.000548540381715, 0.000238123757299, -0.00185846723616, 0.000407075160183, -0.000628028588835, -0.00417902134359, 0.0136508345604, -0.00401705503464, -0.00372327538207, 0.005988586694, -0.00491589959711], [-0.000431564287283, 0.000570169533603, -0.000454487017123, 0.000567402516026, 0.000451545871329, -0.00166104710661, 0.000263767607976, -0.00257536862046, -0.00401705503464, 0.0169436223805, -0.00611376902089, -0.00320838810876, 0.00270253722556], [0.000500557478517, -0.000658036908135, 0.00063755834708, -0.000600899686106, -0.00134204665665, 7.71137201809e-05, -0.00195052102208, 0.00434439256787, -0.00372327538207, -0.00611376902089, 0.0202212464064, -0.00877060275525, -0.000948263623286], [-0.0006139021134, 0.00175523501821, -0.000807527510915, 0.0014100758126, -0.000695858849213, -0.00011602993618, -0.000767945370171, -0.00352373369969, 0.005988586694, -0.00320838810876, -0.00877060275525, 0.0239607635885, -0.0113364998251], [0.000259132415522, -0.00124791939743, 0.000609418028034, -0.000475055043353, 6.16681354586e-05, 0.00043522141641, -0.00050749455113, -0.000503951916471, -0.00491589959711, 0.00270253722556, -0.000948263623286, -0.0113364998251, 0.0210398007184]]
    },
    "melbands": {
        "dmean": [0.00309394928627, 0.00312051270157, 0.00143993028905, 0.000705266196746, 0.00034517061431, 0.000204325537197, 0.000116199851618, 0.00012319716916, 0.000151310916408, 0.000120523771329, 6.57624914311e-05, 5.11853068019e-05, 4.35769979958e-05, 5.18530068803e-05, 7.03985933797e-05, 4.17104529333e-05, 2.84122997982e-05, 2.14103893086e-05, 2.1563619157e-05, 1.72013660631e-05, 1.73409953277e-05, 1.66921781783e-05, 1.41784767038e-05, 1.19503556562e-05, 9.36642300076e-06, 9.10334074433e-06, 9.50269259192e-06, 6.19152115178e-06, 7.09433606971e-06, 5.66727112528e-06, 4.89111380375e-06, 4.77544244859e-06, 3.93557820644e-06, 3.59926730198e-06, 2.62774415205e-06, 2.30601017392e-06, 1.8669286419e-06, 1.59559874646e-06, 1.15835689485e-06, 8.5576272113e-07],
        "dmean2": [0.00346194021404, 0.00439229002222, 0.00254466594197, 0.00120221078396, 0.000571113079786, 0.000344970525475, 0.000195833388716, 0.000208494777326, 0.000238303953665, 0.000190969760297, 0.000109765896923, 8.5531581135e-05, 7.40159448469e-05, 8.84538094397e-05, 0.00012342807895, 7.30035171728e-05, 4.92212893732e-05, 3.57421740773e-05, 3.51266426151e-05, 2.84259294858e-05, 2.84036086668e-05, 2.64782083832e-05, 2.32259953918e-05, 2.00113008759e-05, 1.51339390868e-05, 1.46973607116e-05, 1.51672411448e-05, 9.97316965368e-06, 1.14519398267e-05, 9.1676665761e-06, 7.9887731772e-06, 7.7904378486e-06, 6.2913813963e-06, 5.92800097365e-06, 4.35285437561e-06, 3.81468521482e-06, 3.08864423459e-06, 2.59337002717e-06, 1.82632732049e-06, 1.34672905006e-06],
        "dvar": [2.9054172046e-05, 5.83743058087e-05, 2.26964075409e-05, 2.05248784368e-06, 2.36002179577e-07, 1.0477737078e-07, 3.04038785259e-08, 4.03356281709e-08, 8.28820390097e-08, 6.55043876918e-08, 2.13779252078e-08, 1.43543301689e-08, 6.97439839215e-09, 1.23498749005e-08, 6.50348042086e-08, 2.12985789005e-08, 6.10696782033e-09, 1.8059258533e-09, 1.41284983712e-09, 1.07387509996e-09, 9.84323178521e-10, 9.63005786225e-10, 7.08271108429e-10, 7.15791592665e-10, 3.97631594318e-10, 3.09900605178e-10, 3.13033349242e-10, 1.62193689035e-10, 2.09548892127e-10, 1.41195444225e-10, 8.9560615868e-11, 8.69252725355e-11, 4.9595331314e-11, 7.52659878867e-11, 2.65017608553e-11, 1.70874876748e-11, 1.26262438005e-11, 8.08690267529e-12, 5.5128458222e-12, 3.01120565115e-12],
        "dvar2": [3.55567462975e-05, 0.000131634893478, 6.366326852e-05, 5.74410432819e-06, 6.52572339277e-07, 2.98503891827e-07, 7.98017225634e-08, 1.02136361591e-07, 1.61600652859e-07, 1.32874134806e-07, 4.54306601227e-08, 3.04463370071e-08, 1.73624314925e-08, 3.34319132378e-08, 1.8428409021e-07, 6.0505158217e-08, 1.76141963237e-08, 4.6158170619e-09, 3.14569881255e-09, 2.64164645714e-09, 2.44184072962e-09, 2.15515760793e-09, 1.7515886519e-09, 1.92221305539e-09, 9.50189260607e-10, 8.00587651728e-10, 7.37229388648e-10, 3.79140885354e-10, 5.2151050145e-10, 3.56619650477e-10, 2.39518432865e-10, 2.29298677268e-10, 1.27687110885e-10, 2.03011038535e-10, 7.65123658875e-11, 4.61184215816e-11, 3.33890935733e-11, 2.07830107291e-11, 1.22236994832e-11, 7.34604738151e-12],
        "max": [0.0650158450007, 0.0761138051748, 0.0399301871657, 0.0131640788168, 0.00558897666633, 0.00421598274261, 0.00238663936034, 0.00280269118957, 0.00464456621557, 0.00465422403067, 0.00334981037304, 0.00310614216141, 0.00220360490493, 0.00219854339957, 0.0054028686136, 0.00388503680006, 0.00182723766193, 0.00100510229822, 0.000761040893849, 0.000713629531674, 0.00069346523378, 0.000904816784896, 0.000907659356017, 0.000955316645559, 0.000662657956127, 0.000534928345587, 0.000565182650462, 0.000496512802783, 0.000428780767834, 0.000453157088486, 0.000245668576099, 0.000296850543236, 0.000174135726411, 0.000174565924681, 9.12853720365e-05, 8.75768746482e-05, 7.63385032769e-05, 6.03238549957e-05, 5.3600029787e-05, 3.77631731681e-05],
        "mean": [0.0098921675235, 0.0064433561638, 0.00171148672234, 0.00121835526079, 0.000641544407699, 0.000341932580341, 0.000193091138499, 0.000205992211704, 0.000249417091254, 0.000207128177863, 9.96163580567e-05, 7.36653382774e-05, 6.55084004393e-05, 7.35376452212e-05, 7.53946733312e-05, 4.817781155e-05, 3.78820186597e-05, 3.36535340466e-05, 3.36217308359e-05, 2.72775232588e-05, 2.81369066215e-05, 2.70427390205e-05, 2.40704503085e-05, 1.94889726117e-05, 1.5728357539e-05, 1.6608817532e-05, 1.63325330504e-05, 1.15628072308e-05, 1.275186969e-05, 1.01391005956e-05, 9.2887557912e-06, 9.18218120205e-06, 7.91088768892e-06, 7.45116312828e-06, 5.50588356418e-06, 4.92999242852e-06, 4.05131595471e-06, 3.55469614988e-06, 2.56202747551e-06, 1.87494720194e-06],
        "median": [0.000303873384837, 0.00222513824701, 0.000801144633442, 0.000577849568799, 0.000428632891271, 0.000187014462426, 8.87009664439e-05, 9.28393055801e-05, 7.67139426898e-05, 6.93721303833e-05, 3.54023286491e-05, 2.98088889394e-05, 3.03489250655e-05, 3.06592337438e-05, 2.21228547161e-05, 1.81669074664e-05, 1.60056279128e-05, 1.47095233842e-05, 1.39296662383e-05, 1.13921341836e-05, 1.34510537464e-05, 1.11245954031e-05, 1.1524061847e-05, 9.45742067415e-06, 7.74940508563e-06, 8.79797516973e-06, 7.84808253229e-06, 5.91629941482e-06, 6.52052631267e-06, 5.03092633153e-06, 4.61196395918e-06, 4.32991146226e-06, 4.39266523244e-06, 3.40722249348e-06, 2.7818819035e-06, 2.31925287153e-06, 1.75363948074e-06, 1.69583199749e-06, 1.20889853861e-06, 7.86949669873e-07],
        "min": [2.66063219581e-24, 4.04603760616e-24, 6.52155175765e-24, 3.13783900649e-24, 6.32787733351e-24, 3.49582290199e-24, 2.56595409604e-24, 3.11313957433e-24, 6.3893978345e-24, 1.8882066159e-24, 4.67067463143e-24, 4.83770685621e-24, 8.75593874053e-24, 3.83735352559e-24, 5.68080865398e-24, 4.45644919742e-24, 5.92107635862e-24, 4.96096637265e-24, 5.40369562304e-24, 5.93744561683e-24, 7.12434561887e-24, 4.62459608266e-24, 3.42436472575e-24, 4.77784769629e-24, 7.26927829983e-24, 6.85519101118e-24, 6.58353926429e-24, 5.4090054458e-24, 7.81846511824e-24, 7.70242683453e-24, 6.70756200365e-24, 6.40805715592e-24, 8.0491185806e-24, 6.14827737122e-24, 7.90285035813e-24, 6.07217635413e-24, 8.41599096634e-24, 8.52886907327e-24, 8.18508270191e-24, 8.39824475142e-24],
        "var": [0.000252348952927, 0.000106915285869, 1.44608029586e-05, 2.49186564361e-06, 4.77112223507e-07, 1.891325212e-07, 6.58784102825e-08, 8.24965624702e-08, 2.09619244629e-07, 1.67919992577e-07, 4.27837143491e-08, 2.52100029741e-08, 1.18186456177e-08, 1.56576014376e-08, 4.82554227688e-08, 1.63935460762e-08, 5.72661029707e-09, 3.28884386391e-09, 2.94787128041e-09, 2.08046668781e-09, 1.99716154725e-09, 2.36499464457e-09, 1.92987492653e-09, 1.42524092528e-09, 8.66679006339e-10, 8.7919765912e-10, 7.78138609103e-10, 4.19720952438e-10, 4.14480422206e-10, 3.39251682302e-10, 2.43587983118e-10, 2.47557280231e-10, 1.32418742638e-10, 2.20977000587e-10, 7.81640308034e-11, 6.04746877575e-11, 4.58862357833e-11, 2.89116803415e-11, 1.65658337742e-11, 8.61487357146e-12]
    },
    "mfcc": {
        "mean": [-623.436157227, 92.3739242554, 12.1083726883, 24.8641986847, 2.13524746895, 6.66152381897, -1.03865933418, 3.10563445091, -1.57529687881, -0.00754423392937, -2.61137723923, -0.764199316502, -2.64236903191],
        "cov": [[7824.19873047, -309.867431641, -270.795532227, -221.30368042, -217.429046631, -47.9669914246, -76.3827514648, -36.6277656555, -24.1927700043, -58.9766807556, 11.1596298218, 84.2591934204, 66.7738418579], [-309.867431641, 2217.8527832, 228.817993164, 559.580932617, 269.988494873, 189.612609863, 136.828063965, 76.0601501465, 113.652420044, 65.0901107788, 3.46005558968, 26.5974826813, 53.4249343872], [-270.795532227, 228.817993164, 871.540771484, 435.559265137, 331.92199707, 246.722763062, 205.624160767, 162.888702393, 121.563865662, 111.34828949, 63.0640449524, 40.9181632996, 66.7791366577], [-221.30368042, 559.580932617, 435.559265137, 598.906311035, 306.82699585, 229.079910278, 191.971450806, 152.376037598, 137.657318115, 103.783744812, 63.3714485168, 66.5355987549, 80.8594741821], [-217.429046631, 269.988494873, 331.92199707, 306.82699585, 421.704956055, 269.607818604, 207.224334717, 181.454101562, 155.47869873, 132.057312012, 106.445663452, 103.238723755, 107.891296387], [-47.9669914246, 189.612609863, 246.722763062, 229.079910278, 269.607818604, 340.601715088, 224.81022644, 161.590576172, 130.277526855, 115.74571991, 99.641242981, 102.276077271, 106.142601013], [-76.3827514648, 136.828063965, 205.624160767, 191.971450806, 207.224334717, 224.81022644, 265.960388184, 177.291427612, 131.562530518, 105.465713501, 92.0533065796, 96.5076828003, 108.5520401], [-36.6277656555, 76.0601501465, 162.888702393, 152.376037598, 181.454101562, 161.590576172, 177.291427612, 213.001678467, 151.610595703, 105.244987488, 87.0047607422, 89.149887085, 93.5964431763], [-24.1927700043, 113.652420044, 121.563865662, 137.657318115, 155.47869873, 130.277526855, 131.562530518, 151.610595703, 185.307098389, 122.53112793, 82.820892334, 82.3624649048, 82.8574676514], [-58.9766807556, 65.0901107788, 111.34828949, 103.783744812, 132.057312012, 115.74571991, 105.465713501, 105.244987488, 122.53112793, 153.346008301, 95.4690170288, 71.0857391357, 65.9459838867], [11.1596298218, 3.46005558968, 63.0640449524, 63.3714485168, 106.445663452, 99.641242981, 92.0533065796, 87.0047607422, 82.820892334, 95.4690170288, 126.413604736, 87.8875427246, 62.4545516968], [84.2591934204, 26.5974826813, 40.9181632996, 66.5355987549, 103.238723755, 102.276077271, 96.5076828003, 89.149887085, 82.3624649048, 71.0857391357, 87.8875427246, 127.182090759, 87.1822357178], [66.7738418579, 53.4249343872, 66.7791366577, 80.8594741821, 107.891296387, 106.142601013, 108.5520401, 93.5964431763, 82.8574676514, 65.9459838867, 62.4545516968, 87.1822357178, 133.789093018]],
