{
"lowlevel": {
    "average_loudness": 0.597078800201,
    "barkbands_crest": {
        "dmean": 2.64349651337,
        "dmean2": 4.16722869873,
        "dvar": 7.03625488281,
        "dvar2": 15.930109024,
        "max": 26.3191165924,
        "mean": 8.96570396423,
        "median": 7.55159950256,
        "min": 1.87844264507,
        "var": 23.3085384369
    },
    "barkbands_flatness_db": {
        "dmean": 0.0245782341808,
        "dmean2": 0.0368940196931,
        "dvar": 0.00148167158477,
        "dvar2": 0.0029705343768,
        "max": 0.773981630802,
        "mean": 0.138148099184,
        "median": 0.103701367974,
        "min": 0.00686164805666,
        "var": 0.0134103354067
    },
    "barkbands_kurtosis": {
        "dmean": 2.48571205139,
        "dmean2": 3.85231518745,
        "dvar": 101.420913696,
        "dvar2": 210.304962158,
        "max": 530.273498535,
        "mean": 2.04597330093,
        "median": -0.84668815136,
        "min": -1.90641713142,
        "var": 184.477264404
    },
    "barkbands_skewness": {
        "dmean": 0.610699772835,
        "dmean2": 0.900411486626,
        "dvar": 0.624304175377,
        "dvar2": 1.21871113777,
        "max": 20.9692020416,
        "mean": 0.732792854309,
        "median": 0.423108994961,
        "min": -4.36133813858,
        "var": 2.2186255455
    },
    "barkbands_spread": {
        "dmean": 7.26644229889,
        "dmean2": 11.5097408295,
        "dvar": 60.2542762756,
        "dvar2": 131.635223389,
        "max": 96.6273651123,
        "mean": 36.7490272522,
        "median": 38.9846725464,
        "min": 0.0900720581412,
        "var": 270.284637451
    },
    "dissonance": {
        "dmean": 0.0115162367001,
        "dmean2": 0.0196979865432,
        "dvar": 0.000950798159465,
        "dvar2": 0.00252306880429,
        "max": 0.500000059605,
        "mean": 0.479990810156,
        "median": 0.490871191025,
        "min": 0.0193640943617,
        "var": 0.00191700702999
    },
    "dynamic_complexity": 5.80459547043,
    "erbbands_crest": {
        "dmean": 2.22439646721,
        "dmean2": 3.62347197533,
        "dvar": 5.90468454361,
        "dvar2": 13.3655529022,
        "max": 33.3796043396,
        "mean": 9.61383247375,
        "median": 8.56719398499,
        "min": 2.5173740387,
        "var": 26.2984962463
    },
    "erbbands_flatness_db": {
        "dmean": 0.0180023051798,
        "dmean2": 0.0275872405618,
        "dvar": 0.00093516765628,
        "dvar2": 0.001770084491,
        "max": 0.701564133167,
        "mean": 0.185504466295,
        "median": 0.15331889689,
        "min": 0.0613376684487,
        "var": 0.009620744735
    },
    "erbbands_kurtosis": {
        "dmean": 1.37306833267,
        "dmean2": 2.16131830215,
        "dvar": 5.58490991592,
        "dvar2": 13.5815792084,
        "max": 88.7466201782,
        "mean": 2.42182946205,
        "median": 0.989063978195,
        "min": -1.73767614365,
        "var": 18.7807312012
    },
    "erbbands_skewness": {
        "dmean": 0.355628073215,
        "dmean2": 0.563413381577,
        "dvar": 0.183958023787,
        "dvar2": 0.419890761375,
        "max": 5.41260480881,
        "mean": -0.730647206306,
        "median": -0.665160536766,
        "min": -4.33224868774,
        "var": 1.23568046093
    },
    "erbbands_spread": {
        "dmean": 7.52123975754,
        "dmean2": 11.4711399078,
        "dvar": 89.0449295044,
        "dvar2": 192.012313843,
        "max": 118.25112915,
        "mean": 30.2586402893,
        "median": 28.1862831116,
        "min": 0.274871379137,
        "var": 268.576416016
    },
    "hfc": {
        "dmean": 9.55738544464,
        "dmean2": 15.4456243515,
        "dvar": 349.437286377,
        "dvar2": 875.038635254,
        "max": 226.778076172,
        "mean": 25.6938095093,
        "median": 15.3900623322,
        "min": 1.08838161834e-16,
        "var": 804.16595459
    },
    "melbands_crest": {
        "dmean": 3.94164729118,
        "dmean2": 6.25946426392,
        "dvar": 13.4646425247,
        "dvar2": 32.8390769958,
        "max": 35.3807220459,
        "mean": 14.629401207,
        "median": 13.5901479721,
        "min": 1.59724295139,
        "var": 42.8074264526
    },
    "melbands_flatness_db": {
        "dmean": 0.03460425511,
        "dmean2": 0.050737708807,
        "dvar": 0.00193031248637,
        "dvar2": 0.00364036881365,
        "max": 0.798873186111,
        "mean": 0.186801180243,
        "median": 0.155887946486,
        "min": 0.00376673275605,
        "var": 0.0164785608649
    },
    "melbands_kurtosis": {
        "dmean": 6.68832349777,
        "dmean2": 10.1181373596,
        "dvar": 318.702087402,
        "dvar2": 724.723815918,
        "max": 511.766662598,
        "mean": 9.11469459534,
        "median": 1.86694049835,
        "min": -1.85418629646,
        "var": 610.133544922
    },
    "melbands_skewness": {
        "dmean": 0.832223474979,
        "dmean2": 1.23757398129,
        "dvar": 1.14615249634,
        "dvar2": 2.28114128113,
        "max": 17.1525115967,
        "mean": 2.11982870102,
        "median": 1.62535178661,
        "min": -4.38836145401,
        "var": 3.65516614914
    },
    "melbands_spread": {
        "dmean": 13.2682313919,
        "dmean2": 20.4927539825,
        "dvar": 218.457473755,
        "dvar2": 472.178405762,
        "max": 170.758895874,
        "mean": 48.4753074646,
        "median": 49.0666770935,
        "min": 0.327086806297,
        "var": 822.644958496
    },
    "pitch_salience": {
        "dmean": 0.0816353484988,
        "dmean2": 0.130136162043,
        "dvar": 0.006180413533,
        "dvar2": 0.0145220384002,
        "max": 0.994627058506,
        "mean": 0.581425726414,
        "median": 0.600547075272,
        "min": 0.076905541122,
        "var": 0.0174600649625
    },
    "silence_rate_20dB": {
        "dmean": 0,
        "dmean2": 0,
        "dvar": 0,
        "dvar2": 0,
        "max": 1,
        "mean": 1,
        "median": 1,
        "min": 1,
        "var": 0
    },
    "silence_rate_30dB": {
        "dmean": 0.00100844574627,
        "dmean2": 0.00201714574359,
        "dvar": 0.00100740860216,
        "dvar2": 0.00276948651299,
        "max": 1,
        "mean": 0.999369800091,
        "median": 1,
        "min": 0,
        "var": 0.000629817368463
    },
    "silence_rate_60dB": {
        "dmean": 0.0199168026447,
        "dmean2": 0.0397125557065,
        "dvar": 0.0195201560855,
        "dvar2": 0.0446882583201,
        "max": 1,
        "mean": 0.196117967367,
        "median": 0,
        "min": 0,
        "var": 0.15764965117
    },
    "spectral_centroid": {
        "dmean": 283.689117432,
        "dmean2": 444.717376709,
        "dvar": 181157.484375,
        "dvar2": 352850.75,
        "max": 12088.2744141,
        "mean": 2160.24023438,
        "median": 2260.72216797,
        "min": 116.479820251,
        "var": 871264.9375
    },
    "spectral_complexity": {
        "dmean": 4.31034898758,
        "dmean2": 6.83459424973,
        "dvar": 26.2783489227,
        "dvar2": 59.4323234558,
        "max": 65,
        "mean": 23.9313087463,
        "median": 22,
        "min": 0,
        "var": 237.802215576
    },
    "spectral_decrease": {
        "dmean": 1.86191684293e-09,
        "dmean2": 2.86533596849e-09,
        "dvar": 1.10049713424e-17,
        "dvar2": 2.4965149648e-17,
        "max": 7.62038155329e-26,
        "mean": -5.05330532974e-09,
        "median": -2.90447843554e-09,
        "min": -3.69531854005e-08,
        "var": 3.11471253149e-17
    },
    "spectral_energy": {
        "dmean": 0.00750922551379,
        "dmean2": 0.0115884076804,
        "dvar": 0.000169333186932,
        "dvar2": 0.000385734630981,
        "max": 0.148874476552,
        "mean": 0.0214027762413,
        "median": 0.0127806412056,
        "min": 1.03178704902e-20,
        "var": 0.000516303931363
    },
    "spectral_energyband_high": {
        "dmean": 0.000912647694349,
        "dmean2": 0.00144937064033,
        "dvar": 3.69701024283e-06,
        "dvar2": 8.8657852757e-06,
        "max": 0.0182960517704,
        "mean": 0.00155385839753,
        "median": 0.000436930684373,
        "min": 7.26611605938e-21,
        "var": 5.94211860516e-06
    },
    "spectral_energyband_low": {
        "dmean": 0.00537032587454,
        "dmean2": 0.00830506719649,
        "dvar": 0.000104915379779,
        "dvar2": 0.00024156740983,
        "max": 0.0921746492386,
        "mean": 0.00845471769571,
        "median": 0.00256690289825,
        "min": 1.37594397043e-23,
        "var": 0.000188734673429
    },
    "spectral_energyband_middle_high": {
        "dmean": 0.00177856744267,
        "dmean2": 0.0029655911494,
        "dvar": 9.80466575129e-06,
        "dvar2": 2.655703247e-05,
        "max": 0.0444699153304,
        "mean": 0.00603890093043,
        "median": 0.00350801460445,
        "min": 1.14905555185e-21,
        "var": 3.8348192902e-05
    },
    "spectral_energyband_middle_low": {
        "dmean": 0.00306207034737,
        "dmean2": 0.00482423044741,
        "dvar": 4.6235130867e-05,
        "dvar2": 9.71215122263e-05,
        "max": 0.0801236927509,
        "mean": 0.00547794112936,
        "median": 0.00318082398735,
        "min": 1.64585654724e-22,
        "var": 7.55400396883e-05
    },
    "spectral_entropy": {
        "dmean": 0.148569300771,
        "dmean2": 0.223608493805,
        "dvar": 0.0812916606665,
        "dvar2": 0.143930137157,
        "max": 9.81839179993,
        "mean": 7.67687273026,
        "median": 7.83665180206,
        "min": 2.94131350517,
        "var": 0.641433894634
    },
    "spectral_flux": {
        "dmean": 0.0199545547366,
        "dmean2": 0.0315206721425,
        "dvar": 0.000898367085028,
        "dvar2": 0.00198186025955,
        "max": 0.281132400036,
        "mean": 0.0772304609418,
        "median": 0.0620936527848,
        "min": 6.27102397788e-11,
        "var": 0.00310326018371
    },
    "spectral_kurtosis": {
        "dmean": 3.21704268456,
        "dmean2": 5.48839950562,
        "dvar": 60.7115058899,
        "dvar2": 157.936126709,
        "max": 201.176559448,
        "mean": 7.83191585541,
        "median": 3.8707036972,
        "min": -1.26163089275,
        "var": 241.047988892
    },
    "spectral_rms": {
        "dmean": 0.000662190257572,
        "dmean2": 0.00100723817013,
        "dvar": 1.01378680029e-06,
        "dvar2": 2.1205134999e-06,
        "max": 0.0120516968891,
        "mean": 0.00389814237133,
        "median": 0.00353113561869,
        "min": 3.17272987396e-12,
        "var": 5.6852823036e-06
    },
    "spectral_rolloff": {
        "dmean": 727.767883301,
        "dmean2": 1193.01184082,
        "dvar": 1591007.625,
        "dvar2": 3238439,
        "max": 19573.6816406,
        "mean": 2718.31860352,
        "median": 2519.38476562,
        "min": 43.06640625,
        "var": 4635986.5
    },
    "spectral_skewness": {
        "dmean": 0.303359270096,
        "dmean2": 0.509592354298,
        "dvar": 0.26119980216,
        "dvar2": 0.715591669083,
        "max": 11.7966470718,
        "mean": 1.44756734371,
        "median": 1.27234625816,
        "min": -0.107104182243,
        "var": 1.38355398178
    },
    "spectral_spread": {
        "dmean": 522957.78125,
        "dmean2": 818650.25,
        "dvar": 1.76787986842e+12,
        "dvar2": 3.44164794368e+12,
        "max": 42408740,
        "mean": 3940948.5,
        "median": 3754427.5,
        "min": 450292.78125,
        "var": 1.05134151434e+13
    },
    "spectral_strongpeak": {
        "dmean": 0.405280351639,
        "dmean2": 0.713419437408,
        "dvar": 0.826009452343,
        "dvar2": 2.10036969185,
        "max": 14.6070652008,
        "mean": 0.516258358955,
        "median": 0.186833128333,
        "min": 0,
        "var": 1.07341682911
    },
    "zerocrossingrate": {
        "dmean": 0.014578577131,
        "dmean2": 0.0169586632401,
        "dvar": 0.000609668262769,
        "dvar2": 0.000706108170561,
        "max": 0.82568359375,
        "mean": 0.0885423645377,
        "median": 0.07958984375,
        "min": 0.0029296875,
        "var": 0.00456258887425
    },
    "barkbands": {
        "dmean": [0.00129613548052, 0.00347942556255, 0.00209581595846, 0.00158820429351, 0.00135265372228, 0.000503103772644, 0.000145714715472, 0.000199989590328, 0.000378664932214, 0.000280303414911, 0.000200889044208, 0.000243500428041, 0.000341095845215, 0.000192798179341, 0.000208037905395, 0.000494113948662, 0.00043407373596, 0.000254508544458, 0.000254712329479, 0.000209137389902, 0.000219969326281, 0.000230077988817, 0.000200210735784, 0.000126133993035, 6.56728443573e-05, 3.94087001041e-05, 1.46029769894e-05],
        "dmean2": [0.00207010586746, 0.00561951287091, 0.0037231608294, 0.00265876599588, 0.00209577055648, 0.000810933241155, 0.000253843987593, 0.000355822849087, 0.000617884914391, 0.000481940951431, 0.000336620927555, 0.000412319670431, 0.00059008266544, 0.000336973549565, 0.000352944392944, 0.000814664061181, 0.000716029608157, 0.000444824749138, 0.000431502237916, 0.000355674914317, 0.000372087466531, 0.000375250936486, 0.000312385731377, 0.000208838915569, 0.000103810132714, 6.21247891104e-05, 2.39536075242e-05],
        "dvar": [1.94131825992e-05, 4.2438176024e-05, 3.16861660394e-05, 1.68480273715e-05, 1.61522075359e-05, 7.26858957023e-07, 8.40659382106e-08, 2.71236103799e-07, 4.85300972741e-07, 7.76831086569e-07, 2.34519745845e-07, 3.71722109094e-07, 6.90910781032e-07, 1.79730704986e-07, 1.58758780344e-07, 6.48753086807e-07, 4.79431150779e-07, 2.15258978642e-07, 1.89257846728e-07, 1.54716076395e-07, 1.99368088261e-07, 2.46598773401e-07, 1.90304064063e-07, 7.2692706965e-08, 2.19735252216e-08, 8.98521790305e-09, 2.09427430953e-09],
        "dvar2": [5.40943728993e-05, 9.7069547337e-05, 9.14278061828e-05, 4.23530618718e-05, 3.04585773847e-05, 1.98269526663e-06, 2.37005295389e-07, 8.29186831197e-07, 1.33204889607e-06, 2.22350331569e-06, 6.28308384876e-07, 9.67986807154e-07, 1.83926147201e-06, 5.0671860663e-07, 4.2521423893e-07, 1.57651845711e-06, 1.19892399653e-06, 6.14088776274e-07, 5.21786546415e-07, 4.09262781886e-07, 5.13000486535e-07, 6.05585398716e-07, 4.15771694406e-07, 1.86072313113e-07, 5.34043032019e-08, 2.1736921596e-08, 5.13972242544e-09],
        "max": [0.106399811804, 0.06480602175, 0.0478118658066, 0.0530018247664, 0.063120432198, 0.0246930252761, 0.00334086292423, 0.00731891300529, 0.0110820299014, 0.0142375500873, 0.00734225194901, 0.0110678430647, 0.0127753149718, 0.0110652036965, 0.0057447408326, 0.0116321230307, 0.0117636322975, 0.00772107439116, 0.00551033997908, 0.00394686637446, 0.00400702189654, 0.00562120229006, 0.00460712052882, 0.00294225849211, 0.00209775008261, 0.00116267963313, 0.000824057206046],
        "mean": [0.0018611443229, 0.00467631779611, 0.00184339215048, 0.00165025843307, 0.00166183197871, 0.000959087221418, 0.000189403086551, 0.000254342856351, 0.000676208932418, 0.000400434160838, 0.000270874937996, 0.0003647779522, 0.000599700841121, 0.000286370603135, 0.000360176985851, 0.00140163011383, 0.00118264858611, 0.000519838707987, 0.000535740633495, 0.000346340035321, 0.00031841910095, 0.000323462911183, 0.000313443451887, 0.000185563083505, 0.000120150740258, 7.7261509432e-05, 2.4014922019e-05],
        "median": [5.27017582499e-05, 0.00143919768743, 0.000422496377723, 0.000497607048601, 0.000394375005271, 0.000388268148527, 7.63651623856e-05, 7.42687989259e-05, 0.00025083811488, 4.8220725148e-05, 3.33153875545e-05, 3.77339201805e-05, 6.25535394647e-05, 0.00010739575373, 0.000202021416044, 0.000751275045332, 0.000766153563745, 0.000332672061631, 0.00038504076656, 0.000196340930415, 0.000123759586131, 5.35518120159e-05, 3.71087080566e-05, 3.38765676133e-05, 2.09494319279e-05, 9.79837659543e-06, 5.25185782863e-07],
        "min": [3.97554440403e-25, 2.93809193111e-24, 1.84025945287e-24, 1.56963440844e-24, 7.07275411567e-24, 7.55790909441e-24, 9.17878711839e-24, 1.0632423475e-23, 1.44956441441e-23, 2.28880592135e-23, 1.69170590036e-23, 2.08853985438e-23, 3.43219180365e-23, 3.25317054972e-23, 4.50046629487e-23, 5.40033980875e-23, 8.5836466279e-23, 8.16952115838e-23, 1.21045354274e-22, 1.25699608371e-22, 2.54553271968e-22, 3.23446097786e-22, 3.33366484364e-22, 5.87580407303e-22, 7.51274674448e-22, 1.23426646405e-21, 2.14474361903e-21],
        "var": [3.8090362068e-05, 6.50253496133e-05, 2.47747520916e-05, 1.59773153428e-05, 2.5756919058e-05, 2.36241794482e-06, 9.10782489427e-08, 2.49108751404e-07, 9.2299347898e-07, 1.06084098661e-06, 3.88159008935e-07, 6.95078540502e-07, 2.06270601666e-06, 2.53907273873e-07, 2.23758760853e-07, 2.97841438623e-06, 2.0541840513e-06, 3.30300338192e-07, 2.96769997021e-07, 1.97918282652e-07, 2.39369740029e-07, 3.25779808463e-07, 3.32223407895e-07, 1.16969559372e-07, 4.51460842044e-08, 1.94308036328e-08, 4.11867917549e-09]
    },
    "erbbands": {
        "dmean": [0.147686302662, 0.705825209618, 2.16266775131, 3.92327618599, 5.53194379807, 4.519323349, 2.31864142418, 5.40163612366, 2.23985099792, 2.87349939346, 4.73889017105, 7.87497329712, 8.79428195953, 6.66074800491, 8.9773273468, 10.4640808105, 15.655371666, 11.1785945892, 10.2663822174, 13.4066209793, 27.0495128632, 23.2252197266, 14.102227211, 14.3881225586, 11.1410112381, 9.88910007477, 9.26099872589, 8.3737821579, 7.70846605301, 8.55041980743, 4.9565820694, 3.06003189087, 1.90988576412, 0.859438538551, 0.451665282249, 0.203508943319, 0.0664863437414, 0.0210397373885, 0.00242886762135, 4.01603028877e-05],
        "dmean2": [0.225374758244, 1.15865051746, 3.73789930344, 6.58621406555, 9.18748378754, 6.7458729744, 3.79803180695, 8.62103462219, 3.8407497406, 5.07282495499, 8.15481185913, 13.1039915085, 14.7598056793, 11.2804603577, 15.0905017853, 17.5617008209, 26.3091144562, 19.7811756134, 17.4108104706, 22.31757164, 44.7771873474, 38.2584571838, 24.3651809692, 24.7378082275, 19.0699195862, 16.7551841736, 15.7924137115, 14.0873270035, 12.6025495529, 13.725356102, 7.7427778244, 4.99679708481, 3.20649337769, 1.38400328159, 0.716138839722, 0.325652092695, 0.104840599, 0.0338831022382, 0.0039974800311, 6.46482803859e-05],
        "dvar": [0.0832008570433, 1.95542573929, 31.0562915802, 87.7042541504, 193.831817627, 271.593109131, 24.5232944489, 86.8861618042, 16.5477275848, 49.2426872253, 133.579406738, 220.63999939, 440.53729248, 322.317047119, 489.261199951, 714.774475098, 1525.81652832, 687.940002441, 381.979675293, 479.297058105, 1932.75305176, 1834.51708984, 584.892944336, 642.419921875, 403.323944092, 345.824645996, 353.168365479, 283.992889404, 283.534118652, 352.189208984, 112.640846252, 43.0227546692, 16.9517440796, 3.46195864677, 1.0926681757, 0.234179422259, 0.0265356954187, 0.00336233573034, 5.82453612878e-05, 1.09549773697e-08],
        "dvar2": [0.220012262464, 4.51068925858, 87.7412643433, 226.257507324, 446.985687256, 459.686340332, 64.0272445679, 226.385955811, 46.5261650085, 146.450149536, 386.027069092, 619.792602539, 1288.74987793, 896.965332031, 1297.84875488, 1847.14404297, 4005.43188477, 1985.11206055, 1017.26629639, 1234.01989746, 4576.00341797, 4437.85205078, 1662.78173828, 1803.77600098, 1093.80639648, 904.947692871, 920.627807617, 728.914611816, 705.336547852, 823.14263916, 248.882659912, 105.366928101, 44.670375824, 8.64833545685, 2.66088819504, 0.568917036057, 0.0642780587077, 0.00815579015762, 0.000145852216519, 2.68766999767e-08],
        "max": [3.23571562767, 13.9564971924, 56.0243492126, 102.876724243, 180.56401062, 251.91696167, 74.5467758179, 280.879547119, 55.5086174011, 103.178627014, 155.191329956, 213.030303955, 340.0234375, 289.810943604, 361.794281006, 445.798950195, 665.556091309, 507.653717041, 361.318145752, 383.718597412, 763.000793457, 771.510925293, 404.724578857, 357.021606445, 222.089874268, 183.379516602, 178.772903442, 155.996337891, 181.738235474, 191.961868286, 119.214019775, 81.4728164673, 49.2061080933, 27.5385951996, 12.4785280228, 6.02324914932, 2.16234850883, 0.953176796436, 0.144069030881, 0.00194396974985],
        "mean": [0.177825570107, 0.88682538271, 2.14646100998, 3.95686626434, 6.55881023407, 5.227891922, 3.51770853996, 10.4373826981, 3.62804865837, 3.76149368286, 6.98250341415, 13.6690206528, 14.882938385, 10.6770591736, 12.6878900528, 17.4931659698, 28.243473053, 16.2803077698, 17.7272472382, 34.9817619324, 81.7183303833, 67.6999435425, 32.8282775879, 31.4901714325, 20.5758457184, 16.5452060699, 14.1947059631, 11.5652322769, 11.0889110565, 12.5962400436, 7.4771437645, 4.4448466301, 2.73916816711, 1.54015254974, 0.777061879635, 0.371136665344, 0.129603683949, 0.0396044328809, 0.00387107208371, 8.51881777635e-05],
        "median": [0.0279503650963, 0.311217606068, 0.645131111145, 1.10599112511, 2.26009845734, 0.842369914055, 1.29626011848, 3.9706890583, 1.72407531738, 1.60384213924, 1.70173048973, 5.87887382507, 3.35515141487, 1.65181827545, 1.49755740166, 1.73011600971, 2.9510781765, 4.43330764771, 9.29193687439, 19.4224014282, 49.4148330688, 42.720199585, 21.7581348419, 22.1848106384, 14.1600399017, 9.52973556519, 6.35950374603, 4.11719894409, 2.09450435638, 1.32393622398, 0.967632293701, 0.75107896328, 0.522143602371, 0.272722363472, 0.121313259006, 0.0496051311493, 0.0159605052322, 0.00306738447398, 0.000119656891911, 2.45018927671e-05],
        "min": [1.24924618796e-22, 6.09509528778e-22, 3.09337538853e-21, 5.29956887394e-21, 1.57240701345e-20, 2.33334241428e-20, 5.56361938497e-20, 6.62883155854e-20, 1.85153342429e-19, 1.52526896302e-19, 2.42052770321e-19, 3.3296418479e-19, 5.88826037504e-19, 8.40281447396e-19, 1.14154067819e-18, 1.02307176746e-18, 1.63791759831e-18, 2.36993945659e-18, 2.1650067006e-18, 2.93996099044e-18, 3.3959660166e-18, 5.22636037504e-18, 5.50490972401e-18, 7.0645451205e-18, 8.72139698643e-18, 7.35240976393e-18, 8.32768713899e-18, 1.03821729972e-17, 1.053988408e-17, 1.17180225372e-17, 8.84988956842e-18, 9.40589473358e-18, 9.76144508499e-18, 7.23144369833e-18, 5.74131835667e-18, 4.20326823826e-18, 2.49060566922e-18, 1.0886173524e-18, 2.5204937727e-19, 3.0614203271e-20],
        "var": [0.114536158741, 2.60615468025, 26.8930130005, 84.3425674438, 231.233963013, 435.835235596, 39.4991226196, 317.901275635, 23.9516506195, 43.7222290039, 193.232116699, 350.11819458, 770.065673828, 591.765808105, 789.454956055, 1556.21179199, 4600.37646484, 989.900146484, 608.431152344, 1605.34985352, 9030.07226562, 8102.38085938, 1132.49963379, 1006.68499756, 545.008972168, 449.831237793, 434.049865723, 332.208953857, 373.824829102, 542.595703125, 183.618804932, 67.8073196411, 25.1806030273, 7.25674200058, 2.01718568802, 0.465285420418, 0.0560618154705, 0.00739014009014, 0.00011034446652, 2.47131080044e-08]
    },
    "gfcc": {
        "mean": [-57.8524284363, 77.4711685181, -133.56338501, 48.6387672424, -32.614315033, 0.559402644634, -33.1175880432, 12.2402505875, -13.3998403549, -1.68329024315, -20.0274925232, -0.10109154135, -7.80103397369],
        "cov": [[41335.1992188, -3845.54077148, 1187.46508789, 3307.2487793, -1663.60974121, 2257.87133789, -1407.73754883, 218.01802063, -735.075134277, 916.87109375, -689.821594238, 1212.74694824, -328.650909424], [-3845.54077148, 3446.08666992, -746.192565918, 393.615631104, 676.948913574, -863.125305176, 401.584838867, -345.20803833, 272.605010986, -284.489715576, 149.749237061, -431.317169189, 322.94329834], [1187.46508789, -746.192565918, 1547.61132812, -21.4680480957, -220.655502319, 492.873687744, -158.44442749, 108.923217773, -106.613189697, 110.782173157, -66.7437667847, 205.665710449, -73.8832778931], [3307.2487793, 393.615631104, -21.4680480957, 1357.25854492, 222.198638916, -0.434365212917, -99.498374939, -250.173416138, 82.3098983765, 124.908622742, -40.9936904907, -34.3126716614, 126.301445007], [-1663.60974121, 676.948913574, -220.655502319, 222.198638916, 500.954589844, -161.127410889, 120.063850403, -198.295532227, 68.6462554932, 8.81545639038, 70.124168396, -129.148010254, 84.0933532715], [2257.87133789, -863.125305176, 492.873687744, -0.434365212917, -161.127410889, 576.19732666, -134.858230591, -2.83889389038, -128.468765259, 159.451324463, -3.53447246552, 153.821624756, -83.7200012207], [-1407.73754883, 401.584838867, -158.44442749, -99.498374939, 120.063850403, -134.858230591, 244.5027771, 30.9125366211, 100.667976379, -66.5641021729, 59.7673530579, -33.2314720154, 49.6910820007], [218.01802063, -345.20803833, 108.923217773, -250.173416138, -198.295532227, -2.83889389038, 30.9125366211, 352.800109863, 39.0051231384, -33.8203468323, -34.4095420837, 79.9882049561, -40.0343093872], [-735.075134277, 272.605010986, -106.613189697, 82.3098983765, 68.6462554932, -128.468765259, 100.667976379, 39.0051231384, 150.458175659, -16.8295326233, 33.8033294678, -39.3522949219, 41.1270713806], [916.87109375, -284.489715576, 110.782173157, 124.908622742, 8.81545639038, 159.451324463, -66.5641021729, -33.8203468323, -16.8295326233, 157.965927124, 12.8011922836, 45.0595550537, -17.4004840851], [-689.821594238, 149.749237061, -66.7437667847, -40.9936904907, 70.124168396, -3.53447246552, 59.7673530579, -34.4095420837, 33.8033294678, 12.8011922836, 105.791221619, 2.89534759521, 25.9887180328], [1212.74694824, -431.317169189, 205.665710449, -34.3126716614, -129.148010254, 153.821624756, -33.2314720154, 79.9882049561, -39.3522949219, 45.0595550537, 2.89534759521, 161.68536377, -16.0645484924], [-328.650909424, 322.94329834, -73.8832778931, 126.301445007, 84.0933532715, -83.7200012207, 49.6910820007, -40.0343093872, 41.1270713806, -17.4004840851, 25.9887180328, -16.0645484924, 102.939506531]],
        "icov": [[9.41422695178e-05, -0.000134592351969, 0.000155011322931, -0.000263352674665, 0.00017988786567, -0.000314096163493, 0.000134350790177, -0.000136425936944, 0.000169815641129, -0.000145164653077, 0.000452029256849, -0.00067463319283, 0.00032508073491], [-0.000134592351969, 0.00114244944416, -0.000414378242567, 0.000201463961275, -0.000367075321265, 0.00114852376282, -0.00078291608952, 0.000523743045051, -3.09595270664e-05, 0.000837237224914, -0.00149099598639, 0.00242473348044, -0.00183412129991], [0.000155011322931, -0.000414378242567, 0.00128538475838, -0.000337431789376, 0.000140001808177, -0.00148921040818, 0.000681142206304, -0.000420735188527, -0.000159890259965, -6.77543430356e-05, 0.00157129846048, -0.00208213622682, 0.000644297339022], [-0.000263352674665, 0.000201463961275, -0.000337431789376, 0.0021417690441, -0.000872870616149, 0.000549103831872, 0.000678440206684, 0.00122351222672, -0.00225495337509, -0.000334760901751, 0.000487796904054, 0.00103289319668, -0.00215250300243], [0.00017988786567, -0.000367075321265, 0.000140001808177, -0.000872870616149, 0.0045553073287, 6.53092574794e-05, -0.00174702308141, 0.00102131138556, 0.00110317231156, -0.00205988157541, -0.000359054887667, 0.000859930180013, -9.44088824326e-05], [-0.000314096163493, 0.00114852376282, -0.00148921040818, 0.000549103831872, 6.53092574794e-05, 0.00610004086047, -0.00152623723261, 0.0011663150508, 0.00201737415045, -0.00213899323717, -0.00337042845786, 0.00190944760107, -0.000269097043201], [0.000134350790177, -0.00078291608952, 0.000681142206304, 0.000678440206684, -0.00174702308141, -0.00152623723261, 0.00939564034343, -0.000952821399551, -0.00474663404748, 0.00262909941375, -0.000491637096275, -0.00326093891636, -0.000222512360779], [-0.000136425936944, 0.000523743045051, -0.000420735188527, 0.00122351222672, 0.00102131138556, 0.0011663150508, -0.000952821399551, 0.0059845065698, -0.0035767860245, 0.000566137430724, 0.001546171261, -0.00129578111228, -4.80583476019e-05], [0.000169815641129, -3.09595270664e-05, -0.000159890259965, -0.00225495337509, 0.00110317231156, 0.00201737415045, -0.00474663404748, -0.0035767860245, 0.0152219738811, -0.00290644424967, -0.00346825458109, 0.00266649574041, -0.000350127753336], [-0.000145164653077, 0.000837237224914, -6.77543430356e-05, -0.000334760901751, -0.00205988157541, -0.00213899323717, 0.00262909941375, 0.000566137430724, -0.00290644424967, 0.0124778943136, -0.00292721763253, -0.000129646272399, 0.000155441317474], [0.000452029256849, -0.00149099598639, 0.00157129846048, 0.000487796904054, -0.000359054887667, -0.00337042845786, -0.000491637096275, 0.001546171261, -0.00346825458109, -0.00292721763253, 0.0182288363576, -0.00754913315177, 0.00015143454948], [-0.00067463319283, 0.00242473348044, -0.00208213622682, 0.00103289319668, 0.000859930180013, 0.00190944760107, -0.00326093891636, -0.00129578111228, 0.00266649574041, -0.000129646272399, -0.00754913315177, 0.0195739418268, -0.00672856345773], [0.00032508073491, -0.00183412129991, 0.000644297339022, -0.00215250300243, -9.44088824326e-05, -0.000269097043201, -0.000222512360779, -4.80583476019e-05, -0.000350127753336, 0.000155441317474, 0.00015143454948, -0.00672856345773, 0.0186346638948]]
    },
    "melbands": {
        "dmean": [0.001122971531, 0.00100676447619, 0.000709549407475, 0.000367770844605, 9.20786842471e-05, 0.000109782376967, 3.33193347615e-05, 3.45916159858e-05, 4.14382775489e-05, 5.39980355825e-05, 4.60589617433e-05, 3.07537593471e-05, 2.83739354927e-05, 2.50348603004e-05, 3.55485681212e-05, 3.4074724681e-05, 2.0012837922e-05, 1.66578101926e-05, 1.622704076e-05, 3.12540796585e-05, 3.34985088557e-05, 2.89512936433e-05, 1.47533874042e-05, 1.28472065626e-05, 1.26270851979e-05, 9.23042262002e-06, 7.48854245103e-06, 6.79766117173e-06, 6.11461200606e-06, 5.51642369828e-06, 4.74257603855e-06, 4.28591238233e-06, 4.78193305753e-06, 4.98200233778e-06, 3.23624658449e-06, 2.23108622777e-06, 1.76279979769e-06, 1.50573805513e-06, 9.92937202682e-07, 6.93399442753e-07],
        "dmean2": [0.00174874812365, 0.00165989110246, 0.00116014818195, 0.000570892705582, 0.000147542872583, 0.00017612434749, 5.71656164539e-05, 6.11768773524e-05, 7.00128584867e-05, 8.91653617145e-05, 7.75482840254e-05, 5.23572089151e-05, 4.75437773275e-05, 4.11322143918e-05, 6.09262206126e-05, 5.78493854846e-05, 3.53401592292e-05, 2.83506797132e-05, 2.75611291727e-05, 5.2138700994e-05, 5.55297192477e-05, 4.76385685033e-05, 2.52625941357e-05, 2.25114908972e-05, 2.16314365389e-05, 1.58020884555e-05, 1.28702258735e-05, 1.1503888345e-05, 1.04602395368e-05, 9.35279058467e-06, 7.96533731773e-06, 7.10868744136e-06, 7.78328740125e-06, 7.94943116489e-06, 5.01271324538e-06, 3.62157720701e-06, 2.93655875794e-06, 2.56647149399e-06, 1.65971300703e-06, 1.1197925005e-06],
        "dvar": [4.40703479399e-06, 5.60453236176e-06, 2.70347004516e-06, 1.18129105431e-06, 5.28315773352e-08, 3.50990454479e-08, 3.6774869816e-09, 7.88407561458e-09, 9.76609193515e-09, 9.9370351947e-09, 1.32794548691e-08, 8.10538480778e-09, 4.7023700489e-09, 3.49649043052e-09, 8.92872442648e-09, 7.25390325584e-09, 2.23379825748e-09, 9.83181536185e-10, 1.01818442566e-09, 2.87947643507e-09, 2.87784440722e-09, 2.79254797064e-09, 5.12836328959e-10, 6.76783573628e-10, 4.53833137737e-10, 2.60733656887e-10, 1.90359492058e-10, 1.59952218137e-10, 1.44851311501e-10, 1.30756877548e-10, 8.89628579137e-11, 8.47135001036e-11, 1.10399786535e-10, 1.23398916085e-10, 4.90600303438e-11, 2.29429218679e-11, 1.46355167568e-11, 1.11677689665e-11, 4.63120557528e-12, 2.32490242336e-12],
        "dvar2": [1.11273484436e-05, 1.47623750308e-05, 6.65404331812e-06, 2.26258612201e-06, 1.09975509588e-07, 9.27511791815e-08, 1.03580282129e-08, 2.37515287438e-08, 2.69727919999e-08, 2.78380518637e-08, 3.86741447755e-08, 2.26246505974e-08, 1.25477148671e-08, 8.84231177167e-09, 2.49820732989e-08, 1.97578433614e-08, 6.39913277922e-09, 2.60023780285e-09, 2.76326495019e-09, 7.44133243913e-09, 6.69229249795e-09, 6.64668053929e-09, 1.46188661176e-09, 1.94272598009e-09, 1.26973354053e-09, 7.16227133157e-10, 5.22092535871e-10, 4.15663808928e-10, 3.82524123488e-10, 3.39620970236e-10, 2.29840979582e-10, 2.14343154337e-10, 2.67987743108e-10, 2.79884282417e-10, 1.07728874432e-10, 5.48153709923e-11, 3.70775424252e-11, 2.9838114618e-11, 1.25263723005e-11, 5.7990873388e-12],
        "max": [0.0227780397981, 0.0237919650972, 0.0196407549083, 0.0171467084438, 0.0035876526963, 0.00560035556555, 0.000775475695264, 0.00127277884167, 0.00163891923148, 0.00162552855909, 0.00192486483138, 0.00145952519961, 0.00117400416639, 0.000888472306542, 0.00162439781707, 0.00146054441575, 0.00110253843013, 0.000575258920435, 0.00044578401139, 0.000834474980365, 0.00091679173056, 0.000983087462373, 0.000305876892526, 0.000504129449837, 0.000271860335488, 0.0001713505917, 0.000135307156597, 0.000141889773658, 0.000129469757667, 0.000119244359666, 9.86160230241e-05, 8.66392438184e-05, 0.000137112598168, 0.000115953254863, 8.35164755699e-05, 5.35060098628e-05, 4.60497867607e-05, 3.62083774235e-05, 3.44942454831e-05, 2.01223701879e-05],
        "mean": [0.00151973485481, 0.00116001442075, 0.000790509104263, 0.000448034552392, 0.000137059760164, 0.000211745456909, 5.15634164913e-05, 4.33113345935e-05, 6.17463156232e-05, 9.37677541515e-05, 7.56214212743e-05, 4.51312043879e-05, 3.85827333957e-05, 3.80224955734e-05, 6.15108147031e-05, 5.44037211512e-05, 2.69915399258e-05, 2.70360142167e-05, 2.90863645205e-05, 7.85107331467e-05, 9.58811797318e-05, 7.74244035711e-05, 3.550688416e-05, 2.48451397056e-05, 2.62688063231e-05, 1.69949962583e-05, 1.17421923278e-05, 1.08486601675e-05, 9.21990067582e-06, 7.64798369346e-06, 6.20633636572e-06, 5.92148217038e-06, 6.59957777316e-06, 7.60362672736e-06, 4.79485197502e-06, 3.06575520881e-06, 2.48308606388e-06, 1.97230610866e-06, 1.6154928062e-06, 1.19386049846e-06],
        "median": [0.00032827706309, 0.000404359598178, 0.000260414322838, 0.000114069975098, 4.43875978817e-05, 8.42002045829e-05, 2.377047349e-05, 1.68288133864e-05, 1.19647784231e-05, 3.83229526051e-05, 1.47567025124e-05, 5.9340950429e-06, 4.3582285798e-06, 4.31414673585e-06, 5.43310761714e-06, 6.66216965328e-06, 8.29628697829e-06, 1.3533947822e-05, 1.61655443662e-05, 4.00138815166e-05, 5.95486562815e-05, 4.72445972264e-05, 2.4872013455e-05, 1.4661327441e-05, 1.8296053895e-05, 1.14495933303e-05, 6.71175575917e-06, 5.88817147218e-06, 4.20910510002e-06, 2.968583658e-06, 2.02514866032e-06, 1.17013587442e-06, 9.5208190487e-07, 6.83322241457e-07, 5.56074098768e-07, 4.84807401335e-07, 4.20005960677e-07, 3.59481703072e-07, 2.85065738126e-07, 1.98610862867e-07],
        "min": [1.26196613224e-24, 1.43827723481e-24, 1.0708342068e-24, 1.64364681768e-24, 1.71066163627e-24, 1.38315567766e-24, 2.36138727774e-24, 1.54663664786e-24, 1.79351865537e-24, 2.09269415367e-24, 3.17077848524e-24, 3.20689983444e-24, 2.45610837043e-24, 2.58320904783e-24, 1.91292005034e-24, 3.11167446242e-24, 3.33065948869e-24, 2.91252711854e-24, 3.41158162921e-24, 2.91299254648e-24, 3.30553564937e-24, 4.09548537986e-24, 4.23079238004e-24, 4.10126181383e-24, 4.77272996117e-24, 3.94419329672e-24, 3.96165552172e-24, 3.8962877461e-24, 3.6994547229e-24, 5.67239624129e-24, 5.21932226341e-24, 4.86565304264e-24, 4.66459211942e-24, 5.31802020114e-24, 3.82432943204e-24, 6.61678186283e-24, 4.34248009586e-24, 6.21351577365e-24, 6.61948173928e-24, 5.64342177467e-24],
        "var": [7.06353239366e-06, 5.97039161221e-06, 2.85134569822e-06, 1.82453356956e-06, 9.03436330191e-08, 1.23674325891e-07, 4.92745710901e-09, 6.66194344134e-09, 1.72361094286e-08, 1.65118869688e-08, 2.19019415937e-08, 1.26090942132e-08, 7.65038965511e-09, 6.223755733e-09, 2.37703670081e-08, 1.73280216842e-08, 2.83264567358e-09, 1.58585644616e-09, 1.38358258184e-09, 1.18028689045e-08, 1.30650228414e-08, 1.26375780951e-08, 1.15359255481e-09, 9.02803498626e-10, 7.17732207001e-10, 3.61712632069e-10, 2.29244637162e-10, 2.06883676857e-10, 1.83292631073e-10, 1.4667717041e-10, 1.01150081366e-10, 1.07157865914e-10, 1.4652999647e-10, 2.10467324124e-10, 8.07589065066e-11, 3.26564920938e-11, 2.26519324131e-11, 1.42420415739e-11, 8.790115337e-12, 4.45721497905e-12]
    },
    "mfcc": {
        "mean": [-675.907653809, 95.0590438843, -22.5889377594, 44.0010643005, 17.3186244965, 4.50749874115, -4.41704940796, 7.62952756882, 9.37447547913, 2.31262326241, -0.84084880352, 0.301325559616, -0.915763497353],
        "cov": [[20325.4082031, -1018.72015381, 331.70098877, 649.529418945, 374.506256104, 594.875244141, -81.3779830933, 439.77935791, -124.525375366, -235.812728882, -388.137664795, 160.377304077, 647.263122559], [-1018.72015381, 1779.16564941, -426.741699219, 659.165344238, 183.306121826, 16.8112163544, 57.1659889221, -125.597358704, 92.1730041504, -56.4108428955, -52.9944801331, -29.843793869, 28.494304657], [331.70098877, -426.741699219, 1037.63562012, -530.665771484, -10.9791641235, 22.9225502014, 13.7194566727, 146.390960693, -67.836479187, 48.2264900208, -42.8704452515, -4.36973381042, -7.3218536377], [649.529418945, 659.165344238, -530.665771484, 1141.27209473, 267.908538818, 86.2234420776, -79.0013046265, -103.3748703, 146.876220703, -52.989654541, -62.8002967834, 4.42393732071, 88.6607208252], [374.506256104, 183.306121826, -10.9791641235, 267.908538818, 246.358383179, 91.8847351074, 26.7639904022, -40.9165267944, 5.21589756012, 2.50631833076, -28.0864505768, 19.5006465912, 43.4163970947], [594.875244141, 16.8112163544, 22.9225502014, 86.2234420776, 91.8847351074, 221.268569946, 60.9950294495, -2.3123281002, -44.3988571167, -18.7930736542, -5.77808189392, 19.3087596893, 78.0208816528], [-81.3779830933, 57.1659889221, 13.7194566727, -79.0013046265, 26.7639904022, 60.9950294495, 116.310646057, 19.1246967316, -9.14969062805, -3.34224176407, 8.79835987091, 19.4164791107, 22.8483715057], [439.77935791, -125.597358704, 146.390960693, -103.3748703, -40.9165267944, -2.3123281002, 19.1246967316, 137.924301147, 34.7448768616, 13.3375921249, 1.22184562683, 11.8909978867, 11.8076314926], [-124.525375366, 92.1730041504, -67.836479187, 146.876220703, 5.21589756012, -44.3988571167, -9.14969062805, 34.7448768616, 112.474067688, 31.8134326935, 13.3338155746, -6.29207277298, -8.26159191132], [-235.812728882, -56.4108428955, 48.2264900208, -52.989654541, 2.50631833076, -18.7930736542, -3.34224176407, 13.3375921249, 31.8134326935, 87.9798965454, 47.9956245422, 12.1552553177, -30.3465957642], [-388.137664795, -52.9944801331, -42.8704452515, -62.8002967834, -28.0864505768, -5.77808189392, 8.79835987091, 1.22184562683, 13.3338155746, 47.9956245422, 92.3818130493, 24.192401886, -24.4261951447], [160.377304077, -29.843793869, -4.36973381042, 4.42393732071, 19.5006465912, 19.3087596893, 19.4164791107, 11.8909978867, -6.29207277298, 12.1552553177, 24.192401886, 73.3994674683, 38.2585830688], [647.263122559, 28.494304657, -7.3218536377, 88.6607208252, 43.4163970947, 78.0208816528, 22.8483715057, 11.8076314926, -8.26159191132, -30.3465957642, -24.4261951447, 38.2585830688, 117.348716736]],
