{
"lowlevel": {
    "average_loudness": 0.964841485023,
    "barkbands_crest": {
        "dmean": 2.1917886734,
        "dmean2": 3.38304591179,
        "dvar": 5.30403280258,
        "dvar2": 13.1693277359,
        "max": 26.2222385406,
        "mean": 8.98655796051,
        "median": 8.32425117493,
        "min": 1.78670680523,
        "var": 16.057258606
    },
    "barkbands_flatness_db": {
        "dmean": 0.0151237836108,
        "dmean2": 0.0226251669228,
        "dvar": 0.000268735457212,
        "dvar2": 0.000524222909007,
        "max": 0.799038052559,
        "mean": 0.104611672461,
        "median": 0.0816351175308,
        "min": 0.0109658222646,
        "var": 0.00609174231067
    },
    "barkbands_kurtosis": {
        "dmean": 1.44861149788,
        "dmean2": 2.26355028152,
        "dvar": 11.0463399887,
        "dvar2": 24.9492645264,
        "max": 114.125999451,
        "mean": 1.5877995491,
        "median": 0.511015176773,
        "min": -1.83064615726,
        "var": 23.5005588531
    },
    "barkbands_skewness": {
        "dmean": 0.39088717103,
        "dmean2": 0.576470553875,
        "dvar": 0.207445695996,
        "dvar2": 0.443217813969,
        "max": 10.0598974228,
        "mean": 0.870920658112,
        "median": 0.827478170395,
        "min": -2.66667604446,
        "var": 0.864314496517
    },
    "barkbands_spread": {
        "dmean": 5.61391067505,
        "dmean2": 8.19299507141,
        "dvar": 39.2930107117,
        "dvar2": 87.8252258301,
        "max": 107.164024353,
        "mean": 30.2913951874,
        "median": 29.4621067047,
        "min": 1.19196522236,
        "var": 235.607299805
    },
    "dissonance": {
        "dmean": 0.0161127783358,
        "dmean2": 0.0272943172604,
        "dvar": 0.000312549469527,
        "dvar2": 0.000855203426909,
        "max": 0.500000059605,
        "mean": 0.474567234516,
        "median": 0.480556309223,
        "min": 0.199168995023,
        "var": 0.000575783953536
    },
    "dynamic_complexity": 2.70347976685,
    "erbbands_crest": {
        "dmean": 2.02102732658,
        "dmean2": 3.34605836868,
        "dvar": 3.6181075573,
        "dvar2": 9.34598827362,
        "max": 32.5071907043,
        "mean": 7.57271575928,
        "median": 6.91683626175,
        "min": 2.35295391083,
        "var": 10.6977729797
    },
    "erbbands_flatness_db": {
        "dmean": 0.0146185792983,
        "dmean2": 0.021939938888,
        "dvar": 0.000233749087784,
        "dvar2": 0.000448932434665,
        "max": 0.716009318829,
        "mean": 0.151813596487,
        "median": 0.130768403411,
        "min": 0.0362088419497,
        "var": 0.00634433235973
    },
    "erbbands_kurtosis": {
        "dmean": 0.820369005203,
        "dmean2": 1.33412265778,
        "dvar": 1.44075679779,
        "dvar2": 3.40744566917,
        "max": 65.6860122681,
        "mean": 1.10354089737,
        "median": 0.806596755981,
        "min": -1.8112193346,
        "var": 3.59470462799
    },
    "erbbands_skewness": {
        "dmean": 0.296015173197,
        "dmean2": 0.472575724125,
        "dvar": 0.0970176383853,
        "dvar2": 0.243552878499,
        "max": 7.46950340271,
        "mean": 0.565188467503,
        "median": 0.551873207092,
        "min": -3.43729376793,
        "var": 0.280488789082
    },
    "erbbands_spread": {
        "dmean": 5.13679742813,
        "dmean2": 8.20946884155,
        "dvar": 51.4747886658,
        "dvar2": 115.433906555,
        "max": 199.979553223,
        "mean": 27.3801994324,
        "median": 25.1785068512,
        "min": 2.00076413155,
        "var": 212.542236328
    },
    "hfc": {
        "dmean": 8.11617183685,
        "dmean2": 12.4880752563,
        "dvar": 104.584320068,
        "dvar2": 242.392944336,
        "max": 180.80229187,
        "mean": 43.0217208862,
        "median": 41.2328605652,
        "min": 1.07488189839e-16,
        "var": 561.458679199
    },
    "melbands_crest": {
        "dmean": 3.46330690384,
        "dmean2": 4.91059207916,
        "dvar": 12.2412242889,
        "dvar2": 26.575006485,
        "max": 38.1085166931,
        "mean": 16.2461891174,
        "median": 15.0699329376,
        "min": 1.91401338577,
        "var": 70.3876419067
    },
    "melbands_flatness_db": {
        "dmean": 0.0186638887972,
        "dmean2": 0.0266324039549,
        "dvar": 0.000425847363658,
        "dvar2": 0.000791810743976,
        "max": 0.793273985386,
        "mean": 0.166044220328,
        "median": 0.148462727666,
        "min": 0.00458425842226,
        "var": 0.0062571875751
    },
    "melbands_kurtosis": {
        "dmean": 3.92074584961,
        "dmean2": 5.94085025787,
        "dvar": 450.860931396,
        "dvar2": 867.772094727,
        "max": 1145.59509277,
        "mean": 6.04819393158,
        "median": 2.52220869064,
        "min": -1.80869960785,
        "var": 906.35144043
    },
    "melbands_skewness": {
        "dmean": 0.526356995106,
        "dmean2": 0.777501702309,
        "dvar": 0.62174052,
        "dvar2": 1.15494561195,
        "max": 27.6313762665,
        "mean": 1.52855873108,
        "median": 1.42282068729,
        "min": -1.54537951946,
        "var": 2.34534597397
    },
    "melbands_spread": {
        "dmean": 6.26626968384,
        "dmean2": 8.94745922089,
        "dvar": 44.7964820862,
        "dvar2": 92.6711807251,
        "max": 160.804855347,
        "mean": 32.7204284668,
        "median": 32.1685600281,
        "min": 0.631590306759,
        "var": 271.757873535
    },
    "pitch_salience": {
        "dmean": 0.0769780948758,
        "dmean2": 0.119771637022,
        "dvar": 0.00735399499536,
        "dvar2": 0.0184409674257,
        "max": 0.969201803207,
        "mean": 0.566415131092,
        "median": 0.567022442818,
        "min": 0.0295255426317,
        "var": 0.0212258733809
    },
    "silence_rate_20dB": {
        "dmean": 0,
        "dmean2": 0,
        "dvar": 0,
        "dvar2": 0,
        "max": 1,
        "mean": 1,
        "median": 1,
        "min": 1,
        "var": 0
    },
    "silence_rate_30dB": {
        "dmean": 0.00227963528596,
        "dmean2": 0.00455970363691,
        "dvar": 0.00227457820438,
        "dvar2": 0.00662910798565,
        "max": 1,
        "mean": 0.998765289783,
        "median": 1,
        "min": 0,
        "var": 0.00123330065981
    },
    "silence_rate_60dB": {
        "dmean": 0.00360942259431,
        "dmean2": 0.00721953064203,
        "dvar": 0.00359660037793,
        "dvar2": 0.00887840241194,
        "max": 1,
        "mean": 0.0443536899984,
        "median": 0,
        "min": 0,
        "var": 0.0423870421946
    },
    "spectral_centroid": {
        "dmean": 219.92199707,
        "dmean2": 329.987243652,
        "dvar": 76597.1171875,
        "dvar2": 153623.515625,
        "max": 11298.4697266,
        "mean": 1720.23803711,
        "median": 1781.7479248,
        "min": 234.129058838,
        "var": 436006.96875
    },
    "spectral_complexity": {
        "dmean": 3.50379943848,
        "dmean2": 5.406478405,
        "dvar": 11.0952501297,
        "dvar2": 23.2772769928,
        "max": 58,
        "mean": 29.2382946014,
        "median": 31,
        "min": 0,
        "var": 114.447433472
    },
    "spectral_decrease": {
        "dmean": 2.56098631191e-09,
        "dmean2": 3.84104703599e-09,
        "dvar": 1.19113015591e-17,
        "dvar2": 3.03097008977e-17,
        "max": 1.81678556851e-28,
        "mean": -9.23682197396e-09,
        "median": -8.52718251565e-09,
        "min": -3.97170687449e-08,
        "var": 2.52306862051e-17
    },
    "spectral_energy": {
        "dmean": 0.0101763308048,
        "dmean2": 0.0153019139543,
        "dvar": 0.000183254436706,
        "dvar2": 0.000468288257252,
        "max": 0.153668418527,
        "mean": 0.0387640297413,
        "median": 0.0366897247732,
        "min": 1.02428813978e-20,
        "var": 0.000389760854887
    },
    "spectral_energyband_high": {
        "dmean": 0.000387580919778,
        "dmean2": 0.000564267742448,
        "dvar": 2.89899020345e-07,
        "dvar2": 5.86978842421e-07,
        "max": 0.0113656166941,
        "mean": 0.00187510054093,
        "median": 0.00154003582429,
        "min": 7.16833991824e-21,
        "var": 2.62624212155e-06
    },
    "spectral_energyband_low": {
        "dmean": 0.00549281388521,
        "dmean2": 0.00787228066474,
        "dvar": 6.5764223109e-05,
        "dvar2": 0.000150175736053,
        "max": 0.0905411317945,
        "mean": 0.0138066885993,
        "median": 0.00855050608516,
        "min": 3.75313607641e-23,
        "var": 0.000206740674912
    },
    "spectral_energyband_middle_high": {
        "dmean": 0.00339861074463,
        "dmean2": 0.00532524567097,
        "dvar": 1.89707534446e-05,
        "dvar2": 4.69041369797e-05,
        "max": 0.0624036490917,
        "mean": 0.0132632544264,
        "median": 0.0112500172108,
        "min": 1.26335086948e-21,
        "var": 8.20212371764e-05
    },
    "spectral_energyband_middle_low": {
        "dmean": 0.00635566469282,
        "dmean2": 0.0109701743349,
        "dvar": 0.0001932681771,
        "dvar2": 0.00053543492686,
        "max": 0.137342482805,
        "mean": 0.0103682745248,
        "median": 0.0067100902088,
        "min": 2.20279196767e-22,
        "var": 0.000162594078574
    },
    "spectral_entropy": {
        "dmean": 0.124378114939,
        "dmean2": 0.187045261264,
        "dvar": 0.0227978229523,
        "dvar2": 0.047551792115,
        "max": 9.80903434753,
        "mean": 7.79963064194,
        "median": 7.89216995239,
        "min": 3.49232244492,
        "var": 0.319658696651
    },
    "spectral_flux": {
        "dmean": 0.0282069593668,
        "dmean2": 0.0415786206722,
        "dvar": 0.00123462057672,
        "dvar2": 0.00199145660736,
        "max": 0.389792054892,
        "mean": 0.101913034916,
        "median": 0.0916418805718,
        "min": 6.5201580246e-11,
        "var": 0.00318195717409
    },
    "spectral_kurtosis": {
        "dmean": 1.68503654003,
        "dmean2": 2.8603219986,
        "dvar": 22.8212985992,
        "dvar2": 67.7390975952,
        "max": 142.329071045,
        "mean": 7.07233572006,
        "median": 4.67803764343,
        "min": -1.23078680038,
        "var": 123.718894958
    },
    "spectral_rms": {
        "dmean": 0.000769002537709,
        "dmean2": 0.00113055482507,
        "dvar": 8.26971529477e-07,
        "dvar2": 2.03986746783e-06,
        "max": 0.0122441994026,
        "mean": 0.00586990406737,
        "median": 0.00598288001493,
        "min": 3.16117943454e-12,
        "var": 3.36277071256e-06
    },
    "spectral_rolloff": {
        "dmean": 442.503936768,
        "dmean2": 688.254211426,
        "dvar": 733543.0625,
        "dvar2": 1652467,
        "max": 19293.75,
        "mean": 1961.13452148,
        "median": 1658.05664062,
        "min": 43.06640625,
        "var": 2382603.5
    },
    "spectral_skewness": {
        "dmean": 0.18836607039,
        "dmean2": 0.307885020971,
        "dvar": 0.109987951815,
        "dvar2": 0.311005175114,
        "max": 8.73498725891,
        "mean": 1.93410372734,
        "median": 1.80420839787,
        "min": -0.64800286293,
        "var": 0.631987154484
    },
    "spectral_spread": {
        "dmean": 532552.9375,
        "dmean2": 789153.8125,
        "dvar": 700431007744,
        "dvar2": 1.23969929216e+12,
        "max": 41635464,
        "mean": 5345375.5,
        "median": 5370304,
        "min": 499955.53125,
        "var": 6.21115919565e+12
    },
    "spectral_strongpeak": {
        "dmean": 0.539050579071,
        "dmean2": 0.91719865799,
        "dvar": 0.938474178314,
        "dvar2": 2.34528255463,
        "max": 8.54632759094,
        "mean": 1.0349906683,
        "median": 0.290627062321,
        "min": 0,
        "var": 2.2217373848
    },
    "zerocrossingrate": {
        "dmean": 0.0125623429194,
        "dmean2": 0.0149809159338,
        "dvar": 0.000198313238798,
        "dvar2": 0.000272987148492,
        "max": 0.67041015625,
        "mean": 0.0903130620718,
        "median": 0.08740234375,
        "min": 0.0068359375,
        "var": 0.00247133593075
    },
    "barkbands": {
        "dmean": [0.00119917083066, 0.00429072184488, 0.00128880341072, 0.00100397830829, 0.0019220438553, 0.00200154725462, 0.00139841495547, 0.000685233040713, 0.0011485805735, 0.0010144385742, 0.00121179712005, 0.000932733819354, 0.00113967980724, 0.000754901382606, 0.000661454221699, 0.000296402198728, 0.000346905115293, 0.000222877439228, 0.000158865062986, 0.000135133770527, 9.47902954067e-05, 6.31719667581e-05, 5.37974883628e-05, 6.37589182588e-05, 8.45475296956e-05, 0.000133052104502, 5.19182503922e-05],
        "dmean2": [0.00163288717158, 0.00620069215074, 0.00241928384639, 0.00188147649169, 0.00357570848428, 0.00339396111667, 0.00225779623725, 0.00114186992869, 0.00180822471157, 0.00167592614889, 0.00194887258112, 0.00155224278569, 0.00183351768646, 0.00120120786596, 0.00110670225695, 0.000485168158775, 0.000581470376346, 0.000371535134036, 0.000253092468483, 0.000215899679461, 0.00014985143207, 0.000100224548078, 8.54385580169e-05, 9.96198723442e-05, 0.00012946856441, 0.000202938987059, 8.02428767201e-05],
        "dvar": [3.36383413924e-06, 4.47398633696e-05, 2.05236738111e-05, 1.09348475235e-05, 3.28888381773e-05, 2.31864614761e-05, 6.88523505232e-06, 1.48638673636e-06, 3.43268447978e-06, 2.27218629334e-06, 2.6497386898e-06, 1.97248346012e-06, 2.42275746132e-06, 1.0535364936e-06, 9.40338679811e-07, 2.10045854487e-07, 2.89995170988e-07, 1.42273236747e-07, 6.30327647855e-08, 3.70706558783e-08, 1.39293865331e-08, 7.92695331597e-09, 7.32411953308e-09, 7.71840635849e-09, 1.59887303397e-08, 5.68368712095e-08, 7.7300494894e-09],
        "dvar2": [8.3373988673e-06, 0.000109935834189, 5.8821948187e-05, 3.15673023579e-05, 9.44843995967e-05, 6.44138272037e-05, 1.7917038349e-05, 3.96836549044e-06, 8.47849605634e-06, 5.911847893e-06, 6.71462203172e-06, 5.23573226019e-06, 6.09257767792e-06, 2.64702180175e-06, 2.53802318184e-06, 5.16626869285e-07, 7.98915436917e-07, 3.85477136433e-07, 1.52407551468e-07, 9.59501917919e-08, 3.52547644411e-08, 2.02815488848e-08, 1.82627442058e-08, 1.85305921718e-08, 3.46223245629e-08, 1.15313838478e-07, 1.7362468796e-08],
        "max": [0.0348426811397, 0.0772108733654, 0.0548812374473, 0.0419515147805, 0.0588661469519, 0.0541194565594, 0.0413925237954, 0.0160497426987, 0.03227930516, 0.0198453068733, 0.0226769000292, 0.0239055771381, 0.0291097834706, 0.021532215178, 0.0275846812874, 0.0098814079538, 0.0145171573386, 0.0103297168389, 0.0101034780964, 0.00463027879596, 0.00218457379378, 0.00207786518149, 0.00290161487646, 0.00198376341723, 0.00259376713075, 0.00623423419893, 0.00177426158916],
        "mean": [0.00265915389173, 0.0101209683344, 0.00084760034224, 0.000802608439699, 0.00168671226129, 0.00226816511713, 0.00193892000243, 0.000913226627745, 0.00200197380036, 0.00166518858168, 0.00208616489545, 0.00172055291478, 0.00226999516599, 0.00183328974526, 0.00143128365744, 0.000724436133169, 0.000793202139903, 0.000480662012706, 0.000437335664174, 0.000365971005522, 0.000304084998788, 0.000210388447158, 0.000179497132194, 0.000214993939153, 0.000282419263385, 0.000411190878367, 0.000114033733553],
        "median": [0.000912426563445, 0.00575918192044, 8.02051217761e-05, 0.000112856680062, 0.000308450398734, 0.000704975274857, 0.000797891407274, 0.000453377084341, 0.0012821641285, 0.00109527609311, 0.00139926723205, 0.00112191960216, 0.00156164471991, 0.00116982776672, 0.000896639889106, 0.000506753742229, 0.000547074829228, 0.000361335405614, 0.000348426226992, 0.000295916572213, 0.000245324568823, 0.000142914257594, 9.50957182795e-05, 0.000157785412739, 0.000191915751202, 0.000243868431426, 5.94670018472e-05],
        "min": [1.3441005301e-25, 1.48461224225e-23, 1.51596889131e-24, 1.95405184958e-24, 2.16973541408e-23, 1.91113276763e-23, 4.82667581974e-24, 6.50129933163e-24, 3.61856208578e-23, 3.94679637993e-23, 1.32664963019e-23, 4.01445129997e-23, 4.01038866631e-23, 4.62577180096e-23, 6.57194466559e-23, 5.7030023878e-23, 6.04251802399e-23, 1.02796407761e-22, 1.53773653375e-22, 1.84647195337e-22, 3.23558406335e-22, 3.65617768742e-22, 4.30052937222e-22, 6.7262163237e-22, 1.0443845897e-21, 1.35660922315e-21, 2.13326366075e-21],
        "var": [1.25150991153e-05, 0.000122527286294, 1.16820265248e-05, 6.60879231873e-06, 2.03204763238e-05, 1.93962841877e-05, 8.80307470652e-06, 1.73176169938e-06, 5.37758569408e-06, 3.33529010277e-06, 4.8284755394e-06, 3.79920106752e-06, 5.66749622521e-06, 3.78742583962e-06, 2.55045188169e-06, 6.28816792414e-07, 7.51529398713e-07, 2.27117794793e-07, 1.69167037711e-07, 1.14721402156e-07, 7.24557196463e-08, 4.92629261828e-08, 4.85311630882e-08, 5.13637736788e-08, 8.94220875125e-08, 2.60928715079e-07, 2.41445192728e-08]
    },
    "erbbands": {
        "dmean": [0.218737229705, 0.675711035728, 1.34422051907, 2.65253996849, 4.70145177841, 6.74248123169, 11.1522502899, 17.7128734589, 19.9638957977, 17.2549533844, 15.236571312, 28.6331310272, 30.8955173492, 31.1436386108, 41.0094566345, 40.2750244141, 53.1735267639, 39.8440856934, 25.6924667358, 34.6101303101, 15.5097122192, 16.7144241333, 11.6753921509, 9.51091766357, 6.926861763, 6.94546175003, 4.38997650146, 3.29964137077, 2.34207057953, 2.04673981667, 1.46574163437, 1.18406581879, 1.11820447445, 0.971364319324, 0.67950963974, 0.483798503876, 0.306644588709, 0.093323752284, 0.00684434501454, 0.000100911296613],
        "dmean2": [0.302409350872, 1.05414700508, 2.43323469162, 4.98471689224, 8.75878143311, 12.547328949, 19.2866020203, 30.4005680084, 32.6601753235, 28.0578422546, 25.183883667, 44.6222648621, 50.0562820435, 51.8001861572, 66.5557861328, 66.6685638428, 85.2149429321, 63.075969696, 41.4131011963, 58.6854171753, 24.9092235565, 27.9922733307, 19.4968852997, 15.2531099319, 10.9370985031, 11.1185464859, 6.92573928833, 5.25325345993, 3.70415425301, 3.26405715942, 2.3204240799, 1.88716816902, 1.75991237164, 1.52099084854, 1.05604195595, 0.753239452839, 0.475044280291, 0.142176106572, 0.0105816777796, 0.00015366509615],
        "dvar": [0.0908638015389, 2.17031812668, 20.0768508911, 80.0271453857, 226.399795532, 368.956176758, 804.211608887, 1884.54650879, 1593.12158203, 904.682250977, 809.920471191, 2412.5012207, 2038.59326172, 2493.6887207, 3399.98632812, 3378.50878906, 5667.43701172, 3253.80737305, 1565.0222168, 2960.18701172, 418.031433105, 710.111633301, 316.788787842, 178.917739868, 176.840301514, 107.390129089, 29.2044868469, 19.3617267609, 10.8924617767, 10.0747318268, 5.44511890411, 3.12645816803, 2.47353863716, 1.82255375385, 1.17272520065, 0.730009615421, 0.268034160137, 0.0260206218809, 0.000132684872369, 2.72916533817e-08],
        "dvar2": [0.202590376139, 5.61938810349, 56.3847427368, 230.5546875, 650.196838379, 1061.81652832, 2248.11328125, 5273.2265625, 4213.30322266, 2340.88671875, 2193.21850586, 5832.20947266, 5056.32666016, 6796.86962891, 8917.72753906, 8939.0703125, 14108.0029297, 8086.24316406, 3975.53637695, 8540.30175781, 1058.13598633, 1947.91320801, 883.168212891, 454.156158447, 420.929840088, 274.948669434, 74.1087112427, 51.0419921875, 27.1433925629, 25.9849205017, 13.7493391037, 7.79959583282, 5.79900598526, 4.29029273987, 2.55020785332, 1.51098740101, 0.588011205196, 0.0560671128333, 0.000292578100925, 5.83119792452e-08],
        "max": [4.16250562668, 16.1601676941, 53.2679252625, 111.759590149, 174.860107422, 194.066253662, 297.229553223, 496.446258545, 603.090026855, 524.584716797, 365.555419922, 942.38458252, 720.754394531, 851.208984375, 914.277038574, 1184.28540039, 1579.28552246, 1017.55548096, 1293.44921875, 1157.8079834, 373.393829346, 721.813415527, 567.453613281, 261.646911621, 731.630004883, 286.602966309, 125.666351318, 102.614822388, 84.2193832397, 104.473587036, 61.6372146606, 41.677066803, 39.5929679871, 28.6173591614, 23.37084198, 23.3139743805, 10.5697345734, 3.34040784836, 0.253235310316, 0.00373135507107],
        "mean": [0.579048573971, 1.11683726311, 1.04271399975, 1.98764312267, 3.86873197556, 6.10982561111, 11.5162963867, 20.1616306305, 26.156873703, 25.0765266418, 23.4120597839, 49.0392379761, 55.5855445862, 55.7920608521, 76.6290206909, 81.8960800171, 111.751861572, 98.2260131836, 68.4141845703, 71.5667419434, 42.6813850403, 41.8461647034, 28.6395435333, 24.9153079987, 20.2864761353, 18.2637786865, 13.714058876, 10.4384412766, 7.72101068497, 6.40881872177, 4.86556768417, 3.98325300217, 3.57106494904, 2.97056102753, 2.10915493965, 1.45141577721, 0.839505374432, 0.244489684701, 0.0160099919885, 0.00029703968903],
        "median": [0.283219277859, 0.624180555344, 0.180020049214, 0.336772203445, 0.67910861969, 1.11036849022, 2.85639095306, 6.34899234772, 9.23438453674, 12.492647171, 14.1469287872, 29.4635734558, 38.5432510376, 40.9553413391, 55.6152763367, 57.861415863, 78.4142990112, 61.668674469, 47.3090591431, 43.0102157593, 30.8105278015, 29.2918395996, 22.376619339, 19.3289012909, 16.2546730042, 14.3766813278, 11.336353302, 8.31618976593, 5.44012975693, 3.70336532593, 2.5157930851, 2.27276039124, 2.60202121735, 2.2520468235, 1.27389609814, 0.811815202236, 0.522909224033, 0.142730161548, 0.00894447788596, 0.000195238404558],
        "min": [2.53694637893e-22, 2.63234215438e-21, 4.10517742276e-21, 1.18863147915e-20, 1.66360723027e-20, 6.53565160124e-20, 1.18602875213e-19, 1.1818123282e-19, 5.04806485103e-20, 2.49622817094e-19, 2.99381479101e-19, 9.01216586099e-19, 1.11832874943e-18, 7.4266152061e-19, 7.17098847948e-19, 1.76767049337e-18, 1.94554431036e-18, 3.65681287327e-18, 3.8907184574e-18, 4.92097273751e-18, 3.30923633617e-18, 4.0828894709e-18, 5.00957577524e-18, 7.07740777902e-18, 9.34854051145e-18, 9.37629324818e-18, 9.93864040709e-18, 1.14747875965e-17, 1.2015735593e-17, 1.3792415324e-17, 1.24297634778e-17, 1.24327884773e-17, 1.0714477919e-17, 9.09301035816e-18, 6.89201840577e-18, 4.07045860065e-18, 2.71538042015e-18, 1.03432473251e-18, 2.73338964135e-19, 3.28252473548e-20],
        "var": [0.443420529366, 2.58641457558, 12.5567245483, 46.5494689941, 135.64465332, 242.822113037, 621.146850586, 1523.25476074, 1902.46655273, 1179.98425293, 908.490905762, 3786.02099609, 3355.71972656, 3286.81274414, 5660.80712891, 7153.64111328, 13306.0097656, 11237.5976562, 4976.29101562, 7066.27392578, 1664.8815918, 2026.14135742, 690.397644043, 501.720581055, 448.481719971, 312.182037354, 140.519317627, 91.8369598389, 65.4680404663, 55.389957428, 36.0878601074, 22.6742782593, 14.154540062, 8.94916152954, 5.90262031555, 3.40756034851, 1.03053367138, 0.0947945192456, 0.000447978265584, 1.04083312635e-07]
    },
    "gfcc": {
        "mean": [35.8764762878, 46.2423362732, -126.580337524, -5.23850059509, -43.1520462036, 19.3036670685, -24.1310482025, 16.5648136139, -18.4866790771, 18.1498432159, -10.5776615143, 12.3941726685, -7.69441318512],
        "cov": [[22583.9492188, -1949.13928223, 1954.91870117, 2391.27148438, 517.213500977, 722.228881836, -464.061035156, 458.663513184, -587.708374023, 419.929046631, -314.065429688, 432.002990723, -187.051986694], [-1949.13928223, 1555.07836914, -230.246765137, -39.5451660156, -152.809631348, -232.627593994, 1.01858341694, -224.622741699, 95.4799728394, -91.982170105, 67.0695037842, -71.4020080566, 96.4803237915], [1954.91870117, -230.246765137, 1908.49755859, 355.369384766, 68.5927963257, 324.145690918, -97.8046875, 247.622146606, -58.528591156, 209.673706055, -59.5155487061, 177.293121338, -32.1084861755], [2391.27148438, -39.5451660156, 355.369384766, 632.817993164, 94.5519561768, 160.301345825, 45.1861686707, 55.1445922852, 1.80958759785, 50.107635498, -2.92411828041, 47.0085105896, 18.8330516815], [517.213500977, -152.809631348, 68.5927963257, 94.5519561768, 404.83694458, 155.980712891, 121.859138489, 125.503433228, 2.64009618759, 48.0499954224, 1.4558069706, 1.49633014202, -13.3724756241], [722.228881836, -232.627593994, 324.145690918, 160.301345825, 155.980712891, 292.277069092, 128.502639771, 185.312850952, 67.2065353394, 103.450195312, 22.9816989899, 69.863609314, 9.4544172287], [-464.061035156, 1.01858341694, -97.8046875, 45.1861686707, 121.859138489, 128.502639771, 217.3359375, 125.293121338, 117.964927673, 51.6576461792, 54.8442649841, 12.4615621567, 26.0787067413], [458.663513184, -224.622741699, 247.622146606, 55.1445922852, 125.503433228, 185.312850952, 125.293121338, 236.498260498, 99.71484375, 118.599876404, 44.0736503601, 71.015625, -4.16609287262], [-587.708374023, 95.4799728394, -58.528591156, 1.80958759785, 2.64009618759, 67.2065353394, 117.964927673, 99.71484375, 167.869537354, 66.74269104, 81.193862915, 35.5209617615, 31.358089447], [419.929046631, -91.982170105, 209.673706055, 50.107635498, 48.0499954224, 103.450195312, 51.6576461792, 118.599876404, 66.74269104, 125.662971497, 42.0290603638, 69.9611663818, 18.9377326965], [-314.065429688, 67.0695037842, -59.5155487061, -2.92411828041, 1.4558069706, 22.9816989899, 54.8442649841, 44.0736503601, 81.193862915, 42.0290603638, 92.2817764282, 39.3418121338, 36.0672645569], [432.002990723, -71.4020080566, 177.293121338, 47.0085105896, 1.49633014202, 69.863609314, 12.4615621567, 71.015625, 35.5209617615, 69.9611663818, 39.3418121338, 88.2816848755, 26.4450187683], [-187.051986694, 96.4803237915, -32.1084861755, 18.8330516815, -13.3724756241, 9.4544172287, 26.0787067413, -4.16609287262, 31.358089447, 18.9377326965, 36.0672645569, 26.4450187683, 80.8182601929]],
        "icov": [[0.000174408123712, -1.59165265359e-05, 0.000239555316512, -0.000683410500642, -3.11116991725e-06, -7.85510565038e-05, 0.000669374305289, -0.000676531170029, 0.000768033612985, -0.000529853918124, 0.000403725367505, -0.000626228284091, 0.000285791116767], [-1.59165265359e-05, 0.00115633197129, -0.000439886702225, 2.62513785856e-05, -0.000233527418459, 0.000864983652718, -0.000559939246159, 0.0016813139664, -0.00174069090281, 0.000440188799985, -0.000496874796227, 0.000780726666562, -0.000932086375542], [0.000239555316512, -0.000439886702225, 0.00158620334696, -0.00125315657351, 0.000299688021187, -0.00122752238531, 0.00228726002388, -0.00235497322865, 0.00211631320417, -0.00184229493607, 0.00163826928474, -0.0018785338616, 0.000829634838738], [-0.000683410500642, 2.62513785856e-05, -0.00125315657351, 0.00472065294161, -0.000229080556892, -0.000793999817688, -0.00306680332869, 0.0037853254471, -0.00297483289614, 0.0021231144201, -0.00145676033571, 0.00194157357328, -0.00129971944261], [-3.11116991725e-06, -0.000233527418459, 0.000299688021187, -0.000229080556892, 0.00423418777063, -0.0014248722, -0.00179046206176, -0.00203433912247, 0.0036692051217, -0.00118267070502, -0.001088973484, 0.00210770801641, 0.000433961598901], [-7.85510565038e-05, 0.000864983652718, -0.00122752238531, -0.000793999817688, -0.0014248722, 0.0108601683751, -0.00438182614744, -0.00229203118943, -0.00141000759322, 0.000480886519654, 0.00186585891061, -0.00237754685804, -0.0013478200417], [0.000669374305289, -0.000559939246159, 0.00228726002388, -0.00306680332869, -0.00179046206176, -0.00438182614744, 0.0170863866806, -0.00766098685563, -0.00249812542461, -0.000719667295925, 0.000988332438283, 0.00226246751845, -0.00189444911666], [-0.000676531170029, 0.0016813139664, -0.00235497322865, 0.0037853254471, -0.00203433912247, -0.00229203118943, -0.00766098685563, 0.0220518764108, -0.00930628459901, -0.00343517377041, -0.00135394965764, -0.00144617189653, 0.00364298117347], [0.000768033612985, -0.00174069090281, 0.00211631320417, -0.00297483289614, 0.0036692051217, -0.00141000759322, -0.00249812542461, -0.00930628459901, 0.024321584031, -0.00715565821156, -0.00745625561103, -0.000385891005863, 0.00218169507571], [-0.000529853918124, 0.000440188799985, -0.00184229493607, 0.0021231144201, -0.00118267070502, 0.000480886519654, -0.000719667295925, -0.00343517377041, -0.00715565821156, 0.0245875287801, -0.00213478971273, -0.00673190457746, -0.00300483731553], [0.000403725367505, -0.000496874796227, 0.00163826928474, -0.00145676033571, -0.001088973484, 0.00186585891061, 0.000988332438283, -0.00135394965764, -0.00745625561103, -0.00213478971273, 0.0269475821406, -0.0118072154, -0.00303849205375], [-0.000626228284091, 0.000780726666562, -0.0018785338616, 0.00194157357328, 0.00210770801641, -0.00237754685804, 0.00226246751845, -0.00144617189653, -0.000385891005863, -0.00673190457746, -0.0118072154, 0.0335190296173, -0.00772941391915], [0.000285791116767, -0.000932086375542, 0.000829634838738, -0.00129971944261, 0.000433961598901, -0.0013478200417, -0.00189444911666, 0.00364298117347, 0.00218169507571, -0.00300483731553, -0.00303849205375, -0.00772941391915, 0.0195514615625]]
    },
    "melbands": {
        "dmean": [0.00151152792387, 0.000701870594639, 0.000505542790052, 0.000413100555306, 0.000372031558072, 0.000392599846236, 0.000297610909911, 0.000176310786628, 0.000135174996103, 0.000178032263648, 0.000156785055879, 0.000125762890093, 0.000168263621163, 0.000100579767604, 0.000131381370011, 9.28367226152e-05, 7.97791726654e-05, 4.55130139017e-05, 4.41433912783e-05, 3.47089044226e-05, 1.8941505914e-05, 1.9309880372e-05, 1.69964405359e-05, 1.14129488793e-05, 8.32692876429e-06, 6.21132767264e-06, 5.23741391589e-06, 4.81430879518e-06, 3.22956520904e-06, 2.66858046416e-06, 2.12807321986e-06, 1.53627058808e-06, 1.42775843415e-06, 1.32955995014e-06, 9.98537188934e-07, 8.90056242042e-07, 7.85725603691e-07, 7.89770808751e-07, 1.12517318485e-06, 8.41230814785e-07],
        "dmean2": [0.0021497735288, 0.00115932291374, 0.000937176286243, 0.000773031730205, 0.000650587840937, 0.000668118707836, 0.000486964476295, 0.000286648457404, 0.000220904184971, 0.000279245490674, 0.000254806102021, 0.000210586134926, 0.000270287157036, 0.000169053513673, 0.00021222725627, 0.000148374849232, 0.000126573489979, 7.37788795959e-05, 7.46697551222e-05, 5.80902269576e-05, 3.06720066874e-05, 3.23630811181e-05, 2.84203215415e-05, 1.9077113393e-05, 1.34319207064e-05, 9.89055752143e-06, 8.37648440211e-06, 7.82631559559e-06, 5.16739737577e-06, 4.31570560977e-06, 3.4509366742e-06, 2.49004028774e-06, 2.30691807701e-06, 2.15113550439e-06, 1.61490220307e-06, 1.44648186051e-06, 1.27864450405e-06, 1.27141197481e-06, 1.78533218786e-06, 1.34191645884e-06],
        "dvar": [4.54273731521e-06, 3.76334287466e-06, 2.74807644018e-06, 1.55285101755e-06, 8.97475615602e-07, 8.93391415957e-07, 3.4798915749e-07, 9.25778778083e-08, 5.6155919026e-08, 9.11891859801e-08, 5.16272500306e-08, 4.10821634489e-08, 5.19388656528e-08, 2.58264822861e-08, 3.00874098969e-08, 1.51594594655e-08, 1.37718627613e-08, 4.55424409296e-09, 4.4566839108e-09, 2.97883362421e-09, 6.36016683764e-10, 9.30885868389e-10, 1.12645959227e-09, 3.25180243843e-10, 1.53787177437e-10, 1.16467252509e-10, 8.4509163556e-11, 5.33479163622e-11, 1.64526291896e-11, 1.15900388245e-11, 9.50233641772e-12, 4.78659690009e-12, 4.72972355725e-12, 4.69123307908e-12, 2.56154494317e-12, 1.97168583543e-12, 1.52733132131e-12, 1.33873847338e-12, 2.58248110396e-12, 1.35715440622e-12],
        "dvar2": [1.07368923636e-05, 9.81937046163e-06, 7.85914198786e-06, 4.46950025434e-06, 2.52578092841e-06, 2.49114418693e-06, 9.22035383155e-07, 2.4153700906e-07, 1.51166545947e-07, 2.2082132034e-07, 1.28704755298e-07, 1.11930674507e-07, 1.3044790137e-07, 7.07301026637e-08, 7.68901671222e-08, 3.71999249182e-08, 3.44320021384e-08, 1.17092033847e-08, 1.22184875551e-08, 8.33814883805e-09, 1.60938595783e-09, 2.49028953014e-09, 3.21103010847e-09, 9.67059876622e-10, 3.88595294831e-10, 2.71188155265e-10, 2.15529968872e-10, 1.37397426769e-10, 4.33118436949e-11, 2.99745020471e-11, 2.62548472546e-11, 1.23865874155e-11, 1.28657562035e-11, 1.23080001052e-11, 6.73541951379e-12, 5.0979533095e-12, 3.99365349818e-12, 3.25434037357e-12, 6.38395759867e-12, 3.31144226623e-12],
        "max": [0.0272883065045, 0.0219979956746, 0.0202979091555, 0.0134079176933, 0.0101316776127, 0.0106361573562, 0.00920510105789, 0.0049046468921, 0.00280465721153, 0.00610966235399, 0.00360835157335, 0.00341277569532, 0.0031010361854, 0.00294178165495, 0.00324975792319, 0.00252278149128, 0.00227753655054, 0.00198634830303, 0.00194939633366, 0.00115001096856, 0.000552544661332, 0.000638243043795, 0.00131162966136, 0.000529993674718, 0.000264788017375, 0.000641358434223, 0.000475506531075, 0.000209043835639, 9.71518093138e-05, 6.63596874801e-05, 9.62830963545e-05, 4.94069936394e-05, 4.98394692841e-05, 7.27962251403e-05, 3.50690315827e-05, 3.29218601109e-05, 2.90032949124e-05, 3.51005837729e-05, 3.47047716787e-05, 2.50950215559e-05],
        "mean": [0.00385387358256, 0.000811005476862, 0.000400301738409, 0.000356347241905, 0.000386449944926, 0.000459646777017, 0.000394787057303, 0.000254809012404, 0.000208472280065, 0.000306746485876, 0.000271762284683, 0.000213496605284, 0.000294833444059, 0.000180875867954, 0.00026251815143, 0.000202641735086, 0.000183870870387, 0.000111865003419, 9.30572496145e-05, 7.51463812776e-05, 4.60184783151e-05, 4.47489037469e-05, 3.44022664649e-05, 2.33294122154e-05, 1.94205949811e-05, 1.61092102644e-05, 1.29642467073e-05, 1.14581462185e-05, 8.79235722095e-06, 7.16737622497e-06, 5.78591379963e-06, 4.44015950052e-06, 3.79023254027e-06, 3.5473015032e-06, 2.83282406599e-06, 2.55479244515e-06, 2.32213778872e-06, 2.29270108321e-06, 2.91528499474e-06, 2.3558079647e-06],
        "median": [0.00212191767059, 0.000332510535372, 7.26127618691e-05, 6.21449144091e-05, 9.3775051937e-05, 0.000145464844536, 0.000153057815623, 0.000128793588374, 0.000127170176711, 0.000189907441381, 0.000185142300325, 0.000151442465722, 0.000198401859961, 0.000120537428302, 0.000191435377928, 0.000143548779306, 0.000109453540063, 7.68027748563e-05, 5.86876631132e-05, 4.64215299871e-05, 3.26156368828e-05, 3.01821764879e-05, 2.33914888668e-05, 1.67803391378e-05, 1.4460055354e-05, 1.22861119962e-05, 1.02507183328e-05, 8.6583850134e-06, 7.0792148108e-06, 5.54446751266e-06, 4.42573855253e-06, 3.13210034619e-06, 2.29990610023e-06, 1.88058811545e-06, 1.39797577958e-06, 1.46711886373e-06, 1.21818175103e-06, 1.41886187066e-06, 2.38806433117e-06, 1.6420007114e-06],
        "min": [3.3942124898e-24, 3.8095891716e-24, 3.30547747088e-24, 3.76478502763e-24, 4.10413247867e-24, 2.82147955387e-24, 7.44310577244e-25, 1.3453718041e-24, 2.78006810344e-24, 6.10713078084e-24, 5.80822152309e-24, 2.10970179758e-24, 2.43970795221e-24, 5.16111537266e-24, 3.6762377576e-24, 5.32956912479e-24, 5.51062690204e-24, 4.33063771595e-24, 5.38169902556e-24, 6.01653799448e-24, 3.39183683519e-24, 4.21216658521e-24, 3.34145978335e-24, 4.84220020792e-24, 4.82318708239e-24, 5.09415330915e-24, 6.14478705615e-24, 5.76178956464e-24, 5.26026532769e-24, 5.38295804757e-24, 5.78211259371e-24, 5.64887595897e-24, 6.94511799893e-24, 6.83333798638e-24, 7.19377090056e-24, 6.40786980146e-24, 6.21959986339e-24, 6.84108775592e-24, 7.09096970284e-24, 7.60845456805e-24],
        "var": [1.79840990313e-05, 3.14927251566e-06, 1.64707239492e-06, 9.43761108374e-07, 6.72346232022e-07, 7.53531878672e-07, 4.10164943787e-07, 1.18536647165e-07, 6.51845439847e-08, 1.43863147173e-07, 8.39069258518e-08, 5.37276889645e-08, 9.51880423372e-08, 4.24925623577e-08, 6.53665850336e-08, 3.90234689007e-08, 4.40415846015e-08, 1.40212366162e-08, 1.0641826087e-08, 8.36234903545e-09, 2.13455209064e-09, 2.65926947129e-09, 2.0814099333e-09, 6.04062411202e-10, 3.65414143388e-10, 3.14346354502e-10, 1.87789839234e-10, 1.37923936161e-10, 6.16178288948e-11, 4.60300339511e-11, 3.21698223615e-11, 2.18587821454e-11, 1.91785771292e-11, 1.92419552514e-11, 1.29816999164e-11, 9.77640624705e-12, 8.43263132932e-12, 6.99651361152e-12, 8.30179154587e-12, 6.22935817512e-12]
    },
    "mfcc": {
        "mean": [-605.471252441, 99.6807403564, -24.3258132935, -5.31828975677, -1.00858807564, 5.90690803528, 7.64290380478, 2.93696403503, 5.85369062424, 4.85070419312, 6.66201591492, 5.7766494751, 5.3401684761],
        "cov": [[11455.6582031, 599.748657227, 300.096466064, 699.884338379, 528.094116211, 409.146270752, 263.84664917, -2.50938892365, 82.7051467896, 29.0051612854, -5.15845394135, -27.3831386566, 118.382873535], [599.748657227, 1073.51867676, 79.6853713989, 132.122512817, 31.5357208252, 21.0166454315, -54.0471305847, -80.5663070679, -39.3777236938, -20.2558193207, -40.1448097229, -42.715511322, 26.4295272827], [300.096466064, 79.6853713989, 1244.79748535, 181.090087891, 201.160690308, 38.7053871155, 40.6684188843, 62.0774345398, 41.0307388306, 61.2554016113, 31.89494133, 22.9304943085, 54.043296814], [699.884338379, 132.122512817, 181.090087891, 316.6144104, 98.4233474731, 97.2611999512, 36.028427124, 14.2179841995, 16.8865356445, 11.1346931458, -8.13436222076, -5.91087007523, 17.2248325348], [528.094116211, 31.5357208252, 201.160690308, 98.4233474731, 269.591094971, 96.1734848022, 132.670455933, 48.8410072327, 73.5114822388, 26.4730014801, 41.4339485168, 34.5477600098, 19.1609897614], [409.146270752, 21.0166454315, 38.7053871155, 97.2611999512, 96.1734848022, 143.454696655, 91.1921157837, 65.0832138062, 65.0921096802, 43.2307548523, 31.7563247681, 21.6242275238, 31.3478164673], [263.84664917, -54.0471305847, 40.6684188843, 36.028427124, 132.670455933, 91.1921157837, 176.621566772, 83.8759841919, 101.781654358, 57.732208252, 52.0128097534, 32.7307701111, 27.848033905], [-2.50938892365, -80.5663070679, 62.0774345398, 14.2179841995, 48.8410072327, 65.0832138062, 83.8759841919, 139.243011475, 89.0827636719, 72.7893981934, 85.9577178955, 77.0982894897, 27.3841724396], [82.7051467896, -39.3777236938, 41.0307388306, 16.8865356445, 73.5114822388, 65.0921096802, 101.781654358, 89.0827636719, 128.562530518, 83.3554534912, 68.3864746094, 49.5415687561, 49.0263442993], [29.0051612854, -20.2558193207, 61.2554016113, 11.1346931458, 26.4730014801, 43.2307548523, 57.732208252, 72.7893981934, 83.3554534912, 118.700263977, 61.5425415039, 32.9879226685, 53.8370399475], [-5.15845394135, -40.1448097229, 31.89494133, -8.13436222076, 41.4339485168, 31.7563247681, 52.0128097534, 85.9577178955, 68.3864746094, 61.5425415039, 123.47984314, 95.010848999, 25.6416492462], [-27.3831386566, -42.715511322, 22.9304943085, -5.91087007523, 34.5477600098, 21.6242275238, 32.7307701111, 77.0982894897, 49.5415687561, 32.9879226685, 95.010848999, 130.577392578, 31.196395874], [118.382873535, 26.4295272827, 54.043296814, 17.2248325348, 19.1609897614, 31.3478164673, 27.848033905, 27.3841724396, 49.0263442993, 53.8370399475, 25.6416492462, 31.196395874, 87.4517288208]],
