{
"lowlevel": {
    "average_loudness": 0.850217342377,
    "barkbands_crest": {
        "dmean": 2.6333823204,
        "dmean2": 4.08967638016,
        "dvar": 10.6406364441,
        "dvar2": 23.267578125,
        "max": 26.1602916718,
        "mean": 12.5867862701,
        "median": 12.2787752151,
        "min": 1.80269610882,
        "var": 37.4909286499
    },
    "barkbands_flatness_db": {
        "dmean": 0.0230946037918,
        "dmean2": 0.03447458148,
        "dvar": 0.000615327968262,
        "dvar2": 0.00121727702208,
        "max": 0.346756279469,
        "mean": 0.124760173261,
        "median": 0.121939972043,
        "min": 0.0101044578478,
        "var": 0.00361679191701
    },
    "barkbands_kurtosis": {
        "dmean": 4.93323373795,
        "dmean2": 7.66280317307,
        "dvar": 57.5775299072,
        "dvar2": 137.136734009,
        "max": 160.090988159,
        "mean": 10.9121618271,
        "median": 6.17928314209,
        "min": -1.84347975254,
        "var": 186.102935791
    },
    "barkbands_skewness": {
        "dmean": 0.739785015583,
        "dmean2": 1.12428534031,
        "dvar": 0.680692374706,
        "dvar2": 1.47709715366,
        "max": 11.4399929047,
        "mean": 2.52838945389,
        "median": 2.43396568298,
        "min": -2.25017380714,
        "var": 3.56551241875
    },
    "barkbands_spread": {
        "dmean": 8.0265417099,
        "dmean2": 12.2363529205,
        "dvar": 108.110610962,
        "dvar2": 222.753631592,
        "max": 109.66481781,
        "mean": 24.2456111908,
        "median": 18.8262882233,
        "min": 1.43899786472,
        "var": 319.293731689
    },
    "dissonance": {
        "dmean": 0.0148294521496,
        "dmean2": 0.0258334763348,
        "dvar": 0.000263830123004,
        "dvar2": 0.000747504120227,
        "max": 0.500000059605,
        "mean": 0.479137063026,
        "median": 0.483660936356,
        "min": 0.332506388426,
        "var": 0.000318085309118
    },
    "dynamic_complexity": 3.12417268753,
    "erbbands_crest": {
        "dmean": 1.69736039639,
        "dmean2": 2.81187701225,
        "dvar": 2.58139443398,
        "dvar2": 6.64203500748,
        "max": 22.5993213654,
        "mean": 6.18377161026,
        "median": 5.62530660629,
        "min": 2.10398483276,
        "var": 5.72983694077
    },
    "erbbands_flatness_db": {
        "dmean": 0.0156289413571,
        "dmean2": 0.0245187934488,
        "dvar": 0.000279248022707,
        "dvar2": 0.000669770990498,
        "max": 0.432856440544,
        "mean": 0.106138154864,
        "median": 0.0858917310834,
        "min": 0.0317466333508,
        "var": 0.00418930267915
    },
    "erbbands_kurtosis": {
        "dmean": 1.01033735275,
        "dmean2": 1.73050880432,
        "dvar": 2.69828510284,
        "dvar2": 7.45720052719,
        "max": 16.1064739227,
        "mean": 0.584487855434,
        "median": -0.0575275421143,
        "min": -1.74414789677,
        "var": 3.6868686676
    },
    "erbbands_skewness": {
        "dmean": 0.370421767235,
        "dmean2": 0.599195063114,
        "dvar": 0.199490517378,
        "dvar2": 0.497623026371,
        "max": 3.3948032856,
        "mean": 0.427788496017,
        "median": 0.358144909143,
        "min": -3.73028206825,
        "var": 0.399283379316
    },
    "erbbands_spread": {
        "dmean": 10.5417098999,
        "dmean2": 16.8150997162,
        "dvar": 137.944091797,
        "dvar2": 352.229614258,
        "max": 147.293136597,
        "mean": 46.2462692261,
        "median": 46.5202789307,
        "min": 2.44593334198,
        "var": 400.313903809
    },
    "hfc": {
        "dmean": 15.9757204056,
        "dmean2": 26.5358123779,
        "dvar": 720.177062988,
        "dvar2": 1922.11352539,
        "max": 245.948928833,
        "mean": 31.7008190155,
        "median": 26.8456878662,
        "min": 1.03233935289e-10,
        "var": 661.762756348
    },
    "melbands_crest": {
        "dmean": 3.93981599808,
        "dmean2": 5.86854171753,
        "dvar": 26.8945770264,
        "dvar2": 54.2176589966,
        "max": 37.8963661194,
        "mean": 22.0393295288,
        "median": 24.0766086578,
        "min": 2.01983833313,
        "var": 125.449409485
    },
    "melbands_flatness_db": {
        "dmean": 0.0286129210144,
        "dmean2": 0.0416873842478,
        "dvar": 0.00103193474934,
        "dvar2": 0.00199704035185,
        "max": 0.436307430267,
        "mean": 0.207809194922,
        "median": 0.215003922582,
        "min": 0.00941394735128,
        "var": 0.00637091975659
    },
    "melbands_kurtosis": {
        "dmean": 16.2408504486,
        "dmean2": 25.2722835541,
        "dvar": 720.158752441,
        "dvar2": 1688.02502441,
        "max": 359.007598877,
        "mean": 35.0293273926,
        "median": 18.9822235107,
        "min": -1.39797818661,
        "var": 1826.48059082
    },
    "melbands_skewness": {
        "dmean": 1.21260535717,
        "dmean2": 1.8580211401,
        "dvar": 2.21123194695,
        "dvar2": 4.8840880394,
        "max": 15.4990749359,
        "mean": 4.20472383499,
        "median": 3.75445580482,
        "min": -1.36275994778,
        "var": 9.01180553436
    },
    "melbands_spread": {
        "dmean": 8.55131244659,
        "dmean2": 13.4421358109,
        "dvar": 215.199386597,
        "dvar2": 507.25579834,
        "max": 199.636383057,
        "mean": 20.0026817322,
        "median": 12.424041748,
        "min": 0.903729140759,
        "var": 436.50189209
    },
    "pitch_salience": {
        "dmean": 0.103161565959,
        "dmean2": 0.159263908863,
        "dvar": 0.016956070438,
        "dvar2": 0.0369963496923,
        "max": 0.964041590691,
        "mean": 0.45633789897,
        "median": 0.39942535758,
        "min": 0.0576591007411,
        "var": 0.0602290667593
    },
    "silence_rate_20dB": {
        "dmean": 0,
        "dmean2": 0,
        "dvar": 0,
        "dvar2": 0,
        "max": 1,
        "mean": 1,
        "median": 1,
        "min": 1,
        "var": 0
    },
    "silence_rate_30dB": {
        "dmean": 0.100406803191,
        "dmean2": 0.200832173228,
        "dvar": 0.0903186798096,
        "dvar2": 0.188036635518,
        "max": 1,
        "mean": 0.703799545765,
        "median": 1,
        "min": 0,
        "var": 0.208466887474
    },
    "silence_rate_60dB": {
        "dmean": 0.012758876197,
        "dmean2": 0.025427646935,
        "dvar": 0.0125958453864,
        "dvar2": 0.0297722406685,
        "max": 1,
        "mean": 0.0502912066877,
        "median": 0,
        "min": 0,
        "var": 0.0477636754513
    },
    "spectral_centroid": {
        "dmean": 316.243286133,
        "dmean2": 470.908599854,
        "dvar": 135234.03125,
        "dvar2": 281982.6875,
        "max": 4386.61621094,
        "mean": 1654.99072266,
        "median": 1618.73498535,
        "min": 262.487731934,
        "var": 420716.375
    },
    "spectral_complexity": {
        "dmean": 3.53938603401,
        "dmean2": 5.53832626343,
        "dvar": 10.9053239822,
        "dvar2": 23.6727409363,
        "max": 51,
        "mean": 21.6945552826,
        "median": 22,
        "min": 0,
        "var": 76.8265686035
    },
    "spectral_decrease": {
        "dmean": 5.64309710072e-09,
        "dmean2": 8.46610603844e-09,
        "dvar": 6.28464367021e-17,
        "dvar2": 1.39786006104e-16,
        "max": -3.98712313873e-22,
        "mean": -1.72617635741e-08,
        "median": -1.28977797331e-08,
        "min": -6.52344169794e-08,
        "var": 2.18687535422e-16
    },
    "spectral_energy": {
        "dmean": 0.0223898794502,
        "dmean2": 0.0337987467647,
        "dvar": 0.000966497522313,
        "dvar2": 0.00217773392797,
        "max": 0.251370847225,
        "mean": 0.0680253729224,
        "median": 0.0511583015323,
        "min": 1.08684576231e-14,
        "var": 0.00319838058203
    },
    "spectral_energyband_high": {
        "dmean": 0.00102682108991,
        "dmean2": 0.0016718209954,
        "dvar": 3.01874820252e-06,
        "dvar2": 7.78694993642e-06,
        "max": 0.0217738524079,
        "mean": 0.00193274556659,
        "median": 0.00143793306779,
        "min": 8.35581061807e-15,
        "var": 3.15353008773e-06
    },
    "spectral_energyband_low": {
        "dmean": 0.0162091515958,
        "dmean2": 0.0236360877752,
        "dvar": 0.000668946304359,
        "dvar2": 0.00133013317827,
        "max": 0.237407594919,
        "mean": 0.0504204034805,
        "median": 0.0306874830276,
        "min": 4.59563879757e-17,
        "var": 0.00285416794941
    },
    "spectral_energyband_middle_high": {
        "dmean": 0.00302042695694,
        "dmean2": 0.00531978812069,
        "dvar": 6.89707594574e-05,
        "dvar2": 0.000197752480744,
        "max": 0.0946197807789,
        "mean": 0.00587611179799,
        "median": 0.00389625341631,
        "min": 1.95960352369e-15,
        "var": 6.09681410424e-05
    },
    "spectral_energyband_middle_low": {
        "dmean": 0.00850611086935,
        "dmean2": 0.0151773048565,
        "dvar": 0.000427801802289,
        "dvar2": 0.00119830202311,
        "max": 0.14084866643,
        "mean": 0.00960913766176,
        "median": 0.00428944313899,
        "min": 5.01167213215e-16,
        "var": 0.000281180284219
    },
    "spectral_entropy": {
        "dmean": 0.158646032214,
        "dmean2": 0.242195621133,
        "dvar": 0.0293334051967,
        "dvar2": 0.0663420855999,
        "max": 8.98835754395,
        "mean": 8.03759479523,
        "median": 8.10464572906,
        "min": 6.28584861755,
        "var": 0.150535926223
    },
    "spectral_flux": {
        "dmean": 0.0470853336155,
        "dmean2": 0.0743211731315,
        "dvar": 0.00405869306996,
        "dvar2": 0.00893258024007,
        "max": 0.455939173698,
        "mean": 0.114454813302,
        "median": 0.0902551859617,
        "min": 6.1385603658e-06,
        "var": 0.00647794362158
    },
    "spectral_kurtosis": {
        "dmean": 1.43254804611,
        "dmean2": 2.34973096848,
        "dvar": 18.5569057465,
        "dvar2": 54.9353561401,
        "max": 129.990447998,
        "mean": 5.06868171692,
        "median": 2.77671813965,
        "min": -0.733792304993,
        "var": 137.593551636
    },
    "spectral_rms": {
        "dmean": 0.00143651955295,
        "dmean2": 0.00212832936086,
        "dvar": 3.53643326889e-06,
        "dvar2": 7.66801258578e-06,
        "max": 0.0156601350754,
        "mean": 0.00723114609718,
        "median": 0.00706473877653,
        "min": 3.25628213282e-09,
        "var": 1.40768088386e-05
    },
    "spectral_rolloff": {
        "dmean": 924.336608887,
        "dmean2": 1509.99182129,
        "dvar": 3565029.75,
        "dvar2": 7434376.5,
        "max": 16580.5664062,
        "mean": 1596.49963379,
        "median": 624.462890625,
        "min": 21.533203125,
        "var": 6775312
    },
    "spectral_skewness": {
        "dmean": 0.20669336617,
        "dmean2": 0.325804889202,
        "dvar": 0.0786516070366,
        "dvar2": 0.204302385449,
        "max": 8.64047718048,
        "mean": 1.66646051407,
        "median": 1.47354006767,
        "min": -0.8670566082,
        "var": 0.718652248383
    },
    "spectral_spread": {
        "dmean": 867437.0625,
        "dmean2": 1297896.875,
        "dvar": 1.02431843942e+12,
        "dvar2": 1.95955667763e+12,
        "max": 14261178,
        "mean": 6773014,
        "median": 6777357,
        "min": 588017.75,
        "var": 3.46536201421e+12
    },
    "spectral_strongpeak": {
        "dmean": 0.242319703102,
        "dmean2": 0.415035307407,
        "dvar": 0.169067621231,
        "dvar2": 0.500398874283,
        "max": 5.03161048889,
        "mean": 0.493904769421,
        "median": 0.41118478775,
        "min": 0,
        "var": 0.212777480483
    },
    "zerocrossingrate": {
        "dmean": 0.0186318382621,
        "dmean2": 0.0225044153631,
        "dvar": 0.000518333341461,
        "dvar2": 0.000705840880983,
        "max": 0.5693359375,
        "mean": 0.0731877014041,
        "median": 0.05126953125,
        "min": 0.00244140625,
        "var": 0.00327611435205
    },
    "barkbands": {
        "dmean": [0.00392436329275, 0.0133489910513, 0.00211220537312, 0.00141934026033, 0.00233949604444, 0.00253071123734, 0.00177432980854, 0.000972866720986, 0.00101393181831, 0.000923119543586, 0.000905360153411, 0.000996013637632, 0.00066305254586, 0.000355064345058, 0.000186476201634, 0.000128434112412, 0.000148857827298, 0.000121669057989, 6.87056963216e-05, 8.86789566721e-05, 0.000108643936983, 0.000112920723041, 0.000123990132124, 0.000204445590498, 0.000268200295977, 0.000243895992753, 7.21542310202e-05],
        "dmean2": [0.00598959298804, 0.0195488538593, 0.00363727915101, 0.00261107296683, 0.00425146101043, 0.00465044518933, 0.00317458552308, 0.00178835622501, 0.00178050331306, 0.00164550868794, 0.00162807025481, 0.00181491777766, 0.00114758487325, 0.000613226671703, 0.000314012024319, 0.000209725127206, 0.000236949927057, 0.000196402979782, 0.000109796528704, 0.000145628786413, 0.00017106240557, 0.000180897433893, 0.000202669092687, 0.000341434293659, 0.000447332829935, 0.000404109450756, 0.00012065244664],
        "dvar": [5.29441131221e-05, 0.000487791374326, 3.5229131754e-05, 1.56253336172e-05, 3.77257420041e-05, 4.18504678237e-05, 1.78633836185e-05, 6.65197558192e-06, 6.87839110469e-06, 5.89288993069e-06, 4.91204718855e-06, 8.12336020317e-06, 1.88350122698e-06, 4.19007619712e-07, 5.87640442973e-08, 2.79142753357e-08, 6.92889585707e-08, 6.9312257267e-08, 9.35624555609e-09, 2.04068015819e-08, 3.08107814817e-08, 7.5635036012e-08, 4.17818810661e-08, 1.38599062893e-07, 2.25809046128e-07, 1.99913159804e-07, 1.615948797e-08],
        "dvar2": [0.000111022782221, 0.000992580316961, 9.11597671802e-05, 4.53948741779e-05, 0.00010872681014, 0.000119902433653, 5.09034180141e-05, 1.91876988538e-05, 1.97551125893e-05, 1.70048188011e-05, 1.41618029375e-05, 2.3643624445e-05, 5.25866926182e-06, 1.15890554753e-06, 1.56264931661e-07, 6.88871466537e-08, 1.58196357347e-07, 1.57869223472e-07, 2.11676152162e-08, 5.40352900202e-08, 7.57787859129e-08, 1.98097453108e-07, 1.08649885533e-07, 3.59323848897e-07, 5.77063985929e-07, 5.13440909344e-07, 4.16028242967e-08],
        "max": [0.170283868909, 0.230648130178, 0.0987387672067, 0.039067607373, 0.0583048388362, 0.0595585256815, 0.041589025408, 0.0365583337843, 0.0348429232836, 0.0412685759366, 0.0398945137858, 0.0333691947162, 0.029875677079, 0.0109486933798, 0.00375632126816, 0.00270116212778, 0.00718120485544, 0.00534875132143, 0.00179287360515, 0.00367978494614, 0.00751824583858, 0.0128734493628, 0.00264208135195, 0.00359583226964, 0.00500214844942, 0.00561066390947, 0.00255034258589],
        "mean": [0.010689208284, 0.0379296019673, 0.0021645296365, 0.00125139707234, 0.00213556806557, 0.0022540979553, 0.00155979802366, 0.000832458666991, 0.00125669455156, 0.00107465381734, 0.00104230374563, 0.00106605538167, 0.000955012044869, 0.000585717149079, 0.000325583183439, 0.000248670723522, 0.000264094094746, 0.000207978649996, 0.000161045682034, 0.000196101143956, 0.000294108991511, 0.000253453734331, 0.000213649211219, 0.000292297510896, 0.000341473147273, 0.000333265052177, 9.63877027971e-05],
        "median": [0.00278843333945, 0.0197075530887, 0.000563947600313, 0.000356462434866, 0.000507492572069, 0.000632186129224, 0.000513248320203, 0.000282786146272, 0.000586200796533, 0.000496800174005, 0.000482184463181, 0.000447403261205, 0.00052172789583, 0.000330649403622, 0.000246086041443, 0.000190993450815, 0.000180035029189, 0.000131712207804, 0.000113165588118, 0.000141347511089, 0.000202069000807, 0.000167414313182, 0.000148951643496, 0.00018269046268, 0.000207440709346, 0.000226192962145, 5.21109541296e-05],
        "min": [1.82324619446e-17, 2.15176808849e-17, 1.05763693624e-17, 9.77648571007e-18, 4.35800138811e-17, 6.86509483489e-17, 9.78223792405e-17, 7.24028410841e-17, 1.69064705778e-16, 1.28388608698e-16, 7.72552810807e-17, 1.41590225986e-16, 1.4021109753e-16, 6.04689740379e-17, 6.43597603241e-17, 1.80251443442e-16, 4.44021632503e-16, 2.32243781582e-16, 1.87977482417e-16, 6.34137356951e-16, 2.51804286964e-16, 7.9846397218e-16, 7.44694373627e-16, 1.12226592731e-15, 1.25054663195e-15, 1.62925432152e-15, 2.26051536634e-15],
        "var": [0.000232096688705, 0.00197449070401, 3.65092600987e-05, 9.57145402936e-06, 2.39581931964e-05, 2.57312422036e-05, 1.13646374302e-05, 4.03409831051e-06, 5.07648428538e-06, 4.31257149103e-06, 3.7275754039e-06, 5.49999003852e-06, 2.06777554013e-06, 6.80916400597e-07, 9.40616970979e-08, 5.32295807432e-08, 1.14482595848e-07, 8.96112268833e-08, 3.2035188724e-08, 4.32688018748e-08, 7.77562974008e-08, 9.17319837868e-08, 4.67871679177e-08, 1.30673129206e-07, 1.94258092279e-07, 1.71982335928e-07, 1.85493309601e-08]
    },
    "erbbands": {
        "dmean": [0.72045481205, 1.89290428162, 2.46184134483, 3.69200062752, 5.42759799957, 8.63190364838, 13.5096559525, 23.5651340485, 25.5122642517, 22.7901477814, 22.0093688965, 24.0275230408, 25.7546253204, 30.7924804688, 36.8338699341, 38.7696075439, 30.2398090363, 20.3312244415, 11.1406145096, 8.5178604126, 5.96761465073, 7.9363732338, 6.91675901413, 3.54923987389, 3.59503746033, 4.45221757889, 4.4952955246, 4.11785078049, 4.09155368805, 3.63876605034, 3.67942523956, 3.85887360573, 3.64381551743, 2.98844003677, 1.92617237568, 1.04054129124, 0.451829433441, 0.139232069254, 0.00996057130396, 0.000168313024915],
        "dmean2": [1.03152751923, 2.87515068054, 4.09352684021, 6.71973800659, 9.79584598541, 15.7978515625, 24.5476398468, 43.5901260376, 46.039730072, 40.8973922729, 40.3840446472, 41.8317909241, 46.1329994202, 55.3032302856, 66.6018066406, 70.4102020264, 52.3701057434, 35.2515296936, 19.0024280548, 14.1540613174, 9.65780067444, 12.3986349106, 10.9108943939, 5.73497676849, 5.74602890015, 7.35116529465, 7.08355236053, 6.50628042221, 6.58909702301, 5.84890365601, 6.0470161438, 6.4602637291, 6.05705356598, 5.00813436508, 3.20821332932, 1.73205673695, 0.755343556404, 0.230769321322, 0.0165031757206, 0.000273845012998],
        "dvar": [1.47669637203, 12.6457176208, 47.244884491, 102.434112549, 217.014633179, 505.197814941, 1316.25610352, 3663.61694336, 3727.00878906, 3177.76806641, 3422.55981445, 3581.61547852, 5024.01171875, 6124.31689453, 10162.0048828, 12357.0195312, 4400.24658203, 1514.96557617, 314.979278564, 112.050224304, 55.0665435791, 240.819473267, 219.802078247, 24.6782016754, 30.9997825623, 51.1001358032, 74.2756271362, 39.0512771606, 151.865585327, 29.2952747345, 38.3062400818, 51.2073822021, 43.4102783203, 28.6796588898, 11.6174869537, 3.69369912148, 0.690848708153, 0.0594586022198, 0.000294057477731, 7.2810323104e-08],
        "dvar2": [2.72607445717, 29.3260116577, 115.956054688, 295.347595215, 626.332580566, 1455.19543457, 3776.10180664, 10490.484375, 10585.2851562, 9088.5546875, 9933.83105469, 10206.6748047, 14514.7441406, 17562.8183594, 29369.0175781, 35878.9570312, 12238.1044922, 4242.73193359, 850.767456055, 297.571044922, 139.832763672, 530.092285156, 486.256225586, 60.0507125854, 72.0866012573, 137.242553711, 190.896087646, 94.5874633789, 398.979522705, 76.0291671753, 99.4284820557, 133.95652771, 112.117744446, 74.0471343994, 29.591293335, 9.45124435425, 1.7916585207, 0.153006434441, 0.000755738350563, 1.87017235476e-07],
        "max": [11.3533201218, 52.5924491882, 128.719070435, 98.3327331543, 167.200775146, 203.412246704, 370.33380127, 534.793212891, 528.991577148, 615.676269531, 896.206726074, 800.357055664, 1133.13293457, 1148.13098145, 1704.81567383, 1384.53723145, 1417.12487793, 689.994873047, 289.606536865, 164.291351318, 134.796966553, 500.536773682, 348.751403809, 110.879295349, 126.762130737, 176.604003906, 430.733703613, 215.668869019, 619.729187012, 77.1804351807, 91.599281311, 78.173034668, 67.5570373535, 67.2147369385, 39.3789100647, 24.7207336426, 9.5993976593, 3.45791435242, 0.319200575352, 0.00416177790612],
        "mean": [2.18439245224, 4.17144107819, 2.98690676689, 3.46743512154, 5.15829324722, 7.60017299652, 12.399810791, 20.0474510193, 22.0310211182, 20.6611270905, 20.5734291077, 30.8967590332, 30.1410865784, 37.2448158264, 43.1406974792, 44.9713935852, 44.3976097107, 33.6997184753, 20.6105747223, 16.9753227234, 13.1444225311, 15.2288398743, 12.6199178696, 8.16491889954, 8.30866146088, 9.82031822205, 11.714091301, 10.8243284225, 9.02773952484, 7.43477296829, 5.98772287369, 5.26438188553, 5.03015995026, 3.89664697647, 2.41486501694, 1.32180452347, 0.620474278927, 0.200474441051, 0.0137914866209, 0.000290713069262],
        "median": [0.832477033138, 1.93281519413, 1.05224883556, 1.29986166954, 1.45613157749, 1.6351313591, 3.06343460083, 5.55118703842, 7.10894823074, 6.37596225739, 8.72142124176, 14.0473623276, 15.0311336517, 17.5406246185, 19.8372821808, 20.4576301575, 24.1770763397, 19.3458442688, 14.0948534012, 12.9379854202, 10.6664791107, 10.2277097702, 7.92885160446, 6.00777864456, 5.70880126953, 7.09040403366, 8.28779983521, 7.39262294769, 5.9495139122, 5.07658195496, 4.09209632874, 3.42395877838, 2.96440553665, 2.28207564354, 1.46848738194, 0.828054964542, 0.423285990953, 0.122969061136, 0.00819149520248, 0.000219821245992],
        "min": [8.69649256342e-16, 4.04751432769e-15, 1.13180186658e-14, 2.48695361586e-14, 5.73795568351e-14, 1.61906620923e-13, 3.86074852643e-13, 6.10448215414e-13, 1.1056495346e-12, 1.77038993274e-12, 1.73101160142e-12, 3.8092814493e-12, 4.16463348182e-12, 4.12046785581e-12, 2.65915739948e-12, 6.90162727315e-12, 6.91667252986e-12, 3.22881717023e-12, 3.99304764601e-12, 3.73838850501e-12, 1.347577952e-11, 2.49065056773e-11, 1.441153967e-11, 9.53076419868e-12, 1.64735430158e-11, 2.54438727032e-11, 1.83502883028e-11, 1.11999281377e-11, 2.93366615722e-11, 1.44306051483e-11, 2.88989457364e-11, 1.49870324484e-11, 2.39262620133e-11, 1.54650563189e-11, 8.22384955274e-12, 5.28214061032e-12, 2.93474337713e-12, 1.62738138937e-12, 3.85259939185e-13, 2.52160370086e-14],
        "var": [6.78039360046, 35.4579582214, 59.2863616943, 63.21667099, 139.05619812, 321.654052734, 826.620605469, 2212.41967773, 2350.26708984, 2036.21777344, 2042.93835449, 2898.47607422, 3375.60644531, 4784.26025391, 7191.84179688, 8664.38574219, 4629.73535156, 2266.68652344, 552.60357666, 234.482070923, 122.612785339, 440.155853271, 339.73348999, 60.1470718384, 93.8375320435, 110.877151489, 138.931411743, 108.12387085, 156.595474243, 48.4910430908, 39.5783500671, 43.3507804871, 42.0005950928, 25.7320652008, 9.87583446503, 3.10740470886, 0.592212677002, 0.0638003647327, 0.000323319807649, 8.23519741289e-08]
    },
    "gfcc": {
        "mean": [34.0759391785, 45.8339691162, -90.640663147, 11.4655866623, -46.2950744629, 28.548866272, -24.1891746521, 15.000998497, -19.4935855865, 15.7309112549, -14.462685585, 10.373714447, -10.1652183533],
        "cov": [[16218.8076172, -2051.23413086, 2126.86767578, 2214.4074707, -109.090499878, 53.2147674561, -200.429656982, 495.675811768, -6.49456262589, 577.078796387, 21.1000976562, 449.732788086, -103.852142334], [-2051.23413086, 1250.0279541, -190.03137207, -208.97265625, 98.8461990356, -110.324707031, 18.3124065399, -115.634750366, 21.5718669891, -99.1916732788, 73.9658355713, -38.8650054932, 79.3794326782], [2126.86767578, -190.03137207, 1058.33520508, 555.014953613, 106.296157837, -41.4706687927, -43.0036506653, 113.52835083, 52.6357955933, 135.407226562, 20.3115119934, 116.081756592, 7.131067276], [2214.4074707, -208.97265625, 555.014953613, 840.235107422, 152.415542603, 52.5680427551, 83.9039001465, 183.14503479, 121.131889343, 142.88633728, 26.1728477478, 73.3266830444, 0.432697981596], [-109.090499878, 98.8461990356, 106.296157837, 152.415542603, 235.107757568, 121.608924866, 157.490768433, 94.0595092773, 78.8254776001, 43.7574768066, 28.9666385651, 42.5562400818, 44.8930130005], [53.2147674561, -110.324707031, -41.4706687927, 52.5680427551, 121.608924866, 222.006561279, 156.072814941, 78.4310073853, 45.1156005859, 32.4949111938, -3.28492879868, 28.8034877777, 21.6004333496], [-200.429656982, 18.3124065399, -43.0036506653, 83.9039001465, 157.490768433, 156.072814941, 245.822723389, 109.580352783, 109.435371399, 55.0023460388, 11.1316423416, 35.2272071838, 43.3497276306], [495.675811768, -115.634750366, 113.52835083, 183.14503479, 94.0595092773, 78.4310073853, 109.580352783, 139.191314697, 85.7188720703, 75.3474960327, 24.4428081512, 38.7107276917, 15.5705795288], [-6.49456262589, 21.5718669891, 52.6357955933, 121.131889343, 78.8254776001, 45.1156005859, 109.435371399, 85.7188720703, 124.185775757, 72.5445785522, 24.9350852966, 28.9291877747, 25.1427402496], [577.078796387, -99.1916732788, 135.407226562, 142.88633728, 43.7574768066, 32.4949111938, 55.0023460388, 75.3474960327, 72.5445785522, 110.755775452, 37.8539962769, 46.2226142883, 12.9946718216], [21.1000976562, 73.9658355713, 20.3115119934, 26.1728477478, 28.9666385651, -3.28492879868, 11.1316423416, 24.4428081512, 24.9350852966, 37.8539962769, 87.2963943481, 39.3308486938, 25.6869735718], [449.732788086, -38.8650054932, 116.081756592, 73.3266830444, 42.5562400818, 28.8034877777, 35.2272071838, 38.7107276917, 28.9291877747, 46.2226142883, 39.3308486938, 88.6831283569, 40.1371994019], [-103.852142334, 79.3794326782, 7.131067276, 0.432697981596, 44.8930130005, 21.6004333496, 43.3497276306, 15.5705795288, 25.1427402496, 12.9946718216, 25.6869735718, 40.1371994019, 60.2318572998]],
        "icov": [[0.000188096557395, 3.7369565689e-05, -3.44784493791e-05, -0.000401085126214, 0.000373063754523, -4.40063959104e-05, 7.68198515289e-05, -0.000410988257499, 0.000860096653923, -0.00067297834903, 0.000357668788638, -0.000760596944019, 0.000211181060877], [3.7369565689e-05, 0.00163498613983, -8.73378885444e-05, -1.59151829848e-06, -0.00121475057676, 0.00108138530049, -0.000479410547996, 0.00200358498842, -0.00134763715323, 0.00154621363617, -0.00185917085037, 0.00139081606176, -0.00164025044069], [-3.44784493791e-05, -8.73378885444e-05, 0.0020998257678, -0.000830560224131, -0.00141382741276, 0.000842045526952, 0.00146864482667, -0.000468623620691, 0.000533811107744, -0.00153301469982, 0.0016573468456, -0.00224837497808, 0.00052832782967], [-0.000401085126214, -1.59151829848e-06, -0.000830560224131, 0.00330644613132, -0.0015354831703, 0.000253437669016, 0.000254240236245, -0.000951387977693, -0.00251569924876, 0.000954988237936, -0.000546252937056, 0.00172681908589, 0.000427997816587], [0.000373063754523, -0.00121475057676, -0.00141382741276, -0.0015354831703, 0.0122015718371, -0.00355685222894, -0.00402977317572, -0.00324539351277, 0.00200130231678, 0.000675950723235, -0.00105895916931, -0.000762437819503, -0.0016784433974], [-4.40063959104e-05, 0.00108138530049, 0.000842045526952, 0.000253437669016, -0.00355685222894, 0.0109391240403, -0.00566586107016, -0.000935772026423, 0.00352122983895, -0.000721782853361, 0.00114684912842, -0.00131831644103, 0.000520458677784], [7.68198515289e-05, -0.000479410547996, 0.00146864482667, 0.000254240236245, -0.00402977317572, -0.00566586107016, 0.0162126217037, -0.00442730495706, -0.00697701284662, -0.00060186983319, 0.00393146462739, -0.00146068667527, -0.00256094220094], [-0.000410988257499, 0.00200358498842, -0.000468623620691, -0.000951387977693, -0.00324539351277, -0.000935772026423, -0.00442730495706, 0.0240050293505, -0.00904209911823, -0.000360669539077, -0.00491878855973, 0.00248775165528, 0.000740707211662], [0.000860096653923, -0.00134763715323, 0.000533811107744, -0.00251569924876, 0.00200130231678, 0.00352122983895, -0.00697701284662, -0.00904209911823, 0.0288932621479, -0.0146091720089, 0.00377466413192, -0.0017457595095, -0.00153717666399], [-0.00067297834903, 0.00154621363617, -0.00153301469982, 0.000954988237936, 0.000675950723235, -0.000721782853361, -0.00060186983319, -0.000360669539077, -0.0146091720089, 0.0279492046684, -0.00922535546124, -0.000954938528594, 0.00189711875282], [0.000357668788638, -0.00185917085037, 0.0016573468456, -0.000546252937056, -0.00105895916931, 0.00114684912842, 0.00393146462739, -0.00491878855973, 0.00377466413192, -0.00922535546124, 0.0212698336691, -0.00906435865909, -0.000921345956158], [-0.000760596944019, 0.00139081606176, -0.00224837497808, 0.00172681908589, -0.000762437819503, -0.00131831644103, -0.00146068667527, 0.00248775165528, -0.0017457595095, -0.000954938528594, -0.00906435865909, 0.0302308332175, -0.0167861245573], [0.000211181060877, -0.00164025044069, 0.00052832782967, 0.000427997816587, -0.0016784433974, 0.000520458677784, -0.00256094220094, 0.000740707211662, -0.00153717666399, 0.00189711875282, -0.000921345956158, -0.0167861245573, 0.0335899181664]]
    },
    "melbands": {
        "dmean": [0.00485696131364, 0.00149684213102, 0.000679163378663, 0.000490420032293, 0.000465420307592, 0.000517038686667, 0.000382137455745, 0.000236951673287, 0.000182277653948, 0.000146011763718, 0.000130645639729, 0.000125002217828, 0.000124674319522, 0.000119205826195, 8.89760049176e-05, 5.81415370107e-05, 3.8336707803e-05, 2.06671775231e-05, 1.30439730128e-05, 1.10702712846e-05, 7.23032962924e-06, 9.78678053798e-06, 8.3993672888e-06, 4.81778988615e-06, 3.20060826198e-06, 3.01870636576e-06, 3.26093572767e-06, 3.3687490486e-06, 2.86703516394e-06, 3.32800709657e-06, 2.57820602201e-06, 2.65059134108e-06, 2.20226252168e-06, 2.13663315662e-06, 2.16180160351e-06, 2.34327103499e-06, 2.45292244472e-06, 2.65589301307e-06, 2.71039266408e-06, 2.55608392763e-06],
        "dmean2": [0.00706149125472, 0.0023248901125, 0.00122807465959, 0.000890171504579, 0.000847803836223, 0.000951463356614, 0.00068955187453, 0.000428091734648, 0.000331226619892, 0.000255129038123, 0.000233988335822, 0.000223973547691, 0.00022369340877, 0.000217871696805, 0.000156872818479, 0.000100673627458, 6.65667175781e-05, 3.53556206392e-05, 2.19580470002e-05, 1.81557752512e-05, 1.18570615086e-05, 1.57437407324e-05, 1.36595235745e-05, 8.04390037956e-06, 5.24894448972e-06, 4.86453518533e-06, 5.32388457941e-06, 5.58826559427e-06, 4.61896979687e-06, 5.26470785189e-06, 4.16452439822e-06, 4.31116404798e-06, 3.54566941496e-06, 3.49988772541e-06, 3.56149075742e-06, 3.87502268495e-06, 4.13195311921e-06, 4.40341682406e-06, 4.54083101431e-06, 4.30157115261e-06],
        "dvar": [6.51229347568e-05, 1.16627088573e-05, 3.39022903972e-06, 1.61362163453e-06, 1.51295421347e-06, 1.71960050466e-06, 8.53416622704e-07, 3.60178404435e-07, 2.23767756324e-07, 1.377833172e-07, 1.27465483502e-07, 9.96393652031e-08, 1.0339098111e-07, 1.1261963806e-07, 4.94468217482e-08, 1.32936603947e-08, 5.14503462057e-09, 1.14053833045e-09, 3.08065378762e-10, 2.0648134591e-10, 8.50671269537e-11, 4.26679441778e-10, 3.35846211952e-10, 6.59465052011e-11, 2.1648885809e-11, 2.36485813571e-11, 4.01740654632e-11, 3.07480221839e-11, 2.72037704863e-11, 2.62433651199e-11, 1.41359155284e-11, 8.46007708333e-11, 1.3019715514e-11, 9.67549738246e-12, 1.26634154551e-11, 1.67588998234e-11, 2.09812427848e-11, 2.25033013057e-11, 2.26418935684e-11, 2.08208381092e-11],
        "dvar2": [0.0001252576767, 2.77537765214e-05, 9.72182988335e-06, 4.64980121251e-06, 4.33468858319e-06, 4.92305616717e-06, 2.42686019192e-06, 1.03059721823e-06, 6.49648086437e-07, 3.94416787231e-07, 3.68240336002e-07, 2.85712786763e-07, 2.9788927236e-07, 3.2832525676e-07, 1.40434309515e-07, 3.69631081298e-08, 1.44276874892e-08, 3.10238346124e-09, 8.07756361798e-10, 5.16363896086e-10, 2.18688803177e-10, 9.9544772425e-10, 8.41194947032e-10, 1.7461426749e-10, 5.43868040881e-11, 5.24530661961e-11, 1.03198005696e-10, 7.85705528417e-11, 6.87764081797e-11, 6.2851557292e-11, 3.48182177534e-11, 2.24339047339e-10, 3.3644118741e-11, 2.53742131473e-11, 3.30831785578e-11, 4.38927227897e-11, 5.50682e-11, 5.7612727089e-11, 5.88269641333e-11, 5.38368342962e-11],
        "max": [0.0739886015654, 0.057915288955, 0.0172094590962, 0.0131346173584, 0.0113068725914, 0.0116937290877, 0.00851046480238, 0.00667906971648, 0.00713389739394, 0.00518450606614, 0.00577729800716, 0.00460609421134, 0.00571898836643, 0.00397170614451, 0.00315476045944, 0.00211449572816, 0.00131364795379, 0.000533673388418, 0.00037593403249, 0.00026164969313, 0.000182546355063, 0.000606764806435, 0.000436961476225, 0.000160699739354, 0.000104710445157, 0.000124493511976, 0.000163499527844, 0.000119890944916, 0.000238335967879, 0.000183602969628, 0.000101519523014, 0.000486956123495, 0.000112184148747, 4.02973346354e-05, 5.94775265199e-05, 4.10099164583e-05, 5.10231111548e-05, 5.20694557054e-05, 6.81808087393e-05, 6.09045891906e-05],
        "mean": [0.0146320089698, 0.00267469394021, 0.000657551106997, 0.000453219516203, 0.000427467428381, 0.000452202628367, 0.000329746835632, 0.000211893784581, 0.000179209426278, 0.000185075638001, 0.0001488012349, 0.000149013241753, 0.000145702986629, 0.000123562611407, 0.000113533431431, 8.42511872179e-05, 6.07018882874e-05, 3.511927207e-05, 2.25907624554e-05, 2.07390603464e-05, 1.41521932164e-05, 1.54448989633e-05, 1.52091688506e-05, 8.3335708041e-06, 6.23357982477e-06, 6.47087108518e-06, 5.77915170652e-06, 6.60231762595e-06, 6.31496959613e-06, 8.10051733424e-06, 5.94936454945e-06, 5.3713079069e-06, 4.35808942711e-06, 4.01071474698e-06, 3.37403366757e-06, 3.40304768542e-06, 3.05814000967e-06, 3.34642754751e-06, 3.85687690141e-06, 3.08290577777e-06],
        "median": [0.00676811579615, 0.00122683902737, 0.00024471222423, 0.000114361668238, 0.000102971258457, 0.00013338025019, 0.000109314976726, 6.58670178382e-05, 7.76887027314e-05, 8.53767996887e-05, 7.17767543392e-05, 6.81848396198e-05, 6.71325615258e-05, 5.15163774253e-05, 5.53108402528e-05, 4.67427380499e-05, 3.32746967615e-05, 2.2534357413e-05, 1.70313451235e-05, 1.53371183842e-05, 1.09133370643e-05, 1.01533150882e-05, 8.29135478853e-06, 5.66821699977e-06, 4.47130287284e-06, 4.20581773142e-06, 3.89071374229e-06, 4.57377200291e-06, 4.33206332673e-06, 5.33561615157e-06, 3.9363740143e-06, 3.45780063071e-06, 2.82210430669e-06, 2.73723276223e-06, 2.27022405852e-06, 2.31267904383e-06, 1.84754003385e-06, 1.90696653135e-06, 2.29182569456e-06, 1.76713467681e-06],
        "min": [7.74644469334e-18, 5.80572594788e-18, 5.02869564151e-18, 7.29090474948e-18, 1.26017235738e-17, 1.37476342472e-17, 1.79660568478e-17, 1.88427458744e-17, 1.49706042392e-17, 2.51291994158e-17, 2.0619043448e-17, 1.68540051585e-17, 9.46130094537e-18, 1.18295943125e-17, 2.33644707903e-17, 9.97131652283e-18, 5.45446949102e-18, 6.39020763281e-18, 4.23405631425e-18, 8.13223263205e-18, 1.72355637227e-17, 2.60185542319e-17, 2.24171455025e-17, 7.21369736547e-18, 7.74566631639e-18, 6.65848215779e-18, 1.93320447134e-17, 1.65814723077e-17, 1.55146872502e-17, 3.61020165935e-18, 7.46314856843e-18, 1.7624757164e-17, 1.47762647717e-17, 4.18395522532e-18, 1.55985038073e-17, 1.35587268748e-17, 8.82868727496e-18, 1.72263919441e-17, 1.31478910799e-17, 1.5083881661e-17],
        "var": [0.000285352522042, 1.97115932679e-05, 2.14219903683e-06, 1.04463788375e-06, 9.55150426307e-07, 1.04894650121e-06, 5.35202502761e-07, 2.27352131787e-07, 1.38087131063e-07, 1.05270466122e-07, 8.60635296362e-08, 7.86686840115e-08, 7.61492344736e-08, 7.53922719809e-08, 4.09301321724e-08, 1.54136561292e-08, 7.77611841585e-09, 1.89918480942e-09, 4.7717751972e-10, 3.87915921607e-10, 1.70318092962e-10, 5.0455334355e-10, 6.4996236171e-10, 9.12537684306e-11, 4.17533646546e-11, 9.20861928377e-11, 5.34671508456e-11, 6.34187771742e-11, 4.58460283626e-11, 7.11225037198e-11, 3.41663225489e-11, 7.70443847609e-11, 2.1164077435e-11, 1.47678501372e-11, 1.33254908843e-11, 1.54353370363e-11, 1.70460746213e-11, 2.07423175858e-11, 2.4669119178e-11, 1.75562567956e-11]
    },
    "mfcc": {
        "mean": [-617.790405273, 94.1947250366, 12.2164325714, 2.85970854759, 4.18441915512, 14.9119176865, 10.0046062469, 5.94440555573, 8.51296043396, 3.64685797691, 5.7782831192, 7.928835392, 3.46339845657],
        "cov": [[8744.30078125, 534.875061035, 746.796386719, 797.420471191, 426.463165283, 173.568191528, -11.7463006973, -6.30497789383, 82.2124786377, 82.489151001, 160.687194824, 172.779281616, 119.550010681], [534.875061035, 818.484924316, 76.773651123, 65.4123535156, 57.2651100159, -4.07322645187, -18.709444046, -37.493560791, -52.0991287231, -27.4937934875, -28.8882846832, -31.6158847809, 13.0165205002], [746.796386719, 76.773651123, 590.901611328, 385.797851562, 187.884490967, -1.73336160183, -35.9814758301, -21.7370452881, 8.55248451233, 5.20641994476, 29.8060474396, 36.6735610962, 22.3572425842], [797.420471191, 65.4123535156, 385.797851562, 609.10144043, 216.268325806, 70.3406143188, 11.5978288651, 59.6026382446, 88.5286636353, 78.0637969971, 101.445610046, 68.3495101929, 49.1134300232], [426.463165283, 57.2651100159, 187.884490967, 216.268325806, 184.909118652, 50.8127555847, 44.3930854797, 34.3956680298, 33.4562149048, 26.0397357941, 28.3358364105, 36.909198761, 22.8126449585], [173.568191528, -4.07322645187, -1.73336160183, 70.3406143188, 50.8127555847, 173.566101074, 88.7684860229, 102.073989868, 101.61932373, 57.888874054, 45.8629798889, 24.4345474243, 20.1576385498], [-11.7463006973, -18.709444046, -35.9814758301, 11.5978288651, 44.3930854797, 88.7684860229, 129.014831543, 88.4226150513, 63.1642837524, 46.3886070251, 29.4482803345, 24.0123157501, 19.1026420593], [-6.30497789383, -37.493560791, -21.7370452881, 59.6026382446, 34.3956680298, 102.073989868, 88.4226150513, 139.78616333, 98.3532409668, 58.2088470459, 49.1751556396, 20.665977478, 16.7350158691], [82.2124786377, -52.0991287231, 8.55248451233, 88.5286636353, 33.4562149048, 101.61932373, 63.1642837524, 98.3532409668, 144.133377075, 80.7295150757, 62.2354431152, 37.3810081482, 18.9243431091], [82.489151001, -27.4937934875, 5.20641994476, 78.0637969971, 26.0397357941, 57.888874054, 46.3886070251, 58.2088470459, 80.7295150757, 93.3886795044, 63.8721847534, 31.3618164062, 26.9681758881], [160.687194824, -28.8882846832, 29.8060474396, 101.445610046, 28.3358364105, 45.8629798889, 29.4482803345, 49.1751556396, 62.2354431152, 63.8721847534, 86.55103302, 48.4784164429, 25.6158924103], [172.779281616, -31.6158847809, 36.6735610962, 68.3495101929, 36.909198761, 24.4345474243, 24.0123157501, 20.665977478, 37.3810081482, 31.3618164062, 48.4784164429, 70.6449966431, 35.3789672852], [119.550010681, 13.0165205002, 22.3572425842, 49.1134300232, 22.8126449585, 20.1576385498, 19.1026420593, 16.7350158691, 18.9243431091, 26.9681758881, 25.6158924103, 35.3789672852, 57.5720825195]],
