{
"lowlevel": {
    "average_loudness": 0.8605504632,
    "barkbands_crest": {
        "dmean": 2.32274913788,
        "dmean2": 3.71750855446,
        "dvar": 4.89799690247,
        "dvar2": 12.0771636963,
        "max": 26.4092788696,
        "mean": 9.16580581665,
        "median": 8.22432327271,
        "min": 2.01365065575,
        "var": 18.8082427979
    },
    "barkbands_flatness_db": {
        "dmean": 0.017007580027,
        "dmean2": 0.0269165933132,
        "dvar": 0.000325934874127,
        "dvar2": 0.000819229113404,
        "max": 0.722579240799,
        "mean": 0.121717572212,
        "median": 0.0857138559222,
        "min": 0.013394058682,
        "var": 0.0154600888491
    },
    "barkbands_kurtosis": {
        "dmean": 2.4140381813,
        "dmean2": 3.91537380219,
        "dvar": 44.5492782593,
        "dvar2": 108.440803528,
        "max": 387.754516602,
        "mean": 3.11188149452,
        "median": 1.13389062881,
        "min": -1.92614281178,
        "var": 62.3856163025
    },
    "barkbands_skewness": {
        "dmean": 0.476324617863,
        "dmean2": 0.740779697895,
        "dvar": 0.272458076477,
        "dvar2": 0.693170547485,
        "max": 11.5892753601,
        "mean": 1.26554775238,
        "median": 1.22269809246,
        "min": -6.48526525497,
        "var": 1.28878247738
    },
    "barkbands_spread": {
        "dmean": 7.68656730652,
        "dmean2": 11.831246376,
        "dvar": 62.3592338562,
        "dvar2": 143.635284424,
        "max": 114.449478149,
        "mean": 34.4057655334,
        "median": 32.0716590881,
        "min": 0.0699849873781,
        "var": 442.997283936
    },
    "dissonance": {
        "dmean": 0.0204495377839,
        "dmean2": 0.0344251729548,
        "dvar": 0.000966553052422,
        "dvar2": 0.00263907038607,
        "max": 0.500000119209,
        "mean": 0.46068751812,
        "median": 0.477344214916,
        "min": 0.0413834825158,
        "var": 0.00323470449075
    },
    "dynamic_complexity": 4.81711387634,
    "erbbands_crest": {
        "dmean": 2.01189923286,
        "dmean2": 3.35631608963,
        "dvar": 3.5696542263,
        "dvar2": 9.52077865601,
        "max": 30.002248764,
        "mean": 7.23805475235,
        "median": 6.04511165619,
        "min": 1.84012079239,
        "var": 16.6363334656
    },
    "erbbands_flatness_db": {
        "dmean": 0.0118190078065,
        "dmean2": 0.018635051325,
        "dvar": 0.000149643150507,
        "dvar2": 0.000345800450305,
        "max": 0.640527546406,
        "mean": 0.13569714129,
        "median": 0.098191447556,
        "min": 0.0274693071842,
        "var": 0.0111778872088
    },
    "erbbands_kurtosis": {
        "dmean": 0.914189219475,
        "dmean2": 1.47310006618,
        "dvar": 5.02805423737,
        "dvar2": 12.6254577637,
        "max": 72.6580123901,
        "mean": 0.535082519054,
        "median": -0.502351522446,
        "min": -1.76401901245,
        "var": 19.329706192
    },
    "erbbands_skewness": {
        "dmean": 0.33134624362,
        "dmean2": 0.516667068005,
        "dvar": 0.0923153907061,
        "dvar2": 0.221586450934,
        "max": 5.3506937027,
        "mean": 0.393007874489,
        "median": 0.360847711563,
        "min": -6.21802568436,
        "var": 0.445133596659
    },
    "erbbands_spread": {
        "dmean": 9.05841732025,
        "dmean2": 14.4367303848,
        "dvar": 84.2547454834,
        "dvar2": 203.997344971,
        "max": 135.27696228,
        "mean": 50.6259307861,
        "median": 52.4596633911,
        "min": 0.307814210653,
        "var": 547.832763672
    },
    "hfc": {
        "dmean": 13.931145668,
        "dmean2": 21.6507263184,
        "dvar": 393.576141357,
        "dvar2": 896.06427002,
        "max": 326.25680542,
        "mean": 49.8940887451,
        "median": 38.8277320862,
        "min": 1.25344253172e-16,
        "var": 2143.91137695
    },
    "melbands_crest": {
        "dmean": 3.20032787323,
        "dmean2": 5.12436199188,
        "dvar": 8.76890850067,
        "dvar2": 23.4774589539,
        "max": 39.7594146729,
        "mean": 14.0038251877,
        "median": 12.7763347626,
        "min": 2.58203434944,
        "var": 37.9933280945
    },
    "melbands_flatness_db": {
        "dmean": 0.0224781464785,
        "dmean2": 0.0344933643937,
        "dvar": 0.00048692378914,
        "dvar2": 0.00112478749361,
        "max": 0.870600521564,
        "mean": 0.194482147694,
        "median": 0.157577127218,
        "min": 0.0049373311922,
        "var": 0.0211361255497
    },
    "melbands_kurtosis": {
        "dmean": 5.50353240967,
        "dmean2": 8.90885066986,
        "dvar": 138.223358154,
        "dvar2": 274.587249756,
        "max": 660.168273926,
        "mean": 12.0280780792,
        "median": 8.16510772705,
        "min": -1.9448196888,
        "var": 234.092910767
    },
    "melbands_skewness": {
        "dmean": 0.61936467886,
        "dmean2": 0.984782218933,
        "dvar": 0.427751451731,
        "dvar2": 1.069465518,
        "max": 17.9155349731,
        "mean": 2.57578659058,
        "median": 2.47839975357,
        "min": -3.02333712578,
        "var": 2.22499275208
    },
    "melbands_spread": {
        "dmean": 8.86374664307,
        "dmean2": 13.4776477814,
        "dvar": 128.344772339,
        "dvar2": 283.884246826,
        "max": 252.249465942,
        "mean": 30.7608356476,
        "median": 24.8155441284,
        "min": 0.0863194093108,
        "var": 602.572631836
    },
    "pitch_salience": {
        "dmean": 0.0683889240026,
        "dmean2": 0.110240034759,
        "dvar": 0.00401167850941,
        "dvar2": 0.0105076162145,
        "max": 0.938009083271,
        "mean": 0.576162517071,
        "median": 0.590805053711,
        "min": 0.0296164378524,
        "var": 0.0139175178483
    },
    "silence_rate_20dB": {
        "dmean": 0,
        "dmean2": 0,
        "dvar": 0,
        "dvar2": 0,
        "max": 1,
        "mean": 1,
        "median": 1,
        "min": 1,
        "var": 0
    },
    "silence_rate_30dB": {
        "dmean": 0.0183344371617,
        "dmean2": 0.0366729274392,
        "dvar": 0.0179979577661,
        "dvar2": 0.0463729128242,
        "max": 1,
        "mean": 0.982771933079,
        "median": 1,
        "min": 0,
        "var": 0.0169303584844
    },
    "silence_rate_60dB": {
        "dmean": 0.00463883345947,
        "dmean2": 0.00927869230509,
        "dvar": 0.00461862189695,
        "dvar2": 0.0109579013661,
        "max": 1,
        "mean": 0.0747653245926,
        "median": 0,
        "min": 0,
        "var": 0.0691706910729
    },
    "spectral_centroid": {
        "dmean": 262.93359375,
        "dmean2": 403.919494629,
        "dvar": 89286.9921875,
        "dvar2": 183900.53125,
        "max": 11083.7890625,
        "mean": 1478.56225586,
        "median": 1422.59191895,
        "min": 218.817687988,
        "var": 518719.5
    },
    "spectral_complexity": {
        "dmean": 3.77689409256,
        "dmean2": 6.04042863846,
        "dvar": 18.6327342987,
        "dvar2": 40.4653282166,
        "max": 54,
        "mean": 23.3573722839,
        "median": 24,
        "min": 0,
        "var": 155.271438599
    },
    "spectral_decrease": {
        "dmean": 2.53291343455e-09,
        "dmean2": 3.99714483734e-09,
        "dvar": 1.23427597938e-17,
        "dvar2": 3.28082164815e-17,
        "max": 3.72999035209e-29,
        "mean": -9.00322216779e-09,
        "median": -7.5319777082e-09,
        "min": -5.35455093598e-08,
        "var": 4.74265096086e-17
    },
    "spectral_energy": {
        "dmean": 0.0102378157899,
        "dmean2": 0.0161937940866,
        "dvar": 0.000186293837032,
        "dvar2": 0.000495669373777,
        "max": 0.206068694592,
        "mean": 0.038505744189,
        "median": 0.0342848412693,
        "min": 1.12283120013e-20,
        "var": 0.000776198750827
    },
    "spectral_energyband_high": {
        "dmean": 0.00153857376426,
        "dmean2": 0.00233788881451,
        "dvar": 5.69021267438e-06,
        "dvar2": 1.27627281472e-05,
        "max": 0.0348257608712,
        "mean": 0.00403153244406,
        "median": 0.00271767680533,
        "min": 7.99090237497e-21,
        "var": 1.97385597858e-05
    },
    "spectral_energyband_low": {
        "dmean": 0.00624704034999,
        "dmean2": 0.00944331660867,
        "dvar": 0.000134024608997,
        "dvar2": 0.000352409668267,
        "max": 0.180346429348,
        "mean": 0.0150724146515,
        "median": 0.00709365261719,
        "min": 6.30108706497e-23,
        "var": 0.000369525834685
    },
    "spectral_energyband_middle_high": {
        "dmean": 0.00193580042105,
        "dmean2": 0.00308436504565,
        "dvar": 8.57256873132e-06,
        "dvar2": 2.11138303712e-05,
        "max": 0.0712998434901,
        "mean": 0.00676468294114,
        "median": 0.00471019046381,
        "min": 1.73265197177e-21,
        "var": 6.92612957209e-05
    },
    "spectral_energyband_middle_low": {
        "dmean": 0.00536166410893,
        "dmean2": 0.00878848508,
        "dvar": 6.77978532622e-05,
        "dvar2": 0.000182416624739,
        "max": 0.119938649237,
        "mean": 0.0135479560122,
        "median": 0.011895227246,
        "min": 4.29785204142e-22,
        "var": 0.000117340001452
    },
    "spectral_entropy": {
        "dmean": 0.125771895051,
        "dmean2": 0.189946442842,
        "dvar": 0.01502937451,
        "dvar2": 0.0320848226547,
        "max": 9.79014778137,
        "mean": 7.70977973938,
        "median": 8.03626823425,
        "min": 2.7796394825,
        "var": 1.10487020016
    },
    "spectral_flux": {
        "dmean": 0.0201396346092,
        "dmean2": 0.0323754660785,
        "dvar": 0.000506901473273,
        "dvar2": 0.00126929080579,
        "max": 0.336942672729,
        "mean": 0.0975279062986,
        "median": 0.0982729643583,
        "min": 1.05963730845e-10,
        "var": 0.0025589785073
    },
    "spectral_kurtosis": {
        "dmean": 6.83618021011,
        "dmean2": 12.0660009384,
        "dvar": 1357.49707031,
        "dvar2": 4492.69384766,
        "max": 800.133300781,
        "mean": 17.5303325653,
        "median": 2.07985925674,
        "min": -1.17157649994,
        "var": 4100.10546875
    },
    "spectral_rms": {
        "dmean": 0.000748063845094,
        "dmean2": 0.00117093627341,
        "dvar": 6.59964769056e-07,
        "dvar2": 1.74658737251e-06,
        "max": 0.0141789503396,
        "mean": 0.00561709655449,
        "median": 0.00578347872943,
        "min": 3.30975091084e-12,
        "var": 6.01482361162e-06
    },
    "spectral_rolloff": {
        "dmean": 931.928771973,
        "dmean2": 1544.29785156,
        "dvar": 2155394.75,
        "dvar2": 4749326,
        "max": 19186.0839844,
        "mean": 2604.89648438,
        "median": 1399.65820312,
        "min": 21.533203125,
        "var": 8172177.5
    },
    "spectral_skewness": {
        "dmean": 0.323345273733,
        "dmean2": 0.530486524105,
        "dvar": 0.698039650917,
        "dvar2": 2.26009750366,
        "max": 24.4449386597,
        "mean": 2.17095160484,
        "median": 1.31061112881,
        "min": -0.178368106484,
        "var": 9.45599269867
    },
    "spectral_spread": {
        "dmean": 503892.53125,
        "dmean2": 787087.1875,
        "dvar": 419177103360,
        "dvar2": 746611671040,
        "max": 39852352,
        "mean": 6245141.5,
        "median": 6788286.5,
        "min": 128625.1875,
        "var": 5.5170081751e+12
    },
    "spectral_strongpeak": {
        "dmean": 0.384696990252,
        "dmean2": 0.673364520073,
        "dvar": 0.676157474518,
        "dvar2": 1.94880843163,
        "max": 13.5449352264,
        "mean": 0.603689551353,
        "median": 0.36563616991,
        "min": 0,
        "var": 0.698846638203
    },
    "zerocrossingrate": {
        "dmean": 0.0136628691107,
        "dmean2": 0.016520280391,
        "dvar": 0.00021786839352,
        "dvar2": 0.000273430865491,
        "max": 0.52978515625,
        "mean": 0.0982792899013,
        "median": 0.08642578125,
        "min": 0,
        "var": 0.0041072499007
    },
    "barkbands": {
        "dmean": [0.000703912519384, 0.00519107794389, 0.00130715849809, 0.00133837398607, 0.00224438798614, 0.00203877245076, 0.000798520166427, 0.00048046867596, 0.00122531480156, 0.000629207934253, 0.000616086123046, 0.000628195586614, 0.000590531213675, 0.000436415837612, 0.000265963986749, 0.000177137670107, 0.00017652749375, 0.000185130935279, 0.000160406605573, 0.000186434524949, 0.000162741649547, 0.000188666934264, 0.000502328795847, 0.000687131541781, 0.000122914279927, 8.91536838026e-05, 4.30044929089e-05],
        "dmean2": [0.00103589950595, 0.00784083548933, 0.00215309578925, 0.00230804923922, 0.0036701108329, 0.00330023374408, 0.00131533481181, 0.000788534991443, 0.00191101327073, 0.00103833014145, 0.00100840558298, 0.00106250157114, 0.00101206474937, 0.000731054868083, 0.000443997443654, 0.000293766759569, 0.00029481362435, 0.000309941649903, 0.000263757858193, 0.000303998182062, 0.00025737597025, 0.000291193806333, 0.000728973944206, 0.00113730411977, 0.00019144876569, 0.000142100732774, 6.92730245646e-05],
        "dvar": [2.71322073786e-06, 0.00011597845878, 7.01852695784e-06, 9.52855680225e-06, 1.70717921719e-05, 7.56020290282e-06, 3.78824370273e-06, 8.7776578539e-07, 3.69043277715e-06, 1.70005637301e-06, 1.34879087454e-06, 1.53106327616e-06, 1.47670527895e-06, 8.05148431482e-07, 1.94823257971e-07, 8.3071483914e-08, 8.45096792546e-08, 1.11956538262e-07, 6.52546034985e-08, 7.56779456879e-08, 5.2042111065e-08, 6.6055939385e-08, 8.96447431842e-07, 1.91809772332e-06, 4.55159785417e-08, 4.34503881763e-08, 1.68149387747e-08],
        "dvar2": [6.59410170556e-06, 0.000301043677609, 1.87462646863e-05, 2.61208660959e-05, 4.75414017274e-05, 1.952069033e-05, 9.5958739621e-06, 2.24766858992e-06, 8.40317352413e-06, 4.6823415687e-06, 3.55788097295e-06, 4.35368519902e-06, 4.23615210821e-06, 2.23675169764e-06, 5.22250616086e-07, 2.22690488272e-07, 2.21798032385e-07, 2.80205199488e-07, 1.68089982822e-07, 1.89609394852e-07, 1.17789838328e-07, 1.29785334479e-07, 1.82300004781e-06, 5.1858455663e-06, 1.05196555467e-07, 9.79140182267e-08, 4.31909086274e-08],
        "max": [0.0606238991022, 0.169395789504, 0.0526063218713, 0.0359894149005, 0.0693450197577, 0.0444056242704, 0.0997187867761, 0.024672601372, 0.0324207060039, 0.0240480042994, 0.0202935039997, 0.023507123813, 0.0233344770968, 0.0181696712971, 0.0080177905038, 0.00387136312202, 0.00472094770521, 0.0152408890426, 0.0049389032647, 0.0049219536595, 0.00485962815583, 0.00573929678649, 0.0116057042032, 0.0166434757411, 0.00626478577033, 0.00704871676862, 0.00324520398863],
        "mean": [0.00164018583018, 0.0105660138652, 0.00210715504363, 0.00171263492666, 0.00397977884859, 0.00344399455935, 0.00126328028273, 0.000747214071453, 0.00211954512633, 0.00109027291182, 0.00105205271393, 0.00104872183874, 0.00102389231324, 0.000772498548031, 0.000443794357125, 0.000320496154018, 0.000300578365568, 0.00033009290928, 0.00032811582787, 0.000392649322748, 0.000382040918339, 0.000415369984694, 0.000850718701258, 0.00125240068883, 0.00040300359251, 0.00040885125054, 0.00011040076788],
        "median": [0.000259904365521, 0.00387918995693, 0.000974459049758, 0.000642218335997, 0.0025718936231, 0.00232221907936, 0.000697376206517, 0.00041027268162, 0.00120207923464, 0.000450051971711, 0.000366828287952, 0.000400512479246, 0.000442320015281, 0.000318501581205, 0.000221772366785, 0.000178292713827, 0.000184835036634, 0.000226410469622, 0.000207577002584, 0.000259979686234, 0.000276535109151, 0.000285868562059, 0.000427963357652, 0.000624083506409, 0.000193262589164, 0.000113949972729, 2.5027889933e-05],
        "min": [3.69562338325e-23, 2.88400699636e-23, 1.0234410805e-23, 2.92494729962e-23, 5.8789612837e-23, 6.35466334221e-23, 1.14700514459e-22, 5.62990148761e-23, 7.4348916005e-23, 8.99250503092e-23, 9.12502924538e-23, 7.00366362656e-23, 1.09067997108e-22, 9.6922776653e-23, 1.68033355533e-22, 1.53696685794e-22, 2.19798913005e-22, 2.88232609154e-22, 2.03715793574e-22, 3.91629857557e-22, 3.8831994866e-22, 5.14953303286e-22, 6.25448305596e-22, 7.54361506103e-22, 1.27231636833e-21, 1.98461308467e-21, 2.4432320258e-21],
        "var": [1.1589983842e-05, 0.000246005511144, 9.8965701909e-06, 9.23749212234e-06, 2.21832160605e-05, 1.37930110213e-05, 5.64277297599e-06, 1.38953146234e-06, 7.62992112868e-06, 3.60039007319e-06, 3.09677147925e-06, 3.36994935424e-06, 3.23101630784e-06, 1.94241920326e-06, 3.90542027162e-07, 1.75298609406e-07, 1.37404327916e-07, 1.68665309275e-07, 1.58227436486e-07, 1.93736809706e-07, 1.68454448612e-07, 2.08119956824e-07, 1.78748268809e-06, 2.90301954919e-06, 3.7250597984e-07, 6.0362503973e-07, 6.48531397474e-08]
    },
    "erbbands": {
        "dmean": [0.219531565905, 0.988750338554, 1.48833024502, 2.89718055725, 4.60187530518, 9.51698303223, 17.3497219086, 15.0603704453, 10.1466197968, 10.8193826675, 13.8967981339, 23.2793197632, 25.6238937378, 24.789150238, 18.1538105011, 21.6419448853, 25.4990882874, 23.2883014679, 14.2464189529, 10.7339897156, 9.54271793365, 10.1734428406, 9.66707706451, 9.03845596313, 8.10534477234, 8.40888214111, 6.95050668716, 6.24899673462, 6.43990802765, 9.06033706665, 15.0794935226, 20.9108982086, 7.19401216507, 1.86083817482, 0.822329878807, 0.429569274187, 0.188220381737, 0.0653241425753, 0.00611098390073, 8.48478011903e-05],
        "dmean2": [0.332527726889, 1.50974559784, 2.39556741714, 4.86941814423, 7.65175199509, 15.4092741013, 28.0796108246, 25.3630695343, 16.7117881775, 18.0550441742, 22.2516117096, 36.7431755066, 40.8622436523, 41.3914031982, 29.6556415558, 36.4563293457, 43.2453918457, 38.9306373596, 23.8025417328, 17.7697582245, 15.9394674301, 16.8427848816, 15.9704341888, 14.9341812134, 13.2569761276, 13.6963682175, 11.0972747803, 9.88195419312, 9.98153781891, 13.3173418045, 22.0777244568, 34.7257232666, 11.1130218506, 2.87677454948, 1.29244923592, 0.678801476955, 0.298582971096, 0.103877909482, 0.00978349801153, 0.000136137401569],
        "dvar": [0.235517904162, 4.13706159592, 7.92831897736, 37.8825187683, 95.4230880737, 297.035766602, 758.804992676, 454.228668213, 340.820800781, 716.229187012, 819.015075684, 1397.57629395, 1634.53479004, 2755.72216797, 1385.47570801, 2039.94897461, 2527.34106445, 2376.38549805, 612.65032959, 348.008148193, 266.080780029, 284.353637695, 384.276275635, 234.227554321, 134.091171265, 178.920028687, 116.444595337, 71.4981765747, 86.9345626831, 187.742462158, 727.180053711, 1772.50024414, 208.954605103, 9.66942977905, 2.73858118057, 0.975983321667, 0.202668845654, 0.028603842482, 0.000373149290681, 5.367208189e-08],
        "dvar2": [0.651241481304, 10.0657196045, 20.6379184723, 102.624389648, 256.734283447, 826.620605469, 2029.46313477, 1230.16174316, 874.484619141, 1882.14782715, 2033.61254883, 3254.51220703, 4065.61889648, 7910.61279297, 3707.83032227, 5661.89501953, 6986.09765625, 6615.08251953, 1654.34814453, 901.256835938, 716.429443359, 737.003112793, 950.004333496, 625.038024902, 334.757507324, 455.215209961, 272.595703125, 169.637252808, 180.096237183, 333.851593018, 1530.64672852, 4653.921875, 561.249633789, 22.9464683533, 6.39218711853, 2.17752075195, 0.474534183741, 0.0710358768702, 0.000942400482018, 1.35778137178e-07],
        "max": [8.01984977722, 32.5711708069, 54.9109458923, 102.050247192, 145.294174194, 300.635009766, 418.613922119, 485.02456665, 683.551208496, 1373.82336426, 869.879516602, 710.575866699, 693.972961426, 1032.23864746, 712.514770508, 997.643371582, 1097.02734375, 959.956848145, 422.192565918, 370.273223877, 247.351318359, 261.840545654, 1031.89428711, 226.537536621, 205.299697876, 227.529052734, 308.146606445, 120.947059631, 250.13394165, 165.93447876, 307.933807373, 433.280731201, 215.968582153, 58.9404220581, 62.5120353699, 31.6704521179, 15.1427059174, 5.110435009, 0.63516664505, 0.00783010851592],
        "mean": [0.435321033001, 1.82041692734, 2.67906522751, 4.4806189537, 7.27916622162, 16.0138130188, 27.4862670898, 23.8086929321, 17.2941226959, 17.1898803711, 22.9266052246, 41.1437988281, 44.8392906189, 43.7436790466, 35.345905304, 39.2776794434, 47.7244567871, 43.6044044495, 27.6705341339, 20.7124080658, 18.1948661804, 18.0884685516, 18.2224349976, 17.6057224274, 17.415605545, 18.0115718842, 16.601228714, 14.0104961395, 13.9173488617, 18.5674915314, 26.2908630371, 33.5178642273, 14.1960887909, 5.0633263588, 2.74785637856, 1.55444526672, 0.772075176239, 0.235813125968, 0.0164016708732, 0.000307829875965],
        "median": [0.129461750388, 0.687138974667, 1.38759148121, 2.10811424255, 3.73045086861, 9.71969509125, 17.1233615875, 15.7901544571, 11.17345047, 9.43433380127, 12.7157611847, 23.6406784058, 26.4194316864, 18.4449481964, 13.2374048233, 15.5245962143, 22.2019710541, 20.2471618652, 13.6064872742, 11.8912363052, 10.7211351395, 11.6100025177, 12.6092691422, 11.7756738663, 11.6928977966, 11.7580823898, 11.2576551437, 10.3737735748, 9.28555297852, 11.783033371, 13.3407411575, 14.3752622604, 7.44556999207, 2.64305257797, 1.17643523216, 0.514774858952, 0.193324446678, 0.0585668459535, 0.00370033900253, 0.000127972045448],
        "min": [1.82483737363e-21, 3.02489549668e-21, 6.87969750531e-21, 4.86846713794e-20, 1.55367214806e-19, 1.59699986854e-19, 2.75109259893e-19, 6.68843043867e-19, 2.07467196027e-18, 8.74287100872e-19, 1.46131846664e-18, 1.88432322566e-18, 2.82572176438e-18, 2.5784596949e-18, 3.67409474422e-18, 2.44918832236e-18, 4.59838553351e-18, 3.68139957621e-18, 8.05750761706e-18, 1.07336081251e-17, 5.97280940058e-18, 1.38848138799e-17, 1.62804546653e-17, 1.1941519294e-17, 1.20911025001e-17, 2.07558409233e-17, 1.43433813048e-17, 1.78499521227e-17, 1.69469802593e-17, 1.94494861624e-17, 1.58751924135e-17, 1.51801323971e-17, 1.19148236941e-17, 1.3070093089e-17, 1.0211109565e-17, 6.39659181278e-18, 3.48428160906e-18, 1.38767271555e-18, 3.40079850913e-19, 4.2921448789e-20],
        "var": [0.529633820057, 7.77644252777, 13.7563428879, 46.3318214417, 119.019378662, 400.994171143, 1092.30871582, 695.466064453, 533.973632812, 1048.75354004, 1262.50817871, 2998.39746094, 3196.49511719, 5500.29101562, 3814.64111328, 5085.09863281, 6444.18505859, 5701.33691406, 1726.90148926, 778.042297363, 535.107788086, 469.609924316, 562.210021973, 441.018981934, 376.294372559, 431.797973633, 392.312347412, 193.84513855, 247.980804443, 530.20135498, 1528.07434082, 2478.00561523, 377.861572266, 49.1532974243, 22.3999004364, 8.61612415314, 2.27815628052, 0.235006988049, 0.00136709597427, 2.97765154755e-07]
    },
    "gfcc": {
        "mean": [10.1645107269, 66.1033782959, -85.2113952637, 16.6366329193, -63.5985717773, 19.3800144196, -38.6154022217, 7.50262022018, -22.6370296478, 3.38202571869, -9.75762462616, 4.28826904297, -8.44822883606],
        "cov": [[36793.6328125, -7473.74755859, -2200.57836914, 3157.92407227, -176.965530396, 2048.11743164, 579.272460938, 673.710266113, -247.512756348, 262.828979492, -988.647338867, 743.118469238, -1244.64440918], [-7473.74755859, 2939.26171875, 885.571777344, -750.944580078, -67.5949401855, -429.458465576, -289.378723145, -155.770004272, 73.0153274536, -109.452270508, 423.755645752, -302.167022705, 444.743621826], [-2200.57836914, 885.571777344, 1346.87255859, -325.464050293, -10.9217948914, -162.539993286, -152.626663208, -46.0056381226, 9.79774665833, -26.7758159637, 233.426437378, -115.257843018, 221.544540405], [3157.92407227, -750.944580078, -325.464050293, 775.407226562, 8.07146072388, 104.64491272, 157.304550171, 60.4774284363, 46.3394813538, 38.0683135986, -126.507507324, 146.113922119, -149.823501587], [-176.965530396, -67.5949401855, -10.9217948914, 8.07146072388, 338.792480469, 155.465072632, 118.581314087, 85.5498046875, 34.0548591614, 39.4414558411, -58.8982162476, 51.8278274536, -46.0864601135], [2048.11743164, -429.458465576, -162.539993286, 104.64491272, 155.465072632, 475.50390625, 84.6132202148, 156.61857605, 58.7268943787, 27.8431072235, -26.2101974487, 46.643989563, -88.8627700806], [579.272460938, -289.378723145, -152.626663208, 157.304550171, 118.581314087, 84.6132202148, 205.002075195, 66.7889099121, 17.1035633087, 43.3445510864, -66.5520706177, 62.2082443237, -58.8854293823], [673.710266113, -155.770004272, -46.0056381226, 60.4774284363, 85.5498046875, 156.61857605, 66.7889099121, 144.58605957, 69.1707839966, 30.7343502045, -6.4812541008, 35.6908683777, -19.8732814789], [-247.512756348, 73.0153274536, 9.79774665833, 46.3394813538, 34.0548591614, 58.7268943787, 17.1035633087, 69.1707839966, 116.421913147, 24.2188510895, 42.4067573547, 20.3938655853, 19.1557445526], [262.828979492, -109.452270508, -26.7758159637, 38.0683135986, 39.4414558411, 27.8431072235, 43.3445510864, 30.7343502045, 24.2188510895, 91.5247192383, 8.20906734467, 33.2779273987, -11.1479825974], [-988.647338867, 423.755645752, 233.426437378, -126.507507324, -58.8982162476, -26.2101974487, -66.5520706177, -6.4812541008, 42.4067573547, 8.20906734467, 169.796340942, -27.6858539581, 97.181930542], [743.118469238, -302.167022705, -115.257843018, 146.113922119, 51.8278274536, 46.643989563, 62.2082443237, 35.6908683777, 20.3938655853, 33.2779273987, -27.6858539581, 106.15802002, -29.564491272], [-1244.64440918, 444.743621826, 221.544540405, -149.823501587, -46.0864601135, -88.8627700806, -58.8854293823, -19.8732814789, 19.1557445526, -11.1479825974, 97.181930542, -29.564491272, 155.641586304]],
        "icov": [[0.000112508401799, 0.000131421227707, -3.84737868444e-05, -0.000322137202602, 0.00024953353568, -0.000365880230675, 0.000243081449298, -0.000342728453688, 0.000568615214434, -0.000188769365195, 9.67050145846e-05, -1.51827625814e-05, 3.5276178096e-05], [0.000131421227707, 0.00156425894238, 0.000167596605024, -0.000449105107691, -0.00118847063277, 0.000474539672723, 0.000380375073291, 6.61361409584e-05, -6.83856851538e-05, 0.000757658330258, -0.00230040005408, 0.00309712206945, -0.00193104043137], [-3.84737868444e-05, 0.000167596605024, 0.00127518118825, -9.73998976406e-05, -0.00105225527659, 0.000607942871284, 0.000347555207554, -0.000226433665375, 0.000371536443708, 0.000311100127874, -0.00181347434409, 0.00141351635102, -0.00117997569032], [-0.000322137202602, -0.000449105107691, -9.73998976406e-05, 0.00343293184415, 0.000617868325207, 0.000800869776867, -0.00187084951904, 0.00154965894762, -0.00328853353858, 0.000790361315012, 0.00102647487074, -0.00284603075124, 0.00156054401305], [0.00024953353568, -0.00118847063277, -0.00105225527659, 0.000617868325207, 0.00738228717819, -0.00296479347162, -0.00181239296217, -0.00122819293756, 0.000442132150056, -0.00206725532189, 0.00530169392005, -0.00527347158641, 0.00262024020776], [-0.000365880230675, 0.000474539672723, 0.000607942871284, 0.000800869776867, -0.00296479347162, 0.00579897779971, -0.000234447041294, -0.00270226364955, -0.00147058232687, 0.00193448690698, -0.00358540238813, 0.00232980935834, 0.000623761094175], [0.000243081449298, 0.000380375073291, 0.000347555207554, -0.00187084951904, -0.00181239296217, -0.000234447041294, 0.00941068120301, -0.00340143917128, 0.00255718501285, -0.00240040314384, 0.000980701996014, -0.000586665875744, -0.000193503408809], [-0.000342728453688, 6.61361409584e-05, -0.000226433665375, 0.00154965894762, -0.00122819293756, -0.00270226364955, -0.00340143917128, 0.0176561176777, -0.00969909038395, -0.000295800185995, 0.00114608253352, -0.00014500610996, -0.00162528513465], [0.000568615214434, -6.83856851538e-05, 0.000371536443708, -0.00328853353858, 0.000442132150056, -0.00147058232687, 0.00255718501285, -0.00969909038395, 0.0191377196461, -0.00237277476117, -0.00347869377583, -0.00102625461295, -0.000479772977997], [-0.000188769365195, 0.000757658330258, 0.000311100127874, 0.000790361315012, -0.00206725532189, 0.00193448690698, -0.00240040314384, -0.000295800185995, -0.00237277476117, 0.0151320043951, -0.0046702735126, -0.00103284686338, 0.000285630638245], [9.67050145846e-05, -0.00230040005408, -0.00181347434409, 0.00102647487074, 0.00530169392005, -0.00358540238813, 0.000980701996014, 0.00114608253352, -0.00347869377583, -0.0046702735126, 0.018054690212, -0.00612478889525, -0.00138673058245], [-1.51827625814e-05, 0.00309712206945, 0.00141351635102, -0.00284603075124, -0.00527347158641, 0.00232980935834, -0.000586665875744, -0.00014500610996, -0.00102625461295, -0.00103284686338, -0.00612478889525, 0.0230041053146, -0.0059485626407], [3.5276178096e-05, -0.00193104043137, -0.00117997569032, 0.00156054401305, 0.00262024020776, 0.000623761094175, -0.000193503408809, -0.00162528513465, -0.000479772977997, 0.000285630638245, -0.00138673058245, -0.0059485626407, 0.0160735547543]]
    },
    "melbands": {
        "dmean": [0.00164966622833, 0.000875842524692, 0.000527669326402, 0.000465445627924, 0.000541672925465, 0.000335203541908, 0.000160214069183, 0.00011066719162, 0.000129858395667, 0.000165487508639, 0.000131540189614, 0.000100423530967, 6.62830934743e-05, 6.20565770078e-05, 6.91244567861e-05, 6.9057692599e-05, 4.26936967415e-05, 2.61845088971e-05, 2.1393494535e-05, 1.26194445329e-05, 1.15022230602e-05, 1.15422944873e-05, 9.24455616769e-06, 9.3023518275e-06, 7.84915664553e-06, 6.62184811517e-06, 6.75645424053e-06, 6.29878059044e-06, 4.79510345031e-06, 4.71607745567e-06, 3.63416052096e-06, 4.04859110859e-06, 4.14635451307e-06, 5.85976613365e-06, 7.60633201935e-06, 1.38119776238e-05, 1.3446579942e-05, 5.83060455028e-06, 2.38997699853e-06, 1.5517804286e-06],
        "dmean2": [0.00248270225711, 0.00137506483588, 0.000879682251252, 0.000757847039495, 0.000883421918843, 0.000556957675144, 0.00026421668008, 0.000183854877832, 0.000207211269299, 0.000259591994109, 0.000210158497794, 0.000167688252986, 0.000108667984023, 0.000104890939838, 0.000114940929052, 0.000117656141811, 7.18898736523e-05, 4.4041316869e-05, 3.56899436156e-05, 2.09144400287e-05, 1.92634997802e-05, 1.91530034499e-05, 1.50206324179e-05, 1.54765548359e-05, 1.29550562633e-05, 1.08666145024e-05, 1.0996382116e-05, 1.02484191302e-05, 7.63637945056e-06, 7.49042919779e-06, 5.76625370741e-06, 6.36317463432e-06, 6.33791569271e-06, 8.67963353812e-06, 1.10561895781e-05, 2.16013540921e-05, 2.25271978707e-05, 9.08155561774e-06, 3.7400252495e-06, 2.4188682346e-06],
        "dvar": [1.22922592709e-05, 2.4527714686e-06, 1.32349305204e-06, 7.29954592771e-07, 8.0613949649e-07, 2.11206497625e-07, 1.08785449981e-07, 6.33168042441e-08, 7.44772847838e-08, 7.16600325745e-08, 4.37982698998e-08, 4.63646117055e-08, 1.68022324942e-08, 2.21128413358e-08, 1.97559391069e-08, 2.01210195172e-08, 9.10964370604e-09, 2.50045384398e-09, 1.36603339751e-09, 4.40351782816e-10, 4.24945190147e-10, 3.56369850296e-10, 3.29056504267e-10, 2.4792540243e-10, 1.8615296804e-10, 1.07373512859e-10, 9.94346965877e-11, 1.0452767818e-10, 5.69894270663e-11, 5.11433326245e-11, 2.30685071739e-11, 3.65921876133e-11, 3.58004771661e-11, 8.26049992297e-11, 1.68986852289e-10, 6.51964204845e-10, 8.1877737923e-10, 1.36392189209e-10, 1.83533882536e-11, 7.65582996304e-12],
        "dvar2": [3.27403431584e-05, 6.12273652223e-06, 3.54700227945e-06, 2.00778208637e-06, 2.21637446884e-06, 5.65037055367e-07, 2.75849487252e-07, 1.6627801358e-07, 1.80843073849e-07, 1.65153949183e-07, 1.09491480771e-07, 1.33774662459e-07, 4.45932180071e-08, 6.32807442003e-08, 5.33235322564e-08, 5.73755478683e-08, 2.55050665032e-08, 6.72436728522e-09, 3.58851703908e-09, 1.15308596005e-09, 1.1558599633e-09, 9.23923160201e-10, 7.88848764088e-10, 6.47347675464e-10, 4.92449026002e-10, 2.72183470207e-10, 2.43901399077e-10, 2.68521371805e-10, 1.33326072405e-10, 1.24233290322e-10, 5.55769701094e-11, 8.03965991003e-11, 6.94751825514e-11, 1.5491553873e-10, 3.46757567105e-10, 1.58907709213e-09, 2.2691304391e-09, 3.70490915724e-10, 4.52003781626e-11, 1.83149918842e-11],
        "max": [0.0553005263209, 0.0231300331652, 0.0163888968527, 0.0128116887063, 0.0157747548074, 0.00987661164254, 0.01483749412, 0.0121936257929, 0.0080851810053, 0.00495305145159, 0.00350847141817, 0.00417935382575, 0.00248142401688, 0.00318256486207, 0.0033820210956, 0.0029240231961, 0.00185375520959, 0.000914130359888, 0.000829159398563, 0.000312048359774, 0.000305573921651, 0.000273597921478, 0.000845227099489, 0.000533902668394, 0.000207393342862, 0.000166471843841, 0.000177908310434, 0.000164126453456, 0.000205250282306, 0.000161262592883, 7.49333412386e-05, 0.000146393154864, 0.000109124957817, 0.000123602934764, 0.000165214092704, 0.000270539982012, 0.000276163278613, 0.0001776079298, 0.000108868829557, 6.83182370267e-05],
        "mean": [0.00339527544565, 0.00177231885027, 0.000843304209411, 0.000803385104518, 0.00091484899167, 0.00055868877098, 0.000271491880994, 0.000177706766408, 0.000202573501156, 0.000285363959847, 0.000223252238357, 0.000174483240698, 0.000125377904624, 0.00010432547424, 0.000107981992187, 0.00011342723883, 7.52414271119e-05, 4.5990513172e-05, 3.4764456359e-05, 2.2796133635e-05, 1.97683766601e-05, 1.89141373994e-05, 1.59282135428e-05, 1.58805160027e-05, 1.40124284371e-05, 1.27600660562e-05, 1.27164767036e-05, 1.18835323519e-05, 1.04085020212e-05, 9.42118367675e-06, 7.54535631131e-06, 7.83532505011e-06, 8.25351708045e-06, 1.11200233732e-05, 1.33398289108e-05, 2.07431585295e-05, 2.03053859877e-05, 1.08962567538e-05, 5.37021924174e-06, 3.86502915717e-06],
        "median": [0.00119624938816, 0.00085298914928, 0.000419129704824, 0.000478105968796, 0.000618201564066, 0.000382844271371, 0.000170321276528, 9.53736816882e-05, 0.000103306840174, 0.000157302201842, 0.000125247024698, 7.16520517017e-05, 4.68372381874e-05, 3.32108465955e-05, 3.915913112e-05, 4.44282050012e-05, 3.06147558149e-05, 1.85132412298e-05, 1.73215848918e-05, 1.20424883789e-05, 1.03356933323e-05, 1.11149811346e-05, 1.02171798062e-05, 1.0431197552e-05, 8.77744332684e-06, 8.02019712864e-06, 7.99625468062e-06, 7.1223703344e-06, 6.65838342684e-06, 6.46557646178e-06, 5.3060002756e-06, 4.90578031531e-06, 5.13844634042e-06, 6.57712598695e-06, 6.8322729021e-06, 8.66604568728e-06, 8.32012028695e-06, 5.62928789805e-06, 2.64696154773e-06, 1.90960213331e-06],
        "min": [1.34912333074e-23, 3.67401159212e-24, 1.31157591824e-23, 1.09559100887e-23, 9.39243510622e-24, 1.64291453783e-23, 2.8868282785e-23, 9.20232199464e-24, 1.30201516073e-23, 1.04966431583e-23, 1.4465609054e-23, 1.06114626519e-23, 1.3438775635e-23, 8.21949991435e-24, 5.63889686852e-24, 1.22146023496e-23, 5.92949192676e-24, 1.27978932027e-23, 1.43434555206e-23, 1.48477301211e-23, 4.55091726298e-24, 1.31451426734e-23, 1.71487553401e-23, 1.251506448e-23, 9.44907768579e-24, 6.39605463725e-24, 1.46717952065e-23, 1.23172094875e-23, 9.24672381955e-24, 7.98715828966e-24, 1.153019925e-23, 1.04345534942e-23, 8.03537583477e-24, 1.2988086778e-23, 9.93425001947e-24, 7.51449334563e-24, 1.00153322988e-23, 7.60481003067e-24, 8.26772692579e-24, 1.23116511736e-23],
        "var": [2.74471149169e-05, 5.51153334527e-06, 1.56847443122e-06, 1.01318687484e-06, 1.0869586049e-06, 3.52577700369e-07, 1.67923957406e-07, 1.02039003025e-07, 1.16523573013e-07, 1.51801899051e-07, 8.45629557489e-08, 9.12179061174e-08, 4.52791795169e-08, 4.42459935357e-08, 3.81658047388e-08, 3.88003229546e-08, 1.98312708477e-08, 6.17001028047e-09, 2.63482302643e-09, 9.64917479251e-10, 7.56855633721e-10, 5.91425630692e-10, 4.84456530447e-10, 3.76775166622e-10, 3.32840893735e-10, 2.50089310372e-10, 2.34964242507e-10, 2.22550020079e-10, 1.78058165434e-10, 1.27583082987e-10, 6.0945616609e-11, 9.08944516875e-11, 9.97895585608e-11, 2.14135903454e-10, 3.85821818938e-10, 1.05726227773e-09, 9.72652403064e-10, 2.31867233746e-10, 6.34139338263e-11, 3.27498028696e-11]
    },
    "mfcc": {
        "mean": [-630.087585449, 96.3802108765, 28.1438045502, 7.16631889343, 1.41205632687, 5.02717638016, -0.0845994949341, 3.21064996719, -6.55030679703, 4.39610528946, -3.40277099609, 1.30179357529, -5.47816801071],
        "cov": [[23371.5, -1870.3972168, -1438.04064941, 0.0834490135312, 158.180175781, 956.719909668, 614.862060547, 1050.68237305, 208.519638062, 621.366760254, -54.2629814148, 192.418502808, -73.8475723267], [-1870.3972168, 1827.30334473, 556.880004883, -81.1189880371, 58.4820594788, -150.053497314, -40.2740287781, -198.997894287, -63.8730812073, -58.9134101868, 24.8468875885, -19.8942966461, -52.6029052734], [-1438.04064941, 556.880004883, 725.497558594, 8.26606369019, 99.2166748047, -102.218223572, -73.9744338989, -92.4627685547, -67.9685134888, -19.9227104187, -19.4749755859, 21.2664680481, -14.0519733429], [0.0834490135312, -81.1189880371, 8.26606369019, 397.897033691, -2.00237941742, -8.89171886444, -66.5346298218, -18.4140262604, 8.9983921051, -44.7204818726, -12.4714374542, -19.3884925842, 34.4084205627], [158.180175781, 58.4820594788, 99.2166748047, -2.00237941742, 221.848937988, 83.0832138062, 56.9430160522, 69.5459289551, 35.8321342468, 60.6949501038, 12.3840532303, 44.4012985229, 21.2088565826], [956.719909668, -150.053497314, -102.218223572, -8.89171886444, 83.0832138062, 188.17527771, 124.154350281, 102.116592407, 58.5722732544, 63.1410217285, 20.9605102539, 37.0427856445, 19.2639522552], [614.862060547, -40.2740287781, -73.9744338989, -66.5346298218, 56.9430160522, 124.154350281, 180.270233154, 100.11643219, 73.2372665405, 58.423286438, 36.5523910522, 31.6029129028, 23.0239334106], [1050.68237305, -198.997894287, -92.4627685547, -18.4140262604, 69.5459289551, 102.116592407, 100.11643219, 185.822387695, 74.7516098022, 87.6610717773, 12.0425920486, 38.9943695068, 21.638502121], [208.519638062, -63.8730812073, -67.9685134888, 8.9983921051, 35.8321342468, 58.5722732544, 73.2372665405, 74.7516098022, 122.926811218, 50.156627655, 23.162115097, 11.4193964005, 24.6296958923], [621.366760254, -58.9134101868, -19.9227104187, -44.7204818726, 60.6949501038, 63.1410217285, 58.423286438, 87.6610717773, 50.156627655, 121.951156616, 34.0878601074, 29.9806652069, 7.37313365936], [-54.2629814148, 24.8468875885, -19.4749755859, -12.4714374542, 12.3840532303, 20.9605102539, 36.5523910522, 12.0425920486, 23.162115097, 34.0878601074, 79.2855758667, 36.4808120728, 11.611702919], [192.418502808, -19.8942966461, 21.2664680481, -19.3884925842, 44.4012985229, 37.0427856445, 31.6029129028, 38.9943695068, 11.4193964005, 29.9806652069, 36.4808120728, 88.31615448, 29.7508945465], [-73.8475723267, -52.6029052734, -14.0519733429, 34.4084205627, 21.2088565826, 19.2639522552, 23.0239334106, 21.638502121, 24.6296958923, 7.37313365936, 11.611702919, 29.7508945465, 79.9533157349]],
