{
"lowlevel": {
    "average_loudness": 0.836697518826,
    "barkbands_crest": {
        "dmean": 2.23881626129,
        "dmean2": 3.35268688202,
        "dvar": 5.34151172638,
        "dvar2": 12.8984947205,
        "max": 25.882566452,
        "mean": 7.84852361679,
        "median": 6.67423343658,
        "min": 1.70801830292,
        "var": 18.1752929688
    },
    "barkbands_flatness_db": {
        "dmean": 0.0177213996649,
        "dmean2": 0.0277299582958,
        "dvar": 0.000463943084469,
        "dvar2": 0.00109139597043,
        "max": 0.63331580162,
        "mean": 0.0826205760241,
        "median": 0.0648182630539,
        "min": 0.00631572958082,
        "var": 0.00331207900308
    },
    "barkbands_kurtosis": {
        "dmean": 1.58834457397,
        "dmean2": 2.53710174561,
        "dvar": 12.1035356522,
        "dvar2": 26.2984886169,
        "max": 160.521514893,
        "mean": 1.48826014996,
        "median": -0.184553384781,
        "min": -1.87378394604,
        "var": 27.9360752106
    },
    "barkbands_skewness": {
        "dmean": 0.418358266354,
        "dmean2": 0.634014427662,
        "dvar": 0.290605157614,
        "dvar2": 0.65746062994,
        "max": 11.4811754227,
        "mean": 0.960875809193,
        "median": 0.753337919712,
        "min": -3.77988886833,
        "var": 0.929235816002
    },
    "barkbands_spread": {
        "dmean": 8.09446144104,
        "dmean2": 12.4655637741,
        "dvar": 106.125228882,
        "dvar2": 225.948043823,
        "max": 141.84185791,
        "mean": 40.5845603943,
        "median": 39.2631759644,
        "min": 1.19396960735,
        "var": 518.578918457
    },
    "dissonance": {
        "dmean": 0.0130908545107,
        "dmean2": 0.0223517641425,
        "dvar": 0.000167159378179,
        "dvar2": 0.000456562091131,
        "max": 0.500000059605,
        "mean": 0.479957044125,
        "median": 0.484400987625,
        "min": 0.342264831066,
        "var": 0.000293394114124
    },
    "dynamic_complexity": 3.91293287277,
    "erbbands_crest": {
        "dmean": 1.93759286404,
        "dmean2": 3.25818133354,
        "dvar": 3.67851614952,
        "dvar2": 9.84014034271,
        "max": 23.6861495972,
        "mean": 6.27090835571,
        "median": 5.56167411804,
        "min": 2.14489483833,
        "var": 7.96119642258
    },
    "erbbands_flatness_db": {
        "dmean": 0.0129022570327,
        "dmean2": 0.0202285032719,
        "dvar": 0.000192209772649,
        "dvar2": 0.000430832646089,
        "max": 0.529401779175,
        "mean": 0.119916908443,
        "median": 0.0995589420199,
        "min": 0.0345884002745,
        "var": 0.00337141402997
    },
    "erbbands_kurtosis": {
        "dmean": 0.586789190769,
        "dmean2": 0.953860521317,
        "dvar": 0.720260083675,
        "dvar2": 1.8266017437,
        "max": 16.4193286896,
        "mean": -0.0290436055511,
        "median": -0.385298252106,
        "min": -1.81576955318,
        "var": 1.71269392967
    },
    "erbbands_skewness": {
        "dmean": 0.296929687262,
        "dmean2": 0.474782794714,
        "dvar": 0.084462441504,
        "dvar2": 0.213699579239,
        "max": 3.50007867813,
        "mean": 0.378835678101,
        "median": 0.318481504917,
        "min": -2.39993333817,
        "var": 0.326259642839
    },
    "erbbands_spread": {
        "dmean": 6.91890525818,
        "dmean2": 10.7509536743,
        "dvar": 59.4081115723,
        "dvar2": 140.831497192,
        "max": 198.147445679,
        "mean": 43.0715446472,
        "median": 42.8710975647,
        "min": 3.71057271957,
        "var": 287.413757324
    },
    "hfc": {
        "dmean": 12.0978031158,
        "dmean2": 20.6733207703,
        "dvar": 679.335510254,
        "dvar2": 1986.17431641,
        "max": 306.114562988,
        "mean": 35.9474029541,
        "median": 30.2628822327,
        "min": 1.20745287785e-16,
        "var": 1219.99414062
    },
    "melbands_crest": {
        "dmean": 3.54963517189,
        "dmean2": 5.39568471909,
        "dvar": 12.7464017868,
        "dvar2": 30.5060329437,
        "max": 37.7692565918,
        "mean": 13.3368425369,
        "median": 12.0786924362,
        "min": 1.70281541348,
        "var": 44.7063941956
    },
    "melbands_flatness_db": {
        "dmean": 0.0240710154176,
        "dmean2": 0.036802649498,
        "dvar": 0.000930706388317,
        "dvar2": 0.00212502060458,
        "max": 0.817962944508,
        "mean": 0.147090733051,
        "median": 0.130911618471,
        "min": 0.00382179091685,
        "var": 0.00538985291496
    },
    "melbands_kurtosis": {
        "dmean": 4.66448688507,
        "dmean2": 7.0622792244,
        "dvar": 134.01914978,
        "dvar2": 266.429992676,
        "max": 499.307373047,
        "mean": 8.28430652618,
        "median": 4.22141981125,
        "min": -1.6913818121,
        "var": 292.012664795
    },
    "melbands_skewness": {
        "dmean": 0.585358202457,
        "dmean2": 0.872068703175,
        "dvar": 0.558079719543,
        "dvar2": 1.14614284039,
        "max": 19.0933818817,
        "mean": 2.09624004364,
        "median": 1.81355631351,
        "min": -1.91887450218,
        "var": 1.90406262875
    },
    "melbands_spread": {
        "dmean": 9.27114200592,
        "dmean2": 14.1790103912,
        "dvar": 141.375244141,
        "dvar2": 311.713226318,
        "max": 224.838821411,
        "mean": 37.7833213806,
        "median": 33.7066612244,
        "min": 0.858197391033,
        "var": 545.768737793
    },
    "pitch_salience": {
        "dmean": 0.0730346143246,
        "dmean2": 0.113954171538,
        "dvar": 0.00641182856634,
        "dvar2": 0.0149189177901,
        "max": 0.945712447166,
        "mean": 0.614661097527,
        "median": 0.628612577915,
        "min": 0.0932940021157,
        "var": 0.0155800804496
    },
    "silence_rate_20dB": {
        "dmean": 0,
        "dmean2": 0,
        "dvar": 0,
        "dvar2": 0,
        "max": 1,
        "mean": 1,
        "median": 1,
        "min": 1,
        "var": 0
    },
    "silence_rate_30dB": {
        "dmean": 0.000714796304237,
        "dmean2": 0.00142969470471,
        "dvar": 0.000714331865311,
        "dvar2": 0.00214238348417,
        "max": 1,
        "mean": 0.99964261055,
        "median": 1,
        "min": 0,
        "var": 0.000357244134648
    },
    "silence_rate_60dB": {
        "dmean": 0.0224446039647,
        "dmean2": 0.0448924154043,
        "dvar": 0.021945450455,
        "dvar2": 0.0525980070233,
        "max": 1,
        "mean": 0.197412624955,
        "median": 0,
        "min": 0,
        "var": 0.158441081643
    },
    "spectral_centroid": {
        "dmean": 303.803741455,
        "dmean2": 464.642547607,
        "dvar": 148697.765625,
        "dvar2": 310177.75,
        "max": 11431.7949219,
        "mean": 1848.08679199,
        "median": 1947.81518555,
        "min": 196.567489624,
        "var": 568121.1875
    },
    "spectral_complexity": {
        "dmean": 4.61343812943,
        "dmean2": 7.54549980164,
        "dvar": 32.3177986145,
        "dvar2": 83.7148208618,
        "max": 69,
        "mean": 21.3517971039,
        "median": 22,
        "min": 0,
        "var": 156.104690552
    },
    "spectral_decrease": {
        "dmean": 2.16431583766e-09,
        "dmean2": 3.48588868881e-09,
        "dvar": 2.05754874256e-17,
        "dvar2": 5.35646562836e-17,
        "max": 2.70017359166e-11,
        "mean": -4.87460871668e-09,
        "median": -3.37287286989e-09,
        "min": -4.10224743064e-08,
        "var": 3.04125359914e-17
    },
    "spectral_energy": {
        "dmean": 0.0088115921244,
        "dmean2": 0.0143106048927,
        "dvar": 0.000338602781994,
        "dvar2": 0.00089033524273,
        "max": 0.165256887674,
        "mean": 0.0216582957655,
        "median": 0.0166006013751,
        "min": 1.07933038564e-20,
        "var": 0.000512374157552
    },
    "spectral_energyband_high": {
        "dmean": 0.000961281359196,
        "dmean2": 0.00164612918161,
        "dvar": 3.87204545405e-06,
        "dvar2": 1.13665500976e-05,
        "max": 0.0217562057078,
        "mean": 0.00268154032528,
        "median": 0.002165972488,
        "min": 7.99986080563e-21,
        "var": 7.80409845902e-06
    },
    "spectral_energyband_low": {
        "dmean": 0.00326999253593,
        "dmean2": 0.00483558280393,
        "dvar": 5.01141694258e-05,
        "dvar2": 0.000111569803266,
        "max": 0.102475464344,
        "mean": 0.00716460729018,
        "median": 0.00264583458193,
        "min": 5.6950323683e-23,
        "var": 0.000124591111671
    },
    "spectral_energyband_middle_high": {
        "dmean": 0.00213994598016,
        "dmean2": 0.00369413592853,
        "dvar": 2.31335707213e-05,
        "dvar2": 6.91549139447e-05,
        "max": 0.0541088879108,
        "mean": 0.00487510673702,
        "median": 0.00362794171087,
        "min": 1.59630197125e-21,
        "var": 3.03087035718e-05
    },
    "spectral_energyband_middle_low": {
        "dmean": 0.00648340582848,
        "dmean2": 0.0112548889592,
        "dvar": 0.000293933902867,
        "dvar2": 0.0008015796775,
        "max": 0.141160875559,
        "mean": 0.00742499949411,
        "median": 0.00341297872365,
        "min": 2.97354239356e-22,
        "var": 0.000213593884837
    },
    "spectral_entropy": {
        "dmean": 0.137231752276,
        "dmean2": 0.222498312593,
        "dvar": 0.0379484519362,
        "dvar2": 0.0954880416393,
        "max": 9.80254936218,
        "mean": 8.00267028809,
        "median": 8.17374801636,
        "min": 4.95151185989,
        "var": 0.223573192954
    },
    "spectral_flux": {
        "dmean": 0.0246227737516,
        "dmean2": 0.036994472146,
        "dvar": 0.00160114606842,
        "dvar2": 0.00256122136489,
        "max": 0.389409691095,
        "mean": 0.0834845155478,
        "median": 0.071147814393,
        "min": 1.03890826497e-10,
        "var": 0.00467158667743
    },
    "spectral_kurtosis": {
        "dmean": 1.4981842041,
        "dmean2": 2.44703626633,
        "dvar": 40.9246292114,
        "dvar2": 46.7477378845,
        "max": 1035.7701416,
        "mean": 4.56646680832,
        "median": 2.76083612442,
        "min": -1.20199739933,
        "var": 262.126251221
    },
    "spectral_rms": {
        "dmean": 0.000729092222173,
        "dmean2": 0.00114432536066,
        "dvar": 1.48500294017e-06,
        "dvar2": 3.69575559489e-06,
        "max": 0.0126974890009,
        "mean": 0.00401290133595,
        "median": 0.00402438919991,
        "min": 3.24500409182e-12,
        "var": 5.02671127833e-06
    },
    "spectral_rolloff": {
        "dmean": 1161.81188965,
        "dmean2": 1837.59143066,
        "dvar": 3007145,
        "dvar2": 6217736,
        "max": 19143.0175781,
        "mean": 3806.64819336,
        "median": 2411.71875,
        "min": 43.06640625,
        "var": 12226220
    },
    "spectral_skewness": {
        "dmean": 0.183780267835,
        "dmean2": 0.304568976164,
        "dvar": 0.0806626230478,
        "dvar2": 0.191213160753,
        "max": 24.5928649902,
        "mean": 1.52812421322,
        "median": 1.43268883228,
        "min": -0.053922586143,
        "var": 0.394766747952
    },
    "spectral_spread": {
        "dmean": 568014.25,
        "dmean2": 876769.875,
        "dvar": 640073859072,
        "dvar2": 1.30555379712e+12,
        "max": 40742884,
        "mean": 6245288,
        "median": 6635422.5,
        "min": 134379.578125,
        "var": 6.23873045299e+12
    },
    "spectral_strongpeak": {
        "dmean": 0.32180133462,
        "dmean2": 0.558797478676,
        "dvar": 0.494413346052,
        "dvar2": 1.31001079082,
        "max": 14.7341604233,
        "mean": 0.442526310682,
        "median": 0.218599140644,
        "min": 0,
        "var": 0.597568869591
    },
    "zerocrossingrate": {
        "dmean": 0.0180968753994,
        "dmean2": 0.0202412810177,
        "dvar": 0.00050974288024,
        "dvar2": 0.000642494938802,
        "max": 0.736328125,
        "mean": 0.118583664298,
        "median": 0.10400390625,
        "min": 0.00390625,
        "var": 0.00584335671738
    },
    "barkbands": {
        "dmean": [0.000473754596896, 0.00233215861954, 0.0014893921325, 0.0013852607226, 0.00282353837974, 0.00138109887484, 0.000979484058917, 0.000741444993764, 0.000802842027042, 0.000580123974942, 0.000520490109921, 0.000481707509607, 0.000347690394847, 0.000341774604749, 0.000308587681502, 0.00021220985218, 0.000226567746722, 0.000217211563722, 0.000166475016158, 0.000195808577701, 0.000208698504139, 0.000155523099238, 0.000155304078362, 0.000184862103197, 0.000181467927177, 0.000194310487132, 6.84506230755e-05],
        "dmean2": [0.000693968322594, 0.00326395896263, 0.00259579461999, 0.00249750958756, 0.00527972355485, 0.00253504724242, 0.00176463800017, 0.00128654215951, 0.00138684222475, 0.0010158441728, 0.000871593307238, 0.000816421234049, 0.000594676705077, 0.000582218053751, 0.000536764040589, 0.000374809518689, 0.00040006445488, 0.000377959135221, 0.000284476787783, 0.000333372619934, 0.000359002908226, 0.000273233250482, 0.000272580975434, 0.000319231825415, 0.00030789829907, 0.000319936894812, 0.00011022540275],
        "dvar": [7.72585735831e-07, 2.58768486674e-05, 2.81219763565e-05, 2.12930881389e-05, 9.17317302083e-05, 1.70099974639e-05, 6.5846097641e-06, 3.0394676287e-06, 2.34540334532e-06, 1.49503500779e-06, 8.72031193921e-07, 6.95500602887e-07, 5.42747329746e-07, 4.6016646138e-07, 4.42156618874e-07, 2.35048787545e-07, 2.40165860532e-07, 1.96879810233e-07, 9.2844295807e-08, 1.30164124812e-07, 1.44910615063e-07, 8.40992200324e-08, 9.89563986309e-08, 1.59431024827e-07, 1.12403483854e-07, 1.22210295217e-07, 1.34772726312e-08],
        "dvar2": [1.44761270349e-06, 5.62397108297e-05, 7.67659439589e-05, 6.02348445682e-05, 0.000264598493231, 4.95824751852e-05, 1.9424383936e-05, 8.35576520331e-06, 6.84679798724e-06, 4.43467297373e-06, 2.45594446824e-06, 2.02130240723e-06, 1.591235673e-06, 1.2891557617e-06, 1.24551672798e-06, 6.80351718074e-07, 6.86924011006e-07, 5.58100850867e-07, 2.63639265086e-07, 3.58688140523e-07, 4.0967600512e-07, 2.53216768442e-07, 2.97327233056e-07, 4.67514439606e-07, 3.14267822432e-07, 3.120772476e-07, 3.21733395481e-08],
        "max": [0.0141051160172, 0.0890451967716, 0.0626928657293, 0.0487122386694, 0.0830126553774, 0.038084756583, 0.0320292413235, 0.0341636873782, 0.0153154125437, 0.0201660301536, 0.0143750319257, 0.0150835169479, 0.0114332437515, 0.0149975512177, 0.00925167091191, 0.00716868508607, 0.00555863371119, 0.00715718837455, 0.00376786291599, 0.00907514616847, 0.00543649680912, 0.00346581544727, 0.00440816301852, 0.00459695421159, 0.00541233457625, 0.00500195100904, 0.00187794002704],
        "mean": [0.000900208367966, 0.00457239290699, 0.00129878392909, 0.00106516876258, 0.00201292452402, 0.00128806184512, 0.00100794131868, 0.000774403451942, 0.00110154296272, 0.000724560115486, 0.000716037640814, 0.00073068391066, 0.000521350768395, 0.000521393609233, 0.000400834978791, 0.000283498608042, 0.000303692708258, 0.000321674102452, 0.000270593125606, 0.000340349215548, 0.000382189929951, 0.00028654380003, 0.000288985844236, 0.000380898709409, 0.000468307145638, 0.000537943968084, 0.00015737436479],
        "median": [0.000259862805251, 0.00114589801524, 0.000191357394215, 0.000130330372485, 0.000320630322676, 0.000449579645647, 0.000254305021372, 0.000294634985039, 0.000561232271139, 0.000300327432342, 0.000287201139145, 0.000358950550435, 0.00023801982752, 0.000238973516389, 0.000194707914488, 0.000147163125803, 0.000159895251272, 0.000182423857041, 0.00017398170894, 0.00022482550412, 0.000244732829742, 0.000200376525754, 0.000188866513781, 0.000233364422456, 0.000273419107543, 0.000322485051583, 6.19933052803e-05],
        "min": [1.67769715063e-23, 2.72701862751e-23, 5.49156762814e-24, 2.07294959631e-23, 9.66799210902e-23, 4.58438847341e-23, 2.89669471962e-23, 4.19194721246e-23, 2.73854830296e-23, 1.07321837717e-22, 9.97507420241e-23, 5.59588706756e-23, 7.66891633882e-23, 7.75210203682e-23, 1.94147175851e-22, 1.53559891002e-22, 1.60576272329e-22, 2.3155028992e-22, 1.91573848469e-22, 4.36288800637e-22, 4.55499696759e-22, 3.85823487885e-22, 7.6037063196e-22, 9.59944413532e-22, 1.08586963612e-21, 1.80539479221e-21, 2.55519988822e-21],
        "var": [2.00193858291e-06, 6.34465541225e-05, 1.88816957234e-05, 1.32715786094e-05, 5.19359491591e-05, 1.00520492197e-05, 5.23452854395e-06, 2.51748474511e-06, 2.30453451877e-06, 1.47358878166e-06, 1.17778620279e-06, 1.03814772956e-06, 7.0698484933e-07, 6.7099546186e-07, 4.15825581968e-07, 2.05592499469e-07, 2.16307256551e-07, 2.21427413294e-07, 1.24335798546e-07, 1.87215505321e-07, 2.56364586448e-07, 1.11793120539e-07, 1.31638941525e-07, 2.38054752799e-07, 3.34748392561e-07, 3.86045002188e-07, 4.69723921981e-08]
    },
    "erbbands": {
        "dmean": [0.103565901518, 0.468617200851, 1.4909952879, 3.21443080902, 5.86011695862, 10.5459461212, 13.6336765289, 10.4652395248, 12.5192079544, 15.3167219162, 17.1374473572, 17.1997146606, 18.5251598358, 20.4872493744, 17.1152076721, 17.5587100983, 15.7887248993, 16.966178894, 15.7459363937, 12.4902629852, 11.6720905304, 13.4448633194, 11.4379673004, 9.86313343048, 8.51846599579, 9.22183227539, 8.57896518707, 7.48396921158, 5.48338985443, 5.62518310547, 4.31701421738, 4.02824068069, 3.10665535927, 2.51290130615, 1.24410879612, 0.77274364233, 0.411523163319, 0.119203753769, 0.00946664623916, 0.000135906026117],
        "dmean2": [0.138627231121, 0.654074370861, 2.45133304596, 5.73851585388, 10.6153144836, 19.985906601, 25.2401275635, 19.2232303619, 22.5203399658, 27.2490749359, 29.6173667908, 29.96717453, 32.4231262207, 34.2167701721, 29.5335330963, 29.7864208221, 26.6828861237, 28.9464092255, 27.4108695984, 21.7669448853, 20.6441287994, 23.7219676971, 19.8952846527, 17.1838817596, 14.4282054901, 15.813117981, 14.4844732285, 13.026093483, 9.48552417755, 10.0416898727, 7.57071733475, 7.09987974167, 5.29432153702, 4.37570333481, 2.05770778656, 1.28871178627, 0.682597875595, 0.190161928535, 0.0152156865224, 0.000217378736124],
        "dvar": [0.0449285395443, 1.3910163641, 24.377248764, 117.790458679, 379.626953125, 1368.26721191, 1879.71411133, 942.987548828, 1139.96679688, 1563.84777832, 1484.4609375, 1221.09631348, 1433.62719727, 1434.62719727, 1067.81994629, 982.703857422, 1025.75439453, 1216.35852051, 1359.21948242, 697.99432373, 760.352294922, 846.78527832, 545.091003418, 378.633850098, 223.289505005, 335.260620117, 237.311203003, 210.676467896, 89.9357147217, 152.778503418, 70.6149749756, 83.030670166, 40.478351593, 27.2640209198, 4.43806886673, 1.71412932873, 0.570918619633, 0.0405333712697, 0.000252981262747, 4.99690884226e-08],
        "dvar2": [0.0978118032217, 2.69174003601, 62.9855728149, 329.798065186, 1073.98974609, 3972.51928711, 5462.48974609, 2742.08325195, 3305.27001953, 4443.77832031, 4161.40527344, 3585.37646484, 4267.68847656, 4093.37646484, 3194.73583984, 2858.73095703, 2970.15063477, 3390.53076172, 3901.65136719, 1998.86645508, 2193.77514648, 2410.9465332, 1532.46704102, 1085.31860352, 619.288208008, 951.636657715, 649.392822266, 610.226257324, 263.817382812, 461.189086914, 210.398651123, 250.065475464, 115.348052979, 79.2710876465, 11.8449573517, 4.45025920868, 1.50074112415, 0.0941206887364, 0.000608194968663, 1.18934430304e-07],
        "max": [2.94569420815, 21.1878910065, 62.7529792786, 113.608604431, 170.196166992, 336.167327881, 395.667480469, 334.456390381, 565.355041504, 584.08416748, 807.740112305, 350.752624512, 503.482269287, 565.033935547, 476.174163818, 533.091308594, 439.398712158, 1026.25915527, 521.745300293, 352.660705566, 392.687530518, 342.793548584, 461.202575684, 208.238296509, 193.959259033, 417.306762695, 279.328643799, 272.344909668, 141.677093506, 142.921127319, 103.010391235, 125.393188477, 94.6886444092, 70.2863388062, 54.4656257629, 17.0531215668, 9.54672527313, 3.20435810089, 0.242860868573, 0.00337456609122],
        "mean": [0.199088394642, 0.754962444305, 1.49662649632, 2.64518260956, 4.44213867188, 7.17386198044, 11.0278930664, 9.86563301086, 12.6706724167, 15.866396904, 19.7876930237, 22.6172657013, 24.6009044647, 28.9622955322, 25.379650116, 27.4961338043, 25.7128810883, 26.6432590485, 22.6137523651, 18.1179294586, 16.3611736298, 18.6225357056, 17.3297595978, 15.360080719, 15.0450315475, 15.5148143768, 15.8545198441, 13.4266929626, 10.4005088806, 9.44697856903, 7.95903635025, 7.37770318985, 6.42550754547, 5.29734516144, 3.3477537632, 1.98624622822, 1.0509032011, 0.32498690486, 0.0224576070905, 0.000373467133613],
        "median": [0.0481192544103, 0.168457835913, 0.279784977436, 0.555534601212, 0.580141067505, 1.00443422794, 2.88309669495, 3.44478034973, 3.32291698456, 4.87899589539, 8.62755489349, 11.176858902, 12.3135194778, 12.6568784714, 11.7873945236, 13.8870410919, 13.0576210022, 12.4980392456, 11.6977882385, 10.2341403961, 9.00765800476, 10.2045726776, 10.0974559784, 9.90434646606, 10.3184165955, 9.93567180634, 10.394285202, 8.72768306732, 7.17348432541, 6.27299356461, 5.26845264435, 4.59816455841, 3.84088397026, 2.95984840393, 1.89552080631, 1.2216989994, 0.606896162033, 0.154653191566, 0.00985064450651, 0.000206854267162],
        "min": [1.20978961216e-21, 4.12972909653e-21, 8.73768894836e-21, 4.41598286388e-20, 1.59169091997e-19, 3.13171174449e-19, 4.83314394084e-19, 4.05676540109e-19, 4.79363882876e-19, 4.99999971208e-19, 8.5633087093e-19, 6.12137641527e-19, 2.25884765276e-18, 3.76049417279e-18, 4.32205757808e-18, 2.725635185e-18, 3.91595987379e-18, 3.70894758574e-18, 9.04468315805e-18, 7.25189243025e-18, 9.04023458072e-18, 1.07531990707e-17, 1.36571696395e-17, 1.11638495771e-17, 1.17183798792e-17, 2.01248774782e-17, 1.90189386536e-17, 1.77017213569e-17, 1.15935831402e-17, 1.88891986832e-17, 2.30717299171e-17, 2.24689766397e-17, 1.37288067892e-17, 1.09422702248e-17, 8.35229162631e-18, 6.02291710696e-18, 3.41654978576e-18, 1.1053169916e-18, 3.58138030866e-19, 4.330742548e-20],
        "var": [0.110289268196, 2.73383569717, 19.6079940796, 74.4977035522, 231.546661377, 755.889587402, 1060.0904541, 579.502258301, 880.198059082, 1285.17163086, 1252.93493652, 1070.56506348, 1323.1159668, 1837.62133789, 1319.74169922, 1469.79321289, 1458.53088379, 1754.06494141, 1308.21142578, 702.880004883, 669.957641602, 778.110229492, 641.471740723, 423.258392334, 340.886383057, 418.88104248, 441.218719482, 314.89755249, 146.279708862, 153.473754883, 93.8867721558, 93.1914367676, 67.6800231934, 49.4904212952, 17.6380767822, 5.36753034592, 1.57497131824, 0.165196657181, 0.000885299465153, 1.98512012162e-07]
    },
    "gfcc": {
        "mean": [5.82392597198, 47.4948120117, -105.216094971, 9.18912506104, -50.5081596375, 11.819735527, -26.6066093445, 14.2457551956, -20.8628292084, 8.9478931427, -16.7183589935, 10.9296035767, -14.6058292389],
        "cov": [[18290.875, -5261.62841797, 1821.46679688, 525.917663574, -660.412353516, 1420.42285156, -307.696899414, 531.195800781, -551.106323242, 797.425537109, -296.22064209, -140.042755127, 8.53948974609], [-5261.62841797, 3753.84790039, -1019.30291748, -8.2261762619, 389.626495361, -806.18347168, 168.717880249, -284.626617432, 251.052764893, -436.825378418, 99.6324768066, 77.7479171753, -70.1779251099], [1821.46679688, -1019.30291748, 1000.42144775, 185.260131836, -139.112976074, 361.880249023, -84.4861526489, 104.896202087, -105.777664185, 145.493881226, -81.4453277588, -55.6343917847, -10.3179483414], [525.917663574, -8.2261762619, 185.260131836, 383.893005371, -43.8846702576, 129.996017456, 63.9297637939, 41.2674942017, 10.1646966934, 12.8963060379, -19.1820220947, -46.1108932495, 20.6266822815], [-660.412353516, 389.626495361, -139.112976074, -43.8846702576, 340.507568359, 15.5434570312, 98.0796127319, 19.5176258087, 22.9041347504, -38.2984619141, 37.5024108887, -9.41210460663, -1.82911682129], [1420.42285156, -806.18347168, 361.880249023, 129.996017456, 15.5434570312, 495.333953857, 25.6773910522, 130.866455078, -48.6405258179, 99.402381897, -18.0921363831, -45.5035705566, 2.42432618141], [-307.696899414, 168.717880249, -84.4861526489, 63.9297637939, 98.0796127319, 25.6773910522, 197.183898926, 62.0957565308, 62.3169174194, 17.5435810089, 28.0183143616, -10.8653354645, 29.6930179596], [531.195800781, -284.626617432, 104.896202087, 41.2674942017, 19.5176258087, 130.866455078, 62.0957565308, 135.111602783, 36.8797035217, 74.2084503174, 13.7465620041, -5.98190832138, 11.564031601], [-551.106323242, 251.052764893, -105.777664185, 10.1646966934, 22.9041347504, -48.6405258179, 62.3169174194, 36.8797035217, 122.393539429, 2.86175751686, 37.9235267639, 33.5494384766, -5.64230298996], [797.425537109, -436.825378418, 145.493881226, 12.8963060379, -38.2984619141, 99.402381897, 17.5435810089, 74.2084503174, 2.86175751686, 144.830169678, 25.0067443848, -9.51813220978, 32.7681655884], [-296.22064209, 99.6324768066, -81.4453277588, -19.1820220947, 37.5024108887, -18.0921363831, 28.0183143616, 13.7465620041, 37.9235267639, 25.0067443848, 76.9700775146, 22.0576190948, 24.6860618591], [-140.042755127, 77.7479171753, -55.6343917847, -46.1108932495, -9.41210460663, -45.5035705566, -10.8653354645, -5.98190832138, 33.5494384766, -9.51813220978, 22.0576190948, 92.2118377686, -12.2604942322], [8.53948974609, -70.1779251099, -10.3179483414, 20.6266822815, -1.82911682129, 2.42432618141, 29.6930179596, 11.564031601, -5.64230298996, 32.7681655884, 24.6860618591, -12.2604942322, 100.576087952]],
        "icov": [[0.000128479514387, 5.82613356528e-05, 8.02959548309e-05, -0.000192311767023, 3.17835474561e-05, -6.41104270471e-05, 0.000130967586301, -0.000296216458082, 0.000505450123455, -0.000532539736014, 0.00037407266791, -0.000241564717726, 0.000155535148224], [5.82613356528e-05, 0.000996299786493, 9.14937991183e-05, -0.000614246877376, -0.000760508875828, 0.000956592091825, -0.000274110905593, 0.000839392771013, -0.00108861771878, 0.00144908064976, -0.000703354889993, 0.000184820586583, 0.000435092719272], [8.02959548309e-05, 9.14937991183e-05, 0.00203477963805, -0.000873364682775, 9.2567584943e-05, -0.000700041477103, 0.000975380593445, -0.000749230384827, 0.00106842257082, -0.00180323119275, 0.00171529140789, -0.000360057980288, 0.000444158911705], [-0.000192311767023, -0.000614246877376, -0.000873364682775, 0.00431658513844, 0.00130778527819, -0.00122938596178, -0.00158200133592, 0.000359706755262, -0.00126650428865, 0.00131850503385, -0.000120727992908, 0.00169100286439, -0.00117287714966], [3.17835474561e-05, -0.000760508875828, 9.2567584943e-05, 0.00130778527819, 0.00497960019857, -0.00135522615165, -0.00199783826247, -0.00150553160347, 0.00204978231341, 0.000800412613899, -0.001863935031, 0.000754636479542, 0.000497792265378], [-6.41104270471e-05, 0.000956592091825, -0.000700041477103, -0.00122938596178, -0.00135522615165, 0.0049963905476, -0.000350837188307, -0.00218792678788, 0.000627002911642, 0.00147204997484, -0.00148414832074, 0.000622578023467, 0.0010590335587], [0.000130967586301, -0.000274110905593, 0.000975380593445, -0.00158200133592, -0.00199783826247, -0.000350837188307, 0.00956300646067, -0.00353001570329, -0.00220735627227, -0.00174717151094, 0.00166823924519, 0.000692290079314, -0.00210282602347], [-0.000296216458082, 0.000839392771013, -0.000749230384827, 0.000359706755262, -0.00150553160347, -0.00218792678788, -0.00353001570329, 0.0186946205795, -0.00834446307272, -0.00294733559713, 7.87566823419e-05, 0.000840426480863, -4.64818513137e-05], [0.000505450123455, -0.00108861771878, 0.00106842257082, -0.00126650428865, 0.00204978231341, 0.000627002911642, -0.00220735627227, -0.00834446307272, 0.0196337774396, -0.00341545417905, -0.00262756831944, -0.0049946019426, 0.00345040601678], [-0.000532539736014, 0.00144908064976, -0.00180323119275, 0.00131850503385, 0.000800412613899, 0.00147204997484, -0.00174717151094, -0.00294733559713, -0.00341545417905, 0.0191979072988, -0.00902461539954, 0.00301183806732, -0.00242946506478], [0.00037407266791, -0.000703354889993, 0.00171529140789, -0.000120727992908, -0.001863935031, -0.00148414832074, 0.00166823924519, 7.87566823419e-05, -0.00262756831944, -0.00902461539954, 0.0241747274995, -0.00495063234121, -0.00456574140117], [-0.000241564717726, 0.000184820586583, -0.000360057980288, 0.00169100286439, 0.000754636479542, 0.000622578023467, 0.000692290079314, 0.000840426480863, -0.0049946019426, 0.00301183806732, -0.00495063234121, 0.0149476565421, 0.00123924296349], [0.000155535148224, 0.000435092719272, 0.000444158911705, -0.00117287714966, 0.000497792265378, 0.0010590335587, -0.00210282602347, -4.64818513137e-05, 0.00345040601678, -0.00242946506478, -0.00456574140117, 0.00123924296349, 0.0133857084438]]
    },
    "melbands": {
        "dmean": [0.000743808574043, 0.000648494635243, 0.000625893706456, 0.000568651303183, 0.000494588341098, 0.00023887885618, 0.000195201704628, 0.000163206073921, 0.000141584052471, 0.000110352753836, 9.46538857534e-05, 8.38611013023e-05, 6.24492531642e-05, 5.07701515744e-05, 5.00466157973e-05, 3.51806702383e-05, 3.24599459418e-05, 2.68893363682e-05, 2.49120257649e-05, 1.42777262226e-05, 1.37267770697e-05, 1.57878366736e-05, 1.03123666122e-05, 1.08796284621e-05, 8.28625979921e-06, 6.89431726641e-06, 6.98372650731e-06, 6.74032662573e-06, 5.41282634003e-06, 6.24902168056e-06, 4.09607446272e-06, 3.35446361532e-06, 3.4923534713e-06, 3.29487784256e-06, 2.59837315753e-06, 2.84334987555e-06, 2.56107887253e-06, 2.24246741709e-06, 2.44728130383e-06, 2.21038430936e-06],
        "dmean2": [0.00101718120277, 0.000946243293583, 0.00110266648699, 0.00105747580528, 0.000922237231862, 0.00043857091805, 0.000351572001819, 0.000286960654194, 0.000243264556048, 0.000192369247088, 0.000165519566508, 0.000140522999573, 0.000106702289486, 8.74185498105e-05, 8.36103936308e-05, 6.02474792686e-05, 5.5324195273e-05, 4.68780235678e-05, 4.29523570347e-05, 2.52804129559e-05, 2.42408023041e-05, 2.77361541521e-05, 1.80118167918e-05, 1.90039427252e-05, 1.44128944157e-05, 1.17475447041e-05, 1.18114694487e-05, 1.1632472706e-05, 9.07591947907e-06, 1.07592841232e-05, 7.11520897312e-06, 5.75028434469e-06, 6.18608419245e-06, 5.84642339163e-06, 4.53983011539e-06, 4.98059853271e-06, 4.51831147075e-06, 3.78589811589e-06, 4.25609323429e-06, 3.84342274629e-06],
        "dvar": [2.29291026699e-06, 3.51512699126e-06, 4.04990669267e-06, 3.79841253562e-06, 2.62381604443e-06, 4.94959692787e-07, 2.68805081305e-07, 1.66035732718e-07, 9.0452900281e-08, 4.8798536767e-08, 3.72141961691e-08, 2.4584124958e-08, 1.38626941038e-08, 9.26202492479e-09, 8.10657674322e-09, 5.77805625568e-09, 4.39586456125e-09, 3.99836563858e-09, 2.46380182922e-09, 1.10053710589e-09, 9.97656290913e-10, 1.17050902304e-09, 3.88496401715e-10, 5.86308501749e-10, 2.5053165098e-10, 1.53196455521e-10, 1.51447493435e-10, 2.01243785525e-10, 8.47250047897e-11, 1.45837189547e-10, 6.26729085296e-11, 3.14026790682e-11, 4.70535277408e-11, 5.11243304635e-11, 2.44201985022e-11, 3.01763822264e-11, 3.41193080733e-11, 1.69586029247e-11, 2.77067587623e-11, 1.94039194434e-11],
        "dvar2": [5.03527780893e-06, 8.00841553428e-06, 1.11402596303e-05, 1.09107859316e-05, 7.62227728046e-06, 1.43981230849e-06, 7.86142038578e-07, 4.62678002577e-07, 2.55407996974e-07, 1.43300667332e-07, 1.10459346558e-07, 7.08515699444e-08, 4.09513170041e-08, 2.7429969407e-08, 2.22320490906e-08, 1.68651030918e-08, 1.21964287558e-08, 1.13898730447e-08, 6.69387834051e-09, 3.2133604666e-09, 2.8560425136e-09, 3.27106541853e-09, 1.10045084156e-09, 1.64329250207e-09, 7.11898429095e-10, 4.28252017182e-10, 3.90560833674e-10, 5.67085045589e-10, 2.32082991714e-10, 4.07742173358e-10, 1.78434128584e-10, 9.07530439687e-11, 1.39381090003e-10, 1.53295806604e-10, 7.241424127e-11, 8.93072837904e-11, 1.02895240939e-10, 4.66492781903e-11, 7.98543800529e-11, 5.60646251646e-11],
        "max": [0.0227910019457, 0.0269506704062, 0.021090393886, 0.0163707844913, 0.014819920063, 0.00740804895759, 0.00767230382189, 0.00567482830957, 0.00560034625232, 0.00220911903307, 0.00253419554792, 0.00233284221031, 0.0015352567425, 0.00198348076083, 0.00167073518969, 0.00154140358791, 0.00173335301224, 0.000850994430948, 0.000695569033269, 0.000546687631868, 0.000454906170489, 0.000434895744547, 0.00042009644676, 0.000257007428445, 0.000186784702237, 0.000204014606425, 0.000210990750929, 0.00040162136429, 0.000187729645404, 0.000195299362531, 0.000187879966688, 8.9555302111e-05, 8.34515085444e-05, 0.00010292429215, 5.70511911064e-05, 7.50787003199e-05, 7.9537028796e-05, 6.04011438554e-05, 6.27924528089e-05, 6.59742145217e-05],
        "mean": [0.00151415728033, 0.000862235436216, 0.000524046947248, 0.000402249686886, 0.000384642538847, 0.00022740579152, 0.000199920410523, 0.000170601400896, 0.000167020029039, 0.000145441037603, 0.000123036181321, 0.000115995164379, 8.96458150237e-05, 7.32757616788e-05, 7.2376569733e-05, 5.28553318873e-05, 4.86334720335e-05, 3.60710400855e-05, 3.2544026908e-05, 1.87922414625e-05, 1.81173090823e-05, 2.02288483706e-05, 1.50126970766e-05, 1.50935957208e-05, 1.20940330817e-05, 1.09298471216e-05, 1.11192994154e-05, 1.01065688796e-05, 9.39607525652e-06, 1.00116203612e-05, 6.89006856192e-06, 5.97080997977e-06, 5.35430945092e-06, 5.24274264535e-06, 4.39071209257e-06, 4.89021385874e-06, 4.27322129326e-06, 4.33267177868e-06, 4.74056923849e-06, 4.34297362517e-06],
        "median": [0.00040844787145, 0.000201838236535, 0.000103390644654, 5.23922608409e-05, 9.48280721786e-05, 8.20321438368e-05, 5.39243628737e-05, 5.53297795705e-05, 7.35655848985e-05, 7.11341781425e-05, 5.87212452956e-05, 4.9701291573e-05, 4.03379563068e-05, 3.22018713632e-05, 3.30732436851e-05, 2.32899365074e-05, 2.16156640818e-05, 1.58993734658e-05, 1.49420402522e-05, 9.87531620922e-06, 9.15200234886e-06, 9.82535766525e-06, 8.32131809148e-06, 8.51475124364e-06, 7.23931816538e-06, 6.94633354215e-06, 6.87377087161e-06, 5.66466178498e-06, 6.04248089076e-06, 5.34452101419e-06, 4.51622872788e-06, 3.9408637349e-06, 3.3499447909e-06, 3.28813553097e-06, 2.89236959361e-06, 2.85816281576e-06, 2.66095707957e-06, 2.58099294115e-06, 2.5515521429e-06, 2.40776512328e-06],
        "min": [9.73917023964e-24, 5.1997719236e-24, 9.86403824346e-24, 1.73444165104e-23, 1.70466688503e-23, 8.53842375656e-24, 6.81283233601e-24, 5.99263472019e-24, 6.58739166652e-24, 3.88259390964e-24, 1.10681634178e-23, 1.43219022629e-23, 1.45927655433e-23, 8.56823875447e-24, 6.04290330366e-24, 7.90124739277e-24, 6.81089252705e-24, 1.2921521906e-23, 1.3633961911e-23, 9.76992082658e-24, 1.05296348991e-23, 1.17873718494e-23, 1.06332880666e-23, 9.90434035825e-24, 9.37540754358e-24, 5.99664568346e-24, 1.25594789267e-23, 1.30347573669e-23, 1.11791009269e-23, 1.14481261614e-23, 1.06369341817e-23, 5.66219705864e-24, 8.43322836598e-24, 1.13137074186e-23, 1.39901420761e-23, 1.25744238966e-23, 1.375097996e-23, 9.90644346142e-24, 8.73852463605e-24, 9.33496658927e-24],
        "var": [6.11587392996e-06, 4.38253755419e-06, 2.68218241217e-06, 2.18534933083e-06, 1.46556658365e-06, 3.02446778733e-07, 2.07996748713e-07, 1.40278629601e-07, 7.89350877994e-08, 4.3765794544e-08, 3.48890303314e-08, 3.04484366609e-08, 1.71389480386e-08, 1.24067875973e-08, 1.15098330866e-08, 7.6419981454e-09, 6.30567509319e-09, 3.96155908078e-09, 2.6597135605e-09, 9.55408308023e-10, 8.91567653039e-10, 1.07832387464e-09, 4.6542295018e-10, 5.71696912033e-10, 2.86734497257e-10, 2.09954859054e-10, 2.3035935659e-10, 2.25948884602e-10, 1.47410472717e-10, 2.32645527842e-10, 8.79840714174e-11, 5.22349281884e-11, 5.01382060869e-11, 5.35045133199e-11, 3.02370004035e-11, 4.14668334392e-11, 3.41461997566e-11, 3.20049611813e-11, 4.65548641304e-11, 3.44417827591e-11]
    },
    "mfcc": {
        "mean": [-641.854003906, 96.3898544312, -1.1262447834, 6.95170354843, -2.01886510849, 1.80684578419, 2.80912542343, 7.89131164551, 1.40356636047, 4.60563087463, 1.93231773376, 2.72617721558, 1.26647222042],
        "cov": [[10836.1962891, -2780.93188477, 1073.15686035, -401.08001709, 45.4027748108, 460.488861084, 622.967895508, -411.563964844, 493.894348145, 6.9455242157, 238.564361572, 117.719154358, -15.2095804214], [-2780.93188477, 2200.17919922, -497.634674072, 283.645843506, 27.0221405029, -212.217514038, -298.23059082, 220.381240845, -278.856628418, -6.98933744431, -128.363891602, -69.2054519653, 18.9172172546], [1073.15686035, -497.634674072, 678.726013184, 92.737487793, 28.7898788452, 135.361587524, 100.359848022, -77.9897842407, 118.476646423, 0.756774365902, 37.63621521, 19.8176937103, -28.7395820618], [-401.08001709, 283.645843506, 92.737487793, 305.769226074, -37.4086647034, -11.4948787689, -36.7489242554, 22.1696777344, 6.48566389084, 14.5679636002, -18.7368144989, -1.60529279709, -11.3860712051], [45.4027748108, 27.0221405029, 28.7898788452, -37.4086647034, 210.417785645, 71.0967636108, 79.1053161621, 42.9675178528, 7.25286388397, 8.75042819977, 17.5367546082, -3.96914982796, 2.18212294579], [460.488861084, -212.217514038, 135.361587524, -11.4948787689, 71.0967636108, 185.568206787, 121.415977478, 33.0803985596, 62.8023986816, 28.2594795227, 31.6297092438, 10.1162204742, -7.61291313171], [622.967895508, -298.23059082, 100.359848022, -36.7489242554, 79.1053161621, 121.415977478, 212.334289551, 13.2135162354, 105.097694397, 29.7619171143, 49.8791160583, 25.7415466309, -0.708838880062], [-411.563964844, 220.381240845, -77.9897842407, 22.1696777344, 42.9675178528, 33.0803985596, 13.2135162354, 154.249938965, 2.24670648575, 43.1894264221, 6.33627128601, 5.94539737701, 19.4410324097], [493.894348145, -278.856628418, 118.476646423, 6.48566389084, 7.25286388397, 62.8023986816, 105.097694397, 2.24670648575, 142.280899048, 39.8039894104, 45.8211936951, 31.5835781097, 2.3577299118], [6.9455242157, -6.98933744431, 0.756774365902, 14.5679636002, 8.75042819977, 28.2594795227, 29.7619171143, 43.1894264221, 39.8039894104, 84.5461654663, 41.9670066833, 20.6391010284, 19.5847187042], [238.564361572, -128.363891602, 37.63621521, -18.7368144989, 17.5367546082, 31.6297092438, 49.8791160583, 6.33627128601, 45.8211936951, 41.9670066833, 79.5863037109, 41.788646698, 11.5089826584], [117.719154358, -69.2054519653, 19.8176937103, -1.60529279709, -3.96914982796, 10.1162204742, 25.7415466309, 5.94539737701, 31.5835781097, 20.6391010284, 41.788646698, 66.1137619019, 28.8150730133], [-15.2095804214, 18.9172172546, -28.7395820618, -11.3860712051, 2.18212294579, -7.61291313171, -0.708838880062, 19.4410324097, 2.3577299118, 19.5847187042, 11.5089826584, 28.8150730133, 59.0022735596]],
