{
"lowlevel": {
    "average_loudness": 0.688014030457,
    "barkbands_crest": {
        "dmean": 3.10064291954,
        "dmean2": 4.93108892441,
        "dvar": 9.74840068817,
        "dvar2": 22.1706142426,
        "max": 26.9997062683,
        "mean": 15.0871953964,
        "median": 14.2330513,
        "min": 2.48594069481,
        "var": 37.5495834351
    },
    "barkbands_flatness_db": {
        "dmean": 0.0364861115813,
        "dmean2": 0.0591857656837,
        "dvar": 0.00197666021995,
        "dvar2": 0.00515082012862,
        "max": 1,
        "mean": 0.258864730597,
        "median": 0.200192123652,
        "min": 0.0152509147301,
        "var": 0.0349151976407
    },
    "barkbands_kurtosis": {
        "dmean": 1221.90356445,
        "dmean2": 2094.07641602,
        "dvar": 976961920,
        "dvar2": 2755162112,
        "max": 1756608.375,
        "mean": 934.690246582,
        "median": 3.54697132111,
        "min": -1.95598483086,
        "var": 640716928
    },
    "barkbands_skewness": {
        "dmean": 2.34444308281,
        "dmean2": 3.77353310585,
        "dvar": 229.254852295,
        "dvar2": 661.368469238,
        "max": 345.110137939,
        "mean": 1.7271822691,
        "median": 1.44436001778,
        "min": -422.133026123,
        "var": 170.514465332
    },
    "barkbands_spread": {
        "dmean": 4.04885053635,
        "dmean2": 6.31999826431,
        "dvar": 28.5693149567,
        "dvar2": 62.4497413635,
        "max": 94.3496627808,
        "mean": 14.7477388382,
        "median": 11.2327899933,
        "min": 1.72152558662e-05,
        "var": 153.042572021
    },
    "dissonance": {
        "dmean": 0.0496447049081,
        "dmean2": 0.0857075303793,
        "dvar": 0.00401821080595,
        "dvar2": 0.0113931354135,
        "max": 0.500000238419,
        "mean": 0.38960018754,
        "median": 0.429938107729,
        "min": 0.0034254968632,
        "var": 0.0113106677309
    },
    "dynamic_complexity": 2.18473672867,
    "erbbands_crest": {
        "dmean": 3.20090270042,
        "dmean2": 5.2869143486,
        "dvar": 12.6917772293,
        "dvar2": 31.4622383118,
        "max": 34.9598731995,
        "mean": 15.7939443588,
        "median": 14.6235113144,
        "min": 2.25096106529,
        "var": 63.4093742371
    },
    "erbbands_flatness_db": {
        "dmean": 0.0261408369988,
        "dmean2": 0.0431785807014,
        "dvar": 0.00116847932804,
        "dvar2": 0.00301263411529,
        "max": 0.867306828499,
        "mean": 0.259789407253,
        "median": 0.189173579216,
        "min": 0.0505554936826,
        "var": 0.0326092727482
    },
    "erbbands_kurtosis": {
        "dmean": 5.86336898804,
        "dmean2": 9.53028583527,
        "dvar": 276.169281006,
        "dvar2": 712.424072266,
        "max": 335.077880859,
        "mean": 12.2038269043,
        "median": 1.86409044266,
        "min": -1.86363399029,
        "var": 1005.08599854
    },
    "erbbands_skewness": {
        "dmean": 0.678143203259,
        "dmean2": 1.0527575016,
        "dvar": 1.01835465431,
        "dvar2": 2.23880720139,
        "max": 16.0199775696,
        "mean": 0.813576817513,
        "median": 0.638885974884,
        "min": -13.5621519089,
        "var": 5.61938047409
    },
    "erbbands_spread": {
        "dmean": 6.6113524437,
        "dmean2": 10.2855272293,
        "dvar": 76.641456604,
        "dvar2": 174.275543213,
        "max": 122.529022217,
        "mean": 27.3524742126,
        "median": 20.2430381775,
        "min": 0.137348666787,
        "var": 614.943237305
    },
    "hfc": {
        "dmean": 4.98995780945,
        "dmean2": 7.99245214462,
        "dvar": 40.1867523193,
        "dvar2": 101.947105408,
        "max": 75.9239273071,
        "mean": 17.7895889282,
        "median": 17.2198066711,
        "min": 2.14887396766e-08,
        "var": 84.1604919434
    },
    "melbands_crest": {
        "dmean": 3.80017995834,
        "dmean2": 6.17279815674,
        "dvar": 15.3411006927,
        "dvar2": 32.0395736694,
        "max": 39.6069526672,
        "mean": 19.7448863983,
        "median": 19.2189674377,
        "min": 1.99974441528,
        "var": 54.3349723816
    },
    "melbands_flatness_db": {
        "dmean": 0.0375840961933,
        "dmean2": 0.0594860836864,
        "dvar": 0.00204829266295,
        "dvar2": 0.00498952809721,
        "max": 1,
        "mean": 0.331900805235,
        "median": 0.279718220234,
        "min": 0.00785091053694,
        "var": 0.0330459102988
    },
    "melbands_kurtosis": {
        "dmean": 19.0114688873,
        "dmean2": 30.1494121552,
        "dvar": 2310.15087891,
        "dvar2": 5901.77978516,
        "max": 945.919494629,
        "mean": 36.4983062744,
        "median": 8.59795761108,
        "min": -1.95932519436,
        "var": 7327.84472656
    },
    "melbands_skewness": {
        "dmean": 1.20680761337,
        "dmean2": 1.85598540306,
        "dvar": 2.92871570587,
        "dvar2": 6.78296756744,
        "max": 22.9965667725,
        "mean": 2.90373873711,
        "median": 2.15938949585,
        "min": -12.4135513306,
        "var": 13.4187641144
    },
    "melbands_spread": {
        "dmean": 4.73495578766,
        "dmean2": 7.26074790955,
        "dvar": 41.9670677185,
        "dvar2": 83.9256515503,
        "max": 140.63381958,
        "mean": 15.898434639,
        "median": 12.5711870193,
        "min": 0.0977897271514,
        "var": 174.464645386
    },
    "pitch_salience": {
        "dmean": 0.0882323682308,
        "dmean2": 0.146177858114,
        "dvar": 0.010959085077,
        "dvar2": 0.0270105917007,
        "max": 0.873741865158,
        "mean": 0.3944016397,
        "median": 0.410581916571,
        "min": 0.00480308150873,
        "var": 0.0296508520842
    },
    "silence_rate_20dB": {
        "dmean": 0,
        "dmean2": 0,
        "dvar": 0,
        "dvar2": 0,
        "max": 1,
        "mean": 1,
        "median": 1,
        "min": 1,
        "var": 0
    },
    "silence_rate_30dB": {
        "dmean": 0.0732330977917,
        "dmean2": 0.14648117125,
        "dvar": 0.0678729936481,
        "dvar2": 0.142429620028,
        "max": 1,
        "mean": 0.919308662415,
        "median": 1,
        "min": 0,
        "var": 0.0741828307509
    },
    "silence_rate_60dB": {
        "dmean": 0.00286386418156,
        "dmean2": 0.00572831416503,
        "dvar": 0.00285534840077,
        "dvar2": 0.00590097624809,
        "max": 1,
        "mean": 0.0136019634083,
        "median": 0,
        "min": 0,
        "var": 0.0134181044996
    },
    "spectral_centroid": {
        "dmean": 170.761383057,
        "dmean2": 251.806365967,
        "dvar": 44704.3945312,
        "dvar2": 87324.0390625,
        "max": 3971.04321289,
        "mean": 1056.40551758,
        "median": 1036.70239258,
        "min": 150.006546021,
        "var": 209947.640625
    },
    "spectral_complexity": {
        "dmean": 1.8439193964,
        "dmean2": 3.03160810471,
        "dvar": 4.35678291321,
        "dvar2": 10.3218832016,
        "max": 36,
        "mean": 10.5071592331,
        "median": 10,
        "min": 0,
        "var": 44.9917793274
    },
    "spectral_decrease": {
        "dmean": 3.68208175061e-09,
        "dmean2": 5.51034684548e-09,
        "dvar": 3.60281758345e-17,
        "dvar2": 7.29897422723e-17,
        "max": -1.33172935335e-18,
        "mean": -9.52575618385e-09,
        "median": -5.31501509471e-09,
        "min": -6.07910948247e-08,
        "var": 9.43232133435e-17
    },
    "spectral_energy": {
        "dmean": 0.0142899658531,
        "dmean2": 0.0214318353683,
        "dvar": 0.00052711070748,
        "dvar2": 0.00107301631942,
        "max": 0.232298538089,
        "mean": 0.0375659577549,
        "median": 0.0216255225241,
        "min": 6.97535345456e-12,
        "var": 0.00137569429353
    },
    "spectral_energyband_high": {
        "dmean": 0.000102396887087,
        "dmean2": 0.000164610537468,
        "dvar": 4.38194298624e-08,
        "dvar2": 1.08210244321e-07,
        "max": 0.00314969336614,
        "mean": 0.000428751227446,
        "median": 0.00019371919916,
        "min": 1.58269003372e-12,
        "var": 2.53533556815e-07
    },
    "spectral_energyband_low": {
        "dmean": 0.010226700455,
        "dmean2": 0.0147457355633,
        "dvar": 0.000488813093398,
        "dvar2": 0.0010351089295,
        "max": 0.225751638412,
        "mean": 0.01932788454,
        "median": 0.00343605270609,
        "min": 2.65264459703e-12,
        "var": 0.0010827309452
    },
    "spectral_energyband_middle_high": {
        "dmean": 0.00237942812964,
        "dmean2": 0.00379130616784,
        "dvar": 1.15243610708e-05,
        "dvar2": 2.77749932138e-05,
        "max": 0.0299535188824,
        "mean": 0.00702110072598,
        "median": 0.00536353234202,
        "min": 1.24778399418e-12,
        "var": 3.40397382388e-05
    },
    "spectral_energyband_middle_low": {
        "dmean": 0.00885372422636,
        "dmean2": 0.0146211851388,
        "dvar": 0.000463458010927,
        "dvar2": 0.00119058147538,
        "max": 0.165531292558,
        "mean": 0.0124328248203,
        "median": 0.00471966667101,
        "min": 2.93384484458e-13,
        "var": 0.000472041487228
    },
    "spectral_entropy": {
        "dmean": 0.286619782448,
        "dmean2": 0.471705168486,
        "dvar": 0.127976238728,
        "dvar2": 0.34306126833,
        "max": 8.80060958862,
        "mean": 6.61998128891,
        "median": 7.16883659363,
        "min": 2.08688569069,
        "var": 2.26031947136
    },
    "spectral_flux": {
        "dmean": 0.0525135621428,
        "dmean2": 0.0809629634023,
        "dvar": 0.00329069863074,
        "dvar2": 0.00576477777213,
        "max": 0.473515838385,
        "mean": 0.102987542748,
        "median": 0.0781857669353,
        "min": 1.25516680782e-05,
        "var": 0.00832105521113
    },
    "spectral_kurtosis": {
        "dmean": 23.2479343414,
        "dmean2": 41.3899726868,
        "dvar": 16062.8759766,
        "dvar2": 48856.2695312,
        "max": 4468.98925781,
        "mean": 39.6607208252,
        "median": 4.68153333664,
        "min": -0.51800775528,
        "var": 17607.8359375
    },
    "spectral_rms": {
        "dmean": 0.00109385547694,
        "dmean2": 0.00167077442165,
        "dvar": 1.84539703696e-06,
        "dvar2": 3.51414405486e-06,
        "max": 0.0150543255731,
        "mean": 0.00546526769176,
        "median": 0.00459326338023,
        "min": 8.24937771426e-08,
        "var": 6.78044989399e-06
    },
    "spectral_rolloff": {
        "dmean": 257.033477783,
        "dmean2": 433.62612915,
        "dvar": 272360.78125,
        "dvar2": 626897.875,
        "max": 13178.3203125,
        "mean": 959.501831055,
        "median": 990.52734375,
        "min": 21.533203125,
        "var": 539516.5625
    },
    "spectral_skewness": {
        "dmean": 0.725875079632,
        "dmean2": 1.24598991871,
        "dvar": 4.26691913605,
        "dvar2": 13.0052404404,
        "max": 57.7145690918,
        "mean": 3.44538164139,
        "median": 1.81090629101,
        "min": 0.557195067406,
        "var": 17.330739975
    },
    "spectral_spread": {
        "dmean": 441185.15625,
        "dmean2": 725537.75,
        "dvar": 263108149248,
        "dvar2": 598409478144,
        "max": 11946595,
        "mean": 4605879.5,
        "median": 5340265.5,
        "min": 32616.6328125,
        "var": 5.51909641421e+12
    },
    "spectral_strongpeak": {
        "dmean": 0.905072748661,
        "dmean2": 1.57133662701,
        "dvar": 1.5968028307,
        "dvar2": 3.85869693756,
        "max": 10.4546546936,
        "mean": 1.96574556828,
        "median": 1.17184948921,
        "min": 0,
        "var": 3.70934200287
    },
    "zerocrossingrate": {
        "dmean": 0.00806365720928,
        "dmean2": 0.00932449381799,
        "dvar": 9.44338680711e-05,
        "dvar2": 0.000113869980851,
        "max": 0.45703125,
        "mean": 0.0486993379891,
        "median": 0.044921875,
        "min": 0,
        "var": 0.000687236723024
    },
    "barkbands": {
        "dmean": [0.000494402251206, 0.00613609421998, 0.00614178273827, 0.00380913959816, 0.00356949493289, 0.00186993496027, 0.00164427806158, 0.000502059876453, 0.000592108466662, 0.000807427510154, 0.000782909628469, 0.00108481082134, 0.000527902215254, 0.000243080969085, 3.78563090635e-05, 5.37760461157e-05, 7.01960161678e-05, 4.4593722123e-05, 3.59555742762e-05, 2.0272042093e-05, 1.89238835446e-05, 3.75122726837e-05, 1.52369411808e-05, 3.34111900884e-05, 2.79459145531e-05, 7.65411641623e-06, 1.51291476413e-06],
        "dmean2": [0.000752061198, 0.00872672721744, 0.010334353894, 0.00705394567922, 0.00660473760217, 0.0032484238036, 0.00271721743047, 0.000776185886934, 0.000900205457583, 0.0011952664936, 0.00116970739327, 0.00159352668561, 0.000853739969898, 0.000382800208172, 6.20086575509e-05, 8.74555335031e-05, 0.000118079056847, 7.33494453016e-05, 5.52029559913e-05, 3.33706484525e-05, 3.13938035106e-05, 6.32535084151e-05, 2.53776452155e-05, 5.39929496881e-05, 4.63370852231e-05, 1.27333187265e-05, 2.42910095949e-06],
        "dvar": [4.33774357589e-06, 0.000228973178309, 0.000282497290755, 0.000170372411958, 0.000169199687662, 4.62709904241e-05, 1.88654958038e-05, 2.23732490667e-06, 2.7297444376e-06, 4.77215917272e-06, 4.81833694721e-06, 6.1666696638e-06, 3.53985637958e-06, 1.44145394643e-06, 3.85782383816e-09, 1.2584466802e-08, 1.52350718707e-08, 8.77999539739e-09, 4.22401669198e-09, 1.04480646357e-09, 9.93820914452e-10, 1.03054569323e-08, 9.26340504304e-10, 3.99929245276e-09, 2.47607245818e-09, 2.76653339126e-10, 7.53204356524e-12],
        "dvar2": [9.49419336393e-06, 0.000412756984588, 0.000753828848246, 0.000477939116536, 0.000485003576614, 0.000131732536829, 4.83205294586e-05, 4.75458364235e-06, 5.84839881412e-06, 9.4637471193e-06, 8.47762476042e-06, 1.04113005364e-05, 6.90785645929e-06, 3.0619721656e-06, 1.02495558707e-08, 2.93730817447e-08, 4.20144345981e-08, 2.00932372962e-08, 8.82763728782e-09, 2.78428724521e-09, 2.5818223115e-09, 2.76570855107e-08, 2.40755215763e-09, 1.01199377767e-08, 6.38437436251e-09, 6.95860147282e-10, 1.92077846684e-11],
        "max": [0.0764888972044, 0.163729816675, 0.147670656443, 0.0896928310394, 0.122980237007, 0.0763363689184, 0.0584606863558, 0.0373463444412, 0.0262354910374, 0.0279063619673, 0.0276992768049, 0.0252550393343, 0.0205025970936, 0.0260217878968, 0.00094820279628, 0.00242995889857, 0.00207936414517, 0.00167557795066, 0.00260973721743, 0.000721519812942, 0.000542862981092, 0.00132551218849, 0.00057060085237, 0.00104162481148, 0.000761291536037, 0.000245383387664, 5.30157194589e-05],
        "mean": [0.000778228859417, 0.0105501841754, 0.00664866482839, 0.00243806932122, 0.00272252969444, 0.00214883172885, 0.00282315001823, 0.000702649645973, 0.000999791896902, 0.00155114918016, 0.0014038895024, 0.00251980451867, 0.000720749609172, 0.000564540794585, 8.30171920825e-05, 0.000107827763713, 0.000146918537212, 9.39862438827e-05, 0.000107808380562, 5.5160428019e-05, 5.95683923166e-05, 6.99234078638e-05, 4.91522587254e-05, 0.000106509585748, 8.45806498546e-05, 2.55197046499e-05, 3.64875086234e-06],
        "median": [3.40758197126e-05, 0.001403664588, 0.00111877871677, 4.08949890698e-05, 0.00027047781623, 0.000288837443804, 0.000370430818293, 0.000192778883502, 0.000269504991593, 0.000393065158278, 0.000169512321008, 0.00018208794063, 6.35500909993e-05, 8.68637580425e-05, 4.2311483412e-05, 5.08576049469e-05, 9.02836036403e-05, 5.37067462574e-05, 6.35400647298e-05, 3.19636201311e-05, 3.64799634553e-05, 3.21264669765e-05, 2.03428826353e-05, 2.9153055948e-05, 2.58436739387e-05, 1.45577605508e-05, 1.90114315046e-06],
        "min": [3.20650813844e-13, 8.3456928434e-13, 6.13277476559e-15, 1.21763578089e-14, 4.15329663023e-14, 1.08276492698e-14, 1.40335156622e-14, 1.4997561976e-14, 1.39820595965e-13, 1.49028955409e-13, 5.31287558706e-14, 4.00558424862e-14, 8.55525164058e-14, 8.99254696857e-14, 6.72445226672e-14, 2.16926411729e-13, 2.32511357173e-13, 1.61010582037e-13, 1.30104613064e-13, 8.22503008627e-14, 1.42177881881e-13, 1.50347656959e-13, 1.66554433006e-13, 1.82719169114e-13, 1.82227402113e-13, 2.51790098103e-13, 4.77020604007e-13],
        "var": [8.37344214233e-06, 0.000517484091688, 0.000262100569671, 0.000104401260614, 0.00010245438898, 3.41321720043e-05, 2.92494150926e-05, 3.51656467501e-06, 4.22277935286e-06, 1.11342878881e-05, 1.33604344228e-05, 2.18544482777e-05, 5.68760879105e-06, 5.94483572058e-06, 1.17845493364e-08, 2.46465177156e-08, 3.33395746566e-08, 1.66304516824e-08, 2.68202811071e-08, 4.16933554348e-09, 4.65165950203e-09, 1.27463977151e-08, 4.15742240634e-09, 2.03807317689e-08, 1.19265397558e-08, 1.03882569213e-09, 2.30246360172e-11]
    },
    "erbbands": {
        "dmean": [0.1870123595, 1.61567544937, 6.18552970886, 10.1837186813, 12.1948957443, 11.9649524689, 12.3691186905, 16.7707767487, 25.4412689209, 15.7355480194, 13.9372472763, 9.63669013977, 23.4342956543, 18.1140384674, 34.445022583, 36.2117271423, 27.1023769379, 14.4783535004, 3.95710396767, 2.47124934196, 2.88271760941, 4.15655326843, 2.28793025017, 2.15951037407, 1.20633041859, 0.94998216629, 0.8025816679, 0.851256847382, 1.32295179367, 0.944770514965, 0.418627738953, 0.394342452288, 0.73151487112, 0.452905118465, 0.105376198888, 0.0459207966924, 0.012066770345, 0.00285115116276, 0.000199196045287, 1.7065078282e-05],
        "dmean2": [0.246191725135, 2.22707700729, 10.1031942368, 17.6686439514, 22.8024120331, 22.3715190887, 22.4490394592, 28.9743595123, 42.5949172974, 25.5458049774, 20.9941101074, 14.5238246918, 34.592540741, 27.1950206757, 51.2939682007, 53.7702140808, 41.4032707214, 21.6155414581, 6.1253528595, 4.06527519226, 4.6864938736, 6.92259407043, 3.71224045753, 3.35665154457, 1.89631390572, 1.5495326519, 1.32143807411, 1.44204115868, 2.20098495483, 1.63488841057, 0.68817615509, 0.642338037491, 1.15963160992, 0.732550084591, 0.176069006324, 0.0768147483468, 0.0198152475059, 0.00458708498627, 0.000322419422446, 2.5681225452e-05],
        "dvar": [0.239566534758, 15.8940162659, 264.800079346, 1012.83624268, 1812.87597656, 2153.38867188, 2343.42602539, 3827.09667969, 4982.77636719, 2675.97167969, 1613.50195312, 602.328369141, 3906.46118164, 1469.91540527, 5396.40527344, 6288.51171875, 6892.49951172, 4633.27294922, 200.024307251, 21.1879081726, 32.2375411987, 55.5075492859, 24.4731616974, 12.8010673523, 3.27185964584, 2.36399006844, 1.75961434841, 2.85703158379, 10.6984329224, 7.16415262222, 0.612309575081, 0.471566677094, 1.97344636917, 0.717559158802, 0.0558515191078, 0.0114040505141, 0.000497251981869, 2.76257469523e-05, 1.27282973494e-07, 7.14553638481e-10],
        "dvar2": [0.322409003973, 32.2053604126, 681.566772461, 2767.25439453, 5159.48730469, 6275.02636719, 6887.18310547, 10796.0029297, 13063.8808594, 5889.23144531, 3400.83886719, 1242.47705078, 7135.67041016, 2791.22338867, 9671.81054688, 11690.96875, 13171.9775391, 9567.12597656, 416.824035645, 55.361656189, 75.4390869141, 155.215240479, 60.2576217651, 28.7304439545, 7.92304992676, 6.28500795364, 4.52186393738, 7.79319190979, 28.1269397736, 19.5650138855, 1.55822587013, 1.22673428059, 4.77661657333, 1.84541785717, 0.147323071957, 0.0298608001322, 0.00120790547226, 6.76039489917e-05, 3.19923145753e-07, 1.47470780032e-09],
        "max": [7.09267282486, 40.6757202148, 159.920898438, 225.224685669, 323.158538818, 489.222320557, 461.447540283, 686.737426758, 830.101928711, 1296.88085938, 719.737182617, 539.052429199, 1044.33618164, 770.059631348, 833.487731934, 961.503356934, 1016.84765625, 1396.83520508, 432.628936768, 90.0099029541, 119.33203125, 129.056427002, 103.90335083, 120.18069458, 46.9685707092, 34.9570426941, 25.3474216461, 26.9831428528, 40.5423545837, 45.7558670044, 15.9459190369, 10.1102409363, 21.387840271, 16.4130973816, 3.41256022453, 1.48975813389, 0.408631145954, 0.111491300166, 0.00638992665336, 0.000268583389698],
        "mean": [0.324770539999, 2.3186814785, 7.37465000153, 8.27927589417, 7.85662031174, 10.0140037537, 12.8524503708, 19.0319881439, 43.3964080811, 23.0822277069, 22.2467327118, 18.6506881714, 49.1333694458, 35.559513092, 69.6031799316, 81.2784881592, 45.7611427307, 31.4182739258, 8.72033119202, 5.42995357513, 6.41177558899, 8.99144744873, 5.15505218506, 6.27771139145, 3.62538075447, 2.62863445282, 2.39910411835, 2.43411684036, 2.51143813133, 1.9448223114, 1.38753902912, 1.35605370998, 2.24685239792, 1.38134181499, 0.311736911535, 0.126492589712, 0.0445014089346, 0.00972608104348, 0.000567955779843, 5.3440402553e-05],
        "median": [0.0220311973244, 0.340961813927, 1.57638859749, 0.579728484154, 0.451268017292, 1.02169442177, 1.26296496391, 2.76015615463, 5.26543426514, 4.72998762131, 5.59076118469, 6.00077819824, 12.7872219086, 13.6257953644, 11.5152177811, 11.4100465775, 5.6119184494, 4.34252738953, 4.03137922287, 3.1310544014, 3.39137196541, 5.81437683105, 3.20786809921, 4.2046585083, 2.44381904602, 1.56811022758, 1.34942829609, 1.45739471912, 1.18693184853, 0.853844285011, 0.579650878906, 0.531524062157, 0.429961264133, 0.317877203226, 0.16387757659, 0.0681996643543, 0.0262509640306, 0.00587195158005, 0.000318820180837, 3.72129361494e-05],
        "min": [5.73364238032e-11, 7.97520452456e-11, 3.63046953611e-11, 4.34185604137e-11, 3.50475759525e-11, 1.18496906731e-10, 3.23217730358e-10, 7.08896830126e-11, 1.7759421711e-10, 1.90503682274e-10, 6.91130541686e-10, 3.02167091348e-09, 4.58430182704e-09, 3.34150462855e-09, 1.71380887259e-09, 2.26303464856e-09, 3.6465166442e-09, 3.0773124049e-09, 4.64041916004e-09, 8.87686457673e-09, 1.07427569063e-08, 1.35770186205e-08, 9.93393456383e-09, 7.16417591917e-09, 4.68352645555e-09, 4.47758941036e-09, 4.91267027058e-09, 5.54010126663e-09, 5.59046720028e-09, 6.35071106814e-09, 4.00874933248e-09, 4.05914724055e-09, 2.9030580162e-09, 1.87953919095e-09, 1.37910283193e-09, 7.56212981123e-10, 5.64113977752e-10, 2.81629969345e-10, 6.17011511328e-11, 6.3813182169e-12],
        "var": [0.611231923103, 27.1262302399, 280.702819824, 723.196899414, 1077.30932617, 1289.30395508, 1537.3269043, 2811.20898438, 7610.14111328, 3902.72583008, 2675.60644531, 1247.37792969, 12391.2158203, 4016.95556641, 16417.6289062, 20223.7050781, 13626.3105469, 17844.5039062, 550.067932129, 46.1852645874, 71.0071182251, 128.547119141, 46.3597145081, 70.0449066162, 17.162651062, 9.2657699585, 7.99987077713, 8.46010017395, 14.8514566422, 9.4538898468, 3.21732592583, 2.89905285835, 10.0072050095, 3.5701546669, 0.15793864429, 0.0276821926236, 0.00292660994455, 0.000138812014484, 4.84614872676e-07, 1.97576466299e-09]
    },
    "gfcc": {
        "mean": [-68.4361572266, 80.5659942627, -115.637809753, -2.42327952385, -49.0174827576, 25.903470993, -16.6692008972, 16.118938446, -21.8853626251, 2.39807200432, -7.8085308075, 7.54532337189, -9.2725687027],
        "cov": [[20857.1972656, 132.600814819, 4882.1171875, 5885.25830078, -1173.80749512, -197.791351318, -2733.38720703, 663.940856934, -91.3489837646, 828.267028809, -666.16394043, 245.545974731, -387.975830078], [132.600814819, 3169.50732422, 1085.92126465, -369.596099854, -135.540908813, -422.18548584, 100.848190308, 4.39376115799, 263.369171143, -57.6532745361, -68.0647354126, -65.9735870361, -25.6427307129], [4882.1171875, 1085.92126465, 2911.66162109, 1547.57763672, -339.602081299, -9.04773044586, -797.705383301, 225.747344971, 11.2566595078, 232.17829895, -395.557891846, 106.190742493, -159.877456665], [5885.25830078, -369.596099854, 1547.57763672, 2789.59716797, 177.292327881, 114.499397278, -761.589355469, 317.23651123, -25.7198200226, 225.148468018, -333.727294922, 49.965877533, -164.741928101], [-1173.80749512, -135.540908813, -339.602081299, 177.292327881, 889.046630859, 500.423583984, 333.01651001, -123.552879333, -111.678634644, -31.588054657, 47.6292724609, -40.2527885437, -114.846710205], [-197.791351318, -422.18548584, -9.04773044586, 114.499397278, 500.423583984, 732.871398926, 314.44720459, -24.9845581055, -190.242706299, -23.8032245636, 34.0800933838, 18.4698829651, -82.7327194214], [-2733.38720703, 100.848190308, -797.705383301, -761.589355469, 333.01651001, 314.44720459, 925.032409668, 108.198577881, -24.7290859222, -242.728927612, 34.1807479858, 7.88507318497, 45.5404281616], [663.940856934, 4.39376115799, 225.747344971, 317.23651123, -123.552879333, -24.9845581055, 108.198577881, 437.394561768, 159.187347412, -14.1484975815, -123.170913696, -33.1278686523, 27.3899593353], [-91.3489837646, 263.369171143, 11.2566595078, -25.7198200226, -111.678634644, -190.242706299, -24.7290859222, 159.187347412, 306.513549805, 128.758224487, -19.7538776398, -68.2370910645, 15.705291748], [828.267028809, -57.6532745361, 232.17829895, 225.148468018, -31.588054657, -23.8032245636, -242.728927612, -14.1484975815, 128.758224487, 296.215545654, 110.034889221, 34.1824302673, -75.4600067139], [-666.16394043, -68.0647354126, -395.557891846, -333.727294922, 47.6292724609, 34.0800933838, 34.1807479858, -123.170913696, -19.7538776398, 110.034889221, 347.356781006, 110.483276367, 22.1296043396], [245.545974731, -65.9735870361, 106.190742493, 49.965877533, -40.2527885437, 18.4698829651, 7.88507318497, -33.1278686523, -68.2370910645, 34.1824302673, 110.483276367, 217.545700073, 51.730304718], [-387.975830078, -25.6427307129, -159.877456665, -164.741928101, -114.846710205, -82.7327194214, 45.5404281616, 27.3899593353, 15.705291748, -75.4600067139, 22.1296043396, 51.730304718, 167.281661987]],
        "icov": [[0.000276952981949, -0.000225726733333, 0.0001823278144, -0.00049953290727, 0.000605527486186, -0.000463752716314, 0.00043945669313, -0.00025121885119, 0.000465154414997, -0.000432346452726, 0.000267811788945, -0.000226340824156, 0.000193768428289], [-0.000225726733333, 0.001098654815, -0.0011505127186, 0.000442676973762, -0.000766766315792, 0.00127173762303, -0.00126619683579, 0.00105495483149, -0.00162387546152, 0.0016153753968, -0.00155519123655, 0.00102513132151, 2.564053284e-05], [0.0001823278144, -0.0011505127186, 0.00207238714211, -0.000401629280532, 0.000935242336709, -0.00175613630563, 0.00202311272733, -0.00139117043, 0.00139805558138, -0.0016744711902, 0.00274639716372, -0.00230760872364, 0.00074589002179], [-0.00049953290727, 0.000442676973762, -0.000401629280532, 0.00204278621823, -0.00202766130678, 0.000894275377505, 0.000429861131124, -0.000943849852774, -0.000248160358751, 0.000376567099011, 0.000495650398079, -0.000556269194931, -7.54536958993e-05], [0.000605527486186, -0.000766766315792, 0.000935242336709, -0.00202766130678, 0.00445556920022, -0.00282216840424, 4.1593444621e-05, 0.00110826129094, 4.90665988764e-05, -0.000441551004769, 0.00025333405938, -6.08145455772e-05, 0.00143574317917], [-0.000463752716314, 0.00127173762303, -0.00175613630563, 0.000894275377505, -0.00282216840424, 0.0054765092209, -0.00330404913984, 0.000352103990735, 0.00185659376439, -0.00110366987064, -0.00181293743663, 0.00274381088093, -0.00134636636358], [0.00043945669313, -0.00126619683579, 0.00202311272733, 0.000429861131124, 4.1593444621e-05, -0.00330404913984, 0.0063939797692, -0.00337868975475, -0.000287050293991, 0.00171475834213, 0.00257121608593, -0.0046322257258, 0.0022818276193], [-0.00025121885119, 0.00105495483149, -0.00139117043, -0.000943849852774, 0.00110826129094, 0.000352103990735, -0.00337868975475, 0.00681762583554, -0.00525574665517, 0.00318797677755, -0.00206690421328, 0.00180550920777, -0.000294904864859], [0.000465154414997, -0.00162387546152, 0.00139805558138, -0.000248160358751, 4.90665988764e-05, 0.00185659376439, -0.000287050293991, -0.00525574665517, 0.0150393079966, -0.0124472305179, 0.00398781895638, 0.00319096143357, -0.00472889048979], [-0.000432346452726, 0.0016153753968, -0.0016744711902, 0.000376567099011, -0.000441551004769, -0.00110366987064, 0.00171475834213, 0.00318797677755, -0.0124472305179, 0.0173099953681, -0.00669244816527, -0.00271733943373, 0.00688030524179], [0.000267811788945, -0.00155519123655, 0.00274639716372, 0.000495650398079, 0.00025333405938, -0.00181293743663, 0.00257121608593, -0.00206690421328, 0.00398781895638, -0.00669244816527, 0.00981414876878, -0.00493824388832, -0.000753091298975], [-0.000226340824156, 0.00102513132151, -0.00230760872364, -0.000556269194931, -6.08145455772e-05, 0.00274381088093, -0.0046322257258, 0.00180550920777, 0.00319096143357, -0.00271733943373, -0.00493824388832, 0.0118287624791, -0.00537042273208], [0.000193768428289, 2.564053284e-05, 0.00074589002179, -7.54536958993e-05, 0.00143574317917, -0.00134636636358, 0.0022818276193, -0.000294904864859, -0.00472889048979, 0.00688030524179, -0.000753091298975, -0.00537042273208, 0.01212479081]]
    },
    "melbands": {
        "dmean": [0.0015409757616, 0.00267229764722, 0.00173131457996, 0.000865577138029, 0.000444961187895, 0.000389541004552, 0.000356342585292, 0.000151335596456, 0.000128073719679, 5.99450868322e-05, 0.00012437030091, 7.95823143562e-05, 0.000126707687741, 0.000119824733702, 9.88836109173e-05, 3.42620187439e-05, 2.86214381049e-05, 8.44629175845e-06, 3.16146224577e-06, 4.16674311055e-06, 3.74875116904e-06, 5.35311619387e-06, 2.53976600106e-06, 2.24924428949e-06, 1.98065754375e-06, 1.38164909913e-06, 7.65927154589e-07, 7.22598372249e-07, 5.65743334846e-07, 5.73404463466e-07, 5.46049477634e-07, 8.68681127031e-07, 7.08795084847e-07, 4.73726515793e-07, 2.64699536956e-07, 2.62210903657e-07, 2.74434256653e-07, 4.18039775241e-07, 8.50709852784e-07, 2.6516431717e-07],
        "dmean2": [0.002164139878, 0.00409571966156, 0.00299825542606, 0.00160786916967, 0.000821348512545, 0.000668913533445, 0.000598765967879, 0.000244021532126, 0.000192908599274, 8.97172358236e-05, 0.000183793235919, 0.000119293574244, 0.000188939971849, 0.000174057742697, 0.000147080325405, 5.4325824749e-05, 4.39319737779e-05, 1.33258690767e-05, 5.23272592545e-06, 7.00431473888e-06, 6.25910479357e-06, 9.03304498934e-06, 4.2823376134e-06, 3.70986163034e-06, 3.11384769702e-06, 2.12878876482e-06, 1.28269664401e-06, 1.19258686482e-06, 9.35555362958e-07, 9.45410647546e-07, 9.37948698265e-07, 1.47883179125e-06, 1.17145248169e-06, 8.28839176847e-07, 4.36018666505e-07, 4.36473584386e-07, 4.50036111488e-07, 6.66522566917e-07, 1.36560890951e-06, 4.40567447413e-07],
        "dvar": [1.52010879901e-05, 4.30283980677e-05, 2.91893520625e-05, 9.50944831857e-06, 3.1203621802e-06, 1.87571743027e-06, 9.9037038126e-07, 2.42653584337e-07, 1.49468419863e-07, 2.33409576111e-08, 1.08778422714e-07, 3.11836814149e-08, 9.91809656625e-08, 9.53758814148e-08, 7.10805707627e-08, 1.70563492219e-08, 2.06952766035e-08, 1.50177548175e-09, 3.00564781397e-11, 9.78627734405e-11, 6.93578389166e-11, 1.00065483677e-10, 4.40742928265e-11, 2.41940616846e-11, 1.1851655074e-11, 5.49383758972e-12, 1.64538749379e-12, 1.40954977725e-12, 8.93936454808e-13, 8.53922076278e-13, 1.48109584493e-12, 5.75889683163e-12, 2.3214431679e-12, 1.84585007869e-12, 2.36319834144e-13, 2.08127853602e-13, 2.25067333477e-13, 5.98881187697e-13, 2.81064017546e-12, 2.19438304875e-13],
        "dvar2": [2.20753045141e-05, 0.000103239515738, 7.89472978795e-05, 2.7243670047e-05, 9.16262251849e-06, 5.30886882188e-06, 2.63747847384e-06, 5.28502994257e-07, 3.14488431741e-07, 4.76041748243e-08, 2.04343905352e-07, 6.24082971967e-08, 1.77713474159e-07, 1.58636211722e-07, 1.29612246269e-07, 3.34079182096e-08, 4.45356818091e-08, 3.13477843683e-09, 8.046692479e-11, 2.65080513095e-10, 1.7963122656e-10, 2.89261892217e-10, 1.19297557943e-10, 6.21173251725e-11, 2.69661844937e-11, 1.20922889757e-11, 4.4816463908e-12, 3.85137885126e-12, 2.3829271889e-12, 2.27767197464e-12, 4.18390018811e-12, 1.56782156702e-11, 5.88811508231e-12, 5.16445393395e-12, 6.14519882463e-13, 5.61112571337e-13, 6.04305451166e-13, 1.47519496618e-12, 7.14421013667e-12, 5.82567631288e-13],
        "max": [0.0455385036767, 0.0666120052338, 0.0377652943134, 0.0280757378787, 0.0178185999393, 0.015092597343, 0.011878779158, 0.0116885853931, 0.0067631425336, 0.00343970954418, 0.00515472097322, 0.00283464090899, 0.00407265266404, 0.00352939986624, 0.00327642145567, 0.00229285284877, 0.0032125597354, 0.00115078443196, 9.57097072387e-05, 0.000241659552557, 0.000171900144778, 0.000162570577231, 0.000136409449624, 0.000105294326204, 0.000114486014354, 8.93509059097e-05, 1.83314368769e-05, 2.55115937762e-05, 1.76150351763e-05, 1.48440904013e-05, 2.29502147704e-05, 3.22408050124e-05, 1.86998986464e-05, 2.30812238442e-05, 9.85030965239e-06, 7.50393837734e-06, 6.8608883339e-06, 1.14912318168e-05, 3.04781824525e-05, 8.18238822831e-06],
        "mean": [0.00291719543748, 0.00362638477236, 0.0014563506702, 0.000632241193671, 0.00044714708929, 0.000476124143461, 0.000600592466071, 0.000204839991056, 0.000203811752726, 0.000111090404971, 0.000253990583587, 0.000145941085066, 0.000238155917032, 0.000240283261519, 0.000211042526644, 4.66731944471e-05, 6.26965265837e-05, 1.53375094669e-05, 6.49765843264e-06, 7.69178313931e-06, 6.98807161825e-06, 1.05323188109e-05, 4.91498576594e-06, 4.34572211816e-06, 5.29602766619e-06, 3.81644349545e-06, 1.74526519459e-06, 1.7301151729e-06, 1.45723470268e-06, 1.52588165747e-06, 1.34164633891e-06, 1.44963519233e-06, 1.30762998651e-06, 9.68556719272e-07, 7.75048135893e-07, 7.93104106833e-07, 8.10688220554e-07, 1.23865231672e-06, 2.28139469982e-06, 7.83484097155e-07],
        "median": [0.000303939101286, 0.00073734333273, 0.000108516316686, 4.8672867706e-05, 4.57313290099e-05, 6.77300340612e-05, 7.8939483501e-05, 2.93585981126e-05, 4.11726759921e-05, 3.05161047436e-05, 6.38753263047e-05, 5.81940403208e-05, 3.58480065188e-05, 1.74898523255e-05, 1.3173456864e-05, 5.26078929397e-06, 6.26146265859e-06, 6.0951042542e-06, 3.2854645724e-06, 3.48698949892e-06, 3.11164853883e-06, 6.25392021902e-06, 2.69408974418e-06, 2.44373427449e-06, 3.2150323932e-06, 2.26329211728e-06, 9.03536374608e-07, 9.86344048215e-07, 7.13354836535e-07, 9.7812585409e-07, 7.2475449997e-07, 6.61213562125e-07, 5.81947574574e-07, 4.03003809879e-07, 3.03234628518e-07, 3.67827823311e-07, 2.85462647298e-07, 2.52774668752e-07, 3.60915748843e-07, 2.30393851552e-07],
        "min": [5.65067578232e-13, 4.04216150298e-15, 5.57957161851e-15, 3.48394074447e-15, 9.33187632935e-15, 1.5169875159e-15, 2.73917643769e-15, 2.15708353787e-15, 6.43026163051e-15, 2.1542009577e-14, 2.32067630493e-14, 1.46946257246e-14, 6.82711858915e-15, 3.66410698169e-15, 9.58034073893e-15, 6.79177063372e-15, 5.1373937385e-15, 8.71436982904e-15, 5.64559021345e-15, 1.63097786416e-14, 1.1203875894e-14, 1.46968771381e-14, 1.24755467865e-14, 5.6674131703e-15, 6.12205259902e-15, 3.75482802199e-15, 2.65283667531e-15, 2.97172742753e-15, 2.53508533135e-15, 3.93940920669e-15, 2.56682069127e-15, 2.967034865e-15, 3.19781513247e-15, 3.64328394724e-15, 2.1257515774e-15, 2.55678631546e-15, 2.38194113922e-15, 2.24591738877e-15, 1.48396561881e-15, 1.75649306975e-15],
        "var": [4.1411469283e-05, 5.58149586141e-05, 2.14085284824e-05, 5.69504254599e-06, 1.98206248569e-06, 1.43990325796e-06, 1.39822395795e-06, 3.5165112422e-07, 2.34167529811e-07, 4.65332021804e-08, 3.23045696859e-07, 6.77334739407e-08, 2.77708807062e-07, 3.01450398865e-07, 2.38360556182e-07, 3.07668592825e-08, 8.43425453922e-08, 2.51406384599e-09, 7.85013790083e-11, 1.41008552057e-10, 1.05841314879e-10, 1.98266569829e-10, 5.42284515903e-11, 3.62134211507e-11, 5.91367649294e-11, 3.18866079374e-11, 4.76057691531e-12, 4.30808687335e-12, 3.29464819142e-12, 3.0390102327e-12, 3.07792181499e-12, 6.28146363049e-12, 3.74673642806e-12, 2.43035322769e-12, 1.06602595674e-12, 1.00353894032e-12, 1.10081290871e-12, 2.9373339698e-12, 1.13945918673e-11, 1.05459824901e-12]
    },
    "mfcc": {
        "mean": [-722.594543457, 118.789604187, 2.24777650833, -2.55293059349, -4.64162445068, 4.99980068207, 16.2459125519, 16.1486663818, 6.36100530624, -3.1581325531, 4.44260549545, 3.13042545319, 3.93476390839],
        "cov": [[17703.6875, -207.671325684, 2740.26293945, 3026.14331055, 2251.609375, -395.051025391, -1479.87756348, -1003.65570068, 221.248779297, 340.084320068, -65.9058914185, 142.273071289, 161.192474365], [-207.671325684, 3261.42382812, 695.360595703, 71.0152816772, -185.937866211, -106.921806335, -276.084625244, 136.70362854, 120.469314575, 163.71572876, 200.266189575, -226.88621521, 48.055519104], [2740.26293945, 695.360595703, 1597.86486816, 656.640869141, 462.494415283, -95.1890258789, -442.629699707, -183.911254883, 97.9990081787, 45.9523963928, -19.4095687866, -139.025283813, 12.6206445694], [3026.14331055, 71.0152816772, 656.640869141, 1330.79528809, 703.974243164, 124.588905334, -267.813812256, -50.3477859497, 172.059402466, 136.917022705, 103.963638306, -89.8225708008, -77.0683288574], [2251.609375, -185.937866211, 462.494415283, 703.974243164, 818.818481445, 296.147003174, -22.525642395, -140.663116455, -32.5971298218, 57.0707969666, 102.638534546, 79.6126556396, -2.00104308128], [-395.051025391, -106.921806335, -95.1890258789, 124.588905334, 296.147003174, 647.819091797, 425.256866455, 151.120147705, -102.321617126, -115.50643158, 121.467704773, 62.8196029663, 15.1467266083], [-1479.87756348, -276.084625244, -442.629699707, -267.813812256, -22.525642395, 425.256866455, 719.318725586, 397.033691406, -15.7074270248, -131.331314087, -11.9518976212, 78.7372360229, 46.8794937134], [-1003.65570068, 136.70362854, -183.911254883, -50.3477859497, -140.663116455, 151.120147705, 397.033691406, 506.243988037, 248.792114258, 12.0788049698, -18.0998764038, -105.419776917, -14.7218999863], [221.248779297, 120.469314575, 97.9990081787, 172.059402466, -32.5971298218, -102.321617126, -15.7074270248, 248.792114258, 432.184875488, 243.16116333, 15.8255214691, -159.439071655, -103.835105896], [340.084320068, 163.71572876, 45.9523963928, 136.917022705, 57.0707969666, -115.50643158, -131.331314087, 12.0788049698, 243.16116333, 355.788726807, 150.164718628, -69.607711792, -124.82421875], [-65.9058914185, 200.266189575, -19.4095687866, 103.963638306, 102.638534546, 121.467704773, -11.9518976212, -18.0998764038, 15.8255214691, 150.164718628, 296.731628418, 80.9129562378, -28.9943618774], [142.273071289, -226.88621521, -139.025283813, -89.8225708008, 79.6126556396, 62.8196029663, 78.7372360229, -105.419776917, -159.439071655, -69.607711792, 80.9129562378, 308.483886719, 195.479721069], [161.192474365, 48.055519104, 12.6206445694, -77.0683288574, -2.00104308128, 15.1467266083, 46.8794937134, -14.7218999863, -103.835105896, -124.82421875, -28.9943618774, 195.479721069, 316.713684082]],
