{
"lowlevel": {
    "average_loudness": 0.838122069836,
    "barkbands_crest": {
        "dmean": 2.46924114227,
        "dmean2": 3.90080165863,
        "dvar": 8.29133605957,
        "dvar2": 19.8378162384,
        "max": 26.5628738403,
        "mean": 12.9281520844,
        "median": 11.6264247894,
        "min": 1.77184700966,
        "var": 40.6930274963
    },
    "barkbands_flatness_db": {
        "dmean": 0.0182994008064,
        "dmean2": 0.0286807026714,
        "dvar": 0.000470813567517,
        "dvar2": 0.00111543538515,
        "max": 0.581959486008,
        "mean": 0.139314293861,
        "median": 0.132895439863,
        "min": 0.0091037126258,
        "var": 0.00439010933042
    },
    "barkbands_kurtosis": {
        "dmean": 4.84905338287,
        "dmean2": 8.24276828766,
        "dvar": 532.228149414,
        "dvar2": 1572.46520996,
        "max": 696.486450195,
        "mean": 8.56298828125,
        "median": 4.63439369202,
        "min": -1.80878090858,
        "var": 365.52835083
    },
    "barkbands_skewness": {
        "dmean": 0.599857926369,
        "dmean2": 0.973337888718,
        "dvar": 0.887052416801,
        "dvar2": 2.45378780365,
        "max": 24.5824279785,
        "mean": 2.31765437126,
        "median": 2.05185580254,
        "min": -2.13593840599,
        "var": 2.56416916847
    },
    "barkbands_spread": {
        "dmean": 4.55834007263,
        "dmean2": 6.83617067337,
        "dvar": 29.6314201355,
        "dvar2": 62.7390174866,
        "max": 128.642028809,
        "mean": 20.4163990021,
        "median": 17.7050476074,
        "min": 0.306145071983,
        "var": 147.742828369
    },
    "dissonance": {
        "dmean": 0.0153415864334,
        "dmean2": 0.0262591447681,
        "dvar": 0.00027503632009,
        "dvar2": 0.000764272059314,
        "max": 0.500000059605,
        "mean": 0.472411215305,
        "median": 0.478983014822,
        "min": 0.314931482077,
        "var": 0.000585129018873
    },
    "dynamic_complexity": 2.07949113846,
    "erbbands_crest": {
        "dmean": 1.71928048134,
        "dmean2": 2.82851576805,
        "dvar": 3.01662111282,
        "dvar2": 7.84307479858,
        "max": 21.7959041595,
        "mean": 6.3368434906,
        "median": 5.67626428604,
        "min": 2.11530399323,
        "var": 7.38129377365
    },
    "erbbands_flatness_db": {
        "dmean": 0.0122366547585,
        "dmean2": 0.0200494043529,
        "dvar": 0.000191210783669,
        "dvar2": 0.000474950822536,
        "max": 0.469444572926,
        "mean": 0.128047555685,
        "median": 0.0975002348423,
        "min": 0.0467693209648,
        "var": 0.0050552142784
    },
    "erbbands_kurtosis": {
        "dmean": 0.802406311035,
        "dmean2": 1.40286135674,
        "dvar": 1.88166868687,
        "dvar2": 5.43383359909,
        "max": 28.8536682129,
        "mean": 0.237593054771,
        "median": -0.0375361442566,
        "min": -1.66183948517,
        "var": 1.76094245911
    },
    "erbbands_skewness": {
        "dmean": 0.370612353086,
        "dmean2": 0.606486082077,
        "dvar": 0.249407947063,
        "dvar2": 0.644257962704,
        "max": 4.60929250717,
        "mean": 0.246920868754,
        "median": 0.282766222954,
        "min": -1.44012188911,
        "var": 0.508561432362
    },
    "erbbands_spread": {
        "dmean": 8.14141464233,
        "dmean2": 13.5631694794,
        "dvar": 115.10307312,
        "dvar2": 326.760528564,
        "max": 128.43762207,
        "mean": 42.0867042542,
        "median": 42.2443161011,
        "min": 6.46513462067,
        "var": 275.013549805
    },
    "hfc": {
        "dmean": 5.99433231354,
        "dmean2": 9.79352283478,
        "dvar": 76.4798660278,
        "dvar2": 199.231262207,
        "max": 122.108703613,
        "mean": 27.5489425659,
        "median": 25.0638561249,
        "min": 1.07202177253e-16,
        "var": 272.050598145
    },
    "melbands_crest": {
        "dmean": 3.37375593185,
        "dmean2": 5.28623533249,
        "dvar": 18.5064868927,
        "dvar2": 44.3397293091,
        "max": 37.2247428894,
        "mean": 19.6650104523,
        "median": 16.578830719,
        "min": 1.55946731567,
        "var": 112.550514221
    },
    "melbands_flatness_db": {
        "dmean": 0.0216808617115,
        "dmean2": 0.0337160900235,
        "dvar": 0.000636792508885,
        "dvar2": 0.00145983637776,
        "max": 0.617188036442,
        "mean": 0.221022263169,
        "median": 0.218922287226,
        "min": 0.00295568606816,
        "var": 0.00582204619423
    },
    "melbands_kurtosis": {
        "dmean": 16.8435554504,
        "dmean2": 28.7714538574,
        "dvar": 5667.3203125,
        "dvar2": 16721.9726562,
        "max": 2303.83007812,
        "mean": 31.1687984467,
        "median": 13.0650482178,
        "min": -1.50402462482,
        "var": 4236.84375
    },
    "melbands_skewness": {
        "dmean": 1.08058786392,
        "dmean2": 1.77770376205,
        "dvar": 3.0148460865,
        "dvar2": 8.40743255615,
        "max": 35.255065918,
        "mean": 3.99116683006,
        "median": 3.01841974258,
        "min": -0.563776671886,
        "var": 8.89666461945
    },
    "melbands_spread": {
        "dmean": 4.30116844177,
        "dmean2": 6.77145195007,
        "dvar": 31.7157382965,
        "dvar2": 68.9039764404,
        "max": 173.513519287,
        "mean": 17.466129303,
        "median": 13.257935524,
        "min": 0.126537516713,
        "var": 259.420349121
    },
    "pitch_salience": {
        "dmean": 0.0891907587647,
        "dmean2": 0.145230099559,
        "dvar": 0.0139111410826,
        "dvar2": 0.0350263603032,
        "max": 0.934473931789,
        "mean": 0.470823705196,
        "median": 0.526058137417,
        "min": 0.0116327293217,
        "var": 0.0487554818392
    },
    "silence_rate_20dB": {
        "dmean": 0,
        "dmean2": 0,
        "dvar": 0,
        "dvar2": 0,
        "max": 1,
        "mean": 1,
        "median": 1,
        "min": 1,
        "var": 0
    },
    "silence_rate_30dB": {
        "dmean": 0.0556221120059,
        "dmean2": 0.111253745854,
        "dvar": 0.052526820451,
        "dvar2": 0.114791966975,
        "max": 1,
        "mean": 0.848806381226,
        "median": 1,
        "min": 0,
        "var": 0.128337696195
    },
    "silence_rate_60dB": {
        "dmean": 0.00496320379898,
        "dmean2": 0.00992725696415,
        "dvar": 0.00493734097108,
        "dvar2": 0.0110272010788,
        "max": 1,
        "mean": 0.0395311042666,
        "median": 0,
        "min": 0,
        "var": 0.0379636734724
    },
    "spectral_centroid": {
        "dmean": 260.432128906,
        "dmean2": 391.78729248,
        "dvar": 116728.882812,
        "dvar2": 218423.953125,
        "max": 11805.0185547,
        "mean": 1606.13146973,
        "median": 1342.08898926,
        "min": 191.834182739,
        "var": 1138272.25
    },
    "spectral_complexity": {
        "dmean": 3.65343141556,
        "dmean2": 5.98630714417,
        "dvar": 15.516456604,
        "dvar2": 37.2536201477,
        "max": 59,
        "mean": 24.9310340881,
        "median": 24,
        "min": 0,
        "var": 98.9904403687
    },
    "spectral_decrease": {
        "dmean": 3.2902744973e-09,
        "dmean2": 5.05979569354e-09,
        "dvar": 1.63431863886e-17,
        "dvar2": 3.69838175962e-17,
        "max": 1.38164697541e-28,
        "mean": -1.46383252186e-08,
        "median": -1.21163852285e-08,
        "min": -4.77500989859e-08,
        "var": 9.90659824258e-17
    },
    "spectral_energy": {
        "dmean": 0.0127323772758,
        "dmean2": 0.0196201615036,
        "dvar": 0.000242382680881,
        "dvar2": 0.000551991455723,
        "max": 0.182120651007,
        "mean": 0.0577471628785,
        "median": 0.0488064959645,
        "min": 1.00986926695e-20,
        "var": 0.00145802763291
    },
    "spectral_energyband_high": {
        "dmean": 0.000307738111587,
        "dmean2": 0.000475985027151,
        "dvar": 2.56526959674e-07,
        "dvar2": 5.40489395462e-07,
        "max": 0.0104804402217,
        "mean": 0.00146978406701,
        "median": 0.00112577609252,
        "min": 7.05441840708e-21,
        "var": 2.00618956114e-06
    },
    "spectral_energyband_low": {
        "dmean": 0.0110364696011,
        "dmean2": 0.0175393577665,
        "dvar": 0.000249991659075,
        "dvar2": 0.000591707357671,
        "max": 0.177914381027,
        "mean": 0.0370798483491,
        "median": 0.0179549641907,
        "min": 2.16911394946e-23,
        "var": 0.00159646489192
    },
    "spectral_energyband_middle_high": {
        "dmean": 0.00127418711782,
        "dmean2": 0.00201581208967,
        "dvar": 2.38555958276e-06,
        "dvar2": 5.91313482801e-06,
        "max": 0.0318400003016,
        "mean": 0.00494709191844,
        "median": 0.00439345696941,
        "min": 1.155742467e-21,
        "var": 1.02377416624e-05
    },
    "spectral_energyband_middle_low": {
        "dmean": 0.00910977460444,
        "dmean2": 0.0153960864991,
        "dvar": 0.000296692393022,
        "dvar2": 0.000779323803727,
        "max": 0.13165396452,
        "mean": 0.0151385338977,
        "median": 0.0100137032568,
        "min": 1.84198541742e-22,
        "var": 0.000294113822747
    },
    "spectral_entropy": {
        "dmean": 0.120731391013,
        "dmean2": 0.190958812833,
        "dvar": 0.0207283254713,
        "dvar2": 0.047474000603,
        "max": 9.82545185089,
        "mean": 7.73382139206,
        "median": 7.9154586792,
        "min": 3.96052575111,
        "var": 0.383758276701
    },
    "spectral_flux": {
        "dmean": 0.0338858403265,
        "dmean2": 0.0497942827642,
        "dvar": 0.00202056043781,
        "dvar2": 0.00349013926461,
        "max": 0.432547271252,
        "mean": 0.105001933873,
        "median": 0.0841500088573,
        "min": 6.44532621719e-11,
        "var": 0.00506705464795
    },
    "spectral_kurtosis": {
        "dmean": 2.11076521873,
        "dmean2": 3.72602939606,
        "dvar": 24.643081665,
        "dvar2": 77.9766159058,
        "max": 73.2395935059,
        "mean": 6.1990070343,
        "median": 3.65456342697,
        "min": -1.26736307144,
        "var": 59.9718055725
    },
    "spectral_rms": {
        "dmean": 0.000822712027002,
        "dmean2": 0.00126188632566,
        "dvar": 9.00137933968e-07,
        "dvar2": 1.97876011043e-06,
        "max": 0.0133296167478,
        "mean": 0.00699147302657,
        "median": 0.00690044136718,
        "min": 3.13885050764e-12,
        "var": 7.45840725358e-06
    },
    "spectral_rolloff": {
        "dmean": 290.214172363,
        "dmean2": 477.170471191,
        "dvar": 239195.5625,
        "dvar2": 519320.3125,
        "max": 19616.7480469,
        "mean": 1052.64709473,
        "median": 667.529296875,
        "min": 43.06640625,
        "var": 3242045.5
    },
    "spectral_skewness": {
        "dmean": 0.219054073095,
        "dmean2": 0.378070920706,
        "dvar": 0.115219220519,
        "dvar2": 0.356839418411,
        "max": 6.34115457535,
        "mean": 1.71660602093,
        "median": 1.54562830925,
        "min": -0.0619209520519,
        "var": 0.409630537033
    },
    "spectral_spread": {
        "dmean": 312075.25,
        "dmean2": 505589.46875,
        "dvar": 257878671360,
        "dvar2": 463062794240,
        "max": 43010560,
        "mean": 5308857.5,
        "median": 5733368.5,
        "min": 770598.875,
        "var": 1.01685793915e+13
    },
    "spectral_strongpeak": {
        "dmean": 0.271005481482,
        "dmean2": 0.455719560385,
        "dvar": 0.174662441015,
        "dvar2": 0.450741678476,
        "max": 5.82813215256,
        "mean": 0.707881808281,
        "median": 0.581485569477,
        "min": 0,
        "var": 0.354721218348
    },
    "zerocrossingrate": {
        "dmean": 0.00828289799392,
        "dmean2": 0.0100194392726,
        "dvar": 8.26289688121e-05,
        "dvar2": 0.000114242357085,
        "max": 0.6376953125,
        "mean": 0.0565286949277,
        "median": 0.04638671875,
        "min": 0.0029296875,
        "var": 0.00247991806827
    },
    "barkbands": {
        "dmean": [0.00179231713992, 0.00912479590625, 0.00233867042698, 0.00228341622278, 0.00380736077204, 0.00254093878902, 0.00184603524394, 0.00139923684765, 0.00144490785897, 0.000602276413701, 0.00033403467387, 0.000312842050334, 0.000251022720477, 0.000253089063335, 0.000226673844736, 0.000217951775994, 0.000176729736268, 0.000153746077558, 0.000133942143293, 0.000116468982014, 0.000111706649477, 6.8518682383e-05, 5.47804957023e-05, 4.87265060656e-05, 4.81025090266e-05, 4.55441804661e-05, 2.28416101891e-05],
        "dmean2": [0.00292055704631, 0.0140138994902, 0.00414803111926, 0.00411542085931, 0.006851230748, 0.00465931603685, 0.00336013361812, 0.00251310877502, 0.00246705510654, 0.00095850211801, 0.000519986555446, 0.000483829993755, 0.000407989107771, 0.000412065535784, 0.000370693771401, 0.000370003079297, 0.00029683826142, 0.000250561162829, 0.000220272573642, 0.000189978425624, 0.000180073504453, 0.000112197478302, 8.95539778867e-05, 7.89061014075e-05, 7.87477983977e-05, 7.34911518521e-05, 3.67146130884e-05],
        "dvar": [1.17036433949e-05, 0.0002005402348, 3.14737444569e-05, 2.28452772717e-05, 6.495861453e-05, 3.22763844451e-05, 1.37976412589e-05, 1.11292265501e-05, 9.11296501727e-06, 1.10523990315e-06, 4.43617494739e-07, 2.61358337639e-07, 1.27707963316e-07, 1.69819571738e-07, 1.44453693451e-07, 1.25137560758e-07, 6.15881461385e-08, 3.95573032108e-08, 3.16595851757e-08, 2.9625111253e-08, 2.90854735852e-08, 1.00930250824e-08, 6.23756912788e-09, 5.05038366683e-09, 5.42984546215e-09, 4.48083614657e-09, 1.31021782313e-09],
        "dvar2": [2.83323606709e-05, 0.000443339609774, 8.71762313182e-05, 6.4092419052e-05, 0.000182693329407, 9.20360689634e-05, 3.94380622311e-05, 3.19066348311e-05, 2.58369891526e-05, 2.74828607871e-06, 9.5045783155e-07, 5.83092457873e-07, 3.180391559e-07, 4.2485078211e-07, 3.78496110898e-07, 3.38037096981e-07, 1.66518347555e-07, 9.96796600816e-08, 8.46319494485e-08, 7.47752721963e-08, 6.9793209434e-08, 2.57167975803e-08, 1.59494764063e-08, 1.23323387058e-08, 1.31250450508e-08, 1.07396953553e-08, 3.20696158518e-09],
        "max": [0.115549184382, 0.150822460651, 0.0515458807349, 0.0525022558868, 0.0831521973014, 0.0669116675854, 0.042577393353, 0.0334632433951, 0.0342786312103, 0.0182215776294, 0.0154400346801, 0.0160761103034, 0.0066064982675, 0.00986507534981, 0.00737375346944, 0.00621884781867, 0.0055100498721, 0.00353791494854, 0.00331855355762, 0.00305205932818, 0.00295517034829, 0.00199095578864, 0.00168272317387, 0.00158152671065, 0.00154963985551, 0.00108994892798, 0.000537588261068],
        "mean": [0.00406729616225, 0.0300361178815, 0.00218428322114, 0.00215672538616, 0.00443115644157, 0.00280181295238, 0.00210426328704, 0.00149346259423, 0.00196776376106, 0.000974268710706, 0.000604858447332, 0.000570929434616, 0.000463025207864, 0.000453510903753, 0.000405357044656, 0.000373597024009, 0.00036836383515, 0.000354965188308, 0.000317916157655, 0.000306363392156, 0.000308330199914, 0.000221012436668, 0.000184005140909, 0.000183610085514, 0.000177486406756, 0.000175685825525, 6.11395516898e-05],
        "median": [0.000652963819448, 0.00900274608284, 0.000531644618604, 0.000516034488101, 0.00157299265265, 0.00123131368309, 0.000843069865368, 0.000517487176694, 0.000939513673075, 0.000561315915547, 0.000242228998104, 0.000322762993164, 0.000322116567986, 0.000290895259241, 0.000266330054728, 0.000232112433878, 0.000269841722911, 0.000253005739069, 0.000246534793405, 0.00020204098837, 0.000216142027057, 0.000161428877618, 0.000135279406095, 0.0001310975058, 0.000126565922983, 0.000147446393385, 3.45798725903e-05],
        "min": [1.89580236034e-25, 1.73361433316e-24, 2.3857007597e-24, 1.56217878542e-25, 6.97371184016e-24, 1.16028422953e-23, 4.1057713372e-24, 6.26479409908e-24, 1.09608057595e-23, 2.57803498804e-23, 1.36100894023e-23, 2.0481151506e-23, 3.42652620463e-23, 2.95311405156e-23, 4.82043742882e-23, 4.58561909642e-23, 4.01512056957e-23, 9.90301333644e-23, 1.5799933512e-22, 1.66459495986e-22, 2.22614401752e-22, 2.93360205038e-22, 4.31556342025e-22, 5.9477184002e-22, 9.13629670346e-22, 1.30341379533e-21, 2.07891187645e-21],
        "var": [4.34031098848e-05, 0.0012872297084, 2.4846260203e-05, 1.75149034476e-05, 5.23207090737e-05, 2.25817730097e-05, 1.26429713418e-05, 7.82658753451e-06, 8.15570274426e-06, 1.71498891177e-06, 1.21498726458e-06, 5.47540366824e-07, 2.29792377127e-07, 3.0894250358e-07, 2.49954410947e-07, 1.98877017965e-07, 1.30613400984e-07, 1.22011044823e-07, 8.79974990653e-08, 1.05137637263e-07, 1.02939644364e-07, 5.15541529467e-08, 3.65644190481e-08, 3.83163509809e-08, 3.61417917816e-08, 2.91948225595e-08, 5.90847104576e-09]
    },
    "erbbands": {
        "dmean": [0.46388477087, 1.36536216736, 2.37482357025, 5.31535387039, 9.59151935577, 13.6487998962, 18.5001087189, 22.1634883881, 28.1088829041, 23.021938324, 32.3052749634, 32.9762382507, 21.7593536377, 15.0660114288, 12.492351532, 10.1572370529, 11.2088022232, 11.2060012817, 12.879981041, 10.1825580597, 12.4813814163, 9.03551387787, 8.36892127991, 7.28880929947, 5.81361865997, 5.90008544922, 5.52177429199, 3.38593816757, 2.54533648491, 2.07931113243, 1.45284354687, 1.14185488224, 0.77939504385, 0.563519656658, 0.418383866549, 0.22001029551, 0.0805747136474, 0.035867203027, 0.0031730607152, 4.81479764858e-05],
        "dmean2": [0.695649623871, 2.12320494652, 4.10926198959, 9.41924571991, 17.1497077942, 24.9638175964, 33.7481193542, 40.7392082214, 51.1338996887, 42.2116584778, 58.2323265076, 56.4808158875, 36.4312896729, 23.6682281494, 19.0700702667, 15.8599433899, 18.1232624054, 18.2116184235, 21.0803413391, 16.9031352997, 21.3018531799, 15.0748529434, 13.6045303345, 11.8379077911, 9.60070705414, 9.62731266022, 8.79627895355, 5.57525777817, 4.18719244003, 3.42488789558, 2.38981676102, 1.85952079296, 1.26459217072, 0.917192518711, 0.697101712227, 0.3622854352, 0.130262240767, 0.0576242506504, 0.00511968461797, 7.64239230193e-05],
        "dvar": [0.627257287502, 4.60099506378, 30.2272129059, 133.017883301, 413.457122803, 932.756652832, 1565.00524902, 2410.04516602, 3107.7121582, 2915.19482422, 6253.27148438, 4885.07861328, 1719.68554688, 609.530273438, 498.693145752, 267.306671143, 257.652893066, 370.253692627, 528.415344238, 285.307525635, 373.791259766, 143.967880249, 109.244407654, 97.0509567261, 67.5497055054, 79.9894866943, 83.3079299927, 27.125125885, 14.8761367798, 9.92196655273, 4.47268342972, 2.75072908401, 1.38830471039, 0.699024260044, 0.443686902523, 0.120432734489, 0.0131093654782, 0.00287308683619, 2.4310005756e-05, 4.36041602825e-09],
        "dvar2": [1.23985028267, 12.0359945297, 82.3863449097, 369.298034668, 1163.09863281, 2654.93579102, 4469.72802734, 6876.63427734, 8851.7109375, 8374.41015625, 17983.5214844, 13822.0566406, 4692.15039062, 1512.6529541, 1060.31213379, 618.592651367, 626.391540527, 924.010437012, 1389.65100098, 742.549926758, 1031.15930176, 379.818695068, 274.441711426, 246.041015625, 175.489852905, 197.247085571, 194.012557983, 67.7509002686, 37.657245636, 25.1879444122, 11.7401037216, 6.79250526428, 3.47274160385, 1.70111000538, 1.13712692261, 0.301661521196, 0.0318652242422, 0.00706432620063, 6.0391437728e-05, 1.06821493873e-08],
        "max": [9.2276468277, 31.2634754181, 60.4174461365, 121.483947754, 212.557250977, 332.292175293, 506.655761719, 575.697692871, 573.948120117, 591.315490723, 814.329589844, 823.911499023, 493.542114258, 567.155761719, 491.82244873, 445.322601318, 327.173980713, 487.981201172, 463.0859375, 460.834075928, 386.329345703, 330.911499023, 181.224395752, 191.864471436, 210.329788208, 171.567169189, 171.930953979, 123.243682861, 91.6007995605, 58.0566329956, 42.7747955322, 39.9394607544, 23.1804065704, 18.3961658478, 11.4776964188, 5.3995847702, 2.03523659706, 0.829855203629, 0.083657450974, 0.00116296787746],
        "mean": [1.61031985283, 3.72824668884, 2.76990914345, 5.19567871094, 10.3119535446, 14.1437950134, 20.9855155945, 25.2554168701, 33.3930778503, 25.1413249969, 36.6195068359, 45.5149726868, 32.2534599304, 29.0322170258, 26.2738265991, 20.583990097, 21.7512683868, 21.8260326385, 23.7935733795, 19.4377288818, 22.1920108795, 20.6930618286, 20.1987285614, 18.1669368744, 14.9495716095, 15.4972610474, 14.2774906158, 9.70017051697, 7.87603282928, 6.63706254959, 4.98319005966, 4.02299070358, 2.84110546112, 2.00520157814, 1.28575181961, 0.687720417976, 0.306083858013, 0.122594766319, 0.00882835499942, 0.000198234862182],
        "median": [0.272449731827, 1.60843062401, 1.0887619257, 1.49661958218, 3.17380619049, 4.53418540955, 7.16472578049, 10.9973936081, 14.5586185455, 11.5397138596, 14.4947023392, 20.9404850006, 19.5571212769, 18.5053024292, 13.0607738495, 12.892244339, 15.3194046021, 14.3228797913, 15.8420171738, 12.8483028412, 14.7321023941, 15.6522722244, 15.3190002441, 13.3759527206, 11.8998851776, 10.3802747726, 8.92464065552, 7.21523761749, 5.67465543747, 4.78488397598, 3.63115334511, 2.89602994919, 1.96266460419, 1.42935478687, 0.904531002045, 0.510664403439, 0.253784179688, 0.0781669765711, 0.00542580010369, 0.000179885770194],
        "min": [4.8887755024e-23, 8.89751494455e-22, 4.85032740638e-21, 1.87559891943e-21, 1.33180311459e-20, 7.72329975329e-21, 1.68203283998e-20, 1.11401931938e-19, 9.79923519317e-20, 1.51380320575e-19, 1.99201389546e-19, 3.00498379723e-19, 6.54814008979e-19, 9.7527665128e-19, 9.38568133454e-19, 1.53624427973e-18, 1.90789415081e-18, 1.59011007442e-18, 1.94215535139e-18, 1.96525126807e-18, 4.35431968992e-18, 2.77370161642e-18, 6.04191579127e-18, 6.43265936902e-18, 9.14619641718e-18, 8.14985654218e-18, 9.7152379488e-18, 8.30662215751e-18, 1.02713911793e-17, 1.09933535907e-17, 1.1256939656e-17, 1.07884998305e-17, 1.02189247674e-17, 8.27126845813e-18, 6.6234746335e-18, 4.21849456539e-18, 2.25246988344e-18, 9.78190911976e-19, 2.54933833615e-19, 2.81416020925e-20],
        "var": [4.38728904724, 18.7432422638, 31.038980484, 100.293106079, 332.371490479, 666.769226074, 1284.07971191, 1755.9552002, 2987.27416992, 2051.81030273, 4298.62744141, 4732.89111328, 1774.06347656, 1072.04821777, 1544.5637207, 572.530639648, 480.663970947, 667.701843262, 832.741333008, 544.222412109, 597.913330078, 375.305908203, 345.384185791, 301.797485352, 192.544342041, 267.751068115, 265.163818359, 102.679107666, 68.2380905151, 48.1781311035, 27.1376266479, 18.2618961334, 9.72738361359, 4.76109361649, 1.94826817513, 0.529566884041, 0.0887606292963, 0.0187446586788, 0.000107686159026, 2.682712541e-08]
    },
    "gfcc": {
        "mean": [23.8585147858, 76.0871200562, -103.664031982, 21.7020587921, -44.9620895386, 9.37633514404, -24.9971389771, 13.5339012146, -15.9707698822, 7.70592594147, -12.4762353897, 6.34888267517, -8.94583797455],
        "cov": [[19655.8261719, -2122.12451172, 913.242370605, 978.016357422, -473.817871094, 913.897827148, -156.453186035, 852.49597168, -95.1714019775, 810.698425293, -189.39151001, 540.156066895, -173.033752441], [-2122.12451172, 4107.74804688, -1410.15063477, -528.223144531, 125.248847961, -1064.63183594, -94.2832794189, -843.626220703, 5.89565658569, -769.120544434, 110.389930725, -492.143218994, 76.0425872803], [913.242370605, -1410.15063477, 1342.11743164, 212.641799927, 98.7227859497, 432.290039062, -13.2133026123, 341.93347168, -30.1883506775, 376.354064941, -64.0836334229, 248.366958618, -58.8997802734], [978.016357422, -528.223144531, 212.641799927, 441.023956299, 115.708900452, 278.689544678, 114.852043152, 178.182510376, 71.1920394897, 134.083236694, 46.8290901184, 85.5117645264, 33.6251029968], [-473.817871094, 125.248847961, 98.7227859497, 115.708900452, 312.085296631, 75.9032897949, 138.07119751, 53.5475196838, 77.7722625732, 40.9331016541, 57.4563522339, 21.3396644592, 33.4185600281], [913.897827148, -1064.63183594, 432.290039062, 278.689544678, 75.9032897949, 458.307556152, 127.400894165, 312.684814453, 55.0488891602, 249.500274658, 13.469751358, 160.478469849, 5.38959789276], [-156.453186035, -94.2832794189, -13.2133026123, 114.852043152, 138.07119751, 127.400894165, 234.137451172, 150.468139648, 119.495742798, 66.1137161255, 71.9840545654, 26.134683609, 44.5296363831], [852.49597168, -843.626220703, 341.93347168, 178.182510376, 53.5475196838, 312.684814453, 150.468139648, 353.716430664, 96.5093841553, 240.232223511, 20.9046421051, 141.332839966, 14.1682767868], [-95.1714019775, 5.89565658569, -30.1883506775, 71.1920394897, 77.7722625732, 55.0488891602, 119.495742798, 96.5093841553, 140.588729858, 73.9413833618, 71.9603347778, 26.3261299133, 47.7774047852], [810.698425293, -769.120544434, 376.354064941, 134.083236694, 40.9331016541, 249.500274658, 66.1137161255, 240.232223511, 73.9413833618, 262.157836914, 32.2873725891, 144.740875244, 9.40474319458], [-189.39151001, 110.389930725, -64.0836334229, 46.8290901184, 57.4563522339, 13.469751358, 71.9840545654, 20.9046421051, 71.9603347778, 32.2873725891, 97.1447372437, 27.0274295807, 41.9075889587], [540.156066895, -492.143218994, 248.366958618, 85.5117645264, 21.3396644592, 160.478469849, 26.134683609, 141.332839966, 26.3261299133, 144.740875244, 27.0274295807, 137.511505127, 22.9144134521], [-173.033752441, 76.0425872803, -58.8997802734, 33.6251029968, 33.4185600281, 5.38959789276, 44.5296363831, 14.1682767868, 47.7774047852, 9.40474319458, 41.9075889587, 22.9144134521, 79.7046890259]],
        "icov": [[0.000114862625196, -0.000243322443566, 0.000155039175297, -0.00039395535714, 0.000319841085002, -5.16715081176e-05, -5.32272497367e-05, -0.000169931110577, 0.00039440501132, -0.00080971326679, 0.000666004430968, -0.000576806836762, 0.000366380816558], [-0.000243322443566, 0.00181784492452, -0.000377083284548, 0.00106393930037, -0.00157775322441, 0.00152545189485, 0.00055698590586, 0.000619205355179, -0.00198065047152, 0.00388174760155, -0.00308733060956, 0.00229712738656, -0.00116083316971], [0.000155039175297, -0.000377083284548, 0.00213230890222, -0.000674215494655, -0.000511818798259, -0.000260926317424, 0.000378932716558, -0.000313276483212, 0.00161315791775, -0.00334354536608, 0.00254317233339, -0.00227554747835, 0.00137729896232], [-0.00039395535714, 0.00106393930037, -0.000674215494655, 0.00564635824412, -0.00197959179059, -0.00276946998201, 0.00105272000656, 0.000455407309346, -0.0022446278017, 0.00413214741275, -0.004063595552, 0.00319979479536, -0.00232779444195], [0.000319841085002, -0.00157775322441, -0.000511818798259, -0.00197959179059, 0.00687648262829, -0.00108000205364, -0.00419419677928, 0.00171570398379, 0.000765660253819, -0.00355864688754, 0.00269321654923, -0.00264926231466, 0.00119115714915], [-5.16715081176e-05, 0.00152545189485, -0.000260926317424, -0.00276946998201, -0.00108000205364, 0.0110445320606, -0.00228011538275, -0.00291667599231, 0.00206642458215, -0.000523378723301, -0.000379642064217, -0.0012528715888, 0.000289205345325], [-5.32272497367e-05, 0.00055698590586, 0.000378932716558, 0.00105272000656, -0.00419419677928, -0.00228011538275, 0.0155249750242, -0.00791763607413, -0.0052582253702, 0.00632946100086, -0.00699664466083, 0.00535175623372, -0.0016191676259], [-0.000169931110577, 0.000619205355179, -0.000313276483212, 0.000455407309346, 0.00171570398379, -0.00291667599231, -0.00791763607413, 0.0167818441987, -0.00508721591905, -0.00535262096673, 0.00647177407518, -0.00427746167406, 0.00104286486749], [0.00039440501132, -0.00198065047152, 0.00161315791775, -0.0022446278017, 0.000765660253819, 0.00206642458215, -0.0052582253702, -0.00508721591905, 0.0253893472254, -0.0128512578085, -0.00433793943375, 0.00376704568043, -0.00423880061135], [-0.00080971326679, 0.00388174760155, -0.00334354536608, 0.00413214741275, -0.00355864688754, -0.000523378723301, 0.00632946100086, -0.00535262096673, -0.0128512578085, 0.0306465383619, -0.0117963356897, -0.00147162296344, -1.97610552277e-05], [0.000666004430968, -0.00308733060956, 0.00254317233339, -0.004063595552, 0.00269321654923, -0.000379642064217, -0.00699664466083, 0.00647177407518, -0.00433793943375, -0.0117963356897, 0.0315935388207, -0.0141737945378, 0.00109554443043], [-0.000576806836762, 0.00229712738656, -0.00227554747835, 0.00319979479536, -0.00264926231466, -0.0012528715888, 0.00535175623372, -0.00427746167406, 0.00376704568043, -0.00147162296344, -0.0141737945378, 0.0305665340275, -0.0109290154651], [0.000366380816558, -0.00116083316971, 0.00137729896232, -0.00232779444195, 0.00119115714915, 0.000289205345325, -0.0016191676259, 0.00104286486749, -0.00423880061135, -1.97610552277e-05, 0.00109554443043, -0.0109290154651, 0.0217584297061]]
    },
    "melbands": {
        "dmean": [0.00317275361158, 0.00126457633451, 0.000991911627352, 0.00082442141138, 0.000641900347546, 0.00049036857672, 0.000412819354096, 0.000260051660007, 0.000266441929853, 0.000200314840185, 0.000108613196062, 6.54985342408e-05, 4.75057677249e-05, 3.78021795768e-05, 2.67224950221e-05, 2.43067097472e-05, 2.17866818275e-05, 2.34409799305e-05, 1.47118962559e-05, 1.39810899782e-05, 1.53885848704e-05, 1.01240375443e-05, 9.52463051362e-06, 8.3774120867e-06, 6.39715108264e-06, 5.3967050917e-06, 4.17288083554e-06, 4.20493233833e-06, 4.555218311e-06, 2.39031032834e-06, 2.18727609536e-06, 1.64732682606e-06, 1.55605869168e-06, 1.25947178731e-06, 9.66698053162e-07, 9.51984702624e-07, 7.30005808691e-07, 6.06419916949e-07, 6.61177978145e-07, 4.93843288041e-07],
        "dmean2": [0.00486287707463, 0.00207117665559, 0.00174377090298, 0.00148046261165, 0.00116980657913, 0.000899885781109, 0.000752063642722, 0.000472665502457, 0.000478753267089, 0.000342170766089, 0.000179889379069, 0.000101796584204, 7.28144295863e-05, 5.80928353884e-05, 4.30032705481e-05, 3.93412665289e-05, 3.55283918907e-05, 3.84839586332e-05, 2.425009734e-05, 2.35379484366e-05, 2.62687062786e-05, 1.68827064044e-05, 1.55320194608e-05, 1.36705684781e-05, 1.04302935142e-05, 8.93053311302e-06, 6.99220572642e-06, 6.87386727805e-06, 7.22602908354e-06, 3.96732821173e-06, 3.61234310731e-06, 2.73425712294e-06, 2.58137970377e-06, 2.07979928746e-06, 1.60187789788e-06, 1.57850365667e-06, 1.19749961414e-06, 9.95376467472e-07, 1.07919208858e-06, 8.0935404867e-07],
        "dvar": [2.67050709226e-05, 5.47559193365e-06, 4.23042274633e-06, 3.24661368722e-06, 1.88506680843e-06, 1.19025958156e-06, 6.7969739348e-07, 3.6960167904e-07, 4.23970561769e-07, 1.74673374431e-07, 4.06489846227e-08, 1.1602954153e-08, 9.12949005283e-09, 4.42882308604e-09, 1.8243117017e-09, 1.24694765624e-09, 1.31644850576e-09, 1.67300095999e-09, 4.60972010563e-10, 5.54516044193e-10, 5.57537016554e-10, 2.25369500839e-10, 1.52008142185e-10, 1.33699024074e-10, 8.09579348005e-11, 5.87573045774e-11, 3.50217251033e-11, 4.1530841266e-11, 6.95498797443e-11, 1.2612232439e-11, 1.27931883837e-11, 6.48078682733e-12, 5.38410071735e-12, 3.49633147954e-12, 2.11402596817e-12, 1.7610241607e-12, 1.18408570709e-12, 8.86956740692e-13, 9.48567288085e-13, 5.18404871981e-13],
        "dvar2": [5.60627959203e-05, 1.49064380821e-05, 1.16677620099e-05, 9.14790143725e-06, 5.37480491403e-06, 3.39580765285e-06, 1.94341373572e-06, 1.06255072296e-06, 1.22162441585e-06, 4.95046151627e-07, 1.09156374606e-07, 2.81198175855e-08, 1.90050055693e-08, 9.73376845792e-09, 4.20691392833e-09, 3.17741344347e-09, 3.31393135156e-09, 4.34705516028e-09, 1.19113274799e-09, 1.43728229318e-09, 1.55095347676e-09, 5.89151449848e-10, 3.87591847506e-10, 3.37075589663e-10, 2.06445555095e-10, 1.57648422094e-10, 9.39616509599e-11, 1.02743799579e-10, 1.59831495261e-10, 3.24417784303e-11, 3.16378243048e-11, 1.67699482773e-11, 1.43472681652e-11, 8.90631318695e-12, 5.68668419645e-12, 4.69425756947e-12, 3.02983050975e-12, 2.28491921564e-12, 2.39801321161e-12, 1.30688678195e-12],
        "max": [0.0577998608351, 0.0330150425434, 0.021202756092, 0.0197648424655, 0.0151446340606, 0.0126567035913, 0.00869300682098, 0.00579364458099, 0.00686376402155, 0.00548664852977, 0.00248915399425, 0.00243390747346, 0.00231994478963, 0.00225421460345, 0.000893532764167, 0.000800368841738, 0.000818816013634, 0.000902127823792, 0.000544603390153, 0.000581061467528, 0.000483837560751, 0.000486215052661, 0.000281305081444, 0.000272485427558, 0.000163936711033, 0.000212756669498, 9.85292936093e-05, 0.000112952613563, 0.000168658662005, 7.61118571972e-05, 9.59641256486e-05, 5.80491905566e-05, 3.40416881954e-05, 3.44975705957e-05, 2.64961818175e-05, 2.46197905653e-05, 3.07074042212e-05, 1.86453307833e-05, 1.69997911144e-05, 1.5653697119e-05],
        "mean": [0.0107511980459, 0.00244016363285, 0.00105036713649, 0.000888954149559, 0.000730093976017, 0.000560618937016, 0.000488246121677, 0.000287234521238, 0.000312494696118, 0.0002738336334, 0.000159698553034, 0.000123221630929, 9.24099367694e-05, 6.92110988894e-05, 4.72636638733e-05, 4.55658955616e-05, 3.94292183046e-05, 3.94752678403e-05, 2.74579560937e-05, 2.43875019805e-05, 2.53762100328e-05, 2.07215543924e-05, 1.98859452212e-05, 1.75870245585e-05, 1.43396855492e-05, 1.1925571016e-05, 9.88150532066e-06, 9.97586994345e-06, 1.00875759017e-05, 6.21335084361e-06, 5.4417660067e-06, 4.42580630988e-06, 4.22046150561e-06, 3.49687161361e-06, 2.86891463475e-06, 2.75993875221e-06, 2.28721751228e-06, 1.93058508557e-06, 1.97641315935e-06, 1.58405828188e-06],
        "median": [0.00255729211494, 0.00167558179237, 0.000332994211931, 0.000290630123345, 0.000247386662522, 0.000253676495049, 0.00021939209546, 0.000125121630845, 0.000126573591842, 0.000132071887492, 9.32417169679e-05, 7.67456804169e-05, 3.90012100979e-05, 3.63178878615e-05, 2.85205023829e-05, 3.21124098264e-05, 2.50855300692e-05, 2.52830395766e-05, 1.80355600605e-05, 1.50891173689e-05, 1.62693322636e-05, 1.46458323798e-05, 1.41723630804e-05, 1.27591420096e-05, 9.79610376817e-06, 9.35356092668e-06, 6.94380014465e-06, 6.34169509794e-06, 5.37321147931e-06, 4.5946821956e-06, 3.85296061722e-06, 3.07458071802e-06, 2.94128517453e-06, 2.47195248448e-06, 2.01266379918e-06, 2.01177044801e-06, 1.52570510181e-06, 1.24001837776e-06, 1.41072280258e-06, 1.09343250188e-06],
        "min": [6.88721817229e-25, 2.89978898707e-24, 4.83320236183e-25, 1.36334392907e-24, 4.16629245002e-25, 2.33476716649e-24, 1.42323513646e-24, 1.92418123698e-24, 1.59703460452e-24, 1.77659226414e-24, 3.16462892005e-24, 4.05725639153e-24, 2.49042165044e-24, 2.45116162091e-24, 3.37565650916e-24, 4.03133757763e-24, 1.92112775363e-24, 2.16789567212e-24, 3.46238742695e-24, 2.3772364794e-24, 3.60264374046e-24, 2.60705177705e-24, 3.13010106987e-24, 4.58692639672e-24, 4.928929548e-24, 5.24602796607e-24, 4.76234500178e-24, 4.69774281567e-24, 4.12526527346e-24, 5.70993576518e-24, 4.20507590896e-24, 5.94423139834e-24, 4.88794782954e-24, 6.09383255813e-24, 5.8072334748e-24, 5.40284365326e-24, 6.0371375193e-24, 5.36634660905e-24, 7.05292373024e-24, 6.07758044576e-24],
        "var": [0.000178351678187, 9.21724586078e-06, 3.44110571859e-06, 2.46038030127e-06, 1.52967857048e-06, 8.5565363861e-07, 6.29485157333e-07, 2.5997536568e-07, 2.96080543194e-07, 1.6087309973e-07, 4.58888074206e-08, 2.11420658758e-08, 2.67960338363e-08, 9.55811518821e-09, 3.2412423856e-09, 2.2308259684e-09, 2.35754482603e-09, 2.62400590145e-09, 1.04937636358e-09, 9.60566848285e-10, 8.69518901325e-10, 4.95811558476e-10, 3.73215236493e-10, 3.12474823794e-10, 2.2435008018e-10, 1.32974437017e-10, 9.89876652868e-11, 1.26028909531e-10, 1.76990394563e-10, 4.26593135816e-11, 3.82777559649e-11, 2.33660400056e-11, 2.07764951077e-11, 1.41073602453e-11, 9.61092403579e-12, 8.50816986309e-12, 6.49795061508e-12, 4.93040244048e-12, 4.66152247011e-12, 3.1375342862e-12]
    },
    "mfcc": {
        "mean": [-619.742431641, 117.173042297, -0.169991374016, 20.4977855682, 3.82447218895, 3.37234377861, 3.44474673271, 6.92737102509, 4.48490953445, 5.87753629684, 3.68814945221, 3.49685144424, 1.14798605442],
        "cov": [[8224.58691406, -933.920349121, 944.489379883, 340.290374756, 106.630744934, 349.422668457, 167.061294556, 221.654678345, 242.163314819, 303.403594971, 278.60369873, 191.938095093, 149.322174072], [-933.920349121, 3169.90649414, -791.504455566, -14.0034818649, -98.5830612183, -400.599945068, -297.835113525, -268.42880249, -344.550964355, -312.156005859, -273.964050293, -199.812011719, -174.013626099], [944.489379883, -791.504455566, 754.670532227, 59.630065918, 132.562561035, 146.36958313, 94.5972213745, 52.9809379578, 106.324363708, 79.8843612671, 99.5970916748, 66.5809402466, 63.896484375], [340.290374756, -14.0034818649, 59.630065918, 203.513626099, 93.385559082, 83.4787445068, 54.5301475525, 56.1737480164, 36.8815765381, 45.0027656555, 34.1112670898, 30.1576137543, 23.0759372711], [106.630744934, -98.5830612183, 132.562561035, 93.385559082, 201.366363525, 100.540817261, 87.6505203247, 36.962020874, 57.8772468567, 31.7951049805, 42.0003852844, 37.6992073059, 38.6174583435], [349.422668457, -400.599945068, 146.36958313, 83.4787445068, 100.540817261, 183.743682861, 102.355285645, 83.6606369019, 73.9705963135, 70.5802383423, 59.8254318237, 51.0421066284, 51.157207489], [167.061294556, -297.835113525, 94.5972213745, 54.5301475525, 87.6505203247, 102.355285645, 168.158294678, 109.646232605, 104.170318604, 86.8334350586, 81.5854721069, 60.445350647, 37.1278762817], [221.654678345, -268.42880249, 52.9809379578, 56.1737480164, 36.962020874, 83.6606369019, 109.646232605, 146.664306641, 99.3543243408, 90.8843688965, 73.25, 52.9452056885, 43.195098877], [242.163314819, -344.550964355, 106.324363708, 36.8815765381, 57.8772468567, 73.9705963135, 104.170318604, 99.3543243408, 160.62298584, 109.595924377, 87.0914535522, 65.0141143799, 48.5267410278], [303.403594971, -312.156005859, 79.8843612671, 45.0027656555, 31.7951049805, 70.5802383423, 86.8334350586, 90.8843688965, 109.595924377, 146.914016724, 98.5396652222, 64.3894424438, 44.9238128662], [278.60369873, -273.964050293, 99.5970916748, 34.1112670898, 42.0003852844, 59.8254318237, 81.5854721069, 73.25, 87.0914535522, 98.5396652222, 127.207695007, 75.8150634766, 44.8325462341], [191.938095093, -199.812011719, 66.5809402466, 30.1576137543, 37.6992073059, 51.0421066284, 60.445350647, 52.9452056885, 65.0141143799, 64.3894424438, 75.8150634766, 91.8130111694, 52.4011116028], [149.322174072, -174.013626099, 63.896484375, 23.0759372711, 38.6174583435, 51.157207489, 37.1278762817, 43.195098877, 48.5267410278, 44.9238128662, 44.8325462341, 52.4011116028, 77.1078567505]],
