{
"lowlevel": {
    "average_loudness": 0.885330379009,
    "barkbands_crest": {
        "dmean": 2.27424883842,
        "dmean2": 3.69387602806,
        "dvar": 5.54511642456,
        "dvar2": 15.2738790512,
        "max": 25.9867630005,
        "mean": 12.4816761017,
        "median": 12.1111831665,
        "min": 1.82684862614,
        "var": 18.7696285248
    },
    "barkbands_flatness_db": {
        "dmean": 0.0163429491222,
        "dmean2": 0.0258288495243,
        "dvar": 0.000317654310493,
        "dvar2": 0.000751244544517,
        "max": 0.523292303085,
        "mean": 0.152655661106,
        "median": 0.131490677595,
        "min": 0.0116945393384,
        "var": 0.00611705891788
    },
    "barkbands_kurtosis": {
        "dmean": 3.6311480999,
        "dmean2": 5.75126361847,
        "dvar": 65.0056533813,
        "dvar2": 160.839187622,
        "max": 587.652709961,
        "mean": 10.4534645081,
        "median": 6.16419124603,
        "min": -1.61473536491,
        "var": 250.661331177
    },
    "barkbands_skewness": {
        "dmean": 0.464621186256,
        "dmean2": 0.741800665855,
        "dvar": 0.332108914852,
        "dvar2": 0.812777757645,
        "max": 20.0371379852,
        "mean": 2.47301054001,
        "median": 2.20336556435,
        "min": -2.0918841362,
        "var": 1.95594155788
    },
    "barkbands_spread": {
        "dmean": 3.17034673691,
        "dmean2": 4.99607229233,
        "dvar": 20.0246047974,
        "dvar2": 44.7214164734,
        "max": 137.796615601,
        "mean": 17.1568908691,
        "median": 16.0464000702,
        "min": 0.340568333864,
        "var": 146.288360596
    },
    "dissonance": {
        "dmean": 0.0159217361361,
        "dmean2": 0.0274637099355,
        "dvar": 0.000343086576322,
        "dvar2": 0.000964932783972,
        "max": 0.500000119209,
        "mean": 0.459964573383,
        "median": 0.475512683392,
        "min": 0.195338085294,
        "var": 0.00180040427949
    },
    "dynamic_complexity": 2.15057611465,
    "erbbands_crest": {
        "dmean": 1.61129677296,
        "dmean2": 2.78931045532,
        "dvar": 3.39051008224,
        "dvar2": 11.2622594833,
        "max": 25.4425601959,
        "mean": 7.16487550735,
        "median": 5.6231045723,
        "min": 2.17207193375,
        "var": 18.3533058167
    },
    "erbbands_flatness_db": {
        "dmean": 0.0102832214907,
        "dmean2": 0.0171544682235,
        "dvar": 0.000179616981768,
        "dvar2": 0.000463092030259,
        "max": 0.47826525569,
        "mean": 0.132128939033,
        "median": 0.105714946985,
        "min": 0.0458140410483,
        "var": 0.00533435912803
    },
    "erbbands_kurtosis": {
        "dmean": 0.797868907452,
        "dmean2": 1.40422642231,
        "dvar": 2.45088076591,
        "dvar2": 7.39563798904,
        "max": 46.4979171753,
        "mean": 0.935064911842,
        "median": -0.629484653473,
        "min": -1.68606579304,
        "var": 13.8858213425
    },
    "erbbands_skewness": {
        "dmean": 0.285439103842,
        "dmean2": 0.483034908772,
        "dvar": 0.138529628515,
        "dvar2": 0.365779221058,
        "max": 5.22245979309,
        "mean": 0.532660067081,
        "median": 0.283931165934,
        "min": -1.42656421661,
        "var": 0.732926368713
    },
    "erbbands_spread": {
        "dmean": 5.80399274826,
        "dmean2": 9.78989315033,
        "dvar": 67.6226959229,
        "dvar2": 189.721572876,
        "max": 128.33013916,
        "mean": 44.9676628113,
        "median": 48.7029685974,
        "min": 2.60342240334,
        "var": 390.929443359
    },
    "hfc": {
        "dmean": 3.65768933296,
        "dmean2": 6.07167482376,
        "dvar": 31.4481544495,
        "dvar2": 82.140838623,
        "max": 91.6532440186,
        "mean": 20.5266609192,
        "median": 18.4383678436,
        "min": 1.09306862221e-16,
        "var": 125.894004822
    },
    "melbands_crest": {
        "dmean": 3.04786920547,
        "dmean2": 4.84881544113,
        "dvar": 10.3570098877,
        "dvar2": 26.2186145782,
        "max": 38.4638061523,
        "mean": 18.4012813568,
        "median": 17.4008903503,
        "min": 1.63107323647,
        "var": 54.1830482483
    },
    "melbands_flatness_db": {
        "dmean": 0.0190249532461,
        "dmean2": 0.0295063704252,
        "dvar": 0.000449508661404,
        "dvar2": 0.00100633315742,
        "max": 0.650403678417,
        "mean": 0.243779480457,
        "median": 0.22618201375,
        "min": 0.00347132072784,
        "var": 0.00848432071507
    },
    "melbands_kurtosis": {
        "dmean": 9.08580780029,
        "dmean2": 14.5399284363,
        "dvar": 313.870819092,
        "dvar2": 686.677185059,
        "max": 850.015686035,
        "mean": 26.0662155151,
        "median": 17.02186203,
        "min": -1.40937662125,
        "var": 1052.23486328
    },
    "melbands_skewness": {
        "dmean": 0.711222529411,
        "dmean2": 1.16080725193,
        "dvar": 0.957085847855,
        "dvar2": 2.3932697773,
        "max": 21.4921760559,
        "mean": 3.70296120644,
        "median": 3.50333094597,
        "min": -0.352328538895,
        "var": 4.42826652527
    },
    "melbands_spread": {
        "dmean": 3.04641127586,
        "dmean2": 4.89747047424,
        "dvar": 22.6087036133,
        "dvar2": 55.9331588745,
        "max": 174.678909302,
        "mean": 13.6268196106,
        "median": 10.834394455,
        "min": 0.253477931023,
        "var": 150.966003418
    },
    "pitch_salience": {
        "dmean": 0.0709377452731,
        "dmean2": 0.113509505987,
        "dvar": 0.00697547150776,
        "dvar2": 0.017695389688,
        "max": 0.928456485271,
        "mean": 0.512396216393,
        "median": 0.530147850513,
        "min": 0.0452923476696,
        "var": 0.0219060946256
    },
    "silence_rate_20dB": {
        "dmean": 0,
        "dmean2": 0,
        "dvar": 0,
        "dvar2": 0,
        "max": 1,
        "mean": 1,
        "median": 1,
        "min": 1,
        "var": 0
    },
    "silence_rate_30dB": {
        "dmean": 0.028460085392,
        "dmean2": 0.0569235309958,
        "dvar": 0.0276576802135,
        "dvar2": 0.0709324479103,
        "max": 1,
        "mean": 0.960146427155,
        "median": 1,
        "min": 0,
        "var": 0.0382639281452
    },
    "silence_rate_60dB": {
        "dmean": 0.00259801605716,
        "dmean2": 0.00513728940859,
        "dvar": 0.00259170471691,
        "dvar2": 0.00581768574193,
        "max": 1,
        "mean": 0.0214323662221,
        "median": 0,
        "min": 0,
        "var": 0.0209721121937
    },
    "spectral_centroid": {
        "dmean": 187.400054932,
        "dmean2": 296.624176025,
        "dvar": 55389.3007812,
        "dvar2": 116909.195312,
        "max": 11703.1220703,
        "mean": 1308.00305176,
        "median": 1340.4050293,
        "min": 169.398712158,
        "var": 729265.8125
    },
    "spectral_complexity": {
        "dmean": 3.06270670891,
        "dmean2": 4.92341327667,
        "dvar": 9.53929710388,
        "dvar2": 21.9298191071,
        "max": 55,
        "mean": 23.0632343292,
        "median": 23,
        "min": 0,
        "var": 130.748809814
    },
    "spectral_decrease": {
        "dmean": 2.97670754712e-09,
        "dmean2": 4.73737493678e-09,
        "dvar": 1.50871870747e-17,
        "dvar2": 3.76523681284e-17,
        "max": 1.39738086009e-28,
        "mean": -1.29103163715e-08,
        "median": -1.16724390153e-08,
        "min": -5.38353397417e-08,
        "var": 5.30424902501e-17
    },
    "spectral_energy": {
        "dmean": 0.0114825526252,
        "dmean2": 0.0182954166085,
        "dvar": 0.000224173083552,
        "dvar2": 0.000560484360904,
        "max": 0.204759508371,
        "mean": 0.0505882501602,
        "median": 0.0461063794792,
        "min": 1.00161943281e-20,
        "var": 0.000770911516156
    },
    "spectral_energyband_high": {
        "dmean": 0.000179059585207,
        "dmean2": 0.000288459152216,
        "dvar": 5.99020921754e-08,
        "dvar2": 1.49302309183e-07,
        "max": 0.00513166747987,
        "mean": 0.00097214669222,
        "median": 0.000907531939447,
        "min": 7.24414488215e-21,
        "var": 6.30298700344e-07
    },
    "spectral_energyband_low": {
        "dmean": 0.00752608897164,
        "dmean2": 0.0117079066113,
        "dvar": 0.000142175005749,
        "dvar2": 0.000374640338123,
        "max": 0.195597946644,
        "mean": 0.0286394041032,
        "median": 0.0234136432409,
        "min": 1.2710511869e-23,
        "var": 0.000750010542106
    },
    "spectral_energyband_middle_high": {
        "dmean": 0.000676616793498,
        "dmean2": 0.00104868307244,
        "dvar": 8.42757458486e-07,
        "dvar2": 1.93854748431e-06,
        "max": 0.0242250841111,
        "mean": 0.00344405975193,
        "median": 0.00274242204614,
        "min": 1.14709109887e-21,
        "var": 8.02435260994e-06
    },
    "spectral_energyband_middle_low": {
        "dmean": 0.00744017353281,
        "dmean2": 0.0131353549659,
        "dvar": 0.000208503479371,
        "dvar2": 0.000573441502638,
        "max": 0.148527100682,
        "mean": 0.0188380852342,
        "median": 0.0144989062101,
        "min": 1.55052289617e-22,
        "var": 0.000240526613197
    },
    "spectral_entropy": {
        "dmean": 0.118324905634,
        "dmean2": 0.189923539758,
        "dvar": 0.0240417774767,
        "dvar2": 0.0581651218235,
        "max": 9.82388114929,
        "mean": 7.46661758423,
        "median": 7.78478145599,
        "min": 4.34091997147,
        "var": 0.687348246574
    },
    "spectral_flux": {
        "dmean": 0.0250941831619,
        "dmean2": 0.0380270816386,
        "dvar": 0.00120632408652,
        "dvar2": 0.00203414075077,
        "max": 0.412582933903,
        "mean": 0.0826973095536,
        "median": 0.0683899596334,
        "min": 6.46126416259e-11,
        "var": 0.00290343607776
    },
    "spectral_kurtosis": {
        "dmean": 2.77694296837,
        "dmean2": 4.71522378922,
        "dvar": 72.3098297119,
        "dvar2": 201.313522339,
        "max": 310.605285645,
        "mean": 9.43158054352,
        "median": 3.21746015549,
        "min": -1.26455199718,
        "var": 504.175048828
    },
    "spectral_rms": {
        "dmean": 0.000774011714384,
        "dmean2": 0.00122697080951,
        "dvar": 8.19875367597e-07,
        "dvar2": 2.02281057682e-06,
        "max": 0.0141338380054,
        "mean": 0.00671592494473,
        "median": 0.0067068496719,
        "min": 3.12600336241e-12,
        "var": 4.25058124165e-06
    },
    "spectral_rolloff": {
        "dmean": 202.115249634,
        "dmean2": 337.142059326,
        "dvar": 159392.3125,
        "dvar2": 372166.4375,
        "max": 19681.3476562,
        "mean": 775.946350098,
        "median": 473.73046875,
        "min": 43.06640625,
        "var": 1710736
    },
    "spectral_skewness": {
        "dmean": 0.236541986465,
        "dmean2": 0.395576238632,
        "dvar": 0.196048423648,
        "dvar2": 0.52274543047,
        "max": 14.6468391418,
        "mean": 1.88217079639,
        "median": 1.3335916996,
        "min": -0.0833621174097,
        "var": 2.1739397049
    },
    "spectral_spread": {
        "dmean": 269669.71875,
        "dmean2": 440125.28125,
        "dvar": 175204630528,
        "dvar2": 363455578112,
        "max": 41963108,
        "mean": 4768585.5,
        "median": 4703908,
        "min": 268775.0625,
        "var": 6.61348365107e+12
    },
    "spectral_strongpeak": {
        "dmean": 0.204825997353,
        "dmean2": 0.352887272835,
        "dvar": 0.11207947135,
        "dvar2": 0.299239397049,
        "max": 5.06053495407,
        "mean": 0.644486188889,
        "median": 0.40168979764,
        "min": 0,
        "var": 0.397629708052
    },
    "zerocrossingrate": {
        "dmean": 0.00570879084989,
        "dmean2": 0.00736057665199,
        "dvar": 5.60285807296e-05,
        "dvar2": 8.00500201876e-05,
        "max": 0.580078125,
        "mean": 0.0406578816473,
        "median": 0.033203125,
        "min": 0.001953125,
        "var": 0.00138186081313
    },
    "barkbands": {
        "dmean": [0.001289103413, 0.00613743485883, 0.00178921024781, 0.00208331481554, 0.00278270849958, 0.00310813821852, 0.00117740943097, 0.000634015770629, 0.000628030858934, 0.000185342869372, 0.000154363398906, 0.000213611201616, 0.000174110391526, 0.000131954046083, 0.000126938990434, 0.000117213989142, 0.00011481121328, 0.000104418279079, 0.000107498832222, 0.000127357823658, 9.33578194235e-05, 4.04314523621e-05, 2.48250198638e-05, 1.93924970517e-05, 1.46195252455e-05, 1.11018471216e-05, 3.79320113097e-06],
        "dmean2": [0.00202711462043, 0.00938406493515, 0.00307066412643, 0.00357933691703, 0.00502182869241, 0.00581014482304, 0.00201300205663, 0.00110322283581, 0.000979153090157, 0.000298768776702, 0.000243110393058, 0.000335437624017, 0.00027387321461, 0.000213830746361, 0.000208348836168, 0.00019250214973, 0.000188443911611, 0.00017690792447, 0.000180377741344, 0.000214637475437, 0.000156852285727, 6.68616630719e-05, 4.1082232201e-05, 3.13717391691e-05, 2.32710990531e-05, 1.7743142962e-05, 6.19301772531e-06],
        "dvar": [6.72517080602e-06, 0.000101299527159, 2.10461203096e-05, 1.72070667759e-05, 3.63526814908e-05, 3.11186267936e-05, 6.77605703459e-06, 3.90767581848e-06, 1.88768217413e-06, 1.42070888387e-07, 5.30184394165e-08, 1.1626631391e-07, 9.13531152946e-08, 4.29394582113e-08, 3.51007614086e-08, 3.30817009342e-08, 3.03170857308e-08, 2.5110292512e-08, 2.38915820461e-08, 3.12253511936e-08, 1.80307626607e-08, 2.87701107382e-09, 1.36609190626e-09, 8.94126106488e-10, 5.28951493717e-10, 2.98004676491e-10, 3.9452729278e-11],
        "dvar2": [1.65928304341e-05, 0.000265375216259, 6.01038518653e-05, 4.80367452838e-05, 0.000105713123048, 9.70040637185e-05, 1.86950910575e-05, 1.11997724161e-05, 4.52340373158e-06, 3.53011614607e-07, 1.22596290453e-07, 2.57143199178e-07, 2.10518791732e-07, 1.04601475925e-07, 9.14398654572e-08, 8.3956891217e-08, 7.68169670096e-08, 7.00776467966e-08, 6.45171667202e-08, 8.60200515262e-08, 4.78129145165e-08, 7.68540964202e-09, 3.6107838941e-09, 2.26526175595e-09, 1.26800514533e-09, 7.44898420724e-10, 1.0378917864e-10],
        "max": [0.0926323086023, 0.183349639177, 0.0606000162661, 0.0460312701762, 0.072065487504, 0.0541053451598, 0.0440981537104, 0.0299582611769, 0.0266374349594, 0.00721897883341, 0.00448340363801, 0.00786052178591, 0.00853470247239, 0.00794788450003, 0.00384105090052, 0.00373205728829, 0.00378443161026, 0.00356123666279, 0.0037738007959, 0.00371487508528, 0.00298652914353, 0.000915879791137, 0.00137590651866, 0.00079969514627, 0.000726473575924, 0.000596956524532, 0.000187338184332],
        "mean": [0.00384956132621, 0.0206470172852, 0.00288385339081, 0.00376594648696, 0.00515042198822, 0.00462588528171, 0.00273116980679, 0.00101739051752, 0.00146681140177, 0.000399769982323, 0.000337823759764, 0.000504791503772, 0.000399174401537, 0.00029815355083, 0.00027598493034, 0.000262858171482, 0.000254883256275, 0.000265160691924, 0.000295517354971, 0.000386732135667, 0.000307390000671, 0.000141924174386, 9.51098409132e-05, 8.55059552123e-05, 7.26686412236e-05, 5.55297301617e-05, 1.11116114567e-05],
        "median": [0.00187887565698, 0.0149081246927, 0.00160512258299, 0.00220319489017, 0.00329792662524, 0.00243173632771, 0.00130047975108, 0.000450729683507, 0.000745802943129, 0.000208973593544, 0.000210809273995, 0.000286023132503, 0.000213848688873, 0.000186687044334, 0.000196992594283, 0.00017647347704, 0.000175338747795, 0.000196783497813, 0.000232634774875, 0.000302834174363, 0.000254872516962, 0.000123111356515, 6.89059015713e-05, 5.91722491663e-05, 4.80279268231e-05, 3.77159558411e-05, 7.33067054171e-06],
        "min": [5.32571139775e-25, 1.45391630365e-24, 1.59187752496e-24, 1.87062053974e-24, 9.52401079432e-24, 8.83776333793e-24, 9.06432261219e-24, 9.59763676033e-24, 1.54838502001e-23, 1.62985037015e-23, 1.88277763571e-23, 1.93338669154e-23, 4.04495592009e-23, 3.73296364089e-23, 3.52841390143e-23, 3.95354398057e-23, 7.19755806399e-23, 1.08165464502e-22, 1.49936394118e-22, 1.51971718363e-22, 2.92757262871e-22, 3.4622698709e-22, 3.86653697724e-22, 6.16072801022e-22, 8.97987858638e-22, 1.25679057598e-21, 2.0098293706e-21],
        "var": [2.88164774247e-05, 0.000507988792378, 1.7709666281e-05, 2.30712030316e-05, 3.57534991053e-05, 3.71461355826e-05, 1.6404013877e-05, 3.6638984966e-06, 4.9176187531e-06, 3.79502921533e-07, 1.5491784211e-07, 4.58309131091e-07, 3.42953597965e-07, 1.32929201868e-07, 8.88310722758e-08, 9.53271737103e-08, 8.39464675551e-08, 8.4187483651e-08, 8.28697110933e-08, 1.42330890185e-07, 8.6425664847e-08, 1.5784035412e-08, 9.82311831876e-09, 8.57852722191e-09, 6.54609344508e-09, 3.85206933018e-09, 1.74506131767e-10]
    },
    "erbbands": {
        "dmean": [0.286909788847, 1.07136893272, 1.92892599106, 4.44301223755, 8.89264392853, 9.2904958725, 13.5937175751, 33.187286377, 18.0259552002, 15.6732625961, 13.0706214905, 14.2098655701, 8.74692249298, 5.74265623093, 6.43706941605, 6.39759969711, 7.58233594894, 6.47553491592, 5.75685071945, 5.31419610977, 6.39510965347, 6.25823688507, 5.68124389648, 5.33124351501, 5.55971336365, 5.97233104706, 4.87781715393, 2.91816139221, 1.60673511028, 0.999133586884, 0.683425068855, 0.477233171463, 0.30959007144, 0.200235053897, 0.107496134937, 0.0554968491197, 0.0227578170598, 0.00635843444616, 0.000528398028109, 1.64392240549e-05],
        "dmean2": [0.427813708782, 1.68897080421, 3.26845741272, 7.68314409256, 15.4625511169, 16.9564285278, 23.8026409149, 62.8203430176, 31.9650611877, 27.3609619141, 22.6366958618, 22.2506809235, 13.5284280777, 9.15488815308, 10.2717008591, 10.1146526337, 11.8523607254, 10.44120121, 9.26785755157, 8.78962898254, 10.5276241302, 10.2275247574, 9.5790605545, 9.02100467682, 9.28879165649, 10.044675827, 8.18751430511, 4.93829488754, 2.67690110207, 1.65917241573, 1.12859606743, 0.777918934822, 0.500346720219, 0.322051852942, 0.173139244318, 0.0903822183609, 0.0368355698884, 0.0103263473138, 0.000861458247527, 2.6615231036e-05],
        "dvar": [0.234634190798, 3.76817178726, 22.5909748077, 94.2577896118, 321.873168945, 411.594665527, 919.511779785, 3304.44677734, 1242.96142578, 1903.77612305, 1560.6373291, 1003.1605835, 364.147155762, 87.669380188, 86.5669631958, 101.188972473, 175.286499023, 114.02482605, 67.4854354858, 57.000164032, 106.484291077, 97.4090576172, 78.4058227539, 58.3162918091, 64.4057693481, 70.7986297607, 55.4103507996, 16.1281280518, 4.66249370575, 1.94203686714, 1.21269392967, 0.547297656536, 0.241479322314, 0.0928373783827, 0.0302646588534, 0.00775039289147, 0.00119036016986, 0.000113231646537, 6.86399630467e-07, 3.96277288761e-10],
        "dvar2": [0.569963812828, 10.444278717, 64.0846481323, 266.258911133, 905.470031738, 1198.49890137, 2620.3059082, 10919.6806641, 3510.78369141, 5465.98779297, 4457.93164062, 2461.52954102, 828.991149902, 219.77835083, 208.414794922, 223.326873779, 400.594299316, 275.685302734, 164.725830078, 152.4034729, 270.076171875, 244.066040039, 216.961791992, 159.487792969, 179.441040039, 196.643066406, 150.066696167, 45.088344574, 12.6198940277, 5.25605916977, 3.2245516777, 1.42618477345, 0.606372714043, 0.228877931833, 0.0744905173779, 0.0197087340057, 0.00303747947328, 0.00029976569931, 1.81522375442e-06, 9.9864316816e-10],
        "max": [9.49986743927, 26.633020401, 65.4723510742, 107.657897949, 198.750167847, 259.214355469, 357.858184814, 544.541564941, 603.789489746, 677.112365723, 622.654663086, 607.887878418, 466.699645996, 172.77015686, 199.572753906, 282.552886963, 380.443786621, 545.368286133, 180.787719727, 139.310058594, 215.624343872, 264.039825439, 177.630126953, 160.666061401, 222.09312439, 182.396697998, 156.835357666, 73.1957778931, 40.5547294617, 34.4119987488, 50.3769226074, 18.9755592346, 13.2755222321, 8.84045410156, 6.76660585403, 3.0238275528, 1.02217543125, 0.34131321311, 0.0195461474359, 0.000346674176399],
        "mean": [1.00973212719, 2.9294154644, 3.67947697639, 8.04252529144, 15.6054000854, 15.2676706314, 23.7443962097, 47.0467681885, 39.6465797424, 32.7820396423, 23.5184497833, 32.8234176636, 21.3701610565, 13.5953912735, 15.992893219, 16.4066486359, 18.6077575684, 16.7623958588, 14.4216423035, 13.3800458908, 15.4262361526, 14.9245786667, 14.5916776657, 14.8038063049, 16.5856513977, 17.8345413208, 14.9472732544, 9.50621032715, 5.50225257874, 3.56705665588, 2.61953091621, 1.89803540707, 1.32130432129, 0.875013887882, 0.48281532526, 0.24353428185, 0.101692847908, 0.0254972632974, 0.00168135564309, 8.49264179124e-05],
        "median": [0.618726730347, 2.09637761116, 2.44700407982, 4.87911081314, 9.69186115265, 8.15483093262, 11.93729496, 21.6053333282, 25.882976532, 14.0653352737, 12.0159797668, 16.4056739807, 12.0384588242, 8.89448547363, 10.5102930069, 10.6036338806, 10.380739212, 10.715303421, 10.3873977661, 9.94859695435, 10.5666627884, 10.6455144882, 10.8621339798, 11.7362241745, 13.1410951614, 14.0409317017, 12.0084018707, 8.0567111969, 4.76065206528, 2.90561151505, 1.84282875061, 1.3154708147, 0.848962366581, 0.587601661682, 0.301638752222, 0.164252951741, 0.0689515843987, 0.017605541274, 0.00110394880176, 8.11752979644e-05],
        "min": [8.47203353832e-23, 4.06389381985e-22, 2.3208892667e-21, 5.49168520628e-21, 1.13500981906e-20, 2.63252297897e-20, 3.06704709397e-20, 9.18145599892e-20, 1.46832442793e-19, 2.88261302386e-19, 2.62364629702e-19, 4.22919275074e-19, 6.71786669474e-19, 9.04647938075e-19, 9.68600166364e-19, 1.37952664087e-18, 1.98508023492e-18, 3.0396598289e-18, 2.75706039686e-18, 2.91309478453e-18, 3.66901875039e-18, 4.18053235194e-18, 4.97961115755e-18, 6.74944638258e-18, 9.1091660227e-18, 8.16681705346e-18, 9.27028674396e-18, 1.06369198104e-17, 1.16694794429e-17, 1.01171195135e-17, 1.08408256217e-17, 1.11555223498e-17, 8.9809298667e-18, 9.06695416886e-18, 6.01850988865e-18, 3.87863789814e-18, 2.42553405877e-18, 1.06261203471e-18, 2.55440378342e-19, 2.74594139629e-20],
        "var": [1.47339558601, 9.82422924042, 20.9616069794, 105.954681396, 357.730072021, 416.291870117, 1049.79284668, 4403.86279297, 2145.10864258, 2817.09667969, 1509.55334473, 2567.06958008, 932.57244873, 223.701293945, 302.331207275, 382.61328125, 672.751037598, 413.374328613, 216.949859619, 173.70022583, 323.651153564, 282.337860107, 256.41696167, 201.922714233, 268.351715088, 296.447509766, 213.580078125, 75.6355819702, 23.8178367615, 11.0956811905, 8.38525485992, 4.29693555832, 2.17962503433, 0.918401837349, 0.316465079784, 0.0784637033939, 0.0125282276422, 0.000833224388771, 3.73848206436e-06, 1.95005656067e-09]
    },
    "gfcc": {
        "mean": [19.9409408569, 92.6842651367, -90.0663757324, 30.1212406158, -51.920211792, 3.33042550087, -30.8908233643, 8.42242145538, -24.2357387543, 10.0826759338, -13.477057457, 3.27306032181, -11.4216432571],
        "cov": [[14880.828125, -2151.01000977, -1135.53625488, 1593.19934082, 68.9352111816, 950.956970215, 222.08241272, 673.237487793, -4.36406564713, 656.297058105, -161.572219849, 397.687744141, 30.0537834167], [-2151.01000977, 2238.11889648, 155.469055176, -585.027709961, -6.58902263641, -505.273986816, 18.7506046295, -221.45161438, 14.4041233063, -283.480407715, 147.63369751, -174.30581665, 3.92724919319], [-1135.53625488, 155.469055176, 581.31451416, 14.5729160309, 99.5999145508, 100.386116028, 20.8554573059, 73.0401229858, 42.0960655212, -33.4103889465, 37.7463760376, 1.96674633026, -3.79584813118], [1593.19934082, -585.027709961, 14.5729160309, 553.768615723, 199.819107056, 312.611236572, 152.930541992, 183.517456055, 71.8885498047, 172.469146729, -12.2922754288, 104.776046753, 40.3562240601], [68.9352111816, -6.58902263641, 99.5999145508, 199.819107056, 251.609939575, 176.830215454, 136.859069824, 99.8372879028, 77.6178970337, 49.3868141174, 38.3566017151, 51.8927345276, 40.681098938], [950.956970215, -505.273986816, 100.386116028, 312.611236572, 176.830215454, 361.442657471, 158.665878296, 169.942550659, 51.5956306458, 125.944366455, 7.14631080627, 90.6739273071, 26.3596115112], [222.08241272, 18.7506046295, 20.8554573059, 152.930541992, 136.859069824, 158.665878296, 191.910812378, 92.2434005737, 59.8696212769, 64.5651626587, 37.1747283936, 34.3134841919, 38.0780029297], [673.237487793, -221.45161438, 73.0401229858, 183.517456055, 99.8372879028, 169.942550659, 92.2434005737, 158.966217041, 72.0343170166, 78.0547027588, 15.2673063278, 62.1908493042, 16.6984786987], [-4.36406564713, 14.4041233063, 42.0960655212, 71.8885498047, 77.6178970337, 51.5956306458, 59.8696212769, 72.0343170166, 93.2189102173, 45.4949493408, 25.7493972778, 32.8457641602, 27.1860103607], [656.297058105, -283.480407715, -33.4103889465, 172.469146729, 49.3868141174, 125.944366455, 64.5651626587, 78.0547027588, 45.4949493408, 116.811767578, 15.1433191299, 50.8473358154, 18.3192901611], [-161.572219849, 147.63369751, 37.7463760376, -12.2922754288, 38.3566017151, 7.14631080627, 37.1747283936, 15.2673063278, 25.7493972778, 15.1433191299, 62.5830116272, 16.452829361, 6.2086596489], [397.687744141, -174.30581665, 1.96674633026, 104.776046753, 51.8927345276, 90.6739273071, 34.3134841919, 62.1908493042, 32.8457641602, 50.8473358154, 16.452829361, 71.540435791, 28.0710754395], [30.0537834167, 3.92724919319, -3.79584813118, 40.3562240601, 40.681098938, 26.3596115112, 38.0780029297, 16.6984786987, 27.1860103607, 18.3192901611, 6.2086596489, 28.0710754395, 52.9717178345]],
        "icov": [[0.000291725882562, -0.000525021692738, 0.000782517774496, -0.000688279978931, 0.000632802257314, -0.001032418455, 0.0012085015187, -0.00154620513786, 0.00110481656156, -0.000811244652141, 0.000613146752585, -0.00034185059485, -7.68466998124e-05], [-0.000525021692738, 0.002837438602, -0.00172903190833, 0.00137909513433, -0.00178708345629, 0.00441036419943, -0.00440649967641, 0.00287973252125, -0.00266143120825, 0.00444911140949, -0.00482954690233, 0.00259409518912, -0.000630882976111], [0.000782517774496, -0.00172903190833, 0.00490057747811, -0.00221154373139, 0.00194620864931, -0.00573181081563, 0.005901820492, -0.00546562904492, 0.0014282456832, 0.00080869049998, -0.00114459497854, 0.00186041370034, -0.00130604929291], [-0.000688279978931, 0.00137909513433, -0.00221154373139, 0.00810562912375, -0.00562222860754, 0.00338360806927, -0.00416252342984, 0.00145351642277, 0.00063143420266, -0.00547254271805, 0.00454943813384, -0.00203292421065, 0.00123511976562], [0.000632802257314, -0.00178708345629, 0.00194620864931, -0.00562222860754, 0.0141004621983, -0.00862275063992, 0.00179007533006, -0.000525191659108, -0.00531774200499, 0.00650685187429, -0.0042621139437, 0.000479211070342, -0.0027385475114], [-0.001032418455, 0.00441036419943, -0.00573181081563, 0.00338360806927, -0.00862275063992, 0.0221925452352, -0.0143357627094, 3.75791096303e-05, 0.0048925424926, -0.00287620443851, 0.00206664763391, -0.00576134864241, 0.0044367830269], [0.0012085015187, -0.00440649967641, 0.005901820492, -0.00416252342984, 0.00179007533006, -0.0143357627094, 0.0239259824157, -0.0101919723675, 0.00297942641191, -0.00455097481608, -0.0036396922078, 0.00910643022507, -0.00934624299407], [-0.00154620513786, 0.00287973252125, -0.00546562904492, 0.00145351642277, -0.000525191659108, 3.75791096303e-05, -0.0101919723675, 0.0317402109504, -0.0193799156696, 0.00608439696953, -0.00100465374999, -0.00735803786665, 0.00872904807329], [0.00110481656156, -0.00266143120825, 0.0014282456832, 0.00063143420266, -0.00531774200499, 0.0048925424926, 0.00297942641191, -0.0193799156696, 0.0343719832599, -0.0165781565011, 0.00541157322004, -0.00343926833011, -0.00591020612046], [-0.000811244652141, 0.00444911140949, 0.00080869049998, -0.00547254271805, 0.00650685187429, -0.00287620443851, -0.00455097481608, 0.00608439696953, -0.0165781565011, 0.0381997488439, -0.0201464444399, 0.00547022558749, -0.003094866639], [0.000613146752585, -0.00482954690233, -0.00114459497854, 0.00454943813384, -0.0042621139437, 0.00206664763391, -0.0036396922078, -0.00100465374999, 0.00541157322004, -0.0201464444399, 0.0423904582858, -0.0214226208627, 0.0122139509767], [-0.00034185059485, 0.00259409518912, 0.00186041370034, -0.00203292421065, 0.000479211070342, -0.00576134864241, 0.00910643022507, -0.00735803786665, -0.00343926833011, 0.00547022558749, -0.0214226208627, 0.045208118856, -0.0216166432947], [-7.68466998124e-05, -0.000630882976111, -0.00130604929291, 0.00123511976562, -0.0027385475114, 0.0044367830269, -0.00934624299407, 0.00872904807329, -0.00591020612046, -0.003094866639, 0.0122139509767, -0.0216166432947, 0.0359230451286]]
    },
    "melbands": {
        "dmean": [0.00204893667251, 0.00102984509431, 0.000913499621674, 0.000630789843854, 0.000458260416053, 0.000679223623592, 0.000275930418866, 0.000165410820046, 0.000102215744846, 9.41089747357e-05, 4.36713053205e-05, 2.39125874941e-05, 1.88948924915e-05, 2.48402393481e-05, 1.63419445016e-05, 2.1842051865e-05, 1.20635640997e-05, 1.00712450148e-05, 1.10132932605e-05, 7.75790522312e-06, 7.90537160356e-06, 7.62111494623e-06, 5.4343154261e-06, 5.6376638895e-06, 4.81751067127e-06, 4.61616491521e-06, 4.89566036777e-06, 4.53637085229e-06, 3.82708867619e-06, 2.55103077507e-06, 1.77268668722e-06, 1.14157739972e-06, 7.66465234392e-07, 5.99523445999e-07, 4.6919410579e-07, 4.02527490451e-07, 3.20389318631e-07, 2.57997754716e-07, 2.38199220348e-07, 1.83683908972e-07],
        "dmean2": [0.00308894203044, 0.00169533386361, 0.00156124145724, 0.00113648734987, 0.000808930024505, 0.00128195690922, 0.000484691758174, 0.000288489274681, 0.000176685862243, 0.000144702629768, 6.73295289744e-05, 3.80017299904e-05, 3.02291318803e-05, 3.92673391616e-05, 2.55626346188e-05, 3.40459628205e-05, 1.97351037059e-05, 1.61560728884e-05, 1.81678933586e-05, 1.26925469885e-05, 1.30227062982e-05, 1.25078786368e-05, 9.13760231924e-06, 9.5912737379e-06, 8.20392597234e-06, 7.82825827628e-06, 8.25590450404e-06, 7.6289052231e-06, 6.44143801765e-06, 4.2901483539e-06, 3.01551062876e-06, 1.91619005818e-06, 1.28316207793e-06, 1.00043314433e-06, 7.81155677032e-07, 6.70230747346e-07, 5.26569522208e-07, 4.17780114503e-07, 3.93013237954e-07, 2.98570711266e-07],
        "dvar": [1.12695679491e-05, 4.99265797771e-06, 3.49582387571e-06, 1.81034636171e-06, 1.0481951449e-06, 1.40488953093e-06, 2.86738725208e-07, 2.24335238386e-07, 9.29832779661e-08, 4.14343368504e-08, 8.85733353329e-09, 1.49083578815e-09, 7.06033731479e-10, 1.57878299323e-09, 1.26602650585e-09, 1.67151970043e-09, 3.83843040686e-10, 2.38133290864e-10, 3.21161292005e-10, 1.51649262592e-10, 1.67916416882e-10, 1.60885804679e-10, 6.15730869069e-11, 8.86419340707e-11, 4.76117756332e-11, 4.74902617231e-11, 5.02682132031e-11, 4.35073400917e-11, 3.65558278093e-11, 1.28366952484e-11, 5.95664316483e-12, 2.43690007409e-12, 1.12274892074e-12, 6.89231657858e-13, 5.25059704916e-13, 4.30195999266e-13, 2.53643216456e-13, 1.67743125163e-13, 1.33124617558e-13, 7.69987711286e-14],
        "dvar2": [2.85242749669e-05, 1.37995048135e-05, 9.74794238573e-06, 5.2608615988e-06, 3.00235296891e-06, 4.54935934613e-06, 8.03884404377e-07, 6.46560010864e-07, 2.63991836391e-07, 9.63436050938e-08, 1.96975697975e-08, 3.72928044001e-09, 1.7469511393e-09, 3.54484730458e-09, 2.68047495311e-09, 3.79721010191e-09, 9.43265243691e-10, 5.67201841051e-10, 8.41942293661e-10, 3.75776826322e-10, 4.28181490264e-10, 3.99245220217e-10, 1.67765482062e-10, 2.45290149303e-10, 1.3153764189e-10, 1.3370231311e-10, 1.34323580037e-10, 1.20172954921e-10, 9.91422499652e-11, 3.5016444605e-11, 1.71305677976e-11, 6.64053404278e-12, 3.13434391289e-12, 1.8861711238e-12, 1.44068405209e-12, 1.16372167978e-12, 6.75282258496e-13, 4.36018652824e-13, 3.50983619338e-13, 1.96651505843e-13],
        "max": [0.0624144375324, 0.0312052965164, 0.0198808386922, 0.0160083808005, 0.011857053265, 0.0112216556445, 0.00813272502273, 0.0074260965921, 0.0048601240851, 0.00409052148461, 0.00235779560171, 0.000673884525895, 0.0005874177441, 0.00104897900019, 0.00122031220235, 0.00117429404054, 0.000914350443054, 0.000305009481963, 0.000400218967116, 0.00034050794784, 0.000308361923089, 0.000329688948113, 0.000134936562972, 0.000270058284514, 0.000149985557073, 0.000151504355017, 0.000184994365554, 0.000128799394588, 0.00013774362742, 7.93176004663e-05, 3.64724437532e-05, 3.18170641549e-05, 2.04383941309e-05, 1.98535472009e-05, 2.48749965976e-05, 2.81425673165e-05, 1.36904536703e-05, 9.77220588538e-06, 9.47906028159e-06, 7.57749012337e-06],
        "mean": [0.00716843642294, 0.00255605857819, 0.00171444786247, 0.00106247817166, 0.000827440468129, 0.000991852837615, 0.000634150230326, 0.000338532816386, 0.000175830587978, 0.000221502967179, 0.000103518425021, 5.52080637135e-05, 4.58467548015e-05, 5.9657755628e-05, 3.32178860845e-05, 4.8869427701e-05, 2.7698750273e-05, 2.23394035856e-05, 2.21414720727e-05, 1.69736667885e-05, 1.74317956407e-05, 1.59554092534e-05, 1.22917608678e-05, 1.33942694447e-05, 1.16687078844e-05, 1.16789060485e-05, 1.26727991301e-05, 1.16353567137e-05, 9.98384075501e-06, 7.14163888915e-06, 4.93200150231e-06, 3.27757379637e-06, 2.28087742471e-06, 1.85381861684e-06, 1.53467658492e-06, 1.31843466988e-06, 1.09323264041e-06, 9.14839688448e-07, 8.72736336532e-07, 6.96056247307e-07],
        "median": [0.00500699225813, 0.00204013707116, 0.00111595529597, 0.000709747197106, 0.000421062461101, 0.000487819022965, 0.000397431984311, 0.000146594975377, 8.69866998983e-05, 0.000106467879959, 5.56213199161e-05, 3.3929660276e-05, 3.12230367854e-05, 3.37320780091e-05, 1.7529073375e-05, 2.31290214288e-05, 1.77036417881e-05, 1.51146386997e-05, 1.47838718476e-05, 1.18302041301e-05, 1.12597535917e-05, 1.04603568616e-05, 9.09286973183e-06, 9.38433004194e-06, 9.00838131201e-06, 9.01619932847e-06, 9.62583362707e-06, 8.81005689735e-06, 7.51386278353e-06, 5.74448449697e-06, 4.07699508287e-06, 2.73413661489e-06, 1.85238616268e-06, 1.43244983519e-06, 1.05632750547e-06, 8.74181580457e-07, 7.28577333575e-07, 5.51051698494e-07, 6.03474461514e-07, 4.5778040203e-07],
        "min": [1.40974147346e-24, 1.06020253117e-24, 8.8420578967e-25, 9.38796542033e-25, 1.72004277015e-24, 1.85888307833e-24, 2.11255076874e-24, 3.00854016818e-24, 1.91554439335e-24, 2.86230843053e-24, 3.27517890123e-24, 3.27776202626e-24, 2.60483290854e-24, 3.05358866182e-24, 3.68661995597e-24, 4.12886721235e-24, 4.33425227662e-24, 3.21778236784e-24, 2.09444029729e-24, 2.86716150282e-24, 3.89286921736e-24, 3.57667010072e-24, 4.14709699901e-24, 5.62251380524e-24, 3.4428236765e-24, 5.21638217882e-24, 5.61278557255e-24, 4.26763376204e-24, 5.35251038321e-24, 4.01810916911e-24, 6.13142572457e-24, 6.45534029529e-24, 5.14788144211e-24, 5.99490782289e-24, 6.3131323399e-24, 5.92848179037e-24, 6.83016676554e-24, 6.12055482686e-24, 5.43285665526e-24, 6.88186634269e-24],
        "var": [6.54671093798e-05, 6.93596712154e-06, 3.95021970689e-06, 1.5677810552e-06, 1.25035035126e-06, 1.82660983228e-06, 5.68540770018e-07, 2.95728597166e-07, 9.03711949718e-08, 1.25683683905e-07, 2.34871713189e-08, 4.20461532258e-09, 2.23279061906e-09, 6.51143272634e-09, 3.13082160197e-09, 6.3544702833e-09, 1.17555387646e-09, 6.67713606628e-10, 7.15710490873e-10, 3.92425314466e-10, 4.67177296848e-10, 3.87190168816e-10, 1.71741787458e-10, 2.72395717094e-10, 1.32808763986e-10, 1.44720291306e-10, 1.76869990876e-10, 1.42168707362e-10, 1.10109796281e-10, 4.69261088321e-11, 2.14272662113e-11, 9.30429865098e-12, 4.72352278819e-12, 3.21735932167e-12, 2.85022699886e-12, 2.47670373793e-12, 1.5313962121e-12, 1.14216546377e-12, 9.03554791751e-13, 6.05379190787e-13]
    },
    "mfcc": {
        "mean": [-628.875732422, 128.143768311, 14.7596740723, 32.8726921082, 1.30945849419, 2.88970184326, 3.37253451347, -2.03605461121, -1.84114015102, 4.0131278038, -0.312576889992, 0.0702967196703, 3.05137205124],
        "cov": [[7829.19482422, -1371.71472168, -503.275848389, 490.367218018, 84.9210357666, 597.991027832, 395.963989258, 174.048492432, 572.244567871, 68.4415664673, 235.869125366, 488.576751709, -36.2339706421], [-1371.71472168, 2240.04785156, 120.668083191, -72.0262680054, -100.864807129, -344.597808838, -109.019233704, 8.80136108398, -258.792449951, 15.4904680252, -77.6597442627, -162.398468018, 145.530532837], [-503.275848389, 120.668083191, 377.216094971, -7.48859405518, 80.4023971558, -8.88464832306, 18.1878128052, 42.9918785095, -15.4107809067, 41.94506073, -4.39298057556, -31.0873432159, 22.13256073], [490.367218018, -72.0262680054, -7.48859405518, 219.799240112, 78.3429489136, 99.55418396, 62.1085700989, 49.4482650757, 104.840034485, 16.4818058014, 40.5045547485, 79.2485046387, 16.8412799835], [84.9210357666, -100.864807129, 80.4023971558, 78.3429489136, 194.002593994, 94.6105880737, 67.5891265869, 102.388877869, 86.883972168, 29.9087982178, 29.6427669525, 66.0241394043, 43.0184402466], [597.991027832, -344.597808838, -8.88464832306, 99.55418396, 94.6105880737, 220.52482605, 149.743423462, 82.2285079956, 138.46812439, 29.1201305389, 61.5291633606, 103.227287292, 5.72287654877], [395.963989258, -109.019233704, 18.1878128052, 62.1085700989, 67.5891265869, 149.743423462, 173.749160767, 96.5252685547, 88.4179534912, 49.3128967285, 52.9244270325, 68.6455764771, 27.4905662537], [174.048492432, 8.80136108398, 42.9918785095, 49.4482650757, 102.388877869, 82.2285079956, 96.5252685547, 143.478500366, 98.1880722046, 38.2576408386, 45.196434021, 74.6927032471, 49.5187225342], [572.244567871, -258.792449951, -15.4107809067, 104.840034485, 86.883972168, 138.46812439, 88.4179534912, 98.1880722046, 207.397750854, 22.108877182, 52.134677887, 135.733901978, 2.89208054543], [68.4415664673, 15.4904680252, 41.94506073, 16.4818058014, 29.9087982178, 29.1201305389, 49.3128967285, 38.2576408386, 22.108877182, 80.7068405151, 33.1229972839, 1.11044061184, 28.8687705994], [235.869125366, -77.6597442627, -4.39298057556, 40.5045547485, 29.6427669525, 61.5291633606, 52.9244270325, 45.196434021, 52.134677887, 33.1229972839, 78.5435333252, 66.8243865967, 19.0758934021], [488.576751709, -162.398468018, -31.0873432159, 79.2485046387, 66.0241394043, 103.227287292, 68.6455764771, 74.6927032471, 135.733901978, 1.11044061184, 66.8243865967, 166.974487305, 31.0090198517], [-36.2339706421, 145.530532837, 22.13256073, 16.8412799835, 43.0184402466, 5.72287654877, 27.4905662537, 49.5187225342, 2.89208054543, 28.8687705994, 19.0758934021, 31.0090198517, 84.396697998]],
