{
"lowlevel": {
    "average_loudness": 0.896189570427,
    "barkbands_crest": {
        "dmean": 1.78843212128,
        "dmean2": 2.8543035984,
        "dvar": 4.18549442291,
        "dvar2": 10.9272956848,
        "max": 26.5639514923,
        "mean": 10.3084774017,
        "median": 9.46261978149,
        "min": 1.86251330376,
        "var": 22.4156341553
    },
    "barkbands_flatness_db": {
        "dmean": 0.0172692611814,
        "dmean2": 0.0278798472136,
        "dvar": 0.00038181108539,
        "dvar2": 0.000890616385732,
        "max": 0.617619693279,
        "mean": 0.159267991781,
        "median": 0.085732921958,
        "min": 0.00700453901663,
        "var": 0.0192201491445
    },
    "barkbands_kurtosis": {
        "dmean": 3.07536482811,
        "dmean2": 4.82946062088,
        "dvar": 122.293006897,
        "dvar2": 264.219604492,
        "max": 634.643920898,
        "mean": 8.81600189209,
        "median": 0.51630115509,
        "min": -1.97154688835,
        "var": 1341.89685059
    },
    "barkbands_skewness": {
        "dmean": 0.469842135906,
        "dmean2": 0.725732386112,
        "dvar": 0.359526365995,
        "dvar2": 0.808852255344,
        "max": 20.9500408173,
        "mean": 1.49726295471,
        "median": 1.06751394272,
        "min": -4.15217161179,
        "var": 3.92714548111
    },
    "barkbands_spread": {
        "dmean": 8.56568622589,
        "dmean2": 13.3022594452,
        "dvar": 156.738601685,
        "dvar2": 352.948791504,
        "max": 121.98639679,
        "mean": 34.5477981567,
        "median": 35.062828064,
        "min": 0.180007383227,
        "var": 600.607910156
    },
    "dissonance": {
        "dmean": 0.0205138549209,
        "dmean2": 0.0354389883578,
        "dvar": 0.000726257101633,
        "dvar2": 0.00200416450389,
        "max": 0.500000119209,
        "mean": 0.451264232397,
        "median": 0.476745843887,
        "min": 0.125909253955,
        "var": 0.00346863386221
    },
    "dynamic_complexity": 2.15930390358,
    "erbbands_crest": {
        "dmean": 1.82680332661,
        "dmean2": 2.89593577385,
        "dvar": 3.44083619118,
        "dvar2": 8.32758998871,
        "max": 30.282907486,
        "mean": 9.72725296021,
        "median": 7.95519685745,
        "min": 2.20662808418,
        "var": 28.9595623016
    },
    "erbbands_flatness_db": {
        "dmean": 0.0146980583668,
        "dmean2": 0.0219910442829,
        "dvar": 0.000255712773651,
        "dvar2": 0.000524115806911,
        "max": 0.565088331699,
        "mean": 0.173048749566,
        "median": 0.119059145451,
        "min": 0.042697198689,
        "var": 0.0132168391719
    },
    "erbbands_kurtosis": {
        "dmean": 1.31504976749,
        "dmean2": 2.04597663879,
        "dvar": 9.71846866608,
        "dvar2": 19.8922214508,
        "max": 161.934036255,
        "mean": 2.534532547,
        "median": 0.261996507645,
        "min": -1.85972881317,
        "var": 66.9603118896
    },
    "erbbands_skewness": {
        "dmean": 0.346490114927,
        "dmean2": 0.531344950199,
        "dvar": 0.149766504765,
        "dvar2": 0.327700823545,
        "max": 9.74876213074,
        "mean": 0.650110244751,
        "median": 0.4769500494,
        "min": -2.90919017792,
        "var": 1.25553917885
    },
    "erbbands_spread": {
        "dmean": 7.49422979355,
        "dmean2": 11.3792610168,
        "dvar": 131.252471924,
        "dvar2": 294.758148193,
        "max": 169.244674683,
        "mean": 33.599822998,
        "median": 33.5647659302,
        "min": 0.457347124815,
        "var": 399.53729248
    },
    "hfc": {
        "dmean": 16.2920131683,
        "dmean2": 26.4762744904,
        "dvar": 724.880187988,
        "dvar2": 1870.54846191,
        "max": 338.119842529,
        "mean": 41.0868377686,
        "median": 33.9840087891,
        "min": 9.94728424075e-08,
        "var": 1316.0592041
    },
    "melbands_crest": {
        "dmean": 2.73179745674,
        "dmean2": 4.20988988876,
        "dvar": 11.3806114197,
        "dvar2": 26.2624206543,
        "max": 39.0664367676,
        "mean": 17.3642559052,
        "median": 16.977191925,
        "min": 2.89858317375,
        "var": 52.832195282
    },
    "melbands_flatness_db": {
        "dmean": 0.021779678762,
        "dmean2": 0.0343711227179,
        "dvar": 0.000665607047267,
        "dvar2": 0.00160312477965,
        "max": 0.755328416824,
        "mean": 0.229430839419,
        "median": 0.165412157774,
        "min": 0.0202350933105,
        "var": 0.0218540225178
    },
    "melbands_kurtosis": {
        "dmean": 5.48985147476,
        "dmean2": 8.60021114349,
        "dvar": 373.39465332,
        "dvar2": 833.187072754,
        "max": 1021.0032959,
        "mean": 14.4027576447,
        "median": 4.83732700348,
        "min": -1.84449827671,
        "var": 2582.36523438
    },
    "melbands_skewness": {
        "dmean": 0.561617672443,
        "dmean2": 0.866570353508,
        "dvar": 0.526088535786,
        "dvar2": 1.16607713699,
        "max": 25.6145248413,
        "mean": 2.23360538483,
        "median": 1.95083999634,
        "min": -4.96961259842,
        "var": 4.19632720947
    },
    "melbands_spread": {
        "dmean": 7.16772603989,
        "dmean2": 11.5276679993,
        "dvar": 112.281555176,
        "dvar2": 286.59286499,
        "max": 155.608215332,
        "mean": 30.4374465942,
        "median": 27.3442707062,
        "min": 0.123425059021,
        "var": 565.438537598
    },
    "pitch_salience": {
        "dmean": 0.0590979270637,
        "dmean2": 0.0914656668901,
        "dvar": 0.00443941308185,
        "dvar2": 0.0103587135673,
        "max": 0.899558961391,
        "mean": 0.520305812359,
        "median": 0.511853456497,
        "min": 0.0609697848558,
        "var": 0.0196138154715
    },
    "silence_rate_20dB": {
        "dmean": 0,
        "dmean2": 0,
        "dvar": 0,
        "dvar2": 0,
        "max": 1,
        "mean": 1,
        "median": 1,
        "min": 1,
        "var": 0
    },
    "silence_rate_30dB": {
        "dmean": 0,
        "dmean2": 0,
        "dvar": 0,
        "dvar2": 0,
        "max": 1,
        "mean": 1,
        "median": 1,
        "min": 1,
        "var": 0
    },
    "silence_rate_60dB": {
        "dmean": 0.00295599596575,
        "dmean2": 0.00591238914058,
        "dvar": 0.00294723594561,
        "dvar2": 0.00708772940561,
        "max": 1,
        "mean": 0.0158538222313,
        "median": 0,
        "min": 0,
        "var": 0.0156028475612
    },
    "spectral_centroid": {
        "dmean": 211.81640625,
        "dmean2": 330.344604492,
        "dvar": 86571.40625,
        "dvar2": 211187.828125,
        "max": 4731.42089844,
        "mean": 1559.03710938,
        "median": 1546.28076172,
        "min": 125.934654236,
        "var": 810590.25
    },
    "spectral_complexity": {
        "dmean": 3.63211297989,
        "dmean2": 5.82659244537,
        "dvar": 22.3182888031,
        "dvar2": 52.2463989258,
        "max": 63,
        "mean": 22.7372703552,
        "median": 23,
        "min": 0,
        "var": 191.732345581
    },
    "spectral_decrease": {
        "dmean": 1.66414515501e-09,
        "dmean2": 2.70780309286e-09,
        "dvar": 6.39179871472e-18,
        "dvar2": 1.71931806425e-17,
        "max": 2.73845196519e-10,
        "mean": -7.0440706601e-09,
        "median": -6.59568488715e-09,
        "min": -3.15323660516e-08,
        "var": 1.80232166825e-17
    },
    "spectral_energy": {
        "dmean": 0.00710369925946,
        "dmean2": 0.0115707209334,
        "dvar": 0.000109722401248,
        "dvar2": 0.000291281699901,
        "max": 0.121077798307,
        "mean": 0.0303127076477,
        "median": 0.0284797456115,
        "min": 1.92472600358e-11,
        "var": 0.000305774738081
    },
    "spectral_energyband_high": {
        "dmean": 0.00127792963758,
        "dmean2": 0.00207531591877,
        "dvar": 4.40064741269e-06,
        "dvar2": 1.09720240289e-05,
        "max": 0.043885268271,
        "mean": 0.00278135691769,
        "median": 0.0019109765999,
        "min": 8.06913650481e-12,
        "var": 1.08411841211e-05
    },
    "spectral_energyband_low": {
        "dmean": 0.00326559646055,
        "dmean2": 0.00535549642518,
        "dvar": 3.97784460802e-05,
        "dvar2": 0.000108835913124,
        "max": 0.0743542611599,
        "mean": 0.010926829651,
        "median": 0.00568303931504,
        "min": 6.82532762947e-12,
        "var": 0.000152643231559
    },
    "spectral_energyband_middle_high": {
        "dmean": 0.00236308877356,
        "dmean2": 0.00387269258499,
        "dvar": 1.80244369403e-05,
        "dvar2": 4.73806030641e-05,
        "max": 0.0724735707045,
        "mean": 0.00735507067293,
        "median": 0.00631134491414,
        "min": 9.41609529063e-13,
        "var": 4.5491316996e-05
    },
    "spectral_energyband_middle_low": {
        "dmean": 0.00339252571575,
        "dmean2": 0.00547869456932,
        "dvar": 5.16474829055e-05,
        "dvar2": 0.000131943976157,
        "max": 0.0934483483434,
        "mean": 0.00940547604114,
        "median": 0.00659433752298,
        "min": 2.2268285306e-12,
        "var": 8.20656350697e-05
    },
    "spectral_entropy": {
        "dmean": 0.164208903909,
        "dmean2": 0.254493027925,
        "dvar": 0.0481212809682,
        "dvar2": 0.112893305719,
        "max": 8.87316322327,
        "mean": 7.35341024399,
        "median": 7.99529218674,
        "min": 3.90343642235,
        "var": 1.33526945114
    },
    "spectral_flux": {
        "dmean": 0.0201146025211,
        "dmean2": 0.032130356878,
        "dvar": 0.000681284815073,
        "dvar2": 0.00148192269262,
        "max": 0.310690194368,
        "mean": 0.0773560255766,
        "median": 0.0758786350489,
        "min": 8.2593624029e-06,
        "var": 0.00270548346452
    },
    "spectral_kurtosis": {
        "dmean": 5.94852161407,
        "dmean2": 10.1857204437,
        "dvar": 217.024871826,
        "dvar2": 642.862365723,
        "max": 337.906280518,
        "mean": 17.6008663177,
        "median": 3.53057575226,
        "min": -1.06723928452,
        "var": 1213.20776367
    },
    "spectral_rms": {
        "dmean": 0.00060057680821,
        "dmean2": 0.000957090931479,
        "dvar": 6.32739840967e-07,
        "dvar2": 1.59233832164e-06,
        "max": 0.010868517682,
        "mean": 0.0051860245876,
        "median": 0.00527115911245,
        "min": 1.37032159842e-07,
        "var": 2.678457804e-06
    },
    "spectral_rolloff": {
        "dmean": 1274.9420166,
        "dmean2": 2245.58154297,
        "dvar": 7798038.5,
        "dvar2": 17220626,
        "max": 16365.234375,
        "mean": 2718.72021484,
        "median": 1485.79101562,
        "min": 43.06640625,
        "var": 11175094
    },
    "spectral_skewness": {
        "dmean": 0.438782334328,
        "dmean2": 0.732491135597,
        "dvar": 0.594610571861,
        "dvar2": 1.7428278923,
        "max": 14.7259483337,
        "mean": 2.52535915375,
        "median": 1.63343667984,
        "min": 0.236968457699,
        "var": 4.15114068985
    },
    "spectral_spread": {
        "dmean": 909267.8125,
        "dmean2": 1344377.875,
        "dvar": 2.45878934733e+12,
        "dvar2": 5.09497520947e+12,
        "max": 21990384,
        "mean": 5727448,
        "median": 6035671,
        "min": 279015.84375,
        "var": 1.13971539476e+13
    },
    "spectral_strongpeak": {
        "dmean": 0.330032974482,
        "dmean2": 0.567289471626,
        "dvar": 0.604368209839,
        "dvar2": 1.45655155182,
        "max": 20.8917274475,
        "mean": 0.884580850601,
        "median": 0.36175185442,
        "min": 0,
        "var": 1.54434216022
    },
    "zerocrossingrate": {
        "dmean": 0.019438251853,
        "dmean2": 0.0250000394881,
        "dvar": 0.000822468835395,
        "dvar2": 0.00142786186188,
        "max": 0.5205078125,
        "mean": 0.0985595360398,
        "median": 0.09130859375,
        "min": 0.00146484375,
        "var": 0.00458157062531
    },
    "barkbands": {
        "dmean": [0.000978314201348, 0.00213418342173, 0.000618527526967, 0.00114984903485, 0.00123685691506, 0.000916417397093, 0.000603477994446, 0.000425032427302, 0.000628643960226, 0.000567596114706, 0.000649142544717, 0.000663768558297, 0.000584346067626, 0.000407229817938, 0.00028083808138, 0.000270411139354, 0.000213539795368, 0.000238157794229, 0.000211880571442, 0.000221437629079, 0.000168345839484, 0.000148407867528, 0.000145775542478, 0.000170743151102, 0.000176594010554, 0.000396082410589, 0.000201325688977],
        "dmean2": [0.00151866232045, 0.00344708911143, 0.000992234097794, 0.00190246663988, 0.00209628371522, 0.00160623539705, 0.000974244205281, 0.000729416438844, 0.00102262967266, 0.000950621149968, 0.001071466133, 0.00109726598021, 0.000937636184972, 0.000662318023387, 0.000466121622594, 0.000451346684713, 0.000358238030458, 0.000393049878767, 0.000349990703398, 0.000357441138476, 0.000280557869701, 0.00024866592139, 0.000243442715146, 0.000280829292024, 0.000288502982585, 0.00063418521313, 0.000322374718962],
        "dvar": [4.53074108009e-06, 2.16418484342e-05, 4.89769718115e-06, 1.47684449985e-05, 1.55678153533e-05, 6.24954327577e-06, 1.52670406806e-06, 8.37309585222e-07, 1.48244782849e-06, 1.05403887574e-06, 2.05311584978e-06, 1.88717058336e-06, 1.5799329276e-06, 4.41243457772e-07, 4.13518733922e-07, 4.24730245641e-07, 2.84978796117e-07, 2.34370148178e-07, 3.8425187654e-07, 2.27293597277e-07, 1.90572549741e-07, 8.68272707066e-08, 8.24798576105e-08, 9.75941460979e-08, 7.91287746438e-08, 5.85343400417e-07, 2.07426310794e-07],
        "dvar2": [9.75277635007e-06, 5.84953231737e-05, 1.27636312754e-05, 3.62718201359e-05, 4.11423716287e-05, 1.81926661753e-05, 4.11939527112e-06, 2.40218901126e-06, 3.77558671971e-06, 2.751776492e-06, 4.91181572215e-06, 4.72139254271e-06, 3.844715593e-06, 1.12010161502e-06, 1.03833633602e-06, 1.07316009235e-06, 7.15704914001e-07, 6.0457341533e-07, 9.14021256904e-07, 5.08696302859e-07, 4.31108986731e-07, 2.2484523754e-07, 2.29720527045e-07, 2.58111299445e-07, 2.04403832527e-07, 1.46101751852e-06, 5.25879784163e-07],
        "max": [0.0980950370431, 0.0645369961858, 0.0409967377782, 0.0666276663542, 0.0689113736153, 0.0460150688887, 0.0215154625475, 0.0159826967865, 0.0250635836273, 0.0290415938944, 0.0486979223788, 0.0382312573493, 0.0401829667389, 0.0140343969688, 0.0230787359178, 0.0337018184364, 0.0184786170721, 0.00879921484739, 0.0259119998664, 0.0084025664255, 0.0276207104325, 0.00688267033547, 0.00643937150016, 0.0047951368615, 0.00416405359283, 0.00692170951515, 0.00470473663881],
        "mean": [0.00294578634202, 0.00721269426867, 0.000716748356353, 0.00113319279626, 0.00215477333404, 0.00230442197062, 0.00187248538714, 0.000605285807978, 0.00115587853361, 0.000947766529862, 0.00103498063982, 0.00122797721997, 0.0011578258127, 0.000783037394285, 0.000457871356048, 0.000452319422038, 0.000339197460562, 0.000416974711698, 0.000443329307018, 0.000485633820063, 0.000377624499379, 0.00033080051071, 0.00030695006717, 0.000347882189089, 0.000325372500811, 0.000550332188141, 0.000225349300308],
        "median": [0.000444437784608, 0.00257806107402, 0.000176600122359, 0.000246466312092, 0.000996239250526, 0.000767297518905, 0.000867768656462, 0.000314411881845, 0.000572112156078, 0.000506971729919, 0.000397243478801, 0.000572697725147, 0.000579654355533, 0.00047830393305, 0.000204827389098, 0.000231048514252, 0.000160050811246, 0.00016901489289, 0.000138247385621, 0.000144087796798, 0.00016776524717, 0.000136648319312, 0.000138250761665, 0.000181284791324, 0.000221316193347, 0.000253959617112, 6.07976980973e-05],
        "min": [1.86839503287e-13, 2.35231192164e-12, 1.27994750215e-12, 6.02943205346e-13, 5.39595169761e-13, 5.41251939101e-13, 1.06043707073e-13, 2.56990446718e-13, 1.78184994971e-13, 1.12793739735e-13, 1.08287117879e-13, 9.98531159558e-14, 2.32981053883e-14, 4.78399329699e-14, 5.67315698542e-14, 7.26499345708e-14, 1.74905093664e-13, 9.84592249853e-14, 1.38313866653e-13, 1.21185884678e-13, 1.84382565639e-13, 3.11686765807e-13, 8.85155392993e-13, 1.14004096961e-12, 1.09378890494e-12, 2.89896188652e-12, 1.48370465219e-12],
        "var": [3.36846896971e-05, 8.54153768159e-05, 4.21804134021e-06, 1.42104490806e-05, 1.41649197758e-05, 1.52074881044e-05, 7.13470717528e-06, 9.27643441173e-07, 3.04186119138e-06, 1.91666663341e-06, 4.05030414186e-06, 4.54445489595e-06, 4.2273127292e-06, 1.00594172636e-06, 6.71260124818e-07, 6.5546322503e-07, 4.56896486867e-07, 4.36492626932e-07, 8.50218782489e-07, 7.42999986869e-07, 4.3660099891e-07, 2.62681055574e-07, 2.22767255309e-07, 2.35623161871e-07, 1.52599056946e-07, 7.36407400836e-07, 2.25857661462e-07]
    },
    "erbbands": {
        "dmean": [0.111961036921, 0.326015144587, 0.628063321114, 2.44067597389, 3.34787940979, 4.66884374619, 6.8968000412, 7.94884634018, 8.71357345581, 8.2783908844, 9.70741176605, 13.8804178238, 16.3441390991, 22.2351722717, 22.6524085999, 23.0445480347, 25.711812973, 20.8971614838, 15.6678962708, 13.5008163452, 14.5974941254, 12.5259532928, 12.8982372284, 9.89824771881, 10.907828331, 10.5916919708, 7.66533851624, 6.42884635925, 5.29355573654, 5.30876159668, 3.99438619614, 3.65585136414, 2.94702410698, 1.95165657997, 1.37005233765, 1.15840923786, 0.8071860075, 0.353199928999, 0.0285936295986, 0.00040131402784],
        "dmean2": [0.178779914975, 0.52665489912, 0.993302226067, 4.01093959808, 5.45131969452, 8.27016639709, 11.8550491333, 14.0461368561, 14.1792125702, 13.8909912109, 16.3804130554, 22.816324234, 26.9343204498, 36.6067237854, 38.418422699, 38.2575187683, 41.0163078308, 34.1441688538, 25.7258281708, 22.4448184967, 24.4202690125, 20.9946670532, 21.2689437866, 16.2522830963, 17.7287921906, 17.0325603485, 12.6465826035, 10.7243995667, 8.71146392822, 9.09507083893, 6.63714647293, 6.13689470291, 4.81782150269, 3.22615170479, 2.21040940285, 1.87665629387, 1.29295158386, 0.560969889164, 0.0456506684422, 0.000637641642243],
        "dvar": [0.0561976805329, 0.619300842285, 4.28887939453, 66.658706665, 95.4184799194, 316.63079834, 500.795623779, 415.822631836, 324.421600342, 365.91973877, 385.744598389, 775.996948242, 855.150085449, 2053.63012695, 3155.00537109, 2140.60205078, 3052.03393555, 1280.11633301, 1041.86633301, 900.817932129, 1374.27355957, 881.015075684, 693.616455078, 686.065368652, 942.543945312, 606.711791992, 272.225097656, 383.570983887, 110.573822021, 133.425994873, 61.7420272827, 55.0221099854, 26.1597232819, 10.3217191696, 5.11560344696, 4.26763439178, 2.48822450638, 0.577573418617, 0.00408565346152, 7.58324119943e-07],
        "dvar2": [0.14416269958, 1.73334360123, 11.3582420349, 165.177825928, 240.066146851, 887.651733398, 1434.61352539, 1223.65844727, 885.662780762, 1036.90734863, 1069.10986328, 2040.60693359, 2215.53149414, 4764.83056641, 8158.43310547, 5524.44335938, 7494.20605469, 3281.35668945, 2686.48339844, 2274.01293945, 3520.23022461, 2262.81298828, 1796.03125, 1798.0267334, 2139.99414062, 1369.68859863, 643.920837402, 912.128234863, 279.33996582, 378.20199585, 169.326873779, 152.99105835, 67.5955276489, 27.6314640045, 13.0982532501, 10.7207899094, 6.24322366714, 1.45659911633, 0.0103545896709, 1.91260642168e-06],
        "max": [3.37372756004, 16.1978759766, 42.3101730347, 117.745979309, 205.895492554, 370.916015625, 389.561157227, 323.596466064, 291.24887085, 271.668365479, 455.549316406, 594.281494141, 871.225158691, 1328.34082031, 2419.84472656, 1766.10009766, 1779.80749512, 833.91796875, 967.672668457, 1227.80773926, 1770.74499512, 903.183044434, 550.563354492, 1388.54443359, 1304.80859375, 406.190643311, 671.354248047, 1231.56262207, 286.514312744, 336.543518066, 222.640319824, 140.020462036, 84.4523773193, 57.3280601501, 36.5137863159, 22.9969291687, 15.4299020767, 7.61157131195, 0.71310043335, 0.00914399512112],
        "mean": [0.385215818882, 0.923787176609, 0.98166757822, 2.44942951202, 4.39105510712, 7.3272562027, 11.8361368179, 23.9409999847, 28.530418396, 19.0010623932, 15.7309980392, 24.9008560181, 29.9668102264, 40.4592895508, 39.1588935852, 43.9284439087, 54.0881271362, 43.3680648804, 29.2715835571, 24.2597484589, 25.2835445404, 21.305431366, 22.9481773376, 19.8384933472, 23.4280414581, 23.2291221619, 17.6270771027, 13.9929761887, 12.0209884644, 10.6317481995, 8.46777439117, 7.36730527878, 5.63955450058, 3.55534052849, 2.39355182648, 1.75190532207, 1.07509541512, 0.423379182816, 0.0327392630279, 0.000511278863996],
        "median": [0.0943024009466, 0.315840959549, 0.320814549923, 0.526387810707, 1.90994358063, 3.02545404434, 4.7754650116, 7.35281562805, 14.5879173279, 9.1505355835, 9.24112319946, 12.8651361465, 17.6959400177, 19.0993843079, 18.8311233521, 22.8998966217, 29.1550788879, 27.7937088013, 17.1268043518, 13.931268692, 13.7816877365, 11.7173337936, 9.76635169983, 8.5883102417, 7.76940250397, 6.96217441559, 7.04611825943, 6.23907375336, 5.12003135681, 4.34580421448, 3.94038081169, 3.62362623215, 3.12414312363, 2.32755374908, 1.57464373112, 0.976294159889, 0.458868980408, 0.1397973001, 0.00967399403453, 0.000204007461434],
        "min": [4.8721006396e-11, 6.3471988776e-10, 1.49490331225e-09, 1.89072513201e-09, 1.37217825991e-09, 1.58138069306e-09, 5.28473753647e-09, 3.60982754799e-09, 9.89861526079e-10, 4.19751344793e-09, 5.10938491516e-09, 4.53858106653e-09, 1.46757983543e-09, 6.76117828391e-09, 3.46843398447e-09, 3.94896160216e-09, 1.25363308623e-09, 1.58739899003e-09, 2.9547841951e-09, 3.42896422367e-09, 5.26448484806e-09, 1.06958513157e-08, 6.52218679065e-09, 7.25418924929e-09, 3.72906638901e-09, 5.38090683122e-09, 8.38118108248e-09, 7.2115544647e-09, 1.03526716089e-08, 2.03697840817e-08, 2.46199647336e-08, 3.09816705624e-08, 1.39403200095e-08, 1.15523812738e-08, 8.30601365465e-09, 1.22893650811e-08, 5.33069810515e-09, 9.31657306857e-10, 2.40417491471e-10, 2.1306456599e-11],
        "var": [0.22695800662, 2.8796877861, 4.80784511566, 62.2247886658, 94.0706939697, 227.731338501, 467.624816895, 1752.23632812, 1274.05236816, 828.54309082, 490.951812744, 1429.03210449, 1656.91845703, 5040.71142578, 4819.07226562, 4191.14599609, 8012.73388672, 2798.91113281, 1808.17614746, 1509.77111816, 2133.0637207, 1372.3314209, 1303.92248535, 1292.79516602, 2299.04052734, 1930.24157715, 780.741638184, 757.683532715, 344.642974854, 284.308532715, 177.834793091, 117.397468567, 59.8285980225, 19.7169857025, 8.85181999207, 5.85144805908, 3.04962325096, 0.651370167732, 0.00451714638621, 8.52119114825e-07]
    },
    "gfcc": {
        "mean": [2.89495658875, 60.2403564453, -104.560127258, -4.75926065445, -50.1757087708, 3.68849658966, -33.0891304016, 3.07106971741, -24.1052017212, 7.79737281799, -12.0540943146, 8.8863697052, -12.5230083466],
        "cov": [[16392.1132812, -7107.66162109, 991.307495117, 2201.19335938, 495.201049805, 3406.69458008, 964.444091797, 2104.36474609, 101.690109253, 1131.70532227, -587.099121094, 443.042633057, -81.0145645142], [-7107.66162109, 5272.87695312, -877.95690918, -1106.57751465, -223.130905151, -1970.51013184, -368.858154297, -1113.91491699, 93.3394165039, -668.746276855, 458.380310059, -193.58782959, 201.384628296], [991.307495117, -877.95690918, 1557.23339844, 417.098144531, 141.3021698, 378.934661865, -38.4596481323, 294.428863525, 9.25625419617, 183.559280396, -158.308685303, 116.795700073, -55.2784729004], [2201.19335938, -1106.57751465, 417.098144531, 1138.48132324, 277.398101807, 874.327819824, 470.871551514, 639.625366211, 250.443435669, 247.901931763, -89.4114532471, 9.37615394592, -0.0576818361878], [495.201049805, -223.130905151, 141.3021698, 277.398101807, 378.59979248, 371.243621826, 254.132797241, 207.635147095, 98.1550140381, 91.1882171631, 5.1288485527, 4.50970745087, 6.37122011185], [3406.69458008, -1970.51013184, 378.934661865, 874.327819824, 371.243621826, 1370.36242676, 523.286254883, 728.021606445, 152.963806152, 367.736114502, -171.676651001, 61.2056045532, 3.17314243317], [964.444091797, -368.858154297, -38.4596481323, 470.871551514, 254.132797241, 523.286254883, 551.425720215, 451.90335083, 232.397445679, 101.869644165, 11.2472629547, -16.1770477295, 47.705368042], [2104.36474609, -1113.91491699, 294.428863525, 639.625366211, 207.635147095, 728.021606445, 451.90335083, 654.247070312, 229.158004761, 219.061141968, -79.1248245239, 41.1293907166, 12.2561225891], [101.690109253, 93.3394165039, 9.25625419617, 250.443435669, 98.1550140381, 152.963806152, 232.397445679, 229.158004761, 257.295898438, 96.4440689087, 44.8364067078, -18.4446926117, 57.7071380615], [1131.70532227, -668.746276855, 183.559280396, 247.901931763, 91.1882171631, 367.736114502, 101.869644165, 219.061141968, 96.4440689087, 261.134338379, -8.68895721436, 33.8537483215, -7.41638088226], [-587.099121094, 458.380310059, -158.308685303, -89.4114532471, 5.1288485527, -171.676651001, 11.2472629547, -79.1248245239, 44.8364067078, -8.68895721436, 174.853515625, 19.4751853943, 16.9111595154], [443.042633057, -193.58782959, 116.795700073, 9.37615394592, 4.50970745087, 61.2056045532, -16.1770477295, 41.1293907166, -18.4446926117, 33.8537483215, 19.4751853943, 148.94190979, 35.5083808899], [-81.0145645142, 201.384628296, -55.2784729004, -0.0576818361878, 6.37122011185, 3.17314243317, 47.705368042, 12.2561225891, 57.7071380615, -7.41638088226, 16.9111595154, 35.5083808899, 132.354431152]],
        "icov": [[0.000211396312807, 8.35309620015e-05, 0.000120167700516, -7.88348406786e-05, 5.96046775172e-05, -0.000137929164339, 0.000153282293468, -0.000505601929035, 0.000426683982369, -0.000296543148579, 9.86972445389e-05, -0.000267423485639, -9.90566331893e-05], [8.35309620015e-05, 0.00102718453854, -9.38753946684e-05, -0.000126319006085, -0.000365151237929, 0.000701126235072, -0.000441551586846, 0.00129323685542, -0.00135405804031, 0.00108111673035, -0.000807787873782, 0.000383161794161, -0.000859514577314], [0.000120167700516, -9.38753946684e-05, 0.00112694699783, -0.000357254379196, -0.000533326528966, 0.000147627943079, 0.00104807782918, -0.00120164267719, 0.000466238358058, -0.000645761203486, 0.000957430689596, -0.000939570309129, 0.000332822964992], [-7.88348406786e-05, -0.000126319006085, -0.000357254379196, 0.00244917091914, 4.9829690397e-05, -0.00106501835398, -5.12299720867e-06, -0.000870883697644, -0.00112801743671, 0.000514315150212, -0.000238670429098, 0.000524983624928, 0.000511721824296], [5.96046775172e-05, -0.000365151237929, -0.000533326528966, 4.9829690397e-05, 0.0050358613953, -0.00170187605545, -0.00215894682333, 0.00122436753009, 1.25561246023e-05, -0.000362226302968, -0.0005019310629, -0.000342547340551, 0.000962791440543], [-0.000137929164339, 0.000701126235072, 0.000147627943079, -0.00106501835398, -0.00170187605545, 0.00482013635337, -0.00199985457584, -0.000460007868242, 0.00183410430327, -0.00242327200249, 0.00152727775276, 0.000199874135433, -0.00154448475223], [0.000153282293468, -0.000441551586846, 0.00104807782918, -5.12299720867e-06, -0.00215894682333, -0.00199985457584, 0.00947332382202, -0.00613328814507, -0.00132326723542, 0.00268793455325, -0.00227507809177, 0.00148904207163, -0.000872536096722], [-0.000505601929035, 0.00129323685542, -0.00120164267719, -0.000870883697644, 0.00122436753009, -0.000460007868242, -0.00613328814507, 0.0133812995628, -0.00731437187642, 0.00160315108951, 0.00133687746711, -0.00189193885308, 0.00175985880196], [0.000426683982369, -0.00135405804031, 0.000466238358058, -0.00112801743671, 1.25561246023e-05, 0.00183410430327, -0.00132326723542, -0.00731437187642, 0.0156657863408, -0.00674410862848, -0.000813890306745, 0.00235778954811, -0.00411143852398], [-0.000296543148579, 0.00108111673035, -0.000645761203486, 0.000514315150212, -0.000362226302968, -0.00242327200249, 0.00268793455325, 0.00160315108951, -0.00674410862848, 0.011313081719, -0.00380997452885, 0.000522148795426, 0.000783381517977], [9.86972445389e-05, -0.000807787873782, 0.000957430689596, -0.000238670429098, -0.0005019310629, 0.00152727775276, -0.00227507809177, 0.00133687746711, -0.000813890306745, -0.00380997452885, 0.0114885559306, -0.00458790687844, 0.00227736285888], [-0.000267423485639, 0.000383161794161, -0.000939570309129, 0.000524983624928, -0.000342547340551, 0.000199874135433, 0.00148904207163, -0.00189193885308, 0.00235778954811, 0.000522148795426, -0.00458790687844, 0.0112710250542, -0.00492505542934], [-9.90566331893e-05, -0.000859514577314, 0.000332822964992, 0.000511721824296, 0.000962791440543, -0.00154448475223, -0.000872536096722, 0.00175985880196, -0.00411143852398, 0.000783381517977, 0.00227736285888, -0.00492505542934, 0.0119509026408]]
    },
    "melbands": {
        "dmean": [0.000777698762249, 0.000316972204018, 0.000447758095106, 0.000260009779595, 0.000238426437136, 0.000175290173502, 0.000131069216877, 9.02190804482e-05, 8.08475961094e-05, 9.31959075388e-05, 8.47780393087e-05, 9.0663714218e-05, 8.04810406407e-05, 7.28411832824e-05, 6.34703901596e-05, 6.33053059573e-05, 3.82410253223e-05, 2.87636939902e-05, 2.27902710321e-05, 1.85240896826e-05, 1.72855670826e-05, 1.44622563312e-05, 1.1371294022e-05, 1.25675378513e-05, 8.41013297759e-06, 9.88783085631e-06, 6.84401084072e-06, 8.44620535645e-06, 5.4759429986e-06, 4.73824775327e-06, 3.71423107026e-06, 3.33783259521e-06, 3.15736656376e-06, 3.14152498504e-06, 2.41230145548e-06, 2.51117580774e-06, 2.37355902755e-06, 2.14643091567e-06, 1.92190395865e-06, 1.66678137248e-06],
        "dmean2": [0.00124951545149, 0.000523024762515, 0.000734246510547, 0.000432141911006, 0.000415829970734, 0.000308732793201, 0.000212545783143, 0.000151996646309, 0.000135244801641, 0.000152391585289, 0.000139798619784, 0.000149066065205, 0.000135695445351, 0.000121393299196, 0.000104132210254, 9.94573783828e-05, 6.30746217212e-05, 4.72101128253e-05, 3.74365372409e-05, 3.12603660859e-05, 2.89105719276e-05, 2.42778078245e-05, 1.89196452993e-05, 2.11803380807e-05, 1.39250141729e-05, 1.61772004503e-05, 1.10756627691e-05, 1.36254511744e-05, 9.02751799003e-06, 7.88240504335e-06, 6.18084459347e-06, 5.50611503058e-06, 5.40082010048e-06, 5.35612207386e-06, 4.01565375796e-06, 4.22285347668e-06, 4.01338547817e-06, 3.51920652975e-06, 3.14939711643e-06, 2.77253411696e-06],
        "dvar": [2.67842960966e-06, 7.99620693215e-07, 2.05661922337e-06, 6.55413145978e-07, 6.38132462427e-07, 2.03857510428e-07, 7.05915752519e-08, 4.19231938054e-08, 2.62990145217e-08, 3.50449269604e-08, 2.30397709799e-08, 3.18741015803e-08, 3.4736924448e-08, 2.81581034045e-08, 1.83181310121e-08, 1.8148394787e-08, 4.35465352666e-09, 3.23986126816e-09, 2.59805155167e-09, 1.89856419475e-09, 2.02139127659e-09, 1.30256883057e-09, 6.63373744825e-10, 7.91655851984e-10, 5.5937054988e-10, 1.05037678555e-09, 2.0925403077e-10, 4.45066927757e-10, 1.22766269373e-10, 1.85478368775e-10, 1.40572400942e-10, 4.51412102143e-11, 4.06455979984e-11, 4.40749832464e-11, 2.46565077383e-11, 2.69140907477e-11, 2.35069325116e-11, 1.32966502392e-11, 1.11882760001e-11, 7.21691283123e-12],
        "dvar2": [6.96003644407e-06, 2.2036356313e-06, 5.11294001626e-06, 1.6774110918e-06, 1.82631879397e-06, 5.98449332756e-07, 1.92466401927e-07, 1.19961512723e-07, 7.04027627307e-08, 9.05279762264e-08, 5.92868225624e-08, 7.547306069e-08, 8.78330865817e-08, 7.16577090998e-08, 4.26511519436e-08, 4.32134896755e-08, 1.12882050374e-08, 8.33583513327e-09, 6.33884189583e-09, 4.89693308126e-09, 5.32720756397e-09, 3.26515481319e-09, 1.70537584054e-09, 2.1633757008e-09, 1.48264056588e-09, 2.39113506773e-09, 4.81123529905e-10, 9.90472370788e-10, 3.03778030508e-10, 3.95961319288e-10, 3.62829738476e-10, 1.14654431782e-10, 1.11189925323e-10, 1.26323854155e-10, 6.8104188955e-11, 7.4243534931e-11, 6.55968682151e-11, 3.39175180997e-11, 2.95253682614e-11, 1.95083706134e-11],
        "max": [0.0217344183475, 0.0179556645453, 0.02352816239, 0.0168174058199, 0.0125123728067, 0.00744272070006, 0.00384296989068, 0.00293367914855, 0.00495477532968, 0.00403556553647, 0.00461879605427, 0.00494336243719, 0.00819231197238, 0.00459393812343, 0.00464066304266, 0.00441632652655, 0.00136920216028, 0.00140729313716, 0.00203212886117, 0.00203557685018, 0.00166131521109, 0.0012612141436, 0.000590162118897, 0.000590841809753, 0.00123838637955, 0.00156722171232, 0.000313591794111, 0.000374538329197, 0.000382488098694, 0.00108220265247, 0.000644927669782, 0.000196611261345, 0.000113760950626, 0.000194870342966, 0.000185424651136, 0.000151998436195, 8.8737506303e-05, 6.75553164911e-05, 4.94025662192e-05, 4.97992150486e-05],
        "mean": [0.00278431060724, 0.000734566594474, 0.000486970966449, 0.000396305520553, 0.000411493558204, 0.00051634007832, 0.000434875109931, 0.000186669290997, 0.000127590450575, 0.000166277270182, 0.00015078294382, 0.000162738841027, 0.000132071058033, 0.000129783889861, 0.000109264205093, 0.000131833352498, 7.19339659554e-05, 4.94903833896e-05, 3.70484485757e-05, 3.00181927742e-05, 2.77897361229e-05, 2.22975340876e-05, 1.93065116036e-05, 2.00154572667e-05, 1.50529976963e-05, 1.88282992895e-05, 1.3473782019e-05, 1.69147879205e-05, 1.15429711514e-05, 9.63557067735e-06, 7.32108173906e-06, 7.00264172337e-06, 5.96702511757e-06, 5.80358891966e-06, 4.82704081151e-06, 4.75245087728e-06, 4.41166321252e-06, 3.99252758143e-06, 3.39114421877e-06, 2.86214185508e-06],
        "median": [0.000896554207429, 0.000280137814116, 0.000143550394569, 0.000189199112356, 0.000157576592756, 0.00018147638184, 0.000222189017222, 9.39924357226e-05, 6.86241619405e-05, 8.19935812615e-05, 8.58509229147e-05, 7.80904229032e-05, 6.00510138611e-05, 5.50503609702e-05, 5.66335365875e-05, 6.15130047663e-05, 4.3448562792e-05, 2.5126071705e-05, 1.62482119777e-05, 1.47787959577e-05, 1.30612306748e-05, 1.05840945253e-05, 7.21091737432e-06, 8.19492743176e-06, 5.79760717301e-06, 5.491495358e-06, 4.30237651017e-06, 3.60857166015e-06, 4.20702144766e-06, 3.4315467019e-06, 2.92145250569e-06, 2.72553097602e-06, 2.1958344405e-06, 2.2402509785e-06, 2.12697614188e-06, 2.08206779462e-06, 2.08021538128e-06, 2.13001567317e-06, 1.93610435417e-06, 1.86704255611e-06],
        "min": [5.88435712916e-13, 8.39402982886e-13, 3.24698438709e-13, 8.07826163818e-14, 1.70032228314e-13, 8.27256489764e-14, 1.67565072061e-14, 5.12004447086e-14, 4.03784027969e-14, 2.63866009663e-14, 6.26286547376e-15, 2.73212306728e-14, 1.19262111918e-14, 1.02086325098e-14, 7.5401932758e-15, 2.20488160709e-15, 2.74166883213e-15, 5.35435191058e-15, 3.82800235127e-15, 4.17296498937e-15, 6.38585889286e-15, 9.79546254358e-15, 1.08428568993e-14, 3.2944177578e-15, 6.27036933864e-15, 4.72450498726e-15, 7.34245798707e-16, 4.47178466064e-15, 6.4992071478e-15, 3.38098791314e-15, 4.10201412158e-15, 3.85386565528e-15, 9.72477764413e-15, 1.29794043352e-14, 1.40002755483e-14, 1.75977430599e-14, 1.86428800728e-14, 9.77895387144e-15, 8.80437724408e-15, 9.69028730955e-15],
        "var": [1.1127178368e-05, 1.96677410713e-06, 1.97778149413e-06, 5.91896650803e-07, 5.72731948978e-07, 7.31907391582e-07, 2.96037711678e-07, 7.75984432266e-08, 3.65612535802e-08, 6.86051748744e-08, 4.51228814313e-08, 7.54852891305e-08, 5.4842988817e-08, 6.84979184484e-08, 3.29842819724e-08, 6.48246540891e-08, 8.38273273018e-09, 6.04956618133e-09, 4.47773018664e-09, 2.81858292261e-09, 3.03541503044e-09, 1.91780968883e-09, 1.14410114715e-09, 1.16070486555e-09, 8.99000041077e-10, 2.09145789576e-09, 5.89777837678e-10, 1.33715860606e-09, 3.40452194214e-10, 3.64293956112e-10, 2.42523501282e-10, 1.24998386641e-10, 9.19674475464e-11, 8.70372385275e-11, 6.48023509853e-11, 5.5350543593e-11, 4.51006003377e-11, 3.09875111681e-11, 2.13318668285e-11, 1.29221893602e-11]
    },
    "mfcc": {
        "mean": [-654.411621094, 112.17780304, 1.26347053051, -2.6117067337, -2.73174667358, -0.989823818207, 0.22834841907, -2.62597441673, -6.62966823578, -5.71831321716, 1.19715344906, 3.3980653286, -2.74170732498],
        "cov": [[14215.1064453, -5182.1796875, -274.604705811, 605.32824707, 644.50189209, 1652.83837891, 1483.48730469, 1437.10888672, 1713.0135498, 1788.24401855, 421.060180664, 170.466918945, 761.286376953], [-5182.1796875, 3658.09057617, 6.76200675964, -367.040496826, -369.208892822, -898.334472656, -755.161315918, -663.125244141, -792.731384277, -886.484130859, -252.924423218, -79.3319549561, -231.633071899], [-274.604705811, 6.76200675964, 818.413879395, 330.120727539, 182.158737183, 49.3677368164, -17.4606513977, 35.7715263367, 89.4618453979, -6.34857606888, 12.4126529694, 54.1258621216, 7.55961799622], [605.32824707, -367.040496826, 330.120727539, 520.606018066, 217.430786133, 207.651077271, 163.626220703, 227.263290405, 272.821777344, 237.401077271, 135.059921265, 102.534690857, 69.4898605347], [644.50189209, -369.208892822, 182.158737183, 217.430786133, 316.132995605, 294.99621582, 190.000701904, 147.739532471, 209.865341187, 170.007003784, 59.2288703918, 55.4337539673, 59.9742660522], [1652.83837891, -898.334472656, 49.3677368164, 207.651077271, 294.99621582, 608.01574707, 401.372955322, 296.166900635, 422.442840576, 368.261199951, 115.700317383, 106.747032166, 99.588760376], [1483.48730469, -755.161315918, -17.4606513977, 163.626220703, 190.000701904, 401.372955322, 451.714202881, 369.100708008, 349.107879639, 340.589874268, 132.70475769, 106.491989136, 125.643562317], [1437.10888672, -663.125244141, 35.7715263367, 227.263290405, 147.739532471, 296.166900635, 369.100708008, 488.554168701, 422.996429443, 315.699951172, 124.548652649, 131.633239746, 162.721939087], [1713.0135498, -792.731384277, 89.4618453979, 272.821777344, 209.865341187, 422.442840576, 349.107879639, 422.996429443, 636.711853027, 451.53213501, 119.672714233, 143.04057312, 168.535629272], [1788.24401855, -886.484130859, -6.34857606888, 237.401077271, 170.007003784, 368.261199951, 340.589874268, 315.699951172, 451.53213501, 550.952819824, 215.504608154, 82.5636138916, 129.064529419], [421.060180664, -252.924423218, 12.4126529694, 135.059921265, 59.2288703918, 115.700317383, 132.70475769, 124.548652649, 119.672714233, 215.504608154, 236.97593689, 100.692489624, 1.82621657848], [170.466918945, -79.3319549561, 54.1258621216, 102.534690857, 55.4337539673, 106.747032166, 106.491989136, 131.633239746, 143.04057312, 82.5636138916, 100.692489624, 195.764251709, 85.4716491699], [761.286376953, -231.633071899, 7.55961799622, 69.4898605347, 59.9742660522, 99.588760376, 125.643562317, 162.721939087, 168.535629272, 129.064529419, 1.82621657848, 85.4716491699, 219.860961914]],
