{
"lowlevel": {
    "average_loudness": 0.307259231806,
    "barkbands_crest": {
        "dmean": 2.65070271492,
        "dmean2": 4.25594711304,
        "dvar": 8.64588069916,
        "dvar2": 21.4906482697,
        "max": 26.8949680328,
        "mean": 16.9929237366,
        "median": 17.7561378479,
        "min": 2.20593142509,
        "var": 27.4708919525
    },
    "barkbands_flatness_db": {
        "dmean": 0.0315701738,
        "dmean2": 0.0483052954078,
        "dvar": 0.00118809391279,
        "dvar2": 0.00260873907246,
        "max": 0.653908967972,
        "mean": 0.199446752667,
        "median": 0.184160515666,
        "min": 0.0181585177779,
        "var": 0.00813246052712
    },
    "barkbands_kurtosis": {
        "dmean": 18.9426174164,
        "dmean2": 29.2783889771,
        "dvar": 3984.69628906,
        "dvar2": 9818.85253906,
        "max": 4884.87109375,
        "mean": 38.4528121948,
        "median": 12.4299488068,
        "min": -1.934060812,
        "var": 6249.98779297
    },
    "barkbands_skewness": {
        "dmean": 1.23851680756,
        "dmean2": 1.87040960789,
        "dvar": 2.61810445786,
        "dvar2": 5.68754243851,
        "max": 63.1825256348,
        "mean": 4.52840137482,
        "median": 3.5354847908,
        "min": -5.65574073792,
        "var": 12.7745609283
    },
    "barkbands_spread": {
        "dmean": 9.44337940216,
        "dmean2": 14.9464702606,
        "dvar": 166.735641479,
        "dvar2": 405.859191895,
        "max": 134.392074585,
        "mean": 24.472038269,
        "median": 17.3950538635,
        "min": 0.0397082976997,
        "var": 513.622558594
    },
    "dissonance": {
        "dmean": 0.0103543289006,
        "dmean2": 0.0174459982663,
        "dvar": 0.000150204563397,
        "dvar2": 0.000414084352087,
        "max": 0.500000059605,
        "mean": 0.480329275131,
        "median": 0.487750262022,
        "min": 0.215198934078,
        "var": 0.000495111045893
    },
    "dynamic_complexity": 3.57599377632,
    "erbbands_crest": {
        "dmean": 1.79028093815,
        "dmean2": 2.92054986954,
        "dvar": 3.66304945946,
        "dvar2": 9.11491680145,
        "max": 24.7885036469,
        "mean": 6.5185508728,
        "median": 5.50738430023,
        "min": 2.13404464722,
        "var": 11.3124771118
    },
    "erbbands_flatness_db": {
        "dmean": 0.0114731071517,
        "dmean2": 0.0176519788802,
        "dvar": 0.000155409885338,
        "dvar2": 0.000346000801073,
        "max": 0.38919994235,
        "mean": 0.104964189231,
        "median": 0.0931273698807,
        "min": 0.0360795371234,
        "var": 0.00181568413973
    },
    "erbbands_kurtosis": {
        "dmean": 0.82724905014,
        "dmean2": 1.32422828674,
        "dvar": 2.32542586327,
        "dvar2": 5.67547082901,
        "max": 89.3447341919,
        "mean": 0.401763439178,
        "median": -0.163714528084,
        "min": -1.88707506657,
        "var": 8.51823997498
    },
    "erbbands_skewness": {
        "dmean": 0.32409375906,
        "dmean2": 0.501500964165,
        "dvar": 0.122550904751,
        "dvar2": 0.265422791243,
        "max": 8.06728553772,
        "mean": -0.364499032497,
        "median": -0.568141639233,
        "min": -3.96063494682,
        "var": 0.832811594009
    },
    "erbbands_spread": {
        "dmean": 13.1065912247,
        "dmean2": 20.2668132782,
        "dvar": 226.065307617,
        "dvar2": 496.140930176,
        "max": 199.476486206,
        "mean": 66.9656143188,
        "median": 64.0370025635,
        "min": 2.12948250771,
        "var": 798.652893066
    },
    "hfc": {
        "dmean": 17.1873989105,
        "dmean2": 25.9439849854,
        "dvar": 566.941955566,
        "dvar2": 1270.51220703,
        "max": 550.062988281,
        "mean": 68.8250656128,
        "median": 61.4204597473,
        "min": 1.28575591222e-16,
        "var": 3474.42260742
    },
    "melbands_crest": {
        "dmean": 2.99634766579,
        "dmean2": 4.78374290466,
        "dvar": 16.0794677734,
        "dvar2": 38.1645851135,
        "max": 39.9468803406,
        "mean": 28.0840568542,
        "median": 30.1123161316,
        "min": 1.20065355301,
        "var": 70.0242233276
    },
    "melbands_flatness_db": {
        "dmean": 0.0361633077264,
        "dmean2": 0.0555378906429,
        "dvar": 0.00162016588729,
        "dvar2": 0.0036679643672,
        "max": 0.751870453358,
        "mean": 0.281221985817,
        "median": 0.269183635712,
        "min": 0.00109130633064,
        "var": 0.011400077492
    },
    "melbands_kurtosis": {
        "dmean": 73.52759552,
        "dmean2": 114.207290649,
        "dvar": 22596.3554688,
        "dvar2": 52583.4453125,
        "max": 4090.38110352,
        "mean": 154.548599243,
        "median": 66.7105102539,
        "min": -1.82695901394,
        "var": 52011.9921875
    },
    "melbands_skewness": {
        "dmean": 2.31449985504,
        "dmean2": 3.55064845085,
        "dvar": 8.62553215027,
        "dvar2": 19.4445266724,
        "max": 53.3426094055,
        "mean": 9.13960170746,
        "median": 7.40809345245,
        "min": -2.29044103622,
        "var": 40.9274749756
    },
    "melbands_spread": {
        "dmean": 6.90988826752,
        "dmean2": 11.3827381134,
        "dvar": 164.89994812,
        "dvar2": 409.773742676,
        "max": 256.360198975,
        "mean": 15.8269004822,
        "median": 7.78521823883,
        "min": 0.0861799418926,
        "var": 569.533874512
    },
    "pitch_salience": {
        "dmean": 0.0768643468618,
        "dmean2": 0.122263669968,
        "dvar": 0.00862942170352,
        "dvar2": 0.0208869501948,
        "max": 0.996688425541,
        "mean": 0.271486580372,
        "median": 0.221353709698,
        "min": 0.00953406374902,
        "var": 0.0319109819829
    },
    "silence_rate_20dB": {
        "dmean": 0.0724646672606,
        "dmean2": 0.144938364625,
        "dvar": 0.0672131180763,
        "dvar2": 0.144592165947,
        "max": 1,
        "mean": 0.778884470463,
        "median": 1,
        "min": 0,
        "var": 0.172224387527
    },
    "silence_rate_30dB": {
        "dmean": 0.0573989897966,
        "dmean2": 0.114805132151,
        "dvar": 0.0541050955653,
        "dvar2": 0.127900645137,
        "max": 1,
        "mean": 0.367903381586,
        "median": 0,
        "min": 0,
        "var": 0.232532411814
    },
    "silence_rate_60dB": {
        "dmean": 0.00311274360865,
        "dmean2": 0.0062258746475,
        "dvar": 0.00310297636315,
        "dvar2": 0.00730717042461,
        "max": 1,
        "mean": 0.0537848621607,
        "median": 0,
        "min": 0,
        "var": 0.0508981458843
    },
    "spectral_centroid": {
        "dmean": 344.814483643,
        "dmean2": 529.41418457,
        "dvar": 164668.015625,
        "dvar2": 326753.5625,
        "max": 11072.7460938,
        "mean": 2195.50683594,
        "median": 2440.32568359,
        "min": 91.205696106,
        "var": 958792.8125
    },
    "spectral_complexity": {
        "dmean": 4.6526799202,
        "dmean2": 7.29821920395,
        "dvar": 28.701839447,
        "dvar2": 62.1174278259,
        "max": 69,
        "mean": 25.7131481171,
        "median": 28,
        "min": 0,
        "var": 233.693511963
    },
    "spectral_decrease": {
        "dmean": 2.1372171588e-08,
        "dmean2": 3.32625411659e-08,
        "dvar": 1.16693579797e-15,
        "dvar2": 2.77385290776e-15,
        "max": 1.50087094639e-28,
        "mean": -6.07660837204e-08,
        "median": -3.538073301e-08,
        "min": -4.43535782324e-07,
        "var": 5.00009520346e-15
    },
    "spectral_energy": {
        "dmean": 0.0807580277324,
        "dmean2": 0.125833168626,
        "dvar": 0.0166843887419,
        "dvar2": 0.0396873727441,
        "max": 1.67836201191,
        "mean": 0.235588029027,
        "median": 0.141760468483,
        "min": 1.10957312665e-20,
        "var": 0.0717955827713
    },
    "spectral_energyband_high": {
        "dmean": 0.00187130772974,
        "dmean2": 0.00283375894651,
        "dvar": 7.20394518794e-06,
        "dvar2": 1.58766924869e-05,
        "max": 0.0597770139575,
        "mean": 0.00600275350735,
        "median": 0.00423690723255,
        "min": 8.01056730157e-21,
        "var": 3.81836762244e-05
    },
    "spectral_energyband_low": {
        "dmean": 0.0800622031093,
        "dmean2": 0.125057175756,
        "dvar": 0.0166353639215,
        "dvar2": 0.0397338271141,
        "max": 1.46681785583,
        "mean": 0.212183013558,
        "median": 0.116982072592,
        "min": 7.82126052574e-23,
        "var": 0.0676510483027
    },
    "spectral_energyband_middle_high": {
        "dmean": 0.00134266563691,
        "dmean2": 0.00206289999187,
        "dvar": 4.39115092377e-06,
        "dvar2": 9.68834137893e-06,
        "max": 0.110129736364,
        "mean": 0.00430533057079,
        "median": 0.0034906368237,
        "min": 1.3945559318e-21,
        "var": 1.72381787706e-05
    },
    "spectral_energyband_middle_low": {
        "dmean": 0.00365305738524,
        "dmean2": 0.00607931194827,
        "dvar": 8.18268672447e-05,
        "dvar2": 0.00022121258371,
        "max": 0.182960405946,
        "mean": 0.00603439612314,
        "median": 0.00354747055098,
        "min": 3.76436674202e-22,
        "var": 7.66177327023e-05
    },
    "spectral_entropy": {
        "dmean": 0.120389327407,
        "dmean2": 0.184800103307,
        "dvar": 0.0232731662691,
        "dvar2": 0.0500326901674,
        "max": 9.79675292969,
        "mean": 8.03383922577,
        "median": 8.22741889954,
        "min": 4.24728965759,
        "var": 0.339898943901
    },
    "spectral_flux": {
        "dmean": 0.0632181316614,
        "dmean2": 0.103879421949,
        "dvar": 0.00750614330173,
        "dvar2": 0.0192157123238,
        "max": 1.09671795368,
        "mean": 0.164265736938,
        "median": 0.126755326986,
        "min": 1.05336274425e-10,
        "var": 0.016870258376
    },
    "spectral_kurtosis": {
        "dmean": 0.772484064102,
        "dmean2": 1.27561545372,
        "dvar": 6.28829526901,
        "dvar2": 16.2737236023,
        "max": 141.530349731,
        "mean": 2.47120308876,
        "median": 1.51351690292,
        "min": -1.22190380096,
        "var": 32.5263900757
    },
    "spectral_rms": {
        "dmean": 0.00242230971344,
        "dmean2": 0.00374752120115,
        "dvar": 9.86621580523e-06,
        "dvar2": 2.29842553381e-05,
        "max": 0.0404651239514,
        "mean": 0.0129158645868,
        "median": 0.0117602255195,
        "min": 3.29015243869e-12,
        "var": 6.30221620668e-05
    },
    "spectral_rolloff": {
        "dmean": 690.768188477,
        "dmean2": 1223.38549805,
        "dvar": 2426694,
        "dvar2": 6296181.5,
        "max": 19078.4179688,
        "mean": 1013.86779785,
        "median": 86.1328125,
        "min": 21.533203125,
        "var": 4205981
    },
    "spectral_skewness": {
        "dmean": 0.131115585566,
        "dmean2": 0.210410863161,
        "dvar": 0.0369759313762,
        "dvar2": 0.0933208167553,
        "max": 10.2719202042,
        "mean": 1.14672327042,
        "median": 1.01151752472,
        "min": -0.250870883465,
        "var": 0.405609279871
    },
    "spectral_spread": {
        "dmean": 571436.625,
        "dmean2": 839015.125,
        "dvar": 457268461568,
        "dvar2": 770356346880,
        "max": 41855868,
        "mean": 6692290.5,
        "median": 6846630,
        "min": 673938.0625,
        "var": 3.29514955571e+12
    },
    "spectral_strongpeak": {
        "dmean": 0.290478110313,
        "dmean2": 0.482817322016,
        "dvar": 0.461213618517,
        "dvar2": 1.22482717037,
        "max": 22.8007678986,
        "mean": 0.73421818018,
        "median": 0.669419825077,
        "min": 0,
        "var": 0.531914293766
    },
    "zerocrossingrate": {
        "dmean": 0.0142213776708,
        "dmean2": 0.0180192869157,
        "dvar": 0.000320286402712,
        "dvar2": 0.000452074746136,
        "max": 0.775390625,
        "mean": 0.0559084452689,
        "median": 0.0439453125,
        "min": 0,
        "var": 0.00247961143032
    },
    "barkbands": {
        "dmean": [0.0234356764704, 0.0663638040423, 0.00439039990306, 0.00168353586923, 0.00155482906848, 0.000577210972551, 0.000294966768706, 0.000310811126838, 0.000485490367282, 0.000223038397962, 0.000246966723353, 0.000211630482227, 0.000227430995437, 0.000176371861016, 0.00019580690423, 0.000197378903977, 0.000228067292483, 0.000309625349473, 0.000294322206173, 0.000372803740902, 0.000382196216378, 0.000401316705393, 0.000434861780377, 0.000450158986496, 0.000409596977988, 0.000274776975857, 4.09864042012e-05],
        "dmean2": [0.0367362052202, 0.1035374403, 0.00751938018948, 0.00288690067828, 0.00282845459878, 0.000945639563724, 0.000468127604108, 0.000519926019479, 0.000755797780585, 0.000368329288904, 0.000390549597796, 0.000343817897374, 0.000373350281734, 0.000286458409391, 0.000316927907988, 0.000330488313921, 0.000368572858861, 0.000503913790453, 0.000474651867989, 0.000597424979787, 0.000630045076832, 0.000651824579109, 0.000703344529029, 0.000695622526109, 0.000620607519522, 0.000411815621192, 6.5712374635e-05],
        "dvar": [0.00221788417548, 0.0111837275326, 0.000141296928632, 2.63468373305e-05, 2.57285391854e-05, 1.49001220962e-06, 4.54751756251e-07, 7.84680025845e-07, 1.84494797395e-06, 1.32350396598e-06, 4.98821009387e-07, 1.46633951204e-07, 1.78883809099e-07, 1.03515688465e-07, 1.6586666618e-07, 1.19947415556e-07, 1.60274524319e-07, 3.30377332602e-07, 2.38030182231e-07, 3.75550825993e-07, 3.47363425135e-07, 3.51409141786e-07, 5.06042795223e-07, 6.60365742533e-07, 6.80963069044e-07, 4.14182125041e-07, 7.99426302933e-09],
        "dvar2": [0.00513837533072, 0.0267282389104, 0.000382657948649, 7.27135557099e-05, 7.38838425605e-05, 3.66487142855e-06, 1.15031582482e-06, 2.18898026105e-06, 4.57778060081e-06, 3.23473364006e-06, 1.06267680167e-06, 3.67195724493e-07, 4.34508024227e-07, 2.37055616026e-07, 3.67476133079e-07, 3.1467064332e-07, 3.87805300761e-07, 8.0954492887e-07, 5.87471561175e-07, 9.32175112212e-07, 8.98346513623e-07, 9.24099083477e-07, 1.24530629364e-06, 1.47449770793e-06, 1.44483965414e-06, 8.15651389985e-07, 1.83665864739e-08],
        "max": [1.40833187103, 1.07648861408, 0.109759986401, 0.0636336430907, 0.0494661219418, 0.0383892469108, 0.0206879694015, 0.0491614043713, 0.0790622234344, 0.0761501044035, 0.0543956905603, 0.0103160757571, 0.0107099786401, 0.013030747883, 0.0266872923821, 0.00941177923232, 0.0100656570867, 0.0237250737846, 0.0187326446176, 0.0154993804172, 0.0160927455872, 0.018098834902, 0.0170560665429, 0.0272441655397, 0.0313644893467, 0.0283978208899, 0.00151143944822],
        "mean": [0.0557450838387, 0.158577501774, 0.00498427357525, 0.00166037573945, 0.00154947827104, 0.000913544557989, 0.000512225669809, 0.000453573069535, 0.000865394307766, 0.000299891224131, 0.000379653618438, 0.000348661211319, 0.000379372242605, 0.00030748944846, 0.000323218177073, 0.000328412628733, 0.000414502283093, 0.000576558581088, 0.000597265432589, 0.000802949885838, 0.0008696388104, 0.000925563916098, 0.00100739358459, 0.00113522750326, 0.00095473206602, 0.000616607489064, 5.80879786867e-05],
        "median": [0.0144752785563, 0.0900442004204, 0.00140207190998, 0.000371445610654, 0.000473753083497, 0.000449905812275, 0.000234457562328, 0.000161553980433, 0.000347542925738, 0.00011699154129, 0.000132768487674, 0.000153211862198, 0.00017496869259, 0.000156428694027, 0.000171618012246, 0.000188208461623, 0.000243270944338, 0.000360469741281, 0.000417132687289, 0.000573043012992, 0.000670293462463, 0.000670929264743, 0.000633782183286, 0.00062310451176, 0.000512986676767, 0.000308775459416, 1.28630035761e-05],
        "min": [3.26219227858e-23, 3.51680723316e-23, 2.36692981446e-23, 1.49826931779e-23, 7.7330008744e-23, 4.05511045321e-23, 5.42719452723e-23, 5.76574333549e-23, 6.3970655625e-23, 9.99040460969e-23, 4.38851620391e-23, 1.01528645178e-22, 4.61476024935e-23, 1.33060071892e-22, 1.423205921e-22, 1.02703631408e-22, 1.41266926366e-22, 1.97480283569e-22, 3.00696611457e-22, 2.86230593773e-22, 2.66227327892e-22, 4.98422918655e-22, 7.25032137274e-22, 8.12073459212e-22, 1.53175694284e-21, 1.52307508051e-21, 2.77866345771e-21],
        "var": [0.00952515937388, 0.0372724533081, 0.000116288028948, 2.06929380511e-05, 1.72289819602e-05, 2.85092664853e-06, 9.87419184639e-07, 1.08706024093e-06, 2.82924202111e-06, 1.31051069729e-06, 8.35586263292e-07, 3.11346667559e-07, 3.65947414593e-07, 2.60688381104e-07, 3.20788444697e-07, 2.04066253673e-07, 3.33114599016e-07, 6.26803000614e-07, 5.45657712792e-07, 8.99535564258e-07, 8.49483399179e-07, 1.00929457858e-06, 1.60742217759e-06, 2.5658098366e-06, 2.09438553611e-06, 9.80348090707e-07, 1.24092469633e-08]
    },
    "erbbands": {
        "dmean": [3.82595562935, 8.21116828918, 5.75800466537, 5.10720586777, 5.87227296829, 4.73997306824, 3.89622616768, 5.07346153259, 3.63562655449, 4.88471078873, 8.76554012299, 9.73553657532, 7.99070358276, 9.40204334259, 8.01654529572, 7.54985666275, 9.89237499237, 9.17707538605, 8.39588356018, 9.14333248138, 10.9846134186, 13.3233804703, 16.2775402069, 15.8841056824, 15.5359220505, 16.6650981903, 15.4773015976, 15.1241054535, 14.2408218384, 14.3943099976, 12.3413944244, 10.0969257355, 7.70069503784, 5.06233930588, 2.9314596653, 1.39076304436, 0.495052844286, 0.101937457919, 0.00496120052412, 0.00013737831614],
        "dmean2": [5.84099197388, 13.2383136749, 9.63809871674, 8.57902145386, 10.4401283264, 8.49955463409, 6.40047121048, 8.43629264832, 5.8810749054, 7.88129425049, 14.2240715027, 15.3931541443, 12.8858785629, 15.0105657578, 12.8600578308, 12.3504648209, 16.1900463104, 14.7567129135, 13.6214857101, 14.8869934082, 18.073059082, 21.3361587524, 26.4308433533, 25.8089370728, 24.7922115326, 27.0360565186, 25.1126232147, 25.0023441315, 23.0429611206, 23.4815406799, 19.7497196198, 15.8382062912, 11.8659038544, 7.84188842773, 4.40175008774, 2.09422183037, 0.752117097378, 0.158047258854, 0.00781387835741, 0.000212099505006],
        "dvar": [43.8947143555, 168.945739746, 196.992218018, 207.866485596, 382.300872803, 212.644104004, 66.5364685059, 144.039749146, 62.4625015259, 109.645904541, 821.718505859, 775.305053711, 1459.81359863, 1649.26757812, 481.494598389, 191.96913147, 325.528198242, 302.277801514, 286.217834473, 285.581634521, 366.281677246, 604.903442383, 1072.7487793, 748.994506836, 702.149169922, 773.05291748, 636.960510254, 553.088684082, 458.345977783, 510.840759277, 413.775085449, 370.510986328, 213.502365112, 103.90851593, 39.8851776123, 14.0443267822, 1.06246376038, 0.0460525676608, 0.000112016321509, 4.09986071759e-08],
        "dvar2": [103.218421936, 441.921722412, 522.116882324, 563.367492676, 1079.56433105, 590.250183105, 169.561828613, 366.16027832, 156.210617065, 287.323364258, 2280.51879883, 1964.52099609, 3798.57739258, 4001.79467773, 1064.30224609, 496.151611328, 791.462097168, 681.978942871, 609.334777832, 700.294311523, 935.842102051, 1458.9967041, 2657.20458984, 1842.50427246, 1702.6027832, 1962.82312012, 1591.5567627, 1413.0357666, 1189.6394043, 1307.67687988, 1016.84802246, 847.033935547, 485.914550781, 240.219451904, 83.8952255249, 25.4360046387, 2.37864661217, 0.103795468807, 0.000250309851253, 9.50762526486e-08],
        "max": [70.3069229126, 183.150299072, 159.464538574, 203.189819336, 207.7368927, 217.028121948, 302.413208008, 386.834442139, 207.403640747, 295.155334473, 2018.03930664, 1681.2199707, 2958.46118164, 2896.3503418, 1444.42077637, 378.675567627, 452.455810547, 760.422607422, 1182.98193359, 476.514953613, 574.64440918, 662.93157959, 1555.02331543, 1263.85986328, 725.722961426, 690.874328613, 616.317199707, 576.105285645, 750.271911621, 575.049499512, 496.374572754, 798.749328613, 502.022460938, 442.508178711, 242.844070435, 189.696411133, 32.9382095337, 4.48276853561, 0.257570952177, 0.0042396360077],
        "mean": [9.34912014008, 16.6592578888, 8.51965713501, 5.57942342758, 5.69130754471, 5.07233667374, 5.58988428116, 7.59467697144, 6.42983818054, 8.18782520294, 14.1785135269, 16.822725296, 12.6311559677, 14.0877323151, 13.1312303543, 13.103102684, 17.659078598, 17.4288158417, 15.3045158386, 16.6708602905, 19.8053970337, 25.4227809906, 30.4697990417, 32.3109703064, 32.3910598755, 36.5659217834, 35.7613868713, 33.0625572205, 32.1524047852, 32.844543457, 28.4418487549, 24.0188770294, 18.266248703, 11.4424285889, 6.4751086235, 3.00190210342, 1.06266665459, 0.201496213675, 0.00804473366588, 0.000442012562416],
        "median": [3.83507633209, 10.3563871384, 4.16111183167, 1.95374059677, 1.48933959007, 1.39239525795, 2.67024469376, 3.53020763397, 3.25214505196, 4.07070684433, 5.44150257111, 7.11529779434, 5.50368881226, 5.23267841339, 5.57222700119, 6.43509483337, 8.61610603333, 9.2326002121, 9.26934432983, 9.89874839783, 12.4220685959, 15.4791469574, 19.2572174072, 22.5796928406, 22.7205505371, 26.7254333496, 27.6790809631, 24.6846141815, 22.6613559723, 21.9589271545, 17.4155960083, 13.0754890442, 9.74725055695, 6.25134849548, 3.25595092773, 1.48008620739, 0.534075021744, 0.0854252278805, 0.00248905504122, 0.000357950862963],
        "min": [8.24306836452e-22, 8.6455043543e-21, 3.00673367197e-20, 3.3535349599e-20, 6.43109403311e-20, 3.6456160531e-19, 2.70672004594e-19, 4.32170566443e-19, 3.9483512326e-19, 1.84749342248e-18, 8.16327899519e-19, 1.30959069143e-18, 4.09418875806e-18, 1.86290545165e-18, 2.22141566209e-18, 3.64415866426e-18, 2.10212711878e-18, 6.37136652641e-18, 8.48070479897e-18, 4.97794273425e-18, 6.25707249963e-18, 8.87179331104e-18, 1.06958754542e-17, 1.37247916545e-17, 1.3505505247e-17, 1.47403254285e-17, 9.29158499037e-18, 1.29393820086e-17, 1.64803147362e-17, 2.21793459656e-17, 2.00531162514e-17, 1.50888083487e-17, 1.58729457909e-17, 1.41075670015e-17, 1.13328516752e-17, 5.56945752234e-18, 3.5643593098e-18, 1.31546574173e-18, 3.80075817139e-19, 4.23113772378e-20],
        "var": [166.755905151, 338.575378418, 188.851135254, 164.008880615, 260.742889404, 184.117538452, 105.394172668, 239.646942139, 137.965286255, 191.878051758, 988.585632324, 1065.3026123, 1385.73339844, 1787.61132812, 753.415527344, 372.590240479, 693.937866211, 798.291015625, 611.972839355, 567.976745605, 684.052185059, 1317.91308594, 1960.71875, 1691.20349121, 1647.17407227, 1796.97729492, 1528.33154297, 1291.94836426, 1320.8704834, 1482.27600098, 1290.7878418, 1200.69165039, 706.219482422, 281.60043335, 113.372993469, 32.3007965088, 2.40258479118, 0.0904074758291, 0.000200580587261, 1.62113153124e-07]
    },
    "gfcc": {
        "mean": [41.429069519, 38.9887771606, -77.8475494385, 56.5178222656, -43.5687103271, 35.7011947632, -19.3810138702, 27.1597862244, -12.0697059631, 16.6522407532, -9.17566299438, 7.40541601181, -10.1792163849],
        "cov": [[12170.0683594, -2788.40917969, 1146.99487305, 503.330749512, 248.099182129, 633.049072266, -53.7310905457, 343.649291992, -401.833435059, 215.256286621, -431.196289062, 400.492095947, -89.5269546509], [-2788.40917969, 1895.07727051, 82.2851104736, -181.893569946, -96.8605422974, -344.902435303, -107.86529541, -279.590270996, 133.924880981, -94.5705490112, 231.558349609, -202.424758911, 72.9720077515], [1146.99487305, 82.2851104736, 841.356811523, 96.3533096313, 155.745788574, 39.084312439, -74.6769256592, -28.8513202667, -46.3597335815, 4.66319942474, -36.313747406, -3.01260900497, -26.0634593964], [503.330749512, -181.893569946, 96.3533096313, 336.396759033, 143.145126343, 77.5995101929, 108.282836914, 44.9599761963, 25.823846817, -2.31245088577, -28.5704841614, 11.0220937729, 20.3929405212], [248.099182129, -96.8605422974, 155.745788574, 143.145126343, 331.871887207, 120.222320557, 156.86769104, 69.8137893677, 32.4408988953, 1.20618510246, -11.4916057587, 5.25083732605, 18.4141483307], [633.049072266, -344.902435303, 39.084312439, 77.5995101929, 120.222320557, 272.477386475, 118.471664429, 95.5229797363, 1.60283839703, 34.7836303711, -3.8333427906, 28.1044692993, -10.000330925], [-53.7310905457, -107.86529541, -74.6769256592, 108.282836914, 156.86769104, 118.471664429, 269.87121582, 106.145896912, 77.885307312, 31.5514011383, 26.7382087708, 23.3089523315, 32.1733283997], [343.649291992, -279.590270996, -28.8513202667, 44.9599761963, 69.8137893677, 95.5229797363, 106.145896912, 191.881072998, 66.2555847168, 35.0901527405, 11.0167665482, 37.2962112427, 21.8238716125], [-401.833435059, 133.924880981, -46.3597335815, 25.823846817, 32.4408988953, 1.60283839703, 77.885307312, 66.2555847168, 161.153015137, 48.0563430786, 69.5567626953, 2.06351161003, 33.7793159485], [215.256286621, -94.5705490112, 4.66319942474, -2.31245088577, 1.20618510246, 34.7836303711, 31.5514011383, 35.0901527405, 48.0563430786, 117.649154663, 38.8310661316, 35.7223625183, 2.38298869133], [-431.196289062, 231.558349609, -36.313747406, -28.5704841614, -11.4916057587, -3.8333427906, 26.7382087708, 11.0167665482, 69.5567626953, 38.8310661316, 149.0675354, 14.5155658722, 43.1150627136], [400.492095947, -202.424758911, -3.01260900497, 11.0220937729, 5.25083732605, 28.1044692993, 23.3089523315, 37.2962112427, 2.06351161003, 35.7223625183, 14.5155658722, 103.30569458, 25.5960254669], [-89.5269546509, 72.9720077515, -26.0634593964, 20.3929405212, 18.4141483307, -10.000330925, 32.1733283997, 21.8238716125, 33.7793159485, 2.38298869133, 43.1150627136, 25.5960254669, 95.4530487061]],
        "icov": [[0.000183631578693, 0.000147688522702, -0.000231571175391, -0.000143795637996, 9.59788594628e-05, -0.000155113870278, 0.000120184129628, -0.000137164606713, 0.00029316227301, -0.000262190384092, 0.00020657274581, -0.000264549045824, -0.000136665286846], [0.000147688522702, 0.00232932111248, -0.000788417062722, 0.000692698464263, 2.02337037081e-06, 0.00134795880876, -0.000665635277983, 0.00257312390022, -0.00162774149794, 0.00136806559749, -0.00282387062907, 0.00300709693693, -0.00121755863074], [-0.000231571175391, -0.000788417062722, 0.00205241679214, -0.000422443146817, -0.00130429398268, -0.000315002806019, 0.00132606050465, -0.000445321435109, 0.000352656876203, -0.00055404327577, 0.000484087446239, -0.000595400342718, 0.000739702256396], [-0.000143795637996, 0.000692698464263, -0.000422443146817, 0.00445442972705, -0.000931607326493, 0.000232716149185, -0.00140569219366, 0.00141483417246, -0.00161019375082, 0.00115257548168, 1.2689461073e-05, 0.00113329105079, -0.0011455892818], [9.59788594628e-05, 2.02337037081e-06, -0.00130429398268, -0.000931607326493, 0.00582643644884, -0.00115494057536, -0.00282371719368, -0.000246573705226, -6.68882930768e-05, 0.000681067351252, 0.000755929155275, 0.000273879821179, -0.000713711488061], [-0.000155113870278, 0.00134795880876, -0.000315002806019, 0.000232716149185, -0.00115494057536, 0.00708048650995, -0.00219406769611, -0.000368478737073, 0.000772060768213, -2.71245917247e-05, -0.00289348280057, 0.0021372619085, 0.000937977631111], [0.000120184129628, -0.000665635277983, 0.00132606050465, -0.00140569219366, -0.00282371719368, -0.00219406769611, 0.00843319296837, -0.00237637921236, -0.000989372842014, -0.00110025808681, 0.000800644920673, -0.00153038778808, -0.000273983314401], [-0.000137164606713, 0.00257312390022, -0.000445321435109, 0.00141483417246, -0.000246573705226, -0.000368478737073, -0.00237637921236, 0.012024522759, -0.00589456455782, 0.00210362346843, -0.00213442719541, 0.00189582584426, -0.00196969578974], [0.00029316227301, -0.00162774149794, 0.000352656876203, -0.00161019375082, -6.68882930768e-05, 0.000772060768213, -0.000989372842014, -0.00589456455782, 0.0136882811785, -0.00525788264349, -0.00109174102545, -0.00019383765175, -0.000433088600403], [-0.000262190384092, 0.00136806559749, -0.00055404327577, 0.00115257548168, 0.000681067351252, -2.71245917247e-05, -0.00110025808681, 0.00210362346843, -0.00525788264349, 0.0137586193159, -0.00423784041777, -0.00150893745013, 0.00190237537026], [0.00020657274581, -0.00282387062907, 0.000484087446239, 1.2689461073e-05, 0.000755929155275, -0.00289348280057, 0.000800644920673, -0.00213442719541, -0.00109174102545, -0.00423784041777, 0.0146409450099, -0.00492078205571, -0.00255029881373], [-0.000264549045824, 0.00300709693693, -0.000595400342718, 0.00113329105079, 0.000273879821179, 0.0021372619085, -0.00153038778808, 0.00189582584426, -0.00019383765175, -0.00150893745013, -0.00492078205571, 0.018031751737, -0.00520456815138], [-0.000136665286846, -0.00121755863074, 0.000739702256396, -0.0011455892818, -0.000713711488061, 0.000937977631111, -0.000273983314401, -0.00196969578974, -0.000433088600403, 0.00190237537026, -0.00255029881373, -0.00520456815138, 0.0151576725766]]
    },
    "melbands": {
        "dmean": [0.0250938963145, 0.00494165113196, 0.000871308206115, 0.000401239958592, 0.000135656038765, 0.00010926304094, 5.78592371312e-05, 5.45063012396e-05, 7.93987492216e-05, 6.33216041024e-05, 4.07917614211e-05, 3.81518984796e-05, 2.90213520202e-05, 2.30087534874e-05, 2.19990924961e-05, 2.50752382271e-05, 1.7428312276e-05, 1.37420411193e-05, 1.57385256898e-05, 1.32012555696e-05, 1.35000545924e-05, 1.513261941e-05, 1.44582818393e-05, 1.48266508404e-05, 1.3952367226e-05, 1.16951032396e-05, 1.36205708259e-05, 1.21922030303e-05, 1.08017957245e-05, 1.08403282866e-05, 9.05379511096e-06, 8.99452061276e-06, 9.05492925085e-06, 8.77687489265e-06, 7.71396480559e-06, 7.41294161344e-06, 6.59930628899e-06, 5.94656785324e-06, 5.4753427321e-06, 4.26487349614e-06],
        "dmean2": [0.0388032123446, 0.00805019587278, 0.00142297451384, 0.000726801517885, 0.000225887401029, 0.000180718605407, 9.29459783947e-05, 8.85355257196e-05, 0.000127273873659, 9.95726295514e-05, 6.6268381488e-05, 6.15133758401e-05, 4.65004231955e-05, 3.72055001208e-05, 3.66581771232e-05, 4.04782913392e-05, 2.82218261418e-05, 2.2485939553e-05, 2.55632221524e-05, 2.21037062147e-05, 2.22440048674e-05, 2.44456277869e-05, 2.35293900914e-05, 2.43791964749e-05, 2.28775661526e-05, 1.88392768905e-05, 2.19638495764e-05, 2.01151506189e-05, 1.75556979229e-05, 1.8279237338e-05, 1.4973407815e-05, 1.47642958837e-05, 1.47964783537e-05, 1.44843243106e-05, 1.24846237668e-05, 1.19705628094e-05, 1.04704467958e-05, 9.34147647058e-06, 8.61524040374e-06, 6.69307928547e-06],
        "dvar": [0.0017254401464, 7.64890792198e-05, 5.66425160287e-06, 1.81090376827e-06, 8.33927771282e-08, 6.15758253275e-08, 1.58712580856e-08, 1.34637989646e-08, 7.47032871118e-08, 3.17535366889e-08, 3.79285651775e-08, 3.06819210039e-08, 7.25877846719e-09, 2.24753349265e-09, 1.97324312445e-09, 2.48772979994e-09, 1.24830890069e-09, 7.29557247947e-10, 1.21028931321e-09, 5.69884139878e-10, 5.15407772017e-10, 8.31246182997e-10, 8.58110860147e-10, 7.03159197535e-10, 6.29348129166e-10, 3.88527543471e-10, 6.62171095733e-10, 4.12952227968e-10, 3.35831334963e-10, 2.75049372167e-10, 2.15235843037e-10, 1.8734928886e-10, 2.28519175804e-10, 2.35114760994e-10, 1.7723801593e-10, 1.81155285217e-10, 1.80945591843e-10, 1.36697431152e-10, 1.06651340537e-10, 8.08801775554e-11],
        "dvar2": [0.00405916525051, 0.000210346173844, 1.46259280882e-05, 5.1916827033e-06, 2.18047276235e-07, 1.55110171818e-07, 3.97195982771e-08, 3.52465434617e-08, 2.05811190312e-07, 7.89466341189e-08, 9.93013458128e-08, 7.66646195416e-08, 1.61839377455e-08, 5.44917089229e-09, 5.18306064734e-09, 5.78286840636e-09, 2.76168687918e-09, 1.60183888376e-09, 2.82120482531e-09, 1.50381007646e-09, 1.32346589243e-09, 2.03460448489e-09, 2.15683115812e-09, 1.76731096424e-09, 1.55782398092e-09, 9.81911885134e-10, 1.60897339896e-09, 1.05574193832e-09, 8.3309359411e-10, 7.49096618069e-10, 5.42634659428e-10, 4.94717544708e-10, 6.04726879683e-10, 5.946350079e-10, 4.44511288888e-10, 4.36656877323e-10, 4.25550317207e-10, 3.21722676278e-10, 2.50185261397e-10, 1.95351110288e-10],
        "max": [0.449836790562, 0.116910390556, 0.0314977653325, 0.013375765644, 0.00790594611317, 0.00813535787165, 0.00334784365259, 0.00284772086889, 0.0200020037591, 0.00992184039205, 0.0148767689243, 0.0124520249665, 0.00662385346368, 0.00158466794528, 0.00122237461619, 0.00146186805796, 0.00171073828824, 0.00146857462823, 0.00198223092593, 0.00048040333786, 0.000611535215285, 0.000814493861981, 0.00130693661049, 0.000785830023233, 0.00127491203602, 0.000585425586905, 0.000844414695166, 0.000480006972793, 0.000503358955029, 0.000395718729123, 0.000456040754216, 0.000427610211773, 0.000363196915714, 0.000534008548129, 0.000286849157419, 0.000465870369226, 0.000601474312134, 0.000414682377595, 0.000304805464111, 0.00039814171032],
        "mean": [0.0628441870213, 0.00948953349143, 0.000991407549009, 0.000392692512833, 0.000190923325135, 0.000169390652445, 0.000104134735011, 8.92500174814e-05, 0.000127985869767, 0.000108984189865, 6.12502117292e-05, 5.47938652744e-05, 4.56344314443e-05, 3.73133152607e-05, 3.45930311596e-05, 4.3049109081e-05, 3.04394943669e-05, 2.29632332776e-05, 2.55498653132e-05, 2.11335682252e-05, 2.26560168812e-05, 2.62639223365e-05, 2.56108723988e-05, 2.67966934189e-05, 2.62229041255e-05, 2.2357888156e-05, 2.53667294601e-05, 2.40978570218e-05, 2.22400049097e-05, 2.15294276131e-05, 1.80051902134e-05, 1.8082684619e-05, 1.82564526767e-05, 1.82699313882e-05, 1.63455788424e-05, 1.53694618348e-05, 1.44987052408e-05, 1.31237020469e-05, 1.12731613626e-05, 9.04374792299e-06],
        "median": [0.0309789907187, 0.00651030894369, 0.000335304124746, 0.000104769525933, 9.12093964871e-05, 8.13311053207e-05, 5.1825758419e-05, 4.09396561736e-05, 4.626277223e-05, 4.33722379967e-05, 2.46014533332e-05, 1.91719555005e-05, 1.86627348739e-05, 1.55274974531e-05, 1.51656295202e-05, 1.84448181244e-05, 1.46936308738e-05, 1.30089438244e-05, 1.33407047542e-05, 1.19576161524e-05, 1.34093279485e-05, 1.44314290083e-05, 1.51788271978e-05, 1.67427406268e-05, 1.70722669282e-05, 1.47693808685e-05, 1.59276314662e-05, 1.66200625245e-05, 1.58635157277e-05, 1.6185669665e-05, 1.26044515127e-05, 1.214324584e-05, 1.18564357763e-05, 1.14080567073e-05, 9.69924349192e-06, 8.58122257341e-06, 7.44981025491e-06, 6.78848073221e-06, 5.90561012359e-06, 4.76782497572e-06],
        "min": [1.00998792551e-23, 1.48780176467e-23, 6.99860671261e-24, 1.35845318867e-23, 1.31137728306e-23, 8.88268502218e-24, 7.50541119003e-24, 1.92194505297e-23, 5.10375059092e-24, 9.89826455156e-24, 2.00847015695e-23, 6.9420737847e-24, 6.12184737545e-24, 1.13490649532e-23, 5.81253422566e-24, 5.4814216936e-24, 1.31284827199e-23, 1.33344961119e-23, 1.00286056723e-23, 6.25522718845e-24, 7.38231812324e-24, 9.89301783768e-24, 9.18681377811e-24, 8.81878176683e-24, 1.15522644784e-23, 9.21568845382e-24, 8.77956985781e-24, 1.03205725597e-23, 5.85334002813e-24, 5.80368438959e-24, 7.92172543301e-24, 9.60773102447e-24, 1.00140306783e-23, 1.33824320337e-23, 1.15564754179e-23, 1.01600346323e-23, 9.02316063901e-24, 1.10318955377e-23, 1.28454552044e-23, 1.04064266586e-23],
        "var": [0.00663736043498, 0.000108630134491, 4.96444408782e-06, 1.22537562675e-06, 1.11951841575e-07, 1.07179722875e-07, 3.50276216921e-08, 2.60976769084e-08, 9.07711381615e-08, 4.64248337551e-08, 3.51957929468e-08, 3.00464968461e-08, 1.0726616928e-08, 4.64299843017e-09, 3.26826965491e-09, 5.67402969054e-09, 3.22539239761e-09, 1.4954217864e-09, 2.16644235884e-09, 9.20237497315e-10, 9.25101217852e-10, 1.63606961312e-09, 1.49135348515e-09, 1.29229604795e-09, 1.31964372763e-09, 7.92644339054e-10, 1.3775908192e-09, 8.56228810076e-10, 7.1495281917e-10, 5.34319311019e-10, 4.61008647923e-10, 4.54558529706e-10, 5.0521492545e-10, 5.82348114175e-10, 4.64626476182e-10, 4.81003736841e-10, 5.0252091377e-10, 4.05148831151e-10, 2.68179978224e-10, 1.93803653681e-10]
    },
    "mfcc": {
        "mean": [-611.380371094, 70.9547424316, 30.7373352051, 33.9852027893, 15.4589481354, 18.5391025543, 15.5584201813, 16.4250125885, 12.2394161224, 14.5390348434, 12.5826091766, 11.2169027328, 5.37461948395],
        "cov": [[10302.4628906, -2020.27575684, 231.586578369, 226.061172485, 246.719711304, 353.369110107, 296.454681396, 295.179077148, 236.692855835, 85.3469085693, -131.260238647, -185.586639404, 34.2360305786], [-2020.27575684, 1558.23535156, 271.36541748, 8.07432937622, -2.84119653702, -127.898086548, -159.922119141, -233.654434204, -194.260543823, -58.4620170593, -16.0264797211, 45.1239013672, -11.4858512878], [231.586578369, 271.36541748, 524.735839844, 77.3270874023, 117.158782959, 10.3164758682, -37.8779792786, -54.9087028503, -64.6119689941, -19.0787658691, -32.0864219666, -25.5150814056, -9.21730709076], [226.061172485, 8.07432937622, 77.3270874023, 311.920684814, 75.2658843994, 68.895401001, 29.2388935089, 29.8749790192, 67.99634552, 0.298696637154, 4.63125991821, 16.6643943787, 13.5722332001], [246.719711304, -2.84119653702, 117.158782959, 75.2658843994, 210.462173462, 60.6534118652, 60.3251419067, 46.9356193542, 33.0193367004, 20.1827201843, -14.7585010529, 2.36208319664, -3.17049574852], [353.369110107, -127.898086548, 10.3164758682, 68.895401001, 60.6534118652, 205.884292603, 106.722557068, 62.5047569275, 55.8291091919, 23.1814098358, 32.0884437561, 8.05814647675, 18.7576980591], [296.454681396, -159.922119141, -37.8779792786, 29.2388935089, 60.3251419067, 106.722557068, 195.05305481, 107.056373596, 76.5071334839, 40.6395835876, 18.5305900574, 22.1453037262, 15.7974767685], [295.179077148, -233.654434204, -54.9087028503, 29.8749790192, 46.9356193542, 62.5047569275, 107.056373596, 177.861450195, 97.8940353394, 56.086391449, 31.363111496, 16.5437107086, 24.3570747375], [236.692855835, -194.260543823, -64.6119689941, 67.99634552, 33.0193367004, 55.8291091919, 76.5071334839, 97.8940353394, 154.653656006, 60.194442749, 31.8246803284, 18.8098526001, 17.9814815521], [85.3469085693, -58.4620170593, -19.0787658691, 0.298696637154, 20.1827201843, 23.1814098358, 40.6395835876, 56.086391449, 60.194442749, 113.320487976, 53.4212684631, 25.4431247711, 18.214422226], [-131.260238647, -16.0264797211, -32.0864219666, 4.63125991821, -14.7585010529, 32.0884437561, 18.5305900574, 31.363111496, 31.8246803284, 53.4212684631, 116.19493866, 51.5962104797, 28.2204303741], [-185.586639404, 45.1239013672, -25.5150814056, 16.6643943787, 2.36208319664, 8.05814647675, 22.1453037262, 16.5437107086, 18.8098526001, 25.4431247711, 51.5962104797, 96.9743499756, 43.3572769165], [34.2360305786, -11.4858512878, -9.21730709076, 13.5722332001, -3.17049574852, 18.7576980591, 15.7974767685, 24.3570747375, 17.9814815521, 18.214422226, 28.2204303741, 43.3572769165, 86.4627227783]],
