{
"lowlevel": {
    "average_loudness": 0.676231443882,
    "barkbands_crest": {
        "dmean": 2.51406788826,
        "dmean2": 4.0606970787,
        "dvar": 6.56625461578,
        "dvar2": 17.7380771637,
        "max": 26.7142887115,
        "mean": 11.1364841461,
        "median": 10.1886796951,
        "min": 2.11783242226,
        "var": 25.9756660461
    },
    "barkbands_flatness_db": {
        "dmean": 0.02040399611,
        "dmean2": 0.03208598122,
        "dvar": 0.000505848322064,
        "dvar2": 0.00121400796343,
        "max": 0.430518299341,
        "mean": 0.141424551606,
        "median": 0.124472700059,
        "min": 0.0177328865975,
        "var": 0.00514659099281
    },
    "barkbands_kurtosis": {
        "dmean": 3.7988421917,
        "dmean2": 5.82227230072,
        "dvar": 101.523269653,
        "dvar2": 205.118911743,
        "max": 508.31942749,
        "mean": 5.63764858246,
        "median": 1.12940692902,
        "min": -1.66666030884,
        "var": 285.541809082
    },
    "barkbands_skewness": {
        "dmean": 0.55751812458,
        "dmean2": 0.853120148182,
        "dvar": 0.551641464233,
        "dvar2": 1.23203861713,
        "max": 20.715719223,
        "mean": 1.66635370255,
        "median": 1.31126713753,
        "min": -2.33714294434,
        "var": 2.67107009888
    },
    "barkbands_spread": {
        "dmean": 4.71165084839,
        "dmean2": 7.22519016266,
        "dvar": 29.7410755157,
        "dvar2": 69.2933959961,
        "max": 87.4052276611,
        "mean": 22.9537315369,
        "median": 20.4531497955,
        "min": 0.540938675404,
        "var": 175.04649353
    },
    "dissonance": {
        "dmean": 0.013119250536,
        "dmean2": 0.0224668998271,
        "dvar": 0.000226876698434,
        "dvar2": 0.000632135721389,
        "max": 0.500000059605,
        "mean": 0.47697275877,
        "median": 0.484462767839,
        "min": 0.304053515196,
        "var": 0.000496024556924
    },
    "dynamic_complexity": 3.83102321625,
    "erbbands_crest": {
        "dmean": 1.94524419308,
        "dmean2": 3.16307377815,
        "dvar": 3.56989455223,
        "dvar2": 8.96028232574,
        "max": 27.3396911621,
        "mean": 7.47055101395,
        "median": 6.47845983505,
        "min": 2.23824167252,
        "var": 12.3082790375
    },
    "erbbands_flatness_db": {
        "dmean": 0.0118348104879,
        "dmean2": 0.0182608664036,
        "dvar": 0.000175294277142,
        "dvar2": 0.000373742193915,
        "max": 0.439354002476,
        "mean": 0.159740135074,
        "median": 0.125082746148,
        "min": 0.0548150278628,
        "var": 0.00699650496244
    },
    "erbbands_kurtosis": {
        "dmean": 0.667412817478,
        "dmean2": 1.08077609539,
        "dvar": 1.32658517361,
        "dvar2": 3.50140690804,
        "max": 29.9651908875,
        "mean": 0.0864636451006,
        "median": -0.21410036087,
        "min": -1.83997821808,
        "var": 2.16250038147
    },
    "erbbands_skewness": {
        "dmean": 0.314891457558,
        "dmean2": 0.480320185423,
        "dvar": 0.135617956519,
        "dvar2": 0.322485685349,
        "max": 5.04873037338,
        "mean": 0.0314294286072,
        "median": -0.0169282052666,
        "min": -2.49673891068,
        "var": 0.341613590717
    },
    "erbbands_spread": {
        "dmean": 6.07473564148,
        "dmean2": 9.50311851501,
        "dvar": 50.0692176819,
        "dvar2": 125.147338867,
        "max": 131.338241577,
        "mean": 36.3006019592,
        "median": 34.7863006592,
        "min": 2.55845808983,
        "var": 263.346282959
    },
    "hfc": {
        "dmean": 3.92837190628,
        "dmean2": 5.83549308777,
        "dvar": 41.7284126282,
        "dvar2": 92.3723297119,
        "max": 134.609573364,
        "mean": 19.9893112183,
        "median": 11.5986089706,
        "min": 3.07275072053e-09,
        "var": 485.555328369
    },
    "melbands_crest": {
        "dmean": 3.6069278717,
        "dmean2": 5.8299665451,
        "dvar": 11.0437164307,
        "dvar2": 30.4601745605,
        "max": 37.9232749939,
        "mean": 17.3391723633,
        "median": 16.435956955,
        "min": 2.43304991722,
        "var": 56.831073761
    },
    "melbands_flatness_db": {
        "dmean": 0.0239631850272,
        "dmean2": 0.0369716323912,
        "dvar": 0.000665788189508,
        "dvar2": 0.00148161093239,
        "max": 0.542920410633,
        "mean": 0.212628677487,
        "median": 0.202136084437,
        "min": 0.00843117572367,
        "var": 0.00561534846202
    },
    "melbands_kurtosis": {
        "dmean": 8.83404064178,
        "dmean2": 13.4889965057,
        "dvar": 420.648040771,
        "dvar2": 900.722961426,
        "max": 910.738037109,
        "mean": 17.8177108765,
        "median": 6.54052352905,
        "min": -1.68049359322,
        "var": 1476.8737793
    },
    "melbands_skewness": {
        "dmean": 0.741544663906,
        "dmean2": 1.13635516167,
        "dvar": 0.956768751144,
        "dvar2": 2.14416074753,
        "max": 25.7401828766,
        "mean": 2.89993000031,
        "median": 2.41756653786,
        "min": -1.48455417156,
        "var": 5.37298727036
    },
    "melbands_spread": {
        "dmean": 5.39209127426,
        "dmean2": 8.21245002747,
        "dvar": 36.9087028503,
        "dvar2": 78.2743225098,
        "max": 168.769088745,
        "mean": 23.1324920654,
        "median": 20.8448162079,
        "min": 0.443561911583,
        "var": 227.274154663
    },
    "pitch_salience": {
        "dmean": 0.0802908837795,
        "dmean2": 0.131955727935,
        "dvar": 0.00694238580763,
        "dvar2": 0.0181196592748,
        "max": 0.854115128517,
        "mean": 0.512706875801,
        "median": 0.530555725098,
        "min": 0.0241688340902,
        "var": 0.0262388363481
    },
    "silence_rate_20dB": {
        "dmean": 0,
        "dmean2": 0,
        "dvar": 0,
        "dvar2": 0,
        "max": 1,
        "mean": 1,
        "median": 1,
        "min": 1,
        "var": 0
    },
    "silence_rate_30dB": {
        "dmean": 0.0358613580465,
        "dmean2": 0.0717288702726,
        "dvar": 0.0345730111003,
        "dvar2": 0.0854577571154,
        "max": 1,
        "mean": 0.93909239769,
        "median": 1,
        "min": 0,
        "var": 0.0572056211531
    },
    "silence_rate_60dB": {
        "dmean": 0.00703500350937,
        "dmean2": 0.013985414058,
        "dvar": 0.00698420684785,
        "dvar2": 0.0149930911139,
        "max": 1,
        "mean": 0.123445138335,
        "median": 0,
        "min": 0,
        "var": 0.108211472631
    },
    "spectral_centroid": {
        "dmean": 236.567092896,
        "dmean2": 348.590026855,
        "dvar": 76983.375,
        "dvar2": 149343.40625,
        "max": 11248.0683594,
        "mean": 1566.50769043,
        "median": 1509.92333984,
        "min": 153.837890625,
        "var": 449314.53125
    },
    "spectral_complexity": {
        "dmean": 3.61993813515,
        "dmean2": 5.74062633514,
        "dvar": 18.2407550812,
        "dvar2": 42.8166427612,
        "max": 67,
        "mean": 22.8522777557,
        "median": 20,
        "min": 0,
        "var": 190.379135132
    },
    "spectral_decrease": {
        "dmean": 2.91191559754e-09,
        "dmean2": 4.67221816791e-09,
        "dvar": 2.74914502286e-17,
        "dvar2": 7.2043692497e-17,
        "max": -8.01113679603e-21,
        "mean": -9.16145026508e-09,
        "median": -5.1027941872e-09,
        "min": -7.75305650791e-08,
        "var": 9.50306248208e-17
    },
    "spectral_energy": {
        "dmean": 0.0111861415207,
        "dmean2": 0.0179459266365,
        "dvar": 0.000400233693654,
        "dvar2": 0.0010491637513,
        "max": 0.295173019171,
        "mean": 0.0363904386759,
        "median": 0.0206252671778,
        "min": 3.0894357168e-13,
        "var": 0.00143577100243
    },
    "spectral_energyband_high": {
        "dmean": 0.000238245323999,
        "dmean2": 0.000339955702657,
        "dvar": 2.71929167184e-07,
        "dvar2": 5.36286279385e-07,
        "max": 0.0111535778269,
        "mean": 0.00098898971919,
        "median": 0.000371851143427,
        "min": 2.45039313276e-13,
        "var": 2.30550222113e-06
    },
    "spectral_energyband_low": {
        "dmean": 0.00880870129913,
        "dmean2": 0.0139578580856,
        "dvar": 0.000275397003861,
        "dvar2": 0.000685787352268,
        "max": 0.224660620093,
        "mean": 0.0221106857061,
        "median": 0.00722641171888,
        "min": 7.04627692931e-15,
        "var": 0.000942636281252
    },
    "spectral_energyband_middle_high": {
        "dmean": 0.00124292075634,
        "dmean2": 0.00191249477211,
        "dvar": 4.37975359091e-06,
        "dvar2": 9.87987004919e-06,
        "max": 0.0561969988048,
        "mean": 0.0053974869661,
        "median": 0.00274966703728,
        "min": 4.06991335165e-14,
        "var": 4.49569670309e-05
    },
    "spectral_energyband_middle_low": {
        "dmean": 0.00507088424638,
        "dmean2": 0.00845662225038,
        "dvar": 0.000181745097507,
        "dvar2": 0.000473672058433,
        "max": 0.147348701954,
        "mean": 0.00758922193199,
        "median": 0.00445261085406,
        "min": 1.25078373765e-14,
        "var": 0.000158622919116
    },
    "spectral_entropy": {
        "dmean": 0.124666273594,
        "dmean2": 0.189993292093,
        "dvar": 0.0291301179677,
        "dvar2": 0.0646390020847,
        "max": 9.8017988205,
        "mean": 7.59997272491,
        "median": 7.83035755157,
        "min": 5.35064077377,
        "var": 0.412232488394
    },
    "spectral_flux": {
        "dmean": 0.0252472218126,
        "dmean2": 0.0369706749916,
        "dvar": 0.00142403296195,
        "dvar2": 0.00265670497902,
        "max": 0.485124766827,
        "mean": 0.0875167325139,
        "median": 0.0721503198147,
        "min": 2.70299392469e-06,
        "var": 0.0047075082548
    },
    "spectral_kurtosis": {
        "dmean": 2.49038743973,
        "dmean2": 4.35066747665,
        "dvar": 28.0113811493,
        "dvar2": 84.3848648071,
        "max": 209.871994019,
        "mean": 6.99246501923,
        "median": 4.10619783401,
        "min": -1.15049505234,
        "var": 139.107086182
    },
    "spectral_rms": {
        "dmean": 0.000834853970446,
        "dmean2": 0.00132980849594,
        "dvar": 1.48230947161e-06,
        "dvar2": 3.80353731089e-06,
        "max": 0.0169697869569,
        "mean": 0.00514415977523,
        "median": 0.00448577897623,
        "min": 1.73611169885e-08,
        "var": 9.0406729214e-06
    },
    "spectral_rolloff": {
        "dmean": 341.991760254,
        "dmean2": 562.831665039,
        "dvar": 234172.578125,
        "dvar2": 514397.59375,
        "max": 16731.2988281,
        "mean": 1335.16210938,
        "median": 1205.859375,
        "min": 21.533203125,
        "var": 1158064.5
    },
    "spectral_skewness": {
        "dmean": 0.241696119308,
        "dmean2": 0.411898434162,
        "dvar": 0.125921607018,
        "dvar2": 0.377063840628,
        "max": 11.2524394989,
        "mean": 1.68648648262,
        "median": 1.54378688335,
        "min": 0.00264242175035,
        "var": 0.600603580475
    },
    "spectral_spread": {
        "dmean": 256898.875,
        "dmean2": 413667.09375,
        "dvar": 179910115328,
        "dvar2": 279063789568,
        "max": 39057056,
        "mean": 4170201.75,
        "median": 4492739.5,
        "min": 428044.03125,
        "var": 2.49995748966e+12
    },
    "spectral_strongpeak": {
        "dmean": 0.234123438597,
        "dmean2": 0.39151224494,
        "dvar": 0.18568661809,
        "dvar2": 0.515359997749,
        "max": 12.4473257065,
        "mean": 0.50684940815,
        "median": 0.301643490791,
        "min": 0,
        "var": 0.31302767992
    },
    "zerocrossingrate": {
        "dmean": 0.00743724079803,
        "dmean2": 0.00907189305872,
        "dvar": 6.85726918164e-05,
        "dvar2": 9.01774765225e-05,
        "max": 0.77978515625,
        "mean": 0.0560203976929,
        "median": 0.05224609375,
        "min": 0.0009765625,
        "var": 0.00092923239572
    },
    "barkbands": {
        "dmean": [0.00267250020988, 0.00634127203375, 0.00284828874283, 0.0021128540393, 0.00283859856427, 0.00105107633863, 0.000579155224841, 0.000301046442473, 0.000296054640785, 0.000262745219516, 0.000330722745275, 0.000456282228697, 0.000271124357823, 0.000179587485036, 0.000176557878149, 0.000229678669712, 0.000229166340432, 0.000144400575664, 0.000156858804985, 0.000105792845716, 8.65961483214e-05, 6.56152624288e-05, 4.83866642753e-05, 3.3898417314e-05, 2.10533762584e-05, 1.87403929885e-05, 3.21325114783e-06],
        "dmean2": [0.00468828994781, 0.0101613104343, 0.00486149126664, 0.00383285363205, 0.00500397849828, 0.00189199333545, 0.00103854294866, 0.000511074787937, 0.000482099596411, 0.000423241959652, 0.000526760530192, 0.000714941881597, 0.000428726692917, 0.000286504888209, 0.000288142764475, 0.000367655942682, 0.000359167868737, 0.000230175661272, 0.000239812332438, 0.00016516497999, 0.000133472392918, 0.000100208671938, 7.49310129322e-05, 5.07265431224e-05, 3.3052827348e-05, 2.99549556075e-05, 5.25109999217e-06],
        "dvar": [0.000125058955746, 0.000188823789358, 7.07642902853e-05, 4.44624456577e-05, 7.68843237893e-05, 1.42216267704e-05, 5.89776482229e-06, 4.73407993695e-07, 3.18004140354e-07, 3.13888506298e-07, 4.22012107038e-07, 1.33020751036e-06, 3.87757182807e-07, 1.13596591689e-07, 9.14538702546e-08, 1.70230578078e-07, 1.40359958323e-07, 6.39783408474e-08, 1.38689372875e-07, 5.41271774068e-08, 3.79476006174e-08, 2.4468350901e-08, 1.15984866156e-08, 7.45675610148e-09, 1.89017912433e-09, 1.96378735495e-09, 5.16677742257e-11],
        "dvar2": [0.000394039205275, 0.000463796168333, 0.000185297583812, 0.000125076956465, 0.000217508233618, 4.16617112933e-05, 1.75001459866e-05, 1.34658603201e-06, 8.96515814475e-07, 8.10917924809e-07, 1.08267920496e-06, 3.06219476442e-06, 9.6692065199e-07, 2.6739374448e-07, 2.19388198275e-07, 3.88054473888e-07, 3.3162160662e-07, 1.54497172389e-07, 2.81057538132e-07, 1.21715586943e-07, 8.50954648968e-08, 5.45485576708e-08, 2.59955914572e-08, 1.52064192349e-08, 4.20832790837e-09, 4.32512914372e-09, 1.28181756875e-10],
        "max": [0.250077873468, 0.188754156232, 0.118401125073, 0.0860105603933, 0.107364557683, 0.0709896311164, 0.0468887425959, 0.0168313756585, 0.00943344086409, 0.0130179021508, 0.0176592674106, 0.0331860557199, 0.0267904121429, 0.00718154618517, 0.00750535633415, 0.00623196642846, 0.00717205507681, 0.00554543733597, 0.0103458845988, 0.00767406309023, 0.00489755673334, 0.00450349831954, 0.00272975303233, 0.00402211165056, 0.00153680553194, 0.0019321514992, 0.000287378468784],
        "mean": [0.00404660403728, 0.0157280899584, 0.00271074241027, 0.00161968206521, 0.00295937689953, 0.00123714096844, 0.000683445832692, 0.000427320017479, 0.000533725426067, 0.000509429781232, 0.000587234797422, 0.00107759516686, 0.000607147056144, 0.000393507041736, 0.000352733128238, 0.000485956988996, 0.000517819134984, 0.000356373551767, 0.000427603692515, 0.000282797787804, 0.000252796191489, 0.000193844913156, 0.000136779271998, 0.000112316738523, 7.64924334362e-05, 6.63021346554e-05, 7.65152890381e-06],
        "median": [0.0002930520277, 0.00316210044548, 0.000668898806907, 0.000415068585426, 0.00109992013313, 0.000593638163991, 0.000286713562673, 0.000225222785957, 0.000327185232891, 0.000229651253903, 0.000298571947496, 0.000261887180386, 0.000236795662204, 0.000206338663702, 0.000184358592378, 0.000212627390283, 0.00030656621675, 0.000182951072929, 0.000134490706841, 0.000112595211249, 8.83864413481e-05, 5.86653404753e-05, 4.60415103589e-05, 3.83080914617e-05, 3.35271652148e-05, 2.68361345661e-05, 2.12371469388e-06],
        "min": [3.99001815474e-15, 3.43181116052e-15, 1.24543616454e-15, 7.87821532593e-16, 2.00922779594e-15, 4.49731169257e-15, 2.5664564671e-15, 1.85389592946e-15, 6.50398113137e-16, 7.43778995709e-16, 5.41214083928e-16, 2.12346056503e-15, 4.83504659853e-15, 1.47499564578e-15, 7.94848602627e-15, 1.44787142735e-15, 4.91118977829e-15, 5.43567808494e-15, 7.91976822122e-15, 8.52458786205e-15, 1.50106249181e-14, 1.41275515659e-14, 2.13196854512e-14, 3.029113825e-14, 3.63100256242e-14, 5.83043474069e-14, 6.645307541e-14],
        "var": [0.000146126694744, 0.00064090359956, 5.84768495173e-05, 2.74072990578e-05, 5.02679249621e-05, 8.7701027951e-06, 3.84392797059e-06, 5.24167262483e-07, 5.32552860477e-07, 7.26800465145e-07, 8.61175237787e-07, 6.55872509014e-06, 1.77009678737e-06, 3.43381117318e-07, 2.42159842401e-07, 4.61002571228e-07, 4.97472001371e-07, 2.61333781282e-07, 8.08861614132e-07, 2.27703111477e-07, 1.99036421122e-07, 1.370984819e-07, 5.79873926654e-08, 5.05508381821e-08, 1.0688176566e-08, 9.18942166805e-09, 1.94474575332e-10]
    },
    "erbbands": {
        "dmean": [0.250701069832, 1.32032704353, 3.10814332962, 5.09981107712, 8.189494133, 10.5957918167, 8.86118030548, 9.07389163971, 8.83498668671, 6.8083114624, 6.51831531525, 6.63212156296, 7.1209897995, 10.051571846, 13.6910123825, 17.763551712, 12.2049236298, 9.44747829437, 8.09492874146, 9.29384803772, 13.3284711838, 11.44759655, 7.95883560181, 7.45636749268, 7.43776607513, 4.84925222397, 4.05327367783, 3.01177930832, 2.49055838585, 1.85981667042, 1.3657169342, 0.858020186424, 0.505914211273, 0.289627075195, 0.149404898286, 0.0860915258527, 0.0379634723067, 0.00832003541291, 0.000447252794402, 1.6787334971e-05],
        "dmean2": [0.393171608448, 2.0901184082, 5.13473796844, 8.81740570068, 14.8164415359, 18.8686447144, 15.6777801514, 16.4939861298, 16.1176490784, 11.8428878784, 10.958574295, 10.9588623047, 11.7483673096, 15.7522468567, 22.2003154755, 27.6579818726, 19.3151054382, 14.7607221603, 12.949593544, 14.7938079834, 20.8726577759, 18.1912193298, 12.7861499786, 11.5282506943, 11.0988607407, 7.57088422775, 6.3488650322, 4.6129450798, 3.80027985573, 2.93990635872, 2.07388353348, 1.28838157654, 0.766355216503, 0.455823600292, 0.239029631019, 0.138728886843, 0.0613990798593, 0.0134152341634, 0.000722642464098, 2.66971728706e-05],
        "dvar": [0.281060427427, 9.98554611206, 69.7099761963, 242.232269287, 678.706787109, 1008.73883057, 833.483947754, 1167.92211914, 1635.60864258, 513.440185547, 174.206756592, 194.561981201, 210.344223022, 385.778106689, 872.953063965, 2223.61132812, 702.025817871, 315.193359375, 182.8621521, 243.170166016, 570.575927734, 412.537139893, 192.151824951, 262.432861328, 334.962097168, 113.164886475, 82.3792495728, 48.8293762207, 40.4962387085, 24.8602275848, 8.97988891602, 5.85484027863, 1.6045550108, 0.374339044094, 0.0826288536191, 0.0554153136909, 0.00494892150164, 0.000380626617698, 9.84592816167e-07, 8.12640954528e-10],
        "dvar2": [0.739857554436, 22.5960426331, 175.864593506, 654.16204834, 1915.78417969, 2882.99584961, 2415.90258789, 3434.75756836, 4871.17236328, 1505.94299316, 485.5262146, 555.928955078, 579.620605469, 976.707824707, 2314.80249023, 5111.97900391, 1737.66540527, 718.911132812, 436.92980957, 568.489379883, 1344.58935547, 996.639282227, 468.743499756, 582.387451172, 620.617980957, 252.820465088, 190.325744629, 105.940444946, 88.2330627441, 64.6742858887, 18.4277305603, 10.863368988, 3.50769281387, 0.84776443243, 0.189708456397, 0.121948391199, 0.0122198192403, 0.00092099129688, 2.42231953962e-06, 2.0858752503e-09],
        "max": [8.49394416809, 47.0981674194, 122.809410095, 211.84928894, 320.393829346, 453.87411499, 520.422668457, 656.488891602, 787.284667969, 484.746124268, 297.205718994, 274.766235352, 277.865844727, 472.999053955, 980.645507812, 1356.81713867, 1117.0625, 663.843505859, 363.08190918, 373.178161621, 347.558319092, 450.110870361, 270.514923096, 437.535797119, 652.443054199, 367.764465332, 219.807388306, 210.019668579, 234.947250366, 211.17767334, 92.0140457153, 140.398864746, 58.5070915222, 25.5606994629, 9.2016658783, 10.077205658, 1.67803823948, 0.829667985439, 0.0602631010115, 0.000996793620288],
        "mean": [0.676039338112, 2.62034797668, 3.55476951599, 4.53557872772, 6.90200614929, 11.1174211502, 10.3523292542, 10.3620910645, 9.91825389862, 9.49926376343, 10.3136329651, 11.8998737335, 13.7922706604, 21.1864433289, 28.0251064301, 42.7074813843, 30.3988780975, 22.4028358459, 18.2179794312, 21.040140152, 30.2138729095, 26.9065418243, 20.0163841248, 20.3846111298, 20.7650508881, 13.2016515732, 11.3095293045, 8.9320602417, 7.27763366699, 5.08070325851, 3.90516924858, 2.67238712311, 1.61559641361, 0.93862092495, 0.508843719959, 0.276989340782, 0.121592290699, 0.0259421560913, 0.00123473140411, 6.5940686909e-05],
        "median": [0.0871021002531, 0.570751190186, 0.931570768356, 1.3231048584, 2.27052092552, 3.95404791832, 4.46537303925, 4.85685825348, 4.60860204697, 4.85087203979, 5.70082044601, 7.16394472122, 7.42435693741, 11.2905597687, 10.4490718842, 9.96026420593, 11.8899097443, 11.7817268372, 10.1152935028, 11.1952667236, 17.1553440094, 13.5490922928, 10.7341861725, 8.12702178955, 6.35458421707, 5.19255113602, 4.19278907776, 3.08782863617, 2.15442585945, 1.59582936764, 1.26542949677, 0.840646505356, 0.592636406422, 0.386929869652, 0.222114607692, 0.113713726401, 0.0507157742977, 0.00928443856537, 0.000365515705198, 3.62066020898e-05],
        "min": [1.58487209901e-13, 5.77828204121e-13, 1.35879610515e-12, 2.30222698544e-12, 3.30999940998e-12, 7.43992280977e-12, 1.78523688887e-11, 4.30516108874e-11, 4.66268794408e-11, 2.68640387713e-11, 4.2300395825e-11, 1.29136406429e-11, 1.80170513925e-11, 2.23020994033e-11, 4.37074612614e-11, 8.42350911245e-11, 1.82986376052e-10, 1.33715941097e-10, 2.07413225484e-10, 3.44528627849e-10, 1.2093573365e-10, 2.63601029893e-10, 3.15500930936e-10, 2.18291801302e-10, 5.75919367751e-10, 3.16591475258e-10, 3.82883225125e-10, 8.42559855219e-10, 5.99132243817e-10, 3.2560396046e-10, 6.56616705452e-10, 5.50910927988e-10, 5.92450533077e-10, 4.5423279027e-10, 2.23930970988e-10, 1.36022165753e-10, 1.30261440523e-10, 4.65627883472e-11, 9.40218736201e-12, 8.84194085136e-13],
        "var": [1.05823087692, 28.111038208, 72.8840179443, 174.488037109, 414.980712891, 670.417175293, 546.789428711, 714.028503418, 976.595031738, 386.035675049, 245.472595215, 288.665130615, 401.573425293, 992.095031738, 2398.02099609, 10731.5683594, 3852.97583008, 1111.01806641, 550.412475586, 782.803222656, 1538.63598633, 1515.27770996, 769.528625488, 1265.82727051, 2100.65478516, 479.772186279, 387.194946289, 255.768630981, 221.459823608, 83.9213409424, 53.1743736267, 43.0393562317, 7.83601808548, 1.77408051491, 0.471388459206, 0.213243290782, 0.0241931881756, 0.00155363767408, 3.79793482352e-06, 4.64123539601e-09]
    },
    "gfcc": {
        "mean": [-18.019109726, 88.9693527222, -127.99042511, 28.7751617432, -42.3987045288, 11.4514017105, -28.3769454956, 4.65703248978, -20.4963188171, 2.74129033089, -12.494307518, 8.51029586792, -7.00332212448],
        "cov": [[16391.7578125, -3100.79077148, 3313.79174805, 1876.57983398, 519.53125, 1580.7154541, -402.441101074, 1350.56506348, -490.074371338, 1029.30773926, -347.105773926, 512.402648926, -820.447937012], [-3100.79077148, 2715.40332031, -717.364990234, -299.404266357, 90.4961395264, -693.745910645, 240.067199707, -506.05859375, 351.157592773, -392.720367432, 59.3525047302, -358.088867188, 47.7958526611], [3313.79174805, -717.364990234, 2370.91259766, 470.180725098, 251.630874634, 673.002929688, -213.979904175, 562.116699219, -223.661468506, 387.613464355, -285.434997559, 116.664100647, -456.725341797], [1876.57983398, -299.404266357, 470.180725098, 569.710083008, 135.388656616, 163.848648071, -57.4598503113, 104.234535217, -13.9956474304, 90.7815628052, 3.73215508461, 32.6826019287, -86.6121063232], [519.53125, 90.4961395264, 251.630874634, 135.388656616, 247.307998657, 132.296646118, 77.8883056641, 57.4269485474, 22.6761627197, 38.1507568359, -10.9357461929, 30.1786708832, -64.442817688], [1580.7154541, -693.745910645, 673.002929688, 163.848648071, 132.296646118, 441.057739258, 4.68135356903, 267.898681641, -113.596969604, 173.474685669, -44.9853286743, 124.147438049, -104.94783783], [-402.441101074, 240.067199707, -213.979904175, -57.4598503113, 77.8883056641, 4.68135356903, 229.158325195, -8.52152252197, 91.0816879272, -44.7898750305, 57.2264480591, 10.5377979279, 40.3195495605], [1350.56506348, -506.05859375, 562.116699219, 104.234535217, 57.4269485474, 267.898681641, -8.52152252197, 299.434936523, -44.566280365, 171.816558838, -75.4658737183, 75.2397994995, -97.8680725098], [-490.074371338, 351.157592773, -223.661468506, -13.9956474304, 22.6761627197, -113.596969604, 91.0816879272, -44.566280365, 169.143539429, -31.3615474701, 38.9115104675, -48.0157546997, 50.9675979614], [1029.30773926, -392.720367432, 387.613464355, 90.7815628052, 38.1507568359, 173.474685669, -44.7898750305, 171.816558838, -31.3615474701, 187.065155029, -4.2615776062, 65.800201416, -74.8499832153], [-347.105773926, 59.3525047302, -285.434997559, 3.73215508461, -10.9357461929, -44.9853286743, 57.2264480591, -75.4658737183, 38.9115104675, -4.2615776062, 156.848144531, 31.7782211304, 71.7976150513], [512.402648926, -358.088867188, 116.664100647, 32.6826019287, 30.1786708832, 124.147438049, 10.5377979279, 75.2397994995, -48.0157546997, 65.800201416, 31.7782211304, 135.147918701, 17.9481239319], [-820.447937012, 47.7958526611, -456.725341797, -86.6121063232, -64.442817688, -104.94783783, 40.3195495605, -97.8680725098, 50.9675979614, -74.8499832153, 71.7976150513, 17.9481239319, 193.112197876]],
        "icov": [[0.000240486566327, -0.000256292842096, 0.000406133389333, -0.00080100534251, 0.00035691310768, -0.00058562628692, 0.000238552151131, -0.0004706956679, 0.00026547870948, -0.000730290776119, 0.000716129201464, -0.000852027034853, 0.000658735400066], [-0.000256292842096, 0.00229852180928, -0.00170619157143, 0.00183491955977, -0.00223829643801, 0.00339374411851, -0.00157689931802, 0.00148604402784, -0.00150200154167, 0.00255785346963, -0.0024411608465, 0.00366159365512, -0.000735167355742], [0.000406133389333, -0.00170619157143, 0.00324055855162, -0.00237760972232, 0.00145976128988, -0.00391832925379, 0.00223248405382, -0.00202693138272, 0.000852505560033, -0.00281366659328, 0.00364038953558, -0.00367426173761, 0.0032823595684], [-0.00080100534251, 0.00183491955977, -0.00237760972232, 0.00580611499026, -0.00343422056176, 0.00286785000935, 0.000264442845946, 0.00137444969732, -0.00235496275127, 0.00432412186638, -0.0050305891782, 0.00440880050883, -0.00206440244801], [0.00035691310768, -0.00223829643801, 0.00145976128988, -0.00343422056176, 0.0100545529276, -0.00604113936424, -0.00149852200411, 0.00190117675811, -0.00095754978247, -0.00350005831569, 0.00468852976337, -0.00548696285114, 0.00299400254153], [-0.00058562628692, 0.00339374411851, -0.00391832925379, 0.00286785000935, -0.00604113936424, 0.0150319095701, -0.00489851552993, -0.00264316285029, 0.00345067912713, 0.00287480838597, -0.00545061100274, 0.00489437533543, -0.00369736831635], [0.000238552151131, -0.00157689931802, 0.00223248405382, 0.000264442845946, -0.00149852200411, -0.00489851552993, 0.012035485357, -0.00504172034562, -0.00458327447996, 0.00478505669162, -0.00236414349638, -0.0041584870778, 0.00290201907046], [-0.0004706956679, 0.00148604402784, -0.00202693138272, 0.00137444969732, 0.00190117675811, -0.00264316285029, -0.00504172034562, 0.017527801916, -0.00362197193317, -0.00742482114583, 0.00548528134823, 0.00101097859442, -0.00146660709288], [0.00026547870948, -0.00150200154167, 0.000852505560033, -0.00235496275127, -0.00095754978247, 0.00345067912713, -0.00458327447996, -0.00362197193317, 0.015395575203, -0.00598466070369, 0.000776052824222, 0.00297234696336, -0.00381097733043], [-0.000730290776119, 0.00255785346963, -0.00281366659328, 0.00432412186638, -0.00350005831569, 0.00287480838597, 0.00478505669162, -0.00742482114583, -0.00598466070369, 0.0233746469021, -0.0117106707767, 0.00181084196083, 0.00200664624572], [0.000716129201464, -0.0024411608465, 0.00364038953558, -0.0050305891782, 0.00468852976337, -0.00545061100274, -0.00236414349638, 0.00548528134823, 0.000776052824222, -0.0117106707767, 0.0186655279249, -0.00856151618063, 0.000988365034573], [-0.000852027034853, 0.00366159365512, -0.00367426173761, 0.00440880050883, -0.00548696285114, 0.00489437533543, -0.0041584870778, 0.00101097859442, 0.00297234696336, 0.00181084196083, -0.00856151618063, 0.022176284343, -0.00798983313143], [0.000658735400066, -0.000735167355742, 0.0032823595684, -0.00206440244801, 0.00299400254153, -0.00369736831635, 0.00290201907046, -0.00146660709288, -0.00381097733043, 0.00200664624572, 0.000988365034573, -0.00798983313143, 0.0147954076529]]
    },
    "melbands": {
        "dmean": [0.00198433338664, 0.00156095670536, 0.000923178682569, 0.000677091011312, 0.000337924982887, 0.000199761270778, 0.000132237197249, 7.11427564966e-05, 5.44589311176e-05, 4.20292235503e-05, 3.67027096217e-05, 4.07103725593e-05, 4.41929769295e-05, 5.19911627634e-05, 4.17628143623e-05, 2.54126298387e-05, 1.81184677785e-05, 1.35654836413e-05, 1.39990652315e-05, 1.48281060319e-05, 1.73243042809e-05, 1.39953299367e-05, 8.81750747794e-06, 6.80395169184e-06, 6.69238670525e-06, 6.51640857541e-06, 4.65440643893e-06, 3.45419243786e-06, 2.78657216768e-06, 2.59469675257e-06, 1.80880374501e-06, 1.5562761746e-06, 1.4637644199e-06, 1.06580898773e-06, 8.85061922418e-07, 7.27912720322e-07, 5.52135986709e-07, 4.07095285482e-07, 3.63135313819e-07, 2.51903713888e-07],
        "dmean2": [0.00313429441303, 0.00247592874803, 0.00157307146583, 0.0012115186546, 0.000595543358941, 0.00036261533387, 0.000239681248786, 0.00012310432794, 9.0908833954e-05, 6.90855522407e-05, 6.05765708315e-05, 6.39802383375e-05, 7.17199072824e-05, 8.1184291048e-05, 6.67732674628e-05, 3.97933981731e-05, 2.8726821256e-05, 2.18244422285e-05, 2.31481699302e-05, 2.34637500398e-05, 2.72372890322e-05, 2.24619780056e-05, 1.42808166856e-05, 1.09057809823e-05, 1.04081827885e-05, 9.87076418824e-06, 7.10082576916e-06, 5.47561376152e-06, 4.42874397777e-06, 4.0781228563e-06, 2.82137284557e-06, 2.44609600486e-06, 2.20801416617e-06, 1.73685532445e-06, 1.35552909342e-06, 1.17360161767e-06, 8.47066530696e-07, 6.29626981663e-07, 5.7979639223e-07, 4.01244875547e-07],
        "dvar": [1.68621409102e-05, 1.36231155921e-05, 7.4625745583e-06, 4.40601706941e-06, 1.15298075798e-06, 5.71906127789e-07, 3.50057689502e-07, 4.78455142172e-08, 1.12780442763e-08, 7.49146877865e-09, 5.64636737366e-09, 6.71374555949e-09, 8.41098035664e-09, 1.71371663527e-08, 1.33934499047e-08, 2.64566990538e-09, 1.23426768806e-09, 5.42879241561e-10, 6.03859573456e-10, 6.24600871024e-10, 9.35882038533e-10, 6.04348016076e-10, 2.37456387886e-10, 1.66249125577e-10, 2.26925284119e-10, 2.62317584321e-10, 1.18995632792e-10, 5.67844694876e-11, 3.6951788851e-11, 4.24606981519e-11, 1.82212387539e-11, 1.71697083634e-11, 1.49152773465e-11, 7.98239252475e-12, 3.7222052697e-12, 4.40995417267e-12, 2.24379867984e-12, 1.01350687825e-12, 7.9998957762e-13, 2.59100873352e-13],
        "dvar2": [4.36210430053e-05, 3.230164657e-05, 1.98181351152e-05, 1.24567914099e-05, 3.33626417159e-06, 1.68269400547e-06, 1.04164143977e-06, 1.39768289387e-07, 3.12030330463e-08, 2.13830375628e-08, 1.55418806713e-08, 1.70871565786e-08, 2.17476827657e-08, 4.13598648663e-08, 3.38606049866e-08, 6.43713571336e-09, 2.78243450502e-09, 1.33079947062e-09, 1.48798495747e-09, 1.39035716273e-09, 2.2746331485e-09, 1.46973699877e-09, 5.76364567184e-10, 4.04126371256e-10, 5.08980413372e-10, 5.1468224127e-10, 2.48586956575e-10, 1.32360053473e-10, 8.73923919342e-11, 1.01359261262e-10, 3.93282906241e-11, 3.72699926476e-11, 3.40231974538e-11, 2.10359819841e-11, 7.36897348697e-12, 1.01365738719e-11, 4.24428894807e-12, 2.35092479338e-12, 1.72812838258e-12, 6.35328486868e-13],
        "max": [0.0614177435637, 0.0531711243093, 0.0359214171767, 0.0259280838072, 0.0176524370909, 0.0143781322986, 0.0115318959579, 0.00472726346925, 0.00262344861403, 0.00170895492192, 0.00143849744927, 0.00198135338724, 0.00265209539793, 0.0038016284816, 0.00432183453813, 0.00183442700654, 0.00113256659824, 0.000583935237955, 0.000500029651448, 0.000453857792309, 0.000473005988169, 0.000556853890885, 0.000360054895282, 0.000303947133943, 0.000403398211347, 0.000457278016256, 0.000350805232301, 0.000216005355469, 0.000157332993695, 0.000156314199558, 0.000133966619615, 0.000158870505402, 0.000111664900032, 0.000105802406324, 7.11510365363e-05, 9.78639291134e-05, 7.96241001808e-05, 4.09773601859e-05, 5.96758145548e-05, 1.30738953885e-05],
        "mean": [0.00524232024327, 0.00243454496376, 0.000854511570651, 0.000656242365949, 0.000399915734306, 0.000229306824622, 0.000153975415742, 0.000101590128907, 8.56909537106e-05, 7.48306702008e-05, 6.82868412696e-05, 8.33922167658e-05, 8.39275307953e-05, 0.000116798677482, 9.28797308006e-05, 5.72799726797e-05, 3.9248221583e-05, 2.81543107121e-05, 2.76660048257e-05, 3.06620640913e-05, 3.682625902e-05, 3.00363608403e-05, 1.99553014681e-05, 1.62354881468e-05, 1.63602908287e-05, 1.66078771144e-05, 1.17004310596e-05, 8.15883413452e-06, 7.09495498086e-06, 6.4371292865e-06, 4.74480475532e-06, 4.06539038522e-06, 3.71657097276e-06, 2.5099029699e-06, 2.35579045693e-06, 1.84666851055e-06, 1.53927044266e-06, 1.12802365493e-06, 1.00369811662e-06, 7.20342029581e-07],
        "median": [0.000920469174162, 0.000624933338258, 0.000270874676062, 0.0002327307011, 0.000172455329448, 0.000108779808215, 7.16332942829e-05, 5.3756772104e-05, 4.69486039947e-05, 4.53028842458e-05, 3.55602351192e-05, 4.40443764091e-05, 3.69218905689e-05, 2.87937073153e-05, 2.39162654907e-05, 2.56501007243e-05, 1.94488020497e-05, 1.46567417687e-05, 1.47580094563e-05, 1.31467159008e-05, 2.15788222704e-05, 1.59345054271e-05, 1.00219667729e-05, 8.00546240498e-06, 6.33619811197e-06, 4.83330541101e-06, 4.04916863772e-06, 3.32372292178e-06, 2.63771448772e-06, 2.05924607144e-06, 1.59958176482e-06, 1.25206486246e-06, 9.57613906394e-07, 8.25920665193e-07, 7.42889255889e-07, 5.99346833496e-07, 4.61954357434e-07, 3.8996870444e-07, 3.77084518277e-07, 2.99540232618e-07],
        "min": [1.37465082889e-15, 7.37176056248e-16, 4.20173552222e-16, 3.61588041969e-16, 5.77822847909e-16, 9.59448513036e-16, 6.66582318721e-16, 3.03997610141e-16, 3.2228282801e-16, 7.17249235587e-17, 9.36328285519e-17, 9.26398743272e-17, 1.06373540803e-16, 1.81140748627e-16, 2.9597019949e-16, 5.1779806986e-16, 2.01640097386e-16, 2.10204500456e-16, 7.32638236052e-16, 2.02262653368e-16, 1.38135310943e-16, 2.70367066942e-16, 3.02159707464e-16, 2.54924385764e-16, 1.46448383455e-16, 3.45850884493e-16, 3.62036651794e-16, 1.99637340922e-16, 2.54982936917e-16, 2.09536337044e-16, 6.50883463016e-16, 3.85549439376e-16, 1.51396776403e-16, 1.94644769912e-16, 4.13959506762e-16, 3.62753824002e-16, 3.2051141742e-16, 3.66900606144e-16, 4.52564250943e-16, 3.7810878433e-16],
        "var": [6.21693034191e-05, 2.42857167905e-05, 5.60878061151e-06, 2.81449570139e-06, 7.58143073654e-07, 3.46189835909e-07, 2.14329460846e-07, 3.83378626623e-08, 1.65350950709e-08, 1.14358540415e-08, 1.0464399125e-08, 1.660875526e-08, 1.97245668687e-08, 7.14281966907e-08, 5.97994684881e-08, 1.16401954742e-08, 3.75435726951e-09, 1.50596157766e-09, 1.51819390393e-09, 1.83522186337e-09, 2.33730057531e-09, 1.94531790676e-09, 9.17741882489e-10, 5.87077775283e-10, 9.06432540138e-10, 1.42062428488e-09, 5.93157745143e-10, 1.84601167685e-10, 1.53813031756e-10, 1.49086742951e-10, 8.26829368861e-11, 8.17316908597e-11, 6.40024422349e-11, 2.12238213115e-11, 2.25368820828e-11, 2.09442740928e-11, 1.44057838575e-11, 3.89627219377e-12, 3.1792441943e-12, 9.72945140253e-13]
    },
    "mfcc": {
        "mean": [-656.435424805, 119.117042542, -17.5665035248, 21.429101944, 6.60620164871, 9.6328420639, 4.4526181221, 6.26168346405, 0.841364860535, 0.280288606882, -3.3303873539, 3.21513199806, 2.89400553703],
        "cov": [[10979.0429688, -1255.77978516, 2114.79980469, 1064.99279785, 777.680664062, 713.982299805, 405.446716309, 458.858428955, 126.5001297, 64.812286377, 549.92364502, 300.453033447, 202.250564575], [-1255.77978516, 2010.37744141, -244.298522949, 92.3311386108, -86.6638946533, -113.620010376, -161.639068604, -70.1629486084, -23.0422668457, 67.7482681274, -53.000541687, -49.742931366, -111.981521606], [2114.79980469, -244.298522949, 1224.58886719, 333.968139648, 355.406585693, 224.297225952, 78.3704071045, 134.266998291, 55.8374214172, 39.3902587891, 184.741317749, 66.2625274658, 13.4320278168], [1064.99279785, 92.3311386108, 333.968139648, 450.256164551, 170.185424805, 113.44972229, -33.8092956543, 32.3274803162, -23.8851928711, 21.2783870697, 66.9128723145, 29.2612285614, -10.4371700287], [777.680664062, -86.6638946533, 355.406585693, 170.185424805, 259.659240723, 144.013122559, 62.1718978882, 59.807926178, 30.8103504181, 13.0542011261, 67.3392105103, 37.6671905518, 21.644826889], [713.982299805, -113.620010376, 224.297225952, 113.44972229, 144.013122559, 184.248977661, 103.255027771, 85.8155212402, 2.6199669838, 7.02453422546, 48.4640197754, 41.9549331665, 33.8504219055], [405.446716309, -161.639068604, 78.3704071045, -33.8092956543, 62.1718978882, 103.255027771, 182.429458618, 97.4439239502, 30.9774303436, -10.8232450485, 47.7472991943, 46.9613113403, 48.3481025696], [458.858428955, -70.1629486084, 134.266998291, 32.3274803162, 59.807926178, 85.8155212402, 97.4439239502, 139.96472168, 51.3874397278, 15.3606281281, 28.0656070709, 32.9352416992, 43.0416870117], [126.5001297, -23.0422668457, 55.8374214172, -23.8851928711, 30.8103504181, 2.6199669838, 30.9774303436, 51.3874397278, 143.707046509, 49.294960022, -4.19860696793, 17.3179664612, 26.5747623444], [64.812286377, 67.7482681274, 39.3902587891, 21.2783870697, 13.0542011261, 7.02453422546, -10.8232450485, 15.3606281281, 49.294960022, 98.4294433594, 35.2612190247, 2.45638298988, 0.314698576927], [549.92364502, -53.000541687, 184.741317749, 66.9128723145, 67.3392105103, 48.4640197754, 47.7472991943, 28.0656070709, -4.19860696793, 35.2612190247, 151.028274536, 45.9078598022, -3.53143596649], [300.453033447, -49.742931366, 66.2625274658, 29.2612285614, 37.6671905518, 41.9549331665, 46.9613113403, 32.9352416992, 17.3179664612, 2.45638298988, 45.9078598022, 87.8992614746, 50.9523544312], [202.250564575, -111.981521606, 13.4320278168, -10.4371700287, 21.644826889, 33.8504219055, 48.3481025696, 43.0416870117, 26.5747623444, 0.314698576927, -3.53143596649, 50.9523544312, 106.63760376]],
