{
"lowlevel": {
    "average_loudness": 0.902981877327,
    "barkbands_crest": {
        "dmean": 3.45287442207,
        "dmean2": 5.24495506287,
        "dvar": 12.6948413849,
        "dvar2": 26.0304298401,
        "max": 26.0581359863,
        "mean": 12.907957077,
        "median": 11.9410867691,
        "min": 1.89514482021,
        "var": 46.2058906555
    },
    "barkbands_flatness_db": {
        "dmean": 0.0326259993017,
        "dmean2": 0.0484779439867,
        "dvar": 0.0013070005225,
        "dvar2": 0.00230415235274,
        "max": 0.486082345247,
        "mean": 0.165195450187,
        "median": 0.162817791104,
        "min": 0.0133485039696,
        "var": 0.00630998332053
    },
    "barkbands_kurtosis": {
        "dmean": 17.0567779541,
        "dmean2": 25.8817920685,
        "dvar": 2050.30712891,
        "dvar2": 3848.83154297,
        "max": 867.487304688,
        "mean": 19.9303073883,
        "median": 2.21418333054,
        "min": -1.95241928101,
        "var": 3345.15820312
    },
    "barkbands_skewness": {
        "dmean": 1.34758281708,
        "dmean2": 2.00344491005,
        "dvar": 3.4965763092,
        "dvar2": 6.58191871643,
        "max": 25.9735412598,
        "mean": 2.67151808739,
        "median": 1.83489000797,
        "min": -5.37105131149,
        "var": 11.0554771423
    },
    "barkbands_spread": {
        "dmean": 9.38646793365,
        "dmean2": 15.1514883041,
        "dvar": 111.262687683,
        "dvar2": 255.752319336,
        "max": 105.188476562,
        "mean": 26.9980278015,
        "median": 25.1691894531,
        "min": 0.297708392143,
        "var": 303.578125
    },
    "dissonance": {
        "dmean": 0.00916466210037,
        "dmean2": 0.0156971216202,
        "dvar": 0.00013724018936,
        "dvar2": 0.000392624147935,
        "max": 0.500000059605,
        "mean": 0.483138173819,
        "median": 0.487605184317,
        "min": 0.266016036272,
        "var": 0.000260075728875
    },
    "dynamic_complexity": 3.06362724304,
    "erbbands_crest": {
        "dmean": 2.86553311348,
        "dmean2": 4.79868650436,
        "dvar": 8.24613857269,
        "dvar2": 21.7115573883,
        "max": 31.4613132477,
        "mean": 9.38513088226,
        "median": 8.24514484406,
        "min": 2.18172168732,
        "var": 23.4899921417
    },
    "erbbands_flatness_db": {
        "dmean": 0.0197722334415,
        "dmean2": 0.0320181846619,
        "dvar": 0.00049180642236,
        "dvar2": 0.0012497183634,
        "max": 0.484281390905,
        "mean": 0.153452694416,
        "median": 0.135071620345,
        "min": 0.0585930719972,
        "var": 0.00425550946966
    },
    "erbbands_kurtosis": {
        "dmean": 1.85963833332,
        "dmean2": 3.03421545029,
        "dvar": 8.32531070709,
        "dvar2": 20.4440307617,
        "max": 39.6868858337,
        "mean": 1.32952940464,
        "median": -0.235162258148,
        "min": -1.87490510941,
        "var": 16.5473098755
    },
    "erbbands_skewness": {
        "dmean": 0.607359230518,
        "dmean2": 0.988919198513,
        "dvar": 0.475017368793,
        "dvar2": 1.21576845646,
        "max": 3.66554808617,
        "mean": -0.712462186813,
        "median": -0.576165258884,
        "min": -5.8549079895,
        "var": 1.49507272243
    },
    "erbbands_spread": {
        "dmean": 13.6284732819,
        "dmean2": 22.1922206879,
        "dvar": 216.922241211,
        "dvar2": 563.557739258,
        "max": 128.791534424,
        "mean": 47.4417114258,
        "median": 44.0086860657,
        "min": 2.1955780983,
        "var": 501.064971924
    },
    "hfc": {
        "dmean": 6.22736787796,
        "dmean2": 10.0354557037,
        "dvar": 72.19947052,
        "dvar2": 178.469268799,
        "max": 193.078704834,
        "mean": 16.2049160004,
        "median": 13.2944908142,
        "min": 1.13916614043e-16,
        "var": 278.451019287
    },
    "melbands_crest": {
        "dmean": 4.69147586823,
        "dmean2": 7.29416179657,
        "dvar": 21.9355487823,
        "dvar2": 46.2260551453,
        "max": 39.1006774902,
        "mean": 19.4744091034,
        "median": 18.9110641479,
        "min": 1.70178568363,
        "var": 84.8781661987
    },
    "melbands_flatness_db": {
        "dmean": 0.0387759841979,
        "dmean2": 0.0576724559069,
        "dvar": 0.00179338199086,
        "dvar2": 0.00313288671896,
        "max": 0.597256362438,
        "mean": 0.229083552957,
        "median": 0.225242182612,
        "min": 0.00397919956595,
        "var": 0.0105755738914
    },
    "melbands_kurtosis": {
        "dmean": 44.3692893982,
        "dmean2": 67.4538040161,
        "dvar": 8745.29394531,
        "dvar2": 16966.4785156,
        "max": 1330.23913574,
        "mean": 61.6169662476,
        "median": 16.7151737213,
        "min": -1.92565405369,
        "var": 16054.9804688
    },
    "melbands_skewness": {
        "dmean": 1.98944783211,
        "dmean2": 2.9850924015,
        "dvar": 6.57817268372,
        "dvar2": 13.663854599,
        "max": 27.1866130829,
        "mean": 5.09567689896,
        "median": 3.99224901199,
        "min": -3.13899159431,
        "var": 20.2637634277
    },
    "melbands_spread": {
        "dmean": 10.2440233231,
        "dmean2": 16.4385375977,
        "dvar": 176.307495117,
        "dvar2": 398.372833252,
        "max": 167.541610718,
        "mean": 27.3023471832,
        "median": 20.2580890656,
        "min": 0.207252264023,
        "var": 575.444091797
    },
    "pitch_salience": {
        "dmean": 0.127724602818,
        "dmean2": 0.196942999959,
        "dvar": 0.0194012057036,
        "dvar2": 0.0423997454345,
        "max": 0.882251083851,
        "mean": 0.45119586587,
        "median": 0.470875889063,
        "min": 0.0110800713301,
        "var": 0.0485974960029
    },
    "silence_rate_20dB": {
        "dmean": 0,
        "dmean2": 0,
        "dvar": 0,
        "dvar2": 0,
        "max": 1,
        "mean": 1,
        "median": 1,
        "min": 1,
        "var": 0
    },
    "silence_rate_30dB": {
        "dmean": 0.011588380672,
        "dmean2": 0.0231785513461,
        "dvar": 0.0114555722103,
        "dvar2": 0.0329967662692,
        "max": 1,
        "mean": 0.993588268757,
        "median": 1,
        "min": 0,
        "var": 0.0063706045039
    },
    "silence_rate_60dB": {
        "dmean": 0.0203955508769,
        "dmean2": 0.0407942533493,
        "dvar": 0.0199778433889,
        "dvar2": 0.0406841225922,
        "max": 1,
        "mean": 0.162920042872,
        "median": 0,
        "min": 0,
        "var": 0.13635340333
    },
    "spectral_centroid": {
        "dmean": 398.332458496,
        "dmean2": 652.928039551,
        "dvar": 219067.03125,
        "dvar2": 538357.875,
        "max": 11404.3330078,
        "mean": 2168.75610352,
        "median": 2372.94799805,
        "min": 238.051986694,
        "var": 689182.1875
    },
    "spectral_complexity": {
        "dmean": 3.70658230782,
        "dmean2": 6.01344347,
        "dvar": 16.2665271759,
        "dvar2": 41.2669296265,
        "max": 54,
        "mean": 14.3631515503,
        "median": 14,
        "min": 0,
        "var": 79.0519485474
    },
    "spectral_decrease": {
        "dmean": 4.93821739056e-09,
        "dmean2": 8.03551625239e-09,
        "dvar": 3.7341897466e-17,
        "dvar2": 8.83564287129e-17,
        "max": 1.37356168076e-28,
        "mean": -8.34209235023e-09,
        "median": -6.36233865592e-09,
        "min": -5.47197913647e-08,
        "var": 6.0878322562e-17
    },
    "spectral_energy": {
        "dmean": 0.0189976263791,
        "dmean2": 0.0309438873082,
        "dvar": 0.000540287874173,
        "dvar2": 0.00128471723292,
        "max": 0.209005430341,
        "mean": 0.0329549275339,
        "median": 0.0256256107241,
        "min": 1.0379279765e-20,
        "var": 0.000889661314432
    },
    "spectral_energyband_high": {
        "dmean": 0.000151491825818,
        "dmean2": 0.000227327109315,
        "dvar": 6.78742182458e-08,
        "dvar2": 1.45106056948e-07,
        "max": 0.00623471895233,
        "mean": 0.000481081806356,
        "median": 0.000304366811179,
        "min": 7.42751321406e-21,
        "var": 3.14525067324e-07
    },
    "spectral_energyband_low": {
        "dmean": 0.0156996510923,
        "dmean2": 0.0240115597844,
        "dvar": 0.000489789585117,
        "dvar2": 0.00103007454891,
        "max": 0.198117673397,
        "mean": 0.0233977027237,
        "median": 0.0151392919943,
        "min": 4.30013254364e-23,
        "var": 0.000778736721259
    },
    "spectral_energyband_middle_high": {
        "dmean": 0.001357049332,
        "dmean2": 0.0021306972485,
        "dvar": 5.53687141291e-06,
        "dvar2": 1.31422684717e-05,
        "max": 0.0596694201231,
        "mean": 0.00355055765249,
        "median": 0.0025009191595,
        "min": 1.39246455426e-21,
        "var": 2.40934023168e-05
    },
    "spectral_energyband_middle_low": {
        "dmean": 0.0069646476768,
        "dmean2": 0.0122797880322,
        "dvar": 0.00019648905436,
        "dvar2": 0.000516061787494,
        "max": 0.11036799103,
        "mean": 0.00652814330533,
        "median": 0.00173297990113,
        "min": 1.60930060668e-22,
        "var": 0.000161139469128
    },
    "spectral_entropy": {
        "dmean": 0.198908552527,
        "dmean2": 0.32337474823,
        "dvar": 0.0492204204202,
        "dvar2": 0.131466984749,
        "max": 9.82050037384,
        "mean": 7.56082725525,
        "median": 7.55022764206,
        "min": 5.15492105484,
        "var": 0.200932621956
    },
    "spectral_flux": {
        "dmean": 0.0410353541374,
        "dmean2": 0.0685165077448,
        "dvar": 0.00190022273455,
        "dvar2": 0.00471647176892,
        "max": 0.351408839226,
        "mean": 0.102864265442,
        "median": 0.0950012281537,
        "min": 6.66122434989e-11,
        "var": 0.00481166318059
    },
    "spectral_kurtosis": {
        "dmean": 1.57356250286,
        "dmean2": 2.71717810631,
        "dvar": 6.38550567627,
        "dvar2": 18.8555240631,
        "max": 60.6514701843,
        "mean": 4.40108776093,
        "median": 3.73922014236,
        "min": -1.22750413418,
        "var": 12.5386819839
    },
    "spectral_rms": {
        "dmean": 0.00146486260928,
        "dmean2": 0.00234237150289,
        "dvar": 2.51949859376e-06,
        "dvar2": 5.7791457948e-06,
        "max": 0.0142796263099,
        "mean": 0.00499380752444,
        "median": 0.00500005949289,
        "min": 3.18215744553e-12,
        "var": 7.21302239981e-06
    },
    "spectral_rolloff": {
        "dmean": 736.692749023,
        "dmean2": 1273.01977539,
        "dvar": 1164493.375,
        "dvar2": 2474661.75,
        "max": 19466.015625,
        "mean": 1864.88867188,
        "median": 990.52734375,
        "min": 43.06640625,
        "var": 3976909.5
    },
    "spectral_skewness": {
        "dmean": 0.193371653557,
        "dmean2": 0.328800708055,
        "dvar": 0.0669727772474,
        "dvar2": 0.197228461504,
        "max": 5.00803136826,
        "mean": 1.22605848312,
        "median": 1.282153368,
        "min": -0.663758218288,
        "var": 0.147891804576
    },
    "spectral_spread": {
        "dmean": 495167.96875,
        "dmean2": 800727.25,
        "dvar": 453688262656,
        "dvar2": 1.07459025306e+12,
        "max": 41653624,
        "mean": 4458055.5,
        "median": 4321895,
        "min": 864472.875,
        "var": 3.44177875354e+12
    },
    "spectral_strongpeak": {
        "dmean": 0.347817122936,
        "dmean2": 0.569938123226,
        "dvar": 1.09418213367,
        "dvar2": 2.45896530151,
        "max": 25.4054374695,
        "mean": 0.645762443542,
        "median": 0.32482367754,
        "min": 0,
        "var": 3.44719099998
    },
    "zerocrossingrate": {
        "dmean": 0.0129669904709,
        "dmean2": 0.0157003384084,
        "dvar": 0.000174908258487,
        "dvar2": 0.000212999337236,
        "max": 0.74755859375,
        "mean": 0.0703592374921,
        "median": 0.05712890625,
        "min": 0.001953125,
        "var": 0.00246301596053
    },
    "barkbands": {
        "dmean": [0.00173220783472, 0.0137162012979, 0.00219418318011, 0.00332670798525, 0.00340365595184, 0.000936418946367, 0.000459253613371, 0.000192789360881, 0.000131495238747, 9.78946409305e-05, 6.87504361849e-05, 6.07955553278e-05, 8.46337497933e-05, 6.91333261784e-05, 6.52100934531e-05, 7.74533691583e-05, 0.000109958484245, 0.000221026770305, 0.00095176382456, 0.000110858934931, 4.56294692412e-05, 2.276505802e-05, 1.86930192285e-05, 2.45903029281e-05, 2.34033705055e-05, 1.37559554787e-05, 1.42368014622e-06],
        "dmean2": [0.00263418117538, 0.0203216765076, 0.00333315553144, 0.0060666478239, 0.00627694278955, 0.00174366019201, 0.000854295678437, 0.000330155715346, 0.000212954910239, 0.000153606888489, 0.000109054875793, 9.7465912404e-05, 0.000142298114952, 0.000109584456368, 0.000107825973828, 0.000125365855638, 0.000183372714673, 0.000356766890036, 0.00149528263137, 0.000180329210707, 7.49471219024e-05, 3.557520904e-05, 2.94713972835e-05, 3.91482426494e-05, 3.3097981941e-05, 2.05256765184e-05, 2.31332319345e-06],
        "dvar": [7.96503991296e-06, 0.000438564748038, 1.84346517926e-05, 5.02458497067e-05, 5.67978531762e-05, 1.36693533932e-05, 4.16532293457e-06, 2.86093580826e-07, 5.10837772083e-08, 3.89476824125e-08, 1.4792227887e-08, 1.08008730848e-08, 3.59636018743e-08, 1.54837263011e-08, 9.28767196484e-09, 2.38967068356e-08, 5.04548260949e-08, 2.54940658806e-07, 3.82807183996e-06, 3.83380083235e-08, 8.50262171781e-09, 1.68377167764e-09, 1.32157973454e-09, 1.99502303566e-09, 3.80994213955e-09, 9.38278232887e-10, 9.51536592575e-12],
        "dvar2": [1.68032293004e-05, 0.00089922233019, 3.57775279554e-05, 0.000136049144203, 0.000155312227434, 3.97838703066e-05, 1.22045994431e-05, 7.9022436239e-07, 1.14130671136e-07, 8.26434458645e-08, 3.12750003673e-08, 2.44080489153e-08, 9.03222101556e-08, 3.370100643e-08, 2.20516209737e-08, 5.18754887935e-08, 1.29137703198e-07, 5.33427510163e-07, 8.82024687598e-06, 9.65130766417e-08, 2.11043253984e-08, 3.99773947279e-09, 3.13899839455e-09, 4.57125803877e-09, 8.30983637456e-09, 2.0868937689e-09, 2.35343289995e-11],
        "max": [0.0371368676424, 0.176149487495, 0.0564669929445, 0.0492388084531, 0.0636911690235, 0.0471360981464, 0.0334080569446, 0.00809034146369, 0.00432167667896, 0.00654280697927, 0.00495670828968, 0.00275502237491, 0.00475593237206, 0.0030855240766, 0.00258960667998, 0.00453754793853, 0.00671347882599, 0.0204469263554, 0.0501477122307, 0.00450089387596, 0.00223403354175, 0.00135633186437, 0.00141256256029, 0.00113378732931, 0.00112737005111, 0.0005726852105, 5.69598269067e-05],
        "mean": [0.00226486637257, 0.0173366572708, 0.002844247967, 0.00234518572688, 0.00244126655161, 0.000760604685638, 0.000395224255044, 0.000261841254542, 0.000234671388171, 0.000212972110603, 0.000130103901029, 0.000127710911329, 0.000139090188895, 0.000147002443555, 0.000136561677209, 0.00014339054178, 0.000192553037778, 0.000419754825998, 0.0018031001091, 0.000221470894758, 0.000106937761302, 6.71524758218e-05, 5.67580827919e-05, 6.10605056863e-05, 6.78130454617e-05, 3.44240070262e-05, 2.43782142206e-06],
        "median": [0.000553218764253, 0.0069536222145, 0.000793366343714, 0.000218984991079, 0.000298942235531, 0.00017516000662, 8.94619588507e-05, 8.97133068065e-05, 0.000102170444734, 8.4966297436e-05, 6.76052004565e-05, 6.21434955974e-05, 6.62004313199e-05, 7.27742153686e-05, 8.18441694719e-05, 8.29521814012e-05, 0.000105751911178, 0.000215067528188, 0.000414617563365, 0.000136552116601, 6.81284145685e-05, 3.5410233977e-05, 2.84841735265e-05, 3.36811572197e-05, 3.04327495542e-05, 1.54925164679e-05, 8.40220025111e-07],
        "min": [7.02536171907e-24, 1.84248277844e-23, 1.39192080979e-24, 2.93879953934e-24, 2.34726871858e-23, 6.78670920714e-24, 1.28580848674e-23, 1.61576020998e-23, 3.45957095686e-23, 2.9574546798e-23, 3.57703928763e-23, 5.4136911218e-23, 4.76043572173e-23, 9.12182015921e-23, 8.4717489173e-23, 7.26572826798e-23, 1.06831103125e-22, 1.63185508659e-22, 2.1417212594e-22, 2.69982204827e-22, 2.8794016264e-22, 4.25618049566e-22, 4.69404752298e-22, 5.50511568309e-22, 8.46870681722e-22, 1.52047883198e-21, 2.17780741752e-21],
        "var": [1.48325907503e-05, 0.000662930193357, 3.22737432725e-05, 3.49462716258e-05, 3.76701646019e-05, 7.57114412409e-06, 2.31830949815e-06, 2.72422795433e-07, 1.27445247244e-07, 1.40319414754e-07, 4.05504785306e-08, 3.53054687707e-08, 7.11856102953e-08, 4.81869868452e-08, 3.97043891098e-08, 4.82051341066e-08, 9.10176325419e-08, 6.28615566711e-07, 1.45509757203e-05, 8.20081353936e-08, 1.79424635149e-08, 8.10803602036e-09, 6.49143805376e-09, 6.5771827984e-09, 1.52850958557e-08, 3.42344508297e-09, 1.92529117649e-11]
    },
    "erbbands": {
        "dmean": [0.643163144588, 2.24413990974, 2.53500199318, 6.90746259689, 12.7669525146, 10.7124462128, 7.54438400269, 8.44110107422, 7.59102201462, 5.37219142914, 3.33537340164, 3.33772850037, 3.07173871994, 2.14725852013, 2.90820384026, 2.42649698257, 3.82691717148, 3.14663529396, 3.5143198967, 3.15153074265, 3.96106481552, 5.73452091217, 10.9409513474, 39.5205192566, 34.4690589905, 5.05174446106, 2.57756590843, 1.34273028374, 0.824105679989, 0.679462075233, 0.528425693512, 0.569454133511, 0.39230132103, 0.266489833593, 0.17122669518, 0.08522310853, 0.0184097159654, 0.00319612328894, 0.000229259647313, 2.39396158577e-05],
        "dmean2": [0.92210572958, 3.47360157967, 3.95997047424, 12.0115337372, 23.6299610138, 19.9606742859, 14.1239204407, 15.6602678299, 14.2076244354, 9.74672603607, 5.6932516098, 5.37514972687, 4.86177778244, 3.46452617645, 4.55512428284, 3.84438896179, 6.43665838242, 5.0757727623, 5.68147373199, 5.09635210037, 6.34056043625, 9.46555900574, 17.9377975464, 62.051776886, 54.1020050049, 8.21781730652, 4.236723423, 2.16379475594, 1.30133652687, 1.07610988617, 0.827932596207, 0.921115159988, 0.611758172512, 0.387231141329, 0.246257692575, 0.12915122509, 0.0270260367543, 0.0048084910959, 0.000376634445274, 3.88494263461e-05],
        "dvar": [1.03284609318, 11.5597743988, 19.5425853729, 191.243545532, 790.25579834, 641.316223145, 597.177429199, 1214.98156738, 1218.06774902, 446.837402344, 63.7027778625, 36.2363700867, 42.4805793762, 13.7206411362, 29.3973655701, 18.5820236206, 73.0507354736, 29.7674865723, 31.6790714264, 22.8313503265, 81.3430328369, 132.304138184, 828.801513672, 5974.86083984, 5516.87402344, 57.0103874207, 23.2821884155, 6.52994918823, 2.13620257378, 1.68472194672, 1.0817681551, 1.05754685402, 0.580257713795, 0.432754307985, 0.204093515873, 0.0326480679214, 0.00197118613869, 5.85892848903e-05, 2.15204337906e-07, 7.21566473239e-10],
        "dvar2": [1.95791208744, 27.2177448273, 42.7331199646, 501.058654785, 2192.32885742, 1790.99890137, 1723.01904297, 3547.40087891, 3564.22924805, 1301.30541992, 170.115036011, 79.6681594849, 90.8600616455, 32.1890106201, 62.3015480042, 40.4481315613, 184.627822876, 69.4019622803, 69.8177947998, 52.8445930481, 168.2315979, 330.832275391, 1671.51196289, 13923.0253906, 13031.7246094, 132.936218262, 57.2766418457, 15.99979496, 5.03589439392, 4.12881708145, 2.53836250305, 2.49428963661, 1.29243314266, 0.963090777397, 0.449728190899, 0.0726366639137, 0.00435407971963, 0.000133279289003, 5.36183051736e-07, 1.80181491949e-09],
        "max": [8.27218055725, 33.7111625671, 62.2077178955, 109.445610046, 198.499542236, 267.132751465, 285.186035156, 507.849029541, 560.544128418, 338.573394775, 177.767044067, 127.732048035, 250.505233765, 95.1103591919, 248.439727783, 138.421218872, 209.939758301, 164.796203613, 138.28225708, 171.628540039, 350.170074463, 371.098480225, 1394.06726074, 2117.27539062, 1639.71960449, 165.991912842, 105.679275513, 67.3279037476, 53.6806259155, 56.6230583191, 32.3017311096, 27.3594150543, 15.6909990311, 12.5291566849, 7.65405321121, 3.30311751366, 0.964296758175, 0.141537129879, 0.00799345877022, 0.000233359707636],
        "mean": [0.756642460823, 2.84337615967, 3.61093568802, 5.91096305847, 8.74673652649, 7.57173728943, 5.64512062073, 6.99809169769, 6.37657642365, 5.76077747345, 5.00328111649, 6.02436923981, 6.89861440659, 4.60273742676, 5.70976781845, 5.43458747864, 6.74814462662, 6.97088813782, 7.86988162994, 7.22780799866, 8.47041702271, 10.9831113815, 20.8796710968, 75.5863876343, 62.9650497437, 11.5607414246, 5.48160743713, 3.63066673279, 2.43490862846, 1.95249307156, 1.58366632462, 1.35425245762, 1.02022945881, 0.761706054211, 0.463817477226, 0.202627554536, 0.0492128692567, 0.00789529830217, 0.000408592313761, 4.69091683044e-05],
        "median": [0.195456340909, 1.26790356636, 1.71043455601, 0.915008127689, 0.917167246342, 0.744899570942, 1.06806528568, 1.61171984673, 1.41741359234, 1.88990402222, 1.89761209488, 2.68429112434, 3.00801968575, 2.58469176292, 3.06232190132, 2.72347640991, 3.34357833862, 3.94665431976, 4.5194311142, 4.58476829529, 5.19803857803, 6.57476902008, 12.15321064, 20.6368770599, 17.7929363251, 7.89271736145, 3.74285459518, 2.17994570732, 1.3163176775, 1.00123071671, 0.79826515913, 0.752194225788, 0.533089697361, 0.354793906212, 0.202469840646, 0.0956904292107, 0.0207327175885, 0.00302875507623, 0.000167244928889, 4.11368600908e-05],
        "min": [4.38600301929e-22, 2.69253489202e-21, 1.54140401752e-21, 9.44980582965e-21, 1.33445235438e-20, 5.39068564569e-20, 5.50196276383e-20, 5.69603743011e-20, 1.63000347025e-19, 2.90443301444e-19, 4.39875934794e-19, 7.41972841052e-19, 9.00767633822e-19, 6.84212938527e-19, 2.01478884021e-18, 2.05129500898e-18, 2.53421008162e-18, 3.73510965416e-18, 4.20238894527e-18, 3.12156394443e-18, 4.88859812911e-18, 6.49821301898e-18, 9.31633919738e-18, 1.08000150118e-17, 1.15011415708e-17, 1.29657351557e-17, 1.07666457187e-17, 1.45277102325e-17, 1.40459403915e-17, 1.34337556006e-17, 1.24304756803e-17, 1.19471490853e-17, 1.04498272723e-17, 9.04966361252e-18, 6.77353553637e-18, 5.41114549285e-18, 2.25909043027e-18, 1.06226131014e-18, 3.00000158501e-19, 3.18884394617e-20],
        "var": [1.55568861961, 16.4819793701, 33.6701469421, 168.206588745, 512.552978516, 402.904296875, 337.42855835, 671.200683594, 674.885498047, 269.457641602, 77.0281829834, 90.3890914917, 144.870223999, 38.6131095886, 76.2881851196, 64.8962402344, 145.531646729, 86.7118225098, 114.81023407, 99.2069168091, 184.371429443, 250.353805542, 1830.47741699, 23064.9121094, 17439.3125, 170.388641357, 42.6184616089, 20.815536499, 10.0277299881, 7.42216825485, 5.13411712646, 3.26418018341, 2.10354781151, 1.75447428226, 0.751513302326, 0.117245845497, 0.00730966497213, 0.000192596053239, 4.15259421516e-07, 1.24580767924e-09]
    },
    "gfcc": {
        "mean": [-31.9695930481, 64.8462371826, -120.648925781, 47.2722969055, -44.0092926025, 6.31251621246, -27.6887626648, 20.3657016754, -26.6756343842, 6.60956382751, -8.2816696167, 0.34041711688, -11.7315416336],
        "cov": [[7912.42236328, -256.845031738, 2617.51782227, 870.983459473, 571.729797363, 1106.50134277, -76.138923645, 853.86895752, -395.855987549, 45.5679664612, -116.357971191, 97.4852142334, -400.135467529], [-256.845031738, 1205.21838379, 75.6465988159, 467.358459473, 467.885467529, -194.353729248, 256.151489258, -3.93750905991, 38.6712417603, -96.1047363281, 205.428253174, -117.517700195, 46.8444900513], [2617.51782227, 75.6465988159, 2770.70483398, 741.813720703, 801.849975586, 1109.30310059, 195.502182007, 698.18170166, -76.5809783936, 129.461990356, -20.923707962, 56.3430595398, -181.355651855], [870.983459473, 467.358459473, 741.813720703, 714.011657715, 645.15435791, 301.616394043, 301.604187012, 303.367431641, 35.1583137512, -23.7534122467, 131.704101562, -25.1821861267, -95.8854522705], [571.729797363, 467.885467529, 801.849975586, 645.15435791, 777.48223877, 387.209899902, 374.43081665, 368.660003662, 86.1591186523, 11.3126716614, 152.883621216, -21.4015598297, -60.5418624878], [1106.50134277, -194.353729248, 1109.30310059, 301.616394043, 387.209899902, 703.008483887, 166.620117188, 407.510498047, 57.6108894348, 120.509262085, -14.6818580627, 84.7178497314, -76.5700073242], [-76.138923645, 256.151489258, 195.502182007, 301.604187012, 374.43081665, 166.620117188, 297.028778076, 191.720916748, 123.391937256, 34.7225074768, 125.839431763, 7.06362628937, 12.4212121964], [853.86895752, -3.93750905991, 698.18170166, 303.367431641, 368.660003662, 407.510498047, 191.720916748, 390.860321045, 71.345954895, 97.6993713379, 86.7799835205, 63.2421340942, -52.4100151062], [-395.855987549, 38.6712417603, -76.5809783936, 35.1583137512, 86.1591186523, 57.6108894348, 123.391937256, 71.345954895, 176.838302612, 90.9237594604, 77.1437454224, 47.1451454163, 55.8657226562], [45.5679664612, -96.1047363281, 129.461990356, -23.7534122467, 11.3126716614, 120.509262085, 34.7225074768, 97.6993713379, 90.9237594604, 127.819068909, 54.2609786987, 52.8138275146, 21.358581543], [-116.357971191, 205.428253174, -20.923707962, 131.704101562, 152.883621216, -14.6818580627, 125.839431763, 86.7799835205, 77.1437454224, 54.2609786987, 172.575363159, 38.6729240417, 18.2312526703], [97.4852142334, -117.517700195, 56.3430595398, -25.1821861267, -21.4015598297, 84.7178497314, 7.06362628937, 63.2421340942, 47.1451454163, 52.8138275146, 38.6729240417, 107.332862854, 39.5517921448], [-400.135467529, 46.8444900513, -181.355651855, -95.8854522705, -60.5418624878, -76.5700073242, 12.4212121964, -52.4100151062, 55.8657226562, 21.358581543, 18.2312526703, 39.5517921448, 121.886451721]],
        "icov": [[0.000313492695568, -0.000124099693494, 1.97404697246e-05, -0.000543020199984, 0.000313677475788, -3.95339302486e-05, 0.00034701768891, -0.000769686535932, 0.000881000771187, -0.000510443001986, 0.000466611032607, -0.000408685416915, 0.000192154329852], [-0.000124099693494, 0.00285559589975, -0.000622588442639, -0.00090327905491, -0.000541235203855, 0.000671822286677, 0.000285608897684, 0.0012389565818, -0.00134554621764, 0.00259388936684, -0.00391250569373, 0.00378438294865, -0.00296561140567], [1.97404697246e-05, -0.000622588442639, 0.00191218021791, -0.000886663503479, -0.000520934350789, -0.00250097527169, 0.0019149731379, -0.000840490974952, 0.00207527005114, -0.00179695442785, 0.000572079094127, 0.000382134487154, -0.000780596048571], [-0.000543020199984, -0.00090327905491, -0.000886663503479, 0.00883631315082, -0.00500302203, 0.00140654144343, -0.00254685012624, 0.00119094457477, -0.00199164985679, 0.00281368056312, -0.00020303146448, -0.00277379341424, 0.00471703102812], [0.000313677475788, -0.000541235203855, -0.000520934350789, -0.00500302203, 0.0114057492465, -0.00300798099488, -0.00323723000474, -0.00326398969628, -0.000837069295812, 0.0046858061105, -0.00378557736985, 0.00530366459861, -0.00236324570142], [-3.95339302486e-05, 0.000671822286677, -0.00250097527169, 0.00140654144343, -0.00300798099488, 0.0120813725516, -0.00547464657575, -0.00223621702753, 0.00033142088796, -0.0063683334738, 0.00982494931668, -0.00840508658439, 0.0049110702239], [0.00034701768891, 0.000285608897684, 0.0019149731379, -0.00254685012624, -0.00323723000474, -0.00547464657575, 0.0199609547853, -0.00401228107512, -0.00706571573392, 0.00702202878892, -0.00825687218457, 0.00806811079383, -0.0063064340502], [-0.000769686535932, 0.0012389565818, -0.000840490974952, 0.00119094457477, -0.00326398969628, -0.00223621702753, -0.00401228107512, 0.0144277727231, -0.000442555290647, -0.00298960693181, -0.003204341745, -0.00235169497319, 0.00223914696835], [0.000881000771187, -0.00134554621764, 0.00207527005114, -0.00199164985679, -0.000837069295812, 0.00033142088796, -0.00706571573392, -0.000442555290647, 0.0229444522411, -0.0181380603462, 0.00721158832312, -0.00694941962138, -0.000909100519493], [-0.000510443001986, 0.00259388936684, -0.00179695442785, 0.00281368056312, 0.0046858061105, -0.0063683334738, 0.00702202878892, -0.00298960693181, -0.0181380603462, 0.0354128442705, -0.0191576704383, 0.011684788391, -0.00562535226345], [0.000466611032607, -0.00391250569373, 0.000572079094127, -0.00020303146448, -0.00378557736985, 0.00982494931668, -0.00825687218457, -0.003204341745, 0.00721158832312, -0.0191576704383, 0.0288172513247, -0.0186793264002, 0.00928508955985], [-0.000408685416915, 0.00378438294865, 0.000382134487154, -0.00277379341424, 0.00530366459861, -0.00840508658439, 0.00806811079383, -0.00235169497319, -0.00694941962138, 0.011684788391, -0.0186793264002, 0.0311058908701, -0.0150509383529], [0.000192154329852, -0.00296561140567, -0.000780596048571, 0.00471703102812, -0.00236324570142, 0.0049110702239, -0.0063064340502, 0.00223914696835, -0.000909100519493, -0.00562535226345, 0.00928508955985, -0.0150509383529, 0.0209386851639]]
    },
    "melbands": {
        "dmean": [0.0045950319618, 0.00172469276004, 0.00134608568624, 0.000851034652442, 0.000303148350213, 0.000185765587958, 0.000110711007437, 5.51395605726e-05, 2.48552696576e-05, 2.12977556657e-05, 1.55032576004e-05, 9.41790676734e-06, 8.9544137154e-06, 7.42642760088e-06, 6.56964675727e-06, 9.82174788078e-06, 6.32479714113e-06, 6.25275288257e-06, 4.59380498796e-06, 6.11474524703e-06, 4.84254678668e-06, 6.39186328044e-06, 8.63120840222e-06, 1.0928224583e-05, 3.51240996679e-05, 4.31818953075e-05, 7.81624930823e-06, 2.78576976598e-06, 1.88479168628e-06, 1.19072774396e-06, 7.48533182104e-07, 5.33562740657e-07, 4.86982628445e-07, 3.80915395226e-07, 3.28153817009e-07, 3.39827465723e-07, 3.9770731064e-07, 3.16417384738e-07, 2.42576220444e-07, 2.35578184515e-07],
        "dmean2": [0.00669228890911, 0.00275182980113, 0.00236746366136, 0.00157596485224, 0.000567277718801, 0.000345262378687, 0.000206900076591, 9.8793534562e-05, 4.19508760388e-05, 3.41042832588e-05, 2.44833136094e-05, 1.51056001414e-05, 1.42449171108e-05, 1.17454874271e-05, 1.07969508463e-05, 1.64657649293e-05, 1.0148205547e-05, 1.00386496342e-05, 7.53220638217e-06, 9.8952841654e-06, 7.84365602158e-06, 1.05793151306e-05, 1.43931565617e-05, 1.77474012162e-05, 5.51969606022e-05, 6.71707020956e-05, 1.29805293909e-05, 4.54939981864e-06, 3.12516522172e-06, 1.98979591914e-06, 1.21053039948e-06, 8.58082955801e-07, 7.89411387814e-07, 6.05377238116e-07, 5.22973493844e-07, 5.45407942809e-07, 6.56851796066e-07, 5.07557103901e-07, 3.64475937431e-07, 3.47988418525e-07],
        "dvar": [5.07547993038e-05, 5.88835246162e-06, 7.46070554669e-06, 3.4930064885e-06, 8.47495698508e-07, 5.89275373386e-07, 2.59012921333e-07, 4.16428420635e-08, 2.88799073545e-09, 1.47835199638e-09, 1.09143460936e-09, 2.75392181281e-10, 2.55883536582e-10, 1.52948501086e-10, 1.43907954997e-10, 5.30759047823e-10, 1.38010644579e-10, 1.11982187412e-10, 4.94388974204e-11, 1.22008209091e-10, 1.8899885823e-10, 1.77997047657e-10, 5.60129942428e-10, 5.03076635905e-10, 4.93924767753e-09, 9.12034003875e-09, 1.85568532762e-10, 2.11117720528e-11, 9.53605857473e-12, 8.38808102838e-12, 1.79997054588e-12, 9.33095072563e-13, 8.56413464451e-13, 5.12604173518e-13, 3.95137048081e-13, 4.68621452407e-13, 4.65742787219e-13, 3.38399230512e-13, 3.37443912873e-13, 3.43921451647e-13],
        "dvar2": [9.94860965875e-05, 1.48021972564e-05, 2.00443446374e-05, 9.58664804784e-06, 2.43460431193e-06, 1.7199637341e-06, 7.57974703447e-07, 1.2064430166e-07, 7.48417416929e-09, 3.20340087789e-09, 2.32337926676e-09, 6.26458607211e-10, 5.57779877841e-10, 3.43375466949e-10, 3.53376605755e-10, 1.31351340915e-09, 3.10252934455e-10, 2.36690278488e-10, 1.23568918986e-10, 2.79364753553e-10, 3.84189180469e-10, 4.2385556176e-10, 1.18338405741e-09, 1.17779697106e-09, 1.14503198034e-08, 2.08123687173e-08, 4.75483930007e-10, 4.82431525284e-11, 2.28215866344e-11, 2.1813830256e-11, 4.46257397355e-12, 2.30047881786e-12, 2.26298927514e-12, 1.22694443581e-12, 9.50395252948e-13, 1.15490147827e-12, 1.11306265854e-12, 7.9719472126e-13, 7.38618747328e-13, 7.76527767869e-13],
        "max": [0.0596107020974, 0.0275679901242, 0.0180538743734, 0.0141349490732, 0.0108837559819, 0.010926540941, 0.00806833896786, 0.00333807780407, 0.00133667234331, 0.000775922322646, 0.0012399913976, 0.000518878980074, 0.000660006131511, 0.00030718621565, 0.000373525806936, 0.000638724770397, 0.000377544871299, 0.000286077091005, 0.000225086681894, 0.000292384880595, 0.000578541250434, 0.000489630270749, 0.00113147485536, 0.000704136968125, 0.00199021981098, 0.00238870736212, 0.000278980412986, 0.000126476152218, 6.68970533297e-05, 8.6426611233e-05, 3.82104444725e-05, 2.89907166007e-05, 3.03434335365e-05, 2.94838246191e-05, 2.10775124287e-05, 1.89174443221e-05, 2.1345083951e-05, 1.20708864415e-05, 1.4210889276e-05, 1.07552286863e-05],
        "mean": [0.00569211691618, 0.00250919209793, 0.00113666406833, 0.000598946237005, 0.000226116259, 0.000153635730385, 9.3521855888e-05, 6.30393333267e-05, 3.80658893846e-05, 3.80261553801e-05, 3.4284141293e-05, 1.90171649592e-05, 1.72266518348e-05, 1.54260433192e-05, 1.3107108316e-05, 1.54323406605e-05, 1.30020680444e-05, 1.30751541292e-05, 9.78650950856e-06, 1.07686255433e-05, 9.65592971625e-06, 1.1286314475e-05, 1.39348230732e-05, 2.10557882383e-05, 6.45203617751e-05, 7.32137850719e-05, 1.45083158714e-05, 5.5113559938e-06, 3.59157866114e-06, 2.58316003965e-06, 1.91148046724e-06, 1.39047961056e-06, 1.20884840271e-06, 1.02280682768e-06, 9.07925482352e-07, 8.57553743572e-07, 8.23864979793e-07, 7.2391736694e-07, 6.67717017677e-07, 6.35781418623e-07],
        "median": [0.00197541061789, 0.00151791214012, 0.000173862325028, 6.31823204458e-05, 3.84618761018e-05, 3.55480369763e-05, 2.07141747524e-05, 2.08656529139e-05, 1.42725502883e-05, 1.65159581229e-05, 1.43853540067e-05, 9.80378717941e-06, 9.07377216208e-06, 8.27389612823e-06, 5.99762461206e-06, 6.91270497555e-06, 6.58463932268e-06, 6.97644645697e-06, 5.70042493564e-06, 6.15180942987e-06, 5.53717427465e-06, 6.25257462161e-06, 7.49369610276e-06, 1.03462461993e-05, 1.67259313457e-05, 1.3932191905e-05, 6.86050134391e-06, 3.72818681171e-06, 2.36417577071e-06, 1.56199394041e-06, 1.12375744266e-06, 7.5110671105e-07, 6.10040046922e-07, 5.17855710314e-07, 4.54081231283e-07, 4.2264494482e-07, 4.61493016246e-07, 3.82059511139e-07, 3.14119859013e-07, 2.87880197902e-07],
        "min": [5.77494697567e-24, 2.05360412367e-24, 1.9166083695e-24, 4.29563950746e-24, 1.56022951012e-24, 1.19275788591e-24, 2.735555838e-24, 3.1800324153e-24, 3.4039344116e-24, 5.21832632652e-24, 4.36612975137e-24, 2.63806387138e-24, 6.1790788397e-24, 5.85815365737e-24, 6.82137333303e-24, 4.13868853062e-24, 6.21037886826e-24, 6.15709210298e-24, 5.44735118554e-24, 4.42648116049e-24, 5.68223530893e-24, 6.36129229817e-24, 5.72335428918e-24, 7.57806685712e-24, 8.11157822049e-24, 7.26310309666e-24, 7.29763390506e-24, 7.55749178699e-24, 5.75736129394e-24, 7.20942742295e-24, 7.60104479757e-24, 6.7953219905e-24, 8.32543998962e-24, 5.61303958577e-24, 5.86249357564e-24, 8.24991523541e-24, 6.55769105344e-24, 6.27530882608e-24, 8.7426842996e-24, 6.76798322697e-24],
        "var": [7.67173041822e-05, 9.75759576249e-06, 6.13909696767e-06, 2.29611191571e-06, 4.86470639771e-07, 3.25123664879e-07, 1.4313768304e-07, 2.67683031296e-08, 4.23746060463e-09, 3.76718745088e-09, 3.77883280223e-09, 7.71998520666e-10, 6.9013983417e-10, 4.39165759314e-10, 4.15940060172e-10, 1.06283837287e-09, 3.78625020225e-10, 3.58578361448e-10, 2.3075256983e-10, 2.50630544096e-10, 3.75332154245e-10, 3.39665101601e-10, 1.07107156477e-09, 1.25901045145e-09, 1.8122927159e-08, 2.89577446466e-08, 5.18456999554e-10, 4.30854379951e-11, 1.77528547418e-11, 1.36164655939e-11, 6.07633734995e-12, 3.4873384562e-12, 2.93761672973e-12, 2.15868338829e-12, 1.72476572954e-12, 1.66364090472e-12, 1.16693417082e-12, 1.00879526087e-12, 1.26547784838e-12, 1.31680777393e-12]
    },
    "mfcc": {
        "mean": [-673.668151855, 94.8039474487, -12.8435640335, 41.0539703369, 7.07109546661, -2.05183625221, 12.6337823868, 6.1798915863, -1.89896440506, 7.31645107269, 4.90665578842, -1.32111310959, 0.171153098345],
        "cov": [[5099.95898438, -58.9553794861, 1500.93969727, 283.444732666, 782.587463379, 238.591934204, 540.328552246, 580.854980469, -43.848274231, 268.445953369, 206.090179443, -142.868942261, -82.0319671631], [-58.9553794861, 863.96685791, 104.35319519, 503.88885498, 237.121292114, 53.5948257446, 240.457946777, 84.6365585327, -10.3770542145, 98.3819732666, -4.42369651794, 72.2033233643, 10.8645572662], [1500.93969727, 104.35319519, 1739.20458984, 136.159500122, 771.993896484, 425.996826172, 505.29901123, 466.34588623, 190.616348267, 330.155914307, 89.37159729, 145.42250061, 14.5349397659], [283.444732666, 503.88885498, 136.159500122, 712.044677734, 380.190155029, 140.519790649, 354.729827881, 273.588775635, 3.92974352837, 173.110015869, 130.942276001, 24.3734035492, 22.9477481842], [782.587463379, 237.121292114, 771.993896484, 380.190155029, 639.20111084, 303.550720215, 461.281677246, 417.463623047, 138.675430298, 270.226226807, 166.24067688, 82.7278442383, 23.6547775269], [238.591934204, 53.5948257446, 425.996826172, 140.519790649, 303.550720215, 267.599975586, 226.744522095, 228.894393921, 138.897262573, 147.13230896, 88.0077514648, 80.8579101562, 40.0326156616], [540.328552246, 240.457946777, 505.29901123, 354.729827881, 461.281677246, 226.744522095, 449.896087646, 359.719818115, 103.348350525, 231.360473633, 155.744354248, 63.4086532593, 34.3485565186], [580.854980469, 84.6365585327, 466.34588623, 273.588775635, 417.463623047, 228.894393921, 359.719818115, 405.043121338, 130.307678223, 202.350387573, 182.251022339, 54.897693634, 50.6034011841], [-43.848274231, -10.3770542145, 190.616348267, 3.92974352837, 138.675430298, 138.897262573, 103.348350525, 130.307678223, 183.59614563, 107.992485046, 41.0336532593, 65.6046981812, 54.2480354309], [268.445953369, 98.3819732666, 330.155914307, 173.110015869, 270.226226807, 147.13230896, 231.360473633, 202.350387573, 107.992485046, 215.922775269, 129.238342285, 58.6257286072, 44.4785652161], [206.090179443, -4.42369651794, 89.37159729, 130.942276001, 166.24067688, 88.0077514648, 155.744354248, 182.251022339, 41.0336532593, 129.238342285, 216.795944214, 49.9188919067, 49.015411377], [-142.868942261, 72.2033233643, 145.42250061, 24.3734035492, 82.7278442383, 80.8579101562, 63.4086532593, 54.897693634, 65.6046981812, 58.6257286072, 49.9188919067, 149.84602356, 66.4701690674], [-82.0319671631, 10.8645572662, 14.5349397659, 22.9477481842, 23.6547775269, 40.0326156616, 34.3485565186, 50.6034011841, 54.2480354309, 44.4785652161, 49.015411377, 66.4701690674, 105.14956665]],
