{
"lowlevel": {
    "average_loudness": 0.948217213154,
    "barkbands_crest": {
        "dmean": 2.92622089386,
        "dmean2": 5.01885509491,
        "dvar": 8.04497718811,
        "dvar2": 23.3020477295,
        "max": 26.6342544556,
        "mean": 11.010228157,
        "median": 10.8682537079,
        "min": 1.80367851257,
        "var": 19.092414856
    },
    "barkbands_flatness_db": {
        "dmean": 0.0229611210525,
        "dmean2": 0.0361247248948,
        "dvar": 0.000670676818117,
        "dvar2": 0.00146605179179,
        "max": 0.731935203075,
        "mean": 0.114429801702,
        "median": 0.0941858589649,
        "min": 0.0115005914122,
        "var": 0.0061414912343
    },
    "barkbands_kurtosis": {
        "dmean": 6.05871248245,
        "dmean2": 9.61582279205,
        "dvar": 2318.8112793,
        "dvar2": 6437.06787109,
        "max": 3794.79296875,
        "mean": 8.00382137299,
        "median": 2.28689527512,
        "min": -1.74979233742,
        "var": 3201.55493164
    },
    "barkbands_skewness": {
        "dmean": 0.655237972736,
        "dmean2": 1.0178732872,
        "dvar": 1.12368154526,
        "dvar2": 2.40876793861,
        "max": 54.2498168945,
        "mean": 1.8986467123,
        "median": 1.67526161671,
        "min": -3.0106575489,
        "var": 3.21076893806
    },
    "barkbands_spread": {
        "dmean": 7.58474969864,
        "dmean2": 12.3520002365,
        "dvar": 74.2773208618,
        "dvar2": 200.118591309,
        "max": 88.081451416,
        "mean": 29.3697223663,
        "median": 27.9249458313,
        "min": 0.0964505821466,
        "var": 294.020233154
    },
    "dissonance": {
        "dmean": 0.0137479621917,
        "dmean2": 0.0232198704034,
        "dvar": 0.000304615328787,
        "dvar2": 0.000832624209579,
        "max": 0.500000119209,
        "mean": 0.473025113344,
        "median": 0.483549445868,
        "min": 0.178023099899,
        "var": 0.000897013174836
    },
    "dynamic_complexity": 2.68165898323,
    "erbbands_crest": {
        "dmean": 1.48074448109,
        "dmean2": 2.46521091461,
        "dvar": 2.76278400421,
        "dvar2": 7.04323482513,
        "max": 30.745765686,
        "mean": 6.12183523178,
        "median": 4.70500659943,
        "min": 1.91759228706,
        "var": 14.2932548523
    },
    "erbbands_flatness_db": {
        "dmean": 0.0137148341164,
        "dmean2": 0.0208621509373,
        "dvar": 0.000349712034222,
        "dvar2": 0.000734247325454,
        "max": 0.488743156195,
        "mean": 0.120533712208,
        "median": 0.0952085480094,
        "min": 0.0437027253211,
        "var": 0.00417144969106
    },
    "erbbands_kurtosis": {
        "dmean": 0.767997682095,
        "dmean2": 1.26018118858,
        "dvar": 4.70492506027,
        "dvar2": 12.3115644455,
        "max": 85.7988739014,
        "mean": 0.383809089661,
        "median": -0.487647175789,
        "min": -1.7577329874,
        "var": 14.2076282501
    },
    "erbbands_skewness": {
        "dmean": 0.311540126801,
        "dmean2": 0.494221121073,
        "dvar": 0.159560963511,
        "dvar2": 0.383518218994,
        "max": 9.08642959595,
        "mean": 0.247239336371,
        "median": 0.0397784113884,
        "min": -2.70581674576,
        "var": 0.526691555977
    },
    "erbbands_spread": {
        "dmean": 8.23665714264,
        "dmean2": 12.7066917419,
        "dvar": 87.2039794922,
        "dvar2": 202.30821228,
        "max": 169.016571045,
        "mean": 44.7177810669,
        "median": 45.8206176758,
        "min": 1.32410991192,
        "var": 310.172912598
    },
    "hfc": {
        "dmean": 8.18375682831,
        "dmean2": 14.1054372787,
        "dvar": 120.265945435,
        "dvar2": 364.268310547,
        "max": 158.451171875,
        "mean": 30.2840213776,
        "median": 25.9733428955,
        "min": 6.51777937177e-12,
        "var": 551.127929688
    },
    "melbands_crest": {
        "dmean": 4.34010410309,
        "dmean2": 7.34840726852,
        "dvar": 18.4942989349,
        "dvar2": 54.229385376,
        "max": 37.1029319763,
        "mean": 19.1876049042,
        "median": 19.0637283325,
        "min": 2.50537276268,
        "var": 62.9686431885
    },
    "melbands_flatness_db": {
        "dmean": 0.0305563788861,
        "dmean2": 0.0476925484836,
        "dvar": 0.00111571862362,
        "dvar2": 0.00250935624354,
        "max": 0.86616319418,
        "mean": 0.19061306119,
        "median": 0.17477363348,
        "min": 0.0115728499368,
        "var": 0.00871279090643
    },
    "melbands_kurtosis": {
        "dmean": 11.2344732285,
        "dmean2": 17.8038349152,
        "dvar": 916.738037109,
        "dvar2": 2104.3659668,
        "max": 974.186889648,
        "mean": 20.7651042938,
        "median": 11.1855726242,
        "min": -1.77416908741,
        "var": 2327.26074219
    },
    "melbands_skewness": {
        "dmean": 0.891843080521,
        "dmean2": 1.40120542049,
        "dvar": 1.15057218075,
        "dvar2": 2.60626077652,
        "max": 24.3339862823,
        "mean": 3.2357840538,
        "median": 3.00227308273,
        "min": -2.66813373566,
        "var": 3.89761805534
    },
    "melbands_spread": {
        "dmean": 8.38922309875,
        "dmean2": 13.5918569565,
        "dvar": 107.787277222,
        "dvar2": 275.726776123,
        "max": 182.91784668,
        "mean": 24.1929836273,
        "median": 20.3667602539,
        "min": 0.220294773579,
        "var": 269.394073486
    },
    "pitch_salience": {
        "dmean": 0.0924758464098,
        "dmean2": 0.152889534831,
        "dvar": 0.00810031220317,
        "dvar2": 0.022038621828,
        "max": 0.974157214165,
        "mean": 0.518146336079,
        "median": 0.532236337662,
        "min": 0.0272819884121,
        "var": 0.0238590743393
    },
    "silence_rate_20dB": {
        "dmean": 0,
        "dmean2": 0,
        "dvar": 0,
        "dvar2": 0,
        "max": 1,
        "mean": 1,
        "median": 1,
        "min": 1,
        "var": 0
    },
    "silence_rate_30dB": {
        "dmean": 0.0256076063961,
        "dmean2": 0.0512191392481,
        "dvar": 0.024947360158,
        "dvar2": 0.071906208992,
        "max": 1,
        "mean": 0.98581725359,
        "median": 1,
        "min": 0,
        "var": 0.0139797721058
    },
    "silence_rate_60dB": {
        "dmean": 0.0113470824435,
        "dmean2": 0.0226959064603,
        "dvar": 0.0112181371078,
        "dvar2": 0.0270909350365,
        "max": 1,
        "mean": 0.0242256969213,
        "median": 0,
        "min": 0,
        "var": 0.0236360374838
    },
    "spectral_centroid": {
        "dmean": 335.69241333,
        "dmean2": 529.964660645,
        "dvar": 140256.0625,
        "dvar2": 329970.25,
        "max": 4883.86035156,
        "mean": 1700.75390625,
        "median": 1847.44616699,
        "min": 78.0454483032,
        "var": 562502.25
    },
    "spectral_complexity": {
        "dmean": 4.05443525314,
        "dmean2": 6.63533210754,
        "dvar": 16.8002147675,
        "dvar2": 42.650844574,
        "max": 63,
        "mean": 28.3490486145,
        "median": 30,
        "min": 0,
        "var": 211.970672607
    },
    "spectral_decrease": {
        "dmean": 4.27814050852e-09,
        "dmean2": 7.04515823458e-09,
        "dvar": 3.4840069851e-17,
        "dvar2": 8.99382428896e-17,
        "max": -1.64331180818e-23,
        "mean": -1.02098312027e-08,
        "median": -9.43492750594e-09,
        "min": -7.37277403573e-08,
        "var": 5.80307367596e-17
    },
    "spectral_energy": {
        "dmean": 0.0165247190744,
        "dmean2": 0.0272353850305,
        "dvar": 0.000519192486536,
        "dvar2": 0.00134082313161,
        "max": 0.282673090696,
        "mean": 0.041281234473,
        "median": 0.0388747751713,
        "min": 6.53203803896e-16,
        "var": 0.000896192097571
    },
    "spectral_energyband_high": {
        "dmean": 0.000623708998319,
        "dmean2": 0.00106689485256,
        "dvar": 8.83906579929e-07,
        "dvar2": 2.8157289762e-06,
        "max": 0.014779725112,
        "mean": 0.00210911314934,
        "median": 0.00154583563562,
        "min": 5.14365468841e-16,
        "var": 4.12945428252e-06
    },
    "spectral_energyband_low": {
        "dmean": 0.0113871116191,
        "dmean2": 0.0189751796424,
        "dvar": 0.000261504465016,
        "dvar2": 0.000684508413542,
        "max": 0.25870975852,
        "mean": 0.0234656967223,
        "median": 0.0209461338818,
        "min": 2.51533919672e-18,
        "var": 0.000460759853013
    },
    "spectral_energyband_middle_high": {
        "dmean": 0.0013844165951,
        "dmean2": 0.00234039081261,
        "dvar": 3.19975674756e-06,
        "dvar2": 9.39819437917e-06,
        "max": 0.0362551808357,
        "mean": 0.00524306111038,
        "median": 0.00488076778129,
        "min": 1.0245829644e-16,
        "var": 1.59873507073e-05
    },
    "spectral_energyband_middle_low": {
        "dmean": 0.00909407902509,
        "dmean2": 0.0157133135945,
        "dvar": 0.000382184953196,
        "dvar2": 0.00102149031591,
        "max": 0.176762610674,
        "mean": 0.0114517854527,
        "median": 0.0067993234843,
        "min": 3.11057034186e-17,
        "var": 0.000279566331301
    },
    "spectral_entropy": {
        "dmean": 0.162178769708,
        "dmean2": 0.256476789713,
        "dvar": 0.0531293638051,
        "dvar2": 0.125964298844,
        "max": 8.83358478546,
        "mean": 7.80094099045,
        "median": 8.07565689087,
        "min": 3.17020177841,
        "var": 0.477402687073
    },
    "spectral_flux": {
        "dmean": 0.0358363874257,
        "dmean2": 0.0549159385264,
        "dvar": 0.00205747783184,
        "dvar2": 0.00349093182012,
        "max": 0.469386458397,
        "mean": 0.110224157572,
        "median": 0.0943368524313,
        "min": 2.27749319492e-06,
        "var": 0.00576801039279
    },
    "spectral_kurtosis": {
        "dmean": 2.32611465454,
        "dmean2": 3.78013038635,
        "dvar": 69.4130554199,
        "dvar2": 176.225708008,
        "max": 152.896377563,
        "mean": 5.83171319962,
        "median": 2.62700629234,
        "min": -0.527128696442,
        "var": 151.771499634
    },
    "spectral_rms": {
        "dmean": 0.00116906128824,
        "dmean2": 0.0018717123894,
        "dvar": 1.99214582608e-06,
        "dvar2": 4.98737244925e-06,
        "max": 0.0166065841913,
        "mean": 0.00586109329015,
        "median": 0.00615845806897,
        "min": 7.98293153803e-10,
        "var": 5.92182323089e-06
    },
    "spectral_rolloff": {
        "dmean": 672.878540039,
        "dmean2": 1116.08361816,
        "dvar": 884890.125,
        "dvar2": 2302977.75,
        "max": 17441.8945312,
        "mean": 1505.76965332,
        "median": 990.52734375,
        "min": 43.06640625,
        "var": 2143588.75
    },
    "spectral_skewness": {
        "dmean": 0.227243199944,
        "dmean2": 0.366198807955,
        "dvar": 0.240586429834,
        "dvar2": 0.61496680975,
        "max": 9.39206123352,
        "mean": 1.62840557098,
        "median": 1.31394064426,
        "min": 0.522089898586,
        "var": 0.889737427235
    },
    "spectral_spread": {
        "dmean": 454450.6875,
        "dmean2": 705665.375,
        "dvar": 325724209152,
        "dvar2": 728262705152,
        "max": 14306522,
        "mean": 5374715.5,
        "median": 5701883,
        "min": 483639.375,
        "var": 2.29907575603e+12
    },
    "spectral_strongpeak": {
        "dmean": 0.171591311693,
        "dmean2": 0.285374969244,
        "dvar": 0.103155076504,
        "dvar2": 0.26006898284,
        "max": 9.8618812561,
        "mean": 0.443646758795,
        "median": 0.283602684736,
        "min": 0,
        "var": 0.383599489927
    },
    "zerocrossingrate": {
        "dmean": 0.0113743366674,
        "dmean2": 0.0144242523238,
        "dvar": 0.000152217500727,
        "dvar2": 0.000236530802795,
        "max": 0.73095703125,
        "mean": 0.069593295455,
        "median": 0.06396484375,
        "min": 0.0029296875,
        "var": 0.00155156292021
    },
    "barkbands": {
        "dmean": [0.00146442081314, 0.0082427514717, 0.00392898358405, 0.00330198719166, 0.00452443677932, 0.00163529580459, 0.00131558114663, 0.000497174973134, 0.000528665957972, 0.000279217609204, 0.000308927963488, 0.000378292606911, 0.000376187672373, 0.000275950675132, 0.000261424458586, 0.000227221200475, 0.000180882358109, 0.00019936102035, 0.00017585871683, 0.000187338300748, 0.000213844919926, 0.000161450196174, 0.000118791402201, 8.90642040758e-05, 0.000108478336188, 7.33723427402e-05, 9.62027934293e-06],
        "dmean2": [0.00245197070763, 0.0144224567339, 0.00681191636249, 0.00614267168567, 0.00842999853194, 0.0029469972942, 0.00229728315026, 0.000859921972733, 0.000864949135575, 0.000468267098768, 0.000503383053001, 0.000639030942693, 0.000652299437206, 0.000468572543468, 0.000450671475846, 0.000399133918108, 0.000312857562676, 0.000335288583301, 0.000297082558973, 0.000318579404848, 0.000364574778359, 0.000273992336588, 0.000209165591514, 0.000153292145114, 0.000186284334632, 0.000129267267766, 1.62214764714e-05],
        "dvar": [6.03812623012e-06, 0.000137359733344, 7.79028850957e-05, 6.49667490507e-05, 0.000171372012119, 1.87483419722e-05, 1.2362540474e-05, 1.25586007016e-06, 4.09145712865e-07, 1.53346690013e-07, 3.44117296436e-07, 6.6968647161e-07, 2.91977812594e-07, 2.07799615737e-07, 1.2764219548e-07, 1.03081525538e-07, 6.71000108809e-08, 7.7569552559e-08, 5.36288204955e-08, 6.4825101731e-08, 1.16933833283e-07, 5.53479786447e-08, 3.59301459696e-08, 1.80929458082e-08, 3.04369933701e-08, 1.62229074618e-08, 2.60047317013e-10],
        "dvar2": [1.48991448441e-05, 0.000403156969696, 0.000207340315683, 0.000184413191164, 0.000490332080517, 5.39350403415e-05, 3.55486918124e-05, 3.63397839465e-06, 1.14991644296e-06, 4.18147919845e-07, 8.34912498249e-07, 1.98302473109e-06, 8.54080212775e-07, 5.99199950102e-07, 3.75527690721e-07, 3.13704333621e-07, 1.96356083393e-07, 2.1560528296e-07, 1.56271013907e-07, 1.83217494509e-07, 3.67027155335e-07, 1.58981066534e-07, 1.16743038348e-07, 5.50392798004e-08, 8.90247306984e-08, 5.1380137478e-08, 6.96409319101e-10],
        "max": [0.0617824494839, 0.169517159462, 0.0946115106344, 0.095321804285, 0.107946552336, 0.0613064840436, 0.0450568795204, 0.0143102658913, 0.00857569370419, 0.0086759775877, 0.0334702320397, 0.0313997007906, 0.012592766434, 0.0188341811299, 0.00559958769009, 0.00537170330063, 0.00507423747331, 0.00371038424782, 0.00375768798403, 0.00349453091621, 0.00507446052507, 0.00318760657683, 0.00239540636539, 0.00208464614116, 0.00224249041639, 0.00211210455745, 0.000379563862225],
        "mean": [0.00439737830311, 0.0150359226391, 0.00312715186737, 0.00237642112188, 0.00359118147753, 0.00188681622967, 0.00170971243642, 0.000624725827947, 0.00109041167889, 0.000494251027703, 0.000546316266991, 0.000735631037969, 0.000624049454927, 0.000503470539115, 0.000510204525199, 0.0004229596816, 0.000379639852326, 0.000460153532913, 0.000428235362051, 0.000446441641543, 0.000450504070614, 0.000413478497649, 0.000307204929413, 0.000261870474787, 0.000247431249591, 0.000189254657016, 2.02550672839e-05],
        "median": [0.00320023111999, 0.0128445550799, 0.000618350575678, 0.000670038512908, 0.00110104435589, 0.00103616970591, 0.00115857517812, 0.000395675597247, 0.000930341717321, 0.000327074696543, 0.000338634912623, 0.000395445968024, 0.000430316955317, 0.000342190964147, 0.000385160732549, 0.00030549056828, 0.000276010250673, 0.000336935161613, 0.000322256237268, 0.000356144970283, 0.000310208270093, 0.000287907139864, 0.000211552891415, 0.00019580971275, 0.000129656589706, 7.40725517971e-05, 1.06024190245e-05],
        "min": [4.41235923119e-19, 8.64976769487e-19, 8.68817369071e-19, 1.20950287129e-18, 4.66151347632e-18, 6.67689188951e-18, 7.28568110391e-18, 6.15563740906e-18, 4.61916927358e-18, 8.99143568086e-19, 9.53303322091e-19, 4.84954900034e-18, 5.85797315691e-18, 1.6991902784e-18, 1.05182640603e-17, 2.77968817067e-17, 9.28075719615e-18, 7.86528738631e-18, 9.57928254332e-18, 3.25834351131e-17, 2.67315508327e-17, 3.6445293239e-17, 3.50452668912e-17, 6.48235439499e-17, 7.47940878861e-17, 1.28911558899e-16, 1.41097107227e-16],
        "var": [2.24820596486e-05, 0.000217785040149, 5.61599736102e-05, 3.78398181056e-05, 9.80619442998e-05, 1.22302353702e-05, 8.03222337709e-06, 9.21877131077e-07, 7.70052736243e-07, 2.76055573067e-07, 6.33952424778e-07, 1.88896547115e-06, 4.81497011151e-07, 4.02053359494e-07, 2.38393482732e-07, 1.81932250598e-07, 1.63323434776e-07, 2.34423509937e-07, 1.7413897524e-07, 1.7316334322e-07, 2.36604634551e-07, 1.88847820937e-07, 1.04210187146e-07, 6.97133160088e-08, 8.05053659292e-08, 6.10608523743e-08, 7.66022190124e-10]
    },
    "erbbands": {
        "dmean": [0.370132774115, 1.48553061485, 3.85689163208, 8.62071704865, 12.4420681, 16.3457984924, 15.0951795578, 13.0938396454, 18.1589775085, 16.9275512695, 9.41040229797, 12.7427492142, 9.82070732117, 9.68880367279, 11.0646076202, 14.5167694092, 16.014043808, 13.0030593872, 12.6819257736, 13.6611471176, 10.0428009033, 10.2452163696, 10.7861013412, 9.41405677795, 8.94825458527, 8.53299617767, 7.51554489136, 9.08201694489, 6.0736451149, 5.19141674042, 3.30129313469, 2.12219309807, 1.56408178806, 1.37915635109, 0.669436275959, 0.352929413319, 0.137373283505, 0.0270659066737, 0.00140992808156, 3.65858468285e-05],
        "dmean2": [0.657915890217, 2.50000286102, 6.50482988358, 15.6864461899, 23.0170116425, 30.4880142212, 27.2845916748, 23.8860607147, 32.3070144653, 29.2574081421, 16.0501728058, 20.8925819397, 16.4435424805, 15.9598054886, 18.3333892822, 24.5499324799, 27.7417869568, 21.8733272552, 21.7958564758, 23.7089328766, 17.4322452545, 17.7268161774, 18.4229164124, 15.5660800934, 15.1139879227, 14.6237716675, 12.4215517044, 15.7399654388, 10.1891794205, 9.2374420166, 5.80389547348, 3.64413309097, 2.71020460129, 2.36187958717, 1.15506374836, 0.615866184235, 0.242532208562, 0.0472623482347, 0.00240082829259, 6.2157807406e-05],
        "dvar": [0.249402925372, 6.10959911346, 69.3681640625, 410.158447266, 1159.71130371, 2204.78979492, 1408.1307373, 1422.84594727, 2851.85888672, 1704.47851562, 312.45715332, 246.645492554, 188.88331604, 394.019622803, 368.244506836, 661.533752441, 492.909637451, 609.221130371, 320.529510498, 366.34161377, 190.869262695, 222.32144165, 236.785842896, 164.091369629, 132.682647705, 140.665557861, 114.405670166, 235.929840088, 80.9306335449, 65.1789016724, 28.81483078, 10.3881149292, 5.69875383377, 4.90179157257, 1.33637773991, 0.390315204859, 0.0587009973824, 0.00218091672286, 5.05385469296e-06, 2.31806285278e-09],
        "dvar2": [0.784463405609, 16.2188892365, 178.691818237, 1146.06481934, 3278.03979492, 6348.01953125, 4030.93725586, 4127.66015625, 8187.69921875, 4959.95947266, 885.089233398, 698.295410156, 525.429931641, 992.109008789, 1028.4876709, 1886.91992188, 1479.17492676, 1747.85473633, 936.421081543, 1118.94775391, 557.624572754, 646.301879883, 665.647827148, 442.384674072, 391.925750732, 398.288696289, 317.600982666, 759.654052734, 226.712600708, 211.883407593, 93.9954452515, 31.4586143494, 17.2050304413, 14.1059103012, 3.95370316505, 1.1765781641, 0.185860976577, 0.00683694006875, 1.43066527016e-05, 6.63572174986e-09],
        "max": [5.81033992767, 47.1793365479, 126.277374268, 196.303115845, 350.593200684, 374.908905029, 633.844238281, 469.998748779, 695.91998291, 559.85559082, 249.98487854, 214.106109619, 222.871749878, 1206.13867188, 725.937866211, 793.498474121, 379.532745361, 1383.1418457, 267.738952637, 214.749145508, 282.223815918, 267.351043701, 204.585296631, 186.740432739, 156.398117065, 159.13053894, 169.436248779, 246.56451416, 127.951522827, 88.3473739624, 77.285194397, 56.1698684692, 34.692150116, 32.5059967041, 17.7774715424, 10.6722145081, 4.67088079453, 0.973635196686, 0.0491041652858, 0.000866115326062],
        "mean": [0.803300738335, 1.90750193596, 3.44812560081, 6.52205991745, 8.96064662933, 13.2633085251, 15.6141424179, 14.1397180557, 21.1307849884, 22.8597297668, 14.8253526688, 25.2322616577, 18.8475780487, 18.5019779205, 21.7268981934, 29.0009937286, 29.6542224884, 26.1213302612, 26.1865158081, 26.4739265442, 22.31291008, 22.4957141876, 24.3268070221, 23.9070835114, 22.3437709808, 20.1512794495, 18.3318424225, 17.2258491516, 15.140250206, 12.0476140976, 8.44212150574, 5.9620513916, 4.13950061798, 2.9986717701, 1.58485519886, 0.84971255064, 0.341366946697, 0.0644816160202, 0.00328393094242, 0.000113047513878],
        "median": [0.615183234215, 1.18223524094, 0.784567832947, 1.84291744232, 2.20733976364, 4.1353559494, 6.96078205109, 7.81744337082, 13.4483623505, 15.7609443665, 10.2969398499, 20.1711235046, 14.3532314301, 12.3199424744, 13.3478889465, 17.2058887482, 21.5145263672, 18.9027099609, 19.3235301971, 20.2280502319, 17.9022083282, 16.0240402222, 17.1396408081, 18.2171859741, 18.0361213684, 15.4697360992, 13.9646835327, 11.3285541534, 10.2607860565, 8.39363670349, 5.83816766739, 4.38700008392, 2.81338119507, 1.67366576195, 0.739462852478, 0.334197998047, 0.136619210243, 0.0313782095909, 0.00165284867398, 8.83505708771e-05],
        "min": [2.7918712176e-17, 1.92259260435e-16, 8.53370236007e-16, 2.78540220199e-15, 7.46594829687e-15, 1.72207642704e-14, 3.45531776477e-14, 6.08697323773e-14, 9.37227929271e-14, 1.23653867636e-13, 1.33928201103e-13, 1.08206792051e-13, 5.29747856096e-14, 1.90047122191e-14, 7.72359810114e-14, 2.16995028174e-13, 2.70279268801e-13, 1.33773919134e-13, 2.38168290428e-13, 1.04112280862e-12, 1.43687188883e-12, 5.00346454806e-13, 3.4775036583e-13, 3.74448844327e-13, 1.0977126326e-12, 1.5751241457e-12, 1.202396906e-12, 8.28254077736e-13, 1.04270303329e-12, 2.06822948524e-12, 6.93350812962e-13, 1.56729035132e-12, 8.97247825083e-13, 8.59121096746e-13, 5.31089115827e-13, 4.77256363769e-13, 2.20618540255e-13, 8.17050013801e-14, 2.14913603949e-14, 1.96025510379e-15],
        "var": [0.639796853065, 7.04201841354, 56.3937454224, 253.369338989, 681.597717285, 1250.97973633, 900.742797852, 872.207092285, 1758.51245117, 1132.59558105, 297.29888916, 450.346221924, 291.062835693, 730.308349609, 871.345397949, 2038.99230957, 975.044677734, 1390.8873291, 631.256164551, 651.996459961, 450.121765137, 567.66015625, 696.501586914, 568.740112305, 407.169769287, 375.210357666, 332.705108643, 392.248809814, 257.091583252, 163.604934692, 79.734161377, 36.8041267395, 18.7861328125, 11.3503875732, 3.72482943535, 1.23475396633, 0.205436006188, 0.00687982095405, 1.84501350304e-05, 9.63861079839e-09]
    },
    "gfcc": {
        "mean": [31.0539588928, 68.2222900391, -103.471435547, 26.1340694427, -55.7753944397, 14.0228948593, -34.0837173462, 11.1969413757, -21.8734130859, 10.8064832687, -14.9761962891, 2.97654938698, -12.3344726562],
        "cov": [[12322.1230469, -3381.68823242, 287.642730713, 1611.64038086, 261.921356201, 1189.11425781, 82.3269577026, 631.425354004, -36.5013694763, 674.895141602, 11.0351114273, 1007.83508301, -9.04862880707], [-3381.68823242, 2443.58007812, -99.9392623901, -466.16204834, 158.072158813, -435.156219482, 108.231529236, -298.681365967, 94.0081253052, -329.373291016, 128.247589111, -412.878753662, 109.998283386], [287.642730713, -99.9392623901, 799.446228027, 204.325439453, 246.900192261, 277.702362061, 103.743011475, 215.984085083, 71.1135787964, 129.832336426, 17.3395442963, 115.527984619, 68.3338699341], [1611.64038086, -466.16204834, 204.325439453, 528.009277344, 134.92326355, 262.973083496, 85.1610565186, 113.41394043, 86.3473510742, 131.544219971, 67.9041976929, 225.347305298, 59.8264122009], [261.921356201, 158.072158813, 246.900192261, 134.92326355, 280.613464355, 162.036865234, 154.22744751, 108.720146179, 76.6380844116, 61.9317932129, 57.9477844238, 71.4073791504, 53.4850158691], [1189.11425781, -435.156219482, 277.702362061, 262.973083496, 162.036865234, 335.185882568, 117.620399475, 202.402191162, 63.0638160706, 151.377914429, 49.7086715698, 178.250350952, 37.8678436279], [82.3269577026, 108.231529236, 103.743011475, 85.1610565186, 154.22744751, 117.620399475, 175.648300171, 85.9950485229, 92.6774978638, 60.4084320068, 62.2338943481, 67.641998291, 32.0074806213], [631.425354004, -298.681365967, 215.984085083, 113.41394043, 108.720146179, 202.402191162, 85.9950485229, 209.810150146, 70.6252822876, 117.548606873, 32.5805053711, 114.004440308, 25.9536705017], [-36.5013694763, 94.0081253052, 71.1135787964, 86.3473510742, 76.6380844116, 63.0638160706, 92.6774978638, 70.6252822876, 140.72795105, 59.2581977844, 67.7375183105, 64.4444885254, 52.9152412415], [674.895141602, -329.373291016, 129.832336426, 131.544219971, 61.9317932129, 151.377914429, 60.4084320068, 117.548606873, 59.2581977844, 152.710235596, 36.8012123108, 124.727775574, 20.569103241], [11.0351114273, 128.247589111, 17.3395442963, 67.9041976929, 57.9477844238, 49.7086715698, 62.2338943481, 32.5805053711, 67.7375183105, 36.8012123108, 129.742431641, 72.2112503052, 52.1485328674], [1007.83508301, -412.878753662, 115.527984619, 225.347305298, 71.4073791504, 178.250350952, 67.641998291, 114.004440308, 64.4444885254, 124.727775574, 72.2112503052, 246.378265381, 52.9138793945], [-9.04862880707, 109.998283386, 68.3338699341, 59.8264122009, 53.4850158691, 37.8678436279, 32.0074806213, 25.9536705017, 52.9152412415, 20.569103241, 52.1485328674, 52.9138793945, 95.5038146973]],
        "icov": [[0.000255795021076, -8.20752757136e-05, 0.000348461529939, -0.000574634817895, -0.000133634108352, -0.000429193110904, 0.000446529011242, -0.000404007500038, 0.00059188256273, -0.000434587564087, 0.000427196180681, -0.000523301889189, 0.000256893865298], [-8.20752757136e-05, 0.00244426866993, -0.000792154984083, 0.00120618275832, -0.00175096304156, 0.0014116151724, -0.00175838393625, 0.00236022216268, -0.00198952038772, 0.0027568154037, -0.00300677563064, 0.00305185141042, -0.00218351231888], [0.000348461529939, -0.000792154984083, 0.00297960662283, -0.00115406746045, -0.00140198878944, -0.00173327676021, 0.00224435189739, -0.00235798163339, 0.00121935503557, -0.00171841378324, 0.0022143451497, -0.00104961101897, -3.56484852091e-05], [-0.000574634817895, 0.00120618275832, -0.00115406746045, 0.00623624399304, -0.001328518847, -0.0024435906671, 1.04659065983e-05, 0.00506407767534, -0.00456811673939, 0.00233156397007, -0.00170328852255, -0.000233401049627, -0.00110305496491], [-0.000133634108352, -0.00175096304156, -0.00140198878944, -0.001328518847, 0.0112864691764, -0.00170502183028, -0.00658480124548, -0.00187589670531, 0.00275239883922, -0.000522879883647, 0.00121099024545, -0.000496441556606, -0.000887252681423], [-0.000429193110904, 0.0014116151724, -0.00173327676021, -0.0024435906671, -0.00170502183028, 0.0162704344839, -0.00528263067827, -0.00695918500423, 0.00378846260719, -0.00112809275743, -0.00269200839102, 0.00132940185722, -0.001853142865], [0.000446529011242, -0.00175838393625, 0.00224435189739, 1.04659065983e-05, -0.00658480124548, -0.00528263067827, 0.0189255531877, -0.00110166310333, -0.00571120530367, -0.00220461259596, 0.00106908997986, -0.00362346717156, 0.00525704864413], [-0.000404007500038, 0.00236022216268, -0.00235798163339, 0.00506407767534, -0.00187589670531, -0.00695918500423, -0.00110166310333, 0.0192784052342, -0.00796289090067, -0.000147662940435, -0.00199319142848, 0.00196876050904, -0.000860396015923], [0.00059188256273, -0.00198952038772, 0.00121935503557, -0.00456811673939, 0.00275239883922, 0.00378846260719, -0.00571120530367, -0.00796289090067, 0.0202008727938, -0.00647432543337, -0.000229239085456, -0.00164583348669, -0.00338998157531], [-0.000434587564087, 0.0027568154037, -0.00171841378324, 0.00233156397007, -0.000522879883647, -0.00112809275743, -0.00220461259596, -0.000147662940435, -0.00647432543337, 0.0201634597033, -0.00380210066214, -0.00063245970523, -0.000257302861428], [0.000427196180681, -0.00300677563064, 0.0022143451497, -0.00170328852255, 0.00121099024545, -0.00269200839102, 0.00106908997986, -0.00199319142848, -0.000229239085456, -0.00380210066214, 0.0171603206545, -0.00685697374865, -0.00106640090235], [-0.000523301889189, 0.00305185141042, -0.00104961101897, -0.000233401049627, -0.000496441556606, 0.00132940185722, -0.00362346717156, 0.00196876050904, -0.00164583348669, -0.00063245970523, -0.00685697374865, 0.0153197944164, -0.00593278650194], [0.000256893865298, -0.00218351231888, -3.56484852091e-05, -0.00110305496491, -0.000887252681423, -0.001853142865, 0.00525704864413, -0.000860396015923, -0.00338998157531, -0.000257302861428, -0.00106640090235, -0.00593278650194, 0.0192331783473]]
    },
    "melbands": {
        "dmean": [0.00263880076818, 0.00182572030462, 0.0015446045436, 0.00104465393815, 0.000562425877433, 0.000299235020066, 0.000272830337053, 0.000166449550306, 7.60453112889e-05, 8.21476860438e-05, 4.89212361572e-05, 3.91636822314e-05, 4.03275844292e-05, 3.74142473447e-05, 4.94581872772e-05, 3.17592603096e-05, 2.56822095253e-05, 2.2008902306e-05, 2.13528837776e-05, 1.78244390554e-05, 1.18452690003e-05, 1.24075950225e-05, 1.0117045349e-05, 9.38623270486e-06, 8.42911867949e-06, 7.87475164543e-06, 7.17071816325e-06, 6.10836741544e-06, 5.11061443831e-06, 5.08852417624e-06, 6.03358012086e-06, 3.99875762014e-06, 3.51387302544e-06, 2.89317131319e-06, 2.16937542064e-06, 1.71909925939e-06, 1.32838601985e-06, 1.17024001156e-06, 1.3539071233e-06, 1.20355571198e-06],
        "dmean2": [0.00465823756531, 0.00298341619782, 0.00277757761069, 0.00194043491501, 0.00102797953878, 0.000543867470697, 0.000483267416712, 0.000288253388135, 0.000128521380248, 0.000134489848278, 8.19192136987e-05, 6.47582055535e-05, 6.62122401991e-05, 6.33028321317e-05, 8.36600665934e-05, 5.47861563973e-05, 4.31774060417e-05, 3.7940502807e-05, 3.65653941117e-05, 3.11485819111e-05, 2.05749292945e-05, 2.15137933992e-05, 1.73705429916e-05, 1.59114806593e-05, 1.40275224112e-05, 1.35425161716e-05, 1.22434530567e-05, 1.04852733784e-05, 8.49801381264e-06, 8.66483424034e-06, 1.05877734313e-05, 6.7555502028e-06, 6.09980770605e-06, 5.16884210811e-06, 3.82860343962e-06, 3.00393639918e-06, 2.26600741371e-06, 2.01487137019e-06, 2.37619406107e-06, 2.04878324439e-06],
        "dvar": [1.26831846501e-05, 1.24218140627e-05, 1.29120662677e-05, 9.08282981982e-06, 2.13399789573e-06, 7.36918934763e-07, 6.16881152382e-07, 1.64296622529e-07, 1.56876911461e-08, 1.00282298021e-08, 4.72614347657e-09, 5.82511994196e-09, 4.08625888682e-09, 9.78815606345e-09, 7.58490426023e-09, 2.48280329629e-09, 2.09497064141e-09, 9.71779656744e-10, 8.53712878168e-10, 6.48612052956e-10, 2.74281958257e-10, 3.2761010571e-10, 2.20120713323e-10, 1.67213146107e-10, 1.37815675538e-10, 1.13166698235e-10, 9.14559816767e-11, 7.52258463854e-11, 5.1672433693e-11, 6.45282299816e-11, 1.12447350042e-10, 3.54598260477e-11, 2.82870844803e-11, 1.99559691688e-11, 1.25509611384e-11, 7.3560151026e-12, 3.91739288577e-12, 3.19759995392e-12, 5.69828646074e-12, 3.52441448422e-12],
        "dvar2": [3.86401588912e-05, 3.06159672618e-05, 3.557862874e-05, 2.59300795733e-05, 6.13094425717e-06, 2.13536463889e-06, 1.77464005446e-06, 4.78989420571e-07, 4.35941451826e-08, 2.83934600276e-08, 1.31191182362e-08, 1.48548897627e-08, 1.03720809719e-08, 2.95736555245e-08, 1.97909724164e-08, 7.25529014645e-09, 6.01477179174e-09, 2.85752022045e-09, 2.46293807571e-09, 1.96220995008e-09, 7.96633259359e-10, 9.5406571532e-10, 6.3067817635e-10, 4.74977113196e-10, 3.740540655e-10, 3.43819889226e-10, 2.66249217118e-10, 2.13328257836e-10, 1.42459904984e-10, 1.93836321993e-10, 3.65367541777e-10, 1.00996273844e-10, 8.70194888369e-11, 6.46964218309e-11, 4.04805806931e-11, 2.27348695425e-11, 1.1640815048e-11, 9.64442328083e-12, 1.67677833424e-11, 1.00191252864e-11],
        "max": [0.0393107496202, 0.0684532672167, 0.0386147685349, 0.025519810617, 0.022025693208, 0.0107548143715, 0.00972703937441, 0.00549699598923, 0.00177072978113, 0.00138294976205, 0.00111948046833, 0.00445599295199, 0.00241565704346, 0.004158528056, 0.00321077601984, 0.00219362718053, 0.00232428708114, 0.000393275928218, 0.000533108599484, 0.000331009883666, 0.000379033968784, 0.000313344382448, 0.000193688567379, 0.000163314573001, 0.000173039719812, 0.000132539978949, 0.000117210780445, 0.000107735628262, 0.00011177725537, 9.92751010926e-05, 0.000172181491507, 7.87768512964e-05, 6.00760249654e-05, 4.95520471304e-05, 5.44475806237e-05, 4.1180766857e-05, 3.52433198714e-05, 2.992980626e-05, 4.39157702203e-05, 2.42133664869e-05],
        "mean": [0.00558317499235, 0.00201137247495, 0.00119367195293, 0.000805665156804, 0.000556089973543, 0.000333090050844, 0.000334554177243, 0.000224986841204, 0.000122976765851, 0.000162508513313, 9.03929030756e-05, 7.22339973436e-05, 7.42506308598e-05, 6.96726347087e-05, 8.69999857969e-05, 5.79592233407e-05, 4.66329765914e-05, 4.08171581512e-05, 4.00944081775e-05, 3.18514212267e-05, 2.42912556132e-05, 2.39826167672e-05, 2.11651422433e-05, 2.06452568818e-05, 1.91949638975e-05, 1.6499127014e-05, 1.58084112627e-05, 1.27100211103e-05, 1.15576849566e-05, 1.01506475403e-05, 1.00797969935e-05, 8.68237020768e-06, 7.78927369538e-06, 6.19844195171e-06, 5.01854628965e-06, 4.04404318033e-06, 3.47173386217e-06, 2.87549937639e-06, 2.81048733086e-06, 2.43137969846e-06],
        "median": [0.00479353498667, 0.000749351340346, 0.00032825692324, 0.000224232382607, 0.000242090958636, 0.000189914309885, 0.000220540910959, 0.000157485643285, 8.30732897157e-05, 0.000129967200337, 6.63187820464e-05, 4.70174782095e-05, 4.62993011752e-05, 3.76427778974e-05, 4.7750036174e-05, 4.00341814384e-05, 3.14799362968e-05, 2.77789331449e-05, 3.00437495753e-05, 2.2543783416e-05, 1.86590186786e-05, 1.63587865245e-05, 1.40670053952e-05, 1.50064461195e-05, 1.41728551171e-05, 1.21823131849e-05, 1.23898898892e-05, 9.19667400012e-06, 8.75179284776e-06, 6.98069015925e-06, 6.12564599578e-06, 5.58908595849e-06, 5.29470707988e-06, 4.19311072619e-06, 3.39848338626e-06, 2.79647565549e-06, 2.5020724479e-06, 1.92727065951e-06, 1.73946727955e-06, 1.28308079184e-06],
        "min": [2.64907951591e-19, 3.83418066253e-19, 5.94825371692e-19, 8.60476389967e-19, 1.1480807817e-18, 1.36849132772e-18, 1.4609018778e-18, 1.36300081301e-18, 1.06967615715e-18, 6.41967221982e-19, 2.46085275807e-19, 6.50023599256e-20, 1.8041164589e-19, 4.76321254089e-19, 6.64549562897e-19, 5.23740054788e-19, 1.97915227091e-19, 2.35457788544e-19, 9.7586756843e-19, 1.80303163737e-18, 1.64971153949e-18, 6.09174060187e-19, 1.4050140918e-19, 4.46572892431e-19, 2.6317363819e-19, 3.85435637315e-19, 1.39126836627e-18, 9.07080986449e-19, 5.60210241201e-19, 9.04437317212e-19, 3.34091089128e-19, 6.26671928673e-19, 6.98391589708e-19, 1.27758117987e-18, 3.09350453049e-19, 4.15011531816e-19, 1.17558815598e-18, 5.95184316379e-19, 5.5745066328e-19, 7.90695071601e-19],
        "var": [2.80090080196e-05, 1.26197292047e-05, 8.29439522931e-06, 5.21421907251e-06, 1.29820557504e-06, 4.55685778888e-07, 3.84267593745e-07, 1.08696589507e-07, 1.90244406895e-08, 1.8380774236e-08, 7.26562499054e-09, 1.07555999662e-08, 8.75464056804e-09, 2.47862885772e-08, 2.25474767745e-08, 5.01167907174e-09, 4.38697833616e-09, 1.74386205476e-09, 1.55825474746e-09, 1.08357789408e-09, 5.93864180054e-10, 7.05221436803e-10, 5.76761027826e-10, 4.66577887437e-10, 4.02495203833e-10, 2.64049143661e-10, 2.18085910442e-10, 1.7024157084e-10, 1.35798636225e-10, 1.24399268664e-10, 1.57252155741e-10, 9.00751417898e-11, 7.35357330583e-11, 4.51767512288e-11, 2.99902880307e-11, 1.88374645743e-11, 1.30384921609e-11, 9.67156649906e-12, 1.02615485553e-11, 7.95139475096e-12]
    },
    "mfcc": {
        "mean": [-614.738891602, 104.519355774, 7.36995744705, 17.470500946, 2.38866710663, 5.42798900604, 1.26692569256, -0.305261492729, 0.34122350812, 5.26864719391, 2.78042125702, -0.0384788587689, 1.50786733627],
        "cov": [[9530.93554688, -2579.95166016, -75.9726028442, 555.029296875, 280.432312012, 636.413879395, 241.329681396, 517.458679199, 173.392929077, -9.61943244934, 280.652374268, 400.749938965, 225.901168823], [-2579.95166016, 1883.46655273, 21.1353626251, -152.408447266, -20.2175159454, -179.084091187, -13.5802335739, -152.3412323, -61.3790435791, -12.3984994888, -75.5656738281, -149.294128418, -32.4601669312], [-75.9726028442, 21.1353626251, 480.504974365, 107.911827087, 199.593917847, 112.802574158, 116.528778076, 90.5232009888, 156.774353027, -14.360909462, 86.6883926392, 107.274238586, 42.3683662415], [555.029296875, -152.408447266, 107.911827087, 244.353790283, 103.618041992, 139.338867188, 46.8967323303, 84.6226806641, 57.8299407959, -13.9570646286, 49.3594284058, 82.4698410034, 42.0950088501], [280.432312012, -20.2175159454, 199.593917847, 103.618041992, 194.704177856, 113.103744507, 113.554855347, 101.13458252, 108.437667847, 5.41967439651, 68.1128158569, 78.6059112549, 49.8641242981], [636.413879395, -179.084091187, 112.802574158, 139.338867188, 113.103744507, 198.747634888, 100.271331787, 118.511299133, 95.7409057617, -0.124586887658, 76.8381195068, 114.777198792, 62.4247665405], [241.329681396, -13.5802335739, 116.528778076, 46.8967323303, 113.554855347, 100.271331787, 159.860229492, 96.7941513062, 84.6247634888, 13.0672264099, 64.4674758911, 79.3647384644, 52.7620658875], [517.458679199, -152.3412323, 90.5232009888, 84.6226806641, 101.13458252, 118.511299133, 96.7941513062, 178.661270142, 89.6950683594, 12.4877796173, 82.0527038574, 113.051177979, 63.6297874451], [173.392929077, -61.3790435791, 156.774353027, 57.8299407959, 108.437667847, 95.7409057617, 84.6247634888, 89.6950683594, 167.170516968, 34.0566329956, 60.5631790161, 82.3011322021, 41.0954933167], [-9.61943244934, -12.3984994888, -14.360909462, -13.9570646286, 5.41967439651, -0.124586887658, 13.0672264099, 12.4877796173, 34.0566329956, 94.386680603, 22.4036159515, 2.31647610664, 9.15822219849], [280.652374268, -75.5656738281, 86.6883926392, 49.3594284058, 68.1128158569, 76.8381195068, 64.4674758911, 82.0527038574, 60.5631790161, 22.4036159515, 117.950973511, 82.8409500122, 43.6437835693], [400.749938965, -149.294128418, 107.274238586, 82.4698410034, 78.6059112549, 114.777198792, 79.3647384644, 113.051177979, 82.3011322021, 2.31647610664, 82.8409500122, 161.220153809, 70.7513427734], [225.901168823, -32.4601669312, 42.3683662415, 42.0950088501, 49.8641242981, 62.4247665405, 52.7620658875, 63.6297874451, 41.0954933167, 9.15822219849, 43.6437835693, 70.7513427734, 77.2737808228]],
