{
"lowlevel": {
    "average_loudness": 0.195444777608,
    "barkbands_crest": {
        "dmean": 2.94632363319,
        "dmean2": 4.77154922485,
        "dvar": 8.86297035217,
        "dvar2": 20.00025177,
        "max": 26.0055770874,
        "mean": 9.10189628601,
        "median": 7.27187299728,
        "min": 2.13446211815,
        "var": 30.2978630066
    },
    "barkbands_flatness_db": {
        "dmean": 0.0241622887552,
        "dmean2": 0.0376743599772,
        "dvar": 0.000651379523333,
        "dvar2": 0.00145853497088,
        "max": 0.427746623755,
        "mean": 0.105578750372,
        "median": 0.0902784839272,
        "min": 0.0154393995181,
        "var": 0.00432204501703
    },
    "barkbands_kurtosis": {
        "dmean": 2.79472637177,
        "dmean2": 4.54768562317,
        "dvar": 45.412979126,
        "dvar2": 110.772926331,
        "max": 86.7096176147,
        "mean": 2.09048604965,
        "median": -0.665585517883,
        "min": -1.89448475838,
        "var": 78.6317825317
    },
    "barkbands_skewness": {
        "dmean": 0.734816372395,
        "dmean2": 1.10505366325,
        "dvar": 0.560413300991,
        "dvar2": 1.20397162437,
        "max": 9.02397346497,
        "mean": 0.777385592461,
        "median": 0.553115546703,
        "min": -2.51801490784,
        "var": 2.37873268127
    },
    "barkbands_spread": {
        "dmean": 11.7552814484,
        "dmean2": 18.256772995,
        "dvar": 135.255004883,
        "dvar2": 322.166015625,
        "max": 106.375717163,
        "mean": 46.5922203064,
        "median": 46.9914741516,
        "min": 0.647679269314,
        "var": 474.565490723
    },
    "dissonance": {
        "dmean": 0.00814917124808,
        "dmean2": 0.0138439787552,
        "dvar": 0.000192312771105,
        "dvar2": 0.000496123218909,
        "max": 0.499995976686,
        "mean": 0.485837131739,
        "median": 0.491035163403,
        "min": 0.197014972568,
        "var": 0.000459492614027
    },
    "dynamic_complexity": 3.33603000641,
    "erbbands_crest": {
        "dmean": 1.78289568424,
        "dmean2": 2.976790905,
        "dvar": 2.95472741127,
        "dvar2": 7.75405025482,
        "max": 25.6801395416,
        "mean": 6.43327188492,
        "median": 5.76037597656,
        "min": 2.25624513626,
        "var": 7.73978042603
    },
    "erbbands_flatness_db": {
        "dmean": 0.0156615301967,
        "dmean2": 0.0232193097472,
        "dvar": 0.000328621681547,
        "dvar2": 0.000655154639389,
        "max": 0.423990637064,
        "mean": 0.139038309455,
        "median": 0.115227743983,
        "min": 0.0433542877436,
        "var": 0.00362113211304
    },
    "erbbands_kurtosis": {
        "dmean": 1.18948805332,
        "dmean2": 1.82859492302,
        "dvar": 2.55622529984,
        "dvar2": 5.92746257782,
        "max": 56.5401878357,
        "mean": 1.19984436035,
        "median": 0.773031711578,
        "min": -1.73688054085,
        "var": 6.45083045959
    },
    "erbbands_skewness": {
        "dmean": 0.360249638557,
        "dmean2": 0.557370424271,
        "dvar": 0.128206446767,
        "dvar2": 0.300712734461,
        "max": 5.65335416794,
        "mean": -0.804990231991,
        "median": -0.943075895309,
        "min": -2.94741988182,
        "var": 0.686148941517
    },
    "erbbands_spread": {
        "dmean": 10.2546701431,
        "dmean2": 16.0031452179,
        "dvar": 112.68422699,
        "dvar2": 239.612228394,
        "max": 133.123291016,
        "mean": 41.5081138611,
        "median": 38.5237617493,
        "min": 2.25870990753,
        "var": 355.084320068
    },
    "hfc": {
        "dmean": 20.7562332153,
        "dmean2": 30.6493759155,
        "dvar": 827.201599121,
        "dvar2": 2045.51098633,
        "max": 244.84312439,
        "mean": 32.6377754211,
        "median": 19.2525405884,
        "min": 1.12810256665e-16,
        "var": 1192.22558594
    },
    "melbands_crest": {
        "dmean": 4.01595163345,
        "dmean2": 6.41197633743,
        "dvar": 11.7893848419,
        "dvar2": 29.1656455994,
        "max": 37.5060462952,
        "mean": 14.6308221817,
        "median": 13.6143131256,
        "min": 1.90737438202,
        "var": 47.1227073669
    },
    "melbands_flatness_db": {
        "dmean": 0.0357965305448,
        "dmean2": 0.053948700428,
        "dvar": 0.00113150977995,
        "dvar2": 0.00246457871981,
        "max": 0.558113992214,
        "mean": 0.152226746082,
        "median": 0.138809382915,
        "min": 0.00517281563953,
        "var": 0.00780778797343
    },
    "melbands_kurtosis": {
        "dmean": 9.75922966003,
        "dmean2": 15.4631891251,
        "dvar": 442.959899902,
        "dvar2": 1075.88977051,
        "max": 355.791015625,
        "mean": 12.7015600204,
        "median": 4.16261196136,
        "min": -1.81841909885,
        "var": 666.02923584
    },
    "melbands_skewness": {
        "dmean": 1.03506755829,
        "dmean2": 1.58099353313,
        "dvar": 1.39736461639,
        "dvar2": 3.09465622902,
        "max": 16.8523807526,
        "mean": 2.65461063385,
        "median": 2.16355776787,
        "min": -0.759349346161,
        "var": 4.45188236237
    },
    "melbands_spread": {
        "dmean": 22.3393421173,
        "dmean2": 34.116268158,
        "dvar": 628.628417969,
        "dvar2": 1373.36376953,
        "max": 229.684234619,
        "mean": 58.7972831726,
        "median": 48.3626441956,
        "min": 0.817060530186,
        "var": 1950.93286133
    },
    "pitch_salience": {
        "dmean": 0.0897180661559,
        "dmean2": 0.143809735775,
        "dvar": 0.00772426463664,
        "dvar2": 0.0181018970907,
        "max": 0.842684149742,
        "mean": 0.578238368034,
        "median": 0.625446915627,
        "min": 0.0543036386371,
        "var": 0.0255295503885
    },
    "silence_rate_20dB": {
        "dmean": 0.0140144666657,
        "dmean2": 0.0280352700502,
        "dvar": 0.0138166965917,
        "dvar2": 0.0385591126978,
        "max": 1,
        "mean": 0.991638422012,
        "median": 1,
        "min": 0,
        "var": 0.00829081516713
    },
    "silence_rate_30dB": {
        "dmean": 0.0194394215941,
        "dmean2": 0.0388876311481,
        "dvar": 0.0190639700741,
        "dvar2": 0.0391828678548,
        "max": 1,
        "mean": 0.972881376743,
        "median": 1,
        "min": 0,
        "var": 0.0263811033219
    },
    "silence_rate_60dB": {
        "dmean": 0.0194394215941,
        "dmean2": 0.0388876311481,
        "dvar": 0.0190621223301,
        "dvar2": 0.0459653772414,
        "max": 1,
        "mean": 0.104858756065,
        "median": 0,
        "min": 0,
        "var": 0.0938643366098
    },
    "spectral_centroid": {
        "dmean": 410.55581665,
        "dmean2": 624.744262695,
        "dvar": 197291.046875,
        "dvar2": 431872.09375,
        "max": 11611.7373047,
        "mean": 2572.99487305,
        "median": 2717.76831055,
        "min": 254.928405762,
        "var": 816430.0625
    },
    "spectral_complexity": {
        "dmean": 6.11482810974,
        "dmean2": 8.68686389923,
        "dvar": 38.0585784912,
        "dvar2": 68.4352645874,
        "max": 61,
        "mean": 23.796836853,
        "median": 26,
        "min": 0,
        "var": 172.560272217
    },
    "spectral_decrease": {
        "dmean": 3.55566132093e-09,
        "dmean2": 5.4760129764e-09,
        "dvar": 1.90743812613e-16,
        "dvar2": 4.46488695371e-16,
        "max": 1.09624413917e-28,
        "mean": -5.20822052152e-09,
        "median": -2.21735030337e-09,
        "min": -1.69307739384e-07,
        "var": 1.88021448721e-16
    },
    "spectral_energy": {
        "dmean": 0.014658360742,
        "dmean2": 0.0226007867604,
        "dvar": 0.00279522570781,
        "dvar2": 0.00652270903811,
        "max": 0.647323071957,
        "mean": 0.022617418319,
        "median": 0.0116494391114,
        "min": 1.05348713073e-20,
        "var": 0.00277810753323
    },
    "spectral_energyband_high": {
        "dmean": 0.00217515230179,
        "dmean2": 0.00323290820234,
        "dvar": 9.18821024243e-06,
        "dvar2": 2.16299522435e-05,
        "max": 0.0211543552577,
        "mean": 0.00313363177702,
        "median": 0.0015598674072,
        "min": 7.3095349636e-21,
        "var": 1.41012787935e-05
    },
    "spectral_energyband_low": {
        "dmean": 0.0115057565272,
        "dmean2": 0.0181513950229,
        "dvar": 0.00251705152914,
        "dvar2": 0.00602364027873,
        "max": 0.616622984409,
        "mean": 0.0126712750643,
        "median": 0.00227342545986,
        "min": 4.55646469063e-23,
        "var": 0.00237356731668
    },
    "spectral_energyband_middle_high": {
        "dmean": 0.00169537647162,
        "dmean2": 0.00279411813244,
        "dvar": 1.45290332512e-05,
        "dvar2": 3.86281571991e-05,
        "max": 0.063167616725,
        "mean": 0.00320524699055,
        "median": 0.00267850537784,
        "min": 1.46946394193e-21,
        "var": 1.32350560307e-05
    },
    "spectral_energyband_middle_low": {
        "dmean": 0.00305353477597,
        "dmean2": 0.00502241589129,
        "dvar": 6.33166491752e-05,
        "dvar2": 0.000145188067108,
        "max": 0.0704898387194,
        "mean": 0.00397400092334,
        "median": 0.00180729478598,
        "min": 2.31200136652e-22,
        "var": 6.36123368167e-05
    },
    "spectral_entropy": {
        "dmean": 0.166080459952,
        "dmean2": 0.253654390574,
        "dvar": 0.0322119444609,
        "dvar2": 0.0689539164305,
        "max": 9.80815410614,
        "mean": 8.02530002594,
        "median": 8.09748840332,
        "min": 4.90970277786,
        "var": 0.264429032803
    },
    "spectral_flux": {
        "dmean": 0.0298617258668,
        "dmean2": 0.0429711677134,
        "dvar": 0.00335546676069,
        "dvar2": 0.00674565182999,
        "max": 0.741507351398,
        "mean": 0.0844302102923,
        "median": 0.0677551850677,
        "min": 6.86502799052e-11,
        "var": 0.00583738647401
    },
    "spectral_kurtosis": {
        "dmean": 1.79511654377,
        "dmean2": 2.90564632416,
        "dvar": 11.3593139648,
        "dvar2": 30.978931427,
        "max": 116.333953857,
        "mean": 3.69122862816,
        "median": 2.43490123749,
        "min": -1.25667786598,
        "var": 45.6386985779
    },
    "spectral_rms": {
        "dmean": 0.00100877822842,
        "dmean2": 0.0014876575442,
        "dvar": 3.89541219192e-06,
        "dvar2": 7.72158637119e-06,
        "max": 0.025130353868,
        "mean": 0.00383547972888,
        "median": 0.0033712470904,
        "min": 3.20592012139e-12,
        "var": 7.35487219572e-06
    },
    "spectral_rolloff": {
        "dmean": 1489.03137207,
        "dmean2": 2277.80883789,
        "dvar": 3030934,
        "dvar2": 6318943,
        "max": 19401.4160156,
        "mean": 4002.53466797,
        "median": 3617.578125,
        "min": 43.06640625,
        "var": 8327110.5
    },
    "spectral_skewness": {
        "dmean": 0.248784258962,
        "dmean2": 0.391990244389,
        "dvar": 0.0807972028852,
        "dvar2": 0.210546448827,
        "max": 8.74929046631,
        "mean": 1.05063354969,
        "median": 1.05140399933,
        "min": -0.405450254679,
        "var": 0.536229550838
    },
    "spectral_spread": {
        "dmean": 926737.625,
        "dmean2": 1351800,
        "dvar": 1.68930023834e+12,
        "dvar2": 3.47846370918e+12,
        "max": 51251848,
        "mean": 5044058.5,
        "median": 5109972,
        "min": 715448.125,
        "var": 6.74873527501e+12
    },
    "spectral_strongpeak": {
        "dmean": 0.470072358847,
        "dmean2": 0.848481237888,
        "dvar": 1.70641648769,
        "dvar2": 4.58555221558,
        "max": 10.6771183014,
        "mean": 0.468469172716,
        "median": 0.223580598831,
        "min": 0,
        "var": 1.2032661438
    },
    "zerocrossingrate": {
        "dmean": 0.0262366179377,
        "dmean2": 0.0295135825872,
        "dvar": 0.000707322207745,
        "dvar2": 0.000919736747164,
        "max": 0.64501953125,
        "mean": 0.118710495532,
        "median": 0.10302734375,
        "min": 0.00634765625,
        "var": 0.00543767726049
    },
    "barkbands": {
        "dmean": [0.000358390476322, 0.00978606753051, 0.00230340263806, 0.00106958125252, 0.00181271717884, 0.000575396115892, 0.000187575889868, 7.03163968865e-05, 0.000223149938392, 0.000197488290723, 0.000119871328934, 0.000170056286152, 0.000195352738956, 0.000163386925124, 0.000200297639822, 0.000211733655306, 0.000254643178778, 0.000331405142788, 0.000310906703817, 0.000339944323059, 0.000288621289656, 0.000546926865354, 0.000517771870364, 0.000245823001023, 0.000390706030885, 0.000183630836545, 4.40761141363e-05],
        "dmean2": [0.000639290490653, 0.0156511608511, 0.00424561835825, 0.00188586907461, 0.00302753737196, 0.0010157674551, 0.000348546134774, 0.000125163729535, 0.00039628619561, 0.000359433906851, 0.000209156642086, 0.000306658970658, 0.00034270141623, 0.000269288866548, 0.000346262269886, 0.00036163275945, 0.000413707166445, 0.000542698195204, 0.000504648895003, 0.000536324863788, 0.000445236160886, 0.000837705330923, 0.00081699405564, 0.00040062161861, 0.00060881342506, 0.000278646301012, 7.24568744772e-05],
        "dvar": [1.5235916635e-06, 0.0020926205907, 7.62877243687e-05, 9.55959967541e-06, 2.82382516161e-05, 1.64891991972e-06, 2.56570302781e-07, 3.64135388509e-08, 1.57569104431e-07, 2.70370605904e-07, 1.42997791386e-07, 4.22883744022e-07, 3.1218166896e-07, 7.6044194941e-08, 2.74228341368e-07, 1.1791865262e-07, 1.47040609022e-07, 3.3339415495e-07, 1.53302053718e-07, 2.17227409394e-07, 1.89234313552e-07, 6.43870805561e-07, 8.33131878153e-07, 1.54722442858e-07, 3.64156932164e-07, 7.87171146044e-08, 1.04372777088e-08],
        "dvar2": [4.27754139309e-06, 0.00510947359726, 0.000222467788262, 2.58723612205e-05, 6.36183176539e-05, 4.76585000797e-06, 7.38435232961e-07, 1.05979225395e-07, 4.60799441271e-07, 7.66651282902e-07, 3.97806587671e-07, 1.19000117138e-06, 8.4227718844e-07, 1.60278602834e-07, 7.34268098768e-07, 3.28832214791e-07, 3.89154763525e-07, 9.12396728836e-07, 3.64217811466e-07, 5.19299931057e-07, 4.65069433631e-07, 1.57495969688e-06, 1.98559746423e-06, 3.76875647135e-07, 8.80238246737e-07, 1.89083124269e-07, 2.49808174146e-08],
        "max": [0.0144876753911, 0.539816558361, 0.11050054431, 0.0286243893206, 0.049415782094, 0.0160366166383, 0.00468366313726, 0.00262495083734, 0.00471252063289, 0.00495128333569, 0.007149877958, 0.0112419575453, 0.0112771214917, 0.00426881527528, 0.00812406372279, 0.00409355200827, 0.00647008046508, 0.00583011657, 0.00504956766963, 0.00352426525205, 0.0046968376264, 0.00510613014922, 0.00697249127552, 0.00598247395828, 0.00453957961872, 0.00187609321438, 0.00133776327129],
        "mean": [0.000334892625688, 0.0101514924318, 0.00186514190864, 0.000881302403286, 0.00169511791319, 0.000823710113764, 0.000146041798871, 7.75180014898e-05, 0.000286600203253, 0.000174777494976, 0.000140202551847, 0.000181217576028, 0.000219007211854, 0.000231811369304, 0.000208614335861, 0.000358660676284, 0.000437730719568, 0.000511829275638, 0.000514814746566, 0.000583277549595, 0.000476338609587, 0.000668143329676, 0.000678694166709, 0.000284808396827, 0.000401372351917, 0.000232314283494, 5.20157482242e-05],
        "median": [8.81491287146e-05, 0.00136391632259, 0.000320635241223, 0.000216228771023, 0.000424555852078, 0.000606431509368, 4.25363541581e-05, 4.01869765483e-05, 0.000146688631503, 7.55101427785e-05, 6.29965070402e-05, 8.1953665358e-05, 0.000122539524455, 0.000150269654114, 0.000109598477138, 0.000307309237542, 0.000353893847205, 0.000360436650226, 0.000384231825592, 0.000501076399814, 0.000364919367712, 0.00023495790083, 0.000154606750584, 7.88022662164e-05, 8.37485931697e-05, 6.64970939397e-05, 3.00432020595e-06],
        "min": [2.80951292837e-24, 7.28957016889e-24, 6.98085251047e-25, 2.85411177129e-24, 1.22196747252e-23, 2.50545962699e-23, 1.66902567602e-23, 3.49721603035e-23, 2.99926430778e-23, 3.20896278459e-23, 1.83415414278e-23, 6.19357100339e-23, 4.77602014223e-23, 3.19720497057e-23, 5.25207340162e-23, 1.07514155695e-22, 1.16438469696e-22, 1.18565364914e-22, 2.14847744285e-22, 2.47477656654e-22, 3.07450750175e-22, 4.11232937456e-22, 5.35541235004e-22, 5.95625778794e-22, 9.35869035037e-22, 1.48493753063e-21, 2.18334383268e-21],
        "var": [1.03805075469e-06, 0.00191244413145, 4.27372724516e-05, 6.48283685223e-06, 2.71632779913e-05, 1.28730027882e-06, 1.5475157511e-07, 2.33785790726e-08, 1.52017122446e-07, 1.67733446688e-07, 1.00416066573e-07, 2.89890152771e-07, 2.25097224416e-07, 1.04677326362e-07, 1.99266125378e-07, 1.18021105777e-07, 1.80473605838e-07, 3.37476393497e-07, 2.16749654669e-07, 3.0070728485e-07, 2.45085999495e-07, 8.40814095682e-07, 1.20269714898e-06, 2.0138868706e-07, 4.07052823448e-07, 1.1110929421e-07, 1.36895952352e-08]
    },
    "erbbands": {
        "dmean": [0.285040229559, 2.18586063385, 3.01924824715, 2.99587488174, 6.2502822876, 6.23275279999, 4.01037931442, 5.71400165558, 3.34031271935, 1.77577531338, 1.73673129082, 4.82025766373, 6.98593044281, 5.05547046661, 5.34099006653, 7.14854955673, 9.56076717377, 8.74947834015, 7.60394477844, 12.5446863174, 10.5133247375, 12.9306697845, 16.6969509125, 17.1070613861, 15.4639787674, 15.7115011215, 14.9354057312, 10.5702075958, 11.6716136932, 25.6762161255, 13.0145559311, 7.16472864151, 4.04878473282, 4.34134435654, 2.85078382492, 1.1501686573, 0.243232056499, 0.0633392706513, 0.00772766256705, 0.000125996331917],
        "dmean2": [0.472416967154, 3.47258138657, 5.33925533295, 5.35225725174, 10.7346811295, 10.805393219, 7.13230991364, 10.0359992981, 6.20195150375, 3.25776290894, 3.10658359528, 8.43272686005, 12.8534145355, 8.9883480072, 9.28513431549, 12.8936243057, 16.77003479, 14.6752891541, 12.6953811646, 22.1992988586, 17.6513576508, 20.9396800995, 26.7802696228, 28.0233917236, 25.517583847, 24.9059486389, 23.0058803558, 16.7985992432, 17.5555305481, 40.2874679565, 20.396484375, 11.7253065109, 6.61064004898, 6.90952205658, 4.43245029449, 1.78793668747, 0.359203308821, 0.0987542867661, 0.0127594890073, 0.000200194233912],
        "dvar": [2.13606214523, 97.7920455933, 138.597015381, 100.916679382, 404.7137146, 340.160858154, 128.278823853, 142.182373047, 78.0526046753, 26.1860027313, 13.5150356293, 70.5633163452, 364.713226318, 201.059524536, 295.337554932, 803.558166504, 874.540771484, 194.721969604, 306.85043335, 1149.375, 249.313598633, 355.794311523, 676.629089355, 774.244445801, 394.539978027, 469.578704834, 333.434997559, 288.169830322, 282.098510742, 1800.87426758, 451.830657959, 132.184585571, 40.9525566101, 45.6523628235, 20.0078411102, 3.29742574692, 0.12775978446, 0.0136586390436, 0.000327756308252, 6.12291586322e-08],
        "dvar2": [5.33078956604, 240.59803772, 393.056304932, 284.564880371, 1026.51525879, 844.520324707, 368.680114746, 408.506072998, 225.647338867, 75.4383087158, 39.1630172729, 198.732498169, 1057.11901855, 559.436096191, 811.12322998, 2261.56445312, 2373.89819336, 422.116241455, 747.638366699, 3192.0234375, 694.548217773, 934.802124023, 1737.65026855, 2095.76611328, 968.336425781, 1087.67797852, 825.054870605, 728.771118164, 646.990478516, 4368.98486328, 1093.50817871, 330.496643066, 101.81791687, 113.394485474, 48.0123939514, 8.1525850296, 0.27932575345, 0.030594624579, 0.000807242235169, 1.46624799413e-07],
        "max": [16.7831783295, 124.081192017, 164.331985474, 105.30027771, 180.058151245, 172.146743774, 117.490089417, 151.952972412, 92.5119018555, 68.4660415649, 44.6767120361, 108.485992432, 186.349807739, 216.928359985, 275.646575928, 501.010681152, 593.666503906, 207.393127441, 232.867324829, 383.688812256, 297.305053711, 297.116516113, 334.24621582, 282.923339844, 203.781005859, 161.921737671, 167.903701782, 178.081985474, 130.428939819, 294.004241943, 167.209793091, 129.48979187, 78.940612793, 52.4351463318, 30.7319602966, 11.9887199402, 2.79676532745, 1.31918513775, 0.240221828222, 0.00311494385824],
        "mean": [0.269145637751, 2.30791568756, 2.91974377632, 2.38248515129, 5.00777292252, 5.54721021652, 4.71897935867, 7.87726163864, 3.21062731743, 1.64310729504, 2.19328451157, 6.2712726593, 6.87334442139, 5.28395414352, 6.47943592072, 7.49009609222, 10.7648687363, 12.2512226105, 9.66006469727, 14.9986124039, 20.9303283691, 24.0507335663, 28.7239341736, 27.3051528931, 24.9559631348, 27.551815033, 23.6158027649, 16.4264831543, 18.0163230896, 31.3723163605, 15.6198883057, 7.43066644669, 4.74247646332, 4.52637290955, 2.86215877533, 1.27426540852, 0.341262608767, 0.0898548215628, 0.00877846870571, 0.000165772493347],
        "median": [0.0313484072685, 0.31757158041, 0.611411631107, 0.567164123058, 0.840245306492, 1.49293458462, 2.46542334557, 4.75281000137, 1.38682806492, 0.679890215397, 1.34028112888, 2.80154919624, 3.21033072472, 2.65689706802, 3.27157330513, 3.82096934319, 6.15542697906, 7.6214132309, 5.70860624313, 8.97287082672, 19.4506416321, 20.202829361, 20.9353847504, 20.624956131, 19.3330955505, 23.7428779602, 17.8262348175, 11.2691278458, 7.96832036972, 7.80963754654, 4.07407951355, 1.89198303223, 1.27784228325, 0.921418309212, 0.603473722935, 0.314559191465, 0.102431051433, 0.0224570631981, 0.000907728157472, 4.94874948345e-05],
        "min": [1.00747098591e-22, 1.53628119266e-21, 1.35159797478e-21, 5.57222747556e-21, 2.98422175773e-20, 2.94774309272e-20, 5.86809875234e-20, 2.24650932335e-19, 2.43499664308e-19, 3.15843769158e-19, 6.51098882354e-19, 7.12048186525e-19, 1.16480740766e-18, 1.90077998395e-18, 1.4505212781e-18, 2.69133179821e-18, 2.29335948907e-18, 2.26433889126e-18, 3.25695831466e-18, 4.08850230494e-18, 5.79762164583e-18, 6.12225653544e-18, 5.61188444314e-18, 1.03288752688e-17, 1.21938590117e-17, 1.32156884573e-17, 1.3155585514e-17, 1.32965577699e-17, 1.64935396999e-17, 1.41250122406e-17, 1.59334044219e-17, 1.29920246099e-17, 9.36153634605e-18, 9.97260030714e-18, 7.42306339595e-18, 5.58807239484e-18, 2.42263934021e-18, 1.13761663676e-18, 2.94660811044e-19, 3.16668939981e-20],
        "var": [1.83245408535, 89.6014938354, 88.3061218262, 61.6330871582, 312.459228516, 276.770965576, 82.8890380859, 125.068702698, 49.0570716858, 15.7468748093, 10.2167863846, 80.7051086426, 224.108291626, 136.18196106, 216.612701416, 531.318664551, 618.552734375, 259.419036865, 283.944152832, 784.669799805, 294.388671875, 477.2137146, 895.157287598, 782.888000488, 525.739807129, 677.642578125, 527.658813477, 330.030212402, 490.722991943, 2367.09204102, 597.561279297, 149.054336548, 51.5407104492, 50.34009552, 21.8691806793, 3.79393792152, 0.227771982551, 0.0228390581906, 0.000393953087041, 8.0861816798e-08]
    },
    "gfcc": {
        "mean": [-18.8313045502, 52.2964706421, -115.24672699, 54.8465919495, -43.8257904053, 8.73929786682, -27.909450531, 5.82975292206, -24.8428993225, 3.42514824867, -16.0563716888, 7.5063252449, -6.0273270607],
        "cov": [[20815.7695312, -4999.87451172, 838.884765625, 1244.25244141, 22.8798847198, 1294.49414062, -802.940307617, 724.813842773, -72.9487838745, 607.91015625, -524.206054688, 436.196228027, -788.879577637], [-4999.87451172, 4095.04931641, -1722.28479004, 254.268447876, 358.414520264, -817.443237305, 717.940917969, -509.708679199, 161.761306763, -292.782745361, 431.359344482, -348.883575439, 581.199645996], [838.884765625, -1722.28479004, 1664.93237305, -404.234222412, -211.114532471, 561.349487305, -414.835327148, 322.934356689, -92.9991378784, 106.965675354, -219.401443481, 196.425643921, -310.831726074], [1244.25244141, 254.268447876, -404.234222412, 523.091125488, 182.34677124, -14.3319883347, 149.361816406, 7.51983785629, 58.7141952515, 24.9540328979, 31.5840053558, -42.6706771851, 43.7185821533], [22.8798847198, 358.414520264, -211.114532471, 182.34677124, 268.649291992, -21.9759082794, 186.008865356, -9.93895530701, 63.5354804993, 9.48951339722, 57.7506790161, -15.0091762543, 55.1742630005], [1294.49414062, -817.443237305, 561.349487305, -14.3319883347, -21.9759082794, 388.542480469, -117.438957214, 187.103179932, -23.6435184479, 82.4854278564, -91.6666641235, 97.5087509155, -137.024536133], [-802.940307617, 717.940917969, -414.835327148, 149.361816406, 186.008865356, -117.438957214, 309.950866699, -74.3645706177, 77.9115600586, -45.5461845398, 105.900924683, -45.3309173584, 126.443786621], [724.813842773, -509.708679199, 322.934356689, 7.51983785629, -9.93895530701, 187.103179932, -74.3645706177, 179.921051025, 6.19363164902, 79.9220962524, -53.3165473938, 61.8979797363, -83.032875061], [-72.9487838745, 161.761306763, -92.9991378784, 58.7141952515, 63.5354804993, -23.6435184479, 77.9115600586, 6.19363164902, 105.795814514, 25.310716629, 55.5573272705, -1.24858391285, 43.862323761], [607.91015625, -292.782745361, 106.965675354, 24.9540328979, 9.48951339722, 82.4854278564, -45.5461845398, 79.9220962524, 25.310716629, 97.3166809082, 0.194757670164, 45.7592658997, -33.9192466736], [-524.206054688, 431.359344482, -219.401443481, 31.5840053558, 57.7506790161, -91.6666641235, 105.900924683, -53.3165473938, 55.5573272705, 0.194757670164, 107.776062012, -11.5024185181, 86.3659896851], [436.196228027, -348.883575439, 196.425643921, -42.6706771851, -15.0091762543, 97.5087509155, -45.3309173584, 61.8979797363, -1.24858391285, 45.7592658997, -11.5024185181, 92.9052963257, -32.5802078247], [-788.879577637, 581.199645996, -310.831726074, 43.7185821533, 55.1742630005, -137.024536133, 126.443786621, -83.032875061, 43.862323761, -33.9192466736, 86.3659896851, -32.5802078247, 133.71685791]],
        "icov": [[0.00013007686357, 7.07199214958e-05, 0.000209495177842, -0.000312369636958, -6.39724239591e-05, -0.000305888708681, 0.000327069952618, 0.000168177066371, -0.000147245213157, -0.000116216382594, 0.000102988276922, -0.000357112963684, 0.000422514975071], [7.07199214958e-05, 0.00135518808383, 6.85141421854e-05, -8.30400604173e-05, -0.000580156629439, 0.000224991454161, -0.000218391796807, -0.00026622985024, 0.000659986224491, 0.00136789388489, -0.00242780009285, 0.00248264451511, -0.00247206841595], [0.000209495177842, 6.85141421854e-05, 0.00284117809497, 0.000910031318199, -0.000633233226836, -0.00244473922066, 0.00208017230034, -0.00128627358936, -0.00120672618505, 0.00178676343057, 0.000343616527971, -0.00200061523356, 0.00237508118153], [-0.000312369636958, -8.30400604173e-05, 0.000910031318199, 0.00436784513295, -0.00153030222282, -0.000511785619892, -0.000695086782798, -0.00137358368374, -0.000331844843458, -0.000203024974326, 0.000893803720828, 0.00198661768809, -0.000919154437725], [-6.39724239591e-05, -0.000580156629439, -0.000633233226836, -0.00153030222282, 0.00829247944057, -3.16097748509e-06, -0.0051979245618, 0.00097203173209, -0.000674349430483, -0.00315211829729, 0.00120520463679, -0.000788103730883, 0.00171766686253], [-0.000305888708681, 0.000224991454161, -0.00244473922066, -0.000511785619892, -3.16097748509e-06, 0.00904528051615, -0.00244075502269, -0.00368175352924, 0.00162918528076, -0.000389621854993, -1.24318366943e-05, -0.000738658418413, 0.000188769699889], [0.000327069952618, -0.000218391796807, 0.00208017230034, -0.000695086782798, -0.0051979245618, -0.00244075502269, 0.0124297495931, -0.00170263135806, -0.00315905269235, 0.00648975325748, -0.00331758125685, -0.00212339241989, -0.000917867175303], [0.000168177066371, -0.00026622985024, -0.00128627358936, -0.00137358368374, 0.00097203173209, -0.00368175352924, -0.00170263135806, 0.0175031665713, -0.0025631422177, -0.0100406575948, 0.00596289057285, -0.00185487954877, 0.0019038352184], [-0.000147245213157, 0.000659986224491, -0.00120672618505, -0.000331844843458, -0.000674349430483, 0.00162918528076, -0.00315905269235, -0.0025631422177, 0.0172932893038, -0.00409145420417, -0.00730371428654, 0.00380152207799, -0.00415741838515], [-0.000116216382594, 0.00136789388489, 0.00178676343057, -0.000203024974326, -0.00315211829729, -0.000389621854993, 0.00648975325748, -0.0100406575948, -0.00409145420417, 0.028298754245, -0.0117648104206, -0.00338716548868, 0.00141231983434], [0.000102988276922, -0.00242780009285, 0.000343616527971, 0.000893803720828, 0.00120520463679, -1.24318366943e-05, -0.00331758125685, 0.00596289057285, -0.00730371428654, -0.0117648104206, 0.0331494957209, -0.00754840765148, -0.0058421692811], [-0.000357112963684, 0.00248264451511, -0.00200061523356, 0.00198661768809, -0.000788103730883, -0.000738658418413, -0.00212339241989, -0.00185487954877, 0.00380152207799, -0.00338716548868, -0.00754840765148, 0.0254510380328, -0.00880295410752], [0.000422514975071, -0.00247206841595, 0.00237508118153, -0.000919154437725, 0.00171766686253, 0.000188769699889, -0.000917867175303, 0.0019038352184, -0.00415741838515, 0.00141231983434, -0.0058421692811, -0.00880295410752, 0.0314228869975]]
    },
    "melbands": {
        "dmean": [0.00267762155272, 0.00197357358411, 0.000602305110078, 0.000462114316178, 0.00016558522475, 0.000119898853882, 4.7212222853e-05, 1.77667152457e-05, 1.48966373672e-05, 3.42790845025e-05, 3.52092356479e-05, 2.09060217458e-05, 1.55830257427e-05, 1.91544986592e-05, 2.24889663514e-05, 1.85201970453e-05, 1.57186659635e-05, 1.13861096906e-05, 1.66307981999e-05, 1.62562319019e-05, 1.32717150336e-05, 1.52465390784e-05, 1.52732245624e-05, 1.55304624059e-05, 1.42686267282e-05, 1.33730618472e-05, 9.65962408372e-06, 1.14443246275e-05, 1.09820966827e-05, 7.70344740886e-06, 5.94061975789e-06, 5.76154570808e-06, 1.16805958896e-05, 1.42865892485e-05, 7.50063782107e-06, 7.5151629062e-06, 3.2630368878e-06, 2.80335302705e-06, 3.07318282466e-06, 3.88575426769e-06],
        "dmean2": [0.00436753360555, 0.00325600896031, 0.00105410045944, 0.000784472911619, 0.000295547448331, 0.000211153455894, 8.778359188e-05, 3.23230706272e-05, 2.64661266556e-05, 6.02180225542e-05, 6.4866617322e-05, 3.71779788111e-05, 2.71339522442e-05, 3.36769153364e-05, 4.11380096921e-05, 3.20399085467e-05, 2.61094755842e-05, 1.91855342564e-05, 2.92994500342e-05, 2.84058478428e-05, 2.21978680202e-05, 2.51411147474e-05, 2.50865177804e-05, 2.53693451668e-05, 2.35983916355e-05, 2.19617177208e-05, 1.57855592988e-05, 1.82391413546e-05, 1.73669159267e-05, 1.22253313748e-05, 9.5897794381e-06, 9.03343880054e-06, 1.77884212462e-05, 2.25188359764e-05, 1.15021230158e-05, 1.28036863316e-05, 5.23967582922e-06, 4.60110777567e-06, 4.99714360558e-06, 6.22738843958e-06],
        "dvar": [0.000173385487869, 6.60191872157e-05, 3.40044425684e-06, 2.06790377888e-06, 2.24770673185e-07, 6.54518998999e-08, 1.53063606234e-08, 2.74260614219e-09, 8.1644596639e-10, 3.77879727509e-09, 9.44113853762e-09, 3.2386493487e-09, 2.26235674639e-09, 4.68272354226e-09, 8.31223001541e-09, 1.67305636012e-09, 5.89828408337e-10, 6.88766488288e-10, 2.29319785383e-09, 1.17793874654e-09, 4.08617140124e-10, 4.20652096489e-10, 6.05969441292e-10, 1.11562148408e-09, 4.91220286669e-10, 2.98739172289e-10, 1.32376401507e-10, 2.68113004021e-10, 1.71792302606e-10, 1.40450873154e-10, 9.96670385112e-11, 6.75530673067e-11, 3.00914210216e-10, 6.57531418202e-10, 1.6547679893e-10, 1.60370342006e-10, 2.8726212381e-11, 1.97875014984e-11, 2.27809177772e-11, 3.80748974016e-11],
        "dvar2": [0.000424472324084, 0.000171039064298, 9.26598659134e-06, 4.90137244924e-06, 6.37532025394e-07, 1.88573224591e-07, 4.42191669947e-08, 7.91497001273e-09, 2.34272334865e-09, 1.08173487945e-08, 2.73026472541e-08, 9.00084096145e-09, 6.20176310306e-09, 1.28721708847e-08, 2.38437696254e-08, 4.17905932082e-09, 1.28578392378e-09, 1.67349811786e-09, 6.28574969852e-09, 3.32114891144e-09, 1.14705023257e-09, 1.12165621236e-09, 1.4135566051e-09, 3.30791150027e-09, 1.30233390738e-09, 7.56863183238e-10, 3.23821580661e-10, 6.36618813221e-10, 4.36364167022e-10, 3.55307006039e-10, 2.56583448932e-10, 1.58060564637e-10, 7.24024451504e-10, 1.56870960666e-09, 3.85698334382e-10, 4.20487311636e-10, 6.89772752804e-11, 4.90180500357e-11, 5.67261654316e-11, 9.68108093691e-11],
        "max": [0.151789307594, 0.110386699438, 0.018245652318, 0.0133225396276, 0.00470879906788, 0.00323509564623, 0.00128533446696, 0.000734970730264, 0.000306432979414, 0.000776977860369, 0.000937569770031, 0.000862074783072, 0.000829865282867, 0.00122054852545, 0.00178504711948, 0.000757474801503, 0.000360320758773, 0.000343099585734, 0.000703562400304, 0.000409577420214, 0.000393474387238, 0.000320083432598, 0.000390111119486, 0.000347457360476, 0.000226223623031, 0.000191968501895, 9.91875931504e-05, 0.000122644400108, 0.000119870179333, 0.000145451645949, 9.66410734691e-05, 7.21926262486e-05, 0.00011457533401, 0.000189545855392, 0.000114729104098, 9.7465737781e-05, 9.18432124308e-05, 6.16289180471e-05, 4.51955820608e-05, 4.30268555647e-05],
        "mean": [0.00269951904193, 0.00214591319673, 0.000502977287397, 0.000403417245252, 0.000181005118066, 0.000166355064721, 4.50544321211e-05, 1.65671590366e-05, 1.89201418834e-05, 4.35264591943e-05, 3.37730634783e-05, 2.09623503906e-05, 1.86629913514e-05, 2.20631027332e-05, 2.17114775296e-05, 2.31815556617e-05, 2.20458932745e-05, 1.45326039274e-05, 1.69546074176e-05, 2.32688526012e-05, 2.50026696449e-05, 2.44225393544e-05, 2.77230446954e-05, 2.27520922635e-05, 2.20489237108e-05, 1.92924781004e-05, 1.64299926837e-05, 1.88883641385e-05, 1.59138289746e-05, 1.19052829177e-05, 8.47828960104e-06, 9.00092345546e-06, 1.41181335493e-05, 1.89114161913e-05, 9.79053947958e-06, 6.64612434775e-06, 3.6065241602e-06, 3.22006394526e-06, 3.50860000253e-06, 3.89159004044e-06],
        "median": [0.000355697469786, 0.000397763360525, 0.000116558869195, 8.82394233486e-05, 9.22021863516e-05, 0.000109566703031, 1.82473504537e-05, 6.71309726386e-06, 1.13100641101e-05, 1.94068088604e-05, 1.51884687511e-05, 1.02163430711e-05, 9.40554946283e-06, 1.07813330033e-05, 1.00833794932e-05, 1.43598326758e-05, 1.37822207762e-05, 8.7141233962e-06, 8.5706669779e-06, 1.69055092556e-05, 2.26836327784e-05, 1.88170379261e-05, 2.06418390007e-05, 1.57570175361e-05, 1.6569325453e-05, 1.33445792017e-05, 1.41102209454e-05, 1.5609915863e-05, 1.0851323168e-05, 8.55912549014e-06, 5.29420276507e-06, 4.24749350714e-06, 4.02083469453e-06, 4.03426656703e-06, 2.32378624787e-06, 1.50286598455e-06, 9.53190351538e-07, 8.46044770242e-07, 8.14100758362e-07, 7.36181220873e-07],
        "min": [1.78095486216e-24, 9.24993349736e-25, 1.06260283769e-24, 3.01012518695e-24, 1.82025827904e-24, 6.30836880333e-24, 3.59345903294e-24, 3.80938091232e-24, 6.56620562362e-24, 4.30805578368e-24, 5.7044934138e-24, 7.23145557486e-24, 3.32875281189e-24, 7.19732393008e-24, 6.54846926945e-24, 4.21899890951e-24, 3.67289495951e-24, 4.86885976222e-24, 4.49250053522e-24, 8.20574375788e-24, 6.78063655589e-24, 6.4902260911e-24, 4.24445742307e-24, 6.33848317395e-24, 8.17033652501e-24, 8.75879915018e-24, 6.15966655054e-24, 8.71480753294e-24, 8.32854179069e-24, 6.37007941979e-24, 7.1174462414e-24, 8.13121217956e-24, 8.66644010425e-24, 7.67905367476e-24, 8.87664786967e-24, 7.39167085813e-24, 7.62173977456e-24, 5.92205770158e-24, 7.49714708319e-24, 8.83409197928e-24],
        "var": [0.000156232476002, 5.41555418749e-05, 2.26919269153e-06, 1.80755205292e-06, 1.44118757817e-07, 5.47305099019e-08, 9.62720658748e-09, 1.661083604e-09, 6.98328950222e-10, 4.01776523162e-09, 5.78639003379e-09, 2.19569740167e-09, 1.6593169061e-09, 3.42653394547e-09, 5.0496193893e-09, 1.50164802815e-09, 8.18845269368e-10, 6.52540466106e-10, 1.54680279696e-09, 9.22455556385e-10, 4.60469551378e-10, 5.3528859123e-10, 8.51528902945e-10, 8.74479766377e-10, 5.10826048128e-10, 3.68662933514e-10, 2.01959879376e-10, 3.59330759592e-10, 2.66418970218e-10, 1.61300917068e-10, 1.04728808958e-10, 1.15224385588e-10, 4.03336530841e-10, 9.49098466485e-10, 2.45657771902e-10, 1.40283271111e-10, 3.69518721177e-11, 2.47050799956e-11, 2.80823281296e-11, 3.9324345863e-11]
    },
    "mfcc": {
        "mean": [-652.955078125, 76.9682540894, -6.86992359161, 44.983707428, 7.02626657486, 13.151761055, 5.64821243286, 5.97768211365, 2.59363913536, -2.95105099678, -0.788387060165, -2.89836859703, 0.686095774174],
        "cov": [[11807.1425781, -2110.83813477, 449.167297363, 379.517944336, 548.625976562, 377.972381592, 1.73692107201, 360.377471924, 79.3615341187, 211.68977356, 221.744445801, 37.1795730591, 82.3049621582], [-2110.83813477, 2238.35522461, -985.034606934, 579.965576172, -298.888122559, -20.3181877136, 186.559677124, -179.445175171, 106.968643188, -125.634140015, -72.9389724731, 55.9519691467, -13.0463151932], [449.167297363, -985.034606934, 1343.0423584, -661.583435059, 296.412322998, -7.82676458359, -137.470535278, 168.530883789, -119.424575806, 133.417098999, -18.0812740326, -55.1031112671, -8.64145183563], [379.517944336, 579.965576172, -661.583435059, 626.274780273, -79.4346847534, 68.5452194214, 128.025939941, -42.156578064, 124.058631897, -46.2027816772, 40.1685028076, 56.6521759033, 24.1182250977], [548.625976562, -298.888122559, 296.412322998, -79.4346847534, 197.202911377, 49.5878715515, 3.74709320068, 74.3052444458, 9.89368629456, 69.2575759888, 17.6212730408, 21.2906608582, 10.6660585403], [377.972381592, -20.3181877136, -7.82676458359, 68.5452194214, 49.5878715515, 117.465202332, 70.0156021118, 58.803401947, 41.2893753052, 23.3162269592, 24.2278308868, 11.684803009, 18.7809314728], [1.73692107201, 186.559677124, -137.470535278, 128.025939941, 3.74709320068, 70.0156021118, 136.572982788, 46.4681167603, 56.4456558228, 10.6239175797, 11.369717598, 30.2684497833, 2.07957100868], [360.377471924, -179.445175171, 168.530883789, -42.156578064, 74.3052444458, 58.803401947, 46.4681167603, 119.357879639, 31.8572635651, 47.4382362366, 20.5249233246, 12.6624803543, 18.6564388275], [79.3615341187, 106.968643188, -119.424575806, 124.058631897, 9.89368629456, 41.2893753052, 56.4456558228, 31.8572635651, 81.1312179565, 27.0735263824, 23.8659992218, 23.7577190399, 12.9750499725], [211.68977356, -125.634140015, 133.417098999, -46.2027816772, 69.2575759888, 23.3162269592, 10.6239175797, 47.4382362366, 27.0735263824, 80.1787261963, 26.1475315094, 26.3766880035, 10.6771831512], [221.744445801, -72.9389724731, -18.0812740326, 40.1685028076, 17.6212730408, 24.2278308868, 11.369717598, 20.5249233246, 23.8659992218, 26.1475315094, 51.0424690247, 24.5441818237, 17.9250183105], [37.1795730591, 55.9519691467, -55.1031112671, 56.6521759033, 21.2906608582, 11.684803009, 30.2684497833, 12.6624803543, 23.7577190399, 26.3766880035, 24.5441818237, 73.9695205688, 23.3881454468], [82.3049621582, -13.0463151932, -8.64145183563, 24.1182250977, 10.6660585403, 18.7809314728, 2.07957100868, 18.6564388275, 12.9750499725, 10.6771831512, 17.9250183105, 23.3881454468, 55.7134475708]],
