{
"lowlevel": {
    "average_loudness": 0.929333627224,
    "barkbands_crest": {
        "dmean": 2.43373203278,
        "dmean2": 3.87994098663,
        "dvar": 6.60149765015,
        "dvar2": 16.5846939087,
        "max": 26.65782547,
        "mean": 8.89295387268,
        "median": 7.6394443512,
        "min": 1.86666870117,
        "var": 22.8969249725
    },
    "barkbands_flatness_db": {
        "dmean": 0.0265372134745,
        "dmean2": 0.0401278026402,
        "dvar": 0.00149549497291,
        "dvar2": 0.00333461002447,
        "max": 0.764063596725,
        "mean": 0.129133105278,
        "median": 0.0742171034217,
        "min": 0.0070968051441,
        "var": 0.016301041469
    },
    "barkbands_kurtosis": {
        "dmean": 5.1669511795,
        "dmean2": 8.55767440796,
        "dvar": 827.109375,
        "dvar2": 2265.66064453,
        "max": 642.81060791,
        "mean": 5.40997743607,
        "median": 0.656155586243,
        "min": -1.89295530319,
        "var": 734.281311035
    },
    "barkbands_skewness": {
        "dmean": 0.580625236034,
        "dmean2": 0.920696496964,
        "dvar": 0.848409116268,
        "dvar2": 2.14718389511,
        "max": 18.9641094208,
        "mean": 1.1292989254,
        "median": 0.813832700253,
        "min": -5.10911941528,
        "var": 2.5595574379
    },
    "barkbands_spread": {
        "dmean": 6.60657119751,
        "dmean2": 10.4255542755,
        "dvar": 65.480255127,
        "dvar2": 165.388549805,
        "max": 133.574295044,
        "mean": 30.6677112579,
        "median": 27.8892440796,
        "min": 0.139823332429,
        "var": 521.268981934
    },
    "dissonance": {
        "dmean": 0.0227950271219,
        "dmean2": 0.039212923497,
        "dvar": 0.00096217362443,
        "dvar2": 0.00274131586775,
        "max": 0.500000059605,
        "mean": 0.458872497082,
        "median": 0.478757888079,
        "min": 0.113998062909,
        "var": 0.00289535126649
    },
    "dynamic_complexity": 2.39337873459,
    "erbbands_crest": {
        "dmean": 2.03127837181,
        "dmean2": 3.31419253349,
        "dvar": 4.91012477875,
        "dvar2": 13.2252178192,
        "max": 32.7112770081,
        "mean": 7.53381681442,
        "median": 5.98217964172,
        "min": 2.03631830215,
        "var": 22.7418479919
    },
    "erbbands_flatness_db": {
        "dmean": 0.0221549645066,
        "dmean2": 0.0350029654801,
        "dvar": 0.000984572456218,
        "dvar2": 0.00220657885075,
        "max": 0.55538392067,
        "mean": 0.154633849859,
        "median": 0.106982722878,
        "min": 0.0315489284694,
        "var": 0.00980700179935
    },
    "erbbands_kurtosis": {
        "dmean": 1.35628116131,
        "dmean2": 2.1866004467,
        "dvar": 12.6197633743,
        "dvar2": 30.5018501282,
        "max": 85.8500289917,
        "mean": 1.28334140778,
        "median": -0.0103027820587,
        "min": -1.85756587982,
        "var": 22.6492919922
    },
    "erbbands_skewness": {
        "dmean": 0.36289820075,
        "dmean2": 0.590465605259,
        "dvar": 0.206220462918,
        "dvar2": 0.491674005985,
        "max": 5.49861097336,
        "mean": 0.399250149727,
        "median": 0.351117551327,
        "min": -4.13085317612,
        "var": 0.515164375305
    },
    "erbbands_spread": {
        "dmean": 6.86362791061,
        "dmean2": 11.353102684,
        "dvar": 62.7088508606,
        "dvar2": 160.003723145,
        "max": 225.345565796,
        "mean": 33.7191810608,
        "median": 36.2249069214,
        "min": 0.482659161091,
        "var": 314.726287842
    },
    "hfc": {
        "dmean": 12.1644048691,
        "dmean2": 21.1112422943,
        "dvar": 265.235015869,
        "dvar2": 781.817504883,
        "max": 197.191955566,
        "mean": 38.8297157288,
        "median": 35.580329895,
        "min": 1.04831252624e-16,
        "var": 982.207885742
    },
    "melbands_crest": {
        "dmean": 3.71145820618,
        "dmean2": 5.61968755722,
        "dvar": 15.4955606461,
        "dvar2": 36.4564819336,
        "max": 39.0669784546,
        "mean": 14.3757219315,
        "median": 12.0134963989,
        "min": 1.00390982628,
        "var": 71.1420440674
    },
    "melbands_flatness_db": {
        "dmean": 0.0329473093152,
        "dmean2": 0.0490991361439,
        "dvar": 0.00194150011521,
        "dvar2": 0.00439469330013,
        "max": 0.93502253294,
        "mean": 0.18999324739,
        "median": 0.142479836941,
        "min": 6.90292836225e-08,
        "var": 0.0213460866362
    },
    "melbands_kurtosis": {
        "dmean": 6.80701351166,
        "dmean2": 10.6062297821,
        "dvar": 818.26751709,
        "dvar2": 1462.52978516,
        "max": 1719.69165039,
        "mean": 11.1952981949,
        "median": 3.37486791611,
        "min": -1.81026816368,
        "var": 2875.32788086
    },
    "melbands_skewness": {
        "dmean": 0.70314770937,
        "dmean2": 1.09537625313,
        "dvar": 1.07314050198,
        "dvar2": 2.33023095131,
        "max": 34.8248291016,
        "mean": 1.92612063885,
        "median": 1.564204216,
        "min": -4.91395282745,
        "var": 4.04286289215
    },
    "melbands_spread": {
        "dmean": 7.96965026855,
        "dmean2": 12.5360860825,
        "dvar": 86.0053100586,
        "dvar2": 228.82208252,
        "max": 204.814285278,
        "mean": 32.6232681274,
        "median": 26.9149436951,
        "min": 0.093205742538,
        "var": 703.75201416
    },
    "pitch_salience": {
        "dmean": 0.0858722552657,
        "dmean2": 0.137753486633,
        "dvar": 0.0102635044605,
        "dvar2": 0.0255756638944,
        "max": 0.997625589371,
        "mean": 0.590802371502,
        "median": 0.632837414742,
        "min": 0.0486337654293,
        "var": 0.0307728014886
    },
    "silence_rate_20dB": {
        "dmean": 0,
        "dmean2": 0,
        "dvar": 0,
        "dvar2": 0,
        "max": 1,
        "mean": 1,
        "median": 1,
        "min": 1,
        "var": 0
    },
    "silence_rate_30dB": {
        "dmean": 0.0101656010374,
        "dmean2": 0.0203328691423,
        "dvar": 0.0100639946759,
        "dvar2": 0.0255010109395,
        "max": 1,
        "mean": 0.992540359497,
        "median": 1,
        "min": 0,
        "var": 0.00740301329643
    },
    "silence_rate_60dB": {
        "dmean": 0.00803410355002,
        "dmean2": 0.0160695258528,
        "dvar": 0.00796824507415,
        "dvar2": 0.0163043458015,
        "max": 1,
        "mean": 0.0515616051853,
        "median": 0,
        "min": 0,
        "var": 0.0488997660577
    },
    "spectral_centroid": {
        "dmean": 271.64642334,
        "dmean2": 429.027557373,
        "dvar": 111624.125,
        "dvar2": 254279.21875,
        "max": 12099.9550781,
        "mean": 1804.76452637,
        "median": 1614.09851074,
        "min": 93.1312332153,
        "var": 2980889.5
    },
    "spectral_complexity": {
        "dmean": 3.98163628578,
        "dmean2": 6.46027708054,
        "dvar": 17.63256073,
        "dvar2": 46.1045455933,
        "max": 60,
        "mean": 25.1691131592,
        "median": 26,
        "min": 0,
        "var": 210.260269165
    },
    "spectral_decrease": {
        "dmean": 2.78986633795e-09,
        "dmean2": 4.4226515783e-09,
        "dvar": 1.83034439674e-17,
        "dvar2": 4.54870721659e-17,
        "max": 1.24893732509e-11,
        "mean": -7.20665438436e-09,
        "median": -6.24404528082e-09,
        "min": -4.82306887761e-08,
        "var": 2.89340763779e-17
    },
    "spectral_energy": {
        "dmean": 0.0112259630114,
        "dmean2": 0.0179525651038,
        "dvar": 0.000278682302451,
        "dvar2": 0.000696681265254,
        "max": 0.185930565,
        "mean": 0.0307215545326,
        "median": 0.0280147735029,
        "min": 9.90574390588e-21,
        "var": 0.000446954887593
    },
    "spectral_energyband_high": {
        "dmean": 0.000794966879766,
        "dmean2": 0.00138798868284,
        "dvar": 1.75349487108e-06,
        "dvar2": 5.31736759513e-06,
        "max": 0.0161585882306,
        "mean": 0.00235316762701,
        "median": 0.00174655532464,
        "min": 6.98529874273e-21,
        "var": 6.39725931251e-06
    },
    "spectral_energyband_low": {
        "dmean": 0.00523672578856,
        "dmean2": 0.00829584244639,
        "dvar": 0.000116618190077,
        "dvar2": 0.000291612144792,
        "max": 0.129344955087,
        "mean": 0.00938054546714,
        "median": 0.00308142160065,
        "min": 8.26563328895e-24,
        "var": 0.000217230903218
    },
    "spectral_energyband_middle_high": {
        "dmean": 0.00283394893631,
        "dmean2": 0.00476847682148,
        "dvar": 1.95395386982e-05,
        "dvar2": 5.33649363206e-05,
        "max": 0.0683827325702,
        "mean": 0.00813993811607,
        "median": 0.0070381546393,
        "min": 1.08353208349e-21,
        "var": 5.41611370863e-05
    },
    "spectral_energyband_middle_low": {
        "dmean": 0.00762889813632,
        "dmean2": 0.0134065272287,
        "dvar": 0.000325662374962,
        "dvar2": 0.00091553630773,
        "max": 0.168454736471,
        "mean": 0.0110758123919,
        "median": 0.00717363879085,
        "min": 1.13110751475e-22,
        "var": 0.00022364607139
    },
    "spectral_entropy": {
        "dmean": 0.222361370921,
        "dmean2": 0.345651805401,
        "dvar": 0.119296818972,
        "dvar2": 0.279604613781,
        "max": 9.83459854126,
        "mean": 7.67340183258,
        "median": 8.00773429871,
        "min": 3.77444767952,
        "var": 1.01682174206
    },
    "spectral_flux": {
        "dmean": 0.0302511733025,
        "dmean2": 0.0445990301669,
        "dvar": 0.00167954165954,
        "dvar2": 0.0026313283015,
        "max": 0.465568125248,
        "mean": 0.10071721673,
        "median": 0.0928031131625,
        "min": 6.32723942684e-11,
        "var": 0.00432732794434
    },
    "spectral_kurtosis": {
        "dmean": 6.68947601318,
        "dmean2": 10.829325676,
        "dvar": 544.135864258,
        "dvar2": 1346.57458496,
        "max": 558.20123291,
        "mean": 12.2075014114,
        "median": 3.35357427597,
        "min": -1.26678788662,
        "var": 986.23626709
    },
    "spectral_rms": {
        "dmean": 0.000909713970032,
        "dmean2": 0.00142830575351,
        "dvar": 1.25134386053e-06,
        "dvar2": 3.06071865452e-06,
        "max": 0.0134683214128,
        "mean": 0.00513079576194,
        "median": 0.00522795226425,
        "min": 3.10872009558e-12,
        "var": 3.64714833267e-06
    },
    "spectral_rolloff": {
        "dmean": 927.095153809,
        "dmean2": 1558.25683594,
        "dvar": 2270039,
        "dvar2": 6663025,
        "max": 19832.0800781,
        "mean": 3001.84594727,
        "median": 1593.45703125,
        "min": 43.06640625,
        "var": 12814406
    },
    "spectral_skewness": {
        "dmean": 0.428563266993,
        "dmean2": 0.690281391144,
        "dvar": 0.914634108543,
        "dvar2": 2.21254515648,
        "max": 21.0414638519,
        "mean": 2.1482322216,
        "median": 1.55235898495,
        "min": -0.0977390781045,
        "var": 2.91222476959
    },
    "spectral_spread": {
        "dmean": 598081.25,
        "dmean2": 974353.4375,
        "dvar": 655608446976,
        "dvar2": 1.28684248269e+12,
        "max": 43447324,
        "mean": 6297356.5,
        "median": 6018413.5,
        "min": 180479.703125,
        "var": 3.83531561779e+13
    },
    "spectral_strongpeak": {
        "dmean": 0.570235669613,
        "dmean2": 0.97005200386,
        "dvar": 0.912069201469,
        "dvar2": 2.38279914856,
        "max": 12.5681333542,
        "mean": 1.01986324787,
        "median": 0.423023998737,
        "min": 0,
        "var": 2.14503002167
    },
    "zerocrossingrate": {
        "dmean": 0.0124570159242,
        "dmean2": 0.0154679110274,
        "dvar": 0.000230126403039,
        "dvar2": 0.000320408697007,
        "max": 0.85498046875,
        "mean": 0.106370024383,
        "median": 0.09130859375,
        "min": 0.0009765625,
        "var": 0.00846196059138
    },
    "barkbands": {
        "dmean": [0.00135766353924, 0.00388046097942, 0.00170917541254, 0.00133497768547, 0.00261740083806, 0.002368489746, 0.00139327591751, 0.000790520804003, 0.000934912939556, 0.000649412919302, 0.000743174983654, 0.00120696797967, 0.000711993663572, 0.000511503778398, 0.000389871565858, 0.000250583223533, 0.000200599635718, 0.00020770925039, 0.000157367321663, 0.000178008107468, 0.000132193381432, 0.000120676733786, 9.63964339462e-05, 0.000116617622552, 0.000155984322191, 0.000211001446587, 7.47401791159e-05],
        "dmean2": [0.00218959595077, 0.00616964139044, 0.00320788635872, 0.00250671780668, 0.00477521400899, 0.00429356005043, 0.00245067547075, 0.00134871469345, 0.00142157776281, 0.00112499005627, 0.001253222581, 0.00199638656341, 0.0011646830244, 0.000867148162797, 0.000677967444062, 0.000440712581621, 0.000348514207872, 0.000364144914784, 0.000270228396403, 0.00030655352748, 0.000226428048336, 0.000207959747058, 0.000167313221027, 0.000204564566957, 0.000277282204479, 0.000368811743101, 0.000123365709442],
        "dvar": [8.93291053217e-06, 7.17756847735e-05, 3.52263195964e-05, 2.05639644264e-05, 5.26676340087e-05, 3.88169501093e-05, 7.33178285373e-06, 1.99553483071e-06, 2.42038709075e-06, 1.75907712219e-06, 3.03717774841e-06, 7.61232558943e-06, 1.91092271962e-06, 1.96186624635e-06, 5.20012804373e-07, 2.4997407877e-07, 1.25837885889e-07, 1.17495801533e-07, 5.61263817644e-08, 6.27329725944e-08, 3.60871617033e-08, 2.91702573207e-08, 1.95094287392e-08, 3.29324194581e-08, 7.65551817494e-08, 1.61175407243e-07, 2.94844948456e-08],
        "dvar2": [2.20346555579e-05, 0.000181922849151, 0.000101765763247, 5.9476311435e-05, 0.000152396634803, 0.000112587629701, 2.10423095268e-05, 5.53700056116e-06, 5.32393778485e-06, 4.98148847328e-06, 8.25580627861e-06, 2.04723091883e-05, 4.54024211649e-06, 5.66121707379e-06, 1.55657835421e-06, 7.87212400155e-07, 3.73483146632e-07, 3.61835702734e-07, 1.5788383223e-07, 1.77725510753e-07, 9.90711157556e-08, 8.42834353421e-08, 5.59322650417e-08, 1.01247351836e-07, 2.46530845516e-07, 4.90271986564e-07, 7.34025462634e-08],
        "max": [0.0813741981983, 0.0945002660155, 0.0683113634586, 0.0496356748044, 0.0764011368155, 0.0638189166784, 0.0280436687171, 0.0242908857763, 0.0300370175391, 0.0202554352582, 0.0584927387536, 0.0577028915286, 0.0288646891713, 0.0502352043986, 0.0142359249294, 0.0181303005666, 0.00684189703315, 0.00926987268031, 0.00355200306512, 0.00342734856531, 0.00304792658426, 0.00231742858887, 0.00226818956435, 0.00221538869664, 0.00306564918719, 0.00471414765343, 0.00320913409814],
        "mean": [0.00215464620851, 0.00589757133275, 0.00120391126256, 0.00102377182338, 0.00282587017864, 0.00252614845522, 0.00185901357327, 0.00103556434624, 0.00162017391995, 0.000906118133571, 0.00107397441752, 0.00192086410243, 0.00111470383126, 0.000869154464453, 0.000603754248004, 0.000423014018452, 0.000395809474867, 0.000385456514778, 0.000326095003402, 0.000378547381843, 0.000345723092323, 0.000297232909361, 0.000258772080997, 0.00031272546039, 0.000357310753316, 0.000457306508906, 0.00014828449639],
        "median": [0.000383507227525, 0.00154304131866, 0.000217993481783, 0.000210986720049, 0.00113623298239, 0.00105120358057, 0.00111903238576, 0.000574714737013, 0.000830907723866, 0.000517315056641, 0.00051920406986, 0.000715706963092, 0.000625017506536, 0.000437171460362, 0.00034621724626, 0.000269709911663, 0.000235567044001, 0.000223664625082, 0.000223966635531, 0.000247379764915, 0.00023174638045, 0.000197672066861, 0.000180312301381, 0.000210618323763, 0.000222134243813, 0.000240769702941, 4.94335763506e-05],
        "min": [1.41453175735e-25, 2.73175747274e-24, 9.81563058287e-25, 2.92100106239e-25, 9.45803283479e-24, 4.48445967602e-24, 6.90721244357e-24, 5.00359089394e-24, 1.33697865934e-23, 9.70434045295e-24, 1.36410017057e-23, 1.2941383057e-23, 1.17709185775e-23, 1.63230893404e-23, 3.58101893312e-23, 4.40139735586e-23, 4.04882985822e-23, 8.51153906136e-23, 1.00050338774e-22, 1.37506508472e-22, 2.10774041326e-22, 3.18323424394e-22, 3.83402858731e-22, 5.67935069703e-22, 7.97540899533e-22, 1.20321760564e-21, 1.67975946654e-21],
        "var": [1.82469739229e-05, 0.000107554289571, 1.99209498533e-05, 1.15420943985e-05, 3.46031629306e-05, 2.57671217696e-05, 5.72101816942e-06, 2.163282943e-06, 4.81114966533e-06, 1.7202107756e-06, 4.4935322876e-06, 1.56454807438e-05, 3.0981573218e-06, 3.39062239618e-06, 7.22992069768e-07, 3.3147895806e-07, 2.45563512635e-07, 2.2093287555e-07, 1.30427054046e-07, 1.68451222748e-07, 1.39332527738e-07, 1.0699550046e-07, 8.0754077203e-08, 1.16269568196e-07, 1.87851668443e-07, 3.93573060364e-07, 6.5309180286e-08]
    },
    "erbbands": {
        "dmean": [0.180366382003, 0.732347369194, 1.82183361053, 3.3237953186, 6.53356266022, 8.79866886139, 16.063703537, 19.5037574768, 20.8731651306, 17.5911617279, 18.1925544739, 20.2803516388, 18.5929222107, 27.1092262268, 26.7736282349, 41.857093811, 29.7359580994, 25.4698009491, 16.0373401642, 18.0652370453, 14.374710083, 11.6944313049, 11.0587587357, 9.78119659424, 7.73446035385, 7.67934751511, 6.40492916107, 4.82885503769, 4.37569379807, 3.83053660393, 2.69225645065, 2.45839476585, 2.07215452194, 1.57837736607, 1.24319422245, 0.669788837433, 0.459493219852, 0.13829909265, 0.0113663896918, 0.000165051038493],
        "dmean2": [0.285198926926, 1.22688663006, 3.3394920826, 6.25325250626, 12.1245222092, 15.8506450653, 29.1639614105, 35.1845550537, 37.5538253784, 30.2971992493, 29.3827705383, 31.7067871094, 31.1786403656, 45.0430488586, 45.3363037109, 69.6114349365, 49.2435531616, 43.2638626099, 27.2859134674, 31.397069931, 25.400056839, 20.550485611, 19.5866336823, 17.1014137268, 13.2017116547, 13.3069181442, 11.0534162521, 8.25531673431, 7.50405693054, 6.67482709885, 4.64642572403, 4.32107067108, 3.62652254105, 2.76601743698, 2.23169088364, 1.17639875412, 0.812806010246, 0.23153950274, 0.0192531961948, 0.000281059765257],
        "dvar": [0.127435952425, 3.8125500679, 36.2351570129, 136.342651367, 390.678070068, 538.913085938, 1838.51538086, 2589.9309082, 2057.78588867, 997.122741699, 875.852294922, 1250.74304199, 1357.35839844, 4608.67919922, 3276.90136719, 7564.67724609, 3000.84643555, 6298.65429688, 553.440002441, 1273.59082031, 1082.13793945, 447.39276123, 325.062316895, 211.066833496, 129.02986145, 125.469352722, 93.7639694214, 48.8191413879, 39.2642097473, 31.5332012177, 15.5166702271, 13.5421705246, 11.0368642807, 7.01273775101, 5.03617668152, 1.43679320812, 0.763355910778, 0.082209430635, 0.000685140257701, 1.25905032178e-07],
        "dvar2": [0.316609531641, 9.88763523102, 102.676445007, 394.17276001, 1127.32263184, 1562.55310059, 5293.05126953, 7533.72558594, 5919.82568359, 2844.19384766, 2274.796875, 2840.81811523, 3699.05639648, 12068.1503906, 9031.02441406, 20003.4023438, 7138.75585938, 18832.0839844, 1576.1973877, 3853.7512207, 3442.34521484, 1346.87731934, 1003.39099121, 625.574035645, 349.670684814, 362.777191162, 265.715026855, 136.823944092, 109.392562866, 93.3556747437, 44.8762512207, 41.3343925476, 33.408908844, 21.1905384064, 16.6690921783, 4.24916362762, 2.40595221519, 0.205880060792, 0.00181322102435, 3.30707450757e-07],
        "max": [4.75167655945, 23.2115955353, 68.5677261353, 128.823272705, 218.553878784, 244.670425415, 433.951507568, 544.619262695, 453.158233643, 437.547637939, 623.586181641, 825.213928223, 619.904968262, 2493.90991211, 1309.25158691, 1510.44421387, 933.504760742, 2882.7746582, 380.040649414, 717.858032227, 1242.93457031, 462.522613525, 391.724731445, 269.990509033, 157.133636475, 221.389373779, 158.604110718, 101.532287598, 88.2500610352, 70.3704833984, 66.3943557739, 46.9439239502, 42.0347976685, 34.9773216248, 25.5330905914, 17.3790931702, 10.2258758545, 4.39604616165, 0.468133151531, 0.00620497530326],
        "mean": [0.301719456911, 0.806933999062, 1.40600419044, 2.5955722332, 5.52364826202, 11.0675525665, 15.1481971741, 21.944683075, 24.8614673615, 25.1067638397, 27.9297218323, 34.5869750977, 28.7528762817, 42.0353012085, 44.6733322144, 70.5422134399, 54.5416107178, 47.7513847351, 30.6131515503, 29.5329227448, 25.3427581787, 23.335691452, 21.2581443787, 19.6790370941, 17.2234897614, 16.5248661041, 15.1433534622, 12.388425827, 10.7093830109, 9.35714912415, 7.18474245071, 6.19180679321, 5.24908876419, 3.91544389725, 2.5875749588, 1.60381197929, 0.903968095779, 0.292528569698, 0.0221755970269, 0.000370175926946],
        "median": [0.0651053115726, 0.20596960187, 0.315357834101, 0.672823429108, 1.77711820602, 4.35850715637, 4.72848320007, 9.23762130737, 13.7111244202, 15.7219581604, 15.6799097061, 18.5843715668, 17.8489875793, 22.1640739441, 23.7834072113, 31.5651264191, 32.2253189087, 24.948884964, 23.0339984894, 18.2622833252, 16.1200294495, 14.5033798218, 13.0155153275, 12.5454874039, 11.9455518723, 11.3670825958, 9.99579334259, 8.27554225922, 7.02152109146, 6.20381069183, 4.89512777328, 4.19676494598, 3.34822130203, 2.52688527107, 1.55742967129, 0.891224503517, 0.46810773015, 0.123756282032, 0.00786622986197, 0.000181743802386],
        "min": [6.68053862671e-23, 3.98642666922e-22, 1.79950032256e-21, 5.30405778279e-21, 9.2599896895e-21, 2.45966808034e-20, 3.24588774293e-20, 4.65768342328e-20, 7.46336438503e-20, 9.04394756184e-20, 1.36241131757e-19, 2.39565929357e-19, 3.00585311236e-19, 4.21725886095e-19, 8.49862783829e-19, 1.05673915576e-18, 8.00978115687e-19, 1.296775389e-18, 1.86997329639e-18, 2.44666211277e-18, 2.68717252729e-18, 3.33943421879e-18, 4.84814403407e-18, 5.52906339789e-18, 5.9496624055e-18, 6.66930126662e-18, 8.93864604815e-18, 8.94448759763e-18, 9.71952605309e-18, 1.08183809029e-17, 9.2882001673e-18, 8.74378959279e-18, 9.09728688192e-18, 7.70529742095e-18, 5.9407664916e-18, 3.1392161855e-18, 2.16595609715e-18, 9.25209580152e-19, 2.21586822701e-19, 2.55685356282e-20],
        "var": [0.281133681536, 3.43025684357, 21.9256858826, 76.2677078247, 223.909301758, 457.642333984, 1205.02270508, 1784.15356445, 1426.46020508, 889.86138916, 1285.07873535, 2255.52124023, 1581.67504883, 6994.37939453, 5934.27050781, 16333.2255859, 6200.03564453, 13464.4404297, 1065.42932129, 1750.50817871, 1382.42016602, 842.941650391, 632.374328613, 479.34387207, 338.736572266, 318.585784912, 269.06048584, 179.510253906, 142.504669189, 106.406761169, 63.5340232849, 47.1920700073, 34.8806915283, 20.7866649628, 10.5454425812, 4.27957487106, 1.61981737614, 0.204791858792, 0.00143295445014, 2.94562795489e-07]
    },
    "gfcc": {
        "mean": [-12.0001897812, 63.4187583923, -108.034294128, -2.51730442047, -55.1412086487, 5.39901018143, -31.9154510498, 3.8108625412, -23.8951816559, 7.61977243423, -12.4539051056, 5.45077085495, -11.1914310455],
        "cov": [[49185.0507812, -4114.28222656, -2823.71142578, 1191.2532959, -1518.62988281, 1371.16381836, -1425.25305176, 1273.3494873, -874.027770996, 1224.31896973, -770.932556152, 921.481811523, -586.786437988], [-4114.28222656, 4894.67285156, -365.097869873, -515.635375977, 16.2819328308, -825.254821777, 211.433395386, -726.517272949, 111.066162109, -568.625671387, 238.932632446, -444.025543213, 143.281219482], [-2823.71142578, -365.097869873, 1938.27197266, 425.247131348, 803.940979004, 285.422576904, 256.854949951, 421.247161865, 287.77722168, 266.6980896, 31.5747432709, 272.711395264, 85.2088546753], [1191.2532959, -515.635375977, 425.247131348, 533.380981445, 295.897369385, 219.012161255, 74.2356109619, 207.559799194, 100.291595459, 149.668106079, 3.86281967163, 132.59677124, 8.65400218964], [-1518.62988281, 16.2819328308, 803.940979004, 295.897369385, 575.942749023, 210.902404785, 222.332427979, 189.241699219, 189.554656982, 129.988891602, 60.550365448, 124.591316223, 70.2253723145], [1371.16381836, -825.254821777, 285.422576904, 219.012161255, 210.902404785, 406.954376221, 69.6876220703, 260.470458984, 27.3283462524, 194.120697021, -16.6446285248, 149.656112671, 0.735212922096], [-1425.25305176, 211.433395386, 256.854949951, 74.2356109619, 222.332427979, 69.6876220703, 218.551940918, 43.3373603821, 105.829681396, -7.53797483444, 90.8459091187, 25.1171379089, 51.1549072266], [1273.3494873, -726.517272949, 421.247161865, 207.559799194, 189.241699219, 260.470458984, 43.3373603821, 338.4425354, 102.467605591, 199.47265625, -46.3383865356, 181.906158447, 14.6670675278], [-874.027770996, 111.066162109, 287.77722168, 100.291595459, 189.554656982, 27.3283462524, 105.829681396, 102.467605591, 171.293380737, 52.5077934265, 22.5340633392, 44.3126373291, 60.5831756592], [1224.31896973, -568.625671387, 266.6980896, 149.668106079, 129.988891602, 194.120697021, -7.53797483444, 199.47265625, 52.5077934265, 210.443008423, -9.71415042877, 117.43875885, 1.74694156647], [-770.932556152, 238.932632446, 31.5747432709, 3.86281967163, 60.550365448, -16.6446285248, 90.8459091187, -46.3383865356, 22.5340633392, -9.71415042877, 128.559020996, -2.26372528076, 21.9460639954], [921.481811523, -444.025543213, 272.711395264, 132.59677124, 124.591316223, 149.656112671, 25.1171379089, 181.906158447, 44.3126373291, 117.43875885, -2.26372528076, 169.539352417, 23.3991584778], [-586.786437988, 143.281219482, 85.2088546753, 8.65400218964, 70.2253723145, 0.735212922096, 51.1549072266, 14.6670675278, 60.5831756592, 1.74694156647, 21.9460639954, 23.3991584778, 78.4238739014]],
        "icov": [[7.73011488491e-05, -0.000130539323436, 0.00017529464094, -0.000259427557467, 0.000218335568206, -9.04338739929e-05, 4.63483156636e-05, -0.000223561379244, 0.000353800976882, -0.000489882018883, 0.000289476243779, -0.000475309119793, 0.000270373595413], [-0.000130539323436, 0.000722481985576, -0.000225859563216, 0.000651212467346, -0.000937255914323, 0.000723049102817, 4.11443179473e-05, 0.000555159698706, -0.000895723700523, 0.00139374076389, -0.000948945933487, 0.00128154410049, -0.000877249869518], [0.00017529464094, -0.000225859563216, 0.00201570009813, -0.000368589360733, -0.00196358328685, 0.00114954123273, 3.13951968565e-05, -0.00192462012637, 0.00142355787102, -0.00143991434015, 0.000822494446766, -0.00148478522897, 0.000807036820333], [-0.000259427557467, 0.000651212467346, -0.000368589360733, 0.00419747037813, -0.00256774201989, -0.000196575172595, 0.000981960562058, 0.000457248330349, -0.00239804526791, 0.00211633881554, -0.00161094742361, 0.000940046156757, 0.00035723039764], [0.000218335568206, -0.000937255914323, -0.00196358328685, -0.00256774201989, 0.00993047002703, -0.00361197441816, -0.00410867901519, 0.00357884075493, -0.00233450066298, -0.00355210970156, 0.00259327096865, -0.00283660646528, 0.000918278878089], [-9.04338739929e-05, 0.000723049102817, 0.00114954123273, -0.000196575172595, -0.00361197441816, 0.0107692051679, -0.00551498448476, -0.00515055889264, 0.00756229646504, -0.00461329240352, 0.00171737093478, 0.00173640681896, -0.002268782584], [4.63483156636e-05, 4.11443179473e-05, 3.13951968565e-05, 0.000981960562058, -0.00410867901519, -0.00551498448476, 0.019783295691, -0.00393689516932, -0.0071736862883, 0.0111545408145, -0.0118075478822, 0.00226199720055, -0.0003855288669], [-0.000223561379244, 0.000555159698706, -0.00192462012637, 0.000457248330349, 0.00357884075493, -0.00515055889264, -0.00393689516932, 0.0214003082365, -0.010353746824, -0.00484520243481, 0.00687129516155, -0.00941859930754, 0.00375651591457], [0.000353800976882, -0.000895723700523, 0.00142355787102, -0.00239804526791, -0.00233450066298, 0.00756229646504, -0.0071736862883, -0.010353746824, 0.0232088305056, -0.00779401930049, 0.00369594921358, 0.00302247377113, -0.00805462896824], [-0.000489882018883, 0.00139374076389, -0.00143991434015, 0.00211633881554, -0.00355210970156, -0.00461329240352, 0.0111545408145, -0.00484520243481, -0.00779401930049, 0.0226386934519, -0.0105497939512, 0.00350022735074, -0.000602073094342], [0.000289476243779, -0.000948945933487, 0.000822494446766, -0.00161094742361, 0.00259327096865, 0.00171737093478, -0.0118075478822, 0.00687129516155, 0.00369594921358, -0.0105497939512, 0.0191613249481, -0.00674760062248, 0.00129336176906], [-0.000475309119793, 0.00128154410049, -0.00148478522897, 0.000940046156757, -0.00283660646528, 0.00173640681896, 0.00226199720055, -0.00941859930754, 0.00302247377113, 0.00350022735074, -0.00674760062248, 0.021692443639, -0.00857539661229], [0.000270373595413, -0.000877249869518, 0.000807036820333, 0.00035723039764, 0.000918278878089, -0.002268782584, -0.0003855288669, 0.00375651591457, -0.00805462896824, -0.000602073094342, 0.00129336176906, -0.00857539661229, 0.0226409714669]]
    },
    "melbands": {
        "dmean": [0.00131085328758, 0.000895938137546, 0.000666462583467, 0.000545787625015, 0.000520250992849, 0.00044415879529, 0.000307474721922, 0.000184287317097, 0.000156265872647, 0.000128122061142, 9.57535667112e-05, 0.000109811087896, 9.28160006879e-05, 0.000110572087578, 0.000126543236547, 5.84182525927e-05, 4.70580998808e-05, 2.75680831692e-05, 3.46239867213e-05, 1.74944270839e-05, 1.70753046405e-05, 1.37363031172e-05, 1.07975001811e-05, 1.06775050881e-05, 8.39245603856e-06, 5.99873965257e-06, 7.06741184331e-06, 5.3517469496e-06, 4.90317961521e-06, 3.41712825502e-06, 2.89039462587e-06, 2.68431654149e-06, 2.94334518003e-06, 2.17750857701e-06, 1.67466851053e-06, 1.63355457516e-06, 1.61303728419e-06, 1.60787567438e-06, 1.42330338804e-06, 1.43018269227e-06],
        "dmean2": [0.00205047009513, 0.00154823320918, 0.00124138430692, 0.00099872238934, 0.000944146246184, 0.000803013215773, 0.000550756056327, 0.000315440294798, 0.000246063311351, 0.000199701767997, 0.000160923664225, 0.000183297757758, 0.000158095732331, 0.000186030767509, 0.000208472178201, 9.85824080999e-05, 8.02118956926e-05, 4.67410973215e-05, 6.02108266321e-05, 3.0353638067e-05, 3.02117205138e-05, 2.42215664912e-05, 1.89901547856e-05, 1.87572932191e-05, 1.46461552504e-05, 1.02758231151e-05, 1.20257009257e-05, 9.36863852985e-06, 8.45807790029e-06, 5.88572675042e-06, 4.96275879414e-06, 4.58708336737e-06, 5.17007356393e-06, 3.78868458029e-06, 2.90117191071e-06, 2.83032750303e-06, 2.84552129415e-06, 2.80605581793e-06, 2.47817047239e-06, 2.51039386967e-06],
        "dvar": [6.90233446221e-06, 7.10328868081e-06, 4.95477115692e-06, 2.34473441196e-06, 1.92740185412e-06, 1.325891958e-06, 4.22779407927e-07, 1.06252180387e-07, 6.39810053826e-08, 4.74024197672e-08, 3.59811807016e-08, 6.9597682284e-08, 3.41047332597e-08, 9.14601230306e-08, 9.3002263668e-08, 1.57681849799e-08, 1.87004065566e-08, 2.06653694157e-09, 4.93110707822e-09, 1.01126351737e-09, 1.60843593999e-09, 6.7147865046e-10, 3.80181691684e-10, 3.99026339748e-10, 1.5818801824e-10, 8.35744945471e-11, 1.26462312844e-10, 6.20340584456e-11, 6.37588593033e-11, 2.34137917388e-11, 1.96412833914e-11, 1.61874524202e-11, 2.04325601577e-11, 9.76370460176e-12, 5.84033862938e-12, 5.82135598406e-12, 5.90134928771e-12, 6.53097628062e-12, 4.94915740334e-12, 5.75004713982e-12],
        "dvar2": [1.76427456609e-05, 1.88900412468e-05, 1.42230428537e-05, 6.80212224324e-06, 5.55554788662e-06, 3.85380917578e-06, 1.21773007322e-06, 3.01916657008e-07, 1.53761661181e-07, 1.08323796155e-07, 9.81403616152e-08, 1.83596270631e-07, 9.52624290562e-08, 2.45179620606e-07, 2.23354049922e-07, 4.63513671889e-08, 5.55686590076e-08, 5.80364289959e-09, 1.46323291261e-08, 3.02108404959e-09, 5.09561504103e-09, 2.02034189378e-09, 1.15571330284e-09, 1.22199528274e-09, 4.64729005278e-10, 2.32194569127e-10, 3.42952194421e-10, 1.83994736114e-10, 1.81304860014e-10, 6.58547313903e-11, 5.56259344142e-11, 4.41938256823e-11, 6.20649087679e-11, 2.82044110289e-11, 1.69523162868e-11, 1.66765577042e-11, 1.80618194012e-11, 1.98341603558e-11, 1.45951705582e-11, 1.76044508832e-11],
        "max": [0.0325565896928, 0.0321985185146, 0.0238140597939, 0.017322236672, 0.0141590209678, 0.0122045939788, 0.00664060143754, 0.00423258077353, 0.0052697067149, 0.00447014532983, 0.00315262470394, 0.00936190970242, 0.00443798257038, 0.00820201914757, 0.00591368926689, 0.0037534236908, 0.00504709780216, 0.000876575650182, 0.0015293546021, 0.000641166756395, 0.00152149435598, 0.000588069204241, 0.000416954950197, 0.000712269276846, 0.000240948807914, 0.000158500741236, 0.000168819606188, 0.000135965019581, 0.000155059795361, 5.87180365983e-05, 8.30159406178e-05, 7.0393893111e-05, 6.21198050794e-05, 3.84615996154e-05, 3.35901604558e-05, 4.40664807684e-05, 2.91207652481e-05, 3.23396634485e-05, 3.08134694933e-05, 2.81977190753e-05],
        "mean": [0.0021895552054, 0.000840804772452, 0.000521544017829, 0.000604489294346, 0.000524517381564, 0.000493720872328, 0.000386771425838, 0.000262448709691, 0.000241280562477, 0.000217974607949, 0.00014130717318, 0.000166423327755, 0.00014444864064, 0.000176070767338, 0.000201496382942, 0.000100517325336, 8.39421045384e-05, 4.79957670905e-05, 5.01990070916e-05, 2.93466000585e-05, 2.82782402792e-05, 2.46623349085e-05, 1.95867614821e-05, 1.83367756108e-05, 1.57513932209e-05, 1.20637032524e-05, 1.34988395075e-05, 1.01944460766e-05, 1.01469759102e-05, 7.81358630775e-06, 6.74362581776e-06, 6.01088140684e-06, 5.8562650338e-06, 5.00408941662e-06, 4.12143117501e-06, 3.90460763811e-06, 3.68739119949e-06, 3.73696002498e-06, 3.45817852576e-06, 3.20927028952e-06],
        "median": [0.00053977483185, 0.000217990658712, 0.000143566940096, 0.000240763911279, 0.000179749113158, 0.000221813694225, 0.000227810873184, 0.000166134544997, 0.0001239242265, 0.000114895141451, 8.2478254626e-05, 8.80099469214e-05, 7.79849651735e-05, 7.0146357757e-05, 7.36214860808e-05, 5.5130567489e-05, 4.15650101786e-05, 3.31598930643e-05, 2.60322285612e-05, 1.86069100891e-05, 1.66522786458e-05, 1.39840394695e-05, 1.15334614748e-05, 1.05224653453e-05, 9.59247336141e-06, 8.00152065494e-06, 8.47645151225e-06, 6.63912987875e-06, 6.23583264314e-06, 4.96668280903e-06, 4.36808977611e-06, 3.80745791517e-06, 3.39196435561e-06, 3.20863864545e-06, 2.69314250545e-06, 2.52297968473e-06, 2.35620564126e-06, 2.22153539653e-06, 2.39454334405e-06, 1.97937561097e-06],
        "min": [9.03704952133e-25, 8.97080196858e-25, 9.78833698163e-25, 1.15052868254e-24, 1.04776505431e-24, 1.17230528643e-24, 1.23203921468e-24, 1.07202410487e-24, 1.1800296152e-24, 1.75698492913e-24, 1.1526419423e-24, 1.26114236424e-24, 1.81946034624e-24, 1.6430615815e-24, 2.35342668513e-24, 1.47286464398e-24, 2.08206484462e-24, 2.41190080252e-24, 2.75426249108e-24, 3.17709883881e-24, 2.82299318074e-24, 2.09275351546e-24, 2.38273622042e-24, 3.50740574666e-24, 3.67863510589e-24, 3.29131722041e-24, 4.36882686681e-24, 3.23889327174e-24, 3.57713000663e-24, 4.68420477924e-24, 4.44680616172e-24, 4.57501972464e-24, 4.88780189027e-24, 5.39818740177e-24, 4.28829324028e-24, 4.969667114e-24, 5.34346727622e-24, 5.72099796166e-24, 5.64592285817e-24, 5.44771997801e-24],
        "var": [1.36386724989e-05, 5.29461976839e-06, 2.82455334855e-06, 1.62182845997e-06, 1.25992505673e-06, 8.94281242836e-07, 2.97764444213e-07, 9.95933149284e-08, 1.11129317304e-07, 8.77361046037e-08, 4.19650554306e-08, 1.02727135243e-07, 5.09781052926e-08, 1.91530332927e-07, 2.00375708914e-07, 3.47607702622e-08, 3.95960597643e-08, 3.49343998174e-09, 6.37085939559e-09, 1.4646212021e-09, 1.98723770772e-09, 1.11955378301e-09, 6.46466657983e-10, 6.00207772372e-10, 3.3122046772e-10, 1.85207113534e-10, 2.55483439959e-10, 1.34308744681e-10, 1.4086982969e-10, 7.1583509953e-11, 5.8498143829e-11, 4.78260139825e-11, 4.86247465903e-11, 3.11487814708e-11, 2.14136139376e-11, 1.99324584615e-11, 1.76661723444e-11, 1.88848242599e-11, 1.46838010501e-11, 1.50599688969e-11]
    },
    "mfcc": {
        "mean": [-645.485839844, 112.149612427, -3.74713945389, -0.539656341076, -6.78677892685, -0.476846277714, 0.0782555043697, -3.27109003067, -4.10547971725, -2.05764484406, 0.0932914465666, 1.71226513386, 1.34766745567],
        "cov": [[18582.9941406, -3215.42260742, -442.168548584, 363.468688965, 570.987182617, 346.239715576, 107.982315063, 143.21913147, 354.395507812, 431.13760376, 272.864532471, 63.1326637268, 151.994674683], [-3215.42260742, 3697.09960938, 159.927154541, 75.2613220215, -199.193511963, -122.914009094, -106.718582153, -151.683258057, -219.171539307, -206.356246948, -113.422988892, -57.919960022, -67.1079864502], [-442.168548584, 159.927154541, 827.824707031, 276.959228516, 360.201843262, 115.790130615, 145.893508911, 157.542358398, 181.932693481, 78.6030807495, 102.7395401, 141.747344971, 103.38873291], [363.468688965, 75.2613220215, 276.959228516, 425.725738525, 274.43939209, 111.973236084, 57.3319511414, 81.821395874, 111.134902954, 57.6927223206, 68.2230606079, 69.2341384888, 60.6156654358], [570.987182617, -199.193511963, 360.201843262, 274.43939209, 423.499206543, 195.358917236, 116.151481628, 140.497238159, 214.32484436, 130.580184937, 104.01650238, 99.3568725586, 76.2715988159], [346.239715576, -122.914009094, 115.790130615, 111.973236084, 195.358917236, 189.339416504, 123.474906921, 87.3285369873, 96.3327178955, 69.1694869995, 53.6474990845, 61.7504348755, 46.956905365], [107.982315063, -106.718582153, 145.893508911, 57.3319511414, 116.151481628, 123.474906921, 178.317260742, 109.783126831, 44.9245796204, 25.7475585938, 48.6741828918, 77.6658248901, 71.217414856], [143.21913147, -151.683258057, 157.542358398, 81.821395874, 140.497238159, 87.3285369873, 109.783126831, 167.179840088, 122.209915161, 44.0478782654, 49.0974960327, 68.261505127, 58.0974693298], [354.395507812, -219.171539307, 181.932693481, 111.134902954, 214.32484436, 96.3327178955, 44.9245796204, 122.209915161, 212.792770386, 116.651596069, 59.7413864136, 52.8820152283, 31.682302475], [431.13760376, -206.356246948, 78.6030807495, 57.6927223206, 130.580184937, 69.1694869995, 25.7475585938, 44.0478782654, 116.651596069, 133.034515381, 66.3605804443, 19.8994960785, 21.1708431244], [272.864532471, -113.422988892, 102.7395401, 68.2230606079, 104.01650238, 53.6474990845, 48.6741828918, 49.0974960327, 59.7413864136, 66.3605804443, 88.1834030151, 56.1554031372, 35.0398292542], [63.1326637268, -57.919960022, 141.747344971, 69.2341384888, 99.3568725586, 61.7504348755, 77.6658248901, 68.261505127, 52.8820152283, 19.8994960785, 56.1554031372, 107.750785828, 64.4791107178], [151.994674683, -67.1079864502, 103.38873291, 60.6156654358, 76.2715988159, 46.956905365, 71.217414856, 58.0974693298, 31.682302475, 21.1708431244, 35.0398292542, 64.4791107178, 95.6674880981]],
