{
"lowlevel": {
    "average_loudness": 0.754399895668,
    "barkbands_crest": {
        "dmean": 1.67161977291,
        "dmean2": 2.64357972145,
        "dvar": 3.66788482666,
        "dvar2": 7.96330070496,
        "max": 26.9123954773,
        "mean": 11.8556146622,
        "median": 11.3859758377,
        "min": 2.09270524979,
        "var": 22.0729446411
    },
    "barkbands_flatness_db": {
        "dmean": 0.019293980673,
        "dmean2": 0.0309130568057,
        "dvar": 0.000493235886097,
        "dvar2": 0.00113345403224,
        "max": 0.640079855919,
        "mean": 0.207045301795,
        "median": 0.181784540415,
        "min": 0.0151723371819,
        "var": 0.00982793606818
    },
    "barkbands_kurtosis": {
        "dmean": 6.12238311768,
        "dmean2": 8.56371688843,
        "dvar": 28271.2050781,
        "dvar2": 49570.9726562,
        "max": 18503.5449219,
        "mean": 11.5904512405,
        "median": 4.29310417175,
        "min": -1.6722561121,
        "var": 47452.1015625
    },
    "barkbands_skewness": {
        "dmean": 0.470299243927,
        "dmean2": 0.723088383675,
        "dvar": 1.04206871986,
        "dvar2": 1.4278717041,
        "max": 115.047798157,
        "mean": 1.68047344685,
        "median": 1.34268629551,
        "min": -3.49685978889,
        "var": 5.69047212601
    },
    "barkbands_spread": {
        "dmean": 2.44567990303,
        "dmean2": 3.82962870598,
        "dvar": 15.3195581436,
        "dvar2": 34.9754486084,
        "max": 104.74622345,
        "mean": 12.2691717148,
        "median": 9.30808734894,
        "min": 0.0165270324796,
        "var": 98.2931900024
    },
    "dissonance": {
        "dmean": 0.0232138372958,
        "dmean2": 0.0396436490119,
        "dvar": 0.000839467102196,
        "dvar2": 0.00228639948182,
        "max": 0.500000059605,
        "mean": 0.440184593201,
        "median": 0.462613523006,
        "min": 0.100806318223,
        "var": 0.00378637644462
    },
    "dynamic_complexity": 3.31314110756,
    "erbbands_crest": {
        "dmean": 1.62045252323,
        "dmean2": 2.63582539558,
        "dvar": 3.03583884239,
        "dvar2": 6.99048089981,
        "max": 29.8462562561,
        "mean": 9.34673976898,
        "median": 8.18111801147,
        "min": 2.22282671928,
        "var": 27.0473690033
    },
    "erbbands_flatness_db": {
        "dmean": 0.0159091278911,
        "dmean2": 0.0254256669432,
        "dvar": 0.00032250667573,
        "dvar2": 0.000759312999435,
        "max": 0.587745666504,
        "mean": 0.21169705689,
        "median": 0.177415415645,
        "min": 0.034057173878,
        "var": 0.0141111733392
    },
    "erbbands_kurtosis": {
        "dmean": 1.60794830322,
        "dmean2": 2.68065500259,
        "dvar": 9.53248405457,
        "dvar2": 23.8251781464,
        "max": 123.245857239,
        "mean": 3.72227406502,
        "median": 0.854432821274,
        "min": -1.51531720161,
        "var": 49.4921417236
    },
    "erbbands_skewness": {
        "dmean": 0.374245733023,
        "dmean2": 0.607904911041,
        "dvar": 0.224708169699,
        "dvar2": 0.58020567894,
        "max": 5.65740537643,
        "mean": 0.67873352766,
        "median": 0.467141598463,
        "min": -3.61884331703,
        "var": 1.36719441414
    },
    "erbbands_spread": {
        "dmean": 4.43505477905,
        "dmean2": 7.13102340698,
        "dvar": 48.4899597168,
        "dvar2": 118.496047974,
        "max": 131.379089355,
        "mean": 25.1964702606,
        "median": 19.9740982056,
        "min": 0.674968957901,
        "var": 383.388214111
    },
    "hfc": {
        "dmean": 4.56855773926,
        "dmean2": 7.22825241089,
        "dvar": 70.7360534668,
        "dvar2": 177.930084229,
        "max": 130.697219849,
        "mean": 18.2955818176,
        "median": 16.4150333405,
        "min": 1.08824635776e-16,
        "var": 193.269805908
    },
    "melbands_crest": {
        "dmean": 2.24197459221,
        "dmean2": 3.28701496124,
        "dvar": 10.8067445755,
        "dvar2": 20.5801525116,
        "max": 39.9712753296,
        "mean": 17.822555542,
        "median": 13.7945728302,
        "min": 1.64619910717,
        "var": 103.617546082
    },
    "melbands_flatness_db": {
        "dmean": 0.0216301642358,
        "dmean2": 0.0342341586947,
        "dvar": 0.000681024685036,
        "dvar2": 0.00148640910629,
        "max": 0.660575330257,
        "mean": 0.281896919012,
        "median": 0.267621129751,
        "min": 0.00350805628113,
        "var": 0.0114656230435
    },
    "melbands_kurtosis": {
        "dmean": 8.12870979309,
        "dmean2": 11.6644468307,
        "dvar": 8754.45019531,
        "dvar2": 13680.4912109,
        "max": 11165.5048828,
        "mean": 19.4617214203,
        "median": 5.02785587311,
        "min": -1.46640133858,
        "var": 16691.7363281
    },
    "melbands_skewness": {
        "dmean": 0.610778450966,
        "dmean2": 0.947210967541,
        "dvar": 1.26303553581,
        "dvar2": 2.37201523781,
        "max": 90.7714004517,
        "mean": 2.44655704498,
        "median": 1.46643733978,
        "min": -2.94345617294,
        "var": 8.13936138153
    },
    "melbands_spread": {
        "dmean": 2.73631024361,
        "dmean2": 4.39286708832,
        "dvar": 29.0004825592,
        "dvar2": 66.4816131592,
        "max": 157.571334839,
        "mean": 13.4047746658,
        "median": 9.53253650665,
        "min": 0.0362308956683,
        "var": 255.972564697
    },
    "pitch_salience": {
        "dmean": 0.0578100942075,
        "dmean2": 0.0901946276426,
        "dvar": 0.00551931420341,
        "dvar2": 0.0111737819389,
        "max": 0.978920698166,
        "mean": 0.491926789284,
        "median": 0.539296329021,
        "min": 0.00519413873553,
        "var": 0.0357680656016
    },
    "silence_rate_20dB": {
        "dmean": 0,
        "dmean2": 0,
        "dvar": 0,
        "dvar2": 0,
        "max": 1,
        "mean": 1,
        "median": 1,
        "min": 1,
        "var": 0
    },
    "silence_rate_30dB": {
        "dmean": 0.0507378540933,
        "dmean2": 0.101484119892,
        "dvar": 0.0481616817415,
        "dvar2": 0.116552866995,
        "max": 1,
        "mean": 0.911879301071,
        "median": 1,
        "min": 0,
        "var": 0.0803494080901
    },
    "silence_rate_60dB": {
        "dmean": 0.0126015590504,
        "dmean2": 0.025205206126,
        "dvar": 0.0124402791262,
        "dvar2": 0.027061091736,
        "max": 1,
        "mean": 0.0967421010137,
        "median": 0,
        "min": 0,
        "var": 0.087370172143
    },
    "spectral_centroid": {
        "dmean": 140.160293579,
        "dmean2": 210.924545288,
        "dvar": 56650.4648438,
        "dvar2": 107492.234375,
        "max": 12059.9619141,
        "mean": 1194.86315918,
        "median": 717.300048828,
        "min": 215.56842041,
        "var": 1097809.875
    },
    "spectral_complexity": {
        "dmean": 2.43574857712,
        "dmean2": 3.92687177658,
        "dvar": 7.92411279678,
        "dvar2": 17.9062995911,
        "max": 52,
        "mean": 17.6926136017,
        "median": 17,
        "min": 0,
        "var": 109.322372437
    },
    "spectral_decrease": {
        "dmean": 2.32944996625e-09,
        "dmean2": 3.69592445537e-09,
        "dvar": 1.88907058063e-17,
        "dvar2": 4.45905175697e-17,
        "max": 2.13228394902e-28,
        "mean": -1.16948841722e-08,
        "median": -9.70139168999e-09,
        "min": -6.37105301848e-08,
        "var": 9.68447377833e-17
    },
    "spectral_energy": {
        "dmean": 0.00908519513905,
        "dmean2": 0.0144366594031,
        "dvar": 0.000284828973236,
        "dvar2": 0.000675021845382,
        "max": 0.241820320487,
        "mean": 0.0457986555994,
        "median": 0.038307517767,
        "min": 1.01936770761e-20,
        "var": 0.00144836399704
    },
    "spectral_energyband_high": {
        "dmean": 0.000182565971045,
        "dmean2": 0.000277193263173,
        "dvar": 2.0438609738e-07,
        "dvar2": 4.72753924896e-07,
        "max": 0.00765858171508,
        "mean": 0.000624859007075,
        "median": 0.000134268309921,
        "min": 7.28977714075e-21,
        "var": 9.53215192112e-07
    },
    "spectral_energyband_low": {
        "dmean": 0.00524046085775,
        "dmean2": 0.00834977533668,
        "dvar": 0.000120965094538,
        "dvar2": 0.000272316072369,
        "max": 0.1395406425,
        "mean": 0.024947617203,
        "median": 0.00761362770572,
        "min": 1.45644485923e-23,
        "var": 0.00112401135266
    },
    "spectral_energyband_middle_high": {
        "dmean": 0.00101776956581,
        "dmean2": 0.00165001011919,
        "dvar": 7.32655007596e-06,
        "dvar2": 1.94343774638e-05,
        "max": 0.0799780339003,
        "mean": 0.00343315582722,
        "median": 0.00268932664767,
        "min": 1.20642969579e-21,
        "var": 1.44224468386e-05
    },
    "spectral_energyband_middle_low": {
        "dmean": 0.00653593009338,
        "dmean2": 0.0108770355582,
        "dvar": 0.00025693437783,
        "dvar2": 0.000658944307361,
        "max": 0.162997320294,
        "mean": 0.016499325633,
        "median": 0.00895838066936,
        "min": 2.04295170888e-22,
        "var": 0.000362155551556
    },
    "spectral_entropy": {
        "dmean": 0.168140918016,
        "dmean2": 0.268915146589,
        "dvar": 0.0465370938182,
        "dvar2": 0.120399609208,
        "max": 9.82041168213,
        "mean": 7.11887598038,
        "median": 7.28654289246,
        "min": 4.45069026947,
        "var": 0.998064696789
    },
    "spectral_flux": {
        "dmean": 0.0266483258456,
        "dmean2": 0.040435846895,
        "dvar": 0.00194652879145,
        "dvar2": 0.00362316146493,
        "max": 0.436066091061,
        "mean": 0.0735497623682,
        "median": 0.0585065484047,
        "min": 6.29604354763e-11,
        "var": 0.00458083488047
    },
    "spectral_kurtosis": {
        "dmean": 8.24067020416,
        "dmean2": 14.0394554138,
        "dvar": 308.37612915,
        "dvar2": 863.148986816,
        "max": 468.552246094,
        "mean": 21.1103076935,
        "median": 6.0104932785,
        "min": -1.26251661777,
        "var": 1420.6027832
    },
    "spectral_rms": {
        "dmean": 0.000603595690336,
        "dmean2": 0.000944636121858,
        "dvar": 1.06210404738e-06,
        "dvar2": 2.34276694755e-06,
        "max": 0.0153597611934,
        "mean": 0.0059556751512,
        "median": 0.00611336156726,
        "min": 3.15357744259e-12,
        "var": 9.21173432289e-06
    },
    "spectral_rolloff": {
        "dmean": 146.897018433,
        "dmean2": 244.082458496,
        "dvar": 148875.359375,
        "dvar2": 297064.71875,
        "max": 19724.4140625,
        "mean": 877.050598145,
        "median": 602.9296875,
        "min": 21.533203125,
        "var": 2585755
    },
    "spectral_skewness": {
        "dmean": 0.534165740013,
        "dmean2": 0.901101946831,
        "dvar": 0.716380298138,
        "dvar2": 1.98721683025,
        "max": 17.9665985107,
        "mean": 2.8571202755,
        "median": 2.02995800972,
        "min": -0.0885518863797,
        "var": 4.4108672142
    },
    "spectral_spread": {
        "dmean": 361472.96875,
        "dmean2": 572790.9375,
        "dvar": 238011121664,
        "dvar2": 516259446784,
        "max": 43204096,
        "mean": 3935342.5,
        "median": 3852126,
        "min": 172616.1875,
        "var": 1.04771543368e+13
    },
    "spectral_strongpeak": {
        "dmean": 0.253569185734,
        "dmean2": 0.431265711784,
        "dvar": 0.179946318269,
        "dvar2": 0.432551801205,
        "max": 11.4141979218,
        "mean": 0.98819488287,
        "median": 0.519680380821,
        "min": 0,
        "var": 0.913589298725
    },
    "zerocrossingrate": {
        "dmean": 0.00544642889872,
        "dmean2": 0.00680537195876,
        "dvar": 6.89125154167e-05,
        "dvar2": 9.18915757211e-05,
        "max": 0.62451171875,
        "mean": 0.0411738939583,
        "median": 0.0302734375,
        "min": 0,
        "var": 0.00189895601943
    },
    "barkbands": {
        "dmean": [0.0021860904526, 0.00350047694519, 0.00146559486166, 0.00137135887053, 0.00258904113434, 0.00267142197117, 0.00115614116658, 0.000679817108903, 0.000913176860195, 0.000394618924474, 0.000282850756776, 0.000305783381918, 0.000214274870814, 0.000163067190442, 0.000113230897114, 0.00010136608762, 7.7951750427e-05, 7.8459350334e-05, 7.09418527549e-05, 5.90645322518e-05, 4.98628942296e-05, 4.32649321738e-05, 2.49015301961e-05, 2.12707691389e-05, 2.69068495982e-05, 3.47993336618e-05, 2.3193177185e-05],
        "dmean2": [0.00347114307806, 0.0054291812703, 0.0024739659857, 0.00248787994497, 0.00469262478873, 0.00495028588921, 0.00200696242973, 0.00113072386011, 0.00144921732135, 0.000646182044875, 0.000471320847282, 0.000516289379448, 0.000358144432539, 0.000271674391115, 0.000187126963283, 0.000174522632733, 0.000127735562273, 0.000130148706376, 0.000118225660117, 9.39802921494e-05, 7.9200071923e-05, 7.03902624082e-05, 3.91331013816e-05, 3.3997992432e-05, 4.31556218246e-05, 5.32821941306e-05, 3.81812060368e-05],
        "dvar": [4.46748672402e-05, 5.68020986975e-05, 2.32853271882e-05, 2.23958468268e-05, 7.05064958311e-05, 5.59941508982e-05, 7.34360446586e-06, 4.44404668087e-06, 5.45457623957e-06, 1.33414403081e-06, 5.79559866765e-07, 7.44372812278e-07, 6.34695425106e-07, 1.29280422811e-07, 4.78512518498e-08, 6.86509338266e-08, 3.97642736516e-08, 3.04492218106e-08, 2.19664890722e-08, 1.63500359918e-08, 1.13694120785e-08, 1.11591687002e-08, 3.04581537769e-09, 2.33145747153e-09, 3.81760134616e-09, 1.12435420974e-08, 7.61860707854e-09],
        "dvar2": [9.82858327916e-05, 0.000124818092445, 6.01055944571e-05, 6.35086835246e-05, 0.000201191840461, 0.000163139018696, 2.01314287551e-05, 1.16582059491e-05, 1.47709461089e-05, 3.09857387037e-06, 1.62469359566e-06, 2.10588382288e-06, 1.52331847403e-06, 3.48202064515e-07, 1.30166526446e-07, 2.03152680456e-07, 9.76118812446e-08, 8.2041545113e-08, 5.77721230854e-08, 3.70900714586e-08, 2.66387587544e-08, 2.87723054271e-08, 7.19648429737e-09, 5.76166980792e-09, 9.06158703629e-09, 2.70849369599e-08, 2.00112975079e-08],
        "max": [0.194699510932, 0.098480463028, 0.0697534829378, 0.0585986971855, 0.0909074768424, 0.0921540409327, 0.0754296481609, 0.0540617406368, 0.0407889559865, 0.0692709907889, 0.0239748004824, 0.0204706769437, 0.0604154206812, 0.0116625307128, 0.0062231705524, 0.00739506259561, 0.00965351518244, 0.00490297796205, 0.00256230682135, 0.00710085732862, 0.00169652083423, 0.00140031252522, 0.000926527834963, 0.000823111855425, 0.000885449990164, 0.00263578630984, 0.00209104269743],
        "mean": [0.00722493603826, 0.0164490416646, 0.00162552972324, 0.00112442090176, 0.00280086463317, 0.0042197117582, 0.00441479450092, 0.00143071229104, 0.00239647575654, 0.00076231919229, 0.000465098622954, 0.000558235216886, 0.000385648483643, 0.000305156543618, 0.000215637817746, 0.000183484022273, 0.000178511691047, 0.00017205918266, 0.000166190890013, 0.00016536845942, 0.000129419247969, 0.000110016706458, 7.05770216882e-05, 6.7628789111e-05, 7.04620761098e-05, 7.66397060943e-05, 2.96130656352e-05],
        "median": [1.97731442313e-05, 0.00381521321833, 0.000186358636711, 0.000182008749107, 0.000935810559895, 0.00164322298951, 0.000973303220235, 0.0004367591755, 0.00105380639434, 0.000332094321493, 0.000271033553872, 0.000323407672113, 0.000226835152716, 0.000174063665327, 0.000116081857414, 8.57883424032e-05, 6.19237544015e-05, 4.19703101215e-05, 3.83734550269e-05, 3.27811685565e-05, 2.73399018624e-05, 1.90365517483e-05, 1.36748958539e-05, 1.08345766421e-05, 8.1059142758e-06, 5.68725727135e-06, 3.53615007498e-07],
        "min": [4.10615561107e-25, 3.24028994998e-24, 1.65294975573e-24, 1.26527964386e-24, 1.05988306222e-23, 7.78314702665e-24, 1.00565013717e-23, 1.34381301495e-24, 2.27665446573e-23, 1.77902759609e-23, 2.40497626038e-23, 2.66958829144e-23, 2.2671669934e-23, 2.47205310315e-23, 4.99030884288e-23, 6.28995655314e-23, 5.3499599959e-23, 9.4893870581e-23, 1.21251644556e-22, 2.00902627234e-22, 2.38060676929e-22, 3.28481857639e-22, 4.50829135329e-22, 6.54871984323e-22, 8.51411693258e-22, 1.28633764517e-21, 2.00080550867e-21],
        "var": [0.000198628928047, 0.000530701829121, 1.98456054932e-05, 1.37697725222e-05, 4.47101701866e-05, 4.74754633615e-05, 6.09344424447e-05, 9.17593115446e-06, 1.16372439152e-05, 2.66549636763e-06, 5.77425566917e-07, 8.25854726827e-07, 8.15463295112e-07, 2.16497028305e-07, 9.4317663013e-08, 1.06643412323e-07, 1.21100995898e-07, 7.982826844e-08, 6.71846294154e-08, 7.61199316912e-08, 4.00959017099e-08, 3.62315013547e-08, 1.34833504362e-08, 1.24274670554e-08, 1.49585428488e-08, 2.66846509334e-08, 8.53808224122e-09]
    },
    "erbbands": {
        "dmean": [0.184386372566, 0.555503726006, 1.39944291115, 3.23427844048, 6.22976016998, 8.64236068726, 16.4462547302, 24.1223735809, 17.9178352356, 14.1191177368, 15.339849472, 19.7826404572, 15.4752960205, 10.9083509445, 11.7449645996, 10.3703174591, 9.25484275818, 7.58820486069, 6.24315977097, 4.7538523674, 5.78815460205, 4.52085018158, 4.47601652145, 3.6784901619, 3.10588359833, 2.51607847214, 2.00142025948, 2.09519314766, 1.71166956425, 1.02675366402, 0.655040860176, 0.429994940758, 0.40040063858, 0.352189302444, 0.174041941762, 0.117866285145, 0.0687348991632, 0.0356588959694, 0.00335559737869, 5.17791195307e-05],
        "dmean2": [0.289093822241, 0.897727906704, 2.26077723503, 5.62401723862, 11.206193924, 15.8829469681, 30.1970348358, 44.5871887207, 31.6840515137, 24.2646141052, 25.566608429, 31.8557701111, 24.4878044128, 18.3059577942, 19.5159168243, 17.4904937744, 15.4491262436, 12.7467107773, 10.3563547134, 7.81867027283, 9.81407928467, 7.43164825439, 7.52289009094, 6.01627874374, 5.08375263214, 4.07088661194, 3.21185088158, 3.3316886425, 2.80507135391, 1.60178470612, 1.04476499557, 0.674584627151, 0.650279343128, 0.576995849609, 0.273979693651, 0.184037849307, 0.106393702328, 0.056181486696, 0.00556465191767, 8.40888242237e-05],
        "dvar": [0.238162666559, 1.11779987812, 17.8062973022, 120.059860229, 395.389984131, 819.786193848, 2956.83325195, 3678.59570312, 1786.82543945, 1261.74487305, 2131.35522461, 2882.67016602, 1360.13134766, 1183.73681641, 1282.66784668, 1015.0604248, 1266.44274902, 320.623687744, 151.508605957, 77.5936355591, 270.057342529, 153.18170166, 110.848129272, 57.7698745728, 36.1375846863, 30.721780777, 15.7930927277, 25.9940776825, 17.7650489807, 5.3533949852, 2.08655500412, 0.852300465107, 0.857071638107, 0.623858332634, 0.176827296615, 0.104716725647, 0.0441019572318, 0.0153094930574, 0.000169709164766, 2.87675732125e-08],
        "dvar2": [0.502447903156, 2.87585735321, 43.7572288513, 326.192901611, 1111.98327637, 2367.31542969, 8594.38183594, 10714.2275391, 5079.38671875, 3467.57714844, 5718.35546875, 7804.17675781, 3648.59887695, 2669.11987305, 3627.09594727, 2863.24780273, 3113.00415039, 864.275817871, 407.564178467, 201.803131104, 799.026123047, 377.832214355, 304.516052246, 147.112228394, 89.7093429565, 69.9177703857, 38.8584403992, 62.8230819702, 46.2888374329, 12.7725467682, 5.07622098923, 2.08892607689, 2.15271496773, 1.57999682426, 0.405946880579, 0.248851209879, 0.10431535542, 0.0391288623214, 0.000454408349469, 7.5668936006e-08],
        "max": [6.92012023926, 13.422949791, 60.7162132263, 133.812896729, 232.152236938, 324.139892578, 556.723449707, 894.373168945, 638.20135498, 1053.93383789, 1169.921875, 980.004638672, 620.72869873, 2317.56518555, 1046.25292969, 764.46472168, 2597.13378906, 789.50592041, 363.823913574, 218.49710083, 440.545166016, 626.978881836, 328.685180664, 161.634490967, 173.471572876, 324.440551758, 96.5968093872, 80.980796814, 58.0796051025, 33.2121734619, 26.4112319946, 21.7743186951, 16.7842521667, 11.650229454, 7.16925621033, 7.45890045166, 5.52442455292, 2.7056555748, 0.33856472373, 0.00439123390242],
        "mean": [1.01074743271, 1.57564210892, 2.02106261253, 2.97304320335, 5.54272603989, 8.89914703369, 18.5977554321, 43.5875396729, 54.7094573975, 52.213104248, 37.1939201355, 51.265335083, 36.244392395, 20.8785591125, 21.6983795166, 19.9604969025, 17.5148029327, 15.3394861221, 13.5924158096, 9.88411140442, 11.2074508667, 10.7687950134, 9.7461681366, 8.80198574066, 8.36819839478, 7.42072200775, 5.46260118484, 4.93525934219, 4.20871591568, 2.74845743179, 1.94148731232, 1.39663505554, 1.11909925938, 0.82027721405, 0.479095578194, 0.268327921629, 0.140499010682, 0.0585365258157, 0.00429088063538, 0.000114653405035],
        "median": [0.0588966757059, 0.965472459793, 0.497381538153, 0.572391569614, 1.39155995846, 3.02343130112, 6.9962644577, 16.0729255676, 15.6213998795, 13.2596092224, 14.7597341537, 21.241399765, 18.7884483337, 12.6594552994, 12.8107690811, 12.2731132507, 10.4888162613, 10.3218612671, 8.41122817993, 5.81702375412, 4.73973941803, 3.61580872536, 2.47477602959, 2.15027832985, 1.86738991737, 1.61810743809, 1.34990048409, 0.913611650467, 0.698465108871, 0.51929038763, 0.361543595791, 0.256582736969, 0.15931686759, 0.0973186567426, 0.0547087155282, 0.0256113596261, 0.00980468187481, 0.00160743226297, 8.04214796517e-05, 5.18611341249e-05],
        "min": [7.61707240012e-23, 3.62115781681e-22, 1.40958523404e-21, 7.08241168535e-21, 1.40086461781e-20, 3.53121109365e-20, 7.00442519414e-20, 6.67692887999e-20, 1.17286145849e-19, 1.13824201115e-19, 2.31746771973e-19, 6.13545141038e-19, 4.12012459258e-19, 9.49108999397e-19, 9.78077484834e-19, 1.39955351069e-18, 1.2776909881e-18, 2.11601837639e-18, 2.4412465613e-18, 3.06756580084e-18, 3.726549162e-18, 3.74863736589e-18, 4.86746325087e-18, 7.45599097459e-18, 6.17137162508e-18, 8.9596779424e-18, 9.72385551642e-18, 1.19476247141e-17, 1.17430703933e-17, 1.2794715564e-17, 1.26825556632e-17, 1.11921970567e-17, 9.89635989726e-18, 8.89512642176e-18, 6.8621596672e-18, 4.32526166218e-18, 2.26016617866e-18, 9.725580188e-19, 2.73353775838e-19, 2.74769592392e-20],
        "var": [2.60203647614, 3.29782032967, 19.0038795471, 83.5975189209, 251.455459595, 495.878875732, 1809.24963379, 4273.56298828, 6432.07714844, 9388.59570312, 3907.99633789, 6583.19042969, 2527.98803711, 1671.94616699, 1279.56396484, 1058.61962891, 1539.22827148, 492.144287109, 347.429779053, 182.582519531, 418.998687744, 473.958953857, 268.433502197, 190.964889526, 159.760238647, 150.505996704, 64.6619644165, 71.2366104126, 55.2157783508, 20.7168216705, 10.1830558777, 5.3644785881, 3.50880527496, 1.89605164528, 0.771984934807, 0.278701722622, 0.0939192697406, 0.0242478735745, 0.000173823078512, 4.07095299693e-08]
    },
    "gfcc": {
        "mean": [-49.7760353088, 111.843444824, -111.719718933, -1.50379109383, -63.5090065002, -2.87890791893, -29.9772033691, 6.00198507309, -13.7478694916, 7.09503316879, -7.39184331894, 3.8073925972, -3.64188218117],
        "cov": [[19995.5644531, -3506.11816406, 804.043029785, 2600.61450195, 1671.1998291, 2158.05273438, 430.64263916, 1123.89733887, -332.106079102, 1193.99609375, 27.1850948334, 1011.66644287, -315.186218262], [-3506.11816406, 4761.66748047, -375.471801758, -1425.37255859, -431.495727539, -1134.0255127, -67.7106399536, -659.788391113, 389.49029541, -556.368286133, 131.690765381, -730.308044434, 189.092529297], [804.043029785, -375.471801758, 1294.27038574, 340.033630371, 313.290863037, 249.989654541, 120.948249817, 264.718536377, -20.8046131134, 181.699890137, -38.625038147, 125.633712769, -99.7955703735], [2600.61450195, -1425.37255859, 340.033630371, 1174.18347168, 591.519836426, 616.553710938, 156.959701538, 351.961273193, -54.5571212769, 347.159790039, 62.3650360107, 311.988647461, -84.6786727905], [1671.1998291, -431.495727539, 313.290863037, 591.519836426, 735.717529297, 491.047424316, 244.563583374, 205.2709198, 46.4650878906, 246.725891113, 101.910568237, 192.002944946, -31.1246585846], [2158.05273438, -1134.0255127, 249.989654541, 616.553710938, 491.047424316, 641.336914062, 179.851226807, 281.378662109, -67.0344696045, 266.240203857, 1.44907701015, 248.485961914, -74.0889434814], [430.64263916, -67.7106399536, 120.948249817, 156.959701538, 244.563583374, 179.851226807, 240.152633667, 130.156539917, 97.894203186, 82.1550064087, 60.4888648987, 68.3017044067, 28.1989555359], [1123.89733887, -659.788391113, 264.718536377, 351.961273193, 205.2709198, 281.378662109, 130.156539917, 275.649719238, 24.5086631775, 179.03024292, 10.3647909164, 142.318466187, -33.3944854736], [-332.106079102, 389.49029541, -20.8046131134, -54.5571212769, 46.4650878906, -67.0344696045, 97.894203186, 24.5086631775, 190.39831543, 55.4897193909, 101.125808716, -18.3003540039, 51.59532547], [1193.99609375, -556.368286133, 181.699890137, 347.159790039, 246.725891113, 266.240203857, 82.1550064087, 179.03024292, 55.4897193909, 254.561477661, 91.1802444458, 167.017318726, -24.2010631561], [27.1850948334, 131.690765381, -38.625038147, 62.3650360107, 101.910568237, 1.44907701015, 60.4888648987, 10.3647909164, 101.125808716, 91.1802444458, 148.659957886, 59.2267189026, 49.0857658386], [1011.66644287, -730.308044434, 125.633712769, 311.988647461, 192.002944946, 248.485961914, 68.3017044067, 142.318466187, -18.3003540039, 167.017318726, 59.2267189026, 219.942550659, 11.4901924133], [-315.186218262, 189.092529297, -99.7955703735, -84.6786727905, -31.1246585846, -74.0889434814, 28.1989555359, -33.3944854736, 51.59532547, -24.2010631561, 49.0857658386, 11.4901924133, 94.260925293]],
        "icov": [[0.000110447792395, -0.000160337964189, 0.000106349994894, -0.000107308471343, 4.73124564451e-05, -7.82198112574e-05, -0.000101206525869, -0.000160049865372, 0.000419405085267, -0.000585728907026, 0.000422874290962, -0.00040547674871, 8.41350192786e-05], [-0.000160337964189, 0.00128805625718, -0.000473798339954, 0.000573320139665, -0.000806274241768, 0.000330910086632, 0.000403092766646, 0.000818364846054, -0.00155245698988, 0.00161457830109, -0.00211212737486, 0.00341261387803, -0.0009952315595], [0.000106349994894, -0.000473798339954, 0.00140967778862, -5.131747821e-05, -0.000488923978992, 0.00114575040061, -0.000742461765185, -0.00131218880415, 0.0013573548058, -0.00180003093556, 0.00195413711481, -0.00169358903076, 0.00123249390163], [-0.000107308471343, 0.000573320139665, -5.131747821e-05, 0.00271084485576, -0.00156645791139, -0.000132050699904, 0.00101562240161, -0.00144569016993, 0.000156514419359, 0.000555845443159, -0.00172343163285, 0.000757467758376, 0.000297147460515], [4.73124564451e-05, -0.000806274241768, -0.000488923978992, -0.00156645791139, 0.00559606030583, -0.0036371445749, -0.0025326423347, 0.00217216438614, 0.000162801821716, -0.000706092687324, -0.00127864885144, -0.000940360012464, 0.000877080950886], [-7.82198112574e-05, 0.000330910086632, 0.00114575040061, -0.000132050699904, -0.0036371445749, 0.0112493960187, -0.00528196198866, -0.000879388477188, 0.00541069498286, -0.00722060119733, 0.00571473734453, -0.00201917858794, 0.00153338524979], [-0.000101206525869, 0.000403092766646, -0.000742461765185, 0.00101562240161, -0.0025326423347, -0.00528196198866, 0.0150165315717, -0.00540955970064, -0.00896156951785, 0.0105317430571, -0.00463065132499, 0.000434666115325, -0.00244976370595], [-0.000160049865372, 0.000818364846054, -0.00131218880415, -0.00144569016993, 0.00217216438614, -0.000879388477188, -0.00540955970064, 0.0149336159229, -0.00371531024575, -0.00532238092273, 0.0051190443337, -0.000283664558083, 0.000106192885141], [0.000419405085267, -0.00155245698988, 0.0013573548058, 0.000156514419359, 0.000162801821716, 0.00541069498286, -0.00896156951785, -0.00371531024575, 0.0232259370387, -0.0147540420294, -0.00187102146447, 0.00471732160076, -0.00433625746518], [-0.000585728907026, 0.00161457830109, -0.00180003093556, 0.000555845443159, -0.000706092687324, -0.00722060119733, 0.0105317430571, -0.00532238092273, -0.0147540420294, 0.0312665514648, -0.0152391465381, -0.00398878147826, 0.00697669060901], [0.000422874290962, -0.00211212737486, 0.00195413711481, -0.00172343163285, -0.00127864885144, 0.00571473734453, -0.00463065132499, 0.0051190443337, -0.00187102146447, -0.0152391465381, 0.0279012452811, -0.0108022280037, -0.00266096671112], [-0.00040547674871, 0.00341261387803, -0.00169358903076, 0.000757467758376, -0.000940360012464, -0.00201917858794, 0.000434666115325, -0.000283664558083, 0.00471732160076, -0.00398878147826, -0.0108022280037, 0.0277862939984, -0.0128104798496], [8.41350192786e-05, -0.0009952315595, 0.00123249390163, 0.000297147460515, 0.000877080950886, 0.00153338524979, -0.00244976370595, 0.000106192885141, -0.00433625746518, 0.00697669060901, -0.00266096671112, -0.0128104798496, 0.023835811764]]
    },
    "melbands": {
        "dmean": [0.00125077727716, 0.000662041129544, 0.000606589834206, 0.00051913515199, 0.000540031585842, 0.000522823305801, 0.000268055882771, 0.000154688241309, 0.000127813764266, 0.000132727858727, 7.88784891483e-05, 4.681585051e-05, 3.70781890524e-05, 3.74914561689e-05, 2.56690855167e-05, 2.1910880605e-05, 1.44728865052e-05, 1.15956127047e-05, 9.96636481432e-06, 6.23624919172e-06, 7.04207423041e-06, 5.34104265171e-06, 4.12840017816e-06, 3.808860356e-06, 3.25192695527e-06, 2.7664150366e-06, 2.59797911895e-06, 1.76661410478e-06, 1.46092406794e-06, 1.19385435937e-06, 1.41097871165e-06, 1.17166973723e-06, 7.68722998146e-07, 5.9786498241e-07, 4.46577871571e-07, 3.11323731239e-07, 2.88748481125e-07, 2.86614351808e-07, 3.55925209305e-07, 3.14110536692e-07],
        "dmean2": [0.00197688234039, 0.00105552875903, 0.00103419437073, 0.000943655497395, 0.000993247609586, 0.000966771913227, 0.000472965621157, 0.000262271176325, 0.0002129986824, 0.000210071913898, 0.000124505124404, 7.80389746069e-05, 6.18913036305e-05, 6.33397939964e-05, 4.29356987297e-05, 3.6553152313e-05, 2.43191370828e-05, 1.92788465938e-05, 1.64695229614e-05, 1.06722363853e-05, 1.19619189718e-05, 8.81030791788e-06, 6.86278963258e-06, 6.36954382571e-06, 5.37078312846e-06, 4.62805019197e-06, 4.21531558459e-06, 2.919445933e-06, 2.41231009568e-06, 1.89446507193e-06, 2.28571457228e-06, 1.9723420337e-06, 1.24455493733e-06, 9.42619351463e-07, 7.24622111647e-07, 5.00232488321e-07, 4.63547962681e-07, 4.65240248104e-07, 5.92577976022e-07, 5.20030198459e-07],
        "dvar": [9.19907233765e-06, 2.60639626504e-06, 3.71923442799e-06, 2.88183719022e-06, 3.18305910696e-06, 1.8413647922e-06, 3.84772732787e-07, 1.58015922125e-07, 1.42096439504e-07, 1.17778654385e-07, 3.33174021705e-08, 2.21362448372e-08, 1.24419141656e-08, 1.1007019296e-08, 1.00586809992e-08, 3.41350148148e-09, 1.01870478719e-09, 6.73219091585e-10, 4.53482612572e-10, 1.89448637333e-10, 3.94544757976e-10, 2.09395153994e-10, 8.76994518673e-11, 8.3946766205e-11, 4.57233521878e-11, 3.13428692722e-11, 3.16281653645e-11, 1.42261740582e-11, 9.0330477473e-12, 5.36417221406e-12, 1.325665272e-11, 8.37177115826e-12, 2.88470159218e-12, 1.7966489841e-12, 1.00800834693e-12, 4.21256643934e-13, 3.89591191339e-13, 4.13570084212e-13, 6.89355040065e-13, 4.92277009087e-13],
        "dvar2": [1.97025547095e-05, 6.31196871836e-06, 9.78358002612e-06, 8.2359292719e-06, 9.22884191823e-06, 5.3626049521e-06, 1.08922756681e-06, 4.28198092095e-07, 3.8484378706e-07, 3.12709090622e-07, 8.80032047235e-08, 4.81554813803e-08, 3.50888207379e-08, 3.10498968759e-08, 2.47998155345e-08, 8.70846861289e-09, 2.74936629019e-09, 1.79871539885e-09, 1.24795729306e-09, 5.42985434393e-10, 1.16074483358e-09, 5.22716592233e-10, 2.2919402487e-10, 2.2770103858e-10, 1.18564130736e-10, 8.15955983335e-11, 7.52198789367e-11, 3.53685900012e-11, 2.33650963161e-11, 1.30679694496e-11, 3.30365700074e-11, 2.29075682034e-11, 7.22422599173e-12, 4.33456742721e-12, 2.55539231268e-12, 1.05541053327e-12, 1.00241082795e-12, 1.0352933788e-12, 1.80120046482e-12, 1.27519641981e-12],
        "max": [0.0431793667376, 0.0229220464826, 0.0244598537683, 0.020060768351, 0.0171319488436, 0.0190943200141, 0.0124763799831, 0.0100072911009, 0.00875360146165, 0.0062212026678, 0.00342437555082, 0.0105970874429, 0.0034008116927, 0.00258252490312, 0.00686171697453, 0.00277117011137, 0.00133212888613, 0.000853676116094, 0.000651288544759, 0.000359371537343, 0.000466604164103, 0.00069425808033, 0.000357895914931, 0.00031763894367, 0.000145544705447, 0.00013612449402, 0.000292833137792, 0.000173359498149, 7.61666015023e-05, 3.26769913954e-05, 5.39848915651e-05, 3.98173106078e-05, 2.53606540355e-05, 1.75320983544e-05, 1.93381511053e-05, 1.29051986733e-05, 1.31386395879e-05, 9.789694559e-06, 1.49654624693e-05, 9.57430347626e-06],
        "mean": [0.00674602156505, 0.00131910329219, 0.000590172770899, 0.000496664375532, 0.000613333948422, 0.000929561269004, 0.000912280811463, 0.000530216551851, 0.000289230199996, 0.000345685082721, 0.000179276496056, 8.93402539077e-05, 6.50701622362e-05, 6.97401119396e-05, 4.10450666095e-05, 3.94488997699e-05, 2.68898584181e-05, 2.26978245337e-05, 1.75294408109e-05, 1.14456397569e-05, 1.2793154383e-05, 1.14624335765e-05, 8.9700697572e-06, 7.74083673605e-06, 7.07034541847e-06, 6.41873475615e-06, 6.22279185336e-06, 4.53605753137e-06, 3.53568816536e-06, 2.82303631138e-06, 2.8874273994e-06, 2.53408029494e-06, 1.87763885151e-06, 1.38270502248e-06, 1.14454167033e-06, 9.38630421388e-07, 8.16381259483e-07, 7.59748900236e-07, 7.99898032255e-07, 6.61762840082e-07],
        "median": [0.000829347874969, 0.000952455215156, 0.000143270241097, 0.000151531625306, 0.000222381422645, 0.000349739362719, 0.000236454172409, 0.00013204033894, 0.000110066233901, 0.000134884539875, 9.21817700146e-05, 5.03263763676e-05, 3.90208915633e-05, 3.90417517337e-05, 1.94923395611e-05, 2.27527270908e-05, 1.72142226802e-05, 1.2347003576e-05, 8.72410237207e-06, 6.01280498813e-06, 5.02608781972e-06, 3.74846945306e-06, 2.42328201239e-06, 1.96689916265e-06, 1.6444761286e-06, 1.39594249049e-06, 1.09043708107e-06, 1.00691636362e-06, 7.43365092148e-07, 6.71525356211e-07, 4.54622295365e-07, 4.01390678917e-07, 3.13041965683e-07, 2.67770758455e-07, 1.97816561354e-07, 1.72222712536e-07, 1.38461388133e-07, 1.05416049223e-07, 1.03397681528e-07, 7.5744203798e-08],
        "min": [1.14451135016e-24, 5.22142497216e-25, 1.63018628684e-24, 1.42331303647e-24, 2.35820619614e-24, 1.56923435736e-24, 2.25139147135e-24, 7.44554483175e-25, 2.70465457862e-24, 3.36230937707e-24, 2.05833571138e-24, 2.98253260742e-24, 2.6323560683e-24, 3.55930806106e-24, 3.21795828382e-24, 3.50932110094e-24, 3.32694079839e-24, 3.08837466672e-24, 4.52831087601e-24, 3.20357853281e-24, 4.28944852708e-24, 3.08622364025e-24, 4.84331565724e-24, 4.57986885263e-24, 5.30396743297e-24, 5.08260162449e-24, 4.41933250297e-24, 5.34048735415e-24, 5.51681157153e-24, 4.35965359777e-24, 6.42168512249e-24, 5.86490946217e-24, 6.14591986041e-24, 6.24321559787e-24, 6.53517223004e-24, 5.81557173457e-24, 6.09339000716e-24, 5.99556257744e-24, 6.75318025208e-24, 5.92560520908e-24],
        "var": [0.00010322174785, 3.62323521585e-06, 2.79922619484e-06, 1.77094568699e-06, 1.97081294573e-06, 1.97369195121e-06, 2.01414786716e-06, 8.51849108585e-07, 2.31078999491e-07, 3.04238170656e-07, 6.58671766018e-08, 3.51497355666e-08, 1.21909620177e-08, 1.31599833253e-08, 1.25586492317e-08, 5.14842790622e-09, 1.52680978971e-09, 1.33220412479e-09, 7.58883622609e-10, 3.30146354699e-10, 5.9464222435e-10, 5.86214798926e-10, 2.59258642332e-10, 1.74736586311e-10, 1.31454555574e-10, 9.9360381034e-11, 1.19566134771e-10, 5.52608583892e-11, 2.93749746749e-11, 1.80837411018e-11, 2.8898697671e-11, 2.10273135709e-11, 1.0515171199e-11, 5.51196284795e-12, 3.72987621691e-12, 2.38391402972e-12, 1.95664383133e-12, 1.73227144434e-12, 1.81924050477e-12, 1.30840553236e-12]
    },
    "mfcc": {
        "mean": [-693.547241211, 153.274124146, -0.278339266777, 6.19117069244, -11.7266082764, -7.40169048309, -6.80763435364, -4.49784088135, -0.28908059001, 1.15866518021, 1.97705233097, 2.60463142395, 2.16845703125],
        "cov": [[13384.3183594, -3189.59033203, 73.8383178711, 1342.03381348, 1604.72058105, 1779.95800781, 1507.98474121, 940.59375, 520.456115723, 400.738006592, 532.296081543, 491.495849609, 540.454711914], [-3189.59033203, 4279.51416016, 3.55404400826, -558.262084961, -515.407714844, -698.207458496, -600.158569336, -514.908752441, -109.225700378, -106.908630371, -101.990692139, -104.997184753, -212.731246948], [73.8383178711, 3.55404400826, 848.760070801, 141.533905029, 99.9970397949, -45.266620636, 63.4324645996, 41.0896110535, 63.5949783325, 33.7571678162, 29.1378574371, 20.3923110962, 39.2495651245], [1342.03381348, -558.262084961, 141.533905029, 548.554321289, 337.716186523, 275.715789795, 241.841156006, 171.378326416, 96.4784240723, 83.5735855103, 120.744537354, 129.120422363, 144.071563721], [1604.72058105, -515.407714844, 99.9970397949, 337.716186523, 466.205963135, 372.383636475, 319.451507568, 179.321029663, 103.723312378, 81.8333358765, 119.280677795, 128.988174438, 146.140029907], [1779.95800781, -698.207458496, -45.266620636, 275.715789795, 372.383636475, 469.993713379, 347.303527832, 212.890106201, 112.777938843, 75.2230224609, 116.639396667, 114.892082214, 129.807922363], [1507.98474121, -600.158569336, 63.4324645996, 241.841156006, 319.451507568, 347.303527832, 353.153137207, 221.250854492, 120.329528809, 86.2343597412, 99.6619415283, 84.2574615479, 111.304748535], [940.59375, -514.908752441, 41.0896110535, 171.378326416, 179.321029663, 212.890106201, 221.250854492, 208.03036499, 115.221908569, 73.2339706421, 68.3057861328, 55.7160072327, 64.2544174194], [520.456115723, -109.225700378, 63.5949783325, 96.4784240723, 103.723312378, 112.777938843, 120.329528809, 115.221908569, 140.609451294, 80.461555481, 70.422996521, 61.8770217896, 39.2061576843], [400.738006592, -106.908630371, 33.7571678162, 83.5735855103, 81.8333358765, 75.2230224609, 86.2343597412, 73.2339706421, 80.461555481, 111.42906189, 83.6926040649, 55.7933654785, 45.2901039124], [532.296081543, -101.990692139, 29.1378574371, 120.744537354, 119.280677795, 116.639396667, 99.6619415283, 68.3057861328, 70.422996521, 83.6926040649, 136.255203247, 108.254646301, 81.0631408691], [491.495849609, -104.997184753, 20.3923110962, 129.120422363, 128.988174438, 114.892082214, 84.2574615479, 55.7160072327, 61.8770217896, 55.7933654785, 108.254646301, 153.007217407, 108.649116516], [540.454711914, -212.731246948, 39.2495651245, 144.071563721, 146.140029907, 129.807922363, 111.304748535, 64.2544174194, 39.2061576843, 45.2901039124, 81.0631408691, 108.649116516, 135.858215332]],
