{
"lowlevel": {
    "average_loudness": 0.79501414299,
    "barkbands_crest": {
        "dmean": 3.41762638092,
        "dmean2": 5.83291816711,
        "dvar": 12.5870246887,
        "dvar2": 35.2066307068,
        "max": 26.9212474823,
        "mean": 12.7447490692,
        "median": 12.9000339508,
        "min": 1.8658387661,
        "var": 30.8430767059
    },
    "barkbands_flatness_db": {
        "dmean": 0.054381839931,
        "dmean2": 0.0854593515396,
        "dvar": 0.00284796510823,
        "dvar2": 0.00715335458517,
        "max": 1,
        "mean": 0.168777704239,
        "median": 0.152896270156,
        "min": 0.0200700554997,
        "var": 0.0114163719118
    },
    "barkbands_kurtosis": {
        "dmean": 52.2019500732,
        "dmean2": 88.4911880493,
        "dvar": 237204.953125,
        "dvar2": 556163.5,
        "max": 25533.2480469,
        "mean": 50.6974182129,
        "median": 6.73554372787,
        "min": -1.90962052345,
        "var": 266674.34375
    },
    "barkbands_skewness": {
        "dmean": 2.36051750183,
        "dmean2": 3.8117685318,
        "dvar": 14.5051355362,
        "dvar2": 34.5522079468,
        "max": 141.860076904,
        "mean": 4.01826334,
        "median": 2.70449733734,
        "min": -1.87647104263,
        "var": 27.8422012329
    },
    "barkbands_spread": {
        "dmean": 13.7537069321,
        "dmean2": 22.1342277527,
        "dvar": 208.886489868,
        "dvar2": 432.01260376,
        "max": 121.481834412,
        "mean": 35.1939735413,
        "median": 27.4652252197,
        "min": 0.0112537611276,
        "var": 806.137634277
    },
    "dissonance": {
        "dmean": 0.0101063866168,
        "dmean2": 0.0174000468105,
        "dvar": 0.000228211501963,
        "dvar2": 0.000625790678896,
        "max": 0.500000119209,
        "mean": 0.478637248278,
        "median": 0.488235533237,
        "min": 0.241214558482,
        "var": 0.000809717515949
    },
    "dynamic_complexity": 2.77280163765,
    "erbbands_crest": {
        "dmean": 1.49121105671,
        "dmean2": 2.5410630703,
        "dvar": 3.50241708755,
        "dvar2": 9.82456588745,
        "max": 29.4468917847,
        "mean": 5.51822710037,
        "median": 4.79955339432,
        "min": 1.97051036358,
        "var": 7.16885757446
    },
    "erbbands_flatness_db": {
        "dmean": 0.0106273442507,
        "dmean2": 0.0177909228951,
        "dvar": 0.000232376623899,
        "dvar2": 0.000604203902185,
        "max": 0.497442156076,
        "mean": 0.0891817212105,
        "median": 0.0814036726952,
        "min": 0.041718877852,
        "var": 0.000905163935386
    },
    "erbbands_kurtosis": {
        "dmean": 1.68978536129,
        "dmean2": 2.88487029076,
        "dvar": 375.432647705,
        "dvar2": 1005.38348389,
        "max": 794.673217773,
        "mean": 0.796675622463,
        "median": -0.476271033287,
        "min": -1.85728466511,
        "var": 452.316101074
    },
    "erbbands_skewness": {
        "dmean": 0.365671902895,
        "dmean2": 0.607098221779,
        "dvar": 0.458142250776,
        "dvar2": 1.10938084126,
        "max": 20.7440319061,
        "mean": -0.305932849646,
        "median": -0.573667645454,
        "min": -2.01126384735,
        "var": 1.15962517262
    },
    "erbbands_spread": {
        "dmean": 20.2700996399,
        "dmean2": 33.4869766235,
        "dvar": 474.721984863,
        "dvar2": 1322.28271484,
        "max": 206.691253662,
        "mean": 81.9438018799,
        "median": 77.0829162598,
        "min": 0.483772009611,
        "var": 1163.36779785
    },
    "hfc": {
        "dmean": 22.2808380127,
        "dmean2": 36.4534454346,
        "dvar": 1003.49560547,
        "dvar2": 2514.92041016,
        "max": 948.493041992,
        "mean": 64.3390884399,
        "median": 50.2409057617,
        "min": 1.11961635531e-16,
        "var": 3832.20532227
    },
    "melbands_crest": {
        "dmean": 4.63714838028,
        "dmean2": 6.9022192955,
        "dvar": 21.8966255188,
        "dvar2": 46.2298202515,
        "max": 39.9973526001,
        "mean": 23.8140392303,
        "median": 23.4231872559,
        "min": 1.88393712044,
        "var": 110.304573059
    },
    "melbands_flatness_db": {
        "dmean": 0.0654430389404,
        "dmean2": 0.102738536894,
        "dvar": 0.00375677435659,
        "dvar2": 0.00944416597486,
        "max": 1,
        "mean": 0.234892562032,
        "median": 0.223007932305,
        "min": 0.00857759080827,
        "var": 0.0158021133393
    },
    "melbands_kurtosis": {
        "dmean": 239.024581909,
        "dmean2": 409.953460693,
        "dvar": 1428199.625,
        "dvar2": 3486811.5,
        "max": 59580.0546875,
        "mean": 222.25553894,
        "median": 42.9340934753,
        "min": -1.4686845541,
        "var": 1404009.25
    },
    "melbands_skewness": {
        "dmean": 5.07426738739,
        "dmean2": 8.28856086731,
        "dvar": 55.0881576538,
        "dvar2": 132.960800171,
        "max": 236.792510986,
        "mean": 9.19569015503,
        "median": 5.9881362915,
        "min": -0.633346140385,
        "var": 91.2182159424
    },
    "melbands_spread": {
        "dmean": 11.8645620346,
        "dmean2": 18.9640312195,
        "dvar": 237.24810791,
        "dvar2": 488.382781982,
        "max": 162.997406006,
        "mean": 27.6397304535,
        "median": 14.8001337051,
        "min": 0.00602111127228,
        "var": 1066.68994141
    },
    "pitch_salience": {
        "dmean": 0.12498716265,
        "dmean2": 0.204595714808,
        "dvar": 0.0175597928464,
        "dvar2": 0.042422324419,
        "max": 0.91868698597,
        "mean": 0.385657995939,
        "median": 0.383555084467,
        "min": 0.00129854562692,
        "var": 0.0545888133347
    },
    "silence_rate_20dB": {
        "dmean": 0.258289039135,
        "dmean2": 0.516627967358,
        "dvar": 0.191593572497,
        "dvar2": 0.430892348289,
        "max": 1,
        "mean": 0.764160037041,
        "median": 1,
        "min": 0,
        "var": 0.180231750011
    },
    "silence_rate_30dB": {
        "dmean": 0.139197677374,
        "dmean2": 0.278422266245,
        "dvar": 0.119816511869,
        "dvar2": 0.284071445465,
        "max": 1,
        "mean": 0.504929423332,
        "median": 1,
        "min": 0,
        "var": 0.24998883903
    },
    "silence_rate_60dB": {
        "dmean": 0.0108264861628,
        "dmean2": 0.0215583909303,
        "dvar": 0.0107070403174,
        "dvar2": 0.0247616488487,
        "max": 1,
        "mean": 0.0404987446964,
        "median": 0,
        "min": 0,
        "var": 0.0388544611633
    },
    "spectral_centroid": {
        "dmean": 410.550689697,
        "dmean2": 685.267028809,
        "dvar": 252015.328125,
        "dvar2": 530846.125,
        "max": 11295.2529297,
        "mean": 2164.86352539,
        "median": 2341.57666016,
        "min": 23.7404918671,
        "var": 877027.3125
    },
    "spectral_complexity": {
        "dmean": 5.22706604004,
        "dmean2": 8.58449363708,
        "dvar": 32.4470863342,
        "dvar2": 80.7520599365,
        "max": 64,
        "mean": 21.8085250854,
        "median": 19,
        "min": 0,
        "var": 211.128356934
    },
    "spectral_decrease": {
        "dmean": 4.75537973443e-08,
        "dmean2": 8.11677836055e-08,
        "dvar": 4.02209868059e-15,
        "dvar2": 1.07182820697e-14,
        "max": -3.55943902401e-29,
        "mean": -4.77178723202e-08,
        "median": -1.94331271075e-08,
        "min": -3.82917420438e-07,
        "var": 4.23792098148e-15
    },
    "spectral_energy": {
        "dmean": 0.180665925145,
        "dmean2": 0.308401852846,
        "dvar": 0.0575465075672,
        "dvar2": 0.153369516134,
        "max": 1.44851577282,
        "mean": 0.185935243964,
        "median": 0.0810473486781,
        "min": 1.02895969076e-20,
        "var": 0.0607533827424
    },
    "spectral_energyband_high": {
        "dmean": 0.0018627817044,
        "dmean2": 0.00300945737399,
        "dvar": 9.56877829594e-06,
        "dvar2": 2.3682761821e-05,
        "max": 0.0896408930421,
        "mean": 0.00567585788667,
        "median": 0.00391047028825,
        "min": 7.2770753947e-21,
        "var": 3.87303989555e-05
    },
    "spectral_energyband_low": {
        "dmean": 0.166951209307,
        "dmean2": 0.290530949831,
        "dvar": 0.0498960129917,
        "dvar2": 0.136507689953,
        "max": 1.19280171394,
        "mean": 0.150828510523,
        "median": 0.0482840426266,
        "min": 1.29390581261e-22,
        "var": 0.0482509508729
    },
    "spectral_energyband_middle_high": {
        "dmean": 0.000964420672972,
        "dmean2": 0.0016104549868,
        "dvar": 2.30694240599e-06,
        "dvar2": 5.97135658609e-06,
        "max": 0.0350437089801,
        "mean": 0.00298705254681,
        "median": 0.00209082476795,
        "min": 1.53221556764e-21,
        "var": 1.08259901026e-05
    },
    "spectral_energyband_middle_low": {
        "dmean": 0.00750790257007,
        "dmean2": 0.0138981277123,
        "dvar": 0.00046938622836,
        "dvar2": 0.00134183547925,
        "max": 0.361172586679,
        "mean": 0.00820439867675,
        "median": 0.00369283882901,
        "min": 3.74930240174e-22,
        "var": 0.000281486893073
    },
    "spectral_entropy": {
        "dmean": 0.166113719344,
        "dmean2": 0.275062531233,
        "dvar": 0.0614658668637,
        "dvar2": 0.136071652174,
        "max": 9.79863929749,
        "mean": 8.19098758698,
        "median": 8.39147567749,
        "min": 2.56056690216,
        "var": 0.300110578537
    },
    "spectral_flux": {
        "dmean": 0.137057065964,
        "dmean2": 0.233844518661,
        "dvar": 0.0236311219633,
        "dvar2": 0.074352748692,
        "max": 0.919779241085,
        "mean": 0.247292131186,
        "median": 0.170339643955,
        "min": 7.53599465497e-07,
        "var": 0.0419055595994
    },
    "spectral_kurtosis": {
        "dmean": 0.624653339386,
        "dmean2": 1.03163313866,
        "dvar": 27.5832767487,
        "dvar2": 64.9502410889,
        "max": 363.449371338,
        "mean": 1.1604167223,
        "median": 0.716658949852,
        "min": -1.18604660034,
        "var": 40.4704666138
    },
    "spectral_rms": {
        "dmean": 0.00535572972149,
        "dmean2": 0.00868036504835,
        "dvar": 3.52700444637e-05,
        "dvar2": 9.49423265411e-05,
        "max": 0.0375923663378,
        "mean": 0.0109652541578,
        "median": 0.00889216177166,
        "min": 3.16837983801e-12,
        "var": 6.11625800957e-05
    },
    "spectral_rolloff": {
        "dmean": 953.972045898,
        "dmean2": 1639.19726562,
        "dvar": 3770844,
        "dvar2": 8240339.5,
        "max": 19056.8847656,
        "mean": 2337.8190918,
        "median": 236.865234375,
        "min": 21.533203125,
        "var": 11315972
    },
    "spectral_skewness": {
        "dmean": 0.113377831876,
        "dmean2": 0.184907764196,
        "dvar": 0.0788859799504,
        "dvar2": 0.15673533082,
        "max": 16.8820514679,
        "mean": 1.03407073021,
        "median": 0.942878305912,
        "min": -0.0459632538259,
        "var": 0.224747493863
    },
    "spectral_spread": {
        "dmean": 598454.75,
        "dmean2": 981798.125,
        "dvar": 656210460672,
        "dvar2": 1.38701268582e+12,
        "max": 41115824,
        "mean": 8227483,
        "median": 8257443.5,
        "min": 441915.5,
        "var": 2.80231621427e+12
    },
    "spectral_strongpeak": {
        "dmean": 0.364746809006,
        "dmean2": 0.640318036079,
        "dvar": 1.60442614555,
        "dvar2": 3.60929727554,
        "max": 53.0080528259,
        "mean": 0.400328844786,
        "median": 0.236770391464,
        "min": 0,
        "var": 1.82304060459
    },
    "zerocrossingrate": {
        "dmean": 0.0221187863499,
        "dmean2": 0.0278941057622,
        "dvar": 0.000495275889989,
        "dvar2": 0.000689862936269,
        "max": 0.5849609375,
        "mean": 0.0863481014967,
        "median": 0.06640625,
        "min": 0,
        "var": 0.00435710186139
    },
    "barkbands": {
        "dmean": [0.0700879693031, 0.110176041722, 0.00771877681836, 0.00290279556066, 0.00390591588803, 0.000789101643022, 0.000264174013864, 0.00018899916904, 0.000224684568821, 0.000162407231983, 0.000126160724903, 0.000126078972244, 0.000117743824376, 0.000126278653624, 0.00013830732496, 0.000151673390064, 0.000171894658706, 0.000189735306776, 0.000178250294994, 0.000183211814146, 0.000214614381548, 0.000207142948057, 0.000209047022508, 0.000565576658119, 0.000960387755185, 8.04270748631e-05, 1.06507741293e-05],
        "dmean2": [0.114049367607, 0.196135252714, 0.0122924949974, 0.00522655434906, 0.00745378714055, 0.00138375198003, 0.000453063985333, 0.000322367122862, 0.000373773014871, 0.000274389603874, 0.000212661034311, 0.00021934734832, 0.000203383038752, 0.000213720501051, 0.000233903396293, 0.000259199790889, 0.00028727442259, 0.000322123087244, 0.000298170169117, 0.000309164664941, 0.000363854604075, 0.000346409738995, 0.000346798304236, 0.000922750681639, 0.0015795455547, 0.00013106285769, 1.7454760382e-05],
        "dvar": [0.016569621861, 0.0238947030157, 0.000421797158197, 9.20077145565e-05, 0.000141242548125, 2.26223437494e-06, 2.11927087435e-07, 9.7425605361e-08, 1.37435051784e-07, 8.18935674829e-08, 6.11909101167e-08, 4.11599465622e-08, 3.87350951314e-08, 4.94170251386e-08, 5.52047545455e-08, 7.08495591084e-08, 8.28265243058e-08, 9.89079183e-08, 1.09024341555e-07, 1.22362706634e-07, 1.50955983713e-07, 1.19032243617e-07, 1.09345002386e-07, 8.57297322909e-07, 3.20565777656e-06, 2.78753766736e-08, 4.50642217986e-10],
        "dvar2": [0.0380265042186, 0.0712567567825, 0.00106802093796, 0.000262060173554, 0.000410491280491, 5.99147915636e-06, 5.3006226608e-07, 2.31980223475e-07, 2.89784736651e-07, 1.80319460696e-07, 1.37213049811e-07, 1.1601226646e-07, 1.09057715747e-07, 1.27132693706e-07, 1.4724275843e-07, 2.00085722213e-07, 2.23245180564e-07, 2.74985154647e-07, 2.88820615424e-07, 3.42446384138e-07, 4.24183497216e-07, 3.07949932221e-07, 2.79745421494e-07, 2.17719934881e-06, 7.8536604633e-06, 7.18918471421e-08, 1.18718246345e-09],
        "max": [0.992760300636, 0.7339797616, 0.333293497562, 0.215221896768, 0.164121478796, 0.0242214854807, 0.00731418281794, 0.00436441600323, 0.00459370389581, 0.00553752947599, 0.00721609173343, 0.00570633588359, 0.00358143914491, 0.00465065939352, 0.00388916372322, 0.00634859129786, 0.00743726734072, 0.00729020358995, 0.00975620839745, 0.0111000454053, 0.00949784461409, 0.0106939533725, 0.00843491498381, 0.0190671272576, 0.049362692982, 0.00416574068367, 0.000503260816913],
        "mean": [0.0709581300616, 0.0913428142667, 0.00681073544547, 0.00290861865506, 0.00295573635958, 0.00108302768786, 0.000458544236608, 0.000302641128656, 0.000426642800448, 0.000276413426036, 0.000201921662665, 0.000208232886507, 0.000183473122888, 0.000230127145187, 0.000249075557804, 0.000279637053609, 0.000342009123415, 0.000408148975112, 0.000417296163505, 0.000455788482213, 0.00054535997333, 0.000541661574971, 0.00056315184338, 0.00142575136852, 0.00212319660932, 0.000217908745981, 1.85323278856e-05],
        "median": [0.0171480067074, 0.0240577273071, 0.00116866570897, 0.00100985006429, 0.000718773168046, 0.00041337966104, 0.000179281632882, 0.000138916744618, 0.000193143350771, 0.000121167977341, 9.59888566285e-05, 0.000132538116304, 0.00010774837574, 0.000126799219288, 0.000147057333379, 0.000166160505614, 0.00020317742019, 0.000244933762588, 0.000227599957725, 0.00024607119849, 0.000305352150463, 0.000316803110763, 0.000356494099833, 0.000951532565523, 0.00123624666594, 0.000134319270728, 1.04926230051e-05],
        "min": [6.65943162767e-25, 1.08818660264e-23, 9.14178843753e-23, 3.22022266961e-23, 2.8028928471e-23, 3.30328372759e-23, 2.61417112839e-23, 5.18240941062e-23, 1.9842474571e-22, 3.98809608822e-23, 3.46853683437e-23, 5.95889308824e-23, 1.03509657927e-22, 8.50948360539e-23, 1.04146628398e-22, 2.19221744501e-22, 1.35945510513e-22, 1.71629526275e-22, 4.64932251753e-22, 2.49294737795e-22, 3.66876790747e-22, 6.83722785951e-22, 5.80950694038e-22, 7.49393878588e-22, 1.11638232155e-21, 1.71432414548e-21, 2.15931217601e-21],
        "var": [0.018551170826, 0.0201583188027, 0.000341570354067, 5.76074853598e-05, 7.78933535912e-05, 2.84184284283e-06, 5.33832576366e-07, 2.17465313312e-07, 4.07062685781e-07, 2.27949172427e-07, 1.38475996891e-07, 6.64041195364e-08, 5.93939013527e-08, 1.12941272334e-07, 1.17311010683e-07, 1.47545478058e-07, 2.23241016784e-07, 2.93438517929e-07, 3.96241347289e-07, 4.95726681038e-07, 6.15303463292e-07, 5.9097715166e-07, 5.09175094976e-07, 2.68662324743e-06, 9.4402457762e-06, 8.10670783835e-08, 6.73477495994e-10]
    },
    "erbbands": {
        "dmean": [6.14519643784, 13.8923969269, 12.2004671097, 7.70136022568, 13.8967933655, 11.9589185715, 8.41058444977, 5.02399253845, 3.66404557228, 3.69841098785, 4.72961187363, 4.14946889877, 5.01142406464, 4.98132896423, 4.01987171173, 4.64192008972, 5.15775489807, 5.7096247673, 6.58109760284, 7.09927654266, 8.2934961319, 9.83144664764, 9.94254207611, 9.8031873703, 8.99563312531, 8.3448009491, 8.82893371582, 8.33372402191, 7.37906455994, 6.89840507507, 6.1039814949, 4.69726467133, 14.5688467026, 13.3331651688, 4.9839091301, 0.654889285564, 0.130004897714, 0.0242064315826, 0.00160164537374, 0.000214773448533],
        "dmean2": [10.84948349, 24.6047611237, 19.9896564484, 12.7815885544, 26.1925792694, 22.728515625, 15.1818313599, 8.88270187378, 6.31965637207, 6.41464996338, 8.02573490143, 7.07618618011, 8.59096050262, 8.39321517944, 7.02798175812, 8.06557178497, 8.87938404083, 9.68066692352, 11.2546386719, 12.0774831772, 14.0543222427, 16.5520648956, 16.8100090027, 16.5511760712, 15.0803394318, 14.0282154083, 14.7745475769, 14.0639123917, 12.2285718918, 11.5572328568, 10.116394043, 7.50230979919, 23.8020648956, 22.255979538, 8.03644275665, 1.06334292889, 0.213614478707, 0.0390200763941, 0.00261302758008, 0.000365100218914],
        "dvar": [79.8116760254, 669.244445801, 909.07598877, 582.319274902, 1899.27844238, 1246.03222656, 331.976348877, 90.4388198853, 45.768497467, 43.8518981934, 58.4654312134, 41.411567688, 68.91040802, 81.8999404907, 39.7872390747, 52.4740867615, 73.1813964844, 89.9942932129, 136.357833862, 147.314208984, 208.327713013, 291.982269287, 275.891235352, 303.710357666, 281.009338379, 247.078125, 259.047119141, 221.418991089, 146.562225342, 129.757614136, 91.8551864624, 59.5025634766, 554.67388916, 394.895935059, 323.987060547, 2.94263839722, 0.0756892189384, 0.00278495810926, 1.02809290183e-05, 6.75013041018e-08],
        "dvar2": [215.808029175, 2019.20532227, 2359.03564453, 1564.58740234, 5492.21386719, 3614.75561523, 928.17767334, 246.733200073, 113.375328064, 114.945236206, 132.76071167, 100.651329041, 165.285186768, 190.575515747, 109.793228149, 148.362075806, 204.821563721, 242.505752563, 380.163116455, 394.818664551, 577.98059082, 797.054016113, 760.235412598, 799.143615723, 764.66418457, 671.318237305, 698.780639648, 616.427185059, 373.484863281, 344.475189209, 230.121734619, 149.093414307, 1399.98522949, 1018.35198975, 767.350158691, 7.30580377579, 0.197893589735, 0.00719099352136, 2.67141840595e-05, 1.77643769916e-07],
        "max": [45.2866096497, 166.799316406, 330.392120361, 576.337219238, 729.425415039, 435.715820312, 199.512786865, 108.310287476, 86.8542251587, 80.425163269, 112.04864502, 95.2778930664, 168.48979187, 294.966308594, 147.844085693, 150.837478638, 149.190338135, 202.296020508, 336.814910889, 210.706161499, 372.444793701, 484.934204102, 392.360809326, 555.916137695, 510.215484619, 503.046783447, 391.204284668, 424.364105225, 357.1015625, 305.707397461, 243.40802002, 176.328872681, 458.084411621, 380.625823975, 519.294372559, 47.5521278381, 7.12181425095, 1.35792863369, 0.0736084878445, 0.00191253062803],
        "mean": [5.04384183884, 11.6719264984, 10.7044410706, 8.62594509125, 10.7351036072, 9.25871753693, 9.60455989838, 6.9242181778, 6.56740379333, 5.65478897095, 8.91312599182, 7.6294875145, 9.68845939636, 9.52463817596, 6.45022153854, 7.99668121338, 8.48251342773, 10.3946847916, 12.7460451126, 13.9226198196, 16.3297023773, 20.1666507721, 21.4499073029, 22.4818439484, 21.4082202911, 20.9869422913, 21.9519577026, 21.6620311737, 19.4138641357, 16.9269676208, 16.1542358398, 14.3862705231, 35.0996055603, 26.9541759491, 12.0166025162, 1.80473697186, 0.329051434994, 0.0564137473702, 0.00316219683737, 0.000300890940707],
        "median": [1.1499427557, 3.37659525871, 2.50151968002, 3.0495390892, 2.87772083282, 2.27178907394, 2.97241663933, 3.1729888916, 2.58572888374, 2.93223595619, 3.97622060776, 4.20832777023, 4.49611902237, 4.66133594513, 4.07235097885, 5.13686466217, 5.09422683716, 6.24154472351, 7.59027290344, 8.58878898621, 9.77614212036, 11.9085092545, 12.5778570175, 13.06980896, 11.6088190079, 11.1516704559, 12.2537479401, 12.2725391388, 11.2777395248, 9.95977878571, 10.2609081268, 9.70037078857, 22.938911438, 17.2958374023, 3.00185227394, 0.780408322811, 0.211230367422, 0.0335138738155, 0.00182430574205, 0.000199313290068],
        "min": [2.15154604866e-22, 4.38130670944e-21, 7.73692399959e-20, 1.38746067297e-19, 5.99514917078e-20, 9.5796865952e-20, 1.23618045417e-19, 3.3432567238e-19, 3.68303537757e-19, 7.03949209449e-19, 1.44797821471e-18, 4.59608679859e-18, 2.13530037006e-18, 1.74538500689e-18, 2.15790059876e-18, 2.22516940771e-18, 4.7886540316e-18, 3.3478176943e-18, 5.9178465576e-18, 9.43764192549e-18, 8.83920570363e-18, 7.82889226654e-18, 1.01220933505e-17, 2.27402819544e-17, 1.53426684244e-17, 1.22740119859e-17, 1.43945176103e-17, 1.51870939491e-17, 2.3457518683e-17, 2.24598958509e-17, 1.66543055606e-17, 1.31305351763e-17, 1.40220117107e-17, 1.21774766997e-17, 7.67315979979e-18, 6.1070053929e-18, 3.55320974232e-18, 1.15089857246e-18, 2.7508509071e-19, 3.24918127886e-20],
        "var": [69.4451141357, 511.386047363, 743.72253418, 422.040161133, 1066.73791504, 698.66229248, 288.743011475, 104.024490356, 115.546867371, 61.233707428, 172.309051514, 89.5648574829, 203.17074585, 238.47366333, 55.3776779175, 91.586517334, 119.441604614, 188.354446411, 295.54888916, 335.952270508, 486.193359375, 771.308166504, 828.076721191, 987.870666504, 1078.65405273, 1057.17810059, 1046.00292969, 969.371643066, 748.471191406, 561.84576416, 414.404846191, 268.994140625, 1673.72668457, 981.368347168, 935.735168457, 9.65289402008, 0.17082002759, 0.00512268394232, 1.72605796251e-05, 8.77806272115e-08]
    },
    "gfcc": {
        "mean": [43.5758972168, 31.9151973724, -72.0598678589, 56.2586555481, -49.1505584717, 35.6519813538, -36.7266616821, 27.2555522919, -21.1613121033, 8.87028312683, -11.694527626, 1.87156546116, -3.68667888641],
        "cov": [[8315.38769531, -305.497680664, 44.2977561951, 348.859222412, -39.8671569824, 271.818206787, -209.235626221, 59.2549057007, -219.226104736, 115.437240601, -62.3992195129, 5.4881310463, -85.4363937378], [-305.497680664, 832.134094238, 409.917877197, -15.5220022202, -48.3018302917, -12.1674232483, -25.9919319153, 25.5254554749, 12.5300016403, -158.087677002, 16.2561092377, -127.399482727, 71.0419006348], [44.2977561951, 409.917877197, 658.605285645, 135.133621216, 195.481567383, 123.319999695, 113.564002991, 125.14478302, 107.075202942, 6.84161138535, 62.5583267212, -45.0771141052, 96.0741882324], [348.859222412, -15.5220022202, 135.133621216, 200.470474243, 139.423675537, 112.249526978, 97.2645721436, 55.8337860107, 73.9143447876, 44.8903617859, 45.6606826782, -1.39207327366, 18.3544864655], [-39.8671569824, -48.3018302917, 195.481567383, 139.423675537, 268.914001465, 122.662284851, 167.7371521, 55.5227241516, 108.3567276, 95.5575561523, 63.6764602661, 36.4061088562, 24.0003490448], [271.818206787, -12.1674232483, 123.319999695, 112.249526978, 122.662284851, 163.945098877, 68.8146743774, 77.3676147461, 54.6605987549, 49.847946167, 69.2212295532, -0.530527234077, 40.2022094727], [-209.235626221, -25.9919319153, 113.564002991, 97.2645721436, 167.7371521, 68.8146743774, 178.057662964, 48.5977058411, 85.5837860107, 47.0792617798, 59.3998985291, 44.9742050171, 3.40110373497], [59.2549057007, 25.5254554749, 125.14478302, 55.8337860107, 55.5227241516, 77.3676147461, 48.5977058411, 98.5464630127, 56.8045425415, 33.8457221985, 34.3357009888, 0.928602457047, 43.9632148743], [-219.226104736, 12.5300016403, 107.075202942, 73.9143447876, 108.3567276, 54.6605987549, 85.5837860107, 56.8045425415, 111.197090149, 52.4870643616, 45.6640510559, -0.411304652691, 44.5404434204], [115.437240601, -158.087677002, 6.84161138535, 44.8903617859, 95.5575561523, 49.847946167, 47.0792617798, 33.8457221985, 52.4870643616, 104.251922607, 24.5736503601, 29.0521392822, 15.9000654221], [-62.3992195129, 16.2561092377, 62.5583267212, 45.6606826782, 63.6764602661, 69.2212295532, 59.3998985291, 34.3357009888, 45.6640510559, 24.5736503601, 86.5920410156, 16.9215221405, 34.9716339111], [5.4881310463, -127.399482727, -45.0771141052, -1.39207327366, 36.4061088562, -0.530527234077, 44.9742050171, 0.928602457047, -0.411304652691, 29.0521392822, 16.9215221405, 86.8944778442, -10.0921373367], [-85.4363937378, 71.0419006348, 96.0741882324, 18.3544864655, 24.0003490448, 40.2022094727, 3.40110373497, 43.9632148743, 44.5404434204, 15.9000654221, 34.9716339111, -10.0921373367, 82.5315246582]],
        "icov": [[0.000194764972548, -6.08182490396e-05, -8.75879559317e-05, -0.000605053210165, 0.00026416243054, -0.000335753138643, 0.000344017375028, -3.79149169021e-05, 0.000660898571368, -0.000606125569902, 0.000158927534358, -0.000243547197897, 0.000246218027314], [-6.08182490396e-05, 0.0039864401333, -0.00219421926886, 0.00109208794311, -0.000166965532117, 0.000995112466626, -0.000329114904162, 0.000341343809851, -0.000888326438144, 0.00562113337219, -0.00159298279323, 0.00324389059097, -0.00131932494696], [-8.75879559317e-05, -0.00219421926886, 0.00496343895793, -0.000814798928332, -0.00521772215143, 0.00234487419948, 0.00101163086947, -0.0052345097065, 0.0020988069009, 0.000777250737883, -0.000194906926481, 0.000662462844048, -0.00179567525629], [-0.000605053210165, 0.00109208794311, -0.000814798928332, 0.0127600515261, -0.00135866436176, -0.00543853174895, -0.00306950812228, 0.0018249314744, -0.00628670072183, 0.00359365018085, 0.00136494752951, 0.00216043042019, 0.00112927437294], [0.00026416243054, -0.000166965532117, -0.00521772215143, -0.00135866436176, 0.026095688343, -0.0139044281095, -0.0142922764644, 0.0159354377538, -0.00639460375533, -0.0131997708231, 0.00790075305849, -0.00390820018947, 0.000246300420258], [-0.000335753138643, 0.000995112466626, 0.00234487419948, -0.00543853174895, -0.0139044281095, 0.027320958674, 0.00569420354441, -0.0176635850221, 0.0108328638598, 0.00321566592902, -0.0150709850714, 0.00752513483167, -0.00197426602244], [0.000344017375028, -0.000329114904162, 0.00101163086947, -0.00306950812228, -0.0142922764644, 0.00569420354441, 0.0270308256149, -0.00948151480407, -0.00757186580449, 0.00798599142581, -0.00876597780734, -0.0076403785497, 0.0107916668057], [-3.79149169021e-05, 0.000341343809851, -0.0052345097065, 0.0018249314744, 0.0159354377538, -0.0176635850221, -0.00948151480407, 0.0332385897636, -0.0113393990323, -0.00701681291685, 0.00934141594917, -0.00452655879781, -0.00503067858517], [0.000660898571368, -0.000888326438144, 0.0020988069009, -0.00628670072183, -0.00639460375533, 0.0108328638598, -0.00757186580449, -0.0113393990323, 0.0364394411445, -0.00977388117462, -0.00581645406783, 0.00974947307259, -0.0107869273052], [-0.000606125569902, 0.00562113337219, 0.000777250737883, 0.00359365018085, -0.0131997708231, 0.00321566592902, 0.00798599142581, -0.00701681291685, -0.00977388117462, 0.0322744138539, -0.00300734676421, -0.000155887828441, -0.00117707136087], [0.000158927534358, -0.00159298279323, -0.000194906926481, 0.00136494752951, 0.00790075305849, -0.0150709850714, -0.00876597780734, 0.00934141594917, -0.00581645406783, -0.00300734676421, 0.0280195157975, -0.00669111590832, -0.00708469608799], [-0.000243547197897, 0.00324389059097, 0.000662462844048, 0.00216043042019, -0.00390820018947, 0.00752513483167, -0.0076403785497, -0.00452655879781, 0.00974947307259, -0.000155887828441, -0.00669111590832, 0.0233221575618, -0.0036434289068], [0.000246218027314, -0.00131932494696, -0.00179567525629, 0.00112927437294, 0.000246300420258, -0.00197426602244, 0.0107916668057, -0.00503067858517, -0.0107869273052, -0.00117707136087, -0.00708469608799, -0.0036434289068, 0.0270761661232]]
    },
    "melbands": {
        "dmean": [0.0454890020192, 0.00999943725765, 0.00154153164476, 0.000989265274256, 0.000314507225994, 0.000119705495308, 5.48405187146e-05, 4.06684121117e-05, 4.20525793743e-05, 2.65734724962e-05, 2.5993309464e-05, 2.02217270271e-05, 1.40922611536e-05, 1.40697538882e-05, 1.32853874675e-05, 1.22653209473e-05, 1.10886767288e-05, 1.14840495371e-05, 1.15770553748e-05, 1.023763798e-05, 1.01077403087e-05, 1.11453564386e-05, 9.68059703155e-06, 9.48953584157e-06, 8.55200596561e-06, 7.2218222158e-06, 7.10124459147e-06, 6.01154988544e-06, 6.01474403084e-06, 5.79226752961e-06, 5.17289981872e-06, 4.71468001706e-06, 4.55780673292e-06, 3.98840984417e-06, 3.90236164094e-06, 3.41723853126e-06, 3.03616843667e-06, 6.17573687123e-06, 2.25943222176e-05, 7.63220759836e-06],
        "dmean2": [0.0797135531902, 0.0171945355833, 0.00258011184633, 0.00188680866268, 0.000577664934099, 0.000210622514714, 9.46278814808e-05, 7.01208264218e-05, 7.08727893652e-05, 4.50803818239e-05, 4.44228571723e-05, 3.42839884979e-05, 2.43419999606e-05, 2.461589429e-05, 2.27943728532e-05, 2.11753904296e-05, 1.88056110346e-05, 1.95976845134e-05, 1.94991716853e-05, 1.77059027919e-05, 1.71882147697e-05, 1.8829230612e-05, 1.64419798239e-05, 1.6149611838e-05, 1.4460915736e-05, 1.20789391076e-05, 1.21672046589e-05, 1.01181567516e-05, 1.00951247077e-05, 9.84000689641e-06, 8.727977729e-06, 7.89773639553e-06, 7.83732048149e-06, 6.67624726702e-06, 6.52152311886e-06, 5.69464009459e-06, 4.93615061714e-06, 9.86727354757e-06, 3.78379263566e-05, 1.28269830384e-05],
        "dvar": [0.00392698263749, 0.00048573166714, 2.06343047466e-05, 9.31106387725e-06, 5.49692401819e-07, 4.91524545509e-08, 9.26106036303e-09, 5.11878850418e-09, 5.28642685182e-09, 1.77590475658e-09, 1.91615323608e-09, 1.25321863997e-09, 5.42820899341e-10, 5.03275754404e-10, 5.5349025363e-10, 4.37386071805e-10, 3.52418122462e-10, 4.64732280436e-10, 4.09783401656e-10, 3.36131428247e-10, 3.18598203375e-10, 3.86647824868e-10, 2.6732796532e-10, 2.60006710606e-10, 2.41237863019e-10, 1.76903366955e-10, 1.99970984216e-10, 1.37082983853e-10, 1.24245183586e-10, 1.13422118919e-10, 8.43696709718e-11, 5.97454308249e-11, 6.86842874242e-11, 4.21539296525e-11, 3.61502425217e-11, 3.3515339809e-11, 2.47651083668e-11, 9.98620561243e-11, 1.26739907458e-09, 1.23457535861e-10],
        "dvar2": [0.0107148587704, 0.00135884026531, 5.50721451873e-05, 2.70276723313e-05, 1.57562874392e-06, 1.33162231464e-07, 2.37437571826e-08, 1.30533983622e-08, 1.15348388618e-08, 4.11243661347e-09, 4.49397097313e-09, 2.96156787982e-09, 1.38968236918e-09, 1.41224842931e-09, 1.5113589269e-09, 1.24015497871e-09, 9.42815048255e-10, 1.24692278725e-09, 1.05753950042e-09, 9.53191747755e-10, 8.86653306331e-10, 1.0654968019e-09, 7.40322025905e-10, 7.32596816544e-10, 6.35180130715e-10, 4.73662720157e-10, 5.71690361717e-10, 3.70227432045e-10, 3.34904382004e-10, 3.25869470297e-10, 2.31722918631e-10, 1.5701365208e-10, 1.98903366e-10, 1.09800633863e-10, 9.28282381518e-11, 8.88345577654e-11, 6.37137911874e-11, 2.40284736552e-10, 3.32298832895e-09, 3.19671455973e-10],
        "max": [0.326974093914, 0.160925269127, 0.0943876802921, 0.0446703098714, 0.0075089414604, 0.00296162744053, 0.00127378921025, 0.000937461445574, 0.00117084034719, 0.000574867473915, 0.000886729045305, 0.0010948049603, 0.000484130112454, 0.000704879872501, 0.000637324468698, 0.000328071037075, 0.000419431686169, 0.0006209477433, 0.000388722633943, 0.000383575476008, 0.000405940023484, 0.000556603597943, 0.000383872509701, 0.00037144892849, 0.000524331640918, 0.000369135115761, 0.000345115113305, 0.00037995641469, 0.000267729716143, 0.000240456720348, 0.000298782950267, 0.000228131437325, 0.000210229103686, 0.000197042667423, 0.000161790725542, 0.000147023660247, 0.000125294682221, 0.000205774587812, 0.000633133051451, 0.000176274508704],
        "mean": [0.0390311852098, 0.00876003503799, 0.00159493321553, 0.000743668875657, 0.000329923292156, 0.000169978666236, 9.95372101897e-05, 6.13367374172e-05, 7.87669778219e-05, 4.86986937176e-05, 4.91227874591e-05, 3.92083129555e-05, 2.27048603847e-05, 2.14621195482e-05, 2.13952389458e-05, 1.83475112863e-05, 1.95233023987e-05, 2.01359762286e-05, 2.06830718525e-05, 1.7835496692e-05, 1.86486577149e-05, 2.10703456105e-05, 1.89884140127e-05, 1.94229069166e-05, 1.80338356586e-05, 1.59536466526e-05, 1.51790654854e-05, 1.34498577609e-05, 1.35607642733e-05, 1.30528442241e-05, 1.24363104987e-05, 1.12906391223e-05, 9.75945931714e-06, 9.21823539102e-06, 9.31163958739e-06, 8.63759123604e-06, 8.32379464555e-06, 1.65829223988e-05, 4.36426926171e-05, 1.45402582348e-05],
        "median": [0.0111117120832, 0.0026027765125, 0.000566878123209, 0.000179942449904, 0.000109246262582, 7.65973891248e-05, 4.13983907492e-05, 2.99813254969e-05, 3.24100292346e-05, 2.58763429883e-05, 2.14623159991e-05, 1.82293406397e-05, 1.31705710373e-05, 1.34904121296e-05, 1.12857669592e-05, 1.06615534605e-05, 1.12028501462e-05, 1.09012198664e-05, 1.17194467748e-05, 1.04679102151e-05, 1.07179130282e-05, 1.20048371173e-05, 1.08758968054e-05, 1.12950874609e-05, 1.02467538454e-05, 8.73748285812e-06, 7.95062805992e-06, 6.94618483976e-06, 7.46826663089e-06, 7.26785629013e-06, 7.01380531609e-06, 6.60559544485e-06, 5.48745993001e-06, 5.47217950952e-06, 5.81247422815e-06, 5.58829196962e-06, 5.74286877963e-06, 1.10775263238e-05, 2.60945707851e-05, 9.35624302656e-06],
        "min": [2.19717404741e-24, 2.89586988665e-23, 2.09447524383e-23, 5.65067535069e-24, 4.65176839654e-24, 7.18710818136e-24, 5.76437387296e-24, 8.60731497941e-24, 1.23204201514e-23, 3.15860064223e-23, 9.77682257064e-24, 6.98796182355e-24, 6.33098386776e-24, 7.36843496017e-24, 7.97939984265e-24, 8.9724976251e-24, 5.82503057126e-24, 9.44599797282e-24, 9.7524341469e-24, 1.6830494141e-23, 8.59855231247e-24, 8.32243285184e-24, 8.02063991306e-24, 9.1296552835e-24, 2.06522317706e-23, 1.47447048868e-23, 6.95712761735e-24, 8.09224718401e-24, 1.00994280267e-23, 7.2677715755e-24, 9.37879254572e-24, 1.2363230055e-23, 1.48842733136e-23, 1.14554964888e-23, 9.9376050449e-24, 9.09765829632e-24, 7.04715084613e-24, 9.68715590699e-24, 1.04923320335e-23, 1.03342947951e-23],
        "var": [0.0036365527194, 0.000384500337532, 1.49713732753e-05, 5.14573957844e-06, 3.83155736472e-07, 5.90014970214e-08, 2.31045795829e-08, 7.65943308778e-09, 1.60606017374e-08, 4.2550358792e-09, 5.83484238703e-09, 3.93681531818e-09, 9.3944574342e-10, 6.68820554495e-10, 1.03236497129e-09, 6.19024831394e-10, 7.1093814169e-10, 9.39757160978e-10, 8.94364526882e-10, 6.2278521229e-10, 6.88245627156e-10, 9.03431107702e-10, 6.91307677769e-10, 7.09736547311e-10, 6.69839739231e-10, 6.01183325344e-10, 5.83800063847e-10, 4.68573124746e-10, 4.31587321437e-10, 3.68398922479e-10, 3.30088123501e-10, 2.56764443041e-10, 2.10766473718e-10, 1.65340546809e-10, 1.44202233487e-10, 1.17619136653e-10, 9.33395513658e-11, 3.47382067556e-10, 3.0303441978e-09, 2.72928735168e-10]
    },
    "mfcc": {
        "mean": [-608.124328613, 62.7817878723, 39.0441741943, 28.1676216125, 26.241399765, 8.64219379425, 15.4374094009, 9.02048301697, 12.9961290359, 4.72687149048, 6.92960309982, 3.42361927032, 2.54094433784],
        "cov": [[6185.51660156, -347.79486084, -7.96463775635, 12.8379573822, 161.377487183, 165.556747437, 112.57964325, -81.3796310425, -66.9789657593, -34.6336174011, 46.5069732666, -24.6377487183, -19.6257076263], [-347.79486084, 705.956542969, 407.796630859, 30.356760025, 79.7855529785, -98.4956054688, 27.4706554413, 15.2105617523, 50.2676429749, -35.8705787659, -29.1407814026, -49.1829605103, -32.7589530945], [-7.96463775635, 407.796630859, 499.992370605, 81.692489624, 177.560562134, -32.8435707092, 96.4881210327, 50.0820274353, 113.595527649, 15.49680233, 32.6865653992, 11.7068252563, -4.52012491226], [12.8379573822, 30.356760025, 81.692489624, 156.980407715, 57.6438560486, 85.006187439, 46.2062034607, 66.5148773193, 50.2584075928, 63.5063247681, 32.0205116272, 36.9971199036, 27.2538337708], [161.377487183, 79.7855529785, 177.560562134, 57.6438560486, 168.493118286, 70.9500579834, 83.2100753784, 26.7292613983, 97.4956283569, 46.6378288269, 68.2132720947, 41.2723426819, 18.6813812256], [165.556747437, -98.4956054688, -32.8435707092, 85.006187439, 70.9500579834, 157.544677734, 74.782585144, 55.769443512, 31.7494087219, 67.982093811, 60.7632369995, 54.8773727417, 41.9128837585], [112.57964325, 27.4706554413, 96.4881210327, 46.2062034607, 83.2100753784, 74.782585144, 115.618858337, 64.1148071289, 39.8404922485, 41.4384765625, 49.412361145, 48.1120529175, 35.4851112366], [-81.3796310425, 15.2105617523, 50.0820274353, 66.5148773193, 26.7292613983, 55.769443512, 64.1148071289, 110.311210632, 18.4268665314, 29.2303943634, 32.4990501404, 25.3350448608, 50.8214035034], [-66.9789657593, 50.2676429749, 113.595527649, 50.2584075928, 97.4956283569, 31.7494087219, 39.8404922485, 18.4268665314, 126.544441223, 50.3893585205, 57.5335121155, 28.0918235779, 5.41550922394], [-34.6336174011, -35.8705787659, 15.49680233, 63.5063247681, 46.6378288269, 67.982093811, 41.4384765625, 29.2303943634, 50.3893585205, 93.0182189941, 44.0176239014, 48.0398674011, 18.7783756256], [46.5069732666, -29.1407814026, 32.6865653992, 32.0205116272, 68.2132720947, 60.7632369995, 49.412361145, 32.4990501404, 57.5335121155, 44.0176239014, 78.922996521, 38.302318573, 27.8059062958], [-24.6377487183, -49.1829605103, 11.7068252563, 36.9971199036, 41.2723426819, 54.8773727417, 48.1120529175, 25.3350448608, 28.0918235779, 48.0398674011, 38.302318573, 80.4483108521, 21.0216007233], [-19.6257076263, -32.7589530945, -4.52012491226, 27.2538337708, 18.6813812256, 41.9128837585, 35.4851112366, 50.8214035034, 5.41550922394, 18.7783756256, 27.8059062958, 21.0216007233, 64.856842041]],
