{
"lowlevel": {
    "average_loudness": 0.894815683365,
    "barkbands_crest": {
        "dmean": 2.25879621506,
        "dmean2": 3.65772461891,
        "dvar": 6.33027696609,
        "dvar2": 15.815905571,
        "max": 25.0723342896,
        "mean": 9.20292854309,
        "median": 8.69379425049,
        "min": 1.49740970135,
        "var": 16.2110595703
    },
    "barkbands_flatness_db": {
        "dmean": 0.0162333101034,
        "dmean2": 0.025313347578,
        "dvar": 0.000391691311961,
        "dvar2": 0.000859913008753,
        "max": 0.653053939342,
        "mean": 0.0984622091055,
        "median": 0.0863156989217,
        "min": 0.00890910904855,
        "var": 0.00335277128033
    },
    "barkbands_kurtosis": {
        "dmean": 2.03080058098,
        "dmean2": 3.18303871155,
        "dvar": 58.6688957214,
        "dvar2": 105.679718018,
        "max": 388.089294434,
        "mean": 2.44029736519,
        "median": 0.317439317703,
        "min": -1.89518654346,
        "var": 185.884170532
    },
    "barkbands_skewness": {
        "dmean": 0.465228229761,
        "dmean2": 0.724147260189,
        "dvar": 0.384553492069,
        "dvar2": 0.791070997715,
        "max": 17.2136154175,
        "mean": 0.871511340141,
        "median": 0.745160698891,
        "min": -4.47050762177,
        "var": 1.49639642239
    },
    "barkbands_spread": {
        "dmean": 6.47323226929,
        "dmean2": 10.3560600281,
        "dvar": 63.6507797241,
        "dvar2": 143.461395264,
        "max": 102.153556824,
        "mean": 33.3772735596,
        "median": 32.4949798584,
        "min": 0.176177710295,
        "var": 305.396942139
    },
    "dissonance": {
        "dmean": 0.0140017187223,
        "dmean2": 0.0244599096477,
        "dvar": 0.000271149794571,
        "dvar2": 0.00077255157521,
        "max": 0.500000119209,
        "mean": 0.480865269899,
        "median": 0.487797617912,
        "min": 0.270490586758,
        "var": 0.000443256576546
    },
    "dynamic_complexity": 3.8232691288,
    "erbbands_crest": {
        "dmean": 2.12359428406,
        "dmean2": 3.54984164238,
        "dvar": 4.87457513809,
        "dvar2": 12.4634132385,
        "max": 30.2394199371,
        "mean": 7.36632347107,
        "median": 6.58467674255,
        "min": 2.29210162163,
        "var": 12.981880188
    },
    "erbbands_flatness_db": {
        "dmean": 0.016118645668,
        "dmean2": 0.0260019358248,
        "dvar": 0.000335810997058,
        "dvar2": 0.000836897001136,
        "max": 0.423312157393,
        "mean": 0.144637092948,
        "median": 0.127474918962,
        "min": 0.0475891940296,
        "var": 0.00436072796583
    },
    "erbbands_kurtosis": {
        "dmean": 1.04850172997,
        "dmean2": 1.77201592922,
        "dvar": 2.86324238777,
        "dvar2": 7.30728340149,
        "max": 29.1933059692,
        "mean": 0.985998034477,
        "median": 0.267786979675,
        "min": -1.83612728119,
        "var": 5.02487707138
    },
    "erbbands_skewness": {
        "dmean": 0.348254740238,
        "dmean2": 0.572901666164,
        "dvar": 0.144472360611,
        "dvar2": 0.371209084988,
        "max": 3.87216186523,
        "mean": 0.466851115227,
        "median": 0.446723669767,
        "min": -4.34291315079,
        "var": 0.50328707695
    },
    "erbbands_spread": {
        "dmean": 6.69025754929,
        "dmean2": 10.9866609573,
        "dvar": 72.7474975586,
        "dvar2": 193.458129883,
        "max": 145.655990601,
        "mean": 32.3489685059,
        "median": 32.8448944092,
        "min": 2.25329971313,
        "var": 236.199676514
    },
    "hfc": {
        "dmean": 9.87069511414,
        "dmean2": 16.0311565399,
        "dvar": 313.810302734,
        "dvar2": 811.530029297,
        "max": 249.861450195,
        "mean": 35.1104927063,
        "median": 30.1065826416,
        "min": 3.23609528063e-10,
        "var": 770.74597168
    },
    "melbands_crest": {
        "dmean": 3.65337204933,
        "dmean2": 5.86235618591,
        "dvar": 18.0208759308,
        "dvar2": 41.9757232666,
        "max": 39.8590927124,
        "mean": 17.103509903,
        "median": 16.4055633545,
        "min": 2.57008290291,
        "var": 88.4857711792
    },
    "melbands_flatness_db": {
        "dmean": 0.0201688557863,
        "dmean2": 0.0305862631649,
        "dvar": 0.000670781533699,
        "dvar2": 0.001375956228,
        "max": 0.750371873379,
        "mean": 0.14831726253,
        "median": 0.141308799386,
        "min": 0.0181278288364,
        "var": 0.00476229842752
    },
    "melbands_kurtosis": {
        "dmean": 9.8578338623,
        "dmean2": 15.3559331894,
        "dvar": 49675.1523438,
        "dvar2": 113444.570312,
        "max": 18916.0195312,
        "mean": 18.3040008545,
        "median": 2.80134391785,
        "min": -1.88814663887,
        "var": 138736.546875
    },
    "melbands_skewness": {
        "dmean": 0.683825552464,
        "dmean2": 1.08434402943,
        "dvar": 2.51136517525,
        "dvar2": 5.38137722015,
        "max": 111.009315491,
        "mean": 1.84819567204,
        "median": 1.5023226738,
        "min": -2.62671661377,
        "var": 10.6307153702
    },
    "melbands_spread": {
        "dmean": 8.97126674652,
        "dmean2": 13.9292421341,
        "dvar": 156.523284912,
        "dvar2": 313.214508057,
        "max": 244.137161255,
        "mean": 38.6495094299,
        "median": 34.8476867676,
        "min": 0.0125942965969,
        "var": 677.673461914
    },
    "pitch_salience": {
        "dmean": 0.0788892582059,
        "dmean2": 0.128366231918,
        "dvar": 0.009446692653,
        "dvar2": 0.0233807805926,
        "max": 0.966973602772,
        "mean": 0.583803832531,
        "median": 0.599282681942,
        "min": 0.00238553830422,
        "var": 0.0322041735053
    },
    "silence_rate_20dB": {
        "dmean": 0,
        "dmean2": 0,
        "dvar": 0,
        "dvar2": 0,
        "max": 1,
        "mean": 1,
        "median": 1,
        "min": 1,
        "var": 0
    },
    "silence_rate_30dB": {
        "dmean": 0.00907609984279,
        "dmean2": 0.0181543119252,
        "dvar": 0.00899462867528,
        "dvar2": 0.0255083478987,
        "max": 1,
        "mean": 0.994415342808,
        "median": 1,
        "min": 0,
        "var": 0.00555301364511
    },
    "silence_rate_60dB": {
        "dmean": 0.0139632299542,
        "dmean2": 0.0278133358806,
        "dvar": 0.0137710524723,
        "dvar2": 0.034252718091,
        "max": 1,
        "mean": 0.0764397904277,
        "median": 0,
        "min": 0,
        "var": 0.0705923736095
    },
    "spectral_centroid": {
        "dmean": 272.105377197,
        "dmean2": 421.258514404,
        "dvar": 128282.242188,
        "dvar2": 250384.203125,
        "max": 7554.24414062,
        "mean": 1985.02404785,
        "median": 1994.4263916,
        "min": 175.267349243,
        "var": 572135.5625
    },
    "spectral_complexity": {
        "dmean": 3.56713986397,
        "dmean2": 5.5812869072,
        "dvar": 13.2550897598,
        "dvar2": 28.6271152496,
        "max": 59,
        "mean": 25.4012794495,
        "median": 24,
        "min": 0,
        "var": 170.773513794
    },
    "spectral_decrease": {
        "dmean": 2.5797295411e-09,
        "dmean2": 4.22402779421e-09,
        "dvar": 2.59190410955e-17,
        "dvar2": 6.46957346191e-17,
        "max": 5.02175856454e-10,
        "mean": -7.32642613244e-09,
        "median": -6.3142353568e-09,
        "min": -6.31601011492e-08,
        "var": 4.34930176417e-17
    },
    "spectral_energy": {
        "dmean": 0.0104498229921,
        "dmean2": 0.017117774114,
        "dvar": 0.000409469212173,
        "dvar2": 0.00103180517908,
        "max": 0.24395352602,
        "mean": 0.0308362748474,
        "median": 0.027993477881,
        "min": 3.44705106202e-14,
        "var": 0.000687701452989
    },
    "spectral_energyband_high": {
        "dmean": 0.0006220319774,
        "dmean2": 0.000934859854169,
        "dvar": 2.50220659836e-06,
        "dvar2": 5.74620344196e-06,
        "max": 0.032647781074,
        "mean": 0.00232781539671,
        "median": 0.0014525775332,
        "min": 2.69622157581e-14,
        "var": 7.5860330071e-06
    },
    "spectral_energyband_low": {
        "dmean": 0.00437207240611,
        "dmean2": 0.00698431814089,
        "dvar": 0.000103573707747,
        "dvar2": 0.000257503066678,
        "max": 0.162474825978,
        "mean": 0.0130062364042,
        "median": 0.00785372965038,
        "min": 1.06968603947e-15,
        "var": 0.000249315926339
    },
    "spectral_energyband_middle_high": {
        "dmean": 0.00336306216195,
        "dmean2": 0.00587647082284,
        "dvar": 5.17240332556e-05,
        "dvar2": 0.000147073558765,
        "max": 0.0722657069564,
        "mean": 0.00887897051871,
        "median": 0.00689733354375,
        "min": 5.29985296372e-15,
        "var": 7.06555656507e-05
    },
    "spectral_energyband_middle_low": {
        "dmean": 0.0061947577633,
        "dmean2": 0.0111279888079,
        "dvar": 0.000334283045959,
        "dvar2": 0.00093553296756,
        "max": 0.214623346925,
        "mean": 0.00677329069003,
        "median": 0.00317517784424,
        "min": 6.80609343146e-16,
        "var": 0.000217296154005
    },
    "spectral_entropy": {
        "dmean": 0.116841703653,
        "dmean2": 0.18343116343,
        "dvar": 0.0263699386269,
        "dvar2": 0.0593174286187,
        "max": 9.25144767761,
        "mean": 8.01342201233,
        "median": 8.11582660675,
        "min": 5.70226573944,
        "var": 0.187380596995
    },
    "spectral_flux": {
        "dmean": 0.0265506580472,
        "dmean2": 0.0402284413576,
        "dvar": 0.00201179971918,
        "dvar2": 0.003210113151,
        "max": 0.536360681057,
        "mean": 0.0937922149897,
        "median": 0.0804248377681,
        "min": 1.75583827513e-05,
        "var": 0.00426045386121
    },
    "spectral_kurtosis": {
        "dmean": 1.37129306793,
        "dmean2": 2.32307958603,
        "dvar": 18.0042037964,
        "dvar2": 53.2795562744,
        "max": 105.785804749,
        "mean": 5.30517864227,
        "median": 2.98146247864,
        "min": -1.06348347664,
        "var": 102.818748474
    },
    "spectral_rms": {
        "dmean": 0.000830720877275,
        "dmean2": 0.00133431551512,
        "dvar": 1.7706389599e-06,
        "dvar2": 4.16861394115e-06,
        "max": 0.0154273603112,
        "mean": 0.00493044313043,
        "median": 0.00522596482188,
        "min": 5.79911763054e-09,
        "var": 5.77488344788e-06
    },
    "spectral_rolloff": {
        "dmean": 661.480407715,
        "dmean2": 1045.70300293,
        "dvar": 1179465.625,
        "dvar2": 2512456,
        "max": 16085.3027344,
        "mean": 2580.57958984,
        "median": 1722.65625,
        "min": 21.533203125,
        "var": 4798205.5
    },
    "spectral_skewness": {
        "dmean": 0.174679070711,
        "dmean2": 0.287015348673,
        "dvar": 0.0809517353773,
        "dvar2": 0.21595017612,
        "max": 7.52229642868,
        "mean": 1.64865267277,
        "median": 1.48527729511,
        "min": -0.230750918388,
        "var": 0.695899546146
    },
    "spectral_spread": {
        "dmean": 444877.09375,
        "dmean2": 699634.0625,
        "dvar": 367764439040,
        "dvar2": 813704478720,
        "max": 24785988,
        "mean": 5648189.5,
        "median": 5898770.5,
        "min": 636447.9375,
        "var": 2.46583184589e+12
    },
    "spectral_strongpeak": {
        "dmean": 0.365989089012,
        "dmean2": 0.63605183363,
        "dvar": 0.759978175163,
        "dvar2": 2.05118346214,
        "max": 16.4523525238,
        "mean": 0.562656760216,
        "median": 0.259072244167,
        "min": 0,
        "var": 0.954824507236
    },
    "zerocrossingrate": {
        "dmean": 0.013589036651,
        "dmean2": 0.0160163976252,
        "dvar": 0.00027286997647,
        "dvar2": 0.000334327924065,
        "max": 0.60107421875,
        "mean": 0.102239899337,
        "median": 0.09326171875,
        "min": 0.0009765625,
        "var": 0.00313825160265
    },
    "barkbands": {
        "dmean": [0.00112033786718, 0.00320245977491, 0.00102623470593, 0.000787166354712, 0.00158561347052, 0.00171863823198, 0.00126772106159, 0.000791112717707, 0.00105270848144, 0.00114525971003, 0.00109799718484, 0.00133625196759, 0.000730918429326, 0.000512368162163, 0.000260565342614, 0.000201136499527, 0.000228126358707, 0.000194356325665, 0.000134974325192, 0.000122391153127, 0.000148749939399, 0.000173782085767, 0.000158898430527, 0.000128041225253, 8.16265455796e-05, 9.22953186091e-05, 2.79053947452e-05],
        "dmean2": [0.00170772825368, 0.00506976619363, 0.0019298257539, 0.00149365491234, 0.00296494690701, 0.00323067675345, 0.00233010854572, 0.00142832682468, 0.00182708632201, 0.00196187756956, 0.0019089296693, 0.00238927616738, 0.00125449150801, 0.000877937825862, 0.000442887103418, 0.000342376821209, 0.000383951643016, 0.000331136485329, 0.000222030139412, 0.000201349015697, 0.000244348892011, 0.000278097810224, 0.000252054916928, 0.000198916153749, 0.000126512444695, 0.000142907330883, 4.47277125204e-05],
        "dvar": [5.74967498324e-06, 6.11980867689e-05, 2.34024755628e-05, 1.18715706776e-05, 3.34619398927e-05, 3.52955976268e-05, 1.57210852194e-05, 5.74270643483e-06, 8.03963393992e-06, 4.36988420915e-06, 6.17702698946e-06, 9.68837775872e-06, 1.30783098484e-06, 7.08067204869e-07, 4.3982703346e-07, 1.233911604e-07, 2.23820833867e-07, 8.62083098241e-08, 4.60610998232e-08, 3.92818932937e-08, 1.15638684406e-07, 2.87618178163e-07, 3.12796231583e-07, 1.56181897637e-07, 2.07794297324e-08, 3.09847933977e-08, 4.36855840391e-09],
        "dvar2": [1.18250954984e-05, 0.000152578286361, 6.76979107084e-05, 3.48687681253e-05, 9.68497988652e-05, 0.000101031124359, 4.55685403722e-05, 1.67136749951e-05, 2.24434079428e-05, 1.20413233162e-05, 1.69758804986e-05, 2.72122197202e-05, 3.56392524736e-06, 1.84821521998e-06, 1.12373606953e-06, 3.16307620096e-07, 4.74560010844e-07, 2.33973011632e-07, 1.19899894457e-07, 1.05360214775e-07, 3.02777834804e-07, 6.87997101068e-07, 7.75959563271e-07, 3.61072949318e-07, 4.68345859872e-08, 7.59064562317e-08, 1.14236655691e-08],
        "max": [0.0536826103926, 0.136523395777, 0.0649088993669, 0.0494821444154, 0.108971141279, 0.0957650616765, 0.0449585281312, 0.0276789963245, 0.0482510775328, 0.0243641845882, 0.045906431973, 0.0672928765416, 0.0230497941375, 0.0305782929063, 0.0271325614303, 0.0115836467594, 0.0267472267151, 0.00627817772329, 0.0052087190561, 0.00533911352977, 0.00957787688822, 0.0151889044791, 0.0158729255199, 0.0113888680935, 0.0035494051408, 0.00568285677582, 0.0025020649191],
        "mean": [0.00312430225313, 0.00923769269139, 0.000749580271076, 0.000568434654269, 0.00133413204458, 0.0012627345277, 0.00109923013952, 0.000761597708333, 0.00125712028239, 0.00166311836801, 0.00142518628854, 0.0017142110737, 0.00119201862253, 0.000947032764088, 0.000447989645181, 0.00037952006096, 0.000461984367575, 0.000418137555243, 0.000318240578054, 0.00031378355925, 0.000390996632632, 0.000435153517174, 0.000384326005587, 0.000356282922439, 0.000271691154921, 0.000268500531092, 5.32504964212e-05],
        "median": [0.000889067770913, 0.00477880146354, 0.000127823659568, 8.12302241684e-05, 0.0002252861741, 0.000226306088734, 0.000326640496496, 0.000295785954222, 0.000581394706387, 0.000906615518034, 0.000671173329465, 0.00075804052176, 0.000776569533627, 0.000617614772636, 0.000300702173263, 0.000255648279563, 0.000297750724712, 0.000266199145699, 0.000223855226068, 0.000219009001739, 0.000257937819697, 0.000248289637966, 0.000186618432053, 0.000206963610253, 0.000150768712047, 0.000138035276905, 2.88717583317e-05],
        "min": [6.43309347341e-16, 5.84741095384e-16, 1.33515474135e-16, 7.34807103618e-17, 7.95481066247e-17, 1.93960618754e-17, 8.68192756719e-17, 2.48395075304e-17, 2.51275738405e-16, 2.80431962408e-16, 2.4348723075e-17, 1.80251125805e-16, 7.38979442332e-16, 2.7005631173e-16, 7.36930363754e-16, 6.67241416233e-16, 1.23263318214e-16, 2.30968520541e-16, 1.9266734238e-15, 1.38673428328e-15, 1.00837970057e-15, 2.00447678814e-15, 2.55919675947e-15, 4.88394962222e-15, 3.27304542247e-15, 5.9396046668e-15, 6.28149808102e-15],
        "var": [2.76704886346e-05, 0.000136858128826, 1.31311753648e-05, 6.46527405479e-06, 2.0445242626e-05, 2.08280907827e-05, 9.15529926715e-06, 3.44994350598e-06, 6.9811362664e-06, 5.34888749826e-06, 5.9818776208e-06, 1.04245536932e-05, 1.85340627468e-06, 1.29176407881e-06, 4.84089127895e-07, 2.14724948933e-07, 5.32782223672e-07, 2.25891724881e-07, 1.14475334101e-07, 1.1003997713e-07, 2.44133900651e-07, 5.45272143881e-07, 5.70504823827e-07, 3.12259714974e-07, 9.20103246926e-08, 1.35916224053e-07, 7.72398944804e-09]
    },
    "erbbands": {
        "dmean": [0.167648583651, 0.494167089462, 1.07680892944, 2.05883526802, 3.67277479172, 5.50075864792, 9.49203968048, 15.1326131821, 18.1839199066, 17.8228969574, 17.9193058014, 23.8497333527, 32.0299568176, 35.9239006042, 45.0956306458, 50.0476150513, 34.0452346802, 26.1108322144, 16.9401798248, 10.5107421875, 10.5494232178, 12.1096782684, 11.4662694931, 7.5146856308, 6.11400079727, 5.73426914215, 5.56755304337, 6.50104665756, 6.73947811127, 4.93655014038, 4.58175420761, 3.43390607834, 1.84437656403, 1.09360134602, 0.585125863552, 0.335261821747, 0.192820981145, 0.0612307675183, 0.00374384783208, 6.37760094833e-05],
        "dmean2": [0.257330149412, 0.814321398735, 1.96746921539, 3.8770005703, 6.8502831459, 10.2651357651, 17.7067375183, 28.5979175568, 33.8806877136, 32.2039833069, 32.282169342, 41.1841697693, 55.2316513062, 61.8805847168, 79.3630447388, 88.9959030151, 59.0777359009, 44.4332237244, 28.0846595764, 17.8696613312, 17.8380241394, 20.3368606567, 19.5741119385, 12.5417127609, 9.97636699677, 9.38469696045, 9.17682933807, 10.6496229172, 10.8179244995, 7.84682846069, 7.23399448395, 5.40642404556, 2.87249803543, 1.71556687355, 0.916241645813, 0.514253556728, 0.30383592844, 0.0970000848174, 0.00591938802972, 9.99863113975e-05],
        "dvar": [0.115328133106, 2.93229746819, 23.698507309, 86.271194458, 204.333526611, 401.597473145, 1180.78039551, 2747.30371094, 3562.953125, 2767.47607422, 3043.59985352, 4255.35400391, 5081.38867188, 4777.86376953, 13265.6875, 11964.7070312, 3428.71728516, 1604.23730469, 1758.61108398, 373.893341064, 325.460998535, 722.208435059, 331.177307129, 144.321121216, 85.9234085083, 91.8840866089, 161.934997559, 287.111694336, 490.149993896, 201.008239746, 243.358352661, 168.554855347, 19.9454898834, 4.11410427094, 0.946513175964, 0.33138141036, 0.135626986623, 0.0188243538141, 6.65623447276e-05, 1.56879682578e-08],
        "dvar2": [0.259876519442, 7.75745773315, 67.0194778442, 251.057601929, 594.176757812, 1168.3293457, 3158.55639648, 7981.69091797, 10341.7412109, 8028.61865234, 8838.08398438, 11644.5966797, 13781.3886719, 13642.7373047, 36548.8828125, 33941.9414062, 9427.16601562, 4171.66503906, 4357.74853516, 999.843566895, 803.553344727, 1505.87280273, 886.717102051, 383.498596191, 219.292480469, 247.058792114, 437.691253662, 735.917907715, 1173.89111328, 489.987091064, 579.975219727, 403.615264893, 45.7632675171, 9.30121421814, 2.21368503571, 0.781940758228, 0.342563539743, 0.0492414608598, 0.00016900661285, 3.99229165282e-08],
        "max": [6.31825351715, 35.6288375854, 69.6440734863, 113.289894104, 286.320922852, 364.858032227, 1142.60400391, 452.666625977, 672.892944336, 642.933105469, 699.075683594, 1102.05664062, 869.257385254, 933.991638184, 2299.69921875, 1507.19470215, 947.803283691, 1510.18322754, 2288.75, 546.551513672, 746.597290039, 1577.74914551, 359.829101562, 304.642425537, 192.966308594, 298.474517822, 519.928344727, 508.233337402, 738.224060059, 390.058685303, 492.069885254, 358.092193604, 108.851722717, 54.0172386169, 17.5994472504, 14.5116910934, 12.2618303299, 4.88014936447, 0.260921418667, 0.0040060072206],
        "mean": [0.551536083221, 0.943171560764, 0.879039227962, 1.52807080746, 2.98121070862, 4.63201951981, 7.36931276321, 10.8579044342, 14.7296304703, 16.8863201141, 18.2749481201, 28.9825019836, 45.5874328613, 53.4161643982, 60.2604866028, 67.9781646729, 58.337688446, 52.0232772827, 32.6699790955, 21.5236473083, 22.4541912079, 25.853553772, 25.0536441803, 17.2046947479, 15.5006818771, 14.7947378159, 14.6219730377, 16.3446674347, 16.2601985931, 12.742307663, 10.7505588531, 8.21615123749, 5.22611045837, 3.28117322922, 1.84492754936, 1.0141159296, 0.513962507248, 0.139654949307, 0.00783134438097, 0.000171644016518],
        "median": [0.249827474356, 0.377765476704, 0.200577661395, 0.28318837285, 0.437595456839, 0.76624661684, 1.2796330452, 1.86159718037, 3.86885404587, 6.11587095261, 7.82949495316, 12.689040184, 24.4681415558, 31.6925601959, 28.0429878235, 31.8836574554, 36.2852897644, 36.2138061523, 21.899679184, 15.7488908768, 16.20246315, 17.2652320862, 15.2712011337, 12.4016017914, 10.9685192108, 10.1848735809, 9.38141727448, 9.9782781601, 9.56912517548, 6.90196847916, 5.03660821915, 4.2657532692, 2.95328497887, 1.89162826538, 0.972950518131, 0.503827989101, 0.269304037094, 0.0778513550758, 0.00424003042281, 0.000123073419672],
        "min": [2.70128615521e-14, 9.6806684034e-14, 1.65354438041e-13, 2.11575359012e-13, 2.89927587147e-13, 2.48393455327e-13, 1.21134344417e-13, 2.03719108098e-13, 9.33526259767e-13, 1.29933672328e-12, 5.00496454177e-13, 4.85980960335e-12, 1.18316502429e-11, 3.31756193697e-12, 2.09459099371e-12, 1.10462273009e-11, 3.39876564392e-11, 1.39780452837e-11, 2.97523845838e-11, 3.85398067626e-11, 3.23286987458e-11, 9.53470809251e-12, 1.54815864989e-11, 8.03680524908e-11, 5.60802446148e-11, 6.85373702236e-11, 5.10654921126e-11, 5.11415562676e-11, 7.72460428955e-11, 4.57618977434e-11, 7.32357854916e-11, 8.63739635371e-11, 8.37290931033e-11, 3.94444789331e-11, 2.60221982851e-11, 1.92999262405e-11, 1.15249303156e-11, 4.46446959262e-12, 1.12523770683e-12, 6.66991825269e-14],
        "var": [0.446939855814, 2.9399523735, 14.4369697571, 47.7887802124, 120.241447449, 245.134765625, 895.139526367, 1528.3963623, 2025.76074219, 1662.60095215, 1876.17163086, 4188.2421875, 5368.94873047, 5109.859375, 12744.5742188, 13209.6015625, 4810.31933594, 3240.05395508, 2303.57788086, 588.532958984, 671.831787109, 1700.02856445, 912.068786621, 320.390838623, 258.456573486, 250.14112854, 312.665527344, 558.557556152, 839.231994629, 433.802947998, 472.582763672, 276.662750244, 48.1575431824, 13.9152936935, 4.45116472244, 1.60472822189, 0.522411048412, 0.048490434885, 0.000144724108395, 4.25014192729e-08]
    },
    "gfcc": {
        "mean": [15.5546989441, 33.6988983154, -124.215080261, 6.80530738831, -56.0072288513, 29.0275001526, -26.5694293976, 14.664358139, -20.1267242432, 11.5334005356, -14.2526082993, 10.3778409958, -12.7780838013],
        "cov": [[18192.1054688, -2571.86743164, 1614.9465332, 2233.83544922, 99.8141174316, 252.322692871, 248.961975098, 860.340515137, 66.1560745239, 720.246826172, 220.465774536, 705.911743164, 52.1462631226], [-2571.86743164, 1869.52905273, -216.53578186, -429.980377197, 114.357849121, -41.1443557739, -53.6748504639, -248.513641357, -25.0797729492, -166.613235474, 20.706029892, -123.972129822, 41.0503768921], [1614.9465332, -216.53578186, 927.35748291, 422.771636963, 183.784072876, 32.6143188477, 96.3850708008, 152.021148682, 18.8032073975, 160.665802002, 38.757358551, 127.548423767, 24.2731819153], [2233.83544922, -429.980377197, 422.771636963, 754.029602051, -17.2422924042, 24.9647350311, -90.564743042, 58.774105072, -13.2557106018, 21.86444664, -31.2113037109, 28.4455623627, -52.0279159546], [99.8141174316, 114.357849121, 183.784072876, -17.2422924042, 436.17666626, 155.542877197, 288.497711182, 214.298538208, 110.767189026, 121.916671753, 88.7100753784, 114.484848022, 100.159378052], [252.322692871, -41.1443557739, 32.6143188477, 24.9647350311, 155.542877197, 247.549682617, 205.48197937, 119.292793274, 50.1801986694, 71.1666946411, 45.5229682922, 54.745513916, 40.0687675476], [248.961975098, -53.6748504639, 96.3850708008, -90.564743042, 288.497711182, 205.48197937, 406.90133667, 253.284362793, 127.161247253, 165.167053223, 117.339523315, 126.012207031, 102.866867065], [860.340515137, -248.513641357, 152.021148682, 58.774105072, 214.298538208, 119.292793274, 253.284362793, 280.335968018, 134.164382935, 161.086593628, 93.8517379761, 121.590621948, 66.4264831543], [66.1560745239, -25.0797729492, 18.8032073975, -13.2557106018, 110.767189026, 50.1801986694, 127.161247253, 134.164382935, 132.945648193, 98.7473754883, 65.8718566895, 53.3766555786, 36.0065193176], [720.246826172, -166.613235474, 160.665802002, 21.86444664, 121.916671753, 71.1666946411, 165.167053223, 161.086593628, 98.7473754883, 179.210906982, 95.0115890503, 102.942337036, 51.0787200928], [220.465774536, 20.706029892, 38.757358551, -31.2113037109, 88.7100753784, 45.5229682922, 117.339523315, 93.8517379761, 65.8718566895, 95.0115890503, 111.671211243, 78.8619918823, 52.6257133484], [705.911743164, -123.972129822, 127.548423767, 28.4455623627, 114.484848022, 54.745513916, 126.012207031, 121.590621948, 53.3766555786, 102.942337036, 78.8619918823, 129.863601685, 64.271697998], [52.1462631226, 41.0503768921, 24.2731819153, -52.0279159546, 100.159378052, 40.0687675476, 102.866867065, 66.4264831543, 36.0065193176, 51.0787200928, 52.6257133484, 64.271697998, 103.031364441]],
        "icov": [[0.000167053076439, -6.16268225713e-05, 0.000154788242071, -0.000466181925731, 0.000205692151212, 5.36814768566e-05, 0.000108880718471, -0.00058984028874, 0.000804985698778, -0.00076536484994, 0.000363898376236, -0.000776465341914, 0.000115481721878], [-6.16268225713e-05, 0.00112390192226, -0.000426006503403, 0.00063841836527, -0.000920130172744, -0.00015151523985, -7.35461362638e-05, 0.00198483001441, -0.00152879452799, 0.00174698035698, -0.00192003056873, 0.00142484728713, -0.000486622011522], [0.000154788242071, -0.000426006503403, 0.00254007289186, -0.001781344763, -0.000591329706367, 0.00105129787698, -0.000248770345934, -0.000739070470445, 0.00292307510972, -0.00394291616976, 0.00205017882399, -0.00195361441001, 0.000589016824961], [-0.000466181925731, 0.00063841836527, -0.001781344763, 0.00397218856961, -0.000532798527274, -0.00159497978166, 0.00171145133208, 0.000493050960358, -0.00298733846284, 0.00378271914087, -0.00172425457276, 0.00223228195682, 0.00017558784748], [0.000205692151212, -0.000920130172744, -0.000591329706367, -0.000532798527274, 0.00628601200879, -0.000749638362322, -0.00185027590487, -0.00335203087889, 7.54935390432e-05, 0.000387828913517, 0.00183281034697, -0.00237264554016, -0.00135277875233], [5.36814768566e-05, -0.00015151523985, 0.00105129787698, -0.00159497978166, -0.000749638362322, 0.00809837225825, -0.00508279586211, 0.000721963879187, 0.00168066425249, -0.00134021532722, 0.00112971861381, -0.000379052333301, 0.000905118999071], [0.000108880718471, -7.35461362638e-05, -0.000248770345934, 0.00171145133208, -0.00185027590487, -0.00508279586211, 0.0120371859521, -0.00670203426853, 0.00146482186392, -0.00187253940385, -0.00182991311885, 0.000575649784878, -0.0020326024387], [-0.00058984028874, 0.00198483001441, -0.000739070470445, 0.000493050960358, -0.00335203087889, 0.000721963879187, -0.00670203426853, 0.0213449653238, -0.0120749045163, 0.00130775303114, -0.000942379061598, -0.000809789984487, 0.000396425370127], [0.000804985698778, -0.00152879452799, 0.00292307510972, -0.00298733846284, 7.54935390432e-05, 0.00168066425249, 0.00146482186392, -0.0120749045163, 0.0250326804817, -0.0120699759573, -0.000248001422733, 1.54536064656e-05, 0.000952610687818], [-0.00076536484994, 0.00174698035698, -0.00394291616976, 0.00378271914087, 0.000387828913517, -0.00134021532722, -0.00187253940385, 0.00130775303114, -0.0120699759573, 0.0264096967876, -0.0108972266316, 0.000198654583073, 0.000268369098194], [0.000363898376236, -0.00192003056873, 0.00205017882399, -0.00172425457276, 0.00183281034697, 0.00112971861381, -0.00182991311885, -0.000942379061598, -0.000248001422733, -0.0108972266316, 0.026364903897, -0.0114664603025, -0.0013839652529], [-0.000776465341914, 0.00142484728713, -0.00195361441001, 0.00223228195682, -0.00237264554016, -0.000379052333301, 0.000575649784878, -0.000809789984487, 1.54536064656e-05, 0.000198654583073, -0.0114664603025, 0.0278137847781, -0.00778349582106], [0.000115481721878, -0.000486622011522, 0.000589016824961, 0.00017558784748, -0.00135277875233, 0.000905118999071, -0.0020326024387, 0.000396425370127, 0.000952610687818, 0.000268369098194, -0.0013839652529, -0.00778349582106, 0.0176242981106]]
    },
    "melbands": {
        "dmean": [0.00113690458238, 0.000548848125618, 0.000393715832615, 0.000332180672558, 0.000311887590215, 0.000340717931977, 0.000275554833934, 0.0001882177894, 0.000148316903505, 0.000156110152602, 0.000163705131854, 0.000149051236804, 0.00014802881924, 0.000135719586979, 0.000132544664666, 6.77054704283e-05, 5.11638245371e-05, 3.22642990795e-05, 1.93466003111e-05, 1.52907687152e-05, 1.32066879814e-05, 1.51271478899e-05, 1.14765180115e-05, 8.60597992869e-06, 6.79188497088e-06, 5.34817991138e-06, 4.54459586763e-06, 4.244941465e-06, 3.74956152882e-06, 4.0589306991e-06, 4.3892400754e-06, 4.39049108536e-06, 3.50724121745e-06, 2.95716245091e-06, 2.81230541077e-06, 2.96476059702e-06, 2.04091929845e-06, 1.43256011143e-06, 1.36703738463e-06, 9.48445176618e-07],
        "dmean2": [0.00177926570177, 0.000938185257837, 0.000736960151698, 0.000617876299657, 0.000581750588026, 0.000642580562271, 0.000511667749379, 0.000339976919349, 0.000266344402917, 0.000268539501121, 0.000282411783701, 0.000255731138168, 0.000259554159129, 0.000243227768806, 0.000231279031141, 0.000115934759378, 8.75391924637e-05, 5.38870954188e-05, 3.30996444973e-05, 2.60121323663e-05, 2.246585791e-05, 2.55471113633e-05, 1.93877294805e-05, 1.46339270941e-05, 1.14393733384e-05, 8.84896871867e-06, 7.51371953811e-06, 6.98071607985e-06, 6.20818764219e-06, 6.75979526932e-06, 7.27896485841e-06, 7.10545100446e-06, 5.71592545384e-06, 4.73613408758e-06, 4.47306001661e-06, 4.7437174544e-06, 3.25281052937e-06, 2.26229758482e-06, 2.20121160055e-06, 1.51023391481e-06],
        "dvar": [5.79025481784e-06, 4.8901347327e-06, 2.88638420898e-06, 1.53666906044e-06, 1.24018379211e-06, 1.38320012866e-06, 7.99166571142e-07, 3.08712486685e-07, 2.01713817205e-07, 1.76580670086e-07, 1.26239640963e-07, 7.44436903233e-08, 1.25346304003e-07, 1.17595618576e-07, 1.04776418652e-07, 1.02292432302e-08, 6.60025811783e-09, 6.84984380328e-09, 2.63347055274e-09, 6.95150437213e-10, 5.09531639103e-10, 1.00401653658e-09, 4.26151336441e-10, 1.64980890061e-10, 1.21892204663e-10, 7.98955138159e-11, 4.67863317533e-11, 5.34816357867e-11, 6.69162086853e-11, 7.60434284985e-11, 1.3384998665e-10, 2.04309430485e-10, 9.26357948683e-11, 7.06061042965e-11, 8.00108521104e-11, 1.70348637973e-10, 4.6361924716e-11, 1.24348361469e-11, 6.52665161499e-12, 3.00389769482e-12],
        "dvar2": [1.37214574352e-05, 1.3081108591e-05, 8.37212246552e-06, 4.46618378191e-06, 3.40289466294e-06, 4.01208762923e-06, 2.31980584431e-06, 8.96051346899e-07, 5.82597181165e-07, 4.78761137401e-07, 3.42204884873e-07, 2.12542829559e-07, 3.49388216137e-07, 3.31202159032e-07, 2.90860157293e-07, 2.81606400421e-08, 1.70474230288e-08, 1.79095955843e-08, 7.13171210975e-09, 1.89304971698e-09, 1.27008636941e-09, 2.1459725108e-09, 1.05696496e-09, 4.45303072194e-10, 3.27689181345e-10, 2.07278930131e-10, 1.24076637853e-10, 1.43863684854e-10, 1.84281298554e-10, 2.01194602645e-10, 3.41443484597e-10, 4.93209917352e-10, 2.20725812627e-10, 1.78651246574e-10, 1.92007965083e-10, 4.35766478457e-10, 1.09104447699e-10, 2.9633729498e-11, 1.53480127912e-11, 7.07249406609e-12],
        "max": [0.0421477220953, 0.0354771763086, 0.0235809851438, 0.0247896146029, 0.0323011763394, 0.0101276822388, 0.0100861862302, 0.00635888893157, 0.00601794337854, 0.00742603652179, 0.00431972043589, 0.00382349640131, 0.00631729885936, 0.00919467862695, 0.00593631714582, 0.00250611291267, 0.00288476841524, 0.00463085295632, 0.00210867542773, 0.000903316482436, 0.000920224993024, 0.00187150912825, 0.00073715869803, 0.000272793753538, 0.000290482625132, 0.000217007924221, 0.000125195612782, 0.000239661763771, 0.000338413374266, 0.000217204986257, 0.000348460598616, 0.000428450206527, 0.000283070578007, 0.000253054284258, 0.000362227176083, 0.000448106409749, 0.000180226517841, 9.76363880909e-05, 6.57047421555e-05, 5.44023023394e-05],
        "mean": [0.00365742715076, 0.000671825488098, 0.000301294989185, 0.00028405469493, 0.000246459065238, 0.000247511896305, 0.000227735363296, 0.00017913155898, 0.000151012427523, 0.000189349957509, 0.00023041437089, 0.000216931468458, 0.000193866435438, 0.000171394407516, 0.000182330462849, 0.000115025010018, 9.444160969e-05, 5.64049150853e-05, 3.26888002746e-05, 2.72000434052e-05, 2.6412493753e-05, 2.91559226753e-05, 2.2925054509e-05, 1.81955929293e-05, 1.36053358801e-05, 1.15738048407e-05, 1.03689162643e-05, 9.69149641605e-06, 8.756729585e-06, 9.15787859412e-06, 9.80794629868e-06, 9.52940899879e-06, 7.80667778599e-06, 6.79604227116e-06, 6.10241477261e-06, 6.03191347182e-06, 4.58599788544e-06, 3.62236642104e-06, 3.43188912666e-06, 2.54150336332e-06],
        "median": [0.00203815661371, 0.000229334953474, 5.59662439628e-05, 4.54436303698e-05, 4.38330971519e-05, 4.45515070169e-05, 6.22001825832e-05, 6.58302742522e-05, 6.13825031905e-05, 8.17277541501e-05, 0.000122665209346, 0.00012537209841, 9.23001789488e-05, 8.12742073322e-05, 7.65494187362e-05, 7.67413948779e-05, 6.29960559309e-05, 3.44018662872e-05, 2.15588133869e-05, 1.76233006641e-05, 1.76510675374e-05, 1.81606319529e-05, 1.38815366881e-05, 1.18136795209e-05, 9.12297582545e-06, 7.64041215007e-06, 7.01098588252e-06, 6.29354690318e-06, 5.32000103703e-06, 5.73050965613e-06, 5.3221701819e-06, 5.64857418794e-06, 4.22595712735e-06, 3.59140904038e-06, 2.75970160146e-06, 2.93025914289e-06, 2.31226522374e-06, 1.94170979739e-06, 2.08526648748e-06, 1.39566975577e-06],
        "min": [2.32675556627e-16, 1.0186622041e-16, 3.9711065163e-17, 2.05262900315e-17, 5.22691375887e-18, 4.64688768232e-18, 1.54949391402e-17, 1.26767480282e-17, 3.61681165962e-18, 3.72956812308e-17, 5.99990626581e-17, 1.45433853052e-17, 4.56430321073e-18, 1.1725377e-17, 6.96790875282e-17, 5.99153718324e-17, 2.10650244927e-17, 4.33788005427e-17, 5.67412283591e-17, 4.77657065993e-17, 3.37973193533e-17, 5.59962769441e-18, 1.85555024436e-17, 6.82939959263e-18, 7.384842854e-17, 7.25487822139e-17, 1.25777866212e-17, 5.8644829029e-17, 3.43871752307e-17, 2.49414641583e-17, 3.43016282117e-17, 4.67942292919e-17, 3.48114626367e-17, 2.47741486815e-17, 3.50229363233e-17, 5.89550283761e-17, 4.90064014175e-17, 6.1717394723e-17, 4.70406728662e-17, 3.15732292095e-17],
        "var": [1.92847728613e-05, 3.68547489416e-06, 1.62407889093e-06, 9.50922697029e-07, 8.85346025825e-07, 7.75370097017e-07, 4.55651928633e-07, 1.85156991961e-07, 1.2914023273e-07, 1.82126839832e-07, 1.35244235366e-07, 8.35305868918e-08, 1.15325285321e-07, 1.11093221733e-07, 1.36798021799e-07, 1.64264939428e-08, 1.21933121378e-08, 8.00113575394e-09, 2.59343413411e-09, 1.14253273509e-09, 1.03342079338e-09, 2.3379675973e-09, 9.13893294374e-10, 4.13427542201e-10, 2.2883889228e-10, 1.77408851498e-10, 1.23443588684e-10, 1.22611226727e-10, 1.19858137304e-10, 1.39900105389e-10, 2.44149839235e-10, 3.20962811884e-10, 1.77554540515e-10, 1.35612396313e-10, 1.53122362012e-10, 2.11983042231e-10, 8.22511017629e-11, 2.63851752946e-11, 1.65536247904e-11, 9.10999487652e-12]
    },
    "mfcc": {
        "mean": [-623.748291016, 77.4932556152, -10.9419841766, -7.08199357986, -4.50493860245, 10.594420433, 5.67180538177, 9.07392311096, 3.72200894356, 2.9265563488, 6.74505281448, 5.136926651, 0.0850499048829],
        "cov": [[11287.5712891, 3.3484711647, 491.933685303, 892.512939453, 379.429229736, 221.020050049, 261.519592285, 217.273712158, 223.844482422, 199.443832397, 194.398971558, 310.74987793, 304.248046875], [3.3484711647, 1347.4029541, -71.9822006226, -140.652832031, 47.6602516174, 60.207321167, 55.4694786072, -19.9635162354, -3.97644615173, -45.2845306396, 5.23891639709, 3.88357710838, 43.667640686], [491.933685303, -71.9822006226, 586.858398438, 330.196807861, 104.946022034, 33.7624931335, -4.05406332016, -43.1032218933, -24.4177913666, -22.7003803253, 0.985042572021, 13.0409669876, -7.57729911804], [892.512939453, -140.652832031, 330.196807861, 452.41998291, 184.592880249, 16.7440376282, 1.58035290241, 21.3108596802, 27.9524765015, 9.09164524078, 24.8630867004, 31.3118267059, 15.4821567535], [379.429229736, 47.6602516174, 104.946022034, 184.592880249, 202.955963135, 52.6778411865, 41.2224502563, 48.0812225342, 51.2663383484, 22.5565338135, 17.8096923828, 26.5437049866, 26.6832637787], [221.020050049, 60.207321167, 33.7624931335, 16.7440376282, 52.6778411865, 147.893707275, 109.336265564, 62.0073165894, 56.9503746033, 27.2655982971, 25.5527839661, 22.4798641205, 26.8201789856], [261.519592285, 55.4694786072, -4.05406332016, 1.58035290241, 41.2224502563, 109.336265564, 277.877868652, 141.404129028, 153.933288574, 100.670646667, 58.852306366, 82.9194488525, 113.650238037], [217.273712158, -19.9635162354, -43.1032218933, 21.3108596802, 48.0812225342, 62.0073165894, 141.404129028, 152.308578491, 115.808204651, 65.7011489868, 57.6695022583, 63.5506896973, 62.6719284058], [223.844482422, -3.97644615173, -24.4177913666, 27.9524765015, 51.2663383484, 56.9503746033, 153.933288574, 115.808204651, 181.816848755, 105.022514343, 68.5571212769, 80.5474624634, 89.3139953613], [199.443832397, -45.2845306396, -22.7003803253, 9.09164524078, 22.5565338135, 27.2655982971, 100.670646667, 65.7011489868, 105.022514343, 120.173851013, 63.5499992371, 59.8815956116, 65.5802612305], [194.398971558, 5.23891639709, 0.985042572021, 24.8630867004, 17.8096923828, 25.5527839661, 58.852306366, 57.6695022583, 68.5571212769, 63.5499992371, 115.204429626, 82.4989929199, 49.2269210815], [310.74987793, 3.88357710838, 13.0409669876, 31.3118267059, 26.5437049866, 22.4798641205, 82.9194488525, 63.5506896973, 80.5474624634, 59.8815956116, 82.4989929199, 124.709884644, 89.6024246216], [304.248046875, 43.667640686, -7.57729911804, 15.4821567535, 26.6832637787, 26.8201789856, 113.650238037, 62.6719284058, 89.3139953613, 65.5802612305, 49.2269210815, 89.6024246216, 134.455734253]],
