{
"lowlevel": {
    "average_loudness": 0.927250146866,
    "barkbands_crest": {
        "dmean": 1.88758087158,
        "dmean2": 3.08575892448,
        "dvar": 4.94785261154,
        "dvar2": 14.0482196808,
        "max": 26.5021800995,
        "mean": 11.0812740326,
        "median": 10.8918266296,
        "min": 1.81418073177,
        "var": 19.7491855621
    },
    "barkbands_flatness_db": {
        "dmean": 0.0148600507528,
        "dmean2": 0.024441966787,
        "dvar": 0.000365300627891,
        "dvar2": 0.000999918091111,
        "max": 0.549893796444,
        "mean": 0.110355123878,
        "median": 0.104056634009,
        "min": 0.00983798503876,
        "var": 0.00299255992286
    },
    "barkbands_kurtosis": {
        "dmean": 2.19653844833,
        "dmean2": 3.56665730476,
        "dvar": 173.477432251,
        "dvar2": 482.669555664,
        "max": 1197.93688965,
        "mean": 5.16436100006,
        "median": 2.85886836052,
        "min": -1.92232942581,
        "var": 196.482925415
    },
    "barkbands_skewness": {
        "dmean": 0.396295249462,
        "dmean2": 0.64702218771,
        "dvar": 0.343592196703,
        "dvar2": 0.931907176971,
        "max": 27.1815471649,
        "mean": 1.68861663342,
        "median": 1.62356483936,
        "min": -5.36511802673,
        "var": 1.58093357086
    },
    "barkbands_spread": {
        "dmean": 6.59077453613,
        "dmean2": 10.6400337219,
        "dvar": 98.2262268066,
        "dvar2": 256.121337891,
        "max": 148.004776001,
        "mean": 32.8022842407,
        "median": 26.2602996826,
        "min": 0.14728538692,
        "var": 586.358215332
    },
    "dissonance": {
        "dmean": 0.0134475640953,
        "dmean2": 0.0228284914047,
        "dvar": 0.000184376855032,
        "dvar2": 0.00050329399528,
        "max": 0.500000119209,
        "mean": 0.474674910307,
        "median": 0.480922669172,
        "min": 0.278434216976,
        "var": 0.000503115763422
    },
    "dynamic_complexity": 3.07552528381,
    "erbbands_crest": {
        "dmean": 1.92749869823,
        "dmean2": 3.19361114502,
        "dvar": 4.01812839508,
        "dvar2": 10.9584732056,
        "max": 27.4396686554,
        "mean": 7.99122810364,
        "median": 6.22323703766,
        "min": 2.04384183884,
        "var": 25.5946121216
    },
    "erbbands_flatness_db": {
        "dmean": 0.0109945349395,
        "dmean2": 0.0174693837762,
        "dvar": 0.000144868565258,
        "dvar2": 0.000339178339345,
        "max": 0.358677476645,
        "mean": 0.111715592444,
        "median": 0.0956608653069,
        "min": 0.0305240284652,
        "var": 0.00270503340289
    },
    "erbbands_kurtosis": {
        "dmean": 0.716949522495,
        "dmean2": 1.1761187315,
        "dvar": 1.42419421673,
        "dvar2": 3.72735404968,
        "max": 30.2619552612,
        "mean": 0.43483504653,
        "median": -0.178718328476,
        "min": -1.77146720886,
        "var": 4.39689874649
    },
    "erbbands_skewness": {
        "dmean": 0.293184190989,
        "dmean2": 0.472261607647,
        "dvar": 0.087398737669,
        "dvar2": 0.225110292435,
        "max": 4.93695449829,
        "mean": 0.518501102924,
        "median": 0.440419197083,
        "min": -3.20898103714,
        "var": 0.624891638756
    },
    "erbbands_spread": {
        "dmean": 6.78617954254,
        "dmean2": 10.6616954803,
        "dvar": 66.8462371826,
        "dvar2": 164.033248901,
        "max": 168.317840576,
        "mean": 45.8958625793,
        "median": 45.7530593872,
        "min": 2.81880736351,
        "var": 347.630065918
    },
    "hfc": {
        "dmean": 11.8323898315,
        "dmean2": 19.9145317078,
        "dvar": 738.238708496,
        "dvar2": 2071.70117188,
        "max": 307.633972168,
        "mean": 38.0001831055,
        "median": 24.904378891,
        "min": 1.07843182671e-16,
        "var": 1458.79882812
    },
    "melbands_crest": {
        "dmean": 2.58482408524,
        "dmean2": 4.13831758499,
        "dvar": 10.6010599136,
        "dvar2": 26.2674446106,
        "max": 39.6339378357,
        "mean": 18.3841915131,
        "median": 17.2215652466,
        "min": 1.70193958282,
        "var": 68.2101669312
    },
    "melbands_flatness_db": {
        "dmean": 0.0192136950791,
        "dmean2": 0.0315316170454,
        "dvar": 0.000771028921008,
        "dvar2": 0.00214633974247,
        "max": 0.67511433363,
        "mean": 0.190566450357,
        "median": 0.191637292504,
        "min": 0.00430242251605,
        "var": 0.00510228937492
    },
    "melbands_kurtosis": {
        "dmean": 5.94288349152,
        "dmean2": 9.94610404968,
        "dvar": 185.034561157,
        "dvar2": 511.809936523,
        "max": 386.409301758,
        "mean": 16.0281581879,
        "median": 11.1091842651,
        "min": -1.88463664055,
        "var": 374.820831299
    },
    "melbands_skewness": {
        "dmean": 0.581217885017,
        "dmean2": 0.959104537964,
        "dvar": 0.720915734768,
        "dvar2": 1.96039569378,
        "max": 16.0077056885,
        "mean": 2.90644335747,
        "median": 2.72251915932,
        "min": -3.56598615646,
        "var": 2.65502619743
    },
    "melbands_spread": {
        "dmean": 6.70798873901,
        "dmean2": 11.2802944183,
        "dvar": 141.888076782,
        "dvar2": 378.35446167,
        "max": 285.170288086,
        "mean": 25.0155544281,
        "median": 17.4281673431,
        "min": 0.162797540426,
        "var": 474.854003906
    },
    "pitch_salience": {
        "dmean": 0.0579701587558,
        "dmean2": 0.0946107059717,
        "dvar": 0.00478272559121,
        "dvar2": 0.0125931669027,
        "max": 0.925135850906,
        "mean": 0.521320044994,
        "median": 0.517482876778,
        "min": 0.0203160215169,
        "var": 0.0198125243187
    },
    "silence_rate_20dB": {
        "dmean": 0,
        "dmean2": 0,
        "dvar": 0,
        "dvar2": 0,
        "max": 1,
        "mean": 1,
        "median": 1,
        "min": 1,
        "var": 0
    },
    "silence_rate_30dB": {
        "dmean": 0.00139384961221,
        "dmean2": 0.00278794206679,
        "dvar": 0.00139187148307,
        "dvar2": 0.00365125830285,
        "max": 1,
        "mean": 0.998083651066,
        "median": 1,
        "min": 0,
        "var": 0.00191279489081
    },
    "silence_rate_60dB": {
        "dmean": 0.00453001121059,
        "dmean2": 0.00897368881851,
        "dvar": 0.00450911419466,
        "dvar2": 0.0108110392466,
        "max": 1,
        "mean": 0.0468641109765,
        "median": 0,
        "min": 0,
        "var": 0.0446682013571
    },
    "spectral_centroid": {
        "dmean": 240.059524536,
        "dmean2": 383.130737305,
        "dvar": 119912.929688,
        "dvar2": 300732.3125,
        "max": 11551.4648438,
        "mean": 1548.85070801,
        "median": 1259.49291992,
        "min": 103.003097534,
        "var": 1006120.5
    },
    "spectral_complexity": {
        "dmean": 4.09199428558,
        "dmean2": 6.70961856842,
        "dvar": 28.4865055084,
        "dvar2": 68.3384933472,
        "max": 71,
        "mean": 22.7155056,
        "median": 20,
        "min": 0,
        "var": 159.479568481
    },
    "spectral_decrease": {
        "dmean": 2.02627536972e-09,
        "dmean2": 3.3078817463e-09,
        "dvar": 1.14562711585e-17,
        "dvar2": 3.22760415626e-17,
        "max": 2.03130647907e-28,
        "mean": -8.18760170773e-09,
        "median": -7.52949524951e-09,
        "min": -4.34717115638e-08,
        "var": 2.43040520132e-17
    },
    "spectral_energy": {
        "dmean": 0.00817829929292,
        "dmean2": 0.013401617296,
        "dvar": 0.000190412290976,
        "dvar2": 0.000527423340827,
        "max": 0.169084593654,
        "mean": 0.034348629415,
        "median": 0.0318542048335,
        "min": 9.81664831442e-21,
        "var": 0.000410710141296
    },
    "spectral_energyband_high": {
        "dmean": 0.00105934939347,
        "dmean2": 0.00176535535138,
        "dvar": 5.60601574762e-06,
        "dvar2": 1.53173168655e-05,
        "max": 0.0315588191152,
        "mean": 0.00282813911326,
        "median": 0.00141846109182,
        "min": 7.07340074811e-21,
        "var": 1.21681205201e-05
    },
    "spectral_energyband_low": {
        "dmean": 0.00406707730144,
        "dmean2": 0.00658235838637,
        "dvar": 7.221915439e-05,
        "dvar2": 0.000216213273234,
        "max": 0.0994540974498,
        "mean": 0.0157852526754,
        "median": 0.01141612418,
        "min": 2.68448230087e-23,
        "var": 0.000235164101468
    },
    "spectral_energyband_middle_high": {
        "dmean": 0.00172196491621,
        "dmean2": 0.00299927592278,
        "dvar": 1.95301327039e-05,
        "dvar2": 5.61001543247e-05,
        "max": 0.0557812936604,
        "mean": 0.00444945972413,
        "median": 0.00292399665341,
        "min": 1.10854147329e-21,
        "var": 2.51687906712e-05
    },
    "spectral_energyband_middle_low": {
        "dmean": 0.00474114110693,
        "dmean2": 0.00778320897371,
        "dvar": 9.56164003583e-05,
        "dvar2": 0.00025443272898,
        "max": 0.108673602343,
        "mean": 0.0116231590509,
        "median": 0.00881332717836,
        "min": 1.7510813781e-22,
        "var": 0.000126588332932
    },
    "spectral_entropy": {
        "dmean": 0.124439649284,
        "dmean2": 0.202191248536,
        "dvar": 0.024120554328,
        "dvar2": 0.0657836720347,
        "max": 9.81864643097,
        "mean": 7.87015247345,
        "median": 7.88185024261,
        "min": 5.53890562057,
        "var": 0.293149232864
    },
    "spectral_flux": {
        "dmean": 0.0194645524025,
        "dmean2": 0.0304775368422,
        "dvar": 0.000948376953602,
        "dvar2": 0.00184126605745,
        "max": 0.451755702496,
        "mean": 0.0771283432841,
        "median": 0.0684472545981,
        "min": 6.35393196391e-11,
        "var": 0.00259304209612
    },
    "spectral_kurtosis": {
        "dmean": 1.02359712124,
        "dmean2": 1.72361838818,
        "dvar": 4.76690006256,
        "dvar2": 14.8219623566,
        "max": 68.0748291016,
        "mean": 4.43195486069,
        "median": 3.35106253624,
        "min": -1.26208770275,
        "var": 29.0301475525
    },
    "spectral_rms": {
        "dmean": 0.000631987350062,
        "dmean2": 0.00101144355722,
        "dvar": 8.57134637045e-07,
        "dvar2": 2.23730285143e-06,
        "max": 0.0128436982632,
        "mean": 0.0054782978259,
        "median": 0.00557469949126,
        "min": 3.09470808355e-12,
        "var": 3.49909805664e-06
    },
    "spectral_rolloff": {
        "dmean": 800.800415039,
        "dmean2": 1354.25183105,
        "dvar": 2418835.5,
        "dvar2": 6036292,
        "max": 19487.5488281,
        "mean": 2227.28564453,
        "median": 947.4609375,
        "min": 21.533203125,
        "var": 7800972
    },
    "spectral_skewness": {
        "dmean": 0.14415922761,
        "dmean2": 0.233072832227,
        "dvar": 0.0326782949269,
        "dvar2": 0.0898254364729,
        "max": 5.90449666977,
        "mean": 1.63268971443,
        "median": 1.57084274292,
        "min": -0.0650923028588,
        "var": 0.313460886478
    },
    "spectral_spread": {
        "dmean": 477736.15625,
        "dmean2": 741153.4375,
        "dvar": 487625031680,
        "dvar2": 995291758592,
        "max": 41970160,
        "mean": 6357366,
        "median": 6146276,
        "min": 935522.625,
        "var": 7.87835414118e+12
    },
    "spectral_strongpeak": {
        "dmean": 0.319067776203,
        "dmean2": 0.56274408102,
        "dvar": 0.953258812428,
        "dvar2": 2.59613251686,
        "max": 23.0691394806,
        "mean": 0.645140647888,
        "median": 0.311059057713,
        "min": 0,
        "var": 1.06321799755
    },
    "zerocrossingrate": {
        "dmean": 0.0125085329637,
        "dmean2": 0.0147943943739,
        "dvar": 0.000295984005788,
        "dvar2": 0.000407345185522,
        "max": 0.83251953125,
        "mean": 0.0876992717385,
        "median": 0.0771484375,
        "min": 0,
        "var": 0.00470233289525
    },
    "barkbands": {
        "dmean": [0.00104647246189, 0.00279230927117, 0.000674346869346, 0.00146630161908, 0.00146219728049, 0.00205672951415, 0.000569928437471, 0.000431113381637, 0.0005326080136, 0.000382087455364, 0.000438868097262, 0.000371008063667, 0.000294238445349, 0.00024780043168, 0.000269310025033, 0.000230818288401, 0.000212277445826, 0.000233886719798, 0.000165803052369, 0.000205450181966, 0.000283050321741, 0.000186427292647, 0.00015146539954, 0.000181907525985, 0.000184701828402, 0.000203951742151, 7.05140118953e-05],
        "dmean2": [0.00166878732853, 0.0042760418728, 0.00100345036481, 0.00251594278961, 0.00249494356103, 0.00348507100716, 0.000943162944168, 0.000713473127689, 0.000864551810082, 0.000656198128127, 0.000738927279599, 0.000628893263638, 0.000507021206431, 0.000426302925916, 0.00046381104039, 0.000405522383517, 0.000370335765183, 0.000405745347962, 0.000285545451334, 0.000345526321325, 0.00048166999477, 0.000319628306897, 0.000265261391178, 0.000304814981064, 0.000307255308144, 0.000333739182679, 0.000116686889669],
        "dvar": [1.31192336994e-05, 3.86474603147e-05, 6.79880940879e-06, 3.21836705552e-05, 2.04028074222e-05, 1.22750170704e-05, 2.33131845562e-06, 1.07519963422e-06, 1.27991222598e-06, 6.81800031543e-07, 7.43101850276e-07, 5.10380971264e-07, 4.36144887317e-07, 3.20493768413e-07, 3.29145649403e-07, 3.50186581954e-07, 2.61918472688e-07, 2.92628783427e-07, 1.58617623924e-07, 2.97380609027e-07, 5.69040707887e-07, 2.17921808598e-07, 1.28517427811e-07, 1.85967095945e-07, 1.62274119475e-07, 1.89314278032e-07, 2.17517595047e-08],
        "dvar2": [3.0384031561e-05, 0.000109944230644, 1.56126170623e-05, 9.00821032701e-05, 5.79523984925e-05, 3.5703433241e-05, 6.42480154056e-06, 2.95832751362e-06, 3.470947604e-06, 1.94084032046e-06, 2.07930679608e-06, 1.38810537464e-06, 1.23462530155e-06, 8.71200029451e-07, 9.04431146864e-07, 1.00135275716e-06, 7.38971095871e-07, 8.18985199658e-07, 4.26056345759e-07, 7.814358014e-07, 1.49879008404e-06, 5.81723270443e-07, 3.7184375401e-07, 5.22547281889e-07, 4.35796891907e-07, 4.75999740956e-07, 5.68134908008e-08],
        "max": [0.132320076227, 0.0847167298198, 0.052995570004, 0.0842990353703, 0.0604623481631, 0.0425654426217, 0.0299977269024, 0.0163632053882, 0.0255383718759, 0.0141446590424, 0.0174875594676, 0.0161540042609, 0.0159440170974, 0.015094823204, 0.0110086360946, 0.00895114522427, 0.0142438458279, 0.0105687854812, 0.012686656788, 0.021015740931, 0.0188717469573, 0.0121592208743, 0.00523429643363, 0.0055437120609, 0.0056220004335, 0.00720131630078, 0.00219776527956],
        "mean": [0.00346692604944, 0.0109185799956, 0.00113721785601, 0.00152058363892, 0.0024703189265, 0.00513808662072, 0.000877101731021, 0.000618548947386, 0.000859754858539, 0.00053273170488, 0.000631426344626, 0.000588170427363, 0.000457871181425, 0.000411790213548, 0.000396114977775, 0.000337861856679, 0.000308044982376, 0.000367446657037, 0.000291923148325, 0.000375245581381, 0.000499515852425, 0.000343719351804, 0.000271186698228, 0.00037332836655, 0.000453528336948, 0.000558000931051, 0.000143585304613],
        "median": [0.000653577619232, 0.00787606090307, 0.000412254972616, 0.000394209171645, 0.00120996800251, 0.00199136370793, 0.000371576752514, 0.00029046862619, 0.000463934527943, 0.000258271669736, 0.000286584487185, 0.000310312607326, 0.000235394632909, 0.000202470371732, 0.000202879222343, 0.000148414925206, 0.000155324800289, 0.000145834550494, 0.000116916562547, 0.000144958175952, 0.000163130171131, 8.4996521764e-05, 8.01416754257e-05, 0.000131653971039, 0.000153067827341, 0.000190154474694, 4.82031246065e-05],
        "min": [1.02429644238e-24, 6.60482746468e-24, 5.29123087923e-24, 2.66725665526e-24, 6.21716938294e-24, 9.72881012937e-24, 1.71720740684e-23, 1.8166333843e-23, 2.08505671793e-23, 1.71054689645e-23, 6.67787322349e-24, 2.88605835026e-23, 2.9751523009e-23, 4.15291784586e-23, 6.33493803305e-23, 7.59025554697e-23, 7.46800167041e-23, 1.33127964417e-22, 1.51805489593e-22, 1.61365663349e-22, 2.99767876047e-22, 3.40759108166e-22, 4.53079345284e-22, 6.19865694742e-22, 9.61377742243e-22, 1.34994785447e-21, 2.01819063987e-21],
        "var": [5.0689362979e-05, 0.000123471982079, 7.58134592616e-06, 2.17367123696e-05, 1.79906146514e-05, 4.51412925031e-05, 2.7297401175e-06, 1.15643695153e-06, 1.59302010161e-06, 7.4894245472e-07, 9.16583076105e-07, 7.36970321213e-07, 4.97104338137e-07, 5.33096283561e-07, 4.06293253263e-07, 3.41325232966e-07, 2.57800053305e-07, 4.3109798753e-07, 2.40434076204e-07, 5.14309135724e-07, 9.59211547524e-07, 3.56425289283e-07, 1.71382097847e-07, 2.85513834797e-07, 4.32184265264e-07, 6.27390932095e-07, 4.30883311253e-08]
    },
    "erbbands": {
        "dmean": [0.139082923532, 0.438725531101, 0.65291839838, 3.0800511837, 4.17656993866, 5.12465333939, 13.75522995, 16.6890182495, 10.1091766357, 8.11887264252, 10.6992092133, 11.2389230728, 11.6814479828, 15.4885578156, 14.6084871292, 14.450802803, 13.0232219696, 13.6141395569, 12.3827371597, 11.5854682922, 12.7042980194, 12.0525779724, 12.1288661957, 9.6122045517, 9.84085655212, 8.30936050415, 12.1683101654, 9.91058158875, 7.07432794571, 5.83109283447, 4.08491897583, 3.59439611435, 3.11254286766, 2.43195581436, 1.20272672176, 0.783544838428, 0.46299725771, 0.131349667907, 0.00936665758491, 0.000139900264912],
        "dmean2": [0.21525400877, 0.653186321259, 0.954728424549, 5.24031639099, 6.71716976166, 8.86086082458, 23.5193023682, 28.1385059357, 17.098941803, 13.3611898422, 17.2343921661, 18.6362762451, 19.6996612549, 25.644618988, 25.4519386292, 24.4535655975, 22.2874717712, 23.6236896515, 21.6989002228, 19.9300136566, 22.3628196716, 20.9644737244, 21.0581169128, 16.5937709808, 16.5212306976, 14.0509386063, 20.759141922, 17.0430011749, 11.9883880615, 10.2728595734, 7.06064987183, 6.22885036469, 5.16135787964, 4.12054395676, 1.96542048454, 1.29319787025, 0.758563101292, 0.212993696332, 0.0153033779934, 0.000226810021559],
        "dvar": [0.0925028473139, 1.16269648075, 4.77705383301, 156.360519409, 147.967956543, 341.779693604, 1002.52062988, 842.00994873, 498.506744385, 494.804656982, 530.4296875, 730.553833008, 735.079345703, 850.017578125, 1024.89758301, 799.033691406, 756.793212891, 969.593261719, 816.497070312, 806.369628906, 1022.74682617, 853.288330078, 917.38885498, 448.829223633, 621.864990234, 465.82699585, 1160.93432617, 815.784729004, 404.716644287, 184.987548828, 88.0399551392, 93.5920257568, 49.6985969543, 30.4862117767, 6.44320869446, 2.79009008408, 0.943049132824, 0.0748850703239, 0.000352003815351, 7.87465808116e-08],
        "dvar2": [0.246344909072, 3.2525241375, 10.8145580292, 432.276916504, 399.41809082, 986.56427002, 3011.50170898, 2310.33618164, 1399.74377441, 1389.99182129, 1415.21520996, 2024.74963379, 2106.51147461, 2289.3972168, 2923.15576172, 2179.87792969, 2131.41186523, 2611.0769043, 2323.61694336, 2112.84692383, 2957.34033203, 2395.90039062, 2576.67236328, 1231.64111328, 1593.60668945, 1160.3770752, 3066.61376953, 2184.76953125, 1065.44189453, 505.587341309, 252.04927063, 275.785705566, 135.763259888, 85.5375366211, 16.2635784149, 6.99524450302, 2.39236664772, 0.189225614071, 0.000902773288544, 1.99550513003e-07],
        "max": [4.89235877991, 17.5356006622, 42.544178009, 193.434432983, 150.912826538, 251.827911377, 482.236541748, 452.964019775, 498.201324463, 370.693725586, 356.078582764, 743.397521973, 546.95324707, 688.032226562, 780.419433594, 575.392944336, 557.614929199, 789.101745605, 540.065368652, 771.396911621, 485.206237793, 660.977478027, 732.338806152, 468.564697266, 624.37878418, 786.658630371, 1006.21472168, 809.432434082, 545.908813477, 254.19090271, 126.375587463, 124.398918152, 86.3597412109, 66.7088241577, 49.7212486267, 42.86460495, 13.3592147827, 3.40907025337, 0.259156703949, 0.0036733567249],
        "mean": [0.585345923901, 1.38641810417, 1.39955961704, 3.41326141357, 6.28438043594, 8.14739608765, 23.1393299103, 45.6215934753, 21.0440349579, 12.7865495682, 17.1579189301, 17.3791732788, 17.2305049896, 24.2696895599, 21.9519195557, 23.5198135376, 22.0273017883, 23.1602973938, 19.8633842468, 18.5054302216, 19.179889679, 18.3875827789, 19.8659687042, 16.5453147888, 17.7222690582, 15.6448440552, 20.184299469, 17.5713615417, 13.1077508926, 10.094660759, 7.44903898239, 6.57814836502, 6.23491001129, 5.07565784454, 3.16934657097, 2.0303633213, 1.15559089184, 0.3218498528, 0.0205527413636, 0.000369590619812],
        "median": [0.308927059174, 0.840188860893, 0.672143757343, 1.183152318, 2.67872095108, 3.53687143326, 9.53941345215, 13.5766592026, 10.7681264877, 5.82591533661, 8.58927726746, 9.69772911072, 9.21000003815, 12.7383842468, 10.4831047058, 12.4471025467, 11.9176044464, 12.6137056351, 10.293510437, 9.09665584564, 9.41997432709, 9.39282226562, 8.09435367584, 7.0914645195, 6.89856243134, 6.19642543793, 6.76436519623, 5.57752418518, 3.17660140991, 2.9228618145, 2.23786449432, 1.80253481865, 2.15541505814, 1.82063221931, 1.01626110077, 0.639360427856, 0.408709853888, 0.117994681001, 0.00687644723803, 0.000157567788847],
        "min": [7.6006249658e-23, 1.21451641621e-21, 4.72343313443e-21, 1.22093732494e-20, 1.29936729482e-20, 1.91374971712e-20, 8.6188678461e-20, 7.05901652962e-20, 1.85908235211e-19, 2.05987320797e-19, 4.70398537506e-19, 5.4332913926e-19, 8.15873673965e-19, 6.29351321773e-19, 9.05872475574e-19, 8.43167842445e-19, 1.67983332149e-18, 2.75644931718e-18, 2.64356708091e-18, 3.98765906211e-18, 3.8365968571e-18, 5.65149191882e-18, 6.24216753217e-18, 5.79627665015e-18, 8.34533503736e-18, 7.704638158e-18, 9.75098042306e-18, 1.09469793641e-17, 1.07266457458e-17, 1.28284331002e-17, 1.32132772258e-17, 1.03689190822e-17, 1.1222613315e-17, 8.45982510594e-18, 6.90895244727e-18, 4.79201238488e-18, 2.52772477882e-18, 1.03379854225e-18, 2.53152603563e-19, 2.85199499811e-20],
        "var": [0.445208370686, 3.00398087502, 6.5420460701, 106.825737, 135.568206787, 274.0730896, 1642.07019043, 4496.18554688, 757.230895996, 516.489562988, 700.265563965, 770.263183594, 749.447937012, 1200.03295898, 1207.57006836, 1146.79003906, 948.37310791, 1428.08435059, 994.669433594, 997.400756836, 994.587341309, 874.549743652, 1463.46325684, 618.005249023, 1049.17468262, 840.45690918, 1745.3984375, 1236.49035645, 633.34979248, 253.113830566, 127.180206299, 109.079833984, 80.6878814697, 51.1131629944, 24.308631897, 10.5709819794, 2.55447149277, 0.193391591311, 0.000834534119349, 2.13133745319e-07]
    },
    "gfcc": {
        "mean": [20.5235347748, 56.1303825378, -88.8245315552, 18.6523113251, -47.9679870605, 15.0704441071, -31.3684673309, 11.5720338821, -22.4617385864, 13.7126197815, -11.7646780014, 12.8830041885, -7.72947311401],
        "cov": [[23648.1757812, -3206.16357422, 705.379577637, 1382.65148926, -384.616394043, 167.152893066, -227.650405884, 568.20489502, -235.901489258, 598.895080566, -267.895965576, 469.27947998, -121.32749176], [-3206.16357422, 2485.42333984, -321.632110596, 1.93710374832, -69.3932495117, -269.472290039, -184.895141602, -313.72769165, 49.1570243835, -169.87902832, 165.802230835, -72.4313964844, 110.913078308], [705.379577637, -321.632110596, 675.661499023, 121.627655029, 92.7490539551, 51.6594161987, 11.485783577, 97.9293899536, 20.6167106628, 79.868057251, 1.69029676914, 39.6269035339, -12.6616563797], [1382.65148926, 1.93710374832, 121.627655029, 359.42175293, -10.3895082474, -4.93290996552, -4.72182512283, 5.96224308014, -5.50724363327, 7.32262706757, -21.8085479736, 15.6431026459, -6.62119626999], [-384.616394043, -69.3932495117, 92.7490539551, -10.3895082474, 153.56451416, 105.751190186, 73.1054229736, 68.2728500366, 38.9410018921, 20.3596038818, 11.9802570343, -6.41677856445, -0.00554311834276], [167.152893066, -269.472290039, 51.6594161987, -4.93290996552, 105.751190186, 244.150146484, 95.4106750488, 121.123924255, 24.1923484802, 4.21538066864, -1.45399260521, -4.06196117401, -29.7437229156], [-227.650405884, -184.895141602, 11.485783577, -4.72182512283, 73.1054229736, 95.4106750488, 130.351669312, 81.5468978882, 31.5426177979, 10.6622171402, -5.5355629921, 4.82993173599, -5.9931306839], [568.20489502, -313.72769165, 97.9293899536, 5.96224308014, 68.2728500366, 121.123924255, 81.5468978882, 163.750701904, 59.825176239, 54.2793159485, 5.22196722031, 23.4779682159, -8.33273887634], [-235.901489258, 49.1570243835, 20.6167106628, -5.50724363327, 38.9410018921, 24.1923484802, 31.5426177979, 59.825176239, 95.7667999268, 47.0986099243, 43.9163894653, 17.994134903, 21.5593452454], [598.895080566, -169.87902832, 79.868057251, 7.32262706757, 20.3596038818, 4.21538066864, 10.6622171402, 54.2793159485, 47.0986099243, 109.276603699, 38.5018310547, 42.5122756958, 16.143245697], [-267.895965576, 165.802230835, 1.69029676914, -21.8085479736, 11.9802570343, -1.45399260521, -5.5355629921, 5.22196722031, 43.9163894653, 38.5018310547, 107.43170166, 50.8255195618, 41.9497795105], [469.27947998, -72.4313964844, 39.6269035339, 15.6431026459, -6.41677856445, -4.06196117401, 4.82993173599, 23.4779682159, 17.994134903, 42.5122756958, 50.8255195618, 91.8436965942, 44.8521881104], [-121.32749176, 110.913078308, -12.6616563797, -6.62119626999, -0.00554311834276, -29.7437229156, -5.9931306839, -8.33273887634, 21.5593452454, 16.143245697, 41.9497795105, 44.8521881104, 73.7274398804]],
        "icov": [[0.000150601554196, 1.1824295143e-05, 0.000142193515785, -0.000503929564729, 0.000252087775152, -0.000149888423039, 0.000649338762742, -0.000790375343058, 0.000792609644122, -0.000877996964846, 0.000541375309695, -0.000697621086147, 0.00018904764147], [1.1824295143e-05, 0.00102857034653, 0.000127764011268, -0.000364695355529, -0.000405226746807, 0.000483386567794, 0.000677078205626, 0.001091606915, -0.00147114624269, 0.00183073198423, -0.00197849981487, 0.00138974422589, -0.00085568393115], [0.000142193515785, 0.000127764011268, 0.00227203126997, -0.00113445625175, -0.00166099972557, 0.000465661141789, 0.0019017031882, -0.00195693760179, 0.00141274696216, -0.00145510584116, 0.000550579105038, -0.00147562194616, 0.000941165664699], [-0.000503929564729, -0.000364695355529, -0.00113445625175, 0.00489536952227, -0.000201082482818, 0.000176244648173, -0.00245306361467, 0.00280738761649, -0.00278539163992, 0.00248485920019, -2.53406633419e-05, 0.000773472886067, -3.2559823012e-05], [0.000252087775152, -0.000405226746807, -0.00166099972557, -0.000201082482818, 0.013863821514, -0.00481456099078, -0.00398119818419, -0.000229047422181, -0.000223087059567, -0.00347441411577, 0.000480975286337, 0.00291567505337, -0.00279109273106], [-0.000149888423039, 0.000483386567794, 0.000465661141789, 0.000176244648173, -0.00481456099078, 0.0102166617289, -0.001807595836, -0.00540065858513, 0.00141103961505, 0.00460093328729, -0.00400905637071, 0.000974782335106, 0.00275400537066], [0.000649338762742, 0.000677078205626, 0.0019017031882, -0.00245306361467, -0.00398119818419, -0.001807595836, 0.0178526379168, -0.00733654526994, 0.00103309971746, -0.00101394904777, 0.00361062167212, -0.00472415331751, 0.000788235862274], [-0.000790375343058, 0.001091606915, -0.00195693760179, 0.00280738761649, -0.000229047422181, -0.00540065858513, -0.00733654526994, 0.0241683349013, -0.0143149644136, 0.0019816623535, -5.66940143472e-05, 0.00112164765596, 3.15459437843e-05], [0.000792609644122, -0.00147114624269, 0.00141274696216, -0.00278539163992, -0.000223087059567, 0.00141103961505, 0.00103309971746, -0.0143149644136, 0.02822445333, -0.0117233190686, -0.00228938739747, 0.000523660506587, -0.00215712864883], [-0.000877996964846, 0.00183073198423, -0.00145510584116, 0.00248485920019, -0.00347441411577, 0.00460093328729, -0.00101394904777, 0.0019816623535, -0.0117233190686, 0.0249885711819, -0.00899347104132, 0.00133194215596, 3.52788410964e-05], [0.000541375309695, -0.00197849981487, 0.000550579105038, -2.53406633419e-05, 0.000480975286337, -0.00400905637071, 0.00361062167212, -5.66940143472e-05, -0.00228938739747, -0.00899347104132, 0.0245552435517, -0.0136655792594, -0.000390096567571], [-0.000697621086147, 0.00138974422589, -0.00147562194616, 0.000773472886067, 0.00291567505337, 0.000974782335106, -0.00472415331751, 0.00112164765596, 0.000523660506587, 0.00133194215596, -0.0136655792594, 0.0300611946732, -0.0142434649169], [0.00018904764147, -0.00085568393115, 0.000941165664699, -3.2559823012e-05, -0.00279109273106, 0.00275400537066, 0.000788235862274, 3.15459437843e-05, -0.00215712864883, 3.52788410964e-05, -0.000390096567571, -0.0142434649169, 0.0260090660304]]
    },
    "melbands": {
        "dmean": [0.000996237271465, 0.000354848511051, 0.000571313255932, 0.000298920582281, 0.000412393885199, 0.000366916152416, 0.000153610322741, 8.70822696015e-05, 9.22168037505e-05, 7.22516415408e-05, 5.95851561229e-05, 6.21745857643e-05, 5.43021851627e-05, 3.89726010326e-05, 4.03421763622e-05, 2.9456030461e-05, 2.62680969172e-05, 1.95938391698e-05, 2.11848655454e-05, 1.55119141709e-05, 1.51782032844e-05, 1.41316995723e-05, 1.08848043965e-05, 1.21011707961e-05, 8.09498123999e-06, 7.36537549528e-06, 8.15038947621e-06, 5.89756473346e-06, 7.96071162767e-06, 7.77491095505e-06, 5.60832131669e-06, 4.59789407614e-06, 3.93465415982e-06, 3.35048002853e-06, 2.4436685635e-06, 2.56896737483e-06, 2.23675510824e-06, 2.05568198908e-06, 2.86960585072e-06, 2.00881754608e-06],
        "dmean2": [0.0015373439528, 0.000545116083231, 0.00095801387215, 0.000488463381771, 0.000711765140295, 0.000619991275016, 0.000257950014202, 0.00014410293079, 0.000147523649503, 0.000118919328088, 0.000100503952126, 0.000103052720078, 9.38228549785e-05, 6.72926544212e-05, 6.80152952555e-05, 5.05123389303e-05, 4.54693035863e-05, 3.44398613379e-05, 3.6088633351e-05, 2.71040898951e-05, 2.66925344476e-05, 2.47192710958e-05, 1.8765202185e-05, 2.12268787436e-05, 1.39183457577e-05, 1.26125623865e-05, 1.35395457619e-05, 1.00325669337e-05, 1.36319049489e-05, 1.32457071231e-05, 9.67861979007e-06, 7.79386300565e-06, 6.83777079757e-06, 5.89493856751e-06, 4.23385472459e-06, 4.45379919256e-06, 3.88469288737e-06, 3.40952078659e-06, 4.80276366943e-06, 3.43620763488e-06],
        "dvar": [4.67934023618e-06, 8.37523145947e-07, 4.69373208034e-06, 7.96690983407e-07, 1.04128901057e-06, 3.93758227801e-07, 1.10688702648e-07, 5.58886199542e-08, 3.60042093916e-08, 2.81179559636e-08, 1.86477446817e-08, 1.38900517754e-08, 1.35901352394e-08, 6.70945787817e-09, 5.99638561027e-09, 4.44818581968e-09, 3.76844200289e-09, 2.20593565636e-09, 1.93786653391e-09, 1.7294299326e-09, 1.30747312976e-09, 1.13497145016e-09, 7.03131053381e-10, 8.49063097608e-10, 3.06667219396e-10, 3.46515455218e-10, 5.04285557756e-10, 2.79291756389e-10, 4.50174869604e-10, 5.37801414513e-10, 2.4821761313e-10, 2.17923235013e-10, 1.17801615684e-10, 5.85927348307e-11, 2.81083732678e-11, 3.7368236977e-11, 3.74303747719e-11, 1.99582902288e-11, 3.71252889542e-11, 2.01683791196e-11],
        "dvar2": [1.29075278892e-05, 2.09764698411e-06, 1.29990894493e-05, 2.18738659896e-06, 3.09055189973e-06, 1.09660254566e-06, 3.10840704287e-07, 1.57721331107e-07, 9.41399207477e-08, 7.77880160285e-08, 5.33206403475e-08, 3.766370682e-08, 3.89137824186e-08, 1.82072348309e-08, 1.65078883896e-08, 1.23987309308e-08, 1.02198738361e-08, 6.31824681463e-09, 5.16667331141e-09, 4.7089554478e-09, 3.76563225046e-09, 3.18718074155e-09, 1.86098225718e-09, 2.37507835621e-09, 8.23969170671e-10, 8.95606255824e-10, 1.26115318189e-09, 6.78866074466e-10, 1.21946286402e-09, 1.39104960883e-09, 6.80383416274e-10, 5.6241750146e-10, 3.13468695445e-10, 1.64751309817e-10, 7.94338414489e-11, 1.07882869305e-10, 1.10903487782e-10, 5.29367487345e-11, 1.01503305761e-10, 5.7452431701e-11],
        "max": [0.0303030814976, 0.0159273594618, 0.0328673645854, 0.011707091704, 0.0129842031747, 0.00907982606441, 0.00704753631726, 0.00398728391156, 0.00281553179957, 0.00439878832549, 0.00271466071717, 0.00270036421716, 0.00239711790346, 0.00200357055292, 0.00233864993788, 0.00178131833673, 0.00168228067923, 0.00100024009589, 0.00113837257959, 0.000916018907446, 0.00053509499412, 0.0005787461414, 0.000916856806725, 0.000697393494193, 0.000409471715102, 0.000490842619911, 0.000620089704171, 0.000528708798811, 0.000665061292239, 0.000687455525622, 0.000376902113203, 0.000424288096838, 0.000396971445298, 0.000143162091263, 9.34277268243e-05, 7.87489116192e-05, 8.47130067996e-05, 5.36110637768e-05, 7.43290802347e-05, 5.50201366423e-05],
        "mean": [0.00413795048371, 0.00106499611866, 0.000694091373589, 0.000491823826451, 0.000680345343426, 0.00098468712531, 0.000324911059579, 0.000131540989969, 0.000146839374793, 0.000110401757411, 8.46037073643e-05, 9.50975081651e-05, 7.86027376307e-05, 5.97648177063e-05, 6.11704672338e-05, 4.57635687781e-05, 4.22709672421e-05, 2.96148627967e-05, 3.13330310746e-05, 2.20829861064e-05, 2.13995244849e-05, 1.94034782908e-05, 1.70170605998e-05, 1.72644759004e-05, 1.28191195472e-05, 1.20200356832e-05, 1.32780278363e-05, 9.66569041339e-06, 1.21605335153e-05, 1.23994486785e-05, 9.23593870539e-06, 7.61680075811e-06, 6.26526843917e-06, 5.33057391294e-06, 4.13388079323e-06, 4.37842345491e-06, 3.78942240786e-06, 3.81707377528e-06, 5.461712135e-06, 3.88599619328e-06],
        "median": [0.00266742240638, 0.000583932735026, 0.000261828652583, 0.00021933230164, 0.000287113129161, 0.000323585409205, 0.000163957782206, 5.99520644755e-05, 7.05674319761e-05, 5.93570948695e-05, 4.34795038018e-05, 4.90136881126e-05, 3.61607453669e-05, 2.9418435588e-05, 3.22111227433e-05, 2.35976604017e-05, 2.16165881284e-05, 1.4004717741e-05, 1.52817428898e-05, 8.93918968359e-06, 1.02155645436e-05, 9.7063193607e-06, 6.79063259668e-06, 6.67617359795e-06, 5.35647723154e-06, 4.7073854148e-06, 4.67605559606e-06, 3.7713234633e-06, 3.81380118597e-06, 4.27570194006e-06, 2.81794973489e-06, 1.8450183461e-06, 1.47793753058e-06, 1.62421918048e-06, 1.12273301056e-06, 1.32071409098e-06, 8.95604557627e-07, 1.08057099624e-06, 2.12290501622e-06, 1.29838190333e-06],
        "min": [1.80466880983e-24, 2.17197428022e-24, 2.54897563999e-24, 1.25262039849e-24, 2.53225731083e-24, 1.95508683509e-24, 2.83518699818e-24, 2.71404912314e-24, 3.44318142492e-24, 2.87268274029e-24, 3.95447097102e-24, 2.23452168089e-24, 2.36069879939e-24, 3.1546563377e-24, 2.10080107998e-24, 3.05754401039e-24, 3.97507996217e-24, 3.14904359236e-24, 4.61622232415e-24, 5.46207054117e-24, 3.64576682184e-24, 4.66329759867e-24, 3.27940049037e-24, 4.99940874785e-24, 4.357066134e-24, 4.59267167069e-24, 5.15795282929e-24, 5.12596491402e-24, 4.99617599586e-24, 5.50007864844e-24, 5.46772351841e-24, 4.57976038425e-24, 5.23664209902e-24, 7.14721469652e-24, 6.77535592099e-24, 5.17134926518e-24, 5.89019482076e-24, 7.04380528703e-24, 6.20302747349e-24, 5.88102076286e-24],
        "var": [1.93788619072e-05, 1.89324521216e-06, 3.2975231079e-06, 7.92124069449e-07, 1.40205611388e-06, 1.93122446035e-06, 1.78139174523e-07, 5.50770167251e-08, 5.06736981265e-08, 3.05831200365e-08, 1.8990926165e-08, 1.91623481527e-08, 1.55257904311e-08, 8.92887985771e-09, 8.15683520727e-09, 4.98875696309e-09, 5.60302160224e-09, 2.66305555385e-09, 2.76285039291e-09, 1.76911263416e-09, 1.30576649493e-09, 1.05834718767e-09, 1.21067444958e-09, 1.03785235961e-09, 4.17501033745e-10, 5.22005161319e-10, 8.16265943726e-10, 4.44755399176e-10, 6.3661392824e-10, 8.10026379305e-10, 3.65657559787e-10, 2.89810314635e-10, 1.50741322202e-10, 7.39914449155e-11, 4.19143678099e-11, 4.65668302529e-11, 4.01835752173e-11, 3.38198184735e-11, 5.86842657802e-11, 3.23300552996e-11]
    },
    "mfcc": {
        "mean": [-628.124755859, 100.872329712, 12.8649978638, 15.4978694916, 5.55415248871, 7.23472976685, 5.20596027374, 1.51128423214, 1.72085535526, -0.0477903038263, 2.12267708778, 4.34899711609, 3.55676627159],
        "cov": [[11030.6865234, -368.681732178, 167.091934204, 358.983520508, 109.45009613, 66.6530609131, 98.7241897583, -16.2795276642, 213.626861572, 66.7172088623, 121.38596344, 35.6813812256, 50.5414733887], [-368.681732178, 1659.78198242, 114.193321228, 248.775619507, 61.5741844177, -17.1394100189, -162.019393921, -119.574203491, -181.642166138, -93.6708679199, -83.6923370361, 33.6373329163, 9.18464660645], [167.091934204, 114.193321228, 334.223236084, 101.922714233, 92.504234314, 5.98943662643, 21.087677002, -0.0305996444076, 15.9432020187, -3.04782986641, 17.6604766846, 27.853849411, 12.6517753601], [358.983520508, 248.775619507, 101.922714233, 281.121154785, 12.2110261917, 9.69216918945, -49.9921417236, -46.8385467529, -15.3340091705, -35.5150642395, -13.5823965073, -5.61971330643, -1.14330673218], [109.45009613, 61.5741844177, 92.504234314, 12.2110261917, 134.409347534, 38.6679573059, 44.231136322, 39.6449584961, 28.3750953674, 41.4895858765, 22.6832485199, 30.0973415375, 16.2600803375], [66.6530609131, -17.1394100189, 5.98943662643, 9.69216918945, 38.6679573059, 89.560256958, 49.9412460327, 43.1960487366, 18.4526309967, 19.732793808, 10.647685051, -1.06009697914, 3.14681077003], [98.7241897583, -162.019393921, 21.087677002, -49.9921417236, 44.231136322, 49.9412460327, 119.403114319, 77.959854126, 54.6579017639, 38.7631721497, 25.2799110413, 17.6404781342, 7.57471704483], [-16.2795276642, -119.574203491, -0.0305996444076, -46.8385467529, 39.6449584961, 43.1960487366, 77.959854126, 135.410308838, 59.5993003845, 45.1225738525, 25.2436466217, 19.3605728149, 10.5903930664], [213.626861572, -181.642166138, 15.9432020187, -15.3340091705, 28.3750953674, 18.4526309967, 54.6579017639, 59.5993003845, 109.962097168, 59.6418304443, 37.6836433411, 13.5707349777, 9.22297763824], [66.7172088623, -93.6708679199, -3.04782986641, -35.5150642395, 41.4895858765, 19.732793808, 38.7631721497, 45.1225738525, 59.6418304443, 95.5601196289, 46.4507102966, 18.9664402008, 15.7273311615], [121.38596344, -83.6923370361, 17.6604766846, -13.5823965073, 22.6832485199, 10.647685051, 25.2799110413, 25.2436466217, 37.6836433411, 46.4507102966, 71.593963623, 31.1036434174, 22.1670589447], [35.6813812256, 33.6373329163, 27.853849411, -5.61971330643, 30.0973415375, -1.06009697914, 17.6404781342, 19.3605728149, 13.5707349777, 18.9664402008, 31.1036434174, 67.9182052612, 33.8239707947], [50.5414733887, 9.18464660645, 12.6517753601, -1.14330673218, 16.2600803375, 3.14681077003, 7.57471704483, 10.5903930664, 9.22297763824, 15.7273311615, 22.1670589447, 33.8239707947, 61.0171508789]],
