{
"lowlevel": {
    "average_loudness": 0.54539000988,
    "barkbands_crest": {
        "dmean": 3.10036563873,
        "dmean2": 4.80521440506,
        "dvar": 12.1843156815,
        "dvar2": 27.2435932159,
        "max": 26.7213249207,
        "mean": 11.448636055,
        "median": 9.86425018311,
        "min": 1.76894044876,
        "var": 39.4513168335
    },
    "barkbands_flatness_db": {
        "dmean": 0.0325800664723,
        "dmean2": 0.0478861480951,
        "dvar": 0.00158445653506,
        "dvar2": 0.00305411685258,
        "max": 0.752517580986,
        "mean": 0.114181056619,
        "median": 0.090150013566,
        "min": 0.0105988746509,
        "var": 0.00556052476168
    },
    "barkbands_kurtosis": {
        "dmean": 11.788819313,
        "dmean2": 17.7221717834,
        "dvar": 6680.35986328,
        "dvar2": 15831.4404297,
        "max": 6075.30810547,
        "mean": 13.9288730621,
        "median": 1.3573307991,
        "min": -1.92614996433,
        "var": 6606.93310547
    },
    "barkbands_skewness": {
        "dmean": 1.16722786427,
        "dmean2": 1.68380486965,
        "dvar": 2.80937600136,
        "dvar2": 5.6913228035,
        "max": 51.7118721008,
        "mean": 2.22006893158,
        "median": 1.46169185638,
        "min": -3.68659281731,
        "var": 8.13640117645
    },
    "barkbands_spread": {
        "dmean": 12.1427707672,
        "dmean2": 19.2497291565,
        "dvar": 194.374282837,
        "dvar2": 415.785522461,
        "max": 111.90599823,
        "mean": 37.9856452942,
        "median": 37.7972755432,
        "min": 0.0306758116931,
        "var": 532.875183105
    },
    "dissonance": {
        "dmean": 0.00841882172972,
        "dmean2": 0.0137476231903,
        "dvar": 7.25511708879e-05,
        "dvar2": 0.00019504892407,
        "max": 0.500000178814,
        "mean": 0.483136117458,
        "median": 0.485871851444,
        "min": 0.369117587805,
        "var": 0.000148299383
    },
    "dynamic_complexity": 6.58429861069,
    "erbbands_crest": {
        "dmean": 2.29819631577,
        "dmean2": 3.7097363472,
        "dvar": 8.91498374939,
        "dvar2": 19.8844604492,
        "max": 27.7711582184,
        "mean": 7.00832653046,
        "median": 5.69288921356,
        "min": 2.18117022514,
        "var": 16.0990467072
    },
    "erbbands_flatness_db": {
        "dmean": 0.0131278401241,
        "dmean2": 0.0201415400952,
        "dvar": 0.000250395212788,
        "dvar2": 0.000547481351532,
        "max": 0.41013661027,
        "mean": 0.100737586617,
        "median": 0.0875150114298,
        "min": 0.0487193055451,
        "var": 0.0013766848715
    },
    "erbbands_kurtosis": {
        "dmean": 1.15447902679,
        "dmean2": 1.88807809353,
        "dvar": 22.4397678375,
        "dvar2": 40.0612792969,
        "max": 366.733673096,
        "mean": 0.406024992466,
        "median": -0.488328695297,
        "min": -1.87791013718,
        "var": 66.3972091675
    },
    "erbbands_skewness": {
        "dmean": 0.454494178295,
        "dmean2": 0.653030335903,
        "dvar": 0.410654217005,
        "dvar2": 0.859686493874,
        "max": 15.9260454178,
        "mean": -0.284849852324,
        "median": -0.352439850569,
        "min": -3.60583233833,
        "var": 0.954828023911
    },
    "erbbands_spread": {
        "dmean": 14.7164506912,
        "dmean2": 23.1501541138,
        "dvar": 273.480529785,
        "dvar2": 692.509338379,
        "max": 188.227539062,
        "mean": 64.7182693481,
        "median": 59.9146461487,
        "min": 1.11013352871,
        "var": 775.882873535
    },
    "hfc": {
        "dmean": 2.74719715118,
        "dmean2": 3.96983885765,
        "dvar": 32.280796051,
        "dvar2": 71.2527236938,
        "max": 69.5630722046,
        "mean": 8.49732303619,
        "median": 5.878221035,
        "min": 1.12666578702e-16,
        "var": 101.97718811
    },
    "melbands_crest": {
        "dmean": 4.07982110977,
        "dmean2": 6.56025028229,
        "dvar": 18.4734611511,
        "dvar2": 44.107925415,
        "max": 35.9007720947,
        "mean": 18.519329071,
        "median": 18.2182636261,
        "min": 1.74006307125,
        "var": 64.8551254272
    },
    "melbands_flatness_db": {
        "dmean": 0.0420845635235,
        "dmean2": 0.0621982701123,
        "dvar": 0.00263815117069,
        "dvar2": 0.00532664172351,
        "max": 0.899829745293,
        "mean": 0.180925264955,
        "median": 0.161472916603,
        "min": 0.0052216318436,
        "var": 0.00984875112772
    },
    "melbands_kurtosis": {
        "dmean": 41.9951705933,
        "dmean2": 60.6635284424,
        "dvar": 7546.66162109,
        "dvar2": 13394.0019531,
        "max": 1644.43212891,
        "mean": 67.8902130127,
        "median": 14.8476524353,
        "min": -1.88851976395,
        "var": 22617.8378906
    },
    "melbands_skewness": {
        "dmean": 1.87869048119,
        "dmean2": 2.73766756058,
        "dvar": 7.08908081055,
        "dvar2": 13.5129652023,
        "max": 35.0257949829,
        "mean": 5.30313539505,
        "median": 3.67561435699,
        "min": -2.83453917503,
        "var": 24.2864303589
    },
    "melbands_spread": {
        "dmean": 14.2465524673,
        "dmean2": 22.9739875793,
        "dvar": 394.041320801,
        "dvar2": 963.122619629,
        "max": 229.480773926,
        "mean": 34.7815589905,
        "median": 24.6063041687,
        "min": 0.0948247089982,
        "var": 1239.54614258
    },
    "pitch_salience": {
        "dmean": 0.101069159806,
        "dmean2": 0.156088426709,
        "dvar": 0.011790486984,
        "dvar2": 0.0254081450403,
        "max": 0.94239795208,
        "mean": 0.491883784533,
        "median": 0.534640729427,
        "min": 0.0214465744793,
        "var": 0.0377027839422
    },
    "silence_rate_20dB": {
        "dmean": 0,
        "dmean2": 0,
        "dvar": 0,
        "dvar2": 0,
        "max": 1,
        "mean": 1,
        "median": 1,
        "min": 1,
        "var": 0
    },
    "silence_rate_30dB": {
        "dmean": 0.028771776706,
        "dmean2": 0.0575477145612,
        "dvar": 0.0279417522252,
        "dvar2": 0.0753417685628,
        "max": 1,
        "mean": 0.981783986092,
        "median": 1,
        "min": 0,
        "var": 0.017885459587
    },
    "silence_rate_60dB": {
        "dmean": 0.0571098104119,
        "dmean2": 0.114227876067,
        "dvar": 0.0538379065692,
        "dvar2": 0.114925265312,
        "max": 1,
        "mean": 0.385282635689,
        "median": 0,
        "min": 0,
        "var": 0.236849948764
    },
    "spectral_centroid": {
        "dmean": 440.24798584,
        "dmean2": 678.38885498,
        "dvar": 268355.5,
        "dvar2": 607291.3125,
        "max": 11303.5039062,
        "mean": 1962.0637207,
        "median": 1875.58239746,
        "min": 51.8654251099,
        "var": 991454.9375
    },
    "spectral_complexity": {
        "dmean": 2.23725867271,
        "dmean2": 3.84412956238,
        "dvar": 14.7652950287,
        "dvar2": 39.0418014526,
        "max": 45,
        "mean": 6.60633230209,
        "median": 6,
        "min": 0,
        "var": 36.5194664001
    },
    "spectral_decrease": {
        "dmean": 2.44498110646e-09,
        "dmean2": 3.50424866902e-09,
        "dvar": 2.51580101165e-17,
        "dvar2": 4.94538862765e-17,
        "max": 9.35054034328e-29,
        "mean": -4.03951405659e-09,
        "median": -1.16407128381e-09,
        "min": -4.43793766181e-08,
        "var": 4.86671283262e-17
    },
    "spectral_energy": {
        "dmean": 0.00933513045311,
        "dmean2": 0.0132692940533,
        "dvar": 0.000358033750672,
        "dvar2": 0.000694937712979,
        "max": 0.169607102871,
        "mean": 0.0160167664289,
        "median": 0.00500935688615,
        "min": 1.03100518563e-20,
        "var": 0.0007266025641
    },
    "spectral_energyband_high": {
        "dmean": 0.000319065555232,
        "dmean2": 0.00052305374993,
        "dvar": 6.16418503796e-07,
        "dvar2": 1.6602263031e-06,
        "max": 0.00731779448688,
        "mean": 0.000622496241704,
        "median": 0.000407310493756,
        "min": 7.35993320424e-21,
        "var": 6.8328222369e-07
    },
    "spectral_energyband_low": {
        "dmean": 0.00503843510523,
        "dmean2": 0.00776281440631,
        "dvar": 0.000132201545057,
        "dvar2": 0.00029221031582,
        "max": 0.166423603892,
        "mean": 0.00824502762407,
        "median": 0.00174653343856,
        "min": 2.07179517726e-23,
        "var": 0.000243769973167
    },
    "spectral_energyband_middle_high": {
        "dmean": 0.000235763858655,
        "dmean2": 0.000408034655266,
        "dvar": 1.98585155431e-07,
        "dvar2": 5.38112203685e-07,
        "max": 0.0062266192399,
        "mean": 0.000658707052935,
        "median": 0.000540871813428,
        "min": 1.40870362833e-21,
        "var": 3.98929984158e-07
    },
    "spectral_energyband_middle_low": {
        "dmean": 0.00564901158214,
        "dmean2": 0.00791051611304,
        "dvar": 0.000292600976536,
        "dvar2": 0.000583899556659,
        "max": 0.145112484694,
        "mean": 0.00682714721188,
        "median": 0.000850824988447,
        "min": 1.64621210263e-22,
        "var": 0.000447864091257
    },
    "spectral_entropy": {
        "dmean": 0.194594070315,
        "dmean2": 0.283637017012,
        "dvar": 0.07319919765,
        "dvar2": 0.160826012492,
        "max": 9.81557655334,
        "mean": 8.08093643188,
        "median": 8.17093467712,
        "min": 3.53455734253,
        "var": 0.147870719433
    },
    "spectral_flux": {
        "dmean": 0.0246223062277,
        "dmean2": 0.0386494286358,
        "dvar": 0.00147498806473,
        "dvar2": 0.00341497617774,
        "max": 0.359163463116,
        "mean": 0.056836090982,
        "median": 0.0348259881139,
        "min": 6.64154772845e-11,
        "var": 0.00369551288895
    },
    "spectral_kurtosis": {
        "dmean": 0.561566531658,
        "dmean2": 0.909885168076,
        "dvar": 0.459372192621,
        "dvar2": 1.06085443497,
        "max": 31.5598258972,
        "mean": 2.10364580154,
        "median": 1.97635531425,
        "min": -1.22585701942,
        "var": 1.79127156734
    },
    "spectral_rms": {
        "dmean": 0.000864759844262,
        "dmean2": 0.0011995601235,
        "dvar": 1.82340124866e-06,
        "dvar2": 3.1481113183e-06,
        "max": 0.0128635270521,
        "mean": 0.00297741778195,
        "median": 0.00221069622785,
        "min": 3.17152749375e-12,
        "var": 6.76105310049e-06
    },
    "spectral_rolloff": {
        "dmean": 1248.69763184,
        "dmean2": 2144.05078125,
        "dvar": 3174936.75,
        "dvar2": 7259737.5,
        "max": 18863.0859375,
        "mean": 3113.81152344,
        "median": 2174.85351562,
        "min": 21.533203125,
        "var": 10270213
    },
    "spectral_skewness": {
        "dmean": 0.135720908642,
        "dmean2": 0.212245762348,
        "dvar": 0.0229988433421,
        "dvar2": 0.0550430007279,
        "max": 5.0855717659,
        "mean": 1.17568814754,
        "median": 1.21044170856,
        "min": -0.0443275049329,
        "var": 0.0908711627126
    },
    "spectral_spread": {
        "dmean": 593182.5,
        "dmean2": 920222.1875,
        "dvar": 513470234624,
        "dvar2": 1.20936425062e+12,
        "max": 41906764,
        "mean": 6983253,
        "median": 6859066,
        "min": 2336731.5,
        "var": 2.58047475712e+12
    },
    "spectral_strongpeak": {
        "dmean": 0.221068546176,
        "dmean2": 0.335132241249,
        "dvar": 0.183025926352,
        "dvar2": 0.380555570126,
        "max": 7.36012077332,
        "mean": 0.396866500378,
        "median": 0.181942865252,
        "min": 0,
        "var": 0.502600550652
    },
    "zerocrossingrate": {
        "dmean": 0.0217027999461,
        "dmean2": 0.0263042114675,
        "dvar": 0.000497153378092,
        "dvar2": 0.000680315948557,
        "max": 0.775390625,
        "mean": 0.111755132675,
        "median": 0.0947265625,
        "min": 0,
        "var": 0.00562522513792
    },
    "barkbands": {
        "dmean": [0.000151681786519, 0.00301149766892, 0.00272781448439, 0.000863429333549, 0.00496759312227, 7.49246682972e-05, 8.00207344582e-05, 3.8860431232e-05, 2.70301807177e-05, 2.65972194029e-05, 2.62990724877e-05, 2.08197161555e-05, 2.16457174247e-05, 2.3139618861e-05, 2.47867137659e-05, 4.72933570563e-05, 5.71545315324e-05, 3.99958844355e-05, 4.23356614192e-05, 5.2684059483e-05, 5.97807920713e-05, 7.52900450607e-05, 6.30539216218e-05, 5.20376415807e-05, 4.25461003033e-05, 3.02966818708e-05, 5.76467346036e-06],
        "dmean2": [0.000222067450522, 0.00441867858171, 0.00449443934485, 0.0015591357369, 0.00676892045885, 0.000126103725052, 0.000137872106279, 6.49406938464e-05, 4.26916922152e-05, 4.37971211795e-05, 4.37907910964e-05, 3.54244948539e-05, 3.64624575013e-05, 3.98202901124e-05, 4.25543075835e-05, 8.15234670881e-05, 9.71882182057e-05, 6.91817331244e-05, 7.36224392313e-05, 9.51908659772e-05, 9.93677240331e-05, 0.000124993777717, 0.000104244660179, 8.71798110893e-05, 6.96606002748e-05, 5.03230912727e-05, 9.24852702155e-06],
        "dvar": [1.51259229142e-07, 4.91031205456e-05, 5.14957064297e-05, 8.01878286438e-06, 0.000276872655377, 2.69760409566e-08, 2.18786730954e-08, 7.07281433421e-09, 1.94504412576e-09, 2.40267095108e-09, 2.03187022763e-09, 8.9877888465e-10, 1.22844301398e-09, 1.40016997996e-09, 1.68935077038e-09, 6.02149929918e-09, 7.92377008452e-09, 3.5880263205e-09, 9.75852287866e-09, 1.27679813389e-08, 2.06370494027e-08, 2.86825816431e-08, 1.91237852221e-08, 1.69932494742e-08, 7.2692443176e-09, 4.91270979452e-09, 1.55088289433e-10],
        "dvar2": [3.13594000545e-07, 9.87261882983e-05, 0.000128816158394, 2.28643384617e-05, 0.000553725345526, 7.09115397513e-08, 6.75379467907e-08, 1.9930340045e-08, 4.8881152459e-09, 6.48981846041e-09, 5.31896748868e-09, 2.49520448747e-09, 3.22799742491e-09, 3.92928578563e-09, 4.60552707082e-09, 1.62762550104e-08, 2.09869082113e-08, 9.91951321083e-09, 2.6060563485e-08, 3.72560755579e-08, 5.58933663797e-08, 7.65032055483e-08, 5.13377749201e-08, 4.56368880464e-08, 1.92856699499e-08, 1.29647803604e-08, 3.72080949385e-10],
        "max": [0.00485777715221, 0.134420633316, 0.116796068847, 0.0339969843626, 0.139906555414, 0.00256199925207, 0.0021011470817, 0.00158871186431, 0.000872896809597, 0.000961240613833, 0.000780592672527, 0.000451482046628, 0.000659508048557, 0.000488503603265, 0.000528740289155, 0.00128912122454, 0.00130986503791, 0.000893853604794, 0.00116212316789, 0.00107114377897, 0.00170435535256, 0.00176726782229, 0.00132792489603, 0.00130557117518, 0.000931344402488, 0.000771291961428, 0.000136404793011],
        "mean": [0.000185834971489, 0.00484387250617, 0.00289028184488, 0.000778638059273, 0.00562701141462, 0.000124631347717, 0.00015343267296, 6.64523831801e-05, 5.66848320886e-05, 4.83613621327e-05, 4.61536983494e-05, 3.90649838664e-05, 4.17351402575e-05, 3.94808339479e-05, 4.63369033241e-05, 9.65311191976e-05, 0.000127662904561, 7.90369667811e-05, 6.81695164531e-05, 7.83599462011e-05, 0.000103888902231, 0.000121735436551, 0.000107536914584, 7.73704232415e-05, 9.28570807446e-05, 6.66397681925e-05, 8.94546155905e-06],
        "median": [1.43145261973e-05, 0.000510278856382, 0.000508886063471, 0.000163226606674, 0.00017853549798, 5.67747483728e-05, 6.7300919909e-05, 2.84873131022e-05, 2.88760347757e-05, 2.84866255242e-05, 2.49658041866e-05, 2.41977868427e-05, 2.22657217819e-05, 2.29050237976e-05, 3.04702662106e-05, 5.27702213731e-05, 6.16601610091e-05, 5.60639091418e-05, 3.94052476622e-05, 4.41841220891e-05, 5.54947837372e-05, 6.90449596732e-05, 7.00515083736e-05, 4.05095634051e-05, 5.44567010365e-05, 4.19353345933e-05, 3.73109469365e-06],
        "min": [1.08214824712e-24, 5.5242832676e-24, 4.95931134247e-24, 1.68658934853e-24, 8.48331314486e-24, 2.31158806652e-23, 2.46047230951e-23, 1.655046903e-23, 2.12152370654e-23, 2.39501673368e-23, 3.33546041728e-23, 2.15997404924e-23, 4.62167982167e-23, 6.54780047318e-23, 1.02306695533e-22, 9.81031713136e-23, 6.87933409918e-23, 7.41771210325e-23, 2.23032359192e-22, 2.06048966453e-22, 3.63491024985e-22, 3.5968179869e-22, 3.72411691293e-22, 5.86811741237e-22, 8.98547053735e-22, 1.44032117341e-21, 2.14865596522e-21],
        "var": [2.63015976998e-07, 0.000106354549644, 5.43416390428e-05, 5.13040549777e-06, 0.000416356517235, 3.73183723923e-08, 4.78129891235e-08, 1.0454751731e-08, 5.81182169057e-09, 3.97159194421e-09, 3.49172490921e-09, 1.86042503625e-09, 3.02949287878e-09, 2.36764785555e-09, 2.87991230863e-09, 1.4251140712e-08, 2.41564919179e-08, 7.50489181911e-09, 1.01069890235e-08, 1.24100978383e-08, 2.34888997142e-08, 3.14731636308e-08, 1.97185059392e-08, 1.65028470889e-08, 1.2487484824e-08, 6.79043754559e-09, 2.27763585769e-10]
    },
    "erbbands": {
        "dmean": [0.0628355070949, 0.807578265667, 3.20087552071, 2.85822820663, 13.0036334991, 17.7955226898, 2.18801736832, 0.536186754704, 1.2594717741, 0.76554197073, 0.769441127777, 0.60582870245, 0.851684212685, 0.770017147064, 0.97063690424, 0.809816718102, 0.922670125961, 1.12474703789, 1.06383883953, 1.71142292023, 2.75321626663, 2.96858596802, 2.19555425644, 1.78567218781, 2.63836050034, 2.26600193977, 2.04268884659, 2.77650904655, 2.42381620407, 2.59871482849, 1.77294802666, 1.29363405704, 0.740945160389, 0.470783144236, 0.353027939796, 0.168890267611, 0.051004268229, 0.0102152954787, 0.000857443956193, 1.62885426107e-05],
        "dmean2": [0.0825055316091, 1.20178389549, 5.13433027267, 4.84034538269, 18.4493522644, 26.0283031464, 3.41629552841, 0.898486196995, 2.18790364265, 1.27028501034, 1.28379940987, 0.960967719555, 1.41472315788, 1.28058719635, 1.61986923218, 1.38514661789, 1.5426658392, 1.94266545773, 1.81186008453, 2.98706555367, 4.68511867523, 5.0649523735, 3.76973891258, 3.07384419441, 4.70471811295, 4.09849596024, 3.30587172508, 4.79492759705, 4.04625272751, 4.29115104675, 2.92698454857, 2.17950153351, 1.23674654961, 0.782359242439, 0.57153904438, 0.281908154488, 0.0847147852182, 0.0163268595934, 0.0013927948894, 2.32102265727e-05],
        "dvar": [0.0333435386419, 3.87857246399, 68.7412490845, 68.443649292, 1681.07324219, 3998.99536133, 49.6017494202, 1.12695944309, 5.89562225342, 2.26832270622, 2.24533605576, 0.968404233456, 3.0095012188, 1.55924022198, 2.91877627373, 1.42990171909, 1.97846662998, 3.74043178558, 3.11127710342, 9.80132198334, 19.8163661957, 22.0730609894, 10.7968358994, 7.31912183762, 54.5291633606, 22.5691070557, 14.8469734192, 64.9919281006, 36.8797492981, 23.5523490906, 16.3873825073, 12.5643339157, 2.76507973671, 0.916920900345, 0.41448700428, 0.14695443213, 0.0124456444755, 0.000600620813202, 2.92585286843e-06, 8.35600255655e-10],
        "dvar2": [0.0433634184301, 8.26244735718, 165.457641602, 184.282806396, 2915.07958984, 9690.28027344, 131.876312256, 3.0541946888, 18.5987606049, 6.25791740417, 6.30933237076, 2.37496590614, 8.16581344604, 4.09301757812, 7.60798168182, 3.96646571159, 5.08796167374, 10.5437173843, 8.45591640472, 27.6375980377, 52.1578979492, 58.7042350769, 29.6865615845, 20.1498699188, 149.875167847, 65.2986907959, 39.5640144348, 178.008651733, 96.9622192383, 63.384262085, 43.9128646851, 34.6366271973, 7.28125858307, 2.50381326675, 1.04162323475, 0.387181192636, 0.0327833816409, 0.00147436931729, 7.25863174011e-06, 1.58441615383e-09],
        "max": [2.40447592735, 35.6978416443, 123.592796326, 111.330680847, 355.202392578, 554.902282715, 76.177406311, 15.1718959808, 34.6464729309, 31.9356384277, 24.4527378082, 20.4356536865, 36.3410301208, 19.9100761414, 35.7720718384, 20.3324966431, 30.8429279327, 24.0485038757, 25.2150268555, 41.69090271, 72.6346206665, 84.303527832, 50.6479263306, 26.5973091125, 86.5335845947, 47.7090148926, 43.6296920776, 84.0985412598, 65.9553146362, 44.9746437073, 40.9104499817, 36.6601867676, 15.5876188278, 10.4571895599, 7.13249492645, 4.23508453369, 1.29311645031, 0.291843503714, 0.0194460805506, 0.000353092153091],
        "mean": [0.114792346954, 1.15900075436, 3.575340271, 2.91940999031, 14.9189729691, 17.7064476013, 2.5908741951, 0.951276004314, 2.32845330238, 1.54529893398, 1.40241110325, 1.3221668005, 1.5719486475, 1.46835398674, 1.72723710537, 1.61266219616, 1.95629382133, 2.05026173592, 2.12285065651, 3.3724603653, 6.40716218948, 6.90612459183, 4.56282997131, 3.43898797035, 3.75984716415, 3.49359583855, 3.92233777046, 4.27162122726, 4.05770301819, 4.28038358688, 2.81340956688, 1.8188726902, 1.18490028381, 0.88942438364, 0.798200428486, 0.33980807662, 0.117260821164, 0.0197612997144, 0.00134733167943, 4.28150597145e-05],
        "median": [0.00864407420158, 0.153209090233, 0.709110736847, 0.763796806335, 0.597923278809, 0.535430073738, 0.622289597988, 0.547874391079, 0.92787116766, 0.78354382515, 0.717742741108, 0.669119238853, 0.89061319828, 0.879629313946, 0.973237276077, 1.01757693291, 1.11453676224, 1.28167462349, 1.44380986691, 2.21524190903, 3.1508808136, 3.53775882721, 3.18070793152, 2.51006269455, 1.9189299345, 1.98928284645, 2.19313716888, 2.20392370224, 2.20497512817, 2.78530597687, 1.75992286205, 0.913718044758, 0.672233879566, 0.594210445881, 0.371482372284, 0.199829101562, 0.0734667927027, 0.0118845924735, 0.000579415878747, 2.38939210249e-05],
        "min": [7.94244660018e-23, 1.68917581518e-21, 6.90055796639e-21, 6.01595777151e-21, 1.12645528519e-20, 4.07266542805e-20, 6.28823994133e-20, 2.23486856568e-19, 3.60576145722e-19, 3.43817983499e-19, 3.97790381095e-19, 5.8868371074e-19, 9.77792934704e-19, 1.09678431339e-18, 1.52129030182e-18, 1.50474917111e-18, 2.16236468573e-18, 3.92377259468e-18, 4.41209949648e-18, 4.97810238011e-18, 6.04076518303e-18, 5.08639934745e-18, 5.06392030071e-18, 1.11742447558e-17, 1.07553778644e-17, 1.05049522427e-17, 1.44352066246e-17, 1.70673945955e-17, 1.37453867974e-17, 9.81839564299e-18, 1.21379407751e-17, 1.27441367783e-17, 1.10378377097e-17, 9.85660146112e-18, 6.62659641313e-18, 5.20356410454e-18, 2.64712705948e-18, 1.05167246772e-18, 2.82788649604e-19, 2.9407081801e-20],
        "var": [0.107274435461, 6.39610528946, 80.0699005127, 51.9480171204, 2614.46948242, 4761.29931641, 52.3394813538, 1.69512653351, 12.0141782761, 4.3102478981, 3.89605283737, 3.42518734932, 4.81435537338, 2.97664666176, 5.1327881813, 3.14178657532, 5.68883466721, 6.28006076813, 5.3012804985, 15.4241199493, 62.3913536072, 67.6319580078, 24.5685653687, 12.7759695053, 46.5722808838, 23.3377437592, 24.8413352966, 56.2291145325, 39.1763038635, 27.6065444946, 16.1731014252, 10.8654985428, 3.10511136055, 1.22849655151, 1.06582558155, 0.195106774569, 0.0190470404923, 0.000853777804878, 4.24016525358e-06, 2.96879054673e-09]
    },
    "gfcc": {
        "mean": [-76.6155700684, 23.8826026917, -82.8067626953, 45.5260848999, -49.1567077637, 19.6402568817, -38.2558326721, 11.376001358, -25.3301067352, 5.64204645157, -26.5536880493, 7.17458581924, -18.7057571411],
        "cov": [[22821.578125, 2315.63549805, 1683.81604004, 586.343078613, 310.499969482, 455.350189209, -552.940795898, 163.652374268, -554.127807617, -314.594818115, -499.264434814, 345.456176758, -138.668060303], [2315.63549805, 1365.5925293, 414.432128906, 275.991424561, 363.146759033, 112.864311218, -1.60330593586, 133.955627441, 112.814865112, 16.6850357056, 8.59594631195, 1.90303874016, -9.53990364075], [1683.81604004, 414.432128906, 791.924865723, 390.240814209, 266.45199585, 184.920303345, 99.9339675903, -26.0315914154, 11.0933294296, -82.5304870605, -63.8857345581, -21.7510643005, -23.3905410767], [586.343078613, 275.991424561, 390.240814209, 542.326904297, 244.110931396, 95.9848175049, 81.2188415527, -14.1366939545, 28.0465488434, -85.1848754883, -23.9315052032, -78.731628418, 1.62026715279], [310.499969482, 363.146759033, 266.45199585, 244.110931396, 298.550842285, 98.0099487305, 92.3630371094, 77.8714523315, 106.709342957, 8.45890235901, 21.7163639069, -6.10927629471, 7.70889759064], [455.350189209, 112.864311218, 184.920303345, 95.9848175049, 98.0099487305, 172.094467163, 108.320968628, 82.4613800049, 61.1702690125, 44.9738769531, 17.6046257019, 22.2290630341, -16.7286891937], [-552.940795898, -1.60330593586, 99.9339675903, 81.2188415527, 92.3630371094, 108.320968628, 172.187576294, 69.8455886841, 98.7287979126, 50.5699958801, 52.6810112, 6.275349617, -2.8402633667], [163.652374268, 133.955627441, -26.0315914154, -14.1366939545, 77.8714523315, 82.4613800049, 69.8455886841, 166.259033203, 110.293571472, 100.915657043, 53.5654678345, 46.3876876831, -2.47866034508], [-554.127807617, 112.814865112, 11.0933294296, 28.0465488434, 106.709342957, 61.1702690125, 98.7287979126, 110.293571472, 193.273040771, 92.392791748, 67.3059921265, 29.2235622406, 3.75944209099], [-314.594818115, 16.6850357056, -82.5304870605, -85.1848754883, 8.45890235901, 44.9738769531, 50.5699958801, 100.915657043, 92.392791748, 120.575172424, 72.3250579834, 49.9439163208, 5.54929065704], [-499.264434814, 8.59594631195, -63.8857345581, -23.9315052032, 21.7163639069, 17.6046257019, 52.6810112, 53.5654678345, 67.3059921265, 72.3250579834, 84.6345214844, 35.7695007324, 15.7159099579], [345.456176758, 1.90303874016, -21.7510643005, -78.731628418, -6.10927629471, 22.2290630341, 6.275349617, 46.3876876831, 29.2235622406, 49.9439163208, 35.7695007324, 84.9437332153, 22.3224124908], [-138.668060303, -9.53990364075, -23.3905410767, 1.62026715279, 7.70889759064, -16.7286891937, -2.8402633667, -2.47866034508, 3.75944209099, 5.54929065704, 15.7159099579, 22.3224124908, 53.6889228821]],
        "icov": [[0.000134567468194, -0.000172059837496, -0.00013198099623, -0.000218196524656, 0.000195924614673, -0.000185287033673, 0.000382145284675, -0.000435903959442, 0.000401355093345, 0.000149326617247, 0.000618399644736, -0.00110213051084, 0.000413979985751], [-0.000172059837496, 0.0016380653251, -0.000479590584291, 0.000497978122439, -0.00161020841915, -2.02929259103e-05, 0.00154569430742, -0.00074920192128, -0.000741294759791, 0.000336579367286, -0.00202671554871, 0.00220500468276, -0.00041164184222], [-0.00013198099623, -0.000479590584291, 0.00412978744134, -0.00122592225671, -0.00191946874838, -0.00245349411853, -0.00194657722022, 0.00426722737029, -8.21870344225e-05, -0.00102437392343, 0.00323467538692, -0.00223707524128, 0.00111016421579], [-0.000218196524656, 0.000497978122439, -0.00122592225671, 0.00565259018913, -0.00241449498571, -0.00182295404375, 0.000600458879489, -0.000613060139585, -0.00126970862038, 0.00506114400923, -0.00530567485839, 0.00691992323846, -0.00315586128272], [0.000195924614673, -0.00161020841915, -0.00191946874838, -0.00241449498571, 0.0111126052216, 9.94813017314e-05, -0.000623963074759, -0.00455960538238, -0.00271439319476, 0.00406818790361, -0.00107878667768, -0.000661421974655, -0.00199121166952], [-0.000185287033673, -2.02929259103e-05, -0.00245349411853, -0.00182295404375, 9.94813017314e-05, 0.0195089448243, -0.0103636020795, -0.00389698916115, 0.00328475353308, -0.00817556120455, 0.00666332338005, -0.00399167602882, 0.00416434137151], [0.000382145284675, 0.00154569430742, -0.00194657722022, 0.000600458879489, -0.000623963074759, -0.0103636020795, 0.0198277216405, -0.0036191821564, -0.00419694930315, 0.00653964839876, -0.0107224397361, 0.00395974935964, -0.000751960498746], [-0.000435903959442, -0.00074920192128, 0.00426722737029, -0.000613060139585, -0.00455960538238, -0.00389698916115, -0.0036191821564, 0.0232711471617, -0.00332223554142, -0.014862739481, 0.00615644548088, -0.00267711211927, 0.00202174903825], [0.000401355093345, -0.000741294759791, -8.21870344225e-05, -0.00126970862038, -0.00271439319476, 0.00328475353308, -0.00419694930315, -0.00332223554142, 0.0146839590743, -0.00769539643079, 0.00293793599121, -0.00419019814581, 0.00259459624067], [0.000149326617247, 0.000336579367286, -0.00102437392343, 0.00506114400923, 0.00406818790361, -0.00817556120455, 0.00653964839876, -0.014862739481, -0.00769539643079, 0.0440122447908, -0.0242902133614, 0.00114031764679, -0.000999358599074], [0.000618399644736, -0.00202671554871, 0.00323467538692, -0.00530567485839, -0.00107878667768, 0.00666332338005, -0.0107224397361, 0.00615644548088, 0.00293793599121, -0.0242902133614, 0.0433513112366, -0.0162276122719, 0.00111657602247], [-0.00110213051084, 0.00220500468276, -0.00223707524128, 0.00691992323846, -0.000661421974655, -0.00399167602882, 0.00395974935964, -0.00267711211927, -0.00419019814581, 0.00114031764679, -0.0162276122719, 0.0356538705528, -0.0145993381739], [0.000413979985751, -0.00041164184222, 0.00111016421579, -0.00315586128272, -0.00199121166952, 0.00416434137151, -0.000751960498746, 0.00202174903825, 0.00259459624067, -0.000999358599074, 0.00111657602247, -0.0145993381739, 0.027502598241]]
    },
    "melbands": {
        "dmean": [0.000660863646772, 0.00143179367296, 0.000649921479635, 0.0013981765369, 0.000150568113895, 1.21248112919e-05, 1.79203980224e-05, 8.35536502564e-06, 6.28387715551e-06, 3.77856576961e-06, 4.31569742432e-06, 3.09929737341e-06, 3.31020851263e-06, 2.30400178225e-06, 2.24768109547e-06, 2.35566812989e-06, 2.24760242418e-06, 1.74357444394e-06, 2.12328723137e-06, 3.07408845401e-06, 3.52897291123e-06, 3.61523848369e-06, 2.13911084757e-06, 2.01772718356e-06, 1.44068440022e-06, 1.73752152932e-06, 2.17348838305e-06, 1.51434596773e-06, 1.26173949866e-06, 1.54784925144e-06, 1.67640166637e-06, 1.30908733809e-06, 1.73643991275e-06, 1.3414521618e-06, 1.01289299437e-06, 1.02087403775e-06, 7.54536699787e-07, 4.8732920277e-07, 5.22923699009e-07, 3.75184299628e-07],
        "dmean2": [0.000919764628634, 0.00221173837781, 0.00102510501165, 0.00191305344924, 0.000245646224357, 2.07483171835e-05, 3.09918104904e-05, 1.38806608447e-05, 1.0353428479e-05, 5.9763419813e-06, 7.18113642506e-06, 5.14297880727e-06, 5.56096165383e-06, 3.88296211895e-06, 3.83680344385e-06, 3.98096290155e-06, 3.8729890548e-06, 2.98356371786e-06, 3.67043617189e-06, 5.36459265277e-06, 5.94600805925e-06, 6.16689749222e-06, 3.62750142813e-06, 3.5610944451e-06, 2.48203741648e-06, 3.02162834487e-06, 3.95950655729e-06, 2.71650151262e-06, 2.07399307328e-06, 2.59887633547e-06, 2.90567481898e-06, 2.18542754737e-06, 2.86279760076e-06, 2.21180403059e-06, 1.66021845871e-06, 1.76433422894e-06, 1.28490808038e-06, 8.03529189852e-07, 8.92874538749e-07, 6.19686716163e-07],
        "dvar": [2.34414255829e-06, 1.28345427584e-05, 2.39432029048e-06, 2.20847341552e-05, 3.10051177621e-07, 5.62396851311e-10, 1.15104037413e-09, 3.00735047976e-10, 1.30342306393e-10, 3.96929052127e-11, 7.60922644338e-11, 2.43331101796e-11, 3.40871116056e-11, 1.27378168777e-11, 1.0830596836e-11, 1.63085812216e-11, 1.47754152663e-11, 8.21042366039e-12, 1.29997670614e-11, 2.93258299588e-11, 3.24655198558e-11, 3.43412590031e-11, 9.57804495438e-12, 1.05648588836e-11, 4.3851784183e-12, 2.11882785622e-11, 2.60495618132e-11, 9.41055046388e-12, 5.43235942341e-12, 1.11352758611e-11, 2.50622508857e-11, 1.04320024841e-11, 1.33572562733e-11, 5.25483909858e-12, 4.13307972916e-12, 6.85113164117e-12, 4.30221049758e-12, 9.72633106867e-13, 1.54888200789e-12, 4.92007639057e-13],
        "dvar2": [3.8642342588e-06, 2.95055924653e-05, 5.49435981156e-06, 4.54977525806e-05, 8.50339802128e-07, 1.51717183261e-09, 3.58504981257e-09, 8.31658408806e-10, 3.60043939107e-10, 9.70881985918e-11, 2.06587455476e-10, 6.40464140056e-11, 9.04120875389e-11, 3.40826013245e-11, 3.02509718664e-11, 4.33534111388e-11, 4.16045357887e-11, 2.24753549105e-11, 3.6046818308e-11, 8.21619577929e-11, 8.43880521018e-11, 9.090861397e-11, 2.57745508964e-11, 2.98931712717e-11, 1.21376858217e-11, 5.70355845886e-11, 7.5059687632e-11, 2.69912720646e-11, 1.49802809046e-11, 3.01233968325e-11, 6.85261014599e-11, 2.72749878238e-11, 3.61187225961e-11, 1.3983752524e-11, 1.07800391877e-11, 1.91524972964e-11, 1.17257601198e-11, 2.49360514876e-12, 4.25792951245e-12, 1.33092755566e-12],
        "max": [0.0283609051257, 0.0494136027992, 0.0169000644237, 0.039369251579, 0.00530255958438, 0.000332237512339, 0.000476161658298, 0.000377891294193, 0.000207558099646, 0.000135170397698, 0.000181876544957, 7.36126530683e-05, 0.00010550209845, 6.01243082201e-05, 7.66542434576e-05, 7.6908407209e-05, 5.34128848813e-05, 3.96691430069e-05, 4.91935606988e-05, 8.30542048789e-05, 8.31268916954e-05, 0.000102342637547, 5.28537239006e-05, 4.82588875457e-05, 2.41082652792e-05, 5.71092532482e-05, 4.95529347972e-05, 3.41633676726e-05, 2.82911751128e-05, 4.11253677157e-05, 5.11668549734e-05, 3.58973302355e-05, 3.57843673555e-05, 2.14722695091e-05, 2.2965728931e-05, 2.5270792321e-05, 2.17177130253e-05, 1.01497798823e-05, 1.37012430059e-05, 8.16031570139e-06],
        "mean": [0.0011634825496, 0.00181017548312, 0.000730904634111, 0.00151308893692, 0.000148139879457, 2.14026913454e-05, 3.41690829373e-05, 1.59169048857e-05, 1.13221931315e-05, 8.08650565887e-06, 7.76092474553e-06, 5.80068353884e-06, 5.65574646316e-06, 4.33687000623e-06, 4.49360322818e-06, 4.30583349953e-06, 3.80206665795e-06, 3.18058278026e-06, 3.96686846216e-06, 5.61755086892e-06, 7.99247573013e-06, 7.85369866207e-06, 4.69696260552e-06, 3.50981713382e-06, 2.66106962954e-06, 2.55525606008e-06, 2.7048033644e-06, 2.27054238167e-06, 2.40945405494e-06, 2.49848926615e-06, 2.4337252853e-06, 2.13906355384e-06, 2.56299517787e-06, 2.35102652368e-06, 1.69784698301e-06, 1.31274316573e-06, 1.03492686776e-06, 7.95577648205e-07, 8.03917771464e-07, 6.93753236192e-07],
        "median": [0.000113113681437, 0.000391357927583, 0.000158092734637, 4.09675521951e-05, 2.29311081057e-05, 1.13953628897e-05, 1.43414563354e-05, 7.67281289882e-06, 5.75051581109e-06, 3.97693202103e-06, 4.40245230493e-06, 3.50423283635e-06, 3.20576555168e-06, 2.6502352739e-06, 2.60613069258e-06, 2.11432279684e-06, 2.13483804146e-06, 2.00855492949e-06, 2.59204125541e-06, 3.28547957906e-06, 3.50822665496e-06, 3.6611604628e-06, 2.92741628982e-06, 2.46935837822e-06, 1.87904674931e-06, 1.32458762891e-06, 1.3249133417e-06, 1.30223236283e-06, 1.37649328735e-06, 1.31312469875e-06, 1.19785261177e-06, 1.15319926408e-06, 1.36850235322e-06, 1.64527148172e-06, 1.0787082374e-06, 6.6578456881e-07, 4.96747873058e-07, 4.50708085964e-07, 4.72880060443e-07, 4.6067339099e-07],
        "min": [1.4307894657e-24, 3.51563593249e-24, 1.29154062618e-24, 1.71109807356e-24, 2.36097115361e-24, 5.28662393154e-24, 6.06691070758e-24, 3.38964222415e-24, 3.95133524892e-24, 3.55698486569e-24, 5.04774107222e-24, 4.27523838116e-24, 5.34579993792e-24, 2.45736088433e-24, 3.89816523505e-24, 5.78092969678e-24, 7.01498740931e-24, 6.57514499539e-24, 5.72891970287e-24, 7.05327082904e-24, 6.17427704337e-24, 4.00011209641e-24, 4.12490279187e-24, 3.78257541876e-24, 9.21679838111e-24, 7.81647245559e-24, 3.98289362944e-24, 6.53151585974e-24, 6.34345299766e-24, 7.92022817501e-24, 8.54539492037e-24, 7.23940887051e-24, 4.59278684438e-24, 5.93089886018e-24, 6.86786800593e-24, 5.62101299736e-24, 7.71027363395e-24, 8.11993699064e-24, 8.71326294328e-24, 7.53691908344e-24],
        "var": [7.12390828994e-06, 1.71125157067e-05, 2.65802077593e-06, 3.12356823997e-05, 2.84947958562e-07, 8.66684113365e-10, 2.50696352566e-09, 5.02412278447e-10, 2.48536524694e-10, 1.36976652243e-10, 1.18485818379e-10, 4.60543547742e-11, 5.19816169275e-11, 2.50730564783e-11, 3.12534061131e-11, 3.59235835523e-11, 2.5077141752e-11, 1.31504338668e-11, 2.17780706663e-11, 4.97665450516e-11, 1.05376027348e-10, 9.6466536148e-11, 2.87271734178e-11, 1.54314391126e-11, 7.87364964894e-12, 1.94629312666e-11, 2.2554621365e-11, 9.69248986626e-12, 9.00205864712e-12, 1.31472202916e-11, 2.07625357879e-11, 1.10783032053e-11, 1.48695066676e-11, 6.6629102409e-12, 4.71259923446e-12, 5.69670309189e-12, 3.72567211457e-12, 1.26496198499e-12, 1.51470936488e-12, 7.25629896881e-13]
    },
    "mfcc": {
        "mean": [-723.353271484, 64.3595581055, 22.4790344238, 30.3181610107, 13.3850450516, 14.2440242767, -0.120561376214, 9.41328907013, 4.39231395721, -1.40633189678, -0.515842080116, 0.148440256715, 1.69942378998],
        "cov": [[12490.9746094, 1574.21057129, 431.518829346, 946.021911621, 758.905944824, 162.255233765, 38.4232597351, 212.124481201, 192.42414856, -116.155563354, -115.499412537, 45.2905693054, -78.9211196899], [1574.21057129, 1086.03967285, 105.933410645, 188.277282715, 293.899108887, 47.6788482666, 16.4809837341, 84.471534729, 125.033958435, 50.84532547, 75.3939590454, 118.86239624, 83.5027008057], [431.518829346, 105.933410645, 463.074737549, 268.923675537, 173.932250977, 204.769683838, 99.5974807739, 92.5513153076, 56.0503234863, 27.184589386, 5.47617387772, -36.087059021, -18.3291149139], [946.021911621, 188.277282715, 268.923675537, 386.074157715, 248.729782104, 151.290176392, 87.2675552368, 90.3154602051, 71.7872085571, 23.9806613922, -10.4608020782, 1.80999779701, -21.5369701385], [758.905944824, 293.899108887, 173.932250977, 248.729782104, 274.120391846, 108.689590454, 52.5068817139, 85.7483139038, 89.1817474365, 31.6462078094, 20.6364707947, 39.1577262878, 14.9867391586], [162.255233765, 47.6788482666, 204.769683838, 151.290176392, 108.689590454, 157.945236206, 81.597442627, 78.6044158936, 51.3564758301, 38.8459396362, 26.1222076416, 3.57011032104, 8.08162498474], [38.4232597351, 16.4809837341, 99.5974807739, 87.2675552368, 52.5068817139, 81.597442627, 113.48979187, 54.2742843628, 22.6944007874, 34.8697052002, 24.972240448, 2.91993951797, -2.25580048561], [212.124481201, 84.471534729, 92.5513153076, 90.3154602051, 85.7483139038, 78.6044158936, 54.2742843628, 98.1682281494, 67.4100799561, 45.8359718323, 51.3724212646, 39.0906448364, 29.3499584198], [192.42414856, 125.033958435, 56.0503234863, 71.7872085571, 89.1817474365, 51.3564758301, 22.6944007874, 67.4100799561, 91.4413909912, 53.5914344788, 45.7870483398, 51.1389694214, 34.2460098267], [-116.155563354, 50.84532547, 27.184589386, 23.9806613922, 31.6462078094, 38.8459396362, 34.8697052002, 45.8359718323, 53.5914344788, 80.6926651001, 64.0933074951, 46.906993866, 39.7087516785], [-115.499412537, 75.3939590454, 5.47617387772, -10.4608020782, 20.6364707947, 26.1222076416, 24.972240448, 51.3724212646, 45.7870483398, 64.0933074951, 103.335746765, 73.6196899414, 55.2612876892], [45.2905693054, 118.86239624, -36.087059021, 1.80999779701, 39.1577262878, 3.57011032104, 2.91993951797, 39.0906448364, 51.1389694214, 46.906993866, 73.6196899414, 102.767997742, 65.5101089478], [-78.9211196899, 83.5027008057, -18.3291149139, -21.5369701385, 14.9867391586, 8.08162498474, -2.25580048561, 29.3499584198, 34.2460098267, 39.7087516785, 55.2612876892, 65.5101089478, 83.0587158203]],
