{
"lowlevel": {
    "average_loudness": 0.926241338253,
    "barkbands_crest": {
        "dmean": 2.00413179398,
        "dmean2": 2.97182798386,
        "dvar": 4.24377632141,
        "dvar2": 9.66321754456,
        "max": 26.6569519043,
        "mean": 11.0708045959,
        "median": 10.4940700531,
        "min": 2.04580616951,
        "var": 19.0822639465
    },
    "barkbands_flatness_db": {
        "dmean": 0.0211268290877,
        "dmean2": 0.0321254245937,
        "dvar": 0.000519839406479,
        "dvar2": 0.00115281064063,
        "max": 0.732007801533,
        "mean": 0.185879468918,
        "median": 0.12132999301,
        "min": 0.00926641654223,
        "var": 0.0210422240198
    },
    "barkbands_kurtosis": {
        "dmean": 2.72514438629,
        "dmean2": 4.33420944214,
        "dvar": 33.340637207,
        "dvar2": 79.7201843262,
        "max": 397.100616455,
        "mean": 4.25156211853,
        "median": 1.62982797623,
        "min": -1.86925733089,
        "var": 173.895645142
    },
    "barkbands_skewness": {
        "dmean": 0.488227367401,
        "dmean2": 0.752597987652,
        "dvar": 0.337239056826,
        "dvar2": 0.811667621136,
        "max": 18.4866695404,
        "mean": 1.48935818672,
        "median": 1.34711158276,
        "min": -3.52404379845,
        "var": 1.56313621998
    },
    "barkbands_spread": {
        "dmean": 7.03093099594,
        "dmean2": 10.888379097,
        "dvar": 93.7633056641,
        "dvar2": 222.332199097,
        "max": 113.901550293,
        "mean": 29.0046062469,
        "median": 27.6588478088,
        "min": 0.310688883066,
        "var": 475.692718506
    },
    "dissonance": {
        "dmean": 0.0232811979949,
        "dmean2": 0.0394741296768,
        "dvar": 0.000723205972463,
        "dvar2": 0.00197396264412,
        "max": 0.500000119209,
        "mean": 0.446504563093,
        "median": 0.468352943659,
        "min": 0.0691409036517,
        "var": 0.00325693446212
    },
    "dynamic_complexity": 1.95028674603,
    "erbbands_crest": {
        "dmean": 1.86022210121,
        "dmean2": 2.92901873589,
        "dvar": 3.42012095451,
        "dvar2": 8.37373542786,
        "max": 32.5176811218,
        "mean": 9.38206291199,
        "median": 8.63735675812,
        "min": 2.28223443031,
        "var": 19.2292518616
    },
    "erbbands_flatness_db": {
        "dmean": 0.0187223125249,
        "dmean2": 0.0275454130024,
        "dvar": 0.000487748242449,
        "dvar2": 0.00101368746255,
        "max": 0.628036618233,
        "mean": 0.205638065934,
        "median": 0.138141348958,
        "min": 0.0330673344433,
        "var": 0.0195943247527
    },
    "erbbands_kurtosis": {
        "dmean": 1.61382210255,
        "dmean2": 2.58512449265,
        "dvar": 10.2807798386,
        "dvar2": 24.7458610535,
        "max": 110.784103394,
        "mean": 2.50144290924,
        "median": 0.788740873337,
        "min": -1.78014969826,
        "var": 27.3590698242
    },
    "erbbands_skewness": {
        "dmean": 0.385770350695,
        "dmean2": 0.604160010815,
        "dvar": 0.226688683033,
        "dvar2": 0.517979860306,
        "max": 7.08596611023,
        "mean": 0.938399910927,
        "median": 0.723320066929,
        "min": -2.41986656189,
        "var": 0.895974397659
    },
    "erbbands_spread": {
        "dmean": 5.57368373871,
        "dmean2": 8.86078453064,
        "dvar": 50.9449958801,
        "dvar2": 126.812263489,
        "max": 125.263961792,
        "mean": 27.0423717499,
        "median": 26.9357910156,
        "min": 0.966714501381,
        "var": 271.108642578
    },
    "hfc": {
        "dmean": 13.3216085434,
        "dmean2": 20.9191074371,
        "dvar": 449.006439209,
        "dvar2": 1105.0526123,
        "max": 337.569549561,
        "mean": 45.6228942871,
        "median": 37.1974105835,
        "min": 1.0512063349e-16,
        "var": 1180.62866211
    },
    "melbands_crest": {
        "dmean": 3.50274825096,
        "dmean2": 5.20176315308,
        "dvar": 17.2763366699,
        "dvar2": 36.1527786255,
        "max": 38.1015930176,
        "mean": 18.5159435272,
        "median": 17.5716762543,
        "min": 1.54833054543,
        "var": 57.2990264893
    },
    "melbands_flatness_db": {
        "dmean": 0.0239659398794,
        "dmean2": 0.0358127839863,
        "dvar": 0.000697438954376,
        "dvar2": 0.0015325252898,
        "max": 0.836475491524,
        "mean": 0.254517734051,
        "median": 0.20093716681,
        "min": 0.00297851092182,
        "var": 0.0209591314197
    },
    "melbands_kurtosis": {
        "dmean": 4.56560993195,
        "dmean2": 7.19882249832,
        "dvar": 78.8360061646,
        "dvar2": 196.620269775,
        "max": 672.693115234,
        "mean": 9.07315254211,
        "median": 5.04016304016,
        "min": -1.84535181522,
        "var": 367.537017822
    },
    "melbands_skewness": {
        "dmean": 0.584607720375,
        "dmean2": 0.890769302845,
        "dvar": 0.440582185984,
        "dvar2": 1.05564033985,
        "max": 21.9508838654,
        "mean": 2.04829454422,
        "median": 1.84491240978,
        "min": -2.6044895649,
        "var": 2.0116686821
    },
    "melbands_spread": {
        "dmean": 5.33310699463,
        "dmean2": 8.34616947174,
        "dvar": 52.9398460388,
        "dvar2": 126.866645813,
        "max": 169.629272461,
        "mean": 23.5910358429,
        "median": 18.3781833649,
        "min": 0.456504881382,
        "var": 432.968811035
    },
    "pitch_salience": {
        "dmean": 0.0717592984438,
        "dmean2": 0.111332640052,
        "dvar": 0.00717223994434,
        "dvar2": 0.0163874868304,
        "max": 0.922940850258,
        "mean": 0.493220716715,
        "median": 0.48345425725,
        "min": 0.0334466807544,
        "var": 0.017291424796
    },
    "silence_rate_20dB": {
        "dmean": 0,
        "dmean2": 0,
        "dvar": 0,
        "dvar2": 0,
        "max": 1,
        "mean": 1,
        "median": 1,
        "min": 1,
        "var": 0
    },
    "silence_rate_30dB": {
        "dmean": 0.00751126697287,
        "dmean2": 0.0150234745815,
        "dvar": 0.00745272310451,
        "dvar2": 0.0198042746633,
        "max": 1,
        "mean": 0.991988480091,
        "median": 1,
        "min": 0,
        "var": 0.00794509705156
    },
    "silence_rate_60dB": {
        "dmean": 0.000375563337002,
        "dmean2": 0.000751173705794,
        "dvar": 0.000375440606149,
        "dvar2": 0.000875849684235,
        "max": 1,
        "mean": 0.0285410284996,
        "median": 0,
        "min": 0,
        "var": 0.0277280025184
    },
    "spectral_centroid": {
        "dmean": 172.065048218,
        "dmean2": 265.893066406,
        "dvar": 69849.9296875,
        "dvar2": 155778.75,
        "max": 11917.6826172,
        "mean": 1445.16040039,
        "median": 1160.42370605,
        "min": 153.975097656,
        "var": 1373818.5
    },
    "spectral_complexity": {
        "dmean": 2.82536315918,
        "dmean2": 4.51743364334,
        "dvar": 11.0606212616,
        "dvar2": 25.1545410156,
        "max": 58,
        "mean": 22.0831813812,
        "median": 19,
        "min": 0,
        "var": 167.384857178
    },
    "spectral_decrease": {
        "dmean": 2.58974908185e-09,
        "dmean2": 4.01468813749e-09,
        "dvar": 1.38003595666e-17,
        "dvar2": 3.61896381814e-17,
        "max": 1.759775394e-28,
        "mean": -1.03087796077e-08,
        "median": -9.48581213578e-09,
        "min": -4.39318128542e-08,
        "var": 3.18070830949e-17
    },
    "spectral_energy": {
        "dmean": 0.0103494878858,
        "dmean2": 0.0160892605782,
        "dvar": 0.000214591695112,
        "dvar2": 0.000566202914342,
        "max": 0.170826688409,
        "mean": 0.043046053499,
        "median": 0.04006427899,
        "min": 9.8136748263e-21,
        "var": 0.000505714735482
    },
    "spectral_energyband_high": {
        "dmean": 0.000811220612377,
        "dmean2": 0.00125860306434,
        "dvar": 1.92178481484e-06,
        "dvar2": 4.63818651042e-06,
        "max": 0.0223560687155,
        "mean": 0.0023859096691,
        "median": 0.00184535037261,
        "min": 6.65813305849e-21,
        "var": 6.30410568192e-06
    },
    "spectral_energyband_low": {
        "dmean": 0.00594671908766,
        "dmean2": 0.00853632669896,
        "dvar": 9.52912960202e-05,
        "dvar2": 0.000200810696697,
        "max": 0.124729044735,
        "mean": 0.0151060763747,
        "median": 0.00692671258003,
        "min": 1.60439698418e-23,
        "var": 0.000355372438207
    },
    "spectral_energyband_middle_high": {
        "dmean": 0.00278893206269,
        "dmean2": 0.00439038034528,
        "dvar": 1.85165881703e-05,
        "dvar2": 4.72613755846e-05,
        "max": 0.0610760748386,
        "mean": 0.00917789805681,
        "median": 0.00709615880623,
        "min": 1.17220085703e-21,
        "var": 5.99722225161e-05
    },
    "spectral_energyband_middle_low": {
        "dmean": 0.005547569599,
        "dmean2": 0.00934500619769,
        "dvar": 0.000162999800523,
        "dvar2": 0.000446550460765,
        "max": 0.165414020419,
        "mean": 0.0162062663585,
        "median": 0.0119789708406,
        "min": 1.36218002002e-22,
        "var": 0.000234664781601
    },
    "spectral_entropy": {
        "dmean": 0.160247251391,
        "dmean2": 0.240074947476,
        "dvar": 0.0511055104434,
        "dvar2": 0.11187709868,
        "max": 9.82343387604,
        "mean": 7.24607610703,
        "median": 7.79533529282,
        "min": 3.74141573906,
        "var": 1.34879016876
    },
    "spectral_flux": {
        "dmean": 0.0263529513031,
        "dmean2": 0.0416743010283,
        "dvar": 0.00122493167873,
        "dvar2": 0.002358621452,
        "max": 0.399052202702,
        "mean": 0.0878461003304,
        "median": 0.0805871635675,
        "min": 6.19550868941e-11,
        "var": 0.00345428916626
    },
    "spectral_kurtosis": {
        "dmean": 11.044046402,
        "dmean2": 18.9447345734,
        "dvar": 1970.15991211,
        "dvar2": 5999.61181641,
        "max": 1467.65185547,
        "mean": 29.1608123779,
        "median": 4.04519796371,
        "min": -1.26139724255,
        "var": 5624.41064453
    },
    "spectral_rms": {
        "dmean": 0.000745293218642,
        "dmean2": 0.00113674544264,
        "dvar": 9.42520443914e-07,
        "dvar2": 2.33217201639e-06,
        "max": 0.0129096936435,
        "mean": 0.00620701722801,
        "median": 0.00625196797773,
        "min": 3.09423927453e-12,
        "var": 3.46877072843e-06
    },
    "spectral_rolloff": {
        "dmean": 802.794067383,
        "dmean2": 1408.41625977,
        "dvar": 4249577.5,
        "dvar2": 11213055,
        "max": 19681.3476562,
        "mean": 1964.74279785,
        "median": 1098.19335938,
        "min": 43.06640625,
        "var": 7251659.5
    },
    "spectral_skewness": {
        "dmean": 0.557653725147,
        "dmean2": 0.934113264084,
        "dvar": 1.05893194675,
        "dvar2": 3.07111549377,
        "max": 29.3297157288,
        "mean": 3.10167121887,
        "median": 1.78414916992,
        "min": -0.113076284528,
        "var": 8.92483234406
    },
    "spectral_spread": {
        "dmean": 894671.375,
        "dmean2": 1310458.625,
        "dvar": 2.52020549222e+12,
        "dvar2": 5.2991492096e+12,
        "max": 43249196,
        "mean": 5776857.5,
        "median": 6201888,
        "min": 90112.9140625,
        "var": 1.98491892613e+13
    },
    "spectral_strongpeak": {
        "dmean": 0.383197158575,
        "dmean2": 0.652160108089,
        "dvar": 0.49636220932,
        "dvar2": 1.10058259964,
        "max": 12.406703949,
        "mean": 1.06805706024,
        "median": 0.433713048697,
        "min": 0,
        "var": 1.5303593874
    },
    "zerocrossingrate": {
        "dmean": 0.0165821239352,
        "dmean2": 0.021050684154,
        "dvar": 0.000443098047981,
        "dvar2": 0.000753367785364,
        "max": 0.6220703125,
        "mean": 0.0898335129023,
        "median": 0.08349609375,
        "min": 0.00244140625,
        "var": 0.00429481640458
    },
    "barkbands": {
        "dmean": [0.002004847629, 0.00442918715999, 0.000879529048689, 0.000597849080805, 0.00124279328156, 0.00192786415573, 0.00122313911561, 0.000756901456043, 0.00142077484634, 0.00111752899829, 0.000837421743199, 0.000719545874745, 0.000611386145465, 0.000345678505255, 0.000415370624978, 0.000206267257454, 0.000162543423357, 0.000230031320825, 9.65060171438e-05, 0.000120811419038, 0.000100793957245, 8.25221868581e-05, 7.64428914408e-05, 7.61041374062e-05, 0.00011384577374, 0.000356665346771, 0.000215328866034],
        "dmean2": [0.00294211972505, 0.00580922840163, 0.00163594610058, 0.00112100795377, 0.0022548227571, 0.00327518978156, 0.00193928810768, 0.00124753266573, 0.0021277142223, 0.00168450339697, 0.00133835675661, 0.00120331859216, 0.000999184441753, 0.000576199789066, 0.000674275448546, 0.000340993196005, 0.000270294316579, 0.000384467799449, 0.000156799011165, 0.000199224916287, 0.000168491926161, 0.000137265553349, 0.000125548729557, 0.000123255871586, 0.000180645627552, 0.000558697502129, 0.000343313324265],
        "dvar": [1.22252304209e-05, 5.26781841472e-05, 1.29639001898e-05, 6.63330683892e-06, 1.84022974281e-05, 2.940246668e-05, 5.67617325942e-06, 3.44526938534e-06, 7.06141463525e-06, 4.61685340269e-06, 2.32080356e-06, 1.54043243583e-06, 1.41046018598e-06, 3.07674469013e-07, 8.87370902092e-07, 1.82397371873e-07, 8.17901764094e-08, 2.55775745472e-07, 2.90135968584e-08, 4.64703759917e-08, 3.07527123766e-08, 2.12006927569e-08, 1.77308283611e-08, 1.40576705832e-08, 2.96313498183e-08, 4.76826613749e-07, 2.25860674163e-07],
        "dvar2": [2.60517808783e-05, 0.000101939003798, 3.76130374207e-05, 1.94181557163e-05, 5.26360308868e-05, 7.44651042623e-05, 1.53763739945e-05, 8.4349867393e-06, 1.50478545038e-05, 9.89521322481e-06, 5.98219321546e-06, 4.06704884881e-06, 3.33223329108e-06, 8.07542676284e-07, 2.21941536438e-06, 4.97849953263e-07, 2.09903717519e-07, 6.74514808452e-07, 7.31042391067e-08, 1.21924358609e-07, 8.44768379693e-08, 5.79593439909e-08, 4.66984424463e-08, 3.4249978853e-08, 7.04845817268e-08, 1.16292335406e-06, 5.65351058412e-07],
        "max": [0.0605989769101, 0.122942991555, 0.042667247355, 0.0410425625741, 0.0766183882952, 0.143492877483, 0.0426097139716, 0.0418249517679, 0.0941110178828, 0.0597206540406, 0.0229879897088, 0.0245060753077, 0.0466101840138, 0.0114295892417, 0.0187923591584, 0.0163750648499, 0.00542804040015, 0.0122968479991, 0.00307596917264, 0.00340017909184, 0.00345002952963, 0.00235959351994, 0.00270716054365, 0.00215614098124, 0.00274189352058, 0.0119777321815, 0.00975123699754],
        "mean": [0.00429542548954, 0.0104587646201, 0.000672440044582, 0.000436994683696, 0.00139863986988, 0.00493999710307, 0.0044430042617, 0.00129657855723, 0.0034250325989, 0.00247435923666, 0.00140644563362, 0.00119182222988, 0.00116820703261, 0.00061362417182, 0.000845241418574, 0.000380824902095, 0.000324496737448, 0.000491393788252, 0.000238950407947, 0.000287969887722, 0.000266774179181, 0.000228972960031, 0.000235838757362, 0.000250477140071, 0.000334791955538, 0.000649315887131, 0.000289451767458],
        "median": [0.00103715574369, 0.00400034198537, 1.89480433619e-05, 1.47213777382e-05, 0.000126462589833, 0.00158973387443, 0.00165820261464, 0.000524501083419, 0.00178088317625, 0.000883158005308, 0.00075395120075, 0.000699455616996, 0.000508553755935, 0.000379023316782, 0.000237310261582, 0.000188342950423, 0.000137807728606, 0.000127740000607, 9.11713359528e-05, 0.000108892396383, 0.000110241795483, 0.000104371465568, 0.000102026562672, 0.000141621392686, 0.000215116830077, 0.000335590128088, 9.32524126256e-05],
        "min": [6.69214667549e-25, 2.6887748086e-24, 6.08951610847e-25, 1.98202806203e-25, 1.0510591008e-23, 1.04241626183e-23, 5.64487091215e-24, 6.01680581276e-24, 1.44675038979e-23, 1.07824332648e-23, 9.37936446988e-24, 2.22303133016e-23, 3.33387449131e-23, 2.61961695076e-23, 3.03857482441e-23, 5.85904286139e-23, 5.39073148293e-23, 8.51209568162e-23, 1.02728553102e-22, 1.30405485526e-22, 2.49720722684e-22, 2.73904850388e-22, 3.58868931169e-22, 6.04452942997e-22, 7.7522676345e-22, 1.26955977279e-21, 1.84523052612e-21],
        "var": [3.721077519e-05, 0.000200693379156, 7.50181925468e-06, 3.71817145606e-06, 1.43121251313e-05, 7.21819378668e-05, 3.74962619389e-05, 6.70356666888e-06, 2.27468026424e-05, 2.41827929131e-05, 3.56567147719e-06, 2.5863519113e-06, 3.69590088667e-06, 6.08485663633e-07, 3.1736492474e-06, 3.6560601302e-07, 2.07878059655e-07, 7.5220106055e-07, 9.97644846734e-08, 1.40300443263e-07, 1.0692434671e-07, 8.25902617407e-08, 9.31931154469e-08, 8.40657392587e-08, 1.41737729109e-07, 8.09733933238e-07, 3.22290418353e-07]
    },
    "erbbands": {
        "dmean": [0.271516501904, 0.523547053337, 0.969889879227, 1.53937232494, 3.0140440464, 4.03727531433, 11.4545221329, 15.7119379044, 17.5910396576, 14.1734571457, 20.5113525391, 29.2063159943, 33.4089126587, 36.3909301758, 25.5932941437, 23.4823074341, 26.9643630981, 19.3058223724, 19.1704845428, 17.4386005402, 11.2092428207, 9.99608421326, 12.4149265289, 5.99672412872, 5.70317840576, 4.77559995651, 4.55193328857, 3.5708489418, 3.41804361343, 2.70571804047, 1.98151350021, 1.55196690559, 1.43195283413, 1.16179227829, 1.00134634972, 0.91536873579, 0.738500475883, 0.374264657497, 0.0294289216399, 0.000408361869631],
        "dmean2": [0.376014441252, 0.755721449852, 1.74486804008, 2.87449240685, 5.55490875244, 7.34828853607, 19.6458816528, 26.8324832916, 28.4551639557, 23.1321487427, 32.7155990601, 44.5223350525, 49.2041473389, 57.1167831421, 42.8896064758, 39.6074256897, 44.2807617188, 31.8740577698, 30.9610080719, 28.5055007935, 18.5235443115, 16.619228363, 20.5621204376, 9.98226642609, 9.30581378937, 7.85777759552, 7.55989313126, 5.98814153671, 5.71084356308, 4.48411941528, 3.22951960564, 2.53117823601, 2.31835651398, 1.8868496418, 1.58461332321, 1.45326828957, 1.16206252575, 0.58965587616, 0.0469189584255, 0.00064674630994],
        "dvar": [0.231755435467, 1.34947013855, 13.9039449692, 43.5912780762, 133.914291382, 193.164672852, 1415.7956543, 1606.72839355, 1267.31787109, 928.50189209, 2041.21789551, 3782.08496094, 2865.66699219, 4004.98144531, 2901.13745117, 1737.16564941, 2457.01293945, 1095.15344238, 1332.72338867, 1711.99694824, 429.227630615, 308.880279541, 770.864746094, 109.808296204, 101.824195862, 72.1690673828, 72.0555343628, 39.2694702148, 38.6196861267, 24.9162864685, 10.7744436264, 5.98101902008, 5.08760738373, 2.7862405777, 2.42585062981, 2.56972432137, 2.13900017738, 0.634926021099, 0.0040578013286, 7.46950888697e-07],
        "dvar2": [0.456722080708, 3.05869197845, 39.5961265564, 126.792533875, 388.071044922, 549.103271484, 3545.20947266, 4225.33496094, 3522.4609375, 2545.17382812, 4706.86035156, 8161.50439453, 6145.55810547, 10175.8408203, 7975.09667969, 4746.59277344, 5932.96777344, 2717.46899414, 3297.72729492, 4655.42041016, 1122.35632324, 793.262634277, 1973.67565918, 287.140655518, 269.067565918, 188.651077271, 192.944869995, 108.929756165, 106.17225647, 67.4461364746, 27.8150882721, 15.1199035645, 12.425280571, 6.97632312775, 5.75447177887, 6.19842386246, 5.2784986496, 1.5707218647, 0.0101438621059, 1.85615488135e-06],
        "max": [6.14324331284, 30.5588378906, 43.012676239, 100.965759277, 177.302993774, 292.895751953, 1189.2331543, 955.746520996, 475.807281494, 576.192749023, 1953.31774902, 2480.5012207, 1395.41271973, 820.897888184, 793.633117676, 831.335510254, 2018.24353027, 949.271057129, 715.462219238, 777.746459961, 481.55960083, 371.566986084, 849.704956055, 178.337631226, 161.067077637, 162.201828003, 194.536972046, 121.306816101, 120.966827393, 100.179550171, 62.5138816833, 48.9259147644, 36.093170166, 30.9318504333, 23.8582725525, 25.7192592621, 28.9164218903, 14.4211006165, 1.41784393787, 0.0184436384588],
        "mean": [0.614845216274, 1.10944592953, 0.962041139603, 1.15239989758, 2.65696454048, 4.53303670883, 17.9773082733, 48.5084075928, 59.2530403137, 47.3549232483, 43.3907966614, 67.212387085, 83.589050293, 74.2435531616, 45.2581558228, 40.3903923035, 52.0047187805, 38.9641227722, 39.0647087097, 35.1611480713, 22.5455722809, 21.5362205505, 27.0465583801, 14.5657711029, 13.8707313538, 12.3678951263, 11.7000656128, 9.39265060425, 8.8912115097, 7.68893575668, 6.1392083168, 4.86904239655, 4.35758209229, 3.30654573441, 2.68519806862, 2.01219725609, 1.24449682236, 0.54542028904, 0.0405702926219, 0.000634594529402],
        "median": [0.206900417805, 0.371904015541, 0.0941361188889, 0.0688809007406, 0.124709449708, 0.556677043438, 6.40214252472, 15.6894006729, 28.538520813, 18.2053394318, 21.4847736359, 33.1422843933, 41.1844177246, 41.0064125061, 27.33735466, 26.1244983673, 26.4638977051, 22.7685585022, 17.6068592072, 12.5345621109, 11.7017850876, 10.034283638, 7.4784450531, 5.72719669342, 5.27573490143, 4.94034671783, 4.62382555008, 4.14301013947, 3.88061904907, 3.32566905022, 2.88542366028, 2.67148017883, 2.51570868492, 2.13200640678, 1.60206985474, 1.13065457344, 0.639933347702, 0.209745883942, 0.01426657103, 0.000282183056697],
        "min": [7.43090690629e-23, 4.04871007758e-22, 1.29291581111e-21, 6.59348453154e-21, 1.71821714501e-20, 2.50954012425e-20, 3.21617547995e-20, 9.16760007742e-20, 6.86921153702e-20, 1.79303249718e-19, 2.50529924033e-19, 4.27144591191e-19, 6.9602228594e-19, 8.74128695785e-19, 1.01248840511e-18, 1.12587987444e-18, 1.6510674953e-18, 1.49463078767e-18, 1.90331157021e-18, 2.57111309029e-18, 3.35505738581e-18, 4.10581271362e-18, 4.88769236634e-18, 4.92737925136e-18, 5.80081208145e-18, 5.99089777263e-18, 8.72974241163e-18, 8.02143509772e-18, 9.95665474647e-18, 1.02192589484e-17, 1.06431683328e-17, 1.07631359914e-17, 1.01270688419e-17, 7.41566095665e-18, 5.60790859952e-18, 4.15560402341e-18, 2.22304458751e-18, 8.80098561663e-19, 2.26168369319e-19, 2.8239991349e-20],
        "var": [0.671563863754, 5.05765342712, 9.99164390564, 24.731803894, 84.2064056396, 158.048187256, 2513.10791016, 5487.82080078, 4949.75878906, 4309.4140625, 4956.13867188, 11234.0859375, 15479.2294922, 8620.57128906, 3566.61132812, 2479.45605469, 6229.38916016, 2419.81298828, 4032.50219727, 4669.67333984, 957.649047852, 853.098144531, 2387.42431641, 358.971832275, 322.019622803, 253.442398071, 227.150558472, 132.663146973, 128.669128418, 102.998443604, 57.9181365967, 33.2646446228, 26.2793922424, 13.4713563919, 9.88527965546, 6.22963809967, 3.34075951576, 0.917693555355, 0.005931627471, 1.11913732326e-06]
    },
    "gfcc": {
        "mean": [-12.8196287155, 56.5917129517, -118.245651245, -34.0487327576, -60.4001846313, 0.30192092061, -29.2739124298, 11.9912137985, -13.0360937119, 15.4082241058, -4.71974229813, 15.1628351212, -3.63452196121],
        "cov": [[32778.984375, -5027.87060547, 2481.04321289, 4519.21142578, 1227.03442383, 3064.79589844, 222.599868774, 1750.67150879, -413.969329834, 1218.36450195, -914.040527344, 872.140258789, -523.693115234], [-5027.87060547, 4582.95458984, -1292.1817627, -1917.10876465, -862.671508789, -1699.32043457, -304.637786865, -832.546569824, 126.905776978, -568.512145996, 384.39654541, -408.383361816, 375.651153564], [2481.04321289, -1292.1817627, 2382.42114258, 1139.66223145, 696.120910645, 950.294067383, 248.63293457, 502.959838867, -80.7340240479, 269.21975708, -286.004058838, 189.469238281, -233.932052612], [4519.21142578, -1917.10876465, 1139.66223145, 2760.42993164, 1083.34924316, 1403.76171875, 460.464508057, 589.354309082, -98.6262741089, 278.206848145, -251.42628479, 162.987350464, -191.946624756], [1227.03442383, -862.671508789, 696.120910645, 1083.34924316, 797.297241211, 772.993774414, 356.23916626, 360.882476807, 33.0647697449, 179.352767944, -72.5457687378, 120.183731079, -103.792243958], [3064.79589844, -1699.32043457, 950.294067383, 1403.76171875, 772.993774414, 1174.51928711, 394.716888428, 559.943054199, -0.859444141388, 315.516601562, -185.108398438, 197.37272644, -184.199005127], [222.599868774, -304.637786865, 248.63293457, 460.464508057, 356.23916626, 394.716888428, 312.072601318, 232.81477356, 79.150642395, 77.9670257568, -31.5210800171, 18.8304634094, -55.0059394836], [1750.67150879, -832.546569824, 502.959838867, 589.354309082, 360.882476807, 559.943054199, 232.81477356, 390.651855469, 71.6777954102, 199.975891113, -93.7912216187, 112.155433655, -91.8741226196], [-413.969329834, 126.905776978, -80.7340240479, -98.6262741089, 33.0647697449, -0.859444141388, 79.150642395, 71.6777954102, 146.183547974, 53.4038047791, 41.7141227722, -9.8277797699, 17.7464447021], [1218.36450195, -568.512145996, 269.21975708, 278.206848145, 179.352767944, 315.516601562, 77.9670257568, 199.975891113, 53.4038047791, 217.397628784, -3.57225108147, 104.432128906, -41.5095596313], [-914.040527344, 384.39654541, -286.004058838, -251.42628479, -72.5457687378, -185.108398438, -31.5210800171, -93.7912216187, 41.7141227722, -3.57225108147, 170.17729187, 20.963224411, 61.0980644226], [872.140258789, -408.383361816, 189.469238281, 162.987350464, 120.183731079, 197.37272644, 18.8304634094, 112.155433655, -9.8277797699, 104.432128906, 20.963224411, 166.888412476, 8.79127979279], [-523.693115234, 375.651153564, -233.932052612, -191.946624756, -103.792243958, -184.199005127, -55.0059394836, -91.8741226196, 17.7464447021, -41.5095596313, 61.0980644226, 8.79127979279, 142.674453735]],
        "icov": [[7.76377564762e-05, -0.000100174918771, 8.31202414702e-05, -0.000107664018287, 0.000104520106106, -4.41768715973e-05, 0.000226546166232, -0.000340702710673, 0.000287447677692, -0.000357954646461, 0.000379535689717, -0.00027390854666, 0.000141566924867], [-0.000100174918771, 0.000891834904905, -0.000334450654918, 0.000171544990735, -0.000249914475717, 0.00085416220827, -0.00079466868192, 0.000591644085944, -0.000714652764145, 0.00113212212455, -0.00142655265518, 0.00126579077914, -0.00108667614404], [8.31202414702e-05, -0.000334450654918, 0.000966695719399, -7.06055798219e-05, -0.000456609326648, -6.13747833995e-05, 0.000553010613658, -0.000816947722342, 0.0009284853586, -0.000989269232377, 0.00166314525995, -0.00097568903584, 0.000896031968296], [-0.000107664018287, 0.000171544990735, -7.06055798219e-05, 0.00139014259912, -0.00105367123615, -0.00123922456987, 0.000274984718999, 8.20865825517e-05, 0.000629966321867, 0.000768315978348, -0.00072180404095, 0.0015396453673, -0.000940525438637], [0.000104520106106, -0.000249914475717, -0.000456609326648, -0.00105367123615, 0.00578385358676, -0.00233133276924, -0.00267729442567, 0.00119869585615, -0.000921894039493, 0.000230845980695, -0.000833439873531, -0.00163974030875, 0.000452670908999], [-4.41768715973e-05, 0.00085416220827, -6.13747833995e-05, -0.00123922456987, -0.00233133276924, 0.0100109418854, -0.00450219865888, -0.00262255268171, 0.00301859644242, -0.00394760863855, 0.00253160740249, -0.00201936298981, 0.00114146457054], [0.000226546166232, -0.00079466868192, 0.000553010613658, 0.000274984718999, -0.00267729442567, -0.00450219865888, 0.0144740715623, -0.0070047727786, -0.0026410096325, 0.00444863177836, -0.0025892960839, 0.00368725461885, 1.4315093722e-05], [-0.000340702710673, 0.000591644085944, -0.000816947722342, 8.20865825517e-05, 0.00119869585615, -0.00262255268171, -0.0070047727786, 0.0190712083131, -0.00842654518783, -0.00301845557988, 0.00450156629086, -0.00496822409332, 0.00157734716777], [0.000287447677692, -0.000714652764145, 0.0009284853586, 0.000629966321867, -0.000921894039493, 0.00301859644242, -0.0026410096325, -0.00842654518783, 0.0184488929808, -0.00722308410332, -0.000993751105852, 0.00397777883336, -0.00212709140033], [-0.000357954646461, 0.00113212212455, -0.000989269232377, 0.000768315978348, 0.000230845980695, -0.00394760863855, 0.00444863177836, -0.00301845557988, -0.00722308410332, 0.0178185813129, -0.00771003589034, 0.000471813429613, -0.000685082981363], [0.000379535689717, -0.00142655265518, 0.00166314525995, -0.00072180404095, -0.000833439873531, 0.00253160740249, -0.0025892960839, 0.00450156629086, -0.000993751105852, -0.00771003589034, 0.0176508575678, -0.00936009269208, 0.00236606178805], [-0.00027390854666, 0.00126579077914, -0.00097568903584, 0.0015396453673, -0.00163974030875, -0.00201936298981, 0.00368725461885, -0.00496822409332, 0.00397777883336, 0.000471813429613, -0.00936009269208, 0.0180954691023, -0.00690836878493], [0.000141566924867, -0.00108667614404, 0.000896031968296, -0.000940525438637, 0.000452670908999, 0.00114146457054, 1.4315093722e-05, 0.00157734716777, -0.00212709140033, -0.000685082981363, 0.00236606178805, -0.00690836878493, 0.0128954853863]]
    },
    "melbands": {
        "dmean": [0.00176435220055, 0.000527661934029, 0.000306501257, 0.000248881755397, 0.000344069558196, 0.000356207980076, 0.000268092815531, 0.000153852990479, 0.000183999713045, 0.00019754821551, 0.000175828754436, 0.000155616668053, 9.50745525188e-05, 7.77354362071e-05, 6.36510230834e-05, 6.89893495291e-05, 3.33911557391e-05, 3.13094278681e-05, 3.25336623064e-05, 1.70450894075e-05, 1.33074627229e-05, 1.17678519018e-05, 1.32643644974e-05, 9.09932077775e-06, 5.13212808073e-06, 4.21196773459e-06, 5.28844930159e-06, 3.30176067109e-06, 3.46245928995e-06, 2.70329201157e-06, 2.12809254663e-06, 2.33798868976e-06, 1.60275658345e-06, 1.85595649782e-06, 1.23109589367e-06, 1.36373330406e-06, 1.02995932139e-06, 1.14161684905e-06, 1.04741582163e-06, 1.08709082269e-06],
        "dmean2": [0.00240996456705, 0.000852908997331, 0.000566813745536, 0.000460128707346, 0.000595038232859, 0.000608351838309, 0.000428019382525, 0.000251177640166, 0.000291242729872, 0.000296696060104, 0.000257383537246, 0.000240981142269, 0.0001561564859, 0.0001307453349, 0.000106785941171, 0.000112702298793, 5.56814738957e-05, 5.1108221669e-05, 5.29059507244e-05, 2.80936747004e-05, 2.2174555852e-05, 1.95773154701e-05, 2.23203896894e-05, 1.49994375533e-05, 8.59411466081e-06, 6.95530115991e-06, 8.70880467119e-06, 5.46828914594e-06, 5.77235186938e-06, 4.58084423371e-06, 3.56489726983e-06, 3.92081983591e-06, 2.65137487077e-06, 3.10213863486e-06, 2.01945931622e-06, 2.26863403441e-06, 1.69482700585e-06, 1.87584475952e-06, 1.7073265326e-06, 1.7775643073e-06],
        "dvar": [8.65250967763e-06, 2.75050547316e-06, 1.60004583449e-06, 8.15831469936e-07, 1.22929259305e-06, 8.52349955949e-07, 2.74270291811e-07, 1.19674112398e-07, 1.65561431231e-07, 1.66320290873e-07, 8.18872436525e-08, 7.15206525115e-08, 3.6424307126e-08, 2.2923474674e-08, 1.28964119384e-08, 2.07606571934e-08, 3.16223669472e-09, 3.13676418173e-09, 4.76713601927e-09, 1.64559765814e-09, 5.83532056009e-10, 4.54430271191e-10, 1.09067488374e-09, 3.56295160042e-10, 8.21057805078e-11, 5.61028827561e-11, 1.13162652859e-10, 3.89309105786e-11, 4.80458658969e-11, 2.31978151966e-11, 1.55984426764e-11, 1.92543342381e-11, 9.64332953768e-12, 1.31196884953e-11, 4.21962595074e-12, 5.42980807886e-12, 2.65067221644e-12, 3.58463085603e-12, 2.30578642117e-12, 2.44209535406e-12],
        "dvar2": [1.64423436217e-05, 7.36977835913e-06, 4.62575462734e-06, 2.36190453506e-06, 3.13202713187e-06, 2.22741618927e-06, 7.55612404646e-07, 3.18169895763e-07, 3.66000307395e-07, 3.51007287236e-07, 1.7074054881e-07, 1.77436078275e-07, 9.93075062183e-08, 6.02537255645e-08, 3.39952634931e-08, 4.91552718529e-08, 8.08814260012e-09, 7.9297839406e-09, 1.20241283597e-08, 4.63151383912e-09, 1.52003398757e-09, 1.17238918573e-09, 3.05074165929e-09, 8.6537665922e-10, 2.19547394154e-10, 1.48382459098e-10, 2.97863012033e-10, 1.03587825817e-10, 1.27250376902e-10, 6.57222956613e-11, 4.28583661616e-11, 5.29746142786e-11, 2.75718978898e-11, 3.60043141134e-11, 1.09392044034e-11, 1.48961017132e-11, 6.9266324447e-12, 8.9879657536e-12, 5.80568969635e-12, 6.26783043869e-12],
        "max": [0.0392107889056, 0.0254300385714, 0.0200696401298, 0.012235368602, 0.0332049354911, 0.0205991026014, 0.00794336665422, 0.00608240999281, 0.0212291944772, 0.0172891076654, 0.0078381774947, 0.00467034615576, 0.00321401376277, 0.0034671863541, 0.00266588432714, 0.00648352922872, 0.00157596066128, 0.000969803484622, 0.00131554482505, 0.00156404974405, 0.000558346277103, 0.000468927086331, 0.000695555179846, 0.000497813336551, 0.000172636209754, 0.00013848853996, 0.000209602163523, 0.000146494930959, 0.000178146816324, 8.09186240076e-05, 0.000101780635305, 0.000104894272226, 7.07296931068e-05, 8.41411238071e-05, 3.90515815525e-05, 4.15022768721e-05, 3.73845978174e-05, 2.93155626423e-05, 2.2945130695e-05, 2.84855232167e-05],
        "mean": [0.00420559756458, 0.00078807893442, 0.000244671857217, 0.000238468521275, 0.000522169226315, 0.00105934136081, 0.000957857584581, 0.000458186579635, 0.00038172560744, 0.000451908010291, 0.000431625114288, 0.000324262975482, 0.000165225676028, 0.000127035178593, 9.78448588285e-05, 0.000129964959342, 6.19905840722e-05, 5.82571447012e-05, 6.40748839942e-05, 3.1928801036e-05, 2.4413857318e-05, 2.18401164602e-05, 2.53626894846e-05, 1.96058717847e-05, 1.08312524389e-05, 9.53623111855e-06, 1.07741452666e-05, 7.48743923396e-06, 7.59390559324e-06, 6.32807859802e-06, 4.99162524648e-06, 5.33870070285e-06, 3.91769799535e-06, 4.56771704194e-06, 3.35989989253e-06, 3.51100948137e-06, 2.763043085e-06, 3.05684056912e-06, 2.88004548565e-06, 2.72415218205e-06],
        "median": [0.00161802466027, 0.000211537539144, 1.18432135423e-05, 1.36353555718e-05, 0.000168312792084, 0.00038593474892, 0.000447204278316, 0.000186157150893, 0.000177163747139, 0.000215955835301, 0.000198983747396, 0.000164947152371, 9.37425284064e-05, 6.50821675663e-05, 5.65758964512e-05, 5.22162736161e-05, 3.59642253898e-05, 2.49362947216e-05, 1.90910814126e-05, 1.1214985534e-05, 1.16714873002e-05, 9.23555035115e-06, 5.97274993197e-06, 5.87613703829e-06, 3.81941481464e-06, 3.68773794435e-06, 3.32728427566e-06, 2.42360056291e-06, 2.82033329313e-06, 2.35505854107e-06, 2.01668262889e-06, 2.08133701562e-06, 1.65420669873e-06, 1.68238466358e-06, 1.53384644364e-06, 1.5618929865e-06, 1.53225528265e-06, 1.649043611e-06, 1.74718707058e-06, 1.70625833107e-06],
        "min": [1.35554170028e-24, 8.95319853748e-25, 1.58933088474e-24, 1.49299775479e-24, 1.14021363595e-24, 2.21801259708e-24, 9.72516401426e-25, 1.6930288201e-24, 1.62402331102e-24, 2.18906514895e-24, 2.88402261581e-24, 3.28305252193e-24, 1.88251163181e-24, 3.58144980895e-24, 2.6801511784e-24, 3.01249295296e-24, 2.27011133784e-24, 1.8658108548e-24, 2.61135994367e-24, 3.38835716973e-24, 3.83644002466e-24, 3.31375577722e-24, 3.64454645402e-24, 3.96356535397e-24, 3.14822968512e-24, 3.69646572893e-24, 4.04246130525e-24, 3.87731761348e-24, 4.57062734712e-24, 4.78480308289e-24, 4.01929758806e-24, 5.28581732127e-24, 5.33485922602e-24, 5.47676307553e-24, 5.98685355305e-24, 5.33061278777e-24, 6.35938759351e-24, 6.74813864204e-24, 6.49163894098e-24, 5.25799419714e-24],
        "var": [2.95325644402e-05, 3.93509071728e-06, 9.44236319356e-07, 5.34854393663e-07, 2.06458184948e-06, 2.55372333413e-06, 1.35283335112e-06, 4.11837334013e-07, 4.3314071263e-07, 5.16535578754e-07, 4.6937665843e-07, 2.01263588906e-07, 4.80236970191e-08, 3.89116330268e-08, 1.91045810283e-08, 5.34835820076e-08, 6.19193052387e-09, 8.30917556982e-09, 1.60832485108e-08, 3.45345818609e-09, 1.1925943566e-09, 1.04758357544e-09, 2.49716669565e-09, 1.00338171105e-09, 2.18903117855e-10, 1.62029875628e-10, 2.63701394054e-10, 1.07792760828e-10, 1.14134292295e-10, 6.7127477188e-11, 4.23051316201e-11, 5.06851678683e-11, 2.83432097237e-11, 4.30316164646e-11, 1.80265299216e-11, 1.9884753566e-11, 1.12848645359e-11, 1.44698931656e-11, 1.09255963651e-11, 9.58430557141e-12]
    },
    "mfcc": {
        "mean": [-659.279663086, 118.41557312, -13.3778915405, -24.3100223541, -17.7511634827, -13.3734636307, -7.36104154587, -3.25783443451, -1.36605644226, 0.8085744977, 4.85294914246, 6.31443071365, 5.96157360077],
        "cov": [[16271.3544922, -3653.15966797, 1369.35754395, 2604.94042969, 2255.29760742, 2387.3659668, 1780.265625, 1333.88098145, 1233.51550293, 962.181152344, 468.723632812, 214.842514038, 204.269210815], [-3653.15966797, 3728.82495117, -549.968139648, -1281.12109375, -1151.74890137, -1237.13146973, -881.566955566, -684.647399902, -555.03717041, -373.012542725, -204.850616455, -176.876373291, -124.366828918], [1369.35754395, -549.968139648, 1197.50146484, 586.32019043, 537.513183594, 457.962738037, 385.352264404, 288.172821045, 243.063491821, 132.38269043, 63.1400947571, 37.2566680908, -6.34274244308], [2604.94042969, -1281.12109375, 586.32019043, 1363.05773926, 874.889709473, 872.738891602, 643.096191406, 469.511871338, 355.689880371, 264.24029541, 111.98311615, 55.7194328308, 26.6820716858], [2255.29760742, -1151.74890137, 537.513183594, 874.889709473, 868.065429688, 789.90045166, 599.731384277, 456.728881836, 364.961975098, 249.193908691, 152.103424072, 121.385643005, 80.9509429932], [2387.3659668, -1237.13146973, 457.962738037, 872.738891602, 789.90045166, 859.515014648, 628.694335938, 476.935516357, 382.233276367, 273.237304688, 160.267196655, 116.297805786, 75.5154800415], [1780.265625, -881.566955566, 385.352264404, 643.096191406, 599.731384277, 628.694335938, 548.95489502, 405.818969727, 307.045043945, 220.224639893, 145.225524902, 104.861251831, 57.9798088074], [1333.88098145, -684.647399902, 288.172821045, 469.511871338, 456.728881836, 476.935516357, 405.818969727, 409.550384521, 292.058624268, 189.874588013, 129.554244995, 103.183517456, 57.0770797729], [1233.51550293, -555.03717041, 243.063491821, 355.689880371, 364.961975098, 382.233276367, 307.045043945, 292.058624268, 320.30065918, 212.503463745, 97.0940322876, 65.022026062, 63.1408996582], [962.181152344, -373.012542725, 132.38269043, 264.24029541, 249.193908691, 273.237304688, 220.224639893, 189.874588013, 212.503463745, 243.808731079, 129.021194458, 28.8184566498, 25.6296062469], [468.723632812, -204.850616455, 63.1400947571, 111.98311615, 152.103424072, 160.267196655, 145.225524902, 129.554244995, 97.0940322876, 129.021194458, 178.897918701, 97.6482620239, 10.4920558929], [214.842514038, -176.876373291, 37.2566680908, 55.7194328308, 121.385643005, 116.297805786, 104.861251831, 103.183517456, 65.022026062, 28.8184566498, 97.6482620239, 155.572921753, 70.9374084473], [204.269210815, -124.366828918, -6.34274244308, 26.6820716858, 80.9509429932, 75.5154800415, 57.9798088074, 57.0770797729, 63.1408996582, 25.6296062469, 10.4920558929, 70.9374084473, 132.722869873]],
