{
"lowlevel": {
    "average_loudness": 0.947891294956,
    "barkbands_crest": {
        "dmean": 2.30037593842,
        "dmean2": 3.90455412865,
        "dvar": 6.59191989899,
        "dvar2": 19.4626216888,
        "max": 26.524766922,
        "mean": 10.3133535385,
        "median": 10.1953039169,
        "min": 1.70761179924,
        "var": 14.554268837
    },
    "barkbands_flatness_db": {
        "dmean": 0.0214877445251,
        "dmean2": 0.0345291085541,
        "dvar": 0.000586413429119,
        "dvar2": 0.00148061616346,
        "max": 0.776696324348,
        "mean": 0.14472605288,
        "median": 0.0943613052368,
        "min": 0.0104685071856,
        "var": 0.0148063534871
    },
    "barkbands_kurtosis": {
        "dmean": 3.07353448868,
        "dmean2": 4.74025011063,
        "dvar": 291.303863525,
        "dvar2": 613.846313477,
        "max": 1444.81005859,
        "mean": 6.31294775009,
        "median": 1.21476244926,
        "min": -1.84812152386,
        "var": 532.495605469
    },
    "barkbands_skewness": {
        "dmean": 0.500692605972,
        "dmean2": 0.798987329006,
        "dvar": 0.43727633357,
        "dvar2": 1.03504431248,
        "max": 29.3765144348,
        "mean": 1.45918655396,
        "median": 1.19730329514,
        "min": -2.16319799423,
        "var": 2.11410880089
    },
    "barkbands_spread": {
        "dmean": 5.96247959137,
        "dmean2": 9.52726364136,
        "dvar": 69.947013855,
        "dvar2": 181.086288452,
        "max": 108.513092041,
        "mean": 28.6522903442,
        "median": 29.0265159607,
        "min": 0.101973056793,
        "var": 417.196289062
    },
    "dissonance": {
        "dmean": 0.0205347649753,
        "dmean2": 0.0350163839757,
        "dvar": 0.000448462145869,
        "dvar2": 0.00121063133702,
        "max": 0.500000059605,
        "mean": 0.455599874258,
        "median": 0.471565544605,
        "min": 0.143587097526,
        "var": 0.00221018609591
    },
    "dynamic_complexity": 3.21241879463,
    "erbbands_crest": {
        "dmean": 2.4208714962,
        "dmean2": 3.87548017502,
        "dvar": 6.27513217926,
        "dvar2": 15.3264093399,
        "max": 34.0214500427,
        "mean": 10.3262290955,
        "median": 8.55959796906,
        "min": 2.31293940544,
        "var": 38.5008392334
    },
    "erbbands_flatness_db": {
        "dmean": 0.0149441445246,
        "dmean2": 0.0227835550904,
        "dvar": 0.000234558407101,
        "dvar2": 0.000507728429511,
        "max": 0.569569766521,
        "mean": 0.167889267206,
        "median": 0.124831974506,
        "min": 0.0475285723805,
        "var": 0.0100317532197
    },
    "erbbands_kurtosis": {
        "dmean": 1.44295144081,
        "dmean2": 2.20930051804,
        "dvar": 7.95753335953,
        "dvar2": 17.4108963013,
        "max": 104.125,
        "mean": 2.60743236542,
        "median": 0.532660484314,
        "min": -1.78151130676,
        "var": 45.6776161194
    },
    "erbbands_skewness": {
        "dmean": 0.343380540609,
        "dmean2": 0.524824678898,
        "dvar": 0.121372193098,
        "dvar2": 0.264199972153,
        "max": 7.95511436462,
        "mean": 0.811390340328,
        "median": 0.574235975742,
        "min": -2.5517873764,
        "var": 1.1946284771
    },
    "erbbands_spread": {
        "dmean": 6.27787923813,
        "dmean2": 9.67005252838,
        "dvar": 57.5248908997,
        "dvar2": 135.679931641,
        "max": 130.870529175,
        "mean": 30.7522583008,
        "median": 30.1955604553,
        "min": 1.22099912167,
        "var": 282.414276123
    },
    "hfc": {
        "dmean": 11.019109726,
        "dmean2": 18.5632419586,
        "dvar": 512.063720703,
        "dvar2": 1482.33520508,
        "max": 252.65536499,
        "mean": 32.6663818359,
        "median": 27.9767951965,
        "min": 1.09927790311e-16,
        "var": 819.010681152
    },
    "melbands_crest": {
        "dmean": 3.27288913727,
        "dmean2": 5.40010309219,
        "dvar": 12.7975130081,
        "dvar2": 35.3031997681,
        "max": 39.8137207031,
        "mean": 18.8604679108,
        "median": 18.7627868652,
        "min": 1.88459670544,
        "var": 55.1652679443
    },
    "melbands_flatness_db": {
        "dmean": 0.0274145230651,
        "dmean2": 0.0445358976722,
        "dvar": 0.00107498373836,
        "dvar2": 0.00282880221494,
        "max": 0.883620142937,
        "mean": 0.217325299978,
        "median": 0.17168584466,
        "min": 0.00410651089624,
        "var": 0.0192023329437
    },
    "melbands_kurtosis": {
        "dmean": 7.40572023392,
        "dmean2": 11.5233039856,
        "dvar": 3880.63232422,
        "dvar2": 8033.93310547,
        "max": 5541.81884766,
        "mean": 14.3151454926,
        "median": 5.61452817917,
        "min": -1.73106169701,
        "var": 7281.40771484
    },
    "melbands_skewness": {
        "dmean": 0.676327884197,
        "dmean2": 1.08025372028,
        "dvar": 0.950811386108,
        "dvar2": 2.13802289963,
        "max": 59.6470794678,
        "mean": 2.28382897377,
        "median": 2.04008579254,
        "min": -1.6790664196,
        "var": 3.58155584335
    },
    "melbands_spread": {
        "dmean": 7.83135080338,
        "dmean2": 12.9110269547,
        "dvar": 145.984085083,
        "dvar2": 373.184753418,
        "max": 161.218307495,
        "mean": 28.6793880463,
        "median": 26.148431778,
        "min": 0.0163699071854,
        "var": 526.050292969
    },
    "pitch_salience": {
        "dmean": 0.0714478641748,
        "dmean2": 0.118420228362,
        "dvar": 0.00614351080731,
        "dvar2": 0.016933824867,
        "max": 0.939380288124,
        "mean": 0.511508047581,
        "median": 0.50353884697,
        "min": 0.0202455483377,
        "var": 0.0207198746502
    },
    "silence_rate_20dB": {
        "dmean": 0,
        "dmean2": 0,
        "dvar": 0,
        "dvar2": 0,
        "max": 1,
        "mean": 1,
        "median": 1,
        "min": 1,
        "var": 0
    },
    "silence_rate_30dB": {
        "dmean": 0,
        "dmean2": 0,
        "dvar": 0,
        "dvar2": 0,
        "max": 1,
        "mean": 1,
        "median": 1,
        "min": 1,
        "var": 0
    },
    "silence_rate_60dB": {
        "dmean": 0.00145424332004,
        "dmean2": 0.00290878862143,
        "dvar": 0.00145199499093,
        "dvar2": 0.00310755497776,
        "max": 1,
        "mean": 0.0541130043566,
        "median": 0,
        "min": 0,
        "var": 0.0511864535511
    },
    "spectral_centroid": {
        "dmean": 255.416427612,
        "dmean2": 404.074890137,
        "dvar": 136118.578125,
        "dvar2": 332548.03125,
        "max": 11465.8632812,
        "mean": 1559.45214844,
        "median": 1606.49121094,
        "min": 80.7364044189,
        "var": 887019.5
    },
    "spectral_complexity": {
        "dmean": 3.89633321762,
        "dmean2": 6.55557870865,
        "dvar": 28.6222991943,
        "dvar2": 75.594833374,
        "max": 61,
        "mean": 21.0079975128,
        "median": 21,
        "min": 0,
        "var": 129.542419434
    },
    "spectral_decrease": {
        "dmean": 2.14645479168e-09,
        "dmean2": 3.51506757035e-09,
        "dvar": 8.70987684204e-18,
        "dvar2": 2.45263452223e-17,
        "max": 1.40809625281e-28,
        "mean": -8.24296808588e-09,
        "median": -8.12751466128e-09,
        "min": -3.04810612306e-08,
        "var": 1.87490378915e-17
    },
    "spectral_energy": {
        "dmean": 0.00862910784781,
        "dmean2": 0.0141290351748,
        "dvar": 0.000144404533785,
        "dvar2": 0.000402104400564,
        "max": 0.1193472296,
        "mean": 0.034073844552,
        "median": 0.03395017609,
        "min": 1.01804793448e-20,
        "var": 0.000298655126244
    },
    "spectral_energyband_high": {
        "dmean": 0.000917549827136,
        "dmean2": 0.00155642000027,
        "dvar": 4.08777714256e-06,
        "dvar2": 1.1380390788e-05,
        "max": 0.0287745688111,
        "mean": 0.00203735590912,
        "median": 0.00125116971321,
        "min": 7.21316438327e-21,
        "var": 7.62042191127e-06
    },
    "spectral_energyband_low": {
        "dmean": 0.00380414631218,
        "dmean2": 0.00667159305885,
        "dvar": 4.60065493826e-05,
        "dvar2": 0.0001447192044,
        "max": 0.0807174444199,
        "mean": 0.0126726925373,
        "median": 0.00970613211393,
        "min": 1.97048114011e-23,
        "var": 0.000147371843923
    },
    "spectral_energyband_middle_high": {
        "dmean": 0.0028555567842,
        "dmean2": 0.00467831920832,
        "dvar": 2.80511758319e-05,
        "dvar2": 7.21797914593e-05,
        "max": 0.0996020808816,
        "mean": 0.00762355839834,
        "median": 0.0061241989024,
        "min": 1.23734213806e-21,
        "var": 6.58083954477e-05
    },
    "spectral_energyband_middle_low": {
        "dmean": 0.00549155194312,
        "dmean2": 0.00887342169881,
        "dvar": 9.55078430707e-05,
        "dvar2": 0.000251732009929,
        "max": 0.0823593586683,
        "mean": 0.013382547535,
        "median": 0.00754047790542,
        "min": 1.77971551435e-22,
        "var": 0.000207499251701
    },
    "spectral_entropy": {
        "dmean": 0.169453024864,
        "dmean2": 0.266034185886,
        "dvar": 0.0423953011632,
        "dvar2": 0.103775471449,
        "max": 9.81397628784,
        "mean": 7.48266220093,
        "median": 7.82410144806,
        "min": 4.0887928009,
        "var": 1.00537133217
    },
    "spectral_flux": {
        "dmean": 0.0233138073236,
        "dmean2": 0.0371072590351,
        "dvar": 0.000922917795833,
        "dvar2": 0.00181738578249,
        "max": 0.344468653202,
        "mean": 0.0815638303757,
        "median": 0.0723393559456,
        "min": 6.48067918774e-11,
        "var": 0.00266104121692
    },
    "spectral_kurtosis": {
        "dmean": 7.16121912003,
        "dmean2": 12.3739852905,
        "dvar": 1043.35253906,
        "dvar2": 3152.43725586,
        "max": 997.803039551,
        "mean": 18.0120849609,
        "median": 3.45554947853,
        "min": -1.25731396675,
        "var": 3040.40185547
    },
    "spectral_rms": {
        "dmean": 0.00069979892578,
        "dmean2": 0.00112295965664,
        "dvar": 7.5013389278e-07,
        "dvar2": 2.03676108868e-06,
        "max": 0.0107905659825,
        "mean": 0.00548077840358,
        "median": 0.00575518235564,
        "min": 3.15153545621e-12,
        "var": 3.20387539432e-06
    },
    "spectral_rolloff": {
        "dmean": 622.900268555,
        "dmean2": 1071.24645996,
        "dvar": 1383814,
        "dvar2": 3487556.25,
        "max": 19552.1484375,
        "mean": 1885.11181641,
        "median": 1227.39257812,
        "min": 21.533203125,
        "var": 4434656
    },
    "spectral_skewness": {
        "dmean": 0.390477836132,
        "dmean2": 0.650245368481,
        "dvar": 0.773050367832,
        "dvar2": 2.22006773949,
        "max": 24.4369621277,
        "mean": 2.36128401756,
        "median": 1.57395076752,
        "min": -0.384433865547,
        "var": 5.96767377853
    },
    "spectral_spread": {
        "dmean": 490944.40625,
        "dmean2": 764448.875,
        "dvar": 480430358528,
        "dvar2": 923253735424,
        "max": 43327644,
        "mean": 5283146.5,
        "median": 5793695,
        "min": 106242.265625,
        "var": 6.57799616922e+12
    },
    "spectral_strongpeak": {
        "dmean": 0.51150727272,
        "dmean2": 0.87044018507,
        "dvar": 2.09608006477,
        "dvar2": 5.40942716599,
        "max": 24.5876865387,
        "mean": 0.951530754566,
        "median": 0.285689085722,
        "min": 0,
        "var": 3.17295050621
    },
    "zerocrossingrate": {
        "dmean": 0.010590787977,
        "dmean2": 0.0133853787556,
        "dvar": 0.000207008255529,
        "dvar2": 0.000311816576868,
        "max": 0.6083984375,
        "mean": 0.0766775533557,
        "median": 0.06884765625,
        "min": 0.0009765625,
        "var": 0.00291910488158
    },
    "barkbands": {
        "dmean": [0.000757865433116, 0.00248644896783, 0.000888926675543, 0.00223719584756, 0.00171890214551, 0.00125978351571, 0.000565764319617, 0.000502136244904, 0.000812068639789, 0.00109358795453, 0.000744745426346, 0.000869057141244, 0.00040443483158, 0.000445776211563, 0.000391268142266, 0.000204482465051, 0.000276652077446, 0.000214882398723, 0.000171090621734, 0.000208612473216, 0.000297905673506, 0.000159055460244, 0.000156179667101, 0.000176838526386, 0.000127270483063, 0.00010612574988, 3.01045038213e-05],
        "dmean2": [0.00116904301103, 0.00412940839306, 0.00136060558725, 0.00382027868181, 0.00278491061181, 0.00205831020139, 0.000971152447164, 0.000853781937622, 0.00129699299578, 0.00175475655124, 0.00123324769083, 0.00133652053773, 0.000669199274853, 0.000719458679669, 0.000634107971564, 0.000357923447154, 0.000469591963338, 0.000379033765057, 0.000289004179649, 0.00035500418744, 0.000495612213854, 0.00027673371369, 0.000271433149464, 0.000300422951113, 0.000217166016228, 0.000182190153282, 5.0878705224e-05],
        "dvar": [2.34034496316e-06, 2.64280479314e-05, 7.34268905944e-06, 3.50270420313e-05, 1.53867295012e-05, 8.72031250765e-06, 1.67945506746e-06, 1.1921396208e-06, 3.2010425457e-06, 6.45629734208e-06, 2.4687271889e-06, 8.05142008176e-06, 5.97994642249e-07, 5.34950856945e-07, 5.64973390738e-07, 2.36322932778e-07, 2.68906632073e-07, 2.06172487083e-07, 9.40267526062e-08, 2.14735521809e-07, 9.00805616766e-07, 7.99801043172e-08, 9.81926859822e-08, 1.43790003904e-07, 8.36849736174e-08, 6.90364885259e-08, 5.07944220018e-09],
        "dvar2": [4.64630329589e-06, 7.79380352469e-05, 1.68114438566e-05, 9.74100912572e-05, 4.16316106566e-05, 2.31120193348e-05, 4.8190599955e-06, 3.42069802173e-06, 6.60485511617e-06, 1.48285544128e-05, 6.05937475484e-06, 1.64959019457e-05, 1.61645527896e-06, 1.3134015262e-06, 1.41969314882e-06, 6.50060883345e-07, 7.34786908652e-07, 5.90816512158e-07, 2.44803146643e-07, 5.67000881802e-07, 2.17401293412e-06, 2.30724324979e-07, 2.81644133793e-07, 4.13133562915e-07, 2.33087249057e-07, 1.91207405464e-07, 1.41282194832e-08],
        "max": [0.0915380343795, 0.0596080645919, 0.0329615697265, 0.0658954307437, 0.0470938198268, 0.0425867885351, 0.0341190546751, 0.0326876156032, 0.0672886818647, 0.0685892999172, 0.0402662046254, 0.0985754653811, 0.024187406525, 0.0147365983576, 0.0198658164591, 0.011944164522, 0.00931776408106, 0.00906449183822, 0.0063837217167, 0.0116014322266, 0.0278636403382, 0.00435555307195, 0.00474970415235, 0.00459523499012, 0.00552410306409, 0.00389230786823, 0.00169291265775],
        "mean": [0.00262099993415, 0.00780854327604, 0.00101120851468, 0.00275294086896, 0.00360598927364, 0.00317708193325, 0.000739433220588, 0.000684998463839, 0.00152046070434, 0.00184358796105, 0.00106735830195, 0.00160599150695, 0.000659590470605, 0.000826554081868, 0.000622829131316, 0.000279115018202, 0.000411266548326, 0.000294948928058, 0.000297860911814, 0.000336841796525, 0.000502034439705, 0.000300415966194, 0.000264197326032, 0.000299028266454, 0.000253181759035, 0.000226426360314, 6.09367307334e-05],
        "median": [0.000590865616687, 0.00466699805111, 0.000174062995939, 0.000661382684484, 0.00113745231647, 0.000727428880055, 0.000438202812802, 0.000389380234992, 0.000656960066408, 0.000727243954316, 0.000433981156675, 0.000439388473751, 0.00034437890281, 0.000475753855426, 0.000343192688888, 0.000152590146172, 0.000233857979765, 0.000163934339071, 0.000179973954801, 0.000164249533555, 0.000223105453188, 0.000197074346943, 0.000128834159113, 0.000139977026265, 0.000126099694171, 0.000113351379696, 2.96745056403e-05],
        "min": [3.55922996383e-24, 4.70574541512e-24, 3.72797322791e-24, 9.60468128821e-25, 5.57994410978e-24, 1.38897405932e-23, 8.34244625301e-24, 2.10440479381e-23, 2.88572355769e-23, 2.40713553045e-23, 1.93898050422e-23, 3.38597749193e-23, 4.77651617797e-23, 4.15876298962e-23, 4.38952563033e-23, 5.78135457726e-23, 5.85804069249e-23, 1.18739646376e-22, 1.47173954689e-22, 2.45095599642e-22, 2.7913130001e-22, 2.86169655846e-22, 4.79713207954e-22, 6.6670666495e-22, 9.73000982903e-22, 1.24160950953e-21, 2.10638493566e-21],
        "var": [1.72368199856e-05, 8.2828271843e-05, 7.53821632316e-06, 2.88784867735e-05, 3.37726887665e-05, 3.46071610693e-05, 1.29104205371e-06, 1.0777831676e-06, 1.26465010908e-05, 1.33971470859e-05, 3.72626732315e-06, 2.35862662521e-05, 9.52981451974e-07, 1.22679648484e-06, 9.08784329567e-07, 2.34727167481e-07, 3.30941844595e-07, 2.07141809483e-07, 1.89399415262e-07, 3.58914036269e-07, 1.62421201821e-06, 1.41360189332e-07, 1.56962670417e-07, 2.15657863123e-07, 1.65138231978e-07, 1.38063498412e-07, 9.98903093574e-09]
    },
    "erbbands": {
        "dmean": [0.118708252907, 0.403032362461, 0.793912947178, 4.60181093216, 6.43758058548, 5.77621078491, 10.3837423325, 9.12029647827, 7.75144767761, 9.76832008362, 12.4273424149, 18.3994045258, 31.7551231384, 27.5284347534, 26.073677063, 41.5810050964, 19.9877128601, 22.8019332886, 17.229259491, 19.9594993591, 12.9520626068, 12.0764131546, 10.5726318359, 10.9608316422, 8.09043693542, 10.9712839127, 13.8646430969, 7.4991350174, 4.90650129318, 5.79251527786, 4.47727632523, 3.94464898109, 2.86559772491, 1.6674362421, 0.830393910408, 0.484233945608, 0.214563831687, 0.0554700009525, 0.00431030383334, 6.86763305566e-05],
        "dmean2": [0.194989934564, 0.662573337555, 1.16193270683, 7.76876735687, 10.5752353668, 9.46438121796, 16.4172821045, 15.3463878632, 13.572177887, 16.5701675415, 20.8873977661, 29.4895954132, 51.1294708252, 44.0754394531, 43.1705360413, 63.4227104187, 32.7918624878, 36.7766571045, 28.7370758057, 32.4044876099, 22.2222099304, 20.7745361328, 18.5781860352, 18.73371315, 13.635638237, 18.5780086517, 23.0157337189, 12.7579193115, 8.36176967621, 10.249042511, 7.68972206116, 6.88440656662, 4.81277704239, 2.86671853065, 1.39511024952, 0.827491700649, 0.370607972145, 0.0935256406665, 0.00728882197291, 0.000115542308777],
        "dvar": [0.053320620209, 0.940058529377, 5.22981500626, 171.263931274, 172.366912842, 229.415527344, 687.202270508, 524.500671387, 379.991912842, 415.690643311, 510.468017578, 1553.29541016, 3798.13647461, 7127.40332031, 2674.26245117, 20182.1367188, 1310.859375, 1301.99401855, 1687.47705078, 1263.6697998, 788.122192383, 673.454467773, 487.496520996, 393.113830566, 257.107574463, 657.739196777, 2191.50512695, 354.391052246, 64.9238433838, 149.341308594, 70.9501495361, 81.4449462891, 36.1871337891, 13.5578193665, 3.74206328392, 1.36986029148, 0.284763216972, 0.016195576638, 0.000103491431219, 2.34153478829e-08],
        "dvar2": [0.143131062388, 2.72091221809, 11.755648613, 474.009857178, 450.094268799, 645.424743652, 1744.69042969, 1402.79528809, 1084.21142578, 1162.19006348, 1411.89807129, 3363.4074707, 9222.31738281, 14998.4589844, 6841.30517578, 40589.0195312, 3496.41601562, 3199.44506836, 4354.52294922, 3075.67993164, 2146.80908203, 1885.28063965, 1390.37463379, 1075.85180664, 637.807678223, 1706.08056641, 5107.70849609, 902.203186035, 182.746810913, 434.559906006, 201.214050293, 243.708724976, 98.8336639404, 38.7767448425, 10.097366333, 3.78908491135, 0.794994235039, 0.043996155262, 0.000289013638394, 6.48589022489e-08],
        "max": [3.31564092636, 10.4993286133, 29.7767868042, 152.895324707, 142.136154175, 185.638092041, 563.554016113, 464.592315674, 434.35244751, 557.318725586, 555.510681152, 1788.71740723, 1808.64099121, 2743.34912109, 1474.78759766, 5052.19042969, 1071.12683105, 791.651916504, 1268.86584473, 654.11895752, 644.322814941, 473.235931396, 399.312408447, 347.771484375, 377.44128418, 706.24029541, 1310.33374023, 826.909851074, 157.058486938, 151.054611206, 126.113037109, 105.067970276, 82.2054138184, 58.9660072327, 35.980304718, 20.7316570282, 8.06404399872, 2.54318094254, 0.222168475389, 0.00331173487939],
        "mean": [0.467974275351, 0.797936499119, 1.03458034992, 5.96337747574, 8.77953338623, 11.1216020584, 32.8161430359, 17.1264190674, 10.6143884659, 12.8169279099, 19.4238185883, 34.8703193665, 57.7961997986, 47.0472984314, 43.5873565674, 79.2664337158, 35.7314109802, 44.3935165405, 28.0428733826, 31.9664421082, 19.9861946106, 18.33385849, 15.9780168533, 16.9474086761, 15.2342805862, 17.8496379852, 22.1625862122, 14.1112546921, 10.5637760162, 9.25490188599, 7.53162384033, 6.24217605591, 4.77903461456, 3.01535367966, 1.68392837048, 0.944503724575, 0.433905690908, 0.123263970017, 0.00879739783704, 0.000178742993739],
        "median": [0.224985376, 0.404686808586, 0.283066481352, 1.41965842247, 2.57226419449, 4.6402349472, 4.08018016815, 5.65351200104, 5.98832273483, 6.9426908493, 12.034116745, 16.494354248, 23.3596992493, 19.7852554321, 21.6600017548, 22.855796814, 20.7969455719, 27.0552768707, 16.804775238, 15.6270990372, 12.4936981201, 11.0180263519, 9.69515037537, 10.7857370377, 8.24511146545, 8.80460739136, 8.36941719055, 7.76626396179, 7.33527326584, 4.98794031143, 3.88440656662, 2.83503484726, 2.08334636688, 1.43475103378, 0.807534456253, 0.429219245911, 0.218180373311, 0.0663013830781, 0.0041333748959, 0.000114018141176],
        "min": [1.52833015632e-22, 6.59987488547e-22, 4.49634055234e-21, 1.11901696047e-20, 2.19450677237e-20, 2.86471839302e-20, 9.88410263155e-20, 1.21893503087e-19, 1.59395248347e-19, 2.04388458221e-19, 5.46807278639e-19, 6.61533300492e-19, 8.92427688693e-19, 6.95723466944e-19, 9.22832366469e-19, 1.54817884161e-18, 1.81575078006e-18, 2.81056946991e-18, 2.81505092768e-18, 3.32531403894e-18, 4.43859988176e-18, 4.5410300706e-18, 5.43298885129e-18, 7.85235772616e-18, 7.51801463128e-18, 1.2327546288e-17, 1.23070859755e-17, 8.37989960644e-18, 1.23472067168e-17, 1.31185865524e-17, 1.36668071208e-17, 1.32455703569e-17, 1.26711521513e-17, 1.00079192649e-17, 7.1651335917e-18, 4.51818044695e-18, 2.12850673569e-18, 1.01925215758e-18, 2.78128882719e-19, 2.7480145177e-20],
        "var": [0.323149591684, 1.38737761974, 6.25639295578, 141.250869751, 208.686584473, 300.985015869, 6223.69238281, 834.850524902, 296.593261719, 373.538269043, 719.629699707, 6420.74365234, 10635.7216797, 13696.4736328, 5469.484375, 59444.90625, 2267.9284668, 3135.93115234, 2130.31982422, 2527.96899414, 901.586181641, 722.325561523, 548.56072998, 498.89666748, 648.537902832, 1110.9855957, 3845.53979492, 708.796813965, 156.426467896, 193.178939819, 120.956130981, 99.1368179321, 60.7189331055, 22.3104858398, 8.09403991699, 2.78145170212, 0.495835959911, 0.0353607088327, 0.00021386082517, 5.11137940862e-08]
    },
    "gfcc": {
        "mean": [-6.70180606842, 71.4664535522, -106.211746216, 6.64986467361, -54.3204689026, 15.2480382919, -29.5593738556, 3.00078558922, -24.1058864594, 4.40170955658, -16.8684139252, 1.8766065836, -10.3437414169],
        "cov": [[29692.6367188, -5689.70166016, 317.016296387, 2866.68041992, -257.316162109, 1750.97521973, 280.868713379, 1669.91772461, -243.375946045, 859.819274902, -465.130065918, 1159.41259766, -116.199676514], [-5689.70166016, 5048.19580078, 385.229125977, -858.751403809, 124.976638794, -1322.85302734, -510.572875977, -1279.2409668, 42.0988998413, -665.465087891, 175.904754639, -736.378051758, 87.1377410889], [317.016296387, 385.229125977, 1135.61108398, 112.266487122, 55.4994812012, -16.3879108429, -101.285934448, -69.7698669434, -76.7503662109, -63.7535247803, -17.7654323578, -35.5605926514, -56.9802589417], [2866.68041992, -858.751403809, 112.266487122, 699.757995605, -2.10205721855, 270.154449463, 76.2949371338, 246.309265137, 22.8401165009, 111.049598694, -62.768371582, 141.962417603, 4.6292090416], [-257.316162109, 124.976638794, 55.4994812012, -2.10205721855, 449.196014404, 103.078186035, 174.663757324, 104.295227051, 146.839538574, 89.0989151001, 64.6612548828, 37.9344596863, 39.7432823181], [1750.97521973, -1322.85302734, -16.3879108429, 270.154449463, 103.078186035, 663.658874512, 282.690673828, 469.616333008, 33.7812156677, 249.413452148, 12.6529035568, 284.895202637, -2.47752785683], [280.868713379, -510.572875977, -101.285934448, 76.2949371338, 174.663757324, 282.690673828, 305.209472656, 281.869842529, 111.481468201, 160.286895752, 47.6445198059, 153.165466309, 46.3038711548], [1669.91772461, -1279.2409668, -69.7698669434, 246.309265137, 104.295227051, 469.616333008, 281.869842529, 522.663513184, 102.198989868, 255.701416016, -3.48192739487, 265.252410889, 23.9731845856], [-243.375946045, 42.0988998413, -76.7503662109, 22.8401165009, 146.839538574, 33.7812156677, 111.481468201, 102.198989868, 196.50012207, 84.5584716797, 65.2705841064, 37.4507369995, 53.3050041199], [859.819274902, -665.465087891, -63.7535247803, 111.049598694, 89.0989151001, 249.413452148, 160.286895752, 255.701416016, 84.5584716797, 232.033187866, 49.6167411804, 150.884765625, 9.78699874878], [-465.130065918, 175.904754639, -17.7654323578, -62.768371582, 64.6612548828, 12.6529035568, 47.6445198059, -3.48192739487, 65.2705841064, 49.6167411804, 125.287994385, 42.0183143616, 19.7663154602], [1159.41259766, -736.378051758, -35.5605926514, 141.962417603, 37.9344596863, 284.895202637, 153.165466309, 265.252410889, 37.4507369995, 150.884765625, 42.0183143616, 250.47277832, 47.5463867188], [-116.199676514, 87.1377410889, -56.9802589417, 4.6292090416, 39.7432823181, -2.47752785683, 46.3038711548, 23.9731845856, 53.3050041199, 9.78699874878, 19.7663154602, 47.5463867188, 99.2492904663]],
        "icov": [[7.69033649703e-05, -7.07108047209e-05, 3.71006135538e-05, -0.000252093275776, -1.84868658835e-05, 1.42981225508e-05, 0.000190911436221, -0.000152660344611, 0.000148715058458, -0.000219579349505, 0.00029449572321, -0.000360977312084, 0.000196802691789], [-7.07108047209e-05, 0.00124705128837, -0.000414316513343, 0.000506466603838, -0.000317612255458, 0.000345917185768, -0.000616594101302, 0.00171514437534, -0.000815250910819, 0.00138125114609, -0.00187045917846, 0.00177120394073, -0.00160428974777], [3.71006135538e-05, -0.000414316513343, 0.00117072334979, -0.000458913098555, -0.000389389751945, -0.000151688262122, 0.000767233024817, -0.000737050897442, 0.000724093173631, -0.000103259786556, 0.000305691064568, -0.000702021294273, 0.000969665590674], [-0.000252093275776, 0.000506466603838, -0.000458913098555, 0.00292243505828, 0.000147753715282, -0.000544405833352, -0.000191862985957, 0.00076045060996, -0.00150527188089, 0.000716140726581, 0.000217226886889, 0.000788298377302, -0.000989582389593], [-1.84868658835e-05, -0.000317612255458, -0.000389389751945, 0.000147753715282, 0.00381983653642, -0.00056104286341, -0.00202778191306, 0.00051998096751, -0.00196655257605, -0.000664652267005, 0.000408233114285, 0.000354631105438, 0.00017414134345], [1.42981225508e-05, 0.000345917185768, -0.000151688262122, -0.000544405833352, -0.00056104286341, 0.00584636209533, -0.00191884697415, -0.00260257860646, 0.00222849892452, -0.000293542107102, -0.00108445412479, -0.00163320545107, 0.00137624866329], [0.000190911436221, -0.000616594101302, 0.000767233024817, -0.000191862985957, -0.00202778191306, -0.00191884697415, 0.0109107298777, -0.00491998298094, 2.7027046599e-05, -0.000913328491151, -0.000709614017978, -0.000507832621224, -0.00146335281897], [-0.000152660344611, 0.00171514437534, -0.000737050897442, 0.00076045060996, 0.00051998096751, -0.00260257860646, -0.00491998298094, 0.0151021266356, -0.00593243585899, -0.00234495801851, 0.00470520881936, -0.00344842858613, 0.000363511469914], [0.000148715058458, -0.000815250910819, 0.000724093173631, -0.00150527188089, -0.00196655257605, 0.00222849892452, 2.7027046599e-05, -0.00593243585899, 0.0131921805441, -0.00275754602626, -0.00455851340666, 0.00306180515327, -0.00373302958906], [-0.000219579349505, 0.00138125114609, -0.000103259786556, 0.000716140726581, -0.000664652267005, -0.000293542107102, -0.000913328491151, -0.00234495801851, -0.00275754602626, 0.0142400572076, -0.00636072643101, 0.000922055158298, 0.000590766663663], [0.00029449572321, -0.00187045917846, 0.000305691064568, 0.000217226886889, 0.000408233114285, -0.00108445412479, -0.000709614017978, 0.00470520881936, -0.00455851340666, -0.00636072643101, 0.019612217322, -0.0100739877671, 0.0051520052366], [-0.000360977312084, 0.00177120394073, -0.000702021294273, 0.000788298377302, 0.000354631105438, -0.00163320545107, -0.000507832621224, -0.00344842858613, 0.00306180515327, 0.000922055158298, -0.0100739877671, 0.0187076125294, -0.0102215157822], [0.000196802691789, -0.00160428974777, 0.000969665590674, -0.000989582389593, 0.00017414134345, 0.00137624866329, -0.00146335281897, 0.000363511469914, -0.00373302958906, 0.000590766663663, 0.0051520052366, -0.0102215157822, 0.0186942983419]]
    },
    "melbands": {
        "dmean": [0.000862210348714, 0.000356230681064, 0.00087387021631, 0.000389273598557, 0.000339743011864, 0.000212377854041, 0.000115448157885, 0.000102149002487, 0.000108280779386, 0.000116049777716, 0.000160446215887, 0.000114196125651, 0.000102959165815, 0.000100281344203, 6.98133153492e-05, 3.37483143085e-05, 4.83927942696e-05, 2.90471998596e-05, 2.46660456469e-05, 2.07653283724e-05, 1.68222504726e-05, 1.40602187457e-05, 1.10771634354e-05, 1.2488286302e-05, 9.05194156076e-06, 7.15264013706e-06, 6.74006741974e-06, 7.18813544154e-06, 8.89668081072e-06, 8.54071004142e-06, 4.03968579121e-06, 2.82052542389e-06, 3.62758692063e-06, 3.24525649376e-06, 2.75964066532e-06, 2.60699766841e-06, 2.44872740041e-06, 2.1259127152e-06, 1.81874747796e-06, 1.40804149851e-06],
        "dmean2": [0.0014267830411, 0.000595357327256, 0.00146880652755, 0.000624965294264, 0.000543422589544, 0.00035585052683, 0.000201708622626, 0.000173910899321, 0.000179653448868, 0.000185773227713, 0.000257964158664, 0.000182608811883, 0.000169889506651, 0.000155411136802, 0.000108935731987, 5.69033472857e-05, 7.7641219832e-05, 4.84513839183e-05, 4.04827296734e-05, 3.42920320691e-05, 2.87851707981e-05, 2.40785484493e-05, 1.89171787497e-05, 2.1982294129e-05, 1.5366840671e-05, 1.21568346003e-05, 1.13199885163e-05, 1.22821647892e-05, 1.46239817695e-05, 1.4510004803e-05, 6.98522899256e-06, 4.82736550111e-06, 6.31989132671e-06, 5.74183377466e-06, 4.71116209155e-06, 4.55437429991e-06, 4.28930570706e-06, 3.56143755198e-06, 3.08552444039e-06, 2.44406373895e-06],
        "dvar": [2.80785707218e-06, 8.40847405925e-07, 5.15114834343e-06, 6.47280046451e-07, 7.63801551784e-07, 2.68190575525e-07, 8.37272864374e-08, 4.98873937715e-08, 3.57988589883e-08, 6.37123847014e-08, 9.64043991303e-08, 1.34636351845e-07, 3.90357044466e-08, 1.04329529904e-07, 2.84423542496e-08, 3.86168341748e-09, 6.20684303954e-09, 5.08167419255e-09, 2.12051798343e-09, 1.49921164372e-09, 1.14680254182e-09, 8.64859350802e-10, 5.69939595518e-10, 6.84543588481e-10, 2.57492832612e-10, 1.93786861558e-10, 2.20170937038e-10, 2.87657120346e-10, 1.1929413013e-09, 1.27717236786e-09, 7.40340913574e-11, 2.26750614812e-11, 4.54386597792e-11, 4.87095710988e-11, 2.35455769465e-11, 2.95680216422e-11, 3.29813745759e-11, 1.83148166771e-11, 1.49291221746e-11, 9.47871208606e-12],
        "dvar2": [7.90693411545e-06, 2.05157834898e-06, 1.41780692502e-05, 1.71257352122e-06, 2.0055783807e-06, 7.19677984762e-07, 2.39016372916e-07, 1.41462862757e-07, 9.34506374506e-08, 1.37869562877e-07, 2.33351883594e-07, 2.84482013058e-07, 9.84639640933e-08, 2.18538303898e-07, 6.00725158506e-08, 1.07824025264e-08, 1.48559742286e-08, 1.31148221172e-08, 5.46003331436e-09, 3.86159904053e-09, 3.07480907402e-09, 2.3859771936e-09, 1.46693812653e-09, 1.9765193926e-09, 6.86466439248e-10, 4.89736751152e-10, 5.59537083333e-10, 7.72302777285e-10, 2.73927502903e-09, 3.24548898867e-09, 2.03042235802e-10, 6.40577382804e-11, 1.31119434754e-10, 1.39999387083e-10, 6.51331974466e-11, 8.59883969584e-11, 9.91685136786e-11, 4.82243966982e-11, 4.20544571389e-11, 2.71559476295e-11],
        "max": [0.0221554860473, 0.0114701427519, 0.0258367415518, 0.0103599792346, 0.0167083498091, 0.00918074604124, 0.00697586731985, 0.00713053811342, 0.00618234369904, 0.00963071547449, 0.00894429534674, 0.0119273969904, 0.00390229863115, 0.0109414029866, 0.00558638758957, 0.00141509436071, 0.00180444889702, 0.00214218930341, 0.000957947573625, 0.000722523662262, 0.000651738955639, 0.000499186629895, 0.000770700455178, 0.000283554429188, 0.000315759418299, 0.000337282574037, 0.000373687216779, 0.000446345860837, 0.00135403755121, 0.00122311082669, 0.000342298735632, 8.59188294271e-05, 0.000116728348075, 0.000103721504274, 0.000109929242171, 6.33397721685e-05, 7.01023091096e-05, 7.0096750278e-05, 4.90348284075e-05, 4.84783049615e-05],
        "mean": [0.00310799409635, 0.000650103203952, 0.00112189736683, 0.000639475765638, 0.00100018572994, 0.000431539374404, 0.000158624359756, 0.000135347538162, 0.000177050329512, 0.000220079818973, 0.000286416179733, 0.000186992387171, 0.000152757755131, 0.000187795609236, 0.000129788575578, 5.58629726584e-05, 9.00240047486e-05, 4.47899001301e-05, 3.84945669794e-05, 3.21604784403e-05, 2.38985958276e-05, 1.99358655664e-05, 1.59045448527e-05, 1.59714272741e-05, 1.30602111312e-05, 1.15997672765e-05, 1.12138914119e-05, 1.08799931695e-05, 1.37450151669e-05, 1.20606036944e-05, 7.31538284526e-06, 5.90076479057e-06, 5.78537174079e-06, 4.81000188302e-06, 4.45385057901e-06, 4.00192675443e-06, 3.61106890523e-06, 3.40870678883e-06, 2.98499981e-06, 2.41276393353e-06],
        "median": [0.00169902574271, 0.000295319623547, 0.000270450778771, 0.00026588793844, 0.000160233612405, 0.000135476992, 9.19013255043e-05, 7.65236982261e-05, 0.000106058119854, 0.00010192875925, 0.000110802866402, 6.79521253915e-05, 6.50342481094e-05, 5.11490106874e-05, 6.28549023531e-05, 3.23947497236e-05, 4.97124819958e-05, 2.45512783295e-05, 2.16869157157e-05, 1.66144236573e-05, 1.27158273244e-05, 1.12941361294e-05, 6.89878834237e-06, 8.42105873744e-06, 7.52973528506e-06, 5.79249535804e-06, 5.61069282412e-06, 5.12775568495e-06, 4.31402213508e-06, 4.58041358797e-06, 4.18044419348e-06, 4.01755687562e-06, 3.38835207003e-06, 2.18381410377e-06, 2.30512819144e-06, 1.61688217304e-06, 1.51750862187e-06, 1.34286892717e-06, 1.42014857829e-06, 1.07423147711e-06],
        "min": [2.41248278465e-24, 1.61197434816e-24, 2.2493639016e-24, 1.78600593854e-24, 3.22995488604e-24, 2.93125783187e-24, 2.27543595174e-24, 3.20002629216e-24, 4.2671371741e-24, 4.65945702936e-24, 4.30077854183e-24, 2.45164637593e-24, 2.91695183936e-24, 3.36563797566e-24, 3.727422603e-24, 4.44254236852e-24, 4.10181874963e-24, 4.43366768334e-24, 3.1558297683e-24, 3.73031062278e-24, 4.99756439105e-24, 3.63537910144e-24, 5.42508361433e-24, 5.78853194932e-24, 6.45245188108e-24, 4.64943415712e-24, 6.70860330005e-24, 7.25869415306e-24, 7.54856977015e-24, 6.39097950061e-24, 4.58238965765e-24, 5.84202026857e-24, 6.62918867272e-24, 6.62645842513e-24, 6.83887263449e-24, 6.75848297509e-24, 7.24027425092e-24, 8.26301348188e-24, 7.3199018707e-24, 7.26455065642e-24],
        "var": [1.34728843477e-05, 1.33987953177e-06, 4.43680482931e-06, 8.72009366049e-07, 5.05027082909e-06, 5.00932401337e-07, 6.44646291903e-08, 4.23313508691e-08, 8.52055492828e-08, 2.38750885728e-07, 2.6996170277e-07, 2.57095877032e-07, 6.69063595637e-08, 3.1097840747e-07, 7.70940715711e-08, 5.46258460687e-09, 1.51293058082e-08, 6.23151308332e-09, 3.25879101482e-09, 2.41236963738e-09, 1.38314648623e-09, 8.961412723e-10, 8.65016558382e-10, 6.14956030542e-10, 3.39596295529e-10, 4.22837043157e-10, 4.21738033385e-10, 4.20130957801e-10, 2.03814121136e-09, 1.55370860622e-09, 1.46805428924e-10, 5.2270601042e-11, 6.35714744734e-11, 6.32171884285e-11, 4.107135812e-11, 4.19729181966e-11, 3.65604248265e-11, 3.42206263326e-11, 2.13997881915e-11, 1.53628203908e-11]
    },
    "mfcc": {
        "mean": [-647.72253418, 110.173049927, 5.95750761032, 3.06437182426, -3.64521050453, 7.81311607361, 2.17972159386, 0.41023260355, -0.40391856432, 0.886458814144, -0.369517117739, -2.53878879547, -4.53013181686],
        "cov": [[17263.6269531, -2825.82592773, -834.175415039, 495.309509277, 284.130401611, 639.633422852, 800.741760254, 1083.27685547, 966.696044922, 433.88684082, 272.530731201, 468.906555176, 594.966369629], [-2825.82592773, 3421.85498047, 645.453552246, 32.9705619812, -18.8641681671, -255.987945557, -541.32824707, -646.185180664, -552.173706055, -267.336700439, -177.466339111, -351.947540283, -378.141204834], [-834.175415039, 645.453552246, 864.360351562, 72.8395690918, 33.4080429077, -59.5095100403, -71.5572280884, -141.948242188, -203.2996521, -96.6905288696, -54.8328208923, -81.5911102295, -136.858032227], [495.309509277, 32.9705619812, 72.8395690918, 332.493225098, 90.8569946289, 16.8584880829, -30.6000442505, 3.43714904785, 64.7025756836, 7.31282234192, -7.88014888763, 8.58094406128, 16.9055614471], [284.130401611, -18.8641681671, 33.4080429077, 90.8569946289, 230.643035889, 86.3925247192, 53.5142555237, 66.9932937622, 72.8031158447, 62.5173606873, 53.590423584, 23.9837932587, 38.7915840149], [639.633422852, -255.987945557, -59.5095100403, 16.8584880829, 86.3925247192, 189.116027832, 151.63218689, 134.332183838, 106.101806641, 81.6817626953, 82.2483215332, 66.8197937012, 85.4857711792], [800.741760254, -541.32824707, -71.5572280884, -30.6000442505, 53.5142555237, 151.63218689, 266.633758545, 222.125427246, 162.144134521, 94.1579208374, 95.8991165161, 107.807342529, 109.256767273], [1083.27685547, -646.185180664, -141.948242188, 3.43714904785, 66.9932937622, 134.332183838, 222.125427246, 315.729492188, 230.436218262, 100.012870789, 90.9901733398, 131.260620117, 148.121292114], [966.696044922, -552.173706055, -203.2996521, 64.7025756836, 72.8031158447, 106.101806641, 162.144134521, 230.436218262, 290.034393311, 138.033630371, 71.7865905762, 95.5708007812, 145.523132324], [433.88684082, -267.336700439, -96.6905288696, 7.31282234192, 62.5173606873, 81.6817626953, 94.1579208374, 100.012870789, 138.033630371, 166.62171936, 99.0558624268, 46.7637367249, 68.3867340088], [272.530731201, -177.466339111, -54.8328208923, -7.88014888763, 53.590423584, 82.2483215332, 95.8991165161, 90.9901733398, 71.7865905762, 99.0558624268, 168.154983521, 93.5362091064, 47.7801971436], [468.906555176, -351.947540283, -81.5911102295, 8.58094406128, 23.9837932587, 66.8197937012, 107.807342529, 131.260620117, 95.5708007812, 46.7637367249, 93.5362091064, 157.814666748, 104.842498779], [594.966369629, -378.141204834, -136.858032227, 16.9055614471, 38.7915840149, 85.4857711792, 109.256767273, 148.121292114, 145.523132324, 68.3867340088, 47.7801971436, 104.842498779, 180.072341919]],
