{
"lowlevel": {
    "average_loudness": 0.723837912083,
    "barkbands_crest": {
        "dmean": 3.00090193748,
        "dmean2": 4.58860635757,
        "dvar": 8.51415634155,
        "dvar2": 18.8527870178,
        "max": 26.0931015015,
        "mean": 12.346698761,
        "median": 12.2500905991,
        "min": 2.10528349876,
        "var": 27.916891098
    },
    "barkbands_flatness_db": {
        "dmean": 0.0327499248087,
        "dmean2": 0.0482432283461,
        "dvar": 0.00212204875425,
        "dvar2": 0.00356461759657,
        "max": 0.682726025581,
        "mean": 0.137988850474,
        "median": 0.122128456831,
        "min": 0.0180544834584,
        "var": 0.00684967124835
    },
    "barkbands_kurtosis": {
        "dmean": 16.2197952271,
        "dmean2": 27.6599330902,
        "dvar": 7277.06982422,
        "dvar2": 20740.0332031,
        "max": 1752.66674805,
        "mean": 17.8215522766,
        "median": 4.15611124039,
        "min": -1.83323395252,
        "var": 5164.96826172
    },
    "barkbands_skewness": {
        "dmean": 1.02035868168,
        "dmean2": 1.59746992588,
        "dvar": 2.98231935501,
        "dvar2": 8.51798534393,
        "max": 31.2479839325,
        "mean": 2.68725538254,
        "median": 2.22146964073,
        "min": -2.19730329514,
        "var": 5.56569480896
    },
    "barkbands_spread": {
        "dmean": 7.833152771,
        "dmean2": 12.5563755035,
        "dvar": 96.4685668945,
        "dvar2": 232.922515869,
        "max": 135.556121826,
        "mean": 27.1840991974,
        "median": 24.7454986572,
        "min": 0.0541244931519,
        "var": 324.493927002
    },
    "dissonance": {
        "dmean": 0.00972876418382,
        "dmean2": 0.0164722949266,
        "dvar": 0.00013767121709,
        "dvar2": 0.000367418455426,
        "max": 0.500000119209,
        "mean": 0.482352793217,
        "median": 0.48612511158,
        "min": 0.18954628706,
        "var": 0.000256232422544
    },
    "dynamic_complexity": 2.86706399918,
    "erbbands_crest": {
        "dmean": 1.85026574135,
        "dmean2": 2.9466676712,
        "dvar": 4.83718585968,
        "dvar2": 10.4231300354,
        "max": 26.9907588959,
        "mean": 6.53834104538,
        "median": 5.40528774261,
        "min": 2.1676967144,
        "var": 13.0074558258
    },
    "erbbands_flatness_db": {
        "dmean": 0.0149333328009,
        "dmean2": 0.0218148771673,
        "dvar": 0.000503497722093,
        "dvar2": 0.00087305548368,
        "max": 0.49805238843,
        "mean": 0.113840192556,
        "median": 0.103231579065,
        "min": 0.0496489591897,
        "var": 0.00199131667614
    },
    "erbbands_kurtosis": {
        "dmean": 1.80954563618,
        "dmean2": 2.81343650818,
        "dvar": 132.730804443,
        "dvar2": 267.880554199,
        "max": 182.697845459,
        "mean": 0.634970366955,
        "median": -0.77852678299,
        "min": -1.87741434574,
        "var": 140.903137207
    },
    "erbbands_skewness": {
        "dmean": 0.396210223436,
        "dmean2": 0.613271296024,
        "dvar": 0.631444334984,
        "dvar2": 1.11812508106,
        "max": 11.7561101913,
        "mean": -0.0689669698477,
        "median": -0.256064027548,
        "min": -2.6043586731,
        "var": 1.1962287426
    },
    "erbbands_spread": {
        "dmean": 9.96860599518,
        "dmean2": 15.8377656937,
        "dvar": 135.252349854,
        "dvar2": 325.955627441,
        "max": 164.55557251,
        "mean": 59.3887672424,
        "median": 59.0697555542,
        "min": 1.41024816036,
        "var": 455.138946533
    },
    "hfc": {
        "dmean": 8.60939788818,
        "dmean2": 13.3739309311,
        "dvar": 196.310943604,
        "dvar2": 463.514068604,
        "max": 168.308517456,
        "mean": 26.2095222473,
        "median": 17.9173793793,
        "min": 1.21677182846e-16,
        "var": 561.39465332
    },
    "melbands_crest": {
        "dmean": 4.37250947952,
        "dmean2": 6.73630952835,
        "dvar": 20.6343078613,
        "dvar2": 41.6631774902,
        "max": 39.8919296265,
        "mean": 20.7475261688,
        "median": 20.603925705,
        "min": 1.87943994999,
        "var": 68.7760009766
    },
    "melbands_flatness_db": {
        "dmean": 0.0392349474132,
        "dmean2": 0.0570960380137,
        "dvar": 0.00290470151231,
        "dvar2": 0.00487441802397,
        "max": 0.864468514919,
        "mean": 0.210074856877,
        "median": 0.198946818709,
        "min": 0.00723971892148,
        "var": 0.0107167558745
    },
    "melbands_kurtosis": {
        "dmean": 44.9309692383,
        "dmean2": 76.6795959473,
        "dvar": 127975.140625,
        "dvar2": 363502.28125,
        "max": 20672.0019531,
        "mean": 57.6220397949,
        "median": 23.6819248199,
        "min": -1.65188157558,
        "var": 77024.046875
    },
    "melbands_skewness": {
        "dmean": 1.60430836678,
        "dmean2": 2.51371192932,
        "dvar": 8.93958377838,
        "dvar2": 22.9180736542,
        "max": 92.0429611206,
        "mean": 5.13702583313,
        "median": 4.43768119812,
        "min": -0.916658461094,
        "var": 13.9388952255
    },
    "melbands_spread": {
        "dmean": 8.5883026123,
        "dmean2": 13.4877271652,
        "dvar": 183.421508789,
        "dvar2": 417.841369629,
        "max": 199.563766479,
        "mean": 23.0713653564,
        "median": 15.6980037689,
        "min": 0.0111863715574,
        "var": 509.707946777
    },
    "pitch_salience": {
        "dmean": 0.100686840713,
        "dmean2": 0.156845882535,
        "dvar": 0.0115417959169,
        "dvar2": 0.026178041473,
        "max": 0.918773770332,
        "mean": 0.464195013046,
        "median": 0.4657792449,
        "min": 0.00836238078773,
        "var": 0.0301427133381
    },
    "silence_rate_20dB": {
        "dmean": 0.00137835973874,
        "dmean2": 0.00275703612715,
        "dvar": 0.00137646263465,
        "dvar2": 0.00274944514968,
        "max": 1,
        "mean": 0.998162388802,
        "median": 1,
        "min": 0,
        "var": 0.00183431839105
    },
    "silence_rate_30dB": {
        "dmean": 0.0555938445032,
        "dmean2": 0.111200459301,
        "dvar": 0.0525016412139,
        "dvar2": 0.120437696576,
        "max": 1,
        "mean": 0.932353258133,
        "median": 1,
        "min": 0,
        "var": 0.0630717799067
    },
    "silence_rate_60dB": {
        "dmean": 0.0133241442963,
        "dmean2": 0.0266513489187,
        "dvar": 0.0131454980001,
        "dvar2": 0.0287023894489,
        "max": 1,
        "mean": 0.0475479513407,
        "median": 0,
        "min": 0,
        "var": 0.0452852249146
    },
    "spectral_centroid": {
        "dmean": 312.90246582,
        "dmean2": 501.510101318,
        "dvar": 141850.4375,
        "dvar2": 327148.6875,
        "max": 10886.2070312,
        "mean": 1725.78540039,
        "median": 1762.7767334,
        "min": 67.2854156494,
        "var": 749583.3125
    },
    "spectral_complexity": {
        "dmean": 4.82908344269,
        "dmean2": 7.42217111588,
        "dvar": 34.7581214905,
        "dvar2": 70.3998336792,
        "max": 59,
        "mean": 20.8957157135,
        "median": 18,
        "min": 0,
        "var": 158.069976807
    },
    "spectral_decrease": {
        "dmean": 4.61590943246e-09,
        "dmean2": 6.86408085926e-09,
        "dvar": 4.83128501785e-17,
        "dvar2": 1.09191467217e-16,
        "max": 1.3678987245e-28,
        "mean": -1.2149213191e-08,
        "median": -8.68268656973e-09,
        "min": -1.26967421465e-07,
        "var": 1.33813815021e-16
    },
    "spectral_energy": {
        "dmean": 0.0177264828235,
        "dmean2": 0.0263533946127,
        "dvar": 0.000707005907316,
        "dvar2": 0.0016003723722,
        "max": 0.484303355217,
        "mean": 0.0482311584055,
        "median": 0.034951467067,
        "min": 1.05202066229e-20,
        "var": 0.00198141764849
    },
    "spectral_energyband_high": {
        "dmean": 0.000697588431649,
        "dmean2": 0.00110386183951,
        "dvar": 1.72458737779e-06,
        "dvar2": 4.17824867327e-06,
        "max": 0.0169738568366,
        "mean": 0.00192502932623,
        "median": 0.0010318364948,
        "min": 7.66189613309e-21,
        "var": 4.8157294259e-06
    },
    "spectral_energyband_low": {
        "dmean": 0.0161577872932,
        "dmean2": 0.0237980354577,
        "dvar": 0.000637813587673,
        "dvar2": 0.00141135894228,
        "max": 0.477952986956,
        "mean": 0.0340447872877,
        "median": 0.0207218453288,
        "min": 4.56457070975e-23,
        "var": 0.00170981371775
    },
    "spectral_energyband_middle_high": {
        "dmean": 0.00131400418468,
        "dmean2": 0.00209082104266,
        "dvar": 5.004194918e-06,
        "dvar2": 1.15905950224e-05,
        "max": 0.0284152608365,
        "mean": 0.00365566904657,
        "median": 0.00224842014723,
        "min": 1.34197927386e-21,
        "var": 1.34646334118e-05
    },
    "spectral_energyband_middle_low": {
        "dmean": 0.00588080147281,
        "dmean2": 0.00939207430929,
        "dvar": 0.000204086085432,
        "dvar2": 0.000483583542518,
        "max": 0.194161534309,
        "mean": 0.00996218714863,
        "median": 0.00551779940724,
        "min": 3.19031127289e-22,
        "var": 0.000274616788374
    },
    "spectral_entropy": {
        "dmean": 0.162068918347,
        "dmean2": 0.254229456186,
        "dvar": 0.0832585468888,
        "dvar2": 0.156104788184,
        "max": 9.79930210114,
        "mean": 7.88704681396,
        "median": 7.97438907623,
        "min": 3.28259539604,
        "var": 0.231818899512
    },
    "spectral_flux": {
        "dmean": 0.0398141443729,
        "dmean2": 0.0606119334698,
        "dvar": 0.00208208477125,
        "dvar2": 0.00406604679301,
        "max": 0.541326463223,
        "mean": 0.10668490082,
        "median": 0.0893326178193,
        "min": 1.02568058213e-10,
        "var": 0.0053881322965
    },
    "spectral_kurtosis": {
        "dmean": 1.17582178116,
        "dmean2": 1.94564056396,
        "dvar": 72.3159942627,
        "dvar2": 212.207748413,
        "max": 626.101989746,
        "mean": 3.34534668922,
        "median": 2.43712711334,
        "min": -1.1943590641,
        "var": 146.881500244
    },
    "spectral_rms": {
        "dmean": 0.00122093083337,
        "dmean2": 0.00178991595749,
        "dvar": 2.36015830524e-06,
        "dvar2": 5.30324177817e-06,
        "max": 0.0217368602753,
        "mean": 0.00616723299026,
        "median": 0.00583943445235,
        "min": 3.20368796596e-12,
        "var": 9.01993189473e-06
    },
    "spectral_rolloff": {
        "dmean": 648.828186035,
        "dmean2": 1014.65917969,
        "dvar": 1070851,
        "dvar2": 2205174.5,
        "max": 18927.6855469,
        "mean": 1494.38244629,
        "median": 495.263671875,
        "min": 21.533203125,
        "var": 3368914.5
    },
    "spectral_skewness": {
        "dmean": 0.151116758585,
        "dmean2": 0.244005411863,
        "dvar": 0.118011817336,
        "dvar2": 0.29363244772,
        "max": 21.1509399414,
        "mean": 1.29822826385,
        "median": 1.23287558556,
        "min": -0.00414762319997,
        "var": 0.460230916739
    },
    "spectral_spread": {
        "dmean": 401920.6875,
        "dmean2": 629117.75,
        "dvar": 384917667840,
        "dvar2": 726690037760,
        "max": 40841252,
        "mean": 5620142,
        "median": 5550314,
        "min": 266781.03125,
        "var": 1.55541477786e+12
    },
    "spectral_strongpeak": {
        "dmean": 0.262549549341,
        "dmean2": 0.440520435572,
        "dvar": 0.253732711077,
        "dvar2": 0.695122122765,
        "max": 9.01180839539,
        "mean": 0.520605325699,
        "median": 0.399571239948,
        "min": 0,
        "var": 0.365469962358
    },
    "zerocrossingrate": {
        "dmean": 0.0136480946094,
        "dmean2": 0.0150664914399,
        "dvar": 0.000259834050667,
        "dvar2": 0.000276790029602,
        "max": 0.66845703125,
        "mean": 0.0610554553568,
        "median": 0.04736328125,
        "min": 0.00048828125,
        "var": 0.00216623488814
    },
    "barkbands": {
        "dmean": [0.00194784114137, 0.0100845135748, 0.00735952705145, 0.00297473347746, 0.00276237609796, 0.00137133162934, 0.000647102773655, 0.000266090530204, 0.000305611058138, 0.00024414784275, 0.000257482490269, 0.00014040817041, 0.000132649031002, 0.000132745699375, 0.000221124777454, 0.000250039825914, 0.00027372589102, 0.000243010581471, 0.000237815576838, 0.000170898201759, 0.000256716884905, 0.000171418243553, 0.000121375895105, 0.000116898947454, 8.12575017335e-05, 5.5701326346e-05, 1.09379079731e-05],
        "dmean2": [0.00255666580051, 0.0150058157742, 0.0116515588015, 0.00501442374662, 0.00478360662237, 0.00234184972942, 0.00116940715816, 0.00046730064787, 0.00049820006825, 0.000405387778301, 0.000412324821809, 0.000232541016885, 0.000213839884964, 0.000224268151214, 0.000351402733941, 0.000413083849708, 0.000452599138953, 0.000414940383052, 0.000409927510191, 0.000285515154246, 0.000429307401646, 0.000284307199763, 0.000205663454835, 0.000189977203263, 0.000130144981085, 8.43062589411e-05, 1.78584614332e-05],
        "dvar": [1.49308880282e-05, 0.000288863113383, 0.000261784909526, 8.03494622232e-05, 8.49552525324e-05, 2.65704038611e-05, 7.56306144467e-06, 7.4095794389e-07, 4.48332457381e-07, 2.4306547175e-07, 2.48134654157e-07, 9.07538790784e-08, 5.33313624373e-08, 6.22350668777e-08, 2.08058679618e-07, 1.80510014047e-07, 1.89756306668e-07, 2.00071852419e-07, 2.8369180427e-07, 8.07416995485e-08, 3.23162453242e-07, 8.96834890796e-08, 4.82414499459e-08, 4.13610443672e-08, 2.13595026111e-08, 1.22092185251e-08, 7.41082251121e-10],
        "dvar2": [2.15959116758e-05, 0.000647803710308, 0.000598890823312, 0.000211878577829, 0.00023628163035, 7.69577891333e-05, 2.21721675189e-05, 2.15982299778e-06, 1.24769337617e-06, 6.608423746e-07, 6.02585203069e-07, 2.30213842656e-07, 1.32924355967e-07, 1.65328771118e-07, 4.81987171952e-07, 4.44432458835e-07, 4.93757568165e-07, 5.72348767491e-07, 7.75685350618e-07, 2.09383401284e-07, 8.45005899919e-07, 2.35266313098e-07, 1.30419934408e-07, 1.05007671891e-07, 5.28279144874e-08, 2.6488470084e-08, 1.8801771251e-09],
        "max": [0.0776577666402, 0.350832432508, 0.376129180193, 0.122908957303, 0.144527032971, 0.0889034345746, 0.0484431684017, 0.0261061880738, 0.0122945215553, 0.0111865764484, 0.00636053830385, 0.00691399164498, 0.00499741313979, 0.00553981494159, 0.0066222329624, 0.00433237617835, 0.00858347862959, 0.00497324997559, 0.00890944618732, 0.00336903007701, 0.00934430584311, 0.00443469593301, 0.00315370806493, 0.00261518079787, 0.00239189411514, 0.00118035066407, 0.000374355091481],
        "mean": [0.00461023999378, 0.01882378757, 0.00933197233826, 0.00302556552924, 0.00353580177762, 0.00175498635508, 0.000714659923688, 0.000329229456838, 0.000470206665341, 0.000386177387554, 0.000407535291743, 0.000245345407166, 0.000212589438888, 0.000216875894694, 0.000350287125912, 0.000374341558199, 0.000524423201568, 0.000446481339168, 0.00036766086123, 0.000354169751517, 0.000484265125124, 0.000365093583241, 0.000267510447884, 0.000280138570815, 0.000215442967601, 0.000122076075058, 1.43336883411e-05],
        "median": [0.000472531304695, 0.00705880299211, 0.00188604765572, 0.00061152363196, 0.00149452756159, 0.00069457560312, 0.00028011543327, 0.000157941438374, 0.000213686929783, 0.000125810765894, 0.00012644797971, 0.000119599753816, 0.000106428524305, 0.000105073486338, 0.000140819320222, 0.000216427084524, 0.000327964662574, 0.000212154860492, 0.00019201260875, 0.000192861087271, 0.000230898207519, 0.000196901382878, 0.000145561731188, 0.00015311090101, 9.48563174461e-05, 2.52469635598e-05, 1.10062228487e-06],
        "min": [4.89363457003e-23, 1.29349869728e-23, 1.43126662794e-23, 9.29759903705e-24, 5.56447651958e-23, 6.50342452291e-24, 2.62907681296e-23, 6.02238944913e-23, 1.16211908844e-22, 6.89475853869e-23, 7.88692783185e-23, 2.12040081038e-22, 7.91401857751e-23, 7.5868451435e-23, 1.09446031876e-22, 1.18270255205e-22, 1.62611281029e-22, 1.26348039413e-22, 1.66469050669e-22, 3.3848726449e-22, 3.03199357876e-22, 4.47127774718e-22, 5.15818854093e-22, 1.01487538583e-21, 1.0403090692e-21, 1.92051082811e-21, 2.48241768783e-21],
        "var": [7.08066872903e-05, 0.000609948765486, 0.000590434123296, 8.44743044581e-05, 6.69965447742e-05, 1.73142998392e-05, 4.58488693766e-06, 5.00356520661e-07, 4.93480854402e-07, 3.61729547649e-07, 4.70442131473e-07, 1.39656421538e-07, 8.47379695301e-08, 1.10449576596e-07, 3.45054672835e-07, 2.41543887114e-07, 3.55701558874e-07, 3.53526331764e-07, 3.01405208347e-07, 1.7630473792e-07, 4.63004937501e-07, 1.85233034244e-07, 1.05389439398e-07, 1.17394954202e-07, 7.68797363548e-08, 3.47501583065e-08, 1.03287589592e-09]
    },
    "erbbands": {
        "dmean": [0.385381519794, 2.12101125717, 7.90241718292, 8.50499343872, 10.0964183807, 9.15092086792, 8.38537597656, 12.9691410065, 11.2854499817, 5.949239254, 7.05060815811, 6.49789190292, 7.32938957214, 8.85630226135, 8.57085990906, 5.30206680298, 6.02311468124, 6.4970164299, 9.42843151093, 10.5117759705, 14.2437038422, 14.4284725189, 11.4849996567, 13.9390392303, 10.9436244965, 8.00880050659, 10.0737390518, 9.33503818512, 6.04996061325, 5.22190475464, 3.46226406097, 2.91544675827, 1.75646221638, 1.07430708408, 0.566920220852, 0.278832882643, 0.0908913686872, 0.0243541710079, 0.00151444063522, 3.92543479393e-05],
        "dmean2": [0.520413160324, 3.27689194679, 12.484826088, 13.9696359634, 17.4230098724, 16.1505413055, 14.8064308167, 21.8739624023, 20.2280693054, 10.6734876633, 12.150396347, 10.5962705612, 12.289691925, 14.5403013229, 13.7763872147, 8.79660415649, 9.6541967392, 10.8410358429, 15.2615652084, 16.7557678223, 23.2157859802, 23.4209785461, 19.372297287, 24.3741321564, 18.8040485382, 13.3397512436, 16.8202457428, 15.7243127823, 10.0626525879, 8.87435054779, 5.83414459229, 4.84695339203, 2.83894324303, 1.77086102962, 0.905094981194, 0.436562687159, 0.137815847993, 0.037321921438, 0.00242599146441, 5.91038842686e-05],
        "dvar": [0.4453599751, 18.4609737396, 313.998382568, 467.620910645, 932.96081543, 1150.15686035, 1473.44689941, 2050.16503906, 2170.15161133, 681.995178223, 407.971984863, 197.950073242, 232.815048218, 293.919586182, 275.873077393, 165.410324097, 114.599090576, 156.124740601, 317.989501953, 361.021484375, 543.019165039, 488.210723877, 378.431182861, 917.687255859, 615.475769043, 197.081604004, 429.541534424, 468.783294678, 113.432044983, 92.974029541, 40.265209198, 28.244758606, 9.3948764801, 3.94234800339, 1.05139136314, 0.279709100723, 0.0345639772713, 0.00312758237123, 1.33534658744e-05, 3.84529297293e-09],
        "dvar2": [0.6929448843, 46.3538322449, 712.489562988, 1226.08105469, 2569.38012695, 3323.01318359, 4314.0078125, 5872.80126953, 6346.74121094, 2000.1463623, 1181.10864258, 552.753295898, 653.486450195, 773.237548828, 655.764648438, 444.969055176, 297.327880859, 407.574707031, 755.115356445, 840.381530762, 1315.5748291, 1240.95495605, 1024.46374512, 2713.23339844, 1673.07019043, 504.943023682, 1131.78405762, 1242.68884277, 296.693634033, 248.124694824, 108.295730591, 74.542640686, 24.2606925964, 10.1859331131, 2.58569049835, 0.651192128658, 0.0751869827509, 0.00720065832138, 3.31126757374e-05, 8.6841733804e-09],
        "max": [13.4217090607, 65.4472503662, 417.896942139, 325.335113525, 501.138000488, 637.174377441, 766.07800293, 830.561462402, 831.633483887, 612.082702637, 415.827636719, 247.218002319, 313.534973145, 251.105163574, 224.405456543, 336.313995361, 238.886032104, 268.1925354, 255.711914062, 316.857269287, 254.270782471, 594.661743164, 281.687683105, 528.727172852, 391.00958252, 179.383834839, 328.431976318, 401.571899414, 149.974136353, 149.488174438, 90.9460678101, 64.6630249023, 49.9401702881, 26.8873786926, 21.0994586945, 6.96524858475, 2.0982465744, 0.740680575371, 0.0480627678335, 0.000742767006159],
        "mean": [0.841874659061, 3.10443067551, 10.2367858887, 10.7635726929, 11.1124811172, 11.5313081741, 10.7066783905, 16.6120300293, 12.709274292, 7.18739461899, 9.07113647461, 10.2959403992, 11.2273101807, 14.8448963165, 14.1072721481, 9.56445026398, 9.9820318222, 10.9615974426, 16.1407909393, 17.0554275513, 24.1591930389, 30.1586914062, 23.5453453064, 21.8661174774, 18.3357658386, 16.2800102234, 21.091506958, 16.0633335114, 12.3705539703, 11.1146755219, 7.49453210831, 6.51369190216, 4.23647165298, 2.6707649231, 1.36495172977, 0.607049643993, 0.199793085456, 0.043114233762, 0.00216809567064, 9.88099563983e-05],
        "median": [0.191580012441, 1.28178954124, 2.4826567173, 2.82449650764, 4.2041144371, 4.44330263138, 4.10702180862, 5.75803661346, 5.13133192062, 3.31417822838, 4.2170548439, 4.96132278442, 4.23254060745, 4.6754617691, 5.46493721008, 5.33524942398, 4.97158241272, 5.50449037552, 6.72342538834, 9.06301116943, 15.1537847519, 19.5965270996, 12.4169635773, 10.5221643448, 9.64704418182, 9.54381275177, 10.044090271, 7.91435337067, 6.60616111755, 5.78232145309, 4.05826234818, 3.52121353149, 2.13673067093, 1.28322577477, 0.503704965115, 0.1581620574, 0.0382898375392, 0.00562953390181, 0.000205020507565, 6.03389962635e-05],
        "min": [8.03580368137e-22, 1.89923233387e-21, 1.10202720383e-20, 2.46222377762e-20, 1.41354206542e-19, 1.94088870523e-19, 2.30480129041e-20, 7.39524412288e-20, 3.35711691044e-19, 1.00968384924e-18, 8.85311247088e-19, 2.20113029834e-18, 3.89417359082e-18, 2.11290031907e-18, 4.28426452307e-18, 9.15197096504e-18, 3.49075719248e-18, 3.14835963319e-18, 4.861663474e-18, 7.05330539033e-18, 7.43044101983e-18, 6.91179670781e-18, 8.83501437946e-18, 7.45977201717e-18, 8.82434705828e-18, 1.75045992539e-17, 1.50091442383e-17, 1.19308842329e-17, 1.58953342614e-17, 1.29619251618e-17, 1.61274560305e-17, 2.10551644998e-17, 1.67878803403e-17, 9.32827293208e-18, 9.01910342479e-18, 6.07721820545e-18, 3.61555599945e-18, 1.57571061772e-18, 3.86775101221e-19, 3.23050929212e-20],
        "var": [1.53352892399, 28.1216411591, 685.56072998, 605.510314941, 706.332580566, 833.26751709, 1158.68603516, 1441.13232422, 1309.59326172, 410.014434814, 297.44833374, 230.33770752, 290.649383545, 550.668823242, 504.281555176, 194.711486816, 185.372451782, 245.99017334, 604.462463379, 543.113464355, 843.118225098, 1105.26306152, 847.893798828, 1003.73895264, 709.280212402, 364.124969482, 777.969238281, 555.792175293, 218.422027588, 186.380081177, 84.5828704834, 65.0247650146, 28.202747345, 11.6052942276, 3.38376498222, 0.751454055309, 0.100084617734, 0.00650069955736, 2.09049339901e-05, 1.07028643725e-08]
    },
    "gfcc": {
        "mean": [17.4613342285, 58.1809577942, -97.9933242798, 52.076335907, -51.0537185669, 19.1093997955, -37.4291381836, 14.6006040573, -22.056760788, 4.20100688934, -17.8908004761, 7.30503034592, -7.8135137558],
        "cov": [[9402.28417969, -1179.7779541, 48.2693595886, 100.57774353, -366.524353027, 310.113006592, -176.255966187, 305.652801514, -164.91583252, 349.958374023, -48.3130264282, 309.194824219, -28.2865982056], [-1179.7779541, 1629.19775391, 322.472198486, 194.272277832, 350.055450439, -88.0900421143, -58.1494865417, -220.435012817, 94.3888778687, -187.196304321, -39.6102828979, -264.013000488, -67.9986572266], [48.2693595886, 322.472198486, 1024.98046875, 276.660736084, 358.747619629, 170.324142456, 104.663772583, 115.006454468, 73.2524642944, 7.80494070053, -24.9711647034, -13.4669504166, -37.9842834473], [100.57774353, 194.272277832, 276.660736084, 386.7394104, 215.879318237, 130.621261597, 71.4203948975, 21.196762085, 59.8835487366, -18.8013153076, -9.69178771973, -62.0670166016, -32.7031555176], [-366.524353027, 350.055450439, 358.747619629, 215.879318237, 375.551727295, 126.840065002, 127.128143311, 40.597328186, 109.090248108, -12.4486351013, -3.34746932983, -42.407497406, -29.7234115601], [310.113006592, -88.0900421143, 170.324142456, 130.621261597, 126.840065002, 191.656890869, 96.4005966187, 97.1261062622, 35.8379402161, 42.5975265503, 19.4835319519, 19.236000061, -0.281496226788], [-176.255966187, -58.1494865417, 104.663772583, 71.4203948975, 127.128143311, 96.4005966187, 228.508392334, 115.100105286, 98.9296035767, 52.3159294128, 62.543762207, 48.8435440063, 30.0846767426], [305.652801514, -220.435012817, 115.006454468, 21.196762085, 40.597328186, 97.1261062622, 115.100105286, 188.680053711, 86.8404846191, 86.3616714478, 29.5582199097, 86.0518112183, 26.8012218475], [-164.91583252, 94.3888778687, 73.2524642944, 59.8835487366, 109.090248108, 35.8379402161, 98.9296035767, 86.8404846191, 143.343154907, 55.1413497925, 40.8062171936, 24.2440395355, 19.7906036377], [349.958374023, -187.196304321, 7.80494070053, -18.8013153076, -12.4486351013, 42.5975265503, 52.3159294128, 86.3616714478, 55.1413497925, 118.398750305, 59.6850700378, 72.5575256348, 24.9558143616], [-48.3130264282, -39.6102828979, -24.9711647034, -9.69178771973, -3.34746932983, 19.4835319519, 62.543762207, 29.5582199097, 40.8062171936, 59.6850700378, 93.9061431885, 54.69323349, 39.6702575684], [309.194824219, -264.013000488, -13.4669504166, -62.0670166016, -42.407497406, 19.236000061, 48.8435440063, 86.0518112183, 24.2440395355, 72.5575256348, 54.69323349, 139.610122681, 63.1865577698], [-28.2865982056, -67.9986572266, -37.9842834473, -32.7031555176, -29.7234115601, -0.281496226788, 30.0846767426, 26.8012218475, 19.7906036377, 24.9558143616, 39.6702575684, 63.1865577698, 82.179145813]],
        "icov": [[0.00018162818742, -0.00012144993525, 3.88485423173e-05, -0.000240247230977, 0.000298724073218, -0.000347054097801, 0.000112565343443, -3.66621243302e-05, 0.000363402970834, -0.000793780316599, 0.000645469583105, -0.000656286953017, 0.000308539863909], [-0.00012144993525, 0.00195204268675, -0.000511388294399, 0.000533811864443, -0.00149394536857, 0.000987941399217, 0.001030073734, 0.000955863797572, -0.00245330249891, 0.00261414144188, -0.00254575372674, 0.00316392886452, -0.00108317111153], [3.88485423173e-05, -0.000511388294399, 0.00191244320013, -0.000748218619265, -0.00160008296371, 0.000293433346087, 0.000326130772009, -0.00211398350075, 0.00221826508641, -0.000932880968321, 0.000533843005542, -0.00075847574044, 0.000243311180384], [-0.000240247230977, 0.000533811864443, -0.000748218619265, 0.00526345567778, -0.00123788719065, -0.00247084139846, 0.000115764341899, 0.00159512273967, -0.00288762967102, 0.00246136519127, -0.00138308433816, 0.00267284037545, -0.000350547139533], [0.000298724073218, -0.00149394536857, -0.00160008296371, -0.00123788719065, 0.010673112236, -0.00584603985772, -0.00344421248883, 0.00538347428665, -0.00598181411624, -0.000110951266834, 0.00507641630247, -0.00483292667195, 0.00371966161765], [-0.000347054097801, 0.000987941399217, 0.000293433346087, -0.00247084139846, -0.00584603985772, 0.0149639993906, -0.000616264063865, -0.00850100815296, 0.00736703537405, -0.00129766948521, -0.00469548767433, 0.00561725627631, -0.00264725019224], [0.000112565343443, 0.001030073734, 0.000326130772009, 0.000115764341899, -0.00344421248883, -0.000616264063865, 0.0111333075911, -0.00533851236105, -0.00197379570454, 0.00377035024576, -0.00735660456121, 0.00200281152502, -0.00115298142191], [-3.66621243302e-05, 0.000955863797572, -0.00211398350075, 0.00159512273967, 0.00538347428665, -0.00850100815296, -0.00533851236105, 0.0237114857882, -0.0133269270882, -0.00338701438159, 0.00982965808362, -0.00850228685886, 0.00260552042164], [0.000363402970834, -0.00245330249891, 0.00221826508641, -0.00288762967102, -0.00598181411624, 0.00736703537405, -0.00197379570454, -0.0133269270882, 0.0256456378847, -0.0103349359706, -0.001417954918, 0.00259024300613, -0.00344282295555], [-0.000793780316599, 0.00261414144188, -0.000932880968321, 0.00246136519127, -0.000110951266834, -0.00129766948521, 0.00377035024576, -0.00338701438159, -0.0103349359706, 0.0284935869277, -0.0156355798244, 0.000224106275709, 0.00332941580564], [0.000645469583105, -0.00254575372674, 0.000533843005542, -0.00138308433816, 0.00507641630247, -0.00469548767433, -0.00735660456121, 0.00982965808362, -0.001417954918, -0.0156355798244, 0.0306335911155, -0.010650116019, -0.00238989852369], [-0.000656286953017, 0.00316392886452, -0.00075847574044, 0.00267284037545, -0.00483292667195, 0.00561725627631, 0.00200281152502, -0.00850228685886, 0.00259024300613, 0.000224106275709, -0.010650116019, 0.0276970881969, -0.013430647552], [0.000308539863909, -0.00108317111153, 0.000243311180384, -0.000350547139533, 0.00371966161765, -0.00264725019224, -0.00115298142191, 0.00260552042164, -0.00344282295555, 0.00332941580564, -0.00238989852369, -0.013430647552, 0.0235584676266]]
    },
    "melbands": {
        "dmean": [0.00299246469513, 0.00345730036497, 0.00146729720291, 0.000702362100128, 0.000301586085698, 0.000279067229712, 0.000161387812113, 5.99976738158e-05, 6.27507615718e-05, 3.9455411752e-05, 3.71533242287e-05, 3.58235774911e-05, 3.19089340337e-05, 1.68265087268e-05, 1.35228601721e-05, 1.45284111568e-05, 1.24491352835e-05, 1.44058212754e-05, 1.86264915101e-05, 1.66110949067e-05, 1.75524510269e-05, 1.76055327756e-05, 1.23058443933e-05, 1.05511062429e-05, 1.21826269606e-05, 9.27555993258e-06, 7.26464986656e-06, 5.3765525081e-06, 6.71749830872e-06, 7.39436336517e-06, 4.87880151923e-06, 3.7772192627e-06, 3.56600162377e-06, 2.71682824859e-06, 2.17865522245e-06, 2.09699737752e-06, 1.80053257282e-06, 1.3680162283e-06, 1.14052113531e-06, 9.37003051149e-07],
        "dmean2": [0.00423072138801, 0.00535329896957, 0.00237849028781, 0.00121587805916, 0.000533379730769, 0.000472796295071, 0.000290219526505, 0.000107158841274, 0.000107037922135, 6.41011647531e-05, 6.23441010248e-05, 5.91658572375e-05, 5.12202423124e-05, 2.7431642593e-05, 2.26935790124e-05, 2.33941282204e-05, 2.10641464946e-05, 2.36446958297e-05, 3.0007919122e-05, 2.73780951829e-05, 2.85829355562e-05, 2.88284791168e-05, 2.07927423617e-05, 1.80752213055e-05, 2.14383580897e-05, 1.60442523338e-05, 1.22781093523e-05, 8.98339294508e-06, 1.12810257633e-05, 1.24980542751e-05, 8.22237234388e-06, 6.28786574453e-06, 6.06416006121e-06, 4.63400283479e-06, 3.68872247236e-06, 3.54239796252e-06, 2.98309555546e-06, 2.24324026021e-06, 1.87886246295e-06, 1.56821431574e-06],
        "dvar": [2.34184935834e-05, 5.34960527148e-05, 1.3403394405e-05, 4.94341429658e-06, 1.87881676084e-06, 1.00985721474e-06, 4.59600045133e-07, 6.56007514976e-08, 3.08311349784e-08, 6.32717611637e-09, 6.04173511221e-09, 4.75583972204e-09, 4.0776040322e-09, 1.07867359489e-09, 9.16873577061e-10, 7.31693261535e-10, 5.74396807895e-10, 6.60430599098e-10, 1.58013724327e-09, 8.73842498361e-10, 7.79835307441e-10, 8.49144754511e-10, 4.07494232801e-10, 3.87280457703e-10, 7.23607063158e-10, 4.73953432056e-10, 1.91383325854e-10, 9.42021530226e-11, 1.83919893204e-10, 3.15348303026e-10, 8.9200508091e-11, 4.50500366178e-11, 3.9924896722e-11, 2.47349155047e-11, 1.63128729275e-11, 1.54865547469e-11, 1.01369771952e-11, 5.79251707364e-12, 3.70590190479e-12, 3.24707513481e-12],
        "dvar2": [4.30272120866e-05, 0.000124496145872, 3.48392059095e-05, 1.38100876939e-05, 5.49012929696e-06, 2.90647744805e-06, 1.34687024911e-06, 1.92161863311e-07, 8.90926870056e-08, 1.73730114739e-08, 1.69996745569e-08, 1.2578672326e-08, 9.61600044036e-09, 2.69574895739e-09, 2.51021048392e-09, 1.75941616831e-09, 1.51924728353e-09, 1.61297597501e-09, 3.74051012386e-09, 2.21069140771e-09, 1.94111882124e-09, 2.16682249921e-09, 1.09964071182e-09, 1.0995027111e-09, 2.14553108613e-09, 1.30105493046e-09, 5.18788234594e-10, 2.42255882021e-10, 4.97169250213e-10, 8.50265968744e-10, 2.31432081832e-10, 1.18607082489e-10, 1.09277177585e-10, 6.68841371176e-11, 4.41978710575e-11, 4.29361546317e-11, 2.65294210211e-11, 1.54736917723e-11, 9.58040851512e-12, 8.54563208391e-12],
        "max": [0.109605327249, 0.157189458609, 0.0530387572944, 0.0342863202095, 0.0264433789998, 0.0184371322393, 0.012202504091, 0.0068995244801, 0.00314968591556, 0.00131833553314, 0.00164979975671, 0.000989304622635, 0.000853283738252, 0.00071256281808, 0.000551416596863, 0.000616424717009, 0.000611167983152, 0.000527462048922, 0.000531171564944, 0.000414949754486, 0.000318185513606, 0.000763134332374, 0.000288754497888, 0.0002594019752, 0.000468817888759, 0.000372334790882, 0.000183567914064, 0.000138633826282, 0.000253816804616, 0.000329805188812, 0.000153315748321, 0.000111902576464, 7.71244085627e-05, 8.38434425532e-05, 6.95233175065e-05, 5.03252958879e-05, 3.67154752894e-05, 4.3088595703e-05, 2.88986775558e-05, 2.24574341701e-05],
        "mean": [0.00632295710966, 0.00491803977638, 0.00192587298807, 0.000839831598569, 0.000397452298785, 0.000359174387995, 0.000183271185961, 7.32676780899e-05, 7.85606025602e-05, 6.39387581032e-05, 5.48658936168e-05, 5.82691427553e-05, 5.1456172514e-05, 2.95775025734e-05, 2.17546003114e-05, 2.25664662139e-05, 1.98179586732e-05, 2.37797994487e-05, 2.73369405477e-05, 2.31236390391e-05, 2.87790244329e-05, 3.3339336369e-05, 2.41414909397e-05, 1.89716138266e-05, 1.75587447302e-05, 1.3755998225e-05, 1.21678640426e-05, 1.0051481695e-05, 1.3240322005e-05, 1.19557962535e-05, 8.29114014778e-06, 6.98957774148e-06, 6.86011389917e-06, 5.601572866e-06, 4.28128441854e-06, 4.10639586335e-06, 3.88189346268e-06, 2.99415432892e-06, 2.67162522505e-06, 2.1084247237e-06],
        "median": [0.00202104914933, 0.00159450341016, 0.000594689510763, 0.000341555685736, 0.000160935262102, 0.000132621687953, 7.68565441831e-05, 3.31032315444e-05, 3.3772259485e-05, 3.03017041006e-05, 2.01968359761e-05, 1.81353007065e-05, 1.75708319148e-05, 1.50042305904e-05, 1.16641840577e-05, 9.83160043688e-06, 9.65855087998e-06, 1.01557825474e-05, 1.09455095298e-05, 1.24034440887e-05, 1.76282592292e-05, 1.93764026335e-05, 1.40935171657e-05, 9.24849791772e-06, 8.0461941252e-06, 7.15194619261e-06, 5.8959785747e-06, 5.69499025005e-06, 6.00429393671e-06, 5.30294028067e-06, 4.12422332374e-06, 3.59729529009e-06, 3.44533759744e-06, 2.90981392936e-06, 2.21534901357e-06, 2.10575785786e-06, 2.04869434128e-06, 1.46275363022e-06, 1.32935167585e-06, 9.5370762665e-07],
        "min": [7.44321108537e-24, 4.79962420158e-24, 6.5139676489e-24, 1.60351945531e-23, 1.41190798133e-24, 1.6010548369e-24, 5.03584938851e-24, 1.24297523286e-23, 6.01049808096e-24, 1.70989356185e-23, 1.89138663254e-23, 7.48556266079e-24, 1.20266341508e-23, 2.28710923931e-23, 1.92737131159e-23, 3.817790564e-24, 6.55403783858e-24, 8.30812528161e-24, 7.45413996436e-24, 9.5952402009e-24, 9.11709346244e-24, 6.49961629689e-24, 1.04448220966e-23, 5.69224674268e-24, 6.08714025664e-24, 5.83889559053e-24, 8.28433165898e-24, 1.1944193453e-23, 9.22593970128e-24, 7.66881347135e-24, 6.64525303619e-24, 1.09241797365e-23, 6.17911788831e-24, 7.42677043525e-24, 9.30949979267e-24, 8.4539470088e-24, 1.5590155518e-23, 1.28698562499e-23, 8.33736125562e-24, 7.49787362408e-24],
        "var": [7.02339530108e-05, 0.000113458045234, 1.7103355276e-05, 3.66758195014e-06, 1.50281402966e-06, 6.85434542902e-07, 2.75475656508e-07, 3.98344646158e-08, 2.29790124706e-08, 8.4646138987e-09, 7.31394012021e-09, 8.59134363651e-09, 7.67262786638e-09, 1.83882609139e-09, 1.17972720481e-09, 1.17367948693e-09, 9.43072175907e-10, 1.30690080979e-09, 2.24719465258e-09, 1.04605779594e-09, 1.22066801111e-09, 1.73079572896e-09, 8.29412760694e-10, 7.00740687698e-10, 7.31110283425e-10, 4.76684691719e-10, 2.80959366883e-10, 1.60294763574e-10, 3.25998728012e-10, 3.61723928588e-10, 1.24416532632e-10, 7.66636198968e-11, 7.3027056624e-11, 4.90165442957e-11, 3.0234776488e-11, 2.71757876619e-11, 2.4108541552e-11, 1.47315215582e-11, 1.18203129576e-11, 7.78827263098e-12]
    },
    "mfcc": {
        "mean": [-627.06854248, 85.3274993896, 14.6138572693, 34.8625488281, 13.933344841, 9.73580741882, 1.61344397068, 8.93698596954, 5.52235507965, -0.46933478117, -2.53608083725, 3.06818628311, 0.320505917072],
        "cov": [[7656.43798828, -603.099487305, -118.51714325, -241.068206787, -193.737091064, -96.0612030029, -21.3560695648, -82.0880126953, -31.8730373383, -2.96332001686, 23.4291706085, -26.8408470154, -18.6934280396], [-603.099487305, 1089.39306641, 226.852401733, 226.843811035, 273.260192871, 115.561943054, -35.1980133057, -7.91698169708, 20.2254295349, -11.5326137543, -5.24451971054, 24.8284988403, -23.6390285492], [-118.51714325, 226.852401733, 581.28515625, 202.000061035, 240.894271851, 100.192001343, 101.802757263, 79.238609314, 82.7811813354, 34.0610237122, 36.9610404968, 37.5257225037, 14.1675701141], [-241.068206787, 226.843811035, 202.000061035, 303.400482178, 197.0206604, 141.451248169, 53.4138450623, 68.6028900146, 66.0600967407, 36.6083717346, 38.3123130798, 46.7028961182, 13.6866865158], [-193.737091064, 273.260192871, 240.894271851, 197.0206604, 308.425933838, 152.85484314, 59.8480377197, 68.8775787354, 78.2681427002, 33.6342849731, 20.8733310699, 48.1701393127, 8.12302207947], [-96.0612030029, 115.561943054, 100.192001343, 141.451248169, 152.85484314, 168.017623901, 89.2950515747, 61.0834922791, 44.2260742188, 42.4869422913, 33.6956863403, 24.8262805939, 14.3180570602], [-21.3560695648, -35.1980133057, 101.802757263, 53.4138450623, 59.8480377197, 89.2950515747, 141.079650879, 86.6727218628, 51.1957130432, 51.5853767395, 41.528678894, 18.2701854706, 26.1209659576], [-82.0880126953, -7.91698169708, 79.238609314, 68.6028900146, 68.8775787354, 61.0834922791, 86.6727218628, 136.046585083, 100.601318359, 49.8025016785, 38.4522705078, 55.0050392151, 40.4375839233], [-31.8730373383, 20.2254295349, 82.7811813354, 66.0600967407, 78.2681427002, 44.2260742188, 51.1957130432, 100.601318359, 134.642837524, 65.251335144, 41.0201301575, 65.6431274414, 36.1748046875], [-2.96332001686, -11.5326137543, 34.0610237122, 36.6083717346, 33.6342849731, 42.4869422913, 51.5853767395, 49.8025016785, 65.251335144, 94.781829834, 58.6069526672, 31.1543006897, 33.1912994385], [23.4291706085, -5.24451971054, 36.9610404968, 38.3123130798, 20.8733310699, 33.6956863403, 41.528678894, 38.4522705078, 41.0201301575, 58.6069526672, 80.2831268311, 51.9448852539, 37.6194953918], [-26.8408470154, 24.8284988403, 37.5257225037, 46.7028961182, 48.1701393127, 24.8262805939, 18.2701854706, 55.0050392151, 65.6431274414, 31.1543006897, 51.9448852539, 106.385940552, 55.6640357971], [-18.6934280396, -23.6390285492, 14.1675701141, 13.6866865158, 8.12302207947, 14.3180570602, 26.1209659576, 40.4375839233, 36.1748046875, 33.1912994385, 37.6194953918, 55.6640357971, 77.503868103]],
