{
"lowlevel": {
    "average_loudness": 0.706227242947,
    "barkbands_crest": {
        "dmean": 2.1521024704,
        "dmean2": 3.3651611805,
        "dvar": 4.67091655731,
        "dvar2": 11.5184192657,
        "max": 24.7884464264,
        "mean": 11.9858837128,
        "median": 11.8321342468,
        "min": 2.14436483383,
        "var": 16.8531169891
    },
    "barkbands_flatness_db": {
        "dmean": 0.0192523580045,
        "dmean2": 0.0300023593009,
        "dvar": 0.000432770408224,
        "dvar2": 0.00095131341368,
        "max": 0.544907689095,
        "mean": 0.147987186909,
        "median": 0.128400415182,
        "min": 0.0114807290956,
        "var": 0.00555540714413
    },
    "barkbands_kurtosis": {
        "dmean": 2.72049617767,
        "dmean2": 4.33559131622,
        "dvar": 15.3328104019,
        "dvar2": 37.2325401306,
        "max": 89.4576721191,
        "mean": 5.76242685318,
        "median": 4.38634824753,
        "min": -1.70248842239,
        "var": 37.2765083313
    },
    "barkbands_skewness": {
        "dmean": 0.481163233519,
        "dmean2": 0.761682450771,
        "dvar": 0.239908218384,
        "dvar2": 0.610539972782,
        "max": 7.50445318222,
        "mean": 1.8916131258,
        "median": 1.95540344715,
        "min": -2.15558433533,
        "var": 1.18700957298
    },
    "barkbands_spread": {
        "dmean": 4.43864583969,
        "dmean2": 7.2169418335,
        "dvar": 36.2545051575,
        "dvar2": 90.4587020874,
        "max": 81.2659606934,
        "mean": 17.2944507599,
        "median": 15.8065843582,
        "min": 0.854099571705,
        "var": 91.0524749756
    },
    "dissonance": {
        "dmean": 0.0196289978921,
        "dmean2": 0.0335266292095,
        "dvar": 0.000520824862178,
        "dvar2": 0.00144346849993,
        "max": 0.500000178814,
        "mean": 0.463336259127,
        "median": 0.474260002375,
        "min": 0.234336659312,
        "var": 0.001236277516
    },
    "dynamic_complexity": 2.85578799248,
    "erbbands_crest": {
        "dmean": 1.92130184174,
        "dmean2": 3.05335187912,
        "dvar": 3.78697681427,
        "dvar2": 8.64232158661,
        "max": 32.4812011719,
        "mean": 8.48479652405,
        "median": 6.6119427681,
        "min": 2.21054649353,
        "var": 28.6132068634
    },
    "erbbands_flatness_db": {
        "dmean": 0.0138170253485,
        "dmean2": 0.0212367475033,
        "dvar": 0.000294756551739,
        "dvar2": 0.000603248889092,
        "max": 0.512617945671,
        "mean": 0.147996410728,
        "median": 0.110237956047,
        "min": 0.0414946004748,
        "var": 0.00653877528384
    },
    "erbbands_kurtosis": {
        "dmean": 0.926541566849,
        "dmean2": 1.45964193344,
        "dvar": 3.1641638279,
        "dvar2": 7.14089822769,
        "max": 73.5189666748,
        "mean": 1.22932374477,
        "median": 0.0678510665894,
        "min": -1.57410466671,
        "var": 12.1376390457
    },
    "erbbands_skewness": {
        "dmean": 0.291992902756,
        "dmean2": 0.466247946024,
        "dvar": 0.0929124578834,
        "dvar2": 0.221379816532,
        "max": 6.86514472961,
        "mean": 0.602361440659,
        "median": 0.507394969463,
        "min": -2.70190596581,
        "var": 0.501959860325
    },
    "erbbands_spread": {
        "dmean": 6.05020475388,
        "dmean2": 9.67544078827,
        "dvar": 41.7775268555,
        "dvar2": 108.438056946,
        "max": 92.2783889771,
        "mean": 34.5665245056,
        "median": 35.9475593567,
        "min": 1.55436658859,
        "var": 226.234405518
    },
    "hfc": {
        "dmean": 6.34148311615,
        "dmean2": 10.4580469131,
        "dvar": 92.9771652222,
        "dvar2": 244.818054199,
        "max": 179.766525269,
        "mean": 22.6996593475,
        "median": 20.3556957245,
        "min": 1.07095060672e-16,
        "var": 271.191894531
    },
    "melbands_crest": {
        "dmean": 2.99913954735,
        "dmean2": 4.73739051819,
        "dvar": 10.7203063965,
        "dvar2": 25.4814128876,
        "max": 36.6914901733,
        "mean": 18.5904026031,
        "median": 18.0716381073,
        "min": 2.43384599686,
        "var": 60.7130470276
    },
    "melbands_flatness_db": {
        "dmean": 0.0232337359339,
        "dmean2": 0.036138240248,
        "dvar": 0.000630416849162,
        "dvar2": 0.00145540875383,
        "max": 0.570856690407,
        "mean": 0.23194038868,
        "median": 0.216875761747,
        "min": 0.00732814567164,
        "var": 0.00618951627985
    },
    "melbands_kurtosis": {
        "dmean": 5.77348279953,
        "dmean2": 9.22121047974,
        "dvar": 65.1530303955,
        "dvar2": 164.969390869,
        "max": 153.851028442,
        "mean": 13.8157224655,
        "median": 11.5661783218,
        "min": -1.73840284348,
        "var": 162.788070679
    },
    "melbands_skewness": {
        "dmean": 0.639719247818,
        "dmean2": 1.01106226444,
        "dvar": 0.447761535645,
        "dvar2": 1.14382612705,
        "max": 10.6162977219,
        "mean": 2.74774169922,
        "median": 2.80198526382,
        "min": -1.47414803505,
        "var": 2.12744522095
    },
    "melbands_spread": {
        "dmean": 4.48183631897,
        "dmean2": 7.33000898361,
        "dvar": 33.6820411682,
        "dvar2": 90.349822998,
        "max": 146.549591064,
        "mean": 15.8664093018,
        "median": 14.3262310028,
        "min": 0.765340864658,
        "var": 88.7230911255
    },
    "pitch_salience": {
        "dmean": 0.0689267069101,
        "dmean2": 0.110017217696,
        "dvar": 0.00508178304881,
        "dvar2": 0.0126051241532,
        "max": 0.925541877747,
        "mean": 0.511220633984,
        "median": 0.506415724754,
        "min": 0.102796204388,
        "var": 0.0187946781516
    },
    "silence_rate_20dB": {
        "dmean": 0,
        "dmean2": 0,
        "dvar": 0,
        "dvar2": 0,
        "max": 1,
        "mean": 1,
        "median": 1,
        "min": 1,
        "var": 0
    },
    "silence_rate_30dB": {
        "dmean": 0.0317273810506,
        "dmean2": 0.063459418714,
        "dvar": 0.0307212080806,
        "dvar2": 0.0741235688329,
        "max": 1,
        "mean": 0.960784316063,
        "median": 1,
        "min": 0,
        "var": 0.037676949054
    },
    "silence_rate_60dB": {
        "dmean": 0.00793184526265,
        "dmean2": 0.0158648546785,
        "dvar": 0.00786740891635,
        "dvar2": 0.0167854689062,
        "max": 1,
        "mean": 0.0562532134354,
        "median": 0,
        "min": 0,
        "var": 0.053086746484
    },
    "spectral_centroid": {
        "dmean": 185.047744751,
        "dmean2": 299.461212158,
        "dvar": 52324.5625,
        "dvar2": 123432.140625,
        "max": 11311.8828125,
        "mean": 1115.01916504,
        "median": 1076.6619873,
        "min": 167.899612427,
        "var": 267858.125
    },
    "spectral_complexity": {
        "dmean": 3.477820158,
        "dmean2": 5.70811605453,
        "dvar": 14.9057254791,
        "dvar2": 36.3746681213,
        "max": 63,
        "mean": 21.9846515656,
        "median": 23,
        "min": 0,
        "var": 129.266372681
    },
    "spectral_decrease": {
        "dmean": 3.02362779259e-09,
        "dmean2": 4.81881512471e-09,
        "dvar": 1.97901489172e-17,
        "dvar2": 4.79594852383e-17,
        "max": 9.72833015931e-29,
        "mean": -1.27915296133e-08,
        "median": -1.26940387091e-08,
        "min": -7.68513785943e-08,
        "var": 6.93485792426e-17
    },
    "spectral_energy": {
        "dmean": 0.0117676574737,
        "dmean2": 0.0187920033932,
        "dvar": 0.000293458986562,
        "dvar2": 0.000713929708581,
        "max": 0.293039828539,
        "mean": 0.0503372214735,
        "median": 0.0501734092832,
        "min": 1.01153833002e-20,
        "var": 0.00104022677988
    },
    "spectral_energyband_high": {
        "dmean": 0.000291482399916,
        "dmean2": 0.0004862700589,
        "dvar": 3.40721015846e-07,
        "dvar2": 8.34607362776e-07,
        "max": 0.0144789777696,
        "mean": 0.000846260925755,
        "median": 0.000574481324293,
        "min": 7.23335356789e-21,
        "var": 1.06206937289e-06
    },
    "spectral_energyband_low": {
        "dmean": 0.00868008472025,
        "dmean2": 0.0134735219181,
        "dvar": 0.000221724971198,
        "dvar2": 0.000497157801874,
        "max": 0.27300965786,
        "mean": 0.0275343097746,
        "median": 0.0229008104652,
        "min": 3.03579582521e-23,
        "var": 0.000754725653678
    },
    "spectral_energyband_middle_high": {
        "dmean": 0.00216912082396,
        "dmean2": 0.00355933560058,
        "dvar": 1.05777144199e-05,
        "dvar2": 2.91336782539e-05,
        "max": 0.0579269528389,
        "mean": 0.0060468018055,
        "median": 0.00462503079325,
        "min": 1.35645331899e-21,
        "var": 3.23691856465e-05
    },
    "spectral_energyband_middle_low": {
        "dmean": 0.00616225739941,
        "dmean2": 0.0102741224691,
        "dvar": 0.00012743876141,
        "dvar2": 0.000355678290362,
        "max": 0.152595207095,
        "mean": 0.0168189443648,
        "median": 0.0137977777049,
        "min": 3.44345736847e-22,
        "var": 0.000195772037841
    },
    "spectral_entropy": {
        "dmean": 0.134790167212,
        "dmean2": 0.220133468509,
        "dvar": 0.0279829017818,
        "dvar2": 0.0716423913836,
        "max": 9.82244491577,
        "mean": 7.51489925385,
        "median": 7.76551961899,
        "min": 4.683801651,
        "var": 0.465605944395
    },
    "spectral_flux": {
        "dmean": 0.0246340241283,
        "dmean2": 0.0392028167844,
        "dvar": 0.00117537484039,
        "dvar2": 0.00267080659978,
        "max": 0.410663485527,
        "mean": 0.092031635344,
        "median": 0.0835275575519,
        "min": 1.01603725433e-10,
        "var": 0.00366055546328
    },
    "spectral_kurtosis": {
        "dmean": 2.20941948891,
        "dmean2": 3.69110393524,
        "dvar": 20.7125587463,
        "dvar2": 60.7529029846,
        "max": 83.580619812,
        "mean": 7.04574918747,
        "median": 4.47105455399,
        "min": -1.20947611332,
        "var": 62.2293968201
    },
    "spectral_rms": {
        "dmean": 0.000776571105234,
        "dmean2": 0.00122931867372,
        "dvar": 1.12254053874e-06,
        "dvar2": 2.55504915003e-06,
        "max": 0.0169083569199,
        "mean": 0.00654477672651,
        "median": 0.00699640391394,
        "min": 3.14144326871e-12,
        "var": 6.27517647445e-06
    },
    "spectral_rolloff": {
        "dmean": 297.977722168,
        "dmean2": 505.638793945,
        "dvar": 510266.5625,
        "dvar2": 1273417.5,
        "max": 18992.2851562,
        "mean": 869.358459473,
        "median": 667.529296875,
        "min": 43.06640625,
        "var": 993802.1875
    },
    "spectral_skewness": {
        "dmean": 0.218491956592,
        "dmean2": 0.361913889647,
        "dvar": 0.100232079625,
        "dvar2": 0.291947960854,
        "max": 7.10931396484,
        "mean": 1.94461631775,
        "median": 1.74651563168,
        "min": -0.041830137372,
        "var": 0.511200547218
    },
    "spectral_spread": {
        "dmean": 410032.4375,
        "dmean2": 653347.5,
        "dvar": 503244390400,
        "dvar2": 946276532224,
        "max": 41114656,
        "mean": 4672746,
        "median": 5053253,
        "min": 900103.75,
        "var": 2.80628638515e+12
    },
    "spectral_strongpeak": {
        "dmean": 0.278752803802,
        "dmean2": 0.461901366711,
        "dvar": 0.29534971714,
        "dvar2": 0.678334414959,
        "max": 14.0258903503,
        "mean": 0.765165150166,
        "median": 0.364245682955,
        "min": 0,
        "var": 1.1067186594
    },
    "zerocrossingrate": {
        "dmean": 0.00794525723904,
        "dmean2": 0.0101495431736,
        "dvar": 0.000123612364405,
        "dvar2": 0.000176386412932,
        "max": 0.72412109375,
        "mean": 0.0464407913387,
        "median": 0.0400390625,
        "min": 0.00390625,
        "var": 0.000875476223882
    },
    "barkbands": {
        "dmean": [0.00172387086786, 0.00669881980866, 0.00188447290566, 0.00200333190151, 0.00299974088557, 0.00179890182335, 0.00105990539305, 0.000857581966557, 0.00115504022688, 0.000826741452329, 0.000659322424326, 0.000448391045211, 0.000360408506822, 0.000334887125064, 0.000250967481406, 0.000223249546252, 0.000142667311593, 0.000121617005789, 9.83139398159e-05, 7.81281341915e-05, 6.39879654045e-05, 5.37828273082e-05, 4.93229017593e-05, 5.06992364535e-05, 5.86223177379e-05, 4.14349015045e-05, 7.73102328822e-06],
        "dmean2": [0.00274419994093, 0.0103582432494, 0.00327622122131, 0.00359546206892, 0.0051461844705, 0.00311815785244, 0.00180508114863, 0.00141677912325, 0.00187866413034, 0.00129075546283, 0.00103416538332, 0.000753626110964, 0.000613709155004, 0.000577218888793, 0.000436174770584, 0.000377551215934, 0.000241185858613, 0.000203553572646, 0.000166243349668, 0.00013270699128, 0.000108708722109, 9.21596147236e-05, 8.28260599519e-05, 8.42699882924e-05, 9.8009048088e-05, 6.78096112097e-05, 1.2835119378e-05],
        "dvar": [1.30840389829e-05, 0.000152125619934, 3.10633658955e-05, 2.33805712924e-05, 4.93733205076e-05, 1.59590508702e-05, 3.52155780092e-06, 2.18795366891e-06, 5.29527460458e-06, 2.83376061816e-06, 1.39270923682e-06, 6.69987457513e-07, 3.35144761721e-07, 2.45314680569e-07, 2.95644042581e-07, 1.27639481207e-07, 4.59029720901e-08, 3.36997167949e-08, 2.21218900975e-08, 1.50122492215e-08, 1.08700852763e-08, 8.49210124443e-09, 8.77730155224e-09, 9.52779366514e-09, 2.14895159445e-08, 1.62532476367e-08, 5.01847674528e-10],
        "dvar2": [3.16135592584e-05, 0.000339428544976, 8.36338222143e-05, 6.94354894222e-05, 0.000150132735143, 5.16731997777e-05, 9.76570572675e-06, 5.72165390622e-06, 1.36183216455e-05, 6.33167246633e-06, 3.14540852742e-06, 1.60902800417e-06, 9.27976032017e-07, 7.42567067391e-07, 8.3507711679e-07, 3.36978018822e-07, 1.24188133555e-07, 8.84902249254e-08, 6.02877960887e-08, 4.12525267279e-08, 2.95313551391e-08, 2.29533050344e-08, 2.22828102636e-08, 2.40368844828e-08, 5.08257329557e-08, 3.31821681243e-08, 1.28607535732e-09],
        "max": [0.0847806558013, 0.213354095817, 0.102038264275, 0.0715701133013, 0.09710136801, 0.0454807206988, 0.0492924489081, 0.0411258898675, 0.0507557317615, 0.0476590171456, 0.0431895405054, 0.0290187746286, 0.0118380775675, 0.0067052282393, 0.0384953655303, 0.00930304918438, 0.0042029498145, 0.00554064568132, 0.00295640807599, 0.00274168630131, 0.00271366280504, 0.00248660799116, 0.0028049107641, 0.00206756405532, 0.00359173445031, 0.00491522392258, 0.00085825950373],
        "mean": [0.00513132615015, 0.019749827683, 0.00201665656641, 0.00258071348071, 0.00591126363724, 0.00263623986393, 0.0017133600777, 0.0013896235032, 0.00204978045076, 0.00157863250934, 0.00128928862978, 0.000769585487433, 0.00057622580789, 0.000514869694598, 0.00038986740401, 0.000389446679037, 0.000271787721431, 0.000251668825513, 0.000199006288312, 0.000171401392436, 0.000158152950462, 0.00012566827354, 0.000111276036478, 0.000126552506117, 0.000121749522805, 9.86883460428e-05, 1.45601106851e-05],
        "median": [0.00170360470656, 0.0133371446282, 0.000813993916381, 0.00138658133801, 0.00375421857461, 0.00154177669901, 0.000894863042049, 0.00074836506974, 0.000908644637093, 0.000607367488556, 0.000563615350984, 0.000393017427996, 0.000387437379686, 0.000357384909876, 0.00025205485872, 0.000255564256804, 0.000187669182196, 0.000177818059456, 0.000144097270095, 0.00012094835256, 0.000111250687041, 7.97425745986e-05, 6.41138612991e-05, 7.3218572652e-05, 7.01262615621e-05, 6.05113855272e-05, 7.24508890926e-06],
        "min": [2.03817124335e-24, 7.14431089953e-24, 1.23628845339e-23, 1.34531502584e-23, 1.69808273637e-23, 7.63368581079e-23, 2.58358998876e-23, 3.01721531099e-23, 5.51458264505e-23, 8.78678209752e-23, 9.18791155694e-23, 6.0049461568e-23, 6.7540983284e-23, 6.41522450945e-23, 1.02419950716e-22, 7.6814598583e-23, 1.66059625548e-22, 1.65686841439e-22, 2.54006042313e-22, 2.02947329456e-22, 3.83491236396e-22, 4.76404838913e-22, 4.65289902355e-22, 7.05377711997e-22, 1.02783815017e-21, 1.90277067164e-21, 2.0763313799e-21],
        "var": [4.94949053973e-05, 0.00048322067596, 2.41726265813e-05, 1.86587076314e-05, 7.0299138315e-05, 1.43759407365e-05, 7.27056840333e-06, 4.0388031266e-06, 1.27556268126e-05, 1.15057428047e-05, 6.93900574333e-06, 2.66883557742e-06, 4.75081577633e-07, 3.25805046941e-07, 3.6346486354e-07, 2.34133395338e-07, 9.91681261553e-08, 7.89265897083e-08, 4.97614678352e-08, 4.17159249366e-08, 3.6503632117e-08, 2.57878518539e-08, 2.44079334522e-08, 2.78131437881e-08, 3.42301049727e-08, 3.25233209253e-08, 9.13473741093e-10]
    },
    "erbbands": {
        "dmean": [0.349235713482, 0.988628864288, 1.89518368244, 4.44573831558, 7.64773130417, 11.3595600128, 13.6906003952, 15.5766124725, 16.0447025299, 16.9600219727, 16.6173782349, 29.2449550629, 27.1184101105, 21.6918144226, 25.712053299, 16.0497665405, 16.3645534515, 15.887960434, 13.4699983597, 12.2460565567, 9.85778808594, 7.65562725067, 7.13823890686, 5.44438409805, 4.62055969238, 3.58494496346, 2.87436890602, 2.30207061768, 1.91966199875, 1.73994660378, 1.38639938831, 1.11370098591, 0.863466501236, 0.673110902309, 0.422824591398, 0.215869292617, 0.0754995942116, 0.0174555461854, 0.00109257397708, 2.5918801839e-05],
        "dmean2": [0.53205537796, 1.55697238445, 3.17486381531, 7.93426084518, 13.4787940979, 19.4965877533, 23.7680606842, 26.8574237823, 27.5020980835, 28.1951961517, 28.1105251312, 47.7270240784, 42.6554489136, 34.8580665588, 40.6525306702, 27.1304988861, 27.9198818207, 27.3288326263, 23.5026664734, 21.0454654694, 16.4455871582, 12.9218292236, 11.943189621, 9.09612178802, 7.93002128601, 6.13040208817, 4.90315532684, 3.89634394646, 3.28632235527, 2.9576151371, 2.35293269157, 1.88375115395, 1.44389271736, 1.11888813972, 0.709354639053, 0.35561645031, 0.122658059001, 0.0284659937024, 0.00179742451292, 4.20311116613e-05],
        "dvar": [0.448313593864, 4.33368587494, 31.4115104675, 120.935874939, 314.720397949, 702.725708008, 1108.07653809, 986.074401855, 788.321289062, 984.202941895, 938.538574219, 3562.56640625, 2712.29736328, 1656.82678223, 2234.68066406, 675.679138184, 676.266601562, 543.547119141, 503.488769531, 507.576416016, 267.217437744, 129.760421753, 125.896965027, 67.1158218384, 58.5984916687, 33.108341217, 23.8900623322, 15.1763677597, 10.6610479355, 10.1825342178, 7.29461193085, 4.56482458115, 3.04492878914, 2.49200391769, 1.4265383482, 0.486483424902, 0.0419155098498, 0.0022468296811, 9.32441434998e-06, 2.94851876248e-09],
        "dvar2": [0.912563323975, 10.7913284302, 80.503288269, 344.212768555, 927.957824707, 2143.80126953, 3572.40771484, 3096.72705078, 2250.40136719, 2535.86865234, 2548.2421875, 9307.77832031, 6342.75439453, 4223.36572266, 4798.91845703, 1806.08105469, 1922.2388916, 1593.79748535, 1546.49890137, 1430.56970215, 709.216674805, 350.336547852, 332.79107666, 178.213775635, 163.534469604, 91.8036270142, 65.8072052002, 40.5674247742, 28.8157367706, 26.5582942963, 19.0056228638, 11.9705028534, 7.80601167679, 6.26238489151, 3.32760262489, 1.04685759544, 0.0852104127407, 0.00491018407047, 2.18716668314e-05, 6.62707755339e-09],
        "max": [13.1593875885, 48.6026725769, 131.414901733, 140.675521851, 278.460998535, 428.105285645, 391.009490967, 340.107421875, 387.689666748, 993.61151123, 681.571655273, 1300.58947754, 1229.49633789, 1044.25708008, 2243.12451172, 623.809326172, 539.415405273, 387.036987305, 798.490112305, 1332.3951416, 431.583282471, 200.859725952, 356.848175049, 255.330963135, 151.250534058, 134.982406616, 157.422485352, 86.4977722168, 78.7661972046, 85.6544647217, 71.6759414673, 49.7630004883, 44.1642341614, 30.8545742035, 38.6456794739, 27.1115856171, 6.78964710236, 1.66239511967, 0.116920210421, 0.00197571353056],
        "mean": [1.11333298683, 2.22870993614, 2.5227637291, 5.60941457748, 11.2518959045, 21.8615570068, 24.4755496979, 23.0464057922, 26.2270851135, 28.9964237213, 27.8038825989, 51.4207000732, 53.8764152527, 41.2956047058, 51.3383712769, 28.8779220581, 27.292388916, 26.9250068665, 21.9811859131, 21.6733379364, 19.2739849091, 15.6117448807, 14.5725336075, 11.3334817886, 9.41505813599, 7.92288970947, 6.84914016724, 5.66026878357, 4.4949555397, 3.87822270393, 3.08400583267, 2.5476462841, 2.01910352707, 1.42285144329, 0.838266193867, 0.444475978613, 0.179491341114, 0.0398776568472, 0.00229442119598, 9.76670125965e-05],
        "median": [0.641108512878, 1.39199626446, 1.21023881435, 2.77517771721, 7.18097639084, 11.5954313278, 14.3669366837, 12.8204116821, 14.367975235, 15.4582996368, 17.2516040802, 23.0321044922, 23.2876281738, 19.9644260406, 22.8895359039, 17.3561687469, 18.9379520416, 20.0610122681, 15.2947835922, 15.1031341553, 13.1020851135, 10.9183740616, 10.0955753326, 8.33801555634, 6.54751014709, 5.58599281311, 4.89537572861, 3.86213898659, 2.85984158516, 2.36872696877, 1.77634179592, 1.45198142529, 1.16680562496, 0.833162248135, 0.469598382711, 0.24910864234, 0.111531674862, 0.02455689013, 0.00127056252677, 8.86689304025e-05],
        "min": [4.58473487801e-22, 9.88137923632e-22, 1.16590711521e-20, 3.24763257704e-20, 7.50291395806e-20, 3.71973363319e-20, 7.91978067505e-20, 6.67011407496e-19, 5.6071626894e-19, 6.40992182835e-19, 8.33280294089e-19, 9.94081465133e-19, 2.55386658131e-18, 2.86135835953e-18, 3.30972644068e-18, 2.36875617473e-18, 3.56202872842e-18, 2.78000328512e-18, 5.45187297108e-18, 4.4456296762e-18, 4.86604298176e-18, 9.54626976507e-18, 9.09047174086e-18, 1.2001519667e-17, 1.25299027899e-17, 8.8877603784e-18, 1.13725555174e-17, 1.73939919711e-17, 1.62647613948e-17, 1.73139076529e-17, 1.41258129514e-17, 1.47549532904e-17, 1.11107958669e-17, 1.07664289974e-17, 7.99027024096e-18, 5.92411658664e-18, 3.47671042491e-18, 1.04781439394e-18, 2.49604696669e-19, 3.41717972257e-20],
        "var": [1.73986101151, 7.80893182755, 29.0860519409, 102.273895264, 252.568603516, 1219.50695801, 1302.98779297, 1024.60803223, 1306.76086426, 2218.10229492, 1572.83483887, 8370.94042969, 9766.01660156, 4332.86669922, 11475.0439453, 1928.84814453, 979.828186035, 795.405151367, 670.105773926, 741.903381348, 564.363464355, 305.595245361, 273.870025635, 149.025314331, 125.168518066, 92.0537872314, 71.4454650879, 49.3855323792, 32.3404579163, 27.1465587616, 18.7442760468, 12.1745872498, 7.53798151016, 3.95592713356, 2.17240214348, 0.836275339127, 0.0877560228109, 0.00486688734964, 1.97633307835e-05, 8.21224155345e-09]
    },
    "gfcc": {
        "mean": [12.5214977264, 93.1037979126, -105.592399597, 17.6140289307, -49.8565635681, 12.4118385315, -31.3064670563, 11.1153869629, -20.2347507477, 5.60858249664, -14.8812532425, 6.86256790161, -6.43854951859],
        "cov": [[14992.7119141, -1312.18164062, 3199.02758789, 853.496398926, 370.972900391, 1491.68481445, -194.941772461, 881.627929688, -386.009338379, 805.940307617, -209.177597046, 483.011749268, -275.807281494], [-1312.18164062, 2735.34814453, 140.866256714, 342.690795898, 360.011444092, -502.063537598, 251.330093384, -386.170166016, 180.894897461, -430.078186035, 71.5634765625, -265.382263184, 231.797210693], [3199.02758789, 140.866256714, 1745.26367188, 464.584381104, 379.358551025, 448.746765137, -55.443687439, 255.276473999, -169.183517456, 123.785751343, -153.547546387, 191.678390503, -2.18422055244], [853.496398926, 342.690795898, 464.584381104, 367.730285645, 216.862106323, 78.66746521, 18.6637992859, -8.75744724274, -2.81573629379, -11.3636798859, 3.1927075386, 23.3953456879, 6.81664419174], [370.972900391, 360.011444092, 379.358551025, 216.862106323, 269.725158691, 87.4426040649, 79.4469985962, 22.8419284821, 13.454331398, -20.6133956909, -3.58726930618, 29.7955417633, 25.5649642944], [1491.68481445, -502.063537598, 448.746765137, 78.66746521, 87.4426040649, 378.498260498, 1.81386625767, 203.443893433, -101.292442322, 123.444358826, -42.7499465942, 128.12322998, -31.8177261353], [-194.941772461, 251.330093384, -55.443687439, 18.6637992859, 79.4469985962, 1.81386625767, 175.939575195, 22.2622051239, 75.8577880859, -34.7204055786, 24.2879333496, -23.1699523926, 38.1528015137], [881.627929688, -386.170166016, 255.276473999, -8.75744724274, 22.8419284821, 203.443893433, 22.2622051239, 209.451507568, 3.23159885406, 124.595664978, -30.369310379, 66.9469985962, -28.3049678802], [-386.009338379, 180.894897461, -169.183517456, -2.81573629379, 13.454331398, -101.292442322, 75.8577880859, 3.23159885406, 161.119049072, 37.0375556946, 47.1245727539, -62.3509979248, 3.64264011383], [805.940307617, -430.078186035, 123.785751343, -11.3636798859, -20.6133956909, 123.444358826, -34.7204055786, 124.595664978, 37.0375556946, 243.661026001, 29.9603691101, 42.868270874, -66.2501602173], [-209.177597046, 71.5634765625, -153.547546387, 3.1927075386, -3.58726930618, -42.7499465942, 24.2879333496, -30.369310379, 47.1245727539, 29.9603691101, 129.498947144, -0.902671515942, 1.44096803665], [483.011749268, -265.382263184, 191.678390503, 23.3953456879, 29.7955417633, 128.12322998, -23.1699523926, 66.9469985962, -62.3509979248, 42.868270874, -0.902671515942, 135.851226807, 1.48921906948], [-275.807281494, 231.797210693, -2.18422055244, 6.81664419174, 25.5649642944, -31.8177261353, 38.1528015137, -28.3049678802, 3.64264011383, -66.2501602173, 1.44096803665, 1.48921906948, 81.9870910645]],
        "icov": [[0.000180639122846, -0.000147126018419, -0.000164956712979, -0.000307343347231, 0.000562908302527, -0.000513554783538, -4.77644898638e-05, -0.000121447621495, 9.0210356575e-05, -0.000323202839354, 4.86246863147e-05, -9.19195299502e-05, 0.000385909690522], [-0.000147126018419, 0.00199946132489, -0.000945961917751, 0.000326487002894, -0.00170575757511, 0.00184615969192, -0.00115673465189, 0.0017777500907, -0.000704493722878, 0.00148332084063, -0.00131678767502, 0.00249535636976, -0.0025921384804], [-0.000164956712979, -0.000945961917751, 0.0028644814156, -0.00162616663147, -0.00155087281018, 0.000369161745766, 0.0015790356556, -0.0033970172517, 0.00249018729664, -0.00145759503357, 0.00210250751115, -0.00146811106242, -0.000248411583016], [-0.000307343347231, 0.000326487002894, -0.00162616663147, 0.00814926903695, -0.00439471565187, -0.00162142748013, 0.00138739950489, 0.00467027677223, -0.00375765212812, 0.00192670745309, -0.00170997448731, 0.000697312352713, 0.000771202205215], [0.000562908302527, -0.00170575757511, -0.00155087281018, -0.00439471565187, 0.0135246692225, -0.00475059216842, -0.00338606815785, 0.00148503656965, -0.00248477957211, -0.000331242597895, 0.000836417544633, -0.0032465364784, 0.00295486557297], [-0.000513554783538, 0.00184615969192, 0.000369161745766, -0.00162142748013, -0.00475059216842, 0.0161668527871, -0.00400541769341, -0.00933932419866, 0.0106383124366, -0.00191743136384, -0.00100353627931, 0.000412212859374, -0.00241937441751], [-4.77644898638e-05, -0.00115673465189, 0.0015790356556, 0.00138739950489, -0.00338606815785, -0.00400541769341, 0.0133098186925, -0.00305181578733, -0.00599720794708, 0.00303314486519, -0.000724916637409, 4.47536549473e-05, -0.00198020716198], [-0.000121447621495, 0.0017777500907, -0.0033970172517, 0.00467027677223, 0.00148503656965, -0.00933932419866, -0.00305181578733, 0.0228627212346, -0.0114634288475, -0.000281649583485, 0.00180796720088, -0.000567251234315, -0.000427491817391], [9.0210356575e-05, -0.000704493722878, 0.00249018729664, -0.00375765212812, -0.00248477957211, 0.0106383124366, -0.00599720794708, -0.0114634288475, 0.0233908444643, -0.00796172954142, -0.00117104535457, 0.00382710527629, -0.00111114641186], [-0.000323202839354, 0.00148332084063, -0.00145759503357, 0.00192670745309, -0.000331242597895, -0.00191743136384, 0.00303314486519, -0.000281649583485, -0.00796172954142, 0.0125961024314, -0.00444028759375, 0.0006177102332, 0.00296937068924], [4.86246863147e-05, -0.00131678767502, 0.00210250751115, -0.00170997448731, 0.000836417544633, -0.00100353627931, -0.000724916637409, 0.00180796720088, -0.00117104535457, -0.00444028759375, 0.0127276787534, -0.00472849979997, 0.000722110446077], [-9.19195299502e-05, 0.00249535636976, -0.00146811106242, 0.000697312352713, -0.0032465364784, 0.000412212859374, 4.47536549473e-05, -0.000567251234315, 0.00382710527629, 0.0006177102332, -0.00472849979997, 0.0167245157063, -0.00639721658081], [0.000385909690522, -0.0025921384804, -0.000248411583016, 0.000771202205215, 0.00295486557297, -0.00241937441751, -0.00198020716198, -0.000427491817391, -0.00111114641186, 0.00296937068924, 0.000722110446077, -0.00639721658081, 0.0222190208733]]
    },
    "melbands": {
        "dmean": [0.00234326440841, 0.000955543655436, 0.000830637814943, 0.000637801771518, 0.000499199959449, 0.000346233835444, 0.000233352358919, 0.000188678866834, 0.000138927236549, 0.000191254657693, 0.000137067676405, 9.17795259738e-05, 8.16352621769e-05, 5.68575924262e-05, 4.08549058193e-05, 3.88792541344e-05, 3.17240883305e-05, 2.35075294768e-05, 2.05970336538e-05, 1.84480559255e-05, 1.08759868453e-05, 8.96732126421e-06, 7.55130395191e-06, 5.6480416788e-06, 4.79281470689e-06, 3.79682091989e-06, 3.30021725858e-06, 2.59186754192e-06, 1.9227966277e-06, 2.00761837732e-06, 1.33840933358e-06, 1.2954523072e-06, 1.02586545836e-06, 1.02679950942e-06, 8.33083390717e-07, 9.13810481507e-07, 6.77615503264e-07, 6.26141115845e-07, 7.44413796383e-07, 5.52161793621e-07],
        "dmean2": [0.00361919729039, 0.00153284624685, 0.00145364680793, 0.00111356598791, 0.000853514531627, 0.000598059908953, 0.000398492091335, 0.000312185933581, 0.000235169602092, 0.000310690171318, 0.000214479718124, 0.000146425954881, 0.000129993495648, 9.22899052966e-05, 7.04657650203e-05, 6.5767999331e-05, 5.45214170415e-05, 4.10362372349e-05, 3.56375894626e-05, 3.12506381306e-05, 1.81708965101e-05, 1.51424319483e-05, 1.27675257318e-05, 9.48773504206e-06, 8.0365116446e-06, 6.5316189648e-06, 5.69516578253e-06, 4.46201875093e-06, 3.27896736962e-06, 3.41294617101e-06, 2.27860141422e-06, 2.2031692879e-06, 1.77979256932e-06, 1.72828049472e-06, 1.41747239013e-06, 1.57785098054e-06, 1.14163640319e-06, 1.05419042029e-06, 1.24025973491e-06, 9.2583377409e-07],
        "dvar": [1.92485749722e-05, 5.99639633947e-06, 3.77243600269e-06, 2.42632563641e-06, 1.29704233132e-06, 4.96553241192e-07, 1.62237384416e-07, 1.17337151551e-07, 7.0432960797e-08, 1.58585535814e-07, 7.20100246099e-08, 2.9763072007e-08, 2.20429416942e-08, 1.12644897854e-08, 5.80349190926e-09, 3.64323637925e-09, 2.1958463936e-09, 1.3825245393e-09, 2.8285702669e-09, 8.67281135797e-10, 3.75580205825e-10, 1.88384849387e-10, 1.39753542072e-10, 7.26890075908e-11, 5.40474817678e-11, 3.99163445353e-11, 2.96517463361e-11, 1.82043078528e-11, 1.08337731147e-11, 1.05836233874e-11, 5.83088612116e-12, 4.7592715359e-12, 3.68316835364e-12, 3.73272159709e-12, 2.73491732733e-12, 3.12226676805e-12, 1.62952800125e-12, 1.68085976995e-12, 2.28463060102e-12, 1.87379083604e-12],
        "dvar2": [4.08912565035e-05, 1.46378843056e-05, 1.07095538624e-05, 7.35555613574e-06, 4.09701033277e-06, 1.57320982908e-06, 4.58999807051e-07, 2.97148432082e-07, 1.83193293424e-07, 4.09601824458e-07, 1.64416277926e-07, 7.37920657912e-08, 4.94571139598e-08, 2.45607516547e-08, 1.63436268963e-08, 9.8536263593e-09, 6.41588115968e-09, 4.3018970608e-09, 7.77899078486e-09, 2.25895857575e-09, 1.01510300166e-09, 5.14628450965e-10, 3.68579250454e-10, 1.96264379748e-10, 1.43884251735e-10, 1.10490616656e-10, 8.20844989202e-11, 5.03888285264e-11, 3.01975666694e-11, 2.89709870677e-11, 1.57204266965e-11, 1.28866795707e-11, 1.02360854168e-11, 9.36740268687e-12, 6.96488830151e-12, 8.51942388164e-12, 4.20735191478e-12, 4.37013793209e-12, 5.75687110829e-12, 4.76288323017e-12],
        "max": [0.0827098041773, 0.0694754868746, 0.0260801073164, 0.0215944200754, 0.017465826124, 0.0080573214218, 0.00738361990079, 0.0102247074246, 0.00635343510658, 0.00877233967185, 0.00672479532659, 0.00426230346784, 0.00596731714904, 0.00399591401219, 0.00162418046966, 0.00127645616885, 0.000729935651179, 0.000630221620668, 0.00421377737075, 0.000855942955241, 0.000444329256425, 0.000250671408139, 0.000394960050471, 0.000226735704928, 0.000221760958084, 0.00012882403098, 0.000106301413325, 0.000112314519356, 0.000107152744022, 6.82265745127e-05, 6.58999706502e-05, 5.6910670537e-05, 5.35835861228e-05, 5.84334557061e-05, 5.54635080334e-05, 3.61699167115e-05, 2.79441719613e-05, 3.6873647332e-05, 3.11072944896e-05, 2.90655534627e-05],
        "mean": [0.00742086255923, 0.00178475934081, 0.00117720814887, 0.00111210392788, 0.000996574759483, 0.00051825522678, 0.000389340042602, 0.000321471859934, 0.000221544629312, 0.000333139207214, 0.000267324998276, 0.000169023522176, 0.000163143253303, 0.000110488632345, 5.88968796364e-05, 6.05229943176e-05, 4.92279505124e-05, 3.55741067324e-05, 3.09141687467e-05, 3.02774933516e-05, 2.01607726922e-05, 1.64144385053e-05, 1.43979696077e-05, 1.11077179099e-05, 9.02348256204e-06, 7.01128692526e-06, 6.15432463746e-06, 5.15278543389e-06, 4.08192408941e-06, 4.31398666478e-06, 2.96494431495e-06, 2.69091083283e-06, 2.13319094655e-06, 2.1227324396e-06, 1.71997851339e-06, 1.81068480742e-06, 1.44231796639e-06, 1.34076844915e-06, 1.53707492245e-06, 1.07415007733e-06],
        "median": [0.00485433358699, 0.00113448454067, 0.000672923808452, 0.000753575062845, 0.000567687500734, 0.000293658085866, 0.000216734129936, 0.000171728082933, 0.000127153820358, 0.000143441255204, 0.000108734573587, 7.6754258771e-05, 7.42599440855e-05, 5.29968856426e-05, 3.36367011187e-05, 3.92692963942e-05, 3.41029444826e-05, 2.34839226323e-05, 1.8975311832e-05, 1.98112156795e-05, 1.30332136905e-05, 1.11356921479e-05, 9.57434622251e-06, 7.82152619649e-06, 6.38572919343e-06, 4.84173688164e-06, 3.9944634409e-06, 3.54537655767e-06, 2.82743553726e-06, 2.91689616461e-06, 1.88371143395e-06, 1.7123767293e-06, 1.2212482261e-06, 1.28538397348e-06, 9.58543637353e-07, 1.01528019059e-06, 7.83219491041e-07, 7.45257523249e-07, 8.46765260576e-07, 6.14902432972e-07],
        "min": [3.20565185649e-24, 4.1243734662e-24, 6.45896274457e-24, 4.85290505041e-24, 2.27568700672e-24, 1.46859947028e-23, 9.00894773208e-24, 6.99305313184e-24, 7.30788357481e-24, 7.36905027167e-24, 1.23729914199e-23, 1.14462092294e-23, 1.11617025996e-23, 7.38972947144e-24, 8.94695430899e-24, 5.41822762421e-24, 4.89162944338e-24, 8.22953659165e-24, 6.48323678348e-24, 5.15986897243e-24, 5.61059885012e-24, 1.05445317484e-23, 7.41549051316e-24, 8.78418153866e-24, 9.52028658199e-24, 1.07124928569e-23, 5.41125054393e-24, 5.2131620486e-24, 6.60288134482e-24, 7.43787601907e-24, 9.99059440963e-24, 7.22212335036e-24, 1.1237447446e-23, 8.39495046828e-24, 8.00093337878e-24, 8.4005072045e-24, 6.80397421691e-24, 7.83282317558e-24, 8.20780268485e-24, 8.56885643256e-24],
        "var": [7.06997088855e-05, 7.61644832892e-06, 3.35484719471e-06, 2.26617044063e-06, 2.31110789173e-06, 5.13246675382e-07, 2.96197640637e-07, 2.53080258972e-07, 1.23387465578e-07, 3.83188933029e-07, 2.71682893072e-07, 8.6160973467e-08, 1.15439078741e-07, 6.00203620138e-08, 7.33414218246e-09, 5.38357136648e-09, 3.01006530812e-09, 1.77823789027e-09, 3.19024717754e-09, 1.39293132584e-09, 7.32472471565e-10, 3.75623754323e-10, 2.91657614726e-10, 1.53018056559e-10, 1.03836980681e-10, 7.37823968588e-11, 6.17119549906e-11, 4.27900943845e-11, 2.72537582779e-11, 2.81596707757e-11, 1.60478939165e-11, 1.18004894051e-11, 8.92127430957e-12, 8.92378618916e-12, 6.49105552294e-12, 6.39567565575e-12, 4.14236440288e-12, 3.85073049836e-12, 4.30651217811e-12, 2.6342029686e-12]
    },
    "mfcc": {
        "mean": [-635.916381836, 132.217315674, 3.84267950058, 15.2587900162, 4.99302911758, 4.01785755157, 1.93610501289, 4.91054821014, 3.96010279655, 1.70088613033, 1.06466901302, -0.478389143944, -1.57442390919],
        "cov": [[10399.8603516, -632.564331055, 1225.38049316, 196.535400391, 396.892822266, 571.328796387, 383.088348389, 109.97769165, 114.299354553, 212.2684021, 11.056848526, 350.133300781, 387.982635498], [-632.564331055, 1978.8996582, 177.630569458, 608.140991211, 121.516334534, 37.418182373, -23.3328857422, 60.2418289185, 51.3348808289, -67.6580047607, -44.5221443176, -199.979522705, -187.541259766], [1225.38049316, 177.630569458, 861.609741211, 269.984527588, 333.09677124, 172.164276123, 135.273284912, 122.253013611, 65.1123046875, -26.3354530334, -78.7791824341, -37.5785293579, -3.60583019257], [196.535400391, 608.140991211, 269.984527588, 419.541778564, 187.50819397, 112.653282166, 17.7563152313, 43.7280540466, 16.726518631, -17.0086154938, -14.3156652451, -48.4995269775, -43.1067466736], [396.892822266, 121.516334534, 333.09677124, 187.50819397, 249.301101685, 121.121292114, 77.6091003418, 66.5279083252, 8.74116706848, -10.9682655334, -26.0366458893, -8.79762554169, 12.7364063263], [571.328796387, 37.418182373, 172.164276123, 112.653282166, 121.121292114, 162.088638306, 84.7132949829, 58.8163452148, 23.2273864746, -3.72240066528, -3.46663975716, 9.55980873108, 22.0731258392], [383.088348389, -23.3328857422, 135.273284912, 17.7563152313, 77.6091003418, 84.7132949829, 141.710906982, 75.2804260254, 26.903470993, -2.55272459984, -25.626657486, 21.1205272675, 42.7239456177], [109.97769165, 60.2418289185, 122.253013611, 43.7280540466, 66.5279083252, 58.8163452148, 75.2804260254, 168.993621826, 52.9248962402, -11.7514238358, -51.3197517395, -39.9269294739, 7.15207290649], [114.299354553, 51.3348808289, 65.1123046875, 16.726518631, 8.74116706848, 23.2273864746, 26.903470993, 52.9248962402, 131.017044067, 48.7909164429, 32.1720848083, -8.97072124481, -19.6360092163], [212.2684021, -67.6580047607, -26.3354530334, -17.0086154938, -10.9682655334, -3.72240066528, -2.55272459984, -11.7514238358, 48.7909164429, 126.855415344, 77.7002868652, 48.7372741699, 23.4395866394], [11.056848526, -44.5221443176, -78.7791824341, -14.3156652451, -26.0366458893, -3.46663975716, -25.626657486, -51.3197517395, 32.1720848083, 77.7002868652, 140.808319092, 73.3177108765, 12.9506292343], [350.133300781, -199.979522705, -37.5785293579, -48.4995269775, -8.79762554169, 9.55980873108, 21.1205272675, -39.9269294739, -8.97072124481, 48.7372741699, 73.3177108765, 132.473983765, 83.6052017212], [387.982635498, -187.541259766, -3.60583019257, -43.1067466736, 12.7364063263, 22.0731258392, 42.7239456177, 7.15207290649, -19.6360092163, 23.4395866394, 12.9506292343, 83.6052017212, 116.815750122]],
