{
"lowlevel": {
    "average_loudness": 0.917459130287,
    "barkbands_crest": {
        "dmean": 2.57950329781,
        "dmean2": 3.81110167503,
        "dvar": 7.49319553375,
        "dvar2": 15.768321991,
        "max": 26.922750473,
        "mean": 11.8868570328,
        "median": 11.4340963364,
        "min": 1.81932687759,
        "var": 25.1523914337
    },
    "barkbands_flatness_db": {
        "dmean": 0.0240042824298,
        "dmean2": 0.0338471308351,
        "dvar": 0.00087870011339,
        "dvar2": 0.0015578805469,
        "max": 0.638966739178,
        "mean": 0.11938945204,
        "median": 0.104503050447,
        "min": 0.0099274488166,
        "var": 0.00454231537879
    },
    "barkbands_kurtosis": {
        "dmean": 5.24715232849,
        "dmean2": 8.15607070923,
        "dvar": 7448.89941406,
        "dvar2": 17024.1425781,
        "max": 6944.83789062,
        "mean": 5.79922056198,
        "median": 1.44757723808,
        "min": -1.87477731705,
        "var": 7263.41796875
    },
    "barkbands_skewness": {
        "dmean": 0.611866891384,
        "dmean2": 0.874621152878,
        "dvar": 1.57967185974,
        "dvar2": 3.22276592255,
        "max": 39.7425575256,
        "mean": 1.56429231167,
        "median": 1.44273519516,
        "min": -73.3022994995,
        "var": 3.39679288864
    },
    "barkbands_spread": {
        "dmean": 9.01611995697,
        "dmean2": 13.8447284698,
        "dvar": 129.825057983,
        "dvar2": 315.453674316,
        "max": 127.720283508,
        "mean": 35.9938850403,
        "median": 34.0869750977,
        "min": 0.0302000064403,
        "var": 388.766265869
    },
    "dissonance": {
        "dmean": 0.0140653112903,
        "dmean2": 0.023979447782,
        "dvar": 0.00026861653896,
        "dvar2": 0.000736523652449,
        "max": 0.500000119209,
        "mean": 0.478959262371,
        "median": 0.485008478165,
        "min": 0.126053765416,
        "var": 0.000463273318019
    },
    "dynamic_complexity": 3.6191213131,
    "erbbands_crest": {
        "dmean": 2.3659734726,
        "dmean2": 3.83867478371,
        "dvar": 5.28760576248,
        "dvar2": 13.1805763245,
        "max": 34.2155799866,
        "mean": 7.43145608902,
        "median": 6.52808475494,
        "min": 2.33067584038,
        "var": 14.1212921143
    },
    "erbbands_flatness_db": {
        "dmean": 0.0158305782825,
        "dmean2": 0.0234025474638,
        "dvar": 0.000272830075119,
        "dvar2": 0.0005874314229,
        "max": 0.649734199047,
        "mean": 0.118210531771,
        "median": 0.103828847408,
        "min": 0.0320068672299,
        "var": 0.00346949859522
    },
    "erbbands_kurtosis": {
        "dmean": 1.02117717266,
        "dmean2": 1.64904940128,
        "dvar": 61.0895271301,
        "dvar2": 152.632385254,
        "max": 492.963348389,
        "mean": 0.539122879505,
        "median": -0.155490756035,
        "min": -1.91730678082,
        "var": 86.7772369385
    },
    "erbbands_skewness": {
        "dmean": 0.354379236698,
        "dmean2": 0.537859320641,
        "dvar": 0.228076592088,
        "dvar2": 0.576320528984,
        "max": 4.02815151215,
        "mean": 0.153705298901,
        "median": 0.202399104834,
        "min": -18.9767341614,
        "var": 0.583460867405
    },
    "erbbands_spread": {
        "dmean": 10.5428695679,
        "dmean2": 15.320640564,
        "dvar": 190.526885986,
        "dvar2": 361.942718506,
        "max": 217.830215454,
        "mean": 46.3228378296,
        "median": 42.5065536499,
        "min": 0.182747617364,
        "var": 584.838989258
    },
    "hfc": {
        "dmean": 16.7502746582,
        "dmean2": 25.6051464081,
        "dvar": 895.318664551,
        "dvar2": 2219.59448242,
        "max": 360.386230469,
        "mean": 46.16065979,
        "median": 35.7823104858,
        "min": 1.10134393558e-16,
        "var": 1873.65563965
    },
    "melbands_crest": {
        "dmean": 3.72963070869,
        "dmean2": 5.7657790184,
        "dvar": 16.6343479156,
        "dvar2": 37.422088623,
        "max": 37.9575080872,
        "mean": 20.6106739044,
        "median": 20.7229804993,
        "min": 1.82324790955,
        "var": 73.6853713989
    },
    "melbands_flatness_db": {
        "dmean": 0.0308021530509,
        "dmean2": 0.04278633371,
        "dvar": 0.00139059277717,
        "dvar2": 0.00239077606238,
        "max": 0.629518270493,
        "mean": 0.19231633842,
        "median": 0.183015078306,
        "min": 0.00360287399963,
        "var": 0.00708936993033
    },
    "melbands_kurtosis": {
        "dmean": 15.6362810135,
        "dmean2": 22.5742092133,
        "dvar": 3040.37036133,
        "dvar2": 6094.47412109,
        "max": 2479.95043945,
        "mean": 25.0549945831,
        "median": 9.36788654327,
        "min": -1.96939790249,
        "var": 4510.67822266
    },
    "melbands_skewness": {
        "dmean": 1.1175699234,
        "dmean2": 1.55946409702,
        "dvar": 3.23894953728,
        "dvar2": 5.27156305313,
        "max": 45.3720054626,
        "mean": 3.43447589874,
        "median": 2.81062936783,
        "min": -21.852022171,
        "var": 8.9288187027
    },
    "melbands_spread": {
        "dmean": 9.70556640625,
        "dmean2": 14.702507019,
        "dvar": 225.55809021,
        "dvar2": 499.080505371,
        "max": 237.235870361,
        "mean": 28.4526252747,
        "median": 23.1673812866,
        "min": 0.217429459095,
        "var": 499.533050537
    },
    "pitch_salience": {
        "dmean": 0.083358630538,
        "dmean2": 0.125743582845,
        "dvar": 0.00857756193727,
        "dvar2": 0.0186911448836,
        "max": 0.970944643021,
        "mean": 0.4697701931,
        "median": 0.466985613108,
        "min": 0.0281424596906,
        "var": 0.027375722304
    },
    "silence_rate_20dB": {
        "dmean": 0,
        "dmean2": 0,
        "dvar": 0,
        "dvar2": 0,
        "max": 1,
        "mean": 1,
        "median": 1,
        "min": 1,
        "var": 0
    },
    "silence_rate_30dB": {
        "dmean": 0.0220285411924,
        "dmean2": 0.0440613031387,
        "dvar": 0.0215451009572,
        "dvar2": 0.0568767376244,
        "max": 1,
        "mean": 0.985251843929,
        "median": 1,
        "min": 0,
        "var": 0.014531744644
    },
    "silence_rate_60dB": {
        "dmean": 0.00708744395524,
        "dmean2": 0.0140804601833,
        "dvar": 0.00703720422462,
        "dvar2": 0.0179052688181,
        "max": 1,
        "mean": 0.0535338073969,
        "median": 0,
        "min": 0,
        "var": 0.0506696775556
    },
    "spectral_centroid": {
        "dmean": 329.805908203,
        "dmean2": 496.449371338,
        "dvar": 145422.390625,
        "dvar2": 309845.03125,
        "max": 11418.90625,
        "mean": 1892.42712402,
        "median": 1902.67578125,
        "min": 134.689758301,
        "var": 791428.75
    },
    "spectral_complexity": {
        "dmean": 5.24087715149,
        "dmean2": 7.67940616608,
        "dvar": 40.9860496521,
        "dvar2": 74.1909866333,
        "max": 61,
        "mean": 22.7312774658,
        "median": 21,
        "min": 0,
        "var": 182.869720459
    },
    "spectral_decrease": {
        "dmean": 2.09562567299e-09,
        "dmean2": 3.040590002e-09,
        "dvar": 9.97860894711e-18,
        "dvar2": 1.81688170139e-17,
        "max": 9.23378595807e-11,
        "mean": -9.87007897635e-09,
        "median": -8.98177354713e-09,
        "min": -3.48807560613e-08,
        "var": 5.00435833352e-17
    },
    "spectral_energy": {
        "dmean": 0.00823670439422,
        "dmean2": 0.0118924733251,
        "dvar": 0.000157374714036,
        "dvar2": 0.00028779526474,
        "max": 0.138828098774,
        "mean": 0.0414387769997,
        "median": 0.0390267781913,
        "min": 1.00730993459e-20,
        "var": 0.000828665914014
    },
    "spectral_energyband_high": {
        "dmean": 0.00145761028398,
        "dmean2": 0.00232863752171,
        "dvar": 7.90069316281e-06,
        "dvar2": 2.1101841412e-05,
        "max": 0.0381634756923,
        "mean": 0.00329065718688,
        "median": 0.00241843936965,
        "min": 7.14622899273e-21,
        "var": 1.25627175294e-05
    },
    "spectral_energyband_low": {
        "dmean": 0.00669010123238,
        "dmean2": 0.00972253829241,
        "dvar": 0.000157538670464,
        "dvar2": 0.000301403255435,
        "max": 0.121174477041,
        "mean": 0.0246285498142,
        "median": 0.0164122879505,
        "min": 3.20147901896e-23,
        "var": 0.0005546862958
    },
    "spectral_energyband_middle_high": {
        "dmean": 0.0031399182044,
        "dmean2": 0.00482837948948,
        "dvar": 3.46755768987e-05,
        "dvar2": 7.99093177193e-05,
        "max": 0.07936552912,
        "mean": 0.00710065895692,
        "median": 0.0047455127351,
        "min": 1.16349102484e-21,
        "var": 6.46270273137e-05
    },
    "spectral_energyband_middle_low": {
        "dmean": 0.00452007632703,
        "dmean2": 0.00726918550208,
        "dvar": 8.17187101347e-05,
        "dvar2": 0.000213740131585,
        "max": 0.0866712480783,
        "mean": 0.007015760988,
        "median": 0.00460390234366,
        "min": 1.95592192324e-22,
        "var": 7.55542496336e-05
    },
    "spectral_entropy": {
        "dmean": 0.13841688633,
        "dmean2": 0.212224289775,
        "dvar": 0.0236164145172,
        "dvar2": 0.0511838644743,
        "max": 9.81844139099,
        "mean": 8.0022649765,
        "median": 8.16878700256,
        "min": 4.72659158707,
        "var": 0.266629725695
    },
    "spectral_flux": {
        "dmean": 0.0266670025885,
        "dmean2": 0.0394619107246,
        "dvar": 0.00130611809436,
        "dvar2": 0.00238008610904,
        "max": 0.382390260696,
        "mean": 0.0967126339674,
        "median": 0.0823680907488,
        "min": 6.60803425867e-11,
        "var": 0.00427835760638
    },
    "spectral_kurtosis": {
        "dmean": 1.36623072624,
        "dmean2": 2.26144194603,
        "dvar": 18.1614398956,
        "dvar2": 56.7464675903,
        "max": 214.381011963,
        "mean": 4.43999195099,
        "median": 2.63822317123,
        "min": -1.24889993668,
        "var": 112.95098877
    },
    "spectral_rms": {
        "dmean": 0.000627243891358,
        "dmean2": 0.000898187281564,
        "dvar": 8.11986069493e-07,
        "dvar2": 1.43763156757e-06,
        "max": 0.0116379577667,
        "mean": 0.00583870848641,
        "median": 0.00617048656568,
        "min": 3.1348706183e-12,
        "var": 6.33785884929e-06
    },
    "spectral_rolloff": {
        "dmean": 1115.93261719,
        "dmean2": 1797.00708008,
        "dvar": 3565635.25,
        "dvar2": 7987507.5,
        "max": 19681.3476562,
        "mean": 2353.49829102,
        "median": 1270.45898438,
        "min": 43.06640625,
        "var": 8480414
    },
    "spectral_skewness": {
        "dmean": 0.192688807845,
        "dmean2": 0.305525273085,
        "dvar": 0.0826242491603,
        "dvar2": 0.217486202717,
        "max": 12.3575963974,
        "mean": 1.53015315533,
        "median": 1.41129386425,
        "min": -2.68824958801,
        "var": 0.634673774242
    },
    "spectral_spread": {
        "dmean": 775591.5625,
        "dmean2": 1160604,
        "dvar": 1.18334160896e+12,
        "dvar2": 2.50112062259e+12,
        "max": 47332028,
        "mean": 6620506,
        "median": 6692826,
        "min": 449608.53125,
        "var": 7.793344512e+12
    },
    "spectral_strongpeak": {
        "dmean": 0.272416651249,
        "dmean2": 0.461639523506,
        "dvar": 0.7108091712,
        "dvar2": 1.83557641506,
        "max": 27.6893539429,
        "mean": 0.558629453182,
        "median": 0.340335071087,
        "min": 0,
        "var": 0.988625884056
    },
    "zerocrossingrate": {
        "dmean": 0.0185792390257,
        "dmean2": 0.0214634686708,
        "dvar": 0.000539976288565,
        "dvar2": 0.00066262006294,
        "max": 0.82958984375,
        "mean": 0.096335478127,
        "median": 0.08447265625,
        "min": 0.00244140625,
        "var": 0.00465310038999
    },
    "barkbands": {
        "dmean": [0.000931699527428, 0.00541871413589, 0.00299092684872, 0.00138499157038, 0.00159489770886, 0.00104343949351, 0.000635340227745, 0.000552312703803, 0.00075450213626, 0.000690557528287, 0.000683112593833, 0.00093825039221, 0.000664577295538, 0.000570670934394, 0.000374971423298, 0.000330206152285, 0.000255555467447, 0.000234194871155, 0.000236278196098, 0.000210441809031, 0.000200158436201, 0.000217434746446, 0.00024107817444, 0.000287194328848, 0.000318439881084, 0.000360411941074, 0.000143916491652],
        "dmean2": [0.00128380709793, 0.00788766890764, 0.00510619208217, 0.00242474512197, 0.00258005340584, 0.00179775920697, 0.00100459891837, 0.000950158864725, 0.00117536028847, 0.00111843796913, 0.00111471593846, 0.00155783700757, 0.00106838683132, 0.000947957218159, 0.000605918059591, 0.000537990243174, 0.000417792616645, 0.000370971509255, 0.000373721675714, 0.00034595883335, 0.000325445027556, 0.000354305171641, 0.000396650051698, 0.000484528020024, 0.000528655247763, 0.000588910537772, 0.000231703190366],
        "dvar": [3.45578064298e-06, 0.000113426423923, 0.000119208911201, 1.82770181709e-05, 1.35367408802e-05, 7.33386241336e-06, 1.83398992704e-06, 2.89261606667e-06, 1.55321663442e-06, 2.32385013987e-06, 2.01958255275e-06, 3.93412165067e-06, 1.80793210802e-06, 1.50166863477e-06, 4.82638938593e-07, 3.2564440744e-07, 2.31340933965e-07, 1.5105486284e-07, 1.88824046177e-07, 1.40466767107e-07, 1.24636869714e-07, 1.6817342896e-07, 2.27522505725e-07, 2.66528957127e-07, 3.49498492369e-07, 4.4228590923e-07, 7.95410031174e-08],
        "dvar2": [5.89214278079e-06, 0.000227407086641, 0.000313187396387, 5.15656101925e-05, 3.30423426931e-05, 2.03052277357e-05, 4.23886558565e-06, 7.86963482824e-06, 3.56102782462e-06, 5.55962287763e-06, 5.01538306708e-06, 1.06634470285e-05, 4.38780716649e-06, 4.0772729335e-06, 1.25480562474e-06, 8.19960405352e-07, 5.90925310462e-07, 3.63076452459e-07, 4.46633407591e-07, 3.73025130784e-07, 3.32535080361e-07, 4.39781530304e-07, 6.22534230388e-07, 7.42535974041e-07, 9.21773505524e-07, 1.15561510938e-06, 2.03783187658e-07],
        "max": [0.0953388959169, 0.111817896366, 0.0935149788857, 0.0472884327173, 0.0492159873247, 0.0311016533524, 0.0254991780967, 0.0287425164133, 0.0273511428386, 0.0247719697654, 0.0203663837165, 0.0360273681581, 0.0211216807365, 0.0175874698907, 0.0132660511881, 0.0112208249047, 0.0109445061535, 0.00970011204481, 0.0104507766664, 0.00526345567778, 0.00603377213702, 0.00930339470506, 0.00760610261932, 0.00732211908326, 0.00722351530567, 0.00723835360259, 0.00365336239338],
        "mean": [0.00368655100465, 0.0178583674133, 0.00262304907665, 0.00131539104041, 0.00190007593483, 0.00114777986892, 0.000774415326305, 0.000521609326825, 0.00112815748435, 0.000822155212518, 0.000865462177899, 0.00131426600274, 0.000988901592791, 0.000734883593395, 0.000553380465135, 0.000492634018883, 0.000391961570131, 0.00042358180508, 0.000433353503468, 0.000363764789654, 0.000373223185306, 0.000379947974579, 0.000432892295066, 0.00049618142657, 0.000568002345972, 0.000627095752861, 0.00022180940141],
        "median": [0.000582495471463, 0.0106773395091, 0.000379006960429, 0.000276178441709, 0.000738328963052, 0.000382587139029, 0.000210684491321, 0.000140644435305, 0.000478679779917, 0.000189153390238, 0.000278991414234, 0.000501806847751, 0.000353422568878, 0.000260854227236, 0.000277656072285, 0.000251926656347, 0.000160650015459, 0.00023469972075, 0.000220511166845, 0.000218891422264, 0.0002370600414, 0.000250607292401, 0.000293279532343, 0.000302367901895, 0.000339546968462, 0.000318817677908, 6.40261423541e-05],
        "min": [1.89472872065e-24, 1.05620491937e-23, 1.12941274965e-24, 2.37346947137e-24, 8.11977054099e-24, 1.96668798133e-23, 1.12942982849e-23, 5.96473034339e-24, 2.82181320259e-23, 2.95161490029e-23, 1.87576876434e-23, 1.56313845443e-23, 1.91179604188e-23, 6.22113885213e-23, 4.36719424028e-23, 5.34833178699e-23, 7.90745777914e-23, 9.92004957654e-23, 1.15286657044e-22, 2.35583401251e-22, 3.28820121195e-22, 3.4270793539e-22, 4.61981482827e-22, 6.45233391482e-22, 8.61370677222e-22, 1.38528821718e-21, 2.07931718687e-21],
        "var": [3.47368331859e-05, 0.000344097294146, 8.64597677719e-05, 1.22574092529e-05, 1.40140273288e-05, 5.56715167477e-06, 2.70957912107e-06, 2.08934602597e-06, 2.87179273073e-06, 2.98799045595e-06, 2.65570997726e-06, 4.59524608232e-06, 3.05892103825e-06, 1.63680113019e-06, 6.26563632977e-07, 4.38752920218e-07, 3.36196194439e-07, 3.31656252683e-07, 4.37088857552e-07, 2.1421014651e-07, 1.9367486459e-07, 2.22488381496e-07, 2.84373300019e-07, 3.60588899184e-07, 5.06118908561e-07, 7.12985467999e-07, 1.38158128493e-07]
    },
    "erbbands": {
        "dmean": [0.24560624361, 1.04504287243, 3.02596950531, 4.06236171722, 4.19566583633, 5.80641126633, 7.81188964844, 9.00867652893, 9.46312141418, 9.2196931839, 13.159236908, 15.9625797272, 20.2899532318, 24.3611221313, 27.6697864532, 34.2245788574, 28.5795955658, 27.8116073608, 21.2754840851, 18.357635498, 16.9333629608, 14.1573019028, 13.480093956, 11.7991933823, 10.2819814682, 10.0042543411, 8.34492111206, 8.30455684662, 7.70004367828, 7.74128437042, 6.53266429901, 6.27998161316, 5.08717679977, 3.55577206612, 2.58348035812, 1.52375102043, 0.72171241045, 0.225703045726, 0.0240265037864, 0.000331101153279],
        "dmean2": [0.348195284605, 1.44288086891, 4.93850326538, 6.92729949951, 7.05342817307, 9.52967357635, 12.4393281937, 15.690120697, 15.8629760742, 14.6541252136, 22.2122344971, 25.0069732666, 32.8083610535, 38.7897796631, 45.2304763794, 55.804309845, 45.2630462646, 45.207233429, 35.2445068359, 29.7794189453, 27.6223144531, 23.127035141, 21.461233139, 18.7575683594, 16.2309455872, 16.5124397278, 13.6235513687, 13.5988054276, 12.6569156647, 12.6866989136, 10.7888641357, 10.5574207306, 8.60826015472, 5.93785095215, 4.30860996246, 2.52524328232, 1.17987430096, 0.362285196781, 0.0388978123665, 0.00053126522107],
        "dvar": [0.202929362655, 5.52393007278, 109.348709106, 170.743621826, 123.030563354, 200.866638184, 489.509521484, 523.602111816, 644.016540527, 439.440460205, 1314.66125488, 869.334655762, 1728.22875977, 2264.99682617, 3794.57397461, 5163.51367188, 3257.19482422, 3211.23193359, 2330.88378906, 1035.40161133, 863.785461426, 680.68548584, 542.251281738, 469.119659424, 323.764953613, 343.234375, 248.524353027, 230.21913147, 203.575286865, 221.515686035, 156.579559326, 112.827384949, 87.8850708008, 39.6153182983, 23.4495429993, 7.22542142868, 1.87376105785, 0.180663347244, 0.00230055721477, 4.17169218281e-07],
        "dvar2": [0.387706249952, 10.9920701981, 272.210754395, 455.629516602, 336.707733154, 504.239501953, 1151.95092773, 1443.45361328, 1756.19506836, 987.292236328, 3501.97460938, 2050.05639648, 4258.63232422, 5208.33203125, 10028.8994141, 13809.1259766, 7534.90283203, 8262.51464844, 6194.16455078, 2551.37011719, 2188.86254883, 1747.90820312, 1295.33581543, 1069.13171387, 779.294006348, 919.75012207, 658.389343262, 620.788574219, 534.31842041, 595.942749023, 424.813323975, 307.729400635, 245.643463135, 105.500480652, 62.2236709595, 18.8046131134, 4.89789104462, 0.462056487799, 0.00593727361411, 1.0685973848e-06],
        "max": [4.43820619583, 24.0381164551, 88.1212387085, 130.696472168, 132.755355835, 186.059112549, 450.898132324, 263.311737061, 303.52633667, 472.204467773, 597.663330078, 809.736022949, 844.835632324, 780.473693848, 1105.04638672, 1315.95581055, 725.096069336, 801.239135742, 788.133666992, 567.138793945, 604.408325195, 468.761444092, 669.741149902, 517.094909668, 485.949127197, 350.0675354, 312.321289062, 290.329223633, 332.844146729, 207.944366455, 180.396957397, 157.496551514, 129.563430786, 77.0384750366, 71.533531189, 30.1442699432, 16.8132514954, 4.95837974548, 0.69276112318, 0.00884625129402],
        "mean": [0.892461240292, 2.50645971298, 3.17154431343, 3.97385382652, 4.87076282501, 6.30322122574, 8.6504983902, 9.97088336945, 10.4296741486, 11.4544677734, 13.7236938477, 23.0699710846, 27.889799118, 32.707824707, 39.9928588867, 50.1287384033, 45.074508667, 39.4254112244, 31.6251144409, 28.8081245422, 26.6767749786, 23.1336765289, 24.6839466095, 22.1669940948, 19.4069690704, 17.3555107117, 15.1638526917, 14.842338562, 13.4759492874, 13.6359987259, 11.8122310638, 10.4021911621, 8.16882801056, 5.93641757965, 4.22457170486, 2.57316255569, 1.1472723484, 0.372059106827, 0.0362802408636, 0.000582700187806],
        "median": [0.393788814545, 1.4436570406, 0.747109591961, 0.961189031601, 1.97898054123, 1.99107527733, 2.51153087616, 3.21710014343, 3.54024672508, 3.40462303162, 4.3240480423, 9.52075958252, 11.8228130341, 10.8163642883, 17.2481403351, 19.9808921814, 17.6586608887, 16.6191368103, 13.5285778046, 15.2811946869, 14.3644113541, 11.6088104248, 13.7670326233, 11.3915500641, 11.2972240448, 10.3204917908, 9.45833206177, 9.1785774231, 8.91016483307, 8.82182312012, 8.00131034851, 6.12603759766, 4.60184288025, 3.32025051117, 2.3454079628, 1.36624670029, 0.52847135067, 0.151739865541, 0.0100875589997, 0.000239365617745],
        "min": [1.58685606242e-22, 2.14029853298e-21, 3.17041425711e-21, 9.98949109614e-21, 4.19096647281e-20, 3.38206719803e-20, 3.21414339445e-20, 1.5593723272e-19, 1.41681472797e-19, 2.57166626732e-19, 3.02720031752e-19, 4.97210614785e-19, 9.9941398835e-19, 8.03800507636e-19, 1.02584065116e-18, 9.93794847051e-19, 1.05408297542e-18, 2.60212512543e-18, 2.95905376654e-18, 3.81074663578e-18, 3.12977908868e-18, 5.70724265133e-18, 5.55272655368e-18, 6.33953661643e-18, 8.83611039378e-18, 1.02828831995e-17, 8.47083157117e-18, 1.1899292551e-17, 1.23993133051e-17, 1.41152366201e-17, 1.22225472897e-17, 1.27571764535e-17, 1.02303216619e-17, 8.61806558431e-18, 6.68781191436e-18, 4.36957165964e-18, 2.59954308115e-18, 1.09244275254e-18, 2.76701013886e-19, 2.77528789034e-20],
        "var": [0.945290267467, 12.4115657806, 91.9196243286, 125.000526428, 100.284072876, 186.106307983, 546.401062012, 432.720947266, 522.220458984, 677.556335449, 1037.2454834, 1423.98754883, 2207.55957031, 3349.63964844, 4554.99072266, 6712.82568359, 5885.37646484, 4097.51025391, 2612.23046875, 1533.11535645, 1203.03747559, 982.600341797, 1235.35498047, 1073.5625, 676.827148438, 507.308074951, 348.671722412, 335.451324463, 271.503570557, 287.190551758, 206.483673096, 156.74041748, 111.694709778, 56.9958152771, 31.4265079498, 11.7555742264, 2.73841619492, 0.307704299688, 0.0038295914419, 7.41936560189e-07]
    },
    "gfcc": {
        "mean": [23.9095096588, 36.9541015625, -95.6930084229, 20.6853275299, -43.9407577515, 24.7958164215, -27.4677467346, 14.0542459488, -23.8018264771, 10.2640314102, -15.1780576706, 10.1393175125, -9.59406471252],
        "cov": [[19103.9472656, -2896.76489258, 528.23223877, 372.620025635, 865.251403809, 971.366333008, 9.205078125, 655.956848145, -66.1555328369, 585.436462402, -30.2546806335, 421.862030029, -269.067779541], [-2896.76489258, 3308.05566406, -11.9099636078, 113.376678467, 60.3096847534, -260.648834229, 25.2658443451, -31.437625885, -8.97848892212, -117.122932434, -21.0600090027, -172.010925293, 242.812942505], [528.23223877, -11.9099636078, 1196.9074707, 467.159240723, 359.920257568, 215.313903809, 113.795814514, 120.515960693, 69.8545074463, 74.8989105225, -2.21907997131, 46.9009208679, -5.89283323288], [372.620025635, 113.376678467, 467.159240723, 764.051208496, 296.25894165, 245.856338501, 116.97051239, 116.591560364, 69.2692718506, 70.0479736328, 14.7706775665, 30.6215248108, 8.42253112793], [865.251403809, 60.3096847534, 359.920257568, 296.25894165, 488.559814453, 264.34085083, 157.38180542, 135.477493286, 68.6508026123, 81.4296722412, 35.810256958, 59.1216964722, 33.463218689], [971.366333008, -260.648834229, 215.313903809, 245.856338501, 264.34085083, 404.171905518, 150.107162476, 143.10798645, 64.6534347534, 83.9569702148, 36.0034065247, 58.0778465271, 3.11483240128], [9.205078125, 25.2658443451, 113.795814514, 116.97051239, 157.38180542, 150.107162476, 223.281341553, 117.835601807, 75.9701080322, 55.9988975525, 24.654876709, 25.543296814, 18.7604064941], [655.956848145, -31.437625885, 120.515960693, 116.591560364, 135.477493286, 143.10798645, 117.835601807, 231.055328369, 92.1750946045, 81.7105407715, 22.1661739349, 27.5889434814, 3.35282111168], [-66.1555328369, -8.97848892212, 69.8545074463, 69.2692718506, 68.6508026123, 64.6534347534, 75.9701080322, 92.1750946045, 172.749176025, 62.020236969, 40.7149620056, 7.62225627899, 13.0164299011], [585.436462402, -117.122932434, 74.8989105225, 70.0479736328, 81.4296722412, 83.9569702148, 55.9988975525, 81.7105407715, 62.020236969, 182.268692017, 61.4748039246, 54.7426681519, 8.84612083435], [-30.2546806335, -21.0600090027, -2.21907997131, 14.7706775665, 35.810256958, 36.0034065247, 24.654876709, 22.1661739349, 40.7149620056, 61.4748039246, 107.676277161, 52.6739654541, 26.9221458435], [421.862030029, -172.010925293, 46.9009208679, 30.6215248108, 59.1216964722, 58.0778465271, 25.543296814, 27.5889434814, 7.62225627899, 54.7426681519, 52.6739654541, 108.388214111, 36.7053260803], [-269.067779541, 242.812942505, -5.89283323288, 8.42253112793, 33.463218689, 3.11483240128, 18.7604064941, 3.35282111168, 13.0164299011, 8.84612083435, 26.9221458435, 36.7053260803, 114.22593689]],
        "icov": [[9.35011121328e-05, 3.76462412532e-05, 2.81767061097e-05, 3.38371137332e-05, -0.000149860847159, -0.000112820016511, 0.000263037916739, -0.000243988935836, 0.000143498458783, -0.000218898523599, 0.000267281662673, -0.000272391742328, 0.000175255991053], [3.76462412532e-05, 0.000550094817299, 7.58908481657e-06, -0.0001481990912, -0.000291800388368, 0.000453184562502, -5.76893799007e-05, -0.000289622606942, 0.000338480022037, -2.69939664577e-06, -0.00028561882209, 0.00135387456976, -0.00138434732798], [2.81767061097e-05, 7.58908481657e-06, 0.00125384458806, -0.000517523498274, -0.000694748188835, 8.17506370367e-05, 0.000160974756, -8.05663730716e-05, -0.000160786061315, -0.000153890898218, 0.000588567403611, -0.000503112736624, 0.000383502483601], [3.38371137332e-05, -0.0001481990912, -0.000517523498274, 0.00210461113602, -0.00049057364231, -0.00083584949607, 0.000191915925825, -5.87091271882e-05, -0.00018280754739, -0.000223308787099, 0.00028913616552, -0.000196867302293, 0.0003828049812], [-0.000149860847159, -0.000291800388368, -0.000694748188835, -0.00049057364231, 0.004531620536, -0.00154294492677, -0.001415206003, 0.000117870324175, -0.000174234213773, 0.000210326659726, -0.000418062554672, -0.000494134204928, -0.000528024567757], [-0.000112820016511, 0.000453184562502, 8.17506370367e-05, -0.00083584949607, -0.00154294492677, 0.00543987378478, -0.00178190576844, -0.000934648211114, 0.000294308993034, 0.000165649311384, -0.000806582975201, 0.000409919710364, -0.00052746781148], [0.000263037916739, -5.76893799007e-05, 0.000160974756, 0.000191915925825, -0.001415206003, -0.00178190576844, 0.00837551336735, -0.00259858020581, -0.00106130621862, -0.000655517331325, 0.000906663713977, -0.000910871662199, 0.000150971653056], [-0.000243988935836, -0.000289622606942, -8.05663730716e-05, -5.87091271882e-05, 0.000117870324175, -0.000934648211114, -0.00259858020581, 0.00840390194207, -0.00289341807365, -0.00114672735799, 0.000796616135631, -0.00034025736386, 0.000552270095795], [0.000143498458783, 0.000338480022037, -0.000160786061315, -0.00018280754739, -0.000174234213773, 0.000294308993034, -0.00106130621862, -0.00289341807365, 0.0091414982453, -0.00153923407197, -0.00276709883474, 0.00293959863484, -0.00128898082767], [-0.000218898523599, -2.69939664577e-06, -0.000153890898218, -0.000223308787099, 0.000210326659726, 0.000165649311384, -0.000655517331325, -0.00114672735799, -0.00153923407197, 0.00912581942976, -0.0037180967629, -0.00162278430071, 0.000440271745902], [0.000267281662673, -0.00028561882209, 0.000588567403611, 0.00028913616552, -0.000418062554672, -0.000806582975201, 0.000906663713977, 0.000796616135631, -0.00276709883474, -0.0037180967629, 0.0160181093961, -0.00744668953121, 0.000438810064225], [-0.000272391742328, 0.00135387456976, -0.000503112736624, -0.000196867302293, -0.000494134204928, 0.000409919710364, -0.000910871662199, -0.00034025736386, 0.00293959863484, -0.00162278430071, -0.00744668953121, 0.020045498386, -0.00813346449286], [0.000175255991053, -0.00138434732798, 0.000383502483601, 0.0003828049812, -0.000528024567757, -0.00052746781148, 0.000150971653056, 0.000552270095795, -0.00128898082767, 0.000440271745902, 0.000438810064225, -0.00813346449286, 0.0148527417332]]
    },
    "melbands": {
        "dmean": [0.00174683926161, 0.00131436961237, 0.000691635126714, 0.000328683294356, 0.000272026372841, 0.000201387316338, 0.000143322278745, 0.00010482151265, 0.000107785155706, 0.000106657193101, 0.000104217004264, 9.92483473965e-05, 9.16237768251e-05, 0.000109721004264, 8.5558538558e-05, 6.99342708685e-05, 5.17752268934e-05, 3.86381143471e-05, 3.02306107187e-05, 2.38526663452e-05, 2.01657057914e-05, 1.63364529726e-05, 1.3688177205e-05, 1.06950283225e-05, 1.04690188891e-05, 9.32474995352e-06, 7.34416289561e-06, 7.02726310919e-06, 5.79014522373e-06, 4.76030709251e-06, 5.39405482414e-06, 4.79894742966e-06, 4.2588803808e-06, 4.8713995966e-06, 4.14390979131e-06, 3.91009416489e-06, 4.02875230066e-06, 3.83679662264e-06, 3.57772864845e-06, 3.2537811876e-06],
        "dmean2": [0.00254545896314, 0.00191964558326, 0.00115038803779, 0.000551854493096, 0.000426909828093, 0.000350896210875, 0.000235612737015, 0.000169708000612, 0.000180833943887, 0.000166489451658, 0.000168779224623, 0.000158767870744, 0.000149005354615, 0.000182892254088, 0.000140754520544, 0.000112754685688, 8.47455157782e-05, 6.50562069495e-05, 4.94288287882e-05, 3.89433298551e-05, 3.32861236529e-05, 2.69079318969e-05, 2.23705301323e-05, 1.69507347891e-05, 1.67839698406e-05, 1.47689061123e-05, 1.19447013276e-05, 1.17332001537e-05, 9.57567226578e-06, 7.71939448896e-06, 8.91991385288e-06, 7.98484506959e-06, 6.89986973157e-06, 8.11693735159e-06, 6.89799026077e-06, 6.51839718557e-06, 6.78557898937e-06, 6.48710692985e-06, 6.10033293924e-06, 5.46182218386e-06],
        "dvar": [1.07499727164e-05, 1.43371817103e-05, 4.20768901677e-06, 6.2173370452e-07, 5.51845857899e-07, 2.77754935496e-07, 1.28635235797e-07, 6.70833131267e-08, 7.43005941217e-08, 3.53860585278e-08, 4.58320634777e-08, 3.94072827703e-08, 3.90041137166e-08, 4.92191958301e-08, 3.87170935312e-08, 2.3004457006e-08, 1.1644097242e-08, 8.57267412613e-09, 2.92295898596e-09, 1.83158943567e-09, 1.21700605149e-09, 9.85694414979e-10, 5.62103696922e-10, 2.96673768885e-10, 4.01227578939e-10, 3.39614059097e-10, 1.69384645199e-10, 1.70319522375e-10, 1.15787254784e-10, 7.3396975997e-11, 1.02613126329e-10, 8.24765533647e-11, 6.57516333047e-11, 9.30489782447e-11, 6.50257486745e-11, 4.29230435917e-11, 4.60453133955e-11, 4.5573274321e-11, 4.38152257531e-11, 3.23972758343e-11],
        "dvar2": [2.07127632166e-05, 3.11902040266e-05, 1.09844204417e-05, 1.62982178153e-06, 1.24312953176e-06, 7.70140900386e-07, 3.41201342735e-07, 1.66143450997e-07, 1.95184810536e-07, 8.13551253032e-08, 1.135460721e-07, 9.06036632387e-08, 9.86380115364e-08, 1.32935184638e-07, 1.02693370252e-07, 5.63706699097e-08, 3.06992120613e-08, 2.31535945971e-08, 7.55358176008e-09, 4.48670833819e-09, 3.14009640512e-09, 2.55860443943e-09, 1.3999830184e-09, 6.95675128615e-10, 9.12293740551e-10, 7.96504528999e-10, 4.40514791311e-10, 4.6027531786e-10, 3.09865577641e-10, 1.90711973991e-10, 2.80880457781e-10, 2.20056209366e-10, 1.67066804835e-10, 2.55024001916e-10, 1.755967316e-10, 1.16356431434e-10, 1.26300539471e-10, 1.27231072899e-10, 1.21359158833e-10, 8.65172031239e-11],
        "max": [0.031830124557, 0.0343824438751, 0.0205763876438, 0.00917466450483, 0.0153727326542, 0.00598300807178, 0.00413636909798, 0.00515664555132, 0.00431976141408, 0.00476279621944, 0.00437398301437, 0.00348108517937, 0.00318056764081, 0.00396322226152, 0.00331377075054, 0.00259730871767, 0.0017150627682, 0.00160920480266, 0.00113010662608, 0.00111079704948, 0.000648307788651, 0.000729112420231, 0.000519099878147, 0.000364013074432, 0.000480381859234, 0.000581052736379, 0.0001621296542, 0.00030007402529, 0.0002218419977, 0.000196059801965, 0.00015749958402, 0.000240057270275, 0.000210927944863, 0.000138363539008, 0.000108400672616, 9.97200186248e-05, 9.70277615124e-05, 9.43551931414e-05, 9.2699934612e-05, 6.91562090651e-05],
        "mean": [0.00635755993426, 0.00216887379065, 0.000731146603357, 0.000385508727049, 0.000309427530738, 0.000220572081162, 0.000165118224686, 0.000122817436932, 0.000113303452963, 0.000158035778441, 0.000139169118484, 0.000128869025502, 0.00012412990327, 0.000151949439896, 0.00011333625298, 9.73763599177e-05, 6.88168947818e-05, 5.1676244766e-05, 4.34733665315e-05, 3.49116526195e-05, 2.97125352517e-05, 2.41762281803e-05, 2.27208747674e-05, 1.90536047739e-05, 1.78941845661e-05, 1.62224841915e-05, 1.21816347018e-05, 1.12549087135e-05, 9.76472529146e-06, 8.38298728922e-06, 8.72753389558e-06, 7.70306451159e-06, 7.1842628131e-06, 7.87192584539e-06, 6.86865178068e-06, 6.46464786769e-06, 6.2215581238e-06, 5.73894794798e-06, 5.21933952768e-06, 4.9947448133e-06],
        "median": [0.00344668095931, 0.000778974615969, 0.000209319405258, 0.000152627180796, 9.55489376793e-05, 7.29454404791e-05, 5.58530373382e-05, 3.56177333742e-05, 3.38152785844e-05, 6.3111721829e-05, 5.62054519833e-05, 3.88044609281e-05, 4.81717615912e-05, 5.56322338525e-05, 3.27407215082e-05, 3.70036141248e-05, 2.63857655227e-05, 1.76517551154e-05, 2.23245915549e-05, 1.69262712006e-05, 1.50063224282e-05, 9.77061608864e-06, 1.18531133921e-05, 1.04054506664e-05, 8.07577634987e-06, 8.04438332125e-06, 6.4790478973e-06, 6.44332430966e-06, 5.85029965805e-06, 5.0790304158e-06, 5.03485352965e-06, 4.86454337079e-06, 4.40673284174e-06, 4.76101513414e-06, 4.31213175034e-06, 3.78265622203e-06, 3.5433845369e-06, 2.95448262477e-06, 2.54775113717e-06, 2.56816792898e-06],
        "min": [2.73049687302e-24, 2.16921938072e-24, 3.55941376842e-24, 2.43879721229e-24, 9.28008869154e-25, 3.86370108539e-24, 2.67891523058e-24, 2.46909065435e-24, 2.80654898074e-24, 2.89064135602e-24, 5.06389891571e-24, 2.70384757392e-24, 3.44539260204e-24, 2.19206183431e-24, 2.58409217762e-24, 2.29464964516e-24, 4.78921044877e-24, 4.64939274193e-24, 4.13603401368e-24, 5.33078633717e-24, 3.45008277455e-24, 4.29299445685e-24, 4.62035240542e-24, 4.65407502583e-24, 4.71189498031e-24, 4.94853431921e-24, 6.91402977952e-24, 6.20414607825e-24, 4.05666474585e-24, 7.17266887135e-24, 6.43359376671e-24, 6.07209746804e-24, 6.45520145577e-24, 6.92781749042e-24, 7.40380432771e-24, 6.0987605722e-24, 7.60009422018e-24, 6.20111724681e-24, 6.13768020825e-24, 6.59104172593e-24],
        "var": [4.25875041401e-05, 1.87784353329e-05, 3.30659963765e-06, 5.49148808204e-07, 6.56329859794e-07, 2.15772359979e-07, 1.19026658751e-07, 7.83089930678e-08, 6.31121466199e-08, 6.36172643453e-08, 5.78969334697e-08, 5.72153169287e-08, 4.95991265836e-08, 5.96684444076e-08, 5.05907671311e-08, 3.18913606634e-08, 1.37677140799e-08, 8.9612912646e-09, 3.8345686626e-09, 2.51608800461e-09, 1.64378577416e-09, 1.38393518867e-09, 1.02439079441e-09, 6.56194099058e-10, 8.77751815676e-10, 7.50109030445e-10, 2.64089528024e-10, 2.39893854781e-10, 1.55333149121e-10, 1.11015578674e-10, 1.35694455672e-10, 1.00001076864e-10, 9.35445471084e-11, 1.07949656158e-10, 8.01137628459e-11, 6.16197648462e-11, 6.05454297808e-11, 5.80668603478e-11, 5.27246996063e-11, 4.39981592826e-11]
    },
    "mfcc": {
        "mean": [-626.890380859, 85.2258453369, 5.69435787201, 10.9547901154, 7.81654262543, 12.7477388382, 10.028968811, 8.09964942932, 4.86469268799, 2.72670173645, 2.0118906498, 2.80759453773, 2.26566839218],
        "cov": [[11275.7275391, -1107.23657227, -287.776794434, -30.6103725433, 450.457702637, 488.580780029, 332.816314697, 209.405593872, 94.1520233154, 255.289169312, 247.065582275, 155.57749939, 163.937652588], [-1107.23657227, 2216.1809082, 21.0369930267, 365.320709229, 63.8369216919, -58.8613166809, 32.3699989319, -61.496509552, 145.178634644, -19.7372894287, -88.0481185913, -89.5979309082, -8.27272605896], [-287.776794434, 21.0369930267, 773.717224121, 315.925750732, 238.631240845, 145.012420654, 81.8167724609, 84.2374267578, 68.4085464478, 65.839553833, 44.8963851929, 27.8717651367, -1.73154771328], [-30.6103725433, 365.320709229, 315.925750732, 522.613708496, 236.440948486, 155.678100586, 113.652954102, 71.5882720947, 93.2397613525, 56.8919754028, 48.2010536194, 12.6101799011, 23.7301940918], [450.457702637, 63.8369216919, 238.631240845, 236.440948486, 376.256958008, 219.758499146, 141.614974976, 124.112983704, 90.6337280273, 74.2372589111, 51.3595848083, 57.4830284119, 28.6072311401], [488.580780029, -58.8613166809, 145.012420654, 155.678100586, 219.758499146, 304.247528076, 167.697219849, 109.776329041, 88.5004043579, 58.0648956299, 48.9707679749, 65.0947113037, 55.7961540222], [332.816314697, 32.3699989319, 81.8167724609, 113.652954102, 141.614974976, 167.697219849, 222.791061401, 112.329170227, 92.330909729, 50.503112793, 45.2301826477, 44.3929443359, 53.5943527222], [209.405593872, -61.496509552, 84.2374267578, 71.5882720947, 124.112983704, 109.776329041, 112.329170227, 197.060821533, 93.8148498535, 74.328994751, 44.9096183777, 39.3410301208, 13.0734500885], [94.1520233154, 145.178634644, 68.4085464478, 93.2397613525, 90.6337280273, 88.5004043579, 92.330909729, 93.8148498535, 167.39704895, 87.7689971924, 49.4295578003, 34.2329864502, 34.8651924133], [255.289169312, -19.7372894287, 65.839553833, 56.8919754028, 74.2372589111, 58.0648956299, 50.503112793, 74.328994751, 87.7689971924, 150.897689819, 90.6333236694, 45.1776580811, 16.8229656219], [247.065582275, -88.0481185913, 44.8963851929, 48.2010536194, 51.3595848083, 48.9707679749, 45.2301826477, 44.9096183777, 49.4295578003, 90.6333236694, 138.780929565, 59.5876121521, 30.0115566254], [155.57749939, -89.5979309082, 27.8717651367, 12.6101799011, 57.4830284119, 65.0947113037, 44.3929443359, 39.3410301208, 34.2329864502, 45.1776580811, 59.5876121521, 105.703369141, 56.1485176086], [163.937652588, -8.27272605896, -1.73154771328, 23.7301940918, 28.6072311401, 55.7961540222, 53.5943527222, 13.0734500885, 34.8651924133, 16.8229656219, 30.0115566254, 56.1485176086, 104.1352005]],
