{
"lowlevel": {
    "average_loudness": 0.841330945492,
    "barkbands_crest": {
        "dmean": 3.0426056385,
        "dmean2": 4.6274433136,
        "dvar": 9.86585330963,
        "dvar2": 22.0893993378,
        "max": 26.3281517029,
        "mean": 13.0559654236,
        "median": 13.2893457413,
        "min": 1.96836602688,
        "var": 30.0187397003
    },
    "barkbands_flatness_db": {
        "dmean": 0.0255880281329,
        "dmean2": 0.0387659519911,
        "dvar": 0.000847822229844,
        "dvar2": 0.00177870353218,
        "max": 0.534909367561,
        "mean": 0.130149170756,
        "median": 0.108016945422,
        "min": 0.00558227207512,
        "var": 0.00521408719942
    },
    "barkbands_kurtosis": {
        "dmean": 4.91630840302,
        "dmean2": 7.84899759293,
        "dvar": 221.321487427,
        "dvar2": 607.676269531,
        "max": 591.899108887,
        "mean": 6.19036769867,
        "median": 1.58370065689,
        "min": -1.87441444397,
        "var": 294.856964111
    },
    "barkbands_skewness": {
        "dmean": 0.770269215107,
        "dmean2": 1.16611123085,
        "dvar": 0.875046610832,
        "dvar2": 1.97332656384,
        "max": 17.4753093719,
        "mean": 1.77726590633,
        "median": 1.51001763344,
        "min": -3.70232272148,
        "var": 2.45392632484
    },
    "barkbands_spread": {
        "dmean": 9.30307292938,
        "dmean2": 14.630197525,
        "dvar": 133.958343506,
        "dvar2": 316.834991455,
        "max": 124.425613403,
        "mean": 34.7527084351,
        "median": 32.4612045288,
        "min": 0.245230033994,
        "var": 486.50692749
    },
    "dissonance": {
        "dmean": 0.0163339804858,
        "dmean2": 0.0277408715338,
        "dvar": 0.000625344691798,
        "dvar2": 0.00181733106729,
        "max": 0.499999970198,
        "mean": 0.468277335167,
        "median": 0.484200388193,
        "min": 0.133772790432,
        "var": 0.00216873758473
    },
    "dynamic_complexity": 4.0113568306,
    "erbbands_crest": {
        "dmean": 2.51900076866,
        "dmean2": 4.27546405792,
        "dvar": 6.77584028244,
        "dvar2": 18.0003509521,
        "max": 32.6445617676,
        "mean": 7.81142425537,
        "median": 6.13107585907,
        "min": 2.34590172768,
        "var": 23.7250347137
    },
    "erbbands_flatness_db": {
        "dmean": 0.0153904212639,
        "dmean2": 0.024176793173,
        "dvar": 0.000242350201006,
        "dvar2": 0.000585559871979,
        "max": 0.486638218164,
        "mean": 0.129485577345,
        "median": 0.101808905602,
        "min": 0.031719211489,
        "var": 0.00531582860276
    },
    "erbbands_kurtosis": {
        "dmean": 1.49777960777,
        "dmean2": 2.48091077805,
        "dvar": 20.5049324036,
        "dvar2": 57.9494552612,
        "max": 133.570648193,
        "mean": 1.4181689024,
        "median": -0.0862281322479,
        "min": -1.84805810452,
        "var": 43.3806991577
    },
    "erbbands_skewness": {
        "dmean": 0.412256538868,
        "dmean2": 0.656491875648,
        "dvar": 0.209051772952,
        "dvar2": 0.530860900879,
        "max": 9.16726016998,
        "mean": 0.0707678794861,
        "median": -0.139091536403,
        "min": -3.72758460045,
        "var": 1.09777951241
    },
    "erbbands_spread": {
        "dmean": 11.3225040436,
        "dmean2": 17.3788909912,
        "dvar": 219.872375488,
        "dvar2": 419.908752441,
        "max": 203.022415161,
        "mean": 46.1583442688,
        "median": 42.8959922791,
        "min": 0.961838245392,
        "var": 681.405090332
    },
    "hfc": {
        "dmean": 18.8016033173,
        "dmean2": 30.7640228271,
        "dvar": 1633.80419922,
        "dvar2": 4377.80371094,
        "max": 487.750671387,
        "mean": 47.9826164246,
        "median": 29.0474853516,
        "min": 1.07849317042e-16,
        "var": 2984.49121094
    },
    "melbands_crest": {
        "dmean": 3.72303986549,
        "dmean2": 5.93311309814,
        "dvar": 17.528673172,
        "dvar2": 43.3089408875,
        "max": 35.7594261169,
        "mean": 19.8853778839,
        "median": 18.9569072723,
        "min": 1.62590670586,
        "var": 65.192817688
    },
    "melbands_flatness_db": {
        "dmean": 0.0341666825116,
        "dmean2": 0.0512771271169,
        "dvar": 0.00156287837308,
        "dvar2": 0.00329164578579,
        "max": 0.685474336147,
        "mean": 0.202048480511,
        "median": 0.191355958581,
        "min": 0.00339001999237,
        "var": 0.00780110666528
    },
    "melbands_kurtosis": {
        "dmean": 18.1908950806,
        "dmean2": 27.5791778564,
        "dvar": 1769.26147461,
        "dvar2": 3299.05053711,
        "max": 835.33404541,
        "mean": 28.2192726135,
        "median": 12.250087738,
        "min": -1.76384174824,
        "var": 3163.41137695
    },
    "melbands_skewness": {
        "dmean": 1.27187752724,
        "dmean2": 1.89874362946,
        "dvar": 2.89719676971,
        "dvar2": 5.49106693268,
        "max": 20.7481307983,
        "mean": 3.76054978371,
        "median": 3.22373795509,
        "min": -2.12906050682,
        "var": 8.15375900269
    },
    "melbands_spread": {
        "dmean": 10.9101047516,
        "dmean2": 17.3746414185,
        "dvar": 247.536636353,
        "dvar2": 608.627868652,
        "max": 170.658309937,
        "mean": 27.8402099609,
        "median": 21.7299079895,
        "min": 0.163998767734,
        "var": 596.781188965
    },
    "pitch_salience": {
        "dmean": 0.0847591981292,
        "dmean2": 0.133366420865,
        "dvar": 0.00845525786281,
        "dvar2": 0.0203015990555,
        "max": 0.917087316513,
        "mean": 0.469699978828,
        "median": 0.454623103142,
        "min": 0.0772687196732,
        "var": 0.0231177899987
    },
    "silence_rate_20dB": {
        "dmean": 0,
        "dmean2": 0,
        "dvar": 0,
        "dvar2": 0,
        "max": 1,
        "mean": 1,
        "median": 1,
        "min": 1,
        "var": 0
    },
    "silence_rate_30dB": {
        "dmean": 0.032282859087,
        "dmean2": 0.0645719245076,
        "dvar": 0.031238373369,
        "dvar2": 0.0726983547211,
        "max": 1,
        "mean": 0.952252864838,
        "median": 1,
        "min": 0,
        "var": 0.0454677566886
    },
    "silence_rate_60dB": {
        "dmean": 0.0073020751588,
        "dmean2": 0.0146055538207,
        "dvar": 0.00724884308875,
        "dvar2": 0.0176595691592,
        "max": 1,
        "mean": 0.142568930984,
        "median": 0,
        "min": 0,
        "var": 0.122242458165
    },
    "spectral_centroid": {
        "dmean": 354.03225708,
        "dmean2": 552.377990723,
        "dvar": 168873.25,
        "dvar2": 368618.4375,
        "max": 11989.4746094,
        "mean": 1992.62231445,
        "median": 1971.37561035,
        "min": 115.283996582,
        "var": 1272981.875
    },
    "spectral_complexity": {
        "dmean": 5.16256713867,
        "dmean2": 7.96444702148,
        "dvar": 40.5797805786,
        "dvar2": 84.1323394775,
        "max": 66,
        "mean": 23.2637138367,
        "median": 24,
        "min": 0,
        "var": 194.915985107
    },
    "spectral_decrease": {
        "dmean": 2.65121391507e-09,
        "dmean2": 4.03115363312e-09,
        "dvar": 2.03102618884e-17,
        "dvar2": 4.3379214133e-17,
        "max": 1.86010928882e-10,
        "mean": -9.91370807668e-09,
        "median": -7.26503968096e-09,
        "min": -5.51799530513e-08,
        "var": 7.37984535961e-17
    },
    "spectral_energy": {
        "dmean": 0.0101028326899,
        "dmean2": 0.0153243839741,
        "dvar": 0.000291395059321,
        "dvar2": 0.000619520084001,
        "max": 0.211522474885,
        "mean": 0.0417686998844,
        "median": 0.0312907733023,
        "min": 1.01784517829e-20,
        "var": 0.00121634022798
    },
    "spectral_energyband_high": {
        "dmean": 0.00164803420193,
        "dmean2": 0.00270193209872,
        "dvar": 1.1144261407e-05,
        "dvar2": 3.00592309941e-05,
        "max": 0.0421168580651,
        "mean": 0.00377626111731,
        "median": 0.00177662377246,
        "min": 7.22258406406e-21,
        "var": 2.25103594858e-05
    },
    "spectral_energyband_low": {
        "dmean": 0.00784802157432,
        "dmean2": 0.0118054486811,
        "dvar": 0.000235238476307,
        "dvar2": 0.000501305912621,
        "max": 0.195064216852,
        "mean": 0.0259508099407,
        "median": 0.01563019678,
        "min": 1.37642817326e-23,
        "var": 0.000848304247484
    },
    "spectral_energyband_middle_high": {
        "dmean": 0.00226759118959,
        "dmean2": 0.00362979085185,
        "dvar": 1.44653322423e-05,
        "dvar2": 3.56628006557e-05,
        "max": 0.0952616035938,
        "mean": 0.00580134475604,
        "median": 0.0044529279694,
        "min": 1.19985183277e-21,
        "var": 3.27667657984e-05
    },
    "spectral_energyband_middle_low": {
        "dmean": 0.00480513041839,
        "dmean2": 0.00768242869526,
        "dvar": 0.000168838072568,
        "dvar2": 0.000364038220141,
        "max": 0.187045618892,
        "mean": 0.00712804589421,
        "median": 0.00390379666351,
        "min": 1.62088625969e-22,
        "var": 0.000203654402867
    },
    "spectral_entropy": {
        "dmean": 0.147286206484,
        "dmean2": 0.235234007239,
        "dvar": 0.0281390286982,
        "dvar2": 0.0688509643078,
        "max": 9.82573032379,
        "mean": 7.87260198593,
        "median": 8.09742164612,
        "min": 4.85656738281,
        "var": 0.484798878431
    },
    "spectral_flux": {
        "dmean": 0.0283349473029,
        "dmean2": 0.0438172072172,
        "dvar": 0.00193887541536,
        "dvar2": 0.00391870550811,
        "max": 0.476279109716,
        "mean": 0.0954217687249,
        "median": 0.0837397202849,
        "min": 6.35884608857e-11,
        "var": 0.00507996790111
    },
    "spectral_kurtosis": {
        "dmean": 1.29821884632,
        "dmean2": 2.17332243919,
        "dvar": 4.95329093933,
        "dvar2": 14.108962059,
        "max": 65.456413269,
        "mean": 4.23950386047,
        "median": 2.72028827667,
        "min": -1.27707135677,
        "var": 27.0085086823
    },
    "spectral_rms": {
        "dmean": 0.00073163950583,
        "dmean2": 0.00110644067172,
        "dvar": 1.08316487513e-06,
        "dvar2": 2.30558089243e-06,
        "max": 0.0143653536215,
        "mean": 0.00566491065547,
        "median": 0.00552517734468,
        "min": 3.15122147126e-12,
        "var": 8.65865149535e-06
    },
    "spectral_rolloff": {
        "dmean": 1265.41430664,
        "dmean2": 2121.33325195,
        "dvar": 4840673,
        "dvar2": 11925782,
        "max": 19552.1484375,
        "mean": 2559.89428711,
        "median": 1356.59179688,
        "min": 64.599609375,
        "var": 9908526
    },
    "spectral_skewness": {
        "dmean": 0.190012156963,
        "dmean2": 0.310239762068,
        "dvar": 0.0457615293562,
        "dvar2": 0.12405115366,
        "max": 6.73729896545,
        "mean": 1.52880382538,
        "median": 1.36646282673,
        "min": -0.0883614867926,
        "var": 0.531751513481
    },
    "spectral_spread": {
        "dmean": 792465.375,
        "dmean2": 1240394.75,
        "dvar": 1.23234379366e+12,
        "dvar2": 2.55496421376e+12,
        "max": 42288380,
        "mean": 6374488,
        "median": 6078092.5,
        "min": 1013746.5,
        "var": 1.34858890281e+13
    },
    "spectral_strongpeak": {
        "dmean": 0.251022696495,
        "dmean2": 0.417284965515,
        "dvar": 0.241996228695,
        "dvar2": 0.621346414089,
        "max": 11.4543485641,
        "mean": 0.531025707722,
        "median": 0.395932585001,
        "min": 0,
        "var": 0.400526106358
    },
    "zerocrossingrate": {
        "dmean": 0.0186533015221,
        "dmean2": 0.0225657541305,
        "dvar": 0.000573304132558,
        "dvar2": 0.000824959075544,
        "max": 0.73779296875,
        "mean": 0.0939627811313,
        "median": 0.07763671875,
        "min": 0.001953125,
        "var": 0.00486122444272
    },
    "barkbands": {
        "dmean": [0.000804014503956, 0.00658934470266, 0.00295061036013, 0.00137059483677, 0.00265833036974, 0.000892502721399, 0.000448825943749, 0.000423304212745, 0.000440009083832, 0.000431930180639, 0.00043066078797, 0.000613616604824, 0.000439100083895, 0.000475917535368, 0.000425739708589, 0.000389258959331, 0.000347806024365, 0.000239365384914, 0.000292119075311, 0.000283965637209, 0.000301181629766, 0.000264951173449, 0.000253727659583, 0.000281139276922, 0.000334022537572, 0.000474774366012, 0.000195192595129],
        "dmean2": [0.00126230646856, 0.00950520299375, 0.00524737965316, 0.00239562848583, 0.00409859931096, 0.00151406670921, 0.000774879124947, 0.000724449346308, 0.000728223531041, 0.000708127801772, 0.000703393830918, 0.00100502581336, 0.00073330901796, 0.000818419328425, 0.000708496605512, 0.00065586832352, 0.000593510805629, 0.000401814497309, 0.000499798275996, 0.000484849588247, 0.000507665914483, 0.000435691617895, 0.000408569903811, 0.000470523867989, 0.00055282888934, 0.000805980816949, 0.000337693607435],
        "dvar": [2.98545796795e-06, 0.00016739233979, 0.000106774597953, 1.31735714604e-05, 0.0001076584158, 1.8689153876e-05, 1.30389548758e-06, 8.29965472349e-07, 9.77994773166e-07, 1.10591599878e-06, 1.08590529635e-06, 1.82628150469e-06, 6.50550987302e-07, 7.15993905942e-07, 7.32390105895e-07, 4.12069539379e-07, 7.19173385733e-07, 2.29381669214e-07, 5.10922120611e-07, 3.59018002882e-07, 3.36691329039e-07, 2.65980872882e-07, 2.14034713508e-07, 2.22071776079e-07, 4.12898884861e-07, 1.68186261362e-06, 4.57877604276e-07],
        "dvar2": [7.50166736907e-06, 0.000297393999062, 0.000307435606373, 3.74175033357e-05, 0.000225408919505, 4.84740739921e-05, 3.55177030542e-06, 2.21983350457e-06, 2.42977171183e-06, 2.59007174463e-06, 2.53895973401e-06, 4.18104627897e-06, 1.64029199823e-06, 1.96484302251e-06, 1.81632231033e-06, 1.07054120235e-06, 1.94621725313e-06, 6.12828330304e-07, 1.43668319197e-06, 9.89401883089e-07, 9.40550421547e-07, 6.99215206623e-07, 5.55709789296e-07, 6.12894666574e-07, 1.10219798444e-06, 4.54091878055e-06, 1.25941596707e-06],
        "max": [0.03313658759, 0.163503363729, 0.117068305612, 0.051502071321, 0.176123946905, 0.10006120801, 0.0179108921438, 0.0121768480167, 0.0154822263867, 0.0679786577821, 0.0165903996676, 0.0793417692184, 0.0214461479336, 0.0111605711281, 0.012906903401, 0.00976026710123, 0.0163631588221, 0.00781212048605, 0.0135226501152, 0.00944775436074, 0.00758861983195, 0.00894420593977, 0.00626502837986, 0.00581325683743, 0.0090071875602, 0.0179176144302, 0.0091032218188],
        "mean": [0.00213207537308, 0.020024497062, 0.00299216317944, 0.0015287315473, 0.00310840131715, 0.000852842174936, 0.000487246317789, 0.000486022618134, 0.000527953030542, 0.000648092536721, 0.00051475840155, 0.000862329092342, 0.000593496893998, 0.000631073780823, 0.000558367173653, 0.000599330698606, 0.000466605852125, 0.000352685630787, 0.000422496406827, 0.00043942258344, 0.000493899337016, 0.000495640153531, 0.000498942914419, 0.000520007684827, 0.000625426124316, 0.000696101516951, 0.000209956298932],
        "median": [0.000529481971171, 0.00978428032249, 0.000917736382689, 0.000643299659714, 0.000786424265243, 0.000210809404962, 0.000172512474819, 0.000186664328794, 0.000197666129679, 0.000244318129262, 0.000143936369568, 0.000457048940007, 0.000270440854365, 0.00035407624091, 0.000241880785325, 0.000373027025489, 0.000265289563686, 0.000213192295632, 0.000275835598586, 0.000256894913036, 0.000275130179944, 0.000252787052887, 0.000198130772333, 0.000195222790353, 0.000212193917832, 0.000179535505595, 4.54508954135e-05],
        "min": [3.56980316515e-25, 1.89705290209e-24, 1.02485170185e-24, 1.35554278497e-24, 1.02482797686e-23, 5.14192830329e-24, 7.15305700038e-24, 8.53988472695e-24, 1.64053643774e-23, 1.17314644882e-23, 1.08829499213e-23, 2.73181868835e-23, 2.99434465563e-23, 3.92791515194e-23, 2.36024216725e-23, 5.0476022327e-23, 7.6007196291e-23, 7.28455932442e-23, 1.26908786988e-22, 1.73002459795e-22, 2.44172089647e-22, 3.43436186534e-22, 4.0029548829e-22, 6.03790198863e-22, 9.44754966222e-22, 1.33653464424e-21, 2.05091132804e-21],
        "var": [1.13256837722e-05, 0.000614655902609, 6.78337164572e-05, 1.03127949842e-05, 0.000121407923871, 1.48785720739e-05, 1.12651730433e-06, 7.90000001416e-07, 1.14342731194e-06, 3.4674969811e-06, 1.47233424741e-06, 3.20333447235e-06, 9.47550802266e-07, 7.9375098494e-07, 9.42002827742e-07, 6.04683009442e-07, 6.47036074497e-07, 2.64395254135e-07, 4.28902183103e-07, 3.90875129597e-07, 4.41219071945e-07, 4.51803742862e-07, 4.71679868497e-07, 5.0413137842e-07, 8.49199921049e-07, 1.84861346497e-06, 3.66145684438e-07]
    },
    "erbbands": {
        "dmean": [0.276546418667, 1.35603702068, 3.14742970467, 4.13284635544, 7.23929405212, 10.2859525681, 8.01270771027, 6.3754863739, 6.67936849594, 6.33262586594, 9.0039730072, 10.5911226273, 11.3310098648, 14.54271698, 19.7251243591, 21.5152339935, 19.6070861816, 20.0701141357, 24.151599884, 18.1430511475, 22.2889842987, 18.4351348877, 13.860250473, 14.0325937271, 13.2323436737, 13.7475500107, 12.837428093, 11.3729171753, 9.60983657837, 9.16860485077, 7.01156282425, 6.05993747711, 5.15186166763, 3.78287649155, 2.77803421021, 1.88524901867, 0.992051064968, 0.308721810579, 0.0271738618612, 0.00038330355892],
        "dmean2": [0.388586550951, 1.98131346703, 5.49395656586, 7.19293355942, 11.5664834976, 16.35014534, 13.7373113632, 10.8337173462, 11.4886951447, 10.8182830811, 15.3865127563, 17.5454292297, 18.7886180878, 23.6976737976, 32.1722755432, 34.9399909973, 32.5118942261, 34.2074584961, 40.5145378113, 30.4205760956, 37.6301727295, 31.3074855804, 23.3150405884, 23.9692611694, 22.4200801849, 23.435049057, 21.9771595001, 19.1039485931, 15.8945627213, 15.0693511963, 11.3546686172, 10.0751008987, 8.63274765015, 6.2682466507, 4.70611667633, 3.17396783829, 1.71053695679, 0.529782354832, 0.0469323210418, 0.000658728298731],
        "dvar": [0.270660996437, 8.96720027924, 107.977348328, 134.894256592, 841.874023438, 1859.2088623, 1435.92077637, 833.361572266, 307.128326416, 245.802124023, 415.048675537, 609.916442871, 512.84173584, 1412.00598145, 1667.03637695, 2883.44677734, 1326.27148438, 1704.33239746, 1960.93945312, 1227.85632324, 1390.41174316, 1884.1907959, 702.437866211, 1751.3182373, 725.692687988, 788.570983887, 704.879394531, 455.934814453, 357.992767334, 300.689086914, 167.53314209, 104.726799011, 80.3316116333, 48.9134063721, 28.8591194153, 19.9145259857, 7.49746799469, 1.11412715912, 0.00827016122639, 1.59885519224e-06],
        "dvar2": [0.480461418629, 15.7970609665, 306.423065186, 384.832244873, 1871.52514648, 4633.88330078, 3888.69213867, 2162.86694336, 814.850463867, 659.711975098, 1147.66394043, 1497.78210449, 1270.06359863, 3232.00732422, 4000.30566406, 6469.00292969, 3261.45141602, 4659.71044922, 4943.93798828, 2962.32568359, 3684.12329102, 5074.37402344, 1903.43908691, 4881.97021484, 2035.65527344, 2165.84838867, 1989.1595459, 1236.39172363, 945.06262207, 800.410949707, 435.91494751, 279.469696045, 221.043823242, 127.617286682, 78.2626266479, 52.9967079163, 20.6647167206, 3.03828120232, 0.0226527750492, 4.36328718934e-06],
        "max": [6.74122285843, 38.6136169434, 127.078598022, 131.55480957, 484.395996094, 771.241394043, 624.87121582, 668.869995117, 324.851715088, 299.528625488, 285.857543945, 491.015472412, 510.135253906, 2363.66625977, 1418.75048828, 3260.7409668, 1064.32910156, 614.224182129, 881.94732666, 544.059753418, 656.766540527, 866.515075684, 451.445098877, 965.523620605, 374.498474121, 419.023773193, 365.122894287, 343.610168457, 447.428863525, 266.396331787, 196.342666626, 118.709388733, 113.133155823, 93.3518371582, 67.4704437256, 57.6529464722, 37.0284805298, 15.3748092651, 1.21371138096, 0.0175296086818],
        "mean": [0.880204796791, 3.22828769684, 3.82856678963, 4.84451580048, 7.86226701736, 11.268445015, 7.67656993866, 6.32574415207, 7.18370389938, 7.74885368347, 10.4539079666, 12.6792697906, 15.7304830551, 22.3119125366, 27.8932361603, 30.5517253876, 27.9786701202, 27.519033432, 34.8494644165, 27.2437438965, 35.0490684509, 26.6207523346, 21.3860549927, 19.92436409, 20.3014221191, 21.7608222961, 19.884513855, 19.3978538513, 17.5082149506, 16.9692554474, 13.4993305206, 10.6877212524, 8.8727016449, 6.7246427536, 4.62257814407, 2.80256509781, 1.30433142185, 0.386331051588, 0.030656741932, 0.000521607056726],
        "median": [0.241175934672, 1.91174077988, 1.25244092941, 2.41420125961, 1.89690351486, 2.76777410507, 2.11055064201, 1.77312016487, 2.72073602676, 3.00659203529, 4.72475528717, 5.00232315063, 7.09615039825, 8.30037689209, 14.7457590103, 16.1422462463, 13.2209558487, 14.3880529404, 18.7773838043, 14.7187986374, 22.388343811, 16.7642917633, 14.3423242569, 12.1999883652, 13.6453237534, 12.9306821823, 11.5055828094, 10.4441709518, 9.19620990753, 7.07087898254, 5.23812437057, 4.0903840065, 3.07255363464, 2.31308555603, 1.45155453682, 0.759341061115, 0.311777621508, 0.0913291946054, 0.00715150637552, 0.000171951469383],
        "min": [2.68429991623e-23, 5.05882538836e-22, 8.53109675336e-22, 3.66539158279e-21, 1.46278619524e-20, 2.07963965806e-20, 4.13922600238e-20, 6.00068934218e-20, 1.01617134924e-19, 1.62241331265e-19, 3.75585673979e-19, 3.4783192912e-19, 5.44231645007e-19, 7.18910631983e-19, 5.19421499907e-19, 1.7848293212e-18, 2.04664108406e-18, 1.97094102991e-18, 1.99605381972e-18, 2.33330238649e-18, 3.72957788381e-18, 4.59152241597e-18, 4.09040440676e-18, 6.65238955899e-18, 7.09549987338e-18, 8.73460292491e-18, 1.04958524288e-17, 9.26198681369e-18, 9.58764203059e-18, 1.23173454966e-17, 1.16751348768e-17, 9.96983090645e-18, 1.09712356083e-17, 8.74448111578e-18, 7.09070967045e-18, 4.38824029889e-18, 2.35278414428e-18, 9.25574366802e-19, 2.62165615216e-19, 2.62067539384e-20],
        "var": [1.35701406002, 22.3022422791, 79.3239059448, 101.166320801, 845.849243164, 1608.77050781, 1043.29211426, 656.27557373, 267.927612305, 266.654022217, 344.01461792, 683.268249512, 810.973022461, 4457.24316406, 2400.38525391, 5136.99316406, 2064.81518555, 1791.23339844, 2758.26660156, 1725.6809082, 2072.06274414, 1739.80688477, 790.776977539, 1377.94384766, 738.132019043, 905.757019043, 768.218811035, 687.180236816, 562.962036133, 559.552001953, 360.463256836, 220.091705322, 166.347702026, 103.29133606, 50.3648452759, 25.0404510498, 7.36502838135, 0.980964481831, 0.0069479602389, 1.43773559103e-06]
    },
    "gfcc": {
        "mean": [-3.75394463539, 39.1397972107, -97.9700927734, 25.5224437714, -42.5218696594, 22.9085121155, -29.9486598969, 10.2796850204, -23.6125659943, 8.24448490143, -19.756483078, 4.47188472748, -9.72211647034],
        "cov": [[34945.2617188, -1833.56298828, 1280.99206543, 1731.45812988, 682.843200684, 1012.55908203, -244.926467896, 123.079864502, -696.529907227, -357.451599121, -552.451477051, 951.714538574, -925.593383789], [-1833.56298828, 2826.19897461, -137.737014771, -95.8417434692, 16.4895706177, -185.19392395, 183.831558228, 69.730430603, 337.831329346, 14.661866188, 94.6856002808, -196.797637939, 75.1678161621], [1280.99206543, -137.737014771, 1243.05822754, 426.093780518, 362.174682617, 143.154693604, 116.379623413, 150.259872437, 23.7906913757, 80.9137878418, 24.2640628815, 148.65914917, -24.3002567291], [1731.45812988, -95.8417434692, 426.093780518, 1115.56726074, 635.741210938, 398.457611084, 237.970596313, 113.878700256, 102.993270874, 11.4831953049, 113.896316528, 150.664276123, 28.5293617249], [682.843200684, 16.4895706177, 362.174682617, 635.741210938, 792.405639648, 371.797668457, 304.17288208, 159.027587891, 105.255210876, 32.8123779297, 78.7386856079, 114.142211914, 19.7690563202], [1012.55908203, -185.19392395, 143.154693604, 398.457611084, 371.797668457, 470.628356934, 220.83001709, 148.335327148, 53.0842628479, 31.5160655975, 53.1265869141, 94.0694274902, 36.2749557495], [-244.926467896, 183.831558228, 116.379623413, 237.970596313, 304.17288208, 220.83001709, 326.46307373, 139.518875122, 113.530395508, 55.8240432739, 78.4118804932, 28.9578056335, 33.4635734558], [123.079864502, 69.730430603, 150.259872437, 113.878700256, 159.027587891, 148.335327148, 139.518875122, 200.229995728, 90.8133621216, 75.462387085, 35.2775840759, 27.1529884338, 36.7283210754], [-696.529907227, 337.831329346, 23.7906913757, 102.993270874, 105.255210876, 53.0842628479, 113.530395508, 90.8133621216, 201.119949341, 73.5966033936, 85.4863815308, 2.57116341591, 43.669593811], [-357.451599121, 14.661866188, 80.9137878418, 11.4831953049, 32.8123779297, 31.5160655975, 55.8240432739, 75.462387085, 73.5966033936, 146.581924438, 77.8337631226, 20.3930664062, 40.269733429], [-552.451477051, 94.6856002808, 24.2640628815, 113.896316528, 78.7386856079, 53.1265869141, 78.4118804932, 35.2775840759, 85.4863815308, 77.8337631226, 158.811676025, 35.6258735657, 45.760635376], [951.714538574, -196.797637939, 148.65914917, 150.664276123, 114.142211914, 94.0694274902, 28.9578056335, 27.1529884338, 2.57116341591, 20.3930664062, 35.6258735657, 148.582168579, 7.824447155], [-925.593383789, 75.1678161621, -24.3002567291, 28.5293617249, 19.7690563202, 36.2749557495, 33.4635734558, 36.7283210754, 43.669593811, 40.269733429, 45.760635376, 7.824447155, 120.908004761]],
        "icov": [[6.67211716063e-05, -4.68552607344e-05, 2.60373362835e-05, -0.000118725212815, 8.31905708765e-05, -0.000131438180688, 0.000112499881652, -0.000156756606884, 0.000202189563424, -8.14325976535e-05, 0.000202154988074, -0.000437310605776, 0.000521349546034], [-4.68552607344e-05, 0.000591775402427, -6.29972491879e-05, 0.000135472844704, -0.000105592880573, 0.000434283836512, -0.000360026286216, 0.000120194192277, -0.00111824460328, 0.000593470060267, -0.000270980905043, 0.000896864454262, -0.000570375064854], [2.60373362835e-05, -6.29972491879e-05, 0.0011994028464, -0.000410726846894, -0.000263116002316, 0.000424538273364, 9.69583052211e-05, -0.00087649357738, 0.000577427272219, -0.000760288501624, 0.000472768471809, -0.00101303495467, 0.000662824546453], [-0.000118725212815, 0.000135472844704, -0.000410726846894, 0.00225948751904, -0.00127714278642, -0.000622600142378, 0.000114388938528, 0.000840090215206, -0.000999249401502, 0.00107743497938, -0.00124700984452, 0.000483256095322, -0.00105729722418], [8.31905708765e-05, -0.000105592880573, -0.000263116002316, -0.00127714278642, 0.00348060834222, -0.000938872399274, -0.0015124459751, -0.000348441186361, 9.83451318461e-05, 0.000185510856682, 0.000535471306648, -0.00104127405211, 0.000955416937359], [-0.000131438180688, 0.000434283836512, 0.000424538273364, -0.000622600142378, -0.000938872399274, 0.00537308771163, -0.0019529646961, -0.00195555132814, 0.000356624572305, 0.000705695245415, -0.000281902204733, -0.000269630312687, -0.00160763878375], [0.000112499881652, -0.000360026286216, 9.69583052211e-05, 0.000114388938528, -0.0015124459751, -0.0019529646961, 0.00730689894408, -0.00229768152349, -0.00058833474759, 4.86589397042e-06, -0.00128947559278, 0.000235503772274, 0.0012700855732], [-0.000156756606884, 0.000120194192277, -0.00087649357738, 0.000840090215206, -0.000348441186361, -0.00195555132814, -0.00229768152349, 0.0112474691123, -0.00337330973707, -0.00343015952967, 0.0022897045128, 0.00119139568415, -0.00236905459315], [0.000202189563424, -0.00111824460328, 0.000577427272219, -0.000999249401502, 9.83451318461e-05, 0.000356624572305, -0.00058833474759, -0.00337330973707, 0.0112097291276, -0.00250352546573, -0.00200642971322, -0.00134815846104, 0.00129106454551], [-8.14325976535e-05, 0.000593470060267, -0.000760288501624, 0.00107743497938, 0.000185510856682, 0.000705695245415, 4.86589397042e-06, -0.00343015952967, -0.00250352546573, 0.013114977628, -0.00551289645955, 0.000684030994307, -0.0020224431064], [0.000202154988074, -0.000270980905043, 0.000472768471809, -0.00124700984452, 0.000535471306648, -0.000281902204733, -0.00128947559278, 0.0022897045128, -0.00200642971322, -0.00551289645955, 0.0125601831824, -0.00347175146453, -0.000204566502362], [-0.000437310605776, 0.000896864454262, -0.00101303495467, 0.000483256095322, -0.00104127405211, -0.000269630312687, 0.000235503772274, 0.00119139568415, -0.00134815846104, 0.000684030994307, -0.00347175146453, 0.0129044875503, -0.00366094219498], [0.000521349546034, -0.000570375064854, 0.000662824546453, -0.00105729722418, 0.000955416937359, -0.00160763878375, 0.0012700855732, -0.00236905459315, 0.00129106454551, -0.0020224431064, -0.000204566502362, -0.00366094219498, 0.0142150260508]]
    },
    "melbands": {
        "dmean": [0.00207054871134, 0.00153588678222, 0.0007600611425, 0.000669988745358, 0.000303841225104, 0.000149902291014, 9.79376563919e-05, 7.6028292824e-05, 7.18664596207e-05, 6.70969602652e-05, 5.85351626796e-05, 6.08548361924e-05, 6.41403603368e-05, 7.35733774491e-05, 5.18986125826e-05, 4.06297622249e-05, 4.02513542213e-05, 4.26312180934e-05, 3.2226802432e-05, 2.48805154115e-05, 2.70603195531e-05, 2.10298858292e-05, 1.67515700014e-05, 1.07994428618e-05, 1.22664414448e-05, 1.13201467684e-05, 9.48633896769e-06, 9.56362509896e-06, 8.54992413224e-06, 8.0312765931e-06, 6.61053627482e-06, 5.9990607042e-06, 5.3437038332e-06, 5.56184841116e-06, 4.52018502983e-06, 4.0200152398e-06, 3.87947966374e-06, 4.09313315686e-06, 3.60726539839e-06, 3.52519441549e-06],
        "dmean2": [0.00295416661538, 0.00247666309588, 0.00130584707949, 0.00103277910966, 0.000517750449944, 0.000253835256444, 0.000168661237694, 0.000129637148348, 0.00012268217688, 0.000110819062684, 9.71168774413e-05, 9.93987850961e-05, 0.000104293969343, 0.000121154647786, 8.31554862089e-05, 6.77920615999e-05, 6.92861503921e-05, 7.18361770851e-05, 5.41090812476e-05, 4.18658128183e-05, 4.62325224362e-05, 3.58436518582e-05, 2.85166297544e-05, 1.81243776751e-05, 2.11066853808e-05, 1.93682226381e-05, 1.61631596711e-05, 1.63324184541e-05, 1.463771423e-05, 1.3768356439e-05, 1.10677146949e-05, 1.00545366877e-05, 8.83090706338e-06, 9.14617339731e-06, 7.41090480005e-06, 6.70091003485e-06, 6.45864020044e-06, 6.92476714903e-06, 6.02904901825e-06, 5.87031036048e-06],
        "dvar": [1.5415429516e-05, 1.75339228008e-05, 4.32808155892e-06, 7.4813201536e-06, 1.8722363393e-06, 4.72370999205e-07, 6.48258264846e-08, 3.06816616558e-08, 2.69796593955e-08, 2.46798439463e-08, 1.38220812573e-08, 2.65961865864e-08, 2.19390567935e-08, 2.94643260901e-08, 1.2687761064e-08, 6.32064001138e-09, 7.00368030238e-09, 5.89680482221e-09, 4.53921655819e-09, 2.16024442778e-09, 2.37327224539e-09, 3.07469472105e-09, 9.71614677603e-10, 5.56998225321e-10, 1.46034784265e-09, 5.8603755182e-10, 4.17184592427e-10, 3.83576170826e-10, 3.12790515711e-10, 2.75138994921e-10, 1.52023282851e-10, 1.38429989693e-10, 1.0838852732e-10, 1.08329761828e-10, 7.42602437875e-11, 5.24009759195e-11, 4.13453403458e-11, 5.01784690188e-11, 4.0846246524e-11, 4.24960309997e-11],
        "dvar2": [2.75010479527e-05, 4.57088317489e-05, 1.18658599604e-05, 1.63307704497e-05, 5.14794828632e-06, 1.22108792766e-06, 1.73382545654e-07, 8.13656484411e-08, 7.47683799318e-08, 5.99548002356e-08, 3.46909807547e-08, 6.14573067992e-08, 5.17920426546e-08, 6.86030858787e-08, 2.89792296826e-08, 1.58652326832e-08, 1.92827425138e-08, 1.50939580834e-08, 1.142127104e-08, 5.58932411465e-09, 6.46198561327e-09, 8.27080537391e-09, 2.68267386083e-09, 1.53267920577e-09, 4.08243883143e-09, 1.6553031168e-09, 1.1631950958e-09, 1.05364217351e-09, 8.74479266777e-10, 7.83691500583e-10, 4.10255746042e-10, 3.68299030162e-10, 2.89819862553e-10, 2.89932355901e-10, 1.96299879129e-10, 1.37891781327e-10, 1.11060952102e-10, 1.3966604262e-10, 1.08724071413e-10, 1.120655721e-10],
        "max": [0.0444896891713, 0.0556984879076, 0.021737139672, 0.044953789562, 0.0222702044994, 0.0162065867335, 0.00437814788893, 0.00330853881314, 0.00212258892134, 0.00300637912005, 0.00296046584845, 0.0107003711164, 0.00272003025748, 0.0101835597306, 0.00286094844341, 0.00263364100829, 0.00128614716232, 0.00168018147815, 0.00102986686397, 0.000631474365946, 0.000827333074994, 0.00127715466078, 0.000649598950986, 0.000481413357193, 0.000879606232047, 0.000490347563755, 0.000466969853733, 0.000318133155815, 0.000291639560601, 0.00023940250685, 0.00020174018573, 0.00025807187194, 0.000202950745006, 0.000148173101479, 0.000141691416502, 9.77044546744e-05, 7.83838331699e-05, 0.000103479753307, 7.39133683965e-05, 9.06875065994e-05],
        "mean": [0.00652100145817, 0.0027811806649, 0.000890626921318, 0.000756964785978, 0.000304243876599, 0.0001492723095, 0.000104869563074, 9.30130190682e-05, 8.33486701595e-05, 7.89058831288e-05, 7.95041123638e-05, 9.20680104173e-05, 8.44799651532e-05, 0.000101477373391, 6.79083022987e-05, 5.42449233762e-05, 5.15529281984e-05, 5.94482953602e-05, 4.04276725021e-05, 3.63394974556e-05, 4.00129429181e-05, 2.71541994152e-05, 2.42747919401e-05, 1.53000528371e-05, 1.61240277521e-05, 1.61370462592e-05, 1.38494415296e-05, 1.43854913404e-05, 1.24055541164e-05, 1.16947348943e-05, 1.10818855319e-05, 9.99729581963e-06, 9.36689230002e-06, 9.50018238655e-06, 7.86585587775e-06, 6.94439040672e-06, 6.32299315839e-06, 6.20358878223e-06, 5.90237641518e-06, 5.56195846002e-06],
        "median": [0.00247724843211, 0.00186389184091, 0.000419153104303, 0.000178518923349, 8.75013283803e-05, 4.21167496825e-05, 3.86486244679e-05, 3.51061535184e-05, 3.83368169423e-05, 2.85381738649e-05, 3.4362936276e-05, 3.28692512994e-05, 3.67681313946e-05, 5.51561715838e-05, 2.74861467915e-05, 2.50397424679e-05, 2.58726831817e-05, 3.21866646118e-05, 1.71834944922e-05, 2.20636247832e-05, 2.41763045778e-05, 1.46405118358e-05, 1.5566836737e-05, 8.06548996479e-06, 9.10798917175e-06, 1.04267382994e-05, 8.0448380686e-06, 7.96203403297e-06, 6.89885609972e-06, 5.77980017624e-06, 5.86234955335e-06, 5.27775819137e-06, 4.10087477576e-06, 3.62074024451e-06, 2.89914783025e-06, 2.54727910942e-06, 2.23553661272e-06, 2.00893828151e-06, 1.84449459084e-06, 1.77706897375e-06],
        "min": [4.30100277554e-25, 5.95470273799e-25, 1.45344081774e-24, 2.07984617333e-24, 1.44969106603e-24, 1.32918980175e-24, 1.64933115215e-24, 1.88051975802e-24, 2.72474469651e-24, 2.42746502818e-24, 2.48994379795e-24, 2.5665843959e-24, 1.37697475526e-24, 3.52801434338e-24, 3.83350664538e-24, 3.60637347482e-24, 3.03865532766e-24, 3.06281833441e-24, 1.87065169975e-24, 3.36772490719e-24, 4.31325989907e-24, 4.03286599563e-24, 4.31932821159e-24, 3.63895106362e-24, 4.50890055901e-24, 4.13834261511e-24, 4.28957158938e-24, 5.29249818427e-24, 5.03014552973e-24, 6.0530610711e-24, 5.02450675198e-24, 4.44430192277e-24, 5.65698071591e-24, 6.37048804974e-24, 5.74120029501e-24, 5.42492387e-24, 5.62951849564e-24, 6.1908265563e-24, 6.86328472407e-24, 6.17724749911e-24],
        "var": [6.6774613515e-05, 2.13813382288e-05, 3.46163392351e-06, 7.90942976892e-06, 1.3060572428e-06, 3.76267394131e-07, 5.58874120316e-08, 3.37967733799e-08, 2.19560210013e-08, 2.84701471287e-08, 2.21702372016e-08, 8.54219237567e-08, 2.96731794691e-08, 4.88556821665e-08, 1.87996871404e-08, 8.59261906072e-09, 6.80933709418e-09, 8.0756645815e-09, 5.21910870077e-09, 2.63962762759e-09, 3.12646730727e-09, 2.63080157659e-09, 1.14084131031e-09, 6.17154549687e-10, 1.10016351584e-09, 5.36393207629e-10, 4.03901967427e-10, 4.41622932668e-10, 3.22812221398e-10, 3.1425972935e-10, 2.28869589947e-10, 1.9366018511e-10, 1.83013770805e-10, 1.90172447234e-10, 1.36178637811e-10, 1.05329890643e-10, 8.05686975469e-11, 8.67651506198e-11, 8.44463318717e-11, 7.76589764717e-11]
    },
    "mfcc": {
        "mean": [-648.46496582, 85.3052749634, 5.26974534988, 14.193936348, 9.07361030579, 14.4359254837, 6.84779787064, 4.48460388184, 7.25308990479, 0.751335680485, -0.991908490658, 1.91884219646, 2.38642525673],
        "cov": [[19531.421875, -1969.89782715, -195.196151733, 1221.91638184, 1181.57202148, 1182.23718262, 672.898376465, 954.226623535, -384.042694092, 297.380737305, 110.976051331, -564.944396973, -354.620544434], [-1969.89782715, 2285.23461914, -85.8919067383, -46.72397995, -194.406951904, -173.805648804, -119.455169678, -104.662666321, 195.785049438, 69.7406539917, 100.573692322, 189.625137329, 177.019943237], [-195.196151733, -85.8919067383, 665.558349609, 241.603118896, 142.495315552, 39.8998908997, 80.3815612793, 24.2176380157, 51.8705024719, 58.2919387817, 42.1525344849, 71.2788467407, 25.5465183258], [1221.91638184, -46.72397995, 241.603118896, 751.187866211, 428.199401855, 330.708587646, 211.125045776, 241.829788208, 48.6726379395, 144.779495239, 74.6047821045, 21.5370082855, 30.5715770721], [1181.57202148, -194.406951904, 142.495315552, 428.199401855, 511.350341797, 338.784362793, 248.616729736, 245.735855103, 83.3179016113, 116.278594971, 63.8520431519, 4.24309253693, 48.2236022949], [1182.23718262, -173.805648804, 39.8998908997, 330.708587646, 338.784362793, 409.466461182, 260.786468506, 257.267425537, 80.6854248047, 107.930122375, 68.8215103149, 18.1714839935, 31.4174251556], [672.898376465, -119.455169678, 80.3815612793, 211.125045776, 248.616729736, 260.786468506, 321.041687012, 215.042114258, 114.14995575, 110.964363098, 66.4410095215, 33.4552841187, 35.839214325], [954.226623535, -104.662666321, 24.2176380157, 241.829788208, 245.735855103, 257.267425537, 215.042114258, 289.341766357, 98.9853744507, 103.751365662, 63.2835922241, 19.2193031311, 35.5086898804], [-384.042694092, 195.785049438, 51.8705024719, 48.6726379395, 83.3179016113, 80.6854248047, 114.14995575, 98.9853744507, 218.508041382, 72.0632171631, 58.2968139648, 69.421913147, 73.1364059448], [297.380737305, 69.7406539917, 58.2919387817, 144.779495239, 116.278594971, 107.930122375, 110.964363098, 103.751365662, 72.0632171631, 179.083221436, 69.3703689575, 42.3687591553, 29.0690670013], [110.976051331, 100.573692322, 42.1525344849, 74.6047821045, 63.8520431519, 68.8215103149, 66.4410095215, 63.2835922241, 58.2968139648, 69.3703689575, 128.068161011, 66.467300415, 42.8194160461], [-564.944396973, 189.625137329, 71.2788467407, 21.5370082855, 4.24309253693, 18.1714839935, 33.4552841187, 19.2193031311, 69.421913147, 42.3687591553, 66.467300415, 150.465454102, 80.6698150635], [-354.620544434, 177.019943237, 25.5465183258, 30.5715770721, 48.2236022949, 31.4174251556, 35.839214325, 35.5086898804, 73.1364059448, 29.0690670013, 42.8194160461, 80.6698150635, 137.077072144]],
