{
"lowlevel": {
    "average_loudness": 0.886454939842,
    "barkbands_crest": {
        "dmean": 2.52699661255,
        "dmean2": 3.96083831787,
        "dvar": 7.09785032272,
        "dvar2": 16.6804084778,
        "max": 26.912569046,
        "mean": 11.4501686096,
        "median": 11.4348564148,
        "min": 1.93204200268,
        "var": 20.697933197
    },
    "barkbands_flatness_db": {
        "dmean": 0.0218049604446,
        "dmean2": 0.0320763960481,
        "dvar": 0.000742923468351,
        "dvar2": 0.00141463731416,
        "max": 0.57388818264,
        "mean": 0.127023339272,
        "median": 0.107633702457,
        "min": 0.0140079008415,
        "var": 0.00604364695027
    },
    "barkbands_kurtosis": {
        "dmean": 3.8253865242,
        "dmean2": 5.8969783783,
        "dvar": 809.14440918,
        "dvar2": 1788.90649414,
        "max": 1337.21923828,
        "mean": 3.59813094139,
        "median": 0.23528778553,
        "min": -1.88224613667,
        "var": 955.69354248
    },
    "barkbands_skewness": {
        "dmean": 0.575047969818,
        "dmean2": 0.851877450943,
        "dvar": 1.07389390469,
        "dvar2": 2.15766072273,
        "max": 26.924369812,
        "mean": 1.15730440617,
        "median": 1.03937458992,
        "min": -35.3095397949,
        "var": 2.49917936325
    },
    "barkbands_spread": {
        "dmean": 8.30161380768,
        "dmean2": 12.7057437897,
        "dvar": 92.9812088013,
        "dvar2": 208.675186157,
        "max": 133.120391846,
        "mean": 37.2073898315,
        "median": 37.3797302246,
        "min": 0.162638530135,
        "var": 373.056518555
    },
    "dissonance": {
        "dmean": 0.0138462753966,
        "dmean2": 0.0237473733723,
        "dvar": 0.000316746591125,
        "dvar2": 0.000901153311133,
        "max": 0.500000119209,
        "mean": 0.478362232447,
        "median": 0.485501527786,
        "min": 0.194237664342,
        "var": 0.000607077148743
    },
    "dynamic_complexity": 3.9783308506,
    "erbbands_crest": {
        "dmean": 2.5902929306,
        "dmean2": 4.28539323807,
        "dvar": 6.68827390671,
        "dvar2": 17.3772163391,
        "max": 34.1686515808,
        "mean": 8.39231300354,
        "median": 7.07963562012,
        "min": 2.28427362442,
        "var": 21.2431163788
    },
    "erbbands_flatness_db": {
        "dmean": 0.0158634316176,
        "dmean2": 0.0236646514386,
        "dvar": 0.000289517687634,
        "dvar2": 0.000585297530051,
        "max": 0.602540552616,
        "mean": 0.149948999286,
        "median": 0.118281118572,
        "min": 0.0344220772386,
        "var": 0.00653380388394
    },
    "erbbands_kurtosis": {
        "dmean": 1.30894196033,
        "dmean2": 2.16575956345,
        "dvar": 98.7801589966,
        "dvar2": 234.144165039,
        "max": 666.099365234,
        "mean": 1.07881164551,
        "median": -0.0756684541702,
        "min": -1.90074133873,
        "var": 166.039291382
    },
    "erbbands_skewness": {
        "dmean": 0.38875746727,
        "dmean2": 0.606277942657,
        "dvar": 0.280925631523,
        "dvar2": 0.696125805378,
        "max": 7.78878641129,
        "mean": -0.0241477191448,
        "median": 0.0217149704695,
        "min": -17.7835617065,
        "var": 0.771921098232
    },
    "erbbands_spread": {
        "dmean": 9.68364143372,
        "dmean2": 14.0799980164,
        "dvar": 163.521728516,
        "dvar2": 315.840484619,
        "max": 198.782608032,
        "mean": 41.4759140015,
        "median": 38.3990631104,
        "min": 0.219300583005,
        "var": 635.050231934
    },
    "hfc": {
        "dmean": 13.8875303268,
        "dmean2": 22.0015678406,
        "dvar": 619.029602051,
        "dvar2": 1583.65002441,
        "max": 299.73916626,
        "mean": 48.3784980774,
        "median": 39.2219924927,
        "min": 1.19107245179e-16,
        "var": 1855.86755371
    },
    "melbands_crest": {
        "dmean": 3.47262239456,
        "dmean2": 5.46829462051,
        "dvar": 14.0264730453,
        "dvar2": 33.3840522766,
        "max": 36.7884941101,
        "mean": 19.4120368958,
        "median": 18.7636375427,
        "min": 1.64275956154,
        "var": 66.243888855
    },
    "melbands_flatness_db": {
        "dmean": 0.0277989190072,
        "dmean2": 0.0406232252717,
        "dvar": 0.00133670924697,
        "dvar2": 0.00257185683586,
        "max": 0.708596050739,
        "mean": 0.192200437188,
        "median": 0.179715126753,
        "min": 0.00386905344203,
        "var": 0.00831004045904
    },
    "melbands_kurtosis": {
        "dmean": 11.2803535461,
        "dmean2": 16.3528995514,
        "dvar": 1117.9041748,
        "dvar2": 2069.07568359,
        "max": 960.663208008,
        "mean": 17.3568058014,
        "median": 6.01494979858,
        "min": -1.84767270088,
        "var": 1876.2265625
    },
    "melbands_skewness": {
        "dmean": 0.935374259949,
        "dmean2": 1.35916233063,
        "dvar": 2.15280604362,
        "dvar2": 4.03800773621,
        "max": 20.2978897095,
        "mean": 2.8398103714,
        "median": 2.3874912262,
        "min": -13.1709003448,
        "var": 6.53564405441
    },
    "melbands_spread": {
        "dmean": 10.2273836136,
        "dmean2": 16.1305828094,
        "dvar": 210.181793213,
        "dvar2": 516.459533691,
        "max": 200.646789551,
        "mean": 33.4541091919,
        "median": 29.7732658386,
        "min": 0.281953364611,
        "var": 480.474243164
    },
    "pitch_salience": {
        "dmean": 0.0777041837573,
        "dmean2": 0.120298929513,
        "dvar": 0.00761930132285,
        "dvar2": 0.0167575012892,
        "max": 0.944972634315,
        "mean": 0.488341420889,
        "median": 0.484253466129,
        "min": 0.0294179618359,
        "var": 0.0214636214077
    },
    "silence_rate_20dB": {
        "dmean": 0,
        "dmean2": 0,
        "dvar": 0,
        "dvar2": 0,
        "max": 1,
        "mean": 1,
        "median": 1,
        "min": 1,
        "var": 0
    },
    "silence_rate_30dB": {
        "dmean": 0.0339039675891,
        "dmean2": 0.0678135976195,
        "dvar": 0.0327551849186,
        "dvar2": 0.0713901296258,
        "max": 1,
        "mean": 0.965096831322,
        "median": 1,
        "min": 0,
        "var": 0.0336867719889
    },
    "silence_rate_60dB": {
        "dmean": 0.00334029225633,
        "dmean2": 0.00668114237487,
        "dvar": 0.003329341067,
        "dvar2": 0.00797327887267,
        "max": 1,
        "mean": 0.0995323956013,
        "median": 0,
        "min": 0,
        "var": 0.0896179080009
    },
    "spectral_centroid": {
        "dmean": 333.482391357,
        "dmean2": 505.65032959,
        "dvar": 167243.890625,
        "dvar2": 357372.71875,
        "max": 11453.2158203,
        "mean": 2036.60205078,
        "median": 2057.63012695,
        "min": 96.3346862793,
        "var": 637762.9375
    },
    "spectral_complexity": {
        "dmean": 4.82505226135,
        "dmean2": 7.46450662613,
        "dvar": 30.8557491302,
        "dvar2": 63.5621757507,
        "max": 65,
        "mean": 25.2231960297,
        "median": 27,
        "min": 0,
        "var": 184.256286621
    },
    "spectral_decrease": {
        "dmean": 2.28523044932e-09,
        "dmean2": 3.3307707703e-09,
        "dvar": 1.53501113955e-17,
        "dvar2": 2.67425606067e-17,
        "max": 1.33803441219e-28,
        "mean": -9.74779279517e-09,
        "median": -7.71393615651e-09,
        "min": -5.00683405846e-08,
        "var": 6.1224990648e-17
    },
    "spectral_energy": {
        "dmean": 0.00878670811653,
        "dmean2": 0.0127084674314,
        "dvar": 0.000213547886233,
        "dvar2": 0.00036154218833,
        "max": 0.195608839393,
        "mean": 0.0411785170436,
        "median": 0.0334608182311,
        "min": 1.06414944036e-20,
        "var": 0.00100864283741
    },
    "spectral_energyband_high": {
        "dmean": 0.00132569053676,
        "dmean2": 0.00210089958273,
        "dvar": 5.80029609409e-06,
        "dvar2": 1.47698492583e-05,
        "max": 0.0348781943321,
        "mean": 0.00380846695043,
        "median": 0.00247599743307,
        "min": 7.37280054797e-21,
        "var": 1.69841696334e-05
    },
    "spectral_energyband_low": {
        "dmean": 0.00707670720294,
        "dmean2": 0.0104854516685,
        "dvar": 0.00022123605595,
        "dvar2": 0.000432885310147,
        "max": 0.166023299098,
        "mean": 0.0231729894876,
        "median": 0.0123898210004,
        "min": 6.280466872e-23,
        "var": 0.000629237445537
    },
    "spectral_energyband_middle_high": {
        "dmean": 0.00295423320495,
        "dmean2": 0.00464370008558,
        "dvar": 2.07743396459e-05,
        "dvar2": 5.31109944859e-05,
        "max": 0.0585266053677,
        "mean": 0.00798521377146,
        "median": 0.0064439214766,
        "min": 1.2243778591e-21,
        "var": 5.12415390403e-05
    },
    "spectral_energyband_middle_low": {
        "dmean": 0.00561694568023,
        "dmean2": 0.00912036839873,
        "dvar": 0.000200230570044,
        "dvar2": 0.000468478363473,
        "max": 0.179800242186,
        "mean": 0.00763038126752,
        "median": 0.00357605796307,
        "min": 3.0215371959e-22,
        "var": 0.000214879022678
    },
    "spectral_entropy": {
        "dmean": 0.126047849655,
        "dmean2": 0.193112790585,
        "dvar": 0.0282711423934,
        "dvar2": 0.0606367439032,
        "max": 9.8077507019,
        "mean": 7.91694498062,
        "median": 8.13593387604,
        "min": 4.22769927979,
        "var": 0.386327028275
    },
    "spectral_flux": {
        "dmean": 0.0241588465869,
        "dmean2": 0.0361813157797,
        "dvar": 0.00122599245515,
        "dvar2": 0.00226698699407,
        "max": 0.445332080126,
        "mean": 0.0993019342422,
        "median": 0.0891436189413,
        "min": 6.50738352093e-11,
        "var": 0.00479132635519
    },
    "spectral_kurtosis": {
        "dmean": 2.24391674995,
        "dmean2": 3.86354994774,
        "dvar": 78.7070999146,
        "dvar2": 229.696014404,
        "max": 497.355773926,
        "mean": 6.71858501434,
        "median": 2.49044370651,
        "min": -1.23755264282,
        "var": 687.672912598
    },
    "spectral_rms": {
        "dmean": 0.000627079280093,
        "dmean2": 0.0009153636056,
        "dvar": 8.19355875592e-07,
        "dvar2": 1.380534286e-06,
        "max": 0.0138144092634,
        "mean": 0.00572742754593,
        "median": 0.0057135540992,
        "min": 3.22210270617e-12,
        "var": 7.37092796044e-06
    },
    "spectral_rolloff": {
        "dmean": 956.244567871,
        "dmean2": 1578.2677002,
        "dvar": 2223303.25,
        "dvar2": 5234844.5,
        "max": 19272.2167969,
        "mean": 2470.95922852,
        "median": 1894.921875,
        "min": 64.599609375,
        "var": 4816686.5
    },
    "spectral_skewness": {
        "dmean": 0.215858235955,
        "dmean2": 0.355686753988,
        "dvar": 0.127801030874,
        "dvar2": 0.371442615986,
        "max": 18.2884025574,
        "mean": 1.51137804985,
        "median": 1.30225968361,
        "min": -2.09666728973,
        "var": 1.6517598629
    },
    "spectral_spread": {
        "dmean": 542554.5625,
        "dmean2": 813553.375,
        "dvar": 673818935296,
        "dvar2": 1.49801926656e+12,
        "max": 42801580,
        "mean": 5635295.5,
        "median": 5943615.5,
        "min": 199612.703125,
        "var": 6.05318807552e+12
    },
    "spectral_strongpeak": {
        "dmean": 0.425250440836,
        "dmean2": 0.718829452991,
        "dvar": 0.801082253456,
        "dvar2": 2.0600631237,
        "max": 13.5179319382,
        "mean": 0.72424942255,
        "median": 0.286094486713,
        "min": 0,
        "var": 1.42027890682
    },
    "zerocrossingrate": {
        "dmean": 0.0149972680956,
        "dmean2": 0.0178076662123,
        "dvar": 0.000353703799192,
        "dvar2": 0.000467119854875,
        "max": 0.8359375,
        "mean": 0.0922962874174,
        "median": 0.0869140625,
        "min": 0.0048828125,
        "var": 0.00313393305987
    },
    "barkbands": {
        "dmean": [0.000666115665808, 0.00486416881904, 0.00313285854645, 0.00277394219302, 0.00213179923594, 0.000942294544075, 0.000527727243025, 0.000382234225981, 0.000598377198912, 0.000912052812055, 0.000651463749819, 0.000754490727559, 0.000596031313762, 0.00051583442837, 0.00046629094868, 0.000363339611795, 0.000355443567969, 0.000317445956171, 0.000248389435001, 0.000230133795412, 0.00029476833879, 0.000271504977718, 0.000264937436441, 0.000254713231698, 0.000280123291304, 0.000239486587816, 3.83555452572e-05],
        "dmean2": [0.00104158651084, 0.00736569287255, 0.00515121035278, 0.00472622411326, 0.00376354320906, 0.00159306591377, 0.000892718031537, 0.000638775352854, 0.00100114196539, 0.00150228303391, 0.00104661867954, 0.00122928852215, 0.000994143309072, 0.000856199359987, 0.000757392961532, 0.000604375789408, 0.000593784556258, 0.000536558800377, 0.000405444385251, 0.000375483650714, 0.000484936899738, 0.000446384976385, 0.0004314816033, 0.000414166774135, 0.000460111070424, 0.000381837162422, 6.26946057309e-05],
        "dvar": [1.51707706664e-06, 0.000106610772491, 0.000135086782393, 0.000112142603029, 4.18485069531e-05, 4.43377530246e-06, 1.18695618312e-06, 7.55830456001e-07, 1.67845826127e-06, 3.77446781386e-06, 2.39985388362e-06, 2.06376125789e-06, 1.74468584646e-06, 1.45990577494e-06, 1.50779032992e-06, 3.13418951237e-07, 3.13890893722e-07, 3.34517494593e-07, 1.73455816821e-07, 2.54778854014e-07, 2.51492025427e-07, 5.99334271101e-07, 2.3104789193e-07, 2.0342309881e-07, 2.65633445906e-07, 2.23774065944e-07, 6.9184720175e-09],
        "dvar2": [3.34556580128e-06, 0.000209180332604, 0.000343516090652, 0.000275567203062, 0.000114353068057, 1.16150258691e-05, 3.15941792906e-06, 1.95284383153e-06, 4.38011784354e-06, 9.84575581242e-06, 5.62302921026e-06, 5.04428908243e-06, 4.41058364231e-06, 3.65138703273e-06, 3.71078886019e-06, 8.21008995899e-07, 8.30695967124e-07, 9.03326792923e-07, 4.32753068935e-07, 6.30459453532e-07, 6.44009901407e-07, 1.71571832652e-06, 5.77953471748e-07, 5.18454783105e-07, 6.92748187703e-07, 5.49751632661e-07, 1.76271459651e-08],
        "max": [0.0250143371522, 0.108745098114, 0.129636257887, 0.156490296125, 0.085680231452, 0.0353584960103, 0.0143701955676, 0.0165298562497, 0.023065937683, 0.0392949059606, 0.0303469821811, 0.0296269189566, 0.0393871255219, 0.0305857565254, 0.027747772634, 0.00981481466442, 0.00849281996489, 0.00932227447629, 0.00895551033318, 0.017104389146, 0.007490999531, 0.0285144466907, 0.00828468427062, 0.00731930183247, 0.00698676845059, 0.00616554450244, 0.0013715182431],
        "mean": [0.00275482423604, 0.0161260776222, 0.00311553338543, 0.00242238421924, 0.00194385647774, 0.00101983093191, 0.00059720891295, 0.000440992269432, 0.000742500124034, 0.00141367595643, 0.00094145804178, 0.00120904494543, 0.000796438078396, 0.000751353043597, 0.000666600244585, 0.000655258598272, 0.000600546249188, 0.000518250220921, 0.000472187675769, 0.000437186099589, 0.000606982968748, 0.000554096186534, 0.000573691970203, 0.000594131997786, 0.000642619736027, 0.000522975402419, 5.87559807173e-05],
        "median": [0.00132142554503, 0.00814903154969, 0.000730525935069, 0.000275850528851, 0.000215569627471, 0.000236002961174, 0.000191792583792, 8.60769941937e-05, 0.000244504364673, 0.000453992368421, 0.000277755956631, 0.00047671169159, 0.000327089859638, 0.000307328475174, 0.000293275719741, 0.000363140483387, 0.000398912583478, 0.000354451069143, 0.000307005830109, 0.000316403748002, 0.000416507566115, 0.000346469576471, 0.000314793782309, 0.000297224527458, 0.000285082292976, 0.000230198726058, 1.19470214486e-05],
        "min": [2.18826425791e-24, 2.32445375679e-23, 7.09793218919e-24, 6.12506474466e-24, 1.19835110694e-23, 1.87710888124e-23, 9.20037587479e-24, 3.40219647214e-23, 3.90127247927e-23, 2.42700819883e-23, 3.18440365135e-23, 4.82293906452e-23, 9.76704716408e-23, 5.95517471347e-23, 7.6545054278e-23, 9.58531191309e-23, 1.29537157929e-22, 2.10922637477e-22, 1.98452437884e-22, 2.01907345726e-22, 2.56302119797e-22, 4.34259471735e-22, 5.11059687806e-22, 7.36711570074e-22, 8.85953047155e-22, 1.5193819493e-21, 2.48804033496e-21],
        "var": [1.09262100523e-05, 0.000334737618687, 0.000108236985398, 9.80588883976e-05, 3.44481886714e-05, 4.75133583677e-06, 1.39323833537e-06, 9.74191152636e-07, 2.26055635721e-06, 7.1315457717e-06, 4.84289330416e-06, 3.8593843783e-06, 2.2262947823e-06, 2.51340566138e-06, 1.9836750198e-06, 6.99575309682e-07, 4.75233349562e-07, 4.20465966045e-07, 4.18943898239e-07, 3.52427036887e-07, 4.79582183743e-07, 6.24801884896e-07, 5.11115842983e-07, 5.36647348781e-07, 6.89272326326e-07, 5.60230830615e-07, 1.28072361605e-08]
    },
    "erbbands": {
        "dmean": [0.194930881262, 0.979397177696, 3.06303167343, 6.88072013855, 8.55027961731, 6.63416957855, 6.80642557144, 7.47563552856, 8.20878505707, 6.84776115417, 8.57030963898, 12.6926393509, 25.9439163208, 24.7152614594, 24.8015766144, 29.5542907715, 26.8888263702, 22.3117847443, 26.6304359436, 21.2649116516, 17.8046264648, 18.7690162659, 15.7780723572, 15.1704349518, 10.2171192169, 10.9696016312, 12.7346820831, 10.8837165833, 9.2020483017, 10.1206903458, 7.34550428391, 5.85179615021, 4.24302816391, 3.23605656624, 2.10070371628, 1.15620100498, 0.438485562801, 0.0939873605967, 0.00440017553046, 8.18185944809e-05],
        "dmean2": [0.288379400969, 1.42118155956, 4.72835731506, 11.5520467758, 14.3579483032, 11.6884698868, 11.6654968262, 12.5908737183, 13.9913721085, 11.2123308182, 14.2681589127, 21.2574996948, 42.9087524414, 40.5390892029, 40.4862861633, 48.2181510925, 44.6333236694, 36.3273925781, 44.0691604614, 35.1982650757, 30.057264328, 31.2102184296, 26.4735107422, 24.6382865906, 17.0102558136, 17.7564220428, 20.687171936, 18.0868740082, 15.0180778503, 16.6139011383, 12.0432252884, 9.47263145447, 6.8994345665, 5.32186746597, 3.46186161041, 1.86465144157, 0.698231041431, 0.151540338993, 0.0070357718505, 0.000127976571093],
        "dvar": [0.13258805871, 6.29815769196, 112.18460083, 620.140686035, 840.891601562, 407.317504883, 292.375457764, 286.01083374, 314.679443359, 279.402740479, 393.457580566, 855.93170166, 3125.33447266, 3192.6652832, 3834.95776367, 3201.18188477, 3391.82006836, 2489.30712891, 5713.73339844, 1793.05114746, 842.813293457, 853.378112793, 725.111328125, 744.12286377, 293.303161621, 747.465881348, 511.155609131, 328.940948486, 306.418670654, 1092.1673584, 179.002609253, 105.165550232, 56.341758728, 34.6823692322, 15.1729593277, 4.97415304184, 0.724560678005, 0.0369550175965, 8.31185971037e-05, 2.51272584961e-08],
        "dvar2": [0.28962123394, 11.3272314072, 262.433166504, 1577.45837402, 2120.94799805, 1151.97412109, 795.917236328, 737.770263672, 855.913146973, 710.869384766, 1023.30493164, 2243.75756836, 8094.11914062, 7934.99511719, 9560.43066406, 7819.22314453, 8539.27148438, 5891.63134766, 14489.1201172, 4666.69970703, 2258.31445312, 2268.82666016, 1927.15319824, 1783.47424316, 796.127441406, 1845.83703613, 1253.08166504, 874.534057617, 809.207458496, 3134.56616211, 455.003936768, 269.816131592, 145.640411377, 90.7110824585, 39.6558227539, 12.5246181488, 1.77504432201, 0.0903570204973, 0.000203290270292, 5.92799231924e-08],
        "max": [4.3994808197, 30.4980297089, 119.961013794, 295.994049072, 439.696899414, 372.917022705, 309.236236572, 311.772979736, 236.044311523, 540.204589844, 349.123840332, 669.983886719, 1215.0715332, 1249.7467041, 1600.68591309, 1088.34765625, 1675.77844238, 1619.47265625, 1909.41052246, 1192.07226562, 500.278686523, 432.96484375, 362.910858154, 814.054931641, 426.965789795, 1051.19287109, 359.953338623, 322.05078125, 380.282806396, 1307.35559082, 227.651794434, 169.7840271, 120.926200867, 70.5089645386, 67.8322906494, 28.3815765381, 13.6200323105, 3.30814981461, 0.147559076548, 0.0024948741775],
        "mean": [0.806836426258, 2.20866537094, 3.60572504997, 6.43224000931, 7.71554517746, 5.93884468079, 6.78788566589, 8.08935451508, 9.43928050995, 8.48149204254, 10.515089035, 16.0996303558, 41.3346710205, 36.9569702148, 37.5897140503, 49.5400543213, 40.6065979004, 34.8569869995, 39.1528358459, 37.5165367126, 32.6636734009, 32.9480628967, 27.8979129791, 29.5601730347, 19.9281673431, 21.070482254, 24.6023635864, 22.3828125, 19.3550701141, 19.943862915, 15.6464233398, 13.0598564148, 9.49690532684, 7.0350151062, 4.57130050659, 2.45682168007, 0.912959694862, 0.185120642185, 0.00775168230757, 0.000216531552724],
        "median": [0.376570999622, 1.12887763977, 1.01783788204, 1.13937973976, 0.802880883217, 0.697198271751, 0.791002869606, 2.25265312195, 3.5153875351, 1.92615556717, 2.89098167419, 6.11936473846, 13.4624319077, 14.4520797729, 14.3743143082, 20.6200065613, 18.2375679016, 16.5992355347, 18.3578872681, 20.9368629456, 21.6138381958, 23.2070083618, 19.9648513794, 18.3926239014, 14.4805049896, 15.0041942596, 16.018157959, 16.2379245758, 12.7546825409, 10.9848899841, 8.69311332703, 6.57926130295, 4.67628908157, 3.2286195755, 2.01028871536, 1.04971599579, 0.388394415379, 0.075023189187, 0.00219868589193, 0.000123908102978],
        "min": [1.12985268318e-21, 2.60401869049e-21, 6.55271397852e-21, 1.59083553121e-20, 3.14761739369e-20, 4.56105095628e-20, 1.7687932618e-19, 1.75103330631e-19, 1.54247018386e-19, 3.61374762754e-19, 7.47892145515e-19, 1.12191685213e-18, 1.29064267194e-18, 9.31346019526e-19, 1.51984780223e-18, 2.18859747808e-18, 3.25150491968e-18, 3.9152468441e-18, 3.35869429217e-18, 4.45177604174e-18, 6.99802325563e-18, 8.3942156213e-18, 1.12369955043e-17, 1.15828686697e-17, 1.03313841076e-17, 1.00099706729e-17, 1.50872350512e-17, 1.15363041915e-17, 1.49069493823e-17, 1.25393839341e-17, 1.41732335616e-17, 1.36256151806e-17, 1.26107845102e-17, 9.34267083782e-18, 7.04348675646e-18, 5.31899550466e-18, 2.77392743673e-18, 1.33976251787e-18, 3.31492966523e-19, 3.37866735647e-20],
        "var": [0.893120706081, 12.1771602631, 112.029045105, 507.040710449, 762.111633301, 320.586029053, 288.355682373, 293.523864746, 342.047027588, 354.619110107, 520.898254395, 1085.74829102, 6169.15429688, 5126.51953125, 7467.88574219, 5943.33007812, 4598.33105469, 4833.62646484, 6782.78759766, 2661.15869141, 1357.57910156, 1292.56774902, 1020.4788208, 2353.99291992, 498.873535156, 954.672241211, 962.208984375, 584.797851562, 544.714294434, 1045.8951416, 381.96472168, 260.560180664, 141.484924316, 81.8400726318, 37.2882995605, 11.6062402725, 1.89276587963, 0.092835046351, 0.000181386058102, 7.59383027571e-08]
    },
    "gfcc": {
        "mean": [8.1154127121, 48.2572402954, -115.297035217, 28.8705768585, -41.8692092896, 27.849357605, -25.2476558685, 15.164141655, -22.5394668579, 7.717253685, -17.3908042908, 7.85116577148, -9.15542125702],
        "cov": [[24361.3457031, -5882.39160156, 1881.29956055, 2117.75561523, 170.569717407, 2316.48974609, 12.2512273788, 1498.72851562, -139.332336426, 1121.54943848, -191.148910522, 972.597351074, -258.691162109], [-5882.39160156, 4232.44921875, -979.951843262, -559.563659668, 391.557617188, -903.186584473, 250.542526245, -530.610412598, 218.851623535, -307.50479126, 262.37612915, -431.416107178, 314.617584229], [1881.29956055, -979.951843262, 1866.27819824, 588.11730957, -9.53529930115, 449.083953857, -96.0337905884, 241.608795166, -36.0761184692, 239.805038452, -61.6142883301, 191.953826904, -69.2245407104], [2117.75561523, -559.563659668, 588.11730957, 989.585205078, 167.664535522, 360.923492432, 125.808311462, 114.088729858, 38.5551605225, 160.982147217, 20.294626236, 72.4374084473, 25.7446250916], [170.569717407, 391.557617188, -9.53529930115, 167.664535522, 406.638122559, 171.205718994, 200.068161011, 59.3690567017, 78.7989807129, 61.9436759949, 64.8190231323, -14.8821468353, 64.8652038574], [2316.48974609, -903.186584473, 449.083953857, 360.923492432, 171.205718994, 678.181640625, 160.812149048, 282.115142822, 13.7484292984, 167.798095703, -37.7588157654, 131.846008301, -19.7763462067], [12.2512273788, 250.542526245, -96.0337905884, 125.808311462, 200.068161011, 160.812149048, 401.086090088, 131.3465271, 135.942687988, 72.7344818115, 63.0971183777, -18.8373737335, 72.3703994751], [1498.72851562, -530.610412598, 241.608795166, 114.088729858, 59.3690567017, 282.115142822, 131.3465271, 359.403869629, 95.1714401245, 159.904022217, 11.9371414185, 122.17489624, -1.39390075207], [-139.332336426, 218.851623535, -36.0761184692, 38.5551605225, 78.7989807129, 13.7484292984, 135.942687988, 95.1714401245, 184.269638062, 94.1991424561, 77.5610351562, 4.62848472595, 46.8359451294], [1121.54943848, -307.50479126, 239.805038452, 160.982147217, 61.9436759949, 167.798095703, 72.7344818115, 159.904022217, 94.1991424561, 226.689834595, 60.356842041, 79.9525985718, 15.6292057037], [-191.148910522, 262.37612915, -61.6142883301, 20.294626236, 64.8190231323, -37.7588157654, 63.0971183777, 11.9371414185, 77.5610351562, 60.356842041, 147.564300537, 32.9273071289, 48.1344871521], [972.597351074, -431.416107178, 191.953826904, 72.4374084473, -14.8821468353, 131.846008301, -18.8373737335, 122.17489624, 4.62848472595, 79.9525985718, 32.9273071289, 165.271133423, 22.1218338013], [-258.691162109, 314.617584229, -69.2245407104, 25.7446250916, 64.8652038574, -19.7763462067, 72.3703994751, -1.39390075207, 46.8359451294, 15.6292057037, 48.1344871521, 22.1218338013, 133.104232788]],
        "icov": [[0.000104132603155, -6.77605703459e-06, 0.000101149744296, -0.000168233338627, 8.68262122822e-06, -0.000121400044009, 9.81963385129e-05, -0.000210881073144, 0.000265505950665, -0.00037249547313, 0.000178597227205, -0.000293789460557, 0.00016023349599], [-6.77605703459e-06, 0.00102931458969, -0.000261922832578, 0.000410540349549, -0.000926632201299, 0.000742885109503, -0.000105117120256, 0.000298357044812, -0.000648600165732, 0.000983003876172, -0.00130917388014, 0.0019845305942, -0.00178314314689], [0.000101149744296, -0.000261922832578, 0.00103850790765, -0.000653598282952, 0.000278983236058, -0.000460696668597, 0.000468606129289, -0.000381466699764, 0.000548253592569, -0.00121453381144, 0.000911863869987, -0.00119213946164, 0.000837097642943], [-0.000168233338627, 0.000410540349549, -0.000653598282952, 0.00197090045549, -0.000593823904637, -0.000102119818621, -0.000462103489554, 0.00101186952088, -0.000686824438162, 0.000498668872751, -0.000884176872205, 0.00129843456671, -0.00119535555132], [8.68262122822e-06, -0.000926632201299, 0.000278983236058, -0.000593823904637, 0.00484662782401, -0.00190027547069, -0.000826795294415, -0.000109747619717, 0.000528475851752, -0.000819099019282, -0.00041673265514, -0.00017836902407, 0.000361828831956], [-0.000121400044009, 0.000742885109503, -0.000460696668597, -0.000102119818621, -0.00190027547069, 0.00444609951228, -0.00135678751394, -0.00094693468418, 0.000682211713865, 8.07907417766e-05, 0.000730288214982, -8.98805665202e-05, -0.000396006013034], [9.81963385129e-05, -0.000105117120256, 0.000468606129289, -0.000462103489554, -0.000826795294415, -0.00135678751394, 0.00537906121463, -0.0018777436344, -0.00165225565434, 0.000302072265185, -0.000792663893662, 0.00207162159495, -0.00148232770152], [-0.000210881073144, 0.000298357044812, -0.000381466699764, 0.00101186952088, -0.000109747619717, -0.00094693468418, -0.0018777436344, 0.00793297588825, -0.00374795263633, -0.000943660561461, 0.00164994143415, -0.00319743389264, 0.0008719919133], [0.000265505950665, -0.000648600165732, 0.000548253592569, -0.000686824438162, 0.000528475851752, 0.000682211713865, -0.00165225565434, -0.00374795263633, 0.0129784652963, -0.0048948014155, -0.00220089545473, 0.000962246849667, -0.000186040299013], [-0.00037249547313, 0.000983003876172, -0.00121453381144, 0.000498668872751, -0.000819099019282, 8.07907417766e-05, 0.000302072265185, -0.000943660561461, -0.0048948014155, 0.0119086420164, -0.00462775956839, 0.00209487974644, -0.00188912521116], [0.000178597227205, -0.00130917388014, 0.000911863869987, -0.000884176872205, -0.00041673265514, 0.000730288214982, -0.000792663893662, 0.00164994143415, -0.00220089545473, -0.00462775956839, 0.0145085165277, -0.00796025060117, 0.00224080402404], [-0.000293789460557, 0.0019845305942, -0.00119213946164, 0.00129843456671, -0.00017836902407, -8.98805665202e-05, 0.00207162159495, -0.00319743389264, 0.000962246849667, 0.00209487974644, -0.00796025060117, 0.0180368870497, -0.0079228579998], [0.00016023349599, -0.00178314314689, 0.000837097642943, -0.00119535555132, 0.000361828831956, -0.000396006013034, -0.00148232770152, 0.0008719919133, -0.000186040299013, -0.00188912521116, 0.00224080402404, -0.0079228579998, 0.0140793295577]]
    },
    "melbands": {
        "dmean": [0.00146011204924, 0.00134162150789, 0.00120645144489, 0.000532231293619, 0.000239147353568, 0.000174385815626, 0.000117716001114, 7.50242033973e-05, 7.36912625143e-05, 8.53828096297e-05, 0.000134295798489, 0.00010602659313, 8.38451742311e-05, 7.21636752132e-05, 9.01500243344e-05, 5.34926766704e-05, 4.3610783905e-05, 4.79431109852e-05, 3.64026636817e-05, 2.98660252156e-05, 2.23027236643e-05, 2.26041975111e-05, 1.52895427163e-05, 1.55132929649e-05, 1.34072470246e-05, 8.78485479916e-06, 7.47891590436e-06, 8.07347350928e-06, 8.41650125949e-06, 8.12880807644e-06, 6.57250075164e-06, 5.57832481718e-06, 5.98209453528e-06, 6.10316828897e-06, 4.85230384584e-06, 3.9207438931e-06, 3.914152785e-06, 3.20424169331e-06, 3.22524806506e-06, 2.85654004983e-06],
        "dmean2": [0.00219792197458, 0.00190308189485, 0.00198578764684, 0.000932198017836, 0.00041308751679, 0.000293974124361, 0.000199520596652, 0.000122956989799, 0.000123264093418, 0.000142815188156, 0.00022215784702, 0.000174342087121, 0.000136543079861, 0.000116630792036, 0.000147844810272, 8.89338116394e-05, 7.1600501542e-05, 7.99142653705e-05, 6.00487583142e-05, 4.88584155391e-05, 3.79065386369e-05, 3.78680815629e-05, 2.57448700722e-05, 2.62829325948e-05, 2.17060496652e-05, 1.45615304064e-05, 1.24781690829e-05, 1.31581136884e-05, 1.37828037623e-05, 1.3391295397e-05, 1.09954762593e-05, 9.20338061405e-06, 9.91829983832e-06, 1.00082861536e-05, 8.01533587946e-06, 6.33011131868e-06, 6.41650285615e-06, 5.20574621987e-06, 5.44552449355e-06, 4.7253079174e-06],
        "dvar": [7.66532411944e-06, 1.61623866006e-05, 1.74842043634e-05, 2.78511629404e-06, 3.60907847607e-07, 1.43331931213e-07, 6.16604722836e-08, 3.36368159992e-08, 3.10430294803e-08, 3.78722617711e-08, 8.44980192483e-08, 5.66014293213e-08, 4.10453644406e-08, 1.95653413471e-08, 3.90970278374e-08, 1.43077594217e-08, 1.09533830894e-08, 1.94061744452e-08, 9.12474540371e-09, 2.27652718898e-09, 1.51367962609e-09, 1.31358812716e-09, 6.28622098819e-10, 8.74490813096e-10, 6.33119778826e-10, 2.23477319983e-10, 2.04358543976e-10, 5.60330781774e-10, 2.31022548314e-10, 2.01608146844e-10, 1.30569846601e-10, 1.39832201373e-10, 3.34043764871e-10, 2.61645871635e-10, 9.11666853121e-11, 4.61007863828e-11, 4.65594056365e-11, 3.06013964169e-11, 3.67278221725e-11, 2.66731029624e-11],
        "dvar2": [1.55332836584e-05, 3.24673928844e-05, 4.26564984082e-05, 7.40758014217e-06, 1.01311502476e-06, 3.72986704633e-07, 1.66278468328e-07, 8.49800940728e-08, 8.13417599943e-08, 9.88516077882e-08, 2.19290868131e-07, 1.42730542052e-07, 1.01253718299e-07, 4.53209558771e-08, 9.63052286806e-08, 3.66648968964e-08, 2.55177106112e-08, 4.95069123474e-08, 2.27042828982e-08, 5.65859137325e-09, 4.00839805792e-09, 3.50678908134e-09, 1.66060487583e-09, 2.37128228164e-09, 1.4592633768e-09, 5.88978643634e-10, 5.46668044166e-10, 1.38404254724e-09, 5.79002068513e-10, 5.17808629308e-10, 3.49657108822e-10, 3.71544989219e-10, 9.74383684849e-10, 7.22541637632e-10, 2.35597680254e-10, 1.16718759657e-10, 1.20751159072e-10, 7.79498410264e-11, 1.00283517601e-10, 7.01522381852e-11],
        "max": [0.030184013769, 0.0502913445234, 0.0518287494779, 0.0212247725576, 0.00873006228358, 0.00683585833758, 0.00334000587463, 0.00580723211169, 0.00328586553223, 0.00445543648675, 0.0063513671048, 0.00491082249209, 0.00409500487149, 0.00280384463258, 0.00560002494603, 0.0022680121474, 0.00372071564198, 0.00338248233311, 0.00302494433708, 0.000723136996385, 0.000583806191571, 0.000538219464943, 0.000391279783798, 0.000643916544504, 0.000769207195845, 0.000246429117396, 0.00046449326328, 0.00100662081968, 0.00028395440313, 0.000196454435354, 0.000270000222372, 0.000351465161657, 0.000714699330274, 0.000558515137527, 0.00021389691392, 9.37508957577e-05, 0.000106932267954, 7.70166880102e-05, 0.000100864039268, 6.87987194397e-05],
        "mean": [0.0055840248242, 0.00222079805098, 0.00118203938473, 0.000493478262797, 0.000234809311223, 0.000190729435417, 0.000136091330205, 9.19293015613e-05, 9.07889407245e-05, 0.000105346305645, 0.000211989827221, 0.000153652159497, 0.000120463591884, 0.000114102833322, 0.000140585092595, 7.06159116817e-05, 6.44393367111e-05, 6.47903070785e-05, 5.25087343703e-05, 5.29748831468e-05, 3.48843459506e-05, 3.66260501323e-05, 2.56797084148e-05, 2.46385479841e-05, 2.4446986572e-05, 1.51436197484e-05, 1.31114702526e-05, 1.41306891237e-05, 1.47913124238e-05, 1.50316072904e-05, 1.22663368529e-05, 1.05538510979e-05, 1.11840945465e-05, 1.10501741801e-05, 9.20230468182e-06, 8.10201254353e-06, 7.92279934103e-06, 6.81578376316e-06, 6.03214220973e-06, 5.88290640735e-06],
        "median": [0.00281299604103, 0.00107846409082, 0.000200447830139, 5.26231524418e-05, 2.71996468655e-05, 5.28252203367e-05, 4.90403872391e-05, 1.66027693922e-05, 2.34220933635e-05, 3.60026970156e-05, 6.53410097584e-05, 5.4287702369e-05, 3.9497816033e-05, 4.68183134217e-05, 4.98092776979e-05, 2.80414460576e-05, 2.75593883998e-05, 2.7206773666e-05, 2.28225308092e-05, 2.70228410955e-05, 2.18834866246e-05, 2.39395321842e-05, 1.76699795702e-05, 1.60908894031e-05, 1.38895829878e-05, 9.95929258352e-06, 8.97528116184e-06, 9.36452852329e-06, 9.37633376452e-06, 9.66900188359e-06, 8.52506673255e-06, 6.88774116497e-06, 6.30706790616e-06, 5.65318896406e-06, 4.98620056533e-06, 4.18585932493e-06, 3.83188216801e-06, 3.23194717566e-06, 2.84535235551e-06, 2.62234061665e-06],
        "min": [8.1485907853e-24, 3.05607949012e-24, 2.83414964609e-24, 3.05635322486e-24, 5.69709034863e-24, 3.62474959517e-24, 1.8522536885e-24, 5.22762739102e-24, 5.31228676008e-24, 6.8640649075e-24, 6.1994436784e-24, 3.12339811876e-24, 4.59532934308e-24, 5.413751233e-24, 4.22521355572e-24, 7.21272880583e-24, 6.26080285733e-24, 4.9914061484e-24, 7.55286748437e-24, 5.61350264712e-24, 8.85182557242e-24, 8.20458571007e-24, 8.82909217886e-24, 1.01996086285e-23, 8.83373146984e-24, 7.05242043698e-24, 4.82114038277e-24, 7.05317853231e-24, 8.43968677021e-24, 6.75768464785e-24, 6.73935625358e-24, 8.1007866033e-24, 6.10498547361e-24, 7.18557936892e-24, 7.04493493585e-24, 5.59893988038e-24, 8.85258524548e-24, 8.11923174899e-24, 8.49479738191e-24, 7.98298837091e-24],
        "var": [3.82081088901e-05, 2.37076783378e-05, 1.57012655109e-05, 2.37067274611e-06, 3.26510303239e-07, 1.48576816628e-07, 6.8918659224e-08, 4.54497950386e-08, 4.50229400428e-08, 4.83280722108e-08, 1.67723413824e-07, 9.05385277861e-08, 7.35966168008e-08, 3.77733506696e-08, 7.12070260533e-08, 1.99281569024e-08, 2.10589661265e-08, 2.25933920461e-08, 1.24863612783e-08, 5.78482906022e-09, 2.00216865309e-09, 1.87897053472e-09, 8.65442606468e-10, 1.10164133371e-09, 2.01493310925e-09, 3.53276990994e-10, 2.86337897837e-10, 6.33603169931e-10, 3.85595333441e-10, 3.58508556175e-10, 2.01901773078e-10, 1.95885724308e-10, 3.17329745814e-10, 2.99984259655e-10, 1.55054150075e-10, 1.05792333227e-10, 1.03882534519e-10, 7.63411694971e-11, 6.51367224047e-11, 5.99406704826e-11]
    },
    "mfcc": {
        "mean": [-631.597167969, 83.4082336426, -7.44203662872, 13.2533912659, 8.5049533844, 14.957367897, 11.1045036316, 11.1207666397, 8.4634885788, 1.67756378651, 0.184887766838, 3.39582920074, 1.71753358841],
        "cov": [[14708.8291016, -3042.34399414, 1380.76550293, 740.20904541, 749.811950684, 944.245178223, 580.318115234, 713.522277832, 446.537445068, 490.763641357, 404.608520508, 304.238067627, 247.295928955], [-3042.34399414, 2739.44189453, -834.125, 122.644126892, -77.1142120361, -180.83102417, 8.89519023895, -260.188110352, 24.5356445312, -44.6008682251, -100.849067688, 29.4089279175, -3.16131949425], [1380.76550293, -834.125, 1331.65148926, 241.511398315, 250.608642578, 181.4659729, 33.195640564, 82.8828277588, 23.1334648132, 75.6915969849, 57.729675293, 30.4538803101, 18.7862491608], [740.20904541, 122.644126892, 241.511398315, 623.874267578, 163.329788208, 183.729125977, 107.76865387, 13.1016464233, 72.0471954346, 77.4088134766, 50.8471603394, 64.864402771, 31.3186969757], [749.811950684, -77.1142120361, 250.608642578, 163.329788208, 326.018096924, 177.199951172, 99.4388504028, 69.1507644653, 38.6886291504, 61.6343688965, 41.150592804, 21.4836387634, 25.2120895386], [944.245178223, -180.83102417, 181.4659729, 183.729125977, 177.199951172, 372.396881104, 212.854919434, 119.982810974, 114.779960632, 107.801437378, 59.7054786682, 39.3575782776, 26.6342010498], [580.318115234, 8.89519023895, 33.195640564, 107.76865387, 99.4388504028, 212.854919434, 274.355010986, 139.362457275, 146.800811768, 107.656616211, 61.3987312317, 68.536819458, 41.5191917419], [713.522277832, -260.188110352, 82.8828277588, 13.1016464233, 69.1507644653, 119.982810974, 139.362457275, 232.670715332, 122.50881958, 71.6708831787, 64.6511917114, 45.7157897949, 41.2528495789], [446.537445068, 24.5356445312, 23.1334648132, 72.0471954346, 38.6886291504, 114.779960632, 146.800811768, 122.50881958, 233.477600098, 130.708450317, 68.0635452271, 76.7370071411, 46.8935813904], [490.763641357, -44.6008682251, 75.6915969849, 77.4088134766, 61.6343688965, 107.801437378, 107.656616211, 71.6708831787, 130.708450317, 181.725265503, 97.3141784668, 65.4858169556, 39.1221313477], [404.608520508, -100.849067688, 57.729675293, 50.8471603394, 41.150592804, 59.7054786682, 61.3987312317, 64.6511917114, 68.0635452271, 97.3141784668, 141.152862549, 85.9628677368, 49.6799736023], [304.238067627, 29.4089279175, 30.4538803101, 64.864402771, 21.4836387634, 39.3575782776, 68.536819458, 45.7157897949, 76.7370071411, 65.4858169556, 85.9628677368, 135.646682739, 79.4690475464], [247.295928955, -3.16131949425, 18.7862491608, 31.3186969757, 25.2120895386, 26.6342010498, 41.5191917419, 41.2528495789, 46.8935813904, 39.1221313477, 49.6799736023, 79.4690475464, 108.450012207]],
