{
"lowlevel": {
    "average_loudness": 0.889447748661,
    "barkbands_crest": {
        "dmean": 2.56994175911,
        "dmean2": 3.93632006645,
        "dvar": 7.57318782806,
        "dvar2": 17.5008945465,
        "max": 25.9630718231,
        "mean": 11.9876403809,
        "median": 12.4121990204,
        "min": 1.87729775906,
        "var": 23.0346984863
    },
    "barkbands_flatness_db": {
        "dmean": 0.0247031487525,
        "dmean2": 0.0364258028567,
        "dvar": 0.00112199306022,
        "dvar2": 0.00220988225192,
        "max": 0.48762768507,
        "mean": 0.120992287993,
        "median": 0.102048777044,
        "min": 0.013255065307,
        "var": 0.00489205261692
    },
    "barkbands_kurtosis": {
        "dmean": 5.08773183823,
        "dmean2": 7.71158599854,
        "dvar": 792.761962891,
        "dvar2": 1817.49645996,
        "max": 936.016845703,
        "mean": 5.18041372299,
        "median": 0.78590464592,
        "min": -1.91388261318,
        "var": 778.919494629
    },
    "barkbands_skewness": {
        "dmean": 0.678694605827,
        "dmean2": 1.01266956329,
        "dvar": 1.27469110489,
        "dvar2": 2.6166806221,
        "max": 25.0957832336,
        "mean": 1.55257177353,
        "median": 1.3065366745,
        "min": -2.96906542778,
        "var": 2.76139092445
    },
    "barkbands_spread": {
        "dmean": 9.32060241699,
        "dmean2": 14.4977998734,
        "dvar": 118.525894165,
        "dvar2": 274.748199463,
        "max": 122.505310059,
        "mean": 38.7155036926,
        "median": 38.5558853149,
        "min": 0.222853124142,
        "var": 437.424224854
    },
    "dissonance": {
        "dmean": 0.0161296054721,
        "dmean2": 0.0277062617242,
        "dvar": 0.000453480286524,
        "dvar2": 0.00130023946986,
        "max": 0.499999910593,
        "mean": 0.473718643188,
        "median": 0.484406799078,
        "min": 0.238083362579,
        "var": 0.000947675784118
    },
    "dynamic_complexity": 3.36564540863,
    "erbbands_crest": {
        "dmean": 2.5666885376,
        "dmean2": 4.14622592926,
        "dvar": 7.15753507614,
        "dvar2": 16.6307659149,
        "max": 30.3030834198,
        "mean": 8.67116069794,
        "median": 6.89419078827,
        "min": 2.24951720238,
        "var": 27.4898929596
    },
    "erbbands_flatness_db": {
        "dmean": 0.0162820871919,
        "dmean2": 0.0249096117914,
        "dvar": 0.000288090785034,
        "dvar2": 0.000594066979829,
        "max": 0.389563024044,
        "mean": 0.122816942632,
        "median": 0.105201892555,
        "min": 0.0377273969352,
        "var": 0.00331722665578
    },
    "erbbands_kurtosis": {
        "dmean": 1.12837016582,
        "dmean2": 1.80765748024,
        "dvar": 6.10176229477,
        "dvar2": 14.3000841141,
        "max": 57.9298553467,
        "mean": 0.949818134308,
        "median": 0.050745010376,
        "min": -1.8471493721,
        "var": 9.64027690887
    },
    "erbbands_skewness": {
        "dmean": 0.384094208479,
        "dmean2": 0.588084340096,
        "dvar": 0.208931341767,
        "dvar2": 0.443230330944,
        "max": 7.34568881989,
        "mean": 0.199690744281,
        "median": 0.142205566168,
        "min": -4.88558244705,
        "var": 0.764442682266
    },
    "erbbands_spread": {
        "dmean": 10.6276245117,
        "dmean2": 16.6399307251,
        "dvar": 214.514434814,
        "dvar2": 474.472167969,
        "max": 205.528488159,
        "mean": 43.8637924194,
        "median": 41.6007957458,
        "min": 2.77966022491,
        "var": 596.149658203
    },
    "hfc": {
        "dmean": 20.879322052,
        "dmean2": 32.8970794678,
        "dvar": 1321.77539062,
        "dvar2": 3372.26123047,
        "max": 407.832550049,
        "mean": 56.8544654846,
        "median": 44.7787895203,
        "min": 1.08072047003e-16,
        "var": 2883.84667969
    },
    "melbands_crest": {
        "dmean": 3.81725096703,
        "dmean2": 6.13557910919,
        "dvar": 19.5779876709,
        "dvar2": 48.017829895,
        "max": 36.680809021,
        "mean": 21.7849197388,
        "median": 23.0722503662,
        "min": 1.51646757126,
        "var": 73.1105499268
    },
    "melbands_flatness_db": {
        "dmean": 0.0331924036145,
        "dmean2": 0.0486645139754,
        "dvar": 0.00196243450046,
        "dvar2": 0.00398149620742,
        "max": 0.625738680363,
        "mean": 0.197337880731,
        "median": 0.183504536748,
        "min": 0.00297198817134,
        "var": 0.00896479841322
    },
    "melbands_kurtosis": {
        "dmean": 19.6541461945,
        "dmean2": 28.9851608276,
        "dvar": 5492.77539062,
        "dvar2": 9609.22265625,
        "max": 1055.36572266,
        "mean": 26.6134910583,
        "median": 8.6089963913,
        "min": -1.64090096951,
        "var": 7835.68066406
    },
    "melbands_skewness": {
        "dmean": 1.14629292488,
        "dmean2": 1.70080924034,
        "dvar": 3.74060034752,
        "dvar2": 6.91303777695,
        "max": 25.8669910431,
        "mean": 3.32930850983,
        "median": 2.77287626266,
        "min": -1.25936925411,
        "var": 8.71113300323
    },
    "melbands_spread": {
        "dmean": 10.4701604843,
        "dmean2": 16.4305610657,
        "dvar": 203.761825562,
        "dvar2": 477.819641113,
        "max": 193.595321655,
        "mean": 31.2048473358,
        "median": 26.4758987427,
        "min": 0.285353899002,
        "var": 551.266174316
    },
    "pitch_salience": {
        "dmean": 0.0825851857662,
        "dmean2": 0.130517557263,
        "dvar": 0.00878605246544,
        "dvar2": 0.020931603387,
        "max": 0.900228440762,
        "mean": 0.454772800207,
        "median": 0.438639879227,
        "min": 0.0285094715655,
        "var": 0.0234182346612
    },
    "silence_rate_20dB": {
        "dmean": 0,
        "dmean2": 0,
        "dvar": 0,
        "dvar2": 0,
        "max": 1,
        "mean": 1,
        "median": 1,
        "min": 1,
        "var": 0
    },
    "silence_rate_30dB": {
        "dmean": 0.029656495899,
        "dmean2": 0.0593193210661,
        "dvar": 0.0287802387029,
        "dvar2": 0.0600667074323,
        "max": 1,
        "mean": 0.956053316593,
        "median": 1,
        "min": 0,
        "var": 0.042015850544
    },
    "silence_rate_60dB": {
        "dmean": 0.00704075116664,
        "dmean2": 0.0139763150364,
        "dvar": 0.00699107674882,
        "dvar2": 0.0176234170794,
        "max": 1,
        "mean": 0.053546667099,
        "median": 0,
        "min": 0,
        "var": 0.0506801605225
    },
    "spectral_centroid": {
        "dmean": 333.848297119,
        "dmean2": 516.572692871,
        "dvar": 155188.515625,
        "dvar2": 334648.3125,
        "max": 11685.9970703,
        "mean": 1980.83349609,
        "median": 1980.1550293,
        "min": 99.6875839233,
        "var": 1375738
    },
    "spectral_complexity": {
        "dmean": 5.75976085663,
        "dmean2": 8.43561267853,
        "dvar": 45.3489875793,
        "dvar2": 86.2710113525,
        "max": 67,
        "mean": 24.7998924255,
        "median": 24,
        "min": 0,
        "var": 223.067169189
    },
    "spectral_decrease": {
        "dmean": 2.61541344138e-09,
        "dmean2": 4.01662569871e-09,
        "dvar": 1.77043484825e-17,
        "dvar2": 3.74588905831e-17,
        "max": 1.8015500182e-28,
        "mean": -1.07112727576e-08,
        "median": -8.64523030941e-09,
        "min": -5.25674366258e-08,
        "var": 6.6121509445e-17
    },
    "spectral_energy": {
        "dmean": 0.0102168759331,
        "dmean2": 0.0154701136053,
        "dvar": 0.000246388663072,
        "dvar2": 0.00051563384477,
        "max": 0.200944721699,
        "mean": 0.045583575964,
        "median": 0.0379692316055,
        "min": 1.00388311272e-20,
        "var": 0.00110303843394
    },
    "spectral_energyband_high": {
        "dmean": 0.00183762295637,
        "dmean2": 0.00287748849951,
        "dvar": 1.00327824839e-05,
        "dvar2": 2.56735820585e-05,
        "max": 0.0385358370841,
        "mean": 0.00445332750678,
        "median": 0.00320508889854,
        "min": 7.18869146937e-21,
        "var": 2.22029102588e-05
    },
    "spectral_energyband_low": {
        "dmean": 0.00816185120493,
        "dmean2": 0.0124414656311,
        "dvar": 0.000288640527287,
        "dvar2": 0.000621133774985,
        "max": 0.184136927128,
        "mean": 0.0270030088723,
        "median": 0.0180334337056,
        "min": 1.29829962586e-23,
        "var": 0.00075589842163
    },
    "spectral_energyband_middle_high": {
        "dmean": 0.00338686350733,
        "dmean2": 0.00552289979532,
        "dvar": 3.02740972984e-05,
        "dvar2": 8.00559791969e-05,
        "max": 0.0531724207103,
        "mean": 0.00779406679794,
        "median": 0.00545261800289,
        "min": 1.22665240384e-21,
        "var": 5.85343368584e-05
    },
    "spectral_energyband_middle_low": {
        "dmean": 0.00515573564917,
        "dmean2": 0.00866981968284,
        "dvar": 0.000150785344886,
        "dvar2": 0.000407534156693,
        "max": 0.141207456589,
        "mean": 0.00728885177523,
        "median": 0.00389821338467,
        "min": 1.4274289143e-22,
        "var": 0.000136089627631
    },
    "spectral_entropy": {
        "dmean": 0.151171088219,
        "dmean2": 0.23009775579,
        "dvar": 0.0436295047402,
        "dvar2": 0.0878702551126,
        "max": 9.82682037354,
        "mean": 7.99029016495,
        "median": 8.19554138184,
        "min": 5.34566068649,
        "var": 0.373040854931
    },
    "spectral_flux": {
        "dmean": 0.0296616069973,
        "dmean2": 0.0442585460842,
        "dvar": 0.00165733869653,
        "dvar2": 0.00283589493483,
        "max": 0.461674690247,
        "mean": 0.103518106043,
        "median": 0.0894917473197,
        "min": 6.40415220854e-11,
        "var": 0.00516595318913
    },
    "spectral_kurtosis": {
        "dmean": 1.17653131485,
        "dmean2": 1.85820043087,
        "dvar": 4.51926136017,
        "dvar2": 10.6599760056,
        "max": 41.8079338074,
        "mean": 4.08770561218,
        "median": 2.42842149734,
        "min": -1.27883994579,
        "var": 29.5521736145
    },
    "spectral_rms": {
        "dmean": 0.00074921635678,
        "dmean2": 0.00111890665721,
        "dvar": 1.0809608284e-06,
        "dvar2": 2.29444367505e-06,
        "max": 0.0140015585348,
        "mean": 0.00612328434363,
        "median": 0.00608630850911,
        "min": 3.12953374153e-12,
        "var": 6.97722816767e-06
    },
    "spectral_rolloff": {
        "dmean": 1231.61376953,
        "dmean2": 2040.43908691,
        "dvar": 3882362.5,
        "dvar2": 9341455,
        "max": 19401.4160156,
        "mean": 2686.85302734,
        "median": 1464.2578125,
        "min": 43.06640625,
        "var": 10110810
    },
    "spectral_skewness": {
        "dmean": 0.176209539175,
        "dmean2": 0.271606862545,
        "dvar": 0.0453090891242,
        "dvar2": 0.098765142262,
        "max": 5.2695016861,
        "mean": 1.56318080425,
        "median": 1.38409507275,
        "min": -0.0951602607965,
        "var": 0.519041895866
    },
    "spectral_spread": {
        "dmean": 773006.875,
        "dmean2": 1171106.125,
        "dvar": 796079620096,
        "dvar2": 1.59110083379e+12,
        "max": 43176136,
        "mean": 6989039.5,
        "median": 6971584.5,
        "min": 1513187,
        "var": 1.41940301496e+13
    },
    "spectral_strongpeak": {
        "dmean": 0.277038782835,
        "dmean2": 0.472883164883,
        "dvar": 0.453026652336,
        "dvar2": 1.25213181973,
        "max": 12.8670425415,
        "mean": 0.515827476978,
        "median": 0.282898336649,
        "min": 0,
        "var": 0.684876739979
    },
    "zerocrossingrate": {
        "dmean": 0.0184268094599,
        "dmean2": 0.0222054664046,
        "dvar": 0.000472783081932,
        "dvar2": 0.000625818676781,
        "max": 0.72607421875,
        "mean": 0.100754164159,
        "median": 0.09326171875,
        "min": 0.001953125,
        "var": 0.00505139119923
    },
    "barkbands": {
        "dmean": [0.00102737068664, 0.00599960051477, 0.00316970748827, 0.00226080068387, 0.00214597652666, 0.000770460290369, 0.000568851595744, 0.000347968685674, 0.000407224317314, 0.000740186311305, 0.000585053057875, 0.000960274250247, 0.000742889067624, 0.000554104626644, 0.00044076910126, 0.00039003835991, 0.000321372033795, 0.000309716240736, 0.000207925637369, 0.000270203512628, 0.000329644186422, 0.000326361740008, 0.000256342551438, 0.000336312747095, 0.000428959494457, 0.000435834517702, 0.000195835498744],
        "dmean2": [0.00162013689987, 0.00902227684855, 0.00534614548087, 0.00399325974286, 0.00373391713947, 0.00131243863143, 0.000957150710747, 0.000574584875721, 0.000684332218952, 0.00127866282128, 0.000992313493043, 0.00162260024808, 0.00120737229008, 0.000915590906516, 0.000746634090319, 0.000645705731586, 0.000531619996764, 0.000512378057465, 0.000332922034431, 0.000429765001172, 0.000520261994097, 0.000519982015248, 0.000418307870859, 0.00055696174968, 0.000704402744304, 0.000711725850124, 0.00032086824649],
        "dvar": [4.32707065556e-06, 0.000154092282173, 0.0001600360265, 6.7932291131e-05, 3.2815769373e-05, 4.26505539508e-06, 1.33427352011e-06, 6.88863622145e-07, 6.61558317461e-07, 2.64100572167e-06, 1.00948238924e-06, 3.77760738957e-06, 3.06979609377e-06, 2.01072703021e-06, 1.11833855954e-06, 7.48180696064e-07, 4.65647218562e-07, 4.11785521237e-07, 1.34651301664e-07, 1.99963821501e-07, 3.8287055304e-07, 2.8371258054e-07, 1.79597790861e-07, 2.82332081269e-07, 5.3390181165e-07, 6.46727812637e-07, 2.64283869456e-07],
        "dvar2": [1.11729314085e-05, 0.000299180828733, 0.000416862574639, 0.00019409241213, 8.99910519365e-05, 1.13155056169e-05, 3.53922814611e-06, 1.75843911165e-06, 1.77698098014e-06, 7.53390031605e-06, 2.73742580248e-06, 1.06475854409e-05, 6.90491151545e-06, 4.52082667834e-06, 2.92873164653e-06, 1.93428195416e-06, 1.26561587876e-06, 1.03045113065e-06, 3.34587411999e-07, 4.73522590028e-07, 1.00467025277e-06, 7.29789007892e-07, 4.48343683956e-07, 7.62874662996e-07, 1.4032081026e-06, 1.61333412052e-06, 6.80203243064e-07],
        "max": [0.0269141290337, 0.120919398963, 0.139508008957, 0.103024855256, 0.0549017414451, 0.0394410677254, 0.0149807641283, 0.0200553946197, 0.0128527078778, 0.0280203297734, 0.0163896363229, 0.023330308497, 0.0421555899084, 0.0407340191305, 0.0345924198627, 0.0200519543141, 0.0218765698373, 0.00936291739345, 0.00554347410798, 0.00697915721685, 0.00827215984464, 0.0094059817493, 0.00612768903375, 0.00646481616423, 0.0130063043907, 0.0110906604677, 0.00849293731153],
        "mean": [0.00375709589571, 0.0195381771773, 0.00289727910422, 0.00195569172502, 0.00229647918604, 0.000933217350394, 0.000774175510742, 0.000520754372701, 0.000552440818865, 0.000959215394687, 0.000842372479383, 0.00133979052771, 0.00117339217104, 0.000784880132414, 0.000614483549725, 0.000588788301684, 0.000536771316547, 0.00050972221652, 0.000348697096342, 0.000489600293804, 0.000618619669694, 0.000620269798674, 0.000486925564473, 0.000553033663891, 0.000814254686702, 0.0008133892552, 0.000264056405285],
        "median": [0.00179749843664, 0.0118051115423, 0.000476101064123, 0.000278767372947, 0.000459327537101, 0.000295993959298, 0.000186392309843, 0.000151310450747, 0.000209145669942, 0.000405173690524, 0.000386806379538, 0.000541807734407, 0.000433376058936, 0.000284119159915, 0.000233050101087, 0.000260427186731, 0.000290522904834, 0.000241472502239, 0.000193338608369, 0.000319218845107, 0.000381812162232, 0.00038298452273, 0.000290840049274, 0.000336906785378, 0.000475976907182, 0.000436206930317, 5.40843284398e-05],
        "min": [1.91847545535e-25, 3.36737386408e-24, 1.0453091331e-24, 2.23511589036e-24, 5.37663966615e-24, 1.49649927169e-23, 1.15870287896e-23, 2.81647797852e-24, 1.90810117517e-23, 1.33548992104e-23, 1.76744080711e-23, 1.73225208871e-23, 1.82517043701e-23, 2.99672606893e-23, 5.98387221103e-23, 3.86178778215e-23, 7.14481924149e-23, 9.75083007713e-23, 1.43867807081e-22, 1.72323118027e-22, 2.81022470968e-22, 2.68162675061e-22, 3.9353521539e-22, 5.35784330381e-22, 8.64391926137e-22, 1.15508381232e-21, 1.94747053451e-21],
        "var": [1.77190067916e-05, 0.000443435506895, 0.000122891709907, 4.44085271738e-05, 3.10194191115e-05, 4.18191075369e-06, 2.25317012337e-06, 1.48553613144e-06, 9.00331713183e-07, 2.92249774247e-06, 1.4412356677e-06, 4.66949541078e-06, 8.59083229443e-06, 4.30992395195e-06, 1.44864770846e-06, 1.04366586129e-06, 5.60265050353e-07, 7.83453856457e-07, 2.34173057834e-07, 3.96611170572e-07, 6.25642201157e-07, 5.86632040722e-07, 3.77378228222e-07, 4.36404747006e-07, 9.68562062553e-07, 1.1958070445e-06, 3.29583002667e-07]
    },
    "erbbands": {
        "dmean": [0.26187095046, 1.13907432556, 3.22766280174, 5.85888719559, 8.27778530121, 6.8989906311, 5.60803461075, 6.54593467712, 8.98604011536, 6.64176082611, 7.6973028183, 8.38197135925, 19.5714969635, 19.9876461029, 28.3955421448, 36.7519950867, 33.4588928223, 28.9326553345, 24.8057765961, 21.8941078186, 18.8954734802, 17.6260318756, 15.8738050461, 12.3336706161, 11.2595672607, 12.4039878845, 13.1297836304, 13.0420274734, 12.0487756729, 9.31199169159, 7.29570150375, 7.51483488083, 5.63212490082, 4.64523649216, 3.58885979652, 2.14140176773, 0.805956959724, 0.276628345251, 0.0318313874304, 0.000434292596765],
        "dmean2": [0.38497492671, 1.62031674385, 5.07070589066, 10.2089281082, 14.4809560776, 11.8196363449, 9.55153465271, 11.1565170288, 15.1807937622, 11.0241107941, 13.0543756485, 14.0119876862, 33.8762359619, 34.621963501, 47.2030715942, 62.7277069092, 53.8600082397, 46.5928459167, 41.4454116821, 36.8267669678, 30.9145393372, 28.9688472748, 25.8794898987, 20.0008850098, 18.0798873901, 19.5663356781, 20.481710434, 20.5645771027, 19.3670711517, 14.8066301346, 11.7973470688, 12.5151157379, 9.27520656586, 7.65929460526, 5.96006917953, 3.53832936287, 1.32537770271, 0.44738894701, 0.0519766025245, 0.000700209115166],
        "dvar": [0.233762905002, 8.98954296112, 142.062805176, 496.786071777, 667.231750488, 308.36416626, 256.177642822, 250.026565552, 314.589935303, 223.456420898, 368.277679443, 261.310913086, 2303.21166992, 1499.66015625, 2941.31567383, 5293.05419922, 5790.82714844, 5741.89355469, 3509.12133789, 2655.93823242, 1532.58483887, 1366.35070801, 1015.25848389, 528.306396484, 424.018463135, 427.023864746, 531.828674316, 587.977172852, 411.416503906, 237.151809692, 146.275695801, 155.164337158, 76.0367965698, 56.7500076294, 40.296497345, 12.1280879974, 2.48738265038, 0.46943756938, 0.00720624066889, 1.24154132664e-06],
        "dvar2": [0.532110869884, 15.5284976959, 341.634246826, 1392.01489258, 1878.22875977, 817.507507324, 659.519836426, 668.591369629, 846.254211426, 589.876831055, 939.857055664, 691.742919922, 6667.54833984, 4199.72412109, 7951.56201172, 14961.7734375, 13100.6660156, 12223.0869141, 8639.63378906, 6865.40673828, 4023.18481445, 3691.48144531, 2350.60791016, 1336.20361328, 1052.73852539, 1013.62890625, 1322.18981934, 1540.11901855, 1063.01013184, 598.587585449, 371.208404541, 413.181854248, 205.860427856, 148.486618042, 108.444580078, 31.4617290497, 6.21834611893, 1.18109428883, 0.0185057986528, 3.14606950269e-06],
        "max": [5.32314157486, 33.2560043335, 136.150588989, 268.437438965, 356.00189209, 249.539642334, 346.129821777, 332.690246582, 270.345062256, 274.0675354, 537.419433594, 253.189727783, 908.59588623, 502.115814209, 1009.04949951, 1012.76757812, 2074.44506836, 2366.26171875, 2589.42822266, 1381.87158203, 662.354553223, 1224.39123535, 668.2265625, 327.691223145, 315.889587402, 396.717285156, 386.465881348, 346.445220947, 329.796905518, 311.137329102, 162.371673584, 241.512771606, 96.6156616211, 99.159866333, 137.459487915, 45.4921226501, 22.6680984497, 10.5685949326, 1.38110029697, 0.0176210831851],
        "mean": [1.020388484, 2.51693344116, 3.44951152802, 5.37464141846, 7.50214767456, 7.50047683716, 6.17355680466, 8.29424953461, 12.982840538, 9.12487697601, 11.6364812851, 11.9209165573, 26.0835857391, 26.6262340546, 42.1318969727, 53.5212211609, 56.0113182068, 46.3131866455, 36.3501243591, 30.8653640747, 31.3748474121, 30.8598709106, 28.1230373383, 20.6522350311, 19.1636009216, 22.627532959, 24.4541721344, 24.789390564, 22.3311824799, 17.6613082886, 13.6757078171, 11.3493852615, 9.38788414001, 8.22329711914, 6.24018335342, 3.74303007126, 1.39387714863, 0.42701292038, 0.0438151024282, 0.000704200007021],
        "median": [0.575301229954, 1.22608149052, 0.67420142889, 1.02257025242, 1.13824570179, 1.45367693901, 1.79523658752, 2.68525695801, 3.14370441437, 3.36828827858, 3.55864071846, 4.91654968262, 10.9018554688, 13.6634302139, 18.7454051971, 23.7075481415, 23.6585426331, 16.6957931519, 15.7804660797, 14.32127285, 15.6394929886, 17.153263092, 14.2154817581, 11.4086036682, 11.1097431183, 14.9230499268, 15.7807149887, 14.668390274, 13.7595710754, 9.94602489471, 8.1473197937, 6.28637218475, 5.80956315994, 4.90912008286, 3.31871175766, 1.996291399, 0.683568656445, 0.143404141068, 0.00865785498172, 0.000248979777098],
        "min": [9.50985894522e-23, 7.9495333479e-22, 2.20346536459e-21, 9.42912469875e-21, 1.75598682571e-20, 2.09056312735e-20, 4.62678079571e-20, 9.71773851579e-20, 1.2757878006e-19, 1.79252920948e-19, 9.16958531089e-20, 4.00487661976e-19, 4.97818437439e-19, 4.47908272133e-19, 7.57405342945e-19, 1.10425664945e-18, 1.20890058041e-18, 1.46505887397e-18, 2.00603396061e-18, 3.41457034255e-18, 3.16261257553e-18, 5.11636024282e-18, 6.34636540598e-18, 6.32857109664e-18, 9.13747876071e-18, 9.24617277474e-18, 9.25428410783e-18, 9.16594535431e-18, 1.0946938005e-17, 1.18734183414e-17, 1.20345043211e-17, 1.06704859725e-17, 9.400987071e-18, 8.56024483231e-18, 6.87055017375e-18, 4.59674151204e-18, 2.13506648474e-18, 9.52350720218e-19, 2.57422768379e-19, 2.74287533503e-20],
        "var": [1.16850328445, 17.5869922638, 136.570953369, 338.457855225, 484.155029297, 361.891937256, 242.318939209, 272.91418457, 642.320007324, 255.704833984, 799.206054688, 356.354797363, 2541.14697266, 1516.05603027, 4223.07910156, 6475.36279297, 15573.6367188, 14549.8896484, 5270.0390625, 2914.13183594, 2382.05200195, 1777.11584473, 2564.73779297, 860.897521973, 698.538635254, 855.612609863, 1002.11901855, 1002.81591797, 788.842163086, 521.772644043, 289.280761719, 215.547180176, 123.59728241, 98.5794372559, 65.0318450928, 22.8579235077, 4.18689727783, 0.639751553535, 0.00917137227952, 1.73305375029e-06]
    },
    "gfcc": {
        "mean": [21.4772891998, 33.2340965271, -91.2777938843, 21.0240840912, -39.3519020081, 31.8211860657, -25.3933792114, 14.9340696335, -23.7463092804, 13.6756858826, -13.6211395264, 11.7088336945, -10.4871015549],
        "cov": [[28927.6269531, -3228.85546875, -373.79699707, 1371.80249023, -363.74520874, 608.513000488, -715.769775391, -55.9480934143, -826.804321289, 160.336120605, -869.475830078, 318.385070801, -143.978851318], [-3228.85546875, 2773.20361328, 130.357070923, -294.753448486, 157.703369141, 26.5807418823, 137.809951782, -7.97715854645, 75.2572174072, -124.885627747, 219.478652954, -20.1740570068, 119.763092041], [-373.79699707, 130.357070923, 1020.47192383, 249.536987305, 209.050384521, -21.9844818115, 19.6654720306, -37.6728515625, 47.961894989, 7.97341871262, 5.37605619431, 48.9524765015, 21.6488037109], [1371.80249023, -294.753448486, 249.536987305, 507.254547119, 95.7369384766, 88.1599884033, -9.46772861481, 32.2824897766, 2.1680188179, 53.9382362366, -45.6364707947, 25.6673164368, 6.61036205292], [-363.74520874, 157.703369141, 209.050384521, 95.7369384766, 396.492248535, 166.372436523, 169.04107666, 18.5083866119, 57.9961395264, 20.3361587524, 75.8703155518, 65.012336731, 44.3264770508], [608.513000488, 26.5807418823, -21.9844818115, 88.1599884033, 166.372436523, 363.763671875, 168.366653442, 134.614852905, 38.6329574585, 55.1350326538, 52.838104248, 36.7280960083, 11.517745018], [-715.769775391, 137.809951782, 19.6654720306, -9.46772861481, 169.04107666, 168.366653442, 298.439208984, 141.084854126, 124.908546448, 54.2560691833, 87.7839202881, 30.6734313965, 23.0789432526], [-55.9480934143, -7.97715854645, -37.6728515625, 32.2824897766, 18.5083866119, 134.614852905, 141.084854126, 249.807815552, 134.373214722, 83.7489471436, 44.2161941528, 28.2380752563, 13.0372943878], [-826.804321289, 75.2572174072, 47.961894989, 2.1680188179, 57.9961395264, 38.6329574585, 124.908546448, 134.373214722, 195.147232056, 104.273178101, 92.9595413208, 27.6967449188, 23.3318519592], [160.336120605, -124.885627747, 7.97341871262, 53.9382362366, 20.3361587524, 55.1350326538, 54.2560691833, 83.7489471436, 104.273178101, 177.833633423, 101.639945984, 45.5667648315, 2.13247442245], [-869.475830078, 219.478652954, 5.37605619431, -45.6364707947, 75.8703155518, 52.838104248, 87.7839202881, 44.2161941528, 92.9595413208, 101.639945984, 222.031829834, 95.5844497681, 38.4720687866], [318.385070801, -20.1740570068, 48.9524765015, 25.6673164368, 65.012336731, 36.7280960083, 30.6734313965, 28.2380752563, 27.6967449188, 45.5667648315, 95.5844497681, 153.887268066, 72.0081939697], [-143.978851318, 119.763092041, 21.6488037109, 6.61036205292, 44.3264770508, 11.517745018, 23.0789432526, 13.0372943878, 23.3318519592, 2.13247442245, 38.4720687866, 72.0081939697, 109.693107605]],
        "icov": [[7.72628409322e-05, -2.5223710054e-06, 4.67878453492e-05, -0.00011164839816, 5.40853579878e-05, -0.000167579506524, 8.00956986495e-05, 3.9111582737e-06, 0.000276922481135, -0.000338320911396, 0.000490611535497, -0.000494857842568, 0.000180539820576], [-2.5223710054e-06, 0.000558737548999, -0.000142560529639, 0.000211895778193, -8.93954202184e-05, -6.63391765556e-05, 7.28715094738e-05, -0.000154855719302, -5.75664525968e-05, 0.000845198810566, -0.0011144404998, 0.00098948890809, -0.000814688333776], [4.67878453492e-05, -0.000142560529639, 0.00140104186721, -0.000738430651836, -0.000647792650852, 0.000330038601533, 0.000150891632074, 0.000363965227734, -0.000540006789379, -8.10571655165e-05, 0.00071567366831, -0.000959139200859, 0.000632223265711], [-0.00011164839816, 0.000211895778193, -0.000738430651836, 0.00310105923563, -0.000686277227942, -0.000405121565564, 0.000622912019026, -0.000468280428322, 6.06464782322e-05, -0.000843955494929, 0.000387130508898, 0.000673950824421, -0.000749262806494], [5.40853579878e-05, -8.93954202184e-05, -0.000647792650852, -0.000686277227942, 0.0052556139417, -0.00209733517841, -0.00234091817401, 0.0026704329066, -0.00125902332366, 0.000655571289826, 0.000198102221475, -0.00154865346849, -0.000188434656593], [-0.000167579506524, -6.63391765556e-05, 0.000330038601533, -0.000405121565564, -0.00209733517841, 0.00606329878792, -0.00191060069483, -0.00327996886335, 0.00299327005632, -0.000499040586874, -0.00159963173792, 0.00140671327244, -0.000174937420525], [8.00956986495e-05, 7.28715094738e-05, 0.000150891632074, 0.000622912019026, -0.00234091817401, -0.00191060069483, 0.00803218502551, -0.00231346394867, -0.00248609739356, 0.00105175562203, -0.000781857059337, 0.000521078240126, 0.000130346175865], [3.9111582737e-06, -0.000154855719302, 0.000363965227734, -0.000468280428322, 0.0026704329066, -0.00327996886335, -0.00231346394867, 0.010528197512, -0.00668603600934, -0.000534180551767, 0.00278503354639, -0.00263173738495, 0.000814660568722], [0.000276922481135, -5.75664525968e-05, -0.000540006789379, 6.06464782322e-05, -0.00125902332366, 0.00299327005632, -0.00248609739356, -0.00668603600934, 0.0164907462895, -0.00665895175189, -0.00105199823156, 0.00177690561395, -0.00213420181535], [-0.000338320911396, 0.000845198810566, -8.10571655165e-05, -0.000843955494929, 0.000655571289826, -0.000499040586874, 0.00105175562203, -0.000534180551767, -0.00665895175189, 0.0145311160013, -0.00758162559941, 0.00190460029989, 0.000872351287398], [0.000490611535497, -0.0011144404998, 0.00071567366831, 0.000387130508898, 0.000198102221475, -0.00159963173792, -0.000781857059337, 0.00278503354639, -0.00105199823156, -0.00758162559941, 0.0153721533716, -0.0101498914883, 0.00326020130888], [-0.000494857842568, 0.00098948890809, -0.000959139200859, 0.000673950824421, -0.00154865346849, 0.00140671327244, 0.000521078240126, -0.00263173738495, 0.00177690561395, 0.00190460029989, -0.0101498914883, 0.0186370816082, -0.00998941902071], [0.000180539820576, -0.000814688333776, 0.000632223265711, -0.000749262806494, -0.000188434656593, -0.000174937420525, 0.000130346175865, 0.000814660568722, -0.00213420181535, 0.000872351287398, 0.00326020130888, -0.00998941902071, 0.015984557569]]
    },
    "melbands": {
        "dmean": [0.00188881286886, 0.00147293624468, 0.00107048172504, 0.000539784086868, 0.000211370439501, 0.000150512816617, 0.000128127692733, 7.25194986444e-05, 6.34511816315e-05, 5.57851417398e-05, 0.000102447709651, 8.55431062519e-05, 8.33708763821e-05, 0.00010034978186, 9.77857489488e-05, 7.59161412134e-05, 5.49008691451e-05, 4.2778581701e-05, 3.40573242283e-05, 3.00807896565e-05, 2.26802803809e-05, 2.06794757105e-05, 1.53623186634e-05, 1.47249920701e-05, 1.03294332803e-05, 8.3299491962e-06, 9.15303007787e-06, 8.86217912921e-06, 8.70337044034e-06, 8.73983117344e-06, 7.78429057391e-06, 7.27148199076e-06, 6.65417837808e-06, 5.2828686421e-06, 4.69763790534e-06, 4.33822015111e-06, 4.95909489473e-06, 4.24412655775e-06, 4.37817743659e-06, 4.26433734901e-06],
        "dmean2": [0.00279980502091, 0.00209311489016, 0.001835412113, 0.000943190534599, 0.000360833073501, 0.000256661674939, 0.000216545377043, 0.000120211036119, 0.000108288353658, 9.35325006139e-05, 0.000176937115612, 0.000147464423208, 0.0001404187351, 0.000169813094544, 0.000163606469869, 0.000120347001939, 8.95536286407e-05, 7.16564682079e-05, 5.76672537136e-05, 5.08581470058e-05, 3.73677103198e-05, 3.45067201124e-05, 2.47614862019e-05, 2.40857953031e-05, 1.69843260664e-05, 1.35209620566e-05, 1.48153394548e-05, 1.41610044011e-05, 1.38089644679e-05, 1.40661240948e-05, 1.23716636153e-05, 1.17976478577e-05, 1.07068872239e-05, 8.58653311298e-06, 7.71267787059e-06, 7.15644273441e-06, 8.32032219478e-06, 7.0467117439e-06, 7.35761705073e-06, 7.07707204128e-06],
        "dvar": [1.19439273476e-05, 2.18563873204e-05, 1.35755908559e-05, 2.33661467064e-06, 2.93901734949e-07, 1.28143881284e-07, 6.20731199774e-08, 2.54547654066e-08, 2.47381386487e-08, 1.23754251291e-08, 6.15250286273e-08, 2.87271628707e-08, 2.29412151498e-08, 5.03918897721e-08, 3.87936829327e-08, 3.39593455578e-08, 2.37271180481e-08, 1.23262049456e-08, 7.28327487209e-09, 5.22896970168e-09, 2.30022534353e-09, 2.29054841761e-09, 8.58370707846e-10, 1.07014963557e-09, 3.66648267303e-10, 2.35021641037e-10, 2.51719339817e-10, 2.18917328709e-10, 2.37396657887e-10, 2.70359679089e-10, 1.93095983647e-10, 1.5296974798e-10, 1.21170934397e-10, 7.88268131324e-11, 6.94616447694e-11, 4.655969707e-11, 6.86930928806e-11, 4.07532167734e-11, 5.46112738364e-11, 4.67345433186e-11],
        "dvar2": [2.50982830039e-05, 4.55581612187e-05, 3.71504575014e-05, 6.46172429697e-06, 7.53729921144e-07, 3.43096473898e-07, 1.66563182802e-07, 6.62078605274e-08, 6.33143386608e-08, 3.2584235754e-08, 1.77721673822e-07, 8.03766226909e-08, 6.25010727617e-08, 1.43505701544e-07, 1.00581274864e-07, 6.90826382765e-08, 5.09128419424e-08, 3.03536005219e-08, 1.90576194825e-08, 1.34099726878e-08, 6.15258688441e-09, 6.34992014525e-09, 1.9494483805e-09, 2.70352829013e-09, 9.3496910214e-10, 5.92516369302e-10, 6.15610618038e-10, 5.33894206622e-10, 5.82977832675e-10, 7.30485005818e-10, 4.98504515445e-10, 3.97099853e-10, 3.18787191089e-10, 2.0122907507e-10, 1.79882927998e-10, 1.20067511489e-10, 1.86858195583e-10, 1.09189823849e-10, 1.52369256101e-10, 1.2077074063e-10],
        "max": [0.0360782444477, 0.056210488081, 0.0431360118091, 0.0151912234724, 0.0099768564105, 0.00653582485393, 0.00352415186353, 0.00322601175867, 0.00432052835822, 0.00163383211475, 0.00451938528568, 0.00249976618215, 0.00289808190428, 0.00305240601301, 0.00366064836271, 0.00412417436019, 0.00504094222561, 0.00516148610041, 0.00239115650766, 0.00195793458261, 0.000885665591341, 0.00173889810685, 0.000711739528924, 0.000604372296948, 0.000272497185506, 0.000214742918615, 0.000258079147898, 0.000266751652816, 0.000328149588313, 0.00021398399258, 0.000184644231922, 0.000183228607057, 0.00022738899861, 0.000155120855197, 0.000112609675853, 8.71276133694e-05, 0.000150168372784, 8.40349457576e-05, 0.000119262338558, 0.000103013575426],
        "mean": [0.00696292240173, 0.00227408856153, 0.00100926612504, 0.000561194203328, 0.000237636617385, 0.000194773019757, 0.000182521253009, 9.98758405331e-05, 9.52742993832e-05, 7.59952890803e-05, 0.000135007503559, 0.00010991201998, 0.000121087381558, 0.000139107287396, 0.000139995929203, 0.000124463957036, 7.93874860392e-05, 5.82189422857e-05, 4.51950108982e-05, 4.10982174799e-05, 3.57555072696e-05, 3.35551558237e-05, 2.6004630854e-05, 2.34133167396e-05, 1.59062165039e-05, 1.32860068334e-05, 1.44911036841e-05, 1.52646061906e-05, 1.50010237121e-05, 1.53957189468e-05, 1.39087323987e-05, 1.27938374135e-05, 1.14683280117e-05, 9.19452577364e-06, 7.99082135927e-06, 7.05007414581e-06, 6.88178306518e-06, 6.35680589767e-06, 6.8197678047e-06, 6.91133482178e-06],
        "median": [0.00428926711902, 0.00101907365024, 0.000198307287064, 0.000104983002529, 6.21617145953e-05, 6.11002033111e-05, 4.46966550953e-05, 3.00822739518e-05, 2.73799996648e-05, 2.97863316518e-05, 5.53916688659e-05, 5.16583095305e-05, 5.51867560716e-05, 6.03847729508e-05, 5.85406378377e-05, 3.75703675672e-05, 2.64642349066e-05, 2.37212661887e-05, 1.74419583345e-05, 1.85318240256e-05, 1.60800100275e-05, 1.74630331458e-05, 1.32186705741e-05, 1.07965115603e-05, 7.66823814047e-06, 6.55046324027e-06, 8.49725802254e-06, 9.43172381085e-06, 9.15445889405e-06, 9.0182375061e-06, 7.8795119407e-06, 7.63053049013e-06, 6.30742715657e-06, 4.89923877467e-06, 4.42379177912e-06, 3.99322425437e-06, 3.51979474544e-06, 3.5643222418e-06, 3.88718081012e-06, 3.75650643036e-06],
        "min": [1.14864951725e-24, 1.21558120962e-24, 1.83100473394e-24, 1.22514013303e-24, 1.47282963828e-24, 2.54029422573e-24, 2.16088762906e-24, 1.74473017218e-24, 7.78326407389e-25, 2.70111279037e-24, 2.40267803246e-24, 1.58619378213e-24, 2.4671342793e-24, 1.85636069559e-24, 2.70607314774e-24, 2.23490763109e-24, 2.4989113715e-24, 2.88648839778e-24, 3.24458017001e-24, 2.79745144235e-24, 2.62532968422e-24, 4.16593144755e-24, 5.58263806977e-24, 4.82886333103e-24, 3.4036508161e-24, 5.60533438687e-24, 5.52065490186e-24, 5.20785577573e-24, 5.46403362153e-24, 5.90804043216e-24, 4.2701072354e-24, 5.43763557463e-24, 5.24640228057e-24, 6.09170460584e-24, 6.10006061497e-24, 6.13995054994e-24, 5.07916495195e-24, 5.28644249353e-24, 6.7222064175e-24, 6.00814017571e-24],
        "var": [4.9755712098e-05, 3.09456590912e-05, 9.82308483799e-06, 2.12942109101e-06, 3.00113072171e-07, 1.41935132092e-07, 1.18386424219e-07, 3.52430546968e-08, 5.31094457301e-08, 1.63503486306e-08, 6.851365697e-08, 2.91054949031e-08, 3.19463531184e-08, 5.84234669532e-08, 5.41475344562e-08, 1.22511579548e-07, 5.26014218849e-08, 1.69120841775e-08, 8.2877873453e-09, 6.30781693545e-09, 3.55310003641e-09, 2.45988607261e-09, 2.13110085134e-09, 1.78307435483e-09, 5.60585911025e-10, 3.7546354914e-10, 4.06044864398e-10, 4.15279588495e-10, 4.26925439445e-10, 4.04262956444e-10, 3.36684624624e-10, 2.80551804011e-10, 2.23240786967e-10, 1.57433885373e-10, 1.14213909164e-10, 7.95643481655e-11, 8.6915169506e-11, 6.30032831461e-11, 7.46287476261e-11, 7.76666300717e-11]
    },
    "mfcc": {
        "mean": [-626.480102539, 81.8135528564, 7.8005657196, 9.09009742737, 11.0996332169, 18.882484436, 14.2547883987, 8.87634372711, 6.35119199753, 0.715442717075, 3.49570965767, 6.12079668045, 5.28066253662],
        "cov": [[13085.859375, -1970.84313965, -204.046722412, 389.431976318, 46.9490127563, 272.561157227, -43.4746780396, -68.3189544678, 151.924057007, -69.4948959351, -61.9087982178, -158.851272583, -221.679428101], [-1970.84313965, 2449.8371582, 197.562362671, -109.495292664, 102.011741638, 34.8053436279, 153.134979248, 109.742362976, -27.6174926758, -80.2615509033, -56.6001853943, 25.2473945618, 76.3251647949], [-204.046722412, 197.562362671, 638.093139648, 242.157958984, 140.5962677, 33.2297782898, -20.2752170563, 4.19837331772, 13.6741514206, 5.23428678513, 27.1089935303, 22.013967514, -10.0926446915], [389.431976318, -109.495292664, 242.157958984, 382.212921143, 125.823944092, 63.4186248779, -24.649230957, -15.9137773514, 23.8047084808, 1.85128939152, 18.4875278473, -0.75503963232, -5.71283340454], [46.9490127563, 102.011741638, 140.5962677, 125.823944092, 246.360122681, 125.847145081, 72.6556167603, 49.4868469238, 33.295173645, -11.5945167542, 28.1377086639, 46.4211120605, 17.4132175446], [272.561157227, 34.8053436279, 33.2297782898, 63.4186248779, 125.847145081, 230.90574646, 142.502990723, 75.3530349731, 41.0625801086, 23.4417533875, 49.3593673706, 42.5438537598, 17.5166778564], [-43.4746780396, 153.134979248, -20.2752170563, -24.649230957, 72.6556167603, 142.502990723, 221.787033081, 131.900878906, 58.3143615723, 41.4064216614, 58.3472824097, 63.2994003296, 45.9967880249], [-68.3189544678, 109.742362976, 4.19837331772, -15.9137773514, 49.4868469238, 75.3530349731, 131.900878906, 202.273468018, 107.416862488, 44.5614242554, 43.3109817505, 61.6887283325, 40.4996681213], [151.924057007, -27.6174926758, 13.6741514206, 23.8047084808, 33.295173645, 41.0625801086, 58.3143615723, 107.416862488, 176.705535889, 85.3490371704, 48.7577400208, 21.5030727386, 22.5892467499], [-69.4948959351, -80.2615509033, 5.23428678513, 1.85128939152, -11.5945167542, 23.4417533875, 41.4064216614, 44.5614242554, 85.3490371704, 190.125259399, 92.6827926636, 34.7668800354, 45.7551956177], [-61.9087982178, -56.6001853943, 27.1089935303, 18.4875278473, 28.1377086639, 49.3593673706, 58.3472824097, 43.3109817505, 48.7577400208, 92.6827926636, 157.481719971, 94.4235153198, 52.0742263794], [-158.851272583, 25.2473945618, 22.013967514, -0.75503963232, 46.4211120605, 42.5438537598, 63.2994003296, 61.6887283325, 21.5030727386, 34.7668800354, 94.4235153198, 163.772781372, 86.3032150269], [-221.679428101, 76.3251647949, -10.0926446915, -5.71283340454, 17.4132175446, 17.5166778564, 45.9967880249, 40.4996681213, 22.5892467499, 45.7551956177, 52.0742263794, 86.3032150269, 157.340148926]],
