{
"lowlevel": {
    "average_loudness": 0.569082558155,
    "barkbands_crest": {
        "dmean": 2.53366780281,
        "dmean2": 3.96430683136,
        "dvar": 6.21855926514,
        "dvar2": 15.0150585175,
        "max": 26.1135234833,
        "mean": 11.9479560852,
        "median": 11.5597629547,
        "min": 2.02942872047,
        "var": 24.7322864532
    },
    "barkbands_flatness_db": {
        "dmean": 0.0235146805644,
        "dmean2": 0.0352183133364,
        "dvar": 0.000535511993803,
        "dvar2": 0.00114410056267,
        "max": 0.394545048475,
        "mean": 0.155331999063,
        "median": 0.151093244553,
        "min": 0.0131158055738,
        "var": 0.00377172511071
    },
    "barkbands_kurtosis": {
        "dmean": 4.11664533615,
        "dmean2": 6.33244943619,
        "dvar": 51.8901519775,
        "dvar2": 128.149765015,
        "max": 247.007629395,
        "mean": 8.06200218201,
        "median": 2.58380651474,
        "min": -1.91348695755,
        "var": 324.543518066
    },
    "barkbands_skewness": {
        "dmean": 0.652682304382,
        "dmean2": 0.97598272562,
        "dvar": 0.478017568588,
        "dvar2": 1.02729523182,
        "max": 12.3280715942,
        "mean": 1.96170222759,
        "median": 1.58275926113,
        "min": -2.41434073448,
        "var": 2.93087053299
    },
    "barkbands_spread": {
        "dmean": 6.63129711151,
        "dmean2": 9.88446807861,
        "dvar": 93.0219802856,
        "dvar2": 199.285797119,
        "max": 118.254379272,
        "mean": 22.1280498505,
        "median": 16.3098983765,
        "min": 0.626891672611,
        "var": 307.490570068
    },
    "dissonance": {
        "dmean": 0.0192823950201,
        "dmean2": 0.032778441906,
        "dvar": 0.000449595478131,
        "dvar2": 0.0012590327533,
        "max": 0.499999970198,
        "mean": 0.464896470308,
        "median": 0.47675293684,
        "min": 0.249378576875,
        "var": 0.00122706254479
    },
    "dynamic_complexity": 5.20168161392,
    "erbbands_crest": {
        "dmean": 2.39618253708,
        "dmean2": 3.88393473625,
        "dvar": 5.24440956116,
        "dvar2": 12.8080034256,
        "max": 31.3953323364,
        "mean": 8.98223590851,
        "median": 7.70582437515,
        "min": 2.09282326698,
        "var": 24.8400936127
    },
    "erbbands_flatness_db": {
        "dmean": 0.0156665407121,
        "dmean2": 0.0236282106489,
        "dvar": 0.000234907012782,
        "dvar2": 0.00048578705173,
        "max": 0.380419433117,
        "mean": 0.152020007372,
        "median": 0.138799473643,
        "min": 0.0455551482737,
        "var": 0.00401691207662
    },
    "erbbands_kurtosis": {
        "dmean": 1.1761944294,
        "dmean2": 1.88388383389,
        "dvar": 2.77842712402,
        "dvar2": 7.19480657578,
        "max": 40.6132240295,
        "mean": 1.5410284996,
        "median": 0.551037311554,
        "min": -1.84573876858,
        "var": 10.5835523605
    },
    "erbbands_skewness": {
        "dmean": 0.353320866823,
        "dmean2": 0.542552769184,
        "dvar": 0.110268644989,
        "dvar2": 0.258886575699,
        "max": 4.69961595535,
        "mean": 0.386096686125,
        "median": 0.277889221907,
        "min": -3.81035971642,
        "var": 0.86601382494
    },
    "erbbands_spread": {
        "dmean": 8.63137054443,
        "dmean2": 13.2269010544,
        "dvar": 109.444831848,
        "dvar2": 223.295562744,
        "max": 168.809875488,
        "mean": 36.1132087708,
        "median": 30.781370163,
        "min": 3.22413372993,
        "var": 502.63973999
    },
    "hfc": {
        "dmean": 12.8499526978,
        "dmean2": 18.7335948944,
        "dvar": 1035.48657227,
        "dvar2": 2364.74243164,
        "max": 573.842529297,
        "mean": 33.9163513184,
        "median": 15.2232933044,
        "min": 1.06951965044e-16,
        "var": 2492.00561523
    },
    "melbands_crest": {
        "dmean": 3.41437268257,
        "dmean2": 5.51507902145,
        "dvar": 13.8723163605,
        "dvar2": 34.8513526917,
        "max": 38.5142707825,
        "mean": 19.4078922272,
        "median": 18.1416988373,
        "min": 1.44704258442,
        "var": 86.2873458862
    },
    "melbands_flatness_db": {
        "dmean": 0.028212601319,
        "dmean2": 0.0418438911438,
        "dvar": 0.000885196612217,
        "dvar2": 0.00186233932618,
        "max": 0.511082828045,
        "mean": 0.225096002221,
        "median": 0.224637269974,
        "min": 0.00137125176843,
        "var": 0.0061731217429
    },
    "melbands_kurtosis": {
        "dmean": 13.6719074249,
        "dmean2": 20.1760864258,
        "dvar": 693.133666992,
        "dvar2": 1403.16186523,
        "max": 779.191894531,
        "mean": 27.2629508972,
        "median": 8.31857395172,
        "min": -1.71878111362,
        "var": 2806.57202148
    },
    "melbands_skewness": {
        "dmean": 1.02726554871,
        "dmean2": 1.51378846169,
        "dvar": 1.45012784004,
        "dvar2": 2.92550563812,
        "max": 22.668428421,
        "mean": 3.42670202255,
        "median": 2.55382061005,
        "min": -1.70519161224,
        "var": 8.66375350952
    },
    "melbands_spread": {
        "dmean": 7.55218362808,
        "dmean2": 11.680355072,
        "dvar": 171.809112549,
        "dvar2": 427.868743896,
        "max": 238.907394409,
        "mean": 20.8057441711,
        "median": 15.7973966599,
        "min": 0.301180958748,
        "var": 388.752929688
    },
    "pitch_salience": {
        "dmean": 0.0765960738063,
        "dmean2": 0.1218996346,
        "dvar": 0.00594905205071,
        "dvar2": 0.0146186556667,
        "max": 0.958583831787,
        "mean": 0.483983337879,
        "median": 0.481067478657,
        "min": 0.0519322380424,
        "var": 0.0287738125771
    },
    "silence_rate_20dB": {
        "dmean": 0,
        "dmean2": 0,
        "dvar": 0,
        "dvar2": 0,
        "max": 1,
        "mean": 1,
        "median": 1,
        "min": 1,
        "var": 0
    },
    "silence_rate_30dB": {
        "dmean": 0.0563415884972,
        "dmean2": 0.112697407603,
        "dvar": 0.0531669892371,
        "dvar2": 0.119449406862,
        "max": 1,
        "mean": 0.822533786297,
        "median": 1,
        "min": 0,
        "var": 0.145973280072
    },
    "silence_rate_60dB": {
        "dmean": 0.0149065181613,
        "dmean2": 0.0298168044537,
        "dvar": 0.0146833974868,
        "dvar2": 0.0344833172858,
        "max": 1,
        "mean": 0.151067316532,
        "median": 0,
        "min": 0,
        "var": 0.128251969814
    },
    "spectral_centroid": {
        "dmean": 228.179290771,
        "dmean2": 353.213470459,
        "dvar": 95933.7265625,
        "dvar2": 200011.65625,
        "max": 11696.7929688,
        "mean": 1443.42272949,
        "median": 1112.19934082,
        "min": 179.648910522,
        "var": 949629.8125
    },
    "spectral_complexity": {
        "dmean": 3.72233462334,
        "dmean2": 5.5570435524,
        "dvar": 23.2001361847,
        "dvar2": 44.9932518005,
        "max": 71,
        "mean": 21.0586090088,
        "median": 19,
        "min": 0,
        "var": 214.847412109
    },
    "spectral_decrease": {
        "dmean": 3.18820081446e-09,
        "dmean2": 4.7363450939e-09,
        "dvar": 3.06456454142e-17,
        "dvar2": 5.88734352805e-17,
        "max": 1.36381479005e-28,
        "mean": -1.17738903072e-08,
        "median": -7.28453430909e-09,
        "min": -7.6841715213e-08,
        "var": 1.65029943743e-16
    },
    "spectral_energy": {
        "dmean": 0.0120363924652,
        "dmean2": 0.0178449284285,
        "dvar": 0.000429592299042,
        "dvar2": 0.000817123625893,
        "max": 0.295589864254,
        "mean": 0.0475135482848,
        "median": 0.0298561342061,
        "min": 1.01418902383e-20,
        "var": 0.00260396604426
    },
    "spectral_energyband_high": {
        "dmean": 0.00115277140867,
        "dmean2": 0.00171536335256,
        "dvar": 1.15221519081e-05,
        "dvar2": 2.61654076894e-05,
        "max": 0.0609161257744,
        "mean": 0.00239709462039,
        "median": 0.000277586077573,
        "min": 7.26651834058e-21,
        "var": 2.29619818128e-05
    },
    "spectral_energyband_low": {
        "dmean": 0.0110219251364,
        "dmean2": 0.0164844784886,
        "dvar": 0.000486972276121,
        "dvar2": 0.000995629583485,
        "max": 0.260474830866,
        "mean": 0.0321877524257,
        "median": 0.0117887752131,
        "min": 2.17546349089e-23,
        "var": 0.00191125890706
    },
    "spectral_energyband_middle_high": {
        "dmean": 0.00249696406536,
        "dmean2": 0.00376210245304,
        "dvar": 2.44932180067e-05,
        "dvar2": 5.56655904802e-05,
        "max": 0.0960516035557,
        "mean": 0.00575085543096,
        "median": 0.00370881776325,
        "min": 1.18123542223e-21,
        "var": 5.46411429241e-05
    },
    "spectral_energyband_middle_low": {
        "dmean": 0.00337194581516,
        "dmean2": 0.00554916961119,
        "dvar": 5.58767969778e-05,
        "dvar2": 0.000153379864059,
        "max": 0.117736920714,
        "mean": 0.00745397573337,
        "median": 0.00587644381449,
        "min": 2.14331437978e-22,
        "var": 6.67836575303e-05
    },
    "spectral_entropy": {
        "dmean": 0.129642948508,
        "dmean2": 0.196263507009,
        "dvar": 0.0172860920429,
        "dvar2": 0.0364430136979,
        "max": 9.81658554077,
        "mean": 7.69813680649,
        "median": 7.6570892334,
        "min": 5.82803344727,
        "var": 0.300746053457
    },
    "spectral_flux": {
        "dmean": 0.0262769162655,
        "dmean2": 0.0420864671469,
        "dvar": 0.00177147903014,
        "dvar2": 0.00396380200982,
        "max": 0.509353280067,
        "mean": 0.0874499604106,
        "median": 0.0730713233352,
        "min": 6.38627553617e-11,
        "var": 0.00494778435677
    },
    "spectral_kurtosis": {
        "dmean": 1.4925044775,
        "dmean2": 2.48079609871,
        "dvar": 3.97887063026,
        "dvar2": 11.3049116135,
        "max": 33.8634681702,
        "mean": 4.99706888199,
        "median": 3.96246242523,
        "min": -1.24179434776,
        "var": 17.5202732086
    },
    "spectral_rms": {
        "dmean": 0.000780685746577,
        "dmean2": 0.0011727665551,
        "dvar": 1.18890193335e-06,
        "dvar2": 2.37421545535e-06,
        "max": 0.0169817656279,
        "mean": 0.00571006629616,
        "median": 0.00539703015238,
        "min": 3.14555673175e-12,
        "var": 1.37497818287e-05
    },
    "spectral_rolloff": {
        "dmean": 619.324707031,
        "dmean2": 998.429504395,
        "dvar": 1623152.625,
        "dvar2": 3600541.25,
        "max": 19422.9492188,
        "mean": 1457.49902344,
        "median": 839.794921875,
        "min": 43.06640625,
        "var": 4439208
    },
    "spectral_skewness": {
        "dmean": 0.192217990756,
        "dmean2": 0.31082624197,
        "dvar": 0.0385175086558,
        "dvar2": 0.0996173322201,
        "max": 4.1576628685,
        "mean": 1.70839500427,
        "median": 1.68325459957,
        "min": -0.0849579647183,
        "var": 0.341149270535
    },
    "spectral_spread": {
        "dmean": 609239.4375,
        "dmean2": 933235,
        "dvar": 965310676992,
        "dvar2": 1.91031790797e+12,
        "max": 41941972,
        "mean": 5369078,
        "median": 5205533,
        "min": 1593732.875,
        "var": 8.48617642394e+12
    },
    "spectral_strongpeak": {
        "dmean": 0.278587520123,
        "dmean2": 0.46938470006,
        "dvar": 0.299056619406,
        "dvar2": 0.738750934601,
        "max": 14.5680379868,
        "mean": 0.545201599598,
        "median": 0.407563894987,
        "min": 0,
        "var": 0.452633589506
    },
    "zerocrossingrate": {
        "dmean": 0.0125078586861,
        "dmean2": 0.0150142014027,
        "dvar": 0.000288118026219,
        "dvar2": 0.000376857700758,
        "max": 0.8203125,
        "mean": 0.0601409301162,
        "median": 0.04541015625,
        "min": 0.00146484375,
        "var": 0.00343439169228
    },
    "barkbands": {
        "dmean": [0.00173480040394, 0.00895164720714, 0.00344587885775, 0.000968136650044, 0.00124457175843, 0.000919718586374, 0.000451347645139, 0.000377889489755, 0.000953958369792, 0.000456217239844, 0.000543340691365, 0.000635736912955, 0.00056990631856, 0.000430039945059, 0.000288990064291, 0.000286784750642, 0.000225196956308, 0.000214199186303, 0.000181286246516, 0.00018039868155, 0.000164176381077, 0.000176193687366, 0.00022090463608, 0.000307137292111, 0.000250664481428, 0.000162827636814, 5.37465894013e-06],
        "dmean2": [0.00274816970341, 0.0131388409063, 0.00597548810765, 0.0016899012262, 0.00206844019704, 0.00154498545453, 0.000726069207303, 0.000631831935607, 0.00147384312004, 0.000729545310605, 0.000891286879778, 0.00099568197038, 0.00097276258748, 0.000712952052709, 0.000480670423713, 0.000457738933619, 0.000375074421754, 0.000361062877346, 0.000305391324218, 0.000297363643767, 0.0002672659175, 0.000281534972601, 0.000346006796462, 0.000478198664496, 0.000396812800318, 0.000257789244642, 8.90003957466e-06],
        "dvar": [1.81415452971e-05, 0.000376846379368, 0.000134241650812, 7.67194978835e-06, 7.20542493582e-06, 5.22247273693e-06, 9.96851440505e-07, 7.24558105958e-07, 3.27669158651e-06, 9.40107781844e-07, 1.05703941244e-06, 4.54602513855e-06, 2.27385999096e-06, 1.1226877632e-06, 3.90792507687e-07, 7.7272670751e-07, 2.50448493944e-07, 4.26331553172e-07, 2.73100624781e-07, 2.33921426229e-07, 1.65010447972e-07, 2.08394254742e-07, 5.40826590623e-07, 1.37058680139e-06, 5.88134923873e-07, 4.6309321533e-07, 3.82360421103e-10],
        "dvar2": [4.44712641183e-05, 0.000711198605131, 0.000384047074476, 2.18820096052e-05, 1.95160591829e-05, 1.42920971484e-05, 2.57297074313e-06, 1.94328754333e-06, 7.63493972045e-06, 2.22183803089e-06, 2.70563623417e-06, 1.00648803709e-05, 6.44909050607e-06, 2.90976208817e-06, 1.02884234821e-06, 1.75740535724e-06, 6.37178970919e-07, 1.0944359019e-06, 7.40064479032e-07, 6.16750241988e-07, 4.2111648213e-07, 5.08856828674e-07, 1.25253336591e-06, 3.23179028783e-06, 1.48915796672e-06, 1.23607617297e-06, 9.51387524317e-10],
        "max": [0.0789020434022, 0.235551282763, 0.155361056328, 0.0612730197608, 0.0389867834747, 0.0280025303364, 0.0233633127064, 0.0151913315058, 0.0389716848731, 0.0229724664241, 0.0154598522931, 0.0824043601751, 0.0297595523298, 0.0135849062353, 0.0120593085885, 0.0300542041659, 0.011984446086, 0.02175665088, 0.00897677056491, 0.00938657578081, 0.00661196839064, 0.00828335620463, 0.0149846160784, 0.0244007408619, 0.0136284949258, 0.0173655040562, 0.000333852309268],
        "mean": [0.0053812568076, 0.0227263811976, 0.00391693459824, 0.00117016746663, 0.00183479569387, 0.00126903399359, 0.000726210710127, 0.000515527906828, 0.00171820155811, 0.000684781349264, 0.000797937507741, 0.000919450772926, 0.000801485730335, 0.000596510421019, 0.000415304093622, 0.00047113961773, 0.000372394744772, 0.000343811843777, 0.000304397544824, 0.000314730219543, 0.00030247864197, 0.000320023129461, 0.000366612221114, 0.000535623694304, 0.00043478718726, 0.000267504743533, 5.9146473177e-06],
        "median": [0.000298450118862, 0.00572575535625, 0.000823037349619, 0.00037506420631, 0.000856487604324, 0.000637909804936, 0.000250109413173, 0.000223298120545, 0.000669545610435, 0.000337642268278, 0.000309115101118, 0.000302183208987, 0.000334358599503, 0.000228359669563, 0.000168703118106, 0.00015842251014, 0.000102137761132, 0.000107044237666, 6.09479320701e-05, 6.32135997876e-05, 6.0891819885e-05, 3.17204212479e-05, 4.54312794318e-05, 2.36051091633e-05, 2.60507658822e-05, 1.53710716404e-05, 1.18440091512e-07],
        "min": [1.05074458195e-24, 2.2647640442e-24, 1.28762314293e-24, 1.74586258201e-24, 1.2548667588e-23, 7.34754434568e-24, 1.09230382548e-23, 1.41518475176e-23, 1.25514033576e-23, 2.57427748578e-23, 2.03385380762e-23, 3.89945115721e-23, 3.08169964129e-23, 3.07911596405e-23, 3.72228814403e-23, 7.33756320419e-23, 7.37003208796e-23, 1.24710061252e-22, 1.32426648139e-22, 2.14704840554e-22, 2.65982970338e-22, 3.63769436087e-22, 4.62531539759e-22, 6.08811393188e-22, 9.46149520841e-22, 1.3172060627e-21, 2.019649717e-21],
        "var": [0.000105080522189, 0.00120118120685, 9.86545783235e-05, 6.32566798231e-06, 9.53207563725e-06, 5.13101804245e-06, 1.6591388885e-06, 8.79696983702e-07, 8.10936762718e-06, 1.44140892644e-06, 1.89759964542e-06, 7.92349328549e-06, 2.2336046186e-06, 1.35317520744e-06, 5.52505866835e-07, 1.49966683693e-06, 4.91494347443e-07, 5.20498929291e-07, 3.43588283158e-07, 3.62205867077e-07, 2.95589131838e-07, 3.98658102085e-07, 7.40425150525e-07, 2.03352624339e-06, 9.1442620942e-07, 5.00264093262e-07, 4.26912005747e-10]
    },
    "erbbands": {
        "dmean": [0.40324395895, 1.6000623703, 3.54883575439, 3.61920642853, 3.32564735413, 4.45791339874, 6.70653629303, 7.86489057541, 5.90274620056, 6.38379049301, 9.921833992, 17.7385520935, 22.1662483215, 17.0668334961, 22.4373836517, 20.9315395355, 22.0664196014, 25.1268863678, 16.4558582306, 13.1405858994, 16.3039512634, 12.2559890747, 11.5744371414, 9.55164527893, 9.36702251434, 8.59583187103, 7.34003782272, 6.00898265839, 6.25049352646, 6.56464624405, 6.49738311768, 7.28761386871, 4.60593318939, 2.7868180275, 1.83188974857, 0.806902527809, 0.300409018993, 0.0427364446223, 0.000829491880722, 4.03090853069e-05],
        "dmean2": [0.598873794079, 2.40384054184, 6.1055560112, 6.19130563736, 5.30474567413, 7.65509080887, 11.5886116028, 13.2397289276, 9.76501655579, 10.4525156021, 16.1062145233, 27.9441585541, 34.022064209, 27.1875171661, 36.8239135742, 32.5496940613, 37.3132286072, 42.173034668, 27.3208503723, 21.5523395538, 26.1603813171, 20.1227912903, 19.4193019867, 16.0238742828, 15.7485542297, 14.2782335281, 12.1387968063, 9.64814758301, 10.0494918823, 10.5186910629, 10.164973259, 11.3661832809, 7.33244132996, 4.48594856262, 2.88739299774, 1.26759672165, 0.483860552311, 0.0683567151427, 0.00130484998226, 6.16229444859e-05],
        "dvar": [0.743198156357, 17.5348567963, 134.320220947, 126.384986877, 42.9420967102, 109.384796143, 552.905883789, 276.946289062, 178.433425903, 166.057632446, 465.423187256, 994.499450684, 2224.81958008, 940.794006348, 2574.65429688, 4527.40820312, 2904.72290039, 4987.93945312, 1422.97180176, 896.540161133, 3054.234375, 760.981689453, 778.199829102, 856.100463867, 742.92376709, 544.891601562, 369.305297852, 215.369400024, 261.735443115, 361.185089111, 470.929412842, 710.30255127, 349.126922607, 80.6075668335, 30.5243606567, 6.42169189453, 2.39335179329, 0.029667314142, 9.98907580652e-06, 1.6207978959e-08],
        "dvar2": [1.59584522247, 29.8842067719, 380.037261963, 358.530822754, 101.604156494, 309.59274292, 1532.46691895, 773.330932617, 476.963623047, 426.290130615, 1190.52441406, 2416.05883789, 5325.76220703, 2288.48779297, 6429.24267578, 9764.18164062, 8105.09570312, 13731.9726562, 3792.96264648, 2230.99926758, 6849.35058594, 1860.89794922, 2019.81396484, 2209.04907227, 1999.92260742, 1453.47375488, 991.570068359, 520.041442871, 649.508239746, 857.740600586, 1098.02868652, 1641.08398438, 855.120361328, 202.321960449, 77.3850250244, 16.205329895, 6.63163042068, 0.0773789659142, 2.53639482253e-05, 3.99747968061e-08],
        "max": [9.10896205902, 55.3583641052, 166.28414917, 199.834228516, 114.335762024, 145.451187134, 346.329376221, 198.614227295, 220.858001709, 268.796478271, 455.379516602, 416.282470703, 1615.17932129, 611.212463379, 1437.54309082, 2576.51489258, 1134.53198242, 1247.47399902, 563.698791504, 476.259613037, 1938.24230957, 720.95098877, 505.166900635, 880.139465332, 548.073242188, 493.497039795, 359.06463623, 291.293182373, 362.5519104, 369.909210205, 496.929626465, 497.071868896, 449.924163818, 208.29788208, 94.2010040283, 50.9055862427, 42.4020957947, 4.41324472427, 0.0728705599904, 0.00296810991131],
        "mean": [1.15395987034, 3.13895153999, 4.48702096939, 4.57666349411, 5.23464727402, 5.94092035294, 7.70021152496, 11.3945064545, 9.49013805389, 10.1688127518, 15.3307113647, 30.8971290588, 38.0220832825, 28.3807868958, 33.20520401, 32.3500366211, 33.3353004456, 36.1394309998, 24.0296363831, 21.2071666718, 27.734457016, 21.8507213593, 19.2871017456, 16.2191944122, 15.5651569366, 14.8702230453, 13.1841106415, 11.2913007736, 11.169965744, 11.3036680222, 10.6691122055, 12.2764787674, 7.82640695572, 4.86706113815, 3.07667613029, 1.34175884724, 0.455050081015, 0.0628960207105, 0.00133084040135, 0.000113120673632],
        "median": [0.199648171663, 0.886289894581, 1.21779060364, 1.59338951111, 1.93578636646, 2.90353679657, 3.52707457542, 5.24796772003, 4.05890893936, 4.51827907562, 7.15294504166, 14.0346603394, 16.0109539032, 14.5166072845, 13.2925481796, 12.0110054016, 15.3368339539, 14.7410736084, 10.1221246719, 8.72636604309, 9.11739063263, 6.07453536987, 6.30475473404, 3.72640156746, 3.6063272953, 2.77279758453, 2.69325113297, 1.84504055977, 1.17615532875, 1.20157420635, 1.22007596493, 0.662568509579, 0.354102730751, 0.270228922367, 0.17208455503, 0.0779273211956, 0.0244647227228, 0.00302806915715, 8.09265839052e-05, 4.46166741312e-05],
        "min": [1.15557873734e-22, 2.28569077274e-22, 1.18304114377e-21, 5.67660652131e-21, 1.94303465731e-20, 5.44036430382e-20, 3.58083352935e-20, 1.48097796486e-19, 1.38560468647e-19, 2.90945193281e-19, 4.00284795931e-19, 4.8584934077e-19, 9.40389378368e-19, 6.68218677601e-19, 1.38942251274e-18, 1.57412253434e-18, 1.77241747611e-18, 1.67331472467e-18, 3.59677279569e-18, 3.24355612758e-18, 4.80969047535e-18, 4.39198122321e-18, 6.76196079806e-18, 6.5573212776e-18, 8.2411177248e-18, 9.46555513526e-18, 1.05567445024e-17, 1.14742548922e-17, 1.24386225821e-17, 1.37143948214e-17, 1.24346198552e-17, 1.06210189175e-17, 9.88154674685e-18, 9.64965079803e-18, 6.03106814471e-18, 5.03726440547e-18, 2.38339065413e-18, 9.32860794022e-19, 2.66778026011e-19, 2.98672462532e-20],
        "var": [3.11013913155, 40.9003486633, 114.102920532, 102.060676575, 81.5552749634, 104.285804749, 407.372406006, 355.717132568, 242.371795654, 266.193817139, 706.318908691, 2043.78674316, 4438.87841797, 2107.03149414, 3949.82226562, 8449.83007812, 3161.21313477, 5071.71728516, 1846.61083984, 1424.11022949, 5978.77392578, 1651.71728516, 1160.41516113, 1087.54968262, 938.899963379, 830.881103516, 577.282165527, 434.24899292, 487.03314209, 565.235778809, 642.982788086, 1120.44165039, 437.325378418, 120.852630615, 47.2952041626, 9.3370513916, 2.04102921486, 0.0331793501973, 1.28891351778e-05, 3.41955477268e-08]
    },
    "gfcc": {
        "mean": [-32.4328765869, 75.5107116699, -109.200805664, 19.4890556335, -56.1398925781, 24.0486431122, -32.6453437805, 10.9809818268, -23.7167644501, 6.62360048294, -20.3760585785, 4.71713352203, -10.3449678421],
        "cov": [[30956.5566406, -887.391235352, 472.809295654, 2842.04858398, 1107.47680664, 1729.42321777, -298.168212891, 1228.34204102, -348.593536377, 231.613739014, 131.370223999, 284.37298584, -359.882446289], [-887.391235352, 2513.171875, -368.442047119, -357.908416748, 135.770889282, -339.400726318, 130.047393799, -277.905273438, 103.550415039, -221.554779053, 25.4643115997, -185.212432861, 45.7156066895], [472.809295654, -368.442047119, 1606.10388184, 692.050048828, 406.695007324, 482.763244629, 124.369239807, 415.050018311, 131.087295532, 270.993865967, 164.222610474, 191.644958496, 14.9287185669], [2842.04858398, -357.908416748, 692.050048828, 975.800476074, 522.760498047, 377.841888428, 98.2066726685, 317.269744873, 64.1643447876, 96.9276046753, 141.413589478, 86.685043335, -9.65239143372], [1107.47680664, 135.770889282, 406.695007324, 522.760498047, 573.334960938, 274.63684082, 163.561203003, 218.703903198, 96.2792892456, 35.2634544373, 147.523147583, 26.1126899719, 19.1488323212], [1729.42321777, -339.400726318, 482.763244629, 377.841888428, 274.63684082, 478.52633667, 176.676940918, 283.619750977, 55.7863769531, 137.193984985, 83.5970077515, 80.6062545776, 7.98658561707], [-298.168212891, 130.047393799, 124.369239807, 98.2066726685, 163.561203003, 176.676940918, 274.036956787, 152.146026611, 99.0729217529, 31.4262428284, 66.1699676514, 10.0928936005, 30.0807228088], [1228.34204102, -277.905273438, 415.050018311, 317.269744873, 218.703903198, 283.619750977, 152.146026611, 342.711212158, 101.455299377, 112.94355011, 83.0183334351, 78.5858764648, 3.2705476284], [-348.593536377, 103.550415039, 131.087295532, 64.1643447876, 96.2792892456, 55.7863769531, 99.0729217529, 101.455299377, 152.020706177, 70.5826568604, 62.1680183411, 11.6730442047, 25.4625282288], [231.613739014, -221.554779053, 270.993865967, 96.9276046753, 35.2634544373, 137.193984985, 31.4262428284, 112.94355011, 70.5826568604, 207.318588257, 69.5033874512, 54.9013633728, 10.8234739304], [131.370223999, 25.4643115997, 164.222610474, 141.413589478, 147.523147583, 83.5970077515, 66.1699676514, 83.0183334351, 62.1680183411, 69.5033874512, 143.345596313, 51.5891189575, 21.3749675751], [284.37298584, -185.212432861, 191.644958496, 86.685043335, 26.1126899719, 80.6062545776, 10.0928936005, 78.5858764648, 11.6730442047, 54.9013633728, 51.5891189575, 117.115653992, 25.7683982849], [-359.882446289, 45.7156066895, 14.9287185669, -9.65239143372, 19.1488323212, 7.98658561707, 30.0807228088, 3.2705476284, 25.4625282288, 10.8234739304, 21.3749675751, 25.7683982849, 77.3595123291]],
        "icov": [[0.000137359122164, -0.000233645318076, 0.000375254981918, -0.000484477845021, 0.000248953787377, -0.000667412881739, 0.000735641398933, -0.000653930823319, 0.000390799861634, -0.000127875100588, 7.21479082131e-05, -0.000267363822786, 0.000351474154741], [-0.000233645318076, 0.00110950414091, -0.000810388068203, 0.00115788530093, -0.000948407279793, 0.00151384877972, -0.00170425453689, 0.00173807493411, -0.0012202138314, 0.000753875181545, -0.000434389803559, 0.00105693063233, -0.000709946150891], [0.000375254981918, -0.000810388068203, 0.0023574505467, -0.00181057432201, 0.000510196434334, -0.00224022706971, 0.00236881361343, -0.00224663619883, 0.000889101589564, -0.00131837895606, 0.00067263818346, -0.00200926885009, 0.00119788595475], [-0.000484477845021, 0.00115788530093, -0.00181057432201, 0.00465509435162, -0.00312444847077, 0.00203858618625, -0.00178285222501, 0.00160836533178, -0.00112004205585, 0.00088706985116, -0.000552614743356, 0.00099803507328, -0.000754870707169], [0.000248953787377, -0.000948407279793, 0.000510196434334, -0.00312444847077, 0.00641520833597, -0.0029314076528, 0.0012803444406, -0.00178444059566, -5.11940379511e-05, 0.00185747235082, -0.00348327495158, 0.00179465359543, -0.000355799827958], [-0.000667412881739, 0.00151384877972, -0.00224022706971, 0.00203858618625, -0.0029314076528, 0.0100183300674, -0.00669864844531, 0.000955369439907, 0.00117403839249, -0.00216856133193, 0.00118226069026, 0.000612596864812, -0.00167087907903], [0.000735641398933, -0.00170425453689, 0.00236881361343, -0.00178285222501, 0.0012803444406, -0.00669864844531, 0.0120297251269, -0.00572386896238, -0.000939323275816, 0.00131383305416, -0.00125870737247, 9.44149724091e-05, 0.000130457425257], [-0.000653930823319, 0.00173807493411, -0.00224663619883, 0.00160836533178, -0.00178444059566, 0.000955369439907, -0.00572386896238, 0.0124852471054, -0.00579685531557, 0.000634697498754, 0.000590681855101, -0.00146682222839, 0.000750492617954], [0.000390799861634, -0.0012202138314, 0.000889101589564, -0.00112004205585, -5.11940379511e-05, 0.00117403839249, -0.000939323275816, -0.00579685531557, 0.0150370299816, -0.00479348748922, -0.00134238263126, 0.00136876408942, -0.00163415377028], [-0.000127875100588, 0.000753875181545, -0.00131837895606, 0.00088706985116, 0.00185747235082, -0.00216856133193, 0.00131383305416, 0.000634697498754, -0.00479348748922, 0.0104641998187, -0.0043289125897, 0.0011358683696, -0.000517448061146], [7.21479082131e-05, -0.000434389803559, 0.00067263818346, -0.000552614743356, -0.00348327495158, 0.00118226069026, -0.00125870737247, 0.000590681855101, -0.00134238263126, -0.0043289125897, 0.0147678814828, -0.00637219613418, 0.000687821011525], [-0.000267363822786, 0.00105693063233, -0.00200926885009, 0.00099803507328, 0.00179465359543, 0.000612596864812, 9.44149724091e-05, -0.00146682222839, 0.00136876408942, 0.0011358683696, -0.00637219613418, 0.0171056799591, -0.00638494314626], [0.000351474154741, -0.000709946150891, 0.00119788595475, -0.000754870707169, -0.000355799827958, -0.00167087907903, 0.000130457425257, 0.000750492617954, -0.00163415377028, -0.000517448061146, 0.000687821011525, -0.00638494314626, 0.0173810906708]]
    },
    "melbands": {
        "dmean": [0.00293037225492, 0.00168099603616, 0.000589919975027, 0.000271419121418, 0.000228648350458, 0.000170744242496, 9.19560261536e-05, 7.05566490069e-05, 8.65718029672e-05, 0.000129734107759, 0.000112329493277, 6.77911593812e-05, 6.93668334861e-05, 8.430609887e-05, 4.00826756959e-05, 6.41003789497e-05, 4.52586682513e-05, 2.86537688226e-05, 2.18430923269e-05, 1.73286407517e-05, 2.01434359042e-05, 1.35355339808e-05, 1.22259216369e-05, 1.05324088508e-05, 8.0582440205e-06, 7.44757517168e-06, 6.95255812388e-06, 5.83763539908e-06, 4.88213436256e-06, 4.58919430457e-06, 3.47236118614e-06, 3.78617210117e-06, 3.65417827197e-06, 3.92001720684e-06, 3.7996305764e-06, 4.17011415266e-06, 4.71204930363e-06, 3.38400218425e-06, 3.01479553855e-06, 2.25738244808e-06],
        "dmean2": [0.00435537053272, 0.00274830823764, 0.000994670088403, 0.000445921294158, 0.000395736366045, 0.000286059774226, 0.000150000530994, 0.000116845876619, 0.000139312527608, 0.000202499766601, 0.000172713058419, 0.000108284031739, 0.000115268077934, 0.000132780347485, 6.54732139083e-05, 0.000110298409709, 7.57870293455e-05, 4.80316230096e-05, 3.62017417501e-05, 2.83085937554e-05, 3.25094770233e-05, 2.22271937673e-05, 2.08076617128e-05, 1.77220372279e-05, 1.35193931783e-05, 1.27027569761e-05, 1.16497867566e-05, 9.74609156401e-06, 8.15630210127e-06, 7.66270841268e-06, 5.61822707823e-06, 6.22274274065e-06, 5.90753325014e-06, 6.32266664979e-06, 6.07281663179e-06, 6.4961877797e-06, 7.43828331906e-06, 5.43557553101e-06, 4.92190611112e-06, 3.6925389395e-06],
        "dvar": [3.91710054828e-05, 2.27998789342e-05, 2.89578974844e-06, 2.4905580176e-07, 6.28048724138e-07, 1.37872675054e-07, 4.11737559602e-08, 2.13695585671e-08, 3.48032500597e-08, 5.70898812668e-08, 5.65576314671e-08, 1.44844642946e-08, 1.86148287895e-08, 9.5906898423e-08, 8.06144839771e-09, 3.4259223014e-08, 1.52355532634e-08, 4.69784877666e-09, 2.22576956865e-09, 1.72148917343e-09, 4.77584372049e-09, 9.31252241987e-10, 8.71271610414e-10, 1.23851129352e-09, 5.63380786467e-10, 4.71283123638e-10, 3.79384301752e-10, 2.43412734413e-10, 1.58144053408e-10, 1.45484818637e-10, 7.36413638402e-11, 9.7281509237e-11, 9.4498006642e-11, 1.42045042395e-10, 1.5084779259e-10, 2.06525255231e-10, 3.11071030046e-10, 1.71868949628e-10, 1.56649693217e-10, 4.68093862283e-11],
        "dvar2": [7.901347999e-05, 5.61281776754e-05, 8.16324791231e-06, 6.43970508918e-07, 1.74474394044e-06, 3.80735855288e-07, 1.08513575015e-07, 5.63327411385e-08, 8.63391775852e-08, 1.36420936769e-07, 1.34697828003e-07, 3.51860762748e-08, 4.9079964981e-08, 2.14680355271e-07, 2.05541752507e-08, 9.80998464684e-08, 4.12140686024e-08, 1.24349108788e-08, 5.63202195991e-09, 4.11714839998e-09, 1.08201421156e-08, 2.27052732171e-09, 2.37105801659e-09, 3.17769077718e-09, 1.4706476037e-09, 1.28230959184e-09, 1.01375585704e-09, 6.52310983007e-10, 4.27242741186e-10, 3.91866622484e-10, 1.78879105972e-10, 2.52949466928e-10, 2.33323110832e-10, 3.35334482404e-10, 3.52623874544e-10, 4.80334827468e-10, 7.37039207444e-10, 4.212054594e-10, 3.97066240998e-10, 1.20371768109e-10],
        "max": [0.0642088800669, 0.0713430643082, 0.0293153617531, 0.009650753811, 0.0115187400952, 0.00411327090114, 0.00412776926532, 0.00245460285805, 0.00401917099953, 0.00425806222484, 0.00787523947656, 0.00234764488414, 0.00227816402912, 0.0123716760427, 0.00192471640185, 0.00366045883857, 0.00203705322929, 0.00128502922598, 0.00111122371163, 0.000955722411163, 0.00237259897403, 0.000881049025338, 0.000499912537634, 0.00105615507346, 0.000711886794306, 0.00039454177022, 0.000320011662552, 0.000324018648826, 0.000257315579802, 0.000152068751049, 0.000181342838914, 0.000231636731769, 0.000167646096088, 0.000222232090891, 0.000278814171907, 0.00028678754461, 0.00035643755109, 0.0003014394606, 0.000373549439246, 0.000123517762404],
        "mean": [0.0082067232579, 0.00289756874554, 0.000829237105791, 0.000407965737395, 0.000268117844826, 0.000246676499955, 0.000152069260366, 0.000107675303298, 0.000130885426188, 0.000226763280807, 0.000188909034478, 0.000109054046334, 0.000102545964182, 0.000118627729535, 5.85243433306e-05, 8.93337637535e-05, 6.25088432571e-05, 3.89111737604e-05, 3.16306432069e-05, 2.75011261692e-05, 3.25364235323e-05, 2.24719315156e-05, 1.89026086446e-05, 1.62741634995e-05, 1.26684353745e-05, 1.1638304386e-05, 1.07823825601e-05, 9.63735692494e-06, 8.33658032207e-06, 7.41518942959e-06, 6.19770753474e-06, 6.33973832009e-06, 6.13915517533e-06, 6.29995201962e-06, 5.89099317949e-06, 6.87957208356e-06, 7.56441522753e-06, 5.53622885491e-06, 4.72881902169e-06, 3.86574174627e-06],
        "median": [0.00180580443703, 0.00114351790398, 0.000317903002724, 0.000200660724659, 0.000133875015308, 0.000118103285786, 6.27680419711e-05, 4.90279162477e-05, 5.33721140528e-05, 9.26014254219e-05, 7.53044660087e-05, 5.22631744388e-05, 4.30687141488e-05, 3.50072623405e-05, 2.21771697397e-05, 3.55669762939e-05, 2.32939182752e-05, 1.43573752212e-05, 1.32252653202e-05, 1.00804363683e-05, 9.80179083854e-06, 6.27936196906e-06, 5.010847417e-06, 5.06647074872e-06, 2.52963695857e-06, 2.41760471908e-06, 2.3152194899e-06, 1.52718632762e-06, 1.70028022239e-06, 1.24296695958e-06, 9.12332382086e-07, 6.78477363181e-07, 5.36913717042e-07, 6.69499854666e-07, 6.87147405642e-07, 5.68275311252e-07, 3.04697351794e-07, 2.34991219372e-07, 2.08982768868e-07, 2.07799260465e-07],
        "min": [1.6114995525e-24, 4.89361579514e-25, 1.80777514686e-24, 2.73602954897e-24, 1.40535274442e-24, 3.13670048299e-24, 2.14584917919e-24, 2.30672118916e-24, 2.49094742623e-24, 2.28735307622e-24, 3.92381544181e-24, 2.52165225925e-24, 4.92354636118e-24, 4.06217770028e-24, 3.31774268023e-24, 2.75009671385e-24, 2.64266509983e-24, 5.56617848698e-24, 2.52835856302e-24, 4.37008786096e-24, 5.36180119252e-24, 4.155451036e-24, 5.37274939859e-24, 5.19506518501e-24, 4.8232352029e-24, 4.76533636233e-24, 5.38700253743e-24, 5.70950189169e-24, 5.67289204037e-24, 7.06630438891e-24, 5.4756890414e-24, 5.28216805072e-24, 5.60886966702e-24, 7.55213463258e-24, 6.50044223425e-24, 7.19402096947e-24, 5.86346387456e-24, 7.29232723775e-24, 6.15941135404e-24, 7.40683039815e-24],
        "var": [0.00014787291002, 3.45785883837e-05, 2.63883271145e-06, 3.93182745029e-07, 4.58114215007e-07, 1.65755153603e-07, 6.17416304749e-08, 2.90107067258e-08, 5.74434331213e-08, 1.2808412464e-07, 1.13647253386e-07, 3.12196029029e-08, 2.7230997901e-08, 1.59947987299e-07, 1.29075692357e-08, 3.15024983877e-08, 1.61991025038e-08, 5.81074699468e-09, 3.21382520596e-09, 3.09054493108e-09, 9.01266350439e-09, 1.90154114676e-09, 1.23204824121e-09, 1.395157323e-09, 6.94830470938e-10, 5.48051493077e-10, 4.91359897214e-10, 3.65587532469e-10, 2.38608577341e-10, 2.06292843918e-10, 1.40974273921e-10, 1.66768307497e-10, 1.59252860898e-10, 2.01320862758e-10, 1.99843253057e-10, 3.10736492093e-10, 4.56604531962e-10, 2.1784232751e-10, 1.71194863841e-10, 7.33056809699e-11]
    },
    "mfcc": {
        "mean": [-672.289611816, 113.526565552, 2.71097826958, 7.95521593094, 1.06285917759, 11.6259260178, 2.16872096062, 6.47993373871, 4.0506439209, 3.15170264244, -1.21809923649, -0.555204808712, -0.937581121922],
        "cov": [[19493.5214844, -1070.3873291, 140.911209106, 917.036987305, 1373.05419922, 544.087036133, 922.778259277, 554.472961426, 101.105285645, 359.299591064, 263.904510498, 403.827026367, -12.5168151855], [-1070.3873291, 2486.46337891, -365.490142822, -128.447097778, -296.0262146, -69.2890853882, -199.097290039, -77.6106262207, -53.994682312, -92.4385375977, -36.4775161743, -127.862518311, -92.5472564697], [140.911209106, -365.490142822, 1072.1138916, 288.311676025, 366.098510742, 184.814300537, 218.188690186, 155.974716187, 121.590843201, 175.420669556, 105.918258667, 146.384216309, 142.31199646], [917.036987305, -128.447097778, 288.311676025, 542.952392578, 396.403839111, 119.616790771, 185.167114258, 155.172439575, 57.5290374756, 65.0732345581, 105.546829224, 81.6912841797, 44.3645973206], [1373.05419922, -296.0262146, 366.098510742, 396.403839111, 559.498657227, 171.069488525, 261.316436768, 178.698608398, 75.4920883179, 119.064216614, 99.8950271606, 120.017936707, 62.4948272705], [544.087036133, -69.2890853882, 184.814300537, 119.616790771, 171.069488525, 218.691818237, 165.02003479, 83.4508056641, 70.7189712524, 90.1917648315, 47.7551116943, 62.9636192322, 48.719417572], [922.778259277, -199.097290039, 218.188690186, 185.167114258, 261.316436768, 165.02003479, 317.851470947, 203.230361938, 98.6443939209, 131.956939697, 87.1382827759, 107.853507996, 45.2182540894], [554.472961426, -77.6106262207, 155.974716187, 155.172439575, 178.698608398, 83.4508056641, 203.230361938, 266.336364746, 109.73361969, 85.0815658569, 90.091545105, 66.2171020508, 18.990978241], [101.105285645, -53.994682312, 121.590843201, 57.5290374756, 75.4920883179, 70.7189712524, 98.6443939209, 109.73361969, 149.442901611, 110.533279419, 49.7016334534, 49.7510375977, 31.7486095428], [359.299591064, -92.4385375977, 175.420669556, 65.0732345581, 119.064216614, 90.1917648315, 131.956939697, 85.0815658569, 110.533279419, 194.66343689, 76.9673538208, 83.2917022705, 46.1136550903], [263.904510498, -36.4775161743, 105.918258667, 105.546829224, 99.8950271606, 47.7551116943, 87.1382827759, 90.091545105, 49.7016334534, 76.9673538208, 141.377471924, 79.0914230347, 23.6034641266], [403.827026367, -127.862518311, 146.384216309, 81.6912841797, 120.017936707, 62.9636192322, 107.853507996, 66.2171020508, 49.7510375977, 83.2917022705, 79.0914230347, 124.483718872, 54.9081039429], [-12.5168151855, -92.5472564697, 142.31199646, 44.3645973206, 62.4948272705, 48.719417572, 45.2182540894, 18.990978241, 31.7486095428, 46.1136550903, 23.6034641266, 54.9081039429, 107.295043945]],
