{
"lowlevel": {
    "average_loudness": 0.860441505909,
    "barkbands_crest": {
        "dmean": 3.24815368652,
        "dmean2": 5.24195623398,
        "dvar": 10.0272789001,
        "dvar2": 23.8537349701,
        "max": 26.3658161163,
        "mean": 12.5585126877,
        "median": 12.3120069504,
        "min": 2.02979874611,
        "var": 29.3360881805
    },
    "barkbands_flatness_db": {
        "dmean": 0.0278527922928,
        "dmean2": 0.0426279455423,
        "dvar": 0.000947900756728,
        "dvar2": 0.00202580890618,
        "max": 0.673565685749,
        "mean": 0.159423500299,
        "median": 0.136794060469,
        "min": 0.0200255401433,
        "var": 0.0084558352828
    },
    "barkbands_kurtosis": {
        "dmean": 6.05240535736,
        "dmean2": 9.51998901367,
        "dvar": 275.660461426,
        "dvar2": 578.421691895,
        "max": 387.443267822,
        "mean": 8.14860248566,
        "median": 3.16192102432,
        "min": -1.94952750206,
        "var": 373.058563232
    },
    "barkbands_skewness": {
        "dmean": 0.822825014591,
        "dmean2": 1.25873827934,
        "dvar": 1.00830864906,
        "dvar2": 2.24599695206,
        "max": 15.2258481979,
        "mean": 1.96277236938,
        "median": 1.76476144791,
        "min": -14.3871669769,
        "var": 3.22289538383
    },
    "barkbands_spread": {
        "dmean": 7.17138576508,
        "dmean2": 11.6150979996,
        "dvar": 90.418762207,
        "dvar2": 232.42628479,
        "max": 88.2298126221,
        "mean": 23.3431625366,
        "median": 21.9578933716,
        "min": 0.226351246238,
        "var": 216.7628479
    },
    "dissonance": {
        "dmean": 0.0199782904238,
        "dmean2": 0.0342222377658,
        "dvar": 0.000810031429864,
        "dvar2": 0.00231596338563,
        "max": 0.500000059605,
        "mean": 0.466238886118,
        "median": 0.481732964516,
        "min": 0.137370929122,
        "var": 0.00195597065613
    },
    "dynamic_complexity": 3.82872343063,
    "erbbands_crest": {
        "dmean": 2.98287248611,
        "dmean2": 4.92908906937,
        "dvar": 8.07133388519,
        "dvar2": 20.6470413208,
        "max": 31.217206955,
        "mean": 9.00601959229,
        "median": 7.57413291931,
        "min": 2.34016132355,
        "var": 24.5831108093
    },
    "erbbands_flatness_db": {
        "dmean": 0.0175400916487,
        "dmean2": 0.0271386057138,
        "dvar": 0.000367049768101,
        "dvar2": 0.00077574205352,
        "max": 0.568477928638,
        "mean": 0.15494684875,
        "median": 0.116419225931,
        "min": 0.0339862294495,
        "var": 0.00918982550502
    },
    "erbbands_kurtosis": {
        "dmean": 1.63698661327,
        "dmean2": 2.7069633007,
        "dvar": 37.7582359314,
        "dvar2": 97.4421081543,
        "max": 187.355941772,
        "mean": 1.10363936424,
        "median": -0.110598325729,
        "min": -1.84720170498,
        "var": 38.6429710388
    },
    "erbbands_skewness": {
        "dmean": 0.464283227921,
        "dmean2": 0.722244203091,
        "dvar": 0.371951580048,
        "dvar2": 0.817219913006,
        "max": 12.1001119614,
        "mean": 0.235366642475,
        "median": 0.220266908407,
        "min": -4.83487892151,
        "var": 0.786040067673
    },
    "erbbands_spread": {
        "dmean": 10.4086723328,
        "dmean2": 15.6524677277,
        "dvar": 171.625106812,
        "dvar2": 354.785644531,
        "max": 174.876480103,
        "mean": 42.7672996521,
        "median": 41.1065826416,
        "min": 0.352011084557,
        "var": 598.613769531
    },
    "hfc": {
        "dmean": 9.32847118378,
        "dmean2": 15.3459243774,
        "dvar": 404.969268799,
        "dvar2": 1100.44421387,
        "max": 194.68296814,
        "mean": 27.9457855225,
        "median": 25.4514789581,
        "min": 1.12238681479e-16,
        "var": 607.640319824
    },
    "melbands_crest": {
        "dmean": 4.31211471558,
        "dmean2": 7.01120328903,
        "dvar": 20.0405273438,
        "dvar2": 47.2877540588,
        "max": 38.2881546021,
        "mean": 19.5372047424,
        "median": 18.4676952362,
        "min": 1.74594020844,
        "var": 68.8686676025
    },
    "melbands_flatness_db": {
        "dmean": 0.0358101427555,
        "dmean2": 0.054593551904,
        "dvar": 0.00170146219898,
        "dvar2": 0.00370165449567,
        "max": 0.808449864388,
        "mean": 0.225712493062,
        "median": 0.215730726719,
        "min": 0.00575626967475,
        "var": 0.0107363723218
    },
    "melbands_kurtosis": {
        "dmean": 19.1280899048,
        "dmean2": 29.0258464813,
        "dvar": 1818.16687012,
        "dvar2": 4166.93701172,
        "max": 1308.90478516,
        "mean": 29.7749919891,
        "median": 11.436290741,
        "min": -1.96186423302,
        "var": 2961.82373047
    },
    "melbands_skewness": {
        "dmean": 1.33957636356,
        "dmean2": 1.99037206173,
        "dvar": 2.77576947212,
        "dvar2": 5.65054512024,
        "max": 22.4450569153,
        "mean": 3.64666295052,
        "median": 2.9959757328,
        "min": -10.0308818817,
        "var": 9.36840629578
    },
    "melbands_spread": {
        "dmean": 8.74956512451,
        "dmean2": 14.4919862747,
        "dvar": 185.52305603,
        "dvar2": 477.682739258,
        "max": 165.594894409,
        "mean": 21.1401329041,
        "median": 15.3348426819,
        "min": 0.0556425303221,
        "var": 346.160827637
    },
    "pitch_salience": {
        "dmean": 0.0953373759985,
        "dmean2": 0.150020927191,
        "dvar": 0.0131043801084,
        "dvar2": 0.0261321049184,
        "max": 0.963597536087,
        "mean": 0.451271504164,
        "median": 0.458728432655,
        "min": 0.0403128638864,
        "var": 0.0328086614609
    },
    "silence_rate_20dB": {
        "dmean": 0,
        "dmean2": 0,
        "dvar": 0,
        "dvar2": 0,
        "max": 1,
        "mean": 1,
        "median": 1,
        "min": 1,
        "var": 0
    },
    "silence_rate_30dB": {
        "dmean": 0.0386108495295,
        "dmean2": 0.0772297978401,
        "dvar": 0.0371224209666,
        "dvar2": 0.0853294283152,
        "max": 1,
        "mean": 0.959504842758,
        "median": 1,
        "min": 0,
        "var": 0.0388556234539
    },
    "silence_rate_60dB": {
        "dmean": 0.00923302862793,
        "dmean2": 0.0184679962695,
        "dvar": 0.00914721190929,
        "dvar2": 0.0208537615836,
        "max": 1,
        "mean": 0.0817247182131,
        "median": 0,
        "min": 0,
        "var": 0.0750461667776
    },
    "spectral_centroid": {
        "dmean": 312.302032471,
        "dmean2": 478.387939453,
        "dvar": 157887.8125,
        "dvar2": 336611.21875,
        "max": 11515.4003906,
        "mean": 1509.00939941,
        "median": 1455.23583984,
        "min": 73.3287277222,
        "var": 511539.9375
    },
    "spectral_complexity": {
        "dmean": 4.72143554688,
        "dmean2": 7.51941251755,
        "dvar": 35.4782333374,
        "dvar2": 85.0831604004,
        "max": 67,
        "mean": 20.4834251404,
        "median": 21,
        "min": 0,
        "var": 137.602355957
    },
    "spectral_decrease": {
        "dmean": 2.98899704987e-09,
        "dmean2": 4.55200988014e-09,
        "dvar": 1.78822667605e-17,
        "dvar2": 3.99517350166e-17,
        "max": 7.37671492859e-29,
        "mean": -1.12759366289e-08,
        "median": -9.60722967847e-09,
        "min": -5.81119188325e-08,
        "var": 8.09020557036e-17
    },
    "spectral_energy": {
        "dmean": 0.0113069294021,
        "dmean2": 0.0172264967114,
        "dvar": 0.00025148424902,
        "dvar2": 0.000569880474359,
        "max": 0.22231811285,
        "mean": 0.0450927689672,
        "median": 0.039233148098,
        "min": 1.05880701682e-20,
        "var": 0.00121613556985
    },
    "spectral_energyband_high": {
        "dmean": 0.000799614703283,
        "dmean2": 0.0013523302041,
        "dvar": 3.54722374141e-06,
        "dvar2": 9.99399162538e-06,
        "max": 0.0180859938264,
        "mean": 0.00174899864942,
        "median": 0.00137301511131,
        "min": 7.54180711805e-21,
        "var": 4.37606786363e-06
    },
    "spectral_energyband_low": {
        "dmean": 0.0110258245841,
        "dmean2": 0.0166781675071,
        "dvar": 0.000347402849002,
        "dvar2": 0.000691258930601,
        "max": 0.197296559811,
        "mean": 0.0290743391961,
        "median": 0.0173197165132,
        "min": 2.68864149111e-23,
        "var": 0.0010369992815
    },
    "spectral_energyband_middle_high": {
        "dmean": 0.00273796613328,
        "dmean2": 0.00459711859003,
        "dvar": 3.17383201036e-05,
        "dvar2": 8.77027487149e-05,
        "max": 0.0624847002327,
        "mean": 0.00556792505085,
        "median": 0.00386457284912,
        "min": 1.48522348955e-21,
        "var": 3.3671323763e-05
    },
    "spectral_energyband_middle_low": {
        "dmean": 0.00638555083424,
        "dmean2": 0.0103085404262,
        "dvar": 0.000173853637534,
        "dvar2": 0.000383439706638,
        "max": 0.128527745605,
        "mean": 0.00983327347785,
        "median": 0.00497776735574,
        "min": 2.44406147833e-22,
        "var": 0.000222515969654
    },
    "spectral_entropy": {
        "dmean": 0.171034663916,
        "dmean2": 0.265998125076,
        "dvar": 0.0571977160871,
        "dvar2": 0.118061833084,
        "max": 9.80617332458,
        "mean": 7.72118520737,
        "median": 8.01942634583,
        "min": 4.24941301346,
        "var": 0.645222365856
    },
    "spectral_flux": {
        "dmean": 0.032306574285,
        "dmean2": 0.0465725511312,
        "dvar": 0.00168445101008,
        "dvar2": 0.00313617498614,
        "max": 0.43679356575,
        "mean": 0.108836941421,
        "median": 0.0850751101971,
        "min": 6.88021792317e-11,
        "var": 0.00664931209758
    },
    "spectral_kurtosis": {
        "dmean": 2.39137148857,
        "dmean2": 3.97249388695,
        "dvar": 30.9909496307,
        "dvar2": 81.9619369507,
        "max": 144.306716919,
        "mean": 7.73700094223,
        "median": 2.55349946022,
        "min": -1.21250152588,
        "var": 228.386993408
    },
    "spectral_rms": {
        "dmean": 0.000825667812023,
        "dmean2": 0.00125206622761,
        "dvar": 9.55728637564e-07,
        "dvar2": 2.11531710193e-06,
        "max": 0.0147273801267,
        "mean": 0.00597653910518,
        "median": 0.00618677958846,
        "min": 3.21400436647e-12,
        "var": 8.27375151857e-06
    },
    "spectral_rolloff": {
        "dmean": 688.994812012,
        "dmean2": 1176.54162598,
        "dvar": 1626956.875,
        "dvar2": 4120087.75,
        "max": 19035.3515625,
        "mean": 1456.94482422,
        "median": 947.4609375,
        "min": 43.06640625,
        "var": 3534241.5
    },
    "spectral_skewness": {
        "dmean": 0.245449885726,
        "dmean2": 0.402209609747,
        "dvar": 0.126989126205,
        "dvar2": 0.319307982922,
        "max": 10.0273971558,
        "mean": 1.82496809959,
        "median": 1.4006434679,
        "min": -0.0326450839639,
        "var": 1.69919061661
    },
    "spectral_spread": {
        "dmean": 519399,
        "dmean2": 806435.5625,
        "dvar": 540113600512,
        "dvar2": 1.06063855616e+12,
        "max": 41669468,
        "mean": 5587051.5,
        "median": 6169314,
        "min": 650053.0625,
        "var": 5.1485039657e+12
    },
    "spectral_strongpeak": {
        "dmean": 0.368097126484,
        "dmean2": 0.612479031086,
        "dvar": 0.35465413332,
        "dvar2": 0.935130238533,
        "max": 7.98147916794,
        "mean": 0.661682069302,
        "median": 0.420653641224,
        "min": 0,
        "var": 0.540919601917
    },
    "zerocrossingrate": {
        "dmean": 0.0128316888586,
        "dmean2": 0.0162692964077,
        "dvar": 0.000263534922851,
        "dvar2": 0.000354253075784,
        "max": 0.84033203125,
        "mean": 0.0677616223693,
        "median": 0.0556640625,
        "min": 0.0009765625,
        "var": 0.0023010247387
    },
    "barkbands": {
        "dmean": [0.00157765252516, 0.00799461547285, 0.00554892653599, 0.00332686817273, 0.00246036215685, 0.00164314627182, 0.000777526642196, 0.000540154462215, 0.0010783392936, 0.000659016193822, 0.000816602492705, 0.000707654166035, 0.000442100339569, 0.00044845987577, 0.000316981720971, 0.000296008598525, 0.000212156257476, 0.000177106951014, 0.000175691646291, 0.000142811812111, 0.000161292497069, 0.000141942204209, 0.000197218949324, 0.000174604268977, 0.000144111603731, 8.46560506034e-05, 4.04033789891e-06],
        "dmean2": [0.00251964665949, 0.0117438128218, 0.00864779949188, 0.00585980713367, 0.00423247041181, 0.00288370274939, 0.00139892741572, 0.000977004296146, 0.00184480356984, 0.00116091792006, 0.00135970464908, 0.00121983129065, 0.000754240376409, 0.00075061712414, 0.000543113332242, 0.000515219056979, 0.000361056503607, 0.000305792083964, 0.000301005638903, 0.000242949201493, 0.000281991407974, 0.000247578311246, 0.000341372098774, 0.000297259481158, 0.000237069878494, 0.000137938710395, 6.90038223183e-06],
        "dvar": [1.200162842e-05, 0.000182871124707, 0.000229320707149, 0.000119342184917, 4.71285347885e-05, 1.38827044793e-05, 5.2846280596e-06, 3.57779708793e-06, 6.10382176092e-06, 3.12714814754e-06, 2.3926590984e-06, 2.49100526162e-06, 7.02714828549e-07, 8.31656677747e-07, 3.11791978902e-07, 3.54451827889e-07, 1.42500908851e-07, 1.35426049042e-07, 1.64090153021e-07, 8.06154645261e-08, 1.50930205223e-07, 8.72200516255e-08, 2.53949991702e-07, 1.68822168689e-07, 1.04088499597e-07, 2.5660952474e-08, 6.07415714948e-11],
        "dvar2": [2.41677789745e-05, 0.000330789131112, 0.000528069853317, 0.000320991646731, 0.000123210949823, 3.85688945244e-05, 1.52522407006e-05, 1.03219126686e-05, 1.71341653186e-05, 8.87214628165e-06, 5.86995565754e-06, 6.60566911392e-06, 1.86157762982e-06, 2.14336023419e-06, 8.87987937404e-07, 1.00825627669e-06, 3.91541647105e-07, 3.68681213558e-07, 4.42466955519e-07, 2.2237738051e-07, 4.29296903803e-07, 2.46770980539e-07, 7.06250546045e-07, 4.72679488439e-07, 2.81129871382e-07, 6.90697206096e-08, 1.67544006446e-10],
        "max": [0.0467249974608, 0.155156612396, 0.132487535477, 0.104830354452, 0.0786675214767, 0.0655064359307, 0.0259224697948, 0.02036036551, 0.0285580065101, 0.0193998813629, 0.023359503597, 0.0237577166408, 0.0114365639165, 0.0141865145415, 0.0116702979431, 0.0128385089338, 0.00585539871827, 0.00700627407059, 0.00617241440341, 0.00516071775928, 0.00749035133049, 0.00371664436534, 0.00897510070354, 0.00590506056324, 0.00451359851286, 0.0031363053713, 0.000132629545988],
        "mean": [0.00379415787756, 0.0184054076672, 0.00585791002959, 0.00251083541662, 0.00238402327523, 0.00196215300821, 0.000837308645714, 0.0004597279476, 0.00142251513898, 0.000754991895519, 0.00107140571345, 0.000821531168185, 0.000631398404948, 0.000574906531256, 0.000475223350804, 0.00042945088353, 0.00032495483174, 0.000253024569247, 0.000263007503236, 0.000237476007896, 0.000269232317805, 0.000251851655776, 0.000314853939926, 0.000308511254843, 0.000288597104372, 0.00018342754629, 4.81816869069e-06],
        "median": [0.000297857564874, 0.00784172862768, 0.000868566217832, 0.000221646550926, 0.000653274357319, 0.000631148868706, 0.000193834668607, 0.000119669370179, 0.000463878270239, 0.000209929639823, 0.000434427667642, 0.000336663157213, 0.000313289783662, 0.000231494661421, 0.000279760221019, 0.000241411311436, 0.000199269459699, 0.000156095673447, 0.00016379513545, 0.000164274621056, 0.000178699599928, 0.000182391435374, 0.000215090694837, 0.000209712074138, 0.000204124720767, 0.000125842285343, 1.51503695633e-06],
        "min": [6.04978729834e-24, 1.32679235485e-24, 4.96483139665e-24, 5.08802898751e-24, 3.11992500085e-23, 1.66575900301e-23, 2.38427655022e-23, 3.80723489511e-23, 3.15336449908e-23, 7.34395045316e-23, 6.59076436243e-23, 3.38205369778e-23, 5.94247910161e-23, 9.22502777808e-23, 1.24066666297e-22, 9.36010853295e-23, 1.23654944014e-22, 1.45286835321e-22, 1.89827121098e-22, 1.97936384012e-22, 2.37527810854e-22, 6.01434117463e-22, 5.20795165388e-22, 7.04368121499e-22, 1.05359050811e-21, 1.49481634108e-21, 2.17752489172e-21],
        "var": [4.73937288916e-05, 0.000570221513044, 0.000227422890021, 8.35340397316e-05, 3.84019040212e-05, 1.37617143992e-05, 4.47107686341e-06, 2.15972363549e-06, 5.87178647038e-06, 2.84408883999e-06, 3.46830734088e-06, 2.33079799727e-06, 9.63427964962e-07, 1.00342265341e-06, 3.88927162476e-07, 3.68453896726e-07, 1.79486903562e-07, 1.38123596116e-07, 1.68566501202e-07, 9.27085395119e-08, 1.78902013204e-07, 1.03356946113e-07, 2.53003037187e-07, 1.87394292084e-07, 1.36550013963e-07, 4.71874876951e-08, 6.69842098455e-11]
    },
    "erbbands": {
        "dmean": [0.310731172562, 1.716599226, 5.26185750961, 9.4013261795, 9.39214897156, 7.93863630295, 8.20097732544, 16.7013549805, 11.2192392349, 12.0608615875, 12.2734174728, 23.1006469727, 24.8882160187, 25.5715847015, 30.7836265564, 23.2964954376, 19.5850715637, 22.5962810516, 17.7808704376, 15.0932683945, 15.0701036453, 11.7512693405, 10.1023368835, 8.51188850403, 8.06822776794, 6.74979352951, 6.79901361465, 6.28437662125, 5.29300832748, 5.34695482254, 5.65218639374, 4.45157957077, 2.51549887657, 1.71826577187, 1.01359677315, 0.44161850214, 0.151280552149, 0.0252298898995, 0.000487695302581, 2.5145305699e-05],
        "dmean2": [0.455742359161, 2.31555318832, 7.57612133026, 15.7381362915, 15.9322109222, 13.9095144272, 14.3957891464, 29.3119525909, 20.1749134064, 21.6185131073, 22.2849750519, 39.7113456726, 42.6844596863, 43.3422660828, 52.1204605103, 40.6722755432, 33.3157119751, 37.8581008911, 29.8846473694, 25.912940979, 26.0751876831, 20.0194721222, 17.2966995239, 14.7747163773, 13.6698980331, 11.5653543472, 11.6837863922, 11.0970516205, 9.24133777618, 9.22782802582, 9.73441982269, 7.76661777496, 4.18529319763, 2.8514277935, 1.67231762409, 0.727025389671, 0.248038187623, 0.041916154325, 0.000805936928373, 4.02963305532e-05],
        "dvar": [0.279061377048, 10.5595970154, 172.668380737, 823.590026855, 875.225952148, 503.516326904, 642.839172363, 1312.52514648, 1084.31103516, 1313.59777832, 1930.91894531, 3130.28149414, 3499.0065918, 3211.92553711, 3547.14672852, 2832.87231445, 1469.734375, 1860.76428223, 1197.53063965, 677.512145996, 850.250366211, 448.60949707, 405.321502686, 395.516448975, 301.181762695, 189.144515991, 313.325714111, 227.247085571, 130.537582397, 157.323074341, 192.385986328, 131.809692383, 29.4983844757, 17.1779403687, 4.2194070816, 0.775590479374, 0.0835853740573, 0.00224893144332, 8.20739671781e-07, 1.49641754543e-09],
        "dvar2": [0.556026279926, 17.6121368408, 369.335784912, 2080.90161133, 2164.27685547, 1388.03552246, 1633.00634766, 3685.02661133, 3158.91040039, 3767.64331055, 5587.72070312, 8816.49609375, 9806.74121094, 8769.61230469, 9210.80273438, 7924.87402344, 3929.15551758, 4944.29345703, 3328.23291016, 1877.26086426, 2395.05883789, 1229.94616699, 1068.1015625, 1106.65209961, 813.355407715, 520.94317627, 835.036437988, 676.039489746, 370.997650146, 440.135040283, 534.469848633, 376.401062012, 80.0641860962, 47.4571609497, 11.1897993088, 2.10032367706, 0.225290715694, 0.00611983519047, 2.22309995479e-06, 3.9888821135e-09],
        "max": [5.11015319824, 39.649066925, 135.287078857, 261.556732178, 420.861358643, 360.806121826, 493.986633301, 636.633056641, 599.093261719, 376.384796143, 477.473266602, 698.066711426, 629.612243652, 675.244995117, 717.394958496, 541.514831543, 495.18347168, 621.731689453, 731.551513672, 426.070770264, 739.971557617, 326.861785889, 450.602478027, 342.663543701, 324.588653564, 242.143569946, 562.26965332, 249.810455322, 116.645622253, 208.076751709, 236.998504639, 214.305435181, 71.8348083496, 63.9085731506, 22.2931308746, 24.8298130035, 4.50269699097, 0.603907108307, 0.0116077298298, 0.000531531521119],
        "mean": [0.762767195702, 3.21203351021, 6.52488422394, 8.41924381256, 8.46610355377, 7.63960456848, 7.93661308289, 20.1755237579, 12.6040401459, 13.0930261612, 11.0799570084, 30.0075931549, 32.6918411255, 33.0912437439, 41.1753387451, 28.4751205444, 29.0805835724, 31.426733017, 25.7634563446, 23.7172679901, 23.2101383209, 18.6795253754, 14.9243516922, 12.8075008392, 12.7300691605, 11.1815929413, 11.1141996384, 10.3042125702, 8.98996448517, 9.21945285797, 8.84236621857, 7.17788028717, 4.74520587921, 3.37707948685, 1.90991318226, 0.904319703579, 0.311680018902, 0.0468274690211, 0.000982123194262, 9.24777414184e-05],
        "median": [0.256211102009, 1.34669733047, 1.53870582581, 1.28414082527, 1.60377335548, 2.08764243126, 3.17812228203, 5.75241994858, 4.21687698364, 3.1349606514, 3.64641571045, 9.98592758179, 10.8863773346, 14.5806159973, 16.398349762, 13.6469593048, 15.5553722382, 14.5767822266, 15.0441474915, 15.1213712692, 14.3576889038, 12.0677871704, 9.23118114471, 8.23509788513, 8.29723930359, 7.75820064545, 7.36762809753, 6.80095005035, 6.29193401337, 6.77420425415, 5.80430316925, 4.82110357285, 3.28838682175, 2.35537099838, 1.25699770451, 0.625439047813, 0.208257079124, 0.0278342999518, 0.000603449821938, 8.10892524896e-05],
        "min": [4.56324605452e-23, 6.20287211522e-22, 5.82777256657e-21, 1.88476075251e-20, 2.40622122677e-20, 9.60052249935e-20, 4.6881120376e-20, 9.39969144767e-20, 3.43840369075e-19, 4.71087682354e-19, 8.13479606477e-19, 6.84274770278e-19, 1.71446344463e-18, 3.14374665371e-18, 1.73368215898e-18, 1.4580562731e-18, 3.02053003646e-18, 3.96343259633e-18, 6.51540514083e-18, 6.15932373946e-18, 5.55923356997e-18, 7.44922877309e-18, 7.55812213765e-18, 1.09414049939e-17, 7.53068372955e-18, 9.65699285314e-18, 1.14165276116e-17, 1.50488108574e-17, 2.06151805145e-17, 1.76478156508e-17, 1.45253047913e-17, 1.12809187948e-17, 1.41896712947e-17, 1.13347525362e-17, 8.02363787969e-18, 4.66226745144e-18, 2.90434135249e-18, 1.10644981545e-18, 2.86239595421e-19, 3.2589756143e-20],
        "var": [1.14733171463, 27.3999862671, 216.158584595, 662.639221191, 818.904846191, 352.470245361, 521.237731934, 1500.32397461, 746.488952637, 1034.08959961, 1134.02270508, 2864.21899414, 3831.140625, 3012.50366211, 4565.84912109, 2273.66235352, 1872.81005859, 2329.56860352, 1355.60961914, 887.116638184, 944.223449707, 563.766601562, 452.049407959, 372.775512695, 337.289825439, 212.760238647, 341.37411499, 285.294311523, 144.77432251, 174.64276123, 196.757705688, 122.226371765, 39.0034599304, 20.16655159, 6.01044654846, 1.25062263012, 0.141855105758, 0.00351454876363, 1.4171565681e-06, 5.67295677101e-09]
    },
    "gfcc": {
        "mean": [-8.79050350189, 63.1297607422, -112.463768005, 17.6406974792, -51.5311927795, 29.0513935089, -32.1523094177, 11.6387586594, -25.2419719696, 8.03989601135, -15.6979875565, 7.79336881638, -7.96643304825],
        "cov": [[21525.8261719, -2293.10449219, 1927.90808105, 3346.75292969, 1.7386046648, 701.518615723, -279.800323486, 1233.05541992, 255.897079468, 372.607635498, -573.644287109, 415.376525879, -199.387878418], [-2293.10449219, 2735.69482422, -186.901443481, -304.144500732, 415.019775391, -341.280700684, 384.409240723, -323.403900146, 229.882644653, -39.8905944824, 427.141601562, -85.2496261597, 264.538116455], [1927.90808105, -186.901443481, 1297.19384766, 986.927185059, 355.511291504, 325.819274902, 51.1780128479, 277.036132812, 101.525978088, 108.270141602, -63.7044639587, 49.1089782715, -64.7226791382], [3346.75292969, -304.144500732, 986.927185059, 1876.3692627, 567.493469238, 398.132995605, 199.663665771, 352.659729004, 173.238800049, 32.6745605469, -155.571334839, -39.4008102417, -42.7234649658], [1.7386046648, 415.019775391, 355.511291504, 567.493469238, 605.296569824, 315.241851807, 295.671295166, 132.132507324, 118.941490173, 15.1770935059, 25.1218414307, -66.9006271362, 6.87958621979], [701.518615723, -341.280700684, 325.819274902, 398.132995605, 315.241851807, 526.494018555, 240.927581787, 241.051483154, 57.3997497559, 43.9396591187, -69.3092498779, -10.9035539627, -66.2497329712], [-279.800323486, 384.409240723, 51.1780128479, 199.663665771, 295.671295166, 240.927581787, 385.678619385, 128.133758545, 126.37525177, 20.6475543976, 79.2948379517, -17.6886787415, 51.0636749268], [1233.05541992, -323.403900146, 277.036132812, 352.659729004, 132.132507324, 241.051483154, 128.133758545, 305.78704834, 101.215293884, 75.4490966797, -41.172744751, 56.3383026123, -11.823882103], [255.897079468, 229.882644653, 101.525978088, 173.238800049, 118.941490173, 57.3997497559, 126.37525177, 101.215293884, 181.761428833, 93.9151153564, 83.152923584, 35.3998527527, 56.5371894836], [372.607635498, -39.8905944824, 108.270141602, 32.6745605469, 15.1770935059, 43.9396591187, 20.6475543976, 75.4490966797, 93.9151153564, 143.981216431, 77.2569580078, 67.1616592407, 15.8949165344], [-573.644287109, 427.141601562, -63.7044639587, -155.571334839, 25.1218414307, -69.3092498779, 79.2948379517, -41.172744751, 83.152923584, 77.2569580078, 205.761276245, 73.0001754761, 84.9068984985], [415.376525879, -85.2496261597, 49.1089782715, -39.4008102417, -66.9006271362, -10.9035539627, -17.6886787415, 56.3383026123, 35.3998527527, 67.1616592407, 73.0001754761, 136.8540802, 59.4287910461], [-199.387878418, 264.538116455, -64.7226791382, -42.7234649658, 6.87958621979, -66.2497329712, 51.0636749268, -11.823882103, 56.5371894836, 15.8949165344, 84.9068984985, 59.4287910461, 136.531295776]],
        "icov": [[0.00011421545787, -0.000176726054633, 0.000107849344204, -0.000281814049231, 0.000263250083663, -0.000141151569551, 0.00020536093507, -0.000343570864061, 0.000228232660447, -0.000370104709873, 0.00041815705481, -0.000468104874017, 0.000176125846338], [-0.000176726054633, 0.00189351290464, -0.000747052486986, 0.000928355264477, -0.00154368602671, 0.00167496944778, -0.0014928485034, 0.00165728724096, -0.00203411770053, 0.00219990918413, -0.00256807240658, 0.00205255951732, -0.00110830343328], [0.000107849344204, -0.000747052486986, 0.00194895721506, -0.00111447228119, 6.45058025839e-05, -0.000957260723226, 0.00140201882459, -0.00109196838457, 0.0010764450999, -0.00153493636753, 0.000820676563308, -0.00163638941012, 0.00102830480319], [-0.000281814049231, 0.000928355264477, -0.00111447228119, 0.0021626141388, -0.00179007078987, 0.00105555483606, -0.000809658376966, 0.000770584738348, -0.00206143176183, 0.00192238215823, -0.000443467404693, 0.00141773920041, -0.000801442191005], [0.000263250083663, -0.00154368602671, 6.45058025839e-05, -0.00179007078987, 0.00620384886861, -0.00323785934597, -3.03517055045e-07, -0.00112997507676, 0.00122925813776, -0.00124183017761, 0.00010905374802, 0.0012163198553, -9.73157002591e-05], [-0.000141151569551, 0.00167496944778, -0.000957260723226, 0.00105555483606, -0.00323785934597, 0.00755510292947, -0.00483092106879, -0.000222743794438, 0.000222590271733, -0.000496763386764, 0.000981704099104, -0.000417278934037, 0.00157845998183], [0.00020536093507, -0.0014928485034, 0.00140201882459, -0.000809658376966, -3.03517055045e-07, -0.00483092106879, 0.0100932242349, -0.00422397721559, -0.00104588782415, 0.00211710017174, -0.00334368483163, 0.0020360944327, -0.00150143983774], [-0.000343570864061, 0.00165728724096, -0.00109196838457, 0.000770584738348, -0.00112997507676, -0.000222743794438, -0.00422397721559, 0.0119998054579, -0.00575002189726, 0.000287568429485, 0.00334332324564, -0.00407356349751, 0.000620044651441], [0.000228232660447, -0.00203411770053, 0.0010764450999, -0.00206143176183, 0.00122925813776, 0.000222590271733, -0.00104588782415, -0.00575002189726, 0.0185465663671, -0.0112963048741, 0.000210059311939, 0.00196625874378, -0.00327242421918], [-0.000370104709873, 0.00219990918413, -0.00153493636753, 0.00192238215823, -0.00124183017761, -0.000496763386764, 0.00211710017174, 0.000287568429485, -0.0112963048741, 0.0216584708542, -0.00987948104739, -0.000473393913126, 0.00263184052892], [0.00041815705481, -0.00256807240658, 0.000820676563308, -0.000443467404693, 0.00010905374802, 0.000981704099104, -0.00334368483163, 0.00334332324564, 0.000210059311939, -0.00987948104739, 0.0209344960749, -0.0117843644693, 0.00102146831341], [-0.000468104874017, 0.00205255951732, -0.00163638941012, 0.00141773920041, 0.0012163198553, -0.000417278934037, 0.0020360944327, -0.00407356349751, 0.00196625874378, -0.000473393913126, -0.0117843644693, 0.0239545069635, -0.0102281263098], [0.000176125846338, -0.00110830343328, 0.00102830480319, -0.000801442191005, -9.73157002591e-05, 0.00157845998183, -0.00150143983774, 0.000620044651441, -0.00327242421918, 0.00263184052892, 0.00102146831341, -0.0102281263098, 0.0162172261626]]
    },
    "melbands": {
        "dmean": [0.00240269373171, 0.0022602241952, 0.00154430163093, 0.000594815530349, 0.000295184931019, 0.00034969727858, 0.000172835527337, 0.000129232968902, 0.000101895646367, 0.000158338531037, 0.000123444158817, 0.000101138917671, 0.000110329681775, 8.55328325997e-05, 4.55535955552e-05, 5.08305820404e-05, 4.24468453275e-05, 3.16499317705e-05, 2.48765882134e-05, 2.12456689042e-05, 1.76834437298e-05, 1.34684187287e-05, 1.05343060568e-05, 8.22499350761e-06, 7.29814973965e-06, 7.45670786273e-06, 5.12867154612e-06, 4.63521064376e-06, 4.71554312753e-06, 3.81017503059e-06, 3.90791137761e-06, 3.27754855789e-06, 2.78645757135e-06, 3.41073450727e-06, 3.44862201018e-06, 3.30229568135e-06, 2.63071638074e-06, 1.82608778232e-06, 1.77620950126e-06, 1.470225925e-06],
        "dmean2": [0.00353099103086, 0.00299734878354, 0.00248212995939, 0.00102268380579, 0.00051494530635, 0.000614236458205, 0.000308972492348, 0.000231712256209, 0.000185293436516, 0.000270268385066, 0.000211427599424, 0.000171705003595, 0.000184308111784, 0.000147733633639, 7.93957879068e-05, 8.52734956425e-05, 7.13292320143e-05, 5.29427343281e-05, 4.25451471529e-05, 3.70591442334e-05, 3.05262838083e-05, 2.2970545615e-05, 1.80276674655e-05, 1.42530780067e-05, 1.27520552269e-05, 1.27465091282e-05, 8.76175727171e-06, 7.97884331405e-06, 8.06232856121e-06, 6.66170262775e-06, 6.93979700372e-06, 5.73402712689e-06, 4.80589415019e-06, 5.9274952946e-06, 5.91739762967e-06, 5.79491506869e-06, 4.59745206172e-06, 3.04936270368e-06, 2.99477733279e-06, 2.46077638622e-06],
        "dvar": [1.51435606313e-05, 2.3525164579e-05, 1.93437226699e-05, 2.86159865936e-06, 7.81959272445e-07, 6.02051329679e-07, 2.44880254741e-07, 1.58258544047e-07, 1.32603616976e-07, 1.28655145204e-07, 8.51464889706e-08, 5.23561922705e-08, 4.62079583485e-08, 3.93117396413e-08, 9.2820062747e-09, 9.08256492238e-09, 7.05126534939e-09, 4.30302771193e-09, 1.68027902703e-09, 1.85218052007e-09, 1.07972386587e-09, 5.83210812977e-10, 4.2280295931e-10, 3.5141722865e-10, 3.00855840241e-10, 3.29683613742e-10, 1.00864483432e-10, 8.32020632946e-11, 1.79841377901e-10, 6.29002058772e-11, 8.89659942938e-11, 4.91329234242e-11, 2.73892089564e-11, 7.26301241372e-11, 7.14768175203e-11, 6.49659423479e-11, 4.36537958559e-11, 1.28307225955e-11, 2.14810651905e-11, 1.05888882732e-11],
        "dvar2": [2.89381896437e-05, 4.49446597486e-05, 4.61333220301e-05, 7.47956300984e-06, 1.99139685719e-06, 1.68917722476e-06, 7.11252823749e-07, 4.55262039623e-07, 3.83478550248e-07, 3.58367259423e-07, 2.36845423274e-07, 1.43744159686e-07, 1.13759320186e-07, 1.0385578264e-07, 2.60540513608e-08, 2.30807639667e-08, 1.85018222965e-08, 1.15442988502e-08, 4.6264152509e-09, 5.3020676738e-09, 3.02057112656e-09, 1.59073987316e-09, 1.13011133784e-09, 9.71153268914e-10, 8.52970916121e-10, 8.80786554802e-10, 2.78265160913e-10, 2.30053684436e-10, 4.78765471712e-10, 1.80535253413e-10, 2.63984334392e-10, 1.39075001515e-10, 7.60904464436e-11, 2.02066294253e-10, 1.9278895147e-10, 1.85072873693e-10, 1.24391608125e-10, 3.42149503174e-11, 6.06502278955e-11, 2.89331995862e-11],
        "max": [0.0395201034844, 0.0576374083757, 0.0400883890688, 0.0203900150955, 0.0164398122579, 0.013973406516, 0.00822503771633, 0.00416262960061, 0.00395375164226, 0.00443567568436, 0.00308569613844, 0.00289023667574, 0.00344723230228, 0.00311701674946, 0.000977279851213, 0.00158925470896, 0.00114991969895, 0.00114393758122, 0.000626657507382, 0.000759835878853, 0.000753698521294, 0.000354987452738, 0.000350807706127, 0.000410638545873, 0.000305728521198, 0.000393876427552, 0.000116830458865, 0.00017968393513, 0.000518361164723, 0.000100283643405, 0.000148088744027, 7.23159901099e-05, 9.80699624051e-05, 0.0001499211794, 0.000195397093194, 9.23667757888e-05, 0.000141335083754, 5.11056241521e-05, 7.38914313843e-05, 4.84055344714e-05],
        "mean": [0.00603291438892, 0.00377032486722, 0.00150431040674, 0.000568374060094, 0.000288455426926, 0.000421215692768, 0.000200501090148, 0.000135294612846, 8.75784971868e-05, 0.000213046136196, 0.00015972404799, 0.000125922946609, 0.000147898215801, 9.7614749393e-05, 5.57392959308e-05, 7.45591096347e-05, 5.48468779016e-05, 4.13466586906e-05, 3.62234022759e-05, 3.01901745843e-05, 2.57935516856e-05, 2.03770850931e-05, 1.46795555338e-05, 1.13687501653e-05, 1.01208161141e-05, 1.04240152723e-05, 7.85050542618e-06, 7.23894027033e-06, 7.12867586117e-06, 6.20096443527e-06, 5.85549105381e-06, 5.07638696945e-06, 4.7899798119e-06, 5.29697308593e-06, 5.14589373779e-06, 4.8170259106e-06, 4.17873980041e-06, 3.27111729348e-06, 3.15359648084e-06, 2.74764624919e-06],
        "median": [0.00248007662594, 0.00123967253603, 0.00029026408447, 0.000148516497575, 0.000114856098662, 0.000125651160488, 6.42190134386e-05, 3.18149614031e-05, 2.58046748058e-05, 6.83607941028e-05, 5.07200020365e-05, 5.17710650456e-05, 5.84589179198e-05, 3.7641308154e-05, 2.80209242192e-05, 3.42845160048e-05, 2.24472714763e-05, 2.09926547541e-05, 2.10501457332e-05, 1.68133265106e-05, 1.47854952957e-05, 1.21732073239e-05, 8.78432183526e-06, 6.96933329891e-06, 6.0733555074e-06, 6.08910886513e-06, 5.15103693033e-06, 4.80369271827e-06, 4.40614621766e-06, 3.93160644307e-06, 3.59846603715e-06, 3.33722528012e-06, 3.40620158568e-06, 3.57548287866e-06, 3.12677593683e-06, 3.06761512547e-06, 2.62720277533e-06, 2.1735743303e-06, 2.01504099095e-06, 1.86927172763e-06],
        "min": [6.6781660881e-25, 3.68456102901e-24, 2.9372563302e-24, 7.23655871606e-24, 1.84583867162e-24, 2.35178289622e-24, 5.13374860457e-24, 5.40576283304e-24, 6.88350796223e-24, 3.83001278043e-24, 8.40677707097e-24, 1.24388707718e-23, 7.0556082239e-24, 2.18926611126e-24, 5.44190449542e-24, 8.3538350379e-24, 6.65818483301e-24, 7.0703583451e-24, 9.57344712953e-24, 3.80266849488e-24, 5.87111779749e-24, 7.69795478205e-24, 6.37296073425e-24, 6.36769824315e-24, 8.87252133827e-24, 6.50733569527e-24, 3.96834111789e-24, 6.93159376757e-24, 7.90490928509e-24, 5.51676542317e-24, 1.01287515643e-23, 1.078172329e-23, 9.56907526239e-24, 9.84793917011e-24, 8.93383239669e-24, 6.45886334809e-24, 7.2649182656e-24, 8.4527140192e-24, 1.02659407866e-23, 8.15140622987e-24],
        "var": [5.89114169998e-05, 4.47162601631e-05, 1.79929738806e-05, 2.37395033764e-06, 6.30549152447e-07, 6.47264130293e-07, 1.83639741635e-07, 1.14847779287e-07, 7.79671438522e-08, 1.31970594452e-07, 9.60349311185e-08, 4.76327954857e-08, 6.77466402976e-08, 3.777847013e-08, 7.76973863026e-09, 1.5754888949e-08, 8.41022362863e-09, 4.71675187796e-09, 2.22932272642e-09, 1.9484358571e-09, 1.26461108252e-09, 7.74979913576e-10, 4.44821957046e-10, 3.24284488151e-10, 2.65731575633e-10, 3.24448884426e-10, 1.11090421584e-10, 9.42127001413e-11, 1.80585990606e-10, 8.12657233173e-11, 1.03316910582e-10, 5.13401821056e-11, 3.70839574326e-11, 7.42278183363e-11, 7.97824237231e-11, 5.69953736984e-11, 4.21096282843e-11, 1.8482597397e-11, 2.12882662887e-11, 1.30942635207e-11]
    },
    "mfcc": {
        "mean": [-652.703063965, 102.017730713, -0.802901268005, 3.0687687397, 3.99481606483, 13.1207256317, 7.33052968979, 7.06650543213, 2.74890470505, 1.96943807602, -2.52127218246, 0.886481881142, 2.45473122597],
        "cov": [[16911.2773438, -2407.71948242, 1620.28503418, 2055.16772461, 1221.26098633, 265.210906982, -73.8553314209, 508.672698975, 630.465148926, 553.981201172, 124.010047913, -100.613128662, -112.465782166], [-2407.71948242, 2613.8996582, -426.284942627, -174.410202026, -240.960388184, -51.5176353455, 7.01334857941, -178.119186401, -186.846099854, -113.153785706, -13.1099853516, 103.443122864, 150.180206299], [1620.28503418, -426.284942627, 924.12713623, 528.111877441, 409.366882324, 191.360412598, 100.149856567, 157.263961792, 152.159545898, 132.952972412, 99.1119918823, 35.0748977661, 11.2352905273], [2055.16772461, -174.410202026, 528.111877441, 1179.95849609, 553.756835938, 312.037719727, 163.679931641, 214.458786011, 223.419418335, 224.433792114, 81.7281494141, 6.95698881149, -34.2548675537], [1221.26098633, -240.960388184, 409.366882324, 553.756835938, 524.534423828, 286.053222656, 191.130371094, 195.348754883, 187.784973145, 179.149368286, 96.8271102905, 22.1678924561, -22.0630817413], [265.210906982, -51.5176353455, 191.360412598, 312.037719727, 286.053222656, 370.469146729, 253.3097229, 200.354278564, 160.612243652, 150.500076294, 93.4117660522, 51.5338973999, 1.63499712944], [-73.8553314209, 7.01334857941, 100.149856567, 163.679931641, 191.130371094, 253.3097229, 310.517669678, 227.05456543, 150.141433716, 122.161079407, 80.4761734009, 49.1740074158, 11.0302343369], [508.672698975, -178.119186401, 157.263961792, 214.458786011, 195.348754883, 200.354278564, 227.05456543, 275.92565918, 192.249771118, 135.487304688, 76.8612136841, 42.2869224548, 13.885931015], [630.465148926, -186.846099854, 152.159545898, 223.419418335, 187.784973145, 160.612243652, 150.141433716, 192.249771118, 227.796554565, 150.630432129, 72.9190292358, 27.0469722748, 7.23908567429], [553.981201172, -113.153785706, 132.952972412, 224.433792114, 179.149368286, 150.500076294, 122.161079407, 135.487304688, 150.630432129, 192.094192505, 97.6555633545, 31.6379833221, 8.91818714142], [124.010047913, -13.1099853516, 99.1119918823, 81.7281494141, 96.8271102905, 93.4117660522, 80.4761734009, 76.8612136841, 72.9190292358, 97.6555633545, 123.706054688, 70.3953094482, 37.314994812], [-100.613128662, 103.443122864, 35.0748977661, 6.95698881149, 22.1678924561, 51.5338973999, 49.1740074158, 42.2869224548, 27.0469722748, 31.6379833221, 70.3953094482, 110.003158569, 72.7288818359], [-112.465782166, 150.180206299, 11.2352905273, -34.2548675537, -22.0630817413, 1.63499712944, 11.0302343369, 13.885931015, 7.23908567429, 8.91818714142, 37.314994812, 72.7288818359, 117.510887146]],
