{
"lowlevel": {
    "average_loudness": 0.940473258495,
    "barkbands_crest": {
        "dmean": 2.28304195404,
        "dmean2": 3.35491776466,
        "dvar": 6.03725481033,
        "dvar2": 11.8829107285,
        "max": 26.4277706146,
        "mean": 11.2764348984,
        "median": 11.0885372162,
        "min": 2.03792285919,
        "var": 21.864906311
    },
    "barkbands_flatness_db": {
        "dmean": 0.0205553602427,
        "dmean2": 0.0293931085616,
        "dvar": 0.000837995903566,
        "dvar2": 0.00130083656404,
        "max": 0.611668586731,
        "mean": 0.117684900761,
        "median": 0.0948564261198,
        "min": 0.010579877533,
        "var": 0.00497288862243
    },
    "barkbands_kurtosis": {
        "dmean": 5.38507604599,
        "dmean2": 8.60586738586,
        "dvar": 3312.52539062,
        "dvar2": 8750.36425781,
        "max": 2266.84521484,
        "mean": 4.78643846512,
        "median": 0.353467226028,
        "min": -1.92395973206,
        "var": 2519.71362305
    },
    "barkbands_skewness": {
        "dmean": 0.55375123024,
        "dmean2": 0.820970535278,
        "dvar": 1.39376449585,
        "dvar2": 2.91973185539,
        "max": 38.654006958,
        "mean": 1.25000011921,
        "median": 1.09967803955,
        "min": -3.23111081123,
        "var": 2.80987048149
    },
    "barkbands_spread": {
        "dmean": 7.9347858429,
        "dmean2": 12.4213314056,
        "dvar": 82.4943008423,
        "dvar2": 191.867340088,
        "max": 130.260223389,
        "mean": 39.2719535828,
        "median": 38.6119842529,
        "min": 0.0611093379557,
        "var": 380.167480469
    },
    "dissonance": {
        "dmean": 0.0179828926921,
        "dmean2": 0.0310956202447,
        "dvar": 0.00054575613467,
        "dvar2": 0.00154077389743,
        "max": 0.5,
        "mean": 0.47192966938,
        "median": 0.484478622675,
        "min": 0.169935390353,
        "var": 0.00125215225853
    },
    "dynamic_complexity": 3.08600759506,
    "erbbands_crest": {
        "dmean": 2.44296646118,
        "dmean2": 4.01863193512,
        "dvar": 5.41880559921,
        "dvar2": 13.3912944794,
        "max": 30.799446106,
        "mean": 8.98125267029,
        "median": 8.21204280853,
        "min": 1.91688323021,
        "var": 16.1523685455
    },
    "erbbands_flatness_db": {
        "dmean": 0.0159970019013,
        "dmean2": 0.0240902360529,
        "dvar": 0.000280428474071,
        "dvar2": 0.000553677731659,
        "max": 0.517793238163,
        "mean": 0.131736904383,
        "median": 0.108147449791,
        "min": 0.0300729814917,
        "var": 0.00459107244387
    },
    "erbbands_kurtosis": {
        "dmean": 1.23819816113,
        "dmean2": 1.95302498341,
        "dvar": 4.96324634552,
        "dvar2": 11.2898540497,
        "max": 98.8405227661,
        "mean": 1.5723067522,
        "median": 0.78423333168,
        "min": -1.86785697937,
        "var": 9.56517791748
    },
    "erbbands_skewness": {
        "dmean": 0.364209890366,
        "dmean2": 0.556188583374,
        "dvar": 0.164893314242,
        "dvar2": 0.346241980791,
        "max": 8.76564788818,
        "mean": 0.216393381357,
        "median": 0.237229734659,
        "min": -3.65405488014,
        "var": 0.770039200783
    },
    "erbbands_spread": {
        "dmean": 9.30340003967,
        "dmean2": 13.6425848007,
        "dvar": 168.706436157,
        "dvar2": 284.169708252,
        "max": 205.667861938,
        "mean": 37.4413299561,
        "median": 34.1117019653,
        "min": 1.47453784943,
        "var": 584.986450195
    },
    "hfc": {
        "dmean": 16.1401176453,
        "dmean2": 25.5629386902,
        "dvar": 735.462097168,
        "dvar2": 1781.84240723,
        "max": 289.490753174,
        "mean": 54.133682251,
        "median": 45.5776329041,
        "min": 1.11004276543e-16,
        "var": 1918.68127441
    },
    "melbands_crest": {
        "dmean": 3.51641964912,
        "dmean2": 5.48324871063,
        "dvar": 17.0215206146,
        "dvar2": 37.2537117004,
        "max": 37.5076293945,
        "mean": 20.7019004822,
        "median": 22.5739459991,
        "min": 1.46769225597,
        "var": 75.8067321777
    },
    "melbands_flatness_db": {
        "dmean": 0.026847595349,
        "dmean2": 0.0383488461375,
        "dvar": 0.00151020986959,
        "dvar2": 0.00238728150725,
        "max": 0.766392409801,
        "mean": 0.189809933305,
        "median": 0.174175724387,
        "min": 0.00356833846308,
        "var": 0.00796930771321
    },
    "melbands_kurtosis": {
        "dmean": 13.0606336594,
        "dmean2": 20.2908477783,
        "dvar": 3600.98510742,
        "dvar2": 8825.75488281,
        "max": 2304.39428711,
        "mean": 18.4369773865,
        "median": 5.9226140976,
        "min": -1.85524976254,
        "var": 3971.91894531
    },
    "melbands_skewness": {
        "dmean": 0.920432686806,
        "dmean2": 1.34474003315,
        "dvar": 3.03199386597,
        "dvar2": 5.57347393036,
        "max": 32.6959266663,
        "mean": 2.70062732697,
        "median": 2.30750536919,
        "min": -2.22904610634,
        "var": 7.55835866928
    },
    "melbands_spread": {
        "dmean": 9.00625991821,
        "dmean2": 14.0010137558,
        "dvar": 187.953826904,
        "dvar2": 427.198852539,
        "max": 215.373626709,
        "mean": 33.5111694336,
        "median": 30.7402191162,
        "min": 0.106291241944,
        "var": 443.148498535
    },
    "pitch_salience": {
        "dmean": 0.0716258063912,
        "dmean2": 0.109819918871,
        "dvar": 0.00749060697854,
        "dvar2": 0.0162585172802,
        "max": 0.899988889694,
        "mean": 0.466407597065,
        "median": 0.446043968201,
        "min": 0.0236796401441,
        "var": 0.0225270651281
    },
    "silence_rate_20dB": {
        "dmean": 0,
        "dmean2": 0,
        "dvar": 0,
        "dvar2": 0,
        "max": 1,
        "mean": 1,
        "median": 1,
        "min": 1,
        "var": 0
    },
    "silence_rate_30dB": {
        "dmean": 0.0117366220802,
        "dmean2": 0.0234755799174,
        "dvar": 0.0115985507146,
        "dvar2": 0.0231221467257,
        "max": 1,
        "mean": 0.982695162296,
        "median": 1,
        "min": 0,
        "var": 0.0170055255294
    },
    "silence_rate_60dB": {
        "dmean": 0.00218818383291,
        "dmean2": 0.00437680305913,
        "dvar": 0.00218363082968,
        "dvar2": 0.00495440047234,
        "max": 1,
        "mean": 0.0372948795557,
        "median": 0,
        "min": 0,
        "var": 0.0359038822353
    },
    "spectral_centroid": {
        "dmean": 263.848602295,
        "dmean2": 413.406402588,
        "dvar": 135222.203125,
        "dvar2": 275762.75,
        "max": 11837.1630859,
        "mean": 1953.64538574,
        "median": 1936.81103516,
        "min": 88.4285354614,
        "var": 806188.5
    },
    "spectral_complexity": {
        "dmean": 4.36522769928,
        "dmean2": 6.74097299576,
        "dvar": 27.258731842,
        "dvar2": 54.2156448364,
        "max": 62,
        "mean": 24.5911483765,
        "median": 25,
        "min": 0,
        "var": 146.239364624
    },
    "spectral_decrease": {
        "dmean": 2.02533834148e-09,
        "dmean2": 2.98983859892e-09,
        "dvar": 1.15558182093e-17,
        "dvar2": 2.23679398366e-17,
        "max": 2.12530413816e-28,
        "mean": -9.93167503793e-09,
        "median": -9.92515847287e-09,
        "min": -5.39803934885e-08,
        "var": 4.68641657584e-17
    },
    "spectral_energy": {
        "dmean": 0.00789207685739,
        "dmean2": 0.0117193367332,
        "dvar": 0.000174701446667,
        "dvar2": 0.000348454515915,
        "max": 0.207658588886,
        "mean": 0.04239436239,
        "median": 0.0436579994857,
        "min": 1.00765300452e-20,
        "var": 0.000765141972806
    },
    "spectral_energyband_high": {
        "dmean": 0.00135947647505,
        "dmean2": 0.00218407274224,
        "dvar": 5.73851184527e-06,
        "dvar2": 1.40450747494e-05,
        "max": 0.0247932132334,
        "mean": 0.00357222370803,
        "median": 0.00263510877267,
        "min": 7.31476704254e-21,
        "var": 1.3541246517e-05
    },
    "spectral_energyband_low": {
        "dmean": 0.00639695813879,
        "dmean2": 0.0090044150129,
        "dvar": 0.000170778948814,
        "dvar2": 0.000322385923937,
        "max": 0.182091981173,
        "mean": 0.0239458847791,
        "median": 0.0217448808253,
        "min": 2.21382516562e-23,
        "var": 0.000574101926759
    },
    "spectral_energyband_middle_high": {
        "dmean": 0.00290751946159,
        "dmean2": 0.00456115650013,
        "dvar": 1.22259725686e-05,
        "dvar2": 2.7806370781e-05,
        "max": 0.044319100678,
        "mean": 0.00914395321161,
        "median": 0.00844440050423,
        "min": 1.09928850091e-21,
        "var": 4.01313081966e-05
    },
    "spectral_energyband_middle_low": {
        "dmean": 0.0037838188,
        "dmean2": 0.00646417727694,
        "dvar": 8.58923231135e-05,
        "dvar2": 0.000240759720327,
        "max": 0.115365333855,
        "mean": 0.00610763020813,
        "median": 0.00429474888369,
        "min": 1.89661725366e-22,
        "var": 6.27901608823e-05
    },
    "spectral_entropy": {
        "dmean": 0.142506897449,
        "dmean2": 0.2203155756,
        "dvar": 0.0313533619046,
        "dvar2": 0.0630097165704,
        "max": 9.81768798828,
        "mean": 7.91180229187,
        "median": 8.09321308136,
        "min": 3.79435348511,
        "var": 0.359676450491
    },
    "spectral_flux": {
        "dmean": 0.0257029403001,
        "dmean2": 0.0384676456451,
        "dvar": 0.001293409965,
        "dvar2": 0.00216572661884,
        "max": 0.460750609636,
        "mean": 0.0959867984056,
        "median": 0.0843520313501,
        "min": 6.4752925244e-11,
        "var": 0.00376173201948
    },
    "spectral_kurtosis": {
        "dmean": 1.86299622059,
        "dmean2": 3.06314921379,
        "dvar": 44.8930854797,
        "dvar2": 97.3644638062,
        "max": 561.802734375,
        "mean": 6.10871744156,
        "median": 3.32492399216,
        "min": -1.25154447556,
        "var": 201.11366272
    },
    "spectral_rms": {
        "dmean": 0.000601375068072,
        "dmean2": 0.000890790426638,
        "dvar": 7.9899962202e-07,
        "dvar2": 1.596268703e-06,
        "max": 0.0142335426062,
        "mean": 0.00599339790642,
        "median": 0.00652634399012,
        "min": 3.13540447945e-12,
        "var": 5.43963233213e-06
    },
    "spectral_rolloff": {
        "dmean": 1049.27380371,
        "dmean2": 1738.09094238,
        "dvar": 3381346,
        "dvar2": 7632858.5,
        "max": 19466.015625,
        "mean": 2685.19580078,
        "median": 1765.72265625,
        "min": 43.06640625,
        "var": 7708177.5
    },
    "spectral_skewness": {
        "dmean": 0.212461084127,
        "dmean2": 0.33878070116,
        "dvar": 0.116260126233,
        "dvar2": 0.269901543856,
        "max": 20.7648010254,
        "mean": 1.76687180996,
        "median": 1.5931930542,
        "min": -0.161175489426,
        "var": 0.857324540615
    },
    "spectral_spread": {
        "dmean": 750888,
        "dmean2": 1134773.375,
        "dvar": 1.04563946291e+12,
        "dvar2": 1.83770192282e+12,
        "max": 42305456,
        "mean": 6570089,
        "median": 6667358.5,
        "min": 222942.609375,
        "var": 9.01190464307e+12
    },
    "spectral_strongpeak": {
        "dmean": 0.45141518116,
        "dmean2": 0.776038348675,
        "dvar": 1.11958110332,
        "dvar2": 2.82954668999,
        "max": 15.9369707108,
        "mean": 0.860427796841,
        "median": 0.339939624071,
        "min": 0,
        "var": 1.7577303648
    },
    "zerocrossingrate": {
        "dmean": 0.0175219345838,
        "dmean2": 0.0201184693724,
        "dvar": 0.000516617728863,
        "dvar2": 0.000622345833108,
        "max": 0.80419921875,
        "mean": 0.103946894407,
        "median": 0.0947265625,
        "min": 0.00146484375,
        "var": 0.00402598734945
    },
    "barkbands": {
        "dmean": [0.00112264440395, 0.00532393157482, 0.00244519882835, 0.00120832643006, 0.00116903812159, 0.000701725366525, 0.000521267240401, 0.000554410973564, 0.000740495277569, 0.000590430223383, 0.000651455193292, 0.0010615279898, 0.00053559045773, 0.000514502404258, 0.000444811535999, 0.00028479739558, 0.000360753620043, 0.000236245949054, 0.000225335912546, 0.000311513664201, 0.000213423656533, 0.00018411075871, 0.000177537862328, 0.000253262696788, 0.000303458829876, 0.000435887690401, 0.000178023678018],
        "dmean2": [0.0015650318237, 0.00708761811256, 0.00429202476516, 0.00222845608369, 0.00198553712107, 0.00117460102774, 0.000912117422558, 0.000919456360862, 0.00122947013006, 0.000962652091403, 0.00106101902202, 0.00173741090111, 0.000846403941978, 0.000827242503874, 0.000704366480932, 0.000460211420432, 0.0005718585453, 0.000390635628719, 0.000358205666998, 0.000490605423693, 0.000355885218596, 0.000306797621306, 0.000294796394883, 0.000417481147451, 0.000500476395246, 0.000709097483195, 0.000294002325973],
        "dvar": [4.5989577302e-06, 0.000117910458357, 0.000103631813545, 2.30875775742e-05, 9.61824207479e-06, 3.20408753396e-06, 2.34343997363e-06, 1.89000718365e-06, 1.3336863276e-06, 1.37079177875e-06, 1.34007746055e-06, 2.88954220196e-06, 1.1588150528e-06, 7.92958928741e-07, 1.1186705251e-06, 1.94465954451e-07, 5.42730617781e-07, 1.87147918496e-07, 2.76041021152e-07, 4.46895739969e-07, 2.1687802132e-07, 1.30165403789e-07, 9.37394801781e-08, 1.51709201646e-07, 2.61654065525e-07, 7.48969910092e-07, 9.92129827182e-08],
        "dvar2": [9.27612109081e-06, 0.000178271991899, 0.000284977897536, 6.80225130054e-05, 2.71932240139e-05, 8.41502060211e-06, 6.57892405798e-06, 4.92652134199e-06, 3.42222551808e-06, 3.44669501828e-06, 3.21851484841e-06, 7.32921671442e-06, 2.29893521464e-06, 1.86246359135e-06, 2.25037501878e-06, 4.66611595584e-07, 1.29725401621e-06, 4.73997516792e-07, 5.68057544115e-07, 9.24763412513e-07, 5.82926361403e-07, 3.41279303484e-07, 2.44892618184e-07, 3.8123684476e-07, 6.56870554394e-07, 1.86561783266e-06, 2.48906758316e-07],
        "max": [0.0652078092098, 0.148478582501, 0.131096884608, 0.0477776825428, 0.0412220992148, 0.0233791060746, 0.0271640717983, 0.0247556194663, 0.0297526754439, 0.0217944607139, 0.0172050204128, 0.0332907885313, 0.0280539393425, 0.0156017960981, 0.0261500906199, 0.00786697864532, 0.0189522579312, 0.0105375312269, 0.00947139970958, 0.00856158602983, 0.00838165171444, 0.00460971705616, 0.00587487686425, 0.00595714244992, 0.00732141546905, 0.011839739047, 0.00487906998023],
        "mean": [0.00409957766533, 0.0175477508456, 0.00203242804855, 0.000986853498034, 0.00167581322603, 0.000846884038765, 0.000538644206244, 0.000727536622435, 0.00111850711983, 0.000851965101901, 0.00101952336263, 0.00208429223858, 0.000923410640098, 0.000918167643249, 0.000755063316319, 0.000527119205799, 0.000750718812924, 0.000487877259729, 0.000475921318866, 0.000704742386006, 0.000391099805711, 0.000341830716934, 0.000353441602783, 0.000476898014313, 0.000581273459829, 0.00086598447524, 0.000311090261675],
        "median": [0.00138324825093, 0.0143990106881, 0.000287695613224, 0.000244093098445, 0.000661314232275, 0.000320503168041, 0.00018369119789, 0.00028956955066, 0.00058036489645, 0.000305768830003, 0.000401480559958, 0.000792097300291, 0.0003981939808, 0.00047038696357, 0.000329265341861, 0.000326776877046, 0.000260614120634, 0.000258192594629, 0.000183980417205, 0.000200092385057, 0.000211402235436, 0.000196493667318, 0.000217336521018, 0.00029835884925, 0.000348561035935, 0.000541144167073, 0.000181046358193],
        "min": [1.63302243901e-24, 6.41366635139e-24, 1.25964471181e-25, 1.47400444938e-24, 9.88001031021e-24, 4.23522617276e-24, 9.84813007445e-24, 8.2051442236e-24, 2.83763775235e-23, 3.86655029321e-23, 2.27751653293e-23, 2.53191171086e-23, 4.05463051023e-23, 4.43839240796e-23, 5.25904724756e-23, 6.5711886213e-23, 8.13932103858e-23, 6.97597713314e-23, 1.60985053739e-22, 1.92900169775e-22, 2.52963736176e-22, 2.87647085036e-22, 4.1390173594e-22, 6.50723257538e-22, 7.42238342198e-22, 1.35317357613e-21, 2.02408813875e-21],
        "var": [2.50411449088e-05, 0.000373090908397, 6.60873920424e-05, 1.29496747832e-05, 8.70457370183e-06, 3.00607553072e-06, 1.61823277267e-06, 2.07172683986e-06, 2.54029919233e-06, 2.46456170316e-06, 2.77668209492e-06, 9.28836288949e-06, 2.96829330182e-06, 1.73365026512e-06, 2.58719137491e-06, 4.33551861079e-07, 1.46925549416e-06, 4.5206707e-07, 7.63323953379e-07, 1.4212687347e-06, 4.10029883824e-07, 2.22827026164e-07, 2.19079979047e-07, 3.04951925045e-07, 4.97837220337e-07, 1.31013860027e-06, 1.83349911254e-07]
    },
    "erbbands": {
        "dmean": [0.249098598957, 1.05033409595, 2.53598809242, 3.5715277195, 4.08746194839, 3.73100376129, 4.51880216599, 6.73201274872, 7.10992336273, 8.77123165131, 11.9253549576, 13.5047388077, 21.2035446167, 21.6411323547, 30.0397701263, 31.5129985809, 22.6537952423, 22.1986751556, 24.6966362, 18.8209991455, 16.001033783, 20.0331172943, 14.0968675613, 8.26112747192, 15.6489181519, 13.73528862, 10.4925870895, 7.17886543274, 7.14645814896, 5.35775995255, 4.95093584061, 5.8458981514, 4.54444265366, 3.42681193352, 2.51287770271, 1.86714792252, 0.89256298542, 0.268726766109, 0.0287727918476, 0.000393210240873],
        "dmean2": [0.307459414005, 1.36400640011, 4.12863683701, 6.42912817001, 7.09307098389, 6.33365488052, 7.48639535904, 11.3569746017, 12.3311719894, 15.0467510223, 19.9098014832, 22.7347621918, 34.2927589417, 35.259803772, 48.7690811157, 50.8611297607, 36.2459907532, 35.7868919373, 38.1434440613, 30.2183952332, 25.7388954163, 31.9627571106, 22.8575286865, 13.75623703, 24.3536815643, 21.5377960205, 17.5224552155, 12.003074646, 12.0158996582, 8.91748046875, 8.21749401093, 9.65014839172, 7.56759119034, 5.71352434158, 4.1655921936, 3.01859283447, 1.48256027699, 0.444236665964, 0.0476225055754, 0.000647047534585],
        "dvar": [0.179158911109, 7.03736782074, 93.7096252441, 211.765609741, 138.117904663, 102.922904968, 135.994628906, 332.631530762, 464.041931152, 616.151000977, 683.575805664, 437.665161133, 1330.65454102, 1488.83813477, 2160.54394531, 2294.39013672, 1991.07336426, 1537.37243652, 2831.9296875, 1499.10827637, 706.562683105, 1870.99523926, 672.371337891, 275.193817139, 1466.68762207, 893.913269043, 697.165527344, 248.781082153, 218.890914917, 93.5760421753, 73.1516494751, 80.5242385864, 54.4258003235, 31.6067237854, 17.610080719, 13.2595643997, 3.12532711029, 0.238665550947, 0.00258928257972, 4.99719533309e-07],
        "dvar2": [0.237299993634, 11.7665367126, 242.1875, 602.521606445, 399.861907959, 286.469696045, 343.572265625, 898.010559082, 1328.86169434, 1681.02880859, 1770.80529785, 1181.30480957, 3285.46899414, 3752.6862793, 5365.89208984, 5648.328125, 4255.80957031, 3114.42675781, 5894.22021484, 3429.5, 1494.92077637, 4563.57958984, 1636.19934082, 735.791381836, 2788.48217773, 1807.07568359, 1949.83227539, 588.997741699, 582.055114746, 248.869338989, 188.676345825, 203.561660767, 139.739959717, 81.0508270264, 44.5985221863, 31.6298675537, 8.20753097534, 0.601771295071, 0.00653020106256, 1.2420451867e-06],
        "max": [4.90123939514, 38.4439926147, 127.404411316, 163.671279907, 145.277374268, 133.999572754, 185.568359375, 264.185394287, 396.631744385, 540.435424805, 477.878204346, 384.359893799, 592.043884277, 727.285888672, 707.285461426, 735.153381348, 1024.16723633, 938.657226562, 1254.87585449, 643.191223145, 712.079711914, 1253.7857666, 657.137817383, 244.103713989, 562.0078125, 448.143371582, 472.061126709, 482.017578125, 232.766311646, 152.070495605, 192.318527222, 181.237426758, 182.445159912, 93.7183609009, 63.4988174438, 51.3331069946, 24.6515254974, 6.81759166718, 0.804249942303, 0.0107562309131],
        "mean": [0.930654466152, 2.24128007889, 2.49616241455, 3.06256270409, 5.02373170853, 4.68251562119, 5.75879716873, 7.93381690979, 7.80348157883, 10.3950424194, 16.1336097717, 20.762014389, 33.1332397461, 36.5082054138, 60.0300979614, 63.9740180969, 42.3912506104, 42.39112854, 45.2566719055, 37.0728759766, 31.259935379, 43.5791473389, 31.0529022217, 16.9549331665, 36.0362510681, 30.9696731567, 18.6479568481, 13.7976398468, 12.7078790665, 10.3478870392, 10.0790605545, 10.2801494598, 7.778632164, 5.8844037056, 4.50846529007, 3.37364149094, 1.62491428852, 0.522963166237, 0.0493751466274, 0.000777337001637],
        "median": [0.643892407417, 1.18495392799, 0.552012860775, 0.871377289295, 1.46370780468, 1.88991749287, 1.96708214283, 2.80971860886, 3.08971190453, 4.49524831772, 7.45807600021, 11.7429561615, 14.6032943726, 15.7721996307, 30.4904994965, 30.6653270721, 20.6593170166, 24.2582492828, 20.9087371826, 18.103887558, 20.7657337189, 16.2776355743, 15.3638505936, 10.3123674393, 9.82679271698, 9.10486698151, 9.27383327484, 8.07308673859, 7.12783384323, 6.45677757263, 6.18677616119, 6.25771999359, 4.64994382858, 3.40981817245, 2.59382629395, 1.9203389883, 0.984408259392, 0.345044255257, 0.0279927477241, 0.000507099262904],
        "min": [2.23304358432e-22, 4.70549092859e-22, 6.59509173781e-22, 8.68198835075e-21, 1.88703614542e-20, 2.53793002916e-20, 3.31461966637e-20, 6.55374682338e-20, 1.51080751947e-19, 2.96461686635e-19, 2.87246791214e-19, 6.18090963793e-19, 9.80415821028e-19, 1.11540053006e-18, 1.12581804269e-18, 1.09924207378e-18, 1.67699836674e-18, 2.72815353638e-18, 2.8249954998e-18, 3.02439876019e-18, 3.68834375745e-18, 5.08848508336e-18, 4.36761289595e-18, 7.60082037368e-18, 8.47860789611e-18, 8.88663293123e-18, 1.00507167626e-17, 9.61813438951e-18, 1.1524609512e-17, 1.15788105216e-17, 1.27261464272e-17, 1.09398399682e-17, 1.05544854721e-17, 7.47260655156e-18, 6.88721165923e-18, 4.57520048812e-18, 2.29440483857e-18, 9.17616579116e-19, 2.71212799768e-19, 3.09694062583e-20],
        "var": [0.891310572624, 14.9514884949, 73.0919876099, 127.043670654, 113.035140991, 83.3656082153, 150.094360352, 284.592895508, 308.821014404, 464.147186279, 771.878540039, 694.021057129, 2478.21069336, 3458.88623047, 5701.65039062, 6953.61132812, 5089.46630859, 3778.88012695, 6229.484375, 4364.10302734, 1904.02270508, 4901.54248047, 1925.16357422, 440.025360107, 4690.53027344, 2850.10571289, 1024.57324219, 700.182617188, 371.35446167, 157.620834351, 179.606903076, 171.325378418, 96.4290618896, 55.4062271118, 32.0639457703, 22.8534812927, 4.84245872498, 0.445335030556, 0.00467703910545, 9.72959924184e-07]
    },
    "gfcc": {
        "mean": [28.0347652435, 32.4427146912, -99.0242843628, 6.96195602417, -38.7372589111, 22.9276790619, -25.3316383362, 14.5035629272, -21.5412464142, 9.09968185425, -15.2406797409, 9.66737747192, -10.3553152084],
        "cov": [[22818.8144531, -4048.8203125, 556.894348145, 1210.421875, 170.599609375, 562.351501465, -133.548233032, 576.676025391, -518.16015625, 497.592193604, -314.618988037, 379.419250488, -347.524993896], [-4048.8203125, 3702.26782227, 54.3979263306, -46.5643844604, 339.798858643, 81.5605621338, 370.190734863, -62.396938324, 295.786102295, -167.729827881, 226.801971436, -29.7350902557, 220.561416626], [556.894348145, 54.3979263306, 1488.83325195, 576.516784668, 357.130767822, 352.775390625, 230.673614502, 231.165130615, 102.418144226, 162.719619751, 74.0043716431, 117.856315613, 51.219619751], [1210.421875, -46.5643844604, 576.516784668, 736.212280273, 271.183624268, 83.3312454224, 82.8936767578, 142.393096924, -8.33223056793, 90.4761962891, -10.422121048, 7.63350629807, 7.26401662827], [170.599609375, 339.798858643, 357.130767822, 271.183624268, 471.966827393, 170.14503479, 219.748306274, 163.544876099, 91.6415557861, 83.8675765991, 75.5365600586, 27.8476486206, 28.5164985657], [562.351501465, 81.5605621338, 352.775390625, 83.3312454224, 170.14503479, 466.224639893, 231.530731201, 158.231918335, 131.811019897, 105.057861328, 96.1814727783, 103.322692871, 17.8415393829], [-133.548233032, 370.190734863, 230.673614502, 82.8936767578, 219.748306274, 231.530731201, 371.435760498, 148.194915771, 133.995742798, 54.7008781433, 96.4992523193, 81.6585006714, 46.2475814819], [576.676025391, -62.396938324, 231.165130615, 142.393096924, 163.544876099, 158.231918335, 148.194915771, 255.19102478, 94.1568222046, 96.732093811, 54.7756614685, 33.0013313293, 21.3374633789], [-518.16015625, 295.786102295, 102.418144226, -8.33223056793, 91.6415557861, 131.811019897, 133.995742798, 94.1568222046, 195.844909668, 86.6777648926, 82.8317337036, 35.0514945984, 33.0000686646], [497.592193604, -167.729827881, 162.719619751, 90.4761962891, 83.8675765991, 105.057861328, 54.7008781433, 96.732093811, 86.6777648926, 162.334991455, 59.8105430603, 47.8882675171, 11.2650899887], [-314.618988037, 226.801971436, 74.0043716431, -10.422121048, 75.5365600586, 96.1814727783, 96.4992523193, 54.7756614685, 82.8317337036, 59.8105430603, 143.898406982, 75.2146377563, 40.247844696], [379.419250488, -29.7350902557, 117.856315613, 7.63350629807, 27.8476486206, 103.322692871, 81.6585006714, 33.0013313293, 35.0514945984, 47.8882675171, 75.2146377563, 142.819259644, 40.1197547913], [-347.524993896, 220.561416626, 51.219619751, 7.26401662827, 28.5164985657, 17.8415393829, 46.2475814819, 21.3374633789, 33.0000686646, 11.2650899887, 40.247844696, 40.1197547913, 105.186294556]],
        "icov": [[8.6412204837e-05, 9.11400911718e-06, 7.77642344474e-05, -0.00010903000657, 1.449197498e-06, -0.000115271890536, 5.15649880981e-05, -0.000215222215047, 0.000337838573614, -0.000282970373519, 0.000319840328302, -0.000404404330766, 0.000232375270571], [9.11400911718e-06, 0.000595777411945, -9.66667812463e-06, -0.000118280644529, -0.000332677969709, 1.01149662441e-05, -0.00025067749084, 0.000620359322056, -0.00101590075064, 0.00126444082707, -0.00088987959316, 0.000713342276867, -0.000881709856912], [7.77642344474e-05, -9.66667812463e-06, 0.00129578821361, -0.000864842091687, -0.000220578498556, -0.000686996674631, 0.000136910210131, -0.000308625254547, 0.000241740141064, -0.000442741787992, 0.000583524408285, -0.000911359442398, -1.94105105038e-05], [-0.00010903000657, -0.000118280644529, -0.000864842091687, 0.00267458870076, -0.000921547762118, 0.000531547004357, -2.7118698199e-05, -0.000364923558664, 0.000811460951809, -0.00083330477355, 0.000491700018756, 0.000613126496319, -0.000217488675844], [1.449197498e-06, -0.000332677969709, -0.000220578498556, -0.000921547762118, 0.00424569053575, -9.52070840867e-05, -0.0015639718622, -0.000997623661533, 0.000768684083596, -0.00106126687024, -0.000802997150458, 0.000993398833089, 0.00042940347339], [-0.000115271890536, 1.01149662441e-05, -0.000686996674631, 0.000531547004357, -9.52070840867e-05, 0.00430006999522, -0.00147218292113, -0.000499745190609, -0.00125639536418, -0.000110849250632, -0.0005245077773, -0.000918781734072, 0.000898030237295], [5.15649880981e-05, -0.00025067749084, 0.000136910210131, -2.7118698199e-05, -0.0015639718622, -0.00147218292113, 0.00624357769266, -0.00175901735201, -0.00168577570003, 0.00168404111173, 0.000213341205381, -0.0023833794985, 9.25589702092e-05], [-0.000215222215047, 0.000620359322056, -0.000308625254547, -0.000364923558664, -0.000997623661533, -0.000499745190609, -0.00175901735201, 0.00827963836491, -0.0026363262441, -0.000355015479727, -0.00170039886143, 0.00283375917934, -0.00195243395865], [0.000337838573614, -0.00101590075064, 0.000241740141064, 0.000811460951809, 0.000768684083596, -0.00125639536418, -0.00168577570003, -0.0026363262441, 0.0135388746858, -0.00747261522338, -7.68392055761e-05, -6.63901300868e-05, 0.000960800505709], [-0.000282970373519, 0.00126444082707, -0.000442741787992, -0.00083330477355, -0.00106126687024, -0.000110849250632, 0.00168404111173, -0.000355015479727, -0.00747261522338, 0.0151859112084, -0.00465403310955, 0.000397205614718, -0.00132771220524], [0.000319840328302, -0.00088987959316, 0.000583524408285, 0.000491700018756, -0.000802997150458, -0.0005245077773, 0.000213341205381, -0.00170039886143, -7.68392055761e-05, -0.00465403310955, 0.0159102734178, -0.00768372509629, 0.00052779779071], [-0.000404404330766, 0.000713342276867, -0.000911359442398, 0.000613126496319, 0.000993398833089, -0.000918781734072, -0.0023833794985, 0.00283375917934, -6.63901300868e-05, 0.000397205614718, -0.00768372509629, 0.0154723385349, -0.00505391741171], [0.000232375270571, -0.000881709856912, -1.94105105038e-05, -0.000217488675844, 0.00042940347339, 0.000898030237295, 9.25589702092e-05, -0.00195243395865, 0.000960800505709, -0.00132771220524, 0.00052779779071, -0.00505391741171, 0.0138010662049]]
    },
    "melbands": {
        "dmean": [0.0017796815373, 0.00117740593851, 0.000623328960501, 0.000268394505838, 0.000161841671797, 0.000144284640555, 0.000109110289486, 0.000103741913335, 9.23055558815e-05, 9.85985170701e-05, 0.00010877182649, 8.87374553713e-05, 8.86546768015e-05, 0.000142517819768, 5.15025458299e-05, 5.50234290131e-05, 4.24391255365e-05, 4.49317267339e-05, 3.29686590703e-05, 2.1249812562e-05, 1.98858451768e-05, 2.23704664677e-05, 1.7792577637e-05, 1.12833131425e-05, 6.49005687592e-06, 1.00453053165e-05, 1.39303565447e-05, 8.90152932698e-06, 7.53409449317e-06, 5.03010005559e-06, 4.23407755079e-06, 4.38099641542e-06, 3.61662546311e-06, 3.15852707899e-06, 2.93021253128e-06, 3.813795729e-06, 3.65824689652e-06, 3.47396166944e-06, 3.34058859153e-06, 3.14982048621e-06],
        "dmean2": [0.00226067844778, 0.00165915861726, 0.00109778856859, 0.000462870899355, 0.000267576600891, 0.000242956404691, 0.000189622471225, 0.000175274544745, 0.000155511996127, 0.000164565586601, 0.000175623281393, 0.000144564983202, 0.000143719953485, 0.000234347302467, 8.26417744975e-05, 8.74877441674e-05, 6.88026921125e-05, 6.97467039572e-05, 5.32648409717e-05, 3.39310172421e-05, 3.18854108627e-05, 3.60489029845e-05, 2.79346859315e-05, 1.90170612768e-05, 1.09263055492e-05, 1.58060865942e-05, 2.1727890271e-05, 1.40996589835e-05, 1.26423965412e-05, 8.3797476691e-06, 7.1350309554e-06, 7.44498584027e-06, 5.98469478064e-06, 5.31992009201e-06, 4.9202185437e-06, 6.35790001979e-06, 6.06220328336e-06, 5.79399466005e-06, 5.60501348446e-06, 5.29517910763e-06],
        "dvar": [9.84876169241e-06, 1.37639335662e-05, 5.51010225536e-06, 5.47680940599e-07, 1.75824311555e-07, 1.48907091102e-07, 1.0450470711e-07, 7.92708050312e-08, 3.7524909402e-08, 2.36916264384e-08, 3.55583047451e-08, 2.56662087139e-08, 2.05043875212e-08, 5.8506405054e-08, 7.82799514099e-09, 1.33375470668e-08, 5.65874458403e-09, 8.7011793326e-09, 5.00335550768e-09, 1.54651969009e-09, 1.40914535596e-09, 2.5827771033e-09, 1.2548719841e-09, 4.80728623575e-10, 1.69525130045e-10, 6.71597166768e-10, 1.10837394818e-09, 4.30489616177e-10, 3.61030066953e-10, 1.24018351144e-10, 8.57376947216e-11, 8.2366655163e-11, 5.13726665374e-11, 3.36365379994e-11, 2.69839931649e-11, 4.12122627691e-11, 3.21679037574e-11, 2.89721285157e-11, 3.37561610608e-11, 2.67244698593e-11],
        "dvar2": [1.3176210814e-05, 3.03974284179e-05, 1.55412053573e-05, 1.57298893555e-06, 4.47824419325e-07, 3.99248619942e-07, 2.97859543252e-07, 2.13613702726e-07, 9.94603013282e-08, 6.19014244307e-08, 8.78411370309e-08, 6.50515090683e-08, 4.97370464814e-08, 1.48717148818e-07, 1.91737221655e-08, 2.44631745971e-08, 1.23418244513e-08, 1.90635045527e-08, 1.10302407208e-08, 3.61724339371e-09, 2.70923417034e-09, 6.49072395831e-09, 2.69640842987e-09, 1.31858135521e-09, 4.55765286622e-10, 1.3941139354e-09, 2.20527884842e-09, 8.91658524793e-10, 9.74686664712e-10, 3.27973564973e-10, 2.05622699423e-10, 2.231940327e-10, 1.26977095505e-10, 9.28056520522e-11, 7.18951218004e-11, 1.03748634683e-10, 8.25078894096e-11, 7.63123106373e-11, 8.67054414377e-11, 6.98683680356e-11],
        "max": [0.0392858050764, 0.0503762774169, 0.0262071713805, 0.00936568528414, 0.00669285934418, 0.00562482653186, 0.0058228042908, 0.00549275055528, 0.00358525617048, 0.0035930746235, 0.00303352205083, 0.00271458015777, 0.00225714128464, 0.00455057388172, 0.00115606968757, 0.00333060440607, 0.00146497809328, 0.00206013140269, 0.0014469580492, 0.000626384746283, 0.00111241079867, 0.00148327113129, 0.000683101650793, 0.000363390980056, 0.000202222377993, 0.00051054864889, 0.000603184336796, 0.000338144076522, 0.000299518665997, 0.000236861771555, 0.000293432967737, 0.000149005136336, 0.000151224987349, 0.000103078047687, 0.000129152249428, 0.000146432081237, 0.000119551121315, 9.76246883511e-05, 0.000181240524398, 6.06194116699e-05],
        "mean": [0.00644644908607, 0.0018062221352, 0.000599056307692, 0.000353293784428, 0.000207805569516, 0.000171469859197, 0.000119174386782, 0.000129926324007, 0.000123136749608, 0.000149337472976, 0.000166858153534, 0.000142868520925, 0.000159778515808, 0.000278654159047, 8.59221618157e-05, 9.4958988484e-05, 7.70071710576e-05, 7.85558659118e-05, 5.56716913707e-05, 4.03591766371e-05, 3.53818722942e-05, 4.54322907899e-05, 3.69787048839e-05, 2.14310402953e-05, 1.15714283311e-05, 2.0813280571e-05, 3.2100117096e-05, 1.74784672708e-05, 1.21084140119e-05, 9.00546365301e-06, 7.59534714234e-06, 7.21013611837e-06, 6.38286246613e-06, 5.56101758775e-06, 5.45622424397e-06, 6.66613641442e-06, 6.0537763602e-06, 5.46021374248e-06, 5.10522113473e-06, 4.90647789775e-06],
        "median": [0.00509125040844, 0.000668200023938, 0.000183965807082, 0.00012818351388, 7.14431153028e-05, 6.21773506282e-05, 4.65116136183e-05, 5.4181964515e-05, 5.82291722822e-05, 7.70340411691e-05, 6.82160243741e-05, 5.44640570297e-05, 8.59560677782e-05, 9.55788709689e-05, 3.67710636056e-05, 4.37613016402e-05, 4.11915898439e-05, 3.06757501676e-05, 2.56625808106e-05, 1.98233901756e-05, 2.00724134629e-05, 1.51967979036e-05, 1.42080252772e-05, 1.14824515549e-05, 6.93061474522e-06, 6.98599933457e-06, 6.96050892657e-06, 5.55837323191e-06, 5.80314872423e-06, 4.3540749175e-06, 4.34524145021e-06, 3.96615587306e-06, 3.48775870407e-06, 3.47846253135e-06, 3.33312868861e-06, 3.58310012416e-06, 3.67774850929e-06, 3.11862322633e-06, 2.82851692646e-06, 2.67063774118e-06],
        "min": [2.56446807931e-24, 7.05209404578e-25, 1.61099034279e-24, 2.00165566091e-24, 2.25224738543e-24, 2.05145033618e-24, 2.19233478018e-24, 2.87425079856e-24, 2.44563624191e-24, 3.34595116291e-24, 3.74771407764e-24, 4.18626512625e-24, 2.82669885484e-24, 2.76796993538e-24, 2.07942768262e-24, 3.39881233774e-24, 3.48348708959e-24, 3.54398483241e-24, 3.45170191156e-24, 4.0248093592e-24, 4.62403678028e-24, 3.83887050511e-24, 3.85004274768e-24, 3.36659131407e-24, 5.78578513565e-24, 6.43357522848e-24, 4.83622774201e-24, 5.27677815858e-24, 5.84346664504e-24, 5.90796627923e-24, 4.93163218546e-24, 5.1522734252e-24, 6.31840508619e-24, 4.9142417468e-24, 6.3584212389e-24, 6.46861721875e-24, 6.97613758745e-24, 7.10277027312e-24, 6.89475159671e-24, 5.35454564434e-24],
        "var": [4.21860604547e-05, 1.78239442903e-05, 3.46601632373e-06, 4.47412730864e-07, 1.89535327877e-07, 1.29564725171e-07, 7.0124208662e-08, 6.75841960174e-08, 4.02394526589e-08, 4.27119033475e-08, 6.78926781461e-08, 5.64898776645e-08, 4.12697254148e-08, 1.83479016869e-07, 1.74833747479e-08, 3.50965230211e-08, 1.30154242939e-08, 1.85128730124e-08, 1.13573657146e-08, 4.23285406725e-09, 4.03828170903e-09, 6.34662855603e-09, 3.83805121018e-09, 8.87372342273e-10, 2.56657750608e-10, 1.80978210196e-09, 3.77909836757e-09, 1.09206477195e-09, 4.91508611589e-10, 2.44896825041e-10, 2.40935854601e-10, 1.25403451512e-10, 8.9878403331e-11, 4.81382850248e-11, 5.11942953307e-11, 1.23675195085e-10, 5.61938169608e-11, 4.81897195759e-11, 5.7213518645e-11, 4.128659567e-11]
    },
    "mfcc": {
        "mean": [-623.471496582, 87.0651702881, -2.38375973701, 2.29866123199, 7.60102462769, 10.0454387665, 9.69050788879, 8.85477638245, 5.83550882339, 4.15479183197, 1.51311171055, 3.56549477577, 2.5580470562],
        "cov": [[11360.2216797, -1512.42529297, 95.4758605957, 430.212615967, 235.123352051, 233.570343018, 278.157562256, 69.759475708, -8.13061237335, 215.633605957, 15.034696579, 57.9559364319, -15.0705709457], [-1512.42529297, 2619.72631836, 138.852493286, 36.0898017883, 101.902915955, 195.67980957, 165.414611816, 231.543716431, 176.476837158, -35.2284660339, 117.040130615, 59.4366722107, 127.414024353], [95.4758605957, 138.852493286, 997.110412598, 335.48840332, 268.487884521, 226.805801392, 202.897201538, 154.33354187, 149.677200317, 91.0430450439, 84.1823730469, 99.2512054443, 86.4689712524], [430.212615967, 36.0898017883, 335.48840332, 700.941162109, 251.586654663, 86.2524642944, 143.924850464, 41.1523246765, 70.456199646, 102.436943054, 7.47432374954, 6.62755584717, 8.08076477051], [235.123352051, 101.902915955, 268.487884521, 251.586654663, 346.962615967, 123.187782288, 154.361160278, 64.6945648193, 90.5357971191, 103.235214233, 73.8165283203, 64.1381912231, 41.0356025696], [233.570343018, 195.67980957, 226.805801392, 86.2524642944, 123.187782288, 291.744293213, 151.098098755, 138.746688843, 94.7987518311, 58.1638450623, 90.3502044678, 75.3348770142, 65.2239074707], [278.157562256, 165.414611816, 202.897201538, 143.924850464, 154.361160278, 151.098098755, 283.798278809, 176.828048706, 127.781143188, 85.8959655762, 84.0999603271, 73.2774658203, 77.9076461792], [69.759475708, 231.543716431, 154.33354187, 41.1523246765, 64.6945648193, 138.746688843, 176.828048706, 235.740036011, 117.341819763, 56.6630821228, 91.2590484619, 70.8318481445, 73.9019546509], [-8.13061237335, 176.476837158, 149.677200317, 70.456199646, 90.5357971191, 94.7987518311, 127.781143188, 117.341819763, 177.663665771, 104.028083801, 72.2598876953, 58.6792755127, 56.2921295166], [215.633605957, -35.2284660339, 91.0430450439, 102.436943054, 103.235214233, 58.1638450623, 85.8959655762, 56.6630821228, 104.028083801, 183.397918701, 75.9363708496, 53.4445304871, 44.171497345], [15.034696579, 117.040130615, 84.1823730469, 7.47432374954, 73.8165283203, 90.3502044678, 84.0999603271, 91.2590484619, 72.2598876953, 75.9363708496, 156.702575684, 84.4533233643, 67.6418304443], [57.9559364319, 59.4366722107, 99.2512054443, 6.62755584717, 64.1381912231, 75.3348770142, 73.2774658203, 70.8318481445, 58.6792755127, 53.4445304871, 84.4533233643, 126.588745117, 67.7114181519], [-15.0705709457, 127.414024353, 86.4689712524, 8.08076477051, 41.0356025696, 65.2239074707, 77.9076461792, 73.9019546509, 56.2921295166, 44.171497345, 67.6418304443, 67.7114181519, 116.390892029]],
