{
"lowlevel": {
    "average_loudness": 0.823853075504,
    "barkbands_crest": {
        "dmean": 2.70108222961,
        "dmean2": 4.27019548416,
        "dvar": 7.21955156326,
        "dvar2": 17.0687179565,
        "max": 25.5652618408,
        "mean": 11.1299285889,
        "median": 10.6863098145,
        "min": 1.90580320358,
        "var": 22.8600788116
    },
    "barkbands_flatness_db": {
        "dmean": 0.0207218378782,
        "dmean2": 0.0311513971537,
        "dvar": 0.000511815364007,
        "dvar2": 0.00101015903056,
        "max": 0.644869208336,
        "mean": 0.123051866889,
        "median": 0.105246290565,
        "min": 0.0142353912815,
        "var": 0.00422046426684
    },
    "barkbands_kurtosis": {
        "dmean": 2.50795125961,
        "dmean2": 3.93186426163,
        "dvar": 56.3325691223,
        "dvar2": 152.984405518,
        "max": 292.789916992,
        "mean": 3.32721424103,
        "median": 1.36765003204,
        "min": -1.8496850729,
        "var": 61.4272880554
    },
    "barkbands_skewness": {
        "dmean": 0.531182348728,
        "dmean2": 0.805157661438,
        "dvar": 0.376212418079,
        "dvar2": 0.849155008793,
        "max": 13.0054826736,
        "mean": 1.24880921841,
        "median": 1.1899368763,
        "min": -5.28950977325,
        "var": 1.77247977257
    },
    "barkbands_spread": {
        "dmean": 7.17973136902,
        "dmean2": 11.2468585968,
        "dvar": 76.6302337646,
        "dvar2": 180.479049683,
        "max": 104.443473816,
        "mean": 30.1855621338,
        "median": 27.2129650116,
        "min": 0.292918652296,
        "var": 324.704681396
    },
    "dissonance": {
        "dmean": 0.0212970916182,
        "dmean2": 0.0363614074886,
        "dvar": 0.000663008482661,
        "dvar2": 0.00184809428174,
        "max": 0.5,
        "mean": 0.462463855743,
        "median": 0.475033968687,
        "min": 0.203289881349,
        "var": 0.00152543722652
    },
    "dynamic_complexity": 4.05836105347,
    "erbbands_crest": {
        "dmean": 2.40999245644,
        "dmean2": 3.94054484367,
        "dvar": 5.29536056519,
        "dvar2": 13.1620864868,
        "max": 31.4898262024,
        "mean": 9.10413742065,
        "median": 7.46780061722,
        "min": 2.15129518509,
        "var": 29.1790847778
    },
    "erbbands_flatness_db": {
        "dmean": 0.0158827025443,
        "dmean2": 0.0243196487427,
        "dvar": 0.000256703409832,
        "dvar2": 0.000520963279996,
        "max": 0.498829871416,
        "mean": 0.145163908601,
        "median": 0.124061889946,
        "min": 0.0352856591344,
        "var": 0.00596837792546
    },
    "erbbands_kurtosis": {
        "dmean": 1.31479847431,
        "dmean2": 2.10080003738,
        "dvar": 7.41478586197,
        "dvar2": 18.446138382,
        "max": 96.4222412109,
        "mean": 1.63915789127,
        "median": 0.183239221573,
        "min": -1.8387131691,
        "var": 22.252910614
    },
    "erbbands_skewness": {
        "dmean": 0.369318604469,
        "dmean2": 0.571103155613,
        "dvar": 0.131916493177,
        "dvar2": 0.313290446997,
        "max": 5.95841217041,
        "mean": 0.427964448929,
        "median": 0.403011262417,
        "min": -4.73690843582,
        "var": 0.861911654472
    },
    "erbbands_spread": {
        "dmean": 8.69982242584,
        "dmean2": 13.3330259323,
        "dvar": 132.076721191,
        "dvar2": 261.225341797,
        "max": 193.602890015,
        "mean": 40.1578445435,
        "median": 38.8189468384,
        "min": 0.91610366106,
        "var": 624.298706055
    },
    "hfc": {
        "dmean": 14.6320533752,
        "dmean2": 22.7328205109,
        "dvar": 583.920349121,
        "dvar2": 1317.13452148,
        "max": 312.367828369,
        "mean": 51.98595047,
        "median": 36.8637046814,
        "min": 1.21698067502e-16,
        "var": 2535.0625
    },
    "melbands_crest": {
        "dmean": 3.68098759651,
        "dmean2": 5.76798009872,
        "dvar": 13.5252513885,
        "dvar2": 31.0808849335,
        "max": 36.9887771606,
        "mean": 17.9623470306,
        "median": 16.8866043091,
        "min": 2.04499769211,
        "var": 62.7680664062
    },
    "melbands_flatness_db": {
        "dmean": 0.0263429731131,
        "dmean2": 0.0387831889093,
        "dvar": 0.000870353484061,
        "dvar2": 0.00164016173221,
        "max": 0.812891125679,
        "mean": 0.189700469375,
        "median": 0.182811915874,
        "min": 0.00602137343958,
        "var": 0.00663714157417
    },
    "melbands_kurtosis": {
        "dmean": 9.35217285156,
        "dmean2": 14.0361785889,
        "dvar": 723.707641602,
        "dvar2": 1450.56152344,
        "max": 567.896789551,
        "mean": 15.7148895264,
        "median": 6.45355796814,
        "min": -1.84707605839,
        "var": 1231.35095215
    },
    "melbands_skewness": {
        "dmean": 0.853484332561,
        "dmean2": 1.27175211906,
        "dvar": 1.43970704079,
        "dvar2": 2.78812623024,
        "max": 21.0819454193,
        "mean": 2.56724834442,
        "median": 2.1081635952,
        "min": -3.92949199677,
        "var": 5.61963605881
    },
    "melbands_spread": {
        "dmean": 8.40916824341,
        "dmean2": 13.0333251953,
        "dvar": 132.217544556,
        "dvar2": 309.392578125,
        "max": 171.31640625,
        "mean": 28.6627674103,
        "median": 22.9092216492,
        "min": 0.29721352458,
        "var": 467.256530762
    },
    "pitch_salience": {
        "dmean": 0.0744387283921,
        "dmean2": 0.117459908128,
        "dvar": 0.00585422338918,
        "dvar2": 0.0139912869781,
        "max": 0.888890445232,
        "mean": 0.504291117191,
        "median": 0.49656188488,
        "min": 0.0902795046568,
        "var": 0.0195727273822
    },
    "silence_rate_20dB": {
        "dmean": 0,
        "dmean2": 0,
        "dvar": 0,
        "dvar2": 0,
        "max": 1,
        "mean": 1,
        "median": 1,
        "min": 1,
        "var": 0
    },
    "silence_rate_30dB": {
        "dmean": 0.0416574813426,
        "dmean2": 0.083324149251,
        "dvar": 0.0399247966707,
        "dvar2": 0.0907187089324,
        "max": 1,
        "mean": 0.931680440903,
        "median": 1,
        "min": 0,
        "var": 0.0636481568217
    },
    "silence_rate_60dB": {
        "dmean": 0.00969803798944,
        "dmean2": 0.0193982142955,
        "dvar": 0.00960384681821,
        "dvar2": 0.0229906104505,
        "max": 1,
        "mean": 0.0749311298132,
        "median": 0,
        "min": 0,
        "var": 0.0693170875311
    },
    "spectral_centroid": {
        "dmean": 257.808441162,
        "dmean2": 391.59552002,
        "dvar": 100137.835938,
        "dvar2": 213448.34375,
        "max": 10444.75,
        "mean": 1644.11755371,
        "median": 1565.07824707,
        "min": 136.477890015,
        "var": 584905.9375
    },
    "spectral_complexity": {
        "dmean": 4.27947998047,
        "dmean2": 6.46710014343,
        "dvar": 26.1727390289,
        "dvar2": 49.4977874756,
        "max": 61,
        "mean": 23.7705783844,
        "median": 23,
        "min": 0,
        "var": 199.631759644
    },
    "spectral_decrease": {
        "dmean": 2.86818058193e-09,
        "dmean2": 4.2872452255e-09,
        "dvar": 2.18432095432e-17,
        "dvar2": 4.4561056705e-17,
        "max": 1.00697957329e-28,
        "mean": -1.1524141641e-08,
        "median": -8.03365374225e-09,
        "min": -6.97661803883e-08,
        "var": 1.04848074169e-16
    },
    "spectral_energy": {
        "dmean": 0.0110532240942,
        "dmean2": 0.0166107676923,
        "dvar": 0.000318211765261,
        "dvar2": 0.000653640192468,
        "max": 0.268568456173,
        "mean": 0.0482099317014,
        "median": 0.0358526557684,
        "min": 1.06583199358e-20,
        "var": 0.00163028948009
    },
    "spectral_energyband_high": {
        "dmean": 0.00135118397884,
        "dmean2": 0.00210466003045,
        "dvar": 6.28494171906e-06,
        "dvar2": 1.46327247421e-05,
        "max": 0.0297780483961,
        "mean": 0.0038205801975,
        "median": 0.00195858231746,
        "min": 8.06261667226e-21,
        "var": 2.28588232858e-05
    },
    "spectral_energyband_low": {
        "dmean": 0.00900928769261,
        "dmean2": 0.0136011270806,
        "dvar": 0.000318006845191,
        "dvar2": 0.000665635510813,
        "max": 0.225141838193,
        "mean": 0.0264203529805,
        "median": 0.00721140904352,
        "min": 7.66401025507e-23,
        "var": 0.00122211303096
    },
    "spectral_energyband_middle_high": {
        "dmean": 0.0029941983521,
        "dmean2": 0.00459819007665,
        "dvar": 1.53196688188e-05,
        "dvar2": 3.60602316505e-05,
        "max": 0.0579722486436,
        "mean": 0.00876368582249,
        "median": 0.00704139564186,
        "min": 1.43769968134e-21,
        "var": 5.11349717272e-05
    },
    "spectral_energyband_middle_low": {
        "dmean": 0.00559127749875,
        "dmean2": 0.00925443135202,
        "dvar": 0.000155655827257,
        "dvar2": 0.000422128214268,
        "max": 0.158864870667,
        "mean": 0.0101806139573,
        "median": 0.00736238015816,
        "min": 2.20963246457e-22,
        "var": 0.000154704161105
    },
    "spectral_entropy": {
        "dmean": 0.132304683328,
        "dmean2": 0.202105984092,
        "dvar": 0.0217501148582,
        "dvar2": 0.0420423895121,
        "max": 9.79506015778,
        "mean": 7.82595729828,
        "median": 8.06936836243,
        "min": 4.46576547623,
        "var": 0.456343144178
    },
    "spectral_flux": {
        "dmean": 0.0298941712826,
        "dmean2": 0.0466281436384,
        "dvar": 0.00182180991396,
        "dvar2": 0.00369955599308,
        "max": 0.568696975708,
        "mean": 0.10463924706,
        "median": 0.0954986214638,
        "min": 1.0323913946e-10,
        "var": 0.00516504095867
    },
    "spectral_kurtosis": {
        "dmean": 1.68317008018,
        "dmean2": 2.78116130829,
        "dvar": 28.8620414734,
        "dvar2": 70.5655441284,
        "max": 220.243377686,
        "mean": 5.44907999039,
        "median": 2.57499742508,
        "min": -1.27639842033,
        "var": 86.0617523193
    },
    "spectral_rms": {
        "dmean": 0.000759793270845,
        "dmean2": 0.0011387252016,
        "dvar": 1.11131055291e-06,
        "dvar2": 2.25156168199e-06,
        "max": 0.0161869693547,
        "mean": 0.00614420510828,
        "median": 0.00591423735023,
        "min": 3.22464884656e-12,
        "var": 9.28289318836e-06
    },
    "spectral_rolloff": {
        "dmean": 868.011108398,
        "dmean2": 1398.13513184,
        "dvar": 2317280,
        "dvar2": 5034734,
        "max": 19056.8847656,
        "mean": 2444.54223633,
        "median": 1227.39257812,
        "min": 43.06640625,
        "var": 9061769
    },
    "spectral_skewness": {
        "dmean": 0.206805542111,
        "dmean2": 0.325438886881,
        "dvar": 0.115225791931,
        "dvar2": 0.263864964247,
        "max": 11.6457090378,
        "mean": 1.717648983,
        "median": 1.42679607868,
        "min": 0.0689122825861,
        "var": 0.813117027283
    },
    "spectral_spread": {
        "dmean": 683866.8125,
        "dmean2": 1050386.25,
        "dvar": 768701235200,
        "dvar2": 1.44710185779e+12,
        "max": 41176824,
        "mean": 6271488,
        "median": 6435566,
        "min": 481187.375,
        "var": 5.62480073933e+12
    },
    "spectral_strongpeak": {
        "dmean": 0.550571203232,
        "dmean2": 0.932879805565,
        "dvar": 1.38048875332,
        "dvar2": 3.54157543182,
        "max": 31.7315883636,
        "mean": 1.04065859318,
        "median": 0.485572129488,
        "min": 0,
        "var": 1.9246121645
    },
    "zerocrossingrate": {
        "dmean": 0.0162830017507,
        "dmean2": 0.0184074435383,
        "dvar": 0.000407158513553,
        "dvar2": 0.000468839658424,
        "max": 0.74658203125,
        "mean": 0.0923808217049,
        "median": 0.0712890625,
        "min": 0.00244140625,
        "var": 0.00506080314517
    },
    "barkbands": {
        "dmean": [0.00161785644013, 0.00774661358446, 0.00332201574929, 0.00194456230383, 0.00161260191817, 0.00104263029061, 0.00132983829826, 0.000746870937292, 0.00066831120057, 0.00135444744956, 0.000826957519166, 0.000770737824496, 0.00047089351574, 0.000509801728185, 0.000345162552549, 0.000287909992039, 0.00024607105297, 0.000217593333218, 0.000183156051207, 0.000187566096429, 0.000205128089874, 0.000245405797614, 0.000282488996163, 0.000375665578758, 0.000360907462891, 0.000251236895565, 9.26192296902e-05],
        "dmean2": [0.00255780527368, 0.0118120480329, 0.00594590650871, 0.00356208882295, 0.00274485209957, 0.00170307210647, 0.00215902435593, 0.00119745219126, 0.00106724724174, 0.00210001366213, 0.0013301812578, 0.00123711035121, 0.000764894299209, 0.00085307873087, 0.000570454052649, 0.000479671376524, 0.000413801142713, 0.00036365602864, 0.000298270490021, 0.000301887455862, 0.000326043023961, 0.000400626915507, 0.000450992927654, 0.000620605889708, 0.000583593151532, 0.000395559211029, 0.000148807244841],
        "dvar": [1.27527055156e-05, 0.00028143270174, 0.000128768471768, 4.23071214755e-05, 2.15403451875e-05, 5.93972436036e-06, 6.98577559888e-06, 3.67443226423e-06, 2.12513577935e-06, 4.72667352369e-06, 3.00664623865e-06, 2.04413163374e-06, 1.40188046771e-06, 6.15791464043e-07, 3.92107153857e-07, 2.43248905463e-07, 1.7398501484e-07, 2.85332021122e-07, 1.13300785642e-07, 1.64736164265e-07, 1.98989027922e-07, 3.86500062177e-07, 3.01431498428e-07, 4.22656910359e-07, 4.97171129155e-07, 2.27988522283e-07, 4.18228296439e-08],
        "dvar2": [2.77604667644e-05, 0.000597609730903, 0.00037129141856, 0.000124510057503, 5.72396565985e-05, 1.52197944772e-05, 1.78332829819e-05, 8.57087798067e-06, 5.00031410411e-06, 1.10972951006e-05, 7.4045024121e-06, 4.95528820466e-06, 3.46283400177e-06, 1.62573348916e-06, 9.93047819975e-07, 6.4498658503e-07, 4.63802450668e-07, 7.47650062749e-07, 2.80233734884e-07, 4.07488357723e-07, 4.92511901484e-07, 1.00319221019e-06, 7.51246773234e-07, 1.09354220967e-06, 1.25091025893e-06, 5.18543970429e-07, 1.02000726088e-07],
        "max": [0.112779378891, 0.211347267032, 0.132830202579, 0.0813762545586, 0.0741949230433, 0.0323986075819, 0.0349596068263, 0.0475786477327, 0.0305689498782, 0.0343179516494, 0.0476654097438, 0.0302916653454, 0.0408462844789, 0.0113603789359, 0.00976228620857, 0.0118516003713, 0.00915641244501, 0.0102176051587, 0.00780973862857, 0.00744609255344, 0.00922055449337, 0.014388423413, 0.00749723892659, 0.00799099728465, 0.0161962714046, 0.00784758012742, 0.00320949498564],
        "mean": [0.00430865958333, 0.018337097019, 0.00315417163074, 0.00171097647399, 0.00194607884623, 0.00146744563244, 0.00219395570457, 0.00120587216225, 0.00100781186484, 0.00248592137359, 0.00136919342913, 0.00126012647524, 0.000718317402061, 0.000850710785016, 0.000563262379728, 0.000490849779453, 0.000432395696407, 0.000359803147148, 0.000361064710887, 0.000354843854439, 0.000420947006205, 0.00045087232138, 0.000546625582501, 0.000771983992308, 0.00075238692807, 0.000530388439074, 0.000158242502948],
        "median": [0.000810191268101, 0.00462494231761, 0.000560740707442, 0.00022089574486, 0.00051605614135, 0.000469131220598, 0.000769102422055, 0.000238978012931, 0.000359707511961, 0.00108878489118, 0.000543866073713, 0.000541043351404, 0.000301847147057, 0.000529120326973, 0.00030371703906, 0.00030114382389, 0.000289882649668, 0.000186430013855, 0.000199020316359, 0.000202100432944, 0.000233522863709, 0.00022611762688, 0.000258336920524, 0.000329787057126, 0.000295031728456, 0.000163731572684, 2.66474507953e-05],
        "min": [3.82091847638e-23, 7.31389153946e-24, 3.85776964025e-23, 5.19719613497e-23, 3.20173839642e-23, 2.88302470676e-23, 4.43932357937e-23, 1.75945643034e-23, 3.64200829406e-23, 5.75850285456e-23, 1.26639488808e-22, 8.79642450214e-23, 7.10203584361e-23, 5.07242232114e-23, 6.88717095896e-23, 1.97699460683e-22, 2.32785179092e-22, 2.08535569622e-22, 2.11801075116e-22, 2.93229191019e-22, 4.02027776351e-22, 5.49470574837e-22, 6.82075896816e-22, 7.29858400914e-22, 1.32458596375e-21, 1.55369994827e-21, 2.85089151171e-21],
        "var": [5.74876175961e-05, 0.000758524169214, 8.62005690578e-05, 2.75996626442e-05, 2.00664308068e-05, 7.56714052841e-06, 1.36374155773e-05, 9.71871486399e-06, 3.85246494261e-06, 1.27294160848e-05, 6.96752431395e-06, 4.48309447165e-06, 2.20559559239e-06, 1.07822734208e-06, 7.21106800938e-07, 3.99269822537e-07, 2.71736553259e-07, 3.41364085443e-07, 2.26029783335e-07, 2.74750732387e-07, 3.69432285652e-07, 5.1013682878e-07, 6.14113105257e-07, 1.13394060008e-06, 1.34467552471e-06, 7.16841782378e-07, 9.76294884936e-08]
    },
    "erbbands": {
        "dmean": [0.346036583185, 1.50463974476, 3.10228419304, 5.94794988632, 5.66646528244, 5.21326398849, 6.10797309875, 9.00561141968, 19.0239505768, 17.6497802734, 13.7358579636, 14.2068414688, 36.4676170349, 31.6413650513, 32.5371246338, 29.0556087494, 22.3708534241, 20.1918735504, 21.2157669067, 16.7638759613, 13.3960180283, 13.49310112, 11.9186449051, 10.7859220505, 8.43991088867, 8.83516311646, 8.23818016052, 8.47700977325, 9.19230079651, 8.35663032532, 7.83278894424, 8.87355995178, 6.39682340622, 4.46310520172, 2.55141162872, 1.19534373283, 0.521960735321, 0.143440976739, 0.0151629298925, 0.0002147078485],
        "dmean2": [0.497899740934, 2.35075712204, 5.31437778473, 10.8679323196, 9.75108337402, 8.80892944336, 10.2328510284, 14.6146116257, 30.8834762573, 28.6099262238, 22.2854099274, 22.5583400726, 56.500869751, 49.3210754395, 53.0482406616, 45.9943733215, 36.3055038452, 33.3344841003, 35.3986167908, 27.5579795837, 22.4086933136, 22.4964580536, 19.957868576, 17.7371387482, 13.5811424255, 14.2140722275, 13.4917650223, 13.3963537216, 15.0596752167, 13.5225114822, 12.6760864258, 14.7135028839, 10.5059366226, 7.39961385727, 4.08417367935, 1.93708240986, 0.831543922424, 0.228777170181, 0.0244019962847, 0.000343241641531],
        "dvar": [0.422838062048, 14.3807630539, 93.6499099731, 438.141906738, 369.375610352, 196.951171875, 256.571929932, 414.532745361, 1362.21899414, 1734.68432617, 1356.60021973, 910.236450195, 3625.75854492, 3503.00341797, 5082.28808594, 2932.80908203, 2582.9675293, 1230.57409668, 1037.83447266, 803.206298828, 513.66192627, 539.699584961, 924.808105469, 453.885345459, 266.293243408, 395.307739258, 300.773040771, 369.9012146, 719.613891602, 326.161224365, 243.118911743, 238.767211914, 126.369888306, 80.0056304932, 21.3745670319, 4.72768545151, 1.06343328953, 0.0944497063756, 0.00116376508959, 2.18639669924e-07],
        "dvar2": [0.782796442509, 33.4493408203, 259.973846436, 1281.37341309, 994.281738281, 530.493103027, 694.99621582, 1038.92663574, 3348.75488281, 4438.1875, 3324.52368164, 2083.6953125, 8011.09472656, 8757.85351562, 12714.4746094, 6984.31884766, 6482.45214844, 3230.36889648, 2690.18481445, 2046.60888672, 1364.06201172, 1438.55566406, 2440.77905273, 1158.70788574, 659.460876465, 991.749145508, 767.346984863, 918.035766602, 1897.56396484, 827.005981445, 613.817382812, 629.529968262, 325.230316162, 210.458221436, 52.3290710449, 11.5758771896, 2.5320057869, 0.221493393183, 0.00287737604231, 5.27375675574e-07],
        "max": [8.73344898224, 49.689239502, 109.083320618, 250.203765869, 341.139434814, 203.568450928, 199.247787476, 272.729919434, 625.758361816, 660.081237793, 1060.44897461, 684.143737793, 1391.0057373, 895.603515625, 2317.94799805, 1398.48754883, 1524.19726562, 619.151733398, 609.94543457, 791.166748047, 337.226135254, 536.745727539, 613.511291504, 516.421447754, 344.134429932, 513.848876953, 371.042236328, 334.930877686, 548.977050781, 289.905578613, 245.698486328, 226.392837524, 181.025512695, 225.934036255, 78.9545669556, 32.5201225281, 16.1864395142, 4.90718221664, 0.57120257616, 0.00736284954473],
        "mean": [0.919010102749, 2.57379627228, 3.53004741669, 5.43180131912, 5.93121767044, 6.58390331268, 8.32405090332, 13.0522375107, 32.932559967, 28.552072525, 22.1261043549, 22.5222015381, 66.6515731812, 58.9335746765, 53.428527832, 50.4280319214, 37.5925102234, 35.3568534851, 38.1815643311, 30.2254486084, 24.9034118652, 24.600271225, 20.0417938232, 19.9499168396, 17.030790329, 16.6905670166, 16.6976947784, 16.6310501099, 16.2185573578, 16.0964336395, 15.150185585, 15.4867610931, 13.10435009, 8.80832672119, 4.86653995514, 2.27935028076, 1.00575780869, 0.279940575361, 0.0251660011709, 0.000451548607089],
        "median": [0.235216543078, 0.577158808708, 0.802634775639, 0.891019642353, 1.10203897953, 1.80771553516, 2.03136610985, 5.2487578392, 11.5349493027, 6.80357646942, 7.02509307861, 9.65798568726, 30.6933670044, 29.6632785797, 23.9848232269, 22.7823524475, 17.7884616852, 21.4594116211, 24.8927955627, 20.3291625977, 16.5851955414, 16.9100666046, 11.1778049469, 10.566824913, 10.0980501175, 9.38060188293, 9.30212879181, 9.00300884247, 8.03649997711, 7.52590751648, 7.25334119797, 6.83096170425, 5.10235834122, 3.2795317173, 1.8338496685, 0.773012161255, 0.28028512001, 0.0659476518631, 0.00425019860268, 0.000154072331497],
        "min": [3.46521629794e-22, 2.55234373211e-21, 3.80849592903e-20, 1.02802303796e-19, 1.43548652084e-19, 1.05506286133e-19, 1.25425422131e-19, 3.29429021647e-19, 4.49953993185e-19, 6.06057708928e-19, 5.88179182265e-19, 6.30491383452e-19, 1.13572156597e-18, 4.70623871845e-18, 3.73429570843e-18, 3.51624055921e-18, 2.77155053324e-18, 2.75170977907e-18, 2.66470402711e-18, 7.51373645316e-18, 1.23246635635e-17, 1.13084730082e-17, 1.47029087406e-17, 1.15984271098e-17, 9.10715680099e-18, 1.49748245147e-17, 1.27253920384e-17, 1.8730244348e-17, 1.71508488475e-17, 2.51204461906e-17, 1.4895383743e-17, 1.6811607189e-17, 1.30969987927e-17, 1.31869704008e-17, 8.82740928091e-18, 6.20152111764e-18, 2.83783541086e-18, 1.22358820616e-18, 3.58913771184e-19, 4.90610030152e-20],
        "var": [1.74640595913, 25.1892318726, 76.2883834839, 282.034240723, 304.04309082, 195.759552002, 323.888336182, 493.578887939, 3101.52563477, 4223.76806641, 2466.18383789, 1641.63269043, 9481.61621094, 7185.14453125, 11042.8066406, 6760.47705078, 4262.23535156, 1967.08337402, 2051.69946289, 1351.13500977, 883.867797852, 851.781738281, 1059.34484863, 773.475280762, 512.96887207, 638.140563965, 559.349121094, 619.16217041, 791.93963623, 600.936462402, 458.927368164, 480.713165283, 357.447479248, 190.435806274, 56.350856781, 12.8413066864, 2.80743741989, 0.256889313459, 0.0025999317877, 5.74834643885e-07]
    },
    "gfcc": {
        "mean": [13.6573848724, 44.902633667, -105.55922699, 6.54722261429, -53.601234436, 26.3451652527, -31.4458293915, 16.1174545288, -19.8995704651, 8.46612071991, -13.3106536865, 7.9411406517, -7.67930364609],
        "cov": [[25081.9414062, -1585.39855957, 2023.91687012, 2939.92211914, 1127.23461914, 1139.1574707, 462.155395508, 635.105773926, -60.0444946289, 326.013000488, -6.95495700836, 281.822418213, -340.589355469], [-1585.39855957, 3313.52270508, 171.376205444, -17.6474971771, 435.689453125, 95.0207977295, 295.080200195, 155.014648438, 233.445587158, -193.579788208, 70.5868911743, -140.996765137, 240.414703369], [2023.91687012, 171.376205444, 1263.53076172, 675.818908691, 352.848022461, 208.414321899, 122.547019958, 121.025291443, -4.33900308609, 45.0987930298, 10.5340461731, 55.5838279724, -24.0919418335], [2939.92211914, -17.6474971771, 675.818908691, 916.200927734, 310.649871826, 249.093063354, 173.180984497, 107.136962891, 30.0954856873, 58.6815986633, -3.84695100784, 58.885055542, -36.8410758972], [1127.23461914, 435.689453125, 352.848022461, 310.649871826, 565.394470215, 264.202819824, 188.434112549, 100.920387268, 62.9469413757, 8.57663345337, 20.0452804565, -0.990849196911, 25.2169494629], [1139.1574707, 95.0207977295, 208.414321899, 249.093063354, 264.202819824, 376.181243896, 159.413192749, 95.3540420532, 50.0783157349, 38.4305458069, 33.5479049683, 30.2233715057, 22.6537971497], [462.155395508, 295.080200195, 122.547019958, 173.180984497, 188.434112549, 159.413192749, 259.971801758, 104.333274841, 77.5805664062, 1.9135248661, 19.2501468658, 22.7972431183, 22.5811233521], [635.105773926, 155.014648438, 121.025291443, 107.136962891, 100.920387268, 95.3540420532, 104.333274841, 218.961639404, 96.1181106567, 53.3161010742, 50.7681159973, 35.9577140808, 19.0778045654], [-60.0444946289, 233.445587158, -4.33900308609, 30.0954856873, 62.9469413757, 50.0783157349, 77.5805664062, 96.1181106567, 178.70085144, 77.4892807007, 57.9487190247, 18.9739074707, 19.5766811371], [326.013000488, -193.579788208, 45.0987930298, 58.6815986633, 8.57663345337, 38.4305458069, 1.9135248661, 53.3161010742, 77.4892807007, 158.200683594, 67.3088531494, 58.3052482605, -17.9149570465], [-6.95495700836, 70.5868911743, 10.5340461731, -3.84695100784, 20.0452804565, 33.5479049683, 19.2501468658, 50.7681159973, 57.9487190247, 67.3088531494, 117.489051819, 56.0951843262, 13.7823581696], [281.822418213, -140.996765137, 55.5838279724, 58.885055542, -0.990849196911, 30.2233715057, 22.7972431183, 35.9577140808, 18.9739074707, 58.3052482605, 56.0951843262, 111.028411865, 20.9962368011], [-340.589355469, 240.414703369, -24.0919418335, -36.8410758972, 25.2169494629, 22.6537971497, 22.5811233521, 19.0778045654, 19.5766811371, -17.9149570465, 13.7823581696, 20.9962368011, 101.793212891]],
        "icov": [[7.69345351728e-05, 1.55405396072e-05, 3.66229651263e-05, -0.00021744085825, -4.34698376921e-05, -9.66949228314e-05, 9.28255394683e-05, -0.000197911358555, 0.000128405183204, -1.0940599168e-05, 5.20468674949e-05, -8.47438932396e-05, 0.000183283249498], [1.55405396072e-05, 0.000649929861538, -0.000144178397022, -1.09206239358e-05, -0.000293620018056, 0.000308362476062, -0.000370479887351, -1.04864793684e-05, -0.000757834350225, 0.000948673696257, -0.000947537831962, 0.00120125315152, -0.00123959395569], [3.66229651263e-05, -0.000144178397022, 0.00149188924115, -0.00102558720391, -0.000480598333525, 1.14467966341e-05, 0.000412199180573, -0.000569310504943, 0.000781368173193, -0.000286001217319, 0.000159701958182, -0.000538748223335, 0.000465632940177], [-0.00021744085825, -1.09206239358e-05, -0.00102558720391, 0.00286929332651, -0.000168305137777, -0.000289004616207, -0.000844601425342, 0.000571857730392, -0.000494983396493, -0.000277642335277, 0.000868750386871, -0.0006794098299, 0.00034902288462], [-4.34698376921e-05, -0.000293620018056, -0.000480598333525, -0.000168305137777, 0.00350029394031, -0.00153665395919, -0.000946418731473, 0.000153663509991, -4.0875391278e-05, -0.000189897051314, -0.00012110867101, 0.000859004212543, -0.000156969399541], [-9.66949228314e-05, 0.000308362476062, 1.14467966341e-05, -0.000289004616207, -0.00153665395919, 0.00513544864953, -0.00191937841009, -0.000176755158463, 0.000370923517039, -0.000679904012941, -0.00107869890053, 0.000985392020084, -0.00170520099346], [9.28255394683e-05, -0.000370479887351, 0.000412199180573, -0.000844601425342, -0.000946418731473, -0.00191937841009, 0.00767438765615, -0.00182340643369, -0.00204657367431, 0.00219874898903, 0.00124614720698, -0.00264159473591, 0.00143507088069], [-0.000197911358555, -1.04864793684e-05, -0.000569310504943, 0.000571857730392, 0.000153663509991, -0.000176755158463, -0.00182340643369, 0.00780785223469, -0.00293909804896, -0.00033271688153, -0.00113929319195, -0.000207622157177, -0.000918996403925], [0.000128405183204, -0.000757834350225, 0.000781368173193, -0.000494983396493, -4.0875391278e-05, 0.000370923517039, -0.00204657367431, -0.00293909804896, 0.0122046796605, -0.00652514910325, -0.00125661783386, 0.00193684361875, -0.000567246519495], [-1.0940599168e-05, 0.000948673696257, -0.000286001217319, -0.000277642335277, -0.000189897051314, -0.000679904012941, 0.00219874898903, -0.00033271688153, -0.00652514910325, 0.0145088098943, -0.00428107520565, -0.00343697611243, 0.002424526494], [5.20468674949e-05, -0.000947537831962, 0.000159701958182, 0.000868750386871, -0.00012110867101, -0.00107869890053, 0.00124614720698, -0.00113929319195, -0.00125661783386, -0.00428107520565, 0.0161629170179, -0.00751812383533, 0.00182195450179], [-8.47438932396e-05, 0.00120125315152, -0.000538748223335, -0.0006794098299, 0.000859004212543, 0.000985392020084, -0.00264159473591, -0.000207622157177, 0.00193684361875, -0.00343697611243, -0.00751812383533, 0.018330315128, -0.00704158004373], [0.000183283249498, -0.00123959395569, 0.000465632940177, 0.00034902288462, -0.000156969399541, -0.00170520099346, 0.00143507088069, -0.000918996403925, -0.000567246519495, 0.002424526494, 0.00182195450179, -0.00704158004373, 0.0156150665134]]
    },
    "melbands": {
        "dmean": [0.00252886652015, 0.00149790127762, 0.000984038808383, 0.000382736121537, 0.000212062412174, 0.000217999899178, 0.000275482510915, 0.000188830541447, 0.000113609909022, 9.17146826396e-05, 0.000193046595086, 0.000141765718581, 0.000103749371192, 8.07496035122e-05, 8.38619962451e-05, 4.09154708905e-05, 4.22598095611e-05, 3.98453485104e-05, 2.93085449812e-05, 2.41647030634e-05, 1.53374785441e-05, 1.6238876924e-05, 1.14065369416e-05, 1.04269665826e-05, 9.39757683227e-06, 6.90645765644e-06, 6.67083031658e-06, 6.19764296061e-06, 5.51112407265e-06, 5.27840165887e-06, 5.23956487086e-06, 5.90952686252e-06, 4.67358449896e-06, 5.17861781191e-06, 4.60551609649e-06, 5.71431428398e-06, 5.71219743506e-06, 4.976944183e-06, 5.64248284718e-06, 3.92435640606e-06],
        "dmean2": [0.00375392148271, 0.00240673986264, 0.00177692109719, 0.000647886714432, 0.000356857955921, 0.000354274554411, 0.000447058031568, 0.000305682478938, 0.000183654628927, 0.000145900034113, 0.000299067527521, 0.000220992951654, 0.000168789178133, 0.000130327389343, 0.000133483947138, 6.78809883539e-05, 7.03326950315e-05, 6.69144719723e-05, 4.80817143398e-05, 4.03864396503e-05, 2.58242034761e-05, 2.74382909993e-05, 1.89381044038e-05, 1.74075084942e-05, 1.55643701873e-05, 1.127395808e-05, 1.07979867607e-05, 1.01177265606e-05, 9.24082632991e-06, 8.46056718729e-06, 8.40589655127e-06, 9.78744446911e-06, 7.65218828747e-06, 8.42371355247e-06, 7.48507773096e-06, 9.42312453844e-06, 9.50536468736e-06, 8.27140047477e-06, 9.51554466155e-06, 6.51705659038e-06],
        "dvar": [2.51975179708e-05, 1.56495952979e-05, 1.09336115202e-05, 1.28441740799e-06, 3.10433080131e-07, 2.19854584316e-07, 2.83409463009e-07, 1.99421364755e-07, 8.79004389276e-08, 4.00580333348e-08, 9.96360611794e-08, 6.47458904268e-08, 5.10509217122e-08, 2.63967638858e-08, 2.83992260819e-08, 1.52798289577e-08, 5.23862331292e-09, 3.92559185158e-09, 3.26469584699e-09, 1.83702730805e-09, 7.75487452032e-10, 7.64574736856e-10, 6.18945228403e-10, 6.88780532609e-10, 3.30607735632e-10, 1.66332850271e-10, 1.93449048447e-10, 1.88546470103e-10, 1.2955740647e-10, 1.33398139757e-10, 1.427123697e-10, 3.50232398638e-10, 9.80161993236e-11, 1.23485471848e-10, 8.54231962943e-11, 1.08290557077e-10, 1.0149935753e-10, 8.38714098172e-11, 1.10510899043e-10, 8.28388815877e-11],
        "dvar2": [4.90979364258e-05, 3.92331276089e-05, 3.1614479667e-05, 3.40200153914e-06, 8.49970092531e-07, 5.54929727059e-07, 7.09172525148e-07, 4.95401252465e-07, 2.13852828779e-07, 9.18005298445e-08, 2.22185491339e-07, 1.60565093665e-07, 1.29176612518e-07, 6.26942480153e-08, 6.71611815051e-08, 3.69624615359e-08, 1.40381652969e-08, 1.01921724394e-08, 8.02576938241e-09, 4.90673723874e-09, 2.09888151304e-09, 2.06056438579e-09, 1.62218605215e-09, 1.80678272343e-09, 8.53927706324e-10, 4.18633294696e-10, 4.92155705079e-10, 4.74093708736e-10, 3.44431677624e-10, 3.24672011498e-10, 3.60404317501e-10, 9.34615496107e-10, 2.51451803823e-10, 3.16015796864e-10, 2.17763404531e-10, 2.81164008742e-10, 2.70184069562e-10, 2.20532717088e-10, 3.02915748041e-10, 2.18877430069e-10],
        "max": [0.0638623312116, 0.0513033345342, 0.0398715771735, 0.0186196807772, 0.00704991444945, 0.00618690485135, 0.00805224757642, 0.00799411348999, 0.00819864310324, 0.00482628960162, 0.00683468393981, 0.00362303061411, 0.00653279246762, 0.00407882733271, 0.00422375556082, 0.00552038662136, 0.00132068258245, 0.00104706943966, 0.000855889811646, 0.00123392930254, 0.000466021476313, 0.000691859051585, 0.000536788837053, 0.000519006105606, 0.00043439201545, 0.000282215682091, 0.00025741106947, 0.00039237094461, 0.000224321585847, 0.000236699546804, 0.000234567633015, 0.000458441267256, 0.000166592217283, 0.000173935753992, 0.000164769444382, 0.000137204100611, 0.000172374202521, 0.000188384190551, 0.00015078211436, 0.000291643576929],
        "mean": [0.00658911466599, 0.0023409225978, 0.000957342213951, 0.000454047432868, 0.000286899216007, 0.000326349108946, 0.000469114806037, 0.000301662628772, 0.000179556125659, 0.000138995892485, 0.000349954440026, 0.000257081410382, 0.000168659942574, 0.000131649852847, 0.00013859703904, 6.12789372099e-05, 6.89906373736e-05, 6.660381041e-05, 4.59804432467e-05, 3.94482340198e-05, 2.60480464931e-05, 2.73639579973e-05, 1.86291163118e-05, 1.67030666489e-05, 1.62314172485e-05, 1.28977853819e-05, 1.17304325613e-05, 1.08460271804e-05, 1.02713593151e-05, 9.93329467747e-06, 9.53434118856e-06, 9.34689433052e-06, 8.49815478432e-06, 9.20622460399e-06, 8.29990403872e-06, 9.50871162786e-06, 9.39246365306e-06, 8.47905721457e-06, 1.01343757706e-05, 6.63983882987e-06],
        "median": [0.00169469602406, 0.000598522892687, 0.000161925490829, 0.000106335246528, 7.90665289969e-05, 0.000127509963932, 0.000166004276252, 5.10822792421e-05, 5.302790305e-05, 5.39468273928e-05, 0.000152667926159, 0.000120732896903, 7.16430367902e-05, 5.91585412621e-05, 5.17503431183e-05, 2.38835837081e-05, 4.05636928917e-05, 3.97880721721e-05, 2.30161094805e-05, 2.37357526203e-05, 1.52428201545e-05, 1.83622651093e-05, 1.02613112176e-05, 8.44763962959e-06, 8.31140641822e-06, 6.96533697919e-06, 6.63229457132e-06, 5.82718257647e-06, 5.44193653695e-06, 5.38924359716e-06, 4.86283533974e-06, 4.45058503828e-06, 4.15223348682e-06, 4.07157358495e-06, 3.85342082154e-06, 4.16507555201e-06, 3.9329243009e-06, 3.30380544256e-06, 2.90269986181e-06, 2.43110025622e-06],
        "min": [4.14641936749e-24, 1.31547249668e-23, 2.10534369606e-23, 8.275019156e-24, 4.46520121474e-24, 6.43081500418e-24, 8.39439747678e-24, 6.11212742581e-24, 5.43742218775e-24, 4.05116007445e-24, 5.47978046849e-24, 1.76731206501e-23, 1.47420290707e-23, 9.39309774938e-24, 5.4330617591e-24, 8.3878373095e-24, 4.82288849853e-24, 3.97636974975e-24, 7.43231612741e-24, 1.19607808313e-23, 1.52007911301e-23, 1.14473302008e-23, 1.37987517987e-23, 1.02819546629e-23, 9.6580769163e-24, 6.13068301202e-24, 7.85267959342e-24, 1.0750263517e-23, 6.41028134924e-24, 1.0365471367e-23, 1.12906829354e-23, 8.79701472787e-24, 1.20182059609e-23, 1.51981232025e-23, 7.92566184893e-24, 1.05644528529e-23, 9.51442297888e-24, 9.21095607725e-24, 9.25078803094e-24, 1.15212519896e-23],
        "var": [8.81141313585e-05, 2.14363772102e-05, 7.50402114136e-06, 1.19657806863e-06, 3.41358941114e-07, 2.82122499584e-07, 5.98884469127e-07, 5.55204053398e-07, 1.77437783577e-07, 7.06991869492e-08, 2.66836366336e-07, 1.38063057875e-07, 1.07245945458e-07, 5.65607862768e-08, 6.2045181437e-08, 2.38136763642e-08, 7.88176635069e-09, 7.40510808228e-09, 5.63599744652e-09, 2.83383383426e-09, 1.20962406758e-09, 1.12066700364e-09, 7.9608170056e-10, 8.04729949344e-10, 5.41789224595e-10, 3.11200509806e-10, 2.9921951028e-10, 2.91230844995e-10, 2.22688700813e-10, 2.23945806344e-10, 2.22068419209e-10, 3.38666428235e-10, 1.67323738198e-10, 2.18461998491e-10, 1.47262660399e-10, 1.98219052283e-10, 1.92155069634e-10, 1.7004000985e-10, 2.65991534354e-10, 1.41206366044e-10]
    },
    "mfcc": {
        "mean": [-634.091674805, 92.7099990845, 2.85742807388, -3.38221073151, 3.7533853054, 6.57852697372, 5.72897768021, 7.83571434021, 4.41490125656, 5.83310651779, -1.58143973351, 1.0364035368, 2.36238408089],
        "cov": [[17420.2109375, -1534.94006348, 1115.97387695, 1105.5333252, 850.496398926, 715.327331543, 570.806091309, 343.609100342, 238.063537598, -96.8054351807, 308.494537354, 470.958465576, 336.150878906], [-1534.94006348, 2836.8659668, 50.6236495972, 53.307559967, 199.730575562, 14.782541275, 138.239196777, 227.279815674, 180.317489624, 233.556945801, -107.286964417, -94.2664108276, -47.9045372009], [1115.97387695, 50.6236495972, 825.356201172, 448.290252686, 252.717132568, 140.679412842, 140.719528198, 83.3054428101, 66.4529647827, 15.7635240555, 40.1689071655, 67.1173858643, 21.7999801636], [1105.5333252, 53.307559967, 448.290252686, 574.833251953, 222.044296265, 165.930618286, 122.069015503, 101.040977478, 84.6731567383, 14.6273298264, 70.5726623535, 37.1804084778, 17.0376548767], [850.496398926, 199.730575562, 252.717132568, 222.044296265, 398.649719238, 183.42565918, 170.156402588, 101.359382629, 81.4262695312, 54.2192268372, 44.4232177734, 52.3230628967, 17.0230941772], [715.327331543, 14.782541275, 140.679412842, 165.930618286, 183.42565918, 331.816101074, 154.381866455, 102.504920959, 64.8512268066, 39.1796531677, 44.0097312927, 19.9465236664, 11.0096912384], [570.806091309, 138.239196777, 140.719528198, 122.069015503, 170.156402588, 154.381866455, 230.417541504, 131.274490356, 79.9697875977, 31.2588405609, 23.7285785675, 27.0689144135, 10.0784549713], [343.609100342, 227.279815674, 83.3054428101, 101.040977478, 101.359382629, 102.504920959, 131.274490356, 195.897949219, 103.503013611, 59.7888069153, 15.8175764084, 31.2893295288, 21.9351882935], [238.063537598, 180.317489624, 66.4529647827, 84.6731567383, 81.4262695312, 64.8512268066, 79.9697875977, 103.503013611, 152.872940063, 67.993522644, 42.577255249, 21.1328659058, 24.8653869629], [-96.8054351807, 233.556945801, 15.7635240555, 14.6273298264, 54.2192268372, 39.1796531677, 31.2588405609, 59.7888069153, 67.993522644, 130.292358398, 37.5833892822, 16.9664096832, 5.35704135895], [308.494537354, -107.286964417, 40.1689071655, 70.5726623535, 44.4232177734, 44.0097312927, 23.7285785675, 15.8175764084, 42.577255249, 37.5833892822, 128.012298584, 72.7992095947, 45.0406799316], [470.958465576, -94.2664108276, 67.1173858643, 37.1804084778, 52.3230628967, 19.9465236664, 27.0689144135, 31.2893295288, 21.1328659058, 16.9664096832, 72.7992095947, 158.082977295, 99.3378372192], [336.150878906, -47.9045372009, 21.7999801636, 17.0376548767, 17.0230941772, 11.0096912384, 10.0784549713, 21.9351882935, 24.8653869629, 5.35704135895, 45.0406799316, 99.3378372192, 127.93473053]],
