{
"lowlevel": {
    "average_loudness": 0.890574097633,
    "barkbands_crest": {
        "dmean": 3.14462590218,
        "dmean2": 4.89793157578,
        "dvar": 10.3774003983,
        "dvar2": 21.9917297363,
        "max": 26.3255062103,
        "mean": 12.2802267075,
        "median": 12.1442613602,
        "min": 1.691193223,
        "var": 25.0331611633
    },
    "barkbands_flatness_db": {
        "dmean": 0.0336605794728,
        "dmean2": 0.0481454506516,
        "dvar": 0.0016829892993,
        "dvar2": 0.00277318875305,
        "max": 0.588507533073,
        "mean": 0.144036725163,
        "median": 0.110913299024,
        "min": 0.0183935649693,
        "var": 0.00937010813504
    },
    "barkbands_kurtosis": {
        "dmean": 9.57838249207,
        "dmean2": 14.0952196121,
        "dvar": 1038.88378906,
        "dvar2": 2117.67016602,
        "max": 785.633239746,
        "mean": 10.312587738,
        "median": 1.37583589554,
        "min": -1.86185443401,
        "var": 1357.36889648
    },
    "barkbands_skewness": {
        "dmean": 1.00362956524,
        "dmean2": 1.40483856201,
        "dvar": 2.57819652557,
        "dvar2": 4.39250326157,
        "max": 21.8753871918,
        "mean": 1.90036189556,
        "median": 1.43763482571,
        "min": -17.4966506958,
        "var": 5.71583127975
    },
    "barkbands_spread": {
        "dmean": 9.31873989105,
        "dmean2": 14.6569452286,
        "dvar": 141.269088745,
        "dvar2": 320.677429199,
        "max": 122.003448486,
        "mean": 32.546497345,
        "median": 34.4234580994,
        "min": 0.248531490564,
        "var": 373.793640137
    },
    "dissonance": {
        "dmean": 0.0208221264184,
        "dmean2": 0.035858463496,
        "dvar": 0.000832032586914,
        "dvar2": 0.00233682291582,
        "max": 0.500000059605,
        "mean": 0.468325525522,
        "median": 0.479869902134,
        "min": 0.0926506817341,
        "var": 0.00150640134234
    },
    "dynamic_complexity": 4.08362483978,
    "erbbands_crest": {
        "dmean": 2.94434523582,
        "dmean2": 4.79371595383,
        "dvar": 8.1764497757,
        "dvar2": 19.3679847717,
        "max": 34.2480125427,
        "mean": 8.53766059875,
        "median": 6.99786281586,
        "min": 2.10444808006,
        "var": 25.3797550201
    },
    "erbbands_flatness_db": {
        "dmean": 0.0193586237729,
        "dmean2": 0.0292188078165,
        "dvar": 0.000383002159651,
        "dvar2": 0.000841492845211,
        "max": 0.56575602293,
        "mean": 0.141344830394,
        "median": 0.111896105111,
        "min": 0.0369431562722,
        "var": 0.00645507732406
    },
    "erbbands_kurtosis": {
        "dmean": 1.42668306828,
        "dmean2": 2.38907146454,
        "dvar": 86.2564468384,
        "dvar2": 243.278106689,
        "max": 445.871368408,
        "mean": 0.838213026524,
        "median": -0.295442342758,
        "min": -1.88381052017,
        "var": 99.3704528809
    },
    "erbbands_skewness": {
        "dmean": 0.441936939955,
        "dmean2": 0.694402098656,
        "dvar": 0.363374531269,
        "dvar2": 0.836890161037,
        "max": 7.90818977356,
        "mean": 0.412937819958,
        "median": 0.366617769003,
        "min": -15.7334241867,
        "var": 0.820397436619
    },
    "erbbands_spread": {
        "dmean": 11.6354980469,
        "dmean2": 17.4175014496,
        "dvar": 196.471435547,
        "dvar2": 389.004089355,
        "max": 201.96131897,
        "mean": 46.7099342346,
        "median": 45.6361579895,
        "min": 0.392746210098,
        "var": 618.875793457
    },
    "hfc": {
        "dmean": 19.2258377075,
        "dmean2": 29.7446746826,
        "dvar": 1081.53723145,
        "dvar2": 2283.84985352,
        "max": 286.455932617,
        "mean": 51.3533287048,
        "median": 37.0402069092,
        "min": 1.10192256496e-16,
        "var": 2364.93457031
    },
    "melbands_crest": {
        "dmean": 4.62427425385,
        "dmean2": 7.40013980865,
        "dvar": 25.358921051,
        "dvar2": 56.6764221191,
        "max": 38.4757957458,
        "mean": 21.5289974213,
        "median": 21.4695949554,
        "min": 1.97543776035,
        "var": 81.5823898315
    },
    "melbands_flatness_db": {
        "dmean": 0.0414297245443,
        "dmean2": 0.0579145625234,
        "dvar": 0.00262071937323,
        "dvar2": 0.00436615059152,
        "max": 0.744632005692,
        "mean": 0.203999489546,
        "median": 0.176092922688,
        "min": 0.00465447455645,
        "var": 0.0144567051902
    },
    "melbands_kurtosis": {
        "dmean": 35.0279998779,
        "dmean2": 52.8712692261,
        "dvar": 12315.8964844,
        "dvar2": 22617.0742188,
        "max": 3284.98144531,
        "mean": 43.6050376892,
        "median": 8.88979148865,
        "min": -1.96837210655,
        "var": 18449.4628906
    },
    "melbands_skewness": {
        "dmean": 1.66897439957,
        "dmean2": 2.43364214897,
        "dvar": 8.34289836884,
        "dvar2": 14.0016479492,
        "max": 37.2825927734,
        "mean": 3.69683504105,
        "median": 2.61107468605,
        "min": -10.1305475235,
        "var": 17.9549446106
    },
    "melbands_spread": {
        "dmean": 11.9117107391,
        "dmean2": 18.6151885986,
        "dvar": 346.290802002,
        "dvar2": 812.471374512,
        "max": 207.433258057,
        "mean": 28.8960876465,
        "median": 24.1787452698,
        "min": 0.0570757575333,
        "var": 581.729980469
    },
    "pitch_salience": {
        "dmean": 0.105376623571,
        "dmean2": 0.163412153721,
        "dvar": 0.0136241540313,
        "dvar2": 0.0279425699264,
        "max": 0.933447420597,
        "mean": 0.458094865084,
        "median": 0.468240022659,
        "min": 0.0149814579636,
        "var": 0.0305760130286
    },
    "silence_rate_20dB": {
        "dmean": 0,
        "dmean2": 0,
        "dvar": 0,
        "dvar2": 0,
        "max": 1,
        "mean": 1,
        "median": 1,
        "min": 1,
        "var": 0
    },
    "silence_rate_30dB": {
        "dmean": 0.121886335313,
        "dmean2": 0.243802160025,
        "dvar": 0.107024610043,
        "dvar2": 0.219191268086,
        "max": 1,
        "mean": 0.835207343102,
        "median": 1,
        "min": 0,
        "var": 0.137632533908
    },
    "silence_rate_60dB": {
        "dmean": 0.0118500608951,
        "dmean2": 0.0237029865384,
        "dvar": 0.0117093827575,
        "dvar2": 0.0294314119965,
        "max": 1,
        "mean": 0.0743561834097,
        "median": 0,
        "min": 0,
        "var": 0.0688276588917
    },
    "spectral_centroid": {
        "dmean": 377.334686279,
        "dmean2": 572.073547363,
        "dvar": 187266.21875,
        "dvar2": 372770.46875,
        "max": 11222.6259766,
        "mean": 1744.40673828,
        "median": 1798.79309082,
        "min": 108.753143311,
        "var": 647139.5
    },
    "spectral_complexity": {
        "dmean": 5.83627557755,
        "dmean2": 8.43947315216,
        "dvar": 48.4231643677,
        "dvar2": 84.5933609009,
        "max": 60,
        "mean": 22.8777656555,
        "median": 22,
        "min": 0,
        "var": 226.633163452
    },
    "spectral_decrease": {
        "dmean": 3.13123438289e-09,
        "dmean2": 4.27774393685e-09,
        "dvar": 2.13084223879e-17,
        "dvar2": 3.18221576343e-17,
        "max": 4.96166498217e-29,
        "mean": -1.23658336904e-08,
        "median": -7.32509919388e-09,
        "min": -4.80715947049e-08,
        "var": 1.20782411651e-16
    },
    "spectral_energy": {
        "dmean": 0.012321010232,
        "dmean2": 0.0168816167861,
        "dvar": 0.000322253996274,
        "dvar2": 0.00049507926451,
        "max": 0.183716833591,
        "mean": 0.0513293817639,
        "median": 0.032477747649,
        "min": 1.0457228613e-20,
        "var": 0.0019473467255
    },
    "spectral_energyband_high": {
        "dmean": 0.00164728530217,
        "dmean2": 0.0025824427139,
        "dvar": 8.20120658318e-06,
        "dvar2": 1.79607086466e-05,
        "max": 0.0251927860081,
        "mean": 0.00379688688554,
        "median": 0.00268693850376,
        "min": 7.66068121157e-21,
        "var": 1.57162521646e-05
    },
    "spectral_energyband_low": {
        "dmean": 0.00972238741815,
        "dmean2": 0.0137984165922,
        "dvar": 0.000362657097867,
        "dvar2": 0.000580428692047,
        "max": 0.180950015783,
        "mean": 0.0308439917862,
        "median": 0.010135374032,
        "min": 6.62040344436e-23,
        "var": 0.00129551929422
    },
    "spectral_energyband_middle_high": {
        "dmean": 0.00369663722813,
        "dmean2": 0.00605910783634,
        "dvar": 3.7391717342e-05,
        "dvar2": 9.18174846447e-05,
        "max": 0.0647154897451,
        "mean": 0.00718917604536,
        "median": 0.00481551839039,
        "min": 1.3038474795e-21,
        "var": 5.95976634941e-05
    },
    "spectral_energyband_middle_low": {
        "dmean": 0.00701832724735,
        "dmean2": 0.0117216240615,
        "dvar": 0.000154786597705,
        "dvar2": 0.000401373574277,
        "max": 0.111053794622,
        "mean": 0.00992007460445,
        "median": 0.00665377918631,
        "min": 2.44941134366e-22,
        "var": 0.000137375012855
    },
    "spectral_entropy": {
        "dmean": 0.180732026696,
        "dmean2": 0.270988553762,
        "dvar": 0.0431562066078,
        "dvar2": 0.0932629033923,
        "max": 9.78244018555,
        "mean": 7.91313362122,
        "median": 8.18182849884,
        "min": 4.25938940048,
        "var": 0.579710960388
    },
    "spectral_flux": {
        "dmean": 0.0341908037663,
        "dmean2": 0.0522276982665,
        "dvar": 0.00144441809971,
        "dvar2": 0.00271108374,
        "max": 0.442859053612,
        "mean": 0.114679545164,
        "median": 0.101063676178,
        "min": 6.77703379526e-11,
        "var": 0.00580396642908
    },
    "spectral_kurtosis": {
        "dmean": 2.89121699333,
        "dmean2": 4.91199064255,
        "dvar": 183.917999268,
        "dvar2": 555.271240234,
        "max": 434.220336914,
        "mean": 10.1046667099,
        "median": 2.17742395401,
        "min": -1.23002326488,
        "var": 1594.29528809
    },
    "spectral_rms": {
        "dmean": 0.000920099380892,
        "dmean2": 0.00127755955327,
        "dvar": 1.62685660143e-06,
        "dvar2": 2.69597194347e-06,
        "max": 0.0133879026398,
        "mean": 0.00620601931587,
        "median": 0.00562899699435,
        "min": 3.19408431995e-12,
        "var": 1.15628163257e-05
    },
    "spectral_rolloff": {
        "dmean": 1152.38659668,
        "dmean2": 1853.33874512,
        "dvar": 3696096,
        "dvar2": 7949857.5,
        "max": 18798.4863281,
        "mean": 2277.35327148,
        "median": 1291.9921875,
        "min": 43.06640625,
        "var": 6781071
    },
    "spectral_skewness": {
        "dmean": 0.230715826154,
        "dmean2": 0.367863714695,
        "dvar": 0.178968071938,
        "dvar2": 0.471325486898,
        "max": 16.0549106598,
        "mean": 1.76992464066,
        "median": 1.35430014133,
        "min": -2.26457643509,
        "var": 3.73286342621
    },
    "spectral_spread": {
        "dmean": 738879.875,
        "dmean2": 1153156.25,
        "dvar": 910786232320,
        "dvar2": 2.03358168678e+12,
        "max": 41255536,
        "mean": 6585124,
        "median": 6959043.5,
        "min": 213953.59375,
        "var": 5.48143208858e+12
    },
    "spectral_strongpeak": {
        "dmean": 0.337647020817,
        "dmean2": 0.562760829926,
        "dvar": 0.455026775599,
        "dvar2": 1.23977899551,
        "max": 17.3571891785,
        "mean": 0.654014766216,
        "median": 0.419286340475,
        "min": 0,
        "var": 0.54142665863
    },
    "zerocrossingrate": {
        "dmean": 0.0204139351845,
        "dmean2": 0.0237492825836,
        "dvar": 0.000674774870276,
        "dvar2": 0.000849641044624,
        "max": 0.73046875,
        "mean": 0.0908321812749,
        "median": 0.08203125,
        "min": 0.00341796875,
        "var": 0.00348553713411
    },
    "barkbands": {
        "dmean": [0.00168548943475, 0.00736896460876, 0.00334050320089, 0.0015863700537, 0.00176586804446, 0.00231614150107, 0.00176572392229, 0.000626807450317, 0.00162773951888, 0.000792486884166, 0.000661170692183, 0.00106633780524, 0.000650669971947, 0.000601807958446, 0.00062217208324, 0.000444773730123, 0.000399795884732, 0.000307105103275, 0.000226711272262, 0.000206200435059, 0.000228411125136, 0.000272440724075, 0.000333639240125, 0.000332587049343, 0.000375680800062, 0.000349929556251, 5.73037978029e-05],
        "dmean2": [0.00225329911336, 0.0102752400562, 0.00567641854286, 0.00297217094339, 0.00316005153582, 0.00385626754723, 0.00296256900765, 0.00106851151213, 0.00271243508905, 0.00130104983691, 0.00108809932135, 0.00184033147525, 0.00108996324707, 0.00103773816954, 0.00101909693331, 0.000745541939978, 0.000689353269991, 0.000519214896485, 0.000381707388442, 0.000341410835972, 0.000378837314202, 0.000446928315796, 0.000535582134034, 0.000530775345396, 0.000599354621954, 0.000556560349651, 9.4883282145e-05],
        "dvar": [9.58611872193e-06, 0.000238367239945, 0.000196794237127, 5.25181785633e-05, 2.33121063502e-05, 1.75570858119e-05, 1.2123587112e-05, 1.2524341173e-06, 8.28153315524e-06, 1.94324366021e-06, 1.72314344127e-06, 5.97391090196e-06, 1.29832289986e-06, 1.1979861938e-06, 1.57328520345e-06, 4.81754568682e-07, 5.00671944792e-07, 2.6611468229e-07, 1.39104301411e-07, 1.02796050783e-07, 1.5219924876e-07, 2.09720610655e-07, 2.74788732213e-07, 2.9365085652e-07, 4.22995213967e-07, 4.48766769523e-07, 1.44208334163e-08],
        "dvar2": [1.31034148581e-05, 0.000361116661225, 0.000504426425323, 0.000152019958477, 6.61011072225e-05, 3.94515154767e-05, 2.94412966468e-05, 3.17818035001e-06, 1.9077968318e-05, 4.55350254924e-06, 3.9089263737e-06, 1.63499935297e-05, 3.235623808e-06, 3.1128770388e-06, 3.65288292414e-06, 1.24501241316e-06, 1.3998724171e-06, 6.91220748195e-07, 3.6121298308e-07, 2.67341334848e-07, 3.80169410619e-07, 5.24563631643e-07, 6.49166565836e-07, 6.67977474222e-07, 9.92001446321e-07, 1.08507981622e-06, 3.73718016533e-08],
        "max": [0.0306257978082, 0.143503382802, 0.139933764935, 0.0739399790764, 0.04864397645, 0.0454485341907, 0.0349832847714, 0.0111351935193, 0.0244819112122, 0.0183852761984, 0.0234058052301, 0.0317556373775, 0.0204627830535, 0.016927305609, 0.0178046524525, 0.00664253626019, 0.00998896081001, 0.00559552246705, 0.00481679197401, 0.00348579976708, 0.00467929057777, 0.00479402253404, 0.00511854235083, 0.00513402745128, 0.00809853244573, 0.00802539195865, 0.00240936083719],
        "mean": [0.00635988963768, 0.0217708069831, 0.00241706357338, 0.00114443711936, 0.00151092908345, 0.00263109919615, 0.00172765378375, 0.000647292996291, 0.00194466952235, 0.000967427680735, 0.000801823975053, 0.00118802872021, 0.000799825182185, 0.000704015663359, 0.000800190318841, 0.000602456100751, 0.000547792646103, 0.000444053439423, 0.00036579175503, 0.000351230584783, 0.000385098770494, 0.000486501608975, 0.000635242206044, 0.000644750602078, 0.000722735538147, 0.000649388355669, 7.91934144218e-05],
        "median": [0.000144604709931, 0.00660801492631, 5.97112994001e-05, 6.47314082016e-05, 0.000378507946152, 0.000731893349439, 0.000335710821673, 0.000164937373484, 0.000593160337303, 0.000276687758742, 0.000283363013295, 0.000417653121985, 0.000356947886758, 0.00031304472941, 0.000383474631235, 0.000328812660882, 0.000296362384688, 0.000231708516367, 0.000230949590332, 0.000248777942033, 0.000280531792669, 0.00035379070323, 0.000433998124208, 0.000419455638621, 0.000422346027335, 0.000312583782943, 2.38100274146e-05],
        "min": [3.59778948488e-25, 2.07350037899e-23, 3.62412923496e-23, 2.42162469646e-23, 1.96565283805e-23, 5.40246152904e-23, 2.02738246607e-23, 3.45819707671e-23, 7.71761682457e-23, 3.97926873469e-23, 2.65430395362e-23, 8.07459910338e-23, 3.57291954044e-23, 1.03270626761e-22, 6.24218566108e-23, 7.73285130637e-23, 1.48174507996e-22, 1.59228317301e-22, 1.94299205125e-22, 3.36813566706e-22, 3.62202846681e-22, 5.56676800274e-22, 6.39964961839e-22, 8.42416457506e-22, 1.28202362363e-21, 1.43717926034e-21, 2.02292855108e-21],
        "var": [8.08202748885e-05, 0.000735648965929, 0.000146040241816, 2.98298509733e-05, 1.50570731421e-05, 2.27571981668e-05, 1.32312316055e-05, 1.39467374538e-06, 1.09227894427e-05, 3.18863180837e-06, 2.40231952375e-06, 5.2601490097e-06, 1.56200758283e-06, 1.25702558762e-06, 1.92619904738e-06, 5.80412176987e-07, 5.21410584042e-07, 3.26492397562e-07, 1.83910231044e-07, 1.51846265339e-07, 2.01956893875e-07, 3.01926405655e-07, 4.88311798108e-07, 5.25177654254e-07, 7.11396864972e-07, 7.18397643595e-07, 1.65757043646e-08]
    },
    "erbbands": {
        "dmean": [0.330138385296, 1.35801243782, 3.45395588875, 4.83090877533, 4.64151382446, 5.7762298584, 11.3454647064, 24.1207942963, 21.764175415, 27.4638690948, 10.7617950439, 27.8769207001, 39.5661735535, 24.5763721466, 27.749250412, 42.3123016357, 29.09416008, 32.6047096252, 25.9948291779, 29.76537323, 24.9810314178, 19.6576576233, 16.8401622772, 11.9395837784, 11.1883659363, 9.37866210938, 9.20845603943, 9.50149822235, 9.17300605774, 10.2778072357, 9.65900421143, 7.36835098267, 5.71174860001, 3.71009802818, 3.19939279556, 1.65050137043, 0.675317943096, 0.135740458965, 0.00643809325993, 0.000121236233099],
        "dmean2": [0.453768670559, 1.82256913185, 5.35190105438, 8.64685916901, 8.49955558777, 10.4150409698, 19.6300678253, 39.7791671753, 36.0899505615, 46.3462867737, 17.9172382355, 46.6005096436, 66.7142410278, 40.1249465942, 45.8433990479, 74.029258728, 49.3354721069, 56.3080177307, 42.7488861084, 49.315120697, 42.5323982239, 33.297618866, 28.3683509827, 19.9553050995, 18.962310791, 15.4228973389, 15.1667060852, 15.6088724136, 15.165553093, 16.6120223999, 15.6043930054, 11.8317193985, 9.13372135162, 5.8249578476, 5.22406482697, 2.6649184227, 1.08322489262, 0.215924412012, 0.0105362227187, 0.000192256862647],
        "dvar": [0.356346845627, 13.8729057312, 174.981796265, 444.008972168, 313.377044678, 243.950927734, 554.165588379, 1892.52819824, 2393.25927734, 2637.20556641, 365.967102051, 2227.23608398, 4593.81054688, 3147.97680664, 2300.13574219, 11663.7871094, 2934.14648438, 3658.61279297, 2329.35009766, 3776.6184082, 1650.64794922, 1045.42297363, 872.725280762, 412.158294678, 389.747497559, 201.383255005, 241.677200317, 273.200164795, 239.294326782, 313.506958008, 239.380111694, 125.989395142, 90.9174804688, 36.2037010193, 34.3204460144, 10.1262426376, 1.64330399036, 0.0653073564172, 0.000171104009496, 5.36084137082e-08],
        "dvar2": [0.587876915932, 20.0847034454, 407.687866211, 1229.79626465, 905.428710938, 694.459411621, 1451.76550293, 4228.99560547, 5747.39794922, 6872.87890625, 941.534179688, 5302.75537109, 11519.3808594, 6806.00585938, 5412.51904297, 32592.15625, 7531.49804688, 9632.90429688, 5271.13183594, 9455.80175781, 4439.42578125, 2811.01708984, 2288.07055664, 1036.69799805, 1049.50439453, 509.431427002, 620.465515137, 690.286315918, 598.288146973, 760.795654297, 560.131103516, 289.122314453, 210.036895752, 81.2598342896, 84.3266601562, 25.1719818115, 4.05545425415, 0.152311965823, 0.000435926311184, 1.28269164179e-07],
        "max": [4.47966003418, 37.6050071716, 137.057281494, 218.278244019, 193.019073486, 150.977737427, 278.942199707, 430.047668457, 602.605163574, 500.79989624, 261.085357666, 629.416625977, 610.769287109, 1076.72875977, 698.21105957, 1515.86560059, 967.159545898, 931.693664551, 906.108947754, 832.668701172, 352.298919678, 422.334197998, 313.993377686, 270.056610107, 260.277130127, 143.149536133, 173.876052856, 207.467254639, 204.065185547, 207.793289185, 171.319107056, 106.823799133, 99.2597808838, 59.0978126526, 74.8282089233, 38.398979187, 15.5383462906, 4.3231959343, 0.264808654785, 0.00395724410191],
        "mean": [1.2096170187, 2.55089712143, 3.08174085617, 3.56090950966, 3.77791118622, 4.77285337448, 10.7098884583, 27.3928394318, 22.3817176819, 26.0977840424, 13.1282577515, 34.0700721741, 48.3710975647, 32.7858810425, 36.1989936829, 47.7923316956, 36.897277832, 38.900894165, 37.165145874, 39.3226203918, 34.569152832, 30.0822982788, 25.3826408386, 19.6109294891, 17.8481693268, 16.307926178, 15.2847547531, 15.9420623779, 16.3217716217, 18.4961223602, 18.1437015533, 13.8963384628, 10.8350076675, 7.33393764496, 5.48818016052, 2.89925336838, 1.18226790428, 0.244069978595, 0.0101364338771, 0.0002759162453],
        "median": [0.167168796062, 0.770766019821, 0.261636227369, 0.217257753015, 0.711147844791, 1.08769249916, 2.6307091713, 6.84965610504, 6.69478082657, 5.64673471451, 5.19861841202, 11.9582109451, 17.0060691833, 10.9147443771, 14.9569797516, 17.2654285431, 16.9156208038, 19.2553081512, 18.9605026245, 18.125743866, 20.0468482971, 17.9395656586, 14.2108192444, 12.1395721436, 10.9866046906, 11.928861618, 10.9886789322, 11.5803432465, 11.7390317917, 12.9836921692, 12.144367218, 9.10790157318, 6.68494939804, 4.467233181, 3.01602625847, 1.46177768707, 0.552329719067, 0.0955344438553, 0.00357768847607, 0.000146559832501],
        "min": [8.40744577258e-22, 4.00655754124e-21, 3.57022461488e-20, 5.91619155014e-20, 5.07666106642e-20, 1.0407839145e-19, 2.46748907303e-19, 4.24228908779e-19, 4.40410034976e-19, 4.17080801666e-19, 7.59043212256e-19, 1.86282459474e-18, 1.31956235372e-18, 1.86445414055e-18, 1.09872529269e-18, 2.56493508509e-18, 2.15717143905e-18, 4.53722917569e-18, 4.27184233822e-18, 4.52628681696e-18, 5.41967951523e-18, 1.02726700005e-17, 6.51149092217e-18, 1.09056219878e-17, 1.05287915879e-17, 1.28231763674e-17, 1.34898549898e-17, 1.64886957302e-17, 1.7973142477e-17, 1.7205768677e-17, 2.13633008585e-17, 1.48992698375e-17, 1.56340212884e-17, 1.25359643695e-17, 9.04824996085e-18, 4.33493595304e-18, 3.08437369729e-18, 1.25761190251e-18, 2.85808660171e-19, 2.68519192732e-20],
        "var": [2.21915793419, 27.1908226013, 166.621154785, 280.094421387, 177.401657104, 157.628601074, 495.974060059, 2562.88989258, 2558.13085938, 2518.67578125, 442.9090271, 2952.37890625, 5676.12207031, 5327.80859375, 3190.99829102, 9363.61425781, 3376.83740234, 3502.7578125, 3511.50634766, 4210.66162109, 1806.15917969, 1294.01135254, 1055.9576416, 549.06829834, 460.282623291, 318.834014893, 315.03692627, 366.837127686, 343.866729736, 457.206115723, 418.491760254, 231.694625854, 156.142120361, 69.0410003662, 48.0715751648, 14.7111034393, 2.49420666695, 0.109487563372, 0.000223871160415, 1.01534318731e-07]
    },
    "gfcc": {
        "mean": [0.625323414803, 33.3468971252, -105.527748108, 11.8025331497, -58.0641403198, 23.2514381409, -34.0024833679, 16.9334373474, -15.8266773224, 15.0493993759, -10.0515499115, 16.5061988831, -5.38464736938],
        "cov": [[36498.5273438, -6289.05664062, -1712.09838867, 2290.85961914, 701.38684082, 1835.38049316, -894.249633789, 998.700134277, -553.473999023, 1038.32116699, -362.374176025, 484.31552124, -905.291809082], [-6289.05664062, 4169.95605469, 883.590270996, -251.863327026, 393.656768799, -321.270294189, 396.999816895, -163.924819946, 332.052124023, -326.946136475, 175.108581543, -267.222381592, 253.966873169], [-1712.09838867, 883.590270996, 1676.92480469, 409.961761475, 623.818786621, 329.269500732, 340.27154541, 243.449737549, 149.741378784, 16.7525882721, 123.596168518, 75.7258148193, 61.9050979614], [2290.85961914, -251.863327026, 409.961761475, 800.943603516, 424.837188721, 386.958251953, 105.778923035, 140.160934448, -12.9062519073, 58.3546028137, -9.60318660736, 0.0532880574465, -102.903274536], [701.38684082, 393.656768799, 623.818786621, 424.837188721, 721.917114258, 458.699279785, 322.553588867, 237.001861572, 133.658538818, 52.2933273315, 81.2914810181, 38.2754592896, -8.46420764923], [1835.38049316, -321.270294189, 329.269500732, 386.958251953, 458.699279785, 554.466674805, 252.82081604, 266.073425293, 56.9365463257, 92.7055282593, 28.5254516602, 70.5007400513, -54.4862442017], [-894.249633789, 396.999816895, 340.27154541, 105.778923035, 322.553588867, 252.82081604, 369.836151123, 201.292541504, 139.297439575, 14.1936407089, 63.5265350342, 33.7560157776, 55.284160614], [998.700134277, -163.924819946, 243.449737549, 140.160934448, 237.001861572, 266.073425293, 201.292541504, 300.453643799, 133.091125488, 114.500862122, 52.7995605469, 88.0651321411, 11.8858890533], [-553.473999023, 332.052124023, 149.741378784, -12.9062519073, 133.658538818, 56.9365463257, 139.297439575, 133.091125488, 200.876159668, 88.8916854858, 90.7273864746, 34.1450614929, 55.8908348083], [1038.32116699, -326.946136475, 16.7525882721, 58.3546028137, 52.2933273315, 92.7055282593, 14.1936407089, 114.500862122, 88.8916854858, 202.976898193, 98.8670120239, 103.936843872, 6.36862707138], [-362.374176025, 175.108581543, 123.596168518, -9.60318660736, 81.2914810181, 28.5254516602, 63.5265350342, 52.7995605469, 90.7273864746, 98.8670120239, 166.617050171, 106.785186768, 58.3503646851], [484.31552124, -267.222381592, 75.7258148193, 0.0532880574465, 38.2754592896, 70.5007400513, 33.7560157776, 88.0651321411, 34.1450614929, 103.936843872, 106.785186768, 176.156112671, 65.2731933594], [-905.291809082, 253.966873169, 61.9050979614, -102.903274536, -8.46420764923, -54.4862442017, 55.284160614, 11.8858890533, 55.8908348083, 6.36862707138, 58.3503646851, 65.2731933594, 136.744476318]],
        "icov": [[0.000119405667647, -0.00013384387421, 0.000232265520026, -0.00018889902276, -0.000151927146362, -0.000222009068239, 0.000640593410935, -0.000640322279651, 0.000494035833981, -0.000567579583731, 0.000598104204983, -0.000555835198611, 0.000325205444824], [-0.00013384387421, 0.00108044384979, -0.000531220284756, 0.000325190892909, -0.000353967305273, 0.000805725110695, -0.0010417343583, 0.00120023591444, -0.00163176236674, 0.0020957775414, -0.00258979154751, 0.00277275545523, -0.00144067103975], [0.000232265520026, -0.000531220284756, 0.00152590626385, -0.000706587044988, -0.000888769689482, -0.000119357093354, 0.00117938756011, -0.00189074128866, 0.00137656368315, -0.000994448782876, 0.00127581914421, -0.0018576058792, 0.000712700886652], [-0.00018889902276, 0.000325190892909, -0.000706587044988, 0.00280553568155, -0.000835829530843, -0.000589262577705, -0.00042569640209, 0.00112566107418, -1.70307030203e-05, 0.000209530364373, -0.000958793214522, 0.00173382402863, -5.69801013626e-05], [-0.000151927146362, -0.000353967305273, -0.000888769689482, -0.000835829530843, 0.00565655622631, -0.00313118635677, -0.00162368360907, 0.00134240707848, -0.00187532848213, 0.0011183777824, -0.00131174025591, 0.000363857630873, 0.000167676436831], [-0.000222009068239, 0.000805725110695, -0.000119357093354, -0.000589262577705, -0.00313118635677, 0.00868585892022, -0.00408421549946, -0.00168066937476, 0.0015074374387, 0.000185244221939, -0.000678331765812, 0.000257397914538, 0.00125061592553], [0.000640593410935, -0.0010417343583, 0.00117938756011, -0.00042569640209, -0.00162368360907, -0.00408421549946, 0.0120222438127, -0.00674774451181, 0.00074933108408, 0.000103127764305, 0.00147676304914, -0.00156938831788, -0.000872484000865], [-0.000640322279651, 0.00120023591444, -0.00189074128866, 0.00112566107418, 0.00134240707848, -0.00168066937476, -0.00674774451181, 0.0161418393254, -0.00967056117952, 0.00122850178741, 0.00160158379003, -0.00184832711238, 6.74209004501e-05], [0.000494035833981, -0.00163176236674, 0.00137656368315, -1.70307030203e-05, -0.00187532848213, 0.0015074374387, 0.00074933108408, -0.00967056117952, 0.0195501334965, -0.00979597028345, -0.00118036556523, 0.00352671556175, -0.00202671252191], [-0.000567579583731, 0.0020957775414, -0.000994448782876, 0.000209530364373, 0.0011183777824, 0.000185244221939, 0.000103127764305, 0.00122850178741, -0.00979597028345, 0.0187852568924, -0.0103081772104, 0.00133871403523, -0.000158922019182], [0.000598104204983, -0.00258979154751, 0.00127581914421, -0.000958793214522, -0.00131174025591, -0.000678331765812, 0.00147676304914, 0.00160158379003, -0.00118036556523, -0.0103081772104, 0.0247283689678, -0.0171777810901, 0.0049929395318], [-0.000555835198611, 0.00277275545523, -0.0018576058792, 0.00173382402863, 0.000363857630873, 0.000257397914538, -0.00156938831788, -0.00184832711238, 0.00352671556175, 0.00133871403523, -0.0171777810901, 0.0269318055362, -0.0127929542214], [0.000325205444824, -0.00144067103975, 0.000712700886652, -5.69801013626e-05, 0.000167676436831, 0.00125061592553, -0.000872484000865, 6.74209004501e-05, -0.00202671252191, -0.000158922019182, 0.0049929395318, -0.0127929542214, 0.0174433588982]]
    },
    "melbands": {
        "dmean": [0.00242490042001, 0.00158095196821, 0.000815662788227, 0.000336783064995, 0.000396058778279, 0.000503130839206, 0.000341085367836, 0.000266447692411, 8.34053353174e-05, 0.000218348461203, 0.000199251269805, 9.90378830465e-05, 9.0055509645e-05, 0.000115624134196, 9.1632377007e-05, 6.62134334561e-05, 6.28128473181e-05, 4.20027172368e-05, 4.80264970975e-05, 3.37540986948e-05, 3.16154400934e-05, 2.17915894609e-05, 2.28717617574e-05, 1.27152297864e-05, 9.92542481981e-06, 1.06378665805e-05, 7.39182269172e-06, 6.76138506606e-06, 6.08546361036e-06, 5.97658527113e-06, 5.77715627514e-06, 5.2000764299e-06, 6.58084991301e-06, 6.09267817708e-06, 6.06113417234e-06, 5.46319461137e-06, 4.71346675113e-06, 4.15393742514e-06, 4.21695040131e-06, 3.15505712933e-06],
        "dmean2": [0.0033620542381, 0.00211980100721, 0.001431155717, 0.000613067066297, 0.000687322288286, 0.00083199609071, 0.000567462120671, 0.000451067462564, 0.000137627008371, 0.000365802989108, 0.000335552118486, 0.000161566174938, 0.000147612343426, 0.000196890963707, 0.000159619128681, 0.000113290829177, 0.00010858578753, 7.00375967426e-05, 7.90501435404e-05, 5.61403830943e-05, 5.46429910173e-05, 3.71756577806e-05, 3.85142993764e-05, 2.17463930312e-05, 1.66662430274e-05, 1.82996354852e-05, 1.26317463582e-05, 1.11489644041e-05, 1.00371726148e-05, 1.01034993349e-05, 9.49675268203e-06, 8.65234505909e-06, 1.09433685793e-05, 9.92511559161e-06, 9.8995233202e-06, 8.95801349543e-06, 7.64163723943e-06, 6.77640900903e-06, 6.76058107274e-06, 4.99142015542e-06],
        "dvar": [1.99230016733e-05, 2.58943309746e-05, 1.13569603855e-05, 1.16419289498e-06, 7.18550268175e-07, 8.01901876457e-07, 5.07088827817e-07, 2.46106196755e-07, 2.31787744553e-08, 1.40823203765e-07, 1.15362652764e-07, 5.06076425211e-08, 3.01313178852e-08, 5.61371891195e-08, 4.59833913169e-08, 1.54431507582e-08, 1.46743666107e-08, 5.88979931493e-09, 9.55540713221e-09, 3.62815288923e-09, 2.75195155552e-09, 1.27159982544e-09, 1.81083681383e-09, 4.60001897684e-10, 2.78325557046e-10, 3.8316311235e-10, 1.60943924854e-10, 1.03483603631e-10, 1.06450348536e-10, 1.21415849597e-10, 9.59144361157e-11, 6.72734021268e-11, 1.28113464282e-10, 1.07298551988e-10, 9.46657474632e-11, 6.84440698562e-11, 5.13081452325e-11, 4.43928886706e-11, 4.61377672178e-11, 2.56840312907e-11],
        "dvar2": [3.08918533847e-05, 4.79408336105e-05, 3.08137241518e-05, 3.38008453582e-06, 1.90737773664e-06, 1.79778191978e-06, 1.21664641028e-06, 6.39225220311e-07, 5.79209604723e-08, 3.34571922167e-07, 2.88278215521e-07, 1.0965448638e-07, 6.75459759236e-08, 1.46453558614e-07, 1.2724898113e-07, 4.09071390095e-08, 3.82015450384e-08, 1.3984219116e-08, 2.358312301e-08, 8.85550655028e-09, 7.52227435896e-09, 3.46642536897e-09, 4.75946082545e-09, 1.1909944142e-09, 7.05059066686e-10, 1.05150432805e-09, 4.43718867205e-10, 2.5899668521e-10, 2.74418626711e-10, 3.23453264173e-10, 2.39530839607e-10, 1.74063527481e-10, 3.24659771289e-10, 2.63878058293e-10, 2.25961083178e-10, 1.65619365444e-10, 1.2125397908e-10, 1.05964036157e-10, 1.07599817945e-10, 5.97971464011e-11],
        "max": [0.0354514792562, 0.0533937327564, 0.0344831719995, 0.0119177252054, 0.0100737037137, 0.00917602237314, 0.00831352639943, 0.00458903890103, 0.00194396509323, 0.00355254323222, 0.00301168835722, 0.00421694805846, 0.00302227726206, 0.00267146364786, 0.00290579674765, 0.0020955989603, 0.00209498102777, 0.00172219821252, 0.0012642525835, 0.000790833379142, 0.000483729032567, 0.00046140953782, 0.000448086502729, 0.000240276029217, 0.000229731871514, 0.000264077098109, 0.000147296814248, 0.00013347332424, 0.000156617126777, 0.00013016720186, 0.000130842396175, 0.000112117690151, 0.000128231404233, 0.000115112903586, 0.000104450635263, 9.35649877647e-05, 7.25548015907e-05, 6.91887762514e-05, 7.26940925233e-05, 5.47543022549e-05],
        "mean": [0.00825961865485, 0.00214158720337, 0.000635265372694, 0.000281492510112, 0.000363552186172, 0.000571952550672, 0.000354438932845, 0.000255465187365, 9.86498635029e-05, 0.000260263157543, 0.000242313792114, 0.000128292289446, 0.000113925299956, 0.000133660447318, 0.00010191561887, 7.90831109043e-05, 7.04010890331e-05, 5.67246861465e-05, 6.07135189057e-05, 4.32876477134e-05, 4.04197162425e-05, 3.05540888803e-05, 3.01626387227e-05, 1.83151369129e-05, 1.53463406605e-05, 1.4899164853e-05, 1.10213068183e-05, 1.08934709715e-05, 9.61271234701e-06, 9.00062786968e-06, 9.24018695514e-06, 8.5725550889e-06, 1.04377213574e-05, 1.02943813545e-05, 1.05294775494e-05, 9.54012466536e-06, 8.16173360363e-06, 7.50284061724e-06, 7.10247968527e-06, 5.86163241678e-06],
        "median": [0.00178789102938, 0.000501972390339, 5.22340233147e-05, 7.03874320607e-05, 8.29932832858e-05, 0.000148644117871, 0.000107571984699, 5.75952035433e-05, 3.39189391525e-05, 8.12505677459e-05, 7.99636400188e-05, 3.72209542547e-05, 4.38798997493e-05, 4.74702355859e-05, 3.56439741154e-05, 3.76806747227e-05, 3.15228353429e-05, 2.52680492849e-05, 2.85661972157e-05, 1.93463092728e-05, 2.17021206481e-05, 1.68887036125e-05, 1.38249688462e-05, 1.00963879959e-05, 8.75437490322e-06, 8.22481979412e-06, 6.79834784023e-06, 7.39547840567e-06, 6.35184187558e-06, 6.01511237619e-06, 6.44324973109e-06, 5.90016952629e-06, 6.74367265674e-06, 6.82452446199e-06, 6.71194266033e-06, 5.97787538936e-06, 5.03047340317e-06, 4.53254506283e-06, 3.96395853386e-06, 3.38063364325e-06],
        "min": [7.03391376014e-24, 1.35347926289e-23, 1.47808773148e-23, 4.58213603887e-24, 7.67386297001e-24, 9.74913276401e-24, 6.31795504105e-24, 5.03116671017e-24, 6.85982872444e-24, 1.18999210013e-23, 6.39812658042e-24, 7.63903870535e-24, 3.00633549916e-24, 1.04252551907e-23, 4.18629549739e-24, 4.52511007289e-24, 8.28178837142e-24, 7.82969455323e-24, 5.2376715625e-24, 5.61687029432e-24, 6.27824654409e-24, 1.06903747748e-23, 7.05722065559e-24, 5.81394549782e-24, 9.02684461944e-24, 7.86940660006e-24, 8.08274772099e-24, 8.79420638305e-24, 8.07258324822e-24, 8.18489258644e-24, 9.95868577487e-24, 8.19497186222e-24, 1.09000090384e-23, 7.91768409859e-24, 1.47897125569e-23, 7.84338523424e-24, 9.48790147524e-24, 1.06181356263e-23, 9.77797982959e-24, 9.99168067109e-24],
        "var": [9.60285178735e-05, 3.96472532884e-05, 7.52170035412e-06, 6.66726805321e-07, 6.11279119767e-07, 1.07600419597e-06, 5.52040830826e-07, 2.37049690099e-07, 2.87305113034e-08, 1.8300004001e-07, 1.45336244373e-07, 8.68380283237e-08, 4.26375521556e-08, 5.85274051446e-08, 3.98428348092e-08, 1.55238399913e-08, 1.3733047588e-08, 9.01160390754e-09, 1.07720703468e-08, 4.39365166471e-09, 2.8003921404e-09, 1.48941248224e-09, 1.96938021446e-09, 5.47215217583e-10, 3.64501373529e-10, 3.96573607286e-10, 1.828540791e-10, 1.60491647749e-10, 1.38772993097e-10, 1.28915753073e-10, 1.32612199e-10, 9.47374609317e-11, 1.67323405131e-10, 1.49466702903e-10, 1.53563661787e-10, 1.16982298848e-10, 8.65605920275e-11, 7.58924451061e-11, 7.3878202167e-11, 4.75027066293e-11]
    },
    "mfcc": {
        "mean": [-634.770324707, 73.0071716309, 3.20264840126, 0.91681343317, 2.25495243073, 6.57698822021, -1.03475487232, 6.21394014359, 2.2203848362, 4.13153171539, 2.9248278141, 5.56142520905, 5.84377479553],
        "cov": [[18041.1054688, -584.153625488, -584.475524902, -155.026702881, 632.371154785, 329.317352295, 208.218261719, 208.572006226, 49.5232048035, 123.755722046, 130.826828003, 147.825973511, 233.899856567], [-584.153625488, 1957.18908691, 313.31930542, 421.149078369, 109.41835022, 77.2085494995, 66.6210174561, 62.0747032166, 75.6318130493, 77.2465591431, 15.8069601059, -43.3226051331, -10.877573967], [-584.475524902, 313.31930542, 1010.07653809, 427.203643799, 396.1796875, 199.656845093, 281.095672607, 215.683441162, 161.452529907, 102.80846405, 89.4379425049, 66.5933914185, 108.532676697], [-155.026702881, 421.149078369, 427.203643799, 442.097717285, 335.99697876, 198.015792847, 192.51222229, 146.061553955, 106.401573181, 70.8659820557, 69.918800354, 37.8108062744, 53.057434082], [632.371154785, 109.41835022, 396.1796875, 335.99697876, 513.432739258, 319.870941162, 306.749206543, 236.32131958, 162.756408691, 111.808189392, 124.137794495, 90.5125808716, 101.84589386], [329.317352295, 77.2085494995, 199.656845093, 198.015792847, 319.870941162, 331.60848999, 281.517700195, 210.0519104, 129.259674072, 82.8093490601, 87.8909072876, 73.8502502441, 65.7984237671], [208.218261719, 66.6210174561, 281.095672607, 192.51222229, 306.749206543, 281.517700195, 382.193511963, 291.67477417, 190.701309204, 111.229598999, 106.329307556, 96.9593276978, 90.4822921753], [208.572006226, 62.0747032166, 215.683441162, 146.061553955, 236.32131958, 210.0519104, 291.67477417, 319.336578369, 201.522186279, 114.870368958, 94.2560195923, 87.4146194458, 85.4157180786], [49.5232048035, 75.6318130493, 161.452529907, 106.401573181, 162.756408691, 129.259674072, 190.701309204, 201.522186279, 224.664093018, 138.716491699, 88.7570800781, 56.9618186951, 54.0311317444], [123.755722046, 77.2465591431, 102.80846405, 70.8659820557, 111.808189392, 82.8093490601, 111.229598999, 114.870368958, 138.716491699, 154.102035522, 102.696098328, 58.36302948, 53.0223731995], [130.826828003, 15.8069601059, 89.4379425049, 69.918800354, 124.137794495, 87.8909072876, 106.329307556, 94.2560195923, 88.7570800781, 102.696098328, 152.954681396, 100.825057983, 80.484375], [147.825973511, -43.3226051331, 66.5933914185, 37.8108062744, 90.5125808716, 73.8502502441, 96.9593276978, 87.4146194458, 56.9618186951, 58.36302948, 100.825057983, 130.43359375, 99.6073760986], [233.899856567, -10.877573967, 108.532676697, 53.057434082, 101.84589386, 65.7984237671, 90.4822921753, 85.4157180786, 54.0311317444, 53.0223731995, 80.484375, 99.6073760986, 141.441772461]],
