{
"lowlevel": {
    "average_loudness": 0.874187707901,
    "barkbands_crest": {
        "dmean": 2.90815424919,
        "dmean2": 4.4156665802,
        "dvar": 8.63356590271,
        "dvar2": 18.0820407867,
        "max": 26.4672985077,
        "mean": 11.8733739853,
        "median": 11.1404495239,
        "min": 1.9077630043,
        "var": 33.4616966248
    },
    "barkbands_flatness_db": {
        "dmean": 0.0261579230428,
        "dmean2": 0.0379854738712,
        "dvar": 0.00107729795855,
        "dvar2": 0.00190739461686,
        "max": 0.896530091763,
        "mean": 0.122006058693,
        "median": 0.0985125750303,
        "min": 0.0092309275642,
        "var": 0.00544007401913
    },
    "barkbands_kurtosis": {
        "dmean": 5.26646137238,
        "dmean2": 8.31627655029,
        "dvar": 596.630432129,
        "dvar2": 1579.89477539,
        "max": 680.444213867,
        "mean": 5.93055725098,
        "median": 0.5966796875,
        "min": -1.95056140423,
        "var": 591.398620605
    },
    "barkbands_skewness": {
        "dmean": 0.708423852921,
        "dmean2": 1.05127990246,
        "dvar": 1.18636286259,
        "dvar2": 2.50430035591,
        "max": 22.1711120605,
        "mean": 1.54053509235,
        "median": 1.14986276627,
        "min": -6.43613290787,
        "var": 3.19480991364
    },
    "barkbands_spread": {
        "dmean": 8.60492134094,
        "dmean2": 13.2170686722,
        "dvar": 113.523986816,
        "dvar2": 242.830154419,
        "max": 129.249465942,
        "mean": 35.768371582,
        "median": 34.6833267212,
        "min": 0.155864298344,
        "var": 449.349700928
    },
    "dissonance": {
        "dmean": 0.016905291006,
        "dmean2": 0.0290141999722,
        "dvar": 0.000392637477489,
        "dvar2": 0.00108368357178,
        "max": 0.500000119209,
        "mean": 0.475058585405,
        "median": 0.482522130013,
        "min": 0.145262211561,
        "var": 0.000667879066896
    },
    "dynamic_complexity": 3.92428183556,
    "erbbands_crest": {
        "dmean": 2.70070433617,
        "dmean2": 4.42960071564,
        "dvar": 6.68937349319,
        "dvar2": 16.0265140533,
        "max": 31.6831493378,
        "mean": 9.12592220306,
        "median": 7.54196739197,
        "min": 2.16552329063,
        "var": 27.5852622986
    },
    "erbbands_flatness_db": {
        "dmean": 0.0183751340955,
        "dmean2": 0.0280514359474,
        "dvar": 0.000397572584916,
        "dvar2": 0.000845923437737,
        "max": 0.516198456287,
        "mean": 0.139196366072,
        "median": 0.11581940949,
        "min": 0.035218283534,
        "var": 0.00509006762877
    },
    "erbbands_kurtosis": {
        "dmean": 1.6866029501,
        "dmean2": 2.76105856895,
        "dvar": 68.9933013916,
        "dvar2": 186.882064819,
        "max": 377.486968994,
        "mean": 1.60292720795,
        "median": -0.082710146904,
        "min": -1.92377185822,
        "var": 75.9831237793
    },
    "erbbands_skewness": {
        "dmean": 0.42578804493,
        "dmean2": 0.671587884426,
        "dvar": 0.305354803801,
        "dvar2": 0.727288067341,
        "max": 15.6922922134,
        "mean": 0.538639187813,
        "median": 0.378652155399,
        "min": -3.37895083427,
        "var": 1.25311899185
    },
    "erbbands_spread": {
        "dmean": 10.4541549683,
        "dmean2": 15.8156309128,
        "dvar": 219.081161499,
        "dvar2": 400.031188965,
        "max": 224.279083252,
        "mean": 44.7299003601,
        "median": 40.6731147766,
        "min": 1.12159597874,
        "var": 803.757019043
    },
    "hfc": {
        "dmean": 21.4143028259,
        "dmean2": 33.9085960388,
        "dvar": 2485.63427734,
        "dvar2": 6232.57519531,
        "max": 696.301086426,
        "mean": 56.1697998047,
        "median": 38.2480545044,
        "min": 1.07355821089e-16,
        "var": 4313.52392578
    },
    "melbands_crest": {
        "dmean": 4.03961038589,
        "dmean2": 6.28282022476,
        "dvar": 17.5094299316,
        "dvar2": 37.5479545593,
        "max": 39.8831062317,
        "mean": 18.738899231,
        "median": 18.4232444763,
        "min": 1.67948698997,
        "var": 71.8878250122
    },
    "melbands_flatness_db": {
        "dmean": 0.0335083827376,
        "dmean2": 0.0484382547438,
        "dvar": 0.0017426200211,
        "dvar2": 0.00303889624774,
        "max": 1,
        "mean": 0.179638743401,
        "median": 0.166149139404,
        "min": 0.00326935504563,
        "var": 0.00768249575049
    },
    "melbands_kurtosis": {
        "dmean": 23.9678688049,
        "dmean2": 35.60597229,
        "dvar": 55957.3476562,
        "dvar2": 153569.09375,
        "max": 16881.4296875,
        "mean": 30.8078193665,
        "median": 7.14172506332,
        "min": -1.82834744453,
        "var": 37827.2539062
    },
    "melbands_skewness": {
        "dmean": 1.2054374218,
        "dmean2": 1.72705149651,
        "dvar": 5.73969554901,
        "dvar2": 11.2167749405,
        "max": 111.537071228,
        "mean": 3.23755145073,
        "median": 2.37524414062,
        "min": -4.72972583771,
        "var": 12.3882513046
    },
    "melbands_spread": {
        "dmean": 10.2772912979,
        "dmean2": 16.1288394928,
        "dvar": 193.240631104,
        "dvar2": 466.065795898,
        "max": 211.971817017,
        "mean": 31.6280155182,
        "median": 28.9054946899,
        "min": 0.00486874300987,
        "var": 550.487731934
    },
    "pitch_salience": {
        "dmean": 0.0881891474128,
        "dmean2": 0.136724069715,
        "dvar": 0.00906489510089,
        "dvar2": 0.0196996387094,
        "max": 0.983650445938,
        "mean": 0.506069421768,
        "median": 0.503378510475,
        "min": 0.0224365405738,
        "var": 0.026875756681
    },
    "silence_rate_20dB": {
        "dmean": 0,
        "dmean2": 0,
        "dvar": 0,
        "dvar2": 0,
        "max": 1,
        "mean": 1,
        "median": 1,
        "min": 1,
        "var": 0
    },
    "silence_rate_30dB": {
        "dmean": 0.031278938055,
        "dmean2": 0.0625643134117,
        "dvar": 0.0302990507334,
        "dvar2": 0.0629677921534,
        "max": 1,
        "mean": 0.945679008961,
        "median": 1,
        "min": 0,
        "var": 0.0513749755919
    },
    "silence_rate_60dB": {
        "dmean": 0.0234592035413,
        "dmean2": 0.0469232350588,
        "dvar": 0.0229078531265,
        "dvar2": 0.0529494285583,
        "max": 1,
        "mean": 0.144341558218,
        "median": 0,
        "min": 0,
        "var": 0.123501740396
    },
    "spectral_centroid": {
        "dmean": 324.128387451,
        "dmean2": 505.942169189,
        "dvar": 141377.953125,
        "dvar2": 290815.71875,
        "max": 11790.1542969,
        "mean": 1920.52038574,
        "median": 1966.46630859,
        "min": 31.2239379883,
        "var": 965414.0625
    },
    "spectral_complexity": {
        "dmean": 4.96388530731,
        "dmean2": 7.51059865952,
        "dvar": 39.3185005188,
        "dvar2": 81.1183013916,
        "max": 64,
        "mean": 21.7503089905,
        "median": 21,
        "min": 0,
        "var": 209.234573364
    },
    "spectral_decrease": {
        "dmean": 2.64662891603e-09,
        "dmean2": 3.78024100911e-09,
        "dvar": 1.87665559225e-17,
        "dvar2": 3.22363964502e-17,
        "max": 1.4930109371e-09,
        "mean": -9.62721991016e-09,
        "median": -6.20216233926e-09,
        "min": -5.53094317013e-08,
        "var": 8.46018691474e-17
    },
    "spectral_energy": {
        "dmean": 0.0101269008592,
        "dmean2": 0.0146805113181,
        "dvar": 0.000273489305982,
        "dvar2": 0.000483101350255,
        "max": 0.211334258318,
        "mean": 0.0414300747216,
        "median": 0.0285199433565,
        "min": 1.01638880727e-20,
        "var": 0.00136787665542
    },
    "spectral_energyband_high": {
        "dmean": 0.00184275035281,
        "dmean2": 0.00292480597273,
        "dvar": 1.65236233443e-05,
        "dvar2": 4.12436493207e-05,
        "max": 0.0557468906045,
        "mean": 0.00429526390508,
        "median": 0.00252824323252,
        "min": 7.09504638453e-21,
        "var": 2.9456885386e-05
    },
    "spectral_energyband_low": {
        "dmean": 0.00837851781398,
        "dmean2": 0.0120759438723,
        "dvar": 0.000309270224534,
        "dvar2": 0.000563509296626,
        "max": 0.195254042745,
        "mean": 0.0237357411534,
        "median": 0.00735251419246,
        "min": 1.71135200789e-23,
        "var": 0.00101521785837
    },
    "spectral_energyband_middle_high": {
        "dmean": 0.00297489785589,
        "dmean2": 0.00467780791223,
        "dvar": 2.35130810324e-05,
        "dvar2": 4.98209192301e-05,
        "max": 0.0976020917296,
        "mean": 0.00783730763942,
        "median": 0.00653001619503,
        "min": 1.15889346775e-21,
        "var": 6.57841083012e-05
    },
    "spectral_energyband_middle_low": {
        "dmean": 0.00441627483815,
        "dmean2": 0.00742089189589,
        "dvar": 9.10891176318e-05,
        "dvar2": 0.000239554414293,
        "max": 0.100440502167,
        "mean": 0.00676047615707,
        "median": 0.00455895345658,
        "min": 1.64566949254e-22,
        "var": 8.85500121512e-05
    },
    "spectral_entropy": {
        "dmean": 0.163127958775,
        "dmean2": 0.250721782446,
        "dvar": 0.0459680482745,
        "dvar2": 0.0993006974459,
        "max": 9.81587123871,
        "mean": 7.9807009697,
        "median": 8.12157821655,
        "min": 4.12723922729,
        "var": 0.312960982323
    },
    "spectral_flux": {
        "dmean": 0.030148409307,
        "dmean2": 0.0457108132541,
        "dvar": 0.00178082997445,
        "dvar2": 0.00322865718044,
        "max": 0.445096075535,
        "mean": 0.103795692325,
        "median": 0.0898787230253,
        "min": 6.27353100024e-11,
        "var": 0.00570012815297
    },
    "spectral_kurtosis": {
        "dmean": 1.22826766968,
        "dmean2": 2.03198409081,
        "dvar": 8.33588409424,
        "dvar2": 24.1601066589,
        "max": 100.556045532,
        "mean": 3.6037003994,
        "median": 2.47549080849,
        "min": -1.28441870213,
        "var": 22.9298057556
    },
    "spectral_rms": {
        "dmean": 0.000743309152313,
        "dmean2": 0.00109769357368,
        "dvar": 1.10213625248e-06,
        "dvar2": 2.02168735086e-06,
        "max": 0.0143589610234,
        "mean": 0.00556419743225,
        "median": 0.00527487788349,
        "min": 3.14896633075e-12,
        "var": 9.45935335039e-06
    },
    "spectral_rolloff": {
        "dmean": 1215.04675293,
        "dmean2": 1985.78283691,
        "dvar": 4130495.5,
        "dvar2": 8996375,
        "max": 19401.4160156,
        "mean": 3091.19335938,
        "median": 1808.7890625,
        "min": 43.06640625,
        "var": 11554477
    },
    "spectral_skewness": {
        "dmean": 0.196527540684,
        "dmean2": 0.314964532852,
        "dvar": 0.076244994998,
        "dvar2": 0.201035037637,
        "max": 8.15164756775,
        "mean": 1.47984242439,
        "median": 1.38636922836,
        "min": -0.101640582085,
        "var": 0.357572466135
    },
    "spectral_spread": {
        "dmean": 833666.6875,
        "dmean2": 1285165.125,
        "dvar": 1.37581441843e+12,
        "dvar2": 2.76077058458e+12,
        "max": 42262796,
        "mean": 6971227.5,
        "median": 6680110,
        "min": 723531.5,
        "var": 1.27150178959e+13
    },
    "spectral_strongpeak": {
        "dmean": 0.442883700132,
        "dmean2": 0.760689556599,
        "dvar": 1.17469489574,
        "dvar2": 3.12158441544,
        "max": 29.7072620392,
        "mean": 0.762982726097,
        "median": 0.541080713272,
        "min": 0,
        "var": 1.19412851334
    },
    "zerocrossingrate": {
        "dmean": 0.0200417377055,
        "dmean2": 0.0227585397661,
        "dvar": 0.000673421891406,
        "dvar2": 0.000797584303655,
        "max": 0.87744140625,
        "mean": 0.110755302012,
        "median": 0.0966796875,
        "min": 0.0009765625,
        "var": 0.00614743027836
    },
    "barkbands": {
        "dmean": [0.00100733572617, 0.00712944800034, 0.00302878953516, 0.0016966694966, 0.00097656599246, 0.000647718959954, 0.00131630210672, 0.000681820383761, 0.000634467462078, 0.000830551434774, 0.000885412388016, 0.000727364677005, 0.00080917601008, 0.000462548661744, 0.000489846686833, 0.000349315989297, 0.000269905052846, 0.000226025455049, 0.000180356117198, 0.000185206139577, 0.000246875046287, 0.000276645354461, 0.000307325011818, 0.000331724790158, 0.000409521366237, 0.000607403111644, 0.000197030065465],
        "dmean2": [0.00144101912156, 0.0100348414853, 0.00544052151963, 0.00290545145981, 0.00165673426818, 0.00114104407839, 0.00224375817925, 0.00117325910833, 0.00107197253965, 0.00137232581619, 0.00142461562064, 0.00119646149687, 0.00133949785959, 0.000798408233095, 0.000777946203016, 0.000569051888306, 0.0004471281718, 0.000376174895791, 0.00029924834962, 0.000302932225168, 0.000393902882934, 0.000443425582489, 0.000506288430188, 0.000553110789042, 0.000665550585836, 0.000999989104457, 0.000324730295688],
        "dvar": [6.52765538689e-06, 0.000243374423007, 0.000129885956994, 2.50017237704e-05, 1.05332128442e-05, 5.82728671361e-06, 5.70017436985e-06, 4.09341009799e-06, 2.08792744161e-06, 1.86511419997e-06, 2.84323687083e-06, 2.48119476964e-06, 2.24490895562e-06, 1.17142178624e-06, 1.22139783798e-06, 5.81307290304e-07, 2.62146329533e-07, 2.07269025054e-07, 9.41068662996e-08, 9.17357922958e-08, 1.50905833607e-07, 2.59132434621e-07, 2.99158102735e-07, 2.83284748548e-07, 8.08310176126e-07, 4.0522022573e-06, 3.1855191196e-07],
        "dvar2": [1.0976043086e-05, 0.000413809873862, 0.000369937770301, 6.44187894068e-05, 2.882105764e-05, 1.57735321409e-05, 1.49343049998e-05, 1.15624006867e-05, 5.41208873983e-06, 4.70959503218e-06, 6.63975288262e-06, 6.43292833047e-06, 6.07468246017e-06, 3.11324629365e-06, 2.8414604003e-06, 1.49966274421e-06, 6.43270368528e-07, 5.34237130978e-07, 2.3705418073e-07, 2.33342930755e-07, 3.7664895558e-07, 6.58314547763e-07, 8.12206224055e-07, 7.44802207464e-07, 1.99972942028e-06, 1.05355493361e-05, 8.42261840717e-07],
        "max": [0.0691300332546, 0.174453854561, 0.119780555367, 0.0869937390089, 0.0503775626421, 0.0329769477248, 0.0314505882561, 0.0375288240612, 0.035702265799, 0.0189146436751, 0.024182068184, 0.0328989848495, 0.0275825317949, 0.0230029448867, 0.0288778059185, 0.0243029408157, 0.0184658654034, 0.00856054015458, 0.00416144309565, 0.00311925821006, 0.00464918464422, 0.0171593613923, 0.00571789359674, 0.00765722570941, 0.0112649155781, 0.0306727699935, 0.0070076379925],
        "mean": [0.00199755444191, 0.0180402174592, 0.00261524226516, 0.00185419130139, 0.000946559361182, 0.00056199496612, 0.00174192886334, 0.000723221281078, 0.000735630630516, 0.00120330776554, 0.00117316481192, 0.00095867284108, 0.00131481653079, 0.000669791130349, 0.000727820151951, 0.000597757985815, 0.000437912443886, 0.00037150940625, 0.000318548845826, 0.000341129081789, 0.000493534898851, 0.000564002199098, 0.00052746781148, 0.000596489699092, 0.000740309827961, 0.000927816028707, 0.000249501987128],
        "median": [0.000179317343282, 0.00315497769043, 0.000347110937582, 0.000307958922349, 0.000221037131269, 0.000132891203975, 0.000799759873189, 0.000174456450623, 0.000212891813135, 0.000525092706084, 0.000373000482796, 0.000241878355155, 0.000583805609494, 0.000241040062974, 0.000327705725795, 0.000304124550894, 0.000224289338803, 0.000205691932933, 0.000195527536562, 0.000224028699449, 0.000299745035591, 0.000297372578643, 0.000251079793088, 0.000298531493172, 0.000360132369678, 0.000281848886516, 3.66646127077e-05],
        "min": [1.21871564982e-24, 3.27109910984e-24, 4.23030506122e-25, 3.47727643698e-25, 1.02902250807e-23, 4.63383995475e-24, 9.69832933285e-24, 1.54409109233e-23, 1.58412625659e-23, 9.09656966827e-24, 8.03758622302e-24, 2.81011155547e-23, 3.19184860503e-23, 3.20924614343e-23, 5.99178669472e-23, 6.9209064378e-23, 8.28646189897e-23, 1.16708487318e-22, 1.07272966207e-22, 1.98891814475e-22, 2.74716026591e-22, 3.53963831926e-22, 3.39166315957e-22, 6.33291627721e-22, 9.46813123256e-22, 1.36187442162e-21, 1.9877802413e-21],
        "var": [1.79335893336e-05, 0.00070994842099, 8.03299626568e-05, 2.62433859461e-05, 7.75840271672e-06, 4.04173169954e-06, 6.79763934386e-06, 3.62707442036e-06, 2.19172920879e-06, 2.99146290672e-06, 4.31595026384e-06, 3.24452003042e-06, 3.8112391394e-06, 1.7846175524e-06, 1.73982937213e-06, 9.43820282373e-07, 4.24527485166e-07, 2.7744724207e-07, 1.68420044133e-07, 1.63470019743e-07, 3.06224393398e-07, 5.11935297709e-07, 4.9037333838e-07, 5.83233372708e-07, 1.2278013628e-06, 4.52534413853e-06, 3.49079641637e-07]
    },
    "erbbands": {
        "dmean": [0.341272443533, 1.41601026058, 3.14283657074, 4.95606660843, 3.7965092659, 3.16000509262, 4.37680721283, 5.69995355606, 15.7061605453, 17.2572536469, 14.1218585968, 14.4378871918, 17.9432659149, 33.909614563, 32.9633827209, 26.5311107635, 35.6383209229, 24.9730911255, 27.5104885101, 19.543964386, 18.0508651733, 12.8689851761, 12.6591482162, 9.84182739258, 8.37013339996, 8.4159040451, 9.90120029449, 9.9032087326, 9.28470611572, 10.4510507584, 8.13009357452, 7.32023143768, 6.05789852142, 4.58866167068, 3.32997107506, 2.71238422394, 1.24333965778, 0.322192162275, 0.0295641478151, 0.000425791047746],
        "dmean2": [0.4533816576, 2.05437636375, 5.47490692139, 8.56996536255, 6.37792301178, 5.32181406021, 7.60663223267, 10.0178031921, 26.9408359528, 29.0968761444, 23.7906150818, 24.2132034302, 30.2194957733, 55.3767242432, 53.5348358154, 43.165851593, 58.5131645203, 42.3290977478, 44.0607299805, 31.5042552948, 29.5218925476, 21.2790737152, 20.8228778839, 16.0862083435, 13.9645986557, 13.8828268051, 16.2581424713, 16.0485286713, 14.8953952789, 17.2026138306, 13.3058404922, 12.221619606, 10.1451835632, 7.57888317108, 5.39492750168, 4.4071803093, 2.13629603386, 0.539579749107, 0.0484179928899, 0.000692283676472],
        "dvar": [0.492577105761, 12.0308618546, 132.820846558, 228.320510864, 143.651977539, 103.10912323, 461.962646484, 416.695404053, 1035.66931152, 1240.78747559, 1700.06958008, 1048.66796875, 1246.76794434, 3206.42626953, 5732.45654297, 3200.65795898, 4283.4296875, 2498.59277344, 4502.28613281, 2130.98168945, 1005.51062012, 566.066711426, 652.413696289, 314.161346436, 198.339828491, 201.015991211, 281.976074219, 273.499633789, 303.362579346, 318.378936768, 223.349472046, 143.586776733, 109.622093201, 82.7166442871, 54.8990364075, 76.0988006592, 17.6746444702, 0.98983424902, 0.00599147891626, 1.33020944304e-06],
        "dvar2": [0.754017233849, 25.6020565033, 365.428009033, 627.121398926, 358.856109619, 284.052520752, 1261.63317871, 1158.92480469, 2774.98486328, 3198.5, 4617.75390625, 2701.78369141, 3336.85717773, 7864.3828125, 13720.1347656, 7961.05957031, 11690.4355469, 6581.99658203, 10527.9707031, 5277.35644531, 2467.13549805, 1397.02368164, 1685.70300293, 755.953979492, 519.724121094, 510.581085205, 735.499206543, 688.669189453, 770.100341797, 850.385437012, 591.60333252, 385.256286621, 289.926635742, 203.716567993, 134.026062012, 189.074020386, 48.6527862549, 2.67663550377, 0.0153476819396, 3.42427233591e-06],
        "max": [7.38671636581, 41.9909362793, 129.05329895, 178.464004517, 209.983718872, 174.579376221, 463.123016357, 332.22076416, 424.114868164, 599.351501465, 781.657104492, 795.839111328, 492.392120361, 1029.27478027, 1194.25537109, 1182.65625, 975.548339844, 1169.8248291, 1832.04846191, 1104.85083008, 716.268188477, 433.76449585, 508.356445312, 248.390396118, 219.697570801, 153.836471558, 180.908370972, 343.39163208, 602.354248047, 207.613052368, 180.732467651, 151.330993652, 156.186523438, 119.135932922, 116.669883728, 159.659713745, 61.9819641113, 13.5337924957, 0.925083100796, 0.0148568619043],
        "mean": [0.84076499939, 2.74724698067, 3.15278816223, 5.39965295792, 3.93470168114, 3.12406516075, 3.6056728363, 5.32001638412, 20.0326156616, 22.4313030243, 15.8127536774, 17.5282993317, 23.4631958008, 54.5044364929, 45.5220909119, 40.3903045654, 59.6486625671, 40.2701873779, 42.8412284851, 30.7082366943, 32.313117981, 23.1083240509, 21.9713153839, 17.424123764, 15.4722642899, 15.7696971893, 18.6478672028, 20.3489685059, 19.5153961182, 18.6053218842, 14.2868204117, 11.745598793, 10.4276475906, 7.68829345703, 5.63760757446, 4.0601439476, 1.68532717228, 0.44533893466, 0.0392792709172, 0.000658499193378],
        "median": [0.104241043329, 0.503563284874, 0.735473871231, 1.27063918114, 0.995380520821, 0.79902946949, 0.729312717915, 1.6658962965, 8.94881629944, 9.69957065582, 5.11154317856, 5.9464302063, 12.4915599823, 26.3865242004, 14.5803375244, 15.5087814331, 28.1808681488, 20.6343860626, 19.3697471619, 15.8458328247, 19.6904525757, 13.4418764114, 12.5008964539, 9.96565055847, 10.0566520691, 10.6279735565, 11.4381198883, 12.3383197784, 11.0695667267, 9.15333175659, 6.64361906052, 5.53733158112, 4.8497004509, 3.64099836349, 2.39672708511, 1.34285724163, 0.463476747274, 0.0962085127831, 0.00619364436716, 0.000183836615179],
        "min": [1.52487810099e-22, 5.75328753734e-22, 2.9520565488e-21, 6.67519608201e-21, 1.24784105124e-20, 3.45280083393e-20, 6.69352612973e-20, 5.1745187947e-20, 1.11023987946e-19, 2.75256317097e-19, 3.92037314085e-19, 3.97623704201e-19, 4.55111877895e-19, 6.6796654261e-19, 4.50394880451e-19, 1.63674434601e-18, 2.04920596434e-18, 2.16723285043e-18, 3.24937720435e-18, 3.75124753432e-18, 4.02976917273e-18, 5.55690216141e-18, 5.47587982041e-18, 6.27778179344e-18, 6.10308745193e-18, 8.78542407456e-18, 1.02273587009e-17, 1.00019767994e-17, 1.20385674322e-17, 9.94744574471e-18, 1.00068646097e-17, 1.00288543791e-17, 1.04085402064e-17, 8.62437283648e-18, 6.71491696868e-18, 4.07770677077e-18, 2.44251483597e-18, 1.09375641875e-18, 2.61285831087e-19, 2.6941127148e-20],
        "var": [1.64383268356, 21.4361343384, 92.1845855713, 199.775253296, 142.081268311, 75.0655593872, 303.795623779, 284.127838135, 1054.38745117, 1481.29675293, 1536.21594238, 1154.72705078, 1278.27148438, 5702.76025391, 8514.58984375, 4702.7109375, 7417.60644531, 4253.09667969, 6359.26416016, 2982.98535156, 1947.86132812, 983.969238281, 926.634033203, 564.806640625, 341.143859863, 358.258483887, 470.576171875, 544.630065918, 599.671081543, 575.676635742, 380.140258789, 250.224258423, 201.349609375, 131.286697388, 82.0703582764, 94.2581634521, 15.9093828201, 0.998529314995, 0.00777490949258, 1.75145783032e-06]
    },
    "gfcc": {
        "mean": [-0.666980803013, 21.3956832886, -108.985275269, 8.30533885956, -53.667678833, 23.8706588745, -29.991727829, 13.7058448792, -21.054227829, 11.5454597473, -17.5675506592, 6.87220716476, -15.6836528778],
        "cov": [[34278.9882812, -1494.71826172, 1588.97167969, 1974.31799316, 987.276855469, 1738.13000488, 423.730865479, 714.625793457, -267.543670654, 977.697998047, -495.103363037, 563.036682129, -448.324249268], [-1494.71826172, 2209.85766602, 288.028656006, 318.859832764, 242.343551636, 2.1440308094, 118.149101257, 88.1537628174, 184.668258667, -20.2961654663, 127.355155945, -43.3257522583, -7.84573554993], [1588.97167969, 288.028656006, 2332.1796875, 1066.52648926, 874.468688965, 515.280151367, 284.84753418, 87.1596374512, 86.540512085, 170.472854614, 43.9865646362, 58.482925415, -88.9451293945], [1974.31799316, 318.859832764, 1066.52648926, 981.128723145, 568.795776367, 431.83404541, 264.001739502, 115.066726685, 73.9950866699, 98.6928024292, 19.5916080475, 70.4562454224, -33.8385429382], [987.276855469, 242.343551636, 874.468688965, 568.795776367, 758.469665527, 412.172424316, 318.983062744, 114.62739563, 114.829124451, 134.273376465, 48.8316841125, 70.5701446533, 7.19146442413], [1738.13000488, 2.1440308094, 515.280151367, 431.83404541, 412.172424316, 577.076965332, 314.803588867, 164.267715454, 86.4519271851, 127.877891541, 58.7025527954, 82.9976654053, 60.5234718323], [423.730865479, 118.149101257, 284.84753418, 264.001739502, 318.983062744, 314.803588867, 375.436767578, 169.410934448, 136.956893921, 82.9838180542, 43.8192214966, 81.5835494995, 64.2837295532], [714.625793457, 88.1537628174, 87.1596374512, 115.066726685, 114.62739563, 164.267715454, 169.410934448, 233.862106323, 127.184326172, 99.4136581421, 58.8371505737, 56.2230796814, 39.6673583984], [-267.543670654, 184.668258667, 86.540512085, 73.9950866699, 114.829124451, 86.4519271851, 136.956893921, 127.184326172, 224.480880737, 130.040344238, 95.5589599609, 46.7459144592, 13.8462095261], [977.697998047, -20.2961654663, 170.472854614, 98.6928024292, 134.273376465, 127.877891541, 82.9838180542, 99.4136581421, 130.040344238, 270.90914917, 93.2666854858, 68.1267852783, -18.9586219788], [-495.103363037, 127.355155945, 43.9865646362, 19.5916080475, 48.8316841125, 58.7025527954, 43.8192214966, 58.8371505737, 95.5589599609, 93.2666854858, 165.222946167, 41.5449447632, 36.8447570801], [563.036682129, -43.3257522583, 58.482925415, 70.4562454224, 70.5701446533, 82.9976654053, 81.5835494995, 56.2230796814, 46.7459144592, 68.1267852783, 41.5449447632, 132.652572632, 45.8566131592], [-448.324249268, -7.84573554993, -88.9451293945, -33.8385429382, 7.19146442413, 60.5234718323, 64.2837295532, 39.6673583984, 13.8462095261, -18.9586219788, 36.8447570801, 45.8566131592, 148.941299438]],
        "icov": [[6.68942739139e-05, 5.89201272305e-06, 4.03177691624e-05, -9.03700420167e-05, 1.87636160263e-05, -0.000205298958463, 0.00017224419571, -0.000247563701123, 0.00024443140137, -0.000252676574746, 0.000324408407323, -0.000270970718702, 0.000227613156312], [5.89201272305e-06, 0.000592718017288, 5.4581589211e-05, -0.000290875177598, -0.000178092333954, 0.000300721236272, -3.49302572431e-05, -0.000115916314826, -0.000436528993305, 0.000381709338399, -0.000489190511871, 0.000372210372007, 4.34007342847e-05], [4.03177691624e-05, 5.4581589211e-05, 0.00107533787377, -0.000847404124215, -0.000746114819776, -0.000140883566928, 0.000385173538234, -1.95731663553e-05, 0.000197678018594, -0.00023498601513, -1.0808758816e-05, -2.86568938463e-05, 0.000469335936941], [-9.03700420167e-05, -0.000290875177598, -0.000847404124215, 0.00293798488565, -0.000578737352043, -0.000789366429672, -0.000171069288626, 3.52624156221e-05, -0.000172787840711, 0.000705898914021, 2.17308188439e-05, -0.000502212613355, 0.000542409950867], [1.87636160263e-05, -0.000178092333954, -0.000746114819776, -0.000578737352043, 0.00384005112574, -0.000811795413028, -0.00180913333315, 0.000848255993333, -6.16644028923e-05, -0.000737273250706, 0.000231014069868, 4.06898725487e-05, 1.16383826025e-05], [-0.000205298958463, 0.000300721236272, -0.000140883566928, -0.000789366429672, -0.000811795413028, 0.00547594111413, -0.00305797345936, -0.000211922131712, 0.000883984612301, -0.000316789228236, -0.00183759932406, 0.00147524487693, -0.00179744116031], [0.00017224419571, -3.49302572431e-05, 0.000385173538234, -0.000171069288626, -0.00180913333315, -0.00305797345936, 0.00869728159159, -0.00281567894854, -0.00245177559555, 0.000748078513425, 0.00245293066837, -0.00219084648415, -0.000575249316171], [-0.000247563701123, -0.000115916314826, -1.95731663553e-05, 3.52624156221e-05, 0.000848255993333, -0.000211922131712, -0.00281567894854, 0.00921301171184, -0.00357036478817, -0.000192531544599, -0.00101354380604, 0.000745370343793, -0.00161959044635], [0.00024443140137, -0.000436528993305, 0.000197678018594, -0.000172787840711, -6.16644028923e-05, 0.000883984612301, -0.00245177559555, -0.00357036478817, 0.0113750072196, -0.00381197128445, -0.00195197900757, -0.000663224549498, 0.00158878741786], [-0.000252676574746, 0.000381709338399, -0.00023498601513, 0.000705898914021, -0.000737273250706, -0.000316789228236, 0.000748078513425, -0.000192531544599, -0.00381197128445, 0.00838384777308, -0.00347002735361, -0.00138759019319, 0.00187948369421], [0.000324408407323, -0.000489190511871, -1.0808758816e-05, 2.17308188439e-05, 0.000231014069868, -0.00183759932406, 0.00245293066837, -0.00101354380604, -0.00195197900757, -0.00347002735361, 0.0116992397234, -0.00224832398817, -0.00156612612773], [-0.000270970718702, 0.000372210372007, -2.86568938463e-05, -0.000502212613355, 4.06898725487e-05, 0.00147524487693, -0.00219084648415, 0.000745370343793, -0.000663224549498, -0.00138759019319, -0.00224832398817, 0.0122481323779, -0.00411141011864], [0.000227613156312, 4.34007342847e-05, 0.000469335936941, 0.000542409950867, 1.16383826025e-05, -0.00179744116031, -0.000575249316171, -0.00161959044635, 0.00158878741786, 0.00187948369421, -0.00156612612773, -0.00411141011864, 0.0109592489898]]
    },
    "melbands": {
        "dmean": [0.00235428637825, 0.00155457807705, 0.000799968605861, 0.000226607429795, 0.000152958848048, 0.000127119303215, 0.000257025443716, 0.000177157344297, 0.000110281202069, 9.51168913161e-05, 9.34108174988e-05, 0.00014004689001, 0.000111519817438, 9.35759962886e-05, 7.04800404492e-05, 8.19377382868e-05, 4.57999267383e-05, 4.62050265924e-05, 3.25321052514e-05, 2.62237099378e-05, 2.23539245781e-05, 1.48997432916e-05, 1.33434141389e-05, 1.065923243e-05, 8.37078459881e-06, 7.04164131093e-06, 5.96524751018e-06, 6.01945703238e-06, 6.6828256422e-06, 6.39545123704e-06, 6.5763360908e-06, 5.81971698921e-06, 5.5070909184e-06, 6.51810205454e-06, 5.03496630699e-06, 4.91701212013e-06, 4.61928539153e-06, 4.78362471767e-06, 3.99303689846e-06, 4.5123374548e-06],
        "dmean2": [0.00319362711161, 0.00245205359533, 0.00136963487603, 0.000380152458092, 0.000264015456196, 0.000223235969315, 0.00044028123375, 0.000299480423564, 0.000186511839274, 0.000160269904882, 0.000157650618348, 0.000229822893743, 0.000179639930138, 0.000155376153998, 0.000116813607747, 0.000136985952849, 7.83651266829e-05, 7.48531383579e-05, 5.17524968018e-05, 4.22551456722e-05, 3.65557825717e-05, 2.48059823207e-05, 2.21509599214e-05, 1.77322490345e-05, 1.37185352287e-05, 1.18899270092e-05, 9.8368509498e-06, 9.9356402643e-06, 1.11570952868e-05, 1.02944786704e-05, 1.08723043013e-05, 9.43016402744e-06, 8.83269967744e-06, 1.09432603494e-05, 8.29351392895e-06, 8.20472723717e-06, 7.77483182901e-06, 8.00038651505e-06, 6.71638008498e-06, 7.50869867261e-06],
        "dvar": [2.3861457521e-05, 2.26096362894e-05, 5.76612092118e-06, 4.79124139474e-07, 5.08947778144e-07, 2.10864186556e-07, 2.47909156315e-07, 1.51369192736e-07, 1.02788803247e-07, 4.48459722691e-08, 3.34600045448e-08, 5.38232072245e-08, 5.53232268885e-08, 4.26830162326e-08, 2.25252350106e-08, 2.09123864892e-08, 9.31931776194e-09, 1.37863205296e-08, 5.92657123377e-09, 5.3777511333e-09, 1.58336110889e-09, 8.31989810379e-10, 4.79313422286e-10, 6.24508611491e-10, 2.24430585227e-10, 1.59707705394e-10, 1.0828545699e-10, 1.03366135096e-10, 1.45317952116e-10, 1.06623293528e-10, 1.37587052862e-10, 1.32917760132e-10, 8.88287499112e-11, 1.29547622629e-10, 7.94536936244e-11, 8.74269615037e-11, 5.43500695838e-11, 6.58350041149e-11, 3.96599836305e-11, 9.88759421561e-11],
        "dvar2": [3.66809363186e-05, 5.68008763366e-05, 1.54912340804e-05, 1.250072728e-06, 1.39982262226e-06, 5.83883945637e-07, 6.61444005345e-07, 4.02790249154e-07, 2.77945360949e-07, 1.156901277e-07, 8.95361935704e-08, 1.32643450002e-07, 1.3206948779e-07, 1.13014671399e-07, 5.88648347843e-08, 5.74270018205e-08, 2.43277025191e-08, 3.27771054742e-08, 1.4256751335e-08, 1.47179521903e-08, 4.04698807799e-09, 2.05529304687e-09, 1.24275301161e-09, 1.62696589534e-09, 5.3535559319e-10, 4.25147972383e-10, 2.78711359547e-10, 2.64770649849e-10, 3.94388605107e-10, 2.54388093923e-10, 3.59826946017e-10, 3.47409101487e-10, 2.20863466405e-10, 3.59797802663e-10, 2.10600550887e-10, 2.37872999076e-10, 1.47887466162e-10, 1.76070658053e-10, 1.05833675157e-10, 2.43613212936e-10],
        "max": [0.0524415262043, 0.0546845681965, 0.028980506584, 0.0103264739737, 0.0156682990491, 0.00698219751939, 0.00664268434048, 0.00799537543207, 0.00529375532642, 0.00428510922939, 0.00261667231098, 0.00420014560223, 0.00363367632963, 0.0038092774339, 0.00252922065556, 0.00276917591691, 0.00236300658435, 0.0033769281581, 0.00203901994973, 0.0024407717865, 0.00121808669064, 0.00073008693289, 0.000300285319099, 0.000542584981304, 0.000225072843023, 0.000242794238147, 0.000188214340596, 0.000109326909296, 0.000133879613713, 0.000115702059702, 0.000312247255351, 0.000465351331513, 0.000132623536047, 0.000138352406793, 0.000106033367047, 0.000132210829179, 8.95193734323e-05, 0.000138838280691, 6.8964829552e-05, 0.00013898468751],
        "mean": [0.00605093548074, 0.0022747872863, 0.000890071911272, 0.000233902756008, 0.00013027570094, 0.000114182927064, 0.000334752170602, 0.000226622010814, 0.000118552205095, 0.000112582223665, 0.000118194344395, 0.000220038273255, 0.000150009407662, 0.000120948774565, 0.000106101113488, 0.000130480781081, 6.68112115818e-05, 6.84721162543e-05, 4.73524742119e-05, 4.20048636443e-05, 3.62253813364e-05, 2.37640015257e-05, 2.24702525884e-05, 1.67288981174e-05, 1.38141140269e-05, 1.19504811664e-05, 1.02407784652e-05, 1.04581940832e-05, 1.1522089153e-05, 1.13426685857e-05, 1.2463389794e-05, 1.11599838419e-05, 1.05441213236e-05, 1.02919584606e-05, 8.27587882668e-06, 7.50563140173e-06, 7.00155032973e-06, 7.49584069126e-06, 6.35877904642e-06, 6.69511246087e-06],
        "median": [0.00094618613366, 0.000619661819655, 0.000230122444918, 5.9882971982e-05, 2.93297689495e-05, 3.11780495394e-05, 0.00015196041204, 9.48409433477e-05, 3.43210340361e-05, 3.26862791553e-05, 5.94467201154e-05, 0.000100260192994, 4.78357578686e-05, 2.91516298603e-05, 4.1393279389e-05, 5.9282676375e-05, 2.82148703263e-05, 2.75839665846e-05, 2.2320811695e-05, 1.80038532562e-05, 2.08847231988e-05, 1.20796703413e-05, 1.14380927698e-05, 8.82924359757e-06, 7.23189714336e-06, 7.37746813684e-06, 5.99155100645e-06, 6.44224473945e-06, 6.62364072923e-06, 6.13302518104e-06, 7.07454910298e-06, 6.13874726696e-06, 5.06263859279e-06, 4.78309357277e-06, 3.62888295058e-06, 3.28633723257e-06, 3.22309278999e-06, 3.33899811267e-06, 2.77408435068e-06, 2.74126205113e-06],
        "min": [1.44742328814e-24, 1.22623635387e-24, 1.46816382185e-24, 1.31442064927e-24, 2.4189776737e-24, 1.079113302e-24, 1.59291251046e-24, 2.88858538728e-24, 2.59793057283e-24, 1.93821960843e-24, 2.21136782446e-24, 2.3958449193e-24, 1.03706671993e-24, 3.74542007012e-24, 4.35778320856e-24, 3.76233324793e-24, 3.54947057114e-24, 3.90672122043e-24, 4.39779028937e-24, 3.53869354788e-24, 3.91334765203e-24, 4.37448576051e-24, 3.68399975447e-24, 5.4368218646e-24, 3.96569409512e-24, 4.62010904183e-24, 3.44818832509e-24, 5.48024707972e-24, 4.68433099699e-24, 4.15749339688e-24, 5.61367028006e-24, 5.8871995159e-24, 6.24814242866e-24, 4.87565855993e-24, 4.89421335728e-24, 5.41724470352e-24, 5.05064013605e-24, 6.10205879965e-24, 7.0045918003e-24, 6.17731652444e-24],
        "var": [7.97198081273e-05, 2.30940640904e-05, 5.29323870069e-06, 4.15710360357e-07, 3.32573932837e-07, 1.43427286048e-07, 2.68353204547e-07, 1.69040390574e-07, 9.2632724602e-08, 4.94866867484e-08, 3.43423920413e-08, 9.63640687246e-08, 8.21096222126e-08, 5.37892930197e-08, 3.26960929442e-08, 3.63916825563e-08, 1.49996619569e-08, 1.84524537872e-08, 7.98949351122e-09, 7.00976920953e-09, 2.65101718355e-09, 1.32075150816e-09, 9.09798902882e-10, 7.19933612725e-10, 4.11118472599e-10, 2.47215720117e-10, 1.75164410754e-10, 1.7497196747e-10, 2.10166217762e-10, 2.05338079873e-10, 2.36585029345e-10, 2.19813237057e-10, 1.96475585801e-10, 1.90976331971e-10, 1.3349749084e-10, 1.2471346178e-10, 9.12714417933e-11, 1.13036878469e-10, 7.39318467557e-11, 1.33474689634e-10]
    },
    "mfcc": {
        "mean": [-643.788146973, 71.9418563843, -3.33021092415, -1.79184305668, -0.647503852844, 8.71116065979, 3.40300512314, 5.46808099747, 5.11887311935, 2.90271186829, 3.33419680595, 4.49824428558, 3.50393676758],
        "cov": [[17985.2382812, -336.161773682, 1043.01623535, 826.593139648, 862.159484863, 1314.42871094, 701.953674316, 366.162689209, 506.090759277, 206.146270752, 598.65802002, 327.55480957, 275.88949585], [-336.161773682, 1713.11413574, 178.293838501, 247.492538452, 139.981826782, 18.7213058472, 11.6713247299, 80.4986953735, 31.912405014, 63.1541061401, 72.423500061, 78.9689102173, 58.916103363], [1043.01623535, 178.293838501, 1301.24133301, 643.11907959, 570.558166504, 445.109924316, 302.853302002, 167.6743927, 90.80078125, 84.8943939209, 136.512008667, 78.4057769775, 25.459438324], [826.593139648, 247.492538452, 643.11907959, 697.506713867, 416.110595703, 338.581420898, 193.769393921, 155.997009277, 96.3410491943, 44.3818511963, 129.54145813, 50.2560768127, 33.6687202454], [862.159484863, 139.981826782, 570.558166504, 416.110595703, 546.343933105, 370.719146729, 269.214111328, 137.043197632, 101.339790344, 86.8754577637, 124.14982605, 78.1687164307, 43.4147758484], [1314.42871094, 18.7213058472, 445.109924316, 338.581420898, 370.719146729, 549.066467285, 319.323028564, 201.461685181, 181.478775024, 87.345199585, 137.325302124, 85.9658432007, 71.1934509277], [701.953674316, 11.6713247299, 302.853302002, 193.769393921, 269.214111328, 319.323028564, 351.278747559, 194.955596924, 162.120635986, 93.3648147583, 74.3498458862, 56.2336387634, 49.3805961609], [366.162689209, 80.4986953735, 167.6743927, 155.997009277, 137.043197632, 201.461685181, 194.955596924, 286.91293335, 158.597808838, 84.8335571289, 50.0582313538, 34.9204711914, 28.0355587006], [506.090759277, 31.912405014, 90.80078125, 96.3410491943, 101.339790344, 181.478775024, 162.120635986, 158.597808838, 236.246398926, 96.4611206055, 80.2364883423, 68.7883911133, 72.7644042969], [206.146270752, 63.1541061401, 84.8943939209, 44.3818511963, 86.8754577637, 87.345199585, 93.3648147583, 84.8335571289, 96.4611206055, 151.974761963, 88.3388442993, 79.4394226074, 57.2331581116], [598.65802002, 72.423500061, 136.512008667, 129.54145813, 124.14982605, 137.325302124, 74.3498458862, 50.0582313538, 80.2364883423, 88.3388442993, 217.448654175, 130.731506348, 84.2717514038], [327.55480957, 78.9689102173, 78.4057769775, 50.2560768127, 78.1687164307, 85.9658432007, 56.2336387634, 34.9204711914, 68.7883911133, 79.4394226074, 130.731506348, 178.689727783, 109.565437317], [275.88949585, 58.916103363, 25.459438324, 33.6687202454, 43.4147758484, 71.1934509277, 49.3805961609, 28.0355587006, 72.7644042969, 57.2331581116, 84.2717514038, 109.565437317, 151.10017395]],
