{
"lowlevel": {
    "average_loudness": 0.764096260071,
    "barkbands_crest": {
        "dmean": 2.37039351463,
        "dmean2": 3.48796129227,
        "dvar": 6.41447162628,
        "dvar2": 13.8279304504,
        "max": 26.0230922699,
        "mean": 13.549823761,
        "median": 13.5821065903,
        "min": 2.66638851166,
        "var": 28.3640918732
    },
    "barkbands_flatness_db": {
        "dmean": 0.0258398205042,
        "dmean2": 0.036006078124,
        "dvar": 0.000975422328338,
        "dvar2": 0.00178514572326,
        "max": 0.692203640938,
        "mean": 0.16217635572,
        "median": 0.148372873664,
        "min": 0.0133886449039,
        "var": 0.00754747586325
    },
    "barkbands_kurtosis": {
        "dmean": 9.44380187988,
        "dmean2": 14.6865329742,
        "dvar": 1916.79187012,
        "dvar2": 5368.07177734,
        "max": 1830.07470703,
        "mean": 13.0455703735,
        "median": 3.23035669327,
        "min": -1.90416574478,
        "var": 2391.73071289
    },
    "barkbands_skewness": {
        "dmean": 0.821215510368,
        "dmean2": 1.18276500702,
        "dvar": 1.55891036987,
        "dvar2": 3.43949246407,
        "max": 28.5585613251,
        "mean": 2.18787884712,
        "median": 1.76117038727,
        "min": -2.66125631332,
        "var": 4.65429925919
    },
    "barkbands_spread": {
        "dmean": 8.44786930084,
        "dmean2": 12.7413101196,
        "dvar": 154.539962769,
        "dvar2": 341.509735107,
        "max": 119.736244202,
        "mean": 25.6229190826,
        "median": 18.8061561584,
        "min": 0.0617135465145,
        "var": 441.29385376
    },
    "dissonance": {
        "dmean": 0.0221379827708,
        "dmean2": 0.0371178761125,
        "dvar": 0.000520782603417,
        "dvar2": 0.00140742375515,
        "max": 0.499999970198,
        "mean": 0.460884898901,
        "median": 0.469160497189,
        "min": 0.196270227432,
        "var": 0.00100510835182
    },
    "dynamic_complexity": 3.34270596504,
    "erbbands_crest": {
        "dmean": 2.72755813599,
        "dmean2": 4.36607837677,
        "dvar": 6.42288160324,
        "dvar2": 15.1607913971,
        "max": 27.8436965942,
        "mean": 9.16244602203,
        "median": 7.9595489502,
        "min": 2.20346331596,
        "var": 22.4251918793
    },
    "erbbands_flatness_db": {
        "dmean": 0.0183342136443,
        "dmean2": 0.0266388468444,
        "dvar": 0.000374019233277,
        "dvar2": 0.000725954538211,
        "max": 0.472332119942,
        "mean": 0.140125602484,
        "median": 0.131495922804,
        "min": 0.030990395695,
        "var": 0.00411267159507
    },
    "erbbands_kurtosis": {
        "dmean": 1.56192052364,
        "dmean2": 2.48219394684,
        "dvar": 8.97863769531,
        "dvar2": 24.902338028,
        "max": 80.64894104,
        "mean": 1.57898771763,
        "median": 0.437101125717,
        "min": -1.8549104929,
        "var": 19.8372249603
    },
    "erbbands_skewness": {
        "dmean": 0.467683821917,
        "dmean2": 0.715537905693,
        "dvar": 0.235399380326,
        "dvar2": 0.556663453579,
        "max": 7.44710350037,
        "mean": 0.453238040209,
        "median": 0.421764045954,
        "min": -4.35591650009,
        "var": 0.885738968849
    },
    "erbbands_spread": {
        "dmean": 12.1489925385,
        "dmean2": 18.2739810944,
        "dvar": 231.526901245,
        "dvar2": 488.081604004,
        "max": 209.20652771,
        "mean": 43.6858062744,
        "median": 37.2458267212,
        "min": 1.61633348465,
        "var": 828.471862793
    },
    "hfc": {
        "dmean": 19.9281959534,
        "dmean2": 30.4754371643,
        "dvar": 1536.38586426,
        "dvar2": 3454.16210938,
        "max": 574.41027832,
        "mean": 46.6674613953,
        "median": 22.9604816437,
        "min": 1.18447882969e-16,
        "var": 3575.41479492
    },
    "melbands_crest": {
        "dmean": 2.931620121,
        "dmean2": 4.27890586853,
        "dvar": 11.5436944962,
        "dvar2": 24.0103569031,
        "max": 38.6957244873,
        "mean": 21.172498703,
        "median": 21.0271606445,
        "min": 2.32804489136,
        "var": 71.4112319946
    },
    "melbands_flatness_db": {
        "dmean": 0.0321899875998,
        "dmean2": 0.0441056229174,
        "dvar": 0.00145801156759,
        "dvar2": 0.00263057160191,
        "max": 0.86717581749,
        "mean": 0.244294628501,
        "median": 0.233497768641,
        "min": 0.00700319884345,
        "var": 0.011885794811
    },
    "melbands_kurtosis": {
        "dmean": 25.5705375671,
        "dmean2": 38.9714355469,
        "dvar": 6333.65771484,
        "dvar2": 15059.4755859,
        "max": 2336.01538086,
        "mean": 39.5972595215,
        "median": 11.760638237,
        "min": -1.78383779526,
        "var": 9951.66113281
    },
    "melbands_skewness": {
        "dmean": 1.26125347614,
        "dmean2": 1.82484543324,
        "dvar": 3.61052703857,
        "dvar2": 7.70659971237,
        "max": 35.5918388367,
        "mean": 3.90815472603,
        "median": 2.98150515556,
        "min": -1.82335948944,
        "var": 11.981628418
    },
    "melbands_spread": {
        "dmean": 8.15282058716,
        "dmean2": 12.4218044281,
        "dvar": 207.003219604,
        "dvar2": 478.183837891,
        "max": 210.998153687,
        "mean": 21.2646007538,
        "median": 15.5440692902,
        "min": 0.0583213269711,
        "var": 464.51739502
    },
    "pitch_salience": {
        "dmean": 0.0706578716636,
        "dmean2": 0.108856119215,
        "dvar": 0.00631454959512,
        "dvar2": 0.0151474000886,
        "max": 0.887434244156,
        "mean": 0.436273783445,
        "median": 0.432025998831,
        "min": 0.0166286379099,
        "var": 0.0242672413588
    },
    "silence_rate_20dB": {
        "dmean": 0.00149925041478,
        "dmean2": 0.00299882190302,
        "dvar": 0.00149697728921,
        "dvar2": 0.00448915129527,
        "max": 1,
        "mean": 0.999250471592,
        "median": 1,
        "min": 0,
        "var": 0.00074892694829
    },
    "silence_rate_30dB": {
        "dmean": 0.0454058684409,
        "dmean2": 0.0908214598894,
        "dvar": 0.043348249048,
        "dvar2": 0.0879232659936,
        "max": 1,
        "mean": 0.773316204548,
        "median": 1,
        "min": 0,
        "var": 0.175302535295
    },
    "silence_rate_60dB": {
        "dmean": 0.0124223604798,
        "dmean2": 0.0248473808169,
        "dvar": 0.0122664039955,
        "dvar2": 0.0274364240468,
        "max": 1,
        "mean": 0.0768818929791,
        "median": 0,
        "min": 0,
        "var": 0.0709799826145
    },
    "spectral_centroid": {
        "dmean": 322.752838135,
        "dmean2": 483.816741943,
        "dvar": 187668.765625,
        "dvar2": 376661.625,
        "max": 10946.8076172,
        "mean": 1447.71594238,
        "median": 1168.62854004,
        "min": 60.156627655,
        "var": 757632.9375
    },
    "spectral_complexity": {
        "dmean": 4.67444849014,
        "dmean2": 6.85241508484,
        "dvar": 33.6337432861,
        "dvar2": 61.9356575012,
        "max": 64,
        "mean": 18.6262989044,
        "median": 16,
        "min": 0,
        "var": 133.836120605
    },
    "spectral_decrease": {
        "dmean": 3.5745144622e-09,
        "dmean2": 5.08997288762e-09,
        "dvar": 5.08317706537e-17,
        "dvar2": 8.98869907788e-17,
        "max": 8.00735948517e-29,
        "mean": -1.59716666559e-08,
        "median": -1.12720277556e-08,
        "min": -9.4603720413e-08,
        "var": 2.31256485273e-16
    },
    "spectral_energy": {
        "dmean": 0.0139773087576,
        "dmean2": 0.0201981756836,
        "dvar": 0.000740635325201,
        "dvar2": 0.00132256431971,
        "max": 0.362995296717,
        "mean": 0.0645137876272,
        "median": 0.0463927835226,
        "min": 1.04413667785e-20,
        "var": 0.003515209537
    },
    "spectral_energyband_high": {
        "dmean": 0.0019482813077,
        "dmean2": 0.0030469042249,
        "dvar": 1.71669271367e-05,
        "dvar2": 4.04099009756e-05,
        "max": 0.0564201064408,
        "mean": 0.00343985203654,
        "median": 0.000664741965011,
        "min": 7.36290346119e-21,
        "var": 3.24370921589e-05
    },
    "spectral_energyband_low": {
        "dmean": 0.0120223518461,
        "dmean2": 0.016286265105,
        "dvar": 0.000699632393662,
        "dvar2": 0.00121950963512,
        "max": 0.325383335352,
        "mean": 0.0454372279346,
        "median": 0.024612063542,
        "min": 3.93388840671e-23,
        "var": 0.00301692448556
    },
    "spectral_energyband_middle_high": {
        "dmean": 0.00258778571151,
        "dmean2": 0.00390163692646,
        "dvar": 1.61375573953e-05,
        "dvar2": 3.49823676515e-05,
        "max": 0.0607059933245,
        "mean": 0.00615005753934,
        "median": 0.0037195936311,
        "min": 1.6057350816e-21,
        "var": 5.01689028169e-05
    },
    "spectral_energyband_middle_low": {
        "dmean": 0.00513825146481,
        "dmean2": 0.00825573783368,
        "dvar": 0.000133028268465,
        "dvar2": 0.000371942296624,
        "max": 0.14782962203,
        "mean": 0.0106085492298,
        "median": 0.00704624364153,
        "min": 1.61653364076e-22,
        "var": 0.000146007791045
    },
    "spectral_entropy": {
        "dmean": 0.200605034828,
        "dmean2": 0.28697758913,
        "dvar": 0.0593504160643,
        "dvar2": 0.10933893919,
        "max": 9.78343391418,
        "mean": 7.74254655838,
        "median": 7.78281211853,
        "min": 4.16737174988,
        "var": 0.411227494478
    },
    "spectral_flux": {
        "dmean": 0.0340229868889,
        "dmean2": 0.0527056381106,
        "dvar": 0.00311594991945,
        "dvar2": 0.0057884408161,
        "max": 0.593917310238,
        "mean": 0.101858347654,
        "median": 0.0764826610684,
        "min": 5.54184168777e-07,
        "var": 0.00755710015073
    },
    "spectral_kurtosis": {
        "dmean": 1.88358199596,
        "dmean2": 2.96592187881,
        "dvar": 21.9775371552,
        "dvar2": 52.562412262,
        "max": 109.443092346,
        "mean": 5.00062894821,
        "median": 3.07372045517,
        "min": -1.39444160461,
        "var": 69.6715774536
    },
    "spectral_rms": {
        "dmean": 0.000810815370642,
        "dmean2": 0.00116876256652,
        "dvar": 1.67664029505e-06,
        "dvar2": 3.03332603835e-06,
        "max": 0.01881865412,
        "mean": 0.00708085671067,
        "median": 0.0067276484333,
        "min": 3.19166091126e-12,
        "var": 1.28015899463e-05
    },
    "spectral_rolloff": {
        "dmean": 853.626403809,
        "dmean2": 1433.8638916,
        "dvar": 3140835.75,
        "dvar2": 7101906.5,
        "max": 19250.6835938,
        "mean": 1768.46508789,
        "median": 775.1953125,
        "min": 43.06640625,
        "var": 7647294
    },
    "spectral_skewness": {
        "dmean": 0.279670447111,
        "dmean2": 0.418129980564,
        "dvar": 0.148471772671,
        "dvar2": 0.307511329651,
        "max": 8.49997711182,
        "mean": 1.67466497421,
        "median": 1.5340512991,
        "min": -0.209405615926,
        "var": 0.782729327679
    },
    "spectral_spread": {
        "dmean": 917159.9375,
        "dmean2": 1339262,
        "dvar": 1.2903645184e+12,
        "dvar2": 2.35790794752e+12,
        "max": 39985880,
        "mean": 6325636.5,
        "median": 5872831,
        "min": 769988.0625,
        "var": 6.77372441395e+12
    },
    "spectral_strongpeak": {
        "dmean": 0.372846722603,
        "dmean2": 0.637697219849,
        "dvar": 0.967176496983,
        "dvar2": 2.56776118279,
        "max": 18.639623642,
        "mean": 0.816035151482,
        "median": 0.444567233324,
        "min": 0,
        "var": 1.50855708122
    },
    "zerocrossingrate": {
        "dmean": 0.0160209890455,
        "dmean2": 0.0182774700224,
        "dvar": 0.00044631207129,
        "dvar2": 0.000517008302268,
        "max": 0.810546875,
        "mean": 0.0692017227411,
        "median": 0.04931640625,
        "min": 0.00146484375,
        "var": 0.00439019268379
    },
    "barkbands": {
        "dmean": [0.00176499318331, 0.0113206002861, 0.00445752358064, 0.00195689289831, 0.00152717146557, 0.00106855167542, 0.0010711166542, 0.000644026440568, 0.000920163351111, 0.000428394880146, 0.000950830173679, 0.000607357826084, 0.000336532306392, 0.000435901223682, 0.000335847464157, 0.000230304940487, 0.000191154016647, 0.000185668570339, 0.000185672295629, 0.000172574669705, 0.000266325310804, 0.000431647204095, 0.000388608837966, 0.000384881132049, 0.000404138845624, 0.000306693284074, 0.000103682177723],
        "dmean2": [0.00232359673828, 0.0148185798898, 0.00800367258489, 0.00352498446591, 0.00241735298187, 0.0017469599843, 0.00167086452711, 0.00103773688897, 0.00132898706943, 0.00070333306212, 0.00145924801473, 0.000954804767389, 0.000553391582798, 0.000696004834026, 0.000538601656444, 0.000379709526896, 0.000305251975078, 0.000303787383018, 0.000300645508105, 0.000275410100585, 0.000420041033067, 0.000722921045963, 0.000639519304968, 0.000626893655863, 0.000643535575364, 0.000474176777061, 0.000167694161064],
        "dvar": [1.52527345563e-05, 0.000669125467539, 0.000310300325509, 4.33541972598e-05, 1.50366986418e-05, 5.46979663341e-06, 3.11674421027e-06, 1.74605793291e-06, 3.07853633785e-06, 9.16345413771e-07, 3.73217790184e-06, 2.6835987228e-06, 5.69565258957e-07, 8.04354101547e-07, 4.76923787573e-07, 2.36165874412e-07, 2.69419103915e-07, 3.15581871746e-07, 2.41558240077e-07, 1.63423621302e-07, 3.95714437218e-07, 1.87596947399e-06, 7.26017560737e-07, 6.18035812749e-07, 8.14765257928e-07, 9.56144390329e-07, 1.03220592962e-07],
        "dvar2": [2.56288476521e-05, 0.00115066021681, 0.000891221046913, 0.000132310116896, 3.67483007722e-05, 1.45896001413e-05, 7.506656857e-06, 4.23810661232e-06, 5.36368088433e-06, 2.16847934098e-06, 7.66867742641e-06, 6.19843740424e-06, 1.43840418332e-06, 1.98367615667e-06, 1.17501463137e-06, 5.8342027387e-07, 6.78460366998e-07, 8.45500835567e-07, 6.207746992e-07, 4.22302861125e-07, 9.67521941675e-07, 5.05373100168e-06, 1.88010358215e-06, 1.60370484537e-06, 1.93911364477e-06, 2.1279433895e-06, 2.47752353744e-07],
        "max": [0.0607809349895, 0.314373522997, 0.200625777245, 0.0856285616755, 0.0572105422616, 0.0267733987421, 0.0323579497635, 0.0186973214149, 0.0460410192609, 0.0218737535179, 0.0591344200075, 0.0528441183269, 0.02092891559, 0.0172854159027, 0.0148606151342, 0.0106571745127, 0.0137685304508, 0.0144440261647, 0.00585190439597, 0.00524784997106, 0.00835458096117, 0.0335046313703, 0.0130844702944, 0.0115905180573, 0.0139326546341, 0.0199133176357, 0.00607433076948],
        "mean": [0.00459769228473, 0.0352273546159, 0.00455146329477, 0.00206189183518, 0.00232265423983, 0.00166875706054, 0.00164319528267, 0.000915611686651, 0.00186370383017, 0.00056814623531, 0.00175262487028, 0.00099238124676, 0.000499099725857, 0.000679230317473, 0.000502289563883, 0.00032649943023, 0.000257614592556, 0.000253945414443, 0.000251280580414, 0.000259245134657, 0.000374497089069, 0.000493553292472, 0.000510009354912, 0.000564298417885, 0.000683678837959, 0.000550018798094, 0.000142916716868],
        "median": [0.00177800562233, 0.0179576668888, 0.00116166123189, 0.000352854724042, 0.00056202209089, 0.00038562467671, 0.00071860285243, 0.000333942734869, 0.000695501221344, 0.000241499539698, 0.00057652243413, 0.00025070636184, 0.000188750767848, 0.000253629870713, 0.000178123213118, 0.000111703528091, 7.7573931776e-05, 7.71734630689e-05, 7.41216936149e-05, 8.02419381216e-05, 0.000113840484119, 0.000111214540084, 7.80476329965e-05, 7.35211069696e-05, 8.67294147611e-05, 5.38080566912e-05, 2.50661059908e-06],
        "min": [3.27884197684e-23, 2.68126059293e-23, 2.91020668419e-24, 8.93882746394e-24, 2.11950879802e-23, 2.09769568959e-23, 1.56010875524e-23, 6.85233486139e-23, 2.36956823864e-23, 9.99554451181e-24, 9.44529793765e-23, 8.68088540961e-23, 8.48648294574e-23, 1.03077740804e-22, 5.71515715663e-23, 1.04968867585e-22, 3.91386434015e-22, 2.19598428739e-22, 2.48162968521e-22, 3.47596070968e-22, 5.8943984712e-22, 4.97622748639e-22, 5.08602531237e-22, 8.26651154357e-22, 1.18195344974e-21, 1.49166594617e-21, 2.33965249373e-21],
        "var": [4.89252015541e-05, 0.00211213855073, 0.000190556384041, 3.06407746393e-05, 1.96306409634e-05, 8.6780073616e-06, 6.75336468703e-06, 2.87699708679e-06, 1.39166359077e-05, 1.3042779301e-06, 1.50359337567e-05, 8.78804257809e-06, 8.52800496887e-07, 1.56754128966e-06, 8.23399773253e-07, 3.82169616842e-07, 3.39860633858e-07, 3.44960454868e-07, 2.6845151524e-07, 2.18162114152e-07, 4.88314526592e-07, 1.52631037054e-06, 9.60838519859e-07, 1.02504634469e-06, 1.71685678652e-06, 1.9591113869e-06, 1.58918297188e-07]
    },
    "erbbands": {
        "dmean": [0.575220763683, 2.15101504326, 4.80860900879, 5.85875511169, 5.57344102859, 5.36536645889, 7.2636346817, 8.59378814697, 8.21063804626, 22.66340065, 12.7778348923, 14.5133714676, 20.7518863678, 24.486410141, 30.3963413239, 20.6265335083, 14.5222225189, 20.7355995178, 16.3960342407, 16.6034145355, 12.2281169891, 10.6623334885, 9.9607219696, 9.14728736877, 9.39786911011, 7.90199422836, 10.1774959564, 10.6900339127, 17.0011520386, 13.9338445663, 10.1730880737, 8.43427848816, 6.77075338364, 5.00993156433, 2.93058753014, 1.59861111641, 0.553643584251, 0.157367691398, 0.0173995681107, 0.00025157694472],
        "dmean2": [0.692513108253, 2.91559028625, 8.3156414032, 10.5962276459, 9.76636886597, 8.48503303528, 11.7504310608, 13.9111185074, 13.280462265, 34.3587226868, 20.0512485504, 21.4995441437, 31.2959423065, 37.9694099426, 47.2181396484, 32.4154891968, 23.2000770569, 32.7290420532, 26.8242511749, 26.5920352936, 20.0712375641, 17.1064376831, 16.3901634216, 14.5468568802, 15.2614679337, 12.6552038193, 16.2716827393, 16.7752685547, 28.7300491333, 23.2320232391, 16.6150989532, 13.5990095139, 11.2931938171, 8.09084129333, 4.62610054016, 2.43782615662, 0.888065338135, 0.254803806543, 0.0282359607518, 0.000401761935791],
        "dvar": [1.54165685177, 31.8786811829, 338.834869385, 425.364624023, 380.266845703, 140.668243408, 245.525161743, 337.659973145, 258.882720947, 1460.45239258, 742.769836426, 799.31854248, 1448.10681152, 2187.84570312, 3919.56469727, 2560.37915039, 1089.26574707, 1431.93212891, 1534.58459473, 1465.09313965, 784.836608887, 758.590087891, 1121.8671875, 535.114746094, 684.55480957, 331.603668213, 661.746398926, 647.942565918, 4517.57763672, 1100.46899414, 466.286193848, 249.730667114, 253.433959961, 132.768600464, 43.2361564636, 22.9813842773, 3.3179204464, 0.231531769037, 0.00309013505466, 5.80529160743e-07],
        "dvar2": [2.22051286697, 66.8380203247, 939.788818359, 1274.01489258, 1094.14355469, 299.386535645, 618.501647949, 871.27923584, 684.853088379, 3248.80297852, 1730.24475098, 1465.05102539, 2757.63598633, 4720.83154297, 8573.45410156, 5909.15429688, 2663.87036133, 3177.81542969, 4132.34033203, 3621.94580078, 1943.34191895, 1910.20654297, 3056.93530273, 1328.83081055, 1776.03344727, 850.962768555, 1672.08752441, 1589.3503418, 12405.6601562, 2964.1262207, 1177.41516113, 601.25994873, 690.358215332, 331.828430176, 99.780166626, 49.0022506714, 8.33241558075, 0.557844161987, 0.0074957376346, 1.36652408855e-06],
        "max": [13.6303396225, 68.8367080688, 203.450668335, 208.042617798, 287.633087158, 190.550384521, 179.288879395, 318.117004395, 522.969604492, 901.81060791, 534.566467285, 820.835876465, 1152.32373047, 1340.69311523, 1744.68591309, 1220.82507324, 932.870483398, 955.558410645, 660.720947266, 1370.36914062, 726.358947754, 577.246765137, 929.337768555, 471.16796875, 320.399536133, 236.931793213, 295.814086914, 446.619354248, 1859.43261719, 377.050720215, 338.478546143, 245.021560669, 238.109298706, 158.04510498, 119.85848999, 103.278343201, 32.9854850769, 8.39494419098, 1.20296084881, 0.0157897770405],
        "mean": [1.74765264988, 4.91265869141, 5.69669675827, 6.67371082306, 5.73935461044, 9.10696029663, 11.39889431, 13.6248207092, 12.5121793747, 36.0973625183, 20.7740364075, 28.5239753723, 39.1039085388, 45.0043525696, 57.8059692383, 32.6966400146, 23.4298400879, 34.825592041, 24.6452865601, 25.8373394012, 18.1472148895, 14.9705553055, 13.9043502808, 12.972407341, 12.9347724915, 12.1484193802, 14.142827034, 14.752989769, 18.3198070526, 16.7412490845, 13.857790947, 12.2827587128, 9.31882953644, 7.74244260788, 4.73859405518, 2.64483785629, 0.919837355614, 0.250375330448, 0.0234582666308, 0.000440088362666],
        "median": [0.855209887028, 2.2919242382, 1.89090633392, 1.57054507732, 1.44771420956, 1.94353711605, 2.52305102348, 3.32918596268, 6.77377462387, 14.7024059296, 7.36035013199, 11.2946882248, 17.5242214203, 19.3428134918, 19.4923782349, 10.4883260727, 9.62309265137, 15.1765813828, 8.71479320526, 9.76489067078, 6.61937570572, 4.85699129105, 4.2282371521, 3.92176103592, 4.26404714584, 3.65407299995, 3.97351241112, 4.46952819824, 3.96433711052, 2.99064302444, 2.11664438248, 1.72393918037, 1.06649708748, 0.860181450844, 0.635135889053, 0.293788969517, 0.0838992595673, 0.0123950056732, 0.000489864440169, 8.44670939841e-05],
        "min": [5.04390948014e-22, 6.86100516217e-21, 7.70673433061e-21, 1.22111495874e-20, 7.40399155786e-20, 6.12725637696e-20, 5.61398563699e-20, 2.18588473927e-19, 1.95690809177e-19, 7.73789257639e-19, 1.43050505824e-18, 6.25131097987e-19, 3.52965463701e-19, 1.08030015474e-18, 4.1910511942e-18, 3.89460289755e-18, 3.4668254098e-18, 5.80493350885e-18, 2.6352477119e-18, 4.88601856637e-18, 1.23010045436e-17, 1.64881580628e-17, 1.07391295556e-17, 1.3839134485e-17, 1.38035111247e-17, 1.58126178545e-17, 2.11252763285e-17, 2.28270532007e-17, 1.62856758294e-17, 1.48819023534e-17, 1.78674122511e-17, 1.50462647955e-17, 1.5172241094e-17, 9.0398342253e-18, 1.08886937366e-17, 6.4919872441e-18, 2.42816738825e-18, 1.24146430298e-18, 3.40086158166e-19, 3.47942958731e-20],
        "var": [5.41027355194, 59.0164985657, 237.956451416, 285.82131958, 267.467071533, 308.443908691, 402.48550415, 639.763366699, 340.497467041, 3521.97705078, 1674.83312988, 3160.08740234, 5374.14306641, 6421.53955078, 15058.5390625, 5916.06835938, 1693.21411133, 3678.36865234, 2110.63037109, 2455.32763672, 1263.21789551, 997.030639648, 1148.79174805, 692.315734863, 710.34375, 468.128387451, 770.62701416, 781.611633301, 3249.1340332, 1150.58618164, 678.671386719, 475.327606201, 332.365234375, 231.995925903, 92.1708755493, 47.1101875305, 5.59567928314, 0.406090259552, 0.0045183384791, 9.99416442937e-07]
    },
    "gfcc": {
        "mean": [6.50780105591, 61.7414131165, -91.9629669189, 17.0600414276, -52.7843055725, 29.0735187531, -25.200504303, 16.5043735504, -17.1386489868, 13.48204422, -15.3992834091, 7.72503995895, -8.72710323334],
        "cov": [[23750.7871094, -1660.98535156, 124.632965088, 1520.25439453, -155.071060181, 583.559753418, -582.670532227, 234.545516968, -587.577209473, 271.103027344, -319.111206055, 513.371948242, -45.2520103455], [-1660.98535156, 3282.26416016, 112.635116577, 12.3436851501, 428.575927734, 116.248016357, 413.167205811, 52.6934089661, 222.207946777, 5.86368846893, 100.892120361, -36.6986465454, 169.921569824], [124.632965088, 112.635116577, 1561.92810059, 801.283569336, 681.305664062, 413.330688477, 203.224945068, 220.477859497, 123.459129333, 86.5659561157, 80.6447982788, 58.396484375, -10.4912567139], [1520.25439453, 12.3436851501, 801.283569336, 931.713623047, 466.140777588, 332.952331543, 167.093002319, 209.315612793, 82.7914276123, 92.5291519165, 38.3169441223, 83.4558029175, 13.9436187744], [-155.071060181, 428.575927734, 681.305664062, 466.140777588, 789.276611328, 279.579650879, 274.663848877, 144.939788818, 87.1445922852, 52.132232666, 72.1542053223, 23.6863498688, 31.1838493347], [583.559753418, 116.248016357, 413.330688477, 332.952331543, 279.579650879, 439.941864014, 155.790161133, 144.448074341, 75.3423538208, 65.0473251343, 67.3022460938, 34.8598518372, 31.0601043701], [-582.670532227, 413.167205811, 203.224945068, 167.093002319, 274.663848877, 155.790161133, 312.858032227, 122.083206177, 106.334770203, 56.0051002502, 61.9861526489, 25.049949646, 41.2673416138], [234.545516968, 52.6934089661, 220.477859497, 209.315612793, 144.939788818, 144.448074341, 122.083206177, 250.440353394, 102.787872314, 69.2255630493, 49.4332351685, 35.6735801697, 25.431016922], [-587.577209473, 222.207946777, 123.459129333, 82.7914276123, 87.1445922852, 75.3423538208, 106.334770203, 102.787872314, 175.236526489, 71.0707550049, 63.6667175293, 12.3901796341, 23.5735473633], [271.103027344, 5.86368846893, 86.5659561157, 92.5291519165, 52.132232666, 65.0473251343, 56.0051002502, 69.2255630493, 71.0707550049, 152.670898438, 50.2006568909, 50.1489257812, 24.271314621], [-319.111206055, 100.892120361, 80.6447982788, 38.3169441223, 72.1542053223, 67.3022460938, 61.9861526489, 49.4332351685, 63.6667175293, 50.2006568909, 127.519798279, 27.7308139801, 24.0821208954], [513.371948242, -36.6986465454, 58.396484375, 83.4558029175, 23.6863498688, 34.8598518372, 25.049949646, 35.6735801697, 12.3901796341, 50.1489257812, 27.7308139801, 128.26210022, 39.3469276428], [-45.2520103455, 169.921569824, -10.4912567139, 13.9436187744, 31.1838493347, 31.0601043701, 41.2673416138, 25.431016922, 23.5735473633, 24.271314621, 24.0821208954, 39.3469276428, 106.904006958]],
        "icov": [[7.88597681094e-05, -1.82453841262e-05, 8.86217167135e-05, -0.000166268189787, 1.19066780826e-05, -0.000136744463816, 0.000205462842132, -0.000126216778881, 0.000327950721839, -0.000196223336388, 0.000167464182596, -0.000246438517934, 0.000104946862848], [-1.82453841262e-05, 0.000442824384663, 9.34946569942e-07, 9.43047343753e-05, -0.000153239976498, 8.82601816556e-05, -0.000494031992275, 0.000295210309559, -0.000538245367352, 0.000288506416837, -5.01878239447e-05, 0.00029999515391, -0.000630176567938], [8.86217167135e-05, 9.34946569942e-07, 0.00157802389003, -0.00094481400447, -0.000792066159192, -0.000548034440726, 0.000664625433274, -0.000198121022549, -6.52942326269e-05, -7.87274038885e-05, 2.41847665166e-05, -0.000412395427702, 0.0006735753268], [-0.000166268189787, 9.43047343753e-05, -0.00094481400447, 0.00278638070449, -0.000557824678253, -0.000341739796568, -0.000328852242092, -0.000499919231515, -0.000573464087211, 5.5357668316e-05, 0.000465419376269, -0.000348488712916, -3.1246108847e-05], [1.19066780826e-05, -0.000153239976498, -0.000792066159192, -0.000557824678253, 0.0029566520825, -0.000232698774198, -0.00169305177405, 0.000139113908517, 0.000747471174691, 8.56425176607e-05, -0.00043794605881, 0.000490693259053, -0.000196962791961], [-0.000136744463816, 8.82601816556e-05, -0.000548034440726, -0.000341739796568, -0.000232698774198, 0.00413488829508, -0.0011372724548, -0.000552968471311, -0.000226670614211, 9.7694908618e-05, -0.00120394502301, 0.000820774410386, -0.000773383246269], [0.000205462842132, -0.000494031992275, 0.000664625433274, -0.000328852242092, -0.00169305177405, -0.0011372724548, 0.00706163933501, -0.00160365470219, -0.000734950706828, -0.000704554840922, 0.000187314435607, -0.0011024751002, 0.00014577138063], [-0.000126216778881, 0.000295210309559, -0.000198121022549, -0.000499919231515, 0.000139113908517, -0.000552968471311, -0.00160365470219, 0.00713536050171, -0.00321523449384, -0.000172086423845, -0.00027050517383, 9.78742100415e-05, -0.000662194332108], [0.000327950721839, -0.000538245367352, -6.52942326269e-05, -0.000573464087211, 0.000747471174691, -0.000226670614211, -0.000734950706828, -0.00321523449384, 0.0120140938088, -0.00380058051087, -0.00193220784422, 0.000512044352945, 0.000419564865297], [-0.000196223336388, 0.000288506416837, -7.87274038885e-05, 5.5357668316e-05, 8.56425176607e-05, 9.7694908618e-05, -0.000704554840922, -0.000172086423845, -0.00380058051087, 0.0103615028784, -0.00199717236683, -0.00205588340759, -0.000604839122389], [0.000167464182596, -5.01878239447e-05, 2.41847665166e-05, 0.000465419376269, -0.00043794605881, -0.00120394502301, 0.000187314435607, -0.00027050517383, -0.00193220784422, -0.00199717236683, 0.0112824756652, -0.00190063775517, -0.000400618795538], [-0.000246438517934, 0.00029999515391, -0.000412395427702, -0.000348488712916, 0.000490693259053, 0.000820774410386, -0.0011024751002, 9.78742100415e-05, 0.000512044352945, -0.00205588340759, -0.00190063775517, 0.0115585168824, -0.00402768002823], [0.000104946862848, -0.000630176567938, 0.0006735753268, -3.1246108847e-05, -0.000196962791961, -0.000773383246269, 0.00014577138063, -0.000662194332108, 0.000419564865297, -0.000604839122389, -0.000400618795538, -0.00402768002823, 0.0124713219702]]
    },
    "melbands": {
        "dmean": [0.00386150134727, 0.00234157918021, 0.000974830996711, 0.000369607034372, 0.00024370047322, 0.000192655992578, 0.000152416934725, 0.000226857067901, 9.95624577627e-05, 0.000111947440018, 0.000106668485387, 9.43908016779e-05, 0.000123769932543, 7.46693549445e-05, 3.87915788451e-05, 3.92577858292e-05, 3.80978235626e-05, 2.83708941424e-05, 2.7560392482e-05, 1.75916720764e-05, 1.43906981975e-05, 1.22858373288e-05, 9.67733740254e-06, 8.43607176648e-06, 7.64173637435e-06, 7.56021290726e-06, 6.8061890488e-06, 5.00685428051e-06, 6.38804885966e-06, 6.93695710652e-06, 6.02341333433e-06, 9.62040303421e-06, 9.03722411749e-06, 7.8909442891e-06, 6.03344915362e-06, 5.92045944359e-06, 5.14358043802e-06, 5.07136974193e-06, 4.76405284644e-06, 4.48836590294e-06],
        "dmean2": [0.00484015513211, 0.00359549000859, 0.00174759770744, 0.000597236910835, 0.000387878768379, 0.00031273526838, 0.000243738759309, 0.00034536246676, 0.000154496970936, 0.000165039702551, 0.000161296673468, 0.00014750410628, 0.000191293889657, 0.000117707742902, 6.1995415308e-05, 6.28318812232e-05, 6.05794812145e-05, 4.70435952593e-05, 4.39616815129e-05, 2.88221526716e-05, 2.3805836463e-05, 1.97941717488e-05, 1.60117269843e-05, 1.38831419463e-05, 1.22257142721e-05, 1.23558156702e-05, 1.10499322545e-05, 8.11361405795e-06, 1.03345009848e-05, 1.11742347144e-05, 9.54665392783e-06, 1.63184377016e-05, 1.526883716e-05, 1.3253970792e-05, 9.94095807982e-06, 9.62398462434e-06, 8.34944057715e-06, 8.50673495734e-06, 8.04821320344e-06, 7.26000234863e-06],
        "dvar": [7.13705012458e-05, 5.59767977393e-05, 1.18960879263e-05, 1.04756873043e-06, 2.45441270863e-07, 1.70067323779e-07, 6.81871625829e-08, 1.39473939953e-07, 4.91209526388e-08, 4.6253106234e-08, 3.85212644005e-08, 3.26384714811e-08, 6.961582244e-08, 4.87811071537e-08, 8.83340067759e-09, 6.18102324879e-09, 4.8531156871e-09, 6.39916830636e-09, 3.7057352742e-09, 1.68831104652e-09, 1.32533073405e-09, 1.10558939781e-09, 1.07572950547e-09, 5.11527931124e-10, 3.80812381628e-10, 4.1002759521e-10, 3.38015865298e-10, 1.22503507338e-10, 2.85636236885e-10, 2.80368700478e-10, 1.93347129973e-10, 1.8030759108e-09, 5.24804311119e-10, 3.46900841386e-10, 1.67913155602e-10, 1.58085169955e-10, 9.68879004803e-11, 1.44615860953e-10, 1.42652889501e-10, 1.03334028834e-10],
        "dvar2": [0.000110163389763, 0.000141101612826, 3.52456445398e-05, 2.70294299298e-06, 5.90564582126e-07, 4.43627982349e-07, 1.77223029141e-07, 3.15674668627e-07, 1.06759522112e-07, 8.34455704535e-08, 7.36468948048e-08, 7.14644770028e-08, 1.44091259813e-07, 1.14514087102e-07, 2.05448120738e-08, 1.49284282713e-08, 1.10281241916e-08, 1.76067072033e-08, 8.88434215085e-09, 4.24416768396e-09, 3.34609229213e-09, 2.76840350644e-09, 2.97699886964e-09, 1.33101607513e-09, 9.48140232993e-10, 1.05870245903e-09, 8.88707052393e-10, 3.14968523485e-10, 7.41546490879e-10, 7.05073333052e-10, 4.76190198384e-10, 4.98683094818e-09, 1.40361733347e-09, 9.37106503507e-10, 4.24273283173e-10, 4.0657463507e-10, 2.39625791432e-10, 3.94380916813e-10, 4.00071059614e-10, 2.4862845116e-10],
        "max": [0.0997871011496, 0.08347260952, 0.0372942388058, 0.014185955748, 0.00542214885354, 0.00634235236794, 0.00733129587024, 0.00853952113539, 0.0058427779004, 0.00530800735578, 0.00573572982103, 0.0049568885006, 0.00859340745956, 0.00737581402063, 0.00261223735288, 0.00176456850022, 0.00182261015289, 0.00152085407171, 0.00138897821307, 0.00133227242623, 0.00109729229007, 0.0006522689946, 0.00084091629833, 0.000479241745779, 0.00038633265649, 0.000238205306232, 0.000253215082921, 0.000160913201398, 0.000224588293349, 0.000233946790104, 0.000236249936279, 0.00120321684517, 0.000371170346625, 0.000223443741561, 0.000184909222298, 0.000421150733018, 0.000157262489665, 0.000201431786991, 0.000150995634613, 0.000175288267201],
        "mean": [0.0121180880815, 0.004060103558, 0.00112872105092, 0.000510143814608, 0.000408464256907, 0.000304315355606, 0.000236631705775, 0.000360949197784, 0.000161321237101, 0.000219337482122, 0.000195146159967, 0.000165507764905, 0.000232621066971, 0.00012256912305, 5.17265834787e-05, 6.29726346233e-05, 6.15411190665e-05, 3.81899990316e-05, 4.13257403125e-05, 2.54827591561e-05, 2.001145549e-05, 1.61922616826e-05, 1.25483911688e-05, 1.16079618238e-05, 1.02876283563e-05, 9.88469491858e-06, 9.2112522907e-06, 7.44621593185e-06, 8.52594348544e-06, 9.06284549274e-06, 8.10786877992e-06, 1.00406132333e-05, 1.01038158391e-05, 9.17071065487e-06, 7.73265946918e-06, 8.09588436823e-06, 7.2262168942e-06, 6.50743686492e-06, 6.37825496597e-06, 6.59663191982e-06],
        "median": [0.00615147221833, 0.00183350313455, 0.00028278195532, 0.000123875666759, 9.31711838348e-05, 7.35599242034e-05, 0.000122005687444, 0.000151544358232, 4.04632701247e-05, 8.3376224211e-05, 8.24438393465e-05, 6.61017475068e-05, 7.7535813034e-05, 2.55079794442e-05, 1.61960215337e-05, 2.42713558691e-05, 2.54232982115e-05, 1.02534568214e-05, 1.4158022168e-05, 8.74097531778e-06, 6.57500049783e-06, 4.67036807095e-06, 3.22774644701e-06, 3.96185168938e-06, 2.78757693195e-06, 2.90639945888e-06, 2.9321454349e-06, 2.08070491681e-06, 2.16796502173e-06, 2.65031258095e-06, 2.40470399149e-06, 2.11411133932e-06, 2.00214981305e-06, 1.42385033541e-06, 1.13632052035e-06, 1.14661679618e-06, 9.82886035672e-07, 6.96746553785e-07, 6.33422757801e-07, 7.04766137005e-07],
        "min": [7.46355501926e-24, 6.37061308419e-24, 4.44993872837e-24, 5.05860999777e-24, 2.14841356878e-24, 4.67383401935e-24, 2.8998061448e-24, 9.35787510996e-24, 1.10113993536e-23, 3.37487908674e-24, 1.45845925499e-24, 3.43586316231e-24, 1.28728278889e-23, 9.24868335004e-24, 1.17559807074e-23, 6.88353715009e-24, 1.19100444533e-23, 4.38426921346e-24, 5.48422175539e-24, 6.28700211128e-24, 1.88181222773e-23, 2.14784247293e-23, 9.50137758609e-24, 1.12579743957e-23, 1.12754579199e-23, 8.82728095422e-24, 1.27192027496e-23, 9.05724810759e-24, 1.45157190764e-23, 9.00143777627e-24, 1.57347411001e-23, 8.2003921255e-24, 1.09120841323e-23, 6.73590656484e-24, 9.65119962693e-24, 1.07489697852e-23, 8.43846640239e-24, 1.03767157903e-23, 1.0225977882e-23, 6.21966100011e-24],
        "var": [0.000249812728725, 6.10071328992e-05, 8.21721550892e-06, 1.17306763059e-06, 4.41333554591e-07, 3.02811059782e-07, 1.11008375825e-07, 3.20787307828e-07, 1.41466088621e-07, 1.93559074546e-07, 1.41056148095e-07, 8.80193482544e-08, 2.78936681752e-07, 1.65784058481e-07, 1.22568453165e-08, 1.2207435951e-08, 1.1704943681e-08, 7.72486163925e-09, 6.54276810508e-09, 2.61964050452e-09, 1.95530547309e-09, 1.36991440414e-09, 1.09899200851e-09, 5.84357284783e-10, 4.82097695098e-10, 4.39684927356e-10, 3.54991758211e-10, 1.79961434643e-10, 3.15601239587e-10, 3.12965819926e-10, 2.36761776851e-10, 1.2411679462e-09, 4.90351981242e-10, 3.64802826835e-10, 2.27251911733e-10, 2.48259607316e-10, 1.70522401755e-10, 1.77403647328e-10, 1.71381228653e-10, 1.83621798322e-10]
    },
    "mfcc": {
        "mean": [-640.817138672, 104.374397278, 14.9067316055, 6.10973310471, 0.99061101675, 13.4188899994, 5.73591661453, 8.22773170471, 8.15890693665, 7.11584472656, 4.12669849396, 2.56095743179, 4.26675605774],
        "cov": [[12298.0996094, -546.736877441, 546.334838867, 627.192810059, 475.614105225, 407.334259033, 160.543121338, 118.007774353, 35.2210655212, 16.0390262604, 22.1668434143, 9.5198469162, 64.2101593018], [-546.736877441, 2583.80712891, -151.894363403, 103.010871887, -78.6871490479, 136.316040039, 50.6552772522, 95.3917770386, 95.8801651001, 89.0560913086, 35.1887550354, 26.4431438446, -12.5987730026], [546.334838867, -151.894363403, 954.311706543, 390.761444092, 457.531707764, 264.188873291, 211.245040894, 197.708480835, 114.361053467, 103.344902039, 109.376358032, 91.1545257568, 57.9525642395], [627.192810059, 103.010871887, 390.761444092, 699.447875977, 392.352478027, 252.043258667, 216.400512695, 184.974990845, 151.221115112, 70.5470352173, 105.710861206, 74.0315475464, 61.2451286316], [475.614105225, -78.6871490479, 457.531707764, 392.352478027, 617.13104248, 268.97088623, 278.769744873, 180.325241089, 129.991699219, 91.7574386597, 75.295425415, 95.7862930298, 52.9020614624], [407.334259033, 136.316040039, 264.188873291, 252.043258667, 268.97088623, 361.864959717, 199.4400177, 135.103286743, 97.0263977051, 71.3934173584, 60.7178001404, 55.251625061, 54.1379547119], [160.543121338, 50.6552772522, 211.245040894, 216.400512695, 278.769744873, 199.4400177, 308.120117188, 153.248352051, 118.915550232, 85.1977310181, 57.9727706909, 66.1058807373, 56.2637138367], [118.007774353, 95.3917770386, 197.708480835, 184.974990845, 180.325241089, 135.103286743, 153.248352051, 227.492294312, 112.078857422, 76.1624221802, 59.8945159912, 54.4858207703, 53.4180679321], [35.2210655212, 95.8801651001, 114.361053467, 151.221115112, 129.991699219, 97.0263977051, 118.915550232, 112.078857422, 179.477615356, 87.1224441528, 52.8341941833, 40.8200836182, 57.3952522278], [16.0390262604, 89.0560913086, 103.344902039, 70.5470352173, 91.7574386597, 71.3934173584, 85.1977310181, 76.1624221802, 87.1224441528, 154.62437439, 57.3359069824, 47.8817749023, 49.7218132019], [22.1668434143, 35.1887550354, 109.376358032, 105.710861206, 75.295425415, 60.7178001404, 57.9727706909, 59.8945159912, 52.8341941833, 57.3359069824, 133.229492188, 60.925365448, 29.2412948608], [9.5198469162, 26.4431438446, 91.1545257568, 74.0315475464, 95.7862930298, 55.251625061, 66.1058807373, 54.4858207703, 40.8200836182, 47.8817749023, 60.925365448, 125.445854187, 56.220489502], [64.2101593018, -12.5987730026, 57.9525642395, 61.2451286316, 52.9020614624, 54.1379547119, 56.2637138367, 53.4180679321, 57.3952522278, 49.7218132019, 29.2412948608, 56.220489502, 131.489471436]],
