{
"lowlevel": {
    "average_loudness": 0.666917383671,
    "barkbands_crest": {
        "dmean": 3.19487547874,
        "dmean2": 4.94529819489,
        "dvar": 9.64738559723,
        "dvar2": 23.0189247131,
        "max": 26.5680503845,
        "mean": 12.4788656235,
        "median": 12.1088285446,
        "min": 2.19496798515,
        "var": 31.4058475494
    },
    "barkbands_flatness_db": {
        "dmean": 0.0306439511478,
        "dmean2": 0.0468653030694,
        "dvar": 0.00110987259541,
        "dvar2": 0.00259204604663,
        "max": 0.774001538754,
        "mean": 0.151749506593,
        "median": 0.1277872473,
        "min": 0.0119167808443,
        "var": 0.00995953567326
    },
    "barkbands_kurtosis": {
        "dmean": 5.39082765579,
        "dmean2": 8.62561130524,
        "dvar": 159.90586853,
        "dvar2": 413.845794678,
        "max": 230.404830933,
        "mean": 6.4540514946,
        "median": 1.9260468483,
        "min": -1.904073596,
        "var": 195.732116699
    },
    "barkbands_skewness": {
        "dmean": 0.796472191811,
        "dmean2": 1.22962212563,
        "dvar": 0.994018793106,
        "dvar2": 2.39622545242,
        "max": 12.1292161942,
        "mean": 1.88178646564,
        "median": 1.52362978458,
        "min": -4.77701282501,
        "var": 2.61181521416
    },
    "barkbands_spread": {
        "dmean": 8.31758499146,
        "dmean2": 13.3594427109,
        "dvar": 110.256729126,
        "dvar2": 279.157928467,
        "max": 117.372138977,
        "mean": 26.8630180359,
        "median": 24.3227767944,
        "min": 0.0706741586328,
        "var": 311.367919922
    },
    "dissonance": {
        "dmean": 0.0187681317329,
        "dmean2": 0.0319674573839,
        "dvar": 0.000584179069847,
        "dvar2": 0.00166254013311,
        "max": 0.500000119209,
        "mean": 0.471280574799,
        "median": 0.480830103159,
        "min": 0.0884123668075,
        "var": 0.0010899748886
    },
    "dynamic_complexity": 3.70935153961,
    "erbbands_crest": {
        "dmean": 2.61113142967,
        "dmean2": 4.28988075256,
        "dvar": 6.97205972672,
        "dvar2": 17.3682346344,
        "max": 33.8893013,
        "mean": 8.63575744629,
        "median": 7.22775173187,
        "min": 2.21661400795,
        "var": 25.3578948975
    },
    "erbbands_flatness_db": {
        "dmean": 0.0182316135615,
        "dmean2": 0.0279311835766,
        "dvar": 0.000370440306142,
        "dvar2": 0.000801701680757,
        "max": 0.73984926939,
        "mean": 0.154038742185,
        "median": 0.115872651339,
        "min": 0.0282945595682,
        "var": 0.0131805539131
    },
    "erbbands_kurtosis": {
        "dmean": 1.13441288471,
        "dmean2": 1.821408391,
        "dvar": 10.8433685303,
        "dvar2": 27.9410877228,
        "max": 157.392852783,
        "mean": 0.66932952404,
        "median": -0.0230975151062,
        "min": -1.84872555733,
        "var": 19.9111175537
    },
    "erbbands_skewness": {
        "dmean": 0.401726454496,
        "dmean2": 0.629848599434,
        "dvar": 0.190775066614,
        "dvar2": 0.481234848499,
        "max": 7.80585813522,
        "mean": 0.245089828968,
        "median": 0.157065525651,
        "min": -2.80827569962,
        "var": 0.536535561085
    },
    "erbbands_spread": {
        "dmean": 10.3334007263,
        "dmean2": 15.8502101898,
        "dvar": 195.826751709,
        "dvar2": 401.590332031,
        "max": 193.09463501,
        "mean": 42.5766334534,
        "median": 39.5896072388,
        "min": 0.357344150543,
        "var": 682.238708496
    },
    "hfc": {
        "dmean": 17.3174228668,
        "dmean2": 27.607460022,
        "dvar": 1036.79992676,
        "dvar2": 2653.68237305,
        "max": 406.372039795,
        "mean": 42.4210700989,
        "median": 31.9384708405,
        "min": 2.24811974592e-10,
        "var": 1887.51025391
    },
    "melbands_crest": {
        "dmean": 4.14503288269,
        "dmean2": 6.54856824875,
        "dvar": 17.9126987457,
        "dvar2": 40.6462974548,
        "max": 38.4556427002,
        "mean": 20.3516941071,
        "median": 19.4418144226,
        "min": 3.11215424538,
        "var": 80.7367782593
    },
    "melbands_flatness_db": {
        "dmean": 0.0369027070701,
        "dmean2": 0.0559185221791,
        "dvar": 0.0016084209783,
        "dvar2": 0.00367875373922,
        "max": 0.829343140125,
        "mean": 0.220220223069,
        "median": 0.202300623059,
        "min": 0.013799669221,
        "var": 0.0111077586189
    },
    "melbands_kurtosis": {
        "dmean": 19.802734375,
        "dmean2": 31.0607032776,
        "dvar": 1783.62890625,
        "dvar2": 4213.39501953,
        "max": 456.353637695,
        "mean": 28.2164115906,
        "median": 9.08026218414,
        "min": -1.82632184029,
        "var": 2546.16894531
    },
    "melbands_skewness": {
        "dmean": 1.33126878738,
        "dmean2": 2.05071640015,
        "dvar": 3.2140853405,
        "dvar2": 7.37823629379,
        "max": 18.4600811005,
        "mean": 3.60536646843,
        "median": 2.69099664688,
        "min": -4.44043064117,
        "var": 9.13283348083
    },
    "melbands_spread": {
        "dmean": 8.27950954437,
        "dmean2": 13.147190094,
        "dvar": 107.764144897,
        "dvar2": 262.629302979,
        "max": 209.207809448,
        "mean": 22.1192531586,
        "median": 17.9488201141,
        "min": 0.230311617255,
        "var": 301.38949585
    },
    "pitch_salience": {
        "dmean": 0.092482842505,
        "dmean2": 0.149858683348,
        "dvar": 0.0097339861095,
        "dvar2": 0.0242184065282,
        "max": 0.917216956615,
        "mean": 0.462462991476,
        "median": 0.477973788977,
        "min": 0.0535986870527,
        "var": 0.028154797852
    },
    "silence_rate_20dB": {
        "dmean": 0,
        "dmean2": 0,
        "dvar": 0,
        "dvar2": 0,
        "max": 1,
        "mean": 1,
        "median": 1,
        "min": 1,
        "var": 0
    },
    "silence_rate_30dB": {
        "dmean": 0.0868697836995,
        "dmean2": 0.173755332828,
        "dvar": 0.0793270841241,
        "dvar2": 0.183285087347,
        "max": 1,
        "mean": 0.835524499416,
        "median": 1,
        "min": 0,
        "var": 0.137424722314
    },
    "silence_rate_60dB": {
        "dmean": 0.0215814299881,
        "dmean2": 0.0431667715311,
        "dvar": 0.0211193170398,
        "dvar2": 0.0471079200506,
        "max": 1,
        "mean": 0.106265299022,
        "median": 0,
        "min": 0,
        "var": 0.0949726104736
    },
    "spectral_centroid": {
        "dmean": 299.754089355,
        "dmean2": 458.604431152,
        "dvar": 95764.03125,
        "dvar2": 208340.609375,
        "max": 6169.078125,
        "mean": 1657.80383301,
        "median": 1690.39257812,
        "min": 165.753128052,
        "var": 406150.90625
    },
    "spectral_complexity": {
        "dmean": 5.54243755341,
        "dmean2": 8.25256156921,
        "dvar": 37.2313308716,
        "dvar2": 75.6746139526,
        "max": 64,
        "mean": 22.89128685,
        "median": 22,
        "min": 0,
        "var": 175.26461792
    },
    "spectral_decrease": {
        "dmean": 3.2889000412e-09,
        "dmean2": 5.12900921734e-09,
        "dvar": 2.18176463535e-17,
        "dvar2": 5.2428311954e-17,
        "max": -6.71797480983e-22,
        "mean": -1.33728628171e-08,
        "median": -9.69284652541e-09,
        "min": -5.44196652186e-08,
        "var": 1.36965783436e-16
    },
    "spectral_energy": {
        "dmean": 0.0125504219905,
        "dmean2": 0.0195647832006,
        "dvar": 0.000304680754198,
        "dvar2": 0.000730721047148,
        "max": 0.210002020001,
        "mean": 0.0543200001121,
        "median": 0.0409891195595,
        "min": 2.29266119842e-14,
        "var": 0.00210370821878
    },
    "spectral_energyband_high": {
        "dmean": 0.00139981834218,
        "dmean2": 0.00230620475486,
        "dvar": 8.95350603969e-06,
        "dvar2": 2.34549133893e-05,
        "max": 0.040046416223,
        "mean": 0.00278961844742,
        "median": 0.00165508931968,
        "min": 1.83867881315e-14,
        "var": 1.35907157528e-05
    },
    "spectral_energyband_low": {
        "dmean": 0.0120458118618,
        "dmean2": 0.01879112795,
        "dvar": 0.000415001646616,
        "dvar2": 0.00100475607906,
        "max": 0.191163569689,
        "mean": 0.0365244746208,
        "median": 0.0148547282442,
        "min": 6.53412703396e-16,
        "var": 0.00176179176196
    },
    "spectral_energyband_middle_high": {
        "dmean": 0.00324416160583,
        "dmean2": 0.00500736013055,
        "dvar": 2.87020302494e-05,
        "dvar2": 6.24807435088e-05,
        "max": 0.0901467949152,
        "mean": 0.00704502174631,
        "median": 0.0054021794349,
        "min": 2.70340030709e-15,
        "var": 5.77232058276e-05
    },
    "spectral_energyband_middle_low": {
        "dmean": 0.00555108487606,
        "dmean2": 0.00939728319645,
        "dvar": 0.00013374738046,
        "dvar2": 0.000373745919205,
        "max": 0.142451286316,
        "mean": 0.00901960209012,
        "median": 0.00613713264465,
        "min": 7.08219282034e-16,
        "var": 0.000120970209537
    },
    "spectral_entropy": {
        "dmean": 0.161261454225,
        "dmean2": 0.248362839222,
        "dvar": 0.0372116751969,
        "dvar2": 0.0793418586254,
        "max": 8.97260379791,
        "mean": 7.78468132019,
        "median": 8.02522373199,
        "min": 3.78809833527,
        "var": 0.52946293354
    },
    "spectral_flux": {
        "dmean": 0.0352397412062,
        "dmean2": 0.0537476278841,
        "dvar": 0.0021315398626,
        "dvar2": 0.00392433442175,
        "max": 0.465457320213,
        "mean": 0.109756551683,
        "median": 0.0911539644003,
        "min": 1.87863770407e-06,
        "var": 0.00666364328936
    },
    "spectral_kurtosis": {
        "dmean": 4.1600985527,
        "dmean2": 7.01315927505,
        "dvar": 283.849060059,
        "dvar2": 784.430847168,
        "max": 526.507141113,
        "mean": 11.3811702728,
        "median": 3.06014680862,
        "min": -0.796619415283,
        "var": 1220.20849609
    },
    "spectral_rms": {
        "dmean": 0.000829310971312,
        "dmean2": 0.00127779890317,
        "dvar": 1.0039185554e-06,
        "dvar2": 2.26141060011e-06,
        "max": 0.0143136307597,
        "mean": 0.00640009902418,
        "median": 0.00632371613756,
        "min": 4.72942129903e-09,
        "var": 1.20338718261e-05
    },
    "spectral_rolloff": {
        "dmean": 837.011779785,
        "dmean2": 1423.5423584,
        "dvar": 2108497.25,
        "dvar2": 5350268,
        "max": 16925.0976562,
        "mean": 1816.10449219,
        "median": 1313.52539062,
        "min": 43.06640625,
        "var": 5023618
    },
    "spectral_skewness": {
        "dmean": 0.318640530109,
        "dmean2": 0.523796260357,
        "dvar": 0.49256837368,
        "dvar2": 1.32814693451,
        "max": 19.4213848114,
        "mean": 1.96323204041,
        "median": 1.48961186409,
        "min": 0.200039952993,
        "var": 2.94798469543
    },
    "spectral_spread": {
        "dmean": 808689.125,
        "dmean2": 1234567.5,
        "dvar": 858393411584,
        "dvar2": 1.82478910259e+12,
        "max": 17007760,
        "mean": 5891065,
        "median": 6001440.5,
        "min": 149966.984375,
        "var": 6.65061005722e+12
    },
    "spectral_strongpeak": {
        "dmean": 0.365291655064,
        "dmean2": 0.611742556095,
        "dvar": 0.38698258996,
        "dvar2": 0.999331891537,
        "max": 7.97943210602,
        "mean": 0.763333380222,
        "median": 0.52304315567,
        "min": 0,
        "var": 0.63948571682
    },
    "zerocrossingrate": {
        "dmean": 0.0154595831409,
        "dmean2": 0.0186536982656,
        "dvar": 0.000280869222479,
        "dvar2": 0.00038328228402,
        "max": 0.72021484375,
        "mean": 0.0774872079492,
        "median": 0.064453125,
        "min": 0.00146484375,
        "var": 0.0029382777866
    },
    "barkbands": {
        "dmean": [0.00220546522178, 0.0110166454688, 0.00436058873311, 0.00229522027075, 0.00152991118375, 0.000918903620914, 0.000653617025819, 0.000887397851329, 0.000863908557221, 0.000803433533292, 0.000772031256929, 0.000540181412362, 0.000551938079298, 0.000602908257861, 0.000401503057219, 0.000448402657639, 0.000386921747122, 0.000225274125114, 0.000254072045209, 0.000190609775018, 0.00019558686472, 0.000226265910896, 0.000295354519039, 0.000243323040195, 0.00028396959533, 0.000297763501294, 0.000125878534163],
        "dmean2": [0.00311519973911, 0.0170445833355, 0.00766828749329, 0.00415804609656, 0.00256038177758, 0.00150741531979, 0.00112285895739, 0.00140420370735, 0.00139514054172, 0.00133775733411, 0.00125037238467, 0.00086523097707, 0.000914200558327, 0.000990726519376, 0.000663050625008, 0.000732157204766, 0.000639837875497, 0.000369687681086, 0.000421173521318, 0.000312718941132, 0.000321112514939, 0.000375648232875, 0.000506576441694, 0.00040317804087, 0.00047861089115, 0.000497412867844, 0.000210152284126],
        "dvar": [2.00630929612e-05, 0.000383990292903, 0.000163391319802, 5.0260896387e-05, 1.44035475387e-05, 3.02751686831e-06, 2.68000712822e-06, 2.88741148324e-06, 3.46825436282e-06, 3.45328521689e-06, 3.01812315229e-06, 1.65000517427e-06, 1.12448844902e-06, 1.74460444669e-06, 5.49154037799e-07, 6.35322351172e-07, 3.97951282594e-07, 1.51665418002e-07, 2.18214182723e-07, 1.55238183197e-07, 1.76929717099e-07, 2.26808694492e-07, 6.82881875491e-07, 1.80777007586e-07, 3.93510219965e-07, 5.23790106399e-07, 1.16308250142e-07],
        "dvar2": [3.68674445781e-05, 0.000899190141354, 0.000450171064585, 0.000148057879414, 3.83956394217e-05, 7.63296611694e-06, 7.37949631002e-06, 6.6629736466e-06, 8.03294915386e-06, 8.84018754732e-06, 7.52208507038e-06, 3.55746465175e-06, 2.87270859189e-06, 4.48716764367e-06, 1.36402366024e-06, 1.54892484261e-06, 9.1641823019e-07, 3.76455176365e-07, 5.66979394989e-07, 4.04066980764e-07, 4.60781791389e-07, 5.91510058712e-07, 1.88935075585e-06, 4.85311772991e-07, 1.07181676867e-06, 1.39070800742e-06, 3.132331301e-07],
        "max": [0.0602071769536, 0.167181998491, 0.10889968276, 0.0899481922388, 0.0820793360472, 0.0296117346734, 0.0286940187216, 0.0396715514362, 0.0662694945931, 0.0414708852768, 0.0437538102269, 0.0420151501894, 0.0286029074341, 0.0226766355336, 0.0113993706182, 0.0157168917358, 0.00958698429167, 0.00612191669643, 0.00686842016876, 0.00712286960334, 0.00735576217994, 0.00609126407653, 0.0108418334275, 0.00598173588514, 0.0104998257011, 0.00978886894882, 0.00508764805272],
        "mean": [0.00516430381685, 0.0258315838873, 0.00469386950135, 0.00219360180199, 0.00199972232804, 0.00120313779917, 0.000750137551222, 0.00117185502313, 0.00124593777582, 0.00107681343798, 0.000961555168033, 0.000802831316832, 0.000841539120302, 0.000859981111716, 0.000567283772398, 0.000650721311104, 0.000592515221797, 0.000349274720065, 0.000439575553173, 0.000306794390781, 0.000324412423652, 0.000359196332283, 0.000397229829105, 0.000408726453315, 0.000477215042338, 0.000493366038427, 0.000156896130648],
        "median": [0.000281583430478, 0.00611172989011, 0.000518095737789, 0.000243959584623, 0.000658414326608, 0.000475757842651, 0.000304292683722, 0.000315016572131, 0.000549281248823, 0.00033965712646, 0.000375415722374, 0.000235871426412, 0.000423153804149, 0.000295812729746, 0.000280305946944, 0.000352485454641, 0.000330047099851, 0.000202080947929, 0.000226700183703, 0.000163780568982, 0.000161000629305, 0.000182055431651, 0.000158908049343, 0.000213344130316, 0.000204552678042, 0.000153487955686, 2.85962723865e-05],
        "min": [4.73695975972e-16, 3.42375058324e-16, 6.44363043093e-17, 3.51170794032e-17, 7.81220009265e-17, 2.29703079787e-16, 1.85106093665e-16, 4.20863341443e-17, 1.26399126829e-16, 3.21779247071e-17, 3.06310274784e-16, 1.94788090534e-16, 3.02332052199e-16, 5.76983755895e-16, 2.34082187185e-16, 1.20232554919e-16, 1.78112724955e-16, 3.66197674677e-16, 2.60898059155e-16, 4.98786838875e-16, 8.79542177649e-16, 1.47198338486e-15, 2.60971676906e-15, 1.69892722835e-15, 2.11161629157e-15, 5.31091394346e-15, 4.13128080397e-15],
        "var": [9.67356172623e-05, 0.00113666860852, 0.000143779892824, 3.61620768672e-05, 1.51219246618e-05, 3.9279630073e-06, 2.15116710933e-06, 5.43486794413e-06, 5.50907543584e-06, 4.57498072137e-06, 3.70055022358e-06, 4.6419145292e-06, 1.75651496193e-06, 2.49923823503e-06, 7.26898008452e-07, 8.28501981687e-07, 6.20026810338e-07, 2.12648998854e-07, 3.56814780389e-07, 2.02715412456e-07, 2.2989003412e-07, 2.80186043256e-07, 5.91029618136e-07, 2.94813759183e-07, 5.77898731535e-07, 8.07819617421e-07, 1.20261631764e-07]
    },
    "erbbands": {
        "dmean": [0.518274724483, 2.26207208633, 4.62790584564, 6.40409851074, 6.16908216476, 4.93294095993, 4.98028612137, 9.19249343872, 8.6766576767, 17.0897674561, 13.3114461899, 22.8099708557, 23.0833892822, 23.4343223572, 36.0140838623, 21.1997051239, 24.7758464813, 32.7613182068, 22.3423805237, 20.3269386292, 19.919342041, 19.4416751862, 13.1961784363, 12.5483560562, 11.9894008636, 8.7626619339, 8.55861282349, 7.49755096436, 8.14970874786, 9.38409805298, 7.92923212051, 5.37143659592, 4.20183992386, 3.13729763031, 2.31004428864, 1.33271837234, 0.59939801693, 0.191920608282, 0.0187094174325, 0.000264967267867],
        "dmean2": [0.775877714157, 3.42907333374, 7.87272596359, 11.4458227158, 11.0011692047, 8.00448513031, 8.30659580231, 14.9506111145, 14.7199106216, 26.9443492889, 22.2978153229, 36.3076095581, 38.5118293762, 39.4061126709, 56.6564750671, 34.0666122437, 40.8209114075, 53.8248901367, 36.3824081421, 32.701084137, 32.2619552612, 31.9967041016, 21.6978969574, 20.4385166168, 19.8789958954, 14.3580951691, 13.9764785767, 12.455862999, 13.5583314896, 15.9162330627, 13.5045385361, 9.07234954834, 6.95606660843, 5.24484682083, 3.94402718544, 2.23583245277, 1.02193260193, 0.316983789206, 0.0311410669237, 0.000437757611508],
        "dvar": [0.820291399956, 19.9551563263, 168.083267212, 391.119110107, 329.745056152, 120.09098053, 82.4923858643, 337.782531738, 644.609558105, 983.320983887, 668.682373047, 2611.30175781, 3427.58349609, 2751.66894531, 7776.66748047, 1918.78112793, 2411.31469727, 5435.39501953, 1976.02307129, 1142.13427734, 1550.10339355, 1057.73608398, 427.074981689, 577.751159668, 549.784912109, 336.14743042, 294.946990967, 307.999755859, 285.318359375, 674.428527832, 427.848937988, 109.460388184, 52.2347831726, 38.3354072571, 28.0368518829, 8.53934574127, 2.47272610664, 0.272790938616, 0.00209308671765, 4.25422797434e-07],
        "dvar2": [1.72986936569, 47.6668701172, 448.551605225, 1119.23864746, 941.133666992, 302.801818848, 219.233932495, 819.829772949, 1789.71447754, 2166.10766602, 1811.48291016, 5849.76123047, 8804.10546875, 7161.78027344, 18067.0136719, 4379.33447266, 6107.99804688, 14282.5019531, 4869.87304688, 2698.57861328, 3880.63671875, 2384.50537109, 1058.30358887, 1416.35644531, 1453.03369141, 876.890258789, 753.802246094, 815.580383301, 751.040100098, 1837.06066895, 1185.00048828, 300.556671143, 137.633132935, 102.858810425, 77.8774108887, 23.0418624878, 6.76002597809, 0.721613287926, 0.00556519115344, 1.12042062028e-06],
        "max": [8.69937229156, 41.9000244141, 115.664001465, 221.445220947, 258.00982666, 204.785705566, 119.848564148, 368.202972412, 518.044189453, 821.881774902, 424.368286133, 1695.15722656, 1374.02380371, 1053.45214844, 2726.54711914, 1220.22497559, 1373.13293457, 1360.6348877, 1028.02075195, 735.389099121, 785.460266113, 496.269073486, 327.335571289, 472.59677124, 410.930786133, 332.863098145, 263.442230225, 336.943206787, 219.950683594, 358.236846924, 263.395263672, 183.330337524, 93.4574050903, 110.710075378, 100.206535339, 41.8629837036, 22.8211612701, 7.96283912659, 0.641881287098, 0.00929539185017],
        "mean": [1.23810267448, 3.85226726532, 5.51307582855, 6.91113567352, 6.74466371536, 6.65506696701, 6.88603115082, 11.5723228455, 10.7487821579, 22.7877140045, 16.9765472412, 33.7963142395, 31.7978363037, 30.1949272156, 47.908706665, 33.7492752075, 39.5424003601, 48.2901573181, 33.9650650024, 32.0767707825, 31.098279953, 30.4805622101, 22.3287563324, 20.5450782776, 20.7321414948, 14.6448669434, 14.2631483078, 11.9578275681, 12.9347925186, 12.6490573883, 11.0749607086, 8.4410867691, 6.83517313004, 5.05814313889, 3.5499663353, 2.11586594582, 0.89223074913, 0.276601910591, 0.0241455864161, 0.000431321241194],
        "median": [0.193512529135, 1.01738035679, 1.11910700798, 1.09787285328, 1.19956958294, 1.90770721436, 3.0200521946, 3.95771884918, 4.50586509705, 6.81725358963, 7.35746908188, 14.5690202713, 12.2117900848, 11.206073761, 18.3623981476, 12.8258552551, 20.7759914398, 20.2452774048, 17.4414424896, 17.7218227386, 17.7169971466, 17.5645809174, 14.2811841965, 11.4753665924, 9.95240879059, 8.19237041473, 7.29228639603, 5.96168279648, 6.36973142624, 5.6399564743, 4.51858091354, 4.03888559341, 3.59336304665, 2.37127923965, 1.24268698692, 0.668841779232, 0.24707826972, 0.0662962347269, 0.00461982470006, 0.000162454307429],
        "min": [1.74057579602e-14, 5.17109955116e-14, 7.89162301045e-14, 1.05939989583e-13, 1.16267862308e-13, 2.83311812595e-13, 9.69892026935e-13, 2.15222349491e-12, 2.66543362902e-12, 2.05731937562e-12, 1.02459414651e-12, 2.90885197873e-12, 1.67891384389e-12, 4.88330599915e-12, 1.27953958193e-11, 7.99559897458e-12, 1.24692053557e-11, 2.84356132391e-11, 2.00048606153e-11, 1.1346141908e-11, 3.20379747037e-12, 1.00193299837e-11, 1.65066935814e-11, 2.23258113385e-11, 9.93709628472e-12, 2.92896124021e-11, 2.83258971834e-11, 4.77391529086e-11, 4.98586588682e-11, 6.53884099644e-11, 8.02740651729e-11, 4.53320297966e-11, 2.24551176264e-11, 1.56613524233e-11, 1.85750772402e-11, 1.67637587839e-11, 1.07809429786e-11, 2.79665396744e-12, 5.50549297991e-13, 7.14228819859e-14],
        "var": [2.95962524414, 37.3715782166, 160.659835815, 304.405883789, 265.391906738, 156.82421875, 105.329925537, 453.991210938, 521.350280762, 1921.75463867, 726.010192871, 4374.39111328, 4667.69775391, 3173.71875, 11316.7822266, 4958.25488281, 3736.7109375, 7205.53466797, 2758.87060547, 1799.3692627, 1864.15307617, 1612.53979492, 690.290344238, 789.63684082, 922.021606445, 431.329101562, 407.435272217, 355.634460449, 360.132568359, 598.040771484, 395.224853516, 146.749771118, 85.4853820801, 57.4634208679, 38.0109672546, 13.7013616562, 3.11574101448, 0.328249394894, 0.00244782585651, 5.573119779e-07]
    },
    "gfcc": {
        "mean": [-8.92515659332, 43.3246192932, -114.382263184, 2.53649330139, -47.9448394775, 18.1342849731, -33.841594696, 13.4274530411, -19.1801700592, 7.66409730911, -15.4252662659, 4.70524168015, -12.5258197784],
        "cov": [[40263.4257812, -1845.92370605, 4952.39990234, 5568.48730469, -65.4190444946, 936.088134766, -272.201324463, 924.846557617, -868.960388184, 1049.64331055, -93.1005249023, 1353.81152344, 257.974731445], [-1845.92370605, 2611.2578125, -362.015197754, -324.631866455, 200.367675781, -245.38432312, -45.420917511, -212.062301636, 58.8073501587, -215.15612793, 60.5151786804, -184.390014648, 65.8301239014], [4952.39990234, -362.015197754, 2883.91210938, 1998.48364258, 783.849121094, 680.253479004, 303.339813232, 275.301879883, -91.5365524292, 316.139678955, -4.36555528641, 261.755004883, -72.0211105347], [5568.48730469, -324.631866455, 1998.48364258, 2443.9621582, 756.838928223, 641.862182617, 312.101837158, 286.045593262, -152.862472534, 270.433868408, -9.43971252441, 234.158874512, -74.2291488647], [-65.4190444946, 200.367675781, 783.849121094, 756.838928223, 829.667480469, 461.691253662, 334.031707764, 132.108016968, 82.473487854, 117.076950073, 9.51740455627, 10.0799036026, -77.3751602173], [936.088134766, -245.38432312, 680.253479004, 641.862182617, 461.691253662, 590.935302734, 320.585723877, 192.000289917, 87.2209320068, 173.532913208, 18.0181465149, 57.9931373596, -25.5727443695], [-272.201324463, -45.420917511, 303.339813232, 312.101837158, 334.031707764, 320.585723877, 390.667663574, 178.813705444, 155.178573608, 100.542190552, 54.9836845398, 31.9942874908, -11.7456188202], [924.846557617, -212.062301636, 275.301879883, 286.045593262, 132.108016968, 192.000289917, 178.813705444, 254.121582031, 96.518699646, 117.995666504, 44.1732673645, 69.1559066772, -0.89286673069], [-868.960388184, 58.8073501587, -91.5365524292, -152.862472534, 82.473487854, 87.2209320068, 155.178573608, 96.518699646, 236.418258667, 72.6087417603, 73.5886230469, -4.15518188477, 12.2322940826], [1049.64331055, -215.15612793, 316.139678955, 270.433868408, 117.076950073, 173.532913208, 100.542190552, 117.995666504, 72.6087417603, 188.691146851, 66.7975463867, 78.5545806885, 9.51354026794], [-93.1005249023, 60.5151786804, -4.36555528641, -9.43971252441, 9.51740455627, 18.0181465149, 54.9836845398, 44.1732673645, 73.5886230469, 66.7975463867, 159.64906311, 65.2183837891, 33.0169372559], [1353.81152344, -184.390014648, 261.755004883, 234.158874512, 10.0799036026, 57.9931373596, 31.9942874908, 69.1559066772, -4.15518188477, 78.5545806885, 65.2183837891, 171.143432617, 59.9758644104], [257.974731445, 65.8301239014, -72.0211105347, -74.2291488647, -77.3751602173, -25.5727443695, -11.7456188202, -0.89286673069, 12.2322940826, 9.51354026794, 33.0169372559, 59.9758644104, 127.184020996]],
        "icov": [[6.65659390506e-05, -4.97464570799e-05, -4.07513425671e-06, -0.000118419375212, 0.000157885806402, -4.97272849316e-05, 0.000130157510284, -0.000152895867359, 0.000120832082757, -0.000265403388767, 0.00023329546093, -0.000339487509336, 2.40681911237e-05], [-4.97464570799e-05, 0.000656759075355, -4.4582386181e-05, 1.17886402222e-05, -0.000588090217207, 0.00041471075383, 6.43371595288e-06, 0.000323807325913, -0.00037878684816, 0.000883329194039, -0.00086005119374, 0.00113307754509, -0.000869620416779], [-4.07513425671e-06, -4.4582386181e-05, 0.000934488838539, -0.000502776296344, -0.000257523119217, -0.000247827614658, 0.000178097325261, 7.22512049833e-05, 6.32914889138e-05, -0.000482287985506, 0.000384304585168, -0.000774795596953, 0.000373127084458], [-0.000118419375212, 1.17886402222e-05, -0.000502776296344, 0.00152324442752, -0.000700207718182, -0.000112865280244, -0.000471903709695, -0.000309968570946, 0.00114698614925, -3.25285982399e-05, -0.000258113839664, -4.52975000371e-05, 0.000324453838402], [0.000157885806402, -0.000588090217207, -0.000257523119217, -0.000700207718182, 0.00373184704222, -0.00158620369621, -0.00106492056511, 0.000444671110017, -0.000154366585775, -0.000688562984578, 0.000809706747532, -0.000706821738277, 0.0014753054129], [-4.97272849316e-05, 0.00041471075383, -0.000247827614658, -0.000112865280244, -0.00158620369621, 0.0053415610455, -0.00248477817513, -0.000214171537664, 0.000348748784745, -0.0019553846214, 0.000566098548006, 0.00127611472271, -0.00107796525117], [0.000130157510284, 6.43371595288e-06, 0.000178097325261, -0.000471903709695, -0.00106492056511, -0.00248477817513, 0.00790832657367, -0.00265534594655, -0.00289306300692, 0.00168261723593, -0.000644146522973, -0.000660862424411, -0.000246431183768], [-0.000152895867359, 0.000323807325913, 7.22512049833e-05, -0.000309968570946, 0.000444671110017, -0.000214171537664, -0.00265534594655, 0.00850430503488, -0.00229995348491, -0.00131035887171, 0.000106061161205, -0.000759904913139, 0.000694505288266], [0.000120832082757, -0.00037878684816, 6.32914889138e-05, 0.00114698614925, -0.000154366585775, 0.000348748784745, -0.00289306300692, -0.00229995348491, 0.00996084697545, -0.00383203360252, -0.00143262650818, 0.00103068246972, -0.000436382601038], [-0.000265403388767, 0.000883329194039, -0.000482287985506, -3.25285982399e-05, -0.000688562984578, -0.0019553846214, 0.00168261723593, -0.00131035887171, -0.00383203360252, 0.013775027357, -0.00443751690909, 0.000194258522242, -0.000478306348668], [0.00023329546093, -0.00086005119374, 0.000384304585168, -0.000258113839664, 0.000809706747532, 0.000566098548006, -0.000644146522973, 0.000106061161205, -0.00143262650818, -0.00443751690909, 0.0115391090512, -0.00585126224905, 0.000820050947368], [-0.000339487509336, 0.00113307754509, -0.000774795596953, -4.52975000371e-05, -0.000706821738277, 0.00127611472271, -0.000660862424411, -0.000759904913139, 0.00103068246972, 0.000194258522242, -0.00585126224905, 0.0154784405604, -0.00649665482342], [2.40681911237e-05, -0.000869620416779, 0.000373127084458, 0.000324453838402, 0.0014753054129, -0.00107796525117, -0.000246431183768, 0.000694505288266, -0.000436382601038, -0.000478306348668, 0.000820050947368, -0.00649665482342, 0.0122559536248]]
    },
    "melbands": {
        "dmean": [0.00363301485777, 0.00227308203466, 0.00106701650657, 0.000384354701964, 0.00017847547133, 0.000195826039999, 0.00013095891336, 0.000201077767997, 0.000102000914922, 0.000146786682308, 0.000114538845082, 9.65585277299e-05, 0.000106888706796, 7.78321627877e-05, 4.83523108414e-05, 5.82152642892e-05, 6.58030403429e-05, 3.72045469703e-05, 2.5273182473e-05, 3.74674600607e-05, 2.13468993024e-05, 2.15511154238e-05, 1.80019542313e-05, 1.01190098576e-05, 1.06894003693e-05, 1.11320805445e-05, 6.52484141028e-06, 6.33763693259e-06, 5.85900261285e-06, 4.84886550112e-06, 4.62634397991e-06, 4.82312862005e-06, 4.65539369543e-06, 6.01853025728e-06, 5.21111724083e-06, 3.54504572897e-06, 3.45088756148e-06, 3.19332548315e-06, 3.06137508232e-06, 2.77104527413e-06],
        "dmean2": [0.00551464688033, 0.00359931308776, 0.00189718278125, 0.000653070397675, 0.00029514633934, 0.000319758662954, 0.000223073977395, 0.000315146200592, 0.000172359345015, 0.000233077502344, 0.000191958562937, 0.000163421194884, 0.000170626954059, 0.00012219013297, 7.97036409494e-05, 9.66013758443e-05, 0.000108230131445, 6.06327193964e-05, 4.17780975113e-05, 6.07338479313e-05, 3.4895248973e-05, 3.55930096703e-05, 2.99785369862e-05, 1.66406516655e-05, 1.75076056621e-05, 1.87784426089e-05, 1.07327459773e-05, 1.04834643935e-05, 9.64877199294e-06, 7.9651017586e-06, 7.78911362431e-06, 8.07055585028e-06, 7.82041661296e-06, 1.03657221189e-05, 9.01225394045e-06, 5.94975244894e-06, 5.85749603488e-06, 5.30791976416e-06, 5.13216309628e-06, 4.67562904305e-06],
        "dvar": [3.87357031286e-05, 2.95433419524e-05, 1.04351674963e-05, 1.08576796265e-06, 1.01268682329e-07, 1.52361508299e-07, 1.34137522423e-07, 1.38997947374e-07, 4.10883949087e-08, 1.05439958986e-07, 8.73949730362e-08, 4.83331916712e-08, 6.03354735063e-08, 3.48242679138e-08, 9.37224786668e-09, 1.30830981604e-08, 2.12156994195e-08, 5.99366378751e-09, 2.29906449434e-09, 3.97628330262e-09, 1.96618943349e-09, 1.60756663536e-09, 6.78102130003e-10, 3.3799357757e-10, 4.26068874626e-10, 4.9683107628e-10, 1.81025694435e-10, 1.74809125508e-10, 1.40866221465e-10, 9.88056442219e-11, 1.19821083611e-10, 9.31527979753e-11, 1.05887867918e-10, 3.27174981551e-10, 2.09617642688e-10, 5.04334317364e-11, 4.39466206481e-11, 2.79940515213e-11, 2.91430664323e-11, 3.01884246767e-11],
        "dvar2": [8.6077110609e-05, 7.35272260499e-05, 2.98535487673e-05, 2.95888958135e-06, 2.62256577344e-07, 3.78554091185e-07, 3.70796755078e-07, 3.00190009739e-07, 1.12744189096e-07, 2.3137559424e-07, 2.25556746614e-07, 1.26313238979e-07, 1.44753713016e-07, 7.09263403564e-08, 2.33434196417e-08, 3.46866073642e-08, 5.49752705581e-08, 1.48725600724e-08, 5.67373703575e-09, 9.38119892879e-09, 4.95414242963e-09, 3.59180418741e-09, 1.7314361056e-09, 8.4457979499e-10, 1.04664188427e-09, 1.34108169014e-09, 4.57163196188e-10, 4.6483011884e-10, 3.659687553e-10, 2.55607923716e-10, 3.20757781447e-10, 2.46417525274e-10, 2.78341155679e-10, 9.06136499168e-10, 5.88306348082e-10, 1.34336070046e-10, 1.22162849281e-10, 7.38294286817e-11, 7.76011685466e-11, 8.16393480596e-11],
        "max": [0.0578105263412, 0.0498922392726, 0.0383057594299, 0.0219469238073, 0.00395016558468, 0.0071548614651, 0.00719026243314, 0.0099534727633, 0.00568591384217, 0.0101543674245, 0.00710947206244, 0.00426010228693, 0.00700393039733, 0.00587713159621, 0.00280705839396, 0.0028356986586, 0.00256970501505, 0.00188337860163, 0.000667770567816, 0.00152753712609, 0.000838196836412, 0.000714388210326, 0.000365572515875, 0.000284705864033, 0.000430318235885, 0.000391582521843, 0.000230917037698, 0.000211110003875, 0.000204323936487, 0.000161814168678, 0.000205851829378, 0.000131830835016, 0.000132002081955, 0.000255821505561, 0.000192679319298, 0.000111396009743, 0.000116782197438, 6.41769220238e-05, 8.24869057396e-05, 9.4470618933e-05],
        "mean": [0.00902894604951, 0.00357752060518, 0.00122026388999, 0.000477958325064, 0.000255461403867, 0.000249245698797, 0.000158860333613, 0.000268364266958, 0.00012675979815, 0.000216724351048, 0.00015302200336, 0.000117782095913, 0.000137478651595, 0.000117948169645, 7.31082327547e-05, 8.61477747094e-05, 9.26068896661e-05, 5.49412361579e-05, 3.59570585715e-05, 5.46001137991e-05, 3.18082347803e-05, 3.1559204217e-05, 2.84853431367e-05, 1.53285927809e-05, 1.6199053789e-05, 1.79395865416e-05, 1.06273664642e-05, 9.61184650805e-06, 9.14600877877e-06, 7.74916316004e-06, 6.75780211168e-06, 7.4088279689e-06, 6.79383038005e-06, 7.26256257622e-06, 6.6365037128e-06, 5.38368067282e-06, 5.08695438839e-06, 4.78730180475e-06, 4.51068626717e-06, 4.15802878706e-06],
        "median": [0.00182730250526, 0.00103943422437, 0.000203955423785, 0.000120972166769, 0.000117510833661, 8.98616708582e-05, 6.41981459921e-05, 7.41626790841e-05, 5.65221889701e-05, 9.19145386433e-05, 5.56241466256e-05, 3.74001974706e-05, 5.29451135662e-05, 3.86830361094e-05, 3.25463297486e-05, 4.23901401518e-05, 3.17728226946e-05, 2.62939374807e-05, 1.77708116098e-05, 2.84556208499e-05, 1.64261855389e-05, 1.67019006767e-05, 1.67156467796e-05, 8.66183472681e-06, 8.32562818687e-06, 7.79106176196e-06, 4.80925564261e-06, 5.45256443729e-06, 4.63851074528e-06, 3.5416423998e-06, 3.32505851475e-06, 3.49844140146e-06, 3.20963818012e-06, 2.80226504401e-06, 2.42741566581e-06, 2.32554589275e-06, 2.26944371207e-06, 2.39918176703e-06, 2.13255475501e-06, 1.76373418981e-06],
        "min": [1.47943833359e-16, 5.06286349476e-17, 1.85935825303e-17, 1.2337159781e-17, 3.02169904946e-17, 4.7851280088e-17, 4.06688245071e-17, 1.90943857973e-17, 8.81433072825e-18, 1.92968415609e-17, 7.30667081196e-18, 1.61127289069e-17, 4.43678240052e-17, 2.67667490221e-17, 2.23338004383e-17, 3.36491448358e-17, 5.43729970305e-17, 3.60086444459e-17, 1.30601313528e-17, 1.38369035789e-17, 1.39987042426e-18, 7.61057779619e-18, 1.56347227376e-17, 1.82733742977e-17, 1.90655784053e-17, 6.41849803694e-18, 8.23673863064e-18, 2.20800760203e-17, 1.97885690022e-17, 1.3737095139e-17, 3.26124195218e-17, 3.28743942392e-17, 2.17432497292e-17, 4.03418664807e-17, 5.53369635379e-17, 2.10471408478e-17, 3.25739854018e-17, 1.89190847188e-17, 9.72228387325e-18, 1.40269896836e-17],
        "var": [0.000139477517223, 3.99084456149e-05, 8.25000279292e-06, 1.03844138266e-06, 1.4141951965e-07, 1.97416198944e-07, 1.09336596665e-07, 2.86294039142e-07, 4.03933420046e-08, 1.83902088224e-07, 1.15856657601e-07, 5.47268967921e-08, 8.13411276113e-08, 9.1604462682e-08, 1.54297605803e-08, 1.8420752923e-08, 2.96666904376e-08, 8.23636714387e-09, 2.9288900194e-09, 5.83863712933e-09, 2.35242403335e-09, 2.2920980669e-09, 1.14776610438e-09, 4.50124382212e-10, 5.56601986723e-10, 7.93781873565e-10, 2.82664114337e-10, 2.00614885815e-10, 1.78620229718e-10, 1.3729473114e-10, 1.2653830761e-10, 1.1931043653e-10, 1.19429063861e-10, 2.60672233798e-10, 1.7504850347e-10, 6.54342482975e-11, 5.62834119588e-11, 4.33991523274e-11, 4.3080903428e-11, 4.32643990078e-11]
    },
    "mfcc": {
        "mean": [-645.20916748, 90.5454177856, -7.14365053177, -1.72785580158, 3.89739727974, 2.97192621231, 0.423211365938, 3.45375537872, 2.6935403347, 2.82068037987, 2.0284011364, 2.92089152336, 0.770704388618],
        "cov": [[18781.6015625, -552.845947266, 1740.95446777, 2691.51391602, 1461.49560547, 1250.84289551, 986.475952148, 778.291320801, 411.116210938, 266.715240479, 238.585189819, 162.577484131, 330.176422119], [-552.845947266, 2060.08129883, -153.889022827, -24.505777359, 55.3648681641, -95.6076812744, -116.245986938, -100.217376709, -109.41569519, -115.516166687, -120.942634583, -58.6526527405, -30.5737075806], [1740.95446777, -153.889022827, 1419.31359863, 927.965881348, 650.355834961, 556.45880127, 419.585693359, 289.738220215, 180.582931519, 184.4894104, 167.847015381, 91.6716842651, 85.5975875854], [2691.51391602, -24.505777359, 927.965881348, 1398.82568359, 756.323974609, 623.094543457, 471.094360352, 320.16796875, 157.296356201, 152.750549316, 153.611068726, 51.8669700623, 77.6374588013], [1461.49560547, 55.3648681641, 650.355834961, 756.323974609, 679.171447754, 500.122192383, 360.805328369, 216.946517944, 133.109771729, 136.278396606, 124.273368835, 61.5411949158, 46.2178344727], [1250.84289551, -95.6076812744, 556.45880127, 623.094543457, 500.122192383, 601.231872559, 386.629852295, 253.639282227, 174.212783813, 174.608718872, 144.856323242, 66.9288253784, 49.6318511963], [986.475952148, -116.245986938, 419.585693359, 471.094360352, 360.805328369, 386.629852295, 396.577026367, 231.862945557, 159.346542358, 148.52645874, 137.893463135, 73.0404815674, 50.0287284851], [778.291320801, -100.217376709, 289.738220215, 320.16796875, 216.946517944, 253.639282227, 231.862945557, 266.586120605, 151.532867432, 127.884895325, 106.97668457, 77.6481704712, 69.0312194824], [411.116210938, -109.41569519, 180.582931519, 157.296356201, 133.109771729, 174.212783813, 159.346542358, 151.532867432, 200.937973022, 120.442520142, 88.8712005615, 49.0641212463, 46.0381813049], [266.715240479, -115.516166687, 184.4894104, 152.750549316, 136.278396606, 174.608718872, 148.52645874, 127.884895325, 120.442520142, 195.675323486, 127.047920227, 60.5167541504, 31.1011772156], [238.585189819, -120.942634583, 167.847015381, 153.611068726, 124.273368835, 144.856323242, 137.893463135, 106.97668457, 88.8712005615, 127.047920227, 175.919265747, 91.0662536621, 49.850063324], [162.577484131, -58.6526527405, 91.6716842651, 51.8669700623, 61.5411949158, 66.9288253784, 73.0404815674, 77.6481704712, 49.0641212463, 60.5167541504, 91.0662536621, 142.380966187, 80.2927398682], [330.176422119, -30.5737075806, 85.5975875854, 77.6374588013, 46.2178344727, 49.6318511963, 50.0287284851, 69.0312194824, 46.0381813049, 31.1011772156, 49.850063324, 80.2927398682, 125.315444946]],
