{
"lowlevel": {
    "average_loudness": 0.86470746994,
    "barkbands_crest": {
        "dmean": 3.04063796997,
        "dmean2": 4.84056806564,
        "dvar": 9.91476535797,
        "dvar2": 24.171459198,
        "max": 26.4199428558,
        "mean": 12.8073062897,
        "median": 12.6666622162,
        "min": 2.06802272797,
        "var": 29.8228721619
    },
    "barkbands_flatness_db": {
        "dmean": 0.0264585185796,
        "dmean2": 0.0399439111352,
        "dvar": 0.00080870219972,
        "dvar2": 0.00175456725992,
        "max": 0.505342006683,
        "mean": 0.149169623852,
        "median": 0.135110884905,
        "min": 0.0271296072751,
        "var": 0.00535555975512
    },
    "barkbands_kurtosis": {
        "dmean": 4.92263841629,
        "dmean2": 7.56199502945,
        "dvar": 296.31628418,
        "dvar2": 726.859619141,
        "max": 647.827026367,
        "mean": 6.7312245369,
        "median": 2.75762057304,
        "min": -1.89749670029,
        "var": 320.948455811
    },
    "barkbands_skewness": {
        "dmean": 0.753950476646,
        "dmean2": 1.13573205471,
        "dvar": 0.898143351078,
        "dvar2": 1.93694400787,
        "max": 24.6132564545,
        "mean": 1.92420899868,
        "median": 1.69579458237,
        "min": -3.14973664284,
        "var": 3.04155683517
    },
    "barkbands_spread": {
        "dmean": 8.44112682343,
        "dmean2": 13.4173469543,
        "dvar": 134.033355713,
        "dvar2": 329.765441895,
        "max": 119.762260437,
        "mean": 25.4806880951,
        "median": 22.2404441833,
        "min": 0.396801918745,
        "var": 265.363677979
    },
    "dissonance": {
        "dmean": 0.0169925503433,
        "dmean2": 0.0286839269102,
        "dvar": 0.000341849954566,
        "dvar2": 0.000936837110203,
        "max": 0.499999821186,
        "mean": 0.47021856904,
        "median": 0.479015350342,
        "min": 0.291562318802,
        "var": 0.000782263232395
    },
    "dynamic_complexity": 3.9301970005,
    "erbbands_crest": {
        "dmean": 2.6017780304,
        "dmean2": 4.23224020004,
        "dvar": 6.80896663666,
        "dvar2": 17.012670517,
        "max": 30.5311717987,
        "mean": 8.87730979919,
        "median": 7.47097396851,
        "min": 2.03800630569,
        "var": 26.0614719391
    },
    "erbbands_flatness_db": {
        "dmean": 0.0152962096035,
        "dmean2": 0.0228031892329,
        "dvar": 0.000227301541599,
        "dvar2": 0.000462525233161,
        "max": 0.45310074091,
        "mean": 0.145066872239,
        "median": 0.12087867409,
        "min": 0.0422154814005,
        "var": 0.00574301881716
    },
    "erbbands_kurtosis": {
        "dmean": 0.900965750217,
        "dmean2": 1.43851947784,
        "dvar": 1.98120939732,
        "dvar2": 4.71432924271,
        "max": 33.2585029602,
        "mean": 0.387640208006,
        "median": -0.23251914978,
        "min": -1.86481380463,
        "var": 4.71682214737
    },
    "erbbands_skewness": {
        "dmean": 0.375588655472,
        "dmean2": 0.585014104843,
        "dvar": 0.138167127967,
        "dvar2": 0.340852767229,
        "max": 5.27202177048,
        "mean": 0.170141741633,
        "median": 0.122886441648,
        "min": -3.59218907356,
        "var": 0.541429400444
    },
    "erbbands_spread": {
        "dmean": 11.2749681473,
        "dmean2": 17.2044143677,
        "dvar": 227.296890259,
        "dvar2": 466.113098145,
        "max": 201.981262207,
        "mean": 46.5383224487,
        "median": 42.714050293,
        "min": 2.22226309776,
        "var": 760.082641602
    },
    "hfc": {
        "dmean": 15.64427948,
        "dmean2": 24.9757575989,
        "dvar": 927.773986816,
        "dvar2": 2403.90966797,
        "max": 355.258209229,
        "mean": 39.3698730469,
        "median": 31.835773468,
        "min": 1.14555568053e-16,
        "var": 1466.6340332
    },
    "melbands_crest": {
        "dmean": 3.93930029869,
        "dmean2": 6.36551237106,
        "dvar": 17.9322814941,
        "dvar2": 44.2300796509,
        "max": 37.1859970093,
        "mean": 20.0093917847,
        "median": 19.5239257812,
        "min": 1.70103538036,
        "var": 81.2758483887
    },
    "melbands_flatness_db": {
        "dmean": 0.0328228920698,
        "dmean2": 0.0492589809,
        "dvar": 0.00135674409103,
        "dvar2": 0.00289738387801,
        "max": 0.630559384823,
        "mean": 0.208201110363,
        "median": 0.206805616617,
        "min": 0.00505165150389,
        "var": 0.00838144402951
    },
    "melbands_kurtosis": {
        "dmean": 19.6590957642,
        "dmean2": 29.9035892487,
        "dvar": 2738.21923828,
        "dvar2": 5907.95996094,
        "max": 1303.84631348,
        "mean": 31.2355136871,
        "median": 11.3726596832,
        "min": -1.68531739712,
        "var": 3861.64331055
    },
    "melbands_skewness": {
        "dmean": 1.2783203125,
        "dmean2": 1.93446779251,
        "dvar": 3.41108679771,
        "dvar2": 6.93599939346,
        "max": 26.7587738037,
        "mean": 3.82017922401,
        "median": 2.99477434158,
        "min": -2.19366335869,
        "var": 10.4954156876
    },
    "melbands_spread": {
        "dmean": 9.27650642395,
        "dmean2": 14.9344205856,
        "dvar": 209.218734741,
        "dvar2": 534.508117676,
        "max": 174.681777954,
        "mean": 24.2633895874,
        "median": 17.0354576111,
        "min": 0.290872812271,
        "var": 524.88671875
    },
    "pitch_salience": {
        "dmean": 0.0869340524077,
        "dmean2": 0.140053570271,
        "dvar": 0.00891833752394,
        "dvar2": 0.0219857785851,
        "max": 0.894893229008,
        "mean": 0.451356321573,
        "median": 0.44981944561,
        "min": 0.0477846302092,
        "var": 0.0267305765301
    },
    "silence_rate_20dB": {
        "dmean": 0,
        "dmean2": 0,
        "dvar": 0,
        "dvar2": 0,
        "max": 1,
        "mean": 1,
        "median": 1,
        "min": 1,
        "var": 0
    },
    "silence_rate_30dB": {
        "dmean": 0.095932379365,
        "dmean2": 0.19188503921,
        "dvar": 0.086735650897,
        "dvar2": 0.180439502001,
        "max": 1,
        "mean": 0.838263273239,
        "median": 1,
        "min": 0,
        "var": 0.135580658913
    },
    "silence_rate_60dB": {
        "dmean": 0.0139461169019,
        "dmean2": 0.0278951823711,
        "dvar": 0.0137489251792,
        "dvar2": 0.0304964054376,
        "max": 1,
        "mean": 0.0731037408113,
        "median": 0,
        "min": 0,
        "var": 0.0677559748292
    },
    "spectral_centroid": {
        "dmean": 326.348297119,
        "dmean2": 506.415893555,
        "dvar": 151912.359375,
        "dvar2": 335881.09375,
        "max": 11521.9892578,
        "mean": 1706.71923828,
        "median": 1616.95507812,
        "min": 137.99887085,
        "var": 603226.8125
    },
    "spectral_complexity": {
        "dmean": 5.01193857193,
        "dmean2": 7.59404039383,
        "dvar": 34.7539176941,
        "dvar2": 70.1560592651,
        "max": 59,
        "mean": 22.4684123993,
        "median": 22,
        "min": 0,
        "var": 148.146636963
    },
    "spectral_decrease": {
        "dmean": 3.5239884344e-09,
        "dmean2": 5.4740167954e-09,
        "dvar": 2.99213793048e-17,
        "dvar2": 6.78232184884e-17,
        "max": 1.00420340546e-28,
        "mean": -1.31822393001e-08,
        "median": -1.075602718e-08,
        "min": -5.55349615183e-08,
        "var": 1.26146261024e-16
    },
    "spectral_energy": {
        "dmean": 0.0134537266567,
        "dmean2": 0.0209214985371,
        "dvar": 0.000428966828622,
        "dvar2": 0.00097100721905,
        "max": 0.215970188379,
        "mean": 0.0533237494528,
        "median": 0.0448583438993,
        "min": 1.00115155877e-20,
        "var": 0.00191075087059
    },
    "spectral_energyband_high": {
        "dmean": 0.0014034351334,
        "dmean2": 0.00223755347542,
        "dvar": 7.60873899708e-06,
        "dvar2": 1.98126526811e-05,
        "max": 0.0301631242037,
        "mean": 0.00277123390697,
        "median": 0.00160485506058,
        "min": 7.12688072121e-21,
        "var": 1.25795450003e-05
    },
    "spectral_energyband_low": {
        "dmean": 0.0120638925582,
        "dmean2": 0.0188324674964,
        "dvar": 0.000469754217193,
        "dvar2": 0.00107131106779,
        "max": 0.200475111604,
        "mean": 0.0340852551162,
        "median": 0.0190768744797,
        "min": 6.53393987153e-23,
        "var": 0.00152121984866
    },
    "spectral_energyband_middle_high": {
        "dmean": 0.00229615229182,
        "dmean2": 0.00369982747361,
        "dvar": 1.42215485539e-05,
        "dvar2": 3.64751431334e-05,
        "max": 0.0574720427394,
        "mean": 0.00625847233459,
        "median": 0.0043936856091,
        "min": 1.23977036552e-21,
        "var": 4.00788121624e-05
    },
    "spectral_energyband_middle_low": {
        "dmean": 0.0066773770377,
        "dmean2": 0.0109186023474,
        "dvar": 0.000245056435233,
        "dvar2": 0.000605268985964,
        "max": 0.18372194469,
        "mean": 0.0110131464899,
        "median": 0.00658179633319,
        "min": 3.35688739408e-22,
        "var": 0.000261642679106
    },
    "spectral_entropy": {
        "dmean": 0.143233597279,
        "dmean2": 0.214266315103,
        "dvar": 0.0242980197072,
        "dvar2": 0.0511684194207,
        "max": 9.79629421234,
        "mean": 7.83841848373,
        "median": 8.00160217285,
        "min": 4.85371685028,
        "var": 0.383041977882
    },
    "spectral_flux": {
        "dmean": 0.0338629484177,
        "dmean2": 0.0527118965983,
        "dvar": 0.00232432689518,
        "dvar2": 0.00458466168493,
        "max": 0.505979061127,
        "mean": 0.105982162058,
        "median": 0.0855373740196,
        "min": 6.90457621633e-11,
        "var": 0.0064829508774
    },
    "spectral_kurtosis": {
        "dmean": 1.46847891808,
        "dmean2": 2.47100877762,
        "dvar": 8.43449401855,
        "dvar2": 24.7255306244,
        "max": 59.0216903687,
        "mean": 4.18455171585,
        "median": 2.50126361847,
        "min": -1.21621131897,
        "var": 28.1173152924
    },
    "spectral_rms": {
        "dmean": 0.000869454466738,
        "dmean2": 0.00134537240956,
        "dvar": 1.37952270052e-06,
        "dvar2": 3.03937349599e-06,
        "max": 0.0145155992359,
        "mean": 0.0064263693057,
        "median": 0.00661545433104,
        "min": 3.12527326067e-12,
        "var": 1.0724898857e-05
    },
    "spectral_rolloff": {
        "dmean": 858.42590332,
        "dmean2": 1445.39196777,
        "dvar": 2527691.75,
        "dvar2": 6046807.5,
        "max": 19509.0820312,
        "mean": 1912.2232666,
        "median": 990.52734375,
        "min": 43.06640625,
        "var": 6778909
    },
    "spectral_skewness": {
        "dmean": 0.195982903242,
        "dmean2": 0.314612388611,
        "dvar": 0.0618513971567,
        "dvar2": 0.161705553532,
        "max": 5.60551452637,
        "mean": 1.49274265766,
        "median": 1.33699607849,
        "min": -0.0530383698642,
        "var": 0.37306073308
    },
    "spectral_spread": {
        "dmean": 661463.625,
        "dmean2": 981653.3125,
        "dvar": 904310423552,
        "dvar2": 1.64861234381e+12,
        "max": 41520688,
        "mean": 5953241.5,
        "median": 6087132,
        "min": 1264919,
        "var": 5.61895125811e+12
    },
    "spectral_strongpeak": {
        "dmean": 0.463920027018,
        "dmean2": 0.800293564796,
        "dvar": 1.21773076057,
        "dvar2": 3.36061930656,
        "max": 26.5777168274,
        "mean": 0.884472727776,
        "median": 0.458015799522,
        "min": 0,
        "var": 1.60997486115
    },
    "zerocrossingrate": {
        "dmean": 0.0161752384156,
        "dmean2": 0.0193273518234,
        "dvar": 0.000408351654187,
        "dvar2": 0.000510162324645,
        "max": 0.80517578125,
        "mean": 0.078303322196,
        "median": 0.0595703125,
        "min": 0.001953125,
        "var": 0.00389429088682
    },
    "barkbands": {
        "dmean": [0.00174166506622, 0.0104580409825, 0.00448685931042, 0.00180306751281, 0.00265170214698, 0.00212319544517, 0.000800354522653, 0.000501620816067, 0.00062742549926, 0.000691685418133, 0.000596079626121, 0.000453612592537, 0.000388680404285, 0.000401963858167, 0.000354358897312, 0.000232836915529, 0.000315013749059, 0.000220157802687, 0.000186289253179, 0.000190730890608, 0.000201329923584, 0.000210707556107, 0.000259835971519, 0.000265847891569, 0.000268997246167, 0.000324058200931, 1.00257557278e-05],
        "dmean2": [0.00274095311761, 0.0158623922616, 0.00810831785202, 0.0031303204596, 0.00424198852852, 0.00365582993254, 0.00134102185257, 0.000846216862556, 0.000994660542347, 0.00111217261292, 0.000958552933298, 0.000766438315623, 0.000638049037661, 0.000663553655613, 0.000590342504438, 0.000393536058255, 0.000517571053933, 0.000361734186299, 0.000314621021971, 0.000317682162859, 0.000325313652866, 0.000345748267137, 0.000427270570071, 0.00043265504064, 0.000419766642153, 0.000548309006263, 1.72750678757e-05],
        "dvar": [1.10716300696e-05, 0.000372281938326, 0.00022380129667, 2.18102140934e-05, 7.63520074543e-05, 4.96128232044e-05, 3.99419923269e-06, 1.98034581445e-06, 1.40167912832e-06, 2.41367570197e-06, 2.33835271501e-06, 8.41336941448e-07, 5.77743549002e-07, 5.65086224924e-07, 7.30067711174e-07, 1.86786564882e-07, 4.24903504381e-07, 1.97584753892e-07, 9.86300108252e-08, 1.24429561765e-07, 1.21921644336e-07, 1.91796814875e-07, 2.745178449e-07, 2.42105443249e-07, 3.13482757974e-07, 9.87224893834e-07, 8.00874200291e-10],
        "dvar2": [2.55072045547e-05, 0.000786745513324, 0.000634033116512, 5.88420080021e-05, 0.000174914428499, 0.000130715910927, 1.0224081052e-05, 5.3638746067e-06, 3.09516872221e-06, 5.71281998418e-06, 5.5754544519e-06, 2.23669303523e-06, 1.40291092521e-06, 1.46506181409e-06, 1.91346634892e-06, 4.97107066622e-07, 9.5115331078e-07, 5.12428357524e-07, 2.71140720542e-07, 3.40837345902e-07, 3.16221985486e-07, 5.22052005181e-07, 7.20913647001e-07, 6.24884592071e-07, 7.2932243711e-07, 2.69429710897e-06, 2.21432006065e-09],
        "max": [0.0418927110732, 0.179399162531, 0.149238198996, 0.0875502452254, 0.153492167592, 0.0935446768999, 0.0305251069367, 0.0198442433029, 0.0365988686681, 0.0348696708679, 0.0470998845994, 0.0155889075249, 0.0216704457998, 0.012845614925, 0.0266106538475, 0.00905433855951, 0.0243764705956, 0.0166025999933, 0.00490551441908, 0.00542011298239, 0.0052739335224, 0.00721800792962, 0.00573914917186, 0.00567676220089, 0.00846393872052, 0.0139145273715, 0.000519794295542],
        "mean": [0.0049034319818, 0.0247606933117, 0.00391869992018, 0.00181182590313, 0.0030991199892, 0.00245762290433, 0.00124250946101, 0.000632350798696, 0.00115915038623, 0.00119026226457, 0.00108662317507, 0.000684166210704, 0.000624918960966, 0.000635782140307, 0.000578965758905, 0.000368642271496, 0.000549303076696, 0.00037165012327, 0.000320577993989, 0.000339153892128, 0.000375188770704, 0.000361065787729, 0.00042916770326, 0.000476160028484, 0.000512675964274, 0.000423884048359, 1.00554598248e-05],
        "median": [0.000443409895524, 0.0112437941134, 0.000455426634289, 0.000371445785277, 0.000995888607576, 0.000772192608565, 0.000269664276857, 0.00012660351058, 0.000440173025709, 0.000352742616087, 0.000267636118224, 0.000296348182019, 0.000285001151497, 0.000274803489447, 0.000257066159975, 0.000236434643739, 0.000307817943394, 0.000235593877733, 0.000226588890655, 0.000256848870777, 0.000249067175901, 0.000184265212738, 0.000185554468771, 0.000232042671996, 0.000242336653173, 0.000124377256725, 1.89288414276e-06],
        "min": [2.98608228428e-24, 4.01145299745e-23, 1.24835329208e-23, 1.51983223899e-24, 2.84719622217e-23, 4.71335366301e-23, 1.75227448289e-23, 1.9047440987e-23, 6.07943671435e-23, 6.98946854788e-23, 3.42877887583e-23, 5.3160882019e-23, 6.04681700038e-23, 6.5143691791e-23, 1.15124265293e-22, 9.67850352281e-23, 1.56773584112e-22, 1.8527514124e-22, 2.85320159936e-22, 3.06839124227e-22, 2.60821017984e-22, 3.3987997633e-22, 4.73708827884e-22, 8.11987984556e-22, 8.96732446461e-22, 1.51488294302e-21, 2.21351875942e-21],
        "var": [5.53496392968e-05, 0.000954862742219, 0.000156480324222, 1.84073778655e-05, 8.10804049252e-05, 3.79908669856e-05, 8.28266001918e-06, 2.36363030126e-06, 5.61347360417e-06, 7.60867987992e-06, 8.60660475155e-06, 1.39258258969e-06, 1.30927924147e-06, 9.86858367469e-07, 1.54768008542e-06, 2.28014471304e-07, 8.07894593891e-07, 3.11934172714e-07, 1.26059561012e-07, 1.47951524809e-07, 1.99208770368e-07, 2.63332651684e-07, 3.91010388512e-07, 4.26392404052e-07, 6.12045880644e-07, 8.76393926319e-07, 6.32567997982e-10]
    },
    "erbbands": {
        "dmean": [0.504662632942, 1.8975815773, 4.70561265945, 5.42175626755, 9.40189361572, 7.58469009399, 9.330950737, 20.179807663, 14.3207626343, 11.0518283844, 11.1880502701, 14.1971855164, 21.7275333405, 17.8840465546, 21.98919487, 19.0688762665, 17.1287631989, 20.3309783936, 15.3647603989, 18.0898838043, 14.7075624466, 14.6395368576, 11.8264331818, 9.45454597473, 9.1858663559, 9.34467315674, 9.07880878448, 7.11931371689, 7.66784715652, 7.46463441849, 7.75896453857, 5.4630150795, 4.71349191666, 3.30978751183, 1.84486758709, 1.12666380405, 0.592627823353, 0.127094402909, 0.00218066922389, 8.1928781583e-05],
        "dmean2": [0.76551181078, 2.89953541756, 8.2621049881, 9.28131484985, 15.088643074, 12.418806076, 15.8738622665, 35.1635780334, 24.6956386566, 18.1092453003, 18.6937522888, 22.5822277069, 35.0608177185, 28.9000530243, 35.0613098145, 32.2042274475, 28.0830440521, 33.2114868164, 25.6591796875, 30.2533378601, 24.3764877319, 24.2541770935, 19.4650726318, 15.8445110321, 15.3459539413, 15.6151943207, 14.7002592087, 11.5669927597, 12.7046260834, 12.1714677811, 12.8370246887, 8.91217803955, 7.69058799744, 5.22518777847, 2.88704586029, 1.83825778961, 1.01123297215, 0.221972152591, 0.00376767246053, 0.000138256320497],
        "dvar": [0.864557564259, 14.6590137482, 212.895797729, 216.305267334, 1047.15356445, 488.748016357, 666.145202637, 5448.67333984, 1872.42456055, 783.651123047, 876.222229004, 932.215942383, 2054.81445312, 2127.44946289, 3521.37451172, 1381.31066895, 1175.52441406, 1274.90136719, 1436.3125, 1843.85205078, 685.610351562, 1105.2644043, 517.912658691, 249.168914795, 257.281036377, 326.527435303, 241.607086182, 176.068084717, 346.721313477, 188.79119873, 267.591461182, 104.320381165, 79.3324584961, 47.2261161804, 13.964682579, 7.62835836411, 3.44561600685, 0.219868198037, 5.77759565203e-05, 5.83393209297e-08],
        "dvar2": [1.82520258427, 33.0896530151, 588.518798828, 587.516845703, 2354.73876953, 1233.73181152, 1791.34863281, 14708.5898438, 5122.04248047, 1838.49304199, 2333.33569336, 2049.93945312, 4806.67529297, 4975.72509766, 8225.18554688, 3707.28149414, 2854.63232422, 3151.54492188, 3911.77758789, 4804.37207031, 1763.22570801, 2509.92236328, 1368.04650879, 668.44934082, 702.307983398, 898.897277832, 625.287902832, 467.934265137, 982.723815918, 497.200653076, 704.199462891, 276.710266113, 202.355224609, 112.987915039, 32.0495262146, 19.7276935577, 9.47969245911, 0.613156199455, 0.000160045950906, 1.6013288473e-07],
        "max": [7.42628002167, 41.7129707336, 140.244689941, 163.589752197, 571.952209473, 338.134338379, 328.023681641, 1075.82226562, 561.786254883, 612.114379883, 544.27520752, 1108.41186523, 1402.94226074, 1392.55541992, 2021.82678223, 697.565673828, 940.82043457, 656.843139648, 703.363098145, 1441.98242188, 555.998718262, 1703.35205078, 759.310974121, 234.25843811, 291.589355469, 284.340057373, 254.580459595, 213.94569397, 350.539093018, 157.416290283, 187.21987915, 123.530319214, 111.0182724, 110.801811218, 86.7482757568, 35.1117477417, 30.7713241577, 6.54029941559, 0.10752607137, 0.00344364903867],
        "mean": [1.23717021942, 3.45565533638, 4.68511104584, 5.56402587891, 10.5250835419, 8.44092941284, 10.8032064438, 22.0392398834, 17.3234386444, 20.86419487, 15.5929193497, 26.7194728851, 39.5739936829, 32.9203987122, 42.7337493896, 30.8540306091, 28.9376049042, 34.9099731445, 25.1162128448, 30.3056468964, 25.8529415131, 27.029050827, 21.5528697968, 16.7444381714, 16.0621757507, 16.490732193, 16.7845840454, 13.0064144135, 12.6329259872, 12.849852562, 12.423699379, 9.66156005859, 8.1698513031, 6.0511097908, 3.4277381897, 1.77222657204, 0.742873907089, 0.133850440383, 0.00249422737397, 0.000154285080498],
        "median": [0.326129257679, 1.40565228462, 0.884082794189, 1.3026740551, 2.53112316132, 2.98595499992, 3.57390713692, 6.63930225372, 5.29144096375, 3.12689948082, 5.02543640137, 10.1058921814, 14.5252799988, 9.91189193726, 12.2731075287, 14.8996582031, 14.0545797348, 15.4508228302, 11.7677497864, 15.3311491013, 17.597240448, 16.5653953552, 13.8549919128, 11.8183422089, 11.4468593597, 12.4703502655, 11.649980545, 7.96461772919, 6.65547943115, 5.64774179459, 5.40419912338, 4.67224216461, 3.81133413315, 2.80979180336, 1.54103469849, 0.603942155838, 0.211309894919, 0.0306354630738, 0.000651947688311, 9.56434523687e-05],
        "min": [5.17348158777e-22, 1.07424524436e-20, 1.91971527262e-20, 9.74130540843e-21, 8.03139965142e-20, 4.3489670171e-20, 7.69444375149e-20, 6.14602071066e-19, 2.43636614399e-19, 5.72056191355e-19, 6.47811304708e-19, 1.30986190328e-18, 1.95608279816e-18, 1.62997449308e-18, 1.14784276048e-18, 2.34603827959e-18, 1.96315622637e-18, 3.3602760683e-18, 5.04972712217e-18, 5.4678631995e-18, 5.22372580479e-18, 8.00450519213e-18, 1.10265839175e-17, 9.71845402702e-18, 1.56753224164e-17, 1.53054800384e-17, 1.39011904017e-17, 9.58317773682e-18, 1.11696605209e-17, 1.53986089948e-17, 1.51857373729e-17, 1.67701604772e-17, 1.10133084958e-17, 9.42017104377e-18, 6.82980242959e-18, 5.61049023021e-18, 3.06146575741e-18, 1.07835824486e-18, 3.21851426851e-19, 3.36227980994e-20],
        "var": [2.71127867699, 27.4940357208, 165.712356567, 178.88394165, 1140.10473633, 453.940673828, 554.076477051, 3830.01489258, 1508.28881836, 3820.30761719, 1070.40722656, 3450.76000977, 7955.57226562, 6098.07421875, 12384.546875, 2406.2590332, 2549.54443359, 2810.51245117, 2216.83251953, 4208.80224609, 965.99621582, 1878.72729492, 1003.0536499, 342.249633789, 329.818725586, 360.126708984, 379.956542969, 269.328887939, 368.788665771, 320.996063232, 342.948120117, 175.242095947, 134.012268066, 87.7471237183, 27.4574489594, 9.92538070679, 2.88982987404, 0.156816869974, 4.36455557065e-05, 5.57534569623e-08]
    },
    "gfcc": {
        "mean": [-1.29151272774, 52.8131752014, -113.18939209, 24.9321422577, -53.6551132202, 22.6489467621, -37.1508369446, 14.3328390121, -24.0642414093, 7.0867638588, -16.0480747223, 5.12291955948, -7.96858739853],
        "cov": [[32008.0058594, -1628.53540039, 3141.61547852, 1857.51757812, -590.277587891, 1014.22503662, -876.082946777, 597.77355957, -1502.52941895, 566.043518066, -627.708068848, 1226.21252441, -244.382141113], [-1628.53540039, 3644.33935547, -96.3069000244, 218.625946045, 563.17364502, -315.617797852, 415.581848145, -82.4640655518, 372.707702637, -299.471435547, 274.890319824, -287.683013916, 310.433959961], [3141.61547852, -96.3069000244, 1795.51184082, 921.881958008, 462.94241333, 474.220703125, 160.617355347, 239.727890015, -17.2785739899, 272.381256104, 24.2492580414, 253.094345093, -22.2131175995], [1857.51757812, 218.625946045, 921.881958008, 910.626403809, 453.417053223, 326.17376709, 250.78237915, 160.269989014, 80.7551956177, 140.094741821, 60.1282234192, 121.341575623, -1.06982648373], [-590.277587891, 563.17364502, 462.94241333, 453.417053223, 652.346923828, 308.180053711, 349.492736816, 151.162704468, 215.494842529, 70.9233551025, 98.4186477661, -8.45170116425, 22.3300704956], [1014.22503662, -315.617797852, 474.220703125, 326.17376709, 308.180053711, 502.069580078, 195.079544067, 205.502288818, 51.3914070129, 123.286026001, -10.4515781403, 68.7014846802, -60.990146637], [-876.082946777, 415.581848145, 160.617355347, 250.78237915, 349.492736816, 195.079544067, 396.874542236, 114.309127808, 185.338638306, 79.4048843384, 93.8620758057, -29.0196380615, 24.8564395905], [597.77355957, -82.4640655518, 239.727890015, 160.269989014, 151.162704468, 205.502288818, 114.309127808, 241.851318359, 95.8659210205, 98.5268249512, 18.5506038666, 46.90051651, -7.8558754921], [-1502.52941895, 372.707702637, -17.2785739899, 80.7551956177, 215.494842529, 51.3914070129, 185.338638306, 95.8659210205, 303.038696289, 56.9639320374, 98.8752670288, -63.5114517212, 34.520904541], [566.043518066, -299.471435547, 272.381256104, 140.094741821, 70.9233551025, 123.286026001, 79.4048843384, 98.5268249512, 56.9639320374, 250.778427124, 72.0561752319, 93.5121765137, -18.5539016724], [-627.708068848, 274.890319824, 24.2492580414, 60.1282234192, 98.4186477661, -10.4515781403, 93.8620758057, 18.5506038666, 98.8752670288, 72.0561752319, 165.285690308, 35.6873207092, 65.9250946045], [1226.21252441, -287.683013916, 253.094345093, 121.341575623, -8.45170116425, 68.7014846802, -29.0196380615, 46.90051651, -63.5114517212, 93.5121765137, 35.6873207092, 178.331298828, 36.2735481262], [-244.382141113, 310.433959961, -22.2131175995, -1.06982648373, 22.3300704956, -60.990146637, 24.8564395905, -7.8558754921, 34.520904541, -18.5539016724, 65.9250946045, 36.2735481262, 144.586486816]],
        "icov": [[0.000120364355098, -0.000228032949963, 8.7862892542e-05, -0.000264142872766, 0.000249732256634, -0.000261837616563, 0.000293729419354, -0.000262654764811, 0.000428017548984, -0.000407936895499, 0.000595600635279, -0.000713276560418, 0.000243635193328], [-0.000228032949963, 0.00121811497957, -0.000421833683504, 0.000411657762015, -0.000926151231397, 0.00123683479615, -0.000955937313847, 0.00028061127523, -0.000698777497746, 0.00169003335759, -0.0021259044297, 0.00270629860461, -0.00154410931282], [8.7862892542e-05, -0.000421833683504, 0.00174704240635, -0.00138826202601, -0.000254820479313, -0.000705570215359, 0.000998633448035, -0.000330823211698, 0.000704811594915, -0.00151860306505, 0.00132690859027, -0.00158841127995, 0.000294741417747], [-0.000264142872766, 0.000411657762015, -0.00138826202601, 0.00361505313776, -0.00138761359267, 0.000590397277847, -0.00145615625661, 0.000740346906241, -0.00107573578134, 0.00130725675263, -0.00126171391457, 0.000423237914219, 0.000130764063215], [0.000249732256634, -0.000926151231397, -0.000254820479313, -0.00138761359267, 0.00564731657505, -0.00258158287033, -0.00114969327115, -3.80202218366e-05, -0.000677114003338, 3.72970043827e-06, 0.000511736259796, -0.00134091696236, 0.000860826519784], [-0.000261837616563, 0.00123683479615, -0.000705570215359, 0.000590397277847, -0.00258158287033, 0.00643232697621, -0.00225470191799, -0.00217352434993, 3.02326116071e-05, 0.00135521078482, -0.000734625384212, 0.00137861724943, 0.000335182528943], [0.000293729419354, -0.000955937313847, 0.000998633448035, -0.00145615625661, -0.00114969327115, -0.00225470191799, 0.00726863462478, -0.000883853819687, 0.000344326894265, -0.00275658792816, 0.000685826002154, -0.000318190286634, -4.84023003082e-05], [-0.000262654764811, 0.00028061127523, -0.000330823211698, 0.000740346906241, -3.80202218366e-05, -0.00217352434993, -0.000883853819687, 0.0086994599551, -0.00384460948408, -0.000287311995635, 0.000507923425175, -0.000572989287321, -0.000584917259403], [0.000428017548984, -0.000698777497746, 0.000704811594915, -0.00107573578134, -0.000677114003338, 3.02326116071e-05, 0.000344326894265, -0.00384460948408, 0.00936417654157, -0.00305493641645, -0.000722075696103, 0.00188798073214, -0.000598880229518], [-0.000407936895499, 0.00169003335759, -0.00151860306505, 0.00130725675263, 3.72970043827e-06, 0.00135521078482, -0.00275658792816, -0.000287311995635, -0.00305493641645, 0.0107526499778, -0.0064175054431, 0.000158340233611, 0.00148323911708], [0.000595600635279, -0.0021259044297, 0.00132690859027, -0.00126171391457, 0.000511736259796, -0.000734625384212, 0.000685826002154, 0.000507923425175, -0.000722075696103, -0.0064175054431, 0.0166947469115, -0.00831606332213, -0.00089046836365], [-0.000713276560418, 0.00270629860461, -0.00158841127995, 0.000423237914219, -0.00134091696236, 0.00137861724943, -0.000318190286634, -0.000572989287321, 0.00188798073214, 0.000158340233611, -0.00831606332213, 0.0202632434666, -0.00816712994128], [0.000243635193328, -0.00154410931282, 0.000294741417747, 0.000130764063215, 0.000860826519784, 0.000335182528943, -4.84023003082e-05, -0.000584917259403, -0.000598880229518, 0.00148323911708, -0.00089046836365, -0.00816712994128, 0.0134628657252]]
    },
    "melbands": {
        "dmean": [0.00351366959512, 0.00219478597865, 0.00103965087328, 0.000631715869531, 0.000315512326779, 0.00044171771151, 0.000207820994547, 0.000115795657621, 9.38307493925e-05, 8.94004406291e-05, 0.000109065054858, 7.22120312275e-05, 8.37746483739e-05, 5.31963305548e-05, 4.58051108581e-05, 3.65278247045e-05, 3.97759758926e-05, 2.6340743716e-05, 2.59144071606e-05, 1.87980022019e-05, 2.02149512916e-05, 1.75169116119e-05, 1.2733830772e-05, 1.13945943667e-05, 7.79460242484e-06, 7.5209404713e-06, 6.46269654681e-06, 6.53213282931e-06, 6.16190573055e-06, 5.44840258954e-06, 4.0296536099e-06, 4.44727584181e-06, 4.62793423139e-06, 4.32461774835e-06, 4.66677465738e-06, 4.00265435019e-06, 3.46657725458e-06, 3.36767857334e-06, 3.4346751363e-06, 2.76131868304e-06],
        "dmean2": [0.00534004531801, 0.00356853078119, 0.0017486626748, 0.00101586675737, 0.000536328938324, 0.000765306758694, 0.000358269491699, 0.000190570222912, 0.00015496830747, 0.00014235197159, 0.000176247747731, 0.000117180556117, 0.00013385793136, 8.84297041921e-05, 7.73050051066e-05, 5.9488836996e-05, 6.51987429592e-05, 4.42222153652e-05, 4.31453954661e-05, 3.16665791615e-05, 3.33762000082e-05, 2.91206888505e-05, 2.09997524507e-05, 1.89357269846e-05, 1.32320847115e-05, 1.26727736642e-05, 1.08282220026e-05, 1.09931806946e-05, 1.0160484635e-05, 8.80866537045e-06, 6.66507185088e-06, 7.40024097468e-06, 7.6353417171e-06, 7.13473173164e-06, 7.72398470872e-06, 6.6817269726e-06, 5.70154634261e-06, 5.57156863579e-06, 5.54032703803e-06, 4.39537780039e-06],
        "dvar": [4.08917367167e-05, 3.0759794754e-05, 6.80866742186e-06, 4.81964616483e-06, 7.00149087152e-07, 2.3865663934e-06, 3.62550423461e-07, 8.61913918015e-08, 5.18389846604e-08, 3.22050119905e-08, 5.19976026681e-08, 3.73394932751e-08, 4.68407037602e-08, 1.16305836073e-08, 8.98854857212e-09, 4.54497550706e-09, 5.16808196238e-09, 4.78181805263e-09, 4.84944706614e-09, 1.34748612268e-09, 1.32677058229e-09, 1.66823310721e-09, 5.74600200753e-10, 6.52392750933e-10, 1.66492472586e-10, 1.60993565701e-10, 1.32532443353e-10, 1.54307192024e-10, 1.14709644561e-10, 8.44649281073e-11, 6.20124646078e-11, 1.20646381774e-10, 8.36672189863e-11, 6.50352827147e-11, 9.49084977275e-11, 5.83814802058e-11, 4.38406498604e-11, 3.973074994e-11, 4.71837083293e-11, 3.33400598795e-11],
        "dvar2": [8.49430143717e-05, 7.95872183517e-05, 1.76482935785e-05, 1.11709086923e-05, 1.89490197045e-06, 6.39356721877e-06, 9.81595235316e-07, 2.09230051951e-07, 1.34518586492e-07, 7.19225070611e-08, 1.22010902714e-07, 8.72755236969e-08, 1.10738177739e-07, 2.88791053293e-08, 2.36828956446e-08, 1.11936975244e-08, 1.28784281017e-08, 1.31481892041e-08, 1.24946044622e-08, 3.53367934913e-09, 3.32309135764e-09, 3.73100617068e-09, 1.43870182434e-09, 1.74129233255e-09, 4.51373688426e-10, 4.41468056556e-10, 3.62910868024e-10, 4.23715645903e-10, 3.02677688468e-10, 2.12848044745e-10, 1.6815776549e-10, 3.4454142317e-10, 2.21824711377e-10, 1.73598413422e-10, 2.49242321226e-10, 1.54484453008e-10, 1.18757254031e-10, 1.0337307399e-10, 1.17429954649e-10, 7.92630960866e-11],
        "max": [0.0517238676548, 0.052507378161, 0.0327533595264, 0.0393237397075, 0.0110290730372, 0.0216579213738, 0.0076586259529, 0.00572320166975, 0.00416496722028, 0.00619779713452, 0.00692426925525, 0.00584934977815, 0.00692203547806, 0.00226970063522, 0.00235951854847, 0.00175385270268, 0.00145958305802, 0.00132452184334, 0.00279833935201, 0.00114449183457, 0.000823476817459, 0.00188077241182, 0.0013663249556, 0.000572699995246, 0.000194466745597, 0.000203278832487, 0.000149811676238, 0.000188362289919, 0.000167850317666, 0.000181841722224, 0.000140622418257, 0.000198148394702, 0.00013302838488, 0.000134419868118, 0.000110157568997, 8.09114280855e-05, 9.20928141568e-05, 9.24549167394e-05, 0.000111249020847, 0.000101247314888],
        "mean": [0.00874466169626, 0.00311458087526, 0.00114050123375, 0.000723500095773, 0.000367817498045, 0.000495510874316, 0.00026620060089, 0.000205187490792, 0.000136505695991, 0.00016703743313, 0.000194513428141, 0.00012620385678, 0.000156823560246, 8.71720039868e-05, 6.95177077432e-05, 6.04480628681e-05, 6.52976814308e-05, 3.88274456782e-05, 4.15260146838e-05, 3.06905785692e-05, 3.26998524542e-05, 2.95820191241e-05, 2.32476450037e-05, 1.77842885023e-05, 1.27699895529e-05, 1.22151941468e-05, 1.07968562588e-05, 1.07635405584e-05, 1.06424859041e-05, 9.36697142606e-06, 6.85056966176e-06, 6.87854208081e-06, 7.41178655517e-06, 7.05365664544e-06, 7.13889903636e-06, 6.5127715061e-06, 5.75538297198e-06, 5.56811801289e-06, 5.72685303268e-06, 4.91168248118e-06],
        "median": [0.00342306634411, 0.00111899618059, 0.000311501673423, 0.000208364072023, 0.000132276094519, 0.000153513945406, 7.62257695897e-05, 2.98118939099e-05, 4.45679361292e-05, 6.59170618746e-05, 6.77635907778e-05, 3.30743641825e-05, 4.06151812058e-05, 3.3959026041e-05, 3.34350479534e-05, 2.7794023481e-05, 2.72169199889e-05, 1.65746314451e-05, 1.88201520359e-05, 1.71593819687e-05, 1.99885434995e-05, 1.67594480445e-05, 1.34634656206e-05, 1.04452083178e-05, 8.75791192811e-06, 8.18245916889e-06, 7.71440045355e-06, 7.85456086305e-06, 7.18241244613e-06, 5.63036610401e-06, 3.97678468289e-06, 3.65738628716e-06, 3.3680460092e-06, 2.97970791507e-06, 3.08388962367e-06, 2.74941567113e-06, 2.8040608413e-06, 2.5284352887e-06, 2.45509681918e-06, 2.21431628233e-06],
        "min": [8.13633898658e-24, 1.2794340962e-23, 2.18696717337e-24, 7.45530905622e-24, 2.12575275041e-24, 1.16204039168e-23, 3.83232256517e-24, 7.13710859946e-24, 6.72139941279e-24, 8.08927160067e-24, 9.61426358163e-24, 7.69587613357e-24, 3.75368299368e-24, 5.53629959134e-24, 3.564866375e-24, 6.67771466244e-24, 6.36872139574e-24, 7.43087330082e-24, 8.47038923665e-24, 6.48900927315e-24, 5.90006741499e-24, 7.42422478111e-24, 9.62389872872e-24, 9.9791922141e-24, 5.90267065598e-24, 1.11898815e-23, 7.69063020855e-24, 9.29439310633e-24, 9.5198787409e-24, 5.28227020821e-24, 4.92345327559e-24, 5.2879160857e-24, 7.94446908177e-24, 7.15346641919e-24, 7.5889413047e-24, 5.65198564866e-24, 1.03330554947e-23, 6.72658380666e-24, 7.76174838574e-24, 7.59159108848e-24],
        "var": [0.00012073652033, 3.60835692845e-05, 6.34913794784e-06, 4.99304542245e-06, 5.7624896499e-07, 1.72900945472e-06, 3.27289029656e-07, 3.44131905194e-07, 7.79558035902e-08, 1.1779586373e-07, 1.9910022786e-07, 1.04725693006e-07, 1.76746198122e-07, 2.63060222494e-08, 1.45682133024e-08, 1.02220960585e-08, 1.07008659711e-08, 6.20422824227e-09, 9.20779008595e-09, 2.80809153708e-09, 1.9095838244e-09, 2.44601450206e-09, 2.10736805784e-09, 7.98092925081e-10, 2.1586209209e-10, 2.04780886692e-10, 1.57575355542e-10, 1.66617816766e-10, 1.63475566417e-10, 1.40782011049e-10, 8.55881962525e-11, 1.18485554701e-10, 1.24399587853e-10, 1.01189744084e-10, 1.16944606776e-10, 9.05962804776e-11, 6.56386750508e-11, 6.26929480552e-11, 7.8145746818e-11, 6.19455597928e-11]
    },
    "mfcc": {
        "mean": [-635.795349121, 87.9723968506, 2.26238369942, 10.0733213425, 8.00904655457, 5.94469738007, 3.84889411926, 3.93756270409, 3.13593482971, 0.66135686636, -0.811423182487, 1.71737325191, -0.867601692677],
        "cov": [[15763.6835938, -426.390167236, 1067.0480957, 557.659912109, 282.497406006, 386.493835449, 413.641418457, 267.055389404, -19.2740364075, -19.0617790222, -251.746643066, 4.04454517365, 306.822631836], [-426.390167236, 2518.33203125, -33.8150062561, 330.002105713, 173.267425537, -98.3742599487, 82.0761489868, 73.1243896484, 161.940505981, -16.1613330841, 47.8849525452, 4.76399564743, -14.8018341064], [1067.0480957, -33.8150062561, 984.427978516, 484.538818359, 403.063903809, 331.901306152, 227.981216431, 152.665863037, 100.313285828, 151.405426025, 112.605926514, 97.2455596924, 120.129638672], [557.659912109, 330.002105713, 484.538818359, 658.812438965, 310.4737854, 266.241790771, 218.283340454, 145.843994141, 124.112213135, 131.559341431, 104.642814636, 130.35496521, 98.121635437], [282.497406006, 173.267425537, 403.063903809, 310.4737854, 467.44543457, 263.747406006, 188.180969238, 202.470962524, 143.9506073, 134.572067261, 128.148117065, 80.969078064, 40.6515388489], [386.493835449, -98.3742599487, 331.901306152, 266.241790771, 263.747406006, 394.896026611, 250.493209839, 176.07850647, 118.269218445, 164.239181519, 113.159561157, 91.111907959, 71.1067428589], [413.641418457, 82.0761489868, 227.981216431, 218.283340454, 188.180969238, 250.493209839, 307.709960938, 160.726455688, 110.362998962, 115.126213074, 81.9583053589, 79.3394317627, 69.8061981201], [267.055389404, 73.1243896484, 152.665863037, 145.843994141, 202.470962524, 176.07850647, 160.726455688, 243.792572021, 137.522445679, 100.414573669, 72.6756973267, 53.8964157104, 27.2433853149], [-19.2740364075, 161.940505981, 100.313285828, 124.112213135, 143.9506073, 118.269218445, 110.362998962, 137.522445679, 183.27243042, 123.651161194, 84.9250869751, 52.4425125122, 36.6162872314], [-19.0617790222, -16.1613330841, 151.405426025, 131.559341431, 134.572067261, 164.239181519, 115.126213074, 100.414573669, 123.651161194, 200.0834198, 128.085861206, 81.1533432007, 50.453037262], [-251.746643066, 47.8849525452, 112.605926514, 104.642814636, 128.148117065, 113.159561157, 81.9583053589, 72.6756973267, 84.9250869751, 128.085861206, 162.75630188, 95.6383514404, 35.3975219727], [4.04454517365, 4.76399564743, 97.2455596924, 130.35496521, 80.969078064, 91.111907959, 79.3394317627, 53.8964157104, 52.4425125122, 81.1533432007, 95.6383514404, 150.744796753, 70.4218902588], [306.822631836, -14.8018341064, 120.129638672, 98.121635437, 40.6515388489, 71.1067428589, 69.8061981201, 27.2433853149, 36.6162872314, 50.453037262, 35.3975219727, 70.4218902588, 128.660949707]],
