{
"lowlevel": {
    "average_loudness": 0.868881523609,
    "barkbands_crest": {
        "dmean": 2.44206929207,
        "dmean2": 3.5421936512,
        "dvar": 7.99979352951,
        "dvar2": 15.7803621292,
        "max": 26.5532207489,
        "mean": 9.45741176605,
        "median": 7.30571937561,
        "min": 1.64701926708,
        "var": 37.5919456482
    },
    "barkbands_flatness_db": {
        "dmean": 0.0250545013696,
        "dmean2": 0.0355390831828,
        "dvar": 0.0014422996901,
        "dvar2": 0.00256220181473,
        "max": 0.482881635427,
        "mean": 0.105744898319,
        "median": 0.0825629532337,
        "min": 0.0126818474382,
        "var": 0.00593913998455
    },
    "barkbands_kurtosis": {
        "dmean": 10.3960208893,
        "dmean2": 13.8846302032,
        "dvar": 2412.48803711,
        "dvar2": 4719.87744141,
        "max": 1744.31213379,
        "mean": 10.9598999023,
        "median": -0.182263851166,
        "min": -1.87254858017,
        "var": 3188.52246094
    },
    "barkbands_skewness": {
        "dmean": 0.852928757668,
        "dmean2": 1.12870907784,
        "dvar": 2.92547440529,
        "dvar2": 4.33306789398,
        "max": 35.8465957642,
        "mean": 1.51518201828,
        "median": 0.82337397337,
        "min": -4.01349306107,
        "var": 8.26432037354
    },
    "barkbands_spread": {
        "dmean": 7.20664167404,
        "dmean2": 10.9775381088,
        "dvar": 85.2349700928,
        "dvar2": 188.325485229,
        "max": 95.0215530396,
        "mean": 33.0364341736,
        "median": 32.0688705444,
        "min": 0.153452903032,
        "var": 283.481933594
    },
    "dissonance": {
        "dmean": 0.00960320234299,
        "dmean2": 0.0163661520928,
        "dvar": 0.000104251259472,
        "dvar2": 0.000289076706395,
        "max": 0.500000119209,
        "mean": 0.484267562628,
        "median": 0.487649023533,
        "min": 0.340338021517,
        "var": 0.000173052656464
    },
    "dynamic_complexity": 2.76510691643,
    "erbbands_crest": {
        "dmean": 2.25037074089,
        "dmean2": 3.59269833565,
        "dvar": 5.82972431183,
        "dvar2": 13.5085716248,
        "max": 31.6839065552,
        "mean": 7.06982278824,
        "median": 5.76395845413,
        "min": 1.99437201023,
        "var": 16.123840332
    },
    "erbbands_flatness_db": {
        "dmean": 0.0125805400312,
        "dmean2": 0.0193605981767,
        "dvar": 0.00018775992794,
        "dvar2": 0.000408424122725,
        "max": 0.587708711624,
        "mean": 0.133957341313,
        "median": 0.122447319329,
        "min": 0.0496923811734,
        "var": 0.00360799394548
    },
    "erbbands_kurtosis": {
        "dmean": 0.635355472565,
        "dmean2": 1.02645337582,
        "dvar": 0.932159781456,
        "dvar2": 2.35815954208,
        "max": 21.585981369,
        "mean": -0.0250503122807,
        "median": -0.295756578445,
        "min": -1.84558343887,
        "var": 1.59922719002
    },
    "erbbands_skewness": {
        "dmean": 0.323756188154,
        "dmean2": 0.493425488472,
        "dvar": 0.141791895032,
        "dvar2": 0.319792002439,
        "max": 3.50678062439,
        "mean": -0.111952342093,
        "median": -0.15294316411,
        "min": -3.4583773613,
        "var": 0.327314794064
    },
    "erbbands_spread": {
        "dmean": 8.98993301392,
        "dmean2": 13.4995832443,
        "dvar": 155.756362915,
        "dvar2": 313.996459961,
        "max": 159.848968506,
        "mean": 44.1218414307,
        "median": 40.1665420532,
        "min": 1.3166282177,
        "var": 474.612091064
    },
    "hfc": {
        "dmean": 15.5065822601,
        "dmean2": 23.925075531,
        "dvar": 589.612426758,
        "dvar2": 1476.92077637,
        "max": 199.274078369,
        "mean": 35.9292106628,
        "median": 26.6604652405,
        "min": 1.14822383431e-16,
        "var": 1033.47644043
    },
    "melbands_crest": {
        "dmean": 3.2474501133,
        "dmean2": 4.97578525543,
        "dvar": 15.0737333298,
        "dvar2": 30.0565738678,
        "max": 35.9128379822,
        "mean": 15.1734600067,
        "median": 11.8870134354,
        "min": 1.26327598095,
        "var": 82.076789856
    },
    "melbands_flatness_db": {
        "dmean": 0.0321134142578,
        "dmean2": 0.0458756871521,
        "dvar": 0.00243404763751,
        "dvar2": 0.00438333489001,
        "max": 0.594316124916,
        "mean": 0.148212313652,
        "median": 0.12144471705,
        "min": 0.000846793118399,
        "var": 0.00913729891181
    },
    "melbands_kurtosis": {
        "dmean": 26.3555812836,
        "dmean2": 37.5552406311,
        "dvar": 6671.51074219,
        "dvar2": 10919.3056641,
        "max": 1135.00817871,
        "mean": 39.4276390076,
        "median": 4.30426263809,
        "min": -1.82174277306,
        "var": 13927.8574219
    },
    "melbands_skewness": {
        "dmean": 1.18282234669,
        "dmean2": 1.71933138371,
        "dvar": 5.78433799744,
        "dvar2": 10.1766300201,
        "max": 24.5503692627,
        "mean": 3.26051163673,
        "median": 2.01505017281,
        "min": -2.89956021309,
        "var": 17.3774089813
    },
    "melbands_spread": {
        "dmean": 11.4128837585,
        "dmean2": 17.8804588318,
        "dvar": 245.314193726,
        "dvar2": 585.308532715,
        "max": 190.536148071,
        "mean": 39.9836883545,
        "median": 36.4975585938,
        "min": 0.191338762641,
        "var": 678.337646484
    },
    "pitch_salience": {
        "dmean": 0.0770713165402,
        "dmean2": 0.115029811859,
        "dvar": 0.00918598100543,
        "dvar2": 0.017615493387,
        "max": 0.989158391953,
        "mean": 0.550239920616,
        "median": 0.596776008606,
        "min": 0.0288961753249,
        "var": 0.0381451956928
    },
    "silence_rate_20dB": {
        "dmean": 0,
        "dmean2": 0,
        "dvar": 0,
        "dvar2": 0,
        "max": 1,
        "mean": 1,
        "median": 1,
        "min": 1,
        "var": 0
    },
    "silence_rate_30dB": {
        "dmean": 0.0450669899583,
        "dmean2": 0.0901400819421,
        "dvar": 0.0430392362177,
        "dvar2": 0.0904069840908,
        "max": 1,
        "mean": 0.957777917385,
        "median": 1,
        "min": 0,
        "var": 0.0404336415231
    },
    "silence_rate_60dB": {
        "dmean": 0.00879686046392,
        "dmean2": 0.0175949111581,
        "dvar": 0.00871847104281,
        "dvar2": 0.0197177845985,
        "max": 1,
        "mean": 0.0332228168845,
        "median": 0,
        "min": 0,
        "var": 0.0321148112416
    },
    "spectral_centroid": {
        "dmean": 316.616699219,
        "dmean2": 472.259216309,
        "dvar": 177072.015625,
        "dvar2": 352922.59375,
        "max": 10979.6103516,
        "mean": 2177.80444336,
        "median": 2321.67578125,
        "min": 139.980377197,
        "var": 574260.4375
    },
    "spectral_complexity": {
        "dmean": 6.8926782608,
        "dmean2": 10.2957296371,
        "dvar": 58.5495681763,
        "dvar2": 117.125221252,
        "max": 64,
        "mean": 27.2421684265,
        "median": 27,
        "min": 0,
        "var": 215.622802734
    },
    "spectral_decrease": {
        "dmean": 2.04658601177e-09,
        "dmean2": 2.6232673811e-09,
        "dvar": 1.18033222291e-17,
        "dvar2": 1.76140716448e-17,
        "max": -2.91311619397e-29,
        "mean": -7.52915330082e-09,
        "median": -4.97506036368e-09,
        "min": -3.90623782209e-08,
        "var": 5.70162493692e-17
    },
    "spectral_energy": {
        "dmean": 0.00834376271814,
        "dmean2": 0.0105893267319,
        "dvar": 0.000153221641085,
        "dvar2": 0.000225098323426,
        "max": 0.149422645569,
        "mean": 0.0316755771637,
        "median": 0.0230122301728,
        "min": 1.05246793758e-20,
        "var": 0.000836735009216
    },
    "spectral_energyband_high": {
        "dmean": 0.00150860473514,
        "dmean2": 0.00239989068359,
        "dvar": 6.88586942488e-06,
        "dvar2": 1.74397373485e-05,
        "max": 0.0222928486764,
        "mean": 0.00282043754123,
        "median": 0.0017774781445,
        "min": 7.82863684221e-21,
        "var": 9.87553175946e-06
    },
    "spectral_energyband_low": {
        "dmean": 0.00691702682525,
        "dmean2": 0.0091323973611,
        "dvar": 0.000277583952993,
        "dvar2": 0.000512315775268,
        "max": 0.145447358489,
        "mean": 0.0174850020558,
        "median": 0.00458759767935,
        "min": 3.17862161646e-23,
        "var": 0.000873808050528
    },
    "spectral_energyband_middle_high": {
        "dmean": 0.00267379079014,
        "dmean2": 0.00419108290225,
        "dvar": 1.07880268843e-05,
        "dvar2": 2.69515912805e-05,
        "max": 0.0379940494895,
        "mean": 0.00656160153449,
        "median": 0.00529243424535,
        "min": 1.50566975447e-21,
        "var": 2.93499197142e-05
    },
    "spectral_energyband_middle_low": {
        "dmean": 0.00315474835224,
        "dmean2": 0.00532433018088,
        "dvar": 5.94968332734e-05,
        "dvar2": 0.000160174968187,
        "max": 0.059645768255,
        "mean": 0.00584496790543,
        "median": 0.00449774460867,
        "min": 4.6463690223e-22,
        "var": 4.73139953101e-05
    },
    "spectral_entropy": {
        "dmean": 0.137592017651,
        "dmean2": 0.208600521088,
        "dvar": 0.0382722131908,
        "dvar2": 0.0867884978652,
        "max": 9.80515003204,
        "mean": 8.02272987366,
        "median": 8.12785720825,
        "min": 5.73492097855,
        "var": 0.145547121763
    },
    "spectral_flux": {
        "dmean": 0.0269719790667,
        "dmean2": 0.0361257456243,
        "dvar": 0.00147094565909,
        "dvar2": 0.00171583716292,
        "max": 0.387374788523,
        "mean": 0.0904545634985,
        "median": 0.075703471899,
        "min": 1.02589860218e-10,
        "var": 0.00486397556961
    },
    "spectral_kurtosis": {
        "dmean": 0.877222299576,
        "dmean2": 1.46675050259,
        "dvar": 3.67735433578,
        "dvar2": 10.7982263565,
        "max": 72.1473846436,
        "mean": 2.90853381157,
        "median": 2.29625654221,
        "min": -1.20833802223,
        "var": 14.4135923386
    },
    "spectral_rms": {
        "dmean": 0.000689484004397,
        "dmean2": 0.00087133893976,
        "dvar": 6.53006111406e-07,
        "dvar2": 9.84288817563e-07,
        "max": 0.012073864229,
        "mean": 0.00504088681191,
        "median": 0.00473824422807,
        "min": 3.20436884492e-12,
        "var": 5.49232163394e-06
    },
    "spectral_rolloff": {
        "dmean": 888.178466797,
        "dmean2": 1408.53369141,
        "dvar": 1642536.5,
        "dvar2": 3532947,
        "max": 18389.3554688,
        "mean": 2856.87646484,
        "median": 2583.984375,
        "min": 64.599609375,
        "var": 4619651
    },
    "spectral_skewness": {
        "dmean": 0.135836005211,
        "dmean2": 0.22469560802,
        "dvar": 0.0271237250417,
        "dvar2": 0.0785376876593,
        "max": 5.83982801437,
        "mean": 1.24251079559,
        "median": 1.20575332642,
        "min": 0.0224949792027,
        "var": 0.112658552825
    },
    "spectral_spread": {
        "dmean": 532264.4375,
        "dmean2": 779916.5625,
        "dvar": 443130871808,
        "dvar2": 713773350912,
        "max": 41455452,
        "mean": 5346042,
        "median": 5389472,
        "min": 745800.0625,
        "var": 2.21033083699e+12
    },
    "spectral_strongpeak": {
        "dmean": 0.542157113552,
        "dmean2": 0.915389597416,
        "dvar": 1.29201948643,
        "dvar2": 3.20418214798,
        "max": 19.6057281494,
        "mean": 0.963365674019,
        "median": 0.41588357091,
        "min": 0,
        "var": 2.64643502235
    },
    "zerocrossingrate": {
        "dmean": 0.0152870230377,
        "dmean2": 0.01713174209,
        "dvar": 0.00031243628473,
        "dvar2": 0.000353197479853,
        "max": 0.67626953125,
        "mean": 0.0955596715212,
        "median": 0.0908203125,
        "min": 0.001953125,
        "var": 0.00280081829987
    },
    "barkbands": {
        "dmean": [0.000439650088083, 0.00600832561031, 0.00376148731448, 0.00167776050512, 0.000867006951012, 0.00050279230345, 0.000408759864513, 0.000285831629299, 0.000451460073236, 0.000342723651556, 0.000490509497467, 0.000468503771117, 0.00041900749784, 0.000294884637697, 0.000379780336516, 0.000370953406673, 0.000306840433041, 0.000485563447, 0.000480110524222, 0.000402877194574, 0.000358693592716, 0.000316280580591, 0.000293024408165, 0.000280096748611, 0.000179443726665, 9.74816066446e-05, 1.42416238305e-05],
        "dmean2": [0.000484799296828, 0.00777059933171, 0.00672171916813, 0.00308465072885, 0.00150005554315, 0.000797372078523, 0.000651398906484, 0.000464034761535, 0.000750899780542, 0.000561609689612, 0.000774888787419, 0.000756872876082, 0.000684341590386, 0.000476024957607, 0.000624168256763, 0.000606758345384, 0.000505786039867, 0.000794966239482, 0.00079660245683, 0.000679718330503, 0.000598008511588, 0.000510444340762, 0.000483150681248, 0.000455803674413, 0.000274192367215, 0.00015121755132, 2.25255334954e-05],
        "dvar": [7.66146570186e-07, 0.000207616903936, 0.000205137606827, 4.20000505983e-05, 4.05409673476e-06, 5.28747250428e-07, 4.09441696547e-07, 2.0154197955e-07, 6.85729673933e-07, 4.47242030077e-07, 7.39573749797e-07, 5.74639500428e-07, 4.59675760567e-07, 2.89605566195e-07, 4.57729385062e-07, 2.96061386962e-07, 1.83342450555e-07, 7.08012407813e-07, 6.77400919358e-07, 5.29567103058e-07, 4.17221372118e-07, 2.11423994756e-07, 2.50265998147e-07, 2.60733173718e-07, 1.3837438928e-07, 4.6216005245e-08, 6.91818324849e-10],
        "dvar2": [1.15585658023e-06, 0.000370850553736, 0.000575538200792, 0.00012194563169, 1.18286143334e-05, 1.37326230742e-06, 9.72979933067e-07, 5.21834010669e-07, 1.7351326278e-06, 1.06806771782e-06, 1.73659077518e-06, 1.40608335641e-06, 1.1810587921e-06, 7.49976436509e-07, 1.19647279462e-06, 7.358138987e-07, 4.55389596254e-07, 1.81872337635e-06, 1.76457956513e-06, 1.34434901611e-06, 1.11297879357e-06, 5.14219493652e-07, 6.60565660837e-07, 6.79913341628e-07, 3.0967390785e-07, 1.09539023185e-07, 1.64555846727e-09],
        "max": [0.0299299582839, 0.128236696124, 0.104654252529, 0.0497741550207, 0.0167984366417, 0.0166884660721, 0.0169305745512, 0.0109491460025, 0.0220358259976, 0.0225742831826, 0.0266713965684, 0.0162399858236, 0.0131111908704, 0.0162329580635, 0.0207507368177, 0.0130005432293, 0.00709847686812, 0.0158850494772, 0.0132862934843, 0.0167811717838, 0.00909877661616, 0.00675639742985, 0.00434341887012, 0.00402810936794, 0.0039840079844, 0.00217549130321, 0.00046682023094],
        "mean": [0.000973173999228, 0.0122626116499, 0.00330247590318, 0.00152103113942, 0.00141701870598, 0.000940340571105, 0.00072263070615, 0.000462168187369, 0.000633572868537, 0.000515264109708, 0.000803132134024, 0.00072858738713, 0.000628193141893, 0.000474795408081, 0.000563547946513, 0.000552405836061, 0.000521123409271, 0.000808250100818, 0.000707945378963, 0.000638983328827, 0.000568121788092, 0.000539832341019, 0.000488033285365, 0.000451290194178, 0.000292033713777, 0.000138257775689, 2.07519915421e-05],
        "median": [7.17478687875e-05, 0.00208535650745, 0.000396506278776, 0.000485435826704, 0.000824620539788, 0.000539862259757, 0.000388840708183, 0.000265493727056, 0.000325959408656, 0.000297749473248, 0.000378827448003, 0.000346574990544, 0.000354505638825, 0.000265648093773, 0.000323432584992, 0.000326469482388, 0.000312028918415, 0.000398832955398, 0.000390660774428, 0.000355767959263, 0.000334806274623, 0.000329454196617, 0.00027035799576, 0.000248695432674, 0.000156710826559, 6.06282119406e-05, 4.26086489824e-06],
        "min": [1.19951302017e-23, 5.10708392268e-24, 6.18280226317e-24, 3.01874412343e-23, 1.43110854022e-22, 6.68226402328e-23, 9.94515302381e-23, 6.38819308612e-23, 5.79560140521e-23, 5.2346487264e-23, 1.68130476932e-23, 1.50376098876e-22, 1.71547585716e-22, 5.03333300111e-23, 7.66301124162e-23, 1.46655818225e-22, 9.11272932614e-23, 2.43054179081e-22, 2.39569155685e-22, 4.05811506662e-22, 3.76860614363e-22, 4.68578076556e-22, 5.1194477712e-22, 8.66615983775e-22, 1.54730070861e-21, 1.68473497004e-21, 2.42073921588e-21],
        "var": [3.1125730402e-06, 0.000574112928007, 0.000126246261061, 2.33533628489e-05, 3.5675197978e-06, 1.14169256449e-06, 1.06573986614e-06, 3.42666055531e-07, 1.1138854461e-06, 6.75385251725e-07, 1.73428247763e-06, 1.16437115594e-06, 7.60738601002e-07, 5.81581161896e-07, 6.98410474342e-07, 4.42557336555e-07, 4.01733927902e-07, 1.63316713042e-06, 8.92612263215e-07, 8.9232139544e-07, 5.05984019128e-07, 3.5842606394e-07, 3.42450590551e-07, 3.18495153806e-07, 1.90291700619e-07, 5.36022213282e-08, 1.13126963353e-09]
    },
    "erbbands": {
        "dmean": [0.233970478177, 1.41447365284, 3.75116825104, 5.48696279526, 3.56069612503, 2.83465480804, 3.94517040253, 4.09186649323, 5.52100229263, 5.90437793732, 6.75357246399, 11.1971521378, 8.64805030823, 15.4585227966, 16.9701652527, 18.4679775238, 19.4008522034, 13.7476511002, 15.4434070587, 21.8979187012, 16.9685611725, 17.8794956207, 27.0505523682, 25.6382522583, 21.6326618195, 18.3471813202, 14.3772954941, 14.4287281036, 11.6378078461, 10.6261081696, 7.82674312592, 6.54999780655, 4.14011096954, 2.35615968704, 1.14973104, 0.541475534439, 0.155027911067, 0.0302485059947, 0.00224602245726, 4.40696021542e-05],
        "dmean2": [0.268690139055, 1.9633564949, 6.44019174576, 9.86227607727, 6.42865753174, 4.79847383499, 6.63637304306, 6.36274337769, 8.73054981232, 9.36454582214, 11.3790922165, 18.6454524994, 13.8850917816, 24.6138439178, 26.925031662, 29.8534069061, 31.6413478851, 22.1585388184, 25.0346775055, 35.5403709412, 27.8418045044, 29.4605197906, 44.0966110229, 43.0159759521, 35.3267173767, 31.1219120026, 24.2259120941, 23.9639358521, 18.9158382416, 17.5256462097, 12.7418737411, 10.7060480118, 6.6796002388, 3.64074516296, 1.76601684093, 0.841676533222, 0.241385489702, 0.0470594801009, 0.00357922795229, 6.6332591814e-05],
        "dvar": [0.24684394896, 13.9755249023, 188.807266235, 424, 146.013168335, 29.5777759552, 46.6365127563, 32.8542022705, 88.4207458496, 69.3019561768, 154.286315918, 458.989959717, 262.82208252, 969.369445801, 744.748840332, 912.304138184, 988.33807373, 439.618530273, 617.897277832, 1255.26000977, 583.54107666, 644.975769043, 2696.55200195, 2191.53027344, 1128.03540039, 1146.8034668, 658.377868652, 754.364990234, 274.468994141, 329.757995605, 167.090698242, 143.001220703, 52.1367530823, 23.4077014923, 5.56029033661, 1.49627256393, 0.104343943298, 0.00338461413048, 1.84227556019e-05, 5.92946314271e-09],
        "dvar2": [0.31143990159, 28.8633346558, 501.045806885, 1204.44714355, 422.711669922, 85.1286468506, 129.738937378, 80.8791275024, 210.132293701, 172.090881348, 420.428527832, 1137.83288574, 619.982055664, 2322.54614258, 1755.95446777, 2229.60864258, 2522.61889648, 1146.40844727, 1580.82299805, 3219.47827148, 1440.69055176, 1620.6953125, 6812.59521484, 6015.59179688, 2807.04174805, 3109.93676758, 1782.95678711, 1985.00256348, 664.996948242, 856.578613281, 435.363586426, 378.797668457, 132.203201294, 54.5620079041, 12.4585399628, 3.54465913773, 0.244215637445, 0.00785105116665, 4.43828575953e-05, 1.38991236298e-08],
        "max": [5.14167785645, 31.6352767944, 103.72442627, 153.480789185, 98.1642074585, 55.2380409241, 129.166320801, 88.2386016846, 312.628967285, 131.832550049, 230.832565308, 642.344360352, 509.842285156, 932.633789062, 546.542724609, 590.566955566, 629.578735352, 589.187133789, 647.94708252, 802.80267334, 442.128967285, 434.727600098, 1044.4284668, 965.264465332, 608.808227539, 427.703765869, 523.301757812, 440.24395752, 244.194213867, 157.026107788, 122.762016296, 95.7539901733, 78.4471511841, 55.6154670715, 28.0601100922, 13.1435823441, 3.28878068924, 0.653139710426, 0.0861321240664, 0.00128858536482],
        "mean": [0.521220564842, 2.06780910492, 3.58222413063, 5.20853757858, 4.06808948517, 5.06813383102, 7.14011335373, 7.48596811295, 10.2516622543, 10.4381523132, 9.81982898712, 15.5921869278, 14.8770847321, 24.3253612518, 28.5564060211, 29.9689292908, 31.0216445923, 24.0472812653, 26.2700157166, 33.2649078369, 27.899181366, 32.6286430359, 46.1770019531, 38.0975418091, 34.8442382812, 28.082326889, 23.494052887, 22.5123100281, 19.7714519501, 16.9491977692, 13.2455234528, 10.4790563583, 6.76489830017, 3.83592844009, 1.79275619984, 0.748210310936, 0.223233684897, 0.0463465377688, 0.00319263036363, 9.94455767795e-05],
        "median": [0.0544749163091, 0.318834096193, 0.747179687023, 1.36355304718, 1.80401718616, 2.94848585129, 3.63127660751, 4.81252622604, 5.7602186203, 6.66945552826, 5.55741786957, 7.85155534744, 9.17506217957, 11.2810239792, 15.4416589737, 14.7287120819, 17.748052597, 15.5888834, 16.2989616394, 19.5698471069, 18.1468544006, 19.479637146, 21.9637641907, 21.7530517578, 20.2944469452, 16.0332927704, 13.9461288452, 13.3207712173, 11.945189476, 9.52883529663, 7.46592617035, 5.59828519821, 3.87014269829, 2.09841418266, 0.914102733135, 0.330452948809, 0.0963113754988, 0.0161621719599, 0.000620903971139, 6.61255107843e-05],
        "min": [2.89279509617e-22, 9.59747917747e-22, 7.23745231245e-21, 4.85154838636e-20, 1.50750991225e-19, 4.73443647835e-19, 1.18859577791e-18, 2.60403125975e-19, 8.88246807684e-19, 1.40485222289e-18, 2.01804834541e-18, 1.26415707251e-18, 5.52609485347e-19, 2.18455814836e-18, 8.50994573702e-19, 6.91225579305e-18, 7.4091096862e-18, 3.97419173455e-18, 2.72163080366e-18, 7.42963451874e-18, 6.42575861476e-18, 6.37761794388e-18, 1.337640386e-17, 9.2539739151e-18, 1.78076567236e-17, 1.9963889933e-17, 1.2739038037e-17, 1.48490268871e-17, 1.7816181647e-17, 1.37712883039e-17, 1.4552136876e-17, 1.87156197948e-17, 1.52147945735e-17, 1.44347864169e-17, 1.25170947253e-17, 5.46113160368e-18, 3.63828030524e-18, 1.1016218724e-18, 3.37467485292e-19, 3.63358018745e-20],
        "var": [1.00244534016, 22.9414596558, 135.291397095, 252.893417358, 86.4230270386, 39.8272628784, 80.4784698486, 70.4842910767, 246.675796509, 144.348800659, 168.877761841, 800.250610352, 453.622314453, 1996.91796875, 1654.09899902, 1827.6282959, 1720.81750488, 824.504150391, 1269.96362305, 1794.89074707, 966.734558105, 1563.52124023, 6591.03662109, 2858.27050781, 2043.24572754, 1369.06652832, 865.086120605, 857.606506348, 485.665222168, 419.162658691, 244.812896729, 174.09085083, 69.8935928345, 31.4738922119, 7.49591112137, 1.68978142738, 0.127660557628, 0.00495249917731, 2.84622001345e-05, 1.10712550239e-08]
    },
    "gfcc": {
        "mean": [24.6069278717, 39.7355155945, -126.753646851, 36.0402679443, -60.207321167, 18.9457988739, -37.3207893372, 10.0546455383, -25.1565265656, 4.74520921707, -14.0358219147, 5.16657543182, -12.5663414001],
        "cov": [[11150.7822266, -220.022537231, 2164.15161133, 358.09942627, -486.636535645, 304.065917969, -147.848632812, 63.967956543, -451.284118652, 212.828796387, -429.81338501, 125.012695312, -208.694381714], [-220.022537231, 2300.78491211, 496.189575195, 424.153564453, 232.795974731, 57.5157699585, 275.73046875, -90.7485122681, 160.972503662, -60.1610107422, 63.2081031799, -142.580276489, 142.582336426], [2164.15161133, 496.189575195, 1773.75817871, 611.878601074, 401.355895996, 419.74029541, 191.628173828, 123.940162659, 41.7601356506, 146.507476807, -41.2757072449, 64.9392623901, -32.6132583618], [358.09942627, 424.153564453, 611.878601074, 503.844329834, 340.400421143, 281.549346924, 211.114730835, 139.22718811, 135.348922729, 92.2847061157, 85.1079711914, 31.6527442932, 39.8644256592], [-486.636535645, 232.795974731, 401.355895996, 340.400421143, 520.661499023, 302.643859863, 256.673156738, 168.24822998, 195.617630005, 110.400093079, 137.255645752, 64.4910049438, 54.1407279968], [304.065917969, 57.5157699585, 419.74029541, 281.549346924, 302.643859863, 342.281860352, 186.800552368, 157.490097046, 116.687530518, 117.462844849, 80.5379104614, 66.3726959229, 32.3074264526], [-147.848632812, 275.73046875, 191.628173828, 211.114730835, 256.673156738, 186.800552368, 249.079284668, 136.808609009, 148.179031372, 81.1390991211, 100.462882996, 35.3311004639, 63.1725616455], [63.967956543, -90.7485122681, 123.940162659, 139.22718811, 168.24822998, 157.490097046, 136.808609009, 191.947494507, 115.988113403, 105.373497009, 81.2904281616, 68.2220840454, 42.870880127], [-451.284118652, 160.972503662, 41.7601356506, 135.348922729, 195.617630005, 116.687530518, 148.179031372, 115.988113403, 174.315994263, 84.3542404175, 102.061691284, 38.2327461243, 62.0281066895], [212.828796387, -60.1610107422, 146.507476807, 92.2847061157, 110.400093079, 117.462844849, 81.1390991211, 105.373497009, 84.3542404175, 135.962112427, 72.2587127686, 67.3052444458, 39.1948547363], [-429.81338501, 63.2081031799, -41.2757072449, 85.1079711914, 137.255645752, 80.5379104614, 100.462882996, 81.2904281616, 102.061691284, 72.2587127686, 128.74331665, 54.3184089661, 52.8350028992], [125.012695312, -142.580276489, 64.9392623901, 31.6527442932, 64.4910049438, 66.3726959229, 35.3311004639, 68.2220840454, 38.2327461243, 67.3052444458, 54.3184089661, 98.1895446777, 40.2551765442], [-208.694381714, 142.582336426, -32.6132583618, 39.8644256592, 54.1407279968, 32.3074264526, 63.1725616455, 42.870880127, 62.0281066895, 39.1948547363, 52.8350028992, 40.2551765442, 93.3792953491]],
        "icov": [[0.000224390489166, -8.49384305184e-05, -0.000143643905176, -0.000153494489496, 0.000506404438056, -0.000150027233758, -0.000277848710539, -0.000230556513998, 0.000608135014772, -0.000656906457152, 0.000730842060875, -0.000596056983341, 0.000413868168835], [-8.49384305184e-05, 0.0012267784914, -0.000454207940493, -0.0005296273157, 0.000187704339623, 0.000568285351619, -0.00110792682972, 0.00173749157693, -0.00109576038085, 0.00100360426586, -0.00120236945804, 0.00243792240508, -0.00241319579072], [-0.000143643905176, -0.000454207940493, 0.00201825867407, -0.00160430639517, -0.00102454191074, -0.000439771189122, 0.000115387410915, 0.000475719367387, 0.000858012295794, -0.00184878637083, 0.0030015190132, -0.00208743312396, 0.0016196455108], [-0.000153494489496, -0.0005296273157, -0.00160430639517, 0.00704996054992, -0.00131485180464, -0.00197723507881, 0.000629119749647, -0.0019490798004, -0.000737564696465, 0.00205161771737, -0.00340942572802, 0.00262169982307, -0.000761017086916], [0.000506404438056, 0.000187704339623, -0.00102454191074, -0.00131485180464, 0.00806170795113, -0.0030574449338, -0.00293498300016, 0.000843364803586, -0.00279933726415, 0.00127939356025, -0.0012577958405, -0.00189071451314, 0.00187993817963], [-0.000150027233758, 0.000568285351619, -0.000439771189122, -0.00197723507881, -0.0030574449338, 0.0102026676759, -0.00268317898735, -0.0014852527529, 0.00146922748536, -0.00238944683224, 0.000539249856956, -0.000192326013348, 3.21364423144e-05], [-0.000277848710539, -0.00110792682972, 0.000115387410915, 0.000629119749647, -0.00293498300016, -0.00268317898735, 0.0153230167925, -0.00534398527816, -0.00354907056317, 0.00220531108789, -0.00323836575262, 0.00309813255444, -0.00251176347956], [-0.000230556513998, 0.00173749157693, 0.000475719367387, -0.0019490798004, 0.000843364803586, -0.0014852527529, -0.00534398527816, 0.0175596047193, -0.00605428032577, -0.00320743210614, 0.000774772255681, -0.00229387800209, -0.000673170492519], [0.000608135014772, -0.00109576038085, 0.000858012295794, -0.000737564696465, -0.00279933726415, 0.00146922748536, -0.00354907056317, -0.00605428032577, 0.022957213223, -0.00758743844926, -0.00194767303765, 0.00169051357079, -0.00174950412475], [-0.000656906457152, 0.00100360426586, -0.00184878637083, 0.00205161771737, 0.00127939356025, -0.00238944683224, 0.00220531108789, -0.00320743210614, -0.00758743844926, 0.0226704124361, -0.0090670036152, -0.00114891701378, -0.00330667127855], [0.000730842060875, -0.00120236945804, 0.0030015190132, -0.00340942572802, -0.0012577958405, 0.000539249856956, -0.00323836575262, 0.000774772255681, -0.00194767303765, -0.0090670036152, 0.0274773407727, -0.0119541129097, 0.00305678299628], [-0.000596056983341, 0.00243792240508, -0.00208743312396, 0.00262169982307, -0.00189071451314, -0.000192326013348, 0.00309813255444, -0.00229387800209, 0.00169051357079, -0.00114891701378, -0.0119541129097, 0.0290094930679, -0.013165676035], [0.000413868168835, -0.00241319579072, 0.0016196455108, -0.000761017086916, 0.00187993817963, 3.21364423144e-05, -0.00251176347956, -0.000673170492519, -0.00174950412475, -0.00330667127855, 0.00305678299628, -0.013165676035, 0.0236126147211]]
    },
    "melbands": {
        "dmean": [0.00175589136779, 0.00170542276464, 0.000871547439601, 0.000213761653868, 0.000132547414978, 9.20350430533e-05, 8.36658509797e-05, 6.36784898234e-05, 6.1520615418e-05, 6.95507478667e-05, 4.36415975855e-05, 6.20012287982e-05, 5.66652270209e-05, 4.5652694098e-05, 5.86684509472e-05, 4.13093148381e-05, 2.69513184321e-05, 2.45346946031e-05, 3.30072325596e-05, 3.18168058584e-05, 1.9517767214e-05, 2.06054373848e-05, 2.32522215811e-05, 2.02388218895e-05, 2.28329899983e-05, 1.67862181115e-05, 1.57480171765e-05, 1.28754563775e-05, 9.72002635535e-06, 9.2754535217e-06, 8.2929382188e-06, 7.13279086995e-06, 6.37948505755e-06, 6.25254097031e-06, 4.79922300656e-06, 4.65162020191e-06, 4.02604700867e-06, 3.03420029013e-06, 2.65617813966e-06, 1.86926411061e-06],
        "dmean2": [0.00214801682159, 0.00261026015505, 0.00154740246944, 0.000373243528884, 0.000223376293434, 0.000143897748785, 0.000132938788738, 0.000100638484582, 0.000104444086901, 0.000114611189929, 7.00273085386e-05, 9.90434346022e-05, 9.03853942873e-05, 7.27442529751e-05, 9.61628174991e-05, 6.6957945819e-05, 4.37074959336e-05, 3.98235752073e-05, 5.4344178352e-05, 5.17577391292e-05, 3.24372704199e-05, 3.40238148056e-05, 3.82738508051e-05, 3.32296003762e-05, 3.87055151805e-05, 2.75071088254e-05, 2.61034292635e-05, 2.22068319999e-05, 1.64404882526e-05, 1.57478862093e-05, 1.38369805427e-05, 1.17501622299e-05, 1.02939266071e-05, 1.05836807052e-05, 7.8850735008e-06, 7.68404424889e-06, 6.63492710373e-06, 4.95286531077e-06, 4.29009378422e-06, 2.87209309136e-06],
        "dvar": [1.54268072947e-05, 2.85492333205e-05, 1.0252489119e-05, 3.09093280748e-07, 5.17765919028e-08, 1.62164006667e-08, 1.82233428347e-08, 8.2170013016e-09, 1.4589253361e-08, 1.69761005253e-08, 7.49735029615e-09, 1.48380614462e-08, 7.9367641348e-09, 4.71985650563e-09, 1.31536914694e-08, 4.61978855171e-09, 2.00126359928e-09, 2.05743955206e-09, 4.38261560376e-09, 2.4526778386e-09, 8.98101260027e-10, 9.66727919938e-10, 1.6477927911e-09, 1.22266297087e-09, 1.88137994073e-09, 7.08496261659e-10, 7.90069343282e-10, 6.14142292577e-10, 3.59822505125e-10, 2.94675062129e-10, 2.23082149975e-10, 1.03764136172e-10, 9.67007585118e-11, 1.25571830711e-10, 6.03575661673e-11, 6.79822448335e-11, 5.29146865214e-11, 2.66083197142e-11, 2.52414478208e-11, 1.52928190944e-11],
        "dvar2": [2.2839740268e-05, 6.58470380586e-05, 2.87076418317e-05, 9.02236763523e-07, 1.46447121097e-07, 4.08118410178e-08, 4.37137508413e-08, 2.01595220517e-08, 3.98304145222e-08, 4.02545694556e-08, 1.75930860991e-08, 3.56643674593e-08, 1.91910594083e-08, 1.12341798086e-08, 3.33697940391e-08, 1.18112986058e-08, 5.23365351057e-09, 5.20289056283e-09, 1.16211875678e-08, 6.04557692796e-09, 2.22534657368e-09, 2.38794939378e-09, 3.97508204131e-09, 3.31995519964e-09, 5.19164711221e-09, 1.7586808676e-09, 1.88518178845e-09, 1.69168568043e-09, 9.61104418273e-10, 7.98757948672e-10, 5.85787418572e-10, 2.59081645027e-10, 2.35911540303e-10, 3.37158995167e-10, 1.59388252596e-10, 1.80900724955e-10, 1.39771139107e-10, 6.89356835504e-11, 6.19324869167e-11, 3.53829916755e-11],
        "max": [0.0358004905283, 0.0424995273352, 0.023749621585, 0.00457545230165, 0.003461020533, 0.00219422392547, 0.00404528575018, 0.00190420832951, 0.0021460861899, 0.00433598551899, 0.00286578363739, 0.0034394741524, 0.00191778608132, 0.00147022551391, 0.00266370037571, 0.00179958099034, 0.00135504920036, 0.00147041736636, 0.00219433405437, 0.00123619358055, 0.000586641137488, 0.000548089272343, 0.00080081273336, 0.000605812994763, 0.000877615646459, 0.000447419210104, 0.000814642349724, 0.0003054390545, 0.000497079454362, 0.000239467161009, 0.000204224736081, 0.000183072959771, 0.000159986229846, 9.90338376141e-05, 9.50020184973e-05, 8.0604753748e-05, 7.19894451322e-05, 5.58086321689e-05, 5.37260493729e-05, 4.79952723254e-05],
        "mean": [0.00389695237391, 0.00218106247485, 0.000869297713507, 0.000323623418808, 0.000245757779339, 0.000171942083398, 0.000152784385136, 0.000111492707219, 8.16745960037e-05, 9.84944781521e-05, 7.196819206e-05, 9.41198668443e-05, 9.37142904149e-05, 7.45173747418e-05, 8.73934623087e-05, 6.04728629696e-05, 4.34260255133e-05, 3.99917298637e-05, 4.72918000014e-05, 4.46582853328e-05, 2.910035073e-05, 3.43644969689e-05, 3.85206221836e-05, 3.4212389437e-05, 3.11374606099e-05, 2.52427180385e-05, 2.38145385083e-05, 1.77689125849e-05, 1.52146121764e-05, 1.34700749186e-05, 1.24334201246e-05, 1.15524226203e-05, 9.8209202406e-06, 9.2754862635e-06, 7.69389771449e-06, 7.24417031961e-06, 6.057459359e-06, 4.8488691391e-06, 4.03212607125e-06, 2.97666838378e-06],
        "median": [0.000624229200184, 0.000572663440835, 0.000273908954114, 0.000178613598109, 0.000139594194479, 0.000110822213173, 8.53332821862e-05, 6.90751694492e-05, 3.99189775635e-05, 4.97354412801e-05, 4.12037297792e-05, 4.153799091e-05, 4.91458304168e-05, 4.04210804845e-05, 3.32449344569e-05, 3.41499981005e-05, 2.5860432288e-05, 2.28896533372e-05, 2.5382872991e-05, 2.45382052526e-05, 1.76041648956e-05, 1.89259626495e-05, 1.78611899173e-05, 1.85526587302e-05, 1.63065669767e-05, 1.43499428304e-05, 1.22651026686e-05, 9.48984325078e-06, 8.71881729836e-06, 7.77372315497e-06, 7.0850164775e-06, 6.83534699419e-06, 5.67094593862e-06, 4.91164973937e-06, 4.25757980338e-06, 3.64503080164e-06, 3.1725471672e-06, 2.74355602414e-06, 2.18865466195e-06, 1.5624881371e-06],
        "min": [3.46739117168e-24, 2.68548821685e-24, 1.22597772582e-23, 1.78946138596e-23, 4.01979094167e-23, 7.02029092117e-24, 1.66692746378e-23, 1.51688327971e-23, 1.70866214997e-23, 6.59145153917e-24, 2.55866344355e-24, 9.20166960667e-24, 2.15633511277e-24, 8.41748822434e-24, 2.56363938093e-23, 1.43638491527e-23, 6.36536913133e-24, 4.07990222153e-24, 7.46222342205e-24, 1.08738101789e-23, 6.77925447158e-24, 5.20393908133e-24, 1.213346485e-23, 1.01209079203e-23, 6.83054147447e-24, 9.27736633255e-24, 1.81314725019e-23, 1.15512815577e-23, 6.29297299947e-24, 1.07095291065e-23, 7.18440791048e-24, 9.18098725146e-24, 1.01285993141e-23, 7.13045219114e-24, 6.86966187562e-24, 1.25306926034e-23, 1.10591625149e-23, 9.50584569426e-24, 1.42520533629e-23, 1.04037153437e-23],
        "var": [5.51253615413e-05, 3.10365430778e-05, 6.31669036011e-06, 2.33504010794e-07, 8.64449489768e-08, 3.51090783113e-08, 4.84466191608e-08, 1.76701036025e-08, 1.48633185759e-08, 3.39387078441e-08, 1.25209496105e-08, 2.98142524002e-08, 1.76326100387e-08, 9.86067050235e-09, 2.31379502225e-08, 7.46039852118e-09, 3.56958618219e-09, 4.25933466275e-09, 6.48368203571e-09, 3.47521167399e-09, 1.37542266465e-09, 2.18157047982e-09, 4.32111457727e-09, 2.44992004461e-09, 2.29997154655e-09, 1.05100639303e-09, 1.62229840672e-09, 6.15481610122e-10, 4.65291000173e-10, 3.13088277526e-10, 2.5971880202e-10, 1.80386372506e-10, 1.40913281044e-10, 1.40665035175e-10, 8.51582415695e-11, 8.73930788847e-11, 6.26065518872e-11, 3.53972580414e-11, 3.14897344311e-11, 2.06787538481e-11]
    },
    "mfcc": {
        "mean": [-610.894714355, 71.4770202637, -6.46556091309, 17.4792976379, 1.21147310734, 7.10128355026, 1.13961911201, 4.55534744263, -2.94791460037, -0.564455211163, -0.709652841091, 1.10146570206, 0.227823391557],
        "cov": [[6874.08251953, -364.412445068, 629.761291504, -90.1968688965, -30.5641517639, 75.1468200684, 67.4813766479, -57.6945877075, -44.2060127258, 17.4679908752, -109.683197021, -94.6364746094, 12.6638374329], [-364.412445068, 1598.0213623, 302.259277344, 381.0340271, 111.07963562, 233.377426147, 88.735168457, 65.0173034668, 100.380775452, 100.411804199, 12.2668352127, -21.3692207336, -22.1793842316], [629.761291504, 302.259277344, 928.844299316, 334.274505615, 347.957458496, 312.243225098, 202.332077026, 124.494850159, 120.635383606, 106.455886841, 63.8574104309, 64.9280014038, 24.3183498383], [-90.1968688965, 381.0340271, 334.274505615, 361.652160645, 237.62322998, 206.792175293, 158.601013184, 131.43901062, 117.867050171, 105.630981445, 95.6476287842, 74.5567550659, 46.3425178528], [-30.5641517639, 111.07963562, 347.957458496, 237.62322998, 357.379943848, 248.893844604, 195.207214355, 156.974456787, 134.176513672, 107.656272888, 124.276145935, 111.838905334, 67.1324615479], [75.1468200684, 233.377426147, 312.243225098, 206.792175293, 248.893844604, 282.493133545, 184.767364502, 135.653121948, 123.150741577, 105.42804718, 95.4265365601, 85.6391143799, 62.0068893433], [67.4813766479, 88.735168457, 202.332077026, 158.601013184, 195.207214355, 184.767364502, 205.719543457, 138.206085205, 116.232658386, 97.516166687, 98.5609741211, 88.2818603516, 69.1274490356], [-57.6945877075, 65.0173034668, 124.494850159, 131.43901062, 156.974456787, 135.653121948, 138.206085205, 160.070770264, 108.25415802, 82.3693008423, 90.3128738403, 78.9236221313, 54.6333656311], [-44.2060127258, 100.380775452, 120.635383606, 117.867050171, 134.176513672, 123.150741577, 116.232658386, 108.25415802, 142.194061279, 99.8607254028, 78.5116729736, 60.5231208801, 65.1585464478], [17.4679908752, 100.411804199, 106.455886841, 105.630981445, 107.656272888, 105.42804718, 97.516166687, 82.3693008423, 99.8607254028, 122.011932373, 81.5179824829, 54.5198364258, 52.3668823242], [-109.683197021, 12.2668352127, 63.8574104309, 95.6476287842, 124.276145935, 95.4265365601, 98.5609741211, 90.3128738403, 78.5116729736, 81.5179824829, 127.293434143, 89.6719665527, 57.0307769775], [-94.6364746094, -21.3692207336, 64.9280014038, 74.5567550659, 111.838905334, 85.6391143799, 88.2818603516, 78.9236221313, 60.5231208801, 54.5198364258, 89.6719665527, 115.390357971, 55.16040802], [12.6638374329, -22.1793842316, 24.3183498383, 46.3425178528, 67.1324615479, 62.0068893433, 69.1274490356, 54.6333656311, 65.1585464478, 52.3668823242, 57.0307769775, 55.16040802, 108.827140808]],
