{
"lowlevel": {
    "average_loudness": 0.835932314396,
    "barkbands_crest": {
        "dmean": 2.91408061981,
        "dmean2": 4.51696157455,
        "dvar": 10.1124200821,
        "dvar2": 22.1211051941,
        "max": 26.6120529175,
        "mean": 13.9183511734,
        "median": 13.1655263901,
        "min": 1.93065416813,
        "var": 51.7499504089
    },
    "barkbands_flatness_db": {
        "dmean": 0.0297046173364,
        "dmean2": 0.0448930971324,
        "dvar": 0.000975477334578,
        "dvar2": 0.00212194840424,
        "max": 0.787800431252,
        "mean": 0.130266025662,
        "median": 0.120610766113,
        "min": 0.0113912438974,
        "var": 0.00486679049209
    },
    "barkbands_kurtosis": {
        "dmean": 7.44418525696,
        "dmean2": 11.7549085617,
        "dvar": 1132.02954102,
        "dvar2": 2465.18334961,
        "max": 1980.89038086,
        "mean": 10.2433233261,
        "median": 2.41491699219,
        "min": -1.91625356674,
        "var": 1932.07617188
    },
    "barkbands_skewness": {
        "dmean": 0.85499638319,
        "dmean2": 1.30811786652,
        "dvar": 1.3655705452,
        "dvar2": 3.05207562447,
        "max": 27.8721809387,
        "mean": 2.09470462799,
        "median": 1.79912149906,
        "min": -3.93512511253,
        "var": 5.26090240479
    },
    "barkbands_spread": {
        "dmean": 9.6398973465,
        "dmean2": 15.4300556183,
        "dvar": 118.304908752,
        "dvar2": 283.842895508,
        "max": 116.111488342,
        "mean": 30.7286949158,
        "median": 28.1460342407,
        "min": 0.0235790871084,
        "var": 331.044799805
    },
    "dissonance": {
        "dmean": 0.012452702038,
        "dmean2": 0.0212960075587,
        "dvar": 0.000158504364663,
        "dvar2": 0.000445471639978,
        "max": 0.5,
        "mean": 0.479314476252,
        "median": 0.484005987644,
        "min": 0.316906511784,
        "var": 0.000323036598274
    },
    "dynamic_complexity": 2.02582168579,
    "erbbands_crest": {
        "dmean": 2.59418320656,
        "dmean2": 4.35378026962,
        "dvar": 7.18667554855,
        "dvar2": 18.800245285,
        "max": 30.6150722504,
        "mean": 7.24141454697,
        "median": 6.25941848755,
        "min": 2.16152977943,
        "var": 13.233956337
    },
    "erbbands_flatness_db": {
        "dmean": 0.0156400445849,
        "dmean2": 0.024152835831,
        "dvar": 0.000237744607148,
        "dvar2": 0.000518294866197,
        "max": 0.461022675037,
        "mean": 0.117863491178,
        "median": 0.107877336442,
        "min": 0.0367874577641,
        "var": 0.00168295565527
    },
    "erbbands_kurtosis": {
        "dmean": 0.852474749088,
        "dmean2": 1.392146945,
        "dvar": 15.7587957382,
        "dvar2": 27.7409820557,
        "max": 328.883911133,
        "mean": 0.30581009388,
        "median": -0.23240852356,
        "min": -1.88682353497,
        "var": 66.1885147095
    },
    "erbbands_skewness": {
        "dmean": 0.358349710703,
        "dmean2": 0.56215763092,
        "dvar": 0.14727050066,
        "dvar2": 0.323268264532,
        "max": 14.1210403442,
        "mean": -0.180097028613,
        "median": -0.222524687648,
        "min": -4.43022251129,
        "var": 0.542778551579
    },
    "erbbands_spread": {
        "dmean": 9.94867420197,
        "dmean2": 15.8220214844,
        "dvar": 110.473457336,
        "dvar2": 260.368499756,
        "max": 187.269607544,
        "mean": 48.4491195679,
        "median": 45.4026985168,
        "min": 0.605902671814,
        "var": 411.340087891
    },
    "hfc": {
        "dmean": 13.0488262177,
        "dmean2": 21.1152553558,
        "dvar": 376.77166748,
        "dvar2": 932.717102051,
        "max": 246.63130188,
        "mean": 35.4396095276,
        "median": 29.1779212952,
        "min": 1.08830525302e-16,
        "var": 729.955383301
    },
    "melbands_crest": {
        "dmean": 3.90973043442,
        "dmean2": 5.97744989395,
        "dvar": 17.9994449615,
        "dvar2": 40.9707946777,
        "max": 38.4190292358,
        "mean": 20.3540763855,
        "median": 21.4476985931,
        "min": 1.57675373554,
        "var": 80.5428619385
    },
    "melbands_flatness_db": {
        "dmean": 0.0363110266626,
        "dmean2": 0.0535638295114,
        "dvar": 0.00145351758692,
        "dvar2": 0.00310417730361,
        "max": 0.948213994503,
        "mean": 0.191998004913,
        "median": 0.191663891077,
        "min": 0.00341354752891,
        "var": 0.00949494726956
    },
    "melbands_kurtosis": {
        "dmean": 21.535823822,
        "dmean2": 34.5687332153,
        "dvar": 2919.38378906,
        "dvar2": 7051.92822266,
        "max": 1679.79467773,
        "mean": 37.8601112366,
        "median": 16.0478229523,
        "min": -1.76480913162,
        "var": 6149.35400391
    },
    "melbands_skewness": {
        "dmean": 1.3354088068,
        "dmean2": 2.04160308838,
        "dvar": 2.94992256165,
        "dvar2": 6.83803987503,
        "max": 31.9872512817,
        "mean": 4.27914190292,
        "median": 3.7226319313,
        "min": -2.52897429466,
        "var": 11.9299936295
    },
    "melbands_spread": {
        "dmean": 11.1185159683,
        "dmean2": 17.2293968201,
        "dvar": 216.233734131,
        "dvar2": 483.749176025,
        "max": 245.173782349,
        "mean": 30.7285404205,
        "median": 20.4135112762,
        "min": 0.125408321619,
        "var": 852.045654297
    },
    "pitch_salience": {
        "dmean": 0.0899290367961,
        "dmean2": 0.136975675821,
        "dvar": 0.00814755167812,
        "dvar2": 0.0177938342094,
        "max": 0.938577890396,
        "mean": 0.425848037004,
        "median": 0.40504822135,
        "min": 0.0123943313956,
        "var": 0.0415781848133
    },
    "silence_rate_20dB": {
        "dmean": 0,
        "dmean2": 0,
        "dvar": 0,
        "dvar2": 0,
        "max": 1,
        "mean": 1,
        "median": 1,
        "min": 1,
        "var": 0
    },
    "silence_rate_30dB": {
        "dmean": 0.0687450021505,
        "dmean2": 0.137503743172,
        "dvar": 0.0640164762735,
        "dvar2": 0.145185500383,
        "max": 1,
        "mean": 0.882905364037,
        "median": 1,
        "min": 0,
        "var": 0.103390052915
    },
    "silence_rate_60dB": {
        "dmean": 0.0149880098179,
        "dmean2": 0.0299790147692,
        "dvar": 0.0147635871544,
        "dvar2": 0.0358764193952,
        "max": 1,
        "mean": 0.019982015714,
        "median": 0,
        "min": 0,
        "var": 0.0195832401514
    },
    "spectral_centroid": {
        "dmean": 341.089111328,
        "dmean2": 533.257873535,
        "dvar": 146207.3125,
        "dvar2": 308225.5,
        "max": 11563.2792969,
        "mean": 2181.06591797,
        "median": 2187.64428711,
        "min": 55.2234840393,
        "var": 778922.3125
    },
    "spectral_complexity": {
        "dmean": 5.85131883621,
        "dmean2": 9.13900279999,
        "dvar": 41.5444755554,
        "dvar2": 90.2021179199,
        "max": 64,
        "mean": 23.2442798615,
        "median": 22,
        "min": 0,
        "var": 146.336257935
    },
    "spectral_decrease": {
        "dmean": 4.14735534804e-09,
        "dmean2": 6.48215037202e-09,
        "dvar": 3.87673943592e-17,
        "dvar2": 9.77621538745e-17,
        "max": 1.10657073479e-28,
        "mean": -1.25634178616e-08,
        "median": -1.13640368227e-08,
        "min": -6.57357759337e-08,
        "var": 1.16344819275e-16
    },
    "spectral_energy": {
        "dmean": 0.0161341652274,
        "dmean2": 0.0252952799201,
        "dvar": 0.000556964310817,
        "dvar2": 0.0013984751422,
        "max": 0.249831974506,
        "mean": 0.0506316125393,
        "median": 0.0466633327305,
        "min": 1.02713294639e-20,
        "var": 0.00167555478401
    },
    "spectral_energyband_high": {
        "dmean": 0.00123517133761,
        "dmean2": 0.00203053327277,
        "dvar": 3.74316937268e-06,
        "dvar2": 9.51947095018e-06,
        "max": 0.024730630219,
        "mean": 0.00271226768382,
        "median": 0.00189929059707,
        "min": 7.36451177818e-21,
        "var": 7.49828313928e-06
    },
    "spectral_energyband_low": {
        "dmean": 0.0138664515689,
        "dmean2": 0.0211242679507,
        "dvar": 0.000534125952981,
        "dvar2": 0.00133235182147,
        "max": 0.247946470976,
        "mean": 0.0355703048408,
        "median": 0.0269553530961,
        "min": 2.34994863684e-23,
        "var": 0.00164356129244
    },
    "spectral_energyband_middle_high": {
        "dmean": 0.00226511945948,
        "dmean2": 0.00367843429558,
        "dvar": 1.03552583823e-05,
        "dvar2": 2.58177642536e-05,
        "max": 0.0434815920889,
        "mean": 0.00563222868368,
        "median": 0.00457432866096,
        "min": 1.19285179664e-21,
        "var": 2.28037788474e-05
    },
    "spectral_energyband_middle_low": {
        "dmean": 0.00495535135269,
        "dmean2": 0.00761174038053,
        "dvar": 0.000188480611541,
        "dvar2": 0.000416899332777,
        "max": 0.166143596172,
        "mean": 0.00690989894792,
        "median": 0.00323359714821,
        "min": 2.02826741023e-22,
        "var": 0.000205976117286
    },
    "spectral_entropy": {
        "dmean": 0.141235619783,
        "dmean2": 0.216336086392,
        "dvar": 0.0260411389172,
        "dvar2": 0.0569635629654,
        "max": 9.81074619293,
        "mean": 8.0564031601,
        "median": 8.12633800507,
        "min": 2.95817422867,
        "var": 0.148673012853
    },
    "spectral_flux": {
        "dmean": 0.0322643741965,
        "dmean2": 0.0502660274506,
        "dvar": 0.00157151115127,
        "dvar2": 0.00339881214313,
        "max": 0.423465430737,
        "mean": 0.105211608112,
        "median": 0.0882457345724,
        "min": 6.2639331222e-11,
        "var": 0.00361997052096
    },
    "spectral_kurtosis": {
        "dmean": 0.782755851746,
        "dmean2": 1.27945971489,
        "dvar": 7.02200365067,
        "dvar2": 18.5235176086,
        "max": 231.358230591,
        "mean": 2.84266591072,
        "median": 2.43549966812,
        "min": -1.26274907589,
        "var": 15.5800619125
    },
    "spectral_rms": {
        "dmean": 0.00106924341526,
        "dmean2": 0.0016285557067,
        "dvar": 1.63619915838e-06,
        "dvar2": 3.77442574973e-06,
        "max": 0.0156121272594,
        "mean": 0.00643142964691,
        "median": 0.00674723647535,
        "min": 3.16556611653e-12,
        "var": 8.03347120382e-06
    },
    "spectral_rolloff": {
        "dmean": 865.724121094,
        "dmean2": 1380.34204102,
        "dvar": 1606069.625,
        "dvar2": 3382874.5,
        "max": 19164.5507812,
        "mean": 2203.67211914,
        "median": 1076.66015625,
        "min": 43.06640625,
        "var": 7028184.5
    },
    "spectral_skewness": {
        "dmean": 0.133288890123,
        "dmean2": 0.213829472661,
        "dvar": 0.027262493968,
        "dvar2": 0.0632167309523,
        "max": 12.5173654556,
        "mean": 1.27265238762,
        "median": 1.2594845295,
        "min": -0.0465954057872,
        "var": 0.144934371114
    },
    "spectral_spread": {
        "dmean": 552314.6875,
        "dmean2": 852664.0625,
        "dvar": 527094317056,
        "dvar2": 1.13686688563e+12,
        "max": 44629016,
        "mean": 6017453.5,
        "median": 6046557.5,
        "min": 483949.3125,
        "var": 4.3464720384e+12
    },
    "spectral_strongpeak": {
        "dmean": 0.375358521938,
        "dmean2": 0.635240614414,
        "dvar": 0.485500901937,
        "dvar2": 1.26747834682,
        "max": 12.8942222595,
        "mean": 0.727804660797,
        "median": 0.550224065781,
        "min": 0,
        "var": 0.709915518761
    },
    "zerocrossingrate": {
        "dmean": 0.0165125224739,
        "dmean2": 0.0189965162426,
        "dvar": 0.00033606775105,
        "dvar2": 0.000406933017075,
        "max": 0.701171875,
        "mean": 0.085763387382,
        "median": 0.0673828125,
        "min": 0.00244140625,
        "var": 0.00436039175838
    },
    "barkbands": {
        "dmean": [0.00156966957729, 0.0126737300307, 0.00145033409353, 0.000797130225692, 0.00293029006571, 0.0014452271862, 0.000550308381207, 0.000463774631498, 0.000521509500686, 0.000450330087915, 0.000385759747587, 0.00044976931531, 0.000413399189711, 0.000395128678065, 0.000342183047906, 0.000352962175384, 0.000442555145128, 0.000262050540186, 0.000315322948154, 0.00027013750514, 0.000293852383038, 0.000276754144579, 0.000213955514482, 0.000233353159274, 0.000174447151949, 0.000112923546112, 3.61423117283e-05],
        "dmean2": [0.00236813211814, 0.0194122549146, 0.00227808882482, 0.00131336378399, 0.0047221542336, 0.00265140924603, 0.000941591046285, 0.000773485284299, 0.000856904429384, 0.000730634026695, 0.000632748589851, 0.000740800402127, 0.000688868865836, 0.000649867521133, 0.000569477793761, 0.000582019623835, 0.000745387864299, 0.000435693160398, 0.000532739097252, 0.000453982531326, 0.000497117755003, 0.000459441333078, 0.000348787696566, 0.00038502222742, 0.000290756172035, 0.000184107324458, 5.92637006775e-05],
        "dvar": [8.57113991515e-06, 0.000510204583406, 1.89115980902e-05, 5.41378722119e-06, 0.000115440401714, 3.95750212192e-05, 1.63744209658e-06, 7.76068588948e-07, 9.82131382443e-07, 8.1124181861e-07, 7.08943787231e-07, 9.29989255383e-07, 8.02613385531e-07, 4.71877768859e-07, 4.20174387727e-07, 3.92992916431e-07, 5.00906196521e-07, 2.28250641499e-07, 2.89977180046e-07, 1.71306879793e-07, 2.2390135257e-07, 2.08837690252e-07, 1.0706582998e-07, 1.33627935384e-07, 7.29421572032e-08, 4.09971470106e-08, 4.63098581704e-09],
        "dvar2": [2.1045547328e-05, 0.00120939768385, 4.66969177069e-05, 1.39965313792e-05, 0.000276258593658, 0.000114659727842, 4.42663986178e-06, 2.07102493732e-06, 2.47050843427e-06, 1.84408440873e-06, 1.79634093911e-06, 2.36814162236e-06, 2.0715658593e-06, 1.18681055028e-06, 1.07343544187e-06, 9.8169937246e-07, 1.32128900532e-06, 5.68274856505e-07, 7.79853394306e-07, 4.49582358897e-07, 5.86210774145e-07, 5.2515065363e-07, 2.75782554127e-07, 3.38321598292e-07, 1.88037603266e-07, 1.05654876847e-07, 1.1894666585e-08],
        "max": [0.0481200329959, 0.244240388274, 0.0701505988836, 0.0465041622519, 0.128239542246, 0.0841725319624, 0.0179979167879, 0.0140481730923, 0.0229209121317, 0.022160815075, 0.0211294721812, 0.0209855455905, 0.0181004591286, 0.0207316614687, 0.0136405937374, 0.0130875231698, 0.014018191956, 0.0163019131869, 0.0107991918921, 0.00766632892191, 0.00673159118742, 0.006133062765, 0.00545980688184, 0.0063789547421, 0.00298354867846, 0.00256982515566, 0.000914967793506],
        "mean": [0.00311916531064, 0.0305606294423, 0.00176499364898, 0.000794849009253, 0.00275718141347, 0.00114793691318, 0.000692872039508, 0.000616204983089, 0.000814002065454, 0.000614295538981, 0.000521167006809, 0.000604093191214, 0.000542693480384, 0.000535590865184, 0.000465092773084, 0.000533962796908, 0.000631138333119, 0.000444257166237, 0.000515383086167, 0.000490694248583, 0.000547141069546, 0.000483758951304, 0.000443385564722, 0.00042048751493, 0.000322055449942, 0.000198349807761, 5.02300717926e-05],
        "median": [0.000378030817956, 0.0167209357023, 0.000304107757984, 0.000133894121973, 0.000371544825612, 0.000263200170593, 0.000230393838137, 0.000253581034485, 0.000278386345599, 0.000204678726732, 0.000158103823196, 0.000252798490692, 0.000222681133891, 0.000253665872151, 0.000218323941226, 0.000313687429298, 0.000372498354409, 0.000248070282396, 0.000335493212333, 0.000338155805366, 0.000353810581146, 0.000298237078823, 0.000282573135337, 0.000258595391642, 0.000215041203774, 0.000131758511998, 2.3719656383e-05],
        "min": [7.59925881648e-25, 1.38660290121e-24, 4.22168024772e-24, 2.03325545662e-24, 1.19652197516e-23, 2.2068137699e-23, 9.80759840114e-24, 1.58360939492e-23, 2.54535705613e-23, 2.0060186928e-23, 1.75656241523e-23, 3.01451488234e-23, 3.42144814921e-23, 4.45841811536e-23, 4.58605644091e-23, 5.86533102943e-23, 7.29212102951e-23, 1.00172025302e-22, 2.07875299355e-22, 1.48720563826e-22, 2.51152915435e-22, 3.84573402097e-22, 3.92752362449e-22, 6.67119851359e-22, 9.55667550492e-22, 1.46434323753e-21, 1.94283541502e-21],
        "var": [3.46865999745e-05, 0.00148406298831, 2.62746143562e-05, 6.44136025585e-06, 0.000106013358163, 2.26440042752e-05, 1.69922054738e-06, 1.01631803773e-06, 2.38296615862e-06, 1.55788552547e-06, 1.1897384411e-06, 1.28476324335e-06, 1.05605465706e-06, 7.14730276741e-07, 5.54574796752e-07, 5.96049972046e-07, 7.17751333923e-07, 4.55281025324e-07, 4.09433340565e-07, 2.87446397351e-07, 3.77967353415e-07, 3.3286892176e-07, 2.56656193187e-07, 2.52631508602e-07, 1.30939014298e-07, 5.51487850942e-08, 5.89990545308e-09]
    },
    "erbbands": {
        "dmean": [0.521221578121, 2.44842433929, 1.93129146099, 2.32989239693, 4.57596158981, 13.6014595032, 14.3423366547, 9.62125587463, 8.21677303314, 7.79206418991, 11.185918808, 11.5084981918, 11.9123907089, 12.8593540192, 16.1909160614, 15.6110334396, 19.4613380432, 15.4390535355, 17.5377540588, 18.3980922699, 20.9851379395, 25.6263809204, 14.2045221329, 16.4970359802, 13.0671949387, 13.2780942917, 12.5578384399, 11.2448310852, 10.7189073563, 7.70862054825, 5.89880657196, 5.51228284836, 3.48459720612, 2.25703859329, 1.13022780418, 0.512042343616, 0.217384755611, 0.0559638664126, 0.00596887525171, 9.33820774662e-05],
        "dmean2": [0.765150845051, 3.70657491684, 2.97565340996, 3.69605135918, 7.59863948822, 22.3262348175, 25.6351985931, 17.637840271, 14.340839386, 12.9894266129, 18.4412269592, 18.9572582245, 19.6205558777, 20.8645877838, 26.8839569092, 25.6137142181, 32.0695381165, 25.740568161, 28.8200016022, 30.5474643707, 34.609703064, 43.1189002991, 23.581615448, 28.166223526, 21.6921749115, 22.434551239, 21.1533794403, 19.0223693848, 17.8989124298, 12.6862773895, 9.59386634827, 9.17420959473, 5.74891328812, 3.76511406898, 1.88351118565, 0.843531429768, 0.358983486891, 0.0898732841015, 0.00989964511245, 0.000151228159666],
        "dvar": [0.883719563484, 22.5519294739, 21.3244476318, 47.4724731445, 166.491882324, 3004.87304688, 4036.20263672, 1567.65930176, 492.134552002, 312.799255371, 421.204833984, 503.374359131, 523.225219727, 600.480285645, 1170.78369141, 987.408447266, 1736.6340332, 924.783752441, 996.664489746, 1036.0369873, 1522.34533691, 1740.0201416, 741.61126709, 887.609008789, 442.085327148, 442.529937744, 412.395721436, 299.546783447, 354.289459229, 138.284317017, 78.4521408081, 90.275642395, 25.9670028687, 11.8707923889, 3.27381181717, 0.701554596424, 0.180869981647, 0.010474239476, 0.00013948357082, 2.7602199637e-08],
        "dvar2": [2.23789310455, 51.4239768982, 50.4252319336, 115.439926147, 423.74319458, 7486.03173828, 11440.0273438, 4540.953125, 1379.98742676, 794.856384277, 1079.9017334, 1299.0579834, 1254.31018066, 1496.84631348, 3085.96801758, 2514.16943359, 4417.46289062, 2457.33789062, 2465.47314453, 2595.14916992, 3759.65551758, 4648.35595703, 1860.45251465, 2415.56518555, 1154.09057617, 1168.60595703, 1080.86730957, 772.545959473, 899.766052246, 352.622741699, 200.021484375, 239.434997559, 64.0033035278, 30.9827365875, 8.46185398102, 1.77928709984, 0.476653069258, 0.0263187009841, 0.000366016320186, 7.09341918537e-08],
        "max": [10.2566785812, 61.0633583069, 86.8395767212, 155.142532349, 142.561904907, 680.35925293, 865.407958984, 508.208557129, 347.72543335, 351.958557129, 367.606933594, 513.971679688, 522.274963379, 474.779266357, 663.41027832, 693.393615723, 931.269042969, 621.361877441, 892.825805664, 815.670715332, 841.229309082, 780.26348877, 947.978942871, 599.325012207, 495.443084717, 439.967559814, 358.223083496, 239.02557373, 265.099334717, 197.444076538, 139.489929199, 190.44392395, 65.4816970825, 46.4734916687, 20.8747215271, 12.5891666412, 4.84662294388, 1.3831692934, 0.212736710906, 0.00270001147874],
        "mean": [1.13156855106, 5.79463768005, 3.49503850937, 2.70620632172, 4.2395825386, 11.6569623947, 11.713508606, 7.99904298782, 9.41670703888, 10.6978597641, 17.2423744202, 17.2267990112, 16.8805656433, 18.8867855072, 22.2357501984, 22.7215957642, 26.9994468689, 21.396528244, 25.4305820465, 28.4248371124, 33.1948013306, 37.870880127, 24.9883041382, 26.859292984, 24.1306781769, 23.6408519745, 22.2007770538, 20.8665084839, 17.8908023834, 15.099190712, 12.0472421646, 9.63637161255, 6.29173278809, 4.06725740433, 2.05002474785, 0.921384632587, 0.355048120022, 0.0926040709019, 0.00790825579315, 0.000183738375199],
        "median": [0.600301861763, 1.67022323608, 1.08505141735, 0.574164867401, 0.740412771702, 1.22607326508, 2.02364969254, 2.31493377686, 3.2516503334, 3.8337430954, 7.25103521347, 6.41706132889, 6.79776525497, 8.23118972778, 8.61577701569, 10.926858902, 11.6409692764, 10.335067749, 13.7718610764, 15.7398357391, 19.5927371979, 22.6269798279, 14.8260269165, 16.8397521973, 16.0855197906, 16.0546302795, 14.8086900711, 13.1857795715, 10.9132928848, 9.66121959686, 7.60550546646, 5.53645896912, 4.11282444, 2.66314435005, 1.3532115221, 0.621342539787, 0.226948708296, 0.0545613281429, 0.00338930776343, 0.000138413917739],
        "min": [8.83581390486e-23, 4.14555417641e-22, 6.14085396607e-21, 3.99052889739e-21, 1.41602900332e-20, 3.90933926234e-20, 1.15761057444e-19, 1.61008379788e-19, 1.74138850961e-19, 1.80280356817e-19, 3.81996323726e-19, 7.21821222065e-19, 5.93361210309e-19, 7.78402547313e-19, 1.11684013452e-18, 1.26008444876e-18, 2.26314981913e-18, 2.28143464657e-18, 3.03774076988e-18, 3.7526988227e-18, 3.23196939515e-18, 5.63888279115e-18, 5.07823755634e-18, 9.63278044943e-18, 8.08512717771e-18, 7.47487550798e-18, 9.57687379337e-18, 9.22491257864e-18, 1.30364731601e-17, 1.30407248685e-17, 9.56334690882e-18, 1.27643720976e-17, 9.5481755892e-18, 8.79016630101e-18, 7.09569012492e-18, 4.84862421242e-18, 2.65153489816e-18, 1.13593570236e-18, 2.83162431843e-19, 2.99550114086e-20],
        "var": [2.4199244976, 60.1312637329, 41.6883392334, 59.3636360168, 150.821853638, 2502.125, 2619.21191406, 894.155578613, 408.725006104, 444.858123779, 927.364868164, 946.413208008, 904.499572754, 1004.4229126, 1584.96386719, 1419.89941406, 2400.55957031, 1198.01000977, 1465.68505859, 1690.62805176, 2353.13110352, 2531.28955078, 1543.25085449, 1129.56396484, 826.431335449, 701.651000977, 632.344360352, 548.035461426, 496.821166992, 299.448547363, 187.690811157, 148.411972046, 51.8936004639, 21.9298114777, 5.40900087357, 1.09178781509, 0.208418190479, 0.0145458532497, 0.000163716249517, 3.56039606686e-08]
    },
    "gfcc": {
        "mean": [37.0285606384, 28.3526954651, -105.041549683, 35.0459480286, -47.9953384399, 22.1843757629, -27.9955539703, 18.3901519775, -17.9889736176, 12.4224357605, -14.3637495041, 9.27490520477, -9.66512775421],
        "cov": [[7250.88085938, -293.750854492, 90.7562713623, 384.166442871, -66.0433883667, 374.131988525, -32.4294242859, 245.507064819, -11.0758638382, 125.901527405, -56.0480880737, 155.93901062, -40.8453598022], [-293.750854492, 2118.875, 530.15435791, 407.872344971, 497.865661621, 128.30279541, 247.550979614, 94.8786392212, 121.772315979, -22.3881473541, 54.7915344238, -74.3383331299, 100.130531311], [90.7562713623, 530.15435791, 1100.27636719, 581.9375, 407.889221191, 326.529144287, 216.598373413, 171.070098877, 135.321899414, 87.3458175659, 85.7686767578, 73.6678848267, 67.1746444702], [384.166442871, 407.872344971, 581.9375, 665.837158203, 414.847045898, 336.07635498, 188.910491943, 161.798934937, 117.819717407, 75.8753662109, 67.3410644531, 48.8077850342, 62.3603973389], [-66.0433883667, 497.865661621, 407.889221191, 414.847045898, 543.612182617, 308.432067871, 261.723236084, 161.169677734, 145.107620239, 80.276763916, 74.0551528931, 27.7061405182, 50.8934898376], [374.131988525, 128.30279541, 326.529144287, 336.07635498, 308.432067871, 400.641174316, 246.420959473, 182.405395508, 103.017318726, 92.8101425171, 62.3195953369, 46.3789710999, 25.7373638153], [-32.4294242859, 247.550979614, 216.598373413, 188.910491943, 261.723236084, 246.420959473, 307.718536377, 197.511260986, 136.941497803, 77.0718841553, 69.5632247925, 27.4695148468, 31.9248390198], [245.507064819, 94.8786392212, 171.070098877, 161.798934937, 161.169677734, 182.405395508, 197.511260986, 256.026824951, 167.291824341, 104.633705139, 48.8877182007, 38.8267974854, 25.8472137451], [-11.0758638382, 121.772315979, 135.321899414, 117.819717407, 145.107620239, 103.017318726, 136.941497803, 167.291824341, 200.685211182, 115.5129776, 67.1210632324, 23.4952602386, 32.8423309326], [125.901527405, -22.3881473541, 87.3458175659, 75.8753662109, 80.276763916, 92.8101425171, 77.0718841553, 104.633705139, 115.5129776, 157.439666748, 86.7262649536, 46.0842247009, 13.9950304031], [-56.0480880737, 54.7915344238, 85.7686767578, 67.3410644531, 74.0551528931, 62.3195953369, 69.5632247925, 48.8877182007, 67.1210632324, 86.7262649536, 128.501693726, 69.2825775146, 32.5946922302], [155.93901062, -74.3383331299, 73.6678848267, 48.8077850342, 27.7061405182, 46.3789710999, 27.4695148468, 38.8267974854, 23.4952602386, 46.0842247009, 69.2825775146, 111.623527527, 53.5353889465], [-40.8453598022, 100.130531311, 67.1746444702, 62.3603973389, 50.8934898376, 25.7373638153, 31.9248390198, 25.8472137451, 32.8423309326, 13.9950304031, 32.5946922302, 53.5353889465, 96.8505477905]],
        "icov": [[0.000189640748431, -6.50812216918e-05, 9.26017237362e-05, -0.000164555283845, 0.000197950634174, -0.00029660508153, 0.000263298745267, -0.000254935672274, 0.000120271855849, -0.000199338232051, 0.000404409423936, -0.00053343269974, 0.000291815726086], [-6.50812216918e-05, 0.000858631916344, -0.000276544655208, -6.78087963024e-05, -0.000721602526028, 0.000809620309155, -0.000473030697322, -0.000120324380987, 0.00024670624407, 0.000508656201418, -0.000989046064205, 0.00176991382614, -0.00113025424071], [9.26017237362e-05, -0.000276544655208, 0.0018724813126, -0.00140041823033, 0.000160346084158, -0.000357317272574, -6.85753984726e-05, 0.000181270181201, -0.000358578137821, -0.000125711754663, 0.000555405858904, -0.00139806931838, 0.000638497469481], [-0.000164555283845, -6.78087963024e-05, -0.00140041823033, 0.00499834213406, -0.00217878143303, -0.00223468104377, 0.00237607117742, -0.00112369109411, 6.15832832409e-05, 0.000864605535753, -0.00116840039846, 0.00123924307991, -0.00142849830445], [0.000197950634174, -0.000721602526028, 0.000160346084158, -0.00217878143303, 0.00616252049804, -0.00194983207621, -0.00241969921626, 0.00215749582276, -0.00218149577267, -0.000253022677498, 0.00111970887519, -0.00126107747201, 0.000719408446457], [-0.00029660508153, 0.000809620309155, -0.000357317272574, -0.00223468104377, -0.00194983207621, 0.00960183516145, -0.00533856730908, -0.00123347854242, 0.00340626435354, -0.00244347029366, 0.000386057770811, 0.000389050110243, 0.000139531854074], [0.000263298745267, -0.000473030697322, -6.85753984726e-05, 0.00237607117742, -0.00241969921626, -0.00533856730908, 0.0132595458999, -0.00694806966931, -0.000325910688844, 0.00322873238474, -0.00439521111548, 0.00212372164242, -0.000759274757002], [-0.000254935672274, -0.000120324380987, 0.000181270181201, -0.00112369109411, 0.00215749582276, -0.00123347854242, -0.00694806966931, 0.0163099449128, -0.00983736012131, -0.00195390288718, 0.00606600241736, -0.00530920550227, 0.0022577396594], [0.000120271855849, 0.00024670624407, -0.000358578137821, 6.15832832409e-05, -0.00218149577267, 0.00340626435354, -0.000325910688844, -0.00983736012131, 0.0186754874885, -0.00740656675771, -0.00324286869727, 0.00618575047702, -0.00461187120527], [-0.000199338232051, 0.000508656201418, -0.000125711754663, 0.000864605535753, -0.000253022677498, -0.00244347029366, 0.00322873238474, -0.00195390288718, -0.00740656675771, 0.0177067425102, -0.00903305970132, 0.000146983424202, 0.00207173638046], [0.000404409423936, -0.000989046064205, 0.000555405858904, -0.00116840039846, 0.00111970887519, 0.000386057770811, -0.00439521111548, 0.00606600241736, -0.00324286869727, -0.00903305970132, 0.0220331475139, -0.0132563775405, 0.0030165319331], [-0.00053343269974, 0.00176991382614, -0.00139806931838, 0.00123924307991, -0.00126107747201, 0.000389050110243, 0.00212372164242, -0.00530920550227, 0.00618575047702, 0.000146983424202, -0.0132563775405, 0.0255435910076, -0.0123839192092], [0.000291815726086, -0.00113025424071, 0.000638497469481, -0.00142849830445, 0.000719408446457, 0.000139531854074, -0.000759274757002, 0.0022577396594, -0.00461187120527, 0.00207173638046, 0.0030165319331, -0.0123839192092, 0.0184210408479]]
    },
    "melbands": {
        "dmean": [0.00400903914124, 0.00174572865944, 0.000386738131056, 0.000692664529197, 0.00050633715, 0.000228887976846, 0.000118746283988, 8.89764705789e-05, 9.69852117123e-05, 6.89622320351e-05, 6.32295050309e-05, 5.57064959139e-05, 5.63548092032e-05, 5.02571383549e-05, 4.9735277571e-05, 3.65125961252e-05, 3.02486423607e-05, 3.21014667861e-05, 2.83903427771e-05, 2.15156396735e-05, 2.67936284217e-05, 3.12398806273e-05, 1.57596477948e-05, 1.23701574921e-05, 1.47748723975e-05, 1.15819793791e-05, 9.64249829849e-06, 9.26550092117e-06, 8.21557568997e-06, 7.67818619352e-06, 6.63538821755e-06, 6.6260586209e-06, 5.40622750123e-06, 4.47059392172e-06, 3.60720514436e-06, 3.80286473955e-06, 3.42881185134e-06, 2.65898870566e-06, 2.11758447222e-06, 2.01016246137e-06],
        "dmean2": [0.00598643673584, 0.00256359367631, 0.000603322696406, 0.00114176096395, 0.00086740142433, 0.000418810173869, 0.000206413169508, 0.000147841623402, 0.000158880269737, 0.000114440539619, 0.000103785023384, 9.01757084648e-05, 9.22051840462e-05, 8.48532872624e-05, 7.98044129624e-05, 6.14354066784e-05, 5.04793570144e-05, 5.25574287167e-05, 4.72166248073e-05, 3.55246702384e-05, 4.43363605882e-05, 5.26531475771e-05, 2.63785223069e-05, 2.07339544431e-05, 2.54320511885e-05, 1.94243511942e-05, 1.61862280947e-05, 1.57405775099e-05, 1.38271670949e-05, 1.31629576572e-05, 1.11928247861e-05, 1.113482449e-05, 9.01296334632e-06, 7.35520916351e-06, 5.91579510001e-06, 6.41551196168e-06, 5.74205660087e-06, 4.41955262431e-06, 3.48763273905e-06, 3.39675193572e-06],
        "dvar": [4.87210309075e-05, 1.15687471407e-05, 1.04924083644e-06, 6.93565880283e-06, 4.50078050562e-06, 8.93033302418e-07, 9.70195586092e-08, 3.56279201696e-08, 3.30668932236e-08, 1.75644636613e-08, 1.50016141731e-08, 1.11543458914e-08, 1.48056678029e-08, 1.46038949822e-08, 1.02402557545e-08, 7.24713355993e-09, 3.49896933649e-09, 3.55848195355e-09, 2.97028623919e-09, 1.2938653482e-09, 2.78274181476e-09, 2.91028912081e-09, 6.6146260691e-10, 5.98014970876e-10, 7.38594518879e-10, 3.23753995835e-10, 2.36838937351e-10, 2.19163576176e-10, 1.74321945767e-10, 1.86163598426e-10, 9.93504029045e-11, 1.39292258283e-10, 7.35891139692e-11, 4.98824558048e-11, 2.98115941655e-11, 3.9251744216e-11, 3.6101434342e-11, 1.56601537293e-11, 9.61958117329e-12, 1.0589432109e-11],
        "dvar2": [0.000118718642625, 2.70841228485e-05, 2.44054194809e-06, 1.74384258571e-05, 1.22154851852e-05, 2.58668342212e-06, 2.711147431e-07, 9.23520602214e-08, 8.2213894359e-08, 4.58557209981e-08, 3.5306221946e-08, 2.70950781811e-08, 3.76268829427e-08, 3.88658492056e-08, 2.4539312804e-08, 1.86837514349e-08, 9.27348864366e-09, 8.57954507438e-09, 7.5613924011e-09, 3.26223092983e-09, 6.94400403844e-09, 7.73470265614e-09, 1.67602287604e-09, 1.49588696985e-09, 2.03115391173e-09, 8.57171833513e-10, 6.15069162269e-10, 5.80046011223e-10, 4.58506982381e-10, 5.03308950073e-10, 2.53919357762e-10, 3.55810769737e-10, 1.85081269755e-10, 1.30088967376e-10, 7.66337271418e-11, 1.04171393733e-10, 9.76159361676e-11, 3.94010102323e-11, 2.39981472194e-11, 2.89767775746e-11],
        "max": [0.0710082501173, 0.0499456338584, 0.0219945069402, 0.0333219654858, 0.0284429825842, 0.0119991730899, 0.00471047405154, 0.00359193468466, 0.00401091668755, 0.00300335418433, 0.00292810751125, 0.00195997697301, 0.00300348154269, 0.00285661965609, 0.00256675621495, 0.00219001318328, 0.00128706905525, 0.00204467726871, 0.00113042129669, 0.000912895251531, 0.000991477631032, 0.000954423216172, 0.000693106034305, 0.000993508496322, 0.000492530001793, 0.000406907289289, 0.000358098739525, 0.00032412368455, 0.000308532675263, 0.000255253456999, 0.000129126114189, 0.000169213453773, 0.000132542612846, 0.000120816919662, 8.80616353243e-05, 9.75336006377e-05, 0.000137997034471, 5.30439538124e-05, 4.03176127293e-05, 4.70778686577e-05],
        "mean": [0.00954861100763, 0.00390439922921, 0.000465904216981, 0.000596434168983, 0.000436845526565, 0.000192277584574, 0.000137343755341, 0.000119974210975, 0.000154962195666, 9.97989191092e-05, 8.72425953276e-05, 8.05514937383e-05, 7.72113926359e-05, 6.31734728813e-05, 7.0154259447e-05, 4.63045253127e-05, 4.02598634537e-05, 4.36012996943e-05, 3.81934078177e-05, 3.39137877745e-05, 3.87187792512e-05, 4.2531053623e-05, 2.46887848334e-05, 2.03171512112e-05, 2.2070349587e-05, 1.91933067981e-05, 1.6599542505e-05, 1.51453787112e-05, 1.36813669087e-05, 1.30244143293e-05, 1.15513175842e-05, 1.02903004517e-05, 8.88879458216e-06, 8.41138262331e-06, 7.02721217749e-06, 6.56667907606e-06, 5.5504087868e-06, 4.53140182799e-06, 3.67291772818e-06, 3.41861050401e-06],
        "median": [0.00590065633878, 0.00120033614803, 9.37562581385e-05, 7.02983743395e-05, 7.39739480196e-05, 5.56991217309e-05, 4.89484846184e-05, 4.2308744014e-05, 6.02233012614e-05, 3.65476116713e-05, 3.20626750181e-05, 3.35580443789e-05, 2.5952280339e-05, 2.37733347603e-05, 3.01724485325e-05, 1.95255761355e-05, 1.83636293514e-05, 1.96862456505e-05, 1.69158884091e-05, 2.00097110792e-05, 2.01758466574e-05, 2.26983756875e-05, 1.50004552779e-05, 1.14303593364e-05, 1.32748091346e-05, 1.26658924273e-05, 1.07099367597e-05, 9.95053324004e-06, 9.06744389795e-06, 8.02428894531e-06, 7.08760762791e-06, 5.99371833232e-06, 5.39769462193e-06, 5.211689313e-06, 4.39046243628e-06, 3.7203139982e-06, 3.13330451718e-06, 2.84866155198e-06, 2.47631578532e-06, 2.06976005757e-06],
        "min": [8.99573391749e-25, 3.8275203744e-24, 1.11180803665e-24, 2.93051768313e-24, 3.99386944564e-24, 4.02623443643e-24, 2.57047348016e-24, 1.82524782427e-24, 1.47571203742e-24, 4.00354798009e-24, 2.69453901523e-24, 3.35227861623e-24, 3.44655380529e-24, 3.88792424278e-24, 3.00766788523e-24, 3.56515864796e-24, 3.83307001087e-24, 3.29256874824e-24, 3.8246915192e-24, 3.57381402982e-24, 3.67508168194e-24, 4.54530372877e-24, 3.51039395177e-24, 3.91599191379e-24, 7.6509749597e-24, 6.7383851658e-24, 5.17196181568e-24, 4.76818770007e-24, 3.60395956045e-24, 6.1610143194e-24, 4.77984469767e-24, 6.70684335137e-24, 6.07668311648e-24, 6.57534142176e-24, 4.99486017587e-24, 7.47162585518e-24, 7.32069309818e-24, 5.65264237536e-24, 6.84541386912e-24, 7.03108174949e-24],
        "var": [0.000143925964949, 2.85756013909e-05, 1.49197887822e-06, 5.6798589867e-06, 3.29961540046e-06, 5.10075039983e-07, 8.00692063763e-08, 4.86217643925e-08, 9.25996417322e-08, 3.05159204572e-08, 2.71046509681e-08, 1.94430036515e-08, 2.37894468569e-08, 1.71820495609e-08, 1.700884944e-08, 8.38325853181e-09, 4.63908467196e-09, 5.46398970513e-09, 3.89625842701e-09, 2.17585083284e-09, 3.98026456239e-09, 3.94269017434e-09, 1.22803711644e-09, 1.02843666916e-09, 8.48700387746e-10, 5.28850074843e-10, 4.11222639274e-10, 3.15811321538e-10, 2.49701231914e-10, 2.67204841586e-10, 1.76828010567e-10, 1.80730416743e-10, 1.20092505385e-10, 1.02407783642e-10, 6.68058108833e-11, 6.86038656439e-11, 5.26908724985e-11, 2.89564882489e-11, 1.76203582974e-11, 1.80185692755e-11]
    },
    "mfcc": {
        "mean": [-610.404541016, 68.8656616211, 2.47711801529, 21.087600708, 6.63730478287, 9.87172412872, 6.21514987946, 8.58956623077, 7.24640798569, 5.83575820923, 3.80413174629, 6.47672462463, 4.74147701263],
        "cov": [[4189.28857422, -376.304595947, 151.107055664, 15.005900383, 70.6396942139, 89.8446502686, 36.0849494934, 132.199127197, 39.5838127136, 111.373764038, 36.1176643372, -8.03192710876, 17.2197494507], [-376.304595947, 1618.70410156, 229.036499023, 342.688293457, 241.064300537, 122.791282654, 169.107406616, 96.5651016235, 140.87399292, 77.3526306152, 44.5274543762, 23.5484523773, 12.6506433487], [151.107055664, 229.036499023, 763.416442871, 353.174804688, 289.448516846, 219.588760376, 165.962905884, 157.337234497, 109.734550476, 87.4696121216, 71.4204177856, 66.9757461548, 60.6731681824], [15.005900383, 342.688293457, 353.174804688, 445.541259766, 324.87677002, 212.150299072, 168.550811768, 143.463485718, 136.261550903, 84.8293914795, 66.4323730469, 75.3397979736, 61.7979125977], [70.6396942139, 241.064300537, 289.448516846, 324.87677002, 378.855865479, 253.353897095, 181.041061401, 149.106048584, 135.010879517, 98.7997512817, 75.4280395508, 80.7451019287, 66.202331543], [89.8446502686, 122.791282654, 219.588760376, 212.150299072, 253.353897095, 298.427642822, 216.919342041, 145.804000854, 110.538505554, 86.2754974365, 77.5563735962, 70.9263381958, 62.8307037354], [36.0849494934, 169.107406616, 165.962905884, 168.550811768, 181.041061401, 216.919342041, 259.104949951, 178.042022705, 123.19405365, 92.337059021, 84.8808898926, 73.0140914917, 68.0233001709], [132.199127197, 96.5651016235, 157.337234497, 143.463485718, 149.106048584, 145.804000854, 178.042022705, 221.381576538, 153.956985474, 103.967208862, 77.143157959, 62.4574165344, 63.4321365356], [39.5838127136, 140.87399292, 109.734550476, 136.261550903, 135.010879517, 110.538505554, 123.19405365, 153.956985474, 208.156860352, 138.37286377, 87.5499725342, 63.0847816467, 55.8826828003], [111.373764038, 77.3526306152, 87.4696121216, 84.8293914795, 98.7997512817, 86.2754974365, 92.337059021, 103.967208862, 138.37286377, 175.813735962, 118.479766846, 58.1896095276, 47.6476554871], [36.1176643372, 44.5274543762, 71.4204177856, 66.4323730469, 75.4280395508, 77.5563735962, 84.8808898926, 77.143157959, 87.5499725342, 118.479766846, 148.113876343, 95.257598877, 58.8032569885], [-8.03192710876, 23.5484523773, 66.9757461548, 75.3397979736, 80.7451019287, 70.9263381958, 73.0140914917, 62.4574165344, 63.0847816467, 58.1896095276, 95.257598877, 141.196289062, 91.2901916504], [17.2197494507, 12.6506433487, 60.6731681824, 61.7979125977, 66.202331543, 62.8307037354, 68.0233001709, 63.4321365356, 55.8826828003, 47.6476554871, 58.8032569885, 91.2901916504, 126.472496033]],
