{
"lowlevel": {
    "average_loudness": 0.773995161057,
    "barkbands_crest": {
        "dmean": 3.54469871521,
        "dmean2": 5.63946723938,
        "dvar": 10.9488601685,
        "dvar2": 25.0277576447,
        "max": 26.6814289093,
        "mean": 15.4866256714,
        "median": 16.2502632141,
        "min": 2.0357131958,
        "var": 40.6236038208
    },
    "barkbands_flatness_db": {
        "dmean": 0.050339601934,
        "dmean2": 0.0736327245831,
        "dvar": 0.00277976598591,
        "dvar2": 0.00541164167225,
        "max": 0.69835883379,
        "mean": 0.183478996158,
        "median": 0.155412375927,
        "min": 0.015325024724,
        "var": 0.0158210769296
    },
    "barkbands_kurtosis": {
        "dmean": 40.8594169617,
        "dmean2": 66.3078536987,
        "dvar": 15401.9541016,
        "dvar2": 39905.1835938,
        "max": 2418.29150391,
        "mean": 57.9728927612,
        "median": 9.09791755676,
        "min": -1.89932024479,
        "var": 24096.1171875
    },
    "barkbands_skewness": {
        "dmean": 1.99107778072,
        "dmean2": 3.04987883568,
        "dvar": 7.33111572266,
        "dvar2": 17.6177654266,
        "max": 38.1663665771,
        "mean": 4.43131113052,
        "median": 3.00232744217,
        "min": -3.56419301033,
        "var": 21.3329868317
    },
    "barkbands_spread": {
        "dmean": 11.1794023514,
        "dmean2": 17.6649494171,
        "dvar": 159.283721924,
        "dvar2": 382.83505249,
        "max": 109.71862793,
        "mean": 24.2789039612,
        "median": 18.6307411194,
        "min": 0.0296230893582,
        "var": 455.608306885
    },
    "dissonance": {
        "dmean": 0.0140470163897,
        "dmean2": 0.0239664074033,
        "dvar": 0.000285072310362,
        "dvar2": 0.000760395312682,
        "max": 0.500000059605,
        "mean": 0.477996170521,
        "median": 0.484166741371,
        "min": 0.178954392672,
        "var": 0.000621562532615
    },
    "dynamic_complexity": 2.84131240845,
    "erbbands_crest": {
        "dmean": 3.22151350975,
        "dmean2": 5.34060192108,
        "dvar": 11.3137159348,
        "dvar2": 27.6032218933,
        "max": 31.5125980377,
        "mean": 8.2584438324,
        "median": 6.385389328,
        "min": 2.1909031868,
        "var": 26.6427536011
    },
    "erbbands_flatness_db": {
        "dmean": 0.0190624948591,
        "dmean2": 0.0299940481782,
        "dvar": 0.000523812661413,
        "dvar2": 0.00110824545845,
        "max": 0.494573235512,
        "mean": 0.112608492374,
        "median": 0.095108628273,
        "min": 0.0355068482459,
        "var": 0.00319882831536
    },
    "erbbands_kurtosis": {
        "dmean": 1.54072439671,
        "dmean2": 2.45985412598,
        "dvar": 20.1426429749,
        "dvar2": 41.5382957458,
        "max": 134.698791504,
        "mean": 0.715704977512,
        "median": -0.591087341309,
        "min": -1.87763667107,
        "var": 34.0355644226
    },
    "erbbands_skewness": {
        "dmean": 0.541984379292,
        "dmean2": 0.826130330563,
        "dvar": 0.425661832094,
        "dvar2": 0.85135114193,
        "max": 10.1245889664,
        "mean": 0.18060643971,
        "median": 0.0700864046812,
        "min": -5.84595155716,
        "var": 1.32499873638
    },
    "erbbands_spread": {
        "dmean": 16.2168102264,
        "dmean2": 25.1332321167,
        "dvar": 257.090515137,
        "dvar2": 592.059875488,
        "max": 182.533203125,
        "mean": 64.939125061,
        "median": 62.4664611816,
        "min": 0.991869866848,
        "var": 747.05847168
    },
    "hfc": {
        "dmean": 15.4154176712,
        "dmean2": 24.1120109558,
        "dvar": 619.164306641,
        "dvar2": 1588.77746582,
        "max": 256.887573242,
        "mean": 28.9415130615,
        "median": 18.8181228638,
        "min": 1.13553925123e-16,
        "var": 981.365783691
    },
    "melbands_crest": {
        "dmean": 4.49433708191,
        "dmean2": 7.17972183228,
        "dvar": 19.4666252136,
        "dvar2": 45.2591362,
        "max": 38.9951591492,
        "mean": 23.8422546387,
        "median": 24.3102741241,
        "min": 1.82339310646,
        "var": 91.1556777954
    },
    "melbands_flatness_db": {
        "dmean": 0.0604449473321,
        "dmean2": 0.0885237455368,
        "dvar": 0.00359948957339,
        "dvar2": 0.00724021112546,
        "max": 0.802991807461,
        "mean": 0.265269726515,
        "median": 0.242307186127,
        "min": 0.0065661878325,
        "var": 0.019496742636
    },
    "melbands_kurtosis": {
        "dmean": 88.8014678955,
        "dmean2": 138.715545654,
        "dvar": 28521.6503906,
        "dvar2": 63200.2304688,
        "max": 2599.49169922,
        "mean": 145.798477173,
        "median": 43.8380622864,
        "min": -1.83788621426,
        "var": 71845.90625
    },
    "melbands_skewness": {
        "dmean": 2.85911202431,
        "dmean2": 4.34324932098,
        "dvar": 10.944899559,
        "dvar2": 24.0680084229,
        "max": 39.1776771545,
        "mean": 7.6020526886,
        "median": 5.76853275299,
        "min": -2.26089596748,
        "var": 37.3718414307
    },
    "melbands_spread": {
        "dmean": 10.5993566513,
        "dmean2": 16.7334976196,
        "dvar": 225.975799561,
        "dvar2": 511.394805908,
        "max": 206.710922241,
        "mean": 17.7887897491,
        "median": 9.70586395264,
        "min": 0.0855076313019,
        "var": 484.890991211
    },
    "pitch_salience": {
        "dmean": 0.112974978983,
        "dmean2": 0.174125611782,
        "dvar": 0.0116330627352,
        "dvar2": 0.025101762265,
        "max": 0.914826691151,
        "mean": 0.387074798346,
        "median": 0.390734255314,
        "min": 0.0037324198056,
        "var": 0.0519735962152
    },
    "silence_rate_20dB": {
        "dmean": 0.000204645446502,
        "dmean2": 0.000409332773415,
        "dvar": 0.00020457811479,
        "dvar2": 0.000613729702309,
        "max": 1,
        "mean": 0.999897658825,
        "median": 1,
        "min": 0,
        "var": 0.000102295416582
    },
    "silence_rate_30dB": {
        "dmean": 0.109689965844,
        "dmean2": 0.219402372837,
        "dvar": 0.0976550355554,
        "dvar2": 0.199504494667,
        "max": 1,
        "mean": 0.75015348196,
        "median": 1,
        "min": 0,
        "var": 0.187418729067
    },
    "silence_rate_60dB": {
        "dmean": 0.00961833633482,
        "dmean2": 0.0192386414856,
        "dvar": 0.00952548347414,
        "dvar2": 0.0209170170128,
        "max": 1,
        "mean": 0.0359116010368,
        "median": 0,
        "min": 0,
        "var": 0.0346222259104
    },
    "spectral_centroid": {
        "dmean": 471.577362061,
        "dmean2": 709.53503418,
        "dvar": 214123.84375,
        "dvar2": 447347.75,
        "max": 11200.0576172,
        "mean": 1641.44116211,
        "median": 1592.46264648,
        "min": 62.1892623901,
        "var": 788722.1875
    },
    "spectral_complexity": {
        "dmean": 7.08891868591,
        "dmean2": 11.1195249557,
        "dvar": 64.0924453735,
        "dvar2": 143.173629761,
        "max": 57,
        "mean": 15.5372419357,
        "median": 12,
        "min": 0,
        "var": 150.40045166
    },
    "spectral_decrease": {
        "dmean": 6.90640833412e-09,
        "dmean2": 1.07310293984e-08,
        "dvar": 7.76344937607e-17,
        "dvar2": 1.88482446402e-16,
        "max": 4.6333120975e-19,
        "mean": -1.76348446956e-08,
        "median": -1.24002879076e-08,
        "min": -9.131845502e-08,
        "var": 2.75453314502e-16
    },
    "spectral_energy": {
        "dmean": 0.0265363790095,
        "dmean2": 0.0411803238094,
        "dvar": 0.00111228739843,
        "dvar2": 0.00270210579038,
        "max": 0.346212387085,
        "mean": 0.0691830590367,
        "median": 0.0495436936617,
        "min": 1.06362615168e-20,
        "var": 0.00395080586895
    },
    "spectral_energyband_high": {
        "dmean": 0.00132961117197,
        "dmean2": 0.0020598648116,
        "dvar": 5.73438819629e-06,
        "dvar2": 1.46077036334e-05,
        "max": 0.0303632561117,
        "mean": 0.00218645273708,
        "median": 0.000978397554718,
        "min": 7.92012673381e-21,
        "var": 1.00411434687e-05
    },
    "spectral_energyband_low": {
        "dmean": 0.0238555315882,
        "dmean2": 0.0375062152743,
        "dvar": 0.00122266402468,
        "dvar2": 0.00301088765264,
        "max": 0.345610171556,
        "mean": 0.0539311245084,
        "median": 0.0287560317665,
        "min": 6.23101223522e-23,
        "var": 0.00403604470193
    },
    "spectral_energyband_middle_high": {
        "dmean": 0.00240430957638,
        "dmean2": 0.00408208137378,
        "dvar": 1.87662481039e-05,
        "dvar2": 5.12579863425e-05,
        "max": 0.0630653053522,
        "mean": 0.00298219034448,
        "median": 0.00161528354511,
        "min": 1.45841887951e-21,
        "var": 1.63424665516e-05
    },
    "spectral_energyband_middle_low": {
        "dmean": 0.00797138269991,
        "dmean2": 0.0127585735172,
        "dvar": 0.00027808881714,
        "dvar2": 0.000555339851417,
        "max": 0.229837626219,
        "mean": 0.0111042195931,
        "median": 0.00368930259719,
        "min": 3.35275679216e-22,
        "var": 0.000396558170905
    },
    "spectral_entropy": {
        "dmean": 0.257756561041,
        "dmean2": 0.384610414505,
        "dvar": 0.0946477502584,
        "dvar2": 0.19307641685,
        "max": 9.78702068329,
        "mean": 7.90185546875,
        "median": 8.05844306946,
        "min": 4.15387248993,
        "var": 0.345452725887
    },
    "spectral_flux": {
        "dmean": 0.0494391582906,
        "dmean2": 0.0779168605804,
        "dvar": 0.00263651413843,
        "dvar2": 0.00616070395336,
        "max": 0.44095364213,
        "mean": 0.124037615955,
        "median": 0.105243578553,
        "min": 1.03132252738e-10,
        "var": 0.00655570207164
    },
    "spectral_kurtosis": {
        "dmean": 0.940979063511,
        "dmean2": 1.50895357132,
        "dvar": 2.49748969078,
        "dvar2": 5.58604717255,
        "max": 53.0083618164,
        "mean": 2.55293989182,
        "median": 2.16247916222,
        "min": -1.21967613697,
        "var": 6.72090482712
    },
    "spectral_rms": {
        "dmean": 0.0015504816547,
        "dmean2": 0.00235285609961,
        "dvar": 2.87985290015e-06,
        "dvar2": 6.54402583677e-06,
        "max": 0.018378470093,
        "mean": 0.00734561681747,
        "median": 0.00695236027241,
        "min": 3.22131037123e-12,
        "var": 1.35375803438e-05
    },
    "spectral_rolloff": {
        "dmean": 889.744689941,
        "dmean2": 1481.54846191,
        "dvar": 2166363.5,
        "dvar2": 4957825.5,
        "max": 18260.15625,
        "mean": 1352.80310059,
        "median": 258.3984375,
        "min": 21.533203125,
        "var": 4568602.5
    },
    "spectral_skewness": {
        "dmean": 0.188986495137,
        "dmean2": 0.293325006962,
        "dvar": 0.0467553324997,
        "dvar2": 0.099766485393,
        "max": 5.89599180222,
        "mean": 1.26950418949,
        "median": 1.26341724396,
        "min": -0.120823726058,
        "var": 0.179416418076
    },
    "spectral_spread": {
        "dmean": 673028.625,
        "dmean2": 1052796.75,
        "dvar": 537955106816,
        "dvar2": 1.08826820608e+12,
        "max": 41125884,
        "mean": 6559651,
        "median": 6539901,
        "min": 1538914.25,
        "var": 2.24905815654e+12
    },
    "spectral_strongpeak": {
        "dmean": 0.269707500935,
        "dmean2": 0.447259992361,
        "dvar": 0.16135622561,
        "dvar2": 0.397308677435,
        "max": 9.2858877182,
        "mean": 0.58548694849,
        "median": 0.4780998528,
        "min": 0,
        "var": 0.242090240121
    },
    "zerocrossingrate": {
        "dmean": 0.017129663378,
        "dmean2": 0.0206451229751,
        "dvar": 0.000362416845746,
        "dvar2": 0.000446128309704,
        "max": 0.86767578125,
        "mean": 0.0626253932714,
        "median": 0.0478515625,
        "min": 0.00048828125,
        "var": 0.00310690328479
    },
    "barkbands": {
        "dmean": [0.00314994249493, 0.0188468024135, 0.00552851008251, 0.00302716088481, 0.00454650493339, 0.00123953039292, 0.000641718448605, 0.000448937295005, 0.000638989731669, 0.000434864661656, 0.000247730087722, 0.000309264898533, 0.000474280066555, 0.000243252434302, 0.000322916865116, 0.000184072152479, 0.000282718247036, 0.000227204320254, 0.000172016720171, 0.000231624784647, 0.000217168053496, 0.000252255733358, 0.000257981562754, 0.000278558960417, 0.000235416620853, 0.000104196980828, 3.01335567201e-05],
        "dmean2": [0.00494601530954, 0.0286164339632, 0.00956288538873, 0.00517114484683, 0.00723336869851, 0.00204849219881, 0.00109496759251, 0.000776812550612, 0.00110456207767, 0.00076387822628, 0.000437045993749, 0.000551225501113, 0.000828914227895, 0.000433345034253, 0.000581784348469, 0.000320671766531, 0.000492280698381, 0.000388851418393, 0.000290506141027, 0.000389586930396, 0.000351493858034, 0.000413834961364, 0.000405615923228, 0.000440575386165, 0.000379405944841, 0.00016002546181, 4.88389196107e-05],
        "dvar": [4.28865896538e-05, 0.000837613653857, 0.000320430728607, 9.22075778362e-05, 0.000130434069433, 1.02006542875e-05, 4.15133990828e-06, 1.65683650266e-06, 1.65103813288e-06, 9.05421529751e-07, 4.33616662576e-07, 6.62406819174e-07, 1.0661962051e-06, 3.22290077293e-07, 5.94345408444e-07, 2.15960483274e-07, 3.80361115049e-07, 2.09540644391e-07, 9.62401003335e-08, 1.68449275861e-07, 1.95202900954e-07, 2.0609844853e-07, 2.47772021567e-07, 3.59677187589e-07, 2.10163193515e-07, 3.71665755949e-08, 3.84164389189e-09],
        "dvar2": [0.000111610621389, 0.00201637973078, 0.000857544713654, 0.000196184759261, 0.000264032132691, 2.46832551056e-05, 1.08990743684e-05, 4.50742754765e-06, 4.43135559181e-06, 2.44275702244e-06, 1.23161373722e-06, 1.90342734641e-06, 2.89806075671e-06, 9.16541580409e-07, 1.70158239143e-06, 6.00006728746e-07, 1.04345770069e-06, 5.42900011169e-07, 2.51292107123e-07, 4.04991709502e-07, 4.32646857007e-07, 5.43485043636e-07, 6.31380601135e-07, 9.48708816395e-07, 5.37887274277e-07, 8.25381860636e-08, 8.94679530461e-09],
        "max": [0.0943836942315, 0.300442606211, 0.150070548058, 0.208185970783, 0.142004087567, 0.0623667314649, 0.0538029745221, 0.0273284055293, 0.0246304012835, 0.0210642274469, 0.0175421498716, 0.0146904671565, 0.0140699446201, 0.00930990371853, 0.0111331213266, 0.0120861241594, 0.0124630415812, 0.0120644262061, 0.0101339370012, 0.0157666131854, 0.0197535585612, 0.00996889453381, 0.0137742105871, 0.00762653490528, 0.005393023137, 0.00313544855453, 0.00113955617417],
        "mean": [0.0062666926533, 0.0422686226666, 0.0044668042101, 0.00288004032336, 0.00487881340086, 0.00145023630466, 0.000653525989037, 0.000422156270361, 0.000664800929371, 0.000410575972637, 0.000241820816882, 0.000264938542387, 0.000431859079981, 0.000243124988629, 0.000284523121081, 0.000205014221137, 0.000288951559924, 0.000295978737995, 0.000228376928135, 0.000295714678941, 0.00034261107794, 0.000354709191015, 0.000375328439986, 0.000382985919714, 0.00036425300641, 0.000173198553966, 4.72756983072e-05],
        "median": [0.00134583027102, 0.0186967179179, 0.000606549845543, 0.000343366264133, 0.000816225307062, 0.000325492641423, 0.00013617015793, 9.57197480602e-05, 0.000180045841262, 8.19016859168e-05, 6.27505141892e-05, 7.79330803198e-05, 0.00010905128147, 8.49695934448e-05, 9.32367402129e-05, 9.40156896831e-05, 0.000118399097119, 0.000134747955599, 0.000136600952828, 0.000150921638124, 0.000159741481184, 0.000164562661666, 0.000152160762809, 0.000148784354678, 0.000124070036691, 6.48684363114e-05, 8.43108318804e-06],
        "min": [3.46288543484e-23, 1.51358662999e-23, 1.41680664978e-23, 3.32736228677e-23, 2.40276855425e-23, 3.65037526836e-23, 8.0144430951e-23, 8.67872456181e-23, 7.10476088473e-23, 5.70612312154e-23, 1.31654713034e-22, 3.206693074e-23, 1.40907420363e-22, 6.67825534771e-23, 1.44718337977e-22, 1.14977953684e-22, 1.14420361552e-22, 1.6707344434e-22, 2.84784012199e-22, 4.45262983269e-22, 4.8555830123e-22, 6.79857291784e-22, 7.8567067599e-22, 8.57671891454e-22, 1.13479597591e-21, 1.76302541378e-21, 2.10799204096e-21],
        "var": [0.000104893530079, 0.00297490390949, 0.000232835518545, 0.000109785411041, 0.00016061378119, 1.40960928547e-05, 3.84158875022e-06, 1.31505464651e-06, 1.61797447618e-06, 8.25409074423e-07, 3.21464341368e-07, 4.16393106661e-07, 8.36524066017e-07, 2.32957248159e-07, 3.75457204882e-07, 1.62563267736e-07, 2.94967804848e-07, 3.09894858219e-07, 1.05448805243e-07, 2.38804801711e-07, 4.16829465166e-07, 2.81060181351e-07, 3.6585791463e-07, 4.19023734821e-07, 3.77230151116e-07, 7.69991643779e-08, 7.75510944351e-09]
    },
    "erbbands": {
        "dmean": [0.90736913681, 3.00718736649, 6.04644441605, 8.36614131927, 14.1923408508, 16.077457428, 11.2406692505, 10.6049165726, 8.45899868011, 10.4841957092, 10.9654884338, 15.32462883, 13.0848321915, 11.8992528915, 9.78070735931, 14.5293426514, 21.2957935333, 11.3891162872, 17.9875221252, 12.9526491165, 10.012462616, 16.1993312836, 13.1638851166, 10.6707553864, 8.12353897095, 11.3482456207, 9.42865848541, 9.05472183228, 9.30805778503, 7.9463763237, 7.32159614563, 5.63270282745, 5.05990934372, 3.24068713188, 1.32990920544, 0.558479607105, 0.181696727872, 0.0477598682046, 0.00514803128317, 9.3967479188e-05],
        "dmean2": [1.40546572208, 4.4504108429, 9.8815984726, 14.2707948685, 22.7365951538, 25.9397850037, 18.4076080322, 17.6141395569, 14.416144371, 17.9819698334, 18.6541786194, 26.3852348328, 22.9811687469, 20.897151947, 17.2557296753, 25.6837368011, 37.2870292664, 19.7664737701, 33.1040115356, 22.5001125336, 17.3171100616, 28.3540248871, 22.5900001526, 18.1773090363, 13.5152492523, 19.1080799103, 15.424618721, 14.8469705582, 15.436003685, 12.6256399155, 11.6071329117, 8.71490097046, 8.34219169617, 5.33728122711, 2.0932431221, 0.871773719788, 0.28262257576, 0.0751028358936, 0.00828436762094, 0.000147764905705],
        "dvar": [2.11138510704, 27.3586082458, 315.308898926, 578.135009766, 1401.99353027, 1713.60522461, 751.949584961, 812.469604492, 799.060546875, 1051.30334473, 826.128662109, 995.219299316, 774.869812012, 736.248901367, 686.895141602, 1295.12341309, 2099.71264648, 666.350158691, 2692.54199219, 727.285766602, 575.233215332, 1321.24304199, 643.853759766, 387.081054688, 227.993392944, 433.201629639, 421.073272705, 284.436035156, 323.510742188, 155.942214966, 251.872817993, 115.324043274, 162.495117188, 46.1436157227, 5.61079502106, 1.04776966572, 0.111051231623, 0.00928386114538, 0.000113722599053, 2.35202488597e-08],
        "dvar2": [5.51330137253, 55.7764968872, 809.158874512, 1431.82751465, 2908.21166992, 3815.06225586, 1853.07019043, 2073.67700195, 2105.46435547, 2892.83007812, 2233.17529297, 2664.05810547, 2099.37915039, 2006.33483887, 1972.30224609, 3692.27905273, 5736.84277344, 1868.9934082, 7776.14550781, 2052.65795898, 1553.56848145, 3620.08520508, 1708.63818359, 1016.48803711, 590.077453613, 1031.68859863, 953.867553711, 674.381958008, 870.566101074, 374.643707275, 661.624389648, 281.44644165, 451.262634277, 122.536277771, 13.6974563599, 2.42709517479, 0.24899508059, 0.0212028268725, 0.000267350435024, 5.40659819137e-08],
        "max": [16.2075004578, 47.9007034302, 147.048080444, 351.629577637, 509.853363037, 598.93927002, 457.722503662, 678.348876953, 786.972839355, 823.118713379, 812.597839355, 659.34576416, 438.379394531, 606.591125488, 758.880859375, 675.814086914, 672.238464355, 605.043701172, 716.83782959, 651.989868164, 672.417358398, 683.909301758, 729.139099121, 565.503417969, 464.599273682, 812.235229492, 1039.24194336, 442.171173096, 451.076690674, 259.085174561, 559.761352539, 148.399108887, 171.597885132, 90.4987869263, 31.5037326813, 14.7669906616, 5.17892122269, 1.44817280769, 0.26056188345, 0.00342833739705],
        "mean": [2.09429955482, 5.92150163651, 5.86544799805, 7.84826517105, 14.9131412506, 15.7804279327, 11.2862577438, 11.738820076, 8.6116733551, 10.5400772095, 11.1952705383, 15.8639745712, 13.2340431213, 11.4655504227, 9.61496734619, 12.8340091705, 19.4332427979, 12.758480072, 14.7245368958, 13.6385660172, 11.7760772705, 16.3795776367, 16.3940086365, 14.3205013275, 11.2742700577, 14.5820465088, 13.2688770294, 13.8967638016, 12.6565608978, 12.1569042206, 10.3102369308, 8.18863773346, 6.31470870972, 4.66578722, 2.21170473099, 0.910765826702, 0.290248632431, 0.0767184942961, 0.00783832930028, 0.000197951449081],
        "median": [0.778796732426, 2.3453335762, 1.23477959633, 1.41555762291, 2.51212358475, 2.5781724453, 2.38483500481, 2.68298578262, 2.03704881668, 2.2111954689, 3.2584400177, 4.27236461639, 3.19266653061, 2.8852057457, 3.14703941345, 3.89908075333, 5.1374168396, 4.70609378815, 4.40035533905, 5.90678787231, 5.38320493698, 6.850066185, 7.99770355225, 7.48835420609, 6.78473615646, 7.33578968048, 6.53297519684, 6.26075458527, 5.95848751068, 5.33952522278, 4.10753631592, 3.05823087692, 2.39755272865, 1.49021232128, 0.794065594673, 0.336965858936, 0.109805636108, 0.0233941562474, 0.00136891473085, 0.000137531897053],
        "min": [7.33510940501e-22, 2.61303588813e-21, 1.0840516967e-20, 8.07176541908e-20, 1.14344071205e-19, 4.9886390326e-20, 8.23017050639e-20, 4.27883263478e-19, 1.08915419262e-18, 1.29846966169e-18, 2.17402090133e-18, 1.3147715304e-18, 1.09771230664e-18, 3.70911467623e-18, 4.30999645757e-18, 1.68058160975e-18, 6.79934191712e-18, 3.57100157012e-18, 8.02128785957e-18, 4.27040883422e-18, 7.15715129879e-18, 7.00092335086e-18, 7.1421115009e-18, 1.69765718186e-17, 1.38949501512e-17, 2.09355905791e-17, 2.13372959544e-17, 1.82563641556e-17, 2.2659807207e-17, 2.52937074417e-17, 2.33105849365e-17, 1.42538820169e-17, 1.64301296885e-17, 1.12738654257e-17, 8.30637979359e-18, 7.01364621586e-18, 3.03446492786e-18, 1.40594203335e-18, 3.01306380086e-19, 3.00112823085e-20],
        "var": [8.43419361115, 68.1393890381, 275.067779541, 546.341674805, 1656.33325195, 1850.58764648, 817.43359375, 1019.49560547, 697.893737793, 931.952758789, 681.269897461, 967.988830566, 768.236450195, 654.517883301, 465.561065674, 831.9609375, 1621.98266602, 578.815246582, 1561.58349609, 547.857177734, 488.905456543, 1001.93450928, 730.285461426, 563.240478516, 253.858917236, 636.791503906, 733.037353516, 572.93182373, 413.165893555, 309.572387695, 304.089202881, 181.038574219, 140.287216187, 67.4813461304, 13.0997772217, 2.22744584084, 0.213403984904, 0.0166671909392, 0.000232950493228, 4.98621091083e-08]
    },
    "gfcc": {
        "mean": [5.05369281769, 42.4655838013, -80.3142471313, 47.2400894165, -42.9858436584, 27.0330410004, -25.9888648987, 17.1797714233, -17.9333667755, 9.08333969116, -12.7569408417, 5.69572019577, -10.1466188431],
        "cov": [[11786.6982422, -145.063568115, 606.050109863, 274.630706787, -262.522460938, 190.429428101, -638.866333008, -103.464988708, -510.795043945, -108.188835144, -594.153320312, 11.8778829575, -264.525085449], [-145.063568115, 1336.27172852, 356.865661621, 124.029037476, 240.283462524, -91.6311645508, 62.2879180908, -95.4977874756, 76.3458633423, -112.502365112, 67.3304214478, -109.563865662, 37.0704803467], [606.050109863, 356.865661621, 877.081420898, 497.080780029, 350.900817871, 223.321365356, 140.804275513, 19.4121456146, 42.8438339233, -22.8809299469, 5.42156553268, -57.3527374268, -13.5823040009], [274.630706787, 124.029037476, 497.080780029, 799.586181641, 443.336639404, 352.155273438, 204.085830688, 115.118400574, 124.224098206, 23.9843521118, 35.2385482788, -50.2725486755, -5.30275440216], [-262.522460938, 240.283462524, 350.900817871, 443.336639404, 672.823791504, 392.624969482, 361.594146729, 145.471893311, 190.267196655, 76.5009155273, 123.195625305, -47.1721763611, -4.1358590126], [190.429428101, -91.6311645508, 223.321365356, 352.155273438, 392.624969482, 476.58026123, 293.711486816, 160.829330444, 114.710365295, 105.050872803, 77.5191802979, -4.40002965927, -10.7241945267], [-638.866333008, 62.2879180908, 140.804275513, 204.085830688, 361.594146729, 293.711486816, 415.996551514, 194.513519287, 201.605819702, 107.540184021, 151.355026245, -3.6062142849, 19.2824954987], [-103.464988708, -95.4977874756, 19.4121456146, 115.118400574, 145.471893311, 160.829330444, 194.513519287, 233.809936523, 171.525421143, 100.596351624, 54.4751625061, 13.487402916, 20.5630607605], [-510.795043945, 76.3458633423, 42.8438339233, 124.224098206, 190.267196655, 114.710365295, 201.605819702, 171.525421143, 262.257049561, 114.869895935, 100.458633423, -11.9213924408, 37.5825424194], [-108.188835144, -112.502365112, -22.8809299469, 23.9843521118, 76.5009155273, 105.050872803, 107.540184021, 100.596351624, 114.869895935, 156.274749756, 92.2076797485, 31.8730239868, 12.1444997787], [-594.153320312, 67.3304214478, 5.42156553268, 35.2385482788, 123.195625305, 77.5191802979, 151.355026245, 54.4751625061, 100.458633423, 92.2076797485, 197.933456421, 57.290271759, 39.2969093323], [11.8778829575, -109.563865662, -57.3527374268, -50.2725486755, -47.1721763611, -4.40002965927, -3.6062142849, 13.487402916, -11.9213924408, 31.8730239868, 57.290271759, 126.292518616, 56.7710914612], [-264.525085449, 37.0704803467, -13.5823040009, -5.30275440216, -4.1358590126, -10.7241945267, 19.2824954987, 20.5630607605, 37.5825424194, 12.1444997787, 39.2969093323, 56.7710914612, 112.655914307]],
        "icov": [[0.000142810880789, -0.000107149848191, -9.13030889933e-05, -3.37128835781e-06, 2.92139393423e-05, -0.000217245309614, 0.000296230631648, -0.000236524050706, 0.000221688009333, -0.000280664709862, 0.000432839529822, -0.000360164558515, 0.000319099286571], [-0.000107149848191, 0.00143592921086, -0.000425069913035, 0.000241823479882, -0.000612342031673, 0.000763639167417, -0.000106431005406, 0.000723015284166, -0.000873198790941, 0.00146942492574, -0.00135261495598, 0.00147016288247, -0.000963654427323], [-9.13030889933e-05, -0.000425069913035, 0.00214731134474, -0.00111592886969, -0.000257982377661, 5.44115609955e-05, -0.000550491851754, 0.00050076720072, 0.000320358638419, -0.000182587842573, 0.000385732972063, -6.5278763941e-05, -5.84700937907e-05], [-3.37128835781e-06, 0.000241823479882, -0.00111592886969, 0.00299138505943, -0.000968526175711, -0.00145615264773, 0.0013027357636, -0.000523603637703, -0.000983902835287, 0.00138725817669, -0.000506280339323, 0.000483245210489, -0.000271042605164], [2.92139393423e-05, -0.000612342031673, -0.000257982377661, -0.000968526175711, 0.00507621606812, -0.00235512829386, -0.00199046893977, 0.00113716896158, -0.00131792156026, 0.000479403650388, -0.000295348087093, 0.000177294219611, 0.000690356828272], [-0.000217245309614, 0.000763639167417, 5.44115609955e-05, -0.00145615264773, -0.00235512829386, 0.0076061245054, -0.00345975416712, -0.000885598885361, 0.00272599351592, -0.0027897846885, 0.000613744894508, 0.000396346178604, -0.000454428052763], [0.000296230631648, -0.000106431005406, -0.000550491851754, 0.0013027357636, -0.00199046893977, -0.00345975416712, 0.0102258697152, -0.00453299144283, -0.0012571628904, 0.00205596745946, -0.00397676229477, 0.0010136810597, 0.000474355183542], [-0.000236524050706, 0.000723015284166, 0.00050076720072, -0.000523603637703, 0.00113716896158, -0.000885598885361, -0.00453299144283, 0.0135019021109, -0.00716462684795, -0.00129654363263, 0.00344925536774, -0.00245703174733, 7.61860865168e-05], [0.000221688009333, -0.000873198790941, 0.000320358638419, -0.000983902835287, -0.00131792156026, 0.00272599351592, -0.0012571628904, -0.00716462684795, 0.0141663150862, -0.00644848681986, -0.000926641048864, 0.00416285451502, -0.00327112129889], [-0.000280664709862, 0.00146942492574, -0.000182587842573, 0.00138725817669, 0.000479403650388, -0.0027897846885, 0.00205596745946, -0.00129654363263, -0.00644848681986, 0.0167470537126, -0.00670500518754, -0.000379511766369, 0.00141350494232], [0.000432839529822, -0.00135261495598, 0.000385732972063, -0.000506280339323, -0.000295348087093, 0.000613744894508, -0.00397676229477, 0.00344925536774, -0.000926641048864, -0.00670500518754, 0.0143805127591, -0.00730548286811, 0.00127994641662], [-0.000360164558515, 0.00147016288247, -6.5278763941e-05, 0.000483245210489, 0.000177294219611, 0.000396346178604, 0.0010136810597, -0.00245703174733, 0.00416285451502, -0.000379511766369, -0.00730548286811, 0.0174176394939, -0.00857222545892], [0.000319099286571, -0.000963654427323, -5.84700937907e-05, -0.000271042605164, 0.000690356828272, -0.000454428052763, 0.000474355183542, 7.61860865168e-05, -0.00327112129889, 0.00141350494232, 0.00127994641662, -0.00857222545892, 0.014622378163]]
    },
    "melbands": {
        "dmean": [0.00642866641283, 0.00301535474136, 0.00158276711591, 0.00112839101348, 0.000445247249445, 0.000230937585002, 0.000126990533317, 0.000109689404781, 9.80080803856e-05, 9.04700427782e-05, 6.50784058962e-05, 4.93374936923e-05, 3.3671152778e-05, 3.43927313224e-05, 5.43602363905e-05, 3.45449152519e-05, 2.06777585845e-05, 3.01662694255e-05, 2.10325106309e-05, 1.43598817886e-05, 1.15033499242e-05, 1.64473676705e-05, 1.58446237037e-05, 1.049392813e-05, 9.08698984858e-06, 5.95206211074e-06, 7.25866311768e-06, 7.69546750234e-06, 6.09459357293e-06, 5.3143171499e-06, 5.52581559532e-06, 5.66707421967e-06, 4.82176619698e-06, 4.61310901301e-06, 4.37444668933e-06, 4.06253548135e-06, 3.35259051099e-06, 3.67925917999e-06, 3.24617053593e-06, 2.7402682008e-06],
        "dmean2": [0.00983752030879, 0.00460795545951, 0.00264072231948, 0.00178867357317, 0.000724089506548, 0.00037710586912, 0.000214769126615, 0.00018817934324, 0.000166872676346, 0.000156314737978, 0.000114595262858, 8.68172937771e-05, 5.95760866418e-05, 6.13085867371e-05, 9.74098147708e-05, 5.86483474763e-05, 3.62101563951e-05, 5.57446837774e-05, 3.74250485038e-05, 2.47051484621e-05, 1.99836413231e-05, 2.87666698569e-05, 2.78168390651e-05, 1.78011996468e-05, 1.55535435624e-05, 9.99648545985e-06, 1.2099464584e-05, 1.30466542032e-05, 1.01285186247e-05, 8.69550422067e-06, 9.13539315661e-06, 9.54004826781e-06, 8.00219550001e-06, 7.28934855942e-06, 7.04735930412e-06, 6.62019601805e-06, 5.20401226822e-06, 6.08254413237e-06, 5.41466670256e-06, 4.53668917544e-06],
        "dvar": [9.87587336567e-05, 4.67782519991e-05, 1.67319249158e-05, 8.24248400022e-06, 1.07544440198e-06, 3.57600697498e-07, 1.69667316641e-07, 1.11806592429e-07, 5.84464636688e-08, 3.55220848292e-08, 1.96614653447e-08, 1.32369848416e-08, 8.50323189638e-09, 8.28151680565e-09, 1.51879380184e-08, 5.66754865261e-09, 2.12173323355e-09, 7.86671350284e-09, 2.14549333855e-09, 1.19947174415e-09, 7.54427187388e-10, 1.50999657222e-09, 8.97179330828e-10, 5.62081658995e-10, 2.72507738597e-10, 1.49797910187e-10, 1.46302192583e-10, 2.2652629772e-10, 1.62791863323e-10, 1.42038006357e-10, 9.84777398516e-11, 1.35807309842e-10, 6.27257135122e-11, 5.39058311877e-11, 9.80135278494e-11, 7.15469211654e-11, 3.92876391142e-11, 8.4613413498e-11, 6.9078610887e-11, 3.10747053089e-11],
        "dvar2": [0.000253906968283, 0.000105811224785, 3.82907492167e-05, 1.69370105141e-05, 2.61151194536e-06, 8.8166501655e-07, 4.39457153334e-07, 3.08612669642e-07, 1.58755426583e-07, 9.58674419849e-08, 5.31963593176e-08, 3.60640051156e-08, 2.44069191524e-08, 2.37955362081e-08, 4.18735766061e-08, 1.52637635864e-08, 5.9831815058e-09, 2.2726688087e-08, 6.10638606346e-09, 3.39512240544e-09, 2.00414373985e-09, 4.16504786216e-09, 2.3877140265e-09, 1.46716538918e-09, 7.2114125782e-10, 3.89868637374e-10, 3.54863999297e-10, 5.5502313856e-10, 3.77125108919e-10, 3.22398524544e-10, 2.40428510434e-10, 3.69407143763e-10, 1.66078248376e-10, 1.25570165377e-10, 2.5682755922e-10, 1.86450230255e-10, 9.30820975853e-11, 2.35421765415e-10, 1.90177110171e-10, 8.26474236271e-11],
        "max": [0.109935477376, 0.0577200055122, 0.0677730813622, 0.0354463011026, 0.0164541676641, 0.0139970574528, 0.0115738967434, 0.00793903507292, 0.0070918337442, 0.0042092865333, 0.00224366365001, 0.00265583768487, 0.00260204612277, 0.001679040608, 0.00179183366708, 0.0015316021163, 0.00105582200922, 0.00126744934823, 0.00073613494169, 0.000945815583691, 0.00080038869055, 0.000820035522338, 0.000509621051606, 0.000777688459493, 0.000492574763484, 0.00045125442557, 0.000359443220077, 0.000577352475375, 0.000649983179756, 0.00050009257393, 0.00021037296392, 0.000280481530353, 0.000219170833589, 0.000154267065227, 0.00041375803994, 0.00012093634723, 8.98463258636e-05, 0.000102430334664, 0.000264389178483, 8.52910670801e-05],
        "mean": [0.0146625647321, 0.00454303482547, 0.00156690366566, 0.00119130976964, 0.000445516110631, 0.000265872280579, 0.000131183565827, 0.000108451902634, 9.95960799628e-05, 9.3796683359e-05, 6.42546947347e-05, 4.6478369768e-05, 3.33524112648e-05, 2.95572117466e-05, 4.50377410743e-05, 3.474539335e-05, 2.2407832148e-05, 2.37802742049e-05, 1.9526511096e-05, 1.56558744493e-05, 1.33791936605e-05, 1.63308650372e-05, 1.64992525242e-05, 1.41902446558e-05, 1.1471277503e-05, 7.87832868809e-06, 9.46369073063e-06, 9.40202608035e-06, 7.77572768129e-06, 8.12643702375e-06, 7.95006053522e-06, 7.10603126208e-06, 6.75279170537e-06, 6.91214245307e-06, 6.01018882662e-06, 5.49775040781e-06, 4.7991215979e-06, 4.46727926828e-06, 3.9314309106e-06, 4.05447326557e-06],
        "median": [0.00624825060368, 0.00138877425343, 0.000301895168377, 0.000208419311093, 9.12794930628e-05, 6.14706805209e-05, 3.08837916236e-05, 2.28969656746e-05, 2.72167744697e-05, 2.52601112152e-05, 1.3506572941e-05, 1.10592754936e-05, 9.40494101087e-06, 8.62208617036e-06, 1.12270354293e-05, 1.01896084743e-05, 7.6545693446e-06, 6.6105658334e-06, 7.01570479578e-06, 7.55296423449e-06, 5.748728654e-06, 6.47456454317e-06, 7.12738165021e-06, 6.26130713499e-06, 5.80488267587e-06, 4.7512803576e-06, 4.92821072839e-06, 4.5210231292e-06, 3.84043960366e-06, 3.62664650311e-06, 3.53744394488e-06, 3.17248986903e-06, 3.12694010063e-06, 2.75237925962e-06, 2.31053513744e-06, 1.92678362509e-06, 1.79222388397e-06, 1.7084009869e-06, 1.47817638663e-06, 1.12815484954e-06],
        "min": [6.92475197694e-24, 5.02730010845e-24, 1.51204440692e-23, 5.41296552754e-24, 2.97377940682e-24, 9.24866283966e-24, 1.67965399899e-23, 1.40461196459e-23, 1.91123768613e-23, 7.69908837517e-24, 5.44252099021e-24, 1.41606101845e-23, 1.75206464589e-23, 4.78324468817e-24, 6.00770038576e-24, 1.62760921632e-23, 5.14725587542e-24, 1.32743344238e-23, 8.8535452892e-24, 4.92518561414e-24, 9.49926028342e-24, 7.63210856229e-24, 4.71131398425e-24, 8.75658797306e-24, 1.49220487069e-23, 8.58834603008e-24, 1.19816493577e-23, 1.42510972635e-23, 1.36602578004e-23, 1.13225710597e-23, 1.00207935828e-23, 1.21103780468e-23, 1.54790255268e-23, 1.31385170306e-23, 1.38319801977e-23, 1.13530479119e-23, 7.3883702641e-24, 1.23768063512e-23, 9.89695188701e-24, 9.59632961781e-24],
        "var": [0.000376460870029, 6.53464157949e-05, 1.81696141226e-05, 9.8990076367e-06, 1.18705497698e-06, 4.87214606437e-07, 1.55499776611e-07, 9.58374073434e-08, 4.81318380707e-08, 3.38176491255e-08, 1.93542550875e-08, 1.16562102193e-08, 6.01810645762e-09, 5.22053511531e-09, 1.0427004149e-08, 5.06312725079e-09, 1.84222836985e-09, 4.52054038647e-09, 1.45557532694e-09, 8.61395066387e-10, 6.83177736605e-10, 1.11734521635e-09, 8.05813138438e-10, 8.85079953772e-10, 3.73253095098e-10, 1.51008761051e-10, 1.96143712383e-10, 3.04864522516e-10, 2.54538584654e-10, 2.8872587654e-10, 1.72477768179e-10, 1.49079693035e-10, 9.76525943441e-11, 1.13577661165e-10, 1.13175142868e-10, 9.17137685241e-11, 6.35005520389e-11, 7.29246038556e-11, 5.91981880183e-11, 5.59348019291e-11]
    },
    "mfcc": {
        "mean": [-649.415222168, 78.5999755859, 24.4326534271, 30.7358322144, 15.8700828552, 16.2710590363, 10.9063158035, 12.1161584854, 6.80316400528, 8.08706283569, 7.49359607697, 4.79335021973, 1.49464392662],
        "cov": [[10226.3710938, -133.340179443, 385.927215576, -134.018325806, 21.6808681488, -134.695175171, -352.523071289, -285.31854248, -178.460739136, -463.112030029, -435.572509766, -302.432159424, -390.305114746], [-133.340179443, 1170.42626953, 116.805610657, 101.565719604, 86.5328063965, -18.8528022766, -4.03114366531, -35.3542709351, -34.7806930542, -42.66248703, -42.8957252502, -13.4554862976, 2.19891571999], [385.927215576, 116.805610657, 598.195922852, 274.446472168, 169.945266724, 131.629348755, 50.0676879883, 42.6199417114, 22.7948665619, -26.2607688904, -31.3262214661, -17.0244655609, -19.6752815247], [-134.018325806, 101.565719604, 274.446472168, 466.087371826, 274.543273926, 206.198471069, 121.465393066, 127.814628601, 81.3362121582, 75.5866317749, 74.1928024292, 41.5589599609, 2.15700793266], [21.6808681488, 86.5328063965, 169.945266724, 274.543273926, 361.196350098, 264.287384033, 165.687088013, 134.442459106, 98.2453231812, 110.112838745, 88.4751281738, 43.2984390259, 14.3048992157], [-134.695175171, -18.8528022766, 131.629348755, 206.198471069, 264.287384033, 379.315765381, 256.198516846, 169.925735474, 102.083869934, 139.611434937, 127.283958435, 75.1627502441, 48.7080459595], [-352.523071289, -4.03114366531, 50.0676879883, 121.465393066, 165.687088013, 256.198516846, 308.472503662, 184.224990845, 90.8653411865, 133.806472778, 132.675872803, 93.0254364014, 82.2073669434], [-285.31854248, -35.3542709351, 42.6199417114, 127.814628601, 134.442459106, 169.925735474, 184.224990845, 220.49810791, 128.657302856, 127.331176758, 120.607345581, 71.6223983765, 53.699886322], [-178.460739136, -34.7806930542, 22.7948665619, 81.3362121582, 98.2453231812, 102.083869934, 90.8653411865, 128.657302856, 194.354171753, 151.779098511, 98.8663101196, 59.5044631958, 36.9964332581], [-463.112030029, -42.66248703, -26.2607688904, 75.5866317749, 110.112838745, 139.611434937, 133.806472778, 127.331176758, 151.779098511, 251.014556885, 176.072784424, 97.8388519287, 70.7641448975], [-435.572509766, -42.8957252502, -31.3262214661, 74.1928024292, 88.4751281738, 127.283958435, 132.675872803, 120.607345581, 98.8663101196, 176.072784424, 217.114440918, 123.618888855, 81.0344924927], [-302.432159424, -13.4554862976, -17.0244655609, 41.5589599609, 43.2984390259, 75.1627502441, 93.0254364014, 71.6223983765, 59.5044631958, 97.8388519287, 123.618888855, 146.752807617, 94.7089309692], [-390.305114746, 2.19891571999, -19.6752815247, 2.15700793266, 14.3048992157, 48.7080459595, 82.2073669434, 53.699886322, 36.9964332581, 70.7641448975, 81.0344924927, 94.7089309692, 135.688858032]],
