{
"lowlevel": {
    "average_loudness": 0.894607901573,
    "barkbands_crest": {
        "dmean": 2.57519960403,
        "dmean2": 4.09803628922,
        "dvar": 10.3297758102,
        "dvar2": 24.1671524048,
        "max": 26.6255016327,
        "mean": 14.4861850739,
        "median": 15.4064226151,
        "min": 2.12739443779,
        "var": 38.0170249939
    },
    "barkbands_flatness_db": {
        "dmean": 0.0270384233445,
        "dmean2": 0.0419724434614,
        "dvar": 0.00115772546269,
        "dvar2": 0.00276861269958,
        "max": 0.926057219505,
        "mean": 0.145412608981,
        "median": 0.134089931846,
        "min": 0.0220730844885,
        "var": 0.00632462836802
    },
    "barkbands_kurtosis": {
        "dmean": 5.32028198242,
        "dmean2": 8.73250675201,
        "dvar": 250.974441528,
        "dvar2": 629.704772949,
        "max": 524.569946289,
        "mean": 7.3743429184,
        "median": 1.94894361496,
        "min": -1.92888307571,
        "var": 435.963165283
    },
    "barkbands_skewness": {
        "dmean": 0.769622683525,
        "dmean2": 1.21079611778,
        "dvar": 1.36614704132,
        "dvar2": 3.36180830002,
        "max": 18.9415302277,
        "mean": 1.9845687151,
        "median": 1.71314883232,
        "min": -2.72467565536,
        "var": 3.71142935753
    },
    "barkbands_spread": {
        "dmean": 9.59249401093,
        "dmean2": 15.4454555511,
        "dvar": 132.350265503,
        "dvar2": 329.230651855,
        "max": 113.71547699,
        "mean": 38.4680633545,
        "median": 36.2429847717,
        "min": 0.0942862182856,
        "var": 460.458068848
    },
    "dissonance": {
        "dmean": 0.0108126997948,
        "dmean2": 0.0183290094137,
        "dvar": 0.000191644357983,
        "dvar2": 0.000523428549059,
        "max": 0.499999046326,
        "mean": 0.47816067934,
        "median": 0.486907064915,
        "min": 0.167031317949,
        "var": 0.000856409256812
    },
    "dynamic_complexity": 2.3169298172,
    "erbbands_crest": {
        "dmean": 1.94122123718,
        "dmean2": 3.14246153831,
        "dvar": 4.41160869598,
        "dvar2": 10.6236352921,
        "max": 32.5307006836,
        "mean": 7.61038064957,
        "median": 6.16317844391,
        "min": 2.25149059296,
        "var": 19.7845897675
    },
    "erbbands_flatness_db": {
        "dmean": 0.0142764924094,
        "dmean2": 0.0216974075884,
        "dvar": 0.00024147068325,
        "dvar2": 0.000507119984832,
        "max": 0.510685503483,
        "mean": 0.132929131389,
        "median": 0.116083681583,
        "min": 0.0466812774539,
        "var": 0.00352627574466
    },
    "erbbands_kurtosis": {
        "dmean": 1.18085968494,
        "dmean2": 1.88578546047,
        "dvar": 17.9039993286,
        "dvar2": 40.7246665955,
        "max": 249.461486816,
        "mean": 1.13350665569,
        "median": -0.166048645973,
        "min": -1.91374444962,
        "var": 99.0936431885
    },
    "erbbands_skewness": {
        "dmean": 0.354497551918,
        "dmean2": 0.557471394539,
        "dvar": 0.178337752819,
        "dvar2": 0.384959429502,
        "max": 11.381937027,
        "mean": -0.306108862162,
        "median": -0.419222682714,
        "min": -4.5892367363,
        "var": 1.20197737217
    },
    "erbbands_spread": {
        "dmean": 11.2684755325,
        "dmean2": 17.5117549896,
        "dvar": 213.986480713,
        "dvar2": 462.606414795,
        "max": 179.555587769,
        "mean": 53.862827301,
        "median": 50.2827186584,
        "min": 0.531370401382,
        "var": 692.897338867
    },
    "hfc": {
        "dmean": 12.8724222183,
        "dmean2": 20.7893295288,
        "dvar": 415.790527344,
        "dvar2": 1098.86193848,
        "max": 220.95753479,
        "mean": 43.2875137329,
        "median": 38.3197174072,
        "min": 1.09673786306e-16,
        "var": 1040.60522461
    },
    "melbands_crest": {
        "dmean": 3.1838927269,
        "dmean2": 4.96132946014,
        "dvar": 17.0505046844,
        "dvar2": 38.8881111145,
        "max": 38.9709892273,
        "mean": 22.816608429,
        "median": 23.1058731079,
        "min": 2.00627779961,
        "var": 70.6232681274
    },
    "melbands_flatness_db": {
        "dmean": 0.0329899415374,
        "dmean2": 0.0515849143267,
        "dvar": 0.00196381052956,
        "dvar2": 0.00467861676589,
        "max": 1,
        "mean": 0.202016144991,
        "median": 0.20123103261,
        "min": 0.00413997517899,
        "var": 0.00874373316765
    },
    "melbands_kurtosis": {
        "dmean": 21.8510169983,
        "dmean2": 35.1541290283,
        "dvar": 2632.70996094,
        "dvar2": 6619.34375,
        "max": 883.838806152,
        "mean": 41.1705436707,
        "median": 17.7793312073,
        "min": -1.71615111828,
        "var": 5914.62158203
    },
    "melbands_skewness": {
        "dmean": 1.34416615963,
        "dmean2": 2.09503340721,
        "dvar": 3.93714404106,
        "dvar2": 9.58625793457,
        "max": 25.5338287354,
        "mean": 4.67893981934,
        "median": 3.8667178154,
        "min": -1.53960990906,
        "var": 12.7980260849
    },
    "melbands_spread": {
        "dmean": 11.7720222473,
        "dmean2": 19.2539215088,
        "dvar": 332.107696533,
        "dvar2": 812.965637207,
        "max": 225.657226562,
        "mean": 33.3194770813,
        "median": 21.6756000519,
        "min": 0.0616401210427,
        "var": 976.6171875
    },
    "pitch_salience": {
        "dmean": 0.0806597843766,
        "dmean2": 0.12673021853,
        "dvar": 0.0100566195324,
        "dvar2": 0.0234094914049,
        "max": 0.978370189667,
        "mean": 0.39497923851,
        "median": 0.398617684841,
        "min": 0.0126046454534,
        "var": 0.0337068960071
    },
    "silence_rate_20dB": {
        "dmean": 0,
        "dmean2": 0,
        "dvar": 0,
        "dvar2": 0,
        "max": 1,
        "mean": 1,
        "median": 1,
        "min": 1,
        "var": 0
    },
    "silence_rate_30dB": {
        "dmean": 0.0649419799447,
        "dmean2": 0.129897788167,
        "dvar": 0.0607213564217,
        "dvar2": 0.13963252306,
        "max": 1,
        "mean": 0.917181193829,
        "median": 1,
        "min": 0,
        "var": 0.0759596675634
    },
    "silence_rate_60dB": {
        "dmean": 0.00723943347111,
        "dmean2": 0.0144804092124,
        "dvar": 0.00718796765432,
        "dvar2": 0.0174659732729,
        "max": 1,
        "mean": 0.0409836061299,
        "median": 0,
        "min": 0,
        "var": 0.0393027253449
    },
    "spectral_centroid": {
        "dmean": 338.437652588,
        "dmean2": 539.782836914,
        "dvar": 181781.8125,
        "dvar2": 396851,
        "max": 11498.4726562,
        "mean": 2420.46826172,
        "median": 2584.61767578,
        "min": 49.910358429,
        "var": 883116.4375
    },
    "spectral_complexity": {
        "dmean": 5.24603414536,
        "dmean2": 8.4718914032,
        "dvar": 35.2616271973,
        "dvar2": 88.7918014526,
        "max": 56,
        "mean": 22.9293174744,
        "median": 21,
        "min": 0,
        "var": 155.805755615
    },
    "spectral_decrease": {
        "dmean": 2.99324875996e-09,
        "dmean2": 4.57953541755e-09,
        "dvar": 2.09310857535e-17,
        "dvar2": 4.6162226908e-17,
        "max": 3.23978942187e-29,
        "mean": -1.29667521165e-08,
        "median": -1.07616866529e-08,
        "min": -4.22868744465e-08,
        "var": 9.679048797e-17
    },
    "spectral_energy": {
        "dmean": 0.0113204177469,
        "dmean2": 0.0172764956951,
        "dvar": 0.000284679379547,
        "dvar2": 0.000623283558525,
        "max": 0.161350145936,
        "mean": 0.0528658330441,
        "median": 0.0467073023319,
        "min": 1.03682865023e-20,
        "var": 0.00146068714093
    },
    "spectral_energyband_high": {
        "dmean": 0.00159435486421,
        "dmean2": 0.00260079652071,
        "dvar": 7.58836813475e-06,
        "dvar2": 1.94405802176e-05,
        "max": 0.039217133075,
        "mean": 0.00420444598421,
        "median": 0.00333125796169,
        "min": 7.35036731282e-21,
        "var": 1.48674262164e-05
    },
    "spectral_energyband_low": {
        "dmean": 0.0113182216883,
        "dmean2": 0.0173069536686,
        "dvar": 0.000357630371582,
        "dvar2": 0.000804412295111,
        "max": 0.15838059783,
        "mean": 0.0385937653482,
        "median": 0.0258928313851,
        "min": 4.01822647272e-23,
        "var": 0.00136675278191
    },
    "spectral_energyband_middle_high": {
        "dmean": 0.00209293724038,
        "dmean2": 0.00334514537826,
        "dvar": 1.10552864498e-05,
        "dvar2": 2.68479634542e-05,
        "max": 0.0583112277091,
        "mean": 0.00506619457155,
        "median": 0.00315676699392,
        "min": 1.23776935988e-21,
        "var": 3.00609081023e-05
    },
    "spectral_energyband_middle_low": {
        "dmean": 0.00207567051984,
        "dmean2": 0.00321776862256,
        "dvar": 1.28189312818e-05,
        "dvar2": 2.62073954218e-05,
        "max": 0.0656749606133,
        "mean": 0.00503995735198,
        "median": 0.00334963877685,
        "min": 2.52853901495e-22,
        "var": 2.74141493719e-05
    },
    "spectral_entropy": {
        "dmean": 0.125016584992,
        "dmean2": 0.196843281388,
        "dvar": 0.0232438780367,
        "dvar2": 0.0511731468141,
        "max": 9.81243038177,
        "mean": 8.04748916626,
        "median": 8.18403434753,
        "min": 3.29731869698,
        "var": 0.298283398151
    },
    "spectral_flux": {
        "dmean": 0.0294400602579,
        "dmean2": 0.0480118356645,
        "dvar": 0.00149786029942,
        "dvar2": 0.00377456285059,
        "max": 0.337627112865,
        "mean": 0.0915472134948,
        "median": 0.0751378759742,
        "min": 6.75355535384e-11,
        "var": 0.0035063594114
    },
    "spectral_kurtosis": {
        "dmean": 1.17664062977,
        "dmean2": 2.00477385521,
        "dvar": 42.3050308228,
        "dvar2": 124.085845947,
        "max": 386.24420166,
        "mean": 2.95952296257,
        "median": 1.35761833191,
        "min": -1.23143339157,
        "var": 162.727493286
    },
    "spectral_rms": {
        "dmean": 0.000747171638068,
        "dmean2": 0.0011361327488,
        "dvar": 1.12072802949e-06,
        "dvar2": 2.38162351707e-06,
        "max": 0.0125465048477,
        "mean": 0.00657194899395,
        "median": 0.00675041461363,
        "min": 3.18047194484e-12,
        "var": 8.38618871057e-06
    },
    "spectral_rolloff": {
        "dmean": 939.106872559,
        "dmean2": 1608.15710449,
        "dvar": 2047854.75,
        "dvar2": 4783168.5,
        "max": 19336.8164062,
        "mean": 2334.59912109,
        "median": 1227.39257812,
        "min": 43.06640625,
        "var": 6240205.5
    },
    "spectral_skewness": {
        "dmean": 0.159339189529,
        "dmean2": 0.256926208735,
        "dvar": 0.110426872969,
        "dvar2": 0.308807402849,
        "max": 17.5923500061,
        "mean": 1.04039120674,
        "median": 0.942955374718,
        "min": -0.147107958794,
        "var": 0.719851911068
    },
    "spectral_spread": {
        "dmean": 605852.375,
        "dmean2": 933278.5,
        "dvar": 632895438848,
        "dvar2": 1.19887547597e+12,
        "max": 42110188,
        "mean": 6120840,
        "median": 6159769.5,
        "min": 214511.40625,
        "var": 3.72773407949e+12
    },
    "spectral_strongpeak": {
        "dmean": 0.288047522306,
        "dmean2": 0.502750635147,
        "dvar": 1.15833520889,
        "dvar2": 3.13978385925,
        "max": 27.8694820404,
        "mean": 0.658286213875,
        "median": 0.448872953653,
        "min": 0,
        "var": 1.30016100407
    },
    "zerocrossingrate": {
        "dmean": 0.0147373815998,
        "dmean2": 0.018398668617,
        "dvar": 0.000261869980022,
        "dvar2": 0.000359207071597,
        "max": 0.8017578125,
        "mean": 0.0851419791579,
        "median": 0.07421875,
        "min": 0.001953125,
        "var": 0.0027528302744
    },
    "barkbands": {
        "dmean": [0.00126435200218, 0.0103307366371, 0.00170164671727, 0.00027974601835, 0.00108305283356, 0.00057967286557, 0.000596825208049, 0.000340743194101, 0.000199749993044, 0.000192240957404, 0.000292845244985, 0.000351014867192, 0.00044015221647, 0.000324445922161, 0.000294809404295, 0.000419783871621, 0.000283674628008, 0.000204414915061, 0.000365097948816, 0.000463561766082, 0.000539086817298, 0.000413404894061, 0.000376474868972, 0.000275530939689, 0.000162593714776, 6.96754068485e-05, 1.1271205949e-05],
        "dmean2": [0.00179244182073, 0.0162683539093, 0.00281293457374, 0.000473610940389, 0.00165733438917, 0.000904642860405, 0.000966399267782, 0.000529541866854, 0.000319699262036, 0.000317149155308, 0.000476033921586, 0.000576784252189, 0.00072835321771, 0.000515973719303, 0.000495720130857, 0.000671275716741, 0.000480425922433, 0.000329368020175, 0.000603699532803, 0.000770206388552, 0.000905901135411, 0.000688251690008, 0.000621841230895, 0.000424436206231, 0.000264135887846, 0.000110819251859, 1.85146054719e-05],
        "dvar": [4.96531720273e-06, 0.000320929539157, 4.42241580458e-05, 5.57997736905e-07, 8.49356001709e-06, 8.83302277543e-07, 1.07784148895e-06, 4.49847448181e-07, 1.30472244564e-07, 1.6986915341e-07, 6.74496561714e-07, 6.71808209063e-07, 7.75260900809e-07, 6.31561022146e-07, 5.07503841618e-07, 1.58111470228e-06, 4.94302355492e-07, 5.15643080234e-07, 7.43422447158e-07, 1.13123860501e-06, 2.06407617043e-06, 5.12911412898e-07, 3.23906277799e-07, 1.5276754084e-07, 6.64847661369e-08, 1.21862555602e-08, 3.5653568986e-10],
        "dvar2": [9.40551035455e-06, 0.000736097746994, 0.000100034143543, 1.505545697e-06, 1.59271876328e-05, 2.01887291951e-06, 2.49254185292e-06, 9.7898362128e-07, 3.17285923757e-07, 4.37645297779e-07, 1.40215774991e-06, 1.50311961988e-06, 1.92967627299e-06, 1.35714662974e-06, 1.21509708606e-06, 3.58507736564e-06, 1.22205563002e-06, 1.00794727587e-06, 1.83981580903e-06, 2.51108212979e-06, 4.89349440613e-06, 1.339131245e-06, 8.57097973039e-07, 3.40558671041e-07, 1.71484444422e-07, 3.02163130073e-08, 8.75570893566e-10],
        "max": [0.0300152730197, 0.149061918259, 0.0762921050191, 0.0146187627688, 0.0564245730639, 0.0226487945765, 0.0205150786787, 0.0250601824373, 0.00784615147859, 0.00942695699632, 0.018504101783, 0.0122946603224, 0.0169388316572, 0.0186634249985, 0.0259530991316, 0.0544569902122, 0.0233391113579, 0.0347737558186, 0.0326858609915, 0.0408063009381, 0.0291840489954, 0.0127521250397, 0.00866046827286, 0.00935151334852, 0.00409779883921, 0.00167573906947, 0.000351086171577],
        "mean": [0.00371745810844, 0.0330978445709, 0.0017890149029, 0.000310734729283, 0.00145666138269, 0.00123511988204, 0.000992162968032, 0.000637163640931, 0.000341185805155, 0.000280896114418, 0.00046888604993, 0.000479321432067, 0.000584220513701, 0.000458254624391, 0.000401678204071, 0.000632378214505, 0.000412721565226, 0.000340841361322, 0.000652310613077, 0.000805298681371, 0.000897059042472, 0.000838445906993, 0.000792328559328, 0.000723557372112, 0.000358360033715, 0.000144421559526, 1.73901826201e-05],
        "median": [0.00086735090008, 0.0220748484135, 0.000255113118328, 9.00986342458e-05, 0.000483668554807, 0.000418548006564, 0.000342001731042, 0.000190638122149, 0.000140261428896, 0.00011545693269, 0.000111151719466, 0.000164811324794, 0.000241298926994, 0.00019138767675, 0.000205626856769, 0.000252564263064, 0.00017286046932, 0.000133023771923, 0.000346718879882, 0.000408935709856, 0.000504569732584, 0.000579806277528, 0.000551903154701, 0.000423394900281, 0.000239773478825, 7.10105305188e-05, 4.99558655065e-06],
        "min": [3.43031904786e-24, 9.10793320961e-24, 1.49997735942e-23, 1.73273179503e-24, 9.28117574187e-24, 2.3289936513e-23, 2.41699771171e-23, 1.55733306926e-23, 3.4733624543e-23, 3.02131013018e-23, 4.52519929306e-23, 3.18609623131e-23, 2.78763406838e-23, 3.39720235152e-23, 6.80077806806e-23, 8.0678931546e-23, 9.60312249906e-23, 1.00508515499e-22, 1.74507114153e-22, 2.23256395689e-22, 3.11321444512e-22, 4.19099710839e-22, 5.56373473789e-22, 6.8075434654e-22, 9.79837945706e-22, 1.23951156866e-21, 2.02618557475e-21],
        "var": [2.51532219409e-05, 0.00108849944081, 4.15901959059e-05, 5.00458668284e-07, 1.25396281874e-05, 4.75898696095e-06, 2.97479937217e-06, 2.86134604721e-06, 3.10460222863e-07, 2.54726387539e-07, 2.15338036469e-06, 1.00695706351e-06, 1.20030847484e-06, 1.0691251191e-06, 6.90648789714e-07, 2.21238678932e-06, 9.95007781057e-07, 1.67698817677e-06, 1.15985255889e-06, 2.25141275223e-06, 2.3604393391e-06, 8.32112050375e-07, 6.45362092655e-07, 8.38309176743e-07, 1.49979598518e-07, 3.32681118209e-08, 7.13392067642e-10]
    },
    "erbbands": {
        "dmean": [0.460335731506, 2.02198266983, 2.4279153347, 1.00369906425, 1.91969871521, 4.76979446411, 3.03787350655, 6.36339330673, 8.52564716339, 8.10795116425, 5.54581546783, 4.83218050003, 4.65147256851, 7.63247299194, 12.4988365173, 14.6457586288, 19.888212204, 16.1139011383, 13.7158250809, 18.5491313934, 19.5756397247, 14.8209705353, 10.9824295044, 16.6928157806, 19.0656414032, 19.6184501648, 23.1413059235, 19.0396118164, 14.3820581436, 14.2408056259, 10.3816785812, 7.41730356216, 4.00522327423, 2.06121850014, 1.07823503017, 0.395638585091, 0.118971638381, 0.0241852048784, 0.00152904202696, 3.17767626257e-05],
        "dmean2": [0.698258280754, 3.17835998535, 3.86993551254, 1.64252781868, 3.10369610786, 7.35006856918, 4.70201015472, 9.76314163208, 13.9330759048, 12.7619485855, 8.92991542816, 7.65508556366, 7.47908353806, 12.5397691727, 20.303730011, 24.0473709106, 33.0132064819, 25.6364822388, 22.1854496002, 30.1915397644, 31.647895813, 24.7668685913, 17.4952297211, 28.097951889, 30.6001110077, 32.8886985779, 39.1609268188, 32.3892097473, 23.9625320435, 23.4020271301, 17.1400318146, 11.731511116, 6.24842405319, 3.33224225044, 1.76125192642, 0.629526972771, 0.191798746586, 0.0388637781143, 0.00251553324051, 5.02808252349e-05],
        "dvar": [0.649384438992, 15.0500125885, 57.0206794739, 11.3038434982, 25.3569717407, 209.582275391, 56.0776100159, 114.470672607, 253.281692505, 194.484130859, 122.216316223, 77.9731292725, 90.6593780518, 447.965026855, 1480.9296875, 1129.60192871, 1543.85131836, 1283.8671875, 922.096679688, 2226.56591797, 1952.72399902, 1476.40576172, 2119.17993164, 2145.89526367, 1704.85302734, 1601.49523926, 4169.22998047, 1949.24609375, 667.76751709, 527.896118164, 277.446594238, 134.914077759, 33.7022399902, 9.22843933105, 3.5937962532, 0.392117649317, 0.0400044843554, 0.00153468723875, 7.16733256922e-06, 2.23883112049e-09],
        "dvar2": [1.3952729702, 34.9954566956, 118.980621338, 26.9147205353, 55.8212623596, 400.06854248, 113.50718689, 247.911834717, 613.450683594, 431.064147949, 297.709533691, 178.655883789, 226.202560425, 1035.19665527, 3164.41577148, 2483.52026367, 3922.27172852, 2847.85131836, 1929.92224121, 5279.38330078, 4584.32177734, 3473.2109375, 4095.63916016, 5329.11132812, 3796.62939453, 3942.79418945, 10413.4501953, 4572.32177734, 1715.1685791, 1449.84057617, 744.268188477, 325.039733887, 79.5454711914, 22.3377799988, 9.58405780792, 0.981365859509, 0.101040877402, 0.00371218752116, 1.79268354259e-05, 5.29876897915e-09],
        "max": [6.94715881348, 36.1410446167, 84.3667526245, 41.8982925415, 222.723098755, 206.143554688, 100.71308136, 280.394744873, 363.64239502, 466.411468506, 245.957778931, 239.676208496, 201.787902832, 562.958862305, 934.100036621, 544.647277832, 705.899475098, 859.403747559, 1203.12036133, 1485.31396484, 1595.82446289, 1612.07385254, 2371.83251953, 1469.28857422, 1713.00390625, 749.742675781, 1396.71044922, 740.964660645, 524.151123047, 399.129821777, 302.241027832, 291.96875, 105.404388428, 65.7777786255, 36.2645759583, 12.6074972153, 3.09292221069, 0.583544015884, 0.0402626357973, 0.000761195202358],
        "mean": [1.46091675758, 5.26122331619, 3.69915342331, 1.15620946884, 2.56603622437, 6.03203487396, 4.74303388596, 14.0007886887, 15.1078300476, 15.697057724, 9.23826217651, 8.52059078217, 7.89232397079, 11.1569700241, 20.5320625305, 20.7533874512, 27.4685249329, 24.3567371368, 21.618221283, 27.7197399139, 30.7328586578, 23.9682102203, 19.5384044647, 26.5917701721, 36.8010215759, 35.0365142822, 38.5962753296, 32.6805915833, 28.7663860321, 28.0928611755, 22.1175479889, 18.149356842, 10.0151939392, 4.73056030273, 2.18104577065, 0.807017922401, 0.235834002495, 0.0465114079416, 0.00242357933894, 0.000116872091894],
        "median": [0.537618637085, 3.47002243996, 1.07759046555, 0.395397931337, 0.932433068752, 1.64169478416, 1.83967137337, 4.25582313538, 5.80134677887, 5.6181230545, 3.97508215904, 3.5309689045, 3.85947465897, 4.2125749588, 5.55600547791, 7.82919883728, 11.8643884659, 11.6950321198, 11.9718523026, 13.7132377625, 14.0369005203, 10.0174160004, 7.53573226929, 13.2443780899, 19.697687149, 18.5102710724, 19.6717643738, 20.4122962952, 19.7294998169, 19.7897529602, 15.4307479858, 10.5767288208, 5.99930667877, 3.1169295311, 1.26850879192, 0.430043339729, 0.106100469828, 0.0186697039753, 0.000708660343662, 0.000115874994663],
        "min": [1.50339016102e-22, 2.09367087076e-21, 1.43164332985e-20, 2.70600472858e-20, 1.73213445882e-20, 2.85827543153e-20, 6.52717106126e-20, 1.40113177129e-19, 3.0178958281e-19, 3.38935188042e-19, 5.85321376646e-19, 7.13953648765e-19, 9.17628676633e-19, 1.48091375497e-18, 2.87470719346e-18, 1.80419796203e-18, 1.72443655448e-18, 2.92213917735e-18, 2.7336054838e-18, 3.25866209993e-18, 5.93546633183e-18, 6.60576221504e-18, 5.229570663e-18, 7.39975510065e-18, 9.17624044421e-18, 9.27450536508e-18, 1.1501321069e-17, 1.36580720935e-17, 1.35852305688e-17, 1.49987217626e-17, 1.35756906948e-17, 1.3468239106e-17, 1.29066256563e-17, 1.0332824229e-17, 6.77682688803e-18, 4.85484833294e-18, 2.16843991374e-18, 9.59816025246e-19, 2.55864075762e-19, 2.9043132025e-20],
        "var": [2.40783905983, 44.517539978, 74.0930480957, 10.1437492371, 38.6636314392, 283.199157715, 77.40990448, 705.049865723, 754.842468262, 1205.77819824, 256.176696777, 212.73197937, 162.922424316, 867.937194824, 4562.83935547, 1690.74633789, 2254.1081543, 2009.39233398, 1634.65759277, 3100.86816406, 3134.30224609, 3887.14111328, 7361.84814453, 2904.30908203, 4108.8203125, 2743.25878906, 5097.44287109, 2246.89404297, 1049.89904785, 872.886657715, 511.980194092, 552.718505859, 144.903747559, 25.4436759949, 6.78871822357, 0.990334510803, 0.0983469933271, 0.00390937877819, 1.39734929689e-05, 8.34658564486e-09]
    },
    "gfcc": {
        "mean": [27.1720561981, 34.361995697, -103.221664429, 53.9972229004, -59.0564575195, 30.6991958618, -31.4550476074, 13.7172775269, -13.1965856552, 19.0552043915, -5.71709108353, 6.87359142303, -6.33400201797],
        "cov": [[10130.9658203, -1122.55053711, 602.884033203, 729.057495117, 560.937194824, 958.233703613, 418.091125488, 790.300415039, -35.050579071, 531.727111816, -60.5094032288, 632.62677002, -408.481719971], [-1122.55053711, 1609.6541748, -180.684188843, -453.352722168, -274.279876709, -527.004821777, -139.302398682, -288.840148926, -24.0045223236, -183.555374146, 100.218452454, -142.281478882, 99.5586776733], [602.884033203, -180.684188843, 1004.54656982, 437.894927979, 194.430023193, 293.674133301, 119.359642029, 176.540969849, 32.2834968567, 93.3690414429, 6.29414272308, 68.2671966553, -40.8808708191], [729.057495117, -453.352722168, 437.894927979, 878.663391113, 359.014526367, 419.016601562, 151.973434448, 175.948425293, 89.9696350098, 80.0660476685, 11.2716093063, 13.9063920975, -30.2838020325], [560.937194824, -274.279876709, 194.430023193, 359.014526367, 684.995422363, 456.261535645, 301.385620117, 171.085586548, 111.651191711, 95.6440582275, 29.7081737518, 74.733505249, -43.6641807556], [958.233703613, -527.004821777, 293.674133301, 419.016601562, 456.261535645, 633.669311523, 278.849517822, 226.87701416, 89.2831420898, 110.395843506, 15.5786161423, 80.5089645386, -63.8686637878], [418.091125488, -139.302398682, 119.359642029, 151.973434448, 301.385620117, 278.849517822, 309.109466553, 187.841842651, 86.5385513306, 93.1532440186, 40.5687294006, 59.8141822815, -37.8651695251], [790.300415039, -288.840148926, 176.540969849, 175.948425293, 171.085586548, 226.87701416, 187.841842651, 311.34463501, 102.010986328, 140.748947144, 40.4955101013, 101.208511353, -38.675075531], [-35.050579071, -24.0045223236, 32.2834968567, 89.9696350098, 111.651191711, 89.2831420898, 86.5385513306, 102.010986328, 145.473114014, 69.1795425415, 51.258846283, 13.1820306778, 3.00096702576], [531.727111816, -183.555374146, 93.3690414429, 80.0660476685, 95.6440582275, 110.395843506, 93.1532440186, 140.748947144, 69.1795425415, 178.312332153, 55.7457199097, 83.2620544434, -24.8932590485], [-60.5094032288, 100.218452454, 6.29414272308, 11.2716093063, 29.7081737518, 15.5786161423, 40.5687294006, 40.4955101013, 51.258846283, 55.7457199097, 131.276885986, 44.1556892395, 25.3063259125], [632.62677002, -142.281478882, 68.2671966553, 13.9063920975, 74.733505249, 80.5089645386, 59.8141822815, 101.208511353, 13.1820306778, 83.2620544434, 44.1556892395, 144.257598877, 5.24786424637], [-408.481719971, 99.5586776733, -40.8808708191, -30.2838020325, -43.6641807556, -63.8686637878, -37.8651695251, -38.675075531, 3.00096702576, -24.8932590485, 25.3063259125, 5.24786424637, 105.050788879]],
        "icov": [[0.000249212025665, -0.000219663939788, 0.000138423143653, -0.000223703682423, 0.000116993265692, -0.000333308445988, 0.000252926780377, -0.00033624045318, 0.00038671301445, -0.000346282118699, 0.000554346304853, -0.0011316658929, 0.0008098508697], [-0.000219663939788, 0.00154238543473, -0.000482972187456, 0.000601864012424, -0.000330207083607, 0.00139226368628, -0.000968408363406, 0.000904438260477, -0.000761973729823, 0.00131172011606, -0.0020676930435, 0.00179419456981, -0.000896141864359], [0.000138423143653, -0.000482972187456, 0.00154464272782, -0.000822742120363, 0.0002491545456, -0.000687413557898, 0.000374283932615, -0.000681966193952, 0.000712754728738, -0.000626117631327, 0.00079510838259, -0.00112710508984, 0.000625399523415], [-0.000223703682423, 0.000601864012424, -0.000822742120363, 0.00246077473275, -0.000810817349702, -0.000368646899005, 0.000468286278192, -0.000174972301465, -0.000601398991421, 0.000426035170676, -0.00114084826782, 0.00248448550701, -0.00123896088917], [0.000116993265692, -0.000330207083607, 0.0002491545456, -0.000810817349702, 0.00388863938861, -0.00182683975436, -0.00223990133964, 0.00129306816962, -0.00117424863856, -8.64035828272e-05, 0.00104606198147, -0.00203926255926, 0.000668344437145], [-0.000333308445988, 0.00139226368628, -0.000687413557898, -0.000368646899005, -0.00182683975436, 0.00573905184865, -0.0024092302192, 0.000220292466111, -0.000561357708648, 0.00140449474566, -0.00155238935258, 0.00151396752335, -0.000399513024604], [0.000252926780377, -0.000968408363406, 0.000374283932615, 0.000468286278192, -0.00223990133964, -0.0024092302192, 0.00931072793901, -0.00411864044145, 0.000517123145983, -0.000942290527746, 1.71845022123e-05, -0.000312161340844, 0.00139925163239], [-0.00033624045318, 0.000904438260477, -0.000681966193952, -0.000174972301465, 0.00129306816962, 0.000220292466111, -0.00411864044145, 0.00972081255168, -0.00438985554501, -0.0013141008094, 9.26489447011e-05, -0.00207416759804, 0.000180499540875], [0.00038671301445, -0.000761973729823, 0.000712754728738, -0.000601398991421, -0.00117424863856, -0.000561357708648, 0.000517123145983, -0.00438985554501, 0.0133673502132, -0.00378513149917, -0.0020459855441, 0.00268063694239, -0.000849128235132], [-0.000346282118699, 0.00131172011606, -0.000626117631327, 0.000426035170676, -8.64035828272e-05, 0.00140449474566, -0.000942290527746, -0.0013141008094, -0.00378513149917, 0.0128508005291, -0.00415010983124, -0.00221615633927, 0.00154783891048], [0.000554346304853, -0.0020676930435, 0.00079510838259, -0.00114084826782, 0.00104606198147, -0.00155238935258, 1.71845022123e-05, 9.26489447011e-05, -0.0020459855441, -0.00415010983124, 0.0141549250111, -0.0062202764675, -0.000397168565542], [-0.0011316658929, 0.00179419456981, -0.00112710508984, 0.00248448550701, -0.00203926255926, 0.00151396752335, -0.000312161340844, -0.00207416759804, 0.00268063694239, -0.00221615633927, -0.0062202764675, 0.0189354624599, -0.00667568901554], [0.0008098508697, -0.000896141864359, 0.000625399523415, -0.00123896088917, 0.000668344437145, -0.000399513024604, 0.00139925163239, 0.000180499540875, -0.000849128235132, 0.00154783891048, -0.000397168565542, -0.00667568901554, 0.0148296598345]]
    },
    "melbands": {
        "dmean": [0.00331340567209, 0.00165190233383, 0.000204589989153, 0.000237669053604, 0.000140453863423, 0.000136107279104, 0.000125350648887, 8.77665443113e-05, 4.29006104241e-05, 3.01465315715e-05, 2.40127628786e-05, 3.11043804686e-05, 3.72211216018e-05, 3.61618913303e-05, 4.61449453724e-05, 4.63048709207e-05, 3.08177986881e-05, 2.3035594495e-05, 2.48812775681e-05, 3.39446705766e-05, 2.16639637074e-05, 1.8960045054e-05, 1.03377178675e-05, 8.94611366675e-06, 1.51105487021e-05, 1.48655244629e-05, 1.57345857588e-05, 1.42638618854e-05, 1.5296980564e-05, 1.44174155139e-05, 1.07638370537e-05, 8.96470373846e-06, 8.89982129593e-06, 8.1059833974e-06, 6.73333215673e-06, 5.58761848879e-06, 4.41889324065e-06, 3.22888968185e-06, 2.44595389631e-06, 1.70368855379e-06],
        "dmean2": [0.00512812985107, 0.002516082488, 0.000334886019118, 0.000366484076949, 0.000215049745748, 0.00021198153263, 0.000203161573154, 0.000137059396366, 6.94817063049e-05, 4.76684690511e-05, 3.86990323022e-05, 5.12557708134e-05, 6.11896757619e-05, 5.89957016928e-05, 7.665692101e-05, 7.65214717831e-05, 4.88958285132e-05, 3.71316200471e-05, 4.18468371208e-05, 5.43906862731e-05, 3.57535100193e-05, 3.19855826092e-05, 1.65451619978e-05, 1.45351086758e-05, 2.55829145317e-05, 2.46462659561e-05, 2.56757957686e-05, 2.40885037783e-05, 2.5983865271e-05, 2.47515363299e-05, 1.83824340638e-05, 1.50731420945e-05, 1.46394895637e-05, 1.34678111863e-05, 1.12226034616e-05, 9.18262048799e-06, 6.98604117133e-06, 5.12867973157e-06, 4.02381510867e-06, 2.76551600109e-06],
        "dvar": [3.17902995448e-05, 1.40098563861e-05, 3.72500721824e-07, 3.68368233694e-07, 1.73058452901e-07, 4.88482321259e-08, 5.00701808903e-08, 2.42481466017e-08, 7.73674901922e-09, 3.27841309655e-09, 2.53354914825e-09, 7.01097135902e-09, 1.1244266851e-08, 7.57923324102e-09, 1.20504868306e-08, 9.94294691026e-09, 5.09684472405e-09, 3.53828810695e-09, 4.46575532109e-09, 1.43952725296e-08, 2.01172789538e-09, 2.68349920063e-09, 1.52733203862e-09, 7.36282645963e-10, 1.89396009986e-09, 1.10477604842e-09, 1.89898474723e-09, 9.15717113248e-10, 1.61135171872e-09, 1.56804425e-09, 5.05495145742e-10, 2.69421263077e-10, 2.09582712296e-10, 1.60999685805e-10, 1.20971191397e-10, 7.10802805504e-11, 4.67719335484e-11, 2.43897697177e-11, 1.33205616676e-11, 6.65189344579e-12],
        "dvar2": [7.06916835043e-05, 2.92921613436e-05, 8.92615958037e-07, 7.22685740584e-07, 3.35780413252e-07, 1.10828381139e-07, 1.19374576002e-07, 5.25085361858e-08, 1.87836626253e-08, 7.53274154164e-09, 6.27997431835e-09, 1.64820015414e-08, 2.41960265157e-08, 1.75866130547e-08, 2.77880136679e-08, 2.44640681046e-08, 1.13894671472e-08, 7.15522885386e-09, 1.05431334774e-08, 3.24752278402e-08, 4.82297002335e-09, 6.3404934636e-09, 2.97764235491e-09, 1.51107160118e-09, 4.74941375117e-09, 2.87675416821e-09, 3.9060661372e-09, 2.20439422272e-09, 4.0896961373e-09, 3.71329877957e-09, 1.2243273062e-09, 7.07173486436e-10, 5.4366278146e-10, 4.37753194804e-10, 3.27845639525e-10, 1.79821768587e-10, 1.12885083225e-10, 6.05785283048e-11, 3.36514809074e-11, 1.66102531035e-11],
        "max": [0.0481044352055, 0.040162269026, 0.00874774437398, 0.014201537706, 0.00606983434409, 0.00544389849529, 0.00477236555889, 0.00584919424728, 0.00226586614735, 0.00156221992802, 0.0011261847103, 0.00208245799877, 0.00245749019086, 0.00147643918172, 0.0018366323784, 0.00234039034694, 0.00149762805086, 0.00246607814915, 0.00279466295615, 0.00521136960015, 0.00108365912456, 0.00210796040483, 0.00192311115097, 0.00120218272787, 0.00139874685556, 0.00115122180432, 0.00222060736269, 0.000668112770654, 0.000794110819697, 0.000825154362246, 0.000289333343972, 0.000392378278775, 0.000260371918557, 0.000191648490727, 0.00018457902479, 0.000172720043338, 0.000173246182385, 9.59632743616e-05, 6.89300140948e-05, 4.99308771396e-05],
        "mean": [0.0108523117378, 0.0036620371975, 0.000239866887568, 0.00032137875678, 0.000204049400054, 0.000296359939966, 0.000218807297642, 0.00017050668248, 6.68983557262e-05, 5.27668817085e-05, 3.8899404899e-05, 4.33425229858e-05, 5.96377904003e-05, 5.33304992132e-05, 6.07515103184e-05, 6.19443453616e-05, 4.33451350546e-05, 3.43542305927e-05, 3.24188695231e-05, 4.85590026074e-05, 3.17092853948e-05, 2.75531201623e-05, 1.76366938831e-05, 1.44642208397e-05, 2.1818868845e-05, 2.6497475119e-05, 2.66216557065e-05, 2.27827094932e-05, 2.43017257162e-05, 2.25579260587e-05, 1.74370434252e-05, 1.60433246492e-05, 1.6618083464e-05, 1.49309853441e-05, 1.28553429022e-05, 1.21732182379e-05, 1.03821912489e-05, 7.36929268896e-06, 5.38303447684e-06, 3.49831771018e-06],
        "median": [0.00609606597573, 0.0018437843537, 8.11499776319e-05, 0.000106006831629, 7.25659483578e-05, 9.37368604355e-05, 8.61101143528e-05, 5.4053394706e-05, 2.77656490653e-05, 2.03793679248e-05, 1.73525149876e-05, 1.48654280565e-05, 1.57619069796e-05, 1.81487375812e-05, 2.11596579902e-05, 2.30535897572e-05, 1.83579613804e-05, 1.74107008206e-05, 1.5679102944e-05, 1.76227731572e-05, 1.47798709804e-05, 1.02786816569e-05, 6.75164301356e-06, 5.80247251492e-06, 1.02708127088e-05, 1.33782286866e-05, 1.25745700643e-05, 1.14160502562e-05, 1.11508088594e-05, 1.18579418995e-05, 1.10783057607e-05, 1.05397775769e-05, 1.10049950308e-05, 1.01504501799e-05, 8.69519681146e-06, 7.49051741877e-06, 5.75355988985e-06, 4.32139313489e-06, 3.10518930746e-06, 2.25068652071e-06],
        "min": [2.48307262225e-24, 6.10105102984e-24, 4.41282597823e-24, 1.58388675842e-24, 2.09174495679e-24, 3.93956149991e-24, 4.76437197988e-24, 3.24682447928e-24, 5.25328706412e-24, 4.26911366509e-24, 4.58957263062e-24, 5.36113026632e-24, 9.12355896642e-24, 2.97419158664e-24, 5.56132659798e-24, 3.00146684687e-24, 4.51434212154e-24, 3.13273034327e-24, 5.20930530764e-24, 3.98961078004e-24, 5.97886199765e-24, 5.7816254721e-24, 4.74666678572e-24, 3.95205429564e-24, 5.57487331188e-24, 7.28782520857e-24, 6.4485560915e-24, 5.8148104838e-24, 4.61213444694e-24, 6.28919238358e-24, 7.55413281726e-24, 7.09177670754e-24, 8.33292943505e-24, 7.31317683148e-24, 5.7119319777e-24, 7.62651001645e-24, 7.29133406187e-24, 5.80724294113e-24, 7.55067366219e-24, 7.47267582905e-24],
        "var": [0.000114733054943, 3.2050334994e-05, 3.50320391362e-07, 5.7346903759e-07, 2.18922266981e-07, 2.80660572116e-07, 1.4361786782e-07, 1.71741419308e-07, 1.28462378512e-08, 9.30504473473e-09, 4.56876048105e-09, 1.28312169778e-08, 3.42528849728e-08, 1.34621247483e-08, 1.73575536166e-08, 1.71608380839e-08, 7.67613350661e-09, 6.26044061036e-09, 6.22258999883e-09, 1.87130240192e-08, 3.12388581669e-09, 6.44199227295e-09, 5.19184029102e-09, 2.17551443527e-09, 2.37788277957e-09, 1.94247484764e-09, 4.0718588501e-09, 1.42539469117e-09, 2.223600859e-09, 1.7275129105e-09, 5.69855662658e-10, 3.74996422803e-10, 3.62018109934e-10, 2.65129224131e-10, 1.91771987179e-10, 1.9522462813e-10, 1.93396368364e-10, 8.15652059782e-11, 4.46393200182e-11, 1.51668590881e-11]
    },
    "mfcc": {
        "mean": [-614.015808105, 59.3663444519, 18.1011047363, 26.2313308716, 7.01540803909, 19.2466888428, 3.36413502693, 2.33493566513, 2.39607262611, 11.6704397202, 3.37514400482, 9.40696239471, 9.64723110199],
        "cov": [[7039.97558594, -803.532775879, 29.9650745392, 397.020996094, 406.978088379, 556.387695312, 558.269470215, 686.776123047, 257.706298828, 193.572555542, 531.02746582, 267.53692627, 308.579284668], [-803.532775879, 1353.9453125, -95.947265625, -214.863754272, -303.635040283, -333.037628174, -223.670150757, -231.491638184, -206.754867554, -161.148635864, -93.1945495605, -79.1370773315, -87.4009246826], [29.9650745392, -95.947265625, 778.803344727, 225.110717773, 126.890892029, 67.8751220703, 52.2784538269, 52.6305618286, 26.5702705383, 63.555480957, 10.8315563202, 19.5296115875, -12.0908117294], [397.020996094, -214.863754272, 225.110717773, 478.368682861, 212.218933105, 158.83543396, 126.520492554, 102.2603302, 88.7215270996, 84.7462234497, 66.3514099121, 75.0997009277, 38.3516921997], [406.978088379, -303.635040283, 126.890892029, 212.218933105, 415.220916748, 317.997436523, 214.622161865, 200.985900879, 137.886062622, 114.06893158, 93.6773605347, 76.6551971436, 64.9529266357], [556.387695312, -333.037628174, 67.8751220703, 158.83543396, 317.997436523, 445.670318604, 270.256439209, 216.434646606, 149.439376831, 113.591743469, 117.873390198, 70.8742218018, 64.2048034668], [558.269470215, -223.670150757, 52.2784538269, 126.520492554, 214.622161865, 270.256439209, 315.439086914, 233.371368408, 136.896209717, 116.523742676, 124.536560059, 93.2206039429, 84.6992263794], [686.776123047, -231.491638184, 52.6305618286, 102.2603302, 200.985900879, 216.434646606, 233.371368408, 292.920593262, 150.708450317, 114.774940491, 143.062713623, 80.7030258179, 76.1283416748], [257.706298828, -206.754867554, 26.5702705383, 88.7215270996, 137.886062622, 149.439376831, 136.896209717, 150.708450317, 179.541748047, 112.187416077, 82.0868453979, 59.7671203613, 56.2813186646], [193.572555542, -161.148635864, 63.555480957, 84.7462234497, 114.06893158, 113.591743469, 116.523742676, 114.774940491, 112.187416077, 154.503692627, 102.729911804, 60.7859230042, 47.2745857239], [531.02746582, -93.1945495605, 10.8315563202, 66.3514099121, 93.6773605347, 117.873390198, 124.536560059, 143.062713623, 82.0868453979, 102.729911804, 195.535873413, 92.9953918457, 66.5483779907], [267.53692627, -79.1370773315, 19.5296115875, 75.0997009277, 76.6551971436, 70.8742218018, 93.2206039429, 80.7030258179, 59.7671203613, 60.7859230042, 92.9953918457, 139.166885376, 88.6040496826], [308.579284668, -87.4009246826, -12.0908117294, 38.3516921997, 64.9529266357, 64.2048034668, 84.6992263794, 76.1283416748, 56.2813186646, 47.2745857239, 66.5483779907, 88.6040496826, 129.56300354]],
