{
"lowlevel": {
    "average_loudness": 0.838365316391,
    "barkbands_crest": {
        "dmean": 3.00461244583,
        "dmean2": 4.8220500946,
        "dvar": 11.3232126236,
        "dvar2": 29.5475635529,
        "max": 26.6175251007,
        "mean": 15.3419723511,
        "median": 16.1736488342,
        "min": 2.26035404205,
        "var": 40.5999984741
    },
    "barkbands_flatness_db": {
        "dmean": 0.0412098765373,
        "dmean2": 0.0617966726422,
        "dvar": 0.00222359225154,
        "dvar2": 0.00487746484578,
        "max": 0.655815064907,
        "mean": 0.18787316978,
        "median": 0.17624989152,
        "min": 0.0136486990377,
        "var": 0.00942560471594
    },
    "barkbands_kurtosis": {
        "dmean": 27.7904243469,
        "dmean2": 44.3698806763,
        "dvar": 7719.93457031,
        "dvar2": 17903.5566406,
        "max": 1996.5736084,
        "mean": 44.9961128235,
        "median": 12.8965797424,
        "min": -1.91836702824,
        "var": 12809.1513672
    },
    "barkbands_skewness": {
        "dmean": 1.53132736683,
        "dmean2": 2.31763195992,
        "dvar": 4.68734359741,
        "dvar2": 11.0021123886,
        "max": 38.5682907104,
        "mean": 4.27361536026,
        "median": 3.33775043488,
        "min": -4.70390701294,
        "var": 15.2142162323
    },
    "barkbands_spread": {
        "dmean": 9.28510189056,
        "dmean2": 14.8583679199,
        "dvar": 177.301254272,
        "dvar2": 423.764953613,
        "max": 119.434371948,
        "mean": 19.3057308197,
        "median": 11.8326463699,
        "min": 0.0596232749522,
        "var": 410.55279541
    },
    "dissonance": {
        "dmean": 0.0163066592067,
        "dmean2": 0.0275687929243,
        "dvar": 0.000323005748214,
        "dvar2": 0.000892725889571,
        "max": 0.500000178814,
        "mean": 0.4698574543,
        "median": 0.47568371892,
        "min": 0.220570012927,
        "var": 0.000623579602689
    },
    "dynamic_complexity": 3.61451554298,
    "erbbands_crest": {
        "dmean": 2.57981586456,
        "dmean2": 4.24057674408,
        "dvar": 7.93493795395,
        "dvar2": 19.1469669342,
        "max": 33.9864997864,
        "mean": 7.95855045319,
        "median": 6.61719894409,
        "min": 2.07333421707,
        "var": 20.4983119965
    },
    "erbbands_flatness_db": {
        "dmean": 0.0172393973917,
        "dmean2": 0.0261978078634,
        "dvar": 0.000444301753305,
        "dvar2": 0.00093668414047,
        "max": 0.601561367512,
        "mean": 0.114605635405,
        "median": 0.107337847352,
        "min": 0.0200087409467,
        "var": 0.00254965340719
    },
    "erbbands_kurtosis": {
        "dmean": 1.07619905472,
        "dmean2": 1.72019433975,
        "dvar": 8.20417118073,
        "dvar2": 18.0619564056,
        "max": 107.199607849,
        "mean": 0.377854704857,
        "median": -0.342592835426,
        "min": -1.8484249115,
        "var": 12.5741109848
    },
    "erbbands_skewness": {
        "dmean": 0.444598644972,
        "dmean2": 0.704635977745,
        "dvar": 0.313965857029,
        "dvar2": 0.741556942463,
        "max": 7.99162817001,
        "mean": 0.309045791626,
        "median": 0.242947191,
        "min": -5.38539648056,
        "var": 0.801251113415
    },
    "erbbands_spread": {
        "dmean": 13.1050949097,
        "dmean2": 20.3465137482,
        "dvar": 219.221664429,
        "dvar2": 509.031921387,
        "max": 195.520126343,
        "mean": 59.078994751,
        "median": 54.4227371216,
        "min": 0.475055277348,
        "var": 817.464172363
    },
    "hfc": {
        "dmean": 15.9015836716,
        "dmean2": 26.7908973694,
        "dvar": 1035.58947754,
        "dvar2": 2800.77929688,
        "max": 363.855987549,
        "mean": 28.4292697906,
        "median": 16.1722106934,
        "min": 1.20713299056e-16,
        "var": 1271.63769531
    },
    "melbands_crest": {
        "dmean": 3.86014175415,
        "dmean2": 6.20092201233,
        "dvar": 20.6354942322,
        "dvar2": 50.7536621094,
        "max": 39.7710151672,
        "mean": 23.5439872742,
        "median": 24.0759849548,
        "min": 1.00362503529,
        "var": 95.6735305786
    },
    "melbands_flatness_db": {
        "dmean": 0.0483446232975,
        "dmean2": 0.0725121572614,
        "dvar": 0.00304111326113,
        "dvar2": 0.00681465491652,
        "max": 0.793659627438,
        "mean": 0.274518579245,
        "median": 0.272106409073,
        "min": -6.04003446369e-07,
        "var": 0.0137204704806
    },
    "melbands_kurtosis": {
        "dmean": 68.971206665,
        "dmean2": 109.764900208,
        "dvar": 42246.6914062,
        "dvar2": 107271.15625,
        "max": 4039.60400391,
        "mean": 109.926559448,
        "median": 43.3507232666,
        "min": -1.82124459743,
        "var": 49176.2773438
    },
    "melbands_skewness": {
        "dmean": 2.18387007713,
        "dmean2": 3.33049297333,
        "dvar": 10.9510383606,
        "dvar2": 25.7200393677,
        "max": 51.5728492737,
        "mean": 6.73962068558,
        "median": 5.58001852036,
        "min": -20.4862861633,
        "var": 27.5987949371
    },
    "melbands_spread": {
        "dmean": 8.53461265564,
        "dmean2": 13.9260654449,
        "dvar": 252.053817749,
        "dvar2": 624.51373291,
        "max": 270.361602783,
        "mean": 15.915772438,
        "median": 6.9479675293,
        "min": 0.0569371730089,
        "var": 541.333679199
    },
    "pitch_salience": {
        "dmean": 0.0974354743958,
        "dmean2": 0.154008701444,
        "dvar": 0.0117231765762,
        "dvar2": 0.0300315916538,
        "max": 0.997656106949,
        "mean": 0.387301266193,
        "median": 0.379927426577,
        "min": 0.0131640117615,
        "var": 0.0480691753328
    },
    "silence_rate_20dB": {
        "dmean": 0.00183368474245,
        "dmean2": 0.00366770592518,
        "dvar": 0.00183058762923,
        "dvar2": 0.00512233376503,
        "max": 1,
        "mean": 0.998899877071,
        "median": 1,
        "min": 0,
        "var": 0.00109876180068
    },
    "silence_rate_30dB": {
        "dmean": 0.103053085506,
        "dmean2": 0.206125065684,
        "dvar": 0.0924326330423,
        "dvar2": 0.201778128743,
        "max": 1,
        "mean": 0.611386120319,
        "median": 1,
        "min": 0,
        "var": 0.2375985533
    },
    "silence_rate_60dB": {
        "dmean": 0.0229210592806,
        "dmean2": 0.045846324414,
        "dvar": 0.022393964231,
        "dvar2": 0.0507146529853,
        "max": 1,
        "mean": 0.138613864779,
        "median": 0,
        "min": 0,
        "var": 0.119408279657
    },
    "spectral_centroid": {
        "dmean": 366.767089844,
        "dmean2": 589.565185547,
        "dvar": 228241.421875,
        "dvar2": 534617.125,
        "max": 11252.8886719,
        "mean": 1353.70483398,
        "median": 1158.90429688,
        "min": 67.4043502808,
        "var": 737196.25
    },
    "spectral_complexity": {
        "dmean": 5.14183568954,
        "dmean2": 8.15679454803,
        "dvar": 49.6844406128,
        "dvar2": 110.036849976,
        "max": 64,
        "mean": 14.9904661179,
        "median": 12,
        "min": 0,
        "var": 133.118988037
    },
    "spectral_decrease": {
        "dmean": 7.98940646973e-09,
        "dmean2": 1.20983267848e-08,
        "dvar": 1.39629384418e-16,
        "dvar2": 3.24540938438e-16,
        "max": 1.10596271724e-11,
        "mean": -2.18524789375e-08,
        "median": -1.8650862188e-08,
        "min": -9.91985587007e-08,
        "var": 3.94096637089e-16
    },
    "spectral_energy": {
        "dmean": 0.0306710191071,
        "dmean2": 0.0464753657579,
        "dvar": 0.00199353229254,
        "dvar2": 0.0046363985166,
        "max": 0.37756973505,
        "mean": 0.0850550755858,
        "median": 0.0735269263387,
        "min": 1.04398158149e-20,
        "var": 0.0057210130617
    },
    "spectral_energyband_high": {
        "dmean": 0.00145632191561,
        "dmean2": 0.00249776104465,
        "dvar": 1.09249795059e-05,
        "dvar2": 2.9566070225e-05,
        "max": 0.0405997596681,
        "mean": 0.00198750128038,
        "median": 0.000516984262504,
        "min": 7.32603899397e-21,
        "var": 1.22105220726e-05
    },
    "spectral_energyband_low": {
        "dmean": 0.0291625577956,
        "dmean2": 0.0443410538137,
        "dvar": 0.00208793347701,
        "dvar2": 0.00488084275275,
        "max": 0.3638484478,
        "mean": 0.0718216896057,
        "median": 0.0530039146543,
        "min": 4.28340332819e-23,
        "var": 0.00547664798796
    },
    "spectral_energyband_middle_high": {
        "dmean": 0.00173453590833,
        "dmean2": 0.00288331974298,
        "dvar": 1.42430508276e-05,
        "dvar2": 3.70423695131e-05,
        "max": 0.0820486992598,
        "mean": 0.00292572611943,
        "median": 0.00131339125801,
        "min": 1.49745136369e-21,
        "var": 2.04708467209e-05
    },
    "spectral_energyband_middle_low": {
        "dmean": 0.00579851167277,
        "dmean2": 0.00926838908345,
        "dvar": 0.000121091150504,
        "dvar2": 0.000283393281279,
        "max": 0.124132335186,
        "mean": 0.00912620406598,
        "median": 0.00491537433118,
        "min": 3.20029231972e-22,
        "var": 0.000160148571013
    },
    "spectral_entropy": {
        "dmean": 0.211223497987,
        "dmean2": 0.328375816345,
        "dvar": 0.0680367723107,
        "dvar2": 0.164577662945,
        "max": 9.80268287659,
        "mean": 7.7869477272,
        "median": 7.86203765869,
        "min": 4.03592824936,
        "var": 0.303488492966
    },
    "spectral_flux": {
        "dmean": 0.0442569181323,
        "dmean2": 0.0710142999887,
        "dvar": 0.00297100329772,
        "dvar2": 0.00776717113331,
        "max": 0.543880224228,
        "mean": 0.110946908593,
        "median": 0.0895131379366,
        "min": 6.71332156532e-11,
        "var": 0.00760537898168
    },
    "spectral_kurtosis": {
        "dmean": 1.18236780167,
        "dmean2": 1.9239948988,
        "dvar": 2.91932868958,
        "dvar2": 7.31295061111,
        "max": 57.0202941895,
        "mean": 3.43665909767,
        "median": 2.58809947968,
        "min": -1.17976713181,
        "var": 9.8601102829
    },
    "spectral_rms": {
        "dmean": 0.00158391532023,
        "dmean2": 0.00234967283905,
        "dvar": 3.93689151679e-06,
        "dvar2": 8.94274853636e-06,
        "max": 0.01919272542,
        "mean": 0.00789780635387,
        "median": 0.00846956856549,
        "min": 3.19142390466e-12,
        "var": 2.06051226996e-05
    },
    "spectral_rolloff": {
        "dmean": 734.347229004,
        "dmean2": 1253.46447754,
        "dvar": 2568825.75,
        "dvar2": 5983243,
        "max": 19401.4160156,
        "mean": 1262.72167969,
        "median": 215.33203125,
        "min": 21.533203125,
        "var": 5552457.5
    },
    "spectral_skewness": {
        "dmean": 0.206438407302,
        "dmean2": 0.329181849957,
        "dvar": 0.0547562614083,
        "dvar2": 0.134512498975,
        "max": 6.47343492508,
        "mean": 1.46687293053,
        "median": 1.37285900116,
        "min": -0.0324198193848,
        "var": 0.26427000761
    },
    "spectral_spread": {
        "dmean": 760034.1875,
        "dmean2": 1134687.625,
        "dvar": 776997568512,
        "dvar2": 1.65446366003e+12,
        "max": 40684028,
        "mean": 6285522.5,
        "median": 6045307,
        "min": 1194080.125,
        "var": 4.52125576397e+12
    },
    "spectral_strongpeak": {
        "dmean": 0.269441485405,
        "dmean2": 0.455995321274,
        "dvar": 0.420916438103,
        "dvar2": 1.20602798462,
        "max": 17.1564426422,
        "mean": 0.605958878994,
        "median": 0.468474030495,
        "min": 0,
        "var": 0.506032884121
    },
    "zerocrossingrate": {
        "dmean": 0.0153517825529,
        "dmean2": 0.0187959633768,
        "dvar": 0.000398630450945,
        "dvar2": 0.00053461099742,
        "max": 0.69873046875,
        "mean": 0.0535248555243,
        "median": 0.03466796875,
        "min": 0,
        "var": 0.00324623961933
    },
    "barkbands": {
        "dmean": [0.00378649681807, 0.0248987935483, 0.00277591100894, 0.00220029428601, 0.00308941607364, 0.00109314802103, 0.000465040298877, 0.000321616127621, 0.000536893843673, 0.000256879400695, 0.000246578245424, 0.000290704949293, 0.000266029383056, 0.000232641163166, 0.00032353203278, 0.000177470326889, 0.000236707026488, 0.000205613367143, 0.000229478435358, 0.000237433385337, 0.000245627394179, 0.000221580761718, 0.000274383230135, 0.000291894364636, 0.000249714503298, 0.000172103449586, 3.84634222428e-05],
        "dmean2": [0.00525156222284, 0.0383183993399, 0.00473251380026, 0.00383377633989, 0.00516352523118, 0.00176889880095, 0.00075979513349, 0.000534958555363, 0.000885282934178, 0.00043355213711, 0.000419522839366, 0.000490651756991, 0.000444514531409, 0.000396909425035, 0.000551445176825, 0.000304225221043, 0.000410937616834, 0.00035545337596, 0.000395884242607, 0.000410312815802, 0.000420606840635, 0.000379732024157, 0.000479012232972, 0.000505637261085, 0.000428849481978, 0.000293951510685, 6.58616700093e-05],
        "dvar": [4.58733520645e-05, 0.00162992719561, 5.34327082278e-05, 3.23777603626e-05, 7.1561531513e-05, 5.69892881686e-06, 1.48299807279e-06, 1.26765974073e-06, 2.79016580862e-06, 6.84163126152e-07, 9.48473541484e-07, 1.33012702008e-06, 8.84465009676e-07, 8.30781687e-07, 2.55710915553e-06, 2.53633174907e-07, 9.27237636006e-07, 3.03343142605e-07, 5.48341404283e-07, 6.6205160465e-07, 4.72729084322e-07, 2.90282741844e-07, 4.12543016637e-07, 4.97138330502e-07, 3.46707736298e-07, 1.79284597834e-07, 1.01237613848e-08],
        "dvar2": [8.73134558788e-05, 0.00383702479303, 0.000150415857206, 8.81473752088e-05, 0.000184666903806, 1.41354075822e-05, 3.86623833037e-06, 3.28589362653e-06, 6.79658478475e-06, 1.79062863026e-06, 2.46560693995e-06, 3.49275296685e-06, 2.28027533922e-06, 2.18117634176e-06, 6.70308827466e-06, 6.53385768601e-07, 2.59415992332e-06, 8.01522958227e-07, 1.37848701343e-06, 1.79281903456e-06, 1.27999567212e-06, 7.46386831452e-07, 1.12421730591e-06, 1.37617951168e-06, 9.52767095441e-07, 4.98381211855e-07, 2.77987712849e-08],
        "max": [0.0657897815108, 0.34014248848, 0.103862047195, 0.0974647626281, 0.0933235064149, 0.046879440546, 0.0421663187444, 0.0322262644768, 0.0491078197956, 0.0249124635011, 0.0286134369671, 0.0394287370145, 0.0247427839786, 0.0280237868428, 0.0600550472736, 0.0125234331936, 0.0340480804443, 0.013062804006, 0.0413255691528, 0.0338408611715, 0.0200344957411, 0.0154934115708, 0.00729710841551, 0.018747607246, 0.0088845975697, 0.00546569935977, 0.00139461597428],
        "mean": [0.00980387441814, 0.0578626319766, 0.00341935642064, 0.00232097064145, 0.00334036373533, 0.0016182414256, 0.000621832499746, 0.000369846588001, 0.000718076655176, 0.000316083285725, 0.000273863173788, 0.000335178017849, 0.000311813520966, 0.000265599112026, 0.000348786183167, 0.000215917549212, 0.000274166930467, 0.000239007917116, 0.000267152383458, 0.000267461815383, 0.000287876522634, 0.000282483466435, 0.00033014069777, 0.000364454463124, 0.000330159557052, 0.000227302414714, 4.2359206418e-05],
        "median": [0.00222932547331, 0.0373915433884, 0.000593589968048, 0.00049769791076, 0.000809882534668, 0.000668944092467, 0.000234198276303, 0.00010951065633, 0.000186557503184, 8.49295174703e-05, 8.21641879156e-05, 8.43249945319e-05, 9.00573795661e-05, 7.36108631827e-05, 8.51695003803e-05, 6.03083208262e-05, 8.59231222421e-05, 7.34237401048e-05, 8.77624333953e-05, 8.7577602244e-05, 8.15195089672e-05, 7.49189202907e-05, 7.31433538022e-05, 7.17227521818e-05, 5.80667838221e-05, 3.00166320812e-05, 2.27286045629e-06],
        "min": [1.59740814988e-23, 2.08284964289e-23, 3.82643095749e-24, 2.70090038957e-24, 4.78848256681e-23, 4.99345608235e-23, 2.75540436724e-23, 6.98920917042e-23, 2.8352146872e-23, 3.60199253578e-23, 7.59446553985e-23, 9.76654481745e-23, 5.89797661805e-23, 1.04741278059e-22, 5.85485621879e-23, 1.06104492812e-22, 1.92600882259e-22, 2.0964460708e-22, 2.7739325642e-22, 3.48270023239e-22, 2.58102944093e-22, 3.65363010846e-22, 3.72068429514e-22, 5.85320503825e-22, 8.85235019648e-22, 1.69357950181e-21, 2.61851797917e-21],
        "var": [0.000182358140592, 0.00417990144342, 5.56159357075e-05, 2.83827284875e-05, 6.65371408104e-05, 7.7637951108e-06, 1.65047595146e-06, 1.18034563457e-06, 4.00338876716e-06, 8.72725252066e-07, 8.08937045349e-07, 1.17937383948e-06, 8.20456079964e-07, 6.93785352723e-07, 2.3401312319e-06, 2.87553433509e-07, 6.59912473111e-07, 3.25633180864e-07, 5.26238977727e-07, 5.26962594449e-07, 4.24423831191e-07, 3.3340995742e-07, 4.17258092966e-07, 4.94738628731e-07, 3.73709355017e-07, 1.88682989233e-07, 9.70772262576e-09]
    },
    "erbbands": {
        "dmean": [1.27739787102, 3.60284113884, 3.34034514427, 5.54485177994, 9.84564971924, 10.3931617737, 7.56388235092, 9.21598815918, 6.17939090729, 7.9985332489, 8.12469673157, 13.0485610962, 8.88810062408, 7.5364689827, 9.54049110413, 12.9129629135, 12.3049259186, 12.3132038116, 11.3108034134, 17.545583725, 10.2628946304, 11.634718895, 10.7013254166, 11.1965799332, 12.3645048141, 11.9481124878, 9.33917045593, 9.61710071564, 7.8883972168, 7.85613584518, 7.97562980652, 6.9174990654, 4.43315601349, 2.90784049034, 1.75394225121, 0.817040264606, 0.311273723841, 0.0758342966437, 0.00589487096295, 0.00011215655104],
        "dmean2": [1.91113817692, 5.77254104614, 5.55407905579, 9.53135204315, 16.7433242798, 17.7597751617, 12.5267887115, 15.0661020279, 10.3478279114, 12.9363584518, 13.2889432907, 21.4555053711, 14.9404783249, 12.6684923172, 16.0409164429, 21.729265213, 20.4182796478, 20.7200164795, 19.4125175476, 29.9529724121, 17.4521484375, 20.0734024048, 18.4050540924, 19.2444763184, 21.5403385162, 20.6582984924, 15.9153289795, 16.6388835907, 13.537443161, 13.4524230957, 14.0278263092, 12.1521835327, 7.61992263794, 4.96840381622, 3.01542830467, 1.39057230949, 0.538170933723, 0.129826247692, 0.01009595301, 0.000188196427189],
        "dvar": [4.87561225891, 37.6893806458, 60.6174240112, 181.150756836, 719.19342041, 818.274841309, 271.024719238, 476.247833252, 260.130828857, 604.836730957, 850.383361816, 1797.75793457, 1024.44702148, 496.738891602, 1007.39599609, 2934.61425781, 2002.06311035, 2348.27441406, 1739.02197266, 10260.7060547, 1053.49023438, 1592.7298584, 811.65625, 1429.4296875, 1563.63293457, 2112.63378906, 598.332275391, 811.932861328, 390.4559021, 364.448760986, 355.824005127, 334.633666992, 107.349006653, 46.7570838928, 16.6400909424, 3.68297696114, 0.631180286407, 0.0389000102878, 0.00025309404009, 6.19921323164e-08],
        "dvar2": [11.2855482101, 92.0492095947, 164.065429688, 489.253356934, 1813.0526123, 2224.13354492, 700.147888184, 1197.42834473, 695.419616699, 1565.73828125, 2173.08203125, 4323.78564453, 2735.72094727, 1310.64135742, 2648.53125, 7765.92773438, 5171.69628906, 6123.03369141, 4768.38964844, 26858.8183594, 2839.30786133, 4381.98583984, 2171.09423828, 3484.16845703, 4061.81518555, 5748.14404297, 1568.63122559, 2214.58764648, 1031.9699707, 922.537963867, 977.815246582, 943.681274414, 292.358734131, 128.112823486, 45.9622039795, 10.154127121, 1.76396179199, 0.107918262482, 0.000692848640028, 1.69599928768e-07],
        "max": [18.3247737885, 84.8657455444, 98.2799301147, 179.116104126, 310.030151367, 358.475769043, 381.935211182, 472.405273438, 475.261901855, 1081.62072754, 876.633850098, 1106.02050781, 1147.94348145, 627.019042969, 843.951416016, 1915.83728027, 1222.00219727, 1486.69909668, 1940.04003906, 3394.77954102, 1048.56103516, 1329.84130859, 749.574890137, 1455.11242676, 2155.84814453, 2083.58178711, 478.801727295, 1095.35046387, 371.023986816, 729.064025879, 208.757522583, 667.50970459, 153.878356934, 110.485702515, 55.5782775879, 29.5660057068, 11.8154764175, 2.61430335045, 0.222097426653, 0.00350847723894],
        "mean": [2.88784265518, 7.99854469299, 5.40889692307, 6.35797977448, 10.2590408325, 11.0840263367, 10.4942913055, 13.1925325394, 7.9751162529, 10.7692842484, 10.0640010834, 17.6136951447, 11.6348438263, 9.2641620636, 11.6670484543, 15.191204071, 14.9199113846, 14.4458122253, 13.5890388489, 19.0458774567, 12.7407331467, 13.9803686142, 13.1031036377, 13.656493187, 13.7576265335, 13.3386220932, 11.287364006, 11.1961088181, 9.95181179047, 9.89548206329, 9.44718360901, 8.14173698425, 5.6601395607, 3.77951073647, 2.28883647919, 1.07393670082, 0.398683607578, 0.0947976335883, 0.00650629680604, 0.000204960480914],
        "median": [1.45875406265, 4.18366336823, 1.4219315052, 1.65391302109, 2.06452584267, 2.92396378517, 4.07244205475, 5.35749006271, 3.15772819519, 3.73811078072, 3.19206595421, 4.31391525269, 3.54539632797, 3.18833684921, 4.21337175369, 4.26858901978, 4.59291172028, 4.1116476059, 3.98891592026, 4.45368766785, 3.98230266571, 4.56238079071, 4.41505622864, 4.43110132217, 4.49666404724, 4.3849029541, 3.55168771744, 3.07698488235, 2.67244911194, 2.39022326469, 2.06809878349, 1.5665397644, 1.15977418423, 0.708469390869, 0.37437954545, 0.161088377237, 0.0500132665038, 0.00879349652678, 0.000385264662327, 0.000134688219987],
        "min": [4.17416117584e-22, 2.10357260236e-21, 6.98607907132e-21, 7.60626419793e-21, 3.25823309046e-20, 2.28145098339e-19, 2.973122351e-19, 4.78576251837e-19, 2.3826580823e-19, 1.10631322725e-18, 9.66180456277e-19, 7.01570651597e-19, 7.81903951147e-19, 2.78386104871e-18, 3.6937944641e-18, 2.98699448007e-18, 2.45648839806e-18, 4.39564976923e-18, 2.56524651859e-18, 5.64456304041e-18, 6.25541482968e-18, 1.18570145227e-17, 1.2026402087e-17, 1.36893511012e-17, 1.55633353964e-17, 1.47980957225e-17, 1.22653853193e-17, 1.00845749195e-17, 1.15793696957e-17, 1.28838955602e-17, 1.0074465118e-17, 9.52914547203e-18, 1.21436838901e-17, 9.59061326335e-18, 6.63155163859e-18, 6.32039896578e-18, 3.03196828997e-18, 1.39560558442e-18, 3.58312876168e-19, 3.63417569287e-20],
        "var": [11.3791589737, 121.989173889, 98.2827758789, 174.560791016, 664.50177002, 694.755126953, 345.03024292, 584.041381836, 258.407104492, 679.61151123, 801.880004883, 2713.81396484, 1226.59375, 511.293182373, 901.231201172, 2555.48632812, 1880.14685059, 2045.31420898, 1476.32629395, 8644.80371094, 975.09765625, 1268.06115723, 811.982666016, 1477.92932129, 1374.61450195, 1590.01782227, 600.830505371, 697.694641113, 417.692565918, 416.761657715, 347.611694336, 292.354309082, 113.663093567, 50.1073112488, 18.1077861786, 4.04036045074, 0.622382700443, 0.0381779447198, 0.000244453200139, 7.20111899e-08]
    },
    "gfcc": {
        "mean": [-4.27289009094, 65.0991439819, -79.400100708, 40.7985420227, -44.9260673523, 23.9281768799, -29.5876045227, 14.7628192902, -19.2051715851, 10.1016120911, -10.5992898941, 7.24912500381, -8.31275653839],
        "cov": [[10798.8613281, -1617.66479492, 409.792236328, 414.968963623, -73.0377883911, 312.334960938, -247.753097534, 270.636627197, -103.00328064, 219.601821899, -175.02571106, 122.410003662, -116.883583069], [-1617.66479492, 2839.83862305, 123.566886902, -2.10362243652, 207.417480469, -186.985992432, 224.637619019, -101.30052948, 200.512496948, -80.2254257202, 257.015777588, -87.1878509521, 200.07472229], [409.792236328, 123.566886902, 923.884033203, 316.859344482, 232.609313965, 147.250457764, 94.9686431885, 72.9706573486, 71.7386398315, 57.0030250549, 41.0619850159, 30.5867500305, 19.9560279846], [414.968963623, -2.10362243652, 316.859344482, 431.853393555, 211.3699646, 97.9508666992, 89.0847396851, 57.4027557373, 62.0713577271, 7.67035722733, 30.2773914337, -11.5633201599, 24.9061260223], [-73.0377883911, 207.417480469, 232.609313965, 211.3699646, 468.95916748, 178.621032715, 225.555053711, 109.352996826, 161.477005005, 55.7222557068, 80.5474243164, 11.7296953201, 61.5831794739], [312.334960938, -186.985992432, 147.250457764, 97.9508666992, 178.621032715, 273.979980469, 133.123916626, 104.481697083, 70.831413269, 72.0554656982, 29.5737819672, 26.641866684, 12.2766342163], [-247.753097534, 224.637619019, 94.9686431885, 89.0847396851, 225.555053711, 133.123916626, 297.012115479, 132.066848755, 144.078338623, 39.4465637207, 86.3314056396, 6.01464605331, 54.8123092651], [270.636627197, -101.30052948, 72.9706573486, 57.4027557373, 109.352996826, 104.481697083, 132.066848755, 201.234298706, 120.337463379, 61.5405311584, 27.049911499, 23.2103557587, 15.3980588913], [-103.00328064, 200.512496948, 71.7386398315, 62.0713577271, 161.477005005, 70.831413269, 144.078338623, 120.337463379, 220.63420105, 78.0830459595, 78.4728622437, 14.3869199753, 61.1659126282], [219.601821899, -80.2254257202, 57.0030250549, 7.67035722733, 55.7222557068, 72.0554656982, 39.4465637207, 61.5405311584, 78.0830459595, 127.80708313, 58.5316429138, 32.6673126221, 10.9629859924], [-175.02571106, 257.015777588, 41.0619850159, 30.2773914337, 80.5474243164, 29.5737819672, 86.3314056396, 27.049911499, 78.4728622437, 58.5316429138, 158.067565918, 51.883605957, 59.1893730164], [122.410003662, -87.1878509521, 30.5867500305, -11.5633201599, 11.7296953201, 26.641866684, 6.01464605331, 23.2103557587, 14.3869199753, 32.6673126221, 51.883605957, 97.9964828491, 35.5099372864], [-116.883583069, 200.07472229, 19.9560279846, 24.9061260223, 61.5831794739, 12.2766342163, 54.8123092651, 15.3980588913, 61.1659126282, 10.9629859924, 59.1893730164, 35.5099372864, 104.096885681]],
        "icov": [[0.000121742130432, 3.96235009248e-06, 2.97283395412e-06, -0.00015805781004, 4.8141595471e-05, -8.57092963997e-05, 0.000169156759512, -0.000228144665016, 0.00014315052249, -0.000241083733272, 0.000161585689057, -0.000127941908431, -1.43240422403e-05], [3.96235009248e-06, 0.000725686724763, -0.000258700019913, 0.000382115656976, -0.00017823856615, 0.000508076685946, -0.000232075923122, 0.000453835062217, -0.000477325083921, 0.000810029858258, -0.00133212341461, 0.00136827607639, -0.000845707720146], [2.97283395412e-06, -0.000258700019913, 0.00164496852085, -0.00115573499352, -0.000210773345316, -0.000396612769691, 0.00010639456741, -6.45900145173e-05, 0.000219507899601, -0.000729830819182, 0.000672264723107, -0.00107478606515, 0.000518997490872], [-0.00015805781004, 0.000382115656976, -0.00115573499352, 0.00419595371932, -0.00139931542799, -2.60046690528e-05, 0.000334863347234, -0.000180389703019, -0.000270108052064, 0.00182672543451, -0.00168925873004, 0.00222078966908, -0.000843727961183], [4.8141595471e-05, -0.00017823856615, -0.000210773345316, -0.00139931542799, 0.0048404308036, -0.00164125312585, -0.00194678280968, 0.000805430521723, -0.00159413262736, -0.000100874916825, 0.00046559292241, -0.000444018136477, -0.000158192837262], [-8.57092963997e-05, 0.000508076685946, -0.000396612769691, -2.60046690528e-05, -0.00164125312585, 0.00711684348062, -0.00231702951714, -0.00076141936006, 0.00123312114738, -0.00249033421278, 0.000580676889513, -0.000318166450597, -0.000210143814911], [0.000169156759512, -0.000232075923122, 0.00010639456741, 0.000334863347234, -0.00194678280968, -0.00231702951714, 0.00906637869775, -0.00405020918697, -0.00102195260115, 0.00238121277653, -0.00314005510882, 0.00216996716335, -0.000819454260636], [-0.000228144665016, 0.000453835062217, -6.45900145173e-05, -0.000180389703019, 0.000805430521723, -0.00076141936006, -0.00405020918697, 0.0113492356613, -0.0051018577069, -0.000772621540818, 0.00199458678253, -0.00231752591208, 0.00172986125108], [0.00014315052249, -0.000477325083921, 0.000219507899601, -0.000270108052064, -0.00159413262736, 0.00123312114738, -0.00102195260115, -0.0051018577069, 0.0122288893908, -0.00534905306995, -0.000338954065228, 0.00201219227165, -0.00392473815009], [-0.000241083733272, 0.000810029858258, -0.000729830819182, 0.00182672543451, -0.000100874916825, -0.00249033421278, 0.00238121277653, -0.000772621540818, -0.00534905306995, 0.0160762779415, -0.00662144785747, 0.000328819762217, 0.0021918383427], [0.000161585689057, -0.00133212341461, 0.000672264723107, -0.00168925873004, 0.00046559292241, 0.000580676889513, -0.00314005510882, 0.00199458678253, -0.000338954065228, -0.00662144785747, 0.0154801765457, -0.00778710423037, -0.00121763034258], [-0.000127941908431, 0.00136827607639, -0.00107478606515, 0.00222078966908, -0.000444018136477, -0.000318166450597, 0.00216996716335, -0.00231752591208, 0.00201219227165, 0.000328819762217, -0.00778710423037, 0.0189330652356, -0.00684612803161], [-1.43240422403e-05, -0.000845707720146, 0.000518997490872, -0.000843727961183, -0.000158192837262, -0.000210143814911, -0.000819454260636, 0.00172986125108, -0.00392473815009, 0.0021918383427, -0.00121763034258, -0.00684612803161, 0.0167151615024]]
    },
    "melbands": {
        "dmean": [0.00871741957963, 0.00249611982144, 0.00103409262374, 0.000763246032875, 0.000283224973828, 0.000205369608011, 9.37556324061e-05, 8.09624834801e-05, 7.51485786168e-05, 7.81827839091e-05, 4.38388269686e-05, 3.05768953694e-05, 3.60992999049e-05, 3.35860822815e-05, 3.08537528326e-05, 2.33425980696e-05, 2.39590917772e-05, 1.76149587787e-05, 2.33221817325e-05, 1.79897142516e-05, 1.26095901578e-05, 1.2341080037e-05, 1.15502180051e-05, 1.09129969132e-05, 9.02519059309e-06, 9.37785898714e-06, 9.06938839762e-06, 7.6022297435e-06, 5.55736551178e-06, 6.24068798061e-06, 5.83220116823e-06, 4.54204564448e-06, 4.43699218522e-06, 4.59832881461e-06, 4.83300573251e-06, 4.43492263003e-06, 4.21776348958e-06, 3.26595477418e-06, 2.77706953966e-06, 2.40793065132e-06],
        "dmean2": [0.0131826363504, 0.00406007701531, 0.00173972093035, 0.00126919313334, 0.000471690756967, 0.000334593292791, 0.000156249821885, 0.000131416119984, 0.000121905301057, 0.000129259220557, 7.3783674452e-05, 5.17228945682e-05, 6.13177180639e-05, 5.69956282561e-05, 5.19225905009e-05, 3.86130195693e-05, 4.06399012718e-05, 3.03302713291e-05, 3.94944254367e-05, 3.10279792757e-05, 2.16795015149e-05, 2.14193842112e-05, 1.99521182367e-05, 1.88387912203e-05, 1.55525503942e-05, 1.62816595548e-05, 1.59055052791e-05, 1.31672568386e-05, 9.45958800003e-06, 1.0743518942e-05, 1.01890509541e-05, 7.82808638178e-06, 7.63186926633e-06, 7.90480862634e-06, 8.51488039189e-06, 7.85946303949e-06, 7.39469442124e-06, 5.62107879887e-06, 4.7854227887e-06, 4.10667598771e-06],
        "dvar": [0.000207777673495, 2.07283610507e-05, 5.50427876078e-06, 4.51834830528e-06, 3.85247545864e-07, 2.23199450033e-07, 5.62294637518e-08, 5.87110733363e-08, 6.28920915346e-08, 6.41976285465e-08, 2.53727385768e-08, 8.06514943719e-09, 1.89359106173e-08, 1.81423036594e-08, 1.02344168695e-08, 5.06631403496e-09, 1.09251514502e-08, 4.01295041641e-09, 1.67109881488e-08, 6.94994106709e-09, 2.45885112271e-09, 1.91532456562e-09, 2.33598540511e-09, 9.95835525153e-10, 1.10314879453e-09, 1.03036912336e-09, 9.33256583124e-10, 8.12867106958e-10, 2.01757263674e-10, 3.08899156254e-10, 4.0373959731e-10, 1.44388334622e-10, 1.23829974052e-10, 1.17872003824e-10, 1.33303673655e-10, 1.27968718955e-10, 1.17804113686e-10, 5.59004613432e-11, 4.86692769419e-11, 3.11123175833e-11],
        "dvar2": [0.000482280127471, 5.23740745848e-05, 1.41877708302e-05, 1.1595127944e-05, 1.02804960989e-06, 5.59009151857e-07, 1.50291626255e-07, 1.51899030243e-07, 1.56745869617e-07, 1.59093914931e-07, 6.7685029137e-08, 2.13586108799e-08, 4.93026632853e-08, 4.79654467256e-08, 2.69690545451e-08, 1.26125794253e-08, 2.86726233867e-08, 1.11085718402e-08, 4.29280504477e-08, 1.84209092424e-08, 6.93751633918e-09, 5.33335819952e-09, 6.4108016673e-09, 2.6201700809e-09, 2.65644328756e-09, 2.62510035931e-09, 2.53641418979e-09, 2.21020446389e-09, 5.19717657799e-10, 8.34015578821e-10, 1.11228837252e-09, 3.87885612518e-10, 3.15080683766e-10, 3.04992336941e-10, 3.65943442215e-10, 3.60236035446e-10, 3.32428889971e-10, 1.51496037937e-10, 1.34610392277e-10, 8.50935016894e-11],
        "max": [0.117831334472, 0.0645502954721, 0.0336761213839, 0.0238863136619, 0.0131424665451, 0.00985812582076, 0.0070068212226, 0.0100798206404, 0.00865147076547, 0.00779815902933, 0.00560197606683, 0.00250240345486, 0.00409075198695, 0.00477003445849, 0.00230370438658, 0.00158352311701, 0.00340710463934, 0.00290380511433, 0.00573696848005, 0.00261750631034, 0.00185549049638, 0.00129610067233, 0.00228477409109, 0.000810172758065, 0.00134625914507, 0.00189304712694, 0.00102489802521, 0.00125275412574, 0.000251776713412, 0.000324127700878, 0.00103340880014, 0.000277810700936, 0.000392985588405, 0.000306718284264, 0.000138450137456, 0.000328046327922, 0.000339116639225, 9.36401702347e-05, 0.000161174801178, 7.83005962148e-05],
        "mean": [0.0203815866262, 0.0053193657659, 0.00120931537822, 0.000820536748506, 0.000384468876291, 0.000298195256619, 0.000122513607494, 0.000107092062535, 9.31064860197e-05, 0.000103825499536, 5.52520796191e-05, 3.61877719115e-05, 4.13146917708e-05, 3.87162072002e-05, 3.62992468581e-05, 2.82618821075e-05, 2.67361283477e-05, 2.02555202122e-05, 2.53391808656e-05, 1.97406170628e-05, 1.46608190335e-05, 1.42840863191e-05, 1.33239509523e-05, 1.23250119941e-05, 1.06670559035e-05, 1.03345792013e-05, 9.5666573543e-06, 8.3883815023e-06, 6.66054984322e-06, 7.0001565291e-06, 6.47012757327e-06, 5.55055294171e-06, 5.45974216948e-06, 5.5530786085e-06, 5.54379903406e-06, 5.10444533575e-06, 4.87951638206e-06, 4.05577884521e-06, 3.4699733078e-06, 3.08531048177e-06],
        "median": [0.0122599368915, 0.00226191151887, 0.000308304966893, 0.000186839868547, 0.000154665875016, 0.000121753691928, 4.81373281218e-05, 3.70360066881e-05, 2.5261691917e-05, 2.62979556283e-05, 1.53298351506e-05, 1.18133211799e-05, 1.35486443469e-05, 9.49095738179e-06, 1.09512156996e-05, 8.52544144436e-06, 6.9398533924e-06, 5.7767783801e-06, 6.03935359322e-06, 4.5800143198e-06, 4.30321188105e-06, 4.40960729975e-06, 4.04460752179e-06, 3.4814152059e-06, 3.25955988956e-06, 3.23299536831e-06, 2.90251637125e-06, 2.63165657088e-06, 2.09610561797e-06, 1.8256258727e-06, 1.70464772964e-06, 1.44815885506e-06, 1.35254049383e-06, 1.23661732232e-06, 1.16583703402e-06, 1.03789670902e-06, 9.05191086531e-07, 8.04913952379e-07, 6.93728964052e-07, 5.60096623303e-07],
        "min": [5.23873613029e-24, 3.33680550401e-24, 1.33449666627e-24, 9.21423458317e-24, 1.14922952724e-23, 1.02154024127e-23, 3.99098734232e-24, 1.41352009748e-23, 6.9652221191e-24, 3.83662974571e-24, 3.53820721514e-24, 1.03722871252e-23, 1.09097680366e-23, 1.33859424647e-23, 3.70842012709e-24, 6.62881001949e-24, 8.83711726085e-24, 3.58592777788e-24, 5.11201745878e-24, 7.45202108396e-24, 7.66834725456e-24, 1.1919761642e-23, 1.05108781533e-23, 1.05779605181e-23, 1.07588100361e-23, 1.05639661257e-23, 1.10843571545e-23, 8.98706551943e-24, 7.27139008047e-24, 6.90917512951e-24, 5.08950967943e-24, 6.15160044779e-24, 7.07561452532e-24, 6.77572747447e-24, 4.71056772184e-24, 7.30003519766e-24, 4.84337758282e-24, 8.94176123765e-24, 8.57528328235e-24, 7.84554592426e-24],
        "var": [0.00051147735212, 6.35861651972e-05, 5.73339275434e-06, 4.2584010771e-06, 4.35815849187e-07, 2.83458888362e-07, 5.7315894253e-08, 6.53551452956e-08, 6.6453360148e-08, 8.98052192611e-08, 3.02207503466e-08, 8.38386338131e-09, 1.61032183144e-08, 1.61193671744e-08, 9.67255786577e-09, 5.45405409724e-09, 8.81673045683e-09, 3.19763571177e-09, 1.6765891786e-08, 5.67278979346e-09, 1.77929426748e-09, 1.45253586936e-09, 1.71959380069e-09, 1.03271935448e-09, 1.10942932618e-09, 9.29620547208e-10, 7.26842752652e-10, 6.1650179406e-10, 2.14727707837e-10, 2.70959310544e-10, 3.12260828306e-10, 1.42584416496e-10, 1.35580435767e-10, 1.3090704909e-10, 1.27307525633e-10, 1.12810545627e-10, 1.04017919278e-10, 5.94226473583e-11, 4.72748333535e-11, 3.36303311588e-11]
    },
    "mfcc": {
        "mean": [-658.965820312, 101.798690796, 25.663444519, 28.285615921, 14.7105722427, 13.9516506195, 8.44660568237, 8.36497020721, 3.46332859993, 5.53721952438, 3.98168134689, 4.7229847908, 3.18574428558],
        "cov": [[8998.1875, -1357.63098145, 233.754119873, 46.5245628357, 224.410430908, 27.3620376587, 9.40382862091, -8.69106864929, 52.8821525574, 131.491912842, 20.7417373657, -6.23501682281, -44.2550697327], [-1357.63098145, 2303.02783203, 55.6290740967, 194.181762695, 0.526663482189, 13.5200386047, 30.5765628815, 14.2014989853, 4.94510984421, -2.56115722656, 28.0858745575, 59.5098152161, 80.3794326782], [233.754119873, 55.6290740967, 661.595581055, 203.498184204, 152.214080811, 93.7485656738, 61.6575775146, 35.5161323547, 21.006362915, 28.8736991882, 15.0393209457, 32.3881263733, 4.65907859802], [46.5245628357, 194.181762695, 203.498184204, 383.271026611, 172.963790894, 86.6516265869, 80.8353729248, 72.6685638428, 61.7559928894, 52.5882530212, 31.2509174347, 28.548948288, 22.304983139], [224.410430908, 0.526663482189, 152.214080811, 172.963790894, 289.064605713, 152.485839844, 95.3201980591, 81.6492385864, 87.984046936, 83.9527740479, 49.3078689575, 46.841506958, 37.2694892883], [27.3620376587, 13.5200386047, 93.7485656738, 86.6516265869, 152.485839844, 212.169570923, 120.736831665, 71.3962097168, 72.1849746704, 63.8162307739, 49.4209060669, 44.3095664978, 31.642665863], [9.40382862091, 30.5765628815, 61.6575775146, 80.8353729248, 95.3201980591, 120.736831665, 192.436416626, 106.284210205, 71.6364822388, 66.5614089966, 51.7242355347, 52.5199356079, 30.4708328247], [-8.69106864929, 14.2014989853, 35.5161323547, 72.6685638428, 81.6492385864, 71.3962097168, 106.284210205, 170.26663208, 109.536659241, 76.3375930786, 57.3483581543, 45.8526420593, 38.304851532], [52.8821525574, 4.94510984421, 21.006362915, 61.7559928894, 87.984046936, 72.1849746704, 71.6364822388, 109.536659241, 172.484390259, 113.155929565, 66.8656768799, 43.5373687744, 30.2058906555], [131.491912842, -2.56115722656, 28.8736991882, 52.5882530212, 83.9527740479, 63.8162307739, 66.5614089966, 76.3375930786, 113.155929565, 158.152832031, 87.241607666, 53.8544387817, 32.9159812927], [20.7417373657, 28.0858745575, 15.0393209457, 31.2509174347, 49.3078689575, 49.4209060669, 51.7242355347, 57.3483581543, 66.8656768799, 87.241607666, 115.757713318, 67.0580978394, 40.8760375977], [-6.23501682281, 59.5098152161, 32.3881263733, 28.548948288, 46.841506958, 44.3095664978, 52.5199356079, 45.8526420593, 43.5373687744, 53.8544387817, 67.0580978394, 112.403045654, 57.2353286743], [-44.2550697327, 80.3794326782, 4.65907859802, 22.304983139, 37.2694892883, 31.642665863, 30.4708328247, 38.304851532, 30.2058906555, 32.9159812927, 40.8760375977, 57.2353286743, 98.6080474854]],
