{
"lowlevel": {
    "average_loudness": 0.781327664852,
    "barkbands_crest": {
        "dmean": 2.33190488815,
        "dmean2": 3.68243432045,
        "dvar": 6.12792158127,
        "dvar2": 13.6222486496,
        "max": 26.1992263794,
        "mean": 12.3070192337,
        "median": 11.6639060974,
        "min": 2.32128071785,
        "var": 24.7554130554
    },
    "barkbands_flatness_db": {
        "dmean": 0.021993285045,
        "dmean2": 0.03344931826,
        "dvar": 0.000594152603298,
        "dvar2": 0.0012986655347,
        "max": 0.438717573881,
        "mean": 0.162209540606,
        "median": 0.146968454123,
        "min": 0.0166251417249,
        "var": 0.00588601687923
    },
    "barkbands_kurtosis": {
        "dmean": 3.82729816437,
        "dmean2": 6.02103328705,
        "dvar": 76.9666671753,
        "dvar2": 182.339187622,
        "max": 232.754486084,
        "mean": 6.91844177246,
        "median": 2.26194429398,
        "min": -1.92974483967,
        "var": 215.601837158
    },
    "barkbands_skewness": {
        "dmean": 0.570506334305,
        "dmean2": 0.860902547836,
        "dvar": 0.459826529026,
        "dvar2": 0.990665018559,
        "max": 12.885099411,
        "mean": 1.85419809818,
        "median": 1.46436500549,
        "min": -2.60597777367,
        "var": 2.47799754143
    },
    "barkbands_spread": {
        "dmean": 5.48873853683,
        "dmean2": 8.46950626373,
        "dvar": 59.1960792542,
        "dvar2": 132.864501953,
        "max": 105.367256165,
        "mean": 21.6652145386,
        "median": 17.4172153473,
        "min": 0.442153692245,
        "var": 275.24029541
    },
    "dissonance": {
        "dmean": 0.0224320292473,
        "dmean2": 0.0382769368589,
        "dvar": 0.000526916643139,
        "dvar2": 0.00144149444532,
        "max": 0.500000059605,
        "mean": 0.460515886545,
        "median": 0.469254046679,
        "min": 0.207722976804,
        "var": 0.00113724824041
    },
    "dynamic_complexity": 5.32280254364,
    "erbbands_crest": {
        "dmean": 2.8838570118,
        "dmean2": 4.53596353531,
        "dvar": 7.59802436829,
        "dvar2": 17.4995193481,
        "max": 33.310749054,
        "mean": 12.1698141098,
        "median": 10.3037691116,
        "min": 2.3929913044,
        "var": 43.8493309021
    },
    "erbbands_flatness_db": {
        "dmean": 0.0170161798596,
        "dmean2": 0.0256225168705,
        "dvar": 0.000294934288831,
        "dvar2": 0.000657478580251,
        "max": 0.45880651474,
        "mean": 0.165195405483,
        "median": 0.156128868461,
        "min": 0.0478365346789,
        "var": 0.00420518778265
    },
    "erbbands_kurtosis": {
        "dmean": 1.17104279995,
        "dmean2": 1.83780527115,
        "dvar": 2.42206525803,
        "dvar2": 5.74030399323,
        "max": 27.9825458527,
        "mean": 1.53133952618,
        "median": 0.747428894043,
        "min": -1.65395903587,
        "var": 7.13647699356
    },
    "erbbands_skewness": {
        "dmean": 0.354837834835,
        "dmean2": 0.539598822594,
        "dvar": 0.116885267198,
        "dvar2": 0.260195374489,
        "max": 4.84843254089,
        "mean": 0.611376285553,
        "median": 0.589683413506,
        "min": -3.91329622269,
        "var": 0.564100265503
    },
    "erbbands_spread": {
        "dmean": 6.95801925659,
        "dmean2": 10.7504634857,
        "dvar": 69.2219924927,
        "dvar2": 159.834915161,
        "max": 158.355239868,
        "mean": 30.1713733673,
        "median": 26.3555297852,
        "min": 1.83339810371,
        "var": 277.952362061
    },
    "hfc": {
        "dmean": 8.88382530212,
        "dmean2": 13.7494487762,
        "dvar": 264.691497803,
        "dvar2": 598.410644531,
        "max": 244.812683105,
        "mean": 28.0982608795,
        "median": 20.7237682343,
        "min": 1.11106595476e-16,
        "var": 929.836791992
    },
    "melbands_crest": {
        "dmean": 3.18047904968,
        "dmean2": 4.81596660614,
        "dvar": 10.5620651245,
        "dvar2": 22.1466693878,
        "max": 38.5167541504,
        "mean": 20.785736084,
        "median": 20.1327056885,
        "min": 1.64447653294,
        "var": 79.9230117798
    },
    "melbands_flatness_db": {
        "dmean": 0.0256050303578,
        "dmean2": 0.0384218581021,
        "dvar": 0.000862497487105,
        "dvar2": 0.00184739544056,
        "max": 0.561846792698,
        "mean": 0.232325389981,
        "median": 0.212857171893,
        "min": 0.00466474937275,
        "var": 0.00848896056414
    },
    "melbands_kurtosis": {
        "dmean": 8.93571949005,
        "dmean2": 14.030585289,
        "dvar": 440.398376465,
        "dvar2": 1057.12084961,
        "max": 651.206237793,
        "mean": 17.4117507935,
        "median": 6.60183143616,
        "min": -1.7677809,
        "var": 1133.71374512
    },
    "melbands_skewness": {
        "dmean": 0.783178448677,
        "dmean2": 1.18612205982,
        "dvar": 0.962873756886,
        "dvar2": 2.08177351952,
        "max": 21.9311790466,
        "mean": 2.83511948586,
        "median": 2.22286319733,
        "min": -1.31813442707,
        "var": 5.17202329636
    },
    "melbands_spread": {
        "dmean": 5.94506263733,
        "dmean2": 9.0742483139,
        "dvar": 83.1212539673,
        "dvar2": 156.657623291,
        "max": 210.349639893,
        "mean": 21.5739097595,
        "median": 17.3929653168,
        "min": 0.377057224512,
        "var": 347.529510498
    },
    "pitch_salience": {
        "dmean": 0.0680732652545,
        "dmean2": 0.107662968338,
        "dvar": 0.00563605362549,
        "dvar2": 0.0134459547698,
        "max": 0.957043647766,
        "mean": 0.455474793911,
        "median": 0.45751991868,
        "min": 0.0383120030165,
        "var": 0.0274491775781
    },
    "silence_rate_20dB": {
        "dmean": 0,
        "dmean2": 0,
        "dvar": 0,
        "dvar2": 0,
        "max": 1,
        "mean": 1,
        "median": 1,
        "min": 1,
        "var": 0
    },
    "silence_rate_30dB": {
        "dmean": 0.0599068589509,
        "dmean2": 0.11982639879,
        "dvar": 0.0563241615891,
        "dvar2": 0.134687229991,
        "max": 1,
        "mean": 0.883585572243,
        "median": 1,
        "min": 0,
        "var": 0.102859243751
    },
    "silence_rate_60dB": {
        "dmean": 0.00762066058815,
        "dmean2": 0.015242934227,
        "dvar": 0.0075624929741,
        "dvar2": 0.0179741606116,
        "max": 1,
        "mean": 0.127103403211,
        "median": 0,
        "min": 0,
        "var": 0.110939748585
    },
    "spectral_centroid": {
        "dmean": 217.425338745,
        "dmean2": 322.6590271,
        "dvar": 81738.921875,
        "dvar2": 162897.234375,
        "max": 11637.9736328,
        "mean": 1402.07922363,
        "median": 1329.59753418,
        "min": 157.12046814,
        "var": 525324.8125
    },
    "spectral_complexity": {
        "dmean": 3.47290420532,
        "dmean2": 5.30708169937,
        "dvar": 18.7195014954,
        "dvar2": 38.5058898926,
        "max": 63,
        "mean": 17.4598369598,
        "median": 17,
        "min": 0,
        "var": 131.984283447
    },
    "spectral_decrease": {
        "dmean": 3.42721739877e-09,
        "dmean2": 5.43554490307e-09,
        "dvar": 3.38704090323e-17,
        "dvar2": 8.13319447767e-17,
        "max": 7.6250419282e-29,
        "mean": -1.12899911642e-08,
        "median": -8.2732380946e-09,
        "min": -6.43720241555e-08,
        "var": 1.20553580406e-16
    },
    "spectral_energy": {
        "dmean": 0.0133613245562,
        "dmean2": 0.0211574435234,
        "dvar": 0.000496362394188,
        "dvar2": 0.00118816818576,
        "max": 0.247918054461,
        "mean": 0.0451596863568,
        "median": 0.0340845622122,
        "min": 1.01436681919e-20,
        "var": 0.00181763782166
    },
    "spectral_energyband_high": {
        "dmean": 0.000671799585689,
        "dmean2": 0.00105353607796,
        "dvar": 2.43583417614e-06,
        "dvar2": 5.15411420565e-06,
        "max": 0.0282352473587,
        "mean": 0.00146391766611,
        "median": 0.000475625391118,
        "min": 7.22555755218e-21,
        "var": 7.58456189942e-06
    },
    "spectral_energyband_low": {
        "dmean": 0.0109118288383,
        "dmean2": 0.0176344867796,
        "dvar": 0.000473985419376,
        "dvar2": 0.00116354192141,
        "max": 0.223857462406,
        "mean": 0.0272615253925,
        "median": 0.015219909139,
        "min": 3.37426732511e-23,
        "var": 0.00137540313881
    },
    "spectral_energyband_middle_high": {
        "dmean": 0.00250758859329,
        "dmean2": 0.00373503891751,
        "dvar": 1.95834472834e-05,
        "dvar2": 4.1350882384e-05,
        "max": 0.136571884155,
        "mean": 0.00816080719233,
        "median": 0.00444873888046,
        "min": 1.10718569277e-21,
        "var": 0.000121294055134
    },
    "spectral_energyband_middle_low": {
        "dmean": 0.00391474924982,
        "dmean2": 0.00633593183011,
        "dvar": 8.22085712571e-05,
        "dvar2": 0.000221275709919,
        "max": 0.129678815603,
        "mean": 0.0086966464296,
        "median": 0.00463019264862,
        "min": 2.10358923785e-22,
        "var": 0.000125307225971
    },
    "spectral_entropy": {
        "dmean": 0.154232889414,
        "dmean2": 0.236402601004,
        "dvar": 0.0308797378093,
        "dvar2": 0.0726554617286,
        "max": 9.81050682068,
        "mean": 7.60536336899,
        "median": 7.7281832695,
        "min": 5.59841775894,
        "var": 0.325732827187
    },
    "spectral_flux": {
        "dmean": 0.0282689873129,
        "dmean2": 0.0426453687251,
        "dvar": 0.00168522109743,
        "dvar2": 0.0030105037149,
        "max": 0.467229574919,
        "mean": 0.0861452370882,
        "median": 0.0706815645099,
        "min": 6.57456936115e-11,
        "var": 0.00490177376196
    },
    "spectral_kurtosis": {
        "dmean": 1.92057740688,
        "dmean2": 3.23403310776,
        "dvar": 9.30511474609,
        "dvar2": 27.7963237762,
        "max": 72.3156433105,
        "mean": 5.86940765381,
        "median": 4.09746932983,
        "min": -1.22591507435,
        "var": 35.421836853
    },
    "spectral_rms": {
        "dmean": 0.000820566317998,
        "dmean2": 0.00127244077157,
        "dvar": 1.30392834308e-06,
        "dvar2": 2.92508229904e-06,
        "max": 0.0155522106215,
        "mean": 0.00583786144853,
        "median": 0.00576656172052,
        "min": 3.14583233595e-12,
        "var": 9.97750157694e-06
    },
    "spectral_rolloff": {
        "dmean": 423.316314697,
        "dmean2": 703.217468262,
        "dvar": 846803.875,
        "dvar2": 1943785,
        "max": 19035.3515625,
        "mean": 1267.49926758,
        "median": 1033.59375,
        "min": 43.06640625,
        "var": 2209924
    },
    "spectral_skewness": {
        "dmean": 0.228237912059,
        "dmean2": 0.371303826571,
        "dvar": 0.0656517669559,
        "dvar2": 0.180308908224,
        "max": 6.13703966141,
        "mean": 1.80782210827,
        "median": 1.67605853081,
        "min": -0.0533096343279,
        "var": 0.40118509531
    },
    "spectral_spread": {
        "dmean": 608111.9375,
        "dmean2": 956993.4375,
        "dvar": 994908831744,
        "dvar2": 2.3285423145e+12,
        "max": 41432984,
        "mean": 5164424.5,
        "median": 5139372.5,
        "min": 975854.3125,
        "var": 5.42158933197e+12
    },
    "spectral_strongpeak": {
        "dmean": 0.396392822266,
        "dmean2": 0.682596921921,
        "dvar": 0.84811681509,
        "dvar2": 2.07259058952,
        "max": 13.5057058334,
        "mean": 0.816172242165,
        "median": 0.378282040358,
        "min": 0,
        "var": 1.60162901878
    },
    "zerocrossingrate": {
        "dmean": 0.00999596714973,
        "dmean2": 0.0115984762087,
        "dvar": 0.000187299941899,
        "dvar2": 0.000198062858544,
        "max": 0.8359375,
        "mean": 0.0568592622876,
        "median": 0.0498046875,
        "min": 0.0009765625,
        "var": 0.00202302844264
    },
    "barkbands": {
        "dmean": [0.00190911290701, 0.00902886409312, 0.00208308547735, 0.00119801727124, 0.00136118184309, 0.000563275883906, 0.000582232431043, 0.0010152021423, 0.000646461034194, 0.000976576702669, 0.000617598823737, 0.000748592196032, 0.000570086878724, 0.000441263924586, 0.000376484327717, 0.000205498930882, 0.000177548237843, 0.000138779359986, 0.000134007757879, 0.000118636475236, 0.000129729669425, 0.000137058144901, 0.000104008468043, 0.000141073236591, 0.000148815859575, 8.67741619004e-05, 2.03709550988e-05],
        "dmean2": [0.00298974127509, 0.014532466419, 0.00381183228455, 0.00215358263813, 0.00228166976012, 0.000857782841194, 0.00088727439288, 0.00149889930617, 0.00103056023363, 0.00151227344759, 0.000963814149145, 0.00120529043488, 0.000904768996406, 0.000720352341887, 0.000600113417022, 0.000334261159878, 0.000299447245197, 0.000227210912271, 0.00021761120297, 0.000189198777662, 0.000197664936422, 0.000214196741581, 0.000167208723724, 0.00023008066637, 0.000252132624155, 0.000147686310811, 3.44054205925e-05],
        "dvar": [1.24851312648e-05, 0.000379826175049, 8.4536637587e-05, 2.11382066482e-05, 1.35105619847e-05, 1.07559412754e-06, 2.53457756116e-06, 8.29766213428e-06, 3.08284620587e-06, 6.6167190198e-06, 2.99064572573e-06, 3.34546530212e-06, 4.36470963905e-06, 2.4976345685e-06, 9.94083620753e-07, 5.3284054502e-07, 2.71894776915e-07, 1.20220462918e-07, 1.35772111776e-07, 1.39177700476e-07, 1.87700521792e-07, 2.24486839784e-07, 9.23119145568e-08, 1.28604483507e-07, 1.46260603628e-07, 4.83890438829e-08, 3.07265901611e-09],
        "dvar2": [3.25363507727e-05, 0.000894953729585, 0.000241953035584, 6.13643060206e-05, 3.64330953744e-05, 2.37769882006e-06, 5.960857834e-06, 1.74761535163e-05, 7.92477476352e-06, 1.4839771211e-05, 6.94448226568e-06, 8.373669516e-06, 1.06098832475e-05, 6.30357271802e-06, 2.47268280873e-06, 1.26097620523e-06, 7.30263366222e-07, 3.014416734e-07, 3.37082326496e-07, 3.23213726006e-07, 3.7804923636e-07, 4.67134071869e-07, 1.99963025693e-07, 2.89874463988e-07, 4.04000871868e-07, 1.29577287566e-07, 8.09631384158e-09],
        "max": [0.0722334906459, 0.207365989685, 0.0831054076552, 0.0527514442801, 0.0486966669559, 0.0213085990399, 0.0477709174156, 0.126229345798, 0.0336554199457, 0.052389588207, 0.0376817509532, 0.030562127009, 0.103273369372, 0.0554845705628, 0.0203303769231, 0.0352015569806, 0.0141722625121, 0.00768468342721, 0.0100429235026, 0.00944156851619, 0.0147378351539, 0.0146006084979, 0.00803955737501, 0.00778334727511, 0.00479466747493, 0.00247972132638, 0.000909977708943],
        "mean": [0.00415729824454, 0.021294683218, 0.00165648199618, 0.0010470522102, 0.00183606473729, 0.0010535158217, 0.000953625363763, 0.00212516402826, 0.00114864227362, 0.00212958198972, 0.00130064634141, 0.0014417412458, 0.00104103435297, 0.000725252088159, 0.000609103823081, 0.000313690135954, 0.000288362061838, 0.000231240890571, 0.000248680589721, 0.000203148461878, 0.000247849005973, 0.000262411078438, 0.000192271487322, 0.000248479482252, 0.000232336198678, 0.000142590375617, 2.8519456464e-05],
        "median": [0.00136770668905, 0.00866912584752, 0.000177267633262, 0.000204469019081, 0.000534108548891, 0.000432881031884, 0.000309166440275, 0.000604718457907, 0.000302826811094, 0.000339445192367, 0.00018086869386, 0.000317778321914, 0.000214260930079, 0.000137486116728, 0.00018073519459, 9.54611459747e-05, 0.00011823962268, 9.71319241216e-05, 8.72547898325e-05, 6.21684084763e-05, 6.06297217018e-05, 6.59546567476e-05, 5.32857993676e-05, 7.57813686505e-05, 5.97309699515e-05, 3.53387586074e-05, 2.84986640509e-06],
        "min": [1.85156323799e-24, 1.18185783979e-23, 4.87613069318e-24, 6.32182558708e-24, 1.78999639143e-23, 6.81838039476e-24, 1.61392121743e-23, 1.52644727155e-23, 3.00055551531e-23, 2.87687758704e-23, 2.84366307195e-23, 6.16202603351e-23, 3.42490651542e-23, 5.50971758207e-23, 3.7306122043e-23, 9.54111803191e-23, 5.42402519966e-23, 1.10617458766e-22, 1.22248815227e-22, 2.29408904905e-22, 3.09981289741e-22, 4.01430185816e-22, 4.89671586073e-22, 7.23420740569e-22, 9.68433314179e-22, 1.36409413737e-21, 2.27557992359e-21],
        "var": [2.76470054814e-05, 0.00105328380596, 5.2145391237e-05, 1.24973175843e-05, 1.34763349706e-05, 2.83685221802e-06, 3.95956340071e-06, 2.57898045675e-05, 5.91326624999e-06, 2.49751719821e-05, 1.24456546473e-05, 9.37014647207e-06, 1.57837366714e-05, 5.99024997427e-06, 2.00822682928e-06, 8.60781369738e-07, 3.12942773917e-07, 1.77385516054e-07, 2.04760837619e-07, 2.30777004617e-07, 5.13410611802e-07, 5.86195653796e-07, 2.00505908765e-07, 2.7330892749e-07, 1.85664603691e-07, 7.08596914478e-08, 3.93650800845e-09]
    },
    "erbbands": {
        "dmean": [0.444892138243, 1.60812687874, 2.45513033867, 3.25425720215, 4.6549038887, 4.6332244873, 4.18433904648, 4.95383453369, 8.33857536316, 10.0850114822, 23.5220508575, 16.0910015106, 22.5135555267, 29.1276359558, 27.1214485168, 34.4743461609, 25.7321548462, 23.3178730011, 21.9923934937, 12.7043647766, 9.91611003876, 8.97311687469, 7.8997168541, 7.12098884583, 6.51284885406, 5.76187705994, 5.08392715454, 5.40850257874, 4.91286373138, 3.93266606331, 2.9846830368, 3.19763755798, 2.33469223976, 1.78291869164, 1.01592504978, 0.43293645978, 0.157298579812, 0.0364711694419, 0.00342390523292, 6.12313160673e-05],
        "dmean2": [0.674118876457, 2.52250027657, 4.30727577209, 5.92600870132, 7.8956489563, 8.04908752441, 6.69550466537, 7.69001817703, 12.498290062, 15.0854072571, 34.3109016418, 25.1078109741, 35.9713859558, 43.8896522522, 41.9723129272, 54.4209060669, 41.1540489197, 37.1088905334, 34.6616973877, 20.0245323181, 15.9644460678, 15.056722641, 12.9543733597, 11.4047851562, 10.6287679672, 9.12071609497, 7.86958265305, 8.10120868683, 7.649330616, 6.18044757843, 4.79431390762, 5.24674797058, 3.79355382919, 3.02354574203, 1.72386407852, 0.737209737301, 0.268599927425, 0.0614501647651, 0.00582870468497, 0.000102258876723],
        "dvar": [0.823148965836, 17.3902168274, 96.2078094482, 192.811752319, 206.545288086, 179.901702881, 78.0468444824, 100.086410522, 496.68951416, 978.638305664, 4455.42382812, 1770.93029785, 5444.07421875, 5907.5703125, 5217.98388672, 7074.84667969, 8323.35546875, 6934.83935547, 3527.95996094, 1636.70507812, 1053.60791016, 753.43939209, 359.484771729, 407.411651611, 387.865356445, 305.625061035, 276.670440674, 346.455291748, 270.003417969, 166.196838379, 68.3527526855, 64.1457138062, 36.4684829712, 20.1494407654, 6.76584005356, 1.12908101082, 0.161345496774, 0.0090615907684, 9.96672606561e-05, 2.22185239096e-08],
        "dvar2": [1.96134293079, 41.9543876648, 266.063598633, 560.440429688, 565.247558594, 508.397521973, 207.442077637, 225.507888794, 1073.6628418, 2077.49975586, 9371.64453125, 4400.44873047, 13325.0263672, 12470.8857422, 12243.9892578, 17340.8183594, 21321.5546875, 17695.9296875, 8746.99902344, 3708.19726562, 2419.84155273, 2010.65063477, 927.813171387, 1006.73919678, 950.608642578, 684.99206543, 570.33404541, 642.293640137, 556.139404297, 358.859008789, 150.820968628, 148.20010376, 84.0573730469, 55.6299171448, 18.5153694153, 3.04740285873, 0.430549114943, 0.0236367583275, 0.000267841300229, 5.92370561492e-08],
        "max": [10.0522212982, 48.7864112854, 96.2839736938, 158.905075073, 201.596221924, 193.289749146, 116.878410339, 192.287414551, 635.604187012, 1431.69006348, 2527.6940918, 929.995361328, 1635.88757324, 1939.70947266, 1640.10620117, 1546.49829102, 4311.21386719, 2945.05761719, 1138.02722168, 1316.15368652, 1717.18530273, 854.877380371, 392.086029053, 639.097900391, 500.258514404, 479.636962891, 440.830230713, 608.827636719, 500.062988281, 385.030517578, 227.033599854, 180.988723755, 166.028427124, 60.5055770874, 29.240655899, 11.6820240021, 4.34554290771, 1.46862673759, 0.179691269994, 0.00263783102855],
        "mean": [1.04999601841, 3.02959322929, 2.37992835045, 2.86872363091, 5.28691530228, 5.7638335228, 6.89883852005, 8.84110355377, 14.3788547516, 20.547121048, 48.4617080688, 31.9668655396, 41.7270393372, 68.1535873413, 61.4051628113, 71.060256958, 49.5245742798, 44.3124732971, 37.6666259766, 21.6674938202, 16.3751716614, 14.9419231415, 13.6670122147, 12.6312980652, 12.1250963211, 10.1578330994, 9.39285850525, 9.96834373474, 9.47841262817, 7.32526779175, 5.41570901871, 5.29503965378, 3.97359633446, 2.70932459831, 1.58259236813, 0.692611336708, 0.247611567378, 0.0579921752214, 0.00466619571671, 0.000128391882754],
        "median": [0.479918301105, 0.629150092602, 0.440820783377, 0.666956365108, 1.00619888306, 1.59691250324, 2.707010746, 2.98094773293, 4.67202186584, 6.36378145218, 14.5889997482, 9.90671539307, 8.13817691803, 12.7754964828, 13.6421890259, 16.2907810211, 13.6906700134, 9.67787075043, 11.0224065781, 7.14020442963, 6.27331018448, 6.19816732407, 6.15213537216, 4.84768486023, 4.31235313416, 3.27018761635, 2.5956287384, 2.20014357567, 2.3447368145, 2.03965711594, 1.54597318172, 1.71280419827, 1.03922402859, 0.688862025738, 0.392097294331, 0.172691404819, 0.0589921697974, 0.0132868336514, 0.000604265893344, 7.50564067857e-05],
        "min": [1.56527446888e-22, 2.59372962188e-21, 7.52434262113e-21, 1.7982964678e-20, 3.13402739784e-20, 3.94853437556e-20, 1.0443805992e-19, 9.47619272963e-20, 2.59679110295e-19, 2.7163683323e-19, 5.17008148771e-19, 8.6557140895e-19, 8.25040334417e-19, 8.82853073103e-19, 2.12054388152e-18, 2.08700729115e-18, 1.94242604625e-18, 2.59096439101e-18, 3.1190821958e-18, 3.2527882904e-18, 4.89388505399e-18, 3.58060182831e-18, 6.10233058167e-18, 8.02424668462e-18, 6.49789414085e-18, 1.11705720739e-17, 1.3937665758e-17, 1.20027620922e-17, 1.40662228601e-17, 1.47839939474e-17, 1.47738874546e-17, 1.08300896445e-17, 1.10506689354e-17, 9.05057102965e-18, 7.10326792651e-18, 4.02471799432e-18, 2.85174734799e-18, 1.00400215241e-18, 3.17391837675e-19, 3.5016662055e-20],
        "var": [2.60364341736, 30.4242973328, 68.3370285034, 112.227828979, 168.362075806, 157.561386108, 124.602645874, 245.358337402, 897.77911377, 3096.58984375, 12813.2910156, 4099.81689453, 12318.8447266, 27593.5117188, 21688.1289062, 22412.6914062, 26246.0488281, 21883.3261719, 7371.31298828, 3258.51391602, 1771.68762207, 870.552368164, 550.828369141, 611.871887207, 579.652770996, 545.985351562, 578.189575195, 1073.58752441, 737.255187988, 372.982421875, 147.176193237, 122.825447083, 75.5827636719, 26.1332187653, 8.76382255554, 1.71004140377, 0.217337712646, 0.0129081532359, 0.000115036280476, 3.16964623437e-08]
    },
    "gfcc": {
        "mean": [-24.4237098694, 73.6432800293, -114.62802887, 9.24245643616, -54.4674453735, 19.8756103516, -27.9893341064, 14.6526041031, -19.4649391174, 9.49780273438, -9.42667198181, 5.42430686951, -9.80708408356],
        "cov": [[23570.453125, -2397.35302734, 3146.14648438, 2238.65356445, 1012.60253906, 2109.46777344, 369.448822021, 1020.74829102, -97.5735855103, 526.225097656, -396.22958374, 422.289398193, -143.507919312], [-2397.35302734, 2461.06079102, -71.0815734863, -110.159561157, 274.412536621, -481.773773193, 83.6117553711, -232.02130127, 224.61100769, -236.768234253, 205.454238892, -170.615463257, 202.877639771], [3146.14648438, -71.0815734863, 1657.97680664, 757.562805176, 657.16619873, 647.141723633, 368.914520264, 274.021087646, 141.599197388, 198.912597656, 82.966583252, 179.444641113, 56.2620201111], [2238.65356445, -110.159561157, 757.562805176, 723.092773438, 404.63079834, 354.301147461, 227.289611816, 155.212402344, 81.6819610596, 106.8201828, 48.8500328064, 97.7646789551, 43.9965400696], [1012.60253906, 274.412536621, 657.16619873, 404.63079834, 558.560913086, 318.675109863, 287.807159424, 131.687637329, 138.725234985, 86.6126022339, 109.647193909, 86.2165908813, 81.8383026123], [2109.46777344, -481.773773193, 647.141723633, 354.301147461, 318.675109863, 609.980102539, 269.907318115, 197.050521851, 28.123468399, 159.05632019, 14.1094589233, 137.271606445, -2.11503767967], [369.448822021, 83.6117553711, 368.914520264, 227.289611816, 287.807159424, 269.907318115, 361.561340332, 135.297866821, 82.6691207886, 67.9009628296, 101.98374939, 94.8167953491, 57.6009674072], [1020.74829102, -232.02130127, 274.021087646, 155.212402344, 131.687637329, 197.050521851, 135.297866821, 236.481658936, 86.8725357056, 79.5768127441, 3.14111804962, 78.2953491211, 21.7059707642], [-97.5735855103, 224.61100769, 141.599197388, 81.6819610596, 138.725234985, 28.123468399, 82.6691207886, 86.8725357056, 211.033187866, 75.1485824585, 30.3269901276, -3.89908576012, 56.5842437744], [526.225097656, -236.768234253, 198.912597656, 106.8201828, 86.6126022339, 159.05632019, 67.9009628296, 79.5768127441, 75.1485824585, 183.331604004, 50.7969284058, 38.6447029114, -12.9663152695], [-396.22958374, 205.454238892, 82.966583252, 48.8500328064, 109.647193909, 14.1094589233, 101.98374939, 3.14111804962, 30.3269901276, 50.7969284058, 171.078735352, 56.1408576965, 19.6744346619], [422.289398193, -170.615463257, 179.444641113, 97.7646789551, 86.2165908813, 137.271606445, 94.8167953491, 78.2953491211, -3.89908576012, 38.6447029114, 56.1408576965, 144.825027466, 35.0221824646], [-143.507919312, 202.877639771, 56.2620201111, 43.9965400696, 81.8383026123, -2.11503767967, 57.6009674072, 21.7059707642, 56.5842437744, -12.9663152695, 19.6744346619, 35.0221824646, 120.787002563]],
        "icov": [[0.000100744546216, -7.30123647372e-05, -2.96558737318e-05, -0.000231473197346, 3.94885937567e-05, -0.000233537473832, 0.000252381083556, -0.00034180804505, 0.000275992031675, -0.000146463047713, 0.000249550736044, -3.79766206606e-05, 7.60294133215e-05], [-7.30123647372e-05, 0.00151240185369, -0.000358612363925, 0.000531127501745, -0.000653678318486, 0.000735180510674, -0.000435799302068, 0.00123147433624, -0.00175239716191, 0.0023853322491, -0.00223508593626, 0.00189406867139, -0.00131928315386], [-2.96558737318e-05, -0.000358612363925, 0.00180579326116, -0.000854879850522, -0.000910705770366, -0.000774045765866, 0.000317587138852, -0.000398938835133, 0.000246270530624, -0.000727026141249, 0.000592948868871, -0.00086846423801, 0.000522903632373], [-0.000231473197346, 0.000531127501745, -0.000854879850522, 0.00363680743612, -0.00142803986091, 0.000648758024909, -0.000735643086955, 0.000768891535699, -0.000600039842539, 0.000493775587529, -0.000629905669484, 0.000446086720331, -0.000594697485212], [3.94885937567e-05, -0.000653678318486, -0.000910705770366, -0.00142803986091, 0.00644080294296, -0.00200809491798, -0.00105666695163, 8.28783013276e-05, -0.00150980334729, 0.00081900152145, -0.00165104796179, 0.000523775815964, -0.000908580375835], [-0.000233537473832, 0.000735180510674, -0.000774045765866, 0.000648758024909, -0.00200809491798, 0.00684862118214, -0.00343586690724, 0.000441098876763, 0.00126947136596, -0.00264341663569, 0.00253790756688, -0.00166480243206, 0.000842513865791], [0.000252381083556, -0.000435799302068, 0.000317587138852, -0.000735643086955, -0.00105666695163, -0.00343586690724, 0.00787053164095, -0.00281713414006, 9.16588833206e-05, 0.00124536256772, -0.00282826204784, 9.7783835372e-05, -0.000916334800422], [-0.00034180804505, 0.00123147433624, -0.000398938835133, 0.000768891535699, 8.28783013276e-05, 0.000441098876763, -0.00281713414006, 0.0104761570692, -0.00545907393098, 0.0012894772226, 0.000516750558745, -0.00260636745952, 0.000210964863072], [0.000275992031675, -0.00175239716191, 0.000246270530624, -0.000600039842539, -0.00150980334729, 0.00126947136596, 9.16588833206e-05, -0.00545907393098, 0.0127469170839, -0.00770598044619, 0.00354248401709, 0.00143215607386, -0.00243332143873], [-0.000146463047713, 0.0023853322491, -0.000727026141249, 0.000493775587529, 0.00081900152145, -0.00264341663569, 0.00124536256772, 0.0012894772226, -0.00770598044619, 0.0151270199567, -0.00827176030725, 0.0032250196673, 0.000197571353056], [0.000249550736044, -0.00223508593626, 0.000592948868871, -0.000629905669484, -0.00165104796179, 0.00253790756688, -0.00282826204784, 0.000516750558745, 0.00354248401709, -0.00827176030725, 0.0156062645838, -0.00816246401519, 0.00370002794079], [-3.79766206606e-05, 0.00189406867139, -0.00086846423801, 0.000446086720331, 0.000523775815964, -0.00166480243206, 9.7783835372e-05, -0.00260636745952, 0.00143215607386, 0.0032250196673, -0.00816246401519, 0.0166094582528, -0.00675778044388], [7.60294133215e-05, -0.00131928315386, 0.000522903632373, -0.000594697485212, -0.000908580375835, 0.000842513865791, -0.000916334800422, 0.000210964863072, -0.00243332143873, 0.000197571353056, 0.00370002794079, -0.00675778044388, 0.0141056217253]]
    },
    "melbands": {
        "dmean": [0.00307350209914, 0.00146613887046, 0.00061045284383, 0.000331777468091, 0.000152168504428, 0.00011055439245, 0.000125981503516, 0.000125741149532, 0.000181923940545, 0.000101072277175, 0.000115440052468, 0.000123822013848, 8.45804606797e-05, 9.28612571442e-05, 6.757266965e-05, 5.78555300308e-05, 4.63191572635e-05, 3.6986933992e-05, 2.2541385988e-05, 1.64285029314e-05, 1.14789500003e-05, 9.78430671239e-06, 9.49261811911e-06, 6.70252029522e-06, 6.16882107352e-06, 5.39638995178e-06, 4.28353359894e-06, 4.10925758842e-06, 3.38169570568e-06, 3.55121665052e-06, 3.41515010405e-06, 2.90535149361e-06, 2.91575770461e-06, 2.16770263251e-06, 1.82426185802e-06, 1.75123773261e-06, 2.21383174903e-06, 1.71921738001e-06, 1.56979899657e-06, 1.57217436936e-06],
        "dmean2": [0.00480183586478, 0.00239943549968, 0.00109091412742, 0.000560876214877, 0.000250455865171, 0.00016995043552, 0.000188916150364, 0.000186941222637, 0.000266419665422, 0.000159282266395, 0.000183988362551, 0.000187070821994, 0.000130982938572, 0.000146861188114, 0.000107134408609, 9.1952701041e-05, 7.51371626393e-05, 5.88099865126e-05, 3.59184596164e-05, 2.63187994278e-05, 1.88800786418e-05, 1.6502204744e-05, 1.59214414452e-05, 1.08667891254e-05, 9.99744042929e-06, 8.82649419509e-06, 6.89080525262e-06, 6.68028997097e-06, 5.43633950656e-06, 5.62557806916e-06, 5.13830764248e-06, 4.52760104963e-06, 4.6074965212e-06, 3.44895170201e-06, 2.96687790069e-06, 2.85589158011e-06, 3.70335942534e-06, 2.79609821519e-06, 2.6280883958e-06, 2.69700626632e-06],
        "dvar": [3.92602123611e-05, 2.1204325094e-05, 5.7068091337e-06, 8.94957224773e-07, 1.23354922721e-07, 4.92363483318e-08, 1.11825826821e-07, 1.52122581198e-07, 2.4276653221e-07, 8.02247939191e-08, 1.4054928954e-07, 1.11205380904e-07, 5.53186190189e-08, 4.66985596859e-08, 3.33556435805e-08, 4.9019934778e-08, 2.87346537675e-08, 1.18260583548e-08, 4.51051596073e-09, 3.28761506907e-09, 1.39635636387e-09, 1.02207375896e-09, 6.17333184572e-10, 3.13564674226e-10, 3.45735301499e-10, 2.37892316957e-10, 2.45082482087e-10, 1.7545752351e-10, 1.4583491359e-10, 1.89641205517e-10, 1.51826481942e-10, 1.1439849068e-10, 1.00650585089e-10, 4.81191718416e-11, 2.47017354488e-11, 2.51762187486e-11, 3.03254331369e-11, 2.13719632269e-11, 1.34337402313e-11, 1.61635167056e-11],
        "dvar2": [9.18488731259e-05, 5.46154769836e-05, 1.64511075127e-05, 2.44760599344e-06, 3.4168542129e-07, 1.05660419081e-07, 2.46574927587e-07, 3.11501338501e-07, 5.15856925176e-07, 2.0197444428e-07, 3.44529979657e-07, 2.33530542459e-07, 1.32172118583e-07, 1.14169246501e-07, 8.29849042816e-08, 1.22807833236e-07, 7.44193471292e-08, 2.97989704023e-08, 1.12349347603e-08, 7.44684580667e-09, 3.25581117622e-09, 2.77224843082e-09, 1.63277336096e-09, 8.0309031647e-10, 8.71812066983e-10, 5.86399984126e-10, 5.85282156074e-10, 4.13918954667e-10, 3.26618870838e-10, 4.56782028868e-10, 2.93390756134e-10, 2.33572883257e-10, 2.2943222322e-10, 1.08575752555e-10, 5.76429043386e-11, 5.58411095142e-11, 7.36684879765e-11, 4.75115086163e-11, 3.49825481083e-11, 4.50087536685e-11],
        "max": [0.0691881850362, 0.0556589774787, 0.0261709690094, 0.0133509179577, 0.00385784078389, 0.00464062206447, 0.0102351009846, 0.0200817566365, 0.0173116661608, 0.00572952395305, 0.00796392373741, 0.00816711783409, 0.00639723800123, 0.00347619690001, 0.0067156823352, 0.0127867050469, 0.00631503853947, 0.00256392080337, 0.00194117450155, 0.00224278005771, 0.00175956485327, 0.00101392890792, 0.000512839644216, 0.000500580703374, 0.000609382754192, 0.000536078761797, 0.000367685570382, 0.000325459404849, 0.000347306748154, 0.00043171129073, 0.000445994606707, 0.000411465938669, 0.000362813967513, 0.0002136023395, 0.000125442616991, 0.000183895201189, 9.79742399068e-05, 0.000126629471197, 6.42385930405e-05, 5.57874809601e-05],
        "mean": [0.00754785072058, 0.00212148716673, 0.000568682269659, 0.000421038421337, 0.000236291816691, 0.00020050117746, 0.000215117601329, 0.000260159140453, 0.000372200011043, 0.000186718607438, 0.000209334975807, 0.000282516586594, 0.000178735470399, 0.000193159416085, 0.000122340672533, 0.000107524989289, 7.93396902736e-05, 5.99791965215e-05, 3.63046237908e-05, 2.54976075666e-05, 1.77616930159e-05, 1.53121072799e-05, 1.48092858581e-05, 1.09248085209e-05, 9.92517288978e-06, 9.41893995332e-06, 6.89370563123e-06, 6.69738028591e-06, 5.71074178879e-06, 5.82092116019e-06, 5.85353518545e-06, 5.24485858477e-06, 5.1029946917e-06, 3.683828254e-06, 3.11148664878e-06, 2.90754701382e-06, 3.41069062415e-06, 2.79922164736e-06, 2.50215521191e-06, 2.22071412281e-06],
        "median": [0.00391433062032, 0.000385206192732, 0.000137502196594, 9.67539745034e-05, 9.77253366727e-05, 6.89904336468e-05, 6.90214292263e-05, 7.94244042481e-05, 0.000112437192001, 4.88236728415e-05, 3.81917998311e-05, 4.50706829724e-05, 2.96481284749e-05, 4.13225970988e-05, 3.32136296493e-05, 2.08554538403e-05, 1.4531200577e-05, 1.67420766957e-05, 1.12484358397e-05, 7.28434815755e-06, 6.87888314133e-06, 6.09451626588e-06, 5.46817091163e-06, 4.44151010015e-06, 2.95149720841e-06, 2.98105669572e-06, 2.31347576118e-06, 1.90430603197e-06, 1.53988264628e-06, 1.27748160139e-06, 1.10926112029e-06, 1.21767072869e-06, 1.15269745038e-06, 9.52334175963e-07, 8.44612031869e-07, 8.20339550955e-07, 1.03815978036e-06, 6.7360065259e-07, 6.59837155581e-07, 5.59122611321e-07],
        "min": [2.87434999782e-24, 4.24849639091e-24, 3.24619398221e-24, 6.3500644409e-24, 4.46843160014e-24, 1.71667492573e-24, 3.56881225725e-24, 3.15517619704e-24, 4.24018140253e-24, 5.36433738033e-24, 3.81819840509e-24, 3.15059587341e-24, 4.79100589619e-24, 8.32614680899e-24, 4.77358193094e-24, 4.43537517277e-24, 4.75661708275e-24, 4.96734549636e-24, 3.30038300715e-24, 3.96186141441e-24, 5.30443759407e-24, 2.8060861166e-24, 4.84494859932e-24, 4.47340300157e-24, 6.4581821667e-24, 4.4646632116e-24, 5.18630094035e-24, 6.89300979184e-24, 8.31519663076e-24, 7.56426967989e-24, 6.63020945873e-24, 6.00304413427e-24, 7.47154933567e-24, 6.9100026446e-24, 8.26606321814e-24, 7.48477458875e-24, 6.02042550102e-24, 8.0006486e-24, 6.34895766905e-24, 7.6800760385e-24],
        "var": [0.00012129345123, 2.30355617532e-05, 3.44083673554e-06, 8.52776679494e-07, 1.48037187842e-07, 1.29823803263e-07, 1.98269859197e-07, 5.13062445862e-07, 7.03399791746e-07, 1.72959460087e-07, 3.13819668918e-07, 5.19639911545e-07, 2.20075591528e-07, 1.37779309739e-07, 6.80252085772e-08, 1.84882821941e-07, 7.79635556114e-08, 2.16123829944e-08, 8.18471157515e-09, 5.85478865389e-09, 2.07864103707e-09, 1.05828679153e-09, 7.88673126806e-10, 4.20872559026e-10, 4.75237071917e-10, 3.60012408773e-10, 3.03792935252e-10, 2.67272037835e-10, 2.22607515754e-10, 3.64425684074e-10, 4.17262724373e-10, 2.87350504502e-10, 2.00191460631e-10, 9.55961351745e-11, 4.95484903107e-11, 4.63089531999e-11, 5.12083951631e-11, 4.40158326453e-11, 2.34104610697e-11, 1.88400232914e-11]
    },
    "mfcc": {
        "mean": [-669.227294922, 114.988517761, -2.66648936272, 1.87600517273, -0.422161877155, 4.01326084137, 5.02653694153, 5.14897060394, 2.0184879303, 4.9099407196, 4.97194337845, 5.46501302719, 3.73096394539],
        "cov": [[16198.4775391, -1116.48608398, 1768.59191895, 791.94543457, 1108.86828613, 1118.09277344, 755.45892334, 758.646362305, 608.458496094, 400.083679199, 305.822723389, 42.5643234253, -36.6011352539], [-1116.48608398, 2117.14575195, -139.02180481, 276.740936279, 108.727134705, -86.9128417969, -46.72889328, -18.0112838745, -23.1879806519, -10.8376913071, -52.9750556946, -26.4297370911, 19.4186592102], [1768.59191895, -139.02180481, 921.680541992, 357.267608643, 407.958312988, 404.971466064, 309.814331055, 234.562973022, 204.138549805, 116.721420288, 142.833084106, 97.3232727051, 81.7635955811], [791.94543457, 276.740936279, 357.267608643, 562.10333252, 299.356079102, 213.711242676, 169.441146851, 148.541717529, 105.782623291, 83.2774963379, 56.2895050049, 73.0348739624, 89.4685897827], [1108.86828613, 108.727134705, 407.958312988, 299.356079102, 420.355957031, 280.119842529, 197.18397522, 168.794158936, 153.408416748, 109.431732178, 82.8787994385, 60.024105072, 62.9367980957], [1118.09277344, -86.9128417969, 404.971466064, 213.711242676, 280.119842529, 438.759063721, 298.663085938, 189.042999268, 157.528137207, 96.2892227173, 118.066589355, 73.4435653687, 74.2887496948], [755.45892334, -46.72889328, 309.814331055, 169.441146851, 197.18397522, 298.663085938, 368.970611572, 216.617523193, 109.645576477, 62.1622161865, 94.0703964233, 82.2863693237, 104.390937805], [758.646362305, -18.0112838745, 234.562973022, 148.541717529, 168.794158936, 189.042999268, 216.617523193, 265.000854492, 154.326004028, 54.6212501526, 59.8697662354, 46.668800354, 68.0405883789], [608.458496094, -23.1879806519, 204.138549805, 105.782623291, 153.408416748, 157.528137207, 109.645576477, 154.326004028, 234.27973938, 122.71031189, 58.7315177917, 40.1541976929, 18.0463428497], [400.083679199, -10.8376913071, 116.721420288, 83.2774963379, 109.431732178, 96.2892227173, 62.1622161865, 54.6212501526, 122.71031189, 163.376251221, 77.0684432983, 46.3993415833, 24.2910995483], [305.822723389, -52.9750556946, 142.833084106, 56.2895050049, 82.8787994385, 118.066589355, 94.0703964233, 59.8697662354, 58.7315177917, 77.0684432983, 144.105484009, 75.0676040649, 51.1588249207], [42.5643234253, -26.4297370911, 97.3232727051, 73.0348739624, 60.024105072, 73.4435653687, 82.2863693237, 46.668800354, 40.1541976929, 46.3993415833, 75.0676040649, 137.5597229, 80.0258789062], [-36.6011352539, 19.4186592102, 81.7635955811, 89.4685897827, 62.9367980957, 74.2887496948, 104.390937805, 68.0405883789, 18.0463428497, 24.2910995483, 51.1588249207, 80.0258789062, 143.485641479]],
