{
"lowlevel": {
    "average_loudness": 0.921663582325,
    "barkbands_crest": {
        "dmean": 3.30884599686,
        "dmean2": 4.96713209152,
        "dvar": 11.0843572617,
        "dvar2": 23.6903896332,
        "max": 26.6734237671,
        "mean": 11.673157692,
        "median": 11.2080974579,
        "min": 1.73510861397,
        "var": 30.450340271
    },
    "barkbands_flatness_db": {
        "dmean": 0.0359855294228,
        "dmean2": 0.0529490783811,
        "dvar": 0.00253084138967,
        "dvar2": 0.00479302974418,
        "max": 0.714463472366,
        "mean": 0.10667771101,
        "median": 0.0839714407921,
        "min": 0.00879314076155,
        "var": 0.00613211328164
    },
    "barkbands_kurtosis": {
        "dmean": 25.4110622406,
        "dmean2": 38.8957214355,
        "dvar": 18209.2011719,
        "dvar2": 42733.0078125,
        "max": 4394.52001953,
        "mean": 21.4843425751,
        "median": 0.211800098419,
        "min": -1.83461427689,
        "var": 17944.7304688
    },
    "barkbands_skewness": {
        "dmean": 1.24974012375,
        "dmean2": 1.78159248829,
        "dvar": 7.73683214188,
        "dvar2": 15.6092777252,
        "max": 50.7113189697,
        "mean": 1.99099957943,
        "median": 1.15529203415,
        "min": -5.70394515991,
        "var": 12.386220932
    },
    "barkbands_spread": {
        "dmean": 9.93843269348,
        "dmean2": 15.4687042236,
        "dvar": 116.941902161,
        "dvar2": 265.15637207,
        "max": 121.776000977,
        "mean": 38.3220405579,
        "median": 40.1452865601,
        "min": 0.0358492620289,
        "var": 358.189605713
    },
    "dissonance": {
        "dmean": 0.0140584325418,
        "dmean2": 0.023998465389,
        "dvar": 0.000272259960184,
        "dvar2": 0.000738981412724,
        "max": 0.500000119209,
        "mean": 0.478759765625,
        "median": 0.48410564661,
        "min": 0.215100005269,
        "var": 0.000411570625147
    },
    "dynamic_complexity": 2.47580075264,
    "erbbands_crest": {
        "dmean": 2.45597958565,
        "dmean2": 4.07924509048,
        "dvar": 8.49760627747,
        "dvar2": 19.6700019836,
        "max": 31.6164417267,
        "mean": 7.0435628891,
        "median": 5.71586608887,
        "min": 2.14383721352,
        "var": 17.5866088867
    },
    "erbbands_flatness_db": {
        "dmean": 0.016958873719,
        "dmean2": 0.0259332358837,
        "dvar": 0.000468990008812,
        "dvar2": 0.00107545929495,
        "max": 0.4352401793,
        "mean": 0.11326597631,
        "median": 0.101856470108,
        "min": 0.0312632545829,
        "var": 0.00168211467098
    },
    "erbbands_kurtosis": {
        "dmean": 1.18621206284,
        "dmean2": 2.00733971596,
        "dvar": 26.3348369598,
        "dvar2": 67.2217788696,
        "max": 320.510864258,
        "mean": 0.195824101567,
        "median": -0.508265137672,
        "min": -1.90577876568,
        "var": 21.5705394745
    },
    "erbbands_skewness": {
        "dmean": 0.402982056141,
        "dmean2": 0.633309364319,
        "dvar": 0.399470031261,
        "dvar2": 0.845096230507,
        "max": 15.8348302841,
        "mean": 0.146312758327,
        "median": 0.0280435420573,
        "min": -2.73917078972,
        "var": 0.665797650814
    },
    "erbbands_spread": {
        "dmean": 10.6427583694,
        "dmean2": 16.8874359131,
        "dvar": 182.944534302,
        "dvar2": 473.944549561,
        "max": 192.971420288,
        "mean": 48.5895690918,
        "median": 46.839679718,
        "min": 1.72684931755,
        "var": 329.027099609
    },
    "hfc": {
        "dmean": 15.8689346313,
        "dmean2": 25.3422164917,
        "dvar": 481.710479736,
        "dvar2": 1254.09301758,
        "max": 248.474899292,
        "mean": 43.5632209778,
        "median": 38.0624008179,
        "min": 1.14381079266e-16,
        "var": 1181.54296875
    },
    "melbands_crest": {
        "dmean": 4.39403390884,
        "dmean2": 7.34769153595,
        "dvar": 21.0499897003,
        "dvar2": 54.8368911743,
        "max": 37.8723144531,
        "mean": 19.0365028381,
        "median": 19.7897872925,
        "min": 2.07731389999,
        "var": 51.5539398193
    },
    "melbands_flatness_db": {
        "dmean": 0.0459116064012,
        "dmean2": 0.0670940726995,
        "dvar": 0.00381387374364,
        "dvar2": 0.00752213597298,
        "max": 0.857691645622,
        "mean": 0.169691473246,
        "median": 0.145905703306,
        "min": 0.00580336386338,
        "var": 0.00948469620198
    },
    "melbands_kurtosis": {
        "dmean": 29.8107719421,
        "dmean2": 48.0307312012,
        "dvar": 8382.00878906,
        "dvar2": 19733.2636719,
        "max": 1705.73498535,
        "mean": 33.1616973877,
        "median": 8.09986972809,
        "min": -1.63814496994,
        "var": 9798.36523438
    },
    "melbands_skewness": {
        "dmean": 1.47403848171,
        "dmean2": 2.3077776432,
        "dvar": 5.6424908638,
        "dvar2": 13.5405864716,
        "max": 32.6704597473,
        "mean": 3.42884707451,
        "median": 2.70133829117,
        "min": -1.7103010416,
        "var": 9.0073890686
    },
    "melbands_spread": {
        "dmean": 12.7673282623,
        "dmean2": 20.6864681244,
        "dvar": 228.237670898,
        "dvar2": 567.187805176,
        "max": 180.822296143,
        "mean": 33.6076126099,
        "median": 32.2087936401,
        "min": 0.131141975522,
        "var": 451.268890381
    },
    "pitch_salience": {
        "dmean": 0.105225786567,
        "dmean2": 0.169111922383,
        "dvar": 0.0138297397643,
        "dvar2": 0.0339082330465,
        "max": 0.956566393375,
        "mean": 0.48764103651,
        "median": 0.485083341599,
        "min": 0.00690704211593,
        "var": 0.0298303030431
    },
    "silence_rate_20dB": {
        "dmean": 0,
        "dmean2": 0,
        "dvar": 0,
        "dvar2": 0,
        "max": 1,
        "mean": 1,
        "median": 1,
        "min": 1,
        "var": 0
    },
    "silence_rate_30dB": {
        "dmean": 0.0390061438084,
        "dmean2": 0.0780192390084,
        "dvar": 0.0374869443476,
        "dvar2": 0.100081980228,
        "max": 1,
        "mean": 0.975066781044,
        "median": 1,
        "min": 0,
        "var": 0.0243117380887
    },
    "silence_rate_60dB": {
        "dmean": 0.0176329147071,
        "dmean2": 0.0352689698339,
        "dvar": 0.0173212084919,
        "dvar2": 0.0413337722421,
        "max": 1,
        "mean": 0.044078361243,
        "median": 0,
        "min": 0,
        "var": 0.0421379208565
    },
    "spectral_centroid": {
        "dmean": 389.142456055,
        "dmean2": 600.673339844,
        "dvar": 192768.734375,
        "dvar2": 415207.65625,
        "max": 11281.9628906,
        "mean": 2052.06616211,
        "median": 2204.27294922,
        "min": 60.4699630737,
        "var": 572174.9375
    },
    "spectral_complexity": {
        "dmean": 6.65170526505,
        "dmean2": 10.0938720703,
        "dvar": 51.1851844788,
        "dvar2": 107.644493103,
        "max": 64,
        "mean": 27.2454147339,
        "median": 28,
        "min": 0,
        "var": 236.99079895
    },
    "spectral_decrease": {
        "dmean": 3.45383655009e-09,
        "dmean2": 5.38365085845e-09,
        "dvar": 3.23577769333e-17,
        "dvar2": 7.98601522389e-17,
        "max": 6.33249196277e-29,
        "mean": -9.65783630846e-09,
        "median": -9.03347885384e-09,
        "min": -5.40903144497e-08,
        "var": 5.23575416895e-17
    },
    "spectral_energy": {
        "dmean": 0.0135468067601,
        "dmean2": 0.0209812037647,
        "dvar": 0.000451237603556,
        "dvar2": 0.00109242927283,
        "max": 0.206053078175,
        "mean": 0.0404023006558,
        "median": 0.0386991538107,
        "min": 1.01356952694e-20,
        "var": 0.000823488575406
    },
    "spectral_energyband_high": {
        "dmean": 0.00142776826397,
        "dmean2": 0.00232648570091,
        "dvar": 4.10076017943e-06,
        "dvar2": 1.06743491415e-05,
        "max": 0.0279600657523,
        "mean": 0.0034844824113,
        "median": 0.00276595540345,
        "min": 6.83109256639e-21,
        "var": 1.00405950434e-05
    },
    "spectral_energyband_low": {
        "dmean": 0.0118180643767,
        "dmean2": 0.0188217200339,
        "dvar": 0.00053203268908,
        "dvar2": 0.00135722849518,
        "max": 0.201578170061,
        "mean": 0.0230467505753,
        "median": 0.0199300274253,
        "min": 2.8447040528e-23,
        "var": 0.000648385495879
    },
    "spectral_energyband_middle_high": {
        "dmean": 0.00277577154338,
        "dmean2": 0.00456090085208,
        "dvar": 1.29915661091e-05,
        "dvar2": 3.34462529281e-05,
        "max": 0.0387761034071,
        "mean": 0.00680209230632,
        "median": 0.00628557056189,
        "min": 1.62953661808e-21,
        "var": 2.92406512017e-05
    },
    "spectral_energyband_middle_low": {
        "dmean": 0.00383818778209,
        "dmean2": 0.00614249287173,
        "dvar": 4.212782369e-05,
        "dvar2": 0.000109077751404,
        "max": 0.0874509066343,
        "mean": 0.00786760915071,
        "median": 0.00623315852135,
        "min": 1.60128577988e-22,
        "var": 6.25306711299e-05
    },
    "spectral_entropy": {
        "dmean": 0.214310377836,
        "dmean2": 0.335442990065,
        "dvar": 0.113404408097,
        "dvar2": 0.264465451241,
        "max": 9.81077766418,
        "mean": 8.01753807068,
        "median": 8.13887500763,
        "min": 4.09992265701,
        "var": 0.210146203637
    },
    "spectral_flux": {
        "dmean": 0.0362020507455,
        "dmean2": 0.0559116862714,
        "dvar": 0.00183294015005,
        "dvar2": 0.00402500573546,
        "max": 0.416858971119,
        "mean": 0.110898010433,
        "median": 0.0988755747676,
        "min": 6.56373427832e-11,
        "var": 0.00388667383231
    },
    "spectral_kurtosis": {
        "dmean": 0.754043400288,
        "dmean2": 1.24999463558,
        "dvar": 2.36332702637,
        "dvar2": 6.28955030441,
        "max": 86.9583816528,
        "mean": 2.73762702942,
        "median": 2.34075689316,
        "min": -1.20566213131,
        "var": 4.06565999985
    },
    "spectral_rms": {
        "dmean": 0.0010215168586,
        "dmean2": 0.00153595861048,
        "dvar": 1.62522303526e-06,
        "dvar2": 3.61069055543e-06,
        "max": 0.0141784129664,
        "mean": 0.00581917306408,
        "median": 0.00614453200251,
        "min": 3.14459591179e-12,
        "var": 5.5539276218e-06
    },
    "spectral_rolloff": {
        "dmean": 1119.42175293,
        "dmean2": 1838.55285645,
        "dvar": 1880259.875,
        "dvar2": 4488860.5,
        "max": 19164.5507812,
        "mean": 2548.09033203,
        "median": 2196.38671875,
        "min": 43.06640625,
        "var": 4285738
    },
    "spectral_skewness": {
        "dmean": 0.151510417461,
        "dmean2": 0.243736714125,
        "dvar": 0.0480162650347,
        "dvar2": 0.117043912411,
        "max": 7.17939710617,
        "mean": 1.32328510284,
        "median": 1.25800287724,
        "min": -0.0119603853673,
        "var": 0.107823133469
    },
    "spectral_spread": {
        "dmean": 532465.25,
        "dmean2": 822041.625,
        "dvar": 395123163136,
        "dvar2": 875303206912,
        "max": 40425328,
        "mean": 6107722.5,
        "median": 6118804,
        "min": 860871.125,
        "var": 1.53409840742e+12
    },
    "spectral_strongpeak": {
        "dmean": 0.275386244059,
        "dmean2": 0.463303267956,
        "dvar": 0.335257321596,
        "dvar2": 0.889504671097,
        "max": 21.9952850342,
        "mean": 0.535702705383,
        "median": 0.39466792345,
        "min": 0,
        "var": 0.420294702053
    },
    "zerocrossingrate": {
        "dmean": 0.0176981836557,
        "dmean2": 0.0213171206415,
        "dvar": 0.000301207997836,
        "dvar2": 0.000404410617193,
        "max": 0.6630859375,
        "mean": 0.0928747057915,
        "median": 0.09130859375,
        "min": 0.00244140625,
        "var": 0.00258277566172
    },
    "barkbands": {
        "dmean": [0.000721647636965, 0.00814286153764, 0.00433248933405, 0.00130305590574, 0.00130734639242, 0.000839804706629, 0.000697071605828, 0.000741858151741, 0.000784468837082, 0.000627505942248, 0.000420370866777, 0.000571935030166, 0.000533005106263, 0.000407878571423, 0.000504685624037, 0.000411698129028, 0.000350207119482, 0.000368791486835, 0.000356863805791, 0.000314639240969, 0.000348597328411, 0.000290267722448, 0.000294280151138, 0.000245840608841, 0.000208555211429, 0.000172678468516, 4.37062626588e-05],
        "dmean2": [0.00108977593482, 0.0126810241491, 0.00754564721137, 0.00216661090963, 0.00222393590957, 0.00136493425816, 0.00114449695684, 0.00120939570479, 0.00130773463752, 0.00103727122769, 0.000696124800015, 0.000971532601397, 0.000892160518561, 0.000690071552526, 0.000850432610605, 0.000685819424689, 0.000574053556193, 0.000620187842287, 0.000591986638028, 0.000522647111211, 0.000577365572099, 0.000481589348055, 0.000483948999317, 0.000406491715694, 0.000337273260811, 0.000278730207356, 7.31651380192e-05],
        "dvar": [2.93788980343e-06, 0.00022422359325, 0.000131893262733, 1.79303970071e-05, 9.33168121264e-06, 2.06887398235e-06, 1.58898365044e-06, 1.78768050318e-06, 1.6474837139e-06, 1.16667945349e-06, 5.37545702173e-07, 9.15307964533e-07, 1.00148349702e-06, 4.62884401031e-07, 7.06533967332e-07, 4.2168028358e-07, 3.37583372811e-07, 3.26872708456e-07, 3.56371060661e-07, 1.73335692466e-07, 2.90427010441e-07, 1.43313073409e-07, 1.81464272941e-07, 1.28726995285e-07, 9.72504068386e-08, 8.661708506e-08, 6.52946274826e-09],
        "dvar2": [6.01604915573e-06, 0.000545070972294, 0.000356011209078, 4.62960560981e-05, 2.34879462369e-05, 5.36375500815e-06, 3.93468644688e-06, 4.1208827497e-06, 3.99308055421e-06, 2.74122385235e-06, 1.28639067043e-06, 2.23932988774e-06, 2.6159891604e-06, 1.18389652926e-06, 1.75734214736e-06, 9.81455059446e-07, 7.92353887391e-07, 8.73119404332e-07, 9.4703261766e-07, 4.44790458687e-07, 7.08925540494e-07, 3.68906228232e-07, 4.64841122039e-07, 3.35027777965e-07, 2.47580345558e-07, 2.15663888525e-07, 1.75155321358e-08],
        "max": [0.034145783633, 0.122521430254, 0.0861022025347, 0.0648975074291, 0.0783885717392, 0.0320092737675, 0.0242959428579, 0.0226653367281, 0.0239669214934, 0.0258512832224, 0.0193213447928, 0.02439542301, 0.02065099217, 0.0188002623618, 0.0198119580746, 0.0158196240664, 0.0196014158428, 0.015600820072, 0.0142114022747, 0.00579594634473, 0.0129187786952, 0.00472488813102, 0.00515315076336, 0.00353570794687, 0.00689147366211, 0.00341762346216, 0.00213672756217],
        "mean": [0.00161470414605, 0.0169413518161, 0.00383196398616, 0.00136711960658, 0.00172421580646, 0.00128716812469, 0.000992214656435, 0.00110945000779, 0.0011318869656, 0.000903289590497, 0.000581751461141, 0.000756039866246, 0.00077592744492, 0.000554532627575, 0.000697911542375, 0.000595712510403, 0.000572908204049, 0.000586835958529, 0.000632473034784, 0.000587966118474, 0.000690244953148, 0.000615201308392, 0.00056787498761, 0.000499468005728, 0.00041662590229, 0.000300909945508, 6.6523483838e-05],
        "median": [0.000168072612723, 0.0125732393935, 0.000466176250484, 0.00021143181948, 0.000657936790958, 0.000501133152284, 0.000398722302634, 0.00038128165761, 0.000481038179714, 0.000455787405372, 0.000274731835816, 0.000388818443753, 0.000388129497878, 0.000265610317001, 0.000394484057324, 0.000352141214535, 0.000390279892599, 0.000399638811359, 0.000444395060185, 0.000423347577453, 0.000527266529389, 0.000465788500151, 0.000396266608732, 0.000362788501661, 0.000295196252409, 0.000178775793756, 2.91178512271e-05],
        "min": [3.53974431061e-24, 2.43012672376e-23, 1.59421610311e-24, 3.75724982826e-24, 5.10683464263e-23, 3.34516908621e-23, 2.28763193855e-23, 1.66618924775e-23, 2.42792059535e-23, 3.31995551396e-23, 4.70264061637e-23, 4.72057773563e-23, 1.28605279697e-22, 1.24376871649e-22, 6.4273836959e-23, 1.11860312277e-22, 2.11891623726e-22, 1.63733912138e-22, 2.20753725001e-22, 2.11681824591e-22, 2.90531892569e-22, 3.50917844333e-22, 4.64340744913e-22, 7.14811882578e-22, 1.12359601908e-21, 1.41098806854e-21, 2.53148286714e-21],
        "var": [1.11920871859e-05, 0.000352305272827, 0.000101969417301, 1.81092582352e-05, 1.35307482196e-05, 4.17131741415e-06, 2.83568829218e-06, 3.90359628e-06, 3.53577092937e-06, 2.16794001062e-06, 8.80916445567e-07, 1.4233201e-06, 1.59670469202e-06, 6.24725828402e-07, 9.94236415863e-07, 6.54251550714e-07, 5.50015442968e-07, 4.7046103191e-07, 5.4812687722e-07, 3.81346296763e-07, 5.71888108425e-07, 3.51517257968e-07, 3.4733474763e-07, 2.5206202281e-07, 1.87471812296e-07, 1.32138993081e-07, 8.93227269927e-09]
    },
    "erbbands": {
        "dmean": [0.207538098097, 2.09449887276, 5.61001825333, 4.15492534637, 3.89442372322, 4.68584775925, 6.48654699326, 7.47948884964, 9.97185230255, 10.7042036057, 16.301410675, 18.5008621216, 16.9808959961, 18.9085998535, 18.9932365417, 24.4886074066, 24.6585617065, 21.194355011, 26.3773479462, 20.833940506, 20.5860977173, 17.0010681152, 18.9511413574, 18.7391319275, 17.6054649353, 15.7440776825, 14.2541503906, 13.1907548904, 10.3272209167, 9.37125110626, 8.28164100647, 5.81172990799, 4.07280158997, 2.51036190987, 1.52447187901, 0.802054464817, 0.339703053236, 0.0731815248728, 0.00704327225685, 0.000110430330096],
        "dmean2": [0.298408061266, 3.19745826721, 9.63920593262, 6.92955589294, 6.66774702072, 7.76883125305, 10.6813821793, 12.2628984451, 16.1829509735, 17.3654174805, 26.6006355286, 30.5406684875, 28.7070293427, 30.9850463867, 31.4671859741, 41.1700973511, 41.2599220276, 35.9871063232, 43.8626213074, 35.0941047668, 34.3400306702, 27.9240093231, 31.6864681244, 31.4697055817, 29.0450801849, 26.2238101959, 23.4923629761, 22.1425037384, 17.1468219757, 15.4324626923, 13.6466836929, 9.62809753418, 6.80645465851, 4.11804151535, 2.45333957672, 1.29413461685, 0.555450856686, 0.12097132951, 0.011733870022, 0.00017835041217],
        "dvar": [0.0918677300215, 19.1369800568, 227.678405762, 135.066192627, 127.55645752, 138.17565918, 148.626831055, 205.506439209, 370.555541992, 378.766052246, 908.516174316, 964.895263672, 821.070739746, 1218.70349121, 1129.25695801, 1887.89550781, 2050.1262207, 1312.60546875, 2111.71923828, 1010.12609863, 917.750366211, 686.574768066, 842.386474609, 1100.69458008, 761.302062988, 442.644622803, 507.587005615, 410.702392578, 186.785598755, 168.425094604, 143.886734009, 73.0589141846, 37.0678939819, 14.4639673233, 5.09855461121, 1.85757899284, 0.386791586876, 0.0149480933324, 0.000172896776348, 3.45676021141e-08],
        "dvar2": [0.187206849456, 46.0039176941, 604.528076172, 347.075622559, 338.796813965, 316.413024902, 365.953674316, 542.171508789, 926.601074219, 894.581787109, 2115.59912109, 2243.875, 1984.45202637, 2869.33154297, 2626.08935547, 4509.64208984, 5333.59472656, 3442.18847656, 5191.29345703, 2572.92333984, 2202.70263672, 1632.17150879, 2218.78857422, 2942.47729492, 1992.29260254, 1143.20227051, 1270.21276855, 1006.59466553, 474.506622314, 427.663513184, 369.979980469, 189.511779785, 98.2611694336, 37.1278915405, 12.9218864441, 4.66092205048, 0.964734971523, 0.0386119224131, 0.000458836730104, 8.9080721466e-08],
        "max": [2.55050301552, 35.901512146, 117.921264648, 165.202713013, 268.509887695, 464.681945801, 293.048675537, 396.616821289, 366.543426514, 387.501708984, 570.846862793, 612.615783691, 624.012756348, 962.092529297, 940.033508301, 1207.46655273, 1029.05566406, 911.288818359, 1200.35986328, 524.327758789, 616.261169434, 673.261291504, 709.88458252, 1017.72698975, 355.230285645, 321.690460205, 699.436523438, 553.769470215, 205.951019287, 203.505828857, 134.835357666, 113.623626709, 67.7802734375, 99.5487823486, 33.1969490051, 17.6395969391, 8.94635868073, 2.01158022881, 0.398123681545, 0.00477859890088],
        "mean": [0.557545542717, 3.46114993095, 5.37080764771, 4.41971540451, 4.25639295578, 6.19566106796, 8.81598091125, 11.2713747025, 14.991440773, 16.5605964661, 24.3084754944, 28.368844986, 24.436044693, 27.4767780304, 28.2800865173, 34.7143859863, 37.0681724548, 30.7117061615, 38.1553955078, 31.580871582, 32.1138267517, 29.7466697693, 32.3185005188, 32.0720405579, 31.2545604706, 29.2948417664, 27.8306159973, 25.7821311951, 21.8174247742, 19.3870639801, 15.9499120712, 11.3850479126, 7.78165149689, 4.91704845428, 2.87723779678, 1.39828884602, 0.546842634678, 0.128858730197, 0.0105796847492, 0.000220154994167],
        "median": [0.349356144667, 1.3576836586, 1.19355773926, 0.876002073288, 1.28769075871, 2.14475750923, 3.53581190109, 4.30493307114, 5.53767824173, 7.08039474487, 10.1388444901, 12.5632266998, 13.145565033, 13.992184639, 15.0359840393, 18.9992752075, 19.8879966736, 17.8303546906, 22.2486343384, 19.6933288574, 21.4014701843, 21.5260429382, 23.5651245117, 22.1450996399, 21.4752044678, 21.4702167511, 21.0424690247, 19.5114212036, 16.599193573, 14.0619497299, 11.3134326935, 8.21845817566, 5.50907659531, 3.41900634766, 1.97773218155, 0.87131690979, 0.294340789318, 0.0706403180957, 0.00422743149102, 0.000133048801217],
        "min": [8.12565153059e-22, 2.89362904206e-21, 2.32809539117e-21, 8.86677759154e-21, 5.37875647341e-20, 2.42800153854e-19, 1.79942414762e-19, 3.00135893669e-19, 2.59823841053e-19, 5.47580020428e-19, 2.75216353933e-19, 5.73020994142e-19, 9.0811217048e-19, 1.82069752692e-18, 1.45736030401e-18, 2.45308558382e-18, 5.34617831395e-18, 7.21921548733e-18, 5.31799875202e-18, 4.71869771283e-18, 7.76388910528e-18, 1.07544125446e-17, 8.50233888071e-18, 1.01713130785e-17, 7.74484492604e-18, 1.07333293652e-17, 1.21536348729e-17, 1.10521206374e-17, 1.24403050675e-17, 1.23812361e-17, 1.43586477502e-17, 1.27635755227e-17, 1.35694793955e-17, 1.25376468548e-17, 7.01335835701e-18, 4.3922161425e-18, 2.86605116194e-18, 1.11668483136e-18, 3.54550703646e-19, 3.09931489268e-20],
        "var": [0.32605189085, 24.2772312164, 177.554870605, 131.366119385, 123.903564453, 257.440490723, 228.40637207, 401.492614746, 682.794677734, 834.02331543, 1711.44616699, 2409.42456055, 1395.50219727, 2197.35717773, 1891.81408691, 3121.14770508, 3345.86987305, 1698.87939453, 3102.17529297, 1567.51464844, 1486.296875, 1207.30419922, 1293.57653809, 1569.23547363, 1257.11694336, 952.59387207, 971.876220703, 784.088867188, 463.840240479, 382.185577393, 275.058563232, 136.031433105, 64.9424972534, 26.2774791718, 9.59497451782, 2.80831837654, 0.523399591446, 0.0252159275115, 0.000239427987253, 5.96673075393e-08]
    },
    "gfcc": {
        "mean": [39.1496009827, 32.9713363647, -102.415603638, 30.5304393768, -53.3873596191, 23.6215610504, -28.1585731506, 17.5594558716, -18.411491394, 13.0559644699, -14.1150178909, 7.93526983261, -12.4328975677],
        "cov": [[16337.9375, -301.658172607, -326.18838501, 426.134735107, 50.0725975037, 388.658996582, -114.665245056, 245.395355225, -209.823120117, 160.235427856, -258.960876465, 167.375244141, -151.08934021], [-301.658172607, 1619.5657959, 576.536315918, 349.42364502, 190.34727478, 38.1740036011, 53.8255233765, -30.5672149658, 58.8098564148, -40.2336387634, 76.7410812378, -65.6290130615, 75.4377822876], [-326.18838501, 576.536315918, 1100.42138672, 480.802429199, 309.647399902, 125.596488953, 116.700263977, 19.3526554108, 60.6258583069, 11.8756732941, 31.254327774, -8.06444072723, 17.0578746796], [426.134735107, 349.42364502, 480.802429199, 487.325531006, 232.246307373, 135.67980957, 84.2841033936, 58.6775817871, 49.9836540222, 28.4672355652, 22.6021003723, 3.8581302166, 27.287405014], [50.0725975037, 190.34727478, 309.647399902, 232.246307373, 313.099121094, 188.097930908, 133.526733398, 51.8827362061, 57.8486633301, 24.7368812561, 25.5831832886, 12.1016216278, 24.52277565], [388.658996582, 38.1740036011, 125.596488953, 135.67980957, 188.097930908, 281.869354248, 172.258911133, 93.9502868652, 61.5871238708, 49.6242485046, 17.0756263733, 15.9128236771, 16.0014629364], [-114.665245056, 53.8255233765, 116.700263977, 84.2841033936, 133.526733398, 172.258911133, 237.856948853, 121.151115417, 103.123878479, 55.7487411499, 56.2504005432, 25.5590763092, 27.6617527008], [245.395355225, -30.5672149658, 19.3526554108, 58.6775817871, 51.8827362061, 93.9502868652, 121.151115417, 159.928237915, 100.201820374, 66.4012145996, 38.0773544312, 29.4557266235, 14.0316438675], [-209.823120117, 58.8098564148, 60.6258583069, 49.9836540222, 57.8486633301, 61.5871238708, 103.123878479, 100.201820374, 163.316635132, 100.092941284, 63.5950622559, 20.8371047974, 28.0274486542], [160.235427856, -40.2336387634, 11.8756732941, 28.4672355652, 24.7368812561, 49.6242485046, 55.7487411499, 66.4012145996, 100.092941284, 139.689544678, 80.5503082275, 42.1487617493, 21.1885719299], [-258.960876465, 76.7410812378, 31.254327774, 22.6021003723, 25.5831832886, 17.0756263733, 56.2504005432, 38.0773544312, 63.5950622559, 80.5503082275, 134.233093262, 70.7347717285, 42.2204627991], [167.375244141, -65.6290130615, -8.06444072723, 3.8581302166, 12.1016216278, 15.9128236771, 25.5590763092, 29.4557266235, 20.8371047974, 42.1487617493, 70.7347717285, 119.045021057, 60.385799408], [-151.08934021, 75.4377822876, 17.0578746796, 27.287405014, 24.52277565, 16.0014629364, 27.6617527008, 14.0316438675, 28.0274486542, 21.1885719299, 42.2204627991, 60.385799408, 108.244987488]],
        "icov": [[9.81896882877e-05, -7.74053987698e-05, 8.6486528744e-05, -0.000134803951369, 3.64500119758e-05, -0.000122199824546, 0.000102113459434, -0.000247720250627, 0.00038394719013, -0.00049071374815, 0.000550490512978, -0.000479304493638, 0.000276487349765], [-7.74053987698e-05, 0.00111785309855, -0.000383487524232, -0.000297654099995, 1.51812882905e-05, -3.71623973479e-05, 0.000222186150495, 0.000471353996545, -0.000936035998166, 0.00166349869687, -0.00208815513179, 0.00199795560911, -0.00125082093291], [8.6486528744e-05, -0.000383487524232, 0.00200806115754, -0.00156009127386, -0.000858228595462, 0.000611409312114, -0.000716666108929, 0.000671251968015, 5.11778671353e-05, -0.000572526536416, 0.000916517165024, -0.000990301603451, 0.000958782620728], [-0.000134803951369, -0.000297654099995, -0.00156009127386, 0.00499271973968, -0.00195628125221, -0.000378451310098, 0.00123142451048, -0.00176243961323, 0.000478587346151, -0.000207259799936, -0.000444711331511, 0.00095078710001, -0.00102086924016], [3.64500119758e-05, 1.51812882905e-05, -0.000858228595462, -0.00195628125221, 0.00832307524979, -0.00417697848752, -0.000932913157158, 0.00183699291665, -0.00167336082086, 0.00157109834254, -0.000438936200226, -0.000598119921051, 3.14744211209e-05], [-0.000122199824546, -3.71623973479e-05, 0.000611409312114, -0.000378451310098, -0.00417697848752, 0.0100367218256, -0.00565577158704, -0.000837603933178, 0.00257102400064, -0.00339133804664, 0.00274915713817, -9.78066236712e-05, -0.000148716673721], [0.000102113459434, 0.000222186150495, -0.000716666108929, 0.00123142451048, -0.000932913157158, -0.00565577158704, 0.0129096955061, -0.00543240411207, -0.00306333648041, 0.00365947582759, -0.00419794395566, 0.00149289041292, -0.000875822268426], [-0.000247720250627, 0.000471353996545, 0.000671251968015, -0.00176243961323, 0.00183699291665, -0.000837603933178, -0.00543240411207, 0.0158096347004, -0.00753502780572, 0.00075004179962, 0.000797793793026, -0.00227830256335, 0.00147475698031], [0.00038394719013, -0.000936035998166, 5.11778671353e-05, 0.000478587346151, -0.00167336082086, 0.00257102400064, -0.00306333648041, -0.00753502780572, 0.0197009239346, -0.0123196197674, 0.00230058142915, 0.00169745692983, -0.00171567848884], [-0.00049071374815, 0.00166349869687, -0.000572526536416, -0.000207259799936, 0.00157109834254, -0.00339133804664, 0.00365947582759, 0.00075004179962, -0.0123196197674, 0.0226042736322, -0.0122883021832, 0.00259441137314, -0.000477955967654], [0.000550490512978, -0.00208815513179, 0.000916517165024, -0.000444711331511, -0.000438936200226, 0.00274915713817, -0.00419794395566, 0.000797793793026, 0.00230058142915, -0.0122883021832, 0.022831492126, -0.0124598182738, 0.0027089829091], [-0.000479304493638, 0.00199795560911, -0.000990301603451, 0.00095078710001, -0.000598119921051, -9.78066236712e-05, 0.00149289041292, -0.00227830256335, 0.00169745692983, 0.00259441137314, -0.0124598182738, 0.0218313094229, -0.0103475954384], [0.000276487349765, -0.00125082093291, 0.000958782620728, -0.00102086924016, 3.14744211209e-05, -0.000148716673721, -0.000875822268426, 0.00147475698031, -0.00171567848884, -0.000477955967654, 0.0027089829091, -0.0103475954384, 0.0159034021199]]
    },
    "melbands": {
        "dmean": [0.00189715251327, 0.00288900826126, 0.000719175324775, 0.000290815631161, 0.000222454153118, 0.000163088174304, 0.000149723200593, 0.000123343896121, 0.00013284367742, 0.000118227355415, 8.6116262537e-05, 8.09328703326e-05, 5.83196488151e-05, 6.66847117827e-05, 5.62993773201e-05, 5.29947174073e-05, 4.10169450333e-05, 4.24713580287e-05, 3.14710996463e-05, 3.26977715304e-05, 2.42374899244e-05, 1.87603436643e-05, 1.96072705876e-05, 1.8240789359e-05, 1.60818835866e-05, 1.53412820509e-05, 1.08664653453e-05, 1.16335841085e-05, 9.17640591069e-06, 1.00010756796e-05, 8.24150811241e-06, 6.52828703096e-06, 5.83341397942e-06, 5.55435963179e-06, 5.42863836017e-06, 4.37720245827e-06, 3.58531019629e-06, 3.28458941112e-06, 2.35966058426e-06, 2.21104914999e-06],
        "dmean2": [0.0029529707972, 0.00473387772217, 0.00120380218141, 0.000493648112752, 0.000364475883543, 0.000266703020316, 0.000243136368226, 0.000199741771212, 0.00021677595214, 0.000196300199605, 0.000145745158079, 0.00013254735677, 9.68409949564e-05, 0.00011187576456, 9.45455467445e-05, 8.88961876626e-05, 6.98877847753e-05, 7.04131816747e-05, 5.32878693775e-05, 5.48954594706e-05, 4.02662262786e-05, 3.08163835143e-05, 3.28296555381e-05, 3.06596411974e-05, 2.716608833e-05, 2.56623261521e-05, 1.77248966793e-05, 1.96259788936e-05, 1.51463282236e-05, 1.67780526681e-05, 1.39083922477e-05, 1.09325346784e-05, 9.56397525442e-06, 9.18927526072e-06, 8.99622864381e-06, 7.38400831324e-06, 5.94744597038e-06, 5.5624000197e-06, 3.88470789403e-06, 3.64122911378e-06],
        "dvar": [8.78526952874e-06, 5.16715590493e-05, 3.76017283088e-06, 5.45054433587e-07, 1.86469620189e-07, 8.92589753221e-08, 8.03637405511e-08, 5.20185743369e-08, 5.63741231474e-08, 3.8874517827e-08, 2.09810391283e-08, 2.37900259492e-08, 1.03768487136e-08, 1.1546677392e-08, 9.14637610094e-09, 1.18838032748e-08, 5.43326716951e-09, 5.05435071574e-09, 2.4343262961e-09, 3.2383058457e-09, 1.44493073062e-09, 1.00071884113e-09, 8.87115492176e-10, 8.44386560672e-10, 8.66130056565e-10, 6.10893335917e-10, 2.61384164313e-10, 2.57512206003e-10, 2.02788855153e-10, 3.26635163361e-10, 1.57242621701e-10, 7.63722765584e-11, 6.48943121462e-11, 6.04446284691e-11, 6.27467383607e-11, 4.79980950818e-11, 2.89358901423e-11, 2.43816199869e-11, 1.19358169182e-11, 1.10770542044e-11],
        "dvar2": [1.8887943952e-05, 0.000132501343614, 9.74790600594e-06, 1.42138867432e-06, 4.35955598732e-07, 2.33548959727e-07, 1.99153575409e-07, 1.20990037544e-07, 1.33100584776e-07, 9.20196043808e-08, 5.07859816423e-08, 5.5773362817e-08, 2.4739046367e-08, 2.80041216882e-08, 2.36334294357e-08, 3.02454168377e-08, 1.40525067138e-08, 1.24344028407e-08, 6.24064622201e-09, 7.51484829919e-09, 3.43410189174e-09, 2.32538654998e-09, 2.26505414425e-09, 2.24288543293e-09, 2.30847008176e-09, 1.60300173135e-09, 6.61039556427e-10, 6.71078304038e-10, 5.05843145149e-10, 7.74852126906e-10, 3.97997218515e-10, 1.96267016528e-10, 1.67436661758e-10, 1.53020290883e-10, 1.58927440652e-10, 1.29900770696e-10, 7.49639933462e-11, 6.51080647729e-11, 3.09050007807e-11, 2.85206008116e-11],
        "max": [0.0223766490817, 0.0587039887905, 0.023456171155, 0.017780136317, 0.0141217112541, 0.00769400363788, 0.0055466867052, 0.00487550720572, 0.00448910612613, 0.00392611930147, 0.00305698835291, 0.00426192674786, 0.0026209927164, 0.00299367425032, 0.00205057370476, 0.0028588376008, 0.00210775295272, 0.00177858723328, 0.00123066478409, 0.00159338593949, 0.00112585327588, 0.000893789285328, 0.000453461456345, 0.000846954353619, 0.000956154370215, 0.00039021144039, 0.00023529768805, 0.000224517832976, 0.000492190942168, 0.000462465628516, 0.000275922357105, 0.000126190425362, 0.000125769816805, 0.000110916313133, 0.000107709420263, 0.000118877425848, 6.46257103654e-05, 7.23946286598e-05, 0.000104076592834, 7.51202896936e-05],
        "mean": [0.00491961278021, 0.00351185305044, 0.0007733538514, 0.000363790866686, 0.000309826165903, 0.000248465919867, 0.000223563358304, 0.000192079693079, 0.000195296641323, 0.000174726432306, 0.0001202295025, 0.000112788984552, 8.33705416881e-05, 9.34489653446e-05, 7.9677796748e-05, 7.64980213717e-05, 5.4315685702e-05, 6.00203857175e-05, 4.31451335317e-05, 4.63362775918e-05, 3.55154479621e-05, 2.99199364235e-05, 3.1985098758e-05, 2.79841478914e-05, 2.52049521805e-05, 2.47309544648e-05, 1.87802761502e-05, 1.96745913854e-05, 1.67480884556e-05, 1.72029504029e-05, 1.45791873365e-05, 1.24002608572e-05, 1.14624835987e-05, 1.04016125988e-05, 9.67432515608e-06, 7.73702686274e-06, 6.60469640934e-06, 5.71480768485e-06, 4.49487788501e-06, 4.03108288083e-06],
        "median": [0.0036048553884, 0.00133692938834, 0.00017130827473, 0.000123902835185, 0.000128507002955, 9.54484421527e-05, 8.26002797112e-05, 7.92716746219e-05, 8.07366304798e-05, 7.21577598597e-05, 6.31231814623e-05, 5.28333730472e-05, 4.0843966417e-05, 5.10818208568e-05, 4.51121559308e-05, 3.84035665775e-05, 2.63341553364e-05, 3.35993172484e-05, 2.53850666923e-05, 2.53529033216e-05, 2.2268439352e-05, 1.99714231712e-05, 2.14505816984e-05, 1.81743962457e-05, 1.57391386892e-05, 1.59825722221e-05, 1.26247105072e-05, 1.37712959258e-05, 1.18540265248e-05, 1.16431383503e-05, 1.01017403722e-05, 8.98143480299e-06, 8.19708202471e-06, 6.93214769854e-06, 6.43797193334e-06, 5.31449859409e-06, 4.72453211842e-06, 3.90034074371e-06, 3.14937574331e-06, 2.75130219052e-06],
        "min": [7.96081822403e-24, 2.09866168921e-24, 1.6842316405e-24, 1.24028995034e-23, 7.18113492658e-24, 6.45572289283e-24, 4.21858791298e-24, 5.68017993184e-24, 2.29544047822e-24, 3.51015453249e-24, 4.8496979364e-24, 6.36574541798e-24, 5.87205456982e-24, 4.72311455453e-24, 1.08591381549e-23, 1.26211859933e-23, 1.26410258451e-23, 7.13744623193e-24, 4.21533031187e-24, 7.29937965425e-24, 9.65123828111e-24, 1.30106900096e-23, 6.01176459714e-24, 8.25540097415e-24, 7.67068228284e-24, 5.49372831815e-24, 5.93538432329e-24, 7.40448511468e-24, 6.76948521813e-24, 7.13212220968e-24, 6.33791282752e-24, 7.22462009512e-24, 6.6627010617e-24, 6.51094828379e-24, 8.0381234373e-24, 7.66716159662e-24, 7.91424072074e-24, 9.24151181555e-24, 1.06717040149e-23, 1.01648545725e-23],
        "var": [2.25640196732e-05, 4.57866117358e-05, 3.58832630809e-06, 6.70735630592e-07, 3.30592484943e-07, 1.78779615112e-07, 1.50507986518e-07, 1.20945216509e-07, 1.06065627392e-07, 9.14957851705e-08, 3.50722721976e-08, 4.2152525026e-08, 1.67696487807e-08, 1.92111322406e-08, 1.29326576115e-08, 1.84825488247e-08, 6.82654199835e-09, 7.55614948389e-09, 3.2603411082e-09, 4.78396877668e-09, 2.18815410236e-09, 1.58815705031e-09, 1.45773249027e-09, 1.21575605139e-09, 1.18845822072e-09, 9.10844955015e-10, 4.84462414629e-10, 4.86573281666e-10, 3.92884974554e-10, 5.06796049571e-10, 2.82145279362e-10, 1.62508922985e-10, 1.44290399073e-10, 1.24779936383e-10, 1.12867035162e-10, 7.22509690965e-11, 4.92408024078e-11, 3.8881831782e-11, 2.24399804294e-11, 1.89677041434e-11]
    },
    "mfcc": {
        "mean": [-606.215576172, 74.1764373779, 6.87775087357, 16.0570735931, 3.35167860985, 10.0182418823, 4.89763975143, 7.94099712372, 5.29658222198, 6.99610328674, 5.47319126129, 5.50145244598, 3.55599498749],
        "cov": [[9310.50292969, -291.462463379, -262.126739502, 40.222454071, 75.7338104248, 103.538261414, 49.5955123901, 72.4335861206, 45.6711120605, 58.9118690491, 30.353849411, 16.4355144501, -23.6853847504], [-291.462463379, 1177.41870117, 407.186828613, 253.878677368, 171.808837891, 96.7289810181, 65.1437911987, 25.4393310547, 8.07641029358, 15.368976593, 11.217997551, -6.19568109512, 15.5110883713], [-262.126739502, 407.186828613, 726.807800293, 390.666137695, 241.870788574, 164.000930786, 105.70954895, 68.9279327393, 52.9303741455, 45.6289367676, 36.6582450867, 26.9422645569, 16.861497879], [40.222454071, 253.878677368, 390.666137695, 415.404144287, 216.95300293, 113.510215759, 72.8391342163, 52.6768569946, 40.1486167908, 32.6685028076, 23.8208408356, 27.6164875031, 18.9911212921], [75.7338104248, 171.808837891, 241.870788574, 216.95300293, 259.536468506, 156.752716064, 92.2534255981, 61.8450431824, 52.7544136047, 28.811674118, 20.0470199585, 15.6506156921, 11.0848579407], [103.538261414, 96.7289810181, 164.000930786, 113.510215759, 156.752716064, 229.845306396, 135.82711792, 86.6691589355, 81.8491592407, 54.4788475037, 36.2808113098, 37.6720962524, 28.9128456116], [49.5955123901, 65.1437911987, 105.70954895, 72.8391342163, 92.2534255981, 135.82711792, 177.959533691, 109.184509277, 67.1237792969, 49.3638916016, 37.7371749878, 30.2345714569, 32.7391395569], [72.4335861206, 25.4393310547, 68.9279327393, 52.6768569946, 61.8450431824, 86.6691589355, 109.184509277, 154.035446167, 88.1601867676, 48.8805198669, 40.2345085144, 34.9268569946, 31.4042243958], [45.6711120605, 8.07641029358, 52.9303741455, 40.1486167908, 52.7544136047, 81.8491592407, 67.1237792969, 88.1601867676, 145.818984985, 84.8587875366, 43.7556686401, 44.7486000061, 18.0251426697], [58.9118690491, 15.368976593, 45.6289367676, 32.6685028076, 28.811674118, 54.4788475037, 49.3638916016, 48.8805198669, 84.8587875366, 136.006271362, 78.3736953735, 44.3003959656, 30.3757095337], [30.353849411, 11.217997551, 36.6582450867, 23.8208408356, 20.0470199585, 36.2808113098, 37.7371749878, 40.2345085144, 43.7556686401, 78.3736953735, 122.480438232, 68.4294815063, 39.1043968201], [16.4355144501, -6.19568109512, 26.9422645569, 27.6164875031, 15.6506156921, 37.6720962524, 30.2345714569, 34.9268569946, 44.7486000061, 44.3003959656, 68.4294815063, 127.749275208, 61.9283485413], [-23.6853847504, 15.5110883713, 16.861497879, 18.9911212921, 11.0848579407, 28.9128456116, 32.7391395569, 31.4042243958, 18.0251426697, 30.3757095337, 39.1043968201, 61.9283485413, 108.689468384]],
