{
"lowlevel": {
    "average_loudness": 0.738838195801,
    "barkbands_crest": {
        "dmean": 2.97696423531,
        "dmean2": 4.71689367294,
        "dvar": 8.52116775513,
        "dvar2": 20.8184127808,
        "max": 26.2352104187,
        "mean": 10.3013572693,
        "median": 9.35702705383,
        "min": 1.89261269569,
        "var": 27.9836978912
    },
    "barkbands_flatness_db": {
        "dmean": 0.0276884101331,
        "dmean2": 0.0421077460051,
        "dvar": 0.0011744737858,
        "dvar2": 0.00251114415005,
        "max": 0.591582536697,
        "mean": 0.113399669528,
        "median": 0.0981552153826,
        "min": 0.0200636796653,
        "var": 0.00431326683611
    },
    "barkbands_kurtosis": {
        "dmean": 5.52488517761,
        "dmean2": 8.91679573059,
        "dvar": 670.780944824,
        "dvar2": 1675.72668457,
        "max": 853.819580078,
        "mean": 5.24813652039,
        "median": -0.140192866325,
        "min": -1.91523861885,
        "var": 680.10748291
    },
    "barkbands_skewness": {
        "dmean": 0.785837292671,
        "dmean2": 1.1864117384,
        "dvar": 1.48326444626,
        "dvar2": 3.438839674,
        "max": 24.0404720306,
        "mean": 1.24125063419,
        "median": 0.89349603653,
        "min": -7.44779872894,
        "var": 3.51321029663
    },
    "barkbands_spread": {
        "dmean": 10.2414073944,
        "dmean2": 16.0207805634,
        "dvar": 132.234085083,
        "dvar2": 310.951599121,
        "max": 115.391281128,
        "mean": 40.6200256348,
        "median": 39.1873703003,
        "min": 0.140630111098,
        "var": 474.493682861
    },
    "dissonance": {
        "dmean": 0.0138900633901,
        "dmean2": 0.0233189798892,
        "dvar": 0.000261116510956,
        "dvar2": 0.000724305922631,
        "max": 0.500000059605,
        "mean": 0.475377708673,
        "median": 0.480762064457,
        "min": 0.252287566662,
        "var": 0.000482004543301
    },
    "dynamic_complexity": 3.81902861595,
    "erbbands_crest": {
        "dmean": 2.38352370262,
        "dmean2": 3.87131881714,
        "dvar": 6.74515008926,
        "dvar2": 16.3061199188,
        "max": 32.287322998,
        "mean": 7.62794017792,
        "median": 6.1914639473,
        "min": 2.31008386612,
        "var": 20.4932842255
    },
    "erbbands_flatness_db": {
        "dmean": 0.0159358326346,
        "dmean2": 0.0232795923948,
        "dvar": 0.00032602075953,
        "dvar2": 0.000651671958622,
        "max": 0.471371591091,
        "mean": 0.131167188287,
        "median": 0.116903454065,
        "min": 0.0489011630416,
        "var": 0.00280485209078
    },
    "erbbands_kurtosis": {
        "dmean": 0.911727428436,
        "dmean2": 1.50403237343,
        "dvar": 14.4035482407,
        "dvar2": 37.4865455627,
        "max": 134.226730347,
        "mean": 0.0105176800862,
        "median": -0.680400013924,
        "min": -1.86036574841,
        "var": 17.7782821655
    },
    "erbbands_skewness": {
        "dmean": 0.36702683568,
        "dmean2": 0.577210485935,
        "dvar": 0.228594139218,
        "dvar2": 0.563245654106,
        "max": 10.3439846039,
        "mean": 0.0167585425079,
        "median": -0.0387272424996,
        "min": -4.04832458496,
        "var": 0.673465192318
    },
    "erbbands_spread": {
        "dmean": 11.7939891815,
        "dmean2": 18.6143341064,
        "dvar": 217.080413818,
        "dvar2": 532.737487793,
        "max": 187.645492554,
        "mean": 53.0323448181,
        "median": 50.8312911987,
        "min": 1.44348478317,
        "var": 566.717285156
    },
    "hfc": {
        "dmean": 19.9962425232,
        "dmean2": 32.3144950867,
        "dvar": 976.707641602,
        "dvar2": 2508.23242188,
        "max": 275.98538208,
        "mean": 45.2764663696,
        "median": 36.2778358459,
        "min": 1.16410517268e-16,
        "var": 1717.21166992
    },
    "melbands_crest": {
        "dmean": 4.27426481247,
        "dmean2": 6.68881511688,
        "dvar": 17.8482131958,
        "dvar2": 42.1229362488,
        "max": 38.8471908569,
        "mean": 17.5262432098,
        "median": 17.1926574707,
        "min": 1.58671247959,
        "var": 72.3477706909
    },
    "melbands_flatness_db": {
        "dmean": 0.0372653119266,
        "dmean2": 0.0558279193938,
        "dvar": 0.00200940133072,
        "dvar2": 0.00447942363098,
        "max": 0.713032007217,
        "mean": 0.152517020702,
        "median": 0.137487724423,
        "min": 0.00518023921177,
        "var": 0.00745796784759
    },
    "melbands_kurtosis": {
        "dmean": 18.1455631256,
        "dmean2": 29.1372661591,
        "dvar": 4584.08056641,
        "dvar2": 10762.0390625,
        "max": 1559.76745605,
        "mean": 23.4093341827,
        "median": 6.87861633301,
        "min": -1.78054153919,
        "var": 5009.08984375
    },
    "melbands_skewness": {
        "dmean": 1.22520887852,
        "dmean2": 1.8641513586,
        "dvar": 3.81752824783,
        "dvar2": 8.74556922913,
        "max": 35.5908432007,
        "mean": 3.10007238388,
        "median": 2.47417974472,
        "min": -6.87906932831,
        "var": 8.30778503418
    },
    "melbands_spread": {
        "dmean": 15.7654447556,
        "dmean2": 24.6536464691,
        "dvar": 369.230133057,
        "dvar2": 866.33013916,
        "max": 285.267700195,
        "mean": 42.8123855591,
        "median": 38.0809326172,
        "min": 0.223331198096,
        "var": 967.554870605
    },
    "pitch_salience": {
        "dmean": 0.0918951705098,
        "dmean2": 0.142473891377,
        "dvar": 0.00905541982502,
        "dvar2": 0.0213508158922,
        "max": 0.954653680325,
        "mean": 0.517915844917,
        "median": 0.523033440113,
        "min": 0.0307081490755,
        "var": 0.0277409292758
    },
    "silence_rate_20dB": {
        "dmean": 0,
        "dmean2": 0,
        "dvar": 0,
        "dvar2": 0,
        "max": 1,
        "mean": 1,
        "median": 1,
        "min": 1,
        "var": 0
    },
    "silence_rate_30dB": {
        "dmean": 0.00073719129432,
        "dmean2": 0.00147456373088,
        "dvar": 0.00073663436342,
        "dvar2": 0.00171809946187,
        "max": 1,
        "mean": 0.999262928963,
        "median": 1,
        "min": 0,
        "var": 0.000736544025131
    },
    "silence_rate_60dB": {
        "dmean": 0.0373510271311,
        "dmean2": 0.0747112333775,
        "dvar": 0.0359531864524,
        "dvar2": 0.0826396644115,
        "max": 1,
        "mean": 0.107002459466,
        "median": 0,
        "min": 0,
        "var": 0.0955616086721
    },
    "spectral_centroid": {
        "dmean": 412.055389404,
        "dmean2": 643.09942627,
        "dvar": 227683.203125,
        "dvar2": 513525.0625,
        "max": 11276.6914062,
        "mean": 2317.08496094,
        "median": 2355.33251953,
        "min": 91.9851608276,
        "var": 805749.375
    },
    "spectral_complexity": {
        "dmean": 6.49416399002,
        "dmean2": 10.3106412888,
        "dvar": 63.6496276855,
        "dvar2": 139.065597534,
        "max": 62,
        "mean": 20.4705162048,
        "median": 19,
        "min": 0,
        "var": 192.454620361
    },
    "spectral_decrease": {
        "dmean": 1.85630055771e-09,
        "dmean2": 2.70528000001e-09,
        "dvar": 5.49387761618e-18,
        "dvar2": 1.24425161213e-17,
        "max": 6.18033386752e-29,
        "mean": -6.42703934517e-09,
        "median": -5.11487563415e-09,
        "min": -3.13386898654e-08,
        "var": 2.93027838642e-17
    },
    "spectral_energy": {
        "dmean": 0.00803218130022,
        "dmean2": 0.0119580104947,
        "dvar": 9.96130547719e-05,
        "dvar2": 0.000230948353419,
        "max": 0.123833552003,
        "mean": 0.0283638630062,
        "median": 0.0244859345257,
        "min": 1.04529141876e-20,
        "var": 0.000489491620101
    },
    "spectral_energyband_high": {
        "dmean": 0.00202683196403,
        "dmean2": 0.00328956218436,
        "dvar": 9.83162590273e-06,
        "dvar2": 2.48021715379e-05,
        "max": 0.034025490284,
        "mean": 0.0041436641477,
        "median": 0.0030562300235,
        "min": 7.47739850578e-21,
        "var": 1.77512738446e-05
    },
    "spectral_energyband_low": {
        "dmean": 0.00528956856579,
        "dmean2": 0.007637524046,
        "dvar": 7.24862984498e-05,
        "dvar2": 0.000164733981364,
        "max": 0.105578020215,
        "mean": 0.0129768783227,
        "median": 0.00532550550997,
        "min": 2.07633696503e-23,
        "var": 0.00029441260267
    },
    "spectral_energyband_middle_high": {
        "dmean": 0.00254535721615,
        "dmean2": 0.00437578745186,
        "dvar": 2.10032048926e-05,
        "dvar2": 5.84106855968e-05,
        "max": 0.0434272661805,
        "mean": 0.00490905949846,
        "median": 0.00343750044703,
        "min": 1.42784288326e-21,
        "var": 2.67986524705e-05
    },
    "spectral_energyband_middle_low": {
        "dmean": 0.00396220618859,
        "dmean2": 0.0062257386744,
        "dvar": 5.02021503053e-05,
        "dvar2": 0.000122857338283,
        "max": 0.100666388869,
        "mean": 0.00714491261169,
        "median": 0.00474826991558,
        "min": 2.30013563633e-22,
        "var": 7.2405586252e-05
    },
    "spectral_entropy": {
        "dmean": 0.175473302603,
        "dmean2": 0.274609267712,
        "dvar": 0.0519205033779,
        "dvar2": 0.114795908332,
        "max": 9.81005573273,
        "mean": 8.08182144165,
        "median": 8.16783714294,
        "min": 4.17166662216,
        "var": 0.182493269444
    },
    "spectral_flux": {
        "dmean": 0.0260345507413,
        "dmean2": 0.0379559881985,
        "dvar": 0.000868190603796,
        "dvar2": 0.00152406119741,
        "max": 0.297896414995,
        "mean": 0.0939140170813,
        "median": 0.0867915600538,
        "min": 6.56600537829e-11,
        "var": 0.00320258457214
    },
    "spectral_kurtosis": {
        "dmean": 0.675943017006,
        "dmean2": 1.07766759396,
        "dvar": 2.5056977272,
        "dvar2": 5.81279993057,
        "max": 56.3327827454,
        "mean": 1.91774487495,
        "median": 1.60906505585,
        "min": -1.25917553902,
        "var": 4.97601509094
    },
    "spectral_rms": {
        "dmean": 0.000758734706324,
        "dmean2": 0.0011132019572,
        "dvar": 7.56061638185e-07,
        "dvar2": 1.65065000601e-06,
        "max": 0.0109915072098,
        "mean": 0.0047440067865,
        "median": 0.0048876083456,
        "min": 3.19342534187e-12,
        "var": 5.16648515259e-06
    },
    "spectral_rolloff": {
        "dmean": 1371.34130859,
        "dmean2": 2203.66503906,
        "dvar": 2886326.5,
        "dvar2": 6295765,
        "max": 19336.8164062,
        "mean": 3915.70727539,
        "median": 3509.91210938,
        "min": 21.533203125,
        "var": 9721915
    },
    "spectral_skewness": {
        "dmean": 0.138696849346,
        "dmean2": 0.219269528985,
        "dvar": 0.0369137041271,
        "dvar2": 0.0829050466418,
        "max": 6.1506896019,
        "mean": 1.13406503201,
        "median": 1.09490299225,
        "min": -0.440666735172,
        "var": 0.121869258583
    },
    "spectral_spread": {
        "dmean": 721854.0625,
        "dmean2": 1100363.875,
        "dvar": 868347346944,
        "dvar2": 1.67571397018e+12,
        "max": 41681136,
        "mean": 6808906.5,
        "median": 6578678.5,
        "min": 1376625.125,
        "var": 4.16828358656e+12
    },
    "spectral_strongpeak": {
        "dmean": 0.414428114891,
        "dmean2": 0.713954091072,
        "dvar": 0.835021138191,
        "dvar2": 2.17546606064,
        "max": 19.5814704895,
        "mean": 0.677311301231,
        "median": 0.3406432271,
        "min": 0,
        "var": 1.22630381584
    },
    "zerocrossingrate": {
        "dmean": 0.0207636225969,
        "dmean2": 0.0235005002469,
        "dvar": 0.000446453079348,
        "dvar2": 0.00055126787629,
        "max": 0.74072265625,
        "mean": 0.120507329702,
        "median": 0.112060546875,
        "min": 0.001953125,
        "var": 0.00498800212517
    },
    "barkbands": {
        "dmean": [0.00063810107531, 0.00374739756808, 0.00183831399772, 0.0016771259252, 0.00146790791769, 0.00100266688969, 0.000654059113003, 0.00053345458582, 0.000801675545517, 0.000483263400383, 0.00036189367529, 0.000258880609181, 0.000416584807681, 0.000517810985912, 0.000332880357746, 0.000336593773682, 0.00030007341411, 0.000410253735026, 0.000363980652764, 0.000397518801037, 0.000413692265283, 0.000450818042737, 0.000382264115615, 0.000388116081012, 0.000421847216785, 0.000167701757164, 1.9515016902e-05],
        "dmean2": [0.000763868971262, 0.00531132891774, 0.00316838826984, 0.00298371049576, 0.00257497164421, 0.00167055893689, 0.00105379149318, 0.000863618799485, 0.00132784608286, 0.000823666749056, 0.000612557691056, 0.000440622330643, 0.000714208115824, 0.000934362353291, 0.000560787972063, 0.000580834515858, 0.000505183124915, 0.000719473871868, 0.000618047954049, 0.000667423999403, 0.000688258325681, 0.000740447139833, 0.000654927745927, 0.000622586754616, 0.000683358695824, 0.000258679414401, 3.32467025146e-05],
        "dvar": [2.23995084525e-06, 4.01718680223e-05, 2.47282587225e-05, 2.23985553021e-05, 2.19536741497e-05, 4.57292298961e-06, 2.40322765421e-06, 2.28149087889e-06, 2.52118184108e-06, 1.02243200217e-06, 9.19297633573e-07, 2.74493601182e-07, 8.03950854333e-07, 1.65055143952e-06, 3.90479755197e-07, 4.83609483126e-07, 4.51056934025e-07, 7.36233630505e-07, 4.31927531963e-07, 5.63952028187e-07, 5.05684965901e-07, 5.26334304141e-07, 3.97831200871e-07, 3.21640726497e-07, 4.79128971165e-07, 6.54384137988e-08, 1.31071908882e-09],
        "dvar2": [3.40529550158e-06, 8.41112487251e-05, 6.66474807076e-05, 6.31026705378e-05, 6.4878287958e-05, 1.1375748727e-05, 5.4467609516e-06, 5.14316207045e-06, 6.32638602838e-06, 2.58475756709e-06, 2.48951641879e-06, 6.90361673605e-07, 2.12302052205e-06, 4.72676856589e-06, 1.07842402031e-06, 1.32559728172e-06, 1.23823406284e-06, 2.03302806767e-06, 1.13012947622e-06, 1.49053687437e-06, 1.30504611207e-06, 1.29047612063e-06, 1.09541986149e-06, 7.67676510804e-07, 1.17949127798e-06, 1.42463690622e-07, 3.43880168785e-09],
        "max": [0.0408709421754, 0.0936732441187, 0.055958904326, 0.0496067479253, 0.097589187324, 0.0342690609396, 0.0682348161936, 0.0698829591274, 0.0237909387797, 0.0193457566202, 0.0275394376367, 0.010639956221, 0.0162826254964, 0.0123128835112, 0.0129552017897, 0.0135896159336, 0.0167697370052, 0.0143305584788, 0.0115638393909, 0.0202833414078, 0.0186636969447, 0.0124551625922, 0.00639925571159, 0.00765360798687, 0.00770266447216, 0.00371911842376, 0.000447982311016],
        "mean": [0.00159265717957, 0.00897412933409, 0.00173981778789, 0.00141058978625, 0.00138825702015, 0.00119646079838, 0.00104020151775, 0.000712962064426, 0.00113135075662, 0.000581992790103, 0.000449004408438, 0.000328729161993, 0.000524183968082, 0.000506525393575, 0.000447789643658, 0.000416027760366, 0.000442070886493, 0.000473847729154, 0.000528391858097, 0.000630181282759, 0.000686015817337, 0.000738409056794, 0.000631119823083, 0.000710834632628, 0.000745979836211, 0.000312586984364, 2.37487893173e-05],
        "median": [0.000101385368907, 0.00258319592103, 9.21926475712e-05, 6.13299489487e-05, 0.000197646921151, 0.000284496112727, 0.000271604163572, 0.000147394879605, 0.000302092696074, 0.00016730450443, 0.000138473085826, 0.00012812409841, 0.000204223586479, 0.00019214337226, 0.000230756617384, 0.000180235278094, 0.000228150893236, 0.000230880687013, 0.000282466004137, 0.000340416387189, 0.000424828205723, 0.000455864064861, 0.000432089611422, 0.000466300465632, 0.000432362227002, 0.000170405983226, 7.22707500245e-06],
        "min": [1.39557668705e-24, 3.30414153494e-24, 1.42369612705e-24, 5.81892044911e-24, 3.53324173017e-23, 1.04218764994e-23, 1.38742221215e-23, 5.45000522917e-23, 3.3628610275e-23, 1.11712359837e-23, 3.25540555044e-23, 6.69125640652e-23, 5.38648362472e-23, 9.5565096548e-23, 7.82178874701e-23, 9.5416841185e-23, 1.32728863908e-22, 1.02421812427e-22, 1.41924722765e-22, 1.9886389511e-22, 3.89852812684e-22, 3.91637354891e-22, 5.39933410576e-22, 8.10220683692e-22, 1.06925968382e-21, 1.41031103656e-21, 2.35464615207e-21],
        "var": [1.18288817248e-05, 0.000175666762516, 2.33861064771e-05, 1.65067922353e-05, 1.60655308719e-05, 5.11849702889e-06, 4.42182681581e-06, 3.94338030674e-06, 4.24062636739e-06, 1.40943882343e-06, 1.03752392988e-06, 3.90340886725e-07, 1.15261980227e-06, 1.0964173498e-06, 4.44173309688e-07, 5.34750199677e-07, 6.22125014615e-07, 6.40599751023e-07, 5.71589282572e-07, 8.70769326866e-07, 7.01959493199e-07, 8.925385373e-07, 5.05570767473e-07, 6.60320381485e-07, 8.94702679943e-07, 1.67778082982e-07, 1.71563618867e-09]
    },
    "erbbands": {
        "dmean": [0.153168767691, 0.729998171329, 1.85034942627, 4.07764005661, 5.09129333496, 5.00016355515, 5.90693473816, 8.76778697968, 7.71812534332, 12.2094640732, 12.6651735306, 18.0606422424, 17.0629253387, 12.5082874298, 12.7222805023, 11.6986961365, 18.5573005676, 28.2991504669, 15.75669384, 21.4703197479, 16.6759872437, 14.8044977188, 19.8119773865, 20.0641403198, 18.5367431641, 20.1734580994, 17.1080150604, 16.0700492859, 15.1132621765, 16.767999649, 9.96574497223, 8.75235843658, 6.2637925148, 5.41254997253, 2.85032749176, 0.960250914097, 0.289243727922, 0.0469412319362, 0.00271380948834, 5.98768492637e-05],
        "dmean2": [0.197701722383, 1.07665765285, 3.02484369278, 7.16149234772, 8.96161651611, 8.79623985291, 10.1870584488, 14.6776609421, 12.4419355392, 19.7682609558, 20.6719074249, 29.6809139252, 28.8098278046, 21.379447937, 21.6494026184, 19.711391449, 31.5358829498, 51.2548484802, 26.4578075409, 37.318157196, 28.1965103149, 25.0159950256, 34.4952926636, 35.2667350769, 31.0219249725, 33.9881782532, 28.8612346649, 26.3489227295, 24.5805912018, 28.9751720428, 16.9427566528, 14.3743782043, 10.0028657913, 9.03752040863, 4.51993894577, 1.50410878658, 0.441502094269, 0.0750681012869, 0.00457868911326, 9.56278890953e-05],
        "dvar": [0.0762770548463, 2.00433087349, 20.9357318878, 127.770828247, 222.807327271, 306.676635742, 178.734222412, 370.223602295, 270.336425781, 1005.82446289, 1091.61535645, 1449.44018555, 1337.57128906, 630.143676758, 989.182800293, 553.126220703, 1687.98352051, 4898.28955078, 838.303649902, 2462.09765625, 1013.3258667, 893.105834961, 1618.60388184, 2064.62158203, 1043.0065918, 1837.94396973, 696.348022461, 1031.67260742, 583.478515625, 912.742126465, 305.612487793, 173.292724609, 87.0241088867, 84.8706512451, 22.5562477112, 2.11514282227, 0.211431622505, 0.00592013495043, 2.47100942943e-05, 9.08489283802e-09],
        "dvar2": [0.13227391243, 4.33832979202, 53.8917388916, 357.154785156, 622.893066406, 928.024902344, 475.778747559, 944.604370117, 615.521972656, 2446.82373047, 2689.65234375, 3617.9206543, 3409.37451172, 1645.76086426, 2711.58569336, 1353.11230469, 4428.91503906, 14068.3671875, 2190.61547852, 7137.84179688, 2693.9465332, 2445.08666992, 4470.61865234, 5682.39306641, 2651.67675781, 4885.69433594, 1877.49169922, 2566.47021484, 1427.09729004, 2491.89892578, 843.711791992, 434.434051514, 211.125564575, 223.391311646, 51.8643074036, 4.74106216431, 0.457341492176, 0.0143819851801, 6.55686017126e-05, 2.29103438443e-08],
        "max": [4.56325292587, 22.8230438232, 41.9794540405, 97.2639083862, 186.080307007, 391.020172119, 317.365478516, 280.554107666, 903.606018066, 951.038757324, 921.357849121, 657.454345703, 762.831542969, 470.95111084, 1029.38098145, 541.244262695, 773.114257812, 682.896850586, 554.687988281, 1084.43103027, 803.513305664, 666.19329834, 717.155578613, 1227.18469238, 670.439025879, 1308.34228516, 358.631011963, 1135.86608887, 439.806427002, 359.510681152, 199.514328003, 165.95501709, 149.731964111, 97.9330215454, 77.0965194702, 21.8655490875, 7.73185539246, 1.02882409096, 0.0823699682951, 0.00124026252888],
        "mean": [0.409798771143, 1.39882826805, 2.05823493004, 3.75623297691, 4.47328329086, 4.82901239395, 6.36545038223, 10.2419652939, 12.1663227081, 18.2175045013, 18.3290691376, 26.4253768921, 21.8935813904, 16.5699901581, 16.931854248, 16.2790184021, 24.4989280701, 28.4769039154, 20.4419345856, 25.803976059, 24.1035804749, 22.579662323, 25.0301380157, 26.3202075958, 29.0483169556, 32.2134742737, 26.9179019928, 26.661611557, 25.495634079, 25.2123680115, 16.6846122742, 15.0658330917, 11.2630319595, 8.94828033447, 5.00566387177, 1.74704325199, 0.52553153038, 0.0775260478258, 0.00356285832822, 0.000124156067614],
        "median": [0.0935741364956, 0.347515940666, 0.195112749934, 0.26241093874, 0.32266908884, 0.710048437119, 1.35148429871, 2.51350355148, 3.58082127571, 4.47788715363, 5.04342079163, 7.38769006729, 6.74221134186, 6.55727577209, 7.09612083435, 7.63612556458, 9.77176189423, 11.7408761978, 9.66453170776, 12.4479055405, 12.1659221649, 12.6671924591, 12.7149181366, 14.2660121918, 15.1963167191, 17.4527702332, 16.5948734283, 16.180065155, 15.8828134537, 15.6308097839, 11.4114637375, 9.92210578918, 7.40660190582, 5.329621315, 2.71044301987, 0.997913479805, 0.267326653004, 0.0361232236028, 0.00126289972104, 8.45270915306e-05],
        "min": [5.54716386261e-23, 1.28098106506e-21, 2.77521660256e-21, 1.21309558811e-20, 2.32559761268e-20, 1.00896867406e-19, 8.47428378361e-20, 1.28467068641e-19, 2.22012381277e-19, 7.2956528696e-19, 9.17369975896e-19, 8.0504148535e-19, 4.96386484401e-19, 1.03996289896e-18, 1.56824438211e-18, 2.75920961889e-18, 2.73285378341e-18, 4.37463028268e-18, 4.13345212661e-18, 5.24951853706e-18, 6.16732505753e-18, 7.81864763465e-18, 5.24673838302e-18, 8.51514694531e-18, 8.98760025116e-18, 8.42973558398e-18, 1.25147968176e-17, 1.58334760408e-17, 1.27102273363e-17, 1.76320165011e-17, 1.52411535109e-17, 1.32431682244e-17, 1.21634990017e-17, 1.0843057355e-17, 7.41386349318e-18, 4.90945135235e-18, 2.79159063794e-18, 1.10380376806e-18, 2.80612337412e-19, 3.31646563623e-20],
        "var": [0.45142352581, 6.15441894531, 23.2396450043, 103.622146606, 164.200027466, 225.513427734, 170.454803467, 394.218811035, 598.566345215, 1612.08361816, 1741.34191895, 2507.87158203, 1760.82617188, 942.637390137, 1093.86279297, 860.107788086, 2577.35864258, 3274.73071289, 1028.61120605, 2084.63671875, 1488.87084961, 1253.12145996, 1642.39733887, 1787.46911621, 1727.2923584, 2674.69628906, 971.71484375, 1312.02868652, 1024.31616211, 1037.65185547, 371.102020264, 298.71774292, 173.109313965, 125.880256653, 48.1468887329, 4.85978841782, 0.567728221416, 0.0116975614801, 3.37370984198e-05, 1.75196284147e-08]
    },
    "gfcc": {
        "mean": [8.11571979523, 11.7592840195, -112.649902344, 31.0864562988, -66.6916503906, 23.6347885132, -36.0937652588, 19.4058437347, -20.5391540527, 15.3335638046, -15.026350975, 6.93633508682, -11.1459674835],
        "cov": [[17427.7890625, -306.351593018, 1205.50170898, 728.499267578, -342.660186768, 383.871154785, -267.123352051, 341.740478516, -381.201904297, 230.967987061, -352.515625, 153.744689941, -198.623031616], [-306.351593018, 2384.15161133, 735.278930664, 506.160949707, 377.277313232, -5.19804000854, 168.796890259, 1.77522706985, 173.768814087, -9.89747619629, 120.885307312, -51.2040138245, 85.8197555542], [1205.50170898, 735.278930664, 1599.89196777, 600.151916504, 425.364440918, 284.309753418, 149.696426392, 173.903930664, 71.8405303955, 125.810523987, -3.69882369041, 44.376701355, 6.75349378586], [728.499267578, 506.160949707, 600.151916504, 714.40625, 420.379455566, 262.927642822, 150.849868774, 60.7836036682, 40.9987220764, 24.2721862793, -9.43857002258, -36.7159805298, -1.12558448315], [-342.660186768, 377.277313232, 425.364440918, 420.379455566, 537.996826172, 278.794189453, 226.868255615, 94.412361145, 91.7643432617, 44.7544631958, 27.3803501129, -0.431696891785, 20.3271980286], [383.871154785, -5.19804000854, 284.309753418, 262.927642822, 278.794189453, 374.066864014, 221.182144165, 159.183288574, 84.8274917603, 65.6693572998, 12.7899475098, 9.25154495239, 3.85758304596], [-267.123352051, 168.796890259, 149.696426392, 150.849868774, 226.868255615, 221.182144165, 321.788391113, 215.609405518, 162.212921143, 79.5539703369, 61.7994155884, 21.4308338165, 31.2701187134], [341.740478516, 1.77522706985, 173.903930664, 60.7836036682, 94.412361145, 159.183288574, 215.609405518, 286.806213379, 188.061645508, 131.690231323, 57.5094108582, 49.0078697205, 25.9112701416], [-381.201904297, 173.768814087, 71.8405303955, 40.9987220764, 91.7643432617, 84.8274917603, 162.212921143, 188.061645508, 257.807678223, 152.513061523, 106.778144836, 38.3590888977, 47.4128990173], [230.967987061, -9.89747619629, 125.810523987, 24.2721862793, 44.7544631958, 65.6693572998, 79.5539703369, 131.690231323, 152.513061523, 208.419433594, 119.426643372, 79.1567153931, 31.1037750244], [-352.515625, 120.885307312, -3.69882369041, -9.43857002258, 27.3803501129, 12.7899475098, 61.7994155884, 57.5094108582, 106.778144836, 119.426643372, 187.056732178, 107.305534363, 63.2857971191], [153.744689941, -51.2040138245, 44.376701355, -36.7159805298, -0.431696891785, 9.25154495239, 21.4308338165, 49.0078697205, 38.3590888977, 79.1567153931, 107.305534363, 158.982788086, 89.6503219604], [-198.623031616, 85.8197555542, 6.75349378586, -1.12558448315, 20.3271980286, 3.85758304596, 31.2701187134, 25.9112701416, 47.4128990173, 31.1037750244, 63.2857971191, 89.6503219604, 136.481613159]],
        "icov": [[0.000116346076538, -9.32314214879e-05, 5.4376119806e-05, -0.000227351076319, 0.00027415168006, -0.000210153841181, 0.000259096937953, -0.000438951188698, 0.000471601990284, -0.000442626565928, 0.000485260039568, -0.000437133596279, 0.000211626713281], [-9.32314214879e-05, 0.000916898541618, -0.000485656259116, -0.000141313314089, -0.000361198792234, 0.000967455445789, -0.000720023410395, 0.000880360894371, -0.00117369554937, 0.0012602385832, -0.00147629762068, 0.00131830503233, -0.000725949124899], [5.4376119806e-05, -0.000485656259116, 0.00135267677251, -0.000685323495418, -0.000237229745835, -0.000443062803242, 0.000877212907653, -0.00125210452825, 0.00102695112582, -0.001300941105, 0.00136223109439, -0.00127841474023, 0.000544328766409], [-0.000227351076319, -0.000141313314089, -0.000685323495418, 0.00391479581594, -0.0022592258174, -0.000776396365836, 0.00012174888252, 0.000825759023428, -0.000313354597893, 0.000603001273703, -0.00118033122271, 0.00209420407191, -0.000858915504068], [0.00027415168006, -0.000361198792234, -0.000237229745835, -0.0022592258174, 0.00601843930781, -0.00223543611355, -0.00218979199417, 0.00166563643143, -0.000157950649736, -0.000926587264985, 0.00166461302433, -0.00195617973804, 0.000750626495574], [-0.000210153841181, 0.000967455445789, -0.000443062803242, -0.000776396365836, -0.00223543611355, 0.00764590362087, -0.00357564981095, -0.000366764841601, 0.000163399250596, 0.000219614928938, -0.000747733109165, 0.00121270329691, -0.000449632090749], [0.000259096937953, -0.000720023410395, 0.000877212907653, 0.00012174888252, -0.00218979199417, -0.00357564981095, 0.0125184850767, -0.00840276107192, 0.000508276105393, 0.00158459891099, -0.00165881146677, 0.000819605775177, -0.000365174055332], [-0.000438951188698, 0.000880360894371, -0.00125210452825, 0.000825759023428, 0.00166563643143, -0.000366764841601, -0.00840276107192, 0.0163305383176, -0.0088055357337, -0.00032300275052, 0.00255882693455, -0.00275732716545, 0.00122078892309], [0.000471601990284, -0.00117369554937, 0.00102695112582, -0.000313354597893, -0.000157950649736, 0.000163399250596, 0.000508276105393, -0.0088055357337, 0.0167261194438, -0.00842886883765, -0.00136589724571, 0.004290452227, -0.00312939239666], [-0.000442626565928, 0.0012602385832, -0.001300941105, 0.000603001273703, -0.000926587264985, 0.000219614928938, 0.00158459891099, -0.00032300275052, -0.00842886883765, 0.0164364371449, -0.00786396674812, -0.000577317783609, 0.00167083286215], [0.000485260039568, -0.00147629762068, 0.00136223109439, -0.00118033122271, 0.00166461302433, -0.000747733109165, -0.00165881146677, 0.00255882693455, -0.00136589724571, -0.00786396674812, 0.0184210240841, -0.011841295287, 0.00272794323973], [-0.000437133596279, 0.00131830503233, -0.00127841474023, 0.00209420407191, -0.00195617973804, 0.00121270329691, 0.000819605775177, -0.00275732716545, 0.004290452227, -0.000577317783609, -0.011841295287, 0.022240575403, -0.0112690869719], [0.000211626713281, -0.000725949124899, 0.000544328766409, -0.000858915504068, 0.000750626495574, -0.000449632090749, -0.000365174055332, 0.00122078892309, -0.00312939239666, 0.00167083286215, 0.00272794323973, -0.0112690869719, 0.0146539630368]]
    },
    "melbands": {
        "dmean": [0.0011652946705, 0.000892777345143, 0.000715048867278, 0.000355660711648, 0.000204631796805, 0.000194273059606, 0.000122127181385, 0.000126538754557, 0.000111670669867, 0.000112412155431, 8.52304219734e-05, 5.09710444021e-05, 5.13541417604e-05, 2.93837092613e-05, 3.7613834138e-05, 3.99791897507e-05, 5.62379645999e-05, 2.60230390268e-05, 2.30193345487e-05, 2.88667433779e-05, 1.92720472114e-05, 1.56898659043e-05, 1.73728167283e-05, 2.26774063776e-05, 1.63556323969e-05, 1.51072990775e-05, 1.35760183184e-05, 1.39573194247e-05, 1.12928473754e-05, 1.00598535937e-05, 1.02540634543e-05, 8.77198181115e-06, 9.8825466921e-06, 9.40861173149e-06, 6.26625160294e-06, 5.35126036993e-06, 5.73552006244e-06, 4.53775282949e-06, 4.68392954645e-06, 4.77772300655e-06],
        "dmean2": [0.00156691437587, 0.00135404895991, 0.00123157398775, 0.000621941289864, 0.000353615207132, 0.000322824780596, 0.000196343098651, 0.000203980816877, 0.000184820513823, 0.00018546586216, 0.000144163845107, 8.72188393259e-05, 8.67034032126e-05, 4.9818710977e-05, 6.35583128314e-05, 6.94012996973e-05, 0.000102045945823, 4.39378491137e-05, 3.93774062104e-05, 5.06028081873e-05, 3.24210195686e-05, 2.62819521595e-05, 3.00407391478e-05, 3.99193741032e-05, 2.88244827971e-05, 2.53792641161e-05, 2.27425607591e-05, 2.35046463786e-05, 1.90635346371e-05, 1.68799087987e-05, 1.68508668139e-05, 1.43984789247e-05, 1.66219269886e-05, 1.63560234796e-05, 1.07392543214e-05, 9.00184659258e-06, 9.3451299108e-06, 7.23466337149e-06, 7.7795712059e-06, 8.00451289251e-06],
        "dvar": [3.85340581488e-06, 3.59866908184e-06, 3.64817606169e-06, 1.43982504142e-06, 2.13518404735e-07, 1.72175163016e-07, 7.14981851502e-08, 1.07159941365e-07, 7.03726854567e-08, 5.28706110003e-08, 3.36925083388e-08, 1.11403126724e-08, 1.93000992965e-08, 3.6096687861e-09, 6.69689770305e-09, 6.64718680099e-09, 2.03308925251e-08, 2.38352693138e-09, 2.13625472867e-09, 4.1113650262e-09, 1.35148936486e-09, 7.71602615135e-10, 2.16472506587e-09, 2.33482255751e-09, 1.46780443355e-09, 7.63195340259e-10, 6.60731469537e-10, 7.95031041001e-10, 2.96375451958e-10, 2.60924393203e-10, 6.69585220603e-10, 2.15294601591e-10, 2.97744773281e-10, 2.67964844758e-10, 1.37904285213e-10, 6.81626283194e-11, 7.57254536854e-11, 4.64523870758e-11, 6.02650082615e-11, 6.34364019647e-11],
        "dvar2": [7.28751956558e-06, 8.61064472701e-06, 9.94691617962e-06, 4.26418728239e-06, 5.84066867759e-07, 4.32772651493e-07, 1.58440045084e-07, 2.53638148706e-07, 1.79755971885e-07, 1.33251546686e-07, 8.57832134216e-08, 2.86903443225e-08, 5.20201446363e-08, 9.12647735163e-09, 1.69470215639e-08, 1.82581310071e-08, 5.83415022959e-08, 6.30470564644e-09, 6.05632344275e-09, 1.16867697741e-08, 3.52667250958e-09, 2.03519179287e-09, 5.99632743459e-09, 6.51239950855e-09, 4.02392563714e-09, 1.92940641242e-09, 1.73162650885e-09, 2.09617789793e-09, 7.88670240226e-10, 6.81838641103e-10, 1.67786995409e-09, 5.39843891811e-10, 7.50306150543e-10, 7.40428662827e-10, 3.86779774875e-10, 1.77071496354e-10, 1.89386395455e-10, 1.12051860846e-10, 1.59062110705e-10, 1.68453750948e-10],
        "max": [0.0306236445904, 0.0192812606692, 0.0173011422157, 0.0260753352195, 0.00962849054486, 0.00632399320602, 0.0147195355967, 0.0135968485847, 0.00681443838403, 0.00363271287642, 0.00376770808361, 0.00212472723797, 0.00435053696856, 0.00119718408678, 0.0021031408105, 0.00183790607844, 0.00145040382631, 0.000801676942501, 0.000971878413111, 0.00121578387916, 0.00105854903813, 0.000513368111569, 0.00132115138695, 0.000743614335079, 0.00113845663145, 0.000613831623923, 0.000613100884948, 0.000964697101153, 0.000275031721685, 0.000255874270806, 0.00107237545308, 0.000303974607959, 0.000351360184141, 0.000223319075303, 0.000132815956022, 9.43312479649e-05, 0.000150293562911, 0.000104193124571, 0.000104395665403, 8.98404832697e-05],
        "mean": [0.00303600705229, 0.00134326145053, 0.000681219622493, 0.000331302901031, 0.000222094982746, 0.000231126527069, 0.000195680739125, 0.000185880329809, 0.000159798102686, 0.000160693874932, 0.000105922110379, 6.48952918709e-05, 6.54510731692e-05, 3.77352189389e-05, 5.1253613492e-05, 4.84150987177e-05, 5.37358573638e-05, 3.15381621476e-05, 2.97679507639e-05, 3.29869289999e-05, 2.75412585324e-05, 2.26582542382e-05, 2.29323468375e-05, 2.54637925536e-05, 1.99822916329e-05, 2.16055886995e-05, 2.08840519917e-05, 2.07214943657e-05, 1.63295007951e-05, 1.54284880409e-05, 1.58689654199e-05, 1.40426182043e-05, 1.47765667862e-05, 1.35893815241e-05, 9.70646124188e-06, 8.84989913175e-06, 9.25391213968e-06, 7.87138742453e-06, 7.39800225347e-06, 7.63823209127e-06],
        "median": [0.000836790422909, 0.000241355592152, 4.94131018058e-05, 3.5488177673e-05, 4.60176488559e-05, 5.45720249647e-05, 5.72020180698e-05, 4.56043999293e-05, 3.57350727427e-05, 4.32384185842e-05, 2.85246751446e-05, 2.28831395361e-05, 2.12469258258e-05, 1.43036331792e-05, 2.04417010536e-05, 2.15244454012e-05, 1.88535577763e-05, 1.35559930641e-05, 1.55958532559e-05, 1.45504645843e-05, 1.29896197905e-05, 1.22373276099e-05, 9.65420258581e-06, 1.09750799311e-05, 9.81339326245e-06, 1.08946387627e-05, 1.02272042568e-05, 1.07613614091e-05, 9.58658802119e-06, 9.00539816939e-06, 9.41228790907e-06, 8.64616140461e-06, 8.48729723657e-06, 8.21607227408e-06, 6.16616443949e-06, 5.82979373576e-06, 5.64947549719e-06, 5.01775048178e-06, 4.61056470158e-06, 4.20235573984e-06],
        "min": [9.79940470013e-25, 1.75414502987e-24, 1.92464548162e-24, 7.12645108863e-24, 4.34848253849e-24, 1.74207703574e-24, 3.57014306559e-24, 1.02280517973e-23, 7.226900692e-24, 5.14881072026e-24, 1.97062976151e-24, 3.80884212032e-24, 4.38202056545e-24, 7.82136575979e-24, 3.11637134025e-24, 7.62775720554e-24, 6.94808648252e-24, 5.59100472853e-24, 5.92484119729e-24, 4.14704453976e-24, 8.07607080228e-24, 8.31731156685e-24, 4.36344486328e-24, 5.09743930925e-24, 6.34117318964e-24, 4.78430807267e-24, 6.66642685175e-24, 4.93809413956e-24, 8.36326271458e-24, 7.54500017456e-24, 8.41442823289e-24, 5.42583737093e-24, 7.55099946174e-24, 9.76770807174e-24, 8.97683241577e-24, 6.09671702803e-24, 8.93169379477e-24, 7.98517114904e-24, 9.18178478983e-24, 7.98399495743e-24],
        "var": [2.10640428122e-05, 6.29133319308e-06, 3.07615573547e-06, 1.04174773696e-06, 1.95672839709e-07, 1.92832189327e-07, 1.53933626734e-07, 1.80850392439e-07, 1.10906235307e-07, 8.78776518221e-08, 4.37580922608e-08, 1.70307981051e-08, 2.18242330874e-08, 5.17647436027e-09, 1.10151168187e-08, 7.47971551363e-09, 1.33826505433e-08, 2.69911804018e-09, 2.0786501409e-09, 3.49142581513e-09, 2.14623252504e-09, 1.06817665824e-09, 3.29023164269e-09, 2.02095096213e-09, 1.24391952294e-09, 1.13273213032e-09, 1.06000053179e-09, 1.18356902057e-09, 4.05176114882e-10, 3.76065095731e-10, 7.04137026464e-10, 3.26047716603e-10, 4.56672810678e-10, 3.00104024964e-10, 1.49583387343e-10, 1.03549363528e-10, 1.30120580977e-10, 9.03865524093e-11, 8.53525236599e-11, 9.74645364415e-11]
    },
    "mfcc": {
        "mean": [-633.893249512, 49.5823860168, 7.33427143097, 10.4830226898, -1.10830879211, 4.19468307495, 0.199542060494, 2.57744765282, 4.05966520309, 5.98121261597, 5.39335680008, 4.17420959473, 3.26776146889],
        "cov": [[12268.8193359, 103.016746521, 306.347564697, 343.312225342, 20.01994133, 52.5754814148, 43.7835464478, 5.42028474808, 20.1878166199, 36.0257339478, -37.5150184631, -192.880584717, -94.0173568726], [103.016746521, 1721.80932617, 570.419372559, 453.23223877, 236.617980957, 106.881774902, 67.6871032715, 58.1161575317, 63.9937438965, 81.4111251831, 56.424987793, 57.3050346375, 46.9063072205], [306.347564697, 570.419372559, 971.850341797, 445.574707031, 352.16696167, 211.137695312, 172.973052979, 102.217842102, 145.70715332, 87.9831085205, 75.1742477417, 59.7926368713, 65.8430633545], [343.312225342, 453.23223877, 445.574707031, 545.776428223, 333.688537598, 235.990707397, 159.252746582, 90.1104736328, 91.7956771851, 71.1700744629, 40.3546409607, 21.0287151337, 30.611076355], [20.01994133, 236.617980957, 352.16696167, 333.688537598, 399.903594971, 274.811462402, 176.723999023, 101.771224976, 104.45929718, 67.2276306152, 47.7452888489, 28.4177780151, 31.4766197205], [52.5754814148, 106.881774902, 211.137695312, 235.990707397, 274.811462402, 312.627685547, 196.923049927, 114.462394714, 101.187301636, 65.2983627319, 46.4372825623, 27.4308109283, 29.4618721008], [43.7835464478, 67.6871032715, 172.973052979, 159.252746582, 176.723999023, 196.923049927, 247.763961792, 161.92628479, 116.955955505, 77.703125, 56.4348564148, 46.5858421326, 38.2402153015], [5.42028474808, 58.1161575317, 102.217842102, 90.1104736328, 101.771224976, 114.462394714, 161.92628479, 209.157699585, 150.709259033, 94.0868530273, 68.9747543335, 52.2596206665, 40.9122047424], [20.1878166199, 63.9937438965, 145.70715332, 91.7956771851, 104.45929718, 101.187301636, 116.955955505, 150.709259033, 227.245758057, 153.575561523, 92.7472229004, 58.0913543701, 59.4293556213], [36.0257339478, 81.4111251831, 87.9831085205, 71.1700744629, 67.2276306152, 65.2983627319, 77.703125, 94.0868530273, 153.575561523, 200.038375854, 130.948425293, 78.8480606079, 64.6342468262], [-37.5150184631, 56.424987793, 75.1742477417, 40.3546409607, 47.7452888489, 46.4372825623, 56.4348564148, 68.9747543335, 92.7472229004, 130.948425293, 173.736999512, 113.015113831, 73.6265487671], [-192.880584717, 57.3050346375, 59.7926368713, 21.0287151337, 28.4177780151, 27.4308109283, 46.5858421326, 52.2596206665, 58.0913543701, 78.8480606079, 113.015113831, 156.893112183, 99.7850418091], [-94.0173568726, 46.9063072205, 65.8430633545, 30.611076355, 31.4766197205, 29.4618721008, 38.2402153015, 40.9122047424, 59.4293556213, 64.6342468262, 73.6265487671, 99.7850418091, 148.567840576]],
