{
"lowlevel": {
    "average_loudness": 0.860077381134,
    "barkbands_crest": {
        "dmean": 3.1190738678,
        "dmean2": 4.70562458038,
        "dvar": 8.96461868286,
        "dvar2": 19.2155227661,
        "max": 26.6267871857,
        "mean": 12.4905776978,
        "median": 11.4189538956,
        "min": 1.85111141205,
        "var": 34.5570983887
    },
    "barkbands_flatness_db": {
        "dmean": 0.0302795618773,
        "dmean2": 0.0437218807638,
        "dvar": 0.00108175433706,
        "dvar2": 0.00214433367364,
        "max": 0.634125947952,
        "mean": 0.151873335242,
        "median": 0.131870448589,
        "min": 0.0141970403492,
        "var": 0.00656030233949
    },
    "barkbands_kurtosis": {
        "dmean": 10.0684423447,
        "dmean2": 14.7138214111,
        "dvar": 2452.95117188,
        "dvar2": 5134.1484375,
        "max": 2512.91992188,
        "mean": 13.8276138306,
        "median": 1.60507035255,
        "min": -1.89813423157,
        "var": 4200.46875
    },
    "barkbands_skewness": {
        "dmean": 0.917861580849,
        "dmean2": 1.32745087147,
        "dvar": 1.8782992363,
        "dvar2": 3.56442260742,
        "max": 43.1650657654,
        "mean": 2.0830347538,
        "median": 1.43577861786,
        "min": -2.88337826729,
        "var": 6.93011760712
    },
    "barkbands_spread": {
        "dmean": 7.18354272842,
        "dmean2": 11.2451038361,
        "dvar": 76.5723876953,
        "dvar2": 178.409439087,
        "max": 109.850357056,
        "mean": 24.6082324982,
        "median": 22.3816871643,
        "min": 0.112299956381,
        "var": 254.804977417
    },
    "dissonance": {
        "dmean": 0.0164112802595,
        "dmean2": 0.0275078937411,
        "dvar": 0.000388986634789,
        "dvar2": 0.00103029666934,
        "max": 0.5,
        "mean": 0.469554394484,
        "median": 0.476966619492,
        "min": 0.146795898676,
        "var": 0.000798989553005
    },
    "dynamic_complexity": 4.66175127029,
    "erbbands_crest": {
        "dmean": 2.63225650787,
        "dmean2": 4.23886108398,
        "dvar": 6.21623706818,
        "dvar2": 15.4921989441,
        "max": 29.5475482941,
        "mean": 8.8745880127,
        "median": 7.70996379852,
        "min": 2.14560031891,
        "var": 18.9888935089
    },
    "erbbands_flatness_db": {
        "dmean": 0.0171081572771,
        "dmean2": 0.0242192130536,
        "dvar": 0.000307858746964,
        "dvar2": 0.000585379544646,
        "max": 0.49810180068,
        "mean": 0.14956061542,
        "median": 0.135859906673,
        "min": 0.0439319573343,
        "var": 0.00372540485114
    },
    "erbbands_kurtosis": {
        "dmean": 1.01532173157,
        "dmean2": 1.55304706097,
        "dvar": 2.80393600464,
        "dvar2": 6.06007575989,
        "max": 38.5834655762,
        "mean": 0.78612023592,
        "median": -0.0293601751328,
        "min": -1.83637738228,
        "var": 8.10132026672
    },
    "erbbands_skewness": {
        "dmean": 0.380973577499,
        "dmean2": 0.586322426796,
        "dvar": 0.164721935987,
        "dvar2": 0.375497579575,
        "max": 5.80062770844,
        "mean": -0.0647075772285,
        "median": -0.0646857693791,
        "min": -2.93640828133,
        "var": 0.653284430504
    },
    "erbbands_spread": {
        "dmean": 9.97264003754,
        "dmean2": 14.8519115448,
        "dvar": 138.749084473,
        "dvar2": 304.1121521,
        "max": 182.563522339,
        "mean": 40.850730896,
        "median": 35.8978500366,
        "min": 2.31715464592,
        "var": 475.836975098
    },
    "hfc": {
        "dmean": 7.50274848938,
        "dmean2": 11.4227304459,
        "dvar": 160.095169067,
        "dvar2": 369.798828125,
        "max": 177.698196411,
        "mean": 25.1492385864,
        "median": 21.1402568817,
        "min": 1.10595186099e-16,
        "var": 525.557434082
    },
    "melbands_crest": {
        "dmean": 4.13419818878,
        "dmean2": 6.39994335175,
        "dvar": 16.2644309998,
        "dvar2": 37.3511505127,
        "max": 39.3603668213,
        "mean": 18.7140617371,
        "median": 17.7293930054,
        "min": 1.56563472748,
        "var": 65.6998672485
    },
    "melbands_flatness_db": {
        "dmean": 0.0370838716626,
        "dmean2": 0.0539790764451,
        "dvar": 0.00167519773822,
        "dvar2": 0.00330895208754,
        "max": 0.760268211365,
        "mean": 0.217428028584,
        "median": 0.200682550669,
        "min": 0.00280774617568,
        "var": 0.0098941763863
    },
    "melbands_kurtosis": {
        "dmean": 24.0008220673,
        "dmean2": 35.6060256958,
        "dvar": 5607.8125,
        "dvar2": 11619.1552734,
        "max": 4638.515625,
        "mean": 39.9674224854,
        "median": 8.64727973938,
        "min": -1.76880931854,
        "var": 19223.2441406
    },
    "melbands_skewness": {
        "dmean": 1.31406879425,
        "dmean2": 1.92155492306,
        "dvar": 3.36442899704,
        "dvar2": 6.90940141678,
        "max": 62.0308074951,
        "mean": 3.78179144859,
        "median": 2.74982404709,
        "min": -1.81355452538,
        "var": 13.7807292938
    },
    "melbands_spread": {
        "dmean": 9.3563709259,
        "dmean2": 14.7326717377,
        "dvar": 173.352142334,
        "dvar2": 399.22354126,
        "max": 204.463409424,
        "mean": 27.0266857147,
        "median": 21.0470199585,
        "min": 0.0795099362731,
        "var": 625.419006348
    },
    "pitch_salience": {
        "dmean": 0.0895648896694,
        "dmean2": 0.13857537508,
        "dvar": 0.0082080764696,
        "dvar2": 0.0182776730508,
        "max": 0.980371952057,
        "mean": 0.459206312895,
        "median": 0.471823573112,
        "min": 0.0192001294345,
        "var": 0.0315891727805
    },
    "silence_rate_20dB": {
        "dmean": 0,
        "dmean2": 0,
        "dvar": 0,
        "dvar2": 0,
        "max": 1,
        "mean": 1,
        "median": 1,
        "min": 1,
        "var": 0
    },
    "silence_rate_30dB": {
        "dmean": 0.0629657804966,
        "dmean2": 0.125950708985,
        "dvar": 0.0590028837323,
        "dvar2": 0.114047184587,
        "max": 1,
        "mean": 0.838503658772,
        "median": 1,
        "min": 0,
        "var": 0.135408386588
    },
    "silence_rate_60dB": {
        "dmean": 0.0358935371041,
        "dmean2": 0.0717979893088,
        "dvar": 0.0346011221409,
        "dvar2": 0.080334417522,
        "max": 1,
        "mean": 0.131995126605,
        "median": 0,
        "min": 0,
        "var": 0.114564806223
    },
    "spectral_centroid": {
        "dmean": 306.137054443,
        "dmean2": 473.525054932,
        "dvar": 145924.65625,
        "dvar2": 343527.21875,
        "max": 11560.0498047,
        "mean": 1732.93127441,
        "median": 1668.40551758,
        "min": 109.509925842,
        "var": 923753.875
    },
    "spectral_complexity": {
        "dmean": 4.29718637466,
        "dmean2": 6.54578638077,
        "dvar": 28.9439563751,
        "dvar2": 62.0080299377,
        "max": 59,
        "mean": 19.8255786896,
        "median": 20,
        "min": 0,
        "var": 168.512817383
    },
    "spectral_decrease": {
        "dmean": 5.48223111352e-09,
        "dmean2": 8.10945355312e-09,
        "dvar": 9.88986140093e-17,
        "dvar2": 1.99111876092e-16,
        "max": 9.92363570571e-29,
        "mean": -1.37646205545e-08,
        "median": -7.54689111204e-09,
        "min": -9.25853242961e-08,
        "var": 2.94075757364e-16
    },
    "spectral_energy": {
        "dmean": 0.0210626386106,
        "dmean2": 0.0311641525477,
        "dvar": 0.00143540429417,
        "dvar2": 0.00289464043453,
        "max": 0.354032367468,
        "mean": 0.0542318634689,
        "median": 0.0312631614506,
        "min": 1.00352081731e-20,
        "var": 0.00433857645839
    },
    "spectral_energyband_high": {
        "dmean": 0.000556662504096,
        "dmean2": 0.00086199818179,
        "dvar": 1.33751132125e-06,
        "dvar2": 3.10104474011e-06,
        "max": 0.0265819337219,
        "mean": 0.00130626640748,
        "median": 0.000755667686462,
        "min": 7.25020898846e-21,
        "var": 3.2858420127e-06
    },
    "spectral_energyband_low": {
        "dmean": 0.0187891367823,
        "dmean2": 0.0271760094911,
        "dvar": 0.0013007906964,
        "dvar2": 0.0025510166306,
        "max": 0.342070519924,
        "mean": 0.0387965738773,
        "median": 0.0138998143375,
        "min": 1.59166634689e-23,
        "var": 0.00356587581336
    },
    "spectral_energyband_middle_high": {
        "dmean": 0.00206074141897,
        "dmean2": 0.00310569652356,
        "dvar": 7.53136146159e-06,
        "dvar2": 1.74179258465e-05,
        "max": 0.0450582616031,
        "mean": 0.00611106771976,
        "median": 0.00465559074655,
        "min": 1.22638320663e-21,
        "var": 3.5297285649e-05
    },
    "spectral_energyband_middle_low": {
        "dmean": 0.00508690206334,
        "dmean2": 0.00797187909484,
        "dvar": 0.000151982254465,
        "dvar2": 0.000368036999134,
        "max": 0.158704251051,
        "mean": 0.00906606670469,
        "median": 0.00511719658971,
        "min": 2.08780066015e-22,
        "var": 0.0002102850558
    },
    "spectral_entropy": {
        "dmean": 0.158638998866,
        "dmean2": 0.23695550859,
        "dvar": 0.0335310399532,
        "dvar2": 0.0744742751122,
        "max": 9.81157112122,
        "mean": 7.7057800293,
        "median": 7.74955940247,
        "min": 5.25173377991,
        "var": 0.175496190786
    },
    "spectral_flux": {
        "dmean": 0.0379204154015,
        "dmean2": 0.0579584985971,
        "dvar": 0.00250116060488,
        "dvar2": 0.00475593097508,
        "max": 0.458488315344,
        "mean": 0.104021199048,
        "median": 0.0835433751345,
        "min": 6.53362711156e-11,
        "var": 0.00683534797281
    },
    "spectral_kurtosis": {
        "dmean": 1.38643121719,
        "dmean2": 2.34663414955,
        "dvar": 5.97731351852,
        "dvar2": 18.4460391998,
        "max": 46.0042572021,
        "mean": 3.80164170265,
        "median": 3.22201991081,
        "min": -1.24699962139,
        "var": 8.96067047119
    },
    "spectral_rms": {
        "dmean": 0.00123999558855,
        "dmean2": 0.00177520525176,
        "dvar": 2.87653665509e-06,
        "dvar2": 5.07653930981e-06,
        "max": 0.0185848716646,
        "mean": 0.0060705980286,
        "median": 0.00552273867652,
        "min": 3.12896908904e-12,
        "var": 1.60569798027e-05
    },
    "spectral_rolloff": {
        "dmean": 553.258422852,
        "dmean2": 911.848876953,
        "dvar": 847874.4375,
        "dvar2": 1813213.375,
        "max": 19444.4824219,
        "mean": 1615.09460449,
        "median": 1141.25976562,
        "min": 43.06640625,
        "var": 4164951.75
    },
    "spectral_skewness": {
        "dmean": 0.202820360661,
        "dmean2": 0.329164147377,
        "dvar": 0.0693159624934,
        "dvar2": 0.197667598724,
        "max": 4.48727846146,
        "mean": 1.37132692337,
        "median": 1.33271932602,
        "min": -0.0599197633564,
        "var": 0.200795471668
    },
    "spectral_spread": {
        "dmean": 565155.125,
        "dmean2": 787788,
        "dvar": 676531339264,
        "dvar2": 1.2359261225e+12,
        "max": 42294452,
        "mean": 4965409.5,
        "median": 4698618,
        "min": 1018060,
        "var": 7.17881186714e+12
    },
    "spectral_strongpeak": {
        "dmean": 0.417921245098,
        "dmean2": 0.71272957325,
        "dvar": 0.687025904655,
        "dvar2": 1.82406175137,
        "max": 11.6943283081,
        "mean": 0.686809062958,
        "median": 0.390279829502,
        "min": 0,
        "var": 0.842100322247
    },
    "zerocrossingrate": {
        "dmean": 0.0119465151802,
        "dmean2": 0.0134712597355,
        "dvar": 0.000200032794964,
        "dvar2": 0.000222022557864,
        "max": 0.87890625,
        "mean": 0.0632180199027,
        "median": 0.052734375,
        "min": 0.00146484375,
        "var": 0.00349564407952
    },
    "barkbands": {
        "dmean": [0.00159521994647, 0.0168871507049, 0.0044474164024, 0.00180832343176, 0.00249261967838, 0.000598203740083, 0.000513288308866, 0.000566833128687, 0.000734741799533, 0.000400073331548, 0.000585069938097, 0.000359510391718, 0.00047437910689, 0.000294114230201, 0.000351660128217, 0.000409623869928, 0.000272371864412, 0.000247776537435, 0.00023130964837, 0.000199722475372, 0.00014212745009, 0.00014669331722, 9.8130403785e-05, 8.90798255568e-05, 6.90888628014e-05, 4.14463720517e-05, 3.38266272593e-06],
        "dmean2": [0.00205735303462, 0.0239733047783, 0.00795906223357, 0.0032693867106, 0.00386092765257, 0.000935590825975, 0.000794479972683, 0.000937360862736, 0.00106830685399, 0.000609833397903, 0.000872585456818, 0.0005638996372, 0.000729329884052, 0.000452444772236, 0.000562415691093, 0.000638207071461, 0.000426958868047, 0.000408564315876, 0.000387110252632, 0.000331589457346, 0.00022521414212, 0.000246674724622, 0.000159392147907, 0.000135718655656, 0.000101563855424, 6.11772265984e-05, 5.47128365724e-06],
        "dvar": [9.40077643463e-06, 0.00117402407341, 0.000173282256583, 2.51872825174e-05, 7.41841649869e-05, 1.36497897074e-06, 1.28338274408e-06, 3.49923197973e-06, 3.10544987769e-06, 1.61434070378e-06, 1.73428497874e-06, 4.78670187931e-07, 9.31088436573e-07, 4.10518453009e-07, 5.59634770525e-07, 6.46505782242e-07, 3.08894811951e-07, 1.79699640057e-07, 1.9597894152e-07, 1.60095240176e-07, 7.45075041664e-08, 1.33051258899e-07, 4.44030625601e-08, 3.85093947841e-08, 2.1782261328e-08, 9.61871737815e-09, 6.68587754604e-11],
        "dvar2": [1.36736434797e-05, 0.00224915915169, 0.000497902685311, 7.34664718038e-05, 0.000162620432093, 3.44934937857e-06, 3.00423744193e-06, 9.46047475736e-06, 6.7212868089e-06, 4.02730984206e-06, 3.82092275686e-06, 1.13824773962e-06, 2.07105904337e-06, 9.38156688335e-07, 1.426775043e-06, 1.41146767874e-06, 7.01918168033e-07, 4.58344857179e-07, 5.13372071964e-07, 4.03176017016e-07, 1.74384098273e-07, 3.58213355867e-07, 1.11635699795e-07, 8.13680856027e-08, 4.52939232787e-08, 2.10981898618e-08, 1.6145861037e-10],
        "max": [0.0366053692997, 0.326564997435, 0.099464148283, 0.0422756634653, 0.123546645045, 0.0189535375684, 0.0290290098637, 0.0310910269618, 0.0434046536684, 0.0429000072181, 0.0273950044066, 0.0116144753993, 0.0192320868373, 0.0122620277107, 0.0173178445548, 0.0177604053169, 0.0105717163533, 0.0094056148082, 0.00908914674073, 0.0155900632963, 0.00962988752872, 0.010248683393, 0.00532387942076, 0.0050056129694, 0.00198519974947, 0.0015472273808, 0.000137839568197],
        "mean": [0.00247547728941, 0.0308940038085, 0.00447951164097, 0.0018220746424, 0.00322766043246, 0.00104660040233, 0.000793972751126, 0.000723128032405, 0.0012764877174, 0.000648517743684, 0.000951248162892, 0.00057213002583, 0.000745386292692, 0.000458187249023, 0.000573383178562, 0.00071463373024, 0.000493729952723, 0.000445267767645, 0.000395516399294, 0.000407150073443, 0.000318320875522, 0.000227706797887, 0.000181999508641, 0.000169383434695, 0.00012360844994, 6.2784209149e-05, 3.99743748858e-06],
        "median": [0.000417983101215, 0.00703731924295, 0.00125888606999, 0.000466954370495, 0.000632743118331, 0.000361965037882, 0.000214607804082, 0.000189019367099, 0.000363867206033, 0.000173471577, 0.000237327127252, 0.000214937404962, 0.000240386812948, 0.000147540937178, 0.000207305376534, 0.000260863424046, 0.000226816453505, 0.000228206889005, 0.000213700375753, 0.0002262727794, 0.000184965669177, 8.14624436316e-05, 6.96695860825e-05, 6.03797088843e-05, 3.95061142626e-05, 1.61123225553e-05, 5.5019620504e-07],
        "min": [2.70793426784e-24, 3.38818914236e-24, 1.08891056002e-24, 2.43232165034e-24, 7.60574719743e-24, 1.0716768483e-23, 7.81109163536e-24, 7.39993575384e-24, 2.01793049247e-23, 1.94347669583e-23, 2.31418247226e-23, 2.62453265861e-23, 2.66964792932e-23, 2.99634867787e-23, 4.14042292021e-23, 5.58366477224e-23, 5.71909073265e-23, 1.46628479462e-22, 1.40147463322e-22, 2.04865511012e-22, 2.66850161976e-22, 3.81018857967e-22, 3.73941677553e-22, 6.99537263533e-22, 8.9715068158e-22, 1.33582469467e-21, 2.04490841209e-21],
        "var": [2.34485341934e-05, 0.00299011263996, 0.000114349270007, 1.72078398464e-05, 9.65046638157e-05, 2.85497253572e-06, 2.36519736063e-06, 3.70029420083e-06, 6.81905385136e-06, 3.42522503161e-06, 4.30501586379e-06, 1.00437921446e-06, 2.05407422982e-06, 8.07651076684e-07, 1.31239892198e-06, 1.84939790415e-06, 6.82555196363e-07, 3.70217890122e-07, 3.31833916789e-07, 3.16104433296e-07, 2.21165294079e-07, 2.03750019523e-07, 9.69365743231e-08, 8.16933720671e-08, 4.28312993961e-08, 1.42657698987e-08, 8.01681013241e-11]
    },
    "erbbands": {
        "dmean": [0.825290083885, 3.05328178406, 4.91769504547, 5.77294921875, 7.31591510773, 9.42636299133, 4.15312576294, 5.45164442062, 6.43593454361, 10.3044710159, 11.4968500137, 18.6471042633, 12.3164634705, 14.1566257477, 22.6989994049, 14.3813514709, 21.639175415, 15.4993686676, 15.7152824402, 18.5393352509, 17.8295040131, 14.3554868698, 13.889295578, 12.5665149689, 9.81040382385, 9.24224758148, 6.94078350067, 5.10029506683, 5.26988458633, 4.22115564346, 2.63657784462, 1.95857906342, 1.50388503075, 0.873375177383, 0.481042742729, 0.231154605746, 0.0682940483093, 0.00947560649365, 0.000485052354634, 2.92052154691e-05],
        "dmean2": [0.985005915165, 4.80093669891, 8.4425907135, 10.5705966949, 11.7858991623, 14.6497068405, 6.77955961227, 8.44069099426, 10.0304307938, 16.1887779236, 18.7489871979, 27.0544471741, 18.3068447113, 20.8415184021, 34.4483566284, 22.4457111359, 32.9417076111, 23.8451538086, 24.6777534485, 29.2301006317, 27.3615150452, 22.5331249237, 22.7435283661, 20.9371395111, 16.0367336273, 15.4611406326, 11.2540130615, 8.13154888153, 8.79704666138, 7.16189146042, 4.31059885025, 3.07073998451, 2.27975988388, 1.3350301981, 0.69248944521, 0.337277263403, 0.102652691305, 0.0143384225667, 0.000767696648836, 4.41730298917e-05],
        "dvar": [2.73100280762, 37.9781188965, 177.310913086, 295.134490967, 431.708465576, 1334.20422363, 125.313316345, 117.03679657, 210.067871094, 691.817626953, 1250.83654785, 2126.55639648, 1297.01733398, 1832.15466309, 2990.43676758, 717.252929688, 1810.24926758, 1031.16235352, 860.295593262, 1434.27526855, 1198.93164062, 720.385681152, 628.739074707, 505.63092041, 421.933624268, 388.483459473, 190.298797607, 94.7601699829, 153.70425415, 118.034309387, 32.4010658264, 18.596452713, 11.6395215988, 3.52849936485, 1.0862711668, 0.303023040295, 0.0255927350372, 0.00049303821288, 1.36879168622e-06, 2.61605292984e-09],
        "dvar2": [4.37535095215, 82.3794174194, 479.054443359, 862.143310547, 976.163513184, 3303.49804688, 342.355682373, 289.605895996, 497.6065979, 1660.59277344, 3331.52563477, 4523.22314453, 3190.20166016, 3514.01733398, 6871.43310547, 1651.3190918, 4027.45385742, 2387.35864258, 2115.16845703, 3727.69604492, 2557.0925293, 1751.22412109, 1647.02612305, 1318.80615234, 1008.31768799, 965.57043457, 438.452514648, 228.920257568, 390.912872314, 324.199005127, 83.1880340576, 42.0863838196, 24.8308029175, 8.11358737946, 2.11365032196, 0.679317593575, 0.0562442913651, 0.00107620132621, 3.2256148188e-06, 5.38513766912e-09],
        "max": [15.6457738876, 70.3553619385, 110.105232239, 122.019348145, 343.510498047, 485.845123291, 236.312423706, 182.786407471, 320.679901123, 649.185302734, 500.635955811, 914.353027344, 1246.97558594, 1223.00756836, 984.327575684, 421.402374268, 945.562683105, 717.552856445, 462.722930908, 898.900085449, 896.152099609, 606.280517578, 664.506896973, 487.6612854, 643.581420898, 879.614868164, 490.505462646, 307.608154297, 354.010803223, 249.866714478, 167.211166382, 102.237319946, 93.3963241577, 20.8886470795, 14.5798387527, 9.73948478699, 2.52648544312, 0.304027885199, 0.0189664382488, 0.000553671678063],
        "mean": [1.31369066238, 5.19335889816, 5.78616142273, 6.06104755402, 9.07651424408, 11.1955070496, 6.61688804626, 9.7190656662, 10.223815918, 15.4974756241, 15.8840875626, 31.9589099884, 21.4522800446, 25.6250953674, 35.4973068237, 24.4691982269, 35.9163398743, 26.5975856781, 27.4934844971, 33.7870597839, 34.6570587158, 28.194896698, 25.9580936432, 22.0628890991, 18.8310241699, 18.8945674896, 15.0343723297, 11.0669956207, 8.70975589752, 6.61670637131, 4.92167329788, 3.74614048004, 2.70383834839, 1.55281496048, 0.810217618942, 0.356692373753, 0.0990322306752, 0.013643831946, 0.000623026804533, 7.73997744545e-05],
        "median": [0.194812893867, 1.26354694366, 2.30966997147, 2.08375263214, 1.93942332268, 1.85229110718, 2.34469270706, 3.24526762962, 3.67269945145, 4.38041210175, 5.25071239471, 8.46418190002, 7.96779441833, 7.02301597595, 9.55245876312, 10.7064762115, 14.4500675201, 12.1364917755, 12.6413173676, 15.8628921509, 16.2262382507, 14.9268140793, 13.7601737976, 12.1279706955, 11.0656394958, 10.3602313995, 8.52326583862, 6.08465862274, 3.26445770264, 2.38048934937, 1.93607282639, 1.37850499153, 0.929749369621, 0.522308528423, 0.235822945833, 0.0910402685404, 0.0235030017793, 0.00341125484556, 0.00013245709124, 4.93764127896e-05],
        "min": [1.0641758855e-22, 3.85570875691e-22, 1.11379192953e-21, 9.53572598461e-21, 1.5432710304e-20, 2.67152454485e-20, 6.84387072971e-20, 7.10673257251e-20, 1.36997833997e-19, 2.17445077675e-19, 2.30810403519e-19, 4.66078121468e-19, 5.35545628189e-19, 8.31090281718e-19, 1.06748226737e-18, 1.33119106556e-18, 1.47729122087e-18, 2.40631286287e-18, 3.1135826855e-18, 2.76025352082e-18, 4.95888986961e-18, 4.14684831663e-18, 7.07624310872e-18, 8.51036749573e-18, 8.62205838512e-18, 8.19608683944e-18, 9.86976686775e-18, 1.07011330142e-17, 1.26693249094e-17, 1.31361112008e-17, 1.20015833599e-17, 1.16964968161e-17, 1.1239705348e-17, 9.13314764302e-18, 7.33786875594e-18, 3.66248857305e-18, 2.53707129936e-18, 1.04778947513e-18, 2.37371651837e-19, 2.98547965387e-20],
        "var": [6.83798408508, 82.349319458, 142.354049683, 187.848693848, 565.457641602, 1374.16210938, 161.227081299, 269.469482422, 361.224029541, 1241.1730957, 1323.3494873, 4895.20361328, 2028.82556152, 5332.22949219, 6280.52246094, 1578.08850098, 3950.28222656, 2059.7722168, 1821.28796387, 3470.40112305, 3684.22900391, 1700.61083984, 1277.72998047, 914.337646484, 785.198425293, 734.84967041, 482.433197021, 283.578796387, 280.088928223, 165.362304688, 66.8131484985, 39.9456787109, 22.1950111389, 6.44745969772, 2.10920524597, 0.449674963951, 0.0368987582624, 0.000697163573932, 1.7325647832e-06, 7.72905384139e-09]
    },
    "gfcc": {
        "mean": [-23.1887359619, 74.11353302, -118.351089478, 41.0784988403, -47.4891738892, 22.2426204681, -28.1762733459, 14.9900875092, -20.079574585, 7.64657402039, -12.3019275665, 1.09002268314, -8.01026821136],
        "cov": [[29023.3457031, -44.5534744263, 1826.52319336, 1594.9753418, -170.359405518, 1779.65197754, -458.080993652, 1166.97485352, -343.047729492, 289.012390137, -767.93548584, 400.721893311, -578.743164062], [-44.5534744263, 1765.99987793, 14.6978616714, 6.26777076721, 339.298950195, -30.4209003448, 222.064865112, -139.959747314, 102.686714172, -156.079986572, 163.073425293, -159.122756958, 93.1466140747], [1826.52319336, 14.6978616714, 2010.90112305, 633.294555664, 384.458221436, 724.440124512, 72.7819671631, 317.702423096, -58.8503189087, 2.77437353134, -146.270507812, 17.0520915985, -100.59210968], [1594.9753418, 6.26777076721, 633.294555664, 747.836303711, 282.990936279, 314.791320801, 17.9204235077, 133.751464844, 28.5072002411, -43.6688499451, -76.1826553345, -39.8138198853, -12.4913272858], [-170.359405518, 339.298950195, 384.458221436, 282.990936279, 507.149932861, 153.438186646, 111.500732422, 41.9857406616, 79.3215789795, -5.47933864594, 26.379737854, -32.10181427, 36.3816223145], [1779.65197754, -30.4209003448, 724.440124512, 314.791320801, 153.438186646, 599.250854492, 134.715805054, 213.20954895, -18.3985691071, 25.6088695526, -45.1939163208, 13.9257602692, -48.6593399048], [-458.080993652, 222.064865112, 72.7819671631, 17.9204235077, 111.500732422, 134.715805054, 310.273773193, 83.0611953735, 70.3818511963, 8.02797698975, 80.5178985596, -3.36694812775, 47.6477890015], [1166.97485352, -139.959747314, 317.702423096, 133.751464844, 41.9857406616, 213.20954895, 83.0611953735, 243.921173096, 59.7728996277, 52.6189002991, -40.5379333496, 37.9502182007, -14.864066124], [-343.047729492, 102.686714172, -58.8503189087, 28.5072002411, 79.3215789795, -18.3985691071, 70.3818511963, 59.7728996277, 181.512664795, 49.5719871521, 64.1980819702, -6.5107960701, 44.6037063599], [289.012390137, -156.079986572, 2.77437353134, -43.6688499451, -5.47933864594, 25.6088695526, 8.02797698975, 52.6189002991, 49.5719871521, 164.316223145, 51.8790016174, 62.8659172058, -1.27214646339], [-767.93548584, 163.073425293, -146.270507812, -76.1826553345, 26.379737854, -45.1939163208, 80.5178985596, -40.5379333496, 64.1980819702, 51.8790016174, 158.247344971, 37.0937767029, 60.5816268921], [400.721893311, -159.122756958, 17.0520915985, -39.8138198853, -32.10181427, 13.9257602692, -3.36694812775, 37.9502182007, -6.5107960701, 62.8659172058, 37.0937767029, 125.050010681, 31.8362007141], [-578.743164062, 93.1466140747, -100.59210968, -12.4913272858, 36.3816223145, -48.6593399048, 47.6477890015, -14.864066124, 44.6037063599, -1.27214646339, 60.5816268921, 31.8362007141, 118.847335815]],
        "icov": [[0.000116268645797, -0.000285136484308, 0.000182548799785, -0.000279744563159, 0.000168348313309, -0.000273203273537, 0.000253560516285, -0.000400219374569, 0.000158319991897, -0.000336329074344, 0.000615600496531, -0.000761383387726, 0.000426804384915], [-0.000285136484308, 0.00173730985261, -0.000581778469495, 0.000949710665736, -0.000931352726184, 0.000660105026327, -0.000831753772218, 0.00120381056331, -0.000556706334464, 0.00181630707812, -0.00276770326309, 0.00300797331147, -0.00126989837736], [0.000182548799785, -0.000581778469495, 0.00145273853559, -0.000754515931476, -0.000259586318862, -0.00129834376276, 0.000719889416359, -0.00129593862221, 0.00076350470772, -0.000526121584699, 0.00126471347176, -0.00162134761922, 0.00108986010309], [-0.000279744563159, 0.000949710665736, -0.000754515931476, 0.00316941738129, -0.00144575128797, -0.00013229403703, 0.000143129771459, 0.000542229390703, -0.000902997911908, 0.00175708753522, -0.00143930513877, 0.00260900473222, -0.00162075459957], [0.000168348313309, -0.000931352726184, -0.000259586318862, -0.00144575128797, 0.0038076271303, -0.000385732157156, -0.000472606625408, 0.000604752276558, -0.000980473472737, -0.00129822187591, 0.00160351349041, -0.00119327800348, -2.39894361584e-05], [-0.000273203273537, 0.000660105026327, -0.00129834376276, -0.00013229403703, -0.000385732157156, 0.0049244989641, -0.00191905058455, -0.00124553183559, 0.0013665552251, 0.000265883951215, -0.00222747703083, 0.00217043352313, -0.000168660262716], [0.000253560516285, -0.000831753772218, 0.000719889416359, 0.000143129771459, -0.000472606625408, -0.00191905058455, 0.00652125338092, -0.00383719126694, 0.000661943806335, 0.000470406346722, -0.00225802161731, 6.16056568106e-05, -0.00033331810846], [-0.000400219374569, 0.00120381056331, -0.00129593862221, 0.000542229390703, 0.000604752276558, -0.00124553183559, -0.00383719126694, 0.0129219526425, -0.0062868418172, -0.000477494526422, 0.00407103262842, -0.00167227583006, -0.000745723198634], [0.000158319991897, -0.000556706334464, 0.00076350470772, -0.000902997911908, -0.000980473472737, 0.0013665552251, 0.000661943806335, -0.0062868418172, 0.011627767235, -0.00311888079159, -0.00356998038478, 0.00365338195115, -0.00198961305432], [-0.000336329074344, 0.00181630707812, -0.000526121584699, 0.00175708753522, -0.00129822187591, 0.000265883951215, 0.000470406346722, -0.000477494526422, -0.00311888079159, 0.0123274996877, -0.00642391387373, -0.00109955831431, 0.00180756638292], [0.000615600496531, -0.00276770326309, 0.00126471347176, -0.00143930513877, 0.00160351349041, -0.00222747703083, -0.00225802161731, 0.00407103262842, -0.00356998038478, -0.00642391387373, 0.019773568958, -0.00954447127879, -0.000153971021064], [-0.000761383387726, 0.00300797331147, -0.00162134761922, 0.00260900473222, -0.00119327800348, 0.00217043352313, 6.16056568106e-05, -0.00167227583006, 0.00365338195115, -0.00109955831431, -0.00954447127879, 0.020957980305, -0.00827495008707], [0.000426804384915, -0.00126989837736, 0.00108986010309, -0.00162075459957, -2.39894361584e-05, -0.000168660262716, -0.00033331810846, -0.000745723198634, -0.00198961305432, 0.00180756638292, -0.000153971021064, -0.00827495008707, 0.0152797745541]]
    },
    "melbands": {
        "dmean": [0.00572547130287, 0.0027509231586, 0.000980562297627, 0.000665293948259, 0.000178388101631, 0.000120680131658, 9.76993469521e-05, 0.000118503608974, 9.69094617176e-05, 0.00011985484889, 6.15078170085e-05, 5.73742509005e-05, 7.16239301255e-05, 4.07864899898e-05, 4.69787300972e-05, 5.49728247279e-05, 2.8504005968e-05, 2.57684005192e-05, 2.78366787825e-05, 3.27773377649e-05, 1.93578816834e-05, 1.76560442924e-05, 1.26900076793e-05, 1.17725130622e-05, 1.10900637083e-05, 8.75593923411e-06, 6.78315518599e-06, 6.7445471359e-06, 5.0164176173e-06, 3.74457090402e-06, 2.93555854114e-06, 3.31665091835e-06, 3.01582258544e-06, 2.2711760721e-06, 1.64486607446e-06, 1.37820939017e-06, 1.27423118101e-06, 1.16442231501e-06, 8.90854948921e-07, 7.4320200838e-07],
        "dmean2": [0.00734374206513, 0.00429845694453, 0.00174543168396, 0.00103669858072, 0.000295462319627, 0.00018741308304, 0.000151286527398, 0.000188092089957, 0.000155012327014, 0.000173031963641, 9.16618737392e-05, 8.51007789606e-05, 0.000108482963697, 6.33986128378e-05, 7.09211963112e-05, 8.43212619657e-05, 4.41094271082e-05, 4.01225624955e-05, 4.42241835117e-05, 5.17817716172e-05, 2.93518769467e-05, 2.77151211776e-05, 2.04063999263e-05, 1.94216918317e-05, 1.846858504e-05, 1.46639131344e-05, 1.12533516585e-05, 1.13315772978e-05, 8.15552630229e-06, 6.03237504038e-06, 4.75269871458e-06, 5.49206788492e-06, 5.2269419939e-06, 3.80364667762e-06, 2.68553640126e-06, 2.28340945796e-06, 1.9879237243e-06, 1.80267829819e-06, 1.38544919537e-06, 1.15629291031e-06],
        "dvar": [0.000129836771521, 3.20857325278e-05, 7.70488986745e-06, 5.59658019483e-06, 2.96161346114e-07, 5.34244470884e-08, 4.45624337431e-08, 1.07232040136e-07, 8.05083999467e-08, 9.32066868131e-08, 3.51324160874e-08, 3.01892555399e-08, 2.5249518032e-08, 6.73676670004e-09, 1.11384554913e-08, 1.40085880673e-08, 4.50185622114e-09, 2.44336817445e-09, 4.29612612152e-09, 4.46897674422e-09, 1.72999525816e-09, 1.30739152837e-09, 4.76053640952e-10, 4.24001944666e-10, 4.16540385517e-10, 3.53167328715e-10, 1.68528038746e-10, 2.16467357927e-10, 1.08089891204e-10, 6.06894257071e-11, 3.04329929313e-11, 5.62510801827e-11, 6.92882556885e-11, 2.87619945222e-11, 1.14583793842e-11, 1.16295410801e-11, 7.65119131246e-12, 7.55507722355e-12, 3.83068360019e-12, 2.5491533797e-12],
        "dvar2": [0.000231898244238, 7.7180142398e-05, 2.21455175051e-05, 1.23186982819e-05, 8.27685198601e-07, 1.34306390009e-07, 1.03115219474e-07, 2.64755158241e-07, 2.03545738486e-07, 1.9704070553e-07, 8.4555360047e-08, 5.84573633944e-08, 5.76571821398e-08, 1.59025042024e-08, 2.32036665437e-08, 3.24942703855e-08, 1.04074260321e-08, 5.86483306364e-09, 1.06071649242e-08, 1.04636947995e-08, 3.5455089975e-09, 3.13048031941e-09, 1.17383436304e-09, 1.09119868696e-09, 1.07806419347e-09, 8.86368034525e-10, 4.2588127469e-10, 5.33986410645e-10, 2.50159587489e-10, 1.56006874086e-10, 7.59632426406e-11, 1.4112321034e-10, 1.89510782067e-10, 7.81609083012e-11, 2.95784161053e-11, 2.96413969758e-11, 1.73216389149e-11, 1.63754131782e-11, 8.93833704968e-12, 5.99544502586e-12],
        "max": [0.107891976833, 0.0498532243073, 0.0216983743012, 0.0333474650979, 0.00925266556442, 0.00362142524682, 0.00449365517125, 0.00718677928671, 0.00523872114718, 0.00640088459477, 0.00666387612, 0.0053271735087, 0.00261963275261, 0.00124200701248, 0.00304663181305, 0.00235064513981, 0.00144801835995, 0.000831196608488, 0.00177044596057, 0.00174007588066, 0.00113146915101, 0.000832345685922, 0.000424864847446, 0.000472629792057, 0.000437684968347, 0.000524543691427, 0.000366551539628, 0.000637880060822, 0.000349368347088, 0.000245847710175, 0.00015207134129, 0.000206026321393, 0.000213119012187, 0.000107873202069, 9.10207236302e-05, 9.07314097276e-05, 5.92572068854e-05, 8.46741895657e-05, 3.01647505694e-05, 1.87107107195e-05],
        "mean": [0.0099232736975, 0.00431468617171, 0.00111415807623, 0.000825824739877, 0.000266869901679, 0.000214586136281, 0.000155970148626, 0.000169031118276, 0.000133178036776, 0.000205883596209, 0.000102630350739, 0.000100169156212, 0.000113581525511, 6.39469071757e-05, 7.59152244427e-05, 8.26941759442e-05, 4.48356549896e-05, 4.09995554946e-05, 4.52842286904e-05, 5.52634883206e-05, 3.59164114343e-05, 3.14284916385e-05, 2.29239085456e-05, 2.07870889426e-05, 1.75672248588e-05, 1.42075969052e-05, 1.31272627186e-05, 1.24319767565e-05, 9.97735878627e-06, 7.5392895269e-06, 5.81813492317e-06, 5.18045681019e-06, 4.02854129788e-06, 3.53321797775e-06, 2.94373853649e-06, 2.40355825554e-06, 2.25702683565e-06, 1.98648876903e-06, 1.51216590893e-06, 1.25521455629e-06],
        "median": [0.00187841872685, 0.00183632422704, 0.000398529606173, 0.000150966719957, 9.01730672922e-05, 7.63270290918e-05, 5.21896872669e-05, 4.24634272349e-05, 3.56445998477e-05, 5.14544190082e-05, 3.38310201187e-05, 2.2306383471e-05, 2.92819204333e-05, 2.28765547945e-05, 3.01734471577e-05, 1.97703302547e-05, 1.56252099259e-05, 1.62489741342e-05, 1.5769390302e-05, 1.88483118109e-05, 1.49599018187e-05, 1.39386775118e-05, 1.17976469483e-05, 1.07220548671e-05, 8.51462755236e-06, 7.53020685806e-06, 6.64068920742e-06, 6.36192089587e-06, 5.31359637534e-06, 4.15298791268e-06, 2.78988477476e-06, 1.75314858097e-06, 1.32041975576e-06, 1.21770574424e-06, 1.15107366128e-06, 8.72975817856e-07, 7.74048714902e-07, 6.54611312711e-07, 5.04990225636e-07, 4.01570162012e-07],
        "min": [1.77666543099e-24, 4.8823597361e-25, 1.95479988694e-24, 1.73590893232e-24, 2.30418500135e-24, 1.54940623989e-24, 2.37273484465e-24, 2.01658800898e-24, 2.18364449124e-24, 3.11969461403e-24, 2.5509483839e-24, 2.84853748292e-24, 3.30770659458e-24, 2.70596467937e-24, 2.87806947699e-24, 2.96007511796e-24, 3.64818231393e-24, 4.96040707027e-24, 3.83598130204e-24, 4.04739247477e-24, 5.11006936677e-24, 2.73999022236e-24, 4.50970243612e-24, 6.66625724666e-24, 6.00866042948e-24, 5.91314554551e-24, 6.3679554118e-24, 3.88497153641e-24, 5.35665939714e-24, 5.80257406787e-24, 5.28130267031e-24, 6.09743134158e-24, 6.88622006602e-24, 6.09098516469e-24, 6.77706301599e-24, 6.92206827214e-24, 6.38047818424e-24, 7.16641320437e-24, 7.87781270186e-24, 7.56821556214e-24],
        "var": [0.000336759432685, 4.83551193611e-05, 5.37284586244e-06, 7.07569279257e-06, 2.99874869825e-07, 1.18510307345e-07, 8.19888796855e-08, 1.69298630226e-07, 9.98058879986e-08, 2.17671285441e-07, 5.56374502025e-08, 8.77521628695e-08, 5.6230714307e-08, 1.35906326193e-08, 2.62765276204e-08, 2.75373128744e-08, 8.61536975094e-09, 4.80060391439e-09, 1.13592033557e-08, 1.32950752629e-08, 5.598878694e-09, 2.92248181211e-09, 1.01420527532e-09, 8.28149548937e-10, 7.05650538002e-10, 5.86095616484e-10, 3.36172645277e-10, 3.67098823562e-10, 2.347245176e-10, 1.37078556839e-10, 8.51683307213e-11, 1.04714376059e-10, 8.22506784903e-11, 4.49844744788e-11, 2.40683410702e-11, 1.90709236597e-11, 1.53078574122e-11, 1.32915753057e-11, 6.47717253097e-12, 4.44482254822e-12]
    },
    "mfcc": {
        "mean": [-655.841003418, 98.5468063354, -1.69392883778, 24.9995822906, 8.77425861359, 10.7235994339, 9.04239749908, 7.92622566223, 5.03620529175, 6.45579814911, 1.40220212936, 5.00918722153, 1.43518972397],
        "cov": [[15762.6777344, 620.550231934, 619.841186523, 854.338623047, 473.041015625, 522.372131348, 199.109024048, 330.324829102, 374.006011963, 143.571166992, 12.4240684509, 59.7159156799, 34.0632209778], [620.550231934, 1545.96789551, 103.566093445, 88.3092575073, 168.164093018, 160.889862061, 181.722396851, 115.740737915, 45.4021148682, 49.4993743896, 39.1770973206, 37.4260139465, -31.3806533813], [619.841186523, 103.566093445, 1091.56848145, 245.667800903, 262.983520508, 280.59475708, 223.71333313, 214.063522339, 114.353775024, 74.1748504639, 79.236000061, -64.4490814209, 1.16253471375], [854.338623047, 88.3092575073, 245.667800903, 545.649230957, 316.30871582, 176.905548096, 89.3247451782, 103.085891724, 113.16418457, 60.0266723633, -13.0871648788, -16.4722137451, -13.1784248352], [473.041015625, 168.164093018, 262.983520508, 316.30871582, 398.370910645, 189.350418091, 78.6591567993, 84.9945373535, 82.8857574463, 56.0954170227, 15.0981264114, -20.2130489349, -3.9783873558], [522.372131348, 160.889862061, 280.59475708, 176.905548096, 189.350418091, 312.494567871, 195.050842285, 127.291519165, 71.933052063, 63.0847816467, 40.9406929016, 9.19605350494, 2.84198093414], [199.109024048, 181.722396851, 223.71333313, 89.3247451782, 78.6591567993, 195.050842285, 258.349609375, 154.465393066, 75.9591445923, 51.0455093384, 35.2275314331, 19.9328746796, 19.7128143311], [330.324829102, 115.740737915, 214.063522339, 103.085891724, 84.9945373535, 127.291519165, 154.465393066, 201.93019104, 110.767082214, 67.8625259399, 29.1613006592, 1.56025207043, 17.1195583344], [374.006011963, 45.4021148682, 114.353775024, 113.16418457, 82.8857574463, 71.933052063, 75.9591445923, 110.767082214, 153.078933716, 88.0617141724, 30.3562316895, 8.46157073975, 9.56419277191], [143.571166992, 49.4993743896, 74.1748504639, 60.0266723633, 56.0954170227, 63.0847816467, 51.0455093384, 67.8625259399, 88.0617141724, 132.616729736, 64.7018585205, 17.6538467407, 7.0996465683], [12.4240684509, 39.1770973206, 79.236000061, -13.0871648788, 15.0981264114, 40.9406929016, 35.2275314331, 29.1613006592, 30.3562316895, 64.7018585205, 122.721191406, 52.9427833557, 20.8352108002], [59.7159156799, 37.4260139465, -64.4490814209, -16.4722137451, -20.2130489349, 9.19605350494, 19.9328746796, 1.56025207043, 8.46157073975, 17.6538467407, 52.9427833557, 119.145317078, 56.7640533447], [34.0632209778, -31.3806533813, 1.16253471375, -13.1784248352, -3.9783873558, 2.84198093414, 19.7128143311, 17.1195583344, 9.56419277191, 7.0996465683, 20.8352108002, 56.7640533447, 102.56627655]],
