{
"lowlevel": {
    "average_loudness": 0.750969052315,
    "barkbands_crest": {
        "dmean": 2.79167556763,
        "dmean2": 4.50646924973,
        "dvar": 8.88528156281,
        "dvar2": 22.8343544006,
        "max": 26.2201766968,
        "mean": 11.971985817,
        "median": 11.4960613251,
        "min": 2.06354355812,
        "var": 30.1031837463
    },
    "barkbands_flatness_db": {
        "dmean": 0.0253385677934,
        "dmean2": 0.0398871302605,
        "dvar": 0.000731611449737,
        "dvar2": 0.00188178755343,
        "max": 0.37326207757,
        "mean": 0.131338626146,
        "median": 0.116669774055,
        "min": 0.0117759313434,
        "var": 0.00474208826199
    },
    "barkbands_kurtosis": {
        "dmean": 3.4659743309,
        "dmean2": 5.55163049698,
        "dvar": 48.8121185303,
        "dvar2": 118.340187073,
        "max": 174.363067627,
        "mean": 5.86991024017,
        "median": 1.55416512489,
        "min": -1.87327671051,
        "var": 127.712158203
    },
    "barkbands_skewness": {
        "dmean": 0.643120408058,
        "dmean2": 1.01526749134,
        "dvar": 0.606807410717,
        "dvar2": 1.54135012627,
        "max": 11.9480676651,
        "mean": 1.69415557384,
        "median": 1.41623711586,
        "min": -3.48628354073,
        "var": 2.97182130814
    },
    "barkbands_spread": {
        "dmean": 8.10895252228,
        "dmean2": 13.2211580276,
        "dvar": 97.3812942505,
        "dvar2": 261.286132812,
        "max": 96.9214324951,
        "mean": 29.9936008453,
        "median": 28.0007820129,
        "min": 1.04705417156,
        "var": 332.770690918
    },
    "dissonance": {
        "dmean": 0.0134401349351,
        "dmean2": 0.0227283407003,
        "dvar": 0.000188046658877,
        "dvar2": 0.000512489932589,
        "max": 0.500000059605,
        "mean": 0.474922209978,
        "median": 0.481000214815,
        "min": 0.339492619038,
        "var": 0.00045810334268
    },
    "dynamic_complexity": 4.00836515427,
    "erbbands_crest": {
        "dmean": 2.07482147217,
        "dmean2": 3.43208384514,
        "dvar": 4.64860343933,
        "dvar2": 11.9113349915,
        "max": 30.8748817444,
        "mean": 7.15737581253,
        "median": 6.2124080658,
        "min": 2.08402514458,
        "var": 13.3634090424
    },
    "erbbands_flatness_db": {
        "dmean": 0.014003161341,
        "dmean2": 0.0215111393481,
        "dvar": 0.000200692025828,
        "dvar2": 0.0004680781567,
        "max": 0.384977370501,
        "mean": 0.126386463642,
        "median": 0.116204097867,
        "min": 0.0368018820882,
        "var": 0.00203118124045
    },
    "erbbands_kurtosis": {
        "dmean": 0.64797860384,
        "dmean2": 1.05038630962,
        "dvar": 0.73134881258,
        "dvar2": 1.82074475288,
        "max": 25.1664180756,
        "mean": 0.00957912392914,
        "median": -0.250040054321,
        "min": -1.6826416254,
        "var": 1.63234090805
    },
    "erbbands_skewness": {
        "dmean": 0.301167279482,
        "dmean2": 0.485728174448,
        "dvar": 0.086864605546,
        "dvar2": 0.218565091491,
        "max": 4.33301782608,
        "mean": -0.108567662537,
        "median": -0.186272084713,
        "min": -3.04370260239,
        "var": 0.390052199364
    },
    "erbbands_spread": {
        "dmean": 9.14470005035,
        "dmean2": 14.5286207199,
        "dvar": 115.437324524,
        "dvar2": 295.002593994,
        "max": 140.609191895,
        "mean": 45.7246398926,
        "median": 41.2747573853,
        "min": 5.80472517014,
        "var": 401.583404541
    },
    "hfc": {
        "dmean": 11.8501272202,
        "dmean2": 19.9857368469,
        "dvar": 488.882171631,
        "dvar2": 1411.17675781,
        "max": 254.141769409,
        "mean": 31.8208255768,
        "median": 24.7750930786,
        "min": 1.05771843008e-16,
        "var": 1039.92626953
    },
    "melbands_crest": {
        "dmean": 3.5853805542,
        "dmean2": 5.78292751312,
        "dvar": 15.6968193054,
        "dvar2": 39.2131500244,
        "max": 38.3032455444,
        "mean": 18.4378089905,
        "median": 17.5728569031,
        "min": 1.08960604668,
        "var": 79.2210998535
    },
    "melbands_flatness_db": {
        "dmean": 0.0325740203261,
        "dmean2": 0.05131662637,
        "dvar": 0.00134222966153,
        "dvar2": 0.00352935888804,
        "max": 0.469882786274,
        "mean": 0.189549565315,
        "median": 0.179175302386,
        "min": 0.000131754291942,
        "var": 0.00870600901544
    },
    "melbands_kurtosis": {
        "dmean": 11.8190879822,
        "dmean2": 18.8153953552,
        "dvar": 588.780700684,
        "dvar2": 1452.30371094,
        "max": 767.133117676,
        "mean": 22.0001964569,
        "median": 10.3312454224,
        "min": -1.74976432323,
        "var": 1102.56213379
    },
    "melbands_skewness": {
        "dmean": 1.00867712498,
        "dmean2": 1.57537531853,
        "dvar": 1.66251325607,
        "dvar2": 4.15808868408,
        "max": 25.6403942108,
        "mean": 3.43412876129,
        "median": 2.97869610786,
        "min": -1.49836373329,
        "var": 5.9085726738
    },
    "melbands_spread": {
        "dmean": 10.6856775284,
        "dmean2": 17.5302581787,
        "dvar": 211.827316284,
        "dvar2": 566.927001953,
        "max": 183.52494812,
        "mean": 32.075958252,
        "median": 23.4059677124,
        "min": 0.685444176197,
        "var": 924.05267334
    },
    "pitch_salience": {
        "dmean": 0.0828709676862,
        "dmean2": 0.131690859795,
        "dvar": 0.00784169789404,
        "dvar2": 0.0199800934643,
        "max": 0.997571468353,
        "mean": 0.474226981401,
        "median": 0.476466953754,
        "min": 0.0358077846467,
        "var": 0.0293353125453
    },
    "silence_rate_20dB": {
        "dmean": 0,
        "dmean2": 0,
        "dvar": 0,
        "dvar2": 0,
        "max": 1,
        "mean": 1,
        "median": 1,
        "min": 1,
        "var": 0
    },
    "silence_rate_30dB": {
        "dmean": 0.0192048829049,
        "dmean2": 0.0384132117033,
        "dvar": 0.0188349932432,
        "dvar2": 0.0464491248131,
        "max": 1,
        "mean": 0.980168700218,
        "median": 1,
        "min": 0,
        "var": 0.0194392185658
    },
    "silence_rate_60dB": {
        "dmean": 0.00502557680011,
        "dmean2": 0.0100520551205,
        "dvar": 0.00500087812543,
        "dvar2": 0.0113857593387,
        "max": 1,
        "mean": 0.130294322968,
        "median": 0,
        "min": 0,
        "var": 0.113309524953
    },
    "spectral_centroid": {
        "dmean": 320.469451904,
        "dmean2": 524.380310059,
        "dvar": 150440.0625,
        "dvar2": 388761.15625,
        "max": 11779.6933594,
        "mean": 2170.97558594,
        "median": 1942.34130859,
        "min": 257.572875977,
        "var": 3415940.5
    },
    "spectral_complexity": {
        "dmean": 5.490442276,
        "dmean2": 8.71674728394,
        "dvar": 45.2193870544,
        "dvar2": 107.698867798,
        "max": 64,
        "mean": 21.4799900055,
        "median": 19,
        "min": 0,
        "var": 220.412704468
    },
    "spectral_decrease": {
        "dmean": 2.6394335606e-09,
        "dmean2": 3.98492927545e-09,
        "dvar": 1.25075838026e-17,
        "dvar2": 3.17089397695e-17,
        "max": 2.60918633297e-28,
        "mean": -8.92763551974e-09,
        "median": -7.44890193971e-09,
        "min": -4.75666617206e-08,
        "var": 5.25006174657e-17
    },
    "spectral_energy": {
        "dmean": 0.0103370323777,
        "dmean2": 0.0156085127965,
        "dvar": 0.000183971860679,
        "dvar2": 0.000470559345558,
        "max": 0.181422278285,
        "mean": 0.0365812443197,
        "median": 0.0307385250926,
        "min": 9.84474499026e-21,
        "var": 0.000816714833491
    },
    "spectral_energyband_high": {
        "dmean": 0.00112946273293,
        "dmean2": 0.00191485066898,
        "dvar": 4.55115969089e-06,
        "dvar2": 1.30863663799e-05,
        "max": 0.0249513555318,
        "mean": 0.00236401101574,
        "median": 0.00146447820589,
        "min": 6.93542960688e-21,
        "var": 8.37678817334e-06
    },
    "spectral_energyband_low": {
        "dmean": 0.00899174809456,
        "dmean2": 0.0135898320004,
        "dvar": 0.00019409043307,
        "dvar2": 0.000489530328196,
        "max": 0.173842042685,
        "mean": 0.022529810667,
        "median": 0.0148898027837,
        "min": 6.94731970972e-24,
        "var": 0.000601640669629
    },
    "spectral_energyband_middle_high": {
        "dmean": 0.00204155500978,
        "dmean2": 0.00342173757963,
        "dvar": 1.22000819829e-05,
        "dvar2": 3.4216172935e-05,
        "max": 0.0625375807285,
        "mean": 0.00519140670076,
        "median": 0.00342371105216,
        "min": 1.05313279208e-21,
        "var": 3.04213172058e-05
    },
    "spectral_energyband_middle_low": {
        "dmean": 0.00436385255307,
        "dmean2": 0.0071598184295,
        "dvar": 7.11405009497e-05,
        "dvar2": 0.000185679236893,
        "max": 0.107540041208,
        "mean": 0.00773892272264,
        "median": 0.00530472118407,
        "min": 1.50037242096e-22,
        "var": 8.33530066302e-05
    },
    "spectral_entropy": {
        "dmean": 0.147238492966,
        "dmean2": 0.236627489328,
        "dvar": 0.0283210333437,
        "dvar2": 0.0755784660578,
        "max": 9.82609272003,
        "mean": 7.92638921738,
        "median": 7.98831701279,
        "min": 6.08117723465,
        "var": 0.305134028196
    },
    "spectral_flux": {
        "dmean": 0.023460989818,
        "dmean2": 0.0366296730936,
        "dvar": 0.000782473303843,
        "dvar2": 0.00167155312374,
        "max": 0.345988571644,
        "mean": 0.0883735790849,
        "median": 0.0851208791137,
        "min": 6.2469480977e-11,
        "var": 0.00381433404982
    },
    "spectral_kurtosis": {
        "dmean": 0.990143477917,
        "dmean2": 1.69490492344,
        "dvar": 1.57992935181,
        "dvar2": 4.80335855484,
        "max": 25.1243953705,
        "mean": 3.15944361687,
        "median": 2.7196559906,
        "min": -1.26599884033,
        "var": 5.15542268753
    },
    "spectral_rms": {
        "dmean": 0.000786749413237,
        "dmean2": 0.00118626770563,
        "dvar": 8.33896365293e-07,
        "dvar2": 2.08983124139e-06,
        "max": 0.0133040351793,
        "mean": 0.00535184610635,
        "median": 0.00547620374709,
        "min": 3.09913357997e-12,
        "var": 7.04687681718e-06
    },
    "spectral_rolloff": {
        "dmean": 839.85369873,
        "dmean2": 1406.80151367,
        "dvar": 1625475.5,
        "dvar2": 4172848.75,
        "max": 19745.9472656,
        "mean": 2553.96166992,
        "median": 1507.32421875,
        "min": 43.06640625,
        "var": 13581023
    },
    "spectral_skewness": {
        "dmean": 0.147599726915,
        "dmean2": 0.245060309768,
        "dvar": 0.0225480366498,
        "dvar2": 0.0633237659931,
        "max": 3.74136376381,
        "mean": 1.29173266888,
        "median": 1.26281929016,
        "min": -0.108467690647,
        "var": 0.179481863976
    },
    "spectral_spread": {
        "dmean": 588719.6875,
        "dmean2": 924395.4375,
        "dvar": 607779094528,
        "dvar2": 1.3859356672e+12,
        "max": 42902564,
        "mean": 6550901.5,
        "median": 5410882,
        "min": 1690563.875,
        "var": 4.44341545861e+13
    },
    "spectral_strongpeak": {
        "dmean": 0.306196153164,
        "dmean2": 0.532237768173,
        "dvar": 0.536721944809,
        "dvar2": 1.42396056652,
        "max": 10.4941482544,
        "mean": 0.570645987988,
        "median": 0.371607840061,
        "min": 0,
        "var": 0.677623093128
    },
    "zerocrossingrate": {
        "dmean": 0.0133608002216,
        "dmean2": 0.0164655782282,
        "dvar": 0.000230331948842,
        "dvar2": 0.000314355303999,
        "max": 0.8251953125,
        "mean": 0.0896835178137,
        "median": 0.0703125,
        "min": 0.001953125,
        "var": 0.00874532666057
    },
    "barkbands": {
        "dmean": [0.000748177233618, 0.00687210634351, 0.0025800652802, 0.00214632670395, 0.0015170261031, 0.000801150104962, 0.000544148730114, 0.000531327794306, 0.000692026456818, 0.000356883101631, 0.000346887100022, 0.000391082925489, 0.000260142871412, 0.000299356819596, 0.000303182663629, 0.000372659298591, 0.000301849737298, 0.000323446001858, 0.000295525183901, 0.00031353867962, 0.00029788291431, 0.00022145951516, 0.000195661632461, 0.000151167536387, 0.000181413837709, 0.000131582681206, 2.275476254e-05],
        "dmean2": [0.000924246851355, 0.0103055275977, 0.00425307545811, 0.00372306327336, 0.00262520508841, 0.00130574114155, 0.000885090907104, 0.000901053776033, 0.00112620042637, 0.000593540433329, 0.000571245327592, 0.000654072267935, 0.000439543509856, 0.000501327624079, 0.000508951139636, 0.000623551139142, 0.00051338924095, 0.000563008128665, 0.00049305713037, 0.000524185888935, 0.000512811297085, 0.00038074911572, 0.00033564856858, 0.000247815449256, 0.000311771931592, 0.000221633687033, 3.9391208702e-05],
        "dvar": [4.17142518927e-06, 0.000142677105032, 4.38205461251e-05, 3.61469501513e-05, 1.40934444062e-05, 2.90509228762e-06, 1.7209207499e-06, 2.3847940156e-06, 3.18425963997e-06, 1.17713148029e-06, 8.6755051143e-07, 7.62708907587e-07, 3.14456769956e-07, 4.86533735966e-07, 4.36049873542e-07, 7.01302781181e-07, 3.26720424937e-07, 4.07807249303e-07, 2.5413601179e-07, 2.66000881766e-07, 2.71631051874e-07, 1.87777544625e-07, 1.54678104991e-07, 7.21053581287e-08, 1.73673129211e-07, 8.23394330496e-08, 3.64544217035e-09],
        "dvar2": [5.52498931938e-06, 0.000343454157701, 0.000108206528239, 0.000101116100268, 3.95581919292e-05, 7.40588802728e-06, 4.29317242379e-06, 6.16441138845e-06, 8.50406740938e-06, 2.75071033684e-06, 2.01098873731e-06, 2.02043338504e-06, 8.22512049581e-07, 1.1966906186e-06, 1.17660340493e-06, 1.76256230588e-06, 8.6862723947e-07, 1.14063016099e-06, 6.48925833957e-07, 7.07017591139e-07, 7.73303270307e-07, 5.2746838719e-07, 4.41718015054e-07, 1.98907287086e-07, 5.04731644924e-07, 2.233540215e-07, 1.01609769487e-08],
        "max": [0.0358267612755, 0.171256154776, 0.084670111537, 0.0929875075817, 0.079133681953, 0.0318763405085, 0.0311857592314, 0.0379410125315, 0.039993993938, 0.0381539911032, 0.0428187958896, 0.0137880649418, 0.0133372992277, 0.0194600317627, 0.0123409610242, 0.0233550146222, 0.0102823097259, 0.0108733493835, 0.00746122887358, 0.00795619282871, 0.00744651677087, 0.00827227067202, 0.00679787015542, 0.00363883096725, 0.00482429889962, 0.00368513492867, 0.00123748136684],
        "mean": [0.00258166342974, 0.0160586796701, 0.00271018175408, 0.00225928565487, 0.00169026257936, 0.0011600961443, 0.000781350885518, 0.000650208850857, 0.00108913588338, 0.000477986002807, 0.000504773575813, 0.000536654901225, 0.000362448015949, 0.000440339383204, 0.000478626054246, 0.000608332862612, 0.000475243141409, 0.000485459255287, 0.000529162236489, 0.000632293114904, 0.000534142425749, 0.000372142763808, 0.000327009242028, 0.000285490386887, 0.000302368454868, 0.000222895105253, 2.50671037065e-05],
        "median": [6.99273950886e-05, 0.00949339009821, 0.000743484357372, 0.00050439289771, 0.000614859163761, 0.000411786168115, 0.000219358145841, 0.000137776791235, 0.000308913760819, 0.000127451552544, 0.0001517435594, 0.000208220997592, 0.000144787074532, 0.000155020097736, 0.000182196090464, 0.000201611372177, 0.000188080361113, 0.00023224396864, 0.000249219243415, 0.000322962441714, 0.000304663873976, 0.000206041382626, 0.000160209281603, 0.000142118704389, 0.000112632020318, 6.37135817669e-05, 1.79187486538e-06],
        "min": [2.18131799251e-25, 1.3645165708e-24, 7.83404600859e-25, 1.4878396152e-25, 7.44891218314e-24, 5.70456875002e-24, 2.77740786725e-24, 6.13833022964e-24, 1.20837106039e-23, 5.74296024369e-24, 1.07270741619e-23, 1.37771638312e-23, 1.06191919111e-23, 2.00395471713e-23, 2.50728757548e-23, 4.21052173133e-23, 4.75668800134e-23, 6.55465598999e-23, 1.08029540613e-22, 1.39889928635e-22, 1.9190802257e-22, 3.01048102633e-22, 3.76945861828e-22, 5.64998134242e-22, 8.49170470007e-22, 1.16947344302e-21, 1.85343669902e-21],
        "var": [3.34244832629e-05, 0.000382480269764, 4.09148487961e-05, 2.82491255348e-05, 1.14006879812e-05, 4.42653754362e-06, 2.73536988971e-06, 3.40528026754e-06, 5.03354613102e-06, 2.27108512263e-06, 2.00131376005e-06, 1.06013305867e-06, 4.96490599744e-07, 9.39084941365e-07, 7.49100934172e-07, 1.38104098824e-06, 5.88486955166e-07, 5.36217555691e-07, 5.55369069843e-07, 7.19240858871e-07, 4.84696442982e-07, 2.60486814341e-07, 2.20795655537e-07, 1.48558868318e-07, 2.46625887712e-07, 1.55304704208e-07, 4.13922496278e-09]
    },
    "erbbands": {
        "dmean": [0.248989328742, 1.38325309753, 2.74296307564, 5.15668344498, 5.72495555878, 5.16860055923, 5.66373443604, 6.54093456268, 6.99933195114, 8.23117351532, 14.682762146, 13.4223842621, 12.1482372284, 13.803071022, 11.0909280777, 13.4375829697, 11.9073295593, 11.9543123245, 15.73533535, 13.8807353973, 21.3569087982, 17.5042877197, 16.4232463837, 16.5694904327, 14.6126508713, 12.8557052612, 13.7782354355, 10.4522476196, 8.14927005768, 6.97762203217, 5.26566410065, 3.46921205521, 2.55226325989, 2.04824781418, 1.30885827541, 0.655570030212, 0.240509107709, 0.0550432763994, 0.00290617765859, 5.87687827647e-05],
        "dmean2": [0.359060496092, 2.13573408127, 4.46890830994, 8.58251476288, 9.9782037735, 8.78225803375, 9.29360580444, 10.7312355042, 11.375828743, 13.786283493, 24.2088127136, 22.1246528625, 20.0433216095, 22.536485672, 18.6327514648, 22.6451129913, 20.0234775543, 20.2718715668, 25.781162262, 23.4137134552, 35.685131073, 29.6411190033, 28.5935878754, 28.1823673248, 24.4165744781, 21.6890716553, 23.8294620514, 18.0239543915, 13.9291572571, 12.0102386475, 9.04406070709, 5.76392459869, 4.20344018936, 3.50663232803, 2.25122642517, 1.1150033474, 0.401497423649, 0.095093511045, 0.0050114504993, 9.94352230919e-05],
        "dvar": [0.258727550507, 6.12197542191, 45.605255127, 166.318344116, 243.349060059, 167.652954102, 183.133789062, 215.859390259, 271.247589111, 600.725585938, 1844.42590332, 1308.92321777, 959.940979004, 1563.75073242, 557.181884766, 832.348999023, 655.009277344, 587.18963623, 1286.25817871, 865.629211426, 2183.90185547, 1146.48364258, 1100.8894043, 881.936828613, 592.586853027, 450.429016113, 675.892578125, 362.347473145, 233.774719238, 214.696044922, 116.221946716, 37.1249084473, 23.5746994019, 20.0928459167, 8.09267139435, 2.01969599724, 0.291784435511, 0.0200909636915, 5.21355141245e-05, 1.65968714327e-08],
        "dvar2": [0.596157431602, 14.8323822021, 113.903419495, 436.951629639, 681.255554199, 454.406646729, 483.947143555, 535.969238281, 683.347229004, 1629.81274414, 4901.92724609, 3585.20874023, 2296.76782227, 3662.39624023, 1458.03271484, 2254.87695312, 1760.49645996, 1552.99731445, 3163.3684082, 2327.14599609, 5451.91259766, 3023.83349609, 3054.10229492, 2386.32617188, 1583.14086914, 1214.9354248, 1931.05957031, 1007.68652344, 654.298339844, 605.93927002, 337.448059082, 102.926506042, 65.7780380249, 58.8060836792, 23.3908977509, 5.61227989197, 0.778798520565, 0.056680470705, 0.000144400561112, 4.62591209782e-08],
        "max": [8.39927101135, 37.7967414856, 85.0494766235, 191.235900879, 185.821838379, 314.106170654, 262.394958496, 358.853759766, 316.443359375, 690.614318848, 725.749755859, 717.056091309, 862.702941895, 1763.78662109, 368.615142822, 524.652404785, 584.0546875, 694.453491211, 779.305053711, 1023.78643799, 865.802368164, 677.72064209, 757.716491699, 459.784790039, 410.881164551, 377.677154541, 359.229492188, 250.55557251, 253.754745483, 265.803924561, 139.989624023, 77.8127288818, 59.7413711548, 53.4429740906, 33.2556304932, 21.7589759827, 11.0319404602, 2.73385858536, 0.10717304796, 0.00184889580123],
        "mean": [0.695598065853, 2.66676926613, 3.37968063354, 6.07182312012, 6.08187913895, 5.86814498901, 7.46318435669, 9.35104846954, 10.6562166214, 10.862074852, 19.8933753967, 20.3894958496, 18.7285518646, 21.0208320618, 16.3746376038, 18.9288196564, 17.5528106689, 18.7242527008, 26.1118984222, 23.8384494781, 36.428981781, 29.6440792084, 25.6715526581, 29.9240570068, 29.0555114746, 26.2346420288, 23.9442501068, 18.7311534882, 13.9083490372, 11.402557373, 8.80863380432, 6.4002995491, 4.55295562744, 3.38027405739, 2.14262127876, 1.06259465218, 0.39487656951, 0.0766247063875, 0.00348349055275, 0.000116761948448],
        "median": [0.205559760332, 1.44369626045, 1.40078878403, 1.80813360214, 1.94503355026, 2.04935383797, 2.4010322094, 3.3210914135, 3.34616565704, 3.61556339264, 4.74437046051, 6.71696853638, 5.43294048309, 6.75034427643, 6.87140226364, 8.4382610321, 7.6476726532, 8.46173667908, 10.7876119614, 11.0822076797, 13.6024923325, 12.9295854568, 13.0564861298, 14.0973396301, 14.5693340302, 14.5003757477, 13.0702352524, 11.1815357208, 7.90549373627, 5.90049266815, 4.34255218506, 3.27956104279, 2.19874477386, 1.31032538414, 0.734055221081, 0.325321733952, 0.1052056849, 0.013835077174, 0.000423242367106, 6.59224460833e-05],
        "min": [3.87753407691e-23, 3.76072485521e-22, 1.49537392059e-21, 3.73037857525e-21, 9.10824082119e-21, 2.10844412263e-20, 3.01121369509e-20, 4.39701425534e-20, 6.63661868853e-20, 1.51341830827e-19, 1.84117957871e-19, 2.81849566964e-19, 2.61268382746e-19, 3.42262651303e-19, 7.03602207182e-19, 9.07266585099e-19, 6.82329086381e-19, 1.3910707735e-18, 2.2328069731e-18, 2.83134369741e-18, 3.23849316185e-18, 3.62664931865e-18, 3.81522251007e-18, 5.88880259193e-18, 5.75444571299e-18, 7.73876266699e-18, 8.54401306715e-18, 9.22489520784e-18, 9.94286730002e-18, 9.5453979167e-18, 1.01301914487e-17, 9.36465895286e-18, 9.2165985863e-18, 8.133642975e-18, 5.76032241765e-18, 3.90930934167e-18, 2.09122156958e-18, 8.96697595015e-19, 2.29887011462e-19, 2.65224784384e-20],
        "var": [1.03359162807, 12.6613044739, 46.3515357971, 155.699447632, 182.620986938, 152.257400513, 221.916229248, 325.275726318, 475.109130859, 622.707214355, 2326.66088867, 1707.6496582, 2053.68164062, 3581.11669922, 821.286254883, 1123.8626709, 1006.09545898, 1070.41943359, 2659.71313477, 1368.85217285, 4637.55908203, 2218.1574707, 1505.64733887, 1761.11181641, 1528.30273438, 1084.60009766, 1089.1463623, 582.684020996, 344.198516846, 277.366851807, 160.763259888, 74.7376327515, 41.1929092407, 28.9401378632, 12.6875486374, 3.31061935425, 0.548892199993, 0.0274673812091, 6.67809363222e-05, 2.66495163714e-08]
    },
    "gfcc": {
        "mean": [-32.2179260254, 60.921169281, -105.524810791, 40.7659759521, -47.7059631348, 19.7348880768, -28.9342021942, 14.9441137314, -19.9702625275, 7.997402668, -16.1822719574, 4.30132246017, -9.40181350708],
        "cov": [[58708.1484375, -570.273376465, -2665.71411133, 2252.33422852, -1738.74450684, 1291.87768555, -1311.51013184, 1237.48779297, -1348.33886719, 797.807128906, -1154.10864258, 374.997528076, -896.342712402], [-570.273376465, 2647.6418457, -462.921203613, 156.521911621, 22.2083454132, -77.7270126343, 185.050643921, -137.024261475, 304.191955566, -174.187667847, 258.094482422, -62.7006187439, 285.266357422], [-2665.71411133, -462.921203613, 1332.27734375, 67.7337875366, 342.748840332, 111.397422791, 123.697242737, 47.0984268188, 24.1141376495, 57.674987793, 56.4091072083, 77.7324752808, 0.810053408146], [2252.33422852, 156.521911621, 67.7337875366, 459.403381348, 113.359992981, 153.069473267, 28.6916904449, 62.5450553894, -21.8612918854, 21.0551261902, -20.1164035797, 0.0117355221882, -3.76159739494], [-1738.74450684, 22.2083454132, 342.748840332, 113.359992981, 352.453979492, 81.7776260376, 163.035202026, 26.7966384888, 81.7702560425, 0.137938424945, 54.1508636475, 3.47211194038, 52.1210899353], [1291.87768555, -77.7270126343, 111.397422791, 153.069473267, 81.7776260376, 224.488632202, 67.5205764771, 96.6408309937, -6.96963357925, 48.0303039551, -5.25770139694, 32.6838607788, -6.23828792572], [-1311.51013184, 185.050643921, 123.697242737, 28.6916904449, 163.035202026, 67.5205764771, 233.872314453, 68.5691299438, 117.22190094, -16.1947364807, 64.5318603516, 1.02231705189, 69.5271987915], [1237.48779297, -137.024261475, 47.0984268188, 62.5450553894, 26.7966384888, 96.6408309937, 68.5691299438, 182.885620117, 37.0303649902, 63.4196586609, -21.1945877075, 23.9976634979, -12.4704322815], [-1348.33886719, 304.191955566, 24.1141376495, -21.8612918854, 81.7702560425, -6.96963357925, 117.22190094, 37.0303649902, 188.423065186, 22.3108386993, 92.6648101807, -6.72047472, 74.25440979], [797.807128906, -174.187667847, 57.674987793, 21.0551261902, 0.137938424945, 48.0303039551, -16.1947364807, 63.4196586609, 22.3108386993, 134.913452148, 30.1501483917, 42.1266937256, -20.9968032837], [-1154.10864258, 258.094482422, 56.4091072083, -20.1164035797, 54.1508636475, -5.25770139694, 64.5318603516, -21.1945877075, 92.6648101807, 30.1501483917, 161.005737305, 56.274936676, 75.5936050415], [374.997528076, -62.7006187439, 77.7324752808, 0.0117355221882, 3.47211194038, 32.6838607788, 1.02231705189, 23.9976634979, -6.72047472, 42.1266937256, 56.274936676, 114.111503601, 42.5207061768], [-896.342712402, 285.266357422, 0.810053408146, -3.76159739494, 52.1210899353, -6.23828792572, 69.5271987915, -12.4704322815, 74.25440979, -20.9968032837, 75.5936050415, 42.5207061768, 135.583175659]],
        "icov": [[7.9066339822e-05, -0.000125812846818, 0.000104895945697, -0.00025816843845, 0.00019463521312, -0.000161443313118, 0.000174620523467, -0.000406138948165, 0.00033731982694, -0.000346262531821, 0.000412861874793, -0.000419089221396, 0.000233359634876], [-0.000125812846818, 0.00105361791793, 9.69504981185e-06, -0.000172378102434, 0.000154471228598, 0.000125738355564, -0.000216884393012, 0.000948567409068, -0.00148255960084, 0.00160516623873, -0.00179037591442, 0.00143491663039, -0.00129979697522], [0.000104895945697, 9.69504981185e-06, 0.00130274205003, -0.000291444390314, -0.000903317355551, -0.000289210409392, 0.000213876715861, -0.000399226672016, 0.00037164404057, -0.000399218261009, 0.000350832036929, -0.0013374715345, 0.000803237140644], [-0.00025816843845, -0.000172378102434, -0.000291444390314, 0.00438798451796, -0.00213280459866, -0.00139359047171, 0.000468237703899, 0.000418678828282, 0.000238142209128, 0.000556654820684, -0.00090991682373, 0.00187579530757, -0.000791594269685], [0.00019463521312, 0.000154471228598, -0.000903317355551, -0.00213280459866, 0.0069641713053, -0.000981976976618, -0.00299260765314, 0.000762532581575, -0.000332344934577, -0.000857121136505, 0.000697384472005, 0.000174604036147, -0.000603959430009], [-0.000161443313118, 0.000125738355564, -0.000289210409392, -0.00139359047171, -0.000981976976618, 0.00884600542486, -0.0029605361633, -0.00153271912131, 0.00172090763226, -0.00133268674836, -0.000381344463676, -0.000592591881286, 4.24974241469e-05], [0.000174620523467, -0.000216884393012, 0.000213876715861, 0.000468237703899, -0.00299260765314, -0.0029605361633, 0.012456077151, -0.00559577392414, -0.00270060170442, 0.0041403286159, -0.00224953703582, 0.00104097975418, -0.00121754175052], [-0.000406138948165, 0.000948567409068, -0.000399226672016, 0.000418678828282, 0.000762532581575, -0.00153271912131, -0.00559577392414, 0.0145366080105, -0.00613148743287, -0.00235091615468, 0.00406589405611, -0.00218038237654, 0.000586938695051], [0.00033731982694, -0.00148255960084, 0.00037164404057, 0.000238142209128, -0.000332344934577, 0.00172090763226, -0.00270060170442, -0.00613148743287, 0.0175099316984, -0.00645053992048, -0.00384876132011, 0.00535950390622, -0.00374194374308], [-0.000346262531821, 0.00160516623873, -0.000399218261009, 0.000556654820684, -0.000857121136505, -0.00133268674836, 0.0041403286159, -0.00235091615468, -0.00645053992048, 0.0170628540218, -0.00691451085731, -0.00110191735439, 0.00265607447363], [0.000412861874793, -0.00179037591442, 0.000350832036929, -0.00090991682373, 0.000697384472005, -0.000381344463676, -0.00224953703582, 0.00406589405611, -0.00384876132011, -0.00691451085731, 0.0198735054582, -0.0112462360412, 0.00119458569679], [-0.000419089221396, 0.00143491663039, -0.0013374715345, 0.00187579530757, 0.000174604036147, -0.000592591881286, 0.00104097975418, -0.00218038237654, 0.00535950390622, -0.00110191735439, -0.0112462360412, 0.0226315427572, -0.0104915285483], [0.000233359634876, -0.00129979697522, 0.000803237140644, -0.000791594269685, -0.000603959430009, 4.24974241469e-05, -0.00121754175052, 0.000586938695051, -0.00374194374308, 0.00265607447363, 0.00119458569679, -0.0104915285483, 0.0176236834377]]
    },
    "melbands": {
        "dmean": [0.00206126645207, 0.00146153138485, 0.000865602865815, 0.000380874262191, 0.000192820094526, 0.000147149170516, 0.000109160479042, 9.32980183279e-05, 0.000131446169689, 8.51291915751e-05, 6.22766674496e-05, 5.64755355299e-05, 4.02972800657e-05, 4.05465980293e-05, 3.46566630469e-05, 2.75265319942e-05, 2.31524827541e-05, 2.75068650808e-05, 2.61281365965e-05, 2.09030367841e-05, 2.62569956249e-05, 1.94903732336e-05, 1.57645281433e-05, 1.64396133187e-05, 1.43325551107e-05, 1.14351905722e-05, 1.29122154249e-05, 9.19859667192e-06, 1.01598488982e-05, 6.93953597874e-06, 6.35965989204e-06, 4.99120596942e-06, 4.32137767348e-06, 3.99757391278e-06, 3.35919025929e-06, 2.68846997642e-06, 2.07351263271e-06, 1.91578601516e-06, 1.69041913978e-06, 1.87991406619e-06],
        "dmean2": [0.00300864409655, 0.00235273619182, 0.0014244975755, 0.000657314434648, 0.000317807891406, 0.000240409353864, 0.000176974150236, 0.000156991474796, 0.000216277476284, 0.000140048039611, 0.00010244060104, 9.17780052987e-05, 6.75247574691e-05, 6.79047516314e-05, 5.86493879382e-05, 4.61616400571e-05, 3.9442187699e-05, 4.50393599749e-05, 4.39510768047e-05, 3.51786038664e-05, 4.38641945948e-05, 3.27001362166e-05, 2.74162448477e-05, 2.87160837615e-05, 2.42576188612e-05, 1.90489281522e-05, 2.16036569327e-05, 1.54359076987e-05, 1.7496458895e-05, 1.1991410247e-05, 1.10254022729e-05, 8.56637961988e-06, 7.43499322198e-06, 6.87606006977e-06, 5.80925097893e-06, 4.58417343907e-06, 3.43426722793e-06, 3.1572469652e-06, 2.84234306491e-06, 3.25947962665e-06],
        "dvar": [1.42086673804e-05, 8.46645161801e-06, 4.598733085e-06, 9.03851343992e-07, 1.9851498223e-07, 1.00884548715e-07, 6.39008348458e-08, 7.53953770527e-08, 1.61642290664e-07, 4.79440736001e-08, 2.68120583513e-08, 2.52638621134e-08, 8.30124236018e-09, 9.3632088749e-09, 7.70240760062e-09, 4.79215200855e-09, 2.3813222505e-09, 4.86737405936e-09, 3.30255822689e-09, 2.91866686375e-09, 3.35606786805e-09, 1.5924739305e-09, 9.96461246849e-10, 1.23509980021e-09, 6.67024102619e-10, 4.06808781106e-10, 5.94754967498e-10, 2.47240866669e-10, 3.74234865319e-10, 1.50270559884e-10, 1.58312640774e-10, 8.53603507323e-11, 7.64229027284e-11, 6.97755256351e-11, 4.93574070504e-11, 2.6826613847e-11, 1.19833925769e-11, 1.28501567026e-11, 1.22904117439e-11, 1.7714109693e-11],
        "dvar2": [3.26855697494e-05, 2.20266483666e-05, 1.18166180982e-05, 2.51874303103e-06, 5.3075160622e-07, 2.52273935075e-07, 1.61351692896e-07, 2.00686571361e-07, 4.3403986183e-07, 1.28496765228e-07, 6.30087768627e-08, 5.90167630321e-08, 2.07940829e-08, 2.43576963044e-08, 2.0041703408e-08, 1.21609753378e-08, 6.21185369809e-09, 1.16047864651e-08, 8.95198404294e-09, 7.39109973225e-09, 8.27598878317e-09, 4.111821994e-09, 2.76861755744e-09, 3.45660255974e-09, 1.75781378342e-09, 1.03325470402e-09, 1.54433477118e-09, 6.52925324918e-10, 1.04900366171e-09, 4.0993236583e-10, 4.47766851375e-10, 2.38304542766e-10, 2.17106888023e-10, 1.92007271194e-10, 1.43759171234e-10, 7.63113947033e-11, 3.26375697302e-11, 3.56447024674e-11, 3.51538000098e-11, 5.22461275632e-11],
        "max": [0.0552197173238, 0.0454456806183, 0.0331142060459, 0.0185124296695, 0.00772796291858, 0.0075432928279, 0.00576969143003, 0.00747075304389, 0.00725196255371, 0.00490361731499, 0.00489241443574, 0.00653154915199, 0.00273230276071, 0.00175321346615, 0.00193894538097, 0.00183217495214, 0.00154086679686, 0.00181813701056, 0.00123020890169, 0.00232714414597, 0.00108522549272, 0.000827504612971, 0.000534308841452, 0.000637941469904, 0.000439725379692, 0.000416498602135, 0.000471689272672, 0.00023204482568, 0.000335764401825, 0.0002361296647, 0.000180668022949, 0.000165036224644, 0.000162639611517, 0.000221719950787, 9.74057184067e-05, 7.29575913283e-05, 4.9899736041e-05, 5.07841978106e-05, 4.254117448e-05, 5.92554897594e-05],
        "mean": [0.00534489098936, 0.00236628414132, 0.00105501525104, 0.000421277742134, 0.000252758181887, 0.000214647385292, 0.000166092519066, 0.000121043587569, 0.000177881447598, 0.000131290013087, 9.28569206735e-05, 8.39505519252e-05, 5.85835841775e-05, 5.48050411453e-05, 4.64738586743e-05, 3.84714330721e-05, 3.37979290634e-05, 4.18268245994e-05, 3.9688176912e-05, 3.19252394547e-05, 4.2167645006e-05, 3.0696446629e-05, 2.27352993534e-05, 2.3713133487e-05, 2.44869079324e-05, 1.98125344468e-05, 2.31932353927e-05, 1.61252810358e-05, 1.63339391293e-05, 1.16673882076e-05, 1.03797874544e-05, 8.00158704806e-06, 6.67809717925e-06, 6.26641485724e-06, 5.27994779986e-06, 4.35490619566e-06, 3.72629506273e-06, 3.2394173104e-06, 2.82927612716e-06, 2.89235299533e-06],
        "median": [0.00247262953781, 0.00121402996592, 0.000334502052283, 0.000150095351273, 9.20387756196e-05, 7.78904504841e-05, 5.23404196429e-05, 3.39210600941e-05, 3.73640868929e-05, 4.06029212172e-05, 2.36862724705e-05, 2.49073127634e-05, 2.20834081119e-05, 2.07534412766e-05, 1.65136552823e-05, 1.38826408147e-05, 1.38091791086e-05, 1.37854349305e-05, 1.42812405102e-05, 1.17525923997e-05, 1.39766343636e-05, 1.13056530608e-05, 1.04879945866e-05, 1.04704977275e-05, 1.02651410998e-05, 9.26184657146e-06, 9.51981746766e-06, 8.22599940875e-06, 8.00702673587e-06, 6.54315135762e-06, 5.81116228204e-06, 4.3480331442e-06, 3.36122229783e-06, 3.03350566355e-06, 2.45235969487e-06, 2.10562802749e-06, 1.86035106253e-06, 1.55508541866e-06, 1.22771791666e-06, 1.0285918961e-06],
        "min": [3.61200525143e-25, 9.9161275179e-25, 9.8365708956e-25, 7.8355266019e-25, 1.10310206909e-24, 7.91090521962e-25, 9.32950589687e-25, 1.43857788942e-24, 1.28501250637e-24, 1.84570614299e-24, 1.00424961324e-24, 1.29945171777e-24, 2.10169071787e-24, 1.86992851151e-24, 1.67030272349e-24, 9.43450328335e-25, 1.73982523229e-24, 2.97958621194e-24, 2.16122250051e-24, 2.79642986747e-24, 2.90259240152e-24, 3.15562801712e-24, 3.64963815673e-24, 2.3413068234e-24, 4.17576814861e-24, 3.74968899091e-24, 3.77406163744e-24, 4.41675608326e-24, 3.86574660172e-24, 3.90073928818e-24, 4.33605245721e-24, 5.01270499841e-24, 4.57051611774e-24, 5.3326208332e-24, 4.7999184467e-24, 4.88153439038e-24, 4.75667940276e-24, 5.57381032181e-24, 4.6719786185e-24, 5.9645323393e-24],
        "var": [4.84800075355e-05, 1.17482941278e-05, 4.4642715693e-06, 7.3490559771e-07, 2.23051856096e-07, 1.53910079348e-07, 1.09544309623e-07, 9.13713265049e-08, 1.95033294403e-07, 7.38102201581e-08, 5.79659911182e-08, 5.71198306432e-08, 1.54330681568e-08, 1.25232233472e-08, 1.16641567516e-08, 7.6791506487e-09, 4.19842205446e-09, 1.01219699289e-08, 5.39114264342e-09, 4.41476677437e-09, 7.05062408457e-09, 2.99666003123e-09, 1.2652765502e-09, 1.54311385892e-09, 1.36276789853e-09, 8.43993597233e-10, 1.50573342683e-09, 5.09778164126e-10, 5.95589577657e-10, 2.56700799506e-10, 2.07424105669e-10, 1.20611992616e-10, 9.42427177963e-11, 9.21872925219e-11, 6.30714508398e-11, 3.93182326974e-11, 2.57602099374e-11, 2.15101183393e-11, 1.80061399818e-11, 2.40476284719e-11]
    },
    "mfcc": {
        "mean": [-653.196289062, 90.3960342407, 3.1476047039, 27.2573299408, 6.75327730179, 10.5655126572, 5.26610136032, 7.661195755, 5.71552944183, 4.64588546753, 1.43848657608, 2.37084937096, 2.02855086327],
        "cov": [[18997.3652344, -482.724182129, 704.04901123, 891.698730469, 429.464202881, 348.156005859, 452.542724609, 211.668609619, 211.833892822, 317.447174072, 70.212059021, 30.1826782227, 0.646099448204], [-482.724182129, 2156.09643555, -28.7357845306, 223.659469604, -14.4899778366, 81.7858657837, -45.8139228821, 117.583267212, 73.6353225708, 7.17978334427, 25.8312988281, 62.2375259399, 111.524749756], [704.04901123, -28.7357845306, 582.372619629, 132.706466675, 158.145584106, 94.2760162354, 83.8611450195, 47.736415863, 5.89162540436, 7.4408121109, 17.6310825348, 10.6122083664, 39.9635772705], [891.698730469, 223.659469604, 132.706466675, 340.020812988, 143.754058838, 121.634017944, 83.3751068115, 73.4484939575, 55.544467926, 46.4589347839, 15.1992378235, 13.7692260742, 19.1905899048], [429.464202881, -14.4899778366, 158.145584106, 143.754058838, 201.76222229, 110.04095459, 83.1923370361, 44.6114730835, 31.4092025757, 29.1698226929, 15.1506280899, 14.9635734558, 20.3184757233], [348.156005859, 81.7858657837, 94.2760162354, 121.634017944, 110.04095459, 172.567199707, 93.9779205322, 61.1601753235, 39.9409980774, 30.781627655, 14.1253299713, 17.7185192108, 24.1216621399], [452.542724609, -45.8139228821, 83.8611450195, 83.3751068115, 83.1923370361, 93.9779205322, 146.247909546, 88.5048828125, 53.433883667, 36.5837631226, 19.0468387604, 12.65376091, 13.2466468811], [211.668609619, 117.583267212, 47.736415863, 73.4484939575, 44.6114730835, 61.1601753235, 88.5048828125, 147.389465332, 85.6682281494, 40.5236701965, 22.6464672089, 17.1443023682, 15.8294973373], [211.833892822, 73.6353225708, 5.89162540436, 55.544467926, 31.4092025757, 39.9409980774, 53.433883667, 85.6682281494, 127.795768738, 74.9824829102, 25.9962787628, 13.4301605225, 7.96226167679], [317.447174072, 7.17978334427, 7.4408121109, 46.4589347839, 29.1698226929, 30.781627655, 36.5837631226, 40.5236701965, 74.9824829102, 117.240150452, 53.1210975647, 21.3179512024, 10.3776435852], [70.212059021, 25.8312988281, 17.6310825348, 15.1992378235, 15.1506280899, 14.1253299713, 19.0468387604, 22.6464672089, 25.9962787628, 53.1210975647, 88.8451004028, 50.0814285278, 19.4291000366], [30.1826782227, 62.2375259399, 10.6122083664, 13.7692260742, 14.9635734558, 17.7185192108, 12.65376091, 17.1443023682, 13.4301605225, 21.3179512024, 50.0814285278, 89.8650131226, 50.4687690735], [0.646099448204, 111.524749756, 39.9635772705, 19.1905899048, 20.3184757233, 24.1216621399, 13.2466468811, 15.8294973373, 7.96226167679, 10.3776435852, 19.4291000366, 50.4687690735, 97.5606689453]],
