{
"lowlevel": {
    "average_loudness": 0.906362771988,
    "barkbands_crest": {
        "dmean": 3.36221385002,
        "dmean2": 5.43625307083,
        "dvar": 9.09961795807,
        "dvar2": 22.7297229767,
        "max": 26.3220024109,
        "mean": 13.5822315216,
        "median": 13.6232700348,
        "min": 2.13280677795,
        "var": 36.9943847656
    },
    "barkbands_flatness_db": {
        "dmean": 0.0274622086436,
        "dmean2": 0.0444162040949,
        "dvar": 0.000808111799415,
        "dvar2": 0.00200477871113,
        "max": 0.538583099842,
        "mean": 0.137898012996,
        "median": 0.105195038021,
        "min": 0.0117440940812,
        "var": 0.010775860399
    },
    "barkbands_kurtosis": {
        "dmean": 6.49286556244,
        "dmean2": 10.7662773132,
        "dvar": 715.593688965,
        "dvar2": 1952.25170898,
        "max": 923.984375,
        "mean": 7.92671918869,
        "median": 0.951494932175,
        "min": -1.91680860519,
        "var": 1252.96777344
    },
    "barkbands_skewness": {
        "dmean": 0.814345836639,
        "dmean2": 1.29300224781,
        "dvar": 1.19288051128,
        "dvar2": 3.04049086571,
        "max": 22.8360042572,
        "mean": 1.79644298553,
        "median": 1.36863493919,
        "min": -2.349173069,
        "var": 4.4058380127
    },
    "barkbands_spread": {
        "dmean": 9.23081016541,
        "dmean2": 14.6157884598,
        "dvar": 102.699295044,
        "dvar2": 246.335205078,
        "max": 118.61164856,
        "mean": 37.2308235168,
        "median": 34.8766365051,
        "min": 0.139871224761,
        "var": 528.733886719
    },
    "dissonance": {
        "dmean": 0.0150850899518,
        "dmean2": 0.0259060431272,
        "dvar": 0.000401535420679,
        "dvar2": 0.00112075416837,
        "max": 0.500000178814,
        "mean": 0.478392124176,
        "median": 0.486517608166,
        "min": 0.294425994158,
        "var": 0.000609647948295
    },
    "dynamic_complexity": 3.40500235558,
    "erbbands_crest": {
        "dmean": 2.36917877197,
        "dmean2": 3.84006667137,
        "dvar": 7.17741632462,
        "dvar2": 16.9239273071,
        "max": 32.6527252197,
        "mean": 8.64730072021,
        "median": 6.12063789368,
        "min": 2.16697025299,
        "var": 36.9620056152
    },
    "erbbands_flatness_db": {
        "dmean": 0.0155415004119,
        "dmean2": 0.0239533875138,
        "dvar": 0.000295492849546,
        "dvar2": 0.000665320840199,
        "max": 0.582069218159,
        "mean": 0.135135173798,
        "median": 0.102813631296,
        "min": 0.0351466424763,
        "var": 0.00960930902511
    },
    "erbbands_kurtosis": {
        "dmean": 1.25150799751,
        "dmean2": 1.97862267494,
        "dvar": 4.3203754425,
        "dvar2": 10.6077413559,
        "max": 31.7908973694,
        "mean": 1.41819655895,
        "median": 0.0406414270401,
        "min": -1.9045882225,
        "var": 13.6818981171
    },
    "erbbands_skewness": {
        "dmean": 0.36703068018,
        "dmean2": 0.576575815678,
        "dvar": 0.145662382245,
        "dvar2": 0.358330488205,
        "max": 5.11648130417,
        "mean": -0.0110556408763,
        "median": -0.152603015304,
        "min": -3.05557250977,
        "var": 0.848906159401
    },
    "erbbands_spread": {
        "dmean": 8.96711826324,
        "dmean2": 14.0909490585,
        "dvar": 103.920860291,
        "dvar2": 250.901519775,
        "max": 139.537582397,
        "mean": 43.2777557373,
        "median": 43.5832977295,
        "min": 2.23270273209,
        "var": 467.910552979
    },
    "hfc": {
        "dmean": 14.7000331879,
        "dmean2": 21.066411972,
        "dvar": 604.904541016,
        "dvar2": 1414.99316406,
        "max": 365.654205322,
        "mean": 45.449256897,
        "median": 28.4960632324,
        "min": 1.11675775146e-16,
        "var": 2440.7890625
    },
    "melbands_crest": {
        "dmean": 3.87802910805,
        "dmean2": 6.3776807785,
        "dvar": 14.3599538803,
        "dvar2": 37.6767349243,
        "max": 38.8061141968,
        "mean": 19.2156124115,
        "median": 19.4187507629,
        "min": 1.74526667595,
        "var": 43.0884742737
    },
    "melbands_flatness_db": {
        "dmean": 0.034856364131,
        "dmean2": 0.0558308213949,
        "dvar": 0.00119182432536,
        "dvar2": 0.00294376001693,
        "max": 0.655099928379,
        "mean": 0.20626604557,
        "median": 0.184096753597,
        "min": 0.00512692611665,
        "var": 0.011023869738
    },
    "melbands_kurtosis": {
        "dmean": 15.2814464569,
        "dmean2": 24.8713760376,
        "dvar": 1205.59655762,
        "dvar2": 3120.88623047,
        "max": 871.327758789,
        "mean": 24.7013607025,
        "median": 10.0322475433,
        "min": -1.78023564816,
        "var": 2396.72851562
    },
    "melbands_skewness": {
        "dmean": 1.20573973656,
        "dmean2": 1.91333711147,
        "dvar": 1.91693949699,
        "dvar2": 4.66761064529,
        "max": 21.2024402618,
        "mean": 3.62204861641,
        "median": 3.01493310928,
        "min": -1.74659216404,
        "var": 6.40528249741
    },
    "melbands_spread": {
        "dmean": 11.6904258728,
        "dmean2": 18.8518066406,
        "dvar": 215.743728638,
        "dvar2": 544.465759277,
        "max": 193.90007019,
        "mean": 31.8034992218,
        "median": 24.2991867065,
        "min": 0.286856085062,
        "var": 794.126831055
    },
    "pitch_salience": {
        "dmean": 0.0959657281637,
        "dmean2": 0.153634861112,
        "dvar": 0.00794642325491,
        "dvar2": 0.0200365893543,
        "max": 0.994162321091,
        "mean": 0.451423704624,
        "median": 0.449045062065,
        "min": 0.0391257964075,
        "var": 0.030337408185
    },
    "silence_rate_20dB": {
        "dmean": 0,
        "dmean2": 0,
        "dvar": 0,
        "dvar2": 0,
        "max": 1,
        "mean": 1,
        "median": 1,
        "min": 1,
        "var": 0
    },
    "silence_rate_30dB": {
        "dmean": 0.0156549997628,
        "dmean2": 0.0313146226108,
        "dvar": 0.0154093438759,
        "dvar2": 0.0421490296721,
        "max": 1,
        "mean": 0.987891316414,
        "median": 1,
        "min": 0,
        "var": 0.0119612244889
    },
    "silence_rate_60dB": {
        "dmean": 0.0138827348128,
        "dmean2": 0.0277695711702,
        "dvar": 0.0136899789795,
        "dvar2": 0.0326134525239,
        "max": 1,
        "mean": 0.0685174241662,
        "median": 0,
        "min": 0,
        "var": 0.0638271197677
    },
    "spectral_centroid": {
        "dmean": 287.89276123,
        "dmean2": 444.044311523,
        "dvar": 98355.390625,
        "dvar2": 231023.046875,
        "max": 11275.2988281,
        "mean": 2006.19165039,
        "median": 2022.28051758,
        "min": 103.090118408,
        "var": 648631.1875
    },
    "spectral_complexity": {
        "dmean": 4.77241182327,
        "dmean2": 7.19172811508,
        "dvar": 30.3632049561,
        "dvar2": 62.3922576904,
        "max": 63,
        "mean": 24.3762550354,
        "median": 24,
        "min": 0,
        "var": 225.442672729
    },
    "spectral_decrease": {
        "dmean": 3.25270899104e-09,
        "dmean2": 5.23750331993e-09,
        "dvar": 1.58031300929e-17,
        "dvar2": 4.21505729907e-17,
        "max": -1.32866897598e-28,
        "mean": -9.1204368502e-09,
        "median": -8.38696223582e-09,
        "min": -5.07930515425e-08,
        "var": 4.38537246371e-17
    },
    "spectral_energy": {
        "dmean": 0.0127542167902,
        "dmean2": 0.0204107761383,
        "dvar": 0.000232143662288,
        "dvar2": 0.000613832031377,
        "max": 0.194272711873,
        "mean": 0.038545049727,
        "median": 0.0350231528282,
        "min": 1.06307927544e-20,
        "var": 0.000717143528163
    },
    "spectral_energyband_high": {
        "dmean": 0.0013678065734,
        "dmean2": 0.00197012745775,
        "dvar": 6.30179374639e-06,
        "dvar2": 1.4698666746e-05,
        "max": 0.0406218394637,
        "mean": 0.00377304316498,
        "median": 0.00161523115821,
        "min": 7.67383047525e-21,
        "var": 2.57864157902e-05
    },
    "spectral_energyband_low": {
        "dmean": 0.0113072413951,
        "dmean2": 0.0185853671283,
        "dvar": 0.000249729142524,
        "dvar2": 0.000658878067043,
        "max": 0.190514937043,
        "mean": 0.0231520626694,
        "median": 0.0188720803708,
        "min": 7.194300384e-23,
        "var": 0.000522114394698
    },
    "spectral_energyband_middle_high": {
        "dmean": 0.00236969860271,
        "dmean2": 0.00357754086144,
        "dvar": 9.45920328377e-06,
        "dvar2": 2.10831658478e-05,
        "max": 0.0341933183372,
        "mean": 0.00625589350238,
        "median": 0.00483882799745,
        "min": 1.75143418194e-21,
        "var": 2.96676680591e-05
    },
    "spectral_energyband_middle_low": {
        "dmean": 0.00329495570622,
        "dmean2": 0.00529447337613,
        "dvar": 4.44279721705e-05,
        "dvar2": 0.000113329275337,
        "max": 0.0976003184915,
        "mean": 0.00589429354295,
        "median": 0.00368336611427,
        "min": 3.37165158856e-22,
        "var": 6.33667223155e-05
    },
    "spectral_entropy": {
        "dmean": 0.138840615749,
        "dmean2": 0.214144945145,
        "dvar": 0.0284535642713,
        "dvar2": 0.0660157874227,
        "max": 9.8105173111,
        "mean": 7.94361448288,
        "median": 8.1549654007,
        "min": 5.26781320572,
        "var": 0.357882201672
    },
    "spectral_flux": {
        "dmean": 0.0287359599024,
        "dmean2": 0.0444821640849,
        "dvar": 0.000901842082385,
        "dvar2": 0.00206166831776,
        "max": 0.3703109622,
        "mean": 0.101268015802,
        "median": 0.0963358804584,
        "min": 1.03105739224e-10,
        "var": 0.00314993131906
    },
    "spectral_kurtosis": {
        "dmean": 0.979844391346,
        "dmean2": 1.60647892952,
        "dvar": 3.09194207191,
        "dvar2": 8.86044311523,
        "max": 35.2778396606,
        "mean": 3.63456606865,
        "median": 2.60797834396,
        "min": -1.19501817226,
        "var": 11.1987905502
    },
    "spectral_rms": {
        "dmean": 0.00098635640461,
        "dmean2": 0.00156933360267,
        "dvar": 1.05537185391e-06,
        "dvar2": 2.77137837656e-06,
        "max": 0.0137671474367,
        "mean": 0.00566459074616,
        "median": 0.00584541959688,
        "min": 3.22048225761e-12,
        "var": 5.51722359887e-06
    },
    "spectral_rolloff": {
        "dmean": 971.472595215,
        "dmean2": 1598.36010742,
        "dvar": 1946312.25,
        "dvar2": 4614432,
        "max": 18540.0878906,
        "mean": 2514.61108398,
        "median": 1399.65820312,
        "min": 43.06640625,
        "var": 7063139
    },
    "spectral_skewness": {
        "dmean": 0.144540503621,
        "dmean2": 0.2287235111,
        "dvar": 0.0318436026573,
        "dvar2": 0.0859477519989,
        "max": 4.45898246765,
        "mean": 1.46207427979,
        "median": 1.34244513512,
        "min": -0.0245116427541,
        "var": 0.260979473591
    },
    "spectral_spread": {
        "dmean": 565802.8125,
        "dmean2": 848673.0625,
        "dvar": 553953460224,
        "dvar2": 1.01204210483e+12,
        "max": 39924016,
        "mean": 6097333.5,
        "median": 6221181,
        "min": 1694115.75,
        "var": 3.03026221875e+12
    },
    "spectral_strongpeak": {
        "dmean": 0.296513736248,
        "dmean2": 0.521051585674,
        "dvar": 0.523255944252,
        "dvar2": 1.45378029346,
        "max": 9.1877746582,
        "mean": 0.52437120676,
        "median": 0.39102986455,
        "min": 0,
        "var": 0.475232332945
    },
    "zerocrossingrate": {
        "dmean": 0.0160615034401,
        "dmean2": 0.0190494600683,
        "dvar": 0.000334264826961,
        "dvar2": 0.000400557240937,
        "max": 0.87548828125,
        "mean": 0.092584528029,
        "median": 0.07958984375,
        "min": 0.0029296875,
        "var": 0.00453046057373
    },
    "barkbands": {
        "dmean": [0.000842032954097, 0.0101343858987, 0.00221301522106, 0.00114723213483, 0.00144634989556, 0.000624727283139, 0.00040971263661, 0.000396347837523, 0.00062971690204, 0.00045243173372, 0.000548254349269, 0.000751545419917, 0.000394701433834, 0.000295676290989, 0.000329389004037, 0.000322235689964, 0.000318169331877, 0.000261396664428, 0.000236295818468, 0.00025687503512, 0.000240083114477, 0.000271970784524, 0.000281843997072, 0.000304189510643, 0.000254198123002, 0.00018314983754, 5.05753378093e-05],
        "dmean2": [0.00129608740099, 0.0166543312371, 0.00373158976436, 0.00205353181809, 0.00228872778825, 0.00105199252721, 0.000680387311149, 0.000678654876538, 0.000998983625323, 0.000724692828953, 0.000883554690517, 0.00116797746159, 0.00065274402732, 0.000487009150675, 0.000543233181816, 0.000525766634382, 0.000533518148586, 0.000434062443674, 0.000391906301957, 0.000420556403697, 0.000384383456549, 0.000431504653534, 0.000430420710472, 0.0004758303985, 0.000389280205127, 0.000270867894869, 7.91308702901e-05],
        "dvar": [3.74194564756e-06, 0.000218972505536, 3.15377837978e-05, 1.51881822603e-05, 1.6708369003e-05, 1.86313559425e-06, 7.05932450273e-07, 6.21691128799e-07, 1.83081056093e-06, 1.36950643537e-06, 1.87605155588e-06, 2.80947438114e-06, 8.21258595352e-07, 5.9710731648e-07, 5.23049948242e-07, 4.683898851e-07, 3.88983835364e-07, 1.9091204706e-07, 1.517616397e-07, 2.2085340845e-07, 1.82436195928e-07, 2.67484296046e-07, 2.91161541099e-07, 3.57771568815e-07, 2.37644115941e-07, 1.17721029369e-07, 1.15362395192e-08],
        "dvar2": [8.84244764165e-06, 0.000576182792429, 8.27868643682e-05, 4.4338288717e-05, 3.73531293008e-05, 5.03996670886e-06, 1.90942364497e-06, 1.66430277204e-06, 3.84738586945e-06, 2.91726883006e-06, 4.15681370214e-06, 6.0259944803e-06, 2.16852777157e-06, 1.53702239913e-06, 1.32429988753e-06, 1.16239232284e-06, 1.04723665117e-06, 5.14270936947e-07, 3.96161567551e-07, 5.94166181145e-07, 4.6830891165e-07, 6.98775068031e-07, 7.35190837986e-07, 8.60216459841e-07, 6.03250725817e-07, 2.66126789938e-07, 2.8791843576e-08],
        "max": [0.0310236848891, 0.189308643341, 0.0769074559212, 0.0576966442168, 0.0869193449616, 0.0212595779449, 0.0142925176769, 0.00995597615838, 0.0233753304929, 0.0190829113126, 0.0184220504016, 0.0266100298613, 0.0150731913745, 0.0147620271891, 0.0180344376713, 0.0150936925784, 0.0109265288338, 0.00766990473494, 0.00615536421537, 0.00902891159058, 0.00553129194304, 0.00770651409402, 0.0106930863112, 0.0110932523385, 0.00804448593408, 0.00530447158962, 0.00139138160739],
        "mean": [0.00145300559234, 0.0187965203077, 0.00244725099765, 0.00101046916097, 0.00190677377395, 0.000796234642621, 0.000567833019886, 0.0005051533808, 0.000986810773611, 0.000663627346512, 0.000751032901462, 0.00108978687786, 0.000551083823666, 0.00042899462278, 0.000527993484866, 0.000540447828826, 0.000543748959899, 0.000490758568048, 0.000457522022771, 0.000518376764376, 0.000548758369405, 0.000605152919888, 0.000627190864179, 0.000667583022732, 0.000563041889109, 0.000412298802985, 8.75399418874e-05],
        "median": [0.000190611288417, 0.0139371249825, 0.000857361243106, 0.000220211572014, 0.000395012553781, 0.000321011000779, 0.000203443720238, 0.000171434076037, 0.000282613211311, 0.00018529035151, 0.000205264455872, 0.000336860714015, 0.0002347624104, 0.000189647485968, 0.00025659595849, 0.000267488183454, 0.000306600326439, 0.000300252635498, 0.000292720244033, 0.00029064033879, 0.000262923305854, 0.000247189163929, 0.00023680110462, 0.000235258718021, 0.000192457053345, 0.000136240269057, 2.18760978896e-05],
        "min": [1.47204032378e-23, 3.03692578957e-23, 3.37190516001e-23, 4.25363463641e-24, 2.32225819912e-23, 3.34145954669e-23, 4.12097024137e-23, 1.21164276633e-22, 4.26698555503e-23, 1.49592791551e-22, 7.67034070607e-23, 1.10136392453e-22, 1.18313648866e-22, 1.08718071032e-22, 1.67592817738e-22, 1.76850952431e-22, 2.93506617622e-22, 1.79851009386e-22, 2.31759104557e-22, 3.09732565053e-22, 5.46944452892e-22, 6.90570956889e-22, 7.78526044813e-22, 8.22201524468e-22, 1.02899854563e-21, 1.54256239349e-21, 2.23648675391e-21],
        "var": [1.02625808722e-05, 0.000402790028602, 2.77226426988e-05, 9.62917238212e-06, 2.8470187317e-05, 1.94663334696e-06, 9.6964572549e-07, 8.54195718603e-07, 4.38218648924e-06, 2.91054197987e-06, 3.26501185555e-06, 5.52584060642e-06, 1.02396438706e-06, 7.70375493175e-07, 7.64379933571e-07, 7.4574967357e-07, 6.19019829173e-07, 3.77935776896e-07, 2.9816592928e-07, 4.7173978146e-07, 5.40264693427e-07, 7.34296634164e-07, 8.64050718974e-07, 1.04703167381e-06, 7.41145242955e-07, 4.37516519014e-07, 2.04136547666e-08]
    },
    "erbbands": {
        "dmean": [0.338457435369, 2.20338582993, 2.88978075981, 3.26437973976, 4.56873607635, 4.95351362228, 4.50393724442, 5.55855607986, 5.24205732346, 7.08056354523, 9.94186019897, 12.7455968857, 14.1659574509, 19.0626125336, 19.954410553, 26.7876625061, 19.5097961426, 15.3121595383, 14.4941825867, 15.0304231644, 18.3641815186, 18.1590957642, 13.5793466568, 12.7238845825, 12.7639865875, 10.7579975128, 10.4255304337, 9.7169752121, 9.86308097839, 9.29816532135, 7.71239757538, 6.89650392532, 4.77377271652, 3.05948877335, 1.89563786983, 0.843827605247, 0.344208925962, 0.0856549739838, 0.00811967253685, 0.000124547310406],
        "dmean2": [0.551646471024, 3.59975028038, 4.73234987259, 5.73092460632, 7.5849981308, 7.87475824356, 7.7553229332, 9.30636024475, 8.75073814392, 12.0677785873, 16.5379581451, 20.6138362885, 22.3136730194, 29.5492401123, 33.7008323669, 41.7310523987, 31.0950241089, 25.1807975769, 23.632314682, 24.2794818878, 29.6041851044, 30.2819709778, 22.4346885681, 21.0891914368, 21.2545337677, 17.4321804047, 16.7904567719, 15.4328460693, 15.6138448715, 14.7270908356, 11.6427354813, 10.7929706573, 7.36623954773, 4.79608774185, 2.95889902115, 1.27319002151, 0.52272182703, 0.127122864127, 0.0127477897331, 0.000189955899259],
        "dvar": [0.313901990652, 11.4034957886, 35.6823616028, 111.321556091, 165.935531616, 204.14163208, 119.946876526, 160.265151978, 142.362045288, 232.52935791, 412.185424805, 852.367919922, 1135.80725098, 2049.45019531, 2470.99731445, 3914.29077148, 1726.62634277, 1713.97631836, 1071.0045166, 1033.45153809, 1341.91894531, 1193.40197754, 554.157104492, 421.180358887, 545.278625488, 370.566864014, 340.839416504, 313.023468018, 349.080230713, 307.16595459, 228.787216187, 182.524490356, 81.5573654175, 34.5182571411, 14.2208566666, 2.63590502739, 0.433067560196, 0.0283094756305, 0.000304787914502, 6.19831794779e-08],
        "dvar2": [0.857508838177, 29.0861320496, 87.917678833, 321.167907715, 422.07723999, 464.252807617, 329.991027832, 433.206085205, 384.604614258, 632.138061523, 1049.85083008, 1832.12084961, 2539.81201172, 4189.51855469, 6786.47070312, 8582.00390625, 4261.59960938, 4285.49902344, 2663.1003418, 2676.76049805, 3240.53491211, 3155.69091797, 1459.39245605, 1099.20861816, 1519.08630371, 980.047180176, 889.760192871, 792.247924805, 912.802368164, 793.887573242, 582.294006348, 444.596466064, 194.943008423, 88.4300689697, 36.6491928101, 6.25559234619, 0.992697775364, 0.0660494565964, 0.00076437194366, 1.52974905632e-07],
        "max": [6.79542255402, 45.2604560852, 79.989654541, 147.713973999, 198.580749512, 355.220703125, 250.090942383, 239.232437134, 230.967193604, 238.33140564, 395.720062256, 607.878295898, 527.616943359, 722.022705078, 735.754089355, 1337.4486084, 716.815063477, 803.099365234, 765.584777832, 763.60357666, 733.083496094, 670.016601562, 437.133789062, 278.943756104, 410.944335938, 350.359649658, 287.207427979, 281.376373291, 283.156341553, 282.150421143, 290.089508057, 267.214416504, 159.472259521, 103.600662231, 67.3173980713, 26.5163612366, 11.1370458603, 2.17745709419, 0.224395766854, 0.00300651229918],
        "mean": [0.571490287781, 3.98429989815, 4.13720178604, 3.24609494209, 5.43581819534, 5.98488092422, 5.34079265594, 6.83388805389, 7.31399059296, 9.34975719452, 14.4202194214, 19.4776325226, 22.6287345886, 30.2460174561, 25.1882915497, 39.5917167664, 29.8333301544, 23.1998462677, 24.184797287, 27.3265724182, 32.1983528137, 32.0706825256, 26.136926651, 25.3895874023, 24.6882171631, 22.554151535, 22.2571220398, 22.0827159882, 21.4437580109, 20.2016963959, 17.4990386963, 14.3197669983, 10.7114896774, 6.62511777878, 3.92014789581, 1.83278095722, 0.750101149082, 0.180772811174, 0.0140079660341, 0.000274689518847],
        "median": [0.288338959217, 2.86180496216, 2.21938705444, 1.05801892281, 1.08684432507, 1.26725649834, 1.81471133232, 2.65983581543, 2.74987244606, 3.63892316818, 5.10321187973, 6.40473937988, 6.60212230682, 8.61259841919, 10.1641359329, 13.5296230316, 12.8856391907, 11.3199357986, 12.9893398285, 14.9010505676, 17.5376586914, 18.9252281189, 16.4399147034, 16.4646949768, 15.1799278259, 12.4710979462, 10.8236942291, 10.2714729309, 8.84178733826, 7.83648109436, 6.74923706055, 5.42749404907, 3.69709730148, 2.23801875114, 1.29212617874, 0.60702252388, 0.236810237169, 0.0594778582454, 0.00346761476249, 0.000114277543616],
        "min": [9.30247599605e-22, 7.38953803068e-21, 3.20704515082e-20, 3.1961590016e-20, 5.44297509263e-20, 7.01818870405e-20, 1.48948073532e-19, 3.21664639129e-19, 5.07464345658e-19, 9.31961648697e-19, 2.83547298303e-18, 1.07039621787e-18, 4.68549757818e-18, 2.79553608267e-18, 4.59317801796e-18, 3.92596090099e-18, 5.57799774857e-18, 5.00416766839e-18, 8.22708708725e-18, 7.20022176611e-18, 1.0374592714e-17, 1.74986121206e-17, 1.26215701182e-17, 8.82709164356e-18, 1.41741418059e-17, 1.56327474303e-17, 1.912708921e-17, 2.44020927681e-17, 1.95436342054e-17, 2.53767232879e-17, 2.27391933847e-17, 1.68555073185e-17, 1.41931818492e-17, 9.48734555414e-18, 8.43112276587e-18, 5.62075057853e-18, 2.99161242263e-18, 1.10411116906e-18, 3.11523430668e-19, 3.32217253622e-20],
        "var": [0.561199426651, 19.8884162903, 40.8304710388, 75.4884338379, 220.952926636, 286.147583008, 107.58707428, 163.881195068, 176.094467163, 257.892456055, 702.659790039, 1855.88757324, 2559.8215332, 4473.25976562, 2424.70458984, 7450.55712891, 2668.03051758, 2366.37719727, 1598.5213623, 1628.07519531, 2304.51586914, 2001.24707031, 1042.46923828, 891.151977539, 978.059753418, 859.984924316, 910.559387207, 924.080932617, 929.544250488, 887.648254395, 672.541442871, 487.938903809, 266.68649292, 98.1765060425, 39.6340255737, 8.57670974731, 1.46060812473, 0.0796298533678, 0.000529345532414, 1.33696076432e-07]
    },
    "gfcc": {
        "mean": [14.8531532288, 29.1494235992, -103.980064392, 33.1325683594, -38.3455619812, 32.3649291992, -24.6343193054, 21.2267971039, -20.0964279175, 8.82579898834, -12.5810184479, 8.67206668854, -11.8168792725],
        "cov": [[19844.4589844, 2151.22216797, 4652.13427734, 952.885925293, -1126.71411133, -989.825500488, -1417.91845703, -2.28318810463, 163.441146851, 637.22442627, -594.571166992, 143.367340088, -360.574920654], [2151.22216797, 2975.48730469, 1578.64575195, 235.380279541, 263.4793396, 9.32958221436, 109.364830017, 274.441223145, 226.990921021, 62.3513183594, 102.026657104, 5.46073484421, 37.6573181152], [4652.13427734, 1578.64575195, 2616.63378906, 703.961608887, 9.8804807663, -287.153533936, -451.095123291, 8.64123916626, 158.371566772, 285.144165039, -107.914367676, 32.4687309265, -103.789718628], [952.885925293, 235.380279541, 703.961608887, 773.865356445, 201.725280762, 10.8554201126, -108.309432983, -114.245323181, 39.7984771729, 90.5086975098, -13.0083217621, -22.8790054321, -36.1849784851], [-1126.71411133, 263.4793396, 9.8804807663, 201.725280762, 445.541625977, 236.324081421, 159.062530518, 20.1536750793, 26.2050380707, 17.2770347595, 110.309959412, 3.80677628517, 24.7114181519], [-989.825500488, 9.32958221436, -287.153533936, 10.8554201126, 236.324081421, 384.876037598, 249.028564453, 99.8812484741, -47.4867897034, -4.25359487534, 98.7404022217, 18.0780487061, 30.7188720703], [-1417.91845703, 109.364830017, -451.095123291, -108.309432983, 159.062530518, 249.028564453, 378.923339844, 131.888580322, 7.18155574799, -76.9121017456, 100.74886322, -0.694484174252, 54.2234535217], [-2.28318810463, 274.441223145, 8.64123916626, -114.245323181, 20.1536750793, 99.8812484741, 131.888580322, 233.749801636, 89.1379318237, 7.83151435852, 28.1888008118, 34.7284240723, 36.4227790833], [163.441146851, 226.990921021, 158.371566772, 39.7984771729, 26.2050380707, -47.4867897034, 7.18155574799, 89.1379318237, 174.589569092, 53.4324645996, 0.463078588247, -1.18185961246, 17.4086990356], [637.22442627, 62.3513183594, 285.144165039, 90.5086975098, 17.2770347595, -4.25359487534, -76.9121017456, 7.83151435852, 53.4324645996, 165.072479248, 45.2023887634, 30.2245693207, -28.9594955444], [-594.571166992, 102.026657104, -107.914367676, -13.0083217621, 110.309959412, 98.7404022217, 100.74886322, 28.1888008118, 0.463078588247, 45.2023887634, 142.119277954, 47.2686233521, 23.0675582886], [143.367340088, 5.46073484421, 32.4687309265, -22.8790054321, 3.80677628517, 18.0780487061, -0.694484174252, 34.7284240723, -1.18185961246, 30.2245693207, 47.2686233521, 85.99609375, 37.6883163452], [-360.574920654, 37.6573181152, -103.789718628, -36.1849784851, 24.7114181519, 30.7188720703, 54.2234535217, 36.4227790833, 17.4086990356, -28.9594955444, 23.0675582886, 37.6883163452, 80.6192016602]],
        "icov": [[0.000150142106577, -0.000110989392851, -8.55980906636e-05, -0.000110782275442, 0.000353002949851, -9.02553656488e-05, 9.02817992028e-05, -3.47294226231e-05, 9.8475953564e-05, -0.000336236262228, 0.000609605922364, -0.000621304789092, 0.000418576673837], [-0.000110989392851, 0.00101523823105, -0.000825073337182, 0.000404812657507, -0.000489211815875, 0.000209706791793, -0.000304088753182, -0.000591392919887, -0.000429443578469, 0.00140226713847, -0.00211592717096, 0.00184264802374, -0.000968914129771], [-8.55980906636e-05, -0.000825073337182, 0.00175376725383, -0.000935304095037, -0.000378987315344, 0.00070600095205, 0.000625559594482, -0.000555832404643, 0.000773360137828, -0.00189160276204, 0.00185813277494, -0.00128939235583, 0.000742709962651], [-0.000110782275442, 0.000404812657507, -0.000935304095037, 0.0027124080807, -0.00114727101754, -0.000773350300733, -0.000206359603908, 0.00191243120935, -0.00131377577782, 0.000586484035011, -0.000420215830673, 0.000929818022996, -0.00057021016255], [0.000353002949851, -0.000489211815875, -0.000378987315344, -0.00114727101754, 0.00623693037778, -0.00395448319614, 0.000530220393557, 0.00202338793315, -0.00261450232938, 0.00115592242219, -0.00163926882669, -0.000970289227553, 0.00103121879511], [-9.02553656488e-05, 0.000209706791793, 0.00070600095205, -0.000773350300733, -0.00395448319614, 0.00964157935232, -0.00397649221122, -0.00468663917854, 0.00670489249751, -0.00458922144026, 0.00130267546047, 0.00142792833503, -0.00174620409962], [9.02817992028e-05, -0.000304088753182, 0.000625559594482, -0.000206359603908, 0.000530220393557, -0.00397649221122, 0.00945666339248, -0.00271837576292, -0.00165798084345, 0.00447370484471, -0.00509117823094, 0.00298429024406, -0.000494417676236], [-3.47294226231e-05, -0.000591392919887, -0.000555832404643, 0.00191243120935, 0.00202338793315, -0.00468663917854, -0.00271837576292, 0.0124486535788, -0.00757987936959, 0.00128623866476, 0.00251631857827, -0.00609454885125, 0.0018613996217], [9.8475953564e-05, -0.000429443578469, 0.000773360137828, -0.00131377577782, -0.00261450232938, 0.00670489249751, -0.00165798084345, -0.00757987936959, 0.0151220234111, -0.00845164153725, 0.0031670066528, 0.0048945704475, -0.00566245568916], [-0.000336236262228, 0.00140226713847, -0.00189160276204, 0.000586484035011, 0.00115592242219, -0.00458922144026, 0.00447370484471, 0.00128623866476, -0.00845164153725, 0.0186447445303, -0.0113820480183, -0.00118579191621, 0.0058069685474], [0.000609605922364, -0.00211592717096, 0.00185813277494, -0.000420215830673, -0.00163926882669, 0.00130267546047, -0.00509117823094, 0.00251631857827, 0.0031670066528, -0.0113820480183, 0.0234415773302, -0.0130328573287, 0.00282482197508], [-0.000621304789092, 0.00184264802374, -0.00128939235583, 0.000929818022996, -0.000970289227553, 0.00142792833503, 0.00298429024406, -0.00609454885125, 0.0048945704475, -0.00118579191621, -0.0130328573287, 0.0303016081452, -0.0163019485772], [0.000418576673837, -0.000968914129771, 0.000742709962651, -0.00057021016255, 0.00103121879511, -0.00174620409962, -0.000494417676236, 0.0018613996217, -0.00566245568916, 0.0058069685474, 0.00282482197508, -0.0163019485772, 0.0253911204636]]
    },
    "melbands": {
        "dmean": [0.00291119539179, 0.00191257812548, 0.000565398717299, 0.000367313390598, 0.000158291062689, 0.000120801036246, 8.06101306807e-05, 7.8196717368e-05, 8.91944000614e-05, 8.412207535e-05, 7.31311811251e-05, 7.70084370743e-05, 6.75573537592e-05, 7.16804206604e-05, 7.45679644751e-05, 3.93477675971e-05, 2.87293751171e-05, 2.43236427195e-05, 2.7379463063e-05, 2.06464828807e-05, 2.31054746109e-05, 2.21352711378e-05, 1.37708857437e-05, 1.24161297208e-05, 1.10753217086e-05, 9.80203276413e-06, 1.04319242382e-05, 7.40328596294e-06, 7.77128934715e-06, 6.14365444562e-06, 6.03550506639e-06, 6.35863261778e-06, 5.73595798414e-06, 5.60283160667e-06, 4.62871639684e-06, 5.10819063493e-06, 4.3092636588e-06, 3.65776668332e-06, 3.19079595101e-06, 2.63955485025e-06],
        "dmean2": [0.00472258217633, 0.0031197827775, 0.000980464974418, 0.000581936561503, 0.000271117489319, 0.000202291092137, 0.000133901558002, 0.000133513050969, 0.000147230442963, 0.000134981732117, 0.000114933100122, 0.000120032724226, 0.000112863104732, 0.000115536400699, 0.000114676571684, 6.49905123282e-05, 4.81393290102e-05, 4.04329075536e-05, 4.54251166957e-05, 3.34757060045e-05, 3.77637807105e-05, 3.70429806935e-05, 2.28959379456e-05, 2.06737331609e-05, 1.83995598491e-05, 1.64444172697e-05, 1.74538326974e-05, 1.20673621495e-05, 1.27700295707e-05, 9.97586721496e-06, 9.58896180236e-06, 1.02048015833e-05, 9.3090120572e-06, 8.9813302111e-06, 7.09738469595e-06, 8.21934918349e-06, 6.79561935613e-06, 5.66212111153e-06, 5.13910890731e-06, 4.15969134338e-06],
        "dvar": [1.86550714716e-05, 9.83160680335e-06, 2.92978666039e-06, 1.21562175082e-06, 1.58360450087e-07, 7.21025443795e-08, 3.0373254134e-08, 2.85407075751e-08, 3.76575641781e-08, 3.90861707444e-08, 3.15524673056e-08, 3.20615569649e-08, 2.83781371735e-08, 2.92211481678e-08, 4.07584117568e-08, 9.72561498003e-09, 6.30439123128e-09, 3.8562828486e-09, 4.06939992814e-09, 2.20056639577e-09, 2.24953344841e-09, 1.97231853072e-09, 7.18363646346e-10, 4.314450186e-10, 3.21171506057e-10, 3.01183189499e-10, 4.36972263929e-10, 1.86507406741e-10, 2.02426436724e-10, 1.42566999872e-10, 1.16893356106e-10, 1.52337087389e-10, 1.3230781748e-10, 1.1666272115e-10, 8.10720796052e-11, 1.11564667227e-10, 6.98993363191e-11, 4.91423429727e-11, 3.81441545017e-11, 2.6178774426e-11],
        "dvar2": [5.01134018123e-05, 2.38921602431e-05, 8.31333727547e-06, 2.71247336059e-06, 4.29534367186e-07, 1.9454741107e-07, 8.27018240557e-08, 7.76582353978e-08, 9.44400042613e-08, 8.05689026606e-08, 6.87345576011e-08, 6.70175808182e-08, 7.47349275798e-08, 6.65756800799e-08, 8.22786958565e-08, 2.48675178227e-08, 1.6012252857e-08, 1.02046131545e-08, 1.07732152088e-08, 5.56764412352e-09, 5.50176704195e-09, 5.26742915952e-09, 1.85199156011e-09, 1.14519183025e-09, 8.482526348e-10, 8.15266743004e-10, 1.2590619658e-09, 4.86378382014e-10, 5.38162070463e-10, 3.85961568261e-10, 2.93275126406e-10, 3.97253535622e-10, 3.61102925339e-10, 3.04803904339e-10, 2.07083156178e-10, 2.88753659872e-10, 1.67542368867e-10, 1.16085044355e-10, 9.94716392588e-11, 6.81925280133e-11],
        "max": [0.0526654757559, 0.0383721739054, 0.0245101619512, 0.0239108707756, 0.00976792909205, 0.00481919106096, 0.00330434273928, 0.00272973626852, 0.00429021427408, 0.00408063642681, 0.00271760160103, 0.00267227226868, 0.00254915677942, 0.00311109190807, 0.00369104044512, 0.0016131211305, 0.00170724070631, 0.00120879616588, 0.00168456789106, 0.000977522460744, 0.00104541610926, 0.000910977425519, 0.00064502103487, 0.000418784125941, 0.000270167831331, 0.000229319630307, 0.000477546360344, 0.000250447017606, 0.00022191433527, 0.000221263282583, 0.000181680341484, 0.000178476242581, 0.000220101414016, 0.00020179375133, 0.000189943792066, 0.00014899825328, 0.000174289001734, 0.000124239275465, 9.25190906855e-05, 9.50346366153e-05],
        "mean": [0.00533221056685, 0.00339487101883, 0.000605339300819, 0.000462437048554, 0.000190427323105, 0.000152784530655, 0.000114505884994, 0.000102062556834, 0.000127339706523, 0.000128851883346, 0.000113744732516, 0.000121321107144, 8.63480381668e-05, 9.42777915043e-05, 0.000108517524495, 5.62439890928e-05, 3.96581854147e-05, 3.59465520887e-05, 4.34485264122e-05, 3.41400009347e-05, 3.72734466509e-05, 3.55013689841e-05, 2.39707314904e-05, 2.23293354793e-05, 2.02996034204e-05, 1.76859939529e-05, 1.81697396329e-05, 1.41184927998e-05, 1.45261665239e-05, 1.26582972371e-05, 1.25766164274e-05, 1.24612952277e-05, 1.12245743367e-05, 1.12304087452e-05, 1.00103316072e-05, 9.74499289441e-06, 8.39160475152e-06, 7.73985448177e-06, 6.41497945253e-06, 5.31537580173e-06],
        "median": [0.00379243958741, 0.00248676957563, 0.000205816264497, 8.82043023012e-05, 6.38932251604e-05, 6.1738268414e-05, 4.44154575234e-05, 3.71408459614e-05, 3.97611147491e-05, 3.80120727641e-05, 2.96071448247e-05, 3.18269594572e-05, 3.08529342874e-05, 3.15831202897e-05, 2.9604510928e-05, 2.11608494283e-05, 1.76994471985e-05, 1.66949939739e-05, 1.97034823941e-05, 1.64142293215e-05, 1.9059953047e-05, 1.94702661247e-05, 1.40904430737e-05, 1.33879148052e-05, 1.24201142171e-05, 1.05004273792e-05, 9.7467454907e-06, 7.15044325261e-06, 6.62903721604e-06, 5.94773837292e-06, 5.56441364097e-06, 5.016598152e-06, 4.40873554908e-06, 4.14193527831e-06, 3.74323872165e-06, 3.54355347554e-06, 2.99719749819e-06, 2.69478778137e-06, 2.13255066228e-06, 1.77622450792e-06],
        "min": [9.20177689176e-24, 1.43429317169e-23, 5.80086894502e-24, 5.20323423411e-24, 4.28764519105e-24, 6.6495610056e-24, 8.3975631756e-24, 1.41927594218e-23, 2.0303914971e-23, 6.62656965451e-24, 2.39824917012e-23, 1.14504154358e-23, 1.32888810189e-23, 1.29074249616e-23, 1.39864864946e-23, 8.41093831225e-24, 9.75861802753e-24, 1.2466664708e-23, 1.26503730579e-23, 8.74527570768e-24, 1.14754262708e-23, 1.64577179203e-23, 1.99479335989e-23, 6.31659228383e-24, 7.09356032205e-24, 8.30497614887e-24, 1.16675233675e-23, 9.16974125039e-24, 1.37067958607e-23, 7.58668910682e-24, 1.81106260636e-23, 1.0956027629e-23, 1.32877592587e-23, 1.38459935229e-23, 1.21875388985e-23, 1.37814031697e-23, 8.61925281149e-24, 1.06484357737e-23, 8.55687757971e-24, 7.7132145074e-24],
        "var": [3.57436365448e-05, 1.57102513185e-05, 2.1097851004e-06, 1.96725522983e-06, 1.4309794949e-07, 7.58049836236e-08, 3.94055597042e-08, 3.25795141976e-08, 6.64409540718e-08, 9.22231606637e-08, 7.30846778652e-08, 7.00818745258e-08, 3.19654205327e-08, 4.36325073849e-08, 8.27359443178e-08, 1.44169218785e-08, 7.73456321213e-09, 4.56727411446e-09, 5.60731905352e-09, 3.37737793288e-09, 3.47409079282e-09, 2.94743829343e-09, 1.11672293635e-09, 8.42644398702e-10, 6.2101124243e-10, 5.18558362916e-10, 6.93655244355e-10, 3.87471693619e-10, 4.4460926607e-10, 3.13670089902e-10, 3.21915910595e-10, 3.44459544221e-10, 2.82318973754e-10, 2.9823704617e-10, 2.28067884023e-10, 2.32174973691e-10, 1.82049694764e-10, 1.49973658492e-10, 9.51845408048e-11, 6.5581373665e-11]
    },
    "mfcc": {
        "mean": [-633.122314453, 75.0216445923, 2.88358139992, 16.778963089, 15.40762043, 14.2330150604, 13.9263486862, 15.1690540314, 6.68431997299, 5.65999889374, 4.04341077805, 7.20158624649, 4.80567550659],
        "cov": [[13708.1816406, 14.7113628387, 2546.96020508, 828.695251465, 66.2100448608, -434.569335938, -1056.58898926, -595.255310059, 106.467926025, 244.087417603, 20.5130882263, -124.088348389, -45.21925354], [14.7113628387, 1812.86181641, 424.011566162, 15.8917016983, 223.431686401, -44.9523925781, 192.098190308, 232.053192139, 211.91897583, 147.926620483, 97.6946868896, 140.279067993, 121.117401123], [2546.96020508, 424.011566162, 1275.00134277, 524.376098633, 264.865966797, -40.4005126953, -253.881652832, -174.455963135, 64.4707641602, 132.231185913, 72.2617797852, 32.5253753662, 41.4735069275], [828.695251465, 15.8917016983, 524.376098633, 579.417297363, 247.070617676, 115.322784424, -126.465896606, -109.167495728, -1.30224621296, 53.4662437439, 53.9104766846, 11.807518959, 20.1650333405], [66.2100448608, 223.431686401, 264.865966797, 247.070617676, 329.702728271, 142.249328613, 21.9575328827, -21.7540664673, 18.7062835693, 56.2310066223, 61.7085533142, 50.0221443176, 39.8751678467], [-434.569335938, -44.9523925781, -40.4005126953, 115.322784424, 142.249328613, 276.252807617, 186.986907959, 49.2995300293, -6.9757938385, 8.25921058655, 34.8252639771, 42.3865470886, 26.4804077148], [-1056.58898926, 192.098190308, -253.881652832, -126.465896606, 21.9575328827, 186.986907959, 384.223052979, 219.119049072, 33.306098938, -3.84107542038, 17.8454151154, 67.7527999878, 56.3653068542], [-595.255310059, 232.053192139, -174.455963135, -109.167495728, -21.7540664673, 49.2995300293, 219.119049072, 258.492462158, 116.547592163, 29.7271766663, -1.62282848358, 17.8371372223, 24.7940349579], [106.467926025, 211.91897583, 64.4707641602, -1.30224621296, 18.7062835693, -6.9757938385, 33.306098938, 116.547592163, 146.504806519, 81.4335708618, 21.9892673492, 4.60838699341, 6.64025497437], [244.087417603, 147.926620483, 132.231185913, 53.4662437439, 56.2310066223, 8.25921058655, -3.84107542038, 29.7271766663, 81.4335708618, 116.385696411, 62.7382087708, 23.1022834778, 16.4030017853], [20.5130882263, 97.6946868896, 72.2617797852, 53.9104766846, 61.7085533142, 34.8252639771, 17.8454151154, -1.62282848358, 21.9892673492, 62.7382087708, 102.549247742, 67.3681716919, 30.9699287415], [-124.088348389, 140.279067993, 32.5253753662, 11.807518959, 50.0221443176, 42.3865470886, 67.7527999878, 17.8371372223, 4.60838699341, 23.1022834778, 67.3681716919, 113.86756134, 69.9757003784], [-45.21925354, 121.117401123, 41.4735069275, 20.1650333405, 39.8751678467, 26.4804077148, 56.3653068542, 24.7940349579, 6.64025497437, 16.4030017853, 30.9699287415, 69.9757003784, 102.702880859]],
