{
"lowlevel": {
    "average_loudness": 0.935954988003,
    "barkbands_crest": {
        "dmean": 3.12123823166,
        "dmean2": 4.8199596405,
        "dvar": 10.1818065643,
        "dvar2": 23.0424518585,
        "max": 26.6598262787,
        "mean": 16.2407360077,
        "median": 16.6998291016,
        "min": 1.91637086868,
        "var": 38.4754753113
    },
    "barkbands_flatness_db": {
        "dmean": 0.0431229285896,
        "dmean2": 0.0645567774773,
        "dvar": 0.00238783657551,
        "dvar2": 0.00488050701097,
        "max": 0.789236724377,
        "mean": 0.179767802358,
        "median": 0.160793304443,
        "min": 0.0146332401782,
        "var": 0.00920609105378
    },
    "barkbands_kurtosis": {
        "dmean": 27.3714294434,
        "dmean2": 42.3287162781,
        "dvar": 7150.82421875,
        "dvar2": 16335.9560547,
        "max": 3294.50317383,
        "mean": 39.3356132507,
        "median": 8.74876499176,
        "min": -1.91655218601,
        "var": 10456.3105469
    },
    "barkbands_skewness": {
        "dmean": 1.55400216579,
        "dmean2": 2.33679842949,
        "dvar": 4.43474340439,
        "dvar2": 10.2064590454,
        "max": 36.3571662903,
        "mean": 4.05057573318,
        "median": 2.92033052444,
        "min": -3.93219161034,
        "var": 13.6085538864
    },
    "barkbands_spread": {
        "dmean": 9.96619987488,
        "dmean2": 15.6185569763,
        "dvar": 163.178787231,
        "dvar2": 368.230163574,
        "max": 115.477485657,
        "mean": 23.5538921356,
        "median": 18.1010437012,
        "min": 0.0356452427804,
        "var": 433.395568848
    },
    "dissonance": {
        "dmean": 0.0150517281145,
        "dmean2": 0.0250826254487,
        "dvar": 0.000312757503707,
        "dvar2": 0.000810157333035,
        "max": 0.500000178814,
        "mean": 0.473093390465,
        "median": 0.480621159077,
        "min": 0.124858647585,
        "var": 0.000687349238433
    },
    "dynamic_complexity": 3.74348092079,
    "erbbands_crest": {
        "dmean": 2.40593791008,
        "dmean2": 3.92259168625,
        "dvar": 6.87915897369,
        "dvar2": 16.3526992798,
        "max": 31.0077590942,
        "mean": 7.34058856964,
        "median": 6.01998996735,
        "min": 2.16394877434,
        "var": 18.0677223206
    },
    "erbbands_flatness_db": {
        "dmean": 0.0157864205539,
        "dmean2": 0.0240331441164,
        "dvar": 0.000429664622061,
        "dvar2": 0.00089071423281,
        "max": 0.409666270018,
        "mean": 0.106068737805,
        "median": 0.087943136692,
        "min": 0.0366711728275,
        "var": 0.00327502377331
    },
    "erbbands_kurtosis": {
        "dmean": 1.34819948673,
        "dmean2": 2.25829601288,
        "dvar": 50.3246154785,
        "dvar2": 113.936218262,
        "max": 240.483337402,
        "mean": 0.607744157314,
        "median": -0.495009183884,
        "min": -1.80692863464,
        "var": 60.0419311523
    },
    "erbbands_skewness": {
        "dmean": 0.424566566944,
        "dmean2": 0.659826397896,
        "dvar": 0.438991516829,
        "dvar2": 0.971263408661,
        "max": 13.6193208694,
        "mean": 0.175858095288,
        "median": 0.0967339724302,
        "min": -4.16245937347,
        "var": 1.03007519245
    },
    "erbbands_spread": {
        "dmean": 13.0323076248,
        "dmean2": 20.3267974854,
        "dvar": 225.598266602,
        "dvar2": 545.161804199,
        "max": 191.597930908,
        "mean": 62.8248596191,
        "median": 62.2808837891,
        "min": 1.71138286591,
        "var": 734.579040527
    },
    "hfc": {
        "dmean": 14.171002388,
        "dmean2": 22.0802078247,
        "dvar": 591.946716309,
        "dvar2": 1449.4855957,
        "max": 455.394042969,
        "mean": 31.1541233063,
        "median": 19.5956687927,
        "min": 1.12196872463e-16,
        "var": 1271.61230469
    },
    "melbands_crest": {
        "dmean": 3.78548741341,
        "dmean2": 6.05942344666,
        "dvar": 17.3777351379,
        "dvar2": 41.050151825,
        "max": 39.8795661926,
        "mean": 23.832529068,
        "median": 24.0040111542,
        "min": 1.0038318634,
        "var": 72.4749526978
    },
    "melbands_flatness_db": {
        "dmean": 0.0491577237844,
        "dmean2": 0.0738371163607,
        "dvar": 0.00313257076778,
        "dvar2": 0.00634935125709,
        "max": 0.964554905891,
        "mean": 0.2652605474,
        "median": 0.246902823448,
        "min": 1.59630317853e-07,
        "var": 0.0133266150951
    },
    "melbands_kurtosis": {
        "dmean": 83.282989502,
        "dmean2": 128.167388916,
        "dvar": 101957.8125,
        "dvar2": 229142.984375,
        "max": 15655.3740234,
        "mean": 132.611022949,
        "median": 40.338180542,
        "min": -1.8308057785,
        "var": 179690.859375
    },
    "melbands_skewness": {
        "dmean": 2.39099788666,
        "dmean2": 3.62913274765,
        "dvar": 12.4498310089,
        "dvar2": 27.0635375977,
        "max": 90.0730056763,
        "mean": 7.205555439,
        "median": 5.58343887329,
        "min": -1.75357925892,
        "var": 37.7693748474
    },
    "melbands_spread": {
        "dmean": 7.90307998657,
        "dmean2": 12.6927528381,
        "dvar": 178.576004028,
        "dvar2": 397.32409668,
        "max": 201.519470215,
        "mean": 15.9993858337,
        "median": 9.4835691452,
        "min": 0.00735780782998,
        "var": 434.210449219
    },
    "pitch_salience": {
        "dmean": 0.0987515673041,
        "dmean2": 0.153475299478,
        "dvar": 0.0110306730494,
        "dvar2": 0.0251292958856,
        "max": 0.997606575489,
        "mean": 0.342557430267,
        "median": 0.318688333035,
        "min": 0.00476419785991,
        "var": 0.0416072197258
    },
    "silence_rate_20dB": {
        "dmean": 0,
        "dmean2": 0,
        "dvar": 0,
        "dvar2": 0,
        "max": 1,
        "mean": 1,
        "median": 1,
        "min": 1,
        "var": 0
    },
    "silence_rate_30dB": {
        "dmean": 0.127038806677,
        "dmean2": 0.254103332758,
        "dvar": 0.11089245975,
        "dvar2": 0.248092934489,
        "max": 1,
        "mean": 0.806219637394,
        "median": 1,
        "min": 0,
        "var": 0.156234949827
    },
    "silence_rate_60dB": {
        "dmean": 0.0279606934637,
        "dmean2": 0.0559270530939,
        "dvar": 0.027178125456,
        "dvar2": 0.0621111132205,
        "max": 1,
        "mean": 0.0696920603514,
        "median": 0,
        "min": 0,
        "var": 0.0648310855031
    },
    "spectral_centroid": {
        "dmean": 403.116973877,
        "dmean2": 618.15032959,
        "dvar": 223231.125,
        "dvar2": 484170.96875,
        "max": 10342.1796875,
        "mean": 1648.05187988,
        "median": 1548.39648438,
        "min": 49.842250824,
        "var": 811291.25
    },
    "spectral_complexity": {
        "dmean": 5.12774801254,
        "dmean2": 8.060587883,
        "dvar": 44.555934906,
        "dvar2": 99.78099823,
        "max": 64,
        "mean": 15.3540315628,
        "median": 13,
        "min": 0,
        "var": 141.669250488
    },
    "spectral_decrease": {
        "dmean": 6.92187418494e-09,
        "dmean2": 1.12192681812e-08,
        "dvar": 8.15592672439e-17,
        "dvar2": 2.08721173711e-16,
        "max": 2.15212815941e-29,
        "mean": -1.55086663511e-08,
        "median": -1.22381411671e-08,
        "min": -7.72616459699e-08,
        "var": 1.68036593068e-16
    },
    "spectral_energy": {
        "dmean": 0.0266331061721,
        "dmean2": 0.043093059212,
        "dvar": 0.0011796625331,
        "dvar2": 0.00302610406652,
        "max": 0.29500862956,
        "mean": 0.0613588504493,
        "median": 0.0491924881935,
        "min": 1.00953669834e-20,
        "var": 0.00248095579445
    },
    "spectral_energyband_high": {
        "dmean": 0.00120980781503,
        "dmean2": 0.0019090345595,
        "dvar": 5.26400572198e-06,
        "dvar2": 1.30597882162e-05,
        "max": 0.0483399517834,
        "mean": 0.00235907314345,
        "median": 0.00104257650673,
        "min": 7.44360203853e-21,
        "var": 1.16870469355e-05
    },
    "spectral_energyband_low": {
        "dmean": 0.0248073022813,
        "dmean2": 0.0403934940696,
        "dvar": 0.00114327017218,
        "dvar2": 0.00296829431318,
        "max": 0.291725516319,
        "mean": 0.0493707880378,
        "median": 0.0386473685503,
        "min": 6.88560207239e-23,
        "var": 0.00221211905591
    },
    "spectral_energyband_middle_high": {
        "dmean": 0.00161791872233,
        "dmean2": 0.0026608100161,
        "dvar": 9.47491298575e-06,
        "dvar2": 2.4750135708e-05,
        "max": 0.0660802796483,
        "mean": 0.0032648302149,
        "median": 0.00190885807388,
        "min": 1.43699205418e-21,
        "var": 2.32898782997e-05
    },
    "spectral_energyband_middle_low": {
        "dmean": 0.00628768373281,
        "dmean2": 0.0108896447346,
        "dvar": 0.000275685655652,
        "dvar2": 0.000765866891015,
        "max": 0.177177384496,
        "mean": 0.00751803582534,
        "median": 0.00329069467261,
        "min": 2.4328783337e-22,
        "var": 0.000222435410251
    },
    "spectral_entropy": {
        "dmean": 0.212758943439,
        "dmean2": 0.329727113247,
        "dvar": 0.0856695324183,
        "dvar2": 0.183775871992,
        "max": 9.79931545258,
        "mean": 7.89590406418,
        "median": 8.04050159454,
        "min": 3.51468348503,
        "var": 0.319613724947
    },
    "spectral_flux": {
        "dmean": 0.0490768551826,
        "dmean2": 0.0752188339829,
        "dvar": 0.00328034209087,
        "dvar2": 0.00661039818078,
        "max": 0.515598058701,
        "mean": 0.120565727353,
        "median": 0.0975617095828,
        "min": 1.00475704146e-10,
        "var": 0.00834635086358
    },
    "spectral_kurtosis": {
        "dmean": 0.966747999191,
        "dmean2": 1.56012868881,
        "dvar": 6.53609418869,
        "dvar2": 16.1745510101,
        "max": 96.0259628296,
        "mean": 3.01785421371,
        "median": 2.1779153347,
        "min": -1.22646832466,
        "var": 13.6334075928
    },
    "spectral_rms": {
        "dmean": 0.00160457554739,
        "dmean2": 0.00254260678776,
        "dvar": 3.4522624901e-06,
        "dvar2": 8.38885898702e-06,
        "max": 0.0169650614262,
        "mean": 0.00697401259094,
        "median": 0.00692767463624,
        "min": 3.13833377688e-12,
        "var": 1.122554022e-05
    },
    "spectral_rolloff": {
        "dmean": 780.483886719,
        "dmean2": 1337.11035156,
        "dvar": 2521187.75,
        "dvar2": 5705079.5,
        "max": 18863.0859375,
        "mean": 1302.58898926,
        "median": 279.931640625,
        "min": 21.533203125,
        "var": 5403338.5
    },
    "spectral_skewness": {
        "dmean": 0.175683006644,
        "dmean2": 0.272052615881,
        "dvar": 0.0701244771481,
        "dvar2": 0.154006108642,
        "max": 8.2537727356,
        "mean": 1.39262521267,
        "median": 1.3229765892,
        "min": 0.0722021237016,
        "var": 0.262160897255
    },
    "spectral_spread": {
        "dmean": 637913.6875,
        "dmean2": 959068.4375,
        "dvar": 604500000768,
        "dvar2": 1.13878617293e+12,
        "max": 41202900,
        "mean": 6927022.5,
        "median": 7145784,
        "min": 967976.0625,
        "var": 3.35277273907e+12
    },
    "spectral_strongpeak": {
        "dmean": 0.237560480833,
        "dmean2": 0.394597232342,
        "dvar": 0.319884598255,
        "dvar2": 0.796397089958,
        "max": 30.0419139862,
        "mean": 0.600850582123,
        "median": 0.462859451771,
        "min": 0,
        "var": 1.39223575592
    },
    "zerocrossingrate": {
        "dmean": 0.0155210718513,
        "dmean2": 0.018623156473,
        "dvar": 0.000378972792532,
        "dvar2": 0.000454363442259,
        "max": 0.6796875,
        "mean": 0.0609895028174,
        "median": 0.04833984375,
        "min": 0.0009765625,
        "var": 0.0028934427537
    },
    "barkbands": {
        "dmean": [0.00303412298672, 0.02127061598, 0.00606989581138, 0.00358237605542, 0.00208249432035, 0.000650793954264, 0.000465754535981, 0.000474176282296, 0.000470100727398, 0.000378563825507, 0.0002980013669, 0.000290045631118, 0.000252468744293, 0.000257953070104, 0.000207510194741, 0.000172831263626, 0.000177057372639, 0.000161646865308, 0.00015525087656, 0.000153550136019, 0.000208797602681, 0.000199496746063, 0.000196293243789, 0.000219168388867, 0.00022740229906, 0.000209356396226, 6.87213178026e-05],
        "dmean2": [0.00477130617946, 0.0345681682229, 0.0107245892286, 0.00663831131533, 0.00355411088094, 0.00108868081588, 0.000742299424019, 0.000763727119192, 0.000789480924141, 0.000652225280646, 0.000510897836648, 0.000473087100545, 0.000403055921197, 0.000431477761595, 0.000360020349035, 0.000291546923108, 0.000308999908157, 0.000275996397249, 0.00026593497023, 0.000260022672592, 0.000346750486642, 0.000328720518155, 0.00031572082662, 0.000340167374816, 0.000364091538358, 0.000333987030899, 0.000107392457721],
        "dvar": [2.82023229374e-05, 0.000933464092668, 0.000292505894322, 0.000153082553879, 3.40960868925e-05, 4.34053845311e-06, 1.64723553553e-06, 1.61904335982e-06, 1.53497262545e-06, 1.51705785356e-06, 1.37638130582e-06, 4.4860777848e-07, 4.63366887971e-07, 3.23140909586e-07, 3.47835594994e-07, 1.82919009717e-07, 1.11421059046e-07, 1.01121408136e-07, 8.74397514394e-08, 8.28336723657e-08, 1.90210514006e-07, 2.39020607751e-07, 1.58675760531e-07, 2.11004049788e-07, 2.06646006973e-07, 1.9011763186e-07, 2.87579364766e-08],
        "dvar2": [7.55628207116e-05, 0.00245406385511, 0.000768778263591, 0.000440648640506, 8.41278524604e-05, 1.10117780423e-05, 4.23280562245e-06, 3.92742049371e-06, 3.97680196329e-06, 4.00961016567e-06, 3.69296321878e-06, 1.00205136278e-06, 1.05306969544e-06, 8.3894775571e-07, 9.50864375682e-07, 4.59696138932e-07, 3.07326786242e-07, 2.73989599009e-07, 2.4489520456e-07, 2.13060445731e-07, 4.85122313876e-07, 6.55157009533e-07, 4.11803512179e-07, 5.03939190821e-07, 4.91750483889e-07, 4.85767031932e-07, 6.70880524467e-08],
        "max": [0.0697238147259, 0.241161093116, 0.224926516414, 0.11843328923, 0.112471036613, 0.0559212006629, 0.0491014569998, 0.0277046449482, 0.0320421308279, 0.0665425360203, 0.0428689643741, 0.0150110488757, 0.0237166769803, 0.0133862681687, 0.0164002198726, 0.0151931345463, 0.00670007383451, 0.00651858560741, 0.00783453416079, 0.00607134448364, 0.0151840802282, 0.0218266081065, 0.0105613553897, 0.00926739443094, 0.00755309592932, 0.0104351006448, 0.0030606216751],
        "mean": [0.00493896193802, 0.038365509361, 0.00497389771044, 0.00249432493001, 0.00222975155339, 0.000825543538667, 0.000608235772233, 0.000646742584649, 0.000611491501331, 0.000445530167781, 0.00039048641338, 0.000408246909501, 0.000405177939683, 0.000340761238476, 0.000257685693214, 0.000247538177064, 0.000229394150665, 0.000225020194193, 0.000226382311666, 0.000252260098932, 0.000331071671098, 0.000368235865608, 0.000326621579006, 0.000383461621823, 0.000409022235544, 0.000314674573019, 0.000102995458292],
        "median": [0.00118126894813, 0.0277931243181, 0.000545499904547, 0.000221060690819, 0.000614179763943, 0.000258234213106, 0.000166006066138, 0.00014210063091, 0.000118491516332, 0.000116658513434, 6.92633038852e-05, 0.000126103492221, 0.000113558184239, 0.000126507336972, 8.18799453555e-05, 9.5675321063e-05, 9.05535198399e-05, 9.47395456024e-05, 0.000104530525277, 0.000129066393129, 0.000132740970002, 0.000131523993332, 0.000127906445414, 0.000155351939611, 0.000170668994542, 0.000120721495477, 2.05673895834e-05],
        "min": [5.00258036312e-23, 1.85735959071e-23, 2.35221613863e-23, 1.20235213057e-23, 2.41241695421e-23, 4.33853807903e-23, 2.29167358851e-23, 3.56677778497e-23, 8.16723914156e-23, 4.7204174391e-23, 1.23094827527e-22, 6.98615722535e-23, 1.1605923586e-22, 8.94314379527e-23, 1.18909649057e-22, 1.52403547133e-22, 1.09457770126e-22, 1.59042991786e-22, 3.27059585603e-22, 2.72502646974e-22, 5.26445731876e-22, 6.30046115117e-22, 5.87624179617e-22, 7.25438659386e-22, 1.11180667587e-21, 1.46297857128e-21, 2.52009742071e-21],
        "var": [5.7084747823e-05, 0.00164095161017, 0.000224718634854, 9.16863282328e-05, 3.69229637727e-05, 5.28384862264e-06, 1.9491801595e-06, 2.44386069426e-06, 2.07464381674e-06, 2.22342509915e-06, 2.85983173853e-06, 7.60329612604e-07, 1.54216195369e-06, 4.15809410015e-07, 4.21078453883e-07, 2.54413492939e-07, 1.64934206737e-07, 1.611746967e-07, 1.40698787732e-07, 1.44125408497e-07, 3.03034823901e-07, 9.0201126568e-07, 2.79641312773e-07, 3.89909445175e-07, 4.12956950413e-07, 2.58590802105e-07, 4.22356443153e-08]
    },
    "erbbands": {
        "dmean": [0.988308131695, 3.67267346382, 6.25664234161, 10.4158840179, 9.09939098358, 6.68229436874, 5.8796043396, 5.57934713364, 6.68245697021, 7.217461586, 10.3567228317, 10.310418129, 11.9770231247, 11.0238170624, 11.7011785507, 9.45212364197, 11.4496202469, 10.4896306992, 12.2729883194, 10.440741539, 9.34279060364, 10.299987793, 8.4540348053, 8.73215007782, 7.19567012787, 7.23286390305, 8.23586750031, 8.0790348053, 7.35935688019, 6.24074411392, 5.27952480316, 5.13661956787, 3.52102279663, 2.81550049782, 1.53977584839, 0.91394329071, 0.427862644196, 0.105147689581, 0.0117295989767, 0.000178808884812],
        "dmean2": [1.58812201023, 5.87743377686, 10.344408989, 18.7591075897, 16.3709030151, 11.3202171326, 9.4881029129, 9.21245765686, 10.6086530685, 11.8273696899, 16.6186637878, 17.3284511566, 20.4646072388, 19.2916278839, 19.0766773224, 15.2811965942, 18.1051902771, 17.3889255524, 21.0719127655, 17.7661895752, 15.4736289978, 17.9578323364, 14.2662296295, 15.1787595749, 12.1646680832, 12.3116807938, 13.735077858, 13.3087320328, 12.1262702942, 10.2712287903, 8.40280818939, 8.06854343414, 5.51527023315, 4.601126194, 2.42693376541, 1.47879517078, 0.690803349018, 0.161906927824, 0.0183748211712, 0.000279724481516],
        "dvar": [2.34481024742, 32.1514472961, 231.093353271, 1135.7590332, 796.094116211, 542.473510742, 313.78616333, 325.591186523, 304.460540771, 377.84161377, 823.35748291, 769.400695801, 1485.99816895, 2196.56103516, 785.928588867, 396.624237061, 991.209289551, 722.406921387, 981.455078125, 777.935852051, 538.064208984, 372.971008301, 253.231384277, 355.38772583, 173.846069336, 186.666503906, 343.563964844, 252.815597534, 372.401153564, 142.179779053, 121.934654236, 129.079925537, 55.1788902283, 28.5694656372, 11.7860040665, 3.79250049591, 0.812835633755, 0.0546796396375, 0.000802642782219, 1.4873596399e-07],
        "dvar2": [6.28919887543, 79.0159759521, 578.673706055, 3185.37890625, 2214.9284668, 1290.75292969, 764.008544922, 844.244567871, 776.186767578, 976.138183594, 1970.02612305, 2011.16833496, 3781.83227539, 6877.39404297, 1752.14038086, 930.458251953, 2223.84692383, 1784.39355469, 2705.47363281, 2010.51831055, 1310.69995117, 1036.39331055, 673.88067627, 1006.65063477, 468.893157959, 497.213867188, 854.101135254, 613.357116699, 1049.45092773, 362.512115479, 313.57925415, 314.120117188, 127.562477112, 71.4266204834, 28.6153240204, 10.0349473953, 2.06733608246, 0.126311078668, 0.00184057746083, 3.40806423083e-07],
        "max": [11.3231277466, 53.4402999878, 202.841003418, 284.918579102, 463.070495605, 493.741088867, 783.324035645, 556.212463379, 489.190155029, 468.505493164, 801.800170898, 705.31463623, 2295.046875, 1549.00878906, 878.324157715, 334.162109375, 1022.9083252, 656.358093262, 923.444885254, 1289.6171875, 587.744140625, 374.689422607, 336.386108398, 392.48614502, 303.371185303, 249.275009155, 738.891845703, 329.21496582, 838.464904785, 324.286529541, 334.993530273, 207.998626709, 251.096313477, 103.604827881, 76.65209198, 51.7651901245, 15.8293743134, 4.46890878677, 0.535429179668, 0.00766042107716],
        "mean": [1.60969150066, 6.52971839905, 6.72781944275, 7.88895273209, 7.27684593201, 7.0217590332, 7.84122228622, 6.95492553711, 8.73917007446, 9.83748054504, 14.7684803009, 13.2594099045, 14.8806390762, 14.5479431152, 16.4311332703, 14.1766452789, 18.1382198334, 15.9847898483, 15.5445280075, 14.5546226501, 14.1374340057, 13.79159832, 12.651304245, 12.0660085678, 11.1191015244, 11.9498195648, 12.6932497025, 13.2484722137, 13.6108417511, 10.8089990616, 9.00599098206, 8.22703933716, 6.27266836166, 4.89191579819, 2.6765089035, 1.36524760723, 0.598619520664, 0.167772859335, 0.0171671751887, 0.000321225670632],
        "median": [0.992770433426, 4.46939563751, 2.06774663925, 0.935043215752, 1.12932395935, 1.87030982971, 2.4231877327, 2.2319290638, 2.23420190811, 3.11818599701, 3.99955773354, 2.86927580833, 4.15915679932, 4.36424636841, 4.99962329865, 5.61079406738, 5.94325590134, 5.7841334343, 6.11071777344, 5.63787651062, 5.41150093079, 6.0207490921, 5.56257247925, 5.59791851044, 5.69358253479, 6.29379224777, 5.41362953186, 5.00383329391, 4.54083633423, 4.11886692047, 3.57505559921, 3.0129737854, 2.56844520569, 2.08899784088, 1.04838657379, 0.520588159561, 0.209638506174, 0.0495375916362, 0.00324421841651, 0.000153336877702],
        "min": [6.5888777858e-22, 4.46666867904e-21, 2.06886029915e-20, 4.64897637799e-20, 2.7987717418e-20, 7.41118932165e-20, 2.33721924179e-19, 3.86799658145e-19, 3.96464384724e-19, 2.92200698354e-19, 1.3385151295e-18, 2.04323992417e-18, 1.39298786797e-18, 1.66970170316e-18, 6.16733208856e-18, 3.2664154706e-18, 4.48345416407e-18, 5.02230112178e-18, 5.16540336775e-18, 8.50631017483e-18, 6.62671056406e-18, 7.39932827545e-18, 7.31745724715e-18, 1.17968098361e-17, 1.81412520472e-17, 1.45424803696e-17, 1.25834445366e-17, 2.71007728253e-17, 1.68097807742e-17, 2.42427959801e-17, 1.52353185788e-17, 1.60934787597e-17, 1.23243310369e-17, 1.13430392316e-17, 8.65052001564e-18, 4.70030659268e-18, 3.32607814703e-18, 1.04432017624e-18, 3.49973241232e-19, 3.91725337747e-20],
        "var": [3.74710822105, 55.6549720764, 215.469009399, 720.326171875, 604.736999512, 566.124816895, 465.544769287, 339.884613037, 356.410583496, 512.230529785, 1257.25366211, 964.539428711, 2255.9309082, 3324.00927734, 1537.70507812, 663.424560547, 2177.74560547, 1539.94372559, 982.908203125, 1109.89855957, 843.649047852, 530.011169434, 479.237579346, 448.717071533, 284.596343994, 303.09576416, 552.98626709, 496.164672852, 1417.6784668, 362.389251709, 218.695343018, 207.674194336, 107.466835022, 56.9208984375, 19.5208969116, 4.94264364243, 1.02121663094, 0.0894957259297, 0.00120001891628, 2.41910839804e-07]
    },
    "gfcc": {
        "mean": [-0.956383287907, 39.5961494446, -80.0794372559, 33.7830123901, -40.4710083008, 28.4265575409, -23.4668884277, 18.0318317413, -17.4270877838, 14.48412323, -11.8726863861, 8.71076488495, -9.68386554718],
        "cov": [[15931.0712891, -302.817687988, 2077.7019043, 978.328430176, 186.371246338, 319.831359863, -460.996337891, 410.788726807, 9.87402248383, -102.827445984, -346.198913574, 54.5940132141, -153.760025024], [-302.817687988, 1955.46264648, 758.268737793, 376.567230225, 381.86831665, -12.0608482361, 47.4821968079, -82.1787261963, 112.521614075, -114.878974915, 76.2259674072, -101.892158508, 52.5913162231], [2077.7019043, 758.268737793, 1760.05834961, 783.144348145, 502.083587646, 290.057037354, 107.184692383, 207.644134521, 209.050201416, -22.4038333893, 44.2599220276, -4.65918779373, 23.5299949646], [978.328430176, 376.567230225, 783.144348145, 785.593200684, 377.213043213, 312.199462891, 162.448654175, 111.39705658, 110.999694824, -30.886926651, 34.1745223999, -12.2532806396, 8.74538516998], [186.371246338, 381.86831665, 502.083587646, 377.213043213, 536.247558594, 256.26675415, 233.779144287, 137.019119263, 146.692749023, -4.15607690811, 69.7027816772, -5.23234844208, 17.706829071], [319.831359863, -12.0608482361, 290.057037354, 312.199462891, 256.26675415, 356.023406982, 198.396621704, 147.078430176, 96.6923828125, 29.3818264008, 33.2971382141, -0.117086023092, 16.0000114441], [-460.996337891, 47.4821968079, 107.184692383, 162.448654175, 233.779144287, 198.396621704, 284.049255371, 126.107765198, 126.906936646, 44.4549713135, 65.1154785156, 11.8021306992, 16.921339035], [410.788726807, -82.1787261963, 207.644134521, 111.39705658, 137.019119263, 147.078430176, 126.107765198, 226.274291992, 134.521835327, 72.6375274658, 40.2450714111, 22.6394195557, 15.3865728378], [9.87402248383, 112.521614075, 209.050201416, 110.999694824, 146.692749023, 96.6923828125, 126.906936646, 134.521835327, 232.113342285, 77.0487289429, 89.6182632446, 20.1440200806, 33.852306366], [-102.827445984, -114.878974915, -22.4038333893, -30.886926651, -4.15607690811, 29.3818264008, 44.4549713135, 72.6375274658, 77.0487289429, 149.430618286, 74.6084671021, 55.9914779663, 25.1267356873], [-346.198913574, 76.2259674072, 44.2599220276, 34.1745223999, 69.7027816772, 33.2971382141, 65.1154785156, 40.2450714111, 89.6182632446, 74.6084671021, 153.341629028, 65.5711898804, 47.233039856], [54.5940132141, -101.892158508, -4.65918779373, -12.2532806396, -5.23234844208, -0.117086023092, 11.8021306992, 22.6394195557, 20.1440200806, 55.9914779663, 65.5711898804, 111.105133057, 51.8841552734], [-153.760025024, 52.5913162231, 23.5299949646, 8.74538516998, 17.706829071, 16.0000114441, 16.921339035, 15.3865728378, 33.852306366, 25.1267356873, 47.233039856, 51.8841552734, 109.552627563]],
        "icov": [[0.000106095612864, 1.97247445612e-05, -8.20133573143e-05, -6.95082198945e-05, -1.40402717079e-05, -9.29474554141e-05, 0.000372667185729, -0.000230890203966, -5.45061338926e-05, 5.37523155799e-05, 0.000277592160273, -0.000304676330416, 0.000182440213393], [1.97247445612e-05, 0.000978931202553, -0.000357571407221, -0.000124306039652, -0.000584600027651, 0.0007077048067, -4.28604471381e-05, 0.00071568909334, -0.000232861857512, 0.000291617820039, -0.000720790005289, 0.00138472393155, -0.000798272842076], [-8.20133573143e-05, -0.000357571407221, 0.00148839130998, -0.000995873706415, -0.0004961535451, 4.42712807853e-05, 0.000817894586362, -0.0007823962369, -0.000487538374728, 6.42341474304e-05, 0.000267500960035, -0.000434326473624, 9.99319454422e-05], [-6.95082198945e-05, -0.000124306039652, -0.000995873706415, 0.00339743541554, -0.000425202480983, -0.00204523233697, -0.000325601897202, 0.000962613150477, -2.52823701885e-05, 0.00063240271993, -0.000348491768818, -0.000170330371475, 0.000281009299215], [-1.40402717079e-05, -0.000584600027651, -0.0004961535451, -0.000425202480983, 0.00500793801621, -0.00125479826238, -0.00243360246532, -0.00051899778191, -0.000237208674662, 0.00134138972498, -0.000855719554238, -0.000376954412786, 0.000537167536095], [-9.29474554141e-05, 0.0007077048067, 4.42712807853e-05, -0.00204523233697, -0.00125479826238, 0.00791574828327, -0.00321305030957, -0.00177785754204, 0.00129096664023, -0.000807454402093, -0.000225969663006, 0.00221985694952, -0.00169134302996], [0.000372667185729, -4.28604471381e-05, 0.000817894586362, -0.000325601897202, -0.00243360246532, -0.00321305030957, 0.0100728366524, -0.00207142555155, -0.00219415454194, 0.000209910765989, 0.000159085597261, -0.00134815042838, 0.00119139743038], [-0.000230890203966, 0.00071568909334, -0.0007823962369, 0.000962613150477, -0.00051899778191, -0.00177785754204, -0.00207142555155, 0.0107920635492, -0.00375592405908, -0.00252824998461, 0.00123659346718, 0.000213738851016, -0.000322582491208], [-5.45061338926e-05, -0.000232861857512, -0.000487538374728, -2.52823701885e-05, -0.000237208674662, 0.00129096664023, -0.00219415454194, -0.00375592405908, 0.00999233033508, -0.00226314435713, -0.00365519127809, 0.00298832124099, -0.00154972670134], [5.37523155799e-05, 0.000291617820039, 6.42341474304e-05, 0.00063240271993, 0.00134138972498, -0.000807454402093, 0.000209910765989, -0.00252824998461, -0.00226314435713, 0.0125633180141, -0.00373712345026, -0.00336976186372, 0.00111994985491], [0.000277592160273, -0.000720790005289, 0.000267500960035, -0.000348491768818, -0.000855719554238, -0.000225969663006, 0.000159085597261, 0.00123659346718, -0.00365519127809, -0.00373712345026, 0.0146251572296, -0.00708699505776, -0.000283493922325], [-0.000304676330416, 0.00138472393155, -0.000434326473624, -0.000170330371475, -0.000376954412786, 0.00221985694952, -0.00134815042838, 0.000213738851016, 0.00298832124099, -0.00336976186372, -0.00708699505776, 0.0191948078573, -0.00725622009486], [0.000182440213393, -0.000798272842076, 9.99319454422e-05, 0.000281009299215, 0.000537167536095, -0.00169134302996, 0.00119139743038, -0.000322582491208, -0.00154972670134, 0.00111994985491, -0.000283493922325, -0.00725622009486, 0.0135256722569]]
    },
    "melbands": {
        "dmean": [0.00707152951509, 0.00333603052422, 0.00174076855183, 0.000536776089575, 0.000218193366891, 0.000125435341033, 9.71880726865e-05, 8.79521467141e-05, 8.34008533275e-05, 6.51507652947e-05, 6.17098921794e-05, 4.63390933874e-05, 4.06147155445e-05, 3.53212781192e-05, 2.64877853624e-05, 2.4065559046e-05, 2.02265000553e-05, 2.25255571422e-05, 1.52879674715e-05, 1.25832784761e-05, 1.09370630526e-05, 1.12935204015e-05, 8.82850508788e-06, 8.34895854496e-06, 7.4787885751e-06, 5.45734928892e-06, 5.73761280975e-06, 4.82461973661e-06, 4.98983990838e-06, 5.9281906033e-06, 4.44542138212e-06, 4.52263202533e-06, 4.13069483329e-06, 3.6250210087e-06, 2.99395014736e-06, 3.61179149877e-06, 3.16724594995e-06, 2.66660231318e-06, 2.38291636379e-06, 2.50800667345e-06],
        "dmean2": [0.0113216452301, 0.00513981562108, 0.00309422635473, 0.000936802884098, 0.000350082758814, 0.000206672790227, 0.000155782603542, 0.000142433942528, 0.000133710709633, 0.000110147280793, 0.000105304694443, 8.1273370597e-05, 6.7201530328e-05, 5.7037708757e-05, 4.24289974035e-05, 3.84179547837e-05, 3.36480334227e-05, 3.84886443499e-05, 2.62970079348e-05, 2.14379233512e-05, 1.81854447874e-05, 1.98246052605e-05, 1.50006490003e-05, 1.43551178553e-05, 1.30774496938e-05, 9.15228793019e-06, 9.81607445283e-06, 8.26526229503e-06, 8.24967264634e-06, 1.02137673821e-05, 7.15482110536e-06, 7.45628085497e-06, 6.82662357576e-06, 5.97734015173e-06, 4.78764968648e-06, 5.83464725423e-06, 5.01461045133e-06, 4.21734603151e-06, 3.77333367396e-06, 4.1476100705e-06],
        "dvar": [0.000106231396785, 3.56255477527e-05, 3.05001940433e-05, 2.61677928393e-06, 3.71397021581e-07, 1.51663897441e-07, 6.98553535017e-08, 4.7288949645e-08, 5.39114672904e-08, 3.03840295146e-08, 3.92976922114e-08, 3.40880639271e-08, 1.24833094972e-08, 7.63855290131e-09, 4.59943638731e-09, 3.4227174428e-09, 2.71079469982e-09, 2.87202972515e-09, 1.70406455613e-09, 1.1212900608e-09, 7.51851969572e-10, 4.43000636174e-10, 3.08012865213e-10, 2.9723626338e-10, 2.72582012517e-10, 1.0496222641e-10, 1.09044738517e-10, 8.78034867036e-11, 1.38774658431e-10, 1.76185177558e-10, 7.64177818247e-11, 1.59395746602e-10, 1.46749556951e-10, 4.5141130417e-11, 3.93610907756e-11, 6.62805296758e-11, 4.81630742233e-11, 3.55474955027e-11, 2.1270585987e-11, 2.33235254027e-11],
        "dvar2": [0.000283964240225, 8.20414570626e-05, 8.47680857987e-05, 6.66302685204e-06, 8.94632307791e-07, 3.91819611423e-07, 1.79400785782e-07, 1.21305632206e-07, 1.29991093445e-07, 8.06360418437e-08, 1.00026966265e-07, 1.05959941266e-07, 2.94540232204e-08, 1.65046110112e-08, 1.07122763993e-08, 7.87135068236e-09, 6.79439082774e-09, 7.82834774782e-09, 4.54806636796e-09, 2.97152613626e-09, 1.85314996681e-09, 1.25196764067e-09, 8.23584589416e-10, 8.07481637111e-10, 7.85293274852e-10, 2.85778678499e-10, 2.94760993391e-10, 2.37837388672e-10, 3.11014047849e-10, 4.74345007717e-10, 1.77917694466e-10, 4.94638940918e-10, 3.65598468166e-10, 1.17777274045e-10, 1.03076040758e-10, 1.67484665026e-10, 1.19125917464e-10, 8.26973906021e-11, 5.05536931761e-11, 6.08850400652e-11],
        "max": [0.0816911160946, 0.0843207985163, 0.0478152707219, 0.0232705362141, 0.0220621209592, 0.0112917730585, 0.00904171261936, 0.00414787745103, 0.00842977594584, 0.00439113238826, 0.0118500925601, 0.00580973597243, 0.0050208051689, 0.0020437464118, 0.00208475696854, 0.0027128753718, 0.00134736322798, 0.00135419936851, 0.0010187724838, 0.00135246664286, 0.000686193234287, 0.00045891435002, 0.000357356970198, 0.000440457457444, 0.000297739577945, 0.00030595131102, 0.000209607940633, 0.000173534950591, 0.000527674739715, 0.000429634616012, 0.000196540888282, 0.000710711290594, 0.0007310246001, 0.000133516819915, 0.000220952308155, 0.000120036689623, 0.000130543674459, 0.00024629602558, 0.000105841325421, 7.66779266996e-05],
        "mean": [0.012475065887, 0.00530516868457, 0.00136171479244, 0.000497592787724, 0.00029096120852, 0.000159553193953, 0.000126894185087, 0.000119920696307, 0.000117842333566, 8.15861858428e-05, 7.54508073442e-05, 6.00944986218e-05, 5.59678119316e-05, 4.88954174216e-05, 3.61798702215e-05, 3.91857502109e-05, 2.87261445919e-05, 2.7215350201e-05, 1.9472448912e-05, 1.72931650013e-05, 1.5769566744e-05, 1.40904139698e-05, 1.21459916045e-05, 1.10984219646e-05, 9.64691025729e-06, 8.27555140859e-06, 8.52619450598e-06, 7.48804268369e-06, 7.77545665187e-06, 7.82683036959e-06, 7.45894749343e-06, 7.86537748354e-06, 6.98683925293e-06, 5.76508546146e-06, 5.00296027894e-06, 5.45057673662e-06, 4.80921971757e-06, 4.46765989182e-06, 4.00004819312e-06, 4.20897504227e-06],
        "median": [0.00912073533982, 0.00319486972876, 0.00017313961871, 0.000103968159237, 9.02431929717e-05, 5.21151523571e-05, 3.26492954628e-05, 3.30867114826e-05, 3.04056447931e-05, 1.59226947289e-05, 1.87206769624e-05, 1.69410704984e-05, 1.39680132634e-05, 1.32753348225e-05, 1.11107228804e-05, 1.1006168279e-05, 1.01668974821e-05, 9.50018511503e-06, 6.16739725956e-06, 6.80540870235e-06, 5.13410486747e-06, 5.34958644494e-06, 4.60095907329e-06, 4.45493924417e-06, 4.15516842622e-06, 3.93513255403e-06, 4.28907969763e-06, 3.68563883058e-06, 3.13113855555e-06, 2.8578463116e-06, 2.71837097898e-06, 2.45023443313e-06, 2.32030424741e-06, 2.19751291297e-06, 1.97444660444e-06, 1.87041860045e-06, 1.69972872754e-06, 1.68496717379e-06, 1.7030786239e-06, 1.67723374034e-06],
        "min": [7.98368493509e-24, 9.39909703656e-24, 6.89497011119e-24, 3.36055021725e-24, 7.95681238835e-24, 8.97679376159e-24, 5.4995236848e-24, 3.16855685571e-24, 1.27125621185e-23, 1.20933757277e-23, 6.43153878406e-24, 5.56995989173e-24, 1.770228326e-23, 1.115332963e-23, 9.87923407108e-24, 1.08490194361e-23, 8.94801059374e-24, 7.62107160937e-24, 1.04087072555e-23, 1.21444039842e-23, 5.86836270078e-24, 8.26014597249e-24, 5.63546808459e-24, 7.18553282613e-24, 8.99902859506e-24, 1.46921714837e-23, 1.04983100214e-23, 9.30339716471e-24, 5.64273980442e-24, 1.35758386395e-23, 1.59480206899e-23, 8.90350542805e-24, 1.26628023504e-23, 1.30601176673e-23, 7.84263818296e-24, 1.02912600662e-23, 9.62888354078e-24, 8.58061755979e-24, 8.71943262442e-24, 9.52447543339e-24],
        "var": [0.000184294607607, 5.26500225533e-05, 2.02201426873e-05, 2.46257627623e-06, 5.63041226087e-07, 1.66767264886e-07, 8.00004471557e-08, 6.74018494351e-08, 8.00929029765e-08, 3.76425575155e-08, 6.0337214336e-08, 5.18703657804e-08, 2.93822175479e-08, 1.35977096249e-08, 6.7323688846e-09, 1.60214135292e-08, 4.64779859044e-09, 2.96038082936e-09, 2.47663578534e-09, 1.30240707108e-09, 1.16863596578e-09, 6.1833704823e-10, 4.83205642166e-10, 4.62112764721e-10, 3.10527298319e-10, 1.81142378874e-10, 1.58186921895e-10, 1.30710373081e-10, 2.83266854417e-10, 1.98059554868e-10, 1.73758368804e-10, 5.32966559774e-10, 6.22154661123e-10, 8.67431543261e-11, 6.94892476893e-11, 9.56232662497e-11, 7.30879870514e-11, 6.19675907809e-11, 4.26396626341e-11, 4.44241865516e-11]
    },
    "mfcc": {
        "mean": [-657.926330566, 84.0085372925, 21.6065311432, 21.732427597, 14.0526294708, 16.5515060425, 12.8938856125, 9.78195858002, 7.85729217529, 8.54534339905, 7.15584230423, 5.7416601181, 5.58663606644],
        "cov": [[11937.8896484, -256.214172363, 680.254150391, 286.437652588, 258.324035645, -50.392375946, -167.624252319, 56.3601074219, 152.449188232, -24.4234714508, -54.9465370178, 66.5248947144, -163.042907715], [-256.214172363, 1582.52697754, 413.176269531, 338.683685303, 271.567840576, 66.3844833374, 10.8053779602, 20.5371704102, -12.3710956573, 47.7303161621, -2.47714400291, -37.0655632019, -9.80688095093], [680.254150391, 413.176269531, 1048.76623535, 455.120666504, 379.924621582, 195.063415527, 100.313751221, 160.445022583, 132.181106567, 96.5847244263, 97.8254699707, 50.9278678894, 28.6152267456], [286.437652588, 338.683685303, 455.120666504, 488.761016846, 304.758056641, 202.542984009, 128.27331543, 152.485458374, 94.8265533447, 64.2198867798, 72.6359786987, 28.2326946259, 43.1170578003], [258.324035645, 271.567840576, 379.924621582, 304.758056641, 391.545623779, 205.925079346, 155.754653931, 179.774902344, 127.352012634, 106.906509399, 78.4184036255, 52.7304916382, 40.1228599548], [-50.392375946, 66.3844833374, 195.063415527, 202.542984009, 205.925079346, 280.805206299, 177.516174316, 153.625762939, 105.820152283, 71.802947998, 52.1257553101, 51.2708969116, 42.4515571594], [-167.624252319, 10.8053779602, 100.313751221, 128.27331543, 155.754653931, 177.516174316, 237.494155884, 157.791824341, 104.940162659, 80.2169265747, 60.7691917419, 43.9027061462, 53.1357498169], [56.3601074219, 20.5371704102, 160.445022583, 152.485458374, 179.774902344, 153.625762939, 157.791824341, 229.995056152, 145.911529541, 101.88168335, 82.9125747681, 56.3544273376, 46.5865097046], [152.449188232, -12.3710956573, 132.181106567, 94.8265533447, 127.352012634, 105.820152283, 104.940162659, 145.911529541, 205.282897949, 122.423461914, 71.6335449219, 68.1373748779, 28.6201210022], [-24.4234714508, 47.7303161621, 96.5847244263, 64.2198867798, 106.906509399, 71.802947998, 80.2169265747, 101.88168335, 122.423461914, 158.799758911, 90.9666976929, 75.0678939819, 37.9639930725], [-54.9465370178, -2.47714400291, 97.8254699707, 72.6359786987, 78.4184036255, 52.1257553101, 60.7691917419, 82.9125747681, 71.6335449219, 90.9666976929, 154.168045044, 77.0990829468, 54.6602592468], [66.5248947144, -37.0655632019, 50.9278678894, 28.2326946259, 52.7304916382, 51.2708969116, 43.9027061462, 56.3544273376, 68.1373748779, 75.0678939819, 77.0990829468, 137.258392334, 71.1775054932], [-163.042907715, -9.80688095093, 28.6152267456, 43.1170578003, 40.1228599548, 42.4515571594, 53.1357498169, 46.5865097046, 28.6201210022, 37.9639930725, 54.6602592468, 71.1775054932, 134.133361816]],
