{
"lowlevel": {
    "average_loudness": 0.862336397171,
    "barkbands_crest": {
        "dmean": 3.45365715027,
        "dmean2": 5.39546060562,
        "dvar": 11.525141716,
        "dvar2": 25.9826469421,
        "max": 26.6790962219,
        "mean": 11.7840270996,
        "median": 10.6483478546,
        "min": 1.8892147541,
        "var": 40.9768829346
    },
    "barkbands_flatness_db": {
        "dmean": 0.0335084013641,
        "dmean2": 0.049608822912,
        "dvar": 0.00165272515733,
        "dvar2": 0.00342877116054,
        "max": 0.633194983006,
        "mean": 0.125263363123,
        "median": 0.107229530811,
        "min": 0.0162360183895,
        "var": 0.00548459542915
    },
    "barkbands_kurtosis": {
        "dmean": 11.2838630676,
        "dmean2": 18.0422401428,
        "dvar": 3389.11181641,
        "dvar2": 7741.50976562,
        "max": 2693.7121582,
        "mean": 10.3626298904,
        "median": -0.0774757862091,
        "min": -1.97190201283,
        "var": 4608.92285156
    },
    "barkbands_skewness": {
        "dmean": 1.08373558521,
        "dmean2": 1.61730992794,
        "dvar": 3.80476760864,
        "dvar2": 8.38290786743,
        "max": 39.6194038391,
        "mean": 1.44172847271,
        "median": 0.941902399063,
        "min": -6.28593826294,
        "var": 7.46076822281
    },
    "barkbands_spread": {
        "dmean": 12.3461923599,
        "dmean2": 19.5900688171,
        "dvar": 174.004180908,
        "dvar2": 427.967102051,
        "max": 128.314208984,
        "mean": 39.7889328003,
        "median": 39.136428833,
        "min": 0.0416318178177,
        "var": 462.94039917
    },
    "dissonance": {
        "dmean": 0.0136191425845,
        "dmean2": 0.0230298563838,
        "dvar": 0.000298676837701,
        "dvar2": 0.000792711391114,
        "max": 0.500000119209,
        "mean": 0.479717969894,
        "median": 0.48579543829,
        "min": 0.12576186657,
        "var": 0.000474253989523
    },
    "dynamic_complexity": 3.20412802696,
    "erbbands_crest": {
        "dmean": 2.83264493942,
        "dmean2": 4.6486992836,
        "dvar": 8.73331642151,
        "dvar2": 21.2817592621,
        "max": 30.1154575348,
        "mean": 7.53960847855,
        "median": 6.20828437805,
        "min": 2.24540328979,
        "var": 18.7135791779
    },
    "erbbands_flatness_db": {
        "dmean": 0.0202475897968,
        "dmean2": 0.0301482528448,
        "dvar": 0.000459041330032,
        "dvar2": 0.000963237369433,
        "max": 0.428440392017,
        "mean": 0.134790241718,
        "median": 0.124104812741,
        "min": 0.0459622070193,
        "var": 0.00242799846455
    },
    "erbbands_kurtosis": {
        "dmean": 1.27465581894,
        "dmean2": 2.05649733543,
        "dvar": 8.22555923462,
        "dvar2": 16.738193512,
        "max": 119.318450928,
        "mean": 0.380791276693,
        "median": -0.523209452629,
        "min": -1.90191948414,
        "var": 15.591796875
    },
    "erbbands_skewness": {
        "dmean": 0.49852091074,
        "dmean2": 0.778717517853,
        "dvar": 0.298318475485,
        "dvar2": 0.686485469341,
        "max": 9.73481559753,
        "mean": -0.228451147676,
        "median": -0.227542638779,
        "min": -5.94934082031,
        "var": 0.833777725697
    },
    "erbbands_spread": {
        "dmean": 15.7666482925,
        "dmean2": 24.3697299957,
        "dvar": 321.014556885,
        "dvar2": 720.189941406,
        "max": 210.304519653,
        "mean": 55.1234550476,
        "median": 50.3672828674,
        "min": 2.24341988564,
        "var": 799.485107422
    },
    "hfc": {
        "dmean": 18.756980896,
        "dmean2": 30.0349063873,
        "dvar": 856.012145996,
        "dvar2": 2294.0480957,
        "max": 350.46661377,
        "mean": 39.6640663147,
        "median": 31.480052948,
        "min": 1.18078311906e-16,
        "var": 1271.15441895
    },
    "melbands_crest": {
        "dmean": 4.66519641876,
        "dmean2": 7.29290008545,
        "dvar": 19.053188324,
        "dvar2": 45.4222488403,
        "max": 37.230632782,
        "mean": 18.1496715546,
        "median": 18.1280403137,
        "min": 1.89844596386,
        "var": 69.2627639771
    },
    "melbands_flatness_db": {
        "dmean": 0.0443917140365,
        "dmean2": 0.0645754560828,
        "dvar": 0.00261644367129,
        "dvar2": 0.00544616719708,
        "max": 0.759608387947,
        "mean": 0.162605792284,
        "median": 0.143563598394,
        "min": 0.00607636757195,
        "var": 0.0096849296242
    },
    "melbands_kurtosis": {
        "dmean": 31.5068359375,
        "dmean2": 48.9104042053,
        "dvar": 11860.8798828,
        "dvar2": 24403.8808594,
        "max": 2096.87329102,
        "mean": 38.6737709045,
        "median": 7.49836206436,
        "min": -1.92633235455,
        "var": 17489.8554688
    },
    "melbands_skewness": {
        "dmean": 1.61127686501,
        "dmean2": 2.4019343853,
        "dvar": 6.45024967194,
        "dvar2": 12.9699993134,
        "max": 33.7024803162,
        "mean": 3.62887835503,
        "median": 2.57095170021,
        "min": -3.12324261665,
        "var": 15.8062200546
    },
    "melbands_spread": {
        "dmean": 19.7237071991,
        "dmean2": 31.1844787598,
        "dvar": 614.772705078,
        "dvar2": 1408.44702148,
        "max": 299.891540527,
        "mean": 45.6346702576,
        "median": 36.4218978882,
        "min": 0.154959693551,
        "var": 1529.21862793
    },
    "pitch_salience": {
        "dmean": 0.0997339561582,
        "dmean2": 0.152678221464,
        "dvar": 0.0104401474819,
        "dvar2": 0.0215262100101,
        "max": 0.964106380939,
        "mean": 0.52095746994,
        "median": 0.551784038544,
        "min": 0.0141548542306,
        "var": 0.0373722687364
    },
    "silence_rate_20dB": {
        "dmean": 0,
        "dmean2": 0,
        "dvar": 0,
        "dvar2": 0,
        "max": 1,
        "mean": 1,
        "median": 1,
        "min": 1,
        "var": 0
    },
    "silence_rate_30dB": {
        "dmean": 0,
        "dmean2": 0,
        "dvar": 0,
        "dvar2": 0,
        "max": 1,
        "mean": 1,
        "median": 1,
        "min": 1,
        "var": 0
    },
    "silence_rate_60dB": {
        "dmean": 0.0440217964351,
        "dmean2": 0.0880530029535,
        "dvar": 0.0420894697309,
        "dvar2": 0.0950450673699,
        "max": 1,
        "mean": 0.0817307680845,
        "median": 0,
        "min": 0,
        "var": 0.0750535354018
    },
    "spectral_centroid": {
        "dmean": 545.413879395,
        "dmean2": 836.339233398,
        "dvar": 329582.4375,
        "dvar2": 722922,
        "max": 11189.6347656,
        "mean": 2321.02636719,
        "median": 2384.58398438,
        "min": 65.6082992554,
        "var": 974272.125
    },
    "spectral_complexity": {
        "dmean": 7.68906927109,
        "dmean2": 11.331908226,
        "dvar": 72.6540145874,
        "dvar2": 148.55380249,
        "max": 65,
        "mean": 20.6909179688,
        "median": 19,
        "min": 0,
        "var": 219.389328003
    },
    "spectral_decrease": {
        "dmean": 1.85932802488e-09,
        "dmean2": 2.72478839491e-09,
        "dvar": 4.72890181287e-18,
        "dvar2": 1.02200960551e-17,
        "max": 5.95416649747e-29,
        "mean": -6.31590246769e-09,
        "median": -5.10771247519e-09,
        "min": -2.72882640928e-08,
        "var": 2.62711503756e-17
    },
    "spectral_energy": {
        "dmean": 0.00784442201257,
        "dmean2": 0.0117305628955,
        "dvar": 8.32246150821e-05,
        "dvar2": 0.000187156023458,
        "max": 0.104982353747,
        "mean": 0.0274352114648,
        "median": 0.0239713918418,
        "min": 1.0554492613e-20,
        "var": 0.00042038373067
    },
    "spectral_energyband_high": {
        "dmean": 0.00194193399511,
        "dmean2": 0.00313738849945,
        "dvar": 9.16364024306e-06,
        "dvar2": 2.4097149435e-05,
        "max": 0.0377291589975,
        "mean": 0.00374815566465,
        "median": 0.0026271645911,
        "min": 7.71683336579e-21,
        "var": 1.50348469106e-05
    },
    "spectral_energyband_low": {
        "dmean": 0.00438162731007,
        "dmean2": 0.00614943774417,
        "dvar": 6.07093606959e-05,
        "dvar2": 0.000115794769954,
        "max": 0.0993409976363,
        "mean": 0.0123293148354,
        "median": 0.00211910670623,
        "min": 3.70341038702e-23,
        "var": 0.00032158580143
    },
    "spectral_energyband_middle_high": {
        "dmean": 0.00300102028996,
        "dmean2": 0.00476674409583,
        "dvar": 2.22368180403e-05,
        "dvar2": 5.61976703466e-05,
        "max": 0.0614114739001,
        "mean": 0.00494455732405,
        "median": 0.00320151541382,
        "min": 1.41972001408e-21,
        "var": 3.38699574058e-05
    },
    "spectral_energyband_middle_low": {
        "dmean": 0.00467354571447,
        "dmean2": 0.00740868365392,
        "dvar": 6.49173089187e-05,
        "dvar2": 0.000157081783982,
        "max": 0.086338326335,
        "mean": 0.00701593514532,
        "median": 0.00379069149494,
        "min": 1.32490337613e-22,
        "var": 8.656240243e-05
    },
    "spectral_entropy": {
        "dmean": 0.188706323504,
        "dmean2": 0.285269528627,
        "dvar": 0.0508946739137,
        "dvar2": 0.109644331038,
        "max": 9.81198120117,
        "mean": 8.1181678772,
        "median": 8.211561203,
        "min": 4.89919137955,
        "var": 0.173378899693
    },
    "spectral_flux": {
        "dmean": 0.0268200766295,
        "dmean2": 0.0398037880659,
        "dvar": 0.000858495826833,
        "dvar2": 0.00176766887307,
        "max": 0.326254576445,
        "mean": 0.0956968814135,
        "median": 0.0881175100803,
        "min": 6.71858263468e-11,
        "var": 0.00290860887617
    },
    "spectral_kurtosis": {
        "dmean": 0.902371942997,
        "dmean2": 1.44094026089,
        "dvar": 3.24739193916,
        "dvar2": 8.57657432556,
        "max": 50.1034164429,
        "mean": 1.99244129658,
        "median": 1.53700637817,
        "min": -1.24861061573,
        "var": 7.08090353012
    },
    "spectral_rms": {
        "dmean": 0.000791480357293,
        "dmean2": 0.00116062688176,
        "dvar": 7.41023313822e-07,
        "dvar2": 1.52445761614e-06,
        "max": 0.0101203657687,
        "mean": 0.00472126854584,
        "median": 0.00483598187566,
        "min": 3.20890427945e-12,
        "var": 4.47564116257e-06
    },
    "spectral_rolloff": {
        "dmean": 1446.04443359,
        "dmean2": 2360.86767578,
        "dvar": 3130285.5,
        "dvar2": 6948067.5,
        "max": 19056.8847656,
        "mean": 3760.54541016,
        "median": 3531.4453125,
        "min": 64.599609375,
        "var": 9083979
    },
    "spectral_skewness": {
        "dmean": 0.189371272922,
        "dmean2": 0.292420744896,
        "dvar": 0.0520410351455,
        "dvar2": 0.116999186575,
        "max": 5.35254621506,
        "mean": 1.06543493271,
        "median": 1.02695250511,
        "min": -0.348316013813,
        "var": 0.176433458924
    },
    "spectral_spread": {
        "dmean": 842795.5,
        "dmean2": 1253748.75,
        "dvar": 1.01438554112e+12,
        "dvar2": 1.9540475904e+12,
        "max": 41726588,
        "mean": 6487404,
        "median": 6303281,
        "min": 1098883.875,
        "var": 4.25574085427e+12
    },
    "spectral_strongpeak": {
        "dmean": 0.441922456026,
        "dmean2": 0.748920202255,
        "dvar": 0.654792487621,
        "dvar2": 1.7028195858,
        "max": 13.6543588638,
        "mean": 0.724718987942,
        "median": 0.462137669325,
        "min": 0,
        "var": 0.87367016077
    },
    "zerocrossingrate": {
        "dmean": 0.023622347042,
        "dmean2": 0.0263770483434,
        "dvar": 0.000583397748414,
        "dvar2": 0.000693912908901,
        "max": 0.828125,
        "mean": 0.119354873896,
        "median": 0.10986328125,
        "min": 0.00244140625,
        "var": 0.00519460020587
    },
    "barkbands": {
        "dmean": [0.000161865173141, 0.00365092582069, 0.00183019344695, 0.0012291232124, 0.00251987646334, 0.000976906041615, 0.000655988464132, 0.000471866864245, 0.000516625412274, 0.000558223342523, 0.00043657887727, 0.000404001708375, 0.000426818412961, 0.000426910439273, 0.000352334784111, 0.000363897066563, 0.000311551353661, 0.000372152484488, 0.000404947029892, 0.00040904909838, 0.000495717977174, 0.000430760643212, 0.000362894730642, 0.000354664487531, 0.000274704914773, 0.000135635375045, 1.40490246849e-05],
        "dmean2": [0.00023611098004, 0.00482029421255, 0.0029378766194, 0.00221246154979, 0.00422438979149, 0.00165992428083, 0.00109050120227, 0.000762833340559, 0.000845238391776, 0.000941949663684, 0.000706037099008, 0.000662634964101, 0.00068372359965, 0.000700617150869, 0.000594194105361, 0.00060609128559, 0.000521615787875, 0.000601651612669, 0.000678955053445, 0.000687340041623, 0.00081982271513, 0.000700274831615, 0.000581285974476, 0.000574375677388, 0.000454813940451, 0.000226710588322, 2.42875812546e-05],
        "dvar": [1.24225365994e-07, 4.21033146267e-05, 3.65041050827e-05, 1.55596517288e-05, 3.6493576772e-05, 4.40781241196e-06, 3.60225590157e-06, 1.9040717234e-06, 2.15810177906e-06, 1.64735035924e-06, 1.3032579318e-06, 1.58721945809e-06, 1.40853762787e-06, 1.48409185385e-06, 5.91892671764e-07, 5.86554676829e-07, 2.65816481715e-07, 3.66144149666e-07, 6.06012974913e-07, 5.38357994628e-07, 7.0408003694e-07, 5.7994202507e-07, 3.60495363338e-07, 3.23915998024e-07, 1.68374128862e-07, 6.04515122404e-08, 1.40971934126e-09],
        "dvar2": [3.05605482254e-07, 7.57800007705e-05, 8.57004124555e-05, 4.33193345089e-05, 9.75463990471e-05, 1.14435833893e-05, 9.59772933129e-06, 4.03376452596e-06, 5.18982596986e-06, 3.86697320209e-06, 2.93327707368e-06, 3.58919692189e-06, 3.09086590278e-06, 3.69700660485e-06, 1.47973617004e-06, 1.35688458158e-06, 6.98937242305e-07, 9.11045049179e-07, 1.65420362919e-06, 1.4745869521e-06, 1.90973128156e-06, 1.42956412219e-06, 8.53918720622e-07, 8.2067032281e-07, 4.42870316419e-07, 1.60313547326e-07, 3.88065979351e-09],
        "max": [0.00734303472564, 0.0881773978472, 0.0619574412704, 0.0350681990385, 0.0808189883828, 0.0330229364336, 0.0332943834364, 0.0366076938808, 0.0385867133737, 0.0188882257789, 0.0403083004057, 0.0360200963914, 0.0271575953811, 0.0384389869869, 0.0160386096686, 0.0325612090528, 0.00980432145298, 0.0104393903166, 0.00849339924753, 0.0103157898411, 0.00899714976549, 0.0192068312317, 0.00981585495174, 0.00798811763525, 0.00544219044968, 0.00515964254737, 0.00052657048218],
        "mean": [0.00029895271291, 0.00992452539504, 0.00160097132903, 0.000897097983398, 0.00291133113205, 0.00111505959649, 0.000773773819674, 0.000585641770158, 0.000557025836315, 0.000599526742008, 0.000528167642187, 0.000431846448919, 0.000480503862491, 0.000479441165226, 0.000417621922679, 0.000427718943683, 0.000397743104259, 0.000488091114676, 0.000530384422746, 0.000577412953135, 0.000749901926611, 0.00070605170913, 0.000658027885947, 0.000601384206675, 0.000475217326311, 0.000206748547498, 1.5113313566e-05],
        "median": [2.6531284675e-05, 0.000974702066742, 5.76281454414e-05, 6.20738137513e-05, 0.000630378141068, 0.000261046050582, 0.000192955398234, 9.84143116511e-05, 0.000110020133434, 0.000129957625177, 0.000107318504888, 0.000107667190605, 0.000134041445563, 0.000128962419694, 0.000151676678797, 0.000157064874656, 0.000184404314496, 0.000237000756897, 0.000249646196608, 0.000311282987241, 0.000433271576185, 0.000416777678765, 0.000396679533878, 0.000375559320673, 0.000278709805571, 0.000117289178888, 4.09538733948e-06],
        "min": [4.00972673313e-24, 1.19536100857e-23, 9.70152816382e-24, 7.82773107843e-24, 1.18813890809e-23, 8.55679632704e-24, 1.35596622578e-23, 1.89762888888e-23, 2.70497154293e-23, 4.17134910759e-23, 3.21254295093e-23, 4.08287520163e-23, 3.40514902073e-23, 4.05245420077e-23, 8.30449399709e-23, 5.01895806215e-23, 9.60031730968e-23, 2.41614741432e-22, 3.01113660129e-22, 3.02632261548e-22, 3.79730704907e-22, 4.36354080454e-22, 5.44717517489e-22, 7.75062478433e-22, 1.14712048236e-21, 1.62258696807e-21, 2.30181402941e-21],
        "var": [3.24529736417e-07, 0.000249644566793, 3.40741353284e-05, 1.03108386611e-05, 3.66842723452e-05, 5.06302694703e-06, 3.61148272532e-06, 4.31266698797e-06, 2.64507252723e-06, 1.87455339073e-06, 2.43643285103e-06, 1.87882687896e-06, 1.81675557087e-06, 1.871943482e-06, 7.37571667742e-07, 9.36172000365e-07, 3.38459216209e-07, 4.74554269658e-07, 7.08436118657e-07, 6.7657811087e-07, 8.87989187959e-07, 8.19804824914e-07, 7.54180064177e-07, 5.48748630536e-07, 3.12620642262e-07, 8.40149354531e-08, 1.17736387306e-09]
    },
    "erbbands": {
        "dmean": [0.144407644868, 0.743489027023, 1.90223109722, 3.38654708862, 5.6722369194, 9.23199176788, 9.58528995514, 7.03892469406, 9.27521705627, 8.5189743042, 10.7685089111, 12.1999902725, 15.2478761673, 17.4622688293, 17.0909156799, 16.5626049042, 19.1746768951, 21.2423267365, 19.9080600739, 19.2189731598, 17.1188774109, 16.5827674866, 17.9398384094, 21.9735450745, 19.4137001038, 19.406457901, 21.768321991, 18.1848506927, 16.5513458252, 12.0373859406, 10.7035636902, 8.61251735687, 5.19086313248, 3.48409414291, 1.80062198639, 0.724319636822, 0.236225783825, 0.0347809456289, 0.00212410162203, 5.09412711835e-05],
        "dmean2": [0.15950410068, 1.02845537663, 2.88005685806, 5.85299301147, 9.57631397247, 15.7218103409, 16.6521434784, 11.8120288849, 15.3731203079, 14.0440635681, 17.1750679016, 19.8284912109, 25.4144039154, 28.864938736, 27.2391395569, 26.8838844299, 30.2014350891, 34.1574172974, 33.155834198, 31.9629402161, 28.3826141357, 27.548456192, 28.707403183, 36.7703094482, 32.1071090698, 32.5616111755, 36.1309623718, 30.1259746552, 27.1390571594, 19.4958267212, 17.3177127838, 13.9506778717, 8.46687602997, 5.77584028244, 2.98143267632, 1.19573247433, 0.40044811368, 0.0589864142239, 0.00365512445569, 8.48517520353e-05],
        "dvar": [0.0640492290258, 2.15533685684, 34.2421836853, 125.943305969, 295.925933838, 482.885040283, 466.155883789, 245.464019775, 761.435668945, 529.744689941, 1046.92492676, 1326.34509277, 1615.5345459, 1725.7857666, 1872.94812012, 2488.07714844, 2460.64697266, 4012.14575195, 2032.65881348, 2062.35864258, 1006.66149902, 722.764099121, 766.630187988, 1788.32543945, 1518.66589355, 1258.50732422, 1523.59655762, 847.117797852, 869.161315918, 424.871246338, 339.527740479, 191.631484985, 67.1863327026, 27.3617134094, 7.33121776581, 1.31810545921, 0.228933632374, 0.0078959595412, 3.00956162391e-05, 1.10924958108e-08],
        "dvar2": [0.0837562978268, 4.1898393631, 75.0027694702, 341.270629883, 812.358947754, 1303.99133301, 1291.95361328, 619.553833008, 1976.11706543, 1388.38427734, 2111.45214844, 3088.13623047, 3935.85766602, 3901.87768555, 4181.40673828, 5391.82910156, 5373.00341797, 9696.28613281, 5269.50292969, 4744.83349609, 2542.95043945, 1882.87280273, 1828.93115234, 4935.04199219, 4135.50390625, 3489.50341797, 4161.38232422, 2192.36401367, 2177.28588867, 1031.43603516, 816.915161133, 470.414672852, 173.529708862, 72.6839904785, 19.4262924194, 3.38148331642, 0.611419975758, 0.0217872653157, 8.19256092655e-05, 3.03402316604e-08],
        "max": [4.22252845764, 19.9924182892, 62.0965614319, 106.6432724, 207.506744385, 299.901275635, 304.542510986, 375.947174072, 580.624023438, 447.740478516, 1007.50274658, 1097.03430176, 748.276855469, 597.656799316, 1380.2052002, 1661.58837891, 1221.17956543, 1751.90930176, 1151.19311523, 2048.41479492, 529.220581055, 389.971862793, 345.279052734, 512.044677734, 702.076599121, 457.51739502, 408.966491699, 446.213745117, 647.978210449, 560.104125977, 309.342956543, 190.452514648, 112.97769928, 67.329284668, 34.3399772644, 21.634054184, 10.6094331741, 1.21243739128, 0.0955466777086, 0.0015697645722],
        "mean": [0.379106879234, 1.85377311707, 2.04452824593, 2.69196748734, 5.83182048798, 9.98213100433, 11.2055845261, 8.22728824615, 10.916258812, 10.6749544144, 13.8214378357, 13.7217950821, 15.4874095917, 20.9391880035, 21.3555297852, 18.8455238342, 22.0515899658, 25.4264640808, 23.1409416199, 23.9260902405, 21.729593277, 21.8862171173, 24.9968395233, 28.2582759857, 26.3087329865, 27.6108875275, 30.7578887939, 28.7905883789, 26.013168335, 21.2872638702, 18.6404571533, 14.1316719055, 9.0412902832, 6.02084589005, 2.9677927494, 1.16403317451, 0.332237839699, 0.0468666367233, 0.00238271686248, 9.69640386757e-05],
        "median": [0.0309562627226, 0.192993074656, 0.26031845808, 0.219361871481, 0.72866922617, 2.14102888107, 2.2562584877, 2.25410962105, 2.92841339111, 2.80830311775, 2.50630331039, 2.91576075554, 3.45556259155, 5.39242649078, 5.430560112, 5.50502490997, 6.70566082001, 7.23105192184, 8.3240070343, 8.76412773132, 9.44637680054, 10.8506994247, 12.7206897736, 13.2452640533, 13.2330226898, 14.9475984573, 16.5596580505, 16.7377948761, 14.7026109695, 13.4023160934, 11.1305274963, 8.33906555176, 5.64206218719, 3.54032945633, 1.7220839262, 0.681311249733, 0.178385078907, 0.0213837400079, 0.000757412286475, 7.1161382948e-05],
        "min": [4.05227850567e-22, 2.64123495181e-21, 9.82697837855e-21, 2.53104342744e-20, 1.52104168235e-20, 2.78557562609e-20, 3.60280809931e-20, 7.26063728029e-20, 1.62556331982e-19, 2.33654793302e-19, 5.04702803183e-19, 6.93291711039e-19, 1.26613879046e-18, 1.59821168814e-18, 1.45970877317e-18, 2.14462662467e-18, 2.3963025299e-18, 1.88872134498e-18, 3.43904310136e-18, 3.20389633273e-18, 4.45568612449e-18, 6.62657449284e-18, 9.67668388763e-18, 1.4901433742e-17, 1.41949288547e-17, 1.22019174052e-17, 1.35394486034e-17, 1.46746721033e-17, 1.44180161572e-17, 1.42066814368e-17, 1.47554611793e-17, 1.20746035556e-17, 1.28846706285e-17, 1.03016279394e-17, 9.72134502326e-18, 5.94966075114e-18, 2.82266264367e-18, 1.00923903287e-18, 2.98024463457e-19, 3.3716221041e-20],
        "var": [0.430955350399, 8.94373703003, 38.7880706787, 89.346496582, 250.484298706, 452.233825684, 524.463806152, 288.74017334, 738.427001953, 694.692993164, 2797.86108398, 1692.06445312, 1731.20825195, 2211.90869141, 3460.5637207, 3223.34423828, 3255.70117188, 5651.35253906, 2049.14477539, 4178.37158203, 1304.71533203, 925.911193848, 1121.3614502, 1898.45385742, 1738.26025391, 1497.42980957, 1734.29394531, 1268.31774902, 1170.53479004, 700.311889648, 654.877502441, 340.391845703, 115.350212097, 50.765499115, 12.7066221237, 2.14947938919, 0.284846782684, 0.00739470403641, 2.65371381829e-05, 1.25409584939e-08]
    },
    "gfcc": {
        "mean": [5.27133846283, 19.6086750031, -108.262062073, 42.1722831726, -64.7551651001, 23.3429107666, -39.8187904358, 12.1530284882, -25.688785553, 9.34636116028, -14.8578357697, 8.85603141785, -8.26599597931],
        "cov": [[13924.6572266, -1151.27148438, 293.65927124, 280.62991333, -133.954315186, 154.181564331, -134.020874023, 343.524047852, -324.593292236, 319.526092529, -307.543792725, 279.333129883, -132.938217163], [-1151.27148438, 2027.12280273, 122.716796875, 65.3469085693, 131.037994385, -220.445449829, 79.4569091797, -172.546737671, 141.010803223, -106.43812561, 121.63306427, -149.844497681, 0.162492319942], [293.65927124, 122.716796875, 1372.44335938, 606.350158691, 354.980499268, 331.301116943, 147.300735474, 206.268341064, 96.935546875, 97.3650131226, 22.6259021759, 99.8068161011, 68.9935684204], [280.62991333, 65.3469085693, 606.350158691, 684.977966309, 349.025146484, 271.505279541, 156.068145752, 132.536010742, 117.539070129, 67.2394256592, 25.754032135, 51.9244842529, 47.5704460144], [-133.954315186, 131.037994385, 354.980499268, 349.025146484, 512.743835449, 334.803985596, 268.424285889, 191.105743408, 149.483718872, 43.086933136, 60.3469772339, 54.762172699, 72.1526184082], [154.181564331, -220.445449829, 331.301116943, 271.505279541, 334.803985596, 545.391967773, 338.267791748, 256.959289551, 105.554527283, 73.7988128662, 39.15832901, 78.6914520264, 68.1196746826], [-134.020874023, 79.4569091797, 147.300735474, 156.068145752, 268.424285889, 338.267791748, 473.002685547, 257.95211792, 141.381973267, 57.2230758667, 61.4828186035, 49.3807182312, 55.1925239563], [343.524047852, -172.546737671, 206.268341064, 132.536010742, 191.105743408, 256.959289551, 257.95211792, 359.938415527, 177.665481567, 106.574066162, 37.9677848816, 75.489692688, 47.8810920715], [-324.593292236, 141.010803223, 96.935546875, 117.539070129, 149.483718872, 105.554527283, 141.381973267, 177.665481567, 273.013824463, 132.340576172, 92.6979675293, 34.3688163757, 35.1733665466], [319.526092529, -106.43812561, 97.3650131226, 67.2394256592, 43.086933136, 73.7988128662, 57.2230758667, 106.574066162, 132.340576172, 214.62437439, 104.330337524, 60.3736572266, 3.47615814209], [-307.543792725, 121.63306427, 22.6259021759, 25.754032135, 60.3469772339, 39.15832901, 61.4828186035, 37.9677848816, 92.6979675293, 104.330337524, 174.429702759, 78.0677261353, 36.4670639038], [279.333129883, -149.844497681, 99.8068161011, 51.9244842529, 54.762172699, 78.6914520264, 49.3807182312, 75.489692688, 34.3688163757, 60.3736572266, 78.0677261353, 156.046188354, 88.1596984863], [-132.938217163, 0.162492319942, 68.9935684204, 47.5704460144, 72.1526184082, 68.1196746826, 55.1925239563, 47.8810920715, 35.1733665466, 3.47615814209, 36.4670639038, 88.1596984863, 138.717926025]],
        "icov": [[0.000120495678857, -9.54711140366e-05, 8.50822034408e-05, -9.66131483437e-05, -8.64194225869e-06, -1.75482127815e-05, 0.000105660212284, -0.000267359922873, 0.000416876951931, -0.000510206853505, 0.000590546289459, -0.000573245750275, 0.000285909860395], [-9.54711140366e-05, 0.00109968939796, -0.000432183383964, 0.00014556304086, -0.000247774849413, 0.00082834722707, -0.000800628680736, 0.000982251716778, -0.00122771167662, 0.0014662015019, -0.00187858543359, 0.00193288130686, -0.000686129846144], [8.50822034408e-05, -0.000432183383964, 0.00149565830361, -0.00109360879287, -9.67930754996e-05, -0.000482889561681, 0.000669839850161, -0.000923639396206, 0.00100207480136, -0.00102507136762, 0.00106938462704, -0.00116836058442, 0.000285964430077], [-9.66131483437e-05, 0.00014556304086, -0.00109360879287, 0.00326200248674, -0.00141314871144, -0.000299913430354, -7.21042088117e-05, 0.00105383736081, -0.0010977324564, 0.000107104926428, 0.000167718011653, 0.000219134366489, -2.79230407614e-05], [-8.64194225869e-06, -0.000247774849413, -9.67930754996e-05, -0.00141314871144, 0.00495584961027, -0.00181051692925, -0.000540735956747, -0.000191763348994, -0.0011537221726, 0.00131827616133, -0.000861387350596, 0.000228506949497, -0.00054182409076], [-1.75482127815e-05, 0.00082834722707, -0.000482889561681, -0.000299913430354, -0.00181051692925, 0.00554758356884, -0.00259800697677, -0.000667698739562, 0.000750787789002, -0.000180921459105, -0.00056541810045, 0.000836397230159, -0.000761874893215], [0.000105660212284, -0.000800628680736, 0.000669839850161, -7.21042088117e-05, -0.000540735956747, -0.00259800697677, 0.00577654968947, -0.00314718438312, 0.000844026741106, -0.000173986132722, -0.000156722555403, -0.000298598519294, 0.000160094903549], [-0.000267359922873, 0.000982251716778, -0.000923639396206, 0.00105383736081, -0.000191763348994, -0.000667698739562, -0.00314718438312, 0.00902070198208, -0.00541223539039, 0.000704239297193, 0.00103122380096, -0.000952473434154, 9.56900112214e-05], [0.000416876951931, -0.00122771167662, 0.00100207480136, -0.0010977324564, -0.0011537221726, 0.000750787789002, 0.000844026741106, -0.00541223539039, 0.0112542072311, -0.00618501240388, 0.000470631377539, 0.000461618910776, -0.0010730070062], [-0.000510206853505, 0.0014662015019, -0.00102507136762, 0.000107104926428, 0.00131827616133, -0.000180921459105, -0.000173986132722, 0.000704239297193, -0.00618501240388, 0.0132984342054, -0.00804458744824, 0.00168302643578, 0.00149196234997], [0.000590546289459, -0.00187858543359, 0.00106938462704, 0.000167718011653, -0.000861387350596, -0.00056541810045, -0.000156722555403, 0.00103122380096, 0.000470631377539, -0.00804458744824, 0.016825042665, -0.0103767542168, 0.00266480143182], [-0.000573245750275, 0.00193288130686, -0.00116836058442, 0.000219134366489, 0.000228506949497, 0.000836397230159, -0.000298598519294, -0.000952473434154, 0.000461618910776, 0.00168302643578, -0.0103767542168, 0.0204035751522, -0.0105261253193], [0.000285909860395, -0.000686129846144, 0.000285964430077, -2.79230407614e-05, -0.00054182409076, -0.000761874893215, 0.000160094903549, 9.56900112214e-05, -0.0010730070062, 0.00149196234997, 0.00266480143182, -0.0105261253193, 0.0141340848058]]
    },
    "melbands": {
        "dmean": [0.00110670551658, 0.000871285505127, 0.00059772253735, 0.00058118160814, 0.000335006305249, 0.000162237935001, 0.00014110399934, 9.10642411327e-05, 8.95639241207e-05, 7.61634219089e-05, 7.75960361352e-05, 7.25847712602e-05, 5.91975694988e-05, 4.62998104922e-05, 4.40700823674e-05, 4.33297500422e-05, 4.10649699916e-05, 3.42558414559e-05, 2.52949757851e-05, 2.84322377411e-05, 1.95000138774e-05, 1.80340339284e-05, 1.81527520908e-05, 1.7390899302e-05, 1.89446691365e-05, 1.48797880684e-05, 1.37007018566e-05, 1.3402114746e-05, 1.51853564603e-05, 1.16669816634e-05, 1.09739194158e-05, 1.03656320789e-05, 7.91806178313e-06, 6.79920549373e-06, 6.60522619e-06, 6.15410863247e-06, 5.22692926097e-06, 3.92903757529e-06, 3.21860829899e-06, 3.07739378513e-06],
        "dmean2": [0.00132128119003, 0.00124388455879, 0.00100759346969, 0.000972292385995, 0.000578891835175, 0.00027261590003, 0.000233690181631, 0.000149864077684, 0.000143000928801, 0.000124286510982, 0.000129864507471, 0.000121079705423, 9.44007115322e-05, 7.57169182179e-05, 7.13144036126e-05, 6.8656008807e-05, 6.69475193718e-05, 5.70858683204e-05, 4.25937942055e-05, 4.72966639791e-05, 3.27374691551e-05, 3.03894958051e-05, 2.95996815112e-05, 2.78839106613e-05, 3.21139341395e-05, 2.46505878749e-05, 2.30875120906e-05, 2.2603529942e-05, 2.55998693319e-05, 1.92687875824e-05, 1.83670908882e-05, 1.71500814758e-05, 1.3033981304e-05, 1.10096289063e-05, 1.07052637759e-05, 1.01195137177e-05, 8.53670553624e-06, 6.43294697511e-06, 5.34427226739e-06, 5.16786030857e-06],
        "dvar": [3.53373025064e-06, 4.80515382151e-06, 3.10600103148e-06, 2.41987822847e-06, 5.0646156069e-07, 1.2548957784e-07, 1.69834933672e-07, 5.88378448185e-08, 6.72312054917e-08, 5.10330089298e-08, 4.16566976469e-08, 3.01071523268e-08, 2.39484734266e-08, 1.95494376243e-08, 1.82232557933e-08, 1.6523660662e-08, 1.74226002514e-08, 6.87709755809e-09, 3.38521788379e-09, 4.07338740516e-09, 1.42436329398e-09, 1.00811714532e-09, 8.35099212004e-10, 7.75030983835e-10, 1.42940526082e-09, 7.52925832792e-10, 8.59780913132e-10, 5.63690538691e-10, 7.92648224834e-10, 3.7414546461e-10, 3.16025677849e-10, 3.36922545419e-10, 1.97347915787e-10, 1.27185609267e-10, 1.36093566971e-10, 1.00178934592e-10, 7.18314990822e-11, 3.67100481957e-11, 2.77494034695e-11, 2.10182739269e-11],
        "dvar2": [5.3730759646e-06, 9.44744533626e-06, 8.17270665721e-06, 6.4110886342e-06, 1.40062911669e-06, 3.15956754093e-07, 4.40722828898e-07, 1.47951496388e-07, 1.33815191816e-07, 1.19663255305e-07, 1.0156331598e-07, 6.89103529794e-08, 5.26018730795e-08, 4.69793839386e-08, 4.22183354942e-08, 3.56974325655e-08, 4.3636923408e-08, 1.76895866844e-08, 8.43003267192e-09, 9.46223011056e-09, 3.57846019483e-09, 2.68109445756e-09, 2.01522443177e-09, 1.88334392526e-09, 3.96742372288e-09, 2.01238936626e-09, 2.36867858661e-09, 1.52897694505e-09, 2.16779105777e-09, 1.0108803794e-09, 8.03924204984e-10, 8.57560078504e-10, 4.79029760303e-10, 3.09516967612e-10, 3.34292288295e-10, 2.42869696576e-10, 1.79290110536e-10, 9.44874872788e-11, 7.37938113393e-11, 5.67333402479e-11],
        "max": [0.0300116632134, 0.0265785083175, 0.0160136055201, 0.0214073676616, 0.00967718753964, 0.00770543655381, 0.00785535108298, 0.00540566863492, 0.00784478150308, 0.00676564825699, 0.00368634914048, 0.00248673837632, 0.00589159457013, 0.00325440499, 0.00362417520955, 0.00365269137546, 0.00407420890406, 0.00259776972234, 0.00145936501212, 0.00283221248537, 0.000670094334055, 0.000611093535554, 0.000416222173953, 0.000597927952185, 0.000495348183904, 0.000389821681892, 0.000699943571817, 0.000412395602325, 0.000380627141567, 0.000233645259868, 0.000318127305945, 0.000370679335902, 0.000316502177157, 0.00027085308102, 0.000204172814847, 0.000177772220923, 0.000117315721582, 8.82884269231e-05, 7.7262200648e-05, 7.40129908081e-05],
        "mean": [0.0030417679809, 0.00152846064884, 0.000515158229973, 0.000628809619229, 0.000401575642172, 0.000189322556253, 0.000166163154063, 0.000114312446385, 0.000112019719381, 8.2921658759e-05, 7.66648372519e-05, 8.38604901219e-05, 7.33524866519e-05, 5.13416271133e-05, 4.74061089335e-05, 4.86082972202e-05, 4.68862672278e-05, 3.72405411326e-05, 3.02397602354e-05, 3.24331704178e-05, 2.40130557358e-05, 2.20201072807e-05, 2.32352576859e-05, 2.31958219956e-05, 2.28582539421e-05, 1.93517571461e-05, 1.77982747118e-05, 1.83529955393e-05, 1.99676123884e-05, 1.69425875356e-05, 1.66628633451e-05, 1.52401435116e-05, 1.24780099213e-05, 1.15783741421e-05, 1.09493721538e-05, 9.88845931715e-06, 8.10689562059e-06, 6.50620495435e-06, 5.39302436664e-06, 5.03373848915e-06],
        "median": [0.000288306502625, 0.000221213442273, 4.88945843244e-05, 0.000109682063339, 9.13195544854e-05, 4.92552317155e-05, 4.1728020733e-05, 2.84783563984e-05, 1.93496707652e-05, 1.61960488185e-05, 1.49702973431e-05, 1.97803419724e-05, 1.58746333909e-05, 1.36596281664e-05, 1.32743662107e-05, 1.30883263409e-05, 1.19111909953e-05, 1.22319634102e-05, 1.06118350232e-05, 1.09238990262e-05, 9.94991569314e-06, 1.00553716038e-05, 1.05229191831e-05, 1.09325146695e-05, 9.72961242951e-06, 9.06181594473e-06, 8.60208638187e-06, 9.5363084256e-06, 9.9422841231e-06, 9.33844239626e-06, 9.30813985178e-06, 8.03335751698e-06, 7.59540944273e-06, 6.99244537827e-06, 6.37836274109e-06, 5.56211352887e-06, 4.62639036414e-06, 4.00722274208e-06, 3.23314952766e-06, 2.81092411569e-06],
        "min": [4.78944986805e-24, 4.11473358594e-24, 3.88154196362e-24, 2.44376683878e-24, 1.28120398453e-24, 1.57739818026e-24, 2.80110919315e-24, 2.90559382005e-24, 3.51999754443e-24, 4.47087825224e-24, 6.25861455717e-24, 6.56316929799e-24, 4.42220790097e-24, 5.16206161132e-24, 5.50479248678e-24, 2.81265930009e-24, 3.53740849347e-24, 4.27453235065e-24, 6.14361244226e-24, 3.69701832599e-24, 4.94623715626e-24, 5.61335591899e-24, 6.18838305964e-24, 1.05717048512e-23, 1.21417857549e-23, 9.7553458325e-24, 8.00636153067e-24, 7.89128723498e-24, 8.32998146185e-24, 7.76545050997e-24, 7.05770817163e-24, 6.92565206723e-24, 5.31302750047e-24, 7.86295766216e-24, 7.53383621503e-24, 8.05189852643e-24, 6.94043847604e-24, 8.7204581436e-24, 5.61127490392e-24, 8.30519860765e-24],
        "var": [2.48262422247e-05, 9.03821000975e-06, 2.44335751631e-06, 2.3565689844e-06, 5.78059541567e-07, 1.50937268018e-07, 1.677426269e-07, 8.11629661257e-08, 1.71271310023e-07, 6.40365698246e-08, 4.42039720383e-08, 3.68395340899e-08, 4.89812919113e-08, 2.19667288803e-08, 1.95474854081e-08, 2.20694928998e-08, 2.25125287301e-08, 6.51909415339e-09, 4.78211692467e-09, 7.06972524966e-09, 1.83432491419e-09, 1.14175813248e-09, 1.13334530649e-09, 1.14245246596e-09, 1.4295236106e-09, 9.83414905065e-10, 8.64820548507e-10, 7.26820881258e-10, 8.65624683044e-10, 4.84428386294e-10, 4.58429821881e-10, 4.37903824313e-10, 2.74183342697e-10, 2.23613016992e-10, 2.41028058623e-10, 1.88715862381e-10, 1.16290033159e-10, 6.27149512877e-11, 4.25601533183e-11, 3.86539758535e-11]
    },
    "mfcc": {
        "mean": [-635.935424805, 51.2289848328, 11.2058830261, 18.8579769135, 3.63237595558, 8.97174835205, 1.07702577114, 3.56458592415, -0.471991062164, 0.336636781693, -1.02014291286, 1.43978500366, 0.443070054054],
        "cov": [[9776.63378906, -400.41506958, -172.762084961, 172.025115967, -243.780685425, 3.19022083282, -53.2641716003, -106.987113953, -53.6053924561, -9.74107933044, -24.3825054169, -105.35697937, -163.541229248], [-400.41506958, 1611.24462891, 50.9416275024, 145.18711853, -12.0249023438, -48.0127830505, -59.4098854065, -51.0716285706, -66.6305999756, -24.184431076, 24.0041770935, 27.9620227814, 15.6257143021], [-172.762084961, 50.9416275024, 971.807434082, 372.534820557, 315.624938965, 209.203201294, 154.397247314, 133.450302124, 141.40246582, 68.6429214478, 39.1759681702, 58.0690040588, 64.9389190674], [172.025115967, 145.18711853, 372.534820557, 503.503753662, 254.437469482, 156.996871948, 71.7023468018, 85.7787246704, 89.652015686, 71.6743011475, 38.1228065491, 47.8997383118, 57.8458023071], [-243.780685425, -12.0249023438, 315.624938965, 254.437469482, 426.633331299, 204.771148682, 117.523757935, 147.651824951, 128.137496948, 94.3772506714, 34.4581222534, 43.5782318115, 72.9335403442], [3.19022083282, -48.0127830505, 209.203201294, 156.996871948, 204.771148682, 339.086914062, 227.1640625, 164.170440674, 134.606552124, 93.6979446411, 60.3691482544, 51.6608390808, 54.3985748291], [-53.2641716003, -59.4098854065, 154.397247314, 71.7023468018, 117.523757935, 227.1640625, 363.255157471, 252.40612793, 180.403869629, 100.476997375, 57.2869148254, 49.6054344177, 57.2530059814], [-106.987113953, -51.0716285706, 133.450302124, 85.7787246704, 147.651824951, 164.170440674, 252.40612793, 337.494812012, 242.312164307, 125.350143433, 56.9051589966, 53.2704849243, 76.2180786133], [-53.6053924561, -66.6305999756, 141.40246582, 89.652015686, 128.137496948, 134.606552124, 180.403869629, 242.312164307, 289.004089355, 164.967895508, 72.3404464722, 59.1904907227, 66.5312347412], [-9.74107933044, -24.184431076, 68.6429214478, 71.6743011475, 94.3772506714, 93.6979446411, 100.476997375, 125.350143433, 164.967895508, 203.59677124, 131.942474365, 78.7373580933, 51.7779083252], [-24.3825054169, 24.0041770935, 39.1759681702, 38.1228065491, 34.4581222534, 60.3691482544, 57.2869148254, 56.9051589966, 72.3404464722, 131.942474365, 189.042434692, 119.290977478, 50.5797195435], [-105.35697937, 27.9620227814, 58.0690040588, 47.8997383118, 43.5782318115, 51.6608390808, 49.6054344177, 53.2704849243, 59.1904907227, 78.7373580933, 119.290977478, 162.940948486, 102.136604309], [-163.541229248, 15.6257143021, 64.9389190674, 57.8458023071, 72.9335403442, 54.3985748291, 57.2530059814, 76.2180786133, 66.5312347412, 51.7779083252, 50.5797195435, 102.136604309, 159.023727417]],
