{
"lowlevel": {
    "average_loudness": 0.954039990902,
    "barkbands_crest": {
        "dmean": 3.54402637482,
        "dmean2": 5.66472530365,
        "dvar": 12.0253601074,
        "dvar2": 29.2279148102,
        "max": 26.0350475311,
        "mean": 12.7955589294,
        "median": 13.0842475891,
        "min": 1.85838282108,
        "var": 30.0089263916
    },
    "barkbands_flatness_db": {
        "dmean": 0.0363631099463,
        "dmean2": 0.055184815079,
        "dvar": 0.00197701505385,
        "dvar2": 0.00467586750165,
        "max": 0.744652152061,
        "mean": 0.134518310428,
        "median": 0.119746886194,
        "min": 0.0182289276272,
        "var": 0.00672641396523
    },
    "barkbands_kurtosis": {
        "dmean": 9.01513195038,
        "dmean2": 15.1060476303,
        "dvar": 1917.43237305,
        "dvar2": 5339.50537109,
        "max": 1236.38195801,
        "mean": 8.53171825409,
        "median": 2.45697140694,
        "min": -1.88576281071,
        "var": 1378.51464844
    },
    "barkbands_skewness": {
        "dmean": 0.983850359917,
        "dmean2": 1.52976226807,
        "dvar": 2.48437190056,
        "dvar2": 6.48297357559,
        "max": 31.4848899841,
        "mean": 2.05162119865,
        "median": 1.82106101513,
        "min": -3.85861253738,
        "var": 3.71222257614
    },
    "barkbands_spread": {
        "dmean": 10.8898296356,
        "dmean2": 16.9748649597,
        "dvar": 126.230705261,
        "dvar2": 302.260345459,
        "max": 104.741661072,
        "mean": 34.1304130554,
        "median": 31.9628295898,
        "min": 0.0606978498399,
        "var": 399.131988525
    },
    "dissonance": {
        "dmean": 0.0131232235581,
        "dmean2": 0.022259991616,
        "dvar": 0.000304187153233,
        "dvar2": 0.000820641289465,
        "max": 0.500000059605,
        "mean": 0.479550391436,
        "median": 0.484925448895,
        "min": 0.130247965455,
        "var": 0.000518034561537
    },
    "dynamic_complexity": 2.16381168365,
    "erbbands_crest": {
        "dmean": 2.1325302124,
        "dmean2": 3.49708747864,
        "dvar": 5.82877111435,
        "dvar2": 14.4098386765,
        "max": 28.417722702,
        "mean": 6.26418781281,
        "median": 5.22414493561,
        "min": 2.09253454208,
        "var": 11.7252511978
    },
    "erbbands_flatness_db": {
        "dmean": 0.0165077112615,
        "dmean2": 0.0254042446613,
        "dvar": 0.000480200251332,
        "dvar2": 0.00119576510042,
        "max": 0.550479888916,
        "mean": 0.121099039912,
        "median": 0.105810329318,
        "min": 0.0471311584115,
        "var": 0.00322568137199
    },
    "erbbands_kurtosis": {
        "dmean": 1.33873784542,
        "dmean2": 2.30687737465,
        "dvar": 83.0885543823,
        "dvar2": 240.123550415,
        "max": 410.395050049,
        "mean": 0.27659407258,
        "median": -0.448906898499,
        "min": -1.87548792362,
        "var": 49.5412368774
    },
    "erbbands_skewness": {
        "dmean": 0.421935647726,
        "dmean2": 0.667690515518,
        "dvar": 0.421145737171,
        "dvar2": 1.10846078396,
        "max": 12.7978944778,
        "mean": -0.127687141299,
        "median": -0.23009724915,
        "min": -2.53075742722,
        "var": 0.692975461483
    },
    "erbbands_spread": {
        "dmean": 12.0830173492,
        "dmean2": 19.2332668304,
        "dvar": 194.299804688,
        "dvar2": 499.144592285,
        "max": 177.837417603,
        "mean": 53.4142074585,
        "median": 51.2013626099,
        "min": 0.550326228142,
        "var": 516.90411377
    },
    "hfc": {
        "dmean": 12.4753990173,
        "dmean2": 19.2467441559,
        "dvar": 286.254180908,
        "dvar2": 638.175170898,
        "max": 233.752319336,
        "mean": 41.3816299438,
        "median": 37.8575439453,
        "min": 1.14353722749e-16,
        "var": 890.924072266
    },
    "melbands_crest": {
        "dmean": 4.83646297455,
        "dmean2": 7.79742717743,
        "dvar": 21.2210464478,
        "dvar2": 52.3095817566,
        "max": 39.7709846497,
        "mean": 21.4500350952,
        "median": 21.3055610657,
        "min": 1.63080668449,
        "var": 78.4146270752
    },
    "melbands_flatness_db": {
        "dmean": 0.0464625023305,
        "dmean2": 0.0693024322391,
        "dvar": 0.00300057278946,
        "dvar2": 0.00705067301169,
        "max": 0.891489923,
        "mean": 0.20197995007,
        "median": 0.193819537759,
        "min": 0.00423537800089,
        "var": 0.010582478717
    },
    "melbands_kurtosis": {
        "dmean": 29.335767746,
        "dmean2": 48.4260787964,
        "dvar": 11229.0185547,
        "dvar2": 29487.8417969,
        "max": 3563.99755859,
        "mean": 37.3854484558,
        "median": 17.3241233826,
        "min": -1.74513399601,
        "var": 11614.875
    },
    "melbands_skewness": {
        "dmean": 1.64209270477,
        "dmean2": 2.5775885582,
        "dvar": 6.34350681305,
        "dvar2": 16.3552436829,
        "max": 56.9002799988,
        "mean": 4.35604810715,
        "median": 3.81125545502,
        "min": -1.92558860779,
        "var": 10.7579317093
    },
    "melbands_spread": {
        "dmean": 11.9313840866,
        "dmean2": 18.7580757141,
        "dvar": 226.331161499,
        "dvar2": 537.511108398,
        "max": 188.932174683,
        "mean": 26.919260025,
        "median": 19.3357315063,
        "min": 0.111869618297,
        "var": 547.094421387
    },
    "pitch_salience": {
        "dmean": 0.111325196922,
        "dmean2": 0.173841506243,
        "dvar": 0.0118533596396,
        "dvar2": 0.0284487102181,
        "max": 0.938388884068,
        "mean": 0.455659717321,
        "median": 0.447264522314,
        "min": 0.00886531267315,
        "var": 0.0349948331714
    },
    "silence_rate_20dB": {
        "dmean": 0,
        "dmean2": 0,
        "dvar": 0,
        "dvar2": 0,
        "max": 1,
        "mean": 1,
        "median": 1,
        "min": 1,
        "var": 0
    },
    "silence_rate_30dB": {
        "dmean": 0.00924236886203,
        "dmean2": 0.0184869859368,
        "dvar": 0.00915633048862,
        "dvar2": 0.0222793314606,
        "max": 1,
        "mean": 0.990150749683,
        "median": 1,
        "min": 0,
        "var": 0.0097523285076
    },
    "silence_rate_60dB": {
        "dmean": 0.00875592883676,
        "dmean2": 0.0175139866769,
        "dvar": 0.00867889355868,
        "dvar2": 0.0220707859844,
        "max": 1,
        "mean": 0.0243190657347,
        "median": 0,
        "min": 0,
        "var": 0.0237310323864
    },
    "spectral_centroid": {
        "dmean": 382.170654297,
        "dmean2": 589.162902832,
        "dvar": 178811.25,
        "dvar2": 410887.03125,
        "max": 11236.3652344,
        "mean": 2013.1973877,
        "median": 2159.95605469,
        "min": 63.6092033386,
        "var": 753943.875
    },
    "spectral_complexity": {
        "dmean": 6.97069215775,
        "dmean2": 10.7910480499,
        "dvar": 52.4141693115,
        "dvar2": 118.448722839,
        "max": 70,
        "mean": 26.3182144165,
        "median": 27,
        "min": 0,
        "var": 168.548278809
    },
    "spectral_decrease": {
        "dmean": 3.54812423886e-09,
        "dmean2": 5.51166934315e-09,
        "dvar": 1.35525296376e-17,
        "dvar2": 3.49901535013e-17,
        "max": 2.44566290381e-29,
        "mean": -1.22571837124e-08,
        "median": -1.22166996519e-08,
        "min": -5.37916555743e-08,
        "var": 4.98839639468e-17
    },
    "spectral_energy": {
        "dmean": 0.0133928703144,
        "dmean2": 0.0209081079811,
        "dvar": 0.000189532569493,
        "dvar2": 0.000495100102853,
        "max": 0.204586565495,
        "mean": 0.0500148311257,
        "median": 0.0510450080037,
        "min": 1.05021136626e-20,
        "var": 0.000732617161702
    },
    "spectral_energyband_high": {
        "dmean": 0.00124553730711,
        "dmean2": 0.00190526642837,
        "dvar": 3.09808706334e-06,
        "dvar2": 6.69147584631e-06,
        "max": 0.0225393008441,
        "mean": 0.00337050925009,
        "median": 0.00281855557114,
        "min": 7.76033143378e-21,
        "var": 1.00106963146e-05
    },
    "spectral_energyband_low": {
        "dmean": 0.0135959293693,
        "dmean2": 0.0205532610416,
        "dvar": 0.000239915258135,
        "dvar2": 0.000564133224543,
        "max": 0.197633385658,
        "mean": 0.0317569226027,
        "median": 0.0259761810303,
        "min": 7.09159511176e-23,
        "var": 0.000740558898542
    },
    "spectral_energyband_middle_high": {
        "dmean": 0.00218130531721,
        "dmean2": 0.00346907414496,
        "dvar": 9.34263789532e-06,
        "dvar2": 2.30557288887e-05,
        "max": 0.0633949562907,
        "mean": 0.00552498130128,
        "median": 0.00467662513256,
        "min": 1.4894670311e-21,
        "var": 2.36051546381e-05
    },
    "spectral_energyband_middle_low": {
        "dmean": 0.00526872603223,
        "dmean2": 0.00791029352695,
        "dvar": 6.19507045485e-05,
        "dvar2": 0.00012575922301,
        "max": 0.11489328742,
        "mean": 0.0103449216112,
        "median": 0.00590320304036,
        "min": 2.33907885932e-22,
        "var": 0.000147344049765
    },
    "spectral_entropy": {
        "dmean": 0.180541396141,
        "dmean2": 0.275031924248,
        "dvar": 0.083927474916,
        "dvar2": 0.204461857677,
        "max": 9.8179063797,
        "mean": 7.99168777466,
        "median": 8.14677143097,
        "min": 3.29311728477,
        "var": 0.333789139986
    },
    "spectral_flux": {
        "dmean": 0.0301581379026,
        "dmean2": 0.0477569811046,
        "dvar": 0.000827473122627,
        "dvar2": 0.0018881856231,
        "max": 0.354158937931,
        "mean": 0.119948372245,
        "median": 0.111837774515,
        "min": 6.85509149445e-11,
        "var": 0.00275164563209
    },
    "spectral_kurtosis": {
        "dmean": 2.61688280106,
        "dmean2": 4.42916917801,
        "dvar": 262.288085938,
        "dvar2": 741.048706055,
        "max": 911.670593262,
        "mean": 6.51318216324,
        "median": 1.82526493073,
        "min": -1.21522831917,
        "var": 1622.44396973
    },
    "spectral_rms": {
        "dmean": 0.000960022967774,
        "dmean2": 0.0014808292035,
        "dvar": 8.49753291732e-07,
        "dvar2": 2.12856184589e-06,
        "max": 0.0141278672963,
        "mean": 0.00663860328496,
        "median": 0.00705691240728,
        "min": 3.20093170719e-12,
        "var": 4.72391684525e-06
    },
    "spectral_rolloff": {
        "dmean": 1040.59619141,
        "dmean2": 1658.75268555,
        "dvar": 1977594.875,
        "dvar2": 4366929,
        "max": 18970.7519531,
        "mean": 1925.75720215,
        "median": 925.927734375,
        "min": 43.06640625,
        "var": 5033660.5
    },
    "spectral_skewness": {
        "dmean": 0.230901494622,
        "dmean2": 0.374680310488,
        "dvar": 0.339289039373,
        "dvar2": 0.912463963032,
        "max": 24.4812870026,
        "mean": 1.36111366749,
        "median": 1.11025393009,
        "min": -0.0386702977121,
        "var": 2.23503804207
    },
    "spectral_spread": {
        "dmean": 616056.8125,
        "dmean2": 926078.75,
        "dvar": 595812614144,
        "dvar2": 1.38803124634e+12,
        "max": 41149760,
        "mean": 5980412,
        "median": 6113228,
        "min": 117429.6875,
        "var": 3.85466446643e+12
    },
    "spectral_strongpeak": {
        "dmean": 0.296734184027,
        "dmean2": 0.498153567314,
        "dvar": 0.31442001462,
        "dvar2": 0.794516861439,
        "max": 14.2700462341,
        "mean": 0.524488627911,
        "median": 0.356427192688,
        "min": 0,
        "var": 0.391127616167
    },
    "zerocrossingrate": {
        "dmean": 0.0174382850528,
        "dmean2": 0.0201339107007,
        "dvar": 0.000304948887788,
        "dvar2": 0.000381901627406,
        "max": 0.69580078125,
        "mean": 0.0762139111757,
        "median": 0.0654296875,
        "min": 0.00244140625,
        "var": 0.00244025909342
    },
    "barkbands": {
        "dmean": [0.00209475355223, 0.0110757015646, 0.00382998562418, 0.00232469500042, 0.00271952617913, 0.00139215157833, 0.000896179233678, 0.00061809795443, 0.000740389863495, 0.000416684779339, 0.000397624826292, 0.000376957439585, 0.000413147528889, 0.000333120726282, 0.000350546557456, 0.000369590416085, 0.000312502204906, 0.000334898766596, 0.000314157368848, 0.000305744877551, 0.000314391916618, 0.00027069466887, 0.000240027089603, 0.000234168954194, 0.000221064459765, 0.000143996760016, 1.36715698318e-05],
        "dmean2": [0.00331751839258, 0.0171686094254, 0.00552033819258, 0.00388498208486, 0.00438507366925, 0.00242837681435, 0.00152322929353, 0.00105891854037, 0.0012119980529, 0.000695487018675, 0.000652275513858, 0.000619823404122, 0.000659239420202, 0.000547295785509, 0.000573123164941, 0.000602981133852, 0.000508055381943, 0.000551700650249, 0.000507786404341, 0.000501109054312, 0.000515348976478, 0.000428414932685, 0.000375303177861, 0.000365575891919, 0.00034077334567, 0.000206326891202, 2.04410061997e-05],
        "dvar": [1.12317184175e-05, 0.000204337076866, 6.96678034728e-05, 3.44802429026e-05, 3.21453262586e-05, 1.08597087092e-05, 3.79756920665e-06, 1.73877833731e-06, 1.76567436938e-06, 7.29883709027e-07, 6.70579936468e-07, 5.55283406811e-07, 7.67525591527e-07, 4.14456877706e-07, 3.57584355015e-07, 4.28945099884e-07, 2.57736331832e-07, 3.13405109864e-07, 2.16501547357e-07, 1.97778518896e-07, 2.00009310447e-07, 1.23565712329e-07, 1.01708877764e-07, 1.06909546105e-07, 1.33759712639e-07, 6.1554601416e-08, 8.56538562299e-10],
        "dvar2": [3.05434841721e-05, 0.00049101037439, 0.000127593666548, 8.64243484102e-05, 7.76168162702e-05, 3.07492118736e-05, 1.00202942122e-05, 4.67061454401e-06, 4.50712332167e-06, 1.88986439298e-06, 1.7097717091e-06, 1.32810987452e-06, 1.74788419827e-06, 1.04088826447e-06, 8.51832055559e-07, 1.07088646928e-06, 6.34415357581e-07, 7.68349195823e-07, 5.09538836013e-07, 4.85193822897e-07, 5.08262303356e-07, 2.82549137864e-07, 2.32761948382e-07, 2.42743112722e-07, 2.93002329954e-07, 1.19916364838e-07, 1.86445348049e-09],
        "max": [0.0500384420156, 0.159739792347, 0.110860586166, 0.0808276832104, 0.0981954485178, 0.059442486614, 0.0350340865552, 0.0314990580082, 0.0282880458981, 0.0164380017668, 0.020781872794, 0.0239789038897, 0.0286651216447, 0.0142637370154, 0.0159593243152, 0.0119123039767, 0.0137095935643, 0.0152669884264, 0.0101990550756, 0.00891094841063, 0.0071060420014, 0.00534092402086, 0.00479699391872, 0.00662487419322, 0.00682899914682, 0.00366938323714, 0.000584287161473],
        "mean": [0.00415793154389, 0.0223095305264, 0.00441134208813, 0.00217296229675, 0.0034697286319, 0.00168308906723, 0.00106361636426, 0.000752006249968, 0.00102158705704, 0.000531926751137, 0.000536015722901, 0.00053507683333, 0.000579050451051, 0.000460173148895, 0.000517214240972, 0.000562476867344, 0.000508981349412, 0.000556164421141, 0.000545129179955, 0.000579022453167, 0.0006155858282, 0.000598294602241, 0.000545364804566, 0.000532435136847, 0.000467125326395, 0.000284110486973, 1.89067886822e-05],
        "median": [0.00114407250658, 0.0134098902345, 0.000866096292157, 0.000434684567153, 0.000937383854762, 0.000610312563367, 0.000388397369534, 0.000289472402073, 0.000416164053604, 0.00022724198061, 0.000238068314502, 0.000241040048422, 0.0002600789594, 0.000228800825425, 0.000270502467174, 0.000309943570755, 0.000322427018546, 0.000359196244972, 0.000380248209694, 0.00043594231829, 0.000484569580294, 0.000472351792268, 0.000425625301432, 0.000399612938054, 0.000289319548756, 0.000126397979329, 2.1253470095e-06],
        "min": [2.79522764345e-24, 1.39763922305e-23, 1.3437414061e-23, 1.05099259982e-23, 2.2554946919e-23, 4.71136352472e-23, 2.31074587861e-23, 1.57773600994e-23, 5.27545271449e-23, 6.32337648762e-23, 6.99131258913e-23, 7.09967115416e-23, 7.59906617665e-23, 3.87767544078e-23, 8.00681133916e-23, 1.01210992979e-22, 1.85529419509e-22, 2.51180077493e-22, 2.24305618558e-22, 3.89844154147e-22, 3.20000025186e-22, 5.16573181823e-22, 6.86108351815e-22, 8.93493598154e-22, 1.09226786604e-21, 1.5646424209e-21, 2.24933814372e-21],
        "var": [3.39322978107e-05, 0.000503557152115, 0.000102612088085, 2.98204831779e-05, 5.24807401234e-05, 1.05369872472e-05, 4.2097253754e-06, 2.16383159568e-06, 3.23282620229e-06, 9.34558784138e-07, 9.66870288721e-07, 1.00869556263e-06, 1.22198593999e-06, 6.19324566742e-07, 6.58419651245e-07, 7.70302506226e-07, 5.00766816458e-07, 5.84066981446e-07, 4.39072010749e-07, 3.9054199874e-07, 3.7205441572e-07, 3.41760312494e-07, 3.04030692178e-07, 3.06986038368e-07, 3.59091046676e-07, 1.90852617266e-07, 1.60542323879e-09]
    },
    "erbbands": {
        "dmean": [0.504323959351, 1.99499690533, 4.14579153061, 6.03641843796, 8.40309333801, 9.9407749176, 9.40842819214, 12.3135433197, 12.4279928207, 13.1941003799, 13.7123508453, 17.7508907318, 13.9980010986, 12.4881849289, 15.5966062546, 15.2298488617, 18.7196884155, 16.3072757721, 16.8948993683, 18.9524841309, 17.4477920532, 17.1442279816, 17.4423561096, 17.2140731812, 15.232375145, 14.2431974411, 13.574300766, 11.7045097351, 10.2160673141, 8.17481708527, 7.02377510071, 5.37431144714, 3.92372775078, 2.78689885139, 1.50228190422, 0.752658545971, 0.25106972456, 0.0397307053208, 0.00191749597434, 4.59184557258e-05],
        "dmean2": [0.751126170158, 3.13827729225, 5.88368654251, 9.17553806305, 13.4744119644, 16.3299827576, 16.3465309143, 21.389623642, 21.1423339844, 22.6440868378, 23.0272865295, 29.189661026, 23.5337772369, 20.6471576691, 25.5562934875, 24.9480648041, 29.7640838623, 26.4892692566, 27.4713668823, 31.0897407532, 28.0931091309, 27.6429672241, 28.5770282745, 28.1216163635, 24.5380077362, 23.3991031647, 22.5758514404, 18.9627189636, 16.3244533539, 12.8554449081, 11.0620336533, 8.39534759521, 6.18902397156, 4.36118412018, 2.33495473862, 1.11581301689, 0.363996207714, 0.0577224120498, 0.00282735563815, 6.72344540362e-05],
        "dvar": [0.473763406277, 8.15898513794, 71.1585159302, 191.339309692, 337.481231689, 525.360351562, 493.29788208, 828.215942383, 722.046325684, 801.661560059, 871.003051758, 1095.82946777, 752.451171875, 689.037475586, 1022.10809326, 920.148254395, 1481.33178711, 938.709533691, 817.587646484, 1064.90881348, 933.74432373, 759.593322754, 843.643127441, 820.408203125, 576.153198242, 414.14050293, 414.055419922, 264.38293457, 186.59336853, 118.127098083, 89.1009902954, 54.2680740356, 31.8377189636, 20.9027309418, 6.11961317062, 1.59315919876, 0.206268802285, 0.0060665407218, 1.67050056916e-05, 5.06915620591e-09],
        "dvar2": [1.1275780201, 19.6171112061, 128.408370972, 426.498352051, 815.938720703, 1296.27453613, 1365.83007812, 2318.21166992, 1900.05322266, 2187.22729492, 2260.69775391, 2819.04418945, 2001.91870117, 1805.35424805, 2632.50048828, 2185.12475586, 3395.23046875, 2365.95141602, 2020.09472656, 2617.16552734, 2258.9465332, 1827.68603516, 1999.15454102, 2101.14208984, 1320.82751465, 1031.08911133, 1073.1619873, 632.885192871, 442.118530273, 274.67388916, 211.236404419, 126.231010437, 73.3650054932, 47.1023445129, 13.6582422256, 3.20566987991, 0.428178727627, 0.0121411699802, 3.60694721167e-05, 1.02903561228e-08],
        "max": [9.03286361694, 37.6167984009, 134.283584595, 181.274261475, 332.543884277, 580.068969727, 379.756652832, 586.597473145, 339.579528809, 509.476989746, 891.91809082, 807.201965332, 497.253387451, 540.628845215, 689.373535156, 895.209899902, 1251.30957031, 705.413635254, 582.133300781, 615.443359375, 719.356628418, 813.682189941, 650.352294922, 969.546020508, 560.061584473, 388.654449463, 350.518493652, 310.195129395, 231.785690308, 189.675460815, 122.65537262, 113.78187561, 123.6664505, 96.3569869995, 41.1190452576, 18.052444458, 6.93250417709, 1.1383818388, 0.0782899856567, 0.00123555387836],
        "mean": [1.08499276638, 3.21940732002, 5.20394802094, 6.67249107361, 9.52825164795, 12.0193452835, 10.9058294296, 15.1968317032, 15.1518316269, 16.0998191833, 17.7368202209, 24.2277183533, 18.3254184723, 17.4326782227, 21.6709136963, 22.5552959442, 27.6258087158, 24.5430984497, 26.0954799652, 29.3976345062, 29.3773593903, 29.4719734192, 29.9366779327, 29.0635623932, 27.8867053986, 26.8359546661, 25.2169628143, 23.7832241058, 21.7869377136, 18.5689430237, 15.3881225586, 11.8647069931, 8.44265365601, 5.6352853775, 3.1073884964, 1.49203050137, 0.472585946321, 0.0700716897845, 0.00291241705418, 0.000131588996737],
        "median": [0.414982825518, 2.13446760178, 1.4998716116, 1.62495875359, 2.23229217529, 2.87341284752, 3.80027723312, 5.34448003769, 5.76751613617, 6.38978767395, 7.32045269012, 9.60681056976, 8.45574951172, 8.00724697113, 10.3296051025, 10.9229717255, 13.2866725922, 13.7636575699, 14.4641113281, 16.650396347, 18.1996421814, 19.2699737549, 19.3499794006, 19.7070140839, 20.0957012177, 20.4501800537, 19.5074729919, 18.6905460358, 17.1884422302, 14.6501665115, 11.8089485168, 9.05612850189, 6.1184668541, 3.56485557556, 1.80128657818, 0.74162530899, 0.184017777443, 0.0195006616414, 0.000625723041594, 0.000100347882835],
        "min": [7.05913228644e-22, 2.5407551256e-21, 1.37765186187e-20, 2.67586158851e-20, 5.78097466185e-20, 5.24470022292e-20, 1.91591211588e-19, 4.49847493681e-19, 3.63971799684e-19, 3.25648651152e-19, 6.76387034451e-19, 1.53262112525e-18, 1.90095389867e-18, 1.61824848412e-18, 3.53946779081e-18, 2.96927130826e-18, 3.2718213027e-18, 1.82357611545e-18, 4.10150682494e-18, 4.15389548186e-18, 6.20469004657e-18, 1.12875089427e-17, 1.32043949604e-17, 1.15364067619e-17, 1.26474732791e-17, 1.56695503501e-17, 1.73595630596e-17, 1.32144203894e-17, 1.49199427354e-17, 1.98699850812e-17, 1.99814956452e-17, 1.90001599993e-17, 1.38889216589e-17, 1.05029355764e-17, 8.0551038302e-18, 5.0229529401e-18, 3.19267418015e-18, 1.05180171469e-18, 3.19234873628e-19, 3.43562681958e-20],
        "var": [1.5804412365, 13.380812645, 112.986206055, 221.949584961, 429.48223877, 875.711486816, 482.284790039, 878.801940918, 856.216369629, 854.069458008, 1217.34521484, 1975.82092285, 971.233093262, 1031.09667969, 1355.00280762, 1620.63171387, 2461.01586914, 1422.44873047, 1500.01025391, 1872.46984863, 1844.4597168, 1581.98876953, 1722.10461426, 1390.18444824, 1122.68041992, 793.546630859, 679.485534668, 562.131103516, 462.5675354, 340.971923828, 248.991851807, 148.135559082, 86.5112228394, 50.890838623, 16.5167140961, 4.74836015701, 0.579645872116, 0.0155999911949, 3.2776275475e-05, 1.57061403883e-08]
    },
    "gfcc": {
        "mean": [37.7203407288, 53.589050293, -100.19405365, 48.3022613525, -53.1352157593, 26.1677627563, -32.2419090271, 17.2728347778, -18.9998893738, 10.2193431854, -12.9489707947, 5.68391895294, -8.92270374298],
        "cov": [[9982.13867188, -2665.08032227, -488.216827393, 266.919830322, -611.225769043, 556.609375, -359.955810547, 461.028594971, -324.005401611, 486.600402832, -193.216796875, 425.613250732, -174.077468872], [-2665.08032227, 3079.87597656, -149.410827637, -260.325500488, 244.726959229, -461.76071167, 105.36416626, -414.525482178, 253.655105591, -434.332885742, 201.324783325, -366.583282471, 169.103057861], [-488.216827393, -149.410827637, 1046.31262207, 90.6351242065, 154.862701416, 70.1181030273, 73.6790542603, 38.325958252, -66.3090286255, 44.790435791, -78.4817352295, 53.0742073059, -67.3304138184], [266.919830322, -260.325500488, 90.6351242065, 562.051269531, 126.109680176, 142.051727295, 38.851474762, 50.7156715393, 25.4064025879, 5.97698926926, 0.978121995926, -12.8539562225, 12.8384037018], [-611.225769043, 244.726959229, 154.862701416, 126.109680176, 387.784454346, 102.665512085, 128.984741211, -2.30931711197, 82.5805130005, -21.0106048584, 21.7007904053, -34.045753479, 5.83648729324], [556.609375, -461.76071167, 70.1181030273, 142.051727295, 102.665512085, 319.12991333, 135.466033936, 154.890853882, 9.8710899353, 97.8638381958, -11.2262048721, 61.5600395203, -15.7090177536], [-359.955810547, 105.36416626, 73.6790542603, 38.851474762, 128.984741211, 135.466033936, 289.346588135, 111.542442322, 93.191619873, 20.96144104, 34.0736808777, 7.84931755066, 23.5532798767], [461.028594971, -414.525482178, 38.325958252, 50.7156715393, -2.30931711197, 154.890853882, 111.542442322, 255.175720215, 79.3918609619, 128.705535889, 3.98226976395, 79.2666168213, 2.11760354042], [-324.005401611, 253.655105591, -66.3090286255, 25.4064025879, 82.5805130005, 9.8710899353, 93.191619873, 79.3918609619, 195.936965942, 50.6915855408, 80.1086807251, -15.3689985275, 52.2772369385], [486.600402832, -434.332885742, 44.790435791, 5.97698926926, -21.0106048584, 97.8638381958, 20.96144104, 128.705535889, 50.6915855408, 213.636947632, 49.7483329773, 117.475524902, -2.62631344795], [-193.216796875, 201.324783325, -78.4817352295, 0.978121995926, 21.7007904053, -11.2262048721, 34.0736808777, 3.98226976395, 80.1086807251, 49.7483329773, 135.168914795, 39.911907196, 58.5324630737], [425.613250732, -366.583282471, 53.0742073059, -12.8539562225, -34.045753479, 61.5600395203, 7.84931755066, 79.2666168213, -15.3689985275, 117.475524902, 39.911907196, 160.987792969, 31.6860122681], [-174.077468872, 169.103057861, -67.3304138184, 12.8384037018, 5.83648729324, -15.7090177536, 23.5532798767, 2.11760354042, 52.2772369385, -2.62631344795, 58.5324630737, 31.6860122681, 108.724700928]],
        "icov": [[0.00018841313431, -8.44994283398e-05, 0.000152888911543, -0.00014003016986, 0.000216880318476, -0.000346443674061, 0.000297699298244, -0.000188232341316, 0.000152589025674, -0.0002286878007, 0.000358209654223, -0.000458821130451, 0.000283761735773], [-8.44994283398e-05, 0.00146186095662, -0.000405205297284, 0.000736717251129, -0.000416143593611, 0.000829014985356, -0.000645090825856, 0.00104222388472, -0.00129427714273, 0.00187998951878, -0.0023164905142, 0.00217372039333, -0.00120400113519], [0.000152888911543, -0.000405205297284, 0.00146031670738, -0.000480658316519, -0.000418606738094, 0.000133595138323, -0.00016104754468, -0.000390877685277, 0.00097006757278, -0.00109744246583, 0.0016525228275, -0.00149380043149, 0.000973146001343], [-0.00014003016986, 0.000736717251129, -0.000480658316519, 0.00266221375205, -0.000774282147177, -0.000632893410511, 0.000259447755525, 0.000187848942005, -0.000621377432253, 0.0012837118702, -0.00168428546749, 0.00210235407576, -0.00146797299385], [0.000216880318476, -0.000416143593611, -0.000418606738094, -0.000774282147177, 0.00482045859098, -0.00252326927148, -0.000445673707873, 0.00193334592041, -0.0027162481565, 0.000624278152827, 0.000961536366958, -0.00164822943043, 0.00154604541603], [-0.000346443674061, 0.000829014985356, 0.000133595138323, -0.000632893410511, -0.00252326927148, 0.00842953287065, -0.00325138471089, -0.00241241045296, 0.00290356460027, -0.00154129299335, -0.00095316930674, 0.00215932331048, -0.00113137019798], [0.000297699298244, -0.000645090825856, -0.00016104754468, 0.000259447755525, -0.000445673707873, -0.00325138471089, 0.00716228410602, -0.00278084282763, -0.00118522369303, 0.00152107328176, -0.000366708263755, -0.00125891983043, 0.00057726848172], [-0.000188232341316, 0.00104222388472, -0.000390877685277, 0.000187848942005, 0.00193334592041, -0.00241241045296, -0.00278084282763, 0.0120124332607, -0.00744410231709, -0.000554727914277, 0.00296633318067, -0.00256184698083, 0.000445051467977], [0.000152589025674, -0.00129427714273, 0.00097006757278, -0.000621377432253, -0.0027162481565, 0.00290356460027, -0.00118522369303, -0.00744410231709, 0.0172770377249, -0.00743990344927, -0.00368924369104, 0.00723879318684, -0.00471187476069], [-0.0002286878007, 0.00187998951878, -0.00109744246583, 0.0012837118702, 0.000624278152827, -0.00154129299335, 0.00152107328176, -0.000554727914277, -0.00743990344927, 0.0167202502489, -0.0062552713789, -0.00595393124968, 0.00438761571422], [0.000358209654223, -0.0023164905142, 0.0016525228275, -0.00168428546749, 0.000961536366958, -0.00095316930674, -0.000366708263755, 0.00296633318067, -0.00368924369104, -0.0062552713789, 0.0195647217333, -0.00815792381763, -0.00130148325115], [-0.000458821130451, 0.00217372039333, -0.00149380043149, 0.00210235407576, -0.00164822943043, 0.00215932331048, -0.00125891983043, -0.00256184698083, 0.00723879318684, -0.00595393124968, -0.00815792381763, 0.0222662948072, -0.0102873826399], [0.000283761735773, -0.00120400113519, 0.000973146001343, -0.00146797299385, 0.00154604541603, -0.00113137019798, 0.00057726848172, 0.000445051467977, -0.00471187476069, 0.00438761571422, -0.00130148325115, -0.0102873826399, 0.0179906003177]]
    },
    "melbands": {
        "dmean": [0.00360898906365, 0.00207401043735, 0.00100190541707, 0.000668164924718, 0.000341844541254, 0.000271049735602, 0.000186364282854, 0.000141475102282, 0.00011620164878, 0.000112113717478, 7.03219629941e-05, 5.11907528562e-05, 5.12468213856e-05, 3.91119319829e-05, 4.46380508947e-05, 4.47497804998e-05, 3.13637683576e-05, 2.83228564513e-05, 2.76081354968e-05, 2.85778496618e-05, 2.04542793654e-05, 1.9935923774e-05, 1.69459235622e-05, 1.55005091074e-05, 1.5039572645e-05, 1.23895988509e-05, 1.14276135719e-05, 1.00989109342e-05, 9.11857478059e-06, 8.15899056761e-06, 7.01251428836e-06, 6.45801355859e-06, 5.49183141629e-06, 4.70349459647e-06, 4.40286567027e-06, 3.927027592e-06, 3.39906205227e-06, 3.0249880183e-06, 2.59109378931e-06, 2.44296643359e-06],
        "dmean2": [0.00551875075325, 0.00300603546202, 0.00146492011845, 0.00106758461334, 0.000585212372243, 0.000471793144243, 0.000316334277159, 0.000244090580964, 0.000193732004846, 0.000184557924513, 0.00011817869381, 8.48022682476e-05, 8.44884707476e-05, 6.42497179797e-05, 7.20606767572e-05, 7.22894474166e-05, 5.13244522153e-05, 4.63489741378e-05, 4.53890788776e-05, 4.67456266051e-05, 3.31834089593e-05, 3.25357032125e-05, 2.75604761555e-05, 2.54418300756e-05, 2.47649968514e-05, 2.01308612304e-05, 1.87124715012e-05, 1.67545331351e-05, 1.53252276505e-05, 1.34575238917e-05, 1.14420727186e-05, 1.04438195194e-05, 8.90546107257e-06, 7.47177955418e-06, 7.0579972089e-06, 6.28456427876e-06, 5.37568121217e-06, 4.91502487421e-06, 4.08200412494e-06, 3.86292458643e-06],
        "dvar": [2.19349603867e-05, 1.17239615065e-05, 4.17114233642e-06, 2.01382090381e-06, 5.95515928126e-07, 3.95996636371e-07, 1.60730479593e-07, 8.86426931856e-08, 6.02165428631e-08, 4.4810274602e-08, 1.93063147691e-08, 1.13899680798e-08, 1.11309894635e-08, 5.25388221817e-09, 9.63738333581e-09, 1.14302469711e-08, 3.93507892937e-09, 2.58634802464e-09, 2.64866506505e-09, 2.64335331401e-09, 1.53447354823e-09, 1.04727726491e-09, 8.52269810281e-10, 7.32714611207e-10, 6.36867669712e-10, 4.0113215527e-10, 3.02708191846e-10, 2.02650202175e-10, 1.87714566113e-10, 1.37030567449e-10, 9.23328288827e-11, 7.93640361763e-11, 5.28886309747e-11, 4.1749641938e-11, 3.48474929468e-11, 2.92107275868e-11, 2.20342927931e-11, 1.89478346208e-11, 1.59662769117e-11, 1.63604754744e-11],
        "dvar2": [5.33671445737e-05, 2.03454455914e-05, 8.50535980135e-06, 4.86783619635e-06, 1.59147680279e-06, 1.11385031687e-06, 4.22392588462e-07, 2.42014948526e-07, 1.5374884299e-07, 1.13968233961e-07, 5.10509607921e-08, 2.97262925386e-08, 2.87133925525e-08, 1.30342625582e-08, 2.15168594053e-08, 2.64236650338e-08, 9.96238114226e-09, 6.45077102845e-09, 6.20255358186e-09, 6.74506761555e-09, 3.75671049824e-09, 2.57124876946e-09, 2.00760053026e-09, 1.70952785261e-09, 1.66421143533e-09, 9.5270979994e-10, 7.23859805429e-10, 5.19129017551e-10, 4.92625662485e-10, 3.44915040973e-10, 2.22741783351e-10, 1.96138605357e-10, 1.29319624453e-10, 1.01769981331e-10, 8.5996203214e-11, 7.03508917788e-11, 5.27900535785e-11, 4.65908006619e-11, 3.69529788713e-11, 3.73407867127e-11],
        "max": [0.0588553622365, 0.0545469000936, 0.0291244257241, 0.0222001317888, 0.0128669328988, 0.0125879552215, 0.00533657707274, 0.00463365064934, 0.00741592934355, 0.00550015689805, 0.00241847382858, 0.00204765098169, 0.00260939775035, 0.00131593318656, 0.00315620005131, 0.00397721445188, 0.00152406503912, 0.000945527048316, 0.00172658718657, 0.00113152735867, 0.00115263881162, 0.000873906130437, 0.000741726835258, 0.000804183247965, 0.000855714140926, 0.000349234993337, 0.000367952743545, 0.00022615128546, 0.000207092627534, 0.000207124699955, 0.000163218326634, 0.000153315777425, 0.000136401009513, 0.00012192374561, 8.93744654604e-05, 8.30928547657e-05, 6.01398896833e-05, 7.08519291948e-05, 0.000108065760287, 7.33816996217e-05],
        "mean": [0.00771663803607, 0.0032122337725, 0.0012395408703, 0.000816139392555, 0.000413305475377, 0.000336189899826, 0.000227300319239, 0.000171020044945, 0.000149049126776, 0.000152065651491, 8.86517082108e-05, 6.89297448844e-05, 6.96129573043e-05, 5.63875837543e-05, 6.25967149972e-05, 6.13555675955e-05, 4.35106412624e-05, 4.06586732424e-05, 3.99186174036e-05, 4.16138209403e-05, 3.23709537042e-05, 3.16037221637e-05, 2.72693596344e-05, 2.50365046668e-05, 2.32377933571e-05, 2.05895121326e-05, 1.95200136659e-05, 1.73920525413e-05, 1.56383230205e-05, 1.47807559188e-05, 1.3294225937e-05, 1.25506867334e-05, 1.10531573227e-05, 9.96465405478e-06, 8.96884012036e-06, 8.12766666058e-06, 6.89229409545e-06, 6.07844231126e-06, 5.12789256391e-06, 4.64417325929e-06],
        "median": [0.00403015967458, 0.00169077981263, 0.00034401047742, 0.00020035073976, 0.000143267767271, 0.000122142359032, 8.73565222719e-05, 6.69164437568e-05, 5.7677829318e-05, 5.89236951782e-05, 3.89367269236e-05, 2.92299391731e-05, 3.21717670886e-05, 2.85953410639e-05, 2.70337877737e-05, 2.47673960985e-05, 2.20486181206e-05, 2.09582576645e-05, 2.00863596547e-05, 2.18754030357e-05, 1.90879873117e-05, 1.91874569282e-05, 1.71082447196e-05, 1.60880081239e-05, 1.46322799992e-05, 1.34219153551e-05, 1.37158713187e-05, 1.24759008031e-05, 1.16304881885e-05, 1.11675790322e-05, 1.00745055533e-05, 9.44950443227e-06, 8.41928795126e-06, 7.55801283958e-06, 6.66248206471e-06, 5.95479832555e-06, 5.04044419358e-06, 4.32649812865e-06, 3.32732224706e-06, 2.78609650195e-06],
        "min": [5.06216144957e-24, 7.1792661151e-24, 5.71160538929e-24, 3.66621646309e-24, 7.9362175967e-24, 9.79639499856e-24, 5.67818569147e-24, 3.52399628036e-24, 6.85589467511e-24, 8.52098361966e-24, 9.69660409405e-24, 6.4436497711e-24, 1.09773032076e-23, 8.78076734867e-24, 9.33025866739e-24, 5.21158077692e-24, 3.06515849028e-24, 5.00575947257e-24, 5.88032104324e-24, 6.06546866985e-24, 7.73322711971e-24, 1.05784330458e-23, 1.63519506055e-23, 9.53006293518e-24, 9.42351149272e-24, 8.08709592229e-24, 1.01812518352e-23, 9.99719875313e-24, 1.29744954935e-23, 6.29065217069e-24, 6.71204983334e-24, 7.22526774992e-24, 1.17329751568e-23, 1.06659050984e-23, 1.14376698101e-23, 1.0203978129e-23, 1.23571613481e-23, 1.05446145788e-23, 7.3556333254e-24, 8.76295250284e-24],
        "var": [6.61285230308e-05, 2.24942996283e-05, 5.99572831561e-06, 3.14446378979e-06, 6.98419000855e-07, 4.12000304095e-07, 1.86009543768e-07, 9.5425995994e-08, 8.85284023866e-08, 8.36439184582e-08, 2.45068108029e-08, 1.69460534494e-08, 1.49466803379e-08, 8.41254355066e-09, 1.7064294866e-08, 1.76529599827e-08, 5.53904921929e-09, 4.38244907031e-09, 4.77502126728e-09, 4.409353771e-09, 2.74760258989e-09, 2.04764027956e-09, 1.6138590464e-09, 1.25826771225e-09, 1.00027475192e-09, 7.36114558197e-10, 5.43827094468e-10, 3.59604263034e-10, 2.84730017341e-10, 2.41336201023e-10, 1.89123425254e-10, 1.6924449342e-10, 1.25365995363e-10, 1.07037545494e-10, 8.76556882634e-11, 7.46494463466e-11, 5.31210318788e-11, 4.57678860089e-11, 3.82735891591e-11, 3.72752280431e-11]
    },
    "mfcc": {
        "mean": [-605.112487793, 80.796875, 15.2571926117, 27.8965587616, 10.3414115906, 12.7209434509, 5.66965675354, 8.80463695526, 4.93883800507, 6.19298839569, 3.69103765488, 4.82325935364, 2.4988348484],
        "cov": [[7632.85058594, -1719.00427246, -506.733062744, -291.332489014, -178.4637146, -39.0206222534, -59.4786720276, -17.6483917236, -27.9496612549, 23.9694385529, 27.3560237885, 42.8423919678, 55.1268501282], [-1719.00427246, 2150.69335938, -36.00756073, 28.2682609558, 5.62964105606, -98.7038192749, -133.075027466, -69.3877716064, -87.0739440918, -68.7658309937, -79.9180755615, -40.9275245667, -57.7537841797], [-506.733062744, -36.00756073, 700.851745605, 148.739578247, 59.0946807861, 46.9297065735, 76.0379867554, 26.2542171478, 22.0971736908, -9.6204366684, 6.1975941658, -14.0333976746, 5.43738651276], [-291.332489014, 28.2682609558, 148.739578247, 349.360198975, 147.904067993, 82.9880065918, 29.2925930023, 37.0849609375, 23.4806156158, 13.6337909698, 0.297394961119, -3.86551904678, -6.80602645874], [-178.4637146, 5.62964105606, 59.0946807861, 147.904067993, 276.075653076, 114.845924377, 38.1939353943, 28.4006919861, 29.9343929291, 22.1302509308, 9.748711586, 9.12825202942, 1.38460159302], [-39.0206222534, -98.7038192749, 46.9297065735, 82.9880065918, 114.845924377, 211.858383179, 125.776046753, 68.5987243652, 49.5063667297, 33.0285606384, 24.0578365326, 19.7215251923, 16.9844017029], [-59.4786720276, -133.075027466, 76.0379867554, 29.2925930023, 38.1939353943, 125.776046753, 188.741989136, 115.180908203, 72.1842269897, 45.5442504883, 36.0039787292, 21.9469833374, 21.5409526825], [-17.6483917236, -69.3877716064, 26.2542171478, 37.0849609375, 28.4006919861, 68.5987243652, 115.180908203, 160.165908813, 103.684860229, 64.1795654297, 38.2450637817, 24.6938552856, 16.3236846924], [-27.9496612549, -87.0739440918, 22.0971736908, 23.4806156158, 29.9343929291, 49.5063667297, 72.1842269897, 103.684860229, 148.183105469, 95.615814209, 54.2727928162, 35.6899757385, 21.7201385498], [23.9694385529, -68.7658309937, -9.6204366684, 13.6337909698, 22.1302509308, 33.0285606384, 45.5442504883, 64.1795654297, 95.615814209, 127.019676208, 77.6792068481, 42.6161079407, 26.2243652344], [27.3560237885, -79.9180755615, 6.1975941658, 0.297394961119, 9.748711586, 24.0578365326, 36.0039787292, 38.2450637817, 54.2727928162, 77.6792068481, 108.471839905, 64.4129104614, 33.1049995422], [42.8423919678, -40.9275245667, -14.0333976746, -3.86551904678, 9.12825202942, 19.7215251923, 21.9469833374, 24.6938552856, 35.6899757385, 42.6161079407, 64.4129104614, 98.7239685059, 61.0268096924], [55.1268501282, -57.7537841797, 5.43738651276, -6.80602645874, 1.38460159302, 16.9844017029, 21.5409526825, 16.3236846924, 21.7201385498, 26.2243652344, 33.1049995422, 61.0268096924, 95.553352356]],
