{
"lowlevel": {
    "average_loudness": 0.855041980743,
    "barkbands_crest": {
        "dmean": 3.84827923775,
        "dmean2": 6.03718996048,
        "dvar": 15.1523303986,
        "dvar2": 30.9116268158,
        "max": 26.7919502258,
        "mean": 10.9166507721,
        "median": 9.68674468994,
        "min": 1.96720933914,
        "var": 35.5112190247
    },
    "barkbands_flatness_db": {
        "dmean": 0.0363456010818,
        "dmean2": 0.0538239814341,
        "dvar": 0.00184231030289,
        "dvar2": 0.00372230447829,
        "max": 0.770676851273,
        "mean": 0.111837223172,
        "median": 0.0940431132913,
        "min": 0.0129296006635,
        "var": 0.00454348465428
    },
    "barkbands_kurtosis": {
        "dmean": 8.43766784668,
        "dmean2": 13.56944561,
        "dvar": 29522.0488281,
        "dvar2": 66188.453125,
        "max": 13157.8945312,
        "mean": 7.19131612778,
        "median": -0.0213930606842,
        "min": -1.94091022015,
        "var": 26279.0371094
    },
    "barkbands_skewness": {
        "dmean": 0.988275408745,
        "dmean2": 1.50489461422,
        "dvar": 2.55600500107,
        "dvar2": 5.66885852814,
        "max": 71.2116088867,
        "mean": 1.52260744572,
        "median": 1.05042386055,
        "min": -3.47843503952,
        "var": 4.41636323929
    },
    "barkbands_spread": {
        "dmean": 12.0900735855,
        "dmean2": 18.9811878204,
        "dvar": 156.937713623,
        "dvar2": 371.083221436,
        "max": 108.741477966,
        "mean": 41.2734298706,
        "median": 41.4769554138,
        "min": 0.0129582565278,
        "var": 380.627502441
    },
    "dissonance": {
        "dmean": 0.0124432453886,
        "dmean2": 0.0210106000304,
        "dvar": 0.000172682237462,
        "dvar2": 0.000449649989605,
        "max": 0.500000119209,
        "mean": 0.479078412056,
        "median": 0.482923001051,
        "min": 0.242930814624,
        "var": 0.000282362598227
    },
    "dynamic_complexity": 2.32543134689,
    "erbbands_crest": {
        "dmean": 2.30943632126,
        "dmean2": 3.80183243752,
        "dvar": 6.62084341049,
        "dvar2": 16.3916149139,
        "max": 28.2456302643,
        "mean": 6.93375682831,
        "median": 5.52439022064,
        "min": 2.22672128677,
        "var": 15.9212398529
    },
    "erbbands_flatness_db": {
        "dmean": 0.0167594626546,
        "dmean2": 0.0248189866543,
        "dvar": 0.000369046261767,
        "dvar2": 0.000809627701528,
        "max": 0.529726088047,
        "mean": 0.115143254399,
        "median": 0.104827776551,
        "min": 0.0455412827432,
        "var": 0.00179592543282
    },
    "erbbands_kurtosis": {
        "dmean": 0.943157553673,
        "dmean2": 1.5897269249,
        "dvar": 60.0867538452,
        "dvar2": 151.484451294,
        "max": 394.166717529,
        "mean": -0.114167660475,
        "median": -0.597301959991,
        "min": -1.80530643463,
        "var": 50.0439720154
    },
    "erbbands_skewness": {
        "dmean": 0.383378058672,
        "dmean2": 0.615018010139,
        "dvar": 0.208557903767,
        "dvar2": 0.506843924522,
        "max": 16.08385849,
        "mean": -0.233631268144,
        "median": -0.25352320075,
        "min": -3.2811870575,
        "var": 0.461955040693
    },
    "erbbands_spread": {
        "dmean": 13.5449590683,
        "dmean2": 20.8903427124,
        "dvar": 244.765487671,
        "dvar2": 538.508666992,
        "max": 180.846313477,
        "mean": 57.6268234253,
        "median": 54.1000137329,
        "min": 0.547225534916,
        "var": 577.760253906
    },
    "hfc": {
        "dmean": 20.3329563141,
        "dmean2": 34.2073364258,
        "dvar": 1337.55029297,
        "dvar2": 3807.66088867,
        "max": 336.464447021,
        "mean": 42.0566215515,
        "median": 31.1167144775,
        "min": 1.18318432512e-16,
        "var": 1419.07763672
    },
    "melbands_crest": {
        "dmean": 4.80334281921,
        "dmean2": 7.61946105957,
        "dvar": 23.0107421875,
        "dvar2": 54.2933273315,
        "max": 36.9765892029,
        "mean": 17.4297180176,
        "median": 16.9024524689,
        "min": 2.08125376701,
        "var": 57.5311813354
    },
    "melbands_flatness_db": {
        "dmean": 0.048812340945,
        "dmean2": 0.0720951929688,
        "dvar": 0.00315071293153,
        "dvar2": 0.00685460772365,
        "max": 0.925540804863,
        "mean": 0.163956582546,
        "median": 0.143453940749,
        "min": 0.00816148426384,
        "var": 0.00763891590759
    },
    "melbands_kurtosis": {
        "dmean": 26.7270107269,
        "dmean2": 42.4045639038,
        "dvar": 3987.91601562,
        "dvar2": 8437.31738281,
        "max": 1068.96508789,
        "mean": 33.9603157043,
        "median": 8.47905540466,
        "min": -1.70190286636,
        "var": 6045.44482422
    },
    "melbands_skewness": {
        "dmean": 1.70248103142,
        "dmean2": 2.58067703247,
        "dvar": 5.78525066376,
        "dvar2": 12.0652751923,
        "max": 29.3819847107,
        "mean": 3.9258825779,
        "median": 2.77025580406,
        "min": -1.71662580967,
        "var": 12.9064598083
    },
    "melbands_spread": {
        "dmean": 17.5898399353,
        "dmean2": 27.7424182892,
        "dvar": 454.537689209,
        "dvar2": 1077.47351074,
        "max": 220.658432007,
        "mean": 39.7581214905,
        "median": 33.9045448303,
        "min": 0.175510898232,
        "var": 882.445800781
    },
    "pitch_salience": {
        "dmean": 0.11619476229,
        "dmean2": 0.172779381275,
        "dvar": 0.0140007100999,
        "dvar2": 0.0283312927932,
        "max": 0.962770760059,
        "mean": 0.493917137384,
        "median": 0.515342712402,
        "min": 0.00777552044019,
        "var": 0.0350124128163
    },
    "silence_rate_20dB": {
        "dmean": 0,
        "dmean2": 0,
        "dvar": 0,
        "dvar2": 0,
        "max": 1,
        "mean": 1,
        "median": 1,
        "min": 1,
        "var": 0
    },
    "silence_rate_30dB": {
        "dmean": 0.0231512691826,
        "dmean2": 0.0463077425957,
        "dvar": 0.0226143728942,
        "dvar2": 0.0594472698867,
        "max": 1,
        "mean": 0.980559587479,
        "median": 1,
        "min": 0,
        "var": 0.0190643258393
    },
    "silence_rate_60dB": {
        "dmean": 0.0182063393295,
        "dmean2": 0.0364167690277,
        "dvar": 0.0178745668381,
        "dvar2": 0.0425046049058,
        "max": 1,
        "mean": 0.0457354746759,
        "median": 0,
        "min": 0,
        "var": 0.0436431132257
    },
    "spectral_centroid": {
        "dmean": 450.238555908,
        "dmean2": 713.031433105,
        "dvar": 235137.609375,
        "dvar2": 547173.75,
        "max": 11317.1220703,
        "mean": 2280.42431641,
        "median": 2355.31079102,
        "min": 66.9528121948,
        "var": 581372.3125
    },
    "spectral_complexity": {
        "dmean": 7.32074642181,
        "dmean2": 11.2579517365,
        "dvar": 60.6341018677,
        "dvar2": 139.576126099,
        "max": 59,
        "mean": 21.5232048035,
        "median": 20,
        "min": 0,
        "var": 159.904144287
    },
    "spectral_decrease": {
        "dmean": 3.77563313947e-09,
        "dmean2": 5.52471757231e-09,
        "dvar": 2.26526388598e-17,
        "dvar2": 4.43068277068e-17,
        "max": 2.60436733269e-25,
        "mean": -8.3145517138e-09,
        "median": -5.6740643295e-09,
        "min": -6.14628277162e-08,
        "var": 5.8550067218e-17
    },
    "spectral_energy": {
        "dmean": 0.0150651559234,
        "dmean2": 0.0222643669695,
        "dvar": 0.000341274775565,
        "dvar2": 0.000679672986735,
        "max": 0.236335381866,
        "mean": 0.0351957716048,
        "median": 0.0253767762333,
        "min": 1.07776997081e-20,
        "var": 0.00089890853269
    },
    "spectral_energyband_high": {
        "dmean": 0.00183641770855,
        "dmean2": 0.00309464614838,
        "dvar": 1.04752571133e-05,
        "dvar2": 2.97873484669e-05,
        "max": 0.0390733703971,
        "mean": 0.00362680992112,
        "median": 0.00253447936848,
        "min": 7.841672207e-21,
        "var": 1.25042379295e-05
    },
    "spectral_energyband_low": {
        "dmean": 0.011516712606,
        "dmean2": 0.0158695429564,
        "dvar": 0.000333362258971,
        "dvar2": 0.000556608545594,
        "max": 0.219067618251,
        "mean": 0.0196631215513,
        "median": 0.00680455286056,
        "min": 6.06733180154e-23,
        "var": 0.000767513818573
    },
    "spectral_energyband_middle_high": {
        "dmean": 0.00271432427689,
        "dmean2": 0.0047298274003,
        "dvar": 2.68986605079e-05,
        "dvar2": 7.74874788476e-05,
        "max": 0.0378082022071,
        "mean": 0.00468366313726,
        "median": 0.0033845170401,
        "min": 1.70240858452e-21,
        "var": 2.28409753618e-05
    },
    "spectral_energyband_middle_low": {
        "dmean": 0.00583741487935,
        "dmean2": 0.00924806855619,
        "dvar": 9.30668393266e-05,
        "dvar2": 0.000226783318794,
        "max": 0.0981693044305,
        "mean": 0.00833619292825,
        "median": 0.00501853367314,
        "min": 2.63374276745e-22,
        "var": 0.000114811649837
    },
    "spectral_entropy": {
        "dmean": 0.184133678675,
        "dmean2": 0.294734686613,
        "dvar": 0.0592070631683,
        "dvar2": 0.152200847864,
        "max": 9.80619430542,
        "mean": 8.08538627625,
        "median": 8.16625595093,
        "min": 3.03104162216,
        "var": 0.118586175144
    },
    "spectral_flux": {
        "dmean": 0.0375251434743,
        "dmean2": 0.0604863353074,
        "dvar": 0.0013677442912,
        "dvar2": 0.0032732123509,
        "max": 0.406315684319,
        "mean": 0.110799841583,
        "median": 0.0985867157578,
        "min": 1.03815699093e-10,
        "var": 0.00360738974996
    },
    "spectral_kurtosis": {
        "dmean": 0.571834504604,
        "dmean2": 0.936350464821,
        "dvar": 1.94090294838,
        "dvar2": 5.5059056282,
        "max": 65.1175842285,
        "mean": 2.10823392868,
        "median": 1.97240543365,
        "min": -1.15290236473,
        "var": 2.04496240616
    },
    "spectral_rms": {
        "dmean": 0.00123382022139,
        "dmean2": 0.00180096179247,
        "dvar": 1.70351029283e-06,
        "dvar2": 3.36433527082e-06,
        "max": 0.0151845682412,
        "mean": 0.00532164238393,
        "median": 0.00497572403401,
        "min": 3.24265766148e-12,
        "var": 6.01749070483e-06
    },
    "spectral_rolloff": {
        "dmean": 1560.08911133,
        "dmean2": 2519.79150391,
        "dvar": 3631425,
        "dvar2": 8536703,
        "max": 18475.4882812,
        "mean": 3345.27734375,
        "median": 3143.84765625,
        "min": 64.599609375,
        "var": 7458484
    },
    "spectral_skewness": {
        "dmean": 0.121209815145,
        "dmean2": 0.191578581929,
        "dvar": 0.0304377991706,
        "dvar2": 0.0779276266694,
        "max": 7.6410036087,
        "mean": 1.15318858624,
        "median": 1.1428476572,
        "min": -0.0272454302758,
        "var": 0.0539134591818
    },
    "spectral_spread": {
        "dmean": 590733.9375,
        "dmean2": 886512.5625,
        "dvar": 412044754944,
        "dvar2": 795667988480,
        "max": 39717936,
        "mean": 6529931,
        "median": 6484237.5,
        "min": 1788723.5,
        "var": 1.64507261338e+12
    },
    "spectral_strongpeak": {
        "dmean": 0.404749304056,
        "dmean2": 0.68937176466,
        "dvar": 0.401015460491,
        "dvar2": 1.02951514721,
        "max": 8.92097759247,
        "mean": 0.669946551323,
        "median": 0.43643862009,
        "min": 0,
        "var": 0.548597276211
    },
    "zerocrossingrate": {
        "dmean": 0.0228317305446,
        "dmean2": 0.0262505635619,
        "dvar": 0.000446474208729,
        "dvar2": 0.000564323621802,
        "max": 0.5732421875,
        "mean": 0.107866480947,
        "median": 0.103515625,
        "min": 0.00244140625,
        "var": 0.00296670896932
    },
    "barkbands": {
        "dmean": [0.000646737695206, 0.00971430819482, 0.00228756340221, 0.00193805759773, 0.00257100863382, 0.00132671173196, 0.000877988117281, 0.000663628219627, 0.000516022962984, 0.000465829973109, 0.000329604401486, 0.00028574699536, 0.000321314117173, 0.000248987838859, 0.000418478564825, 0.000408557563787, 0.000472002342576, 0.000394336559111, 0.000423234887421, 0.000368162698578, 0.00036339025246, 0.000318453734508, 0.000316129357088, 0.000330592418322, 0.000394772534491, 0.000225379888434, 3.95962051698e-05],
        "dmean2": [0.000885662971996, 0.0132746137679, 0.00345836230554, 0.0033284581732, 0.00445226859301, 0.00226969365031, 0.00151560106315, 0.00109015090857, 0.000842612178531, 0.000751750078052, 0.000565242255107, 0.000482096889755, 0.000571290962398, 0.000423726043664, 0.000745029421523, 0.000720141106285, 0.000825873808935, 0.000685709004756, 0.000730524538085, 0.000626345863566, 0.000616171746515, 0.000538996828254, 0.000531713594683, 0.000568204035517, 0.000663821934722, 0.000382681289921, 6.58721764921e-05],
        "dvar": [3.7582431105e-06, 0.000304346816847, 2.46777308348e-05, 2.09864429053e-05, 3.88917906093e-05, 1.13769365271e-05, 3.47222362507e-06, 2.25082339966e-06, 2.2271447051e-06, 1.00015154203e-06, 6.17210332621e-07, 4.24566451329e-07, 6.15826763806e-07, 3.03279080072e-07, 8.81401035713e-07, 7.97021186827e-07, 8.0163124494e-07, 5.53834581751e-07, 6.03987757586e-07, 3.10869211262e-07, 4.27794674351e-07, 2.21404050649e-07, 2.89716666657e-07, 3.52407454329e-07, 6.71151667575e-07, 2.17641982658e-07, 7.17851245113e-09],
        "dvar2": [7.29976682123e-06, 0.000501237926073, 5.95915080339e-05, 5.75184603804e-05, 0.000104205078969, 3.02474345517e-05, 9.24641699385e-06, 5.15395504408e-06, 5.02048806084e-06, 2.29868555834e-06, 1.51959159211e-06, 1.0514152109e-06, 1.72617728822e-06, 7.83163102369e-07, 2.52068230111e-06, 2.24491486733e-06, 2.23452502723e-06, 1.56459725531e-06, 1.68614997165e-06, 8.63914294769e-07, 1.18523212222e-06, 5.87571435062e-07, 7.93801120835e-07, 1.00677357295e-06, 1.80102438208e-06, 6.25066661541e-07, 1.93846059204e-08],
        "max": [0.0435844548047, 0.179253712296, 0.0852656364441, 0.0609447881579, 0.0915278419852, 0.0461900420487, 0.0344345718622, 0.0487190112472, 0.0686177611351, 0.0135712707415, 0.0128999818116, 0.010703378357, 0.0131401326507, 0.0113827036694, 0.0130552239716, 0.0158085320145, 0.012117870152, 0.0183254834265, 0.0234184730798, 0.00757941510528, 0.0117493718863, 0.00647137826309, 0.00896830111742, 0.00763532100245, 0.0102557400241, 0.00514388456941, 0.00127194158267],
        "mean": [0.0012455356773, 0.014645406045, 0.00284239905886, 0.00176303158514, 0.00233049201779, 0.0014341508504, 0.000895503268111, 0.000893565302249, 0.000636072247289, 0.000652760674711, 0.000377514952561, 0.000355641619535, 0.000312521005981, 0.000294755474897, 0.000456888985354, 0.000443793513114, 0.000575820391532, 0.000536635750905, 0.000611384166405, 0.000615086231846, 0.000596946047153, 0.000588615774177, 0.000559656065889, 0.000565349124372, 0.000577037630137, 0.000337511854013, 5.16421496286e-05],
        "median": [2.89249346679e-05, 0.0027343290858, 0.000780741509516, 0.000317359692417, 0.000553589314222, 0.000379899691325, 0.000224857678404, 0.000160309486091, 0.000140541131259, 0.000173414635356, 8.37611296447e-05, 0.000128691142891, 9.75569128059e-05, 0.000120095581224, 0.000215367705096, 0.0002080254053, 0.000322213512845, 0.000339713471476, 0.000399553740863, 0.000431972759543, 0.000409504660638, 0.000400330958655, 0.000375680800062, 0.000356971431756, 0.000299418781651, 0.000196934299311, 2.26860465773e-05],
        "min": [1.01842479289e-23, 4.55896979732e-23, 4.78210241758e-24, 1.59829861607e-23, 5.28104573831e-23, 1.98048705183e-23, 6.99122108127e-23, 6.65270824507e-23, 2.91003246426e-23, 1.05132969586e-22, 8.83205892695e-23, 1.59056257271e-22, 1.81517487515e-22, 4.12147763671e-23, 1.10842517626e-22, 1.25732841503e-22, 1.83991468909e-22, 3.31526002452e-22, 2.4985491739e-22, 2.94759051061e-22, 3.17697889251e-22, 4.09408838608e-22, 5.18167816811e-22, 1.05343591662e-21, 1.54912914935e-21, 1.75631386093e-21, 2.31371181891e-21],
        "var": [1.4366762116e-05, 0.000584761903156, 3.09110146191e-05, 1.65044784808e-05, 3.45489170286e-05, 1.10458031486e-05, 3.57999101652e-06, 4.85231066705e-06, 3.29559816237e-06, 2.09721497413e-06, 9.03968555122e-07, 5.54029043087e-07, 5.15471356266e-07, 3.42844543866e-07, 6.74951081692e-07, 5.85838563438e-07, 6.49844935197e-07, 4.78931553971e-07, 5.28690350166e-07, 3.8227832988e-07, 4.49146654091e-07, 3.33049086976e-07, 3.61719372677e-07, 3.96258968749e-07, 6.86134114858e-07, 2.00673511586e-07, 8.00897748121e-09]
    },
    "erbbands": {
        "dmean": [0.27958765626, 2.14835834503, 3.11634850502, 4.71062660217, 7.42690944672, 8.98958969116, 9.41622924805, 11.5608577728, 13.3140830994, 11.8124256134, 14.3443241119, 11.9177570343, 16.0578193665, 11.8228883743, 12.0036010742, 12.7841529846, 14.5536909103, 13.3516693115, 17.673412323, 19.2425556183, 23.7306632996, 23.4549045563, 22.8487415314, 20.1686325073, 20.5540065765, 17.4510269165, 16.1577758789, 13.5333719254, 11.9830141068, 10.129278183, 9.15177726746, 7.16240882874, 5.58805656433, 4.52700567245, 2.8646914959, 1.16963529587, 0.377692639828, 0.0795736908913, 0.00627270620316, 0.000111104345706],
        "dmean2": [0.374273627996, 2.97230052948, 4.31719017029, 7.73481225967, 13.0116481781, 15.5635471344, 16.0953559875, 19.6894207001, 22.5479774475, 20.0985488892, 23.5117301941, 19.4924144745, 25.9890899658, 19.4029006958, 20.5436458588, 21.5367355347, 25.8612251282, 22.7624416351, 31.0028095245, 34.2232475281, 41.6492042542, 41.3054695129, 40.2056083679, 34.7248916626, 34.9817504883, 29.6927890778, 27.7123165131, 22.8367137909, 20.2570667267, 16.8780002594, 15.3923301697, 12.2207632065, 9.60855197906, 7.70257377625, 4.8070192337, 2.01233887672, 0.640648782253, 0.132180526853, 0.0105259343982, 0.000184291493497],
        "dvar": [0.27515360713, 18.736989975, 38.7939300537, 110.989685059, 356.648925781, 610.948913574, 750.073913574, 860.688537598, 861.868774414, 539.985168457, 1347.69396973, 1315.89477539, 1529.96044922, 863.591003418, 740.636657715, 859.181335449, 1233.92565918, 879.064331055, 1409.43286133, 1708.47302246, 2327.09594727, 2429.36083984, 2302.17211914, 1320.88452148, 1461.01452637, 761.48236084, 887.381408691, 552.286621094, 336.539764404, 277.869537354, 229.555099487, 163.580795288, 96.8969802856, 80.0952301025, 43.4672660828, 5.46713447571, 0.586818099022, 0.0263769738376, 0.000214298197534, 5.6351471045e-08],
        "dvar2": [0.468931883574, 31.1579780579, 84.8587036133, 296.401245117, 983.845214844, 1583.67102051, 1965.64660645, 2300.48193359, 2294.73803711, 1373.46398926, 3036.18359375, 3082.57177734, 3495.22827148, 2003.3626709, 1870.7277832, 2127.01293945, 3470.8659668, 2276.23217773, 3923.6574707, 4930.97070312, 6462.61035156, 6944.08496094, 6563.58642578, 3671.2512207, 4056.64013672, 2098.69580078, 2491.91162109, 1506.04455566, 906.864624023, 755.588317871, 621.702331543, 464.886383057, 274.650360107, 217.913818359, 114.90776825, 15.6286897659, 1.6723177433, 0.0735552310944, 0.000594389333855, 1.58138433903e-07],
        "max": [7.0615644455, 41.4737281799, 85.436882019, 200.385513306, 228.369903564, 562.564331055, 435.829345703, 505.499633789, 485.84765625, 375.698547363, 1431.74768066, 1954.97277832, 1095.29394531, 573.451965332, 452.724487305, 484.308837891, 581.89050293, 665.487915039, 600.852600098, 498.185913086, 662.725097656, 698.50390625, 1151.66723633, 528.200195312, 1458.21264648, 495.592407227, 538.173583984, 437.291259766, 277.585571289, 255.719863892, 222.149276733, 182.479751587, 109.402381897, 137.866470337, 89.6337585449, 25.6038150787, 8.25629234314, 2.03462529182, 0.224641174078, 0.00354435341433],
        "mean": [0.495018929243, 2.88940668106, 4.10403299332, 4.90653705597, 6.62638282776, 7.9414973259, 8.83501243591, 12.2685804367, 14.1805734634, 13.83319664, 19.694272995, 15.6831789017, 23.6847496033, 15.5295276642, 13.8967609406, 16.4108314514, 14.9310407639, 16.7073402405, 20.5617542267, 22.1508522034, 28.777261734, 28.8039855957, 30.0202789307, 29.4885692596, 30.9842643738, 29.4292678833, 25.9968509674, 22.5060901642, 21.3212051392, 18.3867092133, 15.856098175, 12.0003013611, 9.46416950226, 6.73535633087, 3.95911884308, 1.67920219898, 0.561928331852, 0.121012762189, 0.0081860460341, 0.00019044043438],
        "median": [0.0530246719718, 0.601747691631, 1.18891465664, 1.4727448225, 1.55657970905, 1.49429726601, 1.81630754471, 2.88419485092, 3.63041234016, 3.42995023727, 4.41345357895, 4.2710776329, 5.91112136841, 4.55914878845, 4.29501533508, 6.21099805832, 5.47546720505, 7.65788030624, 9.90659236908, 11.9449310303, 15.952129364, 16.8087234497, 18.3256835938, 19.2092285156, 20.9639511108, 20.7519493103, 17.484670639, 15.5247755051, 14.4919977188, 12.3564453125, 10.4595279694, 7.81333494186, 5.57863998413, 3.52936553955, 2.02909445763, 0.960467576981, 0.330272167921, 0.0697022229433, 0.00361749576405, 0.000123838457512],
        "min": [1.99523476228e-21, 7.51569195982e-21, 7.75149901892e-21, 2.92837608039e-20, 1.52386973531e-19, 1.84682353543e-19, 6.34498582382e-20, 1.54334790003e-19, 3.92855085518e-19, 1.74559283602e-18, 1.63125455508e-18, 6.62089837948e-19, 1.01275692862e-18, 5.43131877363e-18, 4.90600407715e-18, 6.28555067376e-18, 9.23994989499e-18, 2.76500277831e-18, 4.70434571561e-18, 5.22637815943e-18, 8.99827501696e-18, 9.37538913977e-18, 1.28686597205e-17, 1.76433521842e-17, 1.10365357274e-17, 1.44444842824e-17, 1.07824241889e-17, 1.65242247919e-17, 1.37382474016e-17, 1.28317368595e-17, 1.63139141211e-17, 1.45304978312e-17, 2.16540796592e-17, 1.73416364014e-17, 1.13155263773e-17, 6.44094275568e-18, 2.84205796109e-18, 1.4226564584e-18, 3.07298398895e-19, 3.33698003854e-20],
        "var": [0.908872246742, 28.8239517212, 54.6134147644, 98.804397583, 262.464477539, 617.142333984, 629.310974121, 877.91418457, 890.52142334, 786.109008789, 2816.53540039, 1875.08117676, 3149.86450195, 1503.38146973, 975.699401855, 1133.89416504, 1030.85766602, 996.051574707, 1173.31188965, 1212.9317627, 1817.05725098, 1736.1817627, 1773.76513672, 1235.90966797, 1358.10217285, 903.508239746, 885.668212891, 613.484741211, 466.828765869, 375.237976074, 292.757873535, 177.028900146, 122.626502991, 84.594543457, 41.4051017761, 5.01399040222, 0.559073090553, 0.0287030451, 0.000216202737647, 5.93600866239e-08]
    },
    "gfcc": {
        "mean": [35.5033493042, 11.6066741943, -98.9359664917, 42.3459129333, -53.2485313416, 18.2080764771, -34.8572616577, 18.139919281, -22.5245132446, 9.46615791321, -19.4671974182, 5.39226913452, -14.8354358673],
        "cov": [[7676.28613281, -41.9494476318, 843.538513184, 101.949172974, -185.927337646, 69.7607498169, -236.164535522, 136.59513855, -21.3748054504, 336.362121582, 77.8187713623, 276.438903809, -61.7760314941], [-41.9494476318, 1708.59606934, 657.879272461, 447.990356445, 220.727218628, 11.6562614441, 68.8479537964, -55.8984375, 2.85131311417, -117.150352478, -33.3884849548, -106.253540039, -11.9711608887], [843.538513184, 657.879272461, 1141.18383789, 659.192199707, 412.153625488, 233.595169067, 144.341033936, 79.1138687134, 47.0692100525, 36.3509216309, 24.9636383057, -6.25268554688, -35.8509864807], [101.949172974, 447.990356445, 659.192199707, 699.776550293, 446.244018555, 305.474945068, 210.290100098, 103.583557129, 79.5942840576, 28.1692008972, 31.1755943298, -13.1415576935, -9.91183662415], [-185.927337646, 220.727218628, 412.153625488, 446.244018555, 475.780059814, 331.691131592, 258.463500977, 137.855224609, 101.482719421, 40.8947525024, 30.0768680573, -15.4262647629, -17.1622314453], [69.7607498169, 11.6562614441, 233.595169067, 305.474945068, 331.691131592, 374.197113037, 286.050231934, 196.941207886, 110.781745911, 67.2993927002, 38.1352996826, 15.5364017487, 3.75333213806], [-236.164535522, 68.8479537964, 144.341033936, 210.290100098, 258.463500977, 286.050231934, 359.034820557, 236.516738892, 148.660552979, 37.700428009, 18.3696670532, -0.475227594376, 18.3371181488], [136.59513855, -55.8984375, 79.1138687134, 103.583557129, 137.855224609, 196.941207886, 236.516738892, 278.773254395, 185.132675171, 106.406799316, 33.8893890381, 29.8792381287, 29.3454246521], [-21.3748054504, 2.85131311417, 47.0692100525, 79.5942840576, 101.482719421, 110.781745911, 148.660552979, 185.132675171, 213.645858765, 142.231842041, 69.9113388062, 19.1419887543, 18.5630645752], [336.362121582, -117.150352478, 36.3509216309, 28.1692008972, 40.8947525024, 67.2993927002, 37.700428009, 106.406799316, 142.231842041, 221.046295166, 137.381195068, 75.5773162842, 11.441827774], [77.8187713623, -33.3884849548, 24.9636383057, 31.1755943298, 30.0768680573, 38.1352996826, 18.3696670532, 33.8893890381, 69.9113388062, 137.381195068, 168.409576416, 110.638832092, 33.5517692566], [276.438903809, -106.253540039, -6.25268554688, -13.1415576935, -15.4262647629, 15.5364017487, -0.475227594376, 29.8792381287, 19.1419887543, 75.5773162842, 110.638832092, 165.069000244, 87.355506897], [-61.7760314941, -11.9711608887, -35.8509864807, -9.91183662415, -17.1622314453, 3.75333213806, 18.3371181488, 29.3454246521, 18.5630645752, 11.441827774, 33.5517692566, 87.355506897, 134.260360718]],
        "icov": [[0.000249871111009, -6.86191633577e-05, -0.000270293472568, 5.70362644794e-05, 0.000460800714791, -0.000488551915623, 0.000356912001735, -0.000244141294388, 0.000279349129414, -0.000716321752407, 0.000908401561901, -0.000917460012715, 0.000510415411554], [-6.86191633577e-05, 0.00101855653338, -0.000430747051723, -0.000358797289664, -0.000100938908872, 0.000844549853355, -0.000495711574331, 0.000427307066275, -0.000645730644464, 0.00119262223598, -0.00125865952577, 0.00129175605252, -0.000682758109178], [-0.000270293472568, -0.000430747051723, 0.00266690226272, -0.00197230395861, -0.00116560701281, 0.00128967303317, -7.89550176705e-05, -0.000769553240389, 0.000997235998511, -0.000441055075498, 1.93089781533e-05, -8.13381338958e-05, 0.000345489970641], [5.70362644794e-05, -0.000358797289664, -0.00197230395861, 0.00585390720516, -0.00275225075893, -0.00207886775024, 0.0010678198887, 0.000682833837345, -0.0010540864896, 0.000857215200085, -0.000521763169672, 0.000334667536663, -0.0007036976167], [0.000460800714791, -0.000100938908872, -0.00116560701281, -0.00275225075893, 0.010849150829, -0.00677970563993, -0.00113471481018, 0.00300940126181, -0.0023441889789, -0.000424717261922, 0.00146967649926, -0.00139451643918, 0.00166252150666], [-0.000488551915623, 0.000844549853355, 0.00128967303317, -0.00207886775024, -0.00677970563993, 0.015883738175, -0.00700951786712, -0.00389648252167, 0.00584330735728, -0.00264344085008, -0.00154275342356, 0.00181050400715, -0.000835337501485], [0.000356912001735, -0.000495711574331, -7.89550176705e-05, 0.0010678198887, -0.00113471481018, -0.00700951786712, 0.0147338872775, -0.00782259274274, -0.00277564115822, 0.00603210506961, -0.0028819583822, 0.000603847322054, 0.000123151665321], [-0.000244141294388, 0.000427307066275, -0.000769553240389, 0.000682833837345, 0.00300940126181, -0.00389648252167, -0.00782259274274, 0.0200501382351, -0.0118921622634, -0.00229423912242, 0.00729373237118, -0.00480269826949, 9.21996615943e-05], [0.000279349129414, -0.000645730644464, 0.000997235998511, -0.0010540864896, -0.0023441889789, 0.00584330735728, -0.00277564115822, -0.0118921622634, 0.0232344251126, -0.0115585103631, -0.00185270188376, 0.00572048639879, -0.00271160365082], [-0.000716321752407, 0.00119262223598, -0.000441055075498, 0.000857215200085, -0.000424717261922, -0.00264344085008, 0.00603210506961, -0.00229423912242, -0.0115585103631, 0.0229361057281, -0.0153500922024, 0.00343766692095, 0.000662224425469], [0.000908401561901, -0.00125865952577, 1.93089781533e-05, -0.000521763169672, 0.00146967649926, -0.00154275342356, -0.0028819583822, 0.00729373237118, -0.00185270188376, -0.0153500922024, 0.0284189917147, -0.0181856527925, 0.00559753691778], [-0.000917460012715, 0.00129175605252, -8.13381338958e-05, 0.000334667536663, -0.00139451643918, 0.00181050400715, 0.000603847322054, -0.00480269826949, 0.00572048639879, 0.00343766692095, -0.0181856527925, 0.0257907491177, -0.0128854280338], [0.000510415411554, -0.000682758109178, 0.000345489970641, -0.0007036976167, 0.00166252150666, -0.000835337501485, 0.000123151665321, 9.21996615943e-05, -0.00271160365082, 0.000662224425469, 0.00559753691778, -0.0128854280338, 0.0151648456231]]
    },
    "melbands": {
        "dmean": [0.00262587401085, 0.002007155912, 0.000860892585479, 0.000593300908804, 0.000336590455845, 0.000258931861026, 0.000199609698029, 0.00013012632553, 0.000112307578092, 7.71260019974e-05, 7.95943560661e-05, 4.73241598229e-05, 4.09727254009e-05, 3.55070733349e-05, 2.97851966025e-05, 3.23522326653e-05, 2.59313437709e-05, 2.57848041656e-05, 3.16990517604e-05, 2.70848340733e-05, 3.04946715914e-05, 2.50761040661e-05, 2.65651851805e-05, 1.74495762622e-05, 1.7258365915e-05, 1.77719703061e-05, 1.25348224174e-05, 1.2842760043e-05, 1.06381385194e-05, 9.70736982708e-06, 8.20538662083e-06, 7.3495966717e-06, 6.57467990095e-06, 5.92696187596e-06, 5.83770679441e-06, 5.01670274389e-06, 4.52696122011e-06, 4.03078729505e-06, 4.07868310504e-06, 4.01913348469e-06],
        "dmean2": [0.00354106491432, 0.00281320279464, 0.00140921317507, 0.00103755202144, 0.000577138736844, 0.000440197094576, 0.000338909070706, 0.000219261084567, 0.000183916548849, 0.000124686717754, 0.000129119405756, 7.75646403781e-05, 7.05295824446e-05, 5.98894439463e-05, 5.23775815964e-05, 5.66391245229e-05, 4.40762414655e-05, 4.48723985755e-05, 5.69420117245e-05, 4.76790446555e-05, 5.31748119101e-05, 4.37918315583e-05, 4.75294255011e-05, 3.00149877148e-05, 2.98362756439e-05, 3.07291338686e-05, 2.13222701859e-05, 2.18401037273e-05, 1.83151623787e-05, 1.66218687809e-05, 1.38301275001e-05, 1.25996975839e-05, 1.0993111573e-05, 9.98486575554e-06, 9.83207246463e-06, 8.53304118209e-06, 7.75214903115e-06, 6.95435028319e-06, 7.04494232195e-06, 6.87765395924e-06],
        "dvar": [2.0534158466e-05, 1.55866237037e-05, 3.529634796e-06, 2.26217321142e-06, 8.75470959727e-07, 4.13598399973e-07, 1.81516355724e-07, 6.94709996196e-08, 9.68547979596e-08, 5.27794590255e-08, 3.83800120574e-08, 1.40389513348e-08, 8.75095551578e-09, 6.59686882898e-09, 4.70980188183e-09, 6.0328577689e-09, 3.87530896262e-09, 2.86840240449e-09, 6.07430994393e-09, 3.33180683043e-09, 3.59446827858e-09, 2.29826047082e-09, 3.49430284707e-09, 9.88747861363e-10, 1.00285557636e-09, 1.41516143248e-09, 3.74146130744e-10, 4.28681229403e-10, 3.51965429024e-10, 3.02174729683e-10, 2.12190182092e-10, 1.28449514913e-10, 9.59043469639e-11, 1.12959509802e-10, 9.48381304045e-11, 7.66267951868e-11, 6.45627509788e-11, 4.6512509122e-11, 6.04437958018e-11, 6.75128772332e-11],
        "dvar2": [3.47199020325e-05, 2.66169627139e-05, 9.43344366533e-06, 6.17883233645e-06, 2.25190024139e-06, 1.09811935545e-06, 4.81065910662e-07, 1.72627693473e-07, 2.2334553762e-07, 1.20032055406e-07, 8.82027890725e-08, 3.21736237652e-08, 2.24808118787e-08, 1.65226570203e-08, 1.30445689805e-08, 1.6283600246e-08, 9.90668969081e-09, 7.83068454524e-09, 1.74437442269e-08, 9.39573308045e-09, 9.78459446799e-09, 6.42467590239e-09, 1.00491606148e-08, 2.74665667988e-09, 2.76573253188e-09, 3.90762000535e-09, 1.02970343363e-09, 1.17192122673e-09, 9.84545334148e-10, 8.3728524114e-10, 5.70822888957e-10, 3.51241258301e-10, 2.44296721741e-10, 3.11936365627e-10, 2.48338516418e-10, 2.15794049296e-10, 1.83469961446e-10, 1.31191349451e-10, 1.72101638496e-10, 1.79832732039e-10],
        "max": [0.0526521131396, 0.0503564253449, 0.0286655798554, 0.0225165486336, 0.013815978542, 0.01049807854, 0.00743065914139, 0.00510085001588, 0.0151077797636, 0.0118849556893, 0.0054372465238, 0.00214141211472, 0.00131816952489, 0.00129389425274, 0.00139981461689, 0.00178555794992, 0.00149313465226, 0.00123347074259, 0.00137928198092, 0.00136791309342, 0.00108977977652, 0.000613451586105, 0.00102537369821, 0.000617253070232, 0.000485746888444, 0.0014271393884, 0.000305821711663, 0.000403832469601, 0.000345666368958, 0.000296746788081, 0.000335300457664, 0.000182030053111, 0.000171724779648, 0.000192720748601, 0.000189583646716, 0.000106040439277, 0.000116538940347, 9.07828580239e-05, 8.9370594651e-05, 0.000125901409774],
        "mean": [0.0042278682813, 0.00284063396975, 0.00090153911151, 0.000526884687133, 0.000319358223351, 0.000279456871795, 0.000212781800656, 0.000157483664225, 0.000149704646901, 9.94755537249e-05, 0.000115354501759, 5.96648642386e-05, 4.56041962025e-05, 4.44340985268e-05, 3.18644633808e-05, 3.32241106662e-05, 3.09194547299e-05, 2.96853795589e-05, 3.3041149436e-05, 3.02972239297e-05, 3.60309859389e-05, 3.05868561554e-05, 2.95695535897e-05, 2.4193101126e-05, 2.33188002312e-05, 2.39474284172e-05, 1.9271768906e-05, 2.00479498744e-05, 1.60767631314e-05, 1.46310012497e-05, 1.26954428197e-05, 1.20373197205e-05, 1.13322003017e-05, 9.80468666967e-06, 9.50938829192e-06, 7.95656160335e-06, 6.98998246662e-06, 6.51481013847e-06, 6.27332701697e-06, 5.53105974177e-06],
        "median": [0.000688434112817, 0.000889920804184, 0.00029203039594, 0.00012260764197, 6.65772313369e-05, 6.7969376687e-05, 5.3480907809e-05, 3.5025379475e-05, 3.10401446768e-05, 2.32358670473e-05, 2.70409727818e-05, 1.5308307411e-05, 1.1585345419e-05, 1.66195077327e-05, 1.21976136143e-05, 1.04475193439e-05, 1.2302280993e-05, 1.40592201205e-05, 1.48784874909e-05, 1.45567701111e-05, 1.85772005352e-05, 1.70141247509e-05, 1.55760317284e-05, 1.51235062731e-05, 1.41682185131e-05, 1.46683969433e-05, 1.25558708532e-05, 1.36033386298e-05, 1.0471868336e-05, 9.46861018747e-06, 8.31893066788e-06, 8.12386133475e-06, 7.32069565856e-06, 6.42662507744e-06, 6.10989582128e-06, 5.15255987921e-06, 4.36716891272e-06, 3.86578540201e-06, 3.18817342304e-06, 2.78630477624e-06],
        "min": [1.50245122722e-23, 5.7291934376e-24, 8.36665402761e-24, 1.3620810022e-23, 3.0496250302e-24, 3.80251940017e-24, 8.64047711414e-24, 1.75985133411e-23, 1.28004893439e-23, 3.43683306679e-24, 4.78584161827e-24, 2.18084399558e-23, 1.41538890896e-23, 1.78299335763e-23, 1.99689646307e-23, 1.40362699286e-23, 4.30207661245e-24, 6.4462194855e-24, 8.75531869586e-24, 6.39796249735e-24, 1.22919091406e-23, 9.3796263717e-24, 9.96474817093e-24, 1.65723851637e-23, 1.41585481021e-23, 9.4337785174e-24, 8.18246526143e-24, 9.87719959881e-24, 7.80444784881e-24, 4.83314605688e-24, 1.17877757462e-23, 8.93151235677e-24, 5.80078611463e-24, 7.08938251469e-24, 1.05037010968e-23, 7.7215582892e-24, 8.85182951673e-24, 1.68794050949e-23, 1.26833222002e-23, 1.58383690241e-23],
        "var": [5.06278265675e-05, 2.49285094469e-05, 3.12132442559e-06, 1.90236744402e-06, 7.83816915373e-07, 4.2663495492e-07, 1.93268974158e-07, 1.1349045792e-07, 1.78319140787e-07, 8.02555888413e-08, 7.73229018591e-08, 2.45579965252e-08, 1.09459277198e-08, 8.50041992351e-09, 4.06831190958e-09, 6.02785421577e-09, 4.43666747785e-09, 2.53362530955e-09, 4.65947058714e-09, 2.55415755213e-09, 3.05656122634e-09, 1.86574156125e-09, 2.40604247637e-09, 9.46430711579e-10, 9.301173165e-10, 1.17000698019e-09, 4.50690651466e-10, 4.91255314206e-10, 3.56495999387e-10, 3.08038067276e-10, 2.28781757428e-10, 1.62964253203e-10, 1.52676191134e-10, 1.28393712329e-10, 1.22310925277e-10, 8.20804257895e-11, 6.73402722473e-11, 5.75245059919e-11, 6.78280140387e-11, 6.87587348169e-11]
    },
    "mfcc": {
        "mean": [-614.895996094, 49.5187683105, 10.3976135254, 27.2709636688, 8.77226638794, 5.9611120224, 2.31121873856, 6.57872819901, 4.67911958694, 5.14555263519, 1.86288750172, 2.38981246948, 2.17891430855],
        "cov": [[5882.77294922, 542.12322998, 414.301971436, 64.1544647217, 4.1865234375, -97.3964080811, -123.04776001, -160.916610718, -104.268722534, -66.7777862549, 52.0304794312, 87.7071533203, 111.498054504], [542.12322998, 1092.06518555, 501.322753906, 330.735656738, 156.528305054, 74.7658538818, 26.6049804688, 21.0100898743, -3.07482361794, -14.4081726074, -13.9911518097, -28.6804866791, -33.3175888062], [414.301971436, 501.322753906, 756.031677246, 470.797637939, 312.737487793, 206.681396484, 159.066345215, 107.88192749, 70.1409378052, 55.6741714478, 47.6586380005, 19.77526474, 19.0110054016], [64.1544647217, 330.735656738, 470.797637939, 506.610534668, 327.720275879, 254.369949341, 176.696975708, 139.044692993, 92.2482757568, 82.1017837524, 64.4738388062, 37.2360801697, 26.6290283203], [4.1865234375, 156.528305054, 312.737487793, 327.720275879, 353.02166748, 260.712921143, 185.935821533, 127.448318481, 95.1058197021, 85.2018737793, 78.9540176392, 63.1136779785, 44.5670166016], [-97.3964080811, 74.7658538818, 206.681396484, 254.369949341, 260.712921143, 306.377990723, 233.901092529, 164.770172119, 112.090003967, 98.1603546143, 80.701423645, 62.8983001709, 48.056968689], [-123.04776001, 26.6049804688, 159.066345215, 176.696975708, 185.935821533, 233.901092529, 278.679382324, 218.631195068, 152.616241455, 107.69745636, 79.3091278076, 56.8924674988, 49.7560005188], [-160.916610718, 21.0100898743, 107.88192749, 139.044692993, 127.448318481, 164.770172119, 218.631195068, 273.396514893, 203.721786499, 128.031890869, 74.8473358154, 44.2359733582, 37.2251281738], [-104.268722534, -3.07482361794, 70.1409378052, 92.2482757568, 95.1058197021, 112.090003967, 152.616241455, 203.721786499, 256.002502441, 179.817047119, 90.2490539551, 52.2381477356, 36.7867774963], [-66.7777862549, -14.4081726074, 55.6741714478, 82.1017837524, 85.2018737793, 98.1603546143, 107.69745636, 128.031890869, 179.817047119, 220.320129395, 142.184234619, 76.4285964966, 47.0403633118], [52.0304794312, -13.9911518097, 47.6586380005, 64.4738388062, 78.9540176392, 80.701423645, 79.3091278076, 74.8473358154, 90.2490539551, 142.184234619, 186.36026001, 120.779602051, 71.5452041626], [87.7071533203, -28.6804866791, 19.77526474, 37.2360801697, 63.1136779785, 62.8983001709, 56.8924674988, 44.2359733582, 52.2381477356, 76.4285964966, 120.779602051, 156.501815796, 112.864303589], [111.498054504, -33.3175888062, 19.0110054016, 26.6290283203, 44.5670166016, 48.056968689, 49.7560005188, 37.2251281738, 36.7867774963, 47.0403633118, 71.5452041626, 112.864303589, 159.541183472]],
