{
"lowlevel": {
    "average_loudness": 0.612525939941,
    "barkbands_crest": {
        "dmean": 3.1085062027,
        "dmean2": 4.90519046783,
        "dvar": 8.77600097656,
        "dvar2": 21.0075206757,
        "max": 26.8510169983,
        "mean": 11.6417188644,
        "median": 10.861954689,
        "min": 2.04669332504,
        "var": 32.2051811218
    },
    "barkbands_flatness_db": {
        "dmean": 0.0310269054025,
        "dmean2": 0.0468509495258,
        "dvar": 0.00167844770476,
        "dvar2": 0.00388841936365,
        "max": 0.929684221745,
        "mean": 0.154977291822,
        "median": 0.121366254985,
        "min": 0.0119214085862,
        "var": 0.0117081115022
    },
    "barkbands_kurtosis": {
        "dmean": 7.05133008957,
        "dmean2": 11.4982433319,
        "dvar": 833.123352051,
        "dvar2": 2159.6015625,
        "max": 1172.18359375,
        "mean": 8.20398139954,
        "median": 0.736236572266,
        "min": -1.93726992607,
        "var": 957.23638916
    },
    "barkbands_skewness": {
        "dmean": 0.854179561138,
        "dmean2": 1.31118643284,
        "dvar": 1.62955343723,
        "dvar2": 4.05345773697,
        "max": 30.9814949036,
        "mean": 1.57491385937,
        "median": 1.16696810722,
        "min": -5.25972080231,
        "var": 4.21704816818
    },
    "barkbands_spread": {
        "dmean": 9.06486129761,
        "dmean2": 14.3657741547,
        "dvar": 121.89200592,
        "dvar2": 306.769256592,
        "max": 111.087463379,
        "mean": 31.9656963348,
        "median": 30.2725410461,
        "min": 0.0390352495015,
        "var": 474.692260742
    },
    "dissonance": {
        "dmean": 0.0177086312324,
        "dmean2": 0.0304021779448,
        "dvar": 0.000652701768558,
        "dvar2": 0.00187362136785,
        "max": 0.500000059605,
        "mean": 0.468116015196,
        "median": 0.483587324619,
        "min": 0.0511969551444,
        "var": 0.00190622697119
    },
    "dynamic_complexity": 6.11633205414,
    "erbbands_crest": {
        "dmean": 2.56086111069,
        "dmean2": 4.23295640945,
        "dvar": 7.68480539322,
        "dvar2": 19.6393585205,
        "max": 33.6289672852,
        "mean": 8.72424221039,
        "median": 6.65547132492,
        "min": 2.20036005974,
        "var": 34.6168556213
    },
    "erbbands_flatness_db": {
        "dmean": 0.017219113186,
        "dmean2": 0.026549777016,
        "dvar": 0.000438275921624,
        "dvar2": 0.00100388762075,
        "max": 0.607789635658,
        "mean": 0.168257907033,
        "median": 0.128064870834,
        "min": 0.0445478893816,
        "var": 0.00946052465588
    },
    "erbbands_kurtosis": {
        "dmean": 1.7713791132,
        "dmean2": 2.96647834778,
        "dvar": 84.7835617065,
        "dvar2": 206.972335815,
        "max": 605.713867188,
        "mean": 1.67781579494,
        "median": -0.170068502426,
        "min": -1.87402784824,
        "var": 180.317520142
    },
    "erbbands_skewness": {
        "dmean": 0.448253124952,
        "dmean2": 0.708522975445,
        "dvar": 0.408556878567,
        "dvar2": 1.01963114738,
        "max": 21.4740066528,
        "mean": 0.149728581309,
        "median": -0.0398192256689,
        "min": -5.00954675674,
        "var": 1.39451634884
    },
    "erbbands_spread": {
        "dmean": 9.61998653412,
        "dmean2": 15.0955438614,
        "dvar": 152.231399536,
        "dvar2": 364.971221924,
        "max": 189.060501099,
        "mean": 41.1659164429,
        "median": 38.7434425354,
        "min": 0.383441835642,
        "var": 561.802246094
    },
    "hfc": {
        "dmean": 14.8468437195,
        "dmean2": 23.696395874,
        "dvar": 777.740783691,
        "dvar2": 2057.84472656,
        "max": 362.02166748,
        "mean": 35.3517913818,
        "median": 22.2158584595,
        "min": 1.12369799533e-16,
        "var": 1689.58239746
    },
    "melbands_crest": {
        "dmean": 4.48499536514,
        "dmean2": 6.96186542511,
        "dvar": 20.7886371613,
        "dvar2": 46.4363059998,
        "max": 39.9120101929,
        "mean": 18.4590396881,
        "median": 17.402721405,
        "min": 1.32648420334,
        "var": 75.0265808105
    },
    "melbands_flatness_db": {
        "dmean": 0.0399659834802,
        "dmean2": 0.0597912222147,
        "dvar": 0.00257361982949,
        "dvar2": 0.00600214162841,
        "max": 1,
        "mean": 0.209894791245,
        "median": 0.183190256357,
        "min": 0.000870084681083,
        "var": 0.0156248966232
    },
    "melbands_kurtosis": {
        "dmean": 29.4111785889,
        "dmean2": 47.3188934326,
        "dvar": 150456.65625,
        "dvar2": 342534.1875,
        "max": 29068.3105469,
        "mean": 35.0791664124,
        "median": 7.44198799133,
        "min": -1.88193941116,
        "var": 142230.21875
    },
    "melbands_skewness": {
        "dmean": 1.31988620758,
        "dmean2": 2.02566933632,
        "dvar": 5.8911614418,
        "dvar2": 12.5916204453,
        "max": 110.161705017,
        "mean": 3.22858428955,
        "median": 2.45597243309,
        "min": -5.45142221451,
        "var": 13.1327285767
    },
    "melbands_spread": {
        "dmean": 12.9666156769,
        "dmean2": 20.5112819672,
        "dvar": 316.343170166,
        "dvar2": 765.096069336,
        "max": 293.237457275,
        "mean": 32.93983078,
        "median": 25.3709182739,
        "min": 0.00231782440096,
        "var": 826.323608398
    },
    "pitch_salience": {
        "dmean": 0.0977944880724,
        "dmean2": 0.152380183339,
        "dvar": 0.0104740681127,
        "dvar2": 0.0234948918223,
        "max": 0.978049099445,
        "mean": 0.491004288197,
        "median": 0.51346719265,
        "min": 0.00241415970959,
        "var": 0.0322367213666
    },
    "silence_rate_20dB": {
        "dmean": 0,
        "dmean2": 0,
        "dvar": 0,
        "dvar2": 0,
        "max": 1,
        "mean": 1,
        "median": 1,
        "min": 1,
        "var": 0
    },
    "silence_rate_30dB": {
        "dmean": 0.0195474829525,
        "dmean2": 0.0390979759395,
        "dvar": 0.0191649571061,
        "dvar2": 0.047419089824,
        "max": 1,
        "mean": 0.978453278542,
        "median": 1,
        "min": 0,
        "var": 0.0210798755288
    },
    "silence_rate_60dB": {
        "dmean": 0.0309373550117,
        "dmean2": 0.0618794746697,
        "dvar": 0.0299759302288,
        "dvar2": 0.0679063871503,
        "max": 1,
        "mean": 0.212004616857,
        "median": 0,
        "min": 0,
        "var": 0.167042344809
    },
    "spectral_centroid": {
        "dmean": 333.664489746,
        "dmean2": 519.748535156,
        "dvar": 171709.1875,
        "dvar2": 419253.875,
        "max": 11174.1259766,
        "mean": 1951.31188965,
        "median": 2094.25195312,
        "min": 26.0183124542,
        "var": 974903.625
    },
    "spectral_complexity": {
        "dmean": 5.69231939316,
        "dmean2": 8.72793006897,
        "dvar": 56.4484291077,
        "dvar2": 126.676521301,
        "max": 64,
        "mean": 20.2288570404,
        "median": 17,
        "min": 0,
        "var": 264.878814697
    },
    "spectral_decrease": {
        "dmean": 2.71976063893e-09,
        "dmean2": 4.13875866911e-09,
        "dvar": 1.62307179495e-17,
        "dvar2": 3.85191309876e-17,
        "max": 1.06032998437e-29,
        "mean": -7.39788541537e-09,
        "median": -4.83521800376e-09,
        "min": -4.80684647641e-08,
        "var": 6.12836476796e-17
    },
    "spectral_energy": {
        "dmean": 0.0108928596601,
        "dmean2": 0.0168281383812,
        "dvar": 0.000248965632636,
        "dvar2": 0.000601093866862,
        "max": 0.183776125312,
        "mean": 0.0311278142035,
        "median": 0.0215192139149,
        "min": 1.04472087416e-20,
        "var": 0.000988056766801
    },
    "spectral_energyband_high": {
        "dmean": 0.00141534593422,
        "dmean2": 0.00226897746325,
        "dvar": 7.67635083321e-06,
        "dvar2": 2.01679995371e-05,
        "max": 0.0475335717201,
        "mean": 0.00294038513675,
        "median": 0.00143831374589,
        "min": 7.25479806371e-21,
        "var": 1.56623063958e-05
    },
    "spectral_energyband_low": {
        "dmean": 0.00862095784396,
        "dmean2": 0.0127172842622,
        "dvar": 0.000227035488933,
        "dvar2": 0.000493928033393,
        "max": 0.172816812992,
        "mean": 0.0175630524755,
        "median": 0.00454433867708,
        "min": 2.15956526152e-23,
        "var": 0.000688307685778
    },
    "spectral_energyband_middle_high": {
        "dmean": 0.00260949507356,
        "dmean2": 0.00427836924791,
        "dvar": 2.4279621357e-05,
        "dvar2": 6.567719538e-05,
        "max": 0.105142913759,
        "mean": 0.00518939783797,
        "median": 0.00287343817763,
        "min": 1.43484433303e-21,
        "var": 4.48540195066e-05
    },
    "spectral_energyband_middle_low": {
        "dmean": 0.00363592081703,
        "dmean2": 0.00570727372542,
        "dvar": 6.84128099238e-05,
        "dvar2": 0.000159074275871,
        "max": 0.108771242201,
        "mean": 0.00618427898735,
        "median": 0.00277622556314,
        "min": 2.39263809716e-22,
        "var": 9.21508326428e-05
    },
    "spectral_entropy": {
        "dmean": 0.175422906876,
        "dmean2": 0.272676378489,
        "dvar": 0.0740389972925,
        "dvar2": 0.174831733108,
        "max": 9.80400466919,
        "mean": 7.68064212799,
        "median": 8.03381538391,
        "min": 2.4000916481,
        "var": 0.810132563114
    },
    "spectral_flux": {
        "dmean": 0.024578390643,
        "dmean2": 0.0393146052957,
        "dvar": 0.000959815457463,
        "dvar2": 0.00226057856344,
        "max": 0.399326235056,
        "mean": 0.0891334936023,
        "median": 0.0826180428267,
        "min": 6.74926919908e-11,
        "var": 0.00444886833429
    },
    "spectral_kurtosis": {
        "dmean": 3.36833381653,
        "dmean2": 5.78824424744,
        "dvar": 92.0551223755,
        "dvar2": 268.741455078,
        "max": 312.934509277,
        "mean": 7.5546245575,
        "median": 2.47024726868,
        "min": -1.20811331272,
        "var": 310.168762207
    },
    "spectral_rms": {
        "dmean": 0.000875525991432,
        "dmean2": 0.00132971908897,
        "dvar": 1.15870273021e-06,
        "dvar2": 2.69176189249e-06,
        "max": 0.0133900633082,
        "mean": 0.0046310047619,
        "median": 0.00458195991814,
        "min": 3.19255364332e-12,
        "var": 8.9223476607e-06
    },
    "spectral_rolloff": {
        "dmean": 1003.39526367,
        "dmean2": 1622.81616211,
        "dvar": 1965714.625,
        "dvar2": 4679356,
        "max": 19401.4160156,
        "mean": 2460.23291016,
        "median": 1701.12304688,
        "min": 43.06640625,
        "var": 5671189.5
    },
    "spectral_skewness": {
        "dmean": 0.308232098818,
        "dmean2": 0.517539143562,
        "dvar": 0.30899515748,
        "dvar2": 0.86665147543,
        "max": 15.1289463043,
        "mean": 1.62446188927,
        "median": 1.24685108662,
        "min": -0.244183540344,
        "var": 1.54369652271
    },
    "spectral_spread": {
        "dmean": 542255.375,
        "dmean2": 852591.3125,
        "dvar": 517175148544,
        "dvar2": 1.20205135053e+12,
        "max": 41184712,
        "mean": 5104300.5,
        "median": 5477455.5,
        "min": 359269.28125,
        "var": 5.01137696358e+12
    },
    "spectral_strongpeak": {
        "dmean": 0.360823690891,
        "dmean2": 0.61302947998,
        "dvar": 0.740064322948,
        "dvar2": 1.93698894978,
        "max": 24.6600456238,
        "mean": 0.6018871665,
        "median": 0.3348736763,
        "min": 0,
        "var": 1.06421029568
    },
    "zerocrossingrate": {
        "dmean": 0.0155544299632,
        "dmean2": 0.017830139026,
        "dvar": 0.000306650879793,
        "dvar2": 0.000397705764044,
        "max": 0.87158203125,
        "mean": 0.0856548249722,
        "median": 0.07568359375,
        "min": 0.0009765625,
        "var": 0.00404354091734
    },
    "barkbands": {
        "dmean": [0.00135071040131, 0.00678594876081, 0.00233264546841, 0.0014704145724, 0.00144413742237, 0.000868610281032, 0.000479041947983, 0.000333405128913, 0.000685664883349, 0.00052042392781, 0.000387539388612, 0.000425349891884, 0.000424520811066, 0.000369057030184, 0.000451038969913, 0.000327865651343, 0.000317997386446, 0.000337018398568, 0.000321865343722, 0.000312591058901, 0.000333022355335, 0.00033219208126, 0.000285462534521, 0.000253614387475, 0.000196711407625, 0.000133112611366, 2.52275440289e-05],
        "dmean2": [0.00194052630104, 0.00965685490519, 0.00367717095651, 0.00251082354225, 0.00254771532491, 0.0014394975733, 0.000801315298304, 0.000559892330784, 0.00116122828331, 0.000889670336619, 0.000650845409837, 0.000720029696822, 0.000717246439308, 0.000622881285381, 0.000754498352762, 0.000557092484087, 0.000532311096322, 0.000569666211959, 0.000537517596968, 0.000527375785168, 0.000553743040655, 0.00055543158669, 0.000468795566121, 0.000417279894464, 0.000317925965646, 0.000215750245843, 4.16458242398e-05],
        "dvar": [9.95804748527e-06, 0.000161816438776, 5.11979233124e-05, 2.28349963436e-05, 2.68969833996e-05, 5.14800012752e-06, 1.46922161548e-06, 6.06522803537e-07, 3.47601098838e-06, 1.84010650628e-06, 9.29895293211e-07, 1.03878096525e-06, 1.57997624228e-06, 1.75794957613e-06, 2.64801178673e-06, 7.59896749969e-07, 4.32969557096e-07, 5.09243704983e-07, 4.23862815069e-07, 3.60458898285e-07, 4.09480236385e-07, 5.39336554084e-07, 3.99070671619e-07, 2.70044239414e-07, 1.77443041594e-07, 9.68679572111e-08, 4.30642677074e-09],
        "dvar2": [2.19441608351e-05, 0.000345024687704, 0.000114540081995, 5.94233388256e-05, 7.73464271333e-05, 1.33281500894e-05, 3.78623417419e-06, 1.57915883392e-06, 9.00219038158e-06, 4.62970683657e-06, 2.27140731113e-06, 2.65455969384e-06, 4.00207409257e-06, 4.6942886911e-06, 7.20731941328e-06, 2.1216035293e-06, 1.0325089761e-06, 1.36602250222e-06, 1.14050669708e-06, 9.57153929448e-07, 1.08517463104e-06, 1.49129277816e-06, 1.04131345324e-06, 6.97078519352e-07, 4.51837593118e-07, 2.55399982052e-07, 1.05088888702e-08],
        "max": [0.0591436251998, 0.159005746245, 0.11871471256, 0.068968936801, 0.0854171216488, 0.0355812050402, 0.0195580534637, 0.0151173984632, 0.0604209154844, 0.0297394488007, 0.0296752825379, 0.0223384331912, 0.0527988635004, 0.0746388658881, 0.0900552347302, 0.0216281879693, 0.0277038477361, 0.0153527157381, 0.0150733981282, 0.00955811142921, 0.0162830874324, 0.0104131260887, 0.0164178330451, 0.0136391362175, 0.0104984361678, 0.00630214717239, 0.00142896478064],
        "mean": [0.00226149172522, 0.0123403007165, 0.00231664255261, 0.00139517663047, 0.00152372545563, 0.00133028638083, 0.000599142396823, 0.000374197174096, 0.00076577271102, 0.000603875203524, 0.000495102256536, 0.00051051954506, 0.000530723598786, 0.000437687791418, 0.000579189741984, 0.000441801326815, 0.000467458012281, 0.000482104020193, 0.000494387291837, 0.000486907403683, 0.000560136453714, 0.000528476084583, 0.000482926116092, 0.000451631145552, 0.000370304274838, 0.0002618614526, 3.59351506631e-05],
        "median": [6.12415533396e-05, 0.00184886809438, 0.000242855821853, 0.000132597298943, 0.000225741343456, 0.000202353010536, 0.00011663549958, 8.90097726369e-05, 0.00017728243256, 0.000137394308695, 0.000119922697195, 0.000138547926326, 0.000162929252838, 0.000127303646877, 0.000187787751202, 0.000166468627867, 0.00018540918245, 0.000190241611563, 0.000202215174795, 0.000221127993427, 0.000249279197305, 0.000205169591936, 0.000197697620024, 0.000178800124559, 0.000129962878418, 6.9606321631e-05, 2.06188360607e-06],
        "min": [1.49811253169e-24, 6.23059895099e-24, 6.32448720377e-25, 9.11865067387e-24, 2.62243050207e-23, 1.95266866087e-23, 2.03970841771e-23, 3.88167906765e-23, 5.65336789073e-23, 6.39981521607e-23, 4.09188178435e-23, 7.52854453607e-23, 8.607589503e-23, 6.80476528662e-23, 1.11155689095e-22, 1.26813568322e-22, 1.35280696407e-22, 1.21006012203e-22, 1.1428804749e-22, 2.42856976476e-22, 3.50304072684e-22, 4.54750872122e-22, 4.49378943928e-22, 7.25796057553e-22, 1.20634760377e-21, 1.51354493395e-21, 2.210413399e-21],
        "var": [2.53899343079e-05, 0.000443759287009, 5.48695643374e-05, 1.84763339348e-05, 1.92765655811e-05, 8.8595033958e-06, 2.00642239179e-06, 6.96817210155e-07, 4.13403631683e-06, 2.66654819825e-06, 1.59135527156e-06, 1.28812757794e-06, 1.93166101781e-06, 1.57963643233e-06, 3.36899620379e-06, 7.86920281826e-07, 8.07100036582e-07, 6.74193643135e-07, 6.31013676866e-07, 5.30116722075e-07, 6.68382142521e-07, 7.07260767285e-07, 6.41001633994e-07, 4.92511787797e-07, 3.41805815651e-07, 1.95642684275e-07, 8.24098211893e-09]
    },
    "erbbands": {
        "dmean": [0.325446337461, 1.11734783649, 2.31650471687, 4.22268247604, 4.42376375198, 4.83436250687, 5.80598211288, 7.39895582199, 6.81924295425, 7.27377891541, 8.64912986755, 15.4723672867, 15.6120815277, 15.9682950974, 15.1049509048, 17.9146251678, 19.511423111, 18.8380794525, 20.9483852386, 21.88022995, 17.4087963104, 16.6674480438, 17.3428974152, 16.8727855682, 15.8376293182, 15.2091903687, 13.2494039536, 13.6601314545, 12.5910196304, 9.60481071472, 8.00970458984, 5.96717834473, 4.01308012009, 2.44773936272, 1.37221801281, 0.653806686401, 0.24541182816, 0.0514916554093, 0.00366362626664, 6.69982182444e-05],
        "dmean2": [0.445834606886, 1.63196480274, 3.42006516457, 7.01153516769, 7.46635246277, 8.56809425354, 9.82662296295, 12.2121829987, 11.1470937729, 12.326051712, 14.3448867798, 26.1914291382, 26.9470844269, 26.5351581573, 25.3369674683, 30.4855976105, 32.8350753784, 31.7095088959, 35.306892395, 36.2506561279, 29.3961696625, 27.7839412689, 29.2169494629, 28.64594841, 26.4415931702, 25.6148376465, 22.0085086823, 22.8327865601, 21.2775478363, 15.8045282364, 13.1478643417, 9.7900686264, 6.66396999359, 3.9944922924, 2.22755551338, 1.05794417858, 0.402243643999, 0.0834492519498, 0.00602198811248, 0.000108449152322],
        "dvar": [0.427488952875, 5.16915369034, 41.9542617798, 188.086425781, 212.19418335, 328.131103516, 304.832214355, 383.177032471, 302.515594482, 354.957092285, 408.906036377, 1805.96044922, 1886.96044922, 1652.52978516, 1230.47717285, 1831.0904541, 3655.89257812, 4989.50976562, 8624.56738281, 5369.94140625, 1873.85131836, 1278.18566895, 1375.91821289, 1273.37683105, 1033.7565918, 884.416503906, 605.879699707, 817.341308594, 872.152099609, 403.602539062, 360.779846191, 166.237487793, 64.4319381714, 30.683971405, 8.34064865112, 2.13603162766, 0.351422041655, 0.0150632523, 9.16367789614e-05, 2.24861942399e-08],
        "dvar2": [0.846159100533, 10.9300708771, 88.3517990112, 474.551483154, 580.183288574, 943.950683594, 798.925109863, 982.900939941, 772.909362793, 929.14666748, 1033.19689941, 4729.41357422, 5024.69140625, 3856.36791992, 3031.82348633, 4805.42724609, 9264.12304688, 13378.4482422, 23934.8554688, 12621.1767578, 5141.19482422, 3006.72705078, 3683.75683594, 3436.82055664, 2775.35595703, 2343.31201172, 1564.45166016, 2227.53686523, 2449.56152344, 1077.10070801, 950.185180664, 425.078308105, 170.506698608, 80.8914489746, 21.3506736755, 5.54503917694, 0.94720107317, 0.0382293052971, 0.000219534282223, 5.48744978346e-08],
        "max": [7.89363718033, 38.4993438721, 116.837860107, 217.85345459, 211.723739624, 324.234100342, 373.487762451, 377.149169922, 325.156585693, 479.240509033, 471.760284424, 892.232543945, 1068.75976562, 1551.21875, 874.201843262, 867.397521973, 2694.79614258, 4087.45458984, 5161.54248047, 2901.67041016, 1161.56799316, 1596.8079834, 810.798706055, 740.179138184, 632.772949219, 602.02911377, 390.071594238, 720.336853027, 423.592376709, 344.713745117, 546.870300293, 449.970581055, 130.843292236, 165.98576355, 48.601650238, 31.71692276, 13.1196975708, 2.21233010292, 0.202091008425, 0.00313546136022],
        "mean": [0.574192881584, 1.88295125961, 2.76995635033, 4.13590097427, 4.55013799667, 5.00246477127, 8.29869556427, 10.8329696655, 9.16515827179, 8.3862695694, 10.2088747025, 17.2733860016, 18.0086650848, 20.7215080261, 20.1293964386, 22.314239502, 24.926820755, 23.5596694946, 26.4118537903, 29.8017864227, 25.2697887421, 25.4987926483, 26.1154098511, 25.6605587006, 24.8089046478, 23.8915786743, 22.2115917206, 21.9417667389, 19.4849681854, 15.9479846954, 13.508805275, 10.1361970901, 7.09633731842, 4.29120922089, 2.58350563049, 1.26826500893, 0.452941387892, 0.0946327969432, 0.00537677621469, 0.000141221753438],
        "median": [0.0442401431501, 0.340042710304, 0.486568450928, 0.525956392288, 0.654412925243, 0.742710649967, 1.18661785126, 1.76719605923, 1.89959275723, 2.00024461746, 2.8548412323, 4.30636358261, 4.49320793152, 5.91464281082, 6.23425197601, 7.26643848419, 7.99640846252, 7.49729013443, 8.4543132782, 10.152926445, 10.1286478043, 10.8167495728, 11.196354866, 10.9449930191, 10.7965183258, 10.8301267624, 9.81356716156, 9.23555755615, 7.52166938782, 6.34512281418, 5.46571588516, 3.81871986389, 2.78426671028, 1.55178511143, 0.859822630882, 0.374610483646, 0.108464501798, 0.0157751180232, 0.000480177230202, 6.08950576861e-05],
        "min": [5.30237779936e-23, 2.0047130081e-21, 1.41203880602e-21, 1.7899435592e-20, 5.26247232763e-20, 9.46219786765e-20, 1.16880620554e-19, 2.09507646388e-19, 3.134911124e-19, 3.2086503982e-19, 1.12019414511e-18, 9.82276667214e-19, 2.08234550802e-18, 2.61565366435e-18, 2.34719488488e-18, 3.19306274824e-18, 5.26906977802e-18, 5.18707177749e-18, 3.52941547841e-18, 6.02054599373e-18, 7.99761891353e-18, 6.78445349328e-18, 6.24828287844e-18, 7.11481950377e-18, 8.11064900833e-18, 1.33145638374e-17, 1.77114291486e-17, 1.56251969257e-17, 1.63839068358e-17, 1.35887733833e-17, 1.3026854704e-17, 1.27918270493e-17, 1.21156697643e-17, 1.04161916271e-17, 8.75476958824e-18, 4.98166794214e-18, 2.5195381723e-18, 1.07695079704e-18, 2.80257735423e-19, 3.25645659084e-20],
        "var": [1.1478292942, 13.0980567932, 57.8427047729, 158.658416748, 171.221237183, 243.663024902, 538.415771484, 649.742492676, 444.654876709, 417.726348877, 496.57434082, 1978.42565918, 2324.35375977, 2921.859375, 1912.93530273, 2337.88061523, 4497.01416016, 4553.72900391, 7810.46044922, 7436.94335938, 2228.4074707, 2512.10595703, 1840.88659668, 1737.67578125, 1529.73571777, 1318.01306152, 1045.93676758, 1159.75671387, 1048.45568848, 644.313476562, 547.078125, 285.695587158, 114.190322876, 49.6841430664, 16.6948699951, 4.30287742615, 0.641098916531, 0.0344822183251, 0.000182240313734, 5.38488507118e-08]
    },
    "gfcc": {
        "mean": [-53.749546051, 58.5643119812, -119.768371582, 31.9281482697, -48.8523330688, 17.8933010101, -26.5763435364, 10.7805118561, -20.2106838226, 4.77253198624, -15.1862773895, 2.32658410072, -10.1437339783],
        "cov": [[39062.9335938, -8286.84375, 2736.56030273, 3030.05932617, -536.08770752, 2689.29199219, -1104.2479248, 2114.43652344, -544.237060547, 1987.42468262, 41.9749984741, 2099.86450195, -58.7627716064], [-8286.84375, 6227.11914062, -743.108581543, -771.11895752, 513.345458984, -1571.80664062, 269.862365723, -1180.54003906, 174.033432007, -920.019226074, 123.511901855, -787.37878418, 123.278831482], [2736.56030273, -743.108581543, 1778.36877441, 593.659851074, 194.560714722, 409.720916748, -85.4960479736, 244.082061768, -65.1490097046, 262.761901855, 6.78238916397, 245.058197021, -60.3272514343], [3030.05932617, -771.11895752, 593.659851074, 986.200073242, 128.801818848, 386.058074951, -30.2663230896, 166.83291626, -66.6710891724, 147.099502563, 39.241985321, 197.702728271, 10.5757732391], [-536.08770752, 513.345458984, 194.560714722, 128.801818848, 604.056213379, 96.3361053467, 194.674835205, 3.26189184189, 77.9273147583, 8.13320636749, 44.2204856873, -29.215171814, 1.21417748928], [2689.29199219, -1571.80664062, 409.720916748, 386.058074951, 96.3361053467, 885.177612305, 128.780151367, 443.239715576, -10.9539690018, 308.275787354, 0.596177041531, 216.214996338, -54.2649688721], [-1104.2479248, 269.862365723, -85.4960479736, -30.2663230896, 194.674835205, 128.780151367, 398.548431396, 71.3849563599, 102.364967346, -23.604516983, 34.3987617493, -54.1065292358, 12.4233322144], [2114.43652344, -1180.54003906, 244.082061768, 166.83291626, 3.26189184189, 443.239715576, 71.3849563599, 482.220947266, 81.1067047119, 268.432098389, 7.78383636475, 206.473678589, -6.31400918961], [-544.237060547, 174.033432007, -65.1490097046, -66.6710891724, 77.9273147583, -10.9539690018, 102.364967346, 81.1067047119, 195.637695312, 75.3794326782, 53.9482345581, -3.4853682518, 32.5228881836], [1987.42468262, -920.019226074, 262.761901855, 147.099502563, 8.13320636749, 308.275787354, -23.604516983, 268.432098389, 75.3794326782, 362.404022217, 84.1249771118, 199.770599365, -3.37595295906], [41.9749984741, 123.511901855, 6.78238916397, 39.241985321, 44.2204856873, 0.596177041531, 34.3987617493, 7.78383636475, 53.9482345581, 84.1249771118, 161.532821655, 88.2992248535, 46.0403785706], [2099.86450195, -787.37878418, 245.058197021, 197.702728271, -29.215171814, 216.214996338, -54.1065292358, 206.473678589, -3.4853682518, 199.770599365, 88.2992248535, 298.372070312, 62.4289474487], [-58.7627716064, 123.278831482, -60.3272514343, 10.5757732391, 1.21417748928, -54.2649688721, 12.4233322144, -6.31400918961, 32.5228881836, -3.37595295906, 46.0403785706, 62.4289474487, 118.178604126]],
        "icov": [[7.25019854144e-05, -7.45108918636e-05, 4.74907428725e-05, -0.000142847886309, 4.91274113301e-05, -4.23535384471e-05, 0.000105916195025, -0.00014869660663, 0.000219830777496, -0.000301938765915, 0.000310590403387, -0.000409703498008, 0.000138078074087], [-7.45108918636e-05, 0.000863482127897, -0.000261725159362, 0.000273338780971, -0.000513187900651, 0.000605971144978, -0.000250809855061, 0.000749081838876, -0.000848718977068, 0.00131655693986, -0.00157427496742, 0.00149434956256, -0.000650868925732], [4.74907428725e-05, -0.000261725159362, 0.000936599506531, -0.000470241444418, -0.000153718909132, -0.000133930559969, 0.000218058208702, -0.000238661566982, 0.000467184232548, -0.000807355507277, 0.000900913146324, -0.0010817743605, 0.000790078367572], [-0.000142847886309, 0.000273338780971, -0.000470241444418, 0.00185420573689, -0.000422251905547, -0.000435524241766, 3.31895680574e-05, 0.000493766332511, -0.000205415955861, 0.00104214798193, -0.00111182639375, 0.000605579814874, -0.000735349662136], [4.91274113301e-05, -0.000513187900651, -0.000153718909132, -0.000422251905547, 0.00259754946455, -0.000608960981481, -0.000796408101451, 0.000122636673041, -0.000299576990074, -0.00069308251841, 0.000627371773589, -0.000649962632451, 0.000464625976747], [-4.23535384471e-05, 0.000605971144978, -0.000133930559969, -0.000435524241766, -0.000608960981481, 0.00367114832625, -0.00146059249528, -0.00142703857273, 0.00130183552392, -0.000731062376872, -0.000447877624538, 0.000844505848363, 0.000435905589256], [0.000105916195025, -0.000250809855061, 0.000218058208702, 3.31895680574e-05, -0.000796408101451, -0.00146059249528, 0.00471006799489, -0.00136067101266, -0.00118562602438, 0.00131241732743, -0.00112405559048, 0.00068481330527, -0.000367751141312], [-0.00014869660663, 0.000749081838876, -0.000238661566982, 0.000493766332511, 0.000122636673041, -0.00142703857273, -0.00136067101266, 0.00782357249409, -0.00414697779343, -0.000346609798726, 0.00187570764683, -0.00218563200906, 0.000438332615886], [0.000219830777496, -0.000848718977068, 0.000467184232548, -0.000205415955861, -0.000299576990074, 0.00130183552392, -0.00118562602438, -0.00414697779343, 0.0115562770516, -0.00502294721082, -0.000379625329515, 0.00174842879642, -0.00234406837262], [-0.000301938765915, 0.00131655693986, -0.000807355507277, 0.00104214798193, -0.00069308251841, -0.000731062376872, 0.00131241732743, -0.000346609798726, -0.00502294721082, 0.0110055403784, -0.00593251315877, 0.000592882221099, 0.00118076382205], [0.000310590403387, -0.00157427496742, 0.000900913146324, -0.00111182639375, 0.000627371773589, -0.000447877624538, -0.00112405559048, 0.00187570764683, -0.000379625329515, -0.00593251315877, 0.0149409100413, -0.0080677960068, 0.000738487229683], [-0.000409703498008, 0.00149434956256, -0.0010817743605, 0.000605579814874, -0.000649962632451, 0.000844505848363, 0.00068481330527, -0.00218563200906, 0.00174842879642, 0.000592882221099, -0.0080677960068, 0.0152110271156, -0.00751980347559], [0.000138078074087, -0.000650868925732, 0.000790078367572, -0.000735349662136, 0.000464625976747, 0.000435905589256, -0.000367751141312, 0.000438332615886, -0.00234406837262, 0.00118076382205, 0.000738487229683, -0.00751980347559, 0.014299493283]]
    },
    "melbands": {
        "dmean": [0.00230170646682, 0.00112751731649, 0.000688317057211, 0.000334834097885, 0.000200372654945, 0.000165071876836, 0.000102777368738, 7.56005538278e-05, 7.92561622802e-05, 9.80895929388e-05, 7.81145790825e-05, 6.60467339912e-05, 5.43738060514e-05, 4.68892285426e-05, 4.85387463414e-05, 3.85679668398e-05, 3.6298573832e-05, 3.40634360327e-05, 2.95719892165e-05, 2.69170323008e-05, 2.09787322092e-05, 1.80333354365e-05, 1.73509470187e-05, 1.76858793566e-05, 1.40840047607e-05, 1.25838914755e-05, 1.1334122064e-05, 1.0377891158e-05, 8.79853178049e-06, 8.25706592877e-06, 8.60560885485e-06, 7.77113928052e-06, 6.21571371084e-06, 5.48806838196e-06, 5.07429149366e-06, 4.19204889113e-06, 3.67884717889e-06, 3.01732916341e-06, 2.54313158621e-06, 2.03202239391e-06],
        "dmean2": [0.00318563589826, 0.00164487073198, 0.00112222332973, 0.000585721747484, 0.000341304898029, 0.000272361357929, 0.000168090307852, 0.000128343875986, 0.000132133500301, 0.000166415891727, 0.000135007256176, 0.00011025119602, 9.10077578737e-05, 7.91615093476e-05, 8.22675647214e-05, 6.5400468884e-05, 6.13979791524e-05, 5.77786049689e-05, 4.93039260618e-05, 4.50625884696e-05, 3.56688251486e-05, 3.01895252051e-05, 2.88507399091e-05, 3.03172146232e-05, 2.41049892793e-05, 2.09504614759e-05, 1.9030940166e-05, 1.75657442014e-05, 1.46738020703e-05, 1.38559516927e-05, 1.4512843336e-05, 1.32594941533e-05, 1.03852698885e-05, 9.12188806979e-06, 8.42475856189e-06, 6.88285854267e-06, 6.08190975981e-06, 5.01598606206e-06, 4.23222491008e-06, 3.32097670253e-06],
        "dvar": [1.90351856872e-05, 6.78073956806e-06, 4.29007923231e-06, 1.47145294704e-06, 3.72414461935e-07, 1.86369447874e-07, 6.48940741144e-08, 3.57094087633e-08, 3.58051472915e-08, 7.2395010875e-08, 4.68824907784e-08, 2.97343305533e-08, 1.80755908019e-08, 1.13241016564e-08, 1.77789569733e-08, 1.03734363321e-08, 2.4372653229e-08, 2.0514148602e-08, 7.57970930465e-09, 6.46756248557e-09, 2.53353316104e-09, 1.45250333983e-09, 1.4141574578e-09, 1.62541780035e-09, 9.34581856349e-10, 6.51508624827e-10, 5.20727516662e-10, 4.2449255222e-10, 2.79624656763e-10, 2.55631377177e-10, 3.43721912044e-10, 3.56428025983e-10, 1.71596445386e-10, 1.3526543774e-10, 1.64873836805e-10, 7.80006059742e-11, 6.42888589586e-11, 3.59006470385e-11, 2.80674962438e-11, 2.59162222932e-11],
        "dvar2": [3.90215463995e-05, 1.36276357807e-05, 1.04174287117e-05, 4.19688103648e-06, 1.01368004835e-06, 4.7938743819e-07, 1.65213336345e-07, 9.42842461882e-08, 8.92075533443e-08, 1.90946309431e-07, 1.24449783812e-07, 6.91471768732e-08, 4.33773301722e-08, 2.85956307522e-08, 4.51470221208e-08, 2.72528257739e-08, 6.5082645051e-08, 5.6598132403e-08, 1.98676275431e-08, 1.57045629834e-08, 6.8862875402e-09, 3.46290640607e-09, 3.58372576059e-09, 4.4357144624e-09, 2.53001242179e-09, 1.75536873925e-09, 1.40245204339e-09, 1.12929865459e-09, 7.12767789235e-10, 6.78382960917e-10, 9.45974187871e-10, 1.00686348148e-09, 4.64477817319e-10, 3.60723034776e-10, 4.40194491969e-10, 2.00575070441e-10, 1.67965183429e-10, 9.62058627207e-11, 7.4534052541e-11, 6.93005652863e-11],
        "max": [0.0520379468799, 0.0525483340025, 0.0319551154971, 0.0191524066031, 0.0137346312404, 0.00764720328152, 0.00416456814855, 0.00430611567572, 0.0039951284416, 0.00780524592847, 0.00552633358166, 0.00635459925979, 0.00429254537448, 0.0029227649793, 0.00467861862853, 0.00358662032522, 0.00930933933705, 0.00761063396931, 0.00378617178649, 0.00292293773964, 0.00133202271536, 0.00173226906918, 0.000811550416984, 0.00108337809797, 0.000671684858389, 0.000440744188381, 0.000536804203875, 0.000458830763819, 0.000242898226134, 0.000360527337762, 0.000423660327215, 0.000260730361333, 0.000238494918449, 0.000236613210291, 0.000360871810699, 0.000242149297264, 0.000234332372202, 0.000123927587993, 9.52012269408e-05, 0.000185736236745],
        "mean": [0.00420669047162, 0.00180077645928, 0.000730466330424, 0.000339430902386, 0.000273341109278, 0.000244497205131, 0.000137988536153, 8.60047657625e-05, 9.16714852792e-05, 0.00010854449647, 8.85848203325e-05, 8.2916172687e-05, 7.10639942554e-05, 5.72026074224e-05, 5.91968782828e-05, 4.84285774291e-05, 4.29764149885e-05, 4.10224565712e-05, 3.89882989111e-05, 3.54002113454e-05, 2.8831711461e-05, 2.58822256001e-05, 2.4840268452e-05, 2.41270972765e-05, 2.01109814952e-05, 1.86679753824e-05, 1.68239985214e-05, 1.53626697283e-05, 1.38210225487e-05, 1.29145500978e-05, 1.27425555547e-05, 1.12129109766e-05, 9.67723190115e-06, 8.62164688442e-06, 8.03274724603e-06, 6.81454866935e-06, 5.90161880609e-06, 5.13019995196e-06, 4.15789691033e-06, 3.41877534993e-06],
        "median": [0.000492706953082, 0.000417967821704, 9.79122924036e-05, 5.02543007315e-05, 3.98873817176e-05, 4.00604694732e-05, 2.77860690403e-05, 2.07942066481e-05, 2.38186403294e-05, 2.54665828834e-05, 2.03995386983e-05, 2.18276090891e-05, 1.88452213479e-05, 1.54093904712e-05, 1.81028772204e-05, 1.57214672072e-05, 1.20267450257e-05, 1.19536234706e-05, 1.30733878905e-05, 1.23359650388e-05, 1.04557339e-05, 9.99649728328e-06, 9.78019033937e-06, 9.14454903977e-06, 7.93148683442e-06, 7.40562290957e-06, 7.2073762567e-06, 6.59088664179e-06, 5.52321034775e-06, 5.40053360965e-06, 4.76989225717e-06, 4.05928494729e-06, 3.62489026884e-06, 3.28769624502e-06, 3.11392932417e-06, 2.49142635766e-06, 2.06973686545e-06, 1.93478626898e-06, 1.4811201936e-06, 1.14570161713e-06],
        "min": [1.1483444253e-24, 1.50663863896e-24, 4.35166283123e-24, 5.85587818809e-24, 4.75379453843e-24, 4.06834698699e-24, 5.9469210196e-24, 4.34677504906e-24, 9.59862362532e-24, 6.43017760456e-24, 1.04756144931e-23, 1.10209185382e-23, 7.3378382011e-24, 8.30878003616e-24, 1.18079974066e-23, 8.22684184279e-24, 8.44665793403e-24, 4.31795322703e-24, 9.02386351408e-24, 7.87455233974e-24, 8.19231734528e-24, 6.75076318227e-24, 6.59326039722e-24, 5.48821023612e-24, 5.7668611514e-24, 4.23351040029e-24, 7.44672467185e-24, 8.29454504112e-24, 1.12626373525e-23, 8.98272678445e-24, 9.40495669537e-24, 7.98552771416e-24, 6.77643508271e-24, 8.47714425258e-24, 7.90422534269e-24, 6.98490893185e-24, 7.50182502835e-24, 8.49588048794e-24, 8.30282492518e-24, 8.51154884324e-24],
        "var": [5.37889427505e-05, 1.4427523638e-05, 4.05088530897e-06, 1.05985361643e-06, 5.19583863934e-07, 3.11178837364e-07, 9.72501368324e-08, 4.06011579912e-08, 4.41294467635e-08, 8.0036613781e-08, 5.80762851143e-08, 5.17754763507e-08, 3.16372776865e-08, 1.55315422745e-08, 2.1608702383e-08, 1.16616707402e-08, 2.078791006e-08, 1.82425825557e-08, 1.0971271891e-08, 7.83830156337e-09, 3.17369708291e-09, 2.76296674429e-09, 2.1154755725e-09, 1.9431039e-09, 1.20624799038e-09, 9.34886057458e-10, 7.15860593026e-10, 5.95960392147e-10, 4.62926114109e-10, 3.90080245882e-10, 4.37603009384e-10, 3.90045523657e-10, 2.4521043529e-10, 2.07288630705e-10, 2.22352192214e-10, 1.32533428676e-10, 1.01224181814e-10, 6.23236601216e-11, 4.30371328852e-11, 3.71842001634e-11]
    },
    "mfcc": {
        "mean": [-682.885986328, 81.0476913452, -1.22706925869, 16.8513469696, 5.64253807068, 9.03088665009, 5.86119318008, 7.13646554947, 3.84784436226, 4.1349363327, 1.25718963146, 1.8047901392, 0.195635527372],
        "cov": [[24441.3105469, -2871.3581543, 426.995422363, 1060.3458252, 549.744750977, 926.883483887, 435.20324707, 604.007751465, 338.852081299, 450.956481934, 389.991271973, 569.259094238, 652.438415527], [-2871.3581543, 3505.51538086, -56.9134559631, 102.618606567, 69.8710098267, -353.8253479, -244.647949219, -303.295410156, -254.565032959, -212.3881073, -194.033981323, -172.717987061, -171.19418335], [426.995422363, -56.9134559631, 971.184997559, 313.077148438, 162.810043335, 132.096191406, 61.1440582275, 38.5563850403, -15.158993721, -20.3297100067, 8.16108417511, 18.0322475433, 23.0000362396], [1060.3458252, 102.618606567, 313.077148438, 625.567626953, 230.66305542, 118.524749756, 54.7147254944, 31.7655353546, -7.41181945801, -24.8414268494, -11.0425891876, 22.2493343353, 58.5983581543], [549.744750977, 69.8710098267, 162.810043335, 230.66305542, 367.677734375, 183.811569214, 99.1493988037, 64.0629196167, 31.5514011383, 38.7278785706, 30.174200058, 40.8149833679, 46.181476593], [926.883483887, -353.8253479, 132.096191406, 118.524749756, 183.811569214, 371.918182373, 224.769104004, 136.554595947, 91.7968978882, 93.3132095337, 90.6335983276, 67.8616943359, 56.655960083], [435.20324707, -244.647949219, 61.1440582275, 54.7147254944, 99.1493988037, 224.769104004, 295.303985596, 177.689407349, 107.186752319, 85.507774353, 78.0247650146, 58.6849021912, 37.2255172729], [604.007751465, -303.295410156, 38.5563850403, 31.7655353546, 64.0629196167, 136.554595947, 177.689407349, 250.846069336, 149.784576416, 82.0811462402, 63.2223854065, 56.0155677795, 44.6096725464], [338.852081299, -254.565032959, -15.158993721, -7.41181945801, 31.5514011383, 91.7968978882, 107.186752319, 149.784576416, 205.69128418, 125.452102661, 69.7563552856, 49.0552902222, 38.4218139648], [450.956481934, -212.3881073, -20.3297100067, -24.8414268494, 38.7278785706, 93.3132095337, 85.507774353, 82.0811462402, 125.452102661, 193.066833496, 110.72064209, 60.7112770081, 43.5070724487], [389.991271973, -194.033981323, 8.16108417511, -11.0425891876, 30.174200058, 90.6335983276, 78.0247650146, 63.2223854065, 69.7563552856, 110.72064209, 158.968780518, 102.299186707, 60.0205612183], [569.259094238, -172.717987061, 18.0322475433, 22.2493343353, 40.8149833679, 67.8616943359, 58.6849021912, 56.0155677795, 49.0552902222, 60.7112770081, 102.299186707, 150.241134644, 97.7722396851], [652.438415527, -171.19418335, 23.0000362396, 58.5983581543, 46.181476593, 56.655960083, 37.2255172729, 44.6096725464, 38.4218139648, 43.5070724487, 60.0205612183, 97.7722396851, 150.17477417]],
