{
"lowlevel": {
    "average_loudness": 0.865146458149,
    "barkbands_crest": {
        "dmean": 3.1628382206,
        "dmean2": 4.9698767662,
        "dvar": 9.73072910309,
        "dvar2": 23.3980865479,
        "max": 26.8971977234,
        "mean": 10.6623830795,
        "median": 9.80862903595,
        "min": 1.73814713955,
        "var": 26.8329925537
    },
    "barkbands_flatness_db": {
        "dmean": 0.0248678512871,
        "dmean2": 0.0375814139843,
        "dvar": 0.000916683871765,
        "dvar2": 0.00195362139493,
        "max": 0.766449570656,
        "mean": 0.118026062846,
        "median": 0.0932807028294,
        "min": 0.0148694515228,
        "var": 0.00812294054776
    },
    "barkbands_kurtosis": {
        "dmean": 6.83484792709,
        "dmean2": 12.3237009048,
        "dvar": 50745.4375,
        "dvar2": 146752.25,
        "max": 18098.9121094,
        "mean": 4.77766990662,
        "median": -0.34196472168,
        "min": -1.90451097488,
        "var": 28293.7890625
    },
    "barkbands_skewness": {
        "dmean": 0.637689173222,
        "dmean2": 0.990852832794,
        "dvar": 2.69597411156,
        "dvar2": 7.01096200943,
        "max": 115.992912292,
        "mean": 1.15513932705,
        "median": 0.916664421558,
        "min": -6.39982891083,
        "var": 3.16535162926
    },
    "barkbands_spread": {
        "dmean": 8.24320793152,
        "dmean2": 13.0871696472,
        "dvar": 83.7073516846,
        "dvar2": 205.427383423,
        "max": 111.659332275,
        "mean": 39.8883666992,
        "median": 42.4055480957,
        "min": 0.0189935211092,
        "var": 369.990264893
    },
    "dissonance": {
        "dmean": 0.0117313014343,
        "dmean2": 0.019990818575,
        "dvar": 0.000292754382826,
        "dvar2": 0.000809802731965,
        "max": 0.500000178814,
        "mean": 0.474475234747,
        "median": 0.485747158527,
        "min": 0.0802139043808,
        "var": 0.00180928397458
    },
    "dynamic_complexity": 3.08406424522,
    "erbbands_crest": {
        "dmean": 1.93461048603,
        "dmean2": 3.18379426003,
        "dvar": 4.51542854309,
        "dvar2": 11.190779686,
        "max": 32.9647407532,
        "mean": 7.10363054276,
        "median": 5.68115472794,
        "min": 2.18865513802,
        "var": 19.0670127869
    },
    "erbbands_flatness_db": {
        "dmean": 0.0137165701017,
        "dmean2": 0.0209107939154,
        "dvar": 0.000233422266319,
        "dvar2": 0.000489158381242,
        "max": 0.601193964481,
        "mean": 0.143864735961,
        "median": 0.115976281464,
        "min": 0.0485171824694,
        "var": 0.00685339886695
    },
    "erbbands_kurtosis": {
        "dmean": 0.959296941757,
        "dmean2": 1.51130378246,
        "dvar": 34.7448005676,
        "dvar2": 83.8172683716,
        "max": 322.175628662,
        "mean": 0.537611782551,
        "median": -0.237715244293,
        "min": -1.82395160198,
        "var": 57.8479309082
    },
    "erbbands_skewness": {
        "dmean": 0.303479909897,
        "dmean2": 0.478474110365,
        "dvar": 0.171552717686,
        "dvar2": 0.414202839136,
        "max": 13.0638523102,
        "mean": -0.311107605696,
        "median": -0.40673533082,
        "min": -6.58294248581,
        "var": 0.641842246056
    },
    "erbbands_spread": {
        "dmean": 9.32671833038,
        "dmean2": 14.5440359116,
        "dvar": 124.527534485,
        "dvar2": 292.389160156,
        "max": 188.609558105,
        "mean": 45.2599563599,
        "median": 43.1361465454,
        "min": 0.466598898172,
        "var": 501.106323242
    },
    "hfc": {
        "dmean": 11.7079229355,
        "dmean2": 18.2095680237,
        "dvar": 388.184692383,
        "dvar2": 985.276672363,
        "max": 280.167938232,
        "mean": 32.9377670288,
        "median": 28.3026161194,
        "min": 1.1187285589e-16,
        "var": 764.434753418
    },
    "melbands_crest": {
        "dmean": 4.39305591583,
        "dmean2": 7.01201725006,
        "dvar": 16.8567047119,
        "dvar2": 41.8699226379,
        "max": 39.3989715576,
        "mean": 16.9650707245,
        "median": 16.6092395782,
        "min": 1.7859467268,
        "var": 46.4876594543
    },
    "melbands_flatness_db": {
        "dmean": 0.0335727334023,
        "dmean2": 0.0505846478045,
        "dvar": 0.00151850562543,
        "dvar2": 0.0033985383343,
        "max": 0.905039012432,
        "mean": 0.170203238726,
        "median": 0.149732872844,
        "min": 0.00694755744189,
        "var": 0.0107496930286
    },
    "melbands_kurtosis": {
        "dmean": 12.6101102829,
        "dmean2": 20.1243648529,
        "dvar": 5014.15429688,
        "dvar2": 13994.3232422,
        "max": 4222.47216797,
        "mean": 17.6458072662,
        "median": 6.12756252289,
        "min": -1.80335879326,
        "var": 4670.28271484
    },
    "melbands_skewness": {
        "dmean": 1.00589573383,
        "dmean2": 1.55069839954,
        "dvar": 2.25272083282,
        "dvar2": 5.4060997963,
        "max": 33.4811973572,
        "mean": 2.92600250244,
        "median": 2.41117835045,
        "min": -4.50603961945,
        "var": 5.92616939545
    },
    "melbands_spread": {
        "dmean": 13.1154127121,
        "dmean2": 20.7628002167,
        "dvar": 238.140441895,
        "dvar2": 585.98034668,
        "max": 219.814819336,
        "mean": 38.9999427795,
        "median": 35.5599784851,
        "min": 0.0228529181331,
        "var": 657.334655762
    },
    "pitch_salience": {
        "dmean": 0.0905476137996,
        "dmean2": 0.141067743301,
        "dvar": 0.00800311844796,
        "dvar2": 0.0182140022516,
        "max": 0.948469698429,
        "mean": 0.524902403355,
        "median": 0.537219643593,
        "min": 0.0144257275388,
        "var": 0.020910795778
    },
    "silence_rate_20dB": {
        "dmean": 0,
        "dmean2": 0,
        "dvar": 0,
        "dvar2": 0,
        "max": 1,
        "mean": 1,
        "median": 1,
        "min": 1,
        "var": 0
    },
    "silence_rate_30dB": {
        "dmean": 0,
        "dmean2": 0,
        "dvar": 0,
        "dvar2": 0,
        "max": 1,
        "mean": 1,
        "median": 1,
        "min": 1,
        "var": 0
    },
    "silence_rate_60dB": {
        "dmean": 0.0166939441115,
        "dmean2": 0.033390622586,
        "dvar": 0.0164144486189,
        "dvar2": 0.0380106344819,
        "max": 1,
        "mean": 0.0873905569315,
        "median": 0,
        "min": 0,
        "var": 0.0797476172447
    },
    "spectral_centroid": {
        "dmean": 296.284698486,
        "dmean2": 457.272033691,
        "dvar": 122928.789062,
        "dvar2": 276448.125,
        "max": 11018.4873047,
        "mean": 2226.515625,
        "median": 2433.40478516,
        "min": 54.8354415894,
        "var": 696438.75
    },
    "spectral_complexity": {
        "dmean": 6.27463197708,
        "dmean2": 9.52385616302,
        "dvar": 53.3082542419,
        "dvar2": 113.309959412,
        "max": 65,
        "mean": 25.0052375793,
        "median": 25,
        "min": 0,
        "var": 217.217254639
    },
    "spectral_decrease": {
        "dmean": 1.72043213009e-09,
        "dmean2": 2.63531396705e-09,
        "dvar": 4.08730372024e-18,
        "dvar2": 9.62447803763e-18,
        "max": -1.23422991782e-28,
        "mean": -5.8670615033e-09,
        "median": -5.3190363225e-09,
        "min": -2.50658143131e-08,
        "var": 1.65762346001e-17
    },
    "spectral_energy": {
        "dmean": 0.00702510541305,
        "dmean2": 0.0108083691448,
        "dvar": 6.82099926053e-05,
        "dvar2": 0.000160095863976,
        "max": 0.0959325879812,
        "mean": 0.025131162256,
        "median": 0.023217940703,
        "min": 1.06130285661e-20,
        "var": 0.000286219816189
    },
    "spectral_energyband_high": {
        "dmean": 0.0011436677305,
        "dmean2": 0.00180576182902,
        "dvar": 3.70401676264e-06,
        "dvar2": 9.34061790758e-06,
        "max": 0.0355308093131,
        "mean": 0.00265998044051,
        "median": 0.00206810585223,
        "min": 7.80014353973e-21,
        "var": 6.87857527737e-06
    },
    "spectral_energyband_low": {
        "dmean": 0.00537182809785,
        "dmean2": 0.00815273448825,
        "dvar": 5.30346515006e-05,
        "dvar2": 0.00012742781837,
        "max": 0.0938100516796,
        "mean": 0.0112386327237,
        "median": 0.0074246423319,
        "min": 7.93964393516e-23,
        "var": 0.000149395200424
    },
    "spectral_energyband_middle_high": {
        "dmean": 0.00193877553102,
        "dmean2": 0.00310391793028,
        "dvar": 7.98622841103e-06,
        "dvar2": 2.02849787456e-05,
        "max": 0.0453297905624,
        "mean": 0.00557739567012,
        "median": 0.00432228390127,
        "min": 1.76391964126e-21,
        "var": 2.54801125266e-05
    },
    "spectral_energyband_middle_low": {
        "dmean": 0.00345702748746,
        "dmean2": 0.00520596606657,
        "dvar": 3.24069005728e-05,
        "dvar2": 6.2919469201e-05,
        "max": 0.0704672187567,
        "mean": 0.00654998235404,
        "median": 0.00432214234024,
        "min": 2.14051310315e-22,
        "var": 5.42665256944e-05
    },
    "spectral_entropy": {
        "dmean": 0.132407918572,
        "dmean2": 0.201771572232,
        "dvar": 0.0323661342263,
        "dvar2": 0.0701033771038,
        "max": 9.79529571533,
        "mean": 7.86653852463,
        "median": 8.07873439789,
        "min": 2.84560513496,
        "var": 0.497006982565
    },
    "spectral_flux": {
        "dmean": 0.02237662673,
        "dmean2": 0.0350441932678,
        "dvar": 0.000600137049332,
        "dvar2": 0.00130069931038,
        "max": 0.283401310444,
        "mean": 0.088174380362,
        "median": 0.0849191993475,
        "min": 1.03019551223e-10,
        "var": 0.00236142426729
    },
    "spectral_kurtosis": {
        "dmean": 3.20323848724,
        "dmean2": 5.61073637009,
        "dvar": 234.737136841,
        "dvar2": 748.665588379,
        "max": 532.136474609,
        "mean": 9.42920017242,
        "median": 2.24623441696,
        "min": -1.1768206358,
        "var": 1363.3737793
    },
    "spectral_rms": {
        "dmean": 0.000675596937072,
        "dmean2": 0.00102508533746,
        "dvar": 5.4119232118e-07,
        "dvar2": 1.21954224142e-06,
        "max": 0.00967433582991,
        "mean": 0.00458287959918,
        "median": 0.00475937500596,
        "min": 3.21779018361e-12,
        "var": 3.51534526999e-06
    },
    "spectral_rolloff": {
        "dmean": 959.932189941,
        "dmean2": 1549.87670898,
        "dvar": 1524688.125,
        "dvar2": 3578300,
        "max": 18260.15625,
        "mean": 2804.46679688,
        "median": 2777.78320312,
        "min": 43.06640625,
        "var": 3759897.5
    },
    "spectral_skewness": {
        "dmean": 0.227020516992,
        "dmean2": 0.385429650545,
        "dvar": 0.299704343081,
        "dvar2": 0.905400514603,
        "max": 18.7011871338,
        "mean": 1.48315751553,
        "median": 1.11053228378,
        "min": -0.291162133217,
        "var": 3.16594862938
    },
    "spectral_spread": {
        "dmean": 508954.21875,
        "dmean2": 777899.3125,
        "dvar": 356834312192,
        "dvar2": 687183691776,
        "max": 40783812,
        "mean": 5140958.5,
        "median": 5412006,
        "min": 141863.96875,
        "var": 3.16926931763e+12
    },
    "spectral_strongpeak": {
        "dmean": 0.367996484041,
        "dmean2": 0.641180753708,
        "dvar": 0.982988297939,
        "dvar2": 2.59754395485,
        "max": 27.5727214813,
        "mean": 0.609591603279,
        "median": 0.324060857296,
        "min": 0,
        "var": 1.4667006731
    },
    "zerocrossingrate": {
        "dmean": 0.014427232556,
        "dmean2": 0.0176027007401,
        "dvar": 0.000227242067922,
        "dvar2": 0.00030968466308,
        "max": 0.8095703125,
        "mean": 0.09285890311,
        "median": 0.09033203125,
        "min": 0.00146484375,
        "var": 0.00206725043245
    },
    "barkbands": {
        "dmean": [0.000322333100485, 0.00446931645274, 0.0017526212614, 0.00147669226862, 0.00185906561092, 0.000674039707519, 0.000503650691826, 0.000429202365922, 0.000429429317592, 0.000353744835593, 0.000284730660496, 0.000245774659561, 0.000308202259475, 0.000316713034408, 0.0003593149886, 0.000356107251719, 0.00035147316521, 0.000382231053663, 0.000355743861292, 0.000353339099092, 0.000302004249534, 0.000252604746493, 0.000212727536564, 0.000212581042433, 0.00013851634867, 9.22883773455e-05, 9.94164565782e-06],
        "dmean2": [0.000520650180988, 0.00656740181148, 0.00266327126883, 0.00244040624239, 0.00306202471256, 0.00114568881691, 0.000826587958727, 0.000732811167836, 0.000713763933163, 0.000578125298489, 0.000462546682684, 0.00040597334737, 0.000510729500093, 0.000521537847817, 0.000586552021559, 0.000587370479479, 0.000585385598242, 0.00064417271642, 0.000577303173486, 0.000581813510507, 0.000493446947075, 0.00041592278285, 0.000345906737493, 0.000339258112945, 0.000216529573663, 0.000148090039147, 1.65981473401e-05],
        "dvar": [3.59767767577e-07, 4.40307740064e-05, 1.35632926686e-05, 1.60643321578e-05, 1.63918703038e-05, 3.14837507176e-06, 1.09451298158e-06, 8.2374788235e-07, 6.93410527219e-07, 4.98017470818e-07, 3.86891940707e-07, 2.32979061821e-07, 4.19744452529e-07, 3.44082650372e-07, 5.20730452536e-07, 4.83119208639e-07, 3.83339369137e-07, 4.37498812289e-07, 3.00869430703e-07, 2.9458459494e-07, 2.13118255488e-07, 2.18986230038e-07, 1.35883382768e-07, 1.60150065653e-07, 6.49587263979e-08, 4.6302080392e-08, 6.70216049325e-10],
        "dvar2": [8.72962004905e-07, 0.00010140818631, 2.9792314308e-05, 3.94302514906e-05, 4.17981136707e-05, 8.53865003592e-06, 2.80087169813e-06, 2.19718276639e-06, 1.67671259987e-06, 1.15551199542e-06, 8.91146612503e-07, 5.5477295291e-07, 1.03201671209e-06, 8.13076724171e-07, 1.17750232675e-06, 1.20011225135e-06, 1.01207297121e-06, 1.162643116e-06, 7.47847991533e-07, 7.45738930163e-07, 5.49486514956e-07, 5.80816902129e-07, 3.38475075523e-07, 4.06844947065e-07, 1.56300728804e-07, 1.199671118e-07, 1.67114944105e-09],
        "max": [0.011340691708, 0.0920274481177, 0.0588235408068, 0.0586765483022, 0.0475638061762, 0.0294398646802, 0.0219125952572, 0.0163918398321, 0.0140658738092, 0.0198663193733, 0.0340215861797, 0.00908592529595, 0.0138015300035, 0.0188866071403, 0.0284327529371, 0.0233818050474, 0.0151704773307, 0.0116267092526, 0.0101997554302, 0.0115077206865, 0.0124788703397, 0.0175534375012, 0.00856327544898, 0.00769799947739, 0.00778377335519, 0.00576707255095, 0.000383100035833],
        "mean": [0.000452823383966, 0.00785059481859, 0.00216228258796, 0.0014350990532, 0.00216575409286, 0.000857467704918, 0.000764959433582, 0.000554609228857, 0.00056208105525, 0.000527207565028, 0.00041923718527, 0.000338694197126, 0.000433130189776, 0.00047727135825, 0.000621876853984, 0.000560747517738, 0.000585643923841, 0.000614502932876, 0.000721233838703, 0.000752145424485, 0.000626439054031, 0.000468373560579, 0.000400823977543, 0.000370492751244, 0.0002558924607, 0.000141514945426, 1.02643953142e-05],
        "median": [0.000111450623081, 0.00364374555647, 0.000531873898581, 0.000281667860691, 0.000806657131761, 0.000293095625238, 0.000299209350487, 0.000170834289747, 0.00019260312547, 0.000201430520974, 0.000161568197655, 0.000139990734169, 0.000189501137356, 0.000215660402318, 0.000278720166534, 0.000297875667457, 0.000348985719029, 0.000356057891622, 0.000447320315288, 0.000458403403172, 0.000438346090959, 0.000325299071847, 0.000259886845015, 0.000224008370424, 0.000140596370329, 6.02910768066e-05, 1.28740521177e-06],
        "min": [7.51955152176e-24, 5.39358834269e-24, 3.90516187908e-23, 3.57044693481e-23, 4.83074058333e-23, 1.32610074077e-23, 4.29730621278e-23, 3.81318543069e-23, 1.99708847181e-23, 5.91423157032e-23, 7.11665753826e-23, 2.27321717789e-22, 6.2393413442e-23, 1.70069159405e-22, 1.83524071979e-22, 1.40368546323e-22, 1.48127655969e-22, 2.91914279797e-22, 2.3576043426e-22, 4.49796068331e-22, 3.69356010178e-22, 7.31524121736e-22, 6.13674259973e-22, 9.86624724332e-22, 1.0569158913e-21, 1.8672958113e-21, 2.07102720539e-21],
        "var": [8.66993502768e-07, 0.000106773142761, 1.90898244909e-05, 1.46879710883e-05, 1.70871953742e-05, 3.07381105813e-06, 1.74875754055e-06, 1.08939809706e-06, 1.1112088032e-06, 9.55404402703e-07, 7.9738686054e-07, 4.04004993015e-07, 6.64688911911e-07, 8.34419438434e-07, 2.14800570575e-06, 9.19119486298e-07, 6.26102348633e-07, 7.05216564256e-07, 7.56906615607e-07, 8.3569079834e-07, 4.47722868557e-07, 3.29472271687e-07, 2.43017041157e-07, 2.30316928196e-07, 1.18941670735e-07, 5.60662769544e-08, 6.98860080917e-10]
    },
    "erbbands": {
        "dmean": [0.165445268154, 0.915949463844, 1.83890426159, 3.63371181488, 4.94390487671, 7.00985813141, 6.08097839355, 5.46355295181, 7.0371556282, 8.65442562103, 8.51895427704, 10.253950119, 10.1146011353, 9.11857414246, 11.8018932343, 10.491104126, 14.3147783279, 15.244143486, 16.7583312988, 18.682012558, 19.8870544434, 16.8258666992, 18.7570972443, 19.4882946014, 16.764333725, 17.2885169983, 14.2651262283, 10.2562446594, 9.49729061127, 7.20794057846, 6.28420495987, 4.8082151413, 3.41305565834, 1.73422014713, 0.989690303802, 0.483744859695, 0.152755171061, 0.0263171382248, 0.00126105512027, 3.42576640833e-05],
        "dmean2": [0.242342352867, 1.3529471159, 2.74105644226, 5.77673482895, 7.98563194275, 11.746556282, 10.4655036926, 9.2531747818, 11.601433754, 14.4874658585, 14.5210266113, 16.8977432251, 16.6425170898, 14.8951377869, 19.2369804382, 17.1969261169, 23.664106369, 25.0089378357, 27.5447025299, 30.2934417725, 32.9389076233, 28.0394954681, 31.5196800232, 31.8009700775, 27.225435257, 28.4554386139, 23.5802211761, 16.895406723, 15.7857656479, 11.7891349792, 10.2391710281, 7.76774024963, 5.46498727798, 2.73913478851, 1.57236564159, 0.780951917171, 0.244644418359, 0.0425310954452, 0.00205599586479, 5.37732666999e-05],
        "dvar": [0.0640468746424, 2.11384344101, 12.995973587, 80.3953933716, 133.743057251, 256.581878662, 228.886749268, 231.787445068, 255.407943726, 314.596221924, 356.958892822, 416.179718018, 504.146514893, 340.391113281, 642.188720703, 460.609405518, 928.162780762, 773.153930664, 1035.90478516, 1745.87939453, 1423.12866211, 804.167907715, 1069.84899902, 1065.98535156, 640.6640625, 757.745849609, 466.218994141, 257.186401367, 412.624267578, 184.58807373, 126.679962158, 74.5283432007, 44.7400817871, 10.2430715561, 3.69554209709, 1.17068552971, 0.126535236835, 0.00394453341141, 1.10015162136e-05, 5.01483787829e-09],
        "dvar2": [0.147261425853, 4.73616790771, 28.5822849274, 188.076400757, 318.5703125, 673.837280273, 630.641235352, 627.604492188, 659.299316406, 815.03894043, 959.984313965, 972.567871094, 1114.60852051, 838.684448242, 1512.1081543, 1077.51489258, 2282.91333008, 1874.6439209, 2499.58447266, 3885.15185547, 3721.37133789, 2147.70532227, 2871.42919922, 2623.17333984, 1565.18688965, 1934.3302002, 1182.85375977, 649.160766602, 1134.80749512, 488.726898193, 322.020019531, 188.573654175, 115.165100098, 24.9150905609, 9.17350292206, 3.03587961197, 0.325631052256, 0.00981913600117, 2.61445056822e-05, 1.21350147708e-08],
        "max": [3.23406600952, 20.2335090637, 64.9065933228, 124.809204102, 185.245819092, 221.376281738, 268.398864746, 271.123779297, 375.604370117, 351.305450439, 402.063140869, 391.111785889, 747.231872559, 573.668395996, 1324.25439453, 447.064727783, 721.502502441, 730.635437012, 1303.23291016, 1985.47998047, 1026.17602539, 792.514892578, 665.543029785, 818.426696777, 618.23449707, 643.150268555, 603.908813477, 333.895111084, 1035.04199219, 625.728027344, 299.767578125, 123.889572144, 151.032913208, 131.839920044, 28.310256958, 27.5497989655, 10.2133350372, 0.854631841183, 0.0565609820187, 0.00103579484858],
        "mean": [0.284658849239, 1.521717906, 2.56733012199, 3.99931383133, 5.64296770096, 7.72854804993, 7.15101480484, 6.89855194092, 10.2202272415, 13.0077781677, 11.0525074005, 14.0639400482, 15.1834278107, 14.4267158508, 17.9952411652, 16.0051364899, 21.0245742798, 24.1341190338, 28.4642391205, 33.921787262, 32.6014938354, 29.8511352539, 31.8881587982, 38.4157333374, 35.278137207, 36.7150917053, 30.5864372253, 20.5505561829, 17.234331131, 13.6703634262, 11.5211610794, 8.36937332153, 5.71626758575, 3.15991234779, 1.69545853138, 0.755135059357, 0.231908947229, 0.0358397364616, 0.00146749347914, 7.17687362339e-05],
        "median": [0.102617755532, 0.686690330505, 0.89358663559, 1.04668068886, 1.76201486588, 2.60367202759, 2.66203546524, 2.47519898415, 3.99417376518, 4.61275815964, 4.35174942017, 5.04882717133, 5.9503493309, 6.65778970718, 7.86486005783, 7.23383188248, 9.62752628326, 11.9357948303, 13.611117363, 16.0951385498, 18.3447780609, 19.4897480011, 20.2697792053, 23.2011108398, 22.7402191162, 22.5776557922, 19.5782012939, 15.1753072739, 12.0824728012, 9.0710401535, 7.26164388657, 5.15845584869, 3.31646728516, 1.78973567486, 0.870754480362, 0.343075245619, 0.0956146940589, 0.0112309837714, 0.000301488820696, 4.80553244415e-05],
        "min": [2.43878810095e-22, 1.59471011305e-21, 2.93282023748e-20, 1.15523113771e-19, 4.46612357994e-20, 1.98402152128e-19, 2.22164479112e-19, 1.53963372984e-19, 2.31925908274e-19, 9.62829961206e-19, 8.54364300722e-19, 5.45775267427e-19, 1.35175229405e-18, 2.38691713187e-18, 3.70619886457e-18, 1.06465018706e-17, 3.61571523172e-18, 7.95379405749e-18, 8.42508186586e-18, 9.13021197903e-18, 8.55471347555e-18, 8.08896115985e-18, 1.631817741e-17, 1.51930430321e-17, 1.18771026038e-17, 2.46564044844e-17, 1.40071191509e-17, 1.71458857638e-17, 2.69213209545e-17, 2.08571523504e-17, 1.86660187365e-17, 1.89048208163e-17, 1.64428666155e-17, 1.04121715293e-17, 8.62126181019e-18, 6.81734633034e-18, 3.61741756942e-18, 1.2326231898e-18, 2.82539745788e-19, 3.10065906117e-20],
        "var": [0.161430567503, 4.59156417847, 20.7129020691, 84.43309021, 148.382858276, 247.701965332, 204.6587677, 222.227661133, 350.071014404, 533.339050293, 375.180389404, 735.053039551, 963.920898438, 591.887451172, 1280.91418457, 853.30480957, 1506.23364258, 1753.34387207, 3563.3503418, 7886.41845703, 2267.98583984, 1338.43200684, 1528.68115234, 2675.25219727, 1735.10437012, 2064.1875, 1236.73608398, 458.190368652, 558.140014648, 268.256134033, 227.510848999, 111.839347839, 59.67552948, 18.4509181976, 5.76991176605, 1.46346342564, 0.155538856983, 0.00470648193732, 1.291906392e-05, 7.53241025109e-09]
    },
    "gfcc": {
        "mean": [3.70119404793, 54.1864051819, -117.015289307, 44.6482849121, -55.06690979, 17.3763332367, -35.65391922, 11.860039711, -24.1759757996, 6.92705106735, -16.759759903, 2.24925065041, -11.4091501236],
        "cov": [[19220.9511719, -4190.95800781, 318.313781738, 2665.5078125, 281.240570068, 1823.03222656, 147.390563965, 1482.42346191, -155.506530762, 915.538024902, -198.451477051, 768.309143066, -74.7650527954], [-4190.95800781, 3050.44458008, -499.758514404, -1223.22460938, -15.2396535873, -891.952514648, -41.6657714844, -699.593688965, 80.3438644409, -408.175445557, 94.3003158569, -380.055206299, 142.29284668], [318.313781738, -499.758514404, 1118.31933594, 318.728088379, 182.937728882, 359.235137939, 13.3104200363, 201.92855835, -35.8722953796, 96.9171676636, -56.0435905457, 141.852264404, -76.7305221558], [2665.5078125, -1223.22460938, 318.728088379, 1318.59277344, 281.820220947, 538.111755371, 160.203704834, 385.199371338, 5.88263034821, 204.796951294, -17.130525589, 168.000427246, -23.7239379883], [281.240570068, -15.2396535873, 182.937728882, 281.820220947, 354.561706543, 176.198745728, 144.517196655, 91.6125411987, 51.358757019, 47.2036781311, 1.29007220268, 14.5678348541, 11.8206510544], [1823.03222656, -891.952514648, 359.235137939, 538.111755371, 176.198745728, 549.780151367, 135.077911377, 317.892608643, 4.99715518951, 167.412261963, -22.9446220398, 150.713790894, -43.7684059143], [147.390563965, -41.6657714844, 13.3104200363, 160.203704834, 144.517196655, 135.077911377, 236.882492065, 127.921226501, 71.016784668, 55.7169303894, 27.9807949066, 22.2819099426, 24.7272014618], [1482.42346191, -699.593688965, 201.92855835, 385.199371338, 91.6125411987, 317.892608643, 127.921226501, 362.646453857, 69.991317749, 165.615570068, -0.375550299883, 129.85496521, -12.077794075], [-155.506530762, 80.3438644409, -35.8722953796, 5.88263034821, 51.358757019, 4.99715518951, 71.016784668, 69.991317749, 144.087768555, 68.8552856445, 41.3377952576, 1.70660960674, 22.8391246796], [915.538024902, -408.175445557, 96.9171676636, 204.796951294, 47.2036781311, 167.412261963, 55.7169303894, 165.615570068, 68.8552856445, 202.538421631, 50.9247283936, 85.3802032471, -6.70337200165], [-198.451477051, 94.3003158569, -56.0435905457, -17.130525589, 1.29007220268, -22.9446220398, 27.9807949066, -0.375550299883, 41.3377952576, 50.9247283936, 106.501449585, 37.0409584045, 26.8145484924], [768.309143066, -380.055206299, 141.852264404, 168.000427246, 14.5678348541, 150.713790894, 22.2819099426, 129.85496521, 1.70660960674, 85.3802032471, 37.0409584045, 155.459747314, 27.4440994263], [-74.7650527954, 142.29284668, -76.7305221558, -23.7239379883, 11.8206510544, -43.7684059143, 24.7272014618, -12.077794075, 22.8391246796, -6.70337200165, 26.8145484924, 27.4440994263, 96.6018295288]],
        "icov": [[0.000144621881191, -0.000154674271471, 0.000237761967583, -0.000158222159371, 1.68678288901e-05, -0.00024555347045, 0.000284407055005, -0.000398266216507, 0.000468042708235, -0.000599158520345, 0.000622438907158, -0.000444577803137, 5.51393532078e-05], [-0.000154674271471, 0.00169212219771, -0.000624599226285, 0.000782887160312, -0.000758725218475, 0.00106964819133, -0.000862929096911, 0.00144908379298, -0.00143036502413, 0.00202690204605, -0.00236395769753, 0.00229478767142, -0.00145342329051], [0.000237761967583, -0.000624599226285, 0.00189128518105, -0.000246836541919, -0.000623488333076, -0.0010095378384, 0.00107606430538, -0.000925675383769, 0.00104158231989, -0.00130478676874, 0.00218366156332, -0.00259686377831, 0.00156820053235], [-0.000158222159371, 0.000782887160312, -0.000246836541919, 0.00189835473429, -0.00114568462595, -0.000137967144838, -0.000297252176097, 8.30321187095e-06, -9.35670395847e-05, 0.000799691886641, -0.00131122476887, 0.00115059886593, -0.000735981564503], [1.68678288901e-05, -0.000758725218475, -0.000623488333076, -0.00114568462595, 0.00558694498613, -0.00161339249462, -0.00199334975332, 0.000894341268577, -0.000979310483672, -0.000467877543997, 0.000852625642437, 0.000628169276752, -0.000654602772556], [-0.00024555347045, 0.00106964819133, -0.0010095378384, -0.000137967144838, -0.00161339249462, 0.00725914444774, -0.00233785808086, -0.00110304355621, 0.000654902250972, 9.5623145171e-05, -8.48135459819e-05, -0.00103816238698, 0.001515815733], [0.000284407055005, -0.000862929096911, 0.00107606430538, -0.000297252176097, -0.00199334975332, -0.00233785808086, 0.00894949398935, -0.00393957691267, -7.19554445823e-05, -0.000253223901382, -0.000846878974698, 0.000862991262693, -0.00133642437868], [-0.000398266216507, 0.00144908379298, -0.000925675383769, 8.30321187095e-06, 0.000894341268577, -0.00110304355621, -0.00393957691267, 0.0118214003742, -0.00592490984127, -8.98677899386e-05, 0.00135152868461, -0.00224866694771, 0.000359507801477], [0.000468042708235, -0.00143036502413, 0.00104158231989, -9.35670395847e-05, -0.000979310483672, 0.000654902250972, -7.19554445823e-05, -0.00592490984127, 0.0151801258326, -0.00671027833596, -1.60015570145e-05, 0.001548212138, -0.00152230705135], [-0.000599158520345, 0.00202690204605, -0.00130478676874, 0.000799691886641, -0.000467877543997, 9.5623145171e-05, -0.000253223901382, -8.98677899386e-05, -0.00671027833596, 0.0154440952465, -0.00894884578884, 0.00194901239593, 0.000453323445981], [0.000622438907158, -0.00236395769753, 0.00218366156332, -0.00131122476887, 0.000852625642437, -8.48135459819e-05, -0.000846878974698, 0.00135152868461, -1.60015570145e-05, -0.00894884578884, 0.021333148703, -0.0109931686893, 0.00220355670899], [-0.000444577803137, 0.00229478767142, -0.00259686377831, 0.00115059886593, 0.000628169276752, -0.00103816238698, 0.000862991262693, -0.00224866694771, 0.001548212138, 0.00194901239593, -0.0109931686893, 0.0213287770748, -0.00979238376021], [5.51393532078e-05, -0.00145342329051, 0.00156820053235, -0.000735981564503, -0.000654602772556, 0.001515815733, -0.00133642437868, 0.000359507801477, -0.00152230705135, 0.000453323445981, 0.00220355670899, -0.00979238376021, 0.0173157826066]]
    },
    "melbands": {
        "dmean": [0.0013340448495, 0.000931912742089, 0.000610684917774, 0.000446110061603, 0.000229271230637, 0.000123617370264, 0.00010516068869, 9.49507812038e-05, 7.21830147086e-05, 6.21110229986e-05, 5.12407023052e-05, 3.84169579775e-05, 4.01398356189e-05, 2.95402769552e-05, 3.24466600432e-05, 2.78023617284e-05, 3.10799623549e-05, 2.83061435766e-05, 2.32839229284e-05, 2.64764530584e-05, 2.53578036791e-05, 1.8539993107e-05, 2.12778777495e-05, 1.76394460141e-05, 1.7247732103e-05, 1.44183932207e-05, 1.25256065076e-05, 1.24619873532e-05, 1.0457967619e-05, 8.15988278191e-06, 6.08844629824e-06, 5.80643245485e-06, 5.09813844474e-06, 3.9553692659e-06, 3.92428682972e-06, 3.38900599672e-06, 2.96808661915e-06, 2.67107861873e-06, 1.87348769032e-06, 1.41749444538e-06],
        "dmean2": [0.00194746081252, 0.00136941298842, 0.000946892076172, 0.000729545718059, 0.000392278569052, 0.000209484627703, 0.000172652988113, 0.000160228810273, 0.000122378347442, 0.000102601108665, 8.44748283271e-05, 6.28603665973e-05, 6.51710579405e-05, 4.86611752422e-05, 5.37602318218e-05, 4.61567069578e-05, 5.10064346599e-05, 4.6713023039e-05, 3.78613367502e-05, 4.32321976405e-05, 4.22340344812e-05, 3.10066570819e-05, 3.58917313861e-05, 2.94286801363e-05, 2.81610919046e-05, 2.35940751736e-05, 2.04863790714e-05, 2.06770491786e-05, 1.73396438186e-05, 1.35289201353e-05, 1.01141768027e-05, 9.70921246335e-06, 8.49637672218e-06, 6.49774892736e-06, 6.44628198643e-06, 5.53828522243e-06, 4.83806479679e-06, 4.32717706644e-06, 3.02027069665e-06, 2.2646609068e-06],
        "dvar": [3.90628383684e-06, 2.34136928157e-06, 2.00734962164e-06, 9.94532115328e-07, 2.87162492896e-07, 1.13632118826e-07, 5.45259268847e-08, 3.79944324891e-08, 2.38418476073e-08, 1.47817811325e-08, 1.25774892723e-08, 6.39985131556e-09, 8.26921819908e-09, 3.29761551399e-09, 4.09099110144e-09, 3.4994278586e-09, 3.41373573853e-09, 3.01241098732e-09, 2.39650055356e-09, 3.07765901653e-09, 2.56853383007e-09, 1.13083931108e-09, 1.41735356785e-09, 8.25042034691e-10, 9.1526253243e-10, 5.59002399925e-10, 3.79008130436e-10, 3.94332372311e-10, 2.63041005644e-10, 1.86119994416e-10, 9.26935403434e-11, 1.65111743722e-10, 7.82706399693e-11, 5.99664068401e-11, 5.07190886512e-11, 3.66282629227e-11, 3.07561129342e-11, 2.90600998126e-11, 1.09727418124e-11, 8.0177687406e-12],
        "dvar2": [9.12487848836e-06, 4.93834841109e-06, 4.43905173597e-06, 2.48042624662e-06, 7.78606533913e-07, 3.07553591483e-07, 1.40227172096e-07, 9.9961667388e-08, 6.38143120568e-08, 3.48963595798e-08, 2.77991478725e-08, 1.58234403358e-08, 1.89247373328e-08, 7.89327980755e-09, 1.01822763554e-08, 8.74956906927e-09, 8.13375944375e-09, 7.25675208813e-09, 5.46611733654e-09, 7.20006942956e-09, 6.78546197008e-09, 3.00386981955e-09, 3.76225450793e-09, 2.11454209698e-09, 2.2334230021e-09, 1.35787314726e-09, 9.42705025153e-10, 1.02172181826e-09, 6.64255872529e-10, 4.94240093296e-10, 2.37171032813e-10, 4.62294286185e-10, 2.0743062823e-10, 1.6269502412e-10, 1.27988952769e-10, 9.44161762662e-11, 7.9627950067e-11, 7.579022826e-11, 2.76979880004e-11, 1.93622583244e-11],
        "max": [0.0280800312757, 0.0256340876222, 0.0198242180049, 0.0123377479613, 0.00877733994275, 0.00572247710079, 0.00539005780593, 0.00383543572389, 0.00330323143862, 0.00213240459561, 0.00375996739604, 0.00253432127647, 0.00529830437154, 0.00114467786625, 0.00154293212108, 0.00167792255525, 0.001502578496, 0.00228774012066, 0.00183512677904, 0.00201057316735, 0.0011570447823, 0.000832995923702, 0.000745803059544, 0.000611553608906, 0.000734170840587, 0.000698157120496, 0.000432773726061, 0.000387591222534, 0.000429082923802, 0.000288018083666, 0.00024744294933, 0.000630678783637, 0.000228960474487, 0.000385212362744, 0.000276277249213, 0.00014524818107, 9.12434697966e-05, 0.000124447586131, 5.41502195119e-05, 0.000164103970747],
        "mean": [0.00234595895745, 0.00158504466526, 0.000732936838176, 0.00050463428488, 0.000271029188298, 0.000156703215907, 0.000156404115842, 0.000138763920404, 9.23300249269e-05, 8.37367260829e-05, 7.48007441871e-05, 5.75580233999e-05, 5.99841187068e-05, 4.08397318097e-05, 4.79677655676e-05, 3.88968728657e-05, 4.62874559162e-05, 4.54195287602e-05, 3.93698574044e-05, 4.5208595111e-05, 3.77274191123e-05, 3.01459858747e-05, 3.17408739647e-05, 2.8903450584e-05, 3.11406292894e-05, 2.65908111032e-05, 2.42703863478e-05, 2.40384706558e-05, 2.05705691769e-05, 1.47111695696e-05, 1.10242963274e-05, 9.84558118944e-06, 8.6389882199e-06, 7.15722899258e-06, 6.91101604389e-06, 5.63734420211e-06, 4.88930572828e-06, 4.22428456659e-06, 3.17920898851e-06, 2.48642709266e-06],
        "median": [0.00101578235626, 0.000774707295932, 0.000221534195589, 0.000167307574884, 0.000109694294224, 5.50824552192e-05, 6.1297454522e-05, 4.76643181173e-05, 3.48226603819e-05, 2.9476637792e-05, 2.75709007838e-05, 2.41283723881e-05, 2.42812257056e-05, 1.74802298716e-05, 2.14119772863e-05, 1.80968145287e-05, 2.03937870538e-05, 1.99813093786e-05, 1.8818422177e-05, 2.12364993786e-05, 1.92929201148e-05, 1.83422853297e-05, 1.816148324e-05, 1.66399659065e-05, 1.72715044755e-05, 1.58163493325e-05, 1.46409411172e-05, 1.40642414408e-05, 1.20000986499e-05, 9.68775202637e-06, 7.83846098784e-06, 6.78419837641e-06, 5.45552757103e-06, 4.60522960566e-06, 4.21676850237e-06, 3.38838299285e-06, 2.91190758617e-06, 2.40574149757e-06, 1.81391294518e-06, 1.36786684379e-06],
        "min": [2.60755132322e-24, 1.10759983843e-23, 1.67805482017e-23, 7.03491166919e-24, 9.92550865178e-24, 3.07159263704e-24, 4.91783934696e-24, 1.03116245104e-23, 6.34446983936e-24, 3.11214107364e-24, 6.94046450845e-24, 9.3124935198e-24, 9.9675273279e-24, 2.53746450277e-23, 1.55538048075e-23, 7.19777358079e-24, 1.58962840363e-23, 1.37569469039e-23, 1.29883415801e-23, 8.13032865534e-24, 1.13008852735e-23, 8.07708291082e-24, 1.16489393823e-23, 1.42422683323e-23, 1.27477303266e-23, 7.504895275e-24, 1.16457413402e-23, 1.70429296496e-23, 7.28043752619e-24, 9.76692315514e-24, 1.01575079108e-23, 1.39559307563e-23, 1.55571621995e-23, 1.05007633788e-23, 1.15059283665e-23, 7.63416512267e-24, 1.38572695006e-23, 1.02923573717e-23, 1.25887914202e-23, 7.41941588503e-24],
        "var": [9.7906049632e-06, 4.99465295434e-06, 2.40576514443e-06, 1.04685364022e-06, 2.59938985891e-07, 1.09508846435e-07, 7.89150504943e-08, 6.23119049692e-08, 2.58956696086e-08, 2.51083260849e-08, 2.40938948792e-08, 1.07810151917e-08, 1.68466840478e-08, 5.18240472758e-09, 7.68395658213e-09, 4.8432173827e-09, 8.07869060537e-09, 1.08486615247e-08, 8.31039237426e-09, 9.99065097318e-09, 3.46477735391e-09, 1.66409874769e-09, 2.03851269198e-09, 1.49432966001e-09, 2.11712536391e-09, 1.25548094143e-09, 9.67171343014e-10, 9.48631728726e-10, 7.07182479243e-10, 3.02855573953e-10, 1.45634046489e-10, 2.04788838665e-10, 1.14295288511e-10, 7.99230542858e-11, 1.03603674251e-10, 5.19760796902e-11, 4.1862003447e-11, 3.56860686834e-11, 1.70744009209e-11, 1.38428530791e-11]
    },
    "mfcc": {
        "mean": [-630.021118164, 76.862739563, 0.45061519742, 27.7798233032, 5.2398724556, 8.44959640503, 2.49719047546, 3.71776771545, 1.10192716122, 3.79835820198, -0.821148753166, 1.18815100193, -0.597344636917],
        "cov": [[12004.296875, -1804.80456543, -39.4994010925, 999.420776367, 732.672668457, 632.685668945, 656.361450195, 639.195007324, 497.409088135, 453.160339355, 324.416381836, 325.029693604, 293.147979736], [-1804.80456543, 1862.55969238, -239.43989563, -325.334197998, -317.505004883, -278.693237305, -294.419342041, -354.974639893, -234.947158813, -196.58203125, -165.863098145, -138.34387207, -125.827384949], [-39.4994010925, -239.43989563, 782.434509277, 12.5477075577, 187.2706604, 104.826873779, 85.8428726196, 113.231330872, 31.2970352173, 19.5817260742, 44.4705848694, 2.1489880085, -5.93978118896], [999.420776367, -325.334197998, 12.5477075577, 615.203735352, 260.097442627, 212.712234497, 186.379638672, 156.373748779, 133.611602783, 96.5440063477, 64.5353393555, 66.197227478, 66.3602905273], [732.672668457, -317.505004883, 187.2706604, 260.097442627, 348.990600586, 205.619430542, 157.106674194, 152.928863525, 107.225921631, 78.0493621826, 69.134727478, 47.3918418884, 42.8803520203], [632.685668945, -278.693237305, 104.826873779, 212.712234497, 205.619430542, 275.830383301, 185.329086304, 140.899520874, 102.119812012, 76.7677383423, 70.9217681885, 47.6053924561, 42.6273918152], [656.361450195, -294.419342041, 85.8428726196, 186.379638672, 157.106674194, 185.329086304, 245.189605713, 170.29447937, 117.231506348, 86.1112136841, 66.6813354492, 55.4069061279, 50.3191757202], [639.195007324, -354.974639893, 113.231330872, 156.373748779, 152.928863525, 140.899520874, 170.29447937, 237.356689453, 140.261184692, 82.9195556641, 65.6921310425, 49.8056411743, 47.5580444336], [497.409088135, -234.947158813, 31.2970352173, 133.611602783, 107.225921631, 102.119812012, 117.231506348, 140.261184692, 178.604446411, 113.587928772, 67.9623031616, 46.5019836426, 43.9610099792], [453.160339355, -196.58203125, 19.5817260742, 96.5440063477, 78.0493621826, 76.7677383423, 86.1112136841, 82.9195556641, 113.587928772, 148.209609985, 86.703704834, 52.0060768127, 46.8224945068], [324.416381836, -165.863098145, 44.4705848694, 64.5353393555, 69.134727478, 70.9217681885, 66.6813354492, 65.6921310425, 67.9623031616, 86.703704834, 122.665176392, 76.3110427856, 47.2549209595], [325.029693604, -138.34387207, 2.1489880085, 66.197227478, 47.3918418884, 47.6053924561, 55.4069061279, 49.8056411743, 46.5019836426, 52.0060768127, 76.3110427856, 113.804214478, 68.141998291], [293.147979736, -125.827384949, -5.93978118896, 66.3602905273, 42.8803520203, 42.6273918152, 50.3191757202, 47.5580444336, 43.9610099792, 46.8224945068, 47.2549209595, 68.141998291, 102.380523682]],
