{
"lowlevel": {
    "average_loudness": 0.866964519024,
    "barkbands_crest": {
        "dmean": 3.33096718788,
        "dmean2": 4.96856069565,
        "dvar": 10.2247028351,
        "dvar2": 21.0366306305,
        "max": 26.7120323181,
        "mean": 10.3332653046,
        "median": 8.93374633789,
        "min": 1.94787883759,
        "var": 32.0667419434
    },
    "barkbands_flatness_db": {
        "dmean": 0.0329889319837,
        "dmean2": 0.0479859821498,
        "dvar": 0.0015877939295,
        "dvar2": 0.003155706916,
        "max": 0.672846019268,
        "mean": 0.117700457573,
        "median": 0.102251775563,
        "min": 0.0124092167243,
        "var": 0.00472644204274
    },
    "barkbands_kurtosis": {
        "dmean": 8.82382106781,
        "dmean2": 13.9848985672,
        "dvar": 3846.85400391,
        "dvar2": 10127.3007812,
        "max": 3136.25463867,
        "mean": 7.96309423447,
        "median": 0.605780720711,
        "min": -1.96292352676,
        "var": 2980.62890625
    },
    "barkbands_skewness": {
        "dmean": 0.954016089439,
        "dmean2": 1.37334752083,
        "dvar": 2.40707206726,
        "dvar2": 5.04208374023,
        "max": 34.2590332031,
        "mean": 1.55528390408,
        "median": 1.14860320091,
        "min": -6.54297780991,
        "var": 4.94985151291
    },
    "barkbands_spread": {
        "dmean": 10.5805873871,
        "dmean2": 16.490146637,
        "dvar": 137.086593628,
        "dvar2": 304.370758057,
        "max": 121.292015076,
        "mean": 35.0992965698,
        "median": 32.7321853638,
        "min": 0.037362024188,
        "var": 385.593536377
    },
    "dissonance": {
        "dmean": 0.0139339743182,
        "dmean2": 0.0233744606376,
        "dvar": 0.000263339694357,
        "dvar2": 0.000699307769537,
        "max": 0.500000178814,
        "mean": 0.478263556957,
        "median": 0.484739750624,
        "min": 0.226175248623,
        "var": 0.000505859206896
    },
    "dynamic_complexity": 3.1179857254,
    "erbbands_crest": {
        "dmean": 2.27606391907,
        "dmean2": 3.7513449192,
        "dvar": 6.11598730087,
        "dvar2": 14.4711380005,
        "max": 32.0779800415,
        "mean": 6.7560043335,
        "median": 5.65075302124,
        "min": 2.23758077621,
        "var": 13.972568512
    },
    "erbbands_flatness_db": {
        "dmean": 0.0170443020761,
        "dmean2": 0.0260939542204,
        "dvar": 0.000370890513295,
        "dvar2": 0.000811630161479,
        "max": 0.518541872501,
        "mean": 0.129766508937,
        "median": 0.119929149747,
        "min": 0.0278385970742,
        "var": 0.00234163063578
    },
    "erbbands_kurtosis": {
        "dmean": 1.14129984379,
        "dmean2": 1.88125419617,
        "dvar": 42.2280426025,
        "dvar2": 105.42691803,
        "max": 422.331695557,
        "mean": 0.247665688396,
        "median": -0.464893341064,
        "min": -1.87258446217,
        "var": 35.4901008606
    },
    "erbbands_skewness": {
        "dmean": 0.438553422689,
        "dmean2": 0.673850893974,
        "dvar": 0.290804564953,
        "dvar2": 0.683492064476,
        "max": 15.4280424118,
        "mean": 0.0378556661308,
        "median": -0.011164503172,
        "min": -5.98421621323,
        "var": 0.72430562973
    },
    "erbbands_spread": {
        "dmean": 13.0509195328,
        "dmean2": 20.2437171936,
        "dvar": 239.051132202,
        "dvar2": 548.832458496,
        "max": 187.856323242,
        "mean": 51.2649536133,
        "median": 46.8342475891,
        "min": 0.565721988678,
        "var": 593.144104004
    },
    "hfc": {
        "dmean": 18.7539978027,
        "dmean2": 28.4852981567,
        "dvar": 842.478393555,
        "dvar2": 1998.79907227,
        "max": 327.671875,
        "mean": 37.5755615234,
        "median": 26.9018516541,
        "min": 1.07033412556e-16,
        "var": 1456.43823242
    },
    "melbands_crest": {
        "dmean": 4.75904798508,
        "dmean2": 7.40192317963,
        "dvar": 20.1533126831,
        "dvar2": 44.0434494019,
        "max": 37.9978866577,
        "mean": 16.2093696594,
        "median": 14.6259689331,
        "min": 1.00393402576,
        "var": 67.7794342041
    },
    "melbands_flatness_db": {
        "dmean": 0.0436816997826,
        "dmean2": 0.0618895627558,
        "dvar": 0.002572537167,
        "dvar2": 0.00510961096734,
        "max": 0.83436435461,
        "mean": 0.162360936403,
        "median": 0.145164728165,
        "min": 2.28659743584e-07,
        "var": 0.00799605622888
    },
    "melbands_kurtosis": {
        "dmean": 23.0626792908,
        "dmean2": 35.7133102417,
        "dvar": 5551.33837891,
        "dvar2": 12344.2626953,
        "max": 2030.1796875,
        "mean": 28.985578537,
        "median": 7.30486249924,
        "min": -1.87565052509,
        "var": 7356.08056641
    },
    "melbands_skewness": {
        "dmean": 1.43181371689,
        "dmean2": 2.0926566124,
        "dvar": 4.45775318146,
        "dvar2": 9.79541873932,
        "max": 36.046459198,
        "mean": 3.39375543594,
        "median": 2.48605108261,
        "min": -3.03774690628,
        "var": 10.0282850266
    },
    "melbands_spread": {
        "dmean": 15.4066028595,
        "dmean2": 23.5696601868,
        "dvar": 398.83404541,
        "dvar2": 874.475036621,
        "max": 264.173217773,
        "mean": 37.0579452515,
        "median": 29.3265151978,
        "min": 0.0900901854038,
        "var": 978.869750977
    },
    "pitch_salience": {
        "dmean": 0.107830293477,
        "dmean2": 0.164326474071,
        "dvar": 0.0125701017678,
        "dvar2": 0.0268226452172,
        "max": 0.997443497181,
        "mean": 0.552585959435,
        "median": 0.588986515999,
        "min": 0.0130896633491,
        "var": 0.0352867245674
    },
    "silence_rate_20dB": {
        "dmean": 0,
        "dmean2": 0,
        "dvar": 0,
        "dvar2": 0,
        "max": 1,
        "mean": 1,
        "median": 1,
        "min": 1,
        "var": 0
    },
    "silence_rate_30dB": {
        "dmean": 0.00313877896406,
        "dmean2": 0.00627802684903,
        "dvar": 0.00312966457568,
        "dvar2": 0.00698526855558,
        "max": 1,
        "mean": 0.996338367462,
        "median": 1,
        "min": 0,
        "var": 0.0036493120715
    },
    "silence_rate_60dB": {
        "dmean": 0.0291458033025,
        "dmean2": 0.0582959651947,
        "dvar": 0.0282995607704,
        "dvar2": 0.0658147186041,
        "max": 1,
        "mean": 0.0850396081805,
        "median": 0,
        "min": 0,
        "var": 0.0777909606695
    },
    "spectral_centroid": {
        "dmean": 436.08581543,
        "dmean2": 654.914733887,
        "dvar": 235609.609375,
        "dvar2": 462706.5,
        "max": 11638.0771484,
        "mean": 2008.3626709,
        "median": 2002.60644531,
        "min": 74.8614730835,
        "var": 920725.8125
    },
    "spectral_complexity": {
        "dmean": 7.41573858261,
        "dmean2": 10.9068756104,
        "dvar": 64.8894577026,
        "dvar2": 129.397476196,
        "max": 63,
        "mean": 23.1909275055,
        "median": 22,
        "min": 0,
        "var": 221.380111694
    },
    "spectral_decrease": {
        "dmean": 2.52029330738e-09,
        "dmean2": 3.57002338802e-09,
        "dvar": 9.39346799924e-18,
        "dvar2": 1.93680849727e-17,
        "max": 1.26623766979e-28,
        "mean": -7.01678226633e-09,
        "median": -5.6388955727e-09,
        "min": -4.09785769762e-08,
        "var": 3.23587761675e-17
    },
    "spectral_energy": {
        "dmean": 0.0102332960814,
        "dmean2": 0.0148673802614,
        "dvar": 0.000153676388436,
        "dvar2": 0.000320343649946,
        "max": 0.157927900553,
        "mean": 0.0298912636936,
        "median": 0.025079395622,
        "min": 9.92941306519e-21,
        "var": 0.000525957322679
    },
    "spectral_energyband_high": {
        "dmean": 0.00173632067163,
        "dmean2": 0.00266178231686,
        "dvar": 8.5858600869e-06,
        "dvar2": 2.02646733669e-05,
        "max": 0.041592694819,
        "mean": 0.00308856647462,
        "median": 0.00181535701267,
        "min": 7.23370980485e-21,
        "var": 1.45602443808e-05
    },
    "spectral_energyband_low": {
        "dmean": 0.00654969224706,
        "dmean2": 0.00917479768395,
        "dvar": 0.000113437185064,
        "dvar2": 0.0002253534185,
        "max": 0.143681436777,
        "mean": 0.0135132847354,
        "median": 0.00499225221574,
        "min": 1.65315142802e-23,
        "var": 0.000335313583491
    },
    "spectral_energyband_middle_high": {
        "dmean": 0.00293418089859,
        "dmean2": 0.00459761358798,
        "dvar": 1.88804988284e-05,
        "dvar2": 4.56370798929e-05,
        "max": 0.0646024644375,
        "mean": 0.00527475308627,
        "median": 0.00366659741849,
        "min": 1.08146251637e-21,
        "var": 3.10733666993e-05
    },
    "spectral_energyband_middle_low": {
        "dmean": 0.00582192884758,
        "dmean2": 0.00901154708117,
        "dvar": 8.63492605276e-05,
        "dvar2": 0.000203183721169,
        "max": 0.11760968715,
        "mean": 0.00890624895692,
        "median": 0.00521931890398,
        "min": 1.97286236408e-22,
        "var": 0.000123413425172
    },
    "spectral_entropy": {
        "dmean": 0.183470487595,
        "dmean2": 0.272815942764,
        "dvar": 0.0577319599688,
        "dvar2": 0.119301386178,
        "max": 9.82204055786,
        "mean": 8.03072834015,
        "median": 8.11358737946,
        "min": 3.17554163933,
        "var": 0.21693789959
    },
    "spectral_flux": {
        "dmean": 0.0300828944892,
        "dmean2": 0.0441837906837,
        "dvar": 0.00108204293065,
        "dvar2": 0.0021497530397,
        "max": 0.354809492826,
        "mean": 0.103189989924,
        "median": 0.0942329764366,
        "min": 6.45398109955e-11,
        "var": 0.00335598294623
    },
    "spectral_kurtosis": {
        "dmean": 0.976720094681,
        "dmean2": 1.60683786869,
        "dvar": 4.55603742599,
        "dvar2": 12.1682538986,
        "max": 83.3359375,
        "mean": 2.43396258354,
        "median": 1.97558045387,
        "min": -1.24932610989,
        "var": 6.8340306282
    },
    "spectral_rms": {
        "dmean": 0.000933923700359,
        "dmean2": 0.00133681064472,
        "dvar": 9.95408299787e-07,
        "dvar2": 1.98570296561e-06,
        "max": 0.012412735261,
        "mean": 0.00491561787203,
        "median": 0.00494648423046,
        "min": 3.11243197014e-12,
        "var": 4.99878842675e-06
    },
    "spectral_rolloff": {
        "dmean": 1262.40625,
        "dmean2": 1994.86791992,
        "dvar": 2955084.75,
        "dvar2": 5872900,
        "max": 19401.4160156,
        "mean": 2914.44140625,
        "median": 2088.72070312,
        "min": 43.06640625,
        "var": 8040612
    },
    "spectral_skewness": {
        "dmean": 0.183903902769,
        "dmean2": 0.291351914406,
        "dvar": 0.0588237568736,
        "dvar2": 0.143267124891,
        "max": 8.6166009903,
        "mean": 1.2158614397,
        "median": 1.17621183395,
        "min": -0.0781560242176,
        "var": 0.148845434189
    },
    "spectral_spread": {
        "dmean": 743494.125,
        "dmean2": 1126628.5,
        "dvar": 1.11420073574e+12,
        "dvar2": 2.26216142438e+12,
        "max": 42119244,
        "mean": 6183879.5,
        "median": 5933049,
        "min": 1162624.75,
        "var": 5.76201582182e+12
    },
    "spectral_strongpeak": {
        "dmean": 0.397398620844,
        "dmean2": 0.67354363203,
        "dvar": 0.507987558842,
        "dvar2": 1.33123648167,
        "max": 15.680270195,
        "mean": 0.622040808201,
        "median": 0.367427736521,
        "min": 0,
        "var": 0.75005531311
    },
    "zerocrossingrate": {
        "dmean": 0.0212092716247,
        "dmean2": 0.0235325656831,
        "dvar": 0.000542051508091,
        "dvar2": 0.000618213787675,
        "max": 0.80615234375,
        "mean": 0.0997117608786,
        "median": 0.0859375,
        "min": 0.001953125,
        "var": 0.00464177783579
    },
    "barkbands": {
        "dmean": [0.000538469816092, 0.00456077652052, 0.00306278560311, 0.00171217997558, 0.00226415856741, 0.00150875514373, 0.000924953899812, 0.000704386853613, 0.000882061198354, 0.000639276753645, 0.000536353501957, 0.000420322729042, 0.000412380904891, 0.00036512198858, 0.000342316838214, 0.00039669853868, 0.000347748515196, 0.000302357977489, 0.000300600804621, 0.000304555520415, 0.00030550576048, 0.000337012665113, 0.00033236440504, 0.000323919055518, 0.000303385168081, 0.000173264124896, 2.00594313355e-05],
        "dmean2": [0.000724508892745, 0.00604952871799, 0.00507299043238, 0.00293921562843, 0.00367388851009, 0.00257976423018, 0.00152463803533, 0.00114792154636, 0.00146627693903, 0.00105683226138, 0.0008922580746, 0.000694488233421, 0.000682593556121, 0.000610852905083, 0.000569558469579, 0.000665854488034, 0.000578629493248, 0.000498530163895, 0.000486154982354, 0.000499533023685, 0.000495037529618, 0.000538920867257, 0.000524289323948, 0.000511915422976, 0.000476333661936, 0.000271479133517, 3.41703016602e-05],
        "dvar": [1.67283587871e-06, 6.34159441688e-05, 6.20653663645e-05, 2.25480089284e-05, 2.24731138587e-05, 1.29367344925e-05, 3.91361163565e-06, 2.23689357881e-06, 3.3820574572e-06, 1.88837066162e-06, 1.27227588109e-06, 8.02225201824e-07, 7.65370145928e-07, 4.56634268176e-07, 3.93464716808e-07, 5.2387491678e-07, 4.39490150939e-07, 2.71729561518e-07, 2.48565413585e-07, 2.61877460161e-07, 2.52942356838e-07, 3.08579615194e-07, 3.32905131017e-07, 3.61006783578e-07, 3.5341918192e-07, 1.36636899128e-07, 3.48381612447e-09],
        "dvar2": [3.16173941428e-06, 0.000106875777419, 0.000153819361003, 5.88452567172e-05, 5.43640235264e-05, 3.42662497133e-05, 9.63344336924e-06, 5.46837054571e-06, 8.71124484547e-06, 4.66500159746e-06, 3.18755678563e-06, 2.01984607884e-06, 1.90536741229e-06, 1.16965259167e-06, 1.0344583643e-06, 1.34572042043e-06, 1.13381872779e-06, 7.19737727195e-07, 6.21554647751e-07, 6.67770905238e-07, 6.37231153178e-07, 7.70410963469e-07, 8.01772443992e-07, 8.60653415202e-07, 7.96753795385e-07, 3.13796334694e-07, 9.20207110511e-09],
        "max": [0.0407841950655, 0.131610959768, 0.102814294398, 0.08383808285, 0.0661913156509, 0.0646189153194, 0.0447537004948, 0.0408436432481, 0.0406711548567, 0.0405697375536, 0.0384125523269, 0.0262978691608, 0.029047768563, 0.0125858196989, 0.0133119346574, 0.0176580380648, 0.0170959513634, 0.0100286779925, 0.0112506654114, 0.00743378791958, 0.00887319631875, 0.0123832412064, 0.00828315410763, 0.0113658905029, 0.00813139788806, 0.00509240338579, 0.000856068800204],
        "mean": [0.000953906215727, 0.00899615976959, 0.00281335040927, 0.00151853717398, 0.00250178319402, 0.00160190009046, 0.00111510220449, 0.000853239558637, 0.0010469557019, 0.000763468502555, 0.000621978833806, 0.000504925556015, 0.000504334515426, 0.000443894881755, 0.00043900180026, 0.000510817393661, 0.000494945736136, 0.000452101667179, 0.00045613196562, 0.000458622380393, 0.000492835533805, 0.000532842706889, 0.000523124763276, 0.000539992062841, 0.000478042056784, 0.000254008278716, 1.91947892745e-05],
        "median": [2.20651054406e-05, 0.00186938955449, 0.000315587501973, 0.000259760417975, 0.00061495474074, 0.000431340711657, 0.00034592373413, 0.000272626813967, 0.000343943422195, 0.000251576246228, 0.000230409146752, 0.000188460733625, 0.000199216796318, 0.00018277115305, 0.000201077084057, 0.000229365308769, 0.000251884863246, 0.000241132336669, 0.000257333827903, 0.000267674506176, 0.000296604877803, 0.00031031286926, 0.000269738957286, 0.000251583493082, 0.000186310106074, 7.16534486855e-05, 8.44367832542e-07],
        "min": [1.38417597064e-24, 1.70940005046e-24, 7.82866301898e-25, 2.56984692739e-24, 1.866741829e-23, 6.12047515191e-24, 1.12683242507e-23, 2.05935136979e-23, 2.35773974269e-23, 2.03999887629e-23, 2.20821320914e-23, 2.84357251071e-23, 2.1920896811e-23, 5.02353408649e-23, 6.12934825937e-23, 7.54132597601e-23, 5.81162979663e-23, 1.06814101595e-22, 1.42160358673e-22, 2.09428661141e-22, 2.80894486175e-22, 3.83195382002e-22, 4.25451896526e-22, 6.95589879294e-22, 9.05195598687e-22, 1.32584077008e-21, 1.95106804316e-21],
        "var": [5.90087711316e-06, 0.000205321979593, 5.63438006793e-05, 1.81881114258e-05, 2.64377140411e-05, 1.27407647597e-05, 5.27822021468e-06, 3.2266159451e-06, 4.17111459683e-06, 2.6982916097e-06, 1.55065038143e-06, 9.69532038653e-07, 9.56487951953e-07, 5.67517417949e-07, 4.89610727072e-07, 6.6829068146e-07, 5.60769024105e-07, 4.12977783526e-07, 3.58650396493e-07, 3.38880596473e-07, 3.56944923396e-07, 4.46414730959e-07, 5.08826190071e-07, 6.30020792869e-07, 6.23651260412e-07, 2.21966487857e-07, 3.30654725822e-09]
    },
    "erbbands": {
        "dmean": [0.169295951724, 1.02045989037, 3.15768742561, 4.68002891541, 6.18083810806, 8.73872280121, 10.8443174362, 13.1128091812, 12.5178194046, 15.3246593475, 14.7403593063, 20.2753181458, 20.3641777039, 19.1644248962, 20.1648845673, 16.7167186737, 18.5626106262, 17.6220378876, 17.0299472809, 18.9370727539, 20.3193454742, 19.5841121674, 16.5835514069, 15.7113599777, 14.6158647537, 14.4590063095, 12.7241630554, 12.1498603821, 12.2492990494, 11.8086013794, 9.11280536652, 7.05487585068, 5.40334320068, 3.57287883759, 2.12281799316, 0.964402556419, 0.2871299088, 0.0487174801528, 0.00269453460351, 6.44793908577e-05],
        "dmean2": [0.199127301574, 1.36851203442, 4.99127674103, 7.81473970413, 10.2199735641, 14.5250530243, 18.6665668488, 22.1774425507, 20.9003334045, 24.8455104828, 24.2697429657, 33.5774841309, 33.5451927185, 31.7523536682, 33.4340248108, 27.3795776367, 30.6042499542, 29.0663394928, 28.128320694, 31.4090385437, 33.8946075439, 32.43699646, 27.4255332947, 25.5741844177, 23.7605381012, 23.9414424896, 20.8386821747, 19.4386310577, 19.6329040527, 19.0640029907, 14.3339357376, 11.1816949844, 8.59783649445, 5.63010978699, 3.34180831909, 1.50662410259, 0.458859592676, 0.0794070735574, 0.00451573822647, 0.000102231344499],
        "dvar": [0.0881009995937, 3.80697774887, 55.9359016418, 139.795654297, 237.619781494, 377.050933838, 748.608825684, 985.954101562, 830.206726074, 981.661621094, 1082.17712402, 1898.25756836, 1858.89916992, 1632.86022949, 1885.77209473, 1301.02539062, 1608.64050293, 1072.77563477, 967.280822754, 1099.859375, 1344.11743164, 1460.13464355, 882.265075684, 710.914733887, 601.043640137, 618.631103516, 436.17401123, 421.306732178, 398.7472229, 447.243927002, 249.296722412, 157.285629272, 109.198295593, 47.3466567993, 18.5208473206, 4.18333292007, 0.427448183298, 0.0142883993685, 6.64460749249e-05, 2.02449772502e-08],
        "dvar2": [0.126985803246, 6.84189271927, 135.020172119, 353.634338379, 585.399536133, 960.303955078, 2001.96887207, 2540.53881836, 2088.1003418, 2388.28613281, 2769.75048828, 4895.19921875, 4663.53222656, 4221.88574219, 4703.18701172, 3235.35009766, 4083.39135742, 2707.13037109, 2570.5078125, 2792.31005859, 3493.47216797, 3806.17944336, 2364.76269531, 1807.58361816, 1523.65063477, 1593.16174316, 1121.04077148, 1051.91821289, 1002.7434082, 1131.2277832, 592.618286133, 377.493621826, 258.774963379, 108.788238525, 42.3524055481, 9.62924098969, 0.985925078392, 0.0359865166247, 0.000175573994056, 5.11756041988e-08],
        "max": [5.78377628326, 35.6062927246, 99.1051101685, 166.146972656, 260.025787354, 326.245391846, 492.403778076, 795.038146973, 806.514099121, 815.268005371, 952.713195801, 771.07989502, 1060.97485352, 1124.37524414, 1546.71350098, 1154.2590332, 1489.66357422, 649.570373535, 677.462280273, 702.918151855, 829.611022949, 1124.86157227, 646.246582031, 490.972686768, 501.447265625, 377.898284912, 343.76184082, 515.478637695, 345.763580322, 395.775848389, 254.199951172, 238.822509766, 245.351272583, 96.7596435547, 65.3954086304, 39.7511901855, 11.1011390686, 1.68282675743, 0.158502936363, 0.00209586974233],
        "mean": [0.345339775085, 1.65836203098, 3.26818823814, 4.50150251389, 6.18621444702, 8.95085144043, 10.5895376205, 14.4019765854, 15.0181980133, 19.5202293396, 17.6747989655, 24.3923511505, 24.5724086761, 23.1833362579, 24.3228282928, 21.1745700836, 23.6488895416, 22.7240314484, 22.0306339264, 25.9239997864, 27.6443557739, 28.478553772, 25.3755302429, 24.1078243256, 22.3504505157, 21.5021934509, 19.8490810394, 19.6136665344, 19.1473999023, 17.6613998413, 14.4886655807, 11.4558095932, 8.9006280899, 5.67803859711, 3.21058607101, 1.43265271187, 0.407017916441, 0.0601840652525, 0.0028335028328, 0.000106821833469],
        "median": [0.0291037522256, 0.41390144825, 0.600812613964, 0.886726379395, 1.34670162201, 1.9533367157, 2.68030261993, 3.95263957977, 4.85641002655, 6.5492811203, 6.43677806854, 7.99911689758, 8.69310569763, 8.73334884644, 9.77451229095, 8.44584465027, 9.93809604645, 10.0957050323, 10.5052852631, 13.0702819824, 13.6691942215, 14.8989439011, 13.732711792, 13.4360132217, 12.9780988693, 12.4899902344, 11.7643165588, 11.9207210541, 11.2722606659, 9.63796234131, 7.31860637665, 5.53949451447, 3.90063905716, 2.33180618286, 1.15383255482, 0.439941495657, 0.100513786077, 0.0105713699013, 0.000301309570204, 5.63742578379e-05],
        "min": [4.33686316956e-23, 7.39682786275e-22, 2.46474316459e-21, 9.20006433153e-21, 2.6965889252e-20, 6.87808304909e-20, 4.33853775592e-20, 6.04285875132e-20, 1.25420833863e-19, 2.86952211518e-19, 6.1979686871e-19, 5.60570426659e-19, 7.91534504826e-19, 8.43146542544e-19, 1.16803765135e-18, 1.24893064198e-18, 1.26555935044e-18, 2.72658933784e-18, 3.98906278761e-18, 3.11499137408e-18, 4.2509328667e-18, 3.3931370589e-18, 4.69876390084e-18, 5.78724962813e-18, 7.10148287075e-18, 1.0504083703e-17, 9.79592114574e-18, 1.35572048624e-17, 1.36181407766e-17, 1.22862344066e-17, 1.2234799489e-17, 1.19362939941e-17, 1.09864788927e-17, 8.87172051915e-18, 6.31506199647e-18, 4.78374140594e-18, 2.31582157861e-18, 1.08648663854e-18, 2.44926964455e-19, 2.76004805691e-20],
        "var": [0.400564074516, 8.64269065857, 57.4254875183, 123.317375183, 230.863998413, 395.811004639, 617.852539062, 1139.95861816, 1042.28186035, 1494.69091797, 1261.21875, 2377.32592773, 2488.4206543, 2034.16943359, 2325.87280273, 1650.67553711, 1961.0690918, 1414.81494141, 1132.97119141, 1498.02062988, 1713.64355469, 1840.82592773, 1334.31262207, 1033.02685547, 821.976989746, 760.423706055, 599.918640137, 588.382446289, 579.797851562, 570.475341797, 396.717834473, 265.295837402, 191.123733521, 83.9291000366, 30.526391983, 6.91250324249, 0.659928917885, 0.0176742561162, 6.50830261293e-05, 2.65924082754e-08]
    },
    "gfcc": {
        "mean": [12.1790952682, 41.0904846191, -112.029579163, 37.2795639038, -65.8577957153, 20.1700077057, -40.1529388428, 14.5402679443, -24.8608913422, 7.37504196167, -18.3767490387, 4.66378927231, -11.6332235336],
        "cov": [[15175.6728516, -1124.66589355, 149.740432739, 262.866821289, -186.045654297, 797.08404541, -152.680496216, 550.722839355, -160.596603394, 391.626342773, -176.925094604, 330.0050354, -170.08152771], [-1124.66589355, 2106.32983398, -126.854804993, 120.417823792, 83.8832702637, -258.564208984, 136.483673096, -199.902709961, 82.1193771362, -186.428985596, 92.7359390259, -185.903427124, 103.882522583], [149.740432739, -126.854804993, 1342.80847168, 465.970794678, 447.908294678, 305.446777344, 147.73236084, 122.882591248, 27.3366565704, 84.8286590576, -10.346663475, 89.8036499023, -35.6640586853], [262.866821289, 120.417823792, 465.970794678, 698.481079102, 371.146789551, 233.425567627, 122.720817566, 118.917205811, 114.453392029, 17.9627475739, 37.305065155, 7.18416213989, 14.9005975723], [-186.045654297, 83.8832702637, 447.908294678, 371.146789551, 557.027770996, 277.089935303, 213.751907349, 123.737663269, 141.171966553, 72.7740936279, 45.4054260254, 47.7129592896, 16.9492874146], [797.08404541, -258.564208984, 305.446777344, 233.425567627, 277.089935303, 482.04019165, 194.79473877, 188.971939087, 89.5338516235, 123.695610046, 34.2763824463, 68.6406478882, -6.3837890625], [-152.680496216, 136.483673096, 147.73236084, 122.720817566, 213.751907349, 194.79473877, 325.92678833, 152.049789429, 126.234375, 68.7736816406, 67.972946167, 34.6089668274, 34.9421424866], [550.722839355, -199.902709961, 122.882591248, 118.917205811, 123.737663269, 188.971939087, 152.049789429, 281.830810547, 145.690048218, 119.593643188, 44.7573013306, 72.2595596313, 7.88179445267], [-160.596603394, 82.1193771362, 27.3366565704, 114.453392029, 141.171966553, 89.5338516235, 126.234375, 145.690048218, 252.703399658, 107.856269836, 84.5973052979, 36.3750724792, 38.3610076904], [391.626342773, -186.428985596, 84.8286590576, 17.9627475739, 72.7740936279, 123.695610046, 68.7736816406, 119.593643188, 107.856269836, 199.763595581, 79.088760376, 75.9371337891, 4.43872785568], [-176.925094604, 92.7359390259, -10.346663475, 37.305065155, 45.4054260254, 34.2763824463, 67.972946167, 44.7573013306, 84.5973052979, 79.088760376, 141.846801758, 59.1579208374, 40.5371284485], [330.0050354, -185.903427124, 89.8036499023, 7.18416213989, 47.7129592896, 68.6406478882, 34.6089668274, 72.2595596313, 36.3750724792, 75.9371337891, 59.1579208374, 143.078430176, 43.5644989014], [-170.08152771, 103.882522583, -35.6640586853, 14.9005975723, 16.9492874146, -6.3837890625, 34.9421424866, 7.88179445267, 38.3610076904, 4.43872785568, 40.5371284485, 43.5644989014, 117.747543335]],
        "icov": [[0.000105450752017, -7.99708577688e-05, 6.49262001389e-05, -0.000110899971332, 0.000142422111821, -0.000206365628401, 0.000148963343236, -0.000206080323551, 0.000196729888557, -0.000260568252997, 0.000352578732418, -0.000367370405002, 0.000154740017024], [-7.99708577688e-05, 0.000941379519645, -0.000123334335512, 1.85474673344e-05, -0.000252409401583, 0.000603017688263, -0.00069520121906, 0.000689383945428, -0.000518714718055, 0.000846000330057, -0.00126574793831, 0.00153389410116, -0.000751215382479], [6.49262001389e-05, -0.000123334335512, 0.00133172702044, -0.000682643672917, -0.000543043075595, -0.000163700024132, -6.18723279331e-05, -5.10833961016e-05, 0.000717834103853, -0.000721734773833, 0.000986683298834, -0.00122926279437, 0.000691878725775], [-0.000110899971332, 1.85474673344e-05, -0.000682643672917, 0.00295474217273, -0.00141635735054, -0.000449655315606, 0.00081196881365, -0.000690688088071, -0.000687436258886, 0.00157928571571, -0.00152117479593, 0.00156832614448, -0.000664582301397], [0.000142422111821, -0.000252409401583, -0.000543043075595, -0.00141635735054, 0.00460149766877, -0.00138120178599, -0.00128239730839, 0.000933526607696, -0.00123498716857, -0.000390272412915, 0.00125668128021, -0.00144099595491, 0.00054154737154], [-0.000206365628401, 0.000603017688263, -0.000163700024132, -0.000449655315606, -0.00138120178599, 0.00490105058998, -0.00187816028483, -0.000672470079735, 0.0006727197906, -0.000923382176552, -0.000359716883395, 0.000788826611824, -0.000108245963929], [0.000148963343236, -0.00069520121906, -6.18723279331e-05, 0.00081196881365, -0.00128239730839, -0.00187816028483, 0.00670174509287, -0.00297055998817, -3.71621208615e-05, 0.000447714061011, -0.00118586642202, 0.000454000139143, -0.000764624797739], [-0.000206080323551, 0.000689383945428, -5.10833961016e-05, -0.000690688088071, 0.000933526607696, -0.000672470079735, -0.00297055998817, 0.00903504341841, -0.00394345307723, -0.000933632894885, 0.00124515709467, -0.00164742290508, 0.000772732193582], [0.000196729888557, -0.000518714718055, 0.000717834103853, -0.000687436258886, -0.00123498716857, 0.0006727197906, -3.71621208615e-05, -0.00394345307723, 0.00920270383358, -0.00351860723458, -0.00126299902331, 0.000978810363449, -0.00125738186762], [-0.000260568252997, 0.000846000330057, -0.000721734773833, 0.00157928571571, -0.000390272412915, -0.000923382176552, 0.000447714061011, -0.000933632894885, -0.00351860723458, 0.0118322446942, -0.00557333230972, -0.000427394959843, 0.00117168750148], [0.000352578732418, -0.00126574793831, 0.000986683298834, -0.00152117479593, 0.00125668128021, -0.000359716883395, -0.00118586642202, 0.00124515709467, -0.00126299902331, -0.00557333230972, 0.0152729013935, -0.00662502134219, 1.93415331751e-07], [-0.000367370405002, 0.00153389410116, -0.00122926279437, 0.00156832614448, -0.00144099595491, 0.000788826611824, 0.000454000139143, -0.00164742290508, 0.000978810363449, -0.000427394959843, -0.00662502134219, 0.0159353651106, -0.00614674948156], [0.000154740017024, -0.000751215382479, 0.000691878725775, -0.000664582301397, 0.00054154737154, -0.000108245963929, -0.000764624797739, 0.000772732193582, -0.00125738186762, 0.00117168750148, 1.93415331751e-07, -0.00614674948156, 0.0124036353081]]
    },
    "melbands": {
        "dmean": [0.00132741115522, 0.00143954635132, 0.000811504141893, 0.000516956613865, 0.000382979924325, 0.000288958137389, 0.00018991077377, 0.000165569377714, 0.000127183593577, 0.000128843283164, 0.000102475882159, 7.88664619904e-05, 6.89181251801e-05, 4.79044538224e-05, 4.72157589684e-05, 4.03390404244e-05, 3.41787890648e-05, 2.85829210043e-05, 2.76951977867e-05, 2.85528512904e-05, 2.35999250435e-05, 2.18846580538e-05, 1.73127336893e-05, 1.42473272717e-05, 1.34284518936e-05, 1.16965647976e-05, 1.04547143565e-05, 1.0200568795e-05, 8.42859753902e-06, 7.62156014389e-06, 7.29683233658e-06, 7.18507862985e-06, 6.92734874974e-06, 6.83246071276e-06, 5.53721065444e-06, 4.87209354105e-06, 4.31403987022e-06, 4.02484965889e-06, 3.50600930688e-06, 3.00560736832e-06],
        "dmean2": [0.00166110461578, 0.00208763056435, 0.00133082410321, 0.00084015307948, 0.000651364098303, 0.000489459373057, 0.000315749231959, 0.000267859810265, 0.000210657439311, 0.000213428909774, 0.000169295657543, 0.000130950385937, 0.000114355796541, 7.93883082224e-05, 7.79577167123e-05, 6.71201996738e-05, 5.71438940824e-05, 4.76179484394e-05, 4.62256211904e-05, 4.7667112085e-05, 3.95883107558e-05, 3.64571424143e-05, 2.87691345875e-05, 2.35506104218e-05, 2.20504844037e-05, 1.91763647308e-05, 1.72186664713e-05, 1.71172068804e-05, 1.39104968184e-05, 1.24322214106e-05, 1.17775507533e-05, 1.16594183055e-05, 1.12316192826e-05, 1.11546260086e-05, 8.82354834175e-06, 7.73993360781e-06, 6.94415939506e-06, 6.44824467599e-06, 5.64249012314e-06, 4.74548460261e-06],
        "dvar": [4.9375571507e-06, 8.78251103131e-06, 3.94502876588e-06, 1.24414998481e-06, 8.21145249574e-07, 4.58592126051e-07, 1.75070240971e-07, 1.15774064113e-07, 9.0554870269e-08, 7.47263868561e-08, 4.83699587051e-08, 2.80513638984e-08, 1.99141361179e-08, 1.07116502335e-08, 1.54624526516e-08, 7.52239159851e-09, 4.29025615034e-09, 2.93959945274e-09, 2.82326495515e-09, 2.88517920666e-09, 1.9651580363e-09, 2.02566474705e-09, 1.02317454509e-09, 5.98681104691e-10, 5.46367451282e-10, 3.96509824974e-10, 3.32540051051e-10, 3.14341830343e-10, 2.00075900292e-10, 1.59089741381e-10, 1.46565967696e-10, 1.45176301536e-10, 1.43324005442e-10, 1.56702179011e-10, 9.29265622784e-11, 6.90648649382e-11, 6.10703015935e-11, 5.92014423595e-11, 4.92236529315e-11, 3.35787751771e-11],
        "dvar2": [7.30534384275e-06, 1.94923086383e-05, 9.77153740678e-06, 3.02332955471e-06, 2.14577698898e-06, 1.19259038911e-06, 4.38123436197e-07, 2.79135008441e-07, 2.33029709307e-07, 1.91851810882e-07, 1.21146868537e-07, 7.2332312584e-08, 4.97528773735e-08, 2.77110920877e-08, 3.87268634938e-08, 1.8843387295e-08, 1.08741353699e-08, 7.80431985703e-09, 7.4606525402e-09, 7.30094296131e-09, 5.15757569985e-09, 5.34060573543e-09, 2.71316835665e-09, 1.58838064923e-09, 1.40392941717e-09, 1.00155983507e-09, 8.67131422222e-10, 8.16240797175e-10, 5.23945609121e-10, 4.05252581492e-10, 3.67885333308e-10, 3.75254716189e-10, 3.60429491808e-10, 4.01955912999e-10, 2.22127399807e-10, 1.65806507413e-10, 1.48907594588e-10, 1.41608502702e-10, 1.19911580665e-10, 7.74130690107e-11],
        "max": [0.0396828353405, 0.0375428460538, 0.0301278475672, 0.0184518713504, 0.0154101634398, 0.0154898157343, 0.0106167094782, 0.00995799619704, 0.0101793175563, 0.00515845092013, 0.00552290631458, 0.00429317029193, 0.00461791781709, 0.00343616050668, 0.00508948089555, 0.00296666147187, 0.00141682277899, 0.000944490602706, 0.00134533771779, 0.00168430234771, 0.00111813587137, 0.00139138521627, 0.000713323126547, 0.000525494513568, 0.000427822698839, 0.000457301852293, 0.0002833121398, 0.000268574280199, 0.000255121267401, 0.000221063615754, 0.000276757811662, 0.000306838745018, 0.000316435587592, 0.00017324082728, 0.000146493650391, 0.000135022273753, 0.0001885357633, 0.00018946826458, 0.000172219472006, 8.32985824673e-05],
        "mean": [0.00275449454784, 0.00190771394409, 0.000836557941511, 0.000546770810615, 0.000388842250686, 0.000317721365718, 0.000229081182624, 0.000210239581065, 0.000147106780787, 0.000153789500473, 0.000121058415971, 9.31110334932e-05, 8.10450001154e-05, 5.76869751967e-05, 5.71838609176e-05, 4.9201760703e-05, 4.17354567617e-05, 3.47830755345e-05, 3.47812492691e-05, 3.67047796317e-05, 3.07878945023e-05, 3.01122981909e-05, 2.49036656896e-05, 2.07503981073e-05, 1.94265576283e-05, 1.67628913914e-05, 1.53088567458e-05, 1.41001064549e-05, 1.23417948998e-05, 1.16627361422e-05, 1.11703102448e-05, 1.08377089418e-05, 1.01862624433e-05, 9.70416203927e-06, 8.43367615744e-06, 7.57285533837e-06, 6.75208821121e-06, 6.4395753725e-06, 5.38270933248e-06, 4.61537592855e-06],
        "median": [0.00041864940431, 0.000532220874447, 0.000187381461728, 0.000128670289996, 0.000101003650343, 8.83049578988e-05, 7.44174976717e-05, 6.92024768796e-05, 4.86903154524e-05, 4.91204700666e-05, 4.06555191148e-05, 3.24387401633e-05, 3.10854629788e-05, 2.26540087169e-05, 2.09093341255e-05, 1.90543723875e-05, 1.67912767211e-05, 1.50843261508e-05, 1.55915804498e-05, 1.62485484907e-05, 1.42769968079e-05, 1.49458883243e-05, 1.24737489386e-05, 1.09356442408e-05, 1.03188631329e-05, 9.06555214897e-06, 8.63469267642e-06, 7.7874155977e-06, 6.9103007263e-06, 6.86161183694e-06, 6.55155145068e-06, 6.24351196166e-06, 5.56152917852e-06, 5.0190865295e-06, 4.12635426983e-06, 3.67990855921e-06, 3.13001100949e-06, 2.79475716525e-06, 2.23426422963e-06, 1.84336965958e-06],
        "min": [8.95397063509e-25, 1.35464052531e-24, 3.32348243218e-24, 3.98887477282e-24, 2.36986260209e-24, 1.43326964439e-24, 2.5360442376e-24, 2.95948859987e-24, 4.62487139512e-24, 3.3820127559e-24, 3.70019861873e-24, 3.05753316356e-24, 3.00891053837e-24, 3.52719945007e-24, 3.11905859492e-24, 2.44163316725e-24, 4.73917536813e-24, 5.0229889836e-24, 4.95800932755e-24, 4.68222237179e-24, 4.33367719702e-24, 3.16836358479e-24, 3.43115642372e-24, 4.86408360387e-24, 3.75693625605e-24, 5.43206148347e-24, 4.89845269578e-24, 5.67454115409e-24, 5.77729580902e-24, 5.18623585933e-24, 7.67270728878e-24, 6.75740381337e-24, 6.04763252478e-24, 6.15107979959e-24, 6.08839257332e-24, 5.36207847713e-24, 7.10196247955e-24, 7.32903056909e-24, 9.02056370891e-24, 5.9717945928e-24],
        "var": [2.0509271053e-05, 1.27092553157e-05, 3.70574662156e-06, 1.40008785365e-06, 7.32151704597e-07, 5.06349465468e-07, 2.23258652454e-07, 1.8241694022e-07, 1.02864817109e-07, 9.46067899577e-08, 6.46876046062e-08, 3.54705882444e-08, 2.46250486668e-08, 1.18858469733e-08, 1.78761325742e-08, 9.56675361152e-09, 5.54855983381e-09, 3.26740567935e-09, 3.41422023986e-09, 3.74231845512e-09, 2.38272468422e-09, 2.38119435281e-09, 1.45167344812e-09, 8.59462001568e-10, 7.43120676105e-10, 5.27375643156e-10, 4.15664336284e-10, 3.60904389707e-10, 2.60049481948e-10, 2.13833478702e-10, 2.01038838354e-10, 2.02052874432e-10, 1.8724848061e-10, 1.88554075131e-10, 1.40699313311e-10, 1.14803243301e-10, 9.85351314431e-11, 1.0199438516e-10, 7.72094957413e-11, 5.81648895714e-11]
    },
    "mfcc": {
        "mean": [-626.591186523, 72.1801986694, 7.72635173798, 17.4159564972, 1.39165699482, 4.63496589661, -0.970157206059, 3.96387028694, 1.33237338066, 1.156280756, -0.385949134827, 0.844644904137, 0.270570546389],
        "cov": [[9642.265625, -453.469329834, 40.0352096558, -167.084503174, 90.2356796265, 157.70614624, 135.322998047, 183.964401245, 156.161987305, 142.579101562, 129.475753784, 129.912719727, 62.049495697], [-453.469329834, 1507.77502441, 5.81915283203, 150.993225098, -78.0446014404, -14.6854906082, -1.59383845329, -50.9888038635, -39.7965736389, -17.6964569092, -48.4415969849, -58.7927703857, -24.6526374817], [40.0352096558, 5.81915283203, 776.464416504, 293.38659668, 278.687011719, 188.732177734, 153.738418579, 115.174995422, 72.2751083374, 42.756477356, 49.9212036133, 33.5564918518, 23.2545890808], [-167.084503174, 150.993225098, 293.38659668, 536.403869629, 290.354553223, 150.275527954, 101.845314026, 118.150291443, 86.4650268555, 58.1116638184, 45.5897369385, 34.8390693665, 34.8316726685], [90.2356796265, -78.0446014404, 278.687011719, 290.354553223, 452.828826904, 244.740570068, 133.034103394, 145.270584106, 118.745071411, 85.147895813, 79.5272293091, 66.9347457886, 53.2377586365], [157.70614624, -14.6854906082, 188.732177734, 150.275527954, 244.740570068, 344.183776855, 191.986572266, 133.302810669, 107.482475281, 91.1450195312, 82.2170257568, 56.160697937, 49.3624267578], [135.322998047, -1.59383845329, 153.738418579, 101.845314026, 133.034103394, 191.986572266, 270.147979736, 150.441360474, 98.8124542236, 81.5639343262, 66.889831543, 52.6553192139, 38.187461853], [183.964401245, -50.9888038635, 115.174995422, 118.150291443, 145.270584106, 133.302810669, 150.441360474, 233.733688354, 143.248764038, 92.7760009766, 79.6400527954, 69.6491012573, 53.4567108154], [156.161987305, -39.7965736389, 72.2751083374, 86.4650268555, 118.745071411, 107.482475281, 98.8124542236, 143.248764038, 198.218536377, 126.679946899, 80.3726654053, 61.4079666138, 60.3945236206], [142.579101562, -17.6964569092, 42.756477356, 58.1116638184, 85.147895813, 91.1450195312, 81.5639343262, 92.7760009766, 126.679946899, 174.220291138, 107.488479614, 71.2732009888, 57.7121810913], [129.475753784, -48.4415969849, 49.9212036133, 45.5897369385, 79.5272293091, 82.2170257568, 66.889831543, 79.6400527954, 80.3726654053, 107.488479614, 168.862991333, 106.967292786, 58.9220619202], [129.912719727, -58.7927703857, 33.5564918518, 34.8390693665, 66.9347457886, 56.160697937, 52.6553192139, 69.6491012573, 61.4079666138, 71.2732009888, 106.967292786, 143.006896973, 75.8420410156], [62.049495697, -24.6526374817, 23.2545890808, 34.8316726685, 53.2377586365, 49.3624267578, 38.187461853, 53.4567108154, 60.3945236206, 57.7121810913, 58.9220619202, 75.8420410156, 115.546028137]],
