{
"lowlevel": {
    "average_loudness": 0.86080956459,
    "barkbands_crest": {
        "dmean": 2.39686584473,
        "dmean2": 3.70682239532,
        "dvar": 6.0906124115,
        "dvar2": 14.1764936447,
        "max": 26.326259613,
        "mean": 13.7094564438,
        "median": 13.9735441208,
        "min": 2.35005378723,
        "var": 30.1406955719
    },
    "barkbands_flatness_db": {
        "dmean": 0.0301961693913,
        "dmean2": 0.0441802106798,
        "dvar": 0.00113165017683,
        "dvar2": 0.00245932862163,
        "max": 0.476310402155,
        "mean": 0.180657953024,
        "median": 0.174527138472,
        "min": 0.0307349469513,
        "var": 0.00441364245489
    },
    "barkbands_kurtosis": {
        "dmean": 8.71206760406,
        "dmean2": 12.6526632309,
        "dvar": 475.173248291,
        "dvar2": 933.775878906,
        "max": 423.042175293,
        "mean": 12.6394338608,
        "median": 4.12422561646,
        "min": -1.83621144295,
        "var": 789.192077637
    },
    "barkbands_skewness": {
        "dmean": 0.88802921772,
        "dmean2": 1.300334692,
        "dvar": 1.40759885311,
        "dvar2": 2.86506795883,
        "max": 18.8874568939,
        "mean": 2.58527970314,
        "median": 2.0397207737,
        "min": -2.11778068542,
        "var": 4.87177801132
    },
    "barkbands_spread": {
        "dmean": 7.56860780716,
        "dmean2": 11.9674196243,
        "dvar": 112.123603821,
        "dvar2": 284.839996338,
        "max": 101.23840332,
        "mean": 20.629234314,
        "median": 16.0763549805,
        "min": 0.499304413795,
        "var": 220.727005005
    },
    "dissonance": {
        "dmean": 0.0174782760441,
        "dmean2": 0.0292246360332,
        "dvar": 0.000283005676465,
        "dvar2": 0.000757712579798,
        "max": 0.500000059605,
        "mean": 0.464437603951,
        "median": 0.470260620117,
        "min": 0.31393763423,
        "var": 0.000712497509085
    },
    "dynamic_complexity": 5.43785905838,
    "erbbands_crest": {
        "dmean": 2.75181984901,
        "dmean2": 4.44881534576,
        "dvar": 7.59616708755,
        "dvar2": 18.3677597046,
        "max": 28.9160003662,
        "mean": 9.32612991333,
        "median": 8.16304779053,
        "min": 2.43737792969,
        "var": 23.0042934418
    },
    "erbbands_flatness_db": {
        "dmean": 0.0147956525907,
        "dmean2": 0.0221152696759,
        "dvar": 0.00018874728994,
        "dvar2": 0.000408766936744,
        "max": 0.347002536058,
        "mean": 0.155941203237,
        "median": 0.140771448612,
        "min": 0.056043792516,
        "var": 0.00300230458379
    },
    "erbbands_kurtosis": {
        "dmean": 0.792880773544,
        "dmean2": 1.26240849495,
        "dvar": 0.934529066086,
        "dvar2": 2.27691221237,
        "max": 10.9598379135,
        "mean": 0.248885527253,
        "median": -0.167691707611,
        "min": -1.74488449097,
        "var": 2.29451847076
    },
    "erbbands_skewness": {
        "dmean": 0.381336301565,
        "dmean2": 0.592176198959,
        "dvar": 0.150896206498,
        "dvar2": 0.350704818964,
        "max": 3.09123468399,
        "mean": 0.2232593894,
        "median": 0.226364567876,
        "min": -2.67183232307,
        "var": 0.509624063969
    },
    "erbbands_spread": {
        "dmean": 8.65268707275,
        "dmean2": 13.2596435547,
        "dvar": 107.619148254,
        "dvar2": 252.711669922,
        "max": 146.531494141,
        "mean": 42.1590309143,
        "median": 38.2631149292,
        "min": 5.42598819733,
        "var": 445.54296875
    },
    "hfc": {
        "dmean": 7.12576007843,
        "dmean2": 11.3009147644,
        "dvar": 159.33241272,
        "dvar2": 398.066955566,
        "max": 175.434158325,
        "mean": 21.0159091949,
        "median": 13.5236988068,
        "min": 1.04170573543e-16,
        "var": 456.041625977
    },
    "melbands_crest": {
        "dmean": 3.25986552238,
        "dmean2": 5.1805138588,
        "dvar": 14.0400457382,
        "dvar2": 34.3587493896,
        "max": 38.5181045532,
        "mean": 23.7656612396,
        "median": 24.647108078,
        "min": 1.00163578987,
        "var": 108.654716492
    },
    "melbands_flatness_db": {
        "dmean": 0.0340601578355,
        "dmean2": 0.0501284226775,
        "dvar": 0.00153821904678,
        "dvar2": 0.00344436219893,
        "max": 0.57736325264,
        "mean": 0.238404005766,
        "median": 0.230846270919,
        "min": -2.6748784876e-07,
        "var": 0.00730404444039
    },
    "melbands_kurtosis": {
        "dmean": 26.3406944275,
        "dmean2": 38.4092254639,
        "dvar": 4043.91601562,
        "dvar2": 8035.05810547,
        "max": 1218.43066406,
        "mean": 44.856262207,
        "median": 14.4448890686,
        "min": -1.44202458858,
        "var": 8390.05175781
    },
    "melbands_skewness": {
        "dmean": 1.34003806114,
        "dmean2": 1.97418260574,
        "dvar": 3.47873926163,
        "dvar2": 7.07661485672,
        "max": 29.2578296661,
        "mean": 4.51278018951,
        "median": 3.43718099594,
        "min": -0.361927390099,
        "var": 14.7513246536
    },
    "melbands_spread": {
        "dmean": 6.66569948196,
        "dmean2": 10.6865768433,
        "dvar": 79.0224151611,
        "dvar2": 199.600692749,
        "max": 147.521606445,
        "mean": 18.8256893158,
        "median": 14.0393610001,
        "min": 0.334932744503,
        "var": 286.695526123
    },
    "pitch_salience": {
        "dmean": 0.073589541018,
        "dmean2": 0.113474801183,
        "dvar": 0.00593499746174,
        "dvar2": 0.0128707773983,
        "max": 0.99602329731,
        "mean": 0.3996565938,
        "median": 0.409596383572,
        "min": 0.0278065223247,
        "var": 0.0410405956209
    },
    "silence_rate_20dB": {
        "dmean": 0,
        "dmean2": 0,
        "dvar": 0,
        "dvar2": 0,
        "max": 1,
        "mean": 1,
        "median": 1,
        "min": 1,
        "var": 0
    },
    "silence_rate_30dB": {
        "dmean": 0.0970350429416,
        "dmean2": 0.194113686681,
        "dvar": 0.0876215398312,
        "dvar2": 0.17575494945,
        "max": 1,
        "mean": 0.796317100525,
        "median": 1,
        "min": 0,
        "var": 0.162192732096
    },
    "silence_rate_60dB": {
        "dmean": 0.0166217423975,
        "dmean2": 0.0332509540021,
        "dvar": 0.0163445211947,
        "dvar2": 0.0352872535586,
        "max": 1,
        "mean": 0.180776998401,
        "median": 0,
        "min": 0,
        "var": 0.148097470403
    },
    "spectral_centroid": {
        "dmean": 362.837158203,
        "dmean2": 555.689086914,
        "dvar": 227865.59375,
        "dvar2": 500686.125,
        "max": 11541.0810547,
        "mean": 1798.43432617,
        "median": 1681.73059082,
        "min": 160.91859436,
        "var": 1025057.5625
    },
    "spectral_complexity": {
        "dmean": 3.67115902901,
        "dmean2": 5.92810583115,
        "dvar": 28.9509716034,
        "dvar2": 70.9388427734,
        "max": 54,
        "mean": 14.4839429855,
        "median": 12,
        "min": 0,
        "var": 106.878089905
    },
    "spectral_decrease": {
        "dmean": 5.00251884361e-09,
        "dmean2": 6.74144873258e-09,
        "dvar": 6.08869980322e-17,
        "dvar2": 1.07156040427e-16,
        "max": 2.0586320546e-28,
        "mean": -1.43393519281e-08,
        "median": -8.77722161619e-09,
        "min": -8.42256540068e-08,
        "var": 2.59882201954e-16
    },
    "spectral_energy": {
        "dmean": 0.0190604962409,
        "dmean2": 0.0255839060992,
        "dvar": 0.000866839196533,
        "dvar2": 0.00152158900164,
        "max": 0.321339011192,
        "mean": 0.0560263209045,
        "median": 0.0351959057152,
        "min": 9.98915990078e-21,
        "var": 0.00382793555036
    },
    "spectral_energyband_high": {
        "dmean": 0.000704904727172,
        "dmean2": 0.00115692277905,
        "dvar": 1.89851698451e-06,
        "dvar2": 5.01502427142e-06,
        "max": 0.0187152288854,
        "mean": 0.00134611933026,
        "median": 0.000510715646669,
        "min": 7.08524865636e-21,
        "var": 3.41764985023e-06
    },
    "spectral_energyband_low": {
        "dmean": 0.0175935663283,
        "dmean2": 0.0241370871663,
        "dvar": 0.000910974049475,
        "dvar2": 0.00163327518385,
        "max": 0.316812336445,
        "mean": 0.0436283759773,
        "median": 0.0240410193801,
        "min": 2.89931436891e-23,
        "var": 0.00326090771705
    },
    "spectral_energyband_middle_high": {
        "dmean": 0.00144060479943,
        "dmean2": 0.00226149428636,
        "dvar": 5.33923457624e-06,
        "dvar2": 1.25397900774e-05,
        "max": 0.0416608043015,
        "mean": 0.00405581016093,
        "median": 0.00191173830535,
        "min": 1.21316760291e-21,
        "var": 2.36251762544e-05
    },
    "spectral_energyband_middle_low": {
        "dmean": 0.00518629234284,
        "dmean2": 0.00824785418808,
        "dvar": 0.000158266921062,
        "dvar2": 0.000359328550985,
        "max": 0.125629812479,
        "mean": 0.00763861648738,
        "median": 0.00294193415903,
        "min": 1.93026614712e-22,
        "var": 0.000184413511306
    },
    "spectral_entropy": {
        "dmean": 0.16900922358,
        "dmean2": 0.255458682775,
        "dvar": 0.0398014895618,
        "dvar2": 0.0827044323087,
        "max": 9.81926822662,
        "mean": 7.71523141861,
        "median": 7.76218128204,
        "min": 6.08475542068,
        "var": 0.243868932128
    },
    "spectral_flux": {
        "dmean": 0.0302585251629,
        "dmean2": 0.0428414307535,
        "dvar": 0.0016881354386,
        "dvar2": 0.00317797553726,
        "max": 0.429075211287,
        "mean": 0.0876507386565,
        "median": 0.0602343939245,
        "min": 6.42239039728e-11,
        "var": 0.00719720218331
    },
    "spectral_kurtosis": {
        "dmean": 1.23989248276,
        "dmean2": 2.13047885895,
        "dvar": 3.01556348801,
        "dvar2": 9.66219806671,
        "max": 32.4676170349,
        "mean": 3.35483956337,
        "median": 2.67748785019,
        "min": -1.26377773285,
        "var": 7.64028215408
    },
    "spectral_rms": {
        "dmean": 0.00102159159724,
        "dmean2": 0.00135132297873,
        "dvar": 1.86983606909e-06,
        "dvar2": 3.21250172419e-06,
        "max": 0.0177059732378,
        "mean": 0.0061572692357,
        "median": 0.00585981830955,
        "min": 3.12178191283e-12,
        "var": 1.67479320226e-05
    },
    "spectral_rolloff": {
        "dmean": 487.361572266,
        "dmean2": 844.118103027,
        "dvar": 790617.5,
        "dvar2": 2013533.875,
        "max": 19466.015625,
        "mean": 1217.95214844,
        "median": 710.595703125,
        "min": 43.06640625,
        "var": 4202836
    },
    "spectral_skewness": {
        "dmean": 0.175369977951,
        "dmean2": 0.288035303354,
        "dvar": 0.031583160162,
        "dvar2": 0.0923004448414,
        "max": 3.2618701458,
        "mean": 1.32055532932,
        "median": 1.29462480545,
        "min": -0.0453488342464,
        "var": 0.154469072819
    },
    "spectral_spread": {
        "dmean": 575980.4375,
        "dmean2": 875285.6875,
        "dvar": 945406672896,
        "dvar2": 1.97939167232e+12,
        "max": 42206644,
        "mean": 5399196.5,
        "median": 5242541.5,
        "min": 1409439.75,
        "var": 8.94151583334e+12
    },
    "spectral_strongpeak": {
        "dmean": 0.204732209444,
        "dmean2": 0.329545646906,
        "dvar": 0.180363073945,
        "dvar2": 0.493340581656,
        "max": 7.80693483353,
        "mean": 0.523553669453,
        "median": 0.413930386305,
        "min": 0,
        "var": 0.245367825031
    },
    "zerocrossingrate": {
        "dmean": 0.0101426942274,
        "dmean2": 0.013122160919,
        "dvar": 0.000119472235383,
        "dvar2": 0.000185941767995,
        "max": 0.52294921875,
        "mean": 0.0527193509042,
        "median": 0.04345703125,
        "min": 0.001953125,
        "var": 0.00270030554384
    },
    "barkbands": {
        "dmean": [0.00240635219961, 0.0138026317582, 0.00497459806502, 0.00191618292592, 0.00243814173155, 0.000436818052549, 0.000633659423329, 0.000356438191375, 0.000280077103525, 0.000464730401291, 0.000385830440791, 0.000271499680821, 0.000293987832265, 0.000235918283579, 0.000248862663284, 0.000122358076624, 0.000179137743544, 0.000171092135133, 0.000143186072819, 0.000234535895288, 0.000186830031453, 0.000117904215585, 8.72389791766e-05, 0.000112886860734, 0.000140683187055, 4.16828188463e-05, 2.02795013138e-06],
        "dmean2": [0.00275363097899, 0.0202561412007, 0.00847973488271, 0.00343749416061, 0.00380006036721, 0.000717314716894, 0.00100620952435, 0.000555034959689, 0.000447656027973, 0.000751330051571, 0.000602802669164, 0.000424451020081, 0.000457983085653, 0.000376234587748, 0.000413505622419, 0.000204636802664, 0.000294692930765, 0.000278789404547, 0.000232480480918, 0.000386237486964, 0.000315157027217, 0.000198444220587, 0.000145210098708, 0.000185883283848, 0.000234133345657, 6.73933245707e-05, 3.38542326972e-06],
        "dvar": [1.90047248907e-05, 0.000643115665298, 0.00036334071774, 5.75785270485e-05, 8.77312195371e-05, 1.46224374475e-06, 1.7193548274e-06, 7.48224238123e-07, 3.52167745632e-07, 1.08886558792e-06, 1.2544561514e-06, 4.92146170927e-07, 5.99840689119e-07, 3.59401127525e-07, 2.65180489123e-07, 6.2801234435e-08, 1.51231958512e-07, 1.43237642192e-07, 9.24606595731e-08, 2.31878246382e-07, 1.75455866724e-07, 7.13495538207e-08, 2.61754653508e-08, 5.09136945936e-08, 1.05972674191e-07, 6.69368427353e-09, 1.83840252049e-11],
        "dvar2": [2.26067440963e-05, 0.0013573524775, 0.000923737068661, 0.00015815946972, 0.000179135036888, 4.07615243603e-06, 4.18925128542e-06, 1.85589135526e-06, 9.07899732283e-07, 2.63310153059e-06, 2.91248443318e-06, 1.06385300569e-06, 1.38627774504e-06, 7.62557363032e-07, 6.79351160215e-07, 1.60942576599e-07, 3.78134899393e-07, 3.48202064515e-07, 2.14464321857e-07, 5.55101621558e-07, 4.76700904528e-07, 1.97694888016e-07, 6.74392381939e-08, 1.341196878e-07, 2.85099758912e-07, 1.70025415969e-08, 4.86503580477e-11],
        "max": [0.0610325932503, 0.267800062895, 0.150753825903, 0.0937951505184, 0.121200375259, 0.0175193548203, 0.0276874359697, 0.0265903137624, 0.0140995476395, 0.0360227748752, 0.0206751823425, 0.0150372637436, 0.0155883682892, 0.0237020924687, 0.00774580053985, 0.00541558256373, 0.00579420011491, 0.00753747392446, 0.00499781267717, 0.0071849799715, 0.00719226151705, 0.00332911172882, 0.0017997645773, 0.00338537804782, 0.003389936639, 0.00115145312157, 5.66967319173e-05],
        "mean": [0.00798881333321, 0.0314494855702, 0.00376250315458, 0.00137462595012, 0.00252429023385, 0.000813836290035, 0.00126075849403, 0.000715743226465, 0.000487898098072, 0.000795090745669, 0.000693840149324, 0.000402914418373, 0.000480621820316, 0.000453424581792, 0.000360726378858, 0.000182404648513, 0.000252515339525, 0.000266425689915, 0.000247327814577, 0.000386704719858, 0.000310968316626, 0.000202713548788, 0.000160635667271, 0.000188740479643, 0.000192839055671, 6.8301698775e-05, 2.16170360545e-06],
        "median": [0.00266645313241, 0.0166220553219, 7.97313405201e-05, 5.99656814302e-05, 0.000237653468503, 0.000159952265676, 0.000316481629852, 0.000128607149236, 0.000159185801749, 0.000286396563752, 0.000166893092683, 8.42990266392e-05, 0.000102790188976, 7.32500484446e-05, 0.000117881339975, 6.11305440543e-05, 8.62229062477e-05, 7.62604977353e-05, 7.4957140896e-05, 0.000147288839798, 0.000112005065603, 4.75248452858e-05, 3.63042054232e-05, 5.63333123864e-05, 5.89323790336e-05, 2.52162244578e-05, 5.11295255023e-08],
        "min": [1.44215152793e-24, 9.61367903569e-24, 1.24637321176e-24, 2.29272245797e-24, 9.42073785777e-24, 9.93275433919e-24, 6.23218022267e-24, 1.40633294354e-23, 1.94669887708e-23, 3.46602226135e-23, 1.14492621211e-23, 3.51994973946e-23, 3.32586092669e-23, 3.70686465115e-23, 6.17272424956e-23, 7.48135929435e-23, 7.86623695694e-23, 1.01417352681e-22, 1.6871197786e-22, 1.71533727007e-22, 3.06532516081e-22, 3.34570071535e-22, 4.45239759204e-22, 5.61205240523e-22, 9.56531889609e-22, 1.29350065365e-21, 2.04510066696e-21],
        "var": [0.000150167936226, 0.00194763205945, 0.000272467295872, 3.71080604964e-05, 9.81394623523e-05, 2.8517181363e-06, 5.84626741329e-06, 3.22888217852e-06, 1.04317678051e-06, 3.90652121496e-06, 2.81473467112e-06, 1.04295452275e-06, 1.62136723247e-06, 2.35305310525e-06, 4.13079703776e-07, 1.19062050885e-07, 2.17472162944e-07, 2.83360037656e-07, 2.40516840222e-07, 4.05631254807e-07, 2.40313084987e-07, 1.15846475524e-07, 6.7139083626e-08, 8.59949267351e-08, 1.15054490379e-07, 1.13059410722e-08, 2.14120145225e-11]
    },
    "erbbands": {
        "dmean": [0.694667458534, 2.12908482552, 5.16767930984, 6.02719306946, 6.43139696121, 11.3417243958, 3.62090301514, 3.597666502, 8.26767921448, 7.25430297852, 8.66994094849, 6.13043212891, 15.584733963, 14.6336803436, 11.8783187866, 12.492805481, 13.0107154846, 13.597486496, 9.17172813416, 9.61744308472, 8.50553321838, 7.44433879852, 9.29633045197, 7.55633354187, 8.82827377319, 9.99716186523, 9.39270782471, 6.1829957962, 4.56484508514, 2.97755861282, 2.40050029755, 2.31766414642, 2.19802880287, 1.95595908165, 0.667126715183, 0.229694485664, 0.0698391646147, 0.0112672606483, 0.000227187309065, 2.4190348995e-05],
        "dmean2": [0.94061255455, 3.27203702927, 8.41529846191, 10.0615663528, 10.9231424332, 17.766084671, 5.59688329697, 5.95790815353, 13.1471338272, 11.409286499, 13.3446989059, 9.68637752533, 25.5638942719, 23.1663532257, 20.1136112213, 19.00050354, 20.097486496, 21.3770008087, 14.7579040527, 15.722784996, 14.059879303, 12.1674795151, 15.1748886108, 12.1200551987, 14.6536436081, 16.3806591034, 15.5645694733, 10.5615873337, 7.65988397598, 4.92947673798, 3.97649884224, 3.90313577652, 3.62643098831, 3.30038452148, 1.07920062542, 0.373028695583, 0.113760508597, 0.0180925540626, 0.000361622980563, 3.33713469445e-05],
        "dvar": [1.67647993565, 22.9442081451, 352.408569336, 475.229553223, 392.56854248, 2709.00878906, 153.666397095, 108.058700562, 315.046508789, 229.214355469, 501.353668213, 148.421615601, 1529.12719727, 1025.63293457, 3132.08007812, 1060.70581055, 1155.32250977, 1013.33050537, 314.838195801, 413.958282471, 326.455474854, 231.859176636, 452.088500977, 279.462921143, 333.54083252, 426.014831543, 395.854003906, 202.098083496, 108.193954468, 35.1267471313, 19.7468719482, 20.0363426208, 21.3188171387, 20.4597415924, 1.9616445303, 0.199090585113, 0.0203117616475, 0.000485115946503, 1.96232974758e-07, 1.1606846595e-09],
        "dvar2": [2.88252520561, 53.9120864868, 843.866516113, 1198.1060791, 1002.97192383, 6060.59472656, 370.285736084, 297.64151001, 785.122192383, 553.317932129, 1233.19677734, 365.939544678, 4047.44506836, 2125.2043457, 8680.02832031, 2255.3034668, 2687.13598633, 2161.02954102, 787.378173828, 1047.5489502, 812.66015625, 576.705810547, 1088.87390137, 636.33795166, 842.75378418, 1011.77215576, 1044.03540039, 545.773498535, 292.396942139, 94.5184631348, 50.1709671021, 54.6806106567, 55.3559646606, 54.7605895996, 5.15233564377, 0.501361727715, 0.0529514811933, 0.00123877124861, 5.01205363435e-07, 2.20338236545e-09],
        "max": [16.5863761902, 40.8675346375, 152.627731323, 181.569351196, 212.460327148, 661.397216797, 277.081939697, 203.636230469, 417.484771729, 346.821411133, 717.139709473, 315.627197266, 947.44354248, 1305.14331055, 925.057922363, 764.043457031, 678.887023926, 1277.99267578, 284.492279053, 338.496765137, 355.661499023, 336.445739746, 380.787780762, 357.884063721, 217.11579895, 313.001525879, 332.661346436, 191.091171265, 125.367919922, 73.9207611084, 51.9341316223, 73.0395507812, 55.4855575562, 50.0774383545, 13.2527666092, 7.39173412323, 1.86748301983, 0.235073447227, 0.00475890003145, 0.000408196792705],
        "mean": [1.82622158527, 3.38116979599, 4.35909891129, 4.81936979294, 5.46297502518, 11.1428546906, 5.99554252625, 6.42139053345, 16.8061790466, 14.3942565918, 18.2696666718, 12.0772485733, 24.4774208069, 31.1037635803, 16.2352809906, 19.4149131775, 22.2466926575, 27.7984848022, 16.9579238892, 15.0902748108, 13.1778411865, 11.6419773102, 14.7062063217, 13.1080274582, 14.4947681427, 16.7991828918, 15.6495866776, 10.1580724716, 7.74584388733, 5.53020143509, 4.49737071991, 3.94634103775, 3.31870675087, 2.59586215019, 1.01676392555, 0.37008357048, 0.111056804657, 0.0169635750353, 0.00036783752148, 7.75472872192e-05],
        "median": [1.09230732918, 1.09730565548, 0.274487107992, 0.227568864822, 0.445020109415, 0.887340784073, 0.852722525597, 1.59031319618, 4.22672891617, 4.78221178055, 3.20523810387, 4.59993362427, 8.04597568512, 9.15699195862, 5.06175041199, 4.73086929321, 5.96299648285, 6.44800519943, 5.46287488937, 5.59702587128, 5.03234100342, 4.30468082428, 4.12941169739, 4.46608924866, 4.95397424698, 6.45811080933, 5.7675447464, 3.4918513298, 1.88299238682, 1.29736638069, 1.03114724159, 1.01810956001, 0.995672106743, 0.787487745285, 0.335885465145, 0.134952709079, 0.0382968522608, 0.00377540057525, 0.00012287402933, 5.31511832378e-05],
        "min": [2.65535907086e-22, 2.3554709093e-21, 1.85452156578e-21, 8.1789761044e-21, 1.87482085266e-20, 3.586357868e-20, 5.15944536675e-20, 1.20880555803e-19, 1.21013085647e-19, 1.59526110904e-19, 3.00560237324e-19, 5.24080749803e-19, 7.91539261114e-19, 1.07877204196e-18, 1.45423004578e-18, 1.39130817434e-18, 1.78101250306e-18, 1.87241079086e-18, 2.84570065771e-18, 3.65171413198e-18, 5.36880666679e-18, 4.55737681387e-18, 5.29066125996e-18, 5.72990905448e-18, 7.36878545852e-18, 8.07276661782e-18, 7.86248572558e-18, 1.0629480148e-17, 1.16246925758e-17, 1.1196439666e-17, 1.03962044619e-17, 9.23739556126e-18, 1.04629265045e-17, 8.54800173206e-18, 6.92709541324e-18, 3.95757036732e-18, 2.37381355699e-18, 1.09454865098e-18, 2.55021850802e-19, 2.60495863908e-20],
        "var": [7.26360845566, 32.7618713379, 300.783447266, 371.556121826, 312.070465088, 2622.32739258, 287.698364258, 182.389984131, 1142.02307129, 584.198303223, 2276.49243164, 505.245239258, 3400.98095703, 5424.53710938, 2435.87573242, 2369.4465332, 3020.07177734, 6932.10839844, 819.251708984, 667.594116211, 528.816162109, 411.926116943, 900.198303223, 675.994018555, 634.339233398, 808.432678223, 575.883056641, 270.041778564, 188.511566162, 79.6043395996, 53.2832183838, 38.3958473206, 29.4937934875, 21.4310340881, 2.69833087921, 0.337169021368, 0.0308225043118, 0.000803089467809, 3.36493513942e-07, 6.25152996037e-09]
    },
    "gfcc": {
        "mean": [-49.0303382874, 67.3079147339, -122.550262451, 33.100315094, -54.4712677002, 24.3745346069, -21.8335266113, 21.2874546051, -16.6150131226, 14.1327238083, -10.1319093704, 1.68419456482, -4.65787649155],
        "cov": [[32944.1953125, -478.199676514, 2564.71704102, 2203.50952148, -155.173019409, 1645.78210449, -458.576599121, 1240.8939209, -108.927436829, 1581.51379395, 455.680511475, 967.825256348, 162.404037476], [-478.199676514, 2057.77587891, -937.479431152, -332.906402588, -238.964538574, -746.65826416, -377.581848145, -758.290161133, -241.030639648, -555.100219727, -115.660644531, -337.301300049, -77.1292266846], [2564.71704102, -937.479431152, 1580.18786621, 480.924133301, 333.884063721, 609.993835449, 186.021865845, 495.066375732, 141.1378479, 431.895568848, 148.970916748, 279.841125488, 85.5412521362], [2203.50952148, -332.906402588, 480.924133301, 442.284332275, 102.82333374, 232.085952759, 73.1154403687, 185.773681641, 36.66929245, 141.403182983, 33.8070487976, 91.4977340698, 13.6361074448], [-155.173019409, -238.964538574, 333.884063721, 102.82333374, 461.015319824, 346.000579834, 336.974975586, 271.561035156, 116.656272888, 145.925430298, 66.9557876587, 50.2488746643, 37.5218315125], [1645.78210449, -746.65826416, 609.993835449, 232.085952759, 346.000579834, 664.032531738, 392.989013672, 500.426208496, 170.629333496, 363.612731934, 114.177070618, 148.492034912, 66.7227706909], [-458.576599121, -377.581848145, 186.021865845, 73.1154403687, 336.974975586, 392.989013672, 530.781616211, 414.580474854, 221.65171814, 203.84564209, 86.0593261719, 41.6944923401, 36.9608383179], [1240.8939209, -758.290161133, 495.066375732, 185.773681641, 271.561035156, 500.426208496, 414.580474854, 641.066589355, 251.528701782, 379.903076172, 131.636322021, 152.594451904, 51.1911048889], [-108.927436829, -241.030639648, 141.1378479, 36.66929245, 116.656272888, 170.629333496, 221.65171814, 251.528701782, 215.628585815, 182.247329712, 84.4981536865, 48.6530952454, 18.7323665619], [1581.51379395, -555.100219727, 431.895568848, 141.403182983, 145.925430298, 363.612731934, 203.84564209, 379.903076172, 182.247329712, 407.549499512, 174.63772583, 167.872940063, 49.8163833618], [455.680511475, -115.660644531, 148.970916748, 33.8070487976, 66.9557876587, 114.177070618, 86.0593261719, 131.636322021, 84.4981536865, 174.63772583, 169.588378906, 109.205627441, 42.0864715576], [967.825256348, -337.301300049, 279.841125488, 91.4977340698, 50.2488746643, 148.492034912, 41.6944923401, 152.594451904, 48.6530952454, 167.872940063, 109.205627441, 215.7421875, 77.3526916504], [162.404037476, -77.1292266846, 85.5412521362, 13.6361074448, 37.5218315125, 66.7227706909, 36.9608383179, 51.1911048889, 18.7323665619, 49.8163833618, 42.0864715576, 77.3526916504, 113.008155823]],
        "icov": [[0.000202071198146, -0.000668292981572, 0.000154026420205, -0.000804494484328, 0.000418385316152, -0.000757724570576, 0.000621073821094, -0.000659469456878, 0.000640645215753, -0.00106818554923, 0.000846900977194, -0.000887003028765, 0.000294458935969], [-0.000668292981572, 0.00354144489393, -0.000352342700353, 0.00253652757965, -0.00187068548985, 0.003174492158, -0.00198056432419, 0.00293954648077, -0.00217807921581, 0.00420827046037, -0.00440517999232, 0.00445555057377, -0.00150211621076], [0.000154026420205, -0.000352342700353, 0.00169719592668, -0.00152619648725, -0.000527365889866, -0.00130740401801, 0.00169135071337, -0.000752007006668, 0.000134431989864, -0.00100892118644, 0.000691164168529, -0.00122686021496, 0.000176971399924], [-0.000804494484328, 0.00253652757965, -0.00152619648725, 0.00676159281284, -0.00141053367406, 0.0024065990001, -0.00244652316906, 0.00227669114247, -0.00218656589277, 0.00436993734911, -0.00289832497947, 0.00294523220509, -0.00045750424033], [0.000418385316152, -0.00187068548985, -0.000527365889866, -0.00141053367406, 0.00626438949257, -0.00325846555643, -0.00176308210939, -0.000963805185165, 0.00182255392428, -0.00128388672601, 0.00123691314366, -0.00201286491938, 0.000729509512894], [-0.000757724570576, 0.003174492158, -0.00130740401801, 0.0024065990001, -0.00325846555643, 0.0106008695439, -0.00533609371632, 0.00139234645758, 0.00100860767998, -0.000290509022307, -0.00171182060149, 0.00428803218529, -0.00244450406171], [0.000621073821094, -0.00198056432419, 0.00169135071337, -0.00244652316906, -0.00176308210939, -0.00533609371632, 0.0108578903601, -0.00505175348371, -0.00275526824407, 3.48123030562e-05, 0.000866506714374, -0.00145324144978, 0.000357142591383], [-0.000659469456878, 0.00293954648077, -0.000752007006668, 0.00227669114247, -0.000963805185165, 0.00139234645758, -0.00505175348371, 0.0099780112505, -0.00439111376181, 0.000690366898198, -0.00154443841893, 0.00221225107089, -0.000636743789073], [0.000640645215753, -0.00217807921581, 0.000134431989864, -0.00218656589277, 0.00182255392428, 0.00100860767998, -0.00275526824407, -0.00439111376181, 0.0153356138617, -0.00813684891909, 0.00197456101887, -0.0013847843511, 0.000701813958585], [-0.00106818554923, 0.00420827046037, -0.00100892118644, 0.00436993734911, -0.00128388672601, -0.000290509022307, 3.48123030562e-05, 0.000690366898198, -0.00813684891909, 0.0192573256791, -0.0124201579019, 0.0041169822216, -0.000415397022152], [0.000846900977194, -0.00440517999232, 0.000691164168529, -0.00289832497947, 0.00123691314366, -0.00171182060149, 0.000866506714374, -0.00154443841893, 0.00197456101887, -0.0124201579019, 0.0198214761913, -0.00972698722035, 0.00104296172503], [-0.000887003028765, 0.00445555057377, -0.00122686021496, 0.00294523220509, -0.00201286491938, 0.00428803218529, -0.00145324144978, 0.00221225107089, -0.0013847843511, 0.0041169822216, -0.00972698722035, 0.0166479796171, -0.00685941847041], [0.000294458935969, -0.00150211621076, 0.000176971399924, -0.00045750424033, 0.000729509512894, -0.00244450406171, 0.000357142591383, -0.000636743789073, 0.000701813958585, -0.000415397022152, 0.00104296172503, -0.00685941847041, 0.0130680445582]]
    },
    "melbands": {
        "dmean": [0.00464469287544, 0.00250187306665, 0.000967378786299, 0.000672406808008, 0.000185859389603, 8.37370025693e-05, 0.000132086483063, 7.4133691669e-05, 7.15184723958e-05, 3.9802842366e-05, 7.69807811594e-05, 5.7143963204e-05, 4.17034061684e-05, 3.5347409721e-05, 2.03640174732e-05, 3.7089419493e-05, 2.73091045528e-05, 1.30831549541e-05, 2.05406995519e-05, 9.51078891376e-06, 1.20563927339e-05, 8.85533245309e-06, 8.96839992492e-06, 7.64386277297e-06, 6.40992448098e-06, 5.52048686586e-06, 7.90575086285e-06, 7.12613473297e-06, 6.57386181047e-06, 5.13614349984e-06, 3.61201250598e-06, 3.01494037558e-06, 1.86317959106e-06, 1.6792655515e-06, 1.44599539453e-06, 1.53953396875e-06, 1.44802822888e-06, 1.34160495691e-06, 2.12650252251e-06, 1.5712170125e-06],
        "dmean2": [0.00648607406765, 0.00383425061591, 0.00156593229622, 0.00107249291614, 0.000295267847832, 0.000138132658321, 0.000209617748624, 0.000116950992378, 0.000109618958959, 6.35540054645e-05, 0.000126202139654, 9.09496302484e-05, 6.75925475662e-05, 5.62718050787e-05, 3.13418495352e-05, 5.73859688302e-05, 4.35996116721e-05, 2.10865182453e-05, 3.45569424098e-05, 1.55988072947e-05, 1.99538117158e-05, 1.45064277604e-05, 1.45645390148e-05, 1.26174509205e-05, 1.03236980067e-05, 9.13447638595e-06, 1.34156407512e-05, 1.16339297165e-05, 1.09224256448e-05, 8.67218204803e-06, 6.30722843198e-06, 5.11215830556e-06, 3.13430291499e-06, 2.80084509541e-06, 2.39256269197e-06, 2.61384388978e-06, 2.44952752837e-06, 2.20393781092e-06, 3.59999717148e-06, 2.67379027719e-06],
        "dvar": [7.00878154021e-05, 5.58914471185e-05, 1.11011986519e-05, 6.55680378259e-06, 5.25740688317e-07, 5.53332704101e-08, 7.51850208758e-08, 2.30924648292e-08, 3.25287530245e-08, 6.58538290566e-09, 3.72412714e-08, 1.65783600181e-08, 2.60297259302e-08, 9.86885595466e-09, 1.95422411586e-09, 1.09369615586e-08, 5.0821866715e-09, 6.39158115323e-10, 2.14285256206e-09, 4.29105917465e-10, 7.80071396367e-10, 3.5561564804e-10, 4.5011197547e-10, 2.81164702631e-10, 2.14454662362e-10, 1.28714303105e-10, 3.07440878311e-10, 2.49095827298e-10, 1.86928819645e-10, 1.29466520837e-10, 7.69600008721e-11, 5.27314789056e-11, 1.3814736681e-11, 1.16670405975e-11, 8.06244654372e-12, 7.47172549526e-12, 8.05471574855e-12, 7.15171888724e-12, 2.5305986473e-11, 1.30504157828e-11],
        "dvar2": [0.000130098735099, 0.000121271092212, 2.63440888375e-05, 1.39395606311e-05, 1.17653814868e-06, 1.52416276933e-07, 1.86140965752e-07, 5.66670337321e-08, 7.83970648399e-08, 1.7104143879e-08, 9.8601759646e-08, 3.48943984818e-08, 6.80378207107e-08, 2.37976625073e-08, 4.08777589556e-09, 2.60608263858e-08, 1.07671604965e-08, 1.53731816166e-09, 5.45448530787e-09, 1.09670550419e-09, 1.95307325868e-09, 8.80339079412e-10, 1.05491027025e-09, 7.28845150899e-10, 4.75682937484e-10, 3.2231856073e-10, 7.96139321135e-10, 5.56073187497e-10, 4.72970773657e-10, 3.48745698986e-10, 2.11320183574e-10, 1.45447057176e-10, 3.67635991094e-11, 3.14647960464e-11, 2.08830418236e-11, 1.99933021527e-11, 2.22576106851e-11, 1.85553013926e-11, 6.72632297083e-11, 3.50785615832e-11],
        "max": [0.103689230978, 0.0600862763822, 0.0344533398747, 0.033359516412, 0.00889186281711, 0.00397767173126, 0.00637955404818, 0.00362572749145, 0.00553729105741, 0.0019133486785, 0.00468919565901, 0.00582764437422, 0.00279997987673, 0.00173741835169, 0.00143948849291, 0.00207967287861, 0.00293159857392, 0.000363980681868, 0.000655631069094, 0.000437027279986, 0.000359451834811, 0.000476917310152, 0.00052544218488, 0.000280743697658, 0.000313307769829, 0.000171360414242, 0.00031192204915, 0.000297112826956, 0.00016714517551, 0.000192065199371, 0.000115341885248, 0.000103090271296, 4.8865313147e-05, 5.01143476868e-05, 3.44967775163e-05, 3.28250753228e-05, 4.58999711554e-05, 3.99992713938e-05, 4.93368934258e-05, 4.0786628233e-05],
        "mean": [0.012006576173, 0.00284293130971, 0.00083248084411, 0.0006431263173, 0.000253250182141, 0.000148717575939, 0.000270561809884, 0.000147628423292, 0.000144055549754, 7.38959861337e-05, 0.000117799514555, 0.000118030431622, 6.35531177977e-05, 4.98676708958e-05, 3.30849579768e-05, 5.885266728e-05, 5.26291951246e-05, 2.41028865275e-05, 2.85844398604e-05, 1.44039067891e-05, 1.6569158106e-05, 1.28025785671e-05, 1.28963338284e-05, 1.20249515021e-05, 1.04218033812e-05, 8.80732568476e-06, 1.17860490718e-05, 1.14560298243e-05, 1.02103385871e-05, 8.3096238086e-06, 5.22585332874e-06, 4.6034024308e-06, 3.40298561241e-06, 2.89696959044e-06, 2.58793011199e-06, 2.50897574006e-06, 2.32024694924e-06, 2.14174383473e-06, 2.63420383817e-06, 2.06536583391e-06],
        "median": [0.00702859647572, 0.000466601777589, 4.11968067056e-05, 4.61620693386e-05, 3.3590462408e-05, 3.23851381836e-05, 6.96063507348e-05, 4.67295503768e-05, 2.07050652534e-05, 2.78741681541e-05, 3.41719751304e-05, 3.30224174832e-05, 1.69816885318e-05, 1.07491523522e-05, 9.87951352727e-06, 1.12378093036e-05, 9.27368182602e-06, 6.75853925713e-06, 9.30317764869e-06, 4.55276676803e-06, 5.76923139306e-06, 4.51710502603e-06, 3.53371137862e-06, 3.26854569721e-06, 3.32788386004e-06, 2.67233895102e-06, 4.29296778748e-06, 3.78241566068e-06, 3.56328041562e-06, 2.77489152722e-06, 1.41389023156e-06, 1.11373196887e-06, 6.70815779813e-07, 6.25692905487e-07, 5.20179241903e-07, 6.22051175014e-07, 5.98537326368e-07, 6.18827812104e-07, 7.26278926777e-07, 6.3574611886e-07],
        "min": [2.92754703018e-24, 2.04284958295e-24, 1.71454579015e-24, 2.15029796027e-24, 1.89556885751e-24, 3.08515078942e-24, 1.74681947029e-24, 1.60648722892e-24, 1.92983579194e-24, 2.97700249526e-24, 3.6947854552e-24, 4.45944410785e-24, 4.56868635487e-24, 2.55227130364e-24, 3.4926678528e-24, 4.19603911286e-24, 3.06627867277e-24, 3.62204735214e-24, 4.57034414606e-24, 4.76275442059e-24, 5.90861708948e-24, 3.85869102978e-24, 5.05354314418e-24, 5.22567101598e-24, 3.37130396911e-24, 3.93742644787e-24, 5.04116512772e-24, 5.00161400851e-24, 3.99029630017e-24, 6.09770862618e-24, 5.45756653983e-24, 6.41862355332e-24, 5.90407956155e-24, 6.10059270165e-24, 5.49468717859e-24, 6.38872059741e-24, 5.01436239517e-24, 6.44053061508e-24, 8.35495048722e-24, 6.64231058502e-24],
        "var": [0.0002883678535, 6.08987538726e-05, 9.68903714238e-06, 6.88291038387e-06, 6.27046063073e-07, 9.71897193836e-08, 2.75725739129e-07, 6.10498318565e-08, 1.40320878472e-07, 2.10533244172e-08, 8.33979996173e-08, 9.02043879591e-08, 2.95262321259e-08, 1.58169033426e-08, 5.09720399222e-09, 2.77814784511e-08, 3.47895330322e-08, 1.99470906459e-09, 3.05028846626e-09, 7.73865083126e-10, 1.0155980501e-09, 5.85948400911e-10, 8.49385561885e-10, 5.10331277237e-10, 5.13671383207e-10, 2.40952813257e-10, 4.34946745287e-10, 5.00185115548e-10, 2.71436984001e-10, 1.98268415574e-10, 8.77151962175e-11, 7.20047355074e-11, 3.31976460211e-11, 2.33177400999e-11, 1.92808026489e-11, 1.58172121234e-11, 1.38911026779e-11, 1.15157597e-11, 2.54163547847e-11, 1.34730152382e-11]
    },
    "mfcc": {
        "mean": [-678.795959473, 94.1506881714, -3.29924893379, 18.189743042, -0.511233687401, 8.06690406799, 10.7361078262, 5.83754301071, 10.9237127304, 10.3718967438, 5.65670013428, 6.78795909882, 4.90517187119],
        "cov": [[15157.5810547, 419.097503662, 1541.65307617, 887.225952148, 835.066101074, 603.640441895, 695.511169434, 243.231491089, 459.926605225, 460.655609131, 338.874908447, 555.83605957, 428.477722168], [419.097503662, 1838.92138672, -532.59161377, 63.2091178894, -220.398834229, -147.494949341, -365.283203125, -298.213684082, -384.592315674, -341.892364502, -282.460144043, -240.399871826, -145.326644897], [1541.65307617, -532.59161377, 866.100280762, 175.725448608, 301.87197876, 180.023620605, 232.887939453, 127.633720398, 185.643692017, 162.954681396, 139.336761475, 166.532150269, 104.000396729], [887.225952148, 63.2091178894, 175.725448608, 283.797729492, 81.3579177856, 44.6732711792, 6.14476060867, 22.4173183441, -13.2276964188, -4.28710269928, 0.0836883112788, -12.3559150696, 4.22715425491], [835.066101074, -220.398834229, 301.87197876, 81.3579177856, 280.021575928, 133.791519165, 190.220108032, 88.9205551147, 113.086616516, 98.2959213257, 60.4622573853, 84.145111084, 64.7006607056], [603.640441895, -147.494949341, 180.023620605, 44.6732711792, 133.791519165, 229.299865723, 183.720245361, 100.059371948, 117.160179138, 108.017868042, 65.0450439453, 75.706489563, 46.5506095886], [695.511169434, -365.283203125, 232.887939453, 6.14476060867, 190.220108032, 183.720245361, 440.955230713, 234.619812012, 300.940216064, 262.842834473, 185.834991455, 208.683425903, 130.994827271], [243.231491089, -298.213684082, 127.633720398, 22.4173183441, 88.9205551147, 100.059371948, 234.619812012, 246.399124146, 224.067199707, 176.274261475, 127.283218384, 111.492546082, 78.2051849365], [459.926605225, -384.592315674, 185.643692017, -13.2276964188, 113.086616516, 117.160179138, 300.940216064, 224.067199707, 358.832000732, 290.494567871, 187.936264038, 185.305740356, 111.623100281], [460.655609131, -341.892364502, 162.954681396, -4.28710269928, 98.2959213257, 108.017868042, 262.842834473, 176.274261475, 290.494567871, 325.299194336, 220.712814331, 173.724349976, 101.767730713], [338.874908447, -282.460144043, 139.336761475, 0.0836883112788, 60.4622573853, 65.0450439453, 185.834991455, 127.283218384, 187.936264038, 220.712814331, 250.941314697, 184.041183472, 109.87285614], [555.83605957, -240.399871826, 166.532150269, -12.3559150696, 84.145111084, 75.706489563, 208.683425903, 111.492546082, 185.305740356, 173.724349976, 184.041183472, 264.539428711, 173.199737549], [428.477722168, -145.326644897, 104.000396729, 4.22715425491, 64.7006607056, 46.5506095886, 130.994827271, 78.2051849365, 111.623100281, 101.767730713, 109.87285614, 173.199737549, 205.199783325]],
