{
"lowlevel": {
    "average_loudness": 0.667402327061,
    "barkbands_crest": {
        "dmean": 3.13271331787,
        "dmean2": 4.82162332535,
        "dvar": 10.5906124115,
        "dvar2": 24.4504508972,
        "max": 26.6887207031,
        "mean": 11.9292001724,
        "median": 11.0748434067,
        "min": 1.91238033772,
        "var": 34.7201957703
    },
    "barkbands_flatness_db": {
        "dmean": 0.0288814976811,
        "dmean2": 0.0421092547476,
        "dvar": 0.00110425311141,
        "dvar2": 0.00247102882713,
        "max": 0.431868433952,
        "mean": 0.115235716105,
        "median": 0.10459330678,
        "min": 0.0141824064776,
        "var": 0.00328731234185
    },
    "barkbands_kurtosis": {
        "dmean": 5.23563480377,
        "dmean2": 8.20144844055,
        "dvar": 292.296173096,
        "dvar2": 769.686584473,
        "max": 444.547637939,
        "mean": 5.62724685669,
        "median": 0.807832241058,
        "min": -1.90416204929,
        "var": 298.778533936
    },
    "barkbands_skewness": {
        "dmean": 0.835703253746,
        "dmean2": 1.20860266685,
        "dvar": 1.33200776577,
        "dvar2": 3.06489682198,
        "max": 19.9666576385,
        "mean": 1.6929974556,
        "median": 1.3607711792,
        "min": -6.60210514069,
        "var": 3.34209370613
    },
    "barkbands_spread": {
        "dmean": 11.0487346649,
        "dmean2": 17.0768585205,
        "dvar": 159.180847168,
        "dvar2": 379.650726318,
        "max": 106.808532715,
        "mean": 38.2569847107,
        "median": 36.4517974854,
        "min": 0.623220026493,
        "var": 426.503479004
    },
    "dissonance": {
        "dmean": 0.0125930868089,
        "dmean2": 0.0212118886411,
        "dvar": 0.000206939745112,
        "dvar2": 0.000555543228984,
        "max": 0.500000059605,
        "mean": 0.47652554512,
        "median": 0.481398254633,
        "min": 0.258161902428,
        "var": 0.000393988622818
    },
    "dynamic_complexity": 3.51537919044,
    "erbbands_crest": {
        "dmean": 2.0104830265,
        "dmean2": 3.25141835213,
        "dvar": 4.86006069183,
        "dvar2": 11.5246076584,
        "max": 28.5749263763,
        "mean": 6.78446626663,
        "median": 5.7164850235,
        "min": 2.11782598495,
        "var": 12.3214883804
    },
    "erbbands_flatness_db": {
        "dmean": 0.0145004894584,
        "dmean2": 0.0213205907494,
        "dvar": 0.000252036872553,
        "dvar2": 0.000522181333508,
        "max": 0.347175508738,
        "mean": 0.114423461258,
        "median": 0.105153948069,
        "min": 0.0466557852924,
        "var": 0.0014243501937
    },
    "erbbands_kurtosis": {
        "dmean": 0.80016720295,
        "dmean2": 1.27404272556,
        "dvar": 2.50656366348,
        "dvar2": 6.21667718887,
        "max": 44.2774124146,
        "mean": -0.0640226751566,
        "median": -0.629304289818,
        "min": -1.82905185223,
        "var": 4.0986571312
    },
    "erbbands_skewness": {
        "dmean": 0.364303797483,
        "dmean2": 0.547842383385,
        "dvar": 0.171986505389,
        "dvar2": 0.386384963989,
        "max": 5.59631347656,
        "mean": -0.269347250462,
        "median": -0.273397862911,
        "min": -5.05330944061,
        "var": 0.585888206959
    },
    "erbbands_spread": {
        "dmean": 11.2379302979,
        "dmean2": 17.1987571716,
        "dvar": 157.217391968,
        "dvar2": 368.654144287,
        "max": 186.270050049,
        "mean": 57.2314071655,
        "median": 55.591053009,
        "min": 1.99270439148,
        "var": 488.329376221
    },
    "hfc": {
        "dmean": 16.0130176544,
        "dmean2": 23.7849884033,
        "dvar": 645.260253906,
        "dvar2": 1434.9473877,
        "max": 398.677276611,
        "mean": 40.1331138611,
        "median": 29.6545696259,
        "min": 1.18428798258e-16,
        "var": 1523.6595459
    },
    "melbands_crest": {
        "dmean": 4.14125442505,
        "dmean2": 6.36012506485,
        "dvar": 18.3660163879,
        "dvar2": 40.6968040466,
        "max": 39.3858757019,
        "mean": 18.7730312347,
        "median": 18.4097366333,
        "min": 2.02441120148,
        "var": 61.7453460693
    },
    "melbands_flatness_db": {
        "dmean": 0.0382826402783,
        "dmean2": 0.0547194480896,
        "dvar": 0.0018336630892,
        "dvar2": 0.00405486160889,
        "max": 0.560187339783,
        "mean": 0.1728387326,
        "median": 0.163551598787,
        "min": 0.00629037804902,
        "var": 0.00624397676438
    },
    "melbands_kurtosis": {
        "dmean": 20.9089717865,
        "dmean2": 32.1426086426,
        "dvar": 3368.38867188,
        "dvar2": 8270.71484375,
        "max": 1315.94946289,
        "mean": 31.7550830841,
        "median": 12.0140886307,
        "min": -1.92001283169,
        "var": 4531
    },
    "melbands_skewness": {
        "dmean": 1.34270119667,
        "dmean2": 1.95832896233,
        "dvar": 3.7551882267,
        "dvar2": 8.3210811615,
        "max": 28.5141506195,
        "mean": 4.00953578949,
        "median": 3.22433233261,
        "min": -3.59104919434,
        "var": 9.95649528503
    },
    "melbands_spread": {
        "dmean": 14.8395929337,
        "dmean2": 22.2625522614,
        "dvar": 453.829620361,
        "dvar2": 960.361328125,
        "max": 241.656707764,
        "mean": 36.6294822693,
        "median": 26.6205406189,
        "min": 0.374641060829,
        "var": 1160.59741211
    },
    "pitch_salience": {
        "dmean": 0.0957268849015,
        "dmean2": 0.144549399614,
        "dvar": 0.0101863630116,
        "dvar2": 0.0226678904146,
        "max": 0.969990253448,
        "mean": 0.482614129782,
        "median": 0.493948996067,
        "min": 0.0234870575368,
        "var": 0.0315267518163
    },
    "silence_rate_20dB": {
        "dmean": 0,
        "dmean2": 0,
        "dvar": 0,
        "dvar2": 0,
        "max": 1,
        "mean": 1,
        "median": 1,
        "min": 1,
        "var": 0
    },
    "silence_rate_30dB": {
        "dmean": 0.0472426302731,
        "dmean2": 0.0944940447807,
        "dvar": 0.0450086183846,
        "dvar2": 0.103789918125,
        "max": 1,
        "mean": 0.925237119198,
        "median": 1,
        "min": 0,
        "var": 0.069174811244
    },
    "silence_rate_60dB": {
        "dmean": 0.028829164803,
        "dmean2": 0.0576636902988,
        "dvar": 0.0279928799719,
        "dvar2": 0.0656749606133,
        "max": 1,
        "mean": 0.117165707052,
        "median": 0,
        "min": 0,
        "var": 0.103438347578
    },
    "spectral_centroid": {
        "dmean": 395.452667236,
        "dmean2": 600.138366699,
        "dvar": 207227.515625,
        "dvar2": 445158.65625,
        "max": 11347.2119141,
        "mean": 2174.33203125,
        "median": 2131.75024414,
        "min": 145.161437988,
        "var": 783423.8125
    },
    "spectral_complexity": {
        "dmean": 6.16665124893,
        "dmean2": 9.25613880157,
        "dvar": 52.3600349426,
        "dvar2": 104.951622009,
        "max": 63,
        "mean": 21.1996459961,
        "median": 20,
        "min": 0,
        "var": 189.830276489
    },
    "spectral_decrease": {
        "dmean": 3.59955287799e-09,
        "dmean2": 5.13712938854e-09,
        "dvar": 2.70248376451e-17,
        "dvar2": 5.59509730891e-17,
        "max": 1.06267180986e-28,
        "mean": -9.84698456108e-09,
        "median": -6.52899645459e-09,
        "min": -5.96805520559e-08,
        "var": 9.75611158984e-17
    },
    "spectral_energy": {
        "dmean": 0.0141370883211,
        "dmean2": 0.0201431363821,
        "dvar": 0.000394780945498,
        "dvar2": 0.000819712062366,
        "max": 0.230607092381,
        "mean": 0.0408049561083,
        "median": 0.0288571752608,
        "min": 1.08732164506e-20,
        "var": 0.00148938037455
    },
    "spectral_energyband_high": {
        "dmean": 0.00176982535049,
        "dmean2": 0.00266840332188,
        "dvar": 9.24158757698e-06,
        "dvar2": 2.0622226657e-05,
        "max": 0.0615125633776,
        "mean": 0.00376756698824,
        "median": 0.00230964226648,
        "min": 7.61235738481e-21,
        "var": 2.08170949918e-05
    },
    "spectral_energyband_low": {
        "dmean": 0.0115186115727,
        "dmean2": 0.016561659053,
        "dvar": 0.000381872232538,
        "dvar2": 0.000779105874244,
        "max": 0.208142787218,
        "mean": 0.0254129450768,
        "median": 0.00968210957944,
        "min": 3.14006398868e-23,
        "var": 0.00121528911404
    },
    "spectral_energyband_middle_high": {
        "dmean": 0.0016040506307,
        "dmean2": 0.00239530834369,
        "dvar": 5.25189534528e-06,
        "dvar2": 1.07393361759e-05,
        "max": 0.0536345727742,
        "mean": 0.00408376241103,
        "median": 0.00290871830657,
        "min": 1.65003347107e-21,
        "var": 1.74923879968e-05
    },
    "spectral_energyband_middle_low": {
        "dmean": 0.00512081570923,
        "dmean2": 0.0081727700308,
        "dvar": 9.25003259908e-05,
        "dvar2": 0.000229517288972,
        "max": 0.115981757641,
        "mean": 0.00870864279568,
        "median": 0.00560168456286,
        "min": 1.79278775996e-22,
        "var": 0.000117233597848
    },
    "spectral_entropy": {
        "dmean": 0.155589804053,
        "dmean2": 0.233609765768,
        "dvar": 0.0387304574251,
        "dvar2": 0.087721452117,
        "max": 9.80861949921,
        "mean": 8.02996921539,
        "median": 8.11313056946,
        "min": 5.89446544647,
        "var": 0.140879571438
    },
    "spectral_flux": {
        "dmean": 0.0326264537871,
        "dmean2": 0.04931698367,
        "dvar": 0.00150487304199,
        "dvar2": 0.00305050075985,
        "max": 0.394167453051,
        "mean": 0.0974535420537,
        "median": 0.0855479314923,
        "min": 1.04620499763e-10,
        "var": 0.00407764548436
    },
    "spectral_kurtosis": {
        "dmean": 0.633705735207,
        "dmean2": 1.04671740532,
        "dvar": 0.719455063343,
        "dvar2": 1.90950262547,
        "max": 23.5263538361,
        "mean": 2.02192950249,
        "median": 1.74837231636,
        "min": -1.2161232233,
        "var": 1.7457139492
    },
    "spectral_rms": {
        "dmean": 0.00105983321555,
        "dmean2": 0.00146611046512,
        "dvar": 1.598209451e-06,
        "dvar2": 3.14647013511e-06,
        "max": 0.0149994175881,
        "mean": 0.00553392991424,
        "median": 0.00530597195029,
        "min": 3.25699493417e-12,
        "var": 9.18537352845e-06
    },
    "spectral_rolloff": {
        "dmean": 1189.90429688,
        "dmean2": 1873.53869629,
        "dvar": 2707830.5,
        "dvar2": 5809895,
        "max": 18992.2851562,
        "mean": 2745.41723633,
        "median": 1937.98828125,
        "min": 21.533203125,
        "var": 6842781.5
    },
    "spectral_skewness": {
        "dmean": 0.134762153029,
        "dmean2": 0.213594257832,
        "dvar": 0.021904412657,
        "dvar2": 0.052857235074,
        "max": 3.44175863266,
        "mean": 1.07394075394,
        "median": 1.05125486851,
        "min": -0.0429711304605,
        "var": 0.069711625576
    },
    "spectral_spread": {
        "dmean": 568683.9375,
        "dmean2": 865928.75,
        "dvar": 520289288192,
        "dvar2": 906610212864,
        "max": 40848724,
        "mean": 6192088.5,
        "median": 6352238,
        "min": 1390028,
        "var": 2.2336461865e+12
    },
    "spectral_strongpeak": {
        "dmean": 0.295674413443,
        "dmean2": 0.496680527925,
        "dvar": 0.459882885218,
        "dvar2": 1.17265272141,
        "max": 17.7876281738,
        "mean": 0.572535991669,
        "median": 0.413179785013,
        "min": 0,
        "var": 0.568597197533
    },
    "zerocrossingrate": {
        "dmean": 0.0204898305237,
        "dmean2": 0.0227384120226,
        "dvar": 0.000477010587929,
        "dvar2": 0.000550133176148,
        "max": 0.7080078125,
        "mean": 0.0945124328136,
        "median": 0.0810546875,
        "min": 0,
        "var": 0.00333517207764
    },
    "barkbands": {
        "dmean": [0.00078132445924, 0.00900032650679, 0.00286662648432, 0.00198867754079, 0.00229177181609, 0.000986065831967, 0.000714532157872, 0.00056013034191, 0.000500569061842, 0.000261997600319, 0.000276303879218, 0.000207970559131, 0.000225834315643, 0.000207070028409, 0.000269450072665, 0.000234567167354, 0.000226213218411, 0.000269568117801, 0.000287042785203, 0.000326947745634, 0.000404541555326, 0.000452294305433, 0.000362106249668, 0.000309426133754, 0.000208612604183, 0.000145723694004, 3.16779769491e-05],
        "dmean2": [0.00107538304292, 0.0129424827173, 0.00472007598728, 0.00339080346748, 0.00388253619894, 0.00157866859809, 0.00114715343807, 0.000908965710551, 0.000783908588346, 0.000412755907746, 0.000423709687311, 0.00033376889769, 0.000363907747669, 0.000333754578605, 0.000430878571933, 0.000367928878404, 0.000357098382665, 0.000437529262854, 0.000458281836472, 0.00052372191567, 0.000649294524919, 0.000723787699826, 0.000572153017856, 0.000476000423077, 0.000317645259202, 0.000232113496168, 5.16529507877e-05],
        "dvar": [3.979039775e-06, 0.000277561164694, 6.40005455352e-05, 3.49207184627e-05, 4.42434720753e-05, 3.95342794945e-06, 2.45699197876e-06, 2.31272474593e-06, 1.35025891268e-06, 5.65159723465e-07, 4.51795671097e-07, 2.39504174715e-07, 3.73535755216e-07, 1.95198566644e-07, 3.98896474962e-07, 2.24988880859e-07, 1.64582743878e-07, 1.90576784576e-07, 2.25909388973e-07, 2.4441803248e-07, 4.47888083954e-07, 9.28484496399e-07, 4.83767678361e-07, 2.55309601016e-07, 1.20103095469e-07, 8.7627839207e-08, 3.68340469237e-09],
        "dvar2": [7.88384022599e-06, 0.00055047677597, 0.000164914948982, 9.46998407017e-05, 0.000118428899441, 1.00225279311e-05, 6.12972553427e-06, 5.92199194216e-06, 3.091385679e-06, 1.35101652177e-06, 9.49900424985e-07, 5.03994385781e-07, 9.05888612124e-07, 4.78601464238e-07, 9.36755895964e-07, 4.29134303204e-07, 3.72803441451e-07, 4.62447701466e-07, 5.34831713139e-07, 5.91743173572e-07, 1.01724310753e-06, 2.09355221159e-06, 1.10994892566e-06, 5.83817438837e-07, 2.84048809363e-07, 2.23566203772e-07, 9.21499321294e-09],
        "max": [0.0310763511807, 0.201616749167, 0.0942311882973, 0.0738262608647, 0.101756073534, 0.0385691151023, 0.0523991882801, 0.0367253646255, 0.0391831584275, 0.0349527895451, 0.027286503464, 0.024076025933, 0.0279324855655, 0.00953637529165, 0.0192541256547, 0.035168863833, 0.011311352253, 0.0073155593127, 0.0142264198512, 0.010606367141, 0.0125298388302, 0.0321626961231, 0.0287299435586, 0.00792629830539, 0.00404985062778, 0.00420556310564, 0.000890495954081],
        "mean": [0.00138216686901, 0.019708070904, 0.00322962901555, 0.00209210766479, 0.00243246997707, 0.00149267178494, 0.00105805532075, 0.000704443722498, 0.000802972936071, 0.000400598917622, 0.000456322886748, 0.000295370089589, 0.000305668771034, 0.000289979681838, 0.00040033494588, 0.000371667236323, 0.000386175321182, 0.00046403388842, 0.000492708175443, 0.000608157832175, 0.000753967149649, 0.00075819529593, 0.000658714619931, 0.000579231767915, 0.000397641211748, 0.000241822999669, 4.17391529481e-05],
        "median": [6.26856199233e-05, 0.00425573810935, 0.000403190380894, 0.000273085344816, 0.000666155072395, 0.0004958830541, 0.000332930008881, 0.000184212753084, 0.00025880621979, 0.000128246174427, 0.000130869215354, 0.000103753562144, 0.00011224244372, 0.000108631313196, 0.000153136585141, 0.000162970973179, 0.000181079114554, 0.000245856819674, 0.000296971062198, 0.000359476543963, 0.000460052397102, 0.000407752435422, 0.000346395856468, 0.000293494056677, 0.000195148924831, 0.000112387810077, 1.05125545815e-05],
        "min": [1.68424658941e-23, 7.32415777528e-24, 5.77318544927e-24, 3.11082130935e-24, 4.28655466973e-23, 3.92428260524e-23, 2.53708726949e-23, 2.43694090426e-23, 2.50254383931e-23, 5.16456064378e-23, 1.14090491476e-22, 4.47811975869e-23, 1.08742746602e-22, 6.27198314628e-23, 1.67169761101e-22, 1.27268267747e-22, 1.62439309351e-22, 2.31198823988e-22, 1.80185473788e-22, 2.68939747229e-22, 3.26020131987e-22, 4.62532145604e-22, 6.40387639823e-22, 7.70744114998e-22, 1.13251254545e-21, 1.53285412846e-21, 2.23657884238e-21],
        "var": [9.35397838475e-06, 0.000944843632169, 6.61188023514e-05, 2.83770550595e-05, 3.59553559974e-05, 6.5577373789e-06, 4.25231792178e-06, 2.72210286312e-06, 3.01988825413e-06, 9.98240579975e-07, 1.11483711862e-06, 4.36255049863e-07, 5.10894267336e-07, 3.09422659939e-07, 6.40037853827e-07, 6.10725066963e-07, 3.82332956406e-07, 4.16292778027e-07, 4.03970602747e-07, 5.57042653782e-07, 8.83217410319e-07, 1.92663469534e-06, 8.92621756066e-07, 5.2542782214e-07, 2.55255315551e-07, 1.19310939795e-07, 5.27308685605e-09]
    },
    "erbbands": {
        "dmean": [0.352735906839, 1.72785878181, 3.24257802963, 5.30180072784, 6.82650899887, 8.47215175629, 6.63666391373, 8.87187862396, 9.13064098358, 12.5476818085, 10.5684404373, 12.1213722229, 8.51632499695, 8.29388141632, 10.1746263504, 8.18194293976, 10.2373209, 9.90118598938, 12.1466560364, 13.1730012894, 11.1281290054, 12.4174938202, 14.3394737244, 14.2388792038, 14.5153274536, 14.6909265518, 16.5298080444, 15.7165441513, 16.1515293121, 14.5637159348, 10.0890932083, 7.28260231018, 4.76960325241, 2.52835845947, 1.50348806381, 0.715367555618, 0.247635602951, 0.0658529177308, 0.00480739027262, 8.43902744236e-05],
        "dmean2": [0.473420917988, 2.60209155083, 5.29143714905, 8.81091880798, 11.6037015915, 14.6702108383, 10.9029493332, 14.3096876144, 14.7095565796, 19.9997653961, 17.2297935486, 18.923500061, 13.3944959641, 12.6588354111, 15.965842247, 12.9252729416, 16.3677883148, 15.740776062, 19.3049049377, 20.8330402374, 17.2768630981, 19.467716217, 23.1532249451, 22.7701873779, 23.0959777832, 23.4461803436, 26.8837776184, 25.108171463, 25.9389095306, 23.4265766144, 15.9723339081, 11.3817672729, 7.3871178627, 3.86768007278, 2.32317066193, 1.12090933323, 0.395949095488, 0.108380518854, 0.00780948763713, 0.00013360727462],
        "dvar": [0.504496395588, 12.1971006393, 80.3463592529, 227.789016724, 322.736450195, 677.45715332, 226.857849121, 349.281188965, 392.782653809, 823.588317871, 809.885986328, 771.627563477, 616.044189453, 569.305114746, 451.072906494, 359.242156982, 824.77746582, 458.578826904, 699.750366211, 848.060424805, 534.737487793, 488.711853027, 534.848205566, 592.415344238, 569.007141113, 515.680725098, 708.575927734, 818.935180664, 1299.53320312, 917.177368164, 360.309051514, 150.672485352, 57.0818557739, 16.2779388428, 6.9974064827, 1.85089802742, 0.24260763824, 0.0212396141142, 8.70115254656e-05, 2.28911094524e-08],
        "dvar2": [0.835320353508, 27.6547470093, 207.366043091, 606.389892578, 864.483337402, 1861.48974609, 589.260925293, 888.84979248, 925.403808594, 2027.73864746, 2151.66748047, 1705.44165039, 1403.8013916, 1290.2935791, 1020.90869141, 744.184020996, 1978.79724121, 1160.97216797, 1678.50854492, 2014.04260254, 1071.70593262, 1070.3626709, 1280.2175293, 1393.81616211, 1323.31689453, 1224.41625977, 1685.71594238, 1898.60766602, 3012.13916016, 2119.46118164, 858.840209961, 349.354553223, 132.270553589, 36.8547325134, 17.02293396, 4.50504827499, 0.623637616634, 0.0572679489851, 0.000216071610339, 5.65588997858e-08],
        "max": [9.53427219391, 39.2378578186, 110.942680359, 193.555496216, 230.659881592, 492.518676758, 349.459350586, 424.688873291, 413.664215088, 880.755310059, 532.403686523, 793.515197754, 1190.53735352, 1266.58203125, 529.339050293, 894.561157227, 1543.70458984, 580.855834961, 858.471191406, 967.308105469, 1631.27783203, 790.045837402, 376.904510498, 938.251953125, 924.79901123, 533.948425293, 453.000427246, 666.89453125, 1228.46533203, 963.115722656, 676.346069336, 207.445922852, 138.88822937, 62.3460693359, 32.2468452454, 24.0078811646, 7.27838373184, 1.91770422459, 0.132531225681, 0.00214046798646],
        "mean": [0.788754403591, 3.48676681519, 4.22197389603, 5.80122709274, 7.40082120895, 8.53154468536, 9.01258850098, 13.4431581497, 13.7240066528, 18.0680351257, 13.9450550079, 19.6848144531, 13.6022424698, 13.9629106522, 16.4161453247, 12.5164890289, 14.9025678635, 14.7559995651, 18.8107738495, 21.6620769501, 19.2514057159, 22.4395160675, 25.4069766998, 24.7387866974, 26.424079895, 27.6869049072, 30.2653903961, 28.8856182098, 27.1976852417, 24.1038513184, 18.0227127075, 13.3160467148, 8.84387397766, 4.86343240738, 2.66623854637, 1.20823311806, 0.402076542377, 0.0952511206269, 0.0064464234747, 0.000163432050613],
        "median": [0.0996360629797, 0.775521278381, 0.910210609436, 0.986022830009, 1.53645944595, 2.21138477325, 3.06849908829, 4.28762149811, 5.06579017639, 5.23177051544, 4.78466701508, 6.19938278198, 5.2219786644, 4.71843338013, 5.48891544342, 5.11443996429, 6.16401863098, 6.3710193634, 8.29144573212, 9.48829460144, 9.53271484375, 11.2488231659, 13.3472251892, 14.6612758636, 16.0758247375, 16.2978038788, 18.5125274658, 17.1999015808, 14.7905082703, 12.2748918533, 9.52704811096, 6.66245365143, 4.43024969101, 2.44147348404, 1.2489926815, 0.549897968769, 0.191404029727, 0.0407113358378, 0.00172888918314, 0.000101955040009],
        "min": [4.73755276014e-22, 1.11799366777e-21, 5.29192512731e-21, 1.26519181083e-20, 6.30472151503e-20, 1.24859553044e-19, 3.03349516199e-19, 3.18481544734e-19, 3.63909812837e-19, 2.99901594761e-19, 7.48468742101e-19, 5.02214954093e-19, 7.20833878606e-19, 4.80159361792e-18, 5.01854944411e-18, 2.28784757106e-18, 4.42425367481e-18, 3.30525201395e-18, 3.89456153852e-18, 6.01882669883e-18, 9.81950489219e-18, 9.80589198085e-18, 1.17276550554e-17, 1.24048951199e-17, 7.72746999727e-18, 9.77289161031e-18, 9.39877849877e-18, 1.93679228453e-17, 1.29313476033e-17, 1.91353643248e-17, 1.86902303131e-17, 1.39693285775e-17, 1.40753962931e-17, 1.23302180813e-17, 8.89956507293e-18, 6.15318647291e-18, 2.28177585857e-18, 1.045652971e-18, 3.4590899269e-19, 3.65053512819e-20],
        "var": [2.0298781395, 30.4242324829, 86.2057571411, 191.746841431, 282.981414795, 509.920959473, 313.842010498, 580.20324707, 692.002807617, 1341.70336914, 876.740112305, 2010.32080078, 1005.35235596, 1233.07385254, 1019.8026123, 667.052429199, 1120.85009766, 748.101623535, 1186.02209473, 1506.46594238, 1301.52526855, 1210.87573242, 1261.37683105, 1177.47436523, 1088.95776367, 1169.09899902, 1375.50915527, 1526.50268555, 2574.15405273, 1685.45397949, 632.334289551, 288.048828125, 122.727348328, 37.2583694458, 12.7941808701, 2.96217274666, 0.323800563812, 0.0230216123164, 0.000127359657199, 3.86130309948e-08]
    },
    "gfcc": {
        "mean": [24.9874839783, 36.0402793884, -97.914100647, 47.3114204407, -59.5892333984, 18.6141700745, -33.2358436584, 14.8968076706, -20.2190151215, 10.8689575195, -16.1074237823, 5.96405172348, -12.1289043427],
        "cov": [[9632.33105469, -1236.29931641, 1155.99829102, -3.79570102692, 150.255523682, 283.255950928, 27.8233108521, 263.550506592, 19.2917537689, 308.493682861, -50.7234535217, 286.543304443, -101.04434967], [-1236.29931641, 1556.42504883, -210.803359985, 79.9647445679, 95.1534423828, -114.563613892, -47.7474632263, -180.176269531, -57.9731407166, -157.346588135, 23.3667049408, -134.376831055, 30.623052597], [1155.99829102, -210.803359985, 903.510742188, 264.014434814, 213.79888916, 148.676452637, 93.1115951538, 60.9736366272, 26.8601932526, 74.3912200928, 2.11992454529, 75.6703567505, -14.2456693649], [-3.79570102692, 79.9647445679, 264.014434814, 458.178009033, 227.691970825, 147.412094116, 95.9712905884, 66.7464370728, 63.0740852356, 21.095703125, 16.7413864136, -15.7066516876, 10.6895952225], [150.255523682, 95.1534423828, 213.79888916, 227.691970825, 317.270446777, 149.80821228, 123.351249695, 74.4713134766, 72.0727996826, 51.4576339722, 44.7949676514, 21.1285266876, 18.9652690887], [283.255950928, -114.563613892, 148.676452637, 147.412094116, 149.80821228, 247.069122314, 157.923721313, 117.196899414, 57.2119750977, 56.7191238403, 29.9001789093, 33.4518203735, 11.4058179855], [27.8233108521, -47.7474632263, 93.1115951538, 95.9712905884, 123.351249695, 157.923721313, 241.766616821, 146.35369873, 95.2077178955, 61.8872642517, 52.4978599548, 41.870552063, 29.7101650238], [263.550506592, -180.176269531, 60.9736366272, 66.7464370728, 74.4713134766, 117.196899414, 146.35369873, 207.667648315, 123.893043518, 87.8839263916, 28.1878948212, 35.4520797729, 22.537979126], [19.2917537689, -57.9731407166, 26.8601932526, 63.0740852356, 72.0727996826, 57.2119750977, 95.2077178955, 123.893043518, 179.552993774, 110.073326111, 52.8291473389, 19.3629684448, 21.9875888824], [308.493682861, -157.346588135, 74.3912200928, 21.095703125, 51.4576339722, 56.7191238403, 61.8872642517, 87.8839263916, 110.073326111, 169.70135498, 93.0929031372, 66.331413269, 17.8978233337], [-50.7234535217, 23.3667049408, 2.11992454529, 16.7413864136, 44.7949676514, 29.9001789093, 52.4978599548, 28.1878948212, 52.8291473389, 93.0929031372, 141.640335083, 88.2948150635, 40.6384468079], [286.543304443, -134.376831055, 75.6703567505, -15.7066516876, 21.1285266876, 33.4518203735, 41.870552063, 35.4520797729, 19.3629684448, 66.331413269, 88.2948150635, 151.232666016, 69.5014877319], [-101.04434967, 30.623052597, -14.2456693649, 10.6895952225, 18.9652690887, 11.4058179855, 29.7101650238, 22.537979126, 21.9875888824, 17.8978233337, 40.6384468079, 69.5014877319, 105.095558167]],
        "icov": [[0.000159183255164, 6.91558739163e-07, -0.000143454497447, 8.74098550412e-05, -4.64086297143e-05, -0.000109334010631, 0.000205002565053, -0.000227589785936, 0.000176745714271, -0.000337725883583, 0.000398862466682, -0.000432596280007, 0.000287991628284], [6.91558739163e-07, 0.00112157990225, 4.85431446577e-05, 1.59071769303e-05, -0.000629935937468, 0.000455287081422, -0.000292221317068, 0.00079797959188, -0.000284072331851, 0.00126042519696, -0.00167761859484, 0.00179393449798, -0.00103831081651], [-0.000143454497447, 4.85431446577e-05, 0.0019425485516, -0.000970602326561, -0.000659985933453, 0.000172189902514, -0.000575218116865, 0.000702516175807, 0.00028237249353, -0.000908820831683, 0.00154035841115, -0.00167276582215, 0.000928630877752], [8.74098550412e-05, 1.59071769303e-05, -0.000970602326561, 0.00419850507751, -0.00191274553072, -0.00138758262619, 0.000892435375135, -0.000437436072389, -0.000774640066084, 0.00123779859859, -0.00124902266543, 0.00194084411487, -0.000991192413494], [-4.64086297143e-05, -0.000629935937468, -0.000659985933453, -0.00191274553072, 0.00675174873322, -0.00209705275483, -0.000899202015717, 0.000551617238671, -0.00103517516982, -0.000290833966574, -0.000462764786789, -0.000134331232402, -7.70032056607e-05], [-0.000109334010631, 0.000455287081422, 0.000172189902514, -0.00138758262619, -0.00209705275483, 0.00966469477862, -0.00442838668823, -0.0017031733878, 0.00250901142135, -0.00128918327391, 0.000485174416099, -7.46028163121e-05, 0.00042972448864], [0.000205002565053, -0.000292221317068, -0.000575218116865, 0.000892435375135, -0.000899202015717, -0.00442838668823, 0.0111501067877, -0.0054763131775, -0.00142156973016, 0.00256781326607, -0.0027760353405, -0.000225471914746, -0.000138650691952], [-0.000227589785936, 0.00079797959188, 0.000702516175807, -0.000437436072389, 0.000551617238671, -0.0017031733878, -0.0054763131775, 0.0145843951032, -0.00635542254895, -0.00150493404362, 0.00332927564159, -0.000915112497751, -0.000902083527762], [0.000176745714271, -0.000284072331851, 0.00028237249353, -0.000774640066084, -0.00103517516982, 0.00250901142135, -0.00142156973016, -0.00635542254895, 0.015517288819, -0.00853068660945, 0.000155652742251, 0.0032155662775, -0.00193128234241], [-0.000337725883583, 0.00126042519696, -0.000908820831683, 0.00123779859859, -0.000290833966574, -0.00128918327391, 0.00256781326607, -0.00150493404362, -0.00853068660945, 0.0195301510394, -0.0112978545949, 0.000952493108343, 0.00104567571543], [0.000398862466682, -0.00167761859484, 0.00154035841115, -0.00124902266543, -0.000462764786789, 0.000485174416099, -0.0027760353405, 0.00332927564159, 0.000155652742251, -0.0112978545949, 0.022482143715, -0.0127396630123, 0.00293281883933], [-0.000432596280007, 0.00179393449798, -0.00167276582215, 0.00194084411487, -0.000134331232402, -7.46028163121e-05, -0.000225471914746, -0.000915112497751, 0.0032155662775, 0.000952493108343, -0.0127396630123, 0.0224067009985, -0.01179717388], [0.000287991628284, -0.00103831081651, 0.000928630877752, -0.000991192413494, -7.70032056607e-05, 0.00042972448864, -0.000138650691952, -0.000902083527762, -0.00193128234241, 0.00104567571543, 0.00293281883933, -0.01179717388, 0.0174147691578]]
    },
    "melbands": {
        "dmean": [0.00273080682382, 0.00180421129335, 0.0009018004057, 0.000566568982322, 0.000250384648098, 0.000193859625142, 0.00013881297491, 0.000137516661198, 8.64408939378e-05, 7.66656594351e-05, 4.26305050496e-05, 3.4391086956e-05, 3.49125730281e-05, 2.31194571825e-05, 2.27904893109e-05, 2.44396778726e-05, 1.93082250917e-05, 1.98280959012e-05, 2.09543359233e-05, 1.93604573724e-05, 1.27948978843e-05, 1.46148158819e-05, 1.26723170979e-05, 1.33591684062e-05, 1.22821402329e-05, 1.15607635962e-05, 1.10853216029e-05, 1.05293020169e-05, 1.06561501525e-05, 1.14792755994e-05, 8.99803944776e-06, 8.94740151125e-06, 1.05524823084e-05, 7.80850677984e-06, 6.43167413727e-06, 5.06524065713e-06, 4.60601131635e-06, 3.7369227357e-06, 2.71999147117e-06, 2.09798076867e-06],
        "dmean2": [0.00379085587338, 0.002821885515, 0.00149633875117, 0.000961759360507, 0.00041999030509, 0.000312104210025, 0.000223499548156, 0.000219245412154, 0.000139942130772, 0.000119442367577, 6.72289897921e-05, 5.28315795236e-05, 5.45089642401e-05, 3.69101217075e-05, 3.66505410057e-05, 3.9076043322e-05, 3.12525298796e-05, 3.18099992e-05, 3.35155200446e-05, 3.07021146e-05, 2.01212915272e-05, 2.31406320381e-05, 2.04520547413e-05, 2.16933185584e-05, 1.97830177058e-05, 1.86283814401e-05, 1.78866703209e-05, 1.69903487404e-05, 1.75135592144e-05, 1.87429504876e-05, 1.45315898408e-05, 1.44693722177e-05, 1.72704894794e-05, 1.27411858557e-05, 1.0359100088e-05, 8.04849059932e-06, 7.27261749489e-06, 5.88983766647e-06, 4.25870803156e-06, 3.24607503899e-06],
        "dvar": [2.62651556113e-05, 1.84226119018e-05, 5.69521171201e-06, 2.86038925879e-06, 3.45600028595e-07, 1.5429718303e-07, 8.83108413063e-08, 1.03506323512e-07, 5.10187696534e-08, 3.25317266459e-08, 1.6119161117e-08, 9.27018817265e-09, 6.06085759358e-09, 3.89321774819e-09, 2.5169137885e-09, 4.30306323906e-09, 1.79616432838e-09, 1.93242488677e-09, 2.93771473814e-09, 1.49972267938e-09, 7.53449080904e-10, 7.68457131262e-10, 4.09819594926e-10, 5.54258250407e-10, 4.79245532148e-10, 4.02536198818e-10, 3.18663984089e-10, 2.91479812509e-10, 2.88747026289e-10, 3.89176607607e-10, 3.07429776081e-10, 3.68927138839e-10, 5.90263726785e-10, 2.65809402267e-10, 1.65803801244e-10, 6.97535917915e-11, 6.23243887055e-11, 3.36796771028e-11, 2.10142545726e-11, 1.12493053067e-11],
        "dvar2": [4.68582256872e-05, 4.61591589556e-05, 1.48491772052e-05, 7.66631092119e-06, 9.30094245177e-07, 3.92754287759e-07, 2.13124124571e-07, 2.53137983464e-07, 1.31149676008e-07, 7.24867774693e-08, 3.65175729655e-08, 2.13097042234e-08, 1.33138131631e-08, 7.97151678e-09, 5.77737013785e-09, 1.02688133552e-08, 4.51679804669e-09, 4.76889150391e-09, 7.15135461959e-09, 2.99703706297e-09, 1.63486912896e-09, 1.68612501739e-09, 9.76091429905e-10, 1.36837918774e-09, 1.13225151477e-09, 9.49728629074e-10, 7.64585117441e-10, 7.1716077521e-10, 7.08548164585e-10, 9.04424313219e-10, 7.48413053753e-10, 8.60246485157e-10, 1.42006006953e-09, 6.22485452073e-10, 4.0931394385e-10, 1.63713723134e-10, 1.49479983946e-10, 7.93988277903e-11, 5.09213574085e-11, 2.58156326177e-11],
        "max": [0.063974224031, 0.0480729229748, 0.0298655238003, 0.0248058643192, 0.0115282954648, 0.00858615618199, 0.00777924014255, 0.0100933276117, 0.00494907423854, 0.0050582299009, 0.00613222690299, 0.00482021318749, 0.00204832083546, 0.00367388385348, 0.00138093461283, 0.00290168705396, 0.000962964259088, 0.00126101018395, 0.00202991208062, 0.00241751410067, 0.00146930129267, 0.000972042966168, 0.000351365713868, 0.000411777757108, 0.000907446607016, 0.000720036623534, 0.000444733770564, 0.000316081685014, 0.000224810355576, 0.000416689406848, 0.000454261142295, 0.000642745988443, 0.000751437677536, 0.00066531955963, 0.000522197282407, 0.000128489205963, 0.000141541429912, 0.000114343944006, 7.56955414545e-05, 5.8633107983e-05],
        "mean": [0.00613578176126, 0.00305040390231, 0.00105677545071, 0.000595581077505, 0.000325806089677, 0.000298277358525, 0.000208900630241, 0.000191038663615, 0.000113750516903, 0.000122896701214, 6.53077149764e-05, 5.5226169934e-05, 5.65145091969e-05, 3.31902447215e-05, 3.34511169058e-05, 3.33908792527e-05, 2.64221580437e-05, 2.87735820166e-05, 3.03795932268e-05, 2.98769537039e-05, 2.0377608962e-05, 2.39877044805e-05, 2.19199300773e-05, 2.18497862079e-05, 1.95671709662e-05, 1.89518759726e-05, 1.91415201698e-05, 1.82543026312e-05, 1.82143267011e-05, 1.97303415916e-05, 1.53935834533e-05, 1.48864273797e-05, 1.5374234863e-05, 1.26929317048e-05, 1.07545602077e-05, 8.77536967892e-06, 7.92214268586e-06, 6.52904964227e-06, 4.86903081764e-06, 3.83426959161e-06],
        "median": [0.00111435260624, 0.000803040922619, 0.000197590372409, 0.000148261780851, 0.000115912698675, 0.000100560704595, 7.3914139648e-05, 4.90156235173e-05, 3.35353215632e-05, 3.69002664229e-05, 2.30316090892e-05, 1.69524846569e-05, 1.71945630427e-05, 1.29098461912e-05, 1.23869449453e-05, 1.07489722723e-05, 9.79695960268e-06, 1.14801578093e-05, 1.0952777302e-05, 1.21111643239e-05, 9.20285310713e-06, 1.09898828669e-05, 1.08380572783e-05, 1.12062698463e-05, 1.07841970021e-05, 1.10919545477e-05, 1.06013676486e-05, 1.01962004919e-05, 1.053410233e-05, 1.11378667498e-05, 8.95605171536e-06, 8.04742376204e-06, 7.34404420655e-06, 6.37718949292e-06, 5.53819336346e-06, 4.46330477644e-06, 3.81474319511e-06, 3.18335855809e-06, 2.40064082391e-06, 1.87912928595e-06],
        "min": [5.20468652704e-24, 2.39373826625e-24, 3.13695291848e-24, 7.58734938339e-24, 1.05161800875e-23, 7.26963407609e-24, 5.2861143274e-24, 3.21780701975e-24, 6.5778275169e-24, 2.98045652274e-24, 2.87854614619e-24, 1.80154436845e-23, 1.60398709205e-23, 6.81650211694e-24, 7.06947008772e-24, 1.04167441704e-23, 5.18068109526e-24, 4.73772268078e-24, 1.04427852577e-23, 5.41424348221e-24, 1.2757947653e-23, 9.10508068858e-24, 5.65188151902e-24, 1.30255316386e-23, 9.63424227291e-24, 5.1299281512e-24, 7.52105272406e-24, 5.58596114633e-24, 6.84262445696e-24, 5.95605957875e-24, 9.81889883361e-24, 8.15214933684e-24, 6.46495532643e-24, 1.15142650486e-23, 1.0345343581e-23, 9.49820952069e-24, 8.11615282488e-24, 1.09073383451e-23, 8.26737746041e-24, 1.14414318878e-23],
        "var": [0.000101508470834, 2.65133276116e-05, 5.18078877576e-06, 2.30943896895e-06, 3.92824489381e-07, 2.56798443843e-07, 1.5445729673e-07, 1.60786058245e-07, 6.51450093869e-08, 8.16190208752e-08, 2.6060842373e-08, 1.9560477682e-08, 1.51064973863e-08, 6.63680310709e-09, 4.39757830151e-09, 6.61864918428e-09, 2.69139177611e-09, 3.07241609931e-09, 4.18471124419e-09, 4.02402688948e-09, 1.5154498767e-09, 1.66898617149e-09, 1.02793662471e-09, 1.04655095701e-09, 8.82366069099e-10, 6.65565380586e-10, 6.53984089105e-10, 5.68834090942e-10, 5.34258526308e-10, 6.96635249486e-10, 5.03585340095e-10, 7.59536822326e-10, 9.73628844214e-10, 4.50253084816e-10, 2.63319116511e-10, 1.27070548528e-10, 1.11223953658e-10, 6.98665222898e-11, 3.96091735799e-11, 2.45257650994e-11]
    },
    "mfcc": {
        "mean": [-622.135681152, 67.6446075439, 17.4535102844, 30.8299350739, 4.07456159592, 9.31415176392, 1.22229862213, 5.36354780197, 3.05399727821, 5.13710355759, 1.92265307903, 3.22452354431, 1.3696795702],
        "cov": [[7620.51464844, -726.861450195, 598.017456055, -21.5044136047, 181.957565308, 101.254348755, 91.9288024902, 85.6445388794, 123.995361328, 100.389053345, 102.500114441, 170.487792969, 97.7156524658], [-726.861450195, 1152.36633301, -112.743385315, 73.9636764526, 8.77433395386, -10.0669021606, -23.2038383484, -66.187828064, -98.2392578125, -84.7231826782, -72.8070678711, -67.7451248169, -42.7283210754], [598.017456055, -112.743385315, 566.648864746, 170.536209106, 140.383682251, 113.805999756, 80.8421173096, 55.1666908264, 47.0888557434, 26.6232337952, 25.1001873016, 26.1687717438, 17.0038719177], [-21.5044136047, 73.9636764526, 170.536209106, 324.118469238, 179.215179443, 108.29675293, 68.6395568848, 54.8963127136, 52.8131332397, 49.1235694885, 21.5840339661, 22.4346656799, 16.4894104004], [181.957565308, 8.77433395386, 140.383682251, 179.215179443, 247.425109863, 124.679214478, 72.7295227051, 48.7931060791, 51.2989234924, 48.9606285095, 31.4907970428, 27.69049263, 14.5665006638], [101.254348755, -10.0669021606, 113.805999756, 108.29675293, 124.679214478, 184.842651367, 118.445838928, 72.1407546997, 50.6723480225, 38.8584480286, 38.6651306152, 43.1244087219, 27.4469566345], [91.9288024902, -23.2038383484, 80.8421173096, 68.6395568848, 72.7295227051, 118.445838928, 185.954284668, 112.908538818, 65.2456283569, 41.8811569214, 33.1139259338, 46.8594741821, 36.1929550171], [85.6445388794, -66.187828064, 55.1666908264, 54.8963127136, 48.7931060791, 72.1407546997, 112.908538818, 158.549468994, 101.787780762, 57.7592124939, 34.0607337952, 37.1400642395, 28.4341983795], [123.995361328, -98.2392578125, 47.0888557434, 52.8131332397, 51.2989234924, 50.6723480225, 65.2456283569, 101.787780762, 163.080612183, 108.711021423, 59.4676094055, 41.8593025208, 20.679019928], [100.389053345, -84.7231826782, 26.6232337952, 49.1235694885, 48.9606285095, 38.8584480286, 41.8811569214, 57.7592124939, 108.711021423, 158.481185913, 94.4417266846, 45.4254188538, 22.3110904694], [102.500114441, -72.8070678711, 25.1001873016, 21.5840339661, 31.4907970428, 38.6651306152, 33.1139259338, 34.0607337952, 59.4676094055, 94.4417266846, 137.602264404, 84.3830413818, 34.7874832153], [170.487792969, -67.7451248169, 26.1687717438, 22.4346656799, 27.69049263, 43.1244087219, 46.8594741821, 37.1400642395, 41.8593025208, 45.4254188538, 84.3830413818, 133.500289917, 79.729057312], [97.7156524658, -42.7283210754, 17.0038719177, 16.4894104004, 14.5665006638, 27.4469566345, 36.1929550171, 28.4341983795, 20.679019928, 22.3110904694, 34.7874832153, 79.729057312, 116.748252869]],
