{
"lowlevel": {
    "average_loudness": 0.738477706909,
    "barkbands_crest": {
        "dmean": 2.13841152191,
        "dmean2": 3.32139897346,
        "dvar": 4.55665206909,
        "dvar2": 10.9190340042,
        "max": 25.3669128418,
        "mean": 12.2555551529,
        "median": 11.6110343933,
        "min": 2.21797060966,
        "var": 23.3258552551
    },
    "barkbands_flatness_db": {
        "dmean": 0.0225868765265,
        "dmean2": 0.0338164642453,
        "dvar": 0.000611450115684,
        "dvar2": 0.00129348272458,
        "max": 0.49215978384,
        "mean": 0.189272716641,
        "median": 0.182249546051,
        "min": 0.0240097306669,
        "var": 0.00564260268584
    },
    "barkbands_kurtosis": {
        "dmean": 4.97209739685,
        "dmean2": 7.50060987473,
        "dvar": 179.236907959,
        "dvar2": 358.916107178,
        "max": 415.527587891,
        "mean": 8.83734798431,
        "median": 3.70639181137,
        "min": -1.79750216007,
        "var": 369.526367188
    },
    "barkbands_skewness": {
        "dmean": 0.591554880142,
        "dmean2": 0.8885627985,
        "dvar": 0.613791286945,
        "dvar2": 1.34169590473,
        "max": 16.2449207306,
        "mean": 2.12550616264,
        "median": 1.77784705162,
        "min": -2.55511569977,
        "var": 2.92163252831
    },
    "barkbands_spread": {
        "dmean": 4.86337614059,
        "dmean2": 7.66527795792,
        "dvar": 48.3997955322,
        "dvar2": 117.891098022,
        "max": 100.42591095,
        "mean": 16.2172718048,
        "median": 12.0928030014,
        "min": 0.308998554945,
        "var": 149.464660645
    },
    "dissonance": {
        "dmean": 0.0222837533802,
        "dmean2": 0.0376547239721,
        "dvar": 0.000476347282529,
        "dvar2": 0.00132965890225,
        "max": 0.5,
        "mean": 0.448184132576,
        "median": 0.456252515316,
        "min": 0.212849661708,
        "var": 0.00128886429593
    },
    "dynamic_complexity": 4.540538311,
    "erbbands_crest": {
        "dmean": 2.38067746162,
        "dmean2": 3.72086429596,
        "dvar": 5.39466047287,
        "dvar2": 12.3857545853,
        "max": 33.4374732971,
        "mean": 9.81489753723,
        "median": 8.65648460388,
        "min": 2.23458075523,
        "var": 23.3017044067
    },
    "erbbands_flatness_db": {
        "dmean": 0.0135630182922,
        "dmean2": 0.0203212536871,
        "dvar": 0.000217985667405,
        "dvar2": 0.000444329809397,
        "max": 0.473441064358,
        "mean": 0.178929850459,
        "median": 0.167125046253,
        "min": 0.0449144244194,
        "var": 0.00690970430151
    },
    "erbbands_kurtosis": {
        "dmean": 0.819287598133,
        "dmean2": 1.27117133141,
        "dvar": 1.49182152748,
        "dvar2": 3.18742918968,
        "max": 45.9901847839,
        "mean": 0.658878445625,
        "median": 0.00283253192902,
        "min": -1.76645576954,
        "var": 6.22430849075
    },
    "erbbands_skewness": {
        "dmean": 0.307386308908,
        "dmean2": 0.466689378023,
        "dvar": 0.0906603261828,
        "dvar2": 0.211625665426,
        "max": 4.57426309586,
        "mean": 0.419731974602,
        "median": 0.392499625683,
        "min": -4.4905257225,
        "var": 0.510851144791
    },
    "erbbands_spread": {
        "dmean": 6.75568342209,
        "dmean2": 10.2589454651,
        "dvar": 76.00440979,
        "dvar2": 175.311172485,
        "max": 156.678771973,
        "mean": 36.2020530701,
        "median": 30.156167984,
        "min": 1.11796307564,
        "var": 505.735046387
    },
    "hfc": {
        "dmean": 6.58642292023,
        "dmean2": 10.4317474365,
        "dvar": 170.547424316,
        "dvar2": 421.46395874,
        "max": 308.627807617,
        "mean": 22.8228530884,
        "median": 12.9455223083,
        "min": 1.12322749499e-16,
        "var": 625.859802246
    },
    "melbands_crest": {
        "dmean": 2.87768411636,
        "dmean2": 4.51587200165,
        "dvar": 9.08149051666,
        "dvar2": 22.2536373138,
        "max": 38.3762016296,
        "mean": 19.7548751831,
        "median": 17.862613678,
        "min": 1.49367761612,
        "var": 86.4588394165
    },
    "melbands_flatness_db": {
        "dmean": 0.0251856166869,
        "dmean2": 0.0377333983779,
        "dvar": 0.000815436535049,
        "dvar2": 0.00176150549669,
        "max": 0.590446770191,
        "mean": 0.268128693104,
        "median": 0.262543410063,
        "min": 0.00232942029834,
        "var": 0.00840531941503
    },
    "melbands_kurtosis": {
        "dmean": 13.6049547195,
        "dmean2": 20.6136627197,
        "dvar": 1456.4876709,
        "dvar2": 3294.89770508,
        "max": 1106.70043945,
        "mean": 27.2474575043,
        "median": 10.0267219543,
        "min": -1.81434834003,
        "var": 3485.03564453
    },
    "melbands_skewness": {
        "dmean": 0.843771517277,
        "dmean2": 1.25347673893,
        "dvar": 1.50145637989,
        "dvar2": 3.33381700516,
        "max": 26.8807067871,
        "mean": 3.41634511948,
        "median": 2.64634537697,
        "min": -2.5123193264,
        "var": 8.48260116577
    },
    "melbands_spread": {
        "dmean": 4.24687004089,
        "dmean2": 6.6933760643,
        "dvar": 36.5094490051,
        "dvar2": 85.0103530884,
        "max": 161.407623291,
        "mean": 15.1094617844,
        "median": 11.332406044,
        "min": 0.192645952106,
        "var": 202.661300659
    },
    "pitch_salience": {
        "dmean": 0.0626434758306,
        "dmean2": 0.0971561968327,
        "dvar": 0.00375046115369,
        "dvar2": 0.00851961225271,
        "max": 0.988342940807,
        "mean": 0.46821090579,
        "median": 0.489726811647,
        "min": 0.0210268311203,
        "var": 0.0290995948017
    },
    "silence_rate_20dB": {
        "dmean": 0.00218678824604,
        "dmean2": 0.00437397463247,
        "dvar": 0.00218215305358,
        "dvar2": 0.00654235715047,
        "max": 1,
        "mean": 0.998906731606,
        "median": 1,
        "min": 0,
        "var": 0.00109220237937
    },
    "silence_rate_30dB": {
        "dmean": 0.0778132155538,
        "dmean2": 0.155640602112,
        "dvar": 0.071752011776,
        "dvar2": 0.157825142145,
        "max": 1,
        "mean": 0.81833088398,
        "median": 1,
        "min": 0,
        "var": 0.148655042052
    },
    "silence_rate_60dB": {
        "dmean": 0.0143963554874,
        "dmean2": 0.0287953335792,
        "dvar": 0.0141889872029,
        "dvar2": 0.0325206592679,
        "max": 1,
        "mean": 0.126275509596,
        "median": 0,
        "min": 0,
        "var": 0.110334344208
    },
    "spectral_centroid": {
        "dmean": 207.832672119,
        "dmean2": 324.589202881,
        "dvar": 104517.359375,
        "dvar2": 240841.71875,
        "max": 11317.2763672,
        "mean": 1204.24914551,
        "median": 1036.86938477,
        "min": 165.75668335,
        "var": 726039.5
    },
    "spectral_complexity": {
        "dmean": 2.82478356361,
        "dmean2": 4.64005851746,
        "dvar": 14.8986759186,
        "dvar2": 36.9238624573,
        "max": 54,
        "mean": 15.5491075516,
        "median": 14,
        "min": 0,
        "var": 90.0446166992
    },
    "spectral_decrease": {
        "dmean": 4.41438263721e-09,
        "dmean2": 6.23127016652e-09,
        "dvar": 6.03276320323e-17,
        "dvar2": 1.18301756551e-16,
        "max": 7.58750856285e-29,
        "mean": -1.41266021103e-08,
        "median": -7.36600469509e-09,
        "min": -1.0158643704e-07,
        "var": 2.53992120127e-16
    },
    "spectral_energy": {
        "dmean": 0.0168445110321,
        "dmean2": 0.0237415321171,
        "dvar": 0.000862732878886,
        "dvar2": 0.00169337191619,
        "max": 0.385262161493,
        "mean": 0.0553870424628,
        "median": 0.0295220725238,
        "min": 1.03653695597e-20,
        "var": 0.00378933595493
    },
    "spectral_energyband_high": {
        "dmean": 0.000591037503909,
        "dmean2": 0.000964517297689,
        "dvar": 1.88579554106e-06,
        "dvar2": 4.85216196466e-06,
        "max": 0.0285285636783,
        "mean": 0.00127138057724,
        "median": 0.000214697909541,
        "min": 7.30226159033e-21,
        "var": 4.21012282459e-06
    },
    "spectral_energyband_low": {
        "dmean": 0.0152712920681,
        "dmean2": 0.0219347905368,
        "dvar": 0.000909466762096,
        "dvar2": 0.00180613889825,
        "max": 0.375546693802,
        "mean": 0.0388425402343,
        "median": 0.00688841333613,
        "min": 1.6109161307e-23,
        "var": 0.00306107662618
    },
    "spectral_energyband_middle_high": {
        "dmean": 0.00134931434877,
        "dmean2": 0.00203113048337,
        "dvar": 5.19654849995e-06,
        "dvar2": 1.18830366773e-05,
        "max": 0.0725857838988,
        "mean": 0.00449099252,
        "median": 0.00246224692091,
        "min": 1.28094118025e-21,
        "var": 2.70682121482e-05
    },
    "spectral_energyband_middle_low": {
        "dmean": 0.0044613503851,
        "dmean2": 0.00703429337591,
        "dvar": 8.57413033373e-05,
        "dvar2": 0.000218010973185,
        "max": 0.144710361958,
        "mean": 0.0116234822199,
        "median": 0.00792770180851,
        "min": 2.34400034163e-22,
        "var": 0.000164023702382
    },
    "spectral_entropy": {
        "dmean": 0.152893677354,
        "dmean2": 0.234152287245,
        "dvar": 0.0344689451158,
        "dvar2": 0.0755128264427,
        "max": 9.8165063858,
        "mean": 7.29379892349,
        "median": 7.40006017685,
        "min": 5.28187942505,
        "var": 0.580003201962
    },
    "spectral_flux": {
        "dmean": 0.0247517582029,
        "dmean2": 0.0369730331004,
        "dvar": 0.0013144495897,
        "dvar2": 0.00256338086911,
        "max": 0.488176971674,
        "mean": 0.0811439454556,
        "median": 0.0576054193079,
        "min": 6.49237399952e-11,
        "var": 0.00582221383229
    },
    "spectral_kurtosis": {
        "dmean": 4.64833402634,
        "dmean2": 8.00715065002,
        "dvar": 87.5280227661,
        "dvar2": 261.438323975,
        "max": 136.470825195,
        "mean": 11.8614234924,
        "median": 4.2576007843,
        "min": -1.2299861908,
        "var": 329.227142334
    },
    "spectral_rms": {
        "dmean": 0.000884509179741,
        "dmean2": 0.00124576420058,
        "dvar": 1.52538541442e-06,
        "dvar2": 3.01395834867e-06,
        "max": 0.0193872507662,
        "mean": 0.00617026025429,
        "median": 0.00536675099283,
        "min": 3.18002438618e-12,
        "var": 1.59639857884e-05
    },
    "spectral_rolloff": {
        "dmean": 285.234771729,
        "dmean2": 488.305664062,
        "dvar": 430180.6875,
        "dvar2": 1053009.375,
        "max": 19487.5488281,
        "mean": 923.817077637,
        "median": 581.396484375,
        "min": 43.06640625,
        "var": 1896872.125
    },
    "spectral_skewness": {
        "dmean": 0.360214322805,
        "dmean2": 0.607524096966,
        "dvar": 0.279780954123,
        "dvar2": 0.829432070255,
        "max": 8.70743274689,
        "mean": 2.14844369888,
        "median": 1.66691768169,
        "min": -0.0378445498645,
        "var": 1.7036036253
    },
    "spectral_spread": {
        "dmean": 538720.875,
        "dmean2": 824627.1875,
        "dvar": 875589861376,
        "dvar2": 1.78131789414e+12,
        "max": 41518528,
        "mean": 4691320.5,
        "median": 4484458,
        "min": 547428.5625,
        "var": 9.43481002394e+12
    },
    "spectral_strongpeak": {
        "dmean": 0.256159365177,
        "dmean2": 0.414721697569,
        "dvar": 0.18760459125,
        "dvar2": 0.433575153351,
        "max": 9.01427078247,
        "mean": 0.71016895771,
        "median": 0.461393713951,
        "min": 0,
        "var": 0.587514340878
    },
    "zerocrossingrate": {
        "dmean": 0.00816619768739,
        "dmean2": 0.0102965319529,
        "dvar": 0.000126322338474,
        "dvar2": 0.000163819306181,
        "max": 0.8671875,
        "mean": 0.0451930649579,
        "median": 0.03466796875,
        "min": 0.00146484375,
        "var": 0.00186251511332
    },
    "barkbands": {
        "dmean": [0.00210773386061, 0.0120656602085, 0.00395976193249, 0.00167110655457, 0.00192248390522, 0.000740112096537, 0.000868636881933, 0.000596497906372, 0.000358754827175, 0.000574025907554, 0.000420820811996, 0.000292208278552, 0.000268995354418, 0.000249129836448, 0.000241891451878, 0.00011745266238, 0.000156798574608, 0.000121364908409, 0.000101948011434, 0.00013271701755, 0.000127719424199, 8.49142670631e-05, 7.83677387517e-05, 0.000113952824904, 0.000160351541126, 5.66031521885e-05, 1.48998333316e-05],
        "dmean2": [0.00270592491142, 0.0178629383445, 0.00676680775359, 0.00296534900554, 0.00307961832732, 0.00113239826169, 0.00137048366014, 0.000825145514682, 0.000540531706065, 0.000868356553838, 0.000632706913166, 0.00045078175026, 0.000410677166656, 0.000389304157579, 0.000393879803596, 0.000193359068362, 0.000258488638792, 0.000195379092474, 0.000163825417985, 0.00021638085309, 0.000215808991925, 0.000141543190693, 0.000129083884531, 0.000186458666576, 0.000267405470368, 9.15059281397e-05, 2.42269616137e-05],
        "dvar": [1.78762002179e-05, 0.000659627257846, 0.000246210955083, 4.09429776482e-05, 2.26744032261e-05, 2.52184076999e-06, 3.54315557161e-06, 1.84867860753e-06, 8.37868981307e-07, 1.73596538389e-06, 1.23740733216e-06, 5.79365803333e-07, 4.87518661885e-07, 6.10503377629e-07, 2.26330726605e-07, 6.4770667052e-08, 1.42414563697e-07, 7.48635926584e-08, 6.05507892715e-08, 1.03745421143e-07, 1.05312871312e-07, 4.15667287257e-08, 3.29797380516e-08, 7.54352598165e-08, 1.90561451063e-07, 1.95251690371e-08, 1.6557013538e-09],
        "dvar2": [2.80366530205e-05, 0.00138123997021, 0.000624772394076, 0.000114435366413, 5.15109823027e-05, 6.25595748716e-06, 8.73163571669e-06, 3.19653941006e-06, 1.7576207938e-06, 4.07636662203e-06, 2.66474762611e-06, 1.15320654004e-06, 1.03646243588e-06, 1.37267204536e-06, 5.50211893824e-07, 1.65566106602e-07, 3.61693338391e-07, 1.69917299786e-07, 1.42136968861e-07, 2.47574860168e-07, 2.81980703676e-07, 1.08635482832e-07, 8.50398578223e-08, 1.94248855223e-07, 5.07825632212e-07, 4.9127898194e-08, 4.15865519798e-09],
        "max": [0.0783203244209, 0.329804062843, 0.153128549457, 0.110657945275, 0.0763401463628, 0.042508713901, 0.0484178550541, 0.0638421997428, 0.0294414144009, 0.0441258773208, 0.038649328053, 0.0238199140877, 0.0216006394476, 0.0382625795901, 0.00937529467046, 0.00598813639954, 0.00820902176201, 0.00763713615015, 0.00516076898202, 0.00527866045013, 0.00598134379834, 0.00414697825909, 0.00387898623012, 0.00630221702158, 0.00515044853091, 0.00314184906892, 0.000691836990882],
        "mean": [0.00666432082653, 0.02800706774, 0.00358243053779, 0.0018401449779, 0.00359802297316, 0.00182805676013, 0.00175583374221, 0.0013863616623, 0.000671460060403, 0.00109764526132, 0.00088173081167, 0.000485374126583, 0.00048041305854, 0.000467961159302, 0.000395249575377, 0.000193609477719, 0.000253221893217, 0.000230441291933, 0.000196555571165, 0.000245446164627, 0.000229458441027, 0.000168212267454, 0.000163125820109, 0.000204393640161, 0.000235072307987, 0.000103784099338, 2.15254476643e-05],
        "median": [5.90431300225e-05, 0.00290598161519, 0.000312520656735, 0.000378741999157, 0.00158192170784, 0.000738577567972, 0.000562714762054, 0.000418820534833, 0.000213041028474, 0.00040934944991, 0.000229673139984, 0.000136743154144, 0.000136197195388, 0.000103214959381, 0.000151307671331, 6.03104199399e-05, 7.98922264948e-05, 5.64165311516e-05, 4.57799906144e-05, 5.3782161558e-05, 3.23668500641e-05, 1.98777815967e-05, 1.5988265659e-05, 2.06843978958e-05, 1.81356117537e-05, 8.85009103513e-06, 1.70921197196e-07],
        "min": [1.8207337403e-25, 4.20827000677e-24, 2.97077857994e-24, 2.39898498013e-24, 2.12404711481e-23, 1.63457280707e-23, 1.41378578583e-23, 1.19650351582e-23, 3.29274864797e-23, 2.24850159775e-23, 1.63745435819e-23, 3.15258542005e-23, 3.56029965922e-23, 5.5787138812e-23, 5.80560100605e-23, 6.40234777512e-23, 8.22237610121e-23, 9.41494067675e-23, 1.52488655758e-22, 2.03378514516e-22, 3.09774545075e-22, 2.73315110597e-22, 4.68402179507e-22, 7.56976081443e-22, 8.96238783617e-22, 1.39291530307e-21, 2.1200727957e-21],
        "var": [0.000124122670968, 0.00189838046208, 0.0001902042859, 2.89747622446e-05, 3.8803100324e-05, 8.61745593284e-06, 1.08943959276e-05, 9.75058810582e-06, 2.51515803029e-06, 4.96582424603e-06, 4.21179584009e-06, 1.74333069936e-06, 1.45231319948e-06, 2.67127597908e-06, 4.2605603312e-07, 1.3552163125e-07, 2.57115942759e-07, 2.1189026711e-07, 1.70675875211e-07, 2.21918568855e-07, 1.85774354122e-07, 9.68919522393e-08, 8.54962962649e-08, 1.40137728977e-07, 2.37808805537e-07, 3.94901746859e-08, 2.75211653467e-09]
    },
    "erbbands": {
        "dmean": [0.616650879383, 1.8138988018, 4.26449203491, 4.85770177841, 5.46296453476, 8.11368274689, 5.93894290924, 6.22618675232, 12.1006908417, 11.3244981766, 12.4417085648, 8.62232303619, 16.7157688141, 18.8437480927, 12.5035905838, 13.6657571793, 11.924826622, 14.2313938141, 10.0806093216, 8.75574207306, 7.49068069458, 6.07592964172, 6.53306388855, 5.94410467148, 5.20619869232, 5.72265148163, 6.04658889771, 4.25775098801, 3.13216996193, 2.54487061501, 2.18043279648, 2.19021177292, 2.30022358894, 2.19528436661, 0.804186284542, 0.29720017314, 0.0976329445839, 0.0257504433393, 0.00232322048396, 4.4040112698e-05],
        "dmean2": [0.856077492237, 2.81587791443, 7.00917434692, 8.16570854187, 9.33209705353, 12.9233369827, 9.18407726288, 9.48703479767, 18.6916046143, 16.7213802338, 17.5485687256, 12.810218811, 25.8518199921, 27.8644809723, 19.8745651245, 20.6473522186, 18.0205917358, 21.849489212, 16.2763557434, 14.2144327164, 12.3544139862, 9.8877363205, 10.5586843491, 9.50048351288, 8.4717874527, 9.3258638382, 9.9983215332, 7.1638917923, 5.18185329437, 4.25602674484, 3.59341835976, 3.65666651726, 3.78116416931, 3.72445940971, 1.30050766468, 0.480858117342, 0.158141970634, 0.0413733050227, 0.00381703884341, 6.89860244165e-05],
        "dvar": [1.84672546387, 20.8501834869, 262.430877686, 315.336639404, 210.5546875, 565.608154297, 253.354309082, 188.744628906, 720.892700195, 693.877197266, 712.822570801, 543.56854248, 1644.91992188, 2058.83837891, 2266.59155273, 1320.70166016, 884.4609375, 1735.21252441, 445.758728027, 304.273681641, 313.937103271, 175.827774048, 222.458389282, 207.815582275, 157.566497803, 208.870025635, 218.76612854, 123.357246399, 60.8791007996, 38.1348648071, 24.9464530945, 23.7478103638, 33.6853408813, 35.4225273132, 4.14502763748, 0.496870100498, 0.0590739883482, 0.0042902934365, 4.23093079007e-05, 8.96900953506e-09],
        "dvar2": [3.40521836281, 48.3696479797, 639.234802246, 809.608520508, 580.01373291, 1314.92749023, 566.561279297, 465.794189453, 1727.07250977, 1329.44299316, 1470.98620605, 1084.99047852, 4108.92089844, 4469.85058594, 5694.35546875, 2537.75219727, 1861.72753906, 3853.26367188, 1055.42468262, 763.189025879, 812.090515137, 428.456756592, 510.123474121, 476.682373047, 378.204498291, 495.644165039, 574.303405762, 326.258575439, 151.339004517, 100.287147522, 64.2202148438, 62.1193389893, 87.048500061, 94.6595535278, 10.6629037857, 1.23417377472, 0.15078215301, 0.0107118524611, 0.00010785277118, 2.21696083713e-08],
        "max": [19.6183719635, 66.8690567017, 184.021987915, 259.04107666, 219.610565186, 398.801544189, 406.565185547, 349.040100098, 749.397949219, 1251.13574219, 818.302124023, 839.493225098, 1079.98547363, 1746.62524414, 2013.35888672, 1207.84606934, 960.254699707, 2077.69604492, 556.403686523, 388.070587158, 451.503479004, 303.784362793, 366.758453369, 383.41217041, 304.722961426, 312.626556396, 268.428222656, 228.792221069, 192.597869873, 122.927909851, 119.182731628, 103.486099243, 113.470901489, 67.833152771, 25.8057613373, 14.1787366867, 4.63737201691, 1.3320877552, 0.1073050946, 0.00189436646178],
        "mean": [1.58415198326, 3.1652765274, 4.29043960571, 5.27133655548, 8.42047023773, 13.5504779816, 13.0439739227, 14.7230396271, 26.5858631134, 25.1625213623, 28.5662117004, 17.6558132172, 29.7801017761, 42.5078430176, 22.6860904694, 24.0993309021, 22.7355117798, 28.8868274689, 19.1315364838, 15.5845746994, 13.2437105179, 11.332195282, 12.8927898407, 11.7453403473, 9.86175632477, 10.8421134949, 11.091504097, 7.61936044693, 6.13452339172, 5.33053064346, 4.52329206467, 4.17185354233, 3.65306377411, 3.03584742546, 1.32335245609, 0.522092878819, 0.1762547791, 0.0443874299526, 0.00336522399448, 0.000118384261441],
        "median": [0.0375206954777, 0.729265332222, 0.70177924633, 1.08353161812, 3.29031252861, 4.92401790619, 3.99454641342, 6.21689081192, 9.17139911652, 8.92635726929, 9.24833106995, 7.08527183533, 12.111618042, 12.4595317841, 7.58617591858, 7.45075321198, 7.72345733643, 8.15387153625, 7.54155731201, 6.29407262802, 4.68407440186, 3.7922706604, 3.45418739319, 2.89838838577, 2.36647415161, 2.28614091873, 1.85943114758, 1.00061702728, 0.715474009514, 0.55130982399, 0.455089777708, 0.394845962524, 0.323484659195, 0.232832878828, 0.10267560184, 0.0442651212215, 0.0146298445761, 0.00236733444035, 9.06414497877e-05, 3.99097698391e-05],
        "min": [1.37081003211e-22, 9.39475631365e-22, 3.48268685331e-21, 5.94178818568e-21, 5.26245261746e-20, 6.66057267585e-20, 8.88169543845e-20, 1.35984447274e-19, 2.57878105457e-19, 2.37056547722e-19, 3.78134010651e-19, 5.27158275272e-19, 6.87199629225e-19, 9.26129818583e-19, 1.19215234435e-18, 1.81588188819e-18, 2.00166975569e-18, 2.82323836138e-18, 3.04164423519e-18, 4.64812307656e-18, 4.75780019475e-18, 5.07207051129e-18, 5.06160667654e-18, 6.53043873487e-18, 7.85356375549e-18, 8.28017057588e-18, 1.24249161994e-17, 1.02304143061e-17, 8.4902562535e-18, 1.36349449508e-17, 1.38328421221e-17, 1.30771332231e-17, 1.30023172183e-17, 9.47683870599e-18, 6.51091561806e-18, 4.62843204208e-18, 2.42652419396e-18, 9.58818031837e-19, 2.76180407088e-19, 3.00228272942e-20],
        "var": [6.77196121216, 31.9880867004, 224.788406372, 253.91998291, 222.492706299, 816.847839355, 814.205810547, 610.596130371, 2439.99780273, 2999.70507812, 3215.67236328, 1533.30297852, 3287.09838867, 8295.57910156, 3623.56958008, 4265.17333984, 2710.19873047, 7968.07373047, 1040.0670166, 613.819763184, 588.206420898, 434.726898193, 625.494140625, 606.652770996, 374.037231445, 468.910949707, 416.527709961, 200.432723999, 153.309432983, 93.7699050903, 65.2432785034, 55.2955245972, 50.3390731812, 40.7105407715, 6.78757619858, 0.997924625874, 0.117744065821, 0.00836703088135, 6.92313114996e-05, 2.71125699669e-08]
    },
    "gfcc": {
        "mean": [-39.4988708496, 109.140228271, -109.670562744, 15.81553936, -50.49193573, 12.961848259, -29.7819824219, 7.44691562653, -17.9093971252, 4.94023513794, -10.7684965134, -0.0461398884654, -5.41265773773],
        "cov": [[20913.3300781, -5737.85693359, 1859.92614746, 1991.60803223, -375.554290771, 1693.38476562, -90.0093460083, 1684.74462891, -216.082870483, 1425.9901123, -34.6375045776, 1017.36090088, 60.1202735901], [-5737.85693359, 5621.82958984, -591.049316406, -928.497741699, 618.611938477, -892.572570801, 151.91746521, -1064.53723145, 240.664550781, -899.257141113, 135.487976074, -708.533203125, 30.6613903046], [1859.92614746, -591.049316406, 1321.41296387, 522.142944336, 197.066268921, 488.25604248, 180.201873779, 269.462371826, 72.1209869385, 257.714355469, 44.2465591431, 149.606552124, 70.2702941895], [1991.60803223, -928.497741699, 522.142944336, 835.316650391, -6.3761138916, 295.921356201, 121.551620483, 259.53805542, 9.1138086319, 197.730484009, 7.60850811005, 131.472091675, -14.6171569824], [-375.554290771, 618.611938477, 197.066268921, -6.3761138916, 426.45803833, 71.7091598511, 156.286193848, -18.3138389587, 79.1536636353, -21.1723098755, 67.7306289673, -47.7691497803, 28.7828159332], [1693.38476562, -892.572570801, 488.25604248, 295.921356201, 71.7091598511, 474.53503418, 136.768280029, 283.669921875, 19.1155910492, 242.878540039, 22.530424118, 142.434036255, 42.0195884705], [-90.0093460083, 151.91746521, 180.201873779, 121.551620483, 156.286193848, 136.768280029, 270.209381104, 80.5663299561, 90.8317871094, 33.0811882019, 39.055393219, 1.40774345398, 29.9547233582], [1684.74462891, -1064.53723145, 269.462371826, 259.53805542, -18.3138389587, 283.669921875, 80.5663299561, 402.592926025, 27.5334281921, 243.987609863, 8.80109977722, 154.346481323, 20.1041736603], [-216.082870483, 240.664550781, 72.1209869385, 9.1138086319, 79.1536636353, 19.1155910492, 90.8317871094, 27.5334281921, 152.617233276, 27.9630584717, 38.9412651062, -12.9082107544, 17.7089042664], [1425.9901123, -899.257141113, 257.714355469, 197.730484009, -21.1723098755, 242.878540039, 33.0811882019, 243.987609863, 27.9630584717, 292.764434814, 44.7178764343, 145.537460327, 18.4770259857], [-34.6375045776, 135.487976074, 44.2465591431, 7.60850811005, 67.7306289673, 22.530424118, 39.055393219, 8.80109977722, 38.9412651062, 44.7178764343, 105.366706848, 29.4072380066, 24.4808292389], [1017.36090088, -708.533203125, 149.606552124, 131.472091675, -47.7691497803, 142.434036255, 1.40774345398, 154.346481323, -12.9082107544, 145.537460327, 29.4072380066, 188.342559814, 43.4582595825], [60.1202735901, 30.6613903046, 70.2702941895, -14.6171569824, 28.7828159332, 42.0195884705, 29.9547233582, 20.1041736603, 17.7089042664, 18.4770259857, 24.4808292389, 43.4582595825, 103.499702454]],
        "icov": [[0.000114280395792, -0.000143459183164, 3.36792436428e-05, -0.000164462413522, 5.81682870688e-05, -0.00023542639974, 0.000262394663878, -0.000310463161441, 0.000218062501517, -0.000363128870958, 0.000321114523103, -0.000404892285587, 0.000115363065561], [-0.000143459183164, 0.00149709556717, -0.000354470394086, 0.000507390301209, -0.000801623566076, 0.00100205466151, -0.000755804241635, 0.00161790743005, -0.00142002431676, 0.00228223903105, -0.00238685542718, 0.00282128178515, -0.00111179379746], [3.36792436428e-05, -0.000354470394086, 0.00158908078447, -0.000739707320463, -0.000344967964338, -0.00142761471216, 0.000454687338788, -1.29578120323e-05, -0.00011991453357, -0.000761812145356, 0.000855062680785, -0.000749873288441, -0.000282332388451], [-0.000164462413522, 0.000507390301209, -0.000739707320463, 0.00229209312238, 0.000132696295623, 0.000421752862167, -0.00122227217071, 0.000233612561715, -0.000213657287532, 0.000886669091415, -0.000934611540288, 0.000597116712015, 0.00071999814827], [5.81682870688e-05, -0.000801623566076, -0.000344967964338, 0.000132696295623, 0.00423053279519, -0.00105185830034, -0.00107275217306, -0.000747173908167, 0.000424132857006, -0.000398621516069, -0.00086739694234, -0.000300898769638, 0.000492902996484], [-0.00023542639974, 0.00100205466151, -0.00142761471216, 0.000421752862167, -0.00105185830034, 0.00741353956982, -0.00282320939004, -0.00024003686849, 0.000740024494007, -0.00122724601533, -0.000510797137395, 0.0016413476551, -0.00146073405631], [0.000262394663878, -0.000755804241635, 0.000454687338788, -0.00122227217071, -0.00107275217306, -0.00282320939004, 0.00776290521026, -0.00206561316736, -0.00214485265315, 0.000487492943648, 0.00041970712482, -0.000791416328866, -0.00029783017817], [-0.000310463161441, 0.00161790743005, -1.29578120323e-05, 0.000233612561715, -0.000747173908167, -0.00024003686849, -0.00206561316736, 0.00868581514806, -0.00244408822618, -0.000748924561776, -0.000533425016329, 0.0011941480916, -0.00086462078616], [0.000218062501517, -0.00142002431676, -0.00011991453357, -0.000213657287532, 0.000424132857006, 0.000740024494007, -0.00214485265315, -0.00244408822618, 0.0111787430942, -0.00423857569695, 0.000387337058783, -0.000748247024603, 8.89185757842e-05], [-0.000363128870958, 0.00228223903105, -0.000761812145356, 0.000886669091415, -0.000398621516069, -0.00122724601533, 0.000487492943648, -0.000748924561776, -0.00423857569695, 0.014589282684, -0.00746476929635, 0.00156756408978, 1.89165548363e-05], [0.000321114523103, -0.00238685542718, 0.000855062680785, -0.000934611540288, -0.00086739694234, -0.000510797137395, 0.00041970712482, -0.000533425016329, 0.000387337058783, -0.00746476929635, 0.0178970377892, -0.00720882089809, 0.000298834696878], [-0.000404892285587, 0.00282128178515, -0.000749873288441, 0.000597116712015, -0.000300898769638, 0.0016413476551, -0.000791416328866, 0.0011941480916, -0.000748247024603, 0.00156756408978, -0.00720882089809, 0.0173177942634, -0.00631098961458], [0.000115363065561, -0.00111179379746, -0.000282332388451, 0.00071999814827, 0.000492902996484, -0.00146073405631, -0.00029783017817, -0.00086462078616, 8.89185757842e-05, 1.89165548363e-05, 0.000298834696878, -0.00631098961458, 0.0134883318096]]
    },
    "melbands": {
        "dmean": [0.00412766356021, 0.00209104898386, 0.000812440761365, 0.000477244175272, 0.000233568163821, 0.000143754805322, 0.000187719881069, 0.000120038435853, 9.74727590801e-05, 5.58650135645e-05, 8.29603595776e-05, 7.54483626224e-05, 4.3666746933e-05, 3.81239005947e-05, 2.24175764743e-05, 3.24528882629e-05, 2.93313096336e-05, 1.47396322063e-05, 1.87519071915e-05, 9.52116442932e-06, 1.04569135146e-05, 7.6636661106e-06, 6.64203889755e-06, 5.62599370824e-06, 5.25296127307e-06, 3.71286523659e-06, 4.22848870585e-06, 4.26024462286e-06, 4.15582462665e-06, 3.53695895683e-06, 2.53028679253e-06, 2.04981347451e-06, 1.50573498559e-06, 1.49333493482e-06, 1.34497918225e-06, 1.43461807056e-06, 1.40097517942e-06, 1.38772975333e-06, 2.31230865211e-06, 1.80222059498e-06],
        "dmean2": [0.00587439583614, 0.00324790459126, 0.001334282686, 0.00077809439972, 0.000360332691344, 0.000218429107917, 0.000290637690341, 0.00017430789012, 0.000138815827086, 8.40334250825e-05, 0.000128425628645, 0.000111896515591, 6.79415315972e-05, 5.8665900724e-05, 3.37945311912e-05, 4.91569771839e-05, 4.54562214145e-05, 2.38893098867e-05, 3.05948815367e-05, 1.56022215378e-05, 1.73843527591e-05, 1.26169143186e-05, 1.05551207525e-05, 9.17563738767e-06, 8.4341982074e-06, 6.09803191765e-06, 7.01816225046e-06, 6.91016566634e-06, 6.8846297836e-06, 5.97534335611e-06, 4.31215494245e-06, 3.43043870998e-06, 2.52295990322e-06, 2.50572998084e-06, 2.22222161028e-06, 2.42654755311e-06, 2.34823437495e-06, 2.27375903705e-06, 3.91257253796e-06, 3.06768015434e-06],
        "dvar": [7.66686716815e-05, 4.48320461146e-05, 7.55718656364e-06, 1.5527218693e-06, 3.34050440642e-07, 9.48294953673e-08, 1.64767754995e-07, 8.54780779491e-08, 4.50500365901e-08, 2.37328041663e-08, 4.0262282397e-08, 3.55488793957e-08, 2.01615435458e-08, 9.76200098535e-09, 2.74282974111e-09, 8.26959301037e-09, 8.81893935656e-09, 9.94641924379e-10, 1.46955070335e-09, 4.46633507956e-10, 7.74807551451e-10, 3.17880610723e-10, 2.5709687157e-10, 1.53802137692e-10, 1.77999115447e-10, 9.03680047459e-11, 1.11863393548e-10, 1.33835970084e-10, 1.02154860959e-10, 8.48430700695e-11, 4.71680576541e-11, 2.74165412595e-11, 1.1927220496e-11, 1.49225406337e-11, 1.09037744112e-11, 8.36573085111e-12, 1.03346550068e-11, 1.15124654601e-11, 4.02503863572e-11, 2.37614320581e-11],
        "dvar2": [0.000148055507452, 0.000101736550278, 1.85166936717e-05, 3.665803888e-06, 7.26479413515e-07, 2.33331689969e-07, 3.95620560312e-07, 1.49895370782e-07, 9.34035142564e-08, 4.77302855018e-08, 1.00524545132e-07, 7.81277478268e-08, 4.90165206202e-08, 2.06483026233e-08, 5.27640908743e-09, 1.77253447475e-08, 1.95932674529e-08, 2.36627228922e-09, 3.59953378215e-09, 1.13336606766e-09, 2.01960381752e-09, 7.92994780952e-10, 5.72758673822e-10, 3.7917760598e-10, 4.07379935341e-10, 2.18228976556e-10, 2.79016365567e-10, 3.05808933732e-10, 2.6066940273e-10, 2.27914714879e-10, 1.25912974491e-10, 6.95570545606e-11, 3.11833718569e-11, 3.90013750462e-11, 2.89394203046e-11, 2.19908362353e-11, 2.73077897101e-11, 2.94008983825e-11, 1.07413786199e-10, 6.38884153914e-11],
        "max": [0.123444102705, 0.083140000701, 0.0428100861609, 0.0188303813338, 0.0151997348294, 0.00699319131672, 0.0112977800891, 0.0153995910659, 0.00600883504376, 0.00573130277917, 0.00544214155525, 0.00742600485682, 0.00520425708964, 0.0027291662991, 0.00202777469531, 0.00285035744309, 0.00476110866293, 0.000803516770247, 0.000754125474487, 0.000548553536646, 0.000761998235248, 0.000428468454629, 0.000522292393725, 0.000309659371851, 0.000322158681229, 0.000274205231108, 0.000288013077807, 0.000278009596514, 0.000186747711268, 0.000194910957362, 0.000138375107781, 0.000111816567369, 7.52444393584e-05, 0.00010002151248, 7.91810525698e-05, 5.80799605814e-05, 6.84467158862e-05, 7.53432832425e-05, 8.37410334498e-05, 6.01780011493e-05],
        "mean": [0.0105023737997, 0.00275547313504, 0.00102010497358, 0.000794689171016, 0.000494195031933, 0.000342206185451, 0.000409867730923, 0.000275696540484, 0.000216531334445, 0.000106385479739, 0.000143646029755, 0.000164932469488, 8.36125400383e-05, 6.34535390418e-05, 4.0803119191e-05, 5.6419554312e-05, 5.52718665858e-05, 2.69155680144e-05, 2.97249389405e-05, 1.58588463819e-05, 1.62768556038e-05, 1.27346629597e-05, 1.15445345727e-05, 1.06501347545e-05, 9.47108492255e-06, 6.5296972025e-06, 7.11360598871e-06, 7.50361459723e-06, 7.1251947702e-06, 6.03783564657e-06, 4.00249655286e-06, 3.59181626663e-06, 2.96839994007e-06, 2.91012679554e-06, 2.56819953393e-06, 2.66303777607e-06, 2.4489390853e-06, 2.35051561503e-06, 2.9579061902e-06, 2.45650289799e-06],
        "median": [0.000573330442421, 0.000838034320623, 0.000267213268671, 0.000326428853441, 0.000173226493644, 0.000140222924529, 0.000139446172398, 9.53504350036e-05, 6.22273073532e-05, 3.96464311052e-05, 5.28028976987e-05, 4.41080337623e-05, 2.51529127127e-05, 1.83983574971e-05, 1.45498597703e-05, 1.4228740838e-05, 1.20835538837e-05, 9.64421178651e-06, 1.12087054731e-05, 5.15686770086e-06, 5.0693661251e-06, 3.98248812417e-06, 3.28275223183e-06, 2.4358932933e-06, 2.17486876863e-06, 1.42201838571e-06, 1.63550816978e-06, 1.42513795254e-06, 1.25839358134e-06, 7.5479113093e-07, 4.68076052584e-07, 3.93644455698e-07, 3.27230054609e-07, 2.69094812211e-07, 2.52706541914e-07, 2.20216548996e-07, 2.21673019496e-07, 2.20541892304e-07, 2.07580427514e-07, 1.80746781098e-07],
        "min": [1.52183850949e-24, 1.64710616997e-24, 2.21284121941e-24, 3.77402179996e-24, 4.66905194455e-24, 3.56031583087e-24, 4.64276354931e-24, 2.85140716168e-24, 3.65786715927e-24, 3.61294744717e-24, 3.15080235775e-24, 3.38990570369e-24, 3.35188142477e-24, 3.14672374965e-24, 4.50973556828e-24, 3.64807345113e-24, 5.27793817854e-24, 3.90202237045e-24, 3.91952403849e-24, 3.98126660382e-24, 4.53467580023e-24, 4.67638480109e-24, 4.60132902469e-24, 4.60968661155e-24, 4.55707432234e-24, 6.23498817306e-24, 4.92230508854e-24, 4.60908352739e-24, 6.47285616283e-24, 6.10959597117e-24, 4.75647193234e-24, 4.2636685527e-24, 5.8678254865e-24, 6.68004574642e-24, 6.02216572818e-24, 4.96593382977e-24, 7.32421772871e-24, 8.33187078371e-24, 8.99953662148e-24, 6.99023926499e-24],
        "var": [0.000274008401902, 4.88287914777e-05, 6.95092739988e-06, 2.0482623313e-06, 1.01514910966e-06, 3.09999734327e-07, 5.65378002193e-07, 4.18023461179e-07, 1.96422732301e-07, 6.54287504176e-08, 8.11830673797e-08, 1.36638547588e-07, 3.94681691773e-08, 2.62601211887e-08, 8.23689738638e-09, 2.3965913698e-08, 4.00949993207e-08, 2.39254505097e-09, 2.65700239588e-09, 9.36037802823e-10, 1.17363774255e-09, 6.6605110316e-10, 6.4707939007e-10, 4.1335904144e-10, 4.73482253405e-10, 1.85681942044e-10, 2.04555913874e-10, 2.95085123003e-10, 1.77623998843e-10, 1.63873803416e-10, 6.43245595677e-11, 5.71494379598e-11, 3.05762325181e-11, 3.1643011128e-11, 2.33252514525e-11, 2.18154331405e-11, 2.05765023076e-11, 1.96471745123e-11, 4.36800456916e-11, 2.68451667146e-11]
    },
    "mfcc": {
        "mean": [-681.054443359, 139.912353516, 5.3415389061, 10.8580722809, 4.50887155533, 5.30320644379, 2.52344202995, 1.35969424248, 3.43464231491, 2.89092302322, 0.978219866753, 1.38278377056, 1.1432710886],
        "cov": [[13671.4384766, -3831.92480469, 981.473510742, 976.249816895, 389.369842529, 390.740814209, 650.964172363, 304.999694824, 497.791748047, 524.265625, 254.195037842, 491.354034424, 345.883636475], [-3831.92480469, 4098.83691406, -285.100463867, -353.405670166, 91.8416595459, -27.9745101929, -284.460174561, -170.538391113, -261.618011475, -260.627441406, -127.184761047, -240.107315063, -173.990081787], [981.473510742, -285.100463867, 922.711791992, 224.113845825, 237.04107666, 256.600280762, 222.554946899, 102.024894714, 167.984207153, 107.415603638, 103.015556335, 106.471252441, 36.0911979675], [976.249816895, -353.405670166, 224.113845825, 540.790100098, 47.4382362366, 119.561660767, 94.4487075806, 89.149559021, 45.5118217468, 64.1057662964, 57.7069702148, 54.0951156616, 31.1040039062], [389.369842529, 91.8416595459, 237.04107666, 47.4382362366, 282.59677124, 118.785964966, 110.107131958, 42.9777603149, 50.857208252, 50.7782402039, 39.1141548157, 47.349281311, 24.3288288116], [390.740814209, -27.9745101929, 256.600280762, 119.561660767, 118.785964966, 256.563079834, 144.25038147, 72.603805542, 79.7611083984, 63.5158042908, 55.7637138367, 53.0967483521, 25.3248977661], [650.964172363, -284.460174561, 222.554946899, 94.4487075806, 110.107131958, 144.25038147, 260.94128418, 103.73802948, 118.887588501, 92.3267669678, 59.1743507385, 79.33568573, 56.3328285217], [304.999694824, -170.538391113, 102.024894714, 89.149559021, 42.9777603149, 72.603805542, 103.73802948, 153.375976562, 93.4846420288, 58.255153656, 41.969417572, 41.8732528687, 30.0919303894], [497.791748047, -261.618011475, 167.984207153, 45.5118217468, 50.857208252, 79.7611083984, 118.887588501, 93.4846420288, 189.812316895, 109.34727478, 55.2649269104, 65.342376709, 41.949962616], [524.265625, -260.627441406, 107.415603638, 64.1057662964, 50.7782402039, 63.5158042908, 92.3267669678, 58.255153656, 109.34727478, 155.198776245, 80.952796936, 57.5845718384, 32.0746765137], [254.195037842, -127.184761047, 103.015556335, 57.7069702148, 39.1141548157, 55.7637138367, 59.1743507385, 41.969417572, 55.2649269104, 80.952796936, 127.749725342, 70.7167358398, 28.2316398621], [491.354034424, -240.107315063, 106.471252441, 54.0951156616, 47.349281311, 53.0967483521, 79.33568573, 41.8732528687, 65.342376709, 57.5845718384, 70.7167358398, 136.818359375, 72.7014007568], [345.883636475, -173.990081787, 36.0911979675, 31.1040039062, 24.3288288116, 25.3248977661, 56.3328285217, 30.0919303894, 41.949962616, 32.0746765137, 28.2316398621, 72.7014007568, 111.254646301]],
