{
"lowlevel": {
    "average_loudness": 0.856563389301,
    "barkbands_crest": {
        "dmean": 3.48420858383,
        "dmean2": 5.56994247437,
        "dvar": 8.5787115097,
        "dvar2": 22.3721141815,
        "max": 25.5077381134,
        "mean": 11.9054460526,
        "median": 11.6468629837,
        "min": 1.97234356403,
        "var": 23.6007804871
    },
    "barkbands_flatness_db": {
        "dmean": 0.0250267311931,
        "dmean2": 0.0392002873123,
        "dvar": 0.000532148289494,
        "dvar2": 0.001277344767,
        "max": 0.378316611052,
        "mean": 0.111919566989,
        "median": 0.101041249931,
        "min": 0.0125228976831,
        "var": 0.00365169183351
    },
    "barkbands_kurtosis": {
        "dmean": 3.05700516701,
        "dmean2": 4.97667503357,
        "dvar": 25.684961319,
        "dvar2": 69.9898223877,
        "max": 134.330871582,
        "mean": 4.35536813736,
        "median": 2.12178039551,
        "min": -1.70904159546,
        "var": 83.2326049805
    },
    "barkbands_skewness": {
        "dmean": 0.634092509747,
        "dmean2": 1.01298093796,
        "dvar": 0.393524885178,
        "dvar2": 0.991587102413,
        "max": 10.0631971359,
        "mean": 1.74612617493,
        "median": 1.59661436081,
        "min": -1.87363171577,
        "var": 1.43204700947
    },
    "barkbands_spread": {
        "dmean": 7.59696769714,
        "dmean2": 12.1543483734,
        "dvar": 62.2651100159,
        "dvar2": 156.489044189,
        "max": 95.8355331421,
        "mean": 31.1448001862,
        "median": 29.5828323364,
        "min": 1.04807877541,
        "var": 305.940460205
    },
    "dissonance": {
        "dmean": 0.0149587644264,
        "dmean2": 0.0253192652017,
        "dvar": 0.000252384430496,
        "dvar2": 0.000684427388478,
        "max": 0.499989002943,
        "mean": 0.471391737461,
        "median": 0.479972720146,
        "min": 0.286253601313,
        "var": 0.000765975448303
    },
    "dynamic_complexity": 3.87397670746,
    "erbbands_crest": {
        "dmean": 2.3721344471,
        "dmean2": 3.92200541496,
        "dvar": 5.99606657028,
        "dvar2": 15.3610906601,
        "max": 28.8259162903,
        "mean": 7.21858501434,
        "median": 5.84977912903,
        "min": 2.1229121685,
        "var": 16.8761291504
    },
    "erbbands_flatness_db": {
        "dmean": 0.0138521585613,
        "dmean2": 0.020938705653,
        "dvar": 0.000191470258869,
        "dvar2": 0.000407126935897,
        "max": 0.361797839403,
        "mean": 0.116338685155,
        "median": 0.0984839051962,
        "min": 0.0386267080903,
        "var": 0.00300797936507
    },
    "erbbands_kurtosis": {
        "dmean": 0.683325946331,
        "dmean2": 1.11583006382,
        "dvar": 0.898727893829,
        "dvar2": 2.36543273926,
        "max": 19.3147945404,
        "mean": 0.192830681801,
        "median": -0.315541505814,
        "min": -1.5710003376,
        "var": 2.74475002289
    },
    "erbbands_skewness": {
        "dmean": 0.297175526619,
        "dmean2": 0.473489046097,
        "dvar": 0.0664776265621,
        "dvar2": 0.165649950504,
        "max": 3.7880153656,
        "mean": 0.125659257174,
        "median": 0.0586735345423,
        "min": -2.91429042816,
        "var": 0.429349958897
    },
    "erbbands_spread": {
        "dmean": 8.05558681488,
        "dmean2": 12.9197263718,
        "dvar": 58.6493225098,
        "dvar2": 145.295516968,
        "max": 121.222015381,
        "mean": 44.4346694946,
        "median": 45.1604232788,
        "min": 4.81117200851,
        "var": 281.785949707
    },
    "hfc": {
        "dmean": 11.225479126,
        "dmean2": 18.217250824,
        "dvar": 474.024719238,
        "dvar2": 1202.37011719,
        "max": 254.010757446,
        "mean": 34.1077919006,
        "median": 24.8880405426,
        "min": 1.11265374449e-16,
        "var": 1092.72143555
    },
    "melbands_crest": {
        "dmean": 4.52314281464,
        "dmean2": 7.42144298553,
        "dvar": 16.6129798889,
        "dvar2": 41.3249015808,
        "max": 38.4684410095,
        "mean": 18.8073577881,
        "median": 18.2120132446,
        "min": 1.52019429207,
        "var": 51.8750419617
    },
    "melbands_flatness_db": {
        "dmean": 0.0325147397816,
        "dmean2": 0.0512339100242,
        "dvar": 0.000923562038224,
        "dvar2": 0.00224972539581,
        "max": 0.466127961874,
        "mean": 0.184642285109,
        "median": 0.182245075703,
        "min": 0.00177537032869,
        "var": 0.00488265883178
    },
    "melbands_kurtosis": {
        "dmean": 9.93076515198,
        "dmean2": 16.0632228851,
        "dvar": 249.781494141,
        "dvar2": 639.348205566,
        "max": 421.674285889,
        "mean": 17.992193222,
        "median": 10.420674324,
        "min": -1.46200871468,
        "var": 743.700439453
    },
    "melbands_skewness": {
        "dmean": 0.997553229332,
        "dmean2": 1.59081578255,
        "dvar": 1.00127255917,
        "dvar2": 2.49722242355,
        "max": 18.1299610138,
        "mean": 3.28419113159,
        "median": 2.928647995,
        "min": -0.566562533379,
        "var": 3.73250746727
    },
    "melbands_spread": {
        "dmean": 9.36707878113,
        "dmean2": 15.4032583237,
        "dvar": 128.678619385,
        "dvar2": 336.973358154,
        "max": 173.379241943,
        "mean": 25.4437656403,
        "median": 20.3671875,
        "min": 0.639929652214,
        "var": 336.724090576
    },
    "pitch_salience": {
        "dmean": 0.0978442505002,
        "dmean2": 0.157418683171,
        "dvar": 0.00797436013818,
        "dvar2": 0.0201337914914,
        "max": 0.968033194542,
        "mean": 0.487062543631,
        "median": 0.484027296305,
        "min": 0.0597334392369,
        "var": 0.0199908055365
    },
    "silence_rate_20dB": {
        "dmean": 0,
        "dmean2": 0,
        "dvar": 0,
        "dvar2": 0,
        "max": 1,
        "mean": 1,
        "median": 1,
        "min": 1,
        "var": 0
    },
    "silence_rate_30dB": {
        "dmean": 0.0192307699472,
        "dmean2": 0.0384656041861,
        "dvar": 0.0188590530306,
        "dvar2": 0.0460690297186,
        "max": 1,
        "mean": 0.979609072208,
        "median": 1,
        "min": 0,
        "var": 0.0199730731547
    },
    "silence_rate_60dB": {
        "dmean": 0.0120456470177,
        "dmean2": 0.0240938384086,
        "dvar": 0.0119004296139,
        "dvar2": 0.0283738505095,
        "max": 1,
        "mean": 0.0805071294308,
        "median": 0,
        "min": 0,
        "var": 0.0740206763148
    },
    "spectral_centroid": {
        "dmean": 267.152038574,
        "dmean2": 432.100097656,
        "dvar": 81211.3671875,
        "dvar2": 210131.546875,
        "max": 11244.5341797,
        "mean": 1783.75915527,
        "median": 1885.33850098,
        "min": 258.8543396,
        "var": 544778.75
    },
    "spectral_complexity": {
        "dmean": 4.61961126328,
        "dmean2": 7.11296606064,
        "dvar": 31.9426898956,
        "dvar2": 66.3195343018,
        "max": 64,
        "mean": 25.0721607208,
        "median": 25,
        "min": 0,
        "var": 229.812866211
    },
    "spectral_decrease": {
        "dmean": 3.48038664555e-09,
        "dmean2": 5.55552137627e-09,
        "dvar": 1.80172841432e-17,
        "dvar2": 4.69715867414e-17,
        "max": -1.24031826386e-28,
        "mean": -9.84716663766e-09,
        "median": -8.53400283773e-09,
        "min": -5.4424958762e-08,
        "var": 5.97788473267e-17
    },
    "spectral_energy": {
        "dmean": 0.0134920431301,
        "dmean2": 0.0216833204031,
        "dvar": 0.000269266602118,
        "dvar2": 0.000696127011906,
        "max": 0.207382529974,
        "mean": 0.0402590036392,
        "median": 0.0362072810531,
        "min": 1.05602271396e-20,
        "var": 0.00094234244898
    },
    "spectral_energyband_high": {
        "dmean": 0.000929061789066,
        "dmean2": 0.00148585054558,
        "dvar": 3.43590158991e-06,
        "dvar2": 8.40897791932e-06,
        "max": 0.0252739563584,
        "mean": 0.00252297078259,
        "median": 0.00158499798272,
        "min": 7.60918517947e-21,
        "var": 8.60679483594e-06
    },
    "spectral_energyband_low": {
        "dmean": 0.0121700558811,
        "dmean2": 0.019510967657,
        "dvar": 0.000267986324616,
        "dvar2": 0.000700381351635,
        "max": 0.202170148492,
        "mean": 0.0244650598615,
        "median": 0.0159481279552,
        "min": 3.48786014001e-23,
        "var": 0.000671231537126
    },
    "spectral_energyband_middle_high": {
        "dmean": 0.00238969526254,
        "dmean2": 0.00412395177409,
        "dvar": 2.75016300293e-05,
        "dvar2": 7.84723524703e-05,
        "max": 0.0629822984338,
        "mean": 0.00542686413974,
        "median": 0.00436638575047,
        "min": 1.64386041361e-21,
        "var": 2.91800788546e-05
    },
    "spectral_energyband_middle_low": {
        "dmean": 0.00453580962494,
        "dmean2": 0.00731577118859,
        "dvar": 5.63451139897e-05,
        "dvar2": 0.000149658488226,
        "max": 0.0911869630218,
        "mean": 0.00867351610214,
        "median": 0.00645392481238,
        "min": 2.58541803192e-22,
        "var": 7.46994264773e-05
    },
    "spectral_entropy": {
        "dmean": 0.109897904098,
        "dmean2": 0.173575147986,
        "dvar": 0.0158865302801,
        "dvar2": 0.0387069880962,
        "max": 9.81511688232,
        "mean": 7.96041584015,
        "median": 8.11397361755,
        "min": 5.48650598526,
        "var": 0.187968239188
    },
    "spectral_flux": {
        "dmean": 0.0278233829886,
        "dmean2": 0.0427893996239,
        "dvar": 0.000908385147341,
        "dvar2": 0.00194397871383,
        "max": 0.332712948322,
        "mean": 0.102825216949,
        "median": 0.0969379097223,
        "min": 6.98931745813e-11,
        "var": 0.00374666997232
    },
    "spectral_kurtosis": {
        "dmean": 0.944648623466,
        "dmean2": 1.61292231083,
        "dvar": 3.11164736748,
        "dvar2": 9.39019203186,
        "max": 39.4294586182,
        "mean": 3.46355819702,
        "median": 2.57636547089,
        "min": -1.19195127487,
        "var": 8.42415142059
    },
    "spectral_rms": {
        "dmean": 0.000983349629678,
        "dmean2": 0.00155742256902,
        "dvar": 1.06765082819e-06,
        "dvar2": 2.64147911366e-06,
        "max": 0.0142240785062,
        "mean": 0.0056907297112,
        "median": 0.00594341475517,
        "min": 3.20977576115e-12,
        "var": 6.89300168233e-06
    },
    "spectral_rolloff": {
        "dmean": 794.124633789,
        "dmean2": 1312.50427246,
        "dvar": 1209132.375,
        "dvar2": 2988101.25,
        "max": 18217.0898438,
        "mean": 1665.34326172,
        "median": 1012.06054688,
        "min": 43.06640625,
        "var": 2869356.5
    },
    "spectral_skewness": {
        "dmean": 0.139195278287,
        "dmean2": 0.22833172977,
        "dvar": 0.026939034462,
        "dvar2": 0.0751863569021,
        "max": 4.66981124878,
        "mean": 1.38246285915,
        "median": 1.27275121212,
        "min": -0.0282915271819,
        "var": 0.146277442575
    },
    "spectral_spread": {
        "dmean": 473898.46875,
        "dmean2": 738445.6875,
        "dvar": 345282674688,
        "dvar2": 752571711488,
        "max": 40530444,
        "mean": 5497477,
        "median": 5735923,
        "min": 1313840.5,
        "var": 2.41523045171e+12
    },
    "spectral_strongpeak": {
        "dmean": 0.265182316303,
        "dmean2": 0.45957839489,
        "dvar": 0.183826893568,
        "dvar2": 0.493740409613,
        "max": 7.36348772049,
        "mean": 0.461245417595,
        "median": 0.320990085602,
        "min": 0,
        "var": 0.221978351474
    },
    "zerocrossingrate": {
        "dmean": 0.0130964005366,
        "dmean2": 0.0160729307681,
        "dvar": 0.000185084325494,
        "dvar2": 0.000248543306952,
        "max": 0.72314453125,
        "mean": 0.0735380426049,
        "median": 0.06591796875,
        "min": 0.001953125,
        "var": 0.00182905024849
    },
    "barkbands": {
        "dmean": [0.00126114697196, 0.0105455154553, 0.00304862949997, 0.001783263986, 0.00171655172016, 0.00109846319538, 0.000690030108672, 0.000557531078812, 0.000803384231403, 0.000557087245397, 0.000564019719604, 0.000533909827936, 0.000480150629301, 0.000224760369747, 0.000318695354508, 0.000299196632113, 0.00026762401103, 0.000262244808255, 0.000238662410993, 0.000265185546596, 0.000225527503062, 0.000188627105672, 0.000166986865224, 0.000151800399181, 0.000138468953082, 0.000145700905705, 4.55529843748e-05],
        "dmean2": [0.00172891060356, 0.017113763839, 0.0052078422159, 0.00319819455035, 0.00300034112297, 0.00169262907002, 0.00109418318607, 0.000885475543328, 0.00129389960784, 0.000909811758902, 0.000965177780017, 0.000962835270911, 0.000829743978102, 0.000385871098842, 0.000554173602723, 0.000533236539923, 0.000468498328701, 0.000456794921774, 0.000402980804211, 0.000460351642687, 0.000375729694497, 0.000308418268105, 0.000279404193861, 0.000249473203439, 0.000218257933739, 0.000240013410803, 7.28851518943e-05],
        "dvar": [5.52865594727e-06, 0.000227956203162, 4.34236426372e-05, 1.9017710656e-05, 1.5659881683e-05, 2.99035946227e-06, 1.48108779285e-06, 1.51750032273e-06, 2.33036303143e-06, 1.11480596843e-06, 1.03191825929e-06, 2.282008154e-06, 6.96219558449e-07, 1.90167043002e-07, 2.74868796168e-07, 3.94253760305e-07, 2.16814484588e-07, 2.26376826618e-07, 1.25658402794e-07, 2.09723708622e-07, 1.68191007788e-07, 1.15875522511e-07, 1.09070391829e-07, 9.31426313855e-08, 8.75420695934e-08, 1.09647196211e-07, 9.45055056434e-09],
        "dvar2": [1.09067705125e-05, 0.00060678680893, 0.00011648752843, 5.58284773433e-05, 4.39258437837e-05, 6.99519432601e-06, 3.53432778866e-06, 3.55875931746e-06, 5.73146962779e-06, 2.60116871686e-06, 2.77528806691e-06, 6.59602437736e-06, 1.9272024474e-06, 5.25349491909e-07, 7.73972487877e-07, 1.13141720703e-06, 6.18721514911e-07, 6.39038944428e-07, 3.30937353965e-07, 5.91837761021e-07, 4.29689123393e-07, 2.86801565608e-07, 2.87636623852e-07, 2.35376276692e-07, 2.12906726915e-07, 2.95578672649e-07, 2.40379609551e-08],
        "max": [0.0305974446237, 0.184806779027, 0.0897322893143, 0.0407652035356, 0.0588283762336, 0.0385288111866, 0.0195793136954, 0.0232313107699, 0.0249190740287, 0.0225931089371, 0.0156069826335, 0.0170361101627, 0.00998111348599, 0.00822396576405, 0.00792361143976, 0.00826977100223, 0.00645178230479, 0.00719137955457, 0.00604650517926, 0.00544849224389, 0.00542843155563, 0.00550166238099, 0.00566741265357, 0.00552940042689, 0.00517685059458, 0.00445778062567, 0.0018374157371],
        "mean": [0.00239490484819, 0.0177409630269, 0.0036010874901, 0.00152531638741, 0.00199041538872, 0.00193540228065, 0.00105011695996, 0.000785839685705, 0.00119942624588, 0.000743706768844, 0.000725135090761, 0.000554759812076, 0.000657013210002, 0.000328290916514, 0.000487581739435, 0.000426583574153, 0.000425382982939, 0.000433832843555, 0.000484094198328, 0.000504030496813, 0.000486766046379, 0.000421643373556, 0.000368110602722, 0.000351342896465, 0.000307656882796, 0.000268334290013, 6.14397722529e-05],
        "median": [0.000352849485353, 0.00930244941264, 0.00109571346547, 0.000429563573562, 0.000828874821309, 0.00084981310647, 0.0003428075579, 0.000214529674849, 0.000444464531029, 0.000319701473927, 0.000311644660542, 0.00024104793556, 0.000379348697606, 0.000182282325113, 0.000283795088762, 0.000255429040408, 0.000254132086411, 0.000257889681961, 0.000334532174747, 0.000326678011334, 0.000329261820298, 0.000272730219876, 0.000225132534979, 0.000196759719984, 0.000149721949128, 0.000116818693641, 7.79282981966e-06],
        "min": [2.37985313103e-24, 2.65940078393e-24, 1.92381433777e-23, 9.00776522959e-24, 2.43156844595e-23, 4.72046161531e-23, 3.67111473711e-23, 4.23213020925e-23, 5.98034884268e-23, 9.42384218321e-23, 4.21051289609e-23, 8.63618160874e-23, 8.59624378992e-23, 7.02209457275e-23, 1.617209663e-22, 1.86764826173e-22, 1.77231625149e-22, 1.63416007505e-22, 1.85445535195e-22, 2.25619469551e-22, 4.80043746984e-22, 4.93620081028e-22, 6.0173774687e-22, 6.4335648313e-22, 1.18393264495e-21, 1.59387344086e-21, 2.05192106999e-21],
        "var": [1.59141782206e-05, 0.000453409709735, 4.39503019152e-05, 1.30023909151e-05, 1.31508240884e-05, 8.10871733847e-06, 3.22698019772e-06, 2.98857844427e-06, 4.31141370427e-06, 1.70377859376e-06, 1.27655061988e-06, 1.51057167841e-06, 7.50970855279e-07, 2.09764763781e-07, 3.68030356412e-07, 3.53138716491e-07, 2.66136339633e-07, 2.8811709285e-07, 2.71134553032e-07, 3.52671634118e-07, 3.12163820126e-07, 2.46870712317e-07, 2.06331407071e-07, 2.04652266689e-07, 1.90729195992e-07, 1.6653955015e-07, 1.41942528842e-08]
    },
    "erbbands": {
        "dmean": [0.43369230628, 2.05449938774, 3.42475199699, 4.74848413467, 5.74454164505, 5.84300231934, 6.28012704849, 10.4491319656, 9.47537899017, 9.0513753891, 13.0648784637, 22.4136943817, 11.6824998856, 21.7439727783, 23.2356204987, 22.4857635498, 22.5118522644, 12.4403648376, 16.0095348358, 14.4218912125, 15.909693718, 13.0493431091, 13.796248436, 12.7238750458, 13.4276218414, 11.8293409348, 9.70482063293, 8.51032066345, 7.00488948822, 5.48240232468, 4.87486076355, 3.42269706726, 2.54315376282, 1.70710134506, 0.98286896944, 0.643885731697, 0.27787476778, 0.0706747248769, 0.00717314006761, 0.00010788187501],
        "dmean2": [0.677007853985, 3.3292286396, 5.74356985092, 8.35444164276, 10.2911376953, 10.0468044281, 9.6955909729, 16.3554286957, 14.8760929108, 14.6260995865, 20.7182044983, 35.8801383972, 18.8815059662, 35.9545936584, 40.344909668, 40.1835517883, 39.1149559021, 21.3867607117, 27.4087371826, 25.520740509, 28.2667694092, 22.8881721497, 24.0819301605, 21.6915206909, 22.9281959534, 20.4225273132, 16.2168617249, 14.2285251617, 11.5181388855, 9.0701341629, 8.24966526031, 5.60791778564, 4.20141649246, 2.77711629868, 1.56164503098, 1.07407152653, 0.461901783943, 0.112363442779, 0.011570670642, 0.000171400126419],
        "dvar": [0.506165385246, 8.8013086319, 48.422252655, 124.343894958, 198.169616699, 182.53326416, 99.1950759888, 317.07623291, 254.323257446, 316.325286865, 757.012939453, 1831.08093262, 543.015930176, 1684.09936523, 1996.21386719, 3573.14672852, 1725.55566406, 494.016540527, 638.970092773, 731.756530762, 1305.17236328, 627.722167969, 599.247436523, 420.473236084, 456.339538574, 403.500701904, 287.144805908, 253.216827393, 160.067687988, 107.880279541, 91.4264373779, 47.8186302185, 25.6894111633, 13.2733840942, 4.27069187164, 2.10881304741, 0.401539564133, 0.0195632632822, 0.000249170378083, 4.8440611522e-08],
        "dvar2": [1.32950437069, 22.623210907, 125.315818787, 356.429840088, 570.015380859, 508.403137207, 220.286148071, 768.863525391, 591.243103027, 741.907836914, 1778.49304199, 4501.99462891, 1272.58898926, 4042.89428711, 5572.81787109, 10266.6591797, 4815.08251953, 1373.7545166, 1778.66149902, 2079.03222656, 3774.5925293, 1792.01330566, 1697.14123535, 1146.75634766, 1222.01257324, 1134.9654541, 738.859863281, 664.344787598, 407.986602783, 261.760437012, 248.292037964, 120.931282043, 66.537940979, 33.6081695557, 10.1974391937, 5.61274194717, 1.09313869476, 0.0485986694694, 0.000640356447548, 1.22716500073e-07],
        "max": [9.97038269043, 36.6566925049, 88.7057266235, 113.367553711, 162.149490356, 257.106628418, 180.637863159, 378.066223145, 236.931716919, 384.115509033, 536.034240723, 749.914245605, 566.176269531, 861.060180664, 466.267669678, 600.098632812, 480.13180542, 347.002319336, 413.370452881, 322.1925354, 369.245910645, 342.497772217, 327.32913208, 298.607635498, 268.223876953, 264.390441895, 225.171539307, 215.316940308, 196.482589722, 218.766769409, 164.191223145, 109.997489929, 95.3026046753, 68.0987701416, 34.142364502, 24.7271404266, 7.00837898254, 2.11733222008, 0.359680175781, 0.00496241403744],
        "mean": [0.738508880138, 3.05192685127, 4.4972038269, 4.96080684662, 5.59809875488, 6.6451382637, 10.6964998245, 17.6569194794, 15.4061279297, 13.210606575, 19.6369609833, 33.5217628479, 18.0691604614, 29.088180542, 30.362493515, 25.5166816711, 30.7116355896, 19.9381637573, 25.5013446808, 22.592464447, 23.6771068573, 21.8808727264, 23.6883296967, 24.1234817505, 25.9281787872, 23.3202018738, 21.1264820099, 17.78855896, 15.3421401978, 12.5800895691, 10.3357915878, 7.61851787567, 5.69888448715, 3.66545581818, 2.08912730217, 1.19037556648, 0.480512201786, 0.122457586229, 0.00949067529291, 0.000200795097044],
        "median": [0.29945230484, 1.58975768089, 1.85255730152, 1.80531013012, 1.97000527382, 2.55918908119, 5.23902654648, 6.58517837524, 6.2621588707, 4.98211479187, 7.8329000473, 12.9156570435, 9.34224414825, 14.11095047, 14.8720140457, 12.483250618, 17.8724479675, 13.0148763657, 15.2832279205, 14.4413127899, 14.5622081757, 13.7262058258, 14.2798185349, 15.9712877274, 17.3697891235, 15.4450092316, 14.1234416962, 11.6927938461, 9.94848918915, 7.98991107941, 6.15979862213, 4.40053319931, 3.05397200584, 1.78441357613, 1.00478959084, 0.524032950401, 0.203441277146, 0.0380625426769, 0.00128230568953, 9.50552712311e-05],
        "min": [4.23219868238e-23, 1.03609339653e-21, 1.55140906591e-20, 2.20017699853e-20, 5.92594646525e-20, 5.66123703701e-20, 2.25003078631e-19, 2.94691752769e-19, 3.90836532179e-19, 7.19102537885e-19, 9.94670314332e-19, 1.63345247736e-18, 2.51686699931e-18, 3.10623484011e-18, 2.34263070906e-18, 4.25151023877e-18, 4.02128974427e-18, 3.83494828614e-18, 6.26462714016e-18, 9.51883218415e-18, 1.07296980423e-17, 1.01777212467e-17, 9.10523526043e-18, 1.62694283478e-17, 1.19492724579e-17, 1.1015342533e-17, 1.66679077186e-17, 2.03543357258e-17, 1.67192326213e-17, 2.05705938251e-17, 1.86294341924e-17, 1.41185767754e-17, 1.04029650091e-17, 1.24631129185e-17, 7.96520914995e-18, 5.90864913637e-18, 2.87316181328e-18, 1.15017282487e-18, 2.84184568586e-19, 2.90528126231e-20],
        "var": [1.02194654942, 14.9841356277, 54.2580947876, 94.4910430908, 142.653778076, 161.716629028, 236.795562744, 801.773803711, 581.083862305, 600.205444336, 1480.15234375, 3379.21533203, 922.721191406, 2374.50488281, 2117.63452148, 2548.94238281, 1721.69555664, 578.659667969, 966.260192871, 780.281555176, 1086.02941895, 713.711853027, 818.522521973, 719.92791748, 867.33404541, 711.02557373, 582.140625, 431.284667969, 321.919219971, 231.750686646, 166.236450195, 95.9038467407, 56.0899429321, 27.0646038055, 9.05170536041, 3.35190391541, 0.550522327423, 0.0366266556084, 0.00035983347334, 8.43916438953e-08]
    },
    "gfcc": {
        "mean": [25.0740070343, 63.6755561829, -104.283447266, 33.8116035461, -49.6905326843, 20.6878871918, -27.0957736969, 13.4924726486, -21.5869503021, 10.3072252274, -13.2858724594, 7.25129318237, -9.71138572693],
        "cov": [[16340.3720703, -3992.60571289, 2100.59838867, 693.514770508, -313.416778564, 686.654785156, -283.223907471, 688.288879395, -360.094818115, 598.516235352, -417.048828125, 529.293945312, -525.49810791], [-3992.60571289, 1910.58728027, -661.777160645, -230.758483887, -69.5278549194, -309.823883057, 100.08757019, -269.341674805, 111.946914673, -236.39465332, 143.813613892, -182.208267212, 209.320495605], [2100.59838867, -661.777160645, 839.719299316, 120.554069519, 146.599304199, 221.343597412, 6.81408023834, 176.174530029, -54.305809021, 135.07371521, -87.2189407349, 97.2585449219, -117.921348572], [693.514770508, -230.758483887, 120.554069519, 337.332183838, 129.137405396, 144.403594971, 42.9826469421, 75.0624237061, 37.378238678, 68.379486084, 7.14038133621, 25.6315002441, -19.6380405426], [-313.416778564, -69.5278549194, 146.599304199, 129.137405396, 302.986022949, 136.494003296, 95.2702636719, 63.0229949951, 51.4448738098, 50.0925292969, 15.3597726822, 17.0249176025, -7.8284611702], [686.654785156, -309.823883057, 221.343597412, 144.403594971, 136.494003296, 251.4347229, 62.6494827271, 126.041099548, 8.45641899109, 88.273651123, -11.379242897, 53.0956878662, -30.9761390686], [-283.223907471, 100.08757019, 6.81408023834, 42.9826469421, 95.2702636719, 62.6494827271, 118.370613098, 39.5625724792, 59.0253257751, 11.2471561432, 32.3618888855, 0.420935153961, 25.5682563782], [688.288879395, -269.341674805, 176.174530029, 75.0624237061, 63.0229949951, 126.041099548, 39.5625724792, 157.638504028, 22.1116161346, 82.0620651245, -17.0792999268, 46.5747299194, -34.4163894653], [-360.094818115, 111.946914673, -54.305809021, 37.378238678, 51.4448738098, 8.45641899109, 59.0253257751, 22.1116161346, 101.540473938, 27.9401016235, 53.291809082, -2.18157863617, 33.3453178406], [598.516235352, -236.39465332, 135.07371521, 68.379486084, 50.0925292969, 88.273651123, 11.2471561432, 82.0620651245, 27.9401016235, 114.428482056, 18.1410598755, 60.3493499756, -16.6575069427], [-417.048828125, 143.813613892, -87.2189407349, 7.14038133621, 15.3597726822, -11.379242897, 32.3618888855, -17.0792999268, 53.291809082, 18.1410598755, 87.1832504272, 20.0155620575, 49.3162841797], [529.293945312, -182.208267212, 97.2585449219, 25.6315002441, 17.0249176025, 53.0956878662, 0.420935153961, 46.5747299194, -2.18157863617, 60.3493499756, 20.0155620575, 85.3129196167, 13.8530769348], [-525.49810791, 209.320495605, -117.921348572, -19.6380405426, -7.8284611702, -30.9761390686, 25.5682563782, -34.4163894653, 33.3453178406, -16.6575069427, 49.3162841797, 13.8530769348, 89.6335830688]],
        "icov": [[0.000218779226998, 0.000212908184039, -0.000250249460805, -0.00037097648601, 0.00065581133822, 7.3492192314e-05, -0.000301746389596, 7.00939781382e-05, 1.40295078381e-05, -0.000162227937835, 0.000476869492559, -0.000779902446084, 0.000393396243453], [0.000212908184039, 0.00164221215528, -0.000213388702832, 3.52822135028e-05, 0.000494664418511, 0.000577202357817, -0.00114312174264, 0.000319180224324, 0.00015342856932, 0.000568676798139, -0.00104591459967, 0.00193906086497, -0.00184413173702], [-0.000250249460805, -0.000213388702832, 0.00265896739438, 0.000509863370098, -0.00140955334064, -0.000506975164171, -5.14160456078e-05, -0.000379004573915, 0.000523820286617, -0.000749213679228, 0.00123750965577, -0.00125648651738, 0.00139104644768], [-0.00037097648601, 3.52822135028e-05, 0.000509863370098, 0.00506287207827, -0.00204964051954, -0.00213482510298, 0.00116669503041, 0.000199311121833, -0.00143469579052, -0.00018677933258, -0.00119791424368, 0.00241471151821, -0.000865461595822], [0.00065581133822, 0.000494664418511, -0.00140955334064, -0.00204964051954, 0.00783976260573, -0.00166955741588, -0.00421136897057, 0.00189387798309, -0.00154224224389, -0.000861782522406, 0.00188037264161, -0.00255574891344, 0.00219644140452], [7.3492192314e-05, 0.000577202357817, -0.000506975164171, -0.00213482510298, -0.00166955741588, 0.0109810521826, -0.00444076862186, -0.00415071798488, 0.00487377634272, -0.00316016422585, -0.000150119929458, 0.000357406563126, -0.00110274122562], [-0.000301746389596, -0.00114312174264, -5.14160456078e-05, 0.00116669503041, -0.00421136897057, -0.00444076862186, 0.02029122971, -0.00482303556055, -0.00727194920182, 0.00616729585454, -0.00369830755517, 0.00206363713369, -0.0028867830988], [7.00939781382e-05, 0.000319180224324, -0.000379004573915, 0.000199311121833, 0.00189387798309, -0.00415071798488, -0.00482303556055, 0.0176858194172, -0.00592801813036, -0.00548995193094, 0.00757102807984, -0.00549721578136, 0.00397727452219], [1.40295078381e-05, 0.00015342856932, 0.000523820286617, -0.00143469579052, -0.00154224224389, 0.00487377634272, -0.00727194920182, -0.00592801813036, 0.0270051155239, -0.00956453103572, -0.0107387779281, 0.0116141596809, -0.00626385118812], [-0.000162227937835, 0.000568676798139, -0.000749213679228, -0.00018677933258, -0.000861782522406, -0.00316016422585, 0.00616729585454, -0.00548995193094, -0.00956453103572, 0.0281453989446, -0.00687403185293, -0.0112747438252, 0.0059730540961], [0.000476869492559, -0.00104591459967, 0.00123750965577, -0.00119791424368, 0.00188037264161, -0.000150119929458, -0.00369830755517, 0.00757102807984, -0.0107387779281, -0.00687403185293, 0.0313582867384, -0.013111833483, -0.00183106143959], [-0.000779902446084, 0.00193906086497, -0.00125648651738, 0.00241471151821, -0.00255574891344, 0.000357406563126, 0.00206363713369, -0.00549721578136, 0.0116141596809, -0.0112747438252, -0.013111833483, 0.0389997437596, -0.0182530898601], [0.000393396243453, -0.00184413173702, 0.00139104644768, -0.000865461595822, 0.00219644140452, -0.00110274122562, -0.0028867830988, 0.00397727452219, -0.00626385118812, 0.0059730540961, -0.00183106143959, -0.0182530898601, 0.0288400836289]]
    },
    "melbands": {
        "dmean": [0.00325882737525, 0.00190738146193, 0.000801379792392, 0.000423337973189, 0.00021637250029, 0.00022014285787, 0.000148198741954, 0.00010103648674, 0.000108101892693, 0.000138568793773, 5.68681643927e-05, 8.92258321983e-05, 7.50303879613e-05, 6.75050177961e-05, 4.92182771268e-05, 4.76491077279e-05, 2.24074701691e-05, 2.55338418356e-05, 2.10607468034e-05, 2.16968019231e-05, 1.97880835913e-05, 1.45696121763e-05, 1.43804327308e-05, 1.25711430883e-05, 1.09903530756e-05, 1.02011772469e-05, 1.08492258732e-05, 7.98497603682e-06, 6.64840172249e-06, 6.54213181406e-06, 5.11166172146e-06, 4.49987373941e-06, 3.53035329681e-06, 3.186142294e-06, 3.1025269891e-06, 2.53282837548e-06, 2.16772582462e-06, 1.9131789486e-06, 1.83990289315e-06, 1.44375496802e-06],
        "dmean2": [0.0051998491399, 0.00313066737726, 0.00141155871097, 0.000742631324101, 0.000341059989296, 0.000343106250511, 0.000232924998272, 0.000163795382832, 0.00017258169828, 0.000221338967094, 9.22156759771e-05, 0.000147373139043, 0.000129299180117, 0.000120633136248, 8.78615755937e-05, 8.19625784061e-05, 3.85593702958e-05, 4.37418966612e-05, 3.68942128262e-05, 3.82674334105e-05, 3.51537892129e-05, 2.55556169577e-05, 2.54104961641e-05, 2.18656496145e-05, 1.88319500012e-05, 1.73266253114e-05, 1.90254231711e-05, 1.38679579322e-05, 1.12473926492e-05, 1.09977318061e-05, 8.64148842084e-06, 7.51235847929e-06, 5.78317622058e-06, 5.33234970135e-06, 5.28017653778e-06, 4.2061806198e-06, 3.56864848072e-06, 3.19104174196e-06, 3.08930725623e-06, 2.35831225837e-06],
        "dvar": [2.40998288064e-05, 1.00479874163e-05, 3.54840130967e-06, 1.02307399175e-06, 1.1916986864e-07, 1.34164437782e-07, 6.41045048155e-08, 4.26569997103e-08, 4.46211281258e-08, 7.26990663225e-08, 1.34033690813e-08, 2.95689162044e-08, 1.90477731365e-08, 2.93315771671e-08, 1.53381911616e-08, 6.35983266051e-09, 2.0362214137e-09, 1.57764623587e-09, 1.4955208183e-09, 1.56524415651e-09, 2.01265693001e-09, 7.32353511168e-10, 6.13349204759e-10, 5.08784014919e-10, 2.99329117048e-10, 2.38016356624e-10, 4.09808131874e-10, 1.74804698494e-10, 1.26136642797e-10, 1.38215647261e-10, 8.01608085466e-11, 6.46116424252e-11, 3.80359979624e-11, 3.56376837762e-11, 3.32392863234e-11, 2.6125683214e-11, 1.86026472004e-11, 1.3424589565e-11, 1.38577292003e-11, 9.53339317211e-12],
        "dvar2": [6.34019597783e-05, 2.49126060226e-05, 1.00625666164e-05, 2.85408714262e-06, 2.87451115355e-07, 3.22431873201e-07, 1.5039462653e-07, 1.00725927155e-07, 1.06028686275e-07, 1.75314838202e-07, 3.1539173051e-08, 7.02896016946e-08, 5.23028660382e-08, 8.45663805649e-08, 4.44763728069e-08, 1.72077374572e-08, 5.69192115663e-09, 4.37097247286e-09, 4.22430934677e-09, 4.45089831658e-09, 5.83807002741e-09, 2.08919814781e-09, 1.75172854e-09, 1.43851397461e-09, 8.19220691284e-10, 6.39247932366e-10, 1.15990828053e-09, 4.92821450315e-10, 3.32897792665e-10, 3.59360541324e-10, 2.13470796595e-10, 1.69629407742e-10, 9.25693549592e-11, 8.90565537981e-11, 9.15486020325e-11, 6.91748394677e-11, 4.71536004687e-11, 3.48735589017e-11, 3.67282072811e-11, 2.41240100812e-11],
        "max": [0.0658844858408, 0.0346741974354, 0.0175469703972, 0.0159444157034, 0.00522976508364, 0.00750174187124, 0.00342078553513, 0.00464121391997, 0.00408272957429, 0.00495785288513, 0.00276968511753, 0.00380176422186, 0.0013102570083, 0.0018102247268, 0.0017484681448, 0.000992252142169, 0.0007230231422, 0.000597082136665, 0.000587299757171, 0.0008024496492, 0.000510070240125, 0.000360717851436, 0.000239593107835, 0.000393816852011, 0.000274381949566, 0.000210889062146, 0.000265088456217, 0.000165065343026, 0.000161634117831, 0.000128898318508, 0.000136493879836, 0.000123132122098, 0.000119933909446, 0.000109907719889, 9.12582036108e-05, 8.28125921544e-05, 7.56224835641e-05, 6.41844890197e-05, 7.84083167673e-05, 4.72351130156e-05],
        "mean": [0.00572234392166, 0.00294808950275, 0.000881036685314, 0.000454533816082, 0.000357639772119, 0.000377624674002, 0.0002357752237, 0.000144657315104, 0.000160026815138, 0.000205180083867, 8.39556159917e-05, 0.000116034920211, 9.80493350653e-05, 7.43744894862e-05, 5.79997322347e-05, 6.66213090881e-05, 3.2404459489e-05, 3.95095339627e-05, 3.19543942169e-05, 3.10353534587e-05, 2.74452995654e-05, 2.27967211686e-05, 2.2414185878e-05, 2.05454180104e-05, 1.90463106264e-05, 1.88918402273e-05, 1.7705540813e-05, 1.50345067595e-05, 1.35179607241e-05, 1.20723079817e-05, 9.75359307631e-06, 8.95637913345e-06, 7.53620224714e-06, 6.69272321829e-06, 6.13154361417e-06, 5.0623707466e-06, 4.51083087682e-06, 4.06589015256e-06, 3.6144990645e-06, 2.92880758934e-06],
        "median": [0.00287916883826, 0.00160494993906, 0.000339259946486, 0.000163588163559, 0.000183094467502, 0.000146705773659, 8.58710482134e-05, 5.293382128e-05, 6.24216190772e-05, 7.29980383767e-05, 3.90399764001e-05, 5.18172491866e-05, 4.43044191343e-05, 3.42195089615e-05, 3.05456778733e-05, 3.80584824597e-05, 1.83745905815e-05, 2.36120104091e-05, 1.80150655069e-05, 1.82853182196e-05, 1.52071324919e-05, 1.38660643643e-05, 1.24934758787e-05, 1.19521182569e-05, 1.19707083286e-05, 1.25719616335e-05, 1.08757440103e-05, 9.71230292635e-06, 8.65430956765e-06, 7.57668021834e-06, 6.1387227106e-06, 5.57761313758e-06, 4.81073766423e-06, 4.09393896916e-06, 3.58063971362e-06, 2.88323462883e-06, 2.52373206422e-06, 2.12780128095e-06, 1.81792688636e-06, 1.34395645546e-06],
        "min": [7.97531867076e-25, 6.15809198417e-24, 6.65154814622e-24, 4.01109382908e-24, 7.65811099545e-24, 8.17464133897e-24, 8.31473278055e-24, 9.18918036082e-24, 7.62901780527e-24, 1.01681449113e-23, 1.31596001272e-23, 1.39702596258e-23, 7.02345267568e-24, 8.92498058847e-24, 1.11345681511e-23, 9.51831521858e-24, 6.74907028676e-24, 7.47917919835e-24, 1.38487356034e-23, 1.12560984844e-23, 1.27505978359e-23, 1.03133458049e-23, 1.00529996181e-23, 6.75939332057e-24, 1.34362386583e-23, 8.32473159252e-24, 7.3229508181e-24, 7.09609493214e-24, 8.58992690734e-24, 1.14459291838e-23, 1.16006484731e-23, 8.97143029629e-24, 9.75654332335e-24, 9.30692258409e-24, 1.05683908465e-23, 1.03473654315e-23, 7.4808610498e-24, 6.86591399746e-24, 8.43394780713e-24, 1.025497562e-23],
        "var": [5.04886120325e-05, 1.52353723024e-05, 2.7847356705e-06, 8.54224992963e-07, 2.38902174488e-07, 3.49413426193e-07, 1.45641976701e-07, 7.91516967524e-08, 8.61905249394e-08, 1.37107264209e-07, 2.23615810313e-08, 4.23064179245e-08, 2.2328883631e-08, 2.0556187863e-08, 1.0704509279e-08, 7.66838326172e-09, 2.19567053428e-09, 2.34843700042e-09, 1.78660597427e-09, 1.71184311171e-09, 1.63169866507e-09, 8.13752454309e-10, 7.82914844066e-10, 6.56233622998e-10, 4.82255568812e-10, 4.55653709208e-10, 5.34377764261e-10, 3.0346397617e-10, 2.48418952076e-10, 2.19440382532e-10, 1.3456206982e-10, 1.15855762484e-10, 8.148621361e-11, 6.92505636168e-11, 5.91520513127e-11, 4.39405560548e-11, 3.58156455882e-11, 2.87689230077e-11, 2.5858057015e-11, 1.85783454593e-11]
    },
    "mfcc": {
        "mean": [-619.231750488, 95.9063568115, 6.17459917068, 22.3554115295, 4.98856258392, 11.3968324661, 7.57342863083, 6.37752819061, 3.41616868973, 4.60079526901, 2.30992722511, 3.03290128708, 2.23100209236],
        "cov": [[10958.2197266, -1616.88330078, 806.441345215, 336.98815918, 264.217071533, 219.311080933, 147.389404297, 233.225982666, 113.184631348, 123.339866638, 77.4348220825, 154.727462769, 171.183959961], [-1616.88330078, 1218.85644531, -146.747497559, -68.0979919434, -192.301010132, -126.546966553, -88.8196868896, -99.2511672974, -70.540145874, -74.6471252441, -51.7991371155, -72.2513122559, -73.8034210205], [806.441345215, -146.747497559, 350.654022217, 67.426322937, 94.4977416992, 68.9434204102, 66.4687957764, 58.2292175293, 39.7880249023, 43.1148223877, 24.8893413544, 26.8277721405, 14.5317602158], [336.98815918, -68.0979919434, 67.426322937, 173.538330078, 91.7502670288, 71.4093856812, 37.6719551086, 34.4126739502, 31.7792034149, 35.3066635132, 26.0904636383, 29.4742946625, 22.232175827], [264.217071533, -192.301010132, 94.4977416992, 91.7502670288, 183.093902588, 115.450057983, 79.3893356323, 59.6941490173, 53.6032295227, 48.431312561, 36.7408103943, 38.0287475586, 33.9749603271], [219.311080933, -126.546966553, 68.9434204102, 71.4093856812, 115.450057983, 154.950302124, 84.89037323, 61.724067688, 48.0731010437, 39.4948577881, 30.8379020691, 41.5203742981, 29.45287323], [147.389404297, -88.8196868896, 66.4687957764, 37.6719551086, 79.3893356323, 84.89037323, 99.8761444092, 66.6363067627, 45.1038970947, 33.6131515503, 24.3380279541, 27.5470962524, 21.564825058], [233.225982666, -99.2511672974, 58.2292175293, 34.4126739502, 59.6941490173, 61.724067688, 66.6363067627, 92.5113754272, 55.8659515381, 38.5800666809, 29.2196578979, 27.5127220154, 22.4062213898], [113.184631348, -70.540145874, 39.7880249023, 31.7792034149, 53.6032295227, 48.0731010437, 45.1038970947, 55.8659515381, 75.5534362793, 49.5150146484, 28.151594162, 25.662027359, 20.1852073669], [123.339866638, -74.6471252441, 43.1148223877, 35.3066635132, 48.431312561, 39.4948577881, 33.6131515503, 38.5800666809, 49.5150146484, 72.1397781372, 42.5506744385, 28.1527919769, 19.9016742706], [77.4348220825, -51.7991371155, 24.8893413544, 26.0904636383, 36.7408103943, 30.8379020691, 24.3380279541, 29.2196578979, 28.151594162, 42.5506744385, 60.4493675232, 38.3410606384, 20.4124355316], [154.727462769, -72.2513122559, 26.8277721405, 29.4742946625, 38.0287475586, 41.5203742981, 27.5470962524, 27.5127220154, 25.662027359, 28.1527919769, 38.3410606384, 65.0595321655, 39.8915748596], [171.183959961, -73.8034210205, 14.5317602158, 22.232175827, 33.9749603271, 29.45287323, 21.564825058, 22.4062213898, 20.1852073669, 19.9016742706, 20.4124355316, 39.8915748596, 60.7709617615]],
