{
"lowlevel": {
    "average_loudness": 0.906672596931,
    "barkbands_crest": {
        "dmean": 3.36772656441,
        "dmean2": 5.2617893219,
        "dvar": 11.5483016968,
        "dvar2": 24.2163562775,
        "max": 26.9717521667,
        "mean": 14.0714616776,
        "median": 13.625875473,
        "min": 1.95642995834,
        "var": 38.84608078
    },
    "barkbands_flatness_db": {
        "dmean": 0.0373056903481,
        "dmean2": 0.0561271160841,
        "dvar": 0.00190684746485,
        "dvar2": 0.00407190667465,
        "max": 0.687176406384,
        "mean": 0.149771556258,
        "median": 0.123223289847,
        "min": 0.0117201711982,
        "var": 0.0104070790112
    },
    "barkbands_kurtosis": {
        "dmean": 16.0722999573,
        "dmean2": 23.2021827698,
        "dvar": 4288.54443359,
        "dvar2": 7403.01171875,
        "max": 2687.00390625,
        "mean": 25.1946105957,
        "median": 3.69391942024,
        "min": -1.84194207191,
        "var": 13134.3828125
    },
    "barkbands_skewness": {
        "dmean": 1.19736087322,
        "dmean2": 1.77436637878,
        "dvar": 3.16377925873,
        "dvar2": 6.04721164703,
        "max": 41.8023681641,
        "mean": 2.7637822628,
        "median": 1.92941963673,
        "min": -5.50232839584,
        "var": 12.9905042648
    },
    "barkbands_spread": {
        "dmean": 9.78176403046,
        "dmean2": 15.6657934189,
        "dvar": 138.947525024,
        "dvar2": 333.812896729,
        "max": 122.282989502,
        "mean": 26.543794632,
        "median": 23.8632183075,
        "min": 0.030853305012,
        "var": 373.411560059
    },
    "dissonance": {
        "dmean": 0.018121805042,
        "dmean2": 0.0308523215353,
        "dvar": 0.000532886304427,
        "dvar2": 0.00147749774624,
        "max": 0.500000119209,
        "mean": 0.466755717993,
        "median": 0.478388547897,
        "min": 0.101471066475,
        "var": 0.00197071931325
    },
    "dynamic_complexity": 3.06062746048,
    "erbbands_crest": {
        "dmean": 2.94122266769,
        "dmean2": 4.70843219757,
        "dvar": 9.34538078308,
        "dvar2": 22.3825283051,
        "max": 34.8413925171,
        "mean": 9.21031570435,
        "median": 7.31425952911,
        "min": 2.07913470268,
        "var": 34.9509658813
    },
    "erbbands_flatness_db": {
        "dmean": 0.0171508193016,
        "dmean2": 0.0259707886726,
        "dvar": 0.000371430884115,
        "dvar2": 0.000787204306107,
        "max": 0.659759104252,
        "mean": 0.129137009382,
        "median": 0.106356352568,
        "min": 0.0405309461057,
        "var": 0.00658888556063
    },
    "erbbands_kurtosis": {
        "dmean": 1.4153188467,
        "dmean2": 2.24908351898,
        "dvar": 22.2764110565,
        "dvar2": 49.3294029236,
        "max": 154.350402832,
        "mean": 1.56021714211,
        "median": -0.262210249901,
        "min": -1.77424860001,
        "var": 97.1535568237
    },
    "erbbands_skewness": {
        "dmean": 0.443361073732,
        "dmean2": 0.695307433605,
        "dvar": 0.281445682049,
        "dvar2": 0.663828849792,
        "max": 9.77688026428,
        "mean": 0.379915595055,
        "median": 0.230754673481,
        "min": -3.60879087448,
        "var": 1.06575834751
    },
    "erbbands_spread": {
        "dmean": 10.3255748749,
        "dmean2": 15.9436101913,
        "dvar": 144.40171814,
        "dvar2": 341.425201416,
        "max": 192.437515259,
        "mean": 47.1134033203,
        "median": 44.7435150146,
        "min": 0.272425591946,
        "var": 530.348754883
    },
    "hfc": {
        "dmean": 12.9242734909,
        "dmean2": 21.2451820374,
        "dvar": 518.796447754,
        "dvar2": 1341.3963623,
        "max": 243.621383667,
        "mean": 27.0096912384,
        "median": 18.5583591461,
        "min": 1.14151771565e-16,
        "var": 791.394287109
    },
    "melbands_crest": {
        "dmean": 4.90021038055,
        "dmean2": 7.90499401093,
        "dvar": 19.7568225861,
        "dvar2": 49.5528678894,
        "max": 39.6640357971,
        "mean": 21.9271125793,
        "median": 22.7071533203,
        "min": 1.63453292847,
        "var": 64.6637268066
    },
    "melbands_flatness_db": {
        "dmean": 0.0465500354767,
        "dmean2": 0.0700660571456,
        "dvar": 0.00287185725756,
        "dvar2": 0.00618922663853,
        "max": 0.716156423092,
        "mean": 0.223484665155,
        "median": 0.205154776573,
        "min": 0.0033041771967,
        "var": 0.0127590168267
    },
    "melbands_kurtosis": {
        "dmean": 32.3328475952,
        "dmean2": 50.6069869995,
        "dvar": 10546.8623047,
        "dvar2": 26473.4238281,
        "max": 2334.39404297,
        "mean": 48.3423118591,
        "median": 14.2286205292,
        "min": -1.65251934528,
        "var": 13997.8652344
    },
    "melbands_skewness": {
        "dmean": 1.6098524332,
        "dmean2": 2.47336935997,
        "dvar": 5.46136236191,
        "dvar2": 12.6104888916,
        "max": 39.9699897766,
        "mean": 4.30066633224,
        "median": 3.35003328323,
        "min": -4.34303665161,
        "var": 13.6567182541
    },
    "melbands_spread": {
        "dmean": 11.3834133148,
        "dmean2": 18.4223365784,
        "dvar": 256.394836426,
        "dvar2": 579.53125,
        "max": 210.479751587,
        "mean": 23.7611103058,
        "median": 16.1547355652,
        "min": 0.0776374638081,
        "var": 572.128173828
    },
    "pitch_salience": {
        "dmean": 0.106632649899,
        "dmean2": 0.171729147434,
        "dvar": 0.0121484752744,
        "dvar2": 0.027789639309,
        "max": 0.873361468315,
        "mean": 0.436205208302,
        "median": 0.444034337997,
        "min": 0.0103981597349,
        "var": 0.0344756357372
    },
    "silence_rate_20dB": {
        "dmean": 0,
        "dmean2": 0,
        "dvar": 0,
        "dvar2": 0,
        "max": 1,
        "mean": 1,
        "median": 1,
        "min": 1,
        "var": 0
    },
    "silence_rate_30dB": {
        "dmean": 0.0484286434948,
        "dmean2": 0.0968672707677,
        "dvar": 0.0460857674479,
        "dvar2": 0.103151291609,
        "max": 1,
        "mean": 0.933340191841,
        "median": 1,
        "min": 0,
        "var": 0.0622208379209
    },
    "silence_rate_60dB": {
        "dmean": 0.0296754259616,
        "dmean2": 0.0593569651246,
        "dvar": 0.0287972800434,
        "dvar2": 0.0659326910973,
        "max": 1,
        "mean": 0.0639810413122,
        "median": 0,
        "min": 0,
        "var": 0.0598837248981
    },
    "spectral_centroid": {
        "dmean": 390.97076416,
        "dmean2": 610.324157715,
        "dvar": 220606.671875,
        "dvar2": 511074.71875,
        "max": 11295.0009766,
        "mean": 1638.35827637,
        "median": 1620.35400391,
        "min": 106.458557129,
        "var": 696198.75
    },
    "spectral_complexity": {
        "dmean": 6.32704782486,
        "dmean2": 9.93981838226,
        "dvar": 59.6944694519,
        "dvar2": 135.048400879,
        "max": 64,
        "mean": 18.7756023407,
        "median": 17,
        "min": 0,
        "var": 172.696456909
    },
    "spectral_decrease": {
        "dmean": 4.30933555506e-09,
        "dmean2": 6.73351507885e-09,
        "dvar": 2.61177762007e-17,
        "dvar2": 6.22540827393e-17,
        "max": 1.18560367747e-28,
        "mean": -1.07342161826e-08,
        "median": -8.57453308356e-09,
        "min": -8.18909029476e-08,
        "var": 8.59841607429e-17
    },
    "spectral_energy": {
        "dmean": 0.0169013682753,
        "dmean2": 0.0263552330434,
        "dvar": 0.000390440836782,
        "dvar2": 0.000931090966333,
        "max": 0.311159431934,
        "mean": 0.0429632887244,
        "median": 0.0353749543428,
        "min": 1.07451997495e-20,
        "var": 0.00128960597795
    },
    "spectral_energyband_high": {
        "dmean": 0.000970815424807,
        "dmean2": 0.0016271059867,
        "dvar": 3.6243559407e-06,
        "dvar2": 9.60900433711e-06,
        "max": 0.0222422890365,
        "mean": 0.00175049097743,
        "median": 0.00114029762335,
        "min": 7.69617727649e-21,
        "var": 4.91871787744e-06
    },
    "spectral_energyband_low": {
        "dmean": 0.0136625375599,
        "dmean2": 0.0212446339428,
        "dvar": 0.000341558887158,
        "dvar2": 0.000811139761936,
        "max": 0.30079421401,
        "mean": 0.0276372097433,
        "median": 0.0159155130386,
        "min": 6.36936581622e-23,
        "var": 0.00102720782161
    },
    "spectral_energyband_middle_high": {
        "dmean": 0.00312572484836,
        "dmean2": 0.00513600697741,
        "dvar": 2.6875799449e-05,
        "dvar2": 6.56422052998e-05,
        "max": 0.0835460349917,
        "mean": 0.00561675429344,
        "median": 0.00284542609006,
        "min": 1.44370380898e-21,
        "var": 5.73166034883e-05
    },
    "spectral_energyband_middle_low": {
        "dmean": 0.00623313477263,
        "dmean2": 0.0105402069166,
        "dvar": 0.000195931817871,
        "dvar2": 0.00054834317416,
        "max": 0.125312238932,
        "mean": 0.00811176467687,
        "median": 0.00455846264958,
        "min": 2.35333136707e-22,
        "var": 0.00015118450392
    },
    "spectral_entropy": {
        "dmean": 0.190467402339,
        "dmean2": 0.290023952723,
        "dvar": 0.0551725998521,
        "dvar2": 0.125588923693,
        "max": 9.81020736694,
        "mean": 7.8389134407,
        "median": 8.04549407959,
        "min": 3.39141201973,
        "var": 0.513866484165
    },
    "spectral_flux": {
        "dmean": 0.0392597131431,
        "dmean2": 0.0566959492862,
        "dvar": 0.00199633953162,
        "dvar2": 0.00322690652683,
        "max": 0.426606297493,
        "mean": 0.106797941029,
        "median": 0.0933400392532,
        "min": 6.56285650824e-11,
        "var": 0.0051458068192
    },
    "spectral_kurtosis": {
        "dmean": 1.51897394657,
        "dmean2": 2.50820279121,
        "dvar": 13.1261053085,
        "dvar2": 35.6269721985,
        "max": 95.1259078979,
        "mean": 4.44218873978,
        "median": 2.62058234215,
        "min": -1.21411454678,
        "var": 54.1631584167
    },
    "spectral_rms": {
        "dmean": 0.00126466306392,
        "dmean2": 0.00192529766355,
        "dvar": 1.61833918355e-06,
        "dvar2": 3.63537469639e-06,
        "max": 0.0174232646823,
        "mean": 0.00584147777408,
        "median": 0.00587470410392,
        "min": 3.23776509076e-12,
        "var": 7.79256970418e-06
    },
    "spectral_rolloff": {
        "dmean": 874.196166992,
        "dmean2": 1459.18151855,
        "dvar": 1992813.75,
        "dvar2": 4268670,
        "max": 19143.0175781,
        "mean": 1605.19604492,
        "median": 861.328125,
        "min": 43.06640625,
        "var": 4543223
    },
    "spectral_skewness": {
        "dmean": 0.215841725469,
        "dmean2": 0.346214085817,
        "dvar": 0.0938622280955,
        "dvar2": 0.241411685944,
        "max": 8.04669284821,
        "mean": 1.52501440048,
        "median": 1.36681127548,
        "min": -0.023777551949,
        "var": 0.526855289936
    },
    "spectral_spread": {
        "dmean": 606270.75,
        "dmean2": 901488.0625,
        "dvar": 517613256704,
        "dvar2": 1.00708928717e+12,
        "max": 40490260,
        "mean": 5932559.5,
        "median": 6082059,
        "min": 907698.9375,
        "var": 3.74104522752e+12
    },
    "spectral_strongpeak": {
        "dmean": 0.337368816137,
        "dmean2": 0.560114920139,
        "dvar": 0.544292092323,
        "dvar2": 1.47453022003,
        "max": 12.5562238693,
        "mean": 0.577096700668,
        "median": 0.349280953407,
        "min": 0,
        "var": 0.774651646614
    },
    "zerocrossingrate": {
        "dmean": 0.0160223171115,
        "dmean2": 0.0188646931201,
        "dvar": 0.00036905973684,
        "dvar2": 0.000409721804317,
        "max": 0.64306640625,
        "mean": 0.0695819929242,
        "median": 0.05859375,
        "min": 0.0009765625,
        "var": 0.00286172144115
    },
    "barkbands": {
        "dmean": [0.00241788197309, 0.0114665757865, 0.00221479940228, 0.00108368380461, 0.00378339202143, 0.000840370659716, 0.000671188172419, 0.000464163866127, 0.000645701074973, 0.00109295721631, 0.000627454894129, 0.000487306009745, 0.000391077192035, 0.000345706270309, 0.000336183496984, 0.000307593902107, 0.000297863560263, 0.000264194823103, 0.000314917124342, 0.000224620904191, 0.000225970841711, 0.000209857826121, 0.000170190614881, 0.000142168733873, 0.000141296739457, 9.22327817534e-05, 2.84284524241e-05],
        "dmean2": [0.00423958757892, 0.0172157734632, 0.00398918008432, 0.00193810858764, 0.00654742261395, 0.00145413691644, 0.00106189888902, 0.000759997928981, 0.00106147816405, 0.00181166885886, 0.00104466348421, 0.000825959083159, 0.000658573233522, 0.000570508360397, 0.000562339089811, 0.000519183813594, 0.00049897574354, 0.000453282322269, 0.000549997726921, 0.00038447001134, 0.000381986232242, 0.00035249296343, 0.000289221992716, 0.000239226093981, 0.000244411319727, 0.000153893313836, 4.7881698265e-05],
        "dvar": [1.51026779349e-05, 0.000278377439827, 4.72682368127e-05, 9.70507335296e-06, 0.000109304972284, 3.97929443352e-06, 2.20898618863e-06, 1.08745427951e-06, 2.28414000958e-06, 6.16125043962e-06, 3.41551003658e-06, 2.01720263249e-06, 9.80026698016e-07, 7.94113589109e-07, 7.91432228198e-07, 5.07806532823e-07, 3.46564860365e-07, 2.93214185376e-07, 4.57698547507e-07, 1.94525895836e-07, 1.96433120436e-07, 1.80837190555e-07, 1.01031936595e-07, 7.47961337311e-08, 1.03045110222e-07, 4.81993396306e-08, 4.55885817985e-09],
        "dvar2": [4.71973617096e-05, 0.000580961932428, 0.000134175963467, 2.83266199403e-05, 0.000304772751406, 1.08306921902e-05, 5.96806376052e-06, 2.66831125373e-06, 5.69313397136e-06, 1.52984612214e-05, 8.93006654223e-06, 4.70768873129e-06, 2.43578506343e-06, 1.59216187967e-06, 1.55550844738e-06, 1.27708301534e-06, 8.57390375586e-07, 7.54891971155e-07, 1.25172311982e-06, 5.02384011725e-07, 5.02931413848e-07, 4.60126813095e-07, 2.63548201929e-07, 1.99710356696e-07, 2.8915707162e-07, 1.3281817246e-07, 1.25886918667e-08],
        "max": [0.0654552057385, 0.273854732513, 0.0643031299114, 0.0293982103467, 0.0976410806179, 0.033539250493, 0.0356913842261, 0.017590560019, 0.034991979599, 0.0699613392353, 0.0664081946015, 0.0595605485141, 0.0211741309613, 0.0303524527699, 0.0346071124077, 0.0157264452428, 0.0119374096394, 0.00960010662675, 0.0115788318217, 0.00809101760387, 0.0100366435945, 0.0079524051398, 0.00516077456996, 0.00383701524697, 0.00358762335964, 0.00253006536514, 0.000941117759794],
        "mean": [0.0031600932125, 0.0225872956216, 0.0018940186128, 0.00105757499114, 0.00333756371401, 0.00095557392342, 0.00101783091668, 0.000625403074082, 0.000804381794296, 0.00142633891664, 0.000787372351624, 0.000564862217288, 0.000493594270665, 0.000434114743257, 0.000456227251561, 0.000382623140467, 0.000375144416466, 0.00033548247302, 0.000368846725905, 0.000314657663694, 0.000333536736434, 0.000314285745844, 0.000258141895756, 0.000233720784308, 0.000232788181165, 0.000168845348526, 4.29952742707e-05],
        "median": [0.00117487763055, 0.0109236482531, 0.000313436496072, 0.000276579405181, 0.000710182241164, 0.000322665495332, 0.000367099535652, 0.000147483224282, 0.000213402177906, 0.000339171790984, 0.000139701995067, 0.000162793105119, 0.000174703789526, 0.000139968440635, 0.000152588982019, 0.000142690551002, 0.000133584617288, 0.00012423255248, 0.000127459206851, 0.000143087410834, 0.000185286378837, 0.000172079162439, 0.00015151387197, 0.000140315911267, 0.00013381044846, 7.70006008679e-05, 1.0319872672e-05],
        "min": [2.75748755167e-24, 4.2482502663e-24, 8.65770268087e-24, 1.41208279291e-23, 2.96484094223e-23, 3.75928098732e-23, 1.72091379092e-23, 2.0763921853e-23, 4.43019204108e-23, 5.62523206214e-23, 3.74507644231e-23, 4.11765450122e-23, 6.60236755971e-23, 5.49820463048e-23, 7.34629810322e-23, 1.20587625622e-22, 1.19112645056e-22, 2.0095701446e-22, 1.72668273072e-22, 2.71662541664e-22, 3.11918227253e-22, 5.74491475702e-22, 4.785113121e-22, 6.3590014461e-22, 1.06237102223e-21, 1.42227082421e-21, 2.46737111901e-21],
        "var": [2.13471194002e-05, 0.000833603204228, 3.12982228934e-05, 6.65916650178e-06, 7.60473194532e-05, 3.69021199731e-06, 3.45522630596e-06, 1.91334152078e-06, 3.83333326681e-06, 1.33776748044e-05, 5.0605767683e-06, 3.65873779629e-06, 1.34009621888e-06, 1.58476791512e-06, 1.5552975583e-06, 5.83877181271e-07, 4.69020761784e-07, 3.65749428966e-07, 4.58728749209e-07, 2.67057913561e-07, 2.63130743861e-07, 2.47874936576e-07, 1.28248970555e-07, 9.6181068443e-08, 1.09968951278e-07, 6.00801328687e-08, 5.44590150753e-09]
    },
    "erbbands": {
        "dmean": [0.605509877205, 1.84638094902, 2.66544675827, 2.86178565025, 7.73093605042, 15.631105423, 10.419137001, 5.7227640152, 8.786277771, 10.2563896179, 9.32756614685, 15.5931558609, 23.4657917023, 33.3431663513, 27.0242500305, 19.036901474, 18.0113964081, 18.6027069092, 16.7961273193, 16.5090827942, 15.6881809235, 15.5918970108, 14.0764808655, 17.2230892181, 13.473783493, 10.6641654968, 9.22944164276, 8.83737564087, 7.77577209473, 7.01466083527, 4.53185939789, 3.16223573685, 2.34490823746, 1.62780344486, 0.992448806763, 0.40252250433, 0.179422482848, 0.054623156786, 0.00444666994736, 7.71864215494e-05],
        "dmean2": [0.936981737614, 2.5713865757, 4.53685235977, 5.10000371933, 14.0708551407, 26.3887615204, 18.4799957275, 9.55756855011, 13.7747240067, 16.6825962067, 15.1964960098, 25.4274368286, 39.720615387, 54.0702362061, 45.6373214722, 31.4892635345, 30.1402988434, 30.7879829407, 28.1243019104, 27.6438446045, 25.9978713989, 26.0983009338, 23.9750175476, 29.9131603241, 23.3322639465, 18.2701091766, 15.5256547928, 15.0950975418, 13.1531162262, 12.0428314209, 7.6396112442, 5.32889127731, 3.96679759026, 2.81214809418, 1.72396636009, 0.670038461685, 0.305701673031, 0.0926550552249, 0.00743682216853, 0.000127277337015],
        "dvar": [0.68086206913, 11.7995128632, 62.6344146729, 67.0192642212, 615.916931152, 1725.66674805, 825.681640625, 146.05506897, 354.586791992, 615.389282227, 386.346710205, 1410.49121094, 3497.99731445, 6184.53759766, 4869.77099609, 3433.93383789, 2084.80004883, 2215.21240234, 2486.12109375, 1359.41918945, 1112.38586426, 942.814941406, 922.094909668, 1414.03869629, 819.097229004, 437.279296875, 345.226654053, 349.866424561, 259.468994141, 189.739303589, 71.457862854, 35.7408905029, 20.6787910461, 11.5456266403, 5.62901973724, 0.599979698658, 0.2136605829, 0.0225945916027, 0.000102315665572, 2.55842582675e-08],
        "dvar2": [1.6519138813, 24.9974117279, 168.893890381, 193.459106445, 1791.74914551, 4612.21289062, 2307.31665039, 369.818939209, 948.567687988, 1620.81030273, 946.664978027, 3489.06298828, 9305.9296875, 14849.9921875, 12570.5791016, 7077.34716797, 5261.77050781, 4418.62548828, 5270.81982422, 3055.53881836, 2665.00537109, 2340.45727539, 2377.13745117, 3813.65869141, 2202.39086914, 1130.78039551, 844.704223633, 926.574890137, 666.876281738, 496.6222229, 187.164749146, 94.1329116821, 55.5142593384, 32.1760597229, 15.9097299576, 1.58571517467, 0.601453483105, 0.0636957362294, 0.000278723076917, 6.97328772503e-08],
        "max": [13.6299543381, 38.9895629883, 79.0889205933, 77.0629043579, 239.930664062, 352.661560059, 249.177246094, 282.680633545, 350.069030762, 520.83770752, 349.471832275, 701.121887207, 1362.92211914, 2196.77587891, 1392.3359375, 3086.76708984, 931.637329102, 1609.81347656, 2099.16894531, 1078.44311523, 773.91418457, 580.779052734, 583.483947754, 816.221740723, 699.76763916, 351.411773682, 476.711242676, 626.186279297, 304.370788574, 180.346054077, 142.990249634, 106.112472534, 56.3129615784, 38.2827033997, 29.7593860626, 9.86215782166, 4.96203565598, 1.78744387627, 0.146404281259, 0.00209165806882],
        "mean": [1.01386380196, 3.63605356216, 2.77377772331, 2.87463927269, 6.56131219864, 13.7442903519, 9.34194278717, 7.39454078674, 13.5026035309, 15.478937149, 12.8892393112, 20.0519886017, 27.6657829285, 45.3800125122, 35.5993690491, 25.1436920166, 23.6279735565, 23.9685287476, 21.8873405457, 23.6103820801, 20.8450164795, 20.1517505646, 18.533164978, 20.7377185822, 16.7257671356, 14.963637352, 13.8165712357, 12.7395362854, 11.4122247696, 9.87303066254, 7.06715250015, 5.06597137451, 3.76416492462, 2.6407430172, 1.60469567776, 0.756523251534, 0.309185832739, 0.0841366499662, 0.00677846325561, 0.000155987974722],
        "median": [0.477126598358, 1.7379513979, 0.743899106979, 0.898861408234, 1.65960407257, 2.3875837326, 2.42667102814, 3.0027718544, 4.98851394653, 5.14378738403, 4.14641475677, 5.5378408432, 7.75514602661, 11.1587295532, 8.52052688599, 8.05909919739, 8.67248916626, 7.93325471878, 8.25068664551, 8.68461799622, 8.00342941284, 7.56912994385, 7.11480283737, 7.02245426178, 6.67081546783, 6.85238265991, 7.16353321075, 7.1043176651, 6.16296386719, 5.53327274323, 4.15378236771, 2.99379253387, 2.25358629227, 1.58026480675, 0.841015338898, 0.376304805279, 0.132525205612, 0.0288664922118, 0.00152986194007, 9.61777623161e-05],
        "min": [1.24724462696e-22, 1.47064897509e-21, 1.11721663094e-20, 3.9130858089e-20, 5.42943905739e-20, 1.45377729364e-19, 9.05949209501e-20, 1.71949626997e-19, 2.78402963845e-19, 2.71571873702e-19, 6.99194420192e-19, 1.06210207787e-18, 1.36281211243e-18, 1.98095074251e-18, 1.87026094845e-18, 2.15223461836e-18, 2.71592180986e-18, 2.18441876843e-18, 3.56713863666e-18, 4.03583571534e-18, 8.21588375304e-18, 6.67796226122e-18, 1.15757755959e-17, 1.04814661036e-17, 9.2837416638e-18, 1.17930254848e-17, 1.40668763328e-17, 1.52077767732e-17, 2.04589029357e-17, 1.46396410043e-17, 1.62740969552e-17, 1.22288553691e-17, 1.17622866261e-17, 9.28898185298e-18, 9.77934279191e-18, 4.82189221656e-18, 2.65456444716e-18, 1.30368668981e-18, 3.1185613822e-19, 3.41583135355e-20],
        "var": [1.7511947155, 26.491897583, 48.3435745239, 47.9636383057, 358.121429443, 1392.95544434, 577.986999512, 181.220825195, 578.002807617, 1040.44396973, 623.339538574, 2277.46459961, 4374.00585938, 14662.4189453, 8308.00585938, 8180.67480469, 2902.80371094, 4533.07275391, 3518.1940918, 3275.86108398, 1527.84790039, 1261.20385742, 1110.12023926, 1487.13134766, 897.462097168, 593.602478027, 527.532470703, 392.212860107, 349.198974609, 213.392227173, 95.188911438, 46.8059921265, 25.572467804, 13.2841682434, 5.68296480179, 0.97198164463, 0.23415787518, 0.0217314530164, 0.000133467678097, 3.52189175601e-08]
    },
    "gfcc": {
        "mean": [5.21177721024, 54.5605621338, -97.5721130371, 29.0834274292, -49.4004440308, 22.6011180878, -25.9077148438, 15.4725074768, -19.0725250244, 10.17121315, -13.2404537201, 9.75144672394, -7.46302700043],
        "cov": [[13247.8408203, -1831.5020752, 1129.83862305, 1176.88586426, 484.75289917, 865.94519043, -211.762924194, 289.047851562, -315.930267334, 337.560211182, -370.871551514, 203.949005127, -262.202514648], [-1831.5020752, 2376.67602539, 35.0177383423, -19.3768043518, 127.052436829, -267.242950439, 72.1859130859, -225.545639038, 183.50730896, -138.83934021, 120.954872131, -198.130065918, 97.0283813477], [1129.83862305, 35.0177383423, 1147.10437012, 559.188232422, 275.7996521, 227.834976196, -16.4111289978, 24.6578044891, -11.5561714172, 129.556289673, -28.0310020447, 33.3216896057, -28.2937374115], [1176.88586426, -19.3768043518, 559.188232422, 728.777770996, 293.69052124, 261.629730225, -5.66304254532, 58.1205444336, 4.65184497833, 92.1963500977, -36.8559875488, -13.3125896454, -46.3968086243], [484.75289917, 127.052436829, 275.7996521, 293.69052124, 393.740509033, 211.887512207, 131.142959595, 82.2507476807, 74.2180938721, 42.0863494873, 28.9080371857, 9.00989723206, 20.6749782562], [865.94519043, -267.242950439, 227.834976196, 261.629730225, 211.887512207, 363.740386963, 166.962799072, 156.868469238, 27.0308570862, 68.174156189, -7.13540363312, 41.8887748718, 3.43891406059], [-211.762924194, 72.1859130859, -16.4111289978, -5.66304254532, 131.142959595, 166.962799072, 317.692230225, 173.64491272, 121.158744812, 23.1317253113, 62.3765068054, 24.2981815338, 53.4676017761], [289.047851562, -225.545639038, 24.6578044891, 58.1205444336, 82.2507476807, 156.868469238, 173.64491272, 239.072692871, 110.187561035, 60.2437133789, 19.7654418945, 45.6750679016, 15.9567842484], [-315.930267334, 183.50730896, -11.5561714172, 4.65184497833, 74.2180938721, 27.0308570862, 121.158744812, 110.187561035, 196.202957153, 84.825553894, 74.7781219482, 1.99507665634, 23.0441017151], [337.560211182, -138.83934021, 129.556289673, 92.1963500977, 42.0863494873, 68.174156189, 23.1317253113, 60.2437133789, 84.825553894, 174.936950684, 73.5844573975, 40.3457717896, -24.2205753326], [-370.871551514, 120.954872131, -28.0310020447, -36.8559875488, 28.9080371857, -7.13540363312, 62.3765068054, 19.7654418945, 74.7781219482, 73.5844573975, 134.068084717, 41.1941833496, 18.3902683258], [203.949005127, -198.130065918, 33.3216896057, -13.3125896454, 9.00989723206, 41.8887748718, 24.2981815338, 45.6750679016, 1.99507665634, 40.3457717896, 41.1941833496, 104.583473206, 33.1576766968], [-262.202514648, 97.0283813477, -28.2937374115, -46.3968086243, 20.6749782562, 3.43891406059, 53.4676017761, 15.9567842484, 23.0441017151, -24.2205753326, 18.3902683258, 33.1576766968, 92.5158843994]],
        "icov": [[0.000133029359858, -4.26248589065e-05, 3.34146534442e-05, -3.86640276702e-05, -0.00012777117081, -0.000141482436447, 0.000110850880446, -0.000155817484483, 0.00028850097442, -0.000412859400967, 0.000543621717952, -0.000388713786379, 0.000260486907791], [-4.26248589065e-05, 0.00109309889376, -0.000318131322274, -0.000230909339734, -4.01608012908e-05, 0.000478044821648, -0.000433043460362, 0.00137319415808, -0.00164028559811, 0.00161238992587, -0.00161821243819, 0.0019043777138, -0.00100585538894], [3.34146534442e-05, -0.000318131322274, 0.00167191075161, -0.000878503487911, -0.000502838694956, -1.20520971905e-05, -8.17387117422e-05, 9.75155417109e-05, 0.000825710478239, -0.00168246740941, 0.00145208253525, -0.00127909879666, 0.000165978533914], [-3.86640276702e-05, -0.000230909339734, -0.000878503487911, 0.00349347479641, -0.00143120600842, -0.00161360413767, 0.00162421166897, -0.000839247135445, 0.000439795781858, -0.000777730019763, 0.000227187701967, 0.00119141698815, 0.000416476017563], [-0.00012777117081, -4.01608012908e-05, -0.000502838694956, -0.00143120600842, 0.00568707287312, -0.00218899780884, -0.000793858838733, 0.00126354617532, -0.00244867871515, 0.00232308078557, -0.00187781755812, 0.000264809874352, -0.0006437539123], [-0.000141482436447, 0.000478044821648, -1.20520971905e-05, -0.00161360413767, -0.00218899780884, 0.0089336456731, -0.0042221583426, -0.00191691122018, 0.00313111254945, -0.00245504779741, 0.00165453972295, -0.000208673925954, -0.000464145297883], [0.000110850880446, -0.000433043460362, -8.17387117422e-05, 0.00162421166897, -0.000793858838733, -0.0042221583426, 0.00983290094882, -0.00502195255831, -0.0011699461611, 0.00227029179223, -0.0037272812333, 0.00213286280632, -0.00206205947325], [-0.000155817484483, 0.00137319415808, 9.75155417109e-05, -0.000839247135445, 0.00126354617532, -0.00191691122018, -0.00502195255831, 0.0141709912568, -0.00864479225129, 0.00218486902304, 0.00256264326163, -0.00377204711549, 0.00154197996017], [0.00028850097442, -0.00164028559811, 0.000825710478239, 0.000439795781858, -0.00244867871515, 0.00313111254945, -0.0011699461611, -0.00864479225129, 0.0178524274379, -0.0100101027638, -9.58836244536e-05, 0.00354494759813, -0.00270979339257], [-0.000412859400967, 0.00161238992587, -0.00168246740941, -0.000777730019763, 0.00232308078557, -0.00245504779741, 0.00227029179223, 0.00218486902304, -0.0100101027638, 0.0185247734189, -0.0100919613615, -0.000542804598808, 0.00366122159176], [0.000543621717952, -0.00161821243819, 0.00145208253525, 0.000227187701967, -0.00187781755812, 0.00165453972295, -0.0037272812333, 0.00256264326163, -9.58836244536e-05, -0.0100919613615, 0.0211070179939, -0.0106410458684, 0.00286603206769], [-0.000388713786379, 0.0019043777138, -0.00127909879666, 0.00119141698815, 0.000264809874352, -0.000208673925954, 0.00213286280632, -0.00377204711549, 0.00354494759813, -0.000542804598808, -0.0106410458684, 0.0234719179571, -0.0108482921496], [0.000260486907791, -0.00100585538894, 0.000165978533914, 0.000416476017563, -0.0006437539123, -0.000464145297883, -0.00206205947325, 0.00154197996017, -0.00270979339257, 0.00366122159176, 0.00286603206769, -0.0108482921496, 0.0189004186541]]
    },
    "melbands": {
        "dmean": [0.00406969804317, 0.00159283180255, 0.000605131383054, 0.000892824085895, 0.000421054341132, 0.000133427238325, 0.000136242233566, 0.00010992227908, 8.05767485872e-05, 9.75321308943e-05, 0.000121760051115, 0.000143510493217, 8.96956917131e-05, 6.21970466455e-05, 4.31843982369e-05, 3.65018640878e-05, 3.6803263356e-05, 2.69228276011e-05, 2.28579792747e-05, 2.39552518906e-05, 1.81688155863e-05, 1.69953400473e-05, 1.59377086675e-05, 1.23416375573e-05, 1.52014426931e-05, 1.05379349407e-05, 8.65875608724e-06, 7.2059510785e-06, 6.39867857899e-06, 5.80830146646e-06, 5.20537878401e-06, 4.48685159427e-06, 4.37338212578e-06, 4.01792522098e-06, 2.88151522909e-06, 2.08480832953e-06, 2.00851400223e-06, 1.8157309114e-06, 1.50150992795e-06, 1.40598422149e-06],
        "dmean2": [0.00616819784045, 0.00240426394157, 0.00108722771984, 0.00156049721409, 0.000720235926565, 0.000224638060899, 0.000212780025322, 0.000179502356332, 0.000131226915983, 0.000160036215675, 0.000206777331186, 0.000233177037444, 0.000150400795974, 0.000106107756437, 7.16905487934e-05, 6.17768528173e-05, 6.08624104643e-05, 4.53678476333e-05, 3.83692749892e-05, 4.0965496737e-05, 3.02141470456e-05, 2.87235943688e-05, 2.71946155408e-05, 2.11289934668e-05, 2.65326852968e-05, 1.82797120942e-05, 1.50196228788e-05, 1.24348980535e-05, 1.08574668047e-05, 9.92390687315e-06, 8.87399528438e-06, 7.60267084843e-06, 7.45830675442e-06, 6.93111360306e-06, 4.89366266265e-06, 3.50411005456e-06, 3.41117470271e-06, 3.09423580802e-06, 2.56437851931e-06, 2.4342280085e-06],
        "dvar": [3.07648915623e-05, 1.42052977026e-05, 3.35225990966e-06, 6.33466834188e-06, 1.20322022212e-06, 8.28980191159e-08, 8.66565486035e-08, 6.81678500314e-08, 2.74158900027e-08, 5.63156810074e-08, 9.55319450213e-08, 1.15112534615e-07, 5.85222537097e-08, 3.00122131591e-08, 1.15078169216e-08, 8.94722695932e-09, 1.03175779032e-08, 6.29138607877e-09, 2.88603319021e-09, 3.5992970826e-09, 1.57376034426e-09, 1.30378530194e-09, 1.30201915916e-09, 6.49448050893e-10, 1.23497512217e-09, 5.08945885436e-10, 3.17032622377e-10, 2.29580007782e-10, 1.98099467386e-10, 1.47740389367e-10, 1.13927214884e-10, 7.96184923546e-11, 1.0131968875e-10, 6.36025815348e-11, 3.08468667276e-11, 1.44362672858e-11, 1.57589635785e-11, 1.2675869035e-11, 8.18612365394e-12, 8.51038163552e-12],
        "dvar2": [6.93875408615e-05, 3.51264352503e-05, 9.66997322394e-06, 1.78500322363e-05, 3.23486983689e-06, 2.1381744375e-07, 2.31516935401e-07, 1.7685225373e-07, 6.73561686426e-08, 1.41605426052e-07, 2.55587764286e-07, 2.72481798902e-07, 1.51468483978e-07, 7.36023579861e-08, 2.74749751838e-08, 2.13384829806e-08, 1.97996108398e-08, 1.40231923851e-08, 6.12927575361e-09, 9.2326635226e-09, 3.79275055806e-09, 3.25961990733e-09, 3.41287065275e-09, 1.64940594516e-09, 3.34568128757e-09, 1.35633093645e-09, 8.29045554429e-10, 5.96493521243e-10, 5.00505414891e-10, 3.84691972721e-10, 3.02679270536e-10, 2.05062369862e-10, 2.64952754181e-10, 1.68116853771e-10, 8.15457770753e-11, 3.76023240323e-11, 4.16527784486e-11, 3.42137845832e-11, 2.23407282257e-11, 2.37488449045e-11],
        "max": [0.0946880728006, 0.0350138954818, 0.0162856094539, 0.0241649057716, 0.00893204007298, 0.00621960684657, 0.00661566155031, 0.00484552327543, 0.00259839743376, 0.00530033418909, 0.00657680584118, 0.0102621214464, 0.00715148588642, 0.00611104024574, 0.00383790582418, 0.00293565099128, 0.00365418964066, 0.00316122896038, 0.00193138141185, 0.0014629982179, 0.000987626845017, 0.000573982426431, 0.00102537102066, 0.000529198849108, 0.000849586853292, 0.000647987821139, 0.000384232145734, 0.000299338629702, 0.000447278987849, 0.000295616133371, 0.000348734814906, 0.000176395784365, 0.000192513180082, 0.000163045682712, 9.85588558251e-05, 5.4362724768e-05, 7.66713710618e-05, 4.40088078903e-05, 3.69141998817e-05, 4.36861591879e-05],
        "mean": [0.00762819359079, 0.00251563754864, 0.000583725399338, 0.000771707855165, 0.000392200861825, 0.00016755242541, 0.000209817590076, 0.000162890908541, 0.000109550870548, 0.000121544602735, 0.000140633317642, 0.000190903403563, 0.000113521236926, 7.70283149905e-05, 5.63597532164e-05, 4.48495338787e-05, 4.53076172562e-05, 3.37836099789e-05, 3.08962080453e-05, 3.08488270093e-05, 2.29524775932e-05, 2.05821670534e-05, 1.96387609321e-05, 1.56446221808e-05, 1.71500832948e-05, 1.24591197164e-05, 1.0781885976e-05, 9.65789058682e-06, 8.96375695447e-06, 7.77931563789e-06, 7.20379011909e-06, 6.30511158306e-06, 6.06154162597e-06, 5.3144958656e-06, 4.24930658482e-06, 3.26624854097e-06, 3.00974852507e-06, 2.69939005193e-06, 2.34999833992e-06, 2.19388539335e-06],
        "median": [0.00386698171496, 0.00111861946061, 0.000177654903382, 0.000159690971486, 9.33537667152e-05, 6.17647310719e-05, 7.66035082052e-05, 5.20100729773e-05, 3.34872202075e-05, 3.29144313582e-05, 3.63950239262e-05, 4.19432435592e-05, 2.38332322624e-05, 1.96930122911e-05, 1.99929527298e-05, 1.63128534041e-05, 1.31496526592e-05, 1.2599942238e-05, 1.08486765384e-05, 1.06712132038e-05, 8.22212405183e-06, 7.13936788088e-06, 6.75021965435e-06, 5.71448890696e-06, 5.17603939443e-06, 4.48813534604e-06, 4.43214821644e-06, 4.29481315223e-06, 4.30443651567e-06, 4.05290984418e-06, 3.88434182241e-06, 3.31821070176e-06, 3.13442706101e-06, 2.82947303276e-06, 2.35915922531e-06, 1.91081380763e-06, 1.7164345536e-06, 1.52219104166e-06, 1.43870556712e-06, 1.22201231534e-06],
        "min": [1.323424116e-24, 4.29586867156e-24, 6.53938238069e-24, 7.33976302171e-24, 3.80555296478e-24, 4.64540859992e-24, 4.29007409378e-24, 3.2928338055e-24, 6.09680853589e-24, 7.10531750498e-24, 6.57351796978e-24, 7.56277399961e-24, 5.21043258987e-24, 5.83480021914e-24, 5.90270378814e-24, 4.2478396642e-24, 4.39271160286e-24, 5.76482234039e-24, 4.61778071887e-24, 8.60122970639e-24, 8.44410833559e-24, 6.57693610408e-24, 8.98975632398e-24, 1.05029217022e-23, 7.80173337844e-24, 7.24615520897e-24, 6.22293477286e-24, 7.4909561028e-24, 9.49571435365e-24, 5.05448859398e-24, 7.50249161582e-24, 1.14126526642e-23, 9.04813597527e-24, 6.93998251444e-24, 9.72039456123e-24, 7.51619570746e-24, 7.75477485533e-24, 7.60501434564e-24, 8.05839716256e-24, 7.28578284768e-24],
        "var": [9.11529787118e-05, 1.77253441507e-05, 2.19951857616e-06, 4.21595495936e-06, 9.62516651271e-07, 9.8342901822e-08, 1.410103323e-07, 1.19114652364e-07, 4.58700348815e-08, 8.67981171382e-08, 1.18610685718e-07, 2.90369456479e-07, 9.23404925857e-08, 5.3816922474e-08, 2.013833722e-08, 1.17394920451e-08, 2.1316676424e-08, 8.16504641676e-09, 5.93684745809e-09, 4.60211779796e-09, 2.07009676068e-09, 1.57355872776e-09, 1.45875778124e-09, 8.17543144294e-10, 1.20419618721e-09, 5.61473811889e-10, 3.75568687261e-10, 2.84974654985e-10, 2.61858118522e-10, 1.73253911218e-10, 1.29638480506e-10, 1.0639417819e-10, 1.18538914795e-10, 6.64773097681e-11, 3.81099318769e-11, 2.00692483465e-11, 1.8567231086e-11, 1.46342087753e-11, 9.69194516309e-12, 1.0074555773e-11]
    },
    "mfcc": {
        "mean": [-645.35357666, 93.1214752197, 10.3126831055, 18.3322410583, 5.61132001877, 11.509344101, 6.96141004562, 9.15100193024, 6.5228843689, 4.06081819534, 3.12789058685, 3.36486101151, 4.13721752167],
        "cov": [[10616.0205078, -926.328979492, 371.694702148, 423.812805176, 486.854522705, 520.993225098, 243.892532349, 121.560844421, 82.8606338501, 186.446762085, 124.152496338, -25.9612789154, -125.123077393], [-926.328979492, 1808.7947998, 112.607749939, 165.539428711, 60.6382865906, 9.02455043793, -75.410446167, -66.6170120239, -14.2212181091, 6.5019197464, -9.23392105103, -17.175699234, -9.41410064697], [371.694702148, 112.607749939, 749.414367676, 330.381744385, 219.884674072, 181.810409546, 65.663772583, -19.4499473572, 18.8846492767, 56.3839530945, 48.4535446167, 31.8548583984, -5.30077123642], [423.812805176, 165.539428711, 330.381744385, 424.433288574, 254.522689819, 172.091812134, 58.7987632751, 11.5120944977, 35.1148910522, 62.7004814148, 55.8267402649, 34.0892372131, -9.5562582016], [486.854522705, 60.6382865906, 219.884674072, 254.522689819, 320.688934326, 190.451141357, 83.4665374756, 42.5827865601, 41.1316680908, 54.5679283142, 39.9822273254, 21.3757648468, -2.71906805038], [520.993225098, 9.02455043793, 181.810409546, 172.091812134, 190.451141357, 259.675354004, 146.327545166, 69.1800842285, 59.8895301819, 64.5563201904, 39.5631561279, 21.1854476929, 16.5503425598], [243.892532349, -75.410446167, 65.663772583, 58.7987632751, 83.4665374756, 146.327545166, 222.550750732, 147.948730469, 91.5383300781, 60.0282249451, 27.5076980591, 21.4046401978, 23.542427063], [121.560844421, -66.6170120239, -19.4499473572, 11.5120944977, 42.5827865601, 69.1800842285, 147.948730469, 215.072692871, 140.961257935, 63.9865264893, 26.6612434387, 20.3936767578, 19.5771255493], [82.8606338501, -14.2212181091, 18.8846492767, 35.1148910522, 41.1316680908, 59.8895301819, 91.5383300781, 140.961257935, 176.216125488, 102.441093445, 41.627571106, 28.7672138214, 22.0912208557], [186.446762085, 6.5019197464, 56.3839530945, 62.7004814148, 54.5679283142, 64.5563201904, 60.0282249451, 63.9865264893, 102.441093445, 148.112533569, 96.7207336426, 54.8273887634, 35.8992996216], [124.152496338, -9.23392105103, 48.4535446167, 55.8267402649, 39.9822273254, 39.5631561279, 27.5076980591, 26.6612434387, 41.627571106, 96.7207336426, 138.330413818, 94.0063095093, 51.1618499756], [-25.9612789154, -17.175699234, 31.8548583984, 34.0892372131, 21.3757648468, 21.1854476929, 21.4046401978, 20.3936767578, 28.7672138214, 54.8273887634, 94.0063095093, 136.988891602, 83.4279403687], [-125.123077393, -9.41410064697, -5.30077123642, -9.5562582016, -2.71906805038, 16.5503425598, 23.542427063, 19.5771255493, 22.0912208557, 35.8992996216, 51.1618499756, 83.4279403687, 113.36000824]],
