{
"lowlevel": {
    "average_loudness": 0.882123172283,
    "barkbands_crest": {
        "dmean": 2.97916913033,
        "dmean2": 4.66682481766,
        "dvar": 9.96099185944,
        "dvar2": 22.3730049133,
        "max": 26.7615184784,
        "mean": 12.6212186813,
        "median": 12.2713279724,
        "min": 2.09791374207,
        "var": 37.805267334
    },
    "barkbands_flatness_db": {
        "dmean": 0.0311956647784,
        "dmean2": 0.0454117059708,
        "dvar": 0.00134497752879,
        "dvar2": 0.00280151795596,
        "max": 0.662145316601,
        "mean": 0.125530898571,
        "median": 0.111249290407,
        "min": 0.0116888098419,
        "var": 0.0060447412543
    },
    "barkbands_kurtosis": {
        "dmean": 16.8876552582,
        "dmean2": 25.8592357635,
        "dvar": 9346.87792969,
        "dvar2": 21733.5761719,
        "max": 3567.75634766,
        "mean": 19.6053562164,
        "median": 2.23760223389,
        "min": -1.94580900669,
        "var": 12705.8037109
    },
    "barkbands_skewness": {
        "dmean": 1.10143733025,
        "dmean2": 1.60992121696,
        "dvar": 3.637383461,
        "dvar2": 8.72481441498,
        "max": 42.2986297607,
        "mean": 2.36665034294,
        "median": 1.77602016926,
        "min": -4.44113874435,
        "var": 10.0164079666
    },
    "barkbands_spread": {
        "dmean": 11.1586027145,
        "dmean2": 17.2396717072,
        "dvar": 158.91494751,
        "dvar2": 403.287567139,
        "max": 119.130996704,
        "mean": 35.5472869873,
        "median": 33.5408210754,
        "min": 0.02979144454,
        "var": 434.286651611
    },
    "dissonance": {
        "dmean": 0.0115439090878,
        "dmean2": 0.0194212011993,
        "dvar": 0.000165142133483,
        "dvar2": 0.000447516504209,
        "max": 0.500000059605,
        "mean": 0.48017141223,
        "median": 0.484337180853,
        "min": 0.32755407691,
        "var": 0.000277826125966
    },
    "dynamic_complexity": 2.76579475403,
    "erbbands_crest": {
        "dmean": 2.21852445602,
        "dmean2": 3.5813794136,
        "dvar": 7.93698740005,
        "dvar2": 20.0856685638,
        "max": 31.5643043518,
        "mean": 6.63755893707,
        "median": 5.14949131012,
        "min": 2.05250835419,
        "var": 17.2130317688
    },
    "erbbands_flatness_db": {
        "dmean": 0.0142364688218,
        "dmean2": 0.0214401781559,
        "dvar": 0.000291898817522,
        "dvar2": 0.000632777169812,
        "max": 0.345659345388,
        "mean": 0.105705276132,
        "median": 0.0952585712075,
        "min": 0.0457918606699,
        "var": 0.00150934536941
    },
    "erbbands_kurtosis": {
        "dmean": 0.993955910206,
        "dmean2": 1.56777274609,
        "dvar": 7.45918130875,
        "dvar2": 15.160405159,
        "max": 123.653091431,
        "mean": 0.0946429371834,
        "median": -0.630553245544,
        "min": -1.84410822392,
        "var": 10.7149801254
    },
    "erbbands_skewness": {
        "dmean": 0.419970035553,
        "dmean2": 0.640554666519,
        "dvar": 0.282232522964,
        "dvar2": 0.663998067379,
        "max": 9.66707611084,
        "mean": -0.201316431165,
        "median": -0.244909510016,
        "min": -4.30423641205,
        "var": 0.737608671188
    },
    "erbbands_spread": {
        "dmean": 12.5755729675,
        "dmean2": 19.2389793396,
        "dvar": 200.25151062,
        "dvar2": 441.102844238,
        "max": 190.933074951,
        "mean": 60.3127593994,
        "median": 57.2139091492,
        "min": 2.53779649734,
        "var": 595.101074219
    },
    "hfc": {
        "dmean": 17.1455001831,
        "dmean2": 27.1279125214,
        "dvar": 823.764526367,
        "dvar2": 2194.86230469,
        "max": 376.106567383,
        "mean": 40.9150009155,
        "median": 32.5094070435,
        "min": 1.13561455775e-16,
        "var": 1289.78747559
    },
    "melbands_crest": {
        "dmean": 4.24006700516,
        "dmean2": 6.61009979248,
        "dvar": 20.2228355408,
        "dvar2": 45.151096344,
        "max": 38.2488288879,
        "mean": 21.2629432678,
        "median": 21.6245136261,
        "min": 1.66120505333,
        "var": 90.7852478027
    },
    "melbands_flatness_db": {
        "dmean": 0.0394876152277,
        "dmean2": 0.056760866195,
        "dvar": 0.00197415123694,
        "dvar2": 0.00417613657191,
        "max": 0.790370643139,
        "mean": 0.18959595263,
        "median": 0.18260422349,
        "min": 0.00393471634015,
        "var": 0.0101040108129
    },
    "melbands_kurtosis": {
        "dmean": 37.6310310364,
        "dmean2": 55.9963188171,
        "dvar": 14951.3447266,
        "dvar2": 30416.9082031,
        "max": 3145.33691406,
        "mean": 56.7803153992,
        "median": 16.6781978607,
        "min": -1.79448950291,
        "var": 24845.6875
    },
    "melbands_skewness": {
        "dmean": 1.68981957436,
        "dmean2": 2.4746799469,
        "dvar": 6.6507973671,
        "dvar2": 13.8676052094,
        "max": 49.7556610107,
        "mean": 4.93812465668,
        "median": 3.76945590973,
        "min": -2.42182397842,
        "var": 18.5053672791
    },
    "melbands_spread": {
        "dmean": 13.4741630554,
        "dmean2": 20.6113262177,
        "dvar": 350.312591553,
        "dvar2": 800.59753418,
        "max": 261.393798828,
        "mean": 32.9836349487,
        "median": 21.9775924683,
        "min": 0.0693820267916,
        "var": 1127.52905273
    },
    "pitch_salience": {
        "dmean": 0.0927938818932,
        "dmean2": 0.141593396664,
        "dvar": 0.00979851186275,
        "dvar2": 0.0207814574242,
        "max": 0.933771729469,
        "mean": 0.451480597258,
        "median": 0.469217300415,
        "min": 0.0121048558503,
        "var": 0.0402675010264
    },
    "silence_rate_20dB": {
        "dmean": 0,
        "dmean2": 0,
        "dvar": 0,
        "dvar2": 0,
        "max": 1,
        "mean": 1,
        "median": 1,
        "min": 1,
        "var": 0
    },
    "silence_rate_30dB": {
        "dmean": 0.0395577810705,
        "dmean2": 0.0791223943233,
        "dvar": 0.0379919670522,
        "dvar2": 0.0923887938261,
        "max": 1,
        "mean": 0.954227507114,
        "median": 1,
        "min": 0,
        "var": 0.043679960072
    },
    "silence_rate_60dB": {
        "dmean": 0.0174468811601,
        "dmean2": 0.0348967798054,
        "dvar": 0.0171432252973,
        "dvar2": 0.0378279723227,
        "max": 1,
        "mean": 0.051990672946,
        "median": 0,
        "min": 0,
        "var": 0.0492994748056
    },
    "spectral_centroid": {
        "dmean": 418.025817871,
        "dmean2": 634.116149902,
        "dvar": 224083.515625,
        "dvar2": 524027.90625,
        "max": 11339.1962891,
        "mean": 2158.57763672,
        "median": 2188.19921875,
        "min": 61.6013069153,
        "var": 789088.1875
    },
    "spectral_complexity": {
        "dmean": 6.77042675018,
        "dmean2": 10.5125684738,
        "dvar": 63.1862411499,
        "dvar2": 131.622955322,
        "max": 75,
        "mean": 23.0479316711,
        "median": 22,
        "min": 0,
        "var": 215.678314209
    },
    "spectral_decrease": {
        "dmean": 3.68189811972e-09,
        "dmean2": 5.58512125437e-09,
        "dvar": 2.17929649384e-17,
        "dvar2": 5.41048912504e-17,
        "max": 1.50724336709e-28,
        "mean": -1.1722501192e-08,
        "median": -1.14675229312e-08,
        "min": -5.38933520033e-08,
        "var": 7.53477761183e-17
    },
    "spectral_energy": {
        "dmean": 0.0147210229188,
        "dmean2": 0.0223618615419,
        "dvar": 0.000334544340149,
        "dvar2": 0.000830102013424,
        "max": 0.225107342005,
        "mean": 0.0479546636343,
        "median": 0.0466071292758,
        "min": 1.05135075908e-20,
        "var": 0.00114223058335
    },
    "spectral_energyband_high": {
        "dmean": 0.00169457681477,
        "dmean2": 0.00267870095558,
        "dvar": 8.36408526084e-06,
        "dvar2": 2.30199966609e-05,
        "max": 0.0459164232016,
        "mean": 0.00359617080539,
        "median": 0.00255494448356,
        "min": 7.6156976112e-21,
        "var": 1.35528516694e-05
    },
    "spectral_energyband_low": {
        "dmean": 0.0110811041668,
        "dmean2": 0.0166712235659,
        "dvar": 0.000270758813713,
        "dvar2": 0.000663539627567,
        "max": 0.161577671766,
        "mean": 0.0312141794711,
        "median": 0.022551741451,
        "min": 3.18002200234e-23,
        "var": 0.000938165641855
    },
    "spectral_energyband_middle_high": {
        "dmean": 0.00242249225266,
        "dmean2": 0.00409330474213,
        "dvar": 3.34932592523e-05,
        "dvar2": 9.33020637603e-05,
        "max": 0.106272108853,
        "mean": 0.0044798986055,
        "median": 0.00287333107553,
        "min": 1.2790728547e-21,
        "var": 3.23810963891e-05
    },
    "spectral_energyband_middle_low": {
        "dmean": 0.00534755410627,
        "dmean2": 0.0081723285839,
        "dvar": 9.56716103246e-05,
        "dvar2": 0.000235416911892,
        "max": 0.139894723892,
        "mean": 0.00903315469623,
        "median": 0.0051877964288,
        "min": 2.48553057083e-22,
        "var": 0.000126823215396
    },
    "spectral_entropy": {
        "dmean": 0.143311351538,
        "dmean2": 0.213886171579,
        "dvar": 0.0374848544598,
        "dvar2": 0.0819089189172,
        "max": 9.80600261688,
        "mean": 8.14628601074,
        "median": 8.24381065369,
        "min": 4.47335243225,
        "var": 0.164311721921
    },
    "spectral_flux": {
        "dmean": 0.0349388793111,
        "dmean2": 0.0537556670606,
        "dvar": 0.00146833818872,
        "dvar2": 0.00310824811459,
        "max": 0.430800110102,
        "mean": 0.103309690952,
        "median": 0.0919886901975,
        "min": 6.45170514235e-11,
        "var": 0.00330699328333
    },
    "spectral_kurtosis": {
        "dmean": 0.630063176155,
        "dmean2": 1.02321577072,
        "dvar": 0.938570678234,
        "dvar2": 2.33271360397,
        "max": 37.6438369751,
        "mean": 1.96373558044,
        "median": 1.74765348434,
        "min": -1.25283110142,
        "var": 2.50906443596
    },
    "spectral_rms": {
        "dmean": 0.00106126337778,
        "dmean2": 0.00155806937255,
        "dvar": 1.39868916449e-06,
        "dvar2": 3.16409796142e-06,
        "max": 0.0148194776848,
        "mean": 0.00628086505458,
        "median": 0.00674317218363,
        "min": 3.20266773171e-12,
        "var": 7.33556589694e-06
    },
    "spectral_rolloff": {
        "dmean": 1096.6328125,
        "dmean2": 1740.20373535,
        "dvar": 2524718.5,
        "dvar2": 5506205.5,
        "max": 18927.6855469,
        "mean": 2586.72753906,
        "median": 1055.12695312,
        "min": 43.06640625,
        "var": 9233638
    },
    "spectral_skewness": {
        "dmean": 0.134918093681,
        "dmean2": 0.211789444089,
        "dvar": 0.0251359175891,
        "dvar2": 0.0588674731553,
        "max": 4.94684934616,
        "mean": 1.11501550674,
        "median": 1.10746669769,
        "min": -0.0539532266557,
        "var": 0.0862840041518
    },
    "spectral_spread": {
        "dmean": 627044.5625,
        "dmean2": 979897.5625,
        "dvar": 703604457472,
        "dvar2": 1.61787569766e+12,
        "max": 52695692,
        "mean": 6682687.5,
        "median": 6696997.5,
        "min": 1984635.625,
        "var": 3.08997468979e+12
    },
    "spectral_strongpeak": {
        "dmean": 0.283078372478,
        "dmean2": 0.475819885731,
        "dvar": 0.293990701437,
        "dvar2": 0.784212768078,
        "max": 11.3554382324,
        "mean": 0.549631655216,
        "median": 0.371078580618,
        "min": 0,
        "var": 0.366880834103
    },
    "zerocrossingrate": {
        "dmean": 0.0196012146771,
        "dmean2": 0.0216230098158,
        "dvar": 0.000431799940998,
        "dvar2": 0.000445119512733,
        "max": 0.86279296875,
        "mean": 0.0969273895025,
        "median": 0.0771484375,
        "min": 0.00146484375,
        "var": 0.00512009765953
    },
    "barkbands": {
        "dmean": [0.00201620836742, 0.00928337033838, 0.00228036148474, 0.0012077013962, 0.00280494173057, 0.000859989202581, 0.000551513046958, 0.000534504128154, 0.000890364462975, 0.000509247125592, 0.000340090657119, 0.000412020861404, 0.000287943461444, 0.000228537159273, 0.000324039021507, 0.000257330277236, 0.000339290651027, 0.000319928338286, 0.000333893694915, 0.000382760365028, 0.000336902739946, 0.000325118831825, 0.000349493988324, 0.000349056819687, 0.00025835679844, 0.000136004149681, 2.72524612228e-05],
        "dmean2": [0.00284221442416, 0.0140625815839, 0.00340117048472, 0.0019904486835, 0.00434975977987, 0.00139455706812, 0.00085898314137, 0.000861469248775, 0.001516479766, 0.000865638488904, 0.000579507497605, 0.000735217065085, 0.000493073719554, 0.000383865524782, 0.00055467360653, 0.000438984425273, 0.000575767364353, 0.000541187706403, 0.000564572284929, 0.000653214519843, 0.00055506778881, 0.00053278694395, 0.000576296471991, 0.000552391109522, 0.000417623232352, 0.000220973946853, 4.56697162008e-05],
        "dvar": [1.24904881886e-05, 0.000222015965846, 3.38184581778e-05, 1.2130707546e-05, 4.3975389417e-05, 3.32868103214e-06, 1.10044084067e-06, 2.44806551564e-06, 1.29609816213e-05, 3.76475145458e-06, 9.49517414028e-07, 5.09390838488e-06, 4.98677252381e-07, 2.25177217317e-07, 5.96471295466e-07, 3.00479541693e-07, 4.78597030451e-07, 3.35372078553e-07, 5.26929625266e-07, 4.78406263937e-07, 3.70995735466e-07, 3.20000566489e-07, 4.07981133321e-07, 3.52177607965e-07, 2.34837642665e-07, 6.32351557783e-08, 2.6481525861e-09],
        "dvar2": [2.34347244259e-05, 0.000543202157132, 6.76674681017e-05, 3.16824880429e-05, 0.000107112900878, 8.71993142937e-06, 2.46350555244e-06, 5.81174072067e-06, 3.66415733879e-05, 1.03964421214e-05, 2.49968252319e-06, 1.5022925254e-05, 1.35305504045e-06, 5.93322681652e-07, 1.63336903825e-06, 8.17439115508e-07, 1.29313070829e-06, 8.63008210672e-07, 1.4870471432e-06, 1.31726869768e-06, 1.00440149708e-06, 8.67414655659e-07, 1.12359077775e-06, 9.30479473027e-07, 6.58816816212e-07, 1.78150230568e-07, 7.33950855647e-09],
        "max": [0.0479812026024, 0.14687526226, 0.0551748424768, 0.0670222714543, 0.0995803847909, 0.0335484817624, 0.0227559432387, 0.0442180037498, 0.111896388233, 0.0490353703499, 0.0219862181693, 0.0525397993624, 0.0160224251449, 0.0109054418281, 0.0268017891794, 0.0105151720345, 0.0174995884299, 0.0152405845001, 0.0389375649393, 0.0105574242771, 0.0171682052314, 0.0145314335823, 0.00818484742194, 0.00784486345947, 0.0073143709451, 0.00645041465759, 0.000602267915383],
        "mean": [0.00556505704299, 0.0228645764291, 0.00256121926941, 0.00129464047495, 0.0035450074356, 0.00125993730035, 0.000867544964422, 0.000754787295591, 0.0010488856351, 0.000599660619628, 0.000411831511883, 0.000409593107179, 0.000361819198588, 0.000320256658597, 0.000413199100876, 0.000346181011992, 0.000473051943118, 0.000469604099635, 0.000517149805091, 0.000581916770898, 0.000628490350209, 0.000593769771513, 0.000611526076682, 0.000659139652271, 0.000499796238728, 0.000254505430348, 4.15005015384e-05],
        "median": [0.00112269516103, 0.0125767886639, 0.000379962526495, 0.000342704588547, 0.000868548988365, 0.000545768241864, 0.000311675248668, 0.000186259494512, 0.000263432244537, 0.000160038922331, 0.000123345613247, 0.000125063597807, 0.000129594583996, 0.000141203636304, 0.000175090826815, 0.000173981272383, 0.000241303816438, 0.000267054507276, 0.000312467367621, 0.000355594384018, 0.000430282088928, 0.000408423016779, 0.000380742538255, 0.000388054730138, 0.000322717882227, 0.000181116600288, 2.43544109253e-05],
        "min": [1.0020783722e-24, 1.4285157122e-23, 7.47593540231e-24, 6.31931424839e-25, 2.89317482226e-23, 1.25550684054e-23, 2.26118774328e-23, 1.38272896308e-23, 2.7114348381e-23, 3.90525401803e-23, 3.14224629348e-23, 5.67934539589e-23, 5.22307613692e-23, 4.13781052843e-23, 6.84124537032e-23, 6.37453632613e-23, 5.25841331894e-23, 1.04515796369e-22, 1.89429610933e-22, 2.06656376728e-22, 2.65981127559e-22, 4.66041099885e-22, 4.73423323345e-22, 6.47795106832e-22, 1.00223058923e-21, 1.60869544308e-21, 1.9640906852e-21],
        "var": [6.17874466116e-05, 0.000655063078739, 4.43837307103e-05, 1.03398524516e-05, 5.73253018956e-05, 4.89480771648e-06, 3.15549982588e-06, 4.3430795813e-06, 1.06923516796e-05, 3.46197907675e-06, 1.34429819809e-06, 3.01526074509e-06, 5.10604650117e-07, 3.03447450278e-07, 5.67020833842e-07, 3.00566483702e-07, 5.2547852647e-07, 4.08845409083e-07, 5.25665996065e-07, 5.64474362363e-07, 6.05030152201e-07, 5.17372200193e-07, 5.26348685526e-07, 6.49108301332e-07, 3.29491484763e-07, 8.07549298543e-08, 2.91521895512e-09]
    },
    "erbbands": {
        "dmean": [0.463166564703, 1.42158436775, 2.20268154144, 3.56352972984, 8.29714107513, 9.31953144073, 6.57626247406, 6.91802453995, 6.86985349655, 10.3373203278, 13.0966463089, 22.1110687256, 17.0590705872, 13.4640874863, 13.980682373, 17.0889530182, 13.6207790375, 11.852763176, 15.1992683411, 15.6024436951, 14.2859020233, 17.8786945343, 17.4683418274, 16.5972957611, 17.0999984741, 18.938583374, 14.3878297806, 13.0735416412, 11.7672319412, 11.8720769882, 9.6162815094, 7.81066989899, 5.47708559036, 3.44354057312, 1.64041781425, 0.706938922405, 0.246128544211, 0.0509074740112, 0.00428913533688, 7.57949092076e-05],
        "dmean2": [0.692471563816, 2.1364133358, 3.10878992081, 5.62427711487, 13.2392511368, 14.7146186829, 10.9668922424, 11.2450838089, 10.9253320694, 16.4169502258, 20.8697052002, 37.8188209534, 28.9747524261, 22.9541282654, 24.0749759674, 30.3811321259, 23.459608078, 19.8983268738, 26.2232284546, 26.3371601105, 24.249168396, 30.3252010345, 29.5488147736, 27.8093357086, 29.1303844452, 32.5086784363, 23.8549194336, 21.6967792511, 19.3762989044, 19.7499580383, 15.7813606262, 12.6025075912, 8.69199180603, 5.66553020477, 2.66770601273, 1.16344356537, 0.406866282225, 0.0820032432675, 0.00717344647273, 0.000123596415506],
        "dvar": [0.610814392567, 6.20456171036, 23.5851230621, 78.6608581543, 442.175506592, 495.204650879, 269.370574951, 201.078811646, 179.959625244, 643.055175781, 1312.27111816, 9225.75195312, 4611.01171875, 2157.8046875, 2016.68005371, 8280.90136719, 1366.10913086, 608.049804688, 1749.65283203, 906.128417969, 961.951171875, 1339.19506836, 1116.38439941, 780.680053711, 1756.14953613, 1215.83117676, 607.83972168, 588.608886719, 441.801361084, 479.180938721, 338.814880371, 189.647827148, 81.8888015747, 41.2321205139, 9.18536949158, 1.63694131374, 0.226780682802, 0.00830101035535, 6.36529366602e-05, 1.63245310603e-08],
        "dvar2": [1.48921453953, 13.6542215347, 44.859375, 182.223724365, 1152.3104248, 1237.85119629, 732.265441895, 523.127441406, 410.999786377, 1578.1439209, 2944.57080078, 26268.6640625, 12716.8984375, 6099.64306641, 5603.45849609, 24317.2851562, 3783.49829102, 1609.3692627, 4860.33935547, 2398.34667969, 2603.87792969, 3625.16674805, 2940.15795898, 2046.06188965, 5008.1796875, 3361.59912109, 1648.40637207, 1571.01611328, 1208.8560791, 1331.11206055, 928.715820312, 502.578033447, 216.215301514, 113.492973328, 25.9641857147, 4.63442087173, 0.636361896992, 0.0230075865984, 0.000175038381713, 4.48656471974e-08],
        "max": [7.63879299164, 34.357257843, 56.7327232361, 129.190643311, 347.955474854, 354.037872314, 293.531951904, 366.709899902, 332.791687012, 570.088928223, 1165.15856934, 3144.81787109, 1530.97692871, 1937.66247559, 905.153869629, 2221.30981445, 964.343383789, 575.563049316, 1561.60949707, 726.878967285, 725.286621094, 764.272827148, 883.163146973, 547.684387207, 2439.40625, 565.077270508, 616.322753906, 522.998962402, 539.50793457, 533.226806641, 254.284835815, 193.584320068, 123.515602112, 90.0729217529, 45.4180641174, 23.7830677032, 12.810675621, 1.60654580593, 0.106693953276, 0.00178411917295],
        "mean": [1.17511200905, 3.0645802021, 3.23221445084, 4.08217144012, 9.8664598465, 10.9707956314, 8.62950706482, 10.059214592, 10.6113100052, 15.1351232529, 19.7184696198, 26.0947647095, 20.688659668, 16.4657897949, 16.6723213196, 18.2094192505, 17.3721103668, 16.7462387085, 19.2410087585, 21.5045852661, 20.6012058258, 25.3338947296, 25.8332614899, 26.1822376251, 26.6237850189, 28.5823173523, 25.8577156067, 23.9112911224, 21.2169857025, 19.8897361755, 16.9613800049, 14.3868980408, 10.4810066223, 6.43614673615, 3.06265115738, 1.27005183697, 0.442563056946, 0.0936146751046, 0.00649837357923, 0.000172882937477],
        "median": [0.517935872078, 1.39864385128, 0.885828852654, 1.24693131447, 2.1491355896, 2.84846448898, 3.33738684654, 4.41122961044, 4.21329927444, 4.73485565186, 4.92234992981, 6.3562130928, 5.99216127396, 5.42322254181, 5.85053777695, 6.16437530518, 6.61866855621, 7.57976007462, 7.87927818298, 10.6742677689, 10.6898880005, 13.3676023483, 14.6543178558, 16.0761222839, 15.7447595596, 17.4838256836, 17.6016082764, 16.0743579865, 14.4421596527, 13.0572814941, 10.5853738785, 8.45670700073, 6.07421159744, 3.93279004097, 2.04994678497, 0.890887796879, 0.307092785835, 0.0656185522676, 0.00374028040096, 0.000147902654135],
        "min": [2.36316322452e-22, 3.50110252715e-21, 8.36064483864e-21, 1.10718738913e-20, 3.35614445624e-20, 7.54237241199e-20, 7.22089706797e-20, 9.70398146823e-20, 2.26530364235e-19, 3.82111844668e-19, 4.8881162964e-19, 5.7160884174e-19, 1.01137708796e-18, 1.80024300473e-18, 2.4212192779e-18, 1.97659129388e-18, 2.32556163032e-18, 2.23284874572e-18, 3.46942461808e-18, 4.07655492177e-18, 4.62662465244e-18, 3.77442472149e-18, 8.09775822566e-18, 7.75389345476e-18, 9.56560759343e-18, 9.52161233819e-18, 1.00129501774e-17, 1.11397265089e-17, 1.49966223782e-17, 1.35693098235e-17, 1.52896378753e-17, 1.31711083854e-17, 1.07134207822e-17, 9.31085829864e-18, 7.5188798622e-18, 5.65934641232e-18, 2.94757332682e-18, 1.11846471724e-18, 2.58557065643e-19, 2.98528352159e-20],
        "var": [1.89805221558, 18.6387634277, 44.7583465576, 84.3348083496, 484.303344727, 561.198730469, 284.841156006, 318.147674561, 471.181915283, 1203.34973145, 2846.02026367, 7331.06835938, 4291.84716797, 1987.34399414, 1958.00756836, 5138.65722656, 1243.81811523, 787.805786133, 1547.72973633, 1053.51538086, 1018.31054688, 1438.69604492, 1280.7947998, 1051.86535645, 1595.0760498, 1396.45166016, 989.672912598, 914.501708984, 692.535461426, 610.41973877, 425.046722412, 317.102203369, 168.526931763, 62.1596260071, 11.7383136749, 1.99369513988, 0.264941364527, 0.0109652960673, 7.21755714039e-05, 2.2122708998e-08]
    },
    "gfcc": {
        "mean": [34.0030517578, 28.9193744659, -90.5416641235, 43.6621780396, -55.9537849426, 20.488697052, -32.9667816162, 16.5953941345, -21.8326950073, 10.2732019424, -15.7322006226, 6.90328121185, -10.9179430008],
        "cov": [[10391.6845703, -559.261169434, 255.446456909, 323.312438965, -52.8426475525, 252.845596313, -172.398635864, 275.997344971, -46.9125480652, 146.849411011, -68.3458175659, 211.801498413, -2.57670235634], [-559.261169434, 1654.54553223, 68.5666656494, 141.166610718, 369.436309814, 16.2072505951, 243.164962769, 13.3796224594, 181.714904785, 27.9969825745, 119.506767273, -35.8426132202, 70.3015823364], [255.446456909, 68.5666656494, 807.40246582, 387.955596924, 304.94418335, 211.401275635, 129.499588013, 111.372398376, 83.7288513184, 56.0707092285, 56.4885826111, 41.5542945862, 32.9941253662], [323.312438965, 141.166610718, 387.955596924, 489.824798584, 294.612487793, 205.287261963, 144.023239136, 105.956222534, 77.7415390015, 55.4441833496, 61.8016014099, 29.5987758636, 27.3012466431], [-52.8426475525, 369.436309814, 304.94418335, 294.612487793, 461.362792969, 235.209487915, 228.532669067, 115.342765808, 155.942565918, 82.6504516602, 109.644096375, 50.0864257812, 58.9092941284], [252.845596313, 16.2072505951, 211.401275635, 205.287261963, 235.209487915, 313.496551514, 191.715515137, 158.179916382, 117.775390625, 80.8241958618, 84.1463088989, 51.2353820801, 44.0673332214], [-172.398635864, 243.164962769, 129.499588013, 144.023239136, 228.532669067, 191.715515137, 296.724975586, 171.181625366, 158.404327393, 76.4232940674, 87.738822937, 42.722076416, 52.3576660156], [275.997344971, 13.3796224594, 111.372398376, 105.956222534, 115.342765808, 158.179916382, 171.181625366, 233.671310425, 167.253189087, 92.6782913208, 67.5639266968, 50.2486343384, 44.4947891235], [-46.9125480652, 181.714904785, 83.7288513184, 77.7415390015, 155.942565918, 117.775390625, 158.404327393, 167.253189087, 224.312774658, 127.416168213, 97.2893829346, 38.7555503845, 49.8681221008], [146.849411011, 27.9969825745, 56.0707092285, 55.4441833496, 82.6504516602, 80.8241958618, 76.4232940674, 92.6782913208, 127.416168213, 151.211853027, 97.8139266968, 53.4607887268, 30.3514480591], [-68.3458175659, 119.506767273, 56.4885826111, 61.8016014099, 109.644096375, 84.1463088989, 87.738822937, 67.5639266968, 97.2893829346, 97.8139266968, 145.112030029, 75.3207168579, 45.599395752], [211.801498413, -35.8426132202, 41.5542945862, 29.5987758636, 50.0864257812, 51.2353820801, 42.722076416, 50.2486343384, 38.7555503845, 53.4607887268, 75.3207168579, 106.680297852, 57.4946975708], [-2.57670235634, 70.3015823364, 32.9941253662, 27.3012466431, 58.9092941284, 44.0673332214, 52.3576660156, 44.4947891235, 49.8681221008, 30.3514480591, 45.599395752, 57.4946975708, 86.7669296265]],
        "icov": [[0.000134105634061, -7.60757902754e-05, 2.1530826416e-05, -8.34457896417e-05, 2.58165346168e-05, -0.000175446330104, 0.000328833732056, -0.000382080877898, 0.000259972235654, -0.000320132035995, 0.0004653975775, -0.000543769507203, 0.000231078825891], [-7.60757902754e-05, 0.00117806065828, 9.25809508772e-05, -5.08725825057e-05, -0.000830791715998, 0.0010907050455, -0.00101485825144, 0.000969323678873, -0.000987607054412, 0.000987632316537, -0.0014779275516, 0.00181740848348, -0.00105597090442], [2.1530826416e-05, 9.25809508772e-05, 0.0021512999665, -0.00127451517619, -0.000790657126345, -0.000223825729336, 0.000483419222292, -0.000379728211556, 7.37413938623e-05, -2.55994909821e-05, 0.000379849341698, -0.000345385778928, 5.79109146202e-05], [-8.34457896417e-05, -5.08725825057e-05, -0.00127451517619, 0.0045887446031, -0.00202713254839, -0.000606095243711, 0.000156014677486, -0.00122343795374, 0.00181293929927, -0.000642073224299, -0.00045730653801, 0.00113013002556, -2.89872477879e-05], [2.58165346168e-05, -0.000830791715998, -0.000790657126345, -0.00202713254839, 0.00742388470098, -0.00293967803009, -0.00204387423582, 0.00356806511991, -0.00353867048398, 0.00106208876241, 5.48489770154e-05, -0.00186237867456, 0.000336183788022], [-0.000175446330104, 0.0010907050455, -0.000223825729336, -0.000606095243711, -0.00293967803009, 0.00904928147793, -0.00288413511589, -0.00290395622142, 0.00210239132866, -0.000463052332634, -0.00254720961675, 0.0025314593222, -0.00136879773345], [0.000328833732056, -0.00101485825144, 0.000483419222292, 0.000156014677486, -0.00204387423582, -0.00288413511589, 0.0106820948422, -0.00548286968842, -0.000192369785509, 0.000573022058234, 0.000297834398225, -0.00120128691196, 0.000366966705769], [-0.000382080877898, 0.000969323678873, -0.000379728211556, -0.00122343795374, 0.00356806511991, -0.00290395622142, -0.00548286968842, 0.0173336490989, -0.012072859332, 0.00257390877232, 0.00172533665318, -0.00296040438116, 0.000297965074424], [0.000259972235654, -0.000987607054412, 7.37413938623e-05, 0.00181293929927, -0.00353867048398, 0.00210239132866, -0.000192369785509, -0.012072859332, 0.0222442280501, -0.0113661848009, -0.00183230952825, 0.00613048067316, -0.00405660131946], [-0.000320132035995, 0.000987632316537, -2.55994909821e-05, -0.000642073224299, 0.00106208876241, -0.000463052332634, 0.000573022058234, 0.00257390877232, -0.0113661848009, 0.0199605505913, -0.00842311792076, -0.00178984715603, 0.00241339066997], [0.0004653975775, -0.0014779275516, 0.000379849341698, -0.00045730653801, 5.48489770154e-05, -0.00254720961675, 0.000297834398225, 0.00172533665318, -0.00183230952825, -0.00842311792076, 0.0216499101371, -0.0129953762516, 0.00263553578407], [-0.000543769507203, 0.00181740848348, -0.000345385778928, 0.00113013002556, -0.00186237867456, 0.0025314593222, -0.00120128691196, -0.00296040438116, 0.00613048067316, -0.00178984715603, -0.0129953762516, 0.0277979485691, -0.0139787672088], [0.000231078825891, -0.00105597090442, 5.79109146202e-05, -2.89872477879e-05, 0.000336183788022, -0.00136879773345, 0.000366966705769, 0.000297965074424, -0.00405660131946, 0.00241339066997, 0.00263553578407, -0.0139787672088, 0.0218323655427]]
    },
    "melbands": {
        "dmean": [0.00322174374014, 0.00116341351531, 0.000646593573038, 0.000726001744624, 0.000244684517384, 0.000157236834639, 0.000105778359284, 0.000110766733997, 0.000116761060781, 0.000134772868478, 8.38245396153e-05, 5.52981946385e-05, 4.91578321089e-05, 4.83034164063e-05, 3.5422588553e-05, 2.75913516816e-05, 2.19025387196e-05, 2.42937931034e-05, 2.25146741286e-05, 1.97443878278e-05, 1.76604698936e-05, 1.87731420738e-05, 1.91503277165e-05, 1.62582291523e-05, 1.38376071845e-05, 1.37910865305e-05, 1.27139683173e-05, 1.32016448333e-05, 9.39002075029e-06, 8.68194001669e-06, 8.01762416813e-06, 7.01487215338e-06, 6.80451785229e-06, 7.07994649929e-06, 6.09190192336e-06, 5.03667797602e-06, 4.93155994263e-06, 4.02941259381e-06, 3.65126425095e-06, 2.86629301627e-06],
        "dmean2": [0.00481661548838, 0.00161648483481, 0.000983787584119, 0.00113109196536, 0.000409990665503, 0.000254910759395, 0.000166804646142, 0.000177244990482, 0.000187303274288, 0.000231848156545, 0.000142477147165, 9.46848158492e-05, 8.37350671645e-05, 8.63433888298e-05, 6.15206445218e-05, 4.7249122872e-05, 3.66649655916e-05, 4.19481766585e-05, 3.84017985198e-05, 3.37607270922e-05, 3.0054094168e-05, 3.17558806273e-05, 3.28848764184e-05, 2.7476449759e-05, 2.32545116887e-05, 2.36055802816e-05, 2.16949501919e-05, 2.28158132813e-05, 1.55995967361e-05, 1.4497903976e-05, 1.34377969516e-05, 1.16372712e-05, 1.13575342766e-05, 1.19469186757e-05, 1.01515852293e-05, 8.18721855467e-06, 8.02878003014e-06, 6.45072987027e-06, 6.03398757448e-06, 4.77980347569e-06],
        "dvar": [2.70590808213e-05, 4.0100762817e-06, 2.20491688196e-06, 3.18542220157e-06, 3.57274700491e-07, 1.02023477666e-07, 4.05785769431e-08, 8.20415380076e-08, 9.84761001632e-08, 3.4743183619e-07, 1.13724929918e-07, 3.83770952794e-08, 2.09531698658e-08, 7.01825797478e-08, 2.05110310958e-08, 4.03086941603e-09, 2.23761298379e-09, 4.33130020738e-09, 2.38666153507e-09, 1.56116741756e-09, 1.48363910046e-09, 1.43173539691e-09, 1.70911573782e-09, 8.8448193214e-10, 5.46232725718e-10, 1.45462430989e-09, 5.26599763795e-10, 6.26638629875e-10, 2.46413583982e-10, 3.14370973697e-10, 2.30172367277e-10, 1.53337120778e-10, 1.32779273687e-10, 1.69564237651e-10, 1.48824175206e-10, 7.35809746466e-11, 7.06472935708e-11, 4.08916962791e-11, 4.19076405522e-11, 2.98622619688e-11],
        "dvar2": [6.62397651467e-05, 7.74230011302e-06, 4.97909695696e-06, 7.77137483965e-06, 9.83637960417e-07, 2.65137884981e-07, 9.1635421029e-08, 2.07566799304e-07, 2.35110903191e-07, 9.92897867036e-07, 3.13433105248e-07, 1.08426618795e-07, 5.51382370872e-08, 2.0697267189e-07, 5.95650213597e-08, 1.10036157963e-08, 5.9184910306e-09, 1.19645688912e-08, 6.48339337772e-09, 4.23534496363e-09, 3.97865518309e-09, 3.80222608953e-09, 4.72738470592e-09, 2.22504659142e-09, 1.43176293044e-09, 4.21488755009e-09, 1.44103429189e-09, 1.74563696831e-09, 6.57109200386e-10, 8.69622485133e-10, 6.1778876459e-10, 4.1981240706e-10, 3.5961733591e-10, 4.73075689733e-10, 4.13135664568e-10, 1.92576815605e-10, 1.87476284497e-10, 1.06705776159e-10, 1.12576038769e-10, 8.314343658e-11],
        "max": [0.0503867082298, 0.0271687023342, 0.0263012666255, 0.0260611530393, 0.00996688287705, 0.00750716635957, 0.00518449349329, 0.00671202410012, 0.00858505256474, 0.0187859199941, 0.00788191892207, 0.00803593546152, 0.00354933133349, 0.00665988400578, 0.00463309651241, 0.00119200488552, 0.00121118174866, 0.00232493132353, 0.00110481015872, 0.00078615732491, 0.000956721080001, 0.000720971438568, 0.00127104914282, 0.000988891231827, 0.000490083824843, 0.00241436064243, 0.000485952739837, 0.000389318156522, 0.000390288303606, 0.000731400912628, 0.000274012098089, 0.00033992464887, 0.000229199853493, 0.000290367403068, 0.000186381905223, 0.000113613590656, 0.000118041803944, 8.45849353937e-05, 9.31854301598e-05, 8.10503333923e-05],
        "mean": [0.00831821281463, 0.00244505563751, 0.000833884929307, 0.000873787619639, 0.000312990508974, 0.000230736157391, 0.000165973920957, 0.000158903538249, 0.000170618703123, 0.000154374021804, 9.94859510683e-05, 6.51703230687e-05, 5.98409387749e-05, 4.71172425023e-05, 4.23517485615e-05, 3.47165951098e-05, 3.01528743876e-05, 2.97994938592e-05, 2.90894731734e-05, 2.5912799174e-05, 2.42971800617e-05, 2.58945474343e-05, 2.51639503404e-05, 2.32815636991e-05, 2.06369513762e-05, 1.99138703465e-05, 1.87753030332e-05, 1.87157056644e-05, 1.58755192388e-05, 1.50944169945e-05, 1.35150658025e-05, 1.19464048112e-05, 1.13881251309e-05, 1.09918219096e-05, 9.8317341326e-06, 9.28561985347e-06, 8.53475921758e-06, 7.48010506868e-06, 6.44037027087e-06, 5.1230954341e-06],
        "median": [0.00439175777137, 0.00099163572304, 0.000282580265775, 0.000186171353562, 0.00012866249017, 0.000102796562715, 6.48898567306e-05, 4.83185467601e-05, 3.97998119297e-05, 3.82226971851e-05, 2.63523998001e-05, 1.97376430151e-05, 1.84735436051e-05, 1.40132506203e-05, 1.52076136146e-05, 1.31473789224e-05, 1.27673965835e-05, 1.1259965504e-05, 1.29776180984e-05, 1.27377252284e-05, 1.15972188723e-05, 1.31190372485e-05, 1.21353123177e-05, 1.24370790218e-05, 1.20427912407e-05, 1.13419555419e-05, 1.08726044346e-05, 1.10621103886e-05, 1.02144222183e-05, 1.00030065369e-05, 8.81551477505e-06, 7.87876524555e-06, 7.59221438784e-06, 6.85210216034e-06, 6.07152560406e-06, 5.37635787623e-06, 4.90744196213e-06, 4.31060698247e-06, 3.62576952284e-06, 3.15011629937e-06],
        "min": [3.69962630015e-24, 6.44822122005e-24, 2.847924538e-24, 5.11586946658e-24, 2.58987728906e-24, 2.2326242732e-24, 3.685338057e-24, 3.69280856977e-24, 4.51283618607e-24, 3.86436215083e-24, 5.14987449919e-24, 7.12991497687e-24, 5.39344240343e-24, 6.81134927751e-24, 4.35407201243e-24, 3.59484663927e-24, 3.5506538625e-24, 4.94216663399e-24, 5.52716694864e-24, 3.91187800417e-24, 5.6789800744e-24, 3.16894793351e-24, 5.87153273833e-24, 4.34171608408e-24, 6.17723487733e-24, 7.17703600532e-24, 5.38045104761e-24, 6.31869617587e-24, 6.25424781763e-24, 5.68502196008e-24, 6.29136766753e-24, 7.09805209604e-24, 7.42682644437e-24, 6.82401917251e-24, 8.11926803659e-24, 6.94775121663e-24, 6.86389924671e-24, 7.60847271185e-24, 7.10717211697e-24, 7.88147617191e-24],
        "var": [8.46687034937e-05, 1.36632606882e-05, 2.61874697571e-06, 4.03329886467e-06, 3.38428009172e-07, 1.61770643103e-07, 1.12232342531e-07, 1.25841367549e-07, 1.881552123e-07, 2.63999368144e-07, 1.05917038695e-07, 3.54188358642e-08, 2.91596826685e-08, 4.12653342607e-08, 1.37444846615e-08, 4.0121852507e-09, 2.85124479582e-09, 3.96128729818e-09, 2.426107093e-09, 1.57141299972e-09, 1.60258861737e-09, 1.6076300291e-09, 1.65634272964e-09, 1.14025844322e-09, 7.1468136964e-10, 1.14445575239e-09, 6.28171736849e-10, 6.66019628337e-10, 3.91772475572e-10, 4.51441189986e-10, 3.10832359851e-10, 2.43267184175e-10, 1.88713947247e-10, 2.01311411985e-10, 1.58733248767e-10, 1.34456876189e-10, 1.13858367179e-10, 8.595520129e-11, 7.05860578321e-11, 4.04976746582e-11]
    },
    "mfcc": {
        "mean": [-614.988891602, 64.8158187866, 20.6295204163, 27.5122928619, 7.36455059052, 8.34593391418, 4.42227220535, 6.37446975708, 3.81906652451, 4.85619688034, 2.72981739044, 3.45522713661, 1.31980919838],
        "cov": [[7629.76318359, -142.381332397, 51.4219970703, 38.3358306885, 175.797012329, -15.4714412689, -25.1209144592, 83.2891235352, 42.4999465942, 51.3733100891, -19.6713905334, -27.9483146667, -41.129119873], [-142.381332397, 1295.36816406, -49.909576416, 184.591720581, 99.2572555542, 106.654968262, 72.7662734985, 54.8459968567, 97.2357254028, 59.7887382507, 79.2687072754, 71.6544342041, 82.9002685547], [51.4219970703, -49.909576416, 506.47366333, 205.879669189, 200.269348145, 119.2915802, 107.583229065, 89.5560531616, 64.9644775391, 59.9960098267, 43.7652397156, 32.7308883667, 23.9607181549], [38.3358306885, 184.591720581, 205.879669189, 365.195983887, 202.803985596, 154.131149292, 120.192771912, 91.535949707, 80.0054397583, 55.0301017761, 63.9052581787, 44.8943214417, 42.2526435852], [175.797012329, 99.2572555542, 200.269348145, 202.803985596, 313.382049561, 189.087692261, 131.669662476, 107.109283447, 84.5770950317, 83.6023330688, 68.9527587891, 67.6640090942, 51.2490272522], [-15.4714412689, 106.654968262, 119.2915802, 154.131149292, 189.087692261, 239.114608765, 161.440475464, 108.784538269, 82.5705184937, 72.2431182861, 71.0165481567, 64.5742645264, 53.6008758545], [-25.1209144592, 72.7662734985, 107.583229065, 120.192771912, 131.669662476, 161.440475464, 198.548965454, 146.243408203, 89.8262786865, 72.5173568726, 64.3589172363, 62.3203277588, 55.4614372253], [83.2891235352, 54.8459968567, 89.5560531616, 91.535949707, 107.109283447, 108.784538269, 146.243408203, 201.479934692, 134.503219604, 95.6496505737, 70.793800354, 66.890083313, 58.9935264587], [42.4999465942, 97.2357254028, 64.9644775391, 80.0054397583, 84.5770950317, 82.5705184937, 89.8262786865, 134.503219604, 174.54989624, 125.300689697, 80.8527526855, 65.7776412964, 55.8793525696], [51.3733100891, 59.7887382507, 59.9960098267, 55.0301017761, 83.6023330688, 72.2431182861, 72.5173568726, 95.6496505737, 125.300689697, 159.742965698, 107.411277771, 73.4809799194, 55.0062255859], [-19.6713905334, 79.2687072754, 43.7652397156, 63.9052581787, 68.9527587891, 71.0165481567, 64.3589172363, 70.793800354, 80.8527526855, 107.411277771, 141.755523682, 99.7145462036, 61.6694374084], [-27.9483146667, 71.6544342041, 32.7308883667, 44.8943214417, 67.6640090942, 64.5742645264, 62.3203277588, 66.890083313, 65.7776412964, 73.4809799194, 99.7145462036, 136.148468018, 86.9457626343], [-41.129119873, 82.9002685547, 23.9607181549, 42.2526435852, 51.2490272522, 53.6008758545, 55.4614372253, 58.9935264587, 55.8793525696, 55.0062255859, 61.6694374084, 86.9457626343, 121.696609497]],
