{
"lowlevel": {
    "average_loudness": 0.918865799904,
    "barkbands_crest": {
        "dmean": 3.4173681736,
        "dmean2": 5.3462934494,
        "dvar": 11.1755552292,
        "dvar2": 26.3909187317,
        "max": 26.6001548767,
        "mean": 13.2026882172,
        "median": 12.7066087723,
        "min": 1.95895469189,
        "var": 34.9715652466
    },
    "barkbands_flatness_db": {
        "dmean": 0.0349586233497,
        "dmean2": 0.0496853552759,
        "dvar": 0.00168138428126,
        "dvar2": 0.00298151141033,
        "max": 0.67027515173,
        "mean": 0.146832868457,
        "median": 0.120417818427,
        "min": 0.017104992643,
        "var": 0.00804738420993
    },
    "barkbands_kurtosis": {
        "dmean": 18.9384822845,
        "dmean2": 27.258731842,
        "dvar": 6719.33349609,
        "dvar2": 13625.6035156,
        "max": 2682.49023438,
        "mean": 25.6651859283,
        "median": 3.76805663109,
        "min": -1.93385338783,
        "var": 10358.0507812
    },
    "barkbands_skewness": {
        "dmean": 1.2465120554,
        "dmean2": 1.76694071293,
        "dvar": 3.94907641411,
        "dvar2": 7.67707490921,
        "max": 46.1257667542,
        "mean": 3.01562833786,
        "median": 2.06466341019,
        "min": -3.42895364761,
        "var": 11.6772880554
    },
    "barkbands_spread": {
        "dmean": 9.5542640686,
        "dmean2": 14.9486951828,
        "dvar": 152.334259033,
        "dvar2": 350.195709229,
        "max": 114.033119202,
        "mean": 27.4387683868,
        "median": 24.6356468201,
        "min": 0.0352704003453,
        "var": 393.156524658
    },
    "dissonance": {
        "dmean": 0.0131568312645,
        "dmean2": 0.0220839623362,
        "dvar": 0.000199268353754,
        "dvar2": 0.000528741977178,
        "max": 0.500000059605,
        "mean": 0.477510780096,
        "median": 0.483117043972,
        "min": 0.214667767286,
        "var": 0.00047663541045
    },
    "dynamic_complexity": 4.28865909576,
    "erbbands_crest": {
        "dmean": 2.37009859085,
        "dmean2": 3.7794046402,
        "dvar": 6.13051557541,
        "dvar2": 14.2321271896,
        "max": 29.3869724274,
        "mean": 7.06693792343,
        "median": 5.78205251694,
        "min": 2.18049383163,
        "var": 16.1363296509
    },
    "erbbands_flatness_db": {
        "dmean": 0.0140941981226,
        "dmean2": 0.0217213053256,
        "dvar": 0.000263506168267,
        "dvar2": 0.000583357119467,
        "max": 0.405724674463,
        "mean": 0.112712129951,
        "median": 0.0990083962679,
        "min": 0.0461605787277,
        "var": 0.00220966059715
    },
    "erbbands_kurtosis": {
        "dmean": 0.996392011642,
        "dmean2": 1.55932879448,
        "dvar": 18.6263580322,
        "dvar2": 39.0175514221,
        "max": 205.308517456,
        "mean": 0.10007891804,
        "median": -0.632158398628,
        "min": -1.8694729805,
        "var": 26.6742420197
    },
    "erbbands_skewness": {
        "dmean": 0.401165783405,
        "dmean2": 0.604995548725,
        "dvar": 0.250343799591,
        "dvar2": 0.513227343559,
        "max": 11.1390924454,
        "mean": 0.101005226374,
        "median": 0.00910903979093,
        "min": -4.28926801682,
        "var": 0.786817073822
    },
    "erbbands_spread": {
        "dmean": 12.5382051468,
        "dmean2": 18.8551616669,
        "dvar": 202.982467651,
        "dvar2": 431.622344971,
        "max": 186.229415894,
        "mean": 60.3577804565,
        "median": 56.924446106,
        "min": 1.44482910633,
        "var": 784.188232422
    },
    "hfc": {
        "dmean": 11.7883872986,
        "dmean2": 17.8985881805,
        "dvar": 388.040527344,
        "dvar2": 950.735168457,
        "max": 297.166992188,
        "mean": 30.0534801483,
        "median": 21.7430381775,
        "min": 1.1482559951e-16,
        "var": 914.354553223
    },
    "melbands_crest": {
        "dmean": 4.3154873848,
        "dmean2": 6.70805168152,
        "dvar": 19.3503704071,
        "dvar2": 43.4636077881,
        "max": 38.1237335205,
        "mean": 20.4171943665,
        "median": 19.4649200439,
        "min": 2.11044311523,
        "var": 76.7444915771
    },
    "melbands_flatness_db": {
        "dmean": 0.0438127033412,
        "dmean2": 0.0623068735003,
        "dvar": 0.00253148074262,
        "dvar2": 0.00469210278243,
        "max": 0.814780771732,
        "mean": 0.22288993001,
        "median": 0.20109257102,
        "min": 0.00496579846367,
        "var": 0.0120723182335
    },
    "melbands_kurtosis": {
        "dmean": 49.6747589111,
        "dmean2": 71.806930542,
        "dvar": 18322.6191406,
        "dvar2": 36784.4570312,
        "max": 2882.12304688,
        "mean": 81.0283737183,
        "median": 20.0080223083,
        "min": -1.89860033989,
        "var": 38889.4023438
    },
    "melbands_skewness": {
        "dmean": 1.88755810261,
        "dmean2": 2.71687889099,
        "dvar": 7.75285959244,
        "dvar2": 14.5365228653,
        "max": 44.29088974,
        "mean": 5.58569002151,
        "median": 3.95178794861,
        "min": -2.51634550095,
        "var": 26.8434829712
    },
    "melbands_spread": {
        "dmean": 10.2573223114,
        "dmean2": 16.3504524231,
        "dvar": 256.876159668,
        "dvar2": 614.155761719,
        "max": 231.937545776,
        "mean": 22.3516235352,
        "median": 15.8073663712,
        "min": 0.151989191771,
        "var": 532.992675781
    },
    "pitch_salience": {
        "dmean": 0.103944055736,
        "dmean2": 0.161621779203,
        "dvar": 0.0118592232466,
        "dvar2": 0.0261212047189,
        "max": 0.895604789257,
        "mean": 0.465138971806,
        "median": 0.494513630867,
        "min": 0.0162869300693,
        "var": 0.0378093943
    },
    "silence_rate_20dB": {
        "dmean": 0,
        "dmean2": 0,
        "dvar": 0,
        "dvar2": 0,
        "max": 1,
        "mean": 1,
        "median": 1,
        "min": 1,
        "var": 0
    },
    "silence_rate_30dB": {
        "dmean": 0.0596092268825,
        "dmean2": 0.119231618941,
        "dvar": 0.0560507364571,
        "dvar2": 0.121131941676,
        "max": 1,
        "mean": 0.907947003841,
        "median": 1,
        "min": 0,
        "var": 0.0835842043161
    },
    "silence_rate_60dB": {
        "dmean": 0.0192074179649,
        "dmean2": 0.0384190753102,
        "dvar": 0.0188374556601,
        "dvar2": 0.040696118027,
        "max": 1,
        "mean": 0.0951434895396,
        "median": 0,
        "min": 0,
        "var": 0.0861010923982
    },
    "spectral_centroid": {
        "dmean": 407.20803833,
        "dmean2": 621.73626709,
        "dvar": 212977.90625,
        "dvar2": 463501.5625,
        "max": 11289.015625,
        "mean": 1706.12463379,
        "median": 1704.109375,
        "min": 67.4596862793,
        "var": 699023.6875
    },
    "spectral_complexity": {
        "dmean": 5.74235582352,
        "dmean2": 8.60763931274,
        "dvar": 52.9393463135,
        "dvar2": 101.877677917,
        "max": 63,
        "mean": 18.9725170135,
        "median": 16,
        "min": 0,
        "var": 210.270233154
    },
    "spectral_decrease": {
        "dmean": 4.20706047777e-09,
        "dmean2": 6.15633766188e-09,
        "dvar": 3.09497997255e-17,
        "dvar2": 5.97505842195e-17,
        "max": 8.78226445142e-19,
        "mean": -1.24058283646e-08,
        "median": -1.02372581523e-08,
        "min": -7.02943054876e-08,
        "var": 1.26951815827e-16
    },
    "spectral_energy": {
        "dmean": 0.0162108391523,
        "dmean2": 0.0237013790756,
        "dvar": 0.000447005906608,
        "dvar2": 0.000881364045199,
        "max": 0.266965150833,
        "mean": 0.0495485924184,
        "median": 0.0420756153762,
        "min": 1.0707542029e-20,
        "var": 0.00187703163829
    },
    "spectral_energyband_high": {
        "dmean": 0.00110606034286,
        "dmean2": 0.00173336022999,
        "dvar": 4.17142518927e-06,
        "dvar2": 1.05413546407e-05,
        "max": 0.0312672629952,
        "mean": 0.00237218267284,
        "median": 0.00136258383282,
        "min": 7.71204234214e-21,
        "var": 8.26995983516e-06
    },
    "spectral_energyband_low": {
        "dmean": 0.014578320086,
        "dmean2": 0.0215903520584,
        "dvar": 0.00052129488904,
        "dvar2": 0.000972692505457,
        "max": 0.264632314444,
        "mean": 0.0348639525473,
        "median": 0.0209899917245,
        "min": 3.58950707646e-23,
        "var": 0.00170231400989
    },
    "spectral_energyband_middle_high": {
        "dmean": 0.00175302952994,
        "dmean2": 0.00269060162827,
        "dvar": 7.53195536163e-06,
        "dvar2": 1.78164900717e-05,
        "max": 0.0434769764543,
        "mean": 0.00347438990138,
        "median": 0.00208872114308,
        "min": 1.44377045195e-21,
        "var": 1.67272701219e-05
    },
    "spectral_energyband_middle_low": {
        "dmean": 0.00652499590069,
        "dmean2": 0.00987142231315,
        "dvar": 0.000129495834699,
        "dvar2": 0.000299279461615,
        "max": 0.144483700395,
        "mean": 0.0103431520984,
        "median": 0.00548024754971,
        "min": 3.81782222888e-22,
        "var": 0.000189450729522
    },
    "spectral_entropy": {
        "dmean": 0.182068005204,
        "dmean2": 0.275019973516,
        "dvar": 0.0560278408229,
        "dvar2": 0.111872471869,
        "max": 9.81364440918,
        "mean": 7.93195962906,
        "median": 8.07746219635,
        "min": 4.08430671692,
        "var": 0.269927710295
    },
    "spectral_flux": {
        "dmean": 0.037852615118,
        "dmean2": 0.0538053065538,
        "dvar": 0.00190444733016,
        "dvar2": 0.00327690737322,
        "max": 0.478724449873,
        "mean": 0.108320198953,
        "median": 0.0904453396797,
        "min": 6.89374599072e-11,
        "var": 0.00615864200518
    },
    "spectral_kurtosis": {
        "dmean": 1.04789853096,
        "dmean2": 1.72509407997,
        "dvar": 5.46743679047,
        "dvar2": 14.2092914581,
        "max": 114.971870422,
        "mean": 2.9482178688,
        "median": 1.94048976898,
        "min": -1.17745637894,
        "var": 19.88630867
    },
    "spectral_rms": {
        "dmean": 0.00113968516234,
        "dmean2": 0.0016456899466,
        "dvar": 1.54353676862e-06,
        "dvar2": 3.12581096296e-06,
        "max": 0.0161385815591,
        "mean": 0.00617121532559,
        "median": 0.0064069791697,
        "min": 3.23208647346e-12,
        "var": 1.02560306914e-05
    },
    "spectral_rolloff": {
        "dmean": 915.573425293,
        "dmean2": 1537.18884277,
        "dvar": 2385180.25,
        "dvar2": 5700882.5,
        "max": 19013.8183594,
        "mean": 1605.69641113,
        "median": 645.99609375,
        "min": 43.06640625,
        "var": 4654976.5
    },
    "spectral_skewness": {
        "dmean": 0.169906288385,
        "dmean2": 0.267445445061,
        "dvar": 0.051110483706,
        "dvar2": 0.117900714278,
        "max": 8.63017082214,
        "mean": 1.28591501713,
        "median": 1.18258404732,
        "min": -0.0097782984376,
        "var": 0.277416855097
    },
    "spectral_spread": {
        "dmean": 592530.75,
        "dmean2": 906409.25,
        "dvar": 495626485760,
        "dvar2": 1.06951455539e+12,
        "max": 39984920,
        "mean": 6193017,
        "median": 6312208,
        "min": 663598.0625,
        "var": 3.46360329011e+12
    },
    "spectral_strongpeak": {
        "dmean": 0.234557807446,
        "dmean2": 0.40106984973,
        "dvar": 0.202564552426,
        "dvar2": 0.564919114113,
        "max": 9.29501533508,
        "mean": 0.431092232466,
        "median": 0.310120165348,
        "min": 0,
        "var": 0.212898135185
    },
    "zerocrossingrate": {
        "dmean": 0.0162388682365,
        "dmean2": 0.0191920194775,
        "dvar": 0.000351189257344,
        "dvar2": 0.000422210927354,
        "max": 0.787109375,
        "mean": 0.0687864869833,
        "median": 0.06005859375,
        "min": 0.00146484375,
        "var": 0.00292262178846
    },
    "barkbands": {
        "dmean": [0.00142087729182, 0.0124439345673, 0.00473811896518, 0.00306755490601, 0.00320562813431, 0.00114580790978, 0.000650656933431, 0.000501236645505, 0.000628996174783, 0.000374497991288, 0.000259879307123, 0.000219633147935, 0.000223392868065, 0.000213492283365, 0.000246889219852, 0.000195829576114, 0.000248900061706, 0.000199443777092, 0.0002525189484, 0.000216873726458, 0.000226315110922, 0.000219267632929, 0.000262802495854, 0.000227249780437, 0.000176304369234, 8.20283894427e-05, 1.64958892128e-05],
        "dmean2": [0.00160939688794, 0.0176218226552, 0.00833967607468, 0.00511079560965, 0.00555763347074, 0.00186018669046, 0.00100562360603, 0.000785896088928, 0.000980071141385, 0.000581878295634, 0.000422582292231, 0.000358620309271, 0.000358365272405, 0.000348326051608, 0.000408801366575, 0.00031880417373, 0.000407370534958, 0.000322484556818, 0.000411161920056, 0.000351911789039, 0.000364731444279, 0.00035300781019, 0.000436901173089, 0.000365857878933, 0.000282547989627, 0.000127226041513, 2.63835790975e-05],
        "dvar": [4.92381877848e-06, 0.000407798914239, 0.000220449772314, 5.57192033739e-05, 6.62028251099e-05, 9.11582810659e-06, 2.3231978048e-06, 2.28564363169e-06, 2.54899055108e-06, 1.22531673696e-06, 6.38871199499e-07, 3.45720081896e-07, 1.9037717891e-07, 1.4528615111e-07, 2.63402228029e-07, 1.18593789011e-07, 1.86655199741e-07, 1.1065714034e-07, 1.81099409247e-07, 1.3693320966e-07, 1.59227710128e-07, 1.36275218665e-07, 2.90848390705e-07, 2.26427658845e-07, 1.1670275768e-07, 2.21659064437e-08, 1.17285070544e-09],
        "dvar2": [5.5119744502e-06, 0.000652078015264, 0.000614800199401, 0.000141781623824, 0.000181163908564, 2.34771796386e-05, 5.30399529453e-06, 5.37438381798e-06, 5.99537406742e-06, 2.63314245785e-06, 1.60448030329e-06, 9.23752736526e-07, 4.6819286581e-07, 3.66803050156e-07, 6.70204258313e-07, 2.91760812843e-07, 4.66700043944e-07, 2.74558914271e-07, 4.57867344039e-07, 3.28877831635e-07, 4.03220241196e-07, 3.35830065978e-07, 7.84677581578e-07, 5.90385127452e-07, 2.89537581466e-07, 5.30297441514e-08, 2.88324653042e-09],
        "max": [0.031055951491, 0.250518679619, 0.147685527802, 0.0696482658386, 0.12746694684, 0.124295957386, 0.0381514504552, 0.0478167310357, 0.0418417900801, 0.0310091674328, 0.0291432403028, 0.0269901826978, 0.0131689189002, 0.00577086629346, 0.00920073594898, 0.0056100175716, 0.00788034219295, 0.0055761015974, 0.0078252851963, 0.0066303005442, 0.00913119595498, 0.00547583866864, 0.00667272787541, 0.00959565863013, 0.00491991173476, 0.00265158014372, 0.000608252652455],
        "mean": [0.00337992608547, 0.026098228991, 0.00397116784006, 0.00278812949546, 0.00325378635898, 0.00153280270752, 0.000978794065304, 0.000714111258276, 0.000902952102479, 0.000495196843985, 0.000333945616148, 0.000278956926195, 0.000315125420457, 0.000290412368486, 0.000339103193255, 0.000279340805719, 0.000348671368556, 0.00031045085052, 0.000382538128179, 0.000360344449291, 0.000406449777074, 0.00041182647692, 0.000433943030657, 0.000414240523241, 0.000339284684742, 0.000163989898283, 2.4721293812e-05],
        "median": [0.00102906581014, 0.0135636292398, 0.000725924328435, 0.000470317609143, 0.000886230205651, 0.000390623114072, 0.000291264324915, 0.000163421587786, 0.000250455428613, 0.000112970403279, 8.92619573278e-05, 8.5223451606e-05, 0.000111735891551, 0.000104459541035, 0.000131110282382, 0.000115365422971, 0.000152781140059, 0.000150067091454, 0.000182699033758, 0.000187420140719, 0.000243898364715, 0.00022744879243, 0.000213862484088, 0.000181154930033, 0.000143227865919, 6.51708251098e-05, 5.47236049897e-06],
        "min": [1.47008978631e-23, 1.51786115169e-23, 6.23549698835e-24, 6.54841010489e-24, 6.4119472657e-23, 1.84051094172e-23, 4.00646266336e-23, 5.09422201894e-23, 6.79747305642e-23, 6.42392154316e-23, 1.92542519174e-23, 8.37498345213e-23, 8.96865366368e-23, 6.21541550849e-23, 1.26077415947e-22, 9.51398942092e-23, 2.00294611113e-22, 1.73267466572e-22, 2.42142836476e-22, 2.82901171613e-22, 3.81662921875e-22, 5.38169744784e-22, 6.19519959095e-22, 6.84836632305e-22, 1.30757887994e-21, 1.8133325757e-21, 2.15855709097e-21],
        "var": [2.43956783379e-05, 0.00120746367611, 0.000144253615872, 4.85648524773e-05, 5.08397097292e-05, 1.10645469249e-05, 4.40396024715e-06, 3.71395731236e-06, 3.85579369322e-06, 2.02616342904e-06, 9.36847925459e-07, 3.99367905857e-07, 2.84276637785e-07, 2.17942329073e-07, 3.37460136279e-07, 1.83689721212e-07, 2.80646588635e-07, 1.86133291891e-07, 2.89558727218e-07, 2.54159147062e-07, 2.8604426916e-07, 2.71473084013e-07, 3.69732077843e-07, 3.59355226465e-07, 2.26295753691e-07, 5.71760487844e-08, 2.0346493379e-09]
    },
    "erbbands": {
        "dmean": [0.530035555363, 2.50912022591, 5.35312843323, 8.09805583954, 10.3243627548, 10.9701156616, 9.69569301605, 9.10002994537, 8.72018432617, 10.7392997742, 11.5454263687, 14.8111667633, 11.6529188156, 10.8261623383, 9.76912689209, 9.32754039764, 10.1571912766, 11.326625824, 11.0606374741, 12.001543045, 11.2942361832, 12.9999647141, 11.082157135, 11.3727426529, 12.9824676514, 10.6361179352, 9.03756713867, 8.88739681244, 7.50903463364, 8.7092256546, 7.32781791687, 4.89646244049, 3.9075191021, 2.00936722755, 1.30537748337, 0.450338512659, 0.142612606287, 0.0323615558445, 0.00253909407184, 4.97079017805e-05],
        "dmean2": [0.74320846796, 3.65184521675, 9.13737773895, 13.471581459, 17.3540229797, 19.1768360138, 16.1201610565, 14.8375778198, 13.918551445, 16.1748256683, 18.005273819, 22.9637966156, 17.9704360962, 16.8290100098, 15.7273521423, 15.0187215805, 16.1642990112, 18.3284473419, 18.1456508636, 19.5775566101, 18.354434967, 21.1771507263, 17.8030719757, 18.3075008392, 21.1868267059, 17.4526176453, 14.5395441055, 14.470744133, 12.1526460648, 14.2898921967, 12.2010812759, 7.82831144333, 6.38608455658, 3.19200062752, 2.1335940361, 0.708792865276, 0.224225133657, 0.050748128444, 0.00408398127183, 7.8228134953e-05],
        "dvar": [0.857678711414, 20.9471874237, 250.381271362, 396.37387085, 598.02154541, 880.015441895, 661.99987793, 533.666748047, 427.752380371, 894.07244873, 1247.2097168, 1351.68164062, 1177.55737305, 1095.33691406, 738.171386719, 456.656280518, 418.652282715, 422.813018799, 409.555175781, 784.161560059, 397.116699219, 522.397277832, 348.719299316, 365.914215088, 528.207336426, 309.393890381, 234.690109253, 280.711639404, 155.075012207, 258.409820557, 222.066009521, 84.5429763794, 81.6116333008, 12.6739530563, 7.68567609787, 0.780342400074, 0.0694516897202, 0.00372746121138, 2.99697603623e-05, 7.18568804459e-09],
        "dvar2": [1.3460021019, 37.9595680237, 683.213317871, 1027.78308105, 1582.01794434, 2440.36328125, 1760.3581543, 1383.71374512, 1041.70983887, 1986.87744141, 2985.37426758, 3158.19921875, 2641.03735352, 2576.55371094, 1918.96508789, 1157.68066406, 1027.75793457, 1049.39379883, 1045.80078125, 1996.35021973, 975.64276123, 1294.46289062, 867.803955078, 911.151977539, 1317.7253418, 774.608337402, 587.184387207, 714.73815918, 387.05255127, 676.901367188, 595.422973633, 207.976699829, 225.941833496, 30.7142238617, 19.6331596375, 1.95941925049, 0.16529738903, 0.00888788513839, 7.42566844565e-05, 1.74722263324e-08],
        "max": [12.1704864502, 49.8980064392, 176.819793701, 169.446121216, 263.982330322, 501.08895874, 870.156738281, 660.72253418, 513.510803223, 894.581665039, 1275.96472168, 1158.09240723, 823.236755371, 1051.42053223, 897.938293457, 780.820922852, 657.421630859, 364.497833252, 403.940368652, 597.895324707, 334.630065918, 468.76361084, 368.664855957, 415.137268066, 540.64074707, 243.887390137, 318.17086792, 326.618560791, 217.752975464, 180.842987061, 173.623855591, 200.769546509, 148.431900024, 57.7351341248, 35.1371765137, 14.4697446823, 5.37133073807, 1.06734144688, 0.117881178856, 0.00188563484699],
        "mean": [1.19040429592, 4.03941345215, 5.07152938843, 7.61820697784, 9.98307609558, 10.8394708633, 11.9181308746, 11.873169899, 12.2851934433, 16.3721733093, 17.214176178, 21.7267284393, 16.5404968262, 14.9592628479, 13.2372941971, 12.5342683792, 14.6978235245, 15.8071489334, 15.6111774445, 17.3934841156, 16.7040882111, 18.4926662445, 17.3172187805, 18.2437324524, 19.7425537109, 17.6601295471, 16.1446704865, 15.8773679733, 14.0885715485, 14.611497879, 11.9016180038, 8.97081565857, 6.73727083206, 3.98631167412, 2.30074238777, 0.866352558136, 0.275273263454, 0.0589189864695, 0.00377276004292, 0.000127089690068],
        "median": [0.459596008062, 1.91276335716, 1.36802482605, 1.6513941288, 2.40006065369, 2.69010806084, 2.97512674332, 3.15696954727, 4.04180335999, 4.41864013672, 5.12708520889, 6.52431344986, 4.43193531036, 4.12101078033, 4.26020336151, 4.49612665176, 5.55107975006, 5.92020273209, 5.93310928345, 7.40901565552, 7.30660009384, 8.52115345001, 8.7337474823, 9.32255363464, 9.1691865921, 9.41365814209, 9.78518295288, 9.11701965332, 8.01010131836, 7.44337940216, 5.57443141937, 4.09943294525, 2.86053848267, 1.79759454727, 0.890509486198, 0.338594973087, 0.106194317341, 0.0204466097057, 0.000812619226053, 9.89312393358e-05],
        "min": [3.34417878178e-22, 4.05618878189e-21, 8.34392028063e-21, 1.73929845685e-20, 3.17337857677e-20, 2.9558472009e-19, 1.93686783197e-19, 1.48778772925e-19, 3.38772905546e-19, 1.31419333116e-18, 7.4264275395e-19, 1.19090319823e-18, 1.33791625074e-18, 2.63682059584e-18, 8.57326589592e-19, 3.91165605306e-18, 4.15019674375e-18, 3.23245949966e-18, 4.62490453036e-18, 5.93790444668e-18, 5.77311352505e-18, 1.0563681239e-17, 1.21553314203e-17, 1.46466108282e-17, 1.07137375924e-17, 1.3124456226e-17, 1.56939951916e-17, 1.55727685641e-17, 2.24670757786e-17, 1.4921676506e-17, 1.59801053849e-17, 1.30765996916e-17, 1.29938808032e-17, 1.35768313768e-17, 9.60592520367e-18, 6.67049861055e-18, 3.54937617377e-18, 1.30877012827e-18, 2.83975240193e-19, 3.11302831939e-20],
        "var": [2.82765746117, 39.9273223877, 179.397415161, 327.806213379, 503.199737549, 653.227172852, 717.418151855, 642.59753418, 620.713317871, 1843.47912598, 1969.48388672, 2071.08862305, 1891.54833984, 1766.97485352, 1088.94006348, 607.999694824, 622.866638184, 650.373718262, 624.777404785, 958.775634766, 623.975524902, 758.073425293, 566.177124023, 599.858825684, 844.91027832, 554.541870117, 436.045257568, 471.643005371, 307.470489502, 380.463928223, 286.21270752, 156.260147095, 106.572067261, 28.164850235, 12.4222402573, 1.64727985859, 0.172496452928, 0.00829130969942, 5.11788821314e-05, 1.81183086312e-08]
    },
    "gfcc": {
        "mean": [2.1828660965, 56.8746452332, -89.0262451172, 46.3382339478, -52.3463172913, 21.7867088318, -31.7283248901, 16.9406414032, -17.6676368713, 8.32531833649, -13.7858362198, 4.30449914932, -10.3817529678],
        "cov": [[15720.2636719, -2254.79125977, 1048.45874023, 874.767822266, 72.3870010376, 869.598937988, -95.1837234497, 365.563262939, -301.640258789, 705.229858398, -227.007415771, 448.100616455, -229.459823608], [-2254.79125977, 2367.390625, -62.7793197632, -28.5090789795, 200.120681763, -225.632507324, 133.648330688, -143.86882019, 239.535568237, -277.437652588, 194.105789185, -213.973266602, 145.53175354], [1048.45874023, -62.7793197632, 938.806396484, 490.700469971, 220.29057312, 245.183273315, 97.0285491943, 40.5731925964, 29.3911018372, 91.5333328247, 11.4391508102, 13.5960788727, -2.85882997513], [874.767822266, -28.5090789795, 490.700469971, 588.873474121, 204.699890137, 208.252914429, 89.0435562134, 27.2111854553, 5.18215227127, 51.2949943542, 20.4932956696, -6.96479272842, -4.86431360245], [72.3870010376, 200.120681763, 220.29057312, 204.699890137, 290.568695068, 177.705337524, 137.88861084, 30.9339466095, 74.59790802, 17.5856323242, 52.4829521179, -4.82237863541, 27.6670627594], [869.598937988, -225.632507324, 245.183273315, 208.252914429, 177.705337524, 339.234100342, 155.328201294, 97.8437957764, 31.1298046112, 103.184150696, 9.35685634613, 37.0013885498, -1.03151094913], [-95.1837234497, 133.648330688, 97.0285491943, 89.0435562134, 137.88861084, 155.328201294, 224.12260437, 98.7569198608, 104.703811646, 44.1345863342, 48.6034660339, -4.87242841721, 25.3284130096], [365.563262939, -143.86882019, 40.5731925964, 27.2111854553, 30.9339466095, 97.8437957764, 98.7569198608, 171.49887085, 82.198638916, 69.9316940308, 11.8453397751, 26.4132881165, 2.47745394707], [-301.640258789, 239.535568237, 29.3911018372, 5.18215227127, 74.59790802, 31.1298046112, 104.703811646, 82.198638916, 172.521057129, 54.7383651733, 77.9889450073, -5.51871109009, 34.4377555847], [705.229858398, -277.437652588, 91.5333328247, 51.2949943542, 17.5856323242, 103.184150696, 44.1345863342, 69.9316940308, 54.7383651733, 189.36756897, 50.4837913513, 69.6796798706, -13.7870521545], [-227.007415771, 194.105789185, 11.4391508102, 20.4932956696, 52.4829521179, 9.35685634613, 48.6034660339, 11.8453397751, 77.9889450073, 50.4837913513, 134.348342896, 41.6600952148, 44.1252174377], [448.100616455, -213.973266602, 13.5960788727, -6.96479272842, -4.82237863541, 37.0013885498, -4.87242841721, 26.4132881165, -5.51871109009, 69.6796798706, 41.6600952148, 113.000389099, 34.4518432617], [-229.459823608, 145.53175354, -2.85882997513, -4.86431360245, 27.6670627594, -1.03151094913, 25.3284130096, 2.47745394707, 34.4377555847, -13.7870521545, 44.1252174377, 34.4518432617, 95.2919235229]],
        "icov": [[0.000120266755403, -9.59550088737e-05, -1.16275132314e-05, -0.00012470287038, 3.70247362298e-05, -0.000209199497476, 0.000244646507781, -0.000253720441833, 0.000227913536946, -0.000372017500922, 0.000383213366149, -0.000493647763506, 0.00022281864949], [-9.59550088737e-05, 0.00132741476409, -0.000102378529846, 0.000193152445718, -0.000391244509956, 0.000651747104712, -0.000629392336123, 0.00115838018246, -0.00143315875903, 0.00170001585502, -0.00203360570595, 0.00237090373412, -0.00114531361032], [-1.16275132314e-05, -0.000102378529846, 0.00205072411336, -0.00146155641414, -0.000367153756088, -0.000399776879931, 0.000264313654043, 0.000277375424048, -0.000453734217444, -0.000557383755222, 0.000830643053632, -0.00040270696627, -1.56262522069e-05], [-0.00012470287038, 0.000193152445718, -0.00146155641414, 0.00379288056865, -0.00137499242555, -0.000365980580682, 1.86856289019e-06, -0.000255136197666, 0.00134700688068, 4.87142860948e-05, -0.00166302663274, 0.00220792368054, -0.000552044075448], [3.70247362298e-05, -0.000391244509956, -0.000367153756088, -0.00137499242555, 0.00849237199873, -0.00385898118839, -0.00160500383936, 0.00219405908138, -0.00291069573723, 0.00233481032774, -0.000785519601777, -0.00139803544153, 0.000726475089323], [-0.000209199497476, 0.000651747104712, -0.000399776879931, -0.000365980580682, -0.00385898118839, 0.00931764673442, -0.00451642787084, -0.001364299329, 0.00286169932224, -0.00254303426482, 0.000844745547511, 0.000739659706596, -0.00113328313455], [0.000244646507781, -0.000629392336123, 0.000264313654043, 1.86856289019e-06, -0.00160500383936, -0.00451642787084, 0.0120336553082, -0.00424786657095, -0.00191563356202, -0.000382716796594, -0.000680681550875, 0.00131593737751, -0.000636279874016], [-0.000253720441833, 0.00115838018246, 0.000277375424048, -0.000255136197666, 0.00219405908138, -0.001364299329, -0.00424786657095, 0.0136968297884, -0.00860202964395, 0.0019044408109, 0.00217811763287, -0.00238881888799, 0.000975745671894], [0.000227913536946, -0.00143315875903, -0.000453734217444, 0.00134700688068, -0.00291069573723, 0.00286169932224, -0.00191563356202, -0.00860202964395, 0.0196188073605, -0.00773594388738, -0.00434628129005, 0.00591715471819, -0.00393448071554], [-0.000372017500922, 0.00170001585502, -0.000557383755222, 4.87142860948e-05, 0.00233481032774, -0.00254303426482, -0.000382716796594, 0.0019044408109, -0.00773594388738, 0.0155941024423, -0.00549377081916, -0.00424920162186, 0.00497251981869], [0.000383213366149, -0.00203360570595, 0.000830643053632, -0.00166302663274, -0.000785519601777, 0.000844745547511, -0.000680681550875, 0.00217811763287, -0.00434628129005, -0.00549377081916, 0.0193461496383, -0.0103441299871, -0.000112551009806], [-0.000493647763506, 0.00237090373412, -0.00040270696627, 0.00220792368054, -0.00139803544153, 0.000739659706596, 0.00131593737751, -0.00238881888799, 0.00591715471819, -0.00424920162186, -0.0103441299871, 0.0261789690703, -0.0120107708499], [0.00022281864949, -0.00114531361032, -1.56262522069e-05, -0.000552044075448, 0.000726475089323, -0.00113328313455, -0.000636279874016, 0.000975745671894, -0.00393448071554, 0.00497251981869, -0.000112551009806, -0.0120107708499, 0.0192074850202]]
    },
    "melbands": {
        "dmean": [0.00390535173938, 0.00276245968416, 0.00137494527735, 0.000776804052293, 0.000358975783456, 0.000206007520319, 0.000132746426971, 0.000113073649118, 9.9291864899e-05, 8.97671125131e-05, 5.82448919886e-05, 4.5047923777e-05, 3.6797071516e-05, 2.4984796255e-05, 2.51795572694e-05, 2.06704298762e-05, 2.18035584112e-05, 1.76528646989e-05, 1.66076188179e-05, 1.42495728142e-05, 1.43553152157e-05, 1.36045400723e-05, 1.34173742481e-05, 1.02854482975e-05, 9.52440768742e-06, 1.0487831787e-05, 8.43087036628e-06, 7.16968725101e-06, 6.25310985924e-06, 5.64437141293e-06, 5.50812001165e-06, 4.49508070233e-06, 4.59331704405e-06, 5.32974445377e-06, 4.90101456307e-06, 3.35392496709e-06, 2.98893633044e-06, 3.13634950544e-06, 2.16883177018e-06, 1.63410118148e-06],
        "dmean2": [0.00547193875536, 0.00428537558764, 0.00223745615222, 0.00133937341161, 0.000605008855928, 0.000334222946549, 0.000209870384424, 0.00017130697961, 0.000155148998601, 0.000139372597914, 9.01779931155e-05, 7.04311241861e-05, 5.94267839915e-05, 4.07254156016e-05, 4.03192498197e-05, 3.32077725034e-05, 3.55942720489e-05, 2.9137261663e-05, 2.73538244073e-05, 2.3176355171e-05, 2.36584291997e-05, 2.23274000746e-05, 2.19844387175e-05, 1.67198413692e-05, 1.55032048497e-05, 1.73664429894e-05, 1.37665056172e-05, 1.18401067084e-05, 1.01822934084e-05, 9.1456440714e-06, 9.02437113837e-06, 7.34237210054e-06, 7.46009573049e-06, 8.88090562512e-06, 8.30370572658e-06, 5.43890428162e-06, 4.81227243654e-06, 5.23331073055e-06, 3.54069265995e-06, 2.6089212497e-06],
        "dvar": [4.1567000153e-05, 4.31403568655e-05, 1.00405950434e-05, 3.84541544918e-06, 8.61001808516e-07, 2.74082680107e-07, 9.50560306023e-08, 9.64988515761e-08, 7.99122190642e-08, 5.01800379027e-08, 3.02330249724e-08, 2.08604387097e-08, 1.252986781e-08, 5.14107600935e-09, 2.59922905421e-09, 1.48341883222e-09, 1.63191427038e-09, 1.01671904229e-09, 1.27639088188e-09, 7.26938065299e-10, 6.81031897543e-10, 5.83543491306e-10, 6.94868995677e-10, 3.18180898295e-10, 2.81543593994e-10, 3.48717527077e-10, 2.63545490986e-10, 1.363950064e-10, 1.22541060632e-10, 1.04409828006e-10, 1.08518423414e-10, 5.5754362932e-11, 6.06123484737e-11, 1.1024191976e-10, 1.15874483619e-10, 3.44069252256e-11, 3.17461439081e-11, 6.11104777892e-11, 1.50482230843e-11, 8.42192461603e-12],
        "dvar2": [6.47893102723e-05, 0.00010736729746, 2.44518269028e-05, 1.0452222341e-05, 2.3334494017e-06, 7.06513844762e-07, 2.27535608133e-07, 2.18177319766e-07, 1.92950423639e-07, 1.17467145344e-07, 6.71923316986e-08, 4.85556732599e-08, 3.09640739715e-08, 1.41802454223e-08, 6.35982733144e-09, 3.70647668113e-09, 4.12794287641e-09, 2.6044340018e-09, 3.20472515192e-09, 1.79895620622e-09, 1.71898961732e-09, 1.46069756291e-09, 1.75686909465e-09, 8.08999589541e-10, 7.07574887571e-10, 8.82265260849e-10, 6.30222873887e-10, 3.48152201513e-10, 3.14596654283e-10, 2.67607935811e-10, 2.78466860681e-10, 1.40157274675e-10, 1.50237974839e-10, 2.98401109378e-10, 3.17672388395e-10, 8.52218989822e-11, 7.85567860762e-11, 1.72131128795e-10, 3.8114147255e-11, 2.06045822765e-11],
        "max": [0.0829530805349, 0.0788261219859, 0.0288413837552, 0.0347408428788, 0.0235114376992, 0.0171982795, 0.00822792295367, 0.00866278074682, 0.00964023824781, 0.00624828319997, 0.00405045133084, 0.00423696823418, 0.0043335291557, 0.0037659322843, 0.0015187083045, 0.000834111124277, 0.000711189815775, 0.00058327591978, 0.000666065025143, 0.000438229122665, 0.00044224614976, 0.000642697152216, 0.000527216063347, 0.000333778560162, 0.000364337611245, 0.000429134292062, 0.000340335565852, 0.000147609098349, 0.000253746460658, 0.000214532628888, 0.00025376980193, 0.000119547359645, 0.000128814805066, 0.000123976642499, 0.000134691043058, 9.44726634771e-05, 0.000150069216033, 0.000139159048558, 8.3897546574e-05, 5.36937805009e-05],
        "mean": [0.00867733731866, 0.00355616770685, 0.00139491003938, 0.000767374353018, 0.000428733066656, 0.00027297475026, 0.000191138897208, 0.000170359242475, 0.00014555141388, 0.000130284563056, 8.01534115453e-05, 6.03288863203e-05, 4.81700953969e-05, 3.21055958921e-05, 3.38013051078e-05, 2.96942380373e-05, 2.90366897389e-05, 2.39807159232e-05, 2.32808615692e-05, 2.05511751119e-05, 1.98004017875e-05, 1.87718451343e-05, 1.7756870875e-05, 1.56386377057e-05, 1.42440712807e-05, 1.51720269059e-05, 1.27707407955e-05, 1.12390625873e-05, 1.02004541986e-05, 9.25987114897e-06, 9.33409955906e-06, 7.95660707809e-06, 7.86738200986e-06, 8.18639728095e-06, 7.10560652806e-06, 5.91320986132e-06, 5.26126723344e-06, 4.98563213114e-06, 3.93207619709e-06, 3.1252413919e-06],
        "median": [0.0041472427547, 0.00152888870798, 0.000315263925586, 0.000208057215787, 0.000110011686047, 7.13683693903e-05, 6.07225265412e-05, 4.4709755457e-05, 4.15126705775e-05, 3.61482670996e-05, 1.81610630534e-05, 1.50612422658e-05, 1.35100854095e-05, 9.7510537671e-06, 1.19314554468e-05, 1.10164801299e-05, 9.86417035165e-06, 8.64526464284e-06, 9.221928849e-06, 8.71496922628e-06, 7.87744920672e-06, 8.17923501018e-06, 7.395549801e-06, 7.35656249162e-06, 6.74288276059e-06, 6.86125713401e-06, 5.72564522372e-06, 5.89495448367e-06, 5.71274722461e-06, 5.06296055391e-06, 5.07340973854e-06, 4.40444637206e-06, 3.92169931729e-06, 3.99838700105e-06, 3.11565986522e-06, 2.78990364677e-06, 2.29816805586e-06, 2.04475531973e-06, 1.7362106064e-06, 1.3645336594e-06],
        "min": [4.10928019051e-24, 5.10762587012e-24, 3.22894159421e-24, 1.04971322521e-23, 7.72401243547e-24, 3.86116213657e-24, 5.40378003116e-24, 1.44010644548e-23, 5.44750146354e-24, 9.53058279452e-24, 6.07647249062e-24, 8.57169080979e-24, 2.48446417288e-24, 6.72617596557e-24, 1.16465798993e-23, 7.07090975888e-24, 5.83499625107e-24, 6.20934624934e-24, 8.26813397802e-24, 8.59394536479e-24, 6.53967110378e-24, 1.20190176988e-23, 9.07374240026e-24, 8.47349498203e-24, 1.24203254408e-23, 6.64730013024e-24, 7.73525133679e-24, 8.0953789618e-24, 6.71314871658e-24, 1.09305852871e-23, 8.38749257728e-24, 1.34749149308e-23, 8.77431525532e-24, 8.37042399387e-24, 1.0775025072e-23, 6.61854772797e-24, 8.28472530058e-24, 8.67041517436e-24, 1.11043721334e-23, 1.16384948639e-23],
        "var": [0.000135056325234, 4.59081602457e-05, 9.46152431425e-06, 3.00591614177e-06, 8.3270219875e-07, 3.37295631425e-07, 1.46795969158e-07, 1.88321791939e-07, 1.25202817003e-07, 7.65683694226e-08, 4.85067772615e-08, 3.30879110777e-08, 1.91337683475e-08, 5.85209525283e-09, 3.54443741024e-09, 2.27681162812e-09, 2.36935315812e-09, 1.52994361624e-09, 1.65470070979e-09, 1.06365871666e-09, 9.86822179527e-10, 8.25280066508e-10, 9.02547481196e-10, 5.2035470377e-10, 4.20887102948e-10, 5.49385481552e-10, 4.46458897629e-10, 2.27339425063e-10, 2.07805675445e-10, 1.70658251419e-10, 1.73968284223e-10, 1.05939444717e-10, 1.09722578245e-10, 1.34128846918e-10, 1.23596299861e-10, 6.43650063803e-11, 5.71927435966e-11, 6.77671530003e-11, 2.91987545253e-11, 1.80394241212e-11]
    },
    "mfcc": {
        "mean": [-645.955627441, 87.3697814941, 22.9448165894, 30.1047916412, 11.0693588257, 10.0394868851, 3.94634890556, 8.6323928833, 4.71218442917, 7.10053491592, 4.37827920914, 3.93724441528, 1.50174820423],
        "cov": [[12586.6230469, -1423.42358398, 466.457122803, 199.475463867, 303.469116211, 517.871704102, 291.34487915, 30.8920440674, 69.6204681396, 151.765029907, 127.910720825, 32.1225700378, 87.4391708374], [-1423.42358398, 1741.75488281, -53.2787361145, 98.0874176025, 54.1555213928, -60.1980438232, -59.9276199341, 56.5634155273, -0.259262263775, 19.9042015076, -14.9143066406, 49.3745193481, 38.8065948486], [466.457122803, -53.2787361145, 675.843994141, 304.496704102, 209.789779663, 198.732299805, 113.759033203, 46.0527038574, 54.1925086975, 52.5306968689, 47.4851608276, 25.8621006012, 5.51567697525], [199.475463867, 98.0874176025, 304.496704102, 395.901519775, 183.396987915, 149.703231812, 85.6193695068, 45.5550346375, 19.7699337006, 33.3153305054, 32.2346878052, 24.5746212006, 6.18943786621], [303.469116211, 54.1555213928, 209.789779663, 183.396987915, 242.123687744, 169.046279907, 96.7844772339, 65.2400894165, 38.528793335, 37.5167236328, 25.8033485413, 26.7259502411, 20.1798667908], [517.871704102, -60.1980438232, 198.732299805, 149.703231812, 169.046279907, 292.858551025, 169.155654907, 65.6265335083, 60.2335395813, 66.3613739014, 54.1415634155, 34.9909286499, 35.3684234619], [291.34487915, -59.9276199341, 113.759033203, 85.6193695068, 96.7844772339, 169.155654907, 180.113555908, 93.7741622925, 67.77003479, 59.8508338928, 41.1571311951, 28.8106861115, 30.6631317139], [30.8920440674, 56.5634155273, 46.0527038574, 45.5550346375, 65.2400894165, 65.6265335083, 93.7741622925, 141.12071228, 85.8633575439, 56.6910705566, 27.9721755981, 26.4869308472, 23.4842357635], [69.6204681396, -0.259262263775, 54.1925086975, 19.7699337006, 38.528793335, 60.2335395813, 67.77003479, 85.8633575439, 131.559127808, 86.0579299927, 41.2243347168, 25.2475166321, 21.9657287598], [151.765029907, 19.9042015076, 52.5306968689, 33.3153305054, 37.5167236328, 66.3613739014, 59.8508338928, 56.6910705566, 86.0579299927, 129.275650024, 80.6220092773, 42.1631546021, 34.1326370239], [127.910720825, -14.9143066406, 47.4851608276, 32.2346878052, 25.8033485413, 54.1415634155, 41.1571311951, 27.9721755981, 41.2243347168, 80.6220092773, 119.808433533, 70.9915542603, 38.4575958252], [32.1225700378, 49.3745193481, 25.8621006012, 24.5746212006, 26.7259502411, 34.9909286499, 28.8106861115, 26.4869308472, 25.2475166321, 42.1631546021, 70.9915542603, 98.6412200928, 57.598739624], [87.4391708374, 38.8065948486, 5.51567697525, 6.18943786621, 20.1798667908, 35.3684234619, 30.6631317139, 23.4842357635, 21.9657287598, 34.1326370239, 38.4575958252, 57.598739624, 92.0351104736]],
