{
"lowlevel": {
    "average_loudness": 0.685833930969,
    "barkbands_crest": {
        "dmean": 3.60729575157,
        "dmean2": 5.72859239578,
        "dvar": 11.7063150406,
        "dvar2": 28.082113266,
        "max": 25.9702548981,
        "mean": 11.3610858917,
        "median": 10.5991182327,
        "min": 2.01780247688,
        "var": 29.609331131
    },
    "barkbands_flatness_db": {
        "dmean": 0.0334078967571,
        "dmean2": 0.0513074286282,
        "dvar": 0.00126096280292,
        "dvar2": 0.00282082194462,
        "max": 0.420583873987,
        "mean": 0.11327752471,
        "median": 0.100693866611,
        "min": 0.0149088287726,
        "var": 0.0035717159044
    },
    "barkbands_kurtosis": {
        "dmean": 4.72425937653,
        "dmean2": 7.48577308655,
        "dvar": 167.804763794,
        "dvar2": 414.195281982,
        "max": 415.300506592,
        "mean": 4.45430231094,
        "median": 0.632695913315,
        "min": -1.93804502487,
        "var": 194.499481201
    },
    "barkbands_skewness": {
        "dmean": 0.849200487137,
        "dmean2": 1.29125714302,
        "dvar": 1.15079951286,
        "dvar2": 2.69036507607,
        "max": 19.0326499939,
        "mean": 1.55513811111,
        "median": 1.2405154705,
        "min": -3.80425286293,
        "var": 2.67575716972
    },
    "barkbands_spread": {
        "dmean": 10.6569194794,
        "dmean2": 17.0232391357,
        "dvar": 131.100479126,
        "dvar2": 325.15045166,
        "max": 121.612373352,
        "mean": 35.1492233276,
        "median": 32.9780158997,
        "min": 0.500790596008,
        "var": 314.997161865
    },
    "dissonance": {
        "dmean": 0.0140586243942,
        "dmean2": 0.0239335298538,
        "dvar": 0.000228061340749,
        "dvar2": 0.000652383547276,
        "max": 0.500000059605,
        "mean": 0.477673977613,
        "median": 0.482085466385,
        "min": 0.29551678896,
        "var": 0.000344120286172
    },
    "dynamic_complexity": 3.01328110695,
    "erbbands_crest": {
        "dmean": 2.30271077156,
        "dmean2": 3.81004238129,
        "dvar": 5.94459962845,
        "dvar2": 14.8971691132,
        "max": 30.2519435883,
        "mean": 6.92871141434,
        "median": 5.83033752441,
        "min": 2.20310640335,
        "var": 13.4794588089
    },
    "erbbands_flatness_db": {
        "dmean": 0.0158161520958,
        "dmean2": 0.0241802651435,
        "dvar": 0.000293801655062,
        "dvar2": 0.000658226665109,
        "max": 0.434811472893,
        "mean": 0.122788824141,
        "median": 0.110597401857,
        "min": 0.0449165031314,
        "var": 0.00228459504433
    },
    "erbbands_kurtosis": {
        "dmean": 0.662646949291,
        "dmean2": 1.07891595364,
        "dvar": 1.72254490852,
        "dvar2": 4.7686958313,
        "max": 56.2068634033,
        "mean": -0.23102325201,
        "median": -0.556252717972,
        "min": -1.87398076057,
        "var": 2.07618570328
    },
    "erbbands_skewness": {
        "dmean": 0.353780806065,
        "dmean2": 0.554082334042,
        "dvar": 0.130904585123,
        "dvar2": 0.331416636705,
        "max": 5.72737979889,
        "mean": -0.0975780934095,
        "median": -0.0908208042383,
        "min": -3.34898090363,
        "var": 0.377174466848
    },
    "erbbands_spread": {
        "dmean": 11.697010994,
        "dmean2": 17.7525730133,
        "dvar": 184.469512939,
        "dvar2": 382.679321289,
        "max": 191.760253906,
        "mean": 53.2169456482,
        "median": 48.7756881714,
        "min": 1.82806301117,
        "var": 630.810791016
    },
    "hfc": {
        "dmean": 17.1086769104,
        "dmean2": 27.5624103546,
        "dvar": 708.573303223,
        "dvar2": 1844.37731934,
        "max": 259.769592285,
        "mean": 39.5143699646,
        "median": 31.5526733398,
        "min": 1.08376654609e-16,
        "var": 1233.79003906
    },
    "melbands_crest": {
        "dmean": 4.9459643364,
        "dmean2": 7.763276577,
        "dvar": 25.5487709045,
        "dvar2": 56.8911094666,
        "max": 38.5449752808,
        "mean": 18.2247257233,
        "median": 17.7952861786,
        "min": 1.56601178646,
        "var": 71.8272247314
    },
    "melbands_flatness_db": {
        "dmean": 0.0437032580376,
        "dmean2": 0.0663433149457,
        "dvar": 0.00216282741167,
        "dvar2": 0.00496481265873,
        "max": 0.530457139015,
        "mean": 0.168877333403,
        "median": 0.158164188266,
        "min": 0.00324893346988,
        "var": 0.00611808383837
    },
    "melbands_kurtosis": {
        "dmean": 20.8481426239,
        "dmean2": 31.9684391022,
        "dvar": 2282.94555664,
        "dvar2": 4986.47753906,
        "max": 779.436767578,
        "mean": 27.8116569519,
        "median": 9.03620815277,
        "min": -1.75534892082,
        "var": 3651.94458008
    },
    "melbands_skewness": {
        "dmean": 1.46099627018,
        "dmean2": 2.20719838142,
        "dvar": 4.00370502472,
        "dvar2": 8.7657585144,
        "max": 24.7270545959,
        "mean": 3.65832877159,
        "median": 2.81841492653,
        "min": -1.61700284481,
        "var": 9.84873867035
    },
    "melbands_spread": {
        "dmean": 14.1694021225,
        "dmean2": 22.759853363,
        "dvar": 330.9637146,
        "dvar2": 820.671081543,
        "max": 235.194381714,
        "mean": 33.6047668457,
        "median": 28.7646255493,
        "min": 0.39567220211,
        "var": 675.008605957
    },
    "pitch_salience": {
        "dmean": 0.111071243882,
        "dmean2": 0.173817813396,
        "dvar": 0.012635955587,
        "dvar2": 0.0301082562655,
        "max": 0.940325140953,
        "mean": 0.495335698128,
        "median": 0.500491917133,
        "min": 0.0268507730216,
        "var": 0.0310437362641
    },
    "silence_rate_20dB": {
        "dmean": 0,
        "dmean2": 0,
        "dvar": 0,
        "dvar2": 0,
        "max": 1,
        "mean": 1,
        "median": 1,
        "min": 1,
        "var": 0
    },
    "silence_rate_30dB": {
        "dmean": 0.0400476232171,
        "dmean2": 0.08010391891,
        "dvar": 0.0384455882013,
        "dvar2": 0.0868894085288,
        "max": 1,
        "mean": 0.944372296333,
        "median": 1,
        "min": 0,
        "var": 0.0525315329432
    },
    "silence_rate_60dB": {
        "dmean": 0.0268427319825,
        "dmean2": 0.0536912754178,
        "dvar": 0.0261191446334,
        "dvar2": 0.0588088184595,
        "max": 1,
        "mean": 0.0851731598377,
        "median": 0,
        "min": 0,
        "var": 0.0779267325997
    },
    "spectral_centroid": {
        "dmean": 417.74017334,
        "dmean2": 646.43951416,
        "dvar": 212257.921875,
        "dvar2": 486898.65625,
        "max": 11761.2636719,
        "mean": 2124.70800781,
        "median": 2081.75292969,
        "min": 160.102294922,
        "var": 1047304.0625
    },
    "spectral_complexity": {
        "dmean": 7.36443328857,
        "dmean2": 11.4832210541,
        "dvar": 63.4907531738,
        "dvar2": 139.721191406,
        "max": 63,
        "mean": 21.6403675079,
        "median": 21,
        "min": 0,
        "var": 183.823486328
    },
    "spectral_decrease": {
        "dmean": 3.73072106541e-09,
        "dmean2": 5.59984103532e-09,
        "dvar": 2.16602256112e-17,
        "dvar2": 4.89736649176e-17,
        "max": 1.77173638192e-28,
        "mean": -9.61328083804e-09,
        "median": -7.07075908934e-09,
        "min": -6.37651211832e-08,
        "var": 7.94159893372e-17
    },
    "spectral_energy": {
        "dmean": 0.0146520445123,
        "dmean2": 0.0220134221017,
        "dvar": 0.000319883372867,
        "dvar2": 0.000722524186131,
        "max": 0.245029225945,
        "mean": 0.039866745472,
        "median": 0.0308382622898,
        "min": 1.02085138205e-20,
        "var": 0.00123543583322
    },
    "spectral_energyband_high": {
        "dmean": 0.00161724642385,
        "dmean2": 0.00263561215252,
        "dvar": 7.02709485267e-06,
        "dvar2": 1.85629232874e-05,
        "max": 0.0258767288178,
        "mean": 0.0032330986578,
        "median": 0.00224305456504,
        "min": 7.04436783952e-21,
        "var": 1.18192365335e-05
    },
    "spectral_energyband_low": {
        "dmean": 0.0115694683045,
        "dmean2": 0.0171963237226,
        "dvar": 0.000312432413921,
        "dvar2": 0.00068450497929,
        "max": 0.229583755136,
        "mean": 0.0226074587554,
        "median": 0.00825561769307,
        "min": 1.22681194623e-23,
        "var": 0.00095966522349
    },
    "spectral_energyband_middle_high": {
        "dmean": 0.00260514998809,
        "dmean2": 0.0041231145151,
        "dvar": 1.25666610984e-05,
        "dvar2": 2.81003794953e-05,
        "max": 0.0892245844007,
        "mean": 0.00579187972471,
        "median": 0.00437922868878,
        "min": 1.25597884442e-21,
        "var": 3.0913080991e-05
    },
    "spectral_energyband_middle_low": {
        "dmean": 0.00611990876496,
        "dmean2": 0.00934850610793,
        "dvar": 9.42863262026e-05,
        "dvar2": 0.00021667330293,
        "max": 0.124803669751,
        "mean": 0.00950589776039,
        "median": 0.00565871270373,
        "min": 1.53313299394e-22,
        "var": 0.000136148970341
    },
    "spectral_entropy": {
        "dmean": 0.178001388907,
        "dmean2": 0.2774271667,
        "dvar": 0.0398000068963,
        "dvar2": 0.100803181529,
        "max": 9.82203388214,
        "mean": 8.0329618454,
        "median": 8.08760261536,
        "min": 5.23712444305,
        "var": 0.164882928133
    },
    "spectral_flux": {
        "dmean": 0.034082364291,
        "dmean2": 0.0539599955082,
        "dvar": 0.00128804927226,
        "dvar2": 0.00304509024136,
        "max": 0.345740586519,
        "mean": 0.109267175198,
        "median": 0.0998381972313,
        "min": 6.32747396145e-11,
        "var": 0.00380661711097
    },
    "spectral_kurtosis": {
        "dmean": 0.732441842556,
        "dmean2": 1.20961499214,
        "dvar": 0.986011862755,
        "dvar2": 2.66419672966,
        "max": 25.1482048035,
        "mean": 2.25620698929,
        "median": 1.93781495094,
        "min": -1.26573324203,
        "var": 2.8433008194
    },
    "spectral_rms": {
        "dmean": 0.00113127904478,
        "dmean2": 0.0016575101763,
        "dvar": 1.34878689551e-06,
        "dvar2": 2.84628754343e-06,
        "max": 0.01546133589,
        "mean": 0.00555372657254,
        "median": 0.00548508064821,
        "min": 3.15587161438e-12,
        "var": 8.05060426501e-06
    },
    "spectral_rolloff": {
        "dmean": 1256.04138184,
        "dmean2": 2066.15917969,
        "dvar": 2795530.75,
        "dvar2": 6831777.5,
        "max": 19638.28125,
        "mean": 2589.00195312,
        "median": 1937.98828125,
        "min": 43.06640625,
        "var": 6921808
    },
    "spectral_skewness": {
        "dmean": 0.142485782504,
        "dmean2": 0.227948322892,
        "dvar": 0.0239286255091,
        "dvar2": 0.0602651014924,
        "max": 3.42106056213,
        "mean": 1.16605722904,
        "median": 1.14905738831,
        "min": -0.0917839631438,
        "var": 0.0953926295042
    },
    "spectral_spread": {
        "dmean": 607794.5,
        "dmean2": 926602.8125,
        "dvar": 596193116160,
        "dvar2": 1.11840591872e+12,
        "max": 42680556,
        "mean": 6368726.5,
        "median": 6034339.5,
        "min": 1774964.75,
        "var": 9.91347028787e+12
    },
    "spectral_strongpeak": {
        "dmean": 0.426653921604,
        "dmean2": 0.725003242493,
        "dvar": 0.520599782467,
        "dvar2": 1.33807635307,
        "max": 9.90172100067,
        "mean": 0.670388817787,
        "median": 0.366551995277,
        "min": 0,
        "var": 0.706407129765
    },
    "zerocrossingrate": {
        "dmean": 0.0187838450074,
        "dmean2": 0.0224348269403,
        "dvar": 0.000334082345944,
        "dvar2": 0.000455650151707,
        "max": 0.78857421875,
        "mean": 0.0930692628026,
        "median": 0.08251953125,
        "min": 0.001953125,
        "var": 0.00369173567742
    },
    "barkbands": {
        "dmean": [0.00121681788005, 0.00884071271867, 0.00341893034056, 0.00254221796058, 0.00240080244839, 0.00112747726962, 0.000692753819749, 0.000608837231994, 0.000751568179112, 0.000485172233311, 0.00059742591111, 0.000505024800077, 0.000482649978949, 0.000384206796298, 0.000340885337209, 0.000319062470226, 0.000329143251292, 0.000319408572977, 0.00037088379031, 0.000340892001987, 0.00033946800977, 0.000346874643583, 0.000285272486508, 0.000305282272166, 0.000269799493253, 0.000157058879267, 2.70371328952e-05],
        "dmean2": [0.00161414477043, 0.0129324011505, 0.0056577869691, 0.00437724404037, 0.00369374477305, 0.00181797868572, 0.00112772430293, 0.00102890143171, 0.00120472093113, 0.000782599439844, 0.000946150335949, 0.000825696799438, 0.000792227277998, 0.000627666071523, 0.00056150049204, 0.00052727770526, 0.000537640647963, 0.00052241247613, 0.000629853340797, 0.000561182445381, 0.0005631861859, 0.00058353622444, 0.000464003707748, 0.000502271635924, 0.000449412065791, 0.000262096407823, 4.75652450405e-05],
        "dvar": [6.58690532873e-06, 0.000244062946877, 7.60976690799e-05, 5.04221279698e-05, 2.90485604637e-05, 5.56201075597e-06, 2.24333894039e-06, 1.95618031285e-06, 2.41726502281e-06, 1.49807658545e-06, 1.50799655785e-06, 1.09275379145e-06, 1.12128873297e-06, 7.35897629056e-07, 8.75292414548e-07, 3.774706272e-07, 2.68067481102e-07, 2.63289336999e-07, 4.15936483478e-07, 2.3488892964e-07, 2.85062611738e-07, 3.48601531641e-07, 1.83202629955e-07, 2.50471686059e-07, 3.03604338114e-07, 1.06093686725e-07, 7.09789471642e-09],
        "dvar2": [1.19926598927e-05, 0.000523483322468, 0.000191978513612, 0.000131892491481, 6.52979724691e-05, 1.30597854877e-05, 5.45586999579e-06, 5.25758741787e-06, 5.71605551158e-06, 3.31678984367e-06, 3.30351190314e-06, 2.58634190686e-06, 2.80578206002e-06, 1.67355858594e-06, 2.29717306865e-06, 9.40121537951e-07, 6.30439785709e-07, 6.45628176699e-07, 1.13615919872e-06, 5.82968880281e-07, 7.56753024689e-07, 9.44346993492e-07, 4.66776185704e-07, 6.51698428555e-07, 8.24140556688e-07, 2.90512758738e-07, 2.03839274349e-08],
        "max": [0.0342799946666, 0.213381946087, 0.0733268857002, 0.0951693952084, 0.0593946874142, 0.0409131012857, 0.0370577014983, 0.0255461335182, 0.0370662286878, 0.0255357436836, 0.0277147162706, 0.0259225238115, 0.0289984680712, 0.0341528691351, 0.0511091724038, 0.0171950142831, 0.00778740318492, 0.00886036176234, 0.00837059784681, 0.00859751272947, 0.00768890138716, 0.0093245273456, 0.00597568694502, 0.0064112059772, 0.00882562249899, 0.00351814506575, 0.00107120152097],
        "mean": [0.00212170067243, 0.0160897113383, 0.00324015226215, 0.00217936653644, 0.00286956806667, 0.00154005165678, 0.000942941987887, 0.000733892200515, 0.00103542010766, 0.000636731623672, 0.000863132008817, 0.000651302631013, 0.000594229670241, 0.000482499657664, 0.000468002108391, 0.000442587799625, 0.000482494331663, 0.000490912643727, 0.00050939101493, 0.000560682150535, 0.000565994239878, 0.000565164315049, 0.000519682012964, 0.000543554197066, 0.000467330391984, 0.000243054557359, 2.72236502497e-05],
        "median": [0.000113486392365, 0.00362106226385, 0.000572207267396, 0.00035793488496, 0.000725415418856, 0.00040416745469, 0.000240471257712, 0.000202114199055, 0.000332296476699, 0.000173935521161, 0.000262483721599, 0.000220350630116, 0.000238354055909, 0.000179644397576, 0.000215968175326, 0.000224600953516, 0.000255280814599, 0.000290520023555, 0.000304178858642, 0.00037209992297, 0.000373043236323, 0.000358784716809, 0.000333137344569, 0.000323740299791, 0.000215003965423, 0.000104727740109, 5.856959433e-06],
        "min": [1.80797268257e-25, 3.60503043913e-24, 8.27020621701e-25, 1.64466573015e-24, 1.49472796341e-23, 5.00111229298e-24, 7.95661675085e-24, 9.27423692134e-24, 1.59617642246e-23, 1.82650266531e-23, 1.97980137393e-23, 2.35543122013e-23, 3.08386459115e-23, 4.04091852998e-23, 4.83539233831e-23, 6.95044391445e-23, 6.43590023823e-23, 7.95830396655e-23, 1.17476610647e-22, 2.10293643968e-22, 2.41529317262e-22, 3.1460994688e-22, 3.25560850857e-22, 5.93547729843e-22, 1.00791159943e-21, 1.235299733e-21, 2.02459300973e-21],
        "var": [1.80284550879e-05, 0.000659479701426, 6.63904866087e-05, 3.96293398808e-05, 4.06297222071e-05, 8.70726489666e-06, 3.60133617505e-06, 2.43931572186e-06, 3.89185197491e-06, 2.28572298511e-06, 2.88011096927e-06, 1.78283767127e-06, 1.41586576774e-06, 1.04981324967e-06, 9.98110635919e-07, 5.1441497817e-07, 4.4877003802e-07, 4.11185339999e-07, 4.34195641219e-07, 3.73190857772e-07, 4.03248151315e-07, 4.60215630937e-07, 3.50507974645e-07, 4.29272063229e-07, 4.40371650257e-07, 1.26356354713e-07, 4.98374364e-09]
    },
    "erbbands": {
        "dmean": [0.356099694967, 1.64291238785, 3.5688149929, 6.65125989914, 8.61694908142, 7.61972284317, 7.23042011261, 10.1029644012, 9.89988327026, 11.1542301178, 13.6381196976, 17.610742569, 14.5289297104, 17.5653133392, 22.8165664673, 19.0913619995, 22.7012462616, 20.0545978546, 16.9774150848, 16.3304595947, 15.3796224594, 18.3588562012, 17.6327228546, 19.2853908539, 17.0171451569, 15.4451360703, 15.1053228378, 12.5399541855, 12.7886075974, 11.0507764816, 7.78316783905, 6.88111782074, 4.7792096138, 3.39644050598, 1.86652684212, 0.809847474098, 0.281713336706, 0.0530922487378, 0.00408944254741, 7.79341862653e-05],
        "dmean2": [0.491271257401, 2.49572753906, 5.55157232285, 11.0594806671, 14.0010490417, 11.7361240387, 12.1471071243, 16.1597900391, 15.898979187, 18.414056778, 22.9728355408, 28.0396327972, 22.9906673431, 28.0259895325, 36.758190155, 30.639421463, 36.9787063599, 32.8994865417, 27.707359314, 26.6488380432, 25.0005245209, 30.057756424, 28.8085193634, 32.9636955261, 28.2274971008, 25.2945652008, 25.1672210693, 20.5454769135, 21.4195079803, 18.6362228394, 12.6114683151, 11.3430328369, 7.85900974274, 5.65921545029, 3.14987325668, 1.34492778778, 0.474656581879, 0.0902324765921, 0.0072299093008, 0.000132571265567],
        "dvar": [0.45127043128, 10.3108453751, 67.0572280884, 290.136474609, 387.734069824, 309.853820801, 248.43170166, 493.380340576, 482.460113525, 677.970458984, 975.231750488, 1433.71582031, 1283.01220703, 1732.47509766, 2330.06005859, 1462.36523438, 2069.86303711, 1848.28796387, 4175.71777344, 851.827697754, 678.74395752, 862.037536621, 895.424377441, 1084.46435547, 726.813964844, 507.205474854, 599.619018555, 369.762969971, 483.125823975, 401.459991455, 130.043182373, 123.292373657, 66.6940536499, 47.0656013489, 14.4078569412, 2.41675901413, 0.400913566351, 0.0184515621513, 0.000181523850188, 4.0835388404e-08],
        "dvar2": [0.842651188374, 23.1848926544, 159.955444336, 744.511413574, 976.039611816, 700.574035645, 639.578613281, 1132.24304199, 1141.61938477, 1659.8092041, 2627.02783203, 3401.86181641, 2849.08520508, 3857.71289062, 5530.86621094, 3337.92602539, 5189.66845703, 4616.31298828, 11129.3095703, 2022.27038574, 1672.05493164, 2087.08300781, 2188.12451172, 2943.03662109, 1889.27209473, 1248.01342773, 1625.74975586, 951.430297852, 1295.67126465, 1089.4140625, 322.338378906, 320.721221924, 173.132614136, 127.229827881, 39.8286514282, 6.48286104202, 1.10551834106, 0.0528239011765, 0.000521940877661, 1.17112115561e-07],
        "max": [8.08865261078, 47.4720535278, 96.9183044434, 196.673904419, 205.088790894, 308.696868896, 314.44934082, 437.992980957, 429.807891846, 729.762207031, 500.502746582, 973.548522949, 742.005065918, 1233.07299805, 905.748962402, 817.641967773, 1298.92700195, 1446.01525879, 4585.29003906, 882.558898926, 824.886901855, 498.402557373, 525.200683594, 482.83026123, 414.487487793, 485.942077637, 232.070083618, 473.115966797, 410.390838623, 487.799682617, 135.474227905, 205.716598511, 148.023468018, 124.608627319, 40.682144165, 16.9748325348, 6.61660432816, 2.0073056221, 0.160718232393, 0.002319696825],
        "mean": [0.677537083626, 2.67574214935, 4.15621471405, 6.13404941559, 8.99235534668, 9.06734085083, 8.92465686798, 13.7930088043, 13.9184780121, 15.1582727432, 17.1538124084, 24.029706955, 20.3501319885, 24.6158733368, 31.7539844513, 26.3503417969, 29.7877368927, 26.5929870605, 23.8349952698, 24.9984951019, 23.3744163513, 27.8127441406, 27.232006073, 27.1680145264, 25.6750793457, 25.1472206116, 23.9466209412, 21.8849830627, 20.5222492218, 17.7431335449, 14.6534900665, 12.1471967697, 8.32360363007, 5.56313753128, 3.19232535362, 1.30051732063, 0.408043503761, 0.0711090192199, 0.00412774225697, 0.000131609631353],
        "median": [0.104365423322, 0.633987784386, 0.824529767036, 1.41209328175, 1.94396579266, 2.29804348946, 2.56748175621, 3.57337212563, 4.01801156998, 4.53461933136, 5.42930364609, 8.05807113647, 7.07630825043, 7.59039735794, 11.7013683319, 10.3043766022, 12.8465051651, 12.0478391647, 12.8076343536, 14.0796451569, 13.8875522614, 15.3230686188, 15.9756774902, 16.5640678406, 16.380449295, 16.7347831726, 15.8701696396, 14.4937934875, 12.8477210999, 11.3811349869, 9.23750686646, 7.29057598114, 4.83426761627, 2.77348566055, 1.35771012306, 0.566507101059, 0.168222159147, 0.0259109251201, 0.00101156788878, 7.97300745035e-05],
        "min": [9.59604168358e-23, 5.90236483038e-22, 1.21673067935e-21, 4.24571492415e-21, 1.22552631941e-20, 4.39257429878e-20, 3.82734692282e-20, 4.49741976454e-20, 8.44024465517e-20, 1.96869722495e-19, 3.41684503754e-19, 4.04176060327e-19, 6.57944060417e-19, 9.0632535696e-19, 1.18620057305e-18, 1.07198512843e-18, 1.49716537246e-18, 2.2652545802e-18, 2.98479604079e-18, 4.16053071114e-18, 4.40538237631e-18, 3.81096294351e-18, 4.76309870016e-18, 5.50533903075e-18, 7.54241645935e-18, 9.51798680557e-18, 9.48769627871e-18, 1.00365562577e-17, 1.06020963338e-17, 8.22739727998e-18, 1.18851882943e-17, 1.29411000627e-17, 9.3697643116e-18, 9.66423978249e-18, 6.90766245911e-18, 4.62226003394e-18, 2.43489505497e-18, 1.0002480966e-18, 2.66429627876e-19, 2.79136039739e-20],
        "var": [1.37534022331, 24.6553897858, 78.5088272095, 239.858383179, 403.380371094, 414.103759766, 323.22354126, 779.264526367, 806.928344727, 972.26171875, 1379.36560059, 2123.15307617, 1934.13049316, 2778.59130859, 3858.24755859, 2472.12866211, 2795.44897461, 2485.99267578, 3731.90869141, 1518.64440918, 1046.18933105, 1398.15612793, 1349.62548828, 1201.74987793, 935.971862793, 786.258117676, 734.194702148, 620.90625, 635.780639648, 486.87512207, 285.540679932, 216.612121582, 106.405662537, 60.8883590698, 22.1361541748, 3.40848302841, 0.412130355835, 0.0162102263421, 0.000123696037917, 3.57587133237e-08]
    },
    "gfcc": {
        "mean": [18.9904689789, 34.9006080627, -108.663612366, 39.7563323975, -56.9744186401, 25.0745220184, -33.7589378357, 14.8302307129, -24.5127449036, 9.03705406189, -15.7071495056, 5.762819767, -12.1831655502],
        "cov": [[19829.3632812, -436.552215576, 545.332458496, 445.57119751, -628.969665527, 371.828857422, -437.73336792, 420.329711914, -353.21673584, 278.782623291, -333.653503418, 279.188049316, -264.011108398], [-436.552215576, 1750.42675781, 127.70539093, 258.903900146, 231.975814819, -100.121154785, 11.5782413483, -194.310684204, 28.2481098175, -103.467857361, 51.596118927, -145.167755127, 15.6599149704], [545.332458496, 127.70539093, 1422.87561035, 501.792510986, 360.257080078, 196.074554443, 106.695205688, 65.1655044556, 11.4833860397, 69.2263259888, -12.5051307678, 59.2420120239, -13.0643539429], [445.57119751, 258.903900146, 501.792510986, 590.098144531, 318.148162842, 222.810546875, 120.846221924, 59.3987731934, 49.9273681641, 24.6880760193, -7.6757183075, -26.6993637085, -1.42130374908], [-628.969665527, 231.975814819, 360.257080078, 318.148162842, 439.726806641, 235.188461304, 200.660339355, 80.1773376465, 101.562355042, 40.9699745178, 37.4154548645, -16.7696495056, 13.4977216721], [371.828857422, -100.121154785, 196.074554443, 222.810546875, 235.188461304, 336.937530518, 202.376785278, 154.158157349, 77.7303085327, 75.9402694702, 20.8480319977, 25.2601661682, 10.0854892731], [-437.73336792, 11.5782413483, 106.695205688, 120.846221924, 200.660339355, 202.376785278, 260.384094238, 148.403396606, 111.948310852, 48.7159805298, 36.6669120789, 15.0763883591, 18.2727966309], [420.329711914, -194.310684204, 65.1655044556, 59.3987731934, 80.1773376465, 154.158157349, 148.403396606, 244.038391113, 143.362045288, 97.8733901978, 22.1579627991, 47.6673583984, 14.7352218628], [-353.21673584, 28.2481098175, 11.4833860397, 49.9273681641, 101.562355042, 77.7303085327, 111.948310852, 143.362045288, 204.678649902, 114.173194885, 59.102809906, 13.8851137161, 20.8882408142], [278.782623291, -103.467857361, 69.2263259888, 24.6880760193, 40.9699745178, 75.9402694702, 48.7159805298, 97.8733901978, 114.173194885, 171.24079895, 89.4614028931, 59.8769950867, 5.57781124115], [-333.653503418, 51.596118927, -12.5051307678, -7.6757183075, 37.4154548645, 20.8480319977, 36.6669120789, 22.1579627991, 59.102809906, 89.4614028931, 144.039703369, 74.6218032837, 35.2833709717], [279.188049316, -145.167755127, 59.2420120239, -26.6993637085, -16.7696495056, 25.2601661682, 15.0763883591, 47.6673583984, 13.8851137161, 59.8769950867, 74.6218032837, 146.607452393, 61.2020111084], [-264.011108398, 15.6599149704, -13.0643539429, -1.42130374908, 13.4977216721, 10.0854892731, 18.2727966309, 14.7352218628, 20.8882408142, 5.57781124115, 35.2833709717, 61.2020111084, 111.225234985]],
        "icov": [[0.000118646436022, -0.00015979228192, 3.85862404073e-05, -0.000140947013278, 0.000250488345046, -0.000285142770736, 0.000376224692445, -0.000516805623192, 0.000525577983353, -0.00051827536663, 0.000562436005566, -0.000476214452647, 0.000319878163282], [-0.00015979228192, 0.00118087755982, -0.000102982798126, -0.000225895026233, -0.000612805481069, 0.00092069542734, -0.000714444322512, 0.0014692787081, -0.00140227901284, 0.00150767923333, -0.00184298399836, 0.00161473010667, -0.000763061863836], [3.85862404073e-05, -0.000102982798126, 0.00129866285715, -0.000879154715221, -0.000873353506904, 0.000558451516554, 1.19516444101e-05, -0.00029790730332, 0.00100564130116, -0.0012960965978, 0.00139790272806, -0.00148442317732, 0.000589741859585], [-0.000140947013278, -0.000225895026233, -0.000879154715221, 0.00401629228145, -0.00162634509616, -0.00161623652093, 0.000789253215771, 0.000339357880875, -0.000792067556176, 0.000898014288396, -0.000412028923165, 0.00120715261437, -0.000615216849837], [0.000250488345046, -0.000612805481069, -0.000873353506904, -0.00162634509616, 0.00759024405852, -0.00346991745755, -0.00156141316984, 0.000994567060843, -0.00157542258967, 0.000646218773909, -0.000592672149651, 0.000315517187119, 0.000353628391167], [-0.000285142770736, 0.00092069542734, 0.000558451516554, -0.00161623652093, -0.00346991745755, 0.0106516256928, -0.00551596004516, -0.00163034943398, 0.00325982016511, -0.00304321455769, 0.000269323732937, 0.00117003242485, -0.0013729253551], [0.000376224692445, -0.000714444322512, 1.19516444101e-05, 0.000789253215771, -0.00156141316984, -0.00551596004516, 0.0127791119739, -0.00545567367226, -0.0009931641398, 0.00268685910851, -0.00107296335045, -0.00104785826989, 0.00128683145158], [-0.000516805623192, 0.0014692787081, -0.00029790730332, 0.000339357880875, 0.000994567060843, -0.00163034943398, -0.00545567367226, 0.0158628486097, -0.0102939298376, 0.00151485681999, 0.00151914299931, -0.0019067467656, -0.00021780836687], [0.000525577983353, -0.00140227901284, 0.00100564130116, -0.000792067556176, -0.00157542258967, 0.00325982016511, -0.0009931641398, -0.0102939298376, 0.0194322559983, -0.0117648551241, 0.00206281780265, 0.00258343410678, -0.00215984066017], [-0.00051827536663, 0.00150767923333, -0.0012960965978, 0.000898014288396, 0.000646218773909, -0.00304321455769, 0.00268685910851, 0.00151485681999, -0.0117648551241, 0.0213116928935, -0.0116204647347, 0.000198488225578, 0.00268995249644], [0.000562436005566, -0.00184298399836, 0.00139790272806, -0.000412028923165, -0.000592672149651, 0.000269323732937, -0.00107296335045, 0.00151914299931, 0.00206281780265, -0.0116204647347, 0.0206817984581, -0.0105076227337, 0.00119239301421], [-0.000476214452647, 0.00161473010667, -0.00148442317732, 0.00120715261437, 0.000315517187119, 0.00117003242485, -0.00104785826989, -0.0019067467656, 0.00258343410678, 0.000198488225578, -0.0105076227337, 0.0195540674031, -0.00915781036019], [0.000319878163282, -0.000763061863836, 0.000589741859585, -0.000615216849837, 0.000353628391167, -0.0013729253551, 0.00128683145158, -0.00021780836687, -0.00215984066017, 0.00268995249644, 0.00119239301421, -0.00915781036019, 0.0147494943812]]
    },
    "melbands": {
        "dmean": [0.00274176173843, 0.00175511685666, 0.00114699255209, 0.000632713432424, 0.000251405755989, 0.00022242590785, 0.000146902602864, 0.000124506972497, 0.000120223114209, 0.000111628709419, 7.36018992029e-05, 7.10148742655e-05, 7.34589193598e-05, 5.24358292751e-05, 5.67088754906e-05, 5.31989535375e-05, 3.93255213567e-05, 2.82171313302e-05, 2.6723539122e-05, 2.69662414212e-05, 1.70424536918e-05, 2.17492597585e-05, 1.7344196749e-05, 1.43391253005e-05, 1.70235834958e-05, 1.42999879245e-05, 1.24925609271e-05, 1.08140347947e-05, 1.04824075606e-05, 8.35548598843e-06, 7.61927003623e-06, 7.74541513238e-06, 6.92396906743e-06, 6.36384856989e-06, 4.88206978844e-06, 4.47476213594e-06, 4.32325123256e-06, 3.48417506757e-06, 3.20644721796e-06, 2.9485122468e-06],
        "dmean2": [0.00392975891009, 0.00271979300305, 0.00188370875549, 0.000983663252555, 0.000418386247475, 0.000355623866199, 0.00023583850998, 0.000205197036848, 0.000201467293664, 0.000177154099219, 0.000116931332741, 0.000113779729872, 0.00011744673975, 8.60478830873e-05, 9.05670385691e-05, 8.6727712187e-05, 6.46961198072e-05, 4.61987256131e-05, 4.38082897745e-05, 4.4612937927e-05, 2.78327170236e-05, 3.54091171175e-05, 2.89058079943e-05, 2.33939172176e-05, 2.93289376714e-05, 2.42144687945e-05, 2.05246687983e-05, 1.77284509846e-05, 1.77382426045e-05, 1.37291845022e-05, 1.25490105347e-05, 1.29894860947e-05, 1.17750614663e-05, 1.07716914499e-05, 7.91598176875e-06, 7.39493179935e-06, 7.1985368777e-06, 5.7762376855e-06, 5.31733576281e-06, 4.99094949191e-06],
        "dvar": [2.41273774009e-05, 1.31901633722e-05, 7.54907841838e-06, 2.24618065658e-06, 2.808302213e-07, 2.20589782884e-07, 9.91262680827e-08, 8.62658495748e-08, 7.93686467659e-08, 6.12489685636e-08, 3.46472930346e-08, 2.81893743903e-08, 2.21892868524e-08, 1.15843565851e-08, 1.66934999157e-08, 1.61498832085e-08, 8.23218293533e-09, 1.38039961683e-08, 3.68265595796e-09, 3.02313485356e-09, 9.15859776907e-10, 1.36426492325e-09, 8.42384273447e-10, 5.32419663912e-10, 9.08861708115e-10, 6.0396343482e-10, 3.78506198606e-10, 2.77122796932e-10, 3.13619630266e-10, 1.48344087014e-10, 1.41658643149e-10, 1.80448864184e-10, 1.46646514376e-10, 1.37442737747e-10, 5.31574576024e-11, 4.85351411839e-11, 4.92643287275e-11, 3.3997971105e-11, 3.57721595401e-11, 3.78333336881e-11],
        "dvar2": [4.90764796268e-05, 2.84144371108e-05, 1.89262700587e-05, 5.1866522881e-06, 7.32239698209e-07, 5.06464289174e-07, 2.37397784986e-07, 2.13399218296e-07, 2.05955700494e-07, 1.4450039032e-07, 7.72513288894e-08, 6.33379286796e-08, 5.15563378656e-08, 2.94039352866e-08, 3.6114848001e-08, 3.9009581343e-08, 2.05657926244e-08, 3.59534269023e-08, 8.67868177323e-09, 7.64297691802e-09, 2.2143940015e-09, 3.23853055484e-09, 2.1099584302e-09, 1.30082300487e-09, 2.48733900143e-09, 1.61038948843e-09, 9.43597755487e-10, 6.97343072176e-10, 8.57367787876e-10, 3.78686193514e-10, 3.6920447255e-10, 4.80136486125e-10, 3.995281328e-10, 3.7158143229e-10, 1.32828192889e-10, 1.24440110993e-10, 1.28666730048e-10, 8.77270339705e-11, 9.52505505025e-11, 1.03916389382e-10],
        "max": [0.0572450421751, 0.0479099042714, 0.0323081165552, 0.0158635582775, 0.00863179471344, 0.00868888664991, 0.00583782000467, 0.00779761420563, 0.0052967374213, 0.00682599470019, 0.0038362860214, 0.00494418106973, 0.00239203497767, 0.00332988519222, 0.00373479328118, 0.00356995756738, 0.00230795587413, 0.00847224984318, 0.00148746999912, 0.00176045717672, 0.000837090658024, 0.000656452379189, 0.0004061301006, 0.00043644013931, 0.000408409716329, 0.000367826083675, 0.000356186414137, 0.000382804486435, 0.000184415126569, 0.000193839819985, 0.00033459320548, 0.000317318044836, 0.00014846646809, 0.000274728488876, 0.000104450817162, 0.000116228635306, 0.000122544341139, 0.00010587410361, 0.000124988029711, 9.57253214438e-05],
        "mean": [0.00511836819351, 0.00270145898685, 0.00112601614092, 0.000714140129276, 0.000314885488478, 0.000308781745844, 0.000204945870792, 0.000162729251315, 0.000149262195919, 0.000150668885908, 9.91046981653e-05, 9.59853859968e-05, 0.000105496401375, 6.76039417158e-05, 7.51306142774e-05, 6.34159587207e-05, 4.82712021039e-05, 3.64678744518e-05, 3.68287583115e-05, 3.58865618182e-05, 2.43410358962e-05, 3.09418282995e-05, 2.41054076469e-05, 2.2093010557e-05, 2.19837711484e-05, 1.90099162864e-05, 1.82197800314e-05, 1.64459215739e-05, 1.53535238496e-05, 1.31707583932e-05, 1.25198748719e-05, 1.19249925774e-05, 1.02941667137e-05, 9.69305256149e-06, 8.72764849191e-06, 7.59983913667e-06, 7.29018665879e-06, 5.88044031247e-06, 5.17386297361e-06, 4.55519375464e-06],
        "median": [0.00103839463554, 0.000749016064219, 0.000295260397252, 0.000163446908118, 9.8342919955e-05, 8.24209710117e-05, 5.87366776017e-05, 4.38260212832e-05, 4.00223616452e-05, 4.87439247081e-05, 2.99238381558e-05, 2.54996339208e-05, 3.56275377271e-05, 2.70998098131e-05, 2.45510636887e-05, 2.0581035642e-05, 1.81586583494e-05, 1.77509573405e-05, 1.52972042997e-05, 1.70663824974e-05, 1.30465705297e-05, 1.51535841724e-05, 1.33512621687e-05, 1.2961201719e-05, 1.19210171761e-05, 1.0965652109e-05, 1.06044044514e-05, 1.0254805602e-05, 9.81301855063e-06, 8.45237809699e-06, 7.8589291661e-06, 7.29914063413e-06, 6.1843338699e-06, 6.00071280132e-06, 5.35644903721e-06, 4.64835011371e-06, 4.15807699028e-06, 3.39029406859e-06, 2.80111885331e-06, 2.12682721212e-06],
        "min": [1.22881849282e-24, 7.08639569009e-25, 1.37562905716e-24, 1.60716278968e-24, 1.33792219614e-24, 8.26386229621e-25, 1.50015193434e-24, 2.31552112977e-24, 2.64460845867e-24, 2.19678888607e-24, 3.43096591381e-24, 3.15888581544e-24, 3.1246886952e-24, 2.97103062099e-24, 2.10267916058e-24, 3.39905609576e-24, 4.28042671934e-24, 3.98968493297e-24, 2.96069535984e-24, 3.95041740926e-24, 3.94414912051e-24, 2.93303020511e-24, 5.09268445015e-24, 3.81726873251e-24, 4.28115641567e-24, 4.20883049244e-24, 5.86449649348e-24, 4.96998936368e-24, 5.28327600586e-24, 5.41500591627e-24, 6.14212583388e-24, 5.51031648527e-24, 5.9169080176e-24, 3.66695049816e-24, 5.56057796899e-24, 6.91876215609e-24, 6.17627562247e-24, 6.04367835949e-24, 6.6582092877e-24, 7.69404676513e-24],
        "var": [6.81675664964e-05, 2.47571479122e-05, 6.63319451633e-06, 2.8693943932e-06, 3.5521716768e-07, 3.52916487145e-07, 1.65159391941e-07, 1.21654949226e-07, 1.25116528693e-07, 8.92695339871e-08, 5.19150447076e-08, 4.43460095312e-08, 4.16361842781e-08, 1.57664512557e-08, 3.05360714492e-08, 2.12313207015e-08, 1.04880166774e-08, 1.23058185864e-08, 5.79967185388e-09, 3.91737309258e-09, 1.40471745347e-09, 2.16172058032e-09, 1.13770337595e-09, 8.64579852156e-10, 9.49177181298e-10, 6.53864518085e-10, 5.49472300992e-10, 3.91702892344e-10, 3.46644601912e-10, 2.26594867869e-10, 2.32113536724e-10, 2.32267149958e-10, 1.7627493909e-10, 1.59558671831e-10, 1.13564553594e-10, 8.19670720187e-11, 8.34643743008e-11, 5.41229214224e-11, 4.8003444969e-11, 4.52611802204e-11]
    },
    "mfcc": {
        "mean": [-621.178405762, 67.5492782593, 7.21124696732, 19.8975658417, 4.89046430588, 10.6155796051, 5.78311538696, 6.55452919006, 1.95427048206, 3.17678308487, 1.17817509174, 3.12174892426, 0.802923560143],
        "cov": [[10099.4990234, -54.1634101868, 782.348876953, 184.936203003, 53.2343826294, -37.4386482239, -25.9054107666, 74.7694320679, 39.8701896667, 54.5867042542, -27.7038593292, 25.7695198059, 72.2516784668], [-54.1634101868, 1302.71154785, 105.499076843, 224.715881348, 113.26990509, 62.6862831116, 3.06749081612, -69.069770813, -62.1226882935, -44.5861320496, -22.9354076385, -2.29406857491, -31.0836696625], [782.348876953, 105.499076843, 869.517578125, 375.119628906, 285.845794678, 189.451950073, 132.889038086, 74.3257827759, 68.1985168457, 34.5656166077, 10.0195903778, 20.9474468231, 44.1272354126], [184.936203003, 224.715881348, 375.119628906, 429.426940918, 264.036315918, 190.662521362, 109.746292114, 69.4788360596, 65.3412322998, 49.6010284424, 25.3237495422, 16.8635425568, 6.66422700882], [53.2343826294, 113.26990509, 285.845794678, 264.036315918, 316.161560059, 208.033035278, 136.775527954, 87.8311004639, 90.0363693237, 75.8050231934, 49.8555526733, 42.6438713074, 24.536151886], [-37.4386482239, 62.6862831116, 189.451950073, 190.662521362, 208.033035278, 273.474060059, 180.407806396, 104.581230164, 88.7506484985, 73.5785522461, 48.288646698, 44.3496665955, 26.757730484], [-25.9054107666, 3.06749081612, 132.889038086, 109.746292114, 136.775527954, 180.407806396, 217.837585449, 134.708023071, 88.0778808594, 68.1255874634, 44.1845169067, 36.7807273865, 28.7450523376], [74.7694320679, -69.069770813, 74.3257827759, 69.4788360596, 87.8311004639, 104.581230164, 134.708023071, 188.823120117, 135.478149414, 85.3434295654, 49.690120697, 36.0663604736, 30.5318984985], [39.8701896667, -62.1226882935, 68.1985168457, 65.3412322998, 90.0363693237, 88.7506484985, 88.0778808594, 135.478149414, 188.454162598, 127.654037476, 66.6088943481, 40.7352676392, 30.8753948212], [54.5867042542, -44.5861320496, 34.5656166077, 49.6010284424, 75.8050231934, 73.5785522461, 68.1255874634, 85.3434295654, 127.654037476, 174.596862793, 104.72000885, 50.7937011719, 21.9670944214], [-27.7038593292, -22.9354076385, 10.0195903778, 25.3237495422, 49.8555526733, 48.288646698, 44.1845169067, 49.690120697, 66.6088943481, 104.72000885, 148.562301636, 91.8402862549, 39.1226768494], [25.7695198059, -2.29406857491, 20.9474468231, 16.8635425568, 42.6438713074, 44.3496665955, 36.7807273865, 36.0663604736, 40.7352676392, 50.7937011719, 91.8402862549, 143.898529053, 85.7416915894], [72.2516784668, -31.0836696625, 44.1272354126, 6.66422700882, 24.536151886, 26.757730484, 28.7450523376, 30.5318984985, 30.8753948212, 21.9670944214, 39.1226768494, 85.7416915894, 142.744262695]],
