{
"lowlevel": {
    "average_loudness": 0.845757424831,
    "barkbands_crest": {
        "dmean": 3.65729761124,
        "dmean2": 5.51714229584,
        "dvar": 11.0073900223,
        "dvar2": 25.5803623199,
        "max": 26.741350174,
        "mean": 12.877866745,
        "median": 12.9138908386,
        "min": 2.0314977169,
        "var": 34.4568710327
    },
    "barkbands_flatness_db": {
        "dmean": 0.0376028567553,
        "dmean2": 0.0572959296405,
        "dvar": 0.00187634374015,
        "dvar2": 0.0043576117605,
        "max": 0.694582164288,
        "mean": 0.122275613248,
        "median": 0.103973113,
        "min": 0.0157427471131,
        "var": 0.00544577511027
    },
    "barkbands_kurtosis": {
        "dmean": 12.9763183594,
        "dmean2": 20.7665672302,
        "dvar": 2146.66259766,
        "dvar2": 5196.81933594,
        "max": 1911.96838379,
        "mean": 13.7118797302,
        "median": 1.92315530777,
        "min": -1.90154743195,
        "var": 3345.71801758
    },
    "barkbands_skewness": {
        "dmean": 1.22958230972,
        "dmean2": 1.85686850548,
        "dvar": 3.19299936295,
        "dvar2": 7.33927631378,
        "max": 40.05052948,
        "mean": 2.31110835075,
        "median": 1.69263863564,
        "min": -3.30553817749,
        "var": 7.47276067734
    },
    "barkbands_spread": {
        "dmean": 12.5424137115,
        "dmean2": 19.5704879761,
        "dvar": 171.704818726,
        "dvar2": 392.472961426,
        "max": 112.642250061,
        "mean": 34.2501029968,
        "median": 32.1852836609,
        "min": 0.13248179853,
        "var": 408.269470215
    },
    "dissonance": {
        "dmean": 0.0109915863723,
        "dmean2": 0.0187345407903,
        "dvar": 0.000143751050928,
        "dvar2": 0.000398825650336,
        "max": 0.5,
        "mean": 0.482436031103,
        "median": 0.48645311594,
        "min": 0.321729958057,
        "var": 0.000252982630627
    },
    "dynamic_complexity": 3.03251004219,
    "erbbands_crest": {
        "dmean": 2.01089549065,
        "dmean2": 3.34579372406,
        "dvar": 5.24192047119,
        "dvar2": 13.3213376999,
        "max": 27.9140014648,
        "mean": 6.24732446671,
        "median": 5.28178691864,
        "min": 2.02541804314,
        "var": 11.364068985
    },
    "erbbands_flatness_db": {
        "dmean": 0.0134476264939,
        "dmean2": 0.0205634217709,
        "dvar": 0.000195151762455,
        "dvar2": 0.000432114000432,
        "max": 0.43507745862,
        "mean": 0.106901779771,
        "median": 0.0979548916221,
        "min": 0.0446206443012,
        "var": 0.00144866656046
    },
    "erbbands_kurtosis": {
        "dmean": 0.912349939346,
        "dmean2": 1.51009774208,
        "dvar": 5.12327957153,
        "dvar2": 12.1826047897,
        "max": 125.516464233,
        "mean": 0.0247953590006,
        "median": -0.475664615631,
        "min": -1.90228652954,
        "var": 9.03568458557
    },
    "erbbands_skewness": {
        "dmean": 0.418623954058,
        "dmean2": 0.674129784107,
        "dvar": 0.2617431283,
        "dvar2": 0.678240299225,
        "max": 10.3471260071,
        "mean": -0.216887563467,
        "median": -0.265803933144,
        "min": -3.83357286453,
        "var": 0.58444082737
    },
    "erbbands_spread": {
        "dmean": 14.4487447739,
        "dmean2": 23.1019172668,
        "dvar": 314.324737549,
        "dvar2": 808.242614746,
        "max": 184.814239502,
        "mean": 57.9708328247,
        "median": 54.9265403748,
        "min": 2.86434841156,
        "var": 649.916442871
    },
    "hfc": {
        "dmean": 15.897567749,
        "dmean2": 24.587141037,
        "dvar": 527.993041992,
        "dvar2": 1336.32324219,
        "max": 319.325805664,
        "mean": 41.0643157959,
        "median": 34.46925354,
        "min": 1.02926904183e-16,
        "var": 1257.32983398
    },
    "melbands_crest": {
        "dmean": 4.44053220749,
        "dmean2": 7.21955299377,
        "dvar": 17.8156642914,
        "dvar2": 44.2621192932,
        "max": 39.5387878418,
        "mean": 19.8881607056,
        "median": 19.6339950562,
        "min": 1.6703556776,
        "var": 71.3965301514
    },
    "melbands_flatness_db": {
        "dmean": 0.0482816100121,
        "dmean2": 0.0726813301444,
        "dvar": 0.00281621678732,
        "dvar2": 0.00665982766077,
        "max": 0.805343747139,
        "mean": 0.191901236773,
        "median": 0.180025607347,
        "min": 0.00364201748744,
        "var": 0.00893363635987
    },
    "melbands_kurtosis": {
        "dmean": 47.8798065186,
        "dmean2": 76.3066864014,
        "dvar": 31987.9589844,
        "dvar2": 72398.796875,
        "max": 7480.3359375,
        "mean": 61.8105545044,
        "median": 16.9588661194,
        "min": -1.8110306263,
        "var": 45142.328125
    },
    "melbands_skewness": {
        "dmean": 2.02732682228,
        "dmean2": 3.1274087429,
        "dvar": 8.83075428009,
        "dvar2": 21.0485553741,
        "max": 73.2804107666,
        "mean": 5.01971721649,
        "median": 3.85506415367,
        "min": -1.35449433327,
        "var": 20.0788211823
    },
    "melbands_spread": {
        "dmean": 13.9585151672,
        "dmean2": 22.2299499512,
        "dvar": 302.538574219,
        "dvar2": 740.15814209,
        "max": 193.315536499,
        "mean": 28.3069896698,
        "median": 21.5942401886,
        "min": 0.0328410379589,
        "var": 645.718383789
    },
    "pitch_salience": {
        "dmean": 0.111978821456,
        "dmean2": 0.176017805934,
        "dvar": 0.012981267646,
        "dvar2": 0.0321460478008,
        "max": 0.982970416546,
        "mean": 0.458671152592,
        "median": 0.458989322186,
        "min": 0.00747369090095,
        "var": 0.0360805019736
    },
    "silence_rate_20dB": {
        "dmean": 0,
        "dmean2": 0,
        "dvar": 0,
        "dvar2": 0,
        "max": 1,
        "mean": 1,
        "median": 1,
        "min": 1,
        "var": 0
    },
    "silence_rate_30dB": {
        "dmean": 0.121258765459,
        "dmean2": 0.242538273335,
        "dvar": 0.106550291181,
        "dvar2": 0.200138494372,
        "max": 1,
        "mean": 0.805557906628,
        "median": 1,
        "min": 0,
        "var": 0.156641215086
    },
    "silence_rate_60dB": {
        "dmean": 0.0171027872711,
        "dmean2": 0.0342085026205,
        "dvar": 0.0168078746647,
        "dvar2": 0.0376501232386,
        "max": 1,
        "mean": 0.0726806297898,
        "median": 0,
        "min": 0,
        "var": 0.0673996955156
    },
    "spectral_centroid": {
        "dmean": 459.216400146,
        "dmean2": 735.567871094,
        "dvar": 271939.4375,
        "dvar2": 677740.125,
        "max": 11726.9072266,
        "mean": 2158.37646484,
        "median": 2198.97631836,
        "min": 56.5266494751,
        "var": 1127243.5
    },
    "spectral_complexity": {
        "dmean": 6.49221801758,
        "dmean2": 10.39220047,
        "dvar": 52.3158760071,
        "dvar2": 131.12802124,
        "max": 65,
        "mean": 24.5911922455,
        "median": 25,
        "min": 0,
        "var": 205.81036377
    },
    "spectral_decrease": {
        "dmean": 7.4811037365e-09,
        "dmean2": 1.10090647709e-08,
        "dvar": 1.14854980965e-16,
        "dvar2": 2.77659147115e-16,
        "max": 1.5892761864e-28,
        "mean": -1.47994256849e-08,
        "median": -9.44528899538e-09,
        "min": -9.78376988314e-08,
        "var": 2.43644633294e-16
    },
    "spectral_energy": {
        "dmean": 0.0285140890628,
        "dmean2": 0.0420434810221,
        "dvar": 0.00163347704802,
        "dvar2": 0.00392844947055,
        "max": 0.374803811312,
        "mean": 0.0595810525119,
        "median": 0.0401261858642,
        "min": 9.91662569302e-21,
        "var": 0.00360648939386
    },
    "spectral_energyband_high": {
        "dmean": 0.00166922481731,
        "dmean2": 0.00264070089906,
        "dvar": 6.39903328192e-06,
        "dvar2": 1.65031124197e-05,
        "max": 0.0401436761022,
        "mean": 0.00350010418333,
        "median": 0.00239240145311,
        "min": 6.77724181604e-21,
        "var": 1.39153908094e-05
    },
    "spectral_energyband_low": {
        "dmean": 0.0275894720107,
        "dmean2": 0.0409800112247,
        "dvar": 0.00176015426405,
        "dvar2": 0.00437176087871,
        "max": 0.365570753813,
        "mean": 0.0449343211949,
        "median": 0.0227477047592,
        "min": 1.85740487132e-23,
        "var": 0.00332641950808
    },
    "spectral_energyband_middle_high": {
        "dmean": 0.00206745485775,
        "dmean2": 0.00337563687935,
        "dvar": 8.85563895281e-06,
        "dvar2": 2.27134351007e-05,
        "max": 0.0426962859929,
        "mean": 0.0049664946273,
        "median": 0.00401568599045,
        "min": 1.21248219006e-21,
        "var": 1.97512454179e-05
    },
    "spectral_energyband_middle_low": {
        "dmean": 0.00493195699528,
        "dmean2": 0.00850555486977,
        "dvar": 7.54658394726e-05,
        "dvar2": 0.000210561251151,
        "max": 0.0950556993484,
        "mean": 0.00756407575682,
        "median": 0.00507394317538,
        "min": 1.69716229347e-22,
        "var": 7.70944025135e-05
    },
    "spectral_entropy": {
        "dmean": 0.161171004176,
        "dmean2": 0.251100242138,
        "dvar": 0.0389806479216,
        "dvar2": 0.0929617583752,
        "max": 9.82004261017,
        "mean": 8.1094751358,
        "median": 8.15875720978,
        "min": 5.2031211853,
        "var": 0.148245096207
    },
    "spectral_flux": {
        "dmean": 0.0428592972457,
        "dmean2": 0.065200202167,
        "dvar": 0.00274562486447,
        "dvar2": 0.00551720196381,
        "max": 0.517616391182,
        "mean": 0.127464845777,
        "median": 0.107344202697,
        "min": 6.37878708187e-11,
        "var": 0.00740628549829
    },
    "spectral_kurtosis": {
        "dmean": 0.676724135876,
        "dmean2": 1.07307636738,
        "dvar": 0.720421373844,
        "dvar2": 1.82141137123,
        "max": 29.6820602417,
        "mean": 2.11599063873,
        "median": 1.9061665535,
        "min": -1.26924169064,
        "var": 2.85974502563
    },
    "spectral_rms": {
        "dmean": 0.00162753730547,
        "dmean2": 0.00232614343986,
        "dvar": 3.24546954289e-06,
        "dvar2": 7.04099238646e-06,
        "max": 0.0191222969443,
        "mean": 0.00670213485137,
        "median": 0.00625679595396,
        "min": 3.11042706348e-12,
        "var": 1.32090635816e-05
    },
    "spectral_rolloff": {
        "dmean": 1203.23474121,
        "dmean2": 1989.84594727,
        "dvar": 2524973.25,
        "dvar2": 5425176.5,
        "max": 19659.8144531,
        "mean": 2099.66235352,
        "median": 1227.39257812,
        "min": 43.06640625,
        "var": 6585249.5
    },
    "spectral_skewness": {
        "dmean": 0.140364944935,
        "dmean2": 0.223438128829,
        "dvar": 0.0223713442683,
        "dvar2": 0.053748331964,
        "max": 4.41933012009,
        "mean": 1.12580764294,
        "median": 1.1251437664,
        "min": -0.0964783132076,
        "var": 0.109032303095
    },
    "spectral_spread": {
        "dmean": 680407.3125,
        "dmean2": 1037742.25,
        "dvar": 657206149120,
        "dvar2": 1.38444223283e+12,
        "max": 42225048,
        "mean": 6456096.5,
        "median": 6226253,
        "min": 1513510.375,
        "var": 1.00945876746e+13
    },
    "spectral_strongpeak": {
        "dmean": 0.294305384159,
        "dmean2": 0.492229104042,
        "dvar": 0.186047896743,
        "dvar2": 0.464245170355,
        "max": 7.14126014709,
        "mean": 0.500060558319,
        "median": 0.372765988111,
        "min": 0,
        "var": 0.249266907573
    },
    "zerocrossingrate": {
        "dmean": 0.0191811770201,
        "dmean2": 0.0226111002266,
        "dvar": 0.000371311965864,
        "dvar2": 0.000481656985357,
        "max": 0.8642578125,
        "mean": 0.0836143344641,
        "median": 0.07373046875,
        "min": 0.0009765625,
        "var": 0.00337101030163
    },
    "barkbands": {
        "dmean": [0.00177153933328, 0.0216771811247, 0.00826309714466, 0.00274124322459, 0.00151408382226, 0.000761508475989, 0.000538862892427, 0.000405144877732, 0.000544482318219, 0.000363710656529, 0.00035852266592, 0.00035092185135, 0.00029894412728, 0.000259211985394, 0.000264881993644, 0.000295317120617, 0.000291721720714, 0.000317402009387, 0.000392022746382, 0.000350974907633, 0.000344798172591, 0.000311203300953, 0.000393850990804, 0.000331870658556, 0.000267190043814, 8.86601119419e-05, 2.15518975892e-05],
        "dmean2": [0.00194550654851, 0.0326582938433, 0.0143726347014, 0.00491854455322, 0.00259699160233, 0.00127450586297, 0.000908052490558, 0.000659935350996, 0.000872100528795, 0.000583916087635, 0.000582084525377, 0.000580280146096, 0.000502454291563, 0.000433652865468, 0.000442596501671, 0.000503258022945, 0.000499232206494, 0.000548091891687, 0.000680355180521, 0.000611860712525, 0.000610259012319, 0.000522289949004, 0.000621152867097, 0.000524351547938, 0.000395433482481, 0.000134056594106, 3.6464749428e-05],
        "dvar": [9.54830102273e-06, 0.00125579745509, 0.00041956329369, 3.02916851069e-05, 1.07078476503e-05, 2.54897781815e-06, 1.38296195473e-06, 6.74913792409e-07, 9.77601075647e-07, 5.97800749347e-07, 5.99013219471e-07, 5.50156016743e-07, 3.10407216375e-07, 2.01944985179e-07, 1.95196491859e-07, 2.45871461857e-07, 1.8857137718e-07, 2.37350732846e-07, 3.80223099228e-07, 3.04147249608e-07, 3.5755417116e-07, 2.22325127197e-07, 3.61872849908e-07, 3.42020058497e-07, 2.10542054901e-07, 2.17494893207e-08, 1.90063875749e-09],
        "dvar2": [1.0405186913e-05, 0.00321593717672, 0.00114025908988, 8.55053367559e-05, 2.85284568236e-05, 6.66911000735e-06, 3.59222894986e-06, 1.67147163666e-06, 2.31432659348e-06, 1.41962493672e-06, 1.47379819282e-06, 1.3134637129e-06, 8.5366212943e-07, 5.23608093772e-07, 4.87867282573e-07, 6.6614387606e-07, 5.11771645506e-07, 6.5697389573e-07, 1.06535708255e-06, 8.51955235248e-07, 1.03627917269e-06, 6.12890062257e-07, 8.62330864493e-07, 8.65330491706e-07, 4.21919111204e-07, 4.98235515067e-08, 5.11748554644e-09],
        "max": [0.0523766838014, 0.315660834312, 0.160329341888, 0.048832539469, 0.0685482248664, 0.039275046438, 0.0259439628571, 0.0174399577081, 0.0230166707188, 0.0162155628204, 0.0195612832904, 0.0209518484771, 0.0114791523665, 0.0082836849615, 0.00915345549583, 0.0110189430416, 0.00721173267812, 0.00959571450949, 0.00880846567452, 0.00844314694405, 0.00961639732122, 0.0143500017002, 0.00931090675294, 0.00757728470489, 0.00731516396627, 0.00339866708964, 0.000750172359403],
        "mean": [0.00345815112814, 0.0333051010966, 0.00688741402701, 0.00250013149343, 0.00158302334603, 0.00111538555939, 0.000756919034757, 0.000578021630645, 0.000851731572766, 0.00051201984752, 0.000500833790284, 0.000501594622619, 0.000422594166594, 0.000384822720662, 0.000394588918425, 0.000443949451437, 0.000448390230304, 0.000500684545841, 0.000663800514303, 0.00062121002702, 0.00057207554346, 0.000611247553024, 0.000721640477423, 0.00056945241522, 0.000449268845841, 0.000197716843104, 2.91950436804e-05],
        "median": [0.000474438158562, 0.0147630823776, 0.00139109697193, 0.000622623076197, 0.000587049522437, 0.000375647068722, 0.00022028395324, 0.000171041028807, 0.000301852240227, 0.000183183277841, 0.000193434942048, 0.000212896222365, 0.000190720587852, 0.000184133765288, 0.000219113600906, 0.000255232182099, 0.000277205836028, 0.000345304142684, 0.000456366920844, 0.000441996700829, 0.000389276916394, 0.00039966678014, 0.000372863607481, 0.000314517383231, 0.000226617587032, 0.000117711431812, 9.44407656789e-06],
        "min": [8.82474782325e-26, 3.85962425223e-24, 8.80579494696e-25, 1.12707515757e-24, 8.81937499023e-24, 2.24647884006e-24, 6.48040082853e-24, 4.53559876749e-24, 1.74247383278e-23, 1.81149979307e-23, 1.41271672153e-23, 2.51280423756e-23, 3.185240475e-23, 2.20262886279e-23, 4.13719079931e-23, 6.9063377546e-23, 7.92747528238e-23, 8.8464736245e-23, 1.51952558509e-22, 1.7668912866e-22, 2.48074464638e-22, 3.12163897472e-22, 3.67742215336e-22, 5.84567337298e-22, 8.43525053203e-22, 1.2248368878e-21, 1.89427328916e-21],
        "var": [4.46228514193e-05, 0.00216703931801, 0.00029962012195, 2.45743703999e-05, 9.87207840808e-06, 4.76845434605e-06, 2.34420690504e-06, 1.34539618557e-06, 2.27869963965e-06, 9.98783661998e-07, 8.68520203312e-07, 8.45142608341e-07, 4.48977800716e-07, 3.93365127138e-07, 2.98256765063e-07, 3.55713666522e-07, 2.8079514891e-07, 3.0342204127e-07, 5.19973809787e-07, 4.46519692332e-07, 4.32277857954e-07, 4.76679844041e-07, 8.3235653392e-07, 5.58486533464e-07, 4.02171394853e-07, 6.31985699329e-08, 2.62906940662e-09]
    },
    "erbbands": {
        "dmean": [0.742174565792, 4.57347154617, 9.95043373108, 8.7585144043, 6.53876066208, 5.05770349503, 4.39830780029, 7.22354364395, 8.05315589905, 7.50885009766, 8.90338611603, 13.1445465088, 11.20662117, 10.430762291, 15.2103052139, 13.0713825226, 13.3502292633, 12.362695694, 13.0913438797, 14.5224256516, 14.2010536194, 16.4058895111, 15.662856102, 22.5532493591, 16.1059379578, 16.4849739075, 14.8527383804, 13.0221824646, 11.4089307785, 11.9441041946, 11.2177839279, 7.53948545456, 5.36674356461, 3.47353053093, 1.65517377853, 0.492320686579, 0.149393931031, 0.0395950563252, 0.00307586300187, 6.30316790193e-05],
        "dmean2": [0.967835962772, 7.35220050812, 16.8152732849, 15.4399089813, 11.2373018265, 8.70196628571, 7.3767580986, 12.1609888077, 13.6499938965, 12.3262434006, 14.6097955704, 21.0468769073, 17.7782306671, 16.8607521057, 24.8663253784, 21.4038295746, 22.2857093811, 20.4966506958, 21.9132671356, 24.3963317871, 24.0937042236, 28.1463775635, 26.786151886, 39.6251220703, 27.5528793335, 28.7399196625, 26.281791687, 22.8527946472, 19.3703079224, 19.3920135498, 17.5295772552, 11.809091568, 8.4944524765, 5.18225240707, 2.46780896187, 0.732302367687, 0.227417394519, 0.0654691979289, 0.00520415045321, 9.9664539448e-05],
        "dvar": [1.48474144936, 75.256690979, 566.77746582, 348.701629639, 178.599838257, 139.960296631, 105.544540405, 256.704742432, 337.811462402, 229.647171021, 339.868347168, 635.802246094, 564.109924316, 395.785400391, 1205.66003418, 673.280761719, 619.036499023, 449.287322998, 416.031097412, 627.487670898, 499.198822021, 627.507202148, 575.667358398, 1503.16027832, 581.45526123, 694.985656738, 700.483032227, 485.796264648, 296.318481445, 328.307067871, 303.549926758, 154.845672607, 96.4673690796, 36.2925682068, 8.08752918243, 0.649280428886, 0.0622684657574, 0.00564279966056, 3.81669524359e-05, 9.18635034708e-09],
        "dvar2": [2.81073069572, 197.768707275, 1491.04846191, 961.624023438, 482.767822266, 366.75982666, 283.727905273, 658.661254883, 906.397583008, 581.715698242, 864.752258301, 1477.09057617, 1292.70837402, 968.61920166, 2929.89550781, 1634.57592773, 1697.13977051, 1161.65783691, 1087.55883789, 1617.85339355, 1358.19665527, 1724.29626465, 1572.50134277, 4288.31298828, 1583.14465332, 1943.0748291, 2035.30712891, 1391.22436523, 819.080566406, 870.736572266, 719.873657227, 382.273529053, 242.695007324, 75.0089187622, 17.1306171417, 1.40058994293, 0.144922554493, 0.0148962251842, 0.000102429148683, 2.36712409674e-08],
        "max": [16.5123348236, 84.0113067627, 190.02545166, 143.109558105, 219.400192261, 309.718505859, 380.168609619, 477.126464844, 350.969726562, 350.207763672, 471.772491455, 681.93536377, 627.659790039, 424.669769287, 997.050415039, 739.037231445, 596.385803223, 421.900390625, 404.040374756, 656.752990723, 438.712341309, 344.785736084, 636.977111816, 401.031402588, 423.110473633, 399.081695557, 401.497833252, 439.541015625, 525.621826172, 350.465881348, 223.330001831, 182.982223511, 123.143096924, 79.5432891846, 54.2639923096, 20.430644989, 5.17964363098, 1.4792457819, 0.0933201983571, 0.00153658899944],
        "mean": [1.34101700783, 5.7884812355, 9.23956012726, 8.05313205719, 6.70716047287, 5.11161565781, 5.73612642288, 10.4107694626, 11.3646278381, 11.388674736, 13.260556221, 20.5337581635, 17.2146492004, 15.5856370926, 21.8653583527, 19.9831027985, 20.0932598114, 19.6587276459, 20.5269298553, 22.8870220184, 23.2543449402, 25.7974319458, 26.1231822968, 35.7706871033, 30.0503292084, 28.7998523712, 23.8250961304, 22.8166713715, 21.5687999725, 22.4896812439, 20.1888885498, 13.591594696, 8.60770225525, 5.7277007103, 2.78691601753, 1.01361334324, 0.333895772696, 0.0735706835985, 0.00431333389133, 0.000152597567649],
        "median": [0.4529697299, 2.46769285202, 2.26101613045, 2.4328918457, 2.0491297245, 1.73171198368, 2.17753720284, 3.22555732727, 3.48278474808, 3.90422010422, 4.86217069626, 7.33167552948, 6.72419548035, 6.95926952362, 8.79284572601, 9.45408916473, 9.91793060303, 10.0134944916, 12.0546216965, 13.8591585159, 15.3335704803, 16.5174102783, 18.4129600525, 23.6451911926, 22.2765617371, 20.319524765, 16.3641090393, 15.4250078201, 14.2286815643, 12.8076200485, 10.1865253448, 7.2131690979, 4.6124048233, 2.80403327942, 1.42569327354, 0.588566184044, 0.196104630828, 0.0386146008968, 0.00140819291119, 0.000114159774967],
        "min": [1.89706621017e-22, 4.3743642286e-22, 3.07515075787e-21, 6.87710529576e-21, 1.57932495755e-20, 2.70384178052e-20, 4.99442735819e-20, 2.77913848072e-20, 1.07667418268e-19, 2.07786205985e-19, 1.68765847594e-19, 3.78866349836e-19, 6.15029516647e-19, 6.57167958207e-19, 6.72799914026e-19, 1.22818402164e-18, 1.60502476125e-18, 2.26091188198e-18, 2.29225127385e-18, 3.52744265265e-18, 3.66004632229e-18, 5.89722701288e-18, 5.50593997746e-18, 6.35138928743e-18, 7.54047010337e-18, 7.78230214572e-18, 8.895457294e-18, 1.08597622675e-17, 1.16537944441e-17, 1.16719973807e-17, 1.00292075852e-17, 1.13447912002e-17, 1.02540857337e-17, 8.37333840982e-18, 5.46623613524e-18, 4.31699978222e-18, 2.39848339158e-18, 9.54276603479e-19, 2.4201058411e-19, 2.45378265797e-20],
        "var": [4.48540592194, 87.7406539917, 447.671264648, 270.640014648, 160.898147583, 130.356735229, 134.509689331, 500.96307373, 518.561645508, 469.276489258, 606.436645508, 1507.04455566, 1040.20776367, 630.176391602, 1739.49597168, 1106.50512695, 921.397583008, 942.507202148, 690.736999512, 988.762023926, 728.779296875, 904.858154297, 807.160583496, 1715.21008301, 981.959655762, 986.608276367, 786.660339355, 664.326904297, 591.933166504, 732.19921875, 662.864807129, 297.645751953, 144.42489624, 67.2367706299, 15.1141500473, 1.74377918243, 0.181728929281, 0.0106006236747, 5.55536862521e-05, 2.31297079267e-08]
    },
    "gfcc": {
        "mean": [29.3211364746, 39.8768081665, -94.9747314453, 49.9232559204, -49.1085777283, 29.3805923462, -28.0010871887, 20.1502952576, -20.2634563446, 9.97651004791, -14.6646080017, 6.27738666534, -13.173075676],
        "cov": [[19892.21875, -648.11517334, -82.7194213867, 946.338562012, -386.129730225, 406.031524658, -373.185089111, 416.023803711, -100.927452087, 285.77432251, -185.11076355, 290.009857178, -273.796600342], [-648.11517334, 906.880981445, -62.4286384583, 33.316028595, 21.0267486572, -80.4810791016, 4.85882472992, -74.1283187866, -70.5140533447, -83.8849334717, -18.0159626007, -93.044960022, 8.93469810486], [-82.7194213867, -62.4286384583, 1124.94189453, 503.663299561, 331.667236328, 133.888931274, 108.514389038, 20.2933712006, 73.7763824463, 1.1564977169, 37.2824020386, 42.5558128357, -7.03829240799], [946.338562012, 33.316028595, 503.663299561, 595.271362305, 189.091079712, 105.512504578, 46.2900619507, -5.50813436508, 35.7056541443, -20.4525375366, -6.56418037415, -1.91498780251, -10.4267930984], [-386.129730225, 21.0267486572, 331.667236328, 189.091079712, 322.155700684, 109.121162415, 137.492431641, 33.0211753845, 51.3488235474, -1.14512753487, 16.8331775665, 4.83138179779, 9.8731136322], [406.031524658, -80.4810791016, 133.888931274, 105.512504578, 109.121162415, 211.91003418, 96.8510665894, 76.3947982788, 40.141960144, 18.5766544342, 7.58191347122, 18.7077274323, 7.51682567596], [-373.185089111, 4.85882472992, 108.514389038, 46.2900619507, 137.492431641, 96.8510665894, 183.853302002, 88.4013824463, 65.3504714966, 16.1231498718, 21.6279163361, -2.0138220787, 13.2270956039], [416.023803711, -74.1283187866, 20.2933712006, -5.50813436508, 33.0211753845, 76.3947982788, 88.4013824463, 163.30480957, 82.6516494751, 60.7257232666, 25.7924518585, 21.2896575928, 1.85256659985], [-100.927452087, -70.5140533447, 73.7763824463, 35.7056541443, 51.3488235474, 40.141960144, 65.3504714966, 82.6516494751, 126.29964447, 69.8282699585, 48.446472168, 18.0600624084, 5.66580343246], [285.77432251, -83.8849334717, 1.1564977169, -20.4525375366, -1.14512753487, 18.5766544342, 16.1231498718, 60.7257232666, 69.8282699585, 111.394699097, 61.9533195496, 42.4421348572, 0.755856513977], [-185.11076355, -18.0159626007, 37.2824020386, -6.56418037415, 16.8331775665, 7.58191347122, 21.6279163361, 25.7924518585, 48.446472168, 61.9533195496, 94.9934692383, 54.3622741699, 20.4060630798], [290.009857178, -93.044960022, 42.5558128357, -1.91498780251, 4.83138179779, 18.7077274323, -2.0138220787, 21.2896575928, 18.0600624084, 42.4421348572, 54.3622741699, 99.3431243896, 40.7505111694], [-273.796600342, 8.93469810486, -7.03829240799, -10.4267930984, 9.8731136322, 7.51682567596, 13.2270956039, 1.85256659985, 5.66580343246, 0.755856513977, 20.4060630798, 40.7505111694, 79.6094284058]],
        "icov": [[0.000118579278933, -3.45283951901e-05, 0.000113395493827, -0.000338221638231, 0.000116550865641, -0.000166762241861, 0.000271469325526, -0.000458802038338, 0.000358518591383, -0.000449887127616, 0.000632968789432, -0.000745976460166, 0.000542648485862], [-3.45283951901e-05, 0.00149515375961, 9.70476103248e-05, -0.000175876324647, -0.000264224712737, 0.000617761223111, -0.000304251676425, -4.86588869535e-05, 0.000917537312489, 0.000672823400237, -0.00174533075187, 0.00229922728613, -0.00107613077853], [0.000113395493827, 9.70476103248e-05, 0.00192715344019, -0.00145858351607, -0.00111488963012, -5.06895739818e-05, 0.000360906065907, -0.000355381023837, -3.31229348376e-05, 0.000168010534253, 0.000159178991453, -0.00160437496379, 0.00123101461213], [-0.000338221638231, -0.000175876324647, -0.00145858351607, 0.00401269085705, -0.000853263074532, -0.000612802046817, 8.53238525451e-05, 0.0018763304688, -0.00215185922571, 0.00173574523069, -0.00111267901957, 0.00206289091147, -0.00127511681058], [0.000116550865641, -0.000264224712737, -0.00111488963012, -0.000853263074532, 0.00694847200066, -0.00126686063595, -0.00407767901197, 0.00144159037154, -0.000423335121013, -0.000423917430453, 0.000974989496171, -0.0010816603899, 0.000459928967757], [-0.000166762241861, 0.000617761223111, -5.06895739818e-05, -0.000612802046817, -0.00126686063595, 0.00807396136224, -0.00290270335972, -0.00181948684622, 0.000962419318967, 0.000185443699593, 7.31647669454e-05, 2.70794935204e-05, -0.000911097740754], [0.000271469325526, -0.000304251676425, 0.000360906065907, 8.53238525451e-05, -0.00407767901197, -0.00290270335972, 0.0139415394515, -0.00621000351384, -0.00150833278894, 0.00209224177524, -0.00160058611073, 0.00169154372998, -0.000749316590372], [-0.000458802038338, -4.86588869535e-05, -0.000355381023837, 0.0018763304688, 0.00144159037154, -0.00181948684622, -0.00621000351384, 0.0154095133767, -0.00698894402012, -0.00217691343278, 0.00168569397647, -0.000185786266229, -0.000510843819939], [0.000358518591383, 0.000917537312489, -3.31229348376e-05, -0.00215185922571, -0.000423335121013, 0.000962419318967, -0.00150833278894, -0.00698894402012, 0.0203608032316, -0.00901417527348, -0.00329192657955, 0.00348807824776, -0.00108499487396], [-0.000449887127616, 0.000672823400237, 0.000168010534253, 0.00173574523069, -0.000423917430453, 0.000185443699593, 0.00209224177524, -0.00217691343278, -0.00901417527348, 0.0242962688208, -0.0117866490036, -0.000792269362137, 0.00219514570199], [0.000632968789432, -0.00174533075187, 0.000159178991453, -0.00111267901957, 0.000974989496171, 7.31647669454e-05, -0.00160058611073, 0.00168569397647, -0.00329192657955, -0.0117866490036, 0.0284324493259, -0.0152704473585, 0.00321487127803], [-0.000745976460166, 0.00229922728613, -0.00160437496379, 0.00206289091147, -0.0010816603899, 2.70794935204e-05, 0.00169154372998, -0.000185786266229, 0.00348807824776, -0.000792269362137, -0.0152704473585, 0.0290684178472, -0.0140464864671], [0.000542648485862, -0.00107613077853, 0.00123101461213, -0.00127511681058, 0.000459928967757, -0.000911097740754, -0.000749316590372, -0.000510843819939, -0.00108499487396, 0.00219514570199, 0.00321487127803, -0.0140464864671, 0.0210780464113]]
    },
    "melbands": {
        "dmean": [0.00607148231938, 0.00531965028495, 0.00146823888645, 0.000407122162869, 0.000156856345711, 0.000157050322741, 0.000119117969007, 8.29794080346e-05, 7.73652500357e-05, 8.3658087533e-05, 5.67005481571e-05, 4.31332773587e-05, 4.86405006086e-05, 4.03300982725e-05, 3.3535197872e-05, 3.12055635732e-05, 2.4191896955e-05, 2.21740920097e-05, 2.1197631213e-05, 2.27049331443e-05, 1.64594475791e-05, 1.83793636097e-05, 1.67390880961e-05, 1.36817543535e-05, 2.03800809686e-05, 1.43451579788e-05, 1.13596006486e-05, 1.21341945487e-05, 1.04257951534e-05, 8.20198420115e-06, 7.69013331592e-06, 6.96099823472e-06, 6.29318174106e-06, 7.38005610401e-06, 7.04808871888e-06, 5.985018106e-06, 4.38876713815e-06, 3.89095021092e-06, 3.55168640453e-06, 2.84255270344e-06],
        "dmean2": [0.00862751714885, 0.00868960656226, 0.00254272832535, 0.000697364564985, 0.000262907589786, 0.000264641246758, 0.000201868868317, 0.000135425158078, 0.000126720042317, 0.000133666369948, 9.01832681848e-05, 6.98217845638e-05, 7.93553917902e-05, 6.64743347443e-05, 5.54058533453e-05, 5.258809324e-05, 4.02964105888e-05, 3.71987953258e-05, 3.54430012521e-05, 3.82641737815e-05, 2.79939376924e-05, 3.14528333547e-05, 2.90435600618e-05, 2.35023690038e-05, 3.59497935278e-05, 2.47050138569e-05, 1.94821095647e-05, 2.10991784115e-05, 1.84902510227e-05, 1.44526993608e-05, 1.35050268e-05, 1.18774987641e-05, 1.05276540125e-05, 1.20031918414e-05, 1.11694007501e-05, 9.50826324697e-06, 6.96397364663e-06, 6.33213767287e-06, 5.46873434359e-06, 4.28917792306e-06],
        "dvar": [9.13805852178e-05, 0.000125894512166, 9.14877182367e-06, 7.52046616981e-07, 1.21066477732e-07, 1.15258892208e-07, 7.13290333465e-08, 2.73527547279e-08, 2.52892995434e-08, 2.72001159374e-08, 1.46963357039e-08, 7.020100945e-09, 1.18549232653e-08, 8.80313066887e-09, 3.81161990859e-09, 3.96241173206e-09, 1.92429028267e-09, 1.27480181966e-09, 1.43204725855e-09, 1.58726065624e-09, 7.00795532715e-10, 8.09993017103e-10, 7.16230574849e-10, 4.11933209765e-10, 1.24854016015e-09, 4.67806404725e-10, 3.08168129903e-10, 3.77824355136e-10, 3.66832647591e-10, 1.80217521462e-10, 1.64732824603e-10, 1.03240763161e-10, 1.05174022269e-10, 1.23276347463e-10, 1.15591564098e-10, 1.00660632607e-10, 5.16479220503e-11, 4.90162042899e-11, 4.06811563602e-11, 2.39049960382e-11],
        "dvar2": [0.000205812000786, 0.000319981627399, 2.49169406743e-05, 1.99817759494e-06, 3.22645774986e-07, 2.9975225857e-07, 1.90872370354e-07, 6.85663934519e-08, 6.36867056869e-08, 6.27578771173e-08, 3.39290231466e-08, 1.72256289233e-08, 2.93053865619e-08, 2.08028385629e-08, 9.72025304691e-09, 1.09682609661e-08, 4.91160578875e-09, 3.38778027853e-09, 3.59851548559e-09, 4.23006962791e-09, 1.90644477982e-09, 2.19435780657e-09, 1.99077687668e-09, 1.1103453712e-09, 3.55719698142e-09, 1.28158494928e-09, 8.30769397719e-10, 1.04095099207e-09, 1.06697961577e-09, 5.07577369024e-10, 4.71260919177e-10, 2.85077766948e-10, 2.91672463959e-10, 3.20686421862e-10, 2.70010042103e-10, 2.556016232e-10, 1.27744689826e-10, 1.26380642063e-10, 9.24374327083e-11, 4.83251737238e-11],
        "max": [0.106962062418, 0.102261699736, 0.0216836538166, 0.0183532517403, 0.0113148223609, 0.00932289194316, 0.00452357484028, 0.00324315275066, 0.00363043160178, 0.00455807801336, 0.00312875653617, 0.00183632760309, 0.00289751612581, 0.00274183228612, 0.00142222410068, 0.00140818033833, 0.000935654621571, 0.000623327447101, 0.000802764086984, 0.000795867294073, 0.000578592123929, 0.00043098180322, 0.000553384539671, 0.00038803985808, 0.000369733519619, 0.000326796784066, 0.000326911220327, 0.000268980162218, 0.000333787698764, 0.000345265638316, 0.000269024283625, 0.000260589731624, 0.000342162500601, 0.000188536389032, 0.000153790359036, 0.000140852978802, 0.000116538438306, 9.01579114725e-05, 8.26053073979e-05, 6.43451494398e-05],
        "mean": [0.0103122051805, 0.0059149581939, 0.00141606596299, 0.000415507005528, 0.000202649098355, 0.000231051395531, 0.000168162136106, 0.000125056540128, 0.000112181740406, 0.000129482112243, 8.39383792481e-05, 6.16955949226e-05, 6.85133418301e-05, 5.87861723034e-05, 4.78608926642e-05, 4.30955296906e-05, 3.61567545042e-05, 3.2470736187e-05, 3.06659749185e-05, 3.33203606715e-05, 2.51393103099e-05, 2.73374735116e-05, 2.41484376602e-05, 2.25050771405e-05, 3.01376021525e-05, 2.38421125687e-05, 1.94627955352e-05, 1.94788117369e-05, 1.53705386765e-05, 1.33537514557e-05, 1.28967139972e-05, 1.23957106553e-05, 1.15100738185e-05, 1.29931449919e-05, 1.21189632409e-05, 9.95894697553e-06, 7.67399887991e-06, 6.00664043304e-06, 5.49879860046e-06, 4.60964065496e-06],
        "median": [0.00430551124737, 0.00227181054652, 0.000449231883977, 0.00014051690232, 7.90543999756e-05, 7.29329913156e-05, 5.11071229994e-05, 3.96747673221e-05, 3.88838561776e-05, 4.37583221355e-05, 3.08950948238e-05, 2.50245375355e-05, 2.77992094198e-05, 2.4324601327e-05, 2.12134727917e-05, 1.75528984983e-05, 1.65500659932e-05, 1.7580407075e-05, 1.62163032655e-05, 1.78113314178e-05, 1.59579503816e-05, 1.627940037e-05, 1.54575336637e-05, 1.56354108185e-05, 1.87506466318e-05, 1.60679828696e-05, 1.34042738864e-05, 1.24482585306e-05, 9.95948721538e-06, 8.873202205e-06, 8.44580063131e-06, 7.97260781837e-06, 6.80010271026e-06, 7.05430375092e-06, 5.95905567025e-06, 4.82184304929e-06, 4.12598046751e-06, 3.19984678754e-06, 2.74283752333e-06, 2.13607609112e-06],
        "min": [1.96054318876e-24, 1.54891418791e-24, 2.20464771562e-24, 1.72564703524e-24, 1.4853560592e-24, 5.32704062838e-25, 1.59969464349e-24, 2.49562635748e-24, 1.34530346903e-24, 2.60868452191e-24, 2.96718985446e-24, 2.78368365018e-24, 1.75286589191e-24, 2.31031504223e-24, 2.29880851985e-24, 3.26873903523e-24, 3.65396742538e-24, 3.27773895208e-24, 3.3544554779e-24, 4.15484479639e-24, 3.55121750362e-24, 5.36258058709e-24, 4.44977425087e-24, 3.84127337543e-24, 4.08762753638e-24, 4.39878859285e-24, 4.46231398382e-24, 4.45042190568e-24, 4.30457375165e-24, 5.34728299642e-24, 5.31727591088e-24, 5.45344000843e-24, 4.67145047613e-24, 5.44130338341e-24, 4.74262900118e-24, 4.65485205382e-24, 6.54454429202e-24, 6.49958513688e-24, 6.11753348959e-24, 6.05800841227e-24],
        "var": [0.000218556961045, 0.000122645753436, 7.52986579755e-06, 6.82620679981e-07, 1.50903503027e-07, 2.18880771286e-07, 1.10309287038e-07, 5.91696718288e-08, 4.58518130131e-08, 6.35589216813e-08, 2.66342681243e-08, 1.08848707825e-08, 1.68569744829e-08, 1.33869759722e-08, 6.21554896441e-09, 5.52012258126e-09, 3.87462595342e-09, 1.98390237571e-09, 2.08494621567e-09, 2.39599540208e-09, 9.38461308664e-10, 1.16805209949e-09, 8.48680514753e-10, 6.03497696261e-10, 1.36743460999e-09, 7.06054825717e-10, 4.99685126609e-10, 5.35271271751e-10, 3.76463304974e-10, 2.45633485774e-10, 2.20142654106e-10, 1.94384938701e-10, 2.03278865962e-10, 2.63327637473e-10, 2.47529802211e-10, 1.77202558183e-10, 9.73873828802e-11, 7.05444314075e-11, 6.52057366435e-11, 4.46376095808e-11]
    },
    "mfcc": {
        "mean": [-612.519470215, 69.8882293701, 16.2502307892, 28.7715606689, 11.4191923141, 14.4307260513, 9.77074432373, 12.7931528091, 5.8616938591, 7.77549219131, 4.62580680847, 4.19985532761, 3.68394684792],
        "cov": [[9964.22949219, -64.1320571899, 196.229064941, 371.458953857, 172.522216797, 29.4823875427, -54.9361763, 98.2656936646, -16.9220142365, 146.838867188, 82.7905426025, 8.48800945282, 51.6354446411], [-64.1320571899, 706.173522949, -27.2440624237, 42.6147956848, -10.9782152176, -25.8640060425, 33.337436676, -24.8289299011, -4.98118495941, -37.3736763, -27.4004383087, -15.3815107346, -26.1124744415], [196.229064941, -27.2440624237, 679.935852051, 355.417022705, 246.542221069, 165.333618164, 80.0981445312, 90.8887252808, 19.5739917755, 30.2041759491, 17.6588363647, 26.3911170959, 19.0611190796], [371.458953857, 42.6147956848, 355.417022705, 475.532287598, 217.156600952, 148.759017944, 64.0601959229, 61.2306900024, 20.935043335, 23.5430984497, 9.44587135315, 4.04328155518, 2.23345136642], [172.522216797, -10.9782152176, 246.542221069, 217.156600952, 239.031890869, 142.567840576, 79.5470275879, 72.1672515869, 37.6534767151, 29.0898933411, 25.0962505341, 14.951921463, 13.4049730301], [29.4823875427, -25.8640060425, 165.333618164, 148.759017944, 142.567840576, 188.629364014, 91.7986068726, 69.1137924194, 38.8262939453, 17.0750370026, 12.9755964279, 10.2920885086, 6.43213653564], [-54.9361763, 33.337436676, 80.0981445312, 64.0601959229, 79.5470275879, 91.7986068726, 142.61579895, 90.7423858643, 60.3357658386, 35.3085327148, 23.1395606995, 17.1195335388, 11.4282608032], [98.2656936646, -24.8289299011, 90.8887252808, 61.2306900024, 72.1672515869, 69.1137924194, 90.7423858643, 131.233032227, 74.5306854248, 52.7670135498, 32.5937919617, 14.6413211823, 13.1122407913], [-16.9220142365, -4.98118495941, 19.5739917755, 20.935043335, 37.6534767151, 38.8262939453, 60.3357658386, 74.5306854248, 104.570838928, 69.0854568481, 35.3666152954, 15.4570455551, 7.79618358612], [146.838867188, -37.3736763, 30.2041759491, 23.5430984497, 29.0898933411, 17.0750370026, 35.3085327148, 52.7670135498, 69.0854568481, 111.090431213, 66.661239624, 28.2488651276, 14.8729505539], [82.7905426025, -27.4004383087, 17.6588363647, 9.44587135315, 25.0962505341, 12.9755964279, 23.1395606995, 32.5937919617, 35.3666152954, 66.661239624, 101.016952515, 60.5425796509, 26.5685119629], [8.48800945282, -15.3815107346, 26.3911170959, 4.04328155518, 14.951921463, 10.2920885086, 17.1195335388, 14.6413211823, 15.4570455551, 28.2488651276, 60.5425796509, 91.1631469727, 54.3619842529], [51.6354446411, -26.1124744415, 19.0611190796, 2.23345136642, 13.4049730301, 6.43213653564, 11.4282608032, 13.1122407913, 7.79618358612, 14.8729505539, 26.5685119629, 54.3619842529, 83.0616912842]],
