{
"lowlevel": {
    "average_loudness": 0.828412771225,
    "barkbands_crest": {
        "dmean": 2.65408110619,
        "dmean2": 4.00524425507,
        "dvar": 7.69900751114,
        "dvar2": 16.7999286652,
        "max": 26.7899894714,
        "mean": 15.7545871735,
        "median": 16.6792564392,
        "min": 2.08226752281,
        "var": 42.2342453003
    },
    "barkbands_flatness_db": {
        "dmean": 0.0307535920292,
        "dmean2": 0.0420885644853,
        "dvar": 0.00125715800095,
        "dvar2": 0.00228746444918,
        "max": 0.629089891911,
        "mean": 0.168930575252,
        "median": 0.149721994996,
        "min": 0.0171816237271,
        "var": 0.00819663424045
    },
    "barkbands_kurtosis": {
        "dmean": 12.5299568176,
        "dmean2": 16.3698940277,
        "dvar": 1158.11315918,
        "dvar2": 2090.07128906,
        "max": 1103.21655273,
        "mean": 22.5882472992,
        "median": 3.19753932953,
        "min": -1.92252719402,
        "var": 3678.16650391
    },
    "barkbands_skewness": {
        "dmean": 1.02322089672,
        "dmean2": 1.38201165199,
        "dvar": 2.05981016159,
        "dvar2": 3.42511343956,
        "max": 28.1838359833,
        "mean": 2.87523317337,
        "median": 1.97796821594,
        "min": -2.92260026932,
        "var": 11.4880046844
    },
    "barkbands_spread": {
        "dmean": 7.86426877975,
        "dmean2": 12.0778875351,
        "dvar": 99.7589797974,
        "dvar2": 226.90335083,
        "max": 104.721488953,
        "mean": 25.1561260223,
        "median": 22.5891628265,
        "min": 0.105330243707,
        "var": 321.290771484
    },
    "dissonance": {
        "dmean": 0.0169575084001,
        "dmean2": 0.0281124021858,
        "dvar": 0.000359195139026,
        "dvar2": 0.000932395807467,
        "max": 0.5,
        "mean": 0.469834655523,
        "median": 0.479221463203,
        "min": 0.188957199454,
        "var": 0.000991965294816
    },
    "dynamic_complexity": 3.04317069054,
    "erbbands_crest": {
        "dmean": 2.73075199127,
        "dmean2": 4.35203170776,
        "dvar": 7.55068826675,
        "dvar2": 17.3779888153,
        "max": 32.0804405212,
        "mean": 9.16552639008,
        "median": 7.78920221329,
        "min": 2.35072994232,
        "var": 25.2182826996
    },
    "erbbands_flatness_db": {
        "dmean": 0.0164155997336,
        "dmean2": 0.0242691114545,
        "dvar": 0.000352692703018,
        "dvar2": 0.000762403244153,
        "max": 0.548780500889,
        "mean": 0.144267573953,
        "median": 0.118981748819,
        "min": 0.0542168058455,
        "var": 0.00562945799902
    },
    "erbbands_kurtosis": {
        "dmean": 0.868105888367,
        "dmean2": 1.39488244057,
        "dvar": 2.00982499123,
        "dvar2": 5.02683830261,
        "max": 56.1342544556,
        "mean": 0.293687909842,
        "median": -0.0486707687378,
        "min": -1.82682085037,
        "var": 3.15751957893
    },
    "erbbands_skewness": {
        "dmean": 0.3931004107,
        "dmean2": 0.58604323864,
        "dvar": 0.186970829964,
        "dvar2": 0.402837783098,
        "max": 6.05466842651,
        "mean": 0.067165248096,
        "median": -0.0367966927588,
        "min": -4.36883687973,
        "var": 0.636092305183
    },
    "erbbands_spread": {
        "dmean": 10.0687160492,
        "dmean2": 15.7895374298,
        "dvar": 169.777786255,
        "dvar2": 404.493927002,
        "max": 154.489776611,
        "mean": 45.0203056335,
        "median": 42.116558075,
        "min": 1.32656431198,
        "var": 516.116027832
    },
    "hfc": {
        "dmean": 13.26197052,
        "dmean2": 20.315202713,
        "dvar": 404.848022461,
        "dvar2": 985.678649902,
        "max": 245.562942505,
        "mean": 37.4785194397,
        "median": 25.3187904358,
        "min": 1.15519663601e-16,
        "var": 1123.90771484
    },
    "melbands_crest": {
        "dmean": 3.23928833008,
        "dmean2": 4.91960954666,
        "dvar": 12.9850540161,
        "dvar2": 29.1322040558,
        "max": 38.4619293213,
        "mean": 22.7368774414,
        "median": 23.9832038879,
        "min": 2.30734968185,
        "var": 83.617980957
    },
    "melbands_flatness_db": {
        "dmean": 0.0375423021615,
        "dmean2": 0.051315292716,
        "dvar": 0.00205841264687,
        "dvar2": 0.00388726126403,
        "max": 0.768646538258,
        "mean": 0.23115067184,
        "median": 0.217010200024,
        "min": 0.00611409312114,
        "var": 0.0122572518885
    },
    "melbands_kurtosis": {
        "dmean": 27.6035022736,
        "dmean2": 38.4846496582,
        "dvar": 3415.59667969,
        "dvar2": 5739.72167969,
        "max": 787.585388184,
        "mean": 58.8774604797,
        "median": 16.5241603851,
        "min": -1.91096639633,
        "var": 12601.9951172
    },
    "melbands_skewness": {
        "dmean": 1.35678577423,
        "dmean2": 1.93409454823,
        "dvar": 3.23355221748,
        "dvar2": 5.9396648407,
        "max": 23.7686634064,
        "mean": 4.88636064529,
        "median": 3.79288721085,
        "min": -1.17291259766,
        "var": 17.6460361481
    },
    "melbands_spread": {
        "dmean": 8.95416164398,
        "dmean2": 13.763961792,
        "dvar": 156.450088501,
        "dvar2": 350.257446289,
        "max": 216.737915039,
        "mean": 23.3215370178,
        "median": 16.4646244049,
        "min": 0.264902681112,
        "var": 493.720977783
    },
    "pitch_salience": {
        "dmean": 0.0773990824819,
        "dmean2": 0.115366473794,
        "dvar": 0.00698605040088,
        "dvar2": 0.0137002784759,
        "max": 0.882859289646,
        "mean": 0.358805894852,
        "median": 0.360019803047,
        "min": 0.0194490887225,
        "var": 0.0318303592503
    },
    "silence_rate_20dB": {
        "dmean": 0,
        "dmean2": 0,
        "dvar": 0,
        "dvar2": 0,
        "max": 1,
        "mean": 1,
        "median": 1,
        "min": 1,
        "var": 0
    },
    "silence_rate_30dB": {
        "dmean": 0.0987320393324,
        "dmean2": 0.197480767965,
        "dvar": 0.088988289237,
        "dvar2": 0.188735276461,
        "max": 1,
        "mean": 0.656495630741,
        "median": 1,
        "min": 0,
        "var": 0.225509092212
    },
    "silence_rate_60dB": {
        "dmean": 0.0209636520594,
        "dmean2": 0.0419308468699,
        "dvar": 0.0205270219594,
        "dvar2": 0.0439016669989,
        "max": 1,
        "mean": 0.0780999064445,
        "median": 0,
        "min": 0,
        "var": 0.072004660964
    },
    "spectral_centroid": {
        "dmean": 361.334960938,
        "dmean2": 540.323425293,
        "dvar": 193244.296875,
        "dvar2": 414792.28125,
        "max": 11103.3496094,
        "mean": 1987.61425781,
        "median": 2142.29638672,
        "min": 130.954483032,
        "var": 733506.6875
    },
    "spectral_complexity": {
        "dmean": 5.75908708572,
        "dmean2": 8.84436511993,
        "dvar": 54.4466552734,
        "dvar2": 118.948982239,
        "max": 62,
        "mean": 22.3389396667,
        "median": 20,
        "min": 0,
        "var": 210.552810669
    },
    "spectral_decrease": {
        "dmean": 5.15588194361e-09,
        "dmean2": 7.28073645817e-09,
        "dvar": 5.39402128253e-17,
        "dvar2": 1.18024419435e-16,
        "max": -4.24113456674e-29,
        "mean": -1.86721749174e-08,
        "median": -1.39992337722e-08,
        "min": -8.1411087649e-08,
        "var": 2.87830106988e-16
    },
    "spectral_energy": {
        "dmean": 0.0200684405863,
        "dmean2": 0.0283804219216,
        "dvar": 0.00077667349251,
        "dvar2": 0.00170351623092,
        "max": 0.309417307377,
        "mean": 0.0738724768162,
        "median": 0.0569318532944,
        "min": 1.06380580497e-20,
        "var": 0.00424740137532
    },
    "spectral_energyband_high": {
        "dmean": 0.00123186479323,
        "dmean2": 0.00189540453721,
        "dvar": 4.54520386484e-06,
        "dvar2": 1.12679153972e-05,
        "max": 0.0239712633193,
        "mean": 0.00274625793099,
        "median": 0.0013954944443,
        "min": 7.49737120172e-21,
        "var": 1.08598887891e-05
    },
    "spectral_energyband_low": {
        "dmean": 0.0177007671446,
        "dmean2": 0.0243682023138,
        "dvar": 0.000763405987527,
        "dvar2": 0.00163723190781,
        "max": 0.303353786469,
        "mean": 0.0593426041305,
        "median": 0.0401067845523,
        "min": 1.07486425657e-22,
        "var": 0.00399932730943
    },
    "spectral_energyband_middle_high": {
        "dmean": 0.00290062651038,
        "dmean2": 0.00466472515836,
        "dvar": 1.97383069462e-05,
        "dvar2": 4.9681548262e-05,
        "max": 0.0517111718655,
        "mean": 0.00662548979744,
        "median": 0.00511527853087,
        "min": 1.71406141062e-21,
        "var": 3.87825202779e-05
    },
    "spectral_energyband_middle_low": {
        "dmean": 0.00330847199075,
        "dmean2": 0.0053727007471,
        "dvar": 5.17055414093e-05,
        "dvar2": 0.000138502728078,
        "max": 0.0855489969254,
        "mean": 0.00560798170045,
        "median": 0.00300448690541,
        "min": 3.67594464844e-22,
        "var": 5.60944754397e-05
    },
    "spectral_entropy": {
        "dmean": 0.186433807015,
        "dmean2": 0.268360108137,
        "dvar": 0.0677298530936,
        "dvar2": 0.131550341845,
        "max": 9.78776836395,
        "mean": 7.75584459305,
        "median": 7.9586596489,
        "min": 3.850222826,
        "var": 0.43770813942
    },
    "spectral_flux": {
        "dmean": 0.0310198049992,
        "dmean2": 0.0459880419075,
        "dvar": 0.00121622881852,
        "dvar2": 0.00251386268064,
        "max": 0.369168609381,
        "mean": 0.103736326098,
        "median": 0.0897395759821,
        "min": 1.0314096105e-10,
        "var": 0.00427972804755
    },
    "spectral_kurtosis": {
        "dmean": 2.71580338478,
        "dmean2": 4.28851985931,
        "dvar": 336.23425293,
        "dvar2": 724.578063965,
        "max": 681.719543457,
        "mean": 6.19684696198,
        "median": 2.63257551193,
        "min": -1.19975352287,
        "var": 722.397583008
    },
    "spectral_rms": {
        "dmean": 0.00114237517118,
        "dmean2": 0.00155464105774,
        "dvar": 1.73962598637e-06,
        "dvar2": 3.82677308153e-06,
        "max": 0.0173744224012,
        "mean": 0.00743096647784,
        "median": 0.00745273567736,
        "min": 3.22158250597e-12,
        "var": 1.68514470715e-05
    },
    "spectral_rolloff": {
        "dmean": 679.747070312,
        "dmean2": 1122.5703125,
        "dvar": 1177871.25,
        "dvar2": 2462222.5,
        "max": 18647.7539062,
        "mean": 1641.04162598,
        "median": 882.861328125,
        "min": 43.06640625,
        "var": 3671435.5
    },
    "spectral_skewness": {
        "dmean": 0.237083122134,
        "dmean2": 0.369907975197,
        "dvar": 0.465382456779,
        "dvar2": 0.963656723499,
        "max": 20.682062149,
        "mean": 1.49560773373,
        "median": 1.27459025383,
        "min": -0.840769648552,
        "var": 1.5345993042
    },
    "spectral_spread": {
        "dmean": 638974.5625,
        "dmean2": 965101.1875,
        "dvar": 665328615424,
        "dvar2": 1.41755809792e+12,
        "max": 40319656,
        "mean": 5441733.5,
        "median": 5554642,
        "min": 119487.445312,
        "var": 2.63855249818e+12
    },
    "spectral_strongpeak": {
        "dmean": 0.382867574692,
        "dmean2": 0.621967256069,
        "dvar": 0.595979034901,
        "dvar2": 1.59040379524,
        "max": 18.5843524933,
        "mean": 0.966960966587,
        "median": 0.740674495697,
        "min": 0,
        "var": 0.933468639851
    },
    "zerocrossingrate": {
        "dmean": 0.0135257616639,
        "dmean2": 0.0148618873209,
        "dvar": 0.000248371565249,
        "dvar2": 0.00025873692357,
        "max": 0.8369140625,
        "mean": 0.0660707950592,
        "median": 0.0546875,
        "min": 0.001953125,
        "var": 0.00236985529773
    },
    "barkbands": {
        "dmean": [0.00130510842428, 0.0173141267151, 0.0029773095157, 0.000895161996596, 0.00132615293842, 0.000616490491666, 0.000266400544206, 0.000283864676021, 0.000982994912192, 0.000595108838752, 0.000349450216163, 0.000643337494694, 0.000532818725333, 0.000422196928412, 0.000372090755263, 0.000429677718785, 0.000291997246677, 0.000285498157609, 0.000354179006536, 0.000332864117809, 0.000416033813963, 0.000310780160362, 0.000228490796871, 0.000156622729264, 0.000151171698235, 8.68619827088e-05, 1.78361260623e-05],
        "dmean2": [0.00162960763555, 0.0239628758281, 0.00411672424525, 0.00163853482809, 0.00234163366258, 0.000959597993642, 0.000404021207942, 0.000429514824646, 0.00149206619244, 0.000941804319154, 0.000568346644286, 0.00103062950075, 0.00088973774109, 0.000691337510943, 0.00060877634678, 0.000731178617571, 0.000486109551275, 0.00048148073256, 0.000596650410444, 0.000559503503609, 0.000695914670359, 0.000518852262758, 0.000372157228412, 0.000235784304095, 0.000219120192924, 0.000126384140458, 2.78232892015e-05],
        "dvar": [5.2256714298e-06, 0.00083736673696, 6.72606547596e-05, 8.72361124493e-06, 3.70465313608e-05, 2.43125441557e-06, 4.22967588065e-07, 5.93107642999e-07, 4.45274326921e-06, 2.00763724933e-06, 9.04040007299e-07, 2.17906858779e-06, 1.82475162092e-06, 6.44885119527e-07, 5.91742150391e-07, 6.90416925408e-07, 2.25555496058e-07, 2.34196178894e-07, 3.95800981323e-07, 3.84031835665e-07, 6.63712285132e-07, 3.21992359886e-07, 1.46333988482e-07, 6.52679474911e-08, 6.97766111557e-08, 2.18239950556e-08, 1.21028531641e-09],
        "dvar2": [8.70091662364e-06, 0.00167693383992, 0.000123787642224, 2.56458897638e-05, 0.000106365674583, 5.9390649767e-06, 8.85561973973e-07, 1.11677422865e-06, 9.5161040008e-06, 4.61089166492e-06, 2.1551422833e-06, 5.35311846761e-06, 4.79338086734e-06, 1.64962682447e-06, 1.52207712745e-06, 1.88389981304e-06, 5.55831832116e-07, 6.18920239503e-07, 1.06234597297e-06, 1.01219927728e-06, 1.74979834355e-06, 8.65677918682e-07, 3.79036521281e-07, 1.49693732965e-07, 1.36712728249e-07, 4.312631674e-08, 2.77414158312e-09],
        "max": [0.0444625206292, 0.296782940626, 0.0858614295721, 0.0300082974136, 0.0802000686526, 0.0317809469998, 0.0152428550646, 0.0165375899523, 0.045069642365, 0.0303559787571, 0.0229371991009, 0.0313731767237, 0.0280187819153, 0.0145715707913, 0.0299362130463, 0.0284669734538, 0.0111403800547, 0.0074213068001, 0.00736728170887, 0.00782841164619, 0.010522861965, 0.00604136707261, 0.00573252188042, 0.00390474009328, 0.00363606773317, 0.00222594593652, 0.000621630111709],
        "mean": [0.00423572445288, 0.0511033050716, 0.00361591507681, 0.000787257682532, 0.00125482073054, 0.00109260273166, 0.000447402911959, 0.000429748120951, 0.00148661597632, 0.000864791625645, 0.000518566172104, 0.00112507434096, 0.000687315012328, 0.000609029200859, 0.000575053854845, 0.000577649916522, 0.000463179516373, 0.00043175945757, 0.000552193145268, 0.000524197821505, 0.000636758748442, 0.000520772417076, 0.000435428548371, 0.00035847138497, 0.00032086650026, 0.000191742932657, 2.61635141214e-05],
        "median": [0.000626708730124, 0.0250265561044, 0.00013193806808, 8.73339304235e-05, 0.00028257293161, 0.000300321960822, 0.000114158829092, 0.000100255369034, 0.00045246083755, 0.000257512147073, 0.000118553070934, 0.000253849604633, 0.000249347998761, 0.000264842004981, 0.000286007998511, 0.000297112215776, 0.000249662203714, 0.000253184058238, 0.000330896727974, 0.000289149873424, 0.000302410364384, 0.000251035497058, 0.000183077849215, 0.000136683505843, 0.00011033701594, 7.38934686524e-05, 7.44936369301e-06],
        "min": [1.81680709147e-23, 6.72803310192e-23, 5.11705473009e-24, 4.07670410054e-23, 3.30060917357e-23, 1.29807677266e-23, 3.22354598283e-23, 6.82246984969e-23, 1.7383876595e-22, 1.02554524075e-22, 6.28316098976e-23, 6.91877714444e-23, 8.05906359226e-23, 1.28050754657e-22, 2.01891820943e-22, 1.9932196455e-22, 2.01594111149e-22, 1.95751870393e-22, 2.54519395125e-22, 4.3475050925e-22, 3.91155960413e-22, 4.39607822455e-22, 7.0655229433e-22, 7.48468803493e-22, 1.22648539252e-21, 1.44404429396e-21, 2.47494176032e-21],
        "var": [4.65333578177e-05, 0.00358272157609, 0.000101773919596, 5.70203792449e-06, 2.42790792981e-05, 5.70062684346e-06, 1.39550695621e-06, 1.49120796777e-06, 8.80460174812e-06, 3.32806462211e-06, 1.95457732843e-06, 5.39520988241e-06, 2.01198668037e-06, 9.20618163036e-07, 8.33678257095e-07, 7.68482664171e-07, 3.97874799773e-07, 3.11553009169e-07, 5.00508690493e-07, 5.20744265486e-07, 8.75738635386e-07, 5.02931641222e-07, 3.3794032106e-07, 2.40068516177e-07, 2.02366706503e-07, 6.67862991577e-08, 2.54309640013e-09]
    },
    "erbbands": {
        "dmean": [0.749345958233, 3.23278617859, 3.58969044685, 3.53688216209, 3.12703704834, 5.58219814301, 2.51316213608, 6.56693649292, 4.52697944641, 4.65874052048, 6.66888999939, 18.5680332184, 20.9558410645, 17.4825878143, 19.6589794159, 19.6581554413, 21.9304065704, 22.2643566132, 19.243516922, 18.4901676178, 25.6281166077, 15.9349889755, 15.6407566071, 15.9418516159, 16.5853767395, 16.0707263947, 17.9218235016, 14.1128015518, 12.2750196457, 8.86144638062, 5.64215707779, 3.49397063255, 2.86810684204, 1.86053478718, 1.02509558201, 0.462729334831, 0.142035290599, 0.0331322215497, 0.00271787238307, 5.74116929783e-05],
        "dmean2": [0.955084085464, 4.47496032715, 4.6251373291, 5.97220897675, 5.49986171722, 9.89190578461, 4.07844877243, 10.1908922195, 6.96644496918, 6.83397483826, 10.1029195786, 28.1907234192, 32.1758613586, 27.6458568573, 31.2847499847, 31.6170158386, 36.2444343567, 36.4261627197, 30.940196991, 30.9201488495, 43.5631561279, 26.8283691406, 26.1569042206, 26.7200927734, 27.9162807465, 26.9237194061, 29.9372959137, 23.5288009644, 20.5546779633, 14.7653608322, 9.00012302399, 5.44242048264, 4.35397863388, 2.74276351929, 1.51467895508, 0.682274758816, 0.209797635674, 0.0487155020237, 0.00426069134846, 8.38024861878e-05],
        "dvar": [1.50864064693, 36.6010475159, 75.5771713257, 126.284744263, 108.291442871, 753.849182129, 29.7851886749, 306.586425781, 115.746604919, 132.130096436, 229.598327637, 1696.50378418, 1891.5435791, 1764.69873047, 1726.52746582, 1807.65441895, 3325.42626953, 2429.87475586, 2066.46655273, 1113.59912109, 2739.04199219, 613.780334473, 635.566650391, 754.81640625, 939.688659668, 933.865112305, 1388.90551758, 739.959106445, 524.952087402, 253.323303223, 89.1963348389, 33.6285438538, 25.043844223, 10.5920476913, 3.19307804108, 0.626417458057, 0.0543409734964, 0.00340562756173, 2.87500024569e-05, 6.72036426508e-09],
        "dvar2": [2.72510504723, 71.8489303589, 115.124855042, 348.957336426, 308.760528564, 2145.29467773, 75.5516815186, 750.813903809, 256.450744629, 247.426361084, 470.015228271, 3612.67431641, 4312.73974609, 3951.32202148, 4306.12646484, 4433.50537109, 8709.71777344, 6077.99121094, 5173.17773438, 2978.55175781, 7458.78320312, 1582.5949707, 1666.09973145, 2045.51757812, 2514.46118164, 2444.22143555, 3564.80419922, 1974.35827637, 1427.48950195, 679.635375977, 223.801986694, 83.5310440063, 60.0712547302, 21.5089817047, 6.47493124008, 1.2705527544, 0.11086037755, 0.00714426394552, 6.63692044327e-05, 1.44090765986e-08],
        "max": [13.4319868088, 68.2481460571, 99.8817901611, 117.7915802, 128.258163452, 360.578735352, 88.0598907471, 374.290588379, 267.708618164, 396.979888916, 302.802520752, 982.006591797, 961.422058105, 1249.72131348, 787.969787598, 933.898132324, 1324.04602051, 1083.40368652, 1911.3380127, 919.940368652, 1875.66516113, 452.46887207, 325.134307861, 366.597290039, 476.517303467, 449.484710693, 707.54486084, 480.84262085, 261.476989746, 165.127243042, 153.583816528, 86.7199783325, 97.4237442017, 45.7814979553, 24.3210544586, 9.27355194092, 3.95459604263, 0.949743390083, 0.109349057078, 0.00173981091939],
        "mean": [2.21029901505, 8.40705394745, 5.96466064453, 3.44319701195, 3.20087480545, 4.67856693268, 3.43988227844, 11.5842685699, 7.67210817337, 8.54860019684, 10.7165756226, 28.2346401215, 32.3386917114, 27.9914951324, 36.0937767029, 33.5605163574, 30.0709171295, 31.5196857452, 30.8406887054, 28.3745117188, 34.4489402771, 26.1215953827, 25.3626594543, 26.3178310394, 26.4331073761, 25.7511386871, 26.3733062744, 22.3820743561, 20.350976944, 15.081990242, 11.5626897812, 7.84886455536, 5.89532709122, 3.81074142456, 2.12121891975, 0.977726340294, 0.317007660866, 0.06537861377, 0.0040444615297, 0.000162857730174],
        "median": [0.75828897953, 3.54121923447, 0.963970124722, 0.460872143507, 0.633745729923, 0.862264275551, 1.36242115498, 2.82843232155, 2.41346263885, 2.23591375351, 3.2927005291, 8.83488845825, 13.0527973175, 9.66611862183, 11.3231239319, 11.0802021027, 11.6844244003, 13.9746589661, 14.2906227112, 15.2799835205, 17.7222499847, 15.8415164948, 15.861281395, 16.9729175568, 15.9902391434, 13.4608812332, 12.0921344757, 10.9557991028, 9.69683647156, 6.63484191895, 4.83177232742, 3.2759180069, 2.10022115707, 1.35268378258, 0.723262012005, 0.365872383118, 0.125770866871, 0.0253442749381, 0.0013256247621, 0.000121211065562],
        "min": [2.94699511626e-21, 1.11016564324e-20, 8.5585469924e-21, 8.47156959723e-20, 7.69337423281e-20, 9.54961147135e-20, 2.12501665389e-19, 1.17857236514e-19, 2.44511461294e-19, 1.30282993749e-18, 1.39698945758e-18, 4.7341866698e-18, 2.29685184562e-18, 3.70186857406e-18, 3.2630959948e-18, 2.25858626369e-18, 3.36369832129e-18, 5.92764575273e-18, 9.5130402655e-18, 1.00963283288e-17, 1.19952471564e-17, 1.1329214562e-17, 1.2392232639e-17, 1.18763217453e-17, 1.51844502799e-17, 1.98562092153e-17, 1.36372387226e-17, 1.78679565359e-17, 1.8203853076e-17, 1.47441503116e-17, 2.03642106079e-17, 1.36344982732e-17, 1.49936610716e-17, 1.22321781536e-17, 9.39798109666e-18, 5.67931744744e-18, 2.68315987414e-18, 1.42010150428e-18, 3.61696122422e-19, 3.22889079693e-20],
        "var": [7.29472970963, 130.374435425, 162.290618896, 100.741043091, 81.4953384399, 477.222503662, 36.8237419128, 726.578369141, 248.42741394, 615.270141602, 573.205810547, 3376.48510742, 3428.31542969, 3287.984375, 4151.65673828, 3731.64624023, 3965.95288086, 2940.48925781, 3111.68139648, 1596.85266113, 3006.73242188, 992.227050781, 920.655212402, 979.645141602, 1187.2253418, 1342.70397949, 1863.22473145, 983.349914551, 785.784973145, 412.817626953, 244.868438721, 111.674942017, 72.3689498901, 29.0212440491, 8.8823928833, 1.78903543949, 0.179005324841, 0.00956803932786, 6.0290145484e-05, 2.71184141809e-08]
    },
    "gfcc": {
        "mean": [10.9371356964, 41.0057678223, -114.267982483, 31.308839798, -48.6318817139, 25.117805481, -22.6205921173, 17.9777431488, -17.6323757172, 11.1249065399, -13.3315420151, 10.3766365051, -5.84343576431],
        "cov": [[16789.9492188, -2503.71777344, 2010.90698242, 2387.11572266, 1139.12304688, 1948.5489502, 519.499450684, 1646.29321289, 246.773666382, 972.613098145, -61.4858360291, 566.545532227, -344.140228271], [-2503.71777344, 2347.60839844, 559.505249023, -49.9483108521, 340.247009277, -235.470840454, 24.6063022614, -282.096252441, 123.58454895, -162.603469849, 83.7810897827, -258.659637451, 55.8439445496], [2010.90698242, 559.505249023, 1871.0904541, 819.660766602, 747.616149902, 562.799987793, 250.20765686, 436.345397949, 174.53414917, 230.518234253, 49.0429878235, 39.1279067993, -75.8616790771], [2387.11572266, -49.9483108521, 819.660766602, 941.625793457, 492.790283203, 470.126739502, 244.602127075, 329.825866699, 151.119506836, 219.275268555, 12.7208833694, 39.3696517944, -55.5268859863], [1139.12304688, 340.247009277, 747.616149902, 492.790283203, 656.467773438, 408.227264404, 202.943832397, 283.481170654, 154.006698608, 136.941970825, 68.7903366089, 36.978603363, -15.6685667038], [1948.5489502, -235.470840454, 562.799987793, 470.126739502, 408.227264404, 507.793823242, 243.048492432, 349.79284668, 116.764633179, 193.333435059, 59.8635978699, 110.126281738, -31.8333530426], [519.499450684, 24.6063022614, 250.20765686, 244.602127075, 202.943832397, 243.048492432, 331.707458496, 225.876251221, 140.176757812, 97.2962265015, 65.2185440063, 38.2480239868, 18.1527938843], [1646.29321289, -282.096252441, 436.345397949, 329.825866699, 283.481170654, 349.79284668, 225.876251221, 444.482208252, 164.244277954, 175.949447632, 22.5694351196, 89.7182159424, -16.1730976105], [246.773666382, 123.58454895, 174.53414917, 151.119506836, 154.006698608, 116.764633179, 140.176757812, 164.244277954, 240.449584961, 162.930770874, 87.1399230957, 18.0650749207, 33.9764671326], [972.613098145, -162.603469849, 230.518234253, 219.275268555, 136.941970825, 193.333435059, 97.2962265015, 175.949447632, 162.930770874, 260.476043701, 120.935752869, 79.8894805908, 4.94978523254], [-61.4858360291, 83.7810897827, 49.0429878235, 12.7208833694, 68.7903366089, 59.8635978699, 65.2185440063, 22.5694351196, 87.1399230957, 120.935752869, 179.609954834, 84.7688293457, 49.6351051331], [566.545532227, -258.659637451, 39.1279067993, 39.3696517944, 36.978603363, 110.126281738, 38.2480239868, 89.7182159424, 18.0650749207, 79.8894805908, 84.7688293457, 165.690048218, 53.7087211609], [-344.140228271, 55.8439445496, -75.8616790771, -55.5268859863, -15.6685667038, -31.8333530426, 18.1527938843, -16.1730976105, 33.9764671326, 4.94978523254, 49.6351051331, 53.7087211609, 119.022697449]],
        "icov": [[0.000195114582311, -5.09716119268e-05, 8.86821871973e-05, -0.000307375332341, 0.000193074636627, -0.000462473282823, 0.000316075893352, -0.000416049122578, 0.000308107875753, -0.000419751188019, 0.000342386076227, -0.000365357002011, 0.000249764358159], [-5.09716119268e-05, 0.00137932237703, -0.000672572525218, 0.000287361704977, -0.00106610311195, 0.00104591844138, -0.000388978020055, 0.00107754941564, -0.00118453975301, 0.0015176248271, -0.0015896743862, 0.00189172825776, -0.000659700424876], [8.86821871973e-05, -0.000672572525218, 0.00151020300109, -0.000708648585714, -0.00032784868381, -0.00059770187363, 0.000489068275783, -0.00111767137423, 0.00102177727968, -0.00103555084206, 0.000646098109428, -0.000708039151505, 0.000575905782171], [-0.000307375332341, 0.000287361704977, -0.000708648585714, 0.00329726096243, -0.00128128612414, -0.000184834760148, -0.00142941751983, 0.00163975311443, -0.000467859674245, -0.00114761211444, 0.00133086880669, 0.000803956238087, -0.000450778868981], [0.000193074636627, -0.00106610311195, -0.00032784868381, -0.00128128612414, 0.00615779543296, -0.00490394420922, 0.00197983975522, -0.00152420159429, -0.00111285294406, 0.00193837552797, -0.00135751941707, 0.0002079140977, -4.89199373988e-05], [-0.000462473282823, 0.00104591844138, -0.00059770187363, -0.000184834760148, -0.00490394420922, 0.0126840109006, -0.00454500038177, -0.000958473130595, 0.00227985833772, -0.00223096529953, -0.000124882062664, -0.00192395562772, 0.00137690512929], [0.000316075893352, -0.000388978020055, 0.000489068275783, -0.00142941751983, 0.00197983975522, -0.00454500038177, 0.00801719445735, -0.0032798005268, -0.00211325823329, 0.0032095790375, -0.00314946356229, 0.00160078669433, -0.000821283261757], [-0.000416049122578, 0.00107754941564, -0.00111767137423, 0.00163975311443, -0.00152420159429, -0.000958473130595, -0.0032798005268, 0.0098634082824, -0.00493502849713, -7.70696206018e-05, 0.00369237409905, -0.00212190533057, 0.000557236664463], [0.000308107875753, -0.00118453975301, 0.00102177727968, -0.000467859674245, -0.00111285294406, 0.00227985833772, -0.00211325823329, -0.00493502849713, 0.0148569177836, -0.00960940681398, 0.000318371545291, 0.00275562028401, -0.0032231004443], [-0.000419751188019, 0.0015176248271, -0.00103555084206, -0.00114761211444, 0.00193837552797, -0.00223096529953, 0.0032095790375, -7.70696206018e-05, -0.00960940681398, 0.0179446525872, -0.0103684924543, 0.00188399688341, 0.00150797655806], [0.000342386076227, -0.0015896743862, 0.000646098109428, 0.00133086880669, -0.00135751941707, -0.000124882062664, -0.00314946356229, 0.00369237409905, 0.000318371545291, -0.0103684924543, 0.0186987333, -0.0097678443417, 0.000488713150844], [-0.000365357002011, 0.00189172825776, -0.000708039151505, 0.000803956238087, 0.0002079140977, -0.00192395562772, 0.00160078669433, -0.00212190533057, 0.00275562028401, 0.00188399688341, -0.0097678443417, 0.0186940971762, -0.00826709438115], [0.000249764358159, -0.000659700424876, 0.000575905782171, -0.000450778868981, -4.89199373988e-05, 0.00137690512929, -0.000821283261757, 0.000557236664463, -0.0032231004443, 0.00150797655806, 0.000488713150844, -0.00826709438115, 0.0145370764658]]
    },
    "melbands": {
        "dmean": [0.00554485060275, 0.00238443771377, 0.000572050921619, 0.000333556410624, 0.000114264672447, 0.000137314898893, 6.65618863422e-05, 5.61250926694e-05, 6.32663286524e-05, 0.000130879416247, 0.000109473214252, 7.67343954067e-05, 6.06357716606e-05, 8.2829646999e-05, 4.51757005067e-05, 5.00121168443e-05, 3.98409101763e-05, 3.36679113389e-05, 2.50564717135e-05, 2.44229195232e-05, 3.06658184854e-05, 1.58399143402e-05, 1.72718300746e-05, 1.59992596309e-05, 1.34570182126e-05, 1.44543546412e-05, 1.20209178931e-05, 1.05789140434e-05, 1.22363198898e-05, 1.02297262856e-05, 8.53778237797e-06, 6.97241330272e-06, 6.82395830154e-06, 5.2543809943e-06, 3.57006024387e-06, 2.82134465124e-06, 2.07324865187e-06, 2.17181150219e-06, 1.90930427379e-06, 1.58314787768e-06],
        "dmean2": [0.00736316433176, 0.00299584143795, 0.000943494669627, 0.000591483782046, 0.000191725266632, 0.000212978935451, 0.000102099766082, 8.28256161185e-05, 9.62983976933e-05, 0.000199322996195, 0.000168616257724, 0.000121302502521, 9.71942208707e-05, 0.000131770779262, 7.48632228351e-05, 8.24499511509e-05, 6.52209346299e-05, 5.4514464864e-05, 4.13020025007e-05, 4.12505069107e-05, 5.2111918194e-05, 2.68813892035e-05, 2.86619488179e-05, 2.67366431217e-05, 2.26739794016e-05, 2.43707218033e-05, 2.04698208108e-05, 1.77193178388e-05, 2.03479467018e-05, 1.74902124854e-05, 1.41819209603e-05, 1.17195913845e-05, 1.15297498269e-05, 8.81503729033e-06, 5.74247405893e-06, 4.47937190984e-06, 3.28986743625e-06, 3.39366647495e-06, 2.89357740257e-06, 2.37636004385e-06],
        "dvar": [8.04253577371e-05, 2.05942997127e-05, 2.80747144643e-06, 2.57146689364e-06, 1.13307187632e-07, 1.29901579271e-07, 2.36688588728e-08, 1.89796285355e-08, 2.08575858807e-08, 7.85052591823e-08, 5.14411269137e-08, 3.50792213055e-08, 1.9674633478e-08, 3.80383973209e-08, 1.66991132033e-08, 1.2542725969e-08, 7.33011651377e-09, 6.27444318724e-09, 1.84337523024e-09, 1.6996155594e-09, 3.85189213858e-09, 6.47219111638e-10, 8.71096750288e-10, 7.94836307882e-10, 5.62409896432e-10, 7.17505110881e-10, 4.80445627726e-10, 3.89414389623e-10, 6.14541417754e-10, 4.83074524826e-10, 2.77080414168e-10, 1.64903896094e-10, 1.72833788947e-10, 8.92762253013e-11, 3.81477419098e-11, 2.20108271887e-11, 1.18369645682e-11, 1.51379412477e-11, 1.34806055208e-11, 7.52656617586e-12],
        "dvar2": [0.000155384404934, 3.5991131881e-05, 7.64311698731e-06, 7.38186872695e-06, 3.09050903979e-07, 3.18100632057e-07, 5.28908934427e-08, 3.49317161863e-08, 4.38745928477e-08, 1.6937883629e-07, 1.17260569255e-07, 7.82465789939e-08, 4.76831374385e-08, 9.33232726652e-08, 4.3646465997e-08, 3.20504298656e-08, 1.83937380882e-08, 1.56265933526e-08, 4.81514295103e-09, 4.60348736908e-09, 1.04189741279e-08, 1.71549185968e-09, 2.1601016531e-09, 2.03340944083e-09, 1.52573675916e-09, 1.91900451085e-09, 1.28106825148e-09, 1.02222619258e-09, 1.55990831363e-09, 1.30424049338e-09, 7.20526027731e-10, 4.49552284287e-10, 4.68364513839e-10, 2.43404574274e-10, 9.85802342535e-11, 5.55072030006e-11, 2.96493420093e-11, 3.85273687953e-11, 3.21512018397e-11, 1.55783337619e-11],
        "max": [0.0970142409205, 0.0582257322967, 0.0174570214003, 0.0211931839585, 0.0042228391394, 0.00754279037938, 0.003507072106, 0.00373579724692, 0.00309949018992, 0.00544883450493, 0.00493696704507, 0.0053969421424, 0.00337044661865, 0.00435442943126, 0.00295433495194, 0.00216309376992, 0.00180429394823, 0.00301472074352, 0.00102611014154, 0.000940190919209, 0.00221839500591, 0.000359194993507, 0.000735504552722, 0.000536257342901, 0.000322236621287, 0.000448475417215, 0.000232153441175, 0.000273582176305, 0.000491342158057, 0.000284440728137, 0.00031300925184, 0.000162210533745, 0.000179595532245, 0.000118478979857, 0.000115877264761, 7.98411783762e-05, 4.78358924738e-05, 7.67374513089e-05, 5.75230878894e-05, 3.65741616406e-05],
        "mean": [0.0166212599725, 0.0057916007936, 0.000581455533393, 0.000305908295559, 0.000132191358716, 0.000242728667217, 0.000116719413199, 9.84117868938e-05, 9.72483030637e-05, 0.000197023502551, 0.000165928009665, 0.000117923991638, 0.000102961719676, 0.000148155348143, 5.71974997001e-05, 6.67135900585e-05, 5.5349599279e-05, 5.05704338138e-05, 3.91570210923e-05, 3.5078595829e-05, 3.94697126467e-05, 2.45938681473e-05, 2.55966715486e-05, 2.35855241044e-05, 2.05911255762e-05, 2.1877920517e-05, 1.75310360646e-05, 1.62923206517e-05, 1.7384367311e-05, 1.35407672133e-05, 1.30006983454e-05, 1.13959249575e-05, 1.00337565527e-05, 8.34686034068e-06, 6.80458560964e-06, 5.74120213059e-06, 4.32115166404e-06, 4.25716780228e-06, 3.5894188386e-06, 3.07107279696e-06],
        "median": [0.00720764044672, 0.00211547175422, 7.46819205233e-05, 5.49410979147e-05, 4.74953594676e-05, 6.17790137767e-05, 3.58095858246e-05, 2.46707659244e-05, 2.63097881543e-05, 5.96730860707e-05, 6.40068101347e-05, 3.64235638699e-05, 3.09234892484e-05, 2.9221024306e-05, 1.74701235665e-05, 2.6439451176e-05, 2.2863943741e-05, 2.04003208637e-05, 2.05613887374e-05, 1.87058376468e-05, 1.8560065655e-05, 1.38090199471e-05, 1.31388114823e-05, 1.28453020807e-05, 1.22688888951e-05, 1.2255850379e-05, 9.65072740655e-06, 8.04120190878e-06, 7.48938373363e-06, 5.76951242692e-06, 6.0395464061e-06, 5.16556474395e-06, 4.22905532105e-06, 3.35331105816e-06, 2.76741479865e-06, 2.33938908423e-06, 1.6872309061e-06, 1.49945685735e-06, 1.23883842207e-06, 1.06448089809e-06],
        "min": [2.28343204309e-23, 7.39360120077e-24, 1.40028427366e-23, 5.38161777289e-24, 7.09299391992e-24, 2.35535328068e-24, 4.39142970389e-24, 1.59130126206e-23, 1.28784508894e-23, 2.85284036417e-23, 1.12951794425e-23, 1.59355819311e-23, 1.03257246103e-23, 7.5433972092e-24, 6.39170840809e-24, 8.44534448063e-24, 1.0777248082e-23, 1.4598240238e-23, 1.59916352316e-23, 1.07849962738e-23, 1.48095271652e-23, 1.10447342489e-23, 1.0887976543e-23, 9.83245619712e-24, 9.56050271093e-24, 9.46367950115e-24, 1.34993585748e-23, 1.32445217925e-23, 8.45674983159e-24, 9.48530691173e-24, 9.50729167629e-24, 1.18079153651e-23, 6.64152251297e-24, 9.35913886513e-24, 1.32485323613e-23, 1.06199847163e-23, 6.72079830078e-24, 1.08407442852e-23, 1.02145480763e-23, 1.04827734059e-23],
        "var": [0.0003771923366, 7.22391268937e-05, 2.4198243409e-06, 1.67966402387e-06, 9.08723052362e-08, 3.04695305431e-07, 5.54987735768e-08, 7.26855375888e-08, 4.56649864589e-08, 1.5353850813e-07, 9.28573129499e-08, 6.40024211407e-08, 4.61229454629e-08, 1.00208737308e-07, 1.8111213862e-08, 1.46772594078e-08, 9.06575525761e-09, 9.61439816649e-09, 2.8861302237e-09, 2.29013319419e-09, 4.2745647022e-09, 9.70110214382e-10, 1.43215306281e-09, 1.13166920279e-09, 6.91398216457e-10, 9.30647614528e-10, 5.64242097489e-10, 5.83880666039e-10, 8.888400016e-10, 4.77179851188e-10, 3.91042670467e-10, 2.5072136034e-10, 2.35090447109e-10, 1.44092071608e-10, 9.22806692172e-11, 6.45055467374e-11, 3.58862384253e-11, 4.03434438634e-11, 2.82138496593e-11, 1.94263338055e-11]
    },
    "mfcc": {
        "mean": [-632.230102539, 76.5174789429, -2.67084431648, 17.2138652802, 2.78356552124, 12.1633872986, 8.02727890015, 11.3644781113, 8.38452625275, 7.61886692047, 4.4095749855, 1.77851068974, 3.18804740906],
        "cov": [[11446.5322266, -722.605224609, 673.639709473, 801.147399902, 978.672851562, 777.148498535, 783.821228027, 774.940551758, 649.289123535, 592.410217285, 582.558227539, 546.796264648, 376.229156494], [-722.605224609, 1426.65881348, 402.879241943, 213.408615112, 310.243560791, 72.468536377, 49.0739898682, -6.50219535828, 19.3326854706, 33.4279899597, 45.3936386108, 8.44687461853, -20.8502464294], [673.639709473, 402.879241943, 1075.4921875, 462.534393311, 479.165588379, 251.901062012, 265.197265625, 174.390106201, 182.321594238, 155.908950806, 182.363952637, 142.405014038, 73.0760421753], [801.147399902, 213.408615112, 462.534393311, 549.140869141, 363.432403564, 270.839477539, 203.962081909, 156.223144531, 182.733901978, 169.052963257, 153.588485718, 101.884254456, 71.8110275269], [978.672851562, 310.243560791, 479.165588379, 363.432403564, 609.345581055, 276.530212402, 249.397674561, 200.869720459, 179.355392456, 161.701934814, 160.840927124, 126.104423523, 88.3179550171], [777.148498535, 72.468536377, 251.901062012, 270.839477539, 276.530212402, 304.797119141, 202.523101807, 133.175033569, 123.625694275, 116.57849884, 127.784248352, 106.090133667, 87.5296173096], [783.821228027, 49.0739898682, 265.197265625, 203.962081909, 249.397674561, 202.523101807, 304.142547607, 221.596405029, 156.53604126, 114.868942261, 122.853401184, 113.815826416, 77.9643249512], [774.940551758, -6.50219535828, 174.390106201, 156.223144531, 200.869720459, 133.175033569, 221.596405029, 286.125823975, 189.816360474, 115.703659058, 100.796981812, 80.4140090942, 69.3843612671], [649.289123535, 19.3326854706, 182.321594238, 182.733901978, 179.355392456, 123.625694275, 156.53604126, 189.816360474, 246.646865845, 178.339141846, 131.945144653, 93.6949081421, 61.5959434509], [592.410217285, 33.4279899597, 155.908950806, 169.052963257, 161.701934814, 116.57849884, 114.868942261, 115.703659058, 178.339141846, 229.060760498, 163.286087036, 108.958686829, 67.4407043457], [582.558227539, 45.3936386108, 182.363952637, 153.588485718, 160.840927124, 127.784248352, 122.853401184, 100.796981812, 131.945144653, 163.286087036, 217.928741455, 153.743804932, 87.1375427246], [546.796264648, 8.44687461853, 142.405014038, 101.884254456, 126.104423523, 106.090133667, 113.815826416, 80.4140090942, 93.6949081421, 108.958686829, 153.743804932, 185.022964478, 110.942245483], [376.229156494, -20.8502464294, 73.0760421753, 71.8110275269, 88.3179550171, 87.5296173096, 77.9643249512, 69.3843612671, 61.5959434509, 67.4407043457, 87.1375427246, 110.942245483, 143.284393311]],
