{
"lowlevel": {
    "average_loudness": 0.931712627411,
    "barkbands_crest": {
        "dmean": 3.42145466805,
        "dmean2": 5.23482704163,
        "dvar": 11.6319799423,
        "dvar2": 27.5626468658,
        "max": 26.3955821991,
        "mean": 12.0988082886,
        "median": 11.1182098389,
        "min": 1.85811305046,
        "var": 40.6784439087
    },
    "barkbands_flatness_db": {
        "dmean": 0.0280300974846,
        "dmean2": 0.0409767143428,
        "dvar": 0.000976266106591,
        "dvar2": 0.00188146950677,
        "max": 0.485245317221,
        "mean": 0.108843967319,
        "median": 0.0919978991151,
        "min": 0.0136973056942,
        "var": 0.00397104630247
    },
    "barkbands_kurtosis": {
        "dmean": 4.94822597504,
        "dmean2": 6.92381000519,
        "dvar": 204.009902954,
        "dvar2": 338.113098145,
        "max": 474.092773438,
        "mean": 7.35566902161,
        "median": 0.995860815048,
        "min": -1.77818989754,
        "var": 593.233032227
    },
    "barkbands_skewness": {
        "dmean": 0.784746587276,
        "dmean2": 1.12185931206,
        "dvar": 0.934683144093,
        "dvar2": 1.70920312405,
        "max": 19.3507843018,
        "mean": 1.90811443329,
        "median": 1.38196361065,
        "min": -3.56459498405,
        "var": 4.11076116562
    },
    "barkbands_spread": {
        "dmean": 8.90582084656,
        "dmean2": 13.7830238342,
        "dvar": 89.1982574463,
        "dvar2": 201.661605835,
        "max": 100.544921875,
        "mean": 35.2103729248,
        "median": 34.0386276245,
        "min": 0.258958518505,
        "var": 303.51373291
    },
    "dissonance": {
        "dmean": 0.0118174506351,
        "dmean2": 0.0202778410167,
        "dvar": 0.000168747035787,
        "dvar2": 0.000458194263047,
        "max": 0.500000059605,
        "mean": 0.479275375605,
        "median": 0.484055161476,
        "min": 0.28876927495,
        "var": 0.000335296645062
    },
    "dynamic_complexity": 2.83397698402,
    "erbbands_crest": {
        "dmean": 1.86611759663,
        "dmean2": 3.10075926781,
        "dvar": 4.75222682953,
        "dvar2": 11.8783760071,
        "max": 33.5403022766,
        "mean": 5.84907436371,
        "median": 4.83781814575,
        "min": 2.070322752,
        "var": 10.5101299286
    },
    "erbbands_flatness_db": {
        "dmean": 0.0119556048885,
        "dmean2": 0.018095029518,
        "dvar": 0.000162639902555,
        "dvar2": 0.000355645664968,
        "max": 0.414392262697,
        "mean": 0.105373844504,
        "median": 0.0975082591176,
        "min": 0.0496498718858,
        "var": 0.00109361705836
    },
    "erbbands_kurtosis": {
        "dmean": 0.619379222393,
        "dmean2": 0.994109630585,
        "dvar": 2.96245312691,
        "dvar2": 8.34144020081,
        "max": 80.3533172607,
        "mean": -0.150728806853,
        "median": -0.39873290062,
        "min": -1.84647917747,
        "var": 2.61053395271
    },
    "erbbands_skewness": {
        "dmean": 0.292192369699,
        "dmean2": 0.447001934052,
        "dvar": 0.107428997755,
        "dvar2": 0.247015118599,
        "max": 8.25511264801,
        "mean": -0.176863402128,
        "median": -0.230097711086,
        "min": -4.19840574265,
        "var": 0.35428661108
    },
    "erbbands_spread": {
        "dmean": 11.0663051605,
        "dmean2": 16.8393478394,
        "dvar": 159.623306274,
        "dvar2": 347.027954102,
        "max": 167.073654175,
        "mean": 54.4485931396,
        "median": 51.3611602783,
        "min": 2.69404602051,
        "var": 470.003265381
    },
    "hfc": {
        "dmean": 14.1035366058,
        "dmean2": 22.4984226227,
        "dvar": 600.928771973,
        "dvar2": 1536.46337891,
        "max": 302.30645752,
        "mean": 38.2979774475,
        "median": 30.6461029053,
        "min": 1.08732448151e-16,
        "var": 1131.08459473
    },
    "melbands_crest": {
        "dmean": 4.33197212219,
        "dmean2": 6.55662965775,
        "dvar": 18.143655777,
        "dvar2": 39.7771644592,
        "max": 36.6063613892,
        "mean": 18.5257377625,
        "median": 17.764125824,
        "min": 1.01589906216,
        "var": 70.3249588013
    },
    "melbands_flatness_db": {
        "dmean": 0.0380263328552,
        "dmean2": 0.0554217547178,
        "dvar": 0.00176206300966,
        "dvar2": 0.00352143286727,
        "max": 0.600390136242,
        "mean": 0.171153992414,
        "median": 0.158750072122,
        "min": 3.92183028453e-06,
        "var": 0.00705076148733
    },
    "melbands_kurtosis": {
        "dmean": 20.9708423615,
        "dmean2": 28.8724575043,
        "dvar": 2296.72436523,
        "dvar2": 3870.11230469,
        "max": 1659.58483887,
        "mean": 40.5687599182,
        "median": 11.3306207657,
        "min": -1.88636934757,
        "var": 8555.53320312
    },
    "melbands_skewness": {
        "dmean": 1.37624049187,
        "dmean2": 1.98231315613,
        "dvar": 3.17826700211,
        "dvar2": 5.72337532043,
        "max": 32.0368804932,
        "mean": 4.3487071991,
        "median": 3.18283748627,
        "min": -1.04538583755,
        "var": 14.5018548965
    },
    "melbands_spread": {
        "dmean": 12.1279039383,
        "dmean2": 19.1459751129,
        "dvar": 216.772445679,
        "dvar2": 503.067474365,
        "max": 179.49256897,
        "mean": 31.5196475983,
        "median": 26.0853786469,
        "min": 0.186574444175,
        "var": 612.451843262
    },
    "pitch_salience": {
        "dmean": 0.10339473933,
        "dmean2": 0.155080497265,
        "dvar": 0.0112390825525,
        "dvar2": 0.0234040673822,
        "max": 0.997556984425,
        "mean": 0.462797939777,
        "median": 0.487198829651,
        "min": 0.0240711458027,
        "var": 0.036073859781
    },
    "silence_rate_20dB": {
        "dmean": 0,
        "dmean2": 0,
        "dvar": 0,
        "dvar2": 0,
        "max": 1,
        "mean": 1,
        "median": 1,
        "min": 1,
        "var": 0
    },
    "silence_rate_30dB": {
        "dmean": 0.035582087934,
        "dmean2": 0.0711726769805,
        "dvar": 0.0343144536018,
        "dvar2": 0.0825873836875,
        "max": 1,
        "mean": 0.967287480831,
        "median": 1,
        "min": 0,
        "var": 0.0316414125264
    },
    "silence_rate_60dB": {
        "dmean": 0.0195820890367,
        "dmean2": 0.039168857038,
        "dvar": 0.0191967748106,
        "dvar2": 0.0416936203837,
        "max": 1,
        "mean": 0.0600525327027,
        "median": 0,
        "min": 0,
        "var": 0.0564418174326
    },
    "spectral_centroid": {
        "dmean": 346.69833374,
        "dmean2": 529.138000488,
        "dvar": 134100.25,
        "dvar2": 285669.25,
        "max": 11586.7792969,
        "mean": 2152.39892578,
        "median": 2169.90991211,
        "min": 129.650634766,
        "var": 697741.75
    },
    "spectral_complexity": {
        "dmean": 6.23450756073,
        "dmean2": 9.69214248657,
        "dvar": 54.0930900574,
        "dvar2": 108.90864563,
        "max": 62,
        "mean": 24.7255249023,
        "median": 25,
        "min": 0,
        "var": 196.528869629
    },
    "spectral_decrease": {
        "dmean": 3.60995699999e-09,
        "dmean2": 5.322707608e-09,
        "dvar": 2.25111975925e-17,
        "dvar2": 5.5984616179e-17,
        "max": 1.45550289802e-28,
        "mean": -1.00150190363e-08,
        "median": -8.1324031953e-09,
        "min": -5.27865076094e-08,
        "var": 6.6202215803e-17
    },
    "spectral_energy": {
        "dmean": 0.0142235532403,
        "dmean2": 0.0211967136711,
        "dvar": 0.000341270992067,
        "dvar2": 0.00085744948592,
        "max": 0.207251355052,
        "mean": 0.0412726476789,
        "median": 0.0347796082497,
        "min": 1.02111520743e-20,
        "var": 0.0010087096598
    },
    "spectral_energyband_high": {
        "dmean": 0.00131236074958,
        "dmean2": 0.00209360965528,
        "dvar": 5.6254593801e-06,
        "dvar2": 1.44915820783e-05,
        "max": 0.0257245562971,
        "mean": 0.00308854295872,
        "median": 0.00223558326252,
        "min": 7.12789127096e-21,
        "var": 1.00250581454e-05
    },
    "spectral_energyband_low": {
        "dmean": 0.0123709309846,
        "dmean2": 0.0178687795997,
        "dvar": 0.000318638252793,
        "dvar2": 0.00073513033567,
        "max": 0.185331195593,
        "mean": 0.0260679181665,
        "median": 0.0143170710653,
        "min": 2.9914473273e-23,
        "var": 0.000900589104276
    },
    "spectral_energyband_middle_high": {
        "dmean": 0.00259470310993,
        "dmean2": 0.00434774439782,
        "dvar": 1.70573366631e-05,
        "dvar2": 4.46514386567e-05,
        "max": 0.0607848353684,
        "mean": 0.00572954537347,
        "median": 0.00419988017529,
        "min": 1.21489284802e-21,
        "var": 3.08908274746e-05
    },
    "spectral_energyband_middle_low": {
        "dmean": 0.00505587644875,
        "dmean2": 0.00846617482603,
        "dvar": 8.23860609671e-05,
        "dvar2": 0.00021632926655,
        "max": 0.101188726723,
        "mean": 0.00745704583824,
        "median": 0.00441610487178,
        "min": 1.92881237114e-22,
        "var": 8.63526147441e-05
    },
    "spectral_entropy": {
        "dmean": 0.130334839225,
        "dmean2": 0.200963169336,
        "dvar": 0.0277017466724,
        "dvar2": 0.0611137039959,
        "max": 9.81668281555,
        "mean": 8.10619544983,
        "median": 8.17761421204,
        "min": 5.42920923233,
        "var": 0.113605216146
    },
    "spectral_flux": {
        "dmean": 0.0326618850231,
        "dmean2": 0.0481391772628,
        "dvar": 0.00134029740002,
        "dvar2": 0.00265654386021,
        "max": 0.38171055913,
        "mean": 0.110530778766,
        "median": 0.0973730236292,
        "min": 6.36115882191e-11,
        "var": 0.00414228904992
    },
    "spectral_kurtosis": {
        "dmean": 0.564652562141,
        "dmean2": 0.936115801334,
        "dvar": 0.507003009319,
        "dvar2": 1.35266828537,
        "max": 15.6427135468,
        "mean": 2.19230532646,
        "median": 1.9713332653,
        "min": -1.23316347599,
        "var": 1.2522084713
    },
    "spectral_rms": {
        "dmean": 0.00105441710912,
        "dmean2": 0.00154246913735,
        "dvar": 1.29897671286e-06,
        "dvar2": 3.18437150781e-06,
        "max": 0.0142195792869,
        "mean": 0.00581077160314,
        "median": 0.00582506041974,
        "min": 3.15627949124e-12,
        "var": 6.50109586786e-06
    },
    "spectral_rolloff": {
        "dmean": 1037.49707031,
        "dmean2": 1664.69812012,
        "dvar": 1806170.75,
        "dvar2": 4052655,
        "max": 19358.3496094,
        "mean": 2287.91064453,
        "median": 1658.05664062,
        "min": 64.599609375,
        "var": 5539592
    },
    "spectral_skewness": {
        "dmean": 0.11577513814,
        "dmean2": 0.185735911131,
        "dvar": 0.0160070713609,
        "dvar2": 0.0394365936518,
        "max": 3.31441402435,
        "mean": 1.20261263847,
        "median": 1.16936230659,
        "min": -0.0620217844844,
        "var": 0.0564431734383
    },
    "spectral_spread": {
        "dmean": 506852.6875,
        "dmean2": 779626.8125,
        "dvar": 467200147456,
        "dvar2": 979030376448,
        "max": 42634468,
        "mean": 6351657.5,
        "median": 6223282,
        "min": 1726974,
        "var": 4.97017316966e+12
    },
    "spectral_strongpeak": {
        "dmean": 0.324572950602,
        "dmean2": 0.541037023067,
        "dvar": 0.479140639305,
        "dvar2": 1.2385866642,
        "max": 14.3589286804,
        "mean": 0.594987928867,
        "median": 0.407349288464,
        "min": 0,
        "var": 0.685665369034
    },
    "zerocrossingrate": {
        "dmean": 0.0168024711311,
        "dmean2": 0.0194486267865,
        "dvar": 0.000294228462735,
        "dvar2": 0.000345679960446,
        "max": 0.82177734375,
        "mean": 0.0879975408316,
        "median": 0.0791015625,
        "min": 0.00244140625,
        "var": 0.00310009508394
    },
    "barkbands": {
        "dmean": [0.000792997481767, 0.0104114077985, 0.00420548953116, 0.00218213512562, 0.00209120032378, 0.000653405208141, 0.000639338570181, 0.000663665588945, 0.000752465624828, 0.000484400166897, 0.000404825055739, 0.000455967674498, 0.00046667738934, 0.000419544841861, 0.000359647820005, 0.000382360158255, 0.000320149381878, 0.000351482682163, 0.00030642884667, 0.000305043358821, 0.000305026798742, 0.000255403108895, 0.000262061745161, 0.000261841720203, 0.000219767316594, 0.000108309148345, 1.05710842035e-05],
        "dmean2": [0.000905106193386, 0.0145760541782, 0.00720538245514, 0.00394325936213, 0.00374310673214, 0.00102217134554, 0.00108077388722, 0.00114576390479, 0.00123432360124, 0.000777328037657, 0.000693297712132, 0.000758613692597, 0.00078388361726, 0.000727244187146, 0.00060215574922, 0.000651854206808, 0.000539853295777, 0.000596462283283, 0.000518068438396, 0.000517439970281, 0.000505212636199, 0.000423514749855, 0.000432635017205, 0.000422307406552, 0.000349595386069, 0.000171964333276, 1.7382482838e-05],
        "dvar": [2.28976523431e-06, 0.000256614177488, 8.65404435899e-05, 2.57221854554e-05, 2.46392228291e-05, 2.13113776226e-06, 1.48652929965e-06, 4.60280625703e-06, 4.36748632637e-06, 1.08347035166e-06, 8.05008994575e-07, 8.10955782526e-07, 9.88209990282e-07, 7.03493185483e-07, 6.01485453444e-07, 4.92745812153e-07, 2.94987813731e-07, 3.55585342504e-07, 2.33430199614e-07, 2.25979860602e-07, 2.22608463218e-07, 1.81459881787e-07, 2.0266443812e-07, 2.26877475029e-07, 1.61143745459e-07, 3.74148818594e-08, 3.95760174632e-10],
        "dvar2": [2.99469979836e-06, 0.000560851127375, 0.000235625062487, 7.37573500373e-05, 6.85592676746e-05, 5.030201919e-06, 3.93340314986e-06, 1.28958745336e-05, 1.13348578452e-05, 2.38426309807e-06, 2.07500374927e-06, 2.07681978281e-06, 2.58401450992e-06, 1.90510604625e-06, 1.5328724885e-06, 1.24924201828e-06, 7.60298576097e-07, 9.44467274167e-07, 6.23029905e-07, 5.99482916641e-07, 5.72637929963e-07, 4.83874146084e-07, 5.29180454123e-07, 5.7589716107e-07, 4.14226150269e-07, 9.60601127531e-08, 1.05303887832e-09],
        "max": [0.0212728753686, 0.169281721115, 0.0821795761585, 0.0397183299065, 0.0642063841224, 0.0320561379194, 0.0232269205153, 0.0450707301497, 0.0616240277886, 0.0271050855517, 0.022896271199, 0.0215369686484, 0.0231613926589, 0.0231974106282, 0.0168525706977, 0.0183929111809, 0.0149766961113, 0.00941936764866, 0.00724200718105, 0.00721096526831, 0.00847662147135, 0.00496929232031, 0.00596797512844, 0.00563949765638, 0.00456070015207, 0.00238679815084, 0.000388011481846],
        "mean": [0.00135762454011, 0.0196875240654, 0.00403050752357, 0.00180935161188, 0.00196365290321, 0.00101562554482, 0.00083476875443, 0.000699818425346, 0.00100608321372, 0.00070824183058, 0.000435920519521, 0.000577389786486, 0.000614645134192, 0.000532670645043, 0.00050886470126, 0.000548079493456, 0.000507894728798, 0.000547916744836, 0.000516330823302, 0.000559134990908, 0.000612185802311, 0.000503527524415, 0.000502288807184, 0.000509664823767, 0.00044437291217, 0.000222405127715, 1.62372271006e-05],
        "median": [0.000119546944916, 0.00799148436636, 0.00109152658843, 0.000387029722333, 0.000601347128395, 0.000395714771003, 0.000252251047641, 0.000155576417455, 0.000359979952918, 0.000281671527773, 0.000124918151414, 0.0002469351748, 0.000281673070276, 0.000253892270848, 0.000268317351583, 0.000310458592139, 0.000321985513438, 0.000327245215885, 0.00033881427953, 0.000401222612709, 0.000430451240391, 0.000347953173332, 0.000329097616486, 0.00031471948023, 0.000264930247795, 0.000125373684568, 6.43041494186e-06],
        "min": [3.53410671615e-25, 6.33264757541e-24, 2.40184992572e-24, 4.76823670806e-25, 1.78471181222e-23, 9.57528201999e-24, 6.74819701774e-24, 8.27969394572e-24, 1.87080509375e-23, 1.5557102246e-23, 3.07977292741e-23, 1.53927414987e-23, 5.32495058085e-23, 5.46908935219e-23, 4.22562683995e-23, 5.03512276873e-23, 6.54079601943e-23, 1.02499354299e-22, 1.33871487908e-22, 1.89981031016e-22, 2.38911308799e-22, 3.67903218691e-22, 3.33720146485e-22, 6.24500511306e-22, 9.87143226828e-22, 1.20729878069e-21, 2.12583418137e-21],
        "var": [7.1339236456e-06, 0.000708086939994, 6.58236021991e-05, 1.73100124812e-05, 1.81447576324e-05, 3.88358557757e-06, 2.22741641664e-06, 3.69666804545e-06, 4.77873709315e-06, 2.15083787225e-06, 9.8357133993e-07, 1.07674600258e-06, 1.39799590215e-06, 8.08905326721e-07, 7.50300387153e-07, 6.34842194813e-07, 4.36294328665e-07, 5.48190485006e-07, 3.45554582282e-07, 3.44337905744e-07, 4.24246110242e-07, 2.95902168546e-07, 3.28073809897e-07, 3.63453409591e-07, 2.71148110187e-07, 7.17816845963e-08, 6.27317475743e-10]
    },
    "erbbands": {
        "dmean": [0.407910615206, 2.16327309608, 4.64552402496, 6.05924463272, 7.34681797028, 6.9759721756, 4.53053712845, 6.2082452774, 8.51950645447, 10.6005849838, 14.852643013, 15.6291074753, 14.8755712509, 14.8160266876, 17.9173297882, 16.158039093, 20.6897697449, 20.7985496521, 18.0806846619, 18.3951377869, 21.7447490692, 17.3830108643, 18.8196544647, 15.7969551086, 14.6742134094, 14.87541008, 13.5009765625, 11.290230751, 9.01265048981, 8.49210262299, 7.56330108643, 5.92553043365, 4.31440591812, 2.78351759911, 1.46415710449, 0.637148797512, 0.171290874481, 0.0250612143427, 0.00154166773427, 4.08444357163e-05],
        "dmean2": [0.488948404789, 3.23627781868, 7.68182849884, 10.6147451401, 13.1566581726, 12.4532279968, 7.60506248474, 9.72284793854, 14.242559433, 18.1732444763, 25.735534668, 25.6929931641, 23.9325199127, 24.2163257599, 30.2195320129, 27.2166461945, 34.8082389832, 36.0198249817, 30.303188324, 30.9587306976, 36.6998176575, 29.3787517548, 31.9224567413, 26.9108810425, 24.6355991364, 25.1539402008, 22.7558670044, 18.7470760345, 14.8043575287, 14.179520607, 12.4897232056, 9.58241939545, 7.08405542374, 4.51828813553, 2.32701587677, 1.01168489456, 0.273116976023, 0.0400510914624, 0.00253515783697, 6.44795509288e-05],
        "dvar": [0.445347905159, 12.4824314117, 86.5334625244, 197.891067505, 266.498443604, 382.287689209, 111.022422791, 198.226257324, 252.616088867, 629.028991699, 3372.35961914, 1908.91650391, 967.447875977, 790.984313965, 1258.54284668, 884.043212891, 1936.35217285, 1763.17834473, 1579.07250977, 1683.40649414, 1844.41918945, 777.453369141, 1045.68457031, 636.862609863, 522.790649414, 561.28338623, 423.832580566, 344.063751221, 210.811920166, 214.146240234, 169.972396851, 108.659362793, 66.2431869507, 26.2383346558, 6.82863521576, 1.23585569859, 0.096737138927, 0.00230216467753, 8.15607927507e-06, 3.98760047204e-09],
        "dvar2": [0.710222005844, 29.9077682495, 229.768280029, 550.861450195, 758.052856445, 1064.15563965, 285.564086914, 478.314880371, 652.155029297, 1707.76257324, 9543.52929688, 4878.27832031, 2172.07592773, 1871.04858398, 3200.54345703, 2320.69262695, 5029.3984375, 4793.29296875, 3963.1394043, 4420.07958984, 4665.4296875, 2028.98547363, 2786.93481445, 1723.28564453, 1345.30249023, 1508.01867676, 1105.36376953, 898.191040039, 551.483581543, 565.550231934, 444.842529297, 274.092010498, 171.43421936, 68.1972427368, 17.5348262787, 3.16497683525, 0.248085007071, 0.00610032351688, 2.12677477975e-05, 1.0380857951e-08],
        "max": [8.93194675446, 35.3327140808, 92.3504333496, 124.740310669, 108.527954102, 320.664154053, 232.204971313, 346.289306641, 350.311706543, 767.790283203, 1549.58349609, 1314.3112793, 951.141540527, 636.829162598, 725.163330078, 509.183929443, 960.836425781, 970.603027344, 894.550720215, 1143.15698242, 1238.21386719, 683.486755371, 520.309082031, 436.328765869, 420.167907715, 429.969665527, 301.368377686, 395.385894775, 190.13319397, 184.987106323, 143.191314697, 151.90196228, 93.6970443726, 56.7441215515, 29.9532642365, 13.3094968796, 4.15348386765, 1.02621793747, 0.0539486855268, 0.00113375182264],
        "mean": [0.760068237782, 3.57788562775, 5.20233201981, 5.6549282074, 6.37026119232, 6.42173337936, 5.91017150879, 9.76138114929, 12.0073060989, 12.6441545486, 16.3173389435, 20.8049716949, 22.2549362183, 22.0910987854, 22.2272701263, 21.2806987762, 28.1188430786, 26.7943706512, 26.9921760559, 26.4407310486, 32.7008209229, 29.2782592773, 30.385389328, 26.9585094452, 27.0971012115, 27.2079257965, 25.0391349792, 22.1589317322, 18.1025428772, 16.3482933044, 14.2442035675, 11.3259468079, 8.05226516724, 5.31589365005, 2.93350434303, 1.27734136581, 0.347200661898, 0.0514711290598, 0.00244212662801, 0.000108498250484],
        "median": [0.175418496132, 1.5476064682, 1.93062317371, 1.59410119057, 1.63893842697, 1.8268198967, 2.02724838257, 3.84492373466, 4.36732435226, 4.05807161331, 4.34457969666, 6.98746299744, 10.1945858002, 9.52737045288, 9.10480880737, 10.0513401031, 13.2460317612, 12.8742733002, 14.7349739075, 14.4320163727, 18.9791755676, 19.7202091217, 19.4744224548, 17.4550056458, 19.0952167511, 19.3305339813, 17.2312259674, 15.4056529999, 12.6334228516, 10.6969127655, 9.47144985199, 7.04554843903, 4.87572383881, 3.21680378914, 1.6984487772, 0.729587435722, 0.188681811094, 0.0275825038552, 0.00102774309926, 8.71821102919e-05],
        "min": [1.79208296008e-22, 1.74736774913e-21, 3.89097722599e-21, 4.57170688434e-21, 8.09829206735e-21, 7.24033322743e-20, 1.08646386523e-19, 1.02946103976e-19, 2.054208184e-19, 2.75191797009e-19, 2.73024351159e-19, 4.06200248835e-19, 3.56201833697e-19, 1.24400436784e-18, 1.39937556346e-18, 7.92049683251e-19, 2.16100397362e-18, 2.39421824155e-18, 3.15366372208e-18, 4.03847483509e-18, 3.8150165421e-18, 4.56865418075e-18, 5.12823607488e-18, 4.88944640283e-18, 8.64982849265e-18, 1.02877916893e-17, 9.25924967304e-18, 1.28617676517e-17, 1.33173257935e-17, 1.00208745677e-17, 9.43601816995e-18, 1.22488127557e-17, 1.13812673836e-17, 9.44786753222e-18, 7.25462460782e-18, 3.97539404157e-18, 2.17747479398e-18, 9.85367324175e-19, 2.81741697442e-19, 2.80522278123e-20],
        "var": [1.61153137684, 22.9562320709, 78.7966995239, 140.885131836, 185.297241211, 274.886016846, 147.042816162, 359.015777588, 404.254180908, 678.311218262, 2420.14331055, 2171.14794922, 1924.01733398, 1564.26623535, 1628.86279297, 1065.40490723, 2828.73510742, 1967.73303223, 2129.06933594, 2061.89355469, 2427.98950195, 1174.58862305, 1505.37414551, 962.976989746, 858.612915039, 833.943725586, 737.028930664, 588.329650879, 376.641815186, 338.349243164, 264.295501709, 179.140823364, 96.0439224243, 39.9368896484, 12.0597324371, 2.3324201107, 0.182114571333, 0.00434189010412, 1.31133165269e-05, 8.90324880487e-09]
    },
    "gfcc": {
        "mean": [35.5070533752, 34.8908538818, -102.645462036, 43.7668151855, -51.5527572632, 29.2476654053, -32.5039291382, 20.7387676239, -23.1268348694, 11.7798643112, -16.992149353, 6.54453086853, -12.6512374878],
        "cov": [[13737.1855469, 71.1583404541, -232.305633545, 348.974487305, -301.766082764, 226.947967529, -296.522521973, 151.756103516, -268.673950195, 30.9478225708, -246.419876099, 59.7832717896, -134.717910767], [71.1583404541, 895.665283203, 159.330978394, 119.937110901, 78.2718353271, 25.0998535156, 31.8850746155, -28.8063049316, -10.39980793, -66.9708175659, -3.75742816925, -62.0029907227, -15.9221191406], [-232.305633545, 159.330978394, 754.62310791, 428.241577148, 334.69708252, 161.456344604, 102.724403381, 42.7804222107, 49.5673561096, 14.4594545364, 12.5603256226, 20.3379859924, 14.5875415802], [348.974487305, 119.937110901, 428.241577148, 464.964569092, 304.210235596, 202.232498169, 106.298316956, 68.4201431274, 45.2030410767, 13.5788936615, -1.7427059412, -1.41745758057, 6.49369382858], [-301.766082764, 78.2718353271, 334.69708252, 304.210235596, 367.18081665, 210.305328369, 151.227722168, 82.4693145752, 74.6932830811, 26.396730423, 30.6767501831, 10.7438211441, 23.1849079132], [226.947967529, 25.0998535156, 161.456344604, 202.232498169, 210.305328369, 232.390792847, 147.972564697, 97.5497741699, 64.8297576904, 38.6451454163, 20.1987609863, 11.2614984512, 11.5853891373], [-296.522521973, 31.8850746155, 102.724403381, 106.298316956, 151.227722168, 147.972564697, 194.269805908, 124.05266571, 102.628608704, 47.0489311218, 39.38854599, 11.7684745789, 27.1639556885], [151.756103516, -28.8063049316, 42.7804222107, 68.4201431274, 82.4693145752, 97.5497741699, 124.05266571, 154.805053711, 115.202941895, 71.032081604, 35.987991333, 26.2436485291, 28.0240535736], [-268.673950195, -10.39980793, 49.5673561096, 45.2030410767, 74.6932830811, 64.8297576904, 102.628608704, 115.202941895, 160.835144043, 103.657066345, 68.0765304565, 32.6446228027, 34.4965591431], [30.9478225708, -66.9708175659, 14.4594545364, 13.5788936615, 26.396730423, 38.6451454163, 47.0489311218, 71.032081604, 103.657066345, 143.591400146, 100.488555908, 65.1787109375, 27.9944725037], [-246.419876099, -3.75742816925, 12.5603256226, -1.7427059412, 30.6767501831, 20.1987609863, 39.38854599, 35.987991333, 68.0765304565, 100.488555908, 135.461517334, 89.1343612671, 38.9227714539], [59.7832717896, -62.0029907227, 20.3379859924, -1.41745758057, 10.7438211441, 11.2614984512, 11.7684745789, 26.2436485291, 32.6446228027, 65.1787109375, 89.1343612671, 118.071296692, 62.1677055359], [-134.717910767, -15.9221191406, 14.5875415802, 6.49369382858, 23.1849079132, 11.5853891373, 27.1639556885, 28.0240535736, 34.4965591431, 27.9944725037, 38.9227714539, 62.1677055359, 90.8123855591]],
        "icov": [[0.000142731150845, -0.000113016809337, 0.000106149993371, -0.000248467695201, 0.000287990871584, -0.000416162598412, 0.000553196121473, -0.000710339692887, 0.000567926443182, -0.000501735834405, 0.000626351509709, -0.000523805792909, 0.00025499536423], [-0.000113016809337, 0.00149684573989, -0.000333359494107, -0.00015944459301, 0.000143689801916, 0.000231270008953, -0.000509719131514, 0.000817629683297, -0.000885468733031, 0.00202248780988, -0.00253174710087, 0.00211938843131, -0.000659161305521], [0.000106149993371, -0.000333359494107, 0.00342730735429, -0.00273975590244, -0.00152749184053, 0.00149864808191, -0.000682618003339, 0.000825939816423, -0.000150128777022, -0.000996010028757, 0.0021098498255, -0.00255165970884, 0.0010990544688], [-0.000248467695201, -0.00015944459301, -0.00273975590244, 0.00789214018732, -0.00326208327897, -0.00267143035308, 0.00185943383258, -0.000709477637429, -9.7088435723e-05, 0.000276174367173, -0.000350947724655, 0.00164506863803, -0.000708421925083], [0.000287990871584, 0.000143689801916, -0.00152749184053, -0.00326208327897, 0.0108177680522, -0.00580681627616, -0.000580732070375, 0.000288498413283, -0.00106086593587, 0.00226244423538, -0.00249646208249, 0.00119898514822, -0.00105054606684], [-0.000416162598412, 0.000231270008953, 0.00149864808191, -0.00267143035308, -0.00580681627616, 0.0168967563659, -0.00997225753963, 0.000897744554095, 0.00219972897321, -0.00321620097384, 0.00261283409782, -0.00200908165425, 0.00181759533007], [0.000553196121473, -0.000509719131514, -0.000682618003339, 0.00185943383258, -0.000580732070375, -0.00997225753963, 0.0222719311714, -0.0126983746886, -0.00127414963208, 0.00432455958799, -0.00505843898281, 0.00408363947645, -0.00209152488969], [-0.000710339692887, 0.000817629683297, 0.000825939816423, -0.000709477637429, 0.000288498413283, 0.000897744554095, -0.0126983746886, 0.0268133562058, -0.0136352758855, -0.000761332048569, 0.00483343517408, -0.00376520073041, 0.000263594818534], [0.000567926443182, -0.000885468733031, -0.000150128777022, -9.7088435723e-05, -0.00106086593587, 0.00219972897321, -0.00127414963208, -0.0136352758855, 0.0263145249337, -0.0144042884931, 0.000414070498664, 0.00454921973869, -0.00354997394606], [-0.000501735834405, 0.00202248780988, -0.000996010028757, 0.000276174367173, 0.00226244423538, -0.00321620097384, 0.00432455958799, -0.000761332048569, -0.0144042884931, 0.0294208005071, -0.0182207040489, 0.00216696341522, 0.00125290290453], [0.000626351509709, -0.00253174710087, 0.0021098498255, -0.000350947724655, -0.00249646208249, 0.00261283409782, -0.00505843898281, 0.00483343517408, 0.000414070498664, -0.0182207040489, 0.0347004942596, -0.0221467316151, 0.00624477351084], [-0.000523805792909, 0.00211938843131, -0.00255165970884, 0.00164506863803, 0.00119898514822, -0.00200908165425, 0.00408363947645, -0.00376520073041, 0.00454921973869, 0.00216696341522, -0.0221467316151, 0.033562771976, -0.0161026343703], [0.00025499536423, -0.000659161305521, 0.0010990544688, -0.000708421925083, -0.00105054606684, 0.00181759533007, -0.00209152488969, 0.000263594818534, -0.00354997394606, 0.00125290290453, 0.00624477351084, -0.0161026343703, 0.021038306877]]
    },
    "melbands": {
        "dmean": [0.00315211107954, 0.00231856363826, 0.00104276125785, 0.000527148949914, 0.000183247539098, 0.000134655332658, 0.000130093292682, 0.000124822850921, 0.000121767130622, 0.000101043391624, 7.65098448028e-05, 6.34172538412e-05, 6.05171844654e-05, 5.42593552382e-05, 4.47404345323e-05, 4.67584104626e-05, 3.8783877244e-05, 3.12075098918e-05, 2.55121849477e-05, 2.46941617661e-05, 2.6239975341e-05, 1.81690029422e-05, 1.98860707314e-05, 1.80619572347e-05, 1.3038617908e-05, 1.26333097796e-05, 1.03692664197e-05, 1.0565076991e-05, 9.82056553767e-06, 7.78603134677e-06, 6.77087564327e-06, 5.44419572179e-06, 5.37297592018e-06, 4.98993858855e-06, 4.67763857159e-06, 4.24269364885e-06, 3.75000354325e-06, 3.26090912495e-06, 2.89572562906e-06, 2.30124351219e-06],
        "dmean2": [0.0040887799114, 0.00364146754146, 0.00179508968722, 0.000944666622672, 0.000313300057314, 0.000210723766941, 0.000217848806642, 0.000213574952795, 0.000210737416637, 0.000164644967299, 0.000123057281598, 0.000103181468148, 0.000102911806607, 8.91379240784e-05, 7.61406117817e-05, 7.89253099356e-05, 6.74722323311e-05, 5.25781906617e-05, 4.30198488175e-05, 4.19579155277e-05, 4.43434109911e-05, 3.07806840283e-05, 3.35467411787e-05, 3.08363160002e-05, 2.2318745323e-05, 2.12666509469e-05, 1.75037366716e-05, 1.79242197191e-05, 1.66868103406e-05, 1.31956530822e-05, 1.12716970762e-05, 9.03666750673e-06, 9.07876983547e-06, 8.3702889242e-06, 7.76924025558e-06, 7.0554233389e-06, 6.07380798101e-06, 5.37648838872e-06, 4.87248144054e-06, 3.72688759853e-06],
        "dvar": [2.34025555983e-05, 1.63552122103e-05, 5.31059413333e-06, 1.60525530646e-06, 1.90710125025e-07, 8.90807783094e-08, 5.81062167271e-08, 9.51498577706e-08, 2.67181974323e-07, 6.42129123207e-08, 2.54058942772e-08, 1.55876804797e-08, 1.66497677867e-08, 1.3445148106e-08, 7.16779924304e-09, 1.13341336316e-08, 6.0598894791e-09, 5.09643838242e-09, 2.51376297555e-09, 2.14717399416e-09, 2.72894729036e-09, 9.30323817983e-10, 1.12710130118e-09, 1.06110076281e-09, 4.38477198994e-10, 4.05868338937e-10, 2.33075531098e-10, 2.88728208009e-10, 2.24480434241e-10, 1.64233501798e-10, 1.19260185061e-10, 7.41535929882e-11, 8.82791131862e-11, 6.66191130039e-11, 6.25383356212e-11, 5.65288406362e-11, 4.28456541079e-11, 3.69422582802e-11, 3.22895703231e-11, 1.63194232433e-11],
        "dvar2": [4.50775187346e-05, 4.18261661252e-05, 1.45811445691e-05, 4.45743489763e-06, 5.11286657456e-07, 2.14075541294e-07, 1.51022177874e-07, 2.60505004235e-07, 7.56138717861e-07, 1.60535762461e-07, 5.68349989294e-08, 3.6434531836e-08, 4.28331397018e-08, 3.34923342393e-08, 1.91199180932e-08, 2.94557871428e-08, 1.64225717469e-08, 1.28910908614e-08, 6.53985221533e-09, 5.63945157239e-09, 6.8962884292e-09, 2.45610887184e-09, 2.92142310343e-09, 2.86598766941e-09, 1.19372622898e-09, 1.06140163325e-09, 6.08902095411e-10, 7.86890275162e-10, 6.0304100602e-10, 4.31448710092e-10, 3.12563558369e-10, 1.95196220298e-10, 2.35675728932e-10, 1.73970851614e-10, 1.64049010487e-10, 1.50446766156e-10, 1.07373297753e-10, 9.49590406307e-11, 8.70643418471e-11, 4.20136252177e-11],
        "max": [0.060136731714, 0.0429078117013, 0.0197412464768, 0.0180499665439, 0.00804223865271, 0.0066997394897, 0.005204197485, 0.0090531622991, 0.014249458909, 0.00703176530078, 0.00474149454385, 0.00292177405208, 0.00344380084425, 0.00302776554599, 0.00153384497389, 0.00313225877471, 0.00166725227609, 0.0021006509196, 0.00120068725664, 0.000930517097004, 0.00145136693027, 0.000553522142582, 0.00089477194706, 0.000553409627173, 0.000382286409149, 0.0004208785831, 0.000219192428631, 0.000290340278298, 0.000241937435931, 0.000198464666028, 0.000215973414015, 0.000129437918076, 0.000137702765642, 0.000130445478135, 0.000100341378129, 0.000119311262097, 9.62180638453e-05, 8.2148850197e-05, 6.32347728242e-05, 5.7715769799e-05],
        "mean": [0.00599336065352, 0.00346362404525, 0.00101850111969, 0.000468782993266, 0.000223443406867, 0.000211714854231, 0.000181676747161, 0.000145115831401, 0.000134576752316, 0.000135329974, 0.000113059541036, 9.29056477617e-05, 7.01223907527e-05, 6.93153779139e-05, 5.6009292166e-05, 6.1212827859e-05, 4.74394619232e-05, 4.39618743258e-05, 3.60545236617e-05, 3.39421712852e-05, 3.77529831894e-05, 2.81523880403e-05, 3.05536996166e-05, 2.67961204372e-05, 2.08113033295e-05, 2.07942812267e-05, 1.88462508959e-05, 1.74184951902e-05, 1.64074117492e-05, 1.34104893732e-05, 1.25419674077e-05, 1.01841287687e-05, 9.6140183814e-06, 8.9012855824e-06, 8.2892993305e-06, 7.537385045e-06, 6.735473562e-06, 5.79479183216e-06, 4.969305337e-06, 4.30961654274e-06],
        "median": [0.00201540859416, 0.00178188481368, 0.00031640031375, 0.000129923369968, 7.68483005231e-05, 8.38299747556e-05, 6.67933491059e-05, 4.26333208452e-05, 3.44871295965e-05, 4.91085738759e-05, 5.02832626808e-05, 3.77024625777e-05, 2.52397712757e-05, 2.73038895102e-05, 2.48034230026e-05, 2.68778385362e-05, 2.17492997763e-05, 2.21859354497e-05, 1.88236426766e-05, 1.86345496331e-05, 2.01431575988e-05, 1.79186608875e-05, 1.78681348189e-05, 1.59662304213e-05, 1.29201307573e-05, 1.34603287734e-05, 1.33884414026e-05, 1.16724186228e-05, 1.07473988464e-05, 8.89376769919e-06, 8.44783153298e-06, 6.86595149091e-06, 6.26815290161e-06, 5.60313492315e-06, 5.36088737135e-06, 4.62422030978e-06, 4.14050691688e-06, 3.36924608746e-06, 3.04785135086e-06, 2.53258212979e-06],
        "min": [2.35774313479e-24, 2.79427036075e-24, 7.42814699753e-25, 3.38160767583e-24, 3.87051447703e-24, 2.4435495076e-24, 3.07904244221e-24, 2.48272789003e-24, 2.33209016701e-24, 2.44938471172e-24, 1.45306137564e-24, 4.44345981376e-24, 4.94382521404e-24, 2.08446317899e-24, 2.50116337217e-24, 4.05594806572e-24, 2.99453690103e-24, 4.27728586964e-24, 3.33941308373e-24, 4.00153835693e-24, 3.1481866922e-24, 4.61945547057e-24, 3.91541762305e-24, 5.06349186349e-24, 2.8665343584e-24, 4.79446229024e-24, 6.19464503751e-24, 5.5228909281e-24, 4.86239228608e-24, 6.37978319779e-24, 6.02405820549e-24, 7.0939003211e-24, 6.14498663796e-24, 4.95860531196e-24, 5.2592409918e-24, 5.8967530159e-24, 7.05573996367e-24, 6.03057774644e-24, 7.56087363369e-24, 7.47707925062e-24],
        "var": [7.75981825427e-05, 2.14240844798e-05, 4.01971601605e-06, 1.15452371574e-06, 2.11923705251e-07, 1.62946932392e-07, 9.18555898011e-08, 9.47180822664e-08, 1.86893487353e-07, 7.97781822826e-08, 5.10991640112e-08, 3.05392866551e-08, 2.12587458748e-08, 1.88781150712e-08, 9.25976362254e-09, 1.60063731158e-08, 6.49511067152e-09, 6.79909772927e-09, 3.29875216032e-09, 2.70518119017e-09, 3.67089780795e-09, 1.29312249797e-09, 1.91265914218e-09, 1.35338196205e-09, 6.3880883916e-10, 6.09463257639e-10, 3.86261245211e-10, 3.94935112391e-10, 3.54536094926e-10, 2.43032372005e-10, 2.02248634507e-10, 1.28661775678e-10, 1.24953616898e-10, 1.10202166836e-10, 9.41325420389e-11, 8.28567561784e-11, 6.74554509472e-11, 5.35846263194e-11, 3.87690261838e-11, 2.68173955265e-11]
    },
    "mfcc": {
        "mean": [-607.405761719, 68.7104797363, 9.13230895996, 22.4911746979, 10.1915340424, 11.7516851425, 8.46786022186, 9.30735588074, 6.0044169426, 6.72652101517, 3.7235648632, 4.23116970062, 1.93139851093],
        "cov": [[7613.70996094, 102.553451538, 90.1675567627, 28.2257900238, -5.02054738998, -16.8030376434, -22.178560257, 2.4388217926, -19.5620288849, -36.4511489868, -91.8168258667, -46.3243179321, -104.118080139], [102.553451538, 711.614807129, 95.1685791016, 73.6361923218, 26.8489284515, 20.9228000641, 20.4665756226, 18.0228786469, -18.2444553375, -4.85804224014, -7.99192714691, -16.4720897675, -20.2915115356], [90.1675567627, 95.1685791016, 431.212554932, 272.877990723, 209.434936523, 149.320251465, 87.6728134155, 73.0263366699, 51.5848197937, 34.3492050171, 18.1690483093, 16.8072090149, 12.4143695831], [28.2257900238, 73.6361923218, 272.877990723, 315.234649658, 235.898880005, 157.31312561, 109.349617004, 89.2913589478, 70.5762557983, 46.9004974365, 22.9562587738, 23.4193439484, 17.0444412231], [-5.02054738998, 26.8489284515, 209.434936523, 235.898880005, 287.530731201, 190.36164856, 127.672569275, 98.5147857666, 77.2522201538, 51.0747337341, 27.4000701904, 31.7781085968, 26.9347076416], [-16.8030376434, 20.9228000641, 149.320251465, 157.31312561, 190.36164856, 209.514175415, 138.639358521, 97.1043395996, 70.5400085449, 51.8894958496, 37.3950920105, 34.7743110657, 22.3407993317], [-22.178560257, 20.4665756226, 87.6728134155, 109.349617004, 127.672569275, 138.639358521, 159.551361084, 109.6822052, 71.0671463013, 49.5823707581, 36.1071624756, 30.3496856689, 17.745059967], [2.4388217926, 18.0228786469, 73.0263366699, 89.2913589478, 98.5147857666, 97.1043395996, 109.6822052, 140.403244019, 100.982749939, 61.5024147034, 35.9348068237, 28.4264278412, 19.998752594], [-19.5620288849, -18.2444553375, 51.5848197937, 70.5762557983, 77.2522201538, 70.5400085449, 71.0671463013, 100.982749939, 149.214767456, 100.097503662, 49.7031478882, 28.9765415192, 14.4722938538], [-36.4511489868, -4.85804224014, 34.3492050171, 46.9004974365, 51.0747337341, 51.8894958496, 49.5823707581, 61.5024147034, 100.097503662, 124.816947937, 77.1691818237, 44.1831207275, 21.5482692719], [-91.8168258667, -7.99192714691, 18.1690483093, 22.9562587738, 27.4000701904, 37.3950920105, 36.1071624756, 35.9348068237, 49.7031478882, 77.1691818237, 109.842514038, 74.3972854614, 39.199962616], [-46.3243179321, -16.4720897675, 16.8072090149, 23.4193439484, 31.7781085968, 34.7743110657, 30.3496856689, 28.4264278412, 28.9765415192, 44.1831207275, 74.3972854614, 106.007698059, 72.2694778442], [-104.118080139, -20.2915115356, 12.4143695831, 17.0444412231, 26.9347076416, 22.3407993317, 17.745059967, 19.998752594, 14.4722938538, 21.5482692719, 39.199962616, 72.2694778442, 114.289657593]],
