{
"lowlevel": {
    "average_loudness": 0.878395080566,
    "barkbands_crest": {
        "dmean": 3.28418588638,
        "dmean2": 5.1825966835,
        "dvar": 11.0949010849,
        "dvar2": 26.7329654694,
        "max": 25.9113311768,
        "mean": 13.193936348,
        "median": 13.1461353302,
        "min": 2.12378358841,
        "var": 33.0170707703
    },
    "barkbands_flatness_db": {
        "dmean": 0.0353399403393,
        "dmean2": 0.0554628893733,
        "dvar": 0.00162884860765,
        "dvar2": 0.0038361446932,
        "max": 0.436836928129,
        "mean": 0.139153137803,
        "median": 0.130770683289,
        "min": 0.0112894540653,
        "var": 0.00448669726029
    },
    "barkbands_kurtosis": {
        "dmean": 8.7213306427,
        "dmean2": 14.4840211868,
        "dvar": 571.987792969,
        "dvar2": 1503.87304688,
        "max": 491.539642334,
        "mean": 9.34397888184,
        "median": 2.7034907341,
        "min": -1.87078976631,
        "var": 600.575195312
    },
    "barkbands_skewness": {
        "dmean": 1.01238107681,
        "dmean2": 1.60682606697,
        "dvar": 2.02649211884,
        "dvar2": 5.15594482422,
        "max": 18.3476448059,
        "mean": 2.1255300045,
        "median": 1.671636343,
        "min": -3.61440610886,
        "var": 4.18315029144
    },
    "barkbands_spread": {
        "dmean": 8.3161239624,
        "dmean2": 13.1695461273,
        "dvar": 85.9748764038,
        "dvar2": 219.108215332,
        "max": 102.68560791,
        "mean": 25.0294036865,
        "median": 22.7689247131,
        "min": 0.549194931984,
        "var": 223.405609131
    },
    "dissonance": {
        "dmean": 0.0177291277796,
        "dmean2": 0.0301898941398,
        "dvar": 0.000318806414725,
        "dvar2": 0.000887862755917,
        "max": 0.500000059605,
        "mean": 0.471800029278,
        "median": 0.477606147528,
        "min": 0.26990494132,
        "var": 0.000533295155037
    },
    "dynamic_complexity": 3.06927585602,
    "erbbands_crest": {
        "dmean": 2.35385370255,
        "dmean2": 3.82878875732,
        "dvar": 5.43389511108,
        "dvar2": 13.2715425491,
        "max": 30.0785713196,
        "mean": 7.66008758545,
        "median": 6.53306770325,
        "min": 2.05397439003,
        "var": 15.6657772064
    },
    "erbbands_flatness_db": {
        "dmean": 0.0169493425637,
        "dmean2": 0.0258410125971,
        "dvar": 0.000294464902254,
        "dvar2": 0.000644838786684,
        "max": 0.475876033306,
        "mean": 0.132905423641,
        "median": 0.115937121212,
        "min": 0.0350901149213,
        "var": 0.00350083457306
    },
    "erbbands_kurtosis": {
        "dmean": 0.828774273396,
        "dmean2": 1.32109332085,
        "dvar": 1.99016344547,
        "dvar2": 4.59304189682,
        "max": 56.211769104,
        "mean": 0.472212225199,
        "median": -0.121076822281,
        "min": -1.88339650631,
        "var": 4.74746227264
    },
    "erbbands_skewness": {
        "dmean": 0.343646645546,
        "dmean2": 0.531957864761,
        "dvar": 0.128152474761,
        "dvar2": 0.305143088102,
        "max": 4.63237667084,
        "mean": 0.152462244034,
        "median": 0.116722472012,
        "min": -2.83094096184,
        "var": 0.385253071785
    },
    "erbbands_spread": {
        "dmean": 10.8001394272,
        "dmean2": 17.1202335358,
        "dvar": 181.985656738,
        "dvar2": 460.103942871,
        "max": 173.826828003,
        "mean": 43.9010543823,
        "median": 41.239364624,
        "min": 1.05143427849,
        "var": 517.703552246
    },
    "hfc": {
        "dmean": 14.4355697632,
        "dmean2": 22.8162212372,
        "dvar": 514.99206543,
        "dvar2": 1363.88085938,
        "max": 240.332015991,
        "mean": 31.0076122284,
        "median": 24.2994728088,
        "min": 1.13281511386e-16,
        "var": 787.528991699
    },
    "melbands_crest": {
        "dmean": 4.60094308853,
        "dmean2": 7.2017250061,
        "dvar": 23.747543335,
        "dvar2": 57.8773002625,
        "max": 39.0668334961,
        "mean": 20.9271717072,
        "median": 20.4607276917,
        "min": 1.70854628086,
        "var": 87.9039764404
    },
    "melbands_flatness_db": {
        "dmean": 0.0430565811694,
        "dmean2": 0.0675408840179,
        "dvar": 0.00259411823936,
        "dvar2": 0.00642637442797,
        "max": 0.580351889133,
        "mean": 0.205594420433,
        "median": 0.201809734106,
        "min": 0.00395670393482,
        "var": 0.00690088933334
    },
    "melbands_kurtosis": {
        "dmean": 31.3532581329,
        "dmean2": 51.3759078979,
        "dvar": 8095.28955078,
        "dvar2": 20619.8164062,
        "max": 2154.33984375,
        "mean": 37.5658416748,
        "median": 10.8246517181,
        "min": -1.79526925087,
        "var": 8642.81347656
    },
    "melbands_skewness": {
        "dmean": 1.71251583099,
        "dmean2": 2.71792459488,
        "dvar": 6.81462430954,
        "dvar2": 16.737154007,
        "max": 37.9104118347,
        "mean": 3.97926545143,
        "median": 2.97644758224,
        "min": -1.91089963913,
        "var": 13.6918106079
    },
    "melbands_spread": {
        "dmean": 9.46078491211,
        "dmean2": 15.1673774719,
        "dvar": 143.37828064,
        "dvar2": 367.365203857,
        "max": 202.434616089,
        "mean": 23.1496295929,
        "median": 18.1102180481,
        "min": 0.213816821575,
        "var": 343.288146973
    },
    "pitch_salience": {
        "dmean": 0.110843382776,
        "dmean2": 0.174589902163,
        "dvar": 0.0152974631637,
        "dvar2": 0.0370234623551,
        "max": 0.970875382423,
        "mean": 0.435732483864,
        "median": 0.429427146912,
        "min": 0.0218708962202,
        "var": 0.0383456721902
    },
    "silence_rate_20dB": {
        "dmean": 0,
        "dmean2": 0,
        "dvar": 0,
        "dvar2": 0,
        "max": 1,
        "mean": 1,
        "median": 1,
        "min": 1,
        "var": 0
    },
    "silence_rate_30dB": {
        "dmean": 0.0871976315975,
        "dmean2": 0.174411937594,
        "dvar": 0.0795993506908,
        "dvar2": 0.187396332622,
        "max": 1,
        "mean": 0.893021047115,
        "median": 1,
        "min": 0,
        "var": 0.0955447778106
    },
    "silence_rate_60dB": {
        "dmean": 0.0202696248889,
        "dmean2": 0.0405431240797,
        "dvar": 0.0198598001152,
        "dvar2": 0.0454054288566,
        "max": 1,
        "mean": 0.0762906298041,
        "median": 0,
        "min": 0,
        "var": 0.0704542845488
    },
    "spectral_centroid": {
        "dmean": 346.357574463,
        "dmean2": 537.378479004,
        "dvar": 139636.6875,
        "dvar2": 329679.03125,
        "max": 10869.9199219,
        "mean": 1768.46887207,
        "median": 1756.27172852,
        "min": 143.033248901,
        "var": 392161.1875
    },
    "spectral_complexity": {
        "dmean": 6.48761844635,
        "dmean2": 9.92599010468,
        "dvar": 54.885181427,
        "dvar2": 113.4609375,
        "max": 62,
        "mean": 19.5930213928,
        "median": 18,
        "min": 0,
        "var": 141.153991699
    },
    "spectral_decrease": {
        "dmean": 4.82689399561e-09,
        "dmean2": 7.37105487758e-09,
        "dvar": 3.02671805055e-17,
        "dvar2": 7.71787635653e-17,
        "max": -4.75884078582e-29,
        "mean": -1.26219470431e-08,
        "median": -9.91100179704e-09,
        "min": -7.49521333887e-08,
        "var": 1.1589501831e-16
    },
    "spectral_energy": {
        "dmean": 0.0187029838562,
        "dmean2": 0.0286893192679,
        "dvar": 0.000447365251603,
        "dvar2": 0.00112520880066,
        "max": 0.284199386835,
        "mean": 0.0504506230354,
        "median": 0.0411951839924,
        "min": 1.04545806657e-20,
        "var": 0.00174341420643
    },
    "spectral_energyband_high": {
        "dmean": 0.00091592350509,
        "dmean2": 0.00142293702811,
        "dvar": 2.06385675483e-06,
        "dvar2": 5.17473608852e-06,
        "max": 0.016408983618,
        "mean": 0.0018843235448,
        "median": 0.00125572737306,
        "min": 7.51162068025e-21,
        "var": 4.26215183325e-06
    },
    "spectral_energyband_low": {
        "dmean": 0.0164775885642,
        "dmean2": 0.0256677586585,
        "dvar": 0.00048253161367,
        "dvar2": 0.00128790538292,
        "max": 0.281932651997,
        "mean": 0.0343420803547,
        "median": 0.0196185186505,
        "min": 1.43722189669e-22,
        "var": 0.00144865829498
    },
    "spectral_energyband_middle_high": {
        "dmean": 0.00400059344247,
        "dmean2": 0.00669150846079,
        "dvar": 4.98694280395e-05,
        "dvar2": 0.000138549308758,
        "max": 0.153905242682,
        "mean": 0.00667490717024,
        "median": 0.0046205651015,
        "min": 1.65479400051e-21,
        "var": 5.61932065466e-05
    },
    "spectral_energyband_middle_low": {
        "dmean": 0.00539865065366,
        "dmean2": 0.00860093999654,
        "dvar": 6.98941730661e-05,
        "dvar2": 0.000167606136529,
        "max": 0.116734065115,
        "mean": 0.00827016867697,
        "median": 0.00468816235662,
        "min": 3.04143113197e-22,
        "var": 0.000105663319118
    },
    "spectral_entropy": {
        "dmean": 0.192038834095,
        "dmean2": 0.29903203249,
        "dvar": 0.0501332990825,
        "dvar2": 0.123470172286,
        "max": 9.79801464081,
        "mean": 7.87118864059,
        "median": 7.95920085907,
        "min": 5.70042848587,
        "var": 0.182303860784
    },
    "spectral_flux": {
        "dmean": 0.0379087217152,
        "dmean2": 0.058017436415,
        "dvar": 0.00160055689048,
        "dvar2": 0.00329573289491,
        "max": 0.382203906775,
        "mean": 0.110183745623,
        "median": 0.0985282361507,
        "min": 1.0224764091e-10,
        "var": 0.00503285275772
    },
    "spectral_kurtosis": {
        "dmean": 0.962835252285,
        "dmean2": 1.57215547562,
        "dvar": 2.46914339066,
        "dvar2": 6.98166751862,
        "max": 49.3915634155,
        "mean": 3.26635050774,
        "median": 2.83450341225,
        "min": -1.19076311588,
        "var": 5.87111902237
    },
    "spectral_rms": {
        "dmean": 0.00127365544904,
        "dmean2": 0.00196018675342,
        "dvar": 1.68643316556e-06,
        "dvar2": 4.40064013674e-06,
        "max": 0.0166513565928,
        "mean": 0.0062799253501,
        "median": 0.00633959192783,
        "min": 3.19367991254e-12,
        "var": 9.78273237706e-06
    },
    "spectral_rolloff": {
        "dmean": 697.465332031,
        "dmean2": 1157.88830566,
        "dvar": 1159674.625,
        "dvar2": 2877813,
        "max": 18970.7519531,
        "mean": 1467.87878418,
        "median": 1098.19335938,
        "min": 43.06640625,
        "var": 2906050.25
    },
    "spectral_skewness": {
        "dmean": 0.161863654852,
        "dmean2": 0.252745002508,
        "dvar": 0.0338591895998,
        "dvar2": 0.0859930664301,
        "max": 5.83079147339,
        "mean": 1.43194305897,
        "median": 1.39602422714,
        "min": 0.0330815315247,
        "var": 0.130712717772
    },
    "spectral_spread": {
        "dmean": 600717.5,
        "dmean2": 911990.5,
        "dvar": 539868626944,
        "dvar2": 1.06628926669e+12,
        "max": 40526948,
        "mean": 5805290,
        "median": 5751330,
        "min": 1227642.125,
        "var": 2.83741572301e+12
    },
    "spectral_strongpeak": {
        "dmean": 0.350299596786,
        "dmean2": 0.587078988552,
        "dvar": 0.528641998768,
        "dvar2": 1.15465891361,
        "max": 21.8120574951,
        "mean": 0.688744723797,
        "median": 0.448133349419,
        "min": 0,
        "var": 0.92460089922
    },
    "zerocrossingrate": {
        "dmean": 0.0141839655116,
        "dmean2": 0.0169382896274,
        "dvar": 0.000281248590909,
        "dvar2": 0.000357837299816,
        "max": 0.8330078125,
        "mean": 0.0663062110543,
        "median": 0.05810546875,
        "min": 0.00146484375,
        "var": 0.00199850322679
    },
    "barkbands": {
        "dmean": [0.00208064285107, 0.0122639378533, 0.00399717967957, 0.00164884421974, 0.00187036092393, 0.00105346704368, 0.0010239261901, 0.000866137619596, 0.000991487177089, 0.00072856224142, 0.000612657808233, 0.000762789684813, 0.000603983702604, 0.000807959993836, 0.000453578832094, 0.000486518751131, 0.000390712259104, 0.000312227086397, 0.000300347572193, 0.000219289227971, 0.000224221337703, 0.000167805163073, 0.000174026819877, 0.000172200845554, 0.000138740651892, 8.85292101884e-05, 2.08837846003e-05],
        "dmean2": [0.00260713882744, 0.0179929211736, 0.00717656314373, 0.00298101687804, 0.00311759137549, 0.00169825740159, 0.00163893541321, 0.00148477393668, 0.00163492956199, 0.0012130162213, 0.00101982615888, 0.00128424027935, 0.00103698100429, 0.00141561741475, 0.000768401310779, 0.00082332175225, 0.000651792273857, 0.000517605454661, 0.000514413055498, 0.000360268837539, 0.000373645249056, 0.000269976473646, 0.000283001892967, 0.0002781766525, 0.000211534803384, 0.000128424566356, 3.16072546411e-05],
        "dvar": [1.1227349205e-05, 0.000307978218189, 0.000131169101223, 2.0087163648e-05, 1.38522082125e-05, 7.65047025197e-06, 3.98955171477e-06, 3.91535013478e-06, 4.15852991864e-06, 2.26245242629e-06, 2.20668198381e-06, 2.22941480388e-06, 1.42125634284e-06, 3.04059403788e-06, 9.43390489283e-07, 1.10785254037e-06, 4.08546043218e-07, 2.9271910762e-07, 3.93824336697e-07, 9.67043263245e-08, 1.46856947936e-07, 6.32804955103e-08, 8.60906084199e-08, 8.32685387309e-08, 4.40081429076e-08, 2.31979306875e-08, 1.67467129053e-09],
        "dvar2": [1.81852847163e-05, 0.000736550544389, 0.000374807685148, 5.76796010137e-05, 3.50278496626e-05, 1.85293301911e-05, 9.15700093174e-06, 1.02739968497e-05, 1.03457941805e-05, 5.60815169592e-06, 4.64799404654e-06, 5.93417871642e-06, 3.88859825762e-06, 8.74207762536e-06, 2.62321736955e-06, 2.36725145442e-06, 1.05079311652e-06, 7.29666055577e-07, 1.03542299712e-06, 2.54393825116e-07, 3.95406857479e-07, 1.56063492796e-07, 2.17863288299e-07, 2.21189779381e-07, 1.02410588454e-07, 4.74890029523e-08, 3.59830587549e-09],
        "max": [0.0565362200141, 0.233332782984, 0.0846411660314, 0.0534007512033, 0.0515820346773, 0.0780618265271, 0.039538744837, 0.026418870315, 0.0357659943402, 0.0354564897716, 0.0784831121564, 0.0372927300632, 0.0203854236752, 0.0147125981748, 0.051714014262, 0.0715290978551, 0.00834070052952, 0.012923149392, 0.0170278232545, 0.00392375094816, 0.00439172051847, 0.0039123413153, 0.00376729667187, 0.00450131855905, 0.00273210625164, 0.00207722582854, 0.000625083281193],
        "mean": [0.00454695336521, 0.025785529986, 0.00337613211013, 0.0013422165066, 0.00220346124843, 0.0012817888055, 0.00127111002803, 0.000873960612807, 0.00112960208207, 0.000855511985719, 0.000757626898121, 0.000945964769926, 0.00066301174229, 0.000868052069563, 0.000564300513361, 0.000614596589003, 0.000519153487403, 0.00042420293903, 0.000369767250959, 0.00033930526115, 0.000337999343174, 0.000303144741338, 0.000298044265946, 0.000313322292641, 0.000273893179838, 0.000161780990311, 3.01176314679e-05],
        "median": [0.000832288758829, 0.0120427235961, 0.000241111672949, 0.000130616594106, 0.000478590489365, 0.000272358040093, 0.000312731106533, 0.000166903744685, 0.000281591666862, 0.000263104389887, 0.000207011034945, 0.000377319287509, 0.000276270729955, 0.000336650409736, 0.000223231501877, 0.000277934304904, 0.000232607257203, 0.000226345669944, 0.000172630549059, 0.000204750103876, 0.000201259885216, 0.000192254665308, 0.000162260897923, 0.000160404393682, 0.000140360090882, 7.66643206589e-05, 9.52628397499e-06],
        "min": [6.98520049484e-23, 2.82758987323e-23, 5.56626754938e-23, 3.1393379211e-23, 3.99729262865e-23, 9.34003991152e-23, 4.89292806621e-23, 3.5099769599e-23, 4.30436714897e-23, 5.92353192484e-23, 1.00267161927e-22, 1.2832534136e-22, 7.48640232434e-23, 1.45573425332e-22, 1.60350140617e-22, 1.1529032998e-22, 1.40281859976e-22, 2.05525339516e-22, 3.15779783426e-22, 3.16122565577e-22, 4.48426504825e-22, 4.91270058081e-22, 5.01010331937e-22, 9.10457565982e-22, 1.21751807613e-21, 1.72060393267e-21, 2.24866686726e-21],
        "var": [4.994351184e-05, 0.00098566384986, 8.82783060661e-05, 1.34584870466e-05, 1.7565298549e-05, 1.08166213977e-05, 6.40841335553e-06, 4.17800674768e-06, 5.20511275681e-06, 2.85052078652e-06, 4.52362473879e-06, 2.62708317678e-06, 1.29559600737e-06, 2.32674733525e-06, 1.42846874951e-06, 1.94713152268e-06, 5.96884717652e-07, 4.00310568693e-07, 4.22108143994e-07, 1.59389060173e-07, 1.79897597263e-07, 1.26786048327e-07, 1.42549296811e-07, 1.73416765392e-07, 1.2152416673e-07, 5.31786419344e-08, 2.85689294444e-09]
    },
    "erbbands": {
        "dmean": [0.595620453358, 1.93970191479, 4.02009010315, 5.6583237648, 4.9993929863, 7.16978216171, 7.58285903931, 9.38467979431, 13.5380353928, 15.760881424, 21.7087917328, 18.8872966766, 24.6200275421, 21.8183002472, 23.5335273743, 27.8867454529, 27.6246204376, 39.6543273926, 23.3425140381, 26.6426620483, 24.8188972473, 23.5465373993, 17.4172153473, 15.9064722061, 13.0269622803, 9.57978057861, 8.4810256958, 9.31824302673, 6.54459524155, 5.25126743317, 4.8634853363, 3.57534790039, 3.04392170906, 1.78316092491, 0.955073297024, 0.440419465303, 0.154299750924, 0.0394057780504, 0.00336384261027, 6.32735900581e-05],
        "dmean2": [0.81048989296, 3.07323503494, 7.04556846619, 10.1163921356, 8.51088237762, 12.1586685181, 12.4989280701, 15.1242246628, 21.9848995209, 25.1007099152, 37.6632347107, 32.019657135, 40.5449790955, 36.137638092, 39.5020103455, 47.2537879944, 47.3903007507, 70.0626449585, 38.9627227783, 45.357963562, 41.6495895386, 38.9361801147, 29.002040863, 26.9007511139, 21.9566459656, 15.8278799057, 14.0294437408, 15.6281270981, 10.5273237228, 8.40159988403, 7.91005563736, 5.78462600708, 4.94407510757, 2.76629424095, 1.45545578003, 0.671677827835, 0.220925748348, 0.0564557574689, 0.00505171436816, 9.26498396439e-05],
        "dvar": [0.854270458221, 9.5871963501, 103.556480408, 249.780838013, 141.867584229, 226.270675659, 287.811889648, 865.336669922, 901.129943848, 1155.61804199, 2476.99682617, 1683.90844727, 2288.03955078, 2139.91333008, 3108.5925293, 3181.8425293, 2897.94482422, 8367.41894531, 1724.64196777, 4379.2578125, 2043.00415039, 1520.08996582, 907.77331543, 1009.96588135, 472.077148438, 206.043426514, 163.401550293, 294.632263184, 103.543685913, 69.650932312, 69.2589492798, 35.0011138916, 27.3285007477, 7.75773191452, 2.19743037224, 0.526772379875, 0.0767468437552, 0.0050892950967, 4.71307030239e-05, 1.0532966499e-08],
        "dvar2": [1.56587588787, 27.10222435, 299.72555542, 706.997680664, 373.059295654, 598.548400879, 683.940795898, 2126.1875, 2201.20581055, 2461.06738281, 6727.09667969, 4389.828125, 5708.19140625, 5383.95605469, 6814.37060547, 8794.65917969, 7902.1171875, 23895.1484375, 4675.80517578, 10288.0898438, 4952.56494141, 3883.83129883, 2349.71484375, 2659.76293945, 1271.93322754, 539.545898438, 434.251678467, 805.022949219, 257.655426025, 172.336196899, 178.596069336, 91.7992172241, 72.2998199463, 19.3199157715, 4.97022294998, 1.14244163036, 0.158437311649, 0.00991067569703, 0.000101563535281, 2.23586180681e-08],
        "max": [14.5738172531, 24.046831131, 71.4187774658, 167.724578857, 221.554870605, 231.727645874, 394.111328125, 901.450012207, 641.245605469, 873.723388672, 663.651062012, 834.153076172, 803.752075195, 1604.42114258, 3043.90991211, 1441.63049316, 914.071166992, 1010.11352539, 553.538391113, 4673.62255859, 938.637939453, 525.24822998, 545.717163086, 771.120422363, 361.202362061, 205.032943726, 162.216339111, 227.996856689, 152.65776062, 114.180526733, 104.820976257, 118.051933289, 75.7014694214, 43.275844574, 23.1988201141, 13.4416465759, 3.4369187355, 0.85966604948, 0.110192604363, 0.0015311796451],
        "mean": [1.33767092228, 3.35906720161, 4.10284662247, 4.6920208931, 5.22167015076, 7.9344959259, 8.83233451843, 11.3586416245, 16.6710510254, 19.0090789795, 22.0234527588, 20.4063968658, 30.6788864136, 27.9059123993, 29.9412784576, 34.6590766907, 32.3410339355, 42.0422096252, 30.9022674561, 34.3232536316, 33.6210670471, 32.7877120972, 23.8216190338, 20.7986125946, 17.9002456665, 15.0258903503, 13.3774023056, 13.4682283401, 11.3324184418, 9.47126865387, 8.25211334229, 6.42441368103, 5.34270954132, 3.36154103279, 1.80842423439, 0.794283568859, 0.27893269062, 0.0660348534584, 0.00481482641771, 0.000139869152918],
        "median": [0.394169807434, 1.48741722107, 0.706802725792, 0.640563488007, 0.929166316986, 1.61434853077, 1.8135445118, 2.5888364315, 4.33518314362, 4.45071697235, 4.52706813812, 5.71412849426, 10.6416015625, 11.7065057755, 10.5414438248, 14.8180990219, 15.2866201401, 16.6260547638, 15.4445304871, 14.9819765091, 17.0967140198, 16.2395935059, 13.2149963379, 10.9741363525, 9.90430164337, 9.13777637482, 8.4588394165, 7.80744552612, 7.12716054916, 5.62548017502, 4.41006851196, 3.40338182449, 2.56842756271, 1.65392434597, 0.923012852669, 0.392520070076, 0.125352561474, 0.0264465454966, 0.00145301676821, 9.92942223093e-05],
        "min": [2.1564380465e-21, 2.88662446209e-21, 3.99751574629e-20, 1.13898660295e-19, 7.52977794093e-20, 1.51130473256e-19, 4.82974319455e-19, 8.43073802349e-19, 6.15175203833e-19, 8.86572904317e-19, 5.55338199091e-19, 1.10927370666e-18, 1.5532220584e-18, 3.58556449839e-18, 3.36810140369e-18, 5.39719550541e-18, 4.11466726849e-18, 6.01484506495e-18, 9.85848164265e-18, 6.20794872459e-18, 6.26544191307e-18, 8.92797459106e-18, 1.20526477006e-17, 1.32201461336e-17, 1.71058039e-17, 1.42706373874e-17, 1.56165082205e-17, 1.79149106162e-17, 1.3224471461e-17, 2.03459861647e-17, 1.35350885344e-17, 1.77994295852e-17, 1.57700428684e-17, 1.35293015788e-17, 8.88170293478e-18, 5.58778246804e-18, 3.17575812983e-18, 1.40321709362e-18, 2.61506584913e-19, 3.68098474513e-20],
        "var": [3.34966087341, 17.7265529633, 81.8265380859, 164.468673706, 138.324157715, 259.118591309, 452.424438477, 1087.93664551, 1270.33227539, 1888.21166992, 2344.22607422, 1733.05236816, 3124.04711914, 2538.16015625, 6322.57958984, 3316.71166992, 2613.43701172, 6066.84033203, 2049.82617188, 11246.8115234, 2988.72607422, 2339.76416016, 1193.42224121, 1090.3380127, 566.969116211, 324.76449585, 241.22517395, 330.066741943, 188.065994263, 132.674545288, 111.347595215, 67.7628860474, 56.3719749451, 20.3695049286, 5.36752271652, 1.17119300365, 0.172264754772, 0.0108071286231, 7.99624540377e-05, 2.54328664795e-08]
    },
    "gfcc": {
        "mean": [17.2644271851, 45.1563720703, -113.784439087, 26.7651538849, -48.4068641663, 27.3479652405, -29.2911453247, 16.0566062927, -18.6648654938, 11.700758934, -13.3274307251, 8.35508155823, -8.44166374207],
        "cov": [[11728.7080078, -204.058563232, 2097.06689453, 1203.52929688, 690.700073242, 301.003448486, -197.124389648, 605.854309082, 140.797348022, 335.922790527, -174.851318359, 238.308654785, -208.580291748], [-204.058563232, 1597.70617676, 123.698371887, 170.930099487, 154.774261475, -118.823883057, 115.585365295, -152.099609375, 2.24571800232, -63.080242157, 72.2971954346, -75.6159133911, 114.494659424], [2097.06689453, 123.698371887, 1571.85632324, 857.057434082, 617.817260742, 327.694396973, 126.684707642, 326.998535156, 150.034957886, 146.896972656, -17.2515048981, 86.9924697876, -28.0775051117], [1203.52929688, 170.930099487, 857.057434082, 853.233459473, 534.707214355, 326.371459961, 201.007415771, 251.36164856, 168.968322754, 96.4622039795, 6.80339670181, 26.3499469757, 29.4804592133], [690.700073242, 154.774261475, 617.817260742, 534.707214355, 573.212402344, 305.415161133, 248.060241699, 214.602249146, 158.637481689, 103.108665466, 26.6255340576, 37.3571243286, 30.7711601257], [301.003448486, -118.823883057, 327.694396973, 326.371459961, 305.415161133, 393.602905273, 221.875823975, 184.471984863, 113.634849548, 78.7200164795, 19.9391498566, 30.3050098419, 18.2214756012], [-197.124389648, 115.585365295, 126.684707642, 201.007415771, 248.060241699, 221.875823975, 323.821380615, 164.300811768, 132.3931427, 78.593170166, 61.254032135, 22.5154571533, 65.0564422607], [605.854309082, -152.099609375, 326.998535156, 251.36164856, 214.602249146, 184.471984863, 164.300811768, 296.871154785, 173.245834351, 115.042198181, 35.8779830933, 50.4432258606, 19.1121292114], [140.797348022, 2.24571800232, 150.034957886, 168.968322754, 158.637481689, 113.634849548, 132.3931427, 173.245834351, 206.64515686, 125.369285583, 65.8935928345, 31.5863437653, 32.6961669922], [335.922790527, -63.080242157, 146.896972656, 96.4622039795, 103.108665466, 78.7200164795, 78.593170166, 115.042198181, 125.369285583, 178.729492188, 100.184577942, 60.6209907532, 21.1789703369], [-174.851318359, 72.2971954346, -17.2515048981, 6.80339670181, 26.6255340576, 19.9391498566, 61.254032135, 35.8779830933, 65.8935928345, 100.184577942, 154.62171936, 77.4004745483, 50.5021324158], [238.308654785, -75.6159133911, 86.9924697876, 26.3499469757, 37.3571243286, 30.3050098419, 22.5154571533, 50.4432258606, 31.5863437653, 60.6209907532, 77.4004745483, 138.260009766, 61.2214050293], [-208.580291748, 114.494659424, -28.0775051117, 29.4804592133, 30.7711601257, 18.2214756012, 65.0564422607, 19.1121292114, 32.6961669922, 21.1789703369, 50.5021324158, 61.2214050293, 137.198303223]],
        "icov": [[0.0001648884936, -0.000125932012452, 8.24827111501e-06, -0.000171580060851, 6.16244778939e-06, 7.83042480634e-07, 0.000310791830998, -0.000439121009549, 0.000386197993066, -0.000602246669587, 0.000618189747911, -0.00052776420489, 0.000315520301228], [-0.000125932012452, 0.0013146410929, -0.000462665047962, 2.98627164739e-05, -0.000367150612874, 0.000960033794399, -0.00108211755287, 0.00162729877047, -0.00093078892678, 0.00153542682528, -0.00194262748118, 0.00189216388389, -0.00129283522256], [8.24827111501e-06, -0.000462665047962, 0.00219895271584, -0.00143190589733, -0.000924841384403, -8.89892908162e-05, 0.00116598245222, -0.00162204704247, 0.00148419674952, -0.00152098655235, 0.00144554919098, -0.00170003366657, 0.00115623895545], [-0.000171580060851, 2.98627164739e-05, -0.00143190589733, 0.00444307597354, -0.0019599259831, -0.00108424085192, 0.000460040115286, 0.000131767548737, -0.00145105400588, 0.00165928679053, -0.00125478126574, 0.00199152855203, -0.00152356107719], [6.16244778939e-06, -0.000367150612874, -0.000924841384403, -0.0019599259831, 0.00652422429994, -0.00135536165908, -0.00248497631401, 0.000795619096607, -0.00106463755947, -0.000490382837597, 0.00108435051516, -0.00108696951065, 0.000747167156078], [7.83042480634e-07, 0.000960033794399, -8.89892908162e-05, -0.00108424085192, -0.00135536165908, 0.00663209753111, -0.0033649133984, -0.00010472516442, 0.000535141618457, -1.34011916089e-05, -1.54898771143e-05, 3.98068259528e-05, 0.000310588016873], [0.000310791830998, -0.00108211755287, 0.00116598245222, 0.000460040115286, -0.00248497631401, -0.0033649133984, 0.00962766632438, -0.00423436099663, 0.000600552768447, -0.000979203614406, -0.000446979713161, 0.000682665442582, -0.00158788333647], [-0.000439121009549, 0.00162729877047, -0.00162204704247, 0.000131767548737, 0.000795619096607, -0.00010472516442, -0.00423436099663, 0.0126140648499, -0.00800241157413, 0.00194285379257, -0.000511514721438, 2.95599074889e-05, -0.000517471635249], [0.000386197993066, -0.00093078892678, 0.00148419674952, -0.00145105400588, -0.00106463755947, 0.000535141618457, 0.000600552768447, -0.00800241157413, 0.0162551123649, -0.00846547167748, 0.00117360148579, 0.000636848795693, -0.000306066212943], [-0.000602246669587, 0.00153542682528, -0.00152098655235, 0.00165928679053, -0.000490382837597, -1.34011916089e-05, -0.000979203614406, 0.00194285379257, -0.00846547167748, 0.0184685923159, -0.010987485759, 0.00224745809101, -0.000351244467311], [0.000618189747911, -0.00194262748118, 0.00144554919098, -0.00125478126574, 0.00108435051516, -1.54898771143e-05, -0.000446979713161, -0.000511514721438, 0.00117360148579, -0.010987485759, 0.0193961989135, -0.00997771508992, 0.00189757393673], [-0.00052776420489, 0.00189216388389, -0.00170003366657, 0.00199152855203, -0.00108696951065, 3.98068259528e-05, 0.000682665442582, 2.95599074889e-05, 0.000636848795693, 0.00224745809101, -0.00997771508992, 0.0180920660496, -0.00814565271139], [0.000315520301228, -0.00129283522256, 0.00115623895545, -0.00152356107719, 0.000747167156078, 0.000310588016873, -0.00158788333647, -0.000517471635249, -0.000306066212943, -0.000351244467311, 0.00189757393673, -0.00814565271139, 0.0130909644067]]
    },
    "melbands": {
        "dmean": [0.00418707588688, 0.00203654146753, 0.000940398836974, 0.000418352079578, 0.000281083892332, 0.000211265214602, 0.00020189776842, 0.000172095606104, 0.000184115444426, 0.000123815407278, 0.000127186824102, 9.17732904782e-05, 8.22680303827e-05, 7.75671069277e-05, 8.0165998952e-05, 6.42829254502e-05, 7.71188788349e-05, 4.056742182e-05, 4.0170543798e-05, 3.46471060766e-05, 2.84195848508e-05, 2.76123264484e-05, 1.63435233844e-05, 1.57265658345e-05, 1.3401348042e-05, 1.14528884296e-05, 8.65356378199e-06, 6.51292020848e-06, 5.88301600146e-06, 5.45419561604e-06, 5.52002575205e-06, 3.99843702326e-06, 3.27658244714e-06, 3.17820217788e-06, 2.96338021144e-06, 2.71900057669e-06, 2.18104923988e-06, 2.3407324079e-06, 1.91242725123e-06, 1.43229715377e-06],
        "dmean2": [0.00595140177757, 0.00352346012369, 0.00166074582376, 0.000703641155269, 0.000465625344077, 0.000339012709446, 0.000326928653521, 0.000276672973996, 0.000321370753227, 0.000206677854294, 0.000208804864087, 0.000151147236465, 0.000136758069857, 0.000131317821797, 0.000135516311275, 0.00011068648746, 0.00013680907432, 6.76908675814e-05, 6.78713258822e-05, 5.87290523981e-05, 4.76444220112e-05, 4.57548449049e-05, 2.74123940471e-05, 2.6043255275e-05, 2.28191893257e-05, 1.95596785488e-05, 1.43823690451e-05, 1.07269115688e-05, 9.69962820818e-06, 9.1650063041e-06, 9.33072351472e-06, 6.44123565507e-06, 5.31266869075e-06, 5.16225009051e-06, 4.8618285291e-06, 4.43182716481e-06, 3.56798068424e-06, 3.85013936466e-06, 3.08201583721e-06, 2.21011214308e-06],
        "dvar": [3.72511531168e-05, 1.66777390405e-05, 6.27454573987e-06, 7.76289368787e-07, 3.54864482688e-07, 3.70409139805e-07, 1.78574396159e-07, 1.29863934717e-07, 1.79131589562e-07, 7.43973131989e-08, 6.05171166512e-08, 3.68534145423e-08, 4.5574665819e-08, 3.46634507764e-08, 2.29060734824e-08, 1.72576637425e-08, 3.27711049408e-08, 5.9689080345e-09, 7.23821091952e-09, 6.49223652616e-09, 2.77067369048e-09, 2.24185647824e-09, 8.2426515613e-10, 9.30921451037e-10, 7.68118513239e-10, 5.21437004686e-10, 1.89097848491e-10, 1.07464814825e-10, 7.66443714051e-11, 9.36709876331e-11, 1.01040328881e-10, 4.07120899493e-11, 2.43258208715e-11, 2.82531116558e-11, 2.56522494219e-11, 2.08970809407e-11, 1.32173300083e-11, 1.67772930965e-11, 1.02754688439e-11, 4.70084691659e-12],
        "dvar2": [7.79516049079e-05, 4.87726902065e-05, 1.76898520294e-05, 1.99196983885e-06, 8.75937928413e-07, 9.10144535737e-07, 4.36974232798e-07, 2.9121159173e-07, 4.89287288019e-07, 1.88770457044e-07, 1.50011487676e-07, 9.28460366367e-08, 9.17743534501e-08, 9.31059389586e-08, 5.78793653006e-08, 4.78415422833e-08, 9.38286319752e-08, 1.58991078081e-08, 1.96931235763e-08, 1.3896521267e-08, 6.699476085e-09, 5.65631630423e-09, 2.18035878241e-09, 2.16709472589e-09, 2.01379068976e-09, 1.36279687535e-09, 4.90817109178e-10, 2.77989575803e-10, 2.05908956552e-10, 2.49240628136e-10, 2.75183181797e-10, 1.01746472358e-10, 6.01190555671e-11, 7.08172062658e-11, 6.61338414587e-11, 5.41365910434e-11, 3.53108375872e-11, 4.48554526855e-11, 2.74352693341e-11, 1.12130365756e-11],
        "max": [0.0908620581031, 0.0329976156354, 0.0278379023075, 0.0110505195335, 0.0142988767475, 0.0187381468713, 0.00862395390868, 0.00785850733519, 0.00538631342351, 0.00512456381693, 0.00431130873039, 0.00676774280146, 0.0124693010002, 0.00549603346735, 0.00230369949713, 0.00238723959774, 0.00174046144821, 0.00111917988397, 0.00392783759162, 0.00622386531904, 0.00109669356607, 0.000636433192994, 0.000516355736181, 0.000991515815258, 0.000706156657543, 0.000634648837149, 0.000199223839445, 0.000162503158208, 0.000113123562187, 0.000127919760416, 0.000111867848318, 0.000119688455015, 6.01434803684e-05, 6.89337757649e-05, 7.44399731047e-05, 6.2851315306e-05, 8.86834823177e-05, 5.09268684254e-05, 5.31109253643e-05, 3.22635023622e-05],
        "mean": [0.00914872437716, 0.00286103505641, 0.000822685600724, 0.000476517278003, 0.000324525783071, 0.000260983943008, 0.000251523917541, 0.000201902148547, 0.000181788680493, 0.000136177870445, 0.000157902264618, 0.00011549852934, 0.000103922422568, 9.11582974368e-05, 9.52439004323e-05, 7.07852595951e-05, 7.82762872404e-05, 5.06663309352e-05, 4.88637342642e-05, 4.20450487582e-05, 3.63120452676e-05, 3.62959108315e-05, 2.12801714952e-05, 2.07720986509e-05, 1.63646946021e-05, 1.41558293763e-05, 1.19787227959e-05, 9.53448125074e-06, 8.70500025485e-06, 7.58837995818e-06, 7.64357810112e-06, 6.50824449622e-06, 5.51516313863e-06, 5.26377561982e-06, 4.7832168093e-06, 4.3738673412e-06, 3.76186403628e-06, 3.87375803257e-06, 3.22831510857e-06, 2.68745088761e-06],
        "median": [0.00331429718062, 0.00114453444257, 0.000131677850732, 0.00010007659148, 6.86408093316e-05, 6.05924797128e-05, 6.84941478539e-05, 4.09527638112e-05, 3.18188685924e-05, 3.41342311003e-05, 5.11340622324e-05, 4.69682272524e-05, 3.27364032273e-05, 3.04275090457e-05, 3.30221373588e-05, 2.70190212177e-05, 2.83135595964e-05, 2.16657972487e-05, 1.70309886016e-05, 1.78136033355e-05, 1.56826718012e-05, 1.5129951862e-05, 1.06551360659e-05, 1.00331344584e-05, 7.81565722718e-06, 6.73411614116e-06, 6.10977576798e-06, 5.27968222741e-06, 5.14050907441e-06, 4.16725015384e-06, 4.28101475336e-06, 3.98250267608e-06, 3.14613726005e-06, 2.91269338959e-06, 2.49418167186e-06, 2.11622750612e-06, 1.96292262444e-06, 1.7884758563e-06, 1.49813809003e-06, 1.3195918882e-06],
        "min": [1.73775518238e-23, 1.54757154664e-23, 1.86335130483e-23, 6.48491508506e-24, 1.62161529339e-23, 1.78655064699e-23, 9.91620088196e-24, 1.01583157044e-23, 4.34545646806e-24, 7.01934113264e-24, 7.61998455904e-24, 1.40389836101e-23, 1.10370531103e-23, 1.21418228313e-23, 1.45049148375e-23, 6.87756152873e-24, 1.14301298776e-23, 1.57941817693e-23, 1.05831654224e-23, 7.55445151706e-24, 6.49372113934e-24, 8.99686396074e-24, 8.91991846804e-24, 1.1438401873e-23, 1.02965170353e-23, 1.31663464657e-23, 1.33598516791e-23, 8.07595010656e-24, 6.67800259667e-24, 1.56158140078e-23, 8.70086441644e-24, 6.54732542114e-24, 1.01826126203e-23, 1.17676361273e-23, 6.80458873955e-24, 9.10661265645e-24, 1.16394280864e-23, 1.14961401804e-23, 9.4258828086e-24, 1.24551189398e-23],
        "var": [0.00013771133672, 1.82384337677e-05, 4.27053510066e-06, 9.00281918348e-07, 5.13832105753e-07, 4.8484838544e-07, 2.56873903481e-07, 2.02129740501e-07, 1.64710755257e-07, 8.39677412046e-08, 8.46034851065e-08, 4.29334576779e-08, 9.94044739855e-08, 3.8171410921e-08, 2.97531492777e-08, 1.56366013471e-08, 2.30133387902e-08, 7.13888770321e-09, 1.26244694698e-08, 1.53664139191e-08, 4.05286337823e-09, 3.50291684548e-09, 1.01623887083e-09, 1.29512345293e-09, 8.18555223603e-10, 5.85255344188e-10, 2.70721473017e-10, 1.67915764626e-10, 1.12112721884e-10, 1.1012674106e-10, 1.11559109173e-10, 6.94760013409e-11, 4.72524276651e-11, 4.63245344862e-11, 3.90142154694e-11, 3.45665510104e-11, 2.42579671628e-11, 3.17322904064e-11, 2.11064551253e-11, 1.27891690294e-11]
    },
    "mfcc": {
        "mean": [-628.803894043, 85.0634918213, -3.02181053162, 11.1568336487, 6.8349943161, 12.9270057678, 6.99475669861, 7.90665578842, 5.89450407028, 4.95245981216, 3.49555683136, 4.66202068329, 3.05228710175],
        "cov": [[8093.07910156, -158.551773071, 1082.46386719, 835.688659668, 811.588867188, 112.364151001, 16.6607627869, 195.653778076, 182.891860962, 233.211044312, 240.819839478, 108.32660675, 66.6247024536], [-158.551773071, 1283.20349121, 27.6854572296, 178.583221436, -41.0731468201, 23.1277828217, 31.1676254272, -85.354888916, -48.5524978638, -72.6698379517, -74.2602996826, -9.5111656189, 0.741366028786], [1082.46386719, 27.6854572296, 919.318786621, 532.669067383, 507.239807129, 209.484313965, 168.725753784, 182.383422852, 172.23765564, 144.874191284, 116.042694092, 66.3764724731, 57.4374275208], [835.688659668, 178.583221436, 532.669067383, 653.492797852, 450.50100708, 230.926452637, 190.034835815, 172.552856445, 188.422348022, 159.350540161, 105.830039978, 63.9753608704, 61.1371421814], [811.588867188, -41.0731468201, 507.239807129, 450.50100708, 524.729248047, 249.207046509, 179.814544678, 192.698059082, 185.037414551, 162.736083984, 122.105995178, 67.5508575439, 59.7409896851], [112.364151001, 23.1277828217, 209.484313965, 230.926452637, 249.207046509, 317.084411621, 208.266571045, 147.308013916, 145.839096069, 100.07257843, 73.9976272583, 56.9403381348, 46.227016449], [16.6607627869, 31.1676254272, 168.725753784, 190.034835815, 179.814544678, 208.266571045, 261.74331665, 164.841094971, 145.660476685, 106.422805786, 72.2017288208, 64.4551010132, 49.6046524048], [195.653778076, -85.354888916, 182.383422852, 172.552856445, 192.698059082, 147.308013916, 164.841094971, 229.385528564, 168.575515747, 114.319953918, 80.5876312256, 47.9516105652, 42.8473472595], [182.891860962, -48.5524978638, 172.23765564, 188.422348022, 185.037414551, 145.839096069, 145.660476685, 168.575515747, 230.175521851, 160.285812378, 94.4409484863, 51.8855667114, 38.7479515076], [233.211044312, -72.6698379517, 144.874191284, 159.350540161, 162.736083984, 100.07257843, 106.422805786, 114.319953918, 160.285812378, 213.047088623, 132.616821289, 64.7937545776, 35.5382041931], [240.819839478, -74.2602996826, 116.042694092, 105.830039978, 122.105995178, 73.9976272583, 72.2017288208, 80.5876312256, 94.4409484863, 132.616821289, 166.332794189, 97.6825790405, 53.8853187561], [108.32660675, -9.5111656189, 66.3764724731, 63.9753608704, 67.5508575439, 56.9403381348, 64.4551010132, 47.9516105652, 51.8855667114, 64.7937545776, 97.6825790405, 132.468261719, 85.1113815308], [66.6247024536, 0.741366028786, 57.4374275208, 61.1371421814, 59.7409896851, 46.227016449, 49.6046524048, 42.8473472595, 38.7479515076, 35.5382041931, 53.8853187561, 85.1113815308, 138.478027344]],
