{
"lowlevel": {
    "average_loudness": 0.0699326321483,
    "barkbands_crest": {
        "dmean": 3.22235512733,
        "dmean2": 5.45190954208,
        "dvar": 7.71997737885,
        "dvar2": 21.9623661041,
        "max": 26.5352725983,
        "mean": 12.4174518585,
        "median": 11.8910560608,
        "min": 2.18778729439,
        "var": 19.7991523743
    },
    "barkbands_flatness_db": {
        "dmean": 0.029760170728,
        "dmean2": 0.0464589856565,
        "dvar": 0.000716332695447,
        "dvar2": 0.00173018837813,
        "max": 0.612258672714,
        "mean": 0.200153842568,
        "median": 0.191841036081,
        "min": 0.019143294543,
        "var": 0.00455937488005
    },
    "barkbands_kurtosis": {
        "dmean": 6.880235672,
        "dmean2": 11.4339342117,
        "dvar": 647.329772949,
        "dvar2": 1753.14880371,
        "max": 1399.47973633,
        "mean": 11.8491001129,
        "median": 5.99203109741,
        "min": -1.80472886562,
        "var": 1227.32458496
    },
    "barkbands_skewness": {
        "dmean": 0.721186518669,
        "dmean2": 1.17550861835,
        "dvar": 0.697421550751,
        "dvar2": 1.84749615192,
        "max": 31.2375411987,
        "mean": 2.45558190346,
        "median": 2.19036436081,
        "min": -1.9715256691,
        "var": 2.87604546547
    },
    "barkbands_spread": {
        "dmean": 3.39907574654,
        "dmean2": 5.43198776245,
        "dvar": 18.6813144684,
        "dvar2": 46.9496040344,
        "max": 114.683631897,
        "mean": 11.4391088486,
        "median": 9.70879936218,
        "min": 0.126732245088,
        "var": 67.5281982422
    },
    "dissonance": {
        "dmean": 0.0204543657601,
        "dmean2": 0.0340967737138,
        "dvar": 0.000334895012202,
        "dvar2": 0.000903062638827,
        "max": 0.500000119209,
        "mean": 0.456531971693,
        "median": 0.463663220406,
        "min": 0.26750600338,
        "var": 0.0010158609366
    },
    "dynamic_complexity": 5.81655311584,
    "erbbands_crest": {
        "dmean": 2.22470808029,
        "dmean2": 3.46764206886,
        "dvar": 4.36122512817,
        "dvar2": 9.86166095734,
        "max": 31.1273708344,
        "mean": 8.53690052032,
        "median": 7.51066637039,
        "min": 2.29524254799,
        "var": 17.5832138062
    },
    "erbbands_flatness_db": {
        "dmean": 0.0167570840567,
        "dmean2": 0.0236462857574,
        "dvar": 0.00027163446066,
        "dvar2": 0.000527164607774,
        "max": 0.344489037991,
        "mean": 0.17076100409,
        "median": 0.169642850757,
        "min": 0.0282250214368,
        "var": 0.00192281091586
    },
    "erbbands_kurtosis": {
        "dmean": 0.663661718369,
        "dmean2": 1.04699707031,
        "dvar": 0.841753542423,
        "dvar2": 2.23650312424,
        "max": 35.2902946472,
        "mean": 0.230516582727,
        "median": -0.102821469307,
        "min": -1.75431394577,
        "var": 2.09629583359
    },
    "erbbands_skewness": {
        "dmean": 0.285831600428,
        "dmean2": 0.445618063211,
        "dvar": 0.0637334957719,
        "dvar2": 0.155160963535,
        "max": 4.87963724136,
        "mean": 0.435101538897,
        "median": 0.430170238018,
        "min": -2.31116628647,
        "var": 0.345592617989
    },
    "erbbands_spread": {
        "dmean": 6.02048778534,
        "dmean2": 9.32183265686,
        "dvar": 31.10663414,
        "dvar2": 74.3592300415,
        "max": 131.600509644,
        "mean": 34.0714645386,
        "median": 32.3501777649,
        "min": 4.22008514404,
        "var": 184.863922119
    },
    "hfc": {
        "dmean": 2.34996438026,
        "dmean2": 3.50548195839,
        "dvar": 13.2713279724,
        "dvar2": 28.9655170441,
        "max": 197.62953186,
        "mean": 11.4375905991,
        "median": 7.02620792389,
        "min": 1.23871249642e-16,
        "var": 194.043548584
    },
    "melbands_crest": {
        "dmean": 4.10120344162,
        "dmean2": 6.85206460953,
        "dvar": 12.5142126083,
        "dvar2": 34.4468383789,
        "max": 37.7348365784,
        "mean": 18.3304901123,
        "median": 17.8729820251,
        "min": 2.15924477577,
        "var": 37.9011268616
    },
    "melbands_flatness_db": {
        "dmean": 0.0341371037066,
        "dmean2": 0.0537563376129,
        "dvar": 0.000937659468036,
        "dvar2": 0.00228868052363,
        "max": 0.765260100365,
        "mean": 0.292422175407,
        "median": 0.284147918224,
        "min": 0.00815670378506,
        "var": 0.00658366503194
    },
    "melbands_kurtosis": {
        "dmean": 12.2591085434,
        "dmean2": 20.1915225983,
        "dvar": 580.847290039,
        "dvar2": 1586.13598633,
        "max": 973.133178711,
        "mean": 24.8666038513,
        "median": 14.5803804398,
        "min": -1.7302646637,
        "var": 1701.87658691
    },
    "melbands_skewness": {
        "dmean": 0.920253515244,
        "dmean2": 1.49613296986,
        "dvar": 0.852068126202,
        "dvar2": 2.30203533173,
        "max": 22.6943664551,
        "mean": 3.54326796532,
        "median": 3.18893766403,
        "min": -0.681343615055,
        "var": 3.89935398102
    },
    "melbands_spread": {
        "dmean": 3.57765102386,
        "dmean2": 5.80086278915,
        "dvar": 25.6703701019,
        "dvar2": 64.8031616211,
        "max": 201.193313599,
        "mean": 10.6780767441,
        "median": 8.33642578125,
        "min": 0.11219984293,
        "var": 87.7179946899
    },
    "pitch_salience": {
        "dmean": 0.0930059105158,
        "dmean2": 0.155695870519,
        "dvar": 0.00637291511521,
        "dvar2": 0.0179598387331,
        "max": 0.869581341743,
        "mean": 0.486044377089,
        "median": 0.495637238026,
        "min": 0.0320865735412,
        "var": 0.0181140583009
    },
    "silence_rate_20dB": {
        "dmean": 0.00165975105483,
        "dmean2": 0.00331980828196,
        "dvar": 0.00165698875207,
        "dvar2": 0.00349344336428,
        "max": 1,
        "mean": 0.993269383907,
        "median": 1,
        "min": 0,
        "var": 0.00668554240838
    },
    "silence_rate_30dB": {
        "dmean": 0.0383586920798,
        "dmean2": 0.0767244547606,
        "dvar": 0.0368843637407,
        "dvar2": 0.0850312784314,
        "max": 1,
        "mean": 0.911119282246,
        "median": 1,
        "min": 0,
        "var": 0.0809748396277
    },
    "silence_rate_60dB": {
        "dmean": 0.0265560168773,
        "dmean2": 0.0531169325113,
        "dvar": 0.0258478093892,
        "dvar2": 0.0606152489781,
        "max": 1,
        "mean": 0.158952608705,
        "median": 0,
        "min": 0,
        "var": 0.13368922472
    },
    "spectral_centroid": {
        "dmean": 155.204971313,
        "dmean2": 241.78137207,
        "dvar": 38181.578125,
        "dvar2": 81821.5546875,
        "max": 10612.9169922,
        "mean": 806.247558594,
        "median": 709.417724609,
        "min": 88.3059921265,
        "var": 208172.734375
    },
    "spectral_complexity": {
        "dmean": 2.15564775467,
        "dmean2": 3.47639250755,
        "dvar": 5.59073066711,
        "dvar2": 12.9691371918,
        "max": 50,
        "mean": 13.5,
        "median": 13,
        "min": 0,
        "var": 71.4668579102
    },
    "spectral_decrease": {
        "dmean": 3.96851485007e-09,
        "dmean2": 6.53207088419e-09,
        "dvar": 4.59863716185e-17,
        "dvar2": 1.23769764507e-16,
        "max": 3.15710473546e-29,
        "mean": -1.08594271353e-08,
        "median": -6.11883210766e-09,
        "min": -1.94017914623e-07,
        "var": 2.38201149589e-16
    },
    "spectral_energy": {
        "dmean": 0.0151221537963,
        "dmean2": 0.0248644761741,
        "dvar": 0.000664493301883,
        "dvar2": 0.00178704620339,
        "max": 0.740423381329,
        "mean": 0.0420233346522,
        "median": 0.0237867087126,
        "min": 1.11163340415e-20,
        "var": 0.00350839504972
    },
    "spectral_energyband_high": {
        "dmean": 7.12354958523e-05,
        "dmean2": 0.000107656698674,
        "dvar": 3.37907160031e-08,
        "dvar2": 7.68403936036e-08,
        "max": 0.00355968833901,
        "mean": 0.00015347354929,
        "median": 5.13926243002e-05,
        "min": 8.04559080725e-21,
        "var": 7.60383400689e-08
    },
    "spectral_energyband_low": {
        "dmean": 0.0144946919754,
        "dmean2": 0.0241790656,
        "dvar": 0.000658235745504,
        "dvar2": 0.00179092155304,
        "max": 0.710371077061,
        "mean": 0.0289558917284,
        "median": 0.0122813051566,
        "min": 7.22459895365e-23,
        "var": 0.0026403744705
    },
    "spectral_energyband_middle_high": {
        "dmean": 0.000834538426716,
        "dmean2": 0.00125149590895,
        "dvar": 3.22763821714e-06,
        "dvar2": 7.09656933395e-06,
        "max": 0.0867531448603,
        "mean": 0.0028456565924,
        "median": 0.00140684319194,
        "min": 1.72744856951e-21,
        "var": 1.8148781237e-05
    },
    "spectral_energyband_middle_low": {
        "dmean": 0.00303131178953,
        "dmean2": 0.00459079770371,
        "dvar": 2.22891485464e-05,
        "dvar2": 5.09304773004e-05,
        "max": 0.197897031903,
        "mean": 0.0110593158752,
        "median": 0.00706754485145,
        "min": 2.20200184459e-22,
        "var": 0.000187681449461
    },
    "spectral_entropy": {
        "dmean": 0.161753207445,
        "dmean2": 0.233866885304,
        "dvar": 0.0262519046664,
        "dvar2": 0.0505011603236,
        "max": 9.79912090302,
        "mean": 7.20024824142,
        "median": 7.20875167847,
        "min": 5.03788566589,
        "var": 0.218438729644
    },
    "spectral_flux": {
        "dmean": 0.0232686847448,
        "dmean2": 0.0386873185635,
        "dvar": 0.000775480119046,
        "dvar2": 0.0021199840121,
        "max": 0.457143455744,
        "mean": 0.0809615403414,
        "median": 0.0694078356028,
        "min": 1.05434029563e-10,
        "var": 0.00341875408776
    },
    "spectral_kurtosis": {
        "dmean": 3.15466308594,
        "dmean2": 5.3662686348,
        "dvar": 19.5573596954,
        "dvar2": 50.4559555054,
        "max": 113.911262512,
        "mean": 8.1944437027,
        "median": 6.00909280777,
        "min": -1.23120379448,
        "var": 55.3957099915
    },
    "spectral_rms": {
        "dmean": 0.000996408285573,
        "dmean2": 0.0016271462664,
        "dvar": 1.31189460717e-06,
        "dvar2": 3.5624332213e-06,
        "max": 0.0268768351525,
        "mean": 0.00531529635191,
        "median": 0.00481731723994,
        "min": 3.29320576885e-12,
        "var": 1.27459761643e-05
    },
    "spectral_rolloff": {
        "dmean": 192.089782715,
        "dmean2": 330.424835205,
        "dvar": 134914.40625,
        "dvar2": 316882.65625,
        "max": 19121.484375,
        "mean": 532.872558594,
        "median": 387.59765625,
        "min": 43.06640625,
        "var": 419429.125
    },
    "spectral_skewness": {
        "dmean": 0.294797062874,
        "dmean2": 0.487860232592,
        "dvar": 0.0968623012304,
        "dvar2": 0.245544791222,
        "max": 8.5125951767,
        "mean": 1.98335671425,
        "median": 1.82073104382,
        "min": 0.0169551856816,
        "var": 0.508801400661
    },
    "spectral_spread": {
        "dmean": 375695.5625,
        "dmean2": 541891.0625,
        "dvar": 290598191104,
        "dvar2": 476407529472,
        "max": 42931244,
        "mean": 3287615.5,
        "median": 3172827.25,
        "min": 879010.5625,
        "var": 1.2011527209e+12
    },
    "spectral_strongpeak": {
        "dmean": 0.259448707104,
        "dmean2": 0.441318631172,
        "dvar": 0.214382365346,
        "dvar2": 0.546652674675,
        "max": 10.2514133453,
        "mean": 0.514983952045,
        "median": 0.309170544147,
        "min": 0,
        "var": 0.488431245089
    },
    "zerocrossingrate": {
        "dmean": 0.00540895853192,
        "dmean2": 0.00699110329151,
        "dvar": 6.38113997411e-05,
        "dvar2": 8.22968286229e-05,
        "max": 0.83740234375,
        "mean": 0.0267827622592,
        "median": 0.0234375,
        "min": 0.00146484375,
        "var": 0.000495755753946
    },
    "barkbands": {
        "dmean": [0.000886410591193, 0.0112295830622, 0.00471705570817, 0.00119603762869, 0.00133820518386, 0.000799016153906, 0.000816086307168, 0.000545948569197, 0.000447975529823, 0.000481146329548, 0.000221352660446, 0.000203134826734, 0.000153954766574, 0.000106223553303, 0.000157671762281, 0.000104790429759, 0.00013490873971, 5.36838961125e-05, 6.19113270659e-05, 3.32689232891e-05, 2.62838238996e-05, 1.69637314684e-05, 9.99950589176e-06, 7.32901344236e-06, 4.63058449895e-06, 3.61388219972e-06, 2.25265097242e-07],
        "dmean2": [0.00146701582707, 0.0190525688231, 0.00788780022413, 0.00200629653409, 0.00216395431198, 0.00125778967049, 0.00113454821985, 0.000780425907578, 0.000627284811344, 0.000707972561941, 0.000347232416971, 0.000312868767651, 0.000241939545958, 0.00017047370784, 0.000264602189418, 0.000176178247784, 0.00022915872978, 8.95357661648e-05, 0.00010324496543, 5.62696004636e-05, 4.2254498112e-05, 2.61232144112e-05, 1.54230365297e-05, 1.10194278022e-05, 6.96468077876e-06, 5.65968457522e-06, 3.80459141525e-07],
        "dvar": [4.33574859926e-06, 0.000432998960605, 0.000101751211332, 4.6551149353e-06, 4.65103175884e-06, 2.1638279577e-06, 4.65930952487e-06, 3.56721216122e-06, 1.0212752386e-06, 1.2661053006e-06, 4.27847311357e-07, 1.19965659451e-06, 9.86433263961e-08, 5.08440827218e-08, 1.79582087867e-07, 8.57515871644e-08, 9.94902933371e-08, 1.19902603402e-08, 1.65426374821e-08, 5.65104008032e-09, 3.89088539166e-09, 1.75115510981e-09, 6.94996171724e-10, 4.77321737691e-10, 1.95894259147e-10, 1.81036990954e-10, 1.17580478774e-12],
        "dvar2": [1.0506124454e-05, 0.00118813186418, 0.000284365261905, 1.30883199745e-05, 1.20970389617e-05, 5.53854124519e-06, 7.88638226368e-06, 5.06353399032e-06, 1.56004455221e-06, 2.51454889622e-06, 9.7179452041e-07, 2.67075233751e-06, 2.32936898215e-07, 1.20415435845e-07, 5.06614469487e-07, 2.38948558717e-07, 2.77104732049e-07, 3.32141318893e-08, 4.54785684667e-08, 1.55148605074e-08, 9.72718439129e-09, 3.9535819063e-09, 1.62016633443e-09, 1.09675957205e-09, 4.40572522908e-10, 4.32780589144e-10, 3.00470238968e-12],
        "max": [0.0597668066621, 0.43683552742, 0.394243061543, 0.0641413033009, 0.0407075881958, 0.0322313271463, 0.111621879041, 0.184341281652, 0.0465129315853, 0.0423695594072, 0.0199759546667, 0.0634578987956, 0.00628855172545, 0.00811421312392, 0.0166731886566, 0.00832270644605, 0.00949300453067, 0.00215602759272, 0.00365910190158, 0.00134102650918, 0.00193203403614, 0.000764838187024, 0.000513976963703, 0.000372309441445, 0.000365705345757, 0.000322943000356, 3.32610179612e-05],
        "mean": [0.00108619721141, 0.0179935246706, 0.00900427345186, 0.00190712278709, 0.00293605751358, 0.00164493056946, 0.00207991525531, 0.00120148714632, 0.00102534424514, 0.000857164850459, 0.000396018003812, 0.000351133581717, 0.00027830520412, 0.000198405425181, 0.00025764509337, 0.000178388334461, 0.000222959337407, 0.000100392200693, 0.000116300543596, 6.3511186454e-05, 4.91974788019e-05, 3.32343770424e-05, 1.87637651834e-05, 1.17029840112e-05, 6.82305972077e-06, 4.31332546214e-06, 1.96950978193e-07],
        "median": [0.000296519516269, 0.00634660059586, 0.00256348075345, 0.000703572295606, 0.00151894264854, 0.000777568435296, 0.000441925250925, 0.000282991328277, 0.000322433275869, 0.000271241529845, 0.000123249774333, 9.34493145905e-05, 0.000106544801383, 8.40397988213e-05, 8.4139581304e-05, 6.44577812636e-05, 6.83738326188e-05, 3.95856877731e-05, 4.17439368903e-05, 2.22296675929e-05, 1.77756810444e-05, 1.07026353362e-05, 5.05809839524e-06, 2.48665946856e-06, 1.22394874325e-06, 4.65458839471e-07, 1.05247037752e-08],
        "min": [1.2185403452e-23, 4.64096873298e-23, 1.3259701054e-23, 1.08706452689e-23, 7.3712160104e-23, 1.75859026107e-23, 5.78072348854e-23, 1.80056444543e-23, 3.70592590668e-23, 1.51794773706e-22, 1.12207575159e-22, 1.10437144095e-22, 1.88275084599e-22, 1.32899169511e-22, 5.70244134993e-23, 8.49698363103e-23, 1.44744237858e-22, 1.55148656865e-22, 4.82080598463e-22, 2.6639603053e-22, 3.84943144359e-22, 5.66486796812e-22, 6.89511889035e-22, 9.50097208003e-22, 1.22854122715e-21, 1.82433068511e-21, 2.53444585395e-21],
        "var": [6.02024783802e-06, 0.000979658798315, 0.000539340311661, 1.15241873573e-05, 1.67009620782e-05, 6.01049714533e-06, 4.00535391236e-05, 2.75416514341e-05, 5.73097622691e-06, 3.40114752362e-06, 1.16688806884e-06, 2.51658525485e-06, 2.39160499405e-07, 1.33398160074e-07, 3.20679902188e-07, 1.50878349814e-07, 1.77868756168e-07, 2.71483777681e-08, 3.92135675042e-08, 1.19519860675e-08, 7.43611039411e-09, 3.70224895185e-09, 1.35065481022e-09, 7.87944320901e-10, 3.45367984211e-10, 2.60078431014e-10, 1.13511121076e-12]
    },
    "erbbands": {
        "dmean": [0.39616394043, 2.4249894619, 5.82332420349, 3.55525040627, 4.76036787033, 4.43375062943, 4.99979925156, 6.67763948441, 11.7662572861, 10.4514837265, 10.9704914093, 11.8232679367, 10.1537590027, 13.7489452362, 8.94185352325, 9.19978713989, 7.50162601471, 5.50876331329, 7.56097841263, 6.77532482147, 5.9892539978, 5.10087490082, 3.18431043625, 3.46318006516, 2.58512425423, 1.77096927166, 1.27858269215, 0.824989438057, 0.630573630333, 0.431988537312, 0.27797934413, 0.184573188424, 0.104181624949, 0.0575508102775, 0.0317627117038, 0.0168514233083, 0.00598897319287, 0.00107308512088, 3.61031889042e-05, 1.65979417943e-05],
        "dmean2": [0.670797467232, 4.13362598419, 9.64935207367, 5.99642467499, 7.70749902725, 7.29727935791, 8.03638076782, 10.6168832779, 16.268497467, 15.6369857788, 14.9198217392, 16.1928901672, 15.4528551102, 20.2102451324, 13.924161911, 14.1318731308, 11.7016801834, 8.78074741364, 12.5882501602, 11.5253038406, 10.0909175873, 8.60579490662, 5.30317544937, 5.7499423027, 4.28522062302, 3.00222158432, 2.09181118011, 1.30604743958, 0.977000415325, 0.674403429031, 0.427616119385, 0.281779706478, 0.153637260199, 0.0872220695019, 0.0479319021106, 0.0262870360166, 0.00942918751389, 0.00170413893647, 5.85222405789e-05, 2.71182088909e-05],
        "dvar": [0.701113283634, 19.7675666809, 150.392242432, 42.3512535095, 64.7991333008, 58.3738861084, 88.53956604, 156.256484985, 969.352233887, 998.530822754, 1889.25952148, 779.553710938, 612.463928223, 1324.16589355, 709.621398926, 2996.31713867, 248.234664917, 154.545791626, 553.118530273, 278.082794189, 197.663696289, 114.938163757, 43.0576171875, 61.2929801941, 39.0689315796, 16.3636016846, 10.7779865265, 3.8152244091, 2.57642626762, 1.07973372936, 0.594222187996, 0.303605288267, 0.0911073833704, 0.029140656814, 0.00965653266758, 0.00348493037745, 0.000555473670829, 2.33917198784e-05, 2.79508842738e-08, 7.75251196572e-10],
        "dvar2": [1.86777734756, 54.5129623413, 405.893157959, 122.868728638, 168.662811279, 161.007614136, 228.223831177, 408.951416016, 1640.17944336, 2088.2644043, 2089.94311523, 1129.44287109, 1277.83740234, 2644.82006836, 1559.87329102, 6667.47460938, 577.235412598, 359.121917725, 1546.15893555, 797.169311523, 544.389526367, 315.644714355, 118.078224182, 171.831939697, 106.460281372, 45.354724884, 28.043428421, 9.16673564911, 5.79200696945, 2.52755069733, 1.40085804462, 0.701379835606, 0.201905533671, 0.0661733299494, 0.0222356785089, 0.00828582979739, 0.00133153120987, 5.72576391278e-05, 6.88593146947e-08, 2.06966355165e-09],
        "max": [20.4742870331, 115.069221497, 507.183624268, 196.826583862, 176.411987305, 138.850418091, 281.231903076, 270.410247803, 1668.38427734, 1508.8026123, 5018.92773438, 1284.69812012, 957.180053711, 1465.81103516, 953.842285156, 3152.82739258, 318.186157227, 511.110351562, 984.773986816, 479.493988037, 366.086242676, 346.030914307, 253.07472229, 199.71534729, 238.206954956, 73.674987793, 121.132881165, 39.8619308472, 30.7744026184, 18.9359722137, 16.1510181427, 8.82089710236, 5.51660633087, 4.50801992416, 2.34632253647, 1.35312139988, 0.633882164955, 0.144920736551, 0.00650385441259, 0.000805112940725],
        "mean": [0.506805002689, 4.0063252449, 11.673412323, 6.84895706177, 9.39373397827, 8.95736980438, 9.88920116425, 13.7933588028, 31.0619544983, 23.5051898956, 27.6714954376, 28.1851425171, 19.3875026703, 25.0907478333, 17.7336559296, 16.6547489166, 14.0390338898, 10.9776620865, 12.8407344818, 11.8911819458, 10.7015571594, 9.48714828491, 6.54649448395, 6.53131055832, 5.00533056259, 3.42803478241, 2.33166861534, 1.62518012524, 1.2047855854, 0.84131526947, 0.50734770298, 0.295207768679, 0.16440577805, 0.0859577581286, 0.044536717236, 0.0212974194437, 0.00714396778494, 0.00113051233348, 5.06103169755e-05, 4.74773078167e-05],
        "median": [0.163273721933, 1.32453989983, 3.23689937592, 3.28383779526, 4.08571910858, 4.72515773773, 4.5694103241, 6.60564422607, 6.66508674622, 6.96612024307, 7.82519769669, 8.49820327759, 7.98200321198, 7.99336004257, 6.0513086319, 4.83231687546, 5.40289163589, 4.75262451172, 4.85686302185, 4.26882123947, 3.84659337997, 3.47578978539, 2.59931278229, 2.46283006668, 1.75838041306, 1.1681470871, 0.84551769495, 0.556711018085, 0.381023347378, 0.252951383591, 0.136956572533, 0.0665164664388, 0.0325758680701, 0.0160725302994, 0.0073355906643, 0.00281402375549, 0.000713273184374, 9.17434663279e-05, 1.78685768333e-05, 2.7145822969e-05],
        "min": [2.39306077515e-21, 6.31107061091e-21, 1.44767367007e-20, 2.60754777902e-20, 2.59933364936e-19, 1.3574394451e-19, 1.40890636432e-19, 1.52045761529e-19, 7.44115807525e-19, 5.86587428273e-19, 5.55909108811e-19, 6.98094683567e-19, 2.6541231463e-18, 5.42944479595e-18, 3.92612716429e-18, 5.52699875508e-18, 1.00808981017e-17, 6.33650086359e-18, 5.55775043513e-18, 2.14864672245e-18, 6.97429888849e-18, 6.96667228324e-18, 9.39632921697e-18, 2.48575648832e-17, 1.44929024724e-17, 1.43063682812e-17, 1.64974688078e-17, 1.36571712938e-17, 1.83067708878e-17, 2.27392033109e-17, 2.05451745649e-17, 2.13494919053e-17, 1.35656379688e-17, 1.25954229391e-17, 9.59501303703e-18, 5.70295826935e-18, 3.24995974629e-18, 1.60575350737e-18, 3.11705281156e-19, 4.19512757904e-20],
        "var": [0.995429515839, 59.1058273315, 947.659973145, 132.998474121, 232.570297241, 150.829452515, 247.257888794, 421.711456299, 8708.41113281, 3900.10400391, 17663.8164062, 4583.19580078, 1532.37670898, 3588.84667969, 2015.10144043, 6185.44433594, 615.907958984, 434.215667725, 910.290527344, 521.562805176, 392.052459717, 249.009490967, 108.097869873, 122.618301392, 97.5034484863, 35.7008552551, 17.4469661713, 8.19446659088, 5.12776088715, 2.22203683853, 1.08529233932, 0.475525379181, 0.167770534754, 0.0498824864626, 0.0164281576872, 0.00523516628891, 0.000801368325483, 2.68053099717e-05, 3.07489891327e-08, 4.29971747096e-09]
    },
    "gfcc": {
        "mean": [-68.1043243408, 147.118133545, -110.057868958, 36.1631546021, -41.3166351318, 11.2970676422, -23.1192512512, 7.52425003052, -12.8184089661, -0.763161718845, -10.3210678101, -2.25868415833, -5.65528011322],
        "cov": [[16790.3964844, -1146.50634766, -1132.10559082, 567.79107666, -902.891174316, 271.649108887, -307.187683105, 314.915527344, -277.160247803, 235.61567688, -324.116088867, 84.6907119751, -323.345794678], [-1146.50634766, 1265.91918945, -19.1131629944, -256.120635986, 176.208480835, -239.592483521, 95.6458435059, -204.519104004, 163.172988892, -173.479919434, 145.855422974, -147.371017456, 127.668571472], [-1132.10559082, -19.1131629944, 525.28515625, -10.1362943649, 127.638496399, 28.6581668854, 16.3601970673, 6.43187522888, 6.59566020966, 28.8922424316, -3.18827199936, 19.1199703217, 2.07232308388], [567.79107666, -256.120635986, -10.1362943649, 245.706390381, 1.41855549812, 57.6512908936, 11.2749757767, 30.1219749451, -16.9114303589, 15.2342758179, -19.9632701874, 18.0567188263, -15.4396305084], [-902.891174316, 176.208480835, 127.638496399, 1.41855549812, 211.655212402, -3.55064582825, 50.6785774231, -29.7704792023, 30.8900623322, -24.305109024, 37.3923683167, -9.34270477295, 30.7199573517], [271.649108887, -239.592483521, 28.6581668854, 57.6512908936, -3.55064582825, 136.778274536, 36.5895843506, 44.1413421631, -15.4052934647, 41.2434082031, -16.1603317261, 23.1509132385, -23.6346511841], [-307.187683105, 95.6458435059, 16.3601970673, 11.2749757767, 50.6785774231, 36.5895843506, 127.982040405, 9.12600231171, 58.332901001, -4.57199764252, 34.8807487488, -22.1543464661, 15.7035741806], [314.915527344, -204.519104004, 6.43187522888, 30.1219749451, -29.7704792023, 44.1413421631, 9.12600231171, 97.0619888306, 6.06333494186, 37.7844467163, -27.1399726868, 22.9309062958, -22.138130188], [-277.160247803, 163.172988892, 6.59566020966, -16.9114303589, 30.8900623322, -15.4052934647, 58.332901001, 6.06333494186, 101.240257263, 4.97267150879, 38.6580200195, -27.1530723572, 23.9838733673], [235.61567688, -173.479919434, 28.8922424316, 15.2342758179, -24.305109024, 41.2434082031, -4.57199764252, 37.7844467163, 4.97267150879, 89.6174697876, 11.0795431137, 30.614320755, -21.3033828735], [-324.116088867, 145.855422974, -3.18827199936, -19.9632701874, 37.3923683167, -16.1603317261, 34.8807487488, -27.1399726868, 38.6580200195, 11.0795431137, 82.6579055786, 4.8865032196, 23.5102958679], [84.6907119751, -147.371017456, 19.1199703217, 18.0567188263, -9.34270477295, 23.1509132385, -22.1543464661, 22.9309062958, -27.1530723572, 30.614320755, 4.8865032196, 65.6005935669, 4.98738956451], [-323.345794678, 127.668571472, 2.07232308388, -15.4396305084, 30.7199573517, -23.6346511841, 15.7035741806, -22.138130188, 23.9838733673, -21.3033828735, 23.5102958679, 4.98738956451, 61.1839447021]],
        "icov": [[0.00014359987108, -0.000558297848329, 0.000246646493906, -0.000554918777198, 0.000446151738288, -0.000470427010441, 0.000242357506067, -0.0005046678707, 0.000412544904975, -0.000707609346136, 0.00064709444996, -0.000456571899122, 0.000505410891492], [-0.000558297848329, 0.00751837389544, -0.00104877527338, 0.00505468482152, -0.00290476134978, 0.00529979541898, -0.00180468312465, 0.00586453266442, -0.00517092412338, 0.00745292473584, -0.00694118998945, 0.0068226121366, -0.00450364919379], [0.000246646493906, -0.00104877527338, 0.00290664192289, -0.00065203057602, -0.00107188872062, -0.00096114166081, 0.000322235806379, -0.000510661979206, 0.000454607914435, -0.00260372669436, 0.00267637614161, -0.00175244465936, 0.00115798658226], [-0.000554918777198, 0.00505468482152, -0.00065203057602, 0.0084015885368, -0.00288682524115, 0.00221220892854, -0.00177691702265, 0.00372117129155, -0.00337844458409, 0.00539687648416, -0.0039325277321, 0.00344512378797, -0.00279750023037], [0.000446151738288, -0.00290476134978, -0.00107188872062, -0.00288682524115, 0.00890673231333, -0.00257623987272, -0.000569918600377, -0.00148218811955, 0.00177385809366, -0.000890231749509, 0.000549355172552, -0.00244726706296, 0.000852719764225], [-0.000470427010441, 0.00529979541898, -0.00096114166081, 0.00221220892854, -0.00257623987272, 0.0171816404909, -0.00835771020502, 0.00293589476496, 2.01995244424e-05, 0.000374372670194, -0.00149512314238, 0.00194744137116, -0.0012778864475], [0.000242357506067, -0.00180468312465, 0.000322235806379, -0.00177691702265, -0.000569918600377, -0.00835771020502, 0.0169506464154, -0.00491891801357, -0.00443279044703, 0.00204890919849, -0.00470482511446, 0.00394148007035, -0.000547903357074], [-0.0005046678707, 0.00586453266442, -0.000510661979206, 0.00372117129155, -0.00148218811955, 0.00293589476496, -0.00491891801357, 0.024814452976, -0.0116757089272, 0.00188640214037, 0.00497739668936, -0.00485908379778, 0.00188863801304], [0.000412544904975, -0.00517092412338, 0.000454607914435, -0.00337844458409, 0.00177385809366, 2.01995244424e-05, -0.00443279044703, -0.0116757089272, 0.0265088714659, -0.0107478564605, -0.00264834356494, 0.00809267628938, -0.00564326299354], [-0.000707609346136, 0.00745292473584, -0.00260372669436, 0.00539687648416, -0.000890231749509, 0.000374372670194, 0.00204890919849, 0.00188640214037, -0.0107478564605, 0.029554547742, -0.014219513163, -0.000701385375578, 0.0029319319874], [0.00064709444996, -0.00694118998945, 0.00267637614161, -0.0039325277321, 0.000549355172552, -0.00149512314238, -0.00470482511446, 0.00497739668936, -0.00264834356494, -0.014219513163, 0.0320547111332, -0.016005108133, 0.00405017565936], [-0.000456571899122, 0.0068226121366, -0.00175244465936, 0.00344512378797, -0.00244726706296, 0.00194744137116, 0.00394148007035, -0.00485908379778, 0.00809267628938, -0.000701385375578, -0.016005108133, 0.0388738550246, -0.016944475472], [0.000505410891492, -0.00450364919379, 0.00115798658226, -0.00279750023037, 0.000852719764225, -0.0012778864475, -0.000547903357074, 0.00188863801304, -0.00564326299354, 0.0029319319874, 0.00405017565936, -0.016944475472, 0.0306275952607]]
    },
    "melbands": {
        "dmean": [0.00319150206633, 0.00293771456927, 0.000628540292382, 0.000337542936904, 0.000164976576343, 0.000149662606418, 0.000178591842996, 0.000111940818897, 9.18868681765e-05, 6.71321977279e-05, 5.14485145686e-05, 5.93266886426e-05, 3.13987875415e-05, 2.63863003056e-05, 1.99227961275e-05, 1.18607676995e-05, 1.13305686682e-05, 1.21470802696e-05, 8.53110941534e-06, 9.64184710028e-06, 7.51627476347e-06, 5.80796677241e-06, 5.43737087355e-06, 2.89658032671e-06, 3.01325758301e-06, 2.4467719868e-06, 1.26356258079e-06, 1.20736604003e-06, 9.0727502311e-07, 6.45719580916e-07, 5.16739646628e-07, 3.97326772372e-07, 3.11746163106e-07, 2.30284726399e-07, 1.81229594887e-07, 1.29985011199e-07, 1.06450976034e-07, 7.79840689802e-08, 6.18738837943e-08, 4.58550353244e-08],
        "dmean2": [0.00542257260531, 0.00487513607368, 0.00104573636781, 0.000548297539353, 0.000263666734099, 0.000235532323131, 0.000245940231252, 0.000169333216036, 0.000124004815007, 9.35561329243e-05, 7.85694064689e-05, 8.71762968018e-05, 4.93900734e-05, 4.05549835705e-05, 3.11557596433e-05, 1.86305660463e-05, 1.81721370609e-05, 2.02723476832e-05, 1.43508586916e-05, 1.63023505593e-05, 1.2672378034e-05, 9.76071987679e-06, 9.22211529542e-06, 4.8360884648e-06, 5.020244771e-06, 4.09771701015e-06, 2.11516658055e-06, 2.0551194666e-06, 1.51042308971e-06, 1.05186620658e-06, 8.327622254e-07, 6.2552851432e-07, 4.92280207709e-07, 3.68697897102e-07, 2.87612010652e-07, 1.98607807533e-07, 1.6503800282e-07, 1.16844759646e-07, 9.44777127643e-08, 7.0499233118e-08],
        "dvar": [3.93497648474e-05, 3.28060013999e-05, 1.19827450362e-06, 3.05280735802e-07, 8.59869828673e-08, 7.62635181673e-08, 2.26174606155e-07, 1.16315554521e-07, 1.09409199922e-07, 2.29721184297e-08, 1.52970329736e-08, 2.59865000629e-08, 8.64826521507e-09, 1.69338179035e-08, 3.84632947714e-09, 5.5421695011e-10, 6.65192456673e-10, 1.27596633259e-09, 3.8782782541e-10, 7.57367224491e-10, 3.31828148292e-10, 1.81946804845e-10, 2.0707649484e-10, 4.77267184107e-11, 5.14093490001e-11, 3.8100935601e-11, 6.97909178365e-12, 7.69913559989e-12, 6.97763591698e-12, 2.31740494849e-12, 1.5804354353e-12, 1.06744463529e-12, 5.25546294851e-13, 3.09382348299e-13, 2.60417799521e-13, 1.3754225352e-13, 1.06596406235e-13, 5.05712923523e-14, 3.32077810074e-14, 1.84103288712e-14],
        "dvar2": [0.000107307452708, 8.76044068718e-05, 3.43264673575e-06, 8.0505662936e-07, 2.22829726226e-07, 1.96177381895e-07, 3.80472073402e-07, 2.44992293119e-07, 1.22486937926e-07, 3.46816015906e-08, 3.18197663773e-08, 5.17742542172e-08, 1.97043981132e-08, 3.75689808152e-08, 8.74796501904e-09, 1.27990673615e-09, 1.57570179127e-09, 3.58084073504e-09, 1.08635911378e-09, 2.14979634094e-09, 9.14700981625e-10, 4.95556040647e-10, 5.70642200159e-10, 1.34225769388e-10, 1.44656495116e-10, 1.07007472328e-10, 1.87837575355e-11, 2.1417067772e-11, 1.88252798766e-11, 5.8661083803e-12, 3.95945255749e-12, 2.4748308871e-12, 1.22095053252e-12, 7.52652063937e-13, 6.47315209247e-13, 3.02959046738e-13, 2.55827395943e-13, 1.13748677903e-13, 7.65614039723e-14, 4.21266991288e-14],
        "max": [0.148418262601, 0.22284860909, 0.0295057557523, 0.0103418771178, 0.00788511894643, 0.00604928657413, 0.0257472880185, 0.0142516326159, 0.037688985467, 0.00690402649343, 0.00472359033301, 0.00656561227515, 0.00289891008288, 0.00764774763957, 0.00308172195219, 0.000730785832275, 0.000864630041178, 0.00144342565909, 0.000683295656927, 0.000763205287512, 0.000415060232626, 0.000277726358036, 0.00067367812153, 0.000164974917425, 0.000186238234164, 0.00022012880072, 7.37747250241e-05, 6.70914232614e-05, 0.000123908990645, 3.21449770126e-05, 3.38769459631e-05, 1.98369525606e-05, 1.14715185191e-05, 9.72902671492e-06, 1.12206171252e-05, 7.24937672203e-06, 5.13120494361e-06, 4.11274777434e-06, 4.25524876846e-06, 3.60546982847e-06],
        "mean": [0.00466035492718, 0.00594792328775, 0.00133682484739, 0.00071070616832, 0.000345147243934, 0.000309914554236, 0.000471796200145, 0.000247194053372, 0.000233780694543, 0.000154148772708, 9.31441027205e-05, 0.000104393373476, 5.82089160162e-05, 4.61050440208e-05, 3.60451340384e-05, 2.30521618505e-05, 2.04362331715e-05, 1.98747784452e-05, 1.50371852214e-05, 1.58002349053e-05, 1.23754489323e-05, 1.00288016256e-05, 8.89573857421e-06, 5.15726787853e-06, 5.17518401466e-06, 4.29679812441e-06, 2.40839403887e-06, 2.16422540689e-06, 1.51442327478e-06, 1.108367087e-06, 9.39249218845e-07, 7.06301932496e-07, 5.66047390294e-07, 4.21038606646e-07, 3.11631367822e-07, 2.12781969822e-07, 1.6104284839e-07, 1.19730103165e-07, 9.08273207756e-08, 6.62034125298e-08],
        "median": [0.00167392310686, 0.00197915174067, 0.000674041279126, 0.000358797784429, 0.000170972256456, 0.000146102975123, 9.95250738924e-05, 7.55154251237e-05, 6.59683064441e-05, 4.87669603899e-05, 3.57394674211e-05, 3.08386152028e-05, 1.89623206097e-05, 1.24123562273e-05, 1.28335286718e-05, 9.55689392867e-06, 8.04251612863e-06, 7.66475022829e-06, 5.53329846298e-06, 5.07292270413e-06, 3.91023650081e-06, 3.4510230762e-06, 2.63362653641e-06, 1.80319625542e-06, 1.74990600499e-06, 1.27759176394e-06, 8.98096800483e-07, 6.88094360157e-07, 5.33552622528e-07, 3.43651862522e-07, 2.84060149625e-07, 2.16056633917e-07, 1.76550827291e-07, 1.16162134134e-07, 8.09705511529e-08, 5.06566948388e-08, 3.33009388953e-08, 2.32412808998e-08, 1.74314305212e-08, 1.18033938179e-08],
        "min": [1.68426078891e-23, 7.6903446409e-24, 1.12678256906e-23, 1.66896524927e-23, 4.47240982569e-24, 3.9389655155e-24, 1.12468301576e-23, 5.62143582681e-24, 4.62983766895e-24, 4.48912697156e-24, 1.44836503029e-23, 2.31621063365e-23, 1.5452040173e-23, 9.8013963767e-24, 1.62159257419e-23, 2.2359181619e-23, 1.03334420365e-23, 9.8139755527e-24, 3.74087938675e-24, 2.86413641846e-24, 1.02079003455e-23, 8.00835813762e-24, 6.72234446816e-24, 7.6954335826e-24, 2.31361086365e-23, 1.37256038824e-23, 8.08248266372e-24, 9.71754282906e-24, 9.7658424157e-24, 8.60534282714e-24, 7.54153628632e-24, 9.42498981805e-24, 1.24907083996e-23, 1.26458331634e-23, 9.95414982467e-24, 1.39348397712e-23, 1.31966545016e-23, 9.69555648677e-24, 8.08944436121e-24, 1.13214437775e-23],
        "var": [6.45770051051e-05, 0.000195242348127, 4.38312872575e-06, 1.00312968243e-06, 2.56115839647e-07, 2.14812089894e-07, 2.05423384614e-06, 4.4736361815e-07, 1.03424031295e-06, 1.28591338466e-07, 3.79114624138e-08, 6.91207020509e-08, 2.33376180603e-08, 3.68546189122e-08, 8.32624369451e-09, 1.53120238711e-09, 1.6523202806e-09, 2.06152561688e-09, 8.0568207661e-10, 1.27977539677e-09, 6.17402573511e-10, 3.4845684671e-10, 3.72040648289e-10, 9.71806732308e-11, 9.34297708644e-11, 8.41036962296e-11, 1.6629791294e-11, 1.57402129525e-11, 9.07856602395e-12, 4.10520966179e-12, 3.15068652591e-12, 1.92952880236e-12, 1.05825157665e-12, 5.88646210768e-13, 4.28741650472e-13, 2.3605837879e-13, 1.52749029246e-13, 9.27761692341e-14, 5.33707430193e-14, 3.10724990388e-14]
    },
    "mfcc": {
        "mean": [-705.979492188, 166.842849731, 1.12912297249, 32.2432327271, 7.93624448776, 11.1547393799, 2.55925559998, 9.4152173996, 4.63758707047, 5.07439470291, 2.1452794075, 1.45549368858, 1.10493278503],
        "cov": [[11840.890625, -254.574478149, -631.992431641, 314.541900635, -637.023010254, 82.4418029785, -145.253982544, 106.634078979, 13.4871034622, 179.147125244, 37.0951194763, 64.4755096436, 81.3136520386], [-254.574478149, 1291.734375, -65.4374771118, -49.8979949951, 29.6585617065, -67.0194396973, -63.2857551575, -52.2791786194, -23.1063137054, -35.3120727539, -20.0950870514, -15.6498212814, -25.0321483612], [-631.992431641, -65.4374771118, 322.74798584, 12.6600017548, 77.9353485107, 21.5241565704, 23.2393779755, -5.72352695465, 11.3780355453, -1.1584328413, -1.31841945648, -3.11773395538, -6.69378328323], [314.541900635, -49.8979949951, 12.6600017548, 171.680984497, 26.6418190002, 34.7165985107, 8.13625717163, 22.0862369537, 8.28778553009, 11.9341478348, -0.141761124134, -5.45611000061, 5.05076742172], [-637.023010254, 29.6585617065, 77.9353485107, 26.6418190002, 150.405410767, 21.3429489136, 26.9970588684, -1.87804579735, -0.188433557749, -17.3183460236, -3.43176102638, -7.30700159073, -7.01590156555], [82.4418029785, -67.0194396973, 21.5241565704, 34.7165985107, 21.3429489136, 100.511032104, 48.1093292236, 21.5899181366, 8.52522945404, 13.286696434, 13.8630619049, 9.24849224091, 1.50743734837], [-145.253982544, -63.2857551575, 23.2393779755, 8.13625717163, 26.9970588684, 48.1093292236, 79.8719024658, 25.9458198547, 5.30664873123, 4.27046394348, 14.7126054764, 9.30825233459, -0.976611912251], [106.634078979, -52.2791786194, -5.72352695465, 22.0862369537, -1.87804579735, 21.5899181366, 25.9458198547, 62.9256858826, 30.2172660828, 11.7560825348, 1.72918689251, 3.33683395386, 7.57816410065], [13.4871034622, -23.1063137054, 11.3780355453, 8.28778553009, -0.188433557749, 8.52522945404, 5.30664873123, 30.2172660828, 63.5433197021, 28.6070690155, 0.477623075247, 1.49252033234, 5.21664094925], [179.147125244, -35.3120727539, -1.1584328413, 11.9341478348, -17.3183460236, 13.286696434, 4.27046394348, 11.7560825348, 28.6070690155, 63.7569618225, 27.5363616943, 10.3342962265, 4.5984454155], [37.0951194763, -20.0950870514, -1.31841945648, -0.141761124134, -3.43176102638, 13.8630619049, 14.7126054764, 1.72918689251, 0.477623075247, 27.5363616943, 57.8109054565, 29.7892894745, 1.35274279118], [64.4755096436, -15.6498212814, -3.11773395538, -5.45611000061, -7.30700159073, 9.24849224091, 9.30825233459, 3.33683395386, 1.49252033234, 10.3342962265, 29.7892894745, 55.0200080872, 22.3318862915], [81.3136520386, -25.0321483612, -6.69378328323, 5.05076742172, -7.01590156555, 1.50743734837, -0.976611912251, 7.57816410065, 5.21664094925, 4.5984454155, 1.35274279118, 22.3318862915, 54.0075263977]],
