{
"lowlevel": {
    "average_loudness": 0.880974590778,
    "barkbands_crest": {
        "dmean": 2.90941429138,
        "dmean2": 4.35719776154,
        "dvar": 10.3101863861,
        "dvar2": 23.2460365295,
        "max": 26.6741390228,
        "mean": 13.6861495972,
        "median": 14.0917482376,
        "min": 1.80301570892,
        "var": 40.9028739929
    },
    "barkbands_flatness_db": {
        "dmean": 0.030412370339,
        "dmean2": 0.0456478483975,
        "dvar": 0.00130702892784,
        "dvar2": 0.00292835058644,
        "max": 0.532863736153,
        "mean": 0.131380349398,
        "median": 0.122379750013,
        "min": 0.0195235721767,
        "var": 0.00404726481065
    },
    "barkbands_kurtosis": {
        "dmean": 5.76941156387,
        "dmean2": 9.03935813904,
        "dvar": 739.4609375,
        "dvar2": 2056.89599609,
        "max": 1539.60534668,
        "mean": 6.58903694153,
        "median": 1.81415319443,
        "min": -1.81840085983,
        "var": 551.125
    },
    "barkbands_skewness": {
        "dmean": 0.825588166714,
        "dmean2": 1.21206021309,
        "dvar": 1.30695700645,
        "dvar2": 3.13719725609,
        "max": 33.8083572388,
        "mean": 1.89536106586,
        "median": 1.63630998135,
        "min": -4.64620065689,
        "var": 3.37154603004
    },
    "barkbands_spread": {
        "dmean": 9.35854434967,
        "dmean2": 14.5645494461,
        "dvar": 111.868431091,
        "dvar2": 271.25390625,
        "max": 110.086105347,
        "mean": 30.9879360199,
        "median": 29.4346866608,
        "min": 0.0959150865674,
        "var": 278.652587891
    },
    "dissonance": {
        "dmean": 0.0121750868857,
        "dmean2": 0.0205946434289,
        "dvar": 0.000197675530217,
        "dvar2": 0.000525326933712,
        "max": 0.500000298023,
        "mean": 0.479324042797,
        "median": 0.484165936708,
        "min": 0.0880156308413,
        "var": 0.000372381036868
    },
    "dynamic_complexity": 4.00735282898,
    "erbbands_crest": {
        "dmean": 2.64582276344,
        "dmean2": 4.31453323364,
        "dvar": 8.35416507721,
        "dvar2": 20.6313152313,
        "max": 28.6557025909,
        "mean": 7.53054618835,
        "median": 6.11633729935,
        "min": 2.14781165123,
        "var": 18.46393013
    },
    "erbbands_flatness_db": {
        "dmean": 0.0154490731657,
        "dmean2": 0.023581052199,
        "dvar": 0.000274453224847,
        "dvar2": 0.000625732704066,
        "max": 0.417684018612,
        "mean": 0.12780430913,
        "median": 0.114182576537,
        "min": 0.0451802685857,
        "var": 0.00287423445843
    },
    "erbbands_kurtosis": {
        "dmean": 0.745899915695,
        "dmean2": 1.21304547787,
        "dvar": 1.80427849293,
        "dvar2": 4.64014720917,
        "max": 44.0490913391,
        "mean": 0.0676876977086,
        "median": -0.312576293945,
        "min": -1.86600553989,
        "var": 2.52768206596
    },
    "erbbands_skewness": {
        "dmean": 0.352839559317,
        "dmean2": 0.540405392647,
        "dvar": 0.147861436009,
        "dvar2": 0.3387106359,
        "max": 5.99569654465,
        "mean": -0.102614365518,
        "median": -0.124770157039,
        "min": -3.11105084419,
        "var": 0.447270512581
    },
    "erbbands_spread": {
        "dmean": 10.4682941437,
        "dmean2": 15.7534246445,
        "dvar": 137.672988892,
        "dvar2": 315.715423584,
        "max": 190.603668213,
        "mean": 48.4189224243,
        "median": 45.5768203735,
        "min": 2.64153838158,
        "var": 463.687744141
    },
    "hfc": {
        "dmean": 10.0753211975,
        "dmean2": 16.5950737,
        "dvar": 271.641723633,
        "dvar2": 743.561035156,
        "max": 168.895996094,
        "mean": 28.9614772797,
        "median": 24.9719772339,
        "min": 1.28464259329e-16,
        "var": 486.619659424
    },
    "melbands_crest": {
        "dmean": 3.8261449337,
        "dmean2": 5.94583845139,
        "dvar": 17.285736084,
        "dvar2": 42.7677268982,
        "max": 37.5100364685,
        "mean": 20.8145713806,
        "median": 21.0569992065,
        "min": 2.17464113235,
        "var": 83.5783615112
    },
    "melbands_flatness_db": {
        "dmean": 0.037009999156,
        "dmean2": 0.0546294972301,
        "dvar": 0.00193263171241,
        "dvar2": 0.00446388311684,
        "max": 0.662919104099,
        "mean": 0.188166901469,
        "median": 0.192809864879,
        "min": 0.0051374998875,
        "var": 0.00699279969558
    },
    "melbands_kurtosis": {
        "dmean": 20.8450107574,
        "dmean2": 32.0933914185,
        "dvar": 2105.90942383,
        "dvar2": 5056.70605469,
        "max": 910.343139648,
        "mean": 32.3594474792,
        "median": 13.4353256226,
        "min": -1.78172266483,
        "var": 3180.02880859
    },
    "melbands_skewness": {
        "dmean": 1.37512326241,
        "dmean2": 2.03221845627,
        "dvar": 3.47980356216,
        "dvar2": 8.03313446045,
        "max": 27.5628910065,
        "mean": 4.0784702301,
        "median": 3.434476614,
        "min": -3.07160997391,
        "var": 10.0985412598
    },
    "melbands_spread": {
        "dmean": 10.8272361755,
        "dmean2": 16.6382541656,
        "dvar": 195.706893921,
        "dvar2": 451.921813965,
        "max": 252.140167236,
        "mean": 29.8306026459,
        "median": 21.0995483398,
        "min": 0.270251363516,
        "var": 697.904052734
    },
    "pitch_salience": {
        "dmean": 0.0985337346792,
        "dmean2": 0.153798833489,
        "dvar": 0.0134581802413,
        "dvar2": 0.0314138233662,
        "max": 0.953019797802,
        "mean": 0.435713082552,
        "median": 0.411614388227,
        "min": 0.0310692191124,
        "var": 0.0408157855272
    },
    "silence_rate_20dB": {
        "dmean": 0,
        "dmean2": 0,
        "dvar": 0,
        "dvar2": 0,
        "max": 1,
        "mean": 1,
        "median": 1,
        "min": 1,
        "var": 0
    },
    "silence_rate_30dB": {
        "dmean": 0.0763827934861,
        "dmean2": 0.152782350779,
        "dvar": 0.0705507695675,
        "dvar2": 0.161256834865,
        "max": 1,
        "mean": 0.937452018261,
        "median": 1,
        "min": 0,
        "var": 0.0586325898767
    },
    "silence_rate_60dB": {
        "dmean": 0.0142669007182,
        "dmean2": 0.0285369325429,
        "dvar": 0.0140644535422,
        "dvar2": 0.0336482673883,
        "max": 1,
        "mean": 0.114012949169,
        "median": 0,
        "min": 0,
        "var": 0.101015359163
    },
    "spectral_centroid": {
        "dmean": 356.203460693,
        "dmean2": 533.150939941,
        "dvar": 162386.984375,
        "dvar2": 317344.75,
        "max": 11338.0761719,
        "mean": 2131.97607422,
        "median": 2168.76708984,
        "min": 98.0017166138,
        "var": 587212.9375
    },
    "spectral_complexity": {
        "dmean": 6.23705005646,
        "dmean2": 9.90473079681,
        "dvar": 54.1395492554,
        "dvar2": 127.303726196,
        "max": 62,
        "mean": 20.8364982605,
        "median": 19,
        "min": 0,
        "var": 175.382400513
    },
    "spectral_decrease": {
        "dmean": 3.30633165291e-09,
        "dmean2": 4.68478544846e-09,
        "dvar": 2.41224246574e-17,
        "dvar2": 4.75220555868e-17,
        "max": 8.92708432085e-29,
        "mean": -1.06174002923e-08,
        "median": -9.35648536426e-09,
        "min": -4.50716939326e-08,
        "var": 7.83404957222e-17
    },
    "spectral_energy": {
        "dmean": 0.0126835508272,
        "dmean2": 0.0178888197988,
        "dvar": 0.000335566350259,
        "dvar2": 0.000655022216961,
        "max": 0.171692788601,
        "mean": 0.0426994748414,
        "median": 0.0385659486055,
        "min": 1.13151691968e-20,
        "var": 0.0011685435893
    },
    "spectral_energyband_high": {
        "dmean": 0.000963047030382,
        "dmean2": 0.00159071083181,
        "dvar": 2.63069614448e-06,
        "dvar2": 7.40999030313e-06,
        "max": 0.01700604707,
        "mean": 0.00212928606197,
        "median": 0.00161888683215,
        "min": 8.17133356947e-21,
        "var": 3.93371919927e-06
    },
    "spectral_energyband_low": {
        "dmean": 0.00978183653206,
        "dmean2": 0.0135429101065,
        "dvar": 0.000271647237241,
        "dvar2": 0.00050417589955,
        "max": 0.16747276485,
        "mean": 0.027969757095,
        "median": 0.0214961152524,
        "min": 4.52242628921e-23,
        "var": 0.000901798019186
    },
    "spectral_energyband_middle_high": {
        "dmean": 0.00203066505492,
        "dmean2": 0.00331190181896,
        "dvar": 9.58087275649e-06,
        "dvar2": 2.54086062341e-05,
        "max": 0.0421200953424,
        "mean": 0.00500934990123,
        "median": 0.00375211774372,
        "min": 1.60654226932e-21,
        "var": 2.11699098145e-05
    },
    "spectral_energyband_middle_low": {
        "dmean": 0.00608669267967,
        "dmean2": 0.00905548036098,
        "dvar": 0.000242364316364,
        "dvar2": 0.000452757492894,
        "max": 0.144235402346,
        "mean": 0.00835724454373,
        "median": 0.0033071374055,
        "min": 3.98584000914e-22,
        "var": 0.000341824372299
    },
    "spectral_entropy": {
        "dmean": 0.150547653437,
        "dmean2": 0.235833004117,
        "dvar": 0.0352595932782,
        "dvar2": 0.0848864763975,
        "max": 9.79169273376,
        "mean": 8.04706478119,
        "median": 8.11862277985,
        "min": 5.26559829712,
        "var": 0.130500093102
    },
    "spectral_flux": {
        "dmean": 0.0310521554202,
        "dmean2": 0.043442517519,
        "dvar": 0.00144894304685,
        "dvar2": 0.00262675737031,
        "max": 0.365314483643,
        "mean": 0.096201851964,
        "median": 0.0780069157481,
        "min": 1.0637278558e-10,
        "var": 0.00497756246477
    },
    "spectral_kurtosis": {
        "dmean": 0.913512468338,
        "dmean2": 1.5460268259,
        "dvar": 5.98305988312,
        "dvar2": 17.10597229,
        "max": 102.556877136,
        "mean": 2.75250458717,
        "median": 2.09620809555,
        "min": -1.20066905022,
        "var": 11.7194433212
    },
    "spectral_rms": {
        "dmean": 0.000887218979187,
        "dmean2": 0.00123351952061,
        "dvar": 1.20794754821e-06,
        "dvar2": 2.32632510233e-06,
        "max": 0.0129423784092,
        "mean": 0.00576085643843,
        "median": 0.00613394798711,
        "min": 3.32252758292e-12,
        "var": 8.47054616315e-06
    },
    "spectral_rolloff": {
        "dmean": 846.900146484,
        "dmean2": 1383.14294434,
        "dvar": 1594182.125,
        "dvar2": 3559853.5,
        "max": 19293.75,
        "mean": 2013.25537109,
        "median": 1248.92578125,
        "min": 64.599609375,
        "var": 4760901
    },
    "spectral_skewness": {
        "dmean": 0.142836004496,
        "dmean2": 0.233523711562,
        "dvar": 0.0392587371171,
        "dvar2": 0.106680266559,
        "max": 7.42973613739,
        "mean": 1.22168266773,
        "median": 1.18638074398,
        "min": -0.17162437737,
        "var": 0.115381613374
    },
    "spectral_spread": {
        "dmean": 588438.125,
        "dmean2": 910828.75,
        "dvar": 502407299072,
        "dvar2": 948600111104,
        "max": 40325392,
        "mean": 5848841.5,
        "median": 6017484,
        "min": 477136.0625,
        "var": 2.54818988851e+12
    },
    "spectral_strongpeak": {
        "dmean": 0.300230681896,
        "dmean2": 0.486852645874,
        "dvar": 0.331794679165,
        "dvar2": 0.855328381062,
        "max": 11.6269903183,
        "mean": 0.612199544907,
        "median": 0.437623679638,
        "min": 0,
        "var": 0.472926825285
    },
    "zerocrossingrate": {
        "dmean": 0.0148520665243,
        "dmean2": 0.0177207347006,
        "dvar": 0.000275926053291,
        "dvar2": 0.000360556558007,
        "max": 0.6640625,
        "mean": 0.0783910825849,
        "median": 0.06298828125,
        "min": 0.00244140625,
        "var": 0.00256293267012
    },
    "barkbands": {
        "dmean": [0.000601659005042, 0.00881386641413, 0.00243358500302, 0.00282232859172, 0.00328642572276, 0.000629559799563, 0.000539327447768, 0.000392085174099, 0.0005096453242, 0.000494418316521, 0.000398396514356, 0.000346246059053, 0.000381204212317, 0.000383135164157, 0.000318779813824, 0.000308581365971, 0.000274839840131, 0.0002287584648, 0.000280312495306, 0.000233555518207, 0.000225520299864, 0.000194519278011, 0.000181843395694, 0.000183549229405, 0.000159433067893, 9.20483435038e-05, 1.35020491143e-05],
        "dmean2": [0.000725690508261, 0.0121505828574, 0.00426433887333, 0.00461152754724, 0.00535571016371, 0.00105908163823, 0.000909216527361, 0.000643359206151, 0.000825628114399, 0.000778566289227, 0.000641833874397, 0.000575376616325, 0.000664585153572, 0.000651089067105, 0.000521170091815, 0.000506135635078, 0.000455599103589, 0.000379585428163, 0.000466737430543, 0.000387598993257, 0.000383209146094, 0.000320889492286, 0.000304291519569, 0.000307047565002, 0.000265783368377, 0.000156195979798, 2.36220112129e-05],
        "dvar": [1.17729587146e-06, 0.000274617981631, 5.8739031374e-05, 8.90523442649e-05, 0.000124158046674, 1.6257556581e-06, 1.30944863486e-06, 8.01302121545e-07, 1.13910880373e-06, 1.16110413728e-06, 6.55274277506e-07, 4.55355973372e-07, 6.5673066274e-07, 7.37151708563e-07, 5.32713727353e-07, 3.33116503271e-07, 2.65943896238e-07, 1.1788797849e-07, 1.76291834464e-07, 1.36258407224e-07, 1.22407669778e-07, 9.19333871252e-08, 9.38896391744e-08, 9.14380464678e-08, 7.98604915531e-08, 2.53487062452e-08, 1.17574816549e-09],
        "dvar2": [1.60678246175e-06, 0.00052929262165, 0.000162833428476, 0.000211195729207, 0.000298431696137, 4.19678872277e-06, 3.45977036886e-06, 2.09947029362e-06, 2.83425652015e-06, 2.81289021586e-06, 1.55100212851e-06, 1.20966171835e-06, 1.85071178294e-06, 1.79183086857e-06, 1.34061497192e-06, 7.59291651775e-07, 6.39478116682e-07, 2.99177798979e-07, 4.50959561249e-07, 3.59069474598e-07, 3.30056309394e-07, 2.52182388749e-07, 2.58567013134e-07, 2.5499426215e-07, 2.24645177127e-07, 7.28997378019e-08, 3.38198336003e-09],
        "max": [0.0289152022451, 0.163108617067, 0.0766386166215, 0.0842582657933, 0.101379305124, 0.0205213576555, 0.0190836451948, 0.0112880729139, 0.0213267076761, 0.0264191906899, 0.0172476042062, 0.018362402916, 0.0112577229738, 0.0249596517533, 0.0168451871723, 0.0156920962036, 0.0141738532111, 0.00729174213484, 0.00794309750199, 0.00828639604151, 0.00696076173335, 0.00341509026475, 0.00306230247952, 0.00376698956825, 0.00318176904693, 0.00152725179214, 0.00045052258065],
        "mean": [0.00209253467619, 0.023195585236, 0.00206976686604, 0.00230006803758, 0.00306760473177, 0.000829264929052, 0.00066827487899, 0.000450466643088, 0.000741030904464, 0.000796051404905, 0.000579227984417, 0.00044240639545, 0.000445284123998, 0.000506972486619, 0.000450344668934, 0.000457740447018, 0.000428905448643, 0.000377963937353, 0.000468969257781, 0.000432635017205, 0.000423872668762, 0.000372571754269, 0.000339811405865, 0.000337200996, 0.000271360244369, 0.000140448202728, 1.30162625283e-05],
        "median": [0.000216501401155, 0.0152478143573, 0.000196110835532, 0.00012920217705, 0.000336389668519, 0.000275267491816, 0.000189159356523, 0.000121057018987, 0.000229642901104, 0.000216382381041, 0.000182842486538, 0.00019324925961, 0.000188146572327, 0.000167557984241, 0.000198071254999, 0.000216892687604, 0.000235793675529, 0.000245177972829, 0.000297253427561, 0.000290818628855, 0.000309864379233, 0.000256947707385, 0.000228106568102, 0.000216609536437, 0.000180424467544, 8.55171892908e-05, 4.0247441575e-06],
        "min": [2.63477964622e-23, 2.08013327925e-23, 8.63390826938e-24, 1.42624379279e-23, 3.61686445711e-23, 4.83001798674e-23, 8.89661677908e-23, 3.34811753273e-23, 1.67041019002e-22, 1.93446743098e-23, 5.44007504809e-23, 9.97830159014e-23, 8.91650427804e-23, 7.88067752912e-23, 1.69029592193e-22, 1.73004151113e-22, 1.96361527345e-22, 2.38010215075e-22, 1.98342628446e-22, 4.80809030414e-22, 3.68761272164e-22, 5.05784997762e-22, 6.38321404853e-22, 7.71122768233e-22, 1.43585033894e-21, 1.87654464375e-21, 2.59439847495e-21],
        "var": [1.27479706862e-05, 0.000740338640753, 4.12687550124e-05, 8.03138318588e-05, 0.000112794266897, 2.16005855691e-06, 1.65930487128e-06, 8.50988783441e-07, 1.82296787443e-06, 2.37005133386e-06, 1.34458184675e-06, 5.24535607838e-07, 5.99226723352e-07, 1.91642789105e-06, 7.94875404608e-07, 5.64389210922e-07, 4.6206818638e-07, 2.01334586336e-07, 3.02431260479e-07, 2.45415236577e-07, 1.93453701058e-07, 1.47814077422e-07, 1.40930950465e-07, 1.37583711535e-07, 9.884448815e-08, 2.88189561104e-08, 8.31626545406e-10]
    },
    "erbbands": {
        "dmean": [0.298147916794, 1.98925888538, 3.15375375748, 5.18524932861, 13.6921796799, 9.70036506653, 5.55125904083, 5.56880378723, 7.25611639023, 8.64107036591, 8.56825447083, 11.9261960983, 15.1259880066, 13.6542491913, 14.7390460968, 14.2344655991, 16.9605426788, 18.7883033752, 17.8538017273, 14.1669797897, 15.9154958725, 14.0085735321, 12.6001939774, 14.2959680557, 13.1610813141, 10.0866804123, 9.82262802124, 8.39776229858, 7.33517551422, 6.22992801666, 5.03461742401, 4.2190656662, 2.83886575699, 1.83423757553, 1.1842995882, 0.47937938571, 0.162409409881, 0.0301006808877, 0.00203551934101, 4.16218535975e-05],
        "dmean2": [0.385038495064, 2.76915812492, 5.04087972641, 8.56442832947, 21.6275310516, 17.1522922516, 9.72319698334, 9.22216415405, 12.0533304214, 14.4601221085, 14.0622491837, 19.1484699249, 23.8081645966, 21.6230831146, 23.9968128204, 23.7539787292, 29.2091693878, 32.2726974487, 29.1261386871, 23.3855724335, 26.0875473022, 23.1441383362, 21.0273990631, 23.7056007385, 21.9674053192, 16.8071956635, 16.6300411224, 14.1988229752, 12.0748729706, 10.3523368835, 8.49016952515, 7.14320230484, 4.71884298325, 3.02493190765, 2.01229786873, 0.81165844202, 0.278147757053, 0.0518956780434, 0.00358741660602, 6.92361863912e-05],
        "dvar": [0.261616080999, 18.3137130737, 78.4287948608, 185.289138794, 2674.77563477, 1115.44299316, 178.296234131, 133.118240356, 218.201370239, 451.861633301, 355.201293945, 694.500244141, 1084.31298828, 945.786987305, 1028.20056152, 817.222167969, 1201.20556641, 1560.04296875, 1649.42199707, 700.178771973, 989.784912109, 604.769470215, 390.355560303, 552.865966797, 404.75177002, 244.127166748, 232.844680786, 182.30708313, 140.824005127, 95.1418838501, 77.3079986572, 48.8078079224, 19.564125061, 9.56739521027, 4.80207443237, 0.632887721062, 0.0847215428948, 0.00397770991549, 3.14753560815e-05, 7.34924965329e-09],
        "dvar2": [0.463926821947, 35.0935630798, 199.691223145, 454.33416748, 5993.73730469, 3076.66308594, 497.130004883, 332.694580078, 550.380493164, 1227.36499023, 914.156616211, 1712.18640137, 2700.32324219, 2261.78393555, 2457.01269531, 2196.23925781, 3341.57250977, 4242.734375, 3941.57128906, 1697.56323242, 2384.24414062, 1514.96813965, 1009.77026367, 1389.43554688, 1052.52307129, 631.371948242, 618.174926758, 491.76159668, 393.432647705, 252.677062988, 214.121200562, 138.208145142, 52.2937812805, 25.9395961761, 13.9541759491, 1.81370902061, 0.244783580303, 0.0114427646622, 9.1072601208e-05, 2.08191135442e-08],
        "max": [6.58407211304, 37.7296943665, 99.3086395264, 109.250015259, 464.059143066, 311.197479248, 195.049926758, 207.936386108, 297.627868652, 272.261322021, 275.021179199, 540.807495117, 716.952514648, 763.679138184, 714.676269531, 828.428527832, 518.950317383, 688.988891602, 1082.60266113, 601.101745605, 663.82244873, 835.947387695, 449.81817627, 415.876098633, 468.791778564, 281.173675537, 226.306915283, 253.130996704, 139.509689331, 137.999282837, 92.3013916016, 70.3490066528, 67.9766540527, 43.0875434875, 23.9013290405, 9.37306308746, 2.99095106125, 0.640708208084, 0.0870342478156, 0.00132052320987],
        "mean": [0.944858908653, 4.00234699249, 3.5101556778, 4.47376966476, 12.3876552582, 8.2402305603, 6.03280210495, 7.58815288544, 9.62323093414, 9.95597839355, 10.7108011246, 17.6708049774, 24.9222545624, 20.3926067352, 21.8806743622, 18.8206577301, 21.4540195465, 24.0695972443, 27.6698093414, 22.354013443, 25.1290035248, 23.4322681427, 21.020942688, 23.3304252625, 23.204000473, 19.1548938751, 18.1429004669, 15.9405860901, 13.584941864, 11.7255840302, 9.40316486359, 7.53816127777, 5.23430776596, 3.2766263485, 1.82404124737, 0.75257730484, 0.235016435385, 0.0383722372353, 0.00200766767375, 9.34550553211e-05],
        "median": [0.375083625317, 1.87020337582, 0.693377733231, 0.543703377247, 0.769805431366, 1.11454093456, 1.56453979015, 2.42897796631, 3.0455095768, 2.84689855576, 3.22875881195, 5.96894264221, 7.59130144119, 7.87520456314, 8.15850543976, 8.78791999817, 10.0774049759, 10.1730794907, 11.5253038406, 12.6711578369, 12.6458902359, 13.82472229, 13.8694782257, 14.0510110855, 15.2090320587, 13.1901874542, 12.7090950012, 11.6445684433, 9.19418048859, 7.82036542892, 6.30661058426, 4.86707258224, 3.3445122242, 2.17493104935, 1.15958499908, 0.475819647312, 0.137396976352, 0.019139457494, 0.000641130784061, 7.84907460911e-05],
        "min": [1.03822940467e-21, 3.47887972222e-21, 9.11106244412e-21, 2.57335840098e-20, 5.9054924859e-20, 1.438146165e-19, 3.49120081979e-19, 4.157375379e-19, 1.06702669764e-18, 1.0153815727e-18, 1.1170969741e-18, 4.85960338069e-18, 1.08272348374e-18, 1.19885767719e-18, 2.45346339856e-18, 4.42084899941e-18, 3.78551349119e-18, 4.12686900971e-18, 7.34854021302e-18, 7.84294441078e-18, 1.16537431589e-17, 1.12431000972e-17, 1.19560743641e-17, 1.17291522523e-17, 1.28402320044e-17, 2.14362416449e-17, 1.3327321444e-17, 1.87401556261e-17, 1.79615586397e-17, 1.41045097419e-17, 1.7723970861e-17, 1.62903345106e-17, 1.46901618874e-17, 1.38679518032e-17, 9.48983619496e-18, 7.1842778598e-18, 3.61337224263e-18, 1.31212176071e-18, 3.20683861416e-19, 4.4144719668e-20],
        "var": [1.27600932121, 35.1683959961, 71.4454116821, 168.481811523, 2661.44287109, 759.050598145, 151.159042358, 209.118362427, 343.847259521, 432.361633301, 462.685668945, 1094.89990234, 2178.29296875, 1574.9621582, 2021.19677734, 888.583740234, 1172.57128906, 2075.30151367, 4344.91308594, 1073.09680176, 1681.55651855, 1002.32940674, 619.116027832, 854.32635498, 720.335205078, 446.905273438, 378.135406494, 278.846496582, 205.542678833, 156.342208862, 112.049308777, 70.7104187012, 32.8235931396, 13.6715707779, 5.08145093918, 0.777454853058, 0.0887790322304, 0.0033712524455, 2.1470394131e-05, 8.51319903461e-09]
    },
    "gfcc": {
        "mean": [7.07049322128, 39.0810432434, -115.117591858, 39.912689209, -52.8247299194, 27.3330364227, -29.5533885956, 18.7377433777, -20.9573802948, 10.7609844208, -13.9970216751, 7.43819332123, -8.3468837738],
        "cov": [[15316.0742188, -1618.13708496, 2428.02148438, 828.423400879, 450.392730713, 1135.5213623, -103.164863586, 859.652160645, -106.734115601, 598.829284668, -195.343597412, 462.975799561, -189.130905151], [-1618.13708496, 1826.90258789, -330.950286865, -119.952072144, 68.6412734985, -411.782714844, 65.8995513916, -266.311218262, 142.54498291, -224.035232544, 129.547714233, -144.825546265, 101.897109985], [2428.02148438, -330.950286865, 1316.08459473, 553.602416992, 312.309051514, 433.271514893, 92.5896224976, 281.142272949, -7.37506341934, 200.201889038, -42.5228233337, 117.95111084, -75.2620620728], [828.423400879, -119.952072144, 553.602416992, 603.969299316, 321.02166748, 348.024047852, 177.215789795, 194.442016602, 93.4233551025, 129.60899353, 30.8399429321, 47.0700836182, 3.72369360924], [450.392730713, 68.6412734985, 312.309051514, 321.02166748, 422.746246338, 301.232666016, 229.913696289, 164.823638916, 128.23449707, 104.850776672, 63.2303085327, 41.9891738892, 22.5393981934], [1135.5213623, -411.782714844, 433.271514893, 348.024047852, 301.232666016, 534.609985352, 259.480438232, 296.582672119, 98.7964630127, 181.569091797, 46.9039421082, 92.0804443359, 4.61339044571], [-103.164863586, 65.8995513916, 92.5896224976, 177.215789795, 229.913696289, 259.480438232, 329.614624023, 204.395080566, 166.939880371, 97.2157974243, 99.47215271, 52.0282783508, 56.9307250977], [859.652160645, -266.311218262, 281.142272949, 194.442016602, 164.823638916, 296.582672119, 204.395080566, 322.550018311, 143.015045166, 178.010864258, 59.6722640991, 100.914512634, 37.0387611389], [-106.734115601, 142.54498291, -7.37506341934, 93.4233551025, 128.23449707, 98.7964630127, 166.939880371, 143.015045166, 233.580825806, 118.839706421, 118.922134399, 47.703830719, 72.2861557007], [598.829284668, -224.035232544, 200.201889038, 129.60899353, 104.850776672, 181.569091797, 97.2157974243, 178.010864258, 118.839706421, 235.108505249, 109.736755371, 111.800674438, 32.1208648682], [-195.343597412, 129.547714233, -42.5228233337, 30.8399429321, 63.2303085327, 46.9039421082, 99.47215271, 59.6722640991, 118.922134399, 109.736755371, 175.714996338, 90.7401275635, 74.8122177124], [462.975799561, -144.825546265, 117.95111084, 47.0700836182, 41.9891738892, 92.0804443359, 52.0282783508, 100.914512634, 47.703830719, 111.800674438, 90.7401275635, 152.301101685, 65.9564361572], [-189.130905151, 101.897109985, -75.2620620728, 3.72369360924, 22.5393981934, 4.61339044571, 56.9307250977, 37.0387611389, 72.2861557007, 32.1208648682, 74.8122177124, 65.9564361572, 115.841651917]],
        "icov": [[0.000127799765323, -9.05105480342e-05, -8.63354944158e-05, 5.15625251865e-05, -1.50023479364e-05, -0.00027479158598, 0.000424977333751, -0.000287806382403, -1.83582713476e-08, -7.09197192919e-05, 0.000288857991109, -0.000412573630456, 0.000195582135348], [-9.05105480342e-05, 0.00168873078655, -0.000633170711808, 0.000210571190109, -0.000834291684441, 0.00182013667654, -0.00112869450822, 0.00084295636043, -0.000879639701452, 0.0017488374142, -0.00250078295358, 0.00231396756135, -0.00131481664721], [-8.63354944158e-05, -0.000633170711808, 0.00224068085663, -0.00140924565494, -0.000199622139917, -0.000513251114171, 0.000711586151738, -0.000931183807552, 0.000973001064267, -0.00110951578245, 0.00167705141939, -0.00215583737008, 0.00176925060805], [5.15625251865e-05, 0.000210571190109, -0.00140924565494, 0.00418379763141, -0.00157165376004, -0.00112299469765, 0.000298216968076, 0.000348986039171, -0.000650323810987, 0.000136975533678, -0.000522368412931, 0.0015774340136, -0.00125169113744], [-1.50023479364e-05, -0.000834291684441, -0.000199622139917, -0.00157165376004, 0.00655339611694, -0.00255555426702, -0.00203279126436, 0.00166684400756, -0.00120849907398, -0.000714155670721, 0.00117815996055, -0.000833172583953, 0.000588586961385], [-0.00027479158598, 0.00182013667654, -0.000513251114171, -0.00112299469765, -0.00255555426702, 0.00927378889173, -0.00458513433114, -0.00202940963209, 0.00201614247635, -0.000150861640577, -0.0020706388168, 0.00223524379544, -0.000468562415335], [0.000424977333751, -0.00112869450822, 0.000711586151738, 0.000298216968076, -0.00203279126436, -0.00458513433114, 0.0122972456738, -0.00554917287081, -0.00204097665846, 0.0028701222036, -0.00198944448493, -0.00076120760059, 0.000644251587801], [-0.000287806382403, 0.00084295636043, -0.000931183807552, 0.000348986039171, 0.00166684400756, -0.00202940963209, -0.00554917287081, 0.013897116296, -0.00496593955904, -0.00365304737352, 0.00442195869982, -0.00206602341495, -0.00135505851358], [-1.83582713476e-08, -0.000879639701452, 0.000973001064267, -0.000650323810987, -0.00120849907398, 0.00201614247635, -0.00204097665846, -0.00496593955904, 0.0136636132374, -0.00461640348658, -0.00344561738893, 0.00430341484025, -0.00329869100824], [-7.09197192919e-05, 0.0017488374142, -0.00110951578245, 0.000136975533678, -0.000714155670721, -0.000150861640577, 0.0028701222036, -0.00365304737352, -0.00461640348658, 0.0158523228019, -0.00877783074975, -0.00167726387735, 0.00263201398775], [0.000288857991109, -0.00250078295358, 0.00167705141939, -0.000522368412931, 0.00117815996055, -0.0020706388168, -0.00198944448493, 0.00442195869982, -0.00344561738893, -0.00877783074975, 0.0215987041593, -0.0111362440512, 0.0001707002084], [-0.000412573630456, 0.00231396756135, -0.00215583737008, 0.0015774340136, -0.000833172583953, 0.00223524379544, -0.00076120760059, -0.00206602341495, 0.00430341484025, -0.00167726387735, -0.0111362440512, 0.0230905264616, -0.011227925308], [0.000195582135348, -0.00131481664721, 0.00176925060805, -0.00125169113744, 0.000588586961385, -0.000468562415335, 0.000644251587801, -0.00135505851358, -0.00329869100824, 0.00263201398775, 0.0001707002084, -0.011227925308, 0.018930003047]]
    },
    "melbands": {
        "dmean": [0.00249590049498, 0.00185072096065, 0.00124853639863, 0.000820132612716, 0.000231242112932, 0.000123947218526, 0.000108930842543, 9.2652211606e-05, 7.48203965486e-05, 7.64936849009e-05, 7.66447192291e-05, 5.70616612094e-05, 4.84200463688e-05, 3.53801624442e-05, 4.40915173385e-05, 3.96000941691e-05, 3.70082489098e-05, 3.09960560116e-05, 2.28450844588e-05, 2.33068858506e-05, 1.96201181097e-05, 1.63690529007e-05, 1.39214671435e-05, 1.04999489849e-05, 1.27225794131e-05, 1.08068297777e-05, 9.2817363111e-06, 7.28585246179e-06, 6.72635724186e-06, 6.12670464761e-06, 4.76108471048e-06, 4.34171852248e-06, 4.25486723543e-06, 3.52288134309e-06, 3.1936688174e-06, 2.84264910988e-06, 2.69747783932e-06, 2.14570241042e-06, 1.86156626114e-06, 1.54103838668e-06],
        "dmean2": [0.00335510051809, 0.00265107885934, 0.00201228284277, 0.00130244612228, 0.000411975721363, 0.000206228898605, 0.000181610099389, 0.000154180437676, 0.000122494762763, 0.00012275800691, 0.000120657699881, 9.03105246834e-05, 7.9130550148e-05, 5.86373171245e-05, 7.43981145206e-05, 6.83756370563e-05, 6.34511961835e-05, 5.09302990395e-05, 3.76743118977e-05, 3.84344784834e-05, 3.25463151967e-05, 2.7030471756e-05, 2.34397411987e-05, 1.74841952685e-05, 2.11612295971e-05, 1.81555351446e-05, 1.54758745339e-05, 1.22065875985e-05, 1.13767264338e-05, 1.04353248389e-05, 8.08031654742e-06, 7.12791688784e-06, 7.22198910807e-06, 5.89183764532e-06, 5.44287422599e-06, 4.81835968458e-06, 4.62598927697e-06, 3.59150317308e-06, 3.12440943162e-06, 2.54992778537e-06],
        "dvar": [1.91804920178e-05, 1.90402533917e-05, 1.49051174958e-05, 7.97879056336e-06, 3.77603839752e-07, 6.2738735096e-08, 4.91613114662e-08, 5.20880902855e-08, 2.71856226419e-08, 2.96784996578e-08, 2.83739733931e-08, 1.64308389117e-08, 1.04399511258e-08, 4.00844868409e-09, 9.68020863468e-09, 7.07362657337e-09, 6.41404529489e-09, 5.99957372671e-09, 3.51154394451e-09, 2.12455342208e-09, 2.03110039898e-09, 9.57729007212e-10, 5.87248139006e-10, 2.46629300316e-10, 4.68624195005e-10, 2.61890426012e-10, 2.27295293698e-10, 1.55161439253e-10, 1.22762411348e-10, 9.42203190468e-11, 5.72613345629e-11, 4.66125991971e-11, 5.43376871276e-11, 2.91328905444e-11, 3.46316586519e-11, 2.00915759724e-11, 2.08928950529e-11, 1.1549999672e-11, 8.58431121326e-12, 6.53935109188e-12],
        "dvar2": [3.57796598109e-05, 3.99873133574e-05, 3.44947620761e-05, 1.84537348105e-05, 1.07268908778e-06, 1.58924336802e-07, 1.26582719417e-07, 1.39827406542e-07, 6.78621034922e-08, 7.30416900296e-08, 7.01484310639e-08, 3.94543242521e-08, 2.57630166089e-08, 1.06349240525e-08, 2.54177869863e-08, 1.96105549577e-08, 1.68908762532e-08, 1.37548328283e-08, 8.87464679522e-09, 4.66099203678e-09, 4.99754726491e-09, 2.36602337722e-09, 1.45081302527e-09, 6.24245433123e-10, 1.17356036e-09, 6.79226397349e-10, 5.59159996083e-10, 4.07099381983e-10, 3.22493226568e-10, 2.53687043594e-10, 1.57293914005e-10, 1.27241855941e-10, 1.52909448992e-10, 7.71584254822e-11, 9.63948851296e-11, 5.53622009347e-11, 5.87644932715e-11, 3.11756141735e-11, 2.30828585412e-11, 1.76261331919e-11],
        "max": [0.05120524019, 0.0460367016494, 0.0344092696905, 0.0258006658405, 0.00730827730149, 0.00460499012843, 0.00429307669401, 0.00305575318635, 0.00301379337907, 0.0038002084475, 0.003850892419, 0.00290729361586, 0.00259654223919, 0.00146346446127, 0.0021105716005, 0.00134053616785, 0.00155932467896, 0.00245855376124, 0.00161523208953, 0.00164079060778, 0.00114252290223, 0.00108313187957, 0.000758704380132, 0.000306190457195, 0.000399949320126, 0.000282745924778, 0.000287801172817, 0.000269728130661, 0.000256290455582, 0.000236367472098, 9.91460328805e-05, 0.000109892185719, 8.39827625896e-05, 6.18968333583e-05, 6.40553771518e-05, 5.98437254666e-05, 6.28325942671e-05, 5.44187241758e-05, 4.11486544181e-05, 3.27064772137e-05],
        "mean": [0.00732255028561, 0.00305240089074, 0.00110766198486, 0.000764659082051, 0.000236529886024, 0.000170788771356, 0.000142045886605, 0.00010516824841, 9.25661370275e-05, 0.000112709436507, 0.00012469504145, 8.32698933664e-05, 7.05728962203e-05, 4.921566142e-05, 5.22190130141e-05, 4.64779222966e-05, 4.51717714895e-05, 4.62583484477e-05, 3.14303979394e-05, 3.33451171173e-05, 2.83244116872e-05, 2.56372331933e-05, 2.02472874662e-05, 1.69282029674e-05, 1.89568418136e-05, 1.76855137397e-05, 1.50379728439e-05, 1.24278167277e-05, 1.14869435492e-05, 1.04567443486e-05, 8.62263641466e-06, 7.66966240917e-06, 7.10670110493e-06, 6.28680982118e-06, 5.5136993069e-06, 4.98411554872e-06, 4.46519334218e-06, 3.72036106455e-06, 3.24994061884e-06, 2.60526007878e-06],
        "median": [0.00416100490838, 0.00106355885509, 0.000106956831587, 7.16859212844e-05, 5.49458382011e-05, 5.73369434278e-05, 4.42428172391e-05, 2.67055838776e-05, 2.36473188124e-05, 3.68897417502e-05, 3.46068190993e-05, 2.72448160104e-05, 2.45210758294e-05, 2.19568082684e-05, 2.1254960302e-05, 1.77709607669e-05, 1.57509475684e-05, 1.70367711689e-05, 1.4195786207e-05, 1.64539942489e-05, 1.25373535411e-05, 1.44513160194e-05, 1.14897848107e-05, 1.12070165414e-05, 1.05179979073e-05, 1.09104148578e-05, 9.52931168285e-06, 8.02870090411e-06, 7.67720757722e-06, 7.18153933121e-06, 6.20305081611e-06, 5.14944849783e-06, 4.55010922451e-06, 4.13162752011e-06, 3.52971983375e-06, 3.17588410326e-06, 2.76692412626e-06, 2.35357629208e-06, 2.0576821953e-06, 1.71707733898e-06],
        "min": [8.84128796845e-24, 4.35537126635e-24, 5.69275634682e-24, 6.84471651608e-24, 1.06304544782e-23, 1.08102895211e-23, 1.60161672281e-23, 1.03370132098e-23, 1.14480172986e-23, 2.89846334577e-23, 3.93645575453e-24, 4.18289669018e-24, 7.42550746894e-24, 9.60435233321e-24, 1.10231888799e-23, 8.50254636259e-24, 7.44511381788e-24, 1.04949155529e-23, 1.3727777983e-23, 9.93332389677e-24, 1.425761641e-23, 1.34159128682e-23, 7.54201670261e-24, 1.28321652647e-23, 8.8878118292e-24, 7.57240204696e-24, 1.55195209125e-23, 1.31914637969e-23, 9.21636608534e-24, 8.14983403009e-24, 1.17161590089e-23, 1.09519799837e-23, 7.61260792072e-24, 7.43243682313e-24, 9.03355782574e-24, 1.34750774361e-23, 8.64269775759e-24, 8.56258893266e-24, 1.37740036544e-23, 1.11566625673e-23],
        "var": [6.92085523042e-05, 2.84055895463e-05, 1.43731367643e-05, 7.77777040639e-06, 2.79469162479e-07, 9.50832870217e-08, 7.1424210546e-08, 5.11957551907e-08, 4.10747098556e-08, 4.67854945896e-08, 5.80740824319e-08, 2.74748810369e-08, 1.95410407855e-08, 5.86524917523e-09, 9.69721192234e-09, 7.2014381125e-09, 9.50988088277e-09, 1.78962871189e-08, 4.15612211313e-09, 3.35051453249e-09, 3.0544144991e-09, 1.49357048951e-09, 8.34178670583e-10, 3.90200038947e-10, 6.8443650747e-10, 4.7792442226e-10, 3.70347558176e-10, 2.49103265793e-10, 1.85108012252e-10, 1.4326077824e-10, 8.36826163919e-11, 6.98844246361e-11, 6.69786517915e-11, 4.73299559267e-11, 4.3292019275e-11, 3.28663554705e-11, 2.76488901219e-11, 1.78086243668e-11, 1.34571806823e-11, 9.11482955085e-12]
    },
    "mfcc": {
        "mean": [-633.738586426, 69.2008285522, 1.34357607365, 18.7419776917, 6.83428764343, 11.1601057053, 8.05649852753, 9.259557724, 5.98970603943, 6.01570606232, 2.59009647369, 3.16106462479, 2.51469993591],
        "cov": [[11360.5888672, -120.596412659, 915.397888184, 650.491149902, 505.478424072, 506.273498535, 317.533477783, 383.568695068, 238.42628479, 273.642730713, 217.277511597, 168.654830933, 153.441375732], [-120.596412659, 1160.41687012, -17.2325363159, 46.1753616333, -4.27385139465, -137.490478516, -101.20513916, -82.4019699097, -80.0713882446, -67.4497528076, -49.7242355347, -47.7769927979, -43.2610168457], [915.397888184, -17.2325363159, 692.779541016, 303.054138184, 216.514419556, 192.505340576, 129.783065796, 114.612091064, 78.0561218262, 85.5064315796, 70.5513916016, 54.2016716003, 44.7016296387], [650.491149902, 46.1753616333, 303.054138184, 423.553466797, 219.124145508, 192.869354248, 124.523208618, 113.188308716, 99.2965698242, 98.100151062, 67.7284011841, 61.2482643127, 59.1133804321], [505.478424072, -4.27385139465, 216.514419556, 219.124145508, 282.223205566, 208.172668457, 144.098449707, 118.595092773, 102.543174744, 99.4691925049, 76.630569458, 61.7362594604, 54.118221283], [506.273498535, -137.490478516, 192.505340576, 192.869354248, 208.172668457, 306.593078613, 214.308776855, 166.7371521, 131.294006348, 125.766609192, 103.350402832, 87.1862945557, 79.961769104], [317.533477783, -101.20513916, 129.783065796, 124.523208618, 144.098449707, 214.308776855, 260.259063721, 183.114761353, 136.372299194, 116.432357788, 95.5755081177, 86.1592636108, 80.5745620728], [383.568695068, -82.4019699097, 114.612091064, 113.188308716, 118.595092773, 166.7371521, 183.114761353, 230.011062622, 162.739196777, 123.429176331, 89.0281829834, 76.5776062012, 75.2812347412], [238.42628479, -80.0713882446, 78.0561218262, 99.2965698242, 102.543174744, 131.294006348, 136.372299194, 162.739196777, 193.664611816, 147.117843628, 92.6657943726, 74.8390274048, 67.5659866333], [273.642730713, -67.4497528076, 85.5064315796, 98.100151062, 99.4691925049, 125.766609192, 116.432357788, 123.429176331, 147.117843628, 189.417999268, 121.766296387, 82.2762527466, 66.1972503662], [217.277511597, -49.7242355347, 70.5513916016, 67.7284011841, 76.630569458, 103.350402832, 95.5755081177, 89.0281829834, 92.6657943726, 121.766296387, 151.597640991, 106.839797974, 70.8229293823], [168.654830933, -47.7769927979, 54.2016716003, 61.2482643127, 61.7362594604, 87.1862945557, 86.1592636108, 76.5776062012, 74.8390274048, 82.2762527466, 106.839797974, 145.568023682, 108.880149841], [153.441375732, -43.2610168457, 44.7016296387, 59.1133804321, 54.118221283, 79.961769104, 80.5745620728, 75.2812347412, 67.5659866333, 66.1972503662, 70.8229293823, 108.880149841, 144.16947937]],
