{
"lowlevel": {
    "average_loudness": 0.866171300411,
    "barkbands_crest": {
        "dmean": 2.95131516457,
        "dmean2": 4.56373357773,
        "dvar": 9.727227211,
        "dvar2": 20.0414352417,
        "max": 26.8304595947,
        "mean": 12.5559911728,
        "median": 12.4859981537,
        "min": 1.92912340164,
        "var": 39.6835212708
    },
    "barkbands_flatness_db": {
        "dmean": 0.0317497253418,
        "dmean2": 0.0449975207448,
        "dvar": 0.00125206098892,
        "dvar2": 0.00228625000454,
        "max": 0.749180197716,
        "mean": 0.168244645,
        "median": 0.114879190922,
        "min": 0.0132673466578,
        "var": 0.0209182426333
    },
    "barkbands_kurtosis": {
        "dmean": 12.256102562,
        "dmean2": 18.2910900116,
        "dvar": 3668.84960938,
        "dvar2": 7168.88427734,
        "max": 2022.28747559,
        "mean": 15.5575275421,
        "median": 1.76697468758,
        "min": -1.92780816555,
        "var": 4988.82373047
    },
    "barkbands_skewness": {
        "dmean": 0.991477549076,
        "dmean2": 1.40383732319,
        "dvar": 2.75180912018,
        "dvar2": 4.59359693527,
        "max": 38.9554023743,
        "mean": 2.12581944466,
        "median": 1.39779794216,
        "min": -5.70276498795,
        "var": 9.26131248474
    },
    "barkbands_spread": {
        "dmean": 8.81322002411,
        "dmean2": 13.4905424118,
        "dvar": 113.046073914,
        "dvar2": 255.318481445,
        "max": 121.34690094,
        "mean": 30.4245815277,
        "median": 29.2523345947,
        "min": 0.138001069427,
        "var": 472.143981934
    },
    "dissonance": {
        "dmean": 0.0171498525888,
        "dmean2": 0.029251081869,
        "dvar": 0.000591306365095,
        "dvar2": 0.00170271366369,
        "max": 0.500000119209,
        "mean": 0.467620819807,
        "median": 0.48303309083,
        "min": 0.153222024441,
        "var": 0.00210997788236
    },
    "dynamic_complexity": 3.80921912193,
    "erbbands_crest": {
        "dmean": 2.48826813698,
        "dmean2": 4.05897283554,
        "dvar": 6.44063282013,
        "dvar2": 15.7507724762,
        "max": 30.0870323181,
        "mean": 7.86137580872,
        "median": 6.3957862854,
        "min": 2.35504817963,
        "var": 20.3731956482
    },
    "erbbands_flatness_db": {
        "dmean": 0.0177064370364,
        "dmean2": 0.0271699111909,
        "dvar": 0.000376636977307,
        "dvar2": 0.000831354234833,
        "max": 0.548306882381,
        "mean": 0.146994501352,
        "median": 0.116458371282,
        "min": 0.0324974395335,
        "var": 0.00752322515473
    },
    "erbbands_kurtosis": {
        "dmean": 1.27242290974,
        "dmean2": 2.05110764503,
        "dvar": 10.440829277,
        "dvar2": 26.1491012573,
        "max": 150.418869019,
        "mean": 1.31533050537,
        "median": -0.215295433998,
        "min": -1.83472979069,
        "var": 41.6987419128
    },
    "erbbands_skewness": {
        "dmean": 0.399826914072,
        "dmean2": 0.620843708515,
        "dvar": 0.17745821178,
        "dvar2": 0.404361486435,
        "max": 10.6609687805,
        "mean": -0.00361335510388,
        "median": -0.134646996856,
        "min": -5.7893204689,
        "var": 1.0921189785
    },
    "erbbands_spread": {
        "dmean": 10.2557983398,
        "dmean2": 15.5958213806,
        "dvar": 156.021591187,
        "dvar2": 325.386779785,
        "max": 210.951980591,
        "mean": 46.5923957825,
        "median": 43.8972244263,
        "min": 0.683693408966,
        "var": 678.599121094
    },
    "hfc": {
        "dmean": 12.777756691,
        "dmean2": 19.6567268372,
        "dvar": 362.114044189,
        "dvar2": 934.412719727,
        "max": 290.707427979,
        "mean": 33.5925750732,
        "median": 25.3731803894,
        "min": 1.08714640607e-16,
        "var": 969.737121582
    },
    "melbands_crest": {
        "dmean": 3.79380679131,
        "dmean2": 5.91661977768,
        "dvar": 15.9039726257,
        "dvar2": 35.7207183838,
        "max": 38.8099746704,
        "mean": 20.4007930756,
        "median": 19.7671890259,
        "min": 1.68320560455,
        "var": 105.908447266
    },
    "melbands_flatness_db": {
        "dmean": 0.0381387174129,
        "dmean2": 0.053254313767,
        "dvar": 0.00177199102473,
        "dvar2": 0.00316993752494,
        "max": 0.93469440937,
        "mean": 0.231190338731,
        "median": 0.17901019752,
        "min": 0.00378142273985,
        "var": 0.0333173274994
    },
    "melbands_kurtosis": {
        "dmean": 28.7080402374,
        "dmean2": 42.7075614929,
        "dvar": 7252.20947266,
        "dvar2": 15313.8388672,
        "max": 2132.87939453,
        "mean": 47.3241500854,
        "median": 11.1753492355,
        "min": -1.82279455662,
        "var": 16081.5166016
    },
    "melbands_skewness": {
        "dmean": 1.44129860401,
        "dmean2": 2.1022875309,
        "dvar": 4.56034374237,
        "dvar2": 9.00574111938,
        "max": 37.4656486511,
        "mean": 4.22397041321,
        "median": 3.01808214188,
        "min": -2.4364156723,
        "var": 17.6044960022
    },
    "melbands_spread": {
        "dmean": 11.918132782,
        "dmean2": 18.3745422363,
        "dvar": 298.607513428,
        "dvar2": 670.043029785,
        "max": 245.470901489,
        "mean": 34.0015258789,
        "median": 22.8623256683,
        "min": 0.118426702917,
        "var": 1217.32800293
    },
    "pitch_salience": {
        "dmean": 0.0921341851354,
        "dmean2": 0.140927642584,
        "dvar": 0.00915854703635,
        "dvar2": 0.019339274615,
        "max": 0.940283596516,
        "mean": 0.449618965387,
        "median": 0.477947503328,
        "min": 0.0131544889882,
        "var": 0.043380215764
    },
    "silence_rate_20dB": {
        "dmean": 0,
        "dmean2": 0,
        "dvar": 0,
        "dvar2": 0,
        "max": 1,
        "mean": 1,
        "median": 1,
        "min": 1,
        "var": 0
    },
    "silence_rate_30dB": {
        "dmean": 0.0371923036873,
        "dmean2": 0.0743926018476,
        "dvar": 0.0358075387776,
        "dvar2": 0.0746666043997,
        "max": 1,
        "mean": 0.961091995239,
        "median": 1,
        "min": 0,
        "var": 0.037395440042
    },
    "silence_rate_60dB": {
        "dmean": 0.0303128026426,
        "dmean2": 0.0606321208179,
        "dvar": 0.0293911956251,
        "dvar2": 0.0722109973431,
        "max": 1,
        "mean": 0.0963026657701,
        "median": 0,
        "min": 0,
        "var": 0.0870309472084
    },
    "spectral_centroid": {
        "dmean": 333.965362549,
        "dmean2": 500.061828613,
        "dvar": 164460.1875,
        "dvar2": 301930.5,
        "max": 11622.3359375,
        "mean": 2083.79272461,
        "median": 2237.82983398,
        "min": 99.8168411255,
        "var": 1422521.375
    },
    "spectral_complexity": {
        "dmean": 5.80221414566,
        "dmean2": 8.78305721283,
        "dvar": 44.481628418,
        "dvar2": 93.2973709106,
        "max": 59,
        "mean": 20.7339859009,
        "median": 19,
        "min": 0,
        "var": 204.862411499
    },
    "spectral_decrease": {
        "dmean": 3.12762948873e-09,
        "dmean2": 4.6268553433e-09,
        "dvar": 2.6105118683e-17,
        "dvar2": 5.25480281497e-17,
        "max": 1.87192819282e-28,
        "mean": -9.22268661441e-09,
        "median": -7.43407824189e-09,
        "min": -6.02866307986e-08,
        "var": 7.03144813526e-17
    },
    "spectral_energy": {
        "dmean": 0.0123761296272,
        "dmean2": 0.0184538625181,
        "dvar": 0.000379120669095,
        "dvar2": 0.000775666092522,
        "max": 0.229276165366,
        "mean": 0.0378556288779,
        "median": 0.0328788794577,
        "min": 1.0092128539e-20,
        "var": 0.00102633633651
    },
    "spectral_energyband_high": {
        "dmean": 0.00126638670918,
        "dmean2": 0.00194288068451,
        "dvar": 3.73443185708e-06,
        "dvar2": 9.6882613434e-06,
        "max": 0.0301445610821,
        "mean": 0.00285252835602,
        "median": 0.0017888660077,
        "min": 7.24687280103e-21,
        "var": 9.85081260296e-06
    },
    "spectral_energyband_low": {
        "dmean": 0.00952535122633,
        "dmean2": 0.0132590690628,
        "dvar": 0.000378786353394,
        "dvar2": 0.000709487998392,
        "max": 0.228609412909,
        "mean": 0.0237918850034,
        "median": 0.0103779044002,
        "min": 1.93274613648e-23,
        "var": 0.00099288043566
    },
    "spectral_energyband_middle_high": {
        "dmean": 0.00194035586901,
        "dmean2": 0.00307167391293,
        "dvar": 8.53314759297e-06,
        "dvar2": 2.07801676879e-05,
        "max": 0.0556653626263,
        "mean": 0.00454086763784,
        "median": 0.00305216899142,
        "min": 1.23141727517e-21,
        "var": 2.58192194451e-05
    },
    "spectral_energyband_middle_low": {
        "dmean": 0.00432311184704,
        "dmean2": 0.00701577356085,
        "dvar": 9.94330766844e-05,
        "dvar2": 0.000194545311388,
        "max": 0.107317581773,
        "mean": 0.00691970251501,
        "median": 0.00310974172316,
        "min": 1.68042001449e-22,
        "var": 0.000144938021549
    },
    "spectral_entropy": {
        "dmean": 0.166025534272,
        "dmean2": 0.247784331441,
        "dvar": 0.0378457307816,
        "dvar2": 0.0756227970123,
        "max": 9.81493186951,
        "mean": 7.74327754974,
        "median": 8.12875175476,
        "min": 3.29262590408,
        "var": 1.11620593071
    },
    "spectral_flux": {
        "dmean": 0.0285306479782,
        "dmean2": 0.0443754345179,
        "dvar": 0.00118686677888,
        "dvar2": 0.00269674905576,
        "max": 0.356158822775,
        "mean": 0.0939160138369,
        "median": 0.0852219760418,
        "min": 6.4844879466e-11,
        "var": 0.00355574931018
    },
    "spectral_kurtosis": {
        "dmean": 7.221575737,
        "dmean2": 12.5656337738,
        "dvar": 1277.69287109,
        "dvar2": 4011.5012207,
        "max": 992.426269531,
        "mean": 18.267036438,
        "median": 2.02591657639,
        "min": -1.25104176998,
        "var": 4259.60546875
    },
    "spectral_rms": {
        "dmean": 0.000958724063821,
        "dmean2": 0.00142583390698,
        "dvar": 1.48495018948e-06,
        "dvar2": 2.88372962132e-06,
        "max": 0.0149560710415,
        "mean": 0.00546727515757,
        "median": 0.00566365197301,
        "min": 3.13783027339e-12,
        "var": 7.04107833371e-06
    },
    "spectral_rolloff": {
        "dmean": 915.244628906,
        "dmean2": 1462.22131348,
        "dvar": 2011315,
        "dvar2": 4132354.5,
        "max": 19616.7480469,
        "mean": 2611.58276367,
        "median": 1335.05859375,
        "min": 21.533203125,
        "var": 9019547
    },
    "spectral_skewness": {
        "dmean": 0.318917483091,
        "dmean2": 0.529347896576,
        "dvar": 0.65437579155,
        "dvar2": 1.9434992075,
        "max": 26.5559444427,
        "mean": 2.02280950546,
        "median": 1.17135620117,
        "min": -0.0595051683486,
        "var": 8.70015335083
    },
    "spectral_spread": {
        "dmean": 596912.5625,
        "dmean2": 918047.4375,
        "dvar": 623942959104,
        "dvar2": 1.19411218842e+12,
        "max": 42261636,
        "mean": 5760631.5,
        "median": 6029671.5,
        "min": 156765.703125,
        "var": 9.67341349274e+12
    },
    "spectral_strongpeak": {
        "dmean": 0.417282134295,
        "dmean2": 0.707466006279,
        "dvar": 0.793578863144,
        "dvar2": 2.13705658913,
        "max": 13.644774437,
        "mean": 0.681594669819,
        "median": 0.35280495882,
        "min": 0,
        "var": 1.0760819912
    },
    "zerocrossingrate": {
        "dmean": 0.0170398242772,
        "dmean2": 0.0188944693655,
        "dvar": 0.000446201273007,
        "dvar2": 0.000515948748216,
        "max": 0.75439453125,
        "mean": 0.0915985479951,
        "median": 0.07470703125,
        "min": 0.00146484375,
        "var": 0.00614509824663
    },
    "barkbands": {
        "dmean": [0.00107665581163, 0.00846271589398, 0.00173026288394, 0.00078678043792, 0.00262812897563, 0.000785995740443, 0.000411935907323, 0.000331271527102, 0.000617677753326, 0.000435793859651, 0.000342832849128, 0.000354548421456, 0.000340984377544, 0.000284155714326, 0.000316324469168, 0.000240713809035, 0.000289393414278, 0.000325125613017, 0.000251589663094, 0.000268519652309, 0.000310139381327, 0.00024047838815, 0.000243109374424, 0.000269312120508, 0.000220820089453, 9.10276648938e-05, 1.80436854862e-05],
        "dmean2": [0.0016783272149, 0.0119408667088, 0.00285578425974, 0.00129051378462, 0.00426965905353, 0.0013453491265, 0.0006837171386, 0.000549385789782, 0.00103034905624, 0.000712070264854, 0.000576724822167, 0.000593134143855, 0.00058111891849, 0.000481670838781, 0.000539709522855, 0.000396795599954, 0.00048362169764, 0.000529831391759, 0.000405691418564, 0.000435264868429, 0.000503694231156, 0.000388274755096, 0.000385848252336, 0.00042681285413, 0.000349135778379, 0.000142125383718, 2.88975134026e-05],
        "dvar": [6.41029782855e-06, 0.000367341708625, 2.31538233493e-05, 3.496825002e-06, 6.93647743901e-05, 3.4377699194e-06, 1.50159360146e-06, 7.14272232472e-07, 2.17114484258e-06, 1.33779599309e-06, 7.86744067227e-07, 7.03330783836e-07, 3.85650224644e-07, 3.0287486652e-07, 3.35374039651e-07, 3.25177467175e-07, 2.70879667141e-07, 5.14349892455e-07, 2.28762900178e-07, 2.36242684082e-07, 2.59807876546e-07, 1.79587090088e-07, 1.56693928943e-07, 1.86402985491e-07, 1.23219365378e-07, 2.16476276904e-08, 8.75976180481e-10],
        "dvar2": [1.64400316862e-05, 0.000726800586563, 5.90575036767e-05, 8.50557989907e-06, 0.000130337764858, 8.98176040209e-06, 3.93723757952e-06, 1.74443550804e-06, 5.63321782465e-06, 3.40202791449e-06, 1.95611710296e-06, 1.76780338279e-06, 1.03996080725e-06, 7.94588004283e-07, 8.99962572021e-07, 8.64002629442e-07, 7.15339240287e-07, 1.2814175534e-06, 5.33754246135e-07, 6.05628542871e-07, 6.68434779527e-07, 4.77119272091e-07, 4.12458831534e-07, 4.97102632835e-07, 3.19155333273e-07, 5.32393151786e-08, 2.15516426927e-09],
        "max": [0.0503840409219, 0.213133499026, 0.0531370714307, 0.052377615124, 0.092787720263, 0.0396884903312, 0.0461906343699, 0.0218494683504, 0.0278173852712, 0.0339644104242, 0.0348668210208, 0.0258445534855, 0.0154320364818, 0.011168836616, 0.00930508505553, 0.0254253204912, 0.0108212744817, 0.0174277983606, 0.0135751087219, 0.014420661144, 0.00839391164482, 0.0103996489197, 0.00512583740056, 0.00544650899246, 0.0044935666956, 0.00275755836628, 0.000363990635378],
        "mean": [0.00346074788831, 0.0183566901833, 0.00185673229862, 0.000904662185349, 0.0029299671296, 0.0010746861808, 0.000556517275982, 0.000420261843828, 0.000771608378273, 0.000556187878828, 0.000450186344096, 0.000461946241558, 0.00042194352136, 0.000373768387362, 0.00042314195889, 0.000349612382706, 0.000418618466938, 0.000530530931428, 0.000431768014096, 0.00050126388669, 0.000604267057497, 0.000450739025837, 0.000452798441984, 0.000510116806254, 0.000391163892346, 0.000168638842297, 2.69678021141e-05],
        "median": [0.000345892854966, 0.00608396250755, 0.000232273479924, 0.000202469353098, 0.000324405380525, 0.00032058978104, 0.000156043126481, 9.19632147998e-05, 0.000254319631495, 0.000177717258339, 0.000117881107144, 0.00012857071124, 0.000159975272254, 0.000143276993185, 0.000175800174475, 0.000161539763212, 0.000198498702957, 0.000214680301724, 0.000230199788348, 0.000301543972455, 0.000351970898919, 0.000283907575067, 0.00023922319815, 0.000276428589132, 0.00020215427503, 7.86608579801e-05, 6.9212883318e-06],
        "min": [2.35657157774e-25, 5.61975358093e-24, 1.39378449368e-24, 6.26520578586e-25, 8.85142404222e-24, 5.07726734704e-24, 1.52442652546e-23, 1.14554964888e-23, 1.81594581313e-23, 2.08642223616e-23, 2.10494595239e-23, 2.57383935243e-23, 2.24642878683e-23, 3.77796941771e-23, 3.79020812133e-23, 3.55257229333e-23, 8.48268063618e-23, 1.01605322458e-22, 1.71810446791e-22, 1.89177920128e-22, 2.82155906316e-22, 3.52177194504e-22, 4.65941387866e-22, 6.82465303802e-22, 9.75139111501e-22, 1.38719198467e-21, 2.00213029012e-21],
        "var": [3.20874787576e-05, 0.00077578832861, 2.26718366321e-05, 5.08441598868e-06, 9.01271268958e-05, 4.90745833304e-06, 2.19256207856e-06, 1.03907507309e-06, 2.73294472208e-06, 1.65314702372e-06, 1.91080789591e-06, 1.28642318487e-06, 4.93076356634e-07, 4.12555493767e-07, 4.49545524361e-07, 4.4163448365e-07, 4.13968166413e-07, 1.21744676562e-06, 4.68476315518e-07, 4.10388224736e-07, 5.69350959267e-07, 3.14601265927e-07, 3.38959125656e-07, 4.02848769454e-07, 2.3809633376e-07, 4.79660826613e-08, 1.72888847683e-09]
    },
    "erbbands": {
        "dmean": [0.29905924201, 1.81643927097, 2.36450743675, 1.88605511189, 8.02687644958, 8.59922122955, 5.43012905121, 7.07590198517, 6.23868608475, 5.89756155014, 8.57457447052, 14.2836484909, 13.9056978226, 12.3272256851, 13.3743152618, 14.9192495346, 15.3534460068, 14.8345108032, 14.7885189056, 15.5791683197, 12.6564388275, 14.7558050156, 16.8101634979, 14.1908607483, 11.852060318, 13.2380418777, 13.7955341339, 10.9900560379, 9.23379516602, 7.91378450394, 6.72947454453, 5.77009725571, 4.74684810638, 3.15513896942, 1.22003746033, 0.474717646837, 0.162817329168, 0.035706255585, 0.00281881331466, 5.36764819117e-05],
        "dmean2": [0.421220213175, 2.61175775528, 3.71084213257, 2.98993587494, 12.604095459, 13.8610172272, 9.07803058624, 12.1724996567, 10.4823970795, 9.72373485565, 14.17436409, 23.8107318878, 22.9362068176, 20.5607376099, 22.2101554871, 24.9059505463, 26.075006485, 24.9439544678, 25.5314826965, 25.967880249, 20.6117210388, 24.6321163177, 27.6040172577, 23.0247116089, 19.1520786285, 21.4553966522, 22.6563873291, 17.8455886841, 15.1345624924, 12.8341608047, 10.7041387558, 9.26102256775, 7.63589334488, 5.04860115051, 1.90341711044, 0.752160072327, 0.254714280367, 0.0561126284301, 0.00451356265694, 8.44903115649e-05],
        "dvar": [0.374742925167, 23.746137619, 46.2235374451, 16.8267803192, 644.289367676, 723.546264648, 188.192504883, 296.399780273, 349.201690674, 203.794235229, 492.340484619, 1259.61425781, 1329.05786133, 1356.70605469, 1165.60168457, 1173.22485352, 815.9453125, 827.302062988, 941.076293945, 1278.27429199, 576.21295166, 721.786315918, 1599.66577148, 844.97857666, 443.672241211, 572.094726562, 672.326721191, 354.622680664, 293.221160889, 167.591567993, 131.125427246, 82.0598297119, 68.4791641235, 26.1133270264, 3.77024960518, 0.64617562294, 0.0682555288076, 0.00330549897626, 2.29022825806e-05, 6.00075722446e-09],
        "dvar2": [0.739075601101, 48.9647521973, 106.508712769, 38.7857589722, 1301.24829102, 1497.42993164, 460.550415039, 796.119689941, 926.518493652, 519.432678223, 1236.67504883, 3265.9387207, 3409.37060547, 3589.91088867, 2742.01708984, 2894.4440918, 2178.39013672, 2160.06982422, 2653.02246094, 3288.18920898, 1484.66516113, 1864.24682617, 4195.40234375, 1951.78369141, 1088.72167969, 1449.77880859, 1822.39343262, 889.461242676, 799.206054688, 437.376800537, 346.047454834, 218.631820679, 183.037536621, 68.1550674438, 9.52594566345, 1.58615720272, 0.171177402139, 0.00830380618572, 5.57101193408e-05, 1.44992222673e-08],
        "max": [7.71817302704, 54.3329391479, 70.3063735962, 115.555831909, 275.24508667, 405.005279541, 407.682556152, 374.430511475, 722.712890625, 448.22442627, 514.553222656, 697.164367676, 1243.57067871, 1400.94335938, 1436.23986816, 1115.26098633, 770.277526855, 524.380249023, 374.957672119, 1529.21386719, 580.584655762, 480.338989258, 1237.23791504, 1041.6361084, 542.546691895, 661.457824707, 461.036712646, 403.666625977, 379.71875, 191.035583496, 139.980743408, 124.739860535, 97.9369735718, 72.1759643555, 40.7712631226, 20.9460296631, 3.26619672775, 1.01959431171, 0.0663607567549, 0.00106033880729],
        "mean": [0.869647145271, 2.71610450745, 2.76897573471, 2.55586671829, 8.31399822235, 9.12317657471, 6.48117685318, 9.12146472931, 8.51965427399, 8.18409442902, 11.3846702576, 18.5377674103, 18.6123256683, 16.0345134735, 18.7362880707, 20.6788864136, 20.0575294495, 20.1492729187, 18.9393882751, 23.3514919281, 20.0335655212, 21.9900817871, 27.6222229004, 25.8705711365, 22.1131629944, 24.4816627502, 24.3887786865, 22.0038070679, 16.8011283875, 14.6205863953, 12.5688667297, 10.9882593155, 8.15705108643, 5.32303524017, 2.23381376266, 0.864926934242, 0.289125174284, 0.060897346586, 0.00427953992039, 0.000122868921608],
        "median": [0.173055917025, 0.870181798935, 0.484733521938, 0.708446383476, 0.906510233879, 1.00855660439, 1.58362650871, 2.73952245712, 2.47574043274, 2.57428884506, 3.24507808685, 6.22811508179, 6.70132350922, 5.22702407837, 6.2011179924, 6.95511817932, 7.93359899521, 8.13959980011, 7.64206266403, 10.3106117249, 10.228187561, 11.0463924408, 12.1385650635, 12.3817443848, 12.9567813873, 14.676112175, 14.3544445038, 12.4567651749, 10.1689624786, 8.18478775024, 6.80178499222, 6.00813579559, 4.21887683868, 2.66140961647, 1.14646613598, 0.415783464909, 0.134436100721, 0.0255307331681, 0.00106528308243, 8.37891275296e-05],
        "min": [1.95982192534e-22, 4.13046232066e-22, 1.26993024711e-21, 2.04585433836e-21, 1.38637312433e-20, 2.52288051189e-20, 3.87568238181e-20, 5.54206939131e-20, 2.09126574619e-19, 1.93940288205e-19, 3.20296663342e-19, 4.33037839466e-19, 8.9222730419e-19, 9.81004877022e-19, 8.68450721265e-19, 1.58126813406e-18, 1.12336048909e-18, 2.55649267296e-18, 2.13068573622e-18, 3.21343951545e-18, 3.14595543274e-18, 5.29122622432e-18, 6.47434554958e-18, 7.43385727576e-18, 1.0087430347e-17, 9.45188101255e-18, 9.28896530937e-18, 1.10514332503e-17, 1.2443023183e-17, 1.20125972697e-17, 1.13417513114e-17, 1.2812370907e-17, 1.07413687336e-17, 8.75677880995e-18, 6.58176322393e-18, 3.91637884077e-18, 2.42775627948e-18, 1.06961473899e-18, 2.47786915574e-19, 2.92707553275e-20],
        "var": [1.37762010098, 34.3482513428, 49.4089164734, 31.4317169189, 774.5078125, 861.818603516, 229.891845703, 374.980987549, 513.388122559, 306.956939697, 707.152526855, 1691.1484375, 1716.15112305, 1593.63757324, 2893.97900391, 2196.38647461, 1091.61010742, 1172.40429688, 1045.81201172, 1723.7130127, 1022.93969727, 1044.06396484, 3351.84765625, 2108.47070312, 938.669311523, 991.406066895, 1028.27453613, 806.839233398, 451.639038086, 345.138214111, 268.862945557, 189.731399536, 115.844863892, 45.78931427, 8.05701828003, 1.34904539585, 0.140850961208, 0.00674884254113, 4.57417554571e-05, 1.43424188082e-08]
    },
    "gfcc": {
        "mean": [-24.4581604004, 49.8710403442, -94.8411560059, 36.8989219666, -49.6582336426, 21.1870117188, -28.2706756592, 14.4541959763, -20.0900802612, 8.02494812012, -12.2883501053, 3.98792910576, -7.0949473381],
        "cov": [[33814.1875, -7873.76611328, -5021.01318359, 1100.91540527, -2116.03637695, 1248.09912109, -1191.31872559, 1175.2824707, -741.800231934, 1042.29150391, -644.788757324, 842.304992676, -489.010467529], [-7873.76611328, 5567.02587891, 1735.7175293, -463.310699463, 1047.1138916, -488.357421875, 721.989868164, -435.326629639, 470.712188721, -401.325073242, 418.789123535, -357.051177979, 317.952484131], [-5021.01318359, 1735.7175293, 1964.56860352, 210.514083862, 589.572753906, -28.3237323761, 218.868896484, -178.98638916, 116.700218201, -193.865753174, 64.3077087402, -141.382995605, 47.5715255737], [1100.91540527, -463.310699463, 210.514083862, 779.80456543, 178.297195435, 269.644348145, 26.9607582092, 163.687271118, 14.9937171936, 84.2022399902, -14.8575429916, 57.1460151672, -29.6665725708], [-2116.03637695, 1047.1138916, 589.572753906, 178.297195435, 616.903442383, 100.686515808, 323.328521729, 19.4274787903, 197.11088562, -11.5719804764, 141.262832642, -45.303653717, 95.5911712646], [1248.09912109, -488.357421875, -28.3237323761, 269.644348145, 100.686515808, 422.058044434, 123.71937561, 191.26651001, 49.5924949646, 136.917678833, 24.8045883179, 79.3954849243, -4.00429534912], [-1191.31872559, 721.989868164, 218.868896484, 26.9607582092, 323.328521729, 123.71937561, 407.45223999, 140.270935059, 205.623550415, 52.4963493347, 158.744659424, 1.84603583813, 101.208702087], [1175.2824707, -435.326629639, -178.98638916, 163.687271118, 19.4274787903, 191.26651001, 140.270935059, 315.04888916, 114.251853943, 165.158493042, 51.0008010864, 87.8842163086, 14.1433258057], [-741.800231934, 470.712188721, 116.700218201, 14.9937171936, 197.11088562, 49.5924949646, 205.623550415, 114.251853943, 246.9712677, 81.7482376099, 122.714767456, 7.40345287323, 80.3595809937], [1042.29150391, -401.325073242, -193.865753174, 84.2022399902, -11.5719804764, 136.917678833, 52.4963493347, 165.158493042, 81.7482376099, 213.860122681, 74.200088501, 87.4584579468, 17.4941921234], [-644.788757324, 418.789123535, 64.3077087402, -14.8575429916, 141.262832642, 24.8045883179, 158.744659424, 51.0008010864, 122.714767456, 74.200088501, 194.299789429, 53.9734115601, 82.9910888672], [842.304992676, -357.051177979, -141.382995605, 57.1460151672, -45.303653717, 79.3954849243, 1.84603583813, 87.8842163086, 7.40345287323, 87.4584579468, 53.9734115601, 132.696166992, 37.5940437317], [-489.010467529, 317.952484131, 47.5715255737, -29.6665725708, 95.5911712646, -4.00429534912, 101.208702087, 14.1433258057, 80.3595809937, 17.4941921234, 82.9910888672, 37.5940437317, 132.103225708]],
        "icov": [[9.1830304882e-05, -9.04926564544e-05, 0.000191003724467, -0.000101245335827, 8.75111800269e-05, -0.000192016930669, 0.000182908101124, -0.000173712920514, 0.000147469938383, -0.000225216266699, 0.000328974449076, -0.000346061191522, 0.000107464809844], [-9.04926564544e-05, 0.000857298786286, -0.000439114461187, 0.000242318026721, -0.000351550697815, 0.000626815133728, -0.000798513705377, 0.000720977375749, -0.000672755471896, 0.000966442283243, -0.00144520378672, 0.00151120021474, -0.000618738122284], [0.000191003724467, -0.000439114461187, 0.00132747669704, -0.000483658281155, -0.000391021894757, -0.000530309276655, 0.000552885583602, -0.000131473672809, 0.000242267706199, -0.000152945824084, 0.000969589396846, -0.000978640746325, 0.000576897757128], [-0.000101245335827, 0.000242318026721, -0.000483658281155, 0.00231090234593, -0.00126042682678, -0.000617215351667, 0.000894887256436, -0.00101667852141, 0.00018107019423, 0.000460406823549, -0.0003572407295, 0.000202344977879, 4.74471817142e-05], [8.75111800269e-05, -0.000351550697815, -0.000391021894757, -0.00126042682678, 0.00499631697312, -0.000865493610036, -0.00226169242524, 0.00129241135437, -0.00110021489672, -0.000235634899582, -9.7316908068e-05, 0.000384184881113, -0.00036712072324], [-0.000192016930669, 0.000626815133728, -0.000530309276655, -0.000617215351667, -0.000865493610036, 0.00532882940024, -0.00253788451664, 6.64025283186e-05, 0.00029410343268, -0.00108726345934, 0.000300158164464, -0.000438297283836, 0.000459213042632], [0.000182908101124, -0.000798513705377, 0.000552885583602, 0.000894887256436, -0.00226169242524, -0.00253788451664, 0.00972630083561, -0.00503808818758, -0.000510986486915, 0.00133987190202, -0.0023624219466, 0.00138075777795, -0.00152714760043], [-0.000173712920514, 0.000720977375749, -0.000131473672809, -0.00101667852141, 0.00129241135437, 6.64025283186e-05, -0.00503808818758, 0.0104797985405, -0.00386278657243, -0.0026440245565, 0.00167961989064, -0.00229062023573, 0.00154196214862], [0.000147469938383, -0.000672755471896, 0.000242267706199, 0.00018107019423, -0.00110021489672, 0.00029410343268, -0.000510986486915, -0.00386278657243, 0.0112593574449, -0.00363519694656, -0.00124481145758, 0.0024449925404, -0.00255291722715], [-0.000225216266699, 0.000966442283243, -0.000152945824084, 0.000460406823549, -0.000235634899582, -0.00108726345934, 0.00133987190202, -0.0026440245565, -0.00363519694656, 0.0131053123623, -0.00568515481427, -0.000299841834931, 0.000525526469573], [0.000328974449076, -0.00144520378672, 0.000969589396846, -0.0003572407295, -9.7316908068e-05, 0.000300158164464, -0.0023624219466, 0.00167961989064, -0.00124481145758, -0.00568515481427, 0.0159237515181, -0.00873374193907, -3.18022102874e-05], [-0.000346061191522, 0.00151120021474, -0.000978640746325, 0.000202344977879, 0.000384184881113, -0.000438297283836, 0.00138075777795, -0.00229062023573, 0.0024449925404, -0.000299841834931, -0.00873374193907, 0.0202561747283, -0.0073496196419], [0.000107464809844, -0.000618738122284, 0.000576897757128, 4.74471817142e-05, -0.00036712072324, 0.000459213042632, -0.00152714760043, 0.00154196214862, -0.00255291722715, 0.000525526469573, -3.18022102874e-05, -0.0073496196419, 0.0141391539946]]
    },
    "melbands": {
        "dmean": [0.00247827568091, 0.00154176994693, 0.00047076435294, 0.000642354716547, 0.000225657917326, 0.000155088855536, 9.29333182285e-05, 6.31685979897e-05, 7.85419324529e-05, 8.86898633325e-05, 6.92866597092e-05, 5.04605741298e-05, 4.85637538077e-05, 4.23410419899e-05, 3.8756064896e-05, 3.02302360069e-05, 2.88587416435e-05, 2.44034818024e-05, 2.20105575863e-05, 1.92587849597e-05, 1.56173791765e-05, 1.59072806127e-05, 1.64114844665e-05, 1.72220752575e-05, 1.21004914035e-05, 1.0180654499e-05, 8.96995243238e-06, 9.1011497716e-06, 9.60516990745e-06, 8.02194062999e-06, 6.81486517351e-06, 5.76366937821e-06, 4.84386737298e-06, 4.73128557132e-06, 4.06837762057e-06, 3.96204723074e-06, 3.624519195e-06, 3.64409038411e-06, 2.99290149997e-06, 2.72667784884e-06],
        "dmean2": [0.00348279369064, 0.00224264943972, 0.000744951830711, 0.00102723983582, 0.000378612719942, 0.000265754875727, 0.000155048095621, 0.000104017803096, 0.000129813124659, 0.000148328515934, 0.000114604226837, 8.44915266498e-05, 8.11760182842e-05, 7.07656727172e-05, 6.5276886744e-05, 5.16648724442e-05, 4.86581811856e-05, 4.23704041168e-05, 3.7194302422e-05, 3.21122424793e-05, 2.57281608356e-05, 2.67585128313e-05, 2.73544501397e-05, 2.81251359411e-05, 1.97705739993e-05, 1.6713185687e-05, 1.46683287312e-05, 1.48692461153e-05, 1.61050411407e-05, 1.3222904272e-05, 1.11910603664e-05, 9.58874716162e-06, 7.87780390965e-06, 7.72523708292e-06, 6.47423303235e-06, 6.4886016844e-06, 5.85546831644e-06, 5.88273178437e-06, 4.84554493596e-06, 4.40061558038e-06],
        "dvar": [2.72299275821e-05, 1.74815904757e-05, 1.09538177639e-06, 4.24523523179e-06, 3.42982502843e-07, 1.35437346671e-07, 7.56136984137e-08, 2.13200443966e-08, 3.88277499042e-08, 4.68261411868e-08, 3.46540822704e-08, 2.37662209912e-08, 1.60588804476e-08, 1.08135882471e-08, 6.25153129263e-09, 3.06768432878e-09, 3.35088157222e-09, 2.67390354303e-09, 1.82658055348e-09, 2.23932405952e-09, 8.53846771065e-10, 8.47788172997e-10, 1.20681886706e-09, 1.59056645632e-09, 7.13235082106e-10, 4.8815068654e-10, 2.66028782336e-10, 2.52316362248e-10, 3.53586826485e-10, 1.87535362239e-10, 1.59086938067e-10, 1.23892590631e-10, 6.54130222211e-11, 6.18402690167e-11, 4.93932950096e-11, 4.47418803395e-11, 3.22860280177e-11, 3.87464366147e-11, 2.68280710147e-11, 2.07459379536e-11],
        "dvar2": [5.33829224878e-05, 3.507943984e-05, 2.38340521719e-06, 8.05600211606e-06, 8.56655901771e-07, 3.60837162816e-07, 1.99311614324e-07, 5.42302558415e-08, 1.0091613234e-07, 1.22517533896e-07, 8.96920724358e-08, 6.24337133104e-08, 3.88789196393e-08, 2.68686228821e-08, 1.62369282464e-08, 8.3523499228e-09, 8.71682015458e-09, 7.58201412765e-09, 4.81697259858e-09, 5.7813807075e-09, 2.24234453228e-09, 2.18541651442e-09, 3.27310623049e-09, 3.65177932338e-09, 1.61845692404e-09, 1.1636003272e-09, 6.84036105536e-10, 6.44663877836e-10, 9.65505453365e-10, 4.92648477568e-10, 4.14948686522e-10, 3.46956324782e-10, 1.71735278776e-10, 1.64307803474e-10, 1.28594024318e-10, 1.22319279705e-10, 8.44471784167e-11, 1.04187325434e-10, 6.97728194665e-11, 5.38964636809e-11],
        "max": [0.0569667071104, 0.0489497967064, 0.0175094157457, 0.0234883837402, 0.0110140629113, 0.00768994586542, 0.010708627291, 0.00415476877242, 0.00416768109426, 0.00419928785414, 0.00643394049257, 0.00572773115709, 0.00581131083891, 0.0030045597814, 0.00251226918772, 0.00100702990312, 0.0011525969021, 0.000670932640787, 0.00110780529212, 0.00221020355821, 0.00070206791861, 0.000714190478902, 0.000789820158388, 0.0012019390706, 0.000930694746785, 0.000754077569582, 0.000422577839345, 0.000405124388635, 0.000329468661221, 0.000289711373625, 0.000258105515968, 0.000244781782385, 0.000123625795823, 0.000111701971036, 0.00010522492812, 9.283349209e-05, 8.35818791529e-05, 7.20256284694e-05, 6.41738952254e-05, 8.12588259578e-05],
        "mean": [0.00632483325899, 0.00216733640991, 0.000598859449383, 0.000703010475263, 0.000250778452028, 0.000206349679502, 0.000128157742438, 8.68857896421e-05, 0.000103454425698, 0.000112271765829, 9.02161627891e-05, 6.21903236606e-05, 6.5334046667e-05, 5.50943841517e-05, 5.00068090332e-05, 3.72528083972e-05, 3.77572614525e-05, 2.89835625154e-05, 2.98558406939e-05, 2.82269957097e-05, 2.29654033319e-05, 2.18675140786e-05, 2.39710316237e-05, 2.73507539532e-05, 1.99360838451e-05, 1.66035842994e-05, 1.5863459339e-05, 1.5684934624e-05, 1.51673084474e-05, 1.42326671266e-05, 1.24017979033e-05, 9.57450811256e-06, 8.41354449221e-06, 8.1594216681e-06, 7.25534937374e-06, 6.90506749379e-06, 6.60395107843e-06, 5.95163692196e-06, 4.8562246775e-06, 4.41492375103e-06],
        "median": [0.00175730639603, 0.000696261005942, 0.000149355008034, 7.09034065949e-05, 5.61942433706e-05, 6.29254573141e-05, 3.64498628187e-05, 2.56960793195e-05, 2.97165188385e-05, 3.8189937186e-05, 2.96511334454e-05, 1.83213669516e-05, 1.92195038835e-05, 1.44145542436e-05, 1.85694498214e-05, 1.47811751958e-05, 1.38290433824e-05, 1.06891930045e-05, 1.28435876832e-05, 1.22948949866e-05, 1.06293891804e-05, 1.03907968878e-05, 1.0357802239e-05, 1.02632420749e-05, 8.85561166797e-06, 8.65575202624e-06, 9.64910759649e-06, 8.98450889508e-06, 8.17485579319e-06, 7.55257087803e-06, 6.52197286399e-06, 5.53438076167e-06, 4.84703286929e-06, 4.13999578086e-06, 3.75224635718e-06, 3.52165602635e-06, 3.52616007149e-06, 2.96379676001e-06, 2.46472313847e-06, 2.10025336855e-06],
        "min": [2.20811160386e-24, 1.00108549215e-24, 5.38059146485e-25, 1.38030433992e-24, 1.70680943125e-24, 9.74311257201e-25, 3.37676367544e-24, 2.07157950269e-24, 2.07238157701e-24, 2.71604770225e-24, 3.53556650326e-24, 3.57181545071e-24, 3.38098526457e-24, 3.25264035631e-24, 4.45035643022e-24, 2.7467945421e-24, 2.43726090568e-24, 3.52042550147e-24, 3.17252857315e-24, 3.48250495776e-24, 3.64877987607e-24, 5.69051243198e-24, 3.42936137073e-24, 4.19984655002e-24, 5.72657323611e-24, 5.55827607286e-24, 4.89623363006e-24, 5.94009382289e-24, 5.05992936764e-24, 5.61614059798e-24, 5.50475698804e-24, 6.3507535109e-24, 6.91222644349e-24, 6.59526015962e-24, 6.6902039083e-24, 5.78613302331e-24, 6.38477747618e-24, 5.88857962806e-24, 6.44372076859e-24, 6.531091847e-24],
        "var": [7.59152171668e-05, 2.4265375032e-05, 1.63034872003e-06, 5.51478342459e-06, 3.63895225064e-07, 1.83325511216e-07, 1.14229017356e-07, 3.14700123738e-08, 5.36570539111e-08, 5.79031969039e-08, 4.32065050404e-08, 2.65704453994e-08, 4.00722370841e-08, 1.97135090474e-08, 8.64562643699e-09, 3.61038976493e-09, 4.64571092706e-09, 2.75151812446e-09, 2.37135155956e-09, 3.09496006601e-09, 1.44065126495e-09, 1.12076958825e-09, 2.0914601162e-09, 3.8110803402e-09, 1.46662104683e-09, 8.79768979889e-10, 4.40471187302e-10, 4.26323143454e-10, 4.54659809801e-10, 3.85498466482e-10, 3.09169106982e-10, 1.62510602197e-10, 1.18250034764e-10, 1.18401885518e-10, 9.83004580513e-11, 8.20146450753e-11, 7.2717901145e-11, 6.52763676445e-11, 4.22178646209e-11, 3.47896676745e-11]
    },
    "mfcc": {
        "mean": [-657.893066406, 76.5071334839, 14.397936821, 23.2134418488, 8.41323566437, 9.78162384033, 8.04518508911, 6.46871948242, 5.38310432434, 5.11184263229, 2.47682404518, 4.06711816788, 0.944971263409],
        "cov": [[18690.7910156, -3240.97094727, -2008.15283203, -857.138366699, -738.132263184, -261.198455811, -308.591491699, -121.249069214, -56.6349143982, 12.5734872818, -19.1675319672, 39.1251068115, -43.7000732422], [-3240.97094727, 3176.34545898, 554.049926758, 244.398742676, 155.169616699, 104.358909607, 168.301757812, 119.578834534, 83.8936462402, 81.1821289062, 119.445274353, 79.9360809326, 87.231918335], [-2008.15283203, 554.049926758, 1106.99328613, 394.543151855, 327.432617188, 182.667434692, 92.1866378784, 69.4919281006, 13.086648941, -8.12913227081, -6.18255996704, -48.7430953979, -27.7047119141], [-857.138366699, 244.398742676, 394.543151855, 581.791748047, 297.358978271, 153.816329956, 117.10030365, 94.1307296753, 64.5764846802, 37.6760673523, 39.5052719116, 4.93530797958, 10.9560136795], [-738.132263184, 155.169616699, 327.432617188, 297.358978271, 362.067596436, 214.145599365, 119.616844177, 94.8332443237, 73.6495742798, 48.6529083252, 43.7542800903, 26.7910575867, 30.9221191406], [-261.198455811, 104.358909607, 182.667434692, 153.816329956, 214.145599365, 284.782684326, 152.644393921, 100.624221802, 76.4685745239, 64.317565918, 45.5645904541, 41.3961753845, 40.6727523804], [-308.591491699, 168.301757812, 92.1866378784, 117.10030365, 119.616844177, 152.644393921, 241.109985352, 135.467514038, 99.9415206909, 77.6698760986, 84.2258834839, 80.4265594482, 66.0673446655], [-121.249069214, 119.578834534, 69.4919281006, 94.1307296753, 94.8332443237, 100.624221802, 135.467514038, 188.382232666, 119.372001648, 81.6641311646, 75.1171112061, 60.9037322998, 59.5736999512], [-56.6349143982, 83.8936462402, 13.086648941, 64.5764846802, 73.6495742798, 76.4685745239, 99.9415206909, 119.372001648, 182.644607544, 124.442199707, 81.1322479248, 70.1145019531, 63.4701156616], [12.5734872818, 81.1821289062, -8.12913227081, 37.6760673523, 48.6529083252, 64.317565918, 77.6698760986, 81.6641311646, 124.442199707, 166.302719116, 102.775772095, 63.5593490601, 57.8017654419], [-19.1675319672, 119.445274353, -6.18255996704, 39.5052719116, 43.7542800903, 45.5645904541, 84.2258834839, 75.1171112061, 81.1322479248, 102.775772095, 157.407394409, 104.651893616, 62.5220375061], [39.1251068115, 79.9360809326, -48.7430953979, 4.93530797958, 26.7910575867, 41.3961753845, 80.4265594482, 60.9037322998, 70.1145019531, 63.5593490601, 104.651893616, 154.880233765, 95.2212524414], [-43.7000732422, 87.231918335, -27.7047119141, 10.9560136795, 30.9221191406, 40.6727523804, 66.0673446655, 59.5736999512, 63.4701156616, 57.8017654419, 62.5220375061, 95.2212524414, 134.78414917]],
