{
"lowlevel": {
    "average_loudness": 0.874072492123,
    "barkbands_crest": {
        "dmean": 3.05147981644,
        "dmean2": 4.62583398819,
        "dvar": 10.8385763168,
        "dvar2": 22.2486934662,
        "max": 26.8345336914,
        "mean": 12.5396060944,
        "median": 12.2186889648,
        "min": 1.92287147045,
        "var": 39.9961090088
    },
    "barkbands_flatness_db": {
        "dmean": 0.0329191498458,
        "dmean2": 0.04587033391,
        "dvar": 0.00147001259029,
        "dvar2": 0.00266442401335,
        "max": 0.665283381939,
        "mean": 0.144231155515,
        "median": 0.103424757719,
        "min": 0.0113164978102,
        "var": 0.012505074963
    },
    "barkbands_kurtosis": {
        "dmean": 15.0463380814,
        "dmean2": 21.6652107239,
        "dvar": 5451.94482422,
        "dvar2": 10715.9326172,
        "max": 2577.26879883,
        "mean": 19.4439334869,
        "median": 1.24404811859,
        "min": -1.86301362514,
        "var": 9467.67285156
    },
    "barkbands_skewness": {
        "dmean": 1.10795676708,
        "dmean2": 1.50650322437,
        "dvar": 3.17945933342,
        "dvar2": 5.76161146164,
        "max": 44.2941894531,
        "mean": 2.21073937416,
        "median": 1.38825714588,
        "min": -6.09879398346,
        "var": 10.9397659302
    },
    "barkbands_spread": {
        "dmean": 11.2885007858,
        "dmean2": 17.0984535217,
        "dvar": 169.047241211,
        "dvar2": 388.139251709,
        "max": 121.874694824,
        "mean": 33.9981231689,
        "median": 32.6362571716,
        "min": 0.0933995619416,
        "var": 557.393188477
    },
    "dissonance": {
        "dmean": 0.0176089145243,
        "dmean2": 0.0296936240047,
        "dvar": 0.000510368437972,
        "dvar2": 0.00139942101669,
        "max": 0.500000059605,
        "mean": 0.46903398633,
        "median": 0.481149405241,
        "min": 0.15584141016,
        "var": 0.0015435985988
    },
    "dynamic_complexity": 3.75831151009,
    "erbbands_crest": {
        "dmean": 2.56467199326,
        "dmean2": 4.14403104782,
        "dvar": 6.8059797287,
        "dvar2": 15.6713380814,
        "max": 31.8263587952,
        "mean": 7.57566738129,
        "median": 6.21109390259,
        "min": 1.90230071545,
        "var": 18.8960018158
    },
    "erbbands_flatness_db": {
        "dmean": 0.017769863829,
        "dmean2": 0.0271809324622,
        "dvar": 0.000395836425014,
        "dvar2": 0.000836377323139,
        "max": 0.453889578581,
        "mean": 0.128626435995,
        "median": 0.102024011314,
        "min": 0.0259586442262,
        "var": 0.00509952101856
    },
    "erbbands_kurtosis": {
        "dmean": 0.98809170723,
        "dmean2": 1.57836651802,
        "dvar": 3.90121912956,
        "dvar2": 9.05105400085,
        "max": 45.4149093628,
        "mean": 0.397330462933,
        "median": -0.317855596542,
        "min": -1.91533434391,
        "var": 7.73512983322
    },
    "erbbands_skewness": {
        "dmean": 0.405093848705,
        "dmean2": 0.612101197243,
        "dvar": 0.196072518826,
        "dvar2": 0.433467566967,
        "max": 6.10354804993,
        "mean": -0.0570773258805,
        "median": -0.0732911452651,
        "min": -4.16985654831,
        "var": 0.648213207722
    },
    "erbbands_spread": {
        "dmean": 11.2133932114,
        "dmean2": 17.2480201721,
        "dvar": 163.640960693,
        "dvar2": 357.464019775,
        "max": 239.874313354,
        "mean": 48.4586524963,
        "median": 45.6798171997,
        "min": 2.26036572456,
        "var": 631.691223145
    },
    "hfc": {
        "dmean": 16.9748039246,
        "dmean2": 26.8024196625,
        "dvar": 666.413696289,
        "dvar2": 1751.13171387,
        "max": 244.168197632,
        "mean": 38.1105995178,
        "median": 27.8561782837,
        "min": 1.1153958813e-16,
        "var": 1344.13806152
    },
    "melbands_crest": {
        "dmean": 3.92771553993,
        "dmean2": 5.92494010925,
        "dvar": 18.3572902679,
        "dvar2": 38.178730011,
        "max": 39.1841392517,
        "mean": 20.7361679077,
        "median": 20.14112854,
        "min": 1.00239908695,
        "var": 104.103019714
    },
    "melbands_flatness_db": {
        "dmean": 0.0400794185698,
        "dmean2": 0.0547743216157,
        "dvar": 0.00204089330509,
        "dvar2": 0.00386713910848,
        "max": 0.816446363926,
        "mean": 0.206992760301,
        "median": 0.170334488153,
        "min": -4.3143151629e-07,
        "var": 0.0192140676081
    },
    "melbands_kurtosis": {
        "dmean": 35.7935028076,
        "dmean2": 51.8684310913,
        "dvar": 16688.7773438,
        "dvar2": 35883.359375,
        "max": 3314.17236328,
        "mean": 53.5824317932,
        "median": 10.4478492737,
        "min": -1.7007484436,
        "var": 29914.1308594
    },
    "melbands_skewness": {
        "dmean": 1.60674571991,
        "dmean2": 2.23557662964,
        "dvar": 6.05462408066,
        "dvar2": 11.9398345947,
        "max": 47.83152771,
        "mean": 4.28893136978,
        "median": 3.02873444557,
        "min": -2.17011189461,
        "var": 20.1206741333
    },
    "melbands_spread": {
        "dmean": 14.0217313766,
        "dmean2": 21.4364051819,
        "dvar": 369.906005859,
        "dvar2": 836.455566406,
        "max": 204.835678101,
        "mean": 33.2142715454,
        "median": 24.9999160767,
        "min": 0.0856314301491,
        "var": 985.023010254
    },
    "pitch_salience": {
        "dmean": 0.094414934516,
        "dmean2": 0.140564262867,
        "dvar": 0.00998725369573,
        "dvar2": 0.0211331695318,
        "max": 0.997685313225,
        "mean": 0.452730238438,
        "median": 0.455983608961,
        "min": 0.0110278651118,
        "var": 0.0469250455499
    },
    "silence_rate_20dB": {
        "dmean": 0,
        "dmean2": 0,
        "dvar": 0,
        "dvar2": 0,
        "max": 1,
        "mean": 1,
        "median": 1,
        "min": 1,
        "var": 0
    },
    "silence_rate_30dB": {
        "dmean": 0.0432824119925,
        "dmean2": 0.0865733027458,
        "dvar": 0.0414063669741,
        "dvar2": 0.0875067934394,
        "max": 1,
        "mean": 0.9340056777,
        "median": 1,
        "min": 0,
        "var": 0.0616386942565
    },
    "silence_rate_60dB": {
        "dmean": 0.0350567959249,
        "dmean2": 0.0701204612851,
        "dvar": 0.0338249616325,
        "dvar2": 0.0767733678222,
        "max": 1,
        "mean": 0.0944874212146,
        "median": 0,
        "min": 0,
        "var": 0.0855528786778
    },
    "spectral_centroid": {
        "dmean": 398.879699707,
        "dmean2": 604.104858398,
        "dvar": 219839.34375,
        "dvar2": 452154.125,
        "max": 11499.0048828,
        "mean": 2064.98510742,
        "median": 2124.14135742,
        "min": 101.848487854,
        "var": 989676.875
    },
    "spectral_complexity": {
        "dmean": 5.89639616013,
        "dmean2": 8.95779037476,
        "dvar": 47.9126625061,
        "dvar2": 101.138404846,
        "max": 62,
        "mean": 19.8192501068,
        "median": 18,
        "min": 0,
        "var": 200.962005615
    },
    "spectral_decrease": {
        "dmean": 3.64569618938e-09,
        "dmean2": 5.06351405249e-09,
        "dvar": 3.25439190409e-17,
        "dvar2": 6.08150002317e-17,
        "max": 3.46156520115e-10,
        "mean": -9.76553682364e-09,
        "median": -7.18333303951e-09,
        "min": -6.7869315501e-08,
        "var": 9.81187018057e-17
    },
    "spectral_energy": {
        "dmean": 0.0144065041095,
        "dmean2": 0.0202280972153,
        "dvar": 0.000477509602206,
        "dvar2": 0.000916526769288,
        "max": 0.257798790932,
        "mean": 0.0403141230345,
        "median": 0.0302616469562,
        "min": 1.03136013012e-20,
        "var": 0.00144407164771
    },
    "spectral_energyband_high": {
        "dmean": 0.00154243479483,
        "dmean2": 0.00242798542604,
        "dvar": 5.90340778217e-06,
        "dvar2": 1.56660698849e-05,
        "max": 0.0284696538001,
        "mean": 0.0030545166228,
        "median": 0.00185189791955,
        "min": 7.53899599644e-21,
        "var": 1.18434609249e-05
    },
    "spectral_energyband_low": {
        "dmean": 0.0108776213601,
        "dmean2": 0.0141133163124,
        "dvar": 0.000447387690656,
        "dvar2": 0.000748468271922,
        "max": 0.256376028061,
        "mean": 0.0249193701893,
        "median": 0.016298038885,
        "min": 7.22742875549e-23,
        "var": 0.00132236513309
    },
    "spectral_energyband_middle_high": {
        "dmean": 0.00225310446694,
        "dmean2": 0.00357739580795,
        "dvar": 1.67548550962e-05,
        "dvar2": 4.38473543909e-05,
        "max": 0.0954490676522,
        "mean": 0.00477042980492,
        "median": 0.00302684237249,
        "min": 1.20232984051e-21,
        "var": 3.7477548176e-05
    },
    "spectral_energyband_middle_low": {
        "dmean": 0.00443961750716,
        "dmean2": 0.00711126532406,
        "dvar": 8.47300543683e-05,
        "dvar2": 0.000178337752004,
        "max": 0.12726983428,
        "mean": 0.00715471012518,
        "median": 0.00339627964422,
        "min": 2.0602056746e-22,
        "var": 0.000125942664454
    },
    "spectral_entropy": {
        "dmean": 0.17476785183,
        "dmean2": 0.263241201639,
        "dvar": 0.0399797745049,
        "dvar2": 0.0866327136755,
        "max": 9.80760097504,
        "mean": 7.91049766541,
        "median": 8.12437438965,
        "min": 4.89871883392,
        "var": 0.484142273664
    },
    "spectral_flux": {
        "dmean": 0.032436825335,
        "dmean2": 0.0517865158617,
        "dvar": 0.00160279439297,
        "dvar2": 0.00364264240488,
        "max": 0.426745027304,
        "mean": 0.0987184792757,
        "median": 0.0898847877979,
        "min": 6.40896918869e-11,
        "var": 0.00405702879652
    },
    "spectral_kurtosis": {
        "dmean": 2.69193077087,
        "dmean2": 4.60939407349,
        "dvar": 73.0274047852,
        "dvar2": 217.983627319,
        "max": 213.019500732,
        "mean": 6.86024951935,
        "median": 2.15995502472,
        "min": -1.28187346458,
        "var": 287.496459961
    },
    "spectral_rms": {
        "dmean": 0.00108012114652,
        "dmean2": 0.00151391502004,
        "dvar": 1.87655859918e-06,
        "dvar2": 3.60349190487e-06,
        "max": 0.015859099105,
        "mean": 0.00559701444581,
        "median": 0.0054335584864,
        "min": 3.17207349797e-12,
        "var": 8.00428006187e-06
    },
    "spectral_rolloff": {
        "dmean": 1354.07861328,
        "dmean2": 2163.65966797,
        "dvar": 3870434,
        "dvar2": 8321604.5,
        "max": 18820.0195312,
        "mean": 2858.37548828,
        "median": 1614.99023438,
        "min": 21.533203125,
        "var": 10320908
    },
    "spectral_skewness": {
        "dmean": 0.249298602343,
        "dmean2": 0.412839084864,
        "dvar": 0.233361244202,
        "dvar2": 0.698327183723,
        "max": 11.5533075333,
        "mean": 1.59701561928,
        "median": 1.26071226597,
        "min": -0.0450958758593,
        "var": 1.45691907406
    },
    "spectral_spread": {
        "dmean": 678491.8125,
        "dmean2": 1037642.125,
        "dvar": 788635844608,
        "dvar2": 1.53699444326e+12,
        "max": 41670084,
        "mean": 6226787.5,
        "median": 6657689,
        "min": 402638.53125,
        "var": 5.2052492288e+12
    },
    "spectral_strongpeak": {
        "dmean": 0.337853461504,
        "dmean2": 0.553736209869,
        "dvar": 0.428469479084,
        "dvar2": 1.08581602573,
        "max": 12.1490888596,
        "mean": 0.590534329414,
        "median": 0.334971517324,
        "min": 0,
        "var": 0.643627345562
    },
    "zerocrossingrate": {
        "dmean": 0.0234460588545,
        "dmean2": 0.0262354463339,
        "dvar": 0.000701692304574,
        "dvar2": 0.000849539064802,
        "max": 0.65625,
        "mean": 0.0969339385629,
        "median": 0.08154296875,
        "min": 0.0009765625,
        "var": 0.00599015736952
    },
    "barkbands": {
        "dmean": [0.00218076026067, 0.00942792743444, 0.00160193676129, 0.000788547447883, 0.0020465911366, 0.00111307774205, 0.000674188369885, 0.000653626106214, 0.000771212682594, 0.000430235901149, 0.000403608719353, 0.000285516289296, 0.000474821572425, 0.00039398969966, 0.000374288414605, 0.000266674585873, 0.000309855793603, 0.00027518364368, 0.000227710843319, 0.000273594225291, 0.000269154726993, 0.000236020947341, 0.000265221227892, 0.000291625678074, 0.000299407751299, 0.000228592049098, 8.56572951307e-05],
        "dmean2": [0.00314816227183, 0.0122605934739, 0.00272916816175, 0.00125621247571, 0.00338835641742, 0.00187663396355, 0.00111306656618, 0.00108167459257, 0.00122782494873, 0.000705118000042, 0.000662874488626, 0.000469338177936, 0.000765674863942, 0.000650330563076, 0.000638017198071, 0.000436929200077, 0.000516823318321, 0.000469380727736, 0.000383979961043, 0.000456001143903, 0.000441245007096, 0.00038806986413, 0.000439110095613, 0.000481705850689, 0.000486059143441, 0.000358769961167, 0.000135144626256],
        "dvar": [3.49437723344e-05, 0.000430717045674, 2.55790109804e-05, 7.30112969904e-06, 3.90660388803e-05, 1.01427167465e-05, 3.47293189407e-06, 6.81880555931e-06, 5.21910897078e-06, 2.77353024103e-06, 1.46494721776e-06, 7.07793162746e-07, 1.52461120706e-06, 1.01986233858e-06, 5.28072462203e-07, 6.86546968609e-07, 3.8077979525e-07, 3.51559236833e-07, 1.64769630828e-07, 1.97371548438e-07, 3.03492299736e-07, 2.23422816248e-07, 2.19099561605e-07, 2.75388543969e-07, 3.06733880961e-07, 1.42269811931e-07, 3.19756203737e-08],
        "dvar2": [6.28350608167e-05, 0.000727782782633, 6.84635160724e-05, 1.65341971297e-05, 7.98962719273e-05, 2.39104720094e-05, 8.9751683845e-06, 1.81633567991e-05, 1.14885106086e-05, 7.59958220442e-06, 3.79937546313e-06, 1.97756958187e-06, 3.03991805595e-06, 2.28631392929e-06, 1.42218470955e-06, 1.41763769079e-06, 9.76306864686e-07, 9.99617782327e-07, 4.74734093814e-07, 5.24172662608e-07, 8.33309172776e-07, 6.22646098236e-07, 5.94993252889e-07, 7.6495319945e-07, 8.28475947401e-07, 3.49161638269e-07, 7.5140050626e-08],
        "max": [0.1210026443, 0.251097649336, 0.0816591978073, 0.0745744407177, 0.117373675108, 0.0718110352755, 0.0616691075265, 0.0955373197794, 0.104515336454, 0.0688963383436, 0.0472937375307, 0.0294688902795, 0.0427901893854, 0.0282700490206, 0.0167755298316, 0.0630484968424, 0.0131944334134, 0.0156030990183, 0.00810648407787, 0.00978478230536, 0.0179492086172, 0.01992604509, 0.0112672382966, 0.0104158781469, 0.0106085818261, 0.00378228467889, 0.00228245556355],
        "mean": [0.00434851413593, 0.0195792801678, 0.00153092516121, 0.000917164725251, 0.0022346873302, 0.00118852488231, 0.000780123169534, 0.000776643515565, 0.00102160603274, 0.000546680530533, 0.000517565698829, 0.000356936274329, 0.000621171551757, 0.000494252657518, 0.000480192073155, 0.000392196438042, 0.00045408992446, 0.000405875674915, 0.000373769900762, 0.000470355327707, 0.00050160306273, 0.000437573617091, 0.00045769175631, 0.000493688043207, 0.00047788786469, 0.000347191322362, 0.000107882922748],
        "median": [0.00110475625843, 0.00978768803179, 0.00024155434221, 0.000173898384674, 0.000383455946576, 0.000332632800564, 0.000262529967586, 0.00015245040413, 0.000264127971604, 0.000151867803652, 0.000140173302498, 0.000100116609246, 0.000172076310264, 0.00016474063159, 0.000203715550015, 0.000165529796504, 0.000216845161049, 0.000199607937247, 0.000212088169064, 0.000274140795227, 0.000274764373899, 0.00024858690449, 0.000255127000855, 0.000269594747806, 0.000242328722379, 0.000155450470629, 2.99060538964e-05],
        "min": [4.94266401079e-24, 3.46873783613e-23, 1.66846321819e-23, 8.48577360202e-24, 3.47749419217e-23, 6.68724094674e-24, 3.87836648294e-23, 3.44020505273e-23, 3.94937153747e-23, 5.46218587263e-23, 3.21946315433e-23, 6.64664853114e-23, 4.84328883597e-23, 5.14707822394e-23, 9.15880574498e-23, 5.9308607582e-23, 1.06659686806e-22, 1.88204970642e-22, 1.96812048963e-22, 2.89011347397e-22, 3.70329552887e-22, 4.57032787975e-22, 4.33273761635e-22, 7.23079952658e-22, 1.16380949745e-21, 1.55147265946e-21, 2.10675975187e-21],
        "var": [0.000102355435956, 0.00112421251833, 2.07248467632e-05, 1.08563272079e-05, 4.60299670522e-05, 1.13199203042e-05, 3.49502306562e-06, 8.76565900398e-06, 7.35458161216e-06, 2.30346336139e-06, 2.11285032492e-06, 7.86414318554e-07, 2.66619167633e-06, 1.52945051468e-06, 6.38786787022e-07, 1.79918095e-06, 5.94352911776e-07, 4.91798573421e-07, 2.46701659989e-07, 3.50454229192e-07, 5.3514912679e-07, 3.15205085144e-07, 3.4666220472e-07, 3.90333951827e-07, 3.96897036126e-07, 2.12973901625e-07, 3.91941554767e-08]
    },
    "erbbands": {
        "dmean": [0.372304797173, 1.96179103851, 2.2195122242, 2.01304030418, 6.00645828247, 6.84274721146, 5.65833187103, 10.4996414185, 9.6456079483, 11.4746932983, 14.9470615387, 18.940536499, 14.5834312439, 12.7691001892, 14.2868041992, 13.3883256912, 21.6293239594, 20.0886383057, 17.7035598755, 19.3613853455, 13.8433580399, 15.5488376617, 14.0145797729, 12.9241714478, 11.5297670364, 13.4104299545, 12.2690229416, 9.61999702454, 8.67887973785, 8.73750782013, 7.33189964294, 5.85849189758, 5.19183683395, 3.72358083725, 1.94984340668, 1.01748478413, 0.449823349714, 0.128835350275, 0.0139817437157, 0.000204047712032],
        "dmean2": [0.477783381939, 2.63726687431, 3.4424302578, 3.21744155884, 9.52475166321, 11.5482273102, 9.64166259766, 17.6653270721, 15.8898019791, 18.9258766174, 24.3019161224, 29.847202301, 23.78307724, 20.8094005585, 23.0474624634, 21.6883010864, 34.5427627563, 32.3198242188, 30.5958824158, 32.2199897766, 22.4236984253, 25.9905529022, 23.7438735962, 21.8628292084, 19.504283905, 22.251537323, 20.6266059875, 15.6542348862, 14.3841581345, 14.475112915, 12.2562265396, 9.55763721466, 8.67096996307, 6.16991281509, 3.13399863243, 1.6257390976, 0.710262179375, 0.200237840414, 0.0220931749791, 0.000320182036376],
        "dvar": [0.556365430355, 24.0722236633, 35.8741607666, 47.0606536865, 323.5440979, 480.205627441, 292.291534424, 1106.87841797, 699.16583252, 1184.18041992, 3087.52539062, 2886.6862793, 2865.04663086, 1910.22973633, 2029.51660156, 1343.30151367, 2960.06103516, 3007.28222656, 1381.37158203, 1848.19970703, 1496.29284668, 1064.98547363, 772.264770508, 996.88659668, 378.189941406, 533.085998535, 574.271789551, 515.255737305, 321.328063965, 228.789703369, 189.968170166, 102.607933044, 97.5755767822, 49.4352035522, 12.6382665634, 2.92406916618, 0.609389841557, 0.0609690696001, 0.000816537474748, 1.50482449612e-07],
        "dvar2": [0.857631504536, 44.5171966553, 86.6372146606, 115.764701843, 647.960021973, 1070.9543457, 746.928588867, 2538.21142578, 1805.2635498, 3101.05639648, 7988.50341797, 6192.84814453, 7768.60888672, 4860.90625, 5404.14111328, 3674.56469727, 6002.46289062, 6459.06396484, 3813.89916992, 4521.74511719, 3040.70751953, 2742.09179688, 2128.97314453, 3072.13232422, 1066.35754395, 1397.43762207, 1555.61657715, 1460.58435059, 907.60748291, 609.203552246, 529.429321289, 282.482879639, 271.929229736, 135.32723999, 33.7703781128, 7.49743747711, 1.48357772827, 0.145634263754, 0.00187143613584, 3.46103860238e-07],
        "max": [10.294216156, 55.6830673218, 90.182723999, 165.44152832, 203.384567261, 570.228271484, 690.523681641, 822.640686035, 688.76550293, 1306.36523438, 2139.78125, 2745.34716797, 1733.80627441, 1628.0480957, 1870.93579102, 1148.88085938, 1827.92236328, 1822.67871094, 659.418884277, 1993.85632324, 3402.9909668, 724.247131348, 695.74407959, 1099.44262695, 322.977661133, 597.798828125, 682.241149902, 855.151184082, 697.644104004, 270.84487915, 320.660888672, 227.337814331, 133.171722412, 110.971809387, 94.5557632446, 16.0885753632, 10.4785146713, 3.57407903671, 0.342176407576, 0.00438460847363],
        "mean": [0.838735163212, 3.24180841446, 2.72827196121, 2.42205381393, 6.46083021164, 7.15922021866, 5.82867860794, 10.9687671661, 11.2381629944, 13.270529747, 19.4435501099, 25.4002895355, 18.5957260132, 17.2945041656, 18.8480911255, 17.9858322144, 29.353553772, 26.8737545013, 22.0194969177, 27.3739109039, 22.0208683014, 23.1181221008, 21.4479007721, 21.2174739838, 19.6026515961, 23.0546531677, 21.0135250092, 18.5619239807, 15.8428382874, 15.1155080795, 12.7153024673, 10.3562774658, 8.11270141602, 5.76260614395, 3.12557268143, 1.54929661751, 0.64606565237, 0.179844900966, 0.0177804194391, 0.00031176302582],
        "median": [0.324993044138, 1.04711925983, 0.401516854763, 0.64956766367, 0.958632469177, 1.2430460453, 1.80458819866, 2.72398710251, 3.26902985573, 3.99335813522, 4.98018407822, 6.89812660217, 5.56818628311, 6.04697418213, 6.50388240814, 6.51446390152, 8.77362346649, 8.98107242584, 8.06543445587, 11.9159297943, 10.4429798126, 11.579413414, 11.6644048691, 11.4653720856, 11.5896272659, 13.3674640656, 11.7344369888, 10.0590133667, 8.85753440857, 8.43580055237, 7.20762205124, 5.51487541199, 4.25913953781, 2.83109021187, 1.62992811203, 0.749910712242, 0.265924096107, 0.0653517693281, 0.00478036887944, 0.000155664471094],
        "min": [3.51123705475e-22, 9.89928559632e-21, 2.16710625302e-20, 3.42920324514e-20, 3.18102062704e-20, 1.60796130413e-19, 1.14728154428e-19, 6.86623368682e-20, 5.37987568755e-19, 5.03797919292e-19, 6.40575025312e-19, 8.75160706996e-19, 1.31857842238e-18, 1.45725628605e-18, 1.45342809417e-18, 3.33889531062e-18, 3.01857085918e-18, 2.84107237539e-18, 2.72305624265e-18, 4.97314260516e-18, 4.21904381331e-18, 6.76760754651e-18, 8.12011857198e-18, 1.50783312791e-17, 9.75347023671e-18, 1.26923569263e-17, 1.84886827937e-17, 1.49481462856e-17, 1.63169333304e-17, 1.3355185023e-17, 1.32094085021e-17, 1.05554168775e-17, 1.34530123653e-17, 1.18553411363e-17, 8.41187179147e-18, 5.18078685919e-18, 2.64558829674e-18, 1.10946561256e-18, 3.18497778154e-19, 3.00230243958e-20],
        "var": [1.71101534367, 49.2309074402, 43.0191383362, 60.1656837463, 401.793945312, 501.53994751, 247.513122559, 1296.96899414, 753.429321289, 1138.99291992, 4522.01757812, 4226.37158203, 2500.25634766, 2146.28930664, 2566.96337891, 1612.81652832, 5326.23925781, 5003.39160156, 1512.38720703, 3052.15380859, 4141.59960938, 1629.18664551, 1003.52130127, 1204.55761719, 632.319702148, 902.793029785, 914.845214844, 770.339538574, 439.384216309, 367.588500977, 272.811187744, 171.271972656, 115.86415863, 61.0995292664, 16.4726200104, 4.05736637115, 0.847664952278, 0.0808674693108, 0.00106438132934, 2.04932689485e-07]
    },
    "gfcc": {
        "mean": [1.96699655056, 37.4888191223, -96.2186660767, 26.2141666412, -48.9965629578, 19.8503055573, -27.6864967346, 15.4276504517, -17.1864757538, 11.7217445374, -12.9572191238, 5.57861661911, -9.73357486725],
        "cov": [[16102.7978516, -4273.31005859, 474.839263916, 1232.88586426, -288.22265625, 632.840270996, -511.224090576, 533.431945801, -420.596588135, 446.55279541, -402.057342529, 389.616821289, -397.118682861], [-4273.31005859, 4939.05126953, 321.510681152, -482.30279541, 609.613586426, -259.69052124, 498.415588379, -249.058822632, 451.755096436, -279.60723877, 350.747833252, -278.177734375, 340.203460693], [474.839263916, 321.510681152, 1279.60571289, 491.937438965, 233.478988647, 215.41796875, 157.542816162, 117.851570129, 75.454498291, 114.688392639, 70.8380737305, 58.5822753906, 44.7478713989], [1232.88586426, -482.30279541, 491.937438965, 789.686401367, 192.212722778, 301.229278564, 80.3583221436, 178.231338501, 0.0560557954013, 146.116546631, 21.9703884125, 93.4954376221, -8.66498279572], [-288.22265625, 609.613586426, 233.478988647, 192.212722778, 523.437133789, 197.339080811, 265.200469971, 95.1368865967, 163.007080078, 37.5930404663, 117.591415405, 18.0222358704, 74.2270126343], [632.840270996, -259.69052124, 215.41796875, 301.229278564, 197.339080811, 328.440917969, 155.756469727, 165.93536377, 62.4233970642, 112.316589355, 44.0242271423, 68.6165084839, 15.4070987701], [-511.224090576, 498.415588379, 157.542816162, 80.3583221436, 265.200469971, 155.756469727, 340.998321533, 132.182312012, 173.320205688, 46.031917572, 107.33065033, 5.6815123558, 81.2353897095], [533.431945801, -249.058822632, 117.851570129, 178.231338501, 95.1368865967, 165.93536377, 132.182312012, 241.605239868, 109.867042542, 107.44002533, 43.2682189941, 66.0768661499, 17.6091365814], [-420.596588135, 451.755096436, 75.454498291, 0.0560557954013, 163.007080078, 62.4233970642, 173.320205688, 109.867042542, 220.30821228, 74.4022903442, 97.5642471313, 6.54317617416, 65.5195388794], [446.55279541, -279.60723877, 114.688392639, 146.116546631, 37.5930404663, 112.316589355, 46.031917572, 107.44002533, 74.4022903442, 178.307388306, 63.4955215454, 62.5702171326, -1.09106767178], [-402.057342529, 350.747833252, 70.8380737305, 21.9703884125, 117.591415405, 44.0242271423, 107.33065033, 43.2682189941, 97.5642471313, 63.4955215454, 159.079360962, 47.1638298035, 69.0324935913], [389.616821289, -278.177734375, 58.5822753906, 93.4954376221, 18.0222358704, 68.6165084839, 5.6815123558, 66.0768661499, 6.54317617416, 62.5702171326, 47.1638298035, 132.253128052, 47.8933029175], [-397.118682861, 340.203460693, 44.7478713989, -8.66498279572, 74.2270126343, 15.4070987701, 81.2353897095, 17.6091365814, 65.5195388794, -1.09106767178, 69.0324935913, 47.8933029175, 127.420341492]],
        "icov": [[0.000101190002169, 3.39262641091e-07, -6.76222452967e-06, -4.17260853283e-05, -3.58181205229e-05, -7.03930927557e-05, 0.000145194440847, -0.000194817752345, 0.000124418409541, -0.000142449018313, 0.00023772296845, -0.000215610241867, 0.000164788070833], [3.39262641091e-07, 0.000737251830287, -0.000249499280471, 5.36600855412e-05, -0.000314426171826, 0.000317933066981, -0.00012186535605, 0.000700537697412, -0.00107951939572, 0.00109762884676, -0.00124167720787, 0.00152591755614, -0.00108683528379], [-6.76222452967e-06, -0.000249499280471, 0.00117371836677, -0.000687379506417, 1.28202500491e-05, -5.54115795239e-05, -0.000228177334066, 3.56194141204e-05, 0.000256537372479, -0.000590347510297, 0.000407194864238, -0.000447942031315, 0.000136712726089], [-4.17260853283e-05, 5.36600855412e-05, -0.000687379506417, 0.00275714159943, -0.000760337512475, -0.00125994253904, 0.000523981289007, -0.000949116889387, 0.00138903455809, -0.000951631809585, 0.00011175491818, 0.00026261433959, -0.000333688047249], [-3.58181205229e-05, -0.000314426171826, 1.28202500491e-05, -0.000760337512475, 0.00445213913918, -0.00194216216914, -0.00170036498457, 0.00132288911846, -0.00191516580526, 0.00159175822046, -0.00090660143178, -0.000926999666262, 0.00105219730176], [-7.03930927557e-05, 0.000317933066981, -5.54115795239e-05, -0.00125994253904, -0.00194216216914, 0.00844673905522, -0.00259458040819, -0.00206525833346, 0.00185892533045, -0.00212913309224, 0.00068027531961, -0.000411510845879, -0.000272839446552], [0.000145194440847, -0.00012186535605, -0.000228177334066, 0.000523981289007, -0.00170036498457, -0.00259458040819, 0.00875227898359, -0.00294582359493, -0.00195563514717, 0.00112435151823, -0.00158213952091, 0.00260281958617, -0.00208085915074], [-0.000194817752345, 0.000700537697412, 3.56194141204e-05, -0.000949116889387, 0.00132288911846, -0.00206525833346, -0.00294582359493, 0.0117289209738, -0.006410588976, 0.000520563509781, 0.000446100602858, -0.00267979665659, 0.00124800368212], [0.000124418409541, -0.00107951939572, 0.000256537372479, 0.00138903455809, -0.00191516580526, 0.00185892533045, -0.00195563514717, -0.006410588976, 0.0156518146396, -0.00713619636372, 8.43504894874e-05, 0.00242495303974, -0.00276845903136], [-0.000142449018313, 0.00109762884676, -0.000590347510297, -0.000951631809585, 0.00159175822046, -0.00212913309224, 0.00112435151823, 0.000520563509781, -0.00713619636372, 0.0150001412258, -0.0064316787757, -0.00132727622986, 0.00309073133394], [0.00023772296845, -0.00124167720787, 0.000407194864238, 0.00011175491818, -0.00090660143178, 0.00068027531961, -0.00158213952091, 0.000446100602858, 8.43504894874e-05, -0.0064316787757, 0.0155937885866, -0.00614343304187, -0.000923988525756], [-0.000215610241867, 0.00152591755614, -0.000447942031315, 0.00026261433959, -0.000926999666262, -0.000411510845879, 0.00260281958617, -0.00267979665659, 0.00242495303974, -0.00132727622986, -0.00614343304187, 0.0194972548634, -0.0105285402387], [0.000164788070833, -0.00108683528379, 0.000136712726089, -0.000333688047249, 0.00105219730176, -0.000272839446552, -0.00208085915074, 0.00124800368212, -0.00276845903136, 0.00309073133394, -0.000923988525756, -0.0105285402387, 0.0176748391241]]
    },
    "melbands": {
        "dmean": [0.00296290917322, 0.00157568173017, 0.000444212579168, 0.000493004743475, 0.000209987018025, 0.000227695840294, 0.000147405080497, 0.000128925486933, 0.000129481821205, 0.000113186746603, 7.24159399397e-05, 5.16097716172e-05, 5.61257693334e-05, 3.14237040584e-05, 4.57285386801e-05, 4.36249574705e-05, 3.85034145438e-05, 2.94294604828e-05, 2.62798785116e-05, 2.31250833167e-05, 1.65020246641e-05, 1.68479127751e-05, 1.52912962221e-05, 1.48080825966e-05, 1.06264769784e-05, 9.11510596779e-06, 8.63529294293e-06, 9.17179932003e-06, 8.47030605655e-06, 7.00694363331e-06, 5.9807616708e-06, 5.3046433095e-06, 4.80720427731e-06, 5.34619084647e-06, 4.5482825044e-06, 4.0214749788e-06, 3.570789886e-06, 3.86573583455e-06, 3.4752913507e-06, 3.19975833918e-06],
        "dmean2": [0.0038218840491, 0.00213246722706, 0.000696794420946, 0.000809200108051, 0.000355543103069, 0.000381995138014, 0.000241269299295, 0.000212379556615, 0.000208770637983, 0.000180520059075, 0.000119219563203, 8.39874483063e-05, 9.0995519713e-05, 5.17748485436e-05, 7.33924753149e-05, 6.97624273016e-05, 6.26530891168e-05, 5.1068560424e-05, 4.45303012384e-05, 3.84842824133e-05, 2.70953114523e-05, 2.82961791527e-05, 2.57094925473e-05, 2.53537618846e-05, 1.79956859938e-05, 1.55262387125e-05, 1.45485537359e-05, 1.53477794811e-05, 1.45533622344e-05, 1.15426191769e-05, 9.89326872514e-06, 8.9410414148e-06, 7.92624632595e-06, 8.92923344509e-06, 7.71549548517e-06, 6.67066888127e-06, 5.83003975407e-06, 6.53137931295e-06, 5.77830678594e-06, 5.35082654096e-06],
        "dvar": [3.71941205231e-05, 1.36565549838e-05, 1.51481879129e-06, 2.34888807427e-06, 3.87149356129e-07, 4.85484065393e-07, 1.5831096789e-07, 1.86372545841e-07, 2.01804979838e-07, 1.13798520829e-07, 7.76122917046e-08, 3.64792249741e-08, 2.87444894553e-08, 7.98312083106e-09, 1.26046248994e-08, 1.47027163777e-08, 1.11436317951e-08, 3.87922982625e-09, 2.96304358827e-09, 5.46001466262e-09, 1.96779814665e-09, 1.28733890215e-09, 9.43504163686e-10, 1.04364539233e-09, 7.63442808971e-10, 2.4077093097e-10, 1.99963129388e-10, 2.49249204609e-10, 2.95771962477e-10, 1.51489473743e-10, 3.05480529761e-10, 1.26631413688e-10, 7.6848499786e-11, 8.53181483795e-11, 7.20285359135e-11, 5.40652106418e-11, 3.60141465261e-11, 5.32034138967e-11, 4.28047215728e-11, 3.84207873849e-11],
        "dvar2": [6.0351772845e-05, 2.65538292297e-05, 3.44435102306e-06, 4.75678416478e-06, 9.6786902759e-07, 1.12545399134e-06, 4.02884438699e-07, 4.87569025154e-07, 4.97799305776e-07, 2.47652167218e-07, 2.13662119108e-07, 9.32049815106e-08, 7.41135153248e-08, 2.29968026844e-08, 3.00967464284e-08, 2.81930212509e-08, 2.45323938941e-08, 1.07823305839e-08, 7.84552067756e-09, 1.30856774305e-08, 4.24255253151e-09, 3.34270144897e-09, 2.429731083e-09, 2.9609021901e-09, 2.37603603459e-09, 6.77589095943e-10, 5.487759136e-10, 6.51349918446e-10, 8.24718515702e-10, 3.92291393814e-10, 9.43569000711e-10, 3.63911012435e-10, 2.09156220121e-10, 2.26229854294e-10, 2.02217492751e-10, 1.52728496516e-10, 9.60115251192e-11, 1.48896187047e-10, 1.17084106299e-10, 1.06018506474e-10],
        "max": [0.0806724876165, 0.0380990244448, 0.0243534296751, 0.0288291983306, 0.02093122527, 0.0164999011904, 0.0106505798176, 0.0179604273289, 0.0208351574838, 0.0157258398831, 0.00865545216948, 0.00764662912115, 0.0068660932593, 0.00273122009821, 0.00391733460128, 0.00398547435179, 0.00337938941084, 0.00108980236109, 0.00144849915523, 0.00594291090965, 0.00348817254417, 0.000817275606096, 0.000761388917454, 0.000879489118233, 0.00101406907197, 0.000265780574409, 0.000297927268548, 0.000421895412728, 0.000455207307823, 0.000467316043796, 0.000777857552748, 0.00041236661491, 0.000364236417226, 0.000145023121149, 0.000198715482838, 0.000129586958792, 0.00015260996588, 0.000125403486891, 0.000104483813629, 9.90832777461e-05],
        "mean": [0.00653136288747, 0.00244674412534, 0.000529946235474, 0.000538267719094, 0.000216628264752, 0.000242167021497, 0.000172315078089, 0.00014988273324, 0.000168928134372, 0.000149475323269, 8.85772897163e-05, 6.68704524287e-05, 7.21897886251e-05, 3.96400610043e-05, 6.04737761023e-05, 5.81401254749e-05, 4.91422761115e-05, 3.43946594512e-05, 3.40302394761e-05, 3.2992924389e-05, 2.49260665441e-05, 2.38360007643e-05, 2.13934708881e-05, 2.09101144719e-05, 1.64423345268e-05, 1.43561755976e-05, 1.46060820043e-05, 1.49550387505e-05, 1.30512808028e-05, 1.20561726362e-05, 1.05423760033e-05, 8.83769280335e-06, 8.54844347487e-06, 8.46955754241e-06, 7.45239913158e-06, 6.61032254357e-06, 6.15550015937e-06, 5.78448407396e-06, 5.17908210895e-06, 4.77491994388e-06],
        "median": [0.00331901293248, 0.000438459246652, 0.000133296998683, 8.41079527163e-05, 6.78712385707e-05, 6.35353717371e-05, 5.32128251507e-05, 4.22395896749e-05, 4.4966727728e-05, 3.95155075239e-05, 2.3727388907e-05, 2.1436060706e-05, 2.03757754207e-05, 1.16287201308e-05, 1.97940153157e-05, 1.64329558174e-05, 1.52648044605e-05, 1.15190669021e-05, 1.44560517583e-05, 1.43233419294e-05, 1.07658061097e-05, 1.11281515274e-05, 9.49440891418e-06, 9.71793997451e-06, 7.92682567408e-06, 7.65788718127e-06, 8.70769599715e-06, 8.20952755021e-06, 6.89767148288e-06, 6.14760392637e-06, 5.48415573576e-06, 4.79327036373e-06, 4.74883881907e-06, 4.37914786744e-06, 4.18248964706e-06, 3.41539589499e-06, 3.197063279e-06, 2.97720703202e-06, 2.62485218627e-06, 2.21573895942e-06],
        "min": [7.97933752264e-24, 1.31518266918e-23, 6.272655098e-24, 5.62060397299e-24, 6.2691762214e-24, 1.67808818898e-24, 7.75436701425e-24, 5.33596560344e-24, 4.21799784502e-24, 5.4852969728e-24, 7.30171152708e-24, 6.19645152898e-24, 4.89589402544e-24, 5.59384857209e-24, 9.0627322686e-24, 5.07059397822e-24, 5.11913850617e-24, 3.44943906405e-24, 7.46958507202e-24, 3.96255837302e-24, 5.06407680385e-24, 7.02923897042e-24, 4.83352825999e-24, 1.04553068469e-23, 1.2413631956e-23, 6.14320420674e-24, 6.9150087559e-24, 7.56465227743e-24, 1.3795681552e-23, 8.07786703856e-24, 8.56538465571e-24, 8.21406545157e-24, 8.55770351708e-24, 6.39445364404e-24, 8.19030574997e-24, 6.52027340855e-24, 6.06849434585e-24, 7.76998803789e-24, 1.08388234089e-23, 9.61417207376e-24],
        "var": [0.000105211001937, 2.74751964753e-05, 2.07617631531e-06, 2.79779828816e-06, 3.36072730533e-07, 5.60024375318e-07, 1.71097042312e-07, 1.9081494429e-07, 2.90008642878e-07, 1.58164226605e-07, 6.38554737975e-08, 3.71195056914e-08, 4.14503205093e-08, 9.07117314597e-09, 1.98967100573e-08, 2.6814884535e-08, 1.73034635509e-08, 4.05756228616e-09, 3.66855168465e-09, 9.8040118246e-09, 4.81450657119e-09, 1.88748461305e-09, 1.32276223308e-09, 1.43914002937e-09, 8.41627600945e-10, 3.83519521696e-10, 3.30588889597e-10, 4.05616373822e-10, 3.85973364381e-10, 3.15417081342e-10, 3.16829146252e-10, 1.50770895768e-10, 1.19147677835e-10, 1.31300123551e-10, 9.82468550959e-11, 7.83293083173e-11, 6.14541958988e-11, 6.12671718914e-11, 4.9637714078e-11, 4.63754208646e-11]
    },
    "mfcc": {
        "mean": [-648.40032959, 79.48021698, 11.306555748, 15.6969614029, 6.59624528885, 8.41005039215, 4.97073030472, 5.50646066666, 5.66190385818, 7.56523561478, 5.1547832489, 4.87592077255, 2.98445558548],
        "cov": [[13329.5683594, -3094.5012207, -189.124954224, 528.208190918, 217.843841553, 131.236831665, 40.9834709167, 26.4110355377, -8.70375919342, 36.9102210999, -25.2371177673, 17.7607345581, -42.0857315063], [-3094.5012207, 3603.55737305, 330.724700928, -119.678855896, 161.816299438, 26.2871894836, 49.9478530884, 81.232460022, 96.744934082, 60.9850959778, 55.2220001221, 5.89223146439, 49.1209716797], [-189.124954224, 330.724700928, 997.288269043, 342.995330811, 176.058883667, 156.714736938, 123.136100769, 58.561000824, 74.4419784546, 56.006603241, 55.9120025635, 46.9430046082, 64.4490585327], [528.208190918, -119.678855896, 342.995330811, 502.016448975, 227.206298828, 185.886795044, 153.817230225, 100.380310059, 80.4472579956, 74.2059249878, 68.9353637695, 64.2340164185, 57.1058616638], [217.843841553, 161.816299438, 176.058883667, 227.206298828, 306.418182373, 182.867294312, 135.680679321, 106.197036743, 80.314743042, 69.8165588379, 64.3009719849, 56.5230979919, 56.2493286133], [131.236831665, 26.2871894836, 156.714736938, 185.886795044, 182.867294312, 250.705963135, 161.547409058, 98.6520767212, 82.2287216187, 77.3519058228, 71.4483566284, 51.9106140137, 50.9100532532], [40.9834709167, 49.9478530884, 123.136100769, 153.817230225, 135.680679321, 161.547409058, 223.145950317, 135.081390381, 92.7987976074, 80.1229705811, 71.8372116089, 61.4285774231, 58.2745780945], [26.4110355377, 81.232460022, 58.561000824, 100.380310059, 106.197036743, 98.6520767212, 135.081390381, 192.284927368, 127.172599792, 77.903793335, 58.6503372192, 57.8032417297, 53.5856590271], [-8.70375919342, 96.744934082, 74.4419784546, 80.4472579956, 80.314743042, 82.2287216187, 92.7987976074, 127.172599792, 173.402694702, 106.709976196, 73.6608047485, 57.31615448, 50.0064430237], [36.9102210999, 60.9850959778, 56.006603241, 74.2059249878, 69.8165588379, 77.3519058228, 80.1229705811, 77.903793335, 106.709976196, 165.33656311, 106.131843567, 54.3464050293, 54.2067222595], [-25.2371177673, 55.2220001221, 55.9120025635, 68.9353637695, 64.3009719849, 71.4483566284, 71.8372116089, 58.6503372192, 73.6608047485, 106.131843567, 147.341323853, 84.2302322388, 48.446395874], [17.7607345581, 5.89223146439, 46.9430046082, 64.2340164185, 56.5230979919, 51.9106140137, 61.4285774231, 57.8032417297, 57.31615448, 54.3464050293, 84.2302322388, 122.869750977, 71.3419723511], [-42.0857315063, 49.1209716797, 64.4490585327, 57.1058616638, 56.2493286133, 50.9100532532, 58.2745780945, 53.5856590271, 50.0064430237, 54.2067222595, 48.446395874, 71.3419723511, 123.327827454]],
