{
"lowlevel": {
    "average_loudness": 0.605173230171,
    "barkbands_crest": {
        "dmean": 2.20317173004,
        "dmean2": 3.32690739632,
        "dvar": 5.56556606293,
        "dvar2": 12.4440841675,
        "max": 25.9361858368,
        "mean": 11.738940239,
        "median": 10.8809919357,
        "min": 1.92243301868,
        "var": 29.7969837189
    },
    "barkbands_flatness_db": {
        "dmean": 0.017639413476,
        "dmean2": 0.0269195009023,
        "dvar": 0.000417812581873,
        "dvar2": 0.000933318340685,
        "max": 0.549273192883,
        "mean": 0.15951256454,
        "median": 0.121557556093,
        "min": 0.0203144606203,
        "var": 0.0116451941431
    },
    "barkbands_kurtosis": {
        "dmean": 2.60308718681,
        "dmean2": 3.98148036003,
        "dvar": 49.5941772461,
        "dvar2": 104.575134277,
        "max": 268.237060547,
        "mean": 4.6128745079,
        "median": 0.803068399429,
        "min": -1.89624726772,
        "var": 167.373565674
    },
    "barkbands_skewness": {
        "dmean": 0.47263944149,
        "dmean2": 0.703419029713,
        "dvar": 0.409782379866,
        "dvar2": 0.906497776508,
        "max": 14.1779689789,
        "mean": 1.34511816502,
        "median": 1.1413872242,
        "min": -4.80382061005,
        "var": 2.20061135292
    },
    "barkbands_spread": {
        "dmean": 5.60367774963,
        "dmean2": 8.38517475128,
        "dvar": 54.7107276917,
        "dvar2": 115.892608643,
        "max": 110.012077332,
        "mean": 28.5690994263,
        "median": 27.1490421295,
        "min": 0.175303801894,
        "var": 393.13269043
    },
    "dissonance": {
        "dmean": 0.0165239945054,
        "dmean2": 0.0277917310596,
        "dvar": 0.000344139465597,
        "dvar2": 0.000911259499844,
        "max": 0.500000059605,
        "mean": 0.452407836914,
        "median": 0.473966836929,
        "min": 0.140289023519,
        "var": 0.00314298947342
    },
    "dynamic_complexity": 7.52435684204,
    "erbbands_crest": {
        "dmean": 2.45624470711,
        "dmean2": 3.8803999424,
        "dvar": 6.90476465225,
        "dvar2": 15.4427881241,
        "max": 30.0246658325,
        "mean": 10.2396011353,
        "median": 8.76782226562,
        "min": 2.29691433907,
        "var": 34.2348709106
    },
    "erbbands_flatness_db": {
        "dmean": 0.0128732742742,
        "dmean2": 0.0189775079489,
        "dvar": 0.000196004039026,
        "dvar2": 0.000370966386981,
        "max": 0.537375032902,
        "mean": 0.186228185892,
        "median": 0.138564735651,
        "min": 0.0495228618383,
        "var": 0.0111234057695
    },
    "erbbands_kurtosis": {
        "dmean": 0.934740960598,
        "dmean2": 1.40174889565,
        "dvar": 3.53936886787,
        "dvar2": 6.97524261475,
        "max": 77.3301849365,
        "mean": 1.36199259758,
        "median": -0.208169698715,
        "min": -1.80704545975,
        "var": 25.7849216461
    },
    "erbbands_skewness": {
        "dmean": 0.314786940813,
        "dmean2": 0.471574515104,
        "dvar": 0.103075228631,
        "dvar2": 0.215825229883,
        "max": 6.99796152115,
        "mean": 0.409522771835,
        "median": 0.248906359076,
        "min": -3.66780185699,
        "var": 1.04521882534
    },
    "erbbands_spread": {
        "dmean": 6.47519636154,
        "dmean2": 10.0843954086,
        "dvar": 64.890625,
        "dvar2": 151.623672485,
        "max": 148.617645264,
        "mean": 37.7833251953,
        "median": 37.3750762939,
        "min": 0.540834546089,
        "var": 453.595550537
    },
    "hfc": {
        "dmean": 9.20763969421,
        "dmean2": 13.1975450516,
        "dvar": 410.178619385,
        "dvar2": 753.651550293,
        "max": 340.681152344,
        "mean": 31.4791507721,
        "median": 14.8704748154,
        "min": 1.08686106185e-16,
        "var": 1597.94140625
    },
    "melbands_crest": {
        "dmean": 2.88977909088,
        "dmean2": 4.44536113739,
        "dvar": 10.4902219772,
        "dvar2": 24.217634201,
        "max": 37.2488136292,
        "mean": 17.5022640228,
        "median": 16.7623825073,
        "min": 1.74835276604,
        "var": 57.9490585327
    },
    "melbands_flatness_db": {
        "dmean": 0.0211909636855,
        "dmean2": 0.0314931459725,
        "dvar": 0.000736869696993,
        "dvar2": 0.00161823059898,
        "max": 0.660721063614,
        "mean": 0.201504424214,
        "median": 0.167470768094,
        "min": 0.00232231407426,
        "var": 0.0151012064889
    },
    "melbands_kurtosis": {
        "dmean": 6.69405412674,
        "dmean2": 10.4598026276,
        "dvar": 332.488525391,
        "dvar2": 795.413208008,
        "max": 450.268432617,
        "mean": 13.2474575043,
        "median": 5.94505310059,
        "min": -1.88920783997,
        "var": 646.303100586
    },
    "melbands_skewness": {
        "dmean": 0.656212747097,
        "dmean2": 0.984870135784,
        "dvar": 0.964358389378,
        "dvar2": 2.16181397438,
        "max": 19.7217121124,
        "mean": 2.51107931137,
        "median": 2.10586738586,
        "min": -2.5492413044,
        "var": 3.85434651375
    },
    "melbands_spread": {
        "dmean": 7.77602529526,
        "dmean2": 11.6790094376,
        "dvar": 134.645553589,
        "dvar2": 283.712921143,
        "max": 214.208816528,
        "mean": 31.9069519043,
        "median": 25.3312110901,
        "min": 0.476610422134,
        "var": 822.919372559
    },
    "pitch_salience": {
        "dmean": 0.0643290653825,
        "dmean2": 0.101300567389,
        "dvar": 0.00586918136105,
        "dvar2": 0.0146397668868,
        "max": 0.95448333025,
        "mean": 0.513389587402,
        "median": 0.522907435894,
        "min": 0.0444049276412,
        "var": 0.0204323325306
    },
    "silence_rate_20dB": {
        "dmean": 0,
        "dmean2": 0,
        "dvar": 0,
        "dvar2": 0,
        "max": 1,
        "mean": 1,
        "median": 1,
        "min": 1,
        "var": 0
    },
    "silence_rate_30dB": {
        "dmean": 0.0323151834309,
        "dmean2": 0.0646375194192,
        "dvar": 0.031266707927,
        "dvar2": 0.0690865963697,
        "max": 1,
        "mean": 0.965253949165,
        "median": 1,
        "min": 0,
        "var": 0.0335414595902
    },
    "silence_rate_60dB": {
        "dmean": 0.0210270024836,
        "dmean2": 0.0420586615801,
        "dvar": 0.020585225895,
        "dvar2": 0.0447180233896,
        "max": 1,
        "mean": 0.36450150609,
        "median": 0,
        "min": 0,
        "var": 0.231619864702
    },
    "spectral_centroid": {
        "dmean": 245.211151123,
        "dmean2": 379.242889404,
        "dvar": 105374.304688,
        "dvar2": 240495.546875,
        "max": 11599.0273438,
        "mean": 1867.19995117,
        "median": 1891.79467773,
        "min": 252.452377319,
        "var": 1280039.5
    },
    "spectral_complexity": {
        "dmean": 3.48671984673,
        "dmean2": 5.56436061859,
        "dvar": 26.7983188629,
        "dvar2": 59.3028068542,
        "max": 60,
        "mean": 18.121389389,
        "median": 11,
        "min": 0,
        "var": 260.939208984
    },
    "spectral_decrease": {
        "dmean": 1.82397952297e-09,
        "dmean2": 2.68246669322e-09,
        "dvar": 1.62065642756e-17,
        "dvar2": 3.53366197552e-17,
        "max": 1.20316346411e-28,
        "mean": -6.82219702952e-09,
        "median": -2.79423817418e-09,
        "min": -4.89090616895e-08,
        "var": 7.18804335139e-17
    },
    "spectral_energy": {
        "dmean": 0.00734785664827,
        "dmean2": 0.0106699373573,
        "dvar": 0.000239525921643,
        "dvar2": 0.000514687097166,
        "max": 0.18788215518,
        "mean": 0.0286038182676,
        "median": 0.0124352155253,
        "min": 1.00990513298e-20,
        "var": 0.00117060996126
    },
    "spectral_energyband_high": {
        "dmean": 0.000856076891068,
        "dmean2": 0.00121245160699,
        "dvar": 3.7078684727e-06,
        "dvar2": 6.93254696671e-06,
        "max": 0.033284638077,
        "mean": 0.00236650090665,
        "median": 0.000828680582345,
        "min": 7.26941912727e-21,
        "var": 1.23601794257e-05
    },
    "spectral_energyband_low": {
        "dmean": 0.00514712324366,
        "dmean2": 0.00775825139135,
        "dvar": 0.000247049552854,
        "dvar2": 0.000567341630813,
        "max": 0.180949553847,
        "mean": 0.0147814899683,
        "median": 0.000108855048893,
        "min": 2.42253046656e-23,
        "var": 0.0006613250589
    },
    "spectral_energyband_middle_high": {
        "dmean": 0.00158552813809,
        "dmean2": 0.0024988099467,
        "dvar": 8.74299985298e-06,
        "dvar2": 2.1795187422e-05,
        "max": 0.0523730069399,
        "mean": 0.00515413656831,
        "median": 0.00260377861559,
        "min": 1.04829956122e-21,
        "var": 4.14049973188e-05
    },
    "spectral_energyband_middle_low": {
        "dmean": 0.00346762035042,
        "dmean2": 0.0057656574063,
        "dvar": 6.78437354509e-05,
        "dvar2": 0.00018645930686,
        "max": 0.0905093550682,
        "mean": 0.00697987386957,
        "median": 0.00320072798058,
        "min": 2.19344251444e-22,
        "var": 9.83287900453e-05
    },
    "spectral_entropy": {
        "dmean": 0.119308181107,
        "dmean2": 0.181550770998,
        "dvar": 0.0200804043561,
        "dvar2": 0.0434764623642,
        "max": 9.8194437027,
        "mean": 7.56368684769,
        "median": 7.97639989853,
        "min": 3.90870046616,
        "var": 1.000831604
    },
    "spectral_flux": {
        "dmean": 0.0209761243314,
        "dmean2": 0.031308978796,
        "dvar": 0.00135553954169,
        "dvar2": 0.00225013517775,
        "max": 0.40984159708,
        "mean": 0.0655289888382,
        "median": 0.0461358986795,
        "min": 6.41418029801e-11,
        "var": 0.00488030305132
    },
    "spectral_kurtosis": {
        "dmean": 3.48888421059,
        "dmean2": 6.03310203552,
        "dvar": 105.588050842,
        "dvar2": 295.972229004,
        "max": 368.673126221,
        "mean": 11.897644043,
        "median": 2.69469261169,
        "min": -1.25370764732,
        "var": 1068.95471191
    },
    "spectral_rms": {
        "dmean": 0.000540057255421,
        "dmean2": 0.000764928758144,
        "dvar": 8.42917984301e-07,
        "dvar2": 1.66439667737e-06,
        "max": 0.0135388206691,
        "mean": 0.0041303737089,
        "median": 0.00348309008405,
        "min": 3.13890645247e-12,
        "var": 1.08461044874e-05
    },
    "spectral_rolloff": {
        "dmean": 693.239135742,
        "dmean2": 1061.05810547,
        "dvar": 1342504.25,
        "dvar2": 2591066,
        "max": 19530.6152344,
        "mean": 2666.99023438,
        "median": 1722.65625,
        "min": 64.599609375,
        "var": 8057038
    },
    "spectral_skewness": {
        "dmean": 0.259190410376,
        "dmean2": 0.43532243371,
        "dvar": 0.210893318057,
        "dvar2": 0.594740748405,
        "max": 16.1479206085,
        "mean": 1.87527143955,
        "median": 1.30807161331,
        "min": -0.0816083177924,
        "var": 3.88513207436
    },
    "spectral_spread": {
        "dmean": 459153.625,
        "dmean2": 717696.4375,
        "dvar": 381062086656,
        "dvar2": 765686579200,
        "max": 41937732,
        "mean": 5271817.5,
        "median": 5624833,
        "min": 357469.1875,
        "var": 1.19991141663e+13
    },
    "spectral_strongpeak": {
        "dmean": 0.351083695889,
        "dmean2": 0.599833130836,
        "dvar": 0.606203138828,
        "dvar2": 1.52948129177,
        "max": 8.87698936462,
        "mean": 0.759555101395,
        "median": 0.386227726936,
        "min": 0,
        "var": 1.0594933033
    },
    "zerocrossingrate": {
        "dmean": 0.0128119792789,
        "dmean2": 0.0140690393746,
        "dvar": 0.000283455796307,
        "dvar2": 0.000308805465465,
        "max": 0.77392578125,
        "mean": 0.0937252566218,
        "median": 0.07763671875,
        "min": 0.00634765625,
        "var": 0.005213979166
    },
    "barkbands": {
        "dmean": [0.000303371576592, 0.003556082258, 0.0023340836633, 0.00103842327371, 0.000971163099166, 0.000356586882845, 0.000904485816136, 0.00083411502419, 0.000381627847673, 0.000610547955148, 0.000430651969509, 0.000262728455709, 0.000273248006124, 0.000239928456722, 0.000273972545983, 0.000183662996278, 0.000250243756454, 0.000179034846951, 0.00017188602942, 0.00017237701104, 0.000188172518392, 0.000152255714056, 0.000148329752847, 0.00016164353292, 0.000159764313139, 0.000143975063111, 3.81844911317e-05],
        "dmean2": [0.000413731555454, 0.00520480051637, 0.00409385887906, 0.00192143453751, 0.00170485430863, 0.000543153553735, 0.00129849195946, 0.00134268891998, 0.000623419182375, 0.000971557688899, 0.000669775647111, 0.000408814143157, 0.000447113183327, 0.000385905412259, 0.000441337819211, 0.000308441085508, 0.000420648575528, 0.00029952469049, 0.000281274522422, 0.000283256929833, 0.000299850013107, 0.000237025829847, 0.000223261115025, 0.000234560313402, 0.000234955266933, 0.000205261167139, 5.87856156926e-05],
        "dvar": [7.91784827925e-07, 0.000122116500279, 0.000118881755043, 2.19552093768e-05, 1.327551945e-05, 9.12310724743e-07, 5.79955440116e-06, 7.90614376456e-06, 2.39478549702e-06, 2.95363815894e-06, 1.6683013655e-06, 9.330644275e-07, 4.63134171014e-07, 4.06201564829e-07, 4.0215621766e-07, 1.42626817023e-07, 2.04792797831e-07, 1.15941340084e-07, 8.39130152031e-08, 1.3057592696e-07, 1.27763797764e-07, 9.36391089112e-08, 9.04322163819e-08, 1.28147888745e-07, 1.41413252663e-07, 1.65717665368e-07, 1.41797480424e-08],
        "dvar2": [1.24458586015e-06, 0.000260743981926, 0.000329351809341, 6.40957514406e-05, 3.77809956262e-05, 1.70200166849e-06, 1.07298301373e-05, 1.96684013645e-05, 6.00104431214e-06, 6.46018088446e-06, 3.31827573063e-06, 1.88979731774e-06, 1.03654372197e-06, 8.6278788558e-07, 9.21265097986e-07, 3.7274989495e-07, 5.49515561943e-07, 3.07614158146e-07, 2.20092530867e-07, 3.389591825e-07, 3.11849277068e-07, 2.10958447155e-07, 1.84072987963e-07, 2.45980373847e-07, 2.63591573457e-07, 2.98374345675e-07, 2.89379631369e-08],
        "max": [0.0205316301435, 0.143331199884, 0.128106683493, 0.0538975596428, 0.0666011795402, 0.0433124341071, 0.0510532036424, 0.0432681702077, 0.0423838607967, 0.0457150377333, 0.0315534621477, 0.040152925998, 0.0192084871233, 0.0242003630847, 0.0149078080431, 0.00884649530053, 0.0079847080633, 0.00960278324783, 0.00402466580272, 0.0107926921919, 0.00563724385574, 0.00476419879124, 0.00586448330432, 0.00586878648028, 0.00747450767085, 0.00668462505564, 0.00226545310579],
        "mean": [0.000913334137294, 0.0112264463678, 0.00213975016959, 0.000855255639181, 0.00120915460866, 0.000723154575098, 0.0019753377419, 0.00133521063253, 0.000508401251864, 0.00109122786671, 0.000760322902352, 0.000483509560581, 0.000427934573963, 0.000438543589553, 0.000471384904813, 0.00032482642564, 0.000457749702036, 0.000343098246958, 0.000380182784284, 0.000360657606507, 0.00044521453674, 0.000350480113411, 0.000342566578183, 0.000369761837646, 0.000350132060703, 0.000268273404799, 5.17592307006e-05],
        "median": [3.80508595299e-07, 1.28894662339e-05, 1.21380689961e-05, 2.69309839496e-05, 0.000233807892073, 0.000154477194883, 0.000263775931671, 0.000140588352224, 9.30363094085e-05, 0.000165427147294, 0.000101118843304, 7.74541622377e-05, 0.000117899377074, 9.46389409364e-05, 0.000147303158883, 0.000118263793411, 0.000171713225427, 0.000126497659949, 0.000162022115546, 0.000128904997837, 0.000168095037225, 0.000120062242786, 0.000107069150545, 0.000116570496175, 9.07661742531e-05, 5.04586096213e-05, 2.36134656006e-06],
        "min": [1.60084344683e-25, 3.083834575e-24, 1.6548274419e-24, 2.75836634272e-24, 7.12356780202e-24, 6.32474595015e-24, 1.19251582394e-23, 7.50808148419e-24, 5.07902059041e-24, 1.5983778177e-23, 3.02422197355e-23, 2.25039659942e-23, 4.15624904769e-23, 4.8055535168e-23, 4.29597240677e-23, 5.30763161299e-23, 7.91299747596e-23, 1.09925242788e-22, 1.45181430882e-22, 1.66411394403e-22, 3.2039233518e-22, 2.95118771634e-22, 4.43191093744e-22, 5.26370253664e-22, 9.87343155736e-22, 1.3834247384e-21, 2.01605018886e-21],
        "var": [4.42284317614e-06, 0.000410947424825, 9.08783622435e-05, 1.31636252263e-05, 9.86195482255e-06, 3.8313346522e-06, 2.05805463338e-05, 1.29585250761e-05, 2.68595795205e-06, 8.66654681886e-06, 4.97302835356e-06, 3.53106315742e-06, 9.65136905506e-07, 1.27573252939e-06, 8.74928048233e-07, 2.67996426828e-07, 4.33226432506e-07, 2.46821201699e-07, 2.42852422616e-07, 2.66745871613e-07, 3.54641713329e-07, 2.61357087084e-07, 2.87281352485e-07, 3.82409979238e-07, 3.79576647447e-07, 3.49393530996e-07, 2.24022986828e-08]
    },
    "erbbands": {
        "dmean": [0.135970965028, 0.81355047226, 2.42512559891, 3.31128644943, 3.30087614059, 3.21685552597, 2.79247617722, 3.04435229301, 10.9137716293, 15.9329214096, 15.8012361526, 9.84222698212, 12.5249795914, 18.869386673, 17.4954338074, 12.1636962891, 13.1675806046, 12.1767501831, 14.2056398392, 11.0057325363, 9.92718315125, 11.1839113235, 9.56337165833, 9.97145748138, 8.67558765411, 8.37436485291, 7.88139390945, 7.38644218445, 5.52079677582, 4.8539352417, 4.18233633041, 3.42763876915, 2.81970357895, 1.82896089554, 1.17166423798, 0.665946364403, 0.263101786375, 0.0680499076843, 0.00595480296761, 9.4194583653e-05],
        "dmean2": [0.172921508551, 1.19532525539, 4.09373617172, 6.0292634964, 6.07873535156, 5.54378271103, 4.55978775024, 4.66504573822, 15.3055582047, 24.2634677887, 25.6739044189, 15.8722085953, 19.9206962585, 29.8581314087, 26.7473926544, 18.3573513031, 21.3601818085, 19.4130649567, 23.0111865997, 17.9676113129, 16.7010040283, 18.870595932, 16.1907863617, 16.4560222626, 14.1108188629, 13.6827230453, 12.7726354599, 11.7992563248, 8.59330558777, 7.42817354202, 6.34082555771, 5.06383562088, 4.11375379562, 2.73931884766, 1.74842250347, 0.968635976315, 0.376754194498, 0.0999768674374, 0.00919081270695, 0.000140618067235],
        "dvar": [0.144362553954, 7.90719604492, 117.810173035, 227.066421509, 205.48979187, 123.607192993, 52.9743537903, 69.2101974487, 1005.88946533, 1818.33459473, 5063.19238281, 1811.7076416, 1756.68249512, 2899.79199219, 2700.6965332, 2142.37304688, 1034.69555664, 1093.23046875, 1383.74743652, 420.745758057, 373.11239624, 436.749572754, 341.79473877, 336.663757324, 242.784057617, 275.390838623, 256.066741943, 226.097625732, 124.589942932, 103.101501465, 70.5716629028, 51.9871826172, 40.2870788574, 17.946018219, 7.57693719864, 2.68093633652, 0.682857513428, 0.0455866716802, 0.000349178008037, 7.88149137065e-08],
        "dvar2": [0.212517604232, 18.4688167572, 311.723968506, 653.507568359, 594.881774902, 353.638427734, 137.531066895, 131.025131226, 1686.22570801, 4109.60107422, 12717.8925781, 4574.44580078, 3665.54785156, 6524.53271484, 5133.35742188, 4244.48779297, 2333.56445312, 2278.30908203, 3182.77856445, 1050.7644043, 1016.09008789, 1174.32409668, 922.85345459, 853.155151367, 620.096069336, 706.043457031, 653.778442383, 557.146850586, 282.209350586, 226.454864502, 147.74937439, 101.573875427, 78.4205703735, 35.3456573486, 14.089799881, 5.11945772171, 1.24893200397, 0.0800382643938, 0.000698884949088, 1.4951608307e-07],
        "max": [5.99998474121, 36.3847312927, 125.931396484, 160.090423584, 205.309707642, 215.729324341, 130.078887939, 381.058227539, 772.197814941, 1189.59765625, 1264.49633789, 1279.51696777, 1665.42932129, 1665.98217773, 1525.70031738, 2038.63977051, 950.061584473, 1255.38146973, 896.69140625, 474.879730225, 581.123596191, 496.876831055, 460.134765625, 339.031524658, 208.702346802, 347.593841553, 431.522796631, 260.773986816, 179.043914795, 161.666671753, 166.225067139, 124.151939392, 108.013534546, 77.4422836304, 51.6459312439, 29.2737751007, 13.4929552078, 3.70723414421, 0.373883634806, 0.00555674033239],
        "mean": [0.502188622952, 1.7949296236, 2.53235459328, 2.9066824913, 2.86371231079, 4.40256738663, 4.93011045456, 6.32630777359, 24.7924289703, 33.1622772217, 22.8999500275, 13.7851438522, 23.1745681763, 32.7924880981, 33.1032104492, 24.3123817444, 21.7730865479, 23.8183078766, 24.4310092926, 20.8894424438, 19.340133667, 21.8073749542, 19.6759681702, 20.8664550781, 18.4954605103, 17.937379837, 17.820728302, 16.4210700989, 12.6547365189, 11.2642564774, 9.49767589569, 7.79799365997, 6.05158758163, 3.95986676216, 2.48347401619, 1.28833580017, 0.459645450115, 0.11002150178, 0.00800566002727, 0.000170630140929],
        "median": [0.000172278989339, 0.00416125403717, 0.0280863475055, 0.0792844071984, 0.258333802223, 0.844042479992, 1.35348343849, 1.64997088909, 3.70817399025, 4.3474650383, 3.37499952316, 3.00529527664, 3.70243644714, 6.56105422974, 6.14113473892, 4.77026796341, 6.41279649734, 5.82756233215, 7.12230587006, 7.95932435989, 7.45240879059, 8.88362503052, 8.10606193542, 8.19545459747, 7.5189871788, 6.77476787567, 5.94693994522, 6.30232334137, 4.34558057785, 3.8010160923, 2.90898513794, 2.44526386261, 1.80340135098, 1.22718906403, 0.559971690178, 0.280815422535, 0.0737206563354, 0.011228704825, 0.00042856100481, 4.07787156291e-05],
        "min": [8.59047753225e-23, 5.89668402212e-22, 3.26337897782e-21, 1.03470568796e-20, 9.54529106823e-21, 3.25097554993e-20, 2.76134472714e-20, 6.22513963152e-20, 1.1160473336e-19, 2.01779853687e-19, 3.8056897188e-19, 1.90842096146e-19, 6.07682550145e-19, 1.03140643931e-18, 1.49716154675e-18, 1.17289278796e-18, 1.75711236003e-18, 2.95616401107e-18, 2.23839457814e-18, 2.30772430759e-18, 3.46753492397e-18, 5.04830643947e-18, 6.47778289862e-18, 6.32071908468e-18, 7.52964809942e-18, 8.77532833518e-18, 1.1360778947e-17, 9.99073376053e-18, 1.15359609115e-17, 9.55898353109e-18, 1.25790894307e-17, 9.5221111281e-18, 9.87189851219e-18, 8.47006891065e-18, 6.80260473105e-18, 4.34067286417e-18, 2.41652875023e-18, 9.94264375446e-19, 2.35612161126e-19, 2.73522423748e-20],
        "var": [0.874829471111, 14.0749635696, 103.510528564, 143.130554199, 124.681365967, 104.263648987, 94.6297683716, 281.705749512, 3919.8203125, 5552.93505859, 6365.04394531, 1951.98852539, 5497.45996094, 8193.16894531, 8343.0625, 8377.00195312, 2289.97607422, 3687.66210938, 2883.57739258, 1193.04394531, 756.941650391, 896.449707031, 718.332824707, 874.390075684, 622.733947754, 627.457824707, 603.704956055, 530.981323242, 340.869567871, 297.455535889, 214.160140991, 158.988510132, 111.295379639, 45.9891815186, 20.5407943726, 6.38147449493, 1.2502168417, 0.0845890343189, 0.000549868564121, 1.45294606568e-07]
    },
    "gfcc": {
        "mean": [-81.2529525757, 54.7518692017, -130.420089722, 10.6070261002, -68.2424163818, -1.03032815456, -39.1284408569, 3.94213628769, -24.526391983, 6.08193635941, -13.3103370667, 2.28400492668, -9.20910263062],
        "cov": [[46449.8554688, -8003.42626953, 2146.19824219, 4317.65039062, 1577.01843262, 4506.83251953, 1289.15515137, 3370.47485352, 319.258972168, 1951.28039551, -698.840087891, 1572.26831055, -1000.328125], [-8003.42626953, 5218.31835938, -442.379180908, -1031.91015625, 82.6868896484, -1578.31091309, -222.094314575, -1002.34796143, 85.3776321411, -652.600036621, 265.100280762, -562.00994873, 360.446899414], [2146.19824219, -442.379180908, 2698.52880859, 762.48638916, 681.289794922, 908.472045898, 160.013580322, 530.625305176, 130.5128479, 259.122772217, 0.519847333431, 254.022384644, -156.3253479], [4317.65039062, -1031.91015625, 762.48638916, 1007.48382568, 360.173919678, 729.327819824, 200.54586792, 441.267150879, 49.7490730286, 282.290527344, -55.6794548035, 228.153594971, -107.79473877], [1577.01843262, 82.6868896484, 681.289794922, 360.173919678, 619.980712891, 405.817810059, 261.760131836, 295.749847412, 127.403511047, 105.743873596, 32.6764602661, 101.828117371, -26.066160202], [4506.83251953, -1578.31091309, 908.472045898, 729.327819824, 405.817810059, 1106.85925293, 284.663452148, 620.631774902, 71.8499679565, 356.150115967, -58.9501991272, 290.035522461, -150.000686646], [1289.15515137, -222.094314575, 160.013580322, 200.54586792, 261.760131836, 284.663452148, 319.646270752, 268.937957764, 118.750457764, 105.023742676, 35.7735176086, 87.1718139648, -7.30632066727], [3370.47485352, -1002.34796143, 530.625305176, 441.267150879, 295.749847412, 620.631774902, 268.937957764, 564.346923828, 136.199172974, 251.028579712, -20.7963180542, 207.983856201, -101.856002808], [319.258972168, 85.3776321411, 130.5128479, 49.7490730286, 127.403511047, 71.8499679565, 118.750457764, 136.199172974, 189.889648438, 98.3633651733, 64.2049484253, 25.2237205505, 20.0613861084], [1951.28039551, -652.600036621, 259.122772217, 282.290527344, 105.743873596, 356.150115967, 105.023742676, 251.028579712, 98.3633651733, 251.52520752, 36.4297332764, 128.483963013, -58.147605896], [-698.840087891, 265.100280762, 0.519847333431, -55.6794548035, 32.6764602661, -58.9501991272, 35.7735176086, -20.7963180542, 64.2049484253, 36.4297332764, 151.300140381, 37.6564407349, 51.6437911987], [1572.26831055, -562.00994873, 254.022384644, 228.153594971, 101.828117371, 290.035522461, 87.1718139648, 207.983856201, 25.2237205505, 128.483963013, 37.6564407349, 192.926986694, 1.36032748222], [-1000.328125, 360.446899414, -156.3253479, -107.79473877, -26.066160202, -150.000686646, -7.30632066727, -101.856002808, 20.0613861084, -58.147605896, 51.6437911987, 1.36032748222, 143.975753784]],
        "icov": [[6.87557258061e-05, -7.22336553736e-05, 9.32007606025e-05, -0.000120146774861, -9.55616633291e-06, -3.40914921253e-05, 4.28216408181e-05, -0.000180132279638, 2.79965515801e-05, -0.000260755012278, 0.0004279158602, -0.000435524736531, 0.000248687283602], [-7.22336553736e-05, 0.000882904045284, -0.000286415830487, 5.49590076844e-05, -0.000708757725079, 0.000668343447614, -4.11814180552e-05, 0.000578524079174, -0.000444721779786, 0.00109774479643, -0.00157377170399, 0.00187801232096, -0.000954818446189], [9.32007606025e-05, -0.000286415830487, 0.000892352487426, -0.000311709562084, -0.000466314319056, -0.000670684501529, 0.000921044964343, -0.000373724673409, -0.000463592383312, 8.63544191816e-05, 0.000527127704117, -0.00126607681159, 0.00102164363489], [-0.000120146774861, 5.49590076844e-05, -0.000311709562084, 0.00252793822438, -0.00059342716122, -0.000405983038945, -0.000296329410048, 0.000471484701848, 0.00067720876541, -0.00131934566889, 0.000635172997136, -0.000221158217755, -0.000482982228277], [-9.55616633291e-06, -0.000708757725079, -0.000466314319056, -0.00059342716122, 0.00451381225139, -0.00122024910524, -0.00208707666025, -0.000349271722371, -0.000769907142967, 0.0011445794953, -1.38216391861e-05, -0.00056206912268, 0.000530080811586], [-3.40914921253e-05, 0.000668343447614, -0.000670684501529, -0.000405983038945, -0.00122024910524, 0.00499319517985, -0.00104868307244, -0.001578365569, 0.00226676394232, -0.00270250695758, 0.000646362430416, 0.000283619418042, -0.000772702973336], [4.28216408181e-05, -4.11814180552e-05, 0.000921044964343, -0.000296329410048, -0.00208707666025, -0.00104868307244, 0.008331252262, -0.00356106227264, -0.00174768664874, 0.00169979897328, -0.00187796412501, 0.000890102994163, -0.000792884093244], [-0.000180132279638, 0.000578524079174, -0.000373724673409, 0.000471484701848, -0.000349271722371, -0.001578365569, -0.00356106227264, 0.0109159098938, -0.00549447955564, 0.000760738563258, 0.00232047610916, -0.00477879028767, 0.00336709083058], [2.79965515801e-05, -0.000444721779786, -0.000463592383312, 0.00067720876541, -0.000769907142967, 0.00226676394232, -0.00174768664874, -0.00549447955564, 0.0148894991726, -0.00793134793639, -0.00230007595383, 0.00581668643281, -0.00494983000681], [-0.000260755012278, 0.00109774479643, 8.63544191816e-05, -0.00131934566889, 0.0011445794953, -0.00270250695758, 0.00169979897328, 0.000760738563258, -0.00793134793639, 0.0171380080283, -0.0069199888967, -0.000407548446674, 0.00307482574135], [0.0004279158602, -0.00157377170399, 0.000527127704117, 0.000635172997136, -1.38216391861e-05, 0.000646362430416, -0.00187796412501, 0.00232047610916, -0.00230007595383, -0.0069199888967, 0.0173374675214, -0.0106204412878, 0.00158536247909], [-0.000435524736531, 0.00187801232096, -0.00126607681159, -0.000221158217755, -0.00056206912268, 0.000283619418042, 0.000890102994163, -0.00477879028767, 0.00581668643281, -0.000407548446674, -0.0106204412878, 0.0224047135562, -0.00978699885309], [0.000248687283602, -0.000954818446189, 0.00102164363489, -0.000482982228277, 0.000530080811586, -0.000772702973336, -0.000792884093244, 0.00336709083058, -0.00494983000681, 0.00307482574135, 0.00158536247909, -0.00978699885309, 0.0148996356875]]
    },
    "melbands": {
        "dmean": [0.00101739156526, 0.00114275491796, 0.000568191870116, 0.000232196209254, 0.000107168125396, 6.9593967055e-05, 0.000173483000253, 0.00017353639123, 0.000121049437439, 5.58499741601e-05, 6.39155477984e-05, 8.10720957816e-05, 6.06389185123e-05, 3.67287830159e-05, 3.25076216541e-05, 2.17378546949e-05, 2.53681409959e-05, 2.31462454394e-05, 1.55843245011e-05, 1.4861829186e-05, 1.2629558114e-05, 1.17084509839e-05, 1.3680111806e-05, 8.90740375326e-06, 8.77998445503e-06, 7.08038078301e-06, 6.08034633842e-06, 5.85669658903e-06, 5.65385835216e-06, 4.91578748552e-06, 4.77206185678e-06, 3.38219160767e-06, 3.12986071549e-06, 2.92279264613e-06, 2.66711936092e-06, 2.44458306042e-06, 2.14419651456e-06, 2.17606088881e-06, 1.81114660336e-06, 1.61471064075e-06],
        "dmean2": [0.00140242138878, 0.00180794124026, 0.00103201030288, 0.000414005859056, 0.000176958230441, 0.000106011284515, 0.000243834336288, 0.000269400887191, 0.000196989960386, 9.10116723389e-05, 0.000102016434539, 0.000128495812532, 9.30590977077e-05, 5.58794636163e-05, 5.18951237609e-05, 3.5635275708e-05, 4.0442802856e-05, 3.75401614292e-05, 2.54766455328e-05, 2.44669226959e-05, 2.13600578718e-05, 1.98598991119e-05, 2.30375699175e-05, 1.49052139022e-05, 1.45272842929e-05, 1.16108158181e-05, 1.00374472822e-05, 9.74737577053e-06, 9.24596042751e-06, 8.02890463092e-06, 7.74589898356e-06, 5.33788534085e-06, 4.89367357659e-06, 4.5775855142e-06, 4.19399975726e-06, 3.78432423531e-06, 3.21841207551e-06, 3.21117317981e-06, 2.72836541626e-06, 2.48180549534e-06],
        "dvar": [8.66788195708e-06, 2.06761123991e-05, 6.10748975305e-06, 8.52436471632e-07, 8.16625842504e-08, 3.88326348855e-08, 2.40805377416e-07, 2.05501535788e-07, 3.1400841749e-07, 5.98789355877e-08, 4.37397851272e-08, 5.70887941365e-08, 3.24880886637e-08, 1.39304328073e-08, 7.47929096434e-09, 2.32718377902e-09, 5.48532108624e-09, 3.58757201724e-09, 1.01537978026e-09, 9.22880660781e-10, 6.9188921259e-10, 4.82886064468e-10, 7.23670012803e-10, 3.28669647054e-10, 2.7124502644e-10, 1.6325604757e-10, 1.38140915373e-10, 1.43840800382e-10, 1.55418025671e-10, 9.09974803842e-11, 1.0271455908e-10, 4.59785196028e-11, 4.15581145885e-11, 3.66682760544e-11, 2.829128945e-11, 2.54046020332e-11, 2.14120717684e-11, 2.24017367156e-11, 1.94508333051e-11, 1.31311333335e-11],
        "dvar2": [1.5314157281e-05, 5.15057472512e-05, 1.74637643795e-05, 2.4443509119e-06, 2.21964370439e-07, 6.78054163927e-08, 4.13009928479e-07, 4.80819096538e-07, 7.83414748184e-07, 1.55712200467e-07, 9.22892127164e-08, 1.27408185335e-07, 6.52019878089e-08, 2.76801159771e-08, 1.51361749801e-08, 5.38385958038e-09, 1.12359481719e-08, 8.31473201401e-09, 2.51776288707e-09, 2.2640189723e-09, 1.89976212539e-09, 1.30218902328e-09, 1.93269378279e-09, 8.8874835269e-10, 6.85043743953e-10, 4.23501705926e-10, 3.46083356417e-10, 3.77369413496e-10, 4.16331330522e-10, 2.30263794143e-10, 2.59724769469e-10, 1.07397181426e-10, 9.57787668621e-11, 8.34736238464e-11, 6.43478048623e-11, 5.51387026315e-11, 4.40604358554e-11, 4.55802583177e-11, 4.14413364735e-11, 2.74363483321e-11],
        "max": [0.0387510471046, 0.050609562546, 0.0241676978767, 0.0158959720284, 0.00503336079419, 0.0100002521649, 0.0118465432897, 0.011163665913, 0.0101683456451, 0.00712070288137, 0.00822391826659, 0.00745000457391, 0.00440826686099, 0.00448983628303, 0.00255543878302, 0.00119181128684, 0.00288610160351, 0.00140536250547, 0.000728721963242, 0.000599294027779, 0.000922474777326, 0.000641138234641, 0.000395175389713, 0.000619942555204, 0.000302013475448, 0.00018552444817, 0.000183265845408, 0.000258959742496, 0.000468378362712, 0.000165659061167, 0.00018711789744, 0.000114344380563, 9.15919081308e-05, 9.45848587435e-05, 0.000116736497148, 9.50946487137e-05, 8.5849154857e-05, 7.63125935919e-05, 7.78133835411e-05, 5.85864327149e-05],
        "mean": [0.00365844462067, 0.0016584895784, 0.000506080628838, 0.00025369413197, 0.000189586775377, 0.000143020151882, 0.000390507484553, 0.000350630230969, 0.000168755999766, 7.70480037318e-05, 0.000115823240776, 0.000133381428896, 0.000108657375677, 6.91314780852e-05, 5.55926999368e-05, 3.58418510586e-05, 4.63642827526e-05, 3.79481571144e-05, 2.72360393865e-05, 2.68268086074e-05, 2.24993564188e-05, 2.16659045691e-05, 2.34079161601e-05, 1.66182107932e-05, 1.66907902894e-05, 1.39577696245e-05, 1.17208564916e-05, 1.17371218948e-05, 1.13524774861e-05, 1.03009751911e-05, 9.40475911193e-06, 7.15639589544e-06, 6.55701296637e-06, 6.18534750174e-06, 5.54924326934e-06, 5.13748591402e-06, 4.53046732218e-06, 4.36883874499e-06, 3.60254944098e-06, 3.28420674123e-06],
        "median": [2.69569727607e-06, 1.26136928884e-05, 1.50077885337e-05, 4.21558579546e-05, 5.04093986819e-05, 3.27998204739e-05, 5.35429571755e-05, 4.49292238045e-05, 2.39236651396e-05, 1.5416795577e-05, 1.6563484678e-05, 2.22321395995e-05, 1.71480132849e-05, 1.05910694401e-05, 1.34610290843e-05, 1.06634161057e-05, 8.97684640222e-06, 9.90425724012e-06, 9.36293508857e-06, 9.73572787188e-06, 7.08444076736e-06, 8.39391668706e-06, 8.28151496535e-06, 5.84724512009e-06, 6.01168449066e-06, 5.28955843038e-06, 4.23917754233e-06, 4.28628936788e-06, 3.63314779861e-06, 3.56289956471e-06, 3.46294677911e-06, 2.31066428569e-06, 2.04567004403e-06, 2.02407863981e-06, 1.57907982157e-06, 1.55741702201e-06, 1.30948274091e-06, 1.24106998101e-06, 1.0398117638e-06, 9.94499373519e-07],
        "min": [1.0885217502e-24, 1.44892725146e-24, 2.06885812978e-24, 1.65618309937e-24, 1.14517419054e-24, 1.16976643622e-24, 2.34838921661e-24, 1.71732652484e-24, 3.24762359538e-24, 7.30478542221e-25, 2.58260083607e-24, 3.74164103196e-24, 4.35115835468e-24, 3.44092409944e-24, 3.03742884617e-24, 3.57975099699e-24, 4.69922547974e-24, 3.6146600642e-24, 3.5060591611e-24, 2.49932236803e-24, 3.52313799969e-24, 4.95463300287e-24, 5.01576498986e-24, 4.63009325988e-24, 4.39781711064e-24, 4.81896943756e-24, 4.34945165411e-24, 5.08430911391e-24, 6.66471107928e-24, 4.70339579292e-24, 5.34953164443e-24, 5.64120428666e-24, 5.94150272847e-24, 5.11469130282e-24, 6.33014096988e-24, 6.15763799472e-24, 5.14267141027e-24, 6.4529054761e-24, 6.70201157832e-24, 7.14743873301e-24],
        "var": [4.3500233005e-05, 2.25321746257e-05, 3.90825744034e-06, 5.77121113565e-07, 1.24425767467e-07, 1.73675559267e-07, 9.22636729683e-07, 6.01156102675e-07, 3.79410636242e-07, 6.16746618221e-08, 1.36085844815e-07, 1.57102959975e-07, 9.65598587754e-08, 5.28634487296e-08, 1.99470058249e-08, 5.15276710189e-09, 1.77950738589e-08, 7.15279924179e-09, 2.13407091998e-09, 2.16383200247e-09, 1.23764298809e-09, 9.43573108536e-10, 1.37913735987e-09, 6.59235055434e-10, 6.37087549382e-10, 3.90316251542e-10, 2.83693263325e-10, 2.92456170392e-10, 2.80973966316e-10, 2.20602411338e-10, 1.99592342653e-10, 1.13837536619e-10, 1.02962895154e-10, 9.72599153992e-11, 7.36926769607e-11, 7.05201522178e-11, 5.69977884335e-11, 5.81748642314e-11, 4.328433445e-11, 3.17563163266e-11]
    },
    "mfcc": {
        "mean": [-704.797241211, 82.5365753174, -8.57044696808, 7.85040473938, -10.496676445, -7.02478837967, -7.1847987175, -7.00866794586, -4.4380106926, -3.59198713303, -2.97123026848, 0.545315086842, 0.34607681632],
        "cov": [[26745.3789062, -2650.33105469, 667.47076416, 1372.11169434, 1897, 2041.60998535, 1810.91772461, 2071.11962891, 1597.34777832, 1408.72766113, 1158.0982666, 1015.91851807, 725.990905762], [-2650.33105469, 2458.25073242, -227.440338135, 95.3114624023, -174.121414185, -441.33291626, -336.760223389, -380.784240723, -241.198013306, -187.721054077, -258.426879883, -209.769348145, -55.266960144], [667.47076416, -227.440338135, 1654.12084961, 362.40032959, 562.279968262, 360.476806641, 205.083557129, 255.951339722, 96.8710708618, 113.963676453, 133.499862671, 129.999420166, 58.9510154724], [1372.11169434, 95.3114624023, 362.40032959, 493.975280762, 309.001617432, 191.940444946, 146.602279663, 150.369918823, 101.21673584, 93.8540039062, 70.2800598145, 50.1668281555, 55.6627655029], [1897, -174.121414185, 562.279968262, 309.001617432, 517.969665527, 345.987060547, 267.553161621, 287.49899292, 177.189971924, 168.130096436, 148.045639038, 123.16569519, 80.2406005859], [2041.60998535, -441.33291626, 360.476806641, 191.940444946, 345.987060547, 431.33203125, 296.426971436, 263.715118408, 183.392303467, 153.517578125, 159.748565674, 130.481323242, 67.6229629517], [1810.91772461, -336.760223389, 205.083557129, 146.602279663, 267.553161621, 296.426971436, 355.224090576, 312.377685547, 198.848571777, 156.556762695, 158.198257446, 133.451965332, 72.6127853394], [2071.11962891, -380.784240723, 255.951339722, 150.369918823, 287.49899292, 263.715118408, 312.377685547, 391.72442627, 246.048522949, 186.816802979, 166.976669312, 140.517990112, 90.9858093262], [1597.34777832, -241.198013306, 96.8710708618, 101.21673584, 177.189971924, 183.392303467, 198.848571777, 246.048522949, 257.07522583, 181.739608765, 129.416397095, 100.526123047, 65.1512374878], [1408.72766113, -187.721054077, 113.963676453, 93.8540039062, 168.130096436, 153.517578125, 156.556762695, 186.816802979, 181.739608765, 207.006942749, 149.103851318, 102.818458557, 67.3858642578], [1158.0982666, -258.426879883, 133.499862671, 70.2800598145, 148.045639038, 159.748565674, 158.198257446, 166.976669312, 129.416397095, 149.103851318, 202.549942017, 144.4793396, 64.6610107422], [1015.91851807, -209.769348145, 129.999420166, 50.1668281555, 123.16569519, 130.481323242, 133.451965332, 140.517990112, 100.526123047, 102.818458557, 144.4793396, 180.79598999, 108.988174438], [725.990905762, -55.266960144, 58.9510154724, 55.6627655029, 80.2406005859, 67.6229629517, 72.6127853394, 90.9858093262, 65.1512374878, 67.3858642578, 64.6610107422, 108.988174438, 159.099594116]],
