{
"lowlevel": {
    "average_loudness": 0.863712787628,
    "barkbands_crest": {
        "dmean": 3.16984438896,
        "dmean2": 4.96084833145,
        "dvar": 10.1080312729,
        "dvar2": 24.1686019897,
        "max": 26.553401947,
        "mean": 10.1286478043,
        "median": 8.67068862915,
        "min": 1.86076939106,
        "var": 31.8394145966
    },
    "barkbands_flatness_db": {
        "dmean": 0.0304256174713,
        "dmean2": 0.0463054589927,
        "dvar": 0.00139974348713,
        "dvar2": 0.00300015322864,
        "max": 0.381114184856,
        "mean": 0.104414857924,
        "median": 0.0852065905929,
        "min": 0.0119606489316,
        "var": 0.00470148073509
    },
    "barkbands_kurtosis": {
        "dmean": 5.07799243927,
        "dmean2": 8.21924591064,
        "dvar": 231.182678223,
        "dvar2": 578.891662598,
        "max": 218.943313599,
        "mean": 4.0181760788,
        "median": -0.0572860240936,
        "min": -1.92655551434,
        "var": 220.885498047
    },
    "barkbands_skewness": {
        "dmean": 0.84822934866,
        "dmean2": 1.26790833473,
        "dvar": 1.44881355762,
        "dvar2": 3.29203224182,
        "max": 13.8119401932,
        "mean": 1.23336327076,
        "median": 0.868182659149,
        "min": -5.31728887558,
        "var": 3.07977724075
    },
    "barkbands_spread": {
        "dmean": 11.5967178345,
        "dmean2": 18.1321926117,
        "dvar": 159.389068604,
        "dvar2": 385.3074646,
        "max": 116.122749329,
        "mean": 40.0633659363,
        "median": 38.9577064514,
        "min": 1.20048224926,
        "var": 471.811126709
    },
    "dissonance": {
        "dmean": 0.012479797937,
        "dmean2": 0.0210882443935,
        "dvar": 0.000192293460714,
        "dvar2": 0.000504672992975,
        "max": 0.500000059605,
        "mean": 0.479691147804,
        "median": 0.485929727554,
        "min": 0.259210199118,
        "var": 0.000467052828753
    },
    "dynamic_complexity": 3.62743639946,
    "erbbands_crest": {
        "dmean": 2.26136088371,
        "dmean2": 3.70289087296,
        "dvar": 6.39021968842,
        "dvar2": 15.4678554535,
        "max": 30.6411914825,
        "mean": 6.7281460762,
        "median": 5.58137655258,
        "min": 2.14313149452,
        "var": 13.5025053024
    },
    "erbbands_flatness_db": {
        "dmean": 0.0161937158555,
        "dmean2": 0.0248431228101,
        "dvar": 0.000268761446932,
        "dvar2": 0.000606176676229,
        "max": 0.385012805462,
        "mean": 0.126093238592,
        "median": 0.113120660186,
        "min": 0.0444722883403,
        "var": 0.00285176374018
    },
    "erbbands_kurtosis": {
        "dmean": 0.838026821613,
        "dmean2": 1.35438811779,
        "dvar": 1.73689508438,
        "dvar2": 4.36164808273,
        "max": 41.5691947937,
        "mean": 0.0645138919353,
        "median": -0.328122019768,
        "min": -1.93219530582,
        "var": 2.35196304321
    },
    "erbbands_skewness": {
        "dmean": 0.431427925825,
        "dmean2": 0.648351192474,
        "dvar": 0.197695598006,
        "dvar2": 0.462698072195,
        "max": 3.40810203552,
        "mean": -0.0467150062323,
        "median": -0.0502235963941,
        "min": -3.6830136776,
        "var": 0.5695977211
    },
    "erbbands_spread": {
        "dmean": 12.2319078445,
        "dmean2": 18.0731582642,
        "dvar": 252.882278442,
        "dvar2": 510.598205566,
        "max": 210.123794556,
        "mean": 47.9627113342,
        "median": 42.291885376,
        "min": 2.03248286247,
        "var": 646.968200684
    },
    "hfc": {
        "dmean": 19.6286201477,
        "dmean2": 31.4985599518,
        "dvar": 741.167114258,
        "dvar2": 1885.67895508,
        "max": 277.580718994,
        "mean": 43.7482414246,
        "median": 32.5119552612,
        "min": 1.13534099258e-16,
        "var": 1637.00549316
    },
    "melbands_crest": {
        "dmean": 4.44960546494,
        "dmean2": 6.90633487701,
        "dvar": 18.2449111938,
        "dvar2": 41.3752822876,
        "max": 37.76720047,
        "mean": 17.0097827911,
        "median": 15.7900724411,
        "min": 1.80174016953,
        "var": 70.1856460571
    },
    "melbands_flatness_db": {
        "dmean": 0.0406717099249,
        "dmean2": 0.0605712532997,
        "dvar": 0.0022001422476,
        "dvar2": 0.00474815582857,
        "max": 0.511048674583,
        "mean": 0.154781028628,
        "median": 0.135228514671,
        "min": 0.00385106005706,
        "var": 0.00801438931376
    },
    "melbands_kurtosis": {
        "dmean": 23.5005187988,
        "dmean2": 35.9495925903,
        "dvar": 4373.73583984,
        "dvar2": 9492.9609375,
        "max": 982.739746094,
        "mean": 27.1288051605,
        "median": 5.0794916153,
        "min": -1.77732181549,
        "var": 5847.78271484
    },
    "melbands_skewness": {
        "dmean": 1.43629562855,
        "dmean2": 2.11591649055,
        "dvar": 4.86539554596,
        "dvar2": 9.67841720581,
        "max": 26.0433044434,
        "mean": 3.20005774498,
        "median": 2.09359931946,
        "min": -3.64321064949,
        "var": 11.5494375229
    },
    "melbands_spread": {
        "dmean": 16.8848781586,
        "dmean2": 25.3817691803,
        "dvar": 417.770233154,
        "dvar2": 852.356628418,
        "max": 235.928909302,
        "mean": 44.2722244263,
        "median": 35.9068756104,
        "min": 0.585370659828,
        "var": 1338.78039551
    },
    "pitch_salience": {
        "dmean": 0.0987100154161,
        "dmean2": 0.152067407966,
        "dvar": 0.00999696645886,
        "dvar2": 0.0225097686052,
        "max": 0.921974539757,
        "mean": 0.535389244556,
        "median": 0.566794276237,
        "min": 0.0283203218132,
        "var": 0.0331690236926
    },
    "silence_rate_20dB": {
        "dmean": 0,
        "dmean2": 0,
        "dvar": 0,
        "dvar2": 0,
        "max": 1,
        "mean": 1,
        "median": 1,
        "min": 1,
        "var": 0
    },
    "silence_rate_30dB": {
        "dmean": 0.0119376592338,
        "dmean2": 0.0238779578358,
        "dvar": 0.011796486564,
        "dvar2": 0.0297181066126,
        "max": 1,
        "mean": 0.990384638309,
        "median": 1,
        "min": 0,
        "var": 0.00952235702425
    },
    "silence_rate_60dB": {
        "dmean": 0.0360340438783,
        "dmean2": 0.0720760524273,
        "dvar": 0.0347387827933,
        "dvar2": 0.0781511738896,
        "max": 1,
        "mean": 0.109637491405,
        "median": 0,
        "min": 0,
        "var": 0.0976194962859
    },
    "spectral_centroid": {
        "dmean": 422.795684814,
        "dmean2": 629.081237793,
        "dvar": 222649.65625,
        "dvar2": 440579.4375,
        "max": 11365.9335938,
        "mean": 2260.81640625,
        "median": 2391.24658203,
        "min": 152.351211548,
        "var": 890795
    },
    "spectral_complexity": {
        "dmean": 7.6668510437,
        "dmean2": 11.7251825333,
        "dvar": 72.2748641968,
        "dvar2": 142.395217896,
        "max": 70,
        "mean": 23.3202915192,
        "median": 22,
        "min": 0,
        "var": 240.255111694
    },
    "spectral_decrease": {
        "dmean": 2.53429832675e-09,
        "dmean2": 3.65689412085e-09,
        "dvar": 1.11798133357e-17,
        "dvar2": 2.4805733746e-17,
        "max": 1.29358984723e-28,
        "mean": -6.92667612157e-09,
        "median": -5.4744533351e-09,
        "min": -4.24346353611e-08,
        "var": 3.81051006212e-17
    },
    "spectral_energy": {
        "dmean": 0.0101884575561,
        "dmean2": 0.0149250207469,
        "dvar": 0.000162386175361,
        "dvar2": 0.000353681563865,
        "max": 0.16231778264,
        "mean": 0.0301109813154,
        "median": 0.0249576568604,
        "min": 1.04712704886e-20,
        "var": 0.00060709140962
    },
    "spectral_energyband_high": {
        "dmean": 0.00190207315609,
        "dmean2": 0.00302696391009,
        "dvar": 8.17356976768e-06,
        "dvar2": 2.04736916203e-05,
        "max": 0.0307066570967,
        "mean": 0.00378144928254,
        "median": 0.00230089621618,
        "min": 7.77171889969e-21,
        "var": 1.86946781469e-05
    },
    "spectral_energyband_low": {
        "dmean": 0.00675009470433,
        "dmean2": 0.0100819393992,
        "dvar": 0.000174796805368,
        "dvar2": 0.000411747401813,
        "max": 0.151758521795,
        "mean": 0.0133738424629,
        "median": 0.00472704973072,
        "min": 3.34757763633e-23,
        "var": 0.000434615765698
    },
    "spectral_energyband_middle_high": {
        "dmean": 0.00301576917991,
        "dmean2": 0.00484451605007,
        "dvar": 2.07308057725e-05,
        "dvar2": 4.99778507219e-05,
        "max": 0.0918012037873,
        "mean": 0.00588360661641,
        "median": 0.00377916544676,
        "min": 1.33931244437e-21,
        "var": 4.13119560108e-05
    },
    "spectral_energyband_middle_low": {
        "dmean": 0.00518472446129,
        "dmean2": 0.00820573139936,
        "dvar": 9.55630239332e-05,
        "dvar2": 0.00023608468473,
        "max": 0.101107209921,
        "mean": 0.00792823266238,
        "median": 0.00386619707569,
        "min": 1.93678163333e-22,
        "var": 0.00012539429008
    },
    "spectral_entropy": {
        "dmean": 0.175051465631,
        "dmean2": 0.267788022757,
        "dvar": 0.0507268048823,
        "dvar2": 0.12184946239,
        "max": 9.82302856445,
        "mean": 8.08137798309,
        "median": 8.20718955994,
        "min": 5.34418058395,
        "var": 0.239965513349
    },
    "spectral_flux": {
        "dmean": 0.0295847896487,
        "dmean2": 0.0444425530732,
        "dvar": 0.0011487561278,
        "dvar2": 0.00209779129364,
        "max": 0.383664995432,
        "mean": 0.100387133658,
        "median": 0.0937566012144,
        "min": 6.60763388449e-11,
        "var": 0.00373522518203
    },
    "spectral_kurtosis": {
        "dmean": 1.07670724392,
        "dmean2": 1.75270962715,
        "dvar": 7.83340740204,
        "dvar2": 20.7737770081,
        "max": 80.7013931274,
        "mean": 3.20484137535,
        "median": 2.2979619503,
        "min": -1.26755261421,
        "var": 31.3783950806
    },
    "spectral_rms": {
        "dmean": 0.000897435704246,
        "dmean2": 0.00130877457559,
        "dvar": 9.25327185541e-07,
        "dvar2": 2.00018575924e-06,
        "max": 0.0125840697438,
        "mean": 0.00488778809085,
        "median": 0.00493446364999,
        "min": 3.19622800449e-12,
        "var": 5.48620573682e-06
    },
    "spectral_rolloff": {
        "dmean": 1292.33215332,
        "dmean2": 2080.87231445,
        "dvar": 2763562.75,
        "dvar2": 6566172,
        "max": 19293.75,
        "mean": 3344.86572266,
        "median": 2799.31640625,
        "min": 43.06640625,
        "var": 7785615
    },
    "spectral_skewness": {
        "dmean": 0.178764551878,
        "dmean2": 0.281283706427,
        "dvar": 0.0495278909802,
        "dvar2": 0.120410822332,
        "max": 6.59595632553,
        "mean": 1.29070699215,
        "median": 1.24606370926,
        "min": -0.140665218234,
        "var": 0.306148201227
    },
    "spectral_spread": {
        "dmean": 661353.5625,
        "dmean2": 966234.6875,
        "dvar": 761703759872,
        "dvar2": 1.31989700608e+12,
        "max": 46437500,
        "mean": 6333484.5,
        "median": 6138145,
        "min": 743310.625,
        "var": 5.18795978342e+12
    },
    "spectral_strongpeak": {
        "dmean": 0.430959045887,
        "dmean2": 0.728040218353,
        "dvar": 0.693787157536,
        "dvar2": 1.78088057041,
        "max": 15.7289228439,
        "mean": 0.676039099693,
        "median": 0.333582162857,
        "min": 0,
        "var": 0.944934427738
    },
    "zerocrossingrate": {
        "dmean": 0.0206579081714,
        "dmean2": 0.0231235120445,
        "dvar": 0.000395288894651,
        "dvar2": 0.000460272218334,
        "max": 0.5576171875,
        "mean": 0.112601228058,
        "median": 0.1025390625,
        "min": 0.0048828125,
        "var": 0.00407173112035
    },
    "barkbands": {
        "dmean": [0.000498723995406, 0.00462564174086, 0.00248554511927, 0.00208689249121, 0.0017678393051, 0.00128158344887, 0.000668245134875, 0.000609499576967, 0.000866414629854, 0.000508272030856, 0.000537636922672, 0.000463530624984, 0.000626229448244, 0.000521837209817, 0.000394641159801, 0.000372157839593, 0.000295880367048, 0.000357079406967, 0.000392776273657, 0.000372028705897, 0.000391017762013, 0.00038176952512, 0.000361136044376, 0.00039987792843, 0.000270449439995, 0.000189115366084, 5.16845320817e-05],
        "dmean2": [0.000609470007475, 0.0068742595613, 0.0041920109652, 0.00362139381468, 0.00287439534441, 0.00222981185652, 0.00110379164107, 0.000999115291052, 0.00140199472662, 0.000830711447634, 0.00087237887783, 0.000775542459451, 0.00104374368675, 0.00089993403526, 0.000663142942358, 0.000621402927209, 0.000486654491397, 0.000597359321546, 0.000653341005091, 0.000613418174908, 0.000636393262539, 0.000620722013991, 0.000574227829929, 0.000643509556539, 0.000434032699559, 0.000308394839521, 8.91467061592e-05],
        "dvar": [1.12518864626e-06, 8.02314607427e-05, 8.27894546092e-05, 4.78739784739e-05, 2.07747980312e-05, 1.07686510091e-05, 2.57642454926e-06, 2.60260662799e-06, 4.99447060065e-06, 1.52852146584e-06, 1.55963880388e-06, 1.26495172026e-06, 2.56334487858e-06, 2.09495283343e-06, 1.08975143576e-06, 5.72096553242e-07, 2.00623347268e-07, 4.67393874715e-07, 4.23107877623e-07, 4.00149019697e-07, 3.15524687267e-07, 3.92217913259e-07, 4.28095120242e-07, 5.98798692408e-07, 1.61765584039e-07, 8.91124543045e-08, 1.83223995975e-08],
        "dvar2": [1.64962580129e-06, 0.000187014040421, 0.000219653753447, 0.00013215263607, 5.13043487445e-05, 3.00151950796e-05, 6.28386578683e-06, 6.47374781693e-06, 1.10668088382e-05, 3.64777247341e-06, 3.74642877432e-06, 3.43539659298e-06, 6.36749246041e-06, 5.45062493984e-06, 2.96205826089e-06, 1.56321357281e-06, 4.96365430536e-07, 1.27177997911e-06, 1.1279590808e-06, 1.1093836747e-06, 7.93050674019e-07, 1.08736958282e-06, 1.05394997263e-06, 1.59315243309e-06, 4.23032076924e-07, 2.38359334048e-07, 5.28193062621e-08],
        "max": [0.0238555464894, 0.136233925819, 0.104883223772, 0.0701719820499, 0.0525912716985, 0.0513415522873, 0.0377911776304, 0.0596310906112, 0.0914884135127, 0.0336647257209, 0.0307663455606, 0.019527554512, 0.0263197533786, 0.0318690501153, 0.0592517219484, 0.0151269724593, 0.00732323247939, 0.0135482568294, 0.0166022609919, 0.00951211340725, 0.00737098418176, 0.0137786408886, 0.00795258581638, 0.00930927973241, 0.00620845891535, 0.00320954830386, 0.00159810006153],
        "mean": [0.00110025238246, 0.00934539083391, 0.00219246349297, 0.00163598975632, 0.00187085242942, 0.00140659324825, 0.000898416968994, 0.000772507046349, 0.00112369412091, 0.000671622576192, 0.00070166029036, 0.000580029038247, 0.000708091305569, 0.000553976278752, 0.000505351577885, 0.000477745285025, 0.00045073943329, 0.000509435660206, 0.000569764175452, 0.000584918481763, 0.000649340159725, 0.000612858333625, 0.00061351590557, 0.00067687977571, 0.000532607664354, 0.000302437169012, 6.38532874291e-05],
        "median": [0.000147015103721, 0.00298177078366, 0.000163659700775, 0.000137753479066, 0.000327441259287, 0.000402272475185, 0.000188123754924, 0.000205911142984, 0.000323429121636, 0.000182556424988, 0.000231657890254, 0.000209337362321, 0.000211278704228, 0.000180886388989, 0.000210408092244, 0.000217081833398, 0.000256501807598, 0.000277201936115, 0.000318056641845, 0.000352927716449, 0.000368049339158, 0.000314183329465, 0.000317834259477, 0.000332616153173, 0.000311521493131, 0.000175077831955, 2.0492274416e-05],
        "min": [7.38787367616e-25, 4.92765041004e-24, 3.47442347221e-24, 9.18930500084e-24, 1.10756844177e-23, 2.89188172146e-23, 1.28791419316e-23, 1.43320265038e-23, 7.18431088059e-24, 2.63470785988e-23, 1.5536617106e-23, 5.1908644218e-23, 3.50271060433e-23, 3.24632670805e-23, 8.48185958975e-23, 6.25874038049e-23, 6.10780541468e-23, 1.2844369574e-22, 2.09298593755e-22, 1.74394086162e-22, 2.55860761587e-22, 3.50766484014e-22, 4.87186055754e-22, 7.81750352835e-22, 8.85557733178e-22, 1.46697583677e-21, 2.0867973553e-21],
        "var": [5.02141119796e-06, 0.000242967129452, 6.75360861351e-05, 3.21702536894e-05, 2.28300814342e-05, 9.46395630308e-06, 4.17355158788e-06, 3.53770610673e-06, 6.94128448231e-06, 2.35575657825e-06, 2.44381817538e-06, 1.71732847321e-06, 2.86915337711e-06, 1.83131555787e-06, 1.12805219032e-06, 6.78267156218e-07, 3.42304190326e-07, 5.7816782828e-07, 5.36913148608e-07, 5.44708768757e-07, 5.57421628855e-07, 6.37419987015e-07, 7.95753123839e-07, 1.1055738014e-06, 4.03837333351e-07, 1.34426954901e-07, 1.60427031659e-08]
    },
    "erbbands": {
        "dmean": [0.188646778464, 0.899733126163, 2.45696878433, 5.09784030914, 6.4882569313, 6.17590808868, 8.2271490097, 11.4412183762, 10.0274467468, 10.3567705154, 14.5938844681, 20.4752674103, 15.8758707047, 16.2025318146, 21.3354873657, 17.6372680664, 29.3596153259, 28.0230503082, 20.1725921631, 19.6450634003, 16.6099510193, 16.832447052, 20.2753925323, 19.0733737946, 18.3185119629, 17.3669281006, 16.4829463959, 14.5507383347, 14.81640625, 11.3363351822, 11.0202646255, 7.77151632309, 7.01409101486, 3.31580638885, 1.95413601398, 0.955208599567, 0.297091066837, 0.0936354994774, 0.00918067619205, 0.000143330980791],
        "dmean2": [0.258286267519, 1.39254796505, 3.97676253319, 8.77844429016, 10.3307743073, 10.8434591293, 14.7335443497, 19.6769733429, 16.6046199799, 16.6689605713, 23.9384460449, 33.111831665, 25.6672916412, 26.6726951599, 35.0289421082, 29.051027298, 48.7156486511, 48.204120636, 33.5372238159, 32.9172439575, 27.3530006409, 27.6255340576, 33.9065284729, 31.6485557556, 30.3623905182, 28.5408630371, 27.0289134979, 23.9320869446, 24.3609104156, 17.9579906464, 17.9094657898, 12.2581014633, 11.4803609848, 5.33211708069, 3.17795944214, 1.55945050716, 0.480309933424, 0.158553645015, 0.0159710701555, 0.000244355760515],
        "dvar": [0.157717645168, 3.58654618263, 67.2715759277, 324.682373047, 315.468719482, 382.034210205, 674.935302734, 772.655151367, 569.085693359, 631.972290039, 1679.68774414, 2770.11791992, 1472.14916992, 1775.02172852, 2965.9675293, 1301.06726074, 5670.23681641, 6006.46923828, 4911.50390625, 1267.67993164, 826.647521973, 678.656066895, 1929.72680664, 954.815063477, 850.236450195, 965.959960938, 656.141418457, 424.731506348, 659.445739746, 343.115997314, 483.297943115, 183.247207642, 188.659805298, 24.1205062866, 9.98774147034, 2.41387295723, 0.208204701543, 0.0408449061215, 0.000753880711272, 1.43344095704e-07],
        "dvar2": [0.300286382437, 8.69004821777, 170.089889526, 897.420959473, 714.569335938, 1054.03564453, 1928.74572754, 2105.24658203, 1461.32836914, 1582.96008301, 3994.07739258, 6414.9453125, 3503.46484375, 4472.87304688, 7889.62646484, 3163.35009766, 14188.609375, 15880.4755859, 13007.4775391, 3262.96118164, 2143.02099609, 1678.67272949, 5326.37695312, 2526.43920898, 2228.58007812, 2668.81665039, 1660.53955078, 1084.7019043, 1930.46142578, 835.257751465, 1244.51611328, 494.212402344, 489.662384033, 62.7789154053, 27.490032196, 6.54241752625, 0.533837676048, 0.115838140249, 0.00219489610754, 4.16551785065e-07],
        "max": [7.39278936386, 24.0730266571, 100.963752747, 194.79788208, 175.232818604, 216.897216797, 270.177856445, 531.306091309, 586.927490234, 663.583190918, 1649.03833008, 2034.10791016, 970.017089844, 805.159301758, 1229.60620117, 698.168212891, 1161.24853516, 1740.99768066, 4851.16894531, 782.125061035, 825.485290527, 399.176330566, 911.174865723, 459.582305908, 956.528625488, 509.623931885, 380.475189209, 232.851531982, 713.085327148, 298.544372559, 275.152191162, 166.218643188, 150.94871521, 78.9333648682, 59.4975509644, 16.8216972351, 6.18183898926, 2.36503624916, 0.363237768412, 0.00494549423456],
        "mean": [0.413049966097, 1.50737524033, 2.4913418293, 4.2873134613, 6.44140434265, 5.72124385834, 7.75503110886, 13.1845541, 13.1486234665, 14.3560018539, 19.4396266937, 25.9910430908, 21.5543575287, 21.8076286316, 27.4289855957, 23.6431102753, 34.5673370361, 31.3911781311, 26.3440189362, 26.6950054169, 24.1300640106, 26.5076160431, 28.6406345367, 28.1776485443, 28.2145271301, 27.3472099304, 27.2933635712, 24.008846283, 22.7411766052, 19.5491447449, 17.9262046814, 13.6677312851, 11.0544195175, 6.58943557739, 3.52032160759, 1.54976379871, 0.486293196678, 0.12493352592, 0.0107252663001, 0.00021256985201],
        "median": [0.108664125204, 0.366626620293, 0.309537172318, 0.438960164785, 0.680566310883, 1.07452297211, 1.97403669357, 3.88769960403, 3.33973836899, 4.13587284088, 4.89726257324, 7.93270874023, 7.21261119843, 7.35350751877, 9.69181632996, 9.96909332275, 11.3841552734, 11.391330719, 12.1372852325, 12.391834259, 12.8246307373, 15.5235118866, 15.4789047241, 15.828710556, 16.8319320679, 16.4890708923, 15.3786439896, 13.6263952255, 11.6249828339, 10.0550193787, 8.80269813538, 6.90031957626, 5.39212322235, 3.73243832588, 2.04882335663, 0.895600259304, 0.280431032181, 0.0566911138594, 0.00306673627347, 0.000117047893582],
        "min": [8.27272372854e-23, 8.40852720622e-22, 5.66268621867e-21, 2.7382932068e-20, 2.63527319294e-20, 1.97226240571e-20, 5.36885841728e-20, 2.56319516237e-19, 1.75462895703e-19, 1.95494987091e-19, 2.81667664777e-19, 2.09807357188e-19, 8.88056556144e-19, 1.09214445053e-18, 1.56306850622e-18, 2.60951681138e-18, 2.14607687908e-18, 2.41584239712e-18, 4.65621248936e-18, 3.52582179224e-18, 3.85008486417e-18, 4.09949512169e-18, 7.52629222767e-18, 7.18193280277e-18, 1.03892759971e-17, 9.59598745579e-18, 1.14563497406e-17, 1.03403019418e-17, 1.22290174965e-17, 1.74276499502e-17, 1.25290367318e-17, 1.54451163976e-17, 1.3566463495e-17, 9.3659758244e-18, 6.957790845e-18, 4.19138868389e-18, 2.88315374149e-18, 1.23438167238e-18, 2.75128078252e-19, 2.59845315437e-20],
        "var": [0.632628917694, 7.00529813766, 62.995475769, 225.728363037, 364.554870605, 277.690551758, 456.390380859, 779.969604492, 818.738037109, 953.275756836, 2910.3984375, 3470.12695312, 2081.93725586, 2253.25317383, 4167.109375, 2125.41845703, 6193.69433594, 5097.78222656, 4421.20214844, 1728.36364746, 1185.1817627, 1201.94189453, 2173.99072266, 1332.74597168, 1182.71972656, 1255.9888916, 1086.16088867, 754.846191406, 932.977478027, 701.755554199, 779.959411621, 404.956115723, 295.432159424, 65.8854446411, 18.9678974152, 3.58386421204, 0.347563922405, 0.0403185784817, 0.000584310851991, 1.23095404092e-07]
    },
    "gfcc": {
        "mean": [19.5408306122, 23.3326625824, -108.894355774, 28.9110412598, -56.327129364, 20.5665626526, -32.7410507202, 16.4492092133, -21.8850345612, 11.8760318756, -14.1846370697, 7.23552465439, -11.3956403732],
        "cov": [[15395.6181641, -2491.79296875, 1464.77490234, 939.397155762, -434.313415527, 736.283691406, -186.930130005, 439.393707275, -53.8251686096, 459.753082275, -313.980285645, 518.406066895, -145.801239014], [-2491.79296875, 2493.83862305, -132.280456543, -242.726516724, 137.478652954, -404.081420898, -35.7536849976, -342.725921631, -46.1486282349, -235.908233643, 90.4122314453, -248.656509399, 14.6130590439], [1464.77490234, -132.280456543, 1418.53881836, 703.45703125, 248.610290527, 423.980041504, 52.0569038391, 131.408737183, 63.509967804, 51.5433120728, -33.4349594116, 53.8835945129, -14.8743076324], [939.397155762, -242.726516724, 703.45703125, 721.765991211, 260.312683105, 412.927520752, 117.629119873, 163.26411438, 79.4216690063, 70.1536178589, -1.19825422764, 37.8465843201, 11.85932827], [-434.313415527, 137.478652954, 248.610290527, 260.312683105, 429.962432861, 283.769287109, 209.988677979, 133.985458374, 93.893409729, 60.8732261658, 56.9801673889, 6.12365007401, 26.2104415894], [736.283691406, -404.081420898, 423.980041504, 412.927520752, 283.769287109, 602.875427246, 220.229415894, 284.884552002, 135.809585571, 152.121520996, 45.144493103, 90.3270339966, 28.3427944183], [-186.930130005, -35.7536849976, 52.0569038391, 117.629119873, 209.988677979, 220.229415894, 254.600799561, 159.969116211, 110.601623535, 76.0167007446, 53.0293502808, 31.0955295563, 25.8328418732], [439.393707275, -342.725921631, 131.408737183, 163.26411438, 133.985458374, 284.884552002, 159.969116211, 287.85546875, 140.624725342, 135.046218872, 30.4458599091, 79.7479629517, 31.2925720215], [-53.8251686096, -46.1486282349, 63.509967804, 79.4216690063, 93.893409729, 135.809585571, 110.601623535, 140.624725342, 164.783355713, 103.688728333, 51.2650947571, 32.8291702271, 31.4894676208], [459.753082275, -235.908233643, 51.5433120728, 70.1536178589, 60.8732261658, 152.121520996, 76.0167007446, 135.046218872, 103.688728333, 188.370239258, 78.6426467896, 86.078994751, 23.9872684479], [-313.980285645, 90.4122314453, -33.4349594116, -1.19825422764, 56.9801673889, 45.144493103, 53.0293502808, 30.4458599091, 51.2650947571, 78.6426467896, 137.554290771, 62.120475769, 43.6602935791], [518.406066895, -248.656509399, 53.8835945129, 37.8465843201, 6.12365007401, 90.3270339966, 31.0955295563, 79.7479629517, 32.8291702271, 86.078994751, 62.120475769, 146.267150879, 58.1823196411], [-145.801239014, 14.6130590439, -14.8743076324, 11.85932827, 26.2104415894, 28.3427944183, 25.8328418732, 31.2925720215, 31.4894676208, 23.9872684479, 43.6602935791, 58.1823196411, 96.9847183228]],
        "icov": [[0.000129085354274, -2.25094099733e-05, -4.75774431834e-05, -0.000125413323985, 0.000216085012653, -6.36079203105e-05, 1.72410045707e-06, 7.60048351367e-07, 0.000188018253539, -0.000418369745603, 0.000558651576284, -0.000567476730794, 0.00029634940438], [-2.25094099733e-05, 0.000825766706839, -0.000210475089261, 0.000284126668703, -0.000517614069395, 0.00037019100273, -7.03299083398e-05, 0.000538890773896, -0.00050661287969, 0.000811097444966, -0.00137968210038, 0.00148438953329, -0.000654245901387], [-4.75774431834e-05, -0.000210475089261, 0.00159298325889, -0.00130646955222, -0.000306963280309, -0.000443509983597, 0.000759387738071, 0.000291373784421, -0.000599310267717, 0.000322664098348, 0.00060703541385, -0.00109445268754, 0.000778625428211], [-0.000125413323985, 0.000284126668703, -0.00130646955222, 0.00385526008904, -0.00104169431143, -0.0012858400587, 0.000311302370392, 0.000139237337862, -0.000261293054791, 0.000588988827076, -0.000641734863166, 0.00150958378799, -0.00105125177652], [0.000216085012653, -0.000517614069395, -0.000306963280309, -0.00104169431143, 0.00589978089556, -0.00129743595608, -0.0033371464815, 6.81498786435e-05, 0.000997890136205, -0.000997138326056, 0.000102220576082, 0.000365465122741, -0.000207880017115], [-6.36079203105e-05, 0.00037019100273, -0.000443509983597, -0.0012858400587, -0.00129743595608, 0.00561057031155, -0.00138125009835, -0.0028905342333, 0.00093984400155, -0.000582587788813, -0.000773911888245, 0.000284006149741, -3.36739867635e-05], [1.72410045707e-06, -7.03299083398e-05, 0.000759387738071, 0.000311302370392, -0.0033371464815, -0.00138125009835, 0.0101265581325, -0.00262690405361, -0.00270643364638, 0.00166300311685, -0.00128542969469, -0.000361534854164, 0.000810379860923], [7.60048351367e-07, 0.000538890773896, 0.000291373784421, 0.000139237337862, 6.81498786435e-05, -0.0028905342333, -0.00262690405361, 0.0122203771025, -0.00559773528948, -0.00202154251747, 0.0033600020688, -0.00245734094642, -0.00019025959773], [0.000188018253539, -0.00050661287969, -0.000599310267717, -0.000261293054791, 0.000997890136205, 0.00093984400155, -0.00270643364638, -0.00559773528948, 0.015699993819, -0.00639032479376, -0.000629592628684, 0.00347917270847, -0.00303909578361], [-0.000418369745603, 0.000811097444966, 0.000322664098348, 0.000588988827076, -0.000997138326056, -0.000582587788813, 0.00166300311685, -0.00202154251747, -0.00639032479376, 0.0158844441175, -0.00763949938118, -0.0019828483928, 0.00265013659373], [0.000558651576284, -0.00137968210038, 0.00060703541385, -0.000641734863166, 0.000102220576082, -0.000773911888245, -0.00128542969469, 0.0033600020688, -0.000629592628684, -0.00763949938118, 0.0180417373776, -0.00835917703807, -0.000337196805049], [-0.000567476730794, 0.00148438953329, -0.00109445268754, 0.00150958378799, 0.000365465122741, 0.000284006149741, -0.000361534854164, -0.00245734094642, 0.00347917270847, -0.0019828483928, -0.00835917703807, 0.0204774383456, -0.00988258328289], [0.00029634940438, -0.000654245901387, 0.000778625428211, -0.00105125177652, -0.000207880017115, -3.36739867635e-05, 0.000810379860923, -0.00019025959773, -0.00303909578361, 0.00265013659373, -0.000337196805049, -0.00988258328289, 0.0174262858927]]
    },
    "melbands": {
        "dmean": [0.00141311890911, 0.00115480751265, 0.000936746015213, 0.000421938631916, 0.00028203803231, 0.000249772216193, 0.000146631995449, 0.000116221403005, 0.000129857653519, 0.000128917381517, 7.94206789578e-05, 6.64423496346e-05, 6.77583302604e-05, 4.99203488289e-05, 5.30501783942e-05, 7.32650223654e-05, 5.40453947906e-05, 3.28058922605e-05, 3.08689959638e-05, 3.20814833685e-05, 1.78151640284e-05, 1.9653036361e-05, 1.86542856682e-05, 1.56459136633e-05, 1.65425681189e-05, 1.58523307618e-05, 1.24222124214e-05, 1.2639004126e-05, 1.10679311547e-05, 9.79931610345e-06, 8.60694217408e-06, 9.08018773771e-06, 7.73012379796e-06, 6.3659576881e-06, 7.44203543945e-06, 5.33273487235e-06, 4.69298129246e-06, 5.51768380319e-06, 3.79516563953e-06, 2.74887315754e-06],
        "dmean2": [0.00202288036235, 0.00178722315468, 0.00155663362239, 0.000688576023094, 0.000499192450661, 0.000429847219493, 0.000241779373027, 0.000187811543583, 0.000213559877011, 0.000208130222745, 0.00012917422282, 0.00010965855472, 0.000111231791379, 8.39544081828e-05, 8.65929177962e-05, 0.00012213968148, 9.39605452004e-05, 5.46216324437e-05, 5.24378883711e-05, 5.34383652848e-05, 2.95280224236e-05, 3.24445827573e-05, 3.12501761073e-05, 2.61358909484e-05, 2.76029259112e-05, 2.66743427346e-05, 2.04686893994e-05, 2.1040212232e-05, 1.82987314474e-05, 1.62764008564e-05, 1.4324521544e-05, 1.51731410369e-05, 1.26938512039e-05, 1.00430561361e-05, 1.22206147353e-05, 8.73842964211e-06, 7.379543149e-06, 8.9989416665e-06, 6.34406114841e-06, 4.44352872364e-06],
        "dvar": [7.65501590649e-06, 9.68667609413e-06, 8.77048842085e-06, 1.30015337163e-06, 7.67130984514e-07, 3.64509617157e-07, 1.17185884108e-07, 8.03181094966e-08, 1.42697530237e-07, 1.04597837947e-07, 3.876017729e-08, 2.92279658254e-08, 2.71626134918e-08, 1.63141251619e-08, 1.3974755575e-08, 4.07254958645e-08, 2.73196700817e-08, 1.55134660673e-08, 4.41889591585e-09, 4.8802175634e-09, 9.48630618502e-10, 1.02659247769e-09, 1.45934386797e-09, 7.44643346984e-10, 7.83881404232e-10, 6.96762758601e-10, 3.81051440401e-10, 6.74369893261e-10, 3.11280945464e-10, 1.9033438714e-10, 1.58599064437e-10, 3.26078636315e-10, 1.79499290431e-10, 1.14574530419e-10, 2.62546706598e-10, 8.43229444603e-11, 7.1140801583e-11, 1.27380606063e-10, 3.81861035847e-11, 1.68791890187e-11],
        "dvar2": [1.66113659361e-05, 2.25323856284e-05, 2.33374485106e-05, 3.26145345753e-06, 2.17441106543e-06, 9.97114284473e-07, 2.95597885724e-07, 1.99342082396e-07, 3.2254408211e-07, 2.43287644253e-07, 9.18654023963e-08, 7.40439674018e-08, 6.93685393571e-08, 4.88988654013e-08, 2.97589490827e-08, 1.0087673985e-07, 7.26883584434e-08, 4.03481941191e-08, 1.17084164586e-08, 1.34823645581e-08, 2.34456076775e-09, 2.58231458439e-09, 3.97329058544e-09, 1.98448746325e-09, 2.11437289899e-09, 1.82911685798e-09, 1.00578267936e-09, 1.90797733168e-09, 8.18625556231e-10, 4.79231987427e-10, 4.11157802249e-10, 1.02525332668e-09, 4.58717563934e-10, 2.78313760926e-10, 6.73345323943e-10, 2.3700355567e-10, 1.93780311242e-10, 3.22918580764e-10, 1.05069668244e-10, 4.42687483893e-11],
        "max": [0.0487114936113, 0.0389366708696, 0.0306735876948, 0.0134812174365, 0.00885709282011, 0.0109946774319, 0.0083626434207, 0.00635397108272, 0.0168497618288, 0.0120041286573, 0.00514950649813, 0.00326931243762, 0.0040564420633, 0.00256777461618, 0.0027679624036, 0.00351474853233, 0.00391227239743, 0.00862249452621, 0.00196011504158, 0.0014576948015, 0.00124247581698, 0.000466635450721, 0.000760739610996, 0.000514382263646, 0.000407943240134, 0.000718097551726, 0.000484839663841, 0.000464618904516, 0.000270665768767, 0.000249450909905, 0.00015864946181, 0.000639190315269, 0.000159528106451, 0.000175121473148, 0.000187569268746, 0.000121076271171, 0.000128564279294, 0.000122417652165, 8.29828713904e-05, 8.46577386255e-05],
        "mean": [0.0030486038886, 0.00154291675426, 0.000840938824695, 0.000431650842074, 0.000271610420896, 0.000289939460345, 0.000194892156287, 0.000156528185471, 0.000170984683791, 0.000161395146279, 0.000105398197775, 8.68932474987e-05, 8.77158599906e-05, 6.25057436991e-05, 6.80922385072e-05, 7.98799519544e-05, 5.60145781492e-05, 4.067453483e-05, 3.8713318645e-05, 3.85008461308e-05, 2.49260647252e-05, 2.87563234451e-05, 2.55640643445e-05, 2.25048952416e-05, 2.27278360398e-05, 2.15695781662e-05, 1.87324822036e-05, 1.82588901225e-05, 1.71544288605e-05, 1.56215264724e-05, 1.30553753479e-05, 1.30418457047e-05, 1.16485507533e-05, 1.06268817035e-05, 1.087794044e-05, 9.05391698325e-06, 8.01459555078e-06, 8.12531015981e-06, 6.4199202825e-06, 5.32136664333e-06],
        "median": [0.000965721090324, 0.000286209862679, 9.21832106542e-05, 6.6814791353e-05, 6.89584121574e-05, 8.6789514171e-05, 4.75793021906e-05, 4.27125269198e-05, 3.65452324331e-05, 4.86291974084e-05, 3.20809849654e-05, 2.56485654972e-05, 3.05065077555e-05, 2.47773532465e-05, 2.32552411035e-05, 1.95801676455e-05, 1.8573289708e-05, 1.70035818883e-05, 1.43037395901e-05, 1.5756009816e-05, 1.31536653498e-05, 1.55313427967e-05, 1.36133958222e-05, 1.25939313875e-05, 1.18788011605e-05, 1.13492969831e-05, 1.08947797344e-05, 9.97322968033e-06, 8.90066439752e-06, 8.95924858924e-06, 6.98120675224e-06, 6.5114923018e-06, 5.41288591194e-06, 5.32578224011e-06, 4.9449636208e-06, 4.5432952902e-06, 3.94434118789e-06, 3.76165553462e-06, 3.48018602381e-06, 2.91907917926e-06],
        "min": [1.67009367535e-24, 2.95020548196e-24, 6.3146619412e-24, 1.81577242151e-24, 1.63184042955e-24, 6.0517787777e-24, 2.44223329318e-24, 1.84414833991e-24, 2.1394262737e-24, 1.09412719858e-24, 4.38457963022e-24, 4.20786571555e-24, 3.70542561109e-24, 5.02377468906e-24, 6.91277943498e-24, 3.18427747305e-24, 4.3631912445e-24, 6.60794228196e-24, 5.34072046255e-24, 4.41014345672e-24, 4.65369834475e-24, 3.76280971992e-24, 4.87774785803e-24, 4.55078000118e-24, 4.17509406697e-24, 8.66319236391e-24, 5.32238733511e-24, 6.2429296358e-24, 6.18577942423e-24, 5.95208411422e-24, 5.9696626962e-24, 6.20124583113e-24, 6.42603687367e-24, 8.61899248739e-24, 6.61516469798e-24, 7.06484262965e-24, 9.00961668613e-24, 8.13866218195e-24, 7.64992656356e-24, 6.35006167989e-24],
        "var": [2.83890312858e-05, 1.24990920085e-05, 6.76778972775e-06, 1.37969368552e-06, 5.30326929038e-07, 3.62783623586e-07, 1.79002398681e-07, 1.17005207301e-07, 2.64645620973e-07, 1.30024147893e-07, 5.5573952551e-08, 3.75089115323e-08, 4.03469719856e-08, 1.72404597265e-08, 2.61539661039e-08, 4.55915127873e-08, 2.16231068606e-08, 1.37618849649e-08, 5.52022472178e-09, 5.22445953166e-09, 1.3541269217e-09, 1.68231562014e-09, 1.69338199019e-09, 9.94584192782e-10, 1.00706243344e-09, 8.46561265533e-10, 5.57600632334e-10, 7.60184859505e-10, 4.79876915982e-10, 3.31630889416e-10, 2.51740545076e-10, 3.73485686822e-10, 2.82182582856e-10, 2.23288942891e-10, 3.52777418389e-10, 1.67654654049e-10, 1.50586390579e-10, 1.88215429353e-10, 6.98350821615e-11, 4.67929375803e-11]
    },
    "mfcc": {
        "mean": [-624.426757812, 62.509098053, 4.86148691177, 13.6205530167, 3.14689588547, 6.1864323616, 3.8435614109, 4.81751251221, 2.79950833321, 3.99664974213, 2.87831735611, 3.82105636597, 2.4362847805],
        "cov": [[10162.7871094, -1034.63208008, 180.968048096, 368.255401611, -68.2274475098, 106.169555664, 31.0308589935, 120.754348755, 183.247009277, 126.682670593, 81.7485198975, 7.22686958313, -63.4984512329], [-1034.63208008, 1655.43444824, 15.2459726334, -65.6741638184, -31.2520141602, -115.139213562, -93.3340377808, -151.644317627, -161.21661377, -115.660903931, -79.0378265381, -71.5407562256, -35.0924606323], [180.968048096, 15.2459726334, 965.930053711, 351.367370605, 358.126495361, 230.164627075, 123.218482971, 125.177963257, 87.6628341675, 43.7551307678, 26.2839164734, 32.2919654846, -0.119473956525], [368.255401611, -65.6741638184, 351.367370605, 364.692382812, 213.037658691, 150.79447937, 95.9737167358, 81.1774749756, 70.090171814, 46.3410377502, 24.0619659424, 16.401140213, 5.34969472885], [-68.2274475098, -31.2520141602, 358.126495361, 213.037658691, 370.691589355, 241.543716431, 183.871856689, 151.482330322, 123.090042114, 98.8034744263, 74.3915634155, 55.8986930847, 38.832233429], [106.169555664, -115.139213562, 230.164627075, 150.79447937, 241.543716431, 287.436248779, 200.744750977, 150.811477661, 128.875518799, 93.3753204346, 80.5830764771, 72.2225494385, 49.8781242371], [31.0308589935, -93.3340377808, 123.218482971, 95.9737167358, 183.871856689, 200.744750977, 242.282440186, 164.277404785, 122.352287292, 96.2021789551, 81.7464828491, 72.6351089478, 62.2202033997], [120.754348755, -151.644317627, 125.177963257, 81.1774749756, 151.482330322, 150.811477661, 164.277404785, 207.167098999, 150.570831299, 99.9804611206, 72.8947296143, 57.6579589844, 46.6928787231], [183.247009277, -161.21661377, 87.6628341675, 70.090171814, 123.090042114, 128.875518799, 122.352287292, 150.570831299, 193.753005981, 133.476379395, 85.1963577271, 55.5742721558, 39.6239700317], [126.682670593, -115.660903931, 43.7551307678, 46.3410377502, 98.8034744263, 93.3753204346, 96.2021789551, 99.9804611206, 133.476379395, 163.094985962, 105.719734192, 57.819355011, 37.6754570007], [81.7485198975, -79.0378265381, 26.2839164734, 24.0619659424, 74.3915634155, 80.5830764771, 81.7464828491, 72.8947296143, 85.1963577271, 105.719734192, 132.997146606, 86.2122955322, 47.929599762], [7.22686958313, -71.5407562256, 32.2919654846, 16.401140213, 55.8986930847, 72.2225494385, 72.6351089478, 57.6579589844, 55.5742721558, 57.819355011, 86.2122955322, 117.485145569, 75.6781921387], [-63.4984512329, -35.0924606323, -0.119473956525, 5.34969472885, 38.832233429, 49.8781242371, 62.2202033997, 46.6928787231, 39.6239700317, 37.6754570007, 47.929599762, 75.6781921387, 115.506362915]],
