{
"lowlevel": {
    "average_loudness": 0.509212255478,
    "barkbands_crest": {
        "dmean": 2.895424366,
        "dmean2": 4.60136175156,
        "dvar": 7.98382854462,
        "dvar2": 19.1824150085,
        "max": 26.2734508514,
        "mean": 10.5447130203,
        "median": 9.44280433655,
        "min": 2.0350227356,
        "var": 28.2350940704
    },
    "barkbands_flatness_db": {
        "dmean": 0.0280490126461,
        "dmean2": 0.0439699105918,
        "dvar": 0.000935457879677,
        "dvar2": 0.00227707857266,
        "max": 0.637326896191,
        "mean": 0.12855219841,
        "median": 0.117692634463,
        "min": 0.0119813205674,
        "var": 0.00467373803258
    },
    "barkbands_kurtosis": {
        "dmean": 4.17180395126,
        "dmean2": 6.9308590889,
        "dvar": 227.070358276,
        "dvar2": 600.023742676,
        "max": 495.364349365,
        "mean": 4.38223695755,
        "median": 0.409557580948,
        "min": -1.88450098038,
        "var": 310.939788818
    },
    "barkbands_skewness": {
        "dmean": 0.716369926929,
        "dmean2": 1.1192625761,
        "dvar": 0.814249753952,
        "dvar2": 2.03306698799,
        "max": 19.6045703888,
        "mean": 1.41405391693,
        "median": 1.13985300064,
        "min": -12.926902771,
        "var": 2.6798684597
    },
    "barkbands_spread": {
        "dmean": 9.66128635406,
        "dmean2": 15.6868181229,
        "dvar": 111.517784119,
        "dvar2": 298.346099854,
        "max": 117.692939758,
        "mean": 33.9436340332,
        "median": 31.889383316,
        "min": 0.164000660181,
        "var": 360.278381348
    },
    "dissonance": {
        "dmean": 0.0139510519803,
        "dmean2": 0.0238013267517,
        "dvar": 0.000240068620769,
        "dvar2": 0.000699512136634,
        "max": 0.500000119209,
        "mean": 0.477001011372,
        "median": 0.481868416071,
        "min": 0.269721120596,
        "var": 0.000379575561965
    },
    "dynamic_complexity": 4.97078180313,
    "erbbands_crest": {
        "dmean": 2.43026733398,
        "dmean2": 4.0215883255,
        "dvar": 6.33806467056,
        "dvar2": 16.5384254456,
        "max": 30.2855949402,
        "mean": 7.3546037674,
        "median": 6.37193059921,
        "min": 2.2194917202,
        "var": 13.9420814514
    },
    "erbbands_flatness_db": {
        "dmean": 0.0171307958663,
        "dmean2": 0.026337094605,
        "dvar": 0.000357614771929,
        "dvar2": 0.000757992966101,
        "max": 0.557552397251,
        "mean": 0.143027067184,
        "median": 0.124951690435,
        "min": 0.0452483221889,
        "var": 0.00579615635797
    },
    "erbbands_kurtosis": {
        "dmean": 0.774931907654,
        "dmean2": 1.27604687214,
        "dvar": 2.31417036057,
        "dvar2": 5.4656791687,
        "max": 52.8261070251,
        "mean": -0.127551034093,
        "median": -0.581598043442,
        "min": -1.84236443043,
        "var": 3.63083219528
    },
    "erbbands_skewness": {
        "dmean": 0.374166846275,
        "dmean2": 0.582465827465,
        "dvar": 0.148884862661,
        "dvar2": 0.342460304499,
        "max": 6.03310012817,
        "mean": 0.0444597303867,
        "median": 0.0490635596216,
        "min": -5.13608074188,
        "var": 0.536484897137
    },
    "erbbands_spread": {
        "dmean": 11.0516729355,
        "dmean2": 17.4132900238,
        "dvar": 139.325210571,
        "dvar2": 324.760955811,
        "max": 169.958984375,
        "mean": 51.0658531189,
        "median": 47.5246391296,
        "min": 1.61206531525,
        "var": 589.768127441
    },
    "hfc": {
        "dmean": 13.3554420471,
        "dmean2": 21.0723228455,
        "dvar": 534.631286621,
        "dvar2": 1298.04064941,
        "max": 516.347473145,
        "mean": 34.5751724243,
        "median": 22.7867832184,
        "min": 1.1459794617e-16,
        "var": 1340.7298584
    },
    "melbands_crest": {
        "dmean": 3.95260882378,
        "dmean2": 6.39804887772,
        "dvar": 16.2789783478,
        "dvar2": 40.1967735291,
        "max": 37.7347335815,
        "mean": 16.4076824188,
        "median": 15.4791936874,
        "min": 2.1678879261,
        "var": 59.6068878174
    },
    "melbands_flatness_db": {
        "dmean": 0.0351867005229,
        "dmean2": 0.0541286841035,
        "dvar": 0.00142796465661,
        "dvar2": 0.00342066236772,
        "max": 0.571033239365,
        "mean": 0.170677885413,
        "median": 0.159341260791,
        "min": 0.00665190815926,
        "var": 0.00634048273787
    },
    "melbands_kurtosis": {
        "dmean": 14.0187082291,
        "dmean2": 23.1106128693,
        "dvar": 1010.36737061,
        "dvar2": 2681.88427734,
        "max": 886.122070312,
        "mean": 21.4811649323,
        "median": 7.648853302,
        "min": -1.86074924469,
        "var": 1674.52282715
    },
    "melbands_skewness": {
        "dmean": 1.10051858425,
        "dmean2": 1.73881328106,
        "dvar": 1.96885931492,
        "dvar2": 4.98172855377,
        "max": 24.8752918243,
        "mean": 3.20874714851,
        "median": 2.53399324417,
        "min": -12.3952722549,
        "var": 6.46480941772
    },
    "melbands_spread": {
        "dmean": 12.6843156815,
        "dmean2": 19.9910392761,
        "dvar": 255.915740967,
        "dvar2": 598.267822266,
        "max": 209.636169434,
        "mean": 34.1565475464,
        "median": 28.2267303467,
        "min": 0.454948991537,
        "var": 693.989318848
    },
    "pitch_salience": {
        "dmean": 0.0871147438884,
        "dmean2": 0.137157827616,
        "dvar": 0.00761162582785,
        "dvar2": 0.0181296393275,
        "max": 0.949710309505,
        "mean": 0.531039893627,
        "median": 0.550064027309,
        "min": 0.0454958863556,
        "var": 0.0281744934618
    },
    "silence_rate_20dB": {
        "dmean": 0,
        "dmean2": 0,
        "dvar": 0,
        "dvar2": 0,
        "max": 1,
        "mean": 1,
        "median": 1,
        "min": 1,
        "var": 0
    },
    "silence_rate_30dB": {
        "dmean": 0.027920845896,
        "dmean2": 0.0558492615819,
        "dvar": 0.0271403677762,
        "dvar2": 0.0703486502171,
        "max": 1,
        "mean": 0.941455483437,
        "median": 1,
        "min": 0,
        "var": 0.0551178492606
    },
    "silence_rate_60dB": {
        "dmean": 0.0365952849388,
        "dmean2": 0.0732004866004,
        "dvar": 0.0352588780224,
        "dvar2": 0.0781515985727,
        "max": 1,
        "mean": 0.179428100586,
        "median": 0,
        "min": 0,
        "var": 0.147215723991
    },
    "spectral_centroid": {
        "dmean": 382.433776855,
        "dmean2": 588.849914551,
        "dvar": 170623.421875,
        "dvar2": 368332.625,
        "max": 11098.9189453,
        "mean": 2060.69140625,
        "median": 2072.41577148,
        "min": 160.852050781,
        "var": 798987.6875
    },
    "spectral_complexity": {
        "dmean": 5.00027084351,
        "dmean2": 7.57082843781,
        "dvar": 38.0215797424,
        "dvar2": 77.3647155762,
        "max": 58,
        "mean": 17.3587207794,
        "median": 15,
        "min": 0,
        "var": 153.968582153
    },
    "spectral_decrease": {
        "dmean": 2.89599144665e-09,
        "dmean2": 4.6343089366e-09,
        "dvar": 2.14067791258e-17,
        "dvar2": 6.24063170593e-17,
        "max": 4.39724787886e-14,
        "mean": -7.89757415021e-09,
        "median": -5.01968289157e-09,
        "min": -5.61089237294e-08,
        "var": 8.12654990124e-17
    },
    "spectral_energy": {
        "dmean": 0.011486296542,
        "dmean2": 0.0184180289507,
        "dvar": 0.00031769022462,
        "dvar2": 0.000916139862966,
        "max": 0.216989010572,
        "mean": 0.0329433977604,
        "median": 0.0219737868756,
        "min": 1.04217220468e-20,
        "var": 0.00128655938897
    },
    "spectral_energyband_high": {
        "dmean": 0.00127128616441,
        "dmean2": 0.00198880513199,
        "dvar": 5.77410128244e-06,
        "dvar2": 1.39786807267e-05,
        "max": 0.0655152276158,
        "mean": 0.00282427365892,
        "median": 0.00161976413801,
        "min": 7.60132211689e-21,
        "var": 1.19653795991e-05
    },
    "spectral_energyband_low": {
        "dmean": 0.00879648793489,
        "dmean2": 0.0144513370469,
        "dvar": 0.000306300324155,
        "dvar2": 0.000906244502403,
        "max": 0.185114279389,
        "mean": 0.0184387657791,
        "median": 0.00628646742553,
        "min": 2.87472115687e-23,
        "var": 0.000793850398622
    },
    "spectral_energyband_middle_high": {
        "dmean": 0.00216774945147,
        "dmean2": 0.00354086840525,
        "dvar": 1.77677702595e-05,
        "dvar2": 4.75871784147e-05,
        "max": 0.0606465376914,
        "mean": 0.0043493853882,
        "median": 0.00291252508759,
        "min": 1.34191596304e-21,
        "var": 2.6894011171e-05
    },
    "spectral_energyband_middle_low": {
        "dmean": 0.00429076747969,
        "dmean2": 0.00660304073244,
        "dvar": 6.82235768181e-05,
        "dvar2": 0.000181541327038,
        "max": 0.107422173023,
        "mean": 0.00831130985171,
        "median": 0.00347953732125,
        "min": 3.62132543397e-22,
        "var": 0.000157718764967
    },
    "spectral_entropy": {
        "dmean": 0.175137773156,
        "dmean2": 0.26897713542,
        "dvar": 0.0406530573964,
        "dvar2": 0.0943165943027,
        "max": 9.80502891541,
        "mean": 7.95384740829,
        "median": 8.03375911713,
        "min": 4.73728513718,
        "var": 0.197213456035
    },
    "spectral_flux": {
        "dmean": 0.0242808274925,
        "dmean2": 0.0378233455122,
        "dvar": 0.000910502742045,
        "dvar2": 0.00189820153173,
        "max": 0.399402081966,
        "mean": 0.0857041850686,
        "median": 0.0756394043565,
        "min": 6.6315376801e-11,
        "var": 0.00348216621205
    },
    "spectral_kurtosis": {
        "dmean": 1.09201860428,
        "dmean2": 1.83414304256,
        "dvar": 6.03002071381,
        "dvar2": 18.5392131805,
        "max": 61.4160919189,
        "mean": 2.7762336731,
        "median": 2.11949205399,
        "min": -1.25698554516,
        "var": 18.6865615845
    },
    "spectral_rms": {
        "dmean": 0.000922694394831,
        "dmean2": 0.00144470925443,
        "dvar": 1.35403570312e-06,
        "dvar2": 3.68143173546e-06,
        "max": 0.0145497974008,
        "mean": 0.00478379009292,
        "median": 0.00463010184467,
        "min": 3.18865702072e-12,
        "var": 9.25515723793e-06
    },
    "spectral_rolloff": {
        "dmean": 1202.88061523,
        "dmean2": 1955.04956055,
        "dvar": 2725034,
        "dvar2": 6688412.5,
        "max": 18992.2851562,
        "mean": 3063.79272461,
        "median": 2325.5859375,
        "min": 21.533203125,
        "var": 8152566.5
    },
    "spectral_skewness": {
        "dmean": 0.178226828575,
        "dmean2": 0.284880548716,
        "dvar": 0.0516878925264,
        "dvar2": 0.142881736159,
        "max": 5.10275030136,
        "mean": 1.23032104969,
        "median": 1.20596969128,
        "min": -1.0914683342,
        "var": 0.199022382498
    },
    "spectral_spread": {
        "dmean": 759380.0625,
        "dmean2": 1147154.5,
        "dvar": 963034546176,
        "dvar2": 1.82476459213e+12,
        "max": 41134940,
        "mean": 6427349,
        "median": 6055995,
        "min": 892148.25,
        "var": 6.56544786022e+12
    },
    "spectral_strongpeak": {
        "dmean": 0.420225322247,
        "dmean2": 0.720083594322,
        "dvar": 0.860100209713,
        "dvar2": 2.16616845131,
        "max": 21.2354202271,
        "mean": 0.688470602036,
        "median": 0.382882624865,
        "min": 0,
        "var": 1.23918378353
    },
    "zerocrossingrate": {
        "dmean": 0.0183891691267,
        "dmean2": 0.0215348117054,
        "dvar": 0.00037760543637,
        "dvar2": 0.000480925256852,
        "max": 0.85498046875,
        "mean": 0.105272680521,
        "median": 0.0947265625,
        "min": 0,
        "var": 0.00442372728139
    },
    "barkbands": {
        "dmean": [0.000550827127881, 0.00629271939397, 0.00239069270901, 0.00149873422924, 0.00170253170654, 0.000954418152105, 0.000482002767967, 0.00038860636414, 0.000663211161736, 0.00062430172693, 0.000536839303095, 0.000344947155099, 0.000272023607977, 0.000217872220674, 0.000204727009987, 0.000249309116043, 0.000275117286947, 0.000242945432547, 0.000279198633507, 0.000276199134532, 0.000245735485805, 0.000233680722886, 0.000229722441873, 0.000240548528382, 0.000225188661716, 0.000157538597705, 2.67760569841e-05],
        "dmean2": [0.000779144233093, 0.0103522837162, 0.00394921097904, 0.00233955704607, 0.00269921938889, 0.0015499551082, 0.000766273471527, 0.00061555672437, 0.00105385447387, 0.00106688693631, 0.000903942505829, 0.000581695348956, 0.000433745939517, 0.00035679541179, 0.000339895690558, 0.000415776536101, 0.000463344535092, 0.000392741523683, 0.000454880413599, 0.000449519546237, 0.000379971112125, 0.000379322154913, 0.000377329619369, 0.000377986347303, 0.000361939804861, 0.000261321169091, 4.41201846115e-05],
        "dvar": [2.86875342681e-06, 0.00019373219402, 6.56263509882e-05, 1.75653312908e-05, 1.66355785041e-05, 7.43571217754e-06, 1.50462437887e-06, 1.03827539988e-06, 1.9889801024e-06, 3.76798652724e-06, 1.90990931515e-06, 1.35705499815e-06, 7.27381120669e-07, 3.81347689427e-07, 2.45213186645e-07, 2.7212846021e-07, 2.87427440071e-07, 1.6567713601e-07, 2.68076831844e-07, 2.68673886694e-07, 1.94564549361e-07, 2.27984841672e-07, 2.37325224361e-07, 2.77035638874e-07, 2.22329532562e-07, 1.13781240429e-07, 2.70198063923e-09],
        "dvar2": [5.27886822965e-06, 0.000556796730962, 0.000172923872015, 4.34870453319e-05, 4.34714529547e-05, 2.12256363739e-05, 3.77906394533e-06, 2.47004481935e-06, 4.62975867777e-06, 1.03461779872e-05, 5.41574854651e-06, 3.66924905393e-06, 1.56218675329e-06, 9.32150612698e-07, 5.92250444242e-07, 6.63058699502e-07, 7.7040283486e-07, 3.91574531022e-07, 6.3266423922e-07, 6.90330978159e-07, 4.46503179319e-07, 5.7025863498e-07, 6.07489312188e-07, 6.74167381476e-07, 5.42958673577e-07, 3.21058479358e-07, 6.72917055411e-09],
        "max": [0.0513497889042, 0.150867626071, 0.138919115067, 0.0671075209975, 0.0711884796619, 0.0694593861699, 0.0351952947676, 0.0294958204031, 0.0319902449846, 0.0555040277541, 0.0334023982286, 0.0327350571752, 0.0380797460675, 0.0179788470268, 0.0137778343633, 0.0130657590926, 0.00808978360146, 0.0102932453156, 0.0106913512573, 0.00846683233976, 0.0103092966601, 0.00869217328727, 0.0125962086022, 0.0178191643208, 0.0123225469142, 0.00853127427399, 0.000643337552901],
        "mean": [0.00162345508579, 0.0136220641434, 0.00233993749134, 0.00183177820873, 0.00265680858865, 0.00141835387331, 0.000674067938235, 0.000521853216924, 0.000968648877461, 0.000721812597476, 0.000648947025184, 0.000405846716603, 0.000371201604139, 0.000296233542031, 0.000283900822978, 0.000328149180859, 0.000382537138648, 0.000403349462431, 0.000450556981377, 0.000442512100562, 0.000461560732219, 0.000363851926522, 0.000370278023183, 0.00048764271196, 0.000524749455508, 0.000304236309603, 3.90141976823e-05],
        "median": [2.25923504331e-05, 0.00227846391499, 0.00015354482457, 0.000212886108784, 0.000374722294509, 0.000344467232935, 0.0001589099993, 0.000124480691738, 0.000287630828097, 0.000157728311024, 0.000173057153006, 0.000116818933748, 0.000119579010061, 0.000102095371403, 0.000118441290397, 0.000131959386636, 0.000171296152985, 0.000179532391485, 0.000205638672924, 0.000213191699004, 0.000206040989724, 0.000174953616806, 0.000160552022862, 0.00018076444394, 0.000143919198308, 6.65645857225e-05, 5.41856661584e-06],
        "min": [3.51606901712e-24, 4.40880515419e-24, 3.19696452577e-24, 4.72829697625e-24, 3.56523351086e-23, 7.54595232967e-24, 1.24613643516e-23, 4.7092430666e-23, 5.45854007307e-23, 7.38260716187e-23, 2.65998880085e-23, 4.48111616795e-23, 4.85914336245e-23, 6.0099664676e-23, 9.41682005897e-23, 1.35358118372e-22, 1.12834347236e-22, 1.69623017542e-22, 1.92039730787e-22, 2.94692054682e-22, 2.7987005247e-22, 3.96542353161e-22, 5.91782246516e-22, 7.91706913419e-22, 1.01762178298e-21, 1.79130202565e-21, 2.30281044278e-21],
        "var": [1.64413359016e-05, 0.000535959785338, 5.6080702052e-05, 2.00344074983e-05, 3.99725759053e-05, 1.17685185614e-05, 2.39553287429e-06, 1.48606545736e-06, 4.04083311878e-06, 3.54821531801e-06, 2.16389207708e-06, 1.38181053444e-06, 9.86507643574e-07, 5.44201668617e-07, 3.21134450587e-07, 3.56697853476e-07, 4.07094319144e-07, 4.70942524089e-07, 5.08239679675e-07, 4.30313519928e-07, 5.42658426639e-07, 3.18305382052e-07, 3.25615388874e-07, 5.53338850295e-07, 6.61713670524e-07, 2.43703482283e-07, 4.97030372415e-09]
    },
    "erbbands": {
        "dmean": [0.209781676531, 1.33744001389, 2.61772203445, 3.8410961628, 5.28158473969, 5.85908603668, 6.65239286423, 8.60713481903, 7.10742998123, 7.951379776, 7.91969823837, 16.7014141083, 14.9662675858, 23.3533115387, 17.9320106506, 14.0295915604, 12.9270782471, 10.7372922897, 9.98824119568, 11.8276052475, 11.3885765076, 14.6940584183, 12.8665704727, 14.4432811737, 13.7457561493, 12.1050252914, 11.640253067, 9.02730560303, 8.56264019012, 7.49309253693, 6.46788644791, 4.86782503128, 4.42618322372, 2.75048565865, 1.62629675865, 0.778554439545, 0.273099273443, 0.0598450452089, 0.00386530696414, 7.06135106157e-05],
        "dmean2": [0.324393898249, 2.26644253731, 4.3330373764, 6.05972528458, 8.5821018219, 9.18914699554, 10.6853914261, 13.7809762955, 11.395655632, 12.296875, 12.8565206528, 26.434885025, 24.3874282837, 41.4673652649, 29.3216190338, 23.6150608063, 20.5461082458, 17.3421630859, 16.3511581421, 19.6477966309, 19.0323219299, 24.6678142548, 20.8503684998, 23.2275047302, 22.3842639923, 19.5190258026, 17.8908157349, 14.266793251, 13.9768486023, 12.1773681641, 10.6487312317, 7.61650753021, 7.14078187943, 4.46747779846, 2.65909790993, 1.28456926346, 0.455622673035, 0.0989997014403, 0.00635363301262, 0.00011523959256],
        "dvar": [0.222145974636, 10.1514663696, 55.8590507507, 122.311439514, 210.488998413, 227.370895386, 446.113769531, 558.444580078, 382.764984131, 514.234680176, 442.680267334, 1326.63220215, 1395.3260498, 9840.78222656, 1964.2668457, 2369.4152832, 1420.1907959, 633.409362793, 575.700317383, 591.894836426, 468.20904541, 800.129699707, 503.988983154, 751.549377441, 734.243774414, 466.24798584, 458.365997314, 299.454193115, 373.517028809, 361.66217041, 172.31803894, 148.736038208, 81.6673126221, 42.3928909302, 10.4880771637, 2.55327868462, 0.358986526728, 0.0134034752846, 6.50208021398e-05, 1.73439929085e-08],
        "dvar2": [0.532797753811, 30.0502281189, 151.771377563, 271.664337158, 568.139953613, 569.453735352, 1319.93237305, 1472.12402344, 984.605712891, 1279.10302734, 1128.62426758, 3031.20068359, 3289.90478516, 29449.6308594, 4801.35888672, 6404.98486328, 2991.70947266, 1496.6640625, 1355.54492188, 1428.46875, 1183.73901367, 2144.61865234, 1207.63427734, 1609.82800293, 1780.06164551, 1160.21374512, 1004.95855713, 740.528442383, 957.819274902, 934.406738281, 432.21661377, 376.541717529, 199.261199951, 106.534263611, 26.7178573608, 7.05962991714, 1.0140144825, 0.0356313809752, 0.000159048722708, 4.28131734509e-08],
        "max": [7.10088777542, 37.9600715637, 108.5754776, 210.56993103, 184.671005249, 321.965118408, 442.875732422, 773.831481934, 613.058837891, 795.477050781, 579.678527832, 946.038208008, 1630.95556641, 1449.10742188, 1612.39306641, 1362.37121582, 1680.51025391, 823.589111328, 494.308807373, 483.758026123, 464.316772461, 411.125213623, 670.502624512, 865.989318848, 707.388549805, 320.557159424, 423.012237549, 473.950286865, 474.732116699, 570.922241211, 282.385009766, 507.254486084, 220.182479858, 219.397232056, 52.8182296753, 30.9081745148, 17.5239048004, 1.37041759491, 0.117208227515, 0.0020079005044],
        "mean": [0.528989851475, 2.455971241, 3.09203004837, 4.90437173843, 7.36031150818, 8.79005718231, 9.51975727081, 13.5160474777, 10.1638441086, 11.6794567108, 10.8522081375, 24.5804290771, 21.2882766724, 24.3253078461, 23.6234874725, 17.3133964539, 18.6446666718, 15.9945316315, 15.0366287231, 17.1692276001, 16.5525856018, 21.7737293243, 22.0760173798, 23.9955635071, 21.7470417023, 19.9744853973, 22.0580596924, 15.4650220871, 13.095539093, 11.4034948349, 10.6014051437, 9.30795097351, 8.76434516907, 6.14970064163, 3.61223244667, 1.56747841835, 0.507300853729, 0.100730337203, 0.00567191373557, 0.000149374784087],
        "median": [0.0378311760724, 0.337298244238, 0.30669605732, 0.663733124733, 0.956890881062, 1.22287404537, 1.83169364929, 3.22839593887, 2.80082726479, 2.90534257889, 3.56605529785, 7.23704481125, 6.94262647629, 5.6213312149, 7.18808984756, 5.67286539078, 6.76245641708, 6.76555585861, 7.31789588928, 8.10885620117, 8.43897151947, 10.4502820969, 10.1014461517, 10.6377363205, 10.2782726288, 9.81773376465, 9.01743125916, 7.63952255249, 6.44961833954, 5.26330041885, 4.54473686218, 3.90459346771, 2.81735634804, 1.75480866432, 0.894154071808, 0.358300298452, 0.105882272124, 0.0193358045071, 0.000920265563764, 5.97885955358e-05],
        "min": [3.14569430984e-22, 6.72824237094e-22, 5.87518237491e-21, 1.4351578781e-20, 5.46759340938e-20, 6.95820389247e-20, 1.23114421671e-19, 1.07860900983e-19, 2.68695198026e-19, 1.03441375783e-18, 1.08653223687e-18, 1.24030852487e-18, 1.73188634987e-18, 2.4940370212e-18, 1.37150547048e-18, 1.94724478691e-18, 2.36250330968e-18, 2.2479747772e-18, 4.68331588931e-18, 5.3699241878e-18, 8.13462731993e-18, 6.30010533022e-18, 9.07709623035e-18, 1.13990261242e-17, 7.78297629792e-18, 1.44411126942e-17, 1.04359008595e-17, 1.41654448289e-17, 1.25959572977e-17, 1.76240077384e-17, 1.7814226192e-17, 1.70346117734e-17, 1.15988986028e-17, 1.15841061319e-17, 7.94914116655e-18, 6.6275236826e-18, 3.27759998646e-18, 1.05478649253e-18, 2.80258821098e-19, 3.19277563902e-20],
        "var": [1.21806299686, 20.3665542603, 55.7104225159, 145.976806641, 326.132507324, 486.056274414, 635.577636719, 1132.48681641, 560.335083008, 733.788452148, 550.546325684, 2878.74755859, 2025.12390137, 7255.41943359, 2845.8527832, 2310.0144043, 2052.84570312, 973.784240723, 784.619934082, 853.860229492, 652.454833984, 1238.9498291, 1412.17687988, 1787.92883301, 1225.59326172, 833.664550781, 1502.56591797, 527.094543457, 453.866882324, 401.926452637, 257.13104248, 218.114242554, 182.576400757, 95.846321106, 32.4631996155, 6.25668430328, 0.701777040958, 0.0271572303027, 0.000112524161523, 4.18392112067e-08]
    },
    "gfcc": {
        "mean": [-15.1260528564, 25.0759315491, -121.229804993, 24.243730545, -64.7169723511, 16.0248241425, -36.4186134338, 15.3988485336, -25.4734554291, 5.90362548828, -16.151720047, 4.89303302765, -9.26664543152],
        "cov": [[22734.8808594, 1443.81396484, 5267.51660156, 2909.30004883, 583.041992188, 877.039123535, -257.390319824, 401.734344482, -399.675720215, 544.607910156, -151.212783813, 278.641082764, -338.679473877], [1443.81396484, 3274.30566406, 1048.35961914, 1202.56176758, 528.872070312, -26.2654857635, 159.696365356, -189.319046021, 80.6887741089, -183.807693481, 74.4380874634, -167.129440308, 110.643844604], [5267.51660156, 1048.35961914, 3088.06933594, 1383.12561035, 733.695068359, 591.561279297, 7.49580764771, 189.555252075, -61.8127593994, 150.44229126, -68.272857666, 94.2402496338, -136.69078064], [2909.30004883, 1202.56176758, 1383.12561035, 1420.18200684, 491.623840332, 272.90524292, 93.0519180298, 0.374468624592, 19.2216091156, -7.13503885269, 5.18188476562, -44.1671981812, -24.9172077179], [583.041992188, 528.872070312, 733.695068359, 491.623840332, 713.034362793, 406.149230957, 301.610565186, 194.985977173, 124.060050964, 53.4533042908, 17.554473877, 8.22882938385, -6.8096203804], [877.039123535, -26.2654857635, 591.561279297, 272.90524292, 406.149230957, 515.22479248, 222.786560059, 211.778808594, 83.4479598999, 89.2401733398, 10.1737785339, 29.5407333374, -36.527179718], [-257.390319824, 159.696365356, 7.49580764771, 93.0519180298, 301.610565186, 222.786560059, 381.527526855, 190.261169434, 140.907363892, 36.1131095886, 55.9344215393, -1.56503653526, 37.637424469], [401.734344482, -189.319046021, 189.555252075, 0.374468624592, 194.985977173, 211.778808594, 190.261169434, 290.131378174, 116.590339661, 100.624534607, 26.4106121063, 44.7702293396, -0.946564435959], [-399.675720215, 80.6887741089, -61.8127593994, 19.2216091156, 124.060050964, 83.4479598999, 140.907363892, 116.590339661, 197.311096191, 76.199546814, 61.5357017517, 13.4902324677, 27.6689414978], [544.607910156, -183.807693481, 150.44229126, -7.13503885269, 53.4533042908, 89.2401733398, 36.1131095886, 100.624534607, 76.199546814, 193.170120239, 72.1842498779, 53.1610069275, -6.73302745819], [-151.212783813, 74.4380874634, -68.272857666, 5.18188476562, 17.554473877, 10.1737785339, 55.9344215393, 26.4106121063, 61.5357017517, 72.1842498779, 145.734405518, 50.4845123291, 45.8040275574], [278.641082764, -167.129440308, 94.2402496338, -44.1671981812, 8.22882938385, 29.5407333374, -1.56503653526, 44.7702293396, 13.4902324677, 53.1610069275, 50.4845123291, 135.624664307, 38.2869682312], [-338.679473877, 110.643844604, -136.69078064, -24.9172077179, -6.8096203804, -36.527179718, 37.637424469, -0.946564435959, 27.6689414978, -6.73302745819, 45.8040275574, 38.2869682312, 124.557403564]],
        "icov": [[0.000109233653347, -6.00042294536e-05, -6.60335135763e-05, -0.00018628325779, 0.000222987451707, -5.58472056582e-05, -2.65902945102e-05, -0.000230653880863, 0.000356779404683, -0.000386713363696, 0.000233491853578, -0.000246918731136, 0.000132556451717], [-6.00042294536e-05, 0.000821723078843, -0.000308005604893, -0.000149560248246, -0.000554054451641, 0.000656524498481, -0.000222314847633, 0.000724186596926, -0.00079317833297, 0.0010144963162, -0.000983691657893, 0.00122634600848, -0.000810285157058], [-6.60335135763e-05, -0.000308005604893, 0.00120971887372, -0.00060307525564, -0.000459344213596, -0.000604788365308, 0.000835414568428, -0.000638992467429, 0.000776193162892, -0.00074413488619, 0.000800512265414, -0.0011810248252, 0.00069721089676], [-0.00018628325779, -0.000149560248246, -0.00060307525564, 0.00210804468952, -0.000697399256751, -6.44559113425e-05, -6.25973625574e-05, 0.00103743362706, -0.000933539820835, 0.00100413407199, -0.000935083196964, 0.00117752421647, -0.000400444958359], [0.000222987451707, -0.000554054451641, -0.000459344213596, -0.000697399256751, 0.00470026722178, -0.00196109618992, -0.00194553448819, -0.000529771845322, 7.40829782444e-05, -0.000778845394962, 0.00130683986936, -0.00108865543734, 0.000516105734278], [-5.58472056582e-05, 0.000656524498481, -0.000604788365308, -6.44559113425e-05, -0.00196109618992, 0.00525597902015, -0.00136897468474, -0.000741211639252, -0.000134849527967, 0.000106892068288, -0.000478326837765, 0.000541329209227, 0.000475759705296], [-2.65902945102e-05, -0.000222314847633, 0.000835414568428, -6.25973625574e-05, -0.00194553448819, -0.00136897468474, 0.00727147981524, -0.00317652127706, -0.00113984872587, 0.00136889202986, -0.00167767168023, 0.001251728856, -0.00114035280421], [-0.000230653880863, 0.000724186596926, -0.000638992467429, 0.00103743362706, -0.000529771845322, -0.000741211639252, -0.00317652127706, 0.00926583819091, -0.00351411569864, -0.000709383748472, 0.000784406613093, -0.000294988305541, -0.000435729103629], [0.000356779404683, -0.00079317833297, 0.000776193162892, -0.000933539820835, 7.40829782444e-05, -0.000134849527967, -0.00113984872587, -0.00351411569864, 0.0111133474857, -0.00447716889903, -8.09823814052e-06, -0.000772329454776, 0.000151628686581], [-0.000386713363696, 0.0010144963162, -0.00074413488619, 0.00100413407199, -0.000778845394962, 0.000106892068288, 0.00136889202986, -0.000709383748472, -0.00447716889903, 0.0119347069412, -0.00619028322399, 0.00106787995901, 0.000589135626797], [0.000233491853578, -0.000983691657893, 0.000800512265414, -0.000935083196964, 0.00130683986936, -0.000478326837765, -0.00167767168023, 0.000784406613093, -8.09823814052e-06, -0.00619028322399, 0.0135854119435, -0.00512252468616, -0.00110986363143], [-0.000246918731136, 0.00122634600848, -0.0011810248252, 0.00117752421647, -0.00108865543734, 0.000541329209227, 0.001251728856, -0.000294988305541, -0.000772329454776, 0.00106787995901, -0.00512252468616, 0.0136880325153, -0.00519696995616], [0.000132556451717, -0.000810285157058, 0.00069721089676, -0.000400444958359, 0.000516105734278, 0.000475759705296, -0.00114035280421, -0.000435729103629, 0.000151628686581, 0.000589135626797, -0.00110986363143, -0.00519696995616, 0.0123064173386]]
    },
    "melbands": {
        "dmean": [0.00180931494106, 0.00149279308971, 0.000668448745273, 0.000388884916902, 0.000239260800299, 0.000186853329069, 0.000103662299807, 8.82493477548e-05, 7.02221368556e-05, 0.000107965279312, 7.40534160286e-05, 9.51310939854e-05, 6.14570526523e-05, 3.74726623704e-05, 3.60962512787e-05, 3.01666423184e-05, 2.0952154955e-05, 1.67427515407e-05, 1.65503097378e-05, 2.16587322939e-05, 1.27100474856e-05, 1.79220332939e-05, 1.26492604977e-05, 1.05568606159e-05, 1.27798430185e-05, 1.05523740785e-05, 9.17752367968e-06, 9.14111387829e-06, 8.11355130281e-06, 6.74596731187e-06, 5.23104426975e-06, 5.31360865352e-06, 4.44923944087e-06, 4.10690881836e-06, 3.82876032745e-06, 3.60429930879e-06, 3.07759933094e-06, 3.32522517965e-06, 3.08364474222e-06, 2.33385094361e-06],
        "dmean2": [0.00289862975478, 0.00252579757944, 0.00105507893022, 0.000617973797489, 0.000381103076506, 0.000301946536638, 0.000165153804119, 0.000136461341754, 0.000114538379421, 0.000169774080859, 0.000120435332065, 0.000169053440914, 0.000102653757494, 6.23227679171e-05, 6.00852581556e-05, 4.78411529912e-05, 3.42005296261e-05, 2.73614095931e-05, 2.74628582702e-05, 3.59781697625e-05, 2.15616510104e-05, 3.02695189021e-05, 2.06633503694e-05, 1.70000785147e-05, 2.07196717383e-05, 1.72153086169e-05, 1.5219816305e-05, 1.48539775182e-05, 1.28506462715e-05, 1.05518083728e-05, 8.43278121465e-06, 8.7576227088e-06, 7.33939987185e-06, 6.76475337968e-06, 6.31928696748e-06, 5.91858042753e-06, 4.84479596707e-06, 5.34083301318e-06, 5.13864688401e-06, 3.76173466066e-06],
        "dvar": [1.55717298185e-05, 1.31255483211e-05, 3.41701570505e-06, 8.68257188813e-07, 5.09315270847e-07, 2.57385721625e-07, 7.37981693533e-08, 6.25378575592e-08, 3.64616141724e-08, 5.74255523134e-08, 3.7006223863e-08, 1.5866078229e-07, 2.24058425147e-08, 1.48801264643e-08, 1.39682851952e-08, 1.13238485255e-08, 2.97225688506e-09, 2.32985253312e-09, 2.02512429048e-09, 2.20795359773e-09, 7.4528977434e-10, 1.2726734111e-09, 4.69936867198e-10, 3.38607836214e-10, 6.39972352889e-10, 4.75257111443e-10, 3.07580239056e-10, 2.92335960994e-10, 2.71601685586e-10, 1.76388223472e-10, 9.4321481181e-11, 1.27032134811e-10, 1.07829162266e-10, 1.26731125594e-10, 6.02405764161e-11, 4.78314193808e-11, 8.11671493905e-11, 4.59859685054e-11, 4.79507648865e-11, 2.71709495181e-11],
        "dvar2": [4.23213168688e-05, 3.89205924876e-05, 7.70713450038e-06, 2.21527193389e-06, 1.46401964685e-06, 6.96621214047e-07, 1.86507932654e-07, 1.51656038838e-07, 9.27271699425e-08, 1.29343376898e-07, 8.73608030361e-08, 4.71862108498e-07, 5.97562106464e-08, 4.0604263063e-08, 3.1683864421e-08, 2.34950174871e-08, 7.13962222676e-09, 5.53335111064e-09, 5.00445462848e-09, 5.34391064733e-09, 1.95314742157e-09, 3.42330097602e-09, 1.18277532213e-09, 7.81377462733e-10, 1.37290911972e-09, 1.16875453759e-09, 7.87839293803e-10, 7.21291915085e-10, 6.52139675594e-10, 4.18054924012e-10, 2.34707031588e-10, 3.24562210441e-10, 2.7774205158e-10, 3.34447108896e-10, 1.54261520224e-10, 1.20203041964e-10, 2.10346323692e-10, 1.13410357494e-10, 1.23797139207e-10, 6.84245646254e-11],
        "max": [0.0440028011799, 0.0407971478999, 0.0306494049728, 0.0161128714681, 0.0156905595213, 0.0154550233856, 0.00815978460014, 0.00891361478716, 0.00524916592985, 0.00634343642741, 0.0086728176102, 0.00579610094428, 0.00468065775931, 0.00385954394005, 0.00383981945924, 0.00513899000362, 0.00191692262888, 0.00121901836246, 0.00146808510181, 0.00116436276585, 0.000698387098964, 0.000557264545932, 0.000564255868085, 0.000619100464974, 0.000783128489275, 0.000474380532978, 0.000407017301768, 0.000279844476609, 0.000280077860225, 0.000380960467737, 0.000170064071426, 0.000238198248553, 0.00021536082204, 0.000376569892978, 0.000139730953379, 0.000128869811306, 0.000397645577323, 0.000119988166261, 0.000236309904722, 0.00014189335343],
        "mean": [0.00424174871296, 0.00223863567226, 0.000924673397094, 0.000591228890698, 0.000361973652616, 0.000291155913146, 0.000148208680912, 0.000126803613966, 9.13477560971e-05, 0.00015866967442, 0.000102068566775, 9.6346513601e-05, 7.71788400016e-05, 4.621503831e-05, 4.5754302846e-05, 4.07158149756e-05, 2.8763552109e-05, 2.35706866079e-05, 2.20789552259e-05, 2.78459465335e-05, 1.70275416167e-05, 2.45735154749e-05, 1.95766624529e-05, 1.75775730895e-05, 1.9693885406e-05, 1.60410345416e-05, 1.33622570502e-05, 1.38529012474e-05, 1.39924286486e-05, 1.19637525131e-05, 7.97356096882e-06, 7.7079384937e-06, 6.40809003016e-06, 6.09825747233e-06, 5.9453132053e-06, 6.07098991168e-06, 5.59081945539e-06, 6.20195578449e-06, 5.78965182285e-06, 5.01538761455e-06],
        "median": [0.000547713600099, 0.000323122367263, 0.000135777707328, 8.07080068626e-05, 6.75862975186e-05, 7.42183547118e-05, 3.91319772461e-05, 2.77937069768e-05, 2.53099078691e-05, 4.53576794825e-05, 3.02152184304e-05, 1.83044103323e-05, 2.26017364184e-05, 1.58270067914e-05, 1.27743651319e-05, 1.1518570318e-05, 1.01079185697e-05, 1.0385265341e-05, 8.12578582554e-06, 1.03636975837e-05, 7.72261955717e-06, 1.01744208223e-05, 9.10756261874e-06, 7.86269356468e-06, 7.96321546659e-06, 6.77354182699e-06, 6.1293417275e-06, 6.05877039561e-06, 5.38961603525e-06, 4.90713455292e-06, 3.6976557567e-06, 3.50208711097e-06, 3.06464494315e-06, 2.74180138149e-06, 2.56563907897e-06, 2.38791585616e-06, 2.18046398004e-06, 1.98047541744e-06, 1.64349489751e-06, 1.36419600949e-06],
        "min": [2.63650863211e-24, 5.97189201712e-24, 4.17937797611e-24, 3.47947297087e-24, 6.21959315807e-24, 2.62100790975e-24, 3.39378532162e-24, 1.11631596257e-23, 9.7301653924e-24, 7.22747734932e-24, 7.67681488752e-24, 1.03101761618e-23, 3.95135536488e-24, 5.26304172364e-24, 3.98258163495e-24, 4.67375749985e-24, 4.04716922713e-24, 6.32478618206e-24, 8.5951759878e-24, 6.60669864274e-24, 9.35690954421e-24, 5.61490563624e-24, 6.71476035941e-24, 8.63654306481e-24, 9.42247414063e-24, 5.93628678016e-24, 6.21897271897e-24, 9.19888256109e-24, 6.42294493335e-24, 6.53462081626e-24, 8.01975165568e-24, 6.58403782438e-24, 7.07869897146e-24, 9.38992337309e-24, 9.40409683698e-24, 1.13234616837e-23, 9.94296377703e-24, 8.4391684886e-24, 6.6396071587e-24, 9.29548173438e-24],
        "var": [5.81399981456e-05, 1.80674633157e-05, 4.38816914539e-06, 2.01101920538e-06, 9.05419312858e-07, 4.9723223583e-07, 1.13431838145e-07, 9.1226461052e-08, 4.52748913915e-08, 1.27558820395e-07, 5.19210523464e-08, 1.17242130671e-07, 2.84859531519e-08, 1.3747822436e-08, 2.05016146282e-08, 1.57873714102e-08, 4.40486314091e-09, 2.93744606417e-09, 2.42873032796e-09, 2.9121045575e-09, 9.52740997207e-10, 2.01488692397e-09, 1.01309005629e-09, 8.77391437282e-10, 1.41103584372e-09, 7.75457031921e-10, 4.50317311218e-10, 5.03297348242e-10, 6.399101804e-10, 4.25708218676e-10, 1.52523368935e-10, 1.58961496743e-10, 1.22415702575e-10, 1.28569224711e-10, 8.49296397099e-11, 8.14685680028e-11, 9.90062684614e-11, 9.42182512564e-11, 9.1787286105e-11, 6.37041461249e-11]
    },
    "mfcc": {
        "mean": [-652.94519043, 64.2084197998, -0.739668607712, 10.8405914307, -1.98719978333, -0.443472296, 1.81723427773, 3.78267288208, 1.14776277542, 1.20660245419, -2.68910646439, 0.855690538883, -1.77680134773],
        "cov": [[12669.3544922, 1024.79663086, 2166.48193359, 1486.93908691, 990.943725586, 606.090637207, 622.3671875, 316.540863037, 330.143768311, 302.740234375, 392.631988525, 263.146270752, 200.479507446], [1024.79663086, 1891.33312988, 737.037231445, 801.920166016, 395.153930664, 259.557922363, 143.876083374, 75.3979110718, 44.4325942993, 26.7108154297, -2.36960935593, -14.4526157379, -52.6360092163], [2166.48193359, 737.037231445, 1432.70544434, 723.809020996, 666.525268555, 395.452209473, 266.311035156, 183.476867676, 131.235305786, 89.5987625122, 132.547515869, 53.0343971252, 55.5392799377], [1486.93908691, 801.920166016, 723.809020996, 1028.33032227, 460.030151367, 338.801208496, 182.581130981, 129.535964966, 81.8590087891, 68.0568618774, 62.1001243591, 38.7965927124, -13.4269399643], [990.943725586, 395.153930664, 666.525268555, 460.030151367, 606.625305176, 364.919342041, 261.863006592, 205.026321411, 155.168365479, 101.798660278, 116.494628906, 48.917388916, 40.7185821533], [606.090637207, 259.557922363, 395.452209473, 338.801208496, 364.919342041, 409.448822021, 233.495391846, 185.409179688, 131.073471069, 97.3503341675, 99.3531112671, 35.8287010193, 53.549079895], [622.3671875, 143.876083374, 266.311035156, 182.581130981, 261.863006592, 233.495391846, 349.269683838, 207.98765564, 167.211517334, 114.494735718, 94.6307525635, 76.4733734131, 48.5847358704], [316.540863037, 75.3979110718, 183.476867676, 129.535964966, 205.026321411, 185.409179688, 207.98765564, 277.187316895, 169.001831055, 87.7268447876, 85.9402770996, 48.4273147583, 50.3901748657], [330.143768311, 44.4325942993, 131.235305786, 81.8590087891, 155.168365479, 131.073471069, 167.211517334, 169.001831055, 219.146133423, 127.035987854, 88.0876922607, 50.6034164429, 47.0931243896], [302.740234375, 26.7108154297, 89.5987625122, 68.0568618774, 101.798660278, 97.3503341675, 114.494735718, 87.7268447876, 127.035987854, 165.706039429, 106.362953186, 63.6293792725, 41.8345985413], [392.631988525, -2.36960935593, 132.547515869, 62.1001243591, 116.494628906, 99.3531112671, 94.6307525635, 85.9402770996, 88.0876922607, 106.362953186, 173.340423584, 90.5101852417, 63.4793395996], [263.146270752, -14.4526157379, 53.0343971252, 38.7965927124, 48.917388916, 35.8287010193, 76.4733734131, 48.4273147583, 50.6034164429, 63.6293792725, 90.5101852417, 141.232376099, 72.4829559326], [200.479507446, -52.6360092163, 55.5392799377, -13.4269399643, 40.7185821533, 53.549079895, 48.5847358704, 50.3901748657, 47.0931243896, 41.8345985413, 63.4793395996, 72.4829559326, 135.793548584]],
