{
"lowlevel": {
    "average_loudness": 0.831431746483,
    "barkbands_crest": {
        "dmean": 2.59179711342,
        "dmean2": 3.81985807419,
        "dvar": 7.13725376129,
        "dvar2": 14.2633218765,
        "max": 26.4594459534,
        "mean": 11.8537473679,
        "median": 10.4449853897,
        "min": 2.31226420403,
        "var": 38.9418334961
    },
    "barkbands_flatness_db": {
        "dmean": 0.0247527621686,
        "dmean2": 0.034201849252,
        "dvar": 0.000694042770192,
        "dvar2": 0.00129653001204,
        "max": 0.796258687973,
        "mean": 0.119457326829,
        "median": 0.0995856523514,
        "min": 0.0169469024986,
        "var": 0.00619744183496
    },
    "barkbands_kurtosis": {
        "dmean": 3.5770816803,
        "dmean2": 4.99242115021,
        "dvar": 89.402305603,
        "dvar2": 159.363113403,
        "max": 452.584960938,
        "mean": 5.86344766617,
        "median": 1.74387836456,
        "min": -1.87015748024,
        "var": 236.24899292
    },
    "barkbands_skewness": {
        "dmean": 0.59032535553,
        "dmean2": 0.841791570187,
        "dvar": 0.563992738724,
        "dvar2": 1.05194926262,
        "max": 15.1385183334,
        "mean": 1.81015491486,
        "median": 1.56531560421,
        "min": -2.61949729919,
        "var": 2.83193922043
    },
    "barkbands_spread": {
        "dmean": 9.3723897934,
        "dmean2": 14.4082221985,
        "dvar": 127.633651733,
        "dvar2": 293.576690674,
        "max": 141.549911499,
        "mean": 31.1544685364,
        "median": 28.8496932983,
        "min": 0.0367048680782,
        "var": 282.455657959
    },
    "dissonance": {
        "dmean": 0.0146080618724,
        "dmean2": 0.0245159380138,
        "dvar": 0.000348304747604,
        "dvar2": 0.000968448584899,
        "max": 0.5,
        "mean": 0.471462726593,
        "median": 0.479430615902,
        "min": 0.0975750535727,
        "var": 0.00100923003629
    },
    "dynamic_complexity": 3.28046655655,
    "erbbands_crest": {
        "dmean": 1.97505176067,
        "dmean2": 3.11249828339,
        "dvar": 4.47985124588,
        "dvar2": 10.2285881042,
        "max": 28.9980773926,
        "mean": 7.14901733398,
        "median": 5.9954996109,
        "min": 2.22333908081,
        "var": 14.420460701
    },
    "erbbands_flatness_db": {
        "dmean": 0.0134735303,
        "dmean2": 0.0192076060921,
        "dvar": 0.000192731953575,
        "dvar2": 0.000375443487428,
        "max": 0.560296773911,
        "mean": 0.115712702274,
        "median": 0.102732144296,
        "min": 0.044412817806,
        "var": 0.00351111218333
    },
    "erbbands_kurtosis": {
        "dmean": 0.493569374084,
        "dmean2": 0.762534737587,
        "dvar": 0.613076865673,
        "dvar2": 1.32150042057,
        "max": 40.1332435608,
        "mean": -0.311414718628,
        "median": -0.615699291229,
        "min": -1.85319685936,
        "var": 2.2550842762
    },
    "erbbands_skewness": {
        "dmean": 0.267428427935,
        "dmean2": 0.417965173721,
        "dvar": 0.0718753561378,
        "dvar2": 0.172835499048,
        "max": 5.22795820236,
        "mean": 0.150429874659,
        "median": 0.132315292954,
        "min": -2.95422720909,
        "var": 0.30186471343
    },
    "erbbands_spread": {
        "dmean": 9.73775100708,
        "dmean2": 14.1367378235,
        "dvar": 117.638954163,
        "dvar2": 234.050170898,
        "max": 164.80897522,
        "mean": 55.4964790344,
        "median": 52.7782516479,
        "min": 0.6399538517,
        "var": 511.564117432
    },
    "hfc": {
        "dmean": 18.9113483429,
        "dmean2": 28.5834293365,
        "dvar": 895.221191406,
        "dvar2": 2103.75952148,
        "max": 250.419494629,
        "mean": 47.217590332,
        "median": 37.3925209045,
        "min": 1.06668996482e-16,
        "var": 1684.11096191
    },
    "melbands_crest": {
        "dmean": 3.33537507057,
        "dmean2": 5.11405515671,
        "dvar": 11.2085819244,
        "dvar2": 26.0212593079,
        "max": 39.6592636108,
        "mean": 16.8006381989,
        "median": 15.6126012802,
        "min": 1.63227653503,
        "var": 57.4451065063
    },
    "melbands_flatness_db": {
        "dmean": 0.0302994847298,
        "dmean2": 0.0425834618509,
        "dvar": 0.00118350423872,
        "dvar2": 0.00235689477995,
        "max": 0.990556001663,
        "mean": 0.179392367601,
        "median": 0.166361942887,
        "min": 0.00366567703895,
        "var": 0.0105068003759
    },
    "melbands_kurtosis": {
        "dmean": 13.5684843063,
        "dmean2": 19.168548584,
        "dvar": 12940.9814453,
        "dvar2": 24971.3730469,
        "max": 9436.328125,
        "mean": 28.5587120056,
        "median": 12.3079824448,
        "min": -1.79447674751,
        "var": 15810.2832031
    },
    "melbands_skewness": {
        "dmean": 0.871693849564,
        "dmean2": 1.23752045631,
        "dvar": 2.03766703606,
        "dvar2": 3.6106262207,
        "max": 84.7568817139,
        "mean": 3.74190020561,
        "median": 3.13828516006,
        "min": -2.32683062553,
        "var": 8.23067951202
    },
    "melbands_spread": {
        "dmean": 9.51707458496,
        "dmean2": 15.0377502441,
        "dvar": 195.65171814,
        "dvar2": 474.256225586,
        "max": 212.780227661,
        "mean": 28.4175357819,
        "median": 21.7372341156,
        "min": 0.0443852990866,
        "var": 581.985229492
    },
    "pitch_salience": {
        "dmean": 0.0748974829912,
        "dmean2": 0.109951764345,
        "dvar": 0.00677164224908,
        "dvar2": 0.0137026719749,
        "max": 0.949693381786,
        "mean": 0.499622792006,
        "median": 0.539663553238,
        "min": 0.00474349781871,
        "var": 0.0346158184111
    },
    "silence_rate_20dB": {
        "dmean": 0,
        "dmean2": 0,
        "dvar": 0,
        "dvar2": 0,
        "max": 1,
        "mean": 1,
        "median": 1,
        "min": 1,
        "var": 0
    },
    "silence_rate_30dB": {
        "dmean": 0.0713012441993,
        "dmean2": 0.142618387938,
        "dvar": 0.066218495369,
        "dvar2": 0.129635006189,
        "max": 1,
        "mean": 0.795143127441,
        "median": 1,
        "min": 0,
        "var": 0.162898361683
    },
    "silence_rate_60dB": {
        "dmean": 0.0118092689663,
        "dmean2": 0.0236211698502,
        "dvar": 0.0116682043299,
        "dvar2": 0.0259662680328,
        "max": 1,
        "mean": 0.0748579725623,
        "median": 0,
        "min": 0,
        "var": 0.0692634135485
    },
    "spectral_centroid": {
        "dmean": 320.365692139,
        "dmean2": 494.085571289,
        "dvar": 149818.375,
        "dvar2": 351085.625,
        "max": 11660.2626953,
        "mean": 1750.86328125,
        "median": 1661.35314941,
        "min": 71.3686828613,
        "var": 626590.125
    },
    "spectral_complexity": {
        "dmean": 4.7183599472,
        "dmean2": 7.16011142731,
        "dvar": 25.9782543182,
        "dvar2": 54.9245491028,
        "max": 57,
        "mean": 25.4686412811,
        "median": 26,
        "min": 0,
        "var": 163.713729858
    },
    "spectral_decrease": {
        "dmean": 3.87263954238e-09,
        "dmean2": 5.06787012355e-09,
        "dvar": 2.76402434772e-17,
        "dvar2": 4.6806948021e-17,
        "max": 1.32143530348e-28,
        "mean": -1.51574290896e-08,
        "median": -1.09994759967e-08,
        "min": -6.48292015626e-08,
        "var": 2.12776529235e-16
    },
    "spectral_energy": {
        "dmean": 0.0148229459301,
        "dmean2": 0.0193567480892,
        "dvar": 0.000376132695237,
        "dvar2": 0.000643060484435,
        "max": 0.246952474117,
        "mean": 0.0614902861416,
        "median": 0.0476688072085,
        "min": 1.01021274077e-20,
        "var": 0.00315032224171
    },
    "spectral_energyband_high": {
        "dmean": 0.00211999868043,
        "dmean2": 0.00322849443182,
        "dvar": 1.14687181849e-05,
        "dvar2": 2.7410356779e-05,
        "max": 0.0269158538431,
        "mean": 0.00379729853012,
        "median": 0.00216817110777,
        "min": 6.96204236594e-21,
        "var": 1.81646628334e-05
    },
    "spectral_energyband_low": {
        "dmean": 0.0137667590752,
        "dmean2": 0.0173836015165,
        "dvar": 0.000460688985186,
        "dvar2": 0.000719797273632,
        "max": 0.238584294915,
        "mean": 0.0407859943807,
        "median": 0.0161397438496,
        "min": 1.77107556262e-23,
        "var": 0.00291225872934
    },
    "spectral_energyband_middle_high": {
        "dmean": 0.00154521293007,
        "dmean2": 0.00231512030587,
        "dvar": 3.87656700696e-06,
        "dvar2": 8.61329681356e-06,
        "max": 0.0483026392758,
        "mean": 0.00580865424126,
        "median": 0.00536727672443,
        "min": 1.27104722367e-21,
        "var": 1.64883967955e-05
    },
    "spectral_energyband_middle_low": {
        "dmean": 0.00566316395998,
        "dmean2": 0.0090166348964,
        "dvar": 0.000104952414404,
        "dvar2": 0.000263428257313,
        "max": 0.107868015766,
        "mean": 0.0130906933919,
        "median": 0.00957690365613,
        "min": 2.16260575233e-22,
        "var": 0.000168054917594
    },
    "spectral_entropy": {
        "dmean": 0.179890647531,
        "dmean2": 0.263648658991,
        "dvar": 0.0376297459006,
        "dvar2": 0.0814047083259,
        "max": 9.81193637848,
        "mean": 7.96428823471,
        "median": 8.03246688843,
        "min": 3.16747713089,
        "var": 0.305029153824
    },
    "spectral_flux": {
        "dmean": 0.0321538262069,
        "dmean2": 0.0467018224299,
        "dvar": 0.00129070144612,
        "dvar2": 0.00250879582018,
        "max": 0.391786873341,
        "mean": 0.109244793653,
        "median": 0.0954960882664,
        "min": 6.51570394861e-11,
        "var": 0.00541055202484
    },
    "spectral_kurtosis": {
        "dmean": 3.38462305069,
        "dmean2": 5.87517213821,
        "dvar": 1280.58410645,
        "dvar2": 4130.37744141,
        "max": 1501.50537109,
        "mean": 7.6480717659,
        "median": 1.97891330719,
        "min": -1.24941921234,
        "var": 2958.75952148
    },
    "spectral_rms": {
        "dmean": 0.000867293274496,
        "dmean2": 0.00114714540541,
        "dvar": 9.75348825705e-07,
        "dvar2": 1.68869019035e-06,
        "max": 0.0155218960717,
        "mean": 0.0068260319531,
        "median": 0.00681954203174,
        "min": 3.13938436879e-12,
        "var": 1.33958692459e-05
    },
    "spectral_rolloff": {
        "dmean": 1112.98413086,
        "dmean2": 1857.98852539,
        "dvar": 3171041.5,
        "dvar2": 7428698,
        "max": 19013.8183594,
        "mean": 2417.93457031,
        "median": 1248.92578125,
        "min": 21.533203125,
        "var": 8083669
    },
    "spectral_skewness": {
        "dmean": 0.189549520612,
        "dmean2": 0.302820891142,
        "dvar": 0.332232683897,
        "dvar2": 0.995642066002,
        "max": 30.220161438,
        "mean": 1.42767977715,
        "median": 1.2322165966,
        "min": -0.0628002434969,
        "var": 3.4513862133
    },
    "spectral_spread": {
        "dmean": 752644.625,
        "dmean2": 1047438.9375,
        "dvar": 750678179840,
        "dvar2": 1.34073443942e+12,
        "max": 42826180,
        "mean": 6600206,
        "median": 6458294,
        "min": 75124.140625,
        "var": 5.5608213504e+12
    },
    "spectral_strongpeak": {
        "dmean": 0.363789141178,
        "dmean2": 0.596939742565,
        "dvar": 0.27552652359,
        "dvar2": 0.661552846432,
        "max": 7.72667169571,
        "mean": 0.845147490501,
        "median": 0.657726287842,
        "min": 0,
        "var": 0.591070950031
    },
    "zerocrossingrate": {
        "dmean": 0.0197481922805,
        "dmean2": 0.022813860327,
        "dvar": 0.000478129135445,
        "dvar2": 0.000574997044168,
        "max": 0.84619140625,
        "mean": 0.0934174433351,
        "median": 0.07861328125,
        "min": 0,
        "var": 0.00591235421598
    },
    "barkbands": {
        "dmean": [0.000447633705335, 0.013324636966, 0.00506795663387, 0.00304321292788, 0.00229127053171, 0.00066985556623, 0.000733329623472, 0.00074718502583, 0.000837607309222, 0.000551385979634, 0.000558159023058, 0.000387382577173, 0.000385814637411, 0.000296550133498, 0.00023369275732, 0.000244668422965, 0.000200549868168, 0.000213064602576, 0.000205234013265, 0.000179394701263, 0.00031120175845, 0.000323891814332, 0.00051078927936, 0.000466643745312, 0.000358144374331, 0.000226254662266, 8.41675355332e-05],
        "dmean2": [0.00050631450722, 0.0162458047271, 0.00803145766258, 0.00519975041971, 0.00377680710517, 0.00113586441148, 0.00119792576879, 0.0011187994387, 0.00134314585011, 0.000848527881317, 0.000841452914756, 0.00061323994305, 0.000623778847512, 0.000483473035274, 0.000377392716473, 0.000401318829972, 0.00033289307612, 0.00033392070327, 0.000348295958247, 0.000295640522381, 0.000497259083204, 0.000532641250174, 0.000797606538981, 0.000755279092118, 0.000554472964723, 0.000338478537742, 0.000127510618768],
        "dvar": [9.32342288706e-07, 0.000545367714949, 0.000170785308001, 5.79058068979e-05, 3.08522030537e-05, 3.46275055563e-06, 2.0681541173e-06, 1.99726855499e-06, 3.53863606506e-06, 1.09051302388e-06, 9.98695554699e-07, 4.8041545142e-07, 4.61275021735e-07, 2.85511049469e-07, 1.44591723483e-07, 1.74784503315e-07, 7.19120762938e-08, 9.16850808608e-08, 1.25053219335e-07, 6.97846047615e-08, 2.48565100947e-07, 2.53802966199e-07, 6.42824375063e-07, 6.84186147737e-07, 3.67941396462e-07, 1.73712663809e-07, 3.20414059729e-08],
        "dvar2": [1.13088981379e-06, 0.000721516727936, 0.000396118266508, 0.000161851887242, 7.52351843403e-05, 9.2940945251e-06, 4.75479146189e-06, 3.71468217963e-06, 8.13752649265e-06, 2.46933109338e-06, 1.96768382921e-06, 1.11034148631e-06, 1.09294114736e-06, 6.91142133746e-07, 3.45505526411e-07, 4.57301752022e-07, 1.90675862655e-07, 2.1724463295e-07, 3.4145048744e-07, 1.79554106694e-07, 6.15959777406e-07, 6.43647808829e-07, 1.55247107614e-06, 1.79180506166e-06, 8.7249537728e-07, 3.96056435648e-07, 6.97386042248e-08],
        "max": [0.0203424934298, 0.232690960169, 0.107255466282, 0.0710746645927, 0.0840799286962, 0.0272844061255, 0.0313297100365, 0.0365764014423, 0.0489596612751, 0.0221929885447, 0.0321592651308, 0.0116570498794, 0.0160205774009, 0.0160956308246, 0.00777384638786, 0.00838063657284, 0.005398101639, 0.00629549333826, 0.00491105904803, 0.00697020860389, 0.00510968547314, 0.00836873799562, 0.00803191401064, 0.00789307430387, 0.00654445402324, 0.00439626397565, 0.00162218965124],
        "mean": [0.000975838163868, 0.0326615534723, 0.00546005368233, 0.00356415775605, 0.00343492813408, 0.000993318855762, 0.0013138980139, 0.00159377849195, 0.00157199427485, 0.00100593199022, 0.00104442262091, 0.000671619083732, 0.000641979859211, 0.00049503223272, 0.000433967623394, 0.000450386898592, 0.000388023181586, 0.000449181767181, 0.00038775743451, 0.000402102974476, 0.000560465967283, 0.000562791479751, 0.000809028919321, 0.000674029346555, 0.000531528086867, 0.0003214776807, 9.11709357752e-05],
        "median": [3.5111377656e-05, 0.00714079476893, 0.000860123429447, 0.000666860491037, 0.00166676088702, 0.000479856156744, 0.000568911666051, 0.000602213141974, 0.000669795437716, 0.000497404660564, 0.000428002793342, 0.000286870315904, 0.000326004927047, 0.00025465132785, 0.000265494687483, 0.000288410927169, 0.000283782108454, 0.000325475120917, 0.000278816791251, 0.000310900359182, 0.000354621151928, 0.000366248510545, 0.000367518427083, 0.000309078517603, 0.000208794765058, 0.000122374680359, 9.56996791501e-06],
        "min": [6.43321097196e-25, 1.35966290687e-24, 2.18986308175e-24, 3.57822731215e-24, 5.9014948588e-24, 1.78183736086e-23, 2.07616641331e-23, 1.42545840287e-23, 1.89849458484e-23, 2.35005955069e-23, 2.91302634917e-23, 3.03159687639e-23, 2.75715690062e-23, 4.70830747757e-23, 6.97494656525e-23, 6.68755948877e-23, 9.26498263629e-23, 1.48321021554e-22, 1.30218026931e-22, 2.49278203271e-22, 3.12098415706e-22, 3.3404033566e-22, 4.18960745102e-22, 5.48897849198e-22, 8.53108766568e-22, 1.36992024749e-21, 1.97209793894e-21],
        "var": [5.53955669602e-06, 0.00261990493163, 0.000171384235728, 5.10722748004e-05, 3.50816080754e-05, 3.09300639856e-06, 4.94475079904e-06, 8.35527043819e-06, 8.35831178847e-06, 2.41196653405e-06, 2.99625639855e-06, 1.24519374367e-06, 9.27055850752e-07, 5.60895728086e-07, 3.22226952676e-07, 2.95231842529e-07, 1.46747183294e-07, 2.0611042828e-07, 1.72231864326e-07, 1.72824130118e-07, 3.96074113951e-07, 3.79968355446e-07, 9.8006432836e-07, 7.95301957623e-07, 5.30609895577e-07, 2.38266665065e-07, 3.82206870597e-08]
    },
    "erbbands": {
        "dmean": [0.417558014393, 3.1180024147, 5.51961231232, 8.01055240631, 9.48462104797, 7.69389629364, 5.07712030411, 6.00560283661, 7.94612264633, 16.4018955231, 12.0558252335, 20.9028091431, 18.7785167694, 16.364692688, 20.4748973846, 16.4120235443, 17.5943622589, 16.255651474, 9.47400856018, 11.6876459122, 11.5757064819, 10.1788816452, 11.3794260025, 11.7070426941, 9.12410640717, 8.59014892578, 10.7464466095, 13.4864530563, 11.2423973083, 14.1021347046, 14.4198360443, 9.80466079712, 7.915807724, 4.54235744476, 2.33913254738, 1.0913438797, 0.406392067671, 0.126533478498, 0.0137378340587, 0.000198789333808],
        "dmean2": [0.475429952145, 3.79736852646, 7.82737922668, 13.1249980927, 15.2160482407, 12.9837856293, 8.61294460297, 10.2307224274, 13.2727403641, 24.9790592194, 19.0586929321, 33.2050590515, 28.8624210358, 24.999080658, 30.5519542694, 25.915845871, 28.3216114044, 26.3285083771, 15.2063980103, 18.5996952057, 19.5084590912, 16.8621711731, 18.073797226, 18.9718093872, 15.6050853729, 14.1898832321, 17.6381549835, 21.2719249725, 18.3432235718, 22.7367172241, 22.5808792114, 15.7325925827, 12.8611850739, 7.19145441055, 3.58468675613, 1.67975401878, 0.604300558567, 0.189963251352, 0.0208381880075, 0.000297333084745],
        "dvar": [0.537682592869, 31.8506813049, 153.265548706, 394.935028076, 560.607421875, 322.503143311, 205.831558228, 262.184570312, 235.178619385, 927.485534668, 424.711669922, 2585.16040039, 1395.91772461, 1173.96618652, 1596.50830078, 927.376037598, 870.298217773, 750.478088379, 248.00982666, 281.12322998, 432.719970703, 191.872131348, 291.089447021, 297.893829346, 282.750427246, 165.451644897, 269.395477295, 472.398681641, 311.780792236, 474.731658936, 522.292419434, 258.664337158, 220.390548706, 62.1395606995, 15.7736902237, 3.82630896568, 0.570346057415, 0.065074801445, 0.000917872006539, 1.73498378331e-07],
        "dvar2": [0.689814984798, 41.2984428406, 336.065246582, 1018.37506104, 1338.61621094, 873.906311035, 559.61138916, 711.121032715, 616.448547363, 1845.82775879, 1011.6605835, 5757.73095703, 3273.24438477, 2445.11181641, 2884.70117188, 2155.00927734, 2081.2409668, 1840.34069824, 640.700805664, 677.951904297, 1199.02734375, 501.253082275, 707.546691895, 711.821533203, 783.070373535, 431.922088623, 696.833312988, 1106.625, 800.527404785, 1196.76464844, 1245.75524902, 648.202941895, 591.963928223, 153.792251587, 36.3209991455, 9.12647247314, 1.27168440819, 0.141000285745, 0.00205749156885, 3.86535674579e-07],
        "max": [10.6515197754, 52.4951972961, 109.31426239, 161.398696899, 372.764648438, 256.987976074, 317.489501953, 232.920150757, 273.483581543, 744.374755859, 328.225921631, 1490.20507812, 977.865783691, 1419.76367188, 1599.31958008, 490.885681152, 671.653137207, 859.964355469, 485.793487549, 318.95199585, 301.236602783, 291.904754639, 428.962554932, 370.554107666, 230.239776611, 297.431213379, 229.760620117, 230.001296997, 317.097412109, 236.101699829, 227.32774353, 138.553833008, 143.032608032, 82.2376403809, 40.5810852051, 18.6803646088, 7.18238830566, 2.71601819992, 0.319723010063, 0.00440358370543],
        "mean": [0.980621933937, 6.9944767952, 8.09801292419, 9.33526229858, 12.5320806503, 11.3364810944, 7.52362728119, 9.33704471588, 13.736415863, 37.5382156372, 24.1613292694, 40.102104187, 37.2907295227, 30.0152568817, 38.0477485657, 30.7585391998, 31.4190883636, 29.8323669434, 19.4349155426, 25.3145236969, 22.7033538818, 20.8940410614, 24.4271297455, 24.1060600281, 16.9794845581, 18.7276821136, 21.2999515533, 22.4907855988, 19.6371326447, 22.6883220673, 22.7940349579, 14.661198616, 11.0406694412, 6.57962036133, 3.49869918823, 1.54222559929, 0.562764644623, 0.157352313399, 0.014712177217, 0.000296680082101],
        "median": [0.10920304805, 1.68127417564, 2.09792661667, 2.25997495651, 3.49820899963, 5.65642023087, 3.93398332596, 4.44107818604, 7.34981918335, 17.0458583832, 11.8220281601, 17.4896411896, 19.2893733978, 13.5478982925, 16.4694900513, 14.6992769241, 17.7897701263, 17.7644386292, 14.7516326904, 17.963300705, 16.5498161316, 15.4937000275, 17.5825099945, 17.5783443451, 12.5868730545, 14.1346311569, 15.3369693756, 13.1949338913, 12.395070076, 12.4045639038, 10.2821798325, 7.04188489914, 4.74147319794, 2.66239905357, 1.33729398251, 0.582269430161, 0.208164170384, 0.0416616760194, 0.0014567830367, 0.000139651601785],
        "min": [9.49670958057e-23, 4.04039005628e-22, 3.35196505349e-21, 1.18649114932e-20, 1.78081936931e-20, 3.0021712539e-20, 3.9125090443e-20, 1.9933282079e-19, 1.6075099737e-19, 3.64032675008e-19, 2.90146395303e-19, 5.26392150929e-19, 5.19883273484e-19, 9.14906528634e-19, 1.25240676511e-18, 1.38005314133e-18, 1.5610854441e-18, 2.65086446828e-18, 2.89458806589e-18, 3.95141738434e-18, 4.99933031617e-18, 5.01838028568e-18, 7.06341519178e-18, 6.24797971674e-18, 8.00378719935e-18, 1.07547425897e-17, 1.04708939081e-17, 1.27821928768e-17, 1.34864130912e-17, 1.03655673464e-17, 1.1403403564e-17, 1.16803783747e-17, 9.15668175863e-18, 8.53857766334e-18, 6.02852456433e-18, 4.56917819967e-18, 2.37555456539e-18, 9.03918674967e-19, 2.39224277915e-19, 2.87152680032e-20],
        "var": [3.07091236115, 127.947570801, 224.262893677, 359.954284668, 654.699035645, 327.622283936, 181.859710693, 250.173919678, 382.089324951, 3518.60791016, 1188.17700195, 6217.60644531, 3299.96240234, 2609.38085938, 4440.90429688, 2506.89038086, 1791.36828613, 1553.36889648, 459.610900879, 695.337280273, 591.621826172, 391.317443848, 640.200805664, 633.169006348, 326.350128174, 370.423217773, 502.781707764, 719.720092773, 470.324554443, 698.361694336, 799.712585449, 340.249969482, 237.835800171, 81.4805297852, 23.8354301453, 5.08061361313, 0.784758388996, 0.0827756002545, 0.00105554924812, 2.20192376332e-07]
    },
    "gfcc": {
        "mean": [42.0366744995, 43.7550697327, -99.0429382324, 28.8775215149, -59.9513282776, 23.7256660461, -32.8792266846, 14.5837049484, -21.0087909698, 6.06587696075, -19.4887771606, 2.45870947838, -15.3854837418],
        "cov": [[17729.2070312, -447.06729126, 229.423049927, 957.711364746, -195.771606445, 759.754821777, -66.9839019775, 411.856750488, -168.44078064, 201.674987793, -231.380249023, 219.156555176, -377.455963135], [-447.06729126, 2252.39086914, 429.535949707, 178.286727905, 383.49810791, -12.6316843033, 198.422912598, 40.429889679, 179.577346802, -25.2135982513, 166.838088989, -82.6951904297, 106.91734314], [229.423049927, 429.535949707, 1256.60498047, 300.757232666, 387.925476074, 163.458724976, 197.253433228, 27.0499744415, 101.602630615, 6.60299873352, 1.57568800449, -6.003074646, -16.1075553894], [957.711364746, 178.286727905, 300.757232666, 497.135314941, 209.040023804, 192.612060547, 62.7023735046, 102.480651855, 38.3625679016, 50.0342597961, 1.61287212372, 16.9153652191, -10.2963237762], [-195.771606445, 383.49810791, 387.925476074, 209.040023804, 433.766845703, 128.914703369, 203.047775269, 82.8619155884, 117.720947266, 37.3326301575, 38.4728279114, 3.34569478035, 21.6947555542], [759.754821777, -12.6316843033, 163.458724976, 192.612060547, 128.914703369, 309.218261719, 148.498016357, 118.840492249, 49.2114982605, 43.588470459, 44.5461730957, 41.6817893982, 3.827491045], [-66.9839019775, 198.422912598, 197.253433228, 62.7023735046, 203.047775269, 148.498016357, 261.419799805, 122.772087097, 104.046234131, 26.4793548584, 69.5804138184, 31.5460319519, 27.0205993652], [411.856750488, 40.429889679, 27.0499744415, 102.480651855, 82.8619155884, 118.840492249, 122.772087097, 168.025482178, 99.190071106, 54.476184845, 38.4711265564, 37.1300964355, 13.0972776413], [-168.44078064, 179.577346802, 101.602630615, 38.3625679016, 117.720947266, 49.2114982605, 104.046234131, 99.190071106, 169.229980469, 82.2831420898, 83.2886810303, 17.9169025421, 30.3714427948], [201.674987793, -25.2135982513, 6.60299873352, 50.0342597961, 37.3326301575, 43.588470459, 26.4793548584, 54.476184845, 82.2831420898, 126.354804993, 82.0944824219, 37.2956809998, 2.05675840378], [-231.380249023, 166.838088989, 1.57568800449, 1.61287212372, 38.4728279114, 44.5461730957, 69.5804138184, 38.4711265564, 83.2886810303, 82.0944824219, 164.559204102, 59.0998497009, 38.164352417], [219.156555176, -82.6951904297, -6.003074646, 16.9153652191, 3.34569478035, 41.6817893982, 31.5460319519, 37.1300964355, 17.9169025421, 37.2956809998, 59.0998497009, 89.1478500366, 39.6214065552], [-377.455963135, 106.91734314, -16.1075553894, -10.2963237762, 21.6947555542, 3.827491045, 27.0205993652, 13.0972776413, 30.3714427948, 2.05675840378, 38.164352417, 39.6214065552, 99.7316207886]],
        "icov": [[0.000100984638266, -9.91870911093e-05, 3.54254871127e-06, -7.79248657636e-05, 0.00016672561469, -0.000228377743042, 6.92325120326e-05, -0.00010284750897, 5.38697058801e-05, -0.000248174794251, 0.000473532767501, -0.000657005992252, 0.000516826286912], [-9.91870911093e-05, 0.000939180492423, -0.000144365651067, -0.000248783500865, -0.000611769151874, 0.000725909485482, -1.58850725711e-05, -0.000334860029398, -6.22331281193e-05, 0.00130322971381, -0.00227229460143, 0.00259864726104, -0.00144852104131], [3.54254871127e-06, -0.000144365651067, 0.00139880587813, -0.000662053993437, -0.00043471288518, -0.000322449865052, -0.000875295256265, 0.00202829414047, -0.00152054731734, 0.000371759408154, 0.0010428482201, -0.00125864788424, 0.000959819706623], [-7.79248657636e-05, -0.000248783500865, -0.000662053993437, 0.00444625690579, -0.00210009445436, -0.00180115539115, 0.00299764308147, -0.00325496634468, 0.00226844521239, -0.00122781377286, -7.03049372532e-05, 0.000570664706174, -0.00040015304694], [0.00016672561469, -0.000611769151874, -0.00043471288518, -0.00210009445436, 0.0064377556555, -0.00016243182472, -0.00446928665042, 0.00290143955499, -0.00254195742309, -0.00161973596551, 0.00314032146707, -0.00159387465101, 0.000674514856655], [-0.000228377743042, 0.000725909485482, -0.000322449865052, -0.00180115539115, -0.00016243182472, 0.00735863065347, -0.00314463325776, -0.00239424360916, 0.00222122017294, 0.000160031355335, -0.00275361607783, 0.00219016219489, -0.0014573649969], [6.92325120326e-05, -1.58850725711e-05, -0.000875295256265, 0.00299764308147, -0.00446928665042, -0.00314463325776, 0.0131681067869, -0.00769411399961, 0.000325816654367, 0.0041277622804, -0.00414376985282, 0.000187326877494, 0.00030974324909], [-0.00010284750897, -0.000334860029398, 0.00202829414047, -0.00325496634468, 0.00290143955499, -0.00239424360916, -0.00769411399961, 0.02085175924, -0.0117113078013, -0.000913922325708, 0.0069533274509, -0.00727705052122, 0.0025837502908], [5.38697058801e-05, -6.22331281193e-05, -0.00152054731734, 0.00226844521239, -0.00254195742309, 0.00222122017294, 0.000325816654367, -0.0117113078013, 0.02114411816, -0.00854685436934, -0.0055098598823, 0.00844533089548, -0.00533285923302], [-0.000248174794251, 0.00130322971381, 0.000371759408154, -0.00122781377286, -0.00161973596551, 0.000160031355335, 0.0041277622804, -0.000913922325708, -0.00854685436934, 0.0208782162517, -0.00920077599585, -0.00134395610075, 0.00317176966928], [0.000473532767501, -0.00227229460143, 0.0010428482201, -7.03049372532e-05, 0.00314032146707, -0.00275361607783, -0.00414376985282, 0.0069533274509, -0.0055098598823, -0.00920077599585, 0.0206904243678, -0.0137314675376, 0.00342677021399], [-0.000657005992252, 0.00259864726104, -0.00125864788424, 0.000570664706174, -0.00159387465101, 0.00219016219489, 0.000187326877494, -0.00727705052122, 0.00844533089548, -0.00134395610075, -0.0137314675376, 0.0312137752771, -0.0139394039288], [0.000516826286912, -0.00144852104131, 0.000959819706623, -0.00040015304694, 0.000674514856655, -0.0014573649969, 0.00030974324909, 0.0025837502908, -0.00533285923302, 0.00317176966928, 0.00342677021399, -0.0139394039288, 0.0189206581563]]
    },
    "melbands": {
        "dmean": [0.00376172713004, 0.00279060285538, 0.00140939140692, 0.000583861081395, 0.000212156810449, 0.000132657020004, 0.000134324218379, 0.000183832729817, 0.000103305115772, 0.000135792011861, 9.36535507208e-05, 6.51539303362e-05, 6.58937497064e-05, 4.67528116133e-05, 4.09726380894e-05, 4.37442395196e-05, 3.30205002683e-05, 1.48632771015e-05, 2.03798590519e-05, 1.90209138964e-05, 1.37233255373e-05, 1.16187165986e-05, 1.16060955406e-05, 1.05591088868e-05, 1.04389728222e-05, 7.96573203843e-06, 6.14592727288e-06, 6.36552204014e-06, 6.6915026764e-06, 7.99954614195e-06, 8.27898111311e-06, 6.52246308164e-06, 7.58129590395e-06, 8.80750030774e-06, 9.63200636761e-06, 6.66867708787e-06, 6.32514866084e-06, 6.06058529229e-06, 4.5516389946e-06, 3.75428362531e-06],
        "dmean2": [0.00431631598622, 0.00358668039553, 0.00222214264795, 0.000962047080975, 0.000361546844942, 0.000225557843805, 0.000221244801651, 0.000276221369859, 0.000165272271261, 0.000214132029214, 0.000144667661516, 0.000100370685686, 0.000100220036984, 7.24269557395e-05, 6.5808169893e-05, 6.92291141604e-05, 5.36720617674e-05, 2.41194229602e-05, 3.26651461364e-05, 3.03347005683e-05, 2.33445553022e-05, 1.93586693058e-05, 1.90434511751e-05, 1.65926539921e-05, 1.70625880855e-05, 1.37815486596e-05, 1.03607044366e-05, 1.05315575638e-05, 1.09591910586e-05, 1.31522147058e-05, 1.31338620122e-05, 1.08896038e-05, 1.24297621369e-05, 1.44101231854e-05, 1.50080677486e-05, 1.10131331894e-05, 1.02265066744e-05, 1.00224069683e-05, 7.35152298148e-06, 5.93410140937e-06],
        "dvar": [4.12464760302e-05, 2.57001247519e-05, 9.79170636128e-06, 2.05853007174e-06, 2.82581055444e-07, 1.27929638438e-07, 6.67789024078e-08, 1.19568440482e-07, 3.61555976269e-08, 1.10176365808e-07, 3.49649660336e-08, 1.90971540803e-08, 1.40853799735e-08, 6.28636342981e-09, 6.01245542242e-09, 7.6760473533e-09, 3.77698494702e-09, 8.07931666014e-10, 1.35651545552e-09, 9.79714198657e-10, 6.28155805149e-10, 2.69812922005e-10, 2.62208588175e-10, 2.30432450898e-10, 2.41088732311e-10, 1.98464411572e-10, 1.08964580414e-10, 9.00495095157e-11, 9.84131665049e-11, 1.71457986697e-10, 1.76195100177e-10, 1.04366813802e-10, 1.57037258197e-10, 1.8571114091e-10, 2.3830715179e-10, 1.12414133557e-10, 1.10731576686e-10, 1.36222047531e-10, 6.50717812967e-11, 4.19367422733e-11],
        "dvar2": [5.18751730851e-05, 4.4246098696e-05, 2.42168589466e-05, 5.05024945596e-06, 7.72739326749e-07, 3.47404977674e-07, 1.64474940334e-07, 2.27460702718e-07, 8.8086245853e-08, 2.3819625028e-07, 8.24402590638e-08, 4.02685991219e-08, 2.79465837139e-08, 1.39171731917e-08, 1.34568169941e-08, 1.74475633941e-08, 9.11464415054e-09, 2.10042316873e-09, 3.0958142716e-09, 2.41517117416e-09, 1.76808445662e-09, 7.17935710881e-10, 6.83196887952e-10, 5.29476906763e-10, 5.81703074598e-10, 5.58893487046e-10, 2.83614715046e-10, 2.31961130859e-10, 2.44007758443e-10, 4.44053932513e-10, 4.12690576157e-10, 2.7538848979e-10, 3.91200460914e-10, 4.68501570872e-10, 5.54635504191e-10, 2.86468154753e-10, 2.78188500014e-10, 3.70384389825e-10, 1.68516117727e-10, 1.02549913006e-10],
        "max": [0.0729389116168, 0.0458356440067, 0.0267485305667, 0.0210800711066, 0.01022568997, 0.00520071201026, 0.00535186380148, 0.00906031765044, 0.00354935182258, 0.00937723182142, 0.00484782410786, 0.00531406188384, 0.00426728371531, 0.00192733749282, 0.00183171464596, 0.00222281785682, 0.00196062284522, 0.00101672625169, 0.000844118418172, 0.000798117427621, 0.000374080060283, 0.00037851423258, 0.000339329941198, 0.00022569806606, 0.000350707094185, 0.000197484783712, 0.000255486404058, 0.000241924455622, 0.000137618364533, 0.000144100937177, 0.000134658825118, 0.000155588044436, 0.000194050182472, 0.000140278163599, 0.00016402779147, 9.67172236415e-05, 9.55150972004e-05, 0.000110927205242, 7.25283389329e-05, 7.3908639024e-05],
        "mean": [0.00907058827579, 0.00620005698875, 0.00179060327355, 0.000840763910674, 0.000328601716319, 0.000201642076718, 0.000236333944486, 0.000421425473178, 0.000186654215213, 0.000259577500401, 0.000176705652848, 0.000111010005639, 0.000120913173305, 8.65889378474e-05, 6.9227127824e-05, 7.15147325536e-05, 5.4538504628e-05, 2.74776775768e-05, 3.73833972844e-05, 3.56946293323e-05, 2.42036257987e-05, 2.14479296119e-05, 2.20531183004e-05, 2.12209542951e-05, 1.96866185433e-05, 1.27193943626e-05, 1.11899025796e-05, 1.2867823898e-05, 1.29615627884e-05, 1.35177679113e-05, 1.27620533021e-05, 1.07844589365e-05, 1.15421880764e-05, 1.33563362397e-05, 1.43908946484e-05, 9.89700220089e-06, 8.88226622919e-06, 8.19349679659e-06, 6.23298046776e-06, 5.32424155608e-06],
        "median": [0.00172893411946, 0.00193342706189, 0.000442887336249, 0.000372472481104, 0.000174570654053, 9.5769399195e-05, 0.000113038324344, 0.000185439494089, 8.21874928079e-05, 0.000110344786663, 8.70725052664e-05, 4.40623734903e-05, 5.1908155001e-05, 4.13808047597e-05, 3.12018346449e-05, 3.03499218717e-05, 2.63617857854e-05, 1.9610799427e-05, 2.09714489756e-05, 2.23705646931e-05, 1.71954907273e-05, 1.51240328705e-05, 1.51636713781e-05, 1.48804483615e-05, 1.3755216969e-05, 8.45936028782e-06, 8.04773389973e-06, 9.15438613447e-06, 9.23989045987e-06, 8.18052922114e-06, 6.98486701367e-06, 6.84682663632e-06, 6.30916565569e-06, 6.69555765853e-06, 6.02179898124e-06, 4.90509455631e-06, 4.06597882829e-06, 3.51449762093e-06, 2.73076443591e-06, 2.03049307856e-06],
        "min": [1.6784368655e-24, 1.81066730816e-24, 2.66492123255e-24, 1.32327275331e-24, 1.48038179816e-24, 4.58455508084e-24, 2.82548243132e-24, 4.42381836051e-24, 2.50680569979e-24, 3.24799396558e-24, 2.25783784545e-24, 3.53257908701e-24, 4.41863317778e-24, 3.37201709937e-24, 2.70816796788e-24, 4.13006509764e-24, 4.53856449006e-24, 4.93783026559e-24, 5.11300392934e-24, 4.42833616691e-24, 5.31951588142e-24, 4.55453182364e-24, 4.81068205932e-24, 5.20144391429e-24, 3.90093177024e-24, 4.60620852382e-24, 6.28651104537e-24, 6.03061640063e-24, 5.17968989153e-24, 5.94946036285e-24, 6.56050176484e-24, 6.11994188194e-24, 6.03515550627e-24, 6.34971655324e-24, 5.51832855105e-24, 5.30262794716e-24, 6.77817294328e-24, 6.6317658813e-24, 6.12438592985e-24, 6.51207280501e-24],
        "var": [0.000221429552766, 8.47006813274e-05, 1.049410821e-05, 2.27163718591e-06, 2.72893714737e-07, 1.17814195733e-07, 1.36406086426e-07, 4.87408613026e-07, 8.70789875762e-08, 2.7487513421e-07, 7.95053765046e-08, 3.94133081727e-08, 3.88120362516e-08, 1.57994950456e-08, 1.41997613667e-08, 1.58903432634e-08, 7.49029727132e-09, 1.21853294122e-09, 3.06608272105e-09, 2.00598337941e-09, 7.63687835192e-10, 4.90807283704e-10, 5.15330889073e-10, 4.90453122559e-10, 4.89126295022e-10, 2.15357315314e-10, 1.64864136232e-10, 2.02279692996e-10, 1.96532443097e-10, 2.52244169996e-10, 2.55509696734e-10, 1.49346313094e-10, 2.12678458178e-10, 2.60445637279e-10, 3.54061169272e-10, 1.53487528243e-10, 1.36900560332e-10, 1.39508612995e-10, 7.51217282824e-11, 5.6474967064e-11]
    },
    "mfcc": {
        "mean": [-601.812133789, 80.416519165, 15.1284198761, 13.1452121735, 2.73280310631, 8.07979202271, 1.22019612789, 8.11884403229, 4.04275035858, 4.85639619827, 2.06428813934, 2.70160841942, -1.6634914875],
        "cov": [[8547.78027344, -205.741790771, 523.788330078, 337.27557373, 303.681335449, 422.732666016, 349.748779297, 395.255523682, 151.204803467, 145.712234497, 175.095428467, 189.37953186, 177.060882568], [-205.741790771, 1354.98278809, 263.758575439, 267.0987854, 210.679168701, 97.0603637695, 108.778205872, 98.1543121338, 82.8193969727, 85.5568389893, 81.7541427612, 53.5178718567, 60.5199127197], [523.788330078, 263.758575439, 796.729980469, 251.82472229, 220.546142578, 189.911270142, 109.721832275, 101.644691467, 63.3509979248, 61.4938011169, 53.0640182495, 27.9511470795, 37.7128181458], [337.27557373, 267.0987854, 251.82472229, 408.632232666, 233.234924316, 129.149154663, 84.4244918823, 64.6585845947, 74.1001663208, 68.4953384399, 40.3284454346, 19.5821933746, 29.7563877106], [303.681335449, 210.679168701, 220.546142578, 233.234924316, 267.263885498, 156.64100647, 91.7967834473, 77.7058868408, 84.2408981323, 74.9940185547, 43.697883606, 30.3645591736, 49.7906036377], [422.732666016, 97.0603637695, 189.911270142, 129.149154663, 156.64100647, 198.32762146, 137.229278564, 98.5599899292, 67.5355300903, 60.0220718384, 40.5073547363, 32.1441726685, 50.9286880493], [349.748779297, 108.778205872, 109.721832275, 84.4244918823, 91.7967834473, 137.229278564, 182.412124634, 135.964996338, 70.8152236938, 48.5929718018, 47.3004150391, 39.1957244873, 45.9422683716], [395.255523682, 98.1543121338, 101.644691467, 64.6585845947, 77.7058868408, 98.5599899292, 135.964996338, 185.909683228, 106.474372864, 56.3772239685, 53.5321846008, 41.5872383118, 37.1065368652], [151.204803467, 82.8193969727, 63.3509979248, 74.1001663208, 84.2408981323, 67.5355300903, 70.8152236938, 106.474372864, 135.633010864, 80.0224609375, 38.5850143433, 22.2704582214, 25.0668258667], [145.712234497, 85.5568389893, 61.4938011169, 68.4953384399, 74.9940185547, 60.0220718384, 48.5929718018, 56.3772239685, 80.0224609375, 111.744827271, 73.0368347168, 43.2310333252, 37.2110900879], [175.095428467, 81.7541427612, 53.0640182495, 40.3284454346, 43.697883606, 40.5073547363, 47.3004150391, 53.5321846008, 38.5850143433, 73.0368347168, 126.781974792, 89.3420333862, 45.3392677307], [189.37953186, 53.5178718567, 27.9511470795, 19.5821933746, 30.3645591736, 32.1441726685, 39.1957244873, 41.5872383118, 22.2704582214, 43.2310333252, 89.3420333862, 120.870544434, 75.6724319458], [177.060882568, 60.5199127197, 37.7128181458, 29.7563877106, 49.7906036377, 50.9286880493, 45.9422683716, 37.1065368652, 25.0668258667, 37.2110900879, 45.3392677307, 75.6724319458, 120.022033691]],
