{
"lowlevel": {
    "average_loudness": 0.574697256088,
    "barkbands_crest": {
        "dmean": 3.31858921051,
        "dmean2": 5.21048736572,
        "dvar": 10.1308336258,
        "dvar2": 24.2937812805,
        "max": 26.6977539062,
        "mean": 12.8898744583,
        "median": 12.1026992798,
        "min": 2.0899002552,
        "var": 34.8798332214
    },
    "barkbands_flatness_db": {
        "dmean": 0.0406411997974,
        "dmean2": 0.0625784024596,
        "dvar": 0.00229651527479,
        "dvar2": 0.00510663725436,
        "max": 0.761610269547,
        "mean": 0.16871497035,
        "median": 0.145354107022,
        "min": 0.0109522640705,
        "var": 0.0100526623428
    },
    "barkbands_kurtosis": {
        "dmean": 11.4152755737,
        "dmean2": 18.6509094238,
        "dvar": 1005.39538574,
        "dvar2": 2678.12329102,
        "max": 727.092529297,
        "mean": 14.2480220795,
        "median": 2.55715656281,
        "min": -1.93185985088,
        "var": 1387.99609375
    },
    "barkbands_skewness": {
        "dmean": 1.05982661247,
        "dmean2": 1.63434886932,
        "dvar": 1.9498976469,
        "dvar2": 4.59273958206,
        "max": 25.1091957092,
        "mean": 2.22695589066,
        "median": 1.70561540127,
        "min": -4.45289802551,
        "var": 5.66091299057
    },
    "barkbands_spread": {
        "dmean": 10.8320035934,
        "dmean2": 17.3788871765,
        "dvar": 178.291625977,
        "dvar2": 429.697937012,
        "max": 123.470779419,
        "mean": 27.6020088196,
        "median": 22.8147945404,
        "min": 0.0545685999095,
        "var": 473.905059814
    },
    "dissonance": {
        "dmean": 0.0192136075348,
        "dmean2": 0.0322396717966,
        "dvar": 0.000483945943415,
        "dvar2": 0.00128171441611,
        "max": 0.500000238419,
        "mean": 0.466321974993,
        "median": 0.476017832756,
        "min": 0.12293419987,
        "var": 0.00113457452971
    },
    "dynamic_complexity": 4.19949293137,
    "erbbands_crest": {
        "dmean": 3.27100610733,
        "dmean2": 5.34431838989,
        "dvar": 10.8002157211,
        "dvar2": 26.9320144653,
        "max": 32.8848114014,
        "mean": 9.39266777039,
        "median": 8.08705043793,
        "min": 2.12719297409,
        "var": 25.9899940491
    },
    "erbbands_flatness_db": {
        "dmean": 0.0252207554877,
        "dmean2": 0.0387700162828,
        "dvar": 0.000795380910859,
        "dvar2": 0.00175235094503,
        "max": 0.473170757294,
        "mean": 0.154468744993,
        "median": 0.138739362359,
        "min": 0.0291652996093,
        "var": 0.00424115872011
    },
    "erbbands_kurtosis": {
        "dmean": 1.68117666245,
        "dmean2": 2.73651623726,
        "dvar": 24.2309017181,
        "dvar2": 60.9034423828,
        "max": 176.32623291,
        "mean": 1.10704505444,
        "median": -0.0246503353119,
        "min": -1.93221509457,
        "var": 30.4873008728
    },
    "erbbands_skewness": {
        "dmean": 0.52087366581,
        "dmean2": 0.816952168941,
        "dvar": 0.364442765713,
        "dvar2": 0.868488848209,
        "max": 11.6229867935,
        "mean": 0.228296920657,
        "median": 0.155318751931,
        "min": -6.09237003326,
        "var": 1.12585306168
    },
    "erbbands_spread": {
        "dmean": 14.1272211075,
        "dmean2": 21.904542923,
        "dvar": 257.52255249,
        "dvar2": 574.66003418,
        "max": 199.719787598,
        "mean": 47.6425666809,
        "median": 42.825302124,
        "min": 0.62739187479,
        "var": 761.50402832
    },
    "hfc": {
        "dmean": 15.3993968964,
        "dmean2": 24.7522106171,
        "dvar": 568.218566895,
        "dvar2": 1406.92834473,
        "max": 258.670898438,
        "mean": 31.5190067291,
        "median": 19.4883975983,
        "min": 1.0867011182e-16,
        "var": 1125.97192383
    },
    "melbands_crest": {
        "dmean": 4.22204589844,
        "dmean2": 6.74674892426,
        "dvar": 17.742193222,
        "dvar2": 41.6854057312,
        "max": 39.2917480469,
        "mean": 19.282453537,
        "median": 18.5069713593,
        "min": 1.83066785336,
        "var": 67.2586669922
    },
    "melbands_flatness_db": {
        "dmean": 0.0491711571813,
        "dmean2": 0.0755989849567,
        "dvar": 0.0034304112196,
        "dvar2": 0.00746137229726,
        "max": 0.926314115524,
        "mean": 0.238845214248,
        "median": 0.216097012162,
        "min": 0.00462064798921,
        "var": 0.0154377138242
    },
    "melbands_kurtosis": {
        "dmean": 26.2748184204,
        "dmean2": 42.2187423706,
        "dvar": 3554.21142578,
        "dvar2": 8660.43066406,
        "max": 1369.34753418,
        "mean": 39.7568893433,
        "median": 13.5216503143,
        "min": -1.94553899765,
        "var": 6069.04248047
    },
    "melbands_skewness": {
        "dmean": 1.45805740356,
        "dmean2": 2.24819278717,
        "dvar": 3.56458687782,
        "dvar2": 8.16532897949,
        "max": 27.7956314087,
        "mean": 4.04479598999,
        "median": 3.24004673958,
        "min": -2.6893491745,
        "var": 10.790055275
    },
    "melbands_spread": {
        "dmean": 12.0902481079,
        "dmean2": 19.5891799927,
        "dvar": 355.483184814,
        "dvar2": 840.019958496,
        "max": 274.416900635,
        "mean": 26.2060832977,
        "median": 17.5243034363,
        "min": 0.126142054796,
        "var": 786.527587891
    },
    "pitch_salience": {
        "dmean": 0.104122631252,
        "dmean2": 0.16571816802,
        "dvar": 0.011488375254,
        "dvar2": 0.0277958456427,
        "max": 0.956589698792,
        "mean": 0.465873718262,
        "median": 0.484808057547,
        "min": 0.0313358567655,
        "var": 0.0314690880477
    },
    "silence_rate_20dB": {
        "dmean": 0,
        "dmean2": 0,
        "dvar": 0,
        "dvar2": 0,
        "max": 1,
        "mean": 1,
        "median": 1,
        "min": 1,
        "var": 0
    },
    "silence_rate_30dB": {
        "dmean": 0.057167891413,
        "dmean2": 0.114342041314,
        "dvar": 0.053906980902,
        "dvar2": 0.126142203808,
        "max": 1,
        "mean": 0.911788880825,
        "median": 1,
        "min": 0,
        "var": 0.0804344415665
    },
    "silence_rate_60dB": {
        "dmean": 0.0214653387666,
        "dmean2": 0.0429330281913,
        "dvar": 0.0210018660873,
        "dvar2": 0.0512669757009,
        "max": 1,
        "mean": 0.132891640067,
        "median": 0,
        "min": 0,
        "var": 0.115221753716
    },
    "spectral_centroid": {
        "dmean": 419.641784668,
        "dmean2": 657.950744629,
        "dvar": 257705.53125,
        "dvar2": 582260.8125,
        "max": 11405.0947266,
        "mean": 1579.3001709,
        "median": 1440.45996094,
        "min": 81.5212478638,
        "var": 983679.0625
    },
    "spectral_complexity": {
        "dmean": 5.12539720535,
        "dmean2": 8.37895011902,
        "dvar": 40.7824249268,
        "dvar2": 98.7744750977,
        "max": 58,
        "mean": 16.8496417999,
        "median": 16,
        "min": 0,
        "var": 125.663978577
    },
    "spectral_decrease": {
        "dmean": 4.10078326851e-09,
        "dmean2": 6.24220186651e-09,
        "dvar": 3.8779090693e-17,
        "dvar2": 8.19678746142e-17,
        "max": 8.74332352076e-29,
        "mean": -1.08703659407e-08,
        "median": -7.64614327409e-09,
        "min": -7.64417578125e-08,
        "var": 1.1888495197e-16
    },
    "spectral_energy": {
        "dmean": 0.0159334633499,
        "dmean2": 0.024130910635,
        "dvar": 0.000555763952434,
        "dvar2": 0.00117121322546,
        "max": 0.290163606405,
        "mean": 0.0438860021532,
        "median": 0.0329094938934,
        "min": 1.02465407027e-20,
        "var": 0.00175123207737
    },
    "spectral_energyband_high": {
        "dmean": 0.00157428195234,
        "dmean2": 0.00256521813571,
        "dvar": 6.73621116221e-06,
        "dvar2": 1.69795639522e-05,
        "max": 0.0288663432002,
        "mean": 0.00249315635301,
        "median": 0.000902529573068,
        "min": 7.32857061901e-21,
        "var": 1.23579575302e-05
    },
    "spectral_energyband_low": {
        "dmean": 0.0126541741192,
        "dmean2": 0.0192638840526,
        "dvar": 0.000557927472983,
        "dvar2": 0.00119434518274,
        "max": 0.279841780663,
        "mean": 0.0269689895213,
        "median": 0.0083076544106,
        "min": 2.22033247923e-23,
        "var": 0.00155648915097
    },
    "spectral_energyband_middle_high": {
        "dmean": 0.00181805726606,
        "dmean2": 0.00298976688646,
        "dvar": 7.72813564254e-06,
        "dvar2": 1.90835635294e-05,
        "max": 0.0663324669003,
        "mean": 0.00419522868469,
        "median": 0.00294437049888,
        "min": 1.41347526493e-21,
        "var": 2.17313736357e-05
    },
    "spectral_energyband_middle_low": {
        "dmean": 0.00694694090635,
        "dmean2": 0.0111281229183,
        "dvar": 0.000177097273991,
        "dvar2": 0.000427618128015,
        "max": 0.141468480229,
        "mean": 0.0118960682303,
        "median": 0.00536281941459,
        "min": 2.28797733341e-22,
        "var": 0.00027919196873
    },
    "spectral_entropy": {
        "dmean": 0.285914897919,
        "dmean2": 0.444796353579,
        "dvar": 0.127820298076,
        "dvar2": 0.294359385967,
        "max": 9.82136726379,
        "mean": 7.65767526627,
        "median": 7.79021883011,
        "min": 3.46248531342,
        "var": 0.480867654085
    },
    "spectral_flux": {
        "dmean": 0.0401676818728,
        "dmean2": 0.0627058744431,
        "dvar": 0.00235527195036,
        "dvar2": 0.00532956048846,
        "max": 0.432509630919,
        "mean": 0.102058410645,
        "median": 0.0842421501875,
        "min": 6.51625906012e-11,
        "var": 0.00523528084159
    },
    "spectral_kurtosis": {
        "dmean": 2.73738265038,
        "dmean2": 4.5303401947,
        "dvar": 65.7994613647,
        "dvar2": 151.39541626,
        "max": 375.495819092,
        "mean": 4.84731912613,
        "median": 2.19457244873,
        "min": -1.5110168457,
        "var": 136.399703979
    },
    "spectral_rms": {
        "dmean": 0.00114086770918,
        "dmean2": 0.00168707198463,
        "dvar": 2.08839765037e-06,
        "dvar2": 3.99211467084e-06,
        "max": 0.0168251730502,
        "mean": 0.00570831075311,
        "median": 0.00566628808156,
        "min": 3.16174408703e-12,
        "var": 1.02311696537e-05
    },
    "spectral_rolloff": {
        "dmean": 1141.1730957,
        "dmean2": 1961.60302734,
        "dvar": 3945297.5,
        "dvar2": 9269569,
        "max": 19207.6171875,
        "mean": 2030.078125,
        "median": 882.861328125,
        "min": 21.533203125,
        "var": 7267678
    },
    "spectral_skewness": {
        "dmean": 0.329730957747,
        "dmean2": 0.531159818172,
        "dvar": 0.263158231974,
        "dvar2": 0.611054599285,
        "max": 17.1370124817,
        "mean": 1.42827951908,
        "median": 1.19982111454,
        "min": -0.0322716720402,
        "var": 0.838195443153
    },
    "spectral_spread": {
        "dmean": 1001686.4375,
        "dmean2": 1478362.625,
        "dvar": 1.58581823898e+12,
        "dvar2": 3.17577546957e+12,
        "max": 42465052,
        "mean": 5641515,
        "median": 5454600.5,
        "min": 325738.8125,
        "var": 7.88744319795e+12
    },
    "spectral_strongpeak": {
        "dmean": 0.446650117636,
        "dmean2": 0.751111209393,
        "dvar": 0.688927650452,
        "dvar2": 1.77921402454,
        "max": 21.919172287,
        "mean": 0.780521035194,
        "median": 0.47232156992,
        "min": 0,
        "var": 1.0405921936
    },
    "zerocrossingrate": {
        "dmean": 0.0188650842756,
        "dmean2": 0.0224281549454,
        "dvar": 0.000563491310459,
        "dvar2": 0.000705484708305,
        "max": 0.80029296875,
        "mean": 0.0725620985031,
        "median": 0.05810546875,
        "min": 0.00146484375,
        "var": 0.00378114054911
    },
    "barkbands": {
        "dmean": [0.00108498893678, 0.00993344467133, 0.00352083309554, 0.00241235992871, 0.00330008007586, 0.00115263741463, 0.000971939705778, 0.000552064739168, 0.000623344851192, 0.000605252338573, 0.000348932255292, 0.000378088996513, 0.000287405069685, 0.000254066806519, 0.00027360333479, 0.00021800713148, 0.000192846142454, 0.000140584757901, 0.000168577607838, 0.000217128210352, 0.000282679742668, 0.000271784869255, 0.000292574812192, 0.000312422809657, 0.000290934287477, 0.000187191777513, 2.50219127338e-05],
        "dmean2": [0.00174682401121, 0.0148826399818, 0.00589426793158, 0.00407109595835, 0.00542373210192, 0.00182537909131, 0.00163054314908, 0.000894177472219, 0.00101210200228, 0.00097110378556, 0.00056773115648, 0.000615816097707, 0.000472491490655, 0.000431114225648, 0.000454913708381, 0.000368651031749, 0.000325301691191, 0.000237698681303, 0.000285962072667, 0.000365394633263, 0.000476722983876, 0.000454299763078, 0.000476801331388, 0.000510172278155, 0.000475708569866, 0.000307581649395, 4.05056707677e-05],
        "dvar": [7.57166844778e-06, 0.000391682609916, 0.000120169803267, 3.6030782212e-05, 6.34841489955e-05, 1.52511192937e-05, 2.57768515439e-05, 3.23013546222e-06, 3.58996680916e-06, 1.69899976754e-06, 9.44541341141e-07, 8.69418613547e-07, 5.86913017742e-07, 3.57696507081e-07, 3.5461761172e-07, 2.64204004452e-07, 1.62936828474e-07, 1.01828504739e-07, 1.08186767989e-07, 1.39874003935e-07, 3.05112223487e-07, 2.45303141355e-07, 2.63999595518e-07, 3.26567004549e-07, 3.12210914899e-07, 1.70949931544e-07, 5.16388887206e-09],
        "dvar2": [2.0373825464e-05, 0.000823500973638, 0.000318712060107, 9.36696160352e-05, 0.000154508525156, 3.44270229107e-05, 7.11147586117e-05, 7.59401973482e-06, 8.58716157381e-06, 3.88763010051e-06, 2.10403209167e-06, 2.00758199753e-06, 1.30047124003e-06, 9.54966026256e-07, 8.66818481882e-07, 6.90073875376e-07, 4.11908644082e-07, 2.72758569508e-07, 2.87403423727e-07, 3.6222471067e-07, 8.21823675778e-07, 6.31524244454e-07, 6.58159876821e-07, 8.08642653283e-07, 7.72303451413e-07, 4.34564611851e-07, 1.18065015542e-08],
        "max": [0.0479487664998, 0.245286509395, 0.153318792582, 0.0958197712898, 0.102791130543, 0.102497301996, 0.105411045253, 0.0517592430115, 0.087534300983, 0.0416387282312, 0.0456357672811, 0.0320514328778, 0.0411020815372, 0.0210970230401, 0.0134488139302, 0.0164595209062, 0.0146152339876, 0.0117479842156, 0.00875564105809, 0.00765604898334, 0.0116130188107, 0.00958105828613, 0.00949709210545, 0.00776864588261, 0.00786316022277, 0.00675955461338, 0.00131699221674],
        "mean": [0.00191190710757, 0.0198014378548, 0.0037864993792, 0.00299739884213, 0.00412730779499, 0.00158964947332, 0.00117919500917, 0.000726443249732, 0.000854117795825, 0.000951510271989, 0.000555245496798, 0.000583981105592, 0.000408139836509, 0.00033164958586, 0.000396148359869, 0.00028998486232, 0.00028850111994, 0.000210197060369, 0.000259276654106, 0.000341864972143, 0.000408715859521, 0.000397462630644, 0.00041938276263, 0.000446994352387, 0.000389231543522, 0.000208478813875, 2.53313646681e-05],
        "median": [0.000176483270479, 0.00372315640561, 0.000443293014541, 0.000420888623921, 0.000739718321711, 0.00031916165608, 0.000202746421564, 0.00014142296277, 0.000202758586966, 0.000285798683763, 0.000122976591229, 0.000133711102535, 0.000110258093628, 0.00010594323976, 0.000136720511364, 0.000122069468489, 0.000114603491966, 8.28027768875e-05, 9.55136711127e-05, 0.000154739464051, 0.000163265605806, 0.00011874007032, 9.41407488426e-05, 8.02956928965e-05, 5.27164411324e-05, 2.02846367756e-05, 8.50943251862e-07],
        "min": [1.06340205239e-24, 6.06031464713e-24, 3.48041447636e-24, 9.69575133541e-25, 2.04714895377e-23, 1.39306824742e-23, 1.16963191571e-23, 1.34424548822e-23, 3.15223832125e-23, 2.92326544817e-23, 2.67082396316e-23, 4.23738528506e-23, 3.61768108592e-23, 5.84012282144e-23, 7.83819579166e-23, 8.13076410656e-23, 1.07858237889e-22, 9.51045216863e-23, 1.37118111228e-22, 2.21796763201e-22, 3.18029968137e-22, 3.7935886743e-22, 4.16475669167e-22, 6.67588422115e-22, 9.73109328215e-22, 1.39505242192e-21, 2.04027288871e-21],
        "var": [1.52419434016e-05, 0.00109027815051, 0.000115296017611, 4.82036484755e-05, 8.29029231681e-05, 2.14690535358e-05, 2.13200819417e-05, 4.96640086567e-06, 6.39938025415e-06, 3.97379835704e-06, 2.93636071547e-06, 2.4802830012e-06, 1.16749845347e-06, 4.96058532917e-07, 6.69838641443e-07, 3.31221116312e-07, 3.15705278808e-07, 1.35756437203e-07, 1.93787784042e-07, 2.47297123224e-07, 4.12475856137e-07, 4.1120779315e-07, 4.80943640468e-07, 5.71480995859e-07, 5.25481993918e-07, 2.1912009629e-07, 7.0133552299e-09]
    },
    "erbbands": {
        "dmean": [0.408793509007, 1.8348762989, 3.65850830078, 6.12236166, 10.3245429993, 11.690735817, 7.60289573669, 10.285115242, 15.3808555603, 11.1050691605, 12.1745376587, 15.8679704666, 17.6768035889, 17.0752334595, 12.7767152786, 16.3203201294, 13.3062982559, 13.7784414291, 10.7857475281, 14.3750991821, 11.9194602966, 9.08663845062, 7.82362794876, 7.77229976654, 9.16408634186, 9.93311977386, 11.516834259, 10.7334632874, 9.98892688751, 9.06386852264, 8.28692054749, 6.98630475998, 5.20643854141, 3.44903206825, 2.02286863327, 1.02946174145, 0.285239011049, 0.0560995042324, 0.00404559914023, 8.11812496977e-05],
        "dmean2": [0.6001060009, 2.83639025688, 5.93849372864, 10.1846094131, 17.0273303986, 19.4721717834, 12.5170526505, 15.9648742676, 25.3889656067, 18.5905895233, 19.7293624878, 25.6054153442, 28.5525817871, 27.1854763031, 20.7378482819, 26.4991283417, 21.7881851196, 23.1224212646, 18.1976470947, 23.7751502991, 20.2049198151, 15.2670440674, 13.1993837357, 13.2326173782, 15.4849967957, 16.7627429962, 19.4808044434, 18.1155204773, 16.7067966461, 15.0399675369, 13.4245223999, 11.3943891525, 8.49218273163, 5.70536613464, 3.29814124107, 1.68301343918, 0.469412595034, 0.0899445191026, 0.0065431878902, 0.000127889157739],
        "dvar": [0.817351996899, 13.61216259, 114.717681885, 235.994934082, 678.788452148, 1047.90637207, 475.154205322, 1429.33374023, 7304.15625, 2124.19921875, 1435.79931641, 2824.31201172, 1542.82885742, 2068.15063477, 1029.1652832, 1714.8182373, 1060.18908691, 1382.09436035, 434.933074951, 1091.07409668, 781.22442627, 326.697113037, 306.208984375, 228.83140564, 343.101654053, 314.664703369, 594.752685547, 371.924102783, 349.088531494, 290.518768311, 199.815292358, 161.635986328, 98.6989822388, 44.9738922119, 15.6838531494, 5.59747266769, 0.405313879251, 0.019756956026, 0.000157165311975, 3.50388411618e-08],
        "dvar2": [1.52410614491, 32.2231788635, 293.573913574, 610.211242676, 1598.61914062, 2572.45556641, 1177.42907715, 3117.15039062, 19815.5957031, 5657.99658203, 3302.47558594, 6783.86328125, 3685.16113281, 4301.71435547, 2453.09887695, 3970.17260742, 2356.10766602, 3580.36328125, 1104.74755859, 2557.06518555, 2088.95654297, 794.04888916, 819.172851562, 618.608276367, 892.415710449, 820.297241211, 1625.68103027, 972.752746582, 901.824645996, 749.094482422, 483.3487854, 399.446380615, 250.968765259, 113.146469116, 39.2331199646, 14.5854139328, 1.02746546268, 0.044666107744, 0.000362797174603, 7.9523189811e-08],
        "max": [13.867190361, 60.1766815186, 147.650436401, 236.288543701, 366.505279541, 552.975097656, 534.330322266, 728.116394043, 1781.84460449, 1448.2845459, 1369.43359375, 2545.50952148, 1040.28503418, 1930.23059082, 1131.89233398, 1505.71533203, 1792.29650879, 2162.65161133, 578.791015625, 870.891052246, 1062.34399414, 853.808776855, 493.671081543, 305.185913086, 595.630004883, 373.412597656, 566.657409668, 293.513305664, 343.46005249, 379.14453125, 202.100479126, 178.239807129, 167.554473877, 109.721038818, 61.6524009705, 37.2095680237, 10.3391389847, 2.60967969894, 0.295453637838, 0.00364613696001],
        "mean": [0.883640527725, 3.17096328735, 4.42638492584, 7.98941659927, 13.2176046371, 13.5087909698, 9.61818122864, 14.2967796326, 19.2716884613, 13.7742567062, 16.6146945953, 22.608417511, 27.5635948181, 28.6327590942, 20.218334198, 26.2960987091, 20.7252826691, 19.6445827484, 15.4842615128, 21.3119430542, 17.4641437531, 14.3978996277, 12.0899848938, 12.0614728928, 14.2908782959, 15.5385684967, 16.8883934021, 15.7204084396, 14.3051080704, 13.037103653, 11.8153934479, 9.91106891632, 7.18112611771, 4.6784157753, 2.55329418182, 1.15229034424, 0.322417527437, 0.0621451325715, 0.00413640541956, 0.00012923120812],
        "median": [0.127058967948, 0.643918216228, 0.869619309902, 1.4729321003, 2.29645705223, 2.23170208931, 2.20521092415, 2.76443052292, 3.3269841671, 3.15982937813, 3.82297420502, 5.40654659271, 9.24957275391, 7.99034023285, 6.12347269058, 6.79150056839, 6.12850761414, 6.87596273422, 6.50332021713, 7.82042169571, 8.10899734497, 6.3931145668, 4.89408540726, 4.60174655914, 5.63529729843, 7.31457233429, 7.0752658844, 6.12030029297, 4.34352254868, 3.26200222969, 2.59037542343, 1.86162018776, 1.20523679256, 0.67324244976, 0.31226810813, 0.118397206068, 0.0295840650797, 0.00455821445212, 0.000172970874701, 6.81424644426e-05],
        "min": [9.32345931747e-23, 7.11345438434e-22, 2.88486205847e-21, 6.72257721368e-21, 1.23195320581e-20, 6.78650381552e-20, 9.68629789769e-20, 1.20203818665e-19, 1.69047877408e-19, 3.07982606508e-19, 4.37842931644e-19, 8.30230168978e-19, 6.83338143331e-19, 8.62698972574e-19, 1.08326228851e-18, 2.09721263196e-18, 1.89798804258e-18, 2.99077304111e-18, 4.18357803096e-18, 4.50863271473e-18, 4.72828060023e-18, 6.71745310443e-18, 5.76232171319e-18, 6.9080384127e-18, 6.95558227277e-18, 1.03253547881e-17, 1.03669437749e-17, 1.36635273496e-17, 1.17270925726e-17, 1.23630488798e-17, 1.24738158085e-17, 1.06932963051e-17, 1.19441323576e-17, 7.97666642861e-18, 6.277553078e-18, 4.41117553573e-18, 2.81884872067e-18, 1.05816107924e-18, 2.58140890398e-19, 3.19389394844e-20],
        "var": [2.78948354721, 27.0225543976, 123.255340576, 311.813323975, 983.661499023, 1230.03405762, 652.276428223, 2063.91479492, 6110.49072266, 2099.53417969, 2481.22021484, 5033.89648438, 3134.83007812, 6821.88085938, 2271.78881836, 5050.07666016, 2430.13110352, 1849.59533691, 659.728027344, 2154.5390625, 957.135192871, 669.217834473, 446.296478271, 362.058380127, 654.622924805, 516.073364258, 721.60949707, 591.588745117, 545.286315918, 488.928283691, 385.105743408, 276.633209229, 163.359725952, 74.9968414307, 24.1785945892, 6.31576347351, 0.585983276367, 0.0302694104612, 0.000208345474675, 5.51672982851e-08]
    },
    "gfcc": {
        "mean": [-22.7442092896, 75.5263824463, -102.174964905, 39.5493812561, -51.2109413147, 21.5119228363, -26.8534374237, 9.52100276947, -19.9702892303, 4.24157333374, -16.2745609283, 1.01292145252, -5.54115438461],
        "cov": [[19551.3613281, -4990.88525391, 220.709564209, -130.367446899, -1301.0300293, 1289.53967285, -974.26184082, 668.280822754, -1119.73474121, 541.133361816, -744.96685791, 605.68157959, -512.661071777], [-4990.88525391, 4077.62402344, -532.783630371, -175.035461426, 749.098205566, -680.315612793, 622.414978027, -463.207000732, 488.202606201, -295.293609619, 344.674133301, -359.446289062, 304.46685791], [220.709564209, -532.783630371, 1739.73034668, 322.328186035, 49.2013893127, 206.735351562, -154.965667725, 185.082077026, -42.1027793884, 38.2805175781, -37.3815155029, 95.2437362671, -84.3226776123], [-130.367446899, -175.035461426, 322.328186035, 872.450805664, 207.114212036, 199.737182617, 80.4408035278, 70.6245574951, 76.293800354, -32.8231811523, 53.8341369629, 40.4228057861, 44.8695831299], [-1301.0300293, 749.098205566, 49.2013893127, 207.114212036, 644.321777344, 66.2907943726, 257.180236816, -29.7337875366, 156.553863525, -17.6725349426, 97.661567688, -45.0267829895, 115.138237], [1289.53967285, -680.315612793, 206.735351562, 199.737182617, 66.2907943726, 541.574157715, 86.4432678223, 132.807525635, -78.0347671509, 88.9098434448, -47.6941261292, 89.495475769, -13.1760826111], [-974.26184082, 622.414978027, -154.965667725, 80.4408035278, 257.180236816, 86.4432678223, 411.990203857, 26.1303215027, 149.994720459, 1.75741577148, 90.3894195557, -38.5474014282, 114.312385559], [668.280822754, -463.207000732, 185.082077026, 70.6245574951, -29.7337875366, 132.807525635, 26.1303215027, 324.770629883, 55.7462882996, 68.5769042969, 1.98824381828, 70.6315231323, -22.4436759949], [-1119.73474121, 488.202606201, -42.1027793884, 76.293800354, 156.553863525, -78.0347671509, 149.994720459, 55.7462882996, 280.829071045, 37.7867012024, 125.455032349, -22.2218418121, 70.3207778931], [541.133361816, -295.293609619, 38.2805175781, -32.8231811523, -17.6725349426, 88.9098434448, 1.75741577148, 68.5769042969, 37.7867012024, 217.6849823, 50.9736633301, 72.6526107788, 12.2867164612], [-744.96685791, 344.674133301, -37.3815155029, 53.8341369629, 97.661567688, -47.6941261292, 90.3894195557, 1.98824381828, 125.455032349, 50.9736633301, 194.00541687, 32.1634979248, 51.4685249329], [605.68157959, -359.446289062, 95.2437362671, 40.4228057861, -45.0267829895, 89.495475769, -38.5474014282, 70.6315231323, -22.2218418121, 72.6526107788, 32.1634979248, 152.742858887, 19.9267158508], [-512.661071777, 304.46685791, -84.3226776123, 44.8695831299, 115.138237, -13.1760826111, 114.312385559, -22.4436759949, 70.3207778931, 12.2867164612, 51.4685249329, 19.9267158508, 156.449508667]],
        "icov": [[0.000117056995805, -6.83164253132e-05, 7.51351981307e-05, -5.23266280652e-05, 9.38871235121e-05, -0.00018991145771, 0.000167518432136, -0.000214771323954, 0.000292693206575, -0.000294108293019, 0.000323977699736, -0.000283340079477, 0.000154776731506], [-6.83164253132e-05, 0.00109737808816, -0.000176779212779, 0.000393848255044, -0.000551094883122, 0.000825577764772, -0.00100260286126, 0.00100821687374, -0.000774175277911, 0.00111778383143, -0.00122279231437, 0.00119914929383, -0.00070567073999], [7.51351981307e-05, -0.000176779212779, 0.000791466096416, -0.000289298623102, -9.4983712188e-05, -0.00032351052505, 0.000601890089456, -0.000556091079488, 0.000258448068053, -0.000306145579088, 0.000405885890359, -0.00052307714941, 0.000463862787001], [-5.23266280652e-05, 0.000393848255044, -0.000289298623102, 0.00170257617719, -0.000486851407913, -0.000383367907489, -0.000107756459329, 0.000362915248843, -0.000842337554786, 0.00127151550259, -0.00091460137628, 0.000291513541015, -0.000582843320444], [9.38871235121e-05, -0.000551094883122, -9.4983712188e-05, -0.000486851407913, 0.00283349095844, -0.00091137480922, -0.000338988989824, -8.49198186188e-05, -0.000135558526381, -0.00043212575838, 0.000283344154013, 2.80402582575e-05, -0.000459885864984], [-0.00018991145771, 0.000825577764772, -0.00032351052505, -0.000383367907489, -0.00091137480922, 0.0042842309922, -0.00248802476563, 0.000228029792197, 0.000757986330427, -0.000357320241164, 9.38029988902e-05, -0.000289493356831, 0.000282156281173], [0.000167518432136, -0.00100260286126, 0.000601890089456, -0.000107756459329, -0.000338988989824, -0.00248802476563, 0.00609483383596, -0.00171368848532, -0.000324365246342, -0.00050893361913, -1.92895204236e-05, 0.000739468901884, -0.00170585687738], [-0.000214771323954, 0.00100821687374, -0.000556091079488, 0.000362915248843, -8.49198186188e-05, 0.000228029792197, -0.00171368848532, 0.00576935429126, -0.00313523993827, 0.000960432284046, -0.000249936187174, -0.000722614990082, 0.000599874649197], [0.000292693206575, -0.000774175277911, 0.000258448068053, -0.000842337554786, -0.000135558526381, 0.000757986330427, -0.000324365246342, -0.00313523993827, 0.00877158995718, -0.00267614517361, -0.00178093765862, 0.000948519271333, -0.000469948659884], [-0.000294108293019, 0.00111778383143, -0.000306145579088, 0.00127151550259, -0.00043212575838, -0.000357320241164, -0.00050893361913, 0.000960432284046, -0.00267614517361, 0.00830447580665, -0.00324444612488, -0.000337812467478, -0.00121011550073], [0.000323977699736, -0.00122279231437, 0.000405885890359, -0.00091460137628, 0.000283344154013, 9.38029988902e-05, -1.92895204236e-05, -0.000249936187174, -0.00178093765862, -0.00324444612488, 0.0112218344584, -0.00534040434286, 0.00174374075141], [-0.000283340079477, 0.00119914929383, -0.00052307714941, 0.000291513541015, 2.80402582575e-05, -0.000289493356831, 0.000739468901884, -0.000722614990082, 0.000948519271333, -0.000337812467478, -0.00534040434286, 0.0134733095765, -0.00467565283179], [0.000154776731506, -0.00070567073999, 0.000463862787001, -0.000582843320444, -0.000459885864984, 0.000282156281173, -0.00170585687738, 0.000599874649197, -0.000469948659884, -0.00121011550073, 0.00174374075141, -0.00467565283179, 0.010712322779]]
    },
    "melbands": {
        "dmean": [0.00309332716279, 0.00189570337534, 0.00114268308971, 0.000813236518297, 0.000305359775666, 0.000235905201407, 0.000224585659453, 0.000118560070405, 9.89014733932e-05, 0.000100501878478, 8.75057376106e-05, 7.0688976848e-05, 4.19938151026e-05, 4.21819240728e-05, 3.50902519131e-05, 2.94890178338e-05, 2.72636807495e-05, 1.68987717188e-05, 2.06654567592e-05, 1.79548551387e-05, 1.4994009689e-05, 1.06138340925e-05, 8.94919321581e-06, 6.2410413193e-06, 6.74818011248e-06, 6.84745464241e-06, 7.02035868017e-06, 7.0890173447e-06, 7.41207350075e-06, 7.4089998634e-06, 6.4009605012e-06, 6.10698634773e-06, 5.27175598108e-06, 5.20784078617e-06, 4.90046249979e-06, 4.83473104396e-06, 4.32368051406e-06, 3.86992041967e-06, 3.36718289873e-06, 2.8829299481e-06],
        "dmean2": [0.00461520859972, 0.00296909944154, 0.00188451178838, 0.00134313548915, 0.000501640955918, 0.000369423505617, 0.000369810877601, 0.000198054825887, 0.000159876406542, 0.000162057738635, 0.000141672891914, 0.000112594556413, 6.87812789693e-05, 6.83131729602e-05, 5.70998854528e-05, 4.82148097944e-05, 4.5940723794e-05, 2.86437862087e-05, 3.46798988176e-05, 2.99546263705e-05, 2.55556969933e-05, 1.78829250217e-05, 1.5052629351e-05, 1.05314757093e-05, 1.15535713121e-05, 1.16223754958e-05, 1.18290809041e-05, 1.2003253687e-05, 1.26322665892e-05, 1.25184305944e-05, 1.08951398943e-05, 1.02269686977e-05, 8.87038277142e-06, 8.69037103257e-06, 7.93761773821e-06, 7.97063785285e-06, 7.06574610376e-06, 6.37680841464e-06, 5.52764959139e-06, 4.7562580221e-06],
        "dvar": [4.13203451899e-05, 1.97961126105e-05, 7.03129444446e-06, 4.00439057557e-06, 7.1499562182e-07, 8.10837491372e-07, 1.40098711654e-06, 2.20918693117e-07, 8.58052899844e-08, 1.12472982039e-07, 3.77065099144e-08, 3.49828148671e-08, 1.12013154308e-08, 1.01741273184e-08, 8.17730416713e-09, 8.06650479745e-09, 5.31853672214e-09, 1.1212686335e-09, 2.4125479392e-09, 1.67424474284e-09, 1.53701806838e-09, 4.82491324671e-10, 3.7149705534e-10, 2.57868670861e-10, 1.81347700745e-10, 2.15582121599e-10, 2.00143970841e-10, 1.75255240875e-10, 2.13006820515e-10, 2.62592947387e-10, 1.46158349312e-10, 1.40362166334e-10, 1.03413520802e-10, 1.09131884085e-10, 7.14431500071e-11, 7.80622094743e-11, 6.58466059456e-11, 5.60710748665e-11, 4.48887906013e-11, 3.2319990434e-11],
        "dvar2": [8.30701974337e-05, 4.75325869047e-05, 1.76364646904e-05, 9.98644918582e-06, 1.72813770405e-06, 1.84924988389e-06, 3.7688505472e-06, 5.81892379614e-07, 1.94591493141e-07, 2.65366196572e-07, 9.01879531057e-08, 7.32831821892e-08, 2.68133728554e-08, 2.33113848225e-08, 1.89842772613e-08, 1.75201755326e-08, 1.39744384953e-08, 2.84446244336e-09, 6.08585803974e-09, 4.07423650373e-09, 4.17095114003e-09, 1.16487630653e-09, 9.80322045763e-10, 6.91579238321e-10, 4.95913698995e-10, 5.63479374271e-10, 5.17007991974e-10, 4.51255949274e-10, 5.81786341325e-10, 7.20132398158e-10, 3.871679366e-10, 3.64516583584e-10, 2.66429073248e-10, 2.88407936422e-10, 1.71764186208e-10, 1.95299110217e-10, 1.673416683e-10, 1.41706674173e-10, 1.18403495342e-10, 8.17602027747e-11],
        "max": [0.0892220959067, 0.0709798559546, 0.0368088111281, 0.0273454692215, 0.0169132128358, 0.0172963701189, 0.0245782658458, 0.0152391754091, 0.00990253221244, 0.0171674862504, 0.00526042794809, 0.00736173056066, 0.00359624880366, 0.00438853166997, 0.00346432742663, 0.00569221330807, 0.00362196494825, 0.000985719263554, 0.00149016384967, 0.00120707729366, 0.0016105431132, 0.00116761412937, 0.000592517899349, 0.000810330326203, 0.000231154219364, 0.000503366754856, 0.00040698738303, 0.000297869264614, 0.000250547862379, 0.000410976150306, 0.000202930808882, 0.000305358844344, 0.000218523025978, 0.00028599309735, 0.000121635042888, 0.000102247322502, 0.000124565704027, 0.000130781263579, 0.000115113442007, 9.09008522285e-05],
        "mean": [0.00647421693429, 0.00291932211258, 0.00154676218517, 0.00100014242344, 0.00038194496301, 0.000321754079778, 0.000285657733912, 0.000145883212099, 0.00013068554108, 0.000142819684697, 0.000133463341626, 0.000113943875476, 6.43162129563e-05, 6.68678549118e-05, 5.55268634344e-05, 4.16317780036e-05, 3.6463887227e-05, 2.2265356165e-05, 2.94213004963e-05, 2.48640772043e-05, 2.05802589335e-05, 1.57713075168e-05, 1.29336212922e-05, 9.03732234292e-06, 9.68570566329e-06, 1.00953229776e-05, 9.99860003503e-06, 1.05843873826e-05, 1.03883348856e-05, 1.02577760117e-05, 8.76755075296e-06, 8.22786751087e-06, 7.39133747629e-06, 7.12655219104e-06, 6.7418427534e-06, 6.62656657369e-06, 5.8644955061e-06, 5.12581118528e-06, 4.53011443824e-06, 3.73220359506e-06],
        "median": [0.00113594857976, 0.000744195305742, 0.000315736426273, 0.000170746396179, 8.12279540696e-05, 6.08061782259e-05, 4.9078855227e-05, 3.23189706251e-05, 2.85084279312e-05, 3.31900009769e-05, 4.2140520236e-05, 2.83132594632e-05, 1.67489015439e-05, 1.68902115547e-05, 1.36594680953e-05, 1.13559553938e-05, 1.09605134639e-05, 8.78793616721e-06, 9.51008223637e-06, 9.14298743737e-06, 8.09401990409e-06, 6.29958185527e-06, 4.79546133647e-06, 3.54256007995e-06, 3.18734964821e-06, 3.72684780814e-06, 3.81840527552e-06, 4.34041112385e-06, 4.30439831689e-06, 3.71105488739e-06, 3.16259479405e-06, 2.43102726927e-06, 1.94893277694e-06, 1.65723724876e-06, 1.44436887695e-06, 1.26490022012e-06, 1.03021761788e-06, 8.2996649553e-07, 7.06710352461e-07, 4.89254944114e-07],
        "min": [1.35358414195e-24, 1.24107818015e-24, 1.42282571765e-24, 2.62588938103e-24, 3.4279777087e-24, 2.44423699988e-24, 2.52866168282e-24, 3.33227389254e-24, 3.6544442918e-24, 4.15615706651e-24, 3.31289710212e-24, 2.98901349419e-24, 3.2136513005e-24, 4.64458384585e-24, 4.79470092067e-24, 3.9785126904e-24, 5.43355795261e-24, 5.71821091608e-24, 5.91940555122e-24, 6.7886671599e-24, 4.89675980028e-24, 6.28555731253e-24, 5.67396331348e-24, 5.9420782025e-24, 4.65452585984e-24, 4.60995876857e-24, 4.78150367215e-24, 6.36749668919e-24, 4.91120226573e-24, 5.37859998549e-24, 8.18329593196e-24, 5.25690635795e-24, 7.28779365413e-24, 6.62836115763e-24, 6.713475305e-24, 5.12087715561e-24, 6.7133340989e-24, 8.08182554259e-24, 6.35201766051e-24, 6.48732071639e-24],
        "var": [0.000128279047203, 2.86938357021e-05, 9.62763715506e-06, 5.03869296153e-06, 9.39919402754e-07, 1.06532309019e-06, 1.23309712308e-06, 2.28434430483e-07, 1.51486290179e-07, 2.11049709264e-07, 7.66511192296e-08, 1.11521544e-07, 2.61003449964e-08, 2.87335328863e-08, 2.07023411747e-08, 1.56239661209e-08, 7.32885041543e-09, 1.51427026474e-09, 4.27062962771e-09, 2.89588042435e-09, 1.81017900669e-09, 1.02957253834e-09, 5.50750611783e-10, 2.86044687936e-10, 2.73507078097e-10, 4.0894940212e-10, 3.14104880994e-10, 2.81518863776e-10, 2.67266930809e-10, 3.131906956e-10, 2.1130346084e-10, 2.01920383192e-10, 1.63323327085e-10, 1.60086902068e-10, 1.3395907994e-10, 1.30378319252e-10, 1.03011064956e-10, 8.83307385569e-11, 7.07485528495e-11, 5.05814626295e-11]
    },
    "mfcc": {
        "mean": [-664.856262207, 101.826728821, 12.55037117, 23.7591056824, 6.28359270096, 13.6843948364, 6.48178529739, 6.49539041519, 7.07382678986, 4.61395025253, -2.5323035717, 1.23001682758, 0.494949549437],
        "cov": [[13938.2480469, -2722.06713867, 75.2104415894, -558.332458496, -507.167724609, 142.770217896, -88.7704544067, 12.6362323761, -110.507980347, -183.506408691, -188.907928467, -17.9494895935, -60.8818321228], [-2722.06713867, 3102.79760742, -570.724060059, 104.4190979, -41.3713569641, -56.8694152832, 31.2496757507, -128.426055908, 54.3213691711, 64.1038894653, 11.0771627426, -25.9842243195, -3.23611807823], [75.2104415894, -570.724060059, 1311.88500977, 195.490097046, 256.341064453, 25.5701293945, 18.4325504303, 122.331291199, -34.0072097778, -1.65884661674, 35.1524734497, 9.14974021912, -7.26413726807], [-558.332458496, 104.4190979, 195.490097046, 589.257202148, 229.312652588, 104.28250885, 64.9162597656, 93.0378952026, 61.2693367004, 35.6654205322, 21.7925262451, 31.8907222748, 39.9151535034], [-507.167724609, -41.3713569641, 256.341064453, 229.312652588, 440.89440918, 122.355163574, 89.0712432861, 107.321983337, 37.0668792725, 39.730178833, 38.5896949768, 14.1193981171, 26.1350402832], [142.770217896, -56.8694152832, 25.5701293945, 104.28250885, 122.355163574, 432.668762207, 191.028244019, 58.7016830444, 97.529914856, 9.76747512817, -3.82020735741, 50.3790092468, 22.3355312347], [-88.7704544067, 31.2496757507, 18.4325504303, 64.9162597656, 89.0712432861, 191.028244019, 267.054382324, 115.683921814, 95.7532272339, 50.8216590881, 13.3518791199, 24.9791278839, 22.3936958313], [12.6362323761, -128.426055908, 122.331291199, 93.0378952026, 107.321983337, 58.7016830444, 115.683921814, 245.612579346, 89.2411117554, 57.6152954102, 34.5169563293, 26.5333309174, 24.410572052], [-110.507980347, 54.3213691711, -34.0072097778, 61.2693367004, 37.0668792725, 97.529914856, 95.7532272339, 89.2411117554, 199.917648315, 85.8441848755, 21.0157222748, 32.7026596069, 28.6407985687], [-183.506408691, 64.1038894653, -1.65884661674, 35.6654205322, 39.730178833, 9.76747512817, 50.8216590881, 57.6152954102, 85.8441848755, 165.970565796, 69.7440338135, 22.3923740387, 30.5541496277], [-188.907928467, 11.0771627426, 35.1524734497, 21.7925262451, 38.5896949768, -3.82020735741, 13.3518791199, 34.5169563293, 21.0157222748, 69.7440338135, 133.385986328, 73.8726577759, 34.7219352722], [-17.9494895935, -25.9842243195, 9.14974021912, 31.8907222748, 14.1193981171, 50.3790092468, 24.9791278839, 26.5333309174, 32.7026596069, 22.3923740387, 73.8726577759, 146.300048828, 74.9116439819], [-60.8818321228, -3.23611807823, -7.26413726807, 39.9151535034, 26.1350402832, 22.3355312347, 22.3936958313, 24.410572052, 28.6407985687, 30.5541496277, 34.7219352722, 74.9116439819, 120.106658936]],
