{
"lowlevel": {
    "average_loudness": 0.882352232933,
    "barkbands_crest": {
        "dmean": 3.03942728043,
        "dmean2": 4.62034273148,
        "dvar": 8.12855911255,
        "dvar2": 19.0236244202,
        "max": 26.8025398254,
        "mean": 12.7492790222,
        "median": 11.8067760468,
        "min": 2.04342532158,
        "var": 30.5414085388
    },
    "barkbands_flatness_db": {
        "dmean": 0.0350499376655,
        "dmean2": 0.0505493022501,
        "dvar": 0.00197622133419,
        "dvar2": 0.00412559276447,
        "max": 0.958587288857,
        "mean": 0.163112327456,
        "median": 0.145957782865,
        "min": 0.0134765384719,
        "var": 0.00730192521587
    },
    "barkbands_kurtosis": {
        "dmean": 12.5957698822,
        "dmean2": 18.9782295227,
        "dvar": 8996.39648438,
        "dvar2": 24934.1269531,
        "max": 6923.35009766,
        "mean": 15.2932691574,
        "median": 3.46468067169,
        "min": -1.85204613209,
        "var": 6538.60253906
    },
    "barkbands_skewness": {
        "dmean": 0.96789509058,
        "dmean2": 1.40289068222,
        "dvar": 2.51327776909,
        "dvar2": 5.58244037628,
        "max": 51.7534294128,
        "mean": 2.40120363235,
        "median": 1.81387495995,
        "min": -4.93187046051,
        "var": 6.38626480103
    },
    "barkbands_spread": {
        "dmean": 7.09819793701,
        "dmean2": 11.2085285187,
        "dvar": 85.0053024292,
        "dvar2": 209.772216797,
        "max": 106.880134583,
        "mean": 20.0298671722,
        "median": 18.0746879578,
        "min": 0.0157518479973,
        "var": 171.394485474
    },
    "dissonance": {
        "dmean": 0.0180268641561,
        "dmean2": 0.0297899395227,
        "dvar": 0.00044514547335,
        "dvar2": 0.00111864262726,
        "max": 0.500000178814,
        "mean": 0.466433852911,
        "median": 0.473716437817,
        "min": 0.00226066494361,
        "var": 0.000888276961632
    },
    "dynamic_complexity": 3.67141985893,
    "erbbands_crest": {
        "dmean": 3.03003263474,
        "dmean2": 4.8047618866,
        "dvar": 8.70074462891,
        "dvar2": 20.24858284,
        "max": 34.1588783264,
        "mean": 9.21927833557,
        "median": 8.02564144135,
        "min": 2.15329265594,
        "var": 22.1430854797
    },
    "erbbands_flatness_db": {
        "dmean": 0.0206293016672,
        "dmean2": 0.0305576641113,
        "dvar": 0.000568898918573,
        "dvar2": 0.00114882015623,
        "max": 0.52737814188,
        "mean": 0.151103198528,
        "median": 0.13629540801,
        "min": 0.0338708311319,
        "var": 0.00379661144689
    },
    "erbbands_kurtosis": {
        "dmean": 1.5833312273,
        "dmean2": 2.55372142792,
        "dvar": 79.3579483032,
        "dvar2": 164.584884644,
        "max": 349.694671631,
        "mean": 0.891906142235,
        "median": -0.347739219666,
        "min": -1.89317011833,
        "var": 111.572395325
    },
    "erbbands_skewness": {
        "dmean": 0.474152624607,
        "dmean2": 0.717492461205,
        "dvar": 0.367243796587,
        "dvar2": 0.837764024734,
        "max": 12.6563644409,
        "mean": 0.375618547201,
        "median": 0.263652145863,
        "min": -3.16446757317,
        "var": 0.868353128433
    },
    "erbbands_spread": {
        "dmean": 11.1448440552,
        "dmean2": 16.4855976105,
        "dvar": 190.030227661,
        "dvar2": 378.095123291,
        "max": 195.116958618,
        "mean": 44.4174346924,
        "median": 39.4139328003,
        "min": 0.431596815586,
        "var": 684.98815918
    },
    "hfc": {
        "dmean": 8.71733283997,
        "dmean2": 13.8106470108,
        "dvar": 191.356140137,
        "dvar2": 496.085205078,
        "max": 229.258300781,
        "mean": 23.0221977234,
        "median": 19.5509490967,
        "min": 1.11885534915e-16,
        "var": 347.647949219
    },
    "melbands_crest": {
        "dmean": 4.0917057991,
        "dmean2": 6.52569818497,
        "dvar": 15.7378530502,
        "dvar2": 40.1117286682,
        "max": 38.5614891052,
        "mean": 18.9672393799,
        "median": 18.5864105225,
        "min": 1.26680934429,
        "var": 60.5666656494
    },
    "melbands_flatness_db": {
        "dmean": 0.0405995436013,
        "dmean2": 0.0587751679122,
        "dvar": 0.00271964981221,
        "dvar2": 0.00583959231153,
        "max": 1,
        "mean": 0.240113213658,
        "median": 0.220502912998,
        "min": 0.000360465113772,
        "var": 0.0104833841324
    },
    "melbands_kurtosis": {
        "dmean": 29.0236873627,
        "dmean2": 43.7607650757,
        "dvar": 10617.2128906,
        "dvar2": 24818.4648438,
        "max": 3906.63110352,
        "mean": 43.8384780884,
        "median": 11.3665151596,
        "min": -1.68453431129,
        "var": 15169.0546875
    },
    "melbands_skewness": {
        "dmean": 1.37967991829,
        "dmean2": 2.06504654884,
        "dvar": 4.84152650833,
        "dvar2": 10.6635580063,
        "max": 41.9895553589,
        "mean": 3.98409748077,
        "median": 2.89652824402,
        "min": -3.64915013313,
        "var": 13.9034929276
    },
    "melbands_spread": {
        "dmean": 7.47973155975,
        "dmean2": 11.9245615005,
        "dvar": 120.666755676,
        "dvar2": 297.096252441,
        "max": 188.120422363,
        "mean": 19.5127983093,
        "median": 15.7219085693,
        "min": 0.0508719794452,
        "var": 305.053771973
    },
    "pitch_salience": {
        "dmean": 0.0913073420525,
        "dmean2": 0.143060937524,
        "dvar": 0.00943466369063,
        "dvar2": 0.0224270503968,
        "max": 0.993300139904,
        "mean": 0.454239577055,
        "median": 0.473381280899,
        "min": 0.007209751755,
        "var": 0.0268950201571
    },
    "silence_rate_20dB": {
        "dmean": 0,
        "dmean2": 0,
        "dvar": 0,
        "dvar2": 0,
        "max": 1,
        "mean": 1,
        "median": 1,
        "min": 1,
        "var": 0
    },
    "silence_rate_30dB": {
        "dmean": 0.0506519936025,
        "dmean2": 0.10131162405,
        "dvar": 0.0480847805738,
        "dvar2": 0.110336475074,
        "max": 1,
        "mean": 0.939176976681,
        "median": 1,
        "min": 0,
        "var": 0.0571318082511
    },
    "silence_rate_60dB": {
        "dmean": 0.0165824983269,
        "dmean2": 0.0331674963236,
        "dvar": 0.0163072533906,
        "dvar2": 0.0367395095527,
        "max": 1,
        "mean": 0.0780072361231,
        "median": 0,
        "min": 0,
        "var": 0.0719248056412
    },
    "spectral_centroid": {
        "dmean": 342.786956787,
        "dmean2": 531.537658691,
        "dvar": 172950.375,
        "dvar2": 398887.03125,
        "max": 11694.8564453,
        "mean": 1396.57531738,
        "median": 1302.04589844,
        "min": 43.407787323,
        "var": 651504
    },
    "spectral_complexity": {
        "dmean": 5.03278827667,
        "dmean2": 7.99758768082,
        "dvar": 39.0682907104,
        "dvar2": 91.8366088867,
        "max": 58,
        "mean": 18.9010410309,
        "median": 19,
        "min": 0,
        "var": 128.923599243
    },
    "spectral_decrease": {
        "dmean": 3.55856610845e-09,
        "dmean2": 5.33733235386e-09,
        "dvar": 2.00349662544e-17,
        "dvar2": 4.92729785679e-17,
        "max": 1.53549808345e-28,
        "mean": -1.24422472325e-08,
        "median": -1.24019257086e-08,
        "min": -5.3640441422e-08,
        "var": 8.80063923475e-17
    },
    "spectral_energy": {
        "dmean": 0.0136057874188,
        "dmean2": 0.0203981809318,
        "dvar": 0.00028551343712,
        "dvar2": 0.00070288713323,
        "max": 0.204389676452,
        "mean": 0.0490480326116,
        "median": 0.0496429242194,
        "min": 1.03801739924e-20,
        "var": 0.00130149861798
    },
    "spectral_energyband_high": {
        "dmean": 0.000680389639456,
        "dmean2": 0.00111742934678,
        "dvar": 1.95692450689e-06,
        "dvar2": 5.1675992836e-06,
        "max": 0.0301585141569,
        "mean": 0.0010911594145,
        "median": 0.000515290768817,
        "min": 7.10750902368e-21,
        "var": 2.34208619077e-06
    },
    "spectral_energyband_low": {
        "dmean": 0.0125970775262,
        "dmean2": 0.0186688061804,
        "dvar": 0.000337732868502,
        "dvar2": 0.000784798758104,
        "max": 0.192392274737,
        "mean": 0.0314956121147,
        "median": 0.023196650669,
        "min": 2.45087218784e-23,
        "var": 0.0011286289664
    },
    "spectral_energyband_middle_high": {
        "dmean": 0.00217138440348,
        "dmean2": 0.00345170684159,
        "dvar": 1.0574002772e-05,
        "dvar2": 2.5954332159e-05,
        "max": 0.0617589466274,
        "mean": 0.00505802268162,
        "median": 0.00382587057538,
        "min": 1.26404516805e-21,
        "var": 2.5364159228e-05
    },
    "spectral_energyband_middle_low": {
        "dmean": 0.00696005113423,
        "dmean2": 0.0110454382375,
        "dvar": 0.00016773500829,
        "dvar2": 0.000416291120928,
        "max": 0.151963531971,
        "mean": 0.0132334772497,
        "median": 0.00849523115903,
        "min": 1.90379601411e-22,
        "var": 0.000233183061937
    },
    "spectral_entropy": {
        "dmean": 0.225115448236,
        "dmean2": 0.334401190281,
        "dvar": 0.0886094719172,
        "dvar2": 0.194637551904,
        "max": 9.81113624573,
        "mean": 7.55741596222,
        "median": 7.66047382355,
        "min": 2.35342645645,
        "var": 0.350691139698
    },
    "spectral_flux": {
        "dmean": 0.0340434797108,
        "dmean2": 0.0502047389746,
        "dvar": 0.00151906174142,
        "dvar2": 0.00297046289779,
        "max": 0.424810558558,
        "mean": 0.106707312167,
        "median": 0.0893958806992,
        "min": 6.31075608437e-11,
        "var": 0.00527055608109
    },
    "spectral_kurtosis": {
        "dmean": 2.45556640625,
        "dmean2": 4.14497709274,
        "dvar": 100.149452209,
        "dvar2": 228.154968262,
        "max": 587.86907959,
        "mean": 5.91994953156,
        "median": 3.49281144142,
        "min": -1.26723432541,
        "var": 196.712036133
    },
    "spectral_rms": {
        "dmean": 0.000919783662539,
        "dmean2": 0.00135475420393,
        "dvar": 1.01487921711e-06,
        "dvar2": 2.36424898503e-06,
        "max": 0.0141210677102,
        "mean": 0.00626419112086,
        "median": 0.00695931911469,
        "min": 3.18229448869e-12,
        "var": 8.61180342326e-06
    },
    "spectral_rolloff": {
        "dmean": 520.960754395,
        "dmean2": 891.690124512,
        "dvar": 930390.3125,
        "dvar2": 2276559.75,
        "max": 19810.546875,
        "mean": 1128.70263672,
        "median": 710.595703125,
        "min": 43.06640625,
        "var": 2303276.5
    },
    "spectral_skewness": {
        "dmean": 0.275888949633,
        "dmean2": 0.449035346508,
        "dvar": 0.247288584709,
        "dvar2": 0.592192053795,
        "max": 21.7907447815,
        "mean": 1.58258664608,
        "median": 1.42037606239,
        "min": -0.0689556971192,
        "var": 0.761025547981
    },
    "spectral_spread": {
        "dmean": 631152.375,
        "dmean2": 930850.125,
        "dvar": 725006745600,
        "dvar2": 1.4778883113e+12,
        "max": 42742760,
        "mean": 4895202,
        "median": 4725646.5,
        "min": 293402,
        "var": 5.6353315881e+12
    },
    "spectral_strongpeak": {
        "dmean": 0.445966809988,
        "dmean2": 0.756225287914,
        "dvar": 0.84785592556,
        "dvar2": 2.15501403809,
        "max": 14.4631843567,
        "mean": 0.791822433472,
        "median": 0.463247656822,
        "min": 0,
        "var": 1.20083045959
    },
    "zerocrossingrate": {
        "dmean": 0.0112659484148,
        "dmean2": 0.0139496205375,
        "dvar": 0.000192653926206,
        "dvar2": 0.00024193963327,
        "max": 0.87158203125,
        "mean": 0.0516418144107,
        "median": 0.04443359375,
        "min": 0.00146484375,
        "var": 0.00193720194511
    },
    "barkbands": {
        "dmean": [0.00165273516905, 0.0107761006802, 0.00461855111644, 0.00327740958892, 0.00256708427332, 0.0011816653423, 0.00110787572339, 0.000880330917425, 0.000892005220521, 0.000538911437616, 0.000409014406614, 0.000444946548669, 0.000409087399021, 0.000291261356324, 0.00035130197648, 0.000281812797766, 0.000245511473622, 0.000207730205148, 0.000220066707698, 0.000193268249859, 0.000195951404748, 0.000129011183162, 0.000117744544696, 9.33685878408e-05, 6.98580261087e-05, 6.09614980931e-05, 1.70211096702e-05],
        "dmean2": [0.00253990245983, 0.0157833192497, 0.00765822036192, 0.00565284816548, 0.00447423104197, 0.0018496151315, 0.00171166902874, 0.0013322646264, 0.00136622600257, 0.000847249699291, 0.000651981274132, 0.000704751815647, 0.0006629783893, 0.000482422998175, 0.000570333329961, 0.000463957549073, 0.000408697524108, 0.00035494074109, 0.000363824627129, 0.000320403836668, 0.000330925337039, 0.000217386055738, 0.000200318347197, 0.000153360204422, 0.000109247783257, 9.90035914583e-05, 2.82507644442e-05],
        "dvar": [1.13630903797e-05, 0.00030908518238, 0.000129702995764, 8.36174585856e-05, 4.74579901493e-05, 6.58994713376e-06, 6.8999497671e-06, 3.97624899051e-06, 4.63082960778e-06, 1.40538804771e-06, 8.99416534139e-07, 1.37134497891e-06, 1.22834444483e-06, 5.7702658296e-07, 9.32882301186e-07, 1.38906125358e-06, 1.90136503875e-07, 1.61579265523e-07, 1.61206372695e-07, 1.43985545265e-07, 2.66684338612e-07, 6.4216941098e-08, 6.35164951746e-08, 4.09479952168e-08, 1.89614457469e-08, 1.91527878002e-08, 2.59952415149e-09],
        "dvar2": [2.97165788652e-05, 0.00064269057475, 0.000322628620779, 0.000226849224418, 0.00013106247934, 1.57970534929e-05, 1.68686383404e-05, 8.31516717881e-06, 1.01675268525e-05, 3.30384273184e-06, 2.02825867746e-06, 3.04046034216e-06, 2.84412908513e-06, 1.32235493311e-06, 2.18511559069e-06, 3.51235121343e-06, 4.91754065024e-07, 4.14840826579e-07, 3.9694998577e-07, 3.67455186279e-07, 7.12647590717e-07, 1.70399317767e-07, 1.73657994651e-07, 1.08342504745e-07, 4.60192559615e-08, 4.99071397542e-08, 6.83088696718e-09],
        "max": [0.0576348863542, 0.174760043621, 0.107714660466, 0.100672163069, 0.0825615972281, 0.0706861466169, 0.0791995748878, 0.0433534383774, 0.049219340086, 0.0309661515057, 0.0245811510831, 0.0288285408169, 0.0393351949751, 0.0274294111878, 0.0300266165286, 0.0543546527624, 0.00983850378543, 0.00881814025342, 0.00917017180473, 0.00828664563596, 0.0254568923265, 0.00340693746693, 0.00497406348586, 0.00333004351705, 0.00248542707413, 0.00173071096651, 0.000750034116209],
        "mean": [0.00326762744226, 0.0217852983624, 0.00475878780708, 0.00334570417181, 0.00305953156203, 0.00200248532929, 0.00178319087718, 0.0014493316412, 0.00130981847178, 0.000859045423567, 0.000565255817492, 0.000651803333312, 0.00056438538013, 0.00041787934606, 0.000514091458172, 0.000397052121116, 0.000396097748308, 0.000296095793601, 0.00037789545604, 0.000298669678159, 0.000274710182566, 0.00018090310914, 0.00015708823048, 0.000134269241244, 0.000108340100269, 7.58151654736e-05, 1.6850000975e-05],
        "median": [0.000614948919974, 0.0105197560042, 0.000690262240823, 0.000625876826234, 0.00116044376045, 0.000756052904762, 0.000430581276305, 0.000370272609871, 0.000392234069295, 0.00026518208324, 0.000178600515937, 0.000234555307543, 0.000205387594178, 0.000166328594787, 0.000194664971787, 0.000148035440361, 0.000185041193618, 0.000144477176946, 0.000184877280844, 0.000147205966641, 0.000118378135085, 7.9544595792e-05, 5.13515333296e-05, 4.05251266784e-05, 3.29040194629e-05, 1.60094132298e-05, 1.14817657959e-06],
        "min": [3.55787879301e-25, 3.5845965751e-24, 2.47196999665e-24, 1.87446998374e-24, 1.31991086479e-23, 8.89429389926e-24, 1.13897835866e-23, 5.64814389605e-24, 1.10872222973e-23, 1.57204627177e-23, 2.93493333205e-23, 3.51219176577e-23, 4.21329378856e-23, 4.62653194732e-23, 3.47312579603e-23, 9.34466516078e-23, 7.74673841375e-23, 1.00178916791e-22, 1.62650787183e-22, 2.16848800411e-22, 2.85613843385e-22, 3.26096720915e-22, 5.03413820721e-22, 6.28122910096e-22, 1.00540400625e-21, 1.28442650657e-21, 2.12192264297e-21],
        "var": [2.82028559013e-05, 0.000801712099928, 0.000128879386466, 7.74564250605e-05, 4.06878389185e-05, 1.58164893946e-05, 1.52756801981e-05, 9.44933890423e-06, 8.59290958033e-06, 3.34598507834e-06, 1.58471937084e-06, 2.33863556787e-06, 1.78548145868e-06, 8.44810358558e-07, 1.42402166148e-06, 1.52801089826e-06, 4.20992904537e-07, 2.00709180831e-07, 3.35304122245e-07, 1.98048994093e-07, 2.47291978894e-07, 7.75154092025e-08, 6.88979824304e-08, 4.92374212513e-08, 3.10815586602e-08, 2.12114876774e-08, 2.42570052933e-09]
    },
    "erbbands": {
        "dmean": [0.430312901735, 2.28922915459, 4.88631629944, 8.64623069763, 8.79192352295, 8.76498508453, 8.16801452637, 10.7582511902, 14.4348449707, 16.6516494751, 17.6793727875, 19.8293418884, 17.7482089996, 18.8617858887, 15.3727092743, 17.3735027313, 18.3129520416, 15.4127969742, 16.4580535889, 15.2591753006, 14.9298410416, 11.5242967606, 11.1252403259, 11.2948455811, 10.5482320786, 8.84390354156, 8.33515930176, 6.78970193863, 4.70360946655, 4.16074609756, 3.34039926529, 2.13720607758, 1.55721354485, 0.866775095463, 0.493193000555, 0.279434680939, 0.108125470579, 0.0295806899667, 0.00255196914077, 4.62932330265e-05],
        "dmean2": [0.612614691257, 3.22372317314, 7.70995569229, 14.3879070282, 15.0494813919, 15.2298793793, 13.3794298172, 16.8242092133, 22.4571361542, 25.4031963348, 26.7493553162, 30.4345855713, 27.4179077148, 29.5758800507, 24.3398838043, 27.5660400391, 29.6181526184, 25.27293396, 27.0055599213, 24.6063480377, 24.8673591614, 19.2465267181, 18.9964389801, 18.7966423035, 17.4646072388, 14.6780595779, 14.2378292084, 11.4281082153, 7.91174507141, 7.0972905159, 5.69327735901, 3.57985234261, 2.52874684334, 1.37711346149, 0.784977793694, 0.453022122383, 0.17652669549, 0.0481602624059, 0.00421263510361, 7.42273041396e-05],
        "dvar": [0.461801558733, 16.9047222137, 129.819381714, 484.111114502, 629.372741699, 522.65612793, 393.307769775, 591.326965332, 1169.63891602, 1227.08203125, 1662.74499512, 2433.06274414, 1655.50549316, 1877.2689209, 1239.10632324, 1949.64770508, 2512.04296875, 1475.28955078, 1596.04943848, 1967.30236816, 1860.32336426, 472.473022461, 491.993286133, 434.280334473, 380.545654297, 318.328979492, 408.093994141, 365.856414795, 84.4014663696, 80.1697616577, 55.2059440613, 21.6551208496, 11.2310295105, 2.8411231041, 1.09254670143, 0.350350379944, 0.0626115202904, 0.00662047415972, 5.44364011148e-05, 1.12278142339e-08],
        "dvar2": [1.05636036396, 32.7827606201, 308.773590088, 1222.47155762, 1731.80615234, 1415.41418457, 973.516662598, 1429.49389648, 2941.25708008, 2735.91162109, 3499.70629883, 5368.06347656, 3716.1706543, 4357.26855469, 2829.7409668, 4334.81103516, 5719.34277344, 3385.01464844, 3888.5378418, 4779.13818359, 4739.86816406, 1256.7746582, 1264.3314209, 1078.24658203, 926.867431641, 812.737304688, 1103.65539551, 997.154602051, 221.72088623, 215.802764893, 151.939743042, 58.3672790527, 29.1153564453, 6.9994597435, 2.72446131706, 0.907579481602, 0.163883268833, 0.0171578750014, 0.000140061194543, 2.90823169991e-08],
        "max": [8.25832176208, 44.9881820679, 124.901779175, 237.28036499, 309.677001953, 396.952423096, 558.022155762, 557.041931152, 1194.63818359, 917.893371582, 1175.26220703, 1437.99975586, 1046.74658203, 1066.01501465, 1035.33740234, 1470.63415527, 1866.17700195, 1571.1204834, 1006.54321289, 1597.53125, 1609.55725098, 652.882873535, 602.709655762, 586.579040527, 540.387634277, 420.654022217, 802.517272949, 1117.75976562, 130.806182861, 150.408538818, 143.814407349, 86.9903411865, 55.5835342407, 33.7798156738, 18.1065216064, 7.6255364418, 3.2939350605, 1.29661047459, 0.125623390079, 0.00182193005458],
        "mean": [0.890656590462, 3.80475664139, 5.74578285217, 9.61881828308, 9.65945720673, 10.2627420425, 12.2002878189, 17.5961551666, 24.585773468, 27.9566268921, 30.0940704346, 30.5856590271, 28.9483509064, 29.3013916016, 23.6840934753, 26.4833526611, 26.4333305359, 23.3828907013, 25.6747932434, 23.4890708923, 22.9263267517, 19.0389785767, 16.8103065491, 18.7340431213, 17.8695716858, 14.2480859756, 12.0119142532, 9.33850860596, 6.5718126297, 5.5220079422, 4.43385362625, 2.96317005157, 2.1947517395, 1.32397913933, 0.719802439213, 0.359180241823, 0.130121558905, 0.03326452896, 0.00255251280032, 9.7001575341e-05],
        "median": [0.354148685932, 1.13940739632, 1.21625006199, 1.94353485107, 3.0995464325, 3.47398161888, 4.54211616516, 5.95026063919, 7.11564064026, 8.11079502106, 9.7996006012, 10.203625679, 10.0245189667, 10.122256279, 9.32772445679, 11.3188905716, 10.444393158, 10.9791278839, 10.9958190918, 9.8456325531, 11.134973526, 10.0675258636, 9.25285625458, 9.00392341614, 9.42470359802, 7.0534954071, 5.41534328461, 3.93522834778, 2.93718981743, 2.11366653442, 1.38994646072, 0.924117743969, 0.621770262718, 0.416355729103, 0.194763451815, 0.0846969336271, 0.0262571796775, 0.00488010514528, 0.000201754533919, 7.44669814594e-05],
        "min": [1.94682137141e-22, 4.39150813244e-22, 3.12983454533e-21, 1.65628991303e-20, 2.03531263231e-20, 3.40289243931e-20, 3.52075436749e-20, 1.16638166161e-19, 1.14346436425e-19, 2.88103802027e-19, 2.23910166247e-19, 2.46328932196e-19, 2.16900508489e-19, 7.24038841588e-19, 1.4467457156e-18, 1.10662807287e-18, 1.95368397438e-18, 2.97606080673e-18, 2.61373315776e-18, 4.0365115219e-18, 5.04771335097e-18, 4.40844749407e-18, 4.50142549006e-18, 7.01504911418e-18, 8.03221491547e-18, 9.41904690532e-18, 1.19142794093e-17, 1.02977732777e-17, 1.24248103203e-17, 1.23410814443e-17, 1.50343997168e-17, 1.20156594924e-17, 9.95312020372e-18, 8.72531451381e-18, 6.93496810472e-18, 4.3385172315e-18, 2.48423389696e-18, 9.9230457778e-19, 2.67683659534e-19, 3.02529870684e-20],
        "var": [1.30308306217, 36.9964828491, 146.916534424, 560.444030762, 486.434387207, 527.739257812, 688.527648926, 1270.9375, 2740.19628906, 3085.10742188, 3767.91137695, 4826.2890625, 3548.14135742, 3620.71142578, 2282.89355469, 3152.68579102, 3714.14331055, 2255.50927734, 2710.06811523, 2655.41503906, 2187.21704102, 906.077026367, 606.710632324, 795.784240723, 644.83984375, 459.450866699, 419.17364502, 309.959106445, 103.243148804, 84.3938598633, 58.4653663635, 24.2601490021, 14.239730835, 4.51057434082, 1.58279550076, 0.423324197531, 0.0671740323305, 0.00662802578881, 5.39454049431e-05, 1.46126630796e-08]
    },
    "gfcc": {
        "mean": [-10.5083189011, 87.1875534058, -106.940483093, 35.5458755493, -47.2251930237, 15.3047409058, -27.0146026611, 11.7771644592, -19.5261363983, 7.25870275497, -13.2368106842, 0.998629689217, -9.39419555664],
        "cov": [[21403.4316406, -2952.17333984, 527.55078125, 1209.9152832, -1162.51574707, 878.979431152, -417.202941895, 930.067565918, -292.849884033, 584.511047363, -227.737991333, 566.469238281, -297.002471924], [-2952.17333984, 2932.19799805, -484.527557373, -281.626190186, 366.522827148, -452.227264404, 178.686447144, -328.940856934, 206.425720215, -287.540679932, 225.846191406, -232.175079346, 185.197479248], [527.55078125, -484.527557373, 1429.96899414, 266.853302002, 105.915550232, 262.622375488, 27.2306880951, 145.468353271, -31.7671604156, 75.8288574219, -63.8468132019, 53.3906669617, -99.34765625], [1209.9152832, -281.626190186, 266.853302002, 606.206848145, 135.692382812, 210.970718384, 52.7840652466, 58.0758666992, 17.4549236298, 39.760219574, -8.79731845856, -9.73045444489, 21.6831760406], [-1162.51574707, 366.522827148, 105.915550232, 135.692382812, 502.091949463, 101.940368652, 162.794021606, -22.4187660217, 111.291511536, -8.34771347046, 31.3959522247, -49.9205970764, 49.7861976624], [878.979431152, -452.227264404, 262.622375488, 210.970718384, 101.940368652, 365.474822998, 109.241775513, 144.599395752, 15.9010257721, 78.2540054321, -3.14677095413, 51.0124397278, 8.57817459106], [-417.202941895, 178.686447144, 27.2306880951, 52.7840652466, 162.794021606, 109.241775513, 279.505401611, 100.401855469, 121.113731384, 10.9605989456, 58.6410827637, 10.0412473679, 42.2823181152], [930.067565918, -328.940856934, 145.468353271, 58.0758666992, -22.4187660217, 144.599395752, 100.401855469, 265.388397217, 92.2647476196, 101.737564087, 13.6991510391, 82.0324478149, 3.76992726326], [-292.849884033, 206.425720215, -31.7671604156, 17.4549236298, 111.291511536, 15.9010257721, 121.113731384, 92.2647476196, 232.169143677, 61.0997123718, 70.3993530273, 22.1386890411, 48.7100791931], [584.511047363, -287.540679932, 75.8288574219, 39.760219574, -8.34771347046, 78.2540054321, 10.9605989456, 101.737564087, 61.0997123718, 184.819747925, 46.9537696838, 66.6077423096, -3.63312983513], [-227.737991333, 225.846191406, -63.8468132019, -8.79731845856, 31.3959522247, -3.14677095413, 58.6410827637, 13.6991510391, 70.3993530273, 46.9537696838, 145.714691162, 45.8180503845, 38.4957389832], [566.469238281, -232.175079346, 53.3906669617, -9.73045444489, -49.9205970764, 51.0124397278, 10.0412473679, 82.0324478149, 22.1386890411, 66.6077423096, 45.8180503845, 145.43737793, 30.7564067841], [-297.002471924, 185.197479248, -99.34765625, 21.6831760406, 49.7861976624, 8.57817459106, 42.2823181152, 3.76992726326, 48.7100791931, -3.63312983513, 38.4957389832, 30.7564067841, 135.651290894]],
        "icov": [[0.000113146175863, -0.000136085451231, 9.6519725048e-05, -0.00029704006738, 0.000250164826866, -0.000239375440287, 0.00019527200493, -0.000304569199216, 0.000130778033054, -0.000227041789913, 0.000369747634977, -0.00049733358901, 0.000377400487196], [-0.000136085451231, 0.00122249755077, -0.000252451514825, 0.000661057361867, -0.000712514854968, 0.00117902702186, -0.000506373122334, 0.000632545154076, -0.000648212910164, 0.00144852150697, -0.00227710511535, 0.00210637249984, -0.00149013265036], [9.6519725048e-05, -0.000252451514825, 0.00104697188362, -0.000548281648662, -3.15503712045e-05, -0.000652292917948, 0.000335827848176, -0.000582207168918, 0.000317245780025, -0.000330544513417, 0.000848150171805, -0.00110790133476, 0.00126246607397], [-0.00029704006738, 0.000661057361867, -0.000548281648662, 0.00312492833473, -0.00104191282298, -0.000321174069541, -0.000255051272688, 0.000874589779414, -0.000527653377503, 0.000770430022385, -0.00158786645625, 0.00253350613639, -0.00190972024575], [0.000250164826866, -0.000712514854968, -3.15503712045e-05, -0.00104191282298, 0.00406162021682, -0.00172730779741, -0.000974397698883, 0.00101176754106, -0.00097433233168, -0.00110322167166, 0.00169494573493, -0.000669932109304, 0.000549285206944], [-0.000239375440287, 0.00117902702186, -0.000652292917948, -0.000321174069541, -0.00172730779741, 0.00672976160422, -0.00217373971827, -0.00111502408981, 0.00124828901608, 0.000153793938807, -0.00162060395814, 0.00152555364184, -0.00197333912365], [0.00019527200493, -0.000506373122334, 0.000335827848176, -0.000255051272688, -0.000974397698883, -0.00217373971827, 0.00747864320874, -0.00313199544325, -0.00142249802593, 0.00156086182687, -0.00122317299247, -0.00027487258194, 0.00061866332544], [-0.000304569199216, 0.000632545154076, -0.000582207168918, 0.000874589779414, 0.00101176754106, -0.00111502408981, -0.00313199544325, 0.00962017476559, -0.00343186687678, -0.00134358741343, 0.00102680257987, -0.00107478583232, -0.000539919594303], [0.000130778033054, -0.000648212910164, 0.000317245780025, -0.000527653377503, -0.00097433233168, 0.00124828901608, -0.00142249802593, -0.00343186687678, 0.00867865979671, -0.00269051315263, -0.000647169479635, -0.00018001763965, -0.000658533594105], [-0.000227041789913, 0.00144852150697, -0.000330544513417, 0.000770430022385, -0.00110322167166, 0.000153793938807, 0.00156086182687, -0.00134358741343, -0.00269051315263, 0.0108401589096, -0.00531415967271, 0.000770478567574, -0.000304090121062], [0.000369747634977, -0.00227710511535, 0.000848150171805, -0.00158786645625, 0.00169494573493, -0.00162060395814, -0.00122317299247, 0.00102680257987, -0.000647169479635, -0.00531415967271, 0.0150589346886, -0.00750262150541, 0.00214411434717], [-0.00049733358901, 0.00210637249984, -0.00110790133476, 0.00253350613639, -0.000669932109304, 0.00152555364184, -0.00027487258194, -0.00107478583232, -0.00018001763965, 0.000770478567574, -0.00750262150541, 0.0159879177809, -0.00632658228278], [0.000377400487196, -0.00149013265036, 0.00126246607397, -0.00190972024575, 0.000549285206944, -0.00197333912365, 0.00061866332544, -0.000539919594303, -0.000658533594105, -0.000304090121062, 0.00214411434717, -0.00632658228278, 0.0122620537877]]
    },
    "melbands": {
        "dmean": [0.00331878010184, 0.00241959723644, 0.0014284189092, 0.000625214655884, 0.000296374375466, 0.000235085608438, 0.000230100165936, 0.000187759840628, 0.000137339753564, 0.0001323169854, 8.90840601642e-05, 7.76292581577e-05, 5.00173555338e-05, 5.55723563593e-05, 3.57489116141e-05, 4.21947333962e-05, 2.92607255687e-05, 2.56700950558e-05, 2.61508539552e-05, 2.17715441977e-05, 1.79220751306e-05, 1.32892319016e-05, 1.16629544209e-05, 9.9340277302e-06, 9.68067161011e-06, 8.98822963791e-06, 6.90243314239e-06, 6.01197461947e-06, 5.72743283556e-06, 4.77958883494e-06, 4.19656134909e-06, 2.66656184067e-06, 2.69803263109e-06, 2.26726501751e-06, 2.13525413528e-06, 1.61575826496e-06, 1.23349877867e-06, 1.21309153656e-06, 8.80209256593e-07, 7.21933531622e-07],
        "dmean2": [0.00474692508578, 0.00347234332003, 0.0023365363013, 0.0010801696917, 0.000495359068736, 0.00036764255492, 0.00035475063487, 0.000284654088318, 0.000208449608181, 0.00020257862343, 0.000137915296364, 0.000121670440421, 7.95416272013e-05, 8.76973936101e-05, 5.76324091526e-05, 6.86458006385e-05, 4.81227798446e-05, 4.25655853178e-05, 4.22883531428e-05, 3.52417446265e-05, 3.02097178064e-05, 2.21216541831e-05, 1.9946062821e-05, 1.67639664141e-05, 1.61609150382e-05, 1.49061306729e-05, 1.14308595585e-05, 1.0070787539e-05, 9.86574741546e-06, 8.10434266896e-06, 7.1225681495e-06, 4.49254685009e-06, 4.61418312625e-06, 3.86889360016e-06, 3.66182644029e-06, 2.73478872259e-06, 2.06820277526e-06, 1.99179157789e-06, 1.42665453495e-06, 1.15858233585e-06],
        "dvar": [2.65343460342e-05, 2.22050421144e-05, 1.2354377759e-05, 2.93470679935e-06, 5.08300161073e-07, 2.75375498404e-07, 2.93648355409e-07, 1.50997209403e-07, 9.78886944836e-08, 1.10923267016e-07, 4.21463006717e-08, 3.27790949939e-08, 1.23105472483e-08, 2.23304077451e-08, 8.25697643592e-09, 1.46164316206e-08, 5.94622173722e-09, 4.153517974e-09, 7.96413246462e-09, 1.1770728392e-08, 1.88518045618e-09, 7.07519764997e-10, 5.17038634129e-10, 3.76138897806e-10, 3.46188189226e-10, 2.8938212937e-10, 2.05974709511e-10, 1.634673924e-10, 1.84949847104e-10, 2.71750538738e-10, 9.92823115387e-11, 2.63448915461e-11, 3.34244090738e-11, 2.37048020102e-11, 2.3278474634e-11, 1.21740621056e-11, 7.40901957841e-12, 7.09736609761e-12, 3.25042488585e-12, 1.92564562386e-12],
        "dvar2": [5.83865003136e-05, 4.69825645268e-05, 3.10329451167e-05, 8.0265554061e-06, 1.31043611873e-06, 6.57849057006e-07, 7.33309775569e-07, 3.29319647108e-07, 2.0952033708e-07, 2.41546359803e-07, 9.44578175677e-08, 7.63833796213e-08, 2.8321927914e-08, 4.98540835281e-08, 1.85639397188e-08, 3.42514177021e-08, 1.32791839746e-08, 1.01933590457e-08, 1.83667179243e-08, 2.97335471799e-08, 4.86692242063e-09, 1.86549509174e-09, 1.36368960568e-09, 9.44913258749e-10, 8.60400362068e-10, 7.15178749555e-10, 5.0435999821e-10, 4.22584661708e-10, 5.1108361987e-10, 7.3119249544e-10, 2.70046623951e-10, 6.84048304112e-11, 9.17071141249e-11, 6.3526052474e-11, 6.46716777353e-11, 3.31485290606e-11, 1.99442719284e-11, 1.85678451781e-11, 8.35423136919e-12, 4.73359025588e-12],
        "max": [0.0564330853522, 0.0547422356904, 0.0393838472664, 0.0218929313123, 0.0195257943124, 0.0127309830859, 0.0181260295212, 0.00952588301152, 0.00857135187835, 0.00953514687717, 0.00532569363713, 0.00478705996647, 0.0029200988356, 0.00352703034878, 0.00367833161727, 0.00482025649399, 0.00286828912795, 0.00239813537337, 0.00324574648403, 0.00532271293923, 0.00194220547564, 0.000908887013793, 0.00038004014641, 0.000513578997925, 0.000543178524822, 0.00035946117714, 0.000459108443465, 0.000397147930926, 0.000342281215126, 0.000962706573773, 0.000426854618127, 9.29477973841e-05, 7.9602439655e-05, 8.33401063574e-05, 0.000104071332316, 5.35629951628e-05, 5.25338982698e-05, 4.69806909678e-05, 3.849136192e-05, 2.35719198827e-05],
        "mean": [0.00699384743348, 0.00374752306379, 0.00165629805997, 0.000713248271495, 0.000427261809818, 0.000390877830796, 0.000389232882299, 0.000315125362249, 0.00022755851387, 0.000197218469111, 0.000141859971336, 0.000117777752166, 7.32158077881e-05, 8.33997473819e-05, 5.2217834309e-05, 5.74823279749e-05, 4.18897616328e-05, 3.87575964851e-05, 3.70591551473e-05, 3.11294606945e-05, 2.63135752903e-05, 2.09526297112e-05, 1.64316734299e-05, 1.43677507367e-05, 1.50608357217e-05, 1.44381747305e-05, 1.09422044261e-05, 8.95942412171e-06, 7.77469540481e-06, 6.39701056571e-06, 5.26902795173e-06, 3.67611937691e-06, 3.40058954862e-06, 2.89189392788e-06, 2.69756310445e-06, 2.07446555578e-06, 1.67775726823e-06, 1.61486150319e-06, 1.2755753005e-06, 1.0639013226e-06],
        "median": [0.00345812132582, 0.00107352226041, 0.000388534157537, 0.000251366232987, 0.000166188110597, 0.000132929111714, 0.000108441425255, 8.97199061001e-05, 7.20128882676e-05, 5.87960821576e-05, 4.56437010143e-05, 3.67462489521e-05, 2.62796129391e-05, 2.8668106097e-05, 2.18723253056e-05, 2.05021606234e-05, 1.65561323229e-05, 1.59712217283e-05, 1.32053282869e-05, 1.03712945929e-05, 1.18620118883e-05, 9.74555587163e-06, 7.91217735241e-06, 6.85977011017e-06, 6.44152851237e-06, 6.72583200867e-06, 5.27924294147e-06, 4.06526442021e-06, 3.27181305693e-06, 2.60371780314e-06, 2.10173629966e-06, 1.62678816196e-06, 1.30995033487e-06, 1.0617877706e-06, 7.97706036337e-07, 6.20689149855e-07, 5.18682213624e-07, 4.31837776205e-07, 3.63815757964e-07, 3.21684808569e-07],
        "min": [2.27935935145e-24, 2.08243048165e-24, 3.4060935239e-24, 2.60732886444e-24, 1.13058184151e-24, 2.56717466107e-24, 1.79889770067e-24, 2.89360767024e-24, 1.10365190514e-24, 1.47378800567e-24, 7.07019150102e-25, 2.60340546473e-24, 4.20074151272e-24, 3.78730385103e-24, 3.74849741652e-24, 3.73270757664e-24, 5.26129794661e-24, 3.69890607014e-24, 3.35862697437e-24, 5.5262960462e-24, 5.57734954626e-24, 4.71827489288e-24, 3.31517848786e-24, 5.31807581583e-24, 5.25349492897e-24, 5.49359894497e-24, 4.1899688282e-24, 5.6861504256e-24, 5.75252084343e-24, 6.55584196347e-24, 4.98942610753e-24, 7.18954812813e-24, 5.75450956177e-24, 7.54324495904e-24, 6.88238068e-24, 6.1025167334e-24, 6.83878191549e-24, 7.05383328686e-24, 6.05706375133e-24, 6.72635109269e-24],
        "var": [7.48099628254e-05, 3.94231137761e-05, 1.40247984746e-05, 2.46104650614e-06, 7.70793178617e-07, 6.37480695787e-07, 6.72925466461e-07, 3.82987167313e-07, 2.1748638801e-07, 2.14058758274e-07, 8.9832418837e-08, 6.43288728952e-08, 2.265011112e-08, 3.887706157e-08, 1.23786296768e-08, 2.12080433215e-08, 9.20286602479e-09, 6.74840139325e-09, 1.07380788705e-08, 1.285368878e-08, 2.41194419992e-09, 1.44771727939e-09, 6.58613774629e-10, 5.25421928188e-10, 6.31970198395e-10, 5.58158519404e-10, 3.0242053306e-10, 2.14488898864e-10, 2.02245359349e-10, 2.18232126814e-10, 8.98483648593e-11, 3.38090215546e-11, 3.41158420958e-11, 2.47223023303e-11, 2.40274918017e-11, 1.294420994e-11, 8.19957990394e-12, 8.31692874292e-12, 4.73588572872e-12, 2.9717456794e-12]
    },
    "mfcc": {
        "mean": [-650.254516602, 114.05456543, 5.74902677536, 27.1255722046, 5.96303319931, 9.47208213806, 5.93450403214, 5.06408548355, 4.1567158699, 6.31606864929, 2.89059638977, 2.12735462189, 2.04125928879],
        "cov": [[12376.5302734, -292.679992676, -368.430755615, 209.804611206, -359.233703613, -165.6665802, 21.0171356201, 201.120773315, 11.7685279846, 40.9029960632, 99.4089584351, 201.518829346, 62.0436706543], [-292.679992676, 1802.0925293, -235.01411438, 50.2769012451, 27.0380039215, -69.0826263428, -44.7660827637, -36.9667167664, -59.349697113, -48.8243370056, 18.8698387146, 15.6695232391, 2.75340867043], [-368.430755615, -235.01411438, 996.182800293, 108.715026855, 149.656585693, 87.4400558472, 71.2141342163, 66.4178695679, 28.3081989288, 21.0873241425, 28.3846664429, 26.1808242798, 5.89860343933], [209.804611206, 50.2769012451, 108.715026855, 341.908905029, 130.92036438, 109.809165955, 73.8181838989, 35.2818565369, 39.6206054688, 46.5433120728, 29.7934017181, -3.94564604759, -6.08301496506], [-359.233703613, 27.0380039215, 149.656585693, 130.92036438, 289.397521973, 164.572814941, 80.3115081787, 36.0165367126, 51.8806419373, 53.4588470459, 5.82333469391, -5.00228881836, 16.6845569611], [-165.6665802, -69.0826263428, 87.4400558472, 109.809165955, 164.572814941, 259.759002686, 138.120651245, 55.8536186218, 60.6711044312, 56.293598175, 30.6459617615, -7.61068534851, 1.69992744923], [21.0171356201, -44.7660827637, 71.2141342163, 73.8181838989, 80.3115081787, 138.120651245, 202.451126099, 93.8379821777, 50.9262313843, 50.9691772461, 37.1625709534, -5.03245639801, -3.86871743202], [201.120773315, -36.9667167664, 66.4178695679, 35.2818565369, 36.0165367126, 55.8536186218, 93.8379821777, 197.278503418, 98.7018508911, 66.5746841431, 30.9625606537, 38.622592926, 21.4796276093], [11.7685279846, -59.349697113, 28.3081989288, 39.6206054688, 51.8806419373, 60.6711044312, 50.9262313843, 98.7018508911, 176.223983765, 104.021911621, 26.6151371002, 24.1982688904, 32.2161178589], [40.9029960632, -48.8243370056, 21.0873241425, 46.5433120728, 53.4588470459, 56.293598175, 50.9691772461, 66.5746841431, 104.021911621, 160.208282471, 61.9575920105, 24.8815670013, 36.5767364502], [99.4089584351, 18.8698387146, 28.3846664429, 29.7934017181, 5.82333469391, 30.6459617615, 37.1625709534, 30.9625606537, 26.6151371002, 61.9575920105, 126.869438171, 60.637386322, 20.6345729828], [201.518829346, 15.6695232391, 26.1808242798, -3.94564604759, -5.00228881836, -7.61068534851, -5.03245639801, 38.622592926, 24.1982688904, 24.8815670013, 60.637386322, 165.67098999, 80.4218063354], [62.0436706543, 2.75340867043, 5.89860343933, -6.08301496506, 16.6845569611, 1.69992744923, -3.86871743202, 21.4796276093, 32.2161178589, 36.5767364502, 20.6345729828, 80.4218063354, 142.880523682]],
