{
"lowlevel": {
    "average_loudness": 0.888223528862,
    "barkbands_crest": {
        "dmean": 3.00839734077,
        "dmean2": 4.78298330307,
        "dvar": 8.46585178375,
        "dvar2": 20.2616653442,
        "max": 26.4859695435,
        "mean": 10.7418317795,
        "median": 9.88146209717,
        "min": 1.85346984863,
        "var": 25.7924499512
    },
    "barkbands_flatness_db": {
        "dmean": 0.0231434684247,
        "dmean2": 0.0366643331945,
        "dvar": 0.00066959427204,
        "dvar2": 0.00158231460955,
        "max": 0.43566480279,
        "mean": 0.112960904837,
        "median": 0.0994331464171,
        "min": 0.0145113896579,
        "var": 0.00355091900565
    },
    "barkbands_kurtosis": {
        "dmean": 2.57444262505,
        "dmean2": 4.11051607132,
        "dvar": 51.0315132141,
        "dvar2": 106.214485168,
        "max": 338.465087891,
        "mean": 3.28991866112,
        "median": 0.141833782196,
        "min": -1.87273001671,
        "var": 222.667663574
    },
    "barkbands_skewness": {
        "dmean": 0.55652987957,
        "dmean2": 0.881636619568,
        "dvar": 0.453251421452,
        "dvar2": 1.05941939354,
        "max": 15.1595134735,
        "mean": 1.22671031952,
        "median": 0.935850858688,
        "min": -3.96781015396,
        "var": 1.79883897305
    },
    "barkbands_spread": {
        "dmean": 6.65720653534,
        "dmean2": 10.8245296478,
        "dvar": 54.7837638855,
        "dvar2": 139.511383057,
        "max": 107.984382629,
        "mean": 30.6847400665,
        "median": 31.274969101,
        "min": 0.287823528051,
        "var": 212.720336914
    },
    "dissonance": {
        "dmean": 0.015344787389,
        "dmean2": 0.0259472951293,
        "dvar": 0.000270605174592,
        "dvar2": 0.000720319512766,
        "max": 0.500000059605,
        "mean": 0.471940815449,
        "median": 0.479274004698,
        "min": 0.219762399793,
        "var": 0.000648948014714
    },
    "dynamic_complexity": 3.7726585865,
    "erbbands_crest": {
        "dmean": 2.59258008003,
        "dmean2": 4.28222417831,
        "dvar": 7.01886367798,
        "dvar2": 18.3636283875,
        "max": 30.5885429382,
        "mean": 8.46043872833,
        "median": 7.19497919083,
        "min": 2.35365700722,
        "var": 20.4978199005
    },
    "erbbands_flatness_db": {
        "dmean": 0.0159822143614,
        "dmean2": 0.0237210914493,
        "dvar": 0.000292062264634,
        "dvar2": 0.00060730840778,
        "max": 0.42910939455,
        "mean": 0.147563517094,
        "median": 0.132228344679,
        "min": 0.0499878749251,
        "var": 0.00285013439134
    },
    "erbbands_kurtosis": {
        "dmean": 0.827296674252,
        "dmean2": 1.32856953144,
        "dvar": 2.42920923233,
        "dvar2": 5.78738975525,
        "max": 61.5919570923,
        "mean": 0.295665502548,
        "median": -0.314349412918,
        "min": -1.87696480751,
        "var": 7.76070165634
    },
    "erbbands_skewness": {
        "dmean": 0.350774228573,
        "dmean2": 0.546337842941,
        "dvar": 0.131502404809,
        "dvar2": 0.317914783955,
        "max": 6.76795768738,
        "mean": 0.129636153579,
        "median": -0.0117764947936,
        "min": -3.45463585854,
        "var": 0.648241102695
    },
    "erbbands_spread": {
        "dmean": 8.54816055298,
        "dmean2": 12.972454071,
        "dvar": 125.309036255,
        "dvar2": 262.425567627,
        "max": 151.107711792,
        "mean": 39.2885551453,
        "median": 36.4116134644,
        "min": 2.16501951218,
        "var": 350.808197021
    },
    "hfc": {
        "dmean": 8.22593784332,
        "dmean2": 12.9634943008,
        "dvar": 142.476333618,
        "dvar2": 354.62487793,
        "max": 162.971496582,
        "mean": 28.9358654022,
        "median": 26.1023654938,
        "min": 1.07180405859e-16,
        "var": 472.997314453
    },
    "melbands_crest": {
        "dmean": 3.89879417419,
        "dmean2": 6.22492742538,
        "dvar": 14.9031038284,
        "dvar2": 35.0312805176,
        "max": 34.3127670288,
        "mean": 15.8234262466,
        "median": 15.4630670547,
        "min": 1.58429038525,
        "var": 40.5783843994
    },
    "melbands_flatness_db": {
        "dmean": 0.0298272389919,
        "dmean2": 0.0471542961895,
        "dvar": 0.00121258071158,
        "dvar2": 0.00278722913936,
        "max": 0.507795572281,
        "mean": 0.166647389531,
        "median": 0.155983686447,
        "min": 0.00278198882006,
        "var": 0.00554783083498
    },
    "melbands_kurtosis": {
        "dmean": 8.08846187592,
        "dmean2": 13.0534067154,
        "dvar": 332.410217285,
        "dvar2": 744.649475098,
        "max": 474.11895752,
        "mean": 12.7538557053,
        "median": 4.59213018417,
        "min": -1.63098371029,
        "var": 716.631469727
    },
    "melbands_skewness": {
        "dmean": 0.859670937061,
        "dmean2": 1.3444712162,
        "dvar": 1.43924963474,
        "dvar2": 3.09557294846,
        "max": 17.3897838593,
        "mean": 2.51725077629,
        "median": 1.98282504082,
        "min": -1.86846768856,
        "var": 3.905575037
    },
    "melbands_spread": {
        "dmean": 10.0104846954,
        "dmean2": 16.3940010071,
        "dvar": 143.10899353,
        "dvar2": 346.973388672,
        "max": 158.230422974,
        "mean": 33.2993392944,
        "median": 30.7418365479,
        "min": 0.399216502905,
        "var": 457.307647705
    },
    "pitch_salience": {
        "dmean": 0.0857200324535,
        "dmean2": 0.137184455991,
        "dvar": 0.00790499802679,
        "dvar2": 0.0187831185758,
        "max": 0.881253004074,
        "mean": 0.50976485014,
        "median": 0.51348143816,
        "min": 0.0882768109441,
        "var": 0.0187076572329
    },
    "silence_rate_20dB": {
        "dmean": 0,
        "dmean2": 0,
        "dvar": 0,
        "dvar2": 0,
        "max": 1,
        "mean": 1,
        "median": 1,
        "min": 1,
        "var": 0
    },
    "silence_rate_30dB": {
        "dmean": 0.000458085210994,
        "dmean2": 0.000916240387596,
        "dvar": 0.000457870337414,
        "dvar2": 0.00122089101933,
        "max": 1,
        "mean": 0.999694645405,
        "median": 1,
        "min": 0,
        "var": 0.000305261695758
    },
    "silence_rate_60dB": {
        "dmean": 0.0221407841891,
        "dmean2": 0.0442849509418,
        "dvar": 0.0216488819569,
        "dvar2": 0.0464423112571,
        "max": 1,
        "mean": 0.108176194131,
        "median": 0,
        "min": 0,
        "var": 0.0964747965336
    },
    "spectral_centroid": {
        "dmean": 307.292907715,
        "dmean2": 487.514465332,
        "dvar": 125853.515625,
        "dvar2": 285370.46875,
        "max": 11935.6269531,
        "mean": 1960.16723633,
        "median": 1993.61499023,
        "min": 149.328872681,
        "var": 1165084.25
    },
    "spectral_complexity": {
        "dmean": 5.10826063156,
        "dmean2": 8.04336833954,
        "dvar": 34.4460372925,
        "dvar2": 73.6641769409,
        "max": 59,
        "mean": 23.9963359833,
        "median": 24,
        "min": 0,
        "var": 198.93270874
    },
    "spectral_decrease": {
        "dmean": 2.10885398033e-09,
        "dmean2": 3.16220405416e-09,
        "dvar": 7.20847289272e-18,
        "dvar2": 1.60265069086e-17,
        "max": 1.72773357715e-28,
        "mean": -6.8530821018e-09,
        "median": -6.44852748977e-09,
        "min": -3.0690443964e-08,
        "var": 2.34771509877e-17
    },
    "spectral_energy": {
        "dmean": 0.00831536669284,
        "dmean2": 0.0124124977738,
        "dvar": 0.000107603576907,
        "dvar2": 0.000235898391111,
        "max": 0.120117843151,
        "mean": 0.0284897461534,
        "median": 0.0270782131702,
        "min": 9.86663054137e-21,
        "var": 0.000382108148187
    },
    "spectral_energyband_high": {
        "dmean": 0.000630176393315,
        "dmean2": 0.00101314275526,
        "dvar": 1.09884558697e-06,
        "dvar2": 2.84636439574e-06,
        "max": 0.0214660055935,
        "mean": 0.00171034480445,
        "median": 0.00134393246844,
        "min": 6.95645162666e-21,
        "var": 2.99065936815e-06
    },
    "spectral_energyband_low": {
        "dmean": 0.00589881045744,
        "dmean2": 0.00904791802168,
        "dvar": 8.82533713593e-05,
        "dvar2": 0.000204857540666,
        "max": 0.106694184244,
        "mean": 0.0117280595005,
        "median": 0.00764016620815,
        "min": 7.44908967684e-24,
        "var": 0.000182693227543
    },
    "spectral_energyband_middle_high": {
        "dmean": 0.00250181485899,
        "dmean2": 0.00398821011186,
        "dvar": 1.18820880743e-05,
        "dvar2": 2.82247601717e-05,
        "max": 0.0640675649047,
        "mean": 0.00720173073933,
        "median": 0.00574267469347,
        "min": 1.23060130269e-21,
        "var": 4.15467548009e-05
    },
    "spectral_energyband_middle_low": {
        "dmean": 0.00431385450065,
        "dmean2": 0.00692308461294,
        "dvar": 5.52586752747e-05,
        "dvar2": 0.000134776360937,
        "max": 0.091362722218,
        "mean": 0.00881312228739,
        "median": 0.00654664076865,
        "min": 1.57313442651e-22,
        "var": 8.42899753479e-05
    },
    "spectral_entropy": {
        "dmean": 0.146349817514,
        "dmean2": 0.231660574675,
        "dvar": 0.0265986714512,
        "dvar2": 0.0661116093397,
        "max": 9.82052993774,
        "mean": 7.81863594055,
        "median": 7.91845321655,
        "min": 4.96882534027,
        "var": 0.270606786013
    },
    "spectral_flux": {
        "dmean": 0.0287160649896,
        "dmean2": 0.0430770851672,
        "dvar": 0.000913072668482,
        "dvar2": 0.0018286901759,
        "max": 0.304135262966,
        "mean": 0.091542840004,
        "median": 0.0855600610375,
        "min": 6.32902202868e-11,
        "var": 0.00278920819983
    },
    "spectral_kurtosis": {
        "dmean": 1.29953658581,
        "dmean2": 2.21493506432,
        "dvar": 7.62788581848,
        "dvar2": 22.5110015869,
        "max": 104.253616333,
        "mean": 4.22543478012,
        "median": 2.83558893204,
        "min": -1.25017380714,
        "var": 46.89245224
    },
    "spectral_rms": {
        "dmean": 0.000746519188397,
        "dmean2": 0.0010947244009,
        "dvar": 7.07194431016e-07,
        "dvar2": 1.43949421272e-06,
        "max": 0.0108253471553,
        "mean": 0.00482808379456,
        "median": 0.00513982167467,
        "min": 3.10257657239e-12,
        "var": 4.48454738944e-06
    },
    "spectral_rolloff": {
        "dmean": 693.015014648,
        "dmean2": 1169.85510254,
        "dvar": 913404,
        "dvar2": 2191038.25,
        "max": 19810.546875,
        "mean": 2192.78125,
        "median": 1959.52148438,
        "min": 64.599609375,
        "var": 4282026
    },
    "spectral_skewness": {
        "dmean": 0.165839672089,
        "dmean2": 0.27183803916,
        "dvar": 0.0429417192936,
        "dvar2": 0.119729250669,
        "max": 8.13617038727,
        "mean": 1.38160860538,
        "median": 1.25490140915,
        "min": -0.0818374082446,
        "var": 0.464211046696
    },
    "spectral_spread": {
        "dmean": 457090.875,
        "dmean2": 656619.625,
        "dvar": 386949578752,
        "dvar2": 745653207040,
        "max": 42648656,
        "mean": 5092645,
        "median": 4704201,
        "min": 776963.9375,
        "var": 1.21115508736e+13
    },
    "spectral_strongpeak": {
        "dmean": 0.502220511436,
        "dmean2": 0.873834252357,
        "dvar": 1.01183950901,
        "dvar2": 2.55592894554,
        "max": 18.2405433655,
        "mean": 0.8187251091,
        "median": 0.398336201906,
        "min": 0,
        "var": 1.4397636652
    },
    "zerocrossingrate": {
        "dmean": 0.0113912159577,
        "dmean2": 0.0142120150849,
        "dvar": 0.000158286216902,
        "dvar2": 0.000214338520891,
        "max": 0.73681640625,
        "mean": 0.0799634233117,
        "median": 0.07421875,
        "min": 0.001953125,
        "var": 0.00273392116651
    },
    "barkbands": {
        "dmean": [0.00032894447213, 0.0044757486321, 0.00210202601738, 0.00165077077691, 0.00164025695994, 0.000611526949797, 0.00068816752173, 0.000547329778783, 0.00102014408913, 0.000598070095293, 0.000555559352506, 0.000496304070111, 0.000431983877206, 0.000487388431793, 0.000425807898864, 0.000412942899857, 0.000373807968572, 0.000360442791134, 0.000278610503301, 0.000262018555077, 0.000210705664358, 0.000161245610798, 0.000124305777717, 9.89838808891e-05, 6.5384338086e-05, 3.25662404066e-05, 6.90813931215e-06],
        "dmean2": [0.000453719054349, 0.00656908890232, 0.00361091457307, 0.00286662974395, 0.00278323120438, 0.000989425810985, 0.00108388240915, 0.000874565797858, 0.00159087439533, 0.000944018713199, 0.000881441053934, 0.000801760295872, 0.000717870134395, 0.000805418938398, 0.000696359202266, 0.000675927323755, 0.000620849838015, 0.000593661912717, 0.000460113049485, 0.000433698063716, 0.000350981921656, 0.000270351534709, 0.000210553291254, 0.000159945120686, 0.00010229673353, 4.75640663353e-05, 1.06529432742e-05],
        "dvar": [5.48970888303e-07, 6.19825950707e-05, 2.50742577919e-05, 2.09079917113e-05, 2.1392124836e-05, 1.69590157384e-06, 1.88427770809e-06, 1.34005335894e-06, 4.83963867737e-06, 1.55123439072e-06, 1.22044650652e-06, 1.16846217679e-06, 7.84835151535e-07, 9.31165800466e-07, 7.26954624497e-07, 7.4823748264e-07, 4.76163450003e-07, 3.18162108215e-07, 2.21901586883e-07, 1.7952278597e-07, 1.07936813265e-07, 8.56054711562e-08, 5.29702113283e-08, 3.18733128779e-08, 1.69102456482e-08, 5.34142374775e-09, 3.34057920215e-10],
        "dvar2": [1.00398085578e-06, 0.000140788208228, 6.68331704219e-05, 5.57926869078e-05, 5.73974029976e-05, 4.28794373875e-06, 4.35804849985e-06, 3.0269779927e-06, 1.05681874629e-05, 3.26750819113e-06, 2.71432895715e-06, 2.87308307634e-06, 2.00546560336e-06, 2.36663026953e-06, 1.6324185026e-06, 1.83435531653e-06, 1.11271958758e-06, 7.63532568726e-07, 5.62796685699e-07, 4.64504751108e-07, 2.80140113773e-07, 2.34900596752e-07, 1.44201905528e-07, 8.09847975347e-08, 4.25504147472e-08, 1.22236034628e-08, 7.57850948663e-10],
        "max": [0.0146015407518, 0.102809898555, 0.0555870905519, 0.0667544603348, 0.0751060172915, 0.028858454898, 0.0289813671261, 0.0300580859184, 0.0408678539097, 0.0378512665629, 0.0241468269378, 0.0215889532119, 0.0221207421273, 0.0258723031729, 0.0444947183132, 0.0259749013931, 0.0307699888945, 0.0109453108162, 0.0110069951043, 0.00745477899909, 0.00548281567171, 0.00848691351712, 0.00613058404997, 0.00281327450648, 0.00226733298041, 0.0010728307534, 0.000357524055289],
        "mean": [0.000553190824576, 0.00799562875181, 0.00232977815904, 0.00159845803864, 0.00208331202157, 0.00103632488754, 0.00124501844402, 0.000870853895321, 0.00175067421515, 0.000892728625331, 0.000844366964884, 0.000740520190448, 0.000629796762951, 0.000741038355045, 0.000711313390639, 0.000708451203536, 0.000613290118054, 0.000632945622783, 0.000523339665961, 0.000518549408298, 0.000453459128039, 0.000325803848682, 0.000255102029769, 0.000214587460505, 0.000142817254527, 6.75031988067e-05, 1.08427020677e-05],
        "median": [3.35273580276e-05, 0.00269208010286, 0.000537975574844, 0.000371923088096, 0.000719044706784, 0.000407383777201, 0.000372716720449, 0.00029020261718, 0.000520113098901, 0.00028376627597, 0.000290135358227, 0.000310564908432, 0.000302757369354, 0.000328216177877, 0.000341061851941, 0.00031258186209, 0.000340049300576, 0.000376811105525, 0.000294606899843, 0.000341284438036, 0.0003215703764, 0.000216125699808, 0.000169995561009, 0.000125527425553, 7.61046248954e-05, 2.67033501586e-05, 1.74440458522e-06],
        "min": [5.93666839163e-25, 2.03865540673e-24, 1.94713477204e-25, 1.27483472158e-24, 6.92235620637e-24, 8.30547707555e-24, 6.94475906722e-24, 5.71755497824e-24, 1.80623335767e-23, 1.12536869366e-23, 1.76392090975e-23, 2.22361114292e-23, 2.97659212982e-23, 2.72867996858e-23, 5.45650354976e-23, 5.98513060195e-23, 5.92457574559e-23, 4.99408306899e-23, 1.48839978434e-22, 1.82756466142e-22, 1.70167483028e-22, 2.97845049679e-22, 4.14760849642e-22, 6.36884340097e-22, 8.55653922149e-22, 1.20893577436e-21, 1.93529627766e-21],
        "var": [1.42340354614e-06, 0.000125724167447, 2.15584041143e-05, 1.61629905051e-05, 1.99179212359e-05, 3.46990168509e-06, 5.18279784956e-06, 3.10781047119e-06, 1.12835996333e-05, 3.73106581719e-06, 2.85231089947e-06, 1.99675400836e-06, 1.35435493576e-06, 1.74013109699e-06, 2.09334098145e-06, 1.63323068136e-06, 9.99381995825e-07, 6.44779447612e-07, 4.6675401677e-07, 3.49500965058e-07, 2.51015364938e-07, 1.51304362817e-07, 1.03240580529e-07, 7.61880230016e-08, 3.96408061931e-08, 1.34301680887e-08, 7.55348950054e-10]
    },
    "erbbands": {
        "dmean": [0.156470879912, 0.973638176918, 2.15264225006, 4.20023870468, 5.45270681381, 5.90809726715, 4.63257408142, 5.28687524796, 7.66392755508, 11.8465471268, 14.4509868622, 20.5972576141, 21.3775043488, 16.7299461365, 18.7107524872, 17.8895969391, 18.5525741577, 22.7457408905, 18.3177089691, 24.0397777557, 23.0038433075, 20.6925106049, 18.6995620728, 16.0863037109, 13.1104698181, 11.5579652786, 9.63861083984, 7.55384874344, 5.94390296936, 4.62912130356, 3.62917160988, 2.41106009483, 1.57808589935, 0.905578136444, 0.410694748163, 0.172211289406, 0.0550792627037, 0.0126697393134, 0.0010737599805, 2.29605011555e-05],
        "dmean2": [0.220781549811, 1.43597185612, 3.52228832245, 7.20169210434, 9.30904960632, 10.0828828812, 7.60466432571, 8.51943206787, 12.1136207581, 18.6864929199, 22.7174892426, 32.2544670105, 33.5617752075, 25.7255916595, 30.5010681152, 28.8806591034, 30.4430770874, 37.673538208, 30.307220459, 39.001663208, 37.2050437927, 34.4688873291, 30.7282943726, 26.2868785858, 21.5833053589, 19.1623420715, 16.090587616, 12.5845985413, 9.95545005798, 7.76182508469, 6.16959762573, 3.99786043167, 2.5755417347, 1.4636092186, 0.631815433502, 0.257658481598, 0.0812350288033, 0.0185965187848, 0.00166739814449, 3.37329001923e-05],
        "dvar": [0.0788769647479, 3.41879582405, 24.1457538605, 116.258354187, 267.759033203, 288.078948975, 128.389282227, 127.136421204, 275.4503479, 650.216674805, 960.957092285, 2607.17333984, 1737.13708496, 930.776733398, 1693.83825684, 1261.18371582, 1288.39904785, 2437.20458984, 1041.62927246, 3518.16552734, 2283.04711914, 1583.21166992, 968.373962402, 629.869628906, 457.998504639, 365.424346924, 238.61277771, 155.759750366, 113.488067627, 70.7983779907, 48.4278526306, 17.2024326324, 10.1611089706, 3.12290740013, 0.73898768425, 0.145141765475, 0.0153074208647, 0.000916355056688, 8.12669622974e-06, 1.89413795759e-09],
        "dvar2": [0.170212686062, 7.89549350739, 62.2767677307, 307.249176025, 701.411315918, 793.442932129, 344.989868164, 311.824645996, 624.408996582, 1565.90161133, 2125.84643555, 5939.01464844, 3937.82373047, 1910.77990723, 4319.30566406, 2996.03295898, 3122.89672852, 6271.16210938, 2657.60546875, 7886.09228516, 5405.33105469, 3628.04541016, 2299.97241211, 1522.82141113, 1181.21582031, 946.510864258, 634.221069336, 412.131317139, 310.944854736, 192.098083496, 133.068191528, 44.2220077515, 26.8576869965, 8.07229137421, 1.83711826801, 0.33983361721, 0.0355029664934, 0.00201920117252, 1.83868396562e-05, 4.07670119884e-09],
        "max": [4.73060894012, 20.3202724457, 57.72838974, 138.370697021, 258.745025635, 270.54788208, 244.265762329, 228.266708374, 493.348480225, 561.045715332, 755.157104492, 1197.75512695, 835.182678223, 893.455383301, 770.692443848, 661.016845703, 1121.61340332, 1454.44555664, 555.051452637, 3386.0925293, 1385.54626465, 2145.21777344, 660.133239746, 452.197479248, 389.027252197, 459.623748779, 312.980651855, 237.048858643, 309.443969727, 277.371704102, 156.066802979, 87.665145874, 63.0550880432, 30.4925117493, 12.4467697144, 5.76450157166, 2.05728983879, 0.594156444073, 0.0646152943373, 0.000943530001678],
        "mean": [0.283582925797, 1.56814777851, 2.71903753281, 4.46896123886, 5.71590709686, 7.73259544373, 7.22909069061, 9.01993846893, 13.4945631027, 21.9254055023, 25.0863456726, 33.7686882019, 36.1744613647, 29.4195461273, 28.9062576294, 28.6113471985, 30.1889953613, 36.4785804749, 30.6752605438, 43.0559692383, 41.9721107483, 36.2088508606, 33.816204071, 31.0299339294, 26.3083057404, 23.4783573151, 20.9704685211, 15.3397006989, 12.0560092926, 9.29428863525, 7.03684854507, 5.07613134384, 3.23646664619, 1.8759073019, 0.868835687637, 0.35270062089, 0.112921528518, 0.02477295883, 0.00164619460702, 6.50941583444e-05],
        "median": [0.0466166809201, 0.584013521671, 0.883938372135, 1.36265015602, 1.67893707752, 2.42220759392, 2.84573292732, 3.60000896454, 4.80050945282, 6.8621878624, 8.76751995087, 11.2739181519, 12.2199983597, 12.701997757, 13.4203996658, 13.5181779861, 15.5853624344, 17.5801048279, 17.7083148956, 20.8529338837, 20.4685668945, 21.5766372681, 21.2212600708, 19.043012619, 16.0784130096, 15.4486446381, 15.07335186, 10.6294031143, 8.03793239594, 6.18382835388, 4.59176492691, 2.93216443062, 1.86177802086, 1.02024543285, 0.433745235205, 0.151244059205, 0.041789829731, 0.00695718126372, 0.000261765293544, 4.88840632897e-05],
        "min": [2.77617791477e-23, 4.16792122297e-22, 1.23956296452e-21, 6.95304112222e-21, 7.17563833312e-21, 2.65473810985e-20, 5.4344622409e-20, 4.89900076542e-20, 1.4447487465e-19, 1.65111415346e-19, 1.86217936802e-19, 4.01240086141e-19, 4.33490669152e-19, 8.21627438908e-19, 1.17309379285e-18, 9.09676679211e-19, 1.52631345949e-18, 1.8757031765e-18, 2.64620061719e-18, 3.1782256096e-18, 4.15522682905e-18, 3.38948795163e-18, 3.53704291084e-18, 6.50718834222e-18, 7.86301760271e-18, 8.40509635508e-18, 8.79615177992e-18, 9.28664837647e-18, 1.03366367045e-17, 1.20845355132e-17, 1.09242550583e-17, 9.30147310741e-18, 1.01188681733e-17, 7.53985385382e-18, 6.2372722773e-18, 4.17969565875e-18, 2.10231095967e-18, 1.04620128835e-18, 2.68336227489e-19, 2.61072240774e-20],
        "var": [0.193671867251, 5.63671922684, 23.4950752258, 95.6645050049, 215.598632812, 312.300750732, 191.039520264, 274.085205078, 702.305603027, 1914.69348145, 2219.08691406, 4922.32763672, 4374.53271484, 2457.48754883, 2807.36157227, 2442.82177734, 2888.24243164, 5031.06005859, 1803.96606445, 10596.5673828, 5637.24853516, 3385.40991211, 1909.8684082, 1396.65515137, 978.439147949, 720.239990234, 570.471191406, 302.449707031, 204.036560059, 137.509216309, 81.4417495728, 41.6475639343, 19.0316753387, 6.66829013824, 1.62232196331, 0.330668032169, 0.0405555739999, 0.00253390520811, 1.81741543201e-05, 5.96788041207e-09]
    },
    "gfcc": {
        "mean": [-3.62142777443, 60.6581840515, -124.280021667, 34.3454742432, -55.9272384644, 18.5637874603, -31.6103687286, 15.2878332138, -20.2163162231, 5.68466901779, -16.3602294922, 2.07632255554, -11.3716049194],
        "cov": [[28669.328125, -2146.42260742, -888.445800781, 1827.64868164, -61.2460098267, 1357.40222168, 96.1160507202, 882.920043945, -333.712738037, 744.588012695, -591.497192383, 182.341461182, -413.284332275], [-2146.42260742, 1999.8692627, -17.8101615906, -141.797790527, 33.0706710815, -409.735107422, -119.273231506, -291.797027588, 61.8339042664, -169.447402954, 163.804275513, -63.954082489, 162.119430542], [-888.445800781, -17.8101615906, 1059.98620605, 221.986053467, 240.964141846, 155.09387207, -4.92704296112, -39.5367584229, -39.8638648987, 32.2317657471, -20.6555461884, 22.8647575378, -16.45744133], [1827.64868164, -141.797790527, 221.986053467, 509.575531006, 161.453887939, 216.602264404, 50.9809188843, 19.7918338776, -28.9514446259, 43.0993652344, -27.6033248901, 2.68717813492, -15.1925029755], [-61.2460098267, 33.0706710815, 240.964141846, 161.453887939, 326.558166504, 149.258407593, 134.175979614, 51.8401603699, 43.3581428528, 51.4921264648, 20.1053409576, 1.71265566349, 10.7642288208], [1357.40222168, -409.735107422, 155.09387207, 216.602264404, 149.258407593, 371.222625732, 155.634429932, 171.437026978, 15.1772356033, 97.8068771362, -20.063829422, 43.2409667969, -27.6067810059], [96.1160507202, -119.273231506, -4.92704296112, 50.9809188843, 134.175979614, 155.634429932, 270.488464355, 188.738967896, 109.786506653, 71.7119903564, 16.3982410431, 19.9128227234, 9.40094566345], [882.920043945, -291.797027588, -39.5367584229, 19.7918338776, 51.8401603699, 171.437026978, 188.738967896, 314.049438477, 131.563461304, 135.053619385, 0.497749358416, 32.8334274292, -8.74752140045], [-333.712738037, 61.8339042664, -39.8638648987, -28.9514446259, 43.3581428528, 15.1772356033, 109.786506653, 131.563461304, 175.886245728, 101.075119019, 57.5879249573, 13.9265174866, 25.9709358215], [744.588012695, -169.447402954, 32.2317657471, 43.0993652344, 51.4921264648, 97.8068771362, 71.7119903564, 135.053619385, 101.075119019, 182.064346313, 52.2456054688, 36.9288482666, -9.60801887512], [-591.497192383, 163.804275513, -20.6555461884, -27.6033248901, 20.1053409576, -20.063829422, 16.3982410431, 0.497749358416, 57.5879249573, 52.2456054688, 139.813430786, 55.0480003357, 42.2662391663], [182.341461182, -63.954082489, 22.8647575378, 2.68717813492, 1.71265566349, 43.2409667969, 19.9128227234, 32.8334274292, 13.9265174866, 36.9288482666, 55.0480003357, 120.303192139, 53.6983833313], [-413.284332275, 162.119430542, -16.45744133, -15.1925029755, 10.7642288208, -27.6067810059, 9.40094566345, -8.74752140045, 25.9709358215, -9.60801887512, 42.2662391663, 53.6983833313, 112.085823059]],
        "icov": [[0.000131480337586, -0.000162306940183, 0.000271565280855, -0.000445157842478, 8.98695288925e-05, -0.000132956629386, 0.000191252955119, -0.000348453293554, 0.000647976994514, -0.000864792382345, 0.000814898638055, -0.000555515929591, 0.000349056062987], [-0.000162306940183, 0.00120947591495, -0.000425769889262, 0.000443294731667, -0.000430403131759, 0.000833720027003, -0.000153162633069, 0.000782434944995, -0.00153483171016, 0.00197053444572, -0.00221589393914, 0.00173482834361, -0.00150066521019], [0.000271565280855, -0.000425769889262, 0.00186286692042, -0.00105575693306, -0.000838764070068, -0.000603470136411, 0.000989734893665, -0.000434750516433, 0.00128116074484, -0.00201344513334, 0.00224364898168, -0.00184684479609, 0.00113183667418], [-0.000445157842478, 0.000443294731667, -0.00105575693306, 0.00458802236244, -0.00103498622775, -0.00147081224713, -0.00037211223389, 0.00200071535073, -0.00187010865193, 0.00218987138942, -0.00215975218453, 0.00229402352124, -0.00155479949899], [8.98695288925e-05, -0.000430403131759, -0.000838764070068, -0.00103498622775, 0.0061156610027, -0.00143263372593, -0.00288108340465, 0.00116502691526, 0.00042199055315, -0.0015602101339, -3.28289097524e-05, 0.0011578410631, -0.000690997228958], [-0.000132956629386, 0.000833720027003, -0.000603470136411, -0.00147081224713, -0.00143263372593, 0.00788528099656, -0.00235809525475, -0.00224338937551, 0.00241743959486, -0.000346062704921, -0.000893217686098, -0.000920650491025, 0.000306433852529], [0.000191252955119, -0.000153162633069, 0.000989734893665, -0.00037211223389, -0.00288108340465, -0.00235809525475, 0.0101807843894, -0.00440297275782, -0.00293746055104, 0.00200923183002, 0.000618979218416, -0.000977111514658, 0.00060754804872], [-0.000348453293554, 0.000782434944995, -0.000434750516433, 0.00200071535073, 0.00116502691526, -0.00224338937551, -0.00440297275782, 0.0113538242877, -0.00618742173538, -0.00100712315179, 0.000956220086664, 0.000345492939232, -0.000796998327132], [0.000647976994514, -0.00153483171016, 0.00128116074484, -0.00187010865193, 0.00042199055315, 0.00241743959486, -0.00293746055104, -0.00618742173538, 0.0196121260524, -0.0109249539673, 0.00125240755733, 0.000378119322704, -0.00127195368987], [-0.000864792382345, 0.00197053444572, -0.00201344513334, 0.00218987138942, -0.0015602101339, -0.000346062704921, 0.00200923183002, -0.00100712315179, -0.0109249539673, 0.0197652149945, -0.00983682833612, 0.002180341864, 0.000670284731314], [0.000814898638055, -0.00221589393914, 0.00224364898168, -0.00215975218453, -3.28289097524e-05, -0.000893217686098, 0.000618979218416, 0.000956220086664, 0.00125240755733, -0.00983682833612, 0.0192046277225, -0.00980638805777, 0.00237512798049], [-0.000555515929591, 0.00173482834361, -0.00184684479609, 0.00229402352124, 0.0011578410631, -0.000920650491025, -0.000977111514658, 0.000345492939232, 0.000378119322704, 0.002180341864, -0.00980638805777, 0.019024444744, -0.0100639266893], [0.000349056062987, -0.00150066521019, 0.00113183667418, -0.00155479949899, -0.000690997228958, 0.000306433852529, 0.00060754804872, -0.000796998327132, -0.00127195368987, 0.000670284731314, 0.00237512798049, -0.0100639266893, 0.01664143987]]
    },
    "melbands": {
        "dmean": [0.0012898122659, 0.00106596690603, 0.000739465060178, 0.000401172845159, 0.000178246831638, 0.000119231961435, 0.000120523756777, 0.000124642014271, 0.000135397393024, 0.000131725450046, 0.000110586763185, 7.04633930582e-05, 7.35968933441e-05, 4.82852556161e-05, 5.53461977688e-05, 4.45063669758e-05, 4.32111773989e-05, 3.2734566048e-05, 3.47476379829e-05, 2.90894276986e-05, 2.86534395855e-05, 2.48092328548e-05, 1.7012896933e-05, 1.86761299119e-05, 1.37643519338e-05, 1.13710584628e-05, 1.04900354927e-05, 7.94970037532e-06, 7.03970545146e-06, 5.53997006136e-06, 4.36237314716e-06, 3.87325235351e-06, 3.11092890115e-06, 2.55135410043e-06, 2.32933348343e-06, 1.85263945696e-06, 1.46682725699e-06, 1.24076109387e-06, 1.01941816411e-06, 7.38913797704e-07],
        "dmean2": [0.00186379742809, 0.00167510926258, 0.00124387454707, 0.000683469465002, 0.000294205732644, 0.000191627303138, 0.000190607926925, 0.000196961176698, 0.000212765822653, 0.000207419827348, 0.000174204702489, 0.000108738371637, 0.000118087329611, 7.98445107648e-05, 8.93570177141e-05, 7.34794739401e-05, 7.1641356044e-05, 5.45255315956e-05, 5.65317459404e-05, 4.75741908303e-05, 4.6761266276e-05, 4.14807836933e-05, 2.80344502244e-05, 3.07732880174e-05, 2.25104158744e-05, 1.89151942322e-05, 1.73438056663e-05, 1.32350369313e-05, 1.18063289847e-05, 9.36079595704e-06, 7.27993392502e-06, 6.52317476124e-06, 5.20128469361e-06, 4.295281542e-06, 3.96180894313e-06, 3.15189345201e-06, 2.41510474552e-06, 2.0497220703e-06, 1.68669760114e-06, 1.19758317396e-06],
        "dvar": [5.01880231241e-06, 4.72117471872e-06, 3.47813875123e-06, 1.33661217205e-06, 1.9393539219e-07, 6.15079542854e-08, 5.80609835765e-08, 6.58895231709e-08, 9.32900476869e-08, 9.28146732804e-08, 4.70220982152e-08, 1.71989587017e-08, 2.38829755972e-08, 1.5563214717e-08, 1.44736853613e-08, 9.59147961055e-09, 8.34985058873e-09, 4.22454338178e-09, 5.1476920504e-09, 4.82795003975e-09, 3.75526898466e-09, 2.54052068271e-09, 9.3212659813e-10, 9.92075199768e-10, 5.04411457047e-10, 4.27205437692e-10, 3.34039462757e-10, 1.84215032117e-10, 1.55254628598e-10, 7.62932564347e-11, 5.52244534824e-11, 4.60739328634e-11, 3.60957964907e-11, 1.97780992972e-11, 2.0253944355e-11, 1.13018197231e-11, 6.19866397794e-12, 5.7899722343e-12, 4.56520845432e-12, 1.98481509006e-12],
        "dvar2": [1.10845357995e-05, 1.13372434498e-05, 8.9170089268e-06, 3.57490603164e-06, 5.31741306986e-07, 1.53547190962e-07, 1.35020073344e-07, 1.58944729378e-07, 2.00415669838e-07, 2.1353096713e-07, 1.05632615544e-07, 3.53007862941e-08, 5.65567397359e-08, 4.0568266968e-08, 3.25283728841e-08, 2.46173357255e-08, 2.14804050103e-08, 1.0907692527e-08, 1.19393801512e-08, 1.13836264859e-08, 8.99692587097e-09, 5.79109560306e-09, 2.15595163944e-09, 2.37884068e-09, 1.22088539278e-09, 1.098690805e-09, 8.63596028022e-10, 4.75332717631e-10, 4.18381496115e-10, 2.01925989818e-10, 1.46689410618e-10, 1.26656976573e-10, 9.99015731251e-11, 5.33820591897e-11, 5.59528604005e-11, 3.05598706063e-11, 1.57901278858e-11, 1.52714195456e-11, 1.2362786142e-11, 5.08342630143e-12],
        "max": [0.0345118492842, 0.0240735057741, 0.0245887301862, 0.0196637343615, 0.00671146344393, 0.00463133631274, 0.0065328553319, 0.00514634652063, 0.00804180186242, 0.00734566804022, 0.00476291403174, 0.00330083467998, 0.00362167879939, 0.00304166483693, 0.00303592160344, 0.00206251093186, 0.00248916097917, 0.00124138756655, 0.00291501777247, 0.00306780543178, 0.00163420278113, 0.00273874541745, 0.00119917059783, 0.000841274682898, 0.000421189004555, 0.000471880252007, 0.000336657249136, 0.000288385082968, 0.000308564049192, 0.000128164479975, 0.000171740655787, 0.000156916474225, 0.000184138931218, 0.000145016980241, 0.000107313295302, 8.5336236225e-05, 4.91902828799e-05, 3.94919625251e-05, 4.51876694569e-05, 2.53490215982e-05],
        "mean": [0.00237215706147, 0.00167717819568, 0.000818389293272, 0.000478722766275, 0.000278219522443, 0.000206752141821, 0.000217573615373, 0.000227228243602, 0.000227035838179, 0.000218031083932, 0.000182189556654, 0.000119702133816, 0.000111355388071, 6.90028973622e-05, 8.35180326249e-05, 6.71616944601e-05, 6.6042819526e-05, 4.81163770019e-05, 5.71977361687e-05, 5.06636934006e-05, 4.76864952361e-05, 3.92314541386e-05, 2.81651282421e-05, 3.13774071401e-05, 2.42988626269e-05, 2.03476283787e-05, 1.84696818906e-05, 1.45376834553e-05, 1.39785215652e-05, 1.03547727122e-05, 8.20027889858e-06, 7.09150071998e-06, 5.74995692659e-06, 4.86372346131e-06, 4.16670900449e-06, 3.470626325e-06, 2.92936510959e-06, 2.33472019318e-06, 1.93656160263e-06, 1.45224225889e-06],
        "median": [0.000650148722343, 0.000764718861319, 0.00027683773078, 0.000158078197273, 0.00011219393491, 8.36799299577e-05, 7.88830875535e-05, 6.98329022271e-05, 6.78135475027e-05, 6.82132449583e-05, 5.51558405277e-05, 4.69288570457e-05, 4.36486152466e-05, 2.97485694318e-05, 3.12399752147e-05, 2.9541342883e-05, 2.96454873023e-05, 2.26214360737e-05, 2.66761198873e-05, 2.19679113798e-05, 1.97845893126e-05, 2.06343283935e-05, 1.60625040735e-05, 1.79779017344e-05, 1.36904318424e-05, 1.11613526315e-05, 1.08506574179e-05, 9.01899966266e-06, 9.40639893088e-06, 6.92236380928e-06, 5.36092647963e-06, 4.50959578302e-06, 3.51269341081e-06, 3.10417090077e-06, 2.63916717813e-06, 1.96254291041e-06, 1.62554454164e-06, 1.29799161641e-06, 1.02911178601e-06, 7.54993834562e-07],
        "min": [4.39011053124e-25, 1.05592591899e-24, 1.21776507243e-24, 9.80201484365e-25, 1.78700088936e-24, 1.02734262877e-24, 1.81526025356e-24, 1.79357407285e-24, 1.11338063087e-24, 2.42660832523e-24, 1.67516131781e-24, 2.54658578588e-24, 3.35914722813e-24, 2.25698548124e-24, 2.91822742744e-24, 3.33316372764e-24, 1.91941651711e-24, 3.76068373978e-24, 3.60127506679e-24, 3.37619332901e-24, 4.5603701832e-24, 3.53319637067e-24, 3.60781669584e-24, 2.76137564986e-24, 3.99829850519e-24, 4.96331441713e-24, 4.26510704056e-24, 4.827210273e-24, 4.4778434996e-24, 4.0234363468e-24, 5.49914779257e-24, 5.16027089706e-24, 5.31050945646e-24, 5.81271724139e-24, 5.67228027873e-24, 5.46050899101e-24, 5.48988972099e-24, 6.31113139422e-24, 5.97786290531e-24, 5.0778250717e-24],
        "var": [1.14974127428e-05, 6.11982295595e-06, 3.00750230053e-06, 1.17973752367e-06, 2.66626500434e-07, 1.34931283924e-07, 1.51770947809e-07, 1.92472754179e-07, 2.0966466252e-07, 1.91084851053e-07, 1.19628225548e-07, 4.48569856815e-08, 5.00568404505e-08, 2.07372110594e-08, 3.0584700994e-08, 1.70822218593e-08, 1.6176119999e-08, 6.41821173986e-09, 1.2954036066e-08, 1.21740537651e-08, 8.56030002439e-09, 5.06596409267e-09, 1.84361503841e-09, 2.00107130865e-09, 1.03302033594e-09, 7.88539733509e-10, 5.90344828577e-10, 3.3204528016e-10, 3.30893396017e-10, 1.45355394388e-10, 9.78280720321e-11, 7.71473371297e-11, 5.70342488515e-11, 4.01789122806e-11, 3.05486365371e-11, 2.10422113761e-11, 1.48255834692e-11, 1.03726645329e-11, 7.74459663067e-12, 4.21507837314e-12]
    },
    "mfcc": {
        "mean": [-633.436950684, 87.2630233765, -6.90262413025, 19.1873016357, 1.27495896816, 5.73981904984, 2.5065433979, 6.91092252731, 4.02024507523, 5.04176568985, 1.34580993652, 2.5987303257, -0.477034181356],
        "cov": [[14799.8642578, -100.855186462, -318.805084229, 699.009643555, 272.474090576, 658.586669922, 515.171447754, 379.943237305, 474.946929932, 474.075012207, 267.024993896, 165.07182312, 92.1424484253], [-100.855186462, 1338.82751465, -25.69880867, 125.991065979, 14.6767282486, -95.3753814697, -114.392356873, -99.6560668945, -86.8603286743, -56.172908783, -76.7100448608, -47.6253585815, -7.16497802734], [-318.805084229, -25.69880867, 655.113769531, 143.219406128, 201.018112183, 134.100021362, 33.9909591675, -22.315322876, -46.898979187, -36.8928375244, -37.6623420715, -40.4141616821, 11.8997974396], [699.009643555, 125.991065979, 143.219406128, 300.183532715, 133.261657715, 120.528198242, 49.0806236267, 4.19541740417, 19.7760028839, 22.6757946014, -6.15650415421, -14.2429151535, 11.4074277878], [272.474090576, 14.6767282486, 201.018112183, 133.261657715, 242.98008728, 147.444641113, 85.9834442139, 10.0941267014, 7.8868188858, 21.5613384247, -9.16062545776, -0.506532430649, 19.8849411011], [658.586669922, -95.3753814697, 134.100021362, 120.528198242, 147.444641113, 245.768615723, 130.5887146, 63.4053688049, 39.8345031738, 29.7625274658, 18.7998504639, 2.43744564056, 14.3085536957], [515.171447754, -114.392356873, 33.9909591675, 49.0806236267, 85.9834442139, 130.5887146, 194.335769653, 120.369232178, 93.2400283813, 75.3541488647, 49.4571037292, 39.7691383362, 20.92760849], [379.943237305, -99.6560668945, -22.315322876, 4.19541740417, 10.0941267014, 63.4053688049, 120.369232178, 180.039154053, 126.924827576, 66.8578567505, 57.837223053, 40.53855896, 18.4367637634], [474.946929932, -86.8603286743, -46.898979187, 19.7760028839, 7.8868188858, 39.8345031738, 93.2400283813, 126.924827576, 195.840209961, 133.685958862, 81.2622375488, 53.5457954407, 19.7727870941], [474.075012207, -56.172908783, -36.8928375244, 22.6757946014, 21.5613384247, 29.7625274658, 75.3541488647, 66.8578567505, 133.685958862, 175.748092651, 109.02129364, 64.9906463623, 24.0251293182], [267.024993896, -76.7100448608, -37.6623420715, -6.15650415421, -9.16062545776, 18.7998504639, 49.4571037292, 57.837223053, 81.2622375488, 109.02129364, 155.869659424, 93.7523727417, 31.5057239532], [165.07182312, -47.6253585815, -40.4141616821, -14.2429151535, -0.506532430649, 2.43744564056, 39.7691383362, 40.53855896, 53.5457954407, 64.9906463623, 93.7523727417, 124.67250824, 61.7360038757], [92.1424484253, -7.16497802734, 11.8997974396, 11.4074277878, 19.8849411011, 14.3085536957, 20.92760849, 18.4367637634, 19.7727870941, 24.0251293182, 31.5057239532, 61.7360038757, 104.159889221]],
