{
"lowlevel": {
    "average_loudness": 0.924683868885,
    "barkbands_crest": {
        "dmean": 3.33763813972,
        "dmean2": 5.1217417717,
        "dvar": 9.37323951721,
        "dvar2": 19.8259010315,
        "max": 26.0210762024,
        "mean": 11.4941263199,
        "median": 10.6876850128,
        "min": 1.89989817142,
        "var": 27.318063736
    },
    "barkbands_flatness_db": {
        "dmean": 0.027799339965,
        "dmean2": 0.0425022989511,
        "dvar": 0.00100891350303,
        "dvar2": 0.00204532616772,
        "max": 0.686796009541,
        "mean": 0.110167697072,
        "median": 0.0995203107595,
        "min": 0.0159975904971,
        "var": 0.00304768234491
    },
    "barkbands_kurtosis": {
        "dmean": 2.84502124786,
        "dmean2": 4.64140224457,
        "dvar": 265.673156738,
        "dvar2": 749.756713867,
        "max": 679.015319824,
        "mean": 2.78471398354,
        "median": 1.1606528759,
        "min": -1.8195720911,
        "var": 210.06729126
    },
    "barkbands_skewness": {
        "dmean": 0.550013184547,
        "dmean2": 0.840924024582,
        "dvar": 0.570697724819,
        "dvar2": 1.45107412338,
        "max": 17.3922863007,
        "mean": 1.34322392941,
        "median": 1.21612119675,
        "min": -4.40095996857,
        "var": 1.12665307522
    },
    "barkbands_spread": {
        "dmean": 7.97116613388,
        "dmean2": 12.6625080109,
        "dvar": 87.7169952393,
        "dvar2": 221.576889038,
        "max": 127.314804077,
        "mean": 29.2652130127,
        "median": 27.0228271484,
        "min": 0.131783828139,
        "var": 206.52947998
    },
    "dissonance": {
        "dmean": 0.0176653191447,
        "dmean2": 0.029762962833,
        "dvar": 0.000337097444572,
        "dvar2": 0.000937362317927,
        "max": 0.500000119209,
        "mean": 0.467713594437,
        "median": 0.474274158478,
        "min": 0.19878731668,
        "var": 0.000710296444595
    },
    "dynamic_complexity": 2.58583521843,
    "erbbands_crest": {
        "dmean": 2.69492030144,
        "dmean2": 4.35447883606,
        "dvar": 6.8561706543,
        "dvar2": 16.5342254639,
        "max": 29.4566116333,
        "mean": 8.62663269043,
        "median": 7.58319187164,
        "min": 2.2719707489,
        "var": 18.7746295929
    },
    "erbbands_flatness_db": {
        "dmean": 0.0167421642691,
        "dmean2": 0.025524020195,
        "dvar": 0.000336949131452,
        "dvar2": 0.000691327790264,
        "max": 0.432243615389,
        "mean": 0.133276209235,
        "median": 0.123132824898,
        "min": 0.0505407899618,
        "var": 0.00224005081691
    },
    "erbbands_kurtosis": {
        "dmean": 0.718503952026,
        "dmean2": 1.15922451019,
        "dvar": 7.65203475952,
        "dvar2": 19.3221263885,
        "max": 173.188018799,
        "mean": 0.0562570542097,
        "median": -0.237252831459,
        "min": -1.78491556644,
        "var": 6.45564746857
    },
    "erbbands_skewness": {
        "dmean": 0.32611733675,
        "dmean2": 0.491569936275,
        "dvar": 0.138382524252,
        "dvar2": 0.303156614304,
        "max": 11.5767793655,
        "mean": 0.315030395985,
        "median": 0.356737196445,
        "min": -2.42273330688,
        "var": 0.39480394125
    },
    "erbbands_spread": {
        "dmean": 10.2086038589,
        "dmean2": 15.1714668274,
        "dvar": 201.919494629,
        "dvar2": 376.156585693,
        "max": 162.104354858,
        "mean": 44.8508377075,
        "median": 39.0877532959,
        "min": 2.28725719452,
        "var": 603.293701172
    },
    "hfc": {
        "dmean": 10.1973266602,
        "dmean2": 16.3690414429,
        "dvar": 205.455535889,
        "dvar2": 539.048278809,
        "max": 151.354309082,
        "mean": 31.3241634369,
        "median": 26.579498291,
        "min": 1.09281848279e-16,
        "var": 524.452880859
    },
    "melbands_crest": {
        "dmean": 4.09828424454,
        "dmean2": 6.45203304291,
        "dvar": 16.0994491577,
        "dvar2": 33.3870849609,
        "max": 38.1001701355,
        "mean": 15.9596099854,
        "median": 14.9232959747,
        "min": 1.29189026356,
        "var": 49.4064178467
    },
    "melbands_flatness_db": {
        "dmean": 0.0330536626279,
        "dmean2": 0.0504886880517,
        "dvar": 0.00146923132706,
        "dvar2": 0.00296988012269,
        "max": 0.821095585823,
        "mean": 0.164396896958,
        "median": 0.153732508421,
        "min": 0.00103951094206,
        "var": 0.00422047777101
    },
    "melbands_kurtosis": {
        "dmean": 11.1573896408,
        "dmean2": 17.5751628876,
        "dvar": 1912.69799805,
        "dvar2": 5058.21484375,
        "max": 2008.56384277,
        "mean": 16.1084251404,
        "median": 6.0677113533,
        "min": -1.6201492548,
        "var": 1973.88415527
    },
    "melbands_skewness": {
        "dmean": 0.961719453335,
        "dmean2": 1.43732380867,
        "dvar": 2.04455733299,
        "dvar2": 4.46234226227,
        "max": 36.9008102417,
        "mean": 2.77162790298,
        "median": 2.11308097839,
        "min": -2.06088924408,
        "var": 5.13652563095
    },
    "melbands_spread": {
        "dmean": 9.19502449036,
        "dmean2": 14.7176618576,
        "dvar": 123.751449585,
        "dvar2": 304.123535156,
        "max": 220.295959473,
        "mean": 29.0841693878,
        "median": 25.2459983826,
        "min": 0.0661212056875,
        "var": 423.236755371
    },
    "pitch_salience": {
        "dmean": 0.088201738894,
        "dmean2": 0.138255044818,
        "dvar": 0.00812012795359,
        "dvar2": 0.0194960329682,
        "max": 0.995937287807,
        "mean": 0.508457183838,
        "median": 0.521189332008,
        "min": 0.0108541389927,
        "var": 0.0229811444879
    },
    "silence_rate_20dB": {
        "dmean": 0,
        "dmean2": 0,
        "dvar": 0,
        "dvar2": 0,
        "max": 1,
        "mean": 1,
        "median": 1,
        "min": 1,
        "var": 0
    },
    "silence_rate_30dB": {
        "dmean": 0.000177163616172,
        "dmean2": 0.000354358606273,
        "dvar": 0.000177128007635,
        "dvar2": 0.000531395489816,
        "max": 1,
        "mean": 0.999911427498,
        "median": 1,
        "min": 0,
        "var": 8.85650588316e-05
    },
    "silence_rate_60dB": {
        "dmean": 0.0246257409453,
        "dmean2": 0.0492558479309,
        "dvar": 0.0240229647607,
        "dvar2": 0.0542774610221,
        "max": 1,
        "mean": 0.0793622657657,
        "median": 0,
        "min": 0,
        "var": 0.073053650558
    },
    "spectral_centroid": {
        "dmean": 303.734436035,
        "dmean2": 482.488800049,
        "dvar": 163230.765625,
        "dvar2": 374060.75,
        "max": 11401.9150391,
        "mean": 1759.85424805,
        "median": 1689.97827148,
        "min": 48.4401741028,
        "var": 485746.75
    },
    "spectral_complexity": {
        "dmean": 5.19160223007,
        "dmean2": 8.3718996048,
        "dvar": 34.7878952026,
        "dvar2": 78.7949981689,
        "max": 55,
        "mean": 21.640832901,
        "median": 22,
        "min": 0,
        "var": 126.663772583
    },
    "spectral_decrease": {
        "dmean": 2.33827157636e-09,
        "dmean2": 3.5281575439e-09,
        "dvar": 6.76168741487e-18,
        "dvar2": 1.66749437169e-17,
        "max": 2.41324399228e-26,
        "mean": -7.53869500159e-09,
        "median": -7.06520353333e-09,
        "min": -3.85620602117e-08,
        "var": 2.19134421403e-17
    },
    "spectral_energy": {
        "dmean": 0.00921197701246,
        "dmean2": 0.0139021193609,
        "dvar": 0.00010209219181,
        "dvar2": 0.000247076910455,
        "max": 0.148474305868,
        "mean": 0.0312939882278,
        "median": 0.0298808664083,
        "min": 1.00546049122e-20,
        "var": 0.000359309808118
    },
    "spectral_energyband_high": {
        "dmean": 0.000871641910635,
        "dmean2": 0.00144423160236,
        "dvar": 2.11851784115e-06,
        "dvar2": 5.94532230025e-06,
        "max": 0.0148793887347,
        "mean": 0.00191729527432,
        "median": 0.001351148705,
        "min": 7.32901005871e-21,
        "var": 3.63872209164e-06
    },
    "spectral_energyband_low": {
        "dmean": 0.00571983121336,
        "dmean2": 0.00838355626911,
        "dvar": 6.0013440816e-05,
        "dvar2": 0.000134641566547,
        "max": 0.133564502001,
        "mean": 0.011738053523,
        "median": 0.00740026123822,
        "min": 2.06804319702e-23,
        "var": 0.000171188905369
    },
    "spectral_energyband_middle_high": {
        "dmean": 0.00304920529015,
        "dmean2": 0.00470776483417,
        "dvar": 1.85568896995e-05,
        "dvar2": 4.25164980697e-05,
        "max": 0.0802887156606,
        "mean": 0.00774679938331,
        "median": 0.00526028312743,
        "min": 1.30420886615e-21,
        "var": 5.70029842493e-05
    },
    "spectral_energyband_middle_low": {
        "dmean": 0.00511419167742,
        "dmean2": 0.00806949008256,
        "dvar": 8.37889310787e-05,
        "dvar2": 0.000202223294764,
        "max": 0.0962106138468,
        "mean": 0.0108661875129,
        "median": 0.00798991043121,
        "min": 1.42664472345e-22,
        "var": 0.000126174185425
    },
    "spectral_entropy": {
        "dmean": 0.201989978552,
        "dmean2": 0.32180544734,
        "dvar": 0.0571528300643,
        "dvar2": 0.128839239478,
        "max": 9.81658649445,
        "mean": 7.83685731888,
        "median": 7.91480112076,
        "min": 4.05115461349,
        "var": 0.244521200657
    },
    "spectral_flux": {
        "dmean": 0.0306221097708,
        "dmean2": 0.04780446738,
        "dvar": 0.000904283195268,
        "dvar2": 0.00203253235668,
        "max": 0.302172720432,
        "mean": 0.09380505234,
        "median": 0.0911238417029,
        "min": 6.33260180405e-11,
        "var": 0.0023833794985
    },
    "spectral_kurtosis": {
        "dmean": 0.849612951279,
        "dmean2": 1.34529173374,
        "dvar": 1.34013831615,
        "dvar2": 3.44771933556,
        "max": 40.2486915588,
        "mean": 2.8542201519,
        "median": 2.68230390549,
        "min": -1.24863028526,
        "var": 3.70864462852
    },
    "spectral_rms": {
        "dmean": 0.000809328630567,
        "dmean2": 0.00119359837845,
        "dvar": 6.03255330134e-07,
        "dvar2": 1.37622862439e-06,
        "max": 0.012035488151,
        "mean": 0.0051714447327,
        "median": 0.00539926532656,
        "min": 3.13199162785e-12,
        "var": 3.78682580049e-06
    },
    "spectral_rolloff": {
        "dmean": 885.167358398,
        "dmean2": 1515.00036621,
        "dvar": 1937070.25,
        "dvar2": 5309808.5,
        "max": 20714.9414062,
        "mean": 1967.51672363,
        "median": 1485.79101562,
        "min": 43.06640625,
        "var": 4509070
    },
    "spectral_skewness": {
        "dmean": 0.147170975804,
        "dmean2": 0.221103698015,
        "dvar": 0.0237374398857,
        "dvar2": 0.0521588288248,
        "max": 5.07723712921,
        "mean": 1.34478187561,
        "median": 1.35503649712,
        "min": -0.0284162107855,
        "var": 0.103241726756
    },
    "spectral_spread": {
        "dmean": 602320.6875,
        "dmean2": 877220.125,
        "dvar": 1.40073120563e+12,
        "dvar2": 2.54133036646e+12,
        "max": 42359336,
        "mean": 5929280.5,
        "median": 5490204,
        "min": 1854285.875,
        "var": 5.02136936858e+12
    },
    "spectral_strongpeak": {
        "dmean": 0.628013014793,
        "dmean2": 1.0654283762,
        "dvar": 1.20174980164,
        "dvar2": 2.85991692543,
        "max": 14.3941755295,
        "mean": 1.15664219856,
        "median": 0.504495620728,
        "min": 0,
        "var": 2.23735141754
    },
    "zerocrossingrate": {
        "dmean": 0.0134692350402,
        "dmean2": 0.0168336350471,
        "dvar": 0.000245997944148,
        "dvar2": 0.000349325069692,
        "max": 0.85888671875,
        "mean": 0.0825606584549,
        "median": 0.07177734375,
        "min": 0.001953125,
        "var": 0.00539781339467
    },
    "barkbands": {
        "dmean": [0.000216570217162, 0.00519640929997, 0.00112944713328, 0.00201713130809, 0.00207353848964, 0.000747014477383, 0.000995104317553, 0.00086716824444, 0.00102464540396, 0.00100828125142, 0.000771616236307, 0.000685033737682, 0.000600666273385, 0.000582506065257, 0.000428144645412, 0.000325385102769, 0.000271607219474, 0.000204280469916, 0.000190414924873, 0.0002176308044, 0.000184970427654, 0.00017866086273, 0.000169585735421, 0.000184220451047, 0.00014483690029, 6.09566814092e-05, 1.16439250633e-05],
        "dmean2": [0.000306802161504, 0.00707519752905, 0.00175963924266, 0.00346895004623, 0.00357077573426, 0.00110616022721, 0.00147321203258, 0.00127462833188, 0.0015874208184, 0.00160086259712, 0.00123206560966, 0.0011090664193, 0.000979422242381, 0.000935181393288, 0.000715927395504, 0.00052664289251, 0.000441217183834, 0.000334783428116, 0.000311190553475, 0.000359532394214, 0.000304956105538, 0.000301132182358, 0.000288434530376, 0.000318854348734, 0.000237385029322, 0.000100535493402, 1.95748525584e-05],
        "dvar": [1.77517890165e-07, 5.73958022869e-05, 4.74178568766e-06, 4.05862010666e-05, 2.85889964289e-05, 2.07876541936e-06, 3.49058336724e-06, 3.40689803124e-06, 3.33739671987e-06, 8.065196198e-06, 4.31168564319e-06, 2.33851051235e-06, 2.115755251e-06, 2.18358468373e-06, 8.97807581168e-07, 6.56660517961e-07, 3.60812720146e-07, 1.16057869093e-07, 1.22151007531e-07, 1.12950196751e-07, 7.28458289245e-08, 5.97023088744e-08, 6.46590052611e-08, 1.34992887979e-07, 8.76467609601e-08, 1.61375535157e-08, 7.44871886393e-10],
        "dvar2": [3.38891055662e-07, 0.000115657087008, 1.15417124107e-05, 0.000105086706753, 7.92710125097e-05, 3.55083489012e-06, 6.55982557873e-06, 6.70461304253e-06, 7.41889380151e-06, 2.01454113267e-05, 1.12352799988e-05, 6.00321618549e-06, 5.22008531334e-06, 5.41491544936e-06, 2.35817128669e-06, 1.75968762051e-06, 8.39574852307e-07, 2.86252827664e-07, 3.34055755502e-07, 2.9851042882e-07, 1.96932688823e-07, 1.59609001571e-07, 1.77469232199e-07, 3.96951605808e-07, 2.35678172089e-07, 4.49688712933e-08, 2.09954720276e-09],
        "max": [0.00717573845759, 0.130791053176, 0.0411892645061, 0.0607273355126, 0.0614816248417, 0.0663554593921, 0.0343739017844, 0.042247928679, 0.0324893556535, 0.0621835850179, 0.0730185136199, 0.0308680422604, 0.0354138426483, 0.0309102460742, 0.0275868792087, 0.0205722302198, 0.0228046253324, 0.0156233450398, 0.0124180680141, 0.00839887466282, 0.00544122187421, 0.00299810338765, 0.00275303819217, 0.00397885404527, 0.00302047096193, 0.00152642722242, 0.000362031889381],
        "mean": [0.000300432060612, 0.0091621670872, 0.00144131644629, 0.00188888702542, 0.00249673915096, 0.00136098708026, 0.00178327632602, 0.00142988166772, 0.00165853090584, 0.00147114717402, 0.00113135157153, 0.00100715598091, 0.000843403744511, 0.000820068758912, 0.000622533494607, 0.000519244582392, 0.000456322391983, 0.000400092743803, 0.000368054170394, 0.000414389243815, 0.00036988791544, 0.000348554283846, 0.000305860914523, 0.000315039796988, 0.000254751386819, 0.00010751085938, 1.63746408361e-05],
        "median": [3.82785510737e-05, 0.00311711803079, 0.000433558423538, 0.000325499218889, 0.000903511885554, 0.000474003405543, 0.000574065488763, 0.000415287329815, 0.000646972155664, 0.000405216444051, 0.000299830047879, 0.000378378492314, 0.000337886798661, 0.000314061588142, 0.000273024110356, 0.000260943255853, 0.00025577226188, 0.000237846106756, 0.000252439233009, 0.000271105149295, 0.000259473919868, 0.000245140254265, 0.000205882795854, 0.000189810467418, 0.000130577216623, 5.52198689547e-05, 5.88665534451e-06],
        "min": [2.8550948892e-24, 4.65458581327e-24, 2.16763278423e-24, 1.32188731635e-24, 1.17596725764e-23, 6.82481276658e-24, 1.36907188754e-23, 1.4663824556e-23, 9.68144060973e-24, 2.65618522911e-23, 2.54593749999e-23, 3.11662503792e-23, 5.45130590303e-23, 3.20512797396e-23, 5.63336174709e-23, 7.08042547243e-23, 1.04563538231e-22, 1.10043243757e-22, 1.1496754072e-22, 2.17270594871e-22, 2.3718003048e-22, 3.9686655606e-22, 4.52949139058e-22, 6.74033756499e-22, 1.00267881368e-21, 1.35212697859e-21, 1.91060364391e-21],
        "var": [3.75547671183e-07, 0.000153560991748, 5.98455335421e-06, 3.38898280461e-05, 2.34514100157e-05, 6.52712651572e-06, 1.08171852844e-05, 8.41709425004e-06, 7.46693376641e-06, 1.20711629279e-05, 7.39565302865e-06, 4.20171045334e-06, 3.11745793624e-06, 3.22470145875e-06, 1.67408802554e-06, 1.06512629827e-06, 8.8816511834e-07, 3.7575577494e-07, 1.9878632429e-07, 2.10504268239e-07, 1.39855117709e-07, 1.18311717756e-07, 1.04947559976e-07, 1.67045030253e-07, 1.32712870027e-07, 2.51562379816e-08, 8.34672775341e-10]
    },
    "erbbands": {
        "dmean": [0.198655277491, 1.02672731876, 1.20717275143, 3.82869982719, 8.40025234222, 5.88089704514, 4.66873025894, 7.32998943329, 13.638800621, 14.5806112289, 18.0253353119, 22.0293712616, 28.4508094788, 25.8259124756, 30.1410388947, 22.4133548737, 27.9613037109, 22.4552574158, 23.9795875549, 22.7691192627, 16.8037586212, 15.2811584473, 11.6501321793, 10.8401870728, 8.06211280823, 10.3051729202, 8.25067520142, 6.98613214493, 6.55616378784, 6.41234016418, 4.41409826279, 3.28622436523, 3.37176537514, 2.00593590736, 0.893388748169, 0.310825198889, 0.11244481802, 0.0228769946843, 0.00189095851965, 3.62932914868e-05],
        "dmean2": [0.278308868408, 1.40350687504, 1.83406603336, 6.39719772339, 14.5393390656, 9.75768470764, 7.46563339233, 10.5358667374, 20.0806312561, 21.4026203156, 26.711555481, 34.1895828247, 44.7010002136, 40.703956604, 48.0933837891, 35.9094009399, 45.1171913147, 35.8674049377, 39.2470474243, 37.5397644043, 27.0697994232, 24.866973877, 18.9918575287, 17.7879753113, 12.8035678864, 16.9680290222, 13.7655200958, 11.5279045105, 10.9694061279, 10.9843788147, 7.41097640991, 5.49503278732, 5.89590787888, 3.33564162254, 1.47061276436, 0.506360054016, 0.188908651471, 0.038053046912, 0.0031715107616, 5.96662757744e-05],
        "dvar": [0.0997224077582, 2.35477757454, 4.63968706131, 115.772872925, 679.12322998, 162.095687866, 75.6093978882, 240.425598145, 801.135192871, 792.895812988, 1199.32592773, 1625.95751953, 4770.68994141, 3512.55761719, 4815.61083984, 2073.57739258, 4717.97070312, 2996.92016602, 3228.41674805, 3190.20898438, 1905.40600586, 1166.6295166, 372.384124756, 344.0597229, 143.143737793, 293.889648438, 180.155349731, 111.90007782, 80.0372619629, 95.8057327271, 39.3129577637, 27.6297473907, 53.8835258484, 17.5152931213, 3.30916714668, 0.365789234638, 0.0670172423124, 0.00261863344349, 2.1100464437e-05, 5.74803671327e-09],
        "dvar2": [0.19441896677, 4.52146196365, 10.7051143646, 295.908630371, 1822.84692383, 421.435821533, 181.841873169, 380.152832031, 1537.40576172, 1420.12866211, 2484.07714844, 3621.1496582, 11559.2275391, 8772.98535156, 12464.7070312, 5043.98242188, 11665.9667969, 6860.16064453, 8332.40136719, 8674.54394531, 5384.54199219, 2897.02905273, 902.503723145, 937.081970215, 342.520843506, 786.346313477, 491.850463867, 311.305755615, 209.016235352, 267.879547119, 105.244552612, 73.7947616577, 162.371551514, 48.0131340027, 9.11363792419, 0.977713406086, 0.192215800285, 0.00753038888797, 5.84884619457e-05, 1.55876609398e-08],
        "max": [3.48281741142, 30.0741024017, 40.1681098938, 105.748794556, 276.063415527, 157.564880371, 166.875976562, 791.035217285, 620.584899902, 737.244812012, 663.213012695, 810.801940918, 1413.20300293, 1502.23242188, 2142.18481445, 1037.90661621, 1602.79260254, 1453.84692383, 1195.36987305, 2036.20458984, 1036.35827637, 1347.42443848, 673.783447266, 579.891906738, 326.390411377, 401.521942139, 297.659393311, 168.792022705, 138.389205933, 106.08581543, 64.5879135132, 63.0716438293, 79.7929840088, 45.1306419373, 18.4218769073, 6.61039638519, 3.69019532204, 0.595390081406, 0.0658053979278, 0.0010880761547],
        "mean": [0.313371092081, 1.84030985832, 1.98385894299, 4.14470481873, 8.15337181091, 7.7531542778, 7.81297111511, 13.6086673737, 24.5561828613, 27.2974338531, 31.2075653076, 35.941318512, 45.0929870605, 41.2184677124, 47.16223526, 36.0863418579, 41.2103500366, 34.3005714417, 35.8783531189, 36.5122947693, 28.6828327179, 26.8866729736, 23.3727436066, 20.7229347229, 18.0899620056, 19.4019050598, 15.7860298157, 13.741481781, 12.9219312668, 10.9809112549, 8.31257343292, 6.44484806061, 5.24675178528, 3.30639076233, 1.56740248203, 0.578984200954, 0.182403758168, 0.0362756028771, 0.00258978013881, 8.55591861182e-05],
        "median": [0.0706081166863, 0.656395435333, 0.877246141434, 1.15434384346, 1.94599950314, 2.73670816422, 3.28024101257, 4.36218452454, 7.64689445496, 10.6920261383, 12.007894516, 14.2035617828, 16.429397583, 15.8044347763, 17.2947387695, 17.0001735687, 17.7644577026, 15.8300800323, 16.4355506897, 16.6002731323, 15.3397026062, 16.1965694427, 14.3498630524, 14.0660247803, 12.9179668427, 12.9583778381, 11.0503063202, 9.50563240051, 8.93173217773, 7.29595041275, 5.48380804062, 4.19676876068, 2.88794469833, 1.66626930237, 0.812964200974, 0.310843408108, 0.0856963321567, 0.0160132348537, 0.000872749311384, 6.2913284637e-05],
        "min": [1.58542399589e-22, 1.18145978689e-21, 3.11610185274e-21, 1.1546949405e-20, 3.50602118218e-20, 3.60183971638e-20, 5.52238895508e-20, 6.86679655737e-20, 1.78147911047e-19, 1.94379314316e-19, 3.57005155318e-19, 2.60158383912e-19, 4.29241183851e-19, 7.43840511477e-19, 1.10532443622e-18, 1.5870051486e-18, 2.61968037957e-18, 2.4829908513e-18, 4.02298174221e-18, 3.59948677528e-18, 4.0939269554e-18, 6.72320242328e-18, 6.80031385434e-18, 7.07352912913e-18, 5.44072836669e-18, 1.09195062144e-17, 8.96075824028e-18, 8.781940817e-18, 1.20630395707e-17, 1.32254161013e-17, 1.39531307267e-17, 1.2011961995e-17, 1.16721975584e-17, 9.05153634942e-18, 7.14740959272e-18, 4.46176714277e-18, 2.52830132371e-18, 1.04860507521e-18, 2.67863002631e-19, 2.84865331768e-20],
        "var": [0.239639937878, 6.19526767731, 7.66824293137, 107.137733459, 502.439727783, 191.826568604, 151.651397705, 737.60144043, 2471.1015625, 2497.19287109, 2792.20947266, 3420.49926758, 7943.55908203, 5830.80517578, 8591.89550781, 4045.68603516, 7102.81884766, 4683.39794922, 4758.74755859, 7641.91796875, 3009.48803711, 2308.12915039, 1139.27197266, 618.007324219, 349.718658447, 486.632293701, 283.630279541, 202.174758911, 173.062896729, 138.14944458, 73.9366912842, 50.4443588257, 57.7499160767, 23.4519786835, 5.06463193893, 0.673413693905, 0.0834678858519, 0.00331452023238, 2.30721416301e-05, 8.29341395558e-09]
    },
    "gfcc": {
        "mean": [21.3230342865, 45.9013748169, -116.294418335, 26.6773948669, -60.9173049927, 22.5247268677, -32.859500885, 15.9719247818, -22.0130252838, 8.98233127594, -16.5550270081, 4.3284497261, -12.0317325592],
        "cov": [[20929.46875, 1058.56530762, -160.092849731, 558.057556152, -387.223083496, 463.428253174, -397.325897217, 141.358627319, -346.156799316, 67.0282363892, -331.804290771, 124.197425842, -320.840179443], [1058.56530762, 1076.98596191, -115.568054199, -54.6617736816, -93.1433944702, -150.772964478, -52.2892799377, -22.7629089355, 39.4633178711, 16.1919002533, 65.2314682007, 49.1510162354, 74.6639022827], [-160.092849731, -115.568054199, 1151.56359863, 533.625854492, 380.890869141, 313.558441162, 122.194160461, 48.5266799927, -11.7115774155, -13.4736623764, -34.6661376953, -35.316242218, -88.1204223633], [558.057556152, -54.6617736816, 533.625854492, 437.824829102, 257.144775391, 261.690734863, 89.4995956421, 68.9225311279, 4.10377645493, 29.084690094, -4.05674982071, -7.26761722565, -47.8233222961], [-387.223083496, -93.1433944702, 380.890869141, 257.144775391, 314.298553467, 249.646087646, 145.637466431, 77.2865982056, 51.0930671692, 35.3326950073, 33.347530365, 12.7229919434, -5.10914325714], [463.428253174, -150.772964478, 313.558441162, 261.690734863, 249.646087646, 359.80090332, 183.51776123, 139.584503174, 49.4861488342, 54.1701393127, 17.3333301544, 15.1772241592, -16.7725028992], [-397.325897217, -52.2892799377, 122.194160461, 89.4995956421, 145.637466431, 183.51776123, 222.376068115, 155.821655273, 108.593849182, 60.4922485352, 51.1473846436, 29.7453956604, 21.6507530212], [141.358627319, -22.7629089355, 48.5266799927, 68.9225311279, 77.2865982056, 139.584503174, 155.821655273, 199.494247437, 138.630264282, 85.9215240479, 50.4344482422, 42.5700340271, 25.4243564606], [-346.156799316, 39.4633178711, -11.7115774155, 4.10377645493, 51.0930671692, 49.4861488342, 108.593849182, 138.630264282, 187.208770752, 118.135353088, 78.8968048096, 45.9916877747, 44.6778640747], [67.0282363892, 16.1919002533, -13.4736623764, 29.084690094, 35.3326950073, 54.1701393127, 60.4922485352, 85.9215240479, 118.135353088, 149.528198242, 100.13142395, 44.3405075073, 24.9000244141], [-331.804290771, 65.2314682007, -34.6661376953, -4.05674982071, 33.347530365, 17.3333301544, 51.1473846436, 50.4344482422, 78.8968048096, 100.13142395, 147.198486328, 86.7823410034, 46.9621582031], [124.197425842, 49.1510162354, -35.316242218, -7.26761722565, 12.7229919434, 15.1772241592, 29.7453956604, 42.5700340271, 45.9916877747, 44.3405075073, 86.7823410034, 125.906425476, 75.8022003174], [-320.840179443, 74.6639022827, -88.1204223633, -47.8233222961, -5.10914325714, -16.7725028992, 21.6507530212, 25.4243564606, 44.6778640747, 24.9000244141, 46.9621582031, 75.8022003174, 123.674430847]],
        "icov": [[0.000129561289214, -0.000214190833503, 0.00010476384341, -0.000139905270771, 0.000284276728053, -0.000456984445918, 0.000440066534793, -0.000393565016566, 0.000506568350829, -0.000706897873897, 0.000931868271437, -0.000908009242266, 0.000601610459853], [-0.000214190833503, 0.00145073665772, -0.000130408865516, -0.00033131352393, -6.76466370351e-05, 0.00122522946913, -0.000716755806934, 0.000792810984422, -0.00138406560291, 0.00179830379784, -0.00235401489772, 0.00181046128273, -0.00160450942349], [0.00010476384341, -0.000130408865516, 0.00242550391704, -0.00255546858534, -0.00102442875504, 0.00024456664687, -0.00013580545783, 0.000363217404811, -0.000170237035491, 0.000171192092239, 0.00112478551455, -0.00109226815403, 0.00129990978166], [-0.000139905270771, -0.00033131352393, -0.00255546858534, 0.00892445072532, -0.00356498872861, -0.00211789901368, 0.00255953031592, -0.00246662064455, 0.00237433449365, -0.0021612776909, 0.000375130999601, 0.00036245631054, 0.000304521876387], [0.000284276728053, -6.76466370351e-05, -0.00102442875504, -0.00356498872861, 0.0136540513486, -0.00694081140682, -0.00240418943577, 0.00534426327795, -0.00474841706455, 0.00305950315669, -0.00233537587337, -3.52640308847e-05, -0.000377328920877], [-0.000456984445918, 0.00122522946913, 0.00024456664687, -0.00211789901368, -0.00694081140682, 0.0143694160506, -0.00638871314004, -0.00377730024047, 0.0051763500087, -0.00316662993282, 0.00105715333484, 0.000886923924554, -0.00119041383732], [0.000440066534793, -0.000716755806934, -0.00013580545783, 0.00255953031592, -0.00240418943577, -0.00638871314004, 0.0182624012232, -0.0104231927544, -0.000557267921977, 0.00231420132332, -0.00190090481192, 0.0005267180386, 0.000581632251851], [-0.000393565016566, 0.000792810984422, 0.000363217404811, -0.00246662064455, 0.00534426327795, -0.00377730024047, -0.0104231927544, 0.0239447597414, -0.0145501410589, 0.0031215606723, -5.75152516831e-05, -0.00136645825114, -9.6684692835e-05], [0.000506568350829, -0.00138406560291, -0.000170237035491, 0.00237433449365, -0.00474841706455, 0.0051763500087, -0.000557267921977, -0.0145501410589, 0.0262391231954, -0.0171364061534, 0.00696767540649, -0.00321861845441, -0.000160761672305], [-0.000706897873897, 0.00179830379784, 0.000171192092239, -0.0021612776909, 0.00305950315669, -0.00316662993282, 0.00231420132332, 0.0031215606723, -0.0171364061534, 0.0299172345549, -0.0209189970046, 0.0105364182964, -0.00333049125038], [0.000931868271437, -0.00235401489772, 0.00112478551455, 0.000375130999601, -0.00233537587337, 0.00105715333484, -0.00190090481192, -5.75152516831e-05, 0.00696767540649, -0.0209189970046, 0.0314646661282, -0.0204362478107, 0.00744908535853], [-0.000908009242266, 0.00181046128273, -0.00109226815403, 0.00036245631054, -3.52640308847e-05, 0.000886923924554, 0.0005267180386, -0.00136645825114, -0.00321861845441, 0.0105364182964, -0.0204362478107, 0.028227744624, -0.0142789166421], [0.000601610459853, -0.00160450942349, 0.00129990978166, 0.000304521876387, -0.000377328920877, -0.00119041383732, 0.000581632251851, -9.6684692835e-05, -0.000160761672305, -0.00333049125038, 0.00744908535853, -0.0142789166421, 0.0180519353598]]
    },
    "melbands": {
        "dmean": [0.00159104214981, 0.000758991984185, 0.000786412740126, 0.00052651623264, 0.000172836822458, 0.000162715194165, 0.000201118018595, 0.000174488595803, 0.000151418207679, 0.000140419404488, 0.000151188272866, 0.000115635462862, 0.000108961481601, 7.86690943642e-05, 7.09496744093e-05, 5.52642995899e-05, 4.42627097073e-05, 4.60680166725e-05, 3.1257775845e-05, 2.72484230663e-05, 1.90136106539e-05, 1.75477107405e-05, 1.29217578433e-05, 1.0626283256e-05, 9.61342720984e-06, 7.17405373507e-06, 7.13349754733e-06, 7.57871112e-06, 6.19263710178e-06, 4.66617348138e-06, 3.99749842472e-06, 3.91219464291e-06, 4.04013553634e-06, 3.82059579351e-06, 2.75412617157e-06, 2.23275742428e-06, 2.14511305785e-06, 2.62856701738e-06, 2.13034422814e-06, 1.5985878008e-06],
        "dmean2": [0.00217818561941, 0.00106660753954, 0.00130811682902, 0.000894016353413, 0.000278654537397, 0.000233361526625, 0.000296384649118, 0.000255363964243, 0.000226811622269, 0.00021853101498, 0.000238430409809, 0.000182426520041, 0.000173814973095, 0.000127207880723, 0.000115660477604, 8.96259734873e-05, 7.07141662133e-05, 7.55328437663e-05, 5.21082365594e-05, 4.45360856247e-05, 3.08029193548e-05, 2.87231105176e-05, 2.10440939554e-05, 1.73836324393e-05, 1.58135408128e-05, 1.14715021482e-05, 1.14228651e-05, 1.25874248624e-05, 1.04578875835e-05, 7.75469288783e-06, 6.59335546516e-06, 6.43192242933e-06, 6.90843990014e-06, 6.56296015222e-06, 4.63480455437e-06, 3.69347912965e-06, 3.62638593288e-06, 4.6671138989e-06, 3.63509684576e-06, 2.64269760919e-06],
        "dvar": [5.66554308534e-06, 1.23671532037e-06, 5.16140153195e-06, 1.93695700546e-06, 1.04847273974e-07, 1.03941658836e-07, 1.54332354896e-07, 1.15415296875e-07, 7.72515420522e-08, 6.5042591757e-08, 1.44429805005e-07, 7.58750005048e-08, 8.0756670684e-08, 3.60291174673e-08, 2.96424467194e-08, 2.02079704081e-08, 1.19224505823e-08, 1.52305474899e-08, 4.77436978841e-09, 4.47579973084e-09, 2.72073452656e-09, 1.79866732619e-09, 9.07909081249e-10, 4.72462458045e-10, 2.92576018968e-10, 1.77118153477e-10, 1.18344403721e-10, 1.74106506989e-10, 1.24331558937e-10, 4.5941486726e-11, 3.42998025815e-11, 2.96045549186e-11, 3.48858893162e-11, 3.74935915648e-11, 1.5836630618e-11, 9.56618985415e-12, 1.28196802132e-11, 3.24659465978e-11, 2.11477710343e-11, 1.05847266715e-11],
        "dvar2": [1.14559197755e-05, 2.64878212874e-06, 1.28012270579e-05, 5.20534786119e-06, 2.59346677467e-07, 1.67024964526e-07, 2.9869980267e-07, 2.11150606333e-07, 1.6282869808e-07, 1.44532464219e-07, 3.52207166543e-07, 1.89847270349e-07, 2.16234653294e-07, 9.54312113777e-08, 7.06790785898e-08, 4.97491505769e-08, 2.75933107474e-08, 3.91260144283e-08, 1.24657999478e-08, 1.17196261584e-08, 7.58136486922e-09, 4.61721372247e-09, 2.00725880362e-09, 1.11145559423e-09, 8.08681954734e-10, 4.67761163137e-10, 2.88120804992e-10, 4.68984573399e-10, 3.47506246001e-10, 1.24961652137e-10, 9.25141768748e-11, 7.66154292786e-11, 9.70245134235e-11, 1.05789398075e-10, 4.26685180244e-11, 2.49896995458e-11, 3.47297746117e-11, 9.84171563689e-11, 6.09111441841e-11, 2.8545948591e-11],
        "max": [0.0358476229012, 0.0190173257142, 0.0203482825309, 0.0159395337105, 0.00620243931189, 0.0157458540052, 0.00801764894277, 0.0094314981252, 0.00486218463629, 0.004367898684, 0.00796574447304, 0.00556347658858, 0.0105396425352, 0.00411493657157, 0.00375468190759, 0.00473974086344, 0.00288091809489, 0.00279701198451, 0.00180076318793, 0.00197113957256, 0.00134918349795, 0.00177797849756, 0.00154590641614, 0.00122209743131, 0.000547574541997, 0.000433592504123, 0.000200016482268, 0.000389547611121, 0.000276904320344, 8.91830786713e-05, 8.10560741229e-05, 8.50213546073e-05, 6.17265322944e-05, 7.16836875654e-05, 4.99110246892e-05, 5.26124495082e-05, 4.40803705715e-05, 6.05621498835e-05, 5.07065160491e-05, 3.6987446947e-05],
        "mean": [0.00269736675546, 0.00153115997091, 0.000858045357745, 0.000597073463723, 0.000286134687485, 0.000307145382976, 0.000362928578397, 0.000315996905556, 0.00025577787892, 0.000223842376727, 0.000233020604355, 0.000177411697223, 0.000165636403835, 0.000114031259727, 0.000100091485365, 7.80744157964e-05, 6.34726675344e-05, 6.3911662437e-05, 4.63141514047e-05, 4.28040002589e-05, 3.00617193716e-05, 2.80458334601e-05, 2.22889611905e-05, 2.06611111935e-05, 1.61308162205e-05, 1.41997998071e-05, 1.3215267245e-05, 1.26251034089e-05, 1.04400123746e-05, 8.41708697408e-06, 7.54945040171e-06, 7.24948222341e-06, 6.83954067426e-06, 5.9570038502e-06, 4.84673455503e-06, 4.2369597395e-06, 3.81738254873e-06, 3.7983211314e-06, 3.29529848386e-06, 2.60546971731e-06],
        "median": [0.000755119486712, 0.000863853259943, 0.000246565265115, 0.000189622252947, 0.000123338686535, 9.80759723461e-05, 0.00012031524966, 0.000111152221507, 9.55332798185e-05, 8.42362496769e-05, 7.57786328904e-05, 6.06695466558e-05, 5.12617261847e-05, 3.91156208934e-05, 3.79222765332e-05, 3.15908982884e-05, 2.63773254119e-05, 2.38979046117e-05, 1.93829055206e-05, 1.92361148947e-05, 1.47265691339e-05, 1.52294614963e-05, 1.26836075651e-05, 1.10646324174e-05, 9.99421445158e-06, 9.61904879659e-06, 8.41039945954e-06, 7.80166647019e-06, 6.949663657e-06, 5.43217265658e-06, 5.16519094163e-06, 4.90781894769e-06, 4.2744759412e-06, 3.72048316422e-06, 3.14942781188e-06, 2.72550983027e-06, 2.39967675952e-06, 2.02793103199e-06, 1.63505762885e-06, 1.28689168832e-06],
        "min": [1.91283071184e-24, 1.16200887668e-24, 2.4631592092e-24, 2.1964759055e-24, 2.09302567247e-24, 1.46429199392e-24, 2.67901423262e-24, 2.06995760466e-24, 2.48549422801e-24, 1.24143918262e-24, 2.21502340589e-24, 2.68917969146e-24, 3.6785420203e-24, 3.32526999099e-24, 4.34316206612e-24, 4.94480458485e-24, 3.64096778652e-24, 6.07082306324e-24, 4.54179448104e-24, 4.85339059429e-24, 3.73658719457e-24, 5.45165757722e-24, 7.41031321904e-24, 5.47937617728e-24, 4.81418460174e-24, 3.94936270223e-24, 3.8822527273e-24, 6.84218900574e-24, 5.18012810377e-24, 6.1408683896e-24, 4.57653354872e-24, 5.59124296452e-24, 6.73652345407e-24, 6.22131326927e-24, 6.68721175888e-24, 7.19598602198e-24, 7.21773728372e-24, 7.66259645856e-24, 6.74190821861e-24, 7.80405026292e-24],
        "var": [1.46534457599e-05, 3.28800751959e-06, 4.79717846247e-06, 1.62942262705e-06, 1.90577168269e-07, 3.35277405838e-07, 4.69143884629e-07, 3.42202440606e-07, 1.76063750246e-07, 1.38081887258e-07, 2.33424756857e-07, 1.21273032505e-07, 1.41923209185e-07, 6.25158307344e-08, 4.75316959125e-08, 2.72880917862e-08, 1.82571611163e-08, 2.22226539393e-08, 9.34813204623e-09, 9.44781586298e-09, 4.14443857011e-09, 2.90290125271e-09, 2.65758171025e-09, 1.73695702266e-09, 4.44187631121e-10, 3.39845179775e-10, 2.52708826087e-10, 2.52317888805e-10, 1.58098742431e-10, 8.47880585186e-11, 6.51186049527e-11, 5.82618397971e-11, 5.70423049073e-11, 4.72263443629e-11, 2.78524564523e-11, 2.0181167501e-11, 2.01887864065e-11, 3.2129927191e-11, 2.52418693586e-11, 1.45535510726e-11]
    },
    "mfcc": {
        "mean": [-616.835998535, 81.9426116943, 0.698234379292, 10.1661710739, -1.53231930733, 5.65444564819, 2.75040125847, 5.22331380844, 3.2628633976, 4.61684322357, 2.21393370628, 2.09929490089, 1.17636704445],
        "cov": [[9167.18945312, 857.011169434, 616.904174805, 314.371520996, 302.269012451, 318.769989014, 120.5626297, 163.462844849, -4.07477807999, -21.8634338379, -62.2528610229, 26.3507843018, 0.971842169762], [857.011169434, 947.051818848, -89.5545349121, 18.3543167114, -107.380233765, -123.923904419, -121.525146484, -61.9211387634, -49.6481819153, -40.8489990234, -30.1485443115, 8.31208515167, -4.63884067535], [616.904174805, -89.5545349121, 654.644592285, 285.52545166, 302.114654541, 225.185043335, 178.296386719, 124.583930969, 75.464263916, 50.0555305481, 49.0357475281, 23.3513565063, 5.4010219574], [314.371520996, 18.3543167114, 285.52545166, 238.298477173, 177.275009155, 122.682182312, 87.1540222168, 59.4069595337, 33.3307876587, 25.0281829834, 29.6844406128, 25.8510494232, 18.0972003937], [302.269012451, -107.380233765, 302.114654541, 177.275009155, 286.620605469, 206.368789673, 148.328521729, 98.173866272, 61.9755744934, 46.9679260254, 41.5910873413, 31.6622600555, 21.3521518707], [318.769989014, -123.923904419, 225.185043335, 122.682182312, 206.368789673, 239.475967407, 174.730606079, 107.905838013, 73.4704055786, 59.6889381409, 48.316570282, 32.4170761108, 26.3637390137], [120.5626297, -121.525146484, 178.296386719, 87.1540222168, 148.328521729, 174.730606079, 211.362808228, 133.343200684, 77.7253265381, 68.2955169678, 55.4962425232, 38.5673065186, 35.5942878723], [163.462844849, -61.9211387634, 124.583930969, 59.4069595337, 98.173866272, 107.905838013, 133.343200684, 182.855163574, 115.206619263, 66.7471466064, 51.2663879395, 44.7079086304, 44.1227493286], [-4.07477807999, -49.6481819153, 75.464263916, 33.3307876587, 61.9755744934, 73.4704055786, 77.7253265381, 115.206619263, 157.654571533, 104.001029968, 59.311668396, 33.2905235291, 33.8999328613], [-21.8634338379, -40.8489990234, 50.0555305481, 25.0281829834, 46.9679260254, 59.6889381409, 68.2955169678, 66.7471466064, 104.001029968, 157.623779297, 98.4659957886, 45.7457847595, 38.0028419495], [-62.2528610229, -30.1485443115, 49.0357475281, 29.6844406128, 41.5910873413, 48.316570282, 55.4962425232, 51.2663879395, 59.311668396, 98.4659957886, 140.055541992, 82.7858200073, 40.4474983215], [26.3507843018, 8.31208515167, 23.3513565063, 25.8510494232, 31.6622600555, 32.4170761108, 38.5673065186, 44.7079086304, 33.2905235291, 45.7457847595, 82.7858200073, 134.870941162, 83.3928909302], [0.971842169762, -4.63884067535, 5.4010219574, 18.0972003937, 21.3521518707, 26.3637390137, 35.5942878723, 44.1227493286, 33.8999328613, 38.0028419495, 40.4474983215, 83.3928909302, 152.119979858]],
