{
"lowlevel": {
    "average_loudness": 0.691370427608,
    "barkbands_crest": {
        "dmean": 3.37508368492,
        "dmean2": 5.20559072495,
        "dvar": 11.4720201492,
        "dvar2": 26.0947113037,
        "max": 26.6794090271,
        "mean": 13.8123598099,
        "median": 13.5880041122,
        "min": 1.89016222954,
        "var": 34.8798751831
    },
    "barkbands_flatness_db": {
        "dmean": 0.0423855260015,
        "dmean2": 0.0614417530596,
        "dvar": 0.00268497597426,
        "dvar2": 0.00568071566522,
        "max": 0.894763052464,
        "mean": 0.19030572474,
        "median": 0.169806957245,
        "min": 0.0094371875748,
        "var": 0.0111356843263
    },
    "barkbands_kurtosis": {
        "dmean": 14.6727237701,
        "dmean2": 23.4180240631,
        "dvar": 5518.15966797,
        "dvar2": 15576.3652344,
        "max": 2841.30688477,
        "mean": 18.4604034424,
        "median": 4.48553514481,
        "min": -1.84156823158,
        "var": 5846.25878906
    },
    "barkbands_skewness": {
        "dmean": 1.1212747097,
        "dmean2": 1.67101109028,
        "dvar": 2.88422012329,
        "dvar2": 7.14080429077,
        "max": 35.7044639587,
        "mean": 2.58704018593,
        "median": 2.07153820992,
        "min": -4.35935163498,
        "var": 6.57960748672
    },
    "barkbands_spread": {
        "dmean": 7.15734004974,
        "dmean2": 11.4477062225,
        "dvar": 96.5574874878,
        "dvar2": 244.804107666,
        "max": 103.390838623,
        "mean": 17.1021366119,
        "median": 13.4208145142,
        "min": 0.0164154302329,
        "var": 187.816009521
    },
    "dissonance": {
        "dmean": 0.0213754251599,
        "dmean2": 0.0358197428286,
        "dvar": 0.000587555579841,
        "dvar2": 0.00165544706397,
        "max": 0.500000059605,
        "mean": 0.46060448885,
        "median": 0.471879601479,
        "min": 0.164490580559,
        "var": 0.00153135659639
    },
    "dynamic_complexity": 4.73261594772,
    "erbbands_crest": {
        "dmean": 2.79529619217,
        "dmean2": 4.52273845673,
        "dvar": 8.01305770874,
        "dvar2": 20.1230449677,
        "max": 31.0375862122,
        "mean": 8.45435142517,
        "median": 7.26147270203,
        "min": 1.87474298477,
        "var": 21.3261241913
    },
    "erbbands_flatness_db": {
        "dmean": 0.0222287289798,
        "dmean2": 0.0328392460942,
        "dvar": 0.000759399903473,
        "dvar2": 0.00168848922476,
        "max": 0.518404781818,
        "mean": 0.162416011095,
        "median": 0.150142282248,
        "min": 0.0265328865498,
        "var": 0.00537969078869
    },
    "erbbands_kurtosis": {
        "dmean": 2.11161065102,
        "dmean2": 3.37935519218,
        "dvar": 168.186569214,
        "dvar2": 374.245239258,
        "max": 393.940460205,
        "mean": 1.68582689762,
        "median": -0.154258131981,
        "min": -1.83359575272,
        "var": 257.340698242
    },
    "erbbands_skewness": {
        "dmean": 0.475225687027,
        "dmean2": 0.742450237274,
        "dvar": 0.636771321297,
        "dvar2": 1.51970124245,
        "max": 16.0814723969,
        "mean": 0.404961466789,
        "median": 0.279045581818,
        "min": -3.72891354561,
        "var": 1.13670122623
    },
    "erbbands_spread": {
        "dmean": 10.1074008942,
        "dmean2": 15.2009067535,
        "dvar": 167.580307007,
        "dvar2": 385.36831665,
        "max": 179.792800903,
        "mean": 38.8901939392,
        "median": 36.0665588379,
        "min": 0.428560376167,
        "var": 487.323303223
    },
    "hfc": {
        "dmean": 8.48338985443,
        "dmean2": 12.6700057983,
        "dvar": 222.165115356,
        "dvar2": 503.972991943,
        "max": 207.78213501,
        "mean": 23.2989788055,
        "median": 13.1431751251,
        "min": 1.06949688643e-16,
        "var": 692.751281738
    },
    "melbands_crest": {
        "dmean": 4.47862815857,
        "dmean2": 7.12818336487,
        "dvar": 21.3906002045,
        "dvar2": 48.7423400879,
        "max": 39.4172592163,
        "mean": 20.5039367676,
        "median": 21.0103359222,
        "min": 1.00955021381,
        "var": 69.3607254028
    },
    "melbands_flatness_db": {
        "dmean": 0.0502676181495,
        "dmean2": 0.073101952672,
        "dvar": 0.00390883674845,
        "dvar2": 0.00828790478408,
        "max": 1,
        "mean": 0.270677238703,
        "median": 0.250609278679,
        "min": 6.98924566223e-07,
        "var": 0.0167641714215
    },
    "melbands_kurtosis": {
        "dmean": 28.4845600128,
        "dmean2": 45.0610733032,
        "dvar": 18718.625,
        "dvar2": 52900.2734375,
        "max": 6209.45751953,
        "mean": 40.0906219482,
        "median": 13.1580972672,
        "min": -1.78657865524,
        "var": 14503.2148438
    },
    "melbands_skewness": {
        "dmean": 1.49182236195,
        "dmean2": 2.24022126198,
        "dvar": 5.78951263428,
        "dvar2": 14.1298151016,
        "max": 58.3255805969,
        "mean": 4.0300989151,
        "median": 3.18112921715,
        "min": -3.48146796227,
        "var": 11.6906585693
    },
    "melbands_spread": {
        "dmean": 7.72081375122,
        "dmean2": 12.5002841949,
        "dvar": 159.374053955,
        "dvar2": 409.876525879,
        "max": 211.255096436,
        "mean": 16.8416976929,
        "median": 10.9425430298,
        "min": 0.0464515089989,
        "var": 368.328369141
    },
    "pitch_salience": {
        "dmean": 0.105849877,
        "dmean2": 0.166132867336,
        "dvar": 0.0143145630136,
        "dvar2": 0.0331302024424,
        "max": 0.997247040272,
        "mean": 0.437744915485,
        "median": 0.435747921467,
        "min": 0.00869118142873,
        "var": 0.0377032384276
    },
    "silence_rate_20dB": {
        "dmean": 0.000469593796879,
        "dmean2": 0.000939261110034,
        "dvar": 0.000469309248729,
        "dvar2": 0.00140775332693,
        "max": 1,
        "mean": 0.999765217304,
        "median": 1,
        "min": 0,
        "var": 0.000234705046751
    },
    "silence_rate_30dB": {
        "dmean": 0.0929795727134,
        "dmean2": 0.185973703861,
        "dvar": 0.0843457877636,
        "dvar2": 0.169225975871,
        "max": 1,
        "mean": 0.76240414381,
        "median": 1,
        "min": 0,
        "var": 0.181123420596
    },
    "silence_rate_60dB": {
        "dmean": 0.0180010963231,
        "dmean2": 0.0360050089657,
        "dvar": 0.017674151808,
        "dvar2": 0.0414313226938,
        "max": 1,
        "mean": 0.130145564675,
        "median": 0,
        "min": 0,
        "var": 0.113213554025
    },
    "spectral_centroid": {
        "dmean": 335.288574219,
        "dmean2": 522.278808594,
        "dvar": 206346.640625,
        "dvar2": 500764.90625,
        "max": 12120.6542969,
        "mean": 1287.62133789,
        "median": 1112.54333496,
        "min": 45.4128379822,
        "var": 1275276.875
    },
    "spectral_complexity": {
        "dmean": 5.10777187347,
        "dmean2": 8.05259895325,
        "dvar": 44.9679412842,
        "dvar2": 101.180709839,
        "max": 58,
        "mean": 17.7085609436,
        "median": 17,
        "min": 0,
        "var": 148.067642212
    },
    "spectral_decrease": {
        "dmean": 6.14081718808e-09,
        "dmean2": 8.36089952827e-09,
        "dvar": 8.64803235267e-17,
        "dvar2": 1.55608872726e-16,
        "max": 6.95673460685e-23,
        "mean": -1.63929136932e-08,
        "median": -8.77818617795e-09,
        "min": -1.0224749758e-07,
        "var": 3.34345794789e-16
    },
    "spectral_energy": {
        "dmean": 0.0234523639083,
        "dmean2": 0.0318281389773,
        "dvar": 0.00123958778568,
        "dvar2": 0.00220924592577,
        "max": 0.390408694744,
        "mean": 0.0639839693904,
        "median": 0.0351909250021,
        "min": 9.43929078079e-21,
        "var": 0.00494464021176
    },
    "spectral_energyband_high": {
        "dmean": 0.000673375034239,
        "dmean2": 0.00105558370706,
        "dvar": 1.93200003196e-06,
        "dvar2": 4.45288969786e-06,
        "max": 0.0196426678449,
        "mean": 0.00120102765504,
        "median": 0.000176473462489,
        "min": 6.77845512198e-21,
        "var": 4.21573986387e-06
    },
    "spectral_energyband_low": {
        "dmean": 0.0224213339388,
        "dmean2": 0.0309722293168,
        "dvar": 0.00130918133073,
        "dvar2": 0.00232260976918,
        "max": 0.362790733576,
        "mean": 0.0493123233318,
        "median": 0.0182246677577,
        "min": 1.65055086916e-23,
        "var": 0.00430748052895
    },
    "spectral_energyband_middle_high": {
        "dmean": 0.00191157462541,
        "dmean2": 0.0031160581857,
        "dvar": 1.08096919575e-05,
        "dvar2": 2.89399959001e-05,
        "max": 0.0463005639613,
        "mean": 0.00425765197724,
        "median": 0.002858921187,
        "min": 1.14284432614e-21,
        "var": 2.24681316467e-05
    },
    "spectral_energyband_middle_low": {
        "dmean": 0.0078612267971,
        "dmean2": 0.0134232090786,
        "dvar": 0.000492010498419,
        "dvar2": 0.00133368861862,
        "max": 0.273677617311,
        "mean": 0.011257905513,
        "median": 0.00672180391848,
        "min": 1.6493131464e-22,
        "var": 0.000370852387277
    },
    "spectral_entropy": {
        "dmean": 0.250018030405,
        "dmean2": 0.375787228346,
        "dvar": 0.139645308256,
        "dvar2": 0.318468809128,
        "max": 9.82450866699,
        "mean": 7.5088095665,
        "median": 7.63575935364,
        "min": 2.88160204887,
        "var": 0.573394536972
    },
    "spectral_flux": {
        "dmean": 0.0453084893525,
        "dmean2": 0.0647015497088,
        "dvar": 0.003325215308,
        "dvar2": 0.00582599500194,
        "max": 0.558670818806,
        "mean": 0.119642324746,
        "median": 0.0890205800533,
        "min": 6.30698965276e-11,
        "var": 0.011423879303
    },
    "spectral_kurtosis": {
        "dmean": 4.55668735504,
        "dmean2": 7.59066152573,
        "dvar": 185.727279663,
        "dvar2": 505.650115967,
        "max": 309.073944092,
        "mean": 11.5958871841,
        "median": 3.72825479507,
        "min": -1.27111589909,
        "var": 912.336669922
    },
    "spectral_rms": {
        "dmean": 0.00137528101914,
        "dmean2": 0.00181969394907,
        "dvar": 2.90387220048e-06,
        "dvar2": 4.74506759929e-06,
        "max": 0.0195163153112,
        "mean": 0.00663041509688,
        "median": 0.00585940340534,
        "min": 3.03464393371e-12,
        "var": 1.84611053555e-05
    },
    "spectral_rolloff": {
        "dmean": 509.821411133,
        "dmean2": 849.159851074,
        "dvar": 919757,
        "dvar2": 2143993.25,
        "max": 19552.1484375,
        "mean": 1082.55200195,
        "median": 516.796875,
        "min": 43.06640625,
        "var": 4371712.5
    },
    "spectral_skewness": {
        "dmean": 0.389828652143,
        "dmean2": 0.623311817646,
        "dvar": 0.501616120338,
        "dvar2": 1.2851319313,
        "max": 14.0537624359,
        "mean": 1.97136497498,
        "median": 1.48949170113,
        "min": -0.100885383785,
        "var": 2.779058218
    },
    "spectral_spread": {
        "dmean": 639320.75,
        "dmean2": 940426.3125,
        "dvar": 911851913216,
        "dvar2": 1.92568098816e+12,
        "max": 42977536,
        "mean": 4680581,
        "median": 3924268.5,
        "min": 257527.8125,
        "var": 1.51162800046e+13
    },
    "spectral_strongpeak": {
        "dmean": 0.286508232355,
        "dmean2": 0.475954592228,
        "dvar": 0.221397936344,
        "dvar2": 0.59193611145,
        "max": 8.1677942276,
        "mean": 0.578198194504,
        "median": 0.388383060694,
        "min": 0,
        "var": 0.386827588081
    },
    "zerocrossingrate": {
        "dmean": 0.0113874971867,
        "dmean2": 0.0139081040397,
        "dvar": 0.000230371791986,
        "dvar2": 0.000304875924485,
        "max": 0.85009765625,
        "mean": 0.0465892851353,
        "median": 0.032958984375,
        "min": 0.0009765625,
        "var": 0.00378308678046
    },
    "barkbands": {
        "dmean": [0.00228865700774, 0.0190911758691, 0.00779451709241, 0.00491128768772, 0.00200854311697, 0.000877641083207, 0.000720569514669, 0.000736679474358, 0.000726565020159, 0.000524873612449, 0.000417899456806, 0.000368333334336, 0.000301629799651, 0.000299471896142, 0.00022118180641, 0.000214832543861, 0.000187886806088, 0.000186919103726, 0.000185555036296, 0.00014600463328, 0.000131885040901, 0.000127867126139, 0.000119785960123, 0.000118301046314, 0.000109182547021, 6.03343614785e-05, 1.31589276862e-05],
        "dmean2": [0.00304858270101, 0.0262041091919, 0.0130379535258, 0.00901396945119, 0.00351318786852, 0.00147226534318, 0.00113721226808, 0.00111122964881, 0.00114223919809, 0.000840974680614, 0.00068109377753, 0.000623964238912, 0.000508619879838, 0.000504247727804, 0.000362888356904, 0.000367013068171, 0.000317128142342, 0.000323302316247, 0.000317735190038, 0.000245421746513, 0.000218296525418, 0.000206722470466, 0.000187764075235, 0.00018337641086, 0.0001712715748, 9.41936450545e-05, 2.20389501919e-05],
        "dvar": [2.26056527026e-05, 0.00112837716006, 0.000570186879486, 0.000350168644218, 3.26189801854e-05, 4.54287419416e-06, 2.02962291951e-06, 1.53277608206e-06, 1.85104011052e-06, 1.24567031889e-06, 8.51089851039e-07, 6.16442434875e-07, 4.32793399341e-07, 8.41061762458e-07, 1.75334704977e-07, 1.5464300418e-07, 1.2715636899e-07, 1.42049955798e-07, 1.80115051762e-07, 8.37593319147e-08, 6.59808634396e-08, 6.82967780108e-08, 6.69753816851e-08, 7.82263782639e-08, 6.7730070441e-08, 2.67741953053e-08, 2.57707166718e-09],
        "dvar2": [4.19679345214e-05, 0.00188921275549, 0.00146548193879, 0.000990902306512, 9.20126913115e-05, 1.23137906485e-05, 5.10917425345e-06, 3.38939116773e-06, 4.38319511886e-06, 3.03358774545e-06, 2.12173699765e-06, 1.64472544384e-06, 1.07833034235e-06, 2.31828425967e-06, 4.48820060228e-07, 4.16325633523e-07, 3.41900943113e-07, 3.94992184738e-07, 5.03436638155e-07, 2.29619402603e-07, 1.69089062751e-07, 1.61766521956e-07, 1.59283189305e-07, 1.85217402304e-07, 1.59802752364e-07, 6.18955340315e-08, 6.95055968336e-09],
        "max": [0.0602470822632, 0.318514347076, 0.226102083921, 0.20635792613, 0.0827560424805, 0.0367732010782, 0.0266040861607, 0.0239707063884, 0.0236823465675, 0.0257494691759, 0.0261724814773, 0.0176539905369, 0.019323900342, 0.0374798588455, 0.00939635373652, 0.00619588466361, 0.00975532084703, 0.00541969109327, 0.00640411861241, 0.00348715111613, 0.00324548687786, 0.00454019987956, 0.00552680809051, 0.00590138556436, 0.00425490504131, 0.00283474638127, 0.00188381632324],
        "mean": [0.00370711414143, 0.0366538614035, 0.00708007346839, 0.00370634626597, 0.00231936620548, 0.00126452452969, 0.001137860585, 0.00129771279171, 0.00116672471631, 0.000855697551742, 0.000591447926126, 0.000523522670846, 0.000424655590905, 0.000451015570434, 0.000354027753929, 0.000283769506495, 0.000297306862194, 0.000270083284704, 0.000285344169242, 0.00023252365645, 0.000210862010135, 0.000203278832487, 0.000184825752513, 0.00017680072051, 0.000163802818861, 0.000109457505459, 3.20132676279e-05],
        "median": [0.000222209579078, 0.00953050889075, 0.0010612369515, 0.000508170691319, 0.000863022869453, 0.000553154444788, 0.000416524679167, 0.000465384975541, 0.000425799953518, 0.000304033863358, 0.000241000394453, 0.000206717755646, 0.000174394226633, 0.000167645106558, 0.000133959169034, 0.000116376679216, 0.000111115848995, 0.000106781284558, 0.000112365029054, 7.87798126112e-05, 4.66251804028e-05, 2.9783390346e-05, 2.02002047445e-05, 1.31938595587e-05, 6.14207601757e-06, 2.11745100387e-06, 3.57218610247e-08],
        "min": [6.84673185848e-25, 3.36393561383e-24, 2.13597993762e-24, 1.01100719297e-24, 4.09308369283e-24, 1.14844902826e-23, 4.90918159853e-24, 7.69561028744e-24, 1.26928997605e-23, 1.02414222008e-23, 9.40605400088e-24, 1.24112527515e-23, 2.26195640935e-23, 3.52510920532e-23, 4.10159171546e-23, 6.01625842218e-23, 6.35076132063e-23, 7.87557012808e-23, 1.12143342948e-22, 1.65733415787e-22, 2.57668048231e-22, 2.6093373043e-22, 3.65961409174e-22, 5.57312937708e-22, 8.36786893651e-22, 1.28476638571e-21, 1.98050868555e-21],
        "var": [5.21465444763e-05, 0.00305289425887, 0.000443260301836, 0.000212975486647, 2.36069354287e-05, 4.85995269628e-06, 3.73790498998e-06, 4.29040892413e-06, 4.02882142225e-06, 3.18604566019e-06, 1.32669924824e-06, 9.9777196283e-07, 8.42672761792e-07, 1.39859128012e-06, 3.64242254136e-07, 2.06461209018e-07, 2.26293977335e-07, 1.87541743912e-07, 2.00653190063e-07, 1.2360580115e-07, 1.21508747952e-07, 1.31456161512e-07, 1.18290138573e-07, 1.26254505517e-07, 1.15268370848e-07, 5.79655541344e-08, 6.85014711621e-09]
    },
    "erbbands": {
        "dmean": [0.877330183983, 3.91763663292, 8.33160972595, 13.4130821228, 11.7466831207, 5.29394197464, 5.12675142288, 8.01415538788, 9.23231697083, 13.8462924957, 14.7230262756, 16.7513656616, 17.8606834412, 14.6036901474, 15.578663826, 14.2222919464, 13.4420309067, 15.7055501938, 11.3667573929, 11.0150108337, 10.6981201172, 9.97900104523, 9.75937080383, 9.48892974854, 8.78078746796, 6.96752405167, 5.81983327866, 5.00888490677, 4.66386222839, 3.93844366074, 3.43091464043, 2.74965786934, 1.80019927025, 1.28517460823, 0.756692349911, 0.316810250282, 0.101928547025, 0.0245059393346, 0.00231354497373, 5.24524730281e-05],
        "dmean2": [1.07638967037, 5.39164447784, 13.496547699, 23.625371933, 20.7862186432, 9.13927459717, 8.66854000092, 13.4744968414, 15.0449438095, 20.994852066, 22.1954231262, 26.045211792, 28.5203704834, 23.6920642853, 25.5338382721, 24.0421028137, 22.6090126038, 26.4812107086, 18.9385719299, 18.3255729675, 18.3265132904, 16.8410339355, 16.8049602509, 16.2863101959, 14.9730234146, 11.732339859, 9.72006511688, 8.05257129669, 7.48654937744, 6.33415603638, 5.30108642578, 4.30290174484, 2.84501457214, 2.02127718925, 1.18906569481, 0.494454026222, 0.160923391581, 0.0397782213986, 0.00386579381302, 7.73118445068e-05],
        "dvar": [2.30692601204, 59.6376609802, 546.521179199, 2146.51025391, 1681.39453125, 175.602981567, 125.534797668, 444.485046387, 438.154663086, 628.029296875, 696.456787109, 1048.45117188, 1464.92858887, 955.765197754, 1215.84460449, 789.792663574, 856.320678711, 2282.74609375, 583.571472168, 385.686828613, 405.202697754, 366.198120117, 409.236602783, 441.017303467, 346.961181641, 206.071044922, 134.282119751, 98.2554626465, 90.4697036743, 74.6025695801, 55.8024559021, 41.1800346375, 20.068063736, 9.02795886993, 3.42391562462, 0.67342120409, 0.082036472857, 0.00786995980889, 6.26651744824e-05, 1.32899478089e-08],
        "dvar2": [3.413002491, 120.31905365, 1310.08325195, 5927.46826172, 4611.92089844, 500.230285645, 350.951873779, 1222.83959961, 1192.76452637, 1395.38342285, 1500.04980469, 2463.68945312, 3541.85473633, 2392.77148438, 3023.27270508, 2084.01953125, 2123.18603516, 6201.62158203, 1530.01184082, 1013.91711426, 1124.48852539, 992.40411377, 1147.87890625, 1221.16882324, 966.282043457, 566.757385254, 351.615875244, 241.995697021, 214.952590942, 185.576965332, 130.599975586, 98.7462692261, 48.9858627319, 21.4298019409, 8.14770698547, 1.58658647537, 0.190521389246, 0.0204090476036, 0.000167550431797, 3.34583738493e-08],
        "max": [17.0098781586, 78.1891937256, 239.605026245, 429.266265869, 570.663330078, 147.475814819, 143.935562134, 397.176300049, 389.665283203, 602.022521973, 648.133300781, 630.159484863, 1187.16967773, 1014.11541748, 1148.42724609, 880.486328125, 878.25982666, 2025.64331055, 635.146850586, 444.08291626, 370.048248291, 512.996337891, 313.231964111, 313.148742676, 217.703125, 177.974822998, 123.738960266, 148.484680176, 133.157073975, 272.14932251, 128.06842041, 114.381263733, 147.871185303, 63.3809890747, 29.8656387329, 12.2053527832, 5.49610424042, 3.48844313622, 0.234104603529, 0.00345875276253],
        "mean": [1.52422845364, 6.28877067566, 8.74211025238, 11.0944337845, 10.4148769379, 6.66420841217, 6.97067213058, 11.8482942581, 14.1934785843, 24.0358524323, 26.7268505096, 28.3093948364, 30.3643321991, 22.0202026367, 23.6294403076, 21.4952526093, 20.2481689453, 24.3548603058, 18.3519973755, 18.6618385315, 15.46073246, 16.0898342133, 14.6699380875, 14.9788722992, 13.5909795761, 11.1537942886, 9.13372325897, 8.0170173645, 7.45118427277, 6.04190683365, 5.2136926651, 3.96324920654, 2.78141832352, 1.91085207462, 1.12941765785, 0.514395296574, 0.190877437592, 0.0554516911507, 0.00537286605686, 0.000152306180098],
        "median": [0.251721143723, 1.79778432846, 2.0038690567, 2.03955054283, 2.39186620712, 2.54825735092, 3.32136917114, 4.83146047592, 5.33181190491, 9.29673480988, 9.79264259338, 10.761964798, 11.4123687744, 10.1659755707, 10.8456916809, 9.25136470795, 9.16671657562, 9.64003753662, 8.67168807983, 8.1953830719, 7.20336437225, 6.50386571884, 6.40182209015, 5.92556381226, 5.17066383362, 3.72369670868, 2.44282102585, 1.46590828896, 1.09776329994, 0.784140527248, 0.557358384132, 0.346986413002, 0.175036787987, 0.0822955071926, 0.036834616214, 0.0125965448096, 0.00328551325947, 0.000404022226576, 4.1779181629e-05, 5.02908660565e-05],
        "min": [1.36609744017e-22, 9.27468890709e-22, 2.25920089927e-21, 5.02250416231e-21, 8.78825521007e-21, 1.02866339208e-20, 3.19054677501e-20, 7.83612234208e-20, 1.14045355607e-19, 1.15748908229e-19, 1.86554314968e-19, 2.93485516641e-19, 4.36138991281e-19, 9.50802651702e-19, 1.01090497462e-18, 9.15061831794e-19, 1.18762549505e-18, 1.77719485773e-18, 2.79411333201e-18, 3.22980528387e-18, 3.65318279116e-18, 3.56797532985e-18, 5.19451929813e-18, 4.57486796151e-18, 6.65276220386e-18, 9.01485171644e-18, 1.0096045433e-17, 1.1017669392e-17, 1.0053626784e-17, 1.11035472832e-17, 1.11631423376e-17, 1.10429480315e-17, 1.02518928779e-17, 8.21676718193e-18, 5.51958928475e-18, 4.07513796138e-18, 2.34765086819e-18, 8.95843944623e-19, 2.57457225621e-19, 2.61394243446e-20],
        "var": [6.44263601303, 110.89691925, 498.025238037, 1401.58312988, 1132.41088867, 149.272674561, 119.537849426, 498.274108887, 594.432006836, 1525.29187012, 2081.73950195, 2470.95507812, 3809.484375, 1421.13269043, 1980.95288086, 1414.00646973, 1769.8079834, 3831.56494141, 910.993286133, 859.470031738, 498.934112549, 640.771911621, 514.661865234, 561.16003418, 422.146606445, 297.895812988, 215.863327026, 190.413543701, 175.306686401, 124.683639526, 97.9484634399, 64.739440918, 31.496547699, 15.3201189041, 5.7134346962, 1.26633048058, 0.181570276618, 0.0176781211048, 0.000186258519534, 5.41265059439e-08]
    },
    "gfcc": {
        "mean": [-49.3190917969, 107.827209473, -107.159469604, 29.7523193359, -45.4238433838, 17.5712757111, -22.215177536, 12.7385778427, -13.2381391525, 3.95325517654, -9.03547286987, -2.00642824173, -7.96038866043],
        "cov": [[35814.9609375, -4388.32617188, -1384.97790527, 2284.85205078, -1121.76940918, 1264.2734375, -586.965026855, 1131.36779785, -559.407775879, 658.153381348, -565.435241699, 582.311523438, -495.232421875], [-4388.32617188, 4400.34228516, -147.617919922, -540.953613281, 428.872619629, -552.364746094, 333.226470947, -437.968017578, 329.776855469, -355.440216064, 355.748809814, -381.277526855, 288.106842041], [-1384.97790527, -147.617919922, 1529.3782959, 32.0912132263, 411.662078857, 195.441589355, 138.858078003, 133.665969849, 63.7455978394, 50.7318878174, -48.5839538574, 43.7142333984, -31.7903060913], [2284.85205078, -540.953613281, 32.0912132263, 840.741577148, 100.995750427, 262.54208374, 38.9998817444, 77.3142547607, -23.1247692108, 18.3022994995, -46.0426101685, 14.3771038055, -7.35977125168], [-1121.76940918, 428.872619629, 411.662078857, 100.995750427, 499.887268066, 73.8830795288, 237.643173218, 26.320438385, 124.091621399, -6.27827596664, 52.9765625, -30.4362983704, 51.7761230469], [1264.2734375, -552.364746094, 195.441589355, 262.54208374, 73.8830795288, 325.054321289, 64.8477859497, 162.081863403, 2.01289200783, 82.4100952148, -26.5861377716, 64.0147628784, -23.8667964935], [-586.965026855, 333.226470947, 138.858078003, 38.9998817444, 237.643173218, 64.8477859497, 290.258605957, 84.6746673584, 163.594711304, 18.7798614502, 94.9488067627, -15.8803071976, 56.2201461792], [1131.36779785, -437.968017578, 133.665969849, 77.3142547607, 26.320438385, 162.081863403, 84.6746673584, 265.98449707, 72.4133834839, 128.810623169, 12.018655777, 79.2468185425, -13.0882253647], [-559.407775879, 329.776855469, 63.7455978394, -23.1247692108, 124.091621399, 2.01289200783, 163.594711304, 72.4133834839, 214.058837891, 63.4213447571, 112.944160461, -10.4239797592, 58.0072135925], [658.153381348, -355.440216064, 50.7318878174, 18.3022994995, -6.27827596664, 82.4100952148, 18.7798614502, 128.810623169, 63.4213447571, 159.944595337, 47.9167480469, 78.9485549927, -7.16942977905], [-565.435241699, 355.748809814, -48.5839538574, -46.0426101685, 52.9765625, -26.5861377716, 94.9488067627, 12.018655777, 112.944160461, 47.9167480469, 172.973236084, 19.566614151, 68.9545593262], [582.311523438, -381.277526855, 43.7142333984, 14.3771038055, -30.4362983704, 64.0147628784, -15.8803071976, 79.2468185425, -10.4239797592, 78.9485549927, 19.566614151, 130.664642334, 22.0321102142], [-495.232421875, 288.106842041, -31.7903060913, -7.35977125168, 51.7761230469, -23.8667964935, 56.2201461792, -13.0882253647, 58.0072135925, -7.16942977905, 68.9545593262, 22.0321102142, 109.022918701]],
        "icov": [[5.90701383771e-05, -7.29670282453e-05, 6.93588299328e-05, -0.000160531926667, 9.45068823057e-05, -6.19111233391e-05, 1.37446440931e-05, -0.00019302983128, 9.08150395844e-05, -0.000173176973476, 0.000209147838177, -0.000271315599093, 0.000244679686148], [-7.29670282453e-05, 0.000844764057547, -0.000111151544843, 0.000476123997942, -0.000474690808915, 0.000409739353927, 0.000107737214421, 0.000308633694658, -0.000439561583335, 0.0012521087192, -0.00146861420944, 0.00195698603056, -0.00141788786277], [6.93588299328e-05, -0.000111151544843, 0.00109505397268, 4.24145109719e-05, -0.000920802995097, -0.00052239355864, 0.000444925099146, -0.000419312593294, -0.000307104783133, 7.12125765858e-05, 0.000692806323059, -0.000977939576842, 0.000901656516362], [-0.000160531926667, 0.000476123997942, 4.24145109719e-05, 0.00227459915914, -0.00082294078311, -0.00140269671101, 0.000344625499565, 0.000674376904499, -0.000356408127118, 0.00102789106313, -0.000754121108912, 0.00167469936423, -0.00143875647336], [9.45068823057e-05, -0.000474690808915, -0.000920802995097, -0.00082294078311, 0.00497114751488, -0.000325420813169, -0.00358862662688, 0.00101267814171, 0.000447669735877, -0.00152754492592, 0.00140809000004, -0.000349175796146, -0.000258952873992], [-6.19111233391e-05, 0.000409739353927, -0.00052239355864, -0.00140269671101, -0.000325420813169, 0.0071861022152, -0.00170430995058, -0.00228548538871, 0.00184817705303, -0.00100020912942, -9.6524701803e-05, 0.000201326678507, -0.000307606678689], [1.37446440931e-05, 0.000107737214421, 0.000444925099146, 0.000344625499565, -0.00358862662688, -0.00170430995058, 0.01097487472, -0.00312599632889, -0.00539842015132, 0.00476695643738, -0.0028153040912, 0.000386329222238, 0.000115514070785], [-0.00019302983128, 0.000308633694658, -0.000419312593294, 0.000674376904499, 0.00101267814171, -0.00228548538871, -0.00312599632889, 0.0104366354644, -0.00242621917278, -0.00412637507543, 0.00194041524082, -0.00155535305385, 0.000221073059947], [9.08150395844e-05, -0.000439561583335, -0.000307104783133, -0.000356408127118, 0.000447669735877, 0.00184817705303, -0.00539842015132, -0.00242621917278, 0.0152747370303, -0.00766729563475, -0.00259083113633, 0.00537116546184, -0.00393309816718], [-0.000173176973476, 0.0012521087192, 7.12125765858e-05, 0.00102789106313, -0.00152754492592, -0.00100020912942, 0.00476695643738, -0.00412637507543, -0.00766729563475, 0.0207034610212, -0.0067061712034, -0.00533853797242, 0.00430889613926], [0.000209147838177, -0.00146861420944, 0.000692806323059, -0.000754121108912, 0.00140809000004, -9.6524701803e-05, -0.0028153040912, 0.00194041524082, -0.00259083113633, -0.0067061712034, 0.0152272488922, -0.00464525585994, -0.00177763344254], [-0.000271315599093, 0.00195698603056, -0.000977939576842, 0.00167469936423, -0.000349175796146, 0.000201326678507, 0.000386329222238, -0.00155535305385, 0.00537116546184, -0.00533853797242, -0.00464525585994, 0.0218027718365, -0.0114290770143], [0.000244679686148, -0.00141788786277, 0.000901656516362, -0.00143875647336, -0.000258952873992, -0.000307606678689, 0.000115514070785, 0.000221073059947, -0.00393309816718, 0.00430889613926, -0.00177763344254, -0.0114290770143, 0.0200291816145]]
    },
    "melbands": {
        "dmean": [0.0062044467777, 0.00425296789035, 0.00228610215709, 0.000563614477869, 0.000180174363777, 0.000177149413503, 0.000140530260978, 0.000154775989358, 0.000116901253932, 0.000108907923277, 8.98211656022e-05, 6.06285539106e-05, 5.38956701348e-05, 4.41234296886e-05, 3.29344766214e-05, 3.14058597723e-05, 3.09036149702e-05, 1.9864854039e-05, 1.68059577845e-05, 1.57454105647e-05, 1.29606296468e-05, 1.12764737423e-05, 9.72375346464e-06, 8.90864066605e-06, 8.12787402538e-06, 7.31579029889e-06, 5.78780418437e-06, 4.76361037727e-06, 3.89760589314e-06, 3.48878688783e-06, 2.94469759865e-06, 2.7666853839e-06, 2.6558616355e-06, 2.16679973164e-06, 2.10138409784e-06, 1.98398834073e-06, 1.6157769096e-06, 1.31826743655e-06, 1.18886634937e-06, 1.09190227704e-06],
        "dmean2": [0.00784974731505, 0.00620045233518, 0.00395993608981, 0.000987540697679, 0.000305868103169, 0.000298211118206, 0.000227014214033, 0.000233012804529, 0.000178016125574, 0.000169794511748, 0.000143649231177, 9.8195814644e-05, 8.78947685123e-05, 7.40733376006e-05, 5.62741079193e-05, 5.28555756318e-05, 5.22204536537e-05, 3.29966751451e-05, 2.73907735391e-05, 2.64138852799e-05, 2.24783780141e-05, 1.89062084246e-05, 1.66938298207e-05, 1.52746906679e-05, 1.38900059028e-05, 1.24084390336e-05, 9.83767313301e-06, 8.04721457826e-06, 6.50785659673e-06, 5.77148102821e-06, 4.76110153613e-06, 4.42416830992e-06, 4.41137672169e-06, 3.46582987731e-06, 3.247446557e-06, 3.15184342981e-06, 2.50342213803e-06, 2.09027780329e-06, 1.88606611573e-06, 1.72514774022e-06],
        "dvar": [0.000106556901301, 9.59829194471e-05, 6.02151776548e-05, 2.92767140309e-06, 1.55145642111e-07, 2.0724401395e-07, 9.43433136058e-08, 7.35359861892e-08, 4.48949819543e-08, 4.31672191326e-08, 3.73180455426e-08, 1.62942388471e-08, 1.3390778264e-08, 9.62728474718e-09, 5.07460073962e-09, 4.30601199142e-09, 1.05063167055e-08, 2.12820427947e-09, 1.11080311616e-09, 8.17871492753e-10, 6.41299180426e-10, 4.83944384566e-10, 3.87093579413e-10, 3.39435646257e-10, 3.26899562975e-10, 2.62502186654e-10, 1.27728799759e-10, 9.80507133819e-11, 5.7941311471e-11, 5.08029486535e-11, 3.38990988058e-11, 3.08704797836e-11, 3.16496273634e-11, 2.30028721765e-11, 2.04366506357e-11, 2.11817854923e-11, 1.40143972815e-11, 1.08903684681e-11, 8.7844072294e-12, 6.20358799053e-12],
        "dvar2": [0.000160241645062, 0.000208717567148, 0.000163516480825, 8.10925848782e-06, 4.37437790879e-07, 5.68097448195e-07, 2.53994073773e-07, 1.61446308766e-07, 9.86248451795e-08, 1.01886996617e-07, 9.05446242427e-08, 4.06129778696e-08, 3.32007452641e-08, 2.58260790531e-08, 1.32626434279e-08, 1.06712620962e-08, 2.8787766837e-08, 5.49458034627e-09, 2.83610934737e-09, 2.18278639608e-09, 1.77912395927e-09, 1.27102706138e-09, 1.07881081846e-09, 9.31559385187e-10, 8.98257357385e-10, 7.29160731794e-10, 3.46515482974e-10, 2.68737421205e-10, 1.51404833115e-10, 1.29818739092e-10, 8.41048064526e-11, 7.30178209563e-11, 7.9559143995e-11, 5.76730677104e-11, 4.77181627545e-11, 5.19837020652e-11, 3.34189412254e-11, 2.69542357184e-11, 2.17258589591e-11, 1.46716354343e-11],
        "max": [0.110339932144, 0.0970017835498, 0.0777853578329, 0.0246910024434, 0.0046480842866, 0.00849145837128, 0.00588721316308, 0.00679531740025, 0.00481132930145, 0.0039432272315, 0.00586301507428, 0.00378191657364, 0.0034462865442, 0.00230604154058, 0.00232519488782, 0.00172433012631, 0.00453389575705, 0.00144085776992, 0.000715036643669, 0.000590121198911, 0.000514878483955, 0.000587864080444, 0.000304316257825, 0.000318068137858, 0.000277618441032, 0.000222917820793, 0.00012020257418, 0.000130610409542, 8.11092613731e-05, 0.000109157146653, 9.9434859294e-05, 7.99617992016e-05, 0.000106872721517, 0.000145064273966, 6.19485799689e-05, 0.000111270877824, 6.98144358466e-05, 0.000116572882689, 9.13302064873e-05, 3.44235486409e-05],
        "mean": [0.0116810975596, 0.00588333979249, 0.00196897797287, 0.000595175777562, 0.000254031503573, 0.00026241139858, 0.000221343972953, 0.000273737998214, 0.000207147240872, 0.000177697234903, 0.000149286031956, 8.81713422132e-05, 7.84400181146e-05, 6.41227015876e-05, 4.63427313662e-05, 4.41524971393e-05, 4.61063937109e-05, 2.88501250907e-05, 2.66641218332e-05, 2.31110079767e-05, 1.72328236658e-05, 1.74482793227e-05, 1.37454035212e-05, 1.28858091557e-05, 1.195853838e-05, 1.06259822132e-05, 8.48684248922e-06, 7.16659269528e-06, 5.66928929402e-06, 5.21874881088e-06, 4.49275330539e-06, 4.2937458602e-06, 3.74057981389e-06, 3.21083871313e-06, 3.04400032292e-06, 2.84211250801e-06, 2.19893536269e-06, 1.98612087843e-06, 1.70576629444e-06, 1.58225191171e-06],
        "median": [0.0026458054781, 0.00183705380186, 0.000420045544161, 0.000189301354112, 0.000121840370412, 0.000111183690024, 8.28412739793e-05, 0.000106136969407, 7.21553151379e-05, 6.38419296592e-05, 5.33296333742e-05, 3.78693730454e-05, 3.41094382748e-05, 2.67170617008e-05, 1.85115495697e-05, 1.6980109649e-05, 1.59209503181e-05, 1.30424250528e-05, 9.92549212242e-06, 9.27743349166e-06, 7.03216073816e-06, 6.25889651928e-06, 5.65887785342e-06, 4.88364003104e-06, 4.45255864179e-06, 3.87961335946e-06, 2.98387772091e-06, 2.20267793338e-06, 1.59825719948e-06, 1.04942660073e-06, 7.46159003029e-07, 6.36322283754e-07, 4.70979671263e-07, 3.98551662784e-07, 3.26645192672e-07, 2.59835019278e-07, 1.85470156566e-07, 1.26685534951e-07, 8.91129587899e-08, 6.06359407129e-08],
        "min": [1.4362708657e-24, 1.17165644834e-24, 1.0981802673e-24, 5.01313906912e-25, 1.22696999451e-24, 1.9227541876e-24, 1.72061114443e-24, 1.09277942972e-24, 1.13027398854e-24, 1.73809585197e-24, 2.11764128816e-24, 3.48021844442e-24, 2.75618612839e-24, 2.13328439991e-24, 1.58621715214e-24, 3.40364568851e-24, 2.8521236446e-24, 3.33652585282e-24, 3.54422504055e-24, 3.78095233745e-24, 4.21195398719e-24, 2.79485825934e-24, 3.20611452341e-24, 3.02891171219e-24, 3.13085798191e-24, 4.26706144345e-24, 4.40341605092e-24, 4.66691373706e-24, 5.75897727551e-24, 4.85837501192e-24, 5.0708969008e-24, 4.87974564828e-24, 4.59764662199e-24, 5.40946495727e-24, 5.11308320986e-24, 6.67821480026e-24, 4.82391480657e-24, 6.24645111088e-24, 6.4789031761e-24, 5.92436788075e-24],
        "var": [0.000321908446494, 0.000126532249851, 4.09247768403e-05, 2.0867735202e-06, 1.55522783984e-07, 2.2828508861e-07, 1.37703977998e-07, 1.88509460486e-07, 1.29500179469e-07, 9.97032998384e-08, 9.69480140611e-08, 2.52629455133e-08, 2.24512941571e-08, 1.527421567e-08, 1.01031947253e-08, 8.54169979192e-09, 1.70952976219e-08, 2.79868950237e-09, 2.34436847713e-09, 1.49768719648e-09, 7.63777652235e-10, 9.07596831023e-10, 4.78325545838e-10, 5.0171372612e-10, 4.13926865006e-10, 3.07737474392e-10, 1.74679312681e-10, 1.38769606917e-10, 8.59242677009e-11, 8.87324172472e-11, 6.33525801264e-11, 6.02160127317e-11, 4.99960940703e-11, 3.71586129921e-11, 3.53819612497e-11, 3.30781131652e-11, 2.08684337172e-11, 1.63629214345e-11, 1.31185843438e-11, 1.0695137484e-11]
    },
    "mfcc": {
        "mean": [-679.419921875, 130.13822937, 4.8757185936, 22.2665958405, 4.94050216675, 9.83349514008, 6.284532547, 9.45324611664, 4.7669172287, 8.76815319061, 4.6415810585, 4.08570337296, 2.190741539],
        "cov": [[18436.0566406, -1801.88037109, -676.733276367, 541.734558105, -12.4118852615, 152.279891968, 135.500610352, 341.087463379, 139.846466064, 190.778182983, 47.2492752075, -11.8904418945, -5.57146024704], [-1801.88037109, 3129.23632812, 91.05493927, 86.6798019409, -10.3367834091, -16.9981975555, 6.79478502274, -15.976275444, -10.4977989197, 44.4785118103, 37.8010864258, 50.8705101013, 26.9373188019], [-676.733276367, 91.05493927, 920.293701172, 52.4098739624, 237.717727661, 115.181900024, 98.7088317871, 76.6621627808, 92.7351455688, 39.9447822571, 51.4033432007, 3.60621714592, 7.00010204315], [541.734558105, 86.6798019409, 52.4098739624, 445.385406494, 171.520385742, 163.705688477, 98.9233322144, 90.3423538208, 67.0140228271, 44.0744056702, 15.6815786362, 7.0508646965, -1.85328817368], [-12.4118852615, -10.3367834091, 237.717727661, 171.520385742, 279.670837402, 152.452774048, 118.880104065, 81.337387085, 84.1003189087, 45.5772972107, 38.4098396301, 13.8224716187, 11.1975765228], [152.279891968, -16.9981975555, 115.181900024, 163.705688477, 152.452774048, 229.234909058, 110.654594421, 82.8637466431, 66.1352157593, 30.1527824402, 26.2432174683, 14.8309755325, -5.25890445709], [135.500610352, 6.79478502274, 98.7088317871, 98.9233322144, 118.880104065, 110.654594421, 175.812332153, 112.305160522, 79.7536773682, 59.5422096252, 46.8062782288, 36.8417282104, 24.5725746155], [341.087463379, -15.976275444, 76.6621627808, 90.3423538208, 81.337387085, 82.8637466431, 112.305160522, 150.313430786, 99.4162750244, 76.1059036255, 48.1167640686, 29.4660053253, 28.0906734467], [139.846466064, -10.4977989197, 92.7351455688, 67.0140228271, 84.1003189087, 66.1352157593, 79.7536773682, 99.4162750244, 142.658615112, 93.6307296753, 61.229888916, 28.0060024261, 26.445684433], [190.778182983, 44.4785118103, 39.9447822571, 44.0744056702, 45.5772972107, 30.1527824402, 59.5422096252, 76.1059036255, 93.6307296753, 134.506698608, 91.6203994751, 55.2402610779, 35.3793869019], [47.2492752075, 37.8010864258, 51.4033432007, 15.6815786362, 38.4098396301, 26.2432174683, 46.8062782288, 48.1167640686, 61.229888916, 91.6203994751, 122.092002869, 75.8247375488, 45.1110916138], [-11.8904418945, 50.8705101013, 3.60621714592, 7.0508646965, 13.8224716187, 14.8309755325, 36.8417282104, 29.4660053253, 28.0060024261, 55.2402610779, 75.8247375488, 103.677719116, 59.4314346313], [-5.57146024704, 26.9373188019, 7.00010204315, -1.85328817368, 11.1975765228, -5.25890445709, 24.5725746155, 28.0906734467, 26.445684433, 35.3793869019, 45.1110916138, 59.4314346313, 92.2429885864]],
