{
"lowlevel": {
    "average_loudness": 0.932349085808,
    "barkbands_crest": {
        "dmean": 4.04581928253,
        "dmean2": 6.66828393936,
        "dvar": 14.1210727692,
        "dvar2": 36.138217926,
        "max": 26.8638706207,
        "mean": 16.215013504,
        "median": 16.7370414734,
        "min": 1.6616165638,
        "var": 43.3637123108
    },
    "barkbands_flatness_db": {
        "dmean": 0.0601414851844,
        "dmean2": 0.0887519344687,
        "dvar": 0.00522791501135,
        "dvar2": 0.0118043227121,
        "max": 1,
        "mean": 0.214248239994,
        "median": 0.176830038428,
        "min": 0.0134646389633,
        "var": 0.0281896982342
    },
    "barkbands_kurtosis": {
        "dmean": 48.8709907532,
        "dmean2": 81.8015213013,
        "dvar": 36079.3710938,
        "dvar2": 99011.5390625,
        "max": 5893.40283203,
        "mean": 50.0026054382,
        "median": 7.41454458237,
        "min": -1.95276725292,
        "var": 32719.3847656
    },
    "barkbands_skewness": {
        "dmean": 2.01182222366,
        "dmean2": 3.02719330788,
        "dvar": 9.14133453369,
        "dvar2": 22.7235946655,
        "max": 48.4171791077,
        "mean": 3.41178107262,
        "median": 2.44330573082,
        "min": -5.91607809067,
        "var": 18.4347305298
    },
    "barkbands_spread": {
        "dmean": 10.5901098251,
        "dmean2": 15.9482955933,
        "dvar": 158.212539673,
        "dvar2": 346.632019043,
        "max": 137.207244873,
        "mean": 23.9963417053,
        "median": 16.5587120056,
        "min": 0.010457878001,
        "var": 507.474304199
    },
    "dissonance": {
        "dmean": 0.023474464193,
        "dmean2": 0.0395806133747,
        "dvar": 0.00122952950187,
        "dvar2": 0.00334725924768,
        "max": 0.500000178814,
        "mean": 0.465022474527,
        "median": 0.479796916246,
        "min": 0.0865796208382,
        "var": 0.00184463371988
    },
    "dynamic_complexity": 3.27861642838,
    "erbbands_crest": {
        "dmean": 3.22728562355,
        "dmean2": 5.27202892303,
        "dvar": 12.657409668,
        "dvar2": 29.2457351685,
        "max": 33.7361717224,
        "mean": 9.07783889771,
        "median": 6.88332653046,
        "min": 1.75447487831,
        "var": 38.3499336243
    },
    "erbbands_flatness_db": {
        "dmean": 0.0326823927462,
        "dmean2": 0.0515541248024,
        "dvar": 0.00222706026398,
        "dvar2": 0.00519546074793,
        "max": 0.59541028738,
        "mean": 0.145398676395,
        "median": 0.110575869679,
        "min": 0.0309267006814,
        "var": 0.00898464117199
    },
    "erbbands_kurtosis": {
        "dmean": 8.5572013855,
        "dmean2": 14.4592990875,
        "dvar": 1228.15588379,
        "dvar2": 2735.34301758,
        "max": 487.49118042,
        "mean": 13.121512413,
        "median": -0.0462083816528,
        "min": -1.92222011089,
        "var": 3124.89550781
    },
    "erbbands_skewness": {
        "dmean": 0.847627460957,
        "dmean2": 1.34190547466,
        "dvar": 2.03755426407,
        "dvar2": 5.14737558365,
        "max": 16.1165542603,
        "mean": 0.646448850632,
        "median": 0.0977278649807,
        "min": -8.27538776398,
        "var": 5.96993970871
    },
    "erbbands_spread": {
        "dmean": 18.7372112274,
        "dmean2": 28.0791931152,
        "dvar": 432.395812988,
        "dvar2": 873.324951172,
        "max": 202.71762085,
        "mean": 56.7442588806,
        "median": 49.022567749,
        "min": 0.373743444681,
        "var": 1343.02905273
    },
    "hfc": {
        "dmean": 22.9791069031,
        "dmean2": 35.1187171936,
        "dvar": 1173.37585449,
        "dvar2": 2620.06811523,
        "max": 404.087249756,
        "mean": 36.9194450378,
        "median": 20.5469551086,
        "min": 1.03319404693e-16,
        "var": 1956.9810791
    },
    "melbands_crest": {
        "dmean": 4.97741699219,
        "dmean2": 7.94498157501,
        "dvar": 21.1285209656,
        "dvar2": 53.4756088257,
        "max": 39.0058708191,
        "mean": 21.8706932068,
        "median": 23.1358566284,
        "min": 1.65061688423,
        "var": 61.6906547546
    },
    "melbands_flatness_db": {
        "dmean": 0.0713545307517,
        "dmean2": 0.102776616812,
        "dvar": 0.0064323018305,
        "dvar2": 0.0142568014562,
        "max": 1,
        "mean": 0.297316908836,
        "median": 0.265758752823,
        "min": 0.00320465350524,
        "var": 0.0389612577856
    },
    "melbands_kurtosis": {
        "dmean": 73.9975891113,
        "dmean2": 114.866142273,
        "dvar": 28591.1816406,
        "dvar2": 72675.8125,
        "max": 4210.87011719,
        "mean": 97.9213867188,
        "median": 27.5827350616,
        "min": -1.86342072487,
        "var": 35173.0507812
    },
    "melbands_skewness": {
        "dmean": 2.62381672859,
        "dmean2": 3.84549355507,
        "dvar": 10.3577766418,
        "dvar2": 23.1603088379,
        "max": 51.1747665405,
        "mean": 6.128698349,
        "median": 4.4895606041,
        "min": -8.89314079285,
        "var": 28.0177326202
    },
    "melbands_spread": {
        "dmean": 12.0367517471,
        "dmean2": 18.1937274933,
        "dvar": 387.920501709,
        "dvar2": 879.88659668,
        "max": 269.213684082,
        "mean": 21.6482753754,
        "median": 8.70685005188,
        "min": 0.034068506211,
        "var": 985.986755371
    },
    "pitch_salience": {
        "dmean": 0.124771878123,
        "dmean2": 0.195925235748,
        "dvar": 0.0153016205877,
        "dvar2": 0.0352022498846,
        "max": 0.975979506969,
        "mean": 0.388289749622,
        "median": 0.385435134172,
        "min": 0.00368788093328,
        "var": 0.0503341592848
    },
    "silence_rate_20dB": {
        "dmean": 0,
        "dmean2": 0,
        "dvar": 0,
        "dvar2": 0,
        "max": 1,
        "mean": 1,
        "median": 1,
        "min": 1,
        "var": 0
    },
    "silence_rate_30dB": {
        "dmean": 0.0902264788747,
        "dmean2": 0.180463984609,
        "dvar": 0.0820871293545,
        "dvar2": 0.167787149549,
        "max": 1,
        "mean": 0.739958465099,
        "median": 1,
        "min": 0,
        "var": 0.192424997687
    },
    "silence_rate_60dB": {
        "dmean": 0.0294243339449,
        "dmean2": 0.0588522590697,
        "dvar": 0.0285518802702,
        "dvar2": 0.0718776360154,
        "max": 1,
        "mean": 0.063423268497,
        "median": 0,
        "min": 0,
        "var": 0.0594067238271
    },
    "spectral_centroid": {
        "dmean": 420.47845459,
        "dmean2": 633.002563477,
        "dvar": 251316.90625,
        "dvar2": 517572.09375,
        "max": 11792.6015625,
        "mean": 1607.03222656,
        "median": 1264.60839844,
        "min": 46.729675293,
        "var": 2574662
    },
    "spectral_complexity": {
        "dmean": 6.75025939941,
        "dmean2": 10.2286939621,
        "dvar": 63.742641449,
        "dvar2": 122.209854126,
        "max": 64,
        "mean": 17.3444023132,
        "median": 14,
        "min": 0,
        "var": 202.568450928
    },
    "spectral_decrease": {
        "dmean": 8.18419643167e-09,
        "dmean2": 1.25391199646e-08,
        "dvar": 7.22751508673e-17,
        "dvar2": 1.8165802106e-16,
        "max": 1.9278539484e-28,
        "mean": -1.64942548508e-08,
        "median": -1.03632835646e-08,
        "min": -7.54116626922e-08,
        "var": 2.43892734538e-16
    },
    "spectral_energy": {
        "dmean": 0.0320004597306,
        "dmean2": 0.0493285320699,
        "dvar": 0.00108285062015,
        "dvar2": 0.00272920797579,
        "max": 0.28845512867,
        "mean": 0.0656018257141,
        "median": 0.0435944199562,
        "min": 1.00496490987e-20,
        "var": 0.00363683071919
    },
    "spectral_energyband_high": {
        "dmean": 0.00208692392334,
        "dmean2": 0.0031808714848,
        "dvar": 1.31693759613e-05,
        "dvar2": 2.8672238841e-05,
        "max": 0.0734687373042,
        "mean": 0.00299085536972,
        "median": 0.00100106967147,
        "min": 6.93174929939e-21,
        "var": 2.20992478717e-05
    },
    "spectral_energyband_low": {
        "dmean": 0.0276343543082,
        "dmean2": 0.0426963344216,
        "dvar": 0.00103032565676,
        "dvar2": 0.00239602476358,
        "max": 0.272375047207,
        "mean": 0.0509046688676,
        "median": 0.0213718675077,
        "min": 1.02809251995e-23,
        "var": 0.00345016131178
    },
    "spectral_energyband_middle_high": {
        "dmean": 0.00250726449303,
        "dmean2": 0.00402642507106,
        "dvar": 1.74177566805e-05,
        "dvar2": 4.14369642385e-05,
        "max": 0.0590711459517,
        "mean": 0.00379785266705,
        "median": 0.00175077514723,
        "min": 1.08517180345e-21,
        "var": 2.85561054625e-05
    },
    "spectral_energyband_middle_low": {
        "dmean": 0.00882018916309,
        "dmean2": 0.0144178206101,
        "dvar": 0.000238221182371,
        "dvar2": 0.000526755349711,
        "max": 0.176226839423,
        "mean": 0.00970725156367,
        "median": 0.00322201824747,
        "min": 9.98620408314e-23,
        "var": 0.000262646615738
    },
    "spectral_entropy": {
        "dmean": 0.384639054537,
        "dmean2": 0.596138358116,
        "dvar": 0.347525477409,
        "dvar2": 0.775140941143,
        "max": 9.82458019257,
        "mean": 7.51470756531,
        "median": 7.90843772888,
        "min": 2.2813565731,
        "var": 1.6700758934
    },
    "spectral_flux": {
        "dmean": 0.0590710565448,
        "dmean2": 0.0894316136837,
        "dvar": 0.00302777462639,
        "dvar2": 0.00706014176831,
        "max": 0.453484624624,
        "mean": 0.143315523863,
        "median": 0.134969457984,
        "min": 6.36595290371e-11,
        "var": 0.00705603463575
    },
    "spectral_kurtosis": {
        "dmean": 11.1878204346,
        "dmean2": 19.7902641296,
        "dvar": 2174.86352539,
        "dvar2": 6349.71533203,
        "max": 1322.38635254,
        "mean": 14.5120830536,
        "median": 2.16709041595,
        "min": -1.27326023579,
        "var": 2745.59814453
    },
    "spectral_rms": {
        "dmean": 0.00203433260322,
        "dmean2": 0.00295980623923,
        "dvar": 3.43913916367e-06,
        "dvar2": 8.37356947159e-06,
        "max": 0.0167755670846,
        "mean": 0.00701438589022,
        "median": 0.00652159098536,
        "min": 3.13121967591e-12,
        "var": 1.47997916429e-05
    },
    "spectral_rolloff": {
        "dmean": 951.680175781,
        "dmean2": 1533.22399902,
        "dvar": 2874479,
        "dvar2": 6477145,
        "max": 19745.9472656,
        "mean": 1765.64416504,
        "median": 258.3984375,
        "min": 21.533203125,
        "var": 10195614
    },
    "spectral_skewness": {
        "dmean": 0.655223369598,
        "dmean2": 1.08288812637,
        "dvar": 2.69591760635,
        "dvar2": 6.97040224075,
        "max": 32.7321205139,
        "mean": 2.00693035126,
        "median": 1.22488927841,
        "min": -0.297499358654,
        "var": 7.05356121063
    },
    "spectral_spread": {
        "dmean": 1274442.625,
        "dmean2": 1940048.75,
        "dvar": 2.15143612416e+12,
        "dvar2": 4.7664899031e+12,
        "max": 42949984,
        "mean": 6718356.5,
        "median": 6097694,
        "min": 147070.84375,
        "var": 2.62118414746e+13
    },
    "spectral_strongpeak": {
        "dmean": 0.36665341258,
        "dmean2": 0.610267281532,
        "dvar": 1.04645454884,
        "dvar2": 2.51139307022,
        "max": 40.8220787048,
        "mean": 0.662758231163,
        "median": 0.43118339777,
        "min": 0,
        "var": 1.31302165985
    },
    "zerocrossingrate": {
        "dmean": 0.0183054953814,
        "dmean2": 0.0207461100072,
        "dvar": 0.000481734139612,
        "dvar2": 0.000613860378508,
        "max": 0.591796875,
        "mean": 0.0668093785644,
        "median": 0.03857421875,
        "min": 0,
        "var": 0.00654033897445
    },
    "barkbands": {
        "dmean": [0.00148073211312, 0.0233195368201, 0.00926060974598, 0.00469390721992, 0.00461349077523, 0.000892170704901, 0.000598071492277, 0.000369062792743, 0.000520010769833, 0.000541618443094, 0.000304484157823, 0.000317292142427, 0.000361614191206, 0.000294638215564, 0.000403066223953, 0.000300681451336, 0.000301143474644, 0.000262879621005, 0.000237000960624, 0.000250296667218, 0.000288010429358, 0.000341056962498, 0.000342571845977, 0.000519875669852, 0.000480133021483, 0.000172872707481, 4.81432216475e-05],
        "dmean2": [0.00237721274607, 0.0338029004633, 0.014518013224, 0.0083948019892, 0.00814691185951, 0.00159786152653, 0.000997471623123, 0.000619701109827, 0.000862004002556, 0.000904458574951, 0.000507474527694, 0.000550652621314, 0.000615869590547, 0.000498491514008, 0.000672444526572, 0.00050132907927, 0.000497003959026, 0.000437712296844, 0.000373099814169, 0.000401575787691, 0.000442132499302, 0.000538702413905, 0.000539521046448, 0.000824840564746, 0.000771140970755, 0.00026828495902, 7.58123787818e-05],
        "dvar": [9.35431125981e-06, 0.000904845015611, 0.000353925745003, 0.000113486799819, 0.00010741915321, 4.59418833998e-06, 1.94330300474e-06, 8.32282751162e-07, 1.68101860254e-06, 1.60074034738e-06, 6.84664257733e-07, 6.76788260989e-07, 6.58217174987e-07, 4.42312625637e-07, 1.48930428168e-06, 4.7009226023e-07, 7.23546179415e-07, 6.14890836914e-07, 6.40368511995e-07, 1.0316624639e-06, 8.13507938346e-07, 8.54190716382e-07, 3.91615969875e-07, 9.78653133643e-07, 7.28424765839e-07, 1.09924499725e-07, 1.49814827211e-08],
        "dvar2": [2.34827548411e-05, 0.00197670119815, 0.000802325783297, 0.000305239169393, 0.000282961351331, 1.2971840988e-05, 4.3007480599e-06, 2.15412683247e-06, 3.95249799112e-06, 3.7879485717e-06, 1.63292884281e-06, 1.69685938545e-06, 1.64322796081e-06, 1.01715625078e-06, 3.47972468262e-06, 1.1446965118e-06, 1.68530084466e-06, 1.45672549934e-06, 1.24562757264e-06, 2.32877869166e-06, 1.63080994753e-06, 1.8720808157e-06, 8.47552371397e-07, 2.35714196606e-06, 1.64209620834e-06, 2.50896817988e-07, 3.75615272219e-08],
        "max": [0.0509750209749, 0.263786822557, 0.140041276813, 0.0951836779714, 0.134395375848, 0.0421409122646, 0.0451411493123, 0.0384441353381, 0.0449265576899, 0.0221610423177, 0.0205821488053, 0.0203654486686, 0.0179004538804, 0.0216960217804, 0.0540860444307, 0.0263338014483, 0.0293891131878, 0.0430845245719, 0.0424690656364, 0.0656762421131, 0.0607390627265, 0.0560198500752, 0.0154767921194, 0.0278803426772, 0.00798959005624, 0.00562944030389, 0.0032618616242],
        "mean": [0.0015544265043, 0.0394463762641, 0.00820358283818, 0.00335089419968, 0.00351082487032, 0.000897034246009, 0.000748485792428, 0.000427923398092, 0.000580505409744, 0.000560040352866, 0.000332924653776, 0.000294732977636, 0.000377980875783, 0.000319092418067, 0.000432346831076, 0.000372146081645, 0.00037382778828, 0.000327429181198, 0.000347221386619, 0.000358117569704, 0.000431846099673, 0.000480445334688, 0.000483509618789, 0.000629878777545, 0.000513256061822, 0.000201398026547, 4.51940250059e-05],
        "median": [0.000307070673443, 0.0134853040799, 0.000999110983685, 0.00050837546587, 0.000610765418969, 0.00021562029724, 0.000187532277778, 0.000107311418105, 0.000135536189191, 0.000116791241453, 7.44175777072e-05, 5.67735733057e-05, 0.000100135570392, 9.02566825971e-05, 0.000110960245365, 0.000104280174128, 0.000108223524876, 8.90798110049e-05, 0.000110456545372, 0.000114968919661, 0.000140436750371, 0.000137408904266, 0.000136484290124, 0.000150025749463, 0.00010427669622, 4.58430222352e-05, 2.39435621552e-06],
        "min": [2.22847560439e-25, 1.13919413184e-24, 4.49192683613e-25, 4.05033482734e-25, 4.10453755874e-24, 5.26909978096e-24, 6.72625327394e-24, 6.02881661447e-24, 1.49787378293e-23, 1.12494089439e-23, 6.4750097531e-24, 1.35404929378e-23, 1.63742027939e-23, 1.26038870625e-23, 2.83295286521e-23, 6.02764010732e-23, 6.14342911099e-23, 9.50941339659e-23, 8.98228328685e-23, 1.31862745121e-22, 2.19258120455e-22, 2.69336348627e-22, 3.77663182516e-22, 5.5775530566e-22, 8.27183288369e-22, 1.20885610572e-21, 1.93040872269e-21],
        "var": [1.1081692719e-05, 0.00287021161057, 0.000379462493584, 7.78116227593e-05, 7.80678965384e-05, 4.38891811427e-06, 4.59056263935e-06, 1.00390184343e-06, 2.1857529191e-06, 1.97183794626e-06, 8.06317700608e-07, 6.53511506243e-07, 7.50849210363e-07, 5.60224577839e-07, 1.62662104231e-06, 6.27025372069e-07, 9.71618987933e-07, 8.31123486478e-07, 1.20482047805e-06, 1.26471877593e-06, 1.54179076617e-06, 1.39146948186e-06, 7.04147623765e-07, 1.19658943731e-06, 8.41776852667e-07, 1.31122916969e-07, 1.48054750682e-08]
    },
    "erbbands": {
        "dmean": [0.850355386734, 4.97147226334, 9.66738605499, 12.3288211823, 15.5797100067, 15.452167511, 8.49264144897, 7.35476636887, 8.54439163208, 8.50721168518, 8.42447853088, 12.2017669678, 14.0192203522, 15.5995426178, 11.9787836075, 13.3720359802, 16.8628845215, 14.4249048233, 18.7529773712, 19.0767650604, 16.6168956757, 15.2712888718, 14.4469671249, 12.3535680771, 12.2371997833, 11.5500841141, 11.9671802521, 11.573431015, 10.9084663391, 13.6575202942, 9.29497337341, 10.0840425491, 8.88950920105, 5.71863698959, 3.2954416275, 1.06842243671, 0.254047125578, 0.0715778768063, 0.00795490667224, 0.000140201984323],
        "dmean2": [1.21877920628, 6.92179584503, 14.080121994, 20.3305511475, 26.9151153564, 27.8925628662, 15.3788900375, 13.0917711258, 14.5004854202, 13.9461193085, 14.1113862991, 20.078168869, 23.6529083252, 26.0027084351, 19.9282684326, 23.0114898682, 28.6757965088, 24.1526145935, 31.3425121307, 31.7828388214, 27.5273113251, 25.1348934174, 24.165435791, 19.9033107758, 19.2251472473, 18.3039894104, 18.759147644, 17.8821659088, 17.0555381775, 21.6604213715, 14.6183404922, 15.9001455307, 14.2734584808, 9.21892929077, 5.30818939209, 1.69261491299, 0.388723343611, 0.109690628946, 0.0127220023423, 0.000219713154365],
        "dvar": [1.44657635689, 41.8501281738, 281.689758301, 586.480285645, 1151.08032227, 1396.34350586, 316.741516113, 362.236541748, 369.478485107, 391.678009033, 428.126586914, 995.643188477, 1224.88903809, 1621.87524414, 951.309265137, 1082.90209961, 1392.78601074, 1099.65917969, 2331.15625, 4344.54150391, 1530.25231934, 1692.79418945, 1974.81616211, 1452.09692383, 2046.33300781, 2204.14135742, 1377.07946777, 1809.60083008, 1633.57983398, 888.945617676, 279.455627441, 372.184143066, 283.136016846, 98.0073852539, 39.4242630005, 4.22107315063, 0.236463785172, 0.0192399825901, 0.00049268611474, 8.2227494147e-08],
        "dvar2": [3.13740086555, 86.6265106201, 579.76184082, 1398.23522949, 2946.28173828, 3791.86645508, 890.399353027, 1020.78570557, 878.212402344, 916.029052734, 1082.00354004, 2324.28320312, 3006.25537109, 3981.85839844, 2360.79345703, 2628.86035156, 3478.15405273, 2503.2668457, 5377.39355469, 10198.4814453, 3571.52783203, 3858.07543945, 4901.0546875, 2855.44018555, 4032.79296875, 4887.91113281, 3340.52246094, 3916.31274414, 3457.08911133, 2029.00085449, 623.775390625, 876.699768066, 688.622619629, 224.899047852, 89.212387085, 9.68749523163, 0.532204031944, 0.0453177765012, 0.00128065864556, 2.08178448702e-07],
        "max": [10.3580389023, 63.8788223267, 127.718070984, 252.801147461, 314.924255371, 589.956481934, 207.825958252, 421.423522949, 426.210906982, 601.577636719, 894.961914062, 965.455078125, 841.803283691, 902.60723877, 1009.71917725, 742.26776123, 881.287109375, 831.793884277, 2099.5324707, 3603.3203125, 1620.20849609, 1556.7199707, 2529.91308594, 2444.59082031, 2357.06665039, 2955.73046875, 3135.76367188, 3119.67651367, 3199.15283203, 1296.82641602, 468.314483643, 607.106201172, 344.749481201, 126.319358826, 70.6752090454, 25.6027202606, 11.6817522049, 3.13719439507, 0.67706143856, 0.0081791151315],
        "mean": [1.28691577911, 8.14241790771, 11.22123909, 10.3481435776, 11.9227209091, 11.5965147018, 7.49665546417, 7.60965824127, 10.0178155899, 11.0198965073, 10.2029523849, 13.9884166718, 15.0079517365, 16.2552089691, 13.6906137466, 13.4963064194, 17.9021759033, 16.3586101532, 20.2151412964, 21.8308963776, 21.2833366394, 19.855304718, 18.323091507, 17.6115989685, 17.5995864868, 16.9124927521, 17.5428771973, 16.9001502991, 15.9714660645, 18.0529537201, 12.9922647476, 12.5817203522, 10.3365001678, 6.24851179123, 3.42197799683, 1.18589186668, 0.308470964432, 0.0800927057862, 0.0074132126756, 0.000195686312509],
        "median": [0.375557363033, 2.74308776855, 2.58885765076, 1.86282145977, 1.84226822853, 1.98556292057, 1.98737335205, 1.88374078274, 2.47464418411, 2.95737266541, 2.80206108093, 3.36972761154, 3.34066867828, 3.77620649338, 3.38721466064, 3.3122959137, 4.95355319977, 4.928647995, 5.5446767807, 6.44696903229, 6.19101905823, 6.03535461426, 5.28586053848, 5.86077785492, 5.58397674561, 5.51298618317, 5.60943078995, 5.32901334763, 4.83744764328, 4.5994644165, 3.82813644409, 3.22974276543, 2.35456490517, 1.28371846676, 0.651296854019, 0.249380320311, 0.0722262859344, 0.014240520075, 0.000589605828281, 0.000107089363155],
        "min": [8.14924680203e-23, 2.05278419742e-22, 1.27879042988e-21, 2.0336683685e-21, 5.77374652501e-21, 2.23539324376e-20, 1.72856788866e-20, 5.17970030576e-20, 7.8039366152e-20, 1.76408220972e-19, 1.62671917548e-19, 3.34877375999e-19, 4.48376456359e-19, 5.33218097042e-19, 7.69657748973e-19, 8.67482919948e-19, 1.12047383555e-18, 1.31169348795e-18, 2.01518733447e-18, 2.68598076682e-18, 3.4370404971e-18, 3.92222411257e-18, 4.55855223752e-18, 5.58428762995e-18, 7.09789290689e-18, 6.66444488924e-18, 8.7618792056e-18, 9.93022963462e-18, 9.02826775879e-18, 9.28431820869e-18, 9.50630039787e-18, 1.12824325353e-17, 8.60817829444e-18, 8.18565774627e-18, 6.41007816548e-18, 4.16241130627e-18, 2.10891516968e-18, 9.35803902642e-19, 2.4703317309e-19, 2.70324514419e-20],
        "var": [3.71678876877, 134.820236206, 447.652252197, 541.316223145, 887.349914551, 951.018371582, 247.170944214, 351.779602051, 712.17376709, 816.258605957, 569.455200195, 1328.05859375, 1603.04296875, 1737.04846191, 1168.23242188, 1125.32617188, 1596.75585938, 1423.1817627, 2702.734375, 4688.66552734, 2269.89868164, 2400.83813477, 2417.3137207, 2487.375, 3364.87207031, 2833.70336914, 2246.75683594, 2950.90234375, 2256.41992188, 1323.23791504, 493.515258789, 498.097869873, 326.313934326, 115.530693054, 43.2046127319, 4.78357172012, 0.300444185734, 0.023026863113, 0.000448573176982, 9.11288182692e-08]
    },
    "gfcc": {
        "mean": [-41.556137085, 65.9742355347, -72.2035751343, 47.4774551392, -39.6296920776, 28.6825866699, -25.5319824219, 14.1392631531, -14.5827684402, 6.3822889328, -12.4248037338, 1.9059817791, -7.99791097641],
        "cov": [[45290.4335938, -4557.61328125, -4785.95898438, 1085.87634277, -2918.32397461, 1132.12792969, -2245.95263672, 913.20526123, -1366.33007812, 764.956726074, -1140.26599121, 498.316436768, -801.807861328], [-4557.61328125, 4112.17480469, 486.386077881, -323.697235107, 438.411499023, -429.916625977, 557.161132812, -381.054382324, 369.501373291, -354.441894531, 362.774475098, -260.11618042, 323.437561035], [-4785.95898438, 486.386077881, 2256.23486328, 357.613037109, 707.317199707, 163.973480225, 346.112731934, -3.78592586517, 123.428092957, -85.5620956421, 50.5108032227, -124.140159607, 13.9462451935], [1085.87634277, -323.697235107, 357.613037109, 789.458312988, 322.276702881, 197.647521973, 90.9507751465, 94.9445495605, 56.0080947876, 49.0356521606, -18.5665645599, -28.4403686523, -35.3287467957], [-2918.32397461, 438.411499023, 707.317199707, 322.276702881, 806.505859375, 83.9239501953, 381.033538818, 2.86945390701, 238.757522583, -14.7411737442, 130.457626343, -60.1824035645, 65.4228134155], [1132.12792969, -429.916625977, 163.973480225, 197.647521973, 83.9239501953, 320.629943848, 19.0814704895, 125.683029175, -3.50050020218, 89.4161682129, -26.712436676, 34.165184021, -37.0406837463], [-2245.95263672, 557.161132812, 346.112731934, 90.9507751465, 381.033538818, 19.0814704895, 399.560272217, 34.2728385925, 213.862503052, -6.59554243088, 141.971420288, -27.4144115448, 79.975944519], [913.20526123, -381.054382324, -3.78592586517, 94.9445495605, 2.86945390701, 125.683029175, 34.2728385925, 246.910903931, 50.6414756775, 102.511573792, 2.03078126907, 64.4018783569, -14.8323631287], [-1366.33007812, 369.501373291, 123.428092957, 56.0080947876, 238.757522583, -3.50050020218, 213.862503052, 50.6414756775, 260.822967529, 50.0228919983, 124.294517517, 1.60995125771, 73.3267593384], [764.956726074, -354.441894531, -85.5620956421, 49.0356521606, -14.7411737442, 89.4161682129, -6.59554243088, 102.511573792, 50.0228919983, 156.179901123, 22.357624054, 57.4854812622, -16.7898445129], [-1140.26599121, 362.774475098, 50.5108032227, -18.5665645599, 130.457626343, -26.712436676, 141.971420288, 2.03078126907, 124.294517517, 22.357624054, 154.598999023, 14.3388261795, 65.2357635498], [498.316436768, -260.11618042, -124.140159607, -28.4403686523, -60.1824035645, 34.165184021, -27.4144115448, 64.4018783569, 1.60995125771, 57.4854812622, 14.3388261795, 102.735588074, 9.61056900024], [-801.807861328, 323.437561035, 13.9462451935, -35.3287467957, 65.4228134155, -37.0406837463, 79.975944519, -14.8323631287, 73.3267593384, -16.7898445129, 65.2357635498, 9.61056900024, 98.2367935181]],
        "icov": [[7.61045375839e-05, -0.000112004367111, 0.000135191454319, -0.000184234464541, 8.55558100739e-05, -0.000192566483747, 0.000189107071492, -0.000179981958354, 0.000173102147528, -0.000252065452514, 0.000292044744128, -0.000188366029761, 0.000245968549279], [-0.000112004367111, 0.000833929690998, -0.000239047294599, 0.000399285723688, 9.65940052993e-05, 0.000381286197808, -0.000605065899435, 0.000581810774747, -0.000682754151057, 0.00128450733609, -0.00132604513783, 0.00148404715583, -0.00135786423925], [0.000135191454319, -0.000239047294599, 0.000917995348573, -0.000345245643985, -0.000370795052731, -0.000623157946393, 0.00016996798513, -0.000430011568824, 0.00053319951985, -0.000176782952622, 0.000610071059782, 5.91543766859e-06, 0.000610752089415], [-0.000184234464541, 0.000399285723688, -0.000345245643985, 0.00234806886874, -0.0010148496367, -0.000231407728279, -0.000188845689991, 4.5414413762e-05, -0.000565755995922, 0.000588476948906, -0.000465430144686, 0.00132988509722, -0.000473841413623], [8.55558100739e-05, 9.65940052993e-05, -0.000370795052731, -0.0010148496367, 0.00355817726813, -0.000640319951344, -0.00179071794264, 0.00080313323997, -0.00127566268202, 0.000382531288778, -0.000194563632249, 0.000234757986618, 0.000159788265591], [-0.000192566483747, 0.000381286197808, -0.000623157946393, -0.000231407728279, -0.000640319951344, 0.00578578282148, -0.00104720413219, -0.000974186928943, 0.000929023779463, -0.00162356311921, 8.75584664755e-05, 4.68164325866e-05, -0.000542049994692], [0.000189107071492, -0.000605065899435, 0.00016996798513, -0.000188845689991, -0.00179071794264, -0.00104720413219, 0.00796806719154, -0.00205349293537, -0.00209820806049, 0.000873104901984, -0.00183099508286, 0.000183061813004, 0.000357711513061], [-0.000179981958354, 0.000581810774747, -0.000430011568824, 4.5414413762e-05, 0.00080313323997, -0.000974186928943, -0.00205349293537, 0.00788711477071, -0.00213352171704, -0.00128725299146, 0.000544032023754, -0.00216934457421, -0.000123297650134], [0.000173102147528, -0.000682754151057, 0.00053319951985, -0.000565755995922, -0.00127566268202, 0.000929023779463, -0.00209820806049, -0.00213352171704, 0.0113203059882, -0.00523676583543, -0.00157478195615, 0.000839095271658, -0.00241364119574], [-0.000252065452514, 0.00128450733609, -0.000176782952622, 0.000588476948906, 0.000382531288778, -0.00162356311921, 0.000873104901984, -0.00128725299146, -0.00523676583543, 0.0153956627473, -0.00488289678469, -0.00182304962073, 0.00213922886178], [0.000292044744128, -0.00132604513783, 0.000610071059782, -0.000465430144686, -0.000194563632249, 8.75584664755e-05, -0.00183099508286, 0.000544032023754, -0.00157478195615, -0.00488289678469, 0.0165598541498, -0.00450712768361, -0.0019840404857], [-0.000188366029761, 0.00148404715583, 5.91543766859e-06, 0.00132988509722, 0.000234757986618, 4.68164325866e-05, 0.000183061813004, -0.00216934457421, 0.000839095271658, -0.00182304962073, -0.00450712768361, 0.0185380447656, -0.0063198604621], [0.000245968549279, -0.00135786423925, 0.000610752089415, -0.000473841413623, 0.000159788265591, -0.000542049994692, 0.000357711513061, -0.000123297650134, -0.00241364119574, 0.00213922886178, -0.0019840404857, -0.0063198604621, 0.0198830459267]]
    },
    "melbands": {
        "dmean": [0.00690186908469, 0.0045529496856, 0.00211007799953, 0.00116391747724, 0.000360173435183, 0.000166094876477, 0.000128753730678, 8.91189702088e-05, 7.42387055652e-05, 7.42925258237e-05, 7.10027015884e-05, 6.56753472867e-05, 4.14474161516e-05, 3.5817251046e-05, 4.12981462432e-05, 2.96703292406e-05, 2.87396105705e-05, 2.96167418128e-05, 2.8036751246e-05, 2.33710761677e-05, 2.00589984161e-05, 1.60729832714e-05, 1.79422549991e-05, 1.14715903692e-05, 1.04776891021e-05, 9.1199799499e-06, 8.44442456582e-06, 8.18935041025e-06, 8.4920475274e-06, 7.11165284883e-06, 7.1490294431e-06, 6.04916340308e-06, 7.64395281294e-06, 7.90221838542e-06, 5.41079998584e-06, 5.70321390114e-06, 6.51597883916e-06, 6.70894087307e-06, 5.09275150762e-06, 5.04754098074e-06],
        "dmean2": [0.00996249262244, 0.00694987410679, 0.00336523423903, 0.00203027063981, 0.000654413714074, 0.000295897305477, 0.000217051347136, 0.000146514707012, 0.000124027050333, 0.000122897457913, 0.000120006116049, 0.000109651933599, 6.86370112817e-05, 6.16221586824e-05, 7.14353736839e-05, 5.01853864989e-05, 4.85431592097e-05, 5.00205314893e-05, 4.70349623356e-05, 3.89588276448e-05, 3.34310243488e-05, 2.65774906438e-05, 3.01655254589e-05, 1.88460362551e-05, 1.70308903762e-05, 1.44308351082e-05, 1.34661459015e-05, 1.31621873152e-05, 1.3525189388e-05, 1.11821518658e-05, 1.12745710794e-05, 9.54244114837e-06, 1.23073414215e-05, 1.26457425722e-05, 8.63156401465e-06, 9.03643103811e-06, 1.03720367406e-05, 1.088240424e-05, 8.16732426756e-06, 8.24644575914e-06],
        "dvar": [8.23146401672e-05, 4.47714555776e-05, 1.52667598741e-05, 6.88661430104e-06, 5.92385845266e-07, 1.73743302412e-07, 8.52677146668e-08, 4.22250465704e-08, 3.03479943398e-08, 3.99579072052e-08, 3.12664738544e-08, 2.94425035463e-08, 1.25778303328e-08, 9.47079215052e-09, 8.22203283235e-09, 4.15056078396e-09, 5.02635932875e-09, 5.44451106421e-09, 6.67714727953e-09, 4.14948919669e-09, 2.65252642073e-09, 2.41512099208e-09, 4.03444921915e-09, 8.62013682656e-10, 1.17462917171e-09, 1.18573906249e-09, 9.40081457124e-10, 1.62676783155e-09, 6.66864952148e-10, 6.81719680706e-10, 1.06483533102e-09, 6.88506418545e-10, 4.00621230634e-10, 2.70229894017e-10, 1.06396169652e-10, 1.05550714002e-10, 1.78584855237e-10, 1.74043779388e-10, 8.19619719317e-11, 7.92618748413e-11],
        "dvar2": [0.000182399977348, 8.5311687144e-05, 3.45614280377e-05, 1.78381906153e-05, 1.65797882801e-06, 4.89484193622e-07, 1.9770959625e-07, 1.01499516347e-07, 7.44034025502e-08, 9.5302745251e-08, 7.65326575447e-08, 7.14547425673e-08, 2.95252604587e-08, 2.3522161996e-08, 2.14323137016e-08, 9.62873336618e-09, 1.14997655842e-08, 1.25051595745e-08, 1.6234228184e-08, 9.7713659386e-09, 6.36664099218e-09, 5.35769739685e-09, 1.03723660771e-08, 1.98708560717e-09, 2.34422814493e-09, 2.32722796589e-09, 1.99641014831e-09, 3.57364493553e-09, 1.63198499159e-09, 1.38362654667e-09, 2.64903343705e-09, 1.50482393213e-09, 1.00948294168e-09, 5.84528592196e-10, 2.42875164425e-10, 2.4138183119e-10, 4.47641368417e-10, 4.35509739383e-10, 1.94242524842e-10, 1.83015047561e-10],
        "max": [0.0807991921902, 0.0557651035488, 0.0376811362803, 0.0346678346395, 0.00959155336022, 0.00883885938674, 0.00769798411056, 0.00544667849317, 0.00668003642932, 0.0073653170839, 0.00416053878143, 0.00381388189271, 0.00308221741579, 0.00278164353222, 0.00169406784698, 0.00222112983465, 0.00190585351083, 0.00302760442719, 0.0036706305109, 0.00281557301059, 0.00263296742924, 0.00217514764518, 0.00331979943439, 0.00112841802184, 0.00222590728663, 0.00226538046263, 0.00162701925728, 0.00276670558378, 0.00144834350795, 0.00214201048948, 0.00251982850023, 0.00207195198163, 0.00114552816376, 0.000527114258148, 0.000405454513384, 0.000318968581269, 0.000536356354132, 0.000321021740092, 0.000105530903966, 0.000143769109854],
        "mean": [0.0113072646782, 0.00770005770028, 0.00188142480329, 0.000885302841198, 0.000306244794047, 0.000172038780875, 0.000154764784384, 0.000113809241157, 8.89728034963e-05, 8.36081890156e-05, 7.43172568036e-05, 6.67589265504e-05, 4.65950615762e-05, 3.48613975802e-05, 4.12875706388e-05, 3.18550555676e-05, 3.10017458105e-05, 3.11033727485e-05, 2.9761422411e-05, 2.77095441561e-05, 2.45147293754e-05, 2.01096190722e-05, 2.03644231078e-05, 1.45081539813e-05, 1.41160780913e-05, 1.27222619994e-05, 1.16401388368e-05, 1.12289944809e-05, 1.14457407108e-05, 9.94320635073e-06, 9.78610205493e-06, 8.56143378769e-06, 9.85731549008e-06, 1.01772275229e-05, 7.31275440558e-06, 7.3494429671e-06, 7.72664316173e-06, 7.52582764108e-06, 5.85531734032e-06, 5.23706603417e-06],
        "median": [0.00347298942506, 0.00243903021328, 0.000346385495504, 0.000140646909131, 7.66956509324e-05, 4.16722978116e-05, 3.88833868783e-05, 3.05566936731e-05, 2.27814889513e-05, 2.00939612114e-05, 1.54605004354e-05, 1.39611147461e-05, 1.0596077118e-05, 7.15477381164e-06, 1.00863235275e-05, 9.24568848859e-06, 8.17921227281e-06, 8.22772108222e-06, 7.80537084211e-06, 8.02905560704e-06, 6.41625365461e-06, 5.72713588554e-06, 5.08323455506e-06, 3.98083284381e-06, 4.36383561464e-06, 3.74420278604e-06, 3.58105921805e-06, 3.42753583027e-06, 3.36313951266e-06, 2.97954306916e-06, 2.98266058962e-06, 2.60892602455e-06, 2.48673200076e-06, 2.4151136131e-06, 2.10410598811e-06, 2.03282388611e-06, 1.84601833553e-06, 1.68726251104e-06, 1.27182715914e-06, 9.65677031672e-07],
        "min": [1.11195476478e-24, 6.49030675213e-25, 4.67306852845e-25, 8.44028906552e-25, 4.12446285401e-25, 1.03428430891e-24, 1.26296966192e-24, 1.61808880904e-24, 1.28910018637e-24, 1.94710849311e-24, 2.03785924886e-24, 1.83187405866e-24, 2.11774068463e-24, 2.36017460131e-24, 2.68987408627e-24, 2.66141198481e-24, 1.53886291668e-24, 1.47844563767e-24, 2.28308573315e-24, 3.3525618173e-24, 3.21354066276e-24, 3.46575586302e-24, 2.93684020607e-24, 2.17903754355e-24, 3.76208633447e-24, 3.29691714677e-24, 3.69095711323e-24, 3.63501267555e-24, 4.52028066643e-24, 5.2935812903e-24, 5.12132877848e-24, 4.34432642481e-24, 4.98605767146e-24, 4.80986834929e-24, 3.89871033794e-24, 5.17620075975e-24, 5.68928851428e-24, 5.30941215094e-24, 5.77518521167e-24, 6.17925357239e-24],
        "var": [0.000248079624726, 0.000119379299576, 1.58687162184e-05, 5.1727047321e-06, 4.2665806177e-07, 1.71013056161e-07, 1.77493319597e-07, 7.82747875405e-08, 4.30358504389e-08, 4.94933161121e-08, 4.04058404513e-08, 3.17626991375e-08, 1.56363260118e-08, 9.56040491218e-09, 8.40458813656e-09, 5.0830593068e-09, 6.29364516058e-09, 6.35384278524e-09, 6.94636215215e-09, 4.94845098231e-09, 3.61747609645e-09, 3.20648041452e-09, 4.29475432995e-09, 1.20305176932e-09, 1.88372228926e-09, 2.07165107291e-09, 1.22878895947e-09, 1.92468374571e-09, 9.87222414928e-10, 1.1480514317e-09, 1.21557230948e-09, 8.5951273876e-10, 5.38855682297e-10, 4.16003259618e-10, 1.74192188451e-10, 1.68422928382e-10, 2.06591077578e-10, 1.86030552074e-10, 1.00317108787e-10, 8.88220746953e-11]
    },
    "mfcc": {
        "mean": [-677.780578613, 92.0514450073, 30.7235469818, 30.6567955017, 19.4926776886, 18.9280548096, 9.86140632629, 11.619011879, 9.00710582733, 8.61389827728, 4.24402141571, 4.73116636276, 2.3654794693],
        "cov": [[23075.8789062, -2111.95678711, -1553.36401367, -989.801696777, -693.892700195, -590.040466309, -722.701416016, -510.044067383, -353.857452393, -193.537811279, -281.053314209, -222.443557739, -226.021453857], [-2111.95678711, 3020.76245117, 123.331306458, 103.626472473, -122.669685364, -45.1854248047, 6.92183637619, -0.626466214657, -23.427898407, -47.0307731628, -35.6515235901, -19.016992569, -17.89544487], [-1553.36401367, 123.331306458, 1139.16235352, 294.412780762, 281.794525146, 181.643493652, 189.414550781, 101.742340088, 82.0360107422, 41.4318389893, 26.9437179565, 11.2181215286, -13.7674789429], [-989.801696777, 103.626472473, 294.412780762, 642.648071289, 307.522033691, 234.255432129, 163.614974976, 134.186843872, 118.62776947, 95.7993621826, 90.0794372559, 49.2854766846, 36.833820343], [-693.892700195, -122.669685364, 281.794525146, 307.522033691, 416.505065918, 238.840087891, 166.029251099, 112.814041138, 113.197357178, 85.3643569946, 71.1114196777, 49.6632270813, 41.2630844116], [-590.040466309, -45.1854248047, 181.643493652, 234.255432129, 238.840087891, 304.576812744, 148.489685059, 94.1536712646, 90.520111084, 79.0117950439, 64.9620513916, 45.5318984985, 42.3262214661], [-722.701416016, 6.92183637619, 189.414550781, 163.614974976, 166.029251099, 148.489685059, 220.580764771, 114.786117554, 86.2139129639, 64.271156311, 59.9590187073, 45.4015731812, 43.0179634094], [-510.044067383, -0.626466214657, 101.742340088, 134.186843872, 112.814041138, 94.1536712646, 114.786117554, 166.743652344, 103.337394714, 68.9344787598, 64.0317459106, 52.8616256714, 48.886932373], [-353.857452393, -23.427898407, 82.0360107422, 118.62776947, 113.197357178, 90.520111084, 86.2139129639, 103.337394714, 150.559158325, 92.1957397461, 69.9381942749, 52.2271347046, 49.3367080688], [-193.537811279, -47.0307731628, 41.4318389893, 95.7993621826, 85.3643569946, 79.0117950439, 64.271156311, 68.9344787598, 92.1957397461, 132.60496521, 87.3815383911, 54.7476348877, 53.4829826355], [-281.053314209, -35.6515235901, 26.9437179565, 90.0794372559, 71.1114196777, 64.9620513916, 59.9590187073, 64.0317459106, 69.9381942749, 87.3815383911, 126.098007202, 72.1670379639, 55.8690490723], [-222.443557739, -19.016992569, 11.2181215286, 49.2854766846, 49.6632270813, 45.5318984985, 45.4015731812, 52.8616256714, 52.2271347046, 54.7476348877, 72.1670379639, 104.743972778, 59.8873100281], [-226.021453857, -17.89544487, -13.7674789429, 36.833820343, 41.2630844116, 42.3262214661, 43.0179634094, 48.886932373, 49.3367080688, 53.4829826355, 55.8690490723, 59.8873100281, 94.1348342896]],
