{
"lowlevel": {
    "average_loudness": 0.86424857378,
    "barkbands_crest": {
        "dmean": 2.94898152351,
        "dmean2": 4.67912626266,
        "dvar": 9.20722579956,
        "dvar2": 21.2610969543,
        "max": 26.8620166779,
        "mean": 13.5272893906,
        "median": 13.1241550446,
        "min": 2.30563259125,
        "var": 29.6069545746
    },
    "barkbands_flatness_db": {
        "dmean": 0.0294632986188,
        "dmean2": 0.0445201508701,
        "dvar": 0.00105469860137,
        "dvar2": 0.00250751734711,
        "max": 0.605424821377,
        "mean": 0.158787027001,
        "median": 0.132457539439,
        "min": 0.016444761306,
        "var": 0.00830803345889
    },
    "barkbands_kurtosis": {
        "dmean": 5.29575300217,
        "dmean2": 8.34374809265,
        "dvar": 332.809875488,
        "dvar2": 845.486633301,
        "max": 1037.84838867,
        "mean": 7.95186138153,
        "median": 3.57565546036,
        "min": -1.88772940636,
        "var": 409.085723877
    },
    "barkbands_skewness": {
        "dmean": 0.689391136169,
        "dmean2": 1.04540359974,
        "dvar": 0.869566559792,
        "dvar2": 1.96533381939,
        "max": 27.5787754059,
        "mean": 1.94588458538,
        "median": 1.74057614803,
        "min": -3.77331399918,
        "var": 2.98071575165
    },
    "barkbands_spread": {
        "dmean": 6.70405197144,
        "dmean2": 10.4162082672,
        "dvar": 70.2713088989,
        "dvar2": 168.507598877,
        "max": 113.086463928,
        "mean": 24.4955444336,
        "median": 23.0298500061,
        "min": 0.0471236854792,
        "var": 285.500366211
    },
    "dissonance": {
        "dmean": 0.0229029767215,
        "dmean2": 0.0384894944727,
        "dvar": 0.000906765810214,
        "dvar2": 0.00240168743767,
        "max": 0.500000119209,
        "mean": 0.4547354877,
        "median": 0.47175347805,
        "min": 0.0954646617174,
        "var": 0.00243405182846
    },
    "dynamic_complexity": 3.24954771996,
    "erbbands_crest": {
        "dmean": 2.61843371391,
        "dmean2": 4.10754299164,
        "dvar": 7.78514003754,
        "dvar2": 16.9456787109,
        "max": 32.956325531,
        "mean": 9.74412345886,
        "median": 8.16805839539,
        "min": 2.22317528725,
        "var": 33.7452888489
    },
    "erbbands_flatness_db": {
        "dmean": 0.0179195478559,
        "dmean2": 0.026839537546,
        "dvar": 0.000517710635904,
        "dvar2": 0.00116170279216,
        "max": 0.596787810326,
        "mean": 0.149610757828,
        "median": 0.114848449826,
        "min": 0.0470029711723,
        "var": 0.00797774735838
    },
    "erbbands_kurtosis": {
        "dmean": 1.48333370686,
        "dmean2": 2.31354808807,
        "dvar": 15.2696380615,
        "dvar2": 37.9241409302,
        "max": 135.915420532,
        "mean": 1.48231947422,
        "median": -0.0809919834137,
        "min": -1.93393588066,
        "var": 26.7970733643
    },
    "erbbands_skewness": {
        "dmean": 0.386937886477,
        "dmean2": 0.583003520966,
        "dvar": 0.218276903033,
        "dvar2": 0.521611809731,
        "max": 9.04639625549,
        "mean": 0.47939324379,
        "median": 0.339296579361,
        "min": -5.21894788742,
        "var": 0.948547124863
    },
    "erbbands_spread": {
        "dmean": 10.0048685074,
        "dmean2": 14.8753585815,
        "dvar": 143.009811401,
        "dvar2": 306.753509521,
        "max": 191.969909668,
        "mean": 46.0897789001,
        "median": 46.4211273193,
        "min": 0.382282614708,
        "var": 686.169067383
    },
    "hfc": {
        "dmean": 9.99927711487,
        "dmean2": 15.5358295441,
        "dvar": 221.20690918,
        "dvar2": 547.613708496,
        "max": 206.419082642,
        "mean": 31.3682022095,
        "median": 27.425661087,
        "min": 1.0882143955e-16,
        "var": 695.994018555
    },
    "melbands_crest": {
        "dmean": 3.73945689201,
        "dmean2": 5.991792202,
        "dvar": 14.0660181046,
        "dvar2": 33.9965286255,
        "max": 38.4963302612,
        "mean": 18.3203086853,
        "median": 18.2913265228,
        "min": 1.59613144398,
        "var": 48.1427764893
    },
    "melbands_flatness_db": {
        "dmean": 0.0340555310249,
        "dmean2": 0.0509656593204,
        "dvar": 0.00146841979586,
        "dvar2": 0.00341132981703,
        "max": 0.710971176624,
        "mean": 0.229409143329,
        "median": 0.210947483778,
        "min": 0.00376518280245,
        "var": 0.0112092094496
    },
    "melbands_kurtosis": {
        "dmean": 13.5691556931,
        "dmean2": 20.6306171417,
        "dvar": 875.261230469,
        "dvar2": 1869.97265625,
        "max": 624.86114502,
        "mean": 26.8743133545,
        "median": 12.8387393951,
        "min": -1.83013868332,
        "var": 2261.45385742
    },
    "melbands_skewness": {
        "dmean": 1.00428831577,
        "dmean2": 1.52020716667,
        "dvar": 1.52557146549,
        "dvar2": 3.35828590393,
        "max": 20.0962638855,
        "mean": 3.51683831215,
        "median": 3.01169633865,
        "min": -2.94093155861,
        "var": 7.23889732361
    },
    "melbands_spread": {
        "dmean": 7.35014438629,
        "dmean2": 11.3382024765,
        "dvar": 137.892486572,
        "dvar2": 297.512573242,
        "max": 187.479019165,
        "mean": 21.1727237701,
        "median": 15.0176134109,
        "min": 0.317578971386,
        "var": 481.126647949
    },
    "pitch_salience": {
        "dmean": 0.0835332944989,
        "dmean2": 0.130959957838,
        "dvar": 0.00821879785508,
        "dvar2": 0.0192649140954,
        "max": 0.952448487282,
        "mean": 0.460690736771,
        "median": 0.466382741928,
        "min": 0.0423537679017,
        "var": 0.0235138889402
    },
    "silence_rate_20dB": {
        "dmean": 0,
        "dmean2": 0,
        "dvar": 0,
        "dvar2": 0,
        "max": 1,
        "mean": 1,
        "median": 1,
        "min": 1,
        "var": 0
    },
    "silence_rate_30dB": {
        "dmean": 0.0293175075203,
        "dmean2": 0.0586384944618,
        "dvar": 0.028455004096,
        "dvar2": 0.0696735605597,
        "max": 1,
        "mean": 0.968429148197,
        "median": 1,
        "min": 0,
        "var": 0.030575832352
    },
    "silence_rate_60dB": {
        "dmean": 0.0322848670185,
        "dmean2": 0.0645735636353,
        "dvar": 0.0312380064279,
        "dvar2": 0.0691699162126,
        "max": 1,
        "mean": 0.0831404700875,
        "median": 0,
        "min": 0,
        "var": 0.0762171596289
    },
    "spectral_centroid": {
        "dmean": 262.748809814,
        "dmean2": 387.483856201,
        "dvar": 100905.273438,
        "dvar2": 217971.96875,
        "max": 11544.2216797,
        "mean": 1457.19848633,
        "median": 1391.14611816,
        "min": 124.845741272,
        "var": 845370.625
    },
    "spectral_complexity": {
        "dmean": 4.60854578018,
        "dmean2": 7.25194358826,
        "dvar": 30.8746051788,
        "dvar2": 64.7980422974,
        "max": 55,
        "mean": 19.1912059784,
        "median": 17,
        "min": 0,
        "var": 149.506958008
    },
    "spectral_decrease": {
        "dmean": 2.73331535183e-09,
        "dmean2": 4.24128598908e-09,
        "dvar": 1.56038788269e-17,
        "dvar2": 3.41032107439e-17,
        "max": 2.35065142316e-28,
        "mean": -1.05028510333e-08,
        "median": -1.05417630181e-08,
        "min": -6.96633009056e-08,
        "var": 6.7508731037e-17
    },
    "spectral_energy": {
        "dmean": 0.0106493989006,
        "dmean2": 0.016524201259,
        "dvar": 0.000234696708503,
        "dvar2": 0.000511142192408,
        "max": 0.265984266996,
        "mean": 0.042485371232,
        "median": 0.0428662449121,
        "min": 1.00176225071e-20,
        "var": 0.00104600726627
    },
    "spectral_energyband_high": {
        "dmean": 0.000864835397806,
        "dmean2": 0.0013496032916,
        "dvar": 1.96185760615e-06,
        "dvar2": 4.86267617816e-06,
        "max": 0.0273485966027,
        "mean": 0.00221196445636,
        "median": 0.00174111430533,
        "min": 7.14453181844e-21,
        "var": 5.78995150136e-06
    },
    "spectral_energyband_low": {
        "dmean": 0.00935303233564,
        "dmean2": 0.014639490284,
        "dvar": 0.000230495264987,
        "dvar2": 0.000517831766047,
        "max": 0.255610078573,
        "mean": 0.0242619756609,
        "median": 0.0145722907037,
        "min": 1.67934239894e-23,
        "var": 0.000733383581974
    },
    "spectral_energyband_middle_high": {
        "dmean": 0.00211064517498,
        "dmean2": 0.00336496438831,
        "dvar": 1.3785945157e-05,
        "dvar2": 3.01091331494e-05,
        "max": 0.0872776731849,
        "mean": 0.00586314406246,
        "median": 0.00371230626479,
        "min": 1.18704507356e-21,
        "var": 5.3013991419e-05
    },
    "spectral_energyband_middle_low": {
        "dmean": 0.00566881848499,
        "dmean2": 0.00894595403224,
        "dvar": 8.85363042471e-05,
        "dvar2": 0.000201232978725,
        "max": 0.119206421077,
        "mean": 0.0114389294758,
        "median": 0.00751954177395,
        "min": 1.74021882655e-22,
        "var": 0.000146339472849
    },
    "spectral_entropy": {
        "dmean": 0.197735011578,
        "dmean2": 0.303219586611,
        "dvar": 0.0691282376647,
        "dvar2": 0.170708790421,
        "max": 9.82058906555,
        "mean": 7.59564638138,
        "median": 7.95565080643,
        "min": 3.33494305611,
        "var": 0.7903444767
    },
    "spectral_flux": {
        "dmean": 0.0359803624451,
        "dmean2": 0.0554069913924,
        "dvar": 0.00163685157895,
        "dvar2": 0.0036096747499,
        "max": 0.348216325045,
        "mean": 0.0972916930914,
        "median": 0.081496052444,
        "min": 6.29488614012e-11,
        "var": 0.00420332187787
    },
    "spectral_kurtosis": {
        "dmean": 4.10809850693,
        "dmean2": 7.03712320328,
        "dvar": 214.887832642,
        "dvar2": 619.258605957,
        "max": 409.312530518,
        "mean": 9.72854137421,
        "median": 2.08224248886,
        "min": -1.26192831993,
        "var": 883.354797363
    },
    "spectral_rms": {
        "dmean": 0.000810288125649,
        "dmean2": 0.0012284264667,
        "dvar": 1.03904471871e-06,
        "dvar2": 2.08855954043e-06,
        "max": 0.0161089058965,
        "mean": 0.00582762528211,
        "median": 0.00646689487621,
        "min": 3.12622627438e-12,
        "var": 7.4879285421e-06
    },
    "spectral_rolloff": {
        "dmean": 638.040710449,
        "dmean2": 1025.66650391,
        "dvar": 1380905.375,
        "dvar2": 2945918.75,
        "max": 19530.6152344,
        "mean": 1523.41137695,
        "median": 775.1953125,
        "min": 43.06640625,
        "var": 4660576
    },
    "spectral_skewness": {
        "dmean": 0.321701139212,
        "dmean2": 0.532288193703,
        "dvar": 0.415668725967,
        "dvar2": 1.19804286957,
        "max": 16.3796367645,
        "mean": 1.82895982265,
        "median": 1.26434135437,
        "min": -0.060020364821,
        "var": 2.87442779541
    },
    "spectral_spread": {
        "dmean": 631443.8125,
        "dmean2": 972015.375,
        "dvar": 653378256896,
        "dvar2": 1.3957487657e+12,
        "max": 42425280,
        "mean": 5872791.5,
        "median": 6394182,
        "min": 174076.34375,
        "var": 7.22851961242e+12
    },
    "spectral_strongpeak": {
        "dmean": 0.405548363924,
        "dmean2": 0.668007254601,
        "dvar": 0.689230799675,
        "dvar2": 1.57376241684,
        "max": 17.4994239807,
        "mean": 0.924899816513,
        "median": 0.560354888439,
        "min": 0,
        "var": 1.67443573475
    },
    "zerocrossingrate": {
        "dmean": 0.0139717403799,
        "dmean2": 0.0156354624778,
        "dvar": 0.000275315920589,
        "dvar2": 0.00030711889849,
        "max": 0.65234375,
        "mean": 0.0687566697598,
        "median": 0.056640625,
        "min": 0.00244140625,
        "var": 0.00304382876493
    },
    "barkbands": {
        "dmean": [0.000569713534787, 0.00822262559086, 0.0030322431121, 0.00200985721312, 0.00312427780591, 0.00094421178801, 0.000869179551955, 0.000471360574011, 0.000750497449189, 0.000640434853267, 0.00072617206024, 0.000476336776046, 0.000297015591059, 0.000251555931754, 0.000252246769378, 0.000156191366841, 0.000207330580452, 0.000185853903531, 0.000167518533999, 0.000207587741897, 0.000168761223904, 0.000196257184143, 0.000182559466339, 0.000159848947078, 0.000155345725943, 8.0590340076e-05, 2.27225973504e-05],
        "dmean2": [0.000912708346732, 0.0122264157981, 0.00477667991072, 0.00362722110003, 0.00535245845094, 0.00155368738342, 0.00136143458076, 0.000749693426769, 0.0011285727378, 0.00100357609335, 0.00111367309, 0.000744500139263, 0.000473513355246, 0.000402616133215, 0.000430005835369, 0.000258543062955, 0.000347444729414, 0.000312115764245, 0.000273626210401, 0.000341101549566, 0.000269005686278, 0.00032431242289, 0.00029991674819, 0.000248330557952, 0.000243889313424, 0.000125482722069, 3.69924600818e-05],
        "dvar": [1.79818130164e-06, 0.000194643027498, 4.98951594636e-05, 2.93232878903e-05, 5.08182201884e-05, 5.37711093784e-06, 5.19937520949e-06, 1.71562987816e-06, 2.96008397527e-06, 3.96440509576e-06, 4.29555120718e-06, 1.89506295101e-06, 9.36505898608e-07, 3.34608103003e-07, 2.74618770391e-07, 1.00871552888e-07, 2.11998198552e-07, 1.25269892237e-07, 1.07359277024e-07, 1.56395614681e-07, 1.40415167493e-07, 1.36880316859e-07, 8.40155536252e-08, 6.16455224645e-08, 5.66794611245e-08, 1.65905440497e-08, 2.65070054795e-09],
        "dvar2": [4.16219700128e-06, 0.000403696700232, 0.000116820847325, 8.29375567264e-05, 0.000136695671245, 1.35186082844e-05, 1.18052230391e-05, 3.62719583791e-06, 5.71660757487e-06, 8.063909263e-06, 8.47551200422e-06, 3.71128862753e-06, 1.87400144114e-06, 7.61993703691e-07, 7.1779152222e-07, 2.5782441071e-07, 5.21419508459e-07, 3.05305860593e-07, 2.50278333169e-07, 3.66730404266e-07, 2.97902175816e-07, 3.51963365119e-07, 2.06858175034e-07, 1.48050816051e-07, 1.37539657885e-07, 3.91238685893e-08, 6.52500764531e-09],
        "max": [0.0257608480752, 0.251694858074, 0.10182313621, 0.0541045814753, 0.0973384007812, 0.0621172599494, 0.0891534611583, 0.0507821775973, 0.0485972128808, 0.0704880133271, 0.0720079988241, 0.0465833246708, 0.042858555913, 0.0171532258391, 0.0133868372068, 0.0107118524611, 0.0135526331142, 0.0121540389955, 0.0124736586586, 0.0117444954813, 0.0173590946943, 0.0137826474383, 0.00779741303995, 0.0074010938406, 0.00465251691639, 0.0024693638552, 0.000961947895121],
        "mean": [0.000979316653684, 0.018690077588, 0.00344383320771, 0.00215124851093, 0.00360986916348, 0.00159735418856, 0.00146896683145, 0.000789103331044, 0.00154719734564, 0.00112552766223, 0.00135320716072, 0.000891407078598, 0.000506122829393, 0.000382577505661, 0.000346835411619, 0.000245137984166, 0.00031751365168, 0.000310837029247, 0.000314436852932, 0.000402521021897, 0.000378672208171, 0.000398274423787, 0.000371011177776, 0.000362521561328, 0.000311461422825, 0.000164099386893, 2.62279500021e-05],
        "median": [5.61328160984e-05, 0.00555504392833, 0.000597148551606, 0.000278164981864, 0.00100909546018, 0.00050615525106, 0.000389547320083, 0.000203983552638, 0.000466445257189, 0.000244123701123, 0.000305053079501, 0.000187544661458, 0.00013948691776, 0.000143258934258, 0.000131007327582, 0.000118955140351, 0.00014730602561, 0.000171535779373, 0.000188580932445, 0.000240802110056, 0.000266885210294, 0.000284336856566, 0.000262736924924, 0.00023475321359, 0.00020251260139, 0.00010661498527, 3.12751490128e-06],
        "min": [2.08967725375e-25, 3.31929870837e-24, 2.51387448515e-24, 5.75075359779e-25, 1.41982688264e-23, 1.05077369092e-23, 1.53995462129e-23, 9.28616528709e-24, 1.42453417343e-23, 2.71023576953e-23, 1.7055614533e-23, 2.58501719591e-23, 2.60613058473e-23, 2.78817396478e-23, 4.83537656109e-23, 5.78331789428e-23, 9.18851613994e-23, 1.28190578674e-22, 1.32852986438e-22, 2.31099945006e-22, 2.54426271673e-22, 3.35069565639e-22, 4.63642861759e-22, 5.97655814515e-22, 9.6944527757e-22, 1.43761031918e-21, 2.01365669652e-21],
        "var": [4.84860538563e-06, 0.000579658953939, 5.47629861103e-05, 2.274772487e-05, 4.54075816378e-05, 1.0532127817e-05, 1.12015886771e-05, 4.35268020738e-06, 1.07949026642e-05, 1.27259681904e-05, 1.42132121255e-05, 6.3805841819e-06, 2.82152223008e-06, 5.81958431667e-07, 3.76990698214e-07, 1.926939035e-07, 3.55365358473e-07, 2.21392980393e-07, 2.68256684421e-07, 3.7541727238e-07, 4.48552924581e-07, 3.11669481334e-07, 2.05298093192e-07, 1.76118405193e-07, 1.27953185824e-07, 4.00108248755e-08, 2.8858215817e-09]
    },
    "erbbands": {
        "dmean": [0.311114490032, 1.67105638981, 3.20513391495, 5.10949134827, 7.90993499756, 12.370265007, 8.0052280426, 7.75255870819, 10.4244346619, 12.2688159943, 12.2797079086, 13.7746858597, 21.3920783997, 21.9114494324, 20.9293708801, 18.3097362518, 13.8234567642, 12.6994972229, 11.1800003052, 10.2349758148, 9.21527957916, 11.31483078, 10.1841945648, 8.35990905762, 9.23464012146, 9.67422580719, 7.56771802902, 6.63424491882, 7.04918622971, 5.79278326035, 5.59588432312, 3.66107416153, 2.62872743607, 1.92980742455, 1.03827893734, 0.422608584166, 0.144768148661, 0.0363072939217, 0.00354529428296, 5.84723966313e-05],
        "dmean2": [0.449624419212, 2.45332813263, 4.81373739243, 8.63001251221, 13.29774189, 21.8902263641, 13.5455532074, 12.7780437469, 16.3801250458, 19.4420490265, 18.9490432739, 20.7816181183, 33.3191223145, 33.9240531921, 32.1134910583, 28.8438568115, 21.8567256927, 20.1591186523, 19.0597038269, 16.8363895416, 15.1487798691, 19.0424671173, 17.2989749908, 13.7443132401, 15.1431064606, 15.8654069901, 12.1911821365, 10.9246997833, 11.5961465836, 9.55228900909, 9.18824005127, 5.73477506638, 4.14879417419, 3.06125473976, 1.64797127247, 0.676010370255, 0.226342141628, 0.0567913390696, 0.00582590745762, 9.37912482186e-05],
        "dvar": [0.321349203587, 8.57664585114, 44.6999053955, 162.939880371, 298.572479248, 939.745544434, 399.227905273, 353.347473145, 877.22668457, 926.495727539, 1025.57922363, 1042.34741211, 3068.80712891, 2922.26074219, 3802.49633789, 2574.51342773, 2185.04296875, 796.938232422, 543.092956543, 420.048553467, 374.868133545, 551.718139648, 397.89855957, 324.131561279, 325.32409668, 344.91015625, 303.696777344, 154.258850098, 164.679489136, 124.128952026, 83.8439178467, 32.3538970947, 16.7138214111, 8.73041439056, 2.60349702835, 0.411850363016, 0.0629905089736, 0.00526449549943, 6.8657725933e-05, 1.32942830078e-08],
        "dvar2": [0.645175933838, 18.0783252716, 98.8428115845, 428.376922607, 784.296142578, 2565.36499023, 1038.11071777, 892.881347656, 1993.02746582, 2106.34179688, 2131.88134766, 2008.64599609, 6499.83203125, 5953.37597656, 7587.01953125, 5316.76708984, 4239.04199219, 1795.38598633, 1416.57702637, 1035.75585938, 897.96697998, 1443.53479004, 1010.27301025, 786.296813965, 723.652832031, 804.727966309, 648.353881836, 343.861297607, 409.878997803, 307.667785645, 200.275360107, 77.2741241455, 40.551776886, 21.0570011139, 6.43569469452, 1.01652133465, 0.152691841125, 0.0124329254031, 0.000174751592567, 3.31377520979e-08],
        "max": [9.02842521667, 64.1103668213, 95.518119812, 179.451858521, 238.094406128, 442.710388184, 420.384613037, 414.687255859, 756.635986328, 1136.8737793, 927.368530273, 964.042358398, 1604.55712891, 1979.92810059, 2172.3918457, 1483.4831543, 2124.15551758, 799.608032227, 628.884399414, 463.576812744, 533.477416992, 611.141662598, 815.011535645, 710.602294922, 683.44140625, 702.29284668, 800.645507812, 650.837402344, 462.650543213, 636.820373535, 336.527526855, 124.580345154, 161.071044922, 73.2519760132, 22.2996921539, 9.80698299408, 5.11567306519, 1.38913249969, 0.153897702694, 0.00219906051643],
        "mean": [0.662596166134, 3.64617156982, 4.64975833893, 6.0178565979, 9.71461009979, 13.0352554321, 11.4815979004, 12.8192777634, 17.0428791046, 21.9296875, 23.2187900543, 28.7402591705, 40.9518623352, 44.2489776611, 40.9386291504, 35.0940093994, 26.5710277557, 21.5132026672, 16.4166660309, 16.7961597443, 15.2866401672, 18.2776813507, 16.8681602478, 16.1234970093, 17.8229045868, 18.7769184113, 16.4464874268, 14.1576442719, 14.2562952042, 11.7745752335, 10.9044017792, 8.24310112, 5.62260103226, 3.77511405945, 2.07797241211, 0.868702530861, 0.270965188742, 0.0542906261981, 0.00410660868511, 0.000121770019177],
        "median": [0.0946573242545, 1.29847621918, 1.59333240986, 1.20528352261, 2.54175138474, 3.40621161461, 3.69903540611, 3.8368871212, 5.11700344086, 5.96901464462, 6.67749595642, 9.5051240921, 11.3401012421, 13.7582235336, 11.9781341553, 8.65451908112, 8.15092563629, 8.67708587646, 7.22617959976, 7.66558599472, 7.97386646271, 9.16274261475, 9.73534202576, 9.70747947693, 10.6781387329, 11.0798425674, 10.3807153702, 10.681807518, 10.1015796661, 8.58230686188, 7.33416175842, 5.2338643074, 3.71865987778, 2.37845635414, 1.35099875927, 0.579331278801, 0.167140647769, 0.0234254188836, 0.000711417000275, 9.28244771785e-05],
        "min": [1.54994355672e-22, 4.33654636302e-22, 2.21778471725e-21, 3.14129491461e-21, 2.06966776959e-20, 3.0486229383e-20, 8.39530871463e-20, 8.05901908283e-20, 1.27744655623e-19, 2.3391432122e-19, 3.12029329161e-19, 3.92173307748e-19, 5.64593264471e-19, 9.70797778456e-19, 7.90937900809e-19, 1.17456038407e-18, 1.503294574e-18, 2.28572936831e-18, 2.68812440538e-18, 3.54869829926e-18, 3.66965609305e-18, 4.8403263501e-18, 6.61980153799e-18, 7.18410332469e-18, 7.82225248776e-18, 1.01501678605e-17, 1.02105528724e-17, 1.26978411338e-17, 1.22494811176e-17, 1.01471660221e-17, 1.30839070052e-17, 8.20413365244e-18, 1.0609607961e-17, 9.27236296729e-18, 6.93324467391e-18, 4.55854231135e-18, 2.6772097572e-18, 9.83081307155e-19, 2.65576520321e-19, 2.96727295623e-20],
        "var": [1.04296934605, 22.7908916473, 65.3837661743, 146.529464722, 309.003082275, 786.703063965, 584.642150879, 729.772888184, 1629.95568848, 2382.41918945, 2938.18847656, 3684.78051758, 9887.04199219, 9977.15820312, 11954.7792969, 7784.41943359, 7328.78515625, 1540.32556152, 753.343688965, 757.334716797, 678.213623047, 940.869873047, 638.584289551, 621.326721191, 928.543823242, 805.861206055, 949.87878418, 463.93850708, 400.773376465, 287.550964355, 198.921417236, 93.934211731, 43.0528182983, 19.1949195862, 5.86608982086, 1.04163002968, 0.12105575949, 0.0073509789072, 7.04774429323e-05, 1.92759870288e-08]
    },
    "gfcc": {
        "mean": [0.270330131054, 71.531288147, -96.9362716675, 28.28748703, -58.5063018799, 19.9687995911, -29.2014083862, 11.1904535294, -23.9901447296, 3.18855595589, -15.1867370605, 4.14434432983, -8.59304046631],
        "cov": [[17865.7402344, -5643.20849609, 331.512329102, 1738.86120605, 44.0423736572, 2023.11096191, 28.1381187439, 1431.8013916, -446.142883301, 809.763916016, -679.241638184, 429.724609375, -701.872436523], [-5643.20849609, 4340.62646484, -228.846725464, -676.443481445, 190.576095581, -895.309692383, 269.851654053, -627.915344238, 399.30355835, -432.128967285, 419.836547852, -259.551086426, 436.687744141], [331.512329102, -228.846725464, 785.175720215, 270.728088379, 110.46131897, 133.594909668, -52.5878105164, 70.0009155273, -36.8756599426, 63.5822486877, -74.0409317017, 9.88802814484, -84.5743942261], [1738.86120605, -676.443481445, 270.728088379, 658.918762207, 242.143981934, 420.786437988, 92.7471008301, 218.367324829, -10.7024030685, 114.558563232, -59.1484947205, 41.4841079712, -72.1999740601], [44.0423736572, 190.576095581, 110.46131897, 242.143981934, 483.809234619, 239.540542603, 216.994491577, 87.6708984375, 78.2204437256, 4.91572332382, 44.1090736389, -7.09507894516, 11.2806491852], [2023.11096191, -895.309692383, 133.594909668, 420.786437988, 239.540542603, 603.501220703, 177.520935059, 318.911468506, -18.848323822, 148.095809937, -61.0286483765, 71.7488250732, -102.963378906], [28.1381187439, 269.851654053, -52.5878105164, 92.7471008301, 216.994491577, 177.520935059, 327.663635254, 146.361419678, 115.641571045, 8.82290363312, 62.7040138245, -3.93759036064, 37.1236457825], [1431.8013916, -627.915344238, 70.0009155273, 218.367324829, 87.6708984375, 318.911468506, 146.361419678, 353.047302246, 64.6022338867, 151.093963623, -46.7597084045, 52.737323761, -72.4199295044], [-446.142883301, 399.30355835, -36.8756599426, -10.7024030685, 78.2204437256, -18.848323822, 115.641571045, 64.6022338867, 204.376083374, 57.5367927551, 79.507598877, -23.2688846588, 50.1731491089], [809.763916016, -432.128967285, 63.5822486877, 114.558563232, 4.91572332382, 148.095809937, 8.82290363312, 151.093963623, 57.5367927551, 214.626556396, 30.7909221649, 52.4724349976, -60.5514717102], [-679.241638184, 419.836547852, -74.0409317017, -59.1484947205, 44.1090736389, -61.0286483765, 62.7040138245, -46.7597084045, 79.507598877, 30.7909221649, 172.355529785, 36.5716514587, 65.6887893677], [429.724609375, -259.551086426, 9.88802814484, 41.4841079712, -7.09507894516, 71.7488250732, -3.93759036064, 52.737323761, -23.2688846588, 52.4724349976, 36.5716514587, 125.239837646, 32.7642593384], [-701.872436523, 436.687744141, -84.5743942261, -72.1999740601, 11.2806491852, -102.963378906, 37.1236457825, -72.4199295044, 50.1731491089, -60.5514717102, 65.6887893677, 32.7642593384, 163.50769043]],
        "icov": [[0.000155063637067, -5.24572169525e-05, 0.000149389263242, -0.000219087058213, 0.000108020052721, -0.000201383125386, 6.01872707193e-05, -0.000227342825383, 0.000212302693399, -0.000276400038274, 0.000486614444526, -0.000415178918047, 0.000257823936408], [-5.24572169525e-05, 0.00118267687503, -0.000465915625682, 0.000355990778189, -0.000247201125603, 0.000686826067977, -0.000796354142949, 0.000858513813, -0.00128922925796, 0.00133743556216, -0.00192605599295, 0.00182114192285, -0.00115723523777], [0.000149389263242, -0.000465915625682, 0.00195014651399, -0.000953825132456, -0.00032104778802, -6.02078489464e-06, 0.000721972668543, -0.00044478327618, 0.000555457838345, -0.000983192934655, 0.00169318192638, -0.0014139409177, 0.0011991315987], [-0.000219087058213, 0.000355990778189, -0.000953825132456, 0.00368409790099, -0.00103012344334, -0.00148732331581, 0.000384545506677, 0.000245297182119, -0.000417082075728, 0.000213266306673, -0.000859481631778, 0.00148353818804, -0.001347000245], [0.000108020052721, -0.000247201125603, -0.00032104778802, -0.00103012344334, 0.00434925220907, -0.00185566628352, -0.00165797222871, 0.00112212623935, -0.00097747775726, 0.000742292380892, -0.000172552041477, -0.000335766148055, 0.000619241851382], [-0.000201383125386, 0.000686826067977, -6.02078489464e-06, -0.00148732331581, -0.00185566628352, 0.00721163768321, -0.0024881074205, -0.00203686230816, 0.00184674980119, -0.000773478881456, -0.000399389973609, -0.000146947480971, 0.000310173345497], [6.01872707193e-05, -0.000796354142949, 0.000721972668543, 0.000384545506677, -0.00165797222871, -0.0024881074205, 0.00907604210079, -0.00477038742974, -0.000769770762417, 0.0025079199113, -0.00250700651668, 0.00132977566682, -0.000791817146819], [-0.000227342825383, 0.000858513813, -0.00044478327618, 0.000245297182119, 0.00112212623935, -0.00203686230816, -0.00477038742974, 0.0120614208281, -0.00573320779949, -0.00206002034247, 0.00395323103294, -0.00329800369218, 0.00174374331255], [0.000212302693399, -0.00128922925796, 0.000555457838345, -0.000417082075728, -0.00097747775726, 0.00184674980119, -0.000769770762417, -0.00573320779949, 0.0147287296131, -0.00663631921634, -0.00140460627154, 0.00496635120362, -0.0040845843032], [-0.000276400038274, 0.00133743556216, -0.000983192934655, 0.000213266306673, 0.000742292380892, -0.000773478881456, 0.0025079199113, -0.00206002034247, -0.00663631921634, 0.0143549572676, -0.00718206167221, -0.000831699813716, 0.00321154412813], [0.000486614444526, -0.00192605599295, 0.00169318192638, -0.000859481631778, -0.000172552041477, -0.000399389973609, -0.00250700651668, 0.00395323103294, -0.00140460627154, -0.00718206167221, 0.0178898908198, -0.0101455533877, 0.00242675328627], [-0.000415178918047, 0.00182114192285, -0.0014139409177, 0.00148353818804, -0.000335766148055, -0.000146947480971, 0.00132977566682, -0.00329800369218, 0.00496635120362, -0.000831699813716, -0.0101455533877, 0.0213007126004, -0.0105786202475], [0.000257823936408, -0.00115723523777, 0.0011991315987, -0.001347000245, 0.000619241851382, 0.000310173345497, -0.000791817146819, 0.00174374331255, -0.0040845843032, 0.00321154412813, 0.00242675328627, -0.0105786202475, 0.0150310406461]]
    },
    "melbands": {
        "dmean": [0.00248154276051, 0.00163994124159, 0.000884949753527, 0.00074683240382, 0.000329968228471, 0.000176600180566, 0.000163175005582, 0.00012331175094, 0.000108772932435, 9.35292700888e-05, 0.00011114897643, 9.0037836344e-05, 8.87121350388e-05, 4.45960249635e-05, 5.07115291839e-05, 2.793906242e-05, 2.45772862399e-05, 1.77376241481e-05, 2.07324410439e-05, 1.02294452518e-05, 1.16350547614e-05, 1.28776200654e-05, 1.05506960608e-05, 9.31240992941e-06, 7.05286356606e-06, 7.09532741894e-06, 7.56858116802e-06, 6.71361704008e-06, 5.44318663742e-06, 4.16657212554e-06, 4.27434770245e-06, 4.31974785897e-06, 3.96755331167e-06, 3.23806739289e-06, 3.53981022272e-06, 2.87858483716e-06, 2.30260798162e-06, 2.04379807656e-06, 1.66425581938e-06, 1.78535094619e-06],
        "dmean2": [0.00359834660776, 0.0024072509259, 0.00144698226359, 0.00127601751592, 0.00057054462377, 0.000289164541755, 0.000256343890214, 0.000195599015569, 0.00016682392743, 0.00014153556549, 0.000173142398125, 0.000139479991049, 0.000136235103128, 6.92837857059e-05, 8.1327787484e-05, 4.378741869e-05, 3.90910900023e-05, 2.99358453049e-05, 3.49690380972e-05, 1.66334684764e-05, 1.91137351067e-05, 2.14507708733e-05, 1.82613021025e-05, 1.5534898921e-05, 1.16172868729e-05, 1.16960336527e-05, 1.24765047076e-05, 1.10663859232e-05, 8.8289471023e-06, 6.72113037581e-06, 7.11118036634e-06, 7.15026271791e-06, 6.55943404126e-06, 5.42002453585e-06, 5.86141413805e-06, 4.66182245873e-06, 3.60509761776e-06, 3.31056003233e-06, 2.60726142187e-06, 2.87351849693e-06],
        "dvar": [1.80647220986e-05, 8.23728350952e-06, 4.12695590057e-06, 2.96235862152e-06, 6.05944080689e-07, 1.78527216121e-07, 1.93319124264e-07, 9.07857042876e-08, 8.07544466852e-08, 4.6538591647e-08, 8.78334773802e-08, 5.11868236686e-08, 7.40541494793e-08, 1.81595343207e-08, 2.95339379619e-08, 8.23122725535e-09, 3.46757866865e-09, 1.59365787233e-09, 2.08823935921e-09, 5.040383666e-10, 6.92332191576e-10, 7.71881225603e-10, 5.74988556767e-10, 3.31547400645e-10, 2.62668109485e-10, 2.07977066125e-10, 1.98800809148e-10, 1.76442943589e-10, 1.46355705333e-10, 1.72339503779e-10, 5.70574143488e-11, 6.71472530356e-11, 5.3934655353e-11, 3.4067429433e-11, 3.41390700431e-11, 2.14314798547e-11, 1.21241922751e-11, 1.01224540902e-11, 6.27232250514e-12, 7.7339913987e-12],
        "dvar2": [3.71477690351e-05, 1.80123879545e-05, 1.04951504909e-05, 7.90691410657e-06, 1.6171070456e-06, 4.51790640454e-07, 4.43200832478e-07, 2.03007530786e-07, 1.6593251928e-07, 8.96487648561e-08, 1.83755631156e-07, 1.03399329987e-07, 1.44724864981e-07, 3.57394611683e-08, 5.76094976168e-08, 1.75048295858e-08, 7.8139477111e-09, 3.99895361269e-09, 5.24813570379e-09, 1.25971344467e-09, 1.61996616121e-09, 1.93103288915e-09, 1.54401391672e-09, 7.94202981158e-10, 6.37380925816e-10, 4.65381677639e-10, 4.64688149071e-10, 4.10293105046e-10, 3.03425812254e-10, 3.53449380874e-10, 1.33218241993e-10, 1.64231947486e-10, 1.3582275582e-10, 8.53146095436e-11, 8.21796242167e-11, 5.15845699489e-11, 2.90857771895e-11, 2.56134401883e-11, 1.45011008409e-11, 1.90332957728e-11],
        "max": [0.0623774453998, 0.0496339425445, 0.0271495133638, 0.0255304481834, 0.0145365614444, 0.00991687644273, 0.0138258496299, 0.0100612025708, 0.00674777990207, 0.00560753559694, 0.00908036250621, 0.00730172591284, 0.0106015633792, 0.006514465902, 0.00659566465765, 0.00284615834244, 0.00183076865505, 0.00140204024501, 0.00144392508082, 0.00103800033685, 0.000819655193482, 0.000822278147098, 0.000688179396093, 0.000498985406011, 0.000650173518807, 0.000640615238808, 0.000599713297561, 0.000494204519782, 0.000714036577847, 0.000690975342877, 0.000295100238873, 0.000296548561892, 0.000346938701114, 0.000263817928499, 0.000222701841267, 0.000151570755406, 5.82513021072e-05, 0.000108764761535, 0.000106826053525, 5.72804856347e-05],
        "mean": [0.00554551044479, 0.00330209499225, 0.001139462227, 0.000850714452099, 0.000434176647104, 0.000298035185551, 0.000274164165603, 0.000219044814003, 0.000203687130124, 0.000191804487258, 0.000207622520975, 0.000177599460585, 0.000169448991073, 8.20953791845e-05, 9.25212079892e-05, 4.8131114454e-05, 3.86150641134e-05, 2.44919356192e-05, 2.86280992441e-05, 1.72366781044e-05, 1.75378791027e-05, 2.01162183657e-05, 1.45096391861e-05, 1.5444093151e-05, 1.24771395349e-05, 1.2712046555e-05, 1.34769488795e-05, 1.19568558148e-05, 1.06803718154e-05, 8.79283288668e-06, 7.97062693891e-06, 8.14207123767e-06, 7.47732929085e-06, 6.11853329247e-06, 6.35792912362e-06, 5.71418513573e-06, 4.81944834974e-06, 4.12733152189e-06, 3.18542561217e-06, 3.25726182382e-06],
        "median": [0.00132920197211, 0.00170176802203, 0.000288251438178, 0.000242618814809, 0.00013546293485, 9.13913390832e-05, 8.17792388261e-05, 5.81681888434e-05, 5.02482507727e-05, 5.82848297199e-05, 5.07049589942e-05, 4.94963969686e-05, 4.17984192609e-05, 1.82413223229e-05, 1.76301255124e-05, 1.41556502058e-05, 1.41270656968e-05, 9.40376139624e-06, 1.01904861367e-05, 8.30533463159e-06, 7.93488015916e-06, 8.90220690053e-06, 7.23981884221e-06, 8.20192690298e-06, 6.94453410688e-06, 7.12502060196e-06, 7.37948039387e-06, 6.63864420858e-06, 6.10429378867e-06, 5.78929848416e-06, 5.76035517952e-06, 5.53532299818e-06, 5.05358821101e-06, 4.30826548836e-06, 4.148212156e-06, 3.45688886227e-06, 2.97010183203e-06, 2.69679458142e-06, 1.88140290902e-06, 1.95138727577e-06],
        "min": [1.62695363346e-24, 9.42956797232e-25, 6.30827364698e-25, 3.57832315875e-24, 2.18672440142e-24, 1.70722161107e-24, 2.51814774467e-24, 2.42303557419e-24, 1.91927333885e-24, 2.21627631423e-24, 2.69789739332e-24, 3.47061879607e-24, 2.08196248992e-24, 2.44398653654e-24, 2.89859859597e-24, 3.76601170633e-24, 3.75810377019e-24, 3.72519170436e-24, 3.7973066073e-24, 4.3289649364e-24, 4.25569474667e-24, 5.04407799661e-24, 3.89610275821e-24, 5.22186318439e-24, 4.9645974994e-24, 5.39708260207e-24, 5.83487437206e-24, 5.46684788281e-24, 6.07894478069e-24, 5.56578681754e-24, 5.95306664048e-24, 5.66389389845e-24, 4.5971662057e-24, 6.3559434268e-24, 7.05178461509e-24, 5.44645898385e-24, 5.09935111366e-24, 6.76265683814e-24, 6.8724086893e-24, 7.34412226707e-24],
        "var": [5.74816622247e-05, 1.854032962e-05, 4.16168904849e-06, 2.64472805611e-06, 7.01680676229e-07, 3.63027879757e-07, 3.77434645316e-07, 2.35491739886e-07, 2.36287888811e-07, 1.71630958334e-07, 2.85767953301e-07, 1.76691330012e-07, 2.48242201906e-07, 5.68299363124e-08, 1.03876104163e-07, 1.95627478661e-08, 6.24630258628e-09, 2.31615149282e-09, 3.07637337826e-09, 1.07101705282e-09, 1.18327780907e-09, 1.42194722663e-09, 6.40765884796e-10, 6.27898011363e-10, 4.50353782044e-10, 5.376759038e-10, 4.77874073646e-10, 3.85413839732e-10, 4.77282990907e-10, 4.85546214346e-10, 1.37970523895e-10, 1.55733939633e-10, 1.16762752245e-10, 7.541815783e-11, 7.39374464431e-11, 5.33308432138e-11, 3.25160176562e-11, 2.36410144933e-11, 1.55823496467e-11, 1.52008666071e-11]
    },
    "mfcc": {
        "mean": [-646.001464844, 103.440139771, 19.3714351654, 15.9864587784, 0.995601952076, 7.51855230331, 6.29374170303, 7.42626237869, 2.478546381, 1.54056608677, -1.27985465527, -0.734856665134, -0.140903577209],
        "cov": [[13393.3037109, -3969.33544922, -238.062606812, 407.99319458, 454.569580078, 786.882995605, 698.056884766, 761.84777832, 557.728027344, 619.579162598, 427.226257324, 309.506439209, 106.891166687], [-3969.33544922, 2996.79052734, -6.38710355759, -36.2603797913, -162.595306396, -258.242889404, -185.659469604, -170.208999634, -99.260055542, -125.365936279, -99.2303771973, -84.4945755005, -10.5436315536], [-238.062606812, -6.38710355759, 599.458312988, 130.623580933, 75.6486968994, 23.7353248596, -41.5371170044, -51.2029342651, -37.5721549988, -20.6256885529, -22.3550930023, -15.3439664841, -20.180644989], [407.99319458, -36.2603797913, 130.623580933, 290.700897217, 170.907272339, 122.73260498, 88.4019393921, 73.9983901978, 65.8333816528, 63.2188148499, 42.0633735657, 21.9665546417, 1.45259737968], [454.569580078, -162.595306396, 75.6486968994, 170.907272339, 331.930786133, 204.87071228, 148.325302124, 114.719551086, 78.2334976196, 71.9596252441, 44.4616661072, 29.5630741119, 10.1878051758], [786.882995605, -258.242889404, 23.7353248596, 122.73260498, 204.87071228, 272.64050293, 197.174285889, 146.194213867, 93.4483642578, 85.5013580322, 60.8180656433, 56.4444274902, 30.0286369324], [698.056884766, -185.659469604, -41.5371170044, 88.4019393921, 148.325302124, 197.174285889, 284.643890381, 205.192245483, 120.311676025, 95.6259536743, 72.0756072998, 63.6058387756, 38.4913825989], [761.84777832, -170.208999634, -51.2029342651, 73.9983901978, 114.719551086, 146.194213867, 205.192245483, 253.422546387, 155.421936035, 109.122451782, 64.7735519409, 49.5514030457, 30.9376049042], [557.728027344, -99.260055542, -37.5721549988, 65.8333816528, 78.2334976196, 93.4483642578, 120.311676025, 155.421936035, 193.490356445, 137.97164917, 71.8886642456, 39.7897377014, 13.6423568726], [619.579162598, -125.365936279, -20.6256885529, 63.2188148499, 71.9596252441, 85.5013580322, 95.6259536743, 109.122451782, 137.97164917, 192.271408081, 122.99130249, 68.1519088745, 26.1160564423], [427.226257324, -99.2303771973, -22.3550930023, 42.0633735657, 44.4616661072, 60.8180656433, 72.0756072998, 64.7735519409, 71.8886642456, 122.99130249, 153.884750366, 99.553527832, 50.2593421936], [309.506439209, -84.4945755005, -15.3439664841, 21.9665546417, 29.5630741119, 56.4444274902, 63.6058387756, 49.5514030457, 39.7897377014, 68.1519088745, 99.553527832, 136.426925659, 81.6549072266], [106.891166687, -10.5436315536, -20.180644989, 1.45259737968, 10.1878051758, 30.0286369324, 38.4913825989, 30.9376049042, 13.6423568726, 26.1160564423, 50.2593421936, 81.6549072266, 116.699867249]],
