{
"lowlevel": {
    "average_loudness": 0.827044963837,
    "barkbands_crest": {
        "dmean": 2.71683502197,
        "dmean2": 4.3632068634,
        "dvar": 7.72841072083,
        "dvar2": 20.2324085236,
        "max": 26.5433597565,
        "mean": 11.7132396698,
        "median": 10.7156524658,
        "min": 1.88448286057,
        "var": 30.9853420258
    },
    "barkbands_flatness_db": {
        "dmean": 0.0214315503836,
        "dmean2": 0.0331179760396,
        "dvar": 0.000502547889482,
        "dvar2": 0.00118150515482,
        "max": 0.464687079191,
        "mean": 0.128223821521,
        "median": 0.109151192009,
        "min": 0.012955644168,
        "var": 0.00508612021804
    },
    "barkbands_kurtosis": {
        "dmean": 4.22125005722,
        "dmean2": 6.59164047241,
        "dvar": 412.138641357,
        "dvar2": 874.999511719,
        "max": 1250.91760254,
        "mean": 7.22322463989,
        "median": 2.01254796982,
        "min": -1.9142229557,
        "var": 893.116577148
    },
    "barkbands_skewness": {
        "dmean": 0.565773487091,
        "dmean2": 0.881154119968,
        "dvar": 0.62682133913,
        "dvar2": 1.40778946877,
        "max": 29.3227005005,
        "mean": 1.75048077106,
        "median": 1.53387093544,
        "min": -8.60913085938,
        "var": 3.62074947357
    },
    "barkbands_spread": {
        "dmean": 6.45319032669,
        "dmean2": 10.2827606201,
        "dvar": 60.9290237427,
        "dvar2": 154.660202026,
        "max": 112.766799927,
        "mean": 27.0703716278,
        "median": 25.9850006104,
        "min": 0.233114272356,
        "var": 248.792129517
    },
    "dissonance": {
        "dmean": 0.0135554242879,
        "dmean2": 0.0231987033039,
        "dvar": 0.000283560861135,
        "dvar2": 0.000765702163335,
        "max": 0.500000059605,
        "mean": 0.476200282574,
        "median": 0.482201814651,
        "min": 0.198260009289,
        "var": 0.00054699962493
    },
    "dynamic_complexity": 3.90373969078,
    "erbbands_crest": {
        "dmean": 1.87211203575,
        "dmean2": 2.97619152069,
        "dvar": 3.88237595558,
        "dvar2": 8.56921005249,
        "max": 34.6979637146,
        "mean": 7.49286079407,
        "median": 5.90805768967,
        "min": 1.96337532997,
        "var": 24.6794223785
    },
    "erbbands_flatness_db": {
        "dmean": 0.0121915703639,
        "dmean2": 0.0179069582373,
        "dvar": 0.000185346492799,
        "dvar2": 0.000366572319763,
        "max": 0.586430907249,
        "mean": 0.131360501051,
        "median": 0.10989933461,
        "min": 0.0419261865318,
        "var": 0.00565231358632
    },
    "erbbands_kurtosis": {
        "dmean": 0.881632208824,
        "dmean2": 1.28426992893,
        "dvar": 11.0703372955,
        "dvar2": 19.0073604584,
        "max": 141.810806274,
        "mean": 0.943148136139,
        "median": -0.388106584549,
        "min": -1.81544399261,
        "var": 65.217124939
    },
    "erbbands_skewness": {
        "dmean": 0.272931933403,
        "dmean2": 0.420020908117,
        "dvar": 0.106540881097,
        "dvar2": 0.22762773931,
        "max": 5.71426868439,
        "mean": 0.0428892038763,
        "median": 0.0617423057556,
        "min": -8.71551704407,
        "var": 0.776871442795
    },
    "erbbands_spread": {
        "dmean": 7.3835644722,
        "dmean2": 11.3921051025,
        "dvar": 67.3328933716,
        "dvar2": 153.579376221,
        "max": 140.545455933,
        "mean": 46.9506225586,
        "median": 47.5125999451,
        "min": 0.375716269016,
        "var": 437.176605225
    },
    "hfc": {
        "dmean": 5.93913412094,
        "dmean2": 9.32034778595,
        "dvar": 74.0231170654,
        "dvar2": 176.977310181,
        "max": 138.953933716,
        "mean": 32.0126686096,
        "median": 29.0988903046,
        "min": 1.06826670342e-16,
        "var": 572.481445312
    },
    "melbands_crest": {
        "dmean": 3.26461601257,
        "dmean2": 5.32865285873,
        "dvar": 11.5352783203,
        "dvar2": 29.6834316254,
        "max": 38.1175918579,
        "mean": 16.7493476868,
        "median": 15.1952056885,
        "min": 1.60200750828,
        "var": 63.2477836609
    },
    "melbands_flatness_db": {
        "dmean": 0.0259551946074,
        "dmean2": 0.0404249466956,
        "dvar": 0.000796906009782,
        "dvar2": 0.00186988234054,
        "max": 0.57284963131,
        "mean": 0.195299342275,
        "median": 0.180471092463,
        "min": 0.00267261476256,
        "var": 0.00755402445793
    },
    "melbands_kurtosis": {
        "dmean": 10.5743837357,
        "dmean2": 16.2951164246,
        "dvar": 818.829528809,
        "dvar2": 1705.1875,
        "max": 1603.7208252,
        "mean": 23.6316604614,
        "median": 11.2736110687,
        "min": -1.93889498711,
        "var": 3430.98242188
    },
    "melbands_skewness": {
        "dmean": 0.820558667183,
        "dmean2": 1.27578318119,
        "dvar": 1.16034054756,
        "dvar2": 2.80916070938,
        "max": 31.5526790619,
        "mean": 3.33265185356,
        "median": 3.0031979084,
        "min": -6.87263059616,
        "var": 6.76058244705
    },
    "melbands_spread": {
        "dmean": 7.27922201157,
        "dmean2": 11.6790924072,
        "dvar": 120.664703369,
        "dvar2": 289.884338379,
        "max": 240.219573975,
        "mean": 25.1454219818,
        "median": 20.0534362793,
        "min": 0.18031065166,
        "var": 454.177581787
    },
    "pitch_salience": {
        "dmean": 0.0755604505539,
        "dmean2": 0.121238328516,
        "dvar": 0.00566866947338,
        "dvar2": 0.014415207319,
        "max": 0.955309510231,
        "mean": 0.513588905334,
        "median": 0.546513020992,
        "min": 0.0188712961972,
        "var": 0.0280794985592
    },
    "silence_rate_20dB": {
        "dmean": 0,
        "dmean2": 0,
        "dvar": 0,
        "dvar2": 0,
        "max": 1,
        "mean": 1,
        "median": 1,
        "min": 1,
        "var": 0
    },
    "silence_rate_30dB": {
        "dmean": 0.0554305575788,
        "dmean2": 0.110872454941,
        "dvar": 0.0523622073233,
        "dvar2": 0.128448173404,
        "max": 1,
        "mean": 0.935473978519,
        "median": 1,
        "min": 0,
        "var": 0.0603559687734
    },
    "silence_rate_60dB": {
        "dmean": 0.00695438729599,
        "dmean2": 0.0139101976529,
        "dvar": 0.00690552964807,
        "dvar2": 0.0155566846952,
        "max": 1,
        "mean": 0.092238470912,
        "median": 0,
        "min": 0,
        "var": 0.0837341099977
    },
    "spectral_centroid": {
        "dmean": 256.039123535,
        "dmean2": 402.183990479,
        "dvar": 98484.4765625,
        "dvar2": 217890.015625,
        "max": 11457.4375,
        "mean": 1622.17993164,
        "median": 1541.35754395,
        "min": 172.15524292,
        "var": 853418.4375
    },
    "spectral_complexity": {
        "dmean": 3.49805688858,
        "dmean2": 5.69888496399,
        "dvar": 14.0306377411,
        "dvar2": 33.5451278687,
        "max": 59,
        "mean": 25.3589324951,
        "median": 27,
        "min": 0,
        "var": 186.873199463
    },
    "spectral_decrease": {
        "dmean": 3.69045038973e-09,
        "dmean2": 5.9521698681e-09,
        "dvar": 2.73816602003e-17,
        "dvar2": 7.38241491347e-17,
        "max": 1.83145369171e-28,
        "mean": -1.16000338224e-08,
        "median": -9.72709823799e-09,
        "min": -6.75440006148e-08,
        "var": 8.36608684826e-17
    },
    "spectral_energy": {
        "dmean": 0.0141149293631,
        "dmean2": 0.0227340683341,
        "dvar": 0.000394161004806,
        "dvar2": 0.00106139085256,
        "max": 0.259523421526,
        "mean": 0.0466848537326,
        "median": 0.0398778170347,
        "min": 1.0101363235e-20,
        "var": 0.00126607774291
    },
    "spectral_energyband_high": {
        "dmean": 0.000612494710367,
        "dmean2": 0.000967712665442,
        "dvar": 9.80168692877e-07,
        "dvar2": 2.3740517463e-06,
        "max": 0.019730174914,
        "mean": 0.00222962419502,
        "median": 0.00146699510515,
        "min": 6.76999913892e-21,
        "var": 5.36690504305e-06
    },
    "spectral_energyband_low": {
        "dmean": 0.0115267150104,
        "dmean2": 0.018410069868,
        "dvar": 0.000341513368767,
        "dvar2": 0.000914163014386,
        "max": 0.233648061752,
        "mean": 0.0268089417368,
        "median": 0.0185725390911,
        "min": 1.65166773843e-23,
        "var": 0.000882229127456
    },
    "spectral_energyband_middle_high": {
        "dmean": 0.0012551137479,
        "dmean2": 0.00195009086747,
        "dvar": 2.30503837884e-06,
        "dvar2": 5.28481541551e-06,
        "max": 0.0325894653797,
        "mean": 0.00583226466551,
        "median": 0.00554641336203,
        "min": 1.23785337041e-21,
        "var": 1.64743905771e-05
    },
    "spectral_energyband_middle_low": {
        "dmean": 0.00628077890724,
        "dmean2": 0.0104691861197,
        "dvar": 0.000145266356412,
        "dvar2": 0.000374676281353,
        "max": 0.129483118653,
        "mean": 0.0135676423088,
        "median": 0.00993550941348,
        "min": 1.81389338638e-22,
        "var": 0.000234063903918
    },
    "spectral_entropy": {
        "dmean": 0.12104061991,
        "dmean2": 0.187214970589,
        "dvar": 0.0233149733394,
        "dvar2": 0.0523932278156,
        "max": 9.82034301758,
        "mean": 7.85783052444,
        "median": 8.01844024658,
        "min": 4.78116941452,
        "var": 0.32530066371
    },
    "spectral_flux": {
        "dmean": 0.0273648705333,
        "dmean2": 0.0441864691675,
        "dvar": 0.00115786399692,
        "dvar2": 0.00284305564128,
        "max": 0.372647732496,
        "mean": 0.0965583696961,
        "median": 0.0884834975004,
        "min": 6.33995217436e-11,
        "var": 0.00376681471244
    },
    "spectral_kurtosis": {
        "dmean": 1.95598733425,
        "dmean2": 3.30283308029,
        "dvar": 37.3709869385,
        "dvar2": 107.442977905,
        "max": 178.868713379,
        "mean": 5.68999433517,
        "median": 2.29991483688,
        "min": -1.23872256279,
        "var": 195.621734619
    },
    "spectral_rms": {
        "dmean": 0.000909332942683,
        "dmean2": 0.00143467646558,
        "dvar": 1.22646190448e-06,
        "dvar2": 3.16343448503e-06,
        "max": 0.0159120578319,
        "mean": 0.00611972762272,
        "median": 0.00623740209267,
        "min": 3.13926554023e-12,
        "var": 8.09503035271e-06
    },
    "spectral_rolloff": {
        "dmean": 591.890258789,
        "dmean2": 970.395019531,
        "dvar": 924954.3125,
        "dvar2": 2191893.5,
        "max": 19745.9472656,
        "mean": 1723.87561035,
        "median": 1055.12695312,
        "min": 43.06640625,
        "var": 5260878
    },
    "spectral_skewness": {
        "dmean": 0.199989750981,
        "dmean2": 0.328459829092,
        "dvar": 0.133618220687,
        "dvar2": 0.391106665134,
        "max": 11.1038732529,
        "mean": 1.52569830418,
        "median": 1.28248596191,
        "min": -0.0694678276777,
        "var": 0.95876455307
    },
    "spectral_spread": {
        "dmean": 486680.25,
        "dmean2": 728293.25,
        "dvar": 495821651968,
        "dvar2": 1.00105499443e+12,
        "max": 42234408,
        "mean": 5613028.5,
        "median": 5743676,
        "min": 474927.4375,
        "var": 8.29485324698e+12
    },
    "spectral_strongpeak": {
        "dmean": 0.336417227983,
        "dmean2": 0.5573579669,
        "dvar": 0.363344579935,
        "dvar2": 0.856304168701,
        "max": 12.4263935089,
        "mean": 0.728580534458,
        "median": 0.462975621223,
        "min": 0,
        "var": 0.875258564949
    },
    "zerocrossingrate": {
        "dmean": 0.0115780783817,
        "dmean2": 0.0140026398003,
        "dvar": 0.000189357859199,
        "dvar2": 0.000233971542912,
        "max": 0.78369140625,
        "mean": 0.0766225606203,
        "median": 0.06591796875,
        "min": 0.001953125,
        "var": 0.00524059310555
    },
    "barkbands": {
        "dmean": [0.000632337410934, 0.00987199507654, 0.00290682190098, 0.00244009005837, 0.00380173209123, 0.00103952037171, 0.000760216033086, 0.000337231205776, 0.000519071065355, 0.000502992945258, 0.000316264951834, 0.000392437155824, 0.000285791349597, 0.00025445735082, 0.000246548093855, 0.000264790782239, 0.000204982847208, 0.000158935959917, 0.000159211049322, 0.000152177701239, 0.000165521807503, 0.000175516630406, 0.000151090775034, 0.000133090972668, 0.000107994193968, 5.80459709454e-05, 1.27470839288e-05],
        "dmean2": [0.000999751617201, 0.0159060303122, 0.00479551590979, 0.00424064369872, 0.00635233614594, 0.00175945856608, 0.00121252553072, 0.000539556262083, 0.000799449800979, 0.000770331709646, 0.00051033613272, 0.000626142078545, 0.000472290994367, 0.000417583913077, 0.000396299845306, 0.000439757015556, 0.000340185622917, 0.000263766618446, 0.000262576562818, 0.000249000528129, 0.000278941384749, 0.0002843735856, 0.000241071422352, 0.000210135855014, 0.000168375016074, 9.3563212431e-05, 2.12444210774e-05],
        "dvar": [3.85549537896e-06, 0.000308267248329, 4.31581465818e-05, 3.01334766846e-05, 8.70795120136e-05, 4.17969931732e-06, 2.06292770599e-06, 3.00765350403e-07, 6.45907562102e-07, 7.87248097822e-07, 3.14398050705e-07, 5.57470116291e-07, 2.34119880815e-07, 1.94254425878e-07, 2.05506665907e-07, 1.68518553778e-07, 1.14181986532e-07, 6.58824532707e-08, 7.8826460026e-08, 7.03390199419e-08, 9.05313584099e-08, 7.85471243603e-08, 7.37837311249e-08, 4.85504472181e-08, 3.70961430463e-08, 1.56705635135e-08, 1.17492826579e-09],
        "dvar2": [1.02183776107e-05, 0.000822522095405, 0.000109745582449, 8.50060387165e-05, 0.000214265222894, 1.17405006677e-05, 5.10374593432e-06, 7.35695039111e-07, 1.48118772358e-06, 1.54517999817e-06, 7.01123383351e-07, 1.26206248297e-06, 6.48638945222e-07, 4.47868103493e-07, 4.40976947402e-07, 4.26017834343e-07, 2.89309468826e-07, 1.65107380212e-07, 1.95923277602e-07, 1.73029050643e-07, 2.35382685787e-07, 1.88385143929e-07, 1.74191413294e-07, 1.13883238839e-07, 9.07561457097e-08, 4.12424796536e-08, 3.05566105752e-09],
        "max": [0.0547152049839, 0.210856199265, 0.0855096280575, 0.0671596601605, 0.1090086326, 0.0292309001088, 0.0319981686771, 0.011864147149, 0.0165128223598, 0.0186596512794, 0.0277675837278, 0.0279931854457, 0.0164329279214, 0.010474326089, 0.0155928619206, 0.00854086689651, 0.00798834580928, 0.00581414531916, 0.00979916378856, 0.00950837414712, 0.0127514805645, 0.00706315040588, 0.00555064668879, 0.00356553890742, 0.00465614628047, 0.00175865960773, 0.000897437450476],
        "mean": [0.00152874202468, 0.019603529945, 0.00398554839194, 0.00324852345511, 0.00513364514336, 0.00177631888073, 0.00144944735803, 0.000639290024992, 0.00119621341582, 0.0011013202602, 0.000588161754422, 0.000768750149291, 0.000542875670362, 0.000485076860059, 0.000501639675349, 0.000562853994779, 0.000450243504019, 0.000359262659913, 0.000368207838619, 0.000360081263352, 0.000412120920373, 0.000461071642349, 0.000392846093746, 0.000367861037375, 0.000263671216089, 0.000118668431242, 1.88492449524e-05],
        "median": [0.000136898990604, 0.00930916704237, 0.000912397284992, 0.00117906800006, 0.00201075640507, 0.000971903966274, 0.000590590643696, 0.000345662556356, 0.000609791488387, 0.000502713257447, 0.000345402600942, 0.000438486778876, 0.000363906088751, 0.000312835065415, 0.000329979055095, 0.000339816702763, 0.000234916020418, 0.000246159790549, 0.000248965865467, 0.000234914768953, 0.000265990151092, 0.00028531087446, 0.000219768699026, 0.000171390565811, 0.00012317202345, 4.0348393668e-05, 1.2504760889e-06],
        "min": [6.60009844076e-25, 6.48792932257e-25, 2.74362588506e-24, 2.64151079911e-24, 4.06760348559e-24, 8.79916279611e-24, 8.46916807996e-24, 1.16006634615e-23, 2.74755393905e-23, 2.00418222462e-23, 1.38712844035e-23, 3.2974789735e-23, 2.71001141748e-23, 4.61589242252e-23, 4.33625984874e-23, 8.65157196946e-23, 6.45814422249e-23, 9.7834668305e-23, 9.22754645317e-23, 1.39279261942e-22, 2.84401673407e-22, 3.55193672388e-22, 4.54346823877e-22, 5.57980528604e-22, 9.16649909518e-22, 1.19770390968e-21, 1.86144859757e-21],
        "var": [1.13088999569e-05, 0.000670187349897, 5.77095488552e-05, 3.62672326446e-05, 0.000105808845547, 5.76175671085e-06, 5.81421409152e-06, 7.68201630308e-07, 2.53393045568e-06, 3.21475067722e-06, 6.58654073504e-07, 1.41836687817e-06, 4.96050006404e-07, 4.73570196391e-07, 5.56341603897e-07, 4.65120450599e-07, 3.12692179705e-07, 1.73135262571e-07, 2.31832700592e-07, 2.09154876529e-07, 3.15479582014e-07, 2.96977901826e-07, 2.38528741647e-07, 2.09708190368e-07, 1.20074318488e-07, 3.09680388e-08, 2.04594474695e-09]
    },
    "erbbands": {
        "dmean": [0.334471642971, 2.08673667908, 3.10691356659, 5.79170846939, 12.4380617142, 12.7487859726, 9.32237911224, 8.78662776947, 10.9698543549, 9.77565193176, 6.60740041733, 9.92534160614, 12.6052789688, 17.2808303833, 13.7240810394, 12.331949234, 12.846072197, 11.002286911, 12.6005535126, 12.7818489075, 14.7878580093, 10.6054763794, 8.32477855682, 7.93464851379, 7.57997226715, 7.41870212555, 7.01752328873, 6.76243305206, 6.41713476181, 5.57147026062, 4.3029794693, 3.20275378227, 2.16771936417, 1.40101671219, 0.707901418209, 0.283435463905, 0.107024043798, 0.025419909507, 0.00185904186219, 3.83011974918e-05],
        "dmean2": [0.530185222626, 3.33798027039, 4.94253206253, 9.74035930634, 20.9609680176, 21.6909637451, 16.0075263977, 14.8508043289, 18.0720767975, 15.1806516647, 10.456454277, 15.5129718781, 19.5935573578, 25.9922904968, 22.0041618347, 19.8259105682, 21.0653343201, 17.8978176117, 20.4706897736, 20.1764030457, 24.6653747559, 17.5375442505, 13.6579122543, 13.0707426071, 12.4424743652, 12.0912780762, 11.5592012405, 11.3404903412, 10.3945350647, 8.91956043243, 6.87226581573, 4.99568367004, 3.46608304977, 2.2484254837, 1.10022580624, 0.452058941126, 0.173581570387, 0.0421642549336, 0.00309506943449, 6.18409612798e-05],
        "dvar": [0.397552132607, 14.870508194, 43.7095985413, 151.245254517, 887.784729004, 1024.56665039, 464.975189209, 305.426025391, 471.177124023, 454.266937256, 101.155853271, 225.48890686, 367.850006104, 988.171081543, 549.480529785, 477.625091553, 475.71774292, 393.411407471, 452.133148193, 863.255065918, 520.890014648, 314.99230957, 170.161193848, 225.560699463, 181.58026123, 186.797164917, 198.138442993, 128.183105469, 106.38469696, 92.121887207, 60.6902885437, 28.8178749084, 14.0075378418, 6.43836736679, 1.62900876999, 0.277779370546, 0.0895021930337, 0.00421782396734, 2.52990230365e-05, 5.1595083761e-09],
        "dvar2": [1.05913197994, 38.4930381775, 107.686180115, 413.56350708, 2234.89819336, 2670.56738281, 1314.7902832, 864.464355469, 1202.67797852, 1071.46166992, 240.106811523, 541.370361328, 863.346435547, 1821.64318848, 1231.39575195, 1132.38757324, 1272.6439209, 940.290161133, 1046.20776367, 1396.10339355, 1385.92163086, 790.164550781, 412.656066895, 545.392578125, 455.777679443, 441.524841309, 491.543304443, 342.500335693, 252.969009399, 216.322692871, 145.004562378, 67.6558914185, 34.608417511, 16.0741462708, 4.05298042297, 0.732622265816, 0.234124436975, 0.0113938581198, 6.57830896671e-05, 1.3336542537e-08],
        "max": [7.5475897789, 50.6763267517, 79.4114608765, 137.761062622, 329.552703857, 402.491088867, 313.584686279, 247.43888855, 470.863586426, 475.518371582, 233.939422607, 344.601135254, 315.548339844, 684.80871582, 1196.96313477, 939.790161133, 790.971191406, 533.051025391, 558.791015625, 1573.74047852, 344.344390869, 496.810028076, 369.216400146, 724.267944336, 472.8097229, 449.938354492, 757.267028809, 338.218475342, 316.720703125, 340.843933105, 171.606658936, 91.9489135742, 86.5123748779, 64.9789657593, 32.4583892822, 12.2801799774, 5.44499063492, 1.25578391552, 0.114250861108, 0.00166949501727],
        "mean": [0.683449685574, 3.8703763485, 5.0233206749, 8.90731906891, 15.4916830063, 15.939289093, 13.8255300522, 15.1445331573, 19.4924869537, 19.562171936, 14.5388841629, 23.1954841614, 28.8048458099, 40.6059150696, 29.2430934906, 26.8811187744, 26.1787796021, 23.4984340668, 25.8735275269, 28.199432373, 32.1061630249, 25.0827102661, 20.1249713898, 19.0111732483, 17.9539909363, 17.6671791077, 16.8863105774, 16.2058963776, 16.3776130676, 13.957572937, 10.8853263855, 8.51505661011, 5.5939412117, 3.39031052589, 1.61958014965, 0.613644003868, 0.201978132129, 0.0444673299789, 0.00286212028004, 0.000107383297291],
        "median": [0.253981024027, 1.62334418297, 1.62741601467, 3.33791208267, 5.11411714554, 6.04763555527, 6.6693687439, 8.14976596832, 8.66319465637, 8.8687620163, 9.42116641998, 12.9701452255, 17.263753891, 19.8755302429, 20.461265564, 18.2496318817, 18.1482563019, 16.2284450531, 18.028755188, 17.43957901, 19.2075271606, 14.2097244263, 14.4613265991, 13.4068002701, 12.5941572189, 11.3525495529, 11.2093801498, 10.3945198059, 10.278424263, 8.3289604187, 5.89352273941, 4.15969085693, 2.52643871307, 1.58004879951, 0.725366175175, 0.233816772699, 0.0618700794876, 0.0107825575396, 0.000317829340929, 7.49003811507e-05],
        "min": [2.83432579873e-23, 3.42937172058e-22, 3.45558335965e-21, 1.05365571725e-20, 1.77155914697e-20, 1.86417397189e-20, 4.82744608814e-20, 1.0716973342e-19, 1.33712931763e-19, 1.61598818724e-19, 4.75991881109e-19, 5.5572821475e-19, 4.28615292471e-19, 8.95266675953e-19, 1.17461125568e-18, 1.47645835339e-18, 1.77973244106e-18, 2.08778339336e-18, 2.88838752002e-18, 3.37308599406e-18, 4.76509716852e-18, 4.85986476976e-18, 4.97906604552e-18, 5.98669279998e-18, 8.75449330992e-18, 7.25093786383e-18, 8.7822394292e-18, 1.07591398818e-17, 1.2467223179e-17, 1.17820512797e-17, 1.41359310247e-17, 1.00026310993e-17, 9.98047258503e-18, 8.25545028328e-18, 6.42975844662e-18, 3.98110448293e-18, 2.27365149739e-18, 1.00012205495e-18, 2.55715364197e-19, 2.46330541321e-20],
        "var": [0.945933520794, 31.5284385681, 66.4023361206, 209.824478149, 1015.3303833, 1041.68969727, 502.244903564, 436.410766602, 1120.66149902, 1189.19128418, 316.817810059, 855.038269043, 1245.98571777, 4487.77832031, 1313.26452637, 1209.82702637, 1108.8248291, 1156.94946289, 1138.45007324, 2820.79638672, 1367.21862793, 934.683532715, 489.972198486, 614.322631836, 489.886444092, 537.039367676, 625.306762695, 413.150360107, 382.258575439, 287.067352295, 189.702697754, 115.477836609, 51.0700721741, 20.0612754822, 4.82178211212, 0.721392154694, 0.120800554752, 0.00669784517959, 4.67010759166e-05, 1.42008866888e-08]
    },
    "gfcc": {
        "mean": [7.44835090637, 74.3848114014, -106.053764343, 33.3562545776, -53.3668823242, 23.2064685822, -32.8300018311, 10.0503311157, -22.2607727051, 4.86358261108, -16.9371299744, 4.56837892532, -8.29047298431],
        "cov": [[32783.6328125, -2734.51904297, 549.019042969, 2836.11401367, -974.056762695, 1399.03491211, -871.376464844, 935.423522949, -758.812866211, 368.851165771, -246.255081177, 709.85168457, -288.958435059], [-2734.51904297, 2794.26513672, -627.102416992, -637.940979004, 270.336212158, -491.804626465, 243.68321228, -373.61340332, 152.181488037, -243.301773071, 65.586730957, -260.757629395, 157.097244263], [549.019042969, -627.102416992, 936.127319336, 235.005218506, 40.8163108826, 223.425262451, 25.4705219269, 195.993774414, 1.26380491257, 123.849601746, 14.7053203583, 133.991821289, -41.6039733887], [2836.11401367, -637.940979004, 235.005218506, 687.94152832, 32.9440917969, 266.956329346, -5.24396276474, 184.473495483, -19.243144989, 82.0037994385, 32.446521759, 95.8620986938, -14.6603794098], [-974.056762695, 270.336212158, 40.8163108826, 32.9440917969, 416.237548828, 6.21011304855, 173.293228149, -30.104724884, 104.333076477, 5.34291648865, 63.063949585, -22.3733787537, 55.9396018982], [1399.03491211, -491.804626465, 223.425262451, 266.956329346, 6.21011304855, 333.659606934, 21.6479072571, 145.071426392, -13.3727817535, 65.2455215454, 5.05133152008, 70.5359725952, -15.9449319839], [-871.376464844, 243.68321228, 25.4705219269, -5.24396276474, 173.293228149, 21.6479072571, 253.580581665, 50.162399292, 100.422973633, -3.4316239357, 51.5209350586, -4.53579044342, 43.7555122375], [935.423522949, -373.61340332, 195.993774414, 184.473495483, -30.104724884, 145.071426392, 50.162399292, 245.867385864, 45.3474311829, 72.0913772583, 12.8148107529, 90.5596923828, -7.44028186798], [-758.812866211, 152.181488037, 1.26380491257, -19.243144989, 104.333076477, -13.3727817535, 100.422973633, 45.3474311829, 152.524978638, 32.2624359131, 46.9661521912, -1.92125916481, 31.3865623474], [368.851165771, -243.301773071, 123.849601746, 82.0037994385, 5.34291648865, 65.2455215454, -3.4316239357, 72.0913772583, 32.2624359131, 140.711547852, 53.5547409058, 56.6107330322, -3.49501872063], [-246.255081177, 65.586730957, 14.7053203583, 32.446521759, 63.063949585, 5.05133152008, 51.5209350586, 12.8148107529, 46.9661521912, 53.5547409058, 107.551132202, 32.61302948, 29.3503265381], [709.85168457, -260.757629395, 133.991821289, 95.8620986938, -22.3733787537, 70.5359725952, -4.53579044342, 90.5596923828, -1.92125916481, 56.6107330322, 32.61302948, 115.464317322, 19.0616130829], [-288.958435059, 157.097244263, -41.6039733887, -14.6603794098, 55.9396018982, -15.9449319839, 43.7555122375, -7.44028186798, 31.3865623474, -3.49501872063, 29.3503265381, 19.0616130829, 86.8040618896]],
        "icov": [[8.79067374626e-05, -0.000136106653372, 0.000105269631604, -0.000336463650456, 4.59156981378e-05, -0.000165040415595, 0.000186947159818, -0.000118988929898, 0.000273161771474, -0.000201181988814, 0.000343897729181, -0.000516883446835, 0.000258598010987], [-0.000136106653372, 0.00106269586831, -0.000113256908662, 0.000791501777712, -8.92563111847e-05, 0.000736561138183, -0.000727320380975, 0.000463569944259, -0.000689486681949, 0.0011013263138, -0.00132032274269, 0.0019000491593, -0.00137493060902], [0.000105269631604, -0.000113256908662, 0.00172611209564, -0.00036536535481, -0.000415323738707, -0.000586788519286, 5.4426578572e-05, -0.000522202288266, 0.000537466607057, -0.000885529967491, 0.000936319294851, -0.00194727210328, 0.0012896892149], [-0.000336463650456, 0.000791501777712, -0.00036536535481, 0.00382195785642, -0.000855162972584, -0.000579489045776, -0.000104958489828, -0.000859340128954, -0.000333964591846, 0.00115820916835, -0.00248357979581, 0.00228337710723, -0.0011524889851], [4.59156981378e-05, -8.92563111847e-05, -0.000415323738707, -0.000855162972584, 0.00435631442815, -0.000335122604156, -0.00221717776731, 0.00204293290153, -0.00159011525102, -0.000244371243753, -0.00027001881972, 0.000408634456107, -0.00103862257674], [-0.000165040415595, 0.000736561138183, -0.000586788519286, -0.000579489045776, -0.000335122604156, 0.00601351633668, -0.0013249743497, -0.00123899872415, 0.000692082277965, -0.000254470127402, -0.000229762459639, 0.00136471155565, -0.00086174660828], [0.000186947159818, -0.000727320380975, 5.4426578572e-05, -0.000104958489828, -0.00221717776731, -0.0013249743497, 0.00850537512451, -0.00322174443863, -0.00138775887899, 0.00169357529376, -0.00161612825468, 0.000132679997478, -0.000343760912074], [-0.000118988929898, 0.000463569944259, -0.000522202288266, -0.000859340128954, 0.00204293290153, -0.00123899872415, -0.00322174443863, 0.0107317361981, -0.0046211052686, -0.000933412462473, 0.00251503125764, -0.00482251401991, 0.00121115846559], [0.000273161771474, -0.000689486681949, 0.000537466607057, -0.000333964591846, -0.00159011525102, 0.000692082277965, -0.00138775887899, -0.0046211052686, 0.013315805234, -0.00344267906621, -0.00110856443644, 0.00166530371644, -0.00113056087866], [-0.000201181988814, 0.0011013263138, -0.000885529967491, 0.00115820916835, -0.000244371243753, -0.000254470127402, 0.00169357529376, -0.000933412462473, -0.00344267906621, 0.0140537330881, -0.00751493824646, -0.000242239882937, 0.00069016776979], [0.000343897729181, -0.00132032274269, 0.000936319294851, -0.00248357979581, -0.00027001881972, -0.000229762459639, -0.00161612825468, 0.00251503125764, -0.00110856443644, -0.00751493824646, 0.0186624433845, -0.00770782819018, 0.000206302298466], [-0.000516883446835, 0.0019000491593, -0.00194727210328, 0.00228337710723, 0.000408634456107, 0.00136471155565, 0.000132679997478, -0.00482251401991, 0.00166530371644, -0.000242239882937, -0.00770782819018, 0.0233922470361, -0.00934237148613], [0.000258598010987, -0.00137493060902, 0.0012896892149, -0.0011524889851, -0.00103862257674, -0.00086174660828, -0.000343760912074, 0.00121115846559, -0.00113056087866, 0.00069016776979, 0.000206302298466, -0.00934237148613, 0.0184993278235]]
    },
    "melbands": {
        "dmean": [0.00286820856854, 0.00183314888272, 0.00111298682168, 0.000956325267907, 0.000352983013727, 0.000192928957404, 0.000160612020409, 9.90379048744e-05, 5.33006532351e-05, 6.90230590408e-05, 6.56435950077e-05, 7.48670790927e-05, 4.60233786725e-05, 4.87647885166e-05, 3.12588672386e-05, 2.68103922281e-05, 2.12061750062e-05, 2.29878241953e-05, 1.84152413567e-05, 1.74644828803e-05, 1.88248432096e-05, 1.2385116861e-05, 9.82286655926e-06, 8.36815070215e-06, 6.92938192515e-06, 6.84967653797e-06, 5.55391216039e-06, 5.39692473467e-06, 4.94889900438e-06, 4.51253981737e-06, 4.36407844973e-06, 4.24664176535e-06, 3.77713581656e-06, 3.26256758854e-06, 2.79709024653e-06, 2.34191520576e-06, 2.14631745621e-06, 1.74903391326e-06, 1.37790084409e-06, 1.23039023947e-06],
        "dmean2": [0.00458299322054, 0.00288359425031, 0.00185578525998, 0.00159417255782, 0.000608809466939, 0.000325701403199, 0.000261989451246, 0.000154244829901, 8.4295104898e-05, 0.000107391046186, 0.000102140198578, 0.000112414112664, 7.42017582525e-05, 7.79014662839e-05, 5.1438491937e-05, 4.41441261501e-05, 3.48297471646e-05, 3.76451389457e-05, 2.97561236948e-05, 2.80578096863e-05, 3.16448968078e-05, 2.0724530259e-05, 1.6177946236e-05, 1.39286048579e-05, 1.14728727567e-05, 1.12875477498e-05, 9.24679716263e-06, 8.81686446519e-06, 8.18387707113e-06, 7.59073782319e-06, 7.32965418138e-06, 6.95614926371e-06, 6.11418636254e-06, 5.30503984919e-06, 4.52761696579e-06, 3.7835875446e-06, 3.39446523867e-06, 2.84578050014e-06, 2.22208404921e-06, 2.00031900022e-06],
        "dvar": [2.64191548922e-05, 1.11257932076e-05, 4.99778843732e-06, 5.93563572693e-06, 7.50078640976e-07, 1.43217647519e-07, 9.42645357327e-08, 4.19359693637e-08, 6.12532735644e-09, 1.10262563524e-08, 1.00071666509e-08, 1.8901326726e-08, 6.8567573841e-09, 9.52223633277e-09, 3.53111717644e-09, 2.2985680026e-09, 1.36448086163e-09, 1.59661395216e-09, 1.12298970123e-09, 1.22243892786e-09, 8.7515111824e-10, 4.7013465343e-10, 2.58876475812e-10, 2.02175942654e-10, 1.84967971495e-10, 1.47528850247e-10, 9.8336054577e-11, 1.10753038685e-10, 8.14773179481e-11, 8.8363170947e-11, 5.35702836257e-11, 5.35244383537e-11, 4.01557502527e-11, 3.48351382462e-11, 2.55079863481e-11, 1.66902863058e-11, 1.33025587074e-11, 9.40127056065e-12, 6.64106616921e-12, 5.09738562124e-12],
        "dvar2": [7.13643748895e-05, 2.71745902864e-05, 1.38263631015e-05, 1.466914091e-05, 2.12802865462e-06, 4.04035716883e-07, 2.38158747834e-07, 1.00323944707e-07, 1.46469911755e-08, 2.61787178601e-08, 2.34316051007e-08, 3.48754163326e-08, 1.51222145917e-08, 2.1381918458e-08, 8.72421068721e-09, 6.18143225495e-09, 3.25453286543e-09, 3.71597330684e-09, 2.44751663381e-09, 2.35097696866e-09, 2.3603468069e-09, 1.19472509663e-09, 6.12682349299e-10, 5.00146368765e-10, 4.47286235827e-10, 3.66181279743e-10, 2.50639509147e-10, 2.55967164131e-10, 1.99383856647e-10, 2.39439773564e-10, 1.41853959135e-10, 1.30085470174e-10, 1.00115173096e-10, 8.09003281033e-11, 6.28296997762e-11, 4.04670220944e-11, 3.22982508794e-11, 2.3828406262e-11, 1.67723630123e-11, 1.30658296682e-11],
        "max": [0.0555105507374, 0.0516783334315, 0.0234313402325, 0.0293498709798, 0.0122441546991, 0.00504451896995, 0.00727006234229, 0.00446854671463, 0.00154263712466, 0.00200686627068, 0.00159830995835, 0.00304181477986, 0.00446875533089, 0.00431127892807, 0.00218170485459, 0.0021750528831, 0.000904720742255, 0.00102915486787, 0.00122390512843, 0.00159031280782, 0.000435650465079, 0.000710127933417, 0.00048011392937, 0.000360500300303, 0.000662879785523, 0.000389342923881, 0.000245645263931, 0.000380075100111, 0.000407187937526, 0.000370523513993, 0.000221008973313, 0.000253933743807, 0.000168509563082, 0.000204840107472, 0.000104572616692, 7.57706002332e-05, 6.67099084239e-05, 5.14647945238e-05, 6.09889611951e-05, 5.26332987647e-05],
        "mean": [0.00584416696802, 0.00357628194615, 0.00170186290052, 0.00122101383749, 0.000510298763402, 0.000336094555678, 0.000296642829198, 0.000197470493731, 0.000117859584861, 0.000157032089191, 0.000145438287291, 0.000169946069946, 9.26500724745e-05, 9.27681321627e-05, 5.99808881816e-05, 5.27978299942e-05, 4.16918082919e-05, 4.17258452217e-05, 3.67952670786e-05, 3.68290930055e-05, 3.74504088541e-05, 2.61065360974e-05, 2.07606080949e-05, 1.71831179614e-05, 1.49000961756e-05, 1.45028416227e-05, 1.1607495253e-05, 1.15948942039e-05, 1.0529201063e-05, 9.81891298579e-06, 9.30195164983e-06, 9.52790287556e-06, 8.55103735375e-06, 7.37003847462e-06, 6.29328997093e-06, 5.60895705348e-06, 5.13048053108e-06, 4.085641649e-06, 3.27017664858e-06, 2.71637804872e-06],
        "median": [0.00262745749205, 0.00157698383555, 0.000716666691005, 0.000422844226705, 0.000259441381786, 0.000182514762855, 0.000136664413731, 9.52294067247e-05, 7.3905204772e-05, 8.26053146739e-05, 8.36243489175e-05, 7.60501716286e-05, 6.07312722423e-05, 4.93987536174e-05, 4.01409379265e-05, 3.48921021214e-05, 2.73601981462e-05, 2.70725704468e-05, 2.4087365091e-05, 2.09803602047e-05, 2.08573710552e-05, 1.34881756821e-05, 1.25107007989e-05, 1.12168154374e-05, 9.95931350189e-06, 9.25093445403e-06, 7.20855769032e-06, 7.03816021996e-06, 7.04225203663e-06, 5.70868814975e-06, 5.71301143282e-06, 5.54745565751e-06, 4.96507618664e-06, 4.14067017118e-06, 3.21799780068e-06, 2.95004952022e-06, 2.27354757953e-06, 1.76946753072e-06, 1.45237413562e-06, 1.22917867884e-06],
        "min": [2.11019774457e-25, 1.6414243993e-24, 2.09730780668e-24, 1.10832137006e-24, 1.57948826722e-24, 2.00675604109e-24, 2.13410244867e-24, 2.01434527743e-24, 3.74339427532e-24, 3.92410732035e-24, 1.64738335597e-24, 3.44223479184e-24, 2.78508131449e-24, 2.61191037136e-24, 3.02309406023e-24, 3.39748665699e-24, 3.1833326149e-24, 3.1679103842e-24, 3.51218939919e-24, 4.32720577659e-24, 4.267415642e-24, 3.93582427137e-24, 3.66996355239e-24, 4.51730074436e-24, 4.15489252248e-24, 3.34687215802e-24, 5.26650166757e-24, 3.95208387792e-24, 4.109654505e-24, 5.31350673347e-24, 4.86705327074e-24, 6.48428281304e-24, 5.81411194747e-24, 5.14556771308e-24, 7.13146114424e-24, 5.47894309264e-24, 5.29498388498e-24, 5.65738382383e-24, 6.36465797322e-24, 5.98107593578e-24],
        "var": [5.94562588958e-05, 2.41465131694e-05, 6.63216724206e-06, 6.80772245687e-06, 6.99784891367e-07, 2.06069898923e-07, 2.36223158367e-07, 1.06183762227e-07, 2.02142356187e-08, 4.13437284408e-08, 3.33397345287e-08, 8.52349018032e-08, 1.45222625036e-08, 2.45645228603e-08, 7.30970661778e-09, 5.26541432677e-09, 3.68612140811e-09, 3.44836981192e-09, 2.91615354087e-09, 3.80091691454e-09, 2.06818251414e-09, 1.22744792108e-09, 6.83550493985e-10, 4.778424878e-10, 4.53093729202e-10, 4.14137502069e-10, 2.42936087913e-10, 2.85389434307e-10, 2.23413509914e-10, 2.57060261966e-10, 1.42473671749e-10, 1.55914434141e-10, 1.11208597886e-10, 9.21211162908e-11, 6.8559255495e-11, 5.13653251877e-11, 4.71672111091e-11, 2.91933387186e-11, 1.94154258643e-11, 1.37837605912e-11]
    },
    "mfcc": {
        "mean": [-624.58380127, 100.378349304, 9.7784986496, 17.2830657959, 6.33225393295, 11.8827819824, 3.72206234932, 6.71968173981, 3.44903111458, 2.37799978256, -1.34714770317, -0.321863412857, 0.696769952774],
        "cov": [[15743.1181641, -616.145141602, 714.853820801, 916.494384766, 429.589782715, 512.729553223, 208.513824463, 503.605743408, 131.255508423, -130.161483765, -51.0919342041, 182.169815063, 138.405029297], [-616.145141602, 1888.58398438, -286.100616455, -26.9905490875, -39.3918838501, -19.2994632721, 41.8295211792, -66.6666564941, -7.87518310547, -16.1070480347, -35.2049293518, -76.4494857788, -25.6857738495], [714.853820801, -286.100616455, 532.050048828, 96.7219772339, 57.2261009216, 40.6195526123, 31.2553539276, 62.9731864929, 13.3121423721, 17.5645885468, 38.1349563599, 52.3800315857, 20.571767807], [916.494384766, -26.9905490875, 96.7219772339, 322.978759766, 102.421134949, 76.3374252319, 70.5276260376, 77.8428421021, 55.8332672119, 31.4822788239, 34.7619018555, 48.5539093018, 45.3096885681], [429.589782715, -39.3918838501, 57.2261009216, 102.421134949, 212.92376709, 108.459068298, 57.887348175, 45.413356781, 32.6859588623, 37.622543335, 15.3274822235, 20.7792034149, 35.4959716797], [512.729553223, -19.2994632721, 40.6195526123, 76.3374252319, 108.459068298, 193.314666748, 92.9997558594, 38.2567863464, 28.8084850311, 30.4528942108, 17.8745880127, 17.1797275543, 18.7025661469], [208.513824463, 41.8295211792, 31.2553539276, 70.5276260376, 57.887348175, 92.9997558594, 146.729629517, 77.1776275635, 45.7218322754, 33.1357040405, 30.1296310425, 30.374370575, 15.8146381378], [503.605743408, -66.6666564941, 62.9731864929, 77.8428421021, 45.413356781, 38.2567863464, 77.1776275635, 166.896057129, 90.9264984131, 30.1252269745, 29.680305481, 42.648815155, 21.5558509827], [131.255508423, -7.87518310547, 13.3121423721, 55.8332672119, 32.6859588623, 28.8084850311, 45.7218322754, 90.9264984131, 126.838951111, 53.9980239868, 20.8756961823, 31.4848155975, 33.9090957642], [-130.161483765, -16.1070480347, 17.5645885468, 31.4822788239, 37.622543335, 30.4528942108, 33.1357040405, 30.1252269745, 53.9980239868, 95.40259552, 46.0285339355, 23.3692512512, 24.8723583221], [-51.0919342041, -35.2049293518, 38.1349563599, 34.7619018555, 15.3274822235, 17.8745880127, 30.1296310425, 29.680305481, 20.8756961823, 46.0285339355, 100.520195007, 56.1796302795, 11.644742012], [182.169815063, -76.4494857788, 52.3800315857, 48.5539093018, 20.7792034149, 17.1797275543, 30.374370575, 42.648815155, 31.4848155975, 23.3692512512, 56.1796302795, 96.0921020508, 41.2326164246], [138.405029297, -25.6857738495, 20.571767807, 45.3096885681, 35.4959716797, 18.7025661469, 15.8146381378, 21.5558509827, 33.9090957642, 24.8723583221, 11.644742012, 41.2326164246, 94.2705917358]],
