{
"lowlevel": {
    "average_loudness": 0.940637767315,
    "barkbands_crest": {
        "dmean": 2.89966273308,
        "dmean2": 4.56126832962,
        "dvar": 7.62373876572,
        "dvar2": 19.1833362579,
        "max": 26.4767570496,
        "mean": 11.3672866821,
        "median": 10.4241695404,
        "min": 2.17183876038,
        "var": 25.8129463196
    },
    "barkbands_flatness_db": {
        "dmean": 0.0274655129761,
        "dmean2": 0.0432380475104,
        "dvar": 0.00097367039416,
        "dvar2": 0.00227554072626,
        "max": 0.743536829948,
        "mean": 0.120969757438,
        "median": 0.0992039963603,
        "min": 0.0155660379678,
        "var": 0.00598855968565
    },
    "barkbands_kurtosis": {
        "dmean": 4.25895452499,
        "dmean2": 6.86930513382,
        "dvar": 1553.60205078,
        "dvar2": 4238.953125,
        "max": 2540.39892578,
        "mean": 4.48095226288,
        "median": 0.256000518799,
        "min": -1.92647027969,
        "var": 1396.67529297
    },
    "barkbands_skewness": {
        "dmean": 0.602615892887,
        "dmean2": 0.944315552711,
        "dvar": 0.899519145489,
        "dvar2": 2.18879890442,
        "max": 27.6653957367,
        "mean": 1.30331003666,
        "median": 1.00378274918,
        "min": -3.05214095116,
        "var": 2.39685559273
    },
    "barkbands_spread": {
        "dmean": 8.24810218811,
        "dmean2": 12.83893013,
        "dvar": 98.3520965576,
        "dvar2": 226.884307861,
        "max": 114.909622192,
        "mean": 33.5358657837,
        "median": 33.1578102112,
        "min": 0.0436105728149,
        "var": 291.361083984
    },
    "dissonance": {
        "dmean": 0.0181678850204,
        "dmean2": 0.0303919315338,
        "dvar": 0.000573235680349,
        "dvar2": 0.00156418338884,
        "max": 0.5,
        "mean": 0.465591132641,
        "median": 0.475339263678,
        "min": 0.125266909599,
        "var": 0.00110315042548
    },
    "dynamic_complexity": 3.0479414463,
    "erbbands_crest": {
        "dmean": 2.57309150696,
        "dmean2": 4.15941143036,
        "dvar": 8.11620807648,
        "dvar2": 20.7094173431,
        "max": 33.8027572632,
        "mean": 9.76675701141,
        "median": 8.44438648224,
        "min": 2.15330457687,
        "var": 28.533405304
    },
    "erbbands_flatness_db": {
        "dmean": 0.0195571035147,
        "dmean2": 0.0290313102305,
        "dvar": 0.000529290991835,
        "dvar2": 0.00114769255742,
        "max": 0.564666628838,
        "mean": 0.149025201797,
        "median": 0.130780637264,
        "min": 0.0514773353934,
        "var": 0.00485318526626
    },
    "erbbands_kurtosis": {
        "dmean": 1.44933927059,
        "dmean2": 2.34043169022,
        "dvar": 30.873500824,
        "dvar2": 74.1779632568,
        "max": 195.695251465,
        "mean": 1.40102446079,
        "median": 0.155817747116,
        "min": -1.91496431828,
        "var": 55.7332839966
    },
    "erbbands_skewness": {
        "dmean": 0.361873090267,
        "dmean2": 0.555595040321,
        "dvar": 0.27385032177,
        "dvar2": 0.645407319069,
        "max": 11.886341095,
        "mean": 0.352032572031,
        "median": 0.299117177725,
        "min": -4.16175794601,
        "var": 1.07620370388
    },
    "erbbands_spread": {
        "dmean": 8.77988243103,
        "dmean2": 13.3453264236,
        "dvar": 151.945129395,
        "dvar2": 358.506835938,
        "max": 195.074752808,
        "mean": 39.441783905,
        "median": 34.4940071106,
        "min": 0.775786161423,
        "var": 473.336120605
    },
    "hfc": {
        "dmean": 11.1200742722,
        "dmean2": 18.0594081879,
        "dvar": 250.726287842,
        "dvar2": 627.838439941,
        "max": 164.665267944,
        "mean": 36.202041626,
        "median": 33.5674743652,
        "min": 1.10087568518e-16,
        "var": 682.949890137
    },
    "melbands_crest": {
        "dmean": 3.71363425255,
        "dmean2": 5.84079694748,
        "dvar": 12.7587451935,
        "dvar2": 30.9201908112,
        "max": 36.4843902588,
        "mean": 17.257183075,
        "median": 16.7889518738,
        "min": 1.891710639,
        "var": 44.3064689636
    },
    "melbands_flatness_db": {
        "dmean": 0.0326992124319,
        "dmean2": 0.0517752729356,
        "dvar": 0.00134238903411,
        "dvar2": 0.00318658864126,
        "max": 0.902839362621,
        "mean": 0.172689348459,
        "median": 0.153936475515,
        "min": 0.00591394398361,
        "var": 0.00663606030867
    },
    "melbands_kurtosis": {
        "dmean": 10.157752037,
        "dmean2": 15.7528648376,
        "dvar": 1740.66162109,
        "dvar2": 4079.26269531,
        "max": 1353.50390625,
        "mean": 16.3171367645,
        "median": 5.50629901886,
        "min": -1.86004114151,
        "var": 2992.3894043
    },
    "melbands_skewness": {
        "dmean": 0.837759852409,
        "dmean2": 1.28754258156,
        "dvar": 1.53939890862,
        "dvar2": 3.56742048264,
        "max": 28.7726230621,
        "mean": 2.66341042519,
        "median": 2.16252613068,
        "min": -2.33089733124,
        "var": 5.21641349792
    },
    "melbands_spread": {
        "dmean": 10.6920137405,
        "dmean2": 17.5833377838,
        "dvar": 165.294235229,
        "dvar2": 425.178161621,
        "max": 233.321258545,
        "mean": 33.9937667847,
        "median": 30.7178249359,
        "min": 0.172460436821,
        "var": 438.652709961
    },
    "pitch_salience": {
        "dmean": 0.0833800286055,
        "dmean2": 0.131863161922,
        "dvar": 0.00687123648822,
        "dvar2": 0.0175717622042,
        "max": 0.926821231842,
        "mean": 0.475774884224,
        "median": 0.476755440235,
        "min": 0.0304349400103,
        "var": 0.0163925681263
    },
    "silence_rate_20dB": {
        "dmean": 0,
        "dmean2": 0,
        "dvar": 0,
        "dvar2": 0,
        "max": 1,
        "mean": 1,
        "median": 1,
        "min": 1,
        "var": 0
    },
    "silence_rate_30dB": {
        "dmean": 0.00484408112243,
        "dmean2": 0.00968962907791,
        "dvar": 0.00482025928795,
        "dvar2": 0.0108056729659,
        "max": 1,
        "mean": 0.992734968662,
        "median": 1,
        "min": 0,
        "var": 0.007212666329
    },
    "silence_rate_60dB": {
        "dmean": 0.00968816224486,
        "dmean2": 0.0193792581558,
        "dvar": 0.00959502346814,
        "dvar2": 0.0208231434226,
        "max": 1,
        "mean": 0.0496443174779,
        "median": 0,
        "min": 0,
        "var": 0.0471831224859
    },
    "spectral_centroid": {
        "dmean": 297.438262939,
        "dmean2": 483.040863037,
        "dvar": 145890.609375,
        "dvar2": 353283.59375,
        "max": 11294.7089844,
        "mean": 1932.61096191,
        "median": 1906.70568848,
        "min": 73.6787261963,
        "var": 564316.8125
    },
    "spectral_complexity": {
        "dmean": 4.81713581085,
        "dmean2": 8.06389141083,
        "dvar": 32.4136314392,
        "dvar2": 82.8959960938,
        "max": 54,
        "mean": 21.5024967194,
        "median": 22,
        "min": 0,
        "var": 123.015708923
    },
    "spectral_decrease": {
        "dmean": 2.03504990637e-09,
        "dmean2": 3.06187608601e-09,
        "dvar": 7.54407578366e-18,
        "dvar2": 1.71309816235e-17,
        "max": 1.63584613542e-28,
        "mean": -7.28419058404e-09,
        "median": -6.87472478944e-09,
        "min": -4.54889601542e-08,
        "var": 2.49494299076e-17
    },
    "spectral_energy": {
        "dmean": 0.00810611527413,
        "dmean2": 0.012160631828,
        "dvar": 0.0001140331442,
        "dvar2": 0.000255720951827,
        "max": 0.173655495048,
        "mean": 0.0307757817209,
        "median": 0.0294965878129,
        "min": 1.01882131604e-20,
        "var": 0.000406811595894
    },
    "spectral_energyband_high": {
        "dmean": 0.00109791837167,
        "dmean2": 0.00179112586193,
        "dvar": 2.66797974291e-06,
        "dvar2": 6.64753770252e-06,
        "max": 0.018226986751,
        "mean": 0.00245393952355,
        "median": 0.00181645480916,
        "min": 7.05328426492e-21,
        "var": 5.61814977118e-06
    },
    "spectral_energyband_low": {
        "dmean": 0.00558613380417,
        "dmean2": 0.00837107934058,
        "dvar": 7.71951890783e-05,
        "dvar2": 0.00017683574697,
        "max": 0.165129482746,
        "mean": 0.0123437941074,
        "median": 0.0093945749104,
        "min": 1.22616429142e-23,
        "var": 0.000216612606891
    },
    "spectral_energyband_middle_high": {
        "dmean": 0.00196342146955,
        "dmean2": 0.00317659648135,
        "dvar": 6.29866053714e-06,
        "dvar2": 1.4953054233e-05,
        "max": 0.0336929112673,
        "mean": 0.0084556536749,
        "median": 0.00735867163166,
        "min": 1.37217439544e-21,
        "var": 4.36175578216e-05
    },
    "spectral_energyband_middle_low": {
        "dmean": 0.00434004515409,
        "dmean2": 0.0069692065008,
        "dvar": 8.49266652949e-05,
        "dvar2": 0.000209109784919,
        "max": 0.135209769011,
        "mean": 0.00837031472474,
        "median": 0.00546592986211,
        "min": 1.8646492019e-22,
        "var": 0.000100155200926
    },
    "spectral_entropy": {
        "dmean": 0.221659913659,
        "dmean2": 0.347097396851,
        "dvar": 0.0739076957107,
        "dvar2": 0.173560142517,
        "max": 9.81498336792,
        "mean": 7.77378559113,
        "median": 7.90887069702,
        "min": 3.34333515167,
        "var": 0.331823498011
    },
    "spectral_flux": {
        "dmean": 0.0302481930703,
        "dmean2": 0.0479049310088,
        "dvar": 0.000969427172095,
        "dvar2": 0.00197857315652,
        "max": 0.416490077972,
        "mean": 0.0900293588638,
        "median": 0.0843371897936,
        "min": 6.73772634907e-11,
        "var": 0.00270700524561
    },
    "spectral_kurtosis": {
        "dmean": 1.08940672874,
        "dmean2": 1.75858962536,
        "dvar": 39.3107452393,
        "dvar2": 80.0820236206,
        "max": 415.559997559,
        "mean": 3.28718304634,
        "median": 2.67877388,
        "min": -1.23573720455,
        "var": 69.864151001
    },
    "spectral_rms": {
        "dmean": 0.000688607164193,
        "dmean2": 0.00101832242217,
        "dvar": 6.1133488316e-07,
        "dvar2": 1.29910347368e-06,
        "max": 0.0130161438137,
        "mean": 0.00511940615252,
        "median": 0.00536443432793,
        "min": 3.15273219857e-12,
        "var": 3.81677227779e-06
    },
    "spectral_rolloff": {
        "dmean": 868.029052734,
        "dmean2": 1470.70153809,
        "dvar": 1775197.75,
        "dvar2": 4273630,
        "max": 19099.9511719,
        "mean": 2314.24536133,
        "median": 1894.921875,
        "min": 64.599609375,
        "var": 3266402.75
    },
    "spectral_skewness": {
        "dmean": 0.166634336114,
        "dmean2": 0.253283560276,
        "dvar": 0.116389647126,
        "dvar2": 0.264438122511,
        "max": 18.4889335632,
        "mean": 1.36911165714,
        "median": 1.3421216011,
        "min": -0.960477173328,
        "var": 0.30708155036
    },
    "spectral_spread": {
        "dmean": 717293.9375,
        "dmean2": 1040162.6875,
        "dvar": 752134455296,
        "dvar2": 1.53024633242e+12,
        "max": 41252492,
        "mean": 5852747,
        "median": 5715740.5,
        "min": 535398,
        "var": 3.85139474432e+12
    },
    "spectral_strongpeak": {
        "dmean": 0.610604465008,
        "dmean2": 1.07064282894,
        "dvar": 1.66966867447,
        "dvar2": 4.19261550903,
        "max": 16.85364151,
        "mean": 1.02490484715,
        "median": 0.405178934336,
        "min": 0,
        "var": 2.32269716263
    },
    "zerocrossingrate": {
        "dmean": 0.0152361337095,
        "dmean2": 0.0185372401029,
        "dvar": 0.000273753306828,
        "dvar2": 0.000357015465852,
        "max": 0.67333984375,
        "mean": 0.087014272809,
        "median": 0.083984375,
        "min": 0.00244140625,
        "var": 0.00193978997413
    },
    "barkbands": {
        "dmean": [0.000200650276383, 0.00475415680557, 0.00154950923752, 0.00141330761835, 0.00229369220324, 0.000671417394187, 0.000504792784341, 0.000447929633083, 0.000427000923082, 0.000507833028678, 0.000513190461788, 0.000562839908525, 0.000433817942394, 0.000419220537879, 0.000397802185034, 0.000361097540008, 0.000397815631004, 0.000277529674349, 0.000256101659033, 0.000232255159062, 0.000217160966713, 0.000236724314163, 0.000199537564185, 0.000200601061806, 0.000206912212889, 0.000119868913316, 2.09124209505e-05],
        "dmean2": [0.000265997776296, 0.00690577737987, 0.0024992460385, 0.00252368859947, 0.00379744614474, 0.00110750680324, 0.000780475558713, 0.000672460766509, 0.000653464579955, 0.000761405273806, 0.000781789189205, 0.000891607312951, 0.000687532243319, 0.000655391719192, 0.000627165893093, 0.000584414810874, 0.000672170950565, 0.00045774190221, 0.000429211446317, 0.00039187411312, 0.000360741978511, 0.000386164058, 0.000312930031214, 0.000328098365571, 0.000339484337019, 0.000196210676222, 3.44214895449e-05],
        "dvar": [1.97142057345e-07, 6.08073751209e-05, 2.16517328226e-05, 1.98695506697e-05, 4.51063860964e-05, 5.79342304263e-06, 1.24316750316e-06, 9.10152209599e-07, 6.73413808272e-07, 9.23930940644e-07, 1.10491748728e-06, 1.23348092984e-06, 8.77385502918e-07, 7.05962122538e-07, 6.2619972141e-07, 4.90271020226e-07, 5.51795722004e-07, 3.06519950755e-07, 2.62935998308e-07, 1.70784076658e-07, 1.12517746231e-07, 1.24296860804e-07, 8.61762572413e-08, 1.32559819122e-07, 1.53422845983e-07, 3.56108138533e-08, 1.26080568208e-09],
        "dvar2": [3.90787107563e-07, 0.000136084054247, 5.42875895917e-05, 5.61063534406e-05, 0.000113314614282, 1.62582346093e-05, 2.86567887997e-06, 1.85961539501e-06, 1.3794951883e-06, 1.81436473667e-06, 2.18891500481e-06, 2.8443703286e-06, 1.96916812456e-06, 1.51171650487e-06, 1.42726514696e-06, 1.16102091852e-06, 1.35118352773e-06, 7.64894878102e-07, 6.55623694001e-07, 4.27233487699e-07, 2.81656610923e-07, 3.10974115791e-07, 1.85249930951e-07, 3.40321662406e-07, 3.80315668735e-07, 8.88705073976e-08, 3.11049452861e-09],
        "max": [0.012672374025, 0.156205430627, 0.111920118332, 0.0877108424902, 0.0902736932039, 0.0470727011561, 0.0223819315434, 0.0282751247287, 0.0186590254307, 0.0223515368998, 0.0305620301515, 0.0204610005021, 0.015347128734, 0.0125148482621, 0.0175926778466, 0.013894341886, 0.0117421494797, 0.00903465226293, 0.0178847592324, 0.0103492857888, 0.0088813751936, 0.00710889184847, 0.0034985432867, 0.00388662121259, 0.00401194021106, 0.00177088123746, 0.000513011065777],
        "mean": [0.0003949070815, 0.00957332737744, 0.00178901257459, 0.0012048445642, 0.00230324990116, 0.00118391017895, 0.0011059823446, 0.00111186294816, 0.000912068469916, 0.00123774958774, 0.00108351698145, 0.00116092164535, 0.000877925136592, 0.000847515126225, 0.000832793768495, 0.000666563923005, 0.000741116062272, 0.000559554318897, 0.000519304943737, 0.000494474661537, 0.000482576753711, 0.000490338425152, 0.000396613351768, 0.00033773703035, 0.000285698508378, 0.000156658206834, 2.56026505667e-05],
        "median": [5.24054303241e-05, 0.00520888762549, 0.000349384034052, 0.000188888661796, 0.000436533067841, 0.000340636383044, 0.000291834352538, 0.000235376690398, 0.000277751329122, 0.000345981505234, 0.000284373236354, 0.000349555310095, 0.000270946504315, 0.00024912081426, 0.000305108347675, 0.000238642489421, 0.000322530890116, 0.000294916593703, 0.000297411257634, 0.000289707328193, 0.000324951892253, 0.000312950112857, 0.000246057607001, 0.000214475774555, 0.00016360837617, 8.3537241153e-05, 1.11078543341e-05],
        "min": [2.3228770605e-24, 6.36984394481e-24, 8.1014082257e-25, 1.92094335739e-24, 5.61613389267e-24, 1.8452778704e-23, 1.02625857611e-23, 4.25406298788e-24, 4.27935520957e-23, 2.03938829795e-23, 1.50233352917e-23, 3.80230041238e-23, 5.00150309467e-23, 3.66717327248e-23, 7.55391682714e-23, 7.60299407287e-23, 9.37398554291e-23, 1.10834704748e-22, 1.92190169717e-22, 1.45500307393e-22, 2.32399886804e-22, 3.02026163937e-22, 4.44502041729e-22, 5.82449454027e-22, 8.53179347531e-22, 1.40289226044e-21, 2.07200847262e-21],
        "var": [6.72727082929e-07, 0.000159737523063, 2.07329776458e-05, 1.25553851831e-05, 3.942141484e-05, 6.66620826451e-06, 4.1932203203e-06, 4.14128680859e-06, 2.53599432654e-06, 4.29114925282e-06, 4.26662427344e-06, 3.87611726183e-06, 2.50866446549e-06, 2.29863280765e-06, 2.09818722396e-06, 1.50695416323e-06, 1.5502731685e-06, 8.96761207514e-07, 8.11774839349e-07, 5.60379362469e-07, 4.19595295398e-07, 3.35325353262e-07, 1.88320271377e-07, 1.74031185907e-07, 1.70895518181e-07, 4.08367633042e-08, 1.40737743681e-09]
    },
    "erbbands": {
        "dmean": [0.160434484482, 1.03333830833, 1.72365808487, 3.25810956955, 8.39920902252, 5.97898769379, 5.01233148575, 5.76026344299, 6.94704055786, 7.56706380844, 9.40951251984, 10.2671022415, 14.1912078857, 17.1033191681, 19.6127109528, 24.0587596893, 19.3798866272, 21.6369934082, 20.4887466431, 16.2193069458, 19.4087734222, 16.7652549744, 15.1414680481, 12.8342418671, 12.4596261978, 10.3553657532, 9.25677967072, 8.62036323547, 8.52474212646, 7.63737869263, 5.57080745697, 4.3290514946, 3.30336499214, 2.21803069115, 1.49794054031, 0.660285294056, 0.200308993459, 0.0447329543531, 0.00337239191867, 6.14667878835e-05],
        "dmean2": [0.217579513788, 1.52660918236, 2.64877128601, 5.58690977097, 14.0474147797, 10.0368566513, 8.44641113281, 9.44162559509, 10.7174396515, 11.4896917343, 14.1040287018, 15.543258667, 21.693813324, 25.340139389, 30.1323680878, 37.4113044739, 29.9002838135, 33.5301055908, 32.5494422913, 25.5986347198, 31.9612560272, 27.8754272461, 24.885383606, 21.1278152466, 20.9801578522, 17.1631889343, 15.3062772751, 14.2391252518, 14.0132951736, 12.2129669189, 8.62871837616, 7.04872512817, 5.45846939087, 3.62594723701, 2.47225952148, 1.08664512634, 0.326371967793, 0.0732678845525, 0.00556674739346, 9.91503402474e-05],
        "dvar": [0.0800544843078, 3.13514089584, 19.5233078003, 114.601776123, 537.116577148, 388.762817383, 561.243103027, 341.090606689, 245.175430298, 283.113891602, 444.746856689, 471.269592285, 947.544250488, 1270.34228516, 1627.55297852, 2420.50488281, 1568.00891113, 1808.50427246, 1575.51489258, 791.494995117, 1069.66833496, 995.118103027, 969.006347656, 726.792358398, 770.719482422, 329.816680908, 231.217590332, 158.430786133, 184.979827881, 132.323440552, 67.2921905518, 56.7271652222, 35.5154647827, 16.762840271, 7.60442781448, 1.12147045135, 0.107866875827, 0.0052826567553, 3.52326824213e-05, 9.1354879217e-09],
        "dvar2": [0.158871561289, 7.19931411743, 45.6473083496, 312.71307373, 1322.51989746, 1043.51208496, 1544.02001953, 930.963684082, 579.107727051, 590.324707031, 900.500427246, 959.664245605, 1874.97363281, 2364.79785156, 3538.67700195, 5667.21777344, 3343.76953125, 3878.86108398, 3728.06298828, 1753.23181152, 2619.92236328, 2441.23608398, 2408.37084961, 1744.06726074, 2072.20141602, 755.251037598, 575.315429688, 398.274627686, 479.53793335, 310.916015625, 148.212219238, 142.724533081, 90.4779129028, 41.5890045166, 18.9477119446, 2.81288671494, 0.258882045746, 0.0131139522418, 8.76833801158e-05, 2.25347882576e-08],
        "max": [6.55409479141, 30.3420124054, 109.18384552, 214.968734741, 249.943756104, 391.155273438, 484.269348145, 361.734313965, 304.51763916, 588.895446777, 542.057067871, 522.326293945, 869.990600586, 1136.69519043, 1162.52746582, 1052.02612305, 693.331176758, 635.868591309, 963.916015625, 510.586303711, 587.156311035, 697.61328125, 621.978759766, 690.42779541, 1158.82897949, 494.51385498, 497.178924561, 270.381225586, 364.944122314, 201.670913696, 108.558570862, 128.084274292, 62.0951843262, 43.1405906677, 28.569524765, 9.19867610931, 7.13828039169, 0.682249546051, 0.0714333131909, 0.000953642767854],
        "mean": [0.338209956884, 1.87649154663, 2.3759996891, 3.2444729805, 7.48332691193, 5.99718236923, 7.0657491684, 10.3812236786, 15.8890676498, 18.1574020386, 23.6758556366, 23.1639060974, 35.3528709412, 40.7973899841, 43.7874603271, 52.5854148865, 43.3501052856, 48.6456642151, 45.7834510803, 35.5321502686, 39.6602859497, 33.7051048279, 32.7625846863, 28.2316246033, 26.333032608, 22.5905475616, 20.8379821777, 17.8313961029, 17.6193790436, 15.0580730438, 11.0542964935, 7.60068178177, 5.24442863464, 3.26179671288, 1.96671497822, 0.833020508289, 0.264653325081, 0.057250905782, 0.00412196200341, 0.000110496788693],
        "median": [0.125293955207, 1.01952326298, 0.816959857941, 0.86510515213, 1.06374704838, 1.33956480026, 1.93337917328, 2.8911690712, 4.34074020386, 5.36314868927, 6.49861288071, 8.44877338409, 10.7616701126, 14.5619287491, 16.442155838, 18.4567527771, 17.8831119537, 19.5347728729, 19.3525180817, 16.8064556122, 18.7745857239, 17.4290046692, 17.1280059814, 16.2308444977, 15.6216306686, 14.1331644058, 13.7867412567, 12.7338552475, 11.0667114258, 9.26510047913, 6.94455337524, 4.92132425308, 3.27719926834, 1.97020769119, 1.04786849022, 0.415906012058, 0.136037379503, 0.0278755947948, 0.001773012802, 8.03639341029e-05],
        "min": [2.33321326828e-22, 1.22524997323e-21, 2.92857318202e-21, 3.83543778319e-21, 7.4675515022e-21, 1.99569714332e-20, 6.26240476435e-20, 1.49215588912e-19, 7.23389866699e-20, 2.03492983509e-19, 1.47562894973e-19, 7.09203150507e-19, 9.20777132839e-19, 7.65480124988e-19, 1.46082681116e-18, 1.59540299637e-18, 2.18655785749e-18, 2.24731944336e-18, 3.01490851702e-18, 4.69854345721e-18, 5.58249016648e-18, 5.19868580688e-18, 6.44699895853e-18, 9.33036735339e-18, 8.97832755649e-18, 7.76381300467e-18, 8.9857084891e-18, 1.20148612631e-17, 1.08157273075e-17, 1.18371423356e-17, 1.12576708837e-17, 1.08366582858e-17, 9.55129819601e-18, 8.54069193699e-18, 6.58762048985e-18, 5.10498981812e-18, 2.64607964202e-18, 1.11379073319e-18, 2.93868397867e-19, 2.75721043967e-20],
        "var": [0.250722527504, 6.71496963501, 24.3240871429, 80.0377044678, 479.881134033, 298.640014648, 484.405151367, 499.14932251, 794.20916748, 1021.13250732, 2078.22900391, 1646.04541016, 4216.06591797, 5365.68603516, 5961.16796875, 7618.26171875, 5047.22460938, 6080.71484375, 5321.52246094, 2704.09375, 3159.578125, 2713.95288086, 3264.09960938, 2528.12158203, 2471.3137207, 1086.84326172, 945.209350586, 394.495727539, 506.540740967, 324.90927124, 148.797607422, 84.1213989258, 43.7442626953, 19.6240215302, 8.41012573242, 1.2644982338, 0.132755681872, 0.00593418395147, 3.78632394131e-05, 1.22373995382e-08]
    },
    "gfcc": {
        "mean": [15.3306541443, 33.8468475342, -119.176452637, 26.1023178101, -56.4197006226, 23.6675777435, -30.9176826477, 13.9368305206, -20.5140762329, 10.8769187927, -13.2283811569, 8.72140598297, -11.4501934052],
        "cov": [[23002.6445312, 689.892700195, 1620.98657227, 1431.0045166, -24.7068367004, 328.555541992, -511.120391846, 709.062011719, -38.8237190247, 251.612731934, -988.137084961, -356.739562988, -450.213897705], [689.892700195, 1432.35852051, 563.67767334, 385.342346191, 214.42590332, 80.3097839355, 151.523223877, 74.1533279419, 109.541809082, -24.7782878876, 53.0222091675, -71.1015090942, 72.9321365356], [1620.98657227, 563.67767334, 1484.26281738, 730.294433594, 322.36428833, 229.206481934, 56.1306915283, 115.512496948, 11.230506897, -16.0379257202, -123.172866821, -64.4468765259, -64.347984314], [1431.0045166, 385.342346191, 730.294433594, 816.335449219, 378.904205322, 272.63079834, 87.8818817139, 76.787940979, 46.5694122314, -4.19037008286, -80.510093689, -58.7643089294, -26.4769153595], [-24.7068367004, 214.42590332, 322.36428833, 378.904205322, 567.065063477, 367.814819336, 232.851516724, 68.6780776978, 25.1487827301, -25.4303646088, -28.5713272095, 10.1385746002, 9.41496181488], [328.555541992, 80.3097839355, 229.206481934, 272.63079834, 367.814819336, 428.147674561, 244.775527954, 105.413032532, 31.1721496582, -7.73935842514, -27.803850174, 11.2059488297, 8.64358234406], [-511.120391846, 151.523223877, 56.1306915283, 87.8818817139, 232.851516724, 244.775527954, 321.961517334, 128.786560059, 81.9985427856, 5.54372215271, 42.9637527466, 13.5344133377, 27.1200714111], [709.062011719, 74.1533279419, 115.512496948, 76.787940979, 68.6780776978, 105.413032532, 128.786560059, 228.142883301, 130.826202393, 80.2909011841, 13.4972419739, 13.2670183182, 5.81433439255], [-38.8237190247, 109.541809082, 11.230506897, 46.5694122314, 25.1487827301, 31.1721496582, 81.9985427856, 130.826202393, 199.221893311, 116.547668457, 63.9317436218, 18.763086319, 25.8701553345], [251.612731934, -24.7782878876, -16.0379257202, -4.19037008286, -25.4303646088, -7.73935842514, 5.54372215271, 80.2909011841, 116.547668457, 187.123214722, 94.98802948, 26.1849956512, -5.38392972946], [-988.137084961, 53.0222091675, -123.172866821, -80.510093689, -28.5713272095, -27.803850174, 42.9637527466, 13.4972419739, 63.9317436218, 94.98802948, 203.636688232, 90.2348709106, 44.7624588013], [-356.739562988, -71.1015090942, -64.4468765259, -58.7643089294, 10.1385746002, 11.2059488297, 13.5344133377, 13.2670183182, 18.763086319, 26.1849956512, 90.2348709106, 140.609390259, 69.3202056885], [-450.213897705, 72.9321365356, -64.347984314, -26.4769153595, 9.41496181488, 8.64358234406, 27.1200714111, 5.81433439255, 25.8701553345, -5.38392972946, 44.7624588013, 69.3202056885, 130.219406128]],
        "icov": [[0.000130572676426, -0.000206383192562, 0.00012057031563, -0.000230905934586, 0.000245850911597, -0.00019667831657, 0.000289068033453, -0.000573194702156, 0.000528791744728, -0.000662902311888, 0.00095005572075, -0.000524698814843, 0.000360601872671], [-0.000206383192562, 0.00154890096746, -0.000635314965621, 0.000199314948986, -0.00072079745587, 0.000809592660517, -0.000669741653837, 0.00082589982776, -0.00146382395178, 0.00196358980611, -0.00280053843744, 0.00252056051977, -0.00176057440694], [0.00012057031563, -0.000635314965621, 0.00156503554899, -0.00130365160294, 0.00030698403134, -0.000180821472895, 0.000406872073654, -0.00115051469766, 0.00119722704403, -0.000972416426521, 0.00162135402206, -0.00135387328919, 0.00112273904961], [-0.000230905934586, 0.000199314948986, -0.00130365160294, 0.00360774854198, -0.00174456846435, -0.00072026118869, 0.000862630084157, 0.00112481229007, -0.00198690337129, 0.00141606095713, -0.00189504877198, 0.00206671142951, -0.000872029224411], [0.000245850911597, -0.00072079745587, 0.00030698403134, -0.00174456846435, 0.00561956921592, -0.00321435299702, -0.00116164865904, 0.00024515678524, 0.00102747336496, -0.0014877851354, 0.00270425435156, -0.00262005603872, 0.00128824578132], [-0.00019667831657, 0.000809592660517, -0.000180821472895, -0.00072026118869, -0.00321435299702, 0.0082376524806, -0.00460308883339, 5.11201396876e-05, 0.000927165441681, -0.000337694684276, 0.000252423022175, -0.000249228236498, -0.000879484403413], [0.000289068033453, -0.000669741653837, 0.000406872073654, 0.000862630084157, -0.00116164865904, -0.00460308883339, 0.0101905297488, -0.00474230991676, -0.000931951508392, 0.00238618743606, -0.00212767184712, 0.0017496519722, 0.000313695403747], [-0.000573194702156, 0.00082589982776, -0.00115051469766, 0.00112481229007, 0.00024515678524, 5.11201396876e-05, -0.00474230991676, 0.0126530062407, -0.00699602486566, 0.000314239558065, -0.000783030351158, -0.000169706603629, -0.000620176899247], [0.000528791744728, -0.00146382395178, 0.00119722704403, -0.00198690337129, 0.00102747336496, 0.000927165441681, -0.000931951508392, -0.00699602486566, 0.0152093693614, -0.00900419987738, 0.00417915638536, -0.00177941587754, -0.000676866213325], [-0.000662902311888, 0.00196358980611, -0.000972416426521, 0.00141606095713, -0.0014877851354, -0.000337694684276, 0.00238618743606, 0.000314239558065, -0.00900419987738, 0.0169160850346, -0.0117932194844, 0.00499102659523, -8.00303387223e-05], [0.00095005572075, -0.00280053843744, 0.00162135402206, -0.00189504877198, 0.00270425435156, 0.000252423022175, -0.00212767184712, -0.000783030351158, 0.00417915638536, -0.0117932194844, 0.0201317016035, -0.0121199572459, 0.00374867836945], [-0.000524698814843, 0.00252056051977, -0.00135387328919, 0.00206671142951, -0.00262005603872, -0.000249228236498, 0.0017496519722, -0.000169706603629, -0.00177941587754, 0.00499102659523, -0.0121199572459, 0.0188433174044, -0.00893028080463], [0.000360601872671, -0.00176057440694, 0.00112273904961, -0.000872029224411, 0.00128824578132, -0.000879484403413, 0.000313695403747, -0.000620176899247, -0.000676866213325, -8.00303387223e-05, 0.00374867836945, -0.00893028080463, 0.0138136697933]]
    },
    "melbands": {
        "dmean": [0.00136470329016, 0.00098101713229, 0.000695512106176, 0.000555037520826, 0.000180899543921, 0.00012780749239, 0.000106871841126, 8.47726914799e-05, 7.47083395254e-05, 6.74752081977e-05, 7.13815170457e-05, 6.96102506481e-05, 6.38893689029e-05, 6.66349733365e-05, 4.86831486342e-05, 4.65275879833e-05, 4.51442865597e-05, 3.35397089657e-05, 2.88735154754e-05, 2.75165893981e-05, 2.57933570538e-05, 2.09966583498e-05, 1.71982173924e-05, 1.25340748127e-05, 1.1473601262e-05, 1.07617106551e-05, 8.21067987999e-06, 7.80976279202e-06, 6.35505011815e-06, 6.28738098385e-06, 5.39273514732e-06, 5.62487321076e-06, 4.69023916594e-06, 4.40289704784e-06, 3.7567626805e-06, 2.65056428361e-06, 2.78777019957e-06, 2.47844468504e-06, 2.11834617403e-06, 1.85810074527e-06],
        "dmean2": [0.0019209071761, 0.00146613491233, 0.00116236635949, 0.000925490749069, 0.000303274893668, 0.000209993158933, 0.000164634984685, 0.000127663559397, 0.000111683744763, 0.000102746853372, 0.00010886243399, 0.000103582780866, 9.80281256489e-05, 0.000102906647953, 7.30110477889e-05, 7.23500197637e-05, 7.03002733644e-05, 5.27486699866e-05, 4.48188438895e-05, 4.43776916654e-05, 4.25566722697e-05, 3.47988243448e-05, 2.85485657514e-05, 2.0053517801e-05, 1.872177927e-05, 1.81126324605e-05, 1.37707629619e-05, 1.29972404466e-05, 1.0326561096e-05, 1.03594938992e-05, 8.92389834917e-06, 9.33423598326e-06, 7.57287352826e-06, 7.03827208781e-06, 5.94509447183e-06, 4.1413541112e-06, 4.66067467642e-06, 4.13138559452e-06, 3.44554950971e-06, 3.06446077047e-06],
        "dvar": [5.16470709044e-06, 3.6493281641e-06, 3.57807175533e-06, 2.68487633548e-06, 6.5404066163e-07, 1.737901556e-07, 5.60687318796e-08, 3.48060851252e-08, 2.72072124829e-08, 2.01918304299e-08, 2.33912587078e-08, 2.07669685892e-08, 1.59055026927e-08, 1.6398567837e-08, 9.64558388716e-09, 1.01738102387e-08, 9.29129839733e-09, 4.20975965199e-09, 3.98103860988e-09, 3.58875040796e-09, 2.14342166238e-09, 1.70225622487e-09, 1.22023757765e-09, 6.510256223e-10, 6.64141797113e-10, 6.8876848669e-10, 3.32514182855e-10, 2.39547298664e-10, 1.28214341921e-10, 1.33869235142e-10, 6.63162164072e-11, 9.83197204207e-11, 5.39660746646e-11, 4.48359752103e-11, 3.08800207627e-11, 1.73513339113e-11, 2.6709742057e-11, 1.94807364684e-11, 1.55000352831e-11, 1.10166190406e-11],
        "dvar2": [1.10782202682e-05, 8.22501078801e-06, 9.41841790336e-06, 6.77982825437e-06, 1.75543254954e-06, 4.77718458569e-07, 1.32714802703e-07, 7.10990875064e-08, 5.51916841118e-08, 4.06900575456e-08, 4.62948435143e-08, 3.90761911717e-08, 3.4107472402e-08, 3.60021843449e-08, 1.84453217145e-08, 2.07605221902e-08, 1.99558840563e-08, 9.63751212169e-09, 8.36548608163e-09, 8.50991455081e-09, 5.17612797069e-09, 4.1119210259e-09, 2.96692093116e-09, 1.56618884528e-09, 1.547838413e-09, 1.82182569031e-09, 8.56344495315e-10, 5.07959174723e-10, 2.76607348138e-10, 3.03223973708e-10, 1.68339023277e-10, 2.54814058742e-10, 1.26074636841e-10, 1.04483109664e-10, 6.92064600072e-11, 4.06362755945e-11, 6.96352558949e-11, 5.0408278246e-11, 3.83865370046e-11, 2.76274801647e-11],
        "max": [0.0498027652502, 0.0440239086747, 0.0336255431175, 0.0211586132646, 0.0158546250314, 0.00828012172133, 0.00466603599489, 0.00710195302963, 0.00411390420049, 0.0036060672719, 0.00431343121454, 0.00418078619987, 0.00310008553788, 0.00216680625454, 0.00166595890187, 0.00210524839349, 0.00146236503497, 0.00138583930675, 0.00136772112455, 0.00140924600419, 0.000756187713705, 0.000880524225067, 0.000773675099481, 0.000600678962655, 0.000635803909972, 0.00112807564437, 0.000477900379337, 0.000475754728541, 0.000489483121783, 0.000347273627995, 0.000202401395654, 0.000319649028825, 0.000173530090251, 0.000110747627332, 9.32746988838e-05, 5.10041099915e-05, 0.000100560413557, 5.11230464326e-05, 4.11904657085e-05, 3.60985504813e-05],
        "mean": [0.00283305509947, 0.00168873090297, 0.000690397340804, 0.000519678695127, 0.000243620626861, 0.000232447404414, 0.000246821873588, 0.000206169584999, 0.000181551862624, 0.000147089493112, 0.000173012856976, 0.000158813447342, 0.00013404127094, 0.00014348347031, 0.000101124336652, 9.47824883042e-05, 9.1469992185e-05, 6.84925180394e-05, 5.72329990973e-05, 5.19735840498e-05, 4.68221551273e-05, 3.77611977456e-05, 3.25181572407e-05, 2.49220556725e-05, 2.22966718866e-05, 1.99725855055e-05, 1.55643829203e-05, 1.53648888954e-05, 1.30220169012e-05, 1.231936767e-05, 9.69678876572e-06, 1.07599371404e-05, 8.55696998769e-06, 8.00998805062e-06, 6.87722922521e-06, 4.97352084494e-06, 4.43106910097e-06, 3.81274321626e-06, 3.13052714773e-06, 2.6215818707e-06],
        "median": [0.00143668300007, 0.000918834470212, 0.000184614909813, 8.31534125609e-05, 6.46934495308e-05, 6.47185806883e-05, 6.32880401099e-05, 5.88946568314e-05, 4.86703647766e-05, 4.68860307592e-05, 4.81953866256e-05, 4.80191265524e-05, 4.0553517465e-05, 4.99718626088e-05, 3.53281066054e-05, 2.7294834581e-05, 2.6629475542e-05, 2.6585008527e-05, 2.06425120268e-05, 1.73109146999e-05, 2.04418611247e-05, 1.61119278346e-05, 1.52161619553e-05, 1.34418160087e-05, 1.06000161395e-05, 1.04391137938e-05, 8.96029450814e-06, 8.03255261417e-06, 8.04589944892e-06, 7.22446247892e-06, 6.42815257379e-06, 6.11244149695e-06, 5.15130795975e-06, 4.68718644697e-06, 4.1211487769e-06, 3.03904471366e-06, 2.74922535937e-06, 2.32389152188e-06, 1.85493320259e-06, 1.53930852775e-06],
        "min": [1.82716396741e-24, 2.13075353691e-24, 8.85382572925e-25, 1.95042585043e-24, 2.04883368456e-24, 3.55325670906e-24, 1.22918669365e-24, 2.19259431542e-24, 1.161865304e-24, 5.69664740324e-24, 4.34355058011e-24, 2.54978027811e-24, 3.59213769092e-24, 4.73428561381e-24, 3.9827066694e-24, 4.90902303748e-24, 3.6962957294e-24, 5.31372090921e-24, 5.49706125548e-24, 4.09710333357e-24, 6.69011634473e-24, 4.53877077719e-24, 5.90091110173e-24, 6.80379356776e-24, 6.40349241229e-24, 4.96639649669e-24, 5.09500330678e-24, 3.56200714865e-24, 5.02932274781e-24, 5.27397139148e-24, 7.27258914904e-24, 6.40839478839e-24, 4.95659726652e-24, 6.51906881795e-24, 5.34286774193e-24, 4.69607871359e-24, 7.08815899143e-24, 6.27301047983e-24, 7.03086796819e-24, 6.77713559119e-24],
        "var": [1.49091447383e-05, 6.55232906865e-06, 2.77954154626e-06, 2.27449686463e-06, 5.75123749513e-07, 2.4445111535e-07, 1.90918186149e-07, 1.31804213765e-07, 1.22980182482e-07, 7.07168865688e-08, 1.04226153042e-07, 8.79816752786e-08, 5.96465312697e-08, 5.28952632806e-08, 2.93358048964e-08, 3.23557820536e-08, 2.93627984149e-08, 1.31312125617e-08, 1.24722081551e-08, 1.16442739895e-08, 5.68053115657e-09, 4.43929781824e-09, 3.67089958431e-09, 1.64444391437e-09, 2.15707851581e-09, 1.99453764615e-09, 7.51018636169e-10, 7.86476161974e-10, 4.396079889e-10, 4.73682981728e-10, 1.46363796083e-10, 2.66529104342e-10, 1.14091770753e-10, 9.62864163401e-11, 6.55638252023e-11, 3.29284169376e-11, 3.3279073941e-11, 2.36553970856e-11, 1.82460921372e-11, 1.28579152534e-11]
    },
    "mfcc": {
        "mean": [-624.469909668, 71.7930450439, -2.49982047081, 10.9751424789, 0.693165957928, 8.95131969452, 2.39975643158, 6.3384270668, 2.44316577911, 2.93428587914, 2.85807418823, 5.1144080162, 3.75131559372],
        "cov": [[12007.4599609, 652.268310547, 189.525405884, 425.133209229, 487.464233398, 509.057739258, 261.090270996, 381.666900635, 414.291992188, 396.298919678, 89.6989593506, -230.935852051, -253.914825439], [652.268310547, 1126.20336914, 294.979766846, 226.150482178, 140.335632324, 96.5764770508, 145.612258911, 121.216468811, 102.279701233, 90.638999939, 51.5033721924, 0.398092985153, -7.76083421707], [189.525405884, 294.979766846, 884.708435059, 428.380950928, 298.201568604, 193.497665405, 115.289413452, 96.0808486938, 66.8518600464, 47.4408836365, 30.0557060242, -39.3712997437, -34.9415206909], [425.133209229, 226.150482178, 428.380950928, 506.265289307, 324.053131104, 232.358932495, 123.620574951, 103.908813477, 86.2142028809, 66.187713623, 45.3556938171, -19.4737606049, -32.2870368958], [487.464233398, 140.335632324, 298.201568604, 324.053131104, 410.975128174, 293.524139404, 171.72795105, 142.397079468, 107.181404114, 58.6156463623, 29.0530033112, -17.9324512482, -20.2066516876], [509.057739258, 96.5764770508, 193.497665405, 232.358932495, 293.524139404, 373.99987793, 227.525268555, 163.90032959, 122.08732605, 62.6326828003, 27.2227458954, -2.09584856033, -12.4567165375], [261.090270996, 145.612258911, 115.289413452, 123.620574951, 171.72795105, 227.525268555, 280.010925293, 180.750564575, 108.295036316, 60.7718658447, 25.8952980042, 18.9834308624, 7.8915476799], [381.666900635, 121.216468811, 96.0808486938, 103.908813477, 142.397079468, 163.90032959, 180.750564575, 243.204589844, 153.457077026, 62.1321792603, 33.1522827148, 10.2194414139, 6.76212453842], [414.291992188, 102.279701233, 66.8518600464, 86.2142028809, 107.181404114, 122.08732605, 108.295036316, 153.457077026, 216.585403442, 122.776802063, 51.0377197266, 14.6869525909, -3.12719345093], [396.298919678, 90.638999939, 47.4408836365, 66.187713623, 58.6156463623, 62.6326828003, 60.7718658447, 62.1321792603, 122.776802063, 185.696487427, 104.190544128, 17.1739883423, -2.1601228714], [89.6989593506, 51.5033721924, 30.0557060242, 45.3556938171, 29.0530033112, 27.2227458954, 25.8952980042, 33.1522827148, 51.0377197266, 104.190544128, 173.610733032, 82.5475387573, 28.8825626373], [-230.935852051, 0.398092985153, -39.3712997437, -19.4737606049, -17.9324512482, -2.09584856033, 18.9834308624, 10.2194414139, 14.6869525909, 17.1739883423, 82.5475387573, 177.037109375, 102.740394592], [-253.914825439, -7.76083421707, -34.9415206909, -32.2870368958, -20.2066516876, -12.4567165375, 7.8915476799, 6.76212453842, -3.12719345093, -2.1601228714, 28.8825626373, 102.740394592, 155.584182739]],
