{
"lowlevel": {
    "average_loudness": 0.889172196388,
    "barkbands_crest": {
        "dmean": 2.9423968792,
        "dmean2": 4.54226827621,
        "dvar": 8.75792884827,
        "dvar2": 19.8074092865,
        "max": 26.4396095276,
        "mean": 10.8723611832,
        "median": 10.2490653992,
        "min": 1.92557227612,
        "var": 21.8959941864
    },
    "barkbands_flatness_db": {
        "dmean": 0.0252739004791,
        "dmean2": 0.0382491350174,
        "dvar": 0.000773192674387,
        "dvar2": 0.00173075788189,
        "max": 0.457190513611,
        "mean": 0.102487705648,
        "median": 0.0942453294992,
        "min": 0.0161772668362,
        "var": 0.00228896830231
    },
    "barkbands_kurtosis": {
        "dmean": 2.88060903549,
        "dmean2": 4.44552755356,
        "dvar": 52.3874206543,
        "dvar2": 118.694602966,
        "max": 286.175445557,
        "mean": 3.11282873154,
        "median": 0.914075255394,
        "min": -1.88013350964,
        "var": 88.2733230591
    },
    "barkbands_skewness": {
        "dmean": 0.61613047123,
        "dmean2": 0.921513676643,
        "dvar": 0.560806632042,
        "dvar2": 1.17741370201,
        "max": 15.4700994492,
        "mean": 1.44098854065,
        "median": 1.29491615295,
        "min": -4.60094881058,
        "var": 1.68319070339
    },
    "barkbands_spread": {
        "dmean": 8.12246513367,
        "dmean2": 12.7691631317,
        "dvar": 80.2835998535,
        "dvar2": 188.234130859,
        "max": 108.712188721,
        "mean": 33.3971862793,
        "median": 31.9069366455,
        "min": 0.376923799515,
        "var": 209.294967651
    },
    "dissonance": {
        "dmean": 0.0115569289774,
        "dmean2": 0.019514022395,
        "dvar": 0.000137298600748,
        "dvar2": 0.000374674447812,
        "max": 0.499999940395,
        "mean": 0.47922372818,
        "median": 0.482684254646,
        "min": 0.314963638783,
        "var": 0.000265465845587
    },
    "dynamic_complexity": 3.68416690826,
    "erbbands_crest": {
        "dmean": 2.24778723717,
        "dmean2": 3.54870963097,
        "dvar": 5.84948587418,
        "dvar2": 13.2917070389,
        "max": 30.7619571686,
        "mean": 7.71117019653,
        "median": 6.47397136688,
        "min": 2.10564446449,
        "var": 18.77876091
    },
    "erbbands_flatness_db": {
        "dmean": 0.0131291868165,
        "dmean2": 0.019216960296,
        "dvar": 0.000211145888898,
        "dvar2": 0.000415562855778,
        "max": 0.372893244028,
        "mean": 0.117482982576,
        "median": 0.107928112149,
        "min": 0.0410808101296,
        "var": 0.00152240262832
    },
    "erbbands_kurtosis": {
        "dmean": 0.571878671646,
        "dmean2": 0.883140861988,
        "dvar": 0.808888554573,
        "dvar2": 1.91500985622,
        "max": 24.0808601379,
        "mean": -0.128848582506,
        "median": -0.467481970787,
        "min": -1.88453006744,
        "var": 1.82413613796
    },
    "erbbands_skewness": {
        "dmean": 0.295406550169,
        "dmean2": 0.446741580963,
        "dvar": 0.0895591899753,
        "dvar2": 0.205628097057,
        "max": 3.75106167793,
        "mean": 0.00125062337611,
        "median": -0.00339831737801,
        "min": -4.38810539246,
        "var": 0.348384052515
    },
    "erbbands_spread": {
        "dmean": 9.69998455048,
        "dmean2": 14.3125867844,
        "dvar": 130.189376831,
        "dvar2": 252.438018799,
        "max": 158.006210327,
        "mean": 49.2537994385,
        "median": 46.9930038452,
        "min": 5.33600902557,
        "var": 381.69317627
    },
    "hfc": {
        "dmean": 8.74381446838,
        "dmean2": 14.0307149887,
        "dvar": 203.63494873,
        "dvar2": 528.670410156,
        "max": 181.593902588,
        "mean": 28.6553535461,
        "median": 26.0865898132,
        "min": 1.07330251282e-16,
        "var": 413.223327637
    },
    "melbands_crest": {
        "dmean": 3.80928778648,
        "dmean2": 6.02038145065,
        "dvar": 15.499168396,
        "dvar2": 37.1424674988,
        "max": 36.1275787354,
        "mean": 16.3772335052,
        "median": 16.2109451294,
        "min": 1.06300282478,
        "var": 38.681350708
    },
    "melbands_flatness_db": {
        "dmean": 0.0327966436744,
        "dmean2": 0.0495252460241,
        "dvar": 0.00138823641464,
        "dvar2": 0.00306085473858,
        "max": 0.550444722176,
        "mean": 0.163183897734,
        "median": 0.15784150362,
        "min": 2.4742585083e-05,
        "var": 0.00412670010701
    },
    "melbands_kurtosis": {
        "dmean": 11.5639133453,
        "dmean2": 17.5795097351,
        "dvar": 578.365539551,
        "dvar2": 1231.5090332,
        "max": 498.898529053,
        "mean": 18.1714782715,
        "median": 8.70476913452,
        "min": -1.76202130318,
        "var": 1044.17077637
    },
    "melbands_skewness": {
        "dmean": 1.03035581112,
        "dmean2": 1.52708697319,
        "dvar": 1.81663298607,
        "dvar2": 3.67900156975,
        "max": 17.7152271271,
        "mean": 3.18126153946,
        "median": 2.72483968735,
        "min": -2.15431070328,
        "var": 4.87598323822
    },
    "melbands_spread": {
        "dmean": 10.8716115952,
        "dmean2": 17.3238830566,
        "dvar": 220.26109314,
        "dvar2": 501.753753662,
        "max": 239.212310791,
        "mean": 32.437953949,
        "median": 26.8283538818,
        "min": 0.295675635338,
        "var": 643.706787109
    },
    "pitch_salience": {
        "dmean": 0.0908670648932,
        "dmean2": 0.1437394768,
        "dvar": 0.00972536113113,
        "dvar2": 0.0231329593807,
        "max": 0.991513192654,
        "mean": 0.506916701794,
        "median": 0.506356418133,
        "min": 0.0488050654531,
        "var": 0.01896805875
    },
    "silence_rate_20dB": {
        "dmean": 0,
        "dmean2": 0,
        "dvar": 0,
        "dvar2": 0,
        "max": 1,
        "mean": 1,
        "median": 1,
        "min": 1,
        "var": 0
    },
    "silence_rate_30dB": {
        "dmean": 0.0152687504888,
        "dmean2": 0.0305406525731,
        "dvar": 0.0150358481333,
        "dvar2": 0.0413740463555,
        "max": 1,
        "mean": 0.990303277969,
        "median": 1,
        "min": 0,
        "var": 0.0096026705578
    },
    "silence_rate_60dB": {
        "dmean": 0.0175384301692,
        "dmean2": 0.0350804775953,
        "dvar": 0.017230976373,
        "dvar2": 0.0379758141935,
        "max": 1,
        "mean": 0.0922219902277,
        "median": 0,
        "min": 0,
        "var": 0.0837152600288
    },
    "spectral_centroid": {
        "dmean": 337.560821533,
        "dmean2": 522.060668945,
        "dvar": 149870.46875,
        "dvar2": 307898.78125,
        "max": 11743.5048828,
        "mean": 2010.20068359,
        "median": 1855.58581543,
        "min": 185.917877197,
        "var": 1624978.375
    },
    "spectral_complexity": {
        "dmean": 5.61147212982,
        "dmean2": 8.76000785828,
        "dvar": 40.1029090881,
        "dvar2": 89.2363204956,
        "max": 63,
        "mean": 24.4096355438,
        "median": 26,
        "min": 0,
        "var": 162.549682617
    },
    "spectral_decrease": {
        "dmean": 2.88968116102e-09,
        "dmean2": 4.19260359763e-09,
        "dvar": 1.89402621968e-17,
        "dvar2": 4.151338253e-17,
        "max": 1.8111060011e-28,
        "mean": -8.49957526583e-09,
        "median": -6.98005830913e-09,
        "min": -4.39281393483e-08,
        "var": 4.67885052021e-17
    },
    "spectral_energy": {
        "dmean": 0.011253003031,
        "dmean2": 0.016198778525,
        "dvar": 0.000275143975159,
        "dvar2": 0.000598142622039,
        "max": 0.167724117637,
        "mean": 0.034678556025,
        "median": 0.029339093715,
        "min": 9.97274149653e-21,
        "var": 0.000720436568372
    },
    "spectral_energyband_high": {
        "dmean": 0.000767496821936,
        "dmean2": 0.00128284457605,
        "dvar": 1.76296794052e-06,
        "dvar2": 4.75123169963e-06,
        "max": 0.0183854009956,
        "mean": 0.00183353945613,
        "median": 0.00148301920854,
        "min": 6.99221184008e-21,
        "var": 2.59410285253e-06
    },
    "spectral_energyband_low": {
        "dmean": 0.0082878684625,
        "dmean2": 0.012491424568,
        "dvar": 0.000217988868826,
        "dvar2": 0.000496334570926,
        "max": 0.151548579335,
        "mean": 0.01753571257,
        "median": 0.0114949122071,
        "min": 1.43493987986e-23,
        "var": 0.000419939315179
    },
    "spectral_energyband_middle_high": {
        "dmean": 0.00203752075322,
        "dmean2": 0.00321862124838,
        "dvar": 8.2846472651e-06,
        "dvar2": 2.02413939405e-05,
        "max": 0.0457788147032,
        "mean": 0.00605960190296,
        "median": 0.0048324149102,
        "min": 1.12492645508e-21,
        "var": 2.84267916868e-05
    },
    "spectral_energyband_middle_low": {
        "dmean": 0.00560234114528,
        "dmean2": 0.00881129875779,
        "dvar": 0.000135099864565,
        "dvar2": 0.000293708813842,
        "max": 0.149823248386,
        "mean": 0.0108566870913,
        "median": 0.00687836948782,
        "min": 1.21217325951e-22,
        "var": 0.000193347441382
    },
    "spectral_entropy": {
        "dmean": 0.137686237693,
        "dmean2": 0.210460096598,
        "dvar": 0.0251523610204,
        "dvar2": 0.0581964403391,
        "max": 9.82319068909,
        "mean": 8.01444149017,
        "median": 8.02436923981,
        "min": 5.88981723785,
        "var": 0.13720433414
    },
    "spectral_flux": {
        "dmean": 0.0344696864486,
        "dmean2": 0.0510065704584,
        "dvar": 0.00159292283934,
        "dvar2": 0.00329473684542,
        "max": 0.384929984808,
        "mean": 0.0929426029325,
        "median": 0.0748956799507,
        "min": 6.42409320184e-11,
        "var": 0.00408270582557
    },
    "spectral_kurtosis": {
        "dmean": 0.665393173695,
        "dmean2": 1.10460460186,
        "dvar": 0.809731185436,
        "dvar2": 2.32567834854,
        "max": 29.8917770386,
        "mean": 2.41828942299,
        "median": 2.33574199677,
        "min": -1.28425717354,
        "var": 1.61903905869
    },
    "spectral_rms": {
        "dmean": 0.000868245027959,
        "dmean2": 0.00122437870596,
        "dvar": 1.23984705169e-06,
        "dvar2": 2.43609088102e-06,
        "max": 0.0127919232473,
        "mean": 0.00528114847839,
        "median": 0.00535009428859,
        "min": 3.11921517261e-12,
        "var": 5.94225593886e-06
    },
    "spectral_rolloff": {
        "dmean": 844.490478516,
        "dmean2": 1379.40698242,
        "dvar": 1307088.375,
        "dvar2": 2713405.25,
        "max": 19745.9472656,
        "mean": 2263.97192383,
        "median": 1571.92382812,
        "min": 43.06640625,
        "var": 7651861
    },
    "spectral_skewness": {
        "dmean": 0.123191073537,
        "dmean2": 0.200862035155,
        "dvar": 0.018739014864,
        "dvar2": 0.0485040135682,
        "max": 4.0712723732,
        "mean": 1.2005572319,
        "median": 1.22631800175,
        "min": -1.13437652588,
        "var": 0.0778947845101
    },
    "spectral_spread": {
        "dmean": 561651.125,
        "dmean2": 848055.875,
        "dvar": 1.04137215181e+12,
        "dvar2": 2.34391207936e+12,
        "max": 49711372,
        "mean": 6244325.5,
        "median": 5735849.5,
        "min": 1448000,
        "var": 1.98731156685e+13
    },
    "spectral_strongpeak": {
        "dmean": 0.370535314083,
        "dmean2": 0.62714600563,
        "dvar": 0.51857739687,
        "dvar2": 1.23277449608,
        "max": 11.4911365509,
        "mean": 0.712533831596,
        "median": 0.362808704376,
        "min": 0,
        "var": 1.04429924488
    },
    "zerocrossingrate": {
        "dmean": 0.0149373356253,
        "dmean2": 0.0175320282578,
        "dvar": 0.000338922574883,
        "dvar2": 0.000378269847715,
        "max": 0.77001953125,
        "mean": 0.0899791419506,
        "median": 0.07568359375,
        "min": 0.0029296875,
        "var": 0.00493344198912
    },
    "barkbands": {
        "dmean": [0.000214660787606, 0.00625979760662, 0.003071306739, 0.00305726961233, 0.00236375164241, 0.000939843244851, 0.000723097473383, 0.000432287488366, 0.000543101807125, 0.000584513996728, 0.000254036276601, 0.0004335353442, 0.000446764432127, 0.000272431381745, 0.000324533553794, 0.000293162360322, 0.00030818459345, 0.000221337526455, 0.000263985944912, 0.000219644382014, 0.000205543008633, 0.000175832872628, 0.000148514896864, 0.000139846655657, 0.000104082464532, 5.46166847926e-05, 1.21713283079e-05],
        "dmean2": [0.00032367327367, 0.00963529758155, 0.00513214245439, 0.00527102593333, 0.00390553288162, 0.00159277755301, 0.00120567355771, 0.000700187287293, 0.000881336163729, 0.000872540171258, 0.00041406636592, 0.000672648253385, 0.000709496322088, 0.000444199249614, 0.000526654417627, 0.000481472001411, 0.00050421571359, 0.000366191321518, 0.000440073228674, 0.000368516310118, 0.000347741792211, 0.000306189787807, 0.000248124677455, 0.00023793161381, 0.000171656924067, 8.92651660251e-05, 2.00204194698e-05],
        "dvar": [2.33950018469e-07, 0.00015787310258, 5.68028990529e-05, 8.03669972811e-05, 3.55929187208e-05, 5.65642721995e-06, 2.46460922426e-06, 1.03528270756e-06, 1.23894346871e-06, 1.97806002689e-06, 2.39685391534e-07, 9.57366296461e-07, 8.16777117052e-07, 2.45209520244e-07, 2.75848663023e-07, 2.75770361213e-07, 2.58873882331e-07, 1.43904642869e-07, 1.91301325003e-07, 1.2487456047e-07, 1.27175439957e-07, 9.7508007002e-08, 6.10740542584e-08, 6.90933674719e-08, 3.44204700298e-08, 1.07370921043e-08, 6.59713339513e-10],
        "dvar2": [4.96375037073e-07, 0.000368891633116, 0.00014708188246, 0.000209288715268, 8.82560125319e-05, 1.54791541718e-05, 6.18587728241e-06, 2.25896906159e-06, 3.06893662128e-06, 3.6918272599e-06, 5.49787671389e-07, 1.89431045783e-06, 1.86113425116e-06, 5.74576461077e-07, 6.04785213909e-07, 7.25677409719e-07, 6.5502695179e-07, 3.65770091548e-07, 4.94703385812e-07, 3.31783127194e-07, 3.38455691917e-07, 2.67950355237e-07, 1.64828009019e-07, 1.93369459112e-07, 8.68181118108e-08, 2.81773253619e-08, 1.70440550562e-09],
        "max": [0.01455044467, 0.121267303824, 0.100323140621, 0.105480574071, 0.0651511028409, 0.042755164206, 0.0337587818503, 0.0318729840219, 0.0277923345566, 0.046517405659, 0.0158032178879, 0.0234362408519, 0.0329647548497, 0.0147776585072, 0.0256711319089, 0.0183943361044, 0.00886739231646, 0.0092798108235, 0.00871003046632, 0.00638493290171, 0.00711779529229, 0.00511747179553, 0.0041190055199, 0.0047364635393, 0.00192732468713, 0.00116528803483, 0.000398820469854],
        "mean": [0.000376170850359, 0.0118795419112, 0.00397164886817, 0.00278230453841, 0.0028073231224, 0.00157721654978, 0.00142120954115, 0.000719417061191, 0.000953860813752, 0.00125120778102, 0.000389898836147, 0.000795708561782, 0.000808710639831, 0.000437893875642, 0.000551705481485, 0.000498997920658, 0.000542885507457, 0.000399201613618, 0.000478725327412, 0.000416665861849, 0.000406622624723, 0.000309250171995, 0.000295369012747, 0.000284057547105, 0.00020259921439, 0.000102456033346, 1.78529462573e-05],
        "median": [4.70572995255e-05, 0.00558715639636, 0.00143388425931, 0.000618172227405, 0.000963773927651, 0.000605609617196, 0.000335742341122, 0.000208051598747, 0.000348663656041, 0.000338673533406, 0.000176241068402, 0.000291664618999, 0.000323948042933, 0.000224292292842, 0.000331525050569, 0.000318321690429, 0.000341266364558, 0.00028400553856, 0.000339582853485, 0.000329501199303, 0.000326248700731, 0.000228149961913, 0.000208572106203, 0.000187922967598, 0.000127303181216, 5.31846744707e-05, 5.21603442394e-06],
        "min": [2.9438775356e-25, 2.79213668921e-24, 7.81078200745e-25, 3.0098460288e-25, 5.68201916104e-24, 8.8602222079e-24, 9.73317253017e-24, 6.25099021653e-24, 1.37427063868e-23, 8.75678834373e-24, 5.52240814523e-24, 2.07482818967e-23, 3.02960642255e-23, 3.61093884953e-23, 4.2496063182e-23, 5.41345635679e-23, 4.15743644112e-23, 7.49488289462e-23, 1.12129559971e-22, 1.60463155986e-22, 2.4023154641e-22, 3.05257817833e-22, 3.64153390466e-22, 5.01270441465e-22, 8.09989856681e-22, 1.29674263216e-21, 1.93591807676e-21],
        "var": [7.5625342788e-07, 0.000273011508398, 5.26810908923e-05, 6.19261045358e-05, 3.58546421921e-05, 8.50932974572e-06, 8.51963886817e-06, 2.72658257927e-06, 2.95394443128e-06, 9.09523805603e-06, 5.66436824556e-07, 3.00342185255e-06, 2.63683409685e-06, 5.03157082221e-07, 7.061520364e-07, 4.31713743865e-07, 4.9563277571e-07, 2.14919353425e-07, 2.87423858936e-07, 1.64045445672e-07, 1.58661492833e-07, 1.09076111698e-07, 9.1316891826e-08, 1.01023147181e-07, 5.34150288445e-08, 1.75583299011e-08, 9.91826842878e-10]
    },
    "erbbands": {
        "dmean": [0.164808943868, 1.54146325588, 3.48812246323, 6.40937852859, 10.862695694, 6.74247264862, 6.43986701965, 8.28965759277, 11.496055603, 7.78727579117, 9.92512798309, 13.7065153122, 17.3776187897, 12.9303340912, 11.0222606659, 20.7734203339, 20.5713195801, 15.0890464783, 17.0287265778, 13.6667909622, 16.208946228, 13.2737731934, 12.1835412979, 13.1963481903, 12.8497018814, 10.5332078934, 8.82242298126, 7.81171560287, 6.42401123047, 5.18919897079, 4.28258657455, 3.28877043724, 2.26119995117, 1.37783896923, 0.699758112431, 0.298593968153, 0.0887686386704, 0.0217375215143, 0.00184498587623, 3.50936861651e-05],
        "dmean2": [0.243892759085, 2.38767004013, 5.60056829453, 10.8563165665, 17.7645053864, 11.7884502411, 10.9908723831, 14.2517938614, 18.9118175507, 13.1076383591, 15.9928674698, 22.0803775787, 26.499797821, 19.6680488586, 17.6071205139, 31.9724845886, 32.5114402771, 24.4312763214, 27.336933136, 22.4215335846, 26.5035495758, 21.80534935, 20.0507659912, 21.9518470764, 21.5374774933, 17.6074237823, 14.8670282364, 13.2789669037, 11.1225442886, 8.96136760712, 7.16486692429, 5.57510709763, 3.88463544846, 2.25290131569, 1.16742789745, 0.494067966938, 0.145030528307, 0.0356641337276, 0.00302418903448, 5.53596910322e-05],
        "dvar": [0.107104428113, 10.5877437592, 71.3921356201, 217.207229614, 974.43371582, 367.870758057, 348.721588135, 438.569061279, 633.792419434, 278.368225098, 629.189453125, 859.673706055, 2336.99267578, 830.764343262, 448.129150391, 2364.42041016, 1746.86120605, 737.873535156, 924.66595459, 569.340698242, 674.565307617, 505.463317871, 475.917266846, 501.018890381, 451.750701904, 301.867218018, 218.002792358, 206.367095947, 131.474029541, 82.24584198, 55.3520584106, 37.5691413879, 16.6730575562, 6.40363168716, 1.42567050457, 0.340112656355, 0.0274548828602, 0.00213138456456, 1.29580221255e-05, 3.35001471008e-09],
        "dvar2": [0.226613134146, 25.0201854706, 175.492584229, 556.836669922, 2290.60766602, 1032.93273926, 878.918395996, 1218.76403809, 1563.39294434, 700.09753418, 1349.62243652, 2093.70947266, 4272.50048828, 1710.17297363, 968.393127441, 4588.30957031, 3933.9050293, 1707.32470703, 1985.8939209, 1508.28833008, 1755.65783691, 1283.22290039, 1202.08154297, 1300.2755127, 1169.72094727, 813.231384277, 584.611938477, 535.872924805, 359.446685791, 228.159072876, 151.002075195, 103.533256531, 47.4836463928, 15.601773262, 3.78629755974, 0.916515111923, 0.0701640322804, 0.00555403530598, 3.29510730808e-05, 8.12697997787e-09],
        "max": [6.02806901932, 32.955783844, 110.062225342, 144.714248657, 398.59979248, 268.32989502, 391.851409912, 362.383758545, 453.479797363, 295.770446777, 875.806213379, 800.201049805, 1793.14990234, 1428.00415039, 790.979064941, 1178.46936035, 1606.49584961, 903.018676758, 1571.72875977, 770.001281738, 528.297790527, 380.910614014, 432.768859863, 359.624786377, 478.275024414, 366.090698242, 241.779571533, 312.908996582, 194.227493286, 189.187759399, 135.755584717, 120.536315918, 55.6793479919, 25.7993659973, 13.2002458572, 7.56335735321, 2.12746500969, 0.777058720589, 0.0592599473894, 0.000804900075309],
        "mean": [0.35517641902, 2.59265971184, 4.78291082382, 7.2127161026, 10.9143152237, 7.58545160294, 10.0550851822, 13.3957881927, 23.1806259155, 13.3270454407, 17.0193367004, 25.5693149567, 35.9271430969, 27.0836315155, 20.40965271, 40.172542572, 39.0781517029, 27.0656051636, 29.9201374054, 24.3598098755, 30.4419384003, 24.9103107452, 23.1801834106, 24.336517334, 22.8837127686, 20.4400234222, 17.4611129761, 14.6197910309, 11.3603649139, 9.54043769836, 8.27768325806, 6.49071455002, 4.33016824722, 2.5843565464, 1.31870007515, 0.540614962578, 0.166096448898, 0.0385432839394, 0.00275023910217, 8.96081037354e-05],
        "median": [0.141681343317, 1.24344718456, 2.06438374519, 2.74416589737, 2.54035997391, 2.8220539093, 3.82981657982, 5.16904735565, 6.08716678619, 4.84720087051, 5.79987239838, 9.68563079834, 10.8499412537, 9.91142845154, 10.8492527008, 15.4994049072, 17.2901268005, 15.2723283768, 17.4638633728, 16.7328662872, 20.1603984833, 17.59674263, 16.4509296417, 17.5732879639, 16.5489845276, 16.3075809479, 13.9192142487, 11.4426393509, 8.38740921021, 6.92117118835, 5.69410610199, 4.29566717148, 2.8153629303, 1.58735203743, 0.798283457756, 0.286463171244, 0.085205629468, 0.0167637690902, 0.000736371381208, 6.62173770252e-05],
        "min": [7.81965629821e-23, 3.32185692118e-22, 1.90391733461e-21, 7.67041350846e-21, 7.65147640387e-21, 1.66424603343e-20, 4.15837297174e-20, 7.49501826062e-20, 7.08488014093e-20, 1.69825026519e-19, 3.02889474531e-19, 3.21505329313e-19, 3.05949474111e-19, 6.55580857106e-19, 7.51857442576e-19, 1.35153474555e-18, 1.57387127823e-18, 2.33157957607e-18, 2.94581784276e-18, 3.01545838533e-18, 3.06384059295e-18, 2.73571975744e-18, 5.15215689742e-18, 5.5829372576e-18, 6.41957006301e-18, 8.36455457889e-18, 9.10132021459e-18, 9.48072397333e-18, 9.94088620246e-18, 9.59718769486e-18, 1.14388887851e-17, 1.03123490273e-17, 8.6869755196e-18, 7.97450831439e-18, 6.06930001904e-18, 4.09668105325e-18, 2.29336652011e-18, 9.74119425603e-19, 2.3879866764e-19, 2.630017688e-20],
        "var": [0.262005716562, 15.2504806519, 74.1204833984, 190.918716431, 928.418945312, 285.855895996, 698.247558594, 574.853088379, 2024.25, 613.569763184, 1618.25036621, 2120.58691406, 8936.24023438, 4768.72802734, 1306.9675293, 7573.62011719, 5739.26611328, 1678.01049805, 2456.51342773, 811.498413086, 1252.42504883, 820.724914551, 750.976501465, 771.992492676, 625.54296875, 396.443084717, 275.019134521, 255.651046753, 147.481323242, 101.55708313, 77.5805435181, 53.0564422607, 23.7653598785, 9.46936607361, 2.27625274658, 0.483802139759, 0.0468233525753, 0.00338845746592, 2.25228159252e-05, 7.67257635204e-09]
    },
    "gfcc": {
        "mean": [11.2428016663, 50.354850769, -107.132514954, 41.4943504333, -50.0044250488, 24.7885570526, -32.1041641235, 13.439078331, -24.0118942261, 6.80483341217, -16.6270027161, 2.47573518753, -12.9139671326],
        "cov": [[32948.5, 1405.70849609, -1793.77050781, 571.43927002, -1165.8269043, 342.911743164, -746.883361816, 306.384490967, -412.500244141, 396.200775146, -243.188980103, 265.286102295, -236.849349976], [1405.70849609, 1253.64794922, -207.345352173, 170.969528198, -9.61416912079, -202.995544434, 23.1862716675, -66.3792190552, 57.4570960999, -14.7492113113, 84.9122695923, -1.0621587038, 149.408737183], [-1793.77050781, -207.345352173, 922.788391113, 119.865058899, 280.263824463, 127.524139404, 74.5232391357, 71.9803771973, 25.2994403839, 4.29715442657, -12.8811769485, 5.67306041718, -23.5208206177], [571.43927002, 170.969528198, 119.865058899, 381.312011719, 125.657020569, 82.0240325928, 6.09799957275, 13.8632793427, 2.14598941803, -21.7374477386, -21.3214359283, -33.0358543396, 10.7913475037], [-1165.8269043, -9.61416912079, 280.263824463, 125.657020569, 329.838226318, 124.614570618, 114.255981445, 40.4697151184, 53.7074699402, 3.2920153141, 10.8818893433, -9.17182064056, 10.9066915512], [342.911743164, -202.995544434, 127.524139404, 82.0240325928, 124.614570618, 296.472442627, 82.9732437134, 98.7051696777, -16.9259471893, 4.6699848175, -28.4171028137, 6.41311359406, -31.4236602783], [-746.883361816, 23.1862716675, 74.5232391357, 6.09799957275, 114.255981445, 82.9732437134, 173.221389771, 78.1103897095, 62.8610420227, 8.35481739044, 23.4384708405, 6.30106639862, 25.2790603638], [306.384490967, -66.3792190552, 71.9803771973, 13.8632793427, 40.4697151184, 98.7051696777, 78.1103897095, 172.05116272, 63.4836921692, 49.019329071, 6.67275190353, 25.0368824005, -7.05631494522], [-412.500244141, 57.4570960999, 25.2994403839, 2.14598941803, 53.7074699402, -16.9259471893, 62.8610420227, 63.4836921692, 132.554000854, 72.3952789307, 60.5726699829, 26.4078006744, 36.5613746643], [396.200775146, -14.7492113113, 4.29715442657, -21.7374477386, 3.2920153141, 4.6699848175, 8.35481739044, 49.019329071, 72.3952789307, 130.05406189, 79.2659225464, 58.6733207703, 14.0542259216], [-243.188980103, 84.9122695923, -12.8811769485, -21.3214359283, 10.8818893433, -28.4171028137, 23.4384708405, 6.67275190353, 60.5726699829, 79.2659225464, 121.124458313, 70.7838897705, 49.627822876], [265.286102295, -1.0621587038, 5.67306041718, -33.0358543396, -9.17182064056, 6.41311359406, 6.30106639862, 25.0368824005, 26.4078006744, 58.6733207703, 70.7838897705, 103.412338257, 49.7621078491], [-236.849349976, 149.408737183, -23.5208206177, 10.7913475037, 10.9066915512, -31.4236602783, 25.2790603638, -7.05631494522, 36.5613746643, 14.0542259216, 49.627822876, 49.7621078491, 106.278366089]],
        "icov": [[8.37709885673e-05, -0.000196330875042, 0.000119856136735, -0.000145686150063, 0.000186891236808, -0.000203242874704, 0.000207820252399, -0.000139334428241, 0.000231574391364, -0.000573478173465, 0.000645771506242, -0.000548296608031, 0.000317407044349], [-0.000196330875042, 0.00179366674274, -1.99937385332e-05, -0.000442513177404, -0.00047524846741, 0.00146759906784, -0.000920833204873, 4.61172203359e-05, -0.000102546204289, 0.00155237992294, -0.00252538453788, 0.00225537712686, -0.00226059718989], [0.000119856136735, -1.99937385332e-05, 0.00177632737905, -0.000452922104159, -0.00122025038581, 0.000111536392069, 0.000456748181023, -0.000773499661591, 0.000679088465404, -0.000711540109478, 0.00107866246253, -0.00136380793992, 0.000727890175767], [-0.000145686150063, -0.000442513177404, -0.000452922104159, 0.00422117346898, -0.00158534094226, -0.00120858021546, 0.00167954806238, -0.000230329984333, -0.000744990771636, 0.00126872851979, -0.00109689752571, 0.00253915181383, -0.00142903462984], [0.000186891236808, -0.00047524846741, -0.00122025038581, -0.00158534094226, 0.00712316622958, -0.00249613891356, -0.00242006871849, 0.00209440942854, -0.00215998617932, -0.00082783412654, 0.00105089391582, -0.000613734358922, 0.000870352669153], [-0.000203242874704, 0.00146759906784, 0.000111536392069, -0.00120858021546, -0.00249613891356, 0.00807484891266, -0.00338671542704, -0.00300175044686, 0.00431435741484, -0.000352212518919, -0.000444840436103, -9.60557008511e-05, -0.000303723150864], [0.000207820252399, -0.000920833204873, 0.000456748181023, 0.00167954806238, -0.00242006871849, -0.00338671542704, 0.0132646895945, -0.00443306937814, -0.00333917676471, 0.00322411907837, -0.00218322011642, 0.00144419143908, -0.00144857435953], [-0.000139334428241, 4.61172203359e-05, -0.000773499661591, -0.000230329984333, 0.00209440942854, -0.00300175044686, -0.00443306937814, 0.0131445946172, -0.00679175136611, -0.00172522990033, 0.00452190963551, -0.00381917599589, 0.00254283216782], [0.000231574391364, -0.000102546204289, 0.000679088465404, -0.000744990771636, -0.00215998617932, 0.00431435741484, -0.00333917676471, -0.00679175136611, 0.0213676374406, -0.0104222008958, -0.00193909462541, 0.00442560017109, -0.0044124587439], [-0.000573478173465, 0.00155237992294, -0.000711540109478, 0.00126872851979, -0.00082783412654, -0.000352212518919, 0.00322411907837, -0.00172522990033, -0.0104222008958, 0.0250060688704, -0.0143841179088, -0.000915765063837, 0.00277687958442], [0.000645771506242, -0.00252538453788, 0.00107866246253, -0.00109689752571, 0.00105089391582, -0.000444840436103, -0.00218322011642, 0.00452190963551, -0.00193909462541, -0.0143841179088, 0.0300396494567, -0.015713725239, 0.00181908998638], [-0.000548296608031, 0.00225537712686, -0.00136380793992, 0.00253915181383, -0.000613734358922, -9.60557008511e-05, 0.00144419143908, -0.00381917599589, 0.00442560017109, -0.000915765063837, -0.015713725239, 0.0293229930103, -0.0133081534877], [0.000317407044349, -0.00226059718989, 0.000727890175767, -0.00142903462984, 0.000870352669153, -0.000303723150864, -0.00144857435953, 0.00254283216782, -0.0044124587439, 0.00277687958442, 0.00181908998638, -0.0133081534877, 0.0204675737768]]
    },
    "melbands": {
        "dmean": [0.0015890483046, 0.00176755175926, 0.00129169027787, 0.000598888553213, 0.000228374716244, 0.000185420140042, 0.000168974103872, 8.41681903694e-05, 8.0135614553e-05, 8.83939064806e-05, 8.70796429808e-05, 5.51643461222e-05, 3.44366999343e-05, 4.96008506161e-05, 4.77059256809e-05, 4.25828184234e-05, 2.92045133392e-05, 2.72659763141e-05, 1.87564346561e-05, 2.22903618123e-05, 2.0433744794e-05, 1.52530383275e-05, 1.45257035911e-05, 1.08630529212e-05, 1.15119428301e-05, 1.09608490675e-05, 8.12702546682e-06, 7.26690586816e-06, 6.13909014646e-06, 5.51657012693e-06, 4.76910008729e-06, 3.93308800994e-06, 3.47412287738e-06, 2.91298556476e-06, 2.71108979177e-06, 2.45514434027e-06, 1.98108682525e-06, 1.80404049388e-06, 1.33745277253e-06, 1.27431735564e-06],
        "dmean2": [0.0024181320332, 0.00271740276366, 0.00215690233745, 0.000978756695986, 0.000397168390919, 0.000316154619213, 0.00027809877065, 0.000140281757922, 0.000129740859848, 0.000142382312333, 0.000132979417685, 8.36702529341e-05, 5.61028537049e-05, 7.64542710385e-05, 7.58931055316e-05, 6.7210465204e-05, 4.74449152534e-05, 4.42011842097e-05, 3.05916182697e-05, 3.65092455468e-05, 3.35672484653e-05, 2.52059580816e-05, 2.38726315729e-05, 1.81549985427e-05, 1.92074512597e-05, 1.84803375305e-05, 1.37955557875e-05, 1.21631592265e-05, 1.03384254544e-05, 9.35533444135e-06, 8.11193513073e-06, 6.80723223923e-06, 6.07097308603e-06, 4.97375140185e-06, 4.57099986306e-06, 4.16383136326e-06, 3.36599669026e-06, 3.12456722895e-06, 2.28108024203e-06, 2.08535311685e-06],
        "dvar": [9.59690623858e-06, 1.52577886183e-05, 1.08741287477e-05, 2.32200022765e-06, 4.33339124584e-07, 2.13444849351e-07, 1.35817487035e-07, 3.05980236703e-08, 3.90198664491e-08, 3.67055967843e-08, 5.8253192492e-08, 1.65293627674e-08, 4.47469084008e-09, 1.22463745811e-08, 8.43918357418e-09, 7.70941532835e-09, 3.17052384347e-09, 2.35895081246e-09, 7.96470001063e-10, 1.93779192692e-09, 1.08851128111e-09, 6.17419282367e-10, 7.20135173715e-10, 4.02396976851e-10, 3.8467309893e-10, 3.46094042314e-10, 1.64580113426e-10, 1.41289355216e-10, 9.75600086828e-11, 9.15096123877e-11, 8.3504196613e-11, 5.10722783509e-11, 3.55546009301e-11, 2.44188922555e-11, 2.21248314808e-11, 1.73136678605e-11, 1.4410410365e-11, 1.08247143887e-11, 5.68363541995e-12, 6.53814112225e-12],
        "dvar2": [2.14064366446e-05, 3.52256247425e-05, 2.72762281384e-05, 5.41699910173e-06, 1.16315356991e-06, 5.89935609696e-07, 3.35023855769e-07, 7.5900111085e-08, 8.56583213249e-08, 8.83751383185e-08, 1.06818177414e-07, 3.35922898387e-08, 1.02784563083e-08, 2.41495499154e-08, 1.96111429318e-08, 1.6546286119e-08, 7.38817629298e-09, 5.23721821466e-09, 1.91174343023e-09, 5.19728082793e-09, 2.81112755296e-09, 1.58336999068e-09, 1.77354186892e-09, 1.04356134845e-09, 9.97273374992e-10, 8.92705076527e-10, 4.28923785378e-10, 3.78000936108e-10, 2.59224669508e-10, 2.51614756808e-10, 2.12731526839e-10, 1.38848349485e-10, 9.94699322909e-11, 6.66282792827e-11, 5.9897482807e-11, 4.75275270528e-11, 3.97345420455e-11, 3.14992996964e-11, 1.55225814841e-11, 1.53940107189e-11],
        "max": [0.0405216403306, 0.0433746129274, 0.0395104587078, 0.0144062610343, 0.0107285603881, 0.00807901285589, 0.00702330470085, 0.00295793591067, 0.00663139019161, 0.00544457463548, 0.00892518088222, 0.00635624583811, 0.0021467290353, 0.00277523952536, 0.00320683047175, 0.00250088050961, 0.00182851345744, 0.0023342911154, 0.0010096138576, 0.00187972572166, 0.000642971368507, 0.00039116613334, 0.000682707875967, 0.000617382698692, 0.000357097800588, 0.000467066012789, 0.000197359622689, 0.000251730059972, 0.000149187952047, 0.000174530563527, 0.000238002292463, 0.000123530582641, 9.87731255009e-05, 0.000109574881208, 8.33087906358e-05, 7.61726187193e-05, 7.29683015379e-05, 4.11325781897e-05, 4.04005149903e-05, 2.97788192256e-05],
        "mean": [0.00328173884191, 0.00288615655154, 0.00142116914503, 0.000671057845466, 0.000336621014867, 0.000303985842038, 0.000344574742485, 0.000139856521855, 0.000134037138196, 0.000163100703503, 0.00017704104539, 0.00011120311683, 5.53382596991e-05, 9.49915411184e-05, 8.75762707437e-05, 7.83812356531e-05, 4.68358266517e-05, 4.62580865133e-05, 3.23209060298e-05, 3.73422517441e-05, 3.62025712093e-05, 2.66173101409e-05, 2.44486891461e-05, 1.9075730961e-05, 1.95408865693e-05, 1.78211903403e-05, 1.4141362044e-05, 1.33092789838e-05, 1.10751425382e-05, 9.93461344478e-06, 8.00301768322e-06, 6.56082193018e-06, 5.59561703994e-06, 5.14884277436e-06, 4.87328907184e-06, 4.4332359721e-06, 3.69590111404e-06, 3.15657439387e-06, 2.45723640546e-06, 2.13733778764e-06],
        "median": [0.00149337772746, 0.00161033333279, 0.000527440803126, 0.000200060225325, 0.00013812459656, 0.000110726134153, 8.65725887707e-05, 4.97915316373e-05, 4.42788004875e-05, 5.69826443098e-05, 5.05181742483e-05, 3.59178848157e-05, 2.66992137767e-05, 3.65254163626e-05, 4.09223175666e-05, 3.03318829538e-05, 2.32811071328e-05, 2.64873924607e-05, 2.10172293009e-05, 2.33572500292e-05, 2.24379073188e-05, 1.7394329916e-05, 1.48858625835e-05, 1.34790334414e-05, 1.31933938974e-05, 1.19209307741e-05, 1.06872521428e-05, 1.02339708974e-05, 8.31969191495e-06, 7.77691275289e-06, 5.78169283472e-06, 4.64605000161e-06, 3.91868888983e-06, 3.6178839764e-06, 3.22865116686e-06, 2.86522390525e-06, 2.34935305343e-06, 1.99674650503e-06, 1.53934286118e-06, 1.22626954635e-06],
        "min": [1.10046273772e-24, 8.78335875674e-25, 1.97912954054e-24, 5.61630754067e-25, 2.02559167292e-24, 1.6077432927e-24, 1.47628494765e-24, 1.93410234615e-24, 2.19219889889e-24, 2.1718017169e-24, 1.37607713015e-24, 2.12971184608e-24, 1.40835288105e-24, 2.1365366762e-24, 2.41462276707e-24, 3.37852835728e-24, 3.62343693063e-24, 4.18345086497e-24, 3.01834768138e-24, 3.40276019214e-24, 2.62165576177e-24, 2.48077585372e-24, 3.49016321943e-24, 3.36345480311e-24, 3.68276952589e-24, 3.28313357738e-24, 3.67975923268e-24, 3.70464069449e-24, 4.50321405518e-24, 4.33139028926e-24, 4.14775688116e-24, 5.2571958699e-24, 5.30989887812e-24, 4.37070317247e-24, 5.52278206529e-24, 6.29443791417e-24, 5.12219928648e-24, 5.49554703697e-24, 5.45733224814e-24, 6.41372078279e-24],
        "var": [1.98936704692e-05, 1.99384612642e-05, 9.38789162319e-06, 2.46357990363e-06, 6.42198244805e-07, 2.97053333043e-07, 4.58650674773e-07, 6.75008209328e-08, 9.58493586722e-08, 9.30835852841e-08, 2.22267729555e-07, 9.44121083535e-08, 1.05735997735e-08, 3.90839822728e-08, 2.28531078506e-08, 2.72855107397e-08, 6.56940013499e-09, 5.77784264877e-09, 1.63845681467e-09, 2.76236011842e-09, 2.05943861964e-09, 1.07238595781e-09, 1.19437204571e-09, 5.38292299623e-10, 6.00047844745e-10, 4.66711169711e-10, 2.12506526265e-10, 1.87768606219e-10, 1.26154864333e-10, 1.09592036834e-10, 1.01863593949e-10, 5.63512847496e-11, 3.91257408416e-11, 3.16171810955e-11, 3.0268131751e-11, 2.35116301428e-11, 1.95424457866e-11, 1.39267521126e-11, 8.08718716994e-12, 8.68239941748e-12]
    },
    "mfcc": {
        "mean": [-621.664611816, 80.6930084229, 3.83639407158, 23.5012168884, 9.12940788269, 12.563290596, 6.68602514267, 6.92211675644, 3.0579559803, 4.72555494308, 0.0358106046915, 3.32768344879, 0.0237158481032],
        "cov": [[13085.140625, 1526.39428711, 76.71900177, 239.002319336, -64.7630233765, -0.837482988834, -83.5664367676, -78.5491409302, -75.2558441162, 23.0512104034, 70.8714828491, 8.90603256226, 51.769821167], [1526.39428711, 964.616638184, -38.1638259888, 208.401931763, -32.0529174805, -31.4904766083, -27.4334182739, -36.5676956177, 1.93689346313, -14.9389057159, -3.24108600616, -0.493153899908, 16.5418987274], [76.71900177, -38.1638259888, 445.24621582, 87.1309356689, 160.840927124, 56.0169334412, 76.8634719849, 54.4575386047, 31.2152938843, 33.6734848022, 4.07055234909, -19.67329216, -9.69466114044], [239.002319336, 208.401931763, 87.1309356689, 294.438018799, 109.503791809, 48.4204902649, 13.5494651794, 1.16250801086, 25.5261497498, 11.248632431, -4.55245828629, -2.09349679947, -0.906395971775], [-64.7630233765, -32.0529174805, 160.840927124, 109.503791809, 244.469207764, 122.061447144, 88.7080078125, 62.3449058533, 50.3516731262, 46.3000411987, 11.5836763382, 8.67088031769, 3.47845697403], [-0.837482988834, -31.4904766083, 56.0169334412, 48.4204902649, 122.061447144, 169.629226685, 100.285491943, 56.6592140198, 32.7436904907, 27.9229183197, 5.42572069168, 7.04148864746, -5.23593664169], [-83.5664367676, -27.4334182739, 76.8634719849, 13.5494651794, 88.7080078125, 100.285491943, 155.607452393, 97.2274932861, 57.7739944458, 44.0460853577, 13.8116569519, 12.3622331619, -2.62088179588], [-78.5491409302, -36.5676956177, 54.4575386047, 1.16250801086, 62.3449058533, 56.6592140198, 97.2274932861, 138.007156372, 80.0573272705, 49.8845024109, 14.8648633957, 10.4292755127, -0.140519022942], [-75.2558441162, 1.93689346313, 31.2152938843, 25.5261497498, 50.3516731262, 32.7436904907, 57.7739944458, 80.0573272705, 112.255096436, 67.9955825806, 23.0329303741, 12.7023706436, 0.888599038124], [23.0512104034, -14.9389057159, 33.6734848022, 11.248632431, 46.3000411987, 27.9229183197, 44.0460853577, 49.8845024109, 67.9955825806, 97.9543991089, 48.1133956909, 24.8395347595, 9.82379722595], [70.8714828491, -3.24108600616, 4.07055234909, -4.55245828629, 11.5836763382, 5.42572069168, 13.8116569519, 14.8648633957, 23.0329303741, 48.1133956909, 79.7998886108, 49.2051010132, 34.4943122864], [8.90603256226, -0.493153899908, -19.67329216, -2.09349679947, 8.67088031769, 7.04148864746, 12.3622331619, 10.4292755127, 12.7023706436, 24.8395347595, 49.2051010132, 89.5152511597, 59.7377357483], [51.769821167, 16.5418987274, -9.69466114044, -0.906395971775, 3.47845697403, -5.23593664169, -2.62088179588, -0.140519022942, 0.888599038124, 9.82379722595, 34.4943122864, 59.7377357483, 100.558517456]],
