{
"lowlevel": {
    "average_loudness": 0.58002614975,
    "barkbands_crest": {
        "dmean": 3.49629068375,
        "dmean2": 5.55045032501,
        "dvar": 9.54661655426,
        "dvar2": 22.9904708862,
        "max": 26.1734294891,
        "mean": 11.9226770401,
        "median": 11.2143440247,
        "min": 2.06818246841,
        "var": 30.5250282288
    },
    "barkbands_flatness_db": {
        "dmean": 0.0321182608604,
        "dmean2": 0.05011106655,
        "dvar": 0.000917928933632,
        "dvar2": 0.0021855274681,
        "max": 0.524168729782,
        "mean": 0.120245404541,
        "median": 0.108034238219,
        "min": 0.0202233176678,
        "var": 0.00334971374832
    },
    "barkbands_kurtosis": {
        "dmean": 5.64346218109,
        "dmean2": 8.73618412018,
        "dvar": 156.034210205,
        "dvar2": 381.749053955,
        "max": 378.903869629,
        "mean": 6.83278512955,
        "median": 1.86937475204,
        "min": -1.89586293697,
        "var": 252.479980469
    },
    "barkbands_skewness": {
        "dmean": 0.863141775131,
        "dmean2": 1.32459008694,
        "dvar": 0.851842880249,
        "dvar2": 1.95972514153,
        "max": 17.5590400696,
        "mean": 2.00373458862,
        "median": 1.65104877949,
        "min": -3.11415100098,
        "var": 2.9108440876
    },
    "barkbands_spread": {
        "dmean": 9.96015739441,
        "dmean2": 16.251455307,
        "dvar": 101.936882019,
        "dvar2": 266.86026001,
        "max": 88.9560012817,
        "mean": 28.023519516,
        "median": 26.9025325775,
        "min": 0.266296863556,
        "var": 226.144561768
    },
    "dissonance": {
        "dmean": 0.0103155067191,
        "dmean2": 0.0174116771668,
        "dvar": 0.00012375607912,
        "dvar2": 0.00032685379847,
        "max": 0.500000178814,
        "mean": 0.482272654772,
        "median": 0.486219763756,
        "min": 0.308109521866,
        "var": 0.000228285760386
    },
    "dynamic_complexity": 2.67002391815,
    "erbbands_crest": {
        "dmean": 2.26470136642,
        "dmean2": 3.76675462723,
        "dvar": 5.75710821152,
        "dvar2": 14.8239774704,
        "max": 24.6894607544,
        "mean": 6.44706773758,
        "median": 5.47770833969,
        "min": 2.26044344902,
        "var": 9.56733417511
    },
    "erbbands_flatness_db": {
        "dmean": 0.0145144239068,
        "dmean2": 0.0230420213193,
        "dvar": 0.000202766706934,
        "dvar2": 0.000487037497805,
        "max": 0.344185978174,
        "mean": 0.123221546412,
        "median": 0.115104645491,
        "min": 0.0377455353737,
        "var": 0.00120000680909
    },
    "erbbands_kurtosis": {
        "dmean": 0.732442736626,
        "dmean2": 1.19779253006,
        "dvar": 1.02438557148,
        "dvar2": 2.43599057198,
        "max": 36.9126396179,
        "mean": -0.115288987756,
        "median": -0.40710234642,
        "min": -1.86054050922,
        "var": 1.70050597191
    },
    "erbbands_skewness": {
        "dmean": 0.368003994226,
        "dmean2": 0.586427688599,
        "dvar": 0.129553630948,
        "dvar2": 0.314594894648,
        "max": 5.45341062546,
        "mean": -0.174760073423,
        "median": -0.202359288931,
        "min": -3.37170481682,
        "var": 0.381474554539
    },
    "erbbands_spread": {
        "dmean": 11.0227956772,
        "dmean2": 17.2465209961,
        "dvar": 115.29650116,
        "dvar2": 257.835357666,
        "max": 153.292602539,
        "mean": 49.7582168579,
        "median": 47.2754592896,
        "min": 4.99814748764,
        "var": 375.483581543
    },
    "hfc": {
        "dmean": 10.9683265686,
        "dmean2": 17.9976196289,
        "dvar": 200.999893188,
        "dvar2": 539.227600098,
        "max": 164.547714233,
        "mean": 25.935634613,
        "median": 21.8827362061,
        "min": 1.10798831348e-16,
        "var": 383.335327148
    },
    "melbands_crest": {
        "dmean": 4.43309259415,
        "dmean2": 7.08596324921,
        "dvar": 15.0226898193,
        "dvar2": 36.4473190308,
        "max": 37.8195457458,
        "mean": 18.2632598877,
        "median": 17.8540840149,
        "min": 2.19529700279,
        "var": 53.2247009277
    },
    "melbands_flatness_db": {
        "dmean": 0.0416845791042,
        "dmean2": 0.0646505579352,
        "dvar": 0.00146946858149,
        "dvar2": 0.00349829625338,
        "max": 0.651182055473,
        "mean": 0.187535136938,
        "median": 0.179648205638,
        "min": 0.00685911020264,
        "var": 0.00598817924038
    },
    "melbands_kurtosis": {
        "dmean": 17.3492908478,
        "dmean2": 26.6924362183,
        "dvar": 951.430969238,
        "dvar2": 2130.09716797,
        "max": 905.195251465,
        "mean": 28.114233017,
        "median": 12.8083782196,
        "min": -1.81834840775,
        "var": 2132.62988281
    },
    "melbands_skewness": {
        "dmean": 1.28414511681,
        "dmean2": 1.97699034214,
        "dvar": 1.9046984911,
        "dvar2": 4.23437929153,
        "max": 23.8818588257,
        "mean": 3.94386434555,
        "median": 3.36313271523,
        "min": -2.07509613037,
        "var": 6.97324180603
    },
    "melbands_spread": {
        "dmean": 11.4236221313,
        "dmean2": 18.8071804047,
        "dvar": 173.33241272,
        "dvar2": 430.202606201,
        "max": 181.248733521,
        "mean": 25.6695899963,
        "median": 20.591337204,
        "min": 0.200404182076,
        "var": 413.611663818
    },
    "pitch_salience": {
        "dmean": 0.106760360301,
        "dmean2": 0.169857218862,
        "dvar": 0.00935871340334,
        "dvar2": 0.0219324380159,
        "max": 0.972799003124,
        "mean": 0.51250821352,
        "median": 0.54006510973,
        "min": 0.0546555407345,
        "var": 0.0276099126786
    },
    "silence_rate_20dB": {
        "dmean": 0,
        "dmean2": 0,
        "dvar": 0,
        "dvar2": 0,
        "max": 1,
        "mean": 1,
        "median": 1,
        "min": 1,
        "var": 0
    },
    "silence_rate_30dB": {
        "dmean": 0.0156725496054,
        "dmean2": 0.0313474871218,
        "dvar": 0.0154258217663,
        "dvar2": 0.036751575768,
        "max": 1,
        "mean": 0.969798386097,
        "median": 1,
        "min": 0,
        "var": 0.0292921010405
    },
    "silence_rate_60dB": {
        "dmean": 0.00319537427276,
        "dmean2": 0.00639123469591,
        "dvar": 0.00318499864079,
        "dvar2": 0.00802406668663,
        "max": 1,
        "mean": 0.0343856997788,
        "median": 0,
        "min": 0,
        "var": 0.0332033112645
    },
    "spectral_centroid": {
        "dmean": 437.923706055,
        "dmean2": 698.15447998,
        "dvar": 181007.40625,
        "dvar2": 445809.96875,
        "max": 11260.515625,
        "mean": 1764.00598145,
        "median": 1752.24682617,
        "min": 105.832969666,
        "var": 534095.0625
    },
    "spectral_complexity": {
        "dmean": 6.49756526947,
        "dmean2": 10.2274971008,
        "dvar": 37.5038452148,
        "dvar2": 85.8291778564,
        "max": 62,
        "mean": 27.6934947968,
        "median": 28,
        "min": 0,
        "var": 193.341094971
    },
    "spectral_decrease": {
        "dmean": 3.69803765388e-09,
        "dmean2": 5.70919711507e-09,
        "dvar": 1.89021804558e-17,
        "dvar2": 4.37995443069e-17,
        "max": 1.00694448525e-28,
        "mean": -1.01846122647e-08,
        "median": -8.21879098112e-09,
        "min": -6.49546691989e-08,
        "var": 7.26546745672e-17
    },
    "spectral_energy": {
        "dmean": 0.0143101736903,
        "dmean2": 0.0220414604992,
        "dvar": 0.000273770914646,
        "dvar2": 0.000636896525975,
        "max": 0.247691303492,
        "mean": 0.040791541338,
        "median": 0.0335405431688,
        "min": 1.03297563648e-20,
        "var": 0.00107888900675
    },
    "spectral_energyband_high": {
        "dmean": 0.00102285679895,
        "dmean2": 0.00172202521935,
        "dvar": 2.27958912546e-06,
        "dvar2": 6.06874209552e-06,
        "max": 0.0208071917295,
        "mean": 0.00170171074569,
        "median": 0.00116910575889,
        "min": 7.51794812726e-21,
        "var": 3.45403645952e-06
    },
    "spectral_energyband_low": {
        "dmean": 0.0116918524727,
        "dmean2": 0.0181062649935,
        "dvar": 0.000272377335932,
        "dvar2": 0.000618562626187,
        "max": 0.241442084312,
        "mean": 0.0244446005672,
        "median": 0.014062856324,
        "min": 3.61813988742e-23,
        "var": 0.000923383457121
    },
    "spectral_energyband_middle_high": {
        "dmean": 0.0021434056107,
        "dmean2": 0.00350408209488,
        "dvar": 7.19602621757e-06,
        "dvar2": 1.86490906344e-05,
        "max": 0.0450159870088,
        "mean": 0.00520213088021,
        "median": 0.00439008278772,
        "min": 1.47559640777e-21,
        "var": 1.66807258211e-05
    },
    "spectral_energyband_middle_low": {
        "dmean": 0.00709710363299,
        "dmean2": 0.011541952379,
        "dvar": 0.00013529023272,
        "dvar2": 0.000327283953084,
        "max": 0.131068170071,
        "mean": 0.0114843901247,
        "median": 0.00701537914574,
        "min": 1.34001138775e-22,
        "var": 0.000171630075783
    },
    "spectral_entropy": {
        "dmean": 0.160588115454,
        "dmean2": 0.254845172167,
        "dvar": 0.0278548616916,
        "dvar2": 0.0672478377819,
        "max": 9.81624412537,
        "mean": 7.94436693192,
        "median": 8.00833702087,
        "min": 5.19761943817,
        "var": 0.0907590761781
    },
    "spectral_flux": {
        "dmean": 0.0367963314056,
        "dmean2": 0.0552013106644,
        "dvar": 0.00134482746944,
        "dvar2": 0.00270244805142,
        "max": 0.432335019112,
        "mean": 0.113423384726,
        "median": 0.0997118726373,
        "min": 6.76899578056e-11,
        "var": 0.0038811492268
    },
    "spectral_kurtosis": {
        "dmean": 1.09074068069,
        "dmean2": 1.83894562721,
        "dvar": 5.94808244705,
        "dvar2": 18.7097454071,
        "max": 90.3654632568,
        "mean": 3.06639909744,
        "median": 2.54093980789,
        "min": -1.2259503603,
        "var": 10.8393945694
    },
    "spectral_rms": {
        "dmean": 0.00106644351035,
        "dmean2": 0.00162406940944,
        "dvar": 1.10659857455e-06,
        "dvar2": 2.49281424658e-06,
        "max": 0.0155450971797,
        "mean": 0.00582267716527,
        "median": 0.00572035647929,
        "min": 3.17455675462e-12,
        "var": 5.8933260334e-06
    },
    "spectral_rolloff": {
        "dmean": 856.036682129,
        "dmean2": 1454.55847168,
        "dvar": 1110343.5,
        "dvar2": 2751288.5,
        "max": 19422.9492188,
        "mean": 1558.50085449,
        "median": 1141.25976562,
        "min": 43.06640625,
        "var": 2313470.75
    },
    "spectral_skewness": {
        "dmean": 0.176099225879,
        "dmean2": 0.287967354059,
        "dvar": 0.0441163592041,
        "dvar2": 0.123212181032,
        "max": 6.88076162338,
        "mean": 1.22733962536,
        "median": 1.18819129467,
        "min": -0.00385736953467,
        "var": 0.132010117173
    },
    "spectral_spread": {
        "dmean": 525250.4375,
        "dmean2": 780852.0625,
        "dvar": 318789189632,
        "dvar2": 627961167872,
        "max": 41184864,
        "mean": 4888640,
        "median": 4843391.5,
        "min": 725054.375,
        "var": 1.76483178906e+12
    },
    "spectral_strongpeak": {
        "dmean": 0.297499597073,
        "dmean2": 0.498136669397,
        "dvar": 0.276051670313,
        "dvar2": 0.767493486404,
        "max": 10.5120239258,
        "mean": 0.524501264095,
        "median": 0.380048692226,
        "min": 0,
        "var": 0.328224688768
    },
    "zerocrossingrate": {
        "dmean": 0.0134993195534,
        "dmean2": 0.0175382252783,
        "dvar": 0.000159057963174,
        "dvar2": 0.000233878570725,
        "max": 0.52734375,
        "mean": 0.0644072145224,
        "median": 0.06005859375,
        "min": 0.0029296875,
        "var": 0.00137754844036
    },
    "barkbands": {
        "dmean": [0.000828589545563, 0.00940346065909, 0.00412591733038, 0.0034954904113, 0.00417864695191, 0.000934859039262, 0.000439482799266, 0.000408736319514, 0.000456888868939, 0.000389274500776, 0.000314951437758, 0.000395203271182, 0.000293877208605, 0.000328093505232, 0.000328514579451, 0.000311348267132, 0.000326281413436, 0.000320134073263, 0.000383966922527, 0.000334381416906, 0.000329255708493, 0.000241041765548, 0.000178838934517, 0.000120129523566, 6.41112201265e-05, 2.65010512521e-05, 3.65275036529e-06],
        "dmean2": [0.00110053806566, 0.0141425197944, 0.00718792062253, 0.00590290268883, 0.00716215651482, 0.00164731347468, 0.000744676974136, 0.000670504872687, 0.000763790681958, 0.000649549940135, 0.000519955181517, 0.000656613439787, 0.000502106384374, 0.000553563295398, 0.000557580613531, 0.000524602422956, 0.000558177998755, 0.000552617711946, 0.000656772695947, 0.000572955643293, 0.000568483956158, 0.000408562365919, 0.000304872839479, 0.000198912297492, 0.000105356884887, 4.4024658564e-05, 6.3123493419e-06],
        "dvar": [3.97013809561e-06, 0.000224386094487, 8.63397872308e-05, 4.94761807204e-05, 7.19678209862e-05, 2.79629261968e-06, 5.98022836584e-07, 6.13711733877e-07, 7.27868496142e-07, 4.51237383459e-07, 4.17846479195e-07, 5.80717767207e-07, 2.27535011277e-07, 3.46125460737e-07, 3.13673126584e-07, 2.83826352643e-07, 3.19621392464e-07, 2.61776619936e-07, 4.09225009435e-07, 3.55948088782e-07, 3.7881636672e-07, 1.25056189404e-07, 6.15635897816e-08, 2.63156323399e-08, 7.89387666345e-09, 2.48165843431e-09, 8.11717082438e-11],
        "dvar2": [5.90859690419e-06, 0.000475807581097, 0.000237084226683, 0.000126794184325, 0.000186736171599, 7.85514021118e-06, 1.62842161444e-06, 1.51417816596e-06, 2.02619844458e-06, 1.17600575322e-06, 1.06255652099e-06, 1.48426431679e-06, 6.15242697677e-07, 8.88586555448e-07, 8.35532659949e-07, 7.25175254956e-07, 8.57747181726e-07, 7.28209840872e-07, 1.13099406462e-06, 9.65201593317e-07, 1.0346768704e-06, 3.23718779782e-07, 1.65236826888e-07, 6.77808458249e-08, 1.96388469931e-08, 6.44175646158e-09, 2.08435144144e-10],
        "max": [0.0486702397466, 0.221608370543, 0.119986101985, 0.0606700628996, 0.121107921004, 0.0210195146501, 0.0220177993178, 0.0165732130408, 0.0212398655713, 0.0147120608017, 0.0280591584742, 0.0226379558444, 0.00910862628371, 0.0163351520896, 0.0126971993595, 0.0175150670111, 0.0170629229397, 0.00956382416189, 0.0173531007022, 0.016471972689, 0.00963736418635, 0.00481280358508, 0.00291847507469, 0.0026075351052, 0.00118725316133, 0.000712584704161, 0.000224904812058],
        "mean": [0.00135593628511, 0.0168212186545, 0.00434620957822, 0.00365512515418, 0.00460142223164, 0.00113568082452, 0.000611563737039, 0.000609847484156, 0.000647240667604, 0.000544676324353, 0.000426932761911, 0.000552461366169, 0.000415294198319, 0.000478118890896, 0.000515258638188, 0.000513148261234, 0.000483448093291, 0.000516347412486, 0.000620644073933, 0.000503542483784, 0.000460732699139, 0.000345334468875, 0.000277749320958, 0.000200176567887, 0.000108032472781, 4.12945882999e-05, 4.14975875174e-06],
        "median": [0.000293493969366, 0.0065725678578, 0.00133695988916, 0.00100489170291, 0.00178208772559, 0.000600885250606, 0.000295022153296, 0.000246261392022, 0.000351133261574, 0.000280582811683, 0.000216683984036, 0.000293656485155, 0.000263646419626, 0.000277989864117, 0.00030916617834, 0.000335478252964, 0.000300681422232, 0.00034861912718, 0.000377566728275, 0.000319836137351, 0.000276396807749, 0.000204601237783, 0.000171190331457, 0.000134602349135, 6.93168549333e-05, 2.14334577322e-05, 9.00389920844e-07],
        "min": [3.4220663795e-24, 1.35160051176e-23, 5.14583434807e-24, 1.99556427421e-24, 1.11826200354e-23, 2.43935876293e-23, 3.0516604491e-23, 5.55651178545e-24, 1.42944309708e-23, 2.77871962461e-23, 3.71639535307e-23, 5.8427664521e-23, 1.53930317995e-23, 7.81328861298e-23, 8.99668220718e-23, 1.15798343781e-22, 1.37739986057e-22, 1.10312819617e-22, 1.55392105652e-22, 2.14310031448e-22, 4.2157153391e-22, 4.50899463856e-22, 4.8264761906e-22, 6.78036676546e-22, 9.59193670386e-22, 1.54600854182e-21, 2.19435446289e-21],
        "var": [1.0136108358e-05, 0.000681077945046, 6.88094223733e-05, 5.03501141793e-05, 6.76002673572e-05, 2.5703193387e-06, 8.01013925411e-07, 1.07980599751e-06, 9.93674689198e-07, 6.31709497156e-07, 5.21987658431e-07, 7.91849117832e-07, 2.68100080802e-07, 4.73015376201e-07, 5.16563545716e-07, 4.45738663757e-07, 4.09338696272e-07, 3.44943117625e-07, 5.9547227238e-07, 4.84223050989e-07, 4.36143466231e-07, 1.82380219371e-07, 9.8215494404e-08, 4.6082071492e-08, 1.40821301287e-08, 3.38064354288e-09, 1.11648745804e-10]
    },
    "erbbands": {
        "dmean": [0.364220529795, 2.001298666, 4.46029806137, 8.43369674683, 14.165356636, 13.6558694839, 9.7125787735, 7.07722616196, 6.69824981689, 6.81875658035, 9.54104042053, 10.7274265289, 12.1867380142, 10.0175447464, 12.548833847, 17.3088264465, 13.1299629211, 16.095117569, 15.5839309692, 16.5208873749, 16.3160896301, 17.1866359711, 17.0471782684, 18.9444065094, 18.058927536, 16.2344169617, 15.714963913, 10.3514566422, 9.06390476227, 7.21587753296, 4.81729507446, 3.10218834877, 1.7174628973, 0.92512357235, 0.3666908741, 0.144497469068, 0.0423829779029, 0.00816397834569, 0.00058916019043, 2.28547942243e-05],
        "dmean2": [0.501129388809, 3.14673113823, 7.51347494125, 14.2533855438, 23.8528881073, 23.6779651642, 17.1953144073, 12.4530620575, 11.4151611328, 11.3968000412, 15.5815706253, 17.9568538666, 20.3401908875, 16.6228942871, 20.8041725159, 28.7247600555, 22.2503051758, 27.0528774261, 26.5795669556, 27.733751297, 27.3875904083, 29.4008312225, 29.5546321869, 32.3062858582, 31.0960350037, 27.8988285065, 27.1451625824, 17.7178058624, 15.3729257584, 12.2592840195, 8.20428562164, 5.1939702034, 2.8304579258, 1.51716816425, 0.608609080315, 0.242521196604, 0.0699910596013, 0.0137123884633, 0.00102306483313, 3.60678168363e-05],
        "dvar": [0.420133918524, 11.1771059036, 83.7499084473, 275.73739624, 841.210510254, 860.727111816, 352.669311523, 174.334564209, 145.44934082, 162.487884521, 348.280609131, 451.822479248, 462.755981445, 274.860443115, 813.270690918, 1187.72668457, 467.74520874, 873.269470215, 673.821533203, 801.245178223, 688.398986816, 930.112609863, 763.305847168, 1037.00756836, 843.088684082, 801.765319824, 889.150817871, 305.893341064, 187.738571167, 107.859863281, 42.5974731445, 17.6429424286, 5.25026702881, 1.62202894688, 0.291694819927, 0.0641056969762, 0.00672651873901, 0.000260787317529, 2.53088819591e-06, 8.73904559828e-10],
        "dvar2": [0.673640668392, 26.935136795, 219.59967041, 715.860229492, 2147.24291992, 2310.2578125, 984.588500977, 486.685272217, 396.272918701, 414.423034668, 857.094116211, 1300.85412598, 1172.73046875, 708.796875, 2106.42260742, 3019.88476562, 1247.9251709, 2266.94433594, 1816.92919922, 2069.68359375, 1818.9621582, 2482.03100586, 2140.54736328, 2854.12255859, 2298.32397461, 2176.72973633, 2435.80834961, 818.531677246, 485.439239502, 287.497283936, 112.003631592, 46.1196975708, 13.4071550369, 3.95190811157, 0.76797670126, 0.170158013701, 0.0169111303985, 0.000658120494336, 6.63118498778e-06, 2.21482943097e-09],
        "max": [11.3707618713, 41.9253883362, 142.074829102, 163.441833496, 360.122467041, 348.809661865, 336.919799805, 175.542633057, 269.268341064, 315.906921387, 391.657287598, 590.990539551, 487.914001465, 342.70111084, 1412.17102051, 962.70111084, 402.93661499, 918.794311523, 728.695922852, 634.967834473, 574.334899902, 1174.27966309, 532.869873047, 870.698486328, 516.719360352, 676.923522949, 462.554199219, 269.038299561, 188.076080322, 139.787811279, 64.4566421509, 53.6105880737, 28.3728542328, 14.680188179, 6.68453216553, 3.8052842617, 1.21391224861, 0.305500507355, 0.0394474416971, 0.000639854581095],
        "mean": [0.661672115326, 3.02374911308, 5.38869094849, 9.33069705963, 15.4438886642, 13.9500579834, 10.6147871017, 8.44163608551, 9.2108297348, 10.0121278763, 14.5463056564, 15.5491313934, 17.5216426849, 15.2462005615, 18.1893997192, 24.7590694427, 19.8434658051, 24.1823787689, 25.4824085236, 28.309173584, 28.3725795746, 26.8118152618, 27.5087585449, 32.1925163269, 28.1583271027, 24.3000354767, 21.9741611481, 14.9640483856, 12.7158269882, 10.4026374817, 7.60559034348, 4.95958471298, 2.88201737404, 1.52111673355, 0.606500387192, 0.225865289569, 0.0662910714746, 0.0120430067182, 0.000672507972922, 6.25822722213e-05],
        "median": [0.170943692327, 1.29251277447, 2.02997756004, 3.12135767937, 5.14224290848, 5.05433702469, 5.08189153671, 4.28980064392, 4.37503290176, 4.49599456787, 6.47567129135, 8.67322731018, 9.4263753891, 8.85773468018, 10.0286531448, 13.4224157333, 13.2545804977, 14.8301963806, 16.0427532196, 18.4437179565, 18.9682559967, 17.5128650665, 18.7213954926, 20.1981449127, 17.756319046, 15.2755184174, 13.1796627045, 8.81310367584, 7.35805368423, 6.19812488556, 4.73870658875, 3.21843218803, 1.92870283127, 0.968855857849, 0.379839718342, 0.1254581213, 0.03283136338, 0.00517667643726, 0.000156910609803, 5.18569577252e-05],
        "min": [4.55228833478e-22, 2.99134500257e-21, 1.08030902755e-20, 9.7962450645e-21, 2.34159337933e-20, 2.66962639152e-20, 1.40599791974e-19, 2.19974440892e-19, 2.03667492769e-19, 3.46613776421e-19, 3.1128998479e-19, 3.92322639698e-19, 9.24125042971e-19, 1.25427950202e-18, 2.07679429893e-18, 2.38867468388e-18, 1.06758576834e-18, 4.10653732384e-18, 4.1025751287e-18, 4.89216203678e-18, 6.4552902034e-18, 7.44831970159e-18, 4.52468001862e-18, 9.10612861549e-18, 9.68645785374e-18, 1.01553418752e-17, 1.51480030477e-17, 1.73579781816e-17, 1.62817450671e-17, 1.41822862262e-17, 1.49489006743e-17, 1.52702901208e-17, 1.07600836949e-17, 1.04822643328e-17, 7.0668231759e-18, 4.66268641842e-18, 2.73898091701e-18, 1.17803288828e-18, 2.97733709472e-19, 2.96131434776e-20],
        "var": [1.59626376629, 20.2409667969, 81.1126556396, 275.260131836, 833.904602051, 711.20489502, 281.844421387, 160.578399658, 191.561416626, 247.070861816, 606.617675781, 608.699157715, 664.436889648, 413.162567139, 950.955444336, 1632.75842285, 569.772888184, 1134.74243164, 1066.02282715, 1366.46813965, 1121.18261719, 1191.2175293, 973.394348145, 1495.74609375, 1219.29504395, 1091.02270508, 1029.08837891, 408.763000488, 263.791412354, 153.299972534, 72.0458374023, 29.6022529602, 9.36427974701, 2.84514808655, 0.467400461435, 0.0865461975336, 0.00959582161158, 0.000406923645642, 3.13968439514e-06, 2.48217668641e-09]
    },
    "gfcc": {
        "mean": [26.0968742371, 72.451675415, -113.670394897, 51.4920501709, -50.8264541626, 22.768699646, -34.0834770203, 11.1151685715, -24.2510452271, 2.94022202492, -15.8984622955, 0.825564861298, -10.5628805161],
        "cov": [[8196.04394531, -1152.17114258, -20.1019325256, 373.852752686, -342.719268799, 218.999328613, -181.827011108, 168.953964233, -231.428146362, 90.9163665771, -226.613098145, 48.0654716492, -170.327636719], [-1152.17114258, 1282.62536621, -22.7053356171, -100.596054077, 229.364730835, -89.1569137573, 163.14704895, -7.06331348419, 170.534851074, -31.759771347, 162.323532104, -48.4191398621, 112.636482239], [-20.1019325256, -22.7053356171, 629.90411377, 157.509353638, 143.358718872, 120.750823975, 31.3352050781, 29.6797580719, -25.236661911, 17.123884201, -30.495880127, 18.4800357819, -24.6984386444], [373.852752686, -100.596054077, 157.509353638, 400.441864014, 114.178016663, 80.170173645, 38.20885849, 26.8411827087, 9.42879199982, -3.21802401543, -9.87995529175, -17.7479820251, 10.3900690079], [-342.719268799, 229.364730835, 143.358718872, 114.178016663, 336.615997314, 93.0735855103, 121.412200928, 42.5728187561, 56.8010177612, 20.2922649384, 35.7130851746, -7.255235672, 33.9923934937], [218.999328613, -89.1569137573, 120.750823975, 80.170173645, 93.0735855103, 223.373077393, 84.6179122925, 71.9296340942, 20.926115036, 40.9827728271, 10.0506267548, 23.4239234924, 0.956101298332], [-181.827011108, 163.14704895, 31.3352050781, 38.20885849, 121.412200928, 84.6179122925, 193.132568359, 82.5179443359, 80.0525360107, 36.3117218018, 54.0448265076, 20.8397789001, 41.2499198914], [168.953964233, -7.06331348419, 29.6797580719, 26.8411827087, 42.5728187561, 71.9296340942, 82.5179443359, 138.255233765, 72.6293334961, 54.6329421997, 29.4555454254, 26.9866714478, 13.6356248856], [-231.428146362, 170.534851074, -25.236661911, 9.42879199982, 56.8010177612, 20.926115036, 80.0525360107, 72.6293334961, 140.247314453, 64.5473861694, 68.0981674194, 16.959154129, 40.798084259], [90.9163665771, -31.759771347, 17.123884201, -3.21802401543, 20.2922649384, 40.9827728271, 36.3117218018, 54.6329421997, 64.5473861694, 109.379676819, 60.4736747742, 42.6320228577, 18.1874961853], [-226.613098145, 162.323532104, -30.495880127, -9.87995529175, 35.7130851746, 10.0506267548, 54.0448265076, 29.4555454254, 68.0981674194, 60.4736747742, 114.650939941, 50.8443717957, 48.053314209], [48.0654716492, -48.4191398621, 18.4800357819, -17.7479820251, -7.255235672, 23.4239234924, 20.8397789001, 26.9866714478, 16.959154129, 42.6320228577, 50.8443717957, 89.1466903687, 44.5125923157], [-170.327636719, 112.636482239, -24.6984386444, 10.3900690079, 33.9923934937, 0.956101298332, 41.2499198914, 13.6356248856, 40.798084259, 18.1874961853, 48.053314209, 44.5125923157, 89.7052459717]],
        "icov": [[0.000189888160094, -0.000119139433082, 0.000166253958014, -0.000315054348903, 0.000195205808268, -0.000136868402478, 0.000125284001115, -0.000390443718061, 0.000512995175086, -0.000587271468248, 0.000635871547274, -0.000447031285148, 0.000288591778371], [-0.000119139433082, 0.00242201588117, -0.000817952677608, 0.00136960111558, -0.000969527987763, 0.000867676222697, -0.000739127106499, 0.000685467966832, -0.00214441400021, 0.00340131809935, -0.00475967861712, 0.0041040959768, -0.00225853500888], [0.000166253958014, -0.000817952677608, 0.00256814062595, -0.00123615982011, -0.000512978993356, -0.00084708025679, 0.000411971675931, -0.000370855035726, 0.00132348632906, -0.00186775706243, 0.00295259756967, -0.00317331193946, 0.00203306367621], [-0.000315054348903, 0.00136960111558, -0.00123615982011, 0.00424066977575, -0.00129300414119, -0.000153963133926, -0.000166151250596, 0.000415161048295, -0.00164677295834, 0.00277681322768, -0.00329550774768, 0.00408613402396, -0.0027208190877], [0.000195205808268, -0.000969527987763, -0.000512978993356, -0.00129300414119, 0.00541663682088, -0.00134827976581, -0.00177898490801, 8.14264785731e-05, 0.000761445378885, -0.00156294414774, 0.00107025681064, 0.000684316444676, -0.000578276638407], [-0.000136868402478, 0.000867676222697, -0.00084708025679, -0.000153963133926, -0.00134827976581, 0.00761187355965, -0.0025969450362, -0.00165786710568, 0.000800544396043, -0.000580905936658, -0.000680068973452, -1.56272326421e-05, 0.00043695041677], [0.000125284001115, -0.000739127106499, 0.000411971675931, -0.000166151250596, -0.00177898490801, -0.0025969450362, 0.0108389370143, -0.00409680139273, -0.00141713838093, 0.00107876153197, -0.000891213538125, -0.000470075814519, -0.00122454296798], [-0.000390443718061, 0.000685467966832, -0.000370855035726, 0.000415161048295, 8.14264785731e-05, -0.00165786710568, -0.00409680139273, 0.0152776390314, -0.00751848332584, -0.000855965190567, 0.00157841679174, -0.00241228169762, 0.00174060033169], [0.000512995175086, -0.00214441400021, 0.00132348632906, -0.00164677295834, 0.000761445378885, 0.000800544396043, -0.00141713838093, -0.00751848332584, 0.0205334778875, -0.0100730136037, -0.000486680888571, 0.00300598423928, -0.00280807679519], [-0.000587271468248, 0.00340131809935, -0.00186775706243, 0.00277681322768, -0.00156294414774, -0.000580905936658, 0.00107876153197, -0.000855965190567, -0.0100730136037, 0.0246131978929, -0.0135155366734, 0.000758175621741, 0.00046550843399], [0.000635871547274, -0.00475967861712, 0.00295259756967, -0.00329550774768, 0.00107025681064, -0.000680068973452, -0.000891213538125, 0.00157841679174, -0.000486680888571, -0.0135155366734, 0.0304409172386, -0.0164997726679, 0.00299229612574], [-0.000447031285148, 0.0041040959768, -0.00317331193946, 0.00408613402396, 0.000684316444676, -1.56272326421e-05, -0.000470075814519, -0.00241228169762, 0.00300598423928, 0.000758175621741, -0.0164997726679, 0.0324220657349, -0.0157956872135], [0.000288591778371, -0.00225853500888, 0.00203306367621, -0.0027208190877, -0.000578276638407, 0.00043695041677, -0.00122454296798, 0.00174060033169, -0.00280807679519, 0.00046550843399, 0.00299229612574, -0.0157956872135, 0.0233371406794]]
    },
    "melbands": {
        "dmean": [0.00279606017284, 0.00221288437024, 0.00152617727872, 0.00103922898415, 0.000375872361474, 0.00016168570437, 9.71171830315e-05, 7.46236182749e-05, 7.93147119111e-05, 6.84978731442e-05, 6.14901073277e-05, 4.19414391217e-05, 4.30805412179e-05, 4.18029776483e-05, 4.0035614802e-05, 2.87756593025e-05, 3.29403810611e-05, 2.62365083472e-05, 2.52592035395e-05, 2.34127837757e-05, 2.02357805392e-05, 1.92970528587e-05, 1.76361263584e-05, 1.51393514898e-05, 1.65086494235e-05, 1.47370137711e-05, 1.26225040731e-05, 1.07347796074e-05, 1.00104343801e-05, 8.51769436849e-06, 5.65597929381e-06, 5.34813761988e-06, 4.68429561806e-06, 3.87194313589e-06, 2.99195653497e-06, 2.27609461945e-06, 1.85084900295e-06, 1.32874959036e-06, 9.54060737968e-07, 7.55674761876e-07],
        "dmean2": [0.00405558571219, 0.00356541643851, 0.00253845169209, 0.00175994180609, 0.000666913518216, 0.000284461741103, 0.000165127057699, 0.000124219615827, 0.000129684107378, 0.00011442277173, 0.000102783080365, 6.99434167473e-05, 7.11750180926e-05, 6.96187125868e-05, 6.70483568683e-05, 4.93166844535e-05, 5.53945610591e-05, 4.48229184258e-05, 4.29978390457e-05, 3.9387767174e-05, 3.42372259183e-05, 3.2980220567e-05, 3.09939532599e-05, 2.60392862401e-05, 2.82305045403e-05, 2.51633682637e-05, 2.20018719119e-05, 1.83728589036e-05, 1.72764903255e-05, 1.47077371366e-05, 9.71532153926e-06, 9.08601850824e-06, 7.98940254754e-06, 6.58740145809e-06, 5.12408132636e-06, 3.84443683288e-06, 3.106426675e-06, 2.22244580073e-06, 1.57058900641e-06, 1.25056988054e-06],
        "dvar": [2.16470016312e-05, 1.52802676894e-05, 8.04387127573e-06, 4.62558637082e-06, 5.54963548893e-07, 8.68675087418e-08, 2.95969897479e-08, 1.98370599946e-08, 2.39596182894e-08, 1.74270571307e-08, 1.18165894847e-08, 5.18242160297e-09, 8.09683520231e-09, 6.2671352552e-09, 6.78910483387e-09, 2.31981700516e-09, 4.16410328441e-09, 1.90450255566e-09, 2.10855044536e-09, 1.93818339156e-09, 1.17752074758e-09, 1.34174671373e-09, 8.91141660464e-10, 5.64109647883e-10, 8.30765400917e-10, 6.01127814193e-10, 4.52036658105e-10, 3.85174281359e-10, 3.42957273691e-10, 2.53891990765e-10, 8.83047107658e-11, 6.65185406756e-11, 4.72238810556e-11, 3.17804949024e-11, 1.69300875402e-11, 9.33985788015e-12, 6.84546169749e-12, 3.31592240645e-12, 1.73357281221e-12, 1.1536499837e-12],
        "dvar2": [4.02983059757e-05, 3.77960714104e-05, 2.02567116503e-05, 1.18745419968e-05, 1.55086263476e-06, 2.42403444872e-07, 8.06668367659e-08, 5.04128863099e-08, 6.01070837547e-08, 4.92829919096e-08, 3.00873068682e-08, 1.34958080267e-08, 2.07941592834e-08, 1.56555604036e-08, 1.72628986661e-08, 6.24572438213e-09, 1.07083630851e-08, 5.15025533332e-09, 5.54133361419e-09, 4.82086237596e-09, 3.15737835876e-09, 3.56111762301e-09, 2.51001108786e-09, 1.57011725843e-09, 2.298868651e-09, 1.65644420402e-09, 1.24168897386e-09, 1.03379338423e-09, 9.32402821618e-10, 6.92037371852e-10, 2.36123204322e-10, 1.72416442235e-10, 1.24290563952e-10, 8.57817636368e-11, 4.49962567206e-11, 2.48152887128e-11, 1.79980145371e-11, 8.61385355405e-12, 4.37611492182e-12, 2.83597017398e-12],
        "max": [0.0773583799601, 0.0639945417643, 0.0249632839113, 0.0298468563706, 0.0117243528366, 0.0038480386138, 0.00426779733971, 0.00383111950941, 0.00309832254425, 0.00345240510069, 0.00242004077882, 0.00140160624869, 0.00384308863431, 0.00214970484376, 0.00343078235164, 0.000912619405426, 0.0020684604533, 0.0010550665902, 0.00138583465014, 0.00169374991674, 0.000891667616088, 0.00154174200725, 0.000438308663433, 0.000487756798975, 0.0007919104537, 0.000628538022283, 0.000356451928383, 0.000552296696696, 0.000419040181441, 0.000250923534622, 0.000138288800372, 0.000116679322673, 9.75175207714e-05, 7.69103498897e-05, 4.69439983135e-05, 3.47916538885e-05, 5.52187848371e-05, 2.5839150112e-05, 2.42200276261e-05, 1.27939947561e-05],
        "mean": [0.00514897285029, 0.00323251960799, 0.00179315148853, 0.00112475827336, 0.000402079662308, 0.000197662855498, 0.000136548565933, 0.000110524975753, 0.000117919007607, 9.69671018538e-05, 8.62538654474e-05, 6.05369314144e-05, 5.9044759837e-05, 5.96605677856e-05, 5.69607436773e-05, 3.98606607632e-05, 4.63422184112e-05, 3.98113770643e-05, 3.93624613935e-05, 3.72715221602e-05, 3.24370703311e-05, 2.82802120637e-05, 2.50882567343e-05, 2.42870682996e-05, 2.64171776507e-05, 2.27578257181e-05, 1.7477756046e-05, 1.56726800924e-05, 1.39024996315e-05, 1.13253427116e-05, 7.88082525105e-06, 7.25477957531e-06, 6.3895963649e-06, 5.5155960581e-06, 4.57726582681e-06, 3.51432981915e-06, 2.82640371552e-06, 2.11877772927e-06, 1.5656432879e-06, 1.18799528082e-06],
        "median": [0.00171943777241, 0.00154332653619, 0.000699286989402, 0.00039593531983, 0.000194381951587, 0.000102538986539, 6.60478835925e-05, 4.85072960146e-05, 5.34088503628e-05, 5.30302677362e-05, 4.54979999631e-05, 3.3594933484e-05, 3.09559582092e-05, 3.17472149618e-05, 3.21736733895e-05, 2.4907383704e-05, 2.65230737568e-05, 2.40768422373e-05, 2.31637404795e-05, 2.3840859285e-05, 2.06105651159e-05, 1.73780572368e-05, 1.64110824699e-05, 1.59177307069e-05, 1.56462574523e-05, 1.34206311486e-05, 1.05923918454e-05, 9.66590687312e-06, 8.31607394502e-06, 6.41880069452e-06, 4.37628523287e-06, 4.0580125642e-06, 3.65560276805e-06, 3.18436627822e-06, 2.73328282674e-06, 2.23823144552e-06, 1.77891763542e-06, 1.38399673233e-06, 9.98627456283e-07, 7.40658435916e-07],
        "min": [4.93022643532e-24, 6.13249660324e-24, 1.94908833677e-24, 2.03434822619e-24, 4.23135641559e-24, 4.72105799415e-24, 3.95542943702e-24, 3.00954734634e-24, 2.79510970875e-24, 2.18333722991e-24, 4.78875133172e-24, 4.82660679441e-24, 5.80884314548e-24, 6.70485147758e-24, 3.78960456386e-24, 2.14319091516e-24, 8.24979138425e-24, 4.37072092184e-24, 6.82661136944e-24, 7.00691893997e-24, 5.45930597813e-24, 8.557148159e-24, 4.36192354502e-24, 4.74834193185e-24, 6.27277184941e-24, 6.27477555611e-24, 7.2447723358e-24, 5.6382413251e-24, 8.34096634995e-24, 1.00105052589e-23, 1.0226907949e-23, 7.99007628614e-24, 9.93665604523e-24, 7.81358838012e-24, 9.40724123655e-24, 7.99880739864e-24, 7.52557368591e-24, 7.57754542006e-24, 7.21209456167e-24, 8.76359936878e-24],
        "var": [7.63376810937e-05, 2.0661364033e-05, 8.59861029312e-06, 4.39536324848e-06, 4.2060338501e-07, 8.24209394068e-08, 3.95838206657e-08, 3.09325649539e-08, 4.01688780016e-08, 2.38015864795e-08, 1.6684326809e-08, 7.31752658467e-09, 9.78869074686e-09, 8.88249829245e-09, 8.51213499686e-09, 2.63604715833e-09, 5.26712984339e-09, 2.74681988266e-09, 3.38494587915e-09, 2.99818170291e-09, 1.69909220027e-09, 1.64326829921e-09, 9.45138634023e-10, 7.76152142556e-10, 1.11592213248e-09, 8.79671946397e-10, 5.30268329246e-10, 5.22481724552e-10, 4.14132034221e-10, 2.85845042081e-10, 1.19050075353e-10, 9.12400988096e-11, 6.39279670867e-11, 4.45324541132e-11, 2.77433371415e-11, 1.51467414999e-11, 1.04972532403e-11, 5.34202239735e-12, 3.01504719628e-12, 1.87036128772e-12]
    },
    "mfcc": {
        "mean": [-611.459289551, 94.390007019, 2.76532506943, 31.4252204895, 10.51009655, 13.3401174545, 5.93441438675, 7.85210800171, 1.14588546753, 4.59107065201, -1.06206703186, -0.110105276108, -1.48979914188],
        "cov": [[6238.78515625, -771.844177246, -86.5464401245, 177.340744019, -94.5769958496, -14.2826681137, -19.8577346802, 27.4047832489, -30.5927867889, 9.07732772827, -26.9528846741, -38.0244369507, -48.3055534363], [-771.844177246, 1120.45007324, -64.8586349487, -17.6320171356, 51.4763145447, -16.4257926941, 40.3022499084, 30.0705127716, 33.7865257263, 41.1833152771, 44.978843689, 53.4442939758, 50.3461990356], [-86.5464401245, -64.8586349487, 449.88470459, 81.2824401855, 91.6800613403, 71.0277328491, 44.1586952209, 29.595697403, 13.3778610229, -1.98119533062, 8.78101062775, 1.25548601151, -5.97281932831], [177.340744019, -17.6320171356, 81.2824401855, 310.310943604, 110.792747498, 64.0571899414, 49.317565918, 30.6072444916, 40.7530517578, 20.5531730652, 7.09988117218, 1.52055799961, -3.41316390038], [-94.5769958496, 51.4763145447, 91.6800613403, 110.792747498, 218.297775269, 98.2241592407, 73.0282440186, 37.2656478882, 42.3625335693, 33.0266265869, 17.1342868805, 7.48938322067, 1.97288644314], [-14.2826681137, -16.4257926941, 71.0277328491, 64.0571899414, 98.2241592407, 160.718841553, 93.5707931519, 47.4625587463, 41.9275093079, 27.8697071075, 19.5384998322, 11.6509485245, 9.50928401947], [-19.8577346802, 40.3022499084, 44.1586952209, 49.317565918, 73.0282440186, 93.5707931519, 144.635391235, 73.491645813, 54.1133117676, 29.8340454102, 26.2008972168, 23.4738788605, 17.5762138367], [27.4047832489, 30.0705127716, 29.595697403, 30.6072444916, 37.2656478882, 47.4625587463, 73.491645813, 106.823471069, 65.6397323608, 33.4684753418, 22.0971622467, 23.7335128784, 22.6105823517], [-30.5927867889, 33.7865257263, 13.3778610229, 40.7530517578, 42.3625335693, 41.9275093079, 54.1133117676, 65.6397323608, 104.890960693, 59.1604804993, 32.536693573, 21.51313591, 20.9455757141], [9.07732772827, 41.1833152771, -1.98119533062, 20.5531730652, 33.0266265869, 27.8697071075, 29.8340454102, 33.4684753418, 59.1604804993, 92.064201355, 55.6827812195, 26.0020618439, 16.8232555389], [-26.9528846741, 44.978843689, 8.78101062775, 7.09988117218, 17.1342868805, 19.5384998322, 26.2008972168, 22.0971622467, 32.536693573, 55.6827812195, 81.8662948608, 50.4862213135, 27.2503967285], [-38.0244369507, 53.4442939758, 1.25548601151, 1.52055799961, 7.48938322067, 11.6509485245, 23.4738788605, 23.7335128784, 21.51313591, 26.0020618439, 50.4862213135, 81.5136871338, 51.6006164551], [-48.3055534363, 50.3461990356, -5.97281932831, -3.41316390038, 1.97288644314, 9.50928401947, 17.5762138367, 22.6105823517, 20.9455757141, 16.8232555389, 27.2503967285, 51.6006164551, 78.193901062]],
