{
"lowlevel": {
    "average_loudness": 0.566752314568,
    "barkbands_crest": {
        "dmean": 2.88278484344,
        "dmean2": 4.30044412613,
        "dvar": 8.78797626495,
        "dvar2": 18.2895393372,
        "max": 26.7536563873,
        "mean": 11.4210700989,
        "median": 9.66860389709,
        "min": 2.01485824585,
        "var": 44.6132278442
    },
    "barkbands_flatness_db": {
        "dmean": 0.0332115851343,
        "dmean2": 0.0473093092442,
        "dvar": 0.0022582274396,
        "dvar2": 0.00404947018251,
        "max": 0.813721954823,
        "mean": 0.117655836046,
        "median": 0.0885310843587,
        "min": 0.0185150764883,
        "var": 0.0094566680491
    },
    "barkbands_kurtosis": {
        "dmean": 15.2856702805,
        "dmean2": 23.834985733,
        "dvar": 6369.22412109,
        "dvar2": 16591.8925781,
        "max": 1780.17138672,
        "mean": 14.883354187,
        "median": 0.185966491699,
        "min": -1.84549295902,
        "var": 5793.82714844
    },
    "barkbands_skewness": {
        "dmean": 1.02577197552,
        "dmean2": 1.48850727081,
        "dvar": 3.86567854881,
        "dvar2": 8.38285446167,
        "max": 32.5267562866,
        "mean": 1.92320036888,
        "median": 1.11782956123,
        "min": -7.70246458054,
        "var": 8.13937473297
    },
    "barkbands_spread": {
        "dmean": 10.0271587372,
        "dmean2": 16.0292625427,
        "dvar": 138.159103394,
        "dvar2": 309.359436035,
        "max": 106.740371704,
        "mean": 36.1337623596,
        "median": 38.0954818726,
        "min": 0.0387626066804,
        "var": 329.793151855
    },
    "dissonance": {
        "dmean": 0.0113940415904,
        "dmean2": 0.0194561909884,
        "dvar": 0.000334775133524,
        "dvar2": 0.000963164260611,
        "max": 0.5,
        "mean": 0.481275230646,
        "median": 0.485488891602,
        "min": 0.0515485070646,
        "var": 0.000388646236388
    },
    "dynamic_complexity": 2.32710337639,
    "erbbands_crest": {
        "dmean": 1.98869383335,
        "dmean2": 3.28955698013,
        "dvar": 6.08167648315,
        "dvar2": 13.8309354782,
        "max": 26.5302581787,
        "mean": 5.89729213715,
        "median": 4.78452301025,
        "min": 2.06409740448,
        "var": 12.6957168579
    },
    "erbbands_flatness_db": {
        "dmean": 0.0161871928722,
        "dmean2": 0.0251825079322,
        "dvar": 0.000643805833533,
        "dvar2": 0.00134257529862,
        "max": 0.477105110884,
        "mean": 0.113788679242,
        "median": 0.0999311953783,
        "min": 0.0330221652985,
        "var": 0.00248697143979
    },
    "erbbands_kurtosis": {
        "dmean": 1.52362787724,
        "dmean2": 2.53244829178,
        "dvar": 128.175491333,
        "dvar2": 278.362091064,
        "max": 269.28302002,
        "mean": 0.823173522949,
        "median": -0.64783346653,
        "min": -1.9643651247,
        "var": 218.206069946
    },
    "erbbands_skewness": {
        "dmean": 0.380116224289,
        "dmean2": 0.588377952576,
        "dvar": 0.533035457134,
        "dvar2": 1.13646697998,
        "max": 12.2580661774,
        "mean": -0.0608352385461,
        "median": -0.117456719279,
        "min": -4.22348451614,
        "var": 1.08274829388
    },
    "erbbands_spread": {
        "dmean": 12.7019433975,
        "dmean2": 20.2006702423,
        "dvar": 285.316894531,
        "dvar2": 619.262634277,
        "max": 254.006271362,
        "mean": 60.6068954468,
        "median": 54.8556632996,
        "min": 0.619823276997,
        "var": 787.843566895
    },
    "hfc": {
        "dmean": 16.059709549,
        "dmean2": 26.2571086884,
        "dvar": 609.328063965,
        "dvar2": 1568.44909668,
        "max": 265.201782227,
        "mean": 38.1919250488,
        "median": 30.6036300659,
        "min": 1.09364374435e-16,
        "var": 1017.8604126
    },
    "melbands_crest": {
        "dmean": 3.79943871498,
        "dmean2": 5.91314840317,
        "dvar": 16.2913970947,
        "dvar2": 36.5865135193,
        "max": 39.1062774658,
        "mean": 16.8112430573,
        "median": 15.4839038849,
        "min": 1.88505399227,
        "var": 65.9986038208
    },
    "melbands_flatness_db": {
        "dmean": 0.0411292724311,
        "dmean2": 0.0594179183245,
        "dvar": 0.00332135800272,
        "dvar2": 0.00598160596564,
        "max": 0.977798521519,
        "mean": 0.171719551086,
        "median": 0.137124836445,
        "min": 0.00367954792455,
        "var": 0.0153549220413
    },
    "melbands_kurtosis": {
        "dmean": 43.9452209473,
        "dmean2": 66.2113723755,
        "dvar": 34599.2539062,
        "dvar2": 86008.09375,
        "max": 8029.40673828,
        "mean": 58.9424285889,
        "median": 8.764793396,
        "min": -1.8838583231,
        "var": 36400.5546875
    },
    "melbands_skewness": {
        "dmean": 1.62674033642,
        "dmean2": 2.43776965141,
        "dvar": 8.67621898651,
        "dvar2": 17.3480892181,
        "max": 59.1103935242,
        "mean": 4.45441865921,
        "median": 2.78953313828,
        "min": -6.30012845993,
        "var": 22.0734157562
    },
    "melbands_spread": {
        "dmean": 12.3902492523,
        "dmean2": 20.0024585724,
        "dvar": 284.239044189,
        "dvar2": 679.000549316,
        "max": 287.705688477,
        "mean": 36.6465415955,
        "median": 32.376865387,
        "min": 0.0396316833794,
        "var": 935.356018066
    },
    "pitch_salience": {
        "dmean": 0.0932733118534,
        "dmean2": 0.142323747277,
        "dvar": 0.0110401520506,
        "dvar2": 0.0235713701695,
        "max": 0.926212847233,
        "mean": 0.499925732613,
        "median": 0.552585184574,
        "min": 0.00915659219027,
        "var": 0.040525868535
    },
    "silence_rate_20dB": {
        "dmean": 0,
        "dmean2": 0,
        "dvar": 0,
        "dvar2": 0,
        "max": 1,
        "mean": 1,
        "median": 1,
        "min": 1,
        "var": 0
    },
    "silence_rate_30dB": {
        "dmean": 0.00571337901056,
        "dmean2": 0.0114285713062,
        "dvar": 0.00568068493158,
        "dvar2": 0.0154243651778,
        "max": 1,
        "mean": 0.991748631001,
        "median": 1,
        "min": 0,
        "var": 0.0081836655736
    },
    "silence_rate_60dB": {
        "dmean": 0.0203142352402,
        "dmean2": 0.0406349189579,
        "dvar": 0.0199009403586,
        "dvar2": 0.043425142765,
        "max": 1,
        "mean": 0.0406220257282,
        "median": 0,
        "min": 0,
        "var": 0.0389715954661
    },
    "spectral_centroid": {
        "dmean": 416.286987305,
        "dmean2": 666.696411133,
        "dvar": 234210.421875,
        "dvar2": 537933.9375,
        "max": 11461.6503906,
        "mean": 2037.24328613,
        "median": 2135.56640625,
        "min": 42.9404754639,
        "var": 898698.75
    },
    "spectral_complexity": {
        "dmean": 6.44913482666,
        "dmean2": 9.93158721924,
        "dvar": 50.7681274414,
        "dvar2": 105.244438171,
        "max": 60,
        "mean": 23.6218662262,
        "median": 24,
        "min": 0,
        "var": 196.068664551
    },
    "spectral_decrease": {
        "dmean": 2.78072032067e-09,
        "dmean2": 4.4064889515e-09,
        "dvar": 1.66514534419e-17,
        "dvar2": 4.03949549324e-17,
        "max": 5.29803956782e-13,
        "mean": -8.25305956909e-09,
        "median": -7.0173022948e-09,
        "min": -7.41174517316e-08,
        "var": 4.61148923246e-17
    },
    "spectral_energy": {
        "dmean": 0.011206430383,
        "dmean2": 0.0176810733974,
        "dvar": 0.000259153777733,
        "dvar2": 0.000633902382106,
        "max": 0.283508807421,
        "mean": 0.0346131063998,
        "median": 0.0300931409001,
        "min": 1.03394337317e-20,
        "var": 0.000712757988367
    },
    "spectral_energyband_high": {
        "dmean": 0.00159871124197,
        "dmean2": 0.00265784980729,
        "dvar": 6.10032748227e-06,
        "dvar2": 1.58319817274e-05,
        "max": 0.0246623381972,
        "mean": 0.00326106953435,
        "median": 0.00239577726461,
        "min": 7.34411499062e-21,
        "var": 9.39165329328e-06
    },
    "spectral_energyband_low": {
        "dmean": 0.00721552362666,
        "dmean2": 0.0105156898499,
        "dvar": 0.000133638153784,
        "dvar2": 0.000265775743173,
        "max": 0.276881486177,
        "mean": 0.0177095122635,
        "median": 0.00991836190224,
        "min": 2.4670409965e-23,
        "var": 0.000532740203198
    },
    "spectral_energyband_middle_high": {
        "dmean": 0.00186713284347,
        "dmean2": 0.00298955547623,
        "dvar": 7.02355055182e-06,
        "dvar2": 1.64759167092e-05,
        "max": 0.0304782763124,
        "mean": 0.00532487593591,
        "median": 0.00452571269125,
        "min": 1.28743058987e-21,
        "var": 2.21717618842e-05
    },
    "spectral_energyband_middle_low": {
        "dmean": 0.00748096825555,
        "dmean2": 0.0128417760134,
        "dvar": 0.000213969789911,
        "dvar2": 0.000568842922803,
        "max": 0.115958526731,
        "mean": 0.00999758206308,
        "median": 0.00635892758146,
        "min": 1.83748095854e-22,
        "var": 0.00018504379841
    },
    "spectral_entropy": {
        "dmean": 0.201397106051,
        "dmean2": 0.317994534969,
        "dvar": 0.0962810665369,
        "dvar2": 0.21652045846,
        "max": 9.81514167786,
        "mean": 8.0250749588,
        "median": 8.16689586639,
        "min": 3.33333277702,
        "var": 0.316047102213
    },
    "spectral_flux": {
        "dmean": 0.0390540100634,
        "dmean2": 0.0582285188138,
        "dvar": 0.00190996762831,
        "dvar2": 0.00330086401664,
        "max": 0.364221572876,
        "mean": 0.0990623757243,
        "median": 0.0788980945945,
        "min": 6.60856994128e-11,
        "var": 0.00407672487199
    },
    "spectral_kurtosis": {
        "dmean": 2.63045787811,
        "dmean2": 4.68322372437,
        "dvar": 775.95892334,
        "dvar2": 2062.18432617,
        "max": 1224.11901855,
        "mean": 4.45066165924,
        "median": 1.48053741455,
        "min": -1.51697063446,
        "var": 1142.90270996
    },
    "spectral_rms": {
        "dmean": 0.00090661412105,
        "dmean2": 0.00138260377571,
        "dvar": 1.20511822388e-06,
        "dvar2": 2.7475796287e-06,
        "max": 0.0166311133653,
        "mean": 0.00540229491889,
        "median": 0.0054184095934,
        "min": 3.17604362948e-12,
        "var": 4.58409795101e-06
    },
    "spectral_rolloff": {
        "dmean": 1134.38037109,
        "dmean2": 1911.24902344,
        "dvar": 2644771.5,
        "dvar2": 6167604,
        "max": 19143.0175781,
        "mean": 2886.05615234,
        "median": 2325.5859375,
        "min": 43.06640625,
        "var": 7396013
    },
    "spectral_skewness": {
        "dmean": 0.207746222615,
        "dmean2": 0.335378289223,
        "dvar": 0.633814573288,
        "dvar2": 1.49227416515,
        "max": 28.022605896,
        "mean": 1.20767641068,
        "median": 1.08480429649,
        "min": -0.595358252525,
        "var": 1.66723024845
    },
    "spectral_spread": {
        "dmean": 736946.1875,
        "dmean2": 1118859.875,
        "dvar": 1.3925243945e+12,
        "dvar2": 3.02992955802e+12,
        "max": 41794188,
        "mean": 6622296,
        "median": 6543671,
        "min": 93844.65625,
        "var": 7.02745044582e+12
    },
    "spectral_strongpeak": {
        "dmean": 0.343278676271,
        "dmean2": 0.588909983635,
        "dvar": 0.483857661486,
        "dvar2": 1.16927158833,
        "max": 20.3168983459,
        "mean": 0.684106111526,
        "median": 0.422336608171,
        "min": 0,
        "var": 1.16742563248
    },
    "zerocrossingrate": {
        "dmean": 0.0183412730694,
        "dmean2": 0.0211092513055,
        "dvar": 0.000365814514225,
        "dvar2": 0.000421707809437,
        "max": 0.5595703125,
        "mean": 0.101305417717,
        "median": 0.095703125,
        "min": 0.00146484375,
        "var": 0.0038608382456
    },
    "barkbands": {
        "dmean": [0.000246760260779, 0.00537083810195, 0.00336552737281, 0.00417942227796, 0.00285353814252, 0.000889536517207, 0.00042558205314, 0.000244494149229, 0.000367083324818, 0.000312766176648, 0.000266518502031, 0.000408768566558, 0.000373929244233, 0.000271091674222, 0.000324488733895, 0.00022506271489, 0.000320794177242, 0.000193977277377, 0.000304695218801, 0.000265413604211, 0.000304045708617, 0.000278355029877, 0.000367104716133, 0.000373965565814, 0.000329770729877, 9.0396264568e-05, 1.30288781293e-05],
        "dmean2": [0.000322419014992, 0.00759458448738, 0.00571976322681, 0.00740340538323, 0.00508868321776, 0.00148061430082, 0.000718496041372, 0.000387890409911, 0.000587858492509, 0.000495983404107, 0.000425201171311, 0.000647735083476, 0.000591230869759, 0.000437953014625, 0.000537327490747, 0.000386091327528, 0.000529677548911, 0.000325571774738, 0.000524552538991, 0.000443902885308, 0.00049796019448, 0.000461067364085, 0.000611553434283, 0.000634418276604, 0.000562106957659, 0.000144155113958, 2.16320895561e-05],
        "dvar": [7.35438334232e-07, 8.56563201523e-05, 6.79842705722e-05, 9.30076348595e-05, 4.30919571954e-05, 2.42101873482e-06, 1.09483903543e-06, 2.6165398026e-07, 4.63969200837e-07, 2.31815604934e-07, 1.44423665915e-07, 4.92080346248e-07, 3.68479959434e-07, 1.39229129559e-07, 1.89722953792e-07, 1.28848796521e-07, 2.98655635333e-07, 7.45854435991e-08, 3.62018766964e-07, 1.11011047466e-07, 1.58780395054e-07, 1.52194743919e-07, 3.22663140651e-07, 3.72790225356e-07, 4.20414806968e-07, 5.71557379203e-08, 1.11218834142e-09],
        "dvar2": [1.14318129363e-06, 0.00015205105592, 0.000178319576662, 0.000250593089731, 0.00011934874783, 6.36182448943e-06, 3.0176065593e-06, 6.1210533886e-07, 1.04878870388e-06, 5.49435981156e-07, 3.42231885497e-07, 1.15547629775e-06, 7.96251072188e-07, 3.23876122366e-07, 4.76576531128e-07, 3.57342628377e-07, 7.80347420459e-07, 1.91815331618e-07, 1.05660160443e-06, 2.77880076283e-07, 4.1756524638e-07, 3.86629665172e-07, 8.64346588969e-07, 9.87187036117e-07, 1.11829422167e-06, 1.2769689306e-07, 2.7698374705e-09],
        "max": [0.0518716014922, 0.250043928623, 0.0952555313706, 0.0817819386721, 0.0574978403747, 0.0271867625415, 0.0185144841671, 0.0075652282685, 0.0102345235646, 0.007244204171, 0.00595473684371, 0.013385521248, 0.00905600003898, 0.00532494578511, 0.00731527945027, 0.00453570717946, 0.00662243179977, 0.00355747085996, 0.0188565459102, 0.00550917582586, 0.00444184383377, 0.00401542056352, 0.0076054292731, 0.00615197606385, 0.0161463879049, 0.00388364167884, 0.000623148051091],
        "mean": [0.000537776912097, 0.0125170098618, 0.00304464320652, 0.00333529501222, 0.00339554995298, 0.00154994789045, 0.000563149806112, 0.000344584375853, 0.000675093906466, 0.000505326781422, 0.000397094554501, 0.000723054341506, 0.000692306552082, 0.000457699934486, 0.000546035065781, 0.000338896963513, 0.000581945001613, 0.000331694405759, 0.000529236102011, 0.000532668665983, 0.000629814981949, 0.000528644945007, 0.000607285473961, 0.000621603277978, 0.00045427493751, 0.000154826644575, 1.76350058609e-05],
        "median": [8.97189602256e-05, 0.00455478020012, 0.000621916609816, 0.000446365622338, 0.00158696062863, 0.00087407551473, 0.00023624948517, 0.000148956823978, 0.00030664546648, 0.000228049539146, 0.000198345660465, 0.000237014173763, 0.000283714820398, 0.000265352020506, 0.000345366017427, 0.00023107114248, 0.000362046877854, 0.00024355595815, 0.000349114474375, 0.000396875140723, 0.00049415952526, 0.000390056462493, 0.000414622132666, 0.000346590240952, 0.000246681214776, 9.91119159153e-05, 5.37683717994e-06],
        "min": [2.57995775761e-24, 5.67674759804e-24, 1.56785049811e-24, 3.05241385071e-24, 8.60976991455e-24, 1.61164156719e-23, 9.7642907263e-24, 1.88160885939e-23, 2.60201635956e-23, 4.06314200386e-23, 2.44483314207e-23, 4.60420655262e-23, 6.13179877689e-23, 5.09620489971e-23, 5.07459326635e-23, 8.08917851508e-23, 6.26440124635e-23, 1.25982487581e-22, 1.72513782552e-22, 2.40977165116e-22, 2.84843536488e-22, 2.99682073224e-22, 3.71786661021e-22, 6.9777031608e-22, 1.01634960909e-21, 1.38862299097e-21, 2.06041219207e-21],
        "var": [6.25601660431e-06, 0.00036218308378, 5.47258969164e-05, 7.03368932591e-05, 3.30841103278e-05, 3.9401684262e-06, 1.22331107377e-06, 3.44991548218e-07, 1.12988334422e-06, 4.54760225921e-07, 2.73927383887e-07, 1.18871844279e-06, 1.15009822821e-06, 2.84366137748e-07, 3.64768254713e-07, 1.52658628849e-07, 5.00332077991e-07, 1.20002411563e-07, 7.44305793887e-07, 2.64369475644e-07, 3.39854722142e-07, 2.70030170668e-07, 4.49868366559e-07, 5.01602130498e-07, 4.18409598524e-07, 6.68434978479e-08, 1.42687217597e-09]
    },
    "erbbands": {
        "dmean": [0.157780379057, 1.33172869682, 3.5104238987, 8.83971214294, 14.2766008377, 7.38581037521, 5.80362987518, 7.79028463364, 8.04188346863, 3.65151619911, 6.42039823532, 8.62707710266, 7.39593839645, 10.8327732086, 8.92276096344, 19.2689609528, 17.2250480652, 13.040933609, 15.634683609, 15.6537017822, 14.3821315765, 14.4526329041, 11.4365549088, 13.1238641739, 14.299908638, 12.8629407883, 12.253408432, 12.1775960922, 9.71934127808, 10.814209938, 10.550693512, 8.20256614685, 6.38334560394, 4.24596786499, 2.10939574242, 0.533743083477, 0.155569791794, 0.0265184789896, 0.00193830090575, 4.16957700509e-05],
        "dmean2": [0.190604105592, 1.858335495, 5.65100765228, 15.3131113052, 25.5406475067, 12.9079341888, 9.32174682617, 13.3890647888, 13.767156601, 5.87329864502, 10.2833986282, 13.7712697983, 12.0536251068, 17.4117240906, 14.2344150543, 30.4475574493, 26.9246006012, 21.1655712128, 25.5135116577, 26.0170135498, 24.2277545929, 24.0383796692, 18.8213119507, 22.5681095123, 24.2484149933, 21.2022190094, 20.0590991974, 20.2369937897, 16.0682086945, 17.8420734406, 17.8060722351, 13.944858551, 10.8697853088, 7.21428489685, 3.63126516342, 0.880557894707, 0.245179623365, 0.0412948764861, 0.00319112231955, 6.67146741762e-05],
        "dvar": [0.0988045558333, 5.15660762787, 60.7423973083, 368.586853027, 1189.90966797, 243.558776855, 92.3933029175, 233.071502686, 495.781768799, 34.8363075256, 187.137008667, 297.853881836, 142.091766357, 251.100357056, 131.227249146, 1181.39733887, 882.916137695, 397.20980835, 498.668273926, 487.774810791, 565.633911133, 737.251098633, 260.807617188, 429.923980713, 853.626037598, 275.117462158, 228.354629517, 303.269744873, 184.052627563, 238.235519409, 308.619873047, 146.020614624, 130.902114868, 54.4491958618, 32.0140914917, 1.39926862717, 0.205037966371, 0.00538539560512, 2.47985171882e-05, 7.21072934695e-09],
        "dvar2": [0.157562479377, 9.82349872589, 155.818389893, 952.671691895, 3229.05688477, 665.431213379, 244.601898193, 624.347351074, 1302.13232422, 90.6370239258, 437.352020264, 671.516662598, 351.158050537, 630.053283691, 305.446807861, 2726.97680664, 1870.41296387, 935.482849121, 1185.18945312, 1221.54138184, 1556.93603516, 1989.15795898, 671.116638184, 1186.04162598, 2473.30908203, 667.776977539, 576.760925293, 799.31439209, 459.657409668, 621.672851562, 830.439208984, 381.421203613, 348.206420898, 142.433929443, 88.9604797363, 3.29215192795, 0.455414503813, 0.0114444261417, 6.09038688708e-05, 1.65360454218e-08],
        "max": [13.8628892899, 32.4420471191, 84.1289520264, 163.56678772, 284.086456299, 164.628829956, 190.294555664, 261.977935791, 457.068511963, 112.393615723, 206.563751221, 275.752258301, 180.010360718, 235.676605225, 177.009246826, 680.880493164, 445.909545898, 366.03604126, 448.328094482, 249.558166504, 303.263702393, 349.11126709, 182.070358276, 313.408203125, 1079.27441406, 236.211715698, 171.98210144, 233.069549561, 157.531097412, 151.871566772, 280.994110107, 127.69720459, 113.123825073, 99.1470108032, 201.38671875, 24.0250434875, 8.65377902985, 1.4368699789, 0.0967428907752, 0.00140127446502],
        "mean": [0.395293235779, 2.60448622704, 3.94302487373, 7.83234786987, 12.0067625046, 10.9998922348, 10.8719453812, 12.305223465, 10.4150009155, 5.8352560997, 9.74951076508, 15.6770792007, 13.6458873749, 18.432592392, 16.657207489, 35.9987258911, 34.5261306763, 23.9290618896, 26.9601783752, 25.1402301788, 23.7430171967, 26.0459575653, 21.7871627808, 23.1281242371, 26.50481987, 26.5306434631, 25.3928413391, 23.1912097931, 18.9074516296, 19.3935813904, 16.8808307648, 13.393204689, 9.99534893036, 5.80098152161, 2.87587404251, 0.836862564087, 0.258669376373, 0.0485979877412, 0.00279116863385, 0.000101839636045],
        "median": [0.101494476199, 0.846869587898, 1.16310739517, 1.42467021942, 2.67396116257, 4.7148270607, 7.40734672546, 5.70688772202, 3.91659593582, 3.19699764252, 4.41446685791, 7.1242647171, 6.76969432831, 10.2024383545, 11.0200462341, 13.1637964249, 15.1805801392, 14.0078382492, 15.75340271, 15.8448753357, 16.4922904968, 17.47315979, 16.1586494446, 17.6402893066, 17.7359085083, 19.4368553162, 20.1221084595, 16.3656196594, 14.289188385, 13.2678108215, 10.8781833649, 8.05770778656, 5.29795265198, 3.07628202438, 1.36530685425, 0.498952239752, 0.160024642944, 0.0292952526361, 0.00109022087418, 7.88035904407e-05],
        "min": [2.18664240722e-22, 1.07277994722e-21, 1.6891538028e-21, 1.30639622977e-20, 9.61390747719e-21, 3.5084597494e-20, 3.69687307524e-20, 1.43719335633e-19, 2.40079375873e-19, 2.48934059987e-19, 4.054401474e-19, 6.07935874208e-19, 8.23247161945e-19, 1.15825014015e-18, 8.65122198179e-19, 1.83681534795e-18, 2.90408203137e-18, 2.66425548842e-18, 2.52406057551e-18, 5.16813554532e-18, 4.95557618408e-18, 4.43307555604e-18, 8.49763801329e-18, 6.80221554257e-18, 8.9001465809e-18, 1.07435301565e-17, 1.05232312799e-17, 1.09142114313e-17, 1.09027888942e-17, 1.16990164082e-17, 1.07420883807e-17, 1.08159341027e-17, 1.24082319664e-17, 1.03126013174e-17, 7.8372649887e-18, 4.5921738207e-18, 2.37123916413e-18, 9.97107498609e-19, 2.8688303854e-19, 2.65575576819e-20],
        "var": [0.735991179943, 14.0011463165, 58.5790672302, 309.836242676, 855.703491211, 242.207885742, 139.513931274, 318.858703613, 574.792480469, 56.3581237793, 250.245544434, 680.346923828, 323.004486084, 493.566558838, 326.779083252, 2967.51245117, 2903.95117188, 866.332092285, 1006.97033691, 858.682617188, 720.328796387, 1006.37249756, 475.74987793, 625.159423828, 2298.05957031, 682.14276123, 534.102050781, 548.864929199, 345.250091553, 385.499725342, 403.066619873, 216.431503296, 151.076507568, 56.7225646973, 26.7065830231, 1.578966856, 0.236878618598, 0.0079838372767, 3.34186734108e-05, 1.18265290894e-08]
    },
    "gfcc": {
        "mean": [29.8909454346, 38.6334266663, -101.76449585, 43.182723999, -56.4803085327, 26.5327453613, -38.5026321411, 8.28848171234, -27.6817035675, 6.01664590836, -15.8731040955, 5.2431883812, -9.29070854187],
        "cov": [[12934.6640625, -1060.75109863, -1524.74316406, -3.52279639244, -991.932250977, 147.471694946, -584.470214844, 46.9150810242, -471.984405518, 149.226806641, -225.84463501, 222.128723145, -157.396362305], [-1060.75109863, 1746.61962891, 187.713531494, 100.426254272, 257.913970947, -223.397140503, 112.295715332, -210.049758911, 101.294334412, -135.639160156, 61.4665374756, -129.614425659, 80.9009246826], [-1524.74316406, 187.713531494, 1464.61560059, 342.544281006, 509.101501465, 371.269195557, 200.76651001, 219.512237549, 164.476043701, 73.8875198364, 9.43029594421, -50.0653533936, -44.5106124878], [-3.52279639244, 100.426254272, 342.544281006, 428.706359863, 198.835922241, 185.088653564, 69.6944351196, 75.2676315308, 61.3426551819, 7.23441696167, -7.91245555878, -47.5476417542, -32.6356124878], [-991.932250977, 257.913970947, 509.101501465, 198.835922241, 434.969696045, 193.279724121, 239.508789062, 120.846801758, 148.058822632, 49.1230010986, 70.8220901489, -1.97552251816, 24.7938232422], [147.471694946, -223.397140503, 371.269195557, 185.088653564, 193.279724121, 360.792816162, 142.718444824, 202.624206543, 97.2256088257, 117.287872314, 33.1487464905, 44.476272583, 7.71623373032], [-584.470214844, 112.295715332, 200.76651001, 69.6944351196, 239.508789062, 142.718444824, 251.688049316, 126.12311554, 141.988800049, 74.0553283691, 90.524887085, 39.3933296204, 51.4445762634], [46.9150810242, -210.049758911, 219.512237549, 75.2676315308, 120.846801758, 202.624206543, 126.12311554, 218.970840454, 114.086715698, 116.171539307, 51.5279998779, 56.5266876221, 27.9107913971], [-471.984405518, 101.294334412, 164.476043701, 61.3426551819, 148.058822632, 97.2256088257, 141.988800049, 114.086715698, 168.387359619, 93.2660217285, 81.8026199341, 34.2188339233, 54.1806716919], [149.226806641, -135.639160156, 73.8875198364, 7.23441696167, 49.1230010986, 117.287872314, 74.0553283691, 116.171539307, 93.2660217285, 141.855270386, 79.4266052246, 76.8673400879, 40.5074043274], [-225.84463501, 61.4665374756, 9.43029594421, -7.91245555878, 70.8220901489, 33.1487464905, 90.524887085, 51.5279998779, 81.8026199341, 79.4266052246, 131.267700195, 73.0944442749, 62.0698699951], [222.128723145, -129.614425659, -50.0653533936, -47.5476417542, -1.97552251816, 44.476272583, 39.3933296204, 56.5266876221, 34.2188339233, 76.8673400879, 73.0944442749, 123.464179993, 65.2663040161], [-157.396362305, 80.9009246826, -44.5106124878, -32.6356124878, 24.7938232422, 7.71623373032, 51.4445762634, 27.9107913971, 54.1806716919, 40.5074043274, 62.0698699951, 65.2663040161, 100.435157776]],
        "icov": [[0.000160413241247, -0.000170404498931, 0.000201479488169, -0.000174280678038, 0.000215213367483, -0.00021710859437, 0.000130629166961, -0.000358330376912, 0.000550038646907, -0.000498483947013, 0.000372403796064, -0.000548276002519, 0.000447997561423], [-0.000170404498931, 0.00146332860459, -0.000420979427872, -6.49931826047e-05, -0.000695931666996, 0.000829740427434, -0.000415361690102, 0.00197618501261, -0.00156671798322, 0.00106593582314, -0.0011085534934, 0.00213983864523, -0.00217200163752], [0.000201479488169, -0.000420979427872, 0.00180571642704, -0.00012789160246, -0.00162163120694, -0.00109652290121, 0.00157164200209, -0.00125765311532, 0.000271853117738, -0.000572130200453, 0.000824695685878, -0.000644451589324, 0.00143580324948], [-0.000174280678038, -6.49931826047e-05, -0.00012789160246, 0.00430006859824, -0.00159792113118, -0.00234212633222, 0.00173784221988, 0.000358312914614, -0.00209281174466, 0.00228367955424, -0.00104334077332, 0.00137372664176, 0.000664541206788], [0.000215213367483, -0.000695931666996, -0.00162163120694, -0.00159792113118, 0.00968030840158, -0.00125560769811, -0.00639006216079, 0.000681681092829, -0.000149342115037, 0.00114696309902, -0.000646594387945, -0.000904883781914, 0.00105594785418], [-0.00021710859437, 0.000829740427434, -0.00109652290121, -0.00234212633222, -0.00125560769811, 0.0101058185101, -0.00280308467336, -0.00386059097946, 0.00296904495917, -0.00454835081473, 0.00213267677464, 0.000531841127668, -0.00164428108837], [0.000130629166961, -0.000415361690102, 0.00157164200209, 0.00173784221988, -0.00639006216079, -0.00280308467336, 0.0152200134471, -0.0035102951806, -0.0052125537768, 0.00359739549458, -0.00333130103536, -0.000960705976468, 0.000817033986095], [-0.000358330376912, 0.00197618501261, -0.00125765311532, 0.000358312914614, 0.000681681092829, -0.00386059097946, -0.0035102951806, 0.0179136320949, -0.0073403660208, -0.00265188026242, 0.00128289393615, 0.0005156363477, -0.00174467265606], [0.000550038646907, -0.00156671798322, 0.000271853117738, -0.00209281174466, -0.000149342115037, 0.00296904495917, -0.0052125537768, -0.0073403660208, 0.0246755853295, -0.0128060467541, -0.000648862682283, 0.00459835445508, -0.00465069990605], [-0.000498483947013, 0.00106593582314, -0.000572130200453, 0.00228367955424, 0.00114696309902, -0.00454835081473, 0.00359739549458, -0.00265188026242, -0.0128060467541, 0.0284040588886, -0.00948475394398, -0.00558982836083, 0.00275587942451], [0.000372403796064, -0.0011085534934, 0.000824695685878, -0.00104334077332, -0.000646594387945, 0.00213267677464, -0.00333130103536, 0.00128289393615, -0.000648862682283, -0.00948475394398, 0.0214497391135, -0.0084141548723, -0.000764287484344], [-0.000548276002519, 0.00213983864523, -0.000644451589324, 0.00137372664176, -0.000904883781914, 0.000531841127668, -0.000960705976468, 0.0005156363477, 0.00459835445508, -0.00558982836083, -0.0084141548723, 0.025928851217, -0.0137663781643], [0.000447997561423, -0.00217200163752, 0.00143580324948, 0.000664541206788, 0.00105594785418, -0.00164428108837, 0.000817033986095, -0.00174467265606, -0.00465069990605, 0.00275587942451, -0.000764287484344, -0.0137663781643, 0.0240081325173]]
    },
    "melbands": {
        "dmean": [0.00139814510476, 0.00166448403616, 0.00174493144732, 0.000772880914155, 0.000206483033253, 0.000176312751137, 0.000112307796371, 3.84919112548e-05, 5.54066500627e-05, 5.25351097167e-05, 3.75211966457e-05, 4.57693422504e-05, 3.66146596207e-05, 4.60916598968e-05, 4.29949141107e-05, 3.12596821459e-05, 2.50205212069e-05, 2.63914935204e-05, 2.02192677534e-05, 1.81759241968e-05, 1.91012368305e-05, 1.60651961778e-05, 1.45701205838e-05, 1.10656847028e-05, 1.13073765533e-05, 1.18782345453e-05, 9.45328429225e-06, 8.75508339959e-06, 8.30786666484e-06, 8.13703445601e-06, 7.49590526539e-06, 5.57071098228e-06, 6.06633284406e-06, 6.60888736093e-06, 6.59559918859e-06, 5.31407295057e-06, 5.20217417943e-06, 4.91332048114e-06, 3.97020949094e-06, 3.57201656698e-06],
        "dmean2": [0.00187414686661, 0.00250725331716, 0.00296279205941, 0.0013868737733, 0.000333457253873, 0.000300772517221, 0.000191280327272, 6.16067045485e-05, 8.89401562745e-05, 8.41165310703e-05, 6.10415736446e-05, 7.3167924711e-05, 5.78802973905e-05, 7.35299763619e-05, 6.65660627419e-05, 4.97910805279e-05, 4.06505278079e-05, 4.31711960118e-05, 3.40068872902e-05, 3.04849818349e-05, 3.2150761399e-05, 2.72825636785e-05, 2.32348720601e-05, 1.87445511983e-05, 1.94917247427e-05, 2.05300129892e-05, 1.56290097948e-05, 1.46149905049e-05, 1.36836997626e-05, 1.37587539939e-05, 1.24383304865e-05, 9.21438277146e-06, 1.00353518064e-05, 1.09899319796e-05, 1.12411235023e-05, 8.91882245924e-06, 8.89355669642e-06, 8.41866676637e-06, 6.70950339554e-06, 6.10312554272e-06],
        "dvar": [6.15634098722e-06, 1.02944213722e-05, 1.3845173271e-05, 3.17644798997e-06, 1.29056019205e-07, 1.23422395859e-07, 8.77299939361e-08, 3.79685571872e-09, 1.27342500988e-08, 9.76248504259e-09, 3.66440278121e-09, 4.69349359378e-09, 2.61606092344e-09, 6.12849593296e-09, 4.70569228028e-09, 2.10151140934e-09, 1.38090816559e-09, 1.34886879444e-09, 7.75976172207e-10, 7.27341020745e-10, 9.6715524478e-10, 1.04293562675e-09, 4.61114257888e-10, 2.56922011443e-10, 3.24408527819e-10, 5.45266387597e-10, 2.55944404559e-10, 1.30608288074e-10, 1.0254593702e-10, 1.54218082749e-10, 1.10984887947e-10, 6.39049022033e-11, 6.89262188991e-11, 8.99899252338e-11, 1.23997118129e-10, 6.68308880458e-11, 6.37013150562e-11, 8.08722533385e-11, 4.73386295441e-11, 3.80108167164e-11],
        "dvar2": [9.8170239653e-06, 2.43202466663e-05, 3.57902754331e-05, 8.7902208179e-06, 3.40279029842e-07, 3.24804688034e-07, 2.27929746188e-07, 9.73190950049e-09, 2.99548830185e-08, 2.21928395661e-08, 9.03774388661e-09, 1.15756284558e-08, 5.90179816129e-09, 1.49476342415e-08, 9.53441858798e-09, 4.62727989259e-09, 3.26815130514e-09, 3.18640736019e-09, 2.02222905088e-09, 1.89210824786e-09, 2.6304367573e-09, 2.88066392962e-09, 1.06573960768e-09, 6.48114784063e-10, 8.99642804697e-10, 1.5680586829e-09, 6.7668048942e-10, 3.25415722147e-10, 2.55232807111e-10, 4.23216767187e-10, 2.86007162398e-10, 1.61050214831e-10, 1.7754334114e-10, 2.38263686558e-10, 3.35091010495e-10, 1.75950642944e-10, 1.69122799099e-10, 2.16815815302e-10, 1.21239268625e-10, 1.00358131527e-10],
        "max": [0.0893200859427, 0.0349531322718, 0.0298941638321, 0.0137102762237, 0.00670635607094, 0.00654848711565, 0.0061849122867, 0.00122175400611, 0.00156860344578, 0.00154160731472, 0.000920843041968, 0.00105555146001, 0.000783675117418, 0.00151106668636, 0.00101421261206, 0.000617005862296, 0.000636043783743, 0.00066733447602, 0.000313483498758, 0.000263276539044, 0.00036390972673, 0.000376758078346, 0.000337960897014, 0.000277847488178, 0.000244245369686, 0.000802331836894, 0.000529077020474, 0.000221807917114, 0.000136560192914, 0.000120631848404, 0.000135473994305, 0.000100231547549, 0.000107451502117, 9.09627851797e-05, 0.000178045709617, 0.000154486479005, 9.50805551838e-05, 0.000103768179542, 0.000156565612997, 6.48164495942e-05],
        "mean": [0.00351182837039, 0.00262189982459, 0.00153395149391, 0.00081264320761, 0.000415928196162, 0.000286326918285, 0.000148347855429, 6.12123549217e-05, 8.80053339642e-05, 9.61302866926e-05, 6.69820510666e-05, 7.46991936467e-05, 5.74065852561e-05, 7.69570397097e-05, 9.26188149606e-05, 5.81865788263e-05, 4.30783475167e-05, 4.40157964476e-05, 3.25416876876e-05, 2.82321288978e-05, 2.98462546198e-05, 2.65602157015e-05, 2.61872901319e-05, 1.82496187335e-05, 1.82759195013e-05, 1.98140314751e-05, 1.82947351277e-05, 1.68207552633e-05, 1.66835361597e-05, 1.36889311761e-05, 1.35091959237e-05, 1.03472202682e-05, 1.06134584712e-05, 1.10483269964e-05, 9.98887844617e-06, 8.34803086036e-06, 8.10942128737e-06, 7.3345590863e-06, 5.74494697503e-06, 4.5662127377e-06],
        "median": [0.00108721386641, 0.000998595962301, 0.000304819492158, 0.000331877963617, 0.000284309498966, 0.000133987676236, 5.84120061831e-05, 3.26046683767e-05, 3.87922009395e-05, 4.50416773674e-05, 3.10004106723e-05, 3.84391460102e-05, 2.93929406325e-05, 2.79682280961e-05, 3.88808912248e-05, 2.85735586658e-05, 2.45070332312e-05, 2.40145127464e-05, 2.19307694351e-05, 1.74461310962e-05, 1.95214342966e-05, 1.73367807292e-05, 1.50569394464e-05, 1.26266977531e-05, 1.34149831865e-05, 1.19426749734e-05, 1.27225448523e-05, 1.18847556223e-05, 1.22589972307e-05, 1.00435172499e-05, 8.57587656355e-06, 7.64891683502e-06, 7.29263229005e-06, 7.36739093554e-06, 6.11188261246e-06, 5.18178330822e-06, 4.64066670247e-06, 3.94989456254e-06, 2.76087985185e-06, 2.40004465013e-06],
        "min": [2.38021955692e-24, 1.69537725901e-24, 3.14889449765e-24, 1.56452357585e-24, 1.20890251598e-24, 3.51809126205e-24, 3.58437411632e-24, 3.18937765601e-24, 2.8173611083e-24, 4.02896626174e-24, 4.14544591314e-24, 4.33218427776e-24, 2.5536411606e-24, 4.56736737943e-24, 3.80791718091e-24, 5.80293694388e-24, 4.0573609156e-24, 3.72840986243e-24, 5.03676959475e-24, 4.0862821341e-24, 4.65272607368e-24, 3.21522527522e-24, 5.82654321204e-24, 4.76625222984e-24, 5.09815086179e-24, 5.43075157994e-24, 5.52872218791e-24, 6.9506313478e-24, 5.42239833181e-24, 5.73177853479e-24, 6.17208243233e-24, 6.18383724868e-24, 5.46809073317e-24, 6.6554206644e-24, 6.35212652331e-24, 5.09220600601e-24, 7.01177201226e-24, 6.79557048168e-24, 6.83052017523e-24, 7.35928101822e-24],
        "var": [3.71526584786e-05, 1.55274974531e-05, 1.17250065159e-05, 2.34329445448e-06, 1.99847733029e-07, 1.773620113e-07, 1.05516967608e-07, 6.12702555358e-09, 1.88153119751e-08, 2.30601973072e-08, 8.2560305259e-09, 9.01633256944e-09, 5.53824186511e-09, 1.34978392907e-08, 1.80497590208e-08, 6.18375706196e-09, 2.86651591352e-09, 2.75627742852e-09, 1.23954801978e-09, 1.09116171654e-09, 1.2722363163e-09, 1.15419551694e-09, 1.1419672985e-09, 4.42731823425e-10, 4.2180142712e-10, 1.45114698036e-09, 6.69376942763e-10, 2.83193052342e-10, 2.60841737099e-10, 2.04821201666e-10, 2.11075601442e-10, 1.1270563649e-10, 1.1531640226e-10, 1.37722722116e-10, 1.47406184481e-10, 1.02975378224e-10, 8.79038439261e-11, 8.78516009939e-11, 5.61364670026e-11, 3.76212706821e-11]
    },
    "mfcc": {
        "mean": [-611.857299805, 69.2947158813, 13.1579656601, 20.6227931976, 9.36484909058, 14.4272165298, 4.96916389465, 3.883030653, -1.21546685696, 0.983590602875, -2.95127439499, 0.160377591848, -1.49080228806],
        "cov": [[8711.02539062, -585.783630371, -870.746459961, -464.934967041, -539.279968262, -272.945556641, -273.424224854, -278.83682251, -259.306945801, -286.62121582, -170.337142944, -21.5308856964, -90.9890670776], [-585.783630371, 1173.65209961, 116.599349976, 222.49331665, 71.033782959, 48.7546615601, 4.0023856163, -18.523853302, 10.1223363876, -37.7564888, -22.4663181305, -13.6130552292, -30.8229351044], [-870.746459961, 116.599349976, 908.106506348, 209.78352356, 389.960723877, 208.893951416, 173.79335022, 143.726318359, 164.615631104, 138.016586304, 100.365013123, 58.4338912964, 51.2437477112], [-464.934967041, 222.49331665, 209.78352356, 324.461029053, 177.929656982, 120.012901306, 69.3184051514, 70.6714782715, 48.3816757202, 45.6677818298, 23.9963703156, 7.6413936615, 8.19541549683], [-539.279968262, 71.033782959, 389.960723877, 177.929656982, 316.652130127, 176.905929565, 150.892120361, 126.22832489, 125.909309387, 108.274711609, 79.1995239258, 50.0625305176, 43.0459136963], [-272.945556641, 48.7546615601, 208.893951416, 120.012901306, 176.905929565, 194.900634766, 133.594100952, 104.239555359, 98.1679000854, 81.7555389404, 64.3656387329, 57.3166770935, 36.8195877075], [-273.424224854, 4.0023856163, 173.79335022, 69.3184051514, 150.892120361, 133.594100952, 180.779632568, 125.259849548, 99.7647018433, 92.7244567871, 74.784576416, 67.8005371094, 50.4985160828], [-278.83682251, -18.523853302, 143.726318359, 70.6714782715, 126.22832489, 104.239555359, 125.259849548, 142.955535889, 107.312263489, 89.7548217773, 64.8097381592, 56.7459831238, 42.607421875], [-259.306945801, 10.1223363876, 164.615631104, 48.3816757202, 125.909309387, 98.1679000854, 99.7647018433, 107.312263489, 159.982833862, 105.323928833, 78.294708252, 63.02318573, 45.1777381897], [-286.62121582, -37.7564888, 138.016586304, 45.6677818298, 108.274711609, 81.7555389404, 92.7244567871, 89.7548217773, 105.323928833, 144.308776855, 88.7087936401, 60.5702362061, 54.6398582458], [-170.337142944, -22.4663181305, 100.365013123, 23.9963703156, 79.1995239258, 64.3656387329, 74.784576416, 64.8097381592, 78.294708252, 88.7087936401, 105.255912781, 77.7426528931, 52.2905693054], [-21.5308856964, -13.6130552292, 58.4338912964, 7.6413936615, 50.0625305176, 57.3166770935, 67.8005371094, 56.7459831238, 63.02318573, 60.5702362061, 77.7426528931, 112.905273438, 66.2269287109], [-90.9890670776, -30.8229351044, 51.2437477112, 8.19541549683, 43.0459136963, 36.8195877075, 50.4985160828, 42.607421875, 45.1777381897, 54.6398582458, 52.2905693054, 66.2269287109, 86.5698013306]],
