{
"lowlevel": {
    "average_loudness": 0.217388898134,
    "barkbands_crest": {
        "dmean": 2.94328713417,
        "dmean2": 4.47811794281,
        "dvar": 9.24620914459,
        "dvar2": 20.8391780853,
        "max": 26.8004817963,
        "mean": 15.0454969406,
        "median": 14.9892778397,
        "min": 2.12410950661,
        "var": 37.1068344116
    },
    "barkbands_flatness_db": {
        "dmean": 0.0434022881091,
        "dmean2": 0.0617612823844,
        "dvar": 0.00282006454654,
        "dvar2": 0.00603066757321,
        "max": 0.851734757423,
        "mean": 0.22549431026,
        "median": 0.202267080545,
        "min": 0.0159291531891,
        "var": 0.01171413064
    },
    "barkbands_kurtosis": {
        "dmean": 19.4622020721,
        "dmean2": 28.5858707428,
        "dvar": 10269.2617188,
        "dvar2": 23956.1582031,
        "max": 3058.15161133,
        "mean": 24.7026901245,
        "median": 5.1099152565,
        "min": -1.95054662228,
        "var": 12082.890625
    },
    "barkbands_skewness": {
        "dmean": 1.13318431377,
        "dmean2": 1.62990772724,
        "dvar": 3.46536254883,
        "dvar2": 7.47080898285,
        "max": 43.2463531494,
        "mean": 2.87595486641,
        "median": 2.19422054291,
        "min": -4.6676402092,
        "var": 9.88324356079
    },
    "barkbands_spread": {
        "dmean": 7.0677728653,
        "dmean2": 11.0667390823,
        "dvar": 111.253494263,
        "dvar2": 268.822967529,
        "max": 138.093139648,
        "mean": 17.7928409576,
        "median": 14.2424821854,
        "min": 0.0103913303465,
        "var": 223.337753296
    },
    "dissonance": {
        "dmean": 0.0264202784747,
        "dmean2": 0.0443428680301,
        "dvar": 0.00103719288018,
        "dvar2": 0.002797994297,
        "max": 0.500000119209,
        "mean": 0.449325323105,
        "median": 0.465797662735,
        "min": 0.0775456726551,
        "var": 0.00280041340739
    },
    "dynamic_complexity": 6.63133144379,
    "erbbands_crest": {
        "dmean": 3.17270994186,
        "dmean2": 5.10647916794,
        "dvar": 10.2686777115,
        "dvar2": 24.681968689,
        "max": 33.2093467712,
        "mean": 10.5149278641,
        "median": 9.32062339783,
        "min": 2.14218664169,
        "var": 31.3480587006
    },
    "erbbands_flatness_db": {
        "dmean": 0.0251840725541,
        "dmean2": 0.0378366671503,
        "dvar": 0.00104930298403,
        "dvar2": 0.00221231533214,
        "max": 0.520357131958,
        "mean": 0.183066502213,
        "median": 0.161534994841,
        "min": 0.020644839853,
        "var": 0.0084962034598
    },
    "erbbands_kurtosis": {
        "dmean": 1.85227382183,
        "dmean2": 2.91213536263,
        "dvar": 44.9816436768,
        "dvar2": 95.3847961426,
        "max": 308.502563477,
        "mean": 1.73321056366,
        "median": 0.0113744735718,
        "min": -1.94792604446,
        "var": 91.6454391479
    },
    "erbbands_skewness": {
        "dmean": 0.478819966316,
        "dmean2": 0.724632203579,
        "dvar": 0.350939691067,
        "dvar2": 0.774865448475,
        "max": 12.2243776321,
        "mean": 0.301589250565,
        "median": 0.187898695469,
        "min": -8.36437129974,
        "var": 1.13550651073
    },
    "erbbands_spread": {
        "dmean": 11.5979499817,
        "dmean2": 17.5239868164,
        "dvar": 252.620010376,
        "dvar2": 523.629577637,
        "max": 219.520385742,
        "mean": 43.6844329834,
        "median": 34.2757034302,
        "min": 0.47093218565,
        "var": 1068.65576172
    },
    "hfc": {
        "dmean": 8.20319366455,
        "dmean2": 13.2538375854,
        "dvar": 343.129760742,
        "dvar2": 944.968933105,
        "max": 319.452178955,
        "mean": 22.5399284363,
        "median": 7.53024291992,
        "min": 1.07948505924e-16,
        "var": 964.434082031
    },
    "melbands_crest": {
        "dmean": 3.80061674118,
        "dmean2": 6.04072380066,
        "dvar": 17.3350849152,
        "dvar2": 43.0078544617,
        "max": 38.9217643738,
        "mean": 21.8115272522,
        "median": 22.4731636047,
        "min": 2.85816335678,
        "var": 74.3209686279
    },
    "melbands_flatness_db": {
        "dmean": 0.0488132797182,
        "dmean2": 0.069845482707,
        "dvar": 0.00392279634252,
        "dvar2": 0.00852941721678,
        "max": 1,
        "mean": 0.304613739252,
        "median": 0.277617931366,
        "min": 0.00640988303348,
        "var": 0.0170657895505
    },
    "melbands_kurtosis": {
        "dmean": 35.997303009,
        "dmean2": 53.319644928,
        "dvar": 12333.9375,
        "dvar2": 25348.5527344,
        "max": 4723.77294922,
        "mean": 59.3978652954,
        "median": 15.5291595459,
        "min": -1.94639360905,
        "var": 23292.296875
    },
    "melbands_skewness": {
        "dmean": 1.5744048357,
        "dmean2": 2.30479884148,
        "dvar": 5.06783246994,
        "dvar2": 10.5316305161,
        "max": 60.0606803894,
        "mean": 4.73805570602,
        "median": 3.4680557251,
        "min": -2.72744512558,
        "var": 19.2417964935
    },
    "melbands_spread": {
        "dmean": 7.07757949829,
        "dmean2": 11.3093261719,
        "dvar": 164.098556519,
        "dvar2": 395.264526367,
        "max": 322.380737305,
        "mean": 15.7485761642,
        "median": 10.7266921997,
        "min": 0.0706199482083,
        "var": 349.534240723
    },
    "pitch_salience": {
        "dmean": 0.0903287902474,
        "dmean2": 0.139563128352,
        "dvar": 0.0107772052288,
        "dvar2": 0.0247732624412,
        "max": 0.916672885418,
        "mean": 0.390514612198,
        "median": 0.388579666615,
        "min": 0.00446531409398,
        "var": 0.0333507545292
    },
    "silence_rate_20dB": {
        "dmean": 0.00931918155402,
        "dmean2": 0.0186399724334,
        "dvar": 0.00923203956336,
        "dvar2": 0.0215740762651,
        "max": 1,
        "mean": 0.982916295528,
        "median": 1,
        "min": 0,
        "var": 0.0167919453233
    },
    "silence_rate_30dB": {
        "dmean": 0.0517732314765,
        "dmean2": 0.10355540365,
        "dvar": 0.0490959659219,
        "dvar2": 0.107846707106,
        "max": 1,
        "mean": 0.838999152184,
        "median": 1,
        "min": 0,
        "var": 0.135080441833
    },
    "silence_rate_60dB": {
        "dmean": 0.0331348702312,
        "dmean2": 0.0662754550576,
        "dvar": 0.0320375040174,
        "dvar2": 0.0737937092781,
        "max": 1,
        "mean": 0.141415014863,
        "median": 0,
        "min": 0,
        "var": 0.121425226331
    },
    "spectral_centroid": {
        "dmean": 293.31237793,
        "dmean2": 468.644165039,
        "dvar": 175958.5625,
        "dvar2": 409929.875,
        "max": 10644.5458984,
        "mean": 1272.65319824,
        "median": 1195.72839355,
        "min": 52.6019058228,
        "var": 561338.125
    },
    "spectral_complexity": {
        "dmean": 3.67986893654,
        "dmean2": 6.00138092041,
        "dvar": 33.1221809387,
        "dvar2": 74.2553634644,
        "max": 65,
        "mean": 13.6272649765,
        "median": 10,
        "min": 0,
        "var": 143.400726318
    },
    "spectral_decrease": {
        "dmean": 4.44706538261e-09,
        "dmean2": 6.55927090421e-09,
        "dvar": 8.91885657917e-17,
        "dvar2": 1.97502381144e-16,
        "max": -5.93073575414e-29,
        "mean": -1.36124667094e-08,
        "median": -5.66051028272e-09,
        "min": -1.7018854237e-07,
        "var": 4.25702083329e-16
    },
    "spectral_energy": {
        "dmean": 0.0170353557914,
        "dmean2": 0.025129456073,
        "dvar": 0.00129332300276,
        "dvar2": 0.00285961525515,
        "max": 0.65440171957,
        "mean": 0.0534210279584,
        "median": 0.0228643864393,
        "min": 1.00150779574e-20,
        "var": 0.00636589713395
    },
    "spectral_energyband_high": {
        "dmean": 0.000666893844027,
        "dmean2": 0.00107439165004,
        "dvar": 2.82437827082e-06,
        "dvar2": 7.81498783908e-06,
        "max": 0.0317933708429,
        "mean": 0.00148201338015,
        "median": 0.000117218034575,
        "min": 7.62507932569e-21,
        "var": 6.56499969409e-06
    },
    "spectral_energyband_low": {
        "dmean": 0.016102315858,
        "dmean2": 0.0235514901578,
        "dvar": 0.00124223856255,
        "dvar2": 0.00276957289316,
        "max": 0.619903087616,
        "mean": 0.041827917099,
        "median": 0.01191738341,
        "min": 5.18267446788e-23,
        "var": 0.00522947544232
    },
    "spectral_energyband_middle_high": {
        "dmean": 0.00180402724072,
        "dmean2": 0.0029848900158,
        "dvar": 1.85503340617e-05,
        "dvar2": 4.93914667459e-05,
        "max": 0.0718319192529,
        "mean": 0.00393000198528,
        "median": 0.00153411028441,
        "min": 1.29445425396e-21,
        "var": 4.04964303016e-05
    },
    "spectral_energyband_middle_low": {
        "dmean": 0.00332729588263,
        "dmean2": 0.00540056824684,
        "dvar": 5.7885357819e-05,
        "dvar2": 0.00014641864982,
        "max": 0.130912512541,
        "mean": 0.00659222854301,
        "median": 0.0028018518351,
        "min": 4.43387034171e-22,
        "var": 9.23632105696e-05
    },
    "spectral_entropy": {
        "dmean": 0.276418030262,
        "dmean2": 0.419217437506,
        "dvar": 0.157128974795,
        "dvar2": 0.345180809498,
        "max": 9.79133701324,
        "mean": 7.32683563232,
        "median": 7.42085075378,
        "min": 3.02142643929,
        "var": 0.769876480103
    },
    "spectral_flux": {
        "dmean": 0.0368951261044,
        "dmean2": 0.0568178594112,
        "dvar": 0.00275005237199,
        "dvar2": 0.00615966366604,
        "max": 0.55235517025,
        "mean": 0.0853785052896,
        "median": 0.057555116713,
        "min": 1.00075364662e-10,
        "var": 0.00616159103811
    },
    "spectral_kurtosis": {
        "dmean": 5.80026769638,
        "dmean2": 9.68569946289,
        "dvar": 205.355926514,
        "dvar2": 522.901550293,
        "max": 401.264251709,
        "mean": 13.5862579346,
        "median": 3.12969064713,
        "min": -1.16561877728,
        "var": 1066.9362793
    },
    "spectral_rms": {
        "dmean": 0.0009879298741,
        "dmean2": 0.0014309019316,
        "dvar": 2.22442668019e-06,
        "dvar2": 4.78544552607e-06,
        "max": 0.0252673849463,
        "mean": 0.00572953652591,
        "median": 0.00472299894318,
        "min": 3.1258290227e-12,
        "var": 1.92906736629e-05
    },
    "spectral_rolloff": {
        "dmean": 548.16418457,
        "dmean2": 966.468933105,
        "dvar": 1684280.875,
        "dvar2": 4318088,
        "max": 18992.2851562,
        "mean": 968.817932129,
        "median": 538.330078125,
        "min": 21.533203125,
        "var": 2314311
    },
    "spectral_skewness": {
        "dmean": 0.470351397991,
        "dmean2": 0.764053404331,
        "dvar": 0.635879278183,
        "dvar2": 1.5445715189,
        "max": 17.1560916901,
        "mean": 2.07085466385,
        "median": 1.38546013832,
        "min": -0.150284707546,
        "var": 3.84271788597
    },
    "spectral_spread": {
        "dmean": 778114.4375,
        "dmean2": 1125609.25,
        "dvar": 1.3756891136e+12,
        "dvar2": 2.46221268582e+12,
        "max": 40065164,
        "mean": 4974992,
        "median": 5120626,
        "min": 284183.59375,
        "var": 7.63007598592e+12
    },
    "spectral_strongpeak": {
        "dmean": 0.267343640327,
        "dmean2": 0.449483990669,
        "dvar": 0.255198091269,
        "dvar2": 0.662307500839,
        "max": 8.72265720367,
        "mean": 0.594448149204,
        "median": 0.38576823473,
        "min": 0,
        "var": 0.455359339714
    },
    "zerocrossingrate": {
        "dmean": 0.0124701103196,
        "dmean2": 0.0154326874763,
        "dvar": 0.0003403040173,
        "dvar2": 0.000467533594929,
        "max": 0.50732421875,
        "mean": 0.0444914810359,
        "median": 0.0361328125,
        "min": 0.00146484375,
        "var": 0.00156736152712
    },
    "barkbands": {
        "dmean": [0.00169850524981, 0.0144254202023, 0.00277769216336, 0.00152981223073, 0.00123699603137, 0.000552344659809, 0.000397461641114, 0.000376866955776, 0.00060706428485, 0.000365042098565, 0.00048249415704, 0.000322493055137, 0.000278367224382, 0.000276834442047, 0.000197512665181, 0.000191282568267, 0.000171714898897, 0.000141222364618, 0.000125015154481, 0.000121846685943, 0.000152698848979, 0.000126064260257, 0.000125312886667, 0.000140054340591, 0.000121425982798, 6.67401909595e-05, 4.9535292419e-06],
        "dmean2": [0.00266396603547, 0.0207398291677, 0.0044891028665, 0.00270452001132, 0.00212687533349, 0.000871120893862, 0.000630373891909, 0.000598672078922, 0.000957667944022, 0.000595118792262, 0.000791669939645, 0.000517734268215, 0.000457014422864, 0.000452586071333, 0.000333769130521, 0.000335854012519, 0.000296512676869, 0.000241055793595, 0.00021255487809, 0.000204632233363, 0.00025631004246, 0.000204974421649, 0.000197432411369, 0.000227317053941, 0.000200847673113, 0.000112415262265, 8.81444066181e-06],
        "dvar": [2.97528604278e-05, 0.00108822912443, 5.77731116209e-05, 2.82791406789e-05, 1.23168201753e-05, 3.52532129e-06, 1.33628759613e-06, 1.1201950656e-06, 3.36199741469e-06, 1.8546732008e-06, 5.1287856877e-06, 9.46178147387e-07, 1.53280495852e-06, 1.44007606195e-06, 7.83412758665e-07, 5.8530787328e-07, 3.32600706088e-07, 1.33107945999e-07, 1.22842621408e-07, 9.18272178296e-08, 2.54886799667e-07, 1.13942462576e-07, 7.68252590433e-08, 9.9931789066e-08, 1.04719774185e-07, 2.8290113363e-08, 3.2772076719e-10],
        "dvar2": [7.01951285009e-05, 0.00233203778043, 0.000135179157951, 7.7372744272e-05, 3.27646339429e-05, 6.51657683193e-06, 2.60417664322e-06, 2.29287979892e-06, 8.21553385322e-06, 4.55657664133e-06, 1.42132739711e-05, 2.07874359148e-06, 4.11014752899e-06, 3.52233473677e-06, 2.13692328543e-06, 1.6991288021e-06, 8.84900771325e-07, 3.69646727449e-07, 3.3658028542e-07, 2.52388616673e-07, 7.46546902519e-07, 3.19832366813e-07, 1.87632409165e-07, 2.59511040213e-07, 2.85331253735e-07, 7.77857849243e-08, 9.22789844537e-10],
        "max": [0.133653253317, 0.58953499794, 0.118200466037, 0.10725273937, 0.0616659037769, 0.0617728419602, 0.032020367682, 0.0311209857464, 0.0463152639568, 0.0451353751123, 0.0704432725906, 0.0224158242345, 0.0443757027388, 0.0420480817556, 0.0412312299013, 0.0278452951461, 0.0177643783391, 0.00836269091815, 0.0127051891759, 0.00499041425064, 0.0139307305217, 0.00664047524333, 0.00597737450153, 0.00523987552151, 0.00684998882934, 0.00360146607272, 0.000389544758946],
        "mean": [0.00327313737944, 0.0352303907275, 0.00298948748969, 0.00138602848165, 0.00167398259509, 0.0010831336258, 0.00066933222115, 0.000648952322081, 0.000968083739281, 0.000536980631296, 0.000764735799748, 0.000501828559209, 0.000426696613431, 0.000441838637926, 0.00030262969085, 0.000254597893218, 0.000237842818024, 0.000221885391511, 0.000210132842767, 0.000217875247472, 0.000264659465756, 0.000253330887062, 0.000265101727564, 0.000279965053778, 0.000210766185774, 0.000103812395537, 3.85837847716e-06],
        "median": [0.000287589908112, 0.00764862447977, 0.000296218961012, 0.000138190662256, 0.000269051350188, 0.000211256934563, 0.000135482201586, 0.000109132161015, 0.00019851201796, 8.12797879917e-05, 9.07138892217e-05, 9.73491405603e-05, 6.37122066109e-05, 5.8392790379e-05, 5.46550872969e-05, 6.54636824038e-05, 5.33226921107e-05, 5.32162339368e-05, 4.34514404333e-05, 4.27168415627e-05, 2.40104109253e-05, 1.27337752929e-05, 1.26177828861e-05, 1.1859751794e-05, 1.03708280221e-05, 4.6828995437e-06, 1.15939773337e-08],
        "min": [2.41490486373e-23, 2.02046699583e-23, 9.1738393828e-24, 1.87092610501e-23, 7.77026161485e-23, 4.39838737819e-23, 4.01084589009e-23, 5.64340678631e-23, 1.97971851198e-22, 6.45328610149e-23, 4.46692108928e-23, 1.34816783086e-22, 7.21305634088e-23, 9.69889715493e-23, 4.78005311472e-23, 9.59114001746e-23, 1.66772175205e-22, 1.8259591717e-22, 2.75419261378e-22, 3.21746197199e-22, 3.99301700255e-22, 3.85607302132e-22, 1.02288789022e-21, 7.2668038956e-22, 1.01642685435e-21, 1.57840964666e-21, 2.45878669677e-21],
        "var": [9.37326913117e-05, 0.0044508613646, 7.54074280849e-05, 2.08154069696e-05, 1.45561498357e-05, 1.27349512695e-05, 3.17757758239e-06, 2.78316588265e-06, 6.54107407172e-06, 3.52398569703e-06, 8.76985814102e-06, 1.91382446246e-06, 2.57990814134e-06, 3.42955013366e-06, 1.76794367235e-06, 5.93432105234e-07, 3.97539821506e-07, 1.85261569641e-07, 1.93017001493e-07, 1.61839835755e-07, 3.22544821074e-07, 2.30891558317e-07, 2.2690225876e-07, 2.59308279738e-07, 1.63951568766e-07, 3.83871352483e-08, 2.22023607832e-10]
    },
    "erbbands": {
        "dmean": [0.594222724438, 2.71699094772, 3.30362057686, 4.00032997131, 4.8279967308, 3.86828660965, 3.8720998764, 4.87704753876, 5.20914554596, 6.67245054245, 8.88639640808, 12.4942102432, 13.4041118622, 13.7135887146, 16.9845752716, 12.2501134872, 11.9999704361, 14.8283205032, 9.69186115265, 10.9520530701, 10.1702108383, 8.92476654053, 7.48589992523, 6.75110149384, 6.20227956772, 5.46753978729, 5.95245075226, 6.00185537338, 4.73028373718, 3.88336420059, 3.6153151989, 3.08206152916, 2.31432628632, 1.47994196415, 0.824296712875, 0.32176348567, 0.118707150221, 0.0250307451934, 0.000501086004078, 2.87647726509e-05],
        "dmean2": [0.847400128841, 3.79756236076, 4.91934156418, 6.81060171127, 8.38378047943, 6.60994720459, 6.32633924484, 7.6298122406, 8.34236717224, 10.4187269211, 14.0332937241, 19.9285621643, 21.3421173096, 22.2425575256, 27.6233329773, 19.6620731354, 19.4846382141, 24.3134899139, 16.3339252472, 18.9606399536, 17.7998561859, 15.3599004745, 12.7944898605, 11.5115919113, 10.4936981201, 9.1135225296, 9.98724937439, 10.1523694992, 7.79260015488, 6.04722356796, 5.71300268173, 4.95666790009, 3.77862143517, 2.4278087616, 1.3846309185, 0.534549415112, 0.200536310673, 0.0435978360474, 0.000872561475262, 4.56704146927e-05],
        "dvar": [2.18312907219, 37.1261749268, 62.5211830139, 145.987579346, 279.338195801, 120.211776733, 144.998916626, 364.170715332, 361.064666748, 255.309906006, 614.884155273, 1866.29577637, 1927.33959961, 2734.24584961, 5304.47949219, 1286.30297852, 2456.89282227, 4814.89160156, 1452.23400879, 2584.12353516, 1204.77185059, 900.995422363, 374.204864502, 362.323577881, 245.31338501, 173.675582886, 318.261871338, 469.782501221, 171.025680542, 70.5982818604, 68.1050720215, 50.1945419312, 28.4389343262, 13.8984289169, 5.15367650986, 0.569092810154, 0.0976501703262, 0.00607642531395, 2.53201892519e-06, 3.57456331201e-09],
        "dvar2": [4.97631788254, 71.8676300049, 136.388397217, 380.688415527, 742.826477051, 306.096954346, 311.689239502, 642.136962891, 675.078857422, 523.640625, 1244.78259277, 4845.38134766, 4912.54101562, 7270.17675781, 14708.5068359, 2881.34790039, 6400.40478516, 12488.5742188, 3634.30786133, 7733.84814453, 3418.63232422, 2430.49975586, 1021.40582275, 1003.58416748, 656.636474609, 472.665771484, 916.181030273, 1373.67919922, 483.649047852, 174.128997803, 169.68586731, 127.842521667, 75.1896057129, 36.9330863953, 14.4214382172, 1.55272698402, 0.268575936556, 0.0170772988349, 7.1273134381e-06, 9.17070064332e-09],
        "max": [32.764919281, 111.344680786, 126.777557373, 180.365921021, 318.874511719, 257.394775391, 368.891784668, 612.633850098, 582.545593262, 436.055603027, 586.904602051, 1309.5715332, 1830.73010254, 1605.95080566, 2603.6550293, 1119.98449707, 2261.46972656, 2237.19116211, 1416.12097168, 2164.68823242, 805.313537598, 788.576782227, 427.131347656, 597.075561523, 466.645050049, 204.670532227, 531.131530762, 510.404754639, 245.448196411, 165.012451172, 144.846725464, 115.179771423, 113.05279541, 73.6422195435, 47.6289405823, 14.2280330658, 6.3723783493, 1.73066115379, 0.0367088057101, 0.000978659605607],
        "mean": [1.37064290047, 6.40820550919, 4.98567867279, 4.08843946457, 5.29352045059, 5.42008447647, 6.51486063004, 9.6614818573, 9.31498908997, 12.1084909439, 15.4554824829, 19.7309780121, 20.8045043945, 22.7064647675, 27.4424476624, 19.7883434296, 19.6842517853, 24.0253124237, 15.232252121, 16.5248603821, 14.6829996109, 13.1263895035, 12.3724470139, 11.1090564728, 11.080915451, 10.1651859283, 10.378446579, 10.0258464813, 9.12602806091, 8.46842479706, 7.44641208649, 5.99019908905, 4.51804590225, 2.63425827026, 1.34946405888, 0.537722885609, 0.17600145936, 0.0268746986985, 0.000565776077565, 8.20018540253e-05],
        "median": [0.255613982677, 0.846121549606, 0.646878957748, 0.630289614201, 0.720744371414, 0.843346476555, 1.21711611748, 1.68531739712, 1.82841181755, 2.97997903824, 3.20013380051, 4.53582620621, 5.18910884857, 3.99683904648, 5.20133781433, 4.7691860199, 3.36986875534, 3.5332698822, 3.13454842567, 3.42552638054, 4.81845140457, 3.2981262207, 3.10612654686, 2.54718589783, 2.60608386993, 2.07075834274, 1.22083687782, 0.582080245018, 0.499602943659, 0.414380908012, 0.346211910248, 0.263486564159, 0.187404125929, 0.113302968442, 0.0669805705547, 0.0229650791734, 0.00787108950317, 0.000807461736258, 3.28335008817e-05, 3.18761667586e-05],
        "min": [4.18771721407e-22, 5.50748484065e-21, 8.40400073497e-21, 5.00802543197e-20, 4.32134693946e-20, 3.48095748037e-19, 5.85943106274e-19, 2.46177454746e-19, 6.60069604398e-19, 5.40222042084e-19, 1.54096789462e-18, 4.86078004511e-18, 2.32528121609e-18, 3.34925223228e-18, 2.63126980034e-18, 5.56779488931e-18, 3.31389625815e-18, 4.59765016994e-18, 3.01038487304e-18, 4.38371851607e-18, 5.23109639764e-18, 7.79814182727e-18, 9.65255833788e-18, 1.27722691909e-17, 1.55800394817e-17, 1.3195723626e-17, 1.3951249718e-17, 1.76788448499e-17, 1.25786071844e-17, 2.95978226451e-17, 2.72803338839e-17, 1.41930097956e-17, 1.25754787873e-17, 9.1257973161e-18, 8.97136517728e-18, 5.42538333915e-18, 2.9254989782e-18, 1.20096616057e-18, 3.91366987596e-19, 3.48943653401e-20],
        "var": [8.23516082764, 161.560455322, 124.140563965, 130.578353882, 239.817733765, 173.672454834, 345.51272583, 1242.96105957, 890.417236328, 669.19909668, 1501.2791748, 3176.00073242, 3398.47363281, 5324.12304688, 8577.02441406, 2371.82666016, 4808.04199219, 10073.4072266, 2755.85693359, 4773.38720703, 1228.82592773, 1128.89331055, 569.054016113, 500.956298828, 456.164154053, 333.827545166, 462.315216064, 526.349304199, 308.711120605, 232.334152222, 184.776031494, 122.680801392, 69.9899139404, 25.5337657928, 6.91075706482, 0.951613545418, 0.119811475277, 0.00487045245245, 2.03769241125e-06, 1.33403297298e-08]
    },
    "gfcc": {
        "mean": [-84.0003433228, 100.558906555, -102.43447876, 29.4455852509, -45.8729629517, 20.2604637146, -20.1617889404, 14.1694316864, -15.2518777847, 4.51092624664, -9.43362426758, 1.21214616299, -6.41851663589],
        "cov": [[31997.9101562, -7027.01953125, -366.088531494, 4047.50170898, 97.6571121216, 2625.28662109, -643.381164551, 1656.8326416, -233.062515259, 1223.71813965, -437.600219727, 1082.69152832, -368.079223633], [-7027.01953125, 5619.16259766, -1004.73779297, -1456.62451172, 579.912780762, -1434.88720703, 707.287231445, -831.022460938, 437.636627197, -573.224060059, 538.727478027, -536.776184082, 447.162536621], [-366.088531494, -1004.73779297, 2370.55761719, 307.538604736, 199.287994385, 849.248352051, -103.168411255, 403.892730713, -89.5958480835, 222.961639404, -131.080795288, 162.940612793, -152.597351074], [4047.50170898, -1456.62451172, 307.538604736, 1396.79772949, 328.24130249, 579.897644043, -46.1156196594, 265.574493408, 62.3530883789, 186.009963989, -78.3241043091, 95.3373794556, -88.8178787231], [97.6571121216, 579.912780762, 199.287994385, 328.24130249, 749.810913086, 228.31350708, 278.842163086, 49.1028022766, 202.074707031, 40.1319961548, 129.62310791, -50.2960739136, 62.7806282043], [2625.28662109, -1434.88720703, 849.248352051, 579.897644043, 228.31350708, 951.05645752, 19.1103782654, 421.564117432, -21.7814083099, 272.782501221, -80.0509719849, 188.774032593, -113.823745728], [-643.381164551, 707.287231445, -103.168411255, -46.1156196594, 278.842163086, 19.1103782654, 383.668518066, 59.8528900146, 172.083740234, -14.5956411362, 125.444297791, -58.0151329041, 85.4782104492], [1656.8326416, -831.022460938, 403.892730713, 265.574493408, 49.1028022766, 421.564117432, 59.8528900146, 416.948059082, 64.9713058472, 182.540405273, -39.7555732727, 136.114974976, -37.8226280212], [-233.062515259, 437.636627197, -89.5958480835, 62.3530883789, 202.074707031, -21.7814083099, 172.083740234, 64.9713058472, 265.106964111, 63.7053184509, 102.114204407, -38.4662513733, 76.7182312012], [1223.71813965, -573.224060059, 222.961639404, 186.009963989, 40.1319961548, 272.782501221, -14.5956411362, 182.540405273, 63.7053184509, 265.927886963, 48.7230491638, 99.4477844238, -40.1610488892], [-437.600219727, 538.727478027, -131.080795288, -78.3241043091, 129.62310791, -80.0509719849, 125.444297791, -39.7555732727, 102.114204407, 48.7230491638, 221.266387939, 19.7453918457, 78.2754592896], [1082.69152832, -536.776184082, 162.940612793, 95.3373794556, -50.2960739136, 188.774032593, -58.0151329041, 136.114974976, -38.4662513733, 99.4477844238, 19.7453918457, 207.872436523, 28.9205760956], [-368.079223633, 447.162536621, -152.597351074, -88.8178787231, 62.7806282043, -113.823745728, 85.4782104492, -37.8226280212, 76.7182312012, -40.1610488892, 78.2754592896, 28.9205760956, 166.354675293]],
        "icov": [[0.000109416330815, -0.000193513056729, 0.000220911897486, -0.000329472444719, 7.23630801076e-05, -0.000227611380978, 0.000247253803536, -0.000373987888452, 0.000324303546222, -0.000374035735149, 0.000309167458909, -0.000353695184458, 7.00297896401e-05], [-0.000193513056729, 0.00172455387656, -0.000712721608579, 0.00136671785731, -0.000853888283018, 0.00125300139189, -0.00132927543018, 0.00158917484805, -0.00142576685175, 0.00180612877011, -0.00207228865474, 0.00184724538121, -0.00101644510869], [0.000220911897486, -0.000712721608579, 0.00121858029161, -0.0006326144794, 2.99644270854e-05, -0.00123652606271, 0.00116340210661, -0.00132647843566, 0.000954601564445, -0.000903019448742, 0.000981129473075, -0.000881330692209, 0.000461214280222], [-0.000329472444719, 0.00136671785731, -0.0006326144794, 0.00263869250193, -0.00125241000205, 0.000544447684661, -0.000530073069967, 0.00144058244769, -0.00192097807303, 0.00182225566823, -0.00144572276622, 0.00160831725225, -0.000402668782044], [7.23630801076e-05, -0.000853888283018, 2.99644270854e-05, -0.00125241000205, 0.00340163824148, -0.00161528505851, -0.00069407292176, 0.000382208527299, -0.00058808142785, -0.000244549679337, -1.97875251615e-05, -0.000192133578821, 0.00012364203576], [-0.000227611380978, 0.00125300139189, -0.00123652606271, 0.000544447684661, -0.00161528505851, 0.00500781368464, -0.00220734626055, -0.000144586083479, 0.000480047805468, -0.000582912703976, -0.000207477452932, 4.73005020467e-05, 0.000149400788359], [0.000247253803536, -0.00132927543018, 0.00116340210661, -0.000530073069967, -0.00069407292176, -0.00220734626055, 0.00778464740142, -0.00408356031403, -0.000101466132037, 0.000734940811526, -0.00130497536156, 0.00113546173088, -0.000631601607893], [-0.000373987888452, 0.00158917484805, -0.00132647843566, 0.00144058244769, 0.000382208527299, -0.000144586083479, -0.00408356031403, 0.00933614559472, -0.00447660079226, 0.00036971110967, 0.000789248559158, -0.00175088096876, 0.000517681241035], [0.000324303546222, -0.00142576685175, 0.000954601564445, -0.00192097807303, -0.00058808142785, 0.000480047805468, -0.000101466132037, -0.00447660079226, 0.0110385986045, -0.00539783481508, 0.000790224235971, 0.00207372382283, -0.00314138596877], [-0.000374035735149, 0.00180612877011, -0.000903019448742, 0.00182225566823, -0.000244549679337, -0.000582912703976, 0.000734940811526, 0.00036971110967, -0.00539783481508, 0.0118432305753, -0.00635611871257, 0.000563685898669, 0.0021032365039], [0.000309167458909, -0.00207228865474, 0.000981129473075, -0.00144572276622, -1.97875251615e-05, -0.000207477452932, -0.00130497536156, 0.000789248559158, 0.000790224235971, -0.00635611871257, 0.0125019317493, -0.00581074226648, 0.000326693669194], [-0.000353695184458, 0.00184724538121, -0.000881330692209, 0.00160831725225, -0.000192133578821, 4.73005020467e-05, 0.00113546173088, -0.00175088096876, 0.00207372382283, 0.000563685898669, -0.00581074226648, 0.0144130289555, -0.00716620031744], [7.00297896401e-05, -0.00101644510869, 0.000461214280222, -0.000402668782044, 0.00012364203576, 0.000149400788359, -0.000631601607893, 0.000517681241035, -0.00314138596877, 0.0021032365039, 0.000326693669194, -0.00716620031744, 0.012652894482]]
    },
    "melbands": {
        "dmean": [0.00453410437331, 0.00212849047966, 0.000709832878783, 0.00030181571492, 0.000139634663356, 0.000107551313704, 7.86306918599e-05, 7.5924617704e-05, 7.67241363064e-05, 8.26613686513e-05, 6.752047193e-05, 5.42288034922e-05, 6.62590464344e-05, 3.82234611607e-05, 2.97146743833e-05, 2.79440046143e-05, 2.85334226646e-05, 1.64124412549e-05, 1.54036461026e-05, 1.39379271786e-05, 1.22768669826e-05, 1.03702905108e-05, 7.23624270904e-06, 7.44186263546e-06, 5.57442172067e-06, 5.15174815519e-06, 4.62195430373e-06, 3.61293018614e-06, 4.07565676142e-06, 3.63539174941e-06, 3.77470951207e-06, 2.86844101538e-06, 2.52538575296e-06, 2.27746954806e-06, 2.23127585741e-06, 2.22555331675e-06, 1.89239187876e-06, 1.8387528371e-06, 1.43630131788e-06, 1.25210283386e-06],
        "dmean2": [0.00649828277528, 0.00302730128169, 0.00118235917762, 0.000519615656231, 0.000229295474128, 0.000167800462805, 0.000125543083414, 0.000118587733596, 0.000121257886349, 0.000131660955958, 0.00010732501687, 8.82755193743e-05, 0.000108120933874, 6.17097975919e-05, 4.73285617772e-05, 4.62510834041e-05, 4.66499659524e-05, 2.77022518276e-05, 2.6266756322e-05, 2.42506539507e-05, 2.15169893636e-05, 1.79350990948e-05, 1.2298773072e-05, 1.26568766063e-05, 9.48876459006e-06, 8.76994636201e-06, 7.79729907663e-06, 6.01856481808e-06, 6.78784817865e-06, 6.20897253611e-06, 6.44048895992e-06, 4.74456464872e-06, 4.08040477851e-06, 3.54736084773e-06, 3.52704432771e-06, 3.57990597877e-06, 3.06714059661e-06, 3.01907289213e-06, 2.34637036556e-06, 2.06944628189e-06],
        "dvar": [0.000115939743409, 1.94107633433e-05, 4.53879420093e-06, 8.00558837e-07, 1.75703263494e-07, 1.57691744107e-07, 6.7795212999e-08, 3.36105401288e-08, 5.16492661973e-08, 6.7694521988e-08, 4.85925788496e-08, 4.27124327018e-08, 1.01554824994e-07, 1.31175870166e-08, 1.24884449448e-08, 1.59421933432e-08, 1.95078833087e-08, 4.22064250216e-09, 5.70941427469e-09, 3.85962151128e-09, 1.75071213082e-09, 1.29301991336e-09, 5.81372783248e-10, 4.3108311365e-10, 2.60108934391e-10, 2.08023570591e-10, 1.45100834126e-10, 7.31214810923e-11, 1.23349247483e-10, 1.32012359377e-10, 2.09751632729e-10, 6.24180152009e-11, 3.72346320443e-11, 2.40061720502e-11, 2.54449915998e-11, 2.83545478763e-11, 1.83679946253e-11, 1.81484202666e-11, 1.11474622935e-11, 1.05340285106e-11],
        "dvar2": [0.0002561074798, 3.79970188078e-05, 1.14926506285e-05, 2.12565896618e-06, 4.02443902203e-07, 2.81650727629e-07, 1.29344471134e-07, 6.86729180188e-08, 1.07591283438e-07, 1.72989558678e-07, 1.21958166233e-07, 1.1150600443e-07, 2.84008109475e-07, 2.92580502048e-08, 2.81773395727e-08, 4.32529674299e-08, 5.00350765265e-08, 1.01911323824e-08, 1.63236730799e-08, 1.12366391747e-08, 4.97143304301e-09, 3.56539975321e-09, 1.39784706032e-09, 1.19140364241e-09, 7.15402015405e-10, 5.58169788167e-10, 4.00812355528e-10, 1.93433477569e-10, 3.36515010302e-10, 3.85437043393e-10, 6.13072426159e-10, 1.76491363191e-10, 9.77386366285e-11, 5.82238701696e-11, 6.32171051618e-11, 7.34138722036e-11, 4.75274264389e-11, 4.88162912871e-11, 2.90408669334e-11, 2.81717166956e-11],
        "max": [0.203763991594, 0.0761811956763, 0.0381086692214, 0.0147228948772, 0.0135472556576, 0.0123193515465, 0.00750000169501, 0.00439174054191, 0.00440910225734, 0.00742944004014, 0.00908001605421, 0.00623745797202, 0.0111322831362, 0.00302858371288, 0.00320484745316, 0.00503390468657, 0.00477990647778, 0.00223145913333, 0.00368649349548, 0.00280081038363, 0.000961980840657, 0.00104112224653, 0.00121142680291, 0.000599656195845, 0.000563135894481, 0.000422982615419, 0.00021518462745, 0.000168410668266, 0.000292581738904, 0.000311601586873, 0.000330841052346, 0.000144079414895, 0.000110439439595, 0.000135053109261, 0.00011121352145, 9.72734414972e-05, 8.95113989827e-05, 9.43811683101e-05, 6.67309359415e-05, 6.11825234955e-05],
        "mean": [0.0110723804682, 0.00465858913958, 0.000765599601436, 0.000381753081456, 0.000233623504755, 0.000215371794184, 0.000140974196256, 0.00013725538156, 0.000128485597088, 0.000129623949761, 0.000103516729723, 8.80717634573e-05, 0.000105108927528, 5.81216772844e-05, 4.85568489239e-05, 4.21284930781e-05, 4.50102743343e-05, 2.40795015998e-05, 2.33209902945e-05, 1.89710954146e-05, 1.65655328601e-05, 1.38854948091e-05, 1.13367286758e-05, 1.13364194476e-05, 8.50588548928e-06, 8.44420446811e-06, 7.71127088228e-06, 6.28927682556e-06, 6.70927556712e-06, 5.88632428844e-06, 5.72541330257e-06, 5.17848775416e-06, 4.83759731651e-06, 4.67841482532e-06, 4.3178715714e-06, 4.0732393245e-06, 3.46298702425e-06, 3.38080599249e-06, 2.56570820056e-06, 2.09180961974e-06],
        "median": [0.00233966694213, 0.000656776013784, 0.000112037960207, 5.69462463318e-05, 4.30752807006e-05, 3.91508365283e-05, 2.96116704703e-05, 3.08853886963e-05, 2.19220910367e-05, 2.80686581391e-05, 2.29741017392e-05, 1.33074172481e-05, 1.57674148795e-05, 1.11974823085e-05, 7.20711477697e-06, 6.07341280556e-06, 5.75266358283e-06, 3.92976744479e-06, 3.90611512557e-06, 3.95231199946e-06, 4.94716550747e-06, 3.02061789625e-06, 2.04111938729e-06, 2.67910445473e-06, 1.57416070579e-06, 1.81489167517e-06, 1.47447053678e-06, 1.10917676466e-06, 8.34730371935e-07, 3.71870612526e-07, 2.75481284007e-07, 2.55595438148e-07, 2.38812276621e-07, 2.16969837652e-07, 2.034575175e-07, 1.43030433719e-07, 1.55718879569e-07, 1.21248319829e-07, 1.08301065893e-07, 8.79425385847e-08],
        "min": [6.73605960386e-24, 5.64891066885e-24, 7.66331984401e-24, 1.14121075613e-23, 2.13306174392e-23, 6.97610997731e-24, 8.72323887829e-24, 6.58086226481e-24, 1.31106804959e-23, 3.2057584316e-23, 1.02959782433e-23, 1.32341766706e-23, 7.51902692925e-24, 1.29938525624e-23, 1.26193092932e-23, 5.75150400172e-24, 9.4776983483e-24, 5.42324241298e-24, 4.3418770117e-24, 9.03350102776e-24, 5.65250353584e-24, 8.40062395591e-24, 5.82121011789e-24, 1.2340516383e-23, 9.99426103511e-24, 1.02587455863e-23, 1.01812218585e-23, 9.38837326142e-24, 8.72426755291e-24, 9.11905693723e-24, 1.04657363769e-23, 6.38788992688e-24, 8.98255402392e-24, 1.97073720436e-23, 1.7458896005e-23, 8.73197551282e-24, 8.89699417014e-24, 9.62258448645e-24, 6.83992024178e-24, 7.80045463491e-24],
        "var": [0.000463322619908, 7.45793004171e-05, 4.33512468589e-06, 8.43848908971e-07, 3.78913654231e-07, 5.55912322397e-07, 1.67702154386e-07, 8.92018263698e-08, 1.20152392924e-07, 1.19730216852e-07, 8.80444659401e-08, 8.46789802722e-08, 1.6156076299e-07, 2.53270417971e-08, 2.88024182282e-08, 2.41836666248e-08, 4.12530951621e-08, 7.73244579477e-09, 1.322861376e-08, 5.20447729357e-09, 1.69510316894e-09, 1.47317835708e-09, 9.74178404611e-10, 5.73786462787e-10, 3.47786993649e-10, 3.35607069912e-10, 2.30253843769e-10, 1.39484465644e-10, 2.08739275864e-10, 1.74392666974e-10, 2.02397751337e-10, 1.04715229543e-10, 8.83968800935e-11, 7.43417549742e-11, 6.56214457773e-11, 6.20822768194e-11, 4.11991551985e-11, 4.15113672603e-11, 2.32855991433e-11, 1.72908944107e-11]
    },
    "mfcc": {
        "mean": [-718.470947266, 119.469955444, 12.3377599716, 20.5664196014, 6.67525434494, 9.71044540405, 10.0600967407, 11.0913448334, 7.21380758286, 7.33913755417, 4.38720178604, 4.85392570496, 3.68443226814],
        "cov": [[21519.4238281, -3112.59155273, -584.918212891, 758.864868164, 524.373657227, 750.731140137, 385.436096191, 483.425323486, 241.158828735, 244.374465942, 27.012720108, 193.71975708, 284.108520508], [-3112.59155273, 4143.98876953, -757.750305176, -131.705490112, -353.790405273, -360.215362549, -45.7317810059, -176.82824707, -53.3406410217, -74.0960693359, -49.777633667, -58.5948524475, 10.6540355682], [-584.918212891, -757.750305176, 1688.96862793, -22.7542037964, 388.518768311, 319.508605957, 161.929214478, 230.577880859, 107.256248474, 108.685371399, 143.575027466, 80.4045715332, -23.565158844], [758.864868164, -131.705490112, -22.7542037964, 522.755493164, 248.837417603, 146.472076416, 54.0474739075, 43.6548271179, 60.1622810364, 55.1677932739, 20.7372303009, 18.0616054535, 26.7057476044], [524.373657227, -353.790405273, 388.518768311, 248.837417603, 553.784667969, 372.358795166, 184.815429688, 169.212142944, 131.884048462, 120.882087708, 120.889961243, 82.842300415, 19.447063446], [750.731140137, -360.215362549, 319.508605957, 146.472076416, 372.358795166, 438.200531006, 224.687805176, 157.59552002, 108.117042542, 113.22353363, 127.204116821, 86.8012924194, 21.7490940094], [385.436096191, -45.7317810059, 161.929214478, 54.0474739075, 184.815429688, 224.687805176, 263.481262207, 173.591461182, 95.7538528442, 85.2395553589, 91.7656326294, 77.082572937, 36.0790901184], [483.425323486, -176.82824707, 230.577880859, 43.6548271179, 169.212142944, 157.59552002, 173.591461182, 273.210876465, 157.487136841, 81.9861907959, 67.6736221313, 57.8343200684, 40.3886833191], [241.158828735, -53.3406410217, 107.256248474, 60.1622810364, 131.884048462, 108.117042542, 95.7538528442, 157.487136841, 220.877563477, 134.127853394, 67.8223648071, 44.5549201965, 34.4932022095], [244.374465942, -74.0960693359, 108.685371399, 55.1677932739, 120.882087708, 113.22353363, 85.2395553589, 81.9861907959, 134.127853394, 198.287811279, 125.463378906, 56.8856201172, 21.5337409973], [27.012720108, -49.777633667, 143.575027466, 20.7372303009, 120.889961243, 127.204116821, 91.7656326294, 67.6736221313, 67.8223648071, 125.463378906, 202.626541138, 115.278121948, 6.36121320724], [193.71975708, -58.5948524475, 80.4045715332, 18.0616054535, 82.842300415, 86.8012924194, 77.082572937, 57.8343200684, 44.5549201965, 56.8856201172, 115.278121948, 157.453430176, 73.2704467773], [284.108520508, 10.6540355682, -23.565158844, 26.7057476044, 19.447063446, 21.7490940094, 36.0790901184, 40.3886833191, 34.4932022095, 21.5337409973, 6.36121320724, 73.2704467773, 149.267425537]],
