{
"lowlevel": {
    "average_loudness": 0.74681866169,
    "barkbands_crest": {
        "dmean": 4.17207241058,
        "dmean2": 6.66682195663,
        "dvar": 14.9418010712,
        "dvar2": 36.4428825378,
        "max": 26.782957077,
        "mean": 14.7738332748,
        "median": 14.4902801514,
        "min": 2.18189501762,
        "var": 37.3592567444
    },
    "barkbands_flatness_db": {
        "dmean": 0.0653122067451,
        "dmean2": 0.0965921133757,
        "dvar": 0.0072498745285,
        "dvar2": 0.0164170246571,
        "max": 0.919061660767,
        "mean": 0.230570405722,
        "median": 0.220621854067,
        "min": 0.0111534744501,
        "var": 0.0174502804875
    },
    "barkbands_kurtosis": {
        "dmean": 41.439453125,
        "dmean2": 66.5666656494,
        "dvar": 27439.2480469,
        "dvar2": 71842.171875,
        "max": 9888.47265625,
        "mean": 40.211265564,
        "median": 4.91513347626,
        "min": -1.94514644146,
        "var": 23116.5742188
    },
    "barkbands_skewness": {
        "dmean": 2.03974437714,
        "dmean2": 3.13812541962,
        "dvar": 9.3237657547,
        "dvar2": 23.3561229706,
        "max": 58.6389503479,
        "mean": 3.16675972939,
        "median": 2.04798984528,
        "min": -5.85591745377,
        "var": 15.336938858
    },
    "barkbands_spread": {
        "dmean": 10.6305198669,
        "dmean2": 17.9133319855,
        "dvar": 303.323669434,
        "dvar2": 791.335083008,
        "max": 136.916290283,
        "mean": 18.2322673798,
        "median": 11.192440033,
        "min": 0.0131461657584,
        "var": 403.404663086
    },
    "dissonance": {
        "dmean": 0.0269505567849,
        "dmean2": 0.0459889285266,
        "dvar": 0.00122742867097,
        "dvar2": 0.00346759334207,
        "max": 0.500000238419,
        "mean": 0.452894479036,
        "median": 0.474795818329,
        "min": 0.113708980381,
        "var": 0.00314195640385
    },
    "dynamic_complexity": 4.04330587387,
    "erbbands_crest": {
        "dmean": 3.49726343155,
        "dmean2": 5.7330288887,
        "dvar": 11.9890737534,
        "dvar2": 28.3502140045,
        "max": 33.542755127,
        "mean": 10.4845657349,
        "median": 8.5566072464,
        "min": 1.94547402859,
        "var": 40.6558265686
    },
    "erbbands_flatness_db": {
        "dmean": 0.0299578923732,
        "dmean2": 0.0454836003482,
        "dvar": 0.00150707259309,
        "dvar2": 0.00320182950236,
        "max": 0.556557536125,
        "mean": 0.191506132483,
        "median": 0.149355947971,
        "min": 0.0435964204371,
        "var": 0.0122220115736
    },
    "erbbands_kurtosis": {
        "dmean": 4.20945978165,
        "dmean2": 6.86742973328,
        "dvar": 162.429656982,
        "dvar2": 373.097839355,
        "max": 228.015213013,
        "mean": 3.32932639122,
        "median": 0.0799238681793,
        "min": -1.9258787632,
        "var": 164.007522583
    },
    "erbbands_skewness": {
        "dmean": 0.815253078938,
        "dmean2": 1.2484818697,
        "dvar": 1.40549182892,
        "dvar2": 2.92461752892,
        "max": 11.8981199265,
        "mean": 0.376669257879,
        "median": 0.135933339596,
        "min": -5.31151247025,
        "var": 2.35540151596
    },
    "erbbands_spread": {
        "dmean": 15.9768772125,
        "dmean2": 25.7808609009,
        "dvar": 540.888977051,
        "dvar2": 1396.62426758,
        "max": 186.593292236,
        "mean": 41.7434310913,
        "median": 36.0238952637,
        "min": 0.381820619106,
        "var": 1119.51220703
    },
    "hfc": {
        "dmean": 15.132932663,
        "dmean2": 25.8491420746,
        "dvar": 888.136962891,
        "dvar2": 2481.33959961,
        "max": 324.848724365,
        "mean": 22.9068889618,
        "median": 10.0160923004,
        "min": 1.12451392628e-16,
        "var": 989.386413574
    },
    "melbands_crest": {
        "dmean": 5.00403833389,
        "dmean2": 8.21682071686,
        "dvar": 22.3883666992,
        "dvar2": 56.6930351257,
        "max": 39.7984313965,
        "mean": 20.5380496979,
        "median": 20.1459312439,
        "min": 1.81226038933,
        "var": 62.564163208
    },
    "melbands_flatness_db": {
        "dmean": 0.077109336853,
        "dmean2": 0.114032670856,
        "dvar": 0.010453524068,
        "dvar2": 0.0241851881146,
        "max": 1,
        "mean": 0.312028646469,
        "median": 0.298852056265,
        "min": 0.00682089012116,
        "var": 0.0224242154509
    },
    "melbands_kurtosis": {
        "dmean": 88.8998031616,
        "dmean2": 151.812011719,
        "dvar": 109482.40625,
        "dvar2": 300774.75,
        "max": 12345.1269531,
        "mean": 89.5066299438,
        "median": 14.8342628479,
        "min": -1.90892827511,
        "var": 88208.671875
    },
    "melbands_skewness": {
        "dmean": 2.65852570534,
        "dmean2": 4.337059021,
        "dvar": 19.9105510712,
        "dvar2": 57.1138458252,
        "max": 69.0043563843,
        "mean": 4.85885000229,
        "median": 3.32013297081,
        "min": -3.68392586708,
        "var": 28.3856468201
    },
    "melbands_spread": {
        "dmean": 12.5719270706,
        "dmean2": 22.0379390717,
        "dvar": 654.766052246,
        "dvar2": 1796.22070312,
        "max": 220.733322144,
        "mean": 18.0792427063,
        "median": 9.77530384064,
        "min": 0.0179338380694,
        "var": 675.754089355
    },
    "pitch_salience": {
        "dmean": 0.124547943473,
        "dmean2": 0.202127769589,
        "dvar": 0.0169576201588,
        "dvar2": 0.0423107594252,
        "max": 0.982165277004,
        "mean": 0.423453837633,
        "median": 0.425849795341,
        "min": 0.0128405010328,
        "var": 0.0335093513131
    },
    "silence_rate_20dB": {
        "dmean": 0,
        "dmean2": 0,
        "dvar": 0,
        "dvar2": 0,
        "max": 1,
        "mean": 1,
        "median": 1,
        "min": 1,
        "var": 0
    },
    "silence_rate_30dB": {
        "dmean": 0.1249781847,
        "dmean2": 0.2499781847,
        "dvar": 0.109362430871,
        "dvar2": 0.237242892385,
        "max": 1,
        "mean": 0.843441843987,
        "median": 1,
        "min": 0,
        "var": 0.132053926587
    },
    "silence_rate_60dB": {
        "dmean": 0.0315936468542,
        "dmean2": 0.063192807138,
        "dvar": 0.0305977668613,
        "dvar2": 0.0710585415363,
        "max": 1,
        "mean": 0.0895366072655,
        "median": 0,
        "min": 0,
        "var": 0.0815140977502
    },
    "spectral_centroid": {
        "dmean": 482.505981445,
        "dmean2": 782.890441895,
        "dvar": 515226.65625,
        "dvar2": 1163944.625,
        "max": 11543.3183594,
        "mean": 1276.75671387,
        "median": 1022.8526001,
        "min": 56.9755172729,
        "var": 957194.4375
    },
    "spectral_complexity": {
        "dmean": 6.13562583923,
        "dmean2": 9.87693119049,
        "dvar": 68.7759246826,
        "dvar2": 172.275299072,
        "max": 62,
        "mean": 15.1743612289,
        "median": 9,
        "min": 0,
        "var": 191.216705322
    },
    "spectral_decrease": {
        "dmean": 5.3846815895e-09,
        "dmean2": 8.08058242541e-09,
        "dvar": 5.18359017429e-17,
        "dvar2": 1.27175114888e-16,
        "max": 1.31143595983e-10,
        "mean": -1.27998385224e-08,
        "median": -7.88208165403e-09,
        "min": -8.11379905485e-08,
        "var": 1.62076803077e-16
    },
    "spectral_energy": {
        "dmean": 0.0203300267458,
        "dmean2": 0.0304521992803,
        "dvar": 0.000727259961423,
        "dvar2": 0.00178295746446,
        "max": 0.307889699936,
        "mean": 0.0503873154521,
        "median": 0.0325915254653,
        "min": 1.0442311897e-20,
        "var": 0.00237802718766
    },
    "spectral_energyband_high": {
        "dmean": 0.00147651019506,
        "dmean2": 0.00261318124831,
        "dvar": 1.25871638375e-05,
        "dvar2": 3.55044539901e-05,
        "max": 0.0413994714618,
        "mean": 0.00161495502107,
        "median": 0.000168432481587,
        "min": 7.23598535933e-21,
        "var": 1.13379046525e-05
    },
    "spectral_energyband_low": {
        "dmean": 0.020187234506,
        "dmean2": 0.0305837523192,
        "dvar": 0.000849451986142,
        "dvar2": 0.00209766160697,
        "max": 0.304739117622,
        "mean": 0.0376036688685,
        "median": 0.0147836431861,
        "min": 1.77300890292e-23,
        "var": 0.00219742581248
    },
    "spectral_energyband_middle_high": {
        "dmean": 0.00236735679209,
        "dmean2": 0.00412832340226,
        "dvar": 1.53890596266e-05,
        "dvar2": 4.29160536441e-05,
        "max": 0.0445752292871,
        "mean": 0.00346974120475,
        "median": 0.00165990181267,
        "min": 1.38756690186e-21,
        "var": 2.08365345316e-05
    },
    "spectral_energyband_middle_low": {
        "dmean": 0.00626442488283,
        "dmean2": 0.0103877484798,
        "dvar": 0.000174727960257,
        "dvar2": 0.000468052225187,
        "max": 0.149865850806,
        "mean": 0.00859599094838,
        "median": 0.00400935579091,
        "min": 2.12196565798e-22,
        "var": 0.000178531598067
    },
    "spectral_entropy": {
        "dmean": 0.367348492146,
        "dmean2": 0.555644869804,
        "dvar": 0.314316183329,
        "dvar2": 0.680699825287,
        "max": 9.81230449677,
        "mean": 7.2768945694,
        "median": 7.56916046143,
        "min": 2.63054895401,
        "var": 0.966502845287
    },
    "spectral_flux": {
        "dmean": 0.0409377515316,
        "dmean2": 0.0625893101096,
        "dvar": 0.00229202117771,
        "dvar2": 0.00482912827283,
        "max": 0.441268056631,
        "mean": 0.112766876817,
        "median": 0.089641623199,
        "min": 6.54683321444e-11,
        "var": 0.00714879576117
    },
    "spectral_kurtosis": {
        "dmean": 6.04194784164,
        "dmean2": 10.3173894882,
        "dvar": 227.771789551,
        "dvar2": 566.083984375,
        "max": 342.219360352,
        "mean": 11.0966777802,
        "median": 3.44271087646,
        "min": -1.30239915848,
        "var": 411.115234375
    },
    "spectral_rms": {
        "dmean": 0.00130262435414,
        "dmean2": 0.00193542684428,
        "dvar": 1.98495013137e-06,
        "dvar2": 4.72653482575e-06,
        "max": 0.0173314791173,
        "mean": 0.00608060136437,
        "median": 0.00563884852454,
        "min": 3.19180532699e-12,
        "var": 1.21846023831e-05
    },
    "spectral_rolloff": {
        "dmean": 803.91619873,
        "dmean2": 1465.48242188,
        "dvar": 2851176.25,
        "dvar2": 7556433,
        "max": 19466.015625,
        "mean": 1190.38586426,
        "median": 538.330078125,
        "min": 21.533203125,
        "var": 3548506
    },
    "spectral_skewness": {
        "dmean": 0.541179418564,
        "dmean2": 0.896384716034,
        "dvar": 0.930532455444,
        "dvar2": 2.21567511559,
        "max": 15.2000780106,
        "mean": 1.97973501682,
        "median": 1.46411108971,
        "min": -0.238791719079,
        "var": 2.19299459457
    },
    "spectral_spread": {
        "dmean": 801044.875,
        "dmean2": 1226683.5,
        "dvar": 1.16442739507e+12,
        "dvar2": 2.75607217766e+12,
        "max": 41755924,
        "mean": 4542184,
        "median": 4524145,
        "min": 309149.84375,
        "var": 6.66244900454e+12
    },
    "spectral_strongpeak": {
        "dmean": 0.339265376329,
        "dmean2": 0.555915474892,
        "dvar": 0.234124809504,
        "dvar2": 0.593201756477,
        "max": 8.62240028381,
        "mean": 0.637563884258,
        "median": 0.472217470407,
        "min": 0,
        "var": 0.383823990822
    },
    "zerocrossingrate": {
        "dmean": 0.0132851880044,
        "dmean2": 0.01729927212,
        "dvar": 0.000336306664394,
        "dvar2": 0.000472678482765,
        "max": 0.60888671875,
        "mean": 0.0458542481065,
        "median": 0.03466796875,
        "min": 0,
        "var": 0.00196302030236
    },
    "barkbands": {
        "dmean": [0.00221875589341, 0.0173343960196, 0.00541583495215, 0.00251402077265, 0.00244243931957, 0.000957246811595, 0.000704865786247, 0.000716015230864, 0.000398716045311, 0.000255110964645, 0.000362778228009, 0.000599523540586, 0.000230330464547, 0.000294335302897, 0.000271958124358, 0.000198546054889, 0.000204418087378, 0.00024529217626, 0.000238053078647, 0.000281195476418, 0.000350236572558, 0.000313803437166, 0.000294638506602, 0.000195221015019, 0.000153947607032, 8.82264430402e-05, 2.25398835028e-05],
        "dmean2": [0.00358601193875, 0.0251185316592, 0.00921688601375, 0.00455246912315, 0.00410359445959, 0.00158726877999, 0.00119026436005, 0.00122008938342, 0.000674594135489, 0.000444049568614, 0.000618968333583, 0.001040685107, 0.000400580262067, 0.00051644310588, 0.00047735296539, 0.000351374706952, 0.000357933866326, 0.000435788388131, 0.000418916373746, 0.000500381749589, 0.000634405063465, 0.000558859785087, 0.000528048141859, 0.000339836784406, 0.00026005532709, 0.000143658937304, 3.79081466235e-05],
        "dvar": [2.17855395022e-05, 0.000691200082656, 0.000166537894984, 5.88264556427e-05, 4.12204535678e-05, 4.92008530273e-06, 2.25895905714e-06, 1.7945953914e-06, 7.36110905564e-07, 3.41784215152e-07, 5.32062358616e-07, 1.38150721796e-06, 2.36867506942e-07, 3.56580756034e-07, 2.84000037709e-07, 1.94312249846e-07, 2.0337836304e-07, 3.07578233105e-07, 3.2202450484e-07, 6.67275514843e-07, 1.00388024293e-06, 6.0988588757e-07, 6.41594056106e-07, 2.1801626815e-07, 1.29067160515e-07, 5.31360804246e-08, 8.50763193228e-09],
        "dvar2": [6.05635577813e-05, 0.00161200820003, 0.000442458695034, 0.00016694093938, 0.00010756667325, 1.25186925288e-05, 5.58707779419e-06, 4.47382171842e-06, 1.95497727873e-06, 9.35503578603e-07, 1.39437190683e-06, 3.87989121009e-06, 6.68738323384e-07, 9.75391344582e-07, 7.70692224705e-07, 5.47411218577e-07, 5.64975380257e-07, 8.74160889452e-07, 8.84371161192e-07, 1.72958152689e-06, 2.88277078653e-06, 1.70379507836e-06, 1.81443419933e-06, 6.07463903179e-07, 3.46666041651e-07, 1.38747367373e-07, 2.31042704968e-08],
        "max": [0.071925856173, 0.270443618298, 0.152284681797, 0.0996708571911, 0.0978722795844, 0.055209826678, 0.0355030149221, 0.0304209589958, 0.0156587585807, 0.0160122215748, 0.0145196942613, 0.0282780528069, 0.00991602241993, 0.0092748394236, 0.00993548892438, 0.00649990746751, 0.00612488854676, 0.0068619158119, 0.00964356679469, 0.0284692887217, 0.0151375187561, 0.010634300299, 0.00815606489778, 0.00790511351079, 0.00483944592997, 0.00515734544024, 0.00466014957055],
        "mean": [0.00271749636158, 0.0286486204714, 0.00540379993618, 0.00208936259151, 0.00299675250426, 0.00119732192252, 0.000809891207609, 0.000870821066201, 0.000494761276059, 0.000284141220618, 0.0004488612758, 0.000757164147217, 0.000292639684631, 0.000332601717673, 0.00030967904604, 0.000218178305659, 0.000231811602134, 0.000266962946625, 0.000258820626186, 0.000304826942738, 0.000349408946931, 0.00031591343577, 0.000271008437267, 0.000212882267078, 0.000171846113517, 0.000106782616058, 2.49870954576e-05],
        "median": [0.000373326853151, 0.00846120528877, 0.00114656554069, 0.000365677813534, 0.000838193460368, 0.000271633762168, 0.00016574280744, 0.000230414618272, 9.45285864873e-05, 5.82010034123e-05, 8.20766581455e-05, 0.00019571390294, 6.71209054417e-05, 8.07914111647e-05, 7.16326612746e-05, 3.55033480446e-05, 2.97712958854e-05, 3.59951409337e-05, 3.33778480126e-05, 5.2151568525e-05, 4.30227191828e-05, 1.9500079361e-05, 1.39501598824e-05, 1.04347136585e-05, 7.43734199204e-06, 3.04712034449e-06, 1.63112375162e-07],
        "min": [1.09599512259e-24, 1.41313197791e-23, 1.89754455965e-24, 7.83470066453e-24, 9.53709326357e-24, 7.8291644387e-24, 1.5668664533e-23, 3.66196300397e-23, 2.03275381997e-23, 2.72890432062e-23, 3.65152227212e-23, 2.10160559978e-23, 4.01091404768e-23, 7.92425736097e-23, 5.65374717506e-23, 7.19187826548e-23, 1.29581637062e-22, 1.50989946256e-22, 1.45188057314e-22, 1.96277516814e-22, 3.50383236453e-22, 4.14841830947e-22, 5.24090660219e-22, 5.07367061463e-22, 9.14451499326e-22, 1.57117747086e-21, 2.10468251072e-21],
        "var": [2.80305266642e-05, 0.0016522690421, 0.000136713439133, 4.18965682911e-05, 4.52243402833e-05, 6.94501977705e-06, 3.3587116377e-06, 2.9861873827e-06, 1.02074193364e-06, 3.96409205905e-07, 7.58299734116e-07, 1.88496710507e-06, 3.01399694536e-07, 4.02638448804e-07, 3.27423464341e-07, 2.05463479119e-07, 2.1834895847e-07, 3.01940247027e-07, 3.13392945372e-07, 6.89309558766e-07, 7.66913842654e-07, 5.67435051835e-07, 4.79835875922e-07, 2.14577625002e-07, 1.41611636195e-07, 7.15443135846e-08, 8.43918446236e-09]
    },
    "erbbands": {
        "dmean": [0.765835404396, 3.15372681618, 5.81900930405, 7.67101383209, 7.69767904282, 8.74209785461, 8.81202030182, 7.13179445267, 8.84816932678, 12.8105649948, 14.9271564484, 7.91452693939, 10.3829145432, 10.0213003159, 14.8407659531, 24.4064445496, 10.3865184784, 13.9680747986, 15.7613773346, 11.6163759232, 11.4876461029, 11.3356924057, 12.9955024719, 13.0213766098, 11.4651212692, 13.6787204742, 15.1465301514, 12.9597454071, 11.3566732407, 9.06917476654, 8.49311161041, 5.09244585037, 2.84303283691, 1.83612906933, 1.03632450104, 0.430462241173, 0.160536304116, 0.0413130745292, 0.003626559861, 6.7504857725e-05],
        "dmean2": [1.12839925289, 4.63749361038, 9.48682880402, 13.4061355591, 13.1677427292, 14.6404304504, 14.2509632111, 12.185051918, 14.8506412506, 21.9920730591, 25.1868171692, 13.4599561691, 17.5926685333, 17.3652191162, 25.564956665, 42.4285926819, 18.0667095184, 24.3218002319, 27.9398803711, 20.0619373322, 20.2521629333, 19.9265995026, 22.9826698303, 23.1173782349, 20.242231369, 24.3443832397, 27.468837738, 23.4091358185, 20.2358989716, 16.1843852997, 15.2816848755, 8.98247909546, 4.91814517975, 3.11781835556, 1.75837433338, 0.715744614601, 0.262048721313, 0.0665217936039, 0.00616543646902, 0.000110034437967],
        "dvar": [1.55809128284, 24.0663890839, 147.705444336, 464.436157227, 505.515106201, 587.273376465, 497.956268311, 306.876800537, 506.449554443, 707.451538086, 758.514221191, 284.194763184, 614.376159668, 445.777099609, 648.148925781, 2557.01098633, 449.472686768, 849.699707031, 963.34942627, 547.903137207, 671.738586426, 668.118286133, 904.565124512, 888.024902344, 945.899108887, 1618.96765137, 1874.09472656, 1326.62329102, 817.859985352, 476.767181396, 598.076049805, 161.746902466, 43.8083000183, 19.6771430969, 5.92111682892, 1.01075232029, 0.218830004334, 0.0201132632792, 0.000217846521991, 4.3005076833e-08],
        "dvar2": [3.64478945732, 56.227180481, 378.745788574, 1282.08154297, 1357.92504883, 1547.83813477, 1239.05822754, 826.548156738, 1159.23413086, 1851.83203125, 1866.85437012, 755.719299316, 1657.72839355, 1180.21472168, 1778.15661621, 7174.24316406, 1262.78881836, 2319.26464844, 2632.10375977, 1509.34814453, 1909.84606934, 1878.09753418, 2559.93530273, 2496.44799805, 2407.03564453, 4351.75, 5415.06689453, 3774.93261719, 2277.4765625, 1340.00390625, 1699.04150391, 452.801605225, 121.330749512, 53.3981628418, 15.729306221, 2.69277667999, 0.582035839558, 0.0515924692154, 0.000599744555075, 1.17486003148e-07],
        "max": [12.6113195419, 53.0864677429, 126.351219177, 268.482299805, 505.716369629, 522.106811523, 618.71875, 328.426696777, 645.776733398, 409.458679199, 703.064208984, 281.063873291, 642.190551758, 548.252319336, 313.193664551, 1367.75305176, 286.662994385, 641.258300781, 636.795471191, 322.141876221, 347.090637207, 326.489318848, 416.640136719, 378.993041992, 1083.61914062, 1189.37768555, 704.727416992, 687.781433105, 424.76260376, 238.032333374, 257.419128418, 156.059326172, 111.765312195, 76.2254638672, 35.0911560059, 19.1587142944, 9.81858253479, 6.32337188721, 0.632556021214, 0.00864649005234],
        "mean": [1.14059185982, 5.14399433136, 6.76356744766, 7.13002061844, 7.87736701965, 10.4707555771, 11.8867425919, 8.16914272308, 10.2812824249, 15.0877275467, 18.6829147339, 9.9910364151, 13.3403739929, 12.2883310318, 19.8587265015, 30.9211845398, 13.9240760803, 17.5463085175, 17.0715904236, 13.6300725937, 13.2416982651, 12.7868757248, 14.5579719543, 14.0627479553, 12.9665174484, 14.7402124405, 15.3112440109, 12.7182455063, 11.297337532, 8.8306016922, 7.78541374207, 5.18894815445, 3.18810677528, 2.06298875809, 1.13040518761, 0.488288462162, 0.191642120481, 0.0518170371652, 0.00389060541056, 0.000120257573144],
        "median": [0.247862145305, 1.4858455658, 2.164675951, 1.55455935001, 2.08139324188, 2.64233469963, 2.2431473732, 2.07530498505, 2.02842926979, 3.67445158958, 4.94377422333, 2.60964226723, 2.20462322235, 2.96777558327, 6.78196763992, 8.27900981903, 4.53722190857, 4.13222122192, 4.77759599686, 2.79608535767, 2.04867076874, 1.66744911671, 1.7619959116, 1.84818935394, 2.00554680824, 2.6012096405, 2.16477823257, 1.29345273972, 0.724237918854, 0.533152878284, 0.383453905582, 0.257121950388, 0.152136459947, 0.0902908146381, 0.0476354248822, 0.0161586888134, 0.00478035211563, 0.000882781052496, 7.10280728526e-05, 6.45214458928e-05],
        "min": [1.7974242426e-22, 1.59683753838e-21, 4.2471786461e-21, 1.11770138786e-20, 3.1109797549e-20, 3.46313089806e-20, 3.41520515197e-20, 1.02108111854e-19, 2.10176085871e-19, 3.06431772107e-19, 7.24862558382e-19, 6.53894804523e-19, 7.3660598984e-19, 2.60568282924e-18, 1.90102565659e-18, 1.96553478422e-18, 2.30401585011e-18, 4.18465708807e-18, 3.38920422868e-18, 2.82384737311e-18, 4.59055461465e-18, 8.78531240518e-18, 8.14423419556e-18, 7.48101649685e-18, 7.29028849993e-18, 9.14370743072e-18, 1.11736921992e-17, 1.32861733445e-17, 1.41580266732e-17, 1.42893333236e-17, 1.39276866511e-17, 1.05251528204e-17, 8.56967386411e-18, 7.37440615078e-18, 7.28612860863e-18, 5.23446839941e-18, 3.02255538819e-18, 1.01151977661e-18, 2.55156345199e-19, 3.1144451893e-20],
        "var": [3.15707826614, 56.4129600525, 151.925109863, 344.145965576, 411.870941162, 721.814941406, 967.407287598, 307.442352295, 797.562683105, 971.594177246, 1291.32861328, 367.637542725, 906.756408691, 586.07220459, 962.690185547, 3372.74072266, 557.230224609, 1213.68200684, 957.378479004, 673.100830078, 759.98248291, 656.845397949, 903.474365234, 820.106384277, 1061.62463379, 1527.08996582, 1430.65307617, 1028.13122559, 737.645446777, 415.625091553, 431.652282715, 142.963150024, 45.7859687805, 20.6114444733, 6.56626701355, 1.2859030962, 0.267072677612, 0.0253261942416, 0.000213797451579, 5.06730870597e-08]
    },
    "gfcc": {
        "mean": [-66.5872116089, 103.443367004, -102.191017151, 34.9672851562, -40.2015075684, 14.571559906, -18.4902114868, 2.38391590118, -17.5228061676, 6.12284231186, -8.18196964264, -2.86756277084, -7.49981784821],
        "cov": [[24830.1542969, -5962.515625, 1415.27319336, 2460.65527344, -388.017456055, 2049.29150391, -1140.02062988, 1642.5559082, -263.777282715, 685.036437988, -723.910766602, 954.175415039, -544.832763672], [-5962.515625, 5174.57617188, -1434.59375, -1481.22424316, 230.966690063, -1171.41943359, 371.28237915, -1028.58740234, 184.64906311, -423.702789307, 419.886199951, -640.040039062, 385.071563721], [1415.27319336, -1434.59375, 3016.74707031, 1372.55236816, 546.79296875, 815.798034668, -158.96472168, 637.761657715, 4.05235958099, 129.120819092, -164.99029541, 311.049041748, -54.3178291321], [2460.65527344, -1481.22424316, 1372.55236816, 1657.61791992, 263.330383301, 613.211975098, -12.0252161026, 473.03805542, 47.6467170715, 109.071258545, -78.2368392944, 207.902572632, -44.042755127], [-388.017456055, 230.966690063, 546.79296875, 263.330383301, 448.781585693, 168.448898315, 123.263572693, 86.4395904541, 44.3394012451, -4.26366758347, 30.1727676392, -4.54721021652, 34.1976737976], [2049.29150391, -1171.41943359, 815.798034668, 613.211975098, 168.448898315, 775.055236816, 50.6651077271, 456.544158936, 5.07824850082, 171.494033813, -60.7638435364, 174.503677368, -83.7456359863], [-1140.02062988, 371.28237915, -158.96472168, -12.0252161026, 123.263572693, 50.6651077271, 351.307861328, 13.6297616959, 75.4256286621, 16.9977245331, 109.433311462, -58.9400482178, 28.916343689], [1642.5559082, -1028.58740234, 637.761657715, 473.03805542, 86.4395904541, 456.544158936, 13.6297616959, 473.263183594, 52.9548606873, 159.459213257, -59.9539718628, 160.669326782, -92.1219558716], [-263.777282715, 184.64906311, 4.05235958099, 47.6467170715, 44.3394012451, 5.07824850082, 75.4256286621, 52.9548606873, 179.045059204, 21.4620838165, 67.9123840332, -16.056230545, 18.0051460266], [685.036437988, -423.702789307, 129.120819092, 109.071258545, -4.26366758347, 171.494033813, 16.9977245331, 159.459213257, 21.4620838165, 186.686904907, 26.0638751984, 61.7998352051, -19.211977005], [-723.910766602, 419.886199951, -164.99029541, -78.2368392944, 30.1727676392, -60.7638435364, 109.433311462, -59.9539718628, 67.9123840332, 26.0638751984, 167.37689209, -15.043223381, 52.6830215454], [954.175415039, -640.040039062, 311.049041748, 207.902572632, -4.54721021652, 174.503677368, -58.9400482178, 160.669326782, -16.056230545, 61.7998352051, -15.043223381, 188.05607605, -21.190410614], [-544.832763672, 385.071563721, -54.3178291321, -44.042755127, 34.1976737976, -83.7456359863, 28.916343689, -92.1219558716, 18.0051460266, -19.211977005, 52.6830215454, -21.190410614, 130.677871704]],
        "icov": [[0.000101314493804, -8.3452425315e-05, 0.000150621664943, -0.000158555136295, 6.10481538388e-06, -0.00020583740843, 0.000350011745468, -0.000136754359119, 3.44614818459e-05, -0.000218158689677, 0.000309490715154, -0.000337516394211, 0.000153799541295], [-8.3452425315e-05, 0.00105362082832, -0.000277540064417, 0.000625340209808, -0.000521102745552, 0.000487701239763, -0.000346584216459, 0.000394939415855, -0.000369791086996, 0.00121097103693, -0.00179782451596, 0.00215163826942, -0.00125056039542], [0.000150621664943, -0.000277540064417, 0.00109986506868, -0.000643076200504, -0.000768958416302, -0.000529581855517, 0.00111095700413, -0.000696034636348, 0.000163496821187, -0.000345395703334, 0.000929091242142, -0.00118019711226, 0.000172344836756], [-0.000158555136295, 0.000625340209808, -0.000643076200504, 0.00162016565446, -0.000274680671282, 0.000133028544951, -0.000622725579888, -2.77503095276e-05, -0.00042201046017, 0.00113705021795, -0.00120190519374, 0.00128165178467, -0.00103195838165], [6.10481538388e-06, -0.000521102745552, -0.000768958416302, -0.000274680671282, 0.00418937206268, -0.000627207744401, -0.00123741361313, -9.73742353381e-05, 7.0898575359e-05, 0.000272726756521, 0.000235470404732, 6.25594693702e-05, -0.000198778609047], [-0.00020583740843, 0.000487701239763, -0.000529581855517, 0.000133028544951, -0.000627207744401, 0.00419362774119, -0.00146945449524, -0.00206157122739, 0.000889603979886, -0.000120411168609, -0.000854966696352, 0.000828468415421, -0.000408365012845], [0.000350011745468, -0.000346584216459, 0.00111095700413, -0.000622725579888, -0.00123741361313, -0.00146945449524, 0.00616124877706, -0.0016224225983, -5.73062789044e-05, -0.00020980577392, -0.00174775195774, 0.000512413564138, 0.000372264214093], [-0.000136754359119, 0.000394939415855, -0.000696034636348, -2.77503095276e-05, -9.73742353381e-05, -0.00206157122739, -0.0016224225983, 0.00944587029517, -0.00360870291479, -0.00305007002316, 0.00241158716381, -0.00229117786512, 0.00239465245977], [3.44614818459e-05, -0.000369791086996, 0.000163496821187, -0.00042201046017, 7.0898575359e-05, 0.000889603979886, -5.73062789044e-05, -0.00360870291479, 0.00847980566323, 0.000435583118815, -0.00315784080885, 0.00128235481679, -0.000443956087111], [-0.000218158689677, 0.00121097103693, -0.000345395703334, 0.00113705021795, 0.000272726756521, -0.000120411168609, -0.00020980577392, -0.00305007002316, 0.000435583118815, 0.0107557559386, -0.00573769118637, 0.00300022796728, -0.00216963607818], [0.000309490715154, -0.00179782451596, 0.000929091242142, -0.00120190519374, 0.000235470404732, -0.000854966696352, -0.00174775195774, 0.00241158716381, -0.00315784080885, -0.00573769118637, 0.0152747221291, -0.00682640401646, 0.000372989132302], [-0.000337516394211, 0.00215163826942, -0.00118019711226, 0.00128165178467, 6.25594693702e-05, 0.000828468415421, 0.000512413564138, -0.00229117786512, 0.00128235481679, 0.00300022796728, -0.00682640401646, 0.014403260313, -0.00366801791824], [0.000153799541295, -0.00125056039542, 0.000172344836756, -0.00103195838165, -0.000198778609047, -0.000408365012845, 0.000372264214093, 0.00239465245977, -0.000443956087111, -0.00216963607818, 0.000372989132302, -0.00366801791824, 0.0120956161991]]
    },
    "melbands": {
        "dmean": [0.00559705635533, 0.00298515683971, 0.00129233812913, 0.000573455123231, 0.000323492073221, 0.000168010723428, 0.000136849470437, 0.000146355014294, 0.000110001055873, 5.22978880326e-05, 5.14458479302e-05, 3.83815131499e-05, 5.08726770931e-05, 7.19857198419e-05, 3.84461527574e-05, 2.29043234867e-05, 2.60570013779e-05, 2.68920121016e-05, 1.82009025593e-05, 1.34692045322e-05, 1.41258169606e-05, 1.1770736819e-05, 1.18978668979e-05, 1.23436739159e-05, 1.07607829705e-05, 9.10807648324e-06, 8.59191186464e-06, 9.32499915507e-06, 9.52452592173e-06, 8.63681634655e-06, 7.55505061534e-06, 6.78748847349e-06, 5.59607542527e-06, 4.96861730426e-06, 5.31035720996e-06, 3.95607457904e-06, 2.84260454464e-06, 2.09078166336e-06, 1.75066406882e-06, 1.50895687057e-06],
        "dmean2": [0.00813984125853, 0.00467219855636, 0.00220422772691, 0.000965657120105, 0.000530951016117, 0.000283339992166, 0.000230714751524, 0.000250944023719, 0.00018567450752, 8.86114066816e-05, 8.71755983098e-05, 6.68349457555e-05, 8.66116533871e-05, 0.000124510828755, 6.8382381869e-05, 3.90457062167e-05, 4.55515910289e-05, 4.78340371046e-05, 3.17525700666e-05, 2.35738716583e-05, 2.49237400567e-05, 2.06556051126e-05, 2.10396810871e-05, 2.19302619371e-05, 1.90934933926e-05, 1.6142415916e-05, 1.51814801939e-05, 1.66547270055e-05, 1.72680338437e-05, 1.56389432959e-05, 1.3646815205e-05, 1.21630919239e-05, 9.97187635221e-06, 8.90577302926e-06, 9.6243857115e-06, 7.04249487171e-06, 4.99658790432e-06, 3.65506980415e-06, 2.96725215776e-06, 2.58353816207e-06],
        "dvar": [7.58986570872e-05, 2.5750743589e-05, 1.1760610505e-05, 2.48349260801e-06, 6.8244673912e-07, 1.66570728766e-07, 1.04129682654e-07, 8.36157596495e-08, 4.03447160124e-08, 1.28253159204e-08, 1.50478332017e-08, 6.69684974142e-09, 9.19115095144e-09, 2.09559818387e-08, 6.33500363278e-09, 2.29288898979e-09, 2.97116153902e-09, 2.91777424444e-09, 1.28187549464e-09, 8.08953792841e-10, 1.09566977713e-09, 6.94677204649e-10, 7.88448251132e-10, 8.62785565214e-10, 6.49748921333e-10, 5.38961986152e-10, 9.29359145196e-10, 7.08061720367e-10, 6.76416811451e-10, 6.5191285703e-10, 4.57354598637e-10, 3.17591924981e-10, 1.9959725539e-10, 1.48664650035e-10, 2.69112704343e-10, 1.10760643712e-10, 4.94913207638e-11, 2.48910701078e-11, 1.65432372662e-11, 1.44955341133e-11],
        "dvar2": [0.000176910951268, 6.40815924271e-05, 3.17530139e-05, 6.53202960166e-06, 1.79237497377e-06, 4.38206569697e-07, 2.46553440775e-07, 2.18919865347e-07, 1.00495370248e-07, 3.42045680668e-08, 4.05542195381e-08, 1.78847514576e-08, 2.45034357249e-08, 5.85042378987e-08, 1.8287266812e-08, 6.30920338196e-09, 8.13267408972e-09, 8.01265542805e-09, 3.46281092689e-09, 2.25328378178e-09, 3.12595727081e-09, 1.93843119334e-09, 2.19834261905e-09, 2.4559334566e-09, 1.82628190348e-09, 1.47584422461e-09, 2.13639306246e-09, 1.97950877912e-09, 1.94740379378e-09, 1.87853110845e-09, 1.29529409421e-09, 8.899615489e-10, 5.55952450743e-10, 4.18676510128e-10, 7.7099143736e-10, 3.10539732817e-10, 1.38296679664e-10, 6.9640022915e-11, 4.44969408542e-11, 3.97157272347e-11],
        "max": [0.0907190740108, 0.0557416193187, 0.0380284525454, 0.0246049426496, 0.0167220942676, 0.00783690065145, 0.00824297312647, 0.00383551185951, 0.00523304753006, 0.00180381396785, 0.00314407818951, 0.0020290419925, 0.00144826027099, 0.00355073064566, 0.00121975713409, 0.00106562091969, 0.00107788224705, 0.00101978250314, 0.000575153506361, 0.000438643473899, 0.000473768945085, 0.000299073843053, 0.000396519346396, 0.000439691735664, 0.000354222487658, 0.000481643772218, 0.00147130084224, 0.000611001276411, 0.000398709467845, 0.000432217668276, 0.000334942393238, 0.000252854282735, 0.000213940817048, 0.000131769353175, 0.000192563020391, 0.000121737160953, 0.000132837914862, 9.56867952482e-05, 4.86284334329e-05, 7.03162877471e-05],
        "mean": [0.0089974142611, 0.0046725650318, 0.00127379281912, 0.000646387343295, 0.000429634819739, 0.000197722401936, 0.000158749753609, 0.000173803971848, 0.000135969428811, 6.5356354753e-05, 6.54430768918e-05, 4.49922117696e-05, 6.51244117762e-05, 9.07870780793e-05, 4.49750041298e-05, 3.14348326356e-05, 3.13756063406e-05, 2.75221282209e-05, 2.10926082218e-05, 1.4929023564e-05, 1.5874798919e-05, 1.29819545691e-05, 1.28358278744e-05, 1.34487345349e-05, 1.11078825284e-05, 9.77404761215e-06, 9.46387353906e-06, 9.63103229878e-06, 9.57264910539e-06, 8.38501455291e-06, 7.15138639862e-06, 6.51184700473e-06, 5.70514885112e-06, 4.60593901153e-06, 4.71249404654e-06, 3.70625866708e-06, 2.94867049888e-06, 2.27724513024e-06, 1.96599512492e-06, 1.6542104504e-06],
        "median": [0.00244600372389, 0.00173725630157, 0.000325892266119, 0.000172421787283, 9.08760048333e-05, 4.88829355163e-05, 3.32282907038e-05, 4.59746297565e-05, 3.67874199583e-05, 1.28248293549e-05, 9.74525755737e-06, 9.67345295066e-06, 1.54680747073e-05, 2.15223608393e-05, 1.26102677314e-05, 7.52581172492e-06, 7.04119838701e-06, 7.02538000041e-06, 4.62132811663e-06, 2.70645296041e-06, 2.29616330216e-06, 1.73050580088e-06, 1.3743914451e-06, 1.81389827958e-06, 1.37706024361e-06, 1.27682017137e-06, 1.52077984694e-06, 1.69475094935e-06, 1.32647494411e-06, 9.98624727799e-07, 5.8560033267e-07, 4.05661495506e-07, 3.21813615756e-07, 2.65874490424e-07, 2.33371068248e-07, 1.68966849401e-07, 1.43307687495e-07, 1.06455786408e-07, 8.42680805135e-08, 7.4528713867e-08],
        "min": [2.87282276311e-24, 2.67111891825e-24, 4.33364090942e-24, 2.1253963825e-24, 1.42078523031e-24, 2.12736656261e-24, 3.57802023616e-24, 4.13404371761e-24, 4.33825535129e-24, 3.72882519769e-24, 2.93930401589e-24, 1.09920801501e-23, 6.07180125077e-24, 3.20724239729e-24, 5.66011722687e-24, 5.95547503282e-24, 7.02487656961e-24, 4.97143810673e-24, 3.53990326608e-24, 4.96043231382e-24, 4.65031452589e-24, 8.02907835816e-24, 5.82300517088e-24, 6.85836696518e-24, 4.97885892127e-24, 5.85543208725e-24, 5.0287902667e-24, 5.51156761867e-24, 6.41914301822e-24, 6.74558352156e-24, 7.9324200203e-24, 7.41219859661e-24, 7.43103265072e-24, 6.58370926381e-24, 8.065018861e-24, 6.34669758256e-24, 5.22230021333e-24, 4.67797908898e-24, 5.72469850816e-24, 6.31638008025e-24],
        "var": [0.000172777450643, 4.4294516556e-05, 9.45816100284e-06, 2.40016811404e-06, 1.10683470211e-06, 1.80836735808e-07, 1.54951678155e-07, 1.16947944662e-07, 6.67221371486e-08, 1.73838312634e-08, 2.23025509172e-08, 8.37305691448e-09, 1.33234774324e-08, 2.92913355793e-08, 6.4686025425e-09, 3.50775675173e-09, 4.01639610459e-09, 2.71946243302e-09, 1.54307433498e-09, 8.75993777516e-10, 1.21038645773e-09, 6.94816704172e-10, 7.88384746375e-10, 8.68145055843e-10, 5.72628944262e-10, 5.1394349887e-10, 1.12114695305e-09, 6.00770655446e-10, 5.37570266079e-10, 4.8080794901e-10, 3.51488060879e-10, 2.69070155046e-10, 1.93683097338e-10, 1.21212470616e-10, 1.83811937893e-10, 8.67179036912e-11, 4.58619288379e-11, 2.47230083628e-11, 1.8108023761e-11, 1.42965066868e-11]
    },
    "mfcc": {
        "mean": [-707.622192383, 126.174087524, 9.07742118835, 28.5962963104, 7.34274101257, 16.3394489288, 10.9295082092, 2.46767830849, 2.97727632523, 4.9043803215, 2.33858370781, 6.06954622269, 4.2682595253],
        "cov": [[17975.9628906, -3300.70410156, 35.3638114929, 548.448303223, 271.499664307, 281.564331055, -22.9725990295, 615.558959961, 275.227203369, 224.382110596, 143.0884552, 10.209859848, -118.479530334], [-3300.70410156, 4239.39794922, -773.634033203, -437.731323242, -299.45602417, -266.308227539, -137.710250854, -539.112915039, -233.996810913, -132.462646484, -209.398147583, -17.8768348694, -14.7028932571], [35.3638114929, -773.634033203, 1544.8001709, 643.560913086, 654.551391602, 339.817626953, 169.843292236, 379.242614746, 198.223922729, 121.435806274, 95.2559127808, -3.95596861839, -24.8012905121], [548.448303223, -437.731323242, 643.560913086, 1029.6854248, 404.745941162, 297.369293213, 176.728546143, 234.592163086, 177.359664917, 70.8884277344, 95.2447967529, 14.0775737762, 4.3788523674], [271.499664307, -299.45602417, 654.551391602, 404.745941162, 538.856445312, 236.950469971, 122.171310425, 242.330932617, 130.008209229, 85.0180587769, 58.2222137451, -12.6176958084, -27.3062953949], [281.564331055, -266.308227539, 339.817626953, 297.369293213, 236.950469971, 310.750061035, 209.998184204, 174.148330688, 128.743774414, 80.5880203247, 60.3644943237, 31.5704917908, 20.8818759918], [-22.9725990295, -137.710250854, 169.843292236, 176.728546143, 122.171310425, 209.998184204, 310.385528564, 152.828979492, 114.432884216, 86.8085021973, 64.9601745605, 80.1057815552, 65.0503845215], [615.558959961, -539.112915039, 379.242614746, 234.592163086, 242.330932617, 174.148330688, 152.828979492, 326.960296631, 152.296936035, 91.5830459595, 109.23677063, 29.369468689, 5.7525472641], [275.227203369, -233.996810913, 198.223922729, 177.359664917, 130.008209229, 128.743774414, 114.432884216, 152.296936035, 170.805267334, 107.063430786, 76.3635101318, 31.1392116547, 6.87851905823], [224.382110596, -132.462646484, 121.435806274, 70.8884277344, 85.0180587769, 80.5880203247, 86.8085021973, 91.5830459595, 107.063430786, 165.553146362, 90.532661438, 48.9554023743, 19.6669940948], [143.0884552, -209.398147583, 95.2559127808, 95.2447967529, 58.2222137451, 60.3644943237, 64.9601745605, 109.23677063, 76.3635101318, 90.532661438, 141.0677948, 66.6061096191, 29.0757713318], [10.209859848, -17.8768348694, -3.95596861839, 14.0775737762, -12.6176958084, 31.5704917908, 80.1057815552, 29.369468689, 31.1392116547, 48.9554023743, 66.6061096191, 139.768554688, 89.9358673096], [-118.479530334, -14.7028932571, -24.8012905121, 4.3788523674, -27.3062953949, 20.8818759918, 65.0503845215, 5.7525472641, 6.87851905823, 19.6669940948, 29.0757713318, 89.9358673096, 131.210830688]],
