{
"lowlevel": {
    "average_loudness": 0.91049849987,
    "barkbands_crest": {
        "dmean": 2.70760011673,
        "dmean2": 4.45340681076,
        "dvar": 7.02770376205,
        "dvar2": 17.9388465881,
        "max": 26.4424171448,
        "mean": 11.6056241989,
        "median": 10.7923898697,
        "min": 2.0266661644,
        "var": 24.0176677704
    },
    "barkbands_flatness_db": {
        "dmean": 0.0221814457327,
        "dmean2": 0.0348139479756,
        "dvar": 0.000597474456299,
        "dvar2": 0.00134510744829,
        "max": 0.409364402294,
        "mean": 0.129983663559,
        "median": 0.117627672851,
        "min": 0.0141692664474,
        "var": 0.00315489852801
    },
    "barkbands_kurtosis": {
        "dmean": 2.36958575249,
        "dmean2": 3.84128117561,
        "dvar": 19.9082660675,
        "dvar2": 47.7428436279,
        "max": 150.644927979,
        "mean": 3.41727972031,
        "median": 1.61780357361,
        "min": -1.75607359409,
        "var": 41.6640472412
    },
    "barkbands_skewness": {
        "dmean": 0.509778797626,
        "dmean2": 0.826206564903,
        "dvar": 0.35932379961,
        "dvar2": 0.834242761135,
        "max": 11.8168325424,
        "mean": 1.62103807926,
        "median": 1.48725223541,
        "min": -2.45832896233,
        "var": 1.26032614708
    },
    "barkbands_spread": {
        "dmean": 5.69886445999,
        "dmean2": 9.34983825684,
        "dvar": 45.2872123718,
        "dvar2": 115.609924316,
        "max": 91.4588851929,
        "mean": 26.2923431396,
        "median": 26.0102787018,
        "min": 1.57524311543,
        "var": 144.66368103
    },
    "dissonance": {
        "dmean": 0.0145248034969,
        "dmean2": 0.0245761740953,
        "dvar": 0.000247343472438,
        "dvar2": 0.000673749716952,
        "max": 0.5,
        "mean": 0.472872823477,
        "median": 0.478368937969,
        "min": 0.183589875698,
        "var": 0.000534134625923
    },
    "dynamic_complexity": 3.2951233387,
    "erbbands_crest": {
        "dmean": 2.31874203682,
        "dmean2": 3.68184280396,
        "dvar": 5.2243180275,
        "dvar2": 12.06062603,
        "max": 28.8105010986,
        "mean": 8.20854949951,
        "median": 6.81193256378,
        "min": 2.06457495689,
        "var": 20.6144218445
    },
    "erbbands_flatness_db": {
        "dmean": 0.0118332058191,
        "dmean2": 0.0175985042006,
        "dvar": 0.000140847827424,
        "dvar2": 0.000285070767859,
        "max": 0.393347382545,
        "mean": 0.141676053405,
        "median": 0.129001021385,
        "min": 0.0592854730785,
        "var": 0.00275900121778
    },
    "erbbands_kurtosis": {
        "dmean": 0.528607785702,
        "dmean2": 0.826462388039,
        "dvar": 0.425304889679,
        "dvar2": 0.99068903923,
        "max": 11.0410089493,
        "mean": -0.145385786891,
        "median": -0.550736665726,
        "min": -1.8660286665,
        "var": 1.69355964661
    },
    "erbbands_skewness": {
        "dmean": 0.272247701883,
        "dmean2": 0.427143931389,
        "dvar": 0.0581583045423,
        "dvar2": 0.141681030393,
        "max": 2.8560731411,
        "mean": 0.117696903646,
        "median": 0.0732573196292,
        "min": -2.56687355042,
        "var": 0.316473662853
    },
    "erbbands_spread": {
        "dmean": 7.73919153214,
        "dmean2": 11.728679657,
        "dvar": 84.1538238525,
        "dvar2": 161.830062866,
        "max": 151.356781006,
        "mean": 45.4991188049,
        "median": 43.684261322,
        "min": 3.98316788673,
        "var": 430.801422119
    },
    "hfc": {
        "dmean": 7.33978891373,
        "dmean2": 11.6070556641,
        "dvar": 141.259597778,
        "dvar2": 357.568939209,
        "max": 145.82069397,
        "mean": 26.540807724,
        "median": 24.3573989868,
        "min": 1.08040720018e-16,
        "var": 353.486694336
    },
    "melbands_crest": {
        "dmean": 3.46268439293,
        "dmean2": 5.70849084854,
        "dvar": 11.9462566376,
        "dvar2": 30.9663352966,
        "max": 37.9015007019,
        "mean": 16.8948917389,
        "median": 16.4189529419,
        "min": 1.69319236279,
        "var": 41.6584320068
    },
    "melbands_flatness_db": {
        "dmean": 0.0272691473365,
        "dmean2": 0.0433696396649,
        "dvar": 0.0010354713304,
        "dvar2": 0.00239995215088,
        "max": 0.518994092941,
        "mean": 0.193063512444,
        "median": 0.184414103627,
        "min": 0.00381602393463,
        "var": 0.00512003106996
    },
    "melbands_kurtosis": {
        "dmean": 8.79739570618,
        "dmean2": 13.9354610443,
        "dvar": 339.184906006,
        "dvar2": 680.039428711,
        "max": 401.791595459,
        "mean": 17.8197536469,
        "median": 9.04883384705,
        "min": -1.62174618244,
        "var": 891.737854004
    },
    "melbands_skewness": {
        "dmean": 0.81854313612,
        "dmean2": 1.30421793461,
        "dvar": 1.18583536148,
        "dvar2": 2.44717311859,
        "max": 17.4317417145,
        "mean": 3.17973971367,
        "median": 2.73931288719,
        "min": -0.95969837904,
        "var": 4.49507331848
    },
    "melbands_spread": {
        "dmean": 7.27441596985,
        "dmean2": 12.3491678238,
        "dvar": 107.286766052,
        "dvar2": 284.587188721,
        "max": 168.556182861,
        "mean": 24.1980628967,
        "median": 20.7754001617,
        "min": 0.987819850445,
        "var": 293.375091553
    },
    "pitch_salience": {
        "dmean": 0.0769368708134,
        "dmean2": 0.124976597726,
        "dvar": 0.00646091857925,
        "dvar2": 0.0158050172031,
        "max": 0.965790331364,
        "mean": 0.49989643693,
        "median": 0.51034617424,
        "min": 0.0443817488849,
        "var": 0.0239037424326
    },
    "silence_rate_20dB": {
        "dmean": 0,
        "dmean2": 0,
        "dvar": 0,
        "dvar2": 0,
        "max": 1,
        "mean": 1,
        "median": 1,
        "min": 1,
        "var": 0
    },
    "silence_rate_30dB": {
        "dmean": 0.00148999574594,
        "dmean2": 0.00298030860722,
        "dvar": 0.00148772203829,
        "dvar2": 0.00424854643643,
        "max": 1,
        "mean": 0.999148666859,
        "median": 1,
        "min": 0,
        "var": 0.000850698677823
    },
    "silence_rate_60dB": {
        "dmean": 0.00617283955216,
        "dmean2": 0.0123469932005,
        "dvar": 0.00613478152081,
        "dvar2": 0.0136848306283,
        "max": 1,
        "mean": 0.081834629178,
        "median": 0,
        "min": 0,
        "var": 0.0751310139894
    },
    "spectral_centroid": {
        "dmean": 258.477661133,
        "dmean2": 414.615447998,
        "dvar": 90395.2421875,
        "dvar2": 214299.96875,
        "max": 11667.7734375,
        "mean": 1679.55029297,
        "median": 1651.79492188,
        "min": 235.805496216,
        "var": 886626.625
    },
    "spectral_complexity": {
        "dmean": 4.62217950821,
        "dmean2": 7.22575855255,
        "dvar": 27.8249778748,
        "dvar2": 61.2414512634,
        "max": 59,
        "mean": 23.9786109924,
        "median": 24,
        "min": 0,
        "var": 149.318344116
    },
    "spectral_decrease": {
        "dmean": 2.47156561883e-09,
        "dmean2": 4.08569800214e-09,
        "dvar": 9.69968943482e-18,
        "dvar2": 2.53596618606e-17,
        "max": 2.40225527158e-28,
        "mean": -9.08784425491e-09,
        "median": -8.87469209232e-09,
        "min": -3.48880959677e-08,
        "var": 3.22238133787e-17
    },
    "spectral_energy": {
        "dmean": 0.00949587114155,
        "dmean2": 0.0155908865854,
        "dvar": 0.000141250289744,
        "dvar2": 0.000365912419511,
        "max": 0.135858982801,
        "mean": 0.0367069020867,
        "median": 0.0358706004918,
        "min": 1.01289380762e-20,
        "var": 0.000502735725604
    },
    "spectral_energyband_high": {
        "dmean": 0.00058511539828,
        "dmean2": 0.000947114021983,
        "dvar": 1.10317216695e-06,
        "dvar2": 2.81662300949e-06,
        "max": 0.0164387207478,
        "mean": 0.00142454064917,
        "median": 0.00111108098645,
        "min": 7.19191698908e-21,
        "var": 2.00604017664e-06
    },
    "spectral_energyband_low": {
        "dmean": 0.00799546856433,
        "dmean2": 0.0133157111704,
        "dvar": 0.00012949493248,
        "dvar2": 0.000340654398315,
        "max": 0.112048238516,
        "mean": 0.0186623036861,
        "median": 0.0156671088189,
        "min": 1.16868370491e-23,
        "var": 0.000309017370455
    },
    "spectral_energyband_middle_high": {
        "dmean": 0.0020932641346,
        "dmean2": 0.00338981114328,
        "dvar": 1.10207192847e-05,
        "dvar2": 2.74450958386e-05,
        "max": 0.0547101460397,
        "mean": 0.00695491302758,
        "median": 0.00505541544408,
        "min": 1.0825506143e-21,
        "var": 4.60879782622e-05
    },
    "spectral_energyband_middle_low": {
        "dmean": 0.00562915531918,
        "dmean2": 0.00928087159991,
        "dvar": 0.000100886340078,
        "dvar2": 0.000255955790635,
        "max": 0.100962691009,
        "mean": 0.0112996352836,
        "median": 0.00803147815168,
        "min": 1.90396653428e-22,
        "var": 0.000131967404741
    },
    "spectral_entropy": {
        "dmean": 0.129519596696,
        "dmean2": 0.198521330953,
        "dvar": 0.020233400166,
        "dvar2": 0.0470973588526,
        "max": 9.82210922241,
        "mean": 7.78354120255,
        "median": 7.86593437195,
        "min": 5.32907295227,
        "var": 0.224721610546
    },
    "spectral_flux": {
        "dmean": 0.0274177435786,
        "dmean2": 0.0395822376013,
        "dvar": 0.000929103174713,
        "dvar2": 0.00161138339899,
        "max": 0.297928601503,
        "mean": 0.0961165651679,
        "median": 0.0844361335039,
        "min": 6.39952327242e-11,
        "var": 0.00343939033337
    },
    "spectral_kurtosis": {
        "dmean": 1.58197617531,
        "dmean2": 2.71550273895,
        "dvar": 20.8657035828,
        "dvar2": 60.6045188904,
        "max": 128.024780273,
        "mean": 4.43460035324,
        "median": 2.54145860672,
        "min": -1.25760447979,
        "var": 86.9463577271
    },
    "spectral_rms": {
        "dmean": 0.000720774405636,
        "dmean2": 0.0011707234662,
        "dvar": 6.49692992738e-07,
        "dvar2": 1.64379525813e-06,
        "max": 0.0115128336474,
        "mean": 0.00557371741161,
        "median": 0.0059157172218,
        "min": 3.14354748829e-12,
        "var": 4.7452635954e-06
    },
    "spectral_rolloff": {
        "dmean": 543.687255859,
        "dmean2": 956.287841797,
        "dvar": 869526,
        "dvar2": 2283002,
        "max": 19444.4824219,
        "mean": 1511.02648926,
        "median": 1055.12695312,
        "min": 21.533203125,
        "var": 3489039
    },
    "spectral_skewness": {
        "dmean": 0.171943798661,
        "dmean2": 0.285844147205,
        "dvar": 0.0737369433045,
        "dvar2": 0.211830258369,
        "max": 8.85885047913,
        "mean": 1.35392689705,
        "median": 1.22234332561,
        "min": -0.0526819229126,
        "var": 0.567479848862
    },
    "spectral_spread": {
        "dmean": 404232.03125,
        "dmean2": 605249.0625,
        "dvar": 396461965312,
        "dvar2": 774727008256,
        "max": 43296696,
        "mean": 5081153.5,
        "median": 4739648,
        "min": 609415.3125,
        "var": 1.00930106163e+13
    },
    "spectral_strongpeak": {
        "dmean": 0.371334135532,
        "dmean2": 0.654274463654,
        "dvar": 0.856016159058,
        "dvar2": 2.32328915596,
        "max": 24.3451023102,
        "mean": 0.706263899803,
        "median": 0.434312969446,
        "min": 0,
        "var": 1.10365402699
    },
    "zerocrossingrate": {
        "dmean": 0.00992578733712,
        "dmean2": 0.0129192098975,
        "dvar": 0.000131880369736,
        "dvar2": 0.000196571927518,
        "max": 0.79150390625,
        "mean": 0.0646654367447,
        "median": 0.05712890625,
        "min": 0.00439453125,
        "var": 0.00278034876101
    },
    "barkbands": {
        "dmean": [0.00024669940467, 0.00598299736157, 0.00346213090234, 0.00284536229447, 0.00280692917295, 0.000891010335181, 0.000807278964203, 0.000440945615992, 0.000558248138987, 0.000550314318389, 0.000580468273256, 0.000627365836408, 0.000409739295719, 0.000258827232756, 0.000292770302622, 0.000283930887235, 0.000289260293357, 0.000250329176197, 0.000240817200392, 0.00019766294281, 0.000150682739331, 0.00013632052287, 0.000138984716614, 0.000102882047941, 7.1009308158e-05, 4.08936757594e-05, 5.56689792575e-06],
        "dmean2": [0.000380863784812, 0.00916901044548, 0.00556229054928, 0.00509695382789, 0.00484902830794, 0.00148762995377, 0.0012864706805, 0.00069908023579, 0.000877339451108, 0.000877286249306, 0.000927056593355, 0.00101629411802, 0.000667984539177, 0.000428337312769, 0.00048625812633, 0.000472343381261, 0.000478309841128, 0.000426949700341, 0.000396276736865, 0.000322712090565, 0.000246257550316, 0.00022290967172, 0.000230249381275, 0.000168410348124, 0.000113390415208, 6.70328081469e-05, 9.28591634874e-06],
        "dvar": [4.61895297121e-07, 8.65005931701e-05, 5.04716299474e-05, 4.92059843964e-05, 3.74772753275e-05, 3.50821551365e-06, 2.78821084976e-06, 1.01049943169e-06, 1.66405652635e-06, 1.88731928574e-06, 2.34442768487e-06, 2.99892826661e-06, 1.44745501984e-06, 2.86929093818e-07, 4.53762595498e-07, 2.78464000303e-07, 2.71247898809e-07, 2.16603766034e-07, 1.42737064834e-07, 1.01476182124e-07, 5.60266961713e-08, 4.84701700998e-08, 8.46247161235e-08, 3.80612377171e-08, 2.00098924097e-08, 8.43685565854e-09, 3.00375918583e-10],
        "dvar2": [1.0101900898e-06, 0.000200173162739, 0.000127048551803, 0.000135422757012, 0.000103300379124, 9.83452719083e-06, 6.8639537858e-06, 2.60143019659e-06, 4.24595600634e-06, 4.49813114756e-06, 5.06192236571e-06, 7.12672908776e-06, 3.38361360264e-06, 6.49667072139e-07, 1.16919215998e-06, 7.40784400932e-07, 6.06061462349e-07, 6.16499050921e-07, 3.36454718308e-07, 2.39140774738e-07, 1.33922569034e-07, 1.17030928948e-07, 2.15902232981e-07, 1.01159905341e-07, 5.04768884468e-08, 2.16962234845e-08, 7.1145983549e-10],
        "max": [0.0157826710492, 0.101961672306, 0.0754502788186, 0.0517722852528, 0.0803000479937, 0.0352129526436, 0.0352974608541, 0.0463166795671, 0.0389581434429, 0.0356886312366, 0.0387977100909, 0.0419081151485, 0.0318419076502, 0.017065923661, 0.0231663025916, 0.0222310386598, 0.0147054959089, 0.0158139783889, 0.0102418521419, 0.0120829073712, 0.010164571926, 0.00602797325701, 0.00889668799937, 0.00297987530939, 0.00170977739617, 0.000950568879489, 0.000857565319166],
        "mean": [0.000472931278637, 0.0125862658024, 0.00409622024745, 0.00271805911325, 0.0035436109174, 0.00146455934737, 0.00149827403948, 0.000785637355875, 0.00105197390076, 0.00103258749004, 0.00105670653284, 0.00116512703244, 0.000705289072357, 0.000440157600679, 0.000467617763206, 0.000501362723298, 0.000512435333803, 0.000434084387962, 0.000505578180309, 0.000434498157119, 0.000331245042617, 0.000270388787612, 0.000228179880651, 0.000205787058803, 0.000137702925713, 5.46180563106e-05, 5.97255029788e-06],
        "median": [5.41491135664e-05, 0.00662711309269, 0.00109229027294, 0.000524778908584, 0.00164685642812, 0.000735030102078, 0.000611984054558, 0.000359911704436, 0.000443929864559, 0.000370023131836, 0.000289859250188, 0.000304404587951, 0.000246350071393, 0.000233113620197, 0.000266280665528, 0.000296873302432, 0.000323119864333, 0.000287905597361, 0.000352349772584, 0.000313211348839, 0.000259590771748, 0.000185487806448, 0.000133656256367, 0.000110465211037, 6.73683098285e-05, 2.37122421822e-05, 7.67867391005e-07],
        "min": [9.47170694972e-25, 5.37293754192e-25, 2.38692226151e-25, 1.57923809971e-24, 1.21403894711e-23, 1.07132840844e-23, 3.10127273974e-24, 9.87259186226e-24, 1.49569936673e-23, 1.12074541656e-23, 1.26304756193e-23, 2.64353063801e-23, 2.63459536831e-23, 4.01318849144e-23, 4.60008838315e-23, 6.846591954e-23, 5.1514545087e-23, 9.3738126246e-23, 9.65433093141e-23, 1.85030644846e-22, 2.39209233164e-22, 2.58396450837e-22, 3.88656192733e-22, 5.72654502644e-22, 9.29116486663e-22, 1.43678929799e-21, 1.94571479519e-21],
        "var": [1.3971697399e-06, 0.000229553043027, 5.58317224204e-05, 3.52740680682e-05, 3.35533222824e-05, 5.44518798051e-06, 6.96207416695e-06, 2.16673652176e-06, 4.34031335317e-06, 5.89942192164e-06, 7.86088185123e-06, 9.18469049793e-06, 3.68401242667e-06, 7.89848343175e-07, 6.49257856367e-07, 6.2263069367e-07, 5.6945907545e-07, 2.87213083539e-07, 3.50932680249e-07, 2.57185718056e-07, 1.27077996126e-07, 9.32021322342e-08, 1.20850287999e-07, 7.02942415387e-08, 3.52076057197e-08, 8.86788864563e-09, 3.11961623201e-10]
    },
    "erbbands": {
        "dmean": [0.173062056303, 1.3807104826, 3.33607149124, 7.0588517189, 9.89204311371, 9.4370098114, 7.12430429459, 7.89936971664, 10.7020454407, 11.0377883911, 9.14688396454, 13.5476455688, 13.1968622208, 20.6760959625, 21.1962928772, 24.0522823334, 19.9072303772, 10.6304302216, 15.3796415329, 14.3172311783, 14.6997756958, 14.9886674881, 13.3219966888, 13.2944517136, 11.1797943115, 8.9255027771, 6.67075061798, 5.44750404358, 4.95806837082, 4.45763397217, 4.00232076645, 2.49083542824, 1.64937138557, 0.951950848103, 0.457841157913, 0.229403033853, 0.0661427080631, 0.0115474816412, 0.000867874070536, 2.24602772505e-05],
        "dmean2": [0.25998467207, 2.07222437859, 5.13834524155, 12.2145357132, 17.0511016846, 16.4806404114, 11.966085434, 13.1050596237, 17.1476955414, 17.3791065216, 14.493678093, 21.1692066193, 20.6771526337, 32.5253372192, 34.3690643311, 38.7486114502, 32.134262085, 17.5346946716, 25.4435138702, 23.8072853088, 24.2117824554, 25.0421543121, 22.5565185547, 22.2686290741, 18.2429180145, 14.5676145554, 10.9975423813, 8.91338825226, 8.08595180511, 7.37777423859, 6.62882757187, 4.12632465363, 2.70049190521, 1.54587090015, 0.738386571407, 0.379325449467, 0.107542805374, 0.0184882208705, 0.00144905655179, 3.58108336513e-05],
        "dvar": [0.104893453419, 4.63665437698, 37.6349983215, 268.282836914, 493.326202393, 448.420806885, 206.357315063, 276.741119385, 534.80871582, 676.432434082, 356.474182129, 1119.95056152, 854.800964355, 3241.08935547, 3331.98242188, 4085.08056641, 3088.62060547, 352.122802734, 1186.85021973, 934.718688965, 582.052246094, 738.049926758, 698.644836426, 351.337860107, 464.871429443, 166.421875, 111.611297607, 63.8430976868, 68.3160018921, 69.454460144, 74.5993118286, 23.9416713715, 10.2906751633, 3.68743896484, 0.794809639454, 0.277904927731, 0.0222488567233, 0.000848775671329, 6.85055829308e-06, 1.75771042166e-09],
        "dvar2": [0.232430428267, 10.4628210068, 88.9449539185, 708.692687988, 1325.05712891, 1281.99829102, 597.317138672, 744.536499023, 1304.54150391, 1625.09436035, 911.165710449, 2741.1953125, 1852.76293945, 7614.22949219, 8080.95703125, 9371.47363281, 7259.18994141, 859.813171387, 2908.83032227, 2411.77636719, 1429.18579102, 1803.17248535, 1981.30859375, 941.089172363, 1004.70843506, 417.224121094, 277.471954346, 158.695785522, 159.684143066, 174.134490967, 191.175308228, 63.9975318909, 27.0403804779, 9.34680461884, 2.00198078156, 0.726579248905, 0.0570533759892, 0.002025910886, 1.64748744282e-05, 4.19480805647e-09],
        "max": [5.18956899643, 22.8366947174, 68.3722457886, 125.384353638, 256.477294922, 301.464233398, 234.034851074, 389.143035889, 579.120117188, 918.413574219, 712.957092285, 1106.55493164, 842.449523926, 1632.9720459, 1278.73242188, 1872.40368652, 1426.70385742, 563.002929688, 1298.62487793, 1417.86584473, 675.580810547, 853.223937988, 1017.17199707, 320.683074951, 650.426452637, 267.253082275, 474.150543213, 208.439254761, 315.558227539, 311.092193604, 200.665374756, 72.6051254272, 64.0502471924, 25.6214809418, 14.8033857346, 6.89337873459, 2.88890814781, 1.17885875702, 0.110362522304, 0.00151079019997],
        "mean": [0.363044410944, 2.76452279091, 4.97676134109, 7.73061132431, 10.1697845459, 11.6089363098, 11.6294565201, 13.0628767014, 19.6199188232, 21.4257450104, 17.4468860626, 25.6732559204, 26.5199890137, 40.1551895142, 41.3883018494, 47.4699325562, 37.2014389038, 19.8849067688, 26.046503067, 26.1723613739, 28.8588676453, 27.6071796417, 24.4771690369, 27.0654220581, 24.1859207153, 19.8656177521, 14.6208381653, 11.8161725998, 9.79704475403, 8.24230098724, 6.38969230652, 4.54199695587, 3.28124427795, 1.85188424587, 0.820250988007, 0.312604248524, 0.087589174509, 0.0153235057369, 0.000916884629987, 6.25139073236e-05],
        "median": [0.113795012236, 1.57331001759, 1.99716699123, 1.88524317741, 3.30563235283, 5.03743267059, 6.20263576508, 6.29248857498, 8.554022789, 9.46346569061, 9.13416004181, 10.773639679, 12.1103792191, 13.3487787247, 13.2121086121, 14.0026903152, 13.4958581924, 12.7526683807, 14.0025529861, 16.7229652405, 19.122089386, 18.1808166504, 16.6261997223, 19.763677597, 16.4456043243, 14.731967926, 11.5198087692, 9.1441116333, 6.85258102417, 5.15867900848, 3.6488866806, 2.47748327255, 1.69713354111, 0.908987045288, 0.405954450369, 0.141734480858, 0.0373066328466, 0.00500720040873, 0.0001540465164, 5.41476510989e-05],
        "min": [6.60716698946e-23, 1.24716435248e-22, 1.95446198783e-21, 8.44927998778e-21, 9.55587235617e-21, 2.9385684965e-20, 5.09612016721e-20, 1.24691777551e-19, 7.14401579991e-20, 7.09487610165e-20, 4.28103655413e-19, 4.30584525166e-19, 3.92648290365e-19, 6.03124681573e-19, 9.90286153688e-19, 1.27854132977e-18, 1.62935865712e-18, 2.48438920012e-18, 2.86261071097e-18, 2.69438740339e-18, 4.572133716e-18, 3.58940220284e-18, 5.00393978013e-18, 5.15325911559e-18, 6.62163167509e-18, 9.07735761943e-18, 8.6206769935e-18, 9.74628865463e-18, 9.34997318827e-18, 1.29060664822e-17, 1.08322461044e-17, 1.12162357524e-17, 9.17533799016e-18, 8.8344196366e-18, 6.10904356593e-18, 4.87221664426e-18, 2.59180666767e-18, 1.11085693035e-18, 2.41198034254e-19, 2.55250860278e-20],
        "var": [0.29624953866, 11.6918668747, 56.0601654053, 227.050201416, 404.9269104, 391.835662842, 283.234375, 460.595031738, 1209.20788574, 1793.11291504, 784.832214355, 3034.3828125, 2796.91137695, 10383.5498047, 10109.9541016, 13565.1708984, 8591.19335938, 819.450805664, 2239.95214844, 1849.87573242, 1502.83679199, 1378.58105469, 969.392578125, 754.832885742, 1132.24291992, 419.5027771, 256.268768311, 142.312545776, 131.584457397, 114.588722229, 97.2038497925, 36.1708908081, 18.9451007843, 6.41952753067, 1.30992889404, 0.282659560442, 0.023467997089, 0.00100923283026, 7.01777435097e-06, 2.99337776788e-09]
    },
    "gfcc": {
        "mean": [2.07734441757, 81.8719482422, -118.434669495, 40.5522003174, -56.5822868347, 15.8901996613, -31.2925128937, 11.724067688, -22.5283260345, 2.79778122902, -13.5669956207, 1.53094053268, -9.17301559448],
        "cov": [[27218.2851562, -2672.70068359, -873.79083252, 1518.09729004, -596.696044922, 1487.45446777, -722.841674805, 682.757385254, -750.483703613, 488.24407959, -432.062835693, 466.368560791, -354.193603516], [-2672.70068359, 2716.42993164, -354.350646973, -41.2225227356, 269.197875977, -565.166625977, 230.434432983, -375.679138184, 255.235839844, -250.853744507, 168.033096313, -241.216293335, 186.713119507], [-873.79083252, -354.350646973, 838.258850098, 115.140670776, 177.711013794, 256.191833496, 74.4819717407, 126.328422546, -2.47451376915, 85.4198226929, -1.39946162701, 72.4183807373, -30.8940944672], [1518.09729004, -41.2225227356, 115.140670776, 484.601318359, 119.292747498, 221.805862427, 51.8300590515, 75.0099411011, 41.5791511536, 65.2349472046, 14.7283716202, 7.85012388229, 2.58525204659], [-596.696044922, 269.197875977, 177.711013794, 119.292747498, 306.358856201, 102.68662262, 151.672912598, 20.9126434326, 50.8355560303, 11.6808710098, 41.161403656, -4.78640317917, 20.5725593567], [1487.45446777, -565.166625977, 256.191833496, 221.805862427, 102.68662262, 449.413208008, 104.835884094, 210.51411438, -19.2202510834, 121.404083252, 13.1282691956, 90.4620285034, -30.895647049], [-722.841674805, 230.434432983, 74.4819717407, 51.8300590515, 151.672912598, 104.835884094, 256.123565674, 80.183265686, 94.3530578613, 15.1017408371, 74.9780197144, 9.33326721191, 35.634311676], [682.757385254, -375.679138184, 126.328422546, 75.0099411011, 20.9126434326, 210.51411438, 80.183265686, 235.216583252, 47.520652771, 110.347114563, 15.349480629, 78.807723999, 3.2494456768], [-750.483703613, 255.235839844, -2.47451376915, 41.5791511536, 50.8355560303, -19.2202510834, 94.3530578613, 47.520652771, 186.139297485, 50.5813522339, 75.9404983521, 0.509233236313, 58.861907959], [488.24407959, -250.853744507, 85.4198226929, 65.2349472046, 11.6808710098, 121.404083252, 15.1017408371, 110.347114563, 50.5813522339, 148.244537354, 46.651348114, 67.7324981689, 0.459648311138], [-432.062835693, 168.033096313, -1.39946162701, 14.7283716202, 41.161403656, 13.1282691956, 74.9780197144, 15.349480629, 75.9404983521, 46.651348114, 114.731971741, 39.7530555725, 43.4849090576], [466.368560791, -241.216293335, 72.4183807373, 7.85012388229, -4.78640317917, 90.4620285034, 9.33326721191, 78.807723999, 0.509233236313, 67.7324981689, 39.7530555725, 126.512878418, 32.661026001], [-354.193603516, 186.713119507, -30.8940944672, 2.58525204659, 20.5725593567, -30.895647049, 35.634311676, 3.2494456768, 58.861907959, 0.459648311138, 43.4849090576, 32.661026001, 105.705612183]],
        "icov": [[0.000139065494295, -0.000218702043639, 0.000320211227518, -0.000359734782251, 0.000250544253504, -0.000515188497957, 0.000361144077033, -0.00023180853168, 0.000421802687924, -0.000332088646246, 0.000618835503701, -0.000709346088115, 0.000371867645299], [-0.000218702043639, 0.00158655608539, -0.000400572578656, 0.000247099902481, -0.00120354199316, 0.00193596899044, -0.00119267229456, 0.000982515164651, -0.00112433708273, 0.00142181129195, -0.0024044464808, 0.00251747132279, -0.00165522377938], [0.000320211227518, -0.000400572578656, 0.0024138612207, -0.000697994430084, -0.000498838955536, -0.00172171217855, 0.0010068990523, -0.000481552997371, 0.000624920183327, -0.000866317946929, 0.00192878930829, -0.00233993376605, 0.00135760707781], [-0.000359734782251, 0.000247099902481, -0.000697994430084, 0.00418347865343, -0.00130654906388, -0.00116052862722, 0.000162435317179, 0.00112601404544, -0.00211589713581, 0.000243214773946, -0.000994155416265, 0.00253559160046, -0.00131975533441], [0.000250544253504, -0.00120354199316, -0.000498838955536, -0.00130654906388, 0.0069576012902, -0.00217538070865, -0.00239977519959, 0.00113922229502, 0.00113380805124, -0.00183171825483, 0.00234685395844, -0.00145507126581, 0.000496351218317], [-0.000515188497957, 0.00193596899044, -0.00172171217855, -0.00116052862722, -0.00217538070865, 0.0101176621392, -0.00393500179052, -0.00267209718004, 0.00161013600882, 0.000198672219994, -0.00377495400608, 0.00261307973415, -0.000983375473879], [0.000361144077033, -0.00119267229456, 0.0010068990523, 0.000162435317179, -0.00239977519959, -0.00393500179052, 0.0111816963181, -0.00462446501479, -0.00136841950007, 0.00368718360551, -0.00320835667662, -0.00078811054118, 0.00160604843404], [-0.00023180853168, 0.000982515164651, -0.000481552997371, 0.00112601404544, 0.00113922229502, -0.00267209718004, -0.00462446501479, 0.0135968159884, -0.00455912249163, -0.00428951531649, 0.00457659130916, -0.00204543676227, -0.00123553909361], [0.000421802687924, -0.00112433708273, 0.000624920183327, -0.00211589713581, 0.00113380805124, 0.00161013600882, -0.00136841950007, -0.00455912249163, 0.0144715392962, -0.0060124322772, -0.00234329421073, 0.00268557108939, -0.00341298314743], [-0.000332088646246, 0.00142181129195, -0.000866317946929, 0.000243214773946, -0.00183171825483, 0.000198672219994, 0.00368718360551, -0.00428951531649, -0.0060124322772, 0.0189166646451, -0.00883900094777, -0.00143541407306, 0.00276556401514], [0.000618835503701, -0.0024044464808, 0.00192878930829, -0.000994155416265, 0.00234685395844, -0.00377495400608, -0.00320835667662, 0.00457659130916, -0.00234329421073, -0.00883900094777, 0.0243396703154, -0.0108952401206, 0.000986402970739], [-0.000709346088115, 0.00251747132279, -0.00233993376605, 0.00253559160046, -0.00145507126581, 0.00261307973415, -0.00078811054118, -0.00204543676227, 0.00268557108939, -0.00143541407306, -0.0108952401206, 0.0227308366448, -0.0102245314047], [0.000371867645299, -0.00165522377938, 0.00135760707781, -0.00131975533441, 0.000496351218317, -0.000983375473879, 0.00160604843404, -0.00123553909361, -0.00341298314743, 0.00276556401514, 0.000986402970739, -0.0102245314047, 0.0178134702146]]
    },
    "melbands": {
        "dmean": [0.0016042641364, 0.00155732408166, 0.00123014417477, 0.000698758580256, 0.000273205077974, 0.00017545632727, 0.00016304528981, 0.000115719602036, 7.87463359302e-05, 8.52515659062e-05, 6.91714449204e-05, 8.55669932207e-05, 7.20733878552e-05, 6.53440365568e-05, 6.84479164192e-05, 3.46852611983e-05, 2.0387047698e-05, 2.72089710052e-05, 2.0900666641e-05, 2.19649700739e-05, 1.82173935173e-05, 1.76732628461e-05, 1.38083933052e-05, 1.20806016639e-05, 1.17773779493e-05, 9.58104828896e-06, 8.17650379759e-06, 6.16441138845e-06, 4.57754322269e-06, 4.1224884626e-06, 3.22148480336e-06, 3.19409559779e-06, 2.65515541287e-06, 2.5478148018e-06, 2.51644587479e-06, 2.04282673621e-06, 1.45347746638e-06, 1.31695981054e-06, 1.00594991181e-06, 8.03336490662e-07],
        "dmean2": [0.00243856641464, 0.00241349940188, 0.00207146001048, 0.00120822864119, 0.000465873716166, 0.000290508702165, 0.00026131721097, 0.00018128240481, 0.000124332626001, 0.000133660170832, 0.000108510554128, 0.000135090929689, 0.000115397393529, 0.00010407098307, 0.000110731729364, 5.57378116355e-05, 3.38904137607e-05, 4.50933730463e-05, 3.47009190591e-05, 3.67225584341e-05, 3.0045863241e-05, 2.94077162835e-05, 2.33791542996e-05, 2.04791958822e-05, 1.97384106286e-05, 1.56819496624e-05, 1.3487517208e-05, 1.01276273199e-05, 7.63639491197e-06, 6.75556066199e-06, 5.32316789759e-06, 5.27645443071e-06, 4.33239938502e-06, 4.23244318881e-06, 4.18773743149e-06, 3.36811399393e-06, 2.42493865699e-06, 2.18329955715e-06, 1.64043899531e-06, 1.31637170853e-06],
        "dvar": [6.89677062837e-06, 6.24370477453e-06, 7.22667391528e-06, 2.48072456088e-06, 2.85339069706e-07, 1.35428422254e-07, 1.15638449927e-07, 6.92032244842e-08, 2.55160443885e-08, 4.54616930767e-08, 2.45357014705e-08, 5.47423653074e-08, 3.52800419989e-08, 3.94883024057e-08, 2.87677028865e-08, 1.40375879809e-08, 1.3645543584e-09, 3.84965304079e-09, 3.12196779539e-09, 2.21945328782e-09, 9.93939042182e-10, 1.17147824774e-09, 7.84870335391e-10, 4.36724129083e-10, 2.83630480213e-10, 3.64770103012e-10, 2.55192117438e-10, 8.63642560245e-11, 4.67695326911e-11, 5.50864319437e-11, 2.08883153829e-11, 3.29370350438e-11, 1.87787719402e-11, 2.82937267365e-11, 3.06223033042e-11, 1.94761463901e-11, 7.26266312714e-12, 6.27523293745e-12, 4.05532031567e-12, 2.69837364258e-12],
        "dvar2": [1.60262934514e-05, 1.43151719385e-05, 1.84823475138e-05, 6.78573996993e-06, 8.282850672e-07, 3.65314804185e-07, 2.84337602352e-07, 1.65757640502e-07, 6.4170286862e-08, 1.14175080057e-07, 5.34618855852e-08, 1.29499738932e-07, 8.11699436554e-08, 9.3942503554e-08, 7.02941065356e-08, 3.15634025583e-08, 3.37326433453e-09, 9.08580410908e-09, 8.16606515741e-09, 6.07095440586e-09, 2.28979191164e-09, 2.78010414689e-09, 2.19274487456e-09, 1.19009491151e-09, 7.57545026708e-10, 7.92810872507e-10, 5.88195880891e-10, 2.16203027703e-10, 1.24974072757e-10, 1.21795018515e-10, 5.31300385631e-11, 7.49633133346e-11, 4.61797683426e-11, 6.78958000933e-11, 7.81643430536e-11, 4.77563336099e-11, 1.99443066229e-11, 1.671911741e-11, 1.05042606557e-11, 6.89742013504e-12],
        "max": [0.0355735719204, 0.0269537661225, 0.0204960405827, 0.0200374945998, 0.00669334968552, 0.00841383635998, 0.00805191509426, 0.0099926572293, 0.00473808404058, 0.00757769308984, 0.00416251830757, 0.0063972719945, 0.00411356706172, 0.00570704042912, 0.0037338968832, 0.00436296965927, 0.00127826596145, 0.00198333128355, 0.00250499951653, 0.00221056304872, 0.0008819035138, 0.00111585552804, 0.000975170056336, 0.000466941302875, 0.000298680941341, 0.000636802753434, 0.000735988782253, 0.000252569821896, 0.000200493916054, 0.00041956329369, 9.97225142783e-05, 0.000282600376522, 9.65829531197e-05, 0.000296313548461, 0.000162973941769, 0.000190489474335, 4.63206270069e-05, 5.68938230572e-05, 5.91334428464e-05, 2.37505992118e-05],
        "mean": [0.00340874074027, 0.00308209634386, 0.00141359912232, 0.000793989049271, 0.000439386756625, 0.000294736208161, 0.000303024775349, 0.000222587812459, 0.000143020282849, 0.000159799412359, 0.000131840846734, 0.000162112526596, 0.000133901950903, 0.000126976752654, 0.000120466560475, 5.85398302064e-05, 3.49961737811e-05, 4.32529341197e-05, 3.37510791724e-05, 3.72351096303e-05, 3.27243033098e-05, 2.99951479974e-05, 2.34545150306e-05, 2.05553951673e-05, 2.20309175347e-05, 1.89425609278e-05, 1.60066065291e-05, 1.23743257063e-05, 9.26924258238e-06, 7.98595374363e-06, 6.4341502366e-06, 5.7909660427e-06, 4.79285108668e-06, 4.39225732407e-06, 3.78321919925e-06, 3.15025840791e-06, 2.61183072325e-06, 2.45526371145e-06, 1.85074475212e-06, 1.45871194945e-06],
        "median": [0.00154624506831, 0.00174081872683, 0.000395485840272, 0.000312682066578, 0.000235701794736, 0.000143308599945, 0.000130777698359, 9.91565320874e-05, 6.86923667672e-05, 6.42777449684e-05, 5.61611741432e-05, 5.09166966367e-05, 4.03813719458e-05, 3.31773044309e-05, 3.34270880558e-05, 2.233385203e-05, 2.048094575e-05, 2.06942313525e-05, 1.96523724298e-05, 2.1186137019e-05, 2.03435247386e-05, 1.80105125764e-05, 1.47633172674e-05, 1.33355670187e-05, 1.51232679855e-05, 1.20551876535e-05, 1.03897937151e-05, 8.71569591254e-06, 7.02051829649e-06, 5.62861305298e-06, 4.81304869027e-06, 3.88673515772e-06, 3.01029581351e-06, 2.58206569015e-06, 2.07123480322e-06, 1.72549118815e-06, 1.36904793635e-06, 1.21378502627e-06, 9.24425762605e-07, 6.76026672863e-07],
        "min": [9.76199395778e-25, 1.11925370031e-24, 1.83004271807e-24, 1.29323549384e-24, 2.46203409633e-24, 2.28929367404e-24, 7.95573421271e-25, 9.19285842479e-25, 2.79998743294e-24, 1.74537447432e-24, 1.85143563974e-24, 2.16963984359e-24, 2.23000525499e-24, 2.32125792349e-24, 3.63466044916e-24, 4.02562346366e-24, 4.06357477295e-24, 3.95578718544e-24, 3.80346958313e-24, 3.84174156437e-24, 4.93175130345e-24, 3.50874641577e-24, 4.44158863569e-24, 4.33022395841e-24, 3.65814523274e-24, 4.17182897168e-24, 4.56587801004e-24, 5.20600826349e-24, 4.35448143124e-24, 4.98809135487e-24, 3.92667585146e-24, 5.09837844816e-24, 5.01049855446e-24, 6.78444517634e-24, 5.87087522276e-24, 6.27173055302e-24, 6.59514104162e-24, 5.88692814775e-24, 5.45975365669e-24, 6.45966009761e-24],
        "var": [1.90201408259e-05, 1.33382091008e-05, 6.59531042402e-06, 2.10060693462e-06, 3.74690870331e-07, 2.37049846419e-07, 2.72349979014e-07, 1.83199148296e-07, 5.58819053254e-08, 1.28366735908e-07, 7.83273108595e-08, 1.71896985535e-07, 1.07355120349e-07, 1.25672954709e-07, 8.35508657815e-08, 2.9786976441e-08, 3.27528537625e-09, 8.21119439109e-09, 4.21945633988e-09, 4.67354244194e-09, 2.30392660505e-09, 2.14367590345e-09, 1.16917608928e-09, 6.05890115857e-10, 5.89632398462e-10, 8.42568514958e-10, 5.77305148131e-10, 1.91911167513e-10, 9.69311159116e-11, 1.22266294311e-10, 4.26147693522e-11, 6.14977652136e-11, 3.30181021413e-11, 4.60695231963e-11, 3.95830764e-11, 2.73302821346e-11, 1.19792804149e-11, 1.11923057627e-11, 6.75252041782e-12, 4.27292055905e-12]
    },
    "mfcc": {
        "mean": [-626.427368164, 102.306983948, 0.621191799641, 26.414358139, 2.16003847122, 6.46265935898, 3.94331765175, 6.46511173248, 1.64375090599, 1.9631408453, -0.907473921776, 1.44972896576, 1.38806355],
        "cov": [[12352.8613281, -556.622436523, -225.397293091, 259.847686768, 264.008209229, 318.984527588, 316.697906494, 210.555130005, 30.048122406, 72.0783309937, -6.01292610168, 65.2187423706, 58.301738739], [-556.622436523, 1799.54003906, -267.47958374, 290.666625977, -17.0006942749, -21.7359580994, -69.9194030762, -62.923210144, 0.239694133401, -51.3331756592, -45.1112556458, -21.0494098663, -10.3910551071], [-225.397293091, -267.47958374, 626.524841309, -10.9757385254, 147.462051392, 99.6185760498, 95.8949203491, 73.3816757202, 48.4686279297, 49.1726837158, 50.6675949097, 27.0454177856, 36.4483451843], [259.847686768, 290.666625977, -10.9757385254, 330.50378418, 87.0441818237, 107.470092773, 26.4491615295, 21.2835216522, 35.5144844055, 32.5867195129, 19.6726608276, 14.0011444092, 10.4159374237], [264.008209229, -17.0006942749, 147.462051392, 87.0441818237, 199.504623413, 121.345283508, 89.0172348022, 50.0898284912, 46.9718971252, 37.9320907593, 27.1003437042, 23.9958114624, 23.0449008942], [318.984527588, -21.7359580994, 99.6185760498, 107.470092773, 121.345283508, 206.235946655, 136.118713379, 83.9252166748, 46.4639587402, 52.5828437805, 44.9597854614, 36.2304992676, 36.9191093445], [316.697906494, -69.9194030762, 95.8949203491, 26.4491615295, 89.0172348022, 136.118713379, 219.473678589, 128.922653198, 66.9703369141, 50.187461853, 47.5113792419, 39.2173614502, 40.7735671997], [210.555130005, -62.923210144, 73.3816757202, 21.2835216522, 50.0898284912, 83.9252166748, 128.922653198, 152.014694214, 84.3179626465, 50.8201713562, 46.4897575378, 39.1701316833, 41.6102294922], [30.048122406, 0.239694133401, 48.4686279297, 35.5144844055, 46.9718971252, 46.4639587402, 66.9703369141, 84.3179626465, 127.210929871, 72.7165222168, 44.0002212524, 34.9916954041, 28.7924842834], [72.0783309937, -51.3331756592, 49.1726837158, 32.5867195129, 37.9320907593, 52.5828437805, 50.187461853, 50.8201713562, 72.7165222168, 110.241241455, 69.0787582397, 43.1676139832, 28.6545143127], [-6.01292610168, -45.1112556458, 50.6675949097, 19.6726608276, 27.1003437042, 44.9597854614, 47.5113792419, 46.4897575378, 44.0002212524, 69.0787582397, 100.400245667, 64.8345870972, 36.8839416504], [65.2187423706, -21.0494098663, 27.0454177856, 14.0011444092, 23.9958114624, 36.2304992676, 39.2173614502, 39.1701316833, 34.9916954041, 43.1676139832, 64.8345870972, 95.5424423218, 59.4193725586], [58.301738739, -10.3910551071, 36.4483451843, 10.4159374237, 23.0449008942, 36.9191093445, 40.7735671997, 41.6102294922, 28.7924842834, 28.6545143127, 36.8839416504, 59.4193725586, 91.30103302]],
