{
"lowlevel": {
    "average_loudness": 0.905268371105,
    "barkbands_crest": {
        "dmean": 2.9597632885,
        "dmean2": 4.38460302353,
        "dvar": 7.73211669922,
        "dvar2": 17.5530128479,
        "max": 26.4616508484,
        "mean": 12.2743644714,
        "median": 11.4268522263,
        "min": 1.91785025597,
        "var": 30.7394866943
    },
    "barkbands_flatness_db": {
        "dmean": 0.0350561961532,
        "dmean2": 0.0504868552089,
        "dvar": 0.00175603409298,
        "dvar2": 0.00342750409618,
        "max": 0.66435611248,
        "mean": 0.184672832489,
        "median": 0.16424202919,
        "min": 0.0102896671742,
        "var": 0.0130602745339
    },
    "barkbands_kurtosis": {
        "dmean": 10.047627449,
        "dmean2": 14.3620862961,
        "dvar": 900.653015137,
        "dvar2": 1811.33679199,
        "max": 630.681518555,
        "mean": 13.1470842361,
        "median": 2.42000365257,
        "min": -1.85122227669,
        "var": 1303.0357666
    },
    "barkbands_skewness": {
        "dmean": 0.892548084259,
        "dmean2": 1.23928081989,
        "dvar": 1.78064239025,
        "dvar2": 3.06827092171,
        "max": 20.1912536621,
        "mean": 2.03339791298,
        "median": 1.39816427231,
        "min": -4.13247156143,
        "var": 5.53270483017
    },
    "barkbands_spread": {
        "dmean": 6.03632259369,
        "dmean2": 9.2135181427,
        "dvar": 67.220993042,
        "dvar2": 147.119018555,
        "max": 99.8756942749,
        "mean": 20.1668281555,
        "median": 15.9997959137,
        "min": 0.165862098336,
        "var": 274.721069336
    },
    "dissonance": {
        "dmean": 0.0233486685902,
        "dmean2": 0.0391167365015,
        "dvar": 0.000736193731427,
        "dvar2": 0.00196359772235,
        "max": 0.500000119209,
        "mean": 0.455336630344,
        "median": 0.46976172924,
        "min": 0.12782984972,
        "var": 0.00198652967811
    },
    "dynamic_complexity": 4.00693035126,
    "erbbands_crest": {
        "dmean": 3.12130665779,
        "dmean2": 4.92503976822,
        "dvar": 10.239657402,
        "dvar2": 23.4024600983,
        "max": 32.5081863403,
        "mean": 10.6502027512,
        "median": 9.36669540405,
        "min": 2.10283398628,
        "var": 32.927898407
    },
    "erbbands_flatness_db": {
        "dmean": 0.022245965898,
        "dmean2": 0.0321792401373,
        "dvar": 0.000570272852201,
        "dvar2": 0.00118993304204,
        "max": 0.535272836685,
        "mean": 0.181169271469,
        "median": 0.161710768938,
        "min": 0.0388049408793,
        "var": 0.00713345082477
    },
    "erbbands_kurtosis": {
        "dmean": 1.71245896816,
        "dmean2": 2.6782104969,
        "dvar": 11.5175876617,
        "dvar2": 26.5920066833,
        "max": 71.3980178833,
        "mean": 1.79377746582,
        "median": 0.233035326004,
        "min": -1.85712373257,
        "var": 22.6209754944
    },
    "erbbands_skewness": {
        "dmean": 0.460821598768,
        "dmean2": 0.688325583935,
        "dvar": 0.263255506754,
        "dvar2": 0.553278744221,
        "max": 7.50970745087,
        "mean": 0.489123731852,
        "median": 0.314260482788,
        "min": -4.04682683945,
        "var": 1.23262906075
    },
    "erbbands_spread": {
        "dmean": 9.32674694061,
        "dmean2": 13.4923267365,
        "dvar": 178.239028931,
        "dvar2": 317.925323486,
        "max": 167.524200439,
        "mean": 35.1217269897,
        "median": 30.5335044861,
        "min": 1.3215624094,
        "var": 656.64074707
    },
    "hfc": {
        "dmean": 10.069229126,
        "dmean2": 15.7284584045,
        "dvar": 346.180053711,
        "dvar2": 882.526367188,
        "max": 278.719146729,
        "mean": 23.8437671661,
        "median": 15.3559875488,
        "min": 1.09946358861e-16,
        "var": 658.332275391
    },
    "melbands_crest": {
        "dmean": 3.75921869278,
        "dmean2": 5.79658937454,
        "dvar": 14.5545749664,
        "dvar2": 31.2336273193,
        "max": 38.2560997009,
        "mean": 17.7885303497,
        "median": 16.5107040405,
        "min": 1.59534013271,
        "var": 60.3010063171
    },
    "melbands_flatness_db": {
        "dmean": 0.0406041257083,
        "dmean2": 0.0579950660467,
        "dvar": 0.00253079924732,
        "dvar2": 0.00496159121394,
        "max": 0.830986857414,
        "mean": 0.259794354439,
        "median": 0.234182104468,
        "min": 0.00335266650654,
        "var": 0.0190941672772
    },
    "melbands_kurtosis": {
        "dmean": 24.7110481262,
        "dmean2": 34.7904319763,
        "dvar": 8902.46582031,
        "dvar2": 18767.8046875,
        "max": 5172.14746094,
        "mean": 34.5100326538,
        "median": 6.66451978683,
        "min": -1.82779109478,
        "var": 11429.6386719
    },
    "melbands_skewness": {
        "dmean": 1.20403289795,
        "dmean2": 1.67463839054,
        "dvar": 3.96377062798,
        "dvar2": 6.6277384758,
        "max": 52.6578788757,
        "mean": 3.22815322876,
        "median": 2.12914156914,
        "min": -3.69094920158,
        "var": 12.0619163513
    },
    "melbands_spread": {
        "dmean": 7.47877120972,
        "dmean2": 11.7562646866,
        "dvar": 144.013137817,
        "dvar2": 336.183746338,
        "max": 214.886489868,
        "mean": 21.8744182587,
        "median": 14.4670848846,
        "min": 0.107551902533,
        "var": 464.900360107
    },
    "pitch_salience": {
        "dmean": 0.0903964862227,
        "dmean2": 0.139578416944,
        "dvar": 0.0096389753744,
        "dvar2": 0.0211704149842,
        "max": 0.968541324139,
        "mean": 0.476586580276,
        "median": 0.500096797943,
        "min": 0.0305761247873,
        "var": 0.0278591699898
    },
    "silence_rate_20dB": {
        "dmean": 0,
        "dmean2": 0,
        "dvar": 0,
        "dvar2": 0,
        "max": 1,
        "mean": 1,
        "median": 1,
        "min": 1,
        "var": 0
    },
    "silence_rate_30dB": {
        "dmean": 0.00995024852455,
        "dmean2": 0.0199019331485,
        "dvar": 0.00984990783036,
        "dvar2": 0.0277267228812,
        "max": 1,
        "mean": 0.994087934494,
        "median": 1,
        "min": 0,
        "var": 0.00587778072804
    },
    "silence_rate_60dB": {
        "dmean": 0.0197562910616,
        "dmean2": 0.0395154319704,
        "dvar": 0.019370239228,
        "dvar2": 0.044443462044,
        "max": 1,
        "mean": 0.0864455625415,
        "median": 0,
        "min": 0,
        "var": 0.0789611414075
    },
    "spectral_centroid": {
        "dmean": 276.981231689,
        "dmean2": 425.624664307,
        "dvar": 140842.046875,
        "dvar2": 317854.34375,
        "max": 11566.0839844,
        "mean": 1287.91223145,
        "median": 1148.01806641,
        "min": 102.346435547,
        "var": 745109.8125
    },
    "spectral_complexity": {
        "dmean": 4.77092790604,
        "dmean2": 7.49134683609,
        "dvar": 42.3584289551,
        "dvar2": 89.4284515381,
        "max": 60,
        "mean": 17.8806056976,
        "median": 14,
        "min": 0,
        "var": 159.679092407
    },
    "spectral_decrease": {
        "dmean": 2.26232477196e-09,
        "dmean2": 3.32176508522e-09,
        "dvar": 9.4395187983e-18,
        "dvar2": 1.95955778391e-17,
        "max": 1.07719259942e-28,
        "mean": -8.41077518743e-09,
        "median": -7.86190312851e-09,
        "min": -4.00739210704e-08,
        "var": 4.33156204875e-17
    },
    "spectral_energy": {
        "dmean": 0.00880447868258,
        "dmean2": 0.0129624577239,
        "dvar": 0.000138200557558,
        "dvar2": 0.000292482698569,
        "max": 0.158312156796,
        "mean": 0.0339069589972,
        "median": 0.0324854031205,
        "min": 9.96571530809e-21,
        "var": 0.000662228849251
    },
    "spectral_energyband_high": {
        "dmean": 0.000736644433346,
        "dmean2": 0.00116030371282,
        "dvar": 2.8241711334e-06,
        "dvar2": 7.19105491953e-06,
        "max": 0.0240151360631,
        "mean": 0.00124086707365,
        "median": 0.000304289860651,
        "min": 7.22515446319e-21,
        "var": 4.63415381091e-06
    },
    "spectral_energyband_low": {
        "dmean": 0.00669553363696,
        "dmean2": 0.00975469499826,
        "dvar": 0.000149934494402,
        "dvar2": 0.000281521701254,
        "max": 0.135234832764,
        "mean": 0.0169667843729,
        "median": 0.00801064446568,
        "min": 2.17942799025e-23,
        "var": 0.000508268771227
    },
    "spectral_energyband_middle_high": {
        "dmean": 0.00246109068394,
        "dmean2": 0.00388471106999,
        "dvar": 1.66728277691e-05,
        "dvar2": 3.81448808184e-05,
        "max": 0.0761496946216,
        "mean": 0.00548113742843,
        "median": 0.00285958801396,
        "min": 1.24460914996e-21,
        "var": 4.30631698691e-05
    },
    "spectral_energyband_middle_low": {
        "dmean": 0.00560279702768,
        "dmean2": 0.00888227578253,
        "dvar": 0.000109975007945,
        "dvar2": 0.000278902763966,
        "max": 0.128852307796,
        "mean": 0.0114654153585,
        "median": 0.00722283590585,
        "min": 1.87878571554e-22,
        "var": 0.00017663250037
    },
    "spectral_entropy": {
        "dmean": 0.237034782767,
        "dmean2": 0.357017427683,
        "dvar": 0.0828148126602,
        "dvar2": 0.190098121762,
        "max": 9.81408309937,
        "mean": 7.27002286911,
        "median": 7.49158859253,
        "min": 4.1872587204,
        "var": 0.723939239979
    },
    "spectral_flux": {
        "dmean": 0.0314434058964,
        "dmean2": 0.0453639253974,
        "dvar": 0.0013761689188,
        "dvar2": 0.00245627202094,
        "max": 0.367803692818,
        "mean": 0.0887458398938,
        "median": 0.0731032639742,
        "min": 6.5211523681e-11,
        "var": 0.00434583937749
    },
    "spectral_kurtosis": {
        "dmean": 6.01458358765,
        "dmean2": 9.94153785706,
        "dvar": 359.856201172,
        "dvar2": 943.250488281,
        "max": 746.059692383,
        "mean": 13.5377931595,
        "median": 4.57144594193,
        "min": -1.23342680931,
        "var": 1201.6784668
    },
    "spectral_rms": {
        "dmean": 0.000731122796424,
        "dmean2": 0.00106037152,
        "dvar": 7.62228580697e-07,
        "dvar2": 1.53206838149e-06,
        "max": 0.0124278273433,
        "mean": 0.00522112287581,
        "median": 0.00562966056168,
        "min": 3.11811622529e-12,
        "var": 5.81988660997e-06
    },
    "spectral_rolloff": {
        "dmean": 555.270263672,
        "dmean2": 934.354797363,
        "dvar": 1249361.75,
        "dvar2": 2882482.25,
        "max": 19379.8828125,
        "mean": 1371.0456543,
        "median": 818.26171875,
        "min": 43.06640625,
        "var": 2757826.25
    },
    "spectral_skewness": {
        "dmean": 0.42828220129,
        "dmean2": 0.68982988596,
        "dvar": 0.585457265377,
        "dvar2": 1.49482929707,
        "max": 22.2817745209,
        "mean": 2.16769933701,
        "median": 1.62185394764,
        "min": -0.0404910854995,
        "var": 3.20114207268
    },
    "spectral_spread": {
        "dmean": 709506.875,
        "dmean2": 999638.4375,
        "dvar": 926938431488,
        "dvar2": 1.61274409779e+12,
        "max": 42258160,
        "mean": 4345048,
        "median": 4080407.5,
        "min": 175222.890625,
        "var": 5.66787781427e+12
    },
    "spectral_strongpeak": {
        "dmean": 0.496000349522,
        "dmean2": 0.815756261349,
        "dvar": 1.0877199173,
        "dvar2": 2.56957197189,
        "max": 19.8807754517,
        "mean": 0.946159005165,
        "median": 0.476428151131,
        "min": 0,
        "var": 2.12746691704
    },
    "zerocrossingrate": {
        "dmean": 0.0116945626214,
        "dmean2": 0.0138335553929,
        "dvar": 0.000247846764978,
        "dvar2": 0.000295701436698,
        "max": 0.5341796875,
        "mean": 0.0542875826359,
        "median": 0.04150390625,
        "min": 0.001953125,
        "var": 0.00202327291481
    },
    "barkbands": {
        "dmean": [0.000636972428765, 0.00556139135733, 0.00291042844765, 0.0021869558841, 0.00210742023773, 0.0013955803588, 0.000900414423086, 0.000589420320466, 0.00064315990312, 0.000583475688472, 0.00038139676326, 0.000532621343154, 0.000389649649151, 0.000388772459701, 0.000322746753227, 0.000296474987408, 0.000238437176449, 0.000258245243458, 0.000233144615777, 0.000195866203285, 0.000178457106813, 0.000130498447106, 0.000108808031655, 9.41039834288e-05, 0.000118699514132, 9.57025768002e-05, 3.91666435462e-05],
        "dmean2": [0.000883413013071, 0.00765109807253, 0.00485066650435, 0.00383812119253, 0.00363257690333, 0.00207119365223, 0.00140540162101, 0.000919044832699, 0.000915700627957, 0.00089667836437, 0.00058318284573, 0.000816148123704, 0.000612404488493, 0.00062172365142, 0.000522787333466, 0.000494244042784, 0.000396401592297, 0.000441270269221, 0.000389663007809, 0.000330555456458, 0.000295258883853, 0.000216121770791, 0.000175542314537, 0.00015169136168, 0.000187571291463, 0.000149542771396, 6.2421662733e-05],
        "dvar": [1.96414544007e-06, 0.000120874799904, 8.14070881461e-05, 4.02131481678e-05, 2.6576766686e-05, 1.2195599993e-05, 8.8627994046e-06, 3.96625091525e-06, 2.83961230707e-06, 2.44712850872e-06, 1.94377616936e-06, 2.08759183806e-06, 6.13468671418e-07, 6.47566537282e-07, 5.62973866636e-07, 4.24232212026e-07, 3.53442686674e-07, 4.00430565151e-07, 2.71092545745e-07, 2.34521522202e-07, 2.2682993972e-07, 1.04914931853e-07, 7.45866159946e-08, 4.96255161408e-08, 9.41118969422e-08, 6.28739300623e-08, 1.68212768159e-08],
        "dvar2": [3.5591554024e-06, 0.000205685573746, 0.000213667095522, 0.000109428379801, 7.35948342481e-05, 2.55477843893e-05, 2.14586088987e-05, 9.57588054007e-06, 4.75990509585e-06, 4.82651876155e-06, 3.55949327968e-06, 4.12714098275e-06, 1.41782152241e-06, 1.54811698394e-06, 1.22450899198e-06, 9.69415964391e-07, 7.34771560928e-07, 1.06538050204e-06, 6.59136844661e-07, 6.10951929048e-07, 6.06808214343e-07, 2.77086854794e-07, 1.92394352894e-07, 1.26855908889e-07, 2.25932595299e-07, 1.49216333512e-07, 4.01628632574e-08],
        "max": [0.0293732732534, 0.12898106873, 0.0847132652998, 0.0660271793604, 0.0786543488503, 0.0997520983219, 0.0922642275691, 0.0589089840651, 0.0611543729901, 0.0673775821924, 0.0620029233396, 0.0668914318085, 0.019325805828, 0.0156082035974, 0.0221688449383, 0.0278830565512, 0.0223800074309, 0.0102268978953, 0.0143321361393, 0.0139800319448, 0.0133964503184, 0.00801171641797, 0.00811466109008, 0.00384411029518, 0.00938930921257, 0.00659116543829, 0.00214134831913],
        "mean": [0.00140222371556, 0.0116058830172, 0.00275277905166, 0.00216524396092, 0.00288628274575, 0.00274806888774, 0.00155091111083, 0.000922849925701, 0.00111177447252, 0.000875112658832, 0.000542030669749, 0.000747657148167, 0.0006025788025, 0.000590923475102, 0.000489874917548, 0.000428567669587, 0.000371616391931, 0.000363793573342, 0.00034434889676, 0.000287117902189, 0.0002920680854, 0.000206265583984, 0.000169163322425, 0.00014948270109, 0.000152480730321, 0.000110346518341, 3.74766459572e-05],
        "median": [7.00223026797e-05, 0.00335579784587, 0.000435327121522, 0.000403027079301, 0.000999624142423, 0.000886952911969, 0.000411063665524, 0.000247051182669, 0.000280244043097, 0.000204849260626, 9.08412621357e-05, 0.000175586683326, 0.000177020265255, 0.000156149282702, 0.0001233144867, 0.000128427040181, 9.33988339966e-05, 9.180662164e-05, 9.28130466491e-05, 8.13042424852e-05, 7.42527699913e-05, 3.24037573591e-05, 2.03819763556e-05, 2.19976391236e-05, 1.48646195157e-05, 8.65178299136e-06, 6.38703113509e-07],
        "min": [1.95950859768e-24, 1.31074934978e-23, 3.64044122187e-24, 1.11938997603e-24, 1.02310060814e-23, 2.80149498557e-23, 2.21743025996e-23, 1.33507924005e-23, 3.7842408619e-23, 2.62124437081e-23, 2.69011539882e-23, 6.11619763254e-23, 7.25862788874e-23, 5.1327190622e-23, 6.16617859731e-23, 4.9812044414e-23, 9.21769137166e-23, 1.22567754847e-22, 2.02237733295e-22, 1.93132776457e-22, 3.19753850096e-22, 3.72186746028e-22, 5.37109061343e-22, 8.59059377879e-22, 1.06430104301e-21, 1.3565499513e-21, 2.16870116064e-21],
        "var": [7.38948574508e-06, 0.000337389472406, 6.39943464193e-05, 3.41612649208e-05, 2.92536933557e-05, 3.42344392266e-05, 1.59738665388e-05, 5.10392010256e-06, 9.05145589059e-06, 5.37796449862e-06, 4.61249737782e-06, 3.89789602195e-06, 1.2670424212e-06, 1.29221098177e-06, 1.4103840158e-06, 8.83519419403e-07, 8.70535870945e-07, 5.25773543814e-07, 4.76468045463e-07, 3.30780494551e-07, 3.37758535807e-07, 1.70798415411e-07, 1.19474421467e-07, 8.4133880307e-08, 1.35002991897e-07, 8.21872205847e-08, 1.77307075688e-08]
    },
    "erbbands": {
        "dmean": [0.23394985497, 1.20988893509, 2.888630867, 5.96551370621, 6.86991357803, 6.73649978638, 8.31953525543, 13.5109024048, 13.3162174225, 11.9920539856, 11.9332199097, 12.3673286438, 14.7767086029, 19.8257675171, 18.3055953979, 15.4066162109, 15.720407486, 19.5196685791, 16.1188144684, 17.0926265717, 16.6306056976, 13.0510511398, 13.3975076675, 11.9788742065, 11.5322933197, 9.13625526428, 7.63334178925, 6.58084011078, 4.8627448082, 3.65817809105, 2.93701291084, 2.17804646492, 1.59829831123, 1.23683536053, 0.86401450634, 0.468003064394, 0.166713416576, 0.0575519502163, 0.00645576231182, 9.62355697993e-05],
        "dmean2": [0.297402918339, 1.67621660233, 4.50784778595, 10.2238922119, 11.975569725, 11.6562490463, 13.0088100433, 19.7651386261, 21.1659889221, 17.9580039978, 18.3802318573, 17.8456115723, 21.9986534119, 30.1894016266, 27.6187610626, 23.9172401428, 24.5783805847, 30.7543239594, 26.1638641357, 27.705953598, 27.7716960907, 21.6791248322, 22.6026268005, 20.2199687958, 19.4563751221, 15.356013298, 12.6523857117, 11.0374851227, 8.09277248383, 5.99093389511, 4.72184467316, 3.59705376625, 2.55679059029, 1.98599922657, 1.36729621887, 0.746515035629, 0.257872343063, 0.0900091826916, 0.010427005589, 0.000152920678374],
        "dvar": [0.204097881913, 7.04293680191, 69.2563018799, 295.079742432, 414.069000244, 264.57244873, 274.419464111, 1504.67944336, 2180.30908203, 1326.86376953, 1340.28564453, 1010.87194824, 1127.04406738, 3045.45678711, 2519.10009766, 1297.17138672, 1019.89654541, 1966.04711914, 1019.04980469, 2081.17553711, 1382.4486084, 1024.12634277, 930.183227539, 723.717163086, 748.504821777, 520.7578125, 368.324005127, 362.773895264, 150.447753906, 76.7613296509, 54.2137184143, 30.6816997528, 14.5367116928, 10.1343078613, 4.7712020874, 1.39786028862, 0.20890186727, 0.0326299071312, 0.0004856926098, 8.92184246482e-08],
        "dvar2": [0.318315595388, 13.6747932434, 171.773330688, 776.794494629, 1137.54199219, 736.303588867, 640.668518066, 3170.78222656, 5566.45800781, 2612.3046875, 3180.8659668, 1707.82775879, 2092.78369141, 5882.88525391, 4778.61621094, 2732.21679688, 2308.75390625, 4423.82128906, 2355.17138672, 4650.97021484, 3173.28149414, 2150.45068359, 2446.6171875, 1856.33251953, 1879.47192383, 1334.38146973, 937.913635254, 1008.24407959, 400.037231445, 193.698120117, 138.722976685, 82.1433944702, 36.3538398743, 25.2195777893, 11.1764192581, 3.37871932983, 0.488754451275, 0.0776607468724, 0.00118593394291, 2.17072368969e-07],
        "max": [5.81584215164, 26.7897281647, 73.2173995972, 150.120941162, 275.920257568, 271.436279297, 497.302764893, 1221.37097168, 1633.07543945, 1330.53100586, 1055.76647949, 1211.21850586, 1330.59204102, 2404.8684082, 1718.42419434, 1418.65478516, 956.830383301, 932.729125977, 1045.37060547, 1493.71948242, 1084.57202148, 1499.40234375, 613.211364746, 666.406616211, 676.445922852, 671.663574219, 743.92565918, 584.916381836, 331.546234131, 213.874908447, 242.067474365, 120.428665161, 80.3167724609, 70.8433074951, 74.8604507446, 33.1002960205, 12.3204870224, 3.33509230614, 0.403340220451, 0.00531027233228],
        "mean": [0.499254792929, 1.92615115643, 3.12396836281, 6.06351661682, 7.35516500473, 9.17908096313, 15.8649358749, 25.8522014618, 22.2248439789, 23.33162117, 19.5500450134, 21.6527690887, 25.2818069458, 30.9458179474, 28.825138092, 23.3774528503, 25.7652664185, 31.2084789276, 26.0193424225, 26.0573635101, 24.6214866638, 20.9949054718, 20.6011257172, 17.9118423462, 17.4046268463, 13.8167209625, 12.2774658203, 10.0447158813, 7.54466772079, 5.98174190521, 4.64023113251, 3.32087492943, 2.48616862297, 1.71324574947, 1.04016554356, 0.526416361332, 0.192414581776, 0.0616108067334, 0.00600640429184, 0.000127977560624],
        "median": [0.0704570561647, 0.498069435358, 0.654802680016, 1.23900222778, 1.92918348312, 2.89729166031, 5.45932102203, 7.80461168289, 7.89729976654, 6.40788269043, 6.44544124603, 6.35784339905, 7.84429073334, 7.71694326401, 7.84030771255, 7.00992870331, 8.58857917786, 8.79741001129, 7.83668899536, 7.54819154739, 7.56367588043, 5.81721782684, 5.60031414032, 4.79748106003, 5.1154756546, 4.04856777191, 3.37310266495, 2.26509237289, 1.28035616875, 0.803780436516, 0.575593233109, 0.473716497421, 0.34371483326, 0.174467742443, 0.0972631052136, 0.044438906014, 0.0142042385414, 0.00292455544695, 0.000119033429655, 5.17444168509e-05],
        "min": [4.66124201648e-22, 1.95295222166e-21, 4.40623319943e-21, 6.74312586643e-21, 3.18175733477e-20, 4.57827699254e-20, 1.0309525498e-19, 3.70834012498e-19, 3.5900186592e-19, 1.85394297556e-19, 3.32544313081e-19, 8.32171148285e-19, 1.42381037535e-18, 1.25494093631e-18, 1.38163863977e-18, 2.02274280218e-18, 2.84189583369e-18, 3.22670604491e-18, 3.73560141303e-18, 3.96125462977e-18, 4.13340704527e-18, 5.51114170274e-18, 6.019519049e-18, 8.45483637967e-18, 1.23924022111e-17, 9.20995384444e-18, 1.3176762992e-17, 1.2787414868e-17, 1.23605185343e-17, 1.28940533382e-17, 1.55468529955e-17, 1.62968940528e-17, 1.21566309211e-17, 8.72394222117e-18, 7.87089649804e-18, 4.53237941576e-18, 2.64907672418e-18, 1.0856136528e-18, 2.63902772051e-19, 3.35132742164e-20],
        "var": [0.712210953236, 12.6129198074, 65.0610275269, 250.649551392, 357.721832275, 300.224914551, 814.257080078, 3678.07421875, 2644.64160156, 5231.96728516, 1836.19470215, 3324.47631836, 3236.29492188, 6787.30224609, 5762.59375, 2462.29272461, 2231.80712891, 4381.77490234, 3099.47363281, 3990.04296875, 2833.54321289, 2565.00463867, 1461.01672363, 1112.30432129, 1187.04199219, 786.316345215, 618.267700195, 445.037506104, 227.654174805, 150.679321289, 89.2099533081, 43.2466621399, 25.1032676697, 14.7645244598, 6.94177865982, 1.77263903618, 0.273225575686, 0.0372460409999, 0.000487832090585, 9.75278453552e-08]
    },
    "gfcc": {
        "mean": [-40.885761261, 102.023231506, -107.336097717, 26.1935997009, -46.9107704163, 6.51950407028, -31.1162014008, 4.32895231247, -18.6294841766, 5.27279949188, -11.1817111969, 2.24796962738, -5.49278116226],
        "cov": [[25021.0371094, -6450.47802734, -1911.07592773, 885.836486816, -652.887207031, 2104.64672852, -327.388397217, 1175.85327148, -786.296203613, 809.857666016, -245.39515686, 843.262390137, -524.274047852], [-6450.47802734, 4901.33740234, -86.198638916, -588.70715332, 384.889038086, -991.234863281, 337.608734131, -659.000793457, 527.061340332, -428.860168457, 414.223724365, -309.739807129, 403.683227539], [-1911.07592773, -86.198638916, 1597.76647949, 239.181182861, 430.272583008, 82.1304550171, 76.8494110107, 108.160270691, 27.8057022095, 53.9444656372, -102.957557678, 1.63764381409, -48.1510009766], [885.836486816, -588.70715332, 239.181182861, 768.812744141, 108.692108154, 232.097900391, 21.2761306763, 89.7500915527, -3.26854872704, 62.8929252625, -59.5755729675, 10.2161598206, -32.2466659546], [-652.887207031, 384.889038086, 430.272583008, 108.692108154, 529.823364258, 75.9647674561, 144.564468384, 64.2978744507, 71.0169296265, 52.5207672119, 17.8768348694, 14.1380367279, 44.585609436], [2104.64672852, -991.234863281, 82.1304550171, 232.097900391, 75.9647674561, 573.952026367, 60.5477867126, 270.224060059, -69.6114196777, 160.027832031, -32.6975669861, 114.061477661, -58.9469909668], [-327.388397217, 337.608734131, 76.8494110107, 21.2761306763, 144.564468384, 60.5477867126, 286.359771729, 79.7913894653, 106.529518127, 1.86782503128, 74.797668457, 24.7308311462, 40.0217971802], [1175.85327148, -659.000793457, 108.160270691, 89.7500915527, 64.2978744507, 270.224060059, 79.7913894653, 335.93560791, 14.0326776505, 148.510375977, -24.342250824, 110.466163635, -22.8252220154], [-786.296203613, 527.061340332, 27.8057022095, -3.26854872704, 71.0169296265, -69.6114196777, 106.529518127, 14.0326776505, 222.44593811, 19.3132476807, 81.8975219727, -12.0853395462, 65.3912200928], [809.857666016, -428.860168457, 53.9444656372, 62.8929252625, 52.5207672119, 160.027832031, 1.86782503128, 148.510375977, 19.3132476807, 206.962188721, 34.0751838684, 76.4640960693, -23.1657752991], [-245.39515686, 414.223724365, -102.957557678, -59.5755729675, 17.8768348694, -32.6975669861, 74.797668457, -24.342250824, 81.8975219727, 34.0751838684, 175.277740479, 33.1889686584, 53.3932342529], [843.262390137, -309.739807129, 1.63764381409, 10.2161598206, 14.1380367279, 114.061477661, 24.7308311462, 110.466163635, -12.0853395462, 76.4640960693, 33.1889686584, 162.144317627, 31.1659870148], [-524.274047852, 403.683227539, -48.1510009766, -32.2466659546, 44.585609436, -58.9469909668, 40.0217971802, -22.8252220154, 65.3912200928, -23.1657752991, 53.3932342529, 31.1659870148, 147.088943481]],
        "icov": [[9.9516226328e-05, 4.89995272801e-06, 0.000152590801008, -6.80400698911e-05, 3.52318511432e-06, -0.000192810650333, 6.34118478047e-05, -6.615989696e-05, 0.000116704199172, -6.32277296972e-05, 6.84151891619e-05, -0.00036019764957, 0.000260082597379], [4.89995272801e-06, 0.00107377814129, -3.36271432388e-06, 0.000393163616536, -0.000765419506934, 0.000604433123954, -0.000380881479941, 0.000736180052627, -0.00107602600474, 0.00107779144309, -0.00150148849934, 0.00114910746925, -0.00120261218399], [0.000152590801008, -3.36271432388e-06, 0.0011321939528, -0.000261303444859, -0.000727958744392, -0.000119792370242, 0.000107782696432, -0.000215758569539, 3.03361448459e-05, -0.000124340862385, 0.000664442603011, -0.000757576490287, 0.000862562272232], [-6.80400698911e-05, 0.000393163616536, -0.000261303444859, 0.00180110626388, -0.000379085278837, -0.000416505004978, -0.000159341623657, 0.000648610992357, -0.000843516958412, 0.000252174737398, -6.19177299086e-05, 0.000861331820488, -0.000665539759211], [3.52318511432e-06, -0.000765419506934, -0.000727958744392, -0.000379085278837, 0.0035809201654, -0.000671025365591, -0.00106789008714, -0.000126130791614, 0.000826882140245, -0.00179829658009, 0.00134116201662, -0.000336692901328, -0.000357878336217], [-0.000192810650333, 0.000604433123954, -0.000119792370242, -0.000416505004978, -0.000671025365591, 0.00447292299941, -0.00105716509279, -0.00146703876089, 0.000721397111192, -0.00031833461253, -0.00100238702726, 0.000780604197644, -0.000593054050114], [6.34118478047e-05, -0.000380881479941, 0.000107782696432, -0.000159341623657, -0.00106789008714, -0.00105716509279, 0.00647456990555, -0.00237330840901, -0.00163544015959, 0.00260349060409, -0.00212594284676, -0.000708324892912, 0.00110065913759], [-6.615989696e-05, 0.000736180052627, -0.000215758569539, 0.000648610992357, -0.000126130791614, -0.00146703876089, -0.00237330840901, 0.00831853412092, -0.00225157849491, -0.0027282112278, 0.00229459581897, -0.00176998507231, -0.000684351718519], [0.000116704199172, -0.00107602600474, 3.03361448459e-05, -0.000843516958412, 0.000826882140245, 0.000721397111192, -0.00163544015959, -0.00225157849491, 0.00923537556082, -0.00280963117257, -0.00072716223076, 0.00098008941859, -0.00116380804684], [-6.32277296972e-05, 0.00107779144309, -0.000124340862385, 0.000252174737398, -0.00179829658009, -0.00031833461253, 0.00260349060409, -0.0027282112278, -0.00280963117257, 0.0113188307732, -0.00512138614431, -0.000497443135828, 0.00111320358701], [6.84151891619e-05, -0.00150148849934, 0.000664442603011, -6.19177299086e-05, 0.00134116201662, -0.00100238702726, -0.00212594284676, 0.00229459581897, -0.00072716223076, -0.00512138614431, 0.012588892132, -0.00419555371627, 0.000530777848326], [-0.00036019764957, 0.00114910746925, -0.000757576490287, 0.000861331820488, -0.000336692901328, 0.000780604197644, -0.000708324892912, -0.00176998507231, 0.00098008941859, -0.000497443135828, -0.00419555371627, 0.0132976295426, -0.00597243430093], [0.000260082597379, -0.00120261218399, 0.000862562272232, -0.000665539759211, -0.000357878336217, -0.000593054050114, 0.00110065913759, -0.000684351718519, -0.00116380804684, 0.00111320358701, 0.000530777848326, -0.00597243430093, 0.0123932855204]]
    },
    "melbands": {
        "dmean": [0.00173286953941, 0.00135630788282, 0.000988238258287, 0.000490008620545, 0.000285744696157, 0.00028781479341, 0.000198366236873, 0.000133756169816, 9.14330375963e-05, 8.5906824097e-05, 7.78178364271e-05, 8.59881329234e-05, 6.02943764534e-05, 6.65371699142e-05, 3.01155760098e-05, 4.25931211794e-05, 3.5300894524e-05, 2.8794460377e-05, 2.34125272982e-05, 2.18960685743e-05, 1.91149465536e-05, 1.36730404847e-05, 1.34912925205e-05, 1.39110306918e-05, 9.64813261817e-06, 9.76500632532e-06, 7.97578650236e-06, 5.88891634834e-06, 5.45001057617e-06, 4.16116745328e-06, 3.93631216866e-06, 3.03271872326e-06, 2.40617259806e-06, 2.079663318e-06, 1.79925757493e-06, 1.66264624113e-06, 1.29187299081e-06, 1.21147616028e-06, 1.10087228222e-06, 1.04855962491e-06],
        "dmean2": [0.00226789643057, 0.00195577787235, 0.00165810831822, 0.000858924642671, 0.000453836546512, 0.000422968412749, 0.000313130614813, 0.000202294846531, 0.000140066753374, 0.000122792640468, 0.0001159750027, 0.000130872780574, 9.08390356926e-05, 0.000101469828223, 4.7764104238e-05, 6.67794811307e-05, 5.59987383895e-05, 4.69886908832e-05, 3.84310515074e-05, 3.55839292752e-05, 3.21743464156e-05, 2.26883821597e-05, 2.2665837605e-05, 2.36042760662e-05, 1.63268759934e-05, 1.62522956089e-05, 1.36840026244e-05, 9.91362685454e-06, 9.00495797396e-06, 6.95989956512e-06, 6.64868002787e-06, 5.11268626724e-06, 3.96035329686e-06, 3.41507757184e-06, 2.90683783533e-06, 2.76974606095e-06, 2.14778424379e-06, 1.96751921067e-06, 1.77994672867e-06, 1.69287216067e-06],
        "dvar": [1.05119734144e-05, 1.12175921458e-05, 7.47728927308e-06, 1.76422986442e-06, 3.11311197265e-07, 6.31153000086e-07, 4.40714956085e-07, 1.60958123274e-07, 6.76329179328e-08, 5.0291397713e-08, 3.10513819102e-08, 5.93987010689e-08, 3.99475723611e-08, 3.70031578711e-08, 4.88320850422e-09, 7.86513965068e-09, 6.16264728137e-09, 3.68241548365e-09, 2.93312041322e-09, 2.98233748808e-09, 1.99047911487e-09, 1.34018529607e-09, 1.06465181116e-09, 1.28284105561e-09, 4.77437978041e-10, 5.60907487124e-10, 3.91307597436e-10, 2.20660531514e-10, 2.02348762746e-10, 1.37302863523e-10, 1.29073252086e-10, 5.81327139204e-11, 3.92073630506e-11, 2.49809339881e-11, 2.03057327897e-11, 2.17274392922e-11, 1.00243216505e-11, 8.35826546863e-12, 7.50785631581e-12, 7.49347025403e-12],
        "dvar2": [1.65294768522e-05, 2.43717568083e-05, 1.90188311535e-05, 4.91573700856e-06, 7.50689082452e-07, 1.3333096831e-06, 1.11486031074e-06, 3.44685844311e-07, 1.5523241359e-07, 8.51697805615e-08, 5.79321017824e-08, 1.14823187403e-07, 7.21071131693e-08, 7.19369381841e-08, 1.1198489247e-08, 1.84790085456e-08, 1.40677816063e-08, 8.69182148477e-09, 6.50417719683e-09, 6.59424514993e-09, 4.53022819258e-09, 2.69047895074e-09, 2.48288611893e-09, 3.25141180646e-09, 1.20884369181e-09, 1.33788824463e-09, 1.05410424833e-09, 5.39872313521e-10, 4.80068484965e-10, 3.83490877942e-10, 3.52726764463e-10, 1.56034365983e-10, 1.03235336946e-10, 6.33620170221e-11, 5.1981845911e-11, 5.83086842698e-11, 2.69025739186e-11, 2.1580506479e-11, 1.86410331615e-11, 1.88116102556e-11],
        "max": [0.0403710715473, 0.0327248685062, 0.0277392454445, 0.0220498014241, 0.0143932383507, 0.0242206789553, 0.0220094956458, 0.0121001061052, 0.00691271107644, 0.0081135109067, 0.00675674527884, 0.0108179366216, 0.00870020035654, 0.00906679220498, 0.00181860290468, 0.00171280512586, 0.0015486839693, 0.00156409316696, 0.00171486882027, 0.00267095072195, 0.00129187689163, 0.00197942531668, 0.0015006933827, 0.000741104886401, 0.000635556294583, 0.000680795579683, 0.000489347206894, 0.000652366201393, 0.000718054594472, 0.000365064013749, 0.000331777671818, 0.000194937107153, 0.000204043724807, 0.000127224018797, 0.000153514600242, 0.000100120552815, 6.86119092279e-05, 5.81776657782e-05, 5.78400067752e-05, 6.26573091722e-05],
        "mean": [0.00375450728461, 0.00195839814842, 0.00107833975926, 0.000580726657063, 0.000539903179742, 0.000556690560188, 0.000338107551215, 0.000249163771514, 0.000147099606693, 0.000147615675814, 0.000130703119794, 0.000131663284265, 9.25613203435e-05, 9.2866968771e-05, 4.45971018053e-05, 6.71377856634e-05, 5.46463415958e-05, 4.31414591731e-05, 3.3836462535e-05, 3.29382710333e-05, 2.66288825514e-05, 2.08693381865e-05, 1.98705984076e-05, 1.91827602976e-05, 1.34607771543e-05, 1.41998261824e-05, 1.09900875032e-05, 8.39038511913e-06, 8.19715751277e-06, 6.36353161099e-06, 5.54831831323e-06, 4.38906999989e-06, 3.68024734598e-06, 3.18228103424e-06, 2.7443354611e-06, 2.31861122302e-06, 1.92402626453e-06, 1.80242989245e-06, 1.57748172569e-06, 1.37375184295e-06],
        "median": [0.000883528555278, 0.000562613771763, 0.000247463583946, 0.000182359741302, 0.00019096856704, 0.000170849030837, 0.000119622549391, 6.69036307954e-05, 4.5103195589e-05, 3.77694195777e-05, 3.8479869545e-05, 2.93992270599e-05, 2.12859249586e-05, 2.07014127227e-05, 1.26081040435e-05, 1.81594768947e-05, 1.4401261069e-05, 1.08608874143e-05, 8.85975714482e-06, 9.14435804589e-06, 7.61286537454e-06, 5.34793980478e-06, 4.81113420392e-06, 4.38754841525e-06, 3.29098793372e-06, 3.62823243449e-06, 2.91137666864e-06, 2.19678463509e-06, 2.01487978302e-06, 1.49453819631e-06, 1.08899621409e-06, 6.89899763984e-07, 5.01864974467e-07, 3.89372758036e-07, 3.20205003845e-07, 2.68505573331e-07, 2.85838552827e-07, 2.37746718312e-07, 1.63073963222e-07, 1.30065174631e-07],
        "min": [3.62941649629e-24, 2.4577075887e-24, 2.07237605498e-24, 2.39082776394e-24, 3.3487500414e-24, 7.09334496302e-24, 4.72961910713e-24, 1.75090438927e-24, 2.80980717349e-24, 5.99208685629e-24, 7.16928150262e-24, 4.87629319853e-24, 3.84183425553e-24, 4.83805434944e-24, 4.52197868953e-24, 8.15964745975e-24, 5.3352177633e-24, 5.97459544344e-24, 4.66259709019e-24, 2.85587586149e-24, 5.23146559376e-24, 5.33656079899e-24, 4.51988189724e-24, 6.30583892641e-24, 6.18940069021e-24, 7.91059697222e-24, 7.91061906033e-24, 4.96102672051e-24, 7.41260249339e-24, 8.42617831607e-24, 6.90125891032e-24, 7.04100640854e-24, 7.21420870889e-24, 6.69069931294e-24, 8.48700028073e-24, 7.90198813316e-24, 1.08773971294e-23, 8.11109070445e-24, 7.66547422314e-24, 7.41212444368e-24],
        "var": [3.55414340447e-05, 1.56489695655e-05, 6.95380185789e-06, 1.6219802319e-06, 8.78597745668e-07, 1.59450291903e-06, 5.75387161916e-07, 4.92822493925e-07, 1.04588465888e-07, 1.61819599498e-07, 8.7962661155e-08, 1.31423405492e-07, 9.86558745808e-08, 6.99331081933e-08, 9.12298681044e-09, 1.69154770191e-08, 1.32922535201e-08, 9.04650310218e-09, 5.91290127971e-09, 6.36899910589e-09, 3.90314269794e-09, 3.43275807779e-09, 2.09478212554e-09, 1.97428318138e-09, 7.30036919805e-10, 1.00365049605e-09, 4.68275418442e-10, 3.62512797558e-10, 3.80342146666e-10, 1.75796294188e-10, 1.55405202595e-10, 8.00720115213e-11, 6.37253097513e-11, 4.47479345245e-11, 3.26835156161e-11, 2.61769252108e-11, 1.45667523183e-11, 1.35680138999e-11, 1.17238319747e-11, 1.03845109595e-11]
    },
    "mfcc": {
        "mean": [-679.270751953, 129.458862305, 2.78440356255, 23.6528491974, 5.91430854797, 6.70875597, 0.78750783205, 0.419475793839, 0.362931251526, 1.57100880146, -0.972162842751, 1.16050863266, 0.846271336079],
        "cov": [[15860.5634766, -2953.82543945, -1435.6237793, -308.042694092, -506.834716797, 75.7965698242, 283.935760498, 285.164550781, 21.9436912537, 201.811401367, 212.961898804, 93.3234939575, -108.623062134], [-2953.82543945, 3583.32617188, -139.936767578, -80.3172607422, -57.6304512024, -167.919784546, -196.539093018, -126.178466797, -101.433403015, -127.808006287, -71.3795394897, 5.38888311386, 85.8467636108], [-1435.6237793, -139.936767578, 1018.60644531, 261.360656738, 311.504516602, 142.755142212, 87.7794799805, 73.4072952271, 82.2410736084, 40.4613876343, 34.3037261963, 10.515378952, 28.3360977173], [-308.042694092, -80.3172607422, 261.360656738, 505.079193115, 193.696487427, 116.628746033, 38.5865783691, 21.3839015961, 44.7062454224, 25.5860118866, 8.35257053375, 12.5190839767, 14.2794723511], [-506.834716797, -57.6304512024, 311.504516602, 193.696487427, 370.987091064, 153.965896606, 110.809776306, 48.4383392334, 91.9358673096, 53.3630714417, 19.3948192596, 20.5139884949, 41.207157135], [75.7965698242, -167.919784546, 142.755142212, 116.628746033, 153.965896606, 223.386947632, 122.329116821, 71.9385528564, 63.0681991577, 47.5872840881, 34.8630371094, 33.9917411804, 29.5299053192], [283.935760498, -196.539093018, 87.7794799805, 38.5865783691, 110.809776306, 122.329116821, 236.211425781, 115.389312744, 74.5978851318, 59.1554031372, 46.1102714539, 41.7273635864, 21.0460777283], [285.164550781, -126.178466797, 73.4072952271, 21.3839015961, 48.4383392334, 71.9385528564, 115.389312744, 200.869476318, 104.182319641, 56.2232933044, 43.1826820374, 21.7513923645, 38.3099899292], [21.9436912537, -101.433403015, 82.2410736084, 44.7062454224, 91.9358673096, 63.0681991577, 74.5978851318, 104.182319641, 171.685516357, 81.5491027832, 29.3090724945, 17.146697998, 42.2506256104], [201.811401367, -127.808006287, 40.4613876343, 25.5860118866, 53.3630714417, 47.5872840881, 59.1554031372, 56.2232933044, 81.5491027832, 135.541778564, 77.1929016113, 36.7425613403, 16.067943573], [212.961898804, -71.3795394897, 34.3037261963, 8.35257053375, 19.3948192596, 34.8630371094, 46.1102714539, 43.1826820374, 29.3090724945, 77.1929016113, 145.5990448, 73.7575302124, 13.0185146332], [93.3234939575, 5.38888311386, 10.515378952, 12.5190839767, 20.5139884949, 33.9917411804, 41.7273635864, 21.7513923645, 17.146697998, 36.7425613403, 73.7575302124, 119.650184631, 56.7089195251], [-108.623062134, 85.8467636108, 28.3360977173, 14.2794723511, 41.207157135, 29.5299053192, 21.0460777283, 38.3099899292, 42.2506256104, 16.067943573, 13.0185146332, 56.7089195251, 131.410415649]],
