{
"lowlevel": {
    "average_loudness": 0.921448647976,
    "barkbands_crest": {
        "dmean": 2.6835463047,
        "dmean2": 4.25177812576,
        "dvar": 8.61238861084,
        "dvar2": 20.6344642639,
        "max": 25.7105751038,
        "mean": 13.428068161,
        "median": 13.5867328644,
        "min": 2.09387564659,
        "var": 25.6943721771
    },
    "barkbands_flatness_db": {
        "dmean": 0.023507533595,
        "dmean2": 0.03736474365,
        "dvar": 0.000669325294439,
        "dvar2": 0.00172163592651,
        "max": 0.390155911446,
        "mean": 0.150136083364,
        "median": 0.136387467384,
        "min": 0.0122342174873,
        "var": 0.00383429042995
    },
    "barkbands_kurtosis": {
        "dmean": 2.50451087952,
        "dmean2": 4.04022264481,
        "dvar": 15.5200595856,
        "dvar2": 38.0129051208,
        "max": 74.5241012573,
        "mean": 3.84548139572,
        "median": 1.69678711891,
        "min": -1.63991498947,
        "var": 39.7683677673
    },
    "barkbands_skewness": {
        "dmean": 0.540191233158,
        "dmean2": 0.8572717309,
        "dvar": 0.364196032286,
        "dvar2": 0.88675224781,
        "max": 8.2622795105,
        "mean": 1.69059944153,
        "median": 1.5426928997,
        "min": -2.74198865891,
        "var": 1.39846777916
    },
    "barkbands_spread": {
        "dmean": 5.4994354248,
        "dmean2": 9.06841373444,
        "dvar": 46.4008140564,
        "dvar2": 128.824615479,
        "max": 87.8164215088,
        "mean": 23.185464859,
        "median": 22.5919647217,
        "min": 1.46650218964,
        "var": 122.425361633
    },
    "dissonance": {
        "dmean": 0.0168280750513,
        "dmean2": 0.0288210660219,
        "dvar": 0.000249268225161,
        "dvar2": 0.000694441027008,
        "max": 0.500000059605,
        "mean": 0.469952315092,
        "median": 0.47495508194,
        "min": 0.349358618259,
        "var": 0.000484930700622
    },
    "dynamic_complexity": 2.71847486496,
    "erbbands_crest": {
        "dmean": 2.93842935562,
        "dmean2": 4.76587867737,
        "dvar": 8.67808628082,
        "dvar2": 22.1568012238,
        "max": 31.8160419464,
        "mean": 10.3430671692,
        "median": 9.10573768616,
        "min": 2.21729540825,
        "var": 28.3414840698
    },
    "erbbands_flatness_db": {
        "dmean": 0.0163720138371,
        "dmean2": 0.02462746948,
        "dvar": 0.00032338447636,
        "dvar2": 0.00069122511195,
        "max": 0.444736480713,
        "mean": 0.161321416497,
        "median": 0.147149056196,
        "min": 0.0481835417449,
        "var": 0.00296890852042
    },
    "erbbands_kurtosis": {
        "dmean": 0.726301848888,
        "dmean2": 1.17482554913,
        "dvar": 0.977804064751,
        "dvar2": 2.70851302147,
        "max": 18.9458675385,
        "mean": 0.368192195892,
        "median": -0.0169234275818,
        "min": -1.74984657764,
        "var": 2.13785099983
    },
    "erbbands_skewness": {
        "dmean": 0.304868638515,
        "dmean2": 0.480290979147,
        "dvar": 0.0934417843819,
        "dvar2": 0.231235325336,
        "max": 3.51867723465,
        "mean": 0.142398864031,
        "median": 0.132380694151,
        "min": -1.97529733181,
        "var": 0.315372347832
    },
    "erbbands_spread": {
        "dmean": 7.36944723129,
        "dmean2": 11.5101575851,
        "dvar": 75.2951965332,
        "dvar2": 171.454238892,
        "max": 129.204467773,
        "mean": 34.7787094116,
        "median": 32.3174476624,
        "min": 2.36978936195,
        "var": 218.264312744
    },
    "hfc": {
        "dmean": 6.26652431488,
        "dmean2": 9.88968467712,
        "dvar": 68.33543396,
        "dvar2": 170.320083618,
        "max": 110.029891968,
        "mean": 28.7727813721,
        "median": 26.1064376831,
        "min": 1.10073235132e-16,
        "var": 390.364898682
    },
    "melbands_crest": {
        "dmean": 3.16261315346,
        "dmean2": 5.14198589325,
        "dvar": 13.0567655563,
        "dvar2": 31.1687240601,
        "max": 35.6800804138,
        "mean": 19.5869274139,
        "median": 20.3526535034,
        "min": 1.64123308659,
        "var": 46.1290168762
    },
    "melbands_flatness_db": {
        "dmean": 0.0280885435641,
        "dmean2": 0.0442197397351,
        "dvar": 0.00107591704,
        "dvar2": 0.00264091975987,
        "max": 0.520590662956,
        "mean": 0.215772166848,
        "median": 0.204575687647,
        "min": 0.00335775944404,
        "var": 0.00579859316349
    },
    "melbands_kurtosis": {
        "dmean": 7.53294086456,
        "dmean2": 12.0604858398,
        "dvar": 185.883087158,
        "dvar2": 454.390625,
        "max": 355.030822754,
        "mean": 14.5174684525,
        "median": 8.98271179199,
        "min": -1.43718421459,
        "var": 341.828521729
    },
    "melbands_skewness": {
        "dmean": 0.810512602329,
        "dmean2": 1.26572787762,
        "dvar": 0.947163999081,
        "dvar2": 2.18955039978,
        "max": 15.6942396164,
        "mean": 3.01013803482,
        "median": 2.79837179184,
        "min": -2.04050064087,
        "var": 3.13262248039
    },
    "melbands_spread": {
        "dmean": 7.04144525528,
        "dmean2": 11.6486129761,
        "dvar": 90.4775543213,
        "dvar2": 241.970596313,
        "max": 155.373764038,
        "mean": 22.715801239,
        "median": 20.1474990845,
        "min": 1.21109640598,
        "var": 249.67489624
    },
    "pitch_salience": {
        "dmean": 0.077636167407,
        "dmean2": 0.126520201564,
        "dvar": 0.00763811310753,
        "dvar2": 0.0197239331901,
        "max": 0.951396822929,
        "mean": 0.428871095181,
        "median": 0.411803126335,
        "min": 0.0797502323985,
        "var": 0.0186182372272
    },
    "silence_rate_20dB": {
        "dmean": 0,
        "dmean2": 0,
        "dvar": 0,
        "dvar2": 0,
        "max": 1,
        "mean": 1,
        "median": 1,
        "min": 1,
        "var": 0
    },
    "silence_rate_30dB": {
        "dmean": 0.0482738167048,
        "dmean2": 0.0965571850538,
        "dvar": 0.0459426529706,
        "dvar2": 0.109994798899,
        "max": 1,
        "mean": 0.959545016289,
        "median": 1,
        "min": 0,
        "var": 0.0388191342354
    },
    "silence_rate_60dB": {
        "dmean": 0.0130576714873,
        "dmean2": 0.0261179264635,
        "dvar": 0.0128858061507,
        "dvar2": 0.0284013766795,
        "max": 1,
        "mean": 0.0405539087951,
        "median": 0,
        "min": 0,
        "var": 0.0389121174812
    },
    "spectral_centroid": {
        "dmean": 260.826721191,
        "dmean2": 423.525909424,
        "dvar": 90725.609375,
        "dvar2": 232323.921875,
        "max": 11687.8007812,
        "mean": 1684.69616699,
        "median": 1656.98742676,
        "min": 277.812072754,
        "var": 730937
    },
    "spectral_complexity": {
        "dmean": 4.55376386642,
        "dmean2": 7.38029289246,
        "dvar": 23.8091602325,
        "dvar2": 58.5256919861,
        "max": 56,
        "mean": 24.1459941864,
        "median": 24,
        "min": 0,
        "var": 117.830230713
    },
    "spectral_decrease": {
        "dmean": 3.46351347602e-09,
        "dmean2": 5.20518383951e-09,
        "dvar": 2.30270588553e-17,
        "dvar2": 5.37418780755e-17,
        "max": 1.53676998981e-23,
        "mean": -1.35733655426e-08,
        "median": -1.43777905137e-08,
        "min": -5.31917798696e-08,
        "var": 7.85870948064e-17
    },
    "spectral_energy": {
        "dmean": 0.0132745970041,
        "dmean2": 0.0198727659881,
        "dvar": 0.00032967235893,
        "dvar2": 0.000760599970818,
        "max": 0.205326989293,
        "mean": 0.0538386702538,
        "median": 0.0573214590549,
        "min": 1.00211840689e-20,
        "var": 0.00119700981304
    },
    "spectral_energyband_high": {
        "dmean": 0.000486916775117,
        "dmean2": 0.000805873831268,
        "dvar": 6.97980226505e-07,
        "dvar2": 1.92821107703e-06,
        "max": 0.0108182635158,
        "mean": 0.00127012084704,
        "median": 0.00102922134101,
        "min": 6.68117900506e-21,
        "var": 1.66866220752e-06
    },
    "spectral_energyband_low": {
        "dmean": 0.012243449688,
        "dmean2": 0.0186041463166,
        "dvar": 0.000355203228537,
        "dvar2": 0.000841208850034,
        "max": 0.187728404999,
        "mean": 0.0351294502616,
        "median": 0.0360814109445,
        "min": 1.77771035615e-23,
        "var": 0.000845519825816
    },
    "spectral_energyband_middle_high": {
        "dmean": 0.0027547753416,
        "dmean2": 0.00435115164146,
        "dvar": 1.27694811454e-05,
        "dvar2": 3.13518830808e-05,
        "max": 0.0477988682687,
        "mean": 0.00936102308333,
        "median": 0.0071986769326,
        "min": 1.11972032652e-21,
        "var": 6.26058681519e-05
    },
    "spectral_energyband_middle_low": {
        "dmean": 0.00407568272203,
        "dmean2": 0.00633531017229,
        "dvar": 5.53820900677e-05,
        "dvar2": 0.000135658134241,
        "max": 0.0903551653028,
        "mean": 0.00936406012625,
        "median": 0.00702519901097,
        "min": 1.733828927e-22,
        "var": 8.72359014465e-05
    },
    "spectral_entropy": {
        "dmean": 0.134878516197,
        "dmean2": 0.216368541121,
        "dvar": 0.0214577782899,
        "dvar2": 0.0566948726773,
        "max": 9.81481552124,
        "mean": 7.7021074295,
        "median": 7.77365970612,
        "min": 6.29210424423,
        "var": 0.155413404107
    },
    "spectral_flux": {
        "dmean": 0.0379840098321,
        "dmean2": 0.0593368001282,
        "dvar": 0.00195692805573,
        "dvar2": 0.00403842283413,
        "max": 0.393839210272,
        "mean": 0.101928047836,
        "median": 0.0843239873648,
        "min": 6.39599831431e-11,
        "var": 0.00455844867975
    },
    "spectral_kurtosis": {
        "dmean": 1.44973671436,
        "dmean2": 2.54685401917,
        "dvar": 4.69648742676,
        "dvar2": 14.8524532318,
        "max": 41.7697067261,
        "mean": 3.79196953773,
        "median": 2.88663864136,
        "min": -1.25445747375,
        "var": 10.9876050949
    },
    "spectral_rms": {
        "dmean": 0.000901177118067,
        "dmean2": 0.00131150300149,
        "dvar": 1.32541310904e-06,
        "dvar2": 2.68812959803e-06,
        "max": 0.0141534097493,
        "mean": 0.00671266298741,
        "median": 0.00747819337994,
        "min": 3.12678181957e-12,
        "var": 7.46578780308e-06
    },
    "spectral_rolloff": {
        "dmean": 428.768585205,
        "dmean2": 730.903625488,
        "dvar": 495582.6875,
        "dvar2": 1184505,
        "max": 19810.546875,
        "mean": 1283.7701416,
        "median": 1055.12695312,
        "min": 64.599609375,
        "var": 2708045.75
    },
    "spectral_skewness": {
        "dmean": 0.183540865779,
        "dmean2": 0.310882359743,
        "dvar": 0.0413397587836,
        "dvar2": 0.123029716313,
        "max": 4.18250608444,
        "mean": 1.32223200798,
        "median": 1.27331829071,
        "min": -0.0773456916213,
        "var": 0.156727686524
    },
    "spectral_spread": {
        "dmean": 345779.15625,
        "dmean2": 530739.3125,
        "dvar": 376625856512,
        "dvar2": 824439406592,
        "max": 49367760,
        "mean": 4481633.5,
        "median": 4528390.5,
        "min": 1313410.25,
        "var": 8.96177432166e+12
    },
    "spectral_strongpeak": {
        "dmean": 0.331009089947,
        "dmean2": 0.576278805733,
        "dvar": 0.547343850136,
        "dvar2": 1.42773914337,
        "max": 12.1091747284,
        "mean": 0.719902694225,
        "median": 0.537724375725,
        "min": 0,
        "var": 0.691126823425
    },
    "zerocrossingrate": {
        "dmean": 0.00880654808134,
        "dmean2": 0.0109564745799,
        "dvar": 0.000109720174805,
        "dvar2": 0.000146679769387,
        "max": 0.81494140625,
        "mean": 0.0538034252822,
        "median": 0.0498046875,
        "min": 0.00244140625,
        "var": 0.0020977887325
    },
    "barkbands": {
        "dmean": [0.000691443739925, 0.0100738788024, 0.00400042859837, 0.00205816072412, 0.00149313837755, 0.000554051599465, 0.000538817665074, 0.000551514560357, 0.000763523508795, 0.000685733917635, 0.000815343228169, 0.000920270977076, 0.000681367877405, 0.000560601940379, 0.000399008044042, 0.000379576871637, 0.000280551903415, 0.000229060489801, 0.0002503451542, 0.000190758801182, 0.000174073633389, 0.000121946890431, 0.000100429999293, 6.69843575452e-05, 3.67619250028e-05, 1.46557367771e-05, 2.11882229451e-06],
        "dmean2": [0.000980433658697, 0.0150551637635, 0.00696766376495, 0.00348343723454, 0.00244629150257, 0.000895261298865, 0.000825432769489, 0.000843664922286, 0.0011821516091, 0.00106879766099, 0.00128971948288, 0.00147449644282, 0.00110194575973, 0.000902758038137, 0.000673635629937, 0.000638266385067, 0.000467898673378, 0.000382621889003, 0.000418529089075, 0.000311289797537, 0.000288473354885, 0.000206812852412, 0.000173711232492, 0.000110847075121, 5.84407789574e-05, 2.27363088925e-05, 3.37410051543e-06],
        "dvar": [2.41916404775e-06, 0.000246703712037, 0.000102367586805, 2.94945002679e-05, 1.33735529744e-05, 8.74663442119e-07, 7.52629148337e-07, 8.7554832362e-07, 1.85143153431e-06, 2.05153287425e-06, 3.62486593986e-06, 4.26726683145e-06, 3.50447635356e-06, 2.38366101257e-06, 1.05901403913e-06, 9.19817694012e-07, 2.60532090124e-07, 1.23228105053e-07, 1.41555048572e-07, 7.89904888165e-08, 7.08329963572e-08, 4.2704961345e-08, 3.77040727528e-08, 1.69404454908e-08, 4.72005501351e-09, 8.31819113589e-10, 3.35704866683e-11],
        "dvar2": [3.67336224372e-06, 0.00054957420798, 0.000286659342237, 7.67483215895e-05, 3.24989523506e-05, 2.2328315481e-06, 1.65431981713e-06, 1.79797427791e-06, 4.14859050579e-06, 4.5120541472e-06, 8.3618770077e-06, 1.02157391666e-05, 8.29335294839e-06, 5.47556010133e-06, 2.69881616077e-06, 2.39858354689e-06, 7.13164070021e-07, 3.29984032987e-07, 3.81410671935e-07, 2.00606351086e-07, 1.92192544546e-07, 1.20790303981e-07, 1.06378450937e-07, 4.52345609858e-08, 1.16492548941e-08, 1.91140370198e-09, 7.75936814801e-11],
        "max": [0.0236710458994, 0.171556398273, 0.120607219636, 0.0831089243293, 0.0519615933299, 0.0177943315357, 0.0160146262497, 0.01822938025, 0.0302276518196, 0.0299273207784, 0.0307988710701, 0.0390106700361, 0.0393473058939, 0.0319112874568, 0.0245404634625, 0.0332629680634, 0.0140359597281, 0.00435325829312, 0.0065200724639, 0.00797658320516, 0.00491808867082, 0.00339499069378, 0.00238255248405, 0.00138200807851, 0.0010601663962, 0.000509699457325, 0.000110826760647],
        "mean": [0.0020695712883, 0.0267076622695, 0.00528038386256, 0.00232023210265, 0.0019289572956, 0.00103061296977, 0.0011110228952, 0.00105327786878, 0.00147379841655, 0.00125847873278, 0.00145433784928, 0.00171019439586, 0.00129176920746, 0.000977345393039, 0.000661711615976, 0.000621268351097, 0.0004940580111, 0.000418358016759, 0.000489041034598, 0.000416258146288, 0.000378559110686, 0.000243894493906, 0.000184156873729, 0.00014368740085, 8.53370365803e-05, 3.20683138852e-05, 2.68582812168e-06],
        "median": [0.000298443424981, 0.0241569727659, 0.0022769542411, 0.000639955396764, 0.000847025716212, 0.000644415675197, 0.000618159596343, 0.000460402487079, 0.000578854116611, 0.000452212931123, 0.000384350540116, 0.000493011670187, 0.000330596987624, 0.000321248895489, 0.000340962782502, 0.000336933328072, 0.00031066138763, 0.000258886080701, 0.000333862466505, 0.000269608513918, 0.000259744090727, 0.000169868610101, 0.0001210157061, 9.11238239496e-05, 5.063116987e-05, 1.54282352014e-05, 3.91453966131e-07],
        "min": [2.12082881623e-26, 2.95178162605e-24, 8.59097135917e-25, 1.50693465901e-24, 7.24349832544e-24, 1.14798644022e-23, 8.59273998532e-24, 5.95396081431e-24, 1.81256491307e-23, 6.8800985054e-24, 1.78756102004e-23, 2.24108930291e-23, 3.76721976792e-23, 2.43259112522e-23, 3.85181121606e-23, 6.39413478646e-23, 5.71367472922e-23, 1.16282603403e-22, 1.04275919545e-22, 1.7705977969e-22, 2.42427306029e-22, 3.22401797409e-22, 3.93768188103e-22, 6.06589153085e-22, 9.14118183505e-22, 1.31994054489e-21, 1.7453745185e-21],
        "var": [1.43076158565e-05, 0.000627224100754, 9.18550722417e-05, 2.85453625111e-05, 1.40293268487e-05, 1.54415602083e-06, 2.25199710258e-06, 2.86230829261e-06, 5.72870612814e-06, 6.51419304631e-06, 9.8356995295e-06, 1.33137200464e-05, 1.13895912364e-05, 6.06028561378e-06, 2.44461671173e-06, 1.78446475729e-06, 3.97202342128e-07, 2.29915286809e-07, 2.73703449238e-07, 2.10043111792e-07, 1.57717110483e-07, 7.56440599048e-08, 5.69730786992e-08, 3.47853266192e-08, 1.3330409665e-08, 2.40830044795e-09, 5.06679975754e-11]
    },
    "erbbands": {
        "dmean": [0.349374055862, 2.20682287216, 4.45569849014, 5.54922437668, 7.26398658752, 3.83648538589, 3.94713878632, 4.73889303207, 6.3927154541, 9.72823143005, 12.4498100281, 18.1360912323, 18.1427001953, 24.7314434052, 31.8615722656, 39.3250579834, 31.1734447479, 25.7107906342, 22.7993621826, 19.9524497986, 20.0344905853, 12.5208311081, 11.8339996338, 12.0343980789, 11.459186554, 9.34848880768, 8.21678447723, 5.95803403854, 4.40968513489, 3.43413543701, 2.77124381065, 1.77454900742, 0.922296583652, 0.503456532955, 0.235016897321, 0.0905312523246, 0.0217805523425, 0.00453815748915, 0.000306423258735, 1.66334721143e-05],
        "dmean2": [0.513321340084, 3.37738180161, 7.58601856232, 9.53875827789, 11.6934156418, 6.46464300156, 6.42150068283, 7.66302061081, 9.82656288147, 14.9780063629, 18.9738616943, 28.1584644318, 27.9489574432, 38.392829895, 49.898021698, 62.0124473572, 49.8491897583, 40.7521362305, 37.2905158997, 33.9448356628, 33.6292266846, 20.8758049011, 19.6838417053, 20.0631313324, 19.1101379395, 15.147860527, 13.7254524231, 9.95715045929, 7.44328117371, 5.90989351273, 4.78269910812, 2.97348809242, 1.51876544952, 0.810743689537, 0.373046010733, 0.144617199898, 0.03277567029, 0.00675300741568, 0.000491697632242, 2.43698123086e-05],
        "dvar": [0.321371644735, 13.8061876297, 103.773162842, 219.690032959, 380.923126221, 82.914855957, 58.9183654785, 65.4908370972, 109.172195435, 274.705810547, 462.611053467, 1217.35974121, 1615.51306152, 2933.59545898, 5313.15234375, 8225.4921875, 6980.21484375, 4481.92089844, 3265.54443359, 2669.84692383, 1978.7512207, 534.11932373, 326.351928711, 364.704925537, 371.386535645, 187.542129517, 163.866699219, 99.6104202271, 49.1101875305, 43.5769500732, 28.2496967316, 11.6380825043, 3.15055179596, 0.862849354744, 0.192200630903, 0.031119486317, 0.00187872222159, 0.000112758789328, 7.74868226472e-07, 5.05332442557e-10],
        "dvar2": [0.595245659351, 32.5176048279, 284.583953857, 602.451049805, 897.521850586, 224.111053467, 146.42350769, 167.48348999, 251.233306885, 605.059997559, 961.430725098, 2758.19165039, 3577.60107422, 6487.25146484, 12651.6767578, 20073.7675781, 16829.7050781, 10243.7138672, 7930.93066406, 6862.25390625, 5332.72558594, 1466.08898926, 875.823486328, 970.76574707, 989.94744873, 477.046295166, 444.843597412, 276.313049316, 137.034667969, 124.789970398, 79.1446228027, 31.4320926666, 8.39395713806, 2.15351843834, 0.476107358932, 0.0770833492279, 0.00408454239368, 0.000234432256548, 1.85959186183e-06, 1.07986264375e-09],
        "max": [5.96029090881, 45.9288635254, 111.795433044, 203.816818237, 188.384597778, 172.835983276, 198.59552002, 150.029693604, 223.639648438, 372.681152344, 382.719818115, 723.721130371, 984.739990234, 1259.09057617, 1300.36083984, 1964.48962402, 1991.45446777, 1459.60852051, 1470.62658691, 1639.64819336, 1561.40917969, 610.315856934, 253.850296021, 286.940856934, 414.182098389, 219.847610474, 207.327819824, 222.368865967, 108.227424622, 143.3855896, 94.6234512329, 44.1894416809, 21.1290855408, 16.3273124695, 6.65342998505, 2.76201820374, 0.703407227993, 0.184884041548, 0.0154947685078, 0.000348577537807],
        "mean": [1.00538539886, 4.97410202026, 6.97124910355, 6.95619440079, 7.98499488831, 5.28433036804, 6.89473199844, 8.61618041992, 13.225933075, 20.31133461, 25.1637859344, 35.3071784973, 36.7559623718, 47.770450592, 61.3646812439, 75.9690170288, 62.8359375, 48.7742805481, 42.7271957397, 34.36485672, 36.0267333984, 24.3383045197, 23.3233661652, 24.1849594116, 23.7451572418, 20.7573642731, 17.0092163086, 12.8154678345, 9.19232082367, 6.69745206833, 5.06994056702, 3.53627705574, 2.00501441956, 1.15209257603, 0.513765454292, 0.191213920712, 0.0478013642132, 0.00820174813271, 0.000425608246587, 7.19089439372e-05],
        "median": [0.598652124405, 3.28177213669, 3.53174805641, 2.85302782059, 2.27961206436, 2.55928254128, 3.67263889313, 5.33628177643, 7.54340839386, 11.0080566406, 12.1810207367, 14.515203476, 15.3889789581, 19.741809845, 22.4026012421, 24.4127845764, 19.2973690033, 18.5610771179, 20.0363616943, 18.6057491302, 21.9130134583, 17.165058136, 15.820274353, 16.62931633, 16.2020950317, 13.9138708115, 11.280538559, 8.61155891418, 6.5172753334, 4.69730567932, 3.31518816948, 2.14575815201, 1.2379488945, 0.657360672951, 0.281225502491, 0.0959350913763, 0.0216389875859, 0.00271483906545, 0.000108507316327, 7.70105689298e-05],
        "min": [7.3436967555e-23, 9.31513916995e-22, 3.13934510289e-21, 5.54258508672e-21, 7.91812663694e-21, 3.54219353187e-20, 5.86226066667e-20, 7.66891876725e-20, 1.5033223104e-19, 1.46693424752e-19, 2.87432208918e-19, 4.5289984184e-19, 2.4272521646e-19, 5.09648464367e-19, 9.32271117643e-19, 1.14585607944e-18, 1.77971155475e-18, 2.01439034595e-18, 2.83511770895e-18, 2.69385573305e-18, 3.52871733798e-18, 3.9205159846e-18, 6.50640127986e-18, 4.80496810123e-18, 5.45753088647e-18, 1.01768402994e-17, 9.08167302068e-18, 9.79127735379e-18, 1.05450266618e-17, 9.32729520459e-18, 1.21233708158e-17, 1.11292180064e-17, 9.64965906983e-18, 8.23556568853e-18, 6.19726279185e-18, 4.13709048053e-18, 2.40538352546e-18, 1.00125477541e-18, 2.17775148589e-19, 2.84275319347e-20],
        "var": [1.13644945621, 28.6958274841, 110.086471558, 188.638183594, 406.34777832, 80.3800354004, 98.0125274658, 120.179450989, 307.425964355, 833.395324707, 1437.08312988, 3583.72973633, 5165.37207031, 9067.66210938, 14223.3349609, 25412.4550781, 23940.5332031, 12365.6552734, 10024.6669922, 5813.58886719, 3100.31323242, 754.796569824, 638.810302734, 701.167236328, 743.995361328, 519.825866699, 339.751831055, 200.778640747, 99.8953475952, 66.8970718384, 44.7071456909, 21.8520107269, 6.93085670471, 2.44601893425, 0.508235931396, 0.0786794126034, 0.00574680138379, 0.000263100024313, 1.14053045763e-06, 2.22571561181e-09]
    },
    "gfcc": {
        "mean": [8.29002094269, 92.7266921997, -131.7212677, 39.8276290894, -47.8226623535, 22.1440925598, -19.5873565674, 12.2308492661, -16.2145023346, 6.70532512665, -10.1932020187, 1.04919397831, -8.32336521149],
        "cov": [[20167.9667969, -499.059356689, 841.522888184, 1435.08850098, -610.871520996, 1225.69726562, -380.695007324, 737.737670898, -560.981506348, 303.670013428, -438.653289795, 258.096862793, -253.641479492], [-499.059356689, 2261.35473633, -352.440185547, 58.1243438721, 433.975708008, -506.429412842, 472.364532471, -187.690567017, 459.052581787, -56.4727973938, 210.346328735, -136.546920776, 244.089996338], [841.522888184, -352.440185547, 1272.46447754, 353.873260498, 281.747467041, 477.89755249, -37.6023826599, 239.525131226, -119.974716187, 101.781852722, -92.8274307251, 119.068603516, -53.5290145874], [1435.08850098, 58.1243438721, 353.873260498, 409.435638428, 159.70274353, 184.964447021, 64.5708770752, 63.4038047791, -19.5636901855, 31.1359558105, -29.9006710052, 14.7363986969, -14.7667808533], [-610.871520996, 433.975708008, 281.747467041, 159.70274353, 455.384063721, 76.5367889404, 216.943344116, 1.19849920273, 106.268341064, 34.9262504578, 50.4801445007, 4.58655548096, 56.7736549377], [1225.69726562, -506.429412842, 477.89755249, 184.964447021, 76.5367889404, 470.801269531, -31.625875473, 196.534881592, -106.536270142, 95.8795776367, -22.4538059235, 93.6729888916, -51.7480316162], [-380.695007324, 472.364532471, -37.6023826599, 64.5708770752, 216.943344116, -31.625875473, 303.219543457, 24.2787017822, 152.935546875, 11.5090370178, 84.8474197388, 0.611785531044, 78.9455337524], [737.737670898, -187.690567017, 239.525131226, 63.4038047791, 1.19849920273, 196.534881592, 24.2787017822, 231.122711182, 20.5474243164, 62.7619628906, -13.2200193405, 64.8983612061, 6.08572864532], [-560.981506348, 459.052581787, -119.974716187, -19.5636901855, 106.268341064, -106.536270142, 152.935546875, 20.5474243164, 239.931564331, 47.6455955505, 90.5230636597, -29.1571826935, 84.1370544434], [303.670013428, -56.4727973938, 101.781852722, 31.1359558105, 34.9262504578, 95.8795776367, 11.5090370178, 62.7619628906, 47.6455955505, 135.61517334, 57.8881072998, 28.9924697876, -4.09911775589], [-438.653289795, 210.346328735, -92.8274307251, -29.9006710052, 50.4801445007, -22.4538059235, 84.8474197388, -13.2200193405, 90.5230636597, 57.8881072998, 160.903533936, 41.4381790161, 45.7558822632], [258.096862793, -136.546920776, 119.068603516, 14.7363986969, 4.58655548096, 93.6729888916, 0.611785531044, 64.8983612061, -29.1571826935, 28.9924697876, 41.4381790161, 125.594039917, 36.9610786438], [-253.641479492, 244.089996338, -53.5290145874, -14.7667808533, 56.7736549377, -51.7480316162, 78.9455337524, 6.08572864532, 84.1370544434, -4.09911775589, 45.7558822632, 36.9610786438, 117.736846924]],
        "icov": [[0.00018727616407, -0.000430982123362, 0.000306541274767, -0.000640098005533, 0.000536173291039, -0.000506845477503, 0.000136585193104, -0.000288467068458, 0.000456855224911, -0.000724671059288, 0.00088501983555, -0.000673064088915, 0.00031369458884], [-0.000430982123362, 0.00244741747156, -0.00091155275004, 0.000917378405575, -0.00181761279237, 0.0024133794941, -0.000874559802469, 0.000668931403197, -0.00182991067413, 0.00233598006889, -0.00328998733312, 0.00295995292254, -0.0020743641071], [0.000306541274767, -0.00091155275004, 0.00257109245285, -0.00169410242233, -0.000677687523421, -0.00150077324361, 0.00140924530569, -0.00163183570839, 0.00111682899296, -0.00166736112442, 0.00257495907135, -0.00244486751035, 0.00122389988974], [-0.000640098005533, 0.000917378405575, -0.00169410242233, 0.00618230272084, -0.00185144331772, 0.000133707930217, -0.00136349059176, 0.00172125187237, -0.00128502270672, 0.00207962654531, -0.00176505744457, 0.00223688548431, -0.000524421804585], [0.000536173291039, -0.00181761279237, -0.000677687523421, -0.00185144331772, 0.00751103647053, -0.00328307622112, -0.00309507595375, 0.00254849228077, 3.00846913888e-05, -0.0025879254099, 0.00343366176821, -0.00200523575768, 0.000445216253866], [-0.000506845477503, 0.0024133794941, -0.00150077324361, 0.000133707930217, -0.00328307622112, 0.00920918956399, -0.000444160978077, -0.00387956551276, 0.00212893309072, 6.10141905781e-05, -0.00473535759374, 0.00271553476341, -0.00116315216292], [0.000136585193104, -0.000874559802469, 0.00140924530569, -0.00136349059176, -0.00309507595375, -0.000444160978077, 0.00877464096993, -0.00296151870862, -0.00142650550697, 0.00160673307255, -0.00148759537842, -0.000691129826009, 1.42186545418e-05], [-0.000288467068458, 0.000668931403197, -0.00163183570839, 0.00172125187237, 0.00254849228077, -0.00387956551276, -0.00296151870862, 0.0124469548464, -0.00655755028129, -6.45293403068e-05, 0.0035326348152, -0.00372941442765, 0.000355842028512], [0.000456855224911, -0.00182991067413, 0.00111682899296, -0.00128502270672, 3.00846913888e-05, 0.00212893309072, -0.00142650550697, -0.00655755028129, 0.0164347421378, -0.00697526056319, -0.00206475984305, 0.00573829282075, -0.00564522109926], [-0.000724671059288, 0.00233598006889, -0.00166736112442, 0.00207962654531, -0.0025879254099, 6.10141905781e-05, 0.00160673307255, -6.45293403068e-05, -0.00697526056319, 0.0170606803149, -0.00891210883856, 0.00235102069564, 0.00160348787904], [0.00088501983555, -0.00328998733312, 0.00257495907135, -0.00176505744457, 0.00343366176821, -0.00473535759374, -0.00148759537842, 0.0035326348152, -0.00206475984305, -0.00891210883856, 0.0197735931724, -0.0121822273359, 0.00405952753499], [-0.000673064088915, 0.00295995292254, -0.00244486751035, 0.00223688548431, -0.00200523575768, 0.00271553476341, -0.000691129826009, -0.00372941442765, 0.00573829282075, 0.00235102069564, -0.0121822273359, 0.0229653399438, -0.0120948273689], [0.00031369458884, -0.0020743641071, 0.00122389988974, -0.000524421804585, 0.000445216253866, -0.00116315216292, 1.42186545418e-05, 0.000355842028512, -0.00564522109926, 0.00160348787904, 0.00405952753499, -0.0120948273689, 0.0195159632713]]
    },
    "melbands": {
        "dmean": [0.00290870293975, 0.00237404485233, 0.00101895467378, 0.000379586912459, 0.00013585833949, 0.00010547148122, 0.000100820434454, 0.000109559383418, 0.000106327184767, 0.000113772599434, 9.2560032499e-05, 0.000100125318568, 0.00011060723773, 0.000109255262942, 9.19199301279e-05, 6.38604979031e-05, 5.11774887855e-05, 4.15976828663e-05, 2.76864702755e-05, 2.86448866973e-05, 2.48761516559e-05, 1.49780771608e-05, 1.3122657947e-05, 1.12311636258e-05, 1.06032084659e-05, 1.05229910332e-05, 7.27594033378e-06, 6.76887202644e-06, 6.04559863859e-06, 4.41583233624e-06, 3.79182893084e-06, 2.96024109048e-06, 2.03747549676e-06, 2.09659174288e-06, 1.87267130514e-06, 1.27563612295e-06, 1.09808888737e-06, 7.21226740552e-07, 5.38985204912e-07, 4.34959559925e-07],
        "dmean2": [0.00429314794019, 0.00380057981238, 0.00170841359068, 0.000613205484115, 0.000223495924729, 0.000170375380549, 0.000154470544658, 0.00016856280854, 0.000163193064509, 0.000176063374965, 0.000142567412695, 0.000155818139319, 0.000173558248207, 0.000173320295289, 0.000143898112583, 9.95884256554e-05, 8.07734541013e-05, 6.74458278809e-05, 4.65905104647e-05, 4.82163559354e-05, 4.17090232077e-05, 2.50623033935e-05, 2.16429452848e-05, 1.87574951269e-05, 1.7678088625e-05, 1.75913064595e-05, 1.17487097668e-05, 1.09219790829e-05, 1.01259420262e-05, 7.28291070118e-06, 6.37367838863e-06, 5.05164098286e-06, 3.39997859555e-06, 3.65406754099e-06, 3.25259384226e-06, 2.16060402636e-06, 1.84229679689e-06, 1.19159005862e-06, 8.78832508988e-07, 7.07932827027e-07],
        "dvar": [2.01908060262e-05, 2.0929490347e-05, 6.30009935776e-06, 9.00684540284e-07, 6.8093108041e-08, 3.1345916085e-08, 2.57857202257e-08, 3.04416118979e-08, 3.18454347337e-08, 4.52616433222e-08, 4.17400300989e-08, 4.86979843117e-08, 6.42146744667e-08, 6.02841296882e-08, 5.03889694414e-08, 3.2472240008e-08, 1.99738785511e-08, 1.22780985379e-08, 6.06513506085e-09, 6.80187239865e-09, 2.81950929271e-09, 9.00340024756e-10, 4.64771304776e-10, 3.23619131493e-10, 3.0376026694e-10, 2.9862423645e-10, 1.49370432689e-10, 1.02434540017e-10, 9.59602189377e-11, 4.79499842609e-11, 4.64315322302e-11, 2.33384301468e-11, 1.11217077214e-11, 1.81563861168e-11, 1.36830304032e-11, 5.31292067632e-12, 4.63115049781e-12, 1.94455150766e-12, 9.76561605019e-13, 6.57661208478e-13],
        "dvar2": [4.16479961132e-05, 5.44239301234e-05, 1.65337478393e-05, 2.15811292037e-06, 1.74307857037e-07, 8.06491868843e-08, 5.84920307745e-08, 6.64345378709e-08, 6.68728432629e-08, 1.02317862627e-07, 9.24187872897e-08, 1.07034942687e-07, 1.48832967284e-07, 1.42426458183e-07, 1.16757448154e-07, 7.14720442829e-08, 4.53048585314e-08, 2.91829618249e-08, 1.59136348543e-08, 1.72937486553e-08, 7.62198482107e-09, 2.47315901092e-09, 1.2132048699e-09, 8.52347248337e-10, 7.9812711995e-10, 7.94537824422e-10, 3.66603358781e-10, 2.53372378634e-10, 2.63370797393e-10, 1.24259949552e-10, 1.29983246389e-10, 6.59761204003e-11, 2.99173637253e-11, 5.17932294275e-11, 3.84187577585e-11, 1.45223208459e-11, 1.25413984753e-11, 5.26826932773e-12, 2.54370331222e-12, 1.64010320082e-12],
        "max": [0.0414541661739, 0.0451695211232, 0.0301843155175, 0.0137379486114, 0.00531131541356, 0.00351568940096, 0.00333762681112, 0.00370441586711, 0.00303761661053, 0.00504474993795, 0.00485093006864, 0.004827728495, 0.00486974418163, 0.00439934246242, 0.00430560903624, 0.00489589804783, 0.00332811870612, 0.00247190985829, 0.00238106655888, 0.00305288564414, 0.00177022535354, 0.0007830245886, 0.000417015282437, 0.000294484198093, 0.000266978488071, 0.000417921430198, 0.000472814688692, 0.000161843723617, 0.000199155867449, 0.000145433921716, 0.000197362023755, 7.39197494113e-05, 8.23165100883e-05, 7.25794889149e-05, 8.23560621939e-05, 5.21941656189e-05, 2.42669957515e-05, 1.8076683773e-05, 1.8346179786e-05, 1.20282711578e-05],
        "mean": [0.00811907090247, 0.00472414353862, 0.00130200793501, 0.000465699529741, 0.000235844461713, 0.000193809479242, 0.0002124109742, 0.000227661090321, 0.000208612065762, 0.000219346547965, 0.000178926362423, 0.000185358003364, 0.000202673953027, 0.000204089126782, 0.000169361795997, 0.000115210423246, 8.9019544248e-05, 7.37899972592e-05, 4.35082874901e-05, 4.66912497359e-05, 4.17136725446e-05, 2.58240888797e-05, 2.24123195949e-05, 2.02411811188e-05, 1.90363589354e-05, 1.94705226022e-05, 1.43329261846e-05, 1.33150788315e-05, 1.11659064714e-05, 8.5712854343e-06, 7.10043332219e-06, 5.44689055459e-06, 4.10693792219e-06, 3.58581678483e-06, 3.07949767375e-06, 2.3758586849e-06, 2.06392883229e-06, 1.43847228173e-06, 1.14523425054e-06, 9.19184685699e-07],
        "median": [0.00683089904487, 0.00297756516375, 0.000517384847626, 0.000173899155925, 0.000132763801957, 0.000120631593745, 0.00012337762746, 0.000123737438116, 9.563601634e-05, 8.59554565977e-05, 6.7821398261e-05, 7.17982620699e-05, 6.44686151645e-05, 5.9424117353e-05, 4.7461988288e-05, 3.34582400683e-05, 2.98158556689e-05, 2.91106953227e-05, 2.2819305741e-05, 2.2784450266e-05, 2.38251905103e-05, 1.59802875714e-05, 1.34025740408e-05, 1.19687592814e-05, 1.15197626656e-05, 1.23488780446e-05, 9.21216815186e-06, 8.18332227936e-06, 6.71006728226e-06, 5.07640652359e-06, 4.32822889707e-06, 3.52499387191e-06, 2.68339408649e-06, 2.19953790292e-06, 1.81400309884e-06, 1.37594747684e-06, 1.11446547635e-06, 8.10808558072e-07, 5.93710751673e-07, 4.61127399376e-07],
        "min": [1.11039370766e-24, 2.77226193035e-24, 1.02730574952e-24, 1.47292272387e-24, 1.9550312204e-24, 1.68899004948e-24, 2.35168645797e-24, 1.33394949262e-24, 2.28641847326e-24, 2.74696434441e-24, 1.02210824084e-24, 1.66208220122e-24, 2.32166162306e-24, 2.91008579125e-24, 3.12330641368e-24, 2.27574400192e-24, 3.30482251911e-24, 2.78460543415e-24, 2.97724053404e-24, 2.74941040486e-24, 3.1368612134e-24, 3.58465140093e-24, 4.06445948045e-24, 5.08052573701e-24, 3.51189318192e-24, 4.04624902089e-24, 3.61041599253e-24, 6.27885554471e-24, 4.69073378653e-24, 5.59869454463e-24, 4.51460007905e-24, 5.46364668526e-24, 4.65210169028e-24, 5.14050559265e-24, 5.84971205683e-24, 5.91416751481e-24, 6.50369470777e-24, 5.96940513312e-24, 6.65370094763e-24, 5.98755918913e-24],
        "var": [6.00085186306e-05, 3.05028333969e-05, 6.09362541582e-06, 9.79645164989e-07, 1.04313322424e-07, 5.72311940061e-08, 7.53188516001e-08, 9.72199103444e-08, 9.39262463362e-08, 1.34713829425e-07, 1.30015195055e-07, 1.51866245801e-07, 1.74530285335e-07, 1.8187691353e-07, 1.52760847527e-07, 9.16391869055e-08, 4.91225691235e-08, 3.80134643763e-08, 9.54130285891e-09, 1.6005532899e-08, 4.05592137653e-09, 1.21092025296e-09, 8.01270327866e-10, 6.06053596197e-10, 5.54703671884e-10, 5.85063442138e-10, 3.15189763178e-10, 2.54306464775e-10, 1.80278125761e-10, 1.02090912113e-10, 7.71041980263e-11, 3.92378872449e-11, 2.40927347517e-11, 2.35714000402e-11, 1.91291201629e-11, 1.00063481806e-11, 8.20385773204e-12, 3.85400652364e-12, 2.42892555027e-12, 1.71265768494e-12]
    },
    "mfcc": {
        "mean": [-621.760437012, 115.242523193, -14.2363348007, 25.5616416931, -0.225630715489, 14.5525712967, 8.48264980316, 9.40010929108, 6.0540971756, 6.64647006989, 3.8284881115, 5.72799921036, 5.24974536896],
        "cov": [[9413.22949219, -347.243438721, 1154.11401367, 405.020111084, 311.979919434, 371.15814209, 354.259643555, 301.059570312, 90.3150634766, 97.0514526367, -16.9946498871, 10.9254159927, -92.1261749268], [-347.243438721, 2032.44299316, -426.380462646, 467.403900146, -57.59582901, 22.4937553406, -30.3270263672, -13.9816055298, 181.811721802, 90.676399231, 95.9213104248, 18.3001289368, 143.561264038], [1154.11401367, -426.380462646, 822.363464355, 25.1814994812, 329.866912842, 164.739868164, 172.037521362, 142.979415894, 41.1576271057, 28.3038005829, -12.9126987457, 41.9481925964, -12.219625473], [405.020111084, 467.403900146, 25.1814994812, 413.994598389, 82.1616134644, 122.864601135, 68.5157318115, 36.5240936279, 90.1040725708, 35.1016159058, 34.8961372375, -13.4851694107, 32.4525375366], [311.979919434, -57.59582901, 329.866912842, 82.1616134644, 316.829101562, 170.897125244, 139.061660767, 79.7267227173, 57.5784454346, 36.5952911377, 5.21177101135, 33.5154266357, 27.5864944458], [371.15814209, 22.4937553406, 164.739868164, 122.864601135, 170.897125244, 222.050354004, 148.078811646, 59.5362358093, 43.3707962036, 33.9792900085, 32.6727828979, 28.7494869232, 28.812620163], [354.259643555, -30.3270263672, 172.037521362, 68.5157318115, 139.061660767, 148.078811646, 204.208053589, 108.999465942, 53.2474327087, 19.8382034302, 28.866437912, 37.6037445068, 44.1228904724], [301.059570312, -13.9816055298, 142.979415894, 36.5240936279, 79.7267227173, 59.5362358093, 108.999465942, 158.920150757, 84.8455429077, 19.2456264496, -2.39213228226, 24.011636734, 38.4490127563], [90.3150634766, 181.811721802, 41.1576271057, 90.1040725708, 57.5784454346, 43.3707962036, 53.2474327087, 84.8455429077, 156.981216431, 69.4975509644, 18.4786949158, 5.85433340073, 34.8742599487], [97.0514526367, 90.676399231, 28.3038005829, 35.1016159058, 36.5952911377, 33.9792900085, 19.8382034302, 19.2456264496, 69.4975509644, 124.204368591, 69.6984710693, 26.9353179932, 2.10686516762], [-16.9946498871, 95.9213104248, -12.9126987457, 34.8961372375, 5.21177101135, 32.6727828979, 28.866437912, -2.39213228226, 18.4786949158, 69.6984710693, 124.699104309, 59.8248596191, 20.8071975708], [10.9254159927, 18.3001289368, 41.9481925964, -13.4851694107, 33.5154266357, 28.7494869232, 37.6037445068, 24.011636734, 5.85433340073, 26.9353179932, 59.8248596191, 104.406593323, 59.6815834045], [-92.1261749268, 143.561264038, -12.219625473, 32.4525375366, 27.5864944458, 28.812620163, 44.1228904724, 38.4490127563, 34.8742599487, 2.10686516762, 20.8071975708, 59.6815834045, 136.808914185]],
