{
"lowlevel": {
    "average_loudness": 0.896294057369,
    "barkbands_crest": {
        "dmean": 3.4795024395,
        "dmean2": 5.5879483223,
        "dvar": 14.1691761017,
        "dvar2": 32.2323760986,
        "max": 26.6748561859,
        "mean": 16.2081565857,
        "median": 16.5214538574,
        "min": 2.12875533104,
        "var": 36.4758224487
    },
    "barkbands_flatness_db": {
        "dmean": 0.0826861634851,
        "dmean2": 0.118222855031,
        "dvar": 0.00657864613459,
        "dvar2": 0.0146789811552,
        "max": 0.85499060154,
        "mean": 0.362954258919,
        "median": 0.377703666687,
        "min": 0.0107452822849,
        "var": 0.0197019763291
    },
    "barkbands_kurtosis": {
        "dmean": 24.9533729553,
        "dmean2": 38.745475769,
        "dvar": 2528.25073242,
        "dvar2": 5202.44189453,
        "max": 1350.97045898,
        "mean": 36.3623085022,
        "median": 10.5726451874,
        "min": -1.76850152016,
        "var": 4516.93554688
    },
    "barkbands_skewness": {
        "dmean": 1.49129199982,
        "dmean2": 2.27865600586,
        "dvar": 2.68292832375,
        "dvar2": 5.63510274887,
        "max": 30.3875617981,
        "mean": 3.29582905769,
        "median": 2.49658155441,
        "min": -3.04587984085,
        "var": 8.91078853607
    },
    "barkbands_spread": {
        "dmean": 4.08985710144,
        "dmean2": 6.64683914185,
        "dvar": 33.2176895142,
        "dvar2": 81.0664215088,
        "max": 86.6713409424,
        "mean": 5.61578989029,
        "median": 2.70082616806,
        "min": 0.0299814548343,
        "var": 64.6692199707
    },
    "dissonance": {
        "dmean": 0.054005201906,
        "dmean2": 0.0858768224716,
        "dvar": 0.00248662102968,
        "dvar2": 0.00606902316213,
        "max": 0.500000119209,
        "mean": 0.394330203533,
        "median": 0.411337554455,
        "min": 0.0269188564271,
        "var": 0.00573210092261
    },
    "dynamic_complexity": 5.04449367523,
    "erbbands_crest": {
        "dmean": 4.29616546631,
        "dmean2": 6.8046503067,
        "dvar": 15.9016141891,
        "dvar2": 36.2204818726,
        "max": 32.0165061951,
        "mean": 12.0409240723,
        "median": 11.1921920776,
        "min": 2.36739802361,
        "var": 32.6252861023
    },
    "erbbands_flatness_db": {
        "dmean": 0.0489673167467,
        "dmean2": 0.0700425431132,
        "dvar": 0.00259383954108,
        "dvar2": 0.00494058942422,
        "max": 0.610113739967,
        "mean": 0.262016296387,
        "median": 0.25855755806,
        "min": 0.0415683314204,
        "var": 0.0105830812827
    },
    "erbbands_kurtosis": {
        "dmean": 4.12647199631,
        "dmean2": 6.34090614319,
        "dvar": 50.322807312,
        "dvar2": 108.513542175,
        "max": 166.327926636,
        "mean": 3.80948734283,
        "median": 1.0530731678,
        "min": -1.74615073204,
        "var": 69.1334838867
    },
    "erbbands_skewness": {
        "dmean": 0.824545264244,
        "dmean2": 1.26389479637,
        "dvar": 0.628415822983,
        "dvar2": 1.45034730434,
        "max": 10.5404853821,
        "mean": 1.07565891743,
        "median": 0.862060308456,
        "min": -3.88473272324,
        "var": 1.32039666176
    },
    "erbbands_spread": {
        "dmean": 11.4930067062,
        "dmean2": 16.6533584595,
        "dvar": 200.647506714,
        "dvar2": 346.075897217,
        "max": 174.364868164,
        "mean": 24.0594940186,
        "median": 17.8770179749,
        "min": 0.352623939514,
        "var": 487.482879639
    },
    "hfc": {
        "dmean": 7.85745429993,
        "dmean2": 12.8155860901,
        "dvar": 142.158294678,
        "dvar2": 360.674560547,
        "max": 86.8118896484,
        "mean": 12.457824707,
        "median": 9.78599739075,
        "min": 1.11454831896e-16,
        "var": 168.315643311
    },
    "melbands_crest": {
        "dmean": 4.34347248077,
        "dmean2": 6.45784378052,
        "dvar": 20.0387096405,
        "dvar2": 41.2034606934,
        "max": 37.4883613586,
        "mean": 22.7111740112,
        "median": 22.4556350708,
        "min": 1.82198286057,
        "var": 73.2928161621
    },
    "melbands_flatness_db": {
        "dmean": 0.0962244793773,
        "dmean2": 0.137543708086,
        "dvar": 0.00910289958119,
        "dvar2": 0.0203994754702,
        "max": 1,
        "mean": 0.482385367155,
        "median": 0.501933574677,
        "min": 0.00316892797127,
        "var": 0.0270467605442
    },
    "melbands_kurtosis": {
        "dmean": 35.4191665649,
        "dmean2": 54.6588935852,
        "dvar": 5014.37695312,
        "dvar2": 10399.2041016,
        "max": 1191.58374023,
        "mean": 54.7834091187,
        "median": 16.9499702454,
        "min": -1.68375325203,
        "var": 9715.77734375
    },
    "melbands_skewness": {
        "dmean": 1.64411759377,
        "dmean2": 2.46895837784,
        "dvar": 3.56365609169,
        "dvar2": 7.38736867905,
        "max": 25.9019050598,
        "mean": 4.0601682663,
        "median": 3.09667491913,
        "min": -1.91601037979,
        "var": 11.9358282089
    },
    "melbands_spread": {
        "dmean": 3.8530061245,
        "dmean2": 6.42089033127,
        "dvar": 40.0226478577,
        "dvar2": 102.12713623,
        "max": 158.50958252,
        "mean": 5.53998470306,
        "median": 2.71419048309,
        "min": 0.0662951394916,
        "var": 96.3518600464
    },
    "pitch_salience": {
        "dmean": 0.115025356412,
        "dmean2": 0.18565697968,
        "dvar": 0.0153343668208,
        "dvar2": 0.0377764441073,
        "max": 0.947309076786,
        "mean": 0.402397543192,
        "median": 0.400204390287,
        "min": 0.0197179466486,
        "var": 0.0370989516377
    },
    "silence_rate_20dB": {
        "dmean": 0.0233217775822,
        "dmean2": 0.0466484539211,
        "dvar": 0.0227777846158,
        "dvar2": 0.0633873268962,
        "max": 1,
        "mean": 0.985294103622,
        "median": 1,
        "min": 0,
        "var": 0.0144894123077
    },
    "silence_rate_30dB": {
        "dmean": 0.10610358417,
        "dmean2": 0.212229460478,
        "dvar": 0.0948389321566,
        "dvar2": 0.186944976449,
        "max": 1,
        "mean": 0.658928573132,
        "median": 1,
        "min": 0,
        "var": 0.224741145968
    },
    "silence_rate_60dB": {
        "dmean": 0.0500052534044,
        "dmean2": 0.100021012127,
        "dvar": 0.0475066117942,
        "dvar2": 0.107461363077,
        "max": 1,
        "mean": 0.150210082531,
        "median": 0,
        "min": 0,
        "var": 0.127656534314
    },
    "spectral_centroid": {
        "dmean": 215.00743103,
        "dmean2": 355.916595459,
        "dvar": 109499.328125,
        "dvar2": 272720.78125,
        "max": 11360.4589844,
        "mean": 446.134307861,
        "median": 321.512451172,
        "min": 58.8135871887,
        "var": 205374.703125
    },
    "spectral_complexity": {
        "dmean": 4.09391736984,
        "dmean2": 6.53435611725,
        "dvar": 26.918132782,
        "dvar2": 65.0859222412,
        "max": 58,
        "mean": 7.34947490692,
        "median": 6,
        "min": 0,
        "var": 38.9130058289
    },
    "spectral_decrease": {
        "dmean": 8.98013929884e-09,
        "dmean2": 1.41711877788e-08,
        "dvar": 1.73903394724e-16,
        "dvar2": 3.43995352943e-16,
        "max": 1.11553894795e-28,
        "mean": -2.45444695679e-08,
        "median": -1.60217084044e-08,
        "min": -1.29008640215e-07,
        "var": 6.62224175388e-16
    },
    "spectral_energy": {
        "dmean": 0.0342398770154,
        "dmean2": 0.0540573969483,
        "dvar": 0.00250535644591,
        "dvar2": 0.0049513624981,
        "max": 0.490891247988,
        "mean": 0.0937664136291,
        "median": 0.0621044114232,
        "min": 1.01389030177e-20,
        "var": 0.00953875575215
    },
    "spectral_energyband_high": {
        "dmean": 0.000205799384275,
        "dmean2": 0.000346863031154,
        "dvar": 2.82362407233e-07,
        "dvar2": 6.91420723342e-07,
        "max": 0.0053260200657,
        "mean": 0.000152759210323,
        "median": 1.18976936392e-06,
        "min": 7.27842117878e-21,
        "var": 2.42738707357e-07
    },
    "spectral_energyband_low": {
        "dmean": 0.0311506316066,
        "dmean2": 0.0498117879033,
        "dvar": 0.00266551459208,
        "dvar2": 0.00535146612674,
        "max": 0.476380944252,
        "mean": 0.0788092166185,
        "median": 0.0310995094478,
        "min": 5.2362576871e-23,
        "var": 0.00956272147596
    },
    "spectral_energyband_middle_high": {
        "dmean": 0.00234687514603,
        "dmean2": 0.00416233250871,
        "dvar": 2.39077617152e-05,
        "dvar2": 6.33704912616e-05,
        "max": 0.0743302255869,
        "mean": 0.00170183146838,
        "median": 0.000209680059925,
        "min": 1.1909427785e-21,
        "var": 1.72624841071e-05
    },
    "spectral_energyband_middle_low": {
        "dmean": 0.00961863994598,
        "dmean2": 0.0151529684663,
        "dvar": 0.000233653132454,
        "dvar2": 0.000588533934206,
        "max": 0.178741708398,
        "mean": 0.0156938359141,
        "median": 0.00867249816656,
        "min": 2.45069346351e-22,
        "var": 0.000376249692636
    },
    "spectral_entropy": {
        "dmean": 0.658232033253,
        "dmean2": 0.969498693943,
        "dvar": 0.429650098085,
        "dvar2": 0.939388811588,
        "max": 9.81878757477,
        "mean": 6.21595001221,
        "median": 6.13034152985,
        "min": 2.46819114685,
        "var": 1.11820352077
    },
    "spectral_flux": {
        "dmean": 0.0726685076952,
        "dmean2": 0.115681245923,
        "dvar": 0.00725368922576,
        "dvar2": 0.0156442858279,
        "max": 0.612923920155,
        "mean": 0.119869716465,
        "median": 0.0872100964189,
        "min": 6.60588181378e-11,
        "var": 0.0116671454161
    },
    "spectral_kurtosis": {
        "dmean": 34.9873161316,
        "dmean2": 53.9620437622,
        "dvar": 2869.34521484,
        "dvar2": 6274.87548828,
        "max": 758.805297852,
        "mean": 55.9935455322,
        "median": 24.3974533081,
        "min": -1.2474540472,
        "var": 6024.63427734
    },
    "spectral_rms": {
        "dmean": 0.00186536333058,
        "dmean2": 0.0028352974914,
        "dvar": 5.59103591513e-06,
        "dvar2": 1.00678826129e-05,
        "max": 0.0218842010945,
        "mean": 0.00794450379908,
        "median": 0.00778393633664,
        "min": 3.14509356059e-12,
        "var": 2.8364103855e-05
    },
    "spectral_rolloff": {
        "dmean": 197.328186035,
        "dmean2": 347.732177734,
        "dvar": 208841.75,
        "dvar2": 498995.84375,
        "max": 18992.2851562,
        "mean": 398.593841553,
        "median": 193.798828125,
        "min": 21.533203125,
        "var": 1194624.25
    },
    "spectral_skewness": {
        "dmean": 1.87933731079,
        "dmean2": 2.87509012222,
        "dvar": 4.21264648438,
        "dvar2": 8.7068529129,
        "max": 23.3570213318,
        "mean": 4.72656202316,
        "median": 3.61644983292,
        "min": -0.0581489503384,
        "var": 11.830332756
    },
    "spectral_spread": {
        "dmean": 1071717.75,
        "dmean2": 1393518.625,
        "dvar": 2.26451102106e+12,
        "dvar2": 3.50848837222e+12,
        "max": 52259620,
        "mean": 2718396,
        "median": 1856300.625,
        "min": 88613.4375,
        "var": 7.81491057459e+12
    },
    "spectral_strongpeak": {
        "dmean": 0.320892095566,
        "dmean2": 0.518676757812,
        "dvar": 0.268702745438,
        "dvar2": 0.63309186697,
        "max": 7.14047670364,
        "mean": 0.717814087868,
        "median": 0.598562836647,
        "min": 0,
        "var": 0.416308701038
    },
    "zerocrossingrate": {
        "dmean": 0.0062645575963,
        "dmean2": 0.00777156185359,
        "dvar": 0.000127856634208,
        "dvar2": 0.000176278772415,
        "max": 0.87255859375,
        "mean": 0.0183251649141,
        "median": 0.0107421875,
        "min": 0.0009765625,
        "var": 0.00252501899377
    },
    "barkbands": {
        "dmean": [0.00377572281286, 0.0272572021931, 0.00418932782486, 0.00387272401713, 0.00283040921204, 0.00288599333726, 0.00166255072691, 0.000789968587924, 0.000487635290483, 0.000475020875456, 0.000364012725186, 0.000487019511638, 0.000297420512652, 0.000245961709879, 0.00028676140937, 0.00014268506493, 9.91832857835e-05, 6.5035696025e-05, 5.80090127187e-05, 5.33487509529e-05, 3.13456403092e-05, 2.47345997195e-05, 3.13144482789e-05, 1.87533842109e-05, 2.22936687351e-05, 5.39625980309e-05, 1.62783362612e-06],
        "dmean2": [0.00617532851174, 0.0441118068993, 0.00750782899559, 0.00626703770831, 0.00471526617184, 0.00408734381199, 0.00248625851236, 0.00124600960407, 0.000848469557241, 0.000827956013381, 0.000647475128062, 0.000870481715538, 0.000547694682609, 0.000456707843114, 0.000532536476385, 0.000267554569291, 0.000187521713087, 0.000123007441289, 0.000110568580567, 0.000102388978121, 5.87781905779e-05, 4.41360825789e-05, 5.28928794665e-05, 3.02126354654e-05, 3.39264297509e-05, 8.60436994117e-05, 2.75408956441e-06],
        "dvar": [6.11711293459e-05, 0.00230445177294, 0.000147451311932, 3.99986492994e-05, 3.5454017052e-05, 5.24560564372e-05, 1.84883629117e-05, 6.48810919301e-06, 1.39343399042e-06, 2.93545372188e-06, 9.48353772401e-07, 1.66021050063e-06, 6.60843909372e-07, 4.27565112204e-07, 6.69079611271e-07, 1.60056643494e-07, 9.79139969104e-08, 4.80478412612e-08, 3.3709170566e-08, 2.93146840136e-08, 8.62656168721e-09, 4.44006920119e-09, 9.03386343509e-09, 3.51651108232e-09, 5.22901455469e-09, 4.19275352215e-08, 5.62960338069e-11],
        "dvar2": [0.000165353019838, 0.00475117797032, 0.000423477235017, 0.000106788080302, 9.34171766858e-05, 0.000106171894004, 3.49177025782e-05, 1.25026417663e-05, 3.47129844158e-06, 7.31608588467e-06, 2.49296203947e-06, 4.31473063145e-06, 1.81610892014e-06, 1.19688229461e-06, 1.86898785159e-06, 4.51490024034e-07, 2.80950644083e-07, 1.38591886412e-07, 9.67548885455e-08, 8.44379570708e-08, 2.43954065837e-08, 1.21329692959e-08, 2.28098464561e-08, 8.48434922318e-09, 1.08979714142e-08, 1.02379203781e-07, 1.4880005561e-10],
        "max": [0.119848713279, 0.444807201624, 0.134925097227, 0.0774900764227, 0.073598831892, 0.169236123562, 0.109630294144, 0.0846834480762, 0.0290450993925, 0.0709073841572, 0.0201545227319, 0.0265094321221, 0.0202266462147, 0.00928169302642, 0.0121747041121, 0.00589463487267, 0.00560137908906, 0.00359908374958, 0.00303355860524, 0.00220187241212, 0.00113864080049, 0.000825354887638, 0.00101789738983, 0.000709803018253, 0.000957712589297, 0.00240428373218, 0.000130332264234],
        "mean": [0.00666553573683, 0.065496750176, 0.004113081377, 0.00549451075494, 0.00317393895239, 0.00384377664886, 0.00192447286099, 0.000763471005484, 0.00040545561933, 0.000372719456209, 0.000259368825937, 0.000335998891387, 0.000191168481251, 0.000153208748088, 0.000183514028322, 8.79030922079e-05, 5.93226868659e-05, 3.91962857975e-05, 3.39686484949e-05, 3.10504838126e-05, 1.9417340809e-05, 1.69877275766e-05, 2.31060294027e-05, 1.4877358808e-05, 1.97449917323e-05, 4.27037193731e-05, 1.1878770465e-06],
        "median": [0.0012394208461, 0.0178151149303, 0.00167384138331, 0.00232999329455, 0.000949507346377, 0.000467367470264, 0.000245601986535, 7.55821747589e-05, 5.65268564969e-05, 4.82205105072e-05, 2.40134868363e-05, 2.42129044636e-05, 1.09701568363e-05, 7.9441069829e-06, 6.52804283163e-06, 3.42967541656e-06, 2.04412936e-06, 1.2605360098e-06, 9.46389036471e-07, 5.7201305026e-07, 3.30514751568e-07, 1.8290808157e-07, 6.46211191224e-08, 2.69782809426e-08, 1.53970685091e-08, 9.40895805712e-09, 2.36511077389e-09],
        "min": [2.31837345359e-24, 2.00804795859e-23, 1.20437445438e-23, 7.57618857931e-24, 2.93674297896e-23, 9.67415153497e-24, 2.60530827612e-23, 2.02951491486e-23, 4.59396272045e-23, 3.80200916493e-23, 4.46056539474e-23, 5.08783066788e-23, 5.69080470494e-23, 6.19010758847e-23, 6.10261534102e-23, 6.62149712112e-23, 8.8285248301e-23, 9.9833351538e-23, 1.71119076472e-22, 1.98580056645e-22, 3.03126732185e-22, 4.36425469211e-22, 5.72100507718e-22, 6.8313461126e-22, 9.97546194332e-22, 1.4770147923e-21, 2.0759674689e-21],
        "var": [0.000101152138086, 0.00767818652093, 0.000104301521787, 6.61464146106e-05, 3.56717027898e-05, 8.60532090883e-05, 2.91646902042e-05, 8.88756494533e-06, 1.29352076783e-06, 2.36455184677e-06, 7.00113730545e-07, 1.21476136883e-06, 4.2159715008e-07, 2.57127283021e-07, 4.11546892565e-07, 9.40256157378e-08, 5.49127356919e-08, 2.67154813827e-08, 1.89785485105e-08, 1.64637441458e-08, 5.18521714454e-09, 3.046434216e-09, 7.32093496936e-09, 3.15460901845e-09, 5.65330582347e-09, 3.55956757403e-08, 4.03010957939e-11]
    },
    "erbbands": {
        "dmean": [1.27174699306, 5.09132289886, 5.64819049835, 9.28990268707, 10.5527887344, 9.30802059174, 12.3809556961, 28.6028862, 27.6739387512, 17.0266876221, 14.9349479675, 10.6460466385, 13.7464475632, 13.6981477737, 17.9056453705, 16.8816356659, 13.8725347519, 12.6571655273, 14.409702301, 11.9978752136, 7.31561946869, 5.64327001572, 3.75847530365, 2.97747850418, 3.06898260117, 2.63749980927, 1.64361345768, 0.915807902813, 1.0268034935, 0.876701235771, 0.849438846111, 0.545306801796, 0.232028082013, 0.199619621038, 0.191966816783, 0.22741189599, 0.10088698566, 0.0130249978974, 0.000285316928057, 4.2027397285e-05],
        "dmean2": [1.85446691513, 8.68989086151, 10.0569162369, 15.342628479, 17.1208515167, 15.7870092392, 19.2709884644, 40.2288703918, 40.5018196106, 26.3984489441, 23.795381546, 18.4864578247, 24.1604709625, 23.8000850677, 31.7756977081, 30.3584880829, 25.3206748962, 23.6101341248, 26.5573596954, 22.479101181, 13.7260351181, 10.645316124, 7.07904338837, 5.64577579498, 5.88759660721, 5.07185459137, 3.12025380135, 1.69075882435, 1.80656409264, 1.53773903847, 1.41429388523, 0.888222098351, 0.375182241201, 0.313390523195, 0.290061026812, 0.356534749269, 0.162816420197, 0.0207089371979, 0.000455134199001, 6.58979770378e-05],
        "dvar": [4.49409675598, 108.923858643, 266.119903564, 282.354370117, 388.694366455, 486.003662109, 935.819946289, 5685.19677734, 4990.78662109, 2345.18188477, 1850.61523438, 665.894226074, 2377.03173828, 1339.17272949, 2032.01171875, 1611.75024414, 1320.11791992, 1049.31506348, 1347.53161621, 1101.78796387, 440.094085693, 309.621032715, 157.046325684, 95.2592086792, 95.3158340454, 76.223236084, 27.3693408966, 6.18741798401, 7.04059076309, 5.74274969101, 6.07841014862, 3.08476948738, 0.517126023769, 0.39991736412, 0.416043668985, 0.715617716312, 0.152462750673, 0.00253141764551, 1.1388663097e-06, 3.94359656042e-09],
        "dvar2": [7.78350496292, 274.329467773, 744.727172852, 797.168029785, 977.278198242, 1282.20788574, 2062.30517578, 11316.4384766, 9364.63867188, 4695.51904297, 3600.88964844, 1695.11730957, 6019.04638672, 3409.72949219, 5359.67675781, 4239.50097656, 3585.26464844, 2955.20239258, 3734.546875, 3111.61425781, 1247.70629883, 887.15222168, 452.470123291, 273.943450928, 274.021911621, 220.093200684, 78.5458908081, 16.957326889, 18.7528800964, 15.138053894, 14.6918582916, 7.56906795502, 1.21861040592, 0.836378395557, 0.916705131531, 1.7083388567, 0.380436867476, 0.00622457498685, 2.8269687391e-06, 8.39828384613e-09],
        "max": [19.3857803345, 109.791061401, 179.16885376, 186.78187561, 246.13861084, 340.258972168, 818.662109375, 2103.88378906, 2072.47045898, 2052.66625977, 1231.81994629, 545.21307373, 2199.18579102, 800.440856934, 885.399597168, 766.195617676, 859.149414062, 384.537750244, 438.446166992, 379.224517822, 363.058197021, 316.032409668, 211.635650635, 157.112991333, 113.946769714, 125.176849365, 69.3209838867, 35.5442695618, 33.0937843323, 26.6229362488, 25.6263160706, 24.8236598969, 7.13898038864, 7.89664316177, 8.73264598846, 9.72868061066, 4.91550922394, 0.588965058327, 0.0124199809507, 0.000536260078661],
        "mean": [3.23242855072, 9.19131946564, 5.96500492096, 13.0045289993, 14.7616758347, 9.34645652771, 14.9309854507, 38.1437416077, 34.2405548096, 18.3010635376, 14.7392148972, 8.96930408478, 10.7378034592, 10.7373571396, 12.7198219299, 11.5917844772, 9.19502162933, 7.89914655685, 9.35138034821, 7.35400152206, 4.51540184021, 3.39673066139, 2.27102780342, 1.78254759312, 1.77319502831, 1.52398574352, 0.988535940647, 0.593154191971, 0.722369134426, 0.609379649162, 0.651301681995, 0.422982484102, 0.1847679317, 0.171035587788, 0.166262596846, 0.184060409665, 0.0779298767447, 0.0103521682322, 0.000260187021922, 0.000109122171125],
        "median": [0.503212094307, 3.20742034912, 2.77750325203, 6.16396856308, 5.22428607941, 2.89332389832, 3.03449845314, 4.48066997528, 4.8996257782, 3.28365516663, 2.13818645477, 1.37041664124, 1.67476606369, 1.39153921604, 1.18383800983, 0.953333735466, 0.618197083473, 0.440726101398, 0.482375234365, 0.296813637018, 0.19217312336, 0.122992612422, 0.0744125917554, 0.0600963458419, 0.0404865369201, 0.0268800407648, 0.0171968918294, 0.0115291923285, 0.00699838576838, 0.00374952098355, 0.00168422958814, 0.000771500577684, 0.000443524826551, 0.000268944713753, 0.00017296198348, 0.000106147126644, 5.35668659722e-05, 6.60307159706e-06, 3.50932677975e-05, 7.34729983378e-05],
        "min": [5.01595527889e-22, 4.69702717052e-21, 1.15619121652e-20, 2.34355373276e-20, 4.43852870545e-20, 6.15010594891e-20, 1.05235035515e-19, 1.00238379939e-19, 2.96879154351e-19, 2.95510790822e-19, 7.15768483029e-19, 9.06044735937e-19, 9.17749651797e-19, 1.49947434374e-18, 1.84577950425e-18, 1.97934890725e-18, 2.41610688812e-18, 2.75357321019e-18, 4.18251469028e-18, 4.401172027e-18, 4.23828113923e-18, 5.70140689211e-18, 5.91301458205e-18, 8.98688970301e-18, 9.91784343213e-18, 1.20130307124e-17, 8.45720873367e-18, 1.3050047194e-17, 1.32449193658e-17, 1.60295013024e-17, 1.61821856086e-17, 1.39074786287e-17, 1.13985703477e-17, 9.92194211207e-18, 7.64110241515e-18, 4.64532968763e-18, 2.39688238351e-18, 1.11801100867e-18, 2.92715308093e-19, 2.89696777404e-20],
        "var": [20.4363555908, 176.950042725, 186.658905029, 370.826690674, 655.040405273, 417.371337891, 1412.07006836, 9111.13378906, 8213.13378906, 3040.39575195, 2576.60498047, 591.602722168, 1865.31066895, 1058.03771973, 1464.44519043, 1154.04418945, 872.395629883, 620.505126953, 842.843566895, 647.623657227, 255.461868286, 174.554122925, 87.6861953735, 53.3451042175, 53.3997535706, 42.3890609741, 15.6886453629, 4.10402202606, 5.14632844925, 4.2951374054, 5.3294043541, 2.65257048607, 0.476579993963, 0.420932799578, 0.424367547035, 0.633347809315, 0.123933538795, 0.00213433499448, 9.50906951402e-07, 1.21176286783e-08]
    },
    "gfcc": {
        "mean": [-170.080474854, 189.882507324, -68.7533950806, 12.6431264877, -22.7995510101, 1.72544312477, -14.0334539413, -4.18030691147, -5.98964118958, -1.54237437248, -3.06027960777, -4.23832416534, -1.60870587826],
        "cov": [[28436.5566406, -2421.921875, -1201.58422852, 1591.49401855, -545.474243164, 1354.96777344, -563.200927734, 375.182647705, -190.029296875, 682.092712402, -392.749755859, 496.684997559, -281.477874756], [-2421.921875, 3870.48925781, -222.842208862, -1024.16894531, 647.677856445, -1118.05541992, 404.959259033, -524.063354492, 156.02520752, -518.49798584, 303.042053223, -367.221984863, 341.39364624], [-1201.58422852, -222.842208862, 2471.82641602, -12.1589670181, 275.126312256, 381.567047119, 83.6498641968, 234.762969971, 136.912582397, 200.157836914, 8.45011138916, 123.596977234, -32.456287384], [1591.49401855, -1024.16894531, -12.1589670181, 894.992553711, 95.840385437, 426.188140869, 44.3325195312, 152.02456665, 36.7507514954, 84.7984695435, -49.1916389465, 11.5640745163, -13.3850889206], [-545.474243164, 647.677856445, 275.126312256, 95.840385437, 638.85534668, 12.838391304, 302.792114258, -22.7373790741, 150.907531738, -102.566413879, 89.5495147705, -108.430290222, 145.760131836], [1354.96777344, -1118.05541992, 381.567047119, 426.188140869, 12.838391304, 587.445983887, 9.74306774139, 242.59753418, 37.8524665833, 183.242675781, -76.9755249023, 109.413787842, -65.4496765137], [-563.200927734, 404.959259033, 83.6498641968, 44.3325195312, 302.792114258, 9.74306774139, 257.527587891, 26.0835590363, 122.887763977, -60.1708297729, 60.6922721863, -76.0386352539, 82.3611297607], [375.182647705, -524.063354492, 234.762969971, 152.02456665, -22.7373790741, 242.59753418, 26.0835590363, 187.275817871, 57.0001068115, 115.294029236, -28.4472503662, 58.2740058899, -45.375], [-190.029296875, 156.02520752, 136.912582397, 36.7507514954, 150.907531738, 37.8524665833, 122.887763977, 57.0001068115, 145.830383301, 30.1457481384, 55.7957115173, -24.9493980408, 47.2340316772], [682.092712402, -518.49798584, 200.157836914, 84.7984695435, -102.566413879, 183.242675781, -60.1708297729, 115.294029236, 30.1457481384, 176.152572632, 2.13433122635, 97.864906311, -64.285774231], [-392.749755859, 303.042053223, 8.45011138916, -49.1916389465, 89.5495147705, -76.9755249023, 60.6922721863, -28.4472503662, 55.7957115173, 2.13433122635, 119.146736145, 13.0720968246, 56.5260543823], [496.684997559, -367.221984863, 123.596977234, 11.5640745163, -108.430290222, 109.413787842, -76.0386352539, 58.2740058899, -24.9493980408, 97.864906311, 13.0720968246, 136.634307861, -16.9396457672], [-281.477874756, 341.39364624, -32.456287384, -13.3850889206, 145.760131836, -65.4496765137, 82.3611297607, -45.375, 47.2340316772, -64.285774231, 56.5260543823, -16.9396457672, 135.967391968]],
        "icov": [[7.20699754311e-05, -0.000235503495787, 0.000100489916804, -0.000211653779843, -3.58375109499e-05, -0.00024133567058, 0.000185618409887, 1.94454205484e-05, 5.72764001845e-05, -0.000484734016936, 0.000528608215973, -0.000395834329538, 4.18087802245e-05], [-0.000235503495787, 0.00255829025991, -0.000559756997973, 0.00173414952587, -0.000253021426033, 0.0021122652106, -0.00156456651166, 0.00141992850695, -0.00118250772357, 0.00300914095715, -0.00332427979447, 0.00259206281044, -0.000625856569968], [0.000100489916804, -0.000559756997973, 0.000746767967939, -0.000167960417457, -0.000565740978345, -0.00071086891694, 0.000725722115021, -0.000573802739382, -3.2592779462e-05, -0.00106301240157, 0.0010857769521, -0.00106934003998, 0.000332543364493], [-0.000211653779843, 0.00173414952587, -0.000167960417457, 0.00325961061753, -0.000437755166786, -0.000422524404712, -0.000495360291097, 0.000395153154386, -0.000278538384009, 0.00210104929283, -0.0031774030067, 0.00348105747253, -0.000968945678324], [-3.58375109499e-05, -0.000253021426033, -0.000565740978345, -0.000437755166786, 0.00503012118861, -0.00134890712798, -0.00412831874564, 0.00237811426632, -0.00061762065161, 0.000588961527683, -0.000771979393903, 0.00112368608825, -0.00141047954094], [-0.00024133567058, 0.0021122652106, -0.00071086891694, -0.000422524404712, -0.00134890712798, 0.00874707754701, -0.00256204395555, -0.00317440973595, 0.000668846070766, -0.000723865407053, 0.00113795208745, -0.000503031129483, -0.000975672504865], [0.000185618409887, -0.00156456651166, 0.000725722115021, -0.000495360291097, -0.00412831874564, -0.00256204395555, 0.0165524501354, -0.00687802396715, -0.00492557277903, 0.00477093085647, -0.00244432198815, 0.00140121963341, 0.000465232558781], [1.94454205484e-05, 0.00141992850695, -0.000573802739382, 0.000395153154386, 0.00237811426632, -0.00317440973595, -0.00687802396715, 0.0219425465912, -0.00839451700449, -0.00260029314086, 0.00455804634839, -0.00425400258973, 0.00305033731274], [5.72764001845e-05, -0.00118250772357, -3.2592779462e-05, -0.000278538384009, -0.00061762065161, 0.000668846070766, -0.00492557277903, -0.00839451700449, 0.024809261784, -0.0133217480034, -0.00437401793897, 0.0100243845955, -0.00763104623184], [-0.000484734016936, 0.00300914095715, -0.00106301240157, 0.00210104929283, 0.000588961527683, -0.000723865407053, 0.00477093085647, -0.00260029314086, -0.0133217480034, 0.0304915197194, -0.010147399269, -0.00673115253448, 0.00908089987934], [0.000528608215973, -0.00332427979447, 0.0010857769521, -0.0031774030067, -0.000771979393903, 0.00113795208745, -0.00244432198815, 0.00455804634839, -0.00437401793897, -0.010147399269, 0.0251890253276, -0.0125296069309, -0.0015465717297], [-0.000395834329538, 0.00259206281044, -0.00106934003998, 0.00348105747253, 0.00112368608825, -0.000503031129483, 0.00140121963341, -0.00425400258973, 0.0100243845955, -0.00673115253448, -0.0125296069309, 0.0270144883543, -0.00904579088092], [4.18087802245e-05, -0.000625856569968, 0.000332543364493, -0.000968945678324, -0.00141047954094, -0.000975672504865, 0.000465232558781, 0.00305033731274, -0.00763104623184, 0.00908089987934, -0.0015465717297, -0.00904579088092, 0.0172356665134]]
    },
    "melbands": {
        "dmean": [0.0089095979929, 0.0040383702144, 0.00162275030743, 0.00068553671008, 0.000424040219514, 0.000619526777882, 0.000395541253965, 0.000187274650671, 0.000115106005978, 6.4826956077e-05, 7.04903577571e-05, 5.68460127397e-05, 5.68065879634e-05, 5.54401594854e-05, 3.78731710953e-05, 2.74738376902e-05, 2.30957139138e-05, 2.23738788918e-05, 2.19214889512e-05, 1.15365410238e-05, 7.91242837295e-06, 6.1286386881e-06, 3.98249403588e-06, 3.03356682707e-06, 2.3063998924e-06, 2.27120835916e-06, 2.09619452107e-06, 1.66228096532e-06, 1.00735144315e-06, 8.19629292437e-07, 4.33969944424e-07, 5.31300884177e-07, 5.48275636447e-07, 5.24924587353e-07, 5.29397311766e-07, 4.17277163933e-07, 2.84826541019e-07, 1.48270331124e-07, 1.72611336779e-07, 1.68106481624e-07],
        "dmean2": [0.0138778332621, 0.00701058562845, 0.00266827992164, 0.00113092921674, 0.000674674403854, 0.000870778807439, 0.000581685628276, 0.000291490869131, 0.000185938857612, 0.000113726855488, 0.000123801044538, 9.8645396065e-05, 0.000100266632217, 9.949321975e-05, 6.82837053319e-05, 5.12365877512e-05, 4.31349035352e-05, 4.1256291297e-05, 4.06854524044e-05, 2.16707412619e-05, 1.48841272676e-05, 1.15931061373e-05, 7.4962376857e-06, 5.75114199819e-06, 4.37392145614e-06, 4.34693947682e-06, 4.03547846872e-06, 3.19514379044e-06, 1.91701292351e-06, 1.53615417275e-06, 8.01459407285e-07, 9.35554623993e-07, 9.79479295893e-07, 9.21167440993e-07, 8.8928840114e-07, 6.85851091475e-07, 4.61366312265e-07, 2.40847754185e-07, 2.78128737818e-07, 2.60753864723e-07],
        "dvar": [0.00022608503059, 9.7734387964e-05, 8.55866619531e-06, 1.97389113055e-06, 9.1557609494e-07, 2.45027740675e-06, 9.60383431448e-07, 2.89631060468e-07, 1.03808233121e-07, 2.43188829074e-08, 6.54548841794e-08, 2.59143426717e-08, 2.10843875692e-08, 2.27683880638e-08, 1.21690115762e-08, 4.99773777918e-09, 3.70422870155e-09, 3.29974425561e-09, 4.2613450546e-09, 1.01297903399e-09, 5.91154236673e-10, 3.79669073958e-10, 1.86997722862e-10, 1.15345941132e-10, 6.17660644853e-11, 5.4725168841e-11, 4.75703434977e-11, 3.05683187096e-11, 1.01100672972e-11, 5.9410180768e-12, 1.48995865559e-12, 1.84519153429e-12, 2.59087673191e-12, 2.7141520368e-12, 2.41221170642e-12, 1.70679583748e-12, 8.77793768662e-13, 2.0867602622e-13, 3.09810743683e-13, 2.86194299596e-13],
        "dvar2": [0.000420004216721, 0.000261034263531, 2.39109558606e-05, 5.16268346473e-06, 2.11919427784e-06, 4.88500654683e-06, 1.81539803634e-06, 5.71998839405e-07, 2.06401068681e-07, 6.34119317056e-08, 1.64783372725e-07, 6.54841869618e-08, 5.5156505141e-08, 6.01476273232e-08, 3.16257739996e-08, 1.39640849994e-08, 1.04382227306e-08, 9.15148667957e-09, 1.19501954998e-08, 2.86045098719e-09, 1.68901725939e-09, 1.08976361268e-09, 5.38492361812e-10, 3.33627403482e-10, 1.78010231555e-10, 1.57440505077e-10, 1.37237166076e-10, 8.82919362621e-11, 2.90127939034e-11, 1.68064555328e-11, 4.058781089e-12, 4.90141347648e-12, 7.21410431392e-12, 7.27089916053e-12, 5.96102984682e-12, 4.2031894458e-12, 2.1309510146e-12, 4.96267523603e-13, 7.24299851866e-13, 5.89629256878e-13],
        "max": [0.125133097172, 0.106663882732, 0.0333939939737, 0.0188993159682, 0.0238893963397, 0.0412378832698, 0.026340726763, 0.0181053783745, 0.00989954918623, 0.00298018683679, 0.0115961162373, 0.00370220141485, 0.00279544177465, 0.00322874682024, 0.00311320321634, 0.00101207068656, 0.000773806357756, 0.000706207763869, 0.00097265932709, 0.000419842981501, 0.000510578625835, 0.000341556267813, 0.000280934589682, 0.000218224202399, 0.000128120096633, 0.000123264704598, 9.2061018222e-05, 8.30266289995e-05, 4.69200131192e-05, 3.28305759467e-05, 1.9734734451e-05, 2.22333819693e-05, 1.96014225367e-05, 2.05578107852e-05, 1.6109112039e-05, 2.1578538508e-05, 1.12434381663e-05, 5.05802063344e-06, 6.32779256193e-06, 7.58365240472e-06],
        "mean": [0.022449998185, 0.00588918337598, 0.00234792381525, 0.000817282125354, 0.000495778222103, 0.000829862197861, 0.000486307748361, 0.000193200830836, 0.000111472945719, 5.24657189089e-05, 5.47828349227e-05, 4.49032522738e-05, 4.07326770073e-05, 3.77722681151e-05, 2.5766890758e-05, 1.73729877133e-05, 1.43192410178e-05, 1.44309306052e-05, 1.38480481837e-05, 6.98356234352e-06, 4.84894871988e-06, 3.66593371837e-06, 2.40884833147e-06, 1.82010467142e-06, 1.37923302646e-06, 1.31568276629e-06, 1.20312142826e-06, 9.61438104241e-07, 6.04422666584e-07, 5.06484866492e-07, 2.81473461428e-07, 3.73499318584e-07, 3.70674712258e-07, 3.64764446203e-07, 3.97701597876e-07, 3.2390329352e-07, 2.22385352799e-07, 1.17750467155e-07, 1.36106905302e-07, 1.45494638559e-07],
        "median": [0.0048445770517, 0.00278600840829, 0.00112647353671, 0.000274861347862, 0.000123135861941, 0.000100986959296, 7.0456204412e-05, 2.89698291454e-05, 1.51680269482e-05, 7.18747469364e-06, 7.98165638116e-06, 5.7124043451e-06, 3.75216859538e-06, 2.70069995167e-06, 1.73282728611e-06, 9.45492615756e-07, 7.43988550767e-07, 7.65384584156e-07, 4.74246007798e-07, 2.61483080521e-07, 1.88312412774e-07, 1.25102715742e-07, 7.88969174437e-08, 5.70958320623e-08, 4.60820999137e-08, 3.26428661879e-08, 2.09547970087e-08, 1.60024633544e-08, 1.11565530148e-08, 7.93774290742e-09, 5.90701931813e-09, 4.08567402133e-09, 2.71505040672e-09, 1.58206292511e-09, 1.02293395976e-09, 5.90151483237e-10, 3.67699537485e-10, 2.76840661506e-10, 1.9672206919e-10, 1.49516815595e-10],
        "min": [4.45395994684e-24, 6.15232777754e-24, 5.90067720447e-24, 4.5017416463e-24, 3.70980063367e-24, 2.08576558834e-24, 6.72369578689e-24, 4.50969809739e-24, 6.41483544325e-24, 5.84401214236e-24, 4.29034940623e-24, 5.48653942873e-24, 5.84699758645e-24, 6.52522587731e-24, 3.58059665588e-24, 5.48642188845e-24, 4.5585763135e-24, 6.28564408723e-24, 5.21392172166e-24, 5.26572306186e-24, 3.91926884199e-24, 5.78200570305e-24, 4.89715580846e-24, 5.49844965067e-24, 5.97330328928e-24, 6.04928913268e-24, 6.85133505907e-24, 7.37490914162e-24, 4.84629202944e-24, 5.56368489766e-24, 8.16717871481e-24, 7.18098030984e-24, 8.77719933079e-24, 8.44925565299e-24, 9.59328303699e-24, 7.19225549876e-24, 7.48383505541e-24, 8.65185406612e-24, 7.43263009405e-24, 7.56820057378e-24],
        "var": [0.000921094499063, 9.43196209846e-05, 1.14244212455e-05, 2.15168756768e-06, 1.28058741211e-06, 4.01035777031e-06, 1.57744989338e-06, 3.81075949463e-07, 1.40462844911e-07, 2.01675067757e-08, 5.18532061733e-08, 2.07038972633e-08, 1.56944715002e-08, 1.60643924829e-08, 8.9024654315e-09, 3.02896441262e-09, 2.18555618048e-09, 2.04769867729e-09, 2.5909012713e-09, 5.92045246162e-10, 3.36606520435e-10, 2.12746931183e-10, 1.0450490473e-10, 6.35812583138e-11, 3.44023073917e-11, 3.05749002505e-11, 2.64409692058e-11, 1.70193061033e-11, 5.82375033614e-12, 3.55356456067e-12, 1.00671066535e-12, 1.37114440895e-12, 1.66576626624e-12, 1.95142751784e-12, 2.03518517143e-12, 1.45920352624e-12, 7.62901027074e-13, 1.90617175364e-13, 2.82257561508e-13, 3.07410618228e-13]
    },
    "mfcc": {
        "mean": [-805.624389648, 202.744735718, 34.6425552368, 24.5605602264, 17.088634491, 14.4226417542, 5.86490297318, 5.54199743271, 3.40388059616, 4.44988822937, 1.73548531532, 2.63199210167, 4.58935213089],
        "cov": [[15579.9003906, 681.591064453, -2177.03149414, 263.047943115, -229.160552979, 540.587890625, -139.014266968, 15.7563838959, -79.2677688599, 134.14125061, -4.56777906418, 89.4670181274, 137.400299072], [681.591064453, 3490.67895508, -139.969802856, 5.19709014893, 172.744522095, -168.570602417, 81.2102966309, -63.8492431641, -29.1195735931, -124.264038086, -90.3035125732, -49.0720252991, 5.13870954514], [-2177.03149414, -139.969802856, 1732.56030273, -47.3841819763, 169.64956665, 56.4311561584, -11.6965942383, 60.1429252625, 30.2001724243, 48.9131851196, 77.4293746948, 64.3396835327, 53.1348152161], [263.047943115, 5.19709014893, -47.3841819763, 498.271362305, 217.593063354, 188.229522705, 145.364852905, 103.458343506, 113.029701233, 96.9196624756, 38.8195991516, 16.6983623505, 7.49885082245], [-229.160552979, 172.744522095, 169.64956665, 217.593063354, 309.810302734, 193.011047363, 146.611999512, 117.76915741, 106.413475037, 92.23021698, 49.2787780762, 29.4553756714, 28.0963459015], [540.587890625, -168.570602417, 56.4311561584, 188.229522705, 193.011047363, 274.329467773, 135.594573975, 125.562431335, 115.185073853, 115.477981567, 49.5328636169, 30.9881191254, 33.6013565063], [-139.014266968, 81.2102966309, -11.6965942383, 145.364852905, 146.611999512, 135.594573975, 162.668884277, 113.040390015, 95.5070648193, 67.4212188721, 36.6590385437, 21.7989845276, 12.3656082153], [15.7563838959, -63.8492431641, 60.1429252625, 103.458343506, 117.76915741, 125.562431335, 113.040390015, 142.767822266, 112.411911011, 88.3081130981, 48.1824645996, 25.9559803009, 12.9493703842], [-79.2677688599, -29.1195735931, 30.2001724243, 113.029701233, 106.413475037, 115.185073853, 95.5070648193, 112.411911011, 148.458908081, 115.305480957, 51.036529541, 12.7283754349, 3.22209620476], [134.14125061, -124.264038086, 48.9131851196, 96.9196624756, 92.23021698, 115.477981567, 67.4212188721, 88.3081130981, 115.305480957, 144.27973938, 75.7952270508, 31.6767158508, 14.1805467606], [-4.56777906418, -90.3035125732, 77.4293746948, 38.8195991516, 49.2787780762, 49.5328636169, 36.6590385437, 48.1824645996, 51.036529541, 75.7952270508, 103.573898315, 74.8004226685, 26.70952034], [89.4670181274, -49.0720252991, 64.3396835327, 16.6983623505, 29.4553756714, 30.9881191254, 21.7989845276, 25.9559803009, 12.7283754349, 31.6767158508, 74.8004226685, 102.523788452, 58.6248283386], [137.400299072, 5.13870954514, 53.1348152161, 7.49885082245, 28.0963459015, 33.6013565063, 12.3656082153, 12.9493703842, 3.22209620476, 14.1805467606, 26.70952034, 58.6248283386, 77.1169052124]],
