{
"lowlevel": {
    "average_loudness": 0.843634963036,
    "barkbands_crest": {
        "dmean": 3.24637627602,
        "dmean2": 5.10181427002,
        "dvar": 11.6560316086,
        "dvar2": 26.6605548859,
        "max": 26.8081188202,
        "mean": 14.9087162018,
        "median": 14.1498069763,
        "min": 1.92700064182,
        "var": 37.0313491821
    },
    "barkbands_flatness_db": {
        "dmean": 0.0451125130057,
        "dmean2": 0.065798714757,
        "dvar": 0.00354745960794,
        "dvar2": 0.00702994968742,
        "max": 0.799818813801,
        "mean": 0.255068212748,
        "median": 0.202269166708,
        "min": 0.0178350862116,
        "var": 0.0240415986627
    },
    "barkbands_kurtosis": {
        "dmean": 97.098526001,
        "dmean2": 148.625610352,
        "dvar": 308261.53125,
        "dvar2": 700030.625,
        "max": 9864.04394531,
        "mean": 99.9655151367,
        "median": 8.22706222534,
        "min": -1.77133691311,
        "var": 309255.21875
    },
    "barkbands_skewness": {
        "dmean": 1.97415220737,
        "dmean2": 2.97423553467,
        "dvar": 27.4849853516,
        "dvar2": 61.8937721252,
        "max": 79.9322052002,
        "mean": 4.07275772095,
        "median": 2.46653747559,
        "min": -3.84070968628,
        "var": 40.2281913757
    },
    "barkbands_spread": {
        "dmean": 6.10741138458,
        "dmean2": 9.87901115417,
        "dvar": 127.789642334,
        "dvar2": 319.381378174,
        "max": 114.676330566,
        "mean": 11.8691730499,
        "median": 8.00012493134,
        "min": 0.0219153296202,
        "var": 184.418838501
    },
    "dissonance": {
        "dmean": 0.0278055835515,
        "dmean2": 0.0457071885467,
        "dvar": 0.00151064852253,
        "dvar2": 0.00409160507843,
        "max": 0.500000238419,
        "mean": 0.445491611958,
        "median": 0.465803951025,
        "min": 0.0536951683462,
        "var": 0.00404055835679
    },
    "dynamic_complexity": 2.42906403542,
    "erbbands_crest": {
        "dmean": 3.16463184357,
        "dmean2": 4.97442531586,
        "dvar": 11.6823148727,
        "dvar2": 25.8081512451,
        "max": 33.6767158508,
        "mean": 9.84885692596,
        "median": 8.04747676849,
        "min": 1.93491470814,
        "var": 36.6671447754
    },
    "erbbands_flatness_db": {
        "dmean": 0.027068765834,
        "dmean2": 0.0400084666908,
        "dvar": 0.00121765013319,
        "dvar2": 0.00245004496537,
        "max": 0.567477822304,
        "mean": 0.188261777163,
        "median": 0.148196861148,
        "min": 0.0309883039445,
        "var": 0.0111324479803
    },
    "erbbands_kurtosis": {
        "dmean": 5.69747877121,
        "dmean2": 8.57193183899,
        "dvar": 516.895202637,
        "dvar2": 921.808105469,
        "max": 414.617401123,
        "mean": 7.85352087021,
        "median": -0.00939440727234,
        "min": -1.92795991898,
        "var": 1333.51342773
    },
    "erbbands_skewness": {
        "dmean": 0.687417030334,
        "dmean2": 1.00697076321,
        "dvar": 1.47634661198,
        "dvar2": 2.57341957092,
        "max": 16.3858909607,
        "mean": 1.04177010059,
        "median": 0.5613027215,
        "min": -3.59217214584,
        "var": 4.97155809402
    },
    "erbbands_spread": {
        "dmean": 10.9357719421,
        "dmean2": 16.6098480225,
        "dvar": 218.011627197,
        "dvar2": 501.086669922,
        "max": 184.377258301,
        "mean": 39.0519523621,
        "median": 35.681137085,
        "min": 0.565155208111,
        "var": 777.848937988
    },
    "hfc": {
        "dmean": 9.00942707062,
        "dmean2": 14.4050397873,
        "dvar": 252.837722778,
        "dvar2": 640.82232666,
        "max": 229.930374146,
        "mean": 18.5334358215,
        "median": 15.1248197556,
        "min": 1.14398999307e-16,
        "var": 305.858184814
    },
    "melbands_crest": {
        "dmean": 3.76862001419,
        "dmean2": 5.98227405548,
        "dvar": 13.5024728775,
        "dvar2": 33.1544570923,
        "max": 39.0831489563,
        "mean": 19.2868518829,
        "median": 19.1322669983,
        "min": 1.86551082134,
        "var": 48.1478118896
    },
    "melbands_flatness_db": {
        "dmean": 0.0523797236383,
        "dmean2": 0.0765047594905,
        "dvar": 0.00489316321909,
        "dvar2": 0.00994570739567,
        "max": 0.984479546547,
        "mean": 0.353890508413,
        "median": 0.293111532927,
        "min": 0.00423204293475,
        "var": 0.0341579094529
    },
    "melbands_kurtosis": {
        "dmean": 36.2216186523,
        "dmean2": 59.117149353,
        "dvar": 7718.33447266,
        "dvar2": 19477.7421875,
        "max": 1617.28540039,
        "mean": 58.0465736389,
        "median": 18.659860611,
        "min": -1.82643711567,
        "var": 12447.8867188
    },
    "melbands_skewness": {
        "dmean": 1.4386548996,
        "dmean2": 2.27057647705,
        "dvar": 5.12157964706,
        "dvar2": 12.2732048035,
        "max": 26.718875885,
        "mean": 4.41224431992,
        "median": 3.30739784241,
        "min": -3.17362117767,
        "var": 12.779127121
    },
    "melbands_spread": {
        "dmean": 4.98552703857,
        "dmean2": 8.35657119751,
        "dvar": 120.089279175,
        "dvar2": 327.360443115,
        "max": 155.271240234,
        "mean": 9.5228843689,
        "median": 6.14458179474,
        "min": 0.123523004353,
        "var": 139.046356201
    },
    "pitch_salience": {
        "dmean": 0.0935113057494,
        "dmean2": 0.144778728485,
        "dvar": 0.010547327809,
        "dvar2": 0.0241372678429,
        "max": 0.991977930069,
        "mean": 0.435747593641,
        "median": 0.461425662041,
        "min": 0.0202854629606,
        "var": 0.0351058132946
    },
    "silence_rate_20dB": {
        "dmean": 0.00211059511639,
        "dmean2": 0.00422148732468,
        "dvar": 0.00210635992698,
        "dvar2": 0.00631530862302,
        "max": 1,
        "mean": 0.998944759369,
        "median": 1,
        "min": 0,
        "var": 0.00105396017898
    },
    "silence_rate_30dB": {
        "dmean": 0.0775291994214,
        "dmean2": 0.155069306493,
        "dvar": 0.0714990198612,
        "dvar2": 0.155079498887,
        "max": 1,
        "mean": 0.839887440205,
        "median": 1,
        "min": 0,
        "var": 0.134476572275
    },
    "silence_rate_60dB": {
        "dmean": 0.0208245385438,
        "dmean2": 0.0416520088911,
        "dvar": 0.0203871242702,
        "dvar2": 0.0510266236961,
        "max": 1,
        "mean": 0.0281392894685,
        "median": 0,
        "min": 0,
        "var": 0.0273490939289
    },
    "spectral_centroid": {
        "dmean": 271.10144043,
        "dmean2": 430.870880127,
        "dvar": 229526.890625,
        "dvar2": 575238.3125,
        "max": 11108.2226562,
        "mean": 792.108825684,
        "median": 615.217712402,
        "min": 62.1876487732,
        "var": 455078.46875
    },
    "spectral_complexity": {
        "dmean": 4.40171670914,
        "dmean2": 6.96235847473,
        "dvar": 32.5303573608,
        "dvar2": 77.5057983398,
        "max": 63,
        "mean": 15.3926134109,
        "median": 15,
        "min": 0,
        "var": 97.5084075928
    },
    "spectral_decrease": {
        "dmean": 7.03179070527e-09,
        "dmean2": 1.12516138628e-08,
        "dvar": 1.25256969074e-16,
        "dvar2": 2.66499726263e-16,
        "max": 4.5924345391e-23,
        "mean": -1.72349778893e-08,
        "median": -1.26045698323e-08,
        "min": -9.81730678973e-08,
        "var": 2.67255120834e-16
    },
    "spectral_energy": {
        "dmean": 0.0268299560994,
        "dmean2": 0.0428042002022,
        "dvar": 0.00177695986349,
        "dvar2": 0.00375682767481,
        "max": 0.37424620986,
        "mean": 0.0667299479246,
        "median": 0.0495803579688,
        "min": 1.04324770103e-20,
        "var": 0.00384486629628
    },
    "spectral_energyband_high": {
        "dmean": 0.000653471681289,
        "dmean2": 0.00108279997949,
        "dvar": 3.13755276693e-06,
        "dvar2": 8.32687874208e-06,
        "max": 0.0278798472136,
        "mean": 0.000741348019801,
        "median": 0.000159416318638,
        "min": 7.30890246124e-21,
        "var": 2.91943797492e-06
    },
    "spectral_energyband_low": {
        "dmean": 0.0230475198478,
        "dmean2": 0.0371320173144,
        "dvar": 0.00194758165162,
        "dvar2": 0.00417422689497,
        "max": 0.371432006359,
        "mean": 0.0488400384784,
        "median": 0.0226543378085,
        "min": 1.02837447461e-22,
        "var": 0.00431803520769
    },
    "spectral_energyband_middle_high": {
        "dmean": 0.00140573864337,
        "dmean2": 0.00234079663642,
        "dvar": 5.68678660784e-06,
        "dvar2": 1.50023024617e-05,
        "max": 0.0395501814783,
        "mean": 0.00263584265485,
        "median": 0.00169798661955,
        "min": 1.42532438487e-21,
        "var": 9.35040225158e-06
    },
    "spectral_energyband_middle_low": {
        "dmean": 0.00822846964002,
        "dmean2": 0.0131380846724,
        "dvar": 0.000165336823557,
        "dvar2": 0.000422852113843,
        "max": 0.199593290687,
        "mean": 0.0164815802127,
        "median": 0.0115758581087,
        "min": 3.18398725901e-22,
        "var": 0.000273251265753
    },
    "spectral_entropy": {
        "dmean": 0.334611803293,
        "dmean2": 0.495388120413,
        "dvar": 0.219375774264,
        "dvar2": 0.459291785955,
        "max": 9.79416179657,
        "mean": 6.9528875351,
        "median": 7.3882818222,
        "min": 3.7414855957,
        "var": 1.37057518959
    },
    "spectral_flux": {
        "dmean": 0.0554205402732,
        "dmean2": 0.0860183313489,
        "dvar": 0.00435444293544,
        "dvar2": 0.0107481041923,
        "max": 0.530684113503,
        "mean": 0.118122763932,
        "median": 0.0895359367132,
        "min": 6.77511519109e-11,
        "var": 0.0080182319507
    },
    "spectral_kurtosis": {
        "dmean": 19.0118942261,
        "dmean2": 30.7723960876,
        "dvar": 4078.15795898,
        "dvar2": 11120.3105469,
        "max": 1720.71557617,
        "mean": 35.3293838501,
        "median": 4.58235740662,
        "min": -1.17816591263,
        "var": 8786.70410156
    },
    "spectral_rms": {
        "dmean": 0.00157032941934,
        "dmean2": 0.00241710082628,
        "dvar": 3.91669027522e-06,
        "dvar2": 7.69465441408e-06,
        "max": 0.019108068198,
        "mean": 0.00734502729028,
        "median": 0.0069549321197,
        "min": 3.19030197225e-12,
        "var": 1.11526132969e-05
    },
    "spectral_rolloff": {
        "dmean": 410.5184021,
        "dmean2": 735.313842773,
        "dvar": 1147839.625,
        "dvar2": 3026639.75,
        "max": 18992.2851562,
        "mean": 606.632263184,
        "median": 279.931640625,
        "min": 43.06640625,
        "var": 1071266.75
    },
    "spectral_skewness": {
        "dmean": 0.822715640068,
        "dmean2": 1.284735322,
        "dvar": 2.43519544601,
        "dvar2": 5.76489925385,
        "max": 34.5954933167,
        "mean": 3.22088980675,
        "median": 1.7136490345,
        "min": -0.0359709858894,
        "var": 13.6434993744
    },
    "spectral_spread": {
        "dmean": 751995.3125,
        "dmean2": 1078983.5,
        "dvar": 945172709376,
        "dvar2": 1.81221733171e+12,
        "max": 39702068,
        "mean": 4097064.75,
        "median": 4147240.25,
        "min": 74067.1953125,
        "var": 5.18454981427e+12
    },
    "spectral_strongpeak": {
        "dmean": 0.35822224617,
        "dmean2": 0.573031723499,
        "dvar": 0.227294787765,
        "dvar2": 0.534758210182,
        "max": 6.80920648575,
        "mean": 0.788925230503,
        "median": 0.644437015057,
        "min": 0,
        "var": 0.395942211151
    },
    "zerocrossingrate": {
        "dmean": 0.00976239610463,
        "dmean2": 0.012575071305,
        "dvar": 0.000210544254514,
        "dvar2": 0.000310615228955,
        "max": 0.75830078125,
        "mean": 0.0301828924567,
        "median": 0.02197265625,
        "min": 0.00146484375,
        "var": 0.0010450584814
    },
    "barkbands": {
        "dmean": [0.000756664492656, 0.0173391290009, 0.0119026061147, 0.00297128222883, 0.00361438398249, 0.00153033377137, 0.00100059225224, 0.00105256785173, 0.00050058902707, 0.000317897676723, 0.000303607899696, 0.000350351678208, 0.000217256063479, 0.000150222811499, 0.000178861941095, 0.000108154417831, 0.000112123292638, 0.000130973989144, 0.000133468594868, 0.00011980549607, 0.000108536507469, 0.000125660022604, 0.000146208752994, 8.09653429314e-05, 8.62357628648e-05, 7.51327679609e-05, 2.67133555099e-06],
        "dmean2": [0.00121632067021, 0.0239425189793, 0.0193020887673, 0.00517520634457, 0.00560613721609, 0.00226220465265, 0.00149193964899, 0.00165018136613, 0.000774869695306, 0.000501745496877, 0.000500900554471, 0.000592093274463, 0.000367051106878, 0.00025812163949, 0.000309342693072, 0.000185886674444, 0.000192116087419, 0.000234315361013, 0.000239409026108, 0.00021255449974, 0.000187028403161, 0.00021953387477, 0.000241791989538, 0.000131369248265, 0.000139089519507, 0.000124408630654, 4.62799334855e-06],
        "dvar": [3.16976525028e-06, 0.0012978122104, 0.00103960058186, 7.92818755144e-05, 3.78140939574e-05, 8.70767780725e-06, 5.50286858925e-06, 1.4039996131e-05, 1.08245433239e-06, 5.09505468926e-07, 5.14396447215e-07, 1.11563667815e-06, 1.67927950656e-07, 6.5015889561e-08, 1.02678512803e-07, 2.9174435312e-08, 4.02181434822e-08, 1.0901204206e-07, 1.32827594257e-07, 1.14284794961e-07, 7.19421677786e-08, 1.27879246747e-07, 2.14703234747e-07, 5.97790972279e-08, 6.38805559561e-08, 6.00338836421e-08, 1.21078772009e-10],
        "dvar2": [8.25557708595e-06, 0.00219469843432, 0.00259632081725, 0.000218385583139, 9.20371094253e-05, 1.89178808796e-05, 1.07828973341e-05, 3.18648853863e-05, 2.48561491389e-06, 1.17016577406e-06, 1.32012303311e-06, 2.96433131552e-06, 4.46590036063e-07, 1.77159208192e-07, 2.80435898503e-07, 8.02544022349e-08, 1.09052457731e-07, 3.12257469659e-07, 3.81020782925e-07, 3.24781922245e-07, 1.9744656754e-07, 3.59924854365e-07, 5.38115955351e-07, 1.52598857994e-07, 1.60814352057e-07, 1.54017428144e-07, 3.17316173337e-10],
        "max": [0.0196938049048, 0.358515888453, 0.298510015011, 0.168485343456, 0.158744543791, 0.0675587356091, 0.0986246466637, 0.0859745517373, 0.0195218566805, 0.0203304328024, 0.0270588137209, 0.0378115624189, 0.00795972440392, 0.00569432787597, 0.00437227217481, 0.00293599511497, 0.00342755694874, 0.0037858588621, 0.00458023604006, 0.00420515472069, 0.00372031168081, 0.00467985449359, 0.0153823643923, 0.00531264254823, 0.00496767694131, 0.0053180474788, 0.000261301465798],
        "mean": [0.000813617603853, 0.0333881042898, 0.0127500891685, 0.00328080682084, 0.00653778621927, 0.00280122924596, 0.00164174265228, 0.00127801962662, 0.000754883047193, 0.000474309781566, 0.000403886922868, 0.000417894159909, 0.000296304089716, 0.00020702870097, 0.000239819550188, 0.000160907031386, 0.000167544581927, 0.000156871494255, 0.000152516091475, 0.000137607406941, 0.000129000080051, 0.000136724323966, 0.000152840832015, 9.38085795497e-05, 8.85930130607e-05, 6.59433353576e-05, 1.91798812921e-06],
        "median": [0.000164925091667, 0.0100461365655, 0.00398687552661, 0.000910742557608, 0.00361193530262, 0.00091226468794, 0.000559169799089, 0.000296587648336, 0.000276397069683, 0.000174561864696, 0.000162911106599, 0.000166534009622, 0.000141874348628, 0.000112246656499, 0.00012108017836, 9.33797418838e-05, 8.83722314029e-05, 7.15866990504e-05, 6.49305511615e-05, 5.19173372595e-05, 4.0222050302e-05, 2.79647738353e-05, 1.94796066353e-05, 1.41887740028e-05, 1.00807956187e-05, 4.52870017398e-06, 4.33047340209e-08],
        "min": [2.2901321543e-23, 2.59048242426e-23, 3.85828050657e-23, 2.9302178371e-23, 4.44958855302e-23, 3.29261675043e-23, 2.65548629835e-23, 3.24453441608e-23, 8.46682074545e-23, 2.69418781436e-23, 1.13259549575e-22, 5.52168491755e-23, 8.6957229366e-23, 5.49945292397e-23, 8.57839596971e-23, 1.27332613554e-22, 1.70244261282e-22, 1.91432976844e-22, 2.11060328415e-22, 3.1011144548e-22, 3.38467902688e-22, 4.70201287242e-22, 6.48358845767e-22, 7.68710242258e-22, 1.17815116542e-21, 1.22867047412e-21, 2.15912416206e-21],
        "var": [3.09150004796e-06, 0.00310941459611, 0.000909092254005, 6.3991479692e-05, 7.38099552109e-05, 2.4746192139e-05, 1.28442434288e-05, 1.64104767464e-05, 1.94354015548e-06, 9.53977860263e-07, 6.08395509971e-07, 1.10238738671e-06, 2.37598499098e-07, 8.82630857291e-08, 1.25066364376e-07, 4.36238671853e-08, 5.69321478849e-08, 8.03059663212e-08, 9.26250081079e-08, 8.15573812929e-08, 6.84134775497e-08, 1.06551325985e-07, 2.10272276036e-07, 6.28413800996e-08, 6.05216570193e-08, 4.89956804017e-08, 8.66768185004e-11]
    },
    "erbbands": {
        "dmean": [0.620054900646, 3.56812286377, 12.1452360153, 11.6496400833, 7.1282043457, 16.8323001862, 15.6023893356, 10.2978572845, 10.6729192734, 16.3337287903, 25.0901298523, 13.2811355591, 8.77141284943, 13.2290906906, 10.046918869, 15.1509742737, 9.7187871933, 8.43162631989, 8.70629882812, 6.45405960083, 5.95992231369, 5.77915477753, 6.17823028564, 6.52700424194, 7.6211938858, 5.69478225708, 4.94726467133, 4.01798534393, 4.56485414505, 4.94423961639, 3.578373909, 2.12241578102, 1.2245798111, 0.982958495617, 0.591940164566, 0.384016960859, 0.129701048136, 0.0158433001488, 0.00035444914829, 3.57632052328e-05],
        "dmean2": [0.839411377907, 5.01961326599, 19.0923957825, 19.365026474, 11.7193059921, 25.7367744446, 23.6034355164, 15.156006813, 16.1239624023, 24.4508724213, 39.5502586365, 20.2860832214, 13.6427631378, 21.3275184631, 16.7763023376, 25.4319000244, 16.410282135, 14.3532838821, 15.0689611435, 11.0225009918, 10.1333589554, 9.96437358856, 10.9015417099, 11.5552721024, 13.9133367538, 10.1098766327, 8.62325572968, 6.88642787933, 8.04952144623, 8.36939239502, 5.87779521942, 3.49025249481, 1.99273240566, 1.62365686893, 0.950690865517, 0.632149398327, 0.215910091996, 0.0263630840927, 0.000589350529481, 5.51125231141e-05],
        "dvar": [2.06040525436, 51.3971786499, 961.972045898, 1038.85681152, 234.738830566, 938.570068359, 1075.65588379, 385.357116699, 530.813720703, 1373.27539062, 9224.66894531, 677.545532227, 440.224212646, 836.66418457, 706.185546875, 2085.19824219, 331.447937012, 199.639648438, 276.750366211, 116.545547485, 98.7082519531, 118.693824768, 190.364639282, 255.843231201, 574.177185059, 263.423370361, 170.703063965, 96.8243560791, 179.54524231, 217.061141968, 126.180801392, 46.1845932007, 11.4459075928, 7.56605052948, 3.53729295731, 1.59579646587, 0.17762850225, 0.00275115296245, 1.47052867305e-06, 3.11596370928e-09],
        "dvar2": [3.74594736099, 78.6550598145, 2329.00463867, 2704.80957031, 619.171203613, 2324.49145508, 2392.09033203, 766.680358887, 1082.23791504, 2997.27148438, 20879.5625, 1488.96643066, 950.110900879, 2021.59008789, 1886.09509277, 5476.59912109, 877.069213867, 541.152282715, 760.88659668, 317.068634033, 265.916687012, 329.798034668, 539.755981445, 727.468994141, 1659.88061523, 747.671508789, 477.188201904, 264.426055908, 509.952270508, 569.992980957, 315.151367188, 119.415512085, 29.1023674011, 19.4942073822, 8.98437023163, 4.0664935112, 0.456428676844, 0.007020146586, 3.77084711545e-06, 6.73923050698e-09],
        "max": [13.672290802, 73.6319351196, 305.868988037, 357.914001465, 392.080810547, 741.047058105, 705.377197266, 763.364746094, 933.464538574, 1131.85620117, 2278.4597168, 575.88848877, 924.585327148, 801.204528809, 1151.05358887, 1544.72973633, 349.645721436, 285.272949219, 275.339111328, 236.03894043, 183.838027954, 198.626571655, 147.79586792, 182.215133667, 315.283660889, 183.081008911, 146.774276733, 162.440475464, 182.900756836, 454.749664307, 343.020294189, 159.02696228, 64.0076141357, 39.5559310913, 47.1672210693, 28.4112548828, 8.88349723816, 1.06855726242, 0.0255962051451, 0.000985105056316],
        "mean": [0.985963761806, 7.45336389542, 14.6798086166, 13.503484726, 10.8221960068, 30.2274703979, 27.8623275757, 19.0450630188, 17.9850311279, 26.0517787933, 30.5871200562, 20.1217155457, 13.8304605484, 18.5864620209, 13.6350498199, 18.8394470215, 14.0192670822, 12.4187746048, 12.0690174103, 10.0962705612, 9.38466072083, 8.68912029266, 8.18827438354, 8.13288593292, 7.89610719681, 6.43749237061, 5.65823078156, 4.83523607254, 4.84191322327, 5.17377567291, 3.88735318184, 2.38992667198, 1.39646375179, 0.996816754341, 0.602448701859, 0.345020622015, 0.111222699285, 0.0137156611308, 0.000328425318003, 8.5520427092e-05],
        "median": [0.225039258599, 2.44378495216, 5.67538452148, 5.20320606232, 5.92646598816, 15.4183483124, 9.47533035278, 7.55134439468, 7.14407205582, 9.69195556641, 7.61488580704, 7.57048082352, 5.6675028801, 7.13535118103, 6.40026569366, 7.8293633461, 7.05325031281, 6.76635408401, 6.46796560287, 5.98628234863, 5.45030927658, 4.88665533066, 4.11000108719, 3.54601860046, 3.08685040474, 2.43396782875, 1.8657091856, 1.39889025688, 1.02878725529, 0.755912423134, 0.520409524441, 0.341154038906, 0.214165046811, 0.118043877184, 0.060952372849, 0.0250425562263, 0.00703971413895, 0.000865445355885, 5.03133014718e-05, 6.30989088677e-05],
        "min": [3.02090434013e-22, 8.07474892384e-21, 4.55788472862e-20, 8.37508414865e-20, 1.24214778681e-19, 1.55691715175e-19, 2.82579993294e-19, 2.70274259966e-19, 4.20816866301e-19, 6.00475066974e-19, 9.54001669323e-19, 2.43855367482e-18, 1.02301065949e-18, 2.4358578932e-18, 3.8800350062e-18, 2.56244382388e-18, 3.34156565643e-18, 3.1428299308e-18, 3.81551946791e-18, 4.8804450234e-18, 9.00932366841e-18, 1.01362993504e-17, 1.04127679265e-17, 9.91878889957e-18, 9.5461448608e-18, 1.49810631109e-17, 1.22815939234e-17, 1.60164732077e-17, 1.82395541912e-17, 1.65883726484e-17, 1.82331236891e-17, 1.30466971125e-17, 1.51096086324e-17, 1.11367585848e-17, 9.25225834251e-18, 4.5227907381e-18, 2.45657380446e-18, 9.67987535722e-19, 3.23740319629e-19, 3.04434680227e-20],
        "var": [3.44658470154, 146.25112915, 966.881469727, 841.880249023, 255.217346191, 1809.70800781, 2676.18554688, 1183.9017334, 1213.77624512, 2667.39575195, 10586.0039062, 1246.82971191, 852.325683594, 1277.9864502, 714.791748047, 2222.51196289, 495.859893799, 297.29385376, 315.562774658, 179.650543213, 155.059387207, 143.851119995, 165.535064697, 205.101043701, 353.871459961, 185.662719727, 139.586120605, 97.7025222778, 141.292999268, 199.570327759, 127.482215881, 45.4808998108, 12.4133682251, 7.01534843445, 3.23765134811, 1.32757151127, 0.143189489841, 0.00223800865933, 1.16829210128e-06, 6.00353189384e-09]
    },
    "gfcc": {
        "mean": [-49.2915000916, 130.202362061, -75.7446594238, 32.9638061523, -40.6528739929, 14.8552598953, -28.4180545807, 6.09952878952, -18.9860363007, 2.08416414261, -12.3122415543, -1.75572943687, -9.2258234024],
        "cov": [[20246.1015625, -5063.01806641, -4349.42529297, 1489.60986328, -1789.67333984, 899.204101562, -1145.03710938, 554.440856934, -732.809814453, 597.579406738, -455.560150146, 731.082214355, -374.158477783], [-5063.01806641, 4421.10791016, 737.457885742, -1585.34545898, 524.969970703, -937.342834473, 329.611602783, -579.989501953, 351.318054199, -434.771789551, 314.055389404, -420.169555664, 331.785308838], [-4349.42529297, 737.457885742, 2565.90429688, -63.4633178711, 537.090698242, 16.6529273987, 278.65435791, 14.8674154282, 122.014862061, -17.7125854492, 58.6468811035, -86.9570159912, 41.9641952515], [1489.60986328, -1585.34545898, -63.4633178711, 1126.21643066, 39.8889160156, 432.073730469, 83.7407302856, 233.412872314, -3.13021349907, 124.000045776, -21.0272846222, 105.332138062, -38.6422843933], [-1789.67333984, 524.969970703, 537.090698242, 39.8889160156, 514.971496582, 19.7751026154, 252.889785767, 6.39306640625, 136.926712036, -39.8057250977, 90.252166748, -84.6179885864, 66.424156189], [899.204101562, -937.342834473, 16.6529273987, 432.073730469, 19.7751026154, 358.839019775, 42.4982681274, 182.904876709, -17.6614837646, 115.713012695, -34.2402267456, 98.8630218506, -46.5567626953], [-1145.03710938, 329.611602783, 278.65435791, 83.7407302856, 252.889785767, 42.4982681274, 261.832641602, 26.2272987366, 140.92427063, -24.7967300415, 90.1086654663, -49.6033973694, 63.3289794922], [554.440856934, -579.989501953, 14.8674154282, 233.412872314, 6.39306640625, 182.904876709, 26.2272987366, 175.803482056, 4.03559970856, 104.599441528, -22.2172584534, 66.6732330322, -36.9222412109], [-732.809814453, 351.318054199, 122.014862061, -3.13021349907, 136.926712036, -17.6614837646, 140.92427063, 4.03559970856, 153.143386841, -5.02759218216, 85.9161758423, -37.2491073608, 55.4959602356], [597.579406738, -434.771789551, -17.7125854492, 124.000045776, -39.8057250977, 115.713012695, -24.7967300415, 104.599441528, -5.02759218216, 132.045715332, -5.64923810959, 80.3623962402, -32.8222579956], [-455.560150146, 314.055389404, 58.6468811035, -21.0272846222, 90.252166748, -34.2402267456, 90.1086654663, -22.2172584534, 85.9161758423, -5.64923810959, 101.443595886, -7.43890476227, 62.6593055725], [731.082214355, -420.169555664, -86.9570159912, 105.332138062, -84.6179885864, 98.8630218506, -49.6033973694, 66.6732330322, -37.2491073608, 80.3623962402, -7.43890476227, 118.949615479, 1.03548550606], [-374.158477783, 331.785308838, 41.9641952515, -38.6422843933, 66.424156189, -46.5567626953, 63.3289794922, -36.9222412109, 55.4959602356, -32.8222579956, 62.6593055725, 1.03548550606, 100.438819885]],
        "icov": [[0.000159759525559, -0.000201674280106, 0.000209268502658, -0.000281269982224, 0.000201667950023, -0.000324038002873, 0.000394486909499, -0.000240814391873, 0.00027808744926, -0.000228022225201, 0.000100695782749, -0.000333903066348, 0.000157318543643], [-0.000201674280106, 0.00290335225873, -0.000491185288411, 0.00262794224545, -0.000902028521523, 0.0022178303916, -0.00139025645331, 0.00195391778834, -0.00155933620408, 0.00066933670314, -0.00199202308431, 0.00361543358304, -0.00362058030441], [0.000209268502658, -0.000491185288411, 0.000809953082353, -0.00048875430366, -0.000195271350094, -0.000538034306373, 0.000264123169472, -0.000328979047481, 0.000586826063227, -0.000642407627311, 0.000663590442855, -0.000738823669963, 0.000527420663275], [-0.000281269982224, 0.00262794224545, -0.00048875430366, 0.00415941840038, -0.000844944326673, 0.000107084641058, -0.0015546499053, 0.00115557585377, -0.00124436500482, 0.00113450305071, -0.002313218778, 0.00371405272745, -0.00344775570557], [0.000201667950023, -0.000902028521523, -0.000195271350094, -0.000844944326673, 0.0049330922775, -0.00148510211147, -0.00230244337581, -0.000848180672619, 0.00134336203337, -0.00103891303297, -0.000353526964318, 0.00154079636559, -0.000200503636734], [-0.000324038002873, 0.0022178303916, -0.000538034306373, 0.000107084641058, -0.00148510211147, 0.0116427252069, -0.00417719874531, -0.00260709039867, -0.000486257049488, 0.000396057061153, 0.000910714326892, -0.00203594239429, -0.000362094549928], [0.000394486909499, -0.00139025645331, 0.000264123169472, -0.0015546499053, -0.00230244337581, -0.00417719874531, 0.0155339380726, -0.00455561932176, -0.00547526730224, 0.00403993250802, -0.00376212853007, 0.000418952520704, 0.000159009243362], [-0.000240814391873, 0.00195391778834, -0.000328979047481, 0.00115557585377, -0.000848180672619, -0.00260709039867, -0.00455561932176, 0.020708123222, -0.00398645503446, -0.00945556629449, 0.00538726616651, 0.000661726284306, -0.00118716980796], [0.00027808744926, -0.00155933620408, 0.000586826063227, -0.00124436500482, 0.00134336203337, -0.000486257049488, -0.00547526730224, -0.00398645503446, 0.0218962244689, -0.00583358528093, -0.00903628673404, 0.0058757243678, -0.00209195399657], [-0.000228022225201, 0.00066933670314, -0.000642407627311, 0.00113450305071, -0.00103891303297, 0.000396057061153, 0.00403993250802, -0.00945556629449, -0.00583358528093, 0.0259761847556, -0.00688311271369, -0.011673794128, 0.00861822627485], [0.000100695782749, -0.00199202308431, 0.000663590442855, -0.002313218778, -0.000353526964318, 0.000910714326892, -0.00376212853007, 0.00538726616651, -0.00903628673404, -0.00688311271369, 0.0310961324722, -0.00690318597481, -0.00578806456178], [-0.000333903066348, 0.00361543358304, -0.000738823669963, 0.00371405272745, 0.00154079636559, -0.00203594239429, 0.000418952520704, 0.000661726284306, 0.0058757243678, -0.011673794128, -0.00690318597481, 0.0314319320023, -0.0165118128061], [0.000157318543643, -0.00362058030441, 0.000527420663275, -0.00344775570557, -0.000200503636734, -0.000362094549928, 0.000159009243362, -0.00118716980796, -0.00209195399657, 0.00861822627485, -0.00578806456178, -0.0165118128061, 0.0281370431185]]
    },
    "melbands": {
        "dmean": [0.00522376457229, 0.00500461785123, 0.00187059445307, 0.000839241489302, 0.000568139541429, 0.000237024447415, 0.000186186327483, 0.000185598139069, 0.000190571998246, 7.78666217229e-05, 4.2229261453e-05, 5.25470422872e-05, 3.26827503159e-05, 4.31542139268e-05, 2.49947970588e-05, 2.4029846827e-05, 1.59235296451e-05, 1.3765856238e-05, 1.30859434648e-05, 8.26644190965e-06, 7.45878560338e-06, 6.69252267471e-06, 4.98022882311e-06, 6.67910489938e-06, 5.25546693098e-06, 5.11419420945e-06, 5.34599394086e-06, 3.6319611354e-06, 3.344799552e-06, 2.658028734e-06, 2.25972667067e-06, 2.66806159743e-06, 2.55541226579e-06, 3.08249764203e-06, 2.23912661568e-06, 1.63538220477e-06, 1.20167453588e-06, 8.63000423124e-07, 8.4428000946e-07, 8.24292271773e-07],
        "dmean2": [0.00679231062531, 0.00781325623393, 0.00306824268773, 0.00129606947303, 0.000870022166055, 0.000349682930391, 0.000277996557998, 0.000280244945316, 0.000300044193864, 0.000118695927085, 6.60810037516e-05, 8.47174960654e-05, 5.45158254681e-05, 7.28521845303e-05, 4.19129100919e-05, 4.07103725593e-05, 2.72738761851e-05, 2.3894583137e-05, 2.2622059987e-05, 1.41344535223e-05, 1.27228167912e-05, 1.15677275971e-05, 8.59745705384e-06, 1.20835265989e-05, 9.26919346966e-06, 9.20808452065e-06, 9.76634146355e-06, 6.42987970423e-06, 5.89359160585e-06, 4.62180287286e-06, 3.86330248148e-06, 4.76442210129e-06, 4.45565319751e-06, 5.17305306857e-06, 3.637457894e-06, 2.73429668596e-06, 1.98632596948e-06, 1.4153703205e-06, 1.39693520396e-06, 1.37156428082e-06],
        "dvar": [0.000126781524159, 0.000121503093396, 2.47750976996e-05, 2.12045506487e-06, 1.13846260774e-06, 1.96257047946e-07, 1.75027224714e-07, 1.86817203485e-07, 4.96146128626e-07, 2.37195134645e-08, 1.05017301522e-08, 1.37288287405e-08, 7.78757769382e-09, 1.769951119e-08, 3.00629787731e-09, 2.46627007705e-09, 7.87726717189e-10, 7.60542517853e-10, 5.91709237163e-10, 1.8000385904e-10, 1.78172462895e-10, 1.55875201635e-10, 8.06481964544e-11, 3.41568134887e-10, 1.47548792628e-10, 2.01079222717e-10, 2.83317175276e-10, 9.85177356361e-11, 8.19331130719e-11, 4.42481017104e-11, 2.99098870671e-11, 6.60025922805e-11, 4.9113546563e-11, 9.75079045284e-11, 5.56202965629e-11, 2.24866306131e-11, 1.79804140327e-11, 5.76017055234e-12, 5.35404966889e-12, 5.41504384735e-12],
        "dvar2": [0.000217316221097, 0.000280787586235, 6.30852809991e-05, 5.14188604939e-06, 2.6086120215e-06, 4.01780937409e-07, 3.45696918203e-07, 4.20942114943e-07, 1.13098690235e-06, 5.08968476254e-08, 2.27717737999e-08, 3.31876464088e-08, 2.0844336035e-08, 4.74738222067e-08, 7.77540609675e-09, 6.55653531467e-09, 2.14266293597e-09, 2.09655537375e-09, 1.62058577668e-09, 4.9691062376e-10, 4.80431749939e-10, 4.30546903685e-10, 2.22158069718e-10, 9.85721282376e-10, 4.17281709186e-10, 5.77781766875e-10, 8.18295375904e-10, 2.77601858167e-10, 2.30628821596e-10, 1.22197668651e-10, 8.0814535619e-11, 1.89229770742e-10, 1.36326713807e-10, 2.46935388803e-10, 1.36116312666e-10, 5.78948416985e-11, 4.74804189021e-11, 1.47787285881e-11, 1.35337557133e-11, 1.40934946005e-11],
        "max": [0.112838365138, 0.118316672742, 0.0588912032545, 0.0414541140199, 0.021621171385, 0.0149540808052, 0.0177605580539, 0.0125935515389, 0.0160159040242, 0.00376720586792, 0.00444932747632, 0.0032670807559, 0.00412928732112, 0.00499622384086, 0.00159923860338, 0.00106465548743, 0.000647931417916, 0.000501749163959, 0.000479987706058, 0.000192707433598, 0.000224342962611, 0.000241430068854, 0.000129552514409, 0.000232816848438, 0.00014401122462, 0.000188037985936, 0.000231472542509, 0.000117270072224, 0.00010661365377, 0.000108333879325, 9.33317132876e-05, 0.000111176923383, 0.000108692722279, 0.000361297337804, 0.000256008439464, 8.9312903583e-05, 0.000115659611765, 5.23770759173e-05, 3.82109064958e-05, 3.57862954843e-05],
        "mean": [0.00926699116826, 0.00856664963067, 0.00225440040231, 0.0014951772755, 0.00105104479007, 0.00043628711137, 0.000311990501359, 0.000283000292256, 0.000231016296311, 0.000118058051157, 6.37290795567e-05, 7.25153440726e-05, 4.37315975432e-05, 5.17864355061e-05, 3.36142802553e-05, 3.17859448842e-05, 2.17927081394e-05, 1.82202784345e-05, 1.74845408765e-05, 1.20526410683e-05, 1.08947433546e-05, 9.60539455264e-06, 7.29429666535e-06, 7.36856691219e-06, 6.48519062452e-06, 5.57924568056e-06, 5.29498629476e-06, 4.07331981478e-06, 3.69153076463e-06, 3.01819318338e-06, 2.69645238404e-06, 2.70810596703e-06, 2.74074727713e-06, 3.07738378069e-06, 2.39361725107e-06, 1.7832917365e-06, 1.32659522478e-06, 9.82245069281e-07, 8.96521783034e-07, 8.06826051303e-07],
        "median": [0.00260061398149, 0.00374420778826, 0.000928882276639, 0.000798285647761, 0.000455331231933, 0.000162250697031, 0.000112696478027, 0.000103439291706, 5.37280284334e-05, 4.22310404247e-05, 2.4542261599e-05, 2.71915869234e-05, 1.99033929675e-05, 2.11488113564e-05, 1.60176332429e-05, 1.38240266097e-05, 1.10668743218e-05, 9.58000237006e-06, 8.73976750881e-06, 6.68216671329e-06, 5.82652228331e-06, 5.08388939124e-06, 3.89340493712e-06, 3.22630967275e-06, 2.72564670922e-06, 2.32284128288e-06, 1.89074819446e-06, 1.48456149418e-06, 1.19969126899e-06, 9.17134229894e-07, 7.48685522467e-07, 5.74850162138e-07, 4.78309743812e-07, 3.83030709372e-07, 3.0447648669e-07, 2.42870044076e-07, 1.88424081671e-07, 1.47835237385e-07, 1.22277981518e-07, 8.88558062684e-08],
        "min": [5.23818866082e-24, 2.13841022085e-23, 1.55083048882e-23, 1.0219722215e-23, 9.02992591014e-24, 6.55617801822e-24, 6.36384268547e-24, 7.17701391721e-24, 9.88948531854e-24, 1.40357619022e-23, 4.40531286696e-24, 9.0249829077e-24, 1.51569351969e-23, 6.30456333832e-24, 6.6239064601e-24, 8.51609662635e-24, 4.9280890167e-24, 4.96460459914e-24, 5.86342482594e-24, 7.01766874752e-24, 8.98971688094e-24, 9.99549796901e-24, 1.01136811655e-23, 9.38030715866e-24, 7.48332229582e-24, 7.98824849543e-24, 6.1179622355e-24, 1.13049550069e-23, 6.39260060977e-24, 8.10927395778e-24, 1.00480929033e-23, 1.06987327561e-23, 8.01959072805e-24, 1.00533656496e-23, 1.23395366177e-23, 7.32729980827e-24, 7.61055688236e-24, 1.09570925912e-23, 8.07154589613e-24, 9.54218141641e-24],
        "var": [0.000263641355559, 0.00018970228848, 2.096742719e-05, 4.08765208704e-06, 2.70251734946e-06, 5.92251979015e-07, 4.11818859902e-07, 3.10313794216e-07, 5.69657117921e-07, 4.6956845523e-08, 1.98880041324e-08, 2.09719317468e-08, 7.7043962321e-09, 1.60764077606e-08, 4.06659772523e-09, 3.3725553461e-09, 1.09629216816e-09, 8.15334910698e-10, 7.32110871926e-10, 2.73710554222e-10, 2.58762067329e-10, 1.91216431578e-10, 1.05784353499e-10, 2.22149562634e-10, 1.27656413218e-10, 1.34791733331e-10, 1.74162351207e-10, 7.26407128893e-11, 6.32433688752e-11, 4.02027612589e-11, 3.14570001991e-11, 4.82955446468e-11, 4.4199699456e-11, 9.13849620976e-11, 5.61394160326e-11, 2.30283275088e-11, 1.61915324898e-11, 6.30059242626e-12, 5.32694808403e-12, 4.8258549934e-12]
    },
    "mfcc": {
        "mean": [-695.887939453, 154.225799561, 29.2270298004, 31.1551818848, 13.8324995041, 13.8659448624, 5.73531150818, 6.05579662323, 1.1823502779, 3.51220917702, 1.49760138988, 1.67657983303, 0.987987160683],
        "cov": [[16500.3457031, -3881.8190918, -3374.36108398, -453.549835205, -703.254211426, -113.591087341, -479.874938965, -101.639137268, -314.156524658, -138.900405884, -183.596191406, -93.0337371826, -33.1429252625], [-3881.8190918, 3903.59570312, 402.531494141, -389.872528076, -117.374320984, -309.621673584, -172.643936157, -239.16242981, -107.319458008, -126.451499939, -77.6997909546, -60.3486366272, -75.8667449951], [-3374.36108398, 402.531494141, 1675.38134766, 306.525878906, 259.819641113, 121.463630676, 182.309890747, 73.1081390381, 93.8986816406, 53.7481536865, 72.4862365723, 26.1129665375, 28.2443790436], [-453.549835205, -389.872528076, 306.525878906, 460.11541748, 202.966888428, 160.821121216, 165.257736206, 110.479682922, 101.250076294, 85.5471878052, 43.9468193054, 40.8537712097, 30.3399810791], [-703.254211426, -117.374320984, 259.819641113, 202.966888428, 283.184753418, 139.508880615, 151.187103271, 87.9376144409, 94.7153244019, 69.290222168, 47.8826255798, 34.2984428406, 33.2674293518], [-113.591087341, -309.621673584, 121.463630676, 160.821121216, 139.508880615, 180.462799072, 132.341262817, 102.840141296, 81.1673431396, 64.3034667969, 43.3947067261, 38.0776863098, 32.69165802], [-479.874938965, -172.643936157, 182.309890747, 165.257736206, 151.187103271, 132.341262817, 183.931915283, 106.053108215, 96.6705780029, 65.1441802979, 48.375579834, 37.195930481, 31.5477905273], [-101.639137268, -239.16242981, 73.1081390381, 110.479682922, 87.9376144409, 102.840141296, 106.053108215, 118.88558197, 82.1084823608, 60.3241348267, 36.5905990601, 32.1682662964, 26.819852829], [-314.156524658, -107.319458008, 93.8986816406, 101.250076294, 94.7153244019, 81.1673431396, 96.6705780029, 82.1084823608, 105.120239258, 68.1475448608, 45.4485816956, 36.6195526123, 26.2091598511], [-138.900405884, -126.451499939, 53.7481536865, 85.5471878052, 69.290222168, 64.3034667969, 65.1441802979, 60.3241348267, 68.1475448608, 84.60105896, 49.3637695312, 37.0413894653, 23.869342804], [-183.596191406, -77.6997909546, 72.4862365723, 43.9468193054, 47.8826255798, 43.3947067261, 48.375579834, 36.5905990601, 45.4485816956, 49.3637695312, 74.2726135254, 48.4905128479, 31.5031375885], [-93.0337371826, -60.3486366272, 26.1129665375, 40.8537712097, 34.2984428406, 38.0776863098, 37.195930481, 32.1682662964, 36.6195526123, 37.0413894653, 48.4905128479, 67.7220306396, 39.7361946106], [-33.1429252625, -75.8667449951, 28.2443790436, 30.3399810791, 33.2674293518, 32.69165802, 31.5477905273, 26.819852829, 26.2091598511, 23.869342804, 31.5031375885, 39.7361946106, 55.9059143066]],
