{
"lowlevel": {
    "average_loudness": 0.874563336372,
    "barkbands_crest": {
        "dmean": 3.52593922615,
        "dmean2": 5.57772016525,
        "dvar": 12.9664297104,
        "dvar2": 28.4623603821,
        "max": 26.9226760864,
        "mean": 16.8490753174,
        "median": 18.3123130798,
        "min": 2.74932575226,
        "var": 39.7957725525
    },
    "barkbands_flatness_db": {
        "dmean": 0.0592804029584,
        "dmean2": 0.0820181444287,
        "dvar": 0.00551581615582,
        "dvar2": 0.00928560923785,
        "max": 0.893698394299,
        "mean": 0.293106436729,
        "median": 0.27005469799,
        "min": 0.0230910573155,
        "var": 0.0316905975342
    },
    "barkbands_kurtosis": {
        "dmean": 56.7345466614,
        "dmean2": 88.0037460327,
        "dvar": 21589.7539062,
        "dvar2": 52991.203125,
        "max": 2263.18603516,
        "mean": 79.1507644653,
        "median": 20.8451499939,
        "min": -1.7002158165,
        "var": 26613.4941406
    },
    "barkbands_skewness": {
        "dmean": 2.21474146843,
        "dmean2": 3.38087487221,
        "dvar": 9.28874111176,
        "dvar2": 20.8678627014,
        "max": 38.7907142639,
        "mean": 4.75839948654,
        "median": 3.68629074097,
        "min": -1.8594815731,
        "var": 21.0878391266
    },
    "barkbands_spread": {
        "dmean": 5.05106925964,
        "dmean2": 8.27900886536,
        "dvar": 85.9262695312,
        "dvar2": 199.825561523,
        "max": 76.2573013306,
        "mean": 9.32251644135,
        "median": 3.52460765839,
        "min": 0.0327871069312,
        "var": 142.457550049
    },
    "dissonance": {
        "dmean": 0.0271828565747,
        "dmean2": 0.0444158576429,
        "dvar": 0.000762797251809,
        "dvar2": 0.00180498010013,
        "max": 0.500000059605,
        "mean": 0.449477940798,
        "median": 0.462293356657,
        "min": 0.0875451862812,
        "var": 0.00177189346869
    },
    "dynamic_complexity": 3.82367753983,
    "erbbands_crest": {
        "dmean": 3.60027265549,
        "dmean2": 5.75636672974,
        "dvar": 10.8883981705,
        "dvar2": 24.3381881714,
        "max": 31.545999527,
        "mean": 10.7385177612,
        "median": 9.39680480957,
        "min": 2.51453232765,
        "var": 30.7179985046
    },
    "erbbands_flatness_db": {
        "dmean": 0.0317839756608,
        "dmean2": 0.0447158440948,
        "dvar": 0.00151580234524,
        "dvar2": 0.00290898513049,
        "max": 0.510651230812,
        "mean": 0.181097313762,
        "median": 0.161535233259,
        "min": 0.0636052712798,
        "var": 0.00738273654133
    },
    "erbbands_kurtosis": {
        "dmean": 7.94799041748,
        "dmean2": 12.8151636124,
        "dvar": 760.590026855,
        "dvar2": 1724.78967285,
        "max": 397.177062988,
        "mean": 12.8372955322,
        "median": 0.197351932526,
        "min": -1.6869802475,
        "var": 2127.34033203
    },
    "erbbands_skewness": {
        "dmean": 0.85512149334,
        "dmean2": 1.32574617863,
        "dvar": 1.73323202133,
        "dvar2": 3.71990609169,
        "max": 14.2863092422,
        "mean": 1.436804533,
        "median": 0.604312777519,
        "min": -1.87042284012,
        "var": 5.82925748825
    },
    "erbbands_spread": {
        "dmean": 12.1912918091,
        "dmean2": 18.5375995636,
        "dvar": 179.942596436,
        "dvar2": 425.841552734,
        "max": 124.854248047,
        "mean": 38.3280830383,
        "median": 35.8533935547,
        "min": 0.595579504967,
        "var": 512.639526367
    },
    "hfc": {
        "dmean": 6.12078905106,
        "dmean2": 9.23818874359,
        "dvar": 113.92678833,
        "dvar2": 289.914672852,
        "max": 84.4156265259,
        "mean": 11.0350522995,
        "median": 7.62624645233,
        "min": 1.16202014814e-16,
        "var": 127.537956238
    },
    "melbands_crest": {
        "dmean": 4.46403074265,
        "dmean2": 6.93476200104,
        "dvar": 24.773399353,
        "dvar2": 59.3474807739,
        "max": 39.1149864197,
        "mean": 25.1003265381,
        "median": 26.8265724182,
        "min": 1.5214984417,
        "var": 89.0083312988
    },
    "melbands_flatness_db": {
        "dmean": 0.0711122453213,
        "dmean2": 0.0973278209567,
        "dvar": 0.00872018188238,
        "dvar2": 0.015382421203,
        "max": 1,
        "mean": 0.384047061205,
        "median": 0.371101677418,
        "min": 0.00080969062401,
        "var": 0.0451235845685
    },
    "melbands_kurtosis": {
        "dmean": 90.9524612427,
        "dmean2": 144.58052063,
        "dvar": 32936.6640625,
        "dvar2": 80934.25,
        "max": 2390.35302734,
        "mean": 148.305740356,
        "median": 37.5792694092,
        "min": -1.46533358097,
        "var": 75744.6875
    },
    "melbands_skewness": {
        "dmean": 2.49870419502,
        "dmean2": 3.84748196602,
        "dvar": 9.93853187561,
        "dvar2": 24.3574981689,
        "max": 36.2569084167,
        "mean": 6.50520658493,
        "median": 4.61135959625,
        "min": -0.534150838852,
        "var": 33.1482810974
    },
    "melbands_spread": {
        "dmean": 7.86140203476,
        "dmean2": 13.5073070526,
        "dvar": 312.659301758,
        "dvar2": 839.203918457,
        "max": 137.830474854,
        "mean": 10.9502916336,
        "median": 2.74627256393,
        "min": 0.0456439629197,
        "var": 318.382537842
    },
    "pitch_salience": {
        "dmean": 0.100611194968,
        "dmean2": 0.148972824216,
        "dvar": 0.015307075344,
        "dvar2": 0.0291655045003,
        "max": 0.99202978611,
        "mean": 0.3430519104,
        "median": 0.285416662693,
        "min": 0.0138477515429,
        "var": 0.0510147698224
    },
    "silence_rate_20dB": {
        "dmean": 0,
        "dmean2": 0,
        "dvar": 0,
        "dvar2": 0,
        "max": 1,
        "mean": 1,
        "median": 1,
        "min": 1,
        "var": 0
    },
    "silence_rate_30dB": {
        "dmean": 0.116409793496,
        "dmean2": 0.232861801982,
        "dvar": 0.102857597172,
        "dvar2": 0.216346919537,
        "max": 1,
        "mean": 0.763415515423,
        "median": 1,
        "min": 0,
        "var": 0.180611982942
    },
    "silence_rate_60dB": {
        "dmean": 0.0551223941147,
        "dmean2": 0.110264778137,
        "dvar": 0.0520873852074,
        "dvar2": 0.12348793447,
        "max": 1,
        "mean": 0.0886511951685,
        "median": 0,
        "min": 0,
        "var": 0.080796957016
    },
    "spectral_centroid": {
        "dmean": 345.630310059,
        "dmean2": 560.869445801,
        "dvar": 317562.09375,
        "dvar2": 795360.3125,
        "max": 11326.3242188,
        "mean": 799.06842041,
        "median": 624.93347168,
        "min": 44.3896980286,
        "var": 516566.40625
    },
    "spectral_complexity": {
        "dmean": 4.00834083557,
        "dmean2": 6.42038440704,
        "dvar": 35.7442398071,
        "dvar2": 93.8884658813,
        "max": 42,
        "mean": 8.38614940643,
        "median": 6,
        "min": 0,
        "var": 55.4739341736
    },
    "spectral_decrease": {
        "dmean": 5.87811310737e-09,
        "dmean2": 8.59813376053e-09,
        "dvar": 5.21675515377e-17,
        "dvar2": 9.60043222809e-17,
        "max": 1.64021974177e-29,
        "mean": -1.80913595216e-08,
        "median": -1.60045345865e-08,
        "min": -5.88217119457e-08,
        "var": 2.30622322293e-16
    },
    "spectral_energy": {
        "dmean": 0.0224755685776,
        "dmean2": 0.0326681435108,
        "dvar": 0.000737112422939,
        "dvar2": 0.00135441764724,
        "max": 0.223008275032,
        "mean": 0.06928204,
        "median": 0.061530482024,
        "min": 1.08072471812e-20,
        "var": 0.00329401437193
    },
    "spectral_energyband_high": {
        "dmean": 0.000382225756766,
        "dmean2": 0.000679163145833,
        "dvar": 1.12700581667e-06,
        "dvar2": 3.17139324579e-06,
        "max": 0.00729555636644,
        "mean": 0.000303754815832,
        "median": 4.61173403892e-05,
        "min": 7.92640975218e-21,
        "var": 6.91896445915e-07
    },
    "spectral_energyband_low": {
        "dmean": 0.019470103085,
        "dmean2": 0.0291578415781,
        "dvar": 0.000850185810123,
        "dvar2": 0.00162392435595,
        "max": 0.222466558218,
        "mean": 0.0567251630127,
        "median": 0.0409333258867,
        "min": 2.66596363335e-23,
        "var": 0.00365024060011
    },
    "spectral_energyband_middle_high": {
        "dmean": 0.00142085563857,
        "dmean2": 0.0022800702136,
        "dvar": 6.93814536135e-06,
        "dvar2": 1.65476285474e-05,
        "max": 0.0249026101083,
        "mean": 0.00188372051343,
        "median": 0.000512269325554,
        "min": 1.57182148428e-21,
        "var": 1.09882357719e-05
    },
    "spectral_energyband_middle_low": {
        "dmean": 0.00967840850353,
        "dmean2": 0.0163952615112,
        "dvar": 0.00052063097246,
        "dvar2": 0.00139645405579,
        "max": 0.162349969149,
        "mean": 0.0113391578197,
        "median": 0.00286995759234,
        "min": 3.35120330416e-22,
        "var": 0.000443444296252
    },
    "spectral_entropy": {
        "dmean": 0.403500676155,
        "dmean2": 0.575146555901,
        "dvar": 0.346909433603,
        "dvar2": 0.666866779327,
        "max": 9.81071472168,
        "mean": 7.04086399078,
        "median": 7.33057594299,
        "min": 3.24025583267,
        "var": 1.16373205185
    },
    "spectral_flux": {
        "dmean": 0.0526797138155,
        "dmean2": 0.0712869986892,
        "dvar": 0.00280605978332,
        "dvar2": 0.00625222036615,
        "max": 0.505419671535,
        "mean": 0.126849278808,
        "median": 0.105683282018,
        "min": 6.84377970961e-11,
        "var": 0.00942169222981
    },
    "spectral_kurtosis": {
        "dmean": 9.60419464111,
        "dmean2": 14.2087898254,
        "dvar": 1076.07788086,
        "dvar2": 2275.97973633,
        "max": 829.717468262,
        "mean": 16.9316234589,
        "median": 5.13664865494,
        "min": -1.23464071751,
        "var": 2320.35742188
    },
    "spectral_rms": {
        "dmean": 0.00160317635164,
        "dmean2": 0.0022263827268,
        "dvar": 3.40208953276e-06,
        "dvar2": 6.05783770879e-06,
        "max": 0.0147502217442,
        "mean": 0.00722664734349,
        "median": 0.00774788623676,
        "min": 3.24709963778e-12,
        "var": 1.5367879314e-05
    },
    "spectral_rolloff": {
        "dmean": 544.891235352,
        "dmean2": 953.65838623,
        "dvar": 1583457.375,
        "dvar2": 4153387.5,
        "max": 18798.4863281,
        "mean": 752.965148926,
        "median": 129.19921875,
        "min": 21.533203125,
        "var": 1853737.75
    },
    "spectral_skewness": {
        "dmean": 0.669334411621,
        "dmean2": 0.964363336563,
        "dvar": 1.60562968254,
        "dvar2": 2.75809240341,
        "max": 25.9427146912,
        "mean": 2.50552487373,
        "median": 1.82118535042,
        "min": -0.0550285801291,
        "var": 5.29376840591
    },
    "spectral_spread": {
        "dmean": 702791.8125,
        "dmean2": 1056735.125,
        "dvar": 1.14674342298e+12,
        "dvar2": 2.85866039706e+12,
        "max": 42108056,
        "mean": 4307003.5,
        "median": 4516503.5,
        "min": 85884.8671875,
        "var": 3.43640820941e+12
    },
    "spectral_strongpeak": {
        "dmean": 0.260860145092,
        "dmean2": 0.386699318886,
        "dvar": 0.0900956392288,
        "dvar2": 0.191300421953,
        "max": 3.15774297714,
        "mean": 0.609228491783,
        "median": 0.560715794563,
        "min": 0,
        "var": 0.194941550493
    },
    "zerocrossingrate": {
        "dmean": 0.0101431468502,
        "dmean2": 0.0129743432626,
        "dvar": 0.000239178174525,
        "dvar2": 0.000330375216436,
        "max": 0.53759765625,
        "mean": 0.0296705216169,
        "median": 0.01171875,
        "min": 0.0009765625,
        "var": 0.001389597659
    },
    "barkbands": {
        "dmean": [0.00369071471505, 0.0177120547742, 0.00620207516477, 0.00395123241469, 0.0056213401258, 0.00094717630418, 0.000298521277728, 0.000390487432014, 0.000607299967669, 0.000662869249936, 0.00039910315536, 0.000147604805534, 9.44647617871e-05, 9.35255666263e-05, 0.000116831957712, 0.000134491769131, 0.000168839920661, 0.000110975415737, 0.000104876315163, 7.23724078853e-05, 9.26828870433e-05, 7.32179760234e-05, 7.8282537288e-05, 6.06980574958e-05, 2.88373776129e-05, 1.43009501699e-05, 7.65982576922e-07],
        "dmean2": [0.00553748430684, 0.0259636733681, 0.0107092037797, 0.00717546697706, 0.00985383521765, 0.00158356688917, 0.000465575954877, 0.000625876942649, 0.000974166963715, 0.00108078471385, 0.000649920548312, 0.000253548030742, 0.000163396762218, 0.000156585854711, 0.000204018419026, 0.000237180895056, 0.000308849877911, 0.000197337853024, 0.00018814377836, 0.000127432518639, 0.000166446756339, 0.00013061586651, 0.000142149016028, 0.000108743159217, 4.91284736199e-05, 2.36237319768e-05, 1.36462438149e-06],
        "dvar": [5.06236683577e-05, 0.000649765599519, 0.000450020306744, 0.000164959405083, 0.000197778063011, 6.34884418105e-06, 6.92893763699e-07, 9.96681706056e-07, 3.08862945531e-06, 3.46844785781e-06, 1.82004714588e-06, 2.44320517595e-07, 7.21888397948e-08, 5.04718400407e-08, 6.12640107533e-08, 8.69161524975e-08, 2.27091462079e-07, 7.64580718737e-08, 7.8355434141e-08, 3.23564357529e-08, 6.57400391901e-08, 4.15365342121e-08, 5.56173027633e-08, 3.19225357259e-08, 5.01586461255e-09, 1.03841846233e-09, 4.36568619797e-12],
        "dvar2": [0.000110098349978, 0.00120303349104, 0.00117665971629, 0.000474920816487, 0.000543695117813, 1.44567356983e-05, 1.60804108873e-06, 2.44644388658e-06, 7.28460645405e-06, 8.58183648234e-06, 4.53082202512e-06, 6.58971885059e-07, 1.95138241565e-07, 1.29307522911e-07, 1.65273533526e-07, 2.39650518097e-07, 6.56088161577e-07, 2.12093198115e-07, 2.23615131745e-07, 8.85617836843e-08, 1.84257274327e-07, 1.16893851043e-07, 1.58544295914e-07, 9.03566572674e-08, 1.36120181793e-08, 2.67288302602e-09, 1.20820940058e-11],
        "max": [0.0691975727677, 0.208186253905, 0.167448997498, 0.104602344334, 0.161928102374, 0.0508879050612, 0.0158837419003, 0.0169252119958, 0.0258071366698, 0.0221869144589, 0.0209822934121, 0.0105309383944, 0.00664252368733, 0.00438646506518, 0.0037840353325, 0.00275202910416, 0.00346316723153, 0.00236642872915, 0.00201593269594, 0.00192996079568, 0.00209731096402, 0.00150206813123, 0.00174882635474, 0.00130756781437, 0.000548283627722, 0.000347241119016, 1.97947829292e-05],
        "mean": [0.00738846557215, 0.04408871755, 0.00441171089187, 0.00278623588383, 0.00606873165816, 0.000917259545531, 0.000339089368936, 0.000392340938561, 0.000616454635747, 0.000651088834275, 0.000365416199202, 0.000147513739648, 9.59320022957e-05, 0.000101330500911, 0.000123822828755, 0.000131554450491, 0.000134612360853, 0.000100453980849, 9.05845881789e-05, 6.13122465438e-05, 7.05258644302e-05, 5.53407990083e-05, 5.58200590604e-05, 4.58244321635e-05, 2.65092821792e-05, 1.48316748891e-05, 5.70630277252e-07],
        "median": [0.000728859973606, 0.0268695354462, 0.000268553063506, 0.000325237459037, 0.000635165604763, 0.00013223089627, 7.37693917472e-05, 6.09921698924e-05, 7.39286188036e-05, 7.6379001257e-05, 4.56368688901e-05, 3.00324863929e-05, 2.56297134911e-05, 2.48637334153e-05, 2.80834174191e-05, 2.69862721325e-05, 2.82118271571e-05, 2.35009829339e-05, 2.1557940272e-05, 1.30677763082e-05, 1.07509586087e-05, 7.24125220586e-06, 5.6538683566e-06, 5.49630840396e-06, 4.6431860028e-06, 3.16224213748e-06, 5.07037789532e-08],
        "min": [5.7849063446e-24, 6.2083108694e-24, 6.91980660793e-24, 5.54977373003e-24, 6.44556662422e-23, 4.96820748467e-23, 4.66669474927e-23, 3.88064502878e-23, 3.21244481663e-23, 6.1145265096e-23, 6.67580356802e-23, 5.49606776406e-23, 5.78701418094e-23, 3.99234205316e-23, 1.00551461086e-22, 1.46267067571e-22, 1.34596634096e-22, 2.08092027845e-22, 3.20610515174e-22, 1.92651470331e-22, 4.21345351711e-22, 5.65088910044e-22, 6.89236532403e-22, 1.02260162837e-21, 1.00023220892e-21, 1.48469034579e-21, 2.33060116681e-21],
        "var": [0.000155069268658, 0.00252154865302, 0.000318187318044, 9.35250718612e-05, 0.000184932723641, 8.2137166828e-06, 8.20215689146e-07, 1.09356176381e-06, 3.71410487787e-06, 3.50306913788e-06, 1.64587663676e-06, 2.06713380635e-07, 6.06938783676e-08, 5.45131086938e-08, 6.10710628735e-08, 7.24613329339e-08, 1.32287411247e-07, 5.24430276982e-08, 4.86190288029e-08, 2.222079587e-08, 4.07593034879e-08, 2.53373624304e-08, 3.23270796798e-08, 1.91407281136e-08, 3.60258800569e-09, 8.88766171769e-10, 2.85676885793e-12]
    },
    "erbbands": {
        "dmean": [0.868230581284, 3.51358485222, 6.56228256226, 10.2290058136, 16.3627986908, 21.0854644775, 14.3793869019, 6.4095697403, 4.04041194916, 6.13692045212, 8.49810886383, 12.0434780121, 19.469121933, 15.6262292862, 12.7684392929, 5.6476893425, 4.13089466095, 4.25859355927, 6.26074695587, 6.06010246277, 7.51722860336, 9.78941345215, 7.20096349716, 4.8247833252, 4.84325647354, 3.59896588326, 2.93401741982, 4.36334133148, 2.61405134201, 2.34894895554, 2.25602841377, 1.54933738708, 0.837253928185, 0.362959474325, 0.198363214731, 0.079358920455, 0.0226346068084, 0.00358329550363, 8.83671309566e-05, 2.52846166404e-05],
        "dmean2": [1.15832996368, 4.82764911652, 10.2586717606, 17.9446563721, 28.7343673706, 36.0678367615, 23.8076229095, 10.4853019714, 6.27535533905, 9.80320739746, 13.6722221375, 18.7319278717, 30.997461319, 25.9388885498, 20.3612174988, 9.37982177734, 6.99581480026, 7.08065032959, 10.8858585358, 10.4592819214, 13.2301015854, 17.8897190094, 12.9925699234, 8.46436786652, 8.69192314148, 6.39673805237, 5.10917329788, 7.96000289917, 4.65375089645, 4.20609140396, 4.12491369247, 2.8170132637, 1.48822438717, 0.622700333595, 0.338761568069, 0.132752716541, 0.0370731465518, 0.00592886982486, 0.000146880847751, 3.5909946746e-05],
        "dvar": [1.51655673981, 30.9591903687, 394.356079102, 1092.24389648, 2061.6394043, 2716.45336914, 1088.82373047, 361.342773438, 135.468093872, 260.116668701, 492.826293945, 1180.2175293, 2790.90087891, 2033.87341309, 1713.42895508, 407.368041992, 154.604415894, 103.840255737, 193.852905273, 160.225982666, 288.840820312, 787.012939453, 375.062316895, 140.348068237, 171.92527771, 87.2771148682, 58.8930969238, 164.483352661, 52.4863433838, 42.8463554382, 49.4835853577, 22.355594635, 5.75619363785, 0.806052386761, 0.245998501778, 0.0343693345785, 0.00246509118006, 6.69810833642e-05, 3.8053745044e-08, 7.93871635096e-10],
        "dvar2": [2.72291684151, 50.436668396, 933.623474121, 3006.00097656, 5800.97167969, 7190.57910156, 2702.81201172, 820.820800781, 310.44732666, 595.104797363, 1166.29260254, 2643.53320312, 6505.93261719, 5369.96142578, 4113.18261719, 1092.13684082, 417.938598633, 263.805084229, 512.954589844, 434.37286377, 801.991577148, 2276.20092773, 1054.21740723, 393.673156738, 487.864349365, 240.520736694, 159.004669189, 467.870452881, 147.34185791, 119.806289673, 141.804214478, 63.8124046326, 16.1566638947, 2.18628358841, 0.674474537373, 0.0907455310225, 0.0062535777688, 0.000174908083864, 1.00641521783e-07, 1.46582213034e-09],
        "max": [11.0578479767, 54.2960090637, 168.121154785, 276.028900146, 359.584228516, 982.52947998, 443.022888184, 408.510894775, 231.319778442, 349.078826904, 296.25402832, 569.73059082, 594.934570312, 787.935302734, 672.820678711, 452.162902832, 347.092071533, 183.772094727, 212.91494751, 132.264602661, 169.029403687, 202.875900269, 157.873123169, 95.9267807007, 100.926094055, 97.2010726929, 119.021888733, 87.8240356445, 50.9146194458, 45.3694877625, 54.0135345459, 34.3063812256, 19.4936561584, 7.59992551804, 4.0366230011, 1.74004352093, 0.634065747261, 0.0825650468469, 0.00180294772144, 0.000240993642365],
        "mean": [2.21149039268, 6.10422325134, 5.77898931503, 7.64077138901, 13.642619133, 22.5954685211, 15.2665128708, 6.61432981491, 4.75693845749, 7.01453495026, 8.98194599152, 13.2058858871, 20.4626541138, 16.4715576172, 12.892911911, 5.96879816055, 4.49218082428, 4.84337520599, 6.5152721405, 6.55973339081, 7.33865308762, 7.8447599411, 6.21920204163, 4.65722703934, 4.04455375671, 3.00533556938, 2.49972462654, 3.08128190041, 1.98737919331, 1.7662307024, 1.57801961899, 1.11873161793, 0.657250165939, 0.326014459133, 0.179234459996, 0.0771340504289, 0.0241575483233, 0.00367924501188, 0.000113143403723, 7.87493117969e-05],
        "median": [0.915976941586, 3.23205447197, 0.819900631905, 1.19068551064, 2.09972834587, 2.20017385483, 1.91534876823, 1.26465332508, 1.08400607109, 1.4554643631, 1.71534264088, 1.91123056412, 2.60647892952, 2.35654878616, 1.87399983406, 1.34924161434, 1.26307177544, 1.36092281342, 1.50578725338, 1.56586384773, 1.62734866142, 1.71042966843, 1.36755871773, 1.24526047707, 0.961821138859, 0.631630778313, 0.516028106213, 0.34513515234, 0.268644630909, 0.207760423422, 0.15652102232, 0.120922058821, 0.0866186469793, 0.0551601238549, 0.0314573980868, 0.0147861782461, 0.00528955180198, 0.000766671844758, 6.49759022053e-05, 7.2874041507e-05],
        "min": [7.99987188755e-23, 2.10283306735e-21, 7.60408638647e-21, 1.21944024112e-20, 1.50937985743e-19, 1.94509685735e-19, 2.31078616833e-19, 4.77994278577e-19, 6.16634660626e-19, 1.11921879577e-18, 7.63097534631e-19, 8.58326547555e-19, 1.36041680417e-18, 2.00398420705e-18, 2.30926617225e-18, 2.83525460734e-18, 3.00846643441e-18, 2.21575299041e-18, 3.9367204528e-18, 6.80204224823e-18, 7.72627389411e-18, 6.79683928218e-18, 1.13646832395e-17, 1.40325169045e-17, 1.45430875201e-17, 1.0787632118e-17, 1.25965834735e-17, 2.07522939728e-17, 2.1196839032e-17, 2.24883260485e-17, 1.78290343794e-17, 1.73774136172e-17, 1.63970408096e-17, 1.0016236566e-17, 7.1927895483e-18, 4.30418758172e-18, 3.06247905366e-18, 1.31672181549e-18, 3.1772268407e-19, 3.46834989074e-20],
        "var": [7.5982427597, 70.5302505493, 356.951660156, 695.43145752, 1371.69519043, 3138.05688477, 1390.60266113, 463.593902588, 172.160232544, 330.58190918, 572.469970703, 1518.41516113, 3228.4230957, 2135.23535156, 1743.42077637, 345.36819458, 131.406600952, 112.846488953, 191.68296814, 152.701599121, 230.061187744, 454.784484863, 238.930633545, 97.7649993896, 106.440505981, 57.9416885376, 41.7571525574, 96.1558074951, 32.2893562317, 26.5126991272, 28.2185993195, 12.9725217819, 3.55494213104, 0.571987509727, 0.172264754772, 0.0271749049425, 0.00221982481889, 5.61620945518e-05, 3.01751867937e-08, 3.67849772864e-09]
    },
    "gfcc": {
        "mean": [-96.4903335571, 106.844863892, -80.5895080566, 31.921169281, -38.2172927856, 11.8650484085, -26.882194519, 9.80265808105, -20.3800373077, -3.88188028336, -15.5414333344, 0.286336928606, -3.46911621094],
        "cov": [[16975.3535156, -2834.88134766, -3191.58813477, -193.589782715, -1972.87487793, 6.98371648788, -1467.66320801, 118.589881897, -1130.08398438, 69.5241699219, -849.845581055, 365.73059082, -461.189117432], [-2834.88134766, 3195.30957031, 1204.77233887, -79.7938156128, 1237.42199707, -261.89074707, 835.577880859, -33.6456336975, 527.109863281, -131.81036377, 556.371337891, -174.205535889, 404.39352417], [-3191.58813477, 1204.77233887, 3177.31323242, 955.909362793, 1347.97412109, 578.774536133, 914.902160645, 246.06489563, 670.45123291, 226.633560181, 527.754943848, 30.799407959, 189.722900391], [-193.589782715, -79.7938156128, 955.909362793, 680.427368164, 413.836395264, 332.723815918, 273.266815186, 139.894134521, 232.766815186, 168.775909424, 184.750198364, 86.6288070679, 38.5440750122], [-1972.87487793, 1237.42199707, 1347.97412109, 413.836395264, 1064.07226562, 248.597930908, 708.913696289, 180.722045898, 486.582458496, 108.938034058, 418.817321777, -4.45411539078, 236.668609619], [6.98371648788, -261.89074707, 578.774536133, 332.723815918, 248.597930908, 465.103729248, 233.960357666, 177.341400146, 162.144271851, 187.770431519, 78.4948120117, 82.0888977051, -4.25353240967], [-1467.66320801, 835.577880859, 914.902160645, 273.266815186, 708.913696289, 233.960357666, 608.551696777, 187.316711426, 383.225799561, 113.405677795, 323.826873779, 19.5627479553, 188.925582886], [118.589881897, -33.6456336975, 246.06489563, 139.894134521, 180.722045898, 177.341400146, 187.316711426, 234.304855347, 135.749008179, 97.2114562988, 68.5402450562, 69.4654769897, 29.0685653687], [-1130.08398438, 527.109863281, 670.45123291, 232.766815186, 486.582458496, 162.144271851, 383.225799561, 135.749008179, 345.674468994, 130.66633606, 252.719085693, 28.6005020142, 128.075119019], [69.5241699219, -131.81036377, 226.633560181, 168.775909424, 108.938034058, 187.770431519, 113.405677795, 97.2114562988, 130.66633606, 186.856628418, 108.038711548, 72.4914169312, 14.3443899155], [-849.845581055, 556.371337891, 527.754943848, 184.750198364, 418.817321777, 78.4948120117, 323.826873779, 68.5402450562, 252.719085693, 108.038711548, 295.063110352, 61.5140228271, 142.161331177], [365.73059082, -174.205535889, 30.799407959, 86.6288070679, -4.45411539078, 82.0888977051, 19.5627479553, 69.4654769897, 28.6005020142, 72.4914169312, 61.5140228271, 119.594085693, 38.1394424438], [-461.189117432, 404.39352417, 189.722900391, 38.5440750122, 236.668609619, -4.25353240967, 188.925582886, 29.0685653687, 128.075119019, 14.3443899155, 142.161331177, 38.1394424438, 156.207778931]],
        "icov": [[0.000123334160889, -0.000150915046106, 0.000114967173431, -0.000246171810431, 5.42746238352e-05, -0.000113779802632, 0.000235788640566, -0.000327677786117, 0.000469133170554, -0.000278572988464, 0.000132531757117, -0.000207985242014, -6.24887543381e-05], [-0.000150915046106, 0.00164506130386, -0.000320263410686, 0.00119833683129, -0.00118320784532, 0.000958915858064, -0.000723593868315, 0.000650907342788, -0.000598965794779, 0.00111897173338, -0.00158882141113, 0.00158056535292, -0.000589854549617], [0.000114967173431, -0.000320263410686, 0.00114611617755, -0.00103794818278, -0.000633885560092, -0.000527306227013, -0.00010221744742, 0.000303716893541, -0.000219143825234, 0.000259264634224, 0.000364266627003, -0.000815891718958, 0.00106933200732], [-0.000246171810431, 0.00119833683129, -0.00103794818278, 0.00458947662264, -0.00165170873515, -0.000454273191281, 0.000412016903283, 0.000929568428546, -0.00135404756293, 0.00065455364529, -0.00147631787695, -0.000425661797635, 0.000615513883531], [5.42746238352e-05, -0.00118320784532, -0.000633885560092, -0.00165170873515, 0.00807690713555, -0.00202532345429, -0.00190412171651, -0.00202455301769, -0.00080385612091, 0.00212564249523, -0.00354928174056, 0.00418815016747, -0.00254045356996], [-0.000113779802632, 0.000958915858064, -0.000527306227013, -0.000454273191281, -0.00202532345429, 0.00950407795608, -0.00659662904218, 0.00227616704069, 7.95136438683e-05, -0.00637311302125, 0.00794770661741, -0.00601549865678, 0.0035719582811], [0.000235788640566, -0.000723593868315, -0.00010221744742, 0.000412016903283, -0.00190412171651, -0.00659662904218, 0.0175918377936, -0.00796658359468, -0.000894325203262, 0.0036364889238, -0.010121778585, 0.00968781951815, -0.00725121982396], [-0.000327677786117, 0.000650907342788, 0.000303716893541, 0.000929568428546, -0.00202455301769, 0.00227616704069, -0.00796658359468, 0.0136719606817, -0.00561282364652, -0.00152463733684, 0.00946141593158, -0.0115668820217, 0.00592506723478], [0.000469133170554, -0.000598965794779, -0.000219143825234, -0.00135404756293, -0.00080385612091, 7.95136438683e-05, -0.000894325203262, -0.00561282364652, 0.0189701039344, -0.00738991843536, -0.00558533146977, 0.00628496985883, -0.0044442997314], [-0.000278572988464, 0.00111897173338, 0.000259264634224, 0.00065455364529, 0.00212564249523, -0.00637311302125, 0.0036364889238, -0.00152463733684, -0.00738991843536, 0.0200135875493, -0.0111419828609, 0.00130679272115, 0.00233801081777], [0.000132531757117, -0.00158882141113, 0.000364266627003, -0.00147631787695, -0.00354928174056, 0.00794770661741, -0.010121778585, 0.00946141593158, -0.00558533146977, -0.0111419828609, 0.0301869027317, -0.0197069346905, 0.0034430779051], [-0.000207985242014, 0.00158056535292, -0.000815891718958, -0.000425661797635, 0.00418815016747, -0.00601549865678, 0.00968781951815, -0.0115668820217, 0.00628496985883, 0.00130679272115, -0.0197069346905, 0.0339622609317, -0.015313943848], [-6.24887543381e-05, -0.000589854549617, 0.00106933200732, 0.000615513883531, -0.00254045356996, 0.0035719582811, -0.00725121982396, 0.00592506723478, -0.0044442997314, 0.00233801081777, 0.0034430779051, -0.015313943848, 0.0219420529902]]
    },
    "melbands": {
        "dmean": [0.00595216872171, 0.00333973276429, 0.00185501296073, 0.00135490903631, 0.000594742363319, 0.000146597536514, 6.10011156823e-05, 7.37628433853e-05, 7.66323137213e-05, 8.21556604933e-05, 0.000102612728369, 6.88962609274e-05, 5.1332055591e-05, 2.01547591132e-05, 1.05142171378e-05, 9.17650140764e-06, 7.96560925664e-06, 1.04838409243e-05, 8.29662803881e-06, 8.57342001837e-06, 8.91527906788e-06, 1.08778276626e-05, 7.20209982319e-06, 5.58509873372e-06, 3.75767831429e-06, 4.3432255552e-06, 2.52852009908e-06, 2.43135764322e-06, 1.64008270076e-06, 2.30269233725e-06, 2.56519592767e-06, 1.47399555317e-06, 1.38047948894e-06, 1.27820010221e-06, 1.31588342356e-06, 1.11104100142e-06, 9.21713478874e-07, 6.14014879829e-07, 4.59045821799e-07, 2.49197057656e-07],
        "dmean2": [0.00792599935085, 0.00461518764496, 0.00317033543251, 0.00233914237469, 0.000998783973046, 0.000240529610892, 9.48385568336e-05, 0.000117055533337, 0.000122576428112, 0.000128637329908, 0.000164668439538, 0.000116822717246, 8.40748325572e-05, 3.45775770256e-05, 1.74055367097e-05, 1.57121430675e-05, 1.33019966597e-05, 1.83067259059e-05, 1.4264881429e-05, 1.49532570504e-05, 1.57667091116e-05, 1.99807072931e-05, 1.29402014863e-05, 9.99172971206e-06, 6.56569091007e-06, 7.91067577666e-06, 4.42939790446e-06, 4.34931553173e-06, 2.8126989946e-06, 4.14726946474e-06, 4.68598364023e-06, 2.62426874542e-06, 2.48685933002e-06, 2.28086719289e-06, 2.41017869484e-06, 2.0301731638e-06, 1.67851464994e-06, 1.09752681965e-06, 8.09589835171e-07, 4.17642382899e-07],
        "dvar": [6.47044871585e-05, 5.47512827325e-05, 3.16799778375e-05, 1.22259543787e-05, 1.80667598215e-06, 1.76103526428e-07, 2.96705895408e-08, 3.61398164728e-08, 4.42757830399e-08, 5.31095771805e-08, 7.89747218732e-08, 3.85831455674e-08, 3.35907444082e-08, 3.7503449235e-09, 8.46295367118e-10, 8.15941036958e-10, 4.4889783557e-10, 6.03089578277e-10, 3.10535347436e-10, 3.49401813038e-10, 4.20983248262e-10, 9.94031190693e-10, 3.41460887343e-10, 2.06036299133e-10, 8.05317340591e-11, 1.54055962431e-10, 4.06351688409e-11, 4.43643247139e-11, 1.67275897994e-11, 4.22803909939e-11, 5.83866149872e-11, 1.6688622706e-11, 1.51837101919e-11, 1.26342616924e-11, 1.65772152949e-11, 1.21435734732e-11, 7.84556013905e-12, 3.16890003821e-12, 1.59711935517e-12, 3.2562963285e-13],
        "dvar2": [0.00012270748266, 0.000103560982097, 8.52612793096e-05, 3.38448553521e-05, 4.56071029475e-06, 3.97631424676e-07, 6.85185383986e-08, 8.40826785975e-08, 9.77845218131e-08, 1.23541965991e-07, 1.86827634252e-07, 1.0417134888e-07, 8.49490078281e-08, 1.03111625904e-08, 1.99183736171e-09, 2.1861148447e-09, 1.14943021767e-09, 1.59083257678e-09, 8.38129399217e-10, 9.61361434904e-10, 1.1639089692e-09, 2.87653967312e-09, 9.56664636398e-10, 5.81214631978e-10, 2.23047039172e-10, 4.43346220846e-10, 1.10287015631e-10, 1.20961046735e-10, 4.39867656188e-11, 1.17905282759e-10, 1.65941010932e-10, 4.67775679303e-11, 4.26920096497e-11, 3.50004088212e-11, 4.74705344478e-11, 3.47396417189e-11, 2.23598622257e-11, 8.90967421369e-12, 4.46692032322e-12, 8.50672668157e-13],
        "max": [0.0726383402944, 0.0655910372734, 0.044600777328, 0.0414428152144, 0.0223350357264, 0.00890563149005, 0.00332249118946, 0.00423613889143, 0.00352728902362, 0.0036105341278, 0.00309418211691, 0.00327095272951, 0.00301936175674, 0.00125531665981, 0.000578201608732, 0.000684665923472, 0.000408529362176, 0.000366903055692, 0.000361660029739, 0.000225061463425, 0.000204128882615, 0.000220861737034, 0.000142874676385, 0.000121413992019, 8.31837242004e-05, 8.64842440933e-05, 8.44142996357e-05, 9.00338054635e-05, 6.81368255755e-05, 7.34788263799e-05, 5.16325926583e-05, 3.13431337418e-05, 2.73197983915e-05, 2.5088658731e-05, 3.22397427226e-05, 2.75975562545e-05, 2.07149623748e-05, 1.46668844536e-05, 1.00839961306e-05, 4.78612628285e-06],
        "mean": [0.015524469316, 0.0045713884756, 0.00148330209777, 0.00135111238342, 0.000669705274049, 0.000148086255649, 7.0940972364e-05, 8.1203004811e-05, 7.87246390246e-05, 8.41333239805e-05, 0.000103763341031, 6.85220802552e-05, 4.78483270854e-05, 2.03008949029e-05, 1.12655834528e-05, 9.35344451136e-06, 8.82672520675e-06, 1.04426426333e-05, 9.0178073151e-06, 8.67068138177e-06, 8.48416311783e-06, 8.42910685606e-06, 6.07270203545e-06, 4.86803492095e-06, 3.63445360563e-06, 3.46212414115e-06, 2.18238824345e-06, 1.96153882825e-06, 1.45394164974e-06, 1.71260330717e-06, 1.77538129265e-06, 1.115372811e-06, 1.02844217054e-06, 9.59183012128e-07, 9.17200111417e-07, 7.76801869051e-07, 6.63139019252e-07, 4.74968857134e-07, 3.7081906612e-07, 2.36887814253e-07],
        "median": [0.00842064060271, 0.00155439716764, 0.000242207286647, 0.00015563784109, 7.79595866334e-05, 2.42294845521e-05, 1.53303444677e-05, 1.51323238242e-05, 1.28745978145e-05, 1.11997223939e-05, 1.22104247566e-05, 9.12955329113e-06, 6.16215265836e-06, 3.87541604141e-06, 2.68101666734e-06, 2.49885215453e-06, 2.29632564697e-06, 2.17962497118e-06, 2.12005420508e-06, 1.73792659552e-06, 1.79997391569e-06, 1.65681422004e-06, 1.23023687593e-06, 1.04874311546e-06, 9.17233364817e-07, 7.1395231771e-07, 4.93594598083e-07, 3.51996845893e-07, 3.22646030781e-07, 2.51039693921e-07, 1.77260773171e-07, 1.49098028146e-07, 1.27314720544e-07, 1.06522939802e-07, 9.08447788106e-08, 7.8409037485e-08, 7.03884524e-08, 6.11068102785e-08, 5.22956398186e-08, 4.3014853901e-08],
        "min": [1.24312724635e-24, 3.93019101565e-24, 5.91225847142e-24, 1.33342042334e-23, 8.23124368664e-24, 1.01121200098e-23, 9.54307282923e-24, 1.16062840954e-23, 4.93557372897e-24, 4.81580847191e-24, 7.28489222372e-24, 8.21231418036e-24, 8.64179135641e-24, 5.99694032301e-24, 9.51252892384e-24, 5.51499088056e-24, 3.99477071923e-24, 5.16992418796e-24, 8.77773575621e-24, 9.21388117349e-24, 9.64967396994e-24, 6.3599326964e-24, 1.0077115096e-23, 9.16451346918e-24, 1.18508009993e-23, 9.14058810678e-24, 8.95007740931e-24, 6.34308657177e-24, 6.82085505142e-24, 1.1175289151e-23, 1.1049095072e-23, 1.19990003533e-23, 1.14499902397e-23, 1.2527609735e-23, 1.02101383439e-23, 8.96423746256e-24, 1.14024503261e-23, 1.25207158796e-23, 1.01351949801e-23, 7.87874750203e-24],
        "var": [0.000327284651576, 8.25139941298e-05, 2.14471911022e-05, 1.05159397208e-05, 2.51317237598e-06, 2.30710625715e-07, 3.72693982342e-08, 4.61660398798e-08, 5.84398947012e-08, 6.26382359314e-08, 8.74321983702e-08, 3.84001168641e-08, 2.96038642489e-08, 3.20689519384e-09, 9.69166302767e-10, 6.68348432153e-10, 4.6320056124e-10, 5.78129877304e-10, 3.23228138699e-10, 3.02714270317e-10, 3.29485133621e-10, 5.71757474699e-10, 2.21808085787e-10, 1.34252206574e-10, 5.93809446059e-11, 9.05152688913e-11, 2.91827603749e-11, 2.98299336621e-11, 1.28540771777e-11, 2.65634476221e-11, 3.41946158888e-11, 1.03329705903e-11, 9.21663526748e-12, 8.03788546139e-12, 9.47174630395e-12, 6.96426813787e-12, 4.57888761629e-12, 1.94173843671e-12, 1.01005694694e-12, 2.61659211008e-13]
    },
    "mfcc": {
        "mean": [-746.767028809, 137.315917969, 21.5483360291, 30.854101181, 15.0651102066, 8.64357471466, 7.55377244949, 11.2441921234, 5.99722099304, 2.71928477287, -3.12634205818, -3.04112267494, -3.31817603111],
        "cov": [[14868.7460938, -1611.90112305, -2810.49804688, -1313.55627441, -1308.41418457, -981.107421875, -975.166381836, -588.90020752, -649.395629883, -662.051879883, -707.787109375, -504.467315674, -374.377319336], [-1611.90112305, 2678.33520508, 410.014770508, 457.388214111, 466.65045166, 153.708312988, 434.648864746, 256.772705078, 226.654525757, 230.001358032, 150.450653076, 106.512535095, 139.590621948], [-2810.49804688, 410.014770508, 1807.30151367, 782.056762695, 699.284423828, 644.051574707, 456.944091797, 334.661132812, 293.901580811, 262.174407959, 364.229522705, 303.454589844, 231.981262207], [-1313.55627441, 457.388214111, 782.056762695, 666.218261719, 477.305450439, 346.110778809, 312.035614014, 234.11151123, 181.94392395, 170.945785522, 207.742858887, 214.409561157, 166.730804443], [-1308.41418457, 466.65045166, 699.284423828, 477.305450439, 494.763336182, 362.684692383, 305.941741943, 234.203994751, 202.820648193, 190.10144043, 210.264892578, 186.742202759, 160.131195068], [-981.107421875, 153.708312988, 644.051574707, 346.110778809, 362.684692383, 460.578155518, 291.763885498, 183.083969116, 186.083526611, 184.213226318, 209.351852417, 187.959793091, 167.831466675], [-975.166381836, 434.648864746, 456.944091797, 312.035614014, 305.941741943, 291.763885498, 340.362701416, 226.668762207, 191.134017944, 178.740875244, 174.090011597, 155.747329712, 142.449142456], [-588.90020752, 256.772705078, 334.661132812, 234.11151123, 234.203994751, 183.083969116, 226.668762207, 245.189956665, 182.245544434, 134.250564575, 138.993469238, 120.107528687, 108.592224121], [-649.395629883, 226.654525757, 293.901580811, 181.94392395, 202.820648193, 186.083526611, 191.134017944, 182.245544434, 202.786621094, 158.065917969, 131.463302612, 106.182380676, 97.7098693848], [-662.051879883, 230.001358032, 262.174407959, 170.945785522, 190.10144043, 184.213226318, 178.740875244, 134.250564575, 158.065917969, 188.815872192, 156.086166382, 106.839202881, 91.2439041138], [-707.787109375, 150.450653076, 364.229522705, 207.742858887, 210.264892578, 209.351852417, 174.090011597, 138.993469238, 131.463302612, 156.086166382, 211.288742065, 159.983230591, 107.726745605], [-504.467315674, 106.512535095, 303.454589844, 214.409561157, 186.742202759, 187.959793091, 155.747329712, 120.107528687, 106.182380676, 106.839202881, 159.983230591, 190.798782349, 134.616088867], [-374.377319336, 139.590621948, 231.981262207, 166.730804443, 160.131195068, 167.831466675, 142.449142456, 108.592224121, 97.7098693848, 91.2439041138, 107.726745605, 134.616088867, 148.62651062]],
