{
"lowlevel": {
    "average_loudness": 0.86367559433,
    "barkbands_crest": {
        "dmean": 3.28665733337,
        "dmean2": 4.89098215103,
        "dvar": 10.1827192307,
        "dvar2": 18.3006362915,
        "max": 26.9245262146,
        "mean": 12.6195659637,
        "median": 11.3670215607,
        "min": 1.91938924789,
        "var": 29.8919849396
    },
    "barkbands_flatness_db": {
        "dmean": 0.0469001121819,
        "dmean2": 0.0657121911645,
        "dvar": 0.00262817181647,
        "dvar2": 0.00484712747857,
        "max": 0.849361658096,
        "mean": 0.30450874567,
        "median": 0.270683705807,
        "min": 0.0180251393467,
        "var": 0.0270441118628
    },
    "barkbands_kurtosis": {
        "dmean": 19.7997226715,
        "dmean2": 28.9281826019,
        "dvar": 130212.765625,
        "dvar2": 303971.78125,
        "max": 29047.7714844,
        "mean": 22.8690185547,
        "median": 4.7457151413,
        "min": -1.91565191746,
        "var": 119683.875
    },
    "barkbands_skewness": {
        "dmean": 1.01641643047,
        "dmean2": 1.44604706764,
        "dvar": 2.60147476196,
        "dvar2": 5.07069635391,
        "max": 96.6456375122,
        "mean": 2.17085123062,
        "median": 1.63911557198,
        "min": -2.69520521164,
        "var": 6.15557575226
    },
    "barkbands_spread": {
        "dmean": 3.82116913795,
        "dmean2": 5.69059371948,
        "dvar": 71.1934814453,
        "dvar2": 126.679924011,
        "max": 113.089393616,
        "mean": 9.34088897705,
        "median": 4.81373739243,
        "min": 0.0044044922106,
        "var": 175.144561768
    },
    "dissonance": {
        "dmean": 0.0529404580593,
        "dmean2": 0.086528621614,
        "dvar": 0.003387022065,
        "dvar2": 0.00902501866221,
        "max": 0.500000178814,
        "mean": 0.373021572828,
        "median": 0.40101981163,
        "min": 0.010960130021,
        "var": 0.00940944254398
    },
    "dynamic_complexity": 6.11371946335,
    "erbbands_crest": {
        "dmean": 3.11331510544,
        "dmean2": 4.87651062012,
        "dvar": 8.03847312927,
        "dvar2": 18.6698284149,
        "max": 31.6136054993,
        "mean": 11.3048553467,
        "median": 10.5684099197,
        "min": 2.23548460007,
        "var": 24.3845672607
    },
    "erbbands_flatness_db": {
        "dmean": 0.0330456271768,
        "dmean2": 0.0462626852095,
        "dvar": 0.00143497833051,
        "dvar2": 0.00281145283952,
        "max": 0.582359552383,
        "mean": 0.25713789463,
        "median": 0.231384068727,
        "min": 0.0531019940972,
        "var": 0.0140912523493
    },
    "erbbands_kurtosis": {
        "dmean": 3.63224720955,
        "dmean2": 5.46593523026,
        "dvar": 109.724372864,
        "dvar2": 233.993148804,
        "max": 297.765838623,
        "mean": 4.41589927673,
        "median": 1.292116642,
        "min": -1.84136235714,
        "var": 182.241256714
    },
    "erbbands_skewness": {
        "dmean": 0.607385873795,
        "dmean2": 0.895214259624,
        "dvar": 0.49248021841,
        "dvar2": 0.97865653038,
        "max": 14.6207828522,
        "mean": 1.02550005913,
        "median": 0.842061519623,
        "min": -3.09099435806,
        "var": 1.38971412182
    },
    "erbbands_spread": {
        "dmean": 7.9257311821,
        "dmean2": 11.6948404312,
        "dvar": 206.463119507,
        "dvar2": 406.391174316,
        "max": 207.523727417,
        "mean": 23.2312545776,
        "median": 15.6962823868,
        "min": 0.697675049305,
        "var": 538.312011719
    },
    "hfc": {
        "dmean": 7.37400817871,
        "dmean2": 11.8519763947,
        "dvar": 264.734832764,
        "dvar2": 645.862487793,
        "max": 224.736297607,
        "mean": 13.262506485,
        "median": 6.4623260498,
        "min": 1.13668287806e-16,
        "var": 376.982147217
    },
    "melbands_crest": {
        "dmean": 4.15736913681,
        "dmean2": 6.53109264374,
        "dvar": 14.8754301071,
        "dvar2": 30.8586139679,
        "max": 39.9444274902,
        "mean": 17.1492862701,
        "median": 16.0559043884,
        "min": 2.60660600662,
        "var": 42.6548919678
    },
    "melbands_flatness_db": {
        "dmean": 0.055831361562,
        "dmean2": 0.0772871375084,
        "dvar": 0.00372385047376,
        "dvar2": 0.00669129192829,
        "max": 0.985939621925,
        "mean": 0.420641481876,
        "median": 0.389523029327,
        "min": 0.00381431845017,
        "var": 0.040163051337
    },
    "melbands_kurtosis": {
        "dmean": 25.5729103088,
        "dmean2": 40.7349777222,
        "dvar": 595032.5,
        "dvar2": 1261963.75,
        "max": 59314.1210938,
        "mean": 30.0812015533,
        "median": 7.87057495117,
        "min": -1.79372346401,
        "var": 566339.4375
    },
    "melbands_skewness": {
        "dmean": 1.01353192329,
        "dmean2": 1.49483501911,
        "dvar": 5.07955360413,
        "dvar2": 9.93671226501,
        "max": 155.110427856,
        "mean": 2.58889579773,
        "median": 2.1286611557,
        "min": -1.16422224045,
        "var": 8.19025325775
    },
    "melbands_spread": {
        "dmean": 3.90304660797,
        "dmean2": 5.84952449799,
        "dvar": 111.89781189,
        "dvar2": 230.903625488,
        "max": 233.401290894,
        "mean": 9.04807472229,
        "median": 4.69374275208,
        "min": 0.0039029000327,
        "var": 214.979782104
    },
    "pitch_salience": {
        "dmean": 0.106412127614,
        "dmean2": 0.164422690868,
        "dvar": 0.0117589281872,
        "dvar2": 0.0239356122911,
        "max": 0.98294788599,
        "mean": 0.505104541779,
        "median": 0.53403711319,
        "min": 0.0115764113143,
        "var": 0.0291631799191
    },
    "silence_rate_20dB": {
        "dmean": 0,
        "dmean2": 0,
        "dvar": 0,
        "dvar2": 0,
        "max": 1,
        "mean": 1,
        "median": 1,
        "min": 1,
        "var": 0
    },
    "silence_rate_30dB": {
        "dmean": 0.0594233088195,
        "dmean2": 0.118859648705,
        "dvar": 0.0558942817152,
        "dvar2": 0.115253999829,
        "max": 1,
        "mean": 0.923700928688,
        "median": 1,
        "min": 0,
        "var": 0.0704768896103
    },
    "silence_rate_60dB": {
        "dmean": 0.06775572896,
        "dmean2": 0.135526314378,
        "dvar": 0.0631585866213,
        "dvar2": 0.125054597855,
        "max": 1,
        "mean": 0.237447932363,
        "median": 0,
        "min": 0,
        "var": 0.181081980467
    },
    "spectral_centroid": {
        "dmean": 148.840164185,
        "dmean2": 218.051422119,
        "dvar": 84539.6015625,
        "dvar2": 161141.71875,
        "max": 11354.7822266,
        "mean": 575.866271973,
        "median": 402.629638672,
        "min": 72.0015258789,
        "var": 271396.375
    },
    "spectral_complexity": {
        "dmean": 2.41113901138,
        "dmean2": 3.70416665077,
        "dvar": 10.240901947,
        "dvar2": 21.7385826111,
        "max": 45,
        "mean": 9.67101478577,
        "median": 7,
        "min": 0,
        "var": 77.5908966064
    },
    "spectral_decrease": {
        "dmean": 4.41486358582e-09,
        "dmean2": 6.63959554004e-09,
        "dvar": 4.63236230804e-17,
        "dvar2": 9.33963012189e-17,
        "max": 1.18066631532e-27,
        "mean": -8.92811069519e-09,
        "median": -4.93723906203e-09,
        "min": -5.79001273593e-08,
        "var": 1.09534356742e-16
    },
    "spectral_energy": {
        "dmean": 0.0171672403812,
        "dmean2": 0.0258654281497,
        "dvar": 0.000680569559336,
        "dvar2": 0.00138028070796,
        "max": 0.224424853921,
        "mean": 0.0348996259272,
        "median": 0.0197249725461,
        "min": 1.05863673394e-20,
        "var": 0.00161577260587
    },
    "spectral_energyband_high": {
        "dmean": 0.000395848968765,
        "dmean2": 0.000635397445876,
        "dvar": 2.52983545579e-06,
        "dvar2": 6.13697511653e-06,
        "max": 0.0206943452358,
        "mean": 0.000464070297312,
        "median": 8.57248414832e-06,
        "min": 7.40361302579e-21,
        "var": 2.41749467023e-06
    },
    "spectral_energyband_low": {
        "dmean": 0.0121191190556,
        "dmean2": 0.0175476595759,
        "dvar": 0.000577861210331,
        "dvar2": 0.00103914970532,
        "max": 0.215418636799,
        "mean": 0.0199892148376,
        "median": 0.0037096850574,
        "min": 2.12034215068e-23,
        "var": 0.00126465584617
    },
    "spectral_energyband_middle_high": {
        "dmean": 0.00141693290789,
        "dmean2": 0.00234618037939,
        "dvar": 9.67275354924e-06,
        "dvar2": 2.44256771111e-05,
        "max": 0.0636809021235,
        "mean": 0.00265914574265,
        "median": 0.000358075019903,
        "min": 1.65890041911e-21,
        "var": 2.53845519183e-05
    },
    "spectral_energyband_middle_low": {
        "dmean": 0.00831385981292,
        "dmean2": 0.0140142794698,
        "dvar": 0.00022837430879,
        "dvar2": 0.000607438967563,
        "max": 0.137179508805,
        "mean": 0.0131948646158,
        "median": 0.00662665022537,
        "min": 3.01310686029e-22,
        "var": 0.000292630837066
    },
    "spectral_entropy": {
        "dmean": 0.35851624608,
        "dmean2": 0.495566815138,
        "dvar": 0.176702797413,
        "dvar2": 0.308477520943,
        "max": 9.81653594971,
        "mean": 6.20225858688,
        "median": 6.22089481354,
        "min": 3.15763878822,
        "var": 1.43253219128
    },
    "spectral_flux": {
        "dmean": 0.051439229399,
        "dmean2": 0.0777853876352,
        "dvar": 0.00382400467061,
        "dvar2": 0.00836007483304,
        "max": 0.415850311518,
        "mean": 0.0932072103024,
        "median": 0.0677953660488,
        "min": 6.71331462643e-11,
        "var": 0.00749489758164
    },
    "spectral_kurtosis": {
        "dmean": 48.3900260925,
        "dmean2": 80.6854095459,
        "dvar": 14043.1689453,
        "dvar2": 41010.984375,
        "max": 1429.77758789,
        "mean": 84.9494934082,
        "median": 19.2029800415,
        "min": -1.21366870403,
        "var": 23704.3457031
    },
    "spectral_rms": {
        "dmean": 0.00136514671613,
        "dmean2": 0.00199734349735,
        "dvar": 3.28116129822e-06,
        "dvar2": 6.45375257591e-06,
        "max": 0.0147969955578,
        "mean": 0.00474068382755,
        "median": 0.00438678404316,
        "min": 3.21374589267e-12,
        "var": 1.15744551294e-05
    },
    "spectral_rolloff": {
        "dmean": 339.750030518,
        "dmean2": 550.507385254,
        "dvar": 1447791.125,
        "dvar2": 2818241,
        "max": 20413.4765625,
        "mean": 722.55090332,
        "median": 387.59765625,
        "min": 21.533203125,
        "var": 2345080
    },
    "spectral_skewness": {
        "dmean": 1.53410375118,
        "dmean2": 2.39192581177,
        "dvar": 5.99716329575,
        "dvar2": 16.0236358643,
        "max": 31.1831684113,
        "mean": 5.65840291977,
        "median": 3.607629776,
        "min": -0.0281052757055,
        "var": 27.793176651
    },
    "spectral_spread": {
        "dmean": 895946.5625,
        "dmean2": 1309998.875,
        "dvar": 2.44207504589e+12,
        "dvar2": 4.33332866253e+12,
        "max": 40654732,
        "mean": 3186341.25,
        "median": 2649104.5,
        "min": 53238.7070312,
        "var": 7.5451948073e+12
    },
    "spectral_strongpeak": {
        "dmean": 0.339620411396,
        "dmean2": 0.534974396229,
        "dvar": 0.294741332531,
        "dvar2": 0.629441618919,
        "max": 7.49255943298,
        "mean": 0.698832392693,
        "median": 0.434499561787,
        "min": 0,
        "var": 0.761811256409
    },
    "zerocrossingrate": {
        "dmean": 0.00909832678735,
        "dmean2": 0.0101011581719,
        "dvar": 0.000382872880436,
        "dvar2": 0.000431389431469,
        "max": 0.54248046875,
        "mean": 0.0301134418696,
        "median": 0.017578125,
        "min": 0,
        "var": 0.00158688996453
    },
    "barkbands": {
        "dmean": [0.000707487168256, 0.00987982656807, 0.00482393288985, 0.00237462390214, 0.00282217143103, 0.00198673456907, 0.00142914359458, 0.00065413460834, 0.000734284869395, 0.000815566629171, 0.000229802855756, 0.000250025681453, 0.000107794505311, 0.000196733715711, 0.000102625854197, 8.22366782813e-05, 9.4256036391e-05, 5.85280249652e-05, 4.83051953779e-05, 4.84390293423e-05, 4.06479630328e-05, 5.06666183355e-05, 7.02902689227e-05, 8.32474470371e-05, 7.15406058589e-05, 7.81352864578e-05, 4.12005647377e-06],
        "dmean2": [0.00121116335504, 0.0140090538189, 0.00850003119558, 0.00411157682538, 0.00481086969376, 0.00316743901931, 0.00229252059944, 0.00104486767668, 0.00113719224464, 0.00135037302971, 0.000375958275981, 0.00042633220437, 0.000186261328054, 0.000330616778228, 0.000168568716617, 0.000140889882459, 0.000156224312377, 9.64893843047e-05, 8.0220073869e-05, 7.92494756752e-05, 6.55132389511e-05, 8.33008889458e-05, 0.000111027453386, 0.00013779613073, 0.000114748938358, 0.000127132065245, 6.67280755806e-06],
        "dvar": [7.41965413908e-06, 0.000467901787488, 0.000202985262149, 3.44016116287e-05, 4.28496314271e-05, 1.84443433682e-05, 9.96431845124e-06, 2.79791652247e-06, 3.9159044718e-06, 5.13997247253e-06, 4.53207945839e-07, 3.77757203296e-07, 1.1348512885e-07, 2.68467260867e-07, 7.71282131495e-08, 5.93163314022e-08, 7.14318559858e-08, 2.72722324723e-08, 1.6329224195e-08, 1.59093396235e-08, 1.27529586891e-08, 3.21787396729e-08, 1.08865329196e-07, 1.58014529461e-07, 7.3013431745e-08, 1.27748833734e-07, 6.10627437503e-10],
        "dvar2": [2.12921204366e-05, 0.000766272714827, 0.000555188860744, 9.53883572947e-05, 0.000116533905384, 4.50649749837e-05, 2.29904981097e-05, 5.96523341301e-06, 7.55356177251e-06, 1.26643799376e-05, 9.53457117703e-07, 1.00681643289e-06, 3.12391819079e-07, 7.37954792385e-07, 1.82461775466e-07, 1.62889094213e-07, 1.85282758025e-07, 6.77783233982e-08, 4.23103010405e-08, 4.01341040401e-08, 3.12365209254e-08, 8.18475101028e-08, 2.45908154284e-07, 4.0414656155e-07, 1.80129333671e-07, 3.1307217796e-07, 1.56283019859e-09],
        "max": [0.0497389808297, 0.206835001707, 0.128275454044, 0.0751076936722, 0.090336933732, 0.0792344510555, 0.0469442717731, 0.0382751226425, 0.0459173433483, 0.0598681271076, 0.0274846237153, 0.010723608546, 0.0116900214925, 0.0115577466786, 0.00535848457366, 0.00621191458777, 0.00500237336382, 0.00538447033614, 0.00237967190333, 0.0027293569874, 0.0026196052786, 0.00304378848523, 0.00475185317919, 0.00548505224288, 0.00336239743046, 0.00479018222541, 0.000505045289174],
        "mean": [0.000623556901701, 0.0138669852167, 0.0042673884891, 0.00256248400547, 0.00343383545987, 0.00282435724512, 0.00200206506997, 0.00090425502276, 0.00113754719496, 0.00117815448903, 0.00034069371759, 0.0003018383577, 0.000131157081341, 0.000273367360933, 0.000146020945976, 0.000105774895928, 0.000134968096972, 9.00876402739e-05, 7.55536166253e-05, 7.54963621148e-05, 6.02966210863e-05, 6.17262994638e-05, 7.31761028874e-05, 7.73516730987e-05, 7.49663813622e-05, 7.31031832402e-05, 3.42524504049e-06],
        "median": [9.50344910962e-05, 0.00102699920535, 0.000723090663087, 0.00043597293552, 0.000890384195372, 0.000869606796186, 0.000482836388983, 0.000114070884592, 0.000122970668599, 0.000116910116049, 1.90918508451e-05, 2.93226312351e-05, 7.97835855337e-06, 1.32148252305e-05, 7.16794193067e-06, 4.4282928684e-06, 3.42254656971e-06, 2.83616691377e-06, 1.41707073453e-06, 1.40838506013e-06, 7.13259055374e-07, 5.13638156008e-07, 3.76615673758e-07, 3.21631603128e-07, 1.00687066151e-06, 7.67975961935e-07, 6.42063202605e-09],
        "min": [2.38837361766e-24, 1.10796145227e-23, 3.33801837765e-24, 6.74676365748e-24, 2.48317840849e-23, 2.89129701776e-23, 2.92078400731e-23, 2.62106624602e-23, 7.35119156519e-23, 7.10868625659e-23, 6.54828578041e-23, 9.11052998194e-23, 9.61155573768e-23, 8.47890924997e-23, 9.07239960122e-23, 1.02934773964e-22, 1.12913006135e-22, 9.99326091726e-23, 1.76572301516e-22, 2.59367469191e-22, 2.96744228995e-22, 4.50831710171e-22, 3.7714510916e-22, 8.22287352534e-22, 1.02541264901e-21, 1.39808447508e-21, 2.48947618802e-21],
        "var": [4.86930093757e-06, 0.00089852482779, 0.000139738462167, 3.18619022437e-05, 4.36910013377e-05, 2.70731979981e-05, 1.67605849128e-05, 6.03904209129e-06, 9.19099238672e-06, 1.02086214611e-05, 1.72921716057e-06, 4.67678347604e-07, 1.21872446357e-07, 4.46145207889e-07, 1.44150760661e-07, 7.35401428642e-08, 1.29163424845e-07, 6.20892564029e-08, 3.71803210442e-08, 3.76875028962e-08, 2.60225405668e-08, 3.58962601865e-08, 1.06669205024e-07, 1.25959161323e-07, 6.55404619465e-08, 1.09196975018e-07, 4.90069373971e-10]
    },
    "erbbands": {
        "dmean": [0.352402001619, 2.22475838661, 5.31183624268, 6.82445812225, 8.44942855835, 9.02558231354, 15.7529411316, 14.5476388931, 24.6558113098, 11.6743221283, 18.5204963684, 13.0420713425, 22.2729873657, 15.3583116531, 6.18472290039, 9.63794708252, 6.05507135391, 7.18241548538, 7.11803388596, 5.08986282349, 3.79951047897, 5.74332666397, 3.12103223801, 3.00924706459, 2.21875405312, 2.09306097031, 1.66634821892, 1.71966993809, 1.76307463646, 2.06913614273, 1.90301287174, 1.78532493114, 1.21500587463, 0.735672295094, 0.583360493183, 0.375134289265, 0.139997363091, 0.0214231498539, 0.000482443865621, 3.27414163621e-05],
        "dmean2": [0.479483783245, 3.11958289146, 8.91488742828, 11.7816877365, 14.5514249802, 15.4265813828, 25.0283260345, 23.7670822144, 39.6240463257, 18.9894695282, 28.9085693359, 20.6520023346, 36.6192893982, 25.2432289124, 10.5091114044, 16.4703598022, 10.371884346, 12.0125513077, 11.9666252136, 8.33494663239, 6.42834329605, 9.53199100494, 5.20309352875, 4.92257642746, 3.65580272675, 3.46044826508, 2.71471261978, 2.84062576294, 2.90297985077, 3.31153845787, 2.99611258507, 2.92018222809, 1.99097216129, 1.19975876808, 0.930141210556, 0.610394954681, 0.22954441607, 0.0339140743017, 0.000759083195589, 5.0293518143e-05],
        "dvar": [0.680088102818, 22.1103496552, 206.820053101, 306.942626953, 415.351135254, 492.094604492, 1090.37573242, 1195.52697754, 3011.92016602, 1176.94665527, 2108.5378418, 1133.94116211, 3511.44165039, 1575.00231934, 283.671844482, 549.102783203, 296.418395996, 429.111572266, 308.13079834, 162.220108032, 132.060043335, 279.412353516, 88.2777709961, 61.5959320068, 33.5580024719, 29.1488666534, 18.6646080017, 29.2501163483, 39.4013977051, 67.8476486206, 76.9027404785, 75.7461395264, 29.8682498932, 8.13394355774, 4.92344856262, 2.57959723473, 0.473960876465, 0.0120138004422, 6.20846503807e-06, 6.40238706495e-09],
        "dvar2": [1.13193047047, 39.8625793457, 540.877746582, 841.837524414, 1140.25317383, 1342.78881836, 2699.91235352, 2910.09423828, 6970.09863281, 2753.05664062, 4229.26757812, 2334.16064453, 8379.60449219, 3757.84375, 749.064147949, 1471.76074219, 802.005554199, 1166.40905762, 835.710266113, 401.921905518, 359.159332275, 724.38659668, 220.829162598, 152.160049438, 85.6654205322, 73.4960021973, 44.0745124817, 74.3741912842, 101.692626953, 154.175033569, 172.860534668, 190.978424072, 75.879737854, 20.4855213165, 12.0463962555, 6.36763286591, 1.18852412701, 0.0284236539155, 1.48760673255e-05, 1.50315404568e-08],
        "max": [9.35533332825, 40.1532287598, 126.975357056, 190.653366089, 310.085693359, 278.516845703, 470.370025635, 972.372253418, 772.333190918, 1085.1776123, 1008.26269531, 887.409606934, 2344.32836914, 1089.5645752, 383.419494629, 352.39956665, 572.657592773, 626.222900391, 286.120391846, 200.44670105, 421.607757568, 351.690612793, 370.663848877, 122.967765808, 116.44884491, 104.195014954, 72.830657959, 143.58757019, 109.921775818, 113.515014648, 121.889915466, 117.899612427, 74.4072875977, 32.7288093567, 31.5679683685, 20.8903026581, 9.41566753387, 1.77014756203, 0.0422832369804, 0.00113168847747],
        "mean": [0.414565742016, 3.0160279274, 5.33648300171, 7.16824245453, 10.0203781128, 10.6012144089, 21.121049881, 20.9517478943, 34.4387397766, 16.3256454468, 27.492351532, 20.3076171875, 33.3843574524, 23.6388263702, 8.73644351959, 11.92050457, 7.89692687988, 10.3134450912, 10.6273727417, 7.69118595123, 5.5486125946, 8.26038169861, 4.99743843079, 4.90536546707, 3.48697376251, 3.27803683281, 2.69882535934, 2.37158894539, 2.20748496056, 2.22213983536, 1.98247087002, 1.69605541229, 1.15472483635, 0.719408214092, 0.624244749546, 0.366840988398, 0.124479614198, 0.0199990514666, 0.000458487513242, 5.33809106855e-05],
        "median": [0.0100776776671, 0.316300868988, 1.30573379993, 1.78979122639, 2.81671023369, 2.59408807755, 6.84558868408, 6.00097036362, 8.74637985229, 2.75351953506, 3.84883141518, 2.89221811295, 3.86061215401, 2.70002698898, 0.769696474075, 1.20370233059, 0.684133887291, 0.580721139908, 0.654461026192, 0.491440176964, 0.261654525995, 0.224548727274, 0.153805464506, 0.142853796482, 0.0806017369032, 0.0541817322373, 0.0381893292069, 0.0266245659441, 0.0199680812657, 0.0137837789953, 0.00960804894567, 0.00679245125502, 0.00532295741141, 0.00606081169099, 0.00810555461794, 0.00458534248173, 0.00105817755684, 0.00010306717013, 1.94460917555e-05, 2.67525811068e-05],
        "min": [2.56566394511e-22, 2.55000577558e-21, 5.29369783029e-21, 2.02529162999e-20, 3.26292637108e-20, 1.02354650451e-19, 1.80968687409e-19, 3.36814736391e-19, 4.06696091913e-19, 4.64059800773e-19, 8.23497590876e-19, 1.2648994671e-18, 2.62258750583e-18, 2.17454740179e-18, 3.64738342788e-18, 3.67835348361e-18, 3.41252348413e-18, 4.36305719873e-18, 6.11785138509e-18, 3.89068702454e-18, 8.03794231403e-18, 6.52076278966e-18, 5.62738828936e-18, 7.83233251071e-18, 1.09539847567e-17, 1.19851224657e-17, 1.2842955083e-17, 1.1387062611e-17, 1.26373155012e-17, 1.41111073345e-17, 1.03534706571e-17, 1.53216232952e-17, 1.42042958479e-17, 9.51916801948e-18, 9.72650497592e-18, 5.2748306774e-18, 2.73940443348e-18, 1.17440756245e-18, 3.72420389816e-19, 3.59198431175e-20],
        "var": [1.09543275833, 41.079788208, 168.475906372, 257.874755859, 406.994567871, 482.854034424, 1439.91430664, 1838.07653809, 4980.19921875, 2089.44824219, 4709.63671875, 2465.03979492, 8174.68261719, 4228.13769531, 481.315490723, 688.911743164, 346.094787598, 687.584594727, 558.692871094, 305.592712402, 187.914382935, 498.462890625, 218.531021118, 142.801086426, 77.7359237671, 69.6215667725, 47.9661064148, 45.260433197, 45.240978241, 70.7813873291, 76.0188369751, 61.4182662964, 24.9567279816, 6.98266172409, 4.5165605545, 2.19667172432, 0.385586768389, 0.0111258458346, 5.64595120522e-06, 7.21237158885e-09]
    },
    "gfcc": {
        "mean": [-170.032852173, 161.586853027, -58.3643798828, 1.88239586353, -46.7839698792, -1.04077744484, -33.8497810364, 1.72731852531, -20.9043312073, 0.73093354702, -13.5992326736, -1.65818655491, -5.49713754654],
        "cov": [[45877.7929688, -11060.4316406, -8290.54785156, 2320.73291016, -2031.53662109, 2136.33178711, -1577.68151855, 2194.89086914, -1286.2010498, 1196.37841797, -1526.71801758, 810.468383789, -953.159606934], [-11060.4316406, 5109.50048828, 1741.13635254, -1250.02746582, 937.721740723, -868.69732666, 615.439453125, -874.618408203, 480.212463379, -510.989196777, 560.425598145, -379.327301025, 407.012908936], [-8290.54785156, 1741.13635254, 4201.41748047, -200.337051392, 647.96862793, 104.402526855, 363.588317871, 10.6652984619, 280.243377686, 32.6427116394, 260.087646484, -2.61073684692, 81.5657043457], [2320.73291016, -1250.02746582, -200.337051392, 1007.41375732, -83.2462234497, 307.18661499, 45.0274581909, 160.577102661, 13.2214126587, 78.6476974487, -22.5831871033, 64.9476394653, -75.6010665894], [-2031.53662109, 937.721740723, 647.96862793, -83.2462234497, 581.782836914, 17.0632324219, 214.872390747, -20.2158546448, 123.427574158, -8.28669834137, 113.81615448, -32.2361030579, 64.7615280151], [2136.33178711, -868.69732666, 104.402526855, 307.18661499, 17.0632324219, 418.117370605, -0.254369199276, 298.134094238, -35.7268257141, 158.836578369, -87.8899307251, 103.181251526, -72.6596603394], [-1577.68151855, 615.439453125, 363.588317871, 45.0274581909, 214.872390747, -0.254369199276, 277.676391602, -54.0297889709, 157.301254272, -61.2776069641, 120.769378662, -34.4954299927, 77.4745330811], [2194.89086914, -874.618408203, 10.6652984619, 160.577102661, -20.2158546448, 298.134094238, -54.0297889709, 421.965148926, -50.1646385193, 207.519561768, -139.857925415, 107.803436279, -78.1915893555], [-1286.2010498, 480.212463379, 280.243377686, 13.2214126587, 123.427574158, -35.7268257141, 157.301254272, -50.1646385193, 187.268692017, -17.813293457, 122.100608826, -34.4899177551, 66.5182342529], [1196.37841797, -510.989196777, 32.6427116394, 78.6476974487, -8.28669834137, 158.836578369, -61.2776069641, 207.519561768, -17.813293457, 193.95425415, -38.9002037048, 81.7991409302, -52.8722686768], [-1526.71801758, 560.425598145, 260.087646484, -22.5831871033, 113.81615448, -87.8899307251, 120.769378662, -139.857925415, 122.100608826, -38.9002037048, 191.721328735, -8.22914886475, 73.6442718506], [810.468383789, -379.327301025, -2.61073684692, 64.9476394653, -32.2361030579, 103.181251526, -34.4954299927, 107.803436279, -34.4899177551, 81.7991409302, -8.22914886475, 111.839920044, -1.37436902523], [-953.159606934, 407.012908936, 81.5657043457, -75.6010665894, 64.7615280151, -72.6596603394, 77.4745330811, -78.1915893555, 66.5182342529, -52.8722686768, 73.6442718506, -1.37436902523, 105.193054199]],
        "icov": [[8.22074944153e-05, -8.37488005345e-06, 0.000142741584568, -5.05908647028e-05, 3.99684176955e-05, -0.000264365080511, 0.000147335522342, -0.000114403956104, 2.52218410424e-06, -1.91857234313e-05, 8.62243468873e-05, -0.00015721937234, 0.000155833171448], [-8.37488005345e-06, 0.00197260407731, -0.000319637649227, 0.00148244167212, -0.00151746242773, 0.00117604632396, -0.00124157825485, 0.00067525258055, -0.00013815802231, 0.000639167206828, -0.00151280476712, 0.00268396129832, -0.00172935193405], [0.000142741584568, -0.000319637649227, 0.000613427429926, -0.000192396619241, 6.70109584462e-05, -0.000799640605692, 0.000362307793694, -0.000341386155924, -0.000217888897168, -3.65490741387e-05, 0.000108079664642, -0.000816856045276, 0.000835099548567], [-5.05908647028e-05, 0.00148244167212, -0.000192396619241, 0.00264026294462, -0.00084242306184, -0.000252990575973, -0.00143133616075, 0.000769874837715, -0.000660221383441, 0.000968120875768, -0.00157156505156, 0.001634712331, -0.000151561238454], [3.99684176955e-05, -0.00151746242773, 6.70109584462e-05, -0.00084242306184, 0.00408683298156, -0.001421150635, -0.00106521043926, -0.000675954448525, 0.00122133456171, -0.00164907088038, 0.000328673952026, -0.000520168920048, 0.000522478192579], [-0.000264365080511, 0.00117604632396, -0.000799640605692, -0.000252990575973, -0.001421150635, 0.00847234204412, -0.00285101635382, -0.00200658617541, 0.000490404025186, -0.000341193925124, 4.05182690884e-05, -0.000730862142518, 0.000308159447741], [0.000147335522342, -0.00124157825485, 0.000362307793694, -0.00143133616075, -0.00106521043926, -0.00285101635382, 0.0120498826727, -0.00240275613032, -0.00581381656229, 0.00478317588568, -0.00116113573313, -0.0014632337261, -0.000270656950306], [-0.000114403956104, 0.00067525258055, -0.000341386155924, 0.000769874837715, -0.000675954448525, -0.00200658617541, -0.00240275613032, 0.0109112048522, -0.00246988865547, -0.00656457431614, 0.00698455609381, -0.00239143124782, -0.00057977886172], [2.52218410424e-06, -0.00013815802231, -0.000217888897168, -0.000660221383441, 0.00122133456171, 0.000490404025186, -0.00581381656229, -0.00246988865547, 0.0179106574506, -0.00487016001716, -0.00772180547938, 0.00882251095027, -0.00596768734977], [-1.91857234313e-05, 0.000639167206828, -3.65490741387e-05, 0.000968120875768, -0.00164907088038, -0.000341193925124, 0.00478317588568, -0.00656457431614, -0.00487016001716, 0.0177242234349, -0.00448594940826, -0.005341373384, 0.00551338680089], [8.62243468873e-05, -0.00151280476712, 0.000108079664642, -0.00157156505156, 0.000328673952026, 4.05182690884e-05, -0.00116113573313, 0.00698455609381, -0.00772180547938, -0.00448594940826, 0.0190678481013, -0.00956570077688, 0.000447877711849], [-0.00015721937234, 0.00268396129832, -0.000816856045276, 0.001634712331, -0.000520168920048, -0.000730862142518, -0.0014632337261, -0.00239143124782, 0.00882251095027, -0.005341373384, -0.00956570077688, 0.026368400082, -0.0121078500524], [0.000155833171448, -0.00172935193405, 0.000835099548567, -0.000151561238454, 0.000522478192579, 0.000308159447741, -0.000270656950306, -0.00057977886172, -0.00596768734977, 0.00551338680089, 0.000447877711849, -0.0121078500524, 0.0225857049227]]
    },
    "melbands": {
        "dmean": [0.00286820693873, 0.00256885285489, 0.00120076083113, 0.000616067554802, 0.000508593395352, 0.000358333985787, 0.000334440061124, 0.000123077596072, 0.000175682507688, 7.4590643635e-05, 0.000118364368973, 7.28209270164e-05, 2.28315730055e-05, 1.77399106178e-05, 3.30868351739e-05, 8.10807432572e-06, 1.55555990204e-05, 1.37642618938e-05, 9.80843560683e-06, 6.88243562763e-06, 3.8776670408e-06, 7.09770347385e-06, 2.76679793387e-06, 2.78632046502e-06, 2.57688020611e-06, 1.77166043613e-06, 1.81441441782e-06, 1.48721539972e-06, 1.14002739338e-06, 1.00944328096e-06, 9.91136175799e-07, 1.0527323866e-06, 9.71416511675e-07, 1.30459170578e-06, 1.1118842167e-06, 1.07620314793e-06, 1.15430191272e-06, 8.87747887646e-07, 7.29201019567e-07, 6.0211402797e-07],
        "dmean2": [0.00399369839579, 0.00391680002213, 0.00204614922404, 0.00105890748091, 0.000820160552394, 0.000580120424274, 0.000539688451681, 0.000200005641091, 0.000271596189123, 0.000118398558698, 0.000194735388504, 0.000119996606372, 3.83595834137e-05, 3.02804764942e-05, 5.63040448469e-05, 1.40539177664e-05, 2.59908138105e-05, 2.34133476624e-05, 1.60518866323e-05, 1.17547187983e-05, 6.59447778162e-06, 1.18384223242e-05, 4.60443106931e-06, 4.60626961285e-06, 4.24487780037e-06, 2.98242093777e-06, 3.02268904306e-06, 2.49110803452e-06, 1.86587499229e-06, 1.63346305726e-06, 1.6622154817e-06, 1.75862419383e-06, 1.58474267664e-06, 2.08570372706e-06, 1.76442529209e-06, 1.74818626419e-06, 1.89916215732e-06, 1.47165724229e-06, 1.18857280995e-06, 9.93917751657e-07],
        "dvar": [4.20436554123e-05, 3.41479499184e-05, 8.3309605543e-06, 2.30037767324e-06, 1.13075941499e-06, 6.28939005765e-07, 5.41548558886e-07, 1.44533103708e-07, 2.17410629944e-07, 3.70304711339e-08, 1.01166364175e-07, 3.70409765083e-08, 3.71338759741e-09, 2.45599696136e-09, 7.07002190126e-09, 1.22887955367e-09, 2.1180537324e-09, 1.38727995758e-09, 8.11046341198e-10, 4.21187529298e-10, 1.79787795762e-10, 4.44040859637e-10, 6.51958556586e-11, 6.42393638284e-11, 4.72640017402e-11, 2.38725757912e-11, 2.78677116106e-11, 1.6430249522e-11, 9.31236077834e-12, 8.12967228259e-12, 1.0660662457e-11, 1.44319452222e-11, 1.2482324202e-11, 3.18044583725e-11, 2.84997043326e-11, 2.62898470355e-11, 3.19762272216e-11, 1.95323549002e-11, 1.00744907208e-11, 5.33658837606e-12],
        "dvar2": [6.55764888506e-05, 7.91404891061e-05, 2.25393596338e-05, 6.30798422208e-06, 2.86987778964e-06, 1.54602764724e-06, 1.27058819999e-06, 3.27041618675e-07, 4.2434550096e-07, 7.7573609758e-08, 2.42770653358e-07, 9.08297650426e-08, 8.95917917632e-09, 6.60075505365e-09, 1.84926332025e-08, 3.41981865049e-09, 5.76931880047e-09, 3.85984089135e-09, 1.88193549633e-09, 1.15461917805e-09, 4.90587626079e-10, 1.15976783732e-09, 1.63060939751e-10, 1.6439245798e-10, 1.18138110405e-10, 6.35293970208e-11, 7.50591047649e-11, 4.27537970304e-11, 2.25840648266e-11, 2.04470537724e-11, 2.74563219382e-11, 3.83391755843e-11, 3.01535185709e-11, 7.29714275116e-11, 6.41235883836e-11, 6.4229711827e-11, 8.20511505961e-11, 5.09791757419e-11, 2.60366832261e-11, 1.36272408288e-11],
        "max": [0.0680879205465, 0.0542568825185, 0.031726051122, 0.0238829888403, 0.0122018959373, 0.0192179903388, 0.0101082166657, 0.0109395664185, 0.0110105313361, 0.00587629899383, 0.0116191441193, 0.00435854215175, 0.00176781206392, 0.00141989020631, 0.00126274430659, 0.0014254511334, 0.00143030600157, 0.000655049982015, 0.000587724556681, 0.0003563350474, 0.000488387595396, 0.000393611844629, 0.000290794007014, 0.000192794206669, 0.000113871312351, 9.85400474747e-05, 0.000123834004626, 7.64704673202e-05, 5.70498450543e-05, 7.485277456e-05, 7.00499294908e-05, 6.52559829177e-05, 6.20769787929e-05, 7.52221312723e-05, 7.54408320063e-05, 7.41478579585e-05, 8.07517208159e-05, 6.32244555163e-05, 5.20743051311e-05, 2.71669723588e-05],
        "mean": [0.00382817466743, 0.00328158307821, 0.0013433562126, 0.000741078634746, 0.000672907044645, 0.000527211348526, 0.000464877899503, 0.000163356453413, 0.000262292509433, 0.000114781323646, 0.00017393293092, 0.000107912346721, 3.27936759277e-05, 2.18691220653e-05, 3.96971809096e-05, 9.72796078713e-06, 2.17605665966e-05, 1.8675777028e-05, 1.36615599331e-05, 8.71642077982e-06, 5.35917479283e-06, 9.77240779321e-06, 4.30866975876e-06, 4.23106075687e-06, 4.00876069762e-06, 2.61376999333e-06, 2.51792948802e-06, 2.1663518055e-06, 1.76884350367e-06, 1.45352191794e-06, 1.28775729991e-06, 1.28661019971e-06, 1.11519250368e-06, 1.32531056352e-06, 1.1393724435e-06, 1.0729851283e-06, 1.0508908872e-06, 8.16520071112e-07, 7.04533306362e-07, 5.75482943077e-07],
        "median": [0.000196125591174, 0.000724301440641, 0.000416889350163, 0.000193525964278, 0.000214752246393, 0.000162964250194, 0.000120306918689, 1.40702868521e-05, 3.15672368743e-05, 1.42182025229e-05, 1.78277950909e-05, 1.18622610898e-05, 2.15437603401e-06, 1.963791874e-06, 3.19483297062e-06, 4.87340230393e-07, 1.02216370124e-06, 9.36087189984e-07, 6.27215740678e-07, 4.22693801738e-07, 1.64309341244e-07, 2.38780785367e-07, 1.10981012824e-07, 1.27715424014e-07, 9.87225092786e-08, 4.69133212277e-08, 4.68679886012e-08, 2.84916925608e-08, 2.41561295411e-08, 1.63313949031e-08, 1.30562849421e-08, 1.20140626336e-08, 7.05419411773e-09, 7.42071959436e-09, 5.56552404163e-09, 4.78802775206e-09, 3.53973561573e-09, 3.4604150656e-09, 3.19393955728e-09, 4.19524059936e-09],
        "min": [2.84999332572e-24, 3.1790325341e-24, 5.04309073719e-24, 4.77448517668e-24, 6.35859202729e-24, 6.45554776571e-24, 6.22828167208e-24, 6.67833944028e-24, 7.27638830316e-24, 9.27879574851e-24, 1.32620644813e-23, 9.05668959407e-24, 1.03156847775e-23, 1.23742520196e-23, 6.17524024253e-24, 9.54899165261e-24, 7.0670632731e-24, 1.03589948189e-23, 5.98317903895e-24, 6.11234988459e-24, 9.53541062326e-24, 7.01200945939e-24, 4.62112785569e-24, 5.66693259066e-24, 6.05733551392e-24, 6.97609025579e-24, 1.0002899062e-23, 7.03389009432e-24, 6.3688282864e-24, 6.91635376374e-24, 6.41360284808e-24, 5.79164992205e-24, 8.38773791302e-24, 6.64471029989e-24, 5.41380408668e-24, 7.6140712577e-24, 9.3298831696e-24, 8.88768324487e-24, 8.48243672039e-24, 7.86443283205e-24],
        "var": [7.71975974203e-05, 4.42526797997e-05, 7.26513781046e-06, 2.26451220442e-06, 1.41853251989e-06, 9.44500357036e-07, 8.71996860496e-07, 2.79377161405e-07, 4.93612560604e-07, 7.81440050446e-08, 2.26638505296e-07, 8.41690166453e-08, 9.78590986023e-09, 2.93029112086e-09, 9.23841270151e-09, 1.21656729135e-09, 3.36237171439e-09, 2.17033502281e-09, 1.49763179635e-09, 5.2242282722e-10, 2.4414598121e-10, 7.50188133836e-10, 1.57431068182e-10, 1.29244628888e-10, 1.01667473051e-10, 4.8020351584e-11, 4.85450117604e-11, 3.43095447886e-11, 2.25307481005e-11, 1.57909501447e-11, 1.42009529136e-11, 1.57049945965e-11, 1.3830717821e-11, 3.12468627361e-11, 2.77141209287e-11, 2.2946377437e-11, 2.49203799957e-11, 1.52723667046e-11, 8.28508789352e-12, 4.46100014567e-12]
    },
    "mfcc": {
        "mean": [-796.013183594, 169.895019531, 43.140838623, 21.8705368042, 7.14720726013, 1.64176285267, -1.31806373596, -1.23423087597, -0.865374743938, -1.10141468048, -3.0014500618, -4.72240638733, -2.56474947929],
        "cov": [[25855.4667969, -1541.96484375, -5045.58886719, -1197.07287598, -1133.7409668, -333.639526367, -277.941040039, 247.575149536, 154.48614502, 231.503036499, -32.8729171753, -66.336555481, -264.257232666], [-1541.96484375, 3111.86474609, 186.554992676, -238.154922485, 40.4326934814, -55.4225311279, 75.4226913452, -50.108669281, 58.0419960022, -13.1398601532, 37.6727180481, -49.0921859741, 32.0473747253], [-5045.58886719, 186.554992676, 2326.13891602, 490.782653809, 456.915527344, 191.314712524, 193.857574463, 72.4414367676, 52.0273666382, 23.5970077515, 87.9890670776, 77.6940841675, 125.419487], [-1197.07287598, -238.154922485, 490.782653809, 592.275268555, 247.768417358, 186.204833984, 109.655845642, 86.9147796631, 37.4191169739, 39.7307281494, 38.3567504883, 70.4179458618, 58.5433807373], [-1133.7409668, 40.4326934814, 456.915527344, 247.768417358, 358.719970703, 154.829742432, 143.608184814, 78.9021682739, 78.9060745239, 49.6533622742, 76.3236465454, 50.7906837463, 71.3482513428], [-333.639526367, -55.4225311279, 191.314712524, 186.204833984, 154.829742432, 217.60256958, 115.554267883, 82.3839416504, 38.355758667, 42.2517623901, 31.4252624512, 50.9071769714, 47.6020393372], [-277.941040039, 75.4226913452, 193.857574463, 109.655845642, 143.608184814, 115.554267883, 156.160888672, 102.602737427, 74.9502487183, 47.6491394043, 49.8041801453, 37.8558349609, 41.2683753967], [247.575149536, -50.108669281, 72.4414367676, 86.9147796631, 78.9021682739, 82.3839416504, 102.602737427, 142.614532471, 102.39931488, 64.2173690796, 42.0944595337, 33.5357055664, 27.5550098419], [154.48614502, 58.0419960022, 52.0273666382, 37.4191169739, 78.9060745239, 38.355758667, 74.9502487183, 102.39931488, 148.194442749, 91.973526001, 56.6815986633, 19.3914833069, 19.7886810303], [231.503036499, -13.1398601532, 23.5970077515, 39.7307281494, 49.6533622742, 42.2517623901, 47.6491394043, 64.2173690796, 91.973526001, 115.145133972, 71.695892334, 23.0018348694, 16.4172554016], [-32.8729171753, 37.6727180481, 87.9890670776, 38.3567504883, 76.3236465454, 31.4252624512, 49.8041801453, 42.0944595337, 56.6815986633, 71.695892334, 102.949874878, 48.7950592041, 35.2684135437], [-66.336555481, -49.0921859741, 77.6940841675, 70.4179458618, 50.7906837463, 50.9071769714, 37.8558349609, 33.5357055664, 19.3914833069, 23.0018348694, 48.7950592041, 91.0160827637, 56.422870636], [-264.257232666, 32.0473747253, 125.419487, 58.5433807373, 71.3482513428, 47.6020393372, 41.2683753967, 27.5550098419, 19.7886810303, 16.4172554016, 35.2684135437, 56.422870636, 85.6234512329]],
