{
"lowlevel": {
    "average_loudness": 0.983162343502,
    "barkbands_crest": {
        "dmean": 3.31227779388,
        "dmean2": 5.13353443146,
        "dvar": 12.3329133987,
        "dvar2": 25.282371521,
        "max": 26.374048233,
        "mean": 17.3505134583,
        "median": 18.0205593109,
        "min": 2.48684048653,
        "var": 35.1871109009
    },
    "barkbands_flatness_db": {
        "dmean": 0.0494755804539,
        "dmean2": 0.0686187669635,
        "dvar": 0.00282668205909,
        "dvar2": 0.00540870148689,
        "max": 0.716277658939,
        "mean": 0.267993420362,
        "median": 0.246789470315,
        "min": 0.0231888536364,
        "var": 0.0151932789013
    },
    "barkbands_kurtosis": {
        "dmean": 73.5798873901,
        "dmean2": 102.764762878,
        "dvar": 42730.4765625,
        "dvar2": 86233.609375,
        "max": 3453.64868164,
        "mean": 125.02835083,
        "median": 29.8902587891,
        "min": -1.92184972763,
        "var": 88063.421875
    },
    "barkbands_skewness": {
        "dmean": 2.43588447571,
        "dmean2": 3.39124274254,
        "dvar": 10.8648176193,
        "dvar2": 21.3203754425,
        "max": 45.5861129761,
        "mean": 6.30349159241,
        "median": 4.82595539093,
        "min": -3.52056384087,
        "var": 33.3348426819
    },
    "barkbands_spread": {
        "dmean": 5.91363477707,
        "dmean2": 9.63474082947,
        "dvar": 116.413223267,
        "dvar2": 271.77456665,
        "max": 137.42350769,
        "mean": 10.5517940521,
        "median": 5.62191963196,
        "min": 0.071254260838,
        "var": 233.006256104
    },
    "dissonance": {
        "dmean": 0.0238039903343,
        "dmean2": 0.0401015430689,
        "dvar": 0.000862122455146,
        "dvar2": 0.00226769177243,
        "max": 0.49999961257,
        "mean": 0.45721244812,
        "median": 0.473441839218,
        "min": 0.229830414057,
        "var": 0.00196539354511
    },
    "dynamic_complexity": 4.55321073532,
    "erbbands_crest": {
        "dmean": 3.65829133987,
        "dmean2": 5.6027340889,
        "dvar": 14.4509515762,
        "dvar2": 29.8015079498,
        "max": 33.2617683411,
        "mean": 12.2160243988,
        "median": 10.5719890594,
        "min": 2.07899856567,
        "var": 49.6669425964
    },
    "erbbands_flatness_db": {
        "dmean": 0.025012595579,
        "dmean2": 0.0375445894897,
        "dvar": 0.000845438451506,
        "dvar2": 0.0017458734801,
        "max": 0.474720031023,
        "mean": 0.149482980371,
        "median": 0.132282525301,
        "min": 0.0516429282725,
        "var": 0.00379837187938
    },
    "erbbands_kurtosis": {
        "dmean": 4.09545469284,
        "dmean2": 6.66143465042,
        "dvar": 156.357543945,
        "dvar2": 358.286621094,
        "max": 204.390594482,
        "mean": 4.59579181671,
        "median": -0.0255854129791,
        "min": -1.89204347134,
        "var": 335.64364624
    },
    "erbbands_skewness": {
        "dmean": 0.679765343666,
        "dmean2": 1.03031229973,
        "dvar": 1.01712453365,
        "dvar2": 2.0545873642,
        "max": 13.2622308731,
        "mean": 1.05307328701,
        "median": 0.64642727375,
        "min": -2.24850869179,
        "var": 3.32639551163
    },
    "erbbands_spread": {
        "dmean": 15.4477500916,
        "dmean2": 22.6783866882,
        "dvar": 316.333709717,
        "dvar2": 609.22076416,
        "max": 178.986419678,
        "mean": 63.3587989807,
        "median": 54.3796043396,
        "min": 0.671472847462,
        "var": 1735.91235352
    },
    "hfc": {
        "dmean": 7.88725757599,
        "dmean2": 12.2279720306,
        "dvar": 143.847824097,
        "dvar2": 309.371154785,
        "max": 96.4920425415,
        "mean": 17.0143051147,
        "median": 12.4005432129,
        "min": 1.11472182837e-16,
        "var": 266.205566406
    },
    "melbands_crest": {
        "dmean": 3.97790908813,
        "dmean2": 5.77643537521,
        "dvar": 17.7988128662,
        "dvar2": 36.9882049561,
        "max": 39.8886299133,
        "mean": 24.243396759,
        "median": 23.9364833832,
        "min": 1.00068163872,
        "var": 74.4070281982
    },
    "melbands_flatness_db": {
        "dmean": 0.0556702315807,
        "dmean2": 0.0775861367583,
        "dvar": 0.00418355688453,
        "dvar2": 0.0077647655271,
        "max": 0.853257834911,
        "mean": 0.355230420828,
        "median": 0.336781769991,
        "min": -1.55315632355e-07,
        "var": 0.0207413528115
    },
    "melbands_kurtosis": {
        "dmean": 139.243057251,
        "dmean2": 191.745376587,
        "dvar": 90052.0390625,
        "dvar2": 174733.328125,
        "max": 5030.75732422,
        "mean": 247.176544189,
        "median": 82.5552597046,
        "min": -1.7169315815,
        "var": 207638.328125
    },
    "melbands_skewness": {
        "dmean": 2.90737891197,
        "dmean2": 4.02306652069,
        "dvar": 13.1757440567,
        "dvar2": 23.5158462524,
        "max": 64.7238693237,
        "mean": 8.91337585449,
        "median": 6.86246395111,
        "min": -3.93702173233,
        "var": 61.5618019104
    },
    "melbands_spread": {
        "dmean": 5.78838777542,
        "dmean2": 9.23492908478,
        "dvar": 184.789352417,
        "dvar2": 373.132659912,
        "max": 246.598388672,
        "mean": 10.5533065796,
        "median": 3.54431223869,
        "min": 0.0648134127259,
        "var": 601.967102051
    },
    "pitch_salience": {
        "dmean": 0.103624753654,
        "dmean2": 0.158885776997,
        "dvar": 0.0143061168492,
        "dvar2": 0.0312601588666,
        "max": 0.996050536633,
        "mean": 0.337515741587,
        "median": 0.353770703077,
        "min": 0.00697170197964,
        "var": 0.0399900786579
    },
    "silence_rate_20dB": {
        "dmean": 0.0742514953017,
        "dmean2": 0.148532643914,
        "dvar": 0.0687392205,
        "dvar2": 0.144033163786,
        "max": 1,
        "mean": 0.917381763458,
        "median": 1,
        "min": 0,
        "var": 0.0757942125201
    },
    "silence_rate_30dB": {
        "dmean": 0.117764472961,
        "dmean2": 0.235575959086,
        "dvar": 0.103891372681,
        "dvar2": 0.19205147028,
        "max": 1,
        "mean": 0.566354036331,
        "median": 1,
        "min": 0,
        "var": 0.245592653751
    },
    "silence_rate_60dB": {
        "dmean": 0.0774451121688,
        "dmean2": 0.154921144247,
        "dvar": 0.0714505165815,
        "dvar2": 0.158463388681,
        "max": 1,
        "mean": 0.143683895469,
        "median": 0,
        "min": 0,
        "var": 0.12302941829
    },
    "spectral_centroid": {
        "dmean": 322.567901611,
        "dmean2": 516.213317871,
        "dvar": 240424.703125,
        "dvar2": 532867.25,
        "max": 11500.3154297,
        "mean": 1056.75219727,
        "median": 863.518188477,
        "min": 54.5630455017,
        "var": 1082839.875
    },
    "spectral_complexity": {
        "dmean": 3.07025957108,
        "dmean2": 4.99381113052,
        "dvar": 26.1285171509,
        "dvar2": 61.9566040039,
        "max": 46,
        "mean": 7.43284749985,
        "median": 6,
        "min": 0,
        "var": 41.9268035889
    },
    "spectral_decrease": {
        "dmean": 1.41002365339e-08,
        "dmean2": 2.09939283735e-08,
        "dvar": 3.33880244305e-16,
        "dvar2": 6.20006041594e-16,
        "max": 1.78833910175e-28,
        "mean": -3.14413313163e-08,
        "median": -2.00672793937e-08,
        "min": -1.44954114489e-07,
        "var": 1.07172114201e-15
    },
    "spectral_energy": {
        "dmean": 0.0537661425769,
        "dmean2": 0.0799639597535,
        "dvar": 0.00479886308312,
        "dvar2": 0.00890229921788,
        "max": 0.551236331463,
        "mean": 0.120209857821,
        "median": 0.0775822103024,
        "min": 9.93894826045e-21,
        "var": 0.0154845044017
    },
    "spectral_energyband_high": {
        "dmean": 0.000366816559108,
        "dmean2": 0.000602225307375,
        "dvar": 6.98120118159e-07,
        "dvar2": 1.78711820809e-06,
        "max": 0.00654612807557,
        "mean": 0.000554768368602,
        "median": 0.000365184911061,
        "min": 7.28071046575e-21,
        "var": 7.15857311206e-07
    },
    "spectral_energyband_low": {
        "dmean": 0.0511782541871,
        "dmean2": 0.0772527009249,
        "dvar": 0.00504838488996,
        "dvar2": 0.00954860076308,
        "max": 0.54140663147,
        "mean": 0.109320066869,
        "median": 0.0604502484202,
        "min": 2.06017636053e-23,
        "var": 0.0152539536357
    },
    "spectral_energyband_middle_high": {
        "dmean": 0.00112874235492,
        "dmean2": 0.001852890593,
        "dvar": 7.58791520639e-06,
        "dvar2": 1.79386843229e-05,
        "max": 0.0500501617789,
        "mean": 0.00182461820077,
        "median": 0.000503066868987,
        "min": 1.10814484665e-21,
        "var": 1.5469162463e-05
    },
    "spectral_energyband_middle_low": {
        "dmean": 0.00825517810881,
        "dmean2": 0.0142863085493,
        "dvar": 0.000297606457025,
        "dvar2": 0.000804572715424,
        "max": 0.123248696327,
        "mean": 0.0106454668567,
        "median": 0.00451606698334,
        "min": 1.24986844144e-22,
        "var": 0.000279667583527
    },
    "spectral_entropy": {
        "dmean": 0.318719238043,
        "dmean2": 0.498042583466,
        "dvar": 0.181307837367,
        "dvar2": 0.424062162638,
        "max": 9.81452941895,
        "mean": 7.39330434799,
        "median": 7.56847429276,
        "min": 4.6928319931,
        "var": 0.546156525612
    },
    "spectral_flux": {
        "dmean": 0.0927980691195,
        "dmean2": 0.144097149372,
        "dvar": 0.00932084303349,
        "dvar2": 0.0162745080888,
        "max": 0.614468276501,
        "mean": 0.140281200409,
        "median": 0.0942539125681,
        "min": 6.10819658742e-11,
        "var": 0.0179715454578
    },
    "spectral_kurtosis": {
        "dmean": 1.4416205883,
        "dmean2": 2.37398982048,
        "dvar": 4.61455392838,
        "dvar2": 11.7235279083,
        "max": 26.4383983612,
        "mean": 3.06036829948,
        "median": 1.92518663406,
        "min": -1.2581089735,
        "var": 10.677195549
    },
    "spectral_rms": {
        "dmean": 0.00253444234841,
        "dmean2": 0.00354034872726,
        "dvar": 8.02912836662e-06,
        "dvar2": 1.22922865557e-05,
        "max": 0.0231903325766,
        "mean": 0.00895557180047,
        "median": 0.00869999732822,
        "min": 3.11392600073e-12,
        "var": 3.70755260519e-05
    },
    "spectral_rolloff": {
        "dmean": 404.700012207,
        "dmean2": 709.505981445,
        "dvar": 1775840.875,
        "dvar2": 3811420,
        "max": 19573.6816406,
        "mean": 821.428527832,
        "median": 129.19921875,
        "min": 21.533203125,
        "var": 6069706.5
    },
    "spectral_skewness": {
        "dmean": 0.2708966434,
        "dmean2": 0.417402535677,
        "dvar": 0.111613981426,
        "dvar2": 0.26100820303,
        "max": 4.16004228592,
        "mean": 1.33719706535,
        "median": 1.18313467503,
        "min": -0.0715484470129,
        "var": 0.408913612366
    },
    "spectral_spread": {
        "dmean": 659641.125,
        "dmean2": 1019271.875,
        "dvar": 1.00783410381e+12,
        "dvar2": 2.14515672678e+12,
        "max": 42478836,
        "mean": 6135032.5,
        "median": 5607333,
        "min": 2190494.75,
        "var": 9.40258308915e+12
    },
    "spectral_strongpeak": {
        "dmean": 0.379097282887,
        "dmean2": 0.615080058575,
        "dvar": 0.440578132868,
        "dvar2": 1.00896525383,
        "max": 8.36295890808,
        "mean": 0.755187273026,
        "median": 0.509868323803,
        "min": 0,
        "var": 0.747497916222
    },
    "zerocrossingrate": {
        "dmean": 0.0108041726053,
        "dmean2": 0.0127329397947,
        "dvar": 0.000447262456873,
        "dvar2": 0.000471175095299,
        "max": 0.5244140625,
        "mean": 0.0356502793729,
        "median": 0.01953125,
        "min": 0.00146484375,
        "var": 0.00415553338826
    },
    "barkbands": {
        "dmean": [0.00350361061282, 0.04616355896, 0.012351336889, 0.0037367164623, 0.0023445179686, 0.00051764131058, 0.000230971141718, 0.00105706474278, 0.00105084758252, 0.000338732206728, 0.000416453956859, 0.000173635547981, 0.000107362480776, 0.000106577586848, 6.42205995973e-05, 6.54152172501e-05, 6.25870598014e-05, 5.76167039981e-05, 6.11943614786e-05, 7.32403204893e-05, 7.72886414779e-05, 5.72653407289e-05, 8.5783234681e-05, 4.56100169686e-05, 4.27180420957e-05, 5.55027581868e-05, 1.54397162078e-06],
        "dmean2": [0.00445931125432, 0.0664861276746, 0.022764518857, 0.00698666553944, 0.00401153462008, 0.000844970112666, 0.000383158301702, 0.0017039172817, 0.00161242636386, 0.000540553941391, 0.000684805156197, 0.000288212351734, 0.000184841774171, 0.000183578245924, 0.000107130479591, 0.000109858236101, 0.000101460958831, 9.60734396358e-05, 0.000101889920188, 0.000118961041153, 0.000128038038383, 9.24603591557e-05, 0.000148880280904, 7.36632646294e-05, 6.6374814196e-05, 9.47256194195e-05, 2.66355209533e-06],
        "dvar": [1.90162354556e-05, 0.00452518789098, 0.00115952349734, 0.000112872032332, 3.53107971023e-05, 1.47451794419e-06, 5.47796048522e-07, 1.39373951242e-05, 1.25451388158e-05, 3.69152689927e-06, 3.77580181521e-06, 7.18970966318e-07, 2.51941060014e-07, 1.23750922398e-07, 4.12474960854e-08, 2.67388191588e-08, 2.03135801513e-08, 1.09598836673e-08, 1.22011618586e-08, 1.4596412079e-08, 1.86509172551e-08, 8.47484571409e-09, 4.79816755217e-08, 1.03122692607e-08, 1.30161508238e-08, 3.44225945526e-08, 1.88881965624e-11],
        "dvar2": [3.2510899473e-05, 0.00812959857285, 0.00329558621161, 0.000323271902744, 9.74019712885e-05, 3.67048755834e-06, 1.26042743887e-06, 2.95758036373e-05, 2.51105720963e-05, 7.85399697634e-06, 9.4325214377e-06, 1.544823931e-06, 6.06452942975e-07, 3.20399664133e-07, 1.00491554633e-07, 6.60369039451e-08, 4.80976432016e-08, 2.63652299992e-08, 2.90338224573e-08, 3.29380931419e-08, 4.67814906813e-08, 2.00801864025e-08, 1.30331926584e-07, 2.51812881658e-08, 3.17598605193e-08, 9.37602351314e-08, 5.13658317269e-11],
        "max": [0.046011198312, 0.504527628422, 0.233935534954, 0.0840767025948, 0.0550491958857, 0.0187368243933, 0.0243379622698, 0.0697175711393, 0.0486714728177, 0.0428910553455, 0.0414669923484, 0.0248553734273, 0.0194523017853, 0.00880710035563, 0.00385610898957, 0.00294119282626, 0.00342136737891, 0.00138603639789, 0.0011357498588, 0.00111124129035, 0.00123952934518, 0.000874634366482, 0.00175613630563, 0.00088827352738, 0.00110647431575, 0.00142437021714, 5.37657215318e-05],
        "mean": [0.00645614787936, 0.0904245078564, 0.0104552377015, 0.00320020900108, 0.00267986836843, 0.000803790055215, 0.000316790858051, 0.00157348241191, 0.00173797621392, 0.000416501745349, 0.000613717595115, 0.000236858671997, 0.000120667442388, 0.000132292916533, 8.22115398478e-05, 8.88917493285e-05, 8.43967645778e-05, 8.05838571978e-05, 9.4025672297e-05, 0.000120835815324, 0.000128566010972, 9.98291434371e-05, 9.26876455196e-05, 6.26891414868e-05, 5.39452012163e-05, 5.15809442732e-05, 1.47046227994e-06],
        "median": [0.00196607643738, 0.0387119092047, 0.00166330323555, 0.000567549664993, 0.000976319308393, 0.000288424169412, 6.63039900246e-05, 7.72137500462e-05, 6.13270822214e-05, 2.33008886426e-05, 2.13092225749e-05, 1.84763248399e-05, 1.57738468261e-05, 1.94323347387e-05, 1.9780572984e-05, 2.63729325525e-05, 3.33378884534e-05, 5.1040926337e-05, 6.71339585097e-05, 9.53949129325e-05, 0.0001043982993, 7.4233248597e-05, 4.02492514695e-05, 1.83571046364e-05, 1.13342130135e-05, 7.86688542576e-06, 1.34572559318e-07],
        "min": [7.58032714083e-25, 1.75077403001e-24, 1.35463451024e-24, 2.99254088573e-24, 4.16735968022e-24, 6.04431299809e-24, 1.45799907298e-23, 1.30852342097e-23, 2.74823677705e-23, 1.88519801874e-23, 1.99137017688e-23, 2.53444994971e-23, 3.29343969012e-23, 4.03359001217e-23, 5.03046533394e-23, 6.33398067145e-23, 1.06474449644e-22, 1.1721238642e-22, 1.44077366403e-22, 1.53847149968e-22, 2.2733040157e-22, 3.70960086254e-22, 4.59876372792e-22, 6.35599847351e-22, 8.48095599692e-22, 1.34261793565e-21, 1.96985671568e-21],
        "var": [7.23324992578e-05, 0.0128277745098, 0.000719156756531, 6.94551927154e-05, 2.8289594411e-05, 2.64465188593e-06, 9.39385643051e-07, 2.63354613708e-05, 3.16348596243e-05, 6.06208232057e-06, 7.8543462223e-06, 1.51402230131e-06, 3.50511470515e-07, 1.8549016545e-07, 6.02078600309e-08, 4.04836733026e-08, 2.92613897557e-08, 1.39138034427e-08, 1.53229979816e-08, 2.10281427826e-08, 2.36467609938e-08, 1.36810553997e-08, 3.69632822128e-08, 1.28553132583e-08, 1.44136720337e-08, 2.52580765192e-08, 1.56012928271e-11]
    },
    "erbbands": {
        "dmean": [2.04079246521, 8.93706703186, 14.4411830902, 13.6489362717, 9.84405994415, 7.36098575592, 5.26462554932, 3.61189603806, 2.3226993084, 15.184387207, 21.0531711578, 22.2791557312, 17.4887943268, 9.94983005524, 13.3167600632, 7.60465621948, 5.34948539734, 6.51135063171, 2.71379327774, 3.27426171303, 3.44197630882, 3.3104622364, 2.92891097069, 3.32448387146, 3.22500777245, 3.25779509544, 3.14602088928, 2.92016386986, 2.09117436409, 2.59969806671, 2.15921568871, 1.25105166435, 0.648457407951, 0.436840623617, 0.340618431568, 0.245359525084, 0.108255982399, 0.0120438365266, 0.000244425900746, 6.13884694758e-05],
        "dmean2": [2.66548061371, 14.067445755, 25.8193454742, 25.1914482117, 17.8356952667, 12.3808956146, 8.35567474365, 5.900431633, 3.68256115913, 24.2469463348, 33.315448761, 33.5811347961, 27.580909729, 16.2263813019, 22.1680603027, 12.5965051651, 9.08038806915, 11.2946434021, 4.56439733505, 5.43413829803, 5.74553060532, 5.3443813324, 4.81992816925, 5.53486680984, 5.3418469429, 5.33180713654, 5.20140838623, 4.78285551071, 3.36273503304, 4.48268890381, 3.68247628212, 2.0647380352, 1.04192602634, 0.68429684639, 0.545818209648, 0.414803266525, 0.188665568829, 0.0198264997452, 0.000398487405619, 9.05881097424e-05],
        "dvar": [7.45399522781, 227.621261597, 1360.24072266, 1419.02050781, 752.712036133, 317.360595703, 119.884307861, 109.586990356, 30.7480716705, 4256.28417969, 4962.42138672, 6287.76660156, 6423.13623047, 3306.05175781, 3663.40869141, 1528.24291992, 515.689147949, 397.587219238, 41.1159896851, 61.0397644043, 76.0698852539, 59.0583953857, 32.3987121582, 36.5424385071, 32.4005966187, 28.5541725159, 27.679315567, 28.0908184052, 10.6056194305, 38.4577674866, 26.2697849274, 8.0846452713, 2.08517718315, 1.13329410553, 0.971672177315, 0.643942058086, 0.140259549022, 0.00120622315444, 4.67773134005e-07, 5.89100057624e-09],
        "dvar2": [11.018330574, 499.580718994, 3777.1015625, 4037.90405273, 2125.60644531, 851.127258301, 298.580566406, 284.870147705, 65.5822296143, 8702.4453125, 11142.5527344, 11771.7138672, 13613.1601562, 8122.97802734, 8902.63867188, 3385.05444336, 1210.12658691, 1042.94555664, 103.347633362, 146.214630127, 191.681762695, 136.278030396, 75.3002624512, 85.0104827881, 76.8784561157, 65.0155563354, 67.8251495361, 70.4207458496, 25.1188697815, 103.624755859, 69.6537399292, 21.1351604462, 4.86503314972, 2.61163783073, 2.48597884178, 1.73919987679, 0.386556714773, 0.00319904601201, 1.23925087792e-06, 1.07625917067e-08],
        "max": [21.2557258606, 123.996826172, 237.759918213, 343.798309326, 207.573425293, 210.133224487, 180.79524231, 231.726272583, 124.485221863, 1333.69580078, 986.295043945, 1450.95214844, 1664.20214844, 1520.63977051, 2045.99414062, 1239.98205566, 777.316650391, 518.555236816, 133.658615112, 138.680709839, 183.334472656, 239.612960815, 91.7302474976, 73.9040908813, 65.6558914185, 49.7427825928, 49.8774185181, 43.7247886658, 36.8986091614, 56.770816803, 40.6563949585, 24.8845653534, 13.2710905075, 12.0809078217, 9.59459114075, 6.28823423386, 2.88221549988, 0.343571633101, 0.00668766116723, 0.000601846084464],
        "mean": [3.99026870728, 14.665802002, 13.5439958572, 12.7587356567, 8.59145450592, 9.20899868011, 8.09096431732, 5.7545838356, 3.77764964104, 23.2419834137, 30.6382865906, 38.9875259399, 24.6724853516, 12.4894218445, 21.4088363647, 10.9424448013, 6.8172659874, 8.12695884705, 3.78563809395, 4.60246562958, 4.56779527664, 4.66681289673, 4.28097581863, 5.02129364014, 5.095266819, 5.5133228302, 5.40276861191, 4.81126594543, 3.60465764999, 3.36799788475, 2.41394376755, 1.54238951206, 0.933803617954, 0.602230370045, 0.385098040104, 0.230868384242, 0.0955418497324, 0.0125708216801, 0.000298966944683, 0.000140253148857],
        "median": [1.35734629631, 6.48956680298, 4.31510210037, 2.68037796021, 2.23804974556, 3.07588195801, 2.99745988846, 2.01366019249, 1.28553259373, 1.52758324146, 1.89997398853, 1.53471505642, 1.22042524815, 0.781848490238, 0.930559754372, 0.925214648247, 0.883102476597, 1.17952871323, 1.09507513046, 1.42410361767, 1.74725246429, 2.15765047073, 2.64436507225, 3.3288705349, 3.77584242821, 4.40684127808, 4.35073423386, 3.86631822586, 2.74168157578, 1.78936374187, 1.0386903286, 0.516202270985, 0.248392567039, 0.133965179324, 0.0728450268507, 0.0379433147609, 0.0124419918284, 0.0021644779481, 0.000108780099254, 9.13579133339e-05],
        "min": [1.09242139731e-22, 3.02972090204e-22, 2.2967798599e-21, 8.13369765939e-21, 1.95432454176e-20, 1.69145284388e-20, 5.09401376471e-20, 4.10472675472e-20, 1.65040329512e-19, 3.31314269661e-19, 1.76545675125e-19, 6.55754151444e-19, 6.68538951594e-19, 1.48600722298e-18, 1.09222323949e-18, 1.19150662649e-18, 1.43376022075e-18, 2.3503001209e-18, 1.28579001687e-18, 3.86470652227e-18, 4.43367278044e-18, 6.30512714372e-18, 6.38252312492e-18, 8.29726343606e-18, 7.97411209488e-18, 7.22312805163e-18, 8.16487731493e-18, 8.73009479057e-18, 1.26926456124e-17, 1.45276523299e-17, 1.14843812372e-17, 1.26583482226e-17, 1.07267673414e-17, 8.05296804985e-18, 6.71324151434e-18, 4.92884832413e-18, 2.34385617713e-18, 9.89077125825e-19, 2.79860637031e-19, 2.75160887596e-20],
        "var": [26.6939296722, 405.06628418, 922.448791504, 927.70703125, 465.071228027, 319.889099121, 217.834213257, 193.77243042, 71.0642623901, 8097.86083984, 8836.37109375, 18949.21875, 11219.84375, 5162.8984375, 10673.3613281, 3048.74267578, 836.26965332, 604.91973877, 68.0874633789, 94.7461853027, 87.6351242065, 89.6493988037, 43.739780426, 51.4189682007, 41.2775611877, 41.6650238037, 38.5576210022, 34.955165863, 17.2424697876, 33.7933578491, 22.1060619354, 8.14664554596, 2.90084600449, 1.47971141338, 0.910284996033, 0.486457049847, 0.097798101604, 0.00103677785955, 4.16257421421e-07, 1.99114289501e-08]
    },
    "gfcc": {
        "mean": [-72.2389144897, 77.4364929199, -68.9468383789, 59.5294151306, -46.5285568237, 20.8585166931, -19.7259273529, 16.4241161346, -15.2921419144, 9.81444072723, -12.0779094696, 2.12544035912, -6.90382814407],
        "cov": [[22902.4765625, 1620.21691895, -609.944885254, 632.817810059, 99.852142334, 413.36050415, 165.277099609, 55.9756736755, -197.582199097, -95.4112625122, -652.216308594, 94.8500595093, -566.409545898], [1620.21691895, 1657.61950684, -60.5519638062, 151.113708496, 43.9459342957, -141.804336548, 107.362663269, -167.659301758, 137.946350098, -115.716094971, 36.9126701355, -202.771575928, 45.3432235718], [-609.944885254, -60.5519638062, 1594.21252441, 709.472473145, 610.723876953, 332.660217285, 276.127197266, 111.540977478, 122.011451721, 78.9838638306, 126.788658142, 7.69699287415, 13.305811882], [632.817810059, 151.113708496, 709.472473145, 1213.96972656, 426.655090332, 245.447555542, 221.017959595, -55.2919769287, 108.750938416, -26.6126785278, 124.671211243, -25.8911342621, 38.9533233643], [99.852142334, 43.9459342957, 610.723876953, 426.655090332, 617.300354004, 322.22164917, 320.280517578, 114.376907349, 155.937805176, 35.7476272583, 80.8717422485, 12.7511348724, 47.0893249512], [413.36050415, -141.804336548, 332.660217285, 245.447555542, 322.22164917, 351.616638184, 223.791870117, 133.356369019, 72.1328964233, 27.5011920929, 45.2373771667, 42.1055297852, 26.7915534973], [165.277099609, 107.362663269, 276.127197266, 221.017959595, 320.280517578, 223.791870117, 323.110290527, 127.820907593, 162.156799316, 23.667175293, 64.8987960815, 10.2677793503, 78.9560317993], [55.9756736755, -167.659301758, 111.540977478, -55.2919769287, 114.376907349, 133.356369019, 127.820907593, 205.747817993, 123.315353394, 78.3211669922, -8.44916915894, 0.774511039257, 22.4568367004], [-197.582199097, 137.946350098, 122.011451721, 108.750938416, 155.937805176, 72.1328964233, 162.156799316, 123.315353394, 254.496383667, 95.2356567383, 66.123374939, -68.4870452881, 46.4426727295], [-95.4112625122, -115.716094971, 78.9838638306, -26.6126785278, 35.7476272583, 27.5011920929, 23.667175293, 78.3211669922, 95.2356567383, 137.005966187, 53.0991516113, 7.90106964111, -13.8513565063], [-652.216308594, 36.9126701355, 126.788658142, 124.671211243, 80.8717422485, 45.2373771667, 64.8987960815, -8.44916915894, 66.123374939, 53.0991516113, 172.795715332, 46.4504089355, 78.1121520996], [94.8500595093, -202.771575928, 7.69699287415, -25.8911342621, 12.7511348724, 42.1055297852, 10.2677793503, 0.774511039257, -68.4870452881, 7.90106964111, 46.4504089355, 145.962600708, 55.6791038513], [-566.409545898, 45.3432235718, 13.305811882, 38.9533233643, 47.0893249512, 26.7915534973, 78.9560317993, 22.4568367004, 46.4426727295, -13.8513565063, 78.1121520996, 55.6791038513, 165.203369141]],
        "icov": [[9.99639014481e-05, -0.000246004085056, 8.95058692549e-05, -0.000160428011441, 7.45660581742e-05, -0.000216172251385, 4.59631482954e-05, -0.0001658553374, -3.88615881093e-05, -0.000213869832805, 0.000559499079827, -0.000735773006454, 0.000431681139162], [-0.000246004085056, 0.00171204272192, -0.000239180284552, 0.000567617185879, -0.000175983645022, 0.000893378572073, -0.00108609360177, 0.00188833242282, -0.000554181227926, 0.00117977312766, -0.00158147409093, 0.00315950065851, -0.00132263498381], [8.95058692549e-05, -0.000239180284552, 0.00133890728466, -0.000651623238809, -0.00105084374081, 9.51998663368e-05, 0.000146569786011, -0.00110141339246, 0.00115204008762, -0.000877763028257, -0.00013058744662, -6.58760473016e-05, 0.00046857909183], [-0.000160428011441, 0.000567617185879, -0.000651623238809, 0.00188153085764, -0.000268836214673, -0.000622409163043, -0.00022156976047, 0.00241072662175, -0.00122540048324, 0.00106864795089, -0.00104660086799, 0.00143206201028, -0.000694937596563], [7.45660581742e-05, -0.000175983645022, -0.00105084374081, -0.000268836214673, 0.0056687630713, -0.00274166278541, -0.0028214531485, 0.00176260294393, -0.00171717850026, -0.000119174932479, 0.00120154791512, -0.00125576206483, 0.000717517221346], [-0.000216172251385, 0.000893378572073, 9.51998663368e-05, -0.000622409163043, -0.00274166278541, 0.00979204289615, -0.00332735432312, -0.00527785765007, 0.00361852883361, 0.0017060956452, -0.00365995126776, 0.00130492832977, 0.0010703910375], [4.59631482954e-05, -0.00108609360177, 0.000146569786011, -0.00022156976047, -0.0028214531485, -0.00332735432312, 0.012720788829, -0.00342227914371, -0.00572339212522, 0.00441579800099, -0.000239211804001, -0.00397363537923, -0.000342936749803], [-0.0001658553374, 0.00188833242282, -0.00110141339246, 0.00241072662175, 0.00176260294393, -0.00527785765007, -0.00342227914371, 0.0193228274584, -0.0069804941304, -0.00559213943779, 0.00685962475836, 0.00123498216271, -0.00437026331201], [-3.88615881093e-05, -0.000554181227926, 0.00115204008762, -0.00122540048324, -0.00171717850026, 0.00361852883361, -0.00572339212522, -0.0069804941304, 0.0200337581336, -0.0103220334277, -0.00373999681324, 0.0115048615262, -0.00480464939028], [-0.000213869832805, 0.00117977312766, -0.000877763028257, 0.00106864795089, -0.000119174932479, 0.0017060956452, 0.00441579800099, -0.00559213943779, -0.0103220334277, 0.0225831437856, -0.0086516328156, -0.00501576485112, 0.00774506665766], [0.000559499079827, -0.00158147409093, -0.00013058744662, -0.00104660086799, 0.00120154791512, -0.00365995126776, -0.000239211804001, 0.00685962475836, -0.00373999681324, -0.0086516328156, 0.0175327211618, -0.00736185815185, -0.0034401237499], [-0.000735773006454, 0.00315950065851, -6.58760473016e-05, 0.00143206201028, -0.00125576206483, 0.00130492832977, -0.00397363537923, 0.00123498216271, 0.0115048615262, -0.00501576485112, -0.00736185815185, 0.0238281022757, -0.0100494660437], [0.000431681139162, -0.00132263498381, 0.00046857909183, -0.000694937596563, 0.000717517221346, 0.0010703910375, -0.000342936749803, -0.00437026331201, -0.00480464939028, 0.00774506665766, -0.0034401237499, -0.0100494660437, 0.0154158584774]]
    },
    "melbands": {
        "dmean": [0.0149587607011, 0.00841923523694, 0.00229963380843, 0.000607303751167, 0.000203571020393, 8.3469778474e-05, 3.64301122318e-05, 0.000186981371371, 0.000181533352588, 0.000144279445522, 8.3834209363e-05, 3.51410599251e-05, 4.60552146251e-05, 2.18796685658e-05, 1.8367634766e-05, 1.11680619739e-05, 1.29264835778e-05, 3.57515227734e-06, 5.78706840315e-06, 4.9978093557e-06, 3.86795636587e-06, 3.75073341274e-06, 2.79785695056e-06, 2.63670403911e-06, 2.83154167846e-06, 2.2324575184e-06, 2.65741300609e-06, 2.14687020161e-06, 2.12079430639e-06, 1.92108677766e-06, 1.68061615113e-06, 1.28044109715e-06, 1.03147749542e-06, 1.76730611656e-06, 1.31464003061e-06, 1.05128003725e-06, 6.84009933138e-07, 4.67568582962e-07, 4.1791989247e-07, 3.51595360826e-07],
        "dmean2": [0.0201476346701, 0.014125415124, 0.00424538739026, 0.00106597493868, 0.000321779691149, 0.000135978014441, 5.8508318034e-05, 0.000299840379739, 0.000286746158963, 0.000217853943468, 0.000132652363391, 5.78694452997e-05, 7.64322467148e-05, 3.63260187441e-05, 3.08235030388e-05, 1.91340168385e-05, 2.23455554078e-05, 5.98305769017e-06, 9.69530901784e-06, 8.35631090013e-06, 6.44608417133e-06, 6.06103822065e-06, 4.59547118226e-06, 4.40078974862e-06, 4.68697226097e-06, 3.74645878765e-06, 4.35310039393e-06, 3.5137386476e-06, 3.52976644535e-06, 3.18044067171e-06, 2.76875607597e-06, 2.0549907731e-06, 1.68304359249e-06, 3.10476366394e-06, 2.24856216846e-06, 1.79893299901e-06, 1.1270815321e-06, 7.48203717649e-07, 6.73297961384e-07, 5.528680731e-07],
        "dvar": [0.000413035624661, 0.00028535554884, 3.99356285925e-05, 2.57961801253e-06, 1.8146441505e-07, 4.95116587729e-08, 8.34849078757e-09, 6.53308518395e-07, 4.40185203843e-07, 2.79262536651e-07, 1.58849900345e-07, 4.5268432558e-08, 4.06694482535e-08, 9.93822002471e-09, 8.41945713148e-09, 4.20857881878e-09, 1.78250691985e-09, 7.10995429198e-11, 4.27278851189e-10, 1.53267551428e-10, 1.13526486822e-10, 8.72680469555e-11, 3.1224769298e-11, 2.58747832188e-11, 2.78407383952e-11, 1.70278999234e-11, 2.24449851066e-11, 1.19638604579e-11, 1.24340936852e-11, 1.05101725933e-11, 9.36155666875e-12, 3.79351671603e-12, 2.85039136391e-12, 2.25229522532e-11, 9.73341546251e-12, 5.85901943281e-12, 2.40477169428e-12, 9.90003868814e-13, 9.53899936471e-13, 7.30205934781e-13],
        "dvar2": [0.000668276101351, 0.000748262857087, 0.000113294983748, 7.20017169442e-06, 4.42049696403e-07, 1.259339939e-07, 1.7973651012e-08, 1.33300613925e-06, 9.80404934126e-07, 5.24796575974e-07, 3.39166973617e-07, 1.10843714651e-07, 9.99914746558e-08, 2.35831407736e-08, 1.69850054021e-08, 1.01996899815e-08, 4.62921434519e-09, 1.79315506887e-10, 1.03586650368e-09, 3.74635877876e-10, 2.90328761032e-10, 2.03787417496e-10, 7.241110489e-11, 6.34074667771e-11, 6.45428016588e-11, 4.23732125776e-11, 5.21915809182e-11, 2.74373666148e-11, 3.0637097026e-11, 2.61504012888e-11, 2.35779989283e-11, 8.92406114283e-12, 7.03430022564e-12, 6.21176790561e-11, 2.57453225405e-11, 1.55041500471e-11, 6.14931890131e-12, 2.22358785031e-12, 2.26037201109e-12, 1.6945785053e-12],
        "max": [0.15617954731, 0.111279986799, 0.0531188435853, 0.0141852293164, 0.0084887361154, 0.00452399486676, 0.00188447919209, 0.0166041776538, 0.0102508869022, 0.00972235668451, 0.00827448815107, 0.00560253625736, 0.00555489445105, 0.00265856646001, 0.00378829333931, 0.00266235531308, 0.000895667937584, 0.000192252220586, 0.000417246454163, 0.000266652787104, 0.000234725725022, 0.000284133799141, 7.99051340437e-05, 9.03207110241e-05, 7.31890177121e-05, 6.18001358816e-05, 6.60139194224e-05, 3.89022097806e-05, 3.55854062946e-05, 3.67256398022e-05, 2.66648894467e-05, 2.54204296652e-05, 2.22551643674e-05, 4.2153216782e-05, 2.74550984614e-05, 1.92699590116e-05, 1.44439718497e-05, 9.68649419519e-06, 9.44412931858e-06, 9.87835483102e-06],
        "mean": [0.0295127369463, 0.0110801691189, 0.00210372102447, 0.000617335666902, 0.000320789142279, 0.000132702305564, 5.60412299819e-05, 0.000282818276901, 0.000257367035374, 0.000252563855611, 0.000113678092021, 4.15292670368e-05, 6.99814263498e-05, 3.34576361638e-05, 2.50292396231e-05, 1.29419368022e-05, 1.58108377946e-05, 4.94053665534e-06, 7.26087773728e-06, 6.97969153407e-06, 4.7068620006e-06, 5.03943647345e-06, 3.98050906369e-06, 3.74336332243e-06, 4.12221515944e-06, 3.36350899488e-06, 3.98509655497e-06, 3.58588295057e-06, 3.43205169884e-06, 3.1197273529e-06, 2.65092421614e-06, 2.10329335459e-06, 1.72879413185e-06, 1.95040365725e-06, 1.4238219137e-06, 1.1667769968e-06, 8.59089595906e-07, 6.77493346757e-07, 5.60577461783e-07, 4.76450054521e-07],
        "median": [0.0118790781125, 0.00538914045319, 0.000450641848147, 0.000210856989725, 0.000125101811136, 4.6180368372e-05, 1.78137979674e-05, 1.5394656657e-05, 1.35491882247e-05, 8.70658914209e-06, 4.67750214739e-06, 2.33743139688e-06, 2.7881699225e-06, 2.20270567297e-06, 1.9358856207e-06, 1.52756115313e-06, 1.95480856746e-06, 1.52514485308e-06, 1.59485625773e-06, 1.73205853571e-06, 1.81698658253e-06, 1.92572679225e-06, 2.09510471905e-06, 2.35506627178e-06, 2.48456399277e-06, 2.38768029703e-06, 2.7647843126e-06, 2.7052274163e-06, 2.66066558652e-06, 2.39586347561e-06, 1.97986696548e-06, 1.55541124514e-06, 1.14761621717e-06, 8.58571809204e-07, 6.09072799307e-07, 4.11221009244e-07, 2.60591775714e-07, 1.79134090672e-07, 1.29948219296e-07, 1.03242641103e-07],
        "min": [9.72696557536e-25, 2.03444604494e-24, 2.50894075183e-24, 1.26571706724e-24, 1.4118635093e-24, 1.29096949089e-24, 2.26932957668e-24, 3.32260009126e-24, 1.17335811992e-24, 4.23621619319e-24, 2.8712192061e-24, 5.85028437541e-24, 3.10022158258e-24, 3.05516776413e-24, 3.56895780208e-24, 2.82931018165e-24, 4.32348195868e-24, 1.51158104974e-24, 3.9603523235e-24, 4.65737246441e-24, 5.13948244006e-24, 5.11645795682e-24, 6.02949897915e-24, 4.42141233475e-24, 5.52829146986e-24, 4.85552288532e-24, 6.3636616419e-24, 3.99560493963e-24, 4.85509374499e-24, 4.46499492761e-24, 3.9933274982e-24, 7.37729229041e-24, 4.23504512918e-24, 7.22934063878e-24, 6.20404392076e-24, 5.57597377284e-24, 7.36925931981e-24, 6.29813333308e-24, 6.56614567019e-24, 6.68636609999e-24],
        "var": [0.00137677288149, 0.000292032607831, 2.55315680988e-05, 1.76143601038e-06, 3.49204526628e-07, 8.96940619555e-08, 1.85460908853e-08, 1.23938514207e-06, 7.6616294109e-07, 8.52890821079e-07, 2.71557354381e-07, 7.0554982301e-08, 1.01028952315e-07, 2.27840608602e-08, 2.02594012677e-08, 6.0894898013e-09, 2.70953992576e-09, 1.24297405701e-10, 6.07166095179e-10, 2.79788942015e-10, 1.15666774769e-10, 1.31446492579e-10, 4.337968873e-11, 3.09541420274e-11, 3.99004232432e-11, 1.96703868471e-11, 2.89639076612e-11, 1.85439198719e-11, 1.68631202752e-11, 1.41045656057e-11, 1.15517959781e-11, 6.08996100077e-12, 4.49398547889e-12, 1.68500543379e-11, 8.08352256659e-12, 5.14495954521e-12, 2.59399814996e-12, 1.49690416312e-12, 1.21557614235e-12, 9.40242675385e-13]
    },
    "mfcc": {
        "mean": [-726.037475586, 103.002281189, 38.9631233215, 49.6321144104, 10.2723588943, 16.7897968292, 10.2808599472, 11.0538101196, 9.15752220154, 10.0729980469, 6.4332985878, 5.94062662125, 3.02588510513],
        "cov": [[16687.5625, 1052.48059082, -392.97265625, 479.062866211, -84.2983093262, 443.485443115, -50.7933197021, 343.414428711, 36.3160896301, -27.9416351318, -151.442581177, -72.8913650513, -291.138702393], [1052.48059082, 1321.04187012, -7.46927404404, 46.0706558228, -66.0677337646, -43.735206604, -83.113067627, -53.6542930603, 15.0507545471, 46.8296890259, 33.0127601624, -30.6814556122, -68.0930938721], [-392.97265625, -7.46927404404, 867.438903809, 463.663360596, 379.736236572, 274.047241211, 224.699401855, 112.11831665, 73.6218261719, 67.8455657959, 96.9826202393, 98.8338851929, 93.7082824707], [479.062866211, 46.0706558228, 463.663360596, 752.209777832, 323.579864502, 357.698699951, 160.906433105, 116.738960266, 62.4935798645, 59.693069458, 56.7441444397, 65.9902572632, 60.4024963379], [-84.2983093262, -66.0677337646, 379.736236572, 323.579864502, 384.583221436, 275.900543213, 218.223434448, 149.712463379, 121.147445679, 86.3676605225, 88.4285125732, 77.736579895, 81.9025039673], [443.485443115, -43.735206604, 274.047241211, 357.698699951, 275.900543213, 342.129730225, 223.264450073, 176.395782471, 103.883926392, 54.031993866, 53.1199531555, 77.3187103271, 86.2706375122], [-50.7933197021, -83.113067627, 224.699401855, 160.906433105, 218.223434448, 223.264450073, 260.122894287, 183.546020508, 117.674316406, 34.5759010315, 33.359161377, 60.9342956543, 94.1215820312], [343.414428711, -53.6542930603, 112.11831665, 116.738960266, 149.712463379, 176.395782471, 183.546020508, 209.209701538, 147.557220459, 63.2209205627, 25.0850963593, 33.5887756348, 52.1921539307], [36.3160896301, 15.0507545471, 73.6218261719, 62.4935798645, 121.147445679, 103.883926392, 117.674316406, 147.557220459, 217.861480713, 151.537994385, 91.1180114746, 22.4868679047, 18.45079422], [-27.9416351318, 46.8296890259, 67.8455657959, 59.693069458, 86.3676605225, 54.031993866, 34.5759010315, 63.2209205627, 151.537994385, 200.051818848, 138.706924438, 29.6664085388, -16.1844043732], [-151.442581177, 33.0127601624, 96.9826202393, 56.7441444397, 88.4285125732, 53.1199531555, 33.359161377, 25.0850963593, 91.1180114746, 138.706924438, 173.81237793, 89.7101516724, 17.120426178], [-72.8913650513, -30.6814556122, 98.8338851929, 65.9902572632, 77.736579895, 77.3187103271, 60.9342956543, 33.5887756348, 22.4868679047, 29.6664085388, 89.7101516724, 130.857528687, 79.7085494995], [-291.138702393, -68.0930938721, 93.7082824707, 60.4024963379, 81.9025039673, 86.2706375122, 94.1215820312, 52.1921539307, 18.45079422, -16.1844043732, 17.120426178, 79.7085494995, 137.825759888]],
