{
"lowlevel": {
    "average_loudness": 0.890065729618,
    "barkbands_crest": {
        "dmean": 3.16795730591,
        "dmean2": 5.19055128098,
        "dvar": 8.76877975464,
        "dvar2": 21.5834903717,
        "max": 26.8188686371,
        "mean": 14.456155777,
        "median": 13.8507509232,
        "min": 4.13321828842,
        "var": 20.9304180145
    },
    "barkbands_flatness_db": {
        "dmean": 0.0556713715196,
        "dmean2": 0.0792635604739,
        "dvar": 0.0025177905336,
        "dvar2": 0.00550801912323,
        "max": 0.916273713112,
        "mean": 0.355445116758,
        "median": 0.3442928195,
        "min": 0.0584412813187,
        "var": 0.0155813880265
    },
    "barkbands_kurtosis": {
        "dmean": 11.3624391556,
        "dmean2": 18.0054130554,
        "dvar": 1195.04211426,
        "dvar2": 3072.64453125,
        "max": 2883.95800781,
        "mean": 19.5481777191,
        "median": 11.0775985718,
        "min": -1.88865721226,
        "var": 1374.52075195
    },
    "barkbands_skewness": {
        "dmean": 0.931240558624,
        "dmean2": 1.4401037693,
        "dvar": 1.07129096985,
        "dvar2": 2.50183725357,
        "max": 29.7960891724,
        "mean": 2.70905900002,
        "median": 2.50172376633,
        "min": -3.5539560318,
        "var": 2.97357726097
    },
    "barkbands_spread": {
        "dmean": 1.72340762615,
        "dmean2": 2.663449049,
        "dvar": 6.64595985413,
        "dvar2": 15.4850072861,
        "max": 39.9704627991,
        "mean": 3.54624652863,
        "median": 2.53343081474,
        "min": 0.00864894594997,
        "var": 13.1379680634
    },
    "dissonance": {
        "dmean": 0.0433673635125,
        "dmean2": 0.0723446086049,
        "dvar": 0.00214283098467,
        "dvar2": 0.00582458823919,
        "max": 0.500000178814,
        "mean": 0.414984613657,
        "median": 0.434163868427,
        "min": 0.0336021333933,
        "var": 0.00480209104717
    },
    "dynamic_complexity": 4.08600139618,
    "erbbands_crest": {
        "dmean": 3.33947992325,
        "dmean2": 5.24430131912,
        "dvar": 9.83694839478,
        "dvar2": 22.7500591278,
        "max": 30.7930698395,
        "mean": 11.0884542465,
        "median": 9.95410633087,
        "min": 2.10658025742,
        "var": 25.7442646027
    },
    "erbbands_flatness_db": {
        "dmean": 0.0362568162382,
        "dmean2": 0.049831867218,
        "dvar": 0.00113137881272,
        "dvar2": 0.0022818336729,
        "max": 0.645441234112,
        "mean": 0.25713968277,
        "median": 0.247757434845,
        "min": 0.0681734532118,
        "var": 0.00747812818736
    },
    "erbbands_kurtosis": {
        "dmean": 3.23268556595,
        "dmean2": 5.01167058945,
        "dvar": 34.5065078735,
        "dvar2": 80.6287994385,
        "max": 195.968353271,
        "mean": 3.9162709713,
        "median": 1.48446369171,
        "min": -1.69256472588,
        "var": 68.3184967041
    },
    "erbbands_skewness": {
        "dmean": 0.591402888298,
        "dmean2": 0.894989073277,
        "dvar": 0.376303762197,
        "dvar2": 0.840122401714,
        "max": 11.6538095474,
        "mean": 1.25190401077,
        "median": 1.08061647415,
        "min": -3.92033910751,
        "var": 1.04739999771
    },
    "erbbands_spread": {
        "dmean": 7.12441587448,
        "dmean2": 10.5131883621,
        "dvar": 68.6619262695,
        "dvar2": 155.013061523,
        "max": 94.4720001221,
        "mean": 20.0672626495,
        "median": 17.6951580048,
        "min": 0.325300335884,
        "var": 180.281051636
    },
    "hfc": {
        "dmean": 6.21361875534,
        "dmean2": 10.6374101639,
        "dvar": 92.8013534546,
        "dvar2": 257.033081055,
        "max": 86.9509124756,
        "mean": 9.41871070862,
        "median": 6.41452074051,
        "min": 1.13152669734e-16,
        "var": 101.643745422
    },
    "melbands_crest": {
        "dmean": 3.9286608696,
        "dmean2": 6.29128408432,
        "dvar": 12.8179397583,
        "dvar2": 30.5167789459,
        "max": 39.9422912598,
        "mean": 20.0435447693,
        "median": 19.417181015,
        "min": 1.91300749779,
        "var": 34.7998275757
    },
    "melbands_flatness_db": {
        "dmean": 0.0631436407566,
        "dmean2": 0.0890509784222,
        "dvar": 0.00332881044596,
        "dvar2": 0.00711647421122,
        "max": 1,
        "mean": 0.476981073618,
        "median": 0.464299708605,
        "min": 0.00316863041371,
        "var": 0.0217405054718
    },
    "melbands_kurtosis": {
        "dmean": 15.7579069138,
        "dmean2": 24.8251476288,
        "dvar": 6878.03662109,
        "dvar2": 16661.5664062,
        "max": 8681.4453125,
        "mean": 29.3857593536,
        "median": 19.5747852325,
        "min": -1.87681174278,
        "var": 6921.73486328
    },
    "melbands_skewness": {
        "dmean": 1.01787495613,
        "dmean2": 1.56840860844,
        "dvar": 1.2961884737,
        "dvar2": 2.95690894127,
        "max": 64.9006881714,
        "mean": 3.37232375145,
        "median": 3.21032857895,
        "min": -3.75061559677,
        "var": 3.45976471901
    },
    "melbands_spread": {
        "dmean": 1.64753377438,
        "dmean2": 2.57403898239,
        "dvar": 8.63608169556,
        "dvar2": 18.1465148926,
        "max": 148.968399048,
        "mean": 3.4076757431,
        "median": 2.3251247406,
        "min": 0.00433080084622,
        "var": 19.6641330719
    },
    "pitch_salience": {
        "dmean": 0.105133600533,
        "dmean2": 0.172880336642,
        "dvar": 0.0104600060731,
        "dvar2": 0.0262703634799,
        "max": 0.949514329433,
        "mean": 0.463530540466,
        "median": 0.478407174349,
        "min": 0.00657509360462,
        "var": 0.0233937464654
    },
    "silence_rate_20dB": {
        "dmean": 0,
        "dmean2": 0,
        "dvar": 0,
        "dvar2": 0,
        "max": 1,
        "mean": 1,
        "median": 1,
        "min": 1,
        "var": 0
    },
    "silence_rate_30dB": {
        "dmean": 0.129019349813,
        "dmean2": 0.258055895567,
        "dvar": 0.112361654639,
        "dvar2": 0.250614643097,
        "max": 1,
        "mean": 0.844306588173,
        "median": 1,
        "min": 0,
        "var": 0.131477311254
    },
    "silence_rate_60dB": {
        "dmean": 0.0342895276845,
        "dmean2": 0.0685836300254,
        "dvar": 0.0331198275089,
        "dvar2": 0.0760201737285,
        "max": 1,
        "mean": 0.0683743581176,
        "median": 0,
        "min": 0,
        "var": 0.0636963099241
    },
    "spectral_centroid": {
        "dmean": 95.955291748,
        "dmean2": 147.315811157,
        "dvar": 23447.3886719,
        "dvar2": 50713.5351562,
        "max": 11318.7871094,
        "mean": 318.904327393,
        "median": 262.847717285,
        "min": 58.6544647217,
        "var": 57455.8085938
    },
    "spectral_complexity": {
        "dmean": 3.02348232269,
        "dmean2": 4.5173125267,
        "dvar": 11.8507146835,
        "dvar2": 26.7064037323,
        "max": 48,
        "mean": 8.94710159302,
        "median": 7,
        "min": 0,
        "var": 40.8313560486
    },
    "spectral_decrease": {
        "dmean": 8.36229130385e-09,
        "dmean2": 1.43319223156e-08,
        "dvar": 1.58127326672e-16,
        "dvar2": 4.58992119282e-16,
        "max": 6.19815112691e-29,
        "mean": -1.48247814025e-08,
        "median": -1.15922977884e-08,
        "min": -1.17381262044e-07,
        "var": 1.92693047183e-16
    },
    "spectral_energy": {
        "dmean": 0.032077614218,
        "dmean2": 0.0549932196736,
        "dvar": 0.00232358742505,
        "dvar2": 0.00674173841253,
        "max": 0.448546588421,
        "mean": 0.0568061694503,
        "median": 0.0444579198956,
        "min": 1.07728432531e-20,
        "var": 0.00282513629645
    },
    "spectral_energyband_high": {
        "dmean": 5.31269870407e-05,
        "dmean2": 9.03331456357e-05,
        "dvar": 1.77186461059e-08,
        "dvar2": 4.65328291455e-08,
        "max": 0.00285997614264,
        "mean": 4.60753508378e-05,
        "median": 2.2866947802e-06,
        "min": 7.6622967987e-21,
        "var": 1.57539972179e-08
    },
    "spectral_energyband_low": {
        "dmean": 0.024210350588,
        "dmean2": 0.0410395860672,
        "dvar": 0.00138024915941,
        "dvar2": 0.00401100376621,
        "max": 0.37683147192,
        "mean": 0.0417372062802,
        "median": 0.028694326058,
        "min": 6.90175668155e-23,
        "var": 0.00187852256931
    },
    "spectral_energyband_middle_high": {
        "dmean": 0.000834246282466,
        "dmean2": 0.00132575759199,
        "dvar": 2.77555068351e-06,
        "dvar2": 6.88926547809e-06,
        "max": 0.0316460952163,
        "mean": 0.000997699098662,
        "median": 0.000259973894572,
        "min": 1.25132302522e-21,
        "var": 3.37569326803e-06
    },
    "spectral_energyband_middle_low": {
        "dmean": 0.0127362804487,
        "dmean2": 0.0219823326916,
        "dvar": 0.000519125082064,
        "dvar2": 0.00145020382479,
        "max": 0.217622041702,
        "mean": 0.0175927747041,
        "median": 0.00977158732712,
        "min": 2.4979395422e-22,
        "var": 0.00051467877347
    },
    "spectral_entropy": {
        "dmean": 0.430409789085,
        "dmean2": 0.592958688736,
        "dvar": 0.151962623,
        "dvar2": 0.331040710211,
        "max": 9.80830478668,
        "mean": 6.10808134079,
        "median": 6.16054821014,
        "min": 3.03397059441,
        "var": 0.815495729446
    },
    "spectral_flux": {
        "dmean": 0.0584302134812,
        "dmean2": 0.0947732925415,
        "dvar": 0.00531231425703,
        "dvar2": 0.0104108676314,
        "max": 0.601384103298,
        "mean": 0.112041033804,
        "median": 0.0856450721622,
        "min": 7.03270844338e-11,
        "var": 0.00797199830413
    },
    "spectral_kurtosis": {
        "dmean": 33.224773407,
        "dmean2": 52.9167175293,
        "dvar": 4350.40429688,
        "dvar2": 11613.6152344,
        "max": 1134.21020508,
        "mean": 59.9453392029,
        "median": 24.570602417,
        "min": -1.2129586935,
        "var": 8916.27148438
    },
    "spectral_rms": {
        "dmean": 0.00193158653565,
        "dmean2": 0.00314495246857,
        "dvar": 5.23369499206e-06,
        "dvar2": 1.45727681229e-05,
        "max": 0.0209190435708,
        "mean": 0.00662065856159,
        "median": 0.00658586202189,
        "min": 3.24192712606e-12,
        "var": 1.15876546261e-05
    },
    "spectral_rolloff": {
        "dmean": 79.469329834,
        "dmean2": 136.57963562,
        "dvar": 55239.609375,
        "dvar2": 93261.6484375,
        "max": 18669.2871094,
        "mean": 240.247436523,
        "median": 193.798828125,
        "min": 21.533203125,
        "var": 115841.59375
    },
    "spectral_skewness": {
        "dmean": 1.50609707832,
        "dmean2": 2.31191492081,
        "dvar": 3.17791318893,
        "dvar2": 7.41787862778,
        "max": 29.4992198944,
        "mean": 5.00051546097,
        "median": 3.70080757141,
        "min": -0.0430989563465,
        "var": 13.9935235977
    },
    "spectral_spread": {
        "dmean": 676987.5625,
        "dmean2": 1039966.625,
        "dvar": 900181393408,
        "dvar2": 2.41921425408e+12,
        "max": 40749604,
        "mean": 2163708,
        "median": 1913474.625,
        "min": 106215.890625,
        "var": 1.85841287168e+12
    },
    "spectral_strongpeak": {
        "dmean": 0.26557263732,
        "dmean2": 0.43957811594,
        "dvar": 0.124423183501,
        "dvar2": 0.331807821989,
        "max": 3.91847777367,
        "mean": 0.535720169544,
        "median": 0.444561898708,
        "min": 0,
        "var": 0.175015583634
    },
    "zerocrossingrate": {
        "dmean": 0.00273766485043,
        "dmean2": 0.00352472020313,
        "dvar": 2.29825236602e-05,
        "dvar2": 2.70587843261e-05,
        "max": 0.55224609375,
        "mean": 0.0105172153562,
        "median": 0.00830078125,
        "min": 0,
        "var": 0.000145728976349
    },
    "barkbands": {
        "dmean": [0.000928609166294, 0.0137729039416, 0.0109558971599, 0.00501194084063, 0.0046339277178, 0.00232987105846, 0.00175248656888, 0.000409649888752, 0.0004496096808, 0.000265811453573, 0.000134441754199, 0.00011570029892, 0.000192134117242, 7.23039484001e-05, 7.6013886428e-05, 4.7486704716e-05, 4.17011469835e-05, 3.88896878576e-05, 2.6681665986e-05, 1.91749204532e-05, 1.68423812283e-05, 8.80116749613e-06, 1.05130056909e-05, 5.54416283194e-06, 2.99325438391e-06, 1.40389420267e-06, 3.52496485334e-08],
        "dmean2": [0.00139569770545, 0.0225584059954, 0.0191975161433, 0.00862391106784, 0.00783081352711, 0.00403287587687, 0.00304845464416, 0.000713951070793, 0.000752453983296, 0.000424398836913, 0.000215494161239, 0.00018884849851, 0.000326440756908, 0.00012180871272, 0.00012830948981, 7.99347035354e-05, 7.18357114238e-05, 6.74231632729e-05, 4.57516107417e-05, 3.28202804667e-05, 2.92044242087e-05, 1.50282903633e-05, 1.79793823918e-05, 9.42692713579e-06, 5.20185631103e-06, 2.42717010224e-06, 6.49664499974e-08],
        "dvar": [2.97968904306e-06, 0.000457310350612, 0.000363661471056, 0.000102340083686, 8.13090155134e-05, 3.78138101951e-05, 1.80139068107e-05, 7.08378934178e-07, 1.49387687998e-06, 5.35057381512e-07, 9.56537107299e-08, 6.13480466427e-08, 3.92732658838e-07, 4.18003054392e-08, 3.16872750261e-08, 1.17545440048e-08, 1.20944969595e-08, 1.34510189653e-08, 4.17385326301e-09, 2.05555528154e-09, 1.82584913855e-09, 4.7479647991e-10, 1.17298248892e-09, 3.15336756707e-10, 7.00384542029e-11, 2.27168856642e-11, 3.41755093734e-14],
        "dvar2": [6.83947109792e-06, 0.00126946915407, 0.001061251387, 0.000281638931483, 0.000222084127017, 0.000104894090327, 4.97034016007e-05, 1.94048857338e-06, 3.64726361113e-06, 1.09879499632e-06, 2.2468628913e-07, 1.529655691e-07, 1.03366733128e-06, 1.14786537608e-07, 8.24787136366e-08, 3.06803116246e-08, 3.28321334564e-08, 3.69122439281e-08, 1.11379492296e-08, 5.37767741449e-09, 4.91315255147e-09, 1.24307264482e-09, 3.12555914483e-09, 8.40597147445e-10, 1.85756743321e-10, 6.12764353147e-11, 9.63118067287e-14],
        "max": [0.0776473507285, 0.298098146915, 0.190197467804, 0.161032527685, 0.0930143073201, 0.0665786117315, 0.0615248084068, 0.0126676335931, 0.0347464680672, 0.0288666300476, 0.00901667680591, 0.00506743276492, 0.0135285845026, 0.00666393013671, 0.00339999771677, 0.00186451757327, 0.00238113035448, 0.00323404045776, 0.00123919558246, 0.000821521505713, 0.000743875687476, 0.000389772234485, 0.00089390022913, 0.000437641050667, 0.000141147349495, 0.000121050856251, 8.95219727681e-06],
        "mean": [0.00134961935692, 0.0238552186638, 0.013031763956, 0.00628584390506, 0.00619877735153, 0.00234430516139, 0.00168630667031, 0.000425062520662, 0.000497264671139, 0.000328120397171, 0.000159296701895, 0.00013197993394, 0.000169154911418, 7.49881000957e-05, 7.11848842911e-05, 4.6616722102e-05, 3.75516210624e-05, 3.37772580679e-05, 2.37758085859e-05, 1.73556345544e-05, 1.44254800034e-05, 7.76128763391e-06, 8.31200031826e-06, 4.42074860985e-06, 2.32212096307e-06, 1.09288009753e-06, 2.40867983337e-08],
        "median": [0.000418548705056, 0.0133608542383, 0.00591588346288, 0.00187879230361, 0.00241131475195, 0.000692893110681, 0.000389486813219, 0.000125139398733, 0.000122863100842, 8.85919143911e-05, 3.79190605599e-05, 2.70085420198e-05, 2.28518911172e-05, 1.26646127683e-05, 8.59314877744e-06, 5.75607737119e-06, 3.6994324546e-06, 2.52708036896e-06, 1.77182732841e-06, 1.12043721856e-06, 7.5434985547e-07, 3.70065663446e-07, 2.32136031286e-07, 9.93390543158e-08, 3.84367631057e-08, 1.12445723843e-08, 1.51991608188e-09],
        "min": [3.2336361449e-23, 3.19936518728e-23, 1.2034260858e-23, 1.99052451799e-23, 5.6371053654e-23, 2.71405606512e-23, 2.04011988756e-23, 4.78216568423e-23, 1.78406147529e-23, 4.70978927389e-23, 2.973755386e-23, 4.69290638834e-23, 1.16536376801e-22, 9.69861947589e-23, 9.73785236861e-23, 8.77337398649e-23, 4.94321542456e-23, 2.3786998716e-22, 1.41674786386e-22, 2.54804748203e-22, 5.98029570501e-22, 5.95607855875e-22, 5.36037624151e-22, 8.75270583077e-22, 1.06922121266e-21, 1.5458141665e-21, 2.19058206694e-21],
        "var": [6.19345519226e-06, 0.000793447426986, 0.000353355892003, 0.000122384837596, 9.2264257546e-05, 2.90204261546e-05, 1.48976450873e-05, 6.32214891993e-07, 1.58461284627e-06, 7.36015465463e-07, 1.21189671631e-07, 6.9757945198e-08, 2.99715253504e-07, 3.58176492909e-08, 2.80500902505e-08, 1.11973523786e-08, 9.56779278027e-09, 9.90599691164e-09, 3.61824303852e-09, 1.94414151444e-09, 1.5567013234e-09, 4.56733179055e-10, 8.81148043419e-10, 2.45441361679e-10, 5.55421750259e-11, 1.72477553073e-11, 2.14865628003e-14]
    },
    "erbbands": {
        "dmean": [0.387795031071, 3.4461812973, 11.8737001419, 14.9981613159, 16.1540489197, 15.4416666031, 11.899307251, 20.6665267944, 31.4357128143, 14.657251358, 8.79249286652, 9.57580471039, 11.084731102, 5.71038961411, 4.72857093811, 4.81418657303, 9.51252174377, 4.04325819016, 3.55915355682, 3.86931967735, 2.51083874702, 2.46292209625, 1.95601558685, 1.64569187164, 1.31090795994, 0.881358802319, 0.719431459904, 0.595983088017, 0.340308696032, 0.338575839996, 0.268236249685, 0.142352223396, 0.0796810388565, 0.0347932837903, 0.0207524579018, 0.00796471722424, 0.00243392516859, 0.000237599029788, 1.8833010472e-05, 3.51559974661e-05],
        "dmean2": [0.553930342197, 5.83838653564, 20.6362533569, 26.2813262939, 27.5835723877, 25.9018592834, 20.2584514618, 36.2870178223, 55.2245864868, 24.7885169983, 15.0566711426, 16.1606082916, 17.6470851898, 9.16684627533, 7.62570047379, 7.90560674667, 16.1449127197, 6.7296037674, 5.95529174805, 6.50108337402, 4.22672128677, 4.23208856583, 3.36837029457, 2.82889866829, 2.2470266819, 1.50566530228, 1.24370551109, 1.03207099438, 0.58127617836, 0.575903832912, 0.461696088314, 0.244140386581, 0.134539842606, 0.0593598522246, 0.0365533828735, 0.0138969272375, 0.00421913806349, 0.00041530947783, 3.24095744872e-05, 6.02790787525e-05],
        "dvar": [0.422901690006, 31.2544803619, 416.951904297, 828.028259277, 1046.33349609, 966.494445801, 471.08380127, 3685.44970703, 8005.64208984, 1000.34814453, 308.026245117, 642.023681641, 1344.73193359, 131.30241394, 105.657211304, 101.728034973, 1086.85705566, 106.327033997, 79.1172561646, 79.3019561768, 33.963180542, 42.7684135437, 30.5825805664, 17.3325405121, 9.95300865173, 4.25680875778, 3.04882884026, 2.81032109261, 0.729228258133, 1.05265891552, 0.667155563831, 0.199024379253, 0.0672158375382, 0.00984922796488, 0.00357119971886, 0.000622943334747, 7.96937310952e-05, 1.36299024689e-06, 1.22892340748e-09, 2.78028022827e-09],
        "dvar2": [0.963357388973, 89.3107223511, 1213.85473633, 2361.56689453, 2920.87426758, 2578.51953125, 1253.0168457, 10352.9375, 22459.5976562, 2414.53979492, 836.682128906, 1644.79125977, 2724.87841797, 312.156341553, 253.873687744, 255.667663574, 2864.78613281, 287.507080078, 210.95501709, 204.175216675, 89.1162948608, 115.710144043, 83.4732589722, 46.2465667725, 26.4245929718, 11.1465530396, 8.14719581604, 7.57672262192, 1.91680192947, 2.77082085609, 1.78375053406, 0.53443646431, 0.178150430322, 0.0257648676634, 0.00963640492409, 0.0016729736235, 0.000217827619053, 3.83334599974e-06, 3.44387385276e-09, 8.05550115501e-09],
        "max": [14.105301857, 77.2767868042, 204.705078125, 395.616546631, 545.641357422, 350.150756836, 385.085632324, 694.290039062, 1205.90014648, 811.442810059, 214.314407349, 686.795898438, 1335.33703613, 367.064971924, 225.846069336, 173.295928955, 707.239135742, 308.00793457, 249.516036987, 107.012062073, 130.315963745, 148.397354126, 151.267440796, 73.9473114014, 57.8834953308, 37.6082649231, 29.4638996124, 35.388923645, 14.4613685608, 26.3001861572, 20.3253479004, 9.22675609589, 7.46525001526, 2.17995333672, 0.821471691132, 0.59147310257, 0.326235741377, 0.0771483778954, 0.00150445662439, 0.00048700752086],
        "mean": [0.679742574692, 5.3467206955, 15.1807126999, 18.9845848083, 21.4809551239, 20.5219593048, 14.5079622269, 19.5190048218, 27.8567657471, 16.2245101929, 9.7364730835, 10.4750185013, 13.2366409302, 7.11894178391, 5.78464174271, 5.39070940018, 8.34870624542, 4.21598672867, 3.67345428467, 3.63869833946, 2.44397735596, 2.22995066643, 1.75940132141, 1.45850563049, 1.15368199348, 0.800720095634, 0.629379868507, 0.507621526718, 0.298785597086, 0.277317345142, 0.211863070726, 0.113085240126, 0.0640651732683, 0.0279524158686, 0.0155716445297, 0.00610666489229, 0.00188488548156, 0.000192451028852, 3.00504452753e-05, 6.21611543465e-05],
        "median": [0.26479408145, 3.04446148872, 7.96972322464, 8.65409183502, 8.68214225769, 7.42807674408, 5.94904279709, 5.22619724274, 5.76692295074, 4.4940533638, 2.96308398247, 2.71177124977, 3.3534078598, 2.1455051899, 1.47602593899, 1.126770854, 1.17146015167, 0.731697678566, 0.555495321751, 0.449323147535, 0.286948055029, 0.222042024136, 0.145534038544, 0.113228172064, 0.082172088325, 0.0514165908098, 0.0369841828942, 0.0241844225675, 0.0143958488479, 0.00951403472573, 0.00612096488476, 0.00292040384375, 0.00132723967545, 0.000567881099414, 0.000250529468758, 9.55600480665e-05, 3.31674127665e-05, 4.15281101596e-06, 2.13636176341e-05, 4.85691416543e-05],
        "min": [1.28893712487e-21, 6.37181911052e-21, 1.69241395666e-20, 3.69093029953e-20, 1.26949605807e-19, 2.28509652344e-19, 1.40249300039e-19, 2.13718163727e-19, 3.15713022923e-19, 6.35023144137e-19, 8.31779995253e-19, 5.35158817856e-19, 6.02610175232e-19, 1.43113723103e-18, 1.28724637174e-18, 2.32019240096e-18, 5.2804923151e-18, 4.46805412901e-18, 4.47602235985e-18, 5.73700833208e-18, 4.03871347669e-18, 3.46957847367e-18, 1.35786420752e-17, 1.07206313156e-17, 8.44026228446e-18, 1.24704045156e-17, 2.43204020652e-17, 2.16446084412e-17, 1.96800213991e-17, 2.00911781401e-17, 1.61313685948e-17, 1.61634797462e-17, 1.37963229252e-17, 9.53454778861e-18, 7.8947102007e-18, 4.36603091303e-18, 2.9031719259e-18, 1.27217627835e-18, 3.34743243493e-19, 3.02669101984e-20],
        "var": [0.928999245167, 43.3055801392, 418.71685791, 810.29864502, 1140.81213379, 1153.88415527, 544.452392578, 2631.9934082, 5717.5078125, 1353.21447754, 293.202087402, 652.366577148, 1715.15759277, 178.559371948, 135.335739136, 112.421295166, 817.318786621, 93.364074707, 76.3130493164, 70.9577941895, 31.490562439, 33.9796066284, 23.7361774445, 14.5387563705, 8.62842845917, 4.0512638092, 2.70693230629, 2.32083702087, 0.685157477856, 0.84016251564, 0.503336131573, 0.152409762144, 0.0527413077652, 0.00825782679021, 0.00264457985759, 0.000474592176033, 5.72460194235e-05, 9.38532423334e-07, 1.23141030706e-09, 3.37910233128e-09]
    },
    "gfcc": {
        "mean": [-151.644073486, 199.507339478, -64.2459945679, 23.8298816681, -28.6762733459, 3.09979057312, -15.6620616913, -5.13667917252, -7.80151414871, -7.9811873436, -4.48279762268, -10.1323022842, -2.47319126129],
        "cov": [[20652.0820312, -2648.99853516, -4036.69604492, 1443.94165039, -1389.39904785, 754.592773438, -806.633361816, 246.953567505, -609.06628418, -21.4271202087, -484.530334473, -2.70289683342, -366.541290283], [-2648.99853516, 1947.09082031, 699.956481934, -735.941345215, 480.777832031, -450.503173828, 282.487884521, -295.62387085, 192.411102295, -204.753112793, 178.784408569, -140.838272095, 115.511817932], [-4036.69604492, 699.956481934, 1813.99145508, -313.052154541, 348.388061523, -129.891799927, 161.967391968, -44.6392097473, 156.462814331, 31.1039047241, 112.834281921, 18.7302856445, 69.1500091553], [1443.94165039, -735.941345215, -313.052154541, 519.462402344, -119.251495361, 185.311584473, -53.7379417419, 77.9646682739, -46.4020767212, 32.8428001404, -46.6703033447, 19.513961792, -25.3500442505], [-1389.39904785, 480.777832031, 348.388061523, -119.251495361, 384.661437988, -51.0977020264, 170.340530396, -39.6831436157, 78.426574707, -47.7290000916, 54.2338142395, -23.3524665833, 39.3160591125], [754.592773438, -450.503173828, -129.891799927, 185.311584473, -51.0977020264, 222.409362793, -14.4450120926, 88.5888366699, -38.3626556396, 27.9086666107, -50.0279121399, 18.3076629639, -20.8045425415], [-806.633361816, 282.487884521, 161.967391968, -53.7379417419, 170.340530396, -14.4450120926, 167.040039062, -11.5493717194, 70.851348877, -33.5714263916, 39.7396888733, -26.463508606, 33.1186485291], [246.953567505, -295.62387085, -44.6392097473, 77.9646682739, -39.6831436157, 88.5888366699, -11.5493717194, 119.281661987, -3.49849367142, 50.8298225403, -16.5345916748, 39.6614761353, -11.1658191681], [-609.06628418, 192.411102295, 156.462814331, -46.4020767212, 78.426574707, -38.3626556396, 70.851348877, -3.49849367142, 113.020568848, 17.3818626404, 58.5059890747, 2.29303026199, 30.1514053345], [-21.4271202087, -204.753112793, 31.1039047241, 32.8428001404, -47.7290000916, 27.9086666107, -33.5714263916, 50.8298225403, 17.3818626404, 105.924316406, 25.7250709534, 51.2232131958, -2.76925873756], [-484.530334473, 178.784408569, 112.834281921, -46.6703033447, 54.2338142395, -50.0279121399, 39.7396888733, -16.5345916748, 58.5059890747, 25.7250709534, 108.21043396, 26.6762466431, 38.1492881775], [-2.70289683342, -140.838272095, 18.7302856445, 19.513961792, -23.3524665833, 18.3076629639, -26.463508606, 39.6614761353, 2.29303026199, 51.2232131958, 26.6762466431, 77.6353225708, 13.9192667007], [-366.541290283, 115.511817932, 69.1500091553, -25.3500442505, 39.3160591125, -20.8045425415, 33.1186485291, -11.1658191681, 30.1514053345, -2.76925873756, 38.1492881775, 13.9192667007, 59.2033576965]],
        "icov": [[0.000172153901076, -0.000779035501182, 0.000288682902465, -0.000784121919423, 0.000431378837675, -0.00071824179031, 0.000545085407794, -0.000436313799582, 0.000298221595585, -0.000402944802772, 0.000448715669336, -0.000588385912124, 0.000665271887556], [-0.000779035501182, 0.011060920544, -0.00155673723202, 0.00953279994428, -0.00458284746855, 0.00752715254202, -0.00439092423767, 0.00675659021363, -0.00454659340903, 0.00858185533434, -0.00714623834938, 0.0078490935266, -0.00560856284574], [0.000288682902465, -0.00155673723202, 0.00125946686603, -0.00120742234867, 0.000239649263676, -0.00133857363835, 0.00100999115966, -0.000737467897125, 0.000126021855976, -0.00142849143595, 0.00104769482277, -0.00130686862394, 0.00100411847234], [-0.000784121919423, 0.00953279994428, -0.00120742234867, 0.0113189732656, -0.00379458372481, 0.00436039594933, -0.00366222555749, 0.00576037866995, -0.00414198171347, 0.00707543315366, -0.00631373003125, 0.00689336797222, -0.00512182060629], [0.000431378837675, -0.00458284746855, 0.000239649263676, -0.00379458372481, 0.00753573235124, -0.00332039990462, -0.00287251616828, -0.00191533716861, 0.0018753715558, -0.00205726898275, 0.00253813201562, -0.00448872568086, 0.00315064983442], [-0.00071824179031, 0.00752715254202, -0.00133857363835, 0.00436039594933, -0.00332039990462, 0.0146125378087, -0.005284125451, -0.000166648605955, -0.000821651367005, 0.00449707685038, -0.0023968454916, 0.00538946641609, -0.00453182309866], [0.000545085407794, -0.00439092423767, 0.00100999115966, -0.00366222555749, -0.00287251616828, -0.005284125451, 0.0180925093591, -0.00549924373627, -0.00396487116814, 0.000647412845865, 0.000295470788842, 0.00176124961581, -0.000468340993393], [-0.000436313799582, 0.00675659021363, -0.000737467897125, 0.00576037866995, -0.00191533716861, -0.000166648605955, -0.00549924373627, 0.0210896562785, -0.00459248013794, 0.000571363256313, -0.000480706105009, -0.00208831392229, -0.00112266710494], [0.000298221595585, -0.00454659340903, 0.000126021855976, -0.00414198171347, 0.0018753715558, -0.000821651367005, -0.00396487116814, -0.00459248013794, 0.0195826366544, -0.00827924627811, -0.00217012083158, 0.000227447715588, -0.000401339959353], [-0.000402944802772, 0.00858185533434, -0.00142849143595, 0.00707543315366, -0.00205726898275, 0.00449707685038, 0.000647412845865, 0.000571363256313, -0.00827924627811, 0.0265544503927, -0.0101158563048, -0.00151695183013, 0.00048506326857], [0.000448715669336, -0.00714623834938, 0.00104769482277, -0.00631373003125, 0.00253813201562, -0.0023968454916, 0.000295470788842, -0.000480706105009, -0.00217012083158, -0.0101158563048, 0.023681236431, -0.0109724905342, -0.0020376520697], [-0.000588385912124, 0.0078490935266, -0.00130686862394, 0.00689336797222, -0.00448872568086, 0.00538946641609, 0.00176124961581, -0.00208831392229, 0.000227447715588, -0.00151695183013, -0.0109724905342, 0.0315577201545, -0.0115193380043], [0.000665271887556, -0.00560856284574, 0.00100411847234, -0.00512182060629, 0.00315064983442, -0.00453182309866, -0.000468340993393, -0.00112266710494, -0.000401339959353, 0.00048506326857, -0.0020376520697, -0.0115193380043, 0.0292005967349]]
    },
    "melbands": {
        "dmean": [0.00350308232009, 0.00552119594067, 0.0025948851835, 0.00115121679846, 0.000445728714112, 0.000493957661092, 0.000444113917183, 0.000137243099744, 7.12841574568e-05, 6.19783677394e-05, 5.50684962946e-05, 2.32993133977e-05, 1.73027037818e-05, 1.2270867046e-05, 1.78762329597e-05, 1.76174489752e-05, 6.78429387335e-06, 5.87850581724e-06, 6.14771579421e-06, 3.94762628275e-06, 2.77117533187e-06, 2.811192644e-06, 1.64099856192e-06, 2.06140566661e-06, 1.24567429793e-06, 1.05163940134e-06, 8.34535569538e-07, 5.27287397745e-07, 4.73445936677e-07, 3.63832384664e-07, 3.50724405962e-07, 1.87939036778e-07, 1.73375653389e-07, 2.03423681455e-07, 1.64906012401e-07, 1.1343973938e-07, 7.84467530934e-08, 6.46327649179e-08, 3.32813492321e-08, 2.8187640666e-08],
        "dmean2": [0.00552156660706, 0.00955928396434, 0.00452743982896, 0.00194827828091, 0.000755742134061, 0.000862155924551, 0.000776827975642, 0.000232679900364, 0.000121518009109, 0.000104183811345, 8.76398698892e-05, 3.74911687686e-05, 2.78360148513e-05, 2.00194208446e-05, 2.98739250866e-05, 2.9907334465e-05, 1.14001377369e-05, 9.90730495687e-06, 1.0444061445e-05, 6.63299988446e-06, 4.71990824735e-06, 4.88596651849e-06, 2.78502147921e-06, 3.63783806279e-06, 2.14152441913e-06, 1.81056270776e-06, 1.43783699968e-06, 9.01525652353e-07, 8.20164700599e-07, 6.32862168004e-07, 6.12308724612e-07, 3.22050254908e-07, 2.97550315054e-07, 3.4529966797e-07, 2.83567686665e-07, 1.97489825382e-07, 1.3431504442e-07, 1.09718669705e-07, 5.63974822398e-08, 4.82158917237e-08],
        "dvar": [3.11031326419e-05, 8.56262195157e-05, 2.40888948611e-05, 5.20891217093e-06, 6.78110495755e-07, 2.06238041756e-06, 1.49551544837e-06, 8.57234070395e-08, 2.02862437959e-08, 3.17028039376e-08, 3.31918350582e-08, 2.15597739661e-09, 1.60360924539e-09, 6.90184520646e-10, 2.43082243223e-09, 3.17995563215e-09, 3.5009745103e-10, 2.679150235e-10, 2.26371837941e-10, 7.91342893991e-11, 4.50041601208e-11, 6.16309572821e-11, 1.71807047755e-11, 4.66266469878e-11, 9.50101716052e-12, 6.7782706531e-12, 4.42748268603e-12, 1.53904905313e-12, 1.3824268336e-12, 8.64830559597e-13, 1.16425532409e-12, 2.27671831041e-13, 2.01294045993e-13, 4.72236507711e-13, 2.50074456585e-13, 1.30435498014e-13, 6.04865821058e-14, 4.93548141267e-14, 9.44675432579e-15, 7.45964383065e-15],
        "dvar2": [8.13886581454e-05, 0.000248585158261, 6.89509470249e-05, 1.42671651702e-05, 1.80907488811e-06, 5.77473201702e-06, 4.17885166826e-06, 2.09814601249e-07, 5.43669891329e-08, 7.86505935935e-08, 6.72104718547e-08, 5.19772980212e-09, 3.79493059199e-09, 1.73390790614e-09, 6.24546370176e-09, 8.44144576462e-09, 9.58739865276e-10, 7.25041415794e-10, 5.94401861065e-10, 2.03567315782e-10, 1.19843468482e-10, 1.68729433203e-10, 4.57183770008e-11, 1.30143909538e-10, 2.52403722922e-11, 1.81893909657e-11, 1.17763299112e-11, 4.03016682526e-12, 3.70849184694e-12, 2.32329194945e-12, 3.18206463783e-12, 5.99483028323e-13, 5.32639470724e-13, 1.24338354283e-12, 6.65343973492e-13, 3.5653156317e-13, 1.61884936879e-13, 1.32110373531e-13, 2.49455065437e-14, 1.95986415573e-14],
        "max": [0.0899361222982, 0.0946476906538, 0.058471173048, 0.026337698102, 0.0142473205924, 0.0161146223545, 0.0160119961947, 0.00712151220068, 0.00188465381507, 0.00502577889711, 0.00669004535303, 0.00136838143226, 0.0011903605191, 0.000604726665188, 0.000783041119576, 0.00135119468905, 0.000566814618651, 0.000521590816788, 0.000330413429765, 0.000149171071826, 0.000170542785781, 0.000201045462745, 8.25661627459e-05, 0.00018937313871, 4.64756594738e-05, 4.16059192503e-05, 3.97066469304e-05, 2.08059645956e-05, 1.74564574991e-05, 2.10196485568e-05, 2.15529453271e-05, 7.20561547496e-06, 9.54999723035e-06, 1.75748828042e-05, 1.31130545924e-05, 6.10288770986e-06, 5.59471936867e-06, 7.44662884244e-06, 3.28801365868e-06, 2.31836747844e-06],
        "mean": [0.0063266758807, 0.00781113421544, 0.00341596268117, 0.00156634417363, 0.000564607675187, 0.000472179643111, 0.000403137906687, 0.000152941778651, 7.83043578849e-05, 6.75603150739e-05, 6.5309846832e-05, 2.85870610242e-05, 2.07700923056e-05, 1.42686967592e-05, 1.69816921698e-05, 1.55908237502e-05, 7.05472302798e-06, 6.02540012551e-06, 5.61517435926e-06, 3.7751765376e-06, 2.64254958893e-06, 2.45578075919e-06, 1.57189515448e-06, 1.6939230818e-06, 1.10529947506e-06, 9.17884904084e-07, 7.21398521364e-07, 4.79109814933e-07, 4.12343297285e-07, 3.12384628387e-07, 2.91698768251e-07, 1.66141020941e-07, 1.45356764847e-07, 1.6311101092e-07, 1.29838682028e-07, 8.85590552002e-08, 6.19672917423e-08, 5.08750161998e-08, 2.73631837189e-08, 2.21828102553e-08],
        "median": [0.00314323953353, 0.0046463930048, 0.00177858606912, 0.000638482451905, 0.000230512407143, 0.000129071471747, 8.7565415015e-05, 4.13699053752e-05, 2.1971480237e-05, 1.66692752828e-05, 1.61531515914e-05, 8.4689590949e-06, 5.12455562784e-06, 3.02355510939e-06, 2.78511697616e-06, 2.14048031921e-06, 1.19458616155e-06, 8.85668271167e-07, 6.59400711811e-07, 4.66262946475e-07, 2.91324198542e-07, 2.32708359249e-07, 1.47864824385e-07, 1.14351344394e-07, 8.38223783717e-08, 6.60398100649e-08, 4.70292889077e-08, 2.92939148494e-08, 2.37100721279e-08, 1.67750187074e-08, 1.21614167625e-08, 8.06617705962e-09, 6.07672134834e-09, 4.77155204237e-09, 3.62407259757e-09, 2.35966624018e-09, 1.43967737731e-09, 9.66354218868e-10, 5.63928070907e-10, 3.79727888022e-10],
        "min": [1.23198789928e-23, 8.19201047838e-24, 8.76021200006e-24, 1.3771657582e-23, 5.95892353827e-24, 5.2771915217e-24, 4.69576040821e-24, 8.11964984527e-24, 5.56133448659e-24, 3.23328900666e-24, 2.51690134444e-24, 5.5968367772e-24, 3.94442758841e-24, 3.97375585914e-24, 8.94949207452e-24, 1.08606496124e-23, 8.56560711449e-24, 7.0015286534e-24, 8.79569417471e-24, 6.85205844452e-24, 4.28239808274e-24, 2.63092290525e-24, 8.58735048762e-24, 1.21390641847e-23, 7.95858180336e-24, 5.93667529416e-24, 7.46689663405e-24, 7.34428477242e-24, 1.44830870562e-23, 1.36024563842e-23, 1.23239077055e-23, 9.58596161893e-24, 1.04437910554e-23, 9.00775181895e-24, 7.92334180901e-24, 9.33253374224e-24, 1.06165563268e-23, 9.91045797457e-24, 7.43916738437e-24, 7.68088462093e-24],
        "var": [6.13495867583e-05, 9.0998444648e-05, 2.33469163504e-05, 5.88388365941e-06, 7.91114189269e-07, 1.48978597281e-06, 1.0974572433e-06, 1.12923650875e-07, 2.00588434751e-08, 3.28104547975e-08, 4.24802379939e-08, 2.8801934171e-09, 2.01839056579e-09, 7.95636057038e-10, 2.07608574776e-09, 2.40466957457e-09, 2.96132257604e-10, 2.47229042794e-10, 1.89635002146e-10, 7.41778305446e-11, 3.98636262888e-11, 4.61229943127e-11, 1.55123639628e-11, 3.1413878443e-11, 8.1965545462e-12, 5.66274718089e-12, 3.74953453702e-12, 1.49271870906e-12, 1.21032188178e-12, 7.44405080112e-13, 9.01531074186e-13, 2.16506378255e-13, 1.75992141867e-13, 3.63175906449e-13, 1.899199385e-13, 9.45741152492e-14, 4.66986644937e-14, 3.71007241042e-14, 8.04203912123e-15, 5.98785801622e-15]
    },
    "mfcc": {
        "mean": [-791.863586426, 209.130371094, 40.1756515503, 33.4856071472, 15.3889284134, 14.9224119186, 6.74096536636, 6.94103145599, 2.50497150421, 4.86265611649, 0.779509425163, 0.709733188152, 0.188393071294],
        "cov": [[14846.4414062, -163.06578064, -3209.89355469, 69.8698272705, -686.038757324, -15.7256736755, -412.195861816, -8.47116947174, -286.232818604, -14.1854457855, -189.617614746, -43.7994689941, -180.024276733], [-163.06578064, 1957.00048828, 155.299285889, -179.131958008, 8.07328891754, -66.1808776855, -4.65390062332, -52.8902320862, -18.1712760925, -61.9092674255, -3.46897053719, -33.5137329102, -21.2286434174], [-3209.89355469, 155.299285889, 1426.50085449, 70.9370803833, 169.613143921, 29.8222446442, 65.3374633789, -10.9750852585, 39.3527946472, 22.1998519897, 21.3175849915, 12.1556301117, 63.4250984192], [69.8698272705, -179.131958008, 70.9370803833, 251.097442627, 54.2718315125, 41.2148933411, 23.7338523865, 24.9304466248, 14.0467710495, 12.1892738342, 4.48480176926, 16.5460987091, 18.4138622284], [-686.038757324, 8.07328891754, 169.613143921, 54.2718315125, 163.928405762, 46.2330627441, 55.4363479614, 33.4301872253, 29.827829361, 10.6357707977, 20.2779998779, 11.5744781494, 18.4298534393], [-15.7256736755, -66.1808776855, 29.8222446442, 41.2148933411, 46.2330627441, 101.948051453, 44.8738174438, 31.1962566376, 26.6406936646, 22.5681800842, 4.46993875504, 2.75244021416, 1.95034265518], [-412.195861816, -4.65390062332, 65.3374633789, 23.7338523865, 55.4363479614, 44.8738174438, 106.960479736, 47.2099304199, 33.6496429443, 12.1111907959, 13.1865606308, 2.37692189217, -1.15663707256], [-8.47116947174, -52.8902320862, -10.9750852585, 24.9304466248, 33.4301872253, 31.1962566376, 47.2099304199, 86.436164856, 41.0313644409, 18.8508720398, 11.8593111038, 1.47298943996, -5.81627368927], [-286.232818604, -18.1712760925, 39.3527946472, 14.0467710495, 29.827829361, 26.6406936646, 33.6496429443, 41.0313644409, 70.8588104248, 30.1556758881, 14.6477079391, 0.250805944204, -4.74263191223], [-14.1854457855, -61.9092674255, 22.1998519897, 12.1892738342, 10.6357707977, 22.5681800842, 12.1111907959, 18.8508720398, 30.1556758881, 59.2556800842, 18.4691085815, 6.51694059372, 3.45522499084], [-189.617614746, -3.46897053719, 21.3175849915, 4.48480176926, 20.2779998779, 4.46993875504, 13.1865606308, 11.8593111038, 14.6477079391, 18.4691085815, 46.4640579224, 24.8394107819, 13.4498939514], [-43.7994689941, -33.5137329102, 12.1556301117, 16.5460987091, 11.5744781494, 2.75244021416, 2.37692189217, 1.47298943996, 0.250805944204, 6.51694059372, 24.8394107819, 53.2194099426, 33.191532135], [-180.024276733, -21.2286434174, 63.4250984192, 18.4138622284, 18.4298534393, 1.95034265518, -1.15663707256, -5.81627368927, -4.74263191223, 3.45522499084, 13.4498939514, 33.191532135, 58.9365882874]],
