{
"lowlevel": {
    "average_loudness": 0.950427174568,
    "barkbands_crest": {
        "dmean": 3.35753798485,
        "dmean2": 4.8163189888,
        "dvar": 9.88027763367,
        "dvar2": 20.9453792572,
        "max": 26.5930480957,
        "mean": 15.7556180954,
        "median": 15.2767066956,
        "min": 2.29060959816,
        "var": 34.8747329712
    },
    "barkbands_flatness_db": {
        "dmean": 0.0564870014787,
        "dmean2": 0.0774466395378,
        "dvar": 0.0035727196373,
        "dvar2": 0.00743062794209,
        "max": 0.647829413414,
        "mean": 0.275721728802,
        "median": 0.26988786459,
        "min": 0.0333859324455,
        "var": 0.011809787713
    },
    "barkbands_kurtosis": {
        "dmean": 65.0688781738,
        "dmean2": 92.7390518188,
        "dvar": 31580.8554688,
        "dvar2": 76818.7890625,
        "max": 3184.57202148,
        "mean": 77.2545394897,
        "median": 13.8706283569,
        "min": -1.33029079437,
        "var": 36809.265625
    },
    "barkbands_skewness": {
        "dmean": 2.06909370422,
        "dmean2": 2.68207836151,
        "dvar": 8.40184020996,
        "dvar2": 17.0121326447,
        "max": 38.728729248,
        "mean": 4.96228933334,
        "median": 3.16552066803,
        "min": -2.11210417747,
        "var": 23.935634613
    },
    "barkbands_spread": {
        "dmean": 3.43505120277,
        "dmean2": 5.36237049103,
        "dvar": 28.2695274353,
        "dvar2": 69.6065139771,
        "max": 59.7610702515,
        "mean": 6.71685791016,
        "median": 4.44312238693,
        "min": 0.0303032547235,
        "var": 45.5431251526
    },
    "dissonance": {
        "dmean": 0.0286732260138,
        "dmean2": 0.0474499091506,
        "dvar": 0.000642290106043,
        "dvar2": 0.00170568563044,
        "max": 0.500000059605,
        "mean": 0.439997971058,
        "median": 0.447532236576,
        "min": 0.215338528156,
        "var": 0.00155878381338
    },
    "dynamic_complexity": 2.22680592537,
    "erbbands_crest": {
        "dmean": 3.24827575684,
        "dmean2": 5.30101585388,
        "dvar": 10.2736644745,
        "dvar2": 26.4640026093,
        "max": 28.6919956207,
        "mean": 10.8556852341,
        "median": 10.0158996582,
        "min": 2.61730146408,
        "var": 21.9761600494
    },
    "erbbands_flatness_db": {
        "dmean": 0.0265484899282,
        "dmean2": 0.0385882668197,
        "dvar": 0.000851882214192,
        "dvar2": 0.00191366649233,
        "max": 0.441449612379,
        "mean": 0.187101975083,
        "median": 0.182327747345,
        "min": 0.0656078159809,
        "var": 0.00334732141346
    },
    "erbbands_kurtosis": {
        "dmean": 1.9792637825,
        "dmean2": 3.22597527504,
        "dvar": 41.7904777527,
        "dvar2": 101.86605072,
        "max": 197.672866821,
        "mean": 1.79854047298,
        "median": 0.308491945267,
        "min": -1.68718910217,
        "var": 48.6116218567
    },
    "erbbands_skewness": {
        "dmean": 0.462813109159,
        "dmean2": 0.721032977104,
        "dvar": 0.382959395647,
        "dvar2": 0.802779793739,
        "max": 12.0360784531,
        "mean": 0.987240433693,
        "median": 0.769995927811,
        "min": -1.49152743816,
        "var": 0.986705243587
    },
    "erbbands_spread": {
        "dmean": 8.86514186859,
        "dmean2": 12.5957164764,
        "dvar": 104.417884827,
        "dvar2": 196.577972412,
        "max": 127.410881042,
        "mean": 34.1727523804,
        "median": 30.202545166,
        "min": 2.07002949715,
        "var": 344.251708984
    },
    "hfc": {
        "dmean": 7.48077201843,
        "dmean2": 11.8733043671,
        "dvar": 108.522796631,
        "dvar2": 269.285766602,
        "max": 90.5146865845,
        "mean": 16.2550945282,
        "median": 12.9133014679,
        "min": 1.09141134931e-16,
        "var": 156.403747559
    },
    "melbands_crest": {
        "dmean": 4.41568136215,
        "dmean2": 7.07984161377,
        "dvar": 20.728597641,
        "dvar2": 52.7429542542,
        "max": 37.0675239563,
        "mean": 20.7502937317,
        "median": 20.0039615631,
        "min": 1.60209095478,
        "var": 51.8503646851
    },
    "melbands_flatness_db": {
        "dmean": 0.0616364851594,
        "dmean2": 0.0839552357793,
        "dvar": 0.00446987804025,
        "dvar2": 0.00919970031828,
        "max": 0.793019175529,
        "mean": 0.369622975588,
        "median": 0.364831924438,
        "min": 0.00301398499869,
        "var": 0.016831304878
    },
    "melbands_kurtosis": {
        "dmean": 47.7431793213,
        "dmean2": 67.2456054688,
        "dvar": 7630.30712891,
        "dvar2": 13438.6142578,
        "max": 1210.08215332,
        "mean": 81.8530883789,
        "median": 26.4562797546,
        "min": -1.47323596478,
        "var": 17792.8203125
    },
    "melbands_skewness": {
        "dmean": 1.60569739342,
        "dmean2": 2.37105369568,
        "dvar": 4.53258514404,
        "dvar2": 8.20229530334,
        "max": 23.0767822266,
        "mean": 5.15278339386,
        "median": 4.01630973816,
        "min": -0.484699070454,
        "var": 14.2630062103
    },
    "melbands_spread": {
        "dmean": 3.2232234478,
        "dmean2": 5.02309274673,
        "dvar": 27.4789848328,
        "dvar2": 61.6217193604,
        "max": 168.318862915,
        "mean": 6.95336341858,
        "median": 3.79846167564,
        "min": 0.129259064794,
        "var": 97.9745483398
    },
    "pitch_salience": {
        "dmean": 0.107376538217,
        "dmean2": 0.165343180299,
        "dvar": 0.0151990540326,
        "dvar2": 0.0348605252802,
        "max": 0.917265474796,
        "mean": 0.387139379978,
        "median": 0.398285806179,
        "min": 0.0319383628666,
        "var": 0.0363658629358
    },
    "silence_rate_20dB": {
        "dmean": 0.0289639011025,
        "dmean2": 0.0579339712858,
        "dvar": 0.0281242709607,
        "dvar2": 0.0788593068719,
        "max": 1,
        "mean": 0.983177185059,
        "median": 1,
        "min": 0,
        "var": 0.0165413618088
    },
    "silence_rate_30dB": {
        "dmean": 0.163560852408,
        "dmean2": 0.327156543732,
        "dvar": 0.136800855398,
        "dvar2": 0.281883001328,
        "max": 1,
        "mean": 0.603598833084,
        "median": 1,
        "min": 0,
        "var": 0.239267736673
    },
    "silence_rate_60dB": {
        "dmean": 0.011287403293,
        "dmean2": 0.0225772093982,
        "dvar": 0.0111600989476,
        "dvar2": 0.0265376213938,
        "max": 1,
        "mean": 0.0587734244764,
        "median": 0,
        "min": 0,
        "var": 0.0553159825504
    },
    "spectral_centroid": {
        "dmean": 182.392105103,
        "dmean2": 274.992797852,
        "dvar": 63269.890625,
        "dvar2": 135531.046875,
        "max": 11618.6865234,
        "mean": 600.773193359,
        "median": 475.624389648,
        "min": 71.3560256958,
        "var": 392855.46875
    },
    "spectral_complexity": {
        "dmean": 3.75380682945,
        "dmean2": 5.88200235367,
        "dvar": 20.7716350555,
        "dvar2": 48.2116088867,
        "max": 48,
        "mean": 11.3209114075,
        "median": 10,
        "min": 0,
        "var": 45.20860672
    },
    "spectral_decrease": {
        "dmean": 1.2051772913e-08,
        "dmean2": 1.89661442107e-08,
        "dvar": 2.25032540116e-16,
        "dvar2": 4.39042243443e-16,
        "max": 1.76634257437e-28,
        "mean": -2.76202669625e-08,
        "median": -2.11699529018e-08,
        "min": -1.13078371555e-07,
        "var": 5.42848592819e-16
    },
    "spectral_energy": {
        "dmean": 0.0458578281105,
        "dmean2": 0.0721803456545,
        "dvar": 0.00323800416663,
        "dvar2": 0.00631905486807,
        "max": 0.429291009903,
        "mean": 0.105719484389,
        "median": 0.0815958678722,
        "min": 1.04118564639e-20,
        "var": 0.00782569497824
    },
    "spectral_energyband_high": {
        "dmean": 0.000235833402257,
        "dmean2": 0.000390778819565,
        "dvar": 2.73483749424e-07,
        "dvar2": 7.40163784485e-07,
        "max": 0.00474155275151,
        "mean": 0.000218260480324,
        "median": 4.71079656563e-05,
        "min": 7.28252800128e-21,
        "var": 2.20020126562e-07
    },
    "spectral_energyband_low": {
        "dmean": 0.0441890470684,
        "dmean2": 0.070358209312,
        "dvar": 0.00363343022764,
        "dvar2": 0.00686334632337,
        "max": 0.428199470043,
        "mean": 0.0896524339914,
        "median": 0.0628117024899,
        "min": 2.35683665472e-23,
        "var": 0.0081779062748
    },
    "spectral_energyband_middle_high": {
        "dmean": 0.00152843759861,
        "dmean2": 0.00250377389602,
        "dvar": 7.53215999794e-06,
        "dvar2": 1.85044809768e-05,
        "max": 0.0411985553801,
        "mean": 0.00260422774591,
        "median": 0.00115097756498,
        "min": 1.30698171854e-21,
        "var": 1.41110522236e-05
    },
    "spectral_energyband_middle_low": {
        "dmean": 0.0103145223111,
        "dmean2": 0.0179729498923,
        "dvar": 0.000428295839811,
        "dvar2": 0.00120466621593,
        "max": 0.175035580993,
        "mean": 0.0154196256772,
        "median": 0.00824407860637,
        "min": 1.97298328068e-22,
        "var": 0.000373405840946
    },
    "spectral_entropy": {
        "dmean": 0.351589918137,
        "dmean2": 0.526542246342,
        "dvar": 0.155771404505,
        "dvar2": 0.356779396534,
        "max": 9.8129825592,
        "mean": 6.82904720306,
        "median": 6.84465789795,
        "min": 4.46977806091,
        "var": 0.439840495586
    },
    "spectral_flux": {
        "dmean": 0.0703646466136,
        "dmean2": 0.110034376383,
        "dvar": 0.00582752982154,
        "dvar2": 0.010766745545,
        "max": 0.590711712837,
        "mean": 0.161586433649,
        "median": 0.127328187227,
        "min": 6.57467205678e-11,
        "var": 0.0156478155404
    },
    "spectral_kurtosis": {
        "dmean": 4.86205053329,
        "dmean2": 7.86913204193,
        "dvar": 38.3656463623,
        "dvar2": 93.6753234863,
        "max": 152.537185669,
        "mean": 10.1464681625,
        "median": 6.94672679901,
        "min": -1.24166512489,
        "var": 112.201225281
    },
    "spectral_rms": {
        "dmean": 0.00218476075679,
        "dmean2": 0.00341655011289,
        "dvar": 5.76806314712e-06,
        "dvar2": 1.10687606139e-05,
        "max": 0.0204651039094,
        "mean": 0.00916470214725,
        "median": 0.00892220437527,
        "min": 3.18714737761e-12,
        "var": 1.91489853023e-05
    },
    "spectral_rolloff": {
        "dmean": 160.364730835,
        "dmean2": 271.177703857,
        "dvar": 124587.90625,
        "dvar2": 260371.296875,
        "max": 19552.1484375,
        "mean": 447.878570557,
        "median": 172.265625,
        "min": 43.06640625,
        "var": 1012495.8125
    },
    "spectral_skewness": {
        "dmean": 0.465171009302,
        "dmean2": 0.727789223194,
        "dvar": 0.237060442567,
        "dvar2": 0.565823614597,
        "max": 9.5713968277,
        "mean": 2.25209784508,
        "median": 2.05922555923,
        "min": -0.0544969141483,
        "var": 0.780639350414
    },
    "spectral_spread": {
        "dmean": 677614.625,
        "dmean2": 921214.5,
        "dvar": 899044540416,
        "dvar2": 1.50577453466e+12,
        "max": 43444752,
        "mean": 3723950,
        "median": 3324870.25,
        "min": 624936.875,
        "var": 5.13262590362e+12
    },
    "spectral_strongpeak": {
        "dmean": 0.373450219631,
        "dmean2": 0.631490945816,
        "dvar": 0.243238523602,
        "dvar2": 0.618307173252,
        "max": 6.00653886795,
        "mean": 0.768272101879,
        "median": 0.716550707817,
        "min": 0,
        "var": 0.379080176353
    },
    "zerocrossingrate": {
        "dmean": 0.00488650426269,
        "dmean2": 0.00626398809254,
        "dvar": 6.4391279011e-05,
        "dvar2": 7.24576166249e-05,
        "max": 0.6982421875,
        "mean": 0.0184944327921,
        "median": 0.0126953125,
        "min": 0.001953125,
        "var": 0.000930204172619
    },
    "barkbands": {
        "dmean": [0.0043084747158, 0.0400070734322, 0.0162680409849, 0.0051375743933, 0.00332336546853, 0.00125348055735, 0.00150069047231, 0.000612063449807, 0.000452793203294, 0.000402474572184, 0.00032377592288, 0.000241838570219, 0.000221904309001, 0.000140826989082, 0.000111765039037, 9.57431693678e-05, 0.000127044797409, 0.000123642064864, 8.08182085166e-05, 5.38070125913e-05, 5.12555379828e-05, 4.83247604279e-05, 3.74130868295e-05, 3.25070323015e-05, 2.63330421149e-05, 1.76710273081e-05, 3.45544026459e-06],
        "dmean2": [0.00750981690362, 0.0597720779479, 0.028013613075, 0.00927909649909, 0.00597108900547, 0.00208160630427, 0.00231095356867, 0.000960158009548, 0.000730730302166, 0.000652969698422, 0.000527456169948, 0.000403672718676, 0.000379718665499, 0.000232291218708, 0.000186501696589, 0.000158544920851, 0.000216786749661, 0.000214948639041, 0.000137661729241, 8.67746057338e-05, 8.44879177748e-05, 7.95799933258e-05, 6.3929175667e-05, 5.61206106795e-05, 4.48781429441e-05, 3.05197609123e-05, 6.58014187138e-06],
        "dvar": [4.41153424617e-05, 0.00316908350214, 0.00125567836221, 0.000154081222718, 5.72936078242e-05, 6.65782090437e-06, 8.41558448883e-06, 3.32291642735e-06, 1.51939980242e-06, 1.15608179385e-06, 7.33444380785e-07, 3.30423972628e-07, 2.4055222525e-07, 1.01157482391e-07, 5.39334479299e-08, 3.70231667546e-08, 1.2140762351e-07, 1.0218689539e-07, 2.87451964454e-08, 1.33284823178e-08, 1.13600364671e-08, 1.36638007575e-08, 8.1896116555e-09, 7.5182393644e-09, 5.18461895638e-09, 2.46671194581e-09, 1.5037390777e-10],
        "dvar2": [0.000115964663564, 0.00607985304669, 0.00331495306455, 0.000436252827058, 0.000165277320775, 1.76257344719e-05, 1.86119941645e-05, 6.96997130945e-06, 3.50414893546e-06, 2.52117342825e-06, 1.70175007952e-06, 8.66856112225e-07, 6.5285985329e-07, 2.48624928645e-07, 1.28335315708e-07, 9.42589366559e-08, 3.35777542659e-07, 2.83613019292e-07, 7.77310660283e-08, 3.47840902748e-08, 2.98071931581e-08, 3.67423069747e-08, 2.24619203237e-08, 2.08372181731e-08, 1.41533105236e-08, 6.74052147431e-09, 4.33513169806e-10],
        "max": [0.0546472817659, 0.417867988348, 0.233554258943, 0.117956832051, 0.0639114677906, 0.0459414944053, 0.0525032505393, 0.051647093147, 0.0342833511531, 0.0311993155628, 0.0282770507038, 0.010048664175, 0.00579582061619, 0.00822259485722, 0.00521649932489, 0.0033000591211, 0.00609702942893, 0.00396692939103, 0.00166105933022, 0.00181767391041, 0.00139406532981, 0.00132818229031, 0.000960661738645, 0.000866998161655, 0.000743820681237, 0.000406525388826, 0.00012529657397],
        "mean": [0.00503507768735, 0.0652132332325, 0.0172741040587, 0.00545576494187, 0.00350975943729, 0.00177394005004, 0.0028215686325, 0.00106460624374, 0.000719931675121, 0.000638139550574, 0.000498550652992, 0.000361604383215, 0.000277358019957, 0.000211760270759, 0.000156067122589, 0.00012469678768, 0.000130056316266, 0.000119251730212, 8.1753161794e-05, 6.03940316068e-05, 5.19556706422e-05, 4.476623144e-05, 3.18159909511e-05, 2.61004424829e-05, 2.15131240111e-05, 1.37502574944e-05, 1.96907990357e-06],
        "median": [0.00152799347416, 0.0358300842345, 0.0059863300994, 0.000897955091204, 0.00107182422653, 0.000495229964145, 0.000821099267341, 0.000181797062396, 0.000174102140591, 0.000158102149726, 0.000149452171172, 0.000109896514914, 9.19836747926e-05, 6.13911397522e-05, 5.77186292503e-05, 4.25079197157e-05, 3.86475876439e-05, 3.2721181924e-05, 2.41037760134e-05, 1.88846352103e-05, 1.3633508388e-05, 8.40940538183e-06, 5.00764508615e-06, 2.93995390166e-06, 1.51138203819e-06, 5.38098902325e-07, 1.13497033993e-08],
        "min": [5.74339697681e-25, 7.21188551353e-24, 5.35431293038e-24, 2.39683355923e-24, 9.18700073814e-24, 1.66330075466e-23, 1.08310823168e-23, 2.36984717986e-23, 2.31368864533e-23, 1.36278513945e-23, 1.76392280302e-23, 1.27568503475e-23, 6.87440403407e-23, 4.05319478339e-23, 8.06328305147e-23, 7.92156198103e-23, 7.62948402206e-23, 9.34872495455e-23, 1.4666538553e-22, 1.97365387556e-22, 2.33674206399e-22, 4.09216634226e-22, 4.44354871838e-22, 6.12088561202e-22, 9.98997597423e-22, 1.41669048528e-21, 2.0363371165e-21],
        "var": [5.9014546423e-05, 0.00641656154767, 0.000947471067775, 0.000134519927087, 4.09388594562e-05, 1.09931816041e-05, 2.35094703385e-05, 1.05416120277e-05, 3.80758706342e-06, 3.5609268707e-06, 1.56995395173e-06, 5.30310785507e-07, 2.5916617119e-07, 1.87842857713e-07, 8.99410039779e-08, 4.86910423092e-08, 8.95920422295e-08, 7.28706908149e-08, 2.36694859268e-08, 1.3016719258e-08, 1.01922879026e-08, 1.12610649694e-08, 6.20012396979e-09, 5.3435988967e-09, 3.87177356842e-09, 1.7822567866e-09, 8.32701130271e-11]
    },
    "erbbands": {
        "dmean": [1.42691135406, 8.68218326569, 19.0892429352, 17.8669986725, 12.51359272, 11.4298038483, 10.3610877991, 10.1507530212, 18.1306266785, 17.3735733032, 13.7314519882, 9.94939231873, 10.3967208862, 14.6625776291, 8.34812736511, 8.98207569122, 10.5408725739, 5.66724777222, 7.00293159485, 5.48028612137, 5.99341058731, 7.28487634659, 7.55031394958, 4.41472291946, 3.68302726746, 2.23043417931, 1.99424767494, 2.02179336548, 1.99387860298, 1.43054008484, 0.942584335804, 0.75724875927, 0.474417865276, 0.301466912031, 0.201566830277, 0.0738768354058, 0.0333900898695, 0.00919446442276, 0.000252740690485, 4.98389454151e-05],
        "dmean2": [2.25525355339, 13.9925203323, 31.6337432861, 31.45753479, 22.8507080078, 20.2156391144, 17.3908691406, 16.8406524658, 28.5360431671, 26.9956893921, 21.6029262543, 16.2313041687, 16.9578952789, 23.9037418365, 13.7378435135, 15.1628465652, 18.1482524872, 9.52562618256, 11.3799247742, 9.0718460083, 9.94241714478, 12.3902568817, 13.1204614639, 7.4364233017, 6.22997903824, 3.58945941925, 3.26206827164, 3.34784626961, 3.34643912315, 2.37715935707, 1.61161625385, 1.30665576458, 0.815058648586, 0.516192495823, 0.349446028471, 0.124686062336, 0.0586412660778, 0.0168315712363, 0.000466619734652, 7.81821072451e-05],
        "dvar": [4.69108057022, 180.827316284, 1462.73803711, 1619.32885742, 1052.53039551, 585.530334473, 446.704193115, 468.268707275, 1275.0994873, 1119.62609863, 1367.11767578, 828.979309082, 670.171203613, 1245.10461426, 389.655456543, 442.741760254, 544.072692871, 102.646575928, 198.645492554, 102.626457214, 156.959228516, 390.288665771, 398.950836182, 83.8049850464, 61.5857391357, 21.4788761139, 17.0328464508, 18.2326183319, 23.4590759277, 11.2522773743, 5.37797260284, 4.06576776505, 1.58438301086, 0.663675010204, 0.329070150852, 0.0404451191425, 0.00923768710345, 0.000872772536241, 6.72243459121e-07, 3.73553721289e-09],
        "dvar2": [10.7226066589, 330.327087402, 3697.80957031, 4494.91601562, 3036.41308594, 1670.75317383, 1203.74719238, 1214.31738281, 2962.02563477, 2393.16455078, 2992.89624023, 1972.73669434, 1430.49633789, 2975.62353516, 999.180908203, 1199.7052002, 1499.82739258, 262.052886963, 477.590515137, 247.447952271, 403.778778076, 1074.40673828, 1107.19970703, 225.138183594, 167.157546997, 56.4282150269, 44.585231781, 48.3554840088, 63.9305763245, 29.6814193726, 14.8769416809, 11.2784948349, 4.36294317245, 1.80879533291, 0.909838140011, 0.108557574451, 0.0254407152534, 0.00247095385566, 1.92335642168e-06, 7.4162733732e-09],
        "max": [14.1198205948, 87.4999771118, 242.644836426, 299.782012939, 288.382324219, 258.08215332, 459.263824463, 434.417602539, 809.472229004, 634.078918457, 1000.57489014, 920.940368652, 646.260986328, 984.392578125, 547.004577637, 390.260223389, 280.57131958, 180.00970459, 342.204986572, 184.93031311, 193.771621704, 321.095947266, 253.770172119, 94.2553710938, 87.3416900635, 97.2468948364, 53.6244163513, 48.3179321289, 52.3505783081, 37.1601905823, 31.6034088135, 19.5314674377, 16.429063797, 11.1398801804, 4.55250358582, 1.87288296223, 0.932431280613, 0.263687342405, 0.0100911809132, 0.000462957512354],
        "mean": [1.96193861961, 14.1745414734, 22.5481300354, 20.1051216125, 11.6933069229, 13.2354564667, 14.5039615631, 14.4562559128, 31.671918869, 33.5854759216, 24.993730545, 16.0054740906, 17.3899707794, 24.8476467133, 12.7366628647, 12.7676544189, 13.5926151276, 8.40838718414, 10.8307065964, 7.84341812134, 7.74391126633, 7.58639478683, 7.26085948944, 4.62573766708, 3.69279241562, 2.53822445869, 2.12779855728, 1.96447134018, 1.78383111954, 1.2799038887, 0.816409468651, 0.609031915665, 0.387776106596, 0.250685960054, 0.156008526683, 0.0612602941692, 0.0250843241811, 0.00598959904164, 0.000200303562451, 0.00011923447164],
        "median": [0.880709946156, 7.61416912079, 12.4576702118, 6.6839761734, 2.90927481651, 3.78273105621, 4.57534408569, 4.0127248764, 9.95648384094, 10.6435308456, 5.8165397644, 4.58690786362, 4.81087493896, 8.43738937378, 4.76577854156, 4.39528751373, 5.32166194916, 3.5288901329, 4.03205633163, 3.2657430172, 2.7129201889, 2.3966960907, 1.96915102005, 1.49572062492, 1.11058676243, 0.823549687862, 0.628834366798, 0.489963829517, 0.330368250608, 0.210382685065, 0.133855164051, 0.074486002326, 0.0410696864128, 0.0207845717669, 0.00879443529993, 0.00310025690123, 0.000873285462148, 0.00011430788436, 4.68201615149e-05, 9.21368628042e-05],
        "min": [1.91142890601e-22, 1.08039380548e-21, 7.26300363077e-21, 8.50152403672e-21, 1.84758916217e-20, 3.69042106647e-20, 1.493088923e-19, 1.65760803826e-19, 1.81460678927e-19, 1.97924313153e-19, 6.38697428719e-19, 4.73255567643e-19, 6.63548829452e-19, 9.09608747004e-19, 7.79358509607e-19, 9.73401432832e-19, 2.56152648058e-18, 2.8896640665e-18, 3.00282444225e-18, 3.19620107149e-18, 3.60228140498e-18, 4.51947663897e-18, 5.87927305768e-18, 7.20980382632e-18, 7.71793591353e-18, 9.15513989397e-18, 9.73738819124e-18, 1.23869626714e-17, 1.31300678193e-17, 1.2106774264e-17, 1.03396294439e-17, 1.11493416563e-17, 1.10713046101e-17, 9.82687258991e-18, 7.03386747312e-18, 5.19188265993e-18, 2.36989023935e-18, 1.02429061809e-18, 2.84935157444e-19, 2.61826719965e-20],
        "var": [7.46083259583, 310.557281494, 1275.6763916, 1313.99072266, 672.059082031, 541.32232666, 650.754699707, 810.859436035, 3011.32666016, 3288.59350586, 4163.19042969, 1901.08984375, 2161.63574219, 2854.19580078, 537.643920898, 537.871520996, 545.571411133, 153.079208374, 369.611297607, 162.202758789, 185.876144409, 294.535522461, 287.659942627, 70.2604446411, 49.4023323059, 20.8983516693, 16.0125007629, 15.5451211929, 18.2110595703, 9.41245079041, 4.14490699768, 2.87677621841, 1.16171181202, 0.50488704443, 0.229992896318, 0.0314740128815, 0.00643020728603, 0.000524012546521, 4.00790469257e-07, 9.58992707467e-09]
    },
    "gfcc": {
        "mean": [-53.7629127502, 138.002059937, -97.9009170532, 35.1576652527, -36.6683998108, 14.9523983002, -17.5385513306, 7.84912776947, -6.13250827789, 3.1660091877, -4.06231975555, -1.61630856991, -5.37343597412],
        "cov": [[13453.9501953, 227.281036377, 1329.19543457, 1171.63525391, 48.6141433716, 626.872375488, -390.235687256, 244.09022522, -614.620483398, -14.0284061432, -586.542297363, 92.1165161133, -361.543029785], [227.281036377, 2226.25146484, 353.18951416, 52.5185699463, 523.529418945, -124.852249146, 417.332183838, -239.238098145, 268.817657471, -245.428741455, 197.314071655, -261.146148682, 187.530822754], [1329.19543457, 353.18951416, 1961.52954102, 680.633605957, 767.664245605, 422.251220703, 260.705291748, 138.402496338, 21.5626182556, 8.07657051086, -75.853012085, -4.28047323227, -33.2010116577], [1171.63525391, 52.5185699463, 680.633605957, 461.002716064, 310.744445801, 233.999313354, 90.4056472778, 75.8189086914, -18.1375408173, 3.00038766861, -57.2679748535, -10.1575632095, -21.7206459045], [48.6141433716, 523.529418945, 767.664245605, 310.744445801, 578.262939453, 216.865005493, 307.21496582, 55.7187461853, 144.811981201, -23.8121414185, 53.7592277527, -60.8505401611, 54.2156600952], [626.872375488, -124.852249146, 422.251220703, 233.999313354, 216.865005493, 239.461135864, 107.332870483, 115.454559326, 9.72054576874, 43.8957443237, -31.4941997528, 22.4878635406, -11.2248897552], [-390.235687256, 417.332183838, 260.705291748, 90.4056472778, 307.21496582, 107.332870483, 283.511779785, 54.195098877, 169.589294434, -10.8283624649, 87.0023574829, -57.0185623169, 67.0491256714], [244.09022522, -239.238098145, 138.402496338, 75.8189086914, 55.7187461853, 115.454559326, 54.195098877, 138.963088989, 39.1022071838, 71.5510787964, -12.4257946014, 32.1094779968, -25.2684326172], [-614.620483398, 268.817657471, 21.5626182556, -18.1375408173, 144.811981201, 9.72054576874, 169.589294434, 39.1022071838, 191.972732544, 42.4722099304, 115.865737915, -34.9067306519, 50.2984886169], [-14.0284061432, -245.428741455, 8.07657051086, 3.00038766861, -23.8121414185, 43.8957443237, -10.8283624649, 71.5510787964, 42.4722099304, 116.518501282, 41.9067077637, 53.5306358337, -16.3914756775], [-586.542297363, 197.314071655, -75.853012085, -57.2679748535, 53.7592277527, -31.4941997528, 87.0023574829, -12.4257946014, 115.865737915, 41.9067077637, 141.66229248, 14.8567676544, 64.1930847168], [92.1165161133, -261.146148682, -4.28047323227, -10.1575632095, -60.8505401611, 22.4878635406, -57.0185623169, 32.1094779968, -34.9067306519, 53.5306358337, 14.8567676544, 97.1016769409, 13.0892391205], [-361.543029785, 187.530822754, -33.2010116577, -21.7206459045, 54.2156600952, -11.2248897552, 67.0491256714, -25.2684326172, 50.2984886169, -16.3914756775, 64.1930847168, 13.0892391205, 99.0007858276]],
        "icov": [[0.000259228749201, -0.000698518764693, 0.000187373298104, -0.000609296606854, 0.000369218731066, -0.00066556542879, 0.000466533849249, -0.000682073063217, 0.000409652042435, -0.000502940209117, 0.000867363007274, -0.0011006265413, 0.000723001547158], [-0.000698518764693, 0.00360430777073, -0.000931661867071, 0.00146220240276, -0.00117866776418, 0.00263622589409, -0.00213990639895, 0.00327991042286, -0.00149529101327, 0.00321834092028, -0.00419819494709, 0.0054925265722, -0.00285066990182], [0.000187373298104, -0.000931661867071, 0.00205704988912, -0.00148389686365, -0.00220412877388, -0.000209360994631, 0.000474789732834, -0.000419570220402, 0.000667284184601, -0.00150854664389, 0.00245180074126, -0.00321129267104, 0.00181402522139], [-0.000609296606854, 0.00146220240276, -0.00148389686365, 0.00845935568213, -0.00278505124152, -0.00393975293264, 0.00327126588672, 0.000290418276563, -0.000172102401848, 0.00219805003144, -0.0036670260597, 0.00596787175164, -0.00265934853815], [0.000369218731066, -0.00117866776418, -0.00220412877388, -0.00278505124152, 0.0123257450759, -0.0047535020858, -0.00624760985374, 0.00349101005122, -0.00304196309298, 0.00132318946999, 0.000898280006368, -0.00207206211053, 0.0015202841023], [-0.00066556542879, 0.00263622589409, -0.000209360994631, -0.00393975293264, -0.0047535020858, 0.0251903608441, -0.0126237878576, -0.00512372283265, 0.00979291927069, -0.00855073612183, 0.00279454770498, 0.00111582735553, -0.00400839792565], [0.000466533849249, -0.00213990639895, 0.000474789732834, 0.00327126588672, -0.00624760985374, -0.0126237878576, 0.0317001231015, -0.0129156326875, -0.0107477158308, 0.0131752016023, -0.00864938180894, 0.00676597980782, -0.00378576642834], [-0.000682073063217, 0.00327991042286, -0.000419570220402, 0.000290418276563, 0.00349101005122, -0.00512372283265, -0.0129156326875, 0.0345956720412, -0.0147666875273, -0.00724394759163, 0.0141237443313, -0.0102941757068, 0.00480979820713], [0.000409652042435, -0.00149529101327, 0.000667284184601, -0.000172102401848, -0.00304196309298, 0.00979291927069, -0.0107477158308, -0.0147666875273, 0.0390073806047, -0.0168051682413, -0.0136001138017, 0.016054937616, -0.00510410778224], [-0.000502940209117, 0.00321834092028, -0.00150854664389, 0.00219805003144, 0.00132318946999, -0.00855073612183, 0.0131752016023, -0.00724394759163, -0.0168051682413, 0.0404009707272, -0.0188010595739, -0.00421776017174, 0.00755295855924], [0.000867363007274, -0.00419819494709, 0.00245180074126, -0.0036670260597, 0.000898280006368, 0.00279454770498, -0.00864938180894, 0.0141237443313, -0.0136001138017, -0.0188010595739, 0.0423575937748, -0.0232041925192, -0.000175082343048], [-0.0011006265413, 0.0054925265722, -0.00321129267104, 0.00596787175164, -0.00207206211053, 0.00111582735553, 0.00676597980782, -0.0102941757068, 0.016054937616, -0.00421776017174, -0.0232041925192, 0.0467781759799, -0.0201337579638], [0.000723001547158, -0.00285066990182, 0.00181402522139, -0.00265934853815, 0.0015202841023, -0.00400839792565, -0.00378576642834, 0.00480979820713, -0.00510410778224, 0.00755295855924, -0.000175082343048, -0.0201337579638, 0.0272897668183]]
    },
    "melbands": {
        "dmean": [0.0120891323313, 0.00978549383581, 0.0029448447749, 0.000841390690766, 0.000373796385247, 0.000231290643569, 0.000293374992907, 0.000181563853403, 0.000107166983071, 6.18940612185e-05, 5.40584223927e-05, 6.15292083239e-05, 3.32997697114e-05, 2.49567438004e-05, 2.51103447226e-05, 2.2945818273e-05, 9.87563726085e-06, 1.26998274936e-05, 9.96435210254e-06, 6.60571504341e-06, 7.23898619981e-06, 8.43149155116e-06, 6.67990980219e-06, 5.18480101164e-06, 3.46781416738e-06, 3.27760903929e-06, 2.17357546717e-06, 1.35749723995e-06, 1.32134800879e-06, 1.14142267194e-06, 1.09927407266e-06, 1.0577273315e-06, 1.05351534785e-06, 7.50878712097e-07, 5.17552791734e-07, 5.72945509703e-07, 4.06818742249e-07, 3.10287987304e-07, 3.18586415915e-07, 2.38454219925e-07],
        "dmean2": [0.0179830323905, 0.0151696531102, 0.0051601100713, 0.00151835591532, 0.000637828256004, 0.000382158003049, 0.000457138812635, 0.000280738138827, 0.000169499297044, 0.000100758952613, 8.81369560375e-05, 9.97947936412e-05, 5.43547321286e-05, 4.15340946347e-05, 4.27862069046e-05, 3.91296780435e-05, 1.66701338458e-05, 2.07548073377e-05, 1.65345863934e-05, 1.10893543024e-05, 1.20889289974e-05, 1.44474042827e-05, 1.17827912618e-05, 8.82731183083e-06, 5.85594989388e-06, 5.64338279219e-06, 3.55274914909e-06, 2.21740879169e-06, 2.18713535105e-06, 1.87745808944e-06, 1.82470012078e-06, 1.77721778982e-06, 1.76082369308e-06, 1.26931911382e-06, 8.82366862243e-07, 1.00509737422e-06, 6.99636586887e-07, 5.29950341388e-07, 5.55168071514e-07, 4.08025215393e-07],
        "dvar": [0.000288490962703, 0.00025396476849, 4.42543787358e-05, 3.97886924475e-06, 5.23897654148e-07, 2.24671211413e-07, 3.13552533271e-07, 1.29914937474e-07, 7.7742932092e-08, 3.54727589524e-08, 1.98328820034e-08, 2.14443858226e-08, 7.16517822852e-09, 4.31896252095e-09, 4.08582812028e-09, 2.46223108569e-09, 3.63422736349e-10, 8.48079717564e-10, 5.19166654112e-10, 1.71468464427e-10, 2.59874233244e-10, 6.32914720633e-10, 3.19812759608e-10, 1.6838511141e-10, 5.15487305619e-11, 5.30954516464e-11, 2.54020381119e-11, 8.53877645673e-12, 7.82104676161e-12, 5.64051930163e-12, 5.62623732325e-12, 5.89995196795e-12, 8.02410221601e-12, 3.16816299757e-12, 1.62045453011e-12, 2.3656489094e-12, 1.15902578333e-12, 6.45788923639e-13, 7.86172721975e-13, 4.18785259292e-13],
        "dvar2": [0.000640096608549, 0.000574520381633, 0.000122380719404, 1.14639187814e-05, 1.46053821481e-06, 5.8810161363e-07, 7.203859127e-07, 2.73622902114e-07, 1.75754919951e-07, 8.37069151771e-08, 4.18353103271e-08, 5.02890635801e-08, 1.77847390148e-08, 1.08314575087e-08, 1.08794617759e-08, 6.54205045691e-09, 9.27405430229e-10, 2.03717931413e-09, 1.19188869885e-09, 4.45877695876e-10, 6.70106525824e-10, 1.76456405043e-09, 8.98680740935e-10, 4.56069015886e-10, 1.38278444251e-10, 1.45188597256e-10, 6.62611493452e-11, 2.24634078699e-11, 2.06331236818e-11, 1.4693989081e-11, 1.49797761001e-11, 1.59948165823e-11, 2.16197094949e-11, 8.48371112944e-12, 4.46954539352e-12, 6.63031955728e-12, 3.19058234693e-12, 1.76231165078e-12, 2.175204461e-12, 1.13829518728e-12],
        "max": [0.122012883425, 0.105925634503, 0.0507606193423, 0.0173876900226, 0.012376002036, 0.00858200993389, 0.0103580653667, 0.00697788363323, 0.00653161108494, 0.00645804964006, 0.00375423813239, 0.00368171650916, 0.00245675584301, 0.00129697774537, 0.00107916351408, 0.000631021626759, 0.00031355896499, 0.00079108576756, 0.000552426965442, 0.000211900754948, 0.000232129721553, 0.000467233418021, 0.000252565863775, 0.000151685773744, 7.91377970017e-05, 9.49965251493e-05, 9.34375057113e-05, 6.0683760239e-05, 4.78495676361e-05, 3.85796811315e-05, 3.28079549945e-05, 2.55860450125e-05, 3.64653096767e-05, 1.79117942025e-05, 2.03516538022e-05, 1.4855824702e-05, 1.19093265312e-05, 9.50806315814e-06, 1.51316307893e-05, 7.80232312536e-06],
        "mean": [0.0183434505016, 0.0145582798868, 0.00327133922838, 0.000854900106788, 0.000518187764101, 0.000334173149895, 0.000528941338416, 0.000352486909833, 0.000188668258488, 9.6208161267e-05, 8.89873699634e-05, 0.000104905957414, 5.00036803714e-05, 3.71710593754e-05, 3.13376149279e-05, 3.00510855595e-05, 1.40900820043e-05, 1.90823921002e-05, 1.41090022225e-05, 8.39505719341e-06, 8.92710795597e-06, 8.58830844663e-06, 6.20758919467e-06, 5.15353394803e-06, 3.62765763384e-06, 3.14885528496e-06, 2.35559878092e-06, 1.51785764047e-06, 1.38778625569e-06, 1.16807757422e-06, 1.05770641312e-06, 9.65644176176e-07, 9.14318604828e-07, 6.56099871321e-07, 4.61066207436e-07, 4.50051658163e-07, 3.31390111796e-07, 2.59573567973e-07, 2.55903842117e-07, 1.98265894369e-07],
        "median": [0.00987550616264, 0.00983593426645, 0.00115235440899, 0.000220928137423, 0.000197821296751, 9.14913034649e-05, 0.000163354197866, 0.000100784476672, 3.6050194467e-05, 2.27189393627e-05, 2.05678370548e-05, 3.41151098837e-05, 1.83349911822e-05, 1.05828021333e-05, 8.94899949344e-06, 9.06725654204e-06, 5.24143524672e-06, 5.78313165533e-06, 4.70296527055e-06, 2.94176311399e-06, 2.82664677798e-06, 2.53246503235e-06, 1.70650355358e-06, 1.40943870974e-06, 1.18312641462e-06, 8.38112555357e-07, 7.17662260286e-07, 4.7246618351e-07, 4.00258102218e-07, 3.06982713028e-07, 2.55679424299e-07, 1.94236690731e-07, 1.33867104068e-07, 1.05431837483e-07, 7.92824437212e-08, 5.69780596038e-08, 3.95933454911e-08, 2.88325914255e-08, 2.19279527869e-08, 1.56477462099e-08],
        "min": [2.00010653531e-24, 3.2884364976e-24, 1.6425772209e-24, 2.22560065013e-24, 5.03357431366e-24, 3.62903350432e-24, 2.95779176007e-24, 2.03163316417e-24, 5.53522871266e-24, 2.74733491182e-24, 3.19811389611e-24, 2.62962483463e-24, 3.08947453604e-24, 1.45802350795e-24, 4.42587531532e-24, 6.9549937486e-24, 4.3766783994e-24, 3.62026768194e-24, 4.90282456292e-24, 4.52957108131e-24, 3.34620951486e-24, 4.80467882783e-24, 4.17021693442e-24, 4.30220125247e-24, 5.39547924228e-24, 5.13368746785e-24, 5.94994906218e-24, 5.58808909862e-24, 6.07302516846e-24, 3.76407110851e-24, 7.46628132255e-24, 6.4040986519e-24, 5.86537212909e-24, 6.42514467199e-24, 5.05150354431e-24, 6.26608625324e-24, 6.78197683057e-24, 6.41099487393e-24, 7.24558880684e-24, 7.50290497893e-24],
        "var": [0.000539858476259, 0.000331779127009, 3.44383224729e-05, 2.80884660242e-06, 6.58347062199e-07, 3.82971052204e-07, 7.87375881828e-07, 4.0020842107e-07, 2.27290755106e-07, 8.42866612061e-08, 6.59321202079e-08, 5.20793754788e-08, 1.11131237546e-08, 7.91389087595e-09, 4.68077043791e-09, 3.32303407014e-09, 5.48480039164e-10, 1.63472024806e-09, 9.56894896653e-10, 2.17970475003e-10, 2.97084024048e-10, 4.52332421519e-10, 2.17666593083e-10, 1.29258145853e-10, 4.4137995342e-11, 4.11238126885e-11, 2.40682716812e-11, 8.14484157202e-12, 7.16083399174e-12, 5.21955482308e-12, 4.71382351555e-12, 4.71892446993e-12, 6.27032757314e-12, 2.48018814687e-12, 1.29524320956e-12, 1.62518642207e-12, 8.33557127402e-13, 4.902773066e-13, 5.62222794362e-13, 3.21404036198e-13]
    },
    "mfcc": {
        "mean": [-701.513366699, 163.072891235, 9.55512523651, 34.2824134827, 10.672709465, 15.9064464569, 6.67901611328, 10.984790802, 6.01937532425, 6.68903398514, 6.16466617584, 7.04841899872, 6.22906494141],
        "cov": [[9346.31835938, 28.2601833344, 369.65411377, 437.848937988, 68.9502563477, 126.134346008, -82.9993362427, 24.862701416, -160.925216675, -140.487365723, -172.743484497, -228.443618774, -311.076812744], [28.2601833344, 2120.6652832, 148.220230103, 355.774963379, 168.987625122, 232.497207642, 163.056488037, 97.9140930176, 87.3403701782, 77.9144744873, 1.0491746664, 16.825428009, -14.7266731262], [369.65411377, 148.220230103, 861.466491699, 353.596435547, 405.533660889, 259.721221924, 202.028503418, 135.696411133, 117.507629395, 57.7052688599, 62.5248184204, -5.32161712646, -11.532087326], [437.848937988, 355.774963379, 353.596435547, 351.813781738, 258.12197876, 210.243865967, 148.536376953, 109.562004089, 90.7079162598, 61.168598175, 37.2179794312, 15.245973587, 1.65979039669], [68.9502563477, 168.987625122, 405.533660889, 258.12197876, 318.551879883, 212.299804688, 168.303833008, 112.312942505, 100.491783142, 56.8932304382, 49.6166801453, 16.4737243652, 14.1978120804], [126.134346008, 232.497207642, 259.721221924, 210.243865967, 212.299804688, 219.429702759, 157.840652466, 106.788787842, 91.4902801514, 64.2197799683, 36.3460960388, 14.4854726791, 14.1824274063], [-82.9993362427, 163.056488037, 202.028503418, 148.536376953, 168.303833008, 157.840652466, 162.703872681, 112.93082428, 96.0848770142, 62.2534408569, 42.0416870117, 21.5618286133, 17.7976894379], [24.862701416, 97.9140930176, 135.696411133, 109.562004089, 112.312942505, 106.788787842, 112.93082428, 122.845527649, 95.9707260132, 58.5422286987, 38.5406227112, 18.5985221863, 7.98809862137], [-160.925216675, 87.3403701782, 117.507629395, 90.7079162598, 100.491783142, 91.4902801514, 96.0848770142, 95.9707260132, 119.934005737, 80.545463562, 52.4634857178, 27.0577297211, 14.5285167694], [-140.487365723, 77.9144744873, 57.7052688599, 61.168598175, 56.8932304382, 64.2197799683, 62.2534408569, 58.5422286987, 80.545463562, 95.6601867676, 62.7890205383, 38.7225112915, 25.18110466], [-172.743484497, 1.0491746664, 62.5248184204, 37.2179794312, 49.6166801453, 36.3460960388, 42.0416870117, 38.5406227112, 52.4634857178, 62.7890205383, 89.4950485229, 67.8334655762, 45.6722183228], [-228.443618774, 16.825428009, -5.32161712646, 15.245973587, 16.4737243652, 14.4854726791, 21.5618286133, 18.5985221863, 27.0577297211, 38.7225112915, 67.8334655762, 102.427360535, 77.6908798218], [-311.076812744, -14.7266731262, -11.532087326, 1.65979039669, 14.1978120804, 14.1824274063, 17.7976894379, 7.98809862137, 14.5285167694, 25.18110466, 45.6722183228, 77.6908798218, 102.622825623]],
