{
"lowlevel": {
    "average_loudness": 0.796578943729,
    "barkbands_crest": {
        "dmean": 2.90055155754,
        "dmean2": 4.23306941986,
        "dvar": 6.99498510361,
        "dvar2": 14.7499761581,
        "max": 26.5956230164,
        "mean": 13.2894058228,
        "median": 12.3385896683,
        "min": 2.09846282005,
        "var": 25.3380851746
    },
    "barkbands_flatness_db": {
        "dmean": 0.0456080213189,
        "dmean2": 0.0593897588551,
        "dvar": 0.00192697241437,
        "dvar2": 0.00371105317026,
        "max": 0.890408694744,
        "mean": 0.313504099846,
        "median": 0.310150295496,
        "min": 0.0175073780119,
        "var": 0.0176004152745
    },
    "barkbands_kurtosis": {
        "dmean": 18.5816631317,
        "dmean2": 24.6663608551,
        "dvar": 5135.81005859,
        "dvar2": 9027.00878906,
        "max": 1780.13769531,
        "mean": 25.21134758,
        "median": 5.6793680191,
        "min": -1.85583281517,
        "var": 8277.10644531
    },
    "barkbands_skewness": {
        "dmean": 1.05470454693,
        "dmean2": 1.34629559517,
        "dvar": 2.77459716797,
        "dvar2": 4.28001022339,
        "max": 33.9867706299,
        "mean": 2.48955965042,
        "median": 1.72750210762,
        "min": -2.21657156944,
        "var": 9.20572566986
    },
    "barkbands_spread": {
        "dmean": 2.73791098595,
        "dmean2": 4.01444005966,
        "dvar": 22.5044155121,
        "dvar2": 48.1301574707,
        "max": 121.121528625,
        "mean": 6.09645223618,
        "median": 3.41829538345,
        "min": 0.102294519544,
        "var": 57.5991783142
    },
    "dissonance": {
        "dmean": 0.0448399037123,
        "dmean2": 0.0730571746826,
        "dvar": 0.00208944315091,
        "dvar2": 0.00558221992105,
        "max": 0.500000119209,
        "mean": 0.398994982243,
        "median": 0.418059885502,
        "min": 0.0269213486463,
        "var": 0.00559819908813
    },
    "dynamic_complexity": 4.16352701187,
    "erbbands_crest": {
        "dmean": 3.12052345276,
        "dmean2": 4.7579741478,
        "dvar": 8.08222866058,
        "dvar2": 17.6710186005,
        "max": 31.7032051086,
        "mean": 11.6101999283,
        "median": 10.7160615921,
        "min": 2.36866164207,
        "var": 25.3654975891
    },
    "erbbands_flatness_db": {
        "dmean": 0.0290730651468,
        "dmean2": 0.0384822264314,
        "dvar": 0.000811172532849,
        "dvar2": 0.00150946620852,
        "max": 0.604316532612,
        "mean": 0.256924182177,
        "median": 0.24473272264,
        "min": 0.0412534251809,
        "var": 0.010980958119
    },
    "erbbands_kurtosis": {
        "dmean": 2.88308858871,
        "dmean2": 4.1878080368,
        "dvar": 28.8346710205,
        "dvar2": 61.7961502075,
        "max": 137.473220825,
        "mean": 3.69776725769,
        "median": 1.40613651276,
        "min": -1.68874049187,
        "var": 55.7183990479
    },
    "erbbands_skewness": {
        "dmean": 0.553397715092,
        "dmean2": 0.80454492569,
        "dvar": 0.323139429092,
        "dvar2": 0.673585414886,
        "max": 8.99554443359,
        "mean": 1.20450210571,
        "median": 1.03308784962,
        "min": -1.62527835369,
        "var": 0.963292956352
    },
    "erbbands_spread": {
        "dmean": 6.66841316223,
        "dmean2": 9.01178646088,
        "dvar": 72.0969390869,
        "dvar2": 127.180702209,
        "max": 139.893951416,
        "mean": 22.2361984253,
        "median": 16.4458885193,
        "min": 0.429346203804,
        "var": 342.55178833
    },
    "hfc": {
        "dmean": 5.3925280571,
        "dmean2": 8.23429679871,
        "dvar": 73.6876449585,
        "dvar2": 175.831207275,
        "max": 93.5739822388,
        "mean": 10.2581558228,
        "median": 6.3792924881,
        "min": 1.04901218869e-16,
        "var": 134.617919922
    },
    "melbands_crest": {
        "dmean": 3.56222462654,
        "dmean2": 5.31659030914,
        "dvar": 11.3056249619,
        "dvar2": 25.3437252045,
        "max": 36.5354652405,
        "mean": 17.6108798981,
        "median": 16.3743076324,
        "min": 1.00050389767,
        "var": 42.692363739
    },
    "melbands_flatness_db": {
        "dmean": 0.0518158301711,
        "dmean2": 0.0661951526999,
        "dvar": 0.00260550668463,
        "dvar2": 0.00506005296484,
        "max": 1,
        "mean": 0.420120686293,
        "median": 0.415598124266,
        "min": -2.50230584697e-07,
        "var": 0.0256115011871
    },
    "melbands_kurtosis": {
        "dmean": 18.1950092316,
        "dmean2": 24.9464988708,
        "dvar": 1862.04602051,
        "dvar2": 3293.78686523,
        "max": 902.905944824,
        "mean": 31.3530693054,
        "median": 9.93398761749,
        "min": -1.56441497803,
        "var": 4614.12011719
    },
    "melbands_skewness": {
        "dmean": 0.985577881336,
        "dmean2": 1.35641217232,
        "dvar": 1.58067023754,
        "dvar2": 2.7365489006,
        "max": 21.7177181244,
        "mean": 3.00406718254,
        "median": 2.27734065056,
        "min": -1.46696567535,
        "var": 6.55188083649
    },
    "melbands_spread": {
        "dmean": 2.77842664719,
        "dmean2": 4.19214439392,
        "dvar": 26.28465271,
        "dvar2": 59.2478294373,
        "max": 210.917663574,
        "mean": 6.2883067131,
        "median": 3.58323979378,
        "min": 0.149332746863,
        "var": 101.476097107
    },
    "pitch_salience": {
        "dmean": 0.0916564166546,
        "dmean2": 0.134952574968,
        "dvar": 0.00822775904089,
        "dvar2": 0.0171453114599,
        "max": 0.99774569273,
        "mean": 0.516569793224,
        "median": 0.547410070896,
        "min": 0.0317902825773,
        "var": 0.0304274447262
    },
    "silence_rate_20dB": {
        "dmean": 0.00600109109655,
        "dmean2": 0.0120030008256,
        "dvar": 0.00596632249653,
        "dvar2": 0.0163558423519,
        "max": 1,
        "mean": 0.996249556541,
        "median": 1,
        "min": 0,
        "var": 0.00373708736151
    },
    "silence_rate_30dB": {
        "dmean": 0.0480087287724,
        "dmean2": 0.0960240066051,
        "dvar": 0.0457095727324,
        "dvar2": 0.0926757231355,
        "max": 1,
        "mean": 0.890964865685,
        "median": 1,
        "min": 0,
        "var": 0.097144767642
    },
    "silence_rate_60dB": {
        "dmean": 0.0602836869657,
        "dmean2": 0.120575599372,
        "dvar": 0.0566568151116,
        "dvar2": 0.125670179725,
        "max": 1,
        "mean": 0.12035458535,
        "median": 0,
        "min": 0,
        "var": 0.105879500508
    },
    "spectral_centroid": {
        "dmean": 127.42363739,
        "dmean2": 191.184448242,
        "dvar": 59370.5351562,
        "dvar2": 129794.601562,
        "max": 11633.8369141,
        "mean": 469.552642822,
        "median": 330.550170898,
        "min": 92.7879486084,
        "var": 374854.3125
    },
    "spectral_complexity": {
        "dmean": 2.8942990303,
        "dmean2": 4.30157518387,
        "dvar": 14.9678525925,
        "dvar2": 32.6847610474,
        "max": 49,
        "mean": 9.21472930908,
        "median": 8,
        "min": 0,
        "var": 44.7016868591
    },
    "spectral_decrease": {
        "dmean": 5.59075985507e-09,
        "dmean2": 7.61585017273e-09,
        "dvar": 7.92343934143e-17,
        "dvar2": 1.37417768158e-16,
        "max": 1.49533582373e-28,
        "mean": -1.20847278851e-08,
        "median": -6.81635636823e-09,
        "min": -1.1588033999e-07,
        "var": 2.74821983789e-16
    },
    "spectral_energy": {
        "dmean": 0.0214992109686,
        "dmean2": 0.0293499324471,
        "dvar": 0.00114949932322,
        "dvar2": 0.00201107468456,
        "max": 0.441148161888,
        "mean": 0.0465410351753,
        "median": 0.0264220368117,
        "min": 9.70580772792e-21,
        "var": 0.00398712651804
    },
    "spectral_energyband_high": {
        "dmean": 0.000110583670903,
        "dmean2": 0.000160456562298,
        "dvar": 8.85933673089e-08,
        "dvar2": 1.94887348925e-07,
        "max": 0.00544816255569,
        "mean": 0.000139200172271,
        "median": 4.49850085715e-06,
        "min": 7.06694486193e-21,
        "var": 1.67949565366e-07
    },
    "spectral_energyband_low": {
        "dmean": 0.0149954622611,
        "dmean2": 0.0190250258893,
        "dvar": 0.00115293462295,
        "dvar2": 0.00171687291004,
        "max": 0.438781201839,
        "mean": 0.0295843686908,
        "median": 0.00745949428529,
        "min": 1.88242406825e-23,
        "var": 0.00379969156347
    },
    "spectral_energyband_middle_high": {
        "dmean": 0.00129147362895,
        "dmean2": 0.00209178728983,
        "dvar": 7.87184490036e-06,
        "dvar2": 1.96188484551e-05,
        "max": 0.040612552315,
        "mean": 0.00153589085676,
        "median": 0.000328401045408,
        "min": 1.24990544848e-21,
        "var": 9.09472782951e-06
    },
    "spectral_energyband_middle_low": {
        "dmean": 0.00994902011007,
        "dmean2": 0.0156140932813,
        "dvar": 0.000270796212135,
        "dvar2": 0.000694139278494,
        "max": 0.212937712669,
        "mean": 0.0169774964452,
        "median": 0.0107310703024,
        "min": 1.98358052254e-22,
        "var": 0.000382389844162
    },
    "spectral_entropy": {
        "dmean": 0.354282021523,
        "dmean2": 0.472832500935,
        "dvar": 0.127124235034,
        "dvar2": 0.261628657579,
        "max": 9.82219314575,
        "mean": 6.19388961792,
        "median": 6.25338840485,
        "min": 2.90460276604,
        "var": 1.04770684242
    },
    "spectral_flux": {
        "dmean": 0.0444550067186,
        "dmean2": 0.0652778819203,
        "dvar": 0.00334840943106,
        "dvar2": 0.0067785368301,
        "max": 0.632581293583,
        "mean": 0.094091899693,
        "median": 0.0617532730103,
        "min": 6.49427456256e-11,
        "var": 0.00797183346003
    },
    "spectral_kurtosis": {
        "dmean": 33.585308075,
        "dmean2": 54.2277259827,
        "dvar": 7650.59521484,
        "dvar2": 22151.8945312,
        "max": 1883.0456543,
        "mean": 64.2183761597,
        "median": 18.1397762299,
        "min": -1.26096665859,
        "var": 14659.0068359
    },
    "spectral_rms": {
        "dmean": 0.0014415893238,
        "dmean2": 0.00193024019245,
        "dvar": 3.05707067128e-06,
        "dvar2": 6.03240005148e-06,
        "max": 0.020745806396,
        "mean": 0.00560334278271,
        "median": 0.0050771641545,
        "min": 3.0771871596e-12,
        "var": 1.40084293889e-05
    },
    "spectral_rolloff": {
        "dmean": 163.374557495,
        "dmean2": 268.130523682,
        "dvar": 164692.9375,
        "dvar2": 366972.21875,
        "max": 19616.7480469,
        "mean": 478.606658936,
        "median": 301.46484375,
        "min": 43.06640625,
        "var": 1245534
    },
    "spectral_skewness": {
        "dmean": 1.30448532104,
        "dmean2": 2.00021696091,
        "dvar": 3.58063960075,
        "dvar2": 9.01407623291,
        "max": 38.5137748718,
        "mean": 4.91125297546,
        "median": 3.23564815521,
        "min": -0.0703940317035,
        "var": 18.9629859924
    },
    "spectral_spread": {
        "dmean": 619811.1875,
        "dmean2": 890530,
        "dvar": 724474658816,
        "dvar2": 1.43454017946e+12,
        "max": 45898320,
        "mean": 2784236.5,
        "median": 2172623.75,
        "min": 40958.8007812,
        "var": 6.9542698025e+12
    },
    "spectral_strongpeak": {
        "dmean": 0.30371132493,
        "dmean2": 0.465996295214,
        "dvar": 0.176580920815,
        "dvar2": 0.400021672249,
        "max": 7.05809307098,
        "mean": 0.663779914379,
        "median": 0.470794171095,
        "min": 0,
        "var": 0.396185547113
    },
    "zerocrossingrate": {
        "dmean": 0.00523317372426,
        "dmean2": 0.00593666499481,
        "dvar": 7.92586288298e-05,
        "dvar2": 8.66444170242e-05,
        "max": 0.85595703125,
        "mean": 0.0205402430147,
        "median": 0.01318359375,
        "min": 0.001953125,
        "var": 0.00127827643882
    },
    "barkbands": {
        "dmean": [0.000859101186506, 0.0116196349263, 0.00622783321887, 0.00280331168324, 0.00427602324635, 0.00273743411526, 0.000961338810157, 0.000506284472067, 0.000624617969152, 0.000342851300957, 0.000185158409295, 0.000309659546474, 0.000171035644598, 0.000134082642035, 0.000126590195578, 9.80382610578e-05, 8.13049773569e-05, 6.10965726082e-05, 4.72346764582e-05, 3.95026727347e-05, 3.20087747241e-05, 2.09779755096e-05, 1.44252062455e-05, 1.18102789202e-05, 1.00645056591e-05, 6.30401609669e-06, 3.27578703718e-07],
        "dmean2": [0.00113914755639, 0.0139958094805, 0.0104407127947, 0.0047534503974, 0.00679529644549, 0.0040858485736, 0.00147605326492, 0.000821216555778, 0.00100212718826, 0.000564743822906, 0.000314793811413, 0.000522273650859, 0.000289382296614, 0.000226768403081, 0.000210740239709, 0.000169924242073, 0.000136816612212, 0.000101108991657, 7.63106290833e-05, 6.27257031738e-05, 4.99570487591e-05, 3.1451931136e-05, 2.14716528717e-05, 1.70488619915e-05, 1.45224739754e-05, 8.88885551831e-06, 5.29512306002e-07],
        "dvar": [5.15108740728e-06, 0.00104608142283, 0.00045659308671, 6.01518186159e-05, 6.78467913531e-05, 3.96499490307e-05, 7.23645962353e-06, 2.78329912362e-06, 2.52878908213e-06, 9.04255557543e-07, 4.68924525876e-07, 8.61061323576e-07, 2.67446012003e-07, 1.73771766754e-07, 1.58867166533e-07, 9.30505805741e-08, 6.32339336448e-08, 3.76772355537e-08, 2.02450465281e-08, 1.39328912852e-08, 8.05972533158e-09, 3.66201713398e-09, 1.80930037619e-09, 1.21992105306e-09, 9.01030361433e-10, 4.12594625132e-10, 2.31919171367e-12],
        "dvar2": [8.45864542498e-06, 0.00134976848494, 0.00121931021567, 0.000167257574503, 0.000173579959664, 8.87019559741e-05, 1.51669009938e-05, 7.02575562173e-06, 5.88481952946e-06, 2.137341653e-06, 1.10638404749e-06, 2.21565755965e-06, 6.96011966284e-07, 4.46440338919e-07, 4.11324066363e-07, 2.53044049714e-07, 1.68217766827e-07, 9.75589884433e-08, 5.20269374249e-08, 3.51430813339e-08, 1.94609111048e-08, 8.40524805312e-09, 4.04642186425e-09, 2.49408715902e-09, 1.80732806498e-09, 7.97424071219e-10, 5.50912657507e-12],
        "max": [0.0272905305028, 0.417614161968, 0.304167985916, 0.129767283797, 0.134765699506, 0.139522850513, 0.0887807533145, 0.0887120366096, 0.0425014868379, 0.0261054690927, 0.0359211824834, 0.0238646008074, 0.0103963371366, 0.0141836311668, 0.00861178990453, 0.00578905455768, 0.00512260198593, 0.0035187820904, 0.00358334183693, 0.00241065979935, 0.00134600780439, 0.00125667161774, 0.00131148402579, 0.00112286827061, 0.000793259358034, 0.00056287139887, 5.60669286642e-05],
        "mean": [0.00108503131196, 0.0199584010988, 0.00688876770437, 0.00346046034247, 0.006825376302, 0.00408952869475, 0.00121351063717, 0.000555325183086, 0.000727255071979, 0.000380702374969, 0.000181361057912, 0.000308705901261, 0.000172448722878, 0.000136463626404, 0.000123400925077, 8.80857260199e-05, 7.66961093177e-05, 5.98185724812e-05, 4.97071923746e-05, 4.2887579184e-05, 3.59422592737e-05, 2.57335304923e-05, 1.81942523341e-05, 1.55506459123e-05, 1.29365434987e-05, 8.37906645756e-06, 3.19964129858e-07],
        "median": [8.35662576719e-05, 0.00226424797438, 0.00177784461994, 0.00104595115408, 0.0028891954571, 0.00117692584172, 0.000261566048721, 9.70078472164e-05, 0.000130771062686, 6.16546603851e-05, 2.14779920498e-05, 3.33444477292e-05, 2.01050534088e-05, 1.56602018251e-05, 1.03768452391e-05, 6.84762335368e-06, 5.48639127373e-06, 3.81263998861e-06, 3.15448642141e-06, 2.17220713239e-06, 1.42954490912e-06, 7.78826290571e-07, 4.32752443658e-07, 2.34905428442e-07, 8.59216555682e-08, 2.68311914908e-08, 1.71372660507e-09],
        "min": [9.34584530163e-26, 1.58883064832e-24, 1.91760647576e-24, 2.5695349329e-24, 1.51302385662e-23, 1.86732069513e-23, 1.56166028687e-23, 1.42141028425e-23, 2.41861140558e-23, 1.48449075768e-23, 3.05065859575e-23, 3.29866857575e-23, 3.18306511216e-23, 4.79975318034e-23, 6.17781334903e-23, 6.8265776062e-23, 6.37708655567e-23, 9.58835060529e-23, 1.39762120547e-22, 2.15787889779e-22, 2.01197320424e-22, 3.39455884707e-22, 4.15850386459e-22, 5.24728362753e-22, 9.43747647644e-22, 1.25537814893e-21, 2.0911854919e-21],
        "var": [1.08913773147e-05, 0.00284617231227, 0.000352608680259, 5.24817696714e-05, 0.000108437256131, 7.40203831811e-05, 1.09144611997e-05, 2.71301405519e-06, 3.1780775771e-06, 1.08832625756e-06, 5.04591980643e-07, 8.19324156964e-07, 2.45389458087e-07, 1.64717974371e-07, 1.43615295656e-07, 7.25897919551e-08, 5.3560086144e-08, 3.54772247135e-08, 2.03819094935e-08, 1.5245770868e-08, 1.05219690738e-08, 6.25549567701e-09, 3.67364960674e-09, 3.07438918767e-09, 2.1195785127e-09, 9.59570201076e-10, 2.70618163295e-12]
    },
    "erbbands": {
        "dmean": [0.474819511175, 2.58940148354, 6.78653526306, 8.39883995056, 11.9750871658, 14.991768837, 15.5874967575, 25.7608070374, 17.6547641754, 10.7220163345, 11.112745285, 12.1928596497, 13.6330699921, 9.59937953949, 9.51973438263, 10.1527671814, 7.16987943649, 7.5002412796, 5.97327136993, 6.10134506226, 5.71464776993, 4.65463495255, 3.46381759644, 2.71033334732, 2.13965678215, 1.97281491756, 1.46274447441, 1.08378303051, 0.781106770039, 0.565432488918, 0.406690835953, 0.280371546745, 0.179438114166, 0.123494513333, 0.0669659525156, 0.0320073887706, 0.0108739100397, 0.00164304091595, 4.42073724116e-05, 2.41185334744e-05],
        "dmean2": [0.521943330765, 3.2936975956, 10.8264188766, 14.1814928055, 19.5746154785, 23.5969238281, 24.0941314697, 37.7617378235, 26.6046276093, 16.8825836182, 17.9757575989, 19.6074752808, 21.8064155579, 15.980919838, 15.9862384796, 17.0798835754, 12.0215950012, 12.680929184, 9.95634078979, 10.2585487366, 9.81864261627, 7.77693223953, 5.67241191864, 4.39404392242, 3.42914032936, 3.14097046852, 2.31071829796, 1.66281998158, 1.18202829361, 0.852638602257, 0.605490922928, 0.413421034813, 0.256800234318, 0.183199927211, 0.0968474075198, 0.045450989157, 0.0156661178917, 0.00233969441615, 6.32387964288e-05, 3.28533096763e-05],
        "dvar": [1.8382871151, 55.9388160706, 499.853271484, 560.992736816, 699.186462402, 973.893371582, 1309.11474609, 4064.89208984, 2118.20092773, 933.787658691, 1072.54199219, 874.731506348, 1329.7800293, 690.461486816, 746.480957031, 910.299072266, 449.202270508, 547.592895508, 356.528991699, 343.661682129, 314.445343018, 210.207977295, 109.25377655, 67.2417449951, 38.706287384, 38.7141227722, 17.102394104, 9.59311771393, 5.07283782959, 2.80354499817, 1.4025799036, 0.696358501911, 0.286848932505, 0.147457301617, 0.040693897754, 0.00999706890434, 0.00123056967277, 3.34652577294e-05, 2.65194675109e-08, 1.33528399449e-09],
        "dvar2": [2.21433138847, 91.5748901367, 1261.49060059, 1525.23376465, 1878.11547852, 2375.00708008, 3181.62744141, 8752.81640625, 4405.44677734, 2112.296875, 2666.91870117, 2109.1394043, 3085.14404297, 1659.90661621, 1877.81774902, 2294.90380859, 1150.84875488, 1440.72265625, 919.767333984, 885.0859375, 850.882446289, 560.125976562, 280.994842529, 173.694763184, 97.7672042847, 98.3682174683, 42.1147460938, 22.7537097931, 11.7542867661, 6.51949214935, 3.13984656334, 1.51502382755, 0.566398501396, 0.314375042915, 0.081001855433, 0.019192930311, 0.00246918317862, 6.43748790026e-05, 5.65516344864e-08, 2.35192976206e-09],
        "max": [14.5878219604, 101.628463745, 331.174224854, 340.967224121, 593.113952637, 743.590148926, 1010.79730225, 1678.01062012, 1340.4666748, 1157.63757324, 1511.05725098, 650.491638184, 936.72467041, 855.340148926, 982.932312012, 1065.08044434, 456.235046387, 741.421691895, 552.402648926, 495.567352295, 314.615844727, 289.631134033, 177.000091553, 155.299697876, 116.810157776, 156.759292603, 59.5643081665, 59.2419242859, 48.0292243958, 38.9012794495, 31.1007118225, 21.6400146484, 21.3525371552, 10.4826412201, 5.37965106964, 2.72777533531, 1.12208008766, 0.208357259631, 0.00824015680701, 0.000481638591737],
        "mean": [0.699634432793, 3.94474959373, 8.00536251068, 10.3068180084, 17.3717384338, 23.3807888031, 23.8852577209, 38.2599220276, 24.314496994, 13.2717580795, 12.6964178085, 14.2387275696, 16.1685447693, 10.7310600281, 9.9665145874, 10.2549304962, 7.50591611862, 7.74045085907, 6.08161211014, 5.86940717697, 5.2250418663, 4.42109441757, 3.4434401989, 2.82927012444, 2.28726029396, 2.11617827415, 1.58616602421, 1.26735687256, 0.947798132896, 0.707598984241, 0.506020188332, 0.360167682171, 0.237104281783, 0.155269637704, 0.0855885744095, 0.0423788279295, 0.0140358014032, 0.00212746602483, 6.95033450029e-05, 5.2794264775e-05],
        "median": [0.0266304779798, 0.660612285137, 2.40621638298, 3.5252737999, 6.69130706787, 8.59380340576, 7.79320764542, 10.1258049011, 6.76727724075, 3.16380596161, 2.84869194031, 3.0751850605, 3.18217206001, 2.09774255753, 1.55406653881, 1.38386082649, 1.05674624443, 0.948342978954, 0.742734789848, 0.524091422558, 0.42466044426, 0.347824156284, 0.24202658236, 0.187863022089, 0.142464473844, 0.102868929505, 0.0683270990849, 0.0461986623704, 0.0295791495591, 0.0191355645657, 0.0114472378045, 0.00631351443008, 0.00312712485902, 0.00128403771669, 0.000478685484268, 0.000169578197529, 5.10766476509e-05, 6.81570145389e-06, 1.58245693456e-05, 3.02919306705e-05],
        "min": [1.11637310766e-22, 4.9919037303e-22, 2.87389343353e-21, 6.08747779444e-21, 2.29904527657e-20, 4.73448358887e-20, 7.82298567998e-20, 1.12472019307e-19, 2.34025421916e-19, 2.7537478487e-19, 2.49081013793e-19, 4.64924101116e-19, 5.12859062517e-19, 6.9035713272e-19, 1.49007198851e-18, 1.48230207423e-18, 1.60966958719e-18, 2.32199524111e-18, 2.27110667624e-18, 3.79104112563e-18, 5.59557409582e-18, 4.96439723813e-18, 6.09461629527e-18, 5.39599195762e-18, 9.51336617466e-18, 1.04811790719e-17, 8.93762365291e-18, 1.06415081813e-17, 1.18257437868e-17, 1.27383134268e-17, 1.14408243877e-17, 1.16419930583e-17, 8.59099361722e-18, 9.0967161273e-18, 6.34842674007e-18, 4.3033819078e-18, 2.48591782989e-18, 1.11184417041e-18, 2.77539025394e-19, 2.76376972343e-20],
        "var": [4.70611095428, 111.049789429, 439.663787842, 476.681152344, 911.21282959, 1690.75952148, 2122.47338867, 7868.84277344, 3480.67675781, 1275.47216797, 1103.23022461, 1047.66345215, 1678.36254883, 787.902648926, 759.133850098, 880.146728516, 436.195983887, 499.308776855, 326.194793701, 315.307159424, 249.012985229, 176.517944336, 104.629646301, 65.4017028809, 41.6869506836, 40.698513031, 20.419178009, 13.8856315613, 8.39458751678, 5.08584356308, 2.80631685257, 1.5522711277, 0.749646961689, 0.315998345613, 0.0952749624848, 0.0232996866107, 0.00270344619639, 7.15643109288e-05, 4.6757719474e-08, 4.78352024658e-09]
    },
    "gfcc": {
        "mean": [-141.370773315, 179.287109375, -73.2523040771, 17.5355873108, -42.5699768066, -2.99611234665, -27.3393135071, -8.85948085785, -16.6576004028, -8.31869220734, -8.56747913361, -7.31003856659, -3.18540000916],
        "cov": [[24102.6015625, -5000.78466797, -4437.55859375, 1218.27722168, -1322.9888916, 1105.51037598, -802.58001709, 1029.51806641, -766.718566895, 844.000793457, -345.650390625, 955.885864258, -392.845184326], [-5000.78466797, 4388.16210938, 974.453857422, -1174.76953125, 670.577758789, -750.640197754, 583.21295166, -633.86138916, 421.403594971, -601.175964355, 307.2003479, -491.636322021, 274.903991699], [-4437.55859375, 974.453857422, 2229.65649414, -96.8280792236, 374.848175049, -6.99402332306, 215.155548096, -39.748878479, 152.072235107, -78.0012817383, 38.8598060608, -158.294647217, 51.146232605], [1218.27722168, -1174.76953125, -96.8280792236, 810.528564453, -51.6741523743, 271.862487793, -74.7086181641, 165.58984375, -7.73407363892, 139.872558594, -33.3387832642, 72.9354095459, -35.2233200073], [-1322.9888916, 670.577758789, 374.848175049, -51.6741523743, 432.926727295, -20.602191925, 197.70753479, -41.7170639038, 124.534439087, -59.0022392273, 63.1471939087, -63.5502090454, 48.231803894], [1105.51037598, -750.640197754, -6.99402332306, 271.862487793, -20.602191925, 324.483917236, -4.87776899338, 198.76109314, -24.2908172607, 140.915817261, -29.6419830322, 92.5797348022, -39.5938568115], [-802.58001709, 583.21295166, 215.155548096, -74.7086181641, 197.70753479, -4.87776899338, 227.061462402, -8.92269992828, 129.147094727, -56.1145057678, 77.7786483765, -57.2948379517, 54.4849128723], [1029.51806641, -633.86138916, -39.748878479, 165.58984375, -41.7170639038, 198.76109314, -8.92269992828, 223.938323975, -9.25252246857, 145.861526489, -35.0872535706, 104.709541321, -41.4497795105], [-766.718566895, 421.403594971, 152.072235107, -7.73407363892, 124.534439087, -24.2908172607, 129.147094727, -9.25252246857, 166.683303833, -11.924489975, 84.4504470825, -56.3687133789, 51.9773254395], [844.000793457, -601.175964355, -78.0012817383, 139.872558594, -59.0022392273, 140.915817261, -56.1145057678, 145.861526489, -11.924489975, 181.552993774, -3.73797893524, 104.806762695, -37.4239120483], [-345.650390625, 307.2003479, 38.8598060608, -33.3387832642, 63.1471939087, -29.6419830322, 77.7786483765, -35.0872535706, 84.4504470825, -3.73797893524, 114.209518433, 0.351403683424, 47.7733154297], [955.885864258, -491.636322021, -158.294647217, 72.9354095459, -63.5502090454, 92.5797348022, -57.2948379517, 104.709541321, -56.3687133789, 104.806762695, 0.351403683424, 149.80708313, -4.22956132889], [-392.845184326, 274.903991699, 51.146232605, -35.2233200073, 48.231803894, -39.5938568115, 54.4849128723, -41.4497795105, 51.9773254395, -37.4239120483, 47.7733154297, -4.22956132889, 90.3077163696]],
        "icov": [[0.000141748518217, -0.000330063601723, 0.000261168694124, -0.0003047620703, 0.000234559876844, -0.000348896166543, 0.000187070021639, -0.000468140235171, 0.000498362467624, -0.00026884287945, 0.000172404383193, -0.00046754576033, 0.000237252796069], [-0.000330063601723, 0.00307328766212, -0.000844997528475, 0.0025188147556, -0.00151336926501, 0.00211825035512, -0.00194300024305, 0.00184130994603, -0.00225781812333, 0.00276961433701, -0.00253291544504, 0.00326414522715, -0.00163572235033], [0.000261168694124, -0.000844997528475, 0.00107153609861, -0.00067491986556, 0.000110084940388, -0.000873060373124, 0.000502565060742, -0.00119616847951, 0.00117749010678, -0.000911758746952, 0.000521098205354, -0.0002788331185, 0.000200151785975], [-0.0003047620703, 0.0025188147556, -0.00067491986556, 0.0039835665375, -0.00146724446677, 2.39057226281e-05, -0.00017481498071, 0.0015037690755, -0.00295918388292, 0.0023317951709, -0.00197768816724, 0.00301746604964, -0.0016104253009], [0.000234559876844, -0.00151336926501, 0.000110084940388, -0.00146724446677, 0.00525651592761, -0.00145922834054, -0.00296553527005, 0.00151053408626, -0.000500200432725, -0.00170928623993, 0.00308300508186, -0.00363951362669, 0.00180602283217], [-0.000348896166543, 0.00211825035512, -0.000873060373124, 2.39057226281e-05, -0.00145922834054, 0.0105744060129, -0.00336929108016, -0.00494629656896, 0.00247852108441, -0.000350427930243, -0.00315140560269, 0.00438763340935, -0.00198318529874], [0.000187070021639, -0.00194300024305, 0.000502565060742, -0.00017481498071, -0.00296553527005, -0.00336929108016, 0.0168663449585, -0.00799666158855, -0.00299937720411, 0.00521887745708, -0.00486763520166, 0.00111788033973, -0.000847585382871], [-0.000468140235171, 0.00184130994603, -0.00119616847951, 0.0015037690755, 0.00151053408626, -0.00494629656896, -0.00799666158855, 0.0257827509195, -0.011386198923, -0.00572908809409, 0.0120590059087, -0.0105224242434, 0.0046126791276], [0.000498362467624, -0.00225781812333, 0.00117749010678, -0.00295918388292, -0.000500200432725, 0.00247852108441, -0.00299937720411, -0.011386198923, 0.0271315798163, -0.00832136254758, -0.0115971295163, 0.0130184218287, -0.0071623804979], [-0.00026884287945, 0.00276961433701, -0.000911758746952, 0.0023317951709, -0.00170928623993, -0.000350427930243, 0.00521887745708, -0.00572908809409, -0.00832136254758, 0.022452428937, -0.00657359929755, -0.00450810976326, 0.00416661798954], [0.000172404383193, -0.00253291544504, 0.000521098205354, -0.00197768816724, 0.00308300508186, -0.00315140560269, -0.00486763520166, 0.0120590059087, -0.0115971295163, -0.00657359929755, 0.0276155192405, -0.0147216273472, 0.00148970074952], [-0.00046754576033, 0.00326414522715, -0.0002788331185, 0.00301746604964, -0.00363951362669, 0.00438763340935, 0.00111788033973, -0.0105224242434, 0.0130184218287, -0.00450810976326, -0.0147216273472, 0.0298695322126, -0.0124461930245], [0.000237252796069, -0.00163572235033, 0.000200151785975, -0.0016104253009, 0.00180602283217, -0.00198318529874, -0.000847585382871, 0.0046126791276, -0.0071623804979, 0.00416661798954, 0.00148970074952, -0.0124461930245, 0.0216156151146]]
    },
    "melbands": {
        "dmean": [0.0035895339679, 0.00323743093759, 0.00152937124949, 0.000990899046883, 0.000559819163755, 0.000552721205167, 0.000260872766376, 0.000114773021778, 8.68593051564e-05, 8.43383095344e-05, 6.94867194397e-05, 4.03951671615e-05, 3.01637301163e-05, 3.79687844543e-05, 1.72380150616e-05, 1.63484601217e-05, 1.36937851494e-05, 9.75947386905e-06, 9.57791144174e-06, 6.62504498905e-06, 6.73423437547e-06, 4.74323087474e-06, 4.09712220062e-06, 2.82245264316e-06, 2.16729017666e-06, 1.79000494427e-06, 1.37428196467e-06, 1.31843239615e-06, 9.32973193812e-07, 8.52687151109e-07, 5.51758205347e-07, 4.80134474401e-07, 3.63082818922e-07, 2.97278859307e-07, 2.44984363462e-07, 2.02667820304e-07, 1.65863397683e-07, 1.33693745852e-07, 1.1294643798e-07, 1.00585516805e-07],
        "dmean2": [0.00393412681296, 0.00461127702147, 0.00254111783579, 0.00158920069225, 0.000864430330694, 0.000813431746792, 0.000393038702896, 0.000182594943908, 0.000140714008012, 0.000135462891194, 0.000111117726192, 6.73056856613e-05, 5.07550612383e-05, 6.40832367935e-05, 2.90472362394e-05, 2.76796054095e-05, 2.32003039855e-05, 1.63810564118e-05, 1.60351792147e-05, 1.12869647637e-05, 1.1682681361e-05, 8.057987543e-06, 6.68750044497e-06, 4.69670703751e-06, 3.53645873474e-06, 2.89880267701e-06, 2.22009293793e-06, 2.11306155506e-06, 1.49651327774e-06, 1.33876892505e-06, 8.56301596741e-07, 7.30694750928e-07, 5.59770171549e-07, 4.54326396948e-07, 3.71949454347e-07, 3.03163403714e-07, 2.49545536235e-07, 1.95795450963e-07, 1.6728657215e-07, 1.51212532273e-07],
        "dvar": [9.67691739788e-05, 8.48190829856e-05, 1.47852097143e-05, 3.91516186937e-06, 1.46250829403e-06, 1.78865730049e-06, 4.49766758948e-07, 1.10885387983e-07, 5.75541072578e-08, 4.48489743121e-08, 3.40063408544e-08, 1.30766819595e-08, 9.96683713339e-09, 1.3813582278e-08, 2.66414867944e-09, 2.36125008435e-09, 1.90381843623e-09, 1.11654563373e-09, 9.88627846255e-10, 4.0098027676e-10, 4.64588978399e-10, 2.30697072556e-10, 1.69948291551e-10, 8.03242264369e-11, 4.70104961903e-11, 3.03041584881e-11, 1.69373022552e-11, 2.03756369416e-11, 8.29415962994e-12, 6.54348407056e-12, 2.56721922366e-12, 2.0656304358e-12, 1.26135376016e-12, 8.1211150001e-13, 5.22087906761e-13, 3.89557472651e-13, 2.63571689431e-13, 1.70716034625e-13, 1.16887822663e-13, 1.05628010407e-13],
        "dvar2": [0.000110916997073, 0.000185036391485, 4.00027311116e-05, 1.00321640275e-05, 3.59565865438e-06, 3.88902708437e-06, 9.37817901558e-07, 2.63941643652e-07, 1.43148696452e-07, 1.05854169874e-07, 7.85951783655e-08, 3.12104049272e-08, 2.37601458508e-08, 3.56545477587e-08, 6.76408173916e-09, 6.18784357087e-09, 5.0305142274e-09, 2.84049073151e-09, 2.56075494143e-09, 1.05996844635e-09, 1.26777122134e-09, 6.21014795144e-10, 4.36971930862e-10, 2.09666103923e-10, 1.22571494621e-10, 7.71996772064e-11, 4.32867491851e-11, 5.25476814839e-11, 2.07845338163e-11, 1.60388681503e-11, 6.09447431757e-12, 4.85706960762e-12, 3.02737435814e-12, 1.9295665326e-12, 1.20127725042e-12, 8.68313938546e-13, 5.97044332376e-13, 3.51868084366e-13, 2.43447270806e-13, 2.33235468699e-13],
        "max": [0.115214779973, 0.133522942662, 0.0556062534451, 0.0376724936068, 0.0300926864147, 0.0334578678012, 0.0201794430614, 0.0131349368021, 0.0101075721905, 0.00541900657117, 0.00458440138027, 0.00393146229908, 0.00499384617433, 0.00319857569411, 0.00110704021063, 0.00138702034019, 0.00122685555834, 0.00128434970975, 0.000777382927481, 0.000570637464989, 0.00039811671013, 0.000285507005174, 0.000254053273238, 0.000203344607144, 0.000129629101139, 0.000121061901154, 6.88539003022e-05, 0.000129695763462, 4.89005215059e-05, 5.403931209e-05, 2.81005723082e-05, 3.44708423654e-05, 2.77814069705e-05, 2.49473214353e-05, 1.77823148988e-05, 1.77680722118e-05, 1.54695171659e-05, 1.53565051733e-05, 1.27632229123e-05, 8.9724726422e-06],
        "mean": [0.00580191845074, 0.00462186336517, 0.00200872914866, 0.00152216956485, 0.00087914330652, 0.000821856199764, 0.000358100514859, 0.000137823357363, 9.82868732535e-05, 9.73779024207e-05, 8.20557906991e-05, 4.47423553851e-05, 3.10558643832e-05, 3.77083852072e-05, 1.71184965438e-05, 1.67320467881e-05, 1.38717932714e-05, 9.72454381554e-06, 9.20961792872e-06, 6.18713465883e-06, 5.95926348979e-06, 4.37859580416e-06, 3.99971440856e-06, 2.74111948784e-06, 2.22806579586e-06, 1.85452745427e-06, 1.45877368141e-06, 1.3873491298e-06, 9.90917669697e-07, 9.27880421386e-07, 6.43955104351e-07, 5.67753147607e-07, 4.36024578221e-07, 3.67011068647e-07, 2.99589714814e-07, 2.50325342677e-07, 2.08428843962e-07, 1.70747782136e-07, 1.45708256127e-07, 1.24229359244e-07],
        "median": [0.000458368944237, 0.00137346913107, 0.000830986420624, 0.000602364016231, 0.000310050032567, 0.000220666624955, 9.82284764177e-05, 2.88048249786e-05, 2.10071830224e-05, 1.80462684511e-05, 1.46309539559e-05, 7.71027771407e-06, 4.33822060586e-06, 3.94212929677e-06, 2.00746808332e-06, 2.0325769583e-06, 1.50690038936e-06, 1.07939331428e-06, 7.78014566549e-07, 4.82917357658e-07, 4.25819251859e-07, 3.23923046608e-07, 2.56449482094e-07, 1.79834145797e-07, 1.40894329093e-07, 1.13819439207e-07, 8.33588984506e-08, 6.17889597265e-08, 4.23323669452e-08, 3.24549169761e-08, 2.33488695045e-08, 1.69001683759e-08, 1.23195977864e-08, 9.56938972507e-09, 6.56868426319e-09, 4.91989515794e-09, 3.24148974329e-09, 2.28957186543e-09, 1.43044120993e-09, 9.21570542101e-10],
        "min": [1.415763539e-24, 2.34045603691e-24, 1.42929585619e-24, 2.94471875715e-24, 2.64422526948e-24, 2.82282850602e-24, 3.80923023989e-24, 2.89655209356e-24, 2.11941800013e-24, 2.96223324418e-24, 1.56373530659e-24, 2.40840102111e-24, 4.61652011915e-24, 3.62972336318e-24, 3.21354460706e-24, 3.69811129278e-24, 4.30522219531e-24, 2.9238145348e-24, 5.30729642599e-24, 4.45665390683e-24, 6.39575210909e-24, 3.97268813591e-24, 4.30141239157e-24, 3.51463447357e-24, 3.29901354462e-24, 5.47562356595e-24, 6.04367638734e-24, 6.90922403888e-24, 5.47120081728e-24, 5.11290847717e-24, 6.38937535196e-24, 5.53238526352e-24, 5.80651127264e-24, 5.55497311225e-24, 6.95414730085e-24, 5.01688990551e-24, 6.07086684502e-24, 5.09306270895e-24, 7.01559167676e-24, 6.23587209171e-24],
        "var": [0.000272704666713, 0.000115565300803, 1.31322376546e-05, 6.18300555288e-06, 2.3767292987e-06, 3.43247552337e-06, 7.3447347404e-07, 1.35191982054e-07, 5.9887703685e-08, 5.48432694814e-08, 4.34201119504e-08, 1.52058010627e-08, 1.08178586089e-08, 1.30533948095e-08, 2.54059773219e-09, 2.15277706772e-09, 1.71516456593e-09, 1.0369841652e-09, 8.84083528607e-10, 3.45764250564e-10, 3.55691337495e-10, 1.89488161273e-10, 1.58985699605e-10, 7.29293916923e-11, 4.45108463976e-11, 3.13075711189e-11, 1.76932028056e-11, 2.03381183422e-11, 9.23470414721e-12, 7.91922256937e-12, 3.85366261471e-12, 3.13860721267e-12, 2.02387347333e-12, 1.44308165678e-12, 9.91830098954e-13, 7.47841458898e-13, 5.48697914361e-13, 4.04589447882e-13, 2.77190922125e-13, 2.10068941409e-13]
    },
    "mfcc": {
        "mean": [-778.412536621, 192.475265503, 36.6785583496, 27.4655246735, 8.65179347992, 6.95588493347, 0.688980937004, 0.0303892269731, -2.9065952301, -1.94180846214, -3.98890447617, -3.40758061409, -2.68819952011],
        "cov": [[15372.4345703, -2139.32788086, -3440.625, -114.974082947, -516.256408691, 32.6367492676, -135.244720459, 13.8562602997, -77.4821472168, 8.38113880157, 42.9695053101, 139.969619751, 59.193145752], [-2139.32788086, 3111.87231445, 401.797027588, -280.255004883, -4.92610740662, -104.445960999, -8.80256557465, -46.5864181519, -9.67391300201, -27.0031471252, -25.8086986542, -71.5501556396, -73.6799545288], [-3440.625, 401.797027588, 1651.60498047, 217.197677612, 218.620742798, 67.1972198486, 101.353271484, 57.3567085266, 75.9646224976, 43.856552124, 23.6793498993, -0.795425057411, 10.6862001419], [-114.974082947, -280.255004883, 217.197677612, 404.729827881, 144.212417603, 100.375457764, 53.4169616699, 58.6946640015, 39.055896759, 44.6633110046, 28.0811443329, 25.1265468597, 25.358543396], [-516.256408691, -4.92610740662, 218.620742798, 144.212417603, 217.618453979, 100.983482361, 72.0960922241, 55.7078170776, 51.0189170837, 39.8566894531, 29.9708538055, 21.3783092499, 19.1049289703], [32.6367492676, -104.445960999, 67.1972198486, 100.375457764, 100.983482361, 141.585739136, 82.4491348267, 60.8300971985, 45.0540313721, 45.8912696838, 35.19506073, 28.7875289917, 23.1216754913], [-135.244720459, -8.80256557465, 101.353271484, 53.4169616699, 72.0960922241, 82.4491348267, 108.436500549, 71.1011810303, 49.2277183533, 38.6485176086, 32.2192420959, 21.8225231171, 16.7727050781], [13.8562602997, -46.5864181519, 57.3567085266, 58.6946640015, 55.7078170776, 60.8300971985, 71.1011810303, 102.023269653, 67.8417816162, 43.6664924622, 31.7744350433, 25.8243484497, 20.7494525909], [-77.4821472168, -9.67391300201, 75.9646224976, 39.055896759, 51.0189170837, 45.0540313721, 49.2277183533, 67.8417816162, 93.5782546997, 61.3454170227, 35.6857948303, 21.4707260132, 13.2222642899], [8.38113880157, -27.0031471252, 43.856552124, 44.6633110046, 39.8566894531, 45.8912696838, 38.6485176086, 43.6664924622, 61.3454170227, 93.3555831909, 57.0217208862, 29.1681423187, 17.5117797852], [42.9695053101, -25.8086986542, 23.6793498993, 28.0811443329, 29.9708538055, 35.19506073, 32.2192420959, 31.7744350433, 35.6857948303, 57.0217208862, 84.550453186, 54.0653839111, 23.3935546875], [139.969619751, -71.5501556396, -0.795425057411, 25.1265468597, 21.3783092499, 28.7875289917, 21.8225231171, 25.8243484497, 21.4707260132, 29.1681423187, 54.0653839111, 75.9311599731, 47.2320137024], [59.193145752, -73.6799545288, 10.6862001419, 25.358543396, 19.1049289703, 23.1216754913, 16.7727050781, 20.7494525909, 13.2222642899, 17.5117797852, 23.3935546875, 47.2320137024, 73.0121994019]],
