{
"lowlevel": {
    "average_loudness": 0.838211834431,
    "barkbands_crest": {
        "dmean": 3.22319483757,
        "dmean2": 4.82121229172,
        "dvar": 13.6131238937,
        "dvar2": 27.3470039368,
        "max": 26.9200572968,
        "mean": 18.0382480621,
        "median": 18.6973762512,
        "min": 2.48824548721,
        "var": 44.9005966187
    },
    "barkbands_flatness_db": {
        "dmean": 0.07708183676,
        "dmean2": 0.110534518957,
        "dvar": 0.00798255205154,
        "dvar2": 0.0163808129728,
        "max": 1,
        "mean": 0.368807375431,
        "median": 0.343056738377,
        "min": 0.0179589726031,
        "var": 0.0342109762132
    },
    "barkbands_kurtosis": {
        "dmean": 87.7162017822,
        "dmean2": 135.061920166,
        "dvar": 77603.46875,
        "dvar2": 190036.21875,
        "max": 9350.14648438,
        "mean": 110.391021729,
        "median": 15.2974901199,
        "min": -1.95393240452,
        "var": 96445.5
    },
    "barkbands_skewness": {
        "dmean": 2.55099177361,
        "dmean2": 3.79686880112,
        "dvar": 17.4121646881,
        "dvar2": 39.9087333679,
        "max": 93.9077453613,
        "mean": 4.94680547714,
        "median": 2.86030626297,
        "min": -7.1517701149,
        "var": 39.8293991089
    },
    "barkbands_spread": {
        "dmean": 8.96680736542,
        "dmean2": 14.9191408157,
        "dvar": 381.455841064,
        "dvar2": 933.038085938,
        "max": 152.398422241,
        "mean": 9.58403205872,
        "median": 2.93716716766,
        "min": 0.0213492028415,
        "var": 347.162322998
    },
    "dissonance": {
        "dmean": 0.0402719601989,
        "dmean2": 0.0634680315852,
        "dvar": 0.00222674012184,
        "dvar2": 0.0055594202131,
        "max": 0.500000119209,
        "mean": 0.407078802586,
        "median": 0.434482306242,
        "min": 0.0221289880574,
        "var": 0.00782342813909
    },
    "dynamic_complexity": 5.10731077194,
    "erbbands_crest": {
        "dmean": 3.76281428337,
        "dmean2": 5.78906583786,
        "dvar": 14.7013940811,
        "dvar2": 31.4708938599,
        "max": 33.5833816528,
        "mean": 13.0776948929,
        "median": 12.0391750336,
        "min": 2.46655988693,
        "var": 46.2597732544
    },
    "erbbands_flatness_db": {
        "dmean": 0.050106741488,
        "dmean2": 0.0744598060846,
        "dvar": 0.00324511365034,
        "dvar2": 0.00671486975625,
        "max": 0.684250473976,
        "mean": 0.254759609699,
        "median": 0.248343452811,
        "min": 0.0323444716632,
        "var": 0.0162389352918
    },
    "erbbands_kurtosis": {
        "dmean": 12.120634079,
        "dmean2": 18.9328250885,
        "dvar": 1165.97924805,
        "dvar2": 2445.19458008,
        "max": 465.502563477,
        "mean": 15.0819187164,
        "median": 0.725542664528,
        "min": -1.92539000511,
        "var": 2117.48120117
    },
    "erbbands_skewness": {
        "dmean": 1.15008115768,
        "dmean2": 1.7252010107,
        "dvar": 2.43815660477,
        "dvar2": 5.22178173065,
        "max": 16.8448066711,
        "mean": 1.56849145889,
        "median": 0.897688627243,
        "min": -3.53010797501,
        "var": 5.84891557693
    },
    "erbbands_spread": {
        "dmean": 16.8805599213,
        "dmean2": 25.5607299805,
        "dvar": 693.38092041,
        "dvar2": 1496.73291016,
        "max": 226.659637451,
        "mean": 35.9180030823,
        "median": 23.413520813,
        "min": 0.301824688911,
        "var": 1420.38232422
    },
    "hfc": {
        "dmean": 11.1229085922,
        "dmean2": 18.7140693665,
        "dvar": 697.28894043,
        "dvar2": 1864.71826172,
        "max": 251.102737427,
        "mean": 12.8353157043,
        "median": 4.70838451385,
        "min": 1.05526792405e-16,
        "var": 552.631103516
    },
    "melbands_crest": {
        "dmean": 3.48441290855,
        "dmean2": 5.40391588211,
        "dvar": 14.2689743042,
        "dvar2": 29.9711017609,
        "max": 39.9949188232,
        "mean": 21.1854667664,
        "median": 20.8198318481,
        "min": 1.00149345398,
        "var": 59.3583450317
    },
    "melbands_flatness_db": {
        "dmean": 0.0873134434223,
        "dmean2": 0.125415354967,
        "dvar": 0.0109199648723,
        "dvar2": 0.0226932391524,
        "max": 1,
        "mean": 0.48215290904,
        "median": 0.452408373356,
        "min": -1.03543797536e-07,
        "var": 0.0474204532802
    },
    "melbands_kurtosis": {
        "dmean": 65.6108932495,
        "dmean2": 102.258804321,
        "dvar": 87694.140625,
        "dvar2": 252438.75,
        "max": 21086.9628906,
        "mean": 99.4318313599,
        "median": 20.6363296509,
        "min": -1.80930137634,
        "var": 81509.34375
    },
    "melbands_skewness": {
        "dmean": 1.9655302763,
        "dmean2": 2.91104793549,
        "dvar": 10.5535230637,
        "dvar2": 25.9529514313,
        "max": 140.094024658,
        "mean": 4.96982812881,
        "median": 3.28716802597,
        "min": -3.16521763802,
        "var": 28.0905990601
    },
    "melbands_spread": {
        "dmean": 5.43568086624,
        "dmean2": 9.38362312317,
        "dvar": 148.628646851,
        "dvar2": 400.608612061,
        "max": 200.724243164,
        "mean": 7.84470367432,
        "median": 2.34085679054,
        "min": 0.0445483289659,
        "var": 335.714508057
    },
    "pitch_salience": {
        "dmean": 0.108052618802,
        "dmean2": 0.161980360746,
        "dvar": 0.0149944787845,
        "dvar2": 0.0297065582126,
        "max": 0.997738480568,
        "mean": 0.361219495535,
        "median": 0.362394779921,
        "min": 0.00174276775215,
        "var": 0.0491970553994
    },
    "silence_rate_20dB": {
        "dmean": 0.0222748406231,
        "dmean2": 0.0445535853505,
        "dvar": 0.0217817872763,
        "dvar2": 0.0601113811135,
        "max": 1,
        "mean": 0.98193615675,
        "median": 1,
        "min": 0,
        "var": 0.0177372191101
    },
    "silence_rate_30dB": {
        "dmean": 0.0640182420611,
        "dmean2": 0.128047704697,
        "dvar": 0.0599156059325,
        "dvar2": 0.115509584546,
        "max": 1,
        "mean": 0.722991943359,
        "median": 1,
        "min": 0,
        "var": 0.200280576944
    },
    "silence_rate_60dB": {
        "dmean": 0.095238097012,
        "dmean2": 0.190492898226,
        "dvar": 0.0861762240529,
        "dvar2": 0.165949419141,
        "max": 1,
        "mean": 0.168361976743,
        "median": 0,
        "min": 0,
        "var": 0.140005394816
    },
    "spectral_centroid": {
        "dmean": 318.11114502,
        "dmean2": 532.260070801,
        "dvar": 346284.78125,
        "dvar2": 898781.8125,
        "max": 11695.1640625,
        "mean": 669.497436523,
        "median": 341.144744873,
        "min": 53.8720970154,
        "var": 1588510.25
    },
    "spectral_complexity": {
        "dmean": 3.3445584774,
        "dmean2": 5.78266954422,
        "dvar": 48.7665290833,
        "dvar2": 135.237182617,
        "max": 53,
        "mean": 6.33496999741,
        "median": 5,
        "min": 0,
        "var": 42.6839065552
    },
    "spectral_decrease": {
        "dmean": 7.94592036613e-09,
        "dmean2": 1.15900133935e-08,
        "dvar": 1.67206646363e-16,
        "dvar2": 3.42857972983e-16,
        "max": 1.87487426379e-28,
        "mean": -1.90749922524e-08,
        "median": -5.20046894437e-09,
        "min": -1.21483537896e-07,
        "var": 7.13651516083e-16
    },
    "spectral_energy": {
        "dmean": 0.0302494317293,
        "dmean2": 0.0438403971493,
        "dvar": 0.00237015401945,
        "dvar2": 0.00487156258896,
        "max": 0.461807370186,
        "mean": 0.0731575861573,
        "median": 0.0208385698497,
        "min": 1.00532914399e-20,
        "var": 0.0102743133903
    },
    "spectral_energyband_high": {
        "dmean": 0.000824841496069,
        "dmean2": 0.00148282432929,
        "dvar": 6.25013217359e-06,
        "dvar2": 1.70468556462e-05,
        "max": 0.0248024892062,
        "mean": 0.000553597288672,
        "median": 2.11853830479e-06,
        "min": 7.16971155172e-21,
        "var": 4.08887899539e-06
    },
    "spectral_energyband_low": {
        "dmean": 0.0275838095695,
        "dmean2": 0.041224334389,
        "dvar": 0.00250724307261,
        "dvar2": 0.00531119387597,
        "max": 0.458384811878,
        "mean": 0.0636521503329,
        "median": 0.0091433878988,
        "min": 9.30758286067e-24,
        "var": 0.00999249052256
    },
    "spectral_energyband_middle_high": {
        "dmean": 0.000988764571957,
        "dmean2": 0.00169029447716,
        "dvar": 1.09670063466e-05,
        "dvar2": 2.68242074526e-05,
        "max": 0.101927377284,
        "mean": 0.000898818136193,
        "median": 0.000132968067192,
        "min": 1.23508213361e-21,
        "var": 1.08472786451e-05
    },
    "spectral_energyband_middle_low": {
        "dmean": 0.00959564186633,
        "dmean2": 0.0167063362896,
        "dvar": 0.000865292036906,
        "dvar2": 0.00239880639128,
        "max": 0.325722515583,
        "mean": 0.00970755424351,
        "median": 0.00252722064033,
        "min": 1.37921146386e-22,
        "var": 0.000573200930376
    },
    "spectral_entropy": {
        "dmean": 0.628052771091,
        "dmean2": 0.915959775448,
        "dvar": 0.614172577858,
        "dvar2": 1.24151146412,
        "max": 9.82341861725,
        "mean": 6.23891210556,
        "median": 6.36847877502,
        "min": 2.35827112198,
        "var": 2.2131550312
    },
    "spectral_flux": {
        "dmean": 0.058976881206,
        "dmean2": 0.0818113386631,
        "dvar": 0.00491797411814,
        "dvar2": 0.00799787323922,
        "max": 0.667636096478,
        "mean": 0.101663812995,
        "median": 0.0594060868025,
        "min": 6.13102763003e-11,
        "var": 0.0136030912399
    },
    "spectral_kurtosis": {
        "dmean": 44.4071502686,
        "dmean2": 73.2637329102,
        "dvar": 10625.6005859,
        "dvar2": 29063.0761719,
        "max": 2214.27612305,
        "mean": 67.9128799438,
        "median": 13.8619260788,
        "min": -1.27807867527,
        "var": 18468.4707031
    },
    "spectral_rms": {
        "dmean": 0.00167046219576,
        "dmean2": 0.00228115660138,
        "dvar": 4.65567654828e-06,
        "dvar2": 7.54142183723e-06,
        "max": 0.0212260168046,
        "mean": 0.00647111749277,
        "median": 0.00450891489163,
        "min": 3.13178693048e-12,
        "var": 2.94978235615e-05
    },
    "spectral_rolloff": {
        "dmean": 802.901428223,
        "dmean2": 1508.49182129,
        "dvar": 5743015,
        "dvar2": 15600341,
        "max": 19810.546875,
        "mean": 916.100158691,
        "median": 193.798828125,
        "min": 21.533203125,
        "var": 7594745.5
    },
    "spectral_skewness": {
        "dmean": 1.83913445473,
        "dmean2": 2.87824630737,
        "dvar": 6.62757205963,
        "dvar2": 15.5705604553,
        "max": 42.1432723999,
        "mean": 4.79297208786,
        "median": 2.67911601067,
        "min": -0.0812759399414,
        "var": 25.5915718079
    },
    "spectral_spread": {
        "dmean": 1439401.875,
        "dmean2": 2118218.5,
        "dvar": 5.9681758249e+12,
        "dvar2": 1.01493852078e+13,
        "max": 42631000,
        "mean": 4306649,
        "median": 2419259.5,
        "min": 56975.0234375,
        "var": 2.94100297318e+13
    },
    "spectral_strongpeak": {
        "dmean": 0.243731155992,
        "dmean2": 0.368247538805,
        "dvar": 0.167201593518,
        "dvar2": 0.373518884182,
        "max": 9.51723957062,
        "mean": 0.645206749439,
        "median": 0.515313029289,
        "min": 0,
        "var": 0.325511395931
    },
    "zerocrossingrate": {
        "dmean": 0.0112049477175,
        "dmean2": 0.0145854856819,
        "dvar": 0.000457819871372,
        "dvar2": 0.000658110075165,
        "max": 0.85986328125,
        "mean": 0.0280623417348,
        "median": 0.01220703125,
        "min": 0,
        "var": 0.00408814940602
    },
    "barkbands": {
        "dmean": [0.000924234453123, 0.0230818875134, 0.00834463629872, 0.0045397458598, 0.00475567998365, 0.000609801558312, 0.000198933994398, 0.000234479099163, 0.000180825911229, 0.000230600417126, 0.000235657775193, 0.000132293120259, 8.28399060993e-05, 7.10937383701e-05, 6.72581081744e-05, 5.82280408707e-05, 5.88413713558e-05, 7.14749839972e-05, 7.92827268015e-05, 7.98205946921e-05, 8.41492364998e-05, 7.74349828134e-05, 0.000143507902976, 8.65659167175e-05, 0.000147045589983, 0.00023230194347, 2.00568028959e-05],
        "dmean2": [0.00140773388557, 0.0313091352582, 0.0153440088034, 0.00820469669998, 0.00854609441012, 0.00102451792918, 0.000319630082231, 0.000353401672328, 0.000299111008644, 0.000370753841707, 0.000379407108994, 0.000242162772338, 0.000142538061482, 0.000125553808175, 0.000120834694826, 0.000104355051008, 0.000107169173134, 0.000133235007524, 0.000149824263644, 0.000149236744619, 0.000156577923917, 0.000140976670082, 0.000258366315393, 0.000154299093992, 0.000263303343672, 0.000413790432503, 3.44287218468e-05],
        "dvar": [2.8750803267e-06, 0.00173724500928, 0.000956695643254, 0.000247483811108, 0.000240829089307, 3.09779534291e-06, 3.88225885217e-07, 8.55936832522e-07, 1.08592018933e-06, 2.36146706811e-06, 3.43862689078e-06, 1.95660959434e-07, 7.16209740403e-08, 5.36639319648e-08, 5.17667722022e-08, 3.92384507109e-08, 3.39038486175e-08, 5.40230118418e-08, 7.86102418715e-08, 7.51371374008e-08, 6.68592363695e-08, 4.77286263845e-08, 2.22036803166e-07, 7.83733256071e-08, 2.55472315303e-07, 6.95898222602e-07, 5.04234209942e-09],
        "dvar2": [6.17564592176e-06, 0.0031736663077, 0.00269725103863, 0.000697526847944, 0.00069153617369, 8.02375234343e-06, 8.04320393399e-07, 1.81973882718e-06, 2.58150907939e-06, 5.37482856089e-06, 7.35136018193e-06, 5.47649392502e-07, 1.83606871929e-07, 1.41796448361e-07, 1.41412812127e-07, 1.04532865919e-07, 9.56976862199e-08, 1.54088709792e-07, 2.27962459576e-07, 2.16616186322e-07, 1.90716292536e-07, 1.33851798978e-07, 6.15127703441e-07, 2.12704023284e-07, 6.90725642016e-07, 1.89137256257e-06, 1.2980723163e-08],
        "max": [0.0159742664546, 0.44377669692, 0.262368708849, 0.179713070393, 0.192612960935, 0.0359816104174, 0.0234786942601, 0.0476789698005, 0.0319223925471, 0.0595674179494, 0.0974390283227, 0.00998582597822, 0.00724089564756, 0.00533869676292, 0.0066238809377, 0.0065847588703, 0.00320120155811, 0.00268697855063, 0.00289985723794, 0.00318991672248, 0.00191979610827, 0.00219660345465, 0.00538496254012, 0.00298581994139, 0.00484107108787, 0.00743931764737, 0.000853420759086],
        "mean": [0.00153881171718, 0.0550960190594, 0.0054016080685, 0.00365899177268, 0.00462975818664, 0.000628366426099, 0.000221088936087, 0.000309725204716, 0.000170448576682, 0.000226809206652, 0.00022564351093, 9.48981614783e-05, 7.15241185389e-05, 5.86515416217e-05, 5.34185528522e-05, 4.54505752714e-05, 4.45217228844e-05, 4.80268827232e-05, 5.37668493052e-05, 5.37161868124e-05, 5.66535927646e-05, 5.46007031517e-05, 9.54232600634e-05, 5.90486924921e-05, 9.6147385193e-05, 0.000150337844389, 1.41230275403e-05],
        "median": [9.60919569479e-05, 0.00564297568053, 0.000369028392015, 0.000366085296264, 0.000697386858519, 0.000116510142107, 4.20494980062e-05, 4.43912176706e-05, 1.84546479431e-05, 2.13023013202e-05, 1.30227081172e-05, 8.20083005237e-06, 9.43331360759e-06, 7.88683883002e-06, 5.57742259844e-06, 4.45420164397e-06, 3.40878818861e-06, 1.84382395219e-06, 1.40351949085e-06, 7.29635303287e-07, 5.01229919792e-07, 2.42733165123e-07, 1.33975419203e-07, 6.63359571718e-08, 4.11245544285e-08, 2.36370389928e-08, 3.97259158902e-09],
        "min": [9.31204939111e-26, 1.84940018139e-24, 2.61834619445e-25, 1.10973303665e-24, 4.84069821676e-24, 7.92437758337e-24, 7.74243628192e-24, 7.80564612853e-24, 7.74886313171e-24, 1.71554811681e-23, 1.63855592355e-23, 2.47176516892e-23, 2.19389538371e-23, 3.75475197909e-23, 4.92940531001e-23, 3.77448580795e-23, 5.60797052336e-23, 1.07631487711e-22, 1.1026526077e-22, 1.62207762899e-22, 2.39036087661e-22, 2.9299354249e-22, 4.2663551605e-22, 5.23060117575e-22, 7.65815715959e-22, 1.19335485009e-21, 1.8469355764e-21],
        "var": [8.35235459817e-06, 0.00852084998041, 0.000567319395486, 0.000156002250151, 0.000152056571096, 2.86152021545e-06, 5.93907373059e-07, 1.29916827518e-06, 1.0187237649e-06, 2.66248957814e-06, 4.26344331572e-06, 1.23842596622e-07, 5.63803475018e-08, 3.92252665904e-08, 3.43233068634e-08, 2.80772205485e-08, 2.10885815477e-08, 3.14578727512e-08, 4.70284220455e-08, 4.35446168012e-08, 3.98786141886e-08, 3.06757961255e-08, 1.40429989415e-07, 5.18383735937e-08, 1.68577599879e-07, 4.57131619669e-07, 3.72334651999e-09]
    },
    "erbbands": {
        "dmean": [0.881051301956, 4.82411003113, 9.62585735321, 11.4324579239, 18.4988880157, 13.2568674088, 8.36521530151, 4.75606775284, 2.96386408806, 5.14628219604, 3.34224128723, 4.33302211761, 6.4313955307, 7.46553277969, 9.64549922943, 5.1101565361, 3.97095298767, 3.83803677559, 3.17213773727, 3.62600326538, 3.07168316841, 3.09168410301, 3.65153193474, 4.48537540436, 3.79761791229, 3.55621504784, 3.57583904266, 3.30099773407, 2.82242178917, 4.48741102219, 3.20890641212, 2.13340353966, 1.28292071819, 1.1403605938, 1.26876437664, 1.00694966316, 0.479216039181, 0.0605090856552, 0.00345891132019, 9.01151070138e-05],
        "dmean2": [1.04011726379, 7.11561727524, 16.7634143829, 20.2891025543, 33.9215087891, 23.3770427704, 14.2385807037, 7.78637123108, 4.56946563721, 7.9511051178, 5.32397460938, 7.05790662766, 10.4140005112, 12.0186262131, 15.7944641113, 9.05864429474, 6.81849622726, 6.70632266998, 5.65959596634, 6.54261445999, 5.52419614792, 5.64002799988, 6.76930379868, 8.46394538879, 7.14865589142, 6.65415334702, 6.67124891281, 6.0886220932, 5.1032166481, 8.10325431824, 5.7494559288, 3.82105350494, 2.29356837273, 2.03759384155, 2.26998329163, 1.79062640667, 0.860879421234, 0.106459841132, 0.0058844066225, 0.000148239560076],
        "dvar": [2.75066947937, 82.9089202881, 996.477966309, 1465.77954102, 4755.55957031, 1574.16748047, 483.820922852, 201.03112793, 89.7913513184, 423.594848633, 132.61529541, 650.045471191, 1224.96252441, 2808.15087891, 4311.34326172, 269.558044434, 158.331710815, 144.823974609, 134.224273682, 153.725494385, 98.013458252, 93.861289978, 134.220169067, 243.308639526, 178.096466064, 149.233734131, 132.750915527, 99.6127548218, 64.7847747803, 206.826782227, 106.181587219, 52.8202171326, 17.0003833771, 14.3854084015, 19.6440296173, 12.9097642899, 3.03862071037, 0.0466405786574, 0.000147623068187, 5.17949168e-08],
        "dvar2": [3.60743284225, 185.3152771, 2673.56298828, 3993.55517578, 13720.2890625, 4423.67089844, 1293.06262207, 490.618713379, 172.681060791, 919.779846191, 308.203063965, 1564.40307617, 2871.09008789, 6071.38476562, 9336.06542969, 724.426086426, 407.560516357, 377.405731201, 374.467163086, 408.298065186, 270.744262695, 265.478057861, 381.155456543, 703.986999512, 515.799194336, 431.533538818, 380.257995605, 281.909393311, 181.424163818, 574.265625, 292.706726074, 144.841110229, 46.3491821289, 38.9562072754, 53.0292320251, 35.0375938416, 8.3330078125, 0.124575138092, 0.000380282028345, 1.37928054755e-07],
        "max": [19.3719139099, 113.051979065, 276.140441895, 403.645446777, 804.341308594, 461.782165527, 503.492858887, 394.590637207, 375.002746582, 1020.71923828, 422.335906982, 976.019470215, 1209.21936035, 1938.49816895, 3195.78369141, 501.406005859, 325.215606689, 298.937713623, 392.588500977, 415.631134033, 204.959365845, 165.078613281, 128.209594727, 201.033081055, 162.195175171, 142.930557251, 101.473335266, 84.9397964478, 78.5533218384, 145.427108765, 116.77747345, 88.8962402344, 39.7813720703, 38.6713562012, 42.4606590271, 32.9501113892, 15.9061603546, 2.01177287102, 0.135618433356, 0.00233101076446],
        "mean": [2.08631300926, 10.3207073212, 8.28135108948, 9.13405609131, 15.4093027115, 13.7965669632, 9.97562503815, 5.31129550934, 3.51989102364, 6.51686143875, 4.01555109024, 4.23288154602, 6.56471204758, 6.94864797592, 8.97696971893, 4.11684274673, 3.46648550034, 3.27275681496, 2.62076926231, 2.81558799744, 2.42010736465, 2.33411097527, 2.53175473213, 2.99837327003, 2.55498957634, 2.42251110077, 2.39658737183, 2.24064445496, 2.01008367538, 3.02457427979, 2.15804028511, 1.44924688339, 0.866271197796, 0.754957199097, 0.82738918066, 0.654424071312, 0.304267793894, 0.0402248352766, 0.00246853590943, 0.000125922626466],
        "median": [0.113052591681, 1.3122086525, 1.44896638393, 1.11674332619, 1.59481084347, 2.03981947899, 1.75735235214, 1.05752086639, 0.693447351456, 0.985062122345, 0.814992904663, 0.58280557394, 0.755119681358, 0.523402452469, 0.673902988434, 0.502803683281, 0.495240926743, 0.433434486389, 0.355050086975, 0.301953196526, 0.2355928123, 0.173754930496, 0.121295161545, 0.0856604576111, 0.0587037056684, 0.0367655009031, 0.024802301079, 0.0156169012189, 0.0094310734421, 0.00647736806422, 0.00348093779758, 0.00185665977187, 0.00089755730005, 0.000556933286134, 0.000369062123355, 0.000211638718611, 9.42713959375e-05, 1.10195096568e-05, 2.08464552998e-05, 2.7226851671e-05],
        "min": [8.75435928323e-23, 2.13905352115e-22, 1.46396377651e-21, 5.52792928804e-21, 1.10785955416e-20, 1.93515931626e-20, 3.47596253732e-20, 7.84633220653e-20, 1.01691206363e-19, 1.96777233363e-19, 2.94330662582e-19, 3.1584283858e-19, 6.5146470298e-19, 5.94901472308e-19, 9.30689755107e-19, 1.39518506647e-18, 1.38577847194e-18, 2.0611411466e-18, 2.34083117763e-18, 3.01575906548e-18, 3.46491586335e-18, 4.02889401564e-18, 6.17490906297e-18, 5.66003917609e-18, 6.39552516338e-18, 7.3099117056e-18, 8.33740568401e-18, 1.05522123798e-17, 9.82956009972e-18, 1.0862068447e-17, 1.03944442216e-17, 1.03392323972e-17, 8.31358701827e-18, 7.58318736457e-18, 6.4319819081e-18, 4.06506993255e-18, 2.21491092055e-18, 8.56693434532e-19, 2.43413663374e-19, 2.55165137225e-20],
        "var": [15.3302583694, 278.534515381, 705.730957031, 974.490966797, 2806.30688477, 1159.03686523, 493.270904541, 219.653152466, 150.548629761, 614.512817383, 156.683319092, 592.047424316, 1304.81616211, 3427.16381836, 5209.46533203, 195.941513062, 124.032806396, 109.90322113, 85.1059341431, 107.382751465, 64.0623016357, 58.1381797791, 79.5861587524, 142.749542236, 103.176055908, 86.239112854, 78.3291244507, 60.8326187134, 42.0296707153, 130.746276855, 68.1774978638, 34.1057815552, 11.131942749, 9.5133228302, 12.995923996, 8.51972675323, 1.94853711128, 0.0318254604936, 0.000109815329779, 4.90765472705e-08]
    },
    "gfcc": {
        "mean": [-188.83404541, 153.708145142, -50.4457206726, 29.9327754974, -24.0752773285, 8.42697429657, -17.5599784851, -2.5779106617, -11.3340206146, -3.80059528351, -7.14287567139, -2.29545307159, -3.21109223366],
        "cov": [[36321.4140625, -5496.85009766, -5090.20605469, 2075.17211914, -1903.60302734, 1604.53735352, -1020.13287354, 710.704040527, -1127.49597168, 577.272888184, -856.157348633, 823.672973633, -560.176513672], [-5496.85009766, 6333.6015625, -820.902038574, -1644.1505127, 774.121643066, -1357.16027832, 427.947906494, -707.23223877, 425.17755127, -618.64074707, 513.41583252, -650.892211914, 468.893585205], [-5090.20605469, -820.902038574, 4940.59326172, 201.942474365, 427.528320312, 529.723937988, 150.115585327, 284.134185791, 206.509170532, 263.096557617, -36.4304580688, 141.452529907, -141.363693237], [2075.17211914, -1644.1505127, 201.942474365, 1289.15942383, 61.5050811768, 438.574249268, 89.9398956299, 229.129379272, 11.5675029755, 184.383422852, -5.66888284683, 115.924690247, -20.9200077057], [-1903.60302734, 774.121643066, 427.528320312, 61.5050811768, 708.695922852, -11.2639484406, 325.671508789, 7.07182741165, 229.248504639, -31.3643112183, 175.965606689, -99.9090270996, 121.253456116], [1604.53735352, -1357.16027832, 529.723937988, 438.574249268, -11.2639484406, 569.838134766, 46.1773223877, 256.540161133, -6.35511493683, 188.793609619, -84.7648925781, 161.578155518, -100.528129578], [-1020.13287354, 427.947906494, 150.115585327, 89.9398956299, 325.671508789, 46.1773223877, 349.451843262, 80.1777191162, 202.830490112, 1.83179783821, 144.441177368, -56.6070213318, 97.5270843506], [710.704040527, -707.23223877, 284.134185791, 229.129379272, 7.07182741165, 256.540161133, 80.1777191162, 242.082672119, 57.1051025391, 139.656478882, -23.7721347809, 89.1784133911, -54.7488212585], [-1127.49597168, 425.17755127, 206.509170532, 11.5675029755, 229.248504639, -6.35511493683, 202.830490112, 57.1051025391, 240.483520508, 38.4728775024, 132.950271606, -49.5977210999, 67.7790298462], [577.272888184, -618.64074707, 263.096557617, 184.383422852, -31.3643112183, 188.793609619, 1.83179783821, 139.656478882, 38.4728775024, 169.621688843, 3.62828540802, 91.2680664062, -45.8438072205], [-856.157348633, 513.41583252, -36.4304580688, -5.66888284683, 175.965606689, -84.7648925781, 144.441177368, -23.7721347809, 132.950271606, 3.62828540802, 169.620483398, -21.8410282135, 103.734733582], [823.672973633, -650.892211914, 141.452529907, 115.924690247, -99.9090270996, 161.578155518, -56.6070213318, 89.1784133911, -49.5977210999, 91.2680664062, -21.8410282135, 156.262863159, -14.0996847153], [-560.176513672, 468.893585205, -141.363693237, -20.9200077057, 121.253456116, -100.528129578, 97.5270843506, -54.7488212585, 67.7790298462, -45.8438072205, 103.734733582, -14.0996847153, 141.913909912]],
        "icov": [[7.19933013897e-05, -0.00013676515664, 0.000100997094705, -0.000155157977133, 5.26424701093e-05, -0.000219160778215, 5.14151324751e-05, -8.97348654689e-05, 0.000175726803718, -0.000237090396695, 0.000330828072038, -0.00034522410715, 0.000106972547655], [-0.00013676515664, 0.00128032721113, -0.00024069819483, 0.00107735430356, -0.000292700133286, 0.000872066942975, 3.0062841688e-05, 0.000237580155954, -0.000565069611184, 0.0014837605413, -0.00235032243654, 0.00277905608527, -0.00116894196253], [0.000100997094705, -0.00024069819483, 0.000414720852859, -0.000214432206121, -0.000168317914358, -0.00043409850332, 5.6660741393e-05, 9.18054429349e-05, -0.000117829025839, -0.00059531244915, 0.000912248680834, -0.000958070391789, 0.000510192883667], [-0.000155157977133, 0.00107735430356, -0.000214432206121, 0.00212014187127, -0.000365233805496, -0.000112247616926, 0.000129715830553, -0.000301054562442, 0.000265857146587, 0.000513894192409, -0.00252110464498, 0.00329416664317, -0.00183674122673], [5.26424701093e-05, -0.000292700133286, -0.000168317914358, -0.000365233805496, 0.00312402192503, -0.000778571586125, -0.0016379088629, 0.000423308287282, -0.000311150652124, 0.000250852899626, -0.000613652577158, 0.000540870532859, -0.000246476207394], [-0.000219160778215, 0.000872066942975, -0.00043409850332, -0.000112247616926, -0.000778571586125, 0.00689444504678, -0.00284227076918, -0.000403789163101, -0.000722856493667, -0.000992560875602, 0.0022748245392, -0.00237858761102, 0.00127660727594], [5.14151324751e-05, 3.0062841688e-05, 5.6660741393e-05, 0.000129715830553, -0.0016379088629, -0.00284227076918, 0.0120789213106, -0.00688390852883, -0.00218474608846, 0.00505164917558, -0.00634505786002, 0.0050491807051, -0.00357641954906], [-8.97348654689e-05, 0.000237580155954, 9.18054429349e-05, -0.000301054562442, 0.000423308287282, -0.000403789163101, -0.00688390852883, 0.0165551938117, -0.00455216923729, -0.00664152624086, 0.00711696548387, -0.00589519320056, 0.00361845898442], [0.000175726803718, -0.000565069611184, -0.000117829025839, 0.000265857146587, -0.000311150652124, -0.000722856493667, -0.00218474608846, -0.00455216923729, 0.0152666056529, -0.00525216758251, -0.00615794584155, 0.00586345046759, -0.00192273000721], [-0.000237090396695, 0.0014837605413, -0.00059531244915, 0.000513894192409, 0.000250852899626, -0.000992560875602, 0.00505164917558, -0.00664152624086, -0.00525216758251, 0.0224870964885, -0.0110239954665, -0.00155280530453, 0.00436975900084], [0.000330828072038, -0.00235032243654, 0.000912248680834, -0.00252110464498, -0.000613652577158, 0.0022748245392, -0.00634505786002, 0.00711696548387, -0.00615794584155, -0.0110239954665, 0.0291196517646, -0.0114176757634, -0.00418961653486], [-0.00034522410715, 0.00277905608527, -0.000958070391789, 0.00329416664317, 0.000540870532859, -0.00237858761102, 0.0050491807051, -0.00589519320056, 0.00586345046759, -0.00155280530453, -0.0114176757634, 0.0263750832528, -0.0112405484542], [0.000106972547655, -0.00116894196253, 0.000510192883667, -0.00183674122673, -0.000246476207394, 0.00127660727594, -0.00357641954906, 0.00361845898442, -0.00192273000721, 0.00436975900084, -0.00418961653486, -0.0112405484542, 0.0208127852529]]
    },
    "melbands": {
        "dmean": [0.00698474328965, 0.00508906506002, 0.00218229251914, 0.00117742829025, 0.000353485229425, 0.000105312486994, 4.36514055764e-05, 5.80351406825e-05, 2.48068281508e-05, 2.81449210888e-05, 3.23374006257e-05, 2.98861414194e-05, 3.26033550664e-05, 1.8590975742e-05, 1.01989899122e-05, 7.00946566212e-06, 7.54579150453e-06, 4.95040421811e-06, 4.7131275096e-06, 4.98010012961e-06, 3.45811645275e-06, 3.28690862261e-06, 3.1885365388e-06, 3.46178217114e-06, 3.73408238374e-06, 2.92127515422e-06, 2.69668089459e-06, 2.2752831228e-06, 2.33511923398e-06, 1.98239695237e-06, 1.90409252809e-06, 1.66718041328e-06, 1.332790589e-06, 3.33585444423e-06, 1.95523239199e-06, 1.43926831697e-06, 1.23902054838e-06, 8.62239176058e-07, 8.58305043039e-07, 9.81232119557e-07],
        "dmean2": [0.00881813839078, 0.00830465182662, 0.00380476750433, 0.00214511854574, 0.000595632009208, 0.00017320230836, 6.78206706652e-05, 8.88935246621e-05, 3.98909651267e-05, 4.60962837678e-05, 5.25129580637e-05, 4.82059840579e-05, 5.3252948419e-05, 3.28771566274e-05, 1.78120426426e-05, 1.22390574688e-05, 1.32243167172e-05, 8.8877577582e-06, 8.52483299241e-06, 8.87475925992e-06, 6.28268162473e-06, 6.03168746238e-06, 5.87100521443e-06, 6.47681736154e-06, 7.06298760633e-06, 5.52489564143e-06, 5.05585376231e-06, 4.26019869337e-06, 4.36971731688e-06, 3.69363306163e-06, 3.50953951056e-06, 3.01857971863e-06, 2.43229692387e-06, 6.03507533015e-06, 3.49703464053e-06, 2.60103274741e-06, 2.22108542403e-06, 1.54026929522e-06, 1.53458586283e-06, 1.75927357304e-06],
        "dvar": [0.000160451498232, 0.000155773872393, 4.98120971315e-05, 1.73487060238e-05, 8.00473856089e-07, 9.55814840609e-08, 1.93055704756e-08, 5.72500340468e-08, 8.6766789309e-09, 2.73013096574e-08, 3.40340555738e-08, 5.02174266614e-08, 6.80371670114e-08, 4.28140856101e-09, 9.87395609719e-10, 4.89610851861e-10, 6.23547935508e-10, 3.6448022378e-10, 2.26668420145e-10, 2.94438667892e-10, 1.34171021515e-10, 1.09933784298e-10, 1.06952842416e-10, 1.30974509016e-10, 1.73164968476e-10, 1.09655867719e-10, 8.77345210371e-11, 6.12473682882e-11, 5.85841097855e-11, 3.71679180489e-11, 3.49673554001e-11, 2.38938695218e-11, 1.4709296281e-11, 1.23129090257e-10, 3.82631981655e-11, 2.94967626713e-11, 1.71857840459e-11, 7.57782985666e-12, 7.85447661772e-12, 1.10194067413e-11],
        "dvar2": [0.000247171527008, 0.000390817149309, 0.00013286054309, 5.01115828229e-05, 2.08354708775e-06, 2.36368578044e-07, 3.73941375642e-08, 1.23328547375e-07, 2.01871372951e-08, 6.60303527411e-08, 7.97834189825e-08, 1.09126879977e-07, 1.47172016796e-07, 1.1212089035e-08, 2.61905253041e-09, 1.2730427823e-09, 1.6104018119e-09, 1.02159225523e-09, 6.20624218683e-10, 7.54190376817e-10, 3.78300779591e-10, 3.11606879189e-10, 3.0342250934e-10, 3.74769965061e-10, 5.01861108226e-10, 3.1767266595e-10, 2.53373877435e-10, 1.77189346529e-10, 1.67798497319e-10, 1.06217389051e-10, 9.88923942735e-11, 6.70305269623e-11, 4.13845173408e-11, 3.41247474722e-10, 1.04942950163e-10, 8.28139293252e-11, 4.6904397033e-11, 2.06359929145e-11, 2.13820697259e-11, 2.99487587507e-11],
        "max": [0.141294494271, 0.125020012259, 0.0747602209449, 0.0535795912147, 0.0161078628153, 0.0079935900867, 0.00555956596509, 0.0122149540111, 0.00241496250965, 0.00613871635869, 0.00623880652711, 0.00835595373064, 0.0143558010459, 0.00212253094651, 0.000765266770031, 0.000518761225976, 0.000677999982145, 0.000605701527093, 0.000383828795748, 0.000607174180914, 0.000274603749858, 0.000192954568774, 0.000236861029407, 0.000133008885314, 0.000173698121216, 0.000172368279891, 0.000112235502456, 9.42616388784e-05, 6.76204799674e-05, 4.88204859721e-05, 5.66565431654e-05, 5.46582814422e-05, 4.7323450417e-05, 0.000111754176032, 6.49068679195e-05, 6.79958466208e-05, 4.8367830459e-05, 2.74556423392e-05, 2.59327771346e-05, 3.5863075027e-05],
        "mean": [0.016889333725, 0.00744327064604, 0.00184565444943, 0.00104959181044, 0.000440650590463, 0.000113768219308, 5.05169446114e-05, 7.44807621231e-05, 2.8425731216e-05, 2.68808016699e-05, 3.26052722812e-05, 2.72216584563e-05, 3.09526221827e-05, 1.46509592014e-05, 8.6279333118e-06, 5.96618110649e-06, 6.34053958493e-06, 4.01157558372e-06, 3.69681970369e-06, 3.88557236874e-06, 2.65314292847e-06, 2.44900979851e-06, 2.29269062402e-06, 2.29476404456e-06, 2.47182765634e-06, 1.93233950085e-06, 1.81462110049e-06, 1.53935422986e-06, 1.56231226356e-06, 1.31775107093e-06, 1.28869976379e-06, 1.18285947792e-06, 9.34020022214e-07, 2.20929064199e-06, 1.31744025111e-06, 9.58549094321e-07, 8.40964958115e-07, 5.85634040817e-07, 5.72875649141e-07, 6.436882245e-07],
        "median": [0.00139611237682, 0.00121134729125, 0.000200262409635, 0.000157403410412, 6.73980684951e-05, 1.86694596778e-05, 9.07357025426e-06, 1.03528091131e-05, 5.75149897486e-06, 3.25988708028e-06, 3.48643197867e-06, 1.51118729264e-06, 1.94297376765e-06, 1.50586333802e-06, 1.17655690701e-06, 8.05438503448e-07, 7.62435661272e-07, 5.28352813944e-07, 4.01952490847e-07, 3.83688131933e-07, 2.32152075341e-07, 1.78760359404e-07, 1.38518174708e-07, 8.48642400797e-08, 6.59475887232e-08, 4.61990730116e-08, 3.11010310838e-08, 2.08832773296e-08, 1.59009871936e-08, 1.14316964783e-08, 7.89187737382e-09, 5.20368814705e-09, 3.95971122558e-09, 3.31358229744e-09, 2.048618164e-09, 1.44378609068e-09, 9.17407261269e-10, 5.9376270567e-10, 4.60258164914e-10, 3.62256502573e-10],
        "min": [1.16140243986e-24, 6.61621684121e-25, 1.16844095268e-24, 1.52343930548e-24, 1.66785311317e-24, 1.60128833973e-24, 1.6320844834e-24, 1.5587876696e-24, 2.14759492837e-24, 1.27759573475e-24, 2.83965333141e-24, 2.29183498945e-24, 2.91294718697e-24, 2.80449932289e-24, 2.62245645559e-24, 2.4800140113e-24, 3.99334643086e-24, 2.7054611889e-24, 3.40414345974e-24, 3.18761514354e-24, 3.23980046178e-24, 3.22612871344e-24, 4.10624820362e-24, 4.34743769222e-24, 3.91180700668e-24, 3.99801688185e-24, 4.75367778701e-24, 4.9521776733e-24, 4.54218496719e-24, 4.22466056422e-24, 5.15441636585e-24, 4.84018111844e-24, 6.15430347968e-24, 5.75491227526e-24, 5.56501018398e-24, 5.19070948952e-24, 5.71102242108e-24, 4.89333456623e-24, 6.68820256818e-24, 5.82196308563e-24],
        "var": [0.000879973289557, 0.00019341261941, 3.49351394107e-05, 1.02563426481e-05, 9.57060933615e-07, 1.01008872377e-07, 3.2203356426e-08, 8.44563530222e-08, 9.43111011509e-09, 2.47119178454e-08, 3.62222323247e-08, 6.06762071698e-08, 8.24581647407e-08, 3.44572104183e-09, 7.24748705494e-10, 3.74343472886e-10, 4.79464912218e-10, 2.27153462706e-10, 1.4985034047e-10, 2.2762557117e-10, 8.2450303529e-11, 6.77644537705e-11, 6.4374311437e-11, 7.55376594608e-11, 1.01807270947e-10, 6.43739367368e-11, 5.0355788983e-11, 3.53203542802e-11, 3.46308225152e-11, 2.18761710136e-11, 2.13761109508e-11, 1.54052309104e-11, 9.30523193221e-12, 7.75775207962e-11, 2.48225433264e-11, 1.80350734347e-11, 1.11907306338e-11, 4.97991101481e-12, 5.14810459887e-12, 7.21655721292e-12]
    },
    "mfcc": {
        "mean": [-820.94732666, 163.78314209, 45.5062866211, 37.986831665, 23.4156188965, 19.0825023651, 9.56155014038, 8.96357917786, 3.80142736435, 2.92660164833, 1.72357189655, 0.965460240841, 0.988527297974],
        "cov": [[18380.3203125, -1713.64819336, -3404.65209961, -660.610473633, -985.901855469, 101.590690613, -218.921264648, 81.5355300903, -190.180084229, -203.105499268, -257.962127686, -171.429595947, -56.8143043518], [-1713.64819336, 4036.9465332, -600.276489258, -394.467254639, 10.7380809784, -356.594390869, -10.0720825195, -169.854141235, -36.7772293091, -48.2271156311, -32.8545532227, -20.7696323395, -85.4650344849], [-3404.65209961, -600.276489258, 2755.70629883, 467.257904053, 410.144134521, 312.778015137, 102.973129272, 164.372756958, 122.18397522, 133.191055298, 150.2003479, 73.3830795288, 105.097465515], [-660.610473633, -394.467254639, 467.257904053, 783.152587891, 279.74307251, 219.797164917, 171.253036499, 98.8791351318, 108.041252136, 103.397102356, 76.3413848877, 79.1862640381, 64.4660415649], [-985.901855469, 10.7380809784, 410.144134521, 279.74307251, 389.827270508, 214.442932129, 141.188079834, 102.208786011, 93.4235153198, 92.5572128296, 78.141708374, 60.8805847168, 51.4123153687], [101.590690613, -356.594390869, 312.778015137, 219.797164917, 214.442932129, 300.610137939, 162.907409668, 141.310745239, 104.19039917, 90.0174026489, 70.1861114502, 58.4894371033, 60.5014305115], [-218.921264648, -10.0720825195, 102.973129272, 171.253036499, 141.188079834, 162.907409668, 193.968292236, 126.167053223, 102.352119446, 76.0555343628, 58.9826965332, 57.0463104248, 46.8268203735], [81.5355300903, -169.854141235, 164.372756958, 98.8791351318, 102.208786011, 141.310745239, 126.167053223, 170.286743164, 112.803260803, 84.5922470093, 64.7634353638, 52.9734840393, 51.9056549072], [-190.180084229, -36.7772293091, 122.18397522, 108.041252136, 93.4235153198, 104.19039917, 102.352119446, 112.803260803, 136.262237549, 106.241386414, 73.1588287354, 61.9587211609, 50.1540756226], [-203.105499268, -48.2271156311, 133.191055298, 103.397102356, 92.5572128296, 90.0174026489, 76.0555343628, 84.5922470093, 106.241386414, 131.701278687, 96.566734314, 70.0855636597, 55.7308235168], [-257.962127686, -32.8545532227, 150.2003479, 76.3413848877, 78.141708374, 70.1861114502, 58.9826965332, 64.7634353638, 73.1588287354, 96.566734314, 115.200912476, 82.4958496094, 58.691078186], [-171.429595947, -20.7696323395, 73.3830795288, 79.1862640381, 60.8805847168, 58.4894371033, 57.0463104248, 52.9734840393, 61.9587211609, 70.0855636597, 82.4958496094, 101.720085144, 73.2081451416], [-56.8143043518, -85.4650344849, 105.097465515, 64.4660415649, 51.4123153687, 60.5014305115, 46.8268203735, 51.9056549072, 50.1540756226, 55.7308235168, 58.691078186, 73.2081451416, 90.2669754028]],
