{
"lowlevel": {
    "average_loudness": 0.690850138664,
    "barkbands_crest": {
        "dmean": 3.49620199203,
        "dmean2": 5.50384426117,
        "dvar": 11.1305179596,
        "dvar2": 25.9538955688,
        "max": 26.8600025177,
        "mean": 14.8436508179,
        "median": 14.1904563904,
        "min": 2.34150218964,
        "var": 31.1757087708
    },
    "barkbands_flatness_db": {
        "dmean": 0.0473283044994,
        "dmean2": 0.067881770432,
        "dvar": 0.00254827574827,
        "dvar2": 0.0052262772806,
        "max": 0.794322371483,
        "mean": 0.257935762405,
        "median": 0.23883895576,
        "min": 0.0176360290498,
        "var": 0.0170688759536
    },
    "barkbands_kurtosis": {
        "dmean": 18.5645275116,
        "dmean2": 28.6448745728,
        "dvar": 3086.76660156,
        "dvar2": 6702.6796875,
        "max": 2422.62548828,
        "mean": 26.2973442078,
        "median": 9.82353782654,
        "min": -1.94049167633,
        "var": 5047.12841797
    },
    "barkbands_skewness": {
        "dmean": 1.23007404804,
        "dmean2": 1.86364352703,
        "dvar": 2.28596425056,
        "dvar2": 5.04237365723,
        "max": 34.3994865417,
        "mean": 3.1335299015,
        "median": 2.57385969162,
        "min": -3.69881868362,
        "var": 6.1695356369
    },
    "barkbands_spread": {
        "dmean": 6.74124097824,
        "dmean2": 10.5912466049,
        "dvar": 166.089691162,
        "dvar2": 330.798126221,
        "max": 114.555419922,
        "mean": 11.8264350891,
        "median": 5.1163187027,
        "min": 0.0111300572753,
        "var": 304.770782471
    },
    "dissonance": {
        "dmean": 0.0324885994196,
        "dmean2": 0.0541738830507,
        "dvar": 0.00133008614648,
        "dvar2": 0.00365037983283,
        "max": 0.500000178814,
        "mean": 0.439667314291,
        "median": 0.456019043922,
        "min": 0.133244842291,
        "var": 0.00275339069776
    },
    "dynamic_complexity": 5.9690747261,
    "erbbands_crest": {
        "dmean": 2.92619132996,
        "dmean2": 4.51464319229,
        "dvar": 8.16192531586,
        "dvar2": 18.8305664062,
        "max": 30.2542858124,
        "mean": 9.7897605896,
        "median": 8.69681549072,
        "min": 2.06376171112,
        "var": 24.4883537292
    },
    "erbbands_flatness_db": {
        "dmean": 0.0271572936326,
        "dmean2": 0.0382742546499,
        "dvar": 0.00109337794129,
        "dvar2": 0.00214052340016,
        "max": 0.550218343735,
        "mean": 0.190064042807,
        "median": 0.168196290731,
        "min": 0.0417528003454,
        "var": 0.00944450125098
    },
    "erbbands_kurtosis": {
        "dmean": 2.46207284927,
        "dmean2": 3.73688030243,
        "dvar": 55.2793159485,
        "dvar2": 140.373535156,
        "max": 309.089538574,
        "mean": 2.72277855873,
        "median": 0.499864578247,
        "min": -1.9061640501,
        "var": 92.4853591919
    },
    "erbbands_skewness": {
        "dmean": 0.531445741653,
        "dmean2": 0.79684728384,
        "dvar": 0.376015633345,
        "dvar2": 0.849444806576,
        "max": 13.3128509521,
        "mean": 1.00988912582,
        "median": 0.888309121132,
        "min": -2.81417679787,
        "var": 1.18963527679
    },
    "erbbands_spread": {
        "dmean": 11.3376483917,
        "dmean2": 17.5428276062,
        "dvar": 265.909118652,
        "dvar2": 582.428222656,
        "max": 175.161178589,
        "mean": 40.0411376953,
        "median": 28.8182258606,
        "min": 0.55393666029,
        "var": 1073.13977051
    },
    "hfc": {
        "dmean": 11.5658378601,
        "dmean2": 18.50639534,
        "dvar": 567.075195312,
        "dvar2": 1427.01416016,
        "max": 241.135238647,
        "mean": 17.0279426575,
        "median": 6.14608573914,
        "min": 1.14544887497e-16,
        "var": 770.496582031
    },
    "melbands_crest": {
        "dmean": 3.93812513351,
        "dmean2": 6.158452034,
        "dvar": 13.5017080307,
        "dvar2": 32.2114295959,
        "max": 36.6891670227,
        "mean": 19.6731071472,
        "median": 19.5918273926,
        "min": 1.70684635639,
        "var": 37.3370666504
    },
    "melbands_flatness_db": {
        "dmean": 0.0535491034389,
        "dmean2": 0.0761863291264,
        "dvar": 0.00334054999985,
        "dvar2": 0.00689763808623,
        "max": 0.961071968079,
        "mean": 0.362700968981,
        "median": 0.341590434313,
        "min": 0.0036856806837,
        "var": 0.0230666659772
    },
    "melbands_kurtosis": {
        "dmean": 23.3905086517,
        "dmean2": 38.135799408,
        "dvar": 1420.87744141,
        "dvar2": 3768.17431641,
        "max": 626.180053711,
        "mean": 40.841468811,
        "median": 21.8770675659,
        "min": -1.72587716579,
        "var": 2716.1574707
    },
    "melbands_skewness": {
        "dmean": 1.28729391098,
        "dmean2": 2.02521753311,
        "dvar": 2.09503769875,
        "dvar2": 5.50691509247,
        "max": 20.3239192963,
        "mean": 4.20706701279,
        "median": 3.55650997162,
        "min": -2.167065382,
        "var": 7.2179889679
    },
    "melbands_spread": {
        "dmean": 4.92780208588,
        "dmean2": 7.93291854858,
        "dvar": 113.945709229,
        "dvar2": 262.211212158,
        "max": 155.592514038,
        "mean": 8.11583423615,
        "median": 4.29618835449,
        "min": 0.114393465221,
        "var": 154.740875244
    },
    "pitch_salience": {
        "dmean": 0.108380734921,
        "dmean2": 0.170787841082,
        "dvar": 0.0116200838238,
        "dvar2": 0.0280326921493,
        "max": 0.970874190331,
        "mean": 0.457035958767,
        "median": 0.48036634922,
        "min": 0.0148116005585,
        "var": 0.0290852412581
    },
    "silence_rate_20dB": {
        "dmean": 0.000714349502232,
        "dmean2": 0.00142882659566,
        "dvar": 0.000713823887054,
        "dvar2": 0.00214113714173,
        "max": 1,
        "mean": 0.999642848969,
        "median": 1,
        "min": 0,
        "var": 0.000357064884156
    },
    "silence_rate_30dB": {
        "dmean": 0.0885793343186,
        "dmean2": 0.17717449367,
        "dvar": 0.0807393416762,
        "dvar2": 0.180781930685,
        "max": 1,
        "mean": 0.838928580284,
        "median": 1,
        "min": 0,
        "var": 0.135142803192
    },
    "silence_rate_60dB": {
        "dmean": 0.085186176002,
        "dmean2": 0.17038756609,
        "dvar": 0.0779359862208,
        "dvar2": 0.160120278597,
        "max": 1,
        "mean": 0.217232137918,
        "median": 0,
        "min": 0,
        "var": 0.170063972473
    },
    "spectral_centroid": {
        "dmean": 226.8724823,
        "dmean2": 365.858062744,
        "dvar": 133795.640625,
        "dvar2": 324922.375,
        "max": 11514.1259766,
        "mean": 630.262878418,
        "median": 431.010070801,
        "min": 57.3091506958,
        "var": 317648.6875
    },
    "spectral_complexity": {
        "dmean": 3.39441013336,
        "dmean2": 5.43043422699,
        "dvar": 20.6457386017,
        "dvar2": 53.4270858765,
        "max": 51,
        "mean": 10.3408927917,
        "median": 8,
        "min": 0,
        "var": 77.7810516357
    },
    "spectral_decrease": {
        "dmean": 6.24462703769e-09,
        "dmean2": 9.77566561033e-09,
        "dvar": 9.38305578056e-17,
        "dvar2": 2.57868434061e-16,
        "max": 1.3797180061e-29,
        "mean": -1.23882220038e-08,
        "median": -5.43105693751e-09,
        "min": -9.31737460519e-08,
        "var": 2.38931821385e-16
    },
    "spectral_energy": {
        "dmean": 0.0241940822452,
        "dmean2": 0.0380175970495,
        "dvar": 0.00136591144837,
        "dvar2": 0.00376015063375,
        "max": 0.353946655989,
        "mean": 0.0483004637063,
        "median": 0.0223596412688,
        "min": 1.03374772557e-20,
        "var": 0.00349725480191
    },
    "spectral_energyband_high": {
        "dmean": 0.000900117913261,
        "dmean2": 0.00143935310189,
        "dvar": 5.54462667424e-06,
        "dvar2": 1.36224734888e-05,
        "max": 0.0239275600761,
        "mean": 0.00103903387208,
        "median": 1.77412148332e-05,
        "min": 7.71797962486e-21,
        "var": 6.5937765612e-06
    },
    "spectral_energyband_low": {
        "dmean": 0.0197315830737,
        "dmean2": 0.0309750884771,
        "dvar": 0.00121363275684,
        "dvar2": 0.00331940758042,
        "max": 0.353779435158,
        "mean": 0.035745382309,
        "median": 0.00833919271827,
        "min": 5.41593779766e-23,
        "var": 0.00300562102348
    },
    "spectral_energyband_middle_high": {
        "dmean": 0.000903619395103,
        "dmean2": 0.0015779013047,
        "dvar": 4.02576461056e-06,
        "dvar2": 1.15156071843e-05,
        "max": 0.0245690308511,
        "mean": 0.00133778562304,
        "median": 0.000372919254005,
        "min": 1.60274584151e-21,
        "var": 5.06186552229e-06
    },
    "spectral_energyband_middle_low": {
        "dmean": 0.0085635650903,
        "dmean2": 0.013811760582,
        "dvar": 0.000274282589089,
        "dvar2": 0.00072475388879,
        "max": 0.187484353781,
        "mean": 0.0121827656403,
        "median": 0.00517876632512,
        "min": 2.16621103599e-22,
        "var": 0.000328659778461
    },
    "spectral_entropy": {
        "dmean": 0.372621625662,
        "dmean2": 0.527356743813,
        "dvar": 0.194998636842,
        "dvar2": 0.39814516902,
        "max": 9.80184364319,
        "mean": 6.84021282196,
        "median": 6.99784755707,
        "min": 3.17126822472,
        "var": 1.15566802025
    },
    "spectral_flux": {
        "dmean": 0.0462940298021,
        "dmean2": 0.0727091506124,
        "dvar": 0.00314073474146,
        "dvar2": 0.00709523726255,
        "max": 0.522546470165,
        "mean": 0.096719764173,
        "median": 0.0682012587786,
        "min": 6.7351277333e-11,
        "var": 0.00772349303588
    },
    "spectral_kurtosis": {
        "dmean": 13.2673044205,
        "dmean2": 19.7970066071,
        "dvar": 578.280944824,
        "dvar2": 1207.32104492,
        "max": 386.128631592,
        "mean": 26.1412162781,
        "median": 7.60955095291,
        "min": -1.30969154835,
        "var": 1805.64941406
    },
    "spectral_rms": {
        "dmean": 0.00159536721185,
        "dmean2": 0.00237660319544,
        "dvar": 3.74698629457e-06,
        "dvar2": 9.52689788392e-06,
        "max": 0.0185826215893,
        "mean": 0.00549619691446,
        "median": 0.00467057619244,
        "min": 3.17574308864e-12,
        "var": 1.69142149389e-05
    },
    "spectral_rolloff": {
        "dmean": 534.290710449,
        "dmean2": 942.955993652,
        "dvar": 2551202.5,
        "dvar2": 5363944,
        "max": 18604.6875,
        "mean": 722.934265137,
        "median": 236.865234375,
        "min": 43.06640625,
        "var": 3031775.75
    },
    "spectral_skewness": {
        "dmean": 0.861477315426,
        "dmean2": 1.29779517651,
        "dvar": 1.42040431499,
        "dvar2": 3.01695013046,
        "max": 15.6996431351,
        "mean": 3.13665342331,
        "median": 2.20385456085,
        "min": -0.138446182013,
        "var": 6.08024644852
    },
    "spectral_spread": {
        "dmean": 1002791.1875,
        "dmean2": 1470514.125,
        "dvar": 2.74106731725e+12,
        "dvar2": 4.3516208087e+12,
        "max": 40965732,
        "mean": 4283338,
        "median": 3632026.5,
        "min": 215930.171875,
        "var": 1.02777822904e+13
    },
    "spectral_strongpeak": {
        "dmean": 0.259393453598,
        "dmean2": 0.402606070042,
        "dvar": 0.104296430945,
        "dvar2": 0.25749450922,
        "max": 3.85227227211,
        "mean": 0.536981344223,
        "median": 0.425629854202,
        "min": 0,
        "var": 0.223405852914
    },
    "zerocrossingrate": {
        "dmean": 0.011967360042,
        "dmean2": 0.0144515205175,
        "dvar": 0.000498066830914,
        "dvar2": 0.000656637130305,
        "max": 0.60107421875,
        "mean": 0.0306260026991,
        "median": 0.01513671875,
        "min": 0.001953125,
        "var": 0.00170834013261
    },
    "barkbands": {
        "dmean": [0.000524972740095, 0.0142818596214, 0.00732844788581, 0.00382627360523, 0.00386048690416, 0.00101039663423, 0.000637912424281, 0.000418442650698, 0.000275099824648, 0.000205695410841, 0.000146655147546, 0.000170276398421, 0.00011973916844, 0.000103437771031, 7.67157471273e-05, 9.64660357567e-05, 7.34536151867e-05, 7.88600664237e-05, 7.9343051766e-05, 4.65851044282e-05, 6.79470686009e-05, 0.000104825565359, 0.000117958064948, 0.000281124375761, 0.000193762214622, 0.000147935425048, 8.01533769845e-06],
        "dmean2": [0.000850335403811, 0.0202087629586, 0.0121664768085, 0.00667470321059, 0.00591061357409, 0.00170285603963, 0.00108794146217, 0.000703005061951, 0.000443985889433, 0.000347970111761, 0.000241024768911, 0.000295613019262, 0.000209395890124, 0.000187419704162, 0.000136138158268, 0.000176332905539, 0.000132477158331, 0.000142851335113, 0.000144030811498, 8.19108681753e-05, 0.000113213143777, 0.000172954212758, 0.000190361635759, 0.000464451353764, 0.000308959017275, 0.000222668750212, 1.36803628266e-05],
        "dvar": [1.60645970482e-06, 0.000828033545986, 0.000382492900826, 0.000126728220494, 7.12286127964e-05, 8.99352653505e-06, 2.66252982328e-06, 9.73661258286e-07, 3.85172000961e-07, 2.72325223705e-07, 1.03765387394e-07, 1.82236973956e-07, 9.71939471128e-08, 6.24706473218e-08, 3.20648005925e-08, 6.51246452321e-08, 4.58832154493e-08, 4.78968757989e-08, 4.20293169157e-08, 1.65108318129e-08, 3.26886109292e-08, 9.81879892947e-08, 9.28506835862e-08, 6.76785305131e-07, 2.80569253164e-07, 1.62314279351e-07, 7.07581826465e-10],
        "dvar2": [4.01337501899e-06, 0.00160632631741, 0.00103480101097, 0.000358871009666, 0.000158549009939, 2.52811205428e-05, 7.07134677214e-06, 2.41718908001e-06, 9.46106069932e-07, 7.319193287e-07, 2.7102746003e-07, 5.16145007623e-07, 2.83386754063e-07, 1.85222560845e-07, 9.41884792383e-08, 1.90842797565e-07, 1.33491909082e-07, 1.38245610515e-07, 1.25616338664e-07, 4.79276813792e-08, 9.006374313e-08, 2.62678980789e-07, 2.29119848427e-07, 1.71164595031e-06, 6.67684730615e-07, 3.59454219279e-07, 1.8525948553e-09],
        "max": [0.0431676618755, 0.345555067062, 0.232212543488, 0.144998952746, 0.174869343638, 0.0513828657568, 0.0240262635052, 0.0181750003248, 0.0117476209998, 0.0136475022882, 0.00551389995962, 0.00722316233441, 0.00570471957326, 0.00463763112202, 0.00288046733476, 0.00329438387416, 0.00280719646253, 0.00302925892174, 0.00296486751176, 0.00205880077556, 0.00323375919834, 0.00459440378472, 0.00362833426334, 0.00699519179761, 0.00533245690167, 0.00527937710285, 0.000301769701764],
        "mean": [0.000608198111877, 0.0253728274256, 0.00779489520937, 0.00369004253298, 0.00579740200192, 0.00109705200884, 0.000692184083164, 0.000482071860461, 0.000362033490092, 0.000237322601606, 0.000177236608579, 0.00019592238823, 0.000134842266561, 0.000114129070425, 9.34724812396e-05, 0.000102718535345, 8.43359885039e-05, 9.32303373702e-05, 0.00010251403728, 6.76907802699e-05, 9.72012785496e-05, 0.000130993823404, 0.000152618464199, 0.000253456586506, 0.000206380747841, 0.00015346427972, 6.21406843493e-06],
        "median": [7.16147333151e-05, 0.00280129862949, 0.00129168131389, 0.000457720190752, 0.0011284268694, 0.000346827961039, 0.000170474435436, 0.000122022422147, 0.000102512567537, 6.09068592894e-05, 5.27488700754e-05, 4.95566673635e-05, 2.83338704321e-05, 1.80123533937e-05, 1.41428517964e-05, 1.37125116453e-05, 1.16311521197e-05, 1.01762652776e-05, 7.31288855604e-06, 5.06245123688e-06, 3.71092710338e-06, 2.99328462461e-06, 1.86399688573e-06, 1.41676594012e-06, 1.07449329789e-06, 7.87541921454e-07, 3.42448132074e-08],
        "min": [2.11934108619e-24, 1.13989753938e-23, 1.41368481163e-23, 1.76177599695e-23, 3.42336665893e-23, 4.10193029457e-23, 1.21108411081e-23, 1.82621299559e-23, 6.16427712699e-23, 8.28424803973e-23, 4.81592798434e-23, 2.43018509946e-23, 1.16858787408e-22, 9.08200098507e-23, 1.45372044921e-22, 1.23684466344e-22, 1.17468356007e-22, 2.27461264128e-22, 2.80626601633e-22, 2.72071234722e-22, 4.69513551994e-22, 5.31130429693e-22, 4.21344341969e-22, 8.43320933866e-22, 1.00214092414e-21, 1.68467529429e-21, 2.30117021794e-21],
        "var": [2.29269699048e-06, 0.00234826025553, 0.000338447920512, 9.36107317102e-05, 0.000132532775751, 6.58312364976e-06, 2.68618509836e-06, 1.26225370423e-06, 6.01660474331e-07, 3.27845270931e-07, 1.21700779232e-07, 1.87410165609e-07, 1.05390093097e-07, 6.06491994404e-08, 3.98021775538e-08, 5.40081046552e-08, 3.88152407993e-08, 4.44513972298e-08, 4.96935967931e-08, 2.23854783599e-08, 4.88559912526e-08, 1.15435362602e-07, 1.22666932612e-07, 5.88049601902e-07, 3.29170319446e-07, 2.10681278645e-07, 5.31542254656e-10]
    },
    "erbbands": {
        "dmean": [0.379848748446, 3.43271017075, 7.38401937485, 11.6239805222, 11.5966186523, 15.2263011932, 10.6529102325, 8.15431594849, 8.14045333862, 9.29608726501, 8.00189685822, 6.84735107422, 6.10458803177, 6.16777086258, 5.92934799194, 6.68070268631, 5.64702320099, 4.3368139267, 4.50550127029, 4.6357421875, 4.67523241043, 4.4198551178, 4.41004276276, 3.72507476807, 3.61258792877, 2.2177696228, 2.68909811974, 3.01237511635, 3.52243852615, 3.29806518555, 3.90035700798, 5.4841799736, 4.46259689331, 2.29843378067, 1.37182378769, 0.696745634079, 0.270636707544, 0.0435227863491, 0.00100970407948, 5.40960281796e-05],
        "dmean2": [0.500822842121, 4.95020961761, 12.2242841721, 19.7505722046, 18.8412799835, 23.0097293854, 17.4438514709, 13.2672328949, 14.0625181198, 15.6914196014, 13.4889602661, 10.9823284149, 10.2213859558, 10.2934293747, 9.9869852066, 11.5859575272, 9.88651752472, 7.76927852631, 8.09888458252, 8.34255313873, 8.50647163391, 7.98574638367, 8.03590011597, 6.64044904709, 6.4630613327, 3.89556241035, 4.52584648132, 5.06877326965, 5.71896982193, 5.39033412933, 6.36168241501, 9.13132190704, 7.28293371201, 3.72563505173, 2.13107156754, 1.05070281029, 0.40701186657, 0.0701789855957, 0.00162264727987, 8.54378740769e-05],
        "dvar": [0.59771335125, 49.8345603943, 276.420684814, 1194.67663574, 689.539306641, 1480.34436035, 1004.47912598, 421.584442139, 456.950714111, 403.128326416, 306.336608887, 267.701660156, 203.761184692, 183.93157959, 201.742675781, 308.787963867, 219.958297729, 88.1600723267, 102.04335022, 136.987930298, 147.729690552, 152.874084473, 168.945861816, 106.804359436, 81.5231323242, 34.6319770813, 49.7533416748, 73.7769088745, 115.421211243, 80.1087036133, 107.753425598, 257.299835205, 169.593154907, 43.6336402893, 12.9774532318, 3.54606461525, 0.568109512329, 0.0159979891032, 8.73507815413e-06, 9.61692236956e-09],
        "dvar2": [0.999534726143, 101.846336365, 783.098754883, 3287.82568359, 1790.12329102, 3272.66894531, 2710.60644531, 1097.81652832, 1235.43273926, 1070.01989746, 768.019897461, 654.643981934, 555.74822998, 482.272277832, 549.174560547, 881.224121094, 641.15234375, 261.612976074, 299.214447021, 404.569488525, 428.455352783, 441.379455566, 492.982849121, 310.975585938, 242.360824585, 101.092941284, 136.111129761, 201.699707031, 302.465270996, 209.972671509, 271.514831543, 657.563720703, 419.787994385, 109.329063416, 29.1363525391, 7.63957452774, 1.26823699474, 0.0401027686894, 2.16708758671e-05, 2.41936159995e-08],
        "max": [10.8112230301, 86.3195648193, 193.40953064, 444.736633301, 386.390777588, 892.881835938, 622.898254395, 396.398498535, 330.259338379, 320.841674805, 254.184753418, 352.889801025, 292.515167236, 308.901824951, 272.716766357, 346.358154297, 287.409790039, 117.643539429, 135.374862671, 181.404510498, 156.771255493, 146.29473877, 192.138442993, 136.631668091, 114.240997314, 95.5244140625, 113.35723877, 137.383666992, 162.725601196, 117.723655701, 113.66015625, 144.480789185, 131.229263306, 58.9799766541, 42.4176826477, 23.0502662659, 10.9745788574, 1.44728446007, 0.0296310540289, 0.00108782062307],
        "mean": [0.714720964432, 5.70605373383, 9.51849079132, 11.5584259033, 14.3560810089, 22.3358459473, 13.6024398804, 9.34476470947, 8.6030330658, 10.9197473526, 9.4875087738, 9.06286525726, 7.74241018295, 7.42423915863, 7.23678970337, 7.92680120468, 6.52861261368, 5.26155519485, 5.27421092987, 5.56509160995, 5.27492046356, 5.09497880936, 5.09690237045, 4.64409923553, 5.00326299667, 3.39303541183, 3.92010426521, 3.94993472099, 4.52753591537, 4.28503608704, 4.80554771423, 5.09797239304, 4.07920360565, 2.30993413925, 1.47657036781, 0.747637927532, 0.276950567961, 0.0402188748121, 0.000936718832236, 8.47491901368e-05],
        "median": [0.0398928001523, 0.843060016632, 2.20721650124, 2.27506494522, 3.11763763428, 3.52151346207, 3.16506814957, 2.85705900192, 2.38114023209, 3.4447414875, 2.87061595917, 2.78828573227, 2.38977193832, 2.51297903061, 2.25141859055, 2.0711312294, 1.54189956188, 0.95404946804, 0.842834472656, 0.848010420799, 0.791114926338, 0.649258852005, 0.579973340034, 0.448924422264, 0.347784817219, 0.234225183725, 0.16020552814, 0.138828247786, 0.110011875629, 0.0746728479862, 0.0490398928523, 0.0322059094906, 0.0216732062399, 0.0125276306644, 0.00669412175193, 0.00342924054712, 0.00126833096147, 0.000257268402493, 3.7871679524e-05, 3.20550461765e-05],
        "min": [3.29087021238e-22, 2.95687523938e-21, 1.22294364182e-20, 6.80879439433e-20, 7.51198192553e-20, 1.06953987914e-19, 3.28004564934e-19, 2.67234190269e-19, 1.94342698649e-19, 2.12261511593e-19, 4.12166056358e-19, 1.63047803928e-18, 2.01179527357e-18, 2.35635632376e-18, 1.66711469579e-18, 1.03116304142e-18, 3.91365824374e-18, 5.67320665067e-18, 8.53791591885e-18, 6.14273835459e-18, 7.61431086229e-18, 5.69101998516e-18, 8.91895749521e-18, 1.48920601313e-17, 1.54664609661e-17, 1.63404467665e-17, 1.36492063717e-17, 2.04736151701e-17, 1.70358723967e-17, 1.88871224599e-17, 1.14366802129e-17, 1.17102611015e-17, 1.6068529338e-17, 7.95778272241e-18, 1.06164437815e-17, 6.35700294866e-18, 3.11085257588e-18, 1.20898309167e-18, 3.17245917845e-19, 3.46594815891e-20],
        "var": [2.12193417549, 121.516235352, 309.581298828, 878.25769043, 835.076049805, 2481.9543457, 1070.90820312, 402.409423828, 415.487762451, 435.281707764, 412.592712402, 406.311248779, 258.813934326, 200.230239868, 215.016601562, 311.111480713, 233.40473938, 99.1799850464, 102.496498108, 142.962371826, 128.594924927, 134.527526855, 140.263442993, 110.132591248, 115.843605042, 52.2191085815, 78.6088485718, 91.2653579712, 140.199783325, 106.296966553, 128.04019165, 220.781677246, 155.467788696, 43.8495483398, 17.0514125824, 4.84726190567, 0.720788836479, 0.0152454441413, 8.2023698269e-06, 1.40375400193e-08]
    },
    "gfcc": {
        "mean": [-116.386459351, 141.703292847, -73.8370666504, 26.1101226807, -40.4711952209, 8.88830947876, -26.0758399963, 2.48807740211, -17.9546985626, -3.3822119236, -12.5244264603, -2.32642579079, -9.15671348572],
        "cov": [[30071.515625, -9811.56933594, -599.135131836, 2025.64660645, -1819.03759766, 2325.77441406, -1602.55078125, 1528.54394531, -1288.36865234, 1058.98156738, -1042.31237793, 937.446716309, -828.152709961], [-9811.56933594, 5473.84960938, -4.20338392258, -863.139770508, 1050.79174805, -1203.30908203, 886.366577148, -805.90045166, 660.847412109, -560.18560791, 563.710449219, -502.720916748, 494.804748535], [-599.135131836, -4.20338392258, 1061.75048828, 34.885559082, 220.313217163, 139.548553467, 62.4493331909, 44.4766845703, 53.4967956543, 20.6682758331, -2.73116731644, -5.71729660034, -13.2345256805], [2025.64660645, -863.139770508, 34.885559082, 552.484069824, -14.5669412613, 280.465576172, -49.4500389099, 144.012237549, -82.0682449341, 79.9810333252, -67.5051803589, 65.1362838745, -23.4051914215], [-1819.03759766, 1050.79174805, 220.313217163, -14.5669412613, 474.109558105, -125.108566284, 279.99105835, -108.550674438, 161.958084106, -93.6710891724, 121.497436523, -92.9565582275, 124.917427063], [2325.77441406, -1203.30908203, 139.548553467, 280.465576172, -125.108566284, 442.101623535, -102.20816803, 228.246917725, -98.5913009644, 140.745727539, -93.0197982788, 115.514823914, -77.1940460205], [-1602.55078125, 886.366577148, 62.4493331909, -49.4500389099, 279.99105835, -102.20816803, 308.154022217, -65.001335144, 167.725143433, -59.3862915039, 136.734405518, -70.8338699341, 116.54460144], [1528.54394531, -805.90045166, 44.4766845703, 144.012237549, -108.550674438, 228.246917725, -65.001335144, 212.405883789, -48.9243469238, 124.790962219, -56.9201774597, 93.3653411865, -67.0386886597], [-1288.36865234, 660.847412109, 53.4967956543, -82.0682449341, 161.958084106, -98.5913009644, 167.725143433, -48.9243469238, 182.953262329, -28.2773990631, 121.208068848, -48.7328987122, 79.0757675171], [1058.98156738, -560.18560791, 20.6682758331, 79.9810333252, -93.6710891724, 140.745727539, -59.3862915039, 124.790962219, -28.2773990631, 131.705032349, -24.8433170319, 81.5210266113, -43.3129615784], [-1042.31237793, 563.710449219, -2.73116731644, -67.5051803589, 121.497436523, -93.0197982788, 136.734405518, -56.9201774597, 121.208068848, -24.8433170319, 133.708053589, -24.0213356018, 84.6792602539], [937.446716309, -502.720916748, -5.71729660034, 65.1362838745, -92.9565582275, 115.514823914, -70.8338699341, 93.3653411865, -48.7328987122, 81.5210266113, -24.0213356018, 102.144454956, -19.0985832214], [-828.152709961, 494.804748535, -13.2345256805, -23.4051914215, 124.917427063, -77.1940460205, 116.54460144, -67.0386886597, 79.0757675171, -43.3129615784, 84.6792602539, -19.0985832214, 114.653831482]],
        "icov": [[9.35074058361e-05, 2.93586563203e-05, 6.90586093697e-05, -0.000118493459013, -2.2393803647e-06, -0.000151544300024, 0.000144958059536, -0.000140805554111, 0.000161621792358, -0.000148361374158, 6.84285478201e-05, -2.77161780105e-05, -1.9450137188e-05], [2.93586563203e-05, 0.00294805155136, 3.76357093046e-05, 0.00122537463903, -0.00171957782004, 0.00278882938437, -0.00191838014871, 0.00220381445251, -0.00156944827177, 0.00140587741043, -0.0018348126905, 0.00275082094595, -0.00183952751104], [6.90586093697e-05, 3.76357093046e-05, 0.00132211740129, 0.000199437490664, -0.00111561827362, -0.000896318349987, 0.000560427317396, 0.000169936247403, -0.000520704954397, -0.000212603743421, 0.000408511230489, -0.000135707276058, 0.00062591774622], [-0.000118493459013, 0.00122537463903, 0.000199437490664, 0.00372779648751, -0.00167104729917, -0.000407854939112, -0.000543590111192, 0.000322756182868, 0.000213856095797, 0.000314720149618, -0.000517330074217, 0.00231369375251, -0.00233396445401], [-2.2393803647e-06, -0.00171957782004, -0.00111561827362, -0.00167104729917, 0.0072247623466, -0.00112126942258, -0.00319274887443, -0.000300959916785, 8.89911389095e-05, 2.79375690297e-05, 0.00218103104271, -0.00108940724749, -0.000465128221549], [-0.000151544300024, 0.00278882938437, -0.000896318349987, -0.000407854939112, -0.00112126942258, 0.0100436322391, -0.00264948932454, -0.00246200873516, -0.000710525666364, 0.00106853118632, -0.000981344026513, 0.0015255776234, -0.00220686127432], [0.000144958059536, -0.00191838014871, 0.000560427317396, -0.000543590111192, -0.00319274887443, -0.00264948932454, 0.0140188429505, -0.00574043905362, -0.00113321526442, -0.000731168605853, -0.00328271929175, 0.00334838754497, -0.00314436247572], [-0.000140805554111, 0.00220381445251, 0.000169936247403, 0.000322756182868, -0.000300959916785, -0.00246200873516, -0.00574043905362, 0.0216072443873, -0.00550989387557, -0.00585166970268, 0.00310810701922, -0.0055587887764, 0.00506487069651], [0.000161621792358, -0.00156944827177, -0.000520704954397, 0.000213856095797, 8.89911389095e-05, -0.000710525666364, -0.00113321526442, -0.00550989387557, 0.0208248794079, -0.00452314410359, -0.0116483736783, 0.00635654851794, -0.00113049987704], [-0.000148361374158, 0.00140587741043, -0.000212603743421, 0.000314720149618, 2.79375690297e-05, 0.00106853118632, -0.000731168605853, -0.00585166970268, -0.00452314410359, 0.0249887090176, -0.00410421704873, -0.0104492204264, 0.00476176291704], [6.84285478201e-05, -0.0018348126905, 0.000408511230489, -0.000517330074217, 0.00218103104271, -0.000981344026513, -0.00328271929175, 0.00310810701922, -0.0116483736783, -0.00410421704873, 0.0300494451076, -0.00776485679671, -0.00653217360377], [-2.77161780105e-05, 0.00275082094595, -0.000135707276058, 0.00231369375251, -0.00108940724749, 0.0015255776234, 0.00334838754497, -0.0055587887764, 0.00635654851794, -0.0104492204264, -0.00776485679671, 0.0339009612799, -0.0130044324324], [-1.9450137188e-05, -0.00183952751104, 0.00062591774622, -0.00233396445401, -0.000465128221549, -0.00220686127432, -0.00314436247572, 0.00506487069651, -0.00113049987704, 0.00476176291704, -0.00653217360377, -0.0130044324324, 0.0265313200653]]
    },
    "melbands": {
        "dmean": [0.00377437681891, 0.00389114930294, 0.00196420657448, 0.000978657160886, 0.000412969558965, 0.000179560171091, 0.000128116909764, 0.000102984340629, 5.95730343775e-05, 4.30423242506e-05, 3.07568589051e-05, 2.58704330918e-05, 1.87514942809e-05, 2.01121911232e-05, 1.53148030222e-05, 1.09184074972e-05, 8.46105103847e-06, 8.26607265481e-06, 5.97474036113e-06, 7.32706666895e-06, 5.10886411575e-06, 4.18765421273e-06, 5.78458366363e-06, 2.79561209027e-06, 3.18064257954e-06, 2.82710584543e-06, 1.97248209588e-06, 1.49996321852e-06, 1.86946522263e-06, 1.53910900735e-06, 1.91635808733e-06, 2.0694833438e-06, 2.08772144106e-06, 1.73670366621e-06, 2.1191281121e-06, 3.07650043396e-06, 3.26414374285e-06, 3.3491164686e-06, 2.36931373365e-06, 1.82022108675e-06],
        "dmean2": [0.00520723406225, 0.006314703729, 0.00329257338308, 0.00151792401448, 0.000642116763629, 0.000295589183224, 0.0002197552094, 0.000172506697709, 0.000100767509139, 6.85573249939e-05, 5.16865911777e-05, 4.3202755478e-05, 3.13452474074e-05, 3.44447180396e-05, 2.73440509773e-05, 1.87411915249e-05, 1.52792854351e-05, 1.49450197569e-05, 1.05591789179e-05, 1.33974917844e-05, 9.25037966226e-06, 7.4756462709e-06, 1.07322648546e-05, 4.94510823046e-06, 5.68692939851e-06, 5.08442826685e-06, 3.51174571733e-06, 2.65660582954e-06, 3.15637680615e-06, 2.62846310761e-06, 3.22001255881e-06, 3.34654532708e-06, 3.54558210347e-06, 2.805056738e-06, 3.44351315107e-06, 5.25579480382e-06, 5.36362313142e-06, 5.57588145966e-06, 3.74786168322e-06, 3.0158773825e-06],
        "dvar": [5.81659332966e-05, 5.39703578397e-05, 2.91230717266e-05, 5.24866163687e-06, 1.10231337658e-06, 2.20683304519e-07, 1.1049687032e-07, 4.95633578623e-08, 1.73142939985e-08, 1.09888338429e-08, 5.61313928671e-09, 3.39542149952e-09, 1.86775239719e-09, 2.52073428797e-09, 1.62997204622e-09, 9.15897968579e-10, 3.70731029209e-10, 3.9388459161e-10, 2.13322914888e-10, 4.01206790013e-10, 1.69557271001e-10, 1.16997911359e-10, 4.07219175047e-10, 4.86209128514e-11, 8.16285788963e-11, 5.40869883603e-11, 2.22733186062e-11, 1.69816972984e-11, 2.54274257899e-11, 1.61272974142e-11, 3.11523341845e-11, 4.21652920912e-11, 3.75389302976e-11, 2.21317530275e-11, 3.06430401886e-11, 7.65165986127e-11, 9.34087876492e-11, 9.9456713698e-11, 4.66644535513e-11, 2.74751610352e-11],
        "dvar2": [0.000103401325759, 0.000157248883625, 7.93924773461e-05, 1.16383898785e-05, 2.70984219242e-06, 5.91300647557e-07, 2.96809332667e-07, 1.29293994178e-07, 4.36327241005e-08, 2.64843897924e-08, 1.52918016028e-08, 8.91809559533e-09, 5.0368771376e-09, 7.06678271456e-09, 4.75728301197e-09, 2.62203436741e-09, 1.10276276999e-09, 1.15836717995e-09, 6.22009499462e-10, 1.18386223047e-09, 4.88311613367e-10, 3.33171851219e-10, 1.19629139927e-09, 1.38076688971e-10, 2.38014746801e-10, 1.61805790988e-10, 6.57611465282e-11, 4.99988973834e-11, 6.96780758092e-11, 4.53379937759e-11, 8.34175228892e-11, 1.09099465573e-10, 1.04248658317e-10, 5.59243797105e-11, 7.70032301811e-11, 2.00741395728e-10, 2.348775896e-10, 2.50911236233e-10, 1.15342242701e-10, 6.97122012894e-11],
        "max": [0.092610925436, 0.0736147984862, 0.0679902732372, 0.0492989420891, 0.0192920584232, 0.00766906747594, 0.00518718129024, 0.00370038882829, 0.0021066358313, 0.00227615120821, 0.00167422695085, 0.00123495364096, 0.000786705932114, 0.000916534510907, 0.000792893872131, 0.000686635263264, 0.000302028667647, 0.000326296285493, 0.000250506476732, 0.000251769524766, 0.000161172923981, 0.000152406559209, 0.000318474631058, 8.85249464773e-05, 0.000120433243865, 0.000110687542474, 6.44317769911e-05, 6.61730664433e-05, 7.23801204003e-05, 7.62295385357e-05, 8.37361076265e-05, 9.93670619209e-05, 9.31801187107e-05, 6.53250099276e-05, 6.98133953847e-05, 8.58664498082e-05, 8.27326148283e-05, 9.72218258539e-05, 6.82109966874e-05, 4.80164271721e-05],
        "mean": [0.00689689442515, 0.00604274729267, 0.00207473663613, 0.00138657703064, 0.000581796455663, 0.000200697904802, 0.000138170449645, 0.000122185563669, 6.97594005032e-05, 5.70400370634e-05, 3.80097408197e-05, 3.04918394249e-05, 2.24717041419e-05, 2.40168265009e-05, 1.64985776792e-05, 1.29637082864e-05, 9.67076266534e-06, 9.01303246792e-06, 7.35671574148e-06, 7.73618830863e-06, 5.66643257116e-06, 4.93880997965e-06, 5.69964049646e-06, 3.74058527086e-06, 3.73777334062e-06, 3.82528742193e-06, 2.73457089861e-06, 2.1439154807e-06, 2.49973754762e-06, 2.19518869926e-06, 2.36381674767e-06, 2.64017148766e-06, 2.45538240051e-06, 2.31479339163e-06, 2.69321731139e-06, 3.08807284455e-06, 2.97872406918e-06, 2.92449453809e-06, 2.3607692583e-06, 1.80987626663e-06],
        "median": [0.00059848476667, 0.00141352345236, 0.000472453713883, 0.000284315901808, 0.000128823987325, 6.1824102886e-05, 3.72446302208e-05, 3.79537959816e-05, 2.00405520445e-05, 1.5574551071e-05, 1.08886215457e-05, 9.59772114584e-06, 6.92979665473e-06, 6.54187988403e-06, 3.64473407899e-06, 2.58691898125e-06, 1.59301509939e-06, 1.3508279153e-06, 1.18862783438e-06, 1.00957777249e-06, 8.92795924301e-07, 6.56954398437e-07, 5.97048938289e-07, 4.37634980699e-07, 3.54458421725e-07, 2.64803134087e-07, 2.13939955529e-07, 1.35184890837e-07, 9.95557414285e-08, 8.40328056029e-08, 7.53396349751e-08, 6.05290892963e-08, 4.83052069455e-08, 3.76179656314e-08, 2.90707742323e-08, 2.14384385799e-08, 1.79812751355e-08, 1.50595056425e-08, 1.23564962706e-08, 9.25739662705e-09],
        "min": [3.33925531155e-24, 7.0513183983e-24, 1.16344251305e-23, 6.00731699936e-24, 1.01047488935e-23, 6.4043719922e-24, 2.81876271692e-24, 2.83709544992e-24, 2.53311559149e-24, 1.0281994106e-23, 1.04420192738e-23, 9.699587566e-24, 6.3885403427e-24, 2.78433584094e-24, 3.59963226395e-24, 1.03903252187e-23, 1.05722980746e-23, 1.2910315348e-23, 1.06489579996e-23, 7.16685575534e-24, 6.9569974553e-24, 6.21064155895e-24, 4.65028336589e-24, 1.27867473869e-23, 1.05658341483e-23, 1.19941315038e-23, 7.83504934105e-24, 1.19561233965e-23, 7.07205834035e-24, 1.14661650437e-23, 1.03420185323e-23, 9.3231194762e-24, 1.12726195984e-23, 9.99648167856e-24, 7.36214221673e-24, 4.59045142167e-24, 8.35536621692e-24, 1.15216361649e-23, 9.53364357483e-24, 5.34952848899e-24],
        "var": [0.000184121279744, 9.29742818698e-05, 2.2929159968e-05, 8.76487229107e-06, 1.56641237936e-06, 1.92404698396e-07, 1.04322474215e-07, 5.6441901819e-08, 2.30393268907e-08, 1.73198930753e-08, 7.03918567879e-09, 3.73370578899e-09, 2.02619832024e-09, 2.70827094084e-09, 1.45774214921e-09, 1.13014753111e-09, 3.88531429252e-10, 3.63760188637e-10, 2.73105149606e-10, 3.30592414555e-10, 1.54027082755e-10, 1.20302018347e-10, 2.66066557675e-10, 6.36844257884e-11, 7.7588518943e-11, 7.05458053085e-11, 3.33960845089e-11, 2.24685357125e-11, 3.49377506093e-11, 2.45823673917e-11, 3.61738278221e-11, 5.07023659169e-11, 4.10129812056e-11, 3.09683563515e-11, 3.9330129431e-11, 6.76101882813e-11, 8.05102789991e-11, 8.50041703693e-11, 4.73188536965e-11, 2.70574240097e-11]
    },
    "mfcc": {
        "mean": [-756.70916748, 157.546035767, 37.431804657, 24.879152298, 13.6830844879, 10.305229187, 4.98304510117, 6.83847427368, 1.45569813251, 1.01530635357, -0.858569324017, 0.112794987857, 0.072392642498],
        "cov": [[21270.4785156, -4552.88085938, -1564.0736084, 121.715766907, -143.579284668, 227.517593384, 51.381149292, 268.007598877, -77.0617370605, 140.28086853, 10.5364875793, 2.25921201706, -177.361465454], [-4552.88085938, 3407.41821289, 81.6896896362, 108.307861328, 49.4640045166, -88.4981536865, -19.287776947, -99.6581726074, 25.5271987915, -61.9322242737, -12.5824041367, 2.47597050667, 77.6385879517], [-1564.0736084, 81.6896896362, 846.846801758, -44.136680603, 165.916381836, 100.524353027, 39.3418006897, 38.2857437134, 35.8639068604, 43.8475189209, 28.4471626282, 5.84060716629, 2.28918075562], [121.715766907, 108.307861328, -44.136680603, 355.943817139, 87.9429550171, 92.9377441406, 74.5607833862, 41.2151298523, 42.5395393372, 21.3933010101, 22.8676776886, -3.92883491516, -7.56691074371], [-143.579284668, 49.4640045166, 165.916381836, 87.9429550171, 202.975280762, 97.0530853271, 60.219203949, 53.7477607727, 38.9033126831, 28.7598724365, 17.8668193817, 2.49064445496, -7.55910253525], [227.517593384, -88.4981536865, 100.524353027, 92.9377441406, 97.0530853271, 160.624984741, 90.364074707, 64.3357925415, 51.2290153503, 43.946937561, 24.8620605469, 10.7446937561, -3.51558732986], [51.381149292, -19.287776947, 39.3418006897, 74.5607833862, 60.219203949, 90.364074707, 122.936019897, 69.892364502, 51.8732070923, 39.9806594849, 24.4364738464, 11.4929656982, 5.47289133072], [268.007598877, -99.6581726074, 38.2857437134, 41.2151298523, 53.7477607727, 64.3357925415, 69.892364502, 91.4432754517, 50.0559082031, 43.6021537781, 27.3979625702, 20.0212345123, 11.6362953186], [-77.0617370605, 25.5271987915, 35.8639068604, 42.5395393372, 38.9033126831, 51.2290153503, 51.8732070923, 50.0559082031, 72.5307006836, 39.6077728271, 29.2663593292, 23.3182201385, 20.0350589752], [140.28086853, -61.9322242737, 43.8475189209, 21.3933010101, 28.7598724365, 43.946937561, 39.9806594849, 43.6021537781, 39.6077728271, 70.6884689331, 39.0728492737, 25.1160449982, 15.0919151306], [10.5364875793, -12.5824041367, 28.4471626282, 22.8676776886, 17.8668193817, 24.8620605469, 24.4364738464, 27.3979625702, 29.2663593292, 39.0728492737, 62.7085952759, 35.3938903809, 18.5917778015], [2.25921201706, 2.47597050667, 5.84060716629, -3.92883491516, 2.49064445496, 10.7446937561, 11.4929656982, 20.0212345123, 23.3182201385, 25.1160449982, 35.3938903809, 61.6542167664, 42.1134681702], [-177.361465454, 77.6385879517, 2.28918075562, -7.56691074371, -7.55910253525, -3.51558732986, 5.47289133072, 11.6362953186, 20.0350589752, 15.0919151306, 18.5917778015, 42.1134681702, 72.9791488647]],
