{
"lowlevel": {
    "average_loudness": 0.878790318966,
    "barkbands_crest": {
        "dmean": 3.26469421387,
        "dmean2": 5.2013168335,
        "dvar": 9.42416763306,
        "dvar2": 20.8244628906,
        "max": 26.5504932404,
        "mean": 14.8243732452,
        "median": 13.9720907211,
        "min": 3.7461540699,
        "var": 27.4704227448
    },
    "barkbands_flatness_db": {
        "dmean": 0.068406008184,
        "dmean2": 0.0967360958457,
        "dvar": 0.0041789021343,
        "dvar2": 0.00896166078746,
        "max": 0.762527823448,
        "mean": 0.336316227913,
        "median": 0.334148913622,
        "min": 0.0400375202298,
        "var": 0.0142551278695
    },
    "barkbands_kurtosis": {
        "dmean": 17.5908432007,
        "dmean2": 27.7884635925,
        "dvar": 1948.01965332,
        "dvar2": 4553.61474609,
        "max": 1067.55419922,
        "mean": 28.556552887,
        "median": 10.9992370605,
        "min": -1.71885502338,
        "var": 4167.91796875
    },
    "barkbands_skewness": {
        "dmean": 1.12445437908,
        "dmean2": 1.73113226891,
        "dvar": 1.82227683067,
        "dvar2": 4.20595979691,
        "max": 25.6617202759,
        "mean": 3.02864074707,
        "median": 2.47220349312,
        "min": -2.80040001869,
        "var": 5.78334093094
    },
    "barkbands_spread": {
        "dmean": 2.35694813728,
        "dmean2": 3.87697458267,
        "dvar": 15.1130924225,
        "dvar2": 39.3498153687,
        "max": 80.4010620117,
        "mean": 4.00817108154,
        "median": 2.78150343895,
        "min": 0.0459514148533,
        "var": 18.2704563141
    },
    "dissonance": {
        "dmean": 0.0382205620408,
        "dmean2": 0.0606446117163,
        "dvar": 0.00128288101405,
        "dvar2": 0.00313253863715,
        "max": 0.500000119209,
        "mean": 0.420576035976,
        "median": 0.432947993279,
        "min": 0.0991393327713,
        "var": 0.00294057303108
    },
    "dynamic_complexity": 4.34981393814,
    "erbbands_crest": {
        "dmean": 3.27799057961,
        "dmean2": 5.15029335022,
        "dvar": 9.51616573334,
        "dvar2": 21.8646354675,
        "max": 32.0715026855,
        "mean": 11.3082761765,
        "median": 10.265794754,
        "min": 2.68929934502,
        "var": 25.6172885895
    },
    "erbbands_flatness_db": {
        "dmean": 0.0440282821655,
        "dmean2": 0.061251308769,
        "dvar": 0.00182827899698,
        "dvar2": 0.00382545473985,
        "max": 0.534020602703,
        "mean": 0.243538573384,
        "median": 0.242303028703,
        "min": 0.0409667231143,
        "var": 0.00627315370366
    },
    "erbbands_kurtosis": {
        "dmean": 3.39822554588,
        "dmean2": 5.42891740799,
        "dvar": 35.2640838623,
        "dvar2": 86.2496414185,
        "max": 97.5856246948,
        "mean": 4.17695808411,
        "median": 1.78553438187,
        "min": -1.83562207222,
        "var": 52.7361297607
    },
    "erbbands_skewness": {
        "dmean": 0.607256889343,
        "dmean2": 0.95127761364,
        "dvar": 0.446075439453,
        "dvar2": 1.09851610661,
        "max": 7.90868091583,
        "mean": 1.39078712463,
        "median": 1.17386090755,
        "min": -1.41351735592,
        "var": 1.06154513359
    },
    "erbbands_spread": {
        "dmean": 9.30670833588,
        "dmean2": 14.2581348419,
        "dvar": 150.832687378,
        "dvar2": 352.457336426,
        "max": 189.559005737,
        "mean": 21.4835796356,
        "median": 17.6020545959,
        "min": 0.549668252468,
        "var": 248.218765259
    },
    "hfc": {
        "dmean": 4.8175239563,
        "dmean2": 7.55308961868,
        "dvar": 43.7746810913,
        "dvar2": 109.2554245,
        "max": 70.2152328491,
        "mean": 9.00866413116,
        "median": 6.86004114151,
        "min": 1.25088859504e-16,
        "var": 74.6112670898
    },
    "melbands_crest": {
        "dmean": 3.92479395866,
        "dmean2": 6.37062549591,
        "dvar": 13.0357570648,
        "dvar2": 31.4893054962,
        "max": 37.5508155823,
        "mean": 19.8671035767,
        "median": 19.2019004822,
        "min": 2.02371263504,
        "var": 40.9706993103
    },
    "melbands_flatness_db": {
        "dmean": 0.0789363235235,
        "dmean2": 0.111338950694,
        "dvar": 0.00566580053419,
        "dvar2": 0.0121539086103,
        "max": 0.926086306572,
        "mean": 0.452824234962,
        "median": 0.449601650238,
        "min": 0.00477585522458,
        "var": 0.0199272986501
    },
    "melbands_kurtosis": {
        "dmean": 18.3980693817,
        "dmean2": 29.0752696991,
        "dvar": 1103.76586914,
        "dvar2": 2605.09228516,
        "max": 817.255065918,
        "mean": 33.5750236511,
        "median": 18.6192188263,
        "min": -1.56335687637,
        "var": 2310.87255859
    },
    "melbands_skewness": {
        "dmean": 1.09150397778,
        "dmean2": 1.68989801407,
        "dvar": 1.46638059616,
        "dvar2": 3.48475313187,
        "max": 22.6763801575,
        "mean": 3.42993116379,
        "median": 3.07022190094,
        "min": -1.87674212456,
        "var": 3.8169195652
    },
    "melbands_spread": {
        "dmean": 1.97138130665,
        "dmean2": 3.22686028481,
        "dvar": 10.6596298218,
        "dvar2": 25.4446849823,
        "max": 147.190200806,
        "mean": 3.728546381,
        "median": 2.65417551994,
        "min": 0.142074152827,
        "var": 17.9959144592
    },
    "pitch_salience": {
        "dmean": 0.108977995813,
        "dmean2": 0.173273384571,
        "dvar": 0.0107384640723,
        "dvar2": 0.0248247366399,
        "max": 0.932877957821,
        "mean": 0.47103074193,
        "median": 0.494246214628,
        "min": 0.0372952595353,
        "var": 0.0295618530363
    },
    "silence_rate_20dB": {
        "dmean": 0,
        "dmean2": 0,
        "dvar": 0,
        "dvar2": 0,
        "max": 1,
        "mean": 1,
        "median": 1,
        "min": 1,
        "var": 0
    },
    "silence_rate_30dB": {
        "dmean": 0.0947818383574,
        "dmean2": 0.189577654004,
        "dvar": 0.0857979729772,
        "dvar2": 0.182509928942,
        "max": 1,
        "mean": 0.844498515129,
        "median": 1,
        "min": 0,
        "var": 0.131311029196
    },
    "silence_rate_60dB": {
        "dmean": 0.0244693402201,
        "dmean2": 0.0489422865212,
        "dvar": 0.0238693077117,
        "dvar2": 0.0543504320085,
        "max": 1,
        "mean": 0.078708820045,
        "median": 0,
        "min": 0,
        "var": 0.0725200325251
    },
    "spectral_centroid": {
        "dmean": 122.816467285,
        "dmean2": 202.953079224,
        "dvar": 40068.0625,
        "dvar2": 97607.15625,
        "max": 11574.1230469,
        "mean": 337.836181641,
        "median": 281.072570801,
        "min": 67.1580276489,
        "var": 63054.4960938
    },
    "spectral_complexity": {
        "dmean": 3.38767695427,
        "dmean2": 5.16694927216,
        "dvar": 16.9011478424,
        "dvar2": 40.3258476257,
        "max": 40,
        "mean": 8.68354320526,
        "median": 7,
        "min": 0,
        "var": 40.3100357056
    },
    "spectral_decrease": {
        "dmean": 5.85961146271e-09,
        "dmean2": 9.23445675483e-09,
        "dvar": 5.36713162605e-17,
        "dvar2": 1.34695218977e-16,
        "max": 1.85850095884e-21,
        "mean": -1.4053149755e-08,
        "median": -1.07667306182e-08,
        "min": -7.87086591458e-08,
        "var": 1.60554989273e-16
    },
    "spectral_energy": {
        "dmean": 0.0224407687783,
        "dmean2": 0.0353740379214,
        "dvar": 0.000783425814006,
        "dvar2": 0.00196532229893,
        "max": 0.298784822226,
        "mean": 0.0538569167256,
        "median": 0.041377492249,
        "min": 1.0905180842e-20,
        "var": 0.00233711744659
    },
    "spectral_energyband_high": {
        "dmean": 9.64186983765e-05,
        "dmean2": 0.00016953703016,
        "dvar": 6.09839077015e-08,
        "dvar2": 1.688135427e-07,
        "max": 0.00360403070226,
        "mean": 7.24546334823e-05,
        "median": 2.36952246269e-06,
        "min": 7.65279956973e-21,
        "var": 4.33756426332e-08
    },
    "spectral_energyband_low": {
        "dmean": 0.0184439383447,
        "dmean2": 0.0292920842767,
        "dvar": 0.000688249536324,
        "dvar2": 0.00171587185469,
        "max": 0.289455711842,
        "mean": 0.0381979383528,
        "median": 0.0210677981377,
        "min": 3.76897766556e-23,
        "var": 0.00189323001541
    },
    "spectral_energyband_middle_high": {
        "dmean": 0.000888575101271,
        "dmean2": 0.00142673577648,
        "dvar": 2.43694944402e-06,
        "dvar2": 6.16206443738e-06,
        "max": 0.0238051060587,
        "mean": 0.000995390699245,
        "median": 0.000205120639293,
        "min": 1.37710940829e-21,
        "var": 2.97832775686e-06
    },
    "spectral_energyband_middle_low": {
        "dmean": 0.0114167453721,
        "dmean2": 0.0189079381526,
        "dvar": 0.000372397975298,
        "dvar2": 0.000987896462902,
        "max": 0.176935210824,
        "mean": 0.0178869962692,
        "median": 0.0101761920378,
        "min": 3.35274467526e-22,
        "var": 0.000472873914987
    },
    "spectral_entropy": {
        "dmean": 0.546705365181,
        "dmean2": 0.787956535816,
        "dvar": 0.289859443903,
        "dvar2": 0.663056492805,
        "max": 9.78703689575,
        "mean": 6.21920204163,
        "median": 6.21844673157,
        "min": 3.24207043648,
        "var": 0.750501990318
    },
    "spectral_flux": {
        "dmean": 0.0503823049366,
        "dmean2": 0.0766589045525,
        "dvar": 0.00305517343804,
        "dvar2": 0.00563229387626,
        "max": 0.483084827662,
        "mean": 0.109234556556,
        "median": 0.0861489996314,
        "min": 6.9974685768e-11,
        "var": 0.00712739769369
    },
    "spectral_kurtosis": {
        "dmean": 25.6250915527,
        "dmean2": 38.9250946045,
        "dvar": 1405.96948242,
        "dvar2": 2979.81591797,
        "max": 627.114135742,
        "mean": 41.2732315063,
        "median": 19.7139568329,
        "min": -1.18773567677,
        "var": 2982.23828125
    },
    "spectral_rms": {
        "dmean": 0.00145851739217,
        "dmean2": 0.00225166371092,
        "dvar": 2.53258303928e-06,
        "dvar2": 5.92334981775e-06,
        "max": 0.0170732941478,
        "mean": 0.00639915419742,
        "median": 0.00635360414162,
        "min": 3.261778651e-12,
        "var": 1.1594015632e-05
    },
    "spectral_rolloff": {
        "dmean": 93.9921722412,
        "dmean2": 159.966629028,
        "dvar": 68545.4453125,
        "dvar2": 146520.109375,
        "max": 19638.28125,
        "mean": 265.772521973,
        "median": 215.33203125,
        "min": 43.06640625,
        "var": 144553.796875
    },
    "spectral_skewness": {
        "dmean": 1.53148782253,
        "dmean2": 2.29796648026,
        "dvar": 2.82245278358,
        "dvar2": 5.78761291504,
        "max": 21.3406066895,
        "mean": 4.23865938187,
        "median": 3.36519742012,
        "min": -0.0325364284217,
        "var": 7.51733446121
    },
    "spectral_spread": {
        "dmean": 857923.625,
        "dmean2": 1255473.625,
        "dvar": 1.06724871373e+12,
        "dvar2": 2.22127980544e+12,
        "max": 40680928,
        "mean": 2485910.5,
        "median": 2115647,
        "min": 148921.59375,
        "var": 2.70534521651e+12
    },
    "spectral_strongpeak": {
        "dmean": 0.236446097493,
        "dmean2": 0.382548183203,
        "dvar": 0.0930990874767,
        "dvar2": 0.218499109149,
        "max": 4.21009063721,
        "mean": 0.542003512383,
        "median": 0.45272988081,
        "min": 0,
        "var": 0.180065274239
    },
    "zerocrossingrate": {
        "dmean": 0.00399441970512,
        "dmean2": 0.00518110068515,
        "dvar": 4.32032902609e-05,
        "dvar2": 5.97708967689e-05,
        "max": 0.609375,
        "mean": 0.0125337755308,
        "median": 0.009765625,
        "min": 0.00146484375,
        "var": 0.000243069400312
    },
    "barkbands": {
        "dmean": [0.000780076603405, 0.0145319877192, 0.00696967495605, 0.00501021277159, 0.00564151350409, 0.00177665671799, 0.00108451442793, 0.000356354285032, 0.000357857759809, 0.000252126308624, 0.000182921183296, 0.000158239228767, 0.00012365099974, 7.60704206186e-05, 6.32436858723e-05, 5.7032037148e-05, 4.78044676129e-05, 4.2593008402e-05, 3.67211214325e-05, 2.66896968242e-05, 2.83165281871e-05, 1.61239331646e-05, 1.18992684293e-05, 1.31017313834e-05, 7.43533610148e-06, 7.40471023164e-06, 1.78731440315e-07],
        "dmean2": [0.00128753529862, 0.0225588791072, 0.0122352363542, 0.00868168100715, 0.00960397906601, 0.00285642780364, 0.00169281614944, 0.000591965566855, 0.000587777933106, 0.000423934310675, 0.000305905618006, 0.000261009176029, 0.000205747026484, 0.000126574494061, 0.000107319261588, 9.58049567998e-05, 8.20818677312e-05, 7.33272754587e-05, 6.42701998004e-05, 4.66643577965e-05, 5.087390673e-05, 2.86737376882e-05, 2.09075060411e-05, 2.35982024606e-05, 1.28031597342e-05, 1.29264944917e-05, 3.33645743922e-07],
        "dvar": [2.12898839891e-06, 0.000546107301489, 0.000211509119254, 9.51593392529e-05, 0.00012040342699, 1.38619734571e-05, 6.53898496239e-06, 5.7531622133e-07, 5.4795827964e-07, 3.19373981483e-07, 1.47501552306e-07, 1.02687707226e-07, 7.49312434323e-08, 2.75961085094e-08, 1.83407742327e-08, 1.82895565359e-08, 1.20510588175e-08, 1.14155076503e-08, 7.83182585451e-09, 4.22050305815e-09, 7.03526215062e-09, 2.07175565592e-09, 9.28820464985e-10, 1.96937088859e-09, 5.23068588443e-10, 7.54052875696e-10, 5.49243810155e-13],
        "dvar2": [6.09260359852e-06, 0.00131074350793, 0.000584813184105, 0.000262909772573, 0.000315307319397, 3.3392549085e-05, 1.56638307089e-05, 1.4735089735e-06, 1.3579580127e-06, 8.268495435e-07, 3.83927726944e-07, 2.60429033005e-07, 1.91554264006e-07, 7.15979311394e-08, 4.7768015321e-08, 4.89525788794e-08, 3.18345136918e-08, 3.07858414317e-08, 2.13426023521e-08, 1.1450890014e-08, 1.99716101434e-08, 5.81454351334e-09, 2.53430920694e-09, 5.62477442401e-09, 1.37955724622e-09, 2.02903094326e-09, 1.56303832724e-12],
        "max": [0.0427817851305, 0.262634396553, 0.157534241676, 0.117254272103, 0.117696747184, 0.0609976239502, 0.0611880607903, 0.0119119910523, 0.0192244816571, 0.0182298794389, 0.00817054696381, 0.00669163092971, 0.00786751415581, 0.00335172819905, 0.00320152845234, 0.0030480301939, 0.00168922217563, 0.00287554366514, 0.00152673758566, 0.00151314469986, 0.00144916784484, 0.000638950616121, 0.000358771183528, 0.000552530167624, 0.000345665437635, 0.000331469957018, 1.64019820659e-05],
        "mean": [0.00108946487308, 0.0264020822942, 0.00744682271034, 0.00605853134766, 0.00703820725903, 0.00240892753936, 0.00148776383139, 0.000401536381105, 0.000418449460994, 0.00026073740446, 0.000188643403817, 0.000160343770403, 0.000118074902275, 7.41079857107e-05, 5.73935067223e-05, 5.46115697944e-05, 4.11072178395e-05, 3.70638699678e-05, 2.922807289e-05, 2.20032015932e-05, 2.08926558116e-05, 1.24220196085e-05, 9.06367768039e-06, 8.96850269783e-06, 5.41508234164e-06, 4.99541010868e-06, 1.07064465737e-07],
        "median": [0.000349888985511, 0.00933241285384, 0.00310914125293, 0.0019940729253, 0.00219688285142, 0.000671582180075, 0.000361313082976, 0.000105865503429, 9.56174044404e-05, 5.50940421817e-05, 3.1115978345e-05, 2.23512470257e-05, 1.6914884327e-05, 9.75456077867e-06, 7.58827218306e-06, 5.20543835592e-06, 3.33002935804e-06, 2.28007093028e-06, 1.70949510903e-06, 1.1189512179e-06, 7.40683844924e-07, 3.94046821839e-07, 2.12088565377e-07, 1.01868209867e-07, 4.37183906854e-08, 1.7007341313e-08, 1.89753857072e-09],
        "min": [7.04336352493e-24, 1.16926383321e-23, 1.42775777464e-24, 1.42074448565e-23, 6.00522699128e-23, 4.27819400632e-23, 3.42901742737e-23, 4.73572859818e-23, 6.07607427363e-23, 3.68306471764e-23, 8.97857500951e-23, 6.4929279397e-23, 9.00989278745e-23, 7.61042514259e-23, 7.27270810927e-23, 9.51017764503e-23, 8.7977308558e-23, 2.36504841276e-22, 2.12020744479e-22, 2.86061840648e-22, 2.79616556752e-22, 3.69653833569e-22, 5.59306168334e-22, 7.04863904801e-22, 1.10198673337e-21, 1.44280594643e-21, 2.92519074841e-21],
        "var": [3.32730883201e-06, 0.00142543239053, 0.000165119665326, 9.85729202512e-05, 0.000139221068821, 2.0893789042e-05, 9.48009073909e-06, 6.51288132758e-07, 6.96967447311e-07, 3.6740050291e-07, 1.53733665798e-07, 1.10108480555e-07, 7.10561209871e-08, 2.70480065012e-08, 1.68751803642e-08, 1.67330238554e-08, 1.01499528782e-08, 9.43640454665e-09, 5.86312109974e-09, 3.43292216876e-09, 4.53873205686e-09, 1.46521506039e-09, 6.98521240849e-10, 1.21044818613e-09, 3.82073261918e-10, 5.08250885822e-10, 3.17263197051e-13]
    },
    "erbbands": {
        "dmean": [0.482230633497, 3.30934739113, 7.52111339569, 12.260884285, 18.7715549469, 19.7194042206, 13.8956594467, 14.2005205154, 15.4863624573, 12.9077968597, 7.90505361557, 7.92004776001, 8.00453472137, 7.82956409454, 6.88381147385, 6.10154676437, 5.63250207901, 4.17676305771, 3.54186892509, 3.14348220825, 2.99928307533, 2.73925209045, 2.35993623734, 1.92780792713, 1.82455456257, 1.29933083057, 1.21245503426, 1.01433098316, 0.60157096386, 0.453544080257, 0.31655818224, 0.271791696548, 0.188904419541, 0.0854528620839, 0.0606985613704, 0.0403812341392, 0.0116928769276, 0.00131396460347, 3.63945691788e-05, 2.49986223935e-05],
        "dmean2": [0.694898605347, 5.29739427567, 12.7801647186, 20.9704914093, 32.6057701111, 33.167804718, 22.8413028717, 23.1539649963, 24.9202270508, 19.9616355896, 12.9721403122, 13.1117649078, 13.2628850937, 13.2450447083, 11.4246492386, 10.0586719513, 9.32995128632, 6.85678434372, 5.91014099121, 5.29032754898, 5.03811454773, 4.68150568008, 4.06612539291, 3.33015871048, 3.21454191208, 2.27773094177, 2.17232918739, 1.81830477715, 1.07260847092, 0.802883088589, 0.555531084538, 0.484450370073, 0.340815871954, 0.147301837802, 0.105476535857, 0.0704521164298, 0.0203855652362, 0.00233863363974, 6.27682748018e-05, 3.94991329813e-05],
        "dvar": [0.757258951664, 27.5456790924, 216.410446167, 518.147277832, 1472.15283203, 1656.64685059, 836.563476562, 958.139831543, 1628.41479492, 944.221923828, 261.037322998, 287.739746094, 286.442871094, 284.98223877, 197.401168823, 151.054351807, 159.15826416, 75.3639297485, 57.6985397339, 44.1047286987, 52.866519928, 38.8136520386, 36.0615272522, 19.9939060211, 21.0443572998, 10.5613965988, 12.6672019958, 9.02273750305, 2.8579056263, 1.33130049706, 0.696000874043, 0.913960158825, 0.379485577345, 0.0601876191795, 0.0426170602441, 0.0222382619977, 0.00189343746752, 2.41803645622e-05, 1.08063851201e-08, 9.4168506326e-10],
        "dvar2": [1.55792737007, 71.1824645996, 576.168884277, 1392.32946777, 4096.99902344, 3982.64208984, 2030.98547363, 2435.43969727, 4233.93115234, 2138.15722656, 664.510864258, 728.522949219, 733.61151123, 758.949707031, 505.695800781, 383.242584229, 410.919525146, 191.549179077, 149.339370728, 114.898788452, 141.985992432, 102.310028076, 97.7933120728, 53.383556366, 58.0949897766, 28.888666153, 35.8826522827, 25.5376815796, 8.03343677521, 3.65899515152, 1.90752661228, 2.61875152588, 1.07596504688, 0.158641278744, 0.114465437829, 0.0600390508771, 0.00505642779171, 6.62189195282e-05, 2.967151147e-08, 2.36957831135e-09],
        "max": [11.7961072922, 53.5705871582, 157.816833496, 251.407943726, 419.964599609, 698.319030762, 447.760253906, 507.504577637, 913.979614258, 1218.56884766, 226.136413574, 413.969512939, 562.90234375, 307.4090271, 230.8881073, 262.987457275, 376.527313232, 150.952926636, 223.653594971, 98.7293777466, 188.748336792, 94.232711792, 167.153915405, 96.0569839478, 95.7209472656, 85.264831543, 77.5873565674, 41.3571472168, 25.7730121613, 20.8302345276, 10.3390388489, 14.1571397781, 8.29645442963, 3.32446241379, 2.74367904663, 1.9115511179, 0.522041678429, 0.0704173371196, 0.00147756596562, 0.000322182691889],
        "mean": [0.903032064438, 5.3196516037, 9.15641593933, 15.6881933212, 22.6484870911, 24.644947052, 18.1969451904, 18.6053276062, 19.804227829, 17.3631134033, 9.42416572571, 8.99796676636, 9.00553417206, 7.91957139969, 7.13189744949, 6.22581672668, 5.46165418625, 4.18875074387, 3.41834497452, 2.9781639576, 2.82424592972, 2.41566348076, 2.03052854538, 1.62268126011, 1.45003545284, 1.05691242218, 0.915270209312, 0.746984601021, 0.457123219967, 0.346366792917, 0.243113785982, 0.192809447646, 0.128881290555, 0.0633355751634, 0.0423162020743, 0.0271832402796, 0.00800036359578, 0.000863118213601, 4.28371749877e-05, 5.95388773945e-05],
        "median": [0.177558615804, 2.16199827194, 4.63624238968, 6.40044307709, 8.78157424927, 6.82094573975, 5.17557287216, 5.5306224823, 5.51180887222, 4.43281126022, 2.67315387726, 2.14444088936, 2.28616118431, 1.58553528786, 1.24693334103, 0.928994834423, 0.832431077957, 0.597882211208, 0.447859555483, 0.378943681717, 0.269758045673, 0.199233308434, 0.1333681494, 0.101885616779, 0.080508813262, 0.051989261061, 0.0361401699483, 0.0247429870069, 0.0148948803544, 0.00970606226474, 0.0053899763152, 0.0027928724885, 0.00136068055872, 0.000623242929578, 0.000296916696243, 0.000124925994896, 4.52396416222e-05, 5.69467374589e-06, 2.23815604841e-05, 4.65927587356e-05],
        "min": [5.44586604444e-22, 1.68624291868e-21, 5.49114721576e-21, 2.26807705616e-20, 4.03690020632e-20, 2.57619533967e-19, 1.03726826765e-19, 3.25642783339e-19, 4.46821770398e-19, 8.96584374669e-19, 1.21543158493e-18, 1.16314518822e-18, 1.54732881013e-18, 1.95774956709e-18, 2.96380095608e-18, 2.80070223918e-18, 3.6680029726e-18, 3.14814808175e-18, 6.91750342686e-18, 4.5827017755e-18, 5.63039591806e-18, 5.60113192235e-18, 1.09133925225e-17, 1.03022805849e-17, 1.54569334998e-17, 1.40183489549e-17, 1.13250811405e-17, 1.03526194883e-17, 1.43317875414e-17, 1.70040871545e-17, 1.36678253801e-17, 1.51351288087e-17, 1.15308009589e-17, 1.17769616373e-17, 7.30660546469e-18, 4.9223768766e-18, 2.92241979837e-18, 1.36372986932e-18, 4.0347070791e-19, 3.87976723232e-20],
        "var": [2.35187935829, 52.8662490845, 196.561218262, 556.17376709, 1366.56213379, 2331.04101562, 1233.81970215, 1261.5279541, 1807.05480957, 1519.08654785, 308.540527344, 338.846069336, 338.107330322, 274.767425537, 208.491638184, 160.423690796, 145.771240234, 78.2052841187, 55.223400116, 42.1250610352, 46.2298660278, 33.6157836914, 28.5453014374, 16.3524360657, 15.3825836182, 8.37585067749, 8.34352016449, 5.88018083572, 1.98461830616, 0.991545140743, 0.522616922855, 0.565963208675, 0.237438693643, 0.0452757030725, 0.0292514096946, 0.0148870050907, 0.00129581941292, 1.56163278007e-05, 7.58995177819e-09, 2.77959277817e-09]
    },
    "gfcc": {
        "mean": [-142.092926025, 189.429122925, -68.5281829834, 26.6685714722, -31.6822757721, 1.3129543066, -18.0078601837, -4.85497951508, -10.530798912, -7.03047370911, -5.69875383377, -8.06127929688, -3.14752483368],
        "cov": [[18215.8339844, -3179.51245117, -2607.92089844, 1214.3972168, -1507.03564453, 778.501647949, -1005.43078613, 214.988479614, -745.282531738, 247.941223145, -338.108337402, 367.29019165, -142.767501831], [-3179.51245117, 2237.11621094, 265.202270508, -609.342407227, 548.997375488, -529.573974609, 410.481140137, -330.889099121, 328.44619751, -236.044021606, 255.784744263, -206.17098999, 160.271102905], [-2607.92089844, 265.202270508, 1537.64477539, -94.9647979736, 412.658233643, 88.5244598389, 170.402542114, 104.688522339, 122.305145264, 66.5783691406, 21.0424175262, 13.5977983475, 3.83809018135], [1214.3972168, -609.342407227, -94.9647979736, 509.77432251, -52.8934745789, 176.30166626, -32.7309494019, 54.8836631775, -18.1261291504, 26.929397583, -5.74587726593, 19.4856414795, 16.2827606201], [-1507.03564453, 548.997375488, 412.658233643, -52.8934745789, 476.940490723, -33.5579223633, 233.668243408, -27.6609115601, 155.497833252, -25.5821552277, 92.6710357666, -41.371421814, 58.1540908813], [778.501647949, -529.573974609, 88.5244598389, 176.30166626, -33.5579223633, 252.049194336, -30.9167003632, 120.428390503, -46.0692253113, 68.3569412231, -44.8408126831, 53.6712532043, -21.0612430573], [-1005.43078613, 410.481140137, 170.402542114, -32.7309494019, 233.668243408, -30.9167003632, 219.750106812, -9.52001571655, 128.519607544, -31.3157157898, 79.094581604, -38.8774795532, 55.4706001282], [214.988479614, -330.889099121, 104.688522339, 54.8836631775, -27.6609115601, 120.428390503, -9.52001571655, 139.475189209, -8.50661468506, 71.4661407471, -34.5244750977, 47.9192695618, -27.3581314087], [-745.282531738, 328.44619751, 122.305145264, -18.1261291504, 155.497833252, -46.0692253113, 128.519607544, -8.50661468506, 157.628189087, 4.18066501617, 87.2018661499, -28.1065101624, 47.8906555176], [247.941223145, -236.044021606, 66.5783691406, 26.929397583, -25.5821552277, 68.3569412231, -31.3157157898, 71.4661407471, 4.18066501617, 100.182670593, 3.4367249012, 52.6771850586, -19.3493118286], [-338.108337402, 255.784744263, 21.0424175262, -5.74587726593, 92.6710357666, -44.8408126831, 79.094581604, -34.5244750977, 87.2018661499, 3.4367249012, 108.441131592, 1.05684459209, 53.6460418701], [367.29019165, -206.17098999, 13.5977983475, 19.4856414795, -41.371421814, 53.6712532043, -38.8774795532, 47.9192695618, -28.1065101624, 52.6771850586, 1.05684459209, 80.4007568359, 8.97707080841], [-142.767501831, 160.271102905, 3.83809018135, 16.2827606201, 58.1540908813, -21.0612430573, 55.4706001282, -27.3581314087, 47.8906555176, -19.3493118286, 53.6460418701, 8.97707080841, 78.5472335815]],
        "icov": [[0.000153256318299, -0.000430828193203, 0.000236647916608, -0.000510606798343, 0.000192480481928, -0.000606292684097, 0.000434803747339, -8.31547295093e-05, 0.000341186532751, -0.000478706991998, 0.000357704324415, -0.000540795212146, 0.000102379119198], [-0.000430828193203, 0.00705843931064, -0.00108604982961, 0.00598616106436, -0.00212672003545, 0.0052074319683, -0.00354282953776, 0.00358504941687, -0.00372170796618, 0.00598277850077, -0.00571370730177, 0.00552939809859, -0.00263843475841], [0.000236647916608, -0.00108604982961, 0.00139115098864, -0.00086768012261, -0.000597441161517, -0.00143185420893, 0.00104594568256, -0.00086129445117, 0.000409831496654, -0.00144809007179, 0.00142932776362, -0.00118717632722, 0.000330682960339], [-0.000510606798343, 0.00598616106436, -0.00086768012261, 0.00822092220187, -0.0018630271079, 0.00203502015211, -0.00225089909509, 0.00278675253503, -0.003596637398, 0.00544246565551, -0.00569074694067, 0.00642811413854, -0.00363348657265], [0.000192480481928, -0.00212672003545, -0.000597441161517, -0.0018630271079, 0.00639089895412, -0.00239984644577, -0.00371566624381, 0.00162962637842, -0.000253994541708, -0.00201910641044, 0.00193112238776, -0.00262311194092, 0.0015595650766], [-0.000606292684097, 0.0052074319683, -0.00143185420893, 0.00203502015211, -0.00239984644577, 0.0146839246154, -0.0041553969495, -0.00379420747049, 0.000873617187608, 0.00208139629103, -0.00308515387587, 0.00442325975746, -0.00317062181421], [0.000434803747339, -0.00354282953776, 0.00104594568256, -0.00225089909509, -0.00371566624381, -0.0041553969495, 0.0185979474336, -0.00779803097248, -0.00299383327365, 0.00299345841631, -0.00188498105854, 0.00104567641392, -0.00204790569842], [-8.31547295093e-05, 0.00358504941687, -0.00086129445117, 0.00278675253503, 0.00162962637842, -0.00379420747049, -0.00779803097248, 0.0249761231244, -0.00794984586537, -0.00455172499642, 0.007092341315, -0.00653510214761, 0.00360929407179], [0.000341186532751, -0.00372170796618, 0.000409831496654, -0.003596637398, -0.000253994541708, 0.000873617187608, -0.00299383327365, -0.00794984586537, 0.0254293456674, -0.0117867430672, -0.00758630549535, 0.00961590744555, -0.00561841437593], [-0.000478706991998, 0.00598277850077, -0.00144809007179, 0.00544246565551, -0.00201910641044, 0.00208139629103, 0.00299345841631, -0.00455172499642, -0.0117867430672, 0.0348354764283, -0.0123122436926, -0.00965650193393, 0.00949896220118], [0.000357704324415, -0.00571370730177, 0.00142932776362, -0.00569074694067, 0.00193112238776, -0.00308515387587, -0.00188498105854, 0.007092341315, -0.00758630549535, -0.0123122436926, 0.0327622964978, -0.01174956467, -0.00447769835591], [-0.000540795212146, 0.00552939809859, -0.00118717632722, 0.00642811413854, -0.00262311194092, 0.00442325975746, 0.00104567641392, -0.00653510214761, 0.00961590744555, -0.00965650193393, -0.01174956467, 0.0397008508444, -0.0181807614863], [0.000102379119198, -0.00263843475841, 0.000330682960339, -0.00363348657265, 0.0015595650766, -0.00317062181421, -0.00204790569842, 0.00360929407179, -0.00561841437593, 0.00949896220118, -0.00447769835591, -0.0181807614863, 0.0306380447]]
    },
    "melbands": {
        "dmean": [0.00411075772718, 0.00371519429609, 0.00221515726298, 0.00142936536577, 0.000526015006471, 0.000323391228449, 0.000230879362789, 0.000125644553918, 6.43267121632e-05, 5.00601381646e-05, 4.01386496378e-05, 3.21369989251e-05, 2.37994154304e-05, 1.84407253982e-05, 1.46597067214e-05, 1.16757892101e-05, 7.41472013033e-06, 5.9630378928e-06, 4.88736486659e-06, 4.00223143515e-06, 3.5083826333e-06, 2.90085313281e-06, 2.53843859355e-06, 1.92172046809e-06, 1.52068992065e-06, 1.40195129461e-06, 1.09817176508e-06, 8.13595534055e-07, 7.54735140163e-07, 6.33700267372e-07, 6.05115133112e-07, 3.73817528043e-07, 2.34067471183e-07, 2.56347419736e-07, 1.87666941542e-07, 1.39732563298e-07, 1.82907214707e-07, 1.29833125584e-07, 1.25603861534e-07, 5.34182831302e-08],
        "dmean2": [0.00620008865371, 0.0060944147408, 0.00375550729223, 0.00244067725725, 0.000872704084031, 0.000523212598637, 0.000367969129002, 0.000195705069927, 0.000106103092548, 8.28418269521e-05, 6.65746847517e-05, 5.449215314e-05, 3.97271760448e-05, 3.05991416099e-05, 2.4517534257e-05, 1.93641571968e-05, 1.22744086184e-05, 1.00232273326e-05, 8.33073499962e-06, 6.74473494655e-06, 5.97480675424e-06, 4.96860320709e-06, 4.43296676167e-06, 3.30900979861e-06, 2.64086224888e-06, 2.46180343311e-06, 1.94045423996e-06, 1.43050669976e-06, 1.35434379445e-06, 1.12987288503e-06, 1.09643929136e-06, 6.7364288725e-07, 4.0923390543e-07, 4.57248944485e-07, 3.30909927015e-07, 2.4317154157e-07, 3.2970308439e-07, 2.35659683767e-07, 2.26310802987e-07, 8.92405864761e-08],
        "dvar": [4.86795834149e-05, 3.81048666895e-05, 1.64472421602e-05, 8.07521246315e-06, 1.0614975281e-06, 4.78709637264e-07, 3.37854828558e-07, 8.32913471527e-08, 1.79130044131e-08, 1.14233138504e-08, 7.47253192657e-09, 4.89159024397e-09, 2.45434406132e-09, 1.42425127247e-09, 1.03649300254e-09, 6.32259578026e-10, 2.51543508245e-10, 1.88086865527e-10, 1.17494083907e-10, 8.2582940486e-11, 7.76767261623e-11, 4.6504335105e-11, 4.29323625262e-11, 2.79813880399e-11, 1.3306538163e-11, 1.17859723717e-11, 7.8999827513e-12, 4.46198460125e-12, 4.7991077258e-12, 3.16168857588e-12, 3.84521364402e-12, 1.26780606412e-12, 3.5483988252e-13, 4.52129517636e-13, 2.53566698888e-13, 1.39238623344e-13, 5.25514365097e-13, 2.22115484642e-13, 1.63840159972e-13, 2.17130407756e-14],
        "dvar2": [0.000110151908302, 9.7467636806e-05, 4.39555806224e-05, 2.12036138691e-05, 2.64368668468e-06, 1.20824097394e-06, 8.69527355007e-07, 1.93065048393e-07, 4.50488251147e-08, 2.86424803875e-08, 1.90871087824e-08, 1.30159696354e-08, 6.36724628578e-09, 3.63519325752e-09, 2.68175037732e-09, 1.58717272658e-09, 6.47296549694e-10, 4.94072838197e-10, 3.08699094065e-10, 2.1911493453e-10, 2.10805067846e-10, 1.2299589125e-10, 1.17755374895e-10, 7.65096319633e-11, 3.57757781733e-11, 3.22096134486e-11, 2.18644442829e-11, 1.22499831459e-11, 1.35301873871e-11, 8.86026408492e-12, 1.09968319173e-11, 3.59986151131e-12, 9.62957144579e-13, 1.24874611519e-12, 6.98144396027e-13, 3.76858673391e-13, 1.52298540532e-12, 6.38274209961e-13, 4.55538384792e-13, 5.45334312646e-14],
        "max": [0.0846212804317, 0.064114369452, 0.0454318895936, 0.0297183692455, 0.0133154988289, 0.010888652876, 0.0138968368992, 0.0110080502927, 0.00261791166849, 0.00279949395917, 0.00295090861619, 0.00144927098881, 0.000998410047032, 0.000915150914807, 0.000726226251572, 0.000577387050726, 0.000265783601208, 0.000410641223425, 0.000168006881722, 0.000168376369402, 0.000217181848711, 0.00013133174798, 0.000134272413561, 0.000201811591978, 8.1162150309e-05, 5.93984259467e-05, 6.57625350868e-05, 5.32981466677e-05, 5.02535440319e-05, 3.74985866074e-05, 2.48510914389e-05, 1.68225524249e-05, 1.07893329186e-05, 1.19654168884e-05, 6.69768405714e-06, 5.41466943105e-06, 1.19911028378e-05, 7.53869335313e-06, 5.56609211344e-06, 2.35507604884e-06],
        "mean": [0.00765831861645, 0.00559891900048, 0.00291049317457, 0.00179564370774, 0.000693977577612, 0.000436755333794, 0.000302209227812, 0.000165645411471, 7.37297814339e-05, 5.65266054764e-05, 4.46563353762e-05, 3.23456733895e-05, 2.4668084734e-05, 1.83499978448e-05, 1.41860873555e-05, 1.13381711344e-05, 7.26674943508e-06, 5.67719507671e-06, 4.47101683676e-06, 3.72285762751e-06, 3.217533731e-06, 2.52312088378e-06, 2.14393526221e-06, 1.62197932241e-06, 1.25978488086e-06, 1.11920905965e-06, 8.64854030169e-07, 6.57990256059e-07, 5.74767909711e-07, 4.77888931982e-07, 4.34225654544e-07, 2.77672313587e-07, 1.89534574702e-07, 1.89670146256e-07, 1.44298510918e-07, 1.07961547258e-07, 1.25017535879e-07, 8.8385505137e-08, 8.43161629405e-08, 4.22064836414e-08],
        "median": [0.00219472916797, 0.00308963470161, 0.00134390383027, 0.000605035631452, 0.00021188770188, 0.000130923595862, 8.36097897263e-05, 4.06840263167e-05, 1.83479314728e-05, 1.27947168949e-05, 1.06153102024e-05, 6.0665570345e-06, 4.25770986112e-06, 2.57419037553e-06, 2.07245102501e-06, 1.56408191287e-06, 9.89816498986e-07, 6.84647773141e-07, 5.72878093408e-07, 3.9584566025e-07, 2.87918680897e-07, 2.0712447224e-07, 1.47723284272e-07, 9.80086625191e-08, 7.78372495347e-08, 6.38382147145e-08, 4.6238092466e-08, 3.07270049404e-08, 2.22651923565e-08, 1.79802501776e-08, 1.27166757125e-08, 8.71345129383e-09, 6.34878105643e-09, 4.86634998964e-09, 3.2756102275e-09, 2.08946016045e-09, 1.49764556312e-09, 9.69545110863e-10, 6.28175234052e-10, 4.33789060228e-10],
        "min": [5.78536467279e-24, 5.16222214451e-24, 7.11010273523e-24, 9.43939362932e-24, 5.47669602235e-24, 9.53907961533e-24, 6.62518678135e-24, 1.05424223344e-23, 9.93201833197e-24, 6.22890013903e-24, 7.54579771293e-24, 7.30655118874e-24, 1.21047447911e-23, 6.64182622442e-24, 1.0601395209e-23, 5.85206365119e-24, 4.36309697562e-24, 1.28559849197e-23, 4.57307281593e-24, 6.07683891651e-24, 6.80579333015e-24, 5.59886020542e-24, 7.47931172698e-24, 1.17458343784e-23, 7.13572888174e-24, 8.47183521868e-24, 8.51864780252e-24, 9.817932479e-24, 5.82812132828e-24, 7.85975725346e-24, 5.36664874278e-24, 8.1398194409e-24, 8.53784552151e-24, 8.98370812742e-24, 6.9414340185e-24, 8.91639304866e-24, 9.03197537077e-24, 7.67630686109e-24, 9.99830315839e-24, 9.5673721117e-24],
        "var": [0.000138761897688, 5.02154289279e-05, 1.74119650183e-05, 9.18442674447e-06, 1.48604726746e-06, 6.48733248454e-07, 3.90015287621e-07, 1.29194020815e-07, 2.13091873036e-08, 1.36456685951e-08, 8.98294416629e-09, 4.82300066551e-09, 2.54791365784e-09, 1.48381729126e-09, 9.96201232617e-10, 6.39902020261e-10, 2.50089615683e-10, 1.73786846025e-10, 1.08646563968e-10, 7.59130952543e-11, 6.55756490775e-11, 3.9499552934e-11, 3.29635312102e-11, 2.11872273198e-11, 1.05509125742e-11, 8.83256662254e-12, 5.7574557101e-12, 3.51313683006e-12, 3.23987755027e-12, 2.15786980298e-12, 2.39752553748e-12, 8.37329446231e-13, 2.89762707101e-13, 3.21361833628e-13, 1.88803494865e-13, 1.0766415564e-13, 3.0747637509e-13, 1.33886242479e-13, 1.04965678076e-13, 1.83399929493e-14]
    },
    "mfcc": {
        "mean": [-786.011474609, 202.930480957, 38.0938339233, 34.2065010071, 14.7378826141, 12.8850564957, 6.02357625961, 5.31248426437, 2.06984043121, 1.86336195469, 0.292468905449, 0.976485848427, 0.417426466942],
        "cov": [[13860.1816406, -1062.33081055, -2681.47631836, 157.010284424, -738.117492676, -69.6397399902, -347.545166016, -156.095779419, -376.721191406, -268.604309082, -273.442138672, -79.3630523682, -149.278961182], [-1062.33081055, 1951.39550781, 78.4344329834, -62.633972168, 102.012046814, -50.6595153809, 27.778678894, -44.7728347778, 1.65335285664, -25.7243309021, 37.5736656189, 6.78939056396, 29.702085495], [-2681.47631836, 78.4344329834, 1187.51831055, 9.75476837158, 222.034011841, 75.8523788452, 91.2312164307, 70.9486541748, 106.750808716, 84.819984436, 60.9824867249, 28.6508998871, 38.1811637878], [157.010284424, -62.633972168, 9.75476837158, 289.813781738, 74.7001800537, 89.3691329956, 42.9229240417, 37.2900352478, 28.5209102631, 28.2261829376, 11.8907394409, 12.2361106873, 15.8961296082], [-738.117492676, 102.012046814, 222.034011841, 74.7001800537, 213.005447388, 88.8184814453, 75.4382781982, 47.8837852478, 56.6934051514, 45.6054229736, 36.8177642822, 19.8929672241, 25.1323223114], [-69.6397399902, -50.6595153809, 75.8523788452, 89.3691329956, 88.8184814453, 126.017311096, 66.8947296143, 49.0246353149, 39.4086837769, 33.6196365356, 20.5379066467, 13.6057920456, 17.1905784607], [-347.545166016, 27.778678894, 91.2312164307, 42.9229240417, 75.4382781982, 66.8947296143, 102.617584229, 57.9553146362, 46.1273918152, 27.4172706604, 21.9633197784, 10.03698349, 10.7268714905], [-156.095779419, -44.7728347778, 70.9486541748, 37.2900352478, 47.8837852478, 49.0246353149, 57.9553146362, 81.9194259644, 53.666595459, 33.0024147034, 17.9854030609, 12.022562027, 8.90945339203], [-376.721191406, 1.65335285664, 106.750808716, 28.5209102631, 56.6934051514, 39.4086837769, 46.1273918152, 53.666595459, 79.714050293, 48.3442420959, 26.6068191528, 13.3145027161, 14.8738737106], [-268.604309082, -25.7243309021, 84.819984436, 28.2261829376, 45.6054229736, 33.6196365356, 27.4172706604, 33.0024147034, 48.3442420959, 68.7588424683, 39.588180542, 19.3586330414, 16.1257247925], [-273.442138672, 37.5736656189, 60.9824867249, 11.8907394409, 36.8177642822, 20.5379066467, 21.9633197784, 17.9854030609, 26.6068191528, 39.588180542, 61.6281585693, 35.1533355713, 20.334646225], [-79.3630523682, 6.78939056396, 28.6508998871, 12.2361106873, 19.8929672241, 13.6057920456, 10.03698349, 12.022562027, 13.3145027161, 19.3586330414, 35.1533355713, 54.5649414062, 31.5018405914], [-149.278961182, 29.702085495, 38.1811637878, 15.8961296082, 25.1323223114, 17.1905784607, 10.7268714905, 8.90945339203, 14.8738737106, 16.1257247925, 20.334646225, 31.5018405914, 55.5812263489]],
