{
"lowlevel": {
    "average_loudness": 0.950114905834,
    "barkbands_crest": {
        "dmean": 4.08187532425,
        "dmean2": 6.8245100975,
        "dvar": 10.6644868851,
        "dvar2": 32.1984901428,
        "max": 25.8204135895,
        "mean": 15.0261640549,
        "median": 14.8509216309,
        "min": 2.71096301079,
        "var": 23.0548343658
    },
    "barkbands_flatness_db": {
        "dmean": 0.0620734766126,
        "dmean2": 0.096932053566,
        "dvar": 0.00367824593559,
        "dvar2": 0.00818726699799,
        "max": 0.592938005924,
        "mean": 0.254253208637,
        "median": 0.242587357759,
        "min": 0.0328537784517,
        "var": 0.0101123349741
    },
    "barkbands_kurtosis": {
        "dmean": 28.5034542084,
        "dmean2": 47.1923942566,
        "dvar": 2231.47485352,
        "dvar2": 5752.65478516,
        "max": 679.742797852,
        "mean": 38.2465248108,
        "median": 16.951593399,
        "min": -1.47264039516,
        "var": 3332.38964844
    },
    "barkbands_skewness": {
        "dmean": 1.70622062683,
        "dmean2": 2.74071645737,
        "dvar": 3.20192503929,
        "dvar2": 7.77086830139,
        "max": 20.2201156616,
        "mean": 4.15143442154,
        "median": 3.29294252396,
        "min": -1.90021312237,
        "var": 8.24162483215
    },
    "barkbands_spread": {
        "dmean": 5.73818159103,
        "dmean2": 9.70078659058,
        "dvar": 73.7563552856,
        "dvar2": 190.202392578,
        "max": 69.2754592896,
        "mean": 7.77339982986,
        "median": 5.09015750885,
        "min": 0.166199222207,
        "var": 72.740486145
    },
    "dissonance": {
        "dmean": 0.0314567238092,
        "dmean2": 0.0517120435834,
        "dvar": 0.000781538372394,
        "dvar2": 0.00203824229538,
        "max": 0.500000059605,
        "mean": 0.440121769905,
        "median": 0.449476838112,
        "min": 0.130251154304,
        "var": 0.00211779866368
    },
    "dynamic_complexity": 2.76689815521,
    "erbbands_crest": {
        "dmean": 3.50481510162,
        "dmean2": 5.63594675064,
        "dvar": 10.7359437943,
        "dvar2": 29.6199378967,
        "max": 30.6783714294,
        "mean": 10.4726657867,
        "median": 9.77565860748,
        "min": 2.08851742744,
        "var": 20.1873645782
    },
    "erbbands_flatness_db": {
        "dmean": 0.0249065104872,
        "dmean2": 0.0360905639827,
        "dvar": 0.000602936663199,
        "dvar2": 0.00122353399638,
        "max": 0.422430634499,
        "mean": 0.161464393139,
        "median": 0.145334526896,
        "min": 0.0347283706069,
        "var": 0.00459999963641
    },
    "erbbands_kurtosis": {
        "dmean": 2.09617948532,
        "dmean2": 3.23210406303,
        "dvar": 7.78895235062,
        "dvar2": 19.4896411896,
        "max": 38.4377670288,
        "mean": 2.29303908348,
        "median": 1.13044643402,
        "min": -1.84245896339,
        "var": 13.8128051758
    },
    "erbbands_skewness": {
        "dmean": 0.543253839016,
        "dmean2": 0.829702615738,
        "dvar": 0.277274399996,
        "dvar2": 0.709928750992,
        "max": 4.71861839294,
        "mean": 1.17560994625,
        "median": 1.10498583317,
        "min": -1.70962584019,
        "var": 0.64935284853
    },
    "erbbands_spread": {
        "dmean": 11.9920845032,
        "dmean2": 17.9206600189,
        "dvar": 177.30632019,
        "dvar2": 387.07989502,
        "max": 161.917755127,
        "mean": 40.0599479675,
        "median": 34.291934967,
        "min": 2.94418668747,
        "var": 624.455871582
    },
    "hfc": {
        "dmean": 12.7045660019,
        "dmean2": 22.0997447968,
        "dvar": 381.734558105,
        "dvar2": 1058.8326416,
        "max": 185.363967896,
        "mean": 17.5689754486,
        "median": 12.617181778,
        "min": 1.12877873717e-16,
        "var": 366.871765137
    },
    "melbands_crest": {
        "dmean": 4.95305252075,
        "dmean2": 8.26615428925,
        "dvar": 20.2957725525,
        "dvar2": 55.8252449036,
        "max": 38.5722045898,
        "mean": 21.5046920776,
        "median": 21.0665836334,
        "min": 1.88431346416,
        "var": 46.991268158
    },
    "melbands_flatness_db": {
        "dmean": 0.0728929713368,
        "dmean2": 0.113752879202,
        "dvar": 0.00521369976923,
        "dvar2": 0.0116575034335,
        "max": 0.744914591312,
        "mean": 0.358740955591,
        "median": 0.349403858185,
        "min": 0.00267526484095,
        "var": 0.0134598715231
    },
    "melbands_kurtosis": {
        "dmean": 52.5114250183,
        "dmean2": 84.1857452393,
        "dvar": 7583.70361328,
        "dvar2": 17909.4042969,
        "max": 1343.59387207,
        "mean": 77.5276794434,
        "median": 29.4895706177,
        "min": -1.26753020287,
        "var": 14630.4951172
    },
    "melbands_skewness": {
        "dmean": 2.0007879734,
        "dmean2": 3.17682170868,
        "dvar": 5.03766584396,
        "dvar2": 11.9334506989,
        "max": 28.8322372437,
        "mean": 5.23822593689,
        "median": 4.00988531113,
        "min": -0.938875257969,
        "var": 13.7027730942
    },
    "melbands_spread": {
        "dmean": 4.64848089218,
        "dmean2": 7.92483711243,
        "dvar": 45.8104248047,
        "dvar2": 114.610107422,
        "max": 143.523498535,
        "mean": 6.20613765717,
        "median": 3.78549695015,
        "min": 0.138480320573,
        "var": 55.0365524292
    },
    "pitch_salience": {
        "dmean": 0.115880966187,
        "dmean2": 0.189828872681,
        "dvar": 0.0109209958464,
        "dvar2": 0.0298011787236,
        "max": 0.991570234299,
        "mean": 0.416108250618,
        "median": 0.423806130886,
        "min": 0.0464415550232,
        "var": 0.0239145308733
    },
    "silence_rate_20dB": {
        "dmean": 0,
        "dmean2": 0,
        "dvar": 0,
        "dvar2": 0,
        "max": 1,
        "mean": 1,
        "median": 1,
        "min": 1,
        "var": 0
    },
    "silence_rate_30dB": {
        "dmean": 0.226222127676,
        "dmean2": 0.452490538359,
        "dvar": 0.175033509731,
        "dvar2": 0.35148203373,
        "max": 1,
        "mean": 0.663564801216,
        "median": 1,
        "min": 0,
        "var": 0.22324103117
    },
    "silence_rate_60dB": {
        "dmean": 0.0304765794426,
        "dmean2": 0.0609593950212,
        "dvar": 0.0295490715653,
        "dvar2": 0.0633866786957,
        "max": 1,
        "mean": 0.0718887448311,
        "median": 0,
        "min": 0,
        "var": 0.0667136311531
    },
    "spectral_centroid": {
        "dmean": 287.644195557,
        "dmean2": 471.485565186,
        "dvar": 162000.53125,
        "dvar2": 406852.5625,
        "max": 10873.2138672,
        "mean": 609.480712891,
        "median": 476.81463623,
        "min": 99.3695068359,
        "var": 214665.046875
    },
    "spectral_complexity": {
        "dmean": 5.52382898331,
        "dmean2": 8.74440002441,
        "dvar": 48.0255050659,
        "dvar2": 117.090492249,
        "max": 56,
        "mean": 11.2366294861,
        "median": 9,
        "min": 0,
        "var": 70.6471939087
    },
    "spectral_decrease": {
        "dmean": 1.21594334601e-08,
        "dmean2": 2.05735606329e-08,
        "dvar": 1.79763009834e-16,
        "dvar2": 5.05757867091e-16,
        "max": 1.09435383893e-28,
        "mean": -2.09916315441e-08,
        "median": -1.87261868234e-08,
        "min": -1.20930735648e-07,
        "var": 2.56045777977e-16
    },
    "spectral_energy": {
        "dmean": 0.0466127060354,
        "dmean2": 0.0789988487959,
        "dvar": 0.00260288501158,
        "dvar2": 0.0073209265247,
        "max": 0.461041629314,
        "mean": 0.0808207765222,
        "median": 0.0723110809922,
        "min": 1.05352033104e-20,
        "var": 0.00374801876023
    },
    "spectral_energyband_high": {
        "dmean": 0.00066599791171,
        "dmean2": 0.00117752701044,
        "dvar": 2.44651073444e-06,
        "dvar2": 6.94407754054e-06,
        "max": 0.015457672067,
        "mean": 0.000614640070125,
        "median": 0.000156478447025,
        "min": 7.27097009092e-21,
        "var": 1.7941531496e-06
    },
    "spectral_energyband_low": {
        "dmean": 0.0420352555811,
        "dmean2": 0.0722253248096,
        "dvar": 0.00258756638505,
        "dvar2": 0.00726538477466,
        "max": 0.456071048975,
        "mean": 0.0641301199794,
        "median": 0.0522926487029,
        "min": 5.56878874883e-23,
        "var": 0.00320328096859
    },
    "spectral_energyband_middle_high": {
        "dmean": 0.00219377991743,
        "dmean2": 0.00381001923233,
        "dvar": 1.71448318724e-05,
        "dvar2": 4.57329697383e-05,
        "max": 0.0478797778487,
        "mean": 0.00198703329079,
        "median": 0.000637803343125,
        "min": 1.69740389948e-21,
        "var": 1.38109608088e-05
    },
    "spectral_energyband_middle_low": {
        "dmean": 0.00930813327432,
        "dmean2": 0.014642813243,
        "dvar": 0.000188522739336,
        "dvar2": 0.000488103571115,
        "max": 0.130477234721,
        "mean": 0.0167074929923,
        "median": 0.0113055482507,
        "min": 2.71397863053e-22,
        "var": 0.000313997181365
    },
    "spectral_entropy": {
        "dmean": 0.398307144642,
        "dmean2": 0.572189986706,
        "dvar": 0.169423222542,
        "dvar2": 0.368384987116,
        "max": 9.81041049957,
        "mean": 7.04765796661,
        "median": 7.14932727814,
        "min": 4.12055015564,
        "var": 0.579565167427
    },
    "spectral_flux": {
        "dmean": 0.0658027306199,
        "dmean2": 0.106935240328,
        "dvar": 0.00435567460954,
        "dvar2": 0.0114891957492,
        "max": 0.612398803234,
        "mean": 0.143531575799,
        "median": 0.136848777533,
        "min": 6.55416207418e-11,
        "var": 0.00864704791456
    },
    "spectral_kurtosis": {
        "dmean": 4.80525922775,
        "dmean2": 7.21624231339,
        "dvar": 91.1329727173,
        "dvar2": 181.129058838,
        "max": 209.686523438,
        "mean": 9.39504146576,
        "median": 4.44944047928,
        "min": -1.25707781315,
        "var": 249.969985962
    },
    "spectral_rms": {
        "dmean": 0.00245142332278,
        "dmean2": 0.00401833234355,
        "dvar": 5.17281569046e-06,
        "dvar2": 1.42086482811e-05,
        "max": 0.0212084110826,
        "mean": 0.00808672420681,
        "median": 0.00839924998581,
        "min": 3.20597042837e-12,
        "var": 1.34542005981e-05
    },
    "spectral_rolloff": {
        "dmean": 230.66557312,
        "dmean2": 415.242828369,
        "dvar": 243519.5625,
        "dvar2": 596091.75,
        "max": 19272.2167969,
        "mean": 343.449371338,
        "median": 215.33203125,
        "min": 43.06640625,
        "var": 288872.90625
    },
    "spectral_skewness": {
        "dmean": 0.469288855791,
        "dmean2": 0.703175067902,
        "dvar": 0.369924366474,
        "dvar2": 0.773883104324,
        "max": 11.3536367416,
        "mean": 2.15534090996,
        "median": 1.81678318977,
        "min": -0.0194046068937,
        "var": 1.32899236679
    },
    "spectral_spread": {
        "dmean": 888754.8125,
        "dmean2": 1153660.125,
        "dvar": 1.09246211686e+12,
        "dvar2": 1.48307718963e+12,
        "max": 41069160,
        "mean": 4950077,
        "median": 4688985.5,
        "min": 399166.5,
        "var": 6.71670389965e+12
    },
    "spectral_strongpeak": {
        "dmean": 0.303417295218,
        "dmean2": 0.52937579155,
        "dvar": 0.158010169864,
        "dvar2": 0.426173835993,
        "max": 4.51566314697,
        "mean": 0.500068485737,
        "median": 0.331352174282,
        "min": 0,
        "var": 0.190313771367
    },
    "zerocrossingrate": {
        "dmean": 0.00827646162361,
        "dmean2": 0.0111513109878,
        "dvar": 0.00011688923405,
        "dvar2": 0.000176635527168,
        "max": 0.5986328125,
        "mean": 0.02203636989,
        "median": 0.017578125,
        "min": 0.00146484375,
        "var": 0.000436351780081
    },
    "barkbands": {
        "dmean": [0.00237238383852, 0.0309338327497, 0.0130081512034, 0.00245731254108, 0.00263401563279, 0.00208586710505, 0.000772767991293, 0.00118992314674, 0.00264973705634, 0.000611626892351, 0.000490248203278, 0.000380821380531, 0.000208898462006, 0.000168931757798, 0.00013435188157, 0.000157692105859, 0.000116805291327, 0.000131272652652, 0.000123112811707, 0.000117711846542, 0.000181436495041, 0.000118566284073, 0.00010174169438, 6.79135409882e-05, 8.7257285486e-05, 7.58063179092e-05, 2.66891879619e-06],
        "dmean2": [0.004105752334, 0.0545776076615, 0.021820789203, 0.00388338672929, 0.003747289069, 0.0032130938489, 0.00125030672643, 0.001955606509, 0.00488686794415, 0.00102749629878, 0.00086020946037, 0.00065357045969, 0.000363403465599, 0.000302648404613, 0.000238042266574, 0.000287787319394, 0.00020735617727, 0.000240237364778, 0.000224338960834, 0.000216748259845, 0.000334607611876, 0.000216718413867, 0.000181233888725, 0.00011614763207, 0.000141025404446, 0.000132724657306, 4.72149122288e-06],
        "dvar": [9.19138892641e-06, 0.00157538696658, 0.000679548655171, 1.94797830773e-05, 2.52440495387e-05, 1.53722394316e-05, 2.30269665735e-06, 5.72546014155e-06, 4.27531522291e-05, 2.24447398978e-06, 1.32385912366e-06, 7.48941829443e-07, 2.0162278247e-07, 1.12930990781e-07, 8.14773457591e-08, 1.54628367e-07, 5.5249962827e-08, 7.28891933477e-08, 7.00383111507e-08, 7.47074011542e-08, 3.79502523629e-07, 9.15200217833e-08, 6.33612771139e-08, 2.16114077745e-08, 4.3473161071e-08, 3.9006938124e-08, 7.01910890522e-11],
        "dvar2": [2.57216233877e-05, 0.00453310227022, 0.00183074001689, 4.79733826069e-05, 5.75997546548e-05, 3.87654035876e-05, 5.6076414694e-06, 1.34287020046e-05, 0.000120501848869, 5.96338031755e-06, 3.32229478772e-06, 1.77954791525e-06, 5.40997234566e-07, 3.03860076656e-07, 2.14054807657e-07, 4.38802402414e-07, 1.52676392418e-07, 2.02963192919e-07, 1.97318939854e-07, 2.13243012581e-07, 1.09970665108e-06, 2.61760987996e-07, 1.79341185458e-07, 6.01476557449e-08, 1.16775069614e-07, 1.12609363612e-07, 1.95739521813e-10],
        "max": [0.0319788716733, 0.363564282656, 0.30487203598, 0.0763938352466, 0.0868451148272, 0.0622017532587, 0.046762149781, 0.054808344692, 0.0577717460692, 0.0424623563886, 0.0309667307884, 0.0276118144393, 0.0103660728782, 0.00641059502959, 0.00532417977229, 0.00555982906371, 0.00384247023612, 0.00301635707729, 0.00288455467671, 0.00272545986809, 0.0104050394148, 0.00266550527886, 0.00319911143743, 0.0020036934875, 0.00284329918213, 0.00210703327321, 0.000101464320323],
        "mean": [0.00589025951922, 0.0418196767569, 0.0139437615871, 0.00379303470254, 0.00493166968226, 0.00339292455465, 0.00100071751513, 0.00142198451795, 0.00182228349149, 0.000563694455195, 0.000394243223127, 0.000321247265674, 0.000160081748618, 0.000141378113767, 0.000115790680866, 0.000121925579151, 0.000114823094918, 0.000107584783109, 0.00010154498159, 9.81223638519e-05, 0.000138538278406, 9.63713537203e-05, 8.92715906957e-05, 7.16206777724e-05, 9.18391233427e-05, 7.42060801713e-05, 2.09067297874e-06],
        "median": [0.00642259512097, 0.0313413701952, 0.00518404413015, 0.00157261488494, 0.00134008924942, 0.000845197238959, 0.000285852816887, 0.000294185767416, 0.000232388498262, 8.8259432232e-05, 5.70321499254e-05, 5.56698287255e-05, 1.89780948858e-05, 3.21925435856e-05, 2.47518328251e-05, 2.38129850914e-05, 3.44107465935e-05, 2.33814498642e-05, 2.38262236962e-05, 2.15600684896e-05, 2.51139572356e-05, 1.98062498384e-05, 1.91175022337e-05, 1.90718910744e-05, 1.25431070046e-05, 6.85201393935e-06, 8.25837460638e-08],
        "min": [8.67816099958e-24, 1.33666769037e-23, 9.68561841709e-24, 3.1513317623e-23, 3.47766395504e-23, 3.36906305194e-23, 3.5454719141e-23, 2.48275857672e-23, 5.79944473554e-23, 6.39440236808e-23, 7.72468628046e-23, 2.018824051e-22, 1.47228253563e-22, 6.71181727715e-23, 9.27616300413e-23, 1.51274289592e-22, 1.33743061353e-22, 1.96527427948e-22, 2.34217321355e-22, 2.91400926985e-22, 1.84220655091e-22, 3.55828042774e-22, 7.55070092522e-22, 6.88057961589e-22, 1.05237609146e-21, 1.57612712497e-21, 2.15179545492e-21],
        "var": [2.62723606284e-05, 0.00183968723286, 0.000565514725167, 3.8540460082e-05, 6.86562852934e-05, 2.97340684483e-05, 3.5384837247e-06, 8.35202808958e-06, 2.60329725279e-05, 1.97168742488e-06, 1.21351126836e-06, 7.53195706693e-07, 1.49125710891e-07, 8.82948754111e-08, 6.52684235547e-08, 9.86822357163e-08, 4.32395879102e-08, 5.06445445581e-08, 4.93364780141e-08, 4.93171050664e-08, 2.21269544909e-07, 5.9157770238e-08, 4.56211743938e-08, 1.9241396032e-08, 4.17317451706e-08, 3.28207150346e-08, 4.96814672735e-11]
    },
    "erbbands": {
        "dmean": [1.32328808308, 5.4624042511, 13.8331537247, 11.1272506714, 5.87014436722, 9.73512172699, 16.7829666138, 14.8929719925, 12.79778862, 18.3407783508, 33.658908844, 66.4768829346, 25.5444965363, 18.6336250305, 18.3725166321, 15.6548995972, 9.55884742737, 9.85176563263, 6.69925308228, 8.19900798798, 7.81860351562, 6.47781991959, 6.72573137283, 6.79197406769, 6.44906234741, 5.6781411171, 5.09316921234, 8.58480834961, 4.54575204849, 3.74432277679, 2.60216140747, 1.49853956699, 1.27245223522, 1.05091261864, 0.536856293678, 0.343348324299, 0.139172539115, 0.0188388247043, 0.000391586130718, 5.883310223e-05],
        "dmean2": [2.36828970909, 9.47523498535, 23.1464252472, 17.7261180878, 8.72955703735, 13.9908714294, 25.173078537, 23.8869876862, 19.0282096863, 29.728219986, 58.1975097656, 122.82283783, 43.5948677063, 32.9901847839, 31.8000183105, 26.4450798035, 16.4242095947, 17.5443897247, 11.78718853, 14.796298027, 14.1704378128, 11.5216016769, 12.2497787476, 12.3326234818, 11.8637037277, 10.4491205215, 9.18831729889, 16.0695915222, 8.30967617035, 6.74863767624, 4.65185689926, 2.55607461929, 2.20918893814, 1.75550758839, 0.845908105373, 0.592851161957, 0.24569131434, 0.0327346734703, 0.000680981436744, 0.000101111611002],
        "dvar": [3.57487916946, 44.8029403687, 732.237976074, 378.694213867, 117.309890747, 421.309265137, 1142.08850098, 924.008300781, 552.648071289, 1780.91369629, 4871.57763672, 28558.0820312, 3306.11621094, 2027.1661377, 1994.18762207, 1297.41992188, 391.907714844, 398.033813477, 209.481338501, 282.409759521, 380.289489746, 179.84765625, 180.947540283, 185.752319336, 237.141342163, 185.947311401, 148.622299194, 1152.8404541, 130.617370605, 82.974029541, 41.2598762512, 10.3709201813, 8.69674301147, 6.36916971207, 1.63396596909, 0.783492088318, 0.133566081524, 0.00242891977541, 1.02739022623e-06, 3.98892119335e-09],
        "dvar2": [10.3143968582, 123.896659851, 1957.31445312, 967.361877441, 238.724090576, 947.602844238, 2809.76904297, 2426.21972656, 1188.8347168, 3882.50463867, 13118.6894531, 80535.34375, 8706.578125, 5594.37011719, 4756.33935547, 2991.6171875, 1024.4744873, 1071.87536621, 545.086914062, 778.301086426, 1075.76184082, 500.14743042, 500.424316406, 526.718322754, 671.32989502, 530.506469727, 418.546112061, 3365.74389648, 372.840606689, 234.87701416, 118.030105591, 28.4721126556, 24.6608638763, 17.6484565735, 4.22562980652, 2.22052645683, 0.390473127365, 0.00691357580945, 2.92610002361e-06, 1.16199663225e-08],
        "max": [14.6733341217, 72.5967102051, 316.213684082, 284.705932617, 177.428573608, 395.923431396, 549.969299316, 481.840606689, 532.278137207, 1329.13085938, 925.737243652, 1508.56896973, 1308.66113281, 1039.81555176, 1533.22265625, 1151.55627441, 428.475219727, 344.338256836, 333.54019165, 196.263076782, 305.695892334, 184.70300293, 161.85144043, 139.19934082, 164.916931152, 151.682769775, 143.755157471, 605.227294922, 112.662857056, 96.0145111084, 106.431297302, 34.3813667297, 46.791217804, 35.9955444336, 19.7470550537, 9.81834697723, 3.77460169792, 0.561973452568, 0.0107847331092, 0.000539407366887],
        "mean": [1.83682203293, 6.83759355545, 15.2564487457, 16.4767208099, 10.2251148224, 17.8053283691, 29.2417831421, 21.751209259, 19.4440116882, 22.6400699615, 33.5158157349, 45.190990448, 22.6499919891, 14.3531341553, 15.336315155, 13.6003284454, 7.67816781998, 8.20767974854, 5.62087917328, 6.92064380646, 6.5221118927, 6.18377494812, 5.67916536331, 5.82023191452, 5.13380241394, 4.6627035141, 4.42172336578, 6.12590742111, 3.65311861038, 3.16497659683, 2.33430457115, 1.54920876026, 1.26564311981, 1.05907487869, 0.594844222069, 0.340500503778, 0.133542314172, 0.0183524973691, 0.000403695419664, 0.00010229684267],
        "median": [1.44297003746, 4.77739524841, 6.92036437988, 7.00358819962, 3.51827502251, 4.24761486053, 6.26988220215, 5.98473978043, 5.0406460762, 5.07842683792, 7.01538991928, 6.61962413788, 3.6039454937, 2.22735786438, 2.48077344894, 2.46590328217, 1.20581483841, 1.87722885609, 1.32301914692, 1.77005541325, 1.82791352272, 1.76510417461, 1.36808359623, 1.48991405964, 1.02797174454, 0.994337797165, 0.995799839497, 0.932344198227, 0.722657740116, 0.665951907635, 0.543896377087, 0.414004564285, 0.29052478075, 0.159247905016, 0.0792316943407, 0.0331050753593, 0.0112303309143, 0.00164167385083, 7.73162828409e-05, 9.04827611521e-05],
        "min": [6.94024880232e-22, 2.01656980207e-21, 7.91831000608e-21, 7.81094567842e-20, 6.10253466263e-20, 1.12073977412e-19, 3.61423850753e-19, 2.36876299897e-19, 2.98217687678e-19, 5.09733302078e-19, 9.6159632472e-19, 1.22324761454e-18, 1.4629627983e-18, 2.12658581551e-18, 5.68298682064e-18, 7.37264425607e-18, 6.30789116774e-18, 3.59306206346e-18, 3.85264953766e-18, 7.21620206836e-18, 8.08847312329e-18, 9.03272460793e-18, 1.03578745667e-17, 8.32795762705e-18, 1.0429802884e-17, 1.4097200774e-17, 8.91903690454e-18, 9.8096870855e-18, 1.03681862002e-17, 1.56281962826e-17, 1.77787864659e-17, 1.46522323476e-17, 1.18676305587e-17, 1.11411169995e-17, 6.59717773465e-18, 4.8124999943e-18, 3.12068444464e-18, 1.28552097638e-18, 3.00019959137e-19, 3.53286610111e-20],
        "var": [3.95820593834, 55.6328277588, 627.182250977, 519.238830566, 366.725646973, 1159.74963379, 2513.49902344, 1368.59753418, 1324.53918457, 2841.76025391, 4499.73925781, 17181.34375, 2977.77294922, 1421.36120605, 2031.20812988, 1392.82385254, 315.274047852, 307.253692627, 169.557220459, 200.657333374, 247.834182739, 134.403625488, 128.533294678, 133.995788574, 158.083999634, 121.303314209, 102.531768799, 643.946166992, 85.112197876, 57.4832611084, 29.449048996, 9.2295293808, 7.08929538727, 5.57059955597, 1.73442614079, 0.680098414421, 0.109288409352, 0.00206769723445, 8.62102808696e-07, 6.4205107897e-09]
    },
    "gfcc": {
        "mean": [-45.1861457825, 125.274169922, -70.6323623657, 38.4920539856, -45.6803131104, 16.1417732239, -21.5097980499, 14.148888588, -12.1815509796, 3.00616788864, -11.9625406265, -0.186127126217, -7.05552721024],
        "cov": [[14304.875, -3859.96923828, 339.47644043, 598.894287109, -1192.6484375, 806.977478027, -892.522827148, 778.995910645, -563.320800781, 976.159729004, -349.658966064, 702.909790039, -384.474731445], [-3859.96923828, 2708.04833984, -462.488891602, -303.668945312, 526.142333984, -549.568054199, 389.839050293, -597.707275391, 255.8334198, -595.063171387, 240.382675171, -388.454467773, 284.873474121], [339.47644043, -462.488891602, 1498.23168945, 176.837783813, 172.110229492, 203.80531311, -54.5885734558, 170.167434692, -82.6420440674, 187.25592041, -89.3047485352, 113.25868988, -47.6787948608], [598.894287109, -303.668945312, 176.837783813, 313.121276855, 0.141180083156, 81.4048233032, -43.2590675354, 46.7406692505, 7.15056037903, 66.6640472412, -4.77296447754, 48.852142334, 1.79269170761], [-1192.6484375, 526.142333984, 172.110229492, 0.141180083156, 398.019104004, -24.7906131744, 191.024154663, -47.6819419861, 98.5649871826, -61.9830627441, 66.4800262451, -54.3291625977, 53.4376907349], [806.977478027, -549.568054199, 203.80531311, 81.4048233032, -24.7906131744, 241.723312378, 3.95274114609, 181.964202881, -18.4152050018, 136.438262939, -38.2604141235, 67.9539489746, -64.763885498], [-892.522827148, 389.839050293, -54.5885734558, -43.2590675354, 191.024154663, 3.95274114609, 231.345748901, 3.65021848679, 115.2629776, -57.8638458252, 64.3432693481, -63.3516960144, 35.9174690247], [778.995910645, -597.707275391, 170.167434692, 46.7406692505, -47.6819419861, 181.964202881, 3.65021848679, 265.523468018, 22.7720890045, 173.865432739, -30.8117160797, 91.9946670532, -64.8502197266], [-563.320800781, 255.8334198, -82.6420440674, 7.15056037903, 98.5649871826, -18.4152050018, 115.2629776, 22.7720890045, 143.510437012, -12.3026609421, 65.8848953247, -31.8254146576, 49.0116004944], [976.159729004, -595.063171387, 187.25592041, 66.6640472412, -61.9830627441, 136.438262939, -57.8638458252, 173.865432739, -12.3026609421, 224.987503052, -9.1492433548, 132.739944458, -47.2793693542], [-349.658966064, 240.382675171, -89.3047485352, -4.77296447754, 66.4800262451, -38.2604141235, 64.3432693481, -30.8117160797, 65.8848953247, -9.1492433548, 95.6125183105, 2.34370207787, 47.5442047119], [702.909790039, -388.454467773, 113.25868988, 48.852142334, -54.3291625977, 67.9539489746, -63.3516960144, 91.9946670532, -31.8254146576, 132.739944458, 2.34370207787, 135.561431885, -3.9398598671], [-384.474731445, 284.873474121, -47.6787948608, 1.79269170761, 53.4376907349, -64.763885498, 35.9174690247, -64.8502197266, 49.0116004944, -47.2793693542, 47.5442047119, -3.9398598671, 103.412956238]],
        "icov": [[0.000183068550541, -0.000355557451257, 0.000147099286551, -0.000366393069271, 0.000350231624907, -0.000445729936473, 0.000270463904599, -0.00038740853779, 0.000657102325931, -0.000756981316954, 0.000392945366912, -0.000314636505209, 8.70940493769e-05], [-0.000355557451257, 0.00564740877599, -0.00105224980507, 0.00294743455015, -0.0025176324416, 0.00371531466953, -0.00193125742953, 0.00471594743431, -0.00443171523511, 0.00608183909208, -0.00542691862211, 0.00389067362994, -0.0026351113338], [0.000147099286551, -0.00105224980507, 0.001313464134, -0.000965274462942, -0.000513535924256, -0.00100748403929, 0.000810192141216, -0.001355801709, 0.00196465104818, -0.00208881846629, 0.00189246924128, -0.000461622345028, -0.000203118266654], [-0.000366393069271, 0.00294743455015, -0.000965274462942, 0.00595189025626, -0.00179669924546, -9.1605943453e-05, 0.000780086382292, 0.00392545480281, -0.00528269587085, 0.00384511472657, -0.00271333451383, 0.00103422848042, -0.00141950475518], [0.000350231624907, -0.0025176324416, -0.000513535924256, -0.00179669924546, 0.0069711166434, -0.00166919326875, -0.00338524137624, -0.000349855457898, 0.00132330181077, -0.00306620681658, 0.00186518579721, -0.00234739854932, 0.00136465183459], [-0.000445729936473, 0.00371531466953, -0.00100748403929, -9.1605943453e-05, -0.00166919326875, 0.0144168753177, -0.00524811446667, -0.0031041931361, 0.00160788500216, 0.00161210552324, -0.00298387603834, 0.00440974766389, -0.00107241584919], [0.000270463904599, -0.00193125742953, 0.000810192141216, 0.000780086382292, -0.00338524137624, -0.00524811446667, 0.014690711163, -0.00372026883997, -0.0037561901845, 0.00114024034701, -0.00199271226302, 0.000833684462123, 0.000962279038504], [-0.00038740853779, 0.00471594743431, -0.001355801709, 0.00392545480281, -0.000349855457898, -0.0031041931361, -0.00372026883997, 0.0204809717834, -0.0139504475519, 0.00101569935214, 0.00189224223141, -0.0031864864286, 0.00333258672617], [0.000657102325931, -0.00443171523511, 0.00196465104818, -0.00528269587085, 0.00132330181077, 0.00160788500216, -0.0037561901845, -0.0139504475519, 0.0293359383941, -0.0111634247005, -0.00467053288594, 0.00925898458809, -0.0079793035984], [-0.000756981316954, 0.00608183909208, -0.00208881846629, 0.00384511472657, -0.00306620681658, 0.00161210552324, 0.00114024034701, 0.00101569935214, -0.0111634247005, 0.0280563328415, -0.00885732471943, -0.0103039341047, 0.00403462164104], [0.000392945366912, -0.00542691862211, 0.00189246924128, -0.00271333451383, 0.00186518579721, -0.00298387603834, -0.00199271226302, 0.00189224223141, -0.00467053288594, -0.00885732471943, 0.0288482811302, -0.0110612604767, 0.000855962221976], [-0.000314636505209, 0.00389067362994, -0.000461622345028, 0.00103422848042, -0.00234739854932, 0.00440974766389, 0.000833684462123, -0.0031864864286, 0.00925898458809, -0.0103039341047, -0.0110612604767, 0.0316403359175, -0.0132395708933], [8.70940493769e-05, -0.0026351113338, -0.000203118266654, -0.00141950475518, 0.00136465183459, -0.00107241584919, 0.000962279038504, 0.00333258672617, -0.0079793035984, 0.00403462164104, 0.000855962221976, -0.0132395708933, 0.0222909450531]]
    },
    "melbands": {
        "dmean": [0.00968800112605, 0.00671110348776, 0.00178721861448, 0.000494421634357, 0.000573841040023, 0.000353583862307, 0.000190200444194, 0.000210983984289, 0.000331275281496, 0.000389757769881, 0.000112905181595, 7.14758207323e-05, 6.23097730568e-05, 4.58875329059e-05, 3.00303781842e-05, 2.01620841835e-05, 1.8406950403e-05, 1.07030309664e-05, 1.0128644135e-05, 1.20118884297e-05, 8.67228118295e-06, 6.87325564286e-06, 5.76839829591e-06, 6.82100562699e-06, 5.43217038285e-06, 4.34260437032e-06, 4.6538625611e-06, 3.59959517482e-06, 2.83422650682e-06, 4.6375812417e-06, 4.73458294437e-06, 2.68441999651e-06, 2.00221484192e-06, 2.13842122321e-06, 1.56777468874e-06, 1.1309467709e-06, 8.82581559836e-07, 8.31296176784e-07, 1.09601603526e-06, 7.89180205629e-07],
        "dmean2": [0.0172339864075, 0.0111472373828, 0.00282786670141, 0.000726284517441, 0.000838966225274, 0.000554051192012, 0.000284566078335, 0.000342153391102, 0.000583899149206, 0.000720907468349, 0.000191742452444, 0.000127321705804, 0.00010894935258, 7.80743503128e-05, 5.12036931468e-05, 3.53962714144e-05, 3.29601753037e-05, 1.88877475011e-05, 1.79612834472e-05, 2.19582780119e-05, 1.56659589265e-05, 1.21939738165e-05, 1.03567426777e-05, 1.25278311316e-05, 9.85519727692e-06, 7.95745654614e-06, 8.60983891471e-06, 6.5973645178e-06, 5.11186271979e-06, 8.54355312185e-06, 8.8681381385e-06, 4.91951368531e-06, 3.65132973457e-06, 3.81974132324e-06, 2.82795303974e-06, 1.97412327907e-06, 1.50479536387e-06, 1.44610396546e-06, 1.92952325051e-06, 1.2855133491e-06],
        "dvar": [0.000176022032974, 0.000115745548101, 9.21671380638e-06, 7.61328863064e-07, 1.26657619148e-06, 4.67943209514e-07, 1.17823674373e-07, 2.32657768606e-07, 5.13520888035e-07, 9.78159960141e-07, 7.33044913659e-08, 3.2812124573e-08, 2.13866790943e-08, 9.96466908987e-09, 5.39836708668e-09, 1.96250837803e-09, 1.43033451749e-09, 5.55238910405e-10, 4.33827723745e-10, 6.97276902883e-10, 5.33772692712e-10, 2.14959397504e-10, 1.26214511065e-10, 2.1466457778e-10, 1.20386103863e-10, 9.81431672042e-11, 1.33795807766e-10, 7.11655040453e-11, 4.67388107384e-11, 2.24863933029e-10, 3.42854383772e-10, 4.65970664831e-11, 2.75556123058e-11, 2.7141816572e-11, 1.5375610507e-11, 7.20247863087e-12, 3.65017044368e-12, 3.74455197752e-12, 7.29532233235e-12, 3.45449341875e-12],
        "dvar2": [0.000504775031004, 0.000309693918098, 2.34043600358e-05, 1.75625302745e-06, 3.03572983285e-06, 1.19631852158e-06, 2.55493432633e-07, 5.02897819388e-07, 1.41665896081e-06, 2.75775005321e-06, 1.92828821355e-07, 9.09901913815e-08, 5.26034966697e-08, 2.36932695685e-08, 1.27535981775e-08, 5.30214228078e-09, 3.84924669916e-09, 1.46173684268e-09, 1.1559719848e-09, 1.97224414578e-09, 1.5073008397e-09, 6.02657701521e-10, 3.4620598055e-10, 6.00430039022e-10, 3.42715716917e-10, 2.76992678794e-10, 3.80226961028e-10, 2.03307759516e-10, 1.31420194172e-10, 6.50434706095e-10, 1.00033503703e-09, 1.33088665089e-10, 7.9055748059e-11, 7.62284055322e-11, 4.42753229912e-11, 2.01333429095e-11, 1.00445797513e-11, 1.06258214033e-11, 2.09292912862e-11, 9.31767250162e-12],
        "max": [0.106103420258, 0.13102594018, 0.042433898896, 0.013161174953, 0.0165783632547, 0.00969754066318, 0.00776300253347, 0.0152956638485, 0.00708662858233, 0.00874705426395, 0.00644341902807, 0.00487901596352, 0.00451458338648, 0.00280941394158, 0.00386595539749, 0.000945935724303, 0.000776359171141, 0.000514713348821, 0.000330815673806, 0.000322673178744, 0.00041705154581, 0.000213283114135, 0.000144723118865, 0.000150265565026, 0.000111811721581, 0.000106924911961, 0.000126279177493, 0.000100149794889, 8.31769575598e-05, 0.000258794723777, 0.000318961654557, 7.24698184058e-05, 6.17628538748e-05, 6.09317576163e-05, 6.14326272625e-05, 4.42816781288e-05, 1.93247451534e-05, 2.95843310596e-05, 4.7783334594e-05, 2.21628961299e-05],
        "mean": [0.0136068249121, 0.00842450559139, 0.00269735255279, 0.000883843807969, 0.00104510132223, 0.000545595656149, 0.000282264925772, 0.000260154221905, 0.000304204586428, 0.000261477078311, 0.000101903642644, 5.34844184585e-05, 5.04056843056e-05, 3.97696639993e-05, 2.55491959251e-05, 1.48929420902e-05, 1.54849676619e-05, 8.62165779836e-06, 8.79481649463e-06, 9.62082231126e-06, 7.23378161638e-06, 6.59524721414e-06, 5.15149577041e-06, 5.43494979865e-06, 4.65097446067e-06, 3.42019257005e-06, 3.58320357918e-06, 2.99563703265e-06, 2.49485924542e-06, 3.57658655048e-06, 3.32598528985e-06, 2.13443627217e-06, 1.639022571e-06, 1.80840027042e-06, 1.37709412229e-06, 1.07479047529e-06, 9.165999586e-07, 8.3155447328e-07, 1.01239447758e-06, 8.287635751e-07],
        "median": [0.0104479715228, 0.00551755120978, 0.00130286347121, 0.000273887126241, 0.000212789411307, 0.000139027484693, 7.09537198418e-05, 4.78758956888e-05, 5.85119087191e-05, 3.67570210074e-05, 1.49748093463e-05, 7.16074919183e-06, 7.45178067518e-06, 7.23280481907e-06, 4.2974788812e-06, 1.62756987265e-06, 3.54245207745e-06, 1.73928447111e-06, 1.96046585188e-06, 2.14513761421e-06, 1.83820270649e-06, 1.88741501006e-06, 1.25289773223e-06, 1.09221412004e-06, 1.1353837408e-06, 6.34501873265e-07, 6.52662095035e-07, 6.2985969862e-07, 5.81715539738e-07, 6.31932834949e-07, 4.67889748279e-07, 3.88353868175e-07, 3.54397002411e-07, 3.54010808223e-07, 3.08205500232e-07, 2.64463039912e-07, 2.33923060478e-07, 1.97206588837e-07, 1.65605825941e-07, 1.16343777279e-07],
        "min": [6.13405815341e-24, 3.49249548669e-24, 1.30902300658e-23, 4.20760420816e-24, 1.37047968871e-23, 5.58292837058e-24, 5.76297443372e-24, 4.79930629063e-24, 1.01302511888e-23, 7.05753462223e-24, 7.49776791672e-24, 8.04924243176e-24, 1.484685133e-23, 2.26207458071e-23, 1.35976679985e-23, 1.46836943844e-23, 5.47384034587e-24, 6.05283269587e-24, 7.05192818778e-24, 1.03759048413e-23, 9.04794507093e-24, 8.71500553702e-24, 1.10715768189e-23, 6.49715465643e-24, 5.51842636981e-24, 8.31119631711e-24, 6.54478765561e-24, 1.0896574338e-23, 5.99090514266e-24, 4.17587503926e-24, 6.79297907361e-24, 6.43043595651e-24, 5.67264394361e-24, 9.98678184487e-24, 1.04237926426e-23, 1.07729480012e-23, 8.588329464e-24, 8.52256765236e-24, 8.0878342961e-24, 9.16885457074e-24],
        "var": [0.000200572816539, 0.000116257280752, 1.23598574646e-05, 1.99927012545e-06, 3.16784212373e-06, 8.06208220183e-07, 2.74702671277e-07, 3.79642585813e-07, 4.05406979098e-07, 5.87376462136e-07, 6.69454891522e-08, 2.24351701661e-08, 2.03335588367e-08, 1.0289087804e-08, 5.37732569583e-09, 1.39554379164e-09, 1.12565212707e-09, 4.35096542128e-10, 3.38190392357e-10, 4.62368227039e-10, 3.48112150217e-10, 1.58876772849e-10, 9.6002247818e-11, 1.47512613236e-10, 8.73454780725e-11, 6.71108030259e-11, 8.5684563611e-11, 4.72501829329e-11, 3.2588067661e-11, 1.32783076201e-10, 1.92010227162e-10, 3.02198127633e-11, 1.76522702705e-11, 1.93805284321e-11, 1.07094871166e-11, 5.56351319181e-12, 3.27837323261e-12, 3.05652833772e-12, 5.5014456532e-12, 3.29996641991e-12]
    },
    "mfcc": {
        "mean": [-699.503112793, 151.364547729, 37.7552223206, 33.2477264404, 11.3058013916, 9.95268440247, 6.12193536758, 11.2342510223, 9.18746566772, 6.1470284462, 4.12627077103, 5.31397438049, 1.15245187283],
        "cov": [[11802.6357422, -2591.97363281, -166.104919434, -13.7768249512, -467.340606689, -48.8191490173, -228.672195435, -181.999908447, -116.83203125, 18.8965148926, 69.110786438, 174.917694092, 202.83531189], [-2591.97363281, 1996.39306641, -169.90737915, 67.5533065796, 94.1659927368, 28.8542995453, 40.8315086365, 9.9406747818, -59.9984664917, -69.6483917236, -110.608032227, -138.215682983, -155.394546509], [-166.104919434, -169.90737915, 854.221496582, 152.10786438, 201.73614502, 79.1558761597, 76.8923187256, 7.0836148262, 61.455657959, 27.226896286, 28.0649032593, 10.466550827, 24.2412376404], [-13.7768249512, 67.5533065796, 152.10786438, 285.359619141, 90.3184814453, 71.1338043213, -4.44775247574, -6.87624502182, 6.00156450272, -8.08462238312, -19.5292358398, 25.8078346252, 27.2077999115], [-467.340606689, 94.1659927368, 201.73614502, 90.3184814453, 199.128067017, 71.1454467773, 66.9471664429, 31.310464859, 44.4790840149, 21.8961181641, 18.9832344055, 11.0658569336, 9.24178981781], [-48.8191490173, 28.8542995453, 79.1558761597, 71.1338043213, 71.1454467773, 109.577507019, 58.5008621216, 22.6195163727, 20.4461574554, 16.2721672058, 16.0450725555, 11.6483192444, 15.0105800629], [-228.672195435, 40.8315086365, 76.8923187256, -4.44775247574, 66.9471664429, 58.5008621216, 119.539741516, 58.3116760254, 44.3526611328, 39.1727867126, 49.8194313049, 12.9249153137, 10.5923871994], [-181.999908447, 9.9406747818, 7.0836148262, -6.87624502182, 31.310464859, 22.6195163727, 58.3116760254, 93.3202209473, 60.2806816101, 47.4844551086, 47.4786643982, 28.9480361938, 11.0933694839], [-116.83203125, -59.9984664917, 61.455657959, 6.00156450272, 44.4790840149, 20.4461574554, 44.3526611328, 60.2806816101, 103.233352661, 67.3384857178, 50.6039543152, 39.5735015869, 23.1175441742], [18.8965148926, -69.6483917236, 27.226896286, -8.08462238312, 21.8961181641, 16.2721672058, 39.1727867126, 47.4844551086, 67.3384857178, 96.9736557007, 69.6843566895, 37.096321106, 20.7162570953], [69.110786438, -110.608032227, 28.0649032593, -19.5292358398, 18.9832344055, 16.0450725555, 49.8194313049, 47.4786643982, 50.6039543152, 69.6843566895, 102.416137695, 60.6686935425, 37.0065612793], [174.917694092, -138.215682983, 10.466550827, 25.8078346252, 11.0658569336, 11.6483192444, 12.9249153137, 28.9480361938, 39.5735015869, 37.096321106, 60.6686935425, 104.333816528, 72.1222991943], [202.83531189, -155.394546509, 24.2412376404, 27.2077999115, 9.24178981781, 15.0105800629, 10.5923871994, 11.0933694839, 23.1175441742, 20.7162570953, 37.0065612793, 72.1222991943, 99.5228652954]],
