{
"lowlevel": {
    "average_loudness": 0.721461951733,
    "barkbands_crest": {
        "dmean": 2.8336622715,
        "dmean2": 3.8874361515,
        "dvar": 8.14747810364,
        "dvar2": 14.9829893112,
        "max": 26.7309112549,
        "mean": 14.5583276749,
        "median": 13.4521789551,
        "min": 2.01171851158,
        "var": 42.1210784912
    },
    "barkbands_flatness_db": {
        "dmean": 0.0429848432541,
        "dmean2": 0.0589386187494,
        "dvar": 0.00287760235369,
        "dvar2": 0.00554805621505,
        "max": 0.764761686325,
        "mean": 0.239198341966,
        "median": 0.205253854394,
        "min": 0.0102194873616,
        "var": 0.0226445924491
    },
    "barkbands_kurtosis": {
        "dmean": 14.5913887024,
        "dmean2": 22.6879253387,
        "dvar": 2764.29614258,
        "dvar2": 6272.54296875,
        "max": 2965.53417969,
        "mean": 22.987827301,
        "median": 7.79091596603,
        "min": -1.92457163334,
        "var": 3569.421875
    },
    "barkbands_skewness": {
        "dmean": 1.0957659483,
        "dmean2": 1.652171731,
        "dvar": 2.35233902931,
        "dvar2": 5.34869813919,
        "max": 34.2838096619,
        "mean": 3.20762705803,
        "median": 2.45485711098,
        "min": -4.58508300781,
        "var": 6.97306728363
    },
    "barkbands_spread": {
        "dmean": 7.42961978912,
        "dmean2": 11.6112985611,
        "dvar": 157.598831177,
        "dvar2": 357.784545898,
        "max": 139.200637817,
        "mean": 15.5137968063,
        "median": 7.67135286331,
        "min": 0.0193561185151,
        "var": 343.036254883
    },
    "dissonance": {
        "dmean": 0.0247652828693,
        "dmean2": 0.0408596843481,
        "dvar": 0.000908285088371,
        "dvar2": 0.00233367527835,
        "max": 0.499999970198,
        "mean": 0.44591858983,
        "median": 0.464930087328,
        "min": 0.0789286568761,
        "var": 0.00328624853864
    },
    "dynamic_complexity": 3.93382668495,
    "erbbands_crest": {
        "dmean": 2.47428965569,
        "dmean2": 3.95905733109,
        "dvar": 5.31971168518,
        "dvar2": 13.0479030609,
        "max": 28.9983291626,
        "mean": 8.49979877472,
        "median": 7.40555667877,
        "min": 2.40998935699,
        "var": 18.6244850159
    },
    "erbbands_flatness_db": {
        "dmean": 0.0235695261508,
        "dmean2": 0.0320092365146,
        "dvar": 0.00105685240123,
        "dvar2": 0.00188334169798,
        "max": 0.565146148205,
        "mean": 0.171672254801,
        "median": 0.120987206697,
        "min": 0.0389729887247,
        "var": 0.0144591033459
    },
    "erbbands_kurtosis": {
        "dmean": 1.75945019722,
        "dmean2": 2.64735507965,
        "dvar": 37.9232025146,
        "dvar2": 68.7889556885,
        "max": 268.508392334,
        "mean": 2.1123008728,
        "median": -0.121802330017,
        "min": -1.86856389046,
        "var": 147.496856689
    },
    "erbbands_skewness": {
        "dmean": 0.485056787729,
        "dmean2": 0.756275832653,
        "dvar": 0.356254547834,
        "dvar2": 0.87325155735,
        "max": 12.6986646652,
        "mean": 0.674821674824,
        "median": 0.586611509323,
        "min": -4.41135120392,
        "var": 1.08096671104
    },
    "erbbands_spread": {
        "dmean": 11.4422092438,
        "dmean2": 16.2679538727,
        "dvar": 212.687179565,
        "dvar2": 391.994934082,
        "max": 226.584014893,
        "mean": 48.2298469543,
        "median": 47.8214187622,
        "min": 0.49727383256,
        "var": 1016.00775146
    },
    "hfc": {
        "dmean": 8.47520446777,
        "dmean2": 13.2328081131,
        "dvar": 263.003631592,
        "dvar2": 652.211303711,
        "max": 137.515838623,
        "mean": 17.2596740723,
        "median": 11.8490018845,
        "min": 1.06270302045e-16,
        "var": 356.146148682
    },
    "melbands_crest": {
        "dmean": 3.3531692028,
        "dmean2": 4.93995952606,
        "dvar": 12.5223703384,
        "dvar2": 25.8767185211,
        "max": 37.1272544861,
        "mean": 18.8032283783,
        "median": 17.6886787415,
        "min": 1.78755366802,
        "var": 64.1610641479
    },
    "melbands_flatness_db": {
        "dmean": 0.0508663989604,
        "dmean2": 0.0707446932793,
        "dvar": 0.00434293551371,
        "dvar2": 0.00879744905978,
        "max": 0.933760285378,
        "mean": 0.333769857883,
        "median": 0.303683996201,
        "min": 0.00500683719292,
        "var": 0.0312052257359
    },
    "melbands_kurtosis": {
        "dmean": 27.0003070831,
        "dmean2": 41.542514801,
        "dvar": 3120.34765625,
        "dvar2": 6878.36376953,
        "max": 1632.36877441,
        "mean": 53.5484275818,
        "median": 21.0559177399,
        "min": -1.90900826454,
        "var": 7207.46240234
    },
    "melbands_skewness": {
        "dmean": 1.28378915787,
        "dmean2": 1.93024039268,
        "dvar": 3.18634772301,
        "dvar2": 6.69371795654,
        "max": 35.0177307129,
        "mean": 4.71551179886,
        "median": 3.69641566277,
        "min": -1.35204815865,
        "var": 11.8406143188
    },
    "melbands_spread": {
        "dmean": 6.60732221603,
        "dmean2": 10.7488632202,
        "dvar": 197.407287598,
        "dvar2": 492.195526123,
        "max": 293.404876709,
        "mean": 11.6475515366,
        "median": 5.29290103912,
        "min": 0.104740932584,
        "var": 337.385955811
    },
    "pitch_salience": {
        "dmean": 0.0876366794109,
        "dmean2": 0.129017814994,
        "dvar": 0.010096333921,
        "dvar2": 0.0200688783079,
        "max": 0.904591441154,
        "mean": 0.455897271633,
        "median": 0.498251438141,
        "min": 0.0212686676532,
        "var": 0.039138559252
    },
    "silence_rate_20dB": {
        "dmean": 0,
        "dmean2": 0,
        "dvar": 0,
        "dvar2": 0,
        "max": 1,
        "mean": 1,
        "median": 1,
        "min": 1,
        "var": 0
    },
    "silence_rate_30dB": {
        "dmean": 0.0843006521463,
        "dmean2": 0.168615177274,
        "dvar": 0.0771839693189,
        "dvar2": 0.145459488034,
        "max": 1,
        "mean": 0.761195242405,
        "median": 1,
        "min": 0,
        "var": 0.181786850095
    },
    "silence_rate_60dB": {
        "dmean": 0.0187700670213,
        "dmean2": 0.0375432223082,
        "dvar": 0.0184165276587,
        "dvar2": 0.0397519543767,
        "max": 1,
        "mean": 0.0851992070675,
        "median": 0,
        "min": 0,
        "var": 0.07794367522
    },
    "spectral_centroid": {
        "dmean": 323.299041748,
        "dmean2": 523.633483887,
        "dvar": 274466.625,
        "dvar2": 699456.5625,
        "max": 11412.296875,
        "mean": 886.333618164,
        "median": 699.95324707,
        "min": 71.5858764648,
        "var": 533802.125
    },
    "spectral_complexity": {
        "dmean": 4.36255884171,
        "dmean2": 7.17470788956,
        "dvar": 49.3759841919,
        "dvar2": 119.844413757,
        "max": 60,
        "mean": 13.1937770844,
        "median": 12,
        "min": 0,
        "var": 80.9186935425
    },
    "spectral_decrease": {
        "dmean": 4.94763385817e-09,
        "dmean2": 7.22212067927e-09,
        "dvar": 5.7038126642e-17,
        "dvar2": 1.12565808251e-16,
        "max": 1.15527148455e-28,
        "mean": -1.46214453878e-08,
        "median": -6.06658723257e-09,
        "min": -7.70251773474e-08,
        "var": 2.49598030834e-16
    },
    "spectral_energy": {
        "dmean": 0.0188221689314,
        "dmean2": 0.0272251870483,
        "dvar": 0.000798893743195,
        "dvar2": 0.00156240782235,
        "max": 0.292550653219,
        "mean": 0.0567502304912,
        "median": 0.0246251896024,
        "min": 9.98162237901e-21,
        "var": 0.00362235936336
    },
    "spectral_energyband_high": {
        "dmean": 0.000744462478906,
        "dmean2": 0.00121322472114,
        "dvar": 2.2309261567e-06,
        "dvar2": 5.5509849517e-06,
        "max": 0.0104803722352,
        "mean": 0.00100128271151,
        "median": 0.000258271611528,
        "min": 6.7730408856e-21,
        "var": 2.64360369329e-06
    },
    "spectral_energyband_low": {
        "dmean": 0.0178347490728,
        "dmean2": 0.0265573803335,
        "dvar": 0.00090606266167,
        "dvar2": 0.00182252505329,
        "max": 0.286696702242,
        "mean": 0.0448576435447,
        "median": 0.0101618878543,
        "min": 9.36027009167e-24,
        "var": 0.0033874316141
    },
    "spectral_energyband_middle_high": {
        "dmean": 0.00110608816613,
        "dmean2": 0.00189888931345,
        "dvar": 6.6926195359e-06,
        "dvar2": 1.80312927114e-05,
        "max": 0.021947696805,
        "mean": 0.00162547442596,
        "median": 0.00112421251833,
        "min": 1.34279756874e-21,
        "var": 5.69971189179e-06
    },
    "spectral_energyband_middle_low": {
        "dmean": 0.00742518343031,
        "dmean2": 0.0128236794844,
        "dvar": 0.000303966720821,
        "dvar2": 0.000848709372804,
        "max": 0.165153726935,
        "mean": 0.0115770073608,
        "median": 0.0081546343863,
        "min": 1.86522058963e-22,
        "var": 0.000226589967497
    },
    "spectral_entropy": {
        "dmean": 0.293304890394,
        "dmean2": 0.422702282667,
        "dvar": 0.169654533267,
        "dvar2": 0.350147545338,
        "max": 9.81880569458,
        "mean": 7.13153982162,
        "median": 7.53682088852,
        "min": 2.66540813446,
        "var": 1.35149288177
    },
    "spectral_flux": {
        "dmean": 0.0423808656633,
        "dmean2": 0.0610269568861,
        "dvar": 0.00294320797548,
        "dvar2": 0.00489209359512,
        "max": 0.521211087704,
        "mean": 0.101126253605,
        "median": 0.0683163329959,
        "min": 6.53961954034e-11,
        "var": 0.00865728687495
    },
    "spectral_kurtosis": {
        "dmean": 10.9195728302,
        "dmean2": 17.7357997894,
        "dvar": 715.067077637,
        "dvar2": 1846.8815918,
        "max": 416.329742432,
        "mean": 31.398191452,
        "median": 3.07856249809,
        "min": -1.40148723125,
        "var": 4932.72167969
    },
    "spectral_rms": {
        "dmean": 0.00111606426071,
        "dmean2": 0.00153920252342,
        "dvar": 2.08848518923e-06,
        "dvar2": 3.53253039975e-06,
        "max": 0.0168942380697,
        "mean": 0.00632980791852,
        "median": 0.0049014869146,
        "min": 3.12060381875e-12,
        "var": 1.52998600242e-05
    },
    "spectral_rolloff": {
        "dmean": 583.997070312,
        "dmean2": 993.962463379,
        "dvar": 1668936.25,
        "dvar2": 3696175.25,
        "max": 19401.4160156,
        "mean": 916.074829102,
        "median": 322.998046875,
        "min": 43.06640625,
        "var": 3133473.5
    },
    "spectral_skewness": {
        "dmean": 0.620084643364,
        "dmean2": 0.975426495075,
        "dvar": 1.16451632977,
        "dvar2": 2.73637390137,
        "max": 17.1106815338,
        "mean": 2.97195744514,
        "median": 1.53035998344,
        "min": -0.201493054628,
        "var": 11.5068712234
    },
    "spectral_spread": {
        "dmean": 767470.75,
        "dmean2": 1061351.5,
        "dvar": 1.14705537434e+12,
        "dvar2": 1.96552006042e+12,
        "max": 40773292,
        "mean": 5008934.5,
        "median": 5421997,
        "min": 187657.828125,
        "var": 8.75560645427e+12
    },
    "spectral_strongpeak": {
        "dmean": 0.210957676172,
        "dmean2": 0.332870930433,
        "dvar": 0.0735027268529,
        "dvar2": 0.17851421237,
        "max": 8.27652549744,
        "mean": 0.57818287611,
        "median": 0.541010499001,
        "min": 0,
        "var": 0.158001929522
    },
    "zerocrossingrate": {
        "dmean": 0.0130293155089,
        "dmean2": 0.0147261861712,
        "dvar": 0.000320657738484,
        "dvar2": 0.000334733718773,
        "max": 0.783203125,
        "mean": 0.0446404740214,
        "median": 0.02587890625,
        "min": 0.001953125,
        "var": 0.00323477433994
    },
    "barkbands": {
        "dmean": [0.000734770321287, 0.0163888800889, 0.00701306248084, 0.00442004529759, 0.0025675019715, 0.00123588507995, 0.000580711930525, 0.000263239024207, 0.00041634842637, 0.000223244540393, 0.000156481517479, 0.00011966193415, 0.00011562689906, 8.75953628565e-05, 8.43836241984e-05, 0.000176735338755, 0.000100605444459, 0.000199861286092, 0.00017800644855, 0.000153281042003, 0.000131282911752, 0.000151964763063, 0.000107016516267, 0.000145152880577, 0.000133073714096, 6.46858170512e-05, 1.0231034139e-05],
        "dmean2": [0.000931346963625, 0.0224252417684, 0.012021237053, 0.00815188232809, 0.00434088567272, 0.00188702275045, 0.000873618060723, 0.000407522253226, 0.000678016105667, 0.000364317354979, 0.000265119655523, 0.000205334887141, 0.000191145081772, 0.000147939019371, 0.000141552722198, 0.000318893027725, 0.00017371593276, 0.000368025153875, 0.000322130712448, 0.000276099162875, 0.000222314454732, 0.000244739785558, 0.000175322144059, 0.000238229316892, 0.000223540351726, 9.56548756221e-05, 1.74234301085e-05],
        "dvar": [1.73812520643e-06, 0.000778446439654, 0.000407580984756, 0.000165226665558, 3.31024020852e-05, 3.03984097627e-06, 1.00259251212e-06, 1.97292081339e-07, 3.79854668608e-07, 1.38381921033e-07, 8.07875011333e-08, 4.6736428061e-08, 3.70671777716e-08, 3.2356236801e-08, 1.93999092346e-08, 3.19084676903e-07, 4.82681734582e-08, 3.8093807575e-07, 2.2916279363e-07, 1.45928581219e-07, 8.38709794948e-08, 1.0346937529e-07, 4.15320897673e-08, 8.75137189382e-08, 8.63578009103e-08, 1.23991013012e-08, 7.89359910769e-10],
        "dvar2": [2.71653152595e-06, 0.00138813315425, 0.00108889024705, 0.000473449821584, 9.51755864662e-05, 7.084416211e-06, 2.08954224945e-06, 4.41047603772e-07, 9.51228173562e-07, 3.53762175109e-07, 2.12601960925e-07, 1.24934388168e-07, 9.5324558913e-08, 8.53223127706e-08, 5.04022175107e-08, 9.02873523501e-07, 1.32423238597e-07, 1.09095810785e-06, 6.48355296562e-07, 4.17572351807e-07, 2.27082622928e-07, 2.42113230797e-07, 9.92835822444e-08, 2.2193678717e-07, 2.25795076858e-07, 2.64631161428e-08, 2.14857442948e-09],
        "max": [0.0219752173871, 0.282967567444, 0.158770084381, 0.110677726567, 0.0648972466588, 0.0456168912351, 0.0277396459132, 0.0109339784831, 0.00897051300853, 0.00826407130808, 0.00386729370803, 0.00254293810576, 0.00294343801215, 0.00346740800887, 0.00272954790853, 0.00580927729607, 0.00282157910988, 0.00591405201703, 0.00413293018937, 0.00283941766247, 0.0025548664853, 0.00475230393931, 0.00264649954624, 0.00279209343717, 0.00261185411364, 0.00167222809978, 0.000478092581034],
        "mean": [0.00138928054366, 0.0355239063501, 0.00572441983968, 0.00369251146913, 0.00351822073571, 0.00220147427171, 0.000953126582317, 0.000409843574744, 0.000618521997239, 0.000330257229507, 0.000193451196537, 0.000148647697642, 0.000161127085448, 0.000110200147901, 0.000113713373139, 0.000152533539222, 0.000114397953439, 0.000162814409123, 0.000158581577125, 0.000148405350046, 0.000149372470332, 0.000187558805919, 0.000138473013067, 0.000168197904713, 0.000149046274601, 0.000119016207464, 1.31021843117e-05],
        "median": [5.6403256167e-05, 0.00569769181311, 0.000888973881956, 0.00108088855632, 0.00201630825177, 0.0013870067196, 0.000412129273172, 0.000210444472032, 0.000355639611371, 0.000158090377226, 8.29759956105e-05, 7.25023419363e-05, 8.64299727255e-05, 5.19931490999e-05, 6.23870873824e-05, 5.07471850142e-05, 5.45333896298e-05, 4.92670515087e-05, 5.1705603255e-05, 4.86636527057e-05, 5.20925314049e-05, 4.58759095636e-05, 3.45273147104e-05, 3.12091069645e-05, 1.50529122038e-05, 6.82917925587e-06, 4.50547688047e-08],
        "min": [3.79755938792e-25, 3.85034083849e-25, 2.22288026329e-24, 4.87516039427e-24, 1.25816143637e-23, 3.13428258487e-23, 1.40137763488e-23, 2.1382171077e-23, 4.5095902601e-23, 2.3480171898e-23, 2.51465711405e-23, 3.89988408408e-23, 6.14463638371e-23, 5.78322007553e-23, 6.16664244753e-23, 8.57344444758e-23, 1.32469953448e-22, 1.6758287178e-22, 1.57769770285e-22, 2.68926140956e-22, 2.42218213713e-22, 2.76620273707e-22, 4.15220307477e-22, 7.34546935751e-22, 9.86297769886e-22, 1.42073187649e-21, 2.11683556298e-21],
        "var": [6.55437179375e-06, 0.00275081931613, 0.000289746676572, 9.76714218268e-05, 2.6093035558e-05, 7.25688687453e-06, 2.2782016913e-06, 3.91011241163e-07, 6.31977854937e-07, 2.44309518393e-07, 9.50529681631e-08, 5.04571673332e-08, 5.1864972761e-08, 3.33946275077e-08, 2.55324916765e-08, 1.98567377652e-07, 4.013983812e-08, 2.27246573559e-07, 1.4770662915e-07, 9.99925120482e-08, 7.70124159999e-08, 1.27112926407e-07, 5.49500249747e-08, 9.75045892915e-08, 8.21371841653e-08, 3.5526987574e-08, 1.3422747358e-09]
    },
    "erbbands": {
        "dmean": [0.542983591557, 3.78560495377, 7.22459745407, 12.7104387283, 11.1347131729, 8.07067489624, 7.18253803253, 11.5644655228, 10.4689588547, 5.4421248436, 5.0360212326, 10.7874078751, 8.03838920593, 4.98931217194, 6.93216228485, 5.00231599808, 5.3452167511, 4.89822053909, 3.89817547798, 6.19028997421, 8.79811096191, 5.84949350357, 9.98833370209, 10.7357082367, 8.84932804108, 7.97205114365, 6.1775598526, 4.32679462433, 5.52568674088, 4.46295499802, 3.08960413933, 3.30514907837, 2.11319303513, 1.64430570602, 0.848433375359, 0.306992828846, 0.124212495983, 0.030297383666, 0.000793432933278, 3.14085154969e-05],
        "dmean2": [0.645937025547, 5.26369047165, 10.9930381775, 22.9927654266, 19.8436050415, 13.2369642258, 11.4171295166, 17.5827617645, 15.5401239395, 8.38855361938, 7.87672710419, 17.4491596222, 13.1878328323, 8.27118015289, 11.7063560486, 8.52369880676, 8.83430480957, 8.29543113708, 6.43031930923, 10.7617702484, 15.7778615952, 10.2878417969, 18.2331199646, 19.6179218292, 16.1368408203, 14.3959712982, 10.6337757111, 7.06541776657, 9.05773639679, 7.13299322128, 5.10163068771, 5.38814592361, 3.53685760498, 2.82549262047, 1.39409792423, 0.469388604164, 0.186021953821, 0.0486694760621, 0.0012903038878, 4.66122110083e-05],
        "dvar": [0.743126213551, 48.160861969, 331.062866211, 1371.41699219, 849.417053223, 284.420593262, 160.019668579, 272.297424316, 296.517486572, 81.6255950928, 61.5724754333, 264.585754395, 190.284866333, 90.5609588623, 142.800750732, 80.2390899658, 80.5716094971, 100.111656189, 41.3298034668, 204.567550659, 770.102233887, 211.338607788, 952.226318359, 897.469238281, 595.710021973, 414.150726318, 196.529434204, 77.845489502, 133.805984497, 89.190032959, 33.9212112427, 42.2317047119, 19.8621387482, 13.7794981003, 3.24143433571, 0.317790031433, 0.0460414625704, 0.00381259829737, 2.97771293845e-06, 1.77937387047e-09],
        "dvar2": [1.25911772251, 80.2497406006, 805.163818359, 3876.62036133, 2432.72167969, 802.574768066, 429.306304932, 602.73260498, 614.091308594, 182.244674683, 149.612365723, 653.303771973, 496.575286865, 238.718399048, 371.129821777, 213.865814209, 207.303604126, 264.84854126, 103.239433289, 567.027893066, 2172.97558594, 589.19152832, 2719.78271484, 2539.09814453, 1708.45178223, 1186.82617188, 542.433288574, 201.786102295, 328.629455566, 196.707870483, 84.2528991699, 107.436088562, 50.9596824646, 36.7807731628, 8.22815132141, 0.733959019184, 0.0976194888353, 0.00933644920588, 7.61551473261e-06, 3.75860009783e-09],
        "max": [10.0283708572, 62.8484230042, 156.574279785, 313.519683838, 306.453918457, 190.437103271, 175.628479004, 564.531433105, 399.455718994, 221.394638062, 179.32875061, 256.639160156, 311.74118042, 228.861236572, 174.579147339, 104.475517273, 144.364303589, 184.340072632, 160.646591187, 149.04498291, 284.17489624, 167.464248657, 300.614105225, 240.616607666, 221.378982544, 153.208755493, 113.206359863, 84.7540130615, 167.522155762, 116.5391922, 83.9806671143, 70.5654602051, 34.8844413757, 27.8986930847, 20.0849170685, 9.82547664642, 3.23900938034, 1.05554378033, 0.0283620245755, 0.000671551097184],
        "mean": [1.19059085846, 7.14922523499, 7.89450979233, 10.9549064636, 11.4845228195, 11.5421199799, 11.8040895462, 20.281665802, 18.5571136475, 8.91532516479, 8.49490356445, 16.4027690887, 12.0389528275, 7.0633482933, 9.04889202118, 6.67426490784, 7.67198610306, 6.48692035675, 5.55874919891, 6.95290327072, 8.12355995178, 6.24135398865, 8.53780937195, 8.95096874237, 7.77550697327, 7.53814935684, 6.71523046494, 5.28826522827, 6.51972723007, 5.60969209671, 3.95033574104, 3.71691393852, 2.51806426048, 1.74606978893, 0.996250450611, 0.453664332628, 0.223571643233, 0.058425039053, 0.00141293974593, 9.86951417872e-05],
        "median": [0.11068688333, 1.40421569347, 1.52228403091, 3.32523107529, 4.86483860016, 6.28131771088, 7.56303977966, 11.8615760803, 9.08945083618, 5.06803798676, 5.63931751251, 9.25025749207, 6.40583086014, 4.14765453339, 4.69361114502, 3.69095277786, 4.37316942215, 3.53327536583, 3.26723957062, 3.28642511368, 3.14632678032, 2.9707198143, 2.85427761078, 2.75808048248, 2.44080734253, 2.40572214127, 2.23333740234, 1.91491043568, 1.6335310936, 1.32497596741, 0.974113225937, 0.721871137619, 0.422947466373, 0.203610420227, 0.0917199850082, 0.037879139185, 0.0115737430751, 0.00164214591496, 8.39153872221e-05, 7.10977765266e-05],
        "min": [1.50430394594e-23, 1.44758727655e-22, 2.6057314148e-21, 9.23560240171e-21, 2.8215072533e-20, 5.71777095447e-20, 1.23128238172e-19, 1.92555717107e-19, 1.7000201732e-19, 2.36936270491e-19, 5.88590291029e-19, 1.34564191086e-18, 5.81922956798e-19, 9.89473345338e-19, 9.86099172222e-19, 2.25483748115e-18, 3.05607812329e-18, 2.75677667391e-18, 2.10596916593e-18, 5.45070664642e-18, 4.61724070198e-18, 7.7125484862e-18, 8.24799655878e-18, 1.06355648886e-17, 8.34754939986e-18, 1.28369745672e-17, 1.08163915336e-17, 1.40788224752e-17, 1.14364411577e-17, 1.06080247373e-17, 1.21366569908e-17, 1.25232787276e-17, 1.25788015718e-17, 1.02057163474e-17, 7.48213980812e-18, 4.93223976464e-18, 2.51683205093e-18, 1.08955516842e-18, 2.66615278225e-19, 3.15389621153e-20],
        "var": [3.36092782021, 135.555877686, 338.301208496, 843.34753418, 551.701049805, 265.659393311, 200.500686646, 762.418640137, 729.787963867, 160.153930664, 102.313323975, 464.507415771, 308.139068604, 110.987548828, 174.035812378, 92.210723877, 112.072532654, 102.734146118, 59.1682472229, 165.577301025, 488.201385498, 152.476715088, 579.993713379, 557.652038574, 374.105651855, 277.103240967, 168.551589966, 82.5790863037, 149.62828064, 116.930686951, 43.6620788574, 47.3539047241, 21.3740100861, 12.0732555389, 3.452272892, 0.551424920559, 0.132088273764, 0.0134269483387, 8.32390378491e-06, 8.83758755066e-09]
    },
    "gfcc": {
        "mean": [-66.1097335815, 119.37461853, -69.2937545776, 32.0630378723, -49.917049408, 7.96960163116, -26.9956245422, 4.72810506821, -19.6203784943, 2.61224412918, -10.6430587769, -0.511452198029, -6.91829299927],
        "cov": [[31664.9804688, -8422.55175781, -3400.91967773, 1761.55334473, -1187.65576172, 2388.08569336, -1340.43347168, 1571.75061035, -319.55267334, 1221.20178223, -1083.80297852, 1705.25317383, -738.291503906], [-8422.55175781, 6134.64306641, 464.5105896, -1187.17492676, 744.263000488, -1230.60693359, 871.517883301, -829.888549805, 426.509429932, -632.323547363, 720.526000977, -825.479553223, 530.880859375], [-3400.91967773, 464.5105896, 1909.53393555, 44.2545280457, 160.636367798, -189.528198242, 177.21446228, 4.09145689011, -87.2618331909, 34.1503143311, 104.400939941, -158.883361816, 27.3209018707], [1761.55334473, -1187.17492676, 44.2545280457, 848.110412598, -41.5509300232, 372.279693604, -87.9001617432, 193.730606079, 18.8656082153, 120.729370117, -67.0358734131, 137.455245972, -46.4450874329], [-1187.65576172, 744.263000488, 160.636367798, -41.5509300232, 412.537322998, -78.9091033936, 222.691009521, -50.0647697449, 130.008575439, -36.3793716431, 133.475708008, -72.5339355469, 91.0531845093], [2388.08569336, -1230.60693359, -189.528198242, 372.279693604, -78.9091033936, 499.966705322, -79.7181854248, 251.306900024, 21.215385437, 185.228591919, -102.842330933, 220.500366211, -68.8880310059], [-1340.43347168, 871.517883301, 177.21446228, -87.9001617432, 222.691009521, -79.7181854248, 324.14175415, -28.6531028748, 168.640655518, -39.1087646484, 168.479766846, -83.7010040283, 118.651786804], [1571.75061035, -829.888549805, 4.09145689011, 193.730606079, -50.0647697449, 251.306900024, -28.6531028748, 247.517532349, 18.0793437958, 151.266296387, -55.538028717, 152.814849854, -45.671585083], [-319.55267334, 426.509429932, -87.2618331909, 18.8656082153, 130.008575439, 21.215385437, 168.640655518, 18.0793437958, 206.641357422, 25.7402496338, 119.846755981, -1.33181619644, 88.7045669556], [1221.20178223, -632.323547363, 34.1503143311, 120.729370117, -36.3793716431, 185.228591919, -39.1087646484, 151.266296387, 25.7402496338, 173.761444092, -17.3167419434, 133.172485352, -34.3480072021], [-1083.80297852, 720.526000977, 104.400939941, -67.0358734131, 133.475708008, -102.842330933, 168.479766846, -55.538028717, 119.846755981, -17.3167419434, 188.814437866, -59.8900337219, 110.296638489], [1705.25317383, -825.479553223, -158.883361816, 137.455245972, -72.5339355469, 220.500366211, -83.7010040283, 152.814849854, -1.33181619644, 133.172485352, -59.8900337219, 210.430892944, -37.3255577087], [-738.291503906, 530.880859375, 27.3209018707, -46.4450874329, 91.0531845093, -68.8880310059, 118.651786804, -45.671585083, 88.7045669556, -34.3480072021, 110.296638489, -37.3255577087, 117.184928894]],
        "icov": [[0.000108607891889, -0.000187519297469, 0.000192682709894, -0.000192288440303, 5.18062879564e-05, -5.23111921211e-05, 6.04376946285e-05, -0.000365344574675, 0.000376977783162, -0.000573629920837, 0.000408007850638, -0.000474581087474, 0.000149365034304], [-0.000187519297469, 0.00202959845774, -0.000413185363868, 0.00133806350641, -0.000454193737824, 0.000499944784679, -0.000823977054097, 0.00194793962874, -0.00209211418405, 0.00270800804719, -0.00274915271439, 0.00308617507108, -0.00156117067672], [0.000192682709894, -0.000413185363868, 0.0012555149151, -0.000732543936465, -6.28381385468e-05, 0.000492249149829, -0.000876910344232, -0.00104653195012, 0.00248251738958, -0.00281338952482, 0.000748309481423, 0.000118295407447, -4.94970445288e-05], [-0.000192288440303, 0.00133806350641, -0.000732543936465, 0.00294075068086, -0.000491660903208, -0.00144550064579, 0.000804725976195, 0.000799526227638, -0.00243707187474, 0.00330182118341, -0.00249394332059, 0.00243031256832, -0.000973847694695], [5.18062879564e-05, -0.000454193737824, -6.28381385468e-05, -0.000491660903208, 0.00413639191538, -9.20682869037e-05, -0.00202649482526, 0.000339030870236, -0.00032229514909, -0.000562318542507, 0.00035349058453, -0.000900650396943, 0.000579239625949], [-5.23111921211e-05, 0.000499944784679, 0.000492249149829, -0.00144550064579, -9.20682869037e-05, 0.00707317516208, -0.00174268789124, -0.00174748478457, -0.00055774039356, -0.00209630653262, 0.00194097182248, -0.00136610493064, -0.000423410994699], [6.04376946285e-05, -0.000823977054097, -0.000876910344232, 0.000804725976195, -0.00202649482526, -0.00174268789124, 0.0117267975584, -0.00401985086501, -0.00494597340003, 0.00376878050156, -0.00303968903609, 0.000448839156888, -0.000400571530918], [-0.000365344574675, 0.00194793962874, -0.00104653195012, 0.000799526227638, 0.000339030870236, -0.00174748478457, -0.00401985086501, 0.0154728097841, -0.00258670514449, -0.00307417009026, 0.000174204877112, 0.000241588641074, -0.000785806041677], [0.000376977783162, -0.00209211418405, 0.00248251738958, -0.00243707187474, -0.00032229514909, -0.00055774039356, -0.00494597340003, -0.00258670514449, 0.0175256785005, -0.00900322385132, 0.000577514059842, -0.00194115040358, -0.00283654825762], [-0.000573629920837, 0.00270800804719, -0.00281338952482, 0.00330182118341, -0.000562318542507, -0.00209630653262, 0.00376878050156, -0.00307417009026, -0.00900322385132, 0.0266845021397, -0.011365246959, -0.00260703172535, 0.00477641588077], [0.000408007850638, -0.00274915271439, 0.000748309481423, -0.00249394332059, 0.00035349058453, 0.00194097182248, -0.00303968903609, 0.000174204877112, 0.000577514059842, -0.011365246959, 0.0230391751975, -0.00289910193533, -0.00850268546492], [-0.000474581087474, 0.00308617507108, 0.000118295407447, 0.00243031256832, -0.000900650396943, -0.00136610493064, 0.000448839156888, 0.000241588641074, -0.00194115040358, -0.00260703172535, -0.00289910193533, 0.0199526846409, -0.00670991139486], [0.000149365034304, -0.00156117067672, -4.94970445288e-05, -0.000973847694695, 0.000579239625949, -0.000423410994699, -0.000400571530918, -0.000785806041677, -0.00283654825762, 0.00477641588077, -0.00850268546492, -0.00670991139486, 0.0249858405441]]
    },
    "melbands": {
        "dmean": [0.00471450248733, 0.00360478181392, 0.00211276323535, 0.000680332188495, 0.00025626088609, 0.000250844517723, 0.000150623469381, 5.68847099203e-05, 4.32121705671e-05, 6.78058495396e-05, 3.9251139242e-05, 2.05210744753e-05, 2.24426185014e-05, 1.62247979461e-05, 1.10609034891e-05, 1.13296555355e-05, 9.5592067737e-06, 6.07354786553e-06, 5.98496808379e-06, 1.2876053006e-05, 9.36121978157e-06, 6.19299726168e-06, 7.49643913878e-06, 8.97802965483e-06, 9.09187565412e-06, 6.01842157266e-06, 6.1558039306e-06, 5.06271271661e-06, 3.86635156246e-06, 3.20551862387e-06, 2.3909394713e-06, 3.35581489708e-06, 3.04670788864e-06, 2.30500290854e-06, 1.86051818218e-06, 1.92645666175e-06, 2.10233088183e-06, 1.45004912611e-06, 1.70705573055e-06, 1.26823022129e-06],
        "dmean2": [0.00588174257427, 0.005143832881, 0.0037830399815, 0.0011635478586, 0.000407070678193, 0.000379847479053, 0.00022302781872, 8.77994461916e-05, 6.79843942635e-05, 0.000109958418761, 6.47004126222e-05, 3.40731930919e-05, 3.79088705813e-05, 2.77251656371e-05, 1.87126188393e-05, 1.86233901331e-05, 1.62527212524e-05, 9.99983149086e-06, 1.02443591459e-05, 2.30760688282e-05, 1.66408044606e-05, 1.08417807496e-05, 1.34410520332e-05, 1.64972007042e-05, 1.66351182997e-05, 1.07999449028e-05, 1.12977522804e-05, 9.11674851523e-06, 6.63762921249e-06, 5.4925171753e-06, 3.87133377444e-06, 5.62545756111e-06, 4.93424249726e-06, 3.71064402316e-06, 3.05543449031e-06, 3.32237232215e-06, 3.32140120918e-06, 2.3905274702e-06, 2.92430740956e-06, 2.17404954128e-06],
        "dvar": [5.60357111681e-05, 5.50031545572e-05, 3.54826879629e-05, 2.53443795373e-06, 2.07342978342e-07, 1.23983468825e-07, 6.22352089863e-08, 1.02669561741e-08, 4.61089566528e-09, 1.05659028193e-08, 4.66106842012e-09, 1.58690260932e-09, 1.52602952497e-09, 8.004879537e-10, 3.63763741351e-10, 3.9040848332e-10, 3.78749809293e-10, 9.72361427487e-11, 1.28317675929e-10, 1.42731493291e-09, 7.94179055852e-10, 2.08438585836e-10, 4.2719258686e-10, 7.67325425421e-10, 6.32305374726e-10, 2.45361203577e-10, 2.86196955024e-10, 1.57312107785e-10, 7.33068883374e-11, 5.15601970841e-11, 2.10726731203e-11, 5.00874931808e-11, 5.18966224161e-11, 2.26093258698e-11, 1.22833392763e-11, 1.5079127183e-11, 1.79753035373e-11, 8.93594226392e-12, 1.40330733145e-11, 7.99233335763e-12],
        "dvar2": [9.95857262751e-05, 0.000109801709186, 9.91969500319e-05, 7.27355836716e-06, 5.57130192647e-07, 2.76946906297e-07, 1.27438482878e-07, 2.2725478388e-08, 1.12579501277e-08, 2.6108601503e-08, 1.21556764654e-08, 4.17167633771e-09, 3.97311650246e-09, 2.13604223198e-09, 9.69910929349e-10, 9.81449144177e-10, 1.00537145276e-09, 2.43647130249e-10, 3.44799355734e-10, 4.04958200306e-09, 2.22312168674e-09, 5.79828240976e-10, 1.21159393629e-09, 2.19370166477e-09, 1.78936221396e-09, 6.95944801787e-10, 8.23188683885e-10, 4.51130077739e-10, 2.011786987e-10, 1.42503939204e-10, 5.2918308624e-11, 1.28351912432e-10, 1.24300500448e-10, 4.99634604523e-11, 3.09845031576e-11, 4.10444248033e-11, 4.1818874752e-11, 2.32367337177e-11, 3.71758353268e-11, 2.13450594005e-11],
        "max": [0.0868036076427, 0.0637635737658, 0.0494265295565, 0.0181337688118, 0.00580591801554, 0.0109578687698, 0.00626405794173, 0.00268101785332, 0.00128309638239, 0.00172142183874, 0.00155209423974, 0.00100778229535, 0.000495530723128, 0.000361457088729, 0.000239663320826, 0.000402726931497, 0.000357950280886, 0.000240044741076, 0.000122784855193, 0.000416724127717, 0.000300772109767, 0.000161719013704, 0.000222775503062, 0.000267770752544, 0.000192105493625, 0.000158311158884, 0.00012767703447, 9.87768435152e-05, 7.72116909502e-05, 7.76018932811e-05, 4.39244613517e-05, 8.79972139955e-05, 0.000113309026347, 4.90586571686e-05, 5.31531040906e-05, 4.18018717028e-05, 4.55687295471e-05, 2.55338218267e-05, 2.81967622868e-05, 2.33480586758e-05],
        "mean": [0.0102978181094, 0.00615258142352, 0.0018914634129, 0.000854372628964, 0.0004346332571, 0.000444223143859, 0.000263928319328, 9.17279176065e-05, 7.20124662621e-05, 0.000101356017694, 5.69485964661e-05, 2.72902852885e-05, 2.83725639747e-05, 2.08636101888e-05, 1.50517762449e-05, 1.56418318511e-05, 1.17905756269e-05, 8.59290321387e-06, 7.55625023885e-06, 1.17866075016e-05, 8.79492836248e-06, 6.51306481814e-06, 7.10834274287e-06, 7.28141003492e-06, 7.341348919e-06, 5.48666866962e-06, 5.28925647814e-06, 4.81893493998e-06, 4.16796547142e-06, 3.57635371984e-06, 2.88980413643e-06, 3.74981095774e-06, 3.66842346011e-06, 2.82889072878e-06, 2.32634101849e-06, 2.11812675843e-06, 2.35273273574e-06, 1.72017473687e-06, 1.76488765646e-06, 1.33541584546e-06],
        "median": [0.00138476537541, 0.00141824083403, 0.000615706318058, 0.000442803342594, 0.00028223649133, 0.000266316637862, 0.000122463970911, 4.97680957778e-05, 4.60412047687e-05, 5.63969369978e-05, 2.8766136893e-05, 1.44183559314e-05, 1.31357555802e-05, 1.10649953058e-05, 8.67679409566e-06, 7.90674585005e-06, 5.48153184354e-06, 4.97607561556e-06, 3.84977829526e-06, 4.32143133366e-06, 3.34411788572e-06, 2.95253994409e-06, 2.68739336207e-06, 2.20711058319e-06, 2.03202125704e-06, 1.78503364623e-06, 1.54630197358e-06, 1.48860351601e-06, 1.33160312998e-06, 1.20883100863e-06, 9.95279151539e-07, 9.05772310489e-07, 7.76001343183e-07, 6.70595852625e-07, 5.51502012058e-07, 4.77492335449e-07, 4.01768858183e-07, 3.14564942983e-07, 2.16790454033e-07, 1.51476513111e-07],
        "min": [1.64697763494e-25, 7.60848750299e-25, 2.76410609467e-24, 2.82733112685e-24, 4.0219532883e-24, 4.86932992332e-24, 2.46564984029e-24, 2.69378427256e-24, 5.00223760306e-24, 8.04318950203e-24, 2.35572522859e-24, 3.49643900236e-24, 3.02121124647e-24, 4.26011828419e-24, 6.57805273669e-24, 3.65804070867e-24, 4.20886638561e-24, 3.1115900543e-24, 5.49357922344e-24, 7.31445557501e-24, 5.0360966964e-24, 7.79452634521e-24, 7.63233969854e-24, 7.339795365e-24, 8.42122348073e-24, 4.36316166222e-24, 6.31137120793e-24, 7.82095634098e-24, 6.4523315798e-24, 5.58982774806e-24, 9.24930023927e-24, 6.0311031278e-24, 5.40618763464e-24, 6.49841801717e-24, 6.11239248307e-24, 7.32198998551e-24, 7.08500039237e-24, 6.42497112259e-24, 8.64373195424e-24, 7.93995758625e-24],
        "var": [0.00023082041298, 0.000110394081275, 2.25816984312e-05, 1.88167075521e-06, 2.69416915444e-07, 3.33969751409e-07, 1.54608599701e-07, 2.054462378e-08, 7.79561393216e-09, 1.85621757964e-08, 7.47819051128e-09, 1.95440863493e-09, 1.86121384971e-09, 8.81833939204e-10, 4.25638607693e-10, 5.72159486456e-10, 3.95184801549e-10, 1.42365563782e-10, 1.33806632441e-10, 9.184951133e-10, 5.23563747912e-10, 1.554115725e-10, 2.81223211385e-10, 4.58911714185e-10, 3.91396109967e-10, 1.62880112176e-10, 1.77924369682e-10, 1.07408318351e-10, 6.54689635837e-11, 4.54167640995e-11, 2.37915468576e-11, 4.97544297429e-11, 6.0405194735e-11, 2.90412225518e-11, 1.57000055317e-11, 1.4241253142e-11, 2.27832544497e-11, 9.6336471786e-12, 1.32501266903e-11, 6.97805268429e-12]
    },
    "mfcc": {
        "mean": [-705.889953613, 139.069961548, 38.6543807983, 30.6020183563, 7.9830789566, 9.21665096283, 2.74182677269, 3.90506315231, 0.885023415089, 2.21994948387, -0.497353106737, 0.680501461029, -0.188227370381],
        "cov": [[19164.5117188, -3909.14306641, -2072.81884766, -70.7442474365, -184.271636963, 204.051315308, 7.36020278931, 352.087219238, 224.495849609, 193.221847534, 231.236526489, 246.67741394, 147.345413208], [-3909.14306641, 3942.9765625, 115.720626831, -142.903640747, -150.855545044, -124.697067261, 1.53993797302, -104.961357117, -53.1323165894, 23.0307865143, -16.3188400269, -14.3944263458, 23.402349472], [-2072.81884766, 115.720626831, 1286.39367676, 139.551635742, 92.2186660767, 4.99886465073, 49.8148040771, -6.37325191498, 21.1926174164, 17.8932170868, 8.54107666016, -0.620144307613, 20.5000724792], [-70.7442474365, -142.903640747, 139.551635742, 428.630004883, 152.793914795, 105.355415344, 62.1969718933, 67.0409317017, 48.1293945312, 55.9820671082, 30.2422924042, 36.8598823547, 30.0456466675], [-184.271636963, -150.855545044, 92.2186660767, 152.793914795, 222.430160522, 88.101348877, 69.2098083496, 29.691827774, 36.0283126831, 31.9559669495, 19.8542995453, 20.2985153198, 20.2425270081], [204.051315308, -124.697067261, 4.99886465073, 105.355415344, 88.101348877, 182.162338257, 72.6274642944, 73.8971328735, 55.3897361755, 60.5747108459, 39.9290046692, 41.9823303223, 35.4233703613], [7.36020278931, 1.53993797302, 49.8148040771, 62.1969718933, 69.2098083496, 72.6274642944, 119.029701233, 67.8900375366, 49.5533676147, 48.253993988, 32.9911003113, 32.5059394836, 33.804485321], [352.087219238, -104.961357117, -6.37325191498, 67.0409317017, 29.691827774, 73.8971328735, 67.8900375366, 118.901260376, 70.6724624634, 56.8349914551, 42.8482437134, 41.9089851379, 37.1843795776], [224.495849609, -53.1323165894, 21.1926174164, 48.1293945312, 36.0283126831, 55.3897361755, 49.5533676147, 70.6724624634, 96.0648498535, 69.8445739746, 45.404384613, 41.3948059082, 35.0588493347], [193.221847534, 23.0307865143, 17.8932170868, 55.9820671082, 31.9559669495, 60.5747108459, 48.253993988, 56.8349914551, 69.8445739746, 103.949913025, 62.5075187683, 51.5939331055, 43.3880729675], [231.236526489, -16.3188400269, 8.54107666016, 30.2422924042, 19.8542995453, 39.9290046692, 32.9911003113, 42.8482437134, 45.404384613, 62.5075187683, 82.2076187134, 57.0121841431, 38.3663406372], [246.67741394, -14.3944263458, -0.620144307613, 36.8598823547, 20.2985153198, 41.9823303223, 32.5059394836, 41.9089851379, 41.3948059082, 51.5939331055, 57.0121841431, 79.2294464111, 53.4106864929], [147.345413208, 23.402349472, 20.5000724792, 30.0456466675, 20.2425270081, 35.4233703613, 33.804485321, 37.1843795776, 35.0588493347, 43.3880729675, 38.3663406372, 53.4106864929, 74.1103591919]],
