{
"lowlevel": {
    "average_loudness": 0.933324038982,
    "barkbands_crest": {
        "dmean": 3.49080848694,
        "dmean2": 5.44339370728,
        "dvar": 11.0207414627,
        "dvar2": 24.420835495,
        "max": 26.7944068909,
        "mean": 17.0559597015,
        "median": 17.2298583984,
        "min": 3.11832380295,
        "var": 30.4368457794
    },
    "barkbands_flatness_db": {
        "dmean": 0.0591855272651,
        "dmean2": 0.0891917049885,
        "dvar": 0.00381819554605,
        "dvar2": 0.00883458275348,
        "max": 0.830618202686,
        "mean": 0.297857314348,
        "median": 0.281248927116,
        "min": 0.0301508493721,
        "var": 0.0152382487431
    },
    "barkbands_kurtosis": {
        "dmean": 40.8878822327,
        "dmean2": 63.656452179,
        "dvar": 9879.82226562,
        "dvar2": 24098.265625,
        "max": 2504.0480957,
        "mean": 57.170173645,
        "median": 23.6720848083,
        "min": -1.82844614983,
        "var": 13994.9521484
    },
    "barkbands_skewness": {
        "dmean": 1.83951926231,
        "dmean2": 2.77904057503,
        "dvar": 5.52537536621,
        "dvar2": 13.1143493652,
        "max": 33.5387535095,
        "mean": 4.66227912903,
        "median": 3.82749652863,
        "min": -1.98338341713,
        "var": 12.1827039719
    },
    "barkbands_spread": {
        "dmean": 3.55557775497,
        "dmean2": 5.97736120224,
        "dvar": 40.8442192078,
        "dvar2": 101.836326599,
        "max": 75.8109130859,
        "mean": 5.14036893845,
        "median": 2.81427288055,
        "min": 0.029378913343,
        "var": 50.6458358765
    },
    "dissonance": {
        "dmean": 0.0353316739202,
        "dmean2": 0.0593319684267,
        "dvar": 0.00126654538326,
        "dvar2": 0.0032624641899,
        "max": 0.500000178814,
        "mean": 0.447186797857,
        "median": 0.460937380791,
        "min": 0.162847146392,
        "var": 0.00224887020886
    },
    "dynamic_complexity": 3.23222351074,
    "erbbands_crest": {
        "dmean": 3.08894562721,
        "dmean2": 5.02872180939,
        "dvar": 10.200217247,
        "dvar2": 24.6767044067,
        "max": 30.1679019928,
        "mean": 9.5538110733,
        "median": 8.13367557526,
        "min": 2.1418223381,
        "var": 24.3354377747
    },
    "erbbands_flatness_db": {
        "dmean": 0.0315779708326,
        "dmean2": 0.0478234551847,
        "dvar": 0.00131116108969,
        "dvar2": 0.00299515598454,
        "max": 0.559182941914,
        "mean": 0.178383231163,
        "median": 0.157399490476,
        "min": 0.0536825805902,
        "var": 0.00589929847047
    },
    "erbbands_kurtosis": {
        "dmean": 4.16956281662,
        "dmean2": 6.69597625732,
        "dvar": 68.0225143433,
        "dvar2": 158.276306152,
        "max": 183.341445923,
        "mean": 5.44325876236,
        "median": 1.40462255478,
        "min": -1.81640839577,
        "var": 153.340316772
    },
    "erbbands_skewness": {
        "dmean": 0.68495118618,
        "dmean2": 1.08028113842,
        "dvar": 0.563113391399,
        "dvar2": 1.38183093071,
        "max": 11.3801517487,
        "mean": 1.41307759285,
        "median": 1.15365183353,
        "min": -2.62261033058,
        "var": 1.7180891037
    },
    "erbbands_spread": {
        "dmean": 11.5563411713,
        "dmean2": 17.5001239777,
        "dvar": 209.670684814,
        "dvar2": 437.257965088,
        "max": 197.373519897,
        "mean": 34.1731796265,
        "median": 29.1837215424,
        "min": 0.601907551289,
        "var": 611.27746582
    },
    "hfc": {
        "dmean": 7.27181482315,
        "dmean2": 11.5060348511,
        "dvar": 147.641830444,
        "dvar2": 360.900939941,
        "max": 195.241195679,
        "mean": 11.0760269165,
        "median": 6.76987266541,
        "min": 1.10016788327e-16,
        "var": 193.893051147
    },
    "melbands_crest": {
        "dmean": 4.15010213852,
        "dmean2": 6.7570104599,
        "dvar": 15.9148054123,
        "dvar2": 38.762714386,
        "max": 38.7524833679,
        "mean": 21.9915809631,
        "median": 22.1835842133,
        "min": 1.26930212975,
        "var": 39.4379959106
    },
    "melbands_flatness_db": {
        "dmean": 0.0682946071029,
        "dmean2": 0.103519313037,
        "dvar": 0.00536456750706,
        "dvar2": 0.0124750239775,
        "max": 1,
        "mean": 0.411715179682,
        "median": 0.392960608006,
        "min": 0.000269222276984,
        "var": 0.0206965059042
    },
    "melbands_kurtosis": {
        "dmean": 44.9293518066,
        "dmean2": 68.8348617554,
        "dvar": 6859.95556641,
        "dvar2": 15085.4423828,
        "max": 1393.35522461,
        "mean": 70.5949401855,
        "median": 36.0605163574,
        "min": -1.68676877022,
        "var": 12173.3417969
    },
    "melbands_skewness": {
        "dmean": 1.69851362705,
        "dmean2": 2.57063674927,
        "dvar": 3.88303399086,
        "dvar2": 8.42358493805,
        "max": 28.1823673248,
        "mean": 4.97608089447,
        "median": 4.28793430328,
        "min": -0.707926630974,
        "var": 10.146686554
    },
    "melbands_spread": {
        "dmean": 3.09323692322,
        "dmean2": 5.31548309326,
        "dvar": 46.3366928101,
        "dvar2": 116.426063538,
        "max": 186.028427124,
        "mean": 4.19602918625,
        "median": 2.22333741188,
        "min": 0.099538423121,
        "var": 47.920463562
    },
    "pitch_salience": {
        "dmean": 0.107188567519,
        "dmean2": 0.168530791998,
        "dvar": 0.0104847345501,
        "dvar2": 0.0238104388118,
        "max": 0.993940353394,
        "mean": 0.40791708231,
        "median": 0.402593940496,
        "min": 0.0283601842821,
        "var": 0.0295256283134
    },
    "silence_rate_20dB": {
        "dmean": 0.000207296849112,
        "dmean2": 0.000414636684582,
        "dvar": 0.000207227378269,
        "dvar2": 0.000621677143499,
        "max": 1,
        "mean": 0.999896347523,
        "median": 1,
        "min": 0,
        "var": 0.000103620317532
    },
    "silence_rate_30dB": {
        "dmean": 0.14096185565,
        "dmean2": 0.281952947378,
        "dvar": 0.121101021767,
        "dvar2": 0.256153434515,
        "max": 1,
        "mean": 0.780495405197,
        "median": 1,
        "min": 0,
        "var": 0.171322658658
    },
    "silence_rate_60dB": {
        "dmean": 0.0109867332503,
        "dmean2": 0.0219757445157,
        "dvar": 0.0108662145212,
        "dvar2": 0.0289569273591,
        "max": 1,
        "mean": 0.015545652248,
        "median": 0,
        "min": 0,
        "var": 0.0153039786965
    },
    "spectral_centroid": {
        "dmean": 194.466049194,
        "dmean2": 326.825012207,
        "dvar": 103332.929688,
        "dvar2": 257428.265625,
        "max": 11718.96875,
        "mean": 444.674621582,
        "median": 338.221435547,
        "min": 58.6267433167,
        "var": 148714.75
    },
    "spectral_complexity": {
        "dmean": 3.8115670681,
        "dmean2": 6.15569591522,
        "dvar": 25.20844841,
        "dvar2": 64.4842529297,
        "max": 47,
        "mean": 9.33568286896,
        "median": 8,
        "min": 0,
        "var": 41.2970199585
    },
    "spectral_decrease": {
        "dmean": 8.50334114233e-09,
        "dmean2": 1.28645298858e-08,
        "dvar": 9.90150545698e-17,
        "dvar2": 1.92742267738e-16,
        "max": 1.51975357607e-29,
        "mean": -1.75837602256e-08,
        "median": -1.31664501524e-08,
        "min": -9.87945867337e-08,
        "var": 2.40715461014e-16
    },
    "spectral_energy": {
        "dmean": 0.0325192399323,
        "dmean2": 0.0492635965347,
        "dvar": 0.00143944413867,
        "dvar2": 0.00280659645796,
        "max": 0.374874770641,
        "mean": 0.06736959517,
        "median": 0.0505239181221,
        "min": 9.92149103368e-21,
        "var": 0.00349135580473
    },
    "spectral_energyband_high": {
        "dmean": 0.000258738844423,
        "dmean2": 0.000400952791097,
        "dvar": 9.56304461397e-07,
        "dvar2": 2.03886474992e-06,
        "max": 0.0255989748985,
        "mean": 0.000290255527943,
        "median": 2.84338348138e-05,
        "min": 7.33945563732e-21,
        "var": 1.3625055999e-06
    },
    "spectral_energyband_low": {
        "dmean": 0.0279535762966,
        "dmean2": 0.0423882901669,
        "dvar": 0.00132659450173,
        "dvar2": 0.0026065800339,
        "max": 0.368884444237,
        "mean": 0.0528275854886,
        "median": 0.0311821121722,
        "min": 6.78796949132e-23,
        "var": 0.00321109290235
    },
    "spectral_energyband_middle_high": {
        "dmean": 0.00114002055489,
        "dmean2": 0.00209855963476,
        "dvar": 8.21571211418e-06,
        "dvar2": 2.36237410718e-05,
        "max": 0.023481650278,
        "mean": 0.00101901660673,
        "median": 0.000395085429773,
        "min": 1.30281299887e-21,
        "var": 5.08811763211e-06
    },
    "spectral_energyband_middle_low": {
        "dmean": 0.0113075757399,
        "dmean2": 0.0184289719909,
        "dvar": 0.000373993621906,
        "dvar2": 0.000895205419511,
        "max": 0.148731976748,
        "mean": 0.0138322971761,
        "median": 0.00655848067254,
        "min": 2.51788825677e-22,
        "var": 0.000407466868637
    },
    "spectral_entropy": {
        "dmean": 0.422933220863,
        "dmean2": 0.661674916744,
        "dvar": 0.225203379989,
        "dvar2": 0.541187703609,
        "max": 9.79908370972,
        "mean": 6.76497507095,
        "median": 6.93766736984,
        "min": 3.14179182053,
        "var": 0.844070732594
    },
    "spectral_flux": {
        "dmean": 0.0664249137044,
        "dmean2": 0.112731538713,
        "dvar": 0.00413217535242,
        "dvar2": 0.0117434114218,
        "max": 0.454385608435,
        "mean": 0.128394216299,
        "median": 0.115894548595,
        "min": 6.64528918004e-11,
        "var": 0.00726399710402
    },
    "spectral_kurtosis": {
        "dmean": 13.2153310776,
        "dmean2": 21.9523029327,
        "dvar": 1570.61547852,
        "dvar2": 4485.14746094,
        "max": 1101.60119629,
        "mean": 23.5831069946,
        "median": 7.63887691498,
        "min": -1.23389101028,
        "var": 3991.10327148
    },
    "spectral_rms": {
        "dmean": 0.00198064208962,
        "dmean2": 0.00296347122639,
        "dvar": 4.34046660303e-06,
        "dvar2": 8.10422443465e-06,
        "max": 0.0191241074353,
        "mean": 0.00731565384194,
        "median": 0.00702079944313,
        "min": 3.11118990813e-12,
        "var": 1.22078836284e-05
    },
    "spectral_rolloff": {
        "dmean": 159.230499268,
        "dmean2": 282.937652588,
        "dvar": 239043.984375,
        "dvar2": 579231.6875,
        "max": 19078.4179688,
        "mean": 253.61907959,
        "median": 150.732421875,
        "min": 21.533203125,
        "var": 276321.375
    },
    "spectral_skewness": {
        "dmean": 0.83780246973,
        "dmean2": 1.33187782764,
        "dvar": 1.65339899063,
        "dvar2": 4.05032777786,
        "max": 27.9703731537,
        "mean": 3.12101125717,
        "median": 2.35389518738,
        "min": -0.0523183494806,
        "var": 6.6504611969
    },
    "spectral_spread": {
        "dmean": 947085.8125,
        "dmean2": 1383365.5,
        "dvar": 1.53787931034e+12,
        "dvar2": 3.21550575206e+12,
        "max": 41501800,
        "mean": 4096167.75,
        "median": 4128066.75,
        "min": 90381.5390625,
        "var": 4.32689984307e+12
    },
    "spectral_strongpeak": {
        "dmean": 0.3197504282,
        "dmean2": 0.529117166996,
        "dvar": 0.222492307425,
        "dvar2": 0.550217986107,
        "max": 5.23080778122,
        "mean": 0.544276177883,
        "median": 0.406393378973,
        "min": 0,
        "var": 0.2530426085
    },
    "zerocrossingrate": {
        "dmean": 0.0057249055244,
        "dmean2": 0.00722906272858,
        "dvar": 7.66418961575e-05,
        "dvar2": 0.000114730508358,
        "max": 0.53955078125,
        "mean": 0.0147696351632,
        "median": 0.009765625,
        "min": 0.00048828125,
        "var": 0.000312215735903
    },
    "barkbands": {
        "dmean": [0.0026199487038, 0.0243425443769, 0.00665110023692, 0.00249058264308, 0.00590919423848, 0.00165767408907, 0.00194092805032, 0.000652046990581, 0.000451215280918, 0.000146174512338, 0.000154646171723, 0.00023069792951, 0.000117837444122, 0.000109873530164, 5.57548519282e-05, 0.000146936072269, 0.000140144809848, 4.8491940106e-05, 5.57112398383e-05, 6.90612650942e-05, 4.88378973387e-05, 5.1721734053e-05, 5.91571224504e-05, 5.11193065904e-05, 2.69165011559e-05, 7.3141318353e-06, 5.83455005199e-07],
        "dmean2": [0.00447493232787, 0.0365183614194, 0.0105575360358, 0.00413890508935, 0.00991509575397, 0.00265635619871, 0.00334338820539, 0.00114132009912, 0.000782734598033, 0.000253748410614, 0.000280735082924, 0.000422151235398, 0.00021618892788, 0.000200843511266, 0.000100708195532, 0.000280963198747, 0.000268805510132, 8.83492612047e-05, 9.96249582386e-05, 0.000124984129798, 7.68094687373e-05, 8.10969941085e-05, 9.24173364183e-05, 7.79605252319e-05, 4.22918783443e-05, 1.12869565783e-05, 1.0051173831e-06],
        "dvar": [2.96951347991e-05, 0.00116080767475, 0.00014800822828, 1.78481623152e-05, 0.00017107144231, 3.01464951917e-05, 3.66719505109e-05, 3.82202688343e-06, 1.30265209464e-06, 9.92231363739e-08, 1.10358875816e-07, 2.97880347944e-07, 8.56909920799e-08, 8.16435488105e-08, 1.76693433218e-08, 2.19964874759e-07, 2.21134953904e-07, 1.62728355235e-08, 5.0065196433e-08, 5.13257738533e-08, 4.34519975556e-08, 6.21278104518e-08, 6.61143459979e-08, 3.30867315768e-08, 5.54190160429e-09, 4.88278251165e-10, 5.03303562022e-12],
        "dvar2": [7.77908644523e-05, 0.00215184898116, 0.00035687367199, 4.42441887571e-05, 0.000419745862018, 6.73781032674e-05, 9.31088070502e-05, 1.0180487152e-05, 3.47475565832e-06, 2.79061282527e-07, 3.13382287231e-07, 8.4102106257e-07, 2.45036659408e-07, 2.32493675867e-07, 5.07770820946e-08, 6.42261284156e-07, 6.46695809792e-07, 4.61473028679e-08, 1.46579822058e-07, 1.3973908608e-07, 9.53336893872e-08, 1.29834120344e-07, 1.43344905723e-07, 6.83176892835e-08, 1.33036888172e-08, 1.17240428477e-09, 1.37859446081e-11],
        "max": [0.133967936039, 0.342413842678, 0.118354894221, 0.0493987575173, 0.129048630595, 0.107946507633, 0.095443315804, 0.0551706962287, 0.0429831854999, 0.0149538721889, 0.00331147899851, 0.0047791050747, 0.00443490827456, 0.00271967542358, 0.0020137259271, 0.00437597325072, 0.00461127376184, 0.00174914707895, 0.00470397621393, 0.00402866955847, 0.006028983742, 0.00653950683773, 0.00834051799029, 0.00419685058296, 0.00120145524852, 0.000625764252618, 5.30357610842e-05],
        "mean": [0.00283253402449, 0.0417592190206, 0.0076563055627, 0.00308700185269, 0.00618511019275, 0.00187018176075, 0.00165152270347, 0.000570296193473, 0.00042611421668, 0.00016728596529, 0.000136657152325, 0.000182057439815, 0.000100083372672, 9.0435401944e-05, 5.49091782887e-05, 9.9324308394e-05, 9.07924404601e-05, 4.08365995099e-05, 4.771260501e-05, 5.49171600142e-05, 5.29933422513e-05, 5.71649434278e-05, 6.17318437435e-05, 5.61825763725e-05, 2.88511255349e-05, 9.2136378953e-06, 4.80054836771e-07],
        "median": [0.00091064942535, 0.0208276454359, 0.00294216931798, 0.0014260300668, 0.00180103851017, 0.000609783281107, 0.000296786602121, 0.000166716970853, 0.000134023823193, 7.03196565155e-05, 4.67810496048e-05, 4.91833125125e-05, 3.27210691466e-05, 2.73254117928e-05, 1.77294732566e-05, 1.66159752553e-05, 1.14812746688e-05, 9.05838260223e-06, 7.45422994441e-06, 6.08066375207e-06, 5.30577426616e-06, 4.54010478279e-06, 3.95417782784e-06, 3.75507079298e-06, 2.88338287646e-06, 1.3172115132e-06, 2.47417109023e-08],
        "min": [8.55639164139e-24, 3.73103818919e-23, 3.94019613851e-24, 2.92336133421e-24, 1.34688123028e-23, 3.58097349473e-23, 4.71204636272e-23, 2.82259196608e-23, 8.88654586522e-23, 5.42326663101e-23, 1.89178705833e-23, 5.9660868686e-23, 3.81455583986e-23, 9.05466222154e-23, 1.04833025738e-22, 1.20913709166e-22, 8.20550268199e-23, 1.10794984024e-22, 2.52370361314e-22, 3.16009423991e-22, 4.19772400931e-22, 3.77723968982e-22, 6.41054675361e-22, 7.0725113674e-22, 1.30425258798e-21, 1.29238226346e-21, 2.01946271278e-21],
        "var": [3.70092348021e-05, 0.00273113558069, 0.000171935098479, 2.12596460187e-05, 0.000167825361132, 3.15341349051e-05, 3.04161094391e-05, 2.82571181742e-06, 9.9550811683e-07, 8.77630199625e-08, 7.5763473717e-08, 1.86935196211e-07, 5.3982571302e-08, 5.13544193836e-08, 1.30529489439e-08, 1.21310876011e-07, 1.2090715984e-07, 1.1311589887e-08, 3.49040334413e-08, 4.37833094225e-08, 5.8131046643e-08, 8.19418488618e-08, 8.53437214232e-08, 4.75349608564e-08, 6.74112587973e-09, 6.3979688214e-10, 3.57769282949e-12]
    },
    "erbbands": {
        "dmean": [0.938078165054, 4.91039991379, 7.34871196747, 6.1519908905, 18.1392345428, 19.3330135345, 12.3743019104, 13.8411941528, 25.0414962769, 24.1173534393, 12.0045318604, 11.1161231995, 4.72119808197, 5.56119346619, 7.92900562286, 8.06508350372, 5.34163331985, 6.56392192841, 3.03060817719, 5.55050611496, 7.81179380417, 7.79631853104, 2.95301389694, 2.80979037285, 3.25104045868, 3.23818564415, 2.25765442848, 1.80113267899, 1.7133705616, 1.80144953728, 1.81176590919, 1.32071864605, 0.699777185917, 0.367837995291, 0.142174139619, 0.0406417772174, 0.0121311964467, 0.00226339232177, 6.93215552019e-05, 3.64712395822e-05],
        "dmean2": [1.36921906471, 7.49601984024, 11.6616287231, 9.54995536804, 31.3270702362, 31.9068202972, 19.9803791046, 22.3953266144, 42.7225341797, 41.8297462463, 20.8668766022, 19.3416919708, 7.9510216713, 9.89700603485, 14.5808429718, 14.6595010757, 9.77563667297, 12.15305233, 5.40614891052, 10.453915596, 14.9788827896, 14.9262008667, 5.44835567474, 5.0565199852, 5.90167856216, 5.86299180984, 3.72571539879, 2.77427148819, 2.62277245522, 2.84955596924, 2.87600064278, 2.00763726234, 1.07286322117, 0.575799226761, 0.221929192543, 0.0635912790895, 0.0185702480376, 0.00352856540121, 0.000110108776425, 5.55595688638e-05],
        "dvar": [2.0742328167, 44.8820343018, 166.987808228, 84.0606231689, 1719.46789551, 2186.61572266, 1337.22131348, 2312.01855469, 5958.19042969, 5271.43945312, 1392.29919434, 709.449707031, 244.314025879, 109.637138367, 402.985900879, 318.291046143, 165.176391602, 302.3331604, 50.9634552002, 257.326629639, 630.365112305, 674.885681152, 65.5936279297, 91.3692169189, 130.235107422, 117.27293396, 68.7366333008, 76.8347473145, 67.9675140381, 74.9983978271, 53.828754425, 27.2719020844, 6.08958625793, 1.25073814392, 0.135052442551, 0.0119276912883, 0.00163727242034, 4.91417486046e-05, 3.42981145707e-08, 1.75665604285e-09],
        "dvar2": [3.66444444656, 89.7840118408, 407.593444824, 187.415939331, 4553.68359375, 4680.21777344, 2916.63525391, 5297.82421875, 15051.40625, 13772.9951172, 3694.1796875, 1859.1862793, 677.033325195, 308.053466797, 1153.73022461, 887.458618164, 470.767333984, 864.28125, 144.329452515, 749.385742188, 1842.39331055, 1973.29736328, 188.010437012, 263.947174072, 377.482971191, 324.772064209, 158.586639404, 167.814910889, 139.809494019, 164.273651123, 118.351135254, 56.7113418579, 13.0083312988, 2.95522642136, 0.317584604025, 0.0283592641354, 0.00396332750097, 0.000119415861263, 8.5997335475e-08, 3.41983841246e-09],
        "max": [16.1436576843, 65.9528961182, 127.248687744, 163.35597229, 430.520507812, 538.679626465, 769.17980957, 1047.92126465, 1541.78320312, 1294.98193359, 1058.52563477, 737.632141113, 1061.02099609, 134.821670532, 194.684066772, 147.413696289, 176.361694336, 153.974700928, 83.8133239746, 139.071640015, 257.141113281, 254.941574097, 97.279800415, 188.029998779, 213.83631897, 191.141784668, 203.006881714, 247.302062988, 222.03086853, 250.525588989, 210.654190063, 145.630233765, 48.0932426453, 19.4697036743, 8.0053691864, 2.74609494209, 1.35994946957, 0.146125912666, 0.00412051938474, 0.000404268648708],
        "mean": [1.57410752773, 7.96759033203, 9.52306175232, 9.22257804871, 17.9848079681, 21.3255882263, 15.3062772751, 15.3018579483, 22.5389709473, 20.0544624329, 11.0013132095, 10.2747058868, 5.74073600769, 5.67808675766, 6.52730512619, 6.74320030212, 4.63038349152, 5.19247484207, 3.07663726807, 4.31933116913, 5.23900032043, 5.1123456955, 2.4024515152, 2.40735864639, 2.63105535507, 2.58119034767, 2.28361463547, 1.99099671841, 1.94696497917, 1.95049595833, 1.7998265028, 1.39693558216, 0.780916690826, 0.389908701181, 0.163070440292, 0.0506190620363, 0.0149710262194, 0.00262255594134, 9.56467483775e-05, 7.60309048928e-05],
        "median": [0.743636012077, 3.93773794174, 4.31695127487, 5.1127243042, 5.73550796509, 5.7318277359, 5.6279091835, 4.71032762527, 4.94534349442, 4.27976894379, 3.65992975235, 3.14494585991, 2.70704078674, 2.28706502914, 2.15745711327, 2.07437229156, 1.64934682846, 1.51729595661, 1.17773962021, 1.00645160675, 0.848098635674, 0.670208513737, 0.514464318752, 0.418525129557, 0.362441807985, 0.291323900223, 0.242891252041, 0.185966670513, 0.161922737956, 0.141552358866, 0.110205963254, 0.0821162462234, 0.060416854918, 0.0363513380289, 0.0175269767642, 0.00714526651427, 0.00202023121528, 0.000298399623716, 4.00280114263e-05, 5.77287355554e-05],
        "min": [1.67021700113e-21, 6.38234546849e-21, 1.23682177764e-20, 5.01860211548e-21, 2.40748235409e-20, 6.14457547103e-20, 1.7440088627e-19, 3.65473158346e-19, 7.41541207868e-19, 2.62661354897e-19, 1.50292420388e-18, 1.45889792937e-18, 1.80156111704e-18, 2.38837338334e-18, 7.67544974592e-19, 2.58334523039e-18, 2.46712015047e-18, 3.31367353977e-18, 5.10218691662e-18, 7.48935861332e-18, 5.36989647725e-18, 5.1588777399e-18, 5.7900967838e-18, 1.25565074e-17, 1.18282617246e-17, 1.49374293336e-17, 2.13632843149e-17, 1.33823388809e-17, 1.44338599746e-17, 1.24494057086e-17, 1.69104651984e-17, 1.45677474286e-17, 1.37293030976e-17, 1.02478611996e-17, 9.03034398213e-18, 4.30268666249e-18, 2.79624187452e-18, 1.10159529923e-18, 2.52692975486e-19, 3.4054528218e-20],
        "var": [4.82459640503, 96.0122070312, 198.58291626, 131.802856445, 1375.49279785, 2726.86962891, 1509.43798828, 2314.99316406, 5001.66650391, 4119.13916016, 1052.63183594, 566.645690918, 180.603393555, 89.2994842529, 246.282470703, 211.667556763, 105.455375671, 183.025100708, 37.7565078735, 151.216308594, 345.580200195, 370.421844482, 42.9960327148, 63.8167762756, 94.6813049316, 97.6034317017, 88.3915252686, 99.703918457, 92.6290893555, 95.7849273682, 66.6521835327, 36.7054138184, 8.45885848999, 1.50945627689, 0.181094914675, 0.0162863172591, 0.0020009407308, 5.94269622525e-05, 3.94877197607e-08, 4.26213508931e-09]
    },
    "gfcc": {
        "mean": [-83.84815979, 141.490707397, -52.7919158936, 38.0444755554, -40.4715690613, 19.9205284119, -25.4743728638, 7.16852617264, -12.6749210358, 2.35148286819, -6.92644643784, -1.11206507683, -4.93417406082],
        "cov": [[12914.9238281, -2956.90698242, -2852.93725586, 491.807769775, -1312.98901367, 431.675140381, -887.93762207, 411.891235352, -499.053283691, 319.648712158, -379.930969238, 271.82144165, -377.850036621], [-2956.90698242, 2106.67822266, 473.185424805, -648.252868652, 447.923858643, -338.819763184, 413.83215332, -253.183685303, 276.525238037, -194.185333252, 237.391433716, -156.440216064, 218.349212646], [-2852.93725586, 473.185424805, 1620.67614746, 58.6233482361, 224.205062866, -50.615524292, 156.276977539, -54.6678657532, 108.144668579, -36.7643852234, 72.443031311, -44.7238121033, 54.1308517456], [491.807769775, -648.252868652, 58.6233482361, 528.236755371, -17.4286117554, 73.8812866211, -108.787414551, 22.4327583313, -53.6189804077, 25.5153465271, -48.8429031372, 9.63036823273, -35.0084724426], [-1312.98901367, 447.923858643, 224.205062866, -17.4286117554, 399.703796387, -6.52995634079, 191.582778931, -47.6539840698, 113.123901367, -37.0995101929, 76.6774902344, -37.9451141357, 72.2756652832], [431.675140381, -338.819763184, -50.615524292, 73.8812866211, -6.52995634079, 218.813278198, 6.76981973648, 88.7630004883, -6.88436555862, 41.1356544495, -17.2000484467, 18.6923885345, -23.8299541473], [-887.93762207, 413.83215332, 156.276977539, -108.787414551, 191.582778931, 6.76981973648, 227.518814087, -2.16838526726, 112.042610168, -16.3706474304, 76.5654830933, -26.9775447845, 62.1154899597], [411.891235352, -253.183685303, -54.6678657532, 22.4327583313, -47.6539840698, 88.7630004883, -2.16838526726, 110.397232056, 6.50549125671, 55.4035415649, -7.13996267319, 33.2397727966, -25.7571029663], [-499.053283691, 276.525238037, 108.144668579, -53.6189804077, 113.123901367, -6.88436555862, 112.042610168, 6.50549125671, 125.568489075, 11.716711998, 80.2925033569, -17.784318924, 42.8385353088], [319.648712158, -194.185333252, -36.7643852234, 25.5153465271, -37.0995101929, 41.1356544495, -16.3706474304, 55.4035415649, 11.716711998, 86.7028274536, 11.7142190933, 40.0995368958, -22.4521598816], [-379.930969238, 237.391433716, 72.443031311, -48.8429031372, 76.6774902344, -17.2000484467, 76.5654830933, -7.13996267319, 80.2925033569, 11.7142190933, 96.1324081421, 0.159606784582, 44.7496871948], [271.82144165, -156.440216064, -44.7238121033, 9.63036823273, -37.9451141357, 18.6923885345, -26.9775447845, 33.2397727966, -17.784318924, 40.0995368958, 0.159606784582, 57.7136192322, -5.28867483139], [-377.850036621, 218.349212646, 54.1308517456, -35.0084724426, 72.2756652832, -23.8299541473, 62.1154899597, -25.7571029663, 42.8385353088, -22.4521598816, 44.7496871948, -5.28867483139, 67.2670898438]],
        "icov": [[0.000232461025007, -0.000125774604385, 0.000323487212881, -0.000238147898926, 0.000422775221523, -0.000286261434667, 0.000299966370221, -0.000261987268459, -5.45200164197e-05, -0.000191707746126, 0.00018666703545, -0.000347903667716, 0.000216002721572], [-0.000125774604385, 0.00589433824643, -0.000668995315209, 0.00495459837839, -0.00153739925008, 0.00379711715505, -0.00243380805477, 0.00447691977024, -0.00291648041457, 0.00370432157069, -0.00431028706953, 0.00549843953922, -0.00337043404579], [0.000323487212881, -0.000668995315209, 0.00120066932868, -0.000954955641646, 0.000563074310776, -0.000569419760723, 0.000265744747594, -0.000523803348187, -0.000146123056766, -0.000412737688748, 0.000544863694813, -0.000953976006713, 0.000790583144408], [-0.000238147898926, 0.00495459837839, -0.000954955641646, 0.00671211909503, -0.00231990241446, 0.00250771734864, -0.000311169453198, 0.00370445731096, -0.0020562352147, 0.0021960735321, -0.00316108972766, 0.00560505641624, -0.0034857110586], [0.000422775221523, -0.00153739925008, 0.000563074310776, -0.00231990241446, 0.00627996586263, -0.00214761821553, -0.00254748668522, 0.00138376047835, -0.00169131078292, -0.000292053562589, 0.00173607026227, -0.00275850552134, 0.000686396786477], [-0.000286261434667, 0.00379711715505, -0.000569419760723, 0.00250771734864, -0.00214761821553, 0.0102296667174, -0.00284146820195, -0.00347619061358, 0.000505866424646, 0.00156351109035, -0.00271424069069, 0.00557757541537, -0.00250194058754], [0.000299966370221, -0.00243380805477, 0.000265744747594, -0.000311169453198, -0.00254748668522, -0.00284146820195, 0.0138681828976, -0.0050162426196, -0.00374593259767, -0.000467967125587, 0.00124692858662, -0.000187806770555, -0.00240190769546], [-0.000261987268459, 0.00447691977024, -0.000523803348187, 0.00370445731096, 0.00138376047835, -0.00347619061358, -0.0050162426196, 0.0259922780097, -0.0090557038784, -0.00216524885036, 0.00123388087377, -0.00402938760817, 0.00211890600622], [-5.45200164197e-05, -0.00291648041457, -0.000146123056766, -0.0020562352147, -0.00169131078292, 0.000505866424646, -0.00374593259767, -0.0090557038784, 0.0307649690658, -0.00978642888367, -0.0133563894778, 0.010818425566, -0.00292685860768], [-0.000191707746126, 0.00370432157069, -0.000412737688748, 0.0021960735321, -0.000292053562589, 0.00156351109035, -0.000467967125587, -0.00216524885036, -0.00978642888367, 0.031087724492, -0.00782902911305, -0.0131238047034, 0.00962991919369], [0.00018666703545, -0.00431028706953, 0.000544863694813, -0.00316108972766, 0.00173607026227, -0.00271424069069, 0.00124692858662, 0.00123388087377, -0.0133563894778, -0.00782902911305, 0.0323205441236, -0.0091158291325, -0.00687501998618], [-0.000347903667716, 0.00549843953922, -0.000953976006713, 0.00560505641624, -0.00275850552134, 0.00557757541537, -0.000187806770555, -0.00402938760817, 0.010818425566, -0.0131238047034, -0.0091158291325, 0.0419608168304, -0.0144537314773], [0.000216002721572, -0.00337043404579, 0.000790583144408, -0.0034857110586, 0.000686396786477, -0.00250194058754, -0.00240190769546, 0.00211890600622, -0.00292685860768, 0.00962991919369, -0.00687501998618, -0.0144537314773, 0.034490481019]]
    },
    "melbands": {
        "dmean": [0.00750166317448, 0.00426471186802, 0.00135704723652, 0.00146024569403, 0.000469735154184, 0.000309926806949, 0.000398113421397, 0.000242032663664, 9.08790170797e-05, 6.62825405016e-05, 2.22729959205e-05, 2.24818686547e-05, 2.35760835494e-05, 2.8428990845e-05, 1.35002528623e-05, 1.23404397527e-05, 1.23133859233e-05, 4.98680947203e-06, 4.55996996607e-06, 9.83136033028e-06, 9.15832333703e-06, 8.98893631529e-06, 3.82533107768e-06, 2.35311631513e-06, 2.29189390666e-06, 1.85341548331e-06, 2.91785613626e-06, 1.95894017452e-06, 1.40409099458e-06, 1.24667110413e-06, 9.97242182166e-07, 9.66715674622e-07, 1.03906654658e-06, 9.66157131188e-07, 1.17511069675e-06, 8.30645205951e-07, 7.90026206232e-07, 5.00846340401e-07, 4.43027374786e-07, 2.66946528882e-07],
        "dmean2": [0.011070817709, 0.00665413867682, 0.00211671344005, 0.00245480774902, 0.000757677713409, 0.00049981335178, 0.000681765319314, 0.000420912314439, 0.000158992828801, 0.000114476941235, 3.7511697883e-05, 3.99151067541e-05, 4.30905020039e-05, 5.20138710272e-05, 2.4459002816e-05, 2.27673444897e-05, 2.276608393e-05, 8.85114604898e-06, 8.31925808598e-06, 1.86835204659e-05, 1.76028297574e-05, 1.72672007466e-05, 7.18436604075e-06, 4.2905180635e-06, 4.12517056247e-06, 3.29849058289e-06, 5.3919243328e-06, 3.51444509761e-06, 2.36285063693e-06, 1.9884989797e-06, 1.53585426688e-06, 1.47800608374e-06, 1.67437872278e-06, 1.5300636278e-06, 1.90897640095e-06, 1.26265570088e-06, 1.20891706956e-06, 7.64188371249e-07, 7.08681284323e-07, 4.157400042e-07],
        "dvar": [0.000117475319712, 3.5803346691e-05, 4.64923004984e-06, 1.12463949336e-05, 1.3034850781e-06, 1.09811139737e-06, 1.44905709476e-06, 4.82914913391e-07, 7.5231461949e-08, 2.55909693436e-08, 5.76973713251e-09, 1.73802816583e-09, 3.09079961625e-09, 4.86467133243e-09, 9.31354326994e-10, 9.15433173709e-10, 1.11252240753e-09, 1.37807279477e-10, 1.21808077513e-10, 9.46046130323e-10, 8.74189498568e-10, 9.27098509074e-10, 1.29901797652e-10, 3.99578183041e-11, 6.68018765304e-11, 5.68085092856e-11, 9.16438383514e-11, 4.62556243308e-11, 2.42955273955e-11, 3.02856108247e-11, 2.48600792729e-11, 2.0547943555e-11, 2.67445423446e-11, 2.09526198475e-11, 2.10388755029e-11, 1.35040780641e-11, 9.23559232563e-12, 3.29092308959e-12, 2.1991813752e-12, 6.36691328999e-13],
        "dvar2": [0.000211507780477, 8.32766017993e-05, 1.05743529275e-05, 2.75820329989e-05, 2.84221891889e-06, 2.50432890425e-06, 3.65096298083e-06, 1.26784084387e-06, 2.00039650622e-07, 6.60301040512e-08, 1.59966457858e-08, 4.87552620498e-09, 8.82823059101e-09, 1.37693279001e-08, 2.64322319588e-09, 2.6148834209e-09, 3.18112713948e-09, 3.88627657832e-10, 3.49779344377e-10, 2.7599431629e-09, 2.55675081107e-09, 2.71405853347e-09, 3.76440711936e-10, 1.12843880073e-10, 1.93433796758e-10, 1.64821808979e-10, 2.58481874793e-10, 1.29158309048e-10, 5.76144097708e-11, 7.02699703981e-11, 5.33806852887e-11, 4.27762200661e-11, 5.61216177697e-11, 4.70852835888e-11, 4.77397739396e-11, 2.76634010837e-11, 1.98931045248e-11, 6.97942832001e-12, 5.35788210673e-12, 1.47444556564e-12],
        "max": [0.115365102887, 0.0561064593494, 0.0228901319206, 0.0351674556732, 0.0202651619911, 0.0216146279126, 0.0201323069632, 0.011570208706, 0.00733902258798, 0.00400568172336, 0.00523177068681, 0.000632758135907, 0.000545283663087, 0.000632554118056, 0.000443412020104, 0.000382278522011, 0.000308215356199, 0.000155830799486, 0.000156438560225, 0.000279565894743, 0.000325745990267, 0.000308463349938, 0.000108418134914, 0.000109054992208, 0.000171313804458, 0.000164922312251, 0.000132646848215, 0.000128223822685, 9.97416645987e-05, 0.000159247341799, 0.000138172734296, 0.000120054690342, 0.000134462970891, 0.000147386846947, 0.000129938998725, 0.000112388312118, 8.13164442661e-05, 3.15880679409e-05, 2.93919492833e-05, 1.42570888784e-05],
        "mean": [0.0129473172128, 0.00681807473302, 0.001930113649, 0.00151490187272, 0.000587302609347, 0.000345617649145, 0.000351591967046, 0.00020136742387, 8.2837548689e-05, 6.2154205807e-05, 2.72062734439e-05, 2.30501191254e-05, 2.00479571504e-05, 2.22103517444e-05, 1.20057084132e-05, 1.00605539046e-05, 9.60516263149e-06, 5.02201419295e-06, 4.30374711868e-06, 6.85561462888e-06, 6.01299734626e-06, 5.74867272007e-06, 2.85910050479e-06, 1.939223921e-06, 1.94962399291e-06, 1.65244136952e-06, 2.16116472984e-06, 1.56946418883e-06, 1.40012070915e-06, 1.30719763547e-06, 1.10135476916e-06, 1.08050005565e-06, 1.1386754295e-06, 1.0446590295e-06, 1.10924497676e-06, 8.7394687398e-07, 8.32234718473e-07, 5.64880508591e-07, 4.47568680784e-07, 2.86483356149e-07],
        "median": [0.00641533220187, 0.00367933395319, 0.00103184883483, 0.000437736714957, 0.000216637883568, 0.000109843560494, 6.98925505276e-05, 4.62964417238e-05, 2.72626130027e-05, 1.81883133337e-05, 1.27857147163e-05, 9.11417009775e-06, 6.71241059536e-06, 5.99782288191e-06, 4.34986259279e-06, 3.08631138068e-06, 2.67525092568e-06, 1.87496209492e-06, 1.3190953041e-06, 1.211621111e-06, 9.09613845579e-07, 6.8444074941e-07, 5.18872411703e-07, 4.06944110409e-07, 3.22266032526e-07, 2.65289457957e-07, 2.25529703357e-07, 1.74497017724e-07, 1.49879213041e-07, 1.24758955167e-07, 9.65340944958e-08, 8.70339391668e-08, 8.25226322831e-08, 7.46448236555e-08, 6.24912530611e-08, 5.36121191885e-08, 4.68693919231e-08, 4.16976888573e-08, 3.66828487586e-08, 2.74053792992e-08],
        "min": [1.18882150944e-23, 1.13887927773e-23, 1.47319705025e-24, 2.88446141969e-24, 7.53935193048e-24, 9.12234964265e-24, 9.96598431597e-24, 2.24775856966e-24, 1.62944221352e-23, 9.77153010283e-24, 1.01506889972e-23, 9.39984172126e-24, 2.19790551868e-24, 4.30358688665e-24, 8.37982484928e-24, 3.3431144191e-24, 6.95426010796e-24, 8.44588958351e-24, 9.63352598721e-24, 1.15176555727e-23, 4.96097781113e-24, 5.38457442356e-24, 4.16243797703e-24, 5.68486063802e-24, 1.08237167225e-23, 9.37075168651e-24, 6.59969276904e-24, 1.05042469886e-23, 1.40672011647e-23, 9.89489927094e-24, 6.79871488125e-24, 8.15703711901e-24, 7.54565729569e-24, 6.67606278771e-24, 9.50566425625e-24, 1.00139281263e-23, 8.25037435246e-24, 9.73902508923e-24, 8.1957228578e-24, 8.32869956288e-24],
        "var": [0.000279571540887, 5.98084843659e-05, 6.3410157054e-06, 1.09889679152e-05, 1.57038823545e-06, 1.11383758394e-06, 1.21976302125e-06, 3.72297336071e-07, 5.64991822216e-08, 2.14196198556e-08, 4.28348778669e-09, 1.45602419011e-09, 1.96710736589e-09, 3.01756220011e-09, 6.15080264499e-10, 5.69250813154e-10, 6.70873412378e-10, 1.03105746163e-10, 8.65055457822e-11, 5.28819210643e-10, 4.77251405062e-10, 5.0556259179e-10, 7.648361805e-11, 2.79278336568e-11, 4.58577828488e-11, 4.23584986531e-11, 6.61518687051e-11, 3.89470886097e-11, 3.07059620785e-11, 3.61656780912e-11, 3.30088421874e-11, 2.81639260524e-11, 3.35933954265e-11, 2.71454751039e-11, 2.50207059932e-11, 1.74605954695e-11, 1.21903208014e-11, 4.59485704693e-12, 2.46984789391e-12, 7.7041487339e-13]
    },
    "mfcc": {
        "mean": [-741.663208008, 168.106842041, 50.034324646, 33.4665718079, 18.7287998199, 16.7161178589, 7.75928544998, 8.61339569092, 4.05266046524, 5.61712694168, 2.82714939117, 4.66961479187, 3.22305345535],
        "cov": [[12880.6298828, -2450.20214844, -2181.59790039, -649.898925781, -654.046203613, -311.592224121, -446.199157715, -123.863014221, -271.113830566, -72.2658309937, -186.982299805, 59.1519622803, 6.53615999222], [-2450.20214844, 1966.57067871, 124.571128845, -131.715301514, -37.5702819824, -30.9607791901, 73.3816223145, 4.46023988724, 55.6879653931, 10.6797657013, 54.1908073425, 3.52548003197, 26.2925243378], [-2181.59790039, 124.571128845, 1159.02770996, 225.923217773, 147.788009644, 41.809753418, 48.7968559265, 5.83631706238, 30.5110034943, 4.15225505829, 37.1630821228, -18.6717777252, -15.1017694473], [-649.898925781, -131.715301514, 225.923217773, 360.926300049, 137.66444397, 58.7908973694, 12.6130809784, -9.41896343231, 0.903032064438, -5.22005081177, -5.76821708679, -21.3185405731, -12.9537172318], [-654.046203613, -37.5702819824, 147.788009644, 137.66444397, 200.969787598, 90.1944122314, 47.0908966064, 24.7929840088, 27.0085697174, 12.7220478058, 14.6239814758, 3.41079998016, 11.1285362244], [-311.592224121, -30.9607791901, 41.809753418, 58.7908973694, 90.1944122314, 122.295310974, 65.854888916, 37.3419380188, 38.6318206787, 20.4934368134, 25.1609611511, 4.3580288887, 4.47977638245], [-446.199157715, 73.3816223145, 48.7968559265, 12.6130809784, 47.0908966064, 65.854888916, 94.090057373, 51.7955627441, 44.8941116333, 25.6328716278, 28.2269535065, 7.18830823898, 5.23876905441], [-123.863014221, 4.46023988724, 5.83631706238, -9.41896343231, 24.7929840088, 37.3419380188, 51.7955627441, 71.0475006104, 42.7524795532, 26.7705554962, 19.6893768311, 10.3542318344, 8.81110286713], [-271.113830566, 55.6879653931, 30.5110034943, 0.903032064438, 27.0085697174, 38.6318206787, 44.8941116333, 42.7524795532, 65.7796096802, 33.6261520386, 29.8704586029, 13.2338571548, 13.0951633453], [-72.2658309937, 10.6797657013, 4.15225505829, -5.22005081177, 12.7220478058, 20.4934368134, 25.6328716278, 26.7705554962, 33.6261520386, 50.5572547913, 31.423210144, 22.0716266632, 18.9825611115], [-186.982299805, 54.1908073425, 37.1630821228, -5.76821708679, 14.6239814758, 25.1609611511, 28.2269535065, 19.6893768311, 29.8704586029, 31.423210144, 56.5655975342, 31.6096725464, 22.5017719269], [59.1519622803, 3.52548003197, -18.6717777252, -21.3185405731, 3.41079998016, 4.3580288887, 7.18830823898, 10.3542318344, 13.2338571548, 22.0716266632, 31.6096725464, 56.6867408752, 40.5779418945], [6.53615999222, 26.2925243378, -15.1017694473, -12.9537172318, 11.1285362244, 4.47977638245, 5.23876905441, 8.81110286713, 13.0951633453, 18.9825611115, 22.5017719269, 40.5779418945, 62.4221420288]],
