{
"lowlevel": {
    "average_loudness": 0.717917501926,
    "barkbands_crest": {
        "dmean": 3.61518788338,
        "dmean2": 5.7720952034,
        "dvar": 11.9518709183,
        "dvar2": 29.943189621,
        "max": 26.9960689545,
        "mean": 15.45835495,
        "median": 15.3202114105,
        "min": 1.72421991825,
        "var": 27.1159610748
    },
    "barkbands_flatness_db": {
        "dmean": 0.0720016285777,
        "dmean2": 0.0944048240781,
        "dvar": 0.00606557261199,
        "dvar2": 0.0127503275871,
        "max": 0.76355868578,
        "mean": 0.370439738035,
        "median": 0.381092965603,
        "min": 0.0213773176074,
        "var": 0.0186144467443
    },
    "barkbands_kurtosis": {
        "dmean": 63.4569320679,
        "dmean2": 110.480056763,
        "dvar": 774569.625,
        "dvar2": 2238349,
        "max": 59080.1640625,
        "mean": 62.777633667,
        "median": 10.2091274261,
        "min": -1.83902597427,
        "var": 528635.6875
    },
    "barkbands_skewness": {
        "dmean": 1.75127530098,
        "dmean2": 2.70162272453,
        "dvar": 11.7923250198,
        "dvar2": 30.2422409058,
        "max": 118.018318176,
        "mean": 2.94206023216,
        "median": 2.16571474075,
        "min": -43.0713043213,
        "var": 15.9510564804
    },
    "barkbands_spread": {
        "dmean": 4.24562597275,
        "dmean2": 7.20880365372,
        "dvar": 96.876335144,
        "dvar2": 260.650787354,
        "max": 90.8959960938,
        "mean": 4.98989725113,
        "median": 1.86924791336,
        "min": 0.00151430850383,
        "var": 79.3392028809
    },
    "dissonance": {
        "dmean": 0.046358961612,
        "dmean2": 0.0732933729887,
        "dvar": 0.00243261852302,
        "dvar2": 0.00569174205884,
        "max": 0.500000238419,
        "mean": 0.415343701839,
        "median": 0.439030230045,
        "min": 0.0391187332571,
        "var": 0.00612879870459
    },
    "dynamic_complexity": 6.28567314148,
    "erbbands_crest": {
        "dmean": 3.65505623817,
        "dmean2": 5.65714550018,
        "dvar": 12.4292621613,
        "dvar2": 27.2589149475,
        "max": 32.8558731079,
        "mean": 12.70104599,
        "median": 11.9106264114,
        "min": 2.46590065956,
        "var": 30.1224727631
    },
    "erbbands_flatness_db": {
        "dmean": 0.0460461080074,
        "dmean2": 0.0605481341481,
        "dvar": 0.00244618509896,
        "dvar2": 0.0046326299198,
        "max": 0.68868625164,
        "mean": 0.28235784173,
        "median": 0.284608602524,
        "min": 0.0571147315204,
        "var": 0.0102564664558
    },
    "erbbands_kurtosis": {
        "dmean": 7.09064817429,
        "dmean2": 10.7471981049,
        "dvar": 173.380355835,
        "dvar2": 385.970062256,
        "max": 262.292388916,
        "mean": 10.114192009,
        "median": 5.00382614136,
        "min": -1.76011455059,
        "var": 301.014984131
    },
    "erbbands_skewness": {
        "dmean": 0.92966657877,
        "dmean2": 1.39852762222,
        "dvar": 1.10762703419,
        "dvar2": 2.5601682663,
        "max": 13.5818815231,
        "mean": 1.76505053043,
        "median": 1.59037923813,
        "min": -2.80228686333,
        "var": 2.70896697044
    },
    "erbbands_spread": {
        "dmean": 9.28509807587,
        "dmean2": 14.0341844559,
        "dvar": 195.783065796,
        "dvar2": 438.792297363,
        "max": 135.567642212,
        "mean": 17.0755615234,
        "median": 10.1865215302,
        "min": 0.279646545649,
        "var": 331.456176758
    },
    "hfc": {
        "dmean": 5.10933113098,
        "dmean2": 8.38067054749,
        "dvar": 109.728012085,
        "dvar2": 302.257476807,
        "max": 112.899276733,
        "mean": 7.69134569168,
        "median": 3.60091900826,
        "min": 1.20825702975e-16,
        "var": 118.315376282
    },
    "melbands_crest": {
        "dmean": 4.07331800461,
        "dmean2": 6.55807256699,
        "dvar": 14.9978189468,
        "dvar2": 38.2957000732,
        "max": 36.9810562134,
        "mean": 19.7284965515,
        "median": 19.5670890808,
        "min": 2.65825986862,
        "var": 33.8961715698
    },
    "melbands_flatness_db": {
        "dmean": 0.0846875086427,
        "dmean2": 0.109940215945,
        "dvar": 0.00886711012572,
        "dvar2": 0.0190683435649,
        "max": 0.907113730907,
        "mean": 0.490636944771,
        "median": 0.506971418858,
        "min": 0.00558617757633,
        "var": 0.0267962981015
    },
    "melbands_kurtosis": {
        "dmean": 25.187084198,
        "dmean2": 39.3591575623,
        "dvar": 1982.20178223,
        "dvar2": 4850.00683594,
        "max": 697.404418945,
        "mean": 34.2028884888,
        "median": 13.8737869263,
        "min": -1.77279472351,
        "var": 3172.20727539
    },
    "melbands_skewness": {
        "dmean": 1.36290860176,
        "dmean2": 2.0640335083,
        "dvar": 2.49888896942,
        "dvar2": 6.25840997696,
        "max": 17.6390285492,
        "mean": 2.9260430336,
        "median": 2.4071252346,
        "min": -4.30377531052,
        "var": 5.59913396835
    },
    "melbands_spread": {
        "dmean": 4.37996292114,
        "dmean2": 7.59161281586,
        "dvar": 143.15045166,
        "dvar2": 395.499908447,
        "max": 219.30355835,
        "mean": 5.30475711823,
        "median": 1.73945522308,
        "min": 0.119542576373,
        "var": 128.349822998
    },
    "pitch_salience": {
        "dmean": 0.107536420226,
        "dmean2": 0.169445574284,
        "dvar": 0.011829492636,
        "dvar2": 0.0276204794645,
        "max": 0.954846382141,
        "mean": 0.471783071756,
        "median": 0.477620601654,
        "min": 0.0124411787838,
        "var": 0.0280265342444
    },
    "silence_rate_20dB": {
        "dmean": 0,
        "dmean2": 0,
        "dvar": 0,
        "dvar2": 0,
        "max": 1,
        "mean": 1,
        "median": 1,
        "min": 1,
        "var": 0
    },
    "silence_rate_30dB": {
        "dmean": 0.0658688023686,
        "dmean2": 0.131749466062,
        "dvar": 0.0615268647671,
        "dvar2": 0.129322230816,
        "max": 1,
        "mean": 0.881230890751,
        "median": 1,
        "min": 0,
        "var": 0.104665465653
    },
    "silence_rate_60dB": {
        "dmean": 0.0784666612744,
        "dmean2": 0.15694744885,
        "dvar": 0.072316378355,
        "dvar2": 0.14997112751,
        "max": 1,
        "mean": 0.218103289604,
        "median": 0,
        "min": 0,
        "var": 0.170547246933
    },
    "spectral_centroid": {
        "dmean": 193.849731445,
        "dmean2": 326.908233643,
        "dvar": 207422.265625,
        "dvar2": 554844.4375,
        "max": 11151.6542969,
        "mean": 394.212402344,
        "median": 248.965423584,
        "min": 60.8787231445,
        "var": 216067.796875
    },
    "spectral_complexity": {
        "dmean": 3.01772689819,
        "dmean2": 4.87742996216,
        "dvar": 26.043806076,
        "dvar2": 65.9986953735,
        "max": 49,
        "mean": 6.22053289413,
        "median": 5,
        "min": 0,
        "var": 32.6230354309
    },
    "spectral_decrease": {
        "dmean": 4.55926230103e-09,
        "dmean2": 6.39972341787e-09,
        "dvar": 4.13452067853e-17,
        "dvar2": 8.8293662248e-17,
        "max": 6.81077078478e-29,
        "mean": -1.07868451948e-08,
        "median": -5.18257614601e-09,
        "min": -8.47173069474e-08,
        "var": 1.69156158866e-16
    },
    "spectral_energy": {
        "dmean": 0.017501084134,
        "dmean2": 0.0246609877795,
        "dvar": 0.000604519038461,
        "dvar2": 0.0013055113377,
        "max": 0.322915226221,
        "mean": 0.0414095818996,
        "median": 0.020025704056,
        "min": 1.09340021087e-20,
        "var": 0.00246310676448
    },
    "spectral_energyband_high": {
        "dmean": 0.000252598663792,
        "dmean2": 0.000458455295302,
        "dvar": 8.32906096093e-07,
        "dvar2": 2.34101730712e-06,
        "max": 0.0100583471358,
        "mean": 0.000165535791893,
        "median": 9.47767659909e-07,
        "min": 7.92090140784e-21,
        "var": 5.24964718807e-07
    },
    "spectral_energyband_low": {
        "dmean": 0.0130036380142,
        "dmean2": 0.0164718180895,
        "dvar": 0.00048450822942,
        "dvar2": 0.000834922131617,
        "max": 0.316949367523,
        "mean": 0.0285018663853,
        "median": 0.00948307663202,
        "min": 6.66259172557e-23,
        "var": 0.00188713532407
    },
    "spectral_energyband_middle_high": {
        "dmean": 0.000678749231156,
        "dmean2": 0.00117144011892,
        "dvar": 3.4382380818e-06,
        "dvar2": 9.07970570552e-06,
        "max": 0.027054887265,
        "mean": 0.000538030872121,
        "median": 4.09908534493e-05,
        "min": 1.38758194702e-21,
        "var": 2.76155969914e-06
    },
    "spectral_energyband_middle_low": {
        "dmean": 0.0102555239573,
        "dmean2": 0.0160291511565,
        "dvar": 0.000353458715836,
        "dvar2": 0.000841984059662,
        "max": 0.175840884447,
        "mean": 0.0156980119646,
        "median": 0.00456661917269,
        "min": 3.07437143902e-22,
        "var": 0.000544748676475
    },
    "spectral_entropy": {
        "dmean": 0.573730885983,
        "dmean2": 0.767087578773,
        "dvar": 0.432190686464,
        "dvar2": 0.931594133377,
        "max": 9.80881881714,
        "mean": 5.88581228256,
        "median": 5.72812652588,
        "min": 2.2260518074,
        "var": 1.12743353844
    },
    "spectral_flux": {
        "dmean": 0.037171408534,
        "dmean2": 0.0554556623101,
        "dvar": 0.00175458483864,
        "dvar2": 0.00370570179075,
        "max": 0.479547709227,
        "mean": 0.0900935009122,
        "median": 0.0656761303544,
        "min": 7.11395387043e-11,
        "var": 0.00642613042146
    },
    "spectral_kurtosis": {
        "dmean": 33.3596382141,
        "dmean2": 48.2092628479,
        "dvar": 1889.03662109,
        "dvar2": 4136.45068359,
        "max": 713.49017334,
        "mean": 66.4244155884,
        "median": 34.2262649536,
        "min": -1.22082924843,
        "var": 5663.99169922
    },
    "spectral_rms": {
        "dmean": 0.00134819932282,
        "dmean2": 0.00186257588211,
        "dvar": 2.36551704802e-06,
        "dvar2": 5.1928832363e-06,
        "max": 0.0177493449301,
        "mean": 0.00513345655054,
        "median": 0.00442009884864,
        "min": 3.26608618623e-12,
        "var": 1.40471156556e-05
    },
    "spectral_rolloff": {
        "dmean": 299.896942139,
        "dmean2": 555.996337891,
        "dvar": 949756.0625,
        "dvar2": 2647254.5,
        "max": 19035.3515625,
        "mean": 421.743438721,
        "median": 215.33203125,
        "min": 64.599609375,
        "var": 776706.9375
    },
    "spectral_skewness": {
        "dmean": 1.74682188034,
        "dmean2": 2.46682548523,
        "dvar": 3.38112878799,
        "dvar2": 6.6699514389,
        "max": 22.7237415314,
        "mean": 5.54487466812,
        "median": 4.60527133942,
        "min": -0.027386629954,
        "var": 12.6862287521
    },
    "spectral_spread": {
        "dmean": 964457.6875,
        "dmean2": 1338326.5,
        "dvar": 1.40815014298e+12,
        "dvar2": 2.50670664909e+12,
        "max": 40800492,
        "mean": 2584621,
        "median": 1782029.5,
        "min": 170132.046875,
        "var": 4.53263753216e+12
    },
    "spectral_strongpeak": {
        "dmean": 0.245606318116,
        "dmean2": 0.381691813469,
        "dvar": 0.0918133929372,
        "dvar2": 0.227520182729,
        "max": 3.87060594559,
        "mean": 0.510961353779,
        "median": 0.385873556137,
        "min": 4.35939107035e-09,
        "var": 0.209263220429
    },
    "zerocrossingrate": {
        "dmean": 0.00615907507017,
        "dmean2": 0.00811227131635,
        "dvar": 0.000129068779643,
        "dvar2": 0.000179971655598,
        "max": 0.5498046875,
        "mean": 0.0157557465136,
        "median": 0.01025390625,
        "min": 0.001953125,
        "var": 0.000423462246545
    },
    "barkbands": {
        "dmean": [0.000183948737686, 0.00871464982629, 0.00611899001524, 0.0045380606316, 0.00599238974974, 0.00135812931694, 0.000449227722129, 0.000269923446467, 0.000208653043956, 0.00017603195738, 0.000113941932796, 7.20185998944e-05, 6.69008222758e-05, 5.59423024242e-05, 5.01035538036e-05, 3.74000155716e-05, 5.37320302101e-05, 4.17205992562e-05, 5.17770458828e-05, 3.34235191985e-05, 4.79811933474e-05, 5.18840752193e-05, 3.29237918777e-05, 5.56845261599e-05, 3.65918749594e-05, 1.29480686155e-05, 7.95671269316e-07],
        "dmean2": [0.000220714500756, 0.010545656085, 0.00923374202102, 0.00696188025177, 0.0100081628188, 0.00219682860188, 0.000711421191227, 0.000438323710114, 0.000349814072251, 0.000312829739414, 0.000197263711016, 0.000124284080812, 0.000114664304419, 9.97658717097e-05, 8.80394436535e-05, 6.46593907732e-05, 9.96443122858e-05, 7.57308516768e-05, 9.67270025285e-05, 6.06673784205e-05, 8.85776680661e-05, 9.60767574725e-05, 5.87974136579e-05, 0.00010193081107, 6.60161895212e-05, 2.29432043852e-05, 1.48806441302e-06],
        "dvar": [1.41515670293e-07, 0.000354583229637, 0.00021546712378, 8.56188853504e-05, 0.000186654957361, 1.45803633131e-05, 9.28211591145e-07, 6.41280564651e-07, 3.46292210907e-07, 2.6623388294e-07, 1.22093908317e-07, 5.17794980226e-08, 6.37147437033e-08, 4.48888322069e-08, 4.72623149506e-08, 2.1193743649e-08, 3.38572796466e-08, 2.13490274348e-08, 3.90373173786e-08, 1.52814809695e-08, 4.54953976714e-08, 4.26594866099e-08, 1.39122251497e-08, 3.96726704821e-08, 1.52718264701e-08, 1.89232984837e-09, 1.14906981499e-11],
        "dvar2": [1.95684393134e-07, 0.000530949153472, 0.000537810847163, 0.000200756127015, 0.00048686293303, 3.77613869205e-05, 2.1965686301e-06, 1.57450926963e-06, 8.57258612541e-07, 7.31302009171e-07, 3.20005852927e-07, 1.34037904331e-07, 1.6898812305e-07, 1.25155949604e-07, 1.29800028503e-07, 5.60065451793e-08, 9.64548476645e-08, 5.84803920844e-08, 1.11555664262e-07, 4.2911928233e-08, 1.29597935938e-07, 1.21216800153e-07, 3.86664424923e-08, 1.12199749935e-07, 4.29658086887e-08, 5.21387599761e-09, 3.27893337482e-11],
        "max": [0.0058358986862, 0.291547477245, 0.232208520174, 0.130456492305, 0.139567404985, 0.0716857165098, 0.0227973014116, 0.0223009809852, 0.0108932619914, 0.00686207041144, 0.00717842066661, 0.00513894995674, 0.00738372048363, 0.00529246637598, 0.00580295501277, 0.0043755187653, 0.00291533931158, 0.00245548668317, 0.00353732611984, 0.00211687502451, 0.00303047825582, 0.00318558304571, 0.00173730391543, 0.00252591096796, 0.00131967023481, 0.000464065349661, 4.97916225868e-05],
        "mean": [0.000276943843346, 0.016653072089, 0.00809818599373, 0.00664445990697, 0.00649821851403, 0.00152013008483, 0.000555664708372, 0.000256153871305, 0.0001905511308, 0.000135122201755, 9.01288949535e-05, 5.69574622205e-05, 5.43037458556e-05, 4.01303914259e-05, 3.8433860027e-05, 2.85150708805e-05, 3.46896340488e-05, 2.81790125882e-05, 3.27088346239e-05, 2.25029598369e-05, 3.08968883473e-05, 3.25973633153e-05, 2.24017585424e-05, 3.53381037712e-05, 2.39706751017e-05, 8.85463396116e-06, 4.73987057603e-07],
        "median": [3.29989052261e-05, 0.00228657014668, 0.00200656242669, 0.000932896102313, 0.00136969960295, 0.000351347320247, 0.000186825316632, 2.98143932014e-05, 1.91519175132e-05, 1.24354446598e-05, 6.74009334034e-06, 4.10822485719e-06, 3.26224289893e-06, 1.75617992682e-06, 1.52182838065e-06, 9.60670149652e-07, 6.32333126305e-07, 4.28466989888e-07, 3.07931941279e-07, 2.10991629501e-07, 1.48478548567e-07, 9.70724727267e-08, 7.71288313217e-08, 5.60981163744e-08, 3.18937409816e-08, 1.130841909e-08, 1.37511235732e-09],
        "min": [9.46344363174e-24, 2.50866918647e-23, 1.20180915761e-23, 7.98658952094e-24, 6.50359901894e-23, 4.54589016797e-23, 4.46674501553e-23, 3.96038876887e-23, 6.05638556761e-23, 3.2986042047e-23, 2.26245433835e-23, 1.2930535904e-22, 9.38788148553e-23, 7.50607462205e-23, 9.44765442295e-23, 1.30591972244e-22, 1.20011542591e-22, 2.69193444896e-22, 2.32600976915e-22, 3.618308325e-22, 3.352855242e-22, 3.58704848101e-22, 6.20187802426e-22, 8.27417548504e-22, 1.12960963829e-21, 1.63933858717e-21, 2.16373262436e-21],
        "var": [3.87202817365e-07, 0.00122325366829, 0.000232227306697, 0.000141912067193, 0.000179446520633, 1.46955471791e-05, 1.177706622e-06, 6.38503138362e-07, 3.57756249514e-07, 1.84510412282e-07, 9.85924728525e-08, 4.14415630701e-08, 5.09913604674e-08, 2.99450277907e-08, 3.33676446473e-08, 1.62558162486e-08, 2.07460022494e-08, 1.46796441669e-08, 2.32099068853e-08, 9.89548265551e-09, 2.76304579216e-08, 2.58122483388e-08, 9.22728204955e-09, 2.42207640611e-08, 9.44968725491e-09, 1.25583210497e-09, 6.57949259311e-12]
    },
    "erbbands": {
        "dmean": [0.270607173443, 2.12686729431, 6.27717208862, 11.1763858795, 16.6409854889, 22.0139217377, 15.8336591721, 10.0692939758, 5.93599224091, 6.4382185936, 5.74506998062, 5.51907157898, 4.64558601379, 5.46667146683, 4.21437215805, 3.07138490677, 3.03711509705, 3.04619860649, 2.6820473671, 2.47330522537, 2.03837132454, 2.98072814941, 2.40646696091, 1.98450958729, 2.89014720917, 1.76079940796, 1.7036460638, 2.04391980171, 1.58249664307, 1.61054396629, 0.900455832481, 1.09001147747, 0.908665418625, 0.448310762644, 0.225537061691, 0.0828390270472, 0.0186315458268, 0.00330034107901, 8.3650360466e-05, 2.05662418011e-05],
        "dmean2": [0.284161061049, 2.64043283463, 9.16240692139, 16.8933563232, 26.9994430542, 37.0880661011, 26.7930812836, 15.8373222351, 9.50727844238, 10.1868877411, 9.40535545349, 9.16593456268, 8.135430336, 9.64858055115, 7.20607852936, 5.24342393875, 5.21205711365, 5.34218215942, 4.6851272583, 4.36346387863, 3.58085608482, 5.53528404236, 4.36433458328, 3.61497044563, 5.40371227264, 3.22209763527, 3.14098739624, 3.76916503906, 2.91166806221, 2.95759654045, 1.61103463173, 1.98345839977, 1.6623673439, 0.805291056633, 0.408982038498, 0.148194253445, 0.0327722877264, 0.00594545900822, 0.00015060135047, 3.04383302137e-05],
        "dvar": [0.295931398869, 23.1397628784, 226.03855896, 462.363616943, 1242.87646484, 2811.94677734, 2083.86743164, 746.424682617, 191.442199707, 205.096008301, 329.479156494, 254.198760986, 155.673492432, 251.416107178, 186.95526123, 100.665412903, 128.688613892, 136.018417358, 97.5818939209, 127.590927124, 45.9485778809, 106.584518433, 70.3533172607, 49.9109954834, 127.293136597, 43.3707389832, 50.7947731018, 89.5516967773, 39.5854911804, 39.1931648254, 10.0275697708, 16.1974143982, 9.55573368073, 2.08994102478, 0.650746583939, 0.0836616903543, 0.00382466730662, 0.000122990444652, 7.76713307005e-08, 8.44932346311e-10],
        "dvar2": [0.318651765585, 38.053943634, 533.74597168, 1087.76696777, 3140.10644531, 7494.39404297, 5510.47363281, 1827.45788574, 468.101379395, 476.675537109, 810.510864258, 620.794189453, 424.199432373, 681.505554199, 476.190612793, 257.262298584, 344.843292236, 374.501281738, 262.093322754, 353.806365967, 120.973426819, 304.122314453, 193.861755371, 137.179855347, 365.757202148, 122.827461243, 144.340087891, 255.071853638, 112.324432373, 110.901443481, 27.9656925201, 45.7333755493, 26.8637008667, 5.85117673874, 1.84149646759, 0.233608439565, 0.0104031618685, 0.000344108353602, 2.19801535195e-07, 2.05688177601e-09],
        "max": [9.50210285187, 72.7973403931, 251.51550293, 279.185211182, 378.041931152, 605.49041748, 804.072570801, 693.232055664, 401.919952393, 334.104492188, 519.482055664, 337.936248779, 153.688232422, 321.531524658, 308.454559326, 237.546005249, 330.694030762, 285.268707275, 211.024139404, 288.3331604, 161.330307007, 154.16696167, 138.318893433, 112.818138123, 192.784484863, 82.4902420044, 102.60785675, 133.229995728, 105.274749756, 90.3079986572, 40.2064704895, 53.8040351868, 35.545539856, 14.2607164383, 9.40490245819, 3.4060177803, 0.76710242033, 0.140705391765, 0.00373122794554, 0.000350330199581],
        "mean": [0.513080596924, 3.65390348434, 8.57248020172, 17.3723278046, 21.7120838165, 22.9194946289, 16.4234046936, 11.6989526749, 7.31352758408, 7.53162813187, 5.44622421265, 5.13985967636, 3.77812337875, 4.2524561882, 3.41476464272, 2.4929330349, 2.47817564011, 2.30137777328, 2.05019712448, 1.85914456844, 1.51179873943, 1.91384649277, 1.6124407053, 1.35256803036, 1.7954570055, 1.16016542912, 1.1083958149, 1.30637800694, 1.01511454582, 1.02372169495, 0.613721549511, 0.704483926296, 0.57510471344, 0.297553449869, 0.145915910602, 0.0549069344997, 0.0130514614284, 0.00219524581917, 7.01248645782e-05, 4.72712417832e-05],
        "median": [0.0598801150918, 0.6222178936, 2.44758963585, 3.61089372635, 4.33487510681, 4.72429609299, 2.96102523804, 2.75708508492, 2.70520401001, 2.12270259857, 0.737676024437, 0.486533343792, 0.429885029793, 0.377085804939, 0.237349689007, 0.169955655932, 0.159919083118, 0.112049043179, 0.0903485566378, 0.067192658782, 0.0489636585116, 0.0349035412073, 0.0250283889472, 0.0190908461809, 0.0138731021434, 0.0101931281388, 0.00697343563661, 0.00513062626123, 0.00354120018892, 0.0026653597597, 0.00209754845127, 0.00114943855442, 0.000899608363397, 0.000475915730931, 0.000197186687728, 8.54933605297e-05, 3.20009930874e-05, 4.39920313511e-06, 1.30318230731e-05, 2.36919313465e-05],
        "min": [5.37253252495e-22, 6.23197065704e-21, 1.47285647296e-20, 4.24212985552e-20, 1.16703539279e-19, 2.05693852626e-19, 2.71922132993e-19, 3.90046006007e-19, 3.86619591266e-19, 1.09458732168e-18, 7.64443409187e-19, 1.35935542805e-18, 1.56787649353e-18, 9.37471498757e-19, 2.13005314985e-18, 4.71317131916e-18, 4.34815181768e-18, 3.49421273949e-18, 5.42765270916e-18, 5.14274110051e-18, 7.67150212985e-18, 6.25092902922e-18, 1.59461545839e-17, 1.32647171066e-17, 1.11768214234e-17, 1.8694397649e-17, 1.37556405283e-17, 1.34648468383e-17, 1.17431919888e-17, 1.68773167625e-17, 1.79001239356e-17, 1.77770311886e-17, 1.42873315465e-17, 1.40270575124e-17, 7.35237833107e-18, 5.60867250082e-18, 3.29861326915e-18, 1.23240471072e-18, 3.127338027e-19, 3.0516360083e-20],
        "var": [1.23481225967, 62.2305984497, 270.569854736, 785.243469238, 1450.64697266, 2562.58154297, 1906.71508789, 914.477355957, 218.880126953, 249.45350647, 316.237335205, 273.008728027, 113.423080444, 183.678451538, 160.807495117, 82.95652771, 102.557548523, 94.9873809814, 73.5679473877, 86.9668426514, 35.8673400879, 64.3928527832, 47.7122001648, 34.2341079712, 74.095413208, 27.1029338837, 31.1599502563, 54.228969574, 24.3648376465, 23.7997112274, 6.62063980103, 10.0563154221, 5.88865470886, 1.32022380829, 0.39397996664, 0.0528879724443, 0.00265177618712, 7.70989208831e-05, 4.88547513555e-08, 3.05112468624e-09]
    },
    "gfcc": {
        "mean": [-204.098922729, 184.786636353, -48.2443084717, 18.0339202881, -32.788230896, 1.38789498806, -25.164024353, -4.20397090912, -11.182103157, -5.1744966507, -6.1867351532, -7.01381206512, -4.43355321884],
        "cov": [[23624.7949219, -6214.95898438, -747.625915527, 2458.4074707, -2052.81933594, 1356.13220215, -1693.70666504, 373.874267578, -1913.28430176, -367.745880127, -1355.57922363, 34.0965194702, -505.762786865], [-6214.95898438, 4042.72875977, 258.114929199, -1214.79077148, 1132.28735352, -747.30480957, 766.821044922, -403.800323486, 758.322753906, -71.2448806763, 550.792785645, -143.635940552, 319.986358643], [-747.625915527, 258.114929199, 2826.0222168, 450.048370361, 177.979568481, 78.102104187, 47.1663627625, 44.434928894, -174.536010742, -174.323623657, -133.160964966, -135.241851807, 32.9062538147], [2458.4074707, -1214.79077148, 450.048370361, 1063.4810791, -115.506851196, 315.337677002, -120.254119873, 56.7901878357, -261.939727783, -100.639434814, -209.733352661, -53.5994338989, -43.5568618774], [-2052.81933594, 1132.28735352, 177.979568481, -115.506851196, 760.296691895, -32.308506012, 323.75579834, -93.3393707275, 262.085418701, -16.5302467346, 154.218139648, -38.5377044678, 107.96257782], [1356.13220215, -747.30480957, 78.102104187, 315.337677002, -32.308506012, 392.644836426, -88.3390426636, 111.251045227, -134.091308594, 11.9741592407, -118.169364929, 37.1939888, -45.8239212036], [-1693.70666504, 766.821044922, 47.1663627625, -120.254119873, 323.75579834, -88.3390426636, 326.334869385, -28.210111618, 226.872848511, 8.26525211334, 148.896331787, -23.5049114227, 94.3948287964], [373.874267578, -403.800323486, 44.434928894, 56.7901878357, -93.3393707275, 111.251045227, -28.210111618, 138.893035889, -21.6445655823, 60.7069244385, -33.1632652283, 34.433216095, -37.900554657], [-1913.28430176, 758.322753906, -174.536010742, -261.939727783, 262.085418701, -134.091308594, 226.872848511, -21.6445655823, 332.256469727, 100.471115112, 202.950668335, 11.3438367844, 62.7049179077], [-367.745880127, -71.2448806763, -174.323623657, -100.639434814, -16.5302467346, 11.9741592407, 8.26525211334, 60.7069244385, 100.471115112, 132.988006592, 71.5169372559, 58.0454978943, -15.2481441498], [-1355.57922363, 550.792785645, -133.160964966, -209.733352661, 154.218139648, -118.169364929, 148.896331787, -33.1632652283, 202.950668335, 71.5169372559, 179.389633179, 27.4683876038, 64.2582931519], [34.0965194702, -143.635940552, -135.241851807, -53.5994338989, -38.5377044678, 37.1939888, -23.5049114227, 34.433216095, 11.3438367844, 58.0454978943, 27.4683876038, 78.0425491333, 12.7367830276], [-505.762786865, 319.986358643, 32.9062538147, -43.5568618774, 107.96257782, -45.8239212036, 94.3948287964, -37.900554657, 62.7049179077, -15.2481441498, 64.2582931519, 12.7367830276, 92.2224578857]],
        "icov": [[0.000131068998598, -0.000214830506593, 0.000129064472276, -0.000314246339258, 0.000183470052434, -0.000191361934412, 0.000354445917765, -0.000332701136358, 0.000416678463807, -0.000139294847031, 0.000368255452486, -8.11398131191e-05, -9.13878902793e-05], [-0.000214830506593, 0.00359940435737, -0.000761667266488, 0.00306356605142, -0.00204493734054, 0.00131825206336, -0.00182572903577, 0.00380986393429, -0.0027166265063, 0.00223876512609, -0.00244783167727, 0.00355690531433, -0.00203332584351], [0.000129064472276, -0.000761667266488, 0.000692042696755, -0.000855193880852, 0.000219732013647, -0.000194466076209, 0.000704135920387, -0.0017095899675, 0.00118626048788, -0.000281509128399, 0.000439581170212, 0.00024770264281, -0.000271048076684], [-0.000314246339258, 0.00306356605142, -0.000855193880852, 0.00435445550829, -0.00159510492813, 2.69509746431e-05, -0.00207472918555, 0.00366233102977, -0.00201230868697, 0.00140584341716, -0.00166630931199, 0.0044577117078, -0.00233582640067], [0.000183470052434, -0.00204493734054, 0.000219732013647, -0.00159510492813, 0.00430454034358, -0.00236112391576, -0.000914506614208, 0.000303766952129, -0.00032150829793, -0.000741089694202, 0.00213151541539, -0.00203428207897, 0.00101006904151], [-0.000191361934412, 0.00131825206336, -0.000194466076209, 2.69509746431e-05, -0.00236112391576, 0.00642922753468, -0.000842583773192, -0.00172193069011, -0.000136607981403, 0.000136024071253, 0.00148473551963, -0.00212793098763, -5.31105761183e-05], [0.000354445917765, -0.00182572903577, 0.000704135920387, -0.00207472918555, -0.000914506614208, -0.000842583773192, 0.0129087027162, -0.00762543221936, -0.00260527874343, 0.0036284616217, -0.00275090639479, 0.00290761003271, -0.0047606639564], [-0.000332701136358, 0.00380986393429, -0.0017095899675, 0.00366233102977, 0.000303766952129, -0.00172193069011, -0.00762543221936, 0.0223607588559, -0.00373253691941, -0.00718162488192, 0.00454472610727, -0.000412813707953, 0.00132020411547], [0.000416678463807, -0.0027166265063, 0.00118626048788, -0.00201230868697, -0.00032150829793, -0.000136607981403, -0.00260527874343, -0.00373253691941, 0.0200458131731, -0.0113163348287, -0.00745891546831, 0.00424341484904, 0.000888880866114], [-0.000139294847031, 0.00223876512609, -0.000281509128399, 0.00140584341716, -0.000741089694202, 0.000136024071253, 0.0036284616217, -0.00718162488192, -0.0113163348287, 0.0338141173124, -0.0125736435875, -0.0122613655403, 0.01024201978], [0.000368255452486, -0.00244783167727, 0.000439581170212, -0.00166630931199, 0.00213151541539, 0.00148473551963, -0.00275090639479, 0.00454472610727, -0.00745891546831, -0.0125736435875, 0.0336268618703, -0.00781687535346, -0.00686326343566], [-8.11398131191e-05, 0.00355690531433, 0.00024770264281, 0.0044577117078, -0.00203428207897, -0.00212793098763, 0.00290761003271, -0.000412813707953, 0.00424341484904, -0.0122613655403, -0.00781687535346, 0.0380327254534, -0.0173096712679], [-9.13878902793e-05, -0.00203332584351, -0.000271048076684, -0.00233582640067, 0.00101006904151, -5.31105761183e-05, -0.0047606639564, 0.00132020411547, 0.000888880866114, 0.01024201978, -0.00686326343566, -0.0173096712679, 0.0288590732962]]
    },
    "melbands": {
        "dmean": [0.00237940740772, 0.00285729509778, 0.00197941088118, 0.00146939780097, 0.00061312498292, 0.000223097275011, 9.31225804379e-05, 6.75059709465e-05, 4.34040448454e-05, 3.37692108587e-05, 2.31891135627e-05, 2.30470486713e-05, 1.40456377267e-05, 9.82975325314e-06, 6.10414690527e-06, 7.14993939255e-06, 5.49183550902e-06, 4.29895999332e-06, 3.7011054701e-06, 3.12125916935e-06, 2.23606730287e-06, 3.34972082783e-06, 2.30675004786e-06, 2.06123172575e-06, 1.49092988977e-06, 2.11031169783e-06, 1.69745203493e-06, 1.04594630557e-06, 9.01797307051e-07, 1.15020634439e-06, 1.31433159822e-06, 9.25275969621e-07, 9.63963429967e-07, 7.88974261923e-07, 5.10972597567e-07, 4.39128228891e-07, 7.92612922851e-07, 7.52161440687e-07, 4.37333341097e-07, 3.45974171978e-07],
        "dmean2": [0.0026941569522, 0.00386285432614, 0.00298231770284, 0.00244961935095, 0.0010375615675, 0.000353755167453, 0.00014875724446, 0.000106956074887, 7.17361617717e-05, 5.62266250199e-05, 4.08991581935e-05, 4.08306332247e-05, 2.42283931584e-05, 1.68277329067e-05, 1.04323398773e-05, 1.24714151752e-05, 9.74198246695e-06, 7.54556322136e-06, 6.57981900076e-06, 5.45414059161e-06, 3.96600034946e-06, 6.24996982879e-06, 4.20887499786e-06, 3.75285208065e-06, 2.7106352718e-06, 3.95514780394e-06, 3.14525141221e-06, 1.91283879758e-06, 1.65490871495e-06, 2.12756754081e-06, 2.44083003054e-06, 1.71049077835e-06, 1.79124799615e-06, 1.43897966609e-06, 9.17952661439e-07, 7.76389981638e-07, 1.45780074945e-06, 1.38791256177e-06, 7.84342319093e-07, 6.22425147867e-07],
        "dvar": [2.3953984055e-05, 3.83188125852e-05, 1.37590586746e-05, 1.11587614811e-05, 2.66694473794e-06, 3.73555224087e-07, 4.56763409318e-08, 2.33242811731e-08, 1.92545233091e-08, 9.91992887833e-09, 4.11479428308e-09, 4.59073667969e-09, 1.93170679452e-09, 9.04783636901e-10, 3.29109378638e-10, 9.178335314e-10, 4.40461139783e-10, 2.2089868823e-10, 3.73319042346e-10, 1.78123835126e-10, 5.01596299218e-11, 1.37895486696e-10, 6.39824859761e-11, 5.57584083072e-11, 2.822250246e-11, 6.81987522011e-11, 4.37785883933e-11, 1.55472648644e-11, 1.40539507115e-11, 2.42123855687e-11, 4.09087694275e-11, 1.56185099576e-11, 1.44724414744e-11, 9.36567143284e-12, 3.28336923622e-12, 2.16694717725e-12, 9.34945957459e-12, 7.07490793381e-12, 1.80218329409e-12, 1.3171824742e-12],
        "dvar2": [3.06206566165e-05, 7.82920396887e-05, 3.16802579619e-05, 2.93039174721e-05, 7.10325821274e-06, 9.3108872079e-07, 1.08605441085e-07, 5.46419478553e-08, 4.74365045022e-08, 2.41272637425e-08, 1.13103624244e-08, 1.24761863063e-08, 4.99851315894e-09, 2.32574715042e-09, 8.22461876382e-10, 2.52972665038e-09, 1.2178678066e-09, 5.88092352594e-10, 1.04801056722e-09, 4.84521089916e-10, 1.3214784822e-10, 3.95133759046e-10, 1.79155329461e-10, 1.52400411735e-10, 7.74281819216e-11, 1.95689367488e-10, 1.25159271835e-10, 4.40000709478e-11, 3.97114285899e-11, 6.88755719125e-11, 1.17169010605e-10, 4.46055241354e-11, 4.13179178371e-11, 2.63794715238e-11, 9.17808884449e-12, 5.9659629667e-12, 2.66063195781e-11, 1.99927383676e-11, 4.99759999009e-12, 3.7092091551e-12],
        "max": [0.0826565548778, 0.099444784224, 0.0477065816522, 0.0346533544362, 0.0256841145456, 0.014938255772, 0.00611628731713, 0.00370992161334, 0.00416655978188, 0.00216612080112, 0.000828362302855, 0.00120679521933, 0.000871929107234, 0.000645538675599, 0.000428540282883, 0.000946429383475, 0.000519998546224, 0.000303440872813, 0.000559837964829, 0.000372055423213, 0.00016062281793, 0.000176325745997, 0.000130298387376, 0.000165315985214, 8.40759748826e-05, 0.000182330870302, 9.94510555756e-05, 4.50336046924e-05, 5.70098600292e-05, 6.94721384207e-05, 9.00003797142e-05, 6.8685185397e-05, 5.09201345267e-05, 4.59008588223e-05, 2.33602677326e-05, 2.29327215493e-05, 4.35984075011e-05, 3.33607422363e-05, 1.252553011e-05, 1.21413586385e-05],
        "mean": [0.00465775374323, 0.00464728707448, 0.00319379102439, 0.00165413750801, 0.000643563456833, 0.000257343286648, 0.000115240080049, 7.70613623899e-05, 4.0074239223e-05, 3.1124400266e-05, 1.83517731784e-05, 1.7660922822e-05, 1.1194558283e-05, 7.86326199886e-06, 5.04234549226e-06, 5.70343217987e-06, 4.01576880904e-06, 3.23375843436e-06, 2.77304798146e-06, 2.32098091146e-06, 1.64377831879e-06, 2.12191321225e-06, 1.53138262249e-06, 1.38397706451e-06, 1.0190908597e-06, 1.31613808207e-06, 1.07454013687e-06, 6.9566624461e-07, 5.97827522597e-07, 7.44134695196e-07, 8.22128072286e-07, 5.90413776536e-07, 6.02177976816e-07, 5.10781148932e-07, 3.49390631982e-07, 3.04408729335e-07, 4.97733253724e-07, 4.64979819981e-07, 2.91185045853e-07, 2.28869353691e-07],
        "median": [0.000591470394284, 0.00125114852563, 0.000698298506904, 0.000344816886354, 0.000132289482281, 6.28185080132e-05, 4.06131875934e-05, 2.03053550649e-05, 4.52950007457e-06, 2.7696178222e-06, 2.00672616302e-06, 1.54564384047e-06, 8.14177155917e-07, 4.92336766911e-07, 3.58008151125e-07, 3.22987716572e-07, 1.7533409391e-07, 1.37769660569e-07, 1.07425329077e-07, 7.41856922559e-08, 5.03764354676e-08, 3.68610102441e-08, 2.60552237563e-08, 1.91508373604e-08, 1.43731497815e-08, 1.11409867998e-08, 8.18404188863e-09, 6.18070927771e-09, 4.26229007644e-09, 3.47853323923e-09, 2.67035993318e-09, 1.93575844243e-09, 1.82960269157e-09, 1.26044996662e-09, 1.18873744182e-09, 9.30601817828e-10, 5.52352996674e-10, 6.09274963814e-10, 4.51714415872e-10, 3.26418225782e-10],
        "min": [6.70546521137e-24, 8.04906336033e-24, 1.04175661634e-23, 1.04204376171e-23, 8.78008340626e-24, 8.69055558213e-24, 6.61844754263e-24, 1.13478532629e-23, 5.1107781583e-24, 9.41603545792e-24, 7.01039229453e-24, 3.63634427276e-24, 3.81485797358e-24, 1.22640142301e-23, 1.62469642631e-23, 8.02377563515e-24, 5.94879061994e-24, 8.72169428864e-24, 6.67522028426e-24, 9.29860325698e-24, 8.68318762127e-24, 6.06768734115e-24, 9.84957211218e-24, 1.54735997415e-23, 1.05308497449e-23, 6.8170558973e-24, 9.27246277317e-24, 1.12593414916e-23, 7.17151476784e-24, 9.20257285241e-24, 7.86792748586e-24, 6.19382462217e-24, 7.19912884383e-24, 1.08814266309e-23, 9.77126662329e-24, 1.14579687789e-23, 1.02304901663e-23, 8.98972003638e-24, 1.29364842308e-23, 1.11110482632e-23],
        "var": [9.63565544225e-05, 7.10113090463e-05, 2.3528440579e-05, 1.07307132566e-05, 2.47358957495e-06, 4.28428961641e-07, 5.49918155457e-08, 2.75114704351e-08, 1.83393265019e-08, 1.07403499428e-08, 2.87824231116e-09, 3.31193383829e-09, 1.60259072679e-09, 7.46316675126e-10, 2.86262458182e-10, 6.74003075574e-10, 2.99571228934e-10, 1.69406474959e-10, 2.46198533782e-10, 1.26450946936e-10, 3.92844957953e-11, 8.18646539447e-11, 4.15892736916e-11, 3.83909362633e-11, 1.95692594074e-11, 3.98442355498e-11, 2.61291092929e-11, 9.78711382771e-12, 8.79437408313e-12, 1.48479475243e-11, 2.41682021618e-11, 9.46583436634e-12, 8.52218469405e-12, 5.806452541e-12, 2.16363277121e-12, 1.48970538596e-12, 5.61632424595e-12, 4.25403722665e-12, 1.17619423316e-12, 8.18263425767e-13]
    },
    "mfcc": {
        "mean": [-840.641113281, 186.399520874, 60.8204612732, 28.2230892181, 18.8832378387, 10.7316112518, 3.22097611427, 1.72048664093, 0.238778248429, 0.597121238708, -0.200503900647, 0.586917161942, 1.01580762863],
        "cov": [[15017.0917969, -1262.51940918, -1861.90356445, -109.924690247, -238.011230469, -216.638076782, -148.598236084, 22.4032325745, -283.930999756, -346.711639404, -515.225036621, -570.025817871, -595.575378418], [-1262.51940918, 2795.01953125, 319.378692627, -26.2484416962, 239.810623169, 83.6485214233, 85.7766342163, 20.8424854279, 61.9226646423, 8.05547523499, 6.70046854019, -5.89538764954, 25.8762111664], [-1861.90356445, 319.378692627, 1777.4987793, 468.703643799, 169.530487061, 56.4126586914, 106.268974304, 76.3249664307, 43.9068107605, 40.3977851868, -28.8647212982, -63.9192886353, -57.1521034241], [-109.924690247, -26.2484416962, 468.703643799, 652.405944824, 209.870010376, 132.99887085, 119.472686768, 99.3058242798, 60.1481819153, 35.2642860413, -25.1732196808, -73.4021453857, -82.9920578003], [-238.011230469, 239.810623169, 169.530487061, 209.870010376, 312.18081665, 174.3490448, 99.5469818115, 72.6953811646, 57.1438407898, 25.1054840088, 2.88559365273, -18.2738494873, -21.9754276276], [-216.638076782, 83.6485214233, 56.4126586914, 132.99887085, 174.3490448, 219.688156128, 109.611740112, 78.8042297363, 67.9443969727, 42.3841972351, 19.2706775665, 13.3861284256, 5.51701974869], [-148.598236084, 85.7766342163, 106.268974304, 119.472686768, 99.5469818115, 109.611740112, 128.599258423, 86.7924880981, 51.9203567505, 26.3041744232, -2.81469273567, -25.0457267761, -22.0317993164], [22.4032325745, 20.8424854279, 76.3249664307, 99.3058242798, 72.6953811646, 78.8042297363, 86.7924880981, 104.203849792, 60.6794815063, 29.5474071503, -1.08591854572, -18.6827259064, -23.9623165131], [-283.930999756, 61.9226646423, 43.9068107605, 60.1481819153, 57.1438407898, 67.9443969727, 51.9203567505, 60.6794815063, 76.140007019, 48.1312026978, 27.9128608704, 17.8234043121, 13.7623252869], [-346.711639404, 8.05547523499, 40.3977851868, 35.2642860413, 25.1054840088, 42.3841972351, 26.3041744232, 29.5474071503, 48.1312026978, 67.5177764893, 50.9165115356, 40.3631782532, 35.250743866], [-515.225036621, 6.70046854019, -28.8647212982, -25.1732196808, 2.88559365273, 19.2706775665, -2.81469273567, -1.08591854572, 27.9128608704, 50.9165115356, 82.4701004028, 78.3609313965, 66.6357803345], [-570.025817871, -5.89538764954, -63.9192886353, -73.4021453857, -18.2738494873, 13.3861284256, -25.0457267761, -18.6827259064, 17.8234043121, 40.3631782532, 78.3609313965, 113.509269714, 93.4913253784], [-595.575378418, 25.8762111664, -57.1521034241, -82.9920578003, -21.9754276276, 5.51701974869, -22.0317993164, -23.9623165131, 13.7623252869, 35.250743866, 66.6357803345, 93.4913253784, 116.097068787]],
