{
"lowlevel": {
    "average_loudness": 0.399289369583,
    "barkbands_crest": {
        "dmean": 3.2733259201,
        "dmean2": 5.23233318329,
        "dvar": 11.6279249191,
        "dvar2": 28.3255329132,
        "max": 26.4050750732,
        "mean": 10.9101257324,
        "median": 9.81461715698,
        "min": 1.88308358192,
        "var": 37.2048377991
    },
    "barkbands_flatness_db": {
        "dmean": 0.0335742495954,
        "dmean2": 0.0507187359035,
        "dvar": 0.00163408229128,
        "dvar2": 0.00328026269563,
        "max": 0.583055794239,
        "mean": 0.139617025852,
        "median": 0.12426827848,
        "min": 0.015326234512,
        "var": 0.0056694643572
    },
    "barkbands_kurtosis": {
        "dmean": 5.44335174561,
        "dmean2": 8.61868858337,
        "dvar": 171.368652344,
        "dvar2": 382.842681885,
        "max": 305.785919189,
        "mean": 6.41006374359,
        "median": 0.752527356148,
        "min": -1.91424381733,
        "var": 303.688446045
    },
    "barkbands_skewness": {
        "dmean": 0.876496911049,
        "dmean2": 1.35670518875,
        "dvar": 1.27804601192,
        "dvar2": 2.90943264961,
        "max": 16.2290554047,
        "mean": 1.40760850906,
        "median": 0.913352072239,
        "min": -3.843729496,
        "var": 3.92276978493
    },
    "barkbands_spread": {
        "dmean": 8.22264480591,
        "dmean2": 13.0238132477,
        "dvar": 109.033843994,
        "dvar2": 243.688446045,
        "max": 116.4376297,
        "mean": 23.7682971954,
        "median": 20.2880554199,
        "min": 0.419307172298,
        "var": 270.033843994
    },
    "dissonance": {
        "dmean": 0.0207300428301,
        "dmean2": 0.0352864526212,
        "dvar": 0.00062362808967,
        "dvar2": 0.00167355593294,
        "max": 0.500000059605,
        "mean": 0.469057381153,
        "median": 0.478273004293,
        "min": 0.130817458034,
        "var": 0.00105560582597
    },
    "dynamic_complexity": 6.15299272537,
    "erbbands_crest": {
        "dmean": 2.45555686951,
        "dmean2": 3.83409070969,
        "dvar": 7.48569440842,
        "dvar2": 16.5965595245,
        "max": 32.3876113892,
        "mean": 8.42757511139,
        "median": 6.82032012939,
        "min": 2.19273853302,
        "var": 26.3971920013
    },
    "erbbands_flatness_db": {
        "dmean": 0.0233517475426,
        "dmean2": 0.0352960862219,
        "dvar": 0.000661896192469,
        "dvar2": 0.00141785980668,
        "max": 0.433023035526,
        "mean": 0.162277907133,
        "median": 0.149465829134,
        "min": 0.053618799895,
        "var": 0.00365596730262
    },
    "erbbands_kurtosis": {
        "dmean": 1.02910816669,
        "dmean2": 1.64570379257,
        "dvar": 6.83466625214,
        "dvar2": 18.4054164886,
        "max": 67.0232086182,
        "mean": 0.508346796036,
        "median": -0.225589752197,
        "min": -1.72215771675,
        "var": 9.078083992
    },
    "erbbands_skewness": {
        "dmean": 0.389902472496,
        "dmean2": 0.594959676266,
        "dvar": 0.187212243676,
        "dvar2": 0.409427464008,
        "max": 5.44087696075,
        "mean": 0.143653139472,
        "median": 0.147520273924,
        "min": -4.77710103989,
        "var": 0.560183227062
    },
    "erbbands_spread": {
        "dmean": 8.83345413208,
        "dmean2": 14.0980272293,
        "dvar": 104.223693848,
        "dvar2": 254.572692871,
        "max": 152.094192505,
        "mean": 35.6200027466,
        "median": 31.9896392822,
        "min": 1.06435000896,
        "var": 321.721313477
    },
    "hfc": {
        "dmean": 11.5081214905,
        "dmean2": 19.9665164948,
        "dvar": 650.849304199,
        "dvar2": 1778.31958008,
        "max": 176.164520264,
        "mean": 11.4722776413,
        "median": 4.38638782501,
        "min": 1.13944698479e-16,
        "var": 471.61907959
    },
    "melbands_crest": {
        "dmean": 4.31298494339,
        "dmean2": 6.96374464035,
        "dvar": 18.9700984955,
        "dvar2": 46.0926399231,
        "max": 36.9488792419,
        "mean": 15.3523855209,
        "median": 13.9246807098,
        "min": 1.68109381199,
        "var": 66.0643157959
    },
    "melbands_flatness_db": {
        "dmean": 0.0443364195526,
        "dmean2": 0.0664146468043,
        "dvar": 0.00311347888783,
        "dvar2": 0.00625346740708,
        "max": 0.754054129124,
        "mean": 0.188838168979,
        "median": 0.173202335835,
        "min": 0.00449665775523,
        "var": 0.010786649771
    },
    "melbands_kurtosis": {
        "dmean": 12.8593606949,
        "dmean2": 20.5102272034,
        "dvar": 875.7421875,
        "dvar2": 2039.60656738,
        "max": 466.964355469,
        "mean": 18.5746860504,
        "median": 3.53616881371,
        "min": -1.84604597092,
        "var": 1649.01452637
    },
    "melbands_skewness": {
        "dmean": 1.1321028471,
        "dmean2": 1.77975070477,
        "dvar": 2.20018386841,
        "dvar2": 5.22184467316,
        "max": 17.7406349182,
        "mean": 2.65024924278,
        "median": 1.74060320854,
        "min": -3.25006008148,
        "var": 6.83316516876
    },
    "melbands_spread": {
        "dmean": 13.73391819,
        "dmean2": 21.9871730804,
        "dvar": 422.065643311,
        "dvar2": 897.143676758,
        "max": 244.92906189,
        "mean": 33.0052490234,
        "median": 24.4766044617,
        "min": 0.377981930971,
        "var": 1108.51379395
    },
    "pitch_salience": {
        "dmean": 0.110255405307,
        "dmean2": 0.177451536059,
        "dvar": 0.0154537362978,
        "dvar2": 0.0379162579775,
        "max": 0.993432402611,
        "mean": 0.54779368639,
        "median": 0.562161624432,
        "min": 0.0492668002844,
        "var": 0.0406007990241
    },
    "silence_rate_20dB": {
        "dmean": 0,
        "dmean2": 0,
        "dvar": 0,
        "dvar2": 0,
        "max": 1,
        "mean": 1,
        "median": 1,
        "min": 1,
        "var": 0
    },
    "silence_rate_30dB": {
        "dmean": 0.031781502068,
        "dmean2": 0.0635708943009,
        "dvar": 0.0307704824954,
        "dvar2": 0.0684650987387,
        "max": 1,
        "mean": 0.971946358681,
        "median": 1,
        "min": 0,
        "var": 0.0272684432566
    },
    "silence_rate_60dB": {
        "dmean": 0.11346989125,
        "dmean2": 0.226967960596,
        "dvar": 0.100597932935,
        "dvar2": 0.19531698525,
        "max": 1,
        "mean": 0.39510923624,
        "median": 0,
        "min": 0,
        "var": 0.239002361894
    },
    "spectral_centroid": {
        "dmean": 415.698669434,
        "dmean2": 617.444824219,
        "dvar": 251900.234375,
        "dvar2": 503667.90625,
        "max": 11528.7988281,
        "mean": 1784.01806641,
        "median": 1634.56689453,
        "min": 142.752075195,
        "var": 1002563.9375
    },
    "spectral_complexity": {
        "dmean": 6.07697105408,
        "dmean2": 9.8050661087,
        "dvar": 94.1866989136,
        "dvar2": 215.018920898,
        "max": 60,
        "mean": 9.5490322113,
        "median": 6,
        "min": 0,
        "var": 123.543777466
    },
    "spectral_decrease": {
        "dmean": 2.86882584355e-09,
        "dmean2": 4.33371249997e-09,
        "dvar": 4.07943805979e-17,
        "dvar2": 8.64863189317e-17,
        "max": 2.19862838374e-28,
        "mean": -4.07460154506e-09,
        "median": -9.48931822009e-10,
        "min": -1.18822207185e-07,
        "var": 6.55299760454e-17
    },
    "spectral_energy": {
        "dmean": 0.0116773908958,
        "dmean2": 0.0177437216043,
        "dvar": 0.000634871947113,
        "dvar2": 0.00135690381285,
        "max": 0.451672166586,
        "mean": 0.0164190232754,
        "median": 0.00416222400963,
        "min": 1.00782563e-20,
        "var": 0.00100144185126
    },
    "spectral_energyband_high": {
        "dmean": 0.00062373757828,
        "dmean2": 0.00107422214933,
        "dvar": 1.7767412146e-06,
        "dvar2": 4.7476482905e-06,
        "max": 0.00908353645355,
        "mean": 0.000617843645159,
        "median": 0.000135516369483,
        "min": 7.05637003634e-21,
        "var": 1.46222453168e-06
    },
    "spectral_energyband_low": {
        "dmean": 0.00651652738452,
        "dmean2": 0.00992345251143,
        "dvar": 0.000367400905816,
        "dvar2": 0.00087233359227,
        "max": 0.395078152418,
        "mean": 0.00915558263659,
        "median": 0.000702902441844,
        "min": 2.90542835647e-23,
        "var": 0.000516074767802
    },
    "spectral_energyband_middle_high": {
        "dmean": 0.00349840940908,
        "dmean2": 0.00645064562559,
        "dvar": 7.37777008908e-05,
        "dvar2": 0.000206856799196,
        "max": 0.0573339797556,
        "mean": 0.00292987772264,
        "median": 0.000927323359065,
        "min": 1.29140998293e-21,
        "var": 4.63930846308e-05
    },
    "spectral_energyband_middle_low": {
        "dmean": 0.00512132328004,
        "dmean2": 0.00898755621165,
        "dvar": 0.000354496936779,
        "dvar2": 0.000976888812147,
        "max": 0.184400618076,
        "mean": 0.00437928223982,
        "median": 0.000982623314485,
        "min": 1.77226058947e-22,
        "var": 0.000231768979575
    },
    "spectral_entropy": {
        "dmean": 0.220834255219,
        "dmean2": 0.316405922174,
        "dvar": 0.0922586098313,
        "dvar2": 0.172503769398,
        "max": 9.81472873688,
        "mean": 7.75952959061,
        "median": 7.86799240112,
        "min": 4.70399951935,
        "var": 0.338130682707
    },
    "spectral_flux": {
        "dmean": 0.0357345752418,
        "dmean2": 0.053072001785,
        "dvar": 0.00327583914623,
        "dvar2": 0.00485826190561,
        "max": 0.542266845703,
        "mean": 0.0658116489649,
        "median": 0.0365010201931,
        "min": 6.59327939467e-11,
        "var": 0.00687848124653
    },
    "spectral_kurtosis": {
        "dmean": 2.40980935097,
        "dmean2": 3.91611075401,
        "dvar": 81.8865280151,
        "dvar2": 147.50592041,
        "max": 321.897094727,
        "mean": 5.29358148575,
        "median": 3.38444638252,
        "min": -1.22760248184,
        "var": 154.141555786
    },
    "spectral_rms": {
        "dmean": 0.00109933956992,
        "dmean2": 0.00161702209152,
        "dvar": 2.8820886655e-06,
        "dvar2": 5.9853782659e-06,
        "max": 0.0209918022156,
        "mean": 0.00289930170402,
        "median": 0.0020151194185,
        "min": 3.13567292791e-12,
        "var": 7.61263527238e-06
    },
    "spectral_rolloff": {
        "dmean": 904.235595703,
        "dmean2": 1473.44787598,
        "dvar": 2099072.25,
        "dvar2": 4004646.75,
        "max": 19659.8144531,
        "mean": 2338.79541016,
        "median": 1507.32421875,
        "min": 21.533203125,
        "var": 7178275
    },
    "spectral_skewness": {
        "dmean": 0.283338665962,
        "dmean2": 0.439907282591,
        "dvar": 0.298626184464,
        "dvar2": 0.550505518913,
        "max": 15.1947593689,
        "mean": 1.55088329315,
        "median": 1.41129541397,
        "min": -0.0598362460732,
        "var": 0.699021100998
    },
    "spectral_spread": {
        "dmean": 751549.5,
        "dmean2": 1181902.25,
        "dvar": 1.27014535168e+12,
        "dvar2": 2.8167766016e+12,
        "max": 41333288,
        "mean": 4896814,
        "median": 4773957,
        "min": 336836,
        "var": 4.93544380826e+12
    },
    "spectral_strongpeak": {
        "dmean": 0.238453313708,
        "dmean2": 0.386042237282,
        "dvar": 0.144274204969,
        "dvar2": 0.331151783466,
        "max": 6.08238458633,
        "mean": 0.444143354893,
        "median": 0.244006440043,
        "min": 0,
        "var": 0.312283456326
    },
    "zerocrossingrate": {
        "dmean": 0.0176563840359,
        "dmean2": 0.0192721951753,
        "dvar": 0.000643167702947,
        "dvar2": 0.000663112616166,
        "max": 0.85205078125,
        "mean": 0.080394513905,
        "median": 0.0576171875,
        "min": 0.00244140625,
        "var": 0.00614457717165
    },
    "barkbands": {
        "dmean": [0.000144765057485, 0.00410108873621, 0.00279453839175, 0.00193116860464, 0.00177964218892, 0.000604392203968, 0.000454800319858, 0.00031571064028, 0.000468073936645, 0.000478176254546, 0.000310419534799, 0.000387133739423, 0.000428669794928, 0.000360613776138, 0.000390340370359, 0.000311495969072, 0.000306512229145, 0.000340332364431, 0.00028479800676, 0.000252344820183, 0.000181166935363, 0.000108262785943, 9.45733918343e-05, 6.26217879471e-05, 4.93768093293e-05, 2.39970959228e-05, 1.507176421e-06],
        "dmean2": [0.000232252350543, 0.00625662459061, 0.0048715788871, 0.00367307220586, 0.00322751211934, 0.00109146418981, 0.000779988709837, 0.000567064911593, 0.000807705975603, 0.000868019764312, 0.000566194823477, 0.000712620967533, 0.000794172810856, 0.000659559329506, 0.000721763819456, 0.000574246165343, 0.000567066308577, 0.000638300960418, 0.000529389246367, 0.000466186989797, 0.000328475871356, 0.00018408257165, 0.000158577764523, 0.00010416758596, 8.03834700491e-05, 3.82347061532e-05, 2.56133444054e-06],
        "dvar": [3.59281284545e-06, 0.000121194003441, 0.000163692995557, 0.000121992350614, 7.77262248448e-05, 3.62626337846e-06, 1.49293555296e-06, 6.34452305803e-07, 1.04359037323e-06, 1.3545488855e-06, 5.82925224535e-07, 7.5508756936e-07, 9.95191157926e-07, 7.05970649051e-07, 1.09425752726e-06, 7.50186359255e-07, 8.5948636297e-07, 8.78000662397e-07, 5.52795370368e-07, 4.5307595542e-07, 1.9664616957e-07, 5.37885469498e-08, 3.59762069024e-08, 1.76838614863e-08, 1.2733767818e-08, 3.41337980103e-09, 1.79518535454e-11],
        "dvar2": [1.04140963231e-05, 0.000277922401438, 0.000445462297648, 0.0003555433359, 0.000226060394198, 1.03018683149e-05, 3.99704822485e-06, 1.72012414623e-06, 2.71351700576e-06, 3.65752521247e-06, 1.59195815286e-06, 2.1029279651e-06, 2.78185530078e-06, 1.96695668819e-06, 3.08749395117e-06, 2.12251916309e-06, 2.45580667979e-06, 2.48769970312e-06, 1.55402312885e-06, 1.27839541619e-06, 5.4851926734e-07, 1.41878757631e-07, 9.22685785554e-08, 4.43860486143e-08, 3.18403650112e-08, 7.93163845714e-09, 4.72658856498e-11],
        "max": [0.136636376381, 0.165109217167, 0.161080002785, 0.11475661397, 0.0962023958564, 0.0220587980002, 0.012546107173, 0.0101514421403, 0.0173393934965, 0.0153217231855, 0.0115299867466, 0.00724714435637, 0.00873390026391, 0.0115098431706, 0.00819563865662, 0.00741444528103, 0.00938874389976, 0.0073205740191, 0.00614091521129, 0.00521091558039, 0.00328304665163, 0.00172998278867, 0.00145527929999, 0.00149641046301, 0.00102028867695, 0.000553062011022, 6.67565691401e-05],
        "mean": [0.000245350209298, 0.00603190530092, 0.0022692643106, 0.00118270749226, 0.00126288214233, 0.000491684419103, 0.00046090388787, 0.00031530414708, 0.000571216456592, 0.000441154930741, 0.000290142081212, 0.00030665419763, 0.000330094859237, 0.000339939986588, 0.000279376778053, 0.000233944811043, 0.000224399220315, 0.000229018289247, 0.000201022572583, 0.000188351958059, 0.000156286056153, 0.000111285531602, 9.9782293546e-05, 7.24821293261e-05, 5.51097000425e-05, 2.7461681384e-05, 1.28792692067e-06],
        "median": [1.01621371869e-05, 0.00031072035199, 0.000104774459032, 4.01685028919e-05, 5.18815650139e-05, 2.9005077522e-05, 3.6369983718e-05, 2.77508752333e-05, 7.30797619326e-05, 4.41409029008e-05, 3.42392413586e-05, 3.97266157961e-05, 4.96143402415e-05, 6.13675656496e-05, 3.34706055583e-05, 3.22978376062e-05, 2.8227115763e-05, 2.90368516289e-05, 3.1483337807e-05, 3.67526336049e-05, 4.17225564888e-05, 2.39649180003e-05, 1.67131365743e-05, 1.32428831421e-05, 8.86936231836e-06, 4.54788550996e-06, 1.26926522626e-07],
        "min": [6.70636096293e-25, 1.24327570998e-23, 3.90378508014e-24, 4.891189259e-24, 1.47800442777e-23, 1.98909084218e-23, 9.21788069827e-24, 8.71385616668e-24, 3.45441338427e-23, 1.61871559847e-23, 1.28612900093e-23, 5.05165634667e-23, 3.57195713013e-23, 2.93464460896e-23, 4.80311341225e-23, 4.68190083208e-23, 8.45275503997e-23, 1.04348570478e-22, 1.78159578009e-22, 1.66340586248e-22, 2.63519048498e-22, 3.76061479334e-22, 4.83274668816e-22, 6.71138422407e-22, 9.13346033829e-22, 1.4178212953e-21, 2.21238259777e-21],
        "var": [3.20812000609e-06, 0.000201396396733, 0.000113057772978, 6.64224426146e-05, 4.33778041042e-05, 2.43388080889e-06, 1.37049210025e-06, 5.79389507038e-07, 1.22501683109e-06, 1.20724644148e-06, 5.84167935358e-07, 5.35149013103e-07, 6.82548716213e-07, 5.37621815511e-07, 6.75329999922e-07, 4.58464540998e-07, 5.02782484091e-07, 5.12570750288e-07, 3.30439462459e-07, 2.71921010153e-07, 1.281306794e-07, 4.75429651203e-08, 3.77894622261e-08, 2.11618935708e-08, 1.38130662464e-08, 3.7520120344e-09, 1.45507989338e-11]
    },
    "erbbands": {
        "dmean": [0.0986671745777, 1.02363932133, 3.01478862762, 5.03860282898, 7.00820589066, 5.21589422226, 3.77758049965, 5.51777076721, 6.30559873581, 7.14155244827, 6.76687383652, 10.3184900284, 13.658867836, 15.5911722183, 12.3894166946, 15.7267332077, 18.7080821991, 19.4762248993, 19.2835960388, 19.640789032, 16.4864215851, 17.2164878845, 19.1422386169, 15.275645256, 14.0985937119, 11.6684894562, 8.37662315369, 6.46796321869, 4.21972942352, 3.37738060951, 2.49517703056, 1.45048570633, 1.00000917912, 0.600288689137, 0.331534683704, 0.106811247766, 0.0404414236546, 0.00943040568382, 0.00021739215299, 1.97985336854e-05],
        "dmean2": [0.155149877071, 1.49626517296, 4.92925548553, 9.28200244904, 12.9977436066, 9.57693386078, 6.7087225914, 9.97216033936, 11.1013660431, 12.2818136215, 12.0501375198, 17.9038295746, 24.6353092194, 28.4441509247, 22.4142875671, 28.97498703, 34.68309021, 35.7450637817, 35.6653404236, 36.3360328674, 30.3422336578, 31.8095722198, 35.8708877563, 28.5448703766, 26.2214183807, 21.5432853699, 15.3519973755, 11.5205373764, 7.35117530823, 5.62341499329, 4.19913959503, 2.46326398849, 1.6233779192, 0.989625453949, 0.543919801712, 0.168797209859, 0.0648534968495, 0.0155314989388, 0.000358905672329, 3.05032317556e-05],
        "dvar": [0.106467045844, 7.39030885696, 142.112594604, 734.194946289, 1397.65625, 656.128234863, 204.815109253, 292.54083252, 333.725982666, 383.26651001, 249.711959839, 539.93927002, 1012.46990967, 1406.44006348, 740.861938477, 1348.66149902, 1908.93762207, 2300.35546875, 2397.82226562, 3018.73779297, 1904.85693359, 2618.42578125, 2972.49194336, 1725.68774414, 1364.95068359, 911.30859375, 422.558929443, 244.041183472, 95.1515808105, 45.7584762573, 25.7089729309, 9.1004858017, 4.63399076462, 1.90746998787, 0.606687664986, 0.0564614832401, 0.0102269016206, 0.000674474635161, 3.49558348489e-07, 1.27386734494e-09],
        "dvar2": [0.301107347012, 15.7291326523, 363.452697754, 2084.43896484, 4065.48925781, 1912.66113281, 583.169921875, 832.641113281, 929.628234863, 1004.63171387, 679.857543945, 1420.19384766, 2750.13647461, 3852.80639648, 2026.2331543, 3758.14697266, 5340.0546875, 6471.5703125, 6748.54150391, 8565.45898438, 5356.33691406, 7465.42285156, 8444.07910156, 4877.54150391, 3838.41015625, 2565.4128418, 1177.7208252, 676.856018066, 259.478027344, 115.357421875, 66.1854553223, 23.5993766785, 11.2598104477, 4.88935709, 1.51425755024, 0.12952747941, 0.0241057425737, 0.00165386067238, 8.77791649145e-07, 2.87417623035e-09],
        "max": [9.19103431702, 32.0339775085, 146.124954224, 278.090911865, 378.972961426, 277.074432373, 150.657730103, 221.999923706, 226.6275177, 311.787597656, 177.20463562, 450.493530273, 364.574737549, 390.34185791, 283.411682129, 331.083435059, 451.026489258, 602.960754395, 501.650604248, 565.719116211, 348.920562744, 498.224487305, 475.782104492, 354.883331299, 286.968841553, 277.741271973, 175.042434692, 120.132789612, 71.0408248901, 49.1973190308, 47.8826522827, 32.3483047485, 23.0757446289, 15.7855558395, 7.23918867111, 2.3980512619, 1.08306777477, 0.281595855951, 0.0104614598677, 0.000490471255034],
        "mean": [0.158556208014, 1.37961781025, 2.89819431305, 3.37172007561, 4.6811170578, 3.63642549515, 3.0029695034, 4.58216810226, 5.61299943924, 8.07155323029, 7.12320327759, 11.9417743683, 13.5577993393, 14.7200632095, 11.8538951874, 12.3251981735, 14.7168951035, 16.9654464722, 15.5911121368, 14.485543251, 12.8267784119, 12.9297428131, 13.1493787766, 10.4777584076, 10.1529741287, 8.75835132599, 6.82391929626, 5.7278470993, 4.05868673325, 3.58830952644, 2.63457989693, 1.66087627411, 1.16366994381, 0.684124469757, 0.355340063572, 0.12825460732, 0.0457553900778, 0.00928503181785, 0.00021449464839, 2.60995075223e-05],
        "median": [0.00788562558591, 0.0655037462711, 0.152973130345, 0.187817856669, 0.172245770693, 0.151402145624, 0.177041724324, 0.296120613813, 0.549591064453, 0.761558294296, 1.23469758034, 1.68876874447, 2.00671625137, 1.85599780083, 1.96578538418, 1.98869895935, 2.37726759911, 3.30924391747, 2.56394004822, 2.09912633896, 2.18273997307, 2.05942869186, 1.91627597809, 1.66613841057, 2.02046823502, 1.82411837578, 1.45696699619, 1.29561829567, 0.83499109745, 0.699102520943, 0.478164315224, 0.300598442554, 0.189189970493, 0.112179622054, 0.0562006682158, 0.0232493877411, 0.00743792206049, 0.00121396407485, 3.26673907693e-05, 8.98694725038e-06],
        "min": [2.63334189989e-22, 2.82411719393e-21, 4.26696999238e-21, 1.14546387951e-20, 4.16934668579e-20, 3.40048683006e-20, 7.6364945797e-20, 2.0158900761e-19, 1.03925634455e-19, 4.36336273857e-19, 1.85591799852e-19, 7.75121483714e-19, 8.16339686842e-19, 1.69586490894e-18, 8.18512793709e-19, 1.91177238711e-18, 1.52066216154e-18, 1.85627415147e-18, 2.81252389091e-18, 4.10443256277e-18, 5.69215818568e-18, 5.08603704234e-18, 7.07654006656e-18, 7.84424804743e-18, 9.10007199905e-18, 7.09002228336e-18, 1.04198469382e-17, 1.1755036388e-17, 1.26763782784e-17, 1.03224580016e-17, 1.24882666538e-17, 1.24863467676e-17, 1.16141865549e-17, 7.68432591088e-18, 7.65720762168e-18, 4.51947870692e-18, 2.47390551304e-18, 1.10848364578e-18, 2.81995305848e-19, 3.28476975537e-20],
        "var": [0.14831495285, 12.3011350632, 123.749504089, 430.879089355, 770.029602051, 363.503967285, 132.724273682, 197.279541016, 245.995315552, 411.294372559, 223.634963989, 579.825317383, 850.170410156, 1206.75305176, 689.770751953, 928.679016113, 1325.96435547, 1628.53637695, 1574.14160156, 1803.95227051, 1203.02600098, 1542.4185791, 1727.63879395, 1013.72875977, 817.213623047, 551.659606934, 268.506561279, 166.941360474, 73.3094100952, 46.1741447449, 27.1133823395, 10.5815162659, 5.69089508057, 2.12402224541, 0.611691892147, 0.0694865807891, 0.010887012817, 0.000611893075984, 3.10322946007e-07, 1.76311099054e-09]
    },
    "gfcc": {
        "mean": [-112.75717926, 58.9371070862, -129.464950562, 24.7184581757, -55.3471412659, 22.5555782318, -27.3677520752, 16.5312080383, -17.7811260223, 11.4777173996, -14.3425502777, 3.4643175602, -11.0730924606],
        "cov": [[30664.2421875, -1395.50891113, 433.79800415, 2146.19213867, -225.097442627, 1463.08032227, 18.7150764465, 826.601135254, -435.490722656, 168.330703735, -1028.9354248, -380.176269531, -758.198669434], [-1395.50891113, 3781.93896484, 739.03704834, 313.027893066, 748.939575195, -155.915420532, 270.875427246, -236.918945312, 130.198242188, -382.953704834, 86.9901046753, -239.874450684, 224.485092163], [433.79800415, 739.03704834, 2079.19995117, 880.212219238, 575.639831543, 400.619384766, 138.359100342, 29.6271457672, -64.1676635742, -111.116043091, -184.819534302, -107.652305603, -66.9276504517], [2146.19213867, 313.027893066, 880.212219238, 944.002319336, 403.348480225, 365.523986816, 142.425613403, 64.1570968628, -36.138874054, -74.6337661743, -133.640167236, -117.760215759, -76.6226119995], [-225.097442627, 748.939575195, 575.639831543, 403.348480225, 492.837615967, 196.123779297, 185.33833313, 8.8259601593, 23.7041797638, -89.9420776367, -31.8514556885, -85.4422302246, 4.89315652847], [1463.08032227, -155.915420532, 400.619384766, 365.523986816, 196.123779297, 381.504333496, 151.684234619, 130.173049927, -31.3547096252, -15.1451768875, -131.189300537, -58.6020393372, -74.9221191406], [18.7150764465, 270.875427246, 138.359100342, 142.425613403, 185.33833313, 151.684234619, 218.614639282, 77.9262695312, 54.6239204407, -52.5134811401, -26.570520401, -56.8913764954, 18.8376312256], [826.601135254, -236.918945312, 29.6271457672, 64.1570968628, 8.8259601593, 130.173049927, 77.9262695312, 170.500152588, 45.148727417, 50.8451805115, -61.7003097534, -15.4485025406, -39.3520393372], [-435.490722656, 130.198242188, -64.1676635742, -36.138874054, 23.7041797638, -31.3547096252, 54.6239204407, 45.148727417, 143.916946411, 57.9119682312, 55.5667610168, -20.3029689789, 11.7938089371], [168.330703735, -382.953704834, -111.116043091, -74.6337661743, -89.9420776367, -15.1451768875, -52.5134811401, 50.8451805115, 57.9119682312, 175.41809082, 64.62474823, 47.5074729919, -55.5710067749], [-1028.9354248, 86.9901046753, -184.819534302, -133.640167236, -31.8514556885, -131.189300537, -26.570520401, -61.7003097534, 55.5667610168, 64.62474823, 170.62588501, 77.5024642944, 46.9771652222], [-380.176269531, -239.874450684, -107.652305603, -117.760215759, -85.4422302246, -58.6020393372, -56.8913764954, -15.4485025406, -20.3029689789, 47.5074729919, 77.5024642944, 133.650680542, 49.6227302551], [-758.198669434, 224.485092163, -66.9276504517, -76.6226119995, 4.89315652847, -74.9221191406, 18.8376312256, -39.3520393372, 11.7938089371, -55.5710067749, 46.9771652222, 49.6227302551, 125.850761414]],
        "icov": [[7.81349954195e-05, -0.00011243642075, 0.00011171096412, -0.000257377250819, 0.000273831305094, -0.00017089114408, 4.51782761957e-05, -0.000167085003341, 0.000187471610843, -0.000256076717051, 0.000381913210731, -0.000194820109755, 0.000206220691325], [-0.00011243642075, 0.000918407982681, -0.000329686212353, 0.000491986225825, -0.00132635072805, 0.000815073028207, 8.52304801811e-05, 0.000185147728189, -0.000516943633556, 0.00138246640563, -0.00152408226859, 0.00177968689241, -0.00108336680569], [0.00011171096412, -0.000329686212353, 0.00119095807895, -0.00093553570332, -0.000280845328234, -0.000513706821948, 0.000387968961149, 0.000311303738272, -6.17340265308e-05, -0.000744725577533, 0.00190512021072, -0.00141171435826, 0.000591658812482], [-0.000257377250819, 0.000491986225825, -0.00093553570332, 0.00349468179047, -0.00200304575264, -0.00126528344117, 0.00109411636367, 0.000162331547472, -0.00049865921028, 0.0015471392544, -0.00238794763573, 0.0021928048227, -0.000829744501971], [0.000273831305094, -0.00132635072805, -0.000280845328234, -0.00200304575264, 0.00769956922159, -0.00216909428127, -0.00299083977006, 0.000827645766549, 0.000553144898731, -0.00110696291085, 0.000381527643185, -0.001105262083, 0.00151525065303], [-0.00017089114408, 0.000815073028207, -0.000513706821948, -0.00126528344117, -0.00216909428127, 0.0110488189384, -0.00643553864211, -0.00150665489491, 0.00274955900386, -0.00164270831738, 0.00353978504427, -0.00181554851588, 0.00203870027326], [4.51782761957e-05, 8.52304801811e-05, 0.000387968961149, 0.00109411636367, -0.00299083977006, -0.00643553864211, 0.0162751208991, -0.00680180126801, -0.0034810162615, 0.00666186399758, -0.00673718797043, 0.00531127722934, -0.00359682482667], [-0.000167085003341, 0.000185147728189, 0.000311303738272, 0.000162331547472, 0.000827645766549, -0.00150665489491, -0.00680180126801, 0.0183562841266, -0.00717643136159, -0.00568479578942, 0.0110652949661, -0.00666638836265, 0.00141674035694], [0.000187471610843, -0.000516943633556, -6.17340265308e-05, -0.00049865921028, 0.000553144898731, 0.00274955900386, -0.0034810162615, -0.00717643136159, 0.0198570936918, -0.00906301103532, -0.00605304352939, 0.0103718591854, -0.00608535762876], [-0.000256076717051, 0.00138246640563, -0.000744725577533, 0.0015471392544, -0.00110696291085, -0.00164270831738, 0.00666186399758, -0.00568479578942, -0.00906301103532, 0.0230278223753, -0.0111804399639, -0.00326749193482, 0.00930686667562], [0.000381913210731, -0.00152408226859, 0.00190512021072, -0.00238794763573, 0.000381527643185, 0.00353978504427, -0.00673718797043, 0.0110652949661, -0.00605304352939, -0.0111804399639, 0.0275793951005, -0.0159804429859, 0.00277631753124], [-0.000194820109755, 0.00177968689241, -0.00141171435826, 0.0021928048227, -0.001105262083, -0.00181554851588, 0.00531127722934, -0.00666638836265, 0.0103718591854, -0.00326749193482, -0.0159804429859, 0.0286345295608, -0.0154214669019], [0.000206220691325, -0.00108336680569, 0.000591658812482, -0.000829744501971, 0.00151525065303, 0.00203870027326, -0.00359682482667, 0.00141674035694, -0.00608535762876, 0.00930686667562, 0.00277631753124, -0.0154214669019, 0.0227905418724]]
    },
    "melbands": {
        "dmean": [0.00100294814911, 0.00145675241947, 0.000918665784411, 0.000461219256977, 0.000143471479532, 0.000122225683299, 9.56901349127e-05, 7.63528296375e-05, 5.72285243834e-05, 6.62236852804e-05, 6.89782973495e-05, 6.46344124107e-05, 4.14984133386e-05, 4.33529094153e-05, 3.8821806811e-05, 4.42956697952e-05, 3.45413536706e-05, 3.04255518131e-05, 2.96414091281e-05, 2.46854378929e-05, 1.79271464731e-05, 1.82194617082e-05, 1.67296238942e-05, 1.67339785548e-05, 1.18053048936e-05, 1.11125946205e-05, 9.05085744307e-06, 7.61863157095e-06, 5.79232164455e-06, 3.98902693632e-06, 3.73029297407e-06, 2.33873743127e-06, 2.15470276999e-06, 1.86928798485e-06, 1.46985837546e-06, 1.23574147892e-06, 7.85114934843e-07, 7.24155370335e-07, 6.06067885656e-07, 4.97140092648e-07],
        "dmean2": [0.00154662632849, 0.00219385977834, 0.00167522497941, 0.000845740491059, 0.000257585663348, 0.000221686044824, 0.000166842932231, 0.000132339511765, 0.000100825942354, 0.000115446862765, 0.000124418031191, 0.000117895775475, 7.50994731789e-05, 7.98862602096e-05, 7.18018127372e-05, 8.21492067189e-05, 6.32447263342e-05, 5.60776534257e-05, 5.50961012777e-05, 4.56850211776e-05, 3.29600261466e-05, 3.36382181558e-05, 3.11033181788e-05, 3.1547704566e-05, 2.20130823436e-05, 2.06671575143e-05, 1.67773905559e-05, 1.40864922287e-05, 1.06805682663e-05, 7.19463787391e-06, 6.59083571009e-06, 4.0794097913e-06, 3.6947026274e-06, 3.11601297653e-06, 2.46084073297e-06, 2.10350117413e-06, 1.33554749482e-06, 1.17514446174e-06, 9.88013880487e-07, 8.33809394862e-07],
        "dvar": [8.40176471684e-06, 2.2452641133e-05, 2.32376442e-05, 5.43666010344e-06, 3.37250639859e-07, 1.44443049521e-07, 7.15257684192e-08, 4.21669241746e-08, 1.66880980146e-08, 2.17990070439e-08, 2.61899604226e-08, 2.4476968008e-08, 9.45281275477e-09, 9.6826937579e-09, 8.82162254356e-09, 1.04451807204e-08, 7.53551354649e-09, 5.90506443743e-09, 6.45956754752e-09, 5.39782840647e-09, 2.23198259874e-09, 3.11724246416e-09, 2.51151388575e-09, 2.17186202356e-09, 1.07569475549e-09, 8.23641155279e-10, 7.37576888454e-10, 4.17147982823e-10, 2.18477486102e-10, 8.60367888045e-11, 8.4441210968e-11, 2.8601116267e-11, 2.36860062813e-11, 1.35001879467e-11, 9.09018606915e-12, 6.562785905e-12, 2.65718436837e-12, 2.36748966785e-12, 1.97748479917e-12, 1.34453461819e-12],
        "dvar2": [2.11364076677e-05, 5.27847914782e-05, 6.52225789963e-05, 1.58085586008e-05, 9.70215410234e-07, 4.11689825341e-07, 1.9704903309e-07, 1.11946746983e-07, 4.50379928907e-08, 5.75930840796e-08, 7.09194623028e-08, 6.66966002427e-08, 2.55345469213e-08, 2.6987990509e-08, 2.4664535303e-08, 2.92124102685e-08, 2.12232063035e-08, 1.66041100869e-08, 1.82877890609e-08, 1.53884549547e-08, 6.26325080688e-09, 8.9172287332e-09, 7.13621606252e-09, 6.17047035689e-09, 3.04563307907e-09, 2.31015739871e-09, 2.09998929357e-09, 1.17819676237e-09, 6.11970252251e-10, 2.38223468729e-10, 2.34521846387e-10, 7.7798718856e-11, 6.34398089616e-11, 3.37799267724e-11, 2.34532081256e-11, 1.71481214645e-11, 6.93957565023e-12, 5.78586137334e-12, 4.90419337085e-12, 3.54024492014e-12],
        "max": [0.0711758062243, 0.0554629340768, 0.0474905893207, 0.0258289519697, 0.00606662686914, 0.00460954057053, 0.00313283316791, 0.00281489477493, 0.00160069600679, 0.00241193897091, 0.00196579471231, 0.00174342573155, 0.00139476323966, 0.000934703391977, 0.00100143649615, 0.0010255407542, 0.00112008699216, 0.000970887427684, 0.000667324813548, 0.000687305349857, 0.000369554909412, 0.000503222225234, 0.000449967308668, 0.00036192080006, 0.000294727477012, 0.000240896042669, 0.000248144584475, 0.000221297101234, 0.000126852697576, 7.34232307877e-05, 7.77146051405e-05, 4.23320743721e-05, 4.88472542202e-05, 2.88201717922e-05, 3.33795578626e-05, 2.01785696845e-05, 1.94334188564e-05, 1.72273648786e-05, 1.79675807885e-05, 1.2173117284e-05],
        "mean": [0.00156243517995, 0.00168508314528, 0.000637335586362, 0.000317082711263, 0.000110179789772, 9.9943477835e-05, 8.89866641955e-05, 8.71163720149e-05, 6.12129224464e-05, 7.72362400312e-05, 6.83259349898e-05, 6.11341238255e-05, 4.10992252e-05, 3.46437154803e-05, 3.05482099066e-05, 3.49457804987e-05, 3.06426372845e-05, 2.58873624261e-05, 2.0592009605e-05, 1.81965606316e-05, 1.38674686241e-05, 1.36254539029e-05, 1.20763534142e-05, 1.09617676571e-05, 8.0765612438e-06, 7.9195606304e-06, 6.70298368277e-06, 5.60443641007e-06, 4.59252169094e-06, 3.40708902513e-06, 3.2921800539e-06, 2.20425636144e-06, 2.18537365981e-06, 1.95502207134e-06, 1.54290171395e-06, 1.27702560349e-06, 9.08876472749e-07, 8.2502845089e-07, 7.0785756634e-07, 5.36908373761e-07],
        "median": [8.15714593045e-05, 0.0001037500042, 3.88588232454e-05, 1.26761970023e-05, 6.56819429423e-06, 6.07774745731e-06, 8.47849696584e-06, 7.99347981228e-06, 9.2251048045e-06, 9.78725984169e-06, 8.16565079731e-06, 6.66307141728e-06, 5.97998314333e-06, 4.54444761999e-06, 3.63808726433e-06, 4.96658685734e-06, 5.69059147892e-06, 3.37148458129e-06, 2.34878734773e-06, 2.22356425184e-06, 1.91948720385e-06, 1.63031677403e-06, 1.55791587986e-06, 1.43801639751e-06, 1.06228571894e-06, 1.23690369946e-06, 1.22322785501e-06, 1.00007036963e-06, 9.12852783586e-07, 7.58954342928e-07, 7.01216322341e-07, 3.94822762928e-07, 4.38005741898e-07, 2.98201740634e-07, 2.76486844086e-07, 2.13295876961e-07, 1.71612697386e-07, 1.32251102514e-07, 1.14599572498e-07, 8.42527327904e-08],
        "min": [3.54024760387e-24, 2.7159810435e-24, 3.02228942211e-24, 2.81765298684e-24, 2.55142465867e-24, 4.51548478656e-24, 1.82317528946e-24, 5.38872264863e-24, 1.34987511519e-24, 4.17843804834e-24, 3.95795300306e-24, 5.49726438716e-24, 1.82416826812e-24, 5.06901388982e-24, 3.56929425126e-24, 3.24429519401e-24, 2.580802036e-24, 4.30611124155e-24, 3.71185403861e-24, 3.4492091111e-24, 6.67997159349e-24, 5.10756552226e-24, 4.78118536678e-24, 5.19388938783e-24, 5.69469773351e-24, 6.34852497885e-24, 4.45764116625e-24, 4.60090106765e-24, 6.26435943672e-24, 6.42403553356e-24, 6.06351702797e-24, 6.05213573726e-24, 5.65393058522e-24, 5.53801773039e-24, 5.5303034596e-24, 7.5683757009e-24, 7.41123066428e-24, 7.89861338621e-24, 5.54678473606e-24, 6.02500247199e-24],
        "var": [1.33408866532e-05, 2.65315393335e-05, 1.40353904499e-05, 3.0205630992e-06, 2.06438159012e-07, 9.60334602951e-08, 5.54308172696e-08, 4.33465174865e-08, 1.54237866923e-08, 2.33412595918e-08, 2.24478640121e-08, 2.18198739077e-08, 1.04057358286e-08, 6.88984158614e-09, 6.22186302479e-09, 7.29136395705e-09, 5.40622524525e-09, 4.10737488465e-09, 3.85884835197e-09, 3.16568748993e-09, 1.43415390674e-09, 1.83483095384e-09, 1.48573020553e-09, 1.25549171059e-09, 6.30818064451e-10, 4.9710641159e-10, 4.31425423164e-10, 2.50551690506e-10, 1.36010008811e-10, 5.81255356347e-11, 5.82161194251e-11, 2.22704805986e-11, 1.97684368874e-11, 1.40631421439e-11, 9.63535935067e-12, 6.64820368895e-12, 3.23506672839e-12, 2.85716242332e-12, 2.30603231823e-12, 1.38190370605e-12]
    },
    "mfcc": {
        "mean": [-740.131652832, 87.8946456909, -10.6036891937, 9.44485664368, -1.37764978409, 7.88907194138, 4.61588764191, 6.46045684814, 5.90353870392, 8.54821395874, 5.47340631485, 4.25710487366, 1.63466918468],
        "cov": [[17835.2285156, -102.897880554, -80.2248077393, 664.914123535, -35.9238357544, 570.559082031, 125.091529846, 223.636978149, 130.91708374, 267.912231445, 84.7360229492, -14.2884254456, -173.503250122], [-102.897880554, 2606.68066406, 375.273864746, 470.473571777, 388.144378662, 125.525360107, 142.134170532, 103.164527893, 96.478225708, 21.6901607513, -56.7436904907, -103.161750793, -70.6124725342], [-80.2248077393, 375.273864746, 1290.02099609, 639.553161621, 519.210083008, 359.505615234, 217.155441284, 157.947219849, 112.727958679, 47.0697364807, -20.2059898376, -51.9702644348, -77.6829986572], [664.914123535, 470.473571777, 639.553161621, 628.232910156, 411.913238525, 302.860961914, 190.370788574, 124.571525574, 78.8148040771, 46.1317558289, 1.8538274765, -24.7771053314, -45.6176986694], [-35.9238357544, 388.144378662, 519.210083008, 411.913238525, 407.15524292, 264.207519531, 183.692230225, 124.418411255, 80.7956542969, 40.5539627075, 0.96300059557, -26.4464569092, -37.3275108337], [570.559082031, 125.525360107, 359.505615234, 302.860961914, 264.207519531, 302.104278564, 189.380249023, 131.640487671, 81.8513793945, 52.9107017517, 12.2779684067, -15.8956203461, -37.9692878723], [125.091529846, 142.134170532, 217.155441284, 190.370788574, 183.692230225, 189.380249023, 203.489334106, 139.67326355, 86.5040206909, 40.9025764465, -1.59962832928, -24.1854934692, -31.9036083221], [223.636978149, 103.164527893, 157.947219849, 124.571525574, 124.418411255, 131.640487671, 139.67326355, 164.489822388, 114.351318359, 49.3873977661, -10.7967271805, -29.1654930115, -29.1036930084], [130.91708374, 96.478225708, 112.727958679, 78.8148040771, 80.7956542969, 81.8513793945, 86.5040206909, 114.351318359, 142.600891113, 89.0115737915, 18.288394928, -18.6380500793, -26.8655757904], [267.912231445, 21.6901607513, 47.0697364807, 46.1317558289, 40.5539627075, 52.9107017517, 40.9025764465, 49.3873977661, 89.0115737915, 123.464500427, 73.7728347778, 19.8026313782, -14.3450498581], [84.7360229492, -56.7436904907, -20.2059898376, 1.8538274765, 0.96300059557, 12.2779684067, -1.59962832928, -10.7967271805, 18.288394928, 73.7728347778, 112.583572388, 73.1587600708, 19.193572998], [-14.2884254456, -103.161750793, -51.9702644348, -24.7771053314, -26.4464569092, -15.8956203461, -24.1854934692, -29.1654930115, -18.6380500793, 19.8026313782, 73.1587600708, 100.455841064, 56.4109382629], [-173.503250122, -70.6124725342, -77.6829986572, -45.6176986694, -37.3275108337, -37.9692878723, -31.9036083221, -29.1036930084, -26.8655757904, -14.3450498581, 19.193572998, 56.4109382629, 87.2451477051]],
