{
"lowlevel": {
    "average_loudness": 0.928529262543,
    "barkbands_crest": {
        "dmean": 2.07612776756,
        "dmean2": 3.28991937637,
        "dvar": 5.73741340637,
        "dvar2": 13.6335515976,
        "max": 26.8109970093,
        "mean": 15.4902915955,
        "median": 15.3664684296,
        "min": 2.65082645416,
        "var": 21.4768257141
    },
    "barkbands_flatness_db": {
        "dmean": 0.0436056405306,
        "dmean2": 0.060763541609,
        "dvar": 0.00241538276896,
        "dvar2": 0.0044126380235,
        "max": 0.631952345371,
        "mean": 0.336627334356,
        "median": 0.344163239002,
        "min": 0.0287392083555,
        "var": 0.013498486951
    },
    "barkbands_kurtosis": {
        "dmean": 22.5433540344,
        "dmean2": 35.7039604187,
        "dvar": 31543.1582031,
        "dvar2": 73167.5546875,
        "max": 8854.91308594,
        "mean": 30.0682315826,
        "median": 9.58952999115,
        "min": -1.8771238327,
        "var": 33988.7148438
    },
    "barkbands_skewness": {
        "dmean": 1.01613163948,
        "dmean2": 1.53070008755,
        "dvar": 3.95329546928,
        "dvar2": 7.99102878571,
        "max": 73.2450332642,
        "mean": 2.98464202881,
        "median": 2.40991544724,
        "min": -2.01752662659,
        "var": 8.65651988983
    },
    "barkbands_spread": {
        "dmean": 2.62809872627,
        "dmean2": 4.2484703064,
        "dvar": 37.9006118774,
        "dvar2": 90.7556915283,
        "max": 101.691833496,
        "mean": 4.84628486633,
        "median": 2.89272141457,
        "min": 0.0269366577268,
        "var": 45.1379051208
    },
    "dissonance": {
        "dmean": 0.032006110996,
        "dmean2": 0.0515428334475,
        "dvar": 0.00125719537027,
        "dvar2": 0.00296552549116,
        "max": 0.500000298023,
        "mean": 0.41268274188,
        "median": 0.433820545673,
        "min": 0.110273614526,
        "var": 0.00505518959835
    },
    "dynamic_complexity": 2.81108260155,
    "erbbands_crest": {
        "dmean": 2.32544207573,
        "dmean2": 3.6574409008,
        "dvar": 6.68901395798,
        "dvar2": 15.4142160416,
        "max": 28.1535301208,
        "mean": 10.8713321686,
        "median": 9.90673732758,
        "min": 1.98497116566,
        "var": 22.5269889832
    },
    "erbbands_flatness_db": {
        "dmean": 0.0344241373241,
        "dmean2": 0.047487705946,
        "dvar": 0.00168782752007,
        "dvar2": 0.00304033374414,
        "max": 0.516291558743,
        "mean": 0.241849645972,
        "median": 0.242437526584,
        "min": 0.0538061931729,
        "var": 0.00997671764344
    },
    "erbbands_kurtosis": {
        "dmean": 2.54207992554,
        "dmean2": 4.1001739502,
        "dvar": 24.0203094482,
        "dvar2": 60.1079292297,
        "max": 161.970733643,
        "mean": 3.44643473625,
        "median": 1.78587794304,
        "min": -1.90357816219,
        "var": 43.8171463013
    },
    "erbbands_skewness": {
        "dmean": 0.502085149288,
        "dmean2": 0.777541816235,
        "dvar": 0.375108152628,
        "dvar2": 0.907440960407,
        "max": 10.7875051498,
        "mean": 1.18038630486,
        "median": 1.07087850571,
        "min": -3.92316174507,
        "var": 0.953744053841
    },
    "erbbands_spread": {
        "dmean": 11.6516952515,
        "dmean2": 18.3883152008,
        "dvar": 479.974822998,
        "dvar2": 1139.58996582,
        "max": 198.704055786,
        "mean": 25.4082050323,
        "median": 14.483625412,
        "min": 1.05869936943,
        "var": 735.165161133
    },
    "hfc": {
        "dmean": 2.59720635414,
        "dmean2": 4.30851316452,
        "dvar": 20.8192882538,
        "dvar2": 54.9006271362,
        "max": 66.9548721313,
        "mean": 10.2114982605,
        "median": 9.0489025116,
        "min": 1.14414431188e-16,
        "var": 42.1504859924
    },
    "melbands_crest": {
        "dmean": 2.23048996925,
        "dmean2": 3.50266337395,
        "dvar": 6.23032331467,
        "dvar2": 14.9844789505,
        "max": 38.2315330505,
        "mean": 19.8758163452,
        "median": 19.3124542236,
        "min": 1.44732093811,
        "var": 32.0830535889
    },
    "melbands_flatness_db": {
        "dmean": 0.0476993247867,
        "dmean2": 0.0658129677176,
        "dvar": 0.00311367074028,
        "dvar2": 0.00571215385571,
        "max": 0.790293633938,
        "mean": 0.451942145824,
        "median": 0.458144128323,
        "min": 0.00138092553243,
        "var": 0.0187473930418
    },
    "melbands_kurtosis": {
        "dmean": 24.8225765228,
        "dmean2": 38.6727981567,
        "dvar": 5182.94873047,
        "dvar2": 11589.3398438,
        "max": 3397.09423828,
        "mean": 40.4367294312,
        "median": 15.8304176331,
        "min": -1.82590043545,
        "var": 9933.66113281
    },
    "melbands_skewness": {
        "dmean": 1.1369099617,
        "dmean2": 1.76598310471,
        "dvar": 3.14007663727,
        "dvar2": 7.10376691818,
        "max": 46.0630187988,
        "mean": 3.63600730896,
        "median": 2.9639787674,
        "min": -1.25422072411,
        "var": 8.04707813263
    },
    "melbands_spread": {
        "dmean": 1.56271123886,
        "dmean2": 2.509319067,
        "dvar": 16.4282970428,
        "dvar2": 37.4815368652,
        "max": 152.561294556,
        "mean": 3.98008656502,
        "median": 2.73423337936,
        "min": 0.0654878988862,
        "var": 32.4484825134
    },
    "pitch_salience": {
        "dmean": 0.0617093257606,
        "dmean2": 0.0978651046753,
        "dvar": 0.00489028915763,
        "dvar2": 0.0116649502888,
        "max": 0.924880027771,
        "mean": 0.452976435423,
        "median": 0.454395830631,
        "min": 0.0196595489979,
        "var": 0.0215295236558
    },
    "silence_rate_20dB": {
        "dmean": 0,
        "dmean2": 0,
        "dvar": 0,
        "dvar2": 0,
        "max": 1,
        "mean": 1,
        "median": 1,
        "min": 1,
        "var": 0
    },
    "silence_rate_30dB": {
        "dmean": 0.0338802188635,
        "dmean2": 0.0677694752812,
        "dvar": 0.032729357481,
        "dvar2": 0.0810412541032,
        "max": 1,
        "mean": 0.957588672638,
        "median": 1,
        "min": 0,
        "var": 0.0406141914427
    },
    "silence_rate_60dB": {
        "dmean": 0.00266773370095,
        "dmean2": 0.005336179398,
        "dvar": 0.00266041490249,
        "dvar2": 0.00610716594383,
        "max": 1,
        "mean": 0.0469458512962,
        "median": 0,
        "min": 0,
        "var": 0.0447425693274
    },
    "spectral_centroid": {
        "dmean": 112.085289001,
        "dmean2": 167.449203491,
        "dvar": 82944.6328125,
        "dvar2": 175176.328125,
        "max": 11008.1171875,
        "mean": 405.535186768,
        "median": 287.308227539,
        "min": 69.5352249146,
        "var": 191721.25
    },
    "spectral_complexity": {
        "dmean": 1.70094704628,
        "dmean2": 2.82150483131,
        "dvar": 10.7628221512,
        "dvar2": 25.8010864258,
        "max": 45,
        "mean": 8.95105361938,
        "median": 9,
        "min": 0,
        "var": 20.9125537872
    },
    "spectral_decrease": {
        "dmean": 2.68857447416e-09,
        "dmean2": 4.20003409829e-09,
        "dvar": 9.90054046808e-18,
        "dvar2": 2.49941671439e-17,
        "max": 1.2976978558e-28,
        "mean": -1.55829233961e-08,
        "median": -1.58877533352e-08,
        "min": -3.98265420642e-08,
        "var": 5.8540101346e-17
    },
    "spectral_energy": {
        "dmean": 0.0101757803932,
        "dmean2": 0.0159074887633,
        "dvar": 0.000140720105264,
        "dvar2": 0.000356552191079,
        "max": 0.151208147407,
        "mean": 0.0597395300865,
        "median": 0.0608970746398,
        "min": 1.0467750932e-20,
        "var": 0.000847227929626
    },
    "spectral_energyband_high": {
        "dmean": 0.000206448065001,
        "dmean2": 0.000344310072251,
        "dvar": 3.01861177832e-07,
        "dvar2": 7.83236146162e-07,
        "max": 0.00632375711575,
        "mean": 0.000182644711458,
        "median": 3.32106083079e-06,
        "min": 7.37943334095e-21,
        "var": 2.7610931852e-07
    },
    "spectral_energyband_low": {
        "dmean": 0.00968668237329,
        "dmean2": 0.0148602193221,
        "dvar": 0.000153580287588,
        "dvar2": 0.000370879221009,
        "max": 0.148850560188,
        "mean": 0.0427783839405,
        "median": 0.0420918464661,
        "min": 5.81590416056e-23,
        "var": 0.000786106975283
    },
    "spectral_energyband_middle_high": {
        "dmean": 0.000238978231209,
        "dmean2": 0.000372749753296,
        "dvar": 2.60238550709e-07,
        "dvar2": 6.38221479221e-07,
        "max": 0.0124207483605,
        "mean": 0.000532426172867,
        "median": 0.000266775605269,
        "min": 1.32606685131e-21,
        "var": 5.49740605038e-07
    },
    "spectral_energyband_middle_low": {
        "dmean": 0.00379601260647,
        "dmean2": 0.00598372006789,
        "dvar": 2.65547059826e-05,
        "dvar2": 5.62616733077e-05,
        "max": 0.108053125441,
        "mean": 0.0187983363867,
        "median": 0.01337807253,
        "min": 2.59723075066e-22,
        "var": 0.000327559013385
    },
    "spectral_entropy": {
        "dmean": 0.353958547115,
        "dmean2": 0.496357172728,
        "dvar": 0.22252137959,
        "dvar2": 0.432810246944,
        "max": 9.80735874176,
        "mean": 6.19388437271,
        "median": 6.03109073639,
        "min": 3.95105910301,
        "var": 0.919990301132
    },
    "spectral_flux": {
        "dmean": 0.0292238276452,
        "dmean2": 0.0484204106033,
        "dvar": 0.00159099709708,
        "dvar2": 0.00395550066605,
        "max": 0.350370883942,
        "mean": 0.0653962120414,
        "median": 0.0564546212554,
        "min": 6.81754305787e-11,
        "var": 0.00212874915451
    },
    "spectral_kurtosis": {
        "dmean": 22.4067401886,
        "dmean2": 36.1402816772,
        "dvar": 1317.41113281,
        "dvar2": 3508.81884766,
        "max": 657.65222168,
        "mean": 57.7124061584,
        "median": 21.4271068573,
        "min": -1.21410512924,
        "var": 7310.75976562
    },
    "spectral_rms": {
        "dmean": 0.000671491026878,
        "dmean2": 0.00104655581526,
        "dvar": 5.71054783904e-07,
        "dvar2": 1.39656333431e-06,
        "max": 0.0121457874775,
        "mean": 0.00726804696023,
        "median": 0.00770790409297,
        "min": 3.19569089073e-12,
        "var": 5.45813463759e-06
    },
    "spectral_rolloff": {
        "dmean": 98.965133667,
        "dmean2": 174.023376465,
        "dvar": 188418.828125,
        "dvar2": 428623.71875,
        "max": 19164.5507812,
        "mean": 314.451385498,
        "median": 236.865234375,
        "min": 43.06640625,
        "var": 399629.9375
    },
    "spectral_skewness": {
        "dmean": 1.19017505646,
        "dmean2": 1.82189500332,
        "dvar": 1.95207631588,
        "dvar2": 4.43815612793,
        "max": 21.0726966858,
        "mean": 4.88774251938,
        "median": 3.71087908745,
        "min": -0.00426137400791,
        "var": 13.2821512222
    },
    "spectral_spread": {
        "dmean": 1214222.125,
        "dmean2": 1768717.625,
        "dvar": 3.68546073805e+12,
        "dvar2": 7.8977129513e+12,
        "max": 40795444,
        "mean": 3185186.5,
        "median": 2120546.25,
        "min": 112806.367188,
        "var": 7.79563722342e+12
    },
    "spectral_strongpeak": {
        "dmean": 0.182877972722,
        "dmean2": 0.311337918043,
        "dvar": 0.0761662721634,
        "dvar2": 0.184666261077,
        "max": 3.7173705101,
        "mean": 0.723621547222,
        "median": 0.615002989769,
        "min": 0,
        "var": 0.273201942444
    },
    "zerocrossingrate": {
        "dmean": 0.0043391706422,
        "dmean2": 0.00569633208215,
        "dvar": 8.87799978955e-05,
        "dvar2": 0.000121170392958,
        "max": 0.517578125,
        "mean": 0.0139905149117,
        "median": 0.0087890625,
        "min": 0.00146484375,
        "var": 0.000395461305743
    },
    "barkbands": {
        "dmean": [0.000716682174243, 0.0087971072644, 0.00248392112553, 0.00152355711907, 0.00203741132282, 0.00118370167911, 0.000304538261844, 0.00048734334996, 0.000167681631865, 9.72975394689e-05, 5.59362415515e-05, 3.74308619939e-05, 3.47941131622e-05, 1.78256941581e-05, 2.60455381067e-05, 1.64165358001e-05, 2.00410522666e-05, 1.9756536858e-05, 2.16212574742e-05, 2.49978693319e-05, 3.01349591609e-05, 3.5733472032e-05, 4.89875419589e-05, 2.47651496466e-05, 3.53966388502e-05, 2.54361184489e-05, 3.01664215385e-07],
        "dmean2": [0.0011317699682, 0.0132529940456, 0.00376278324984, 0.00250094593503, 0.00319492653944, 0.00178474350832, 0.000486055272631, 0.000758533540647, 0.000267276423983, 0.000155674337293, 9.03443724383e-05, 6.07643050898e-05, 5.62589411857e-05, 2.90150019282e-05, 4.32303349953e-05, 2.64245536528e-05, 3.23553394992e-05, 3.04192344629e-05, 3.35062613885e-05, 4.01509387302e-05, 5.1333787269e-05, 5.78668878006e-05, 8.66203408805e-05, 4.12095578213e-05, 6.34082243778e-05, 4.54789005744e-05, 5.05378238813e-07],
        "dvar": [4.01936540584e-06, 0.000152904714923, 2.25261592277e-05, 9.05794331629e-06, 1.36505650516e-05, 4.00377939513e-06, 5.06299898007e-07, 1.19965591239e-06, 2.16305593881e-07, 9.12246562734e-08, 2.33371260094e-08, 5.90102100517e-09, 6.16851636437e-09, 1.74695602428e-09, 4.48142101206e-09, 1.55621104891e-09, 3.71597286275e-09, 4.33163949154e-09, 6.14476913796e-09, 9.70432800784e-09, 1.305160513e-08, 1.5348298632e-08, 1.73784258095e-08, 3.92268839633e-09, 9.42200184539e-09, 5.03185448864e-09, 6.03780263633e-13],
        "dvar2": [8.49147181725e-06, 0.000351422699168, 4.08233609051e-05, 1.94160893443e-05, 2.70835498668e-05, 7.61476758271e-06, 1.0994369859e-06, 2.73631212622e-06, 5.46482795016e-07, 2.32018692259e-07, 5.84752122279e-08, 1.46384708799e-08, 1.48196379612e-08, 4.30856550437e-09, 1.1370345554e-08, 3.67468744322e-09, 9.32504651274e-09, 1.02080983666e-08, 1.4517794078e-08, 2.50161491522e-08, 3.58751037766e-08, 3.81200848665e-08, 4.71821941517e-08, 1.02851132056e-08, 2.62651340677e-08, 1.40378020319e-08, 1.58307243182e-12],
        "max": [0.0502431616187, 0.146962165833, 0.0993554368615, 0.0570734553039, 0.0870773941278, 0.0595729388297, 0.0213643945754, 0.0192194152623, 0.012561715208, 0.0114144235849, 0.00494003435597, 0.00165375228971, 0.00159464648459, 0.00101526814979, 0.00135668960866, 0.000628040463198, 0.000783341529313, 0.000938330311328, 0.00118691357784, 0.00135243067052, 0.00158671813551, 0.00171889481135, 0.00131878745742, 0.000632450333796, 0.000880213512573, 0.000799431581981, 1.38913592309e-05],
        "mean": [0.001807942288, 0.028645131737, 0.00979670509696, 0.00472088716924, 0.00821796897799, 0.00352776120417, 0.00098383706063, 0.000908666930627, 0.000382728438126, 0.000194826323423, 9.63835627772e-05, 6.2099621573e-05, 5.38311942364e-05, 2.51278434007e-05, 3.18501552101e-05, 2.12056020246e-05, 2.28286135098e-05, 2.27991513384e-05, 2.40213757934e-05, 2.47005937126e-05, 2.97234528261e-05, 3.3401636756e-05, 3.72334761778e-05, 2.21514928853e-05, 2.66225652013e-05, 1.90220580407e-05, 3.02351452319e-07],
        "median": [0.000175166976987, 0.022375786677, 0.00458346772939, 0.00204366957769, 0.00424643233418, 0.00203826930374, 0.000474317581393, 0.000380290439352, 0.00018230554997, 8.28165357234e-05, 3.7262798287e-05, 2.84468769678e-05, 1.92502338905e-05, 8.57889972394e-06, 7.52114056013e-06, 4.25469806942e-06, 3.28628675561e-06, 1.83427073353e-06, 1.65028609445e-06, 1.09694519779e-06, 8.60276600179e-07, 6.02989189247e-07, 3.61974400676e-07, 2.17534847025e-07, 1.4383915925e-07, 7.73072841298e-08, 5.14145437336e-09],
        "min": [5.24456541795e-24, 8.49124514126e-24, 2.41822975467e-23, 1.80991702255e-23, 3.09064406177e-23, 1.6521397928e-23, 1.66143793851e-23, 2.33807659576e-23, 2.61368929215e-23, 6.60352560752e-23, 2.37104340854e-23, 3.25254198535e-23, 4.14401413059e-23, 7.88934427057e-23, 7.73022408401e-23, 1.08923237977e-22, 1.17441623089e-22, 1.2886435424e-22, 9.07663042003e-23, 2.39496757186e-22, 4.03763295586e-22, 4.25545297658e-22, 5.5073527664e-22, 6.33928219539e-22, 1.03620668957e-21, 1.61126877046e-21, 2.24684084991e-21],
        "var": [2.68351614068e-05, 0.000654546311125, 0.000172048879904, 5.48189200344e-05, 0.000145422294736, 2.36690430029e-05, 2.97779592984e-06, 2.24860127673e-06, 4.26624893635e-07, 1.81058638304e-07, 3.80329687744e-08, 9.66706537042e-09, 1.02412007763e-08, 2.43646125497e-09, 5.42373168599e-09, 2.24628449175e-09, 3.92832166796e-09, 5.16490628044e-09, 6.82385969952e-09, 8.81809469888e-09, 1.15790799171e-08, 1.46071101881e-08, 1.24585008976e-08, 3.54683349357e-09, 6.3510543491e-09, 3.3427394186e-09, 6.77936656465e-13]
    },
    "erbbands": {
        "dmean": [0.294514805079, 1.91321277618, 2.873909235, 3.92721915245, 5.51966953278, 6.10974979401, 13.6598167419, 7.53869199753, 4.62861013412, 5.36061954498, 9.47008132935, 4.49353456497, 2.36406135559, 3.04280400276, 1.94934463501, 1.41720986366, 1.5707269907, 0.939351797104, 1.05664825439, 1.2933293581, 0.920386254787, 1.14250361919, 1.08143162727, 1.09507763386, 1.23339879513, 0.998200118542, 1.28877675533, 1.15478503704, 1.24039411545, 1.33419489861, 1.13119065762, 0.86435264349, 0.43036878109, 0.434604257345, 0.198652088642, 0.161930248141, 0.0330445319414, 0.0035981356632, 7.49963437556e-05, 1.17918061733e-05],
        "dmean2": [0.445612221956, 2.85723686218, 4.427693367, 6.28005552292, 9.02251243591, 9.58907985687, 20.1277351379, 11.8808946609, 7.43006706238, 8.38282203674, 14.8673229218, 7.17706108093, 3.75983333588, 4.86566543579, 3.13487958908, 2.30017495155, 2.53390717506, 1.52594709396, 1.72349393368, 2.12528729439, 1.47845637798, 1.83670186996, 1.63668680191, 1.64652097225, 2.10381269455, 1.5519772768, 2.18445134163, 1.93675255775, 2.02909588814, 2.26153826714, 1.97572433949, 1.50463497639, 0.734466433525, 0.77452403307, 0.354174345732, 0.293442577124, 0.0580274835229, 0.00614904752001, 0.000128595493152, 1.91538238141e-05],
        "dvar": [0.245980173349, 6.92052841187, 22.1778411865, 53.7237319946, 157.832809448, 183.702041626, 679.883850098, 182.353103638, 112.095283508, 91.4097900391, 395.100341797, 160.625930786, 58.8107719421, 113.725090027, 17.5795955658, 10.2218294144, 13.7644405365, 4.27013778687, 6.87821102142, 11.7066669464, 5.1444811821, 14.7034540176, 13.4382514954, 12.8203334808, 28.045545578, 12.5193595886, 30.1836433411, 15.6841888428, 21.6169681549, 14.3983469009, 8.88046360016, 5.35331821442, 1.20998632908, 1.40686106682, 0.291439384222, 0.219172343612, 0.00749348662794, 7.84090370871e-05, 3.28349329948e-08, 1.91029636554e-10],
        "dvar2": [0.604097485542, 15.2772006989, 42.0535697937, 108.256629944, 308.671905518, 338.673187256, 1321.7154541, 400.836151123, 234.625915527, 206.358764648, 910.885742188, 413.205200195, 142.75553894, 294.894317627, 42.0859069824, 25.5001411438, 32.6372184753, 10.4751262665, 16.7760066986, 30.0733890533, 12.1314744949, 37.0434265137, 30.4977588654, 26.8710746765, 77.9562911987, 30.3532829285, 81.8009796143, 41.1807289124, 55.0188446045, 37.3102035522, 23.9108428955, 14.5347557068, 3.21912384033, 3.89097476006, 0.811076760292, 0.616189181805, 0.0205487310886, 0.000209262158023, 8.83609061475e-08, 5.14085107817e-10],
        "max": [6.15749311447, 31.3975849152, 92.5101928711, 161.677505493, 376.642303467, 343.228088379, 934.800109863, 335.460571289, 328.44430542, 160.42338562, 331.220947266, 308.725646973, 289.725463867, 466.236206055, 95.308380127, 74.0228271484, 69.5272140503, 53.0112457275, 77.9150314331, 57.5606536865, 43.1545295715, 53.672164917, 50.8662071228, 55.4065437317, 92.1534347534, 43.4914283752, 73.2999191284, 54.1907196045, 68.2237701416, 48.6970443726, 29.1970024109, 24.3482532501, 11.7555208206, 11.1295547485, 5.31923675537, 4.84700727463, 1.0244743824, 0.0993241518736, 0.00202241027728, 0.000167464299011],
        "mean": [0.862271904945, 6.28305864334, 11.8128728867, 14.6474733353, 22.3696632385, 24.5428962708, 37.1985282898, 22.5540370941, 15.1268672943, 14.1361227036, 18.317741394, 10.2453870773, 5.73010206223, 5.92203187943, 3.83436822891, 2.47946929932, 2.49096822739, 1.49940109253, 1.47847104073, 1.60809743404, 1.22507917881, 1.28592419624, 1.27337682247, 1.28377521038, 1.18034899235, 1.07053530216, 1.2134526968, 1.2018712759, 1.17709803581, 1.11958444118, 0.892633974552, 0.675312101841, 0.37398648262, 0.326647132635, 0.155804589391, 0.113391056657, 0.0267872922122, 0.00325934123248, 9.30446622078e-05, 6.80999000906e-05],
        "median": [0.510660171509, 4.90693187714, 8.12481689453, 8.36869621277, 9.92886924744, 11.0456924438, 18.6327476501, 13.6042480469, 7.85078191757, 8.60241699219, 8.77814102173, 4.96278905869, 3.07123303413, 2.41549158096, 1.731949687, 1.20831465721, 0.954674303532, 0.581492066383, 0.433925569057, 0.362814694643, 0.252078294754, 0.184921592474, 0.116576373577, 0.0955544561148, 0.0728706866503, 0.0532092005014, 0.0387356728315, 0.0305723808706, 0.0229085460305, 0.0148751605302, 0.00961089320481, 0.00596678350121, 0.00312039325945, 0.00190885248594, 0.000915650336538, 0.000422035169322, 0.000151515734615, 1.829914072e-05, 3.68732726201e-05, 6.95761409588e-05],
        "min": [2.09626545321e-22, 1.55008618277e-21, 2.17721692042e-20, 5.91422053384e-20, 8.23603056404e-20, 9.44845309855e-20, 9.00336853668e-20, 1.78811594241e-19, 2.08315562803e-19, 3.54509396314e-19, 6.82835734506e-19, 7.73582152293e-19, 2.1394799069e-18, 1.4282113898e-18, 1.45463370992e-18, 2.0963492622e-18, 2.32123506213e-18, 3.35123374343e-18, 4.72744473422e-18, 3.2311095409e-18, 5.37884367634e-18, 7.60853466008e-18, 6.5098299435e-18, 5.57358722155e-18, 8.65040007445e-18, 1.11566051293e-17, 1.50895693549e-17, 1.70826511147e-17, 1.80052867156e-17, 1.31103461791e-17, 1.67777755019e-17, 1.37685122858e-17, 9.39735988402e-18, 1.03128718055e-17, 7.75084860292e-18, 4.94323051344e-18, 3.34691503345e-18, 1.15068112735e-18, 3.1169530329e-19, 3.53375855144e-20],
        "var": [1.01466846466, 30.2060146332, 165.347183228, 361.701171875, 1671.6965332, 1614.01574707, 3791.97241211, 875.668884277, 665.903503418, 292.609558105, 759.940368652, 298.143341064, 122.792510986, 208.978317261, 36.5943984985, 16.4766464233, 22.8694190979, 6.58293914795, 9.70350265503, 14.2006902695, 7.5034828186, 14.6364164352, 16.2874660492, 17.1655731201, 21.4730453491, 13.5245923996, 24.5450687408, 16.1662826538, 19.6926059723, 12.4043340683, 6.67054748535, 3.95703220367, 1.02809047699, 0.966184973717, 0.20191347599, 0.137693628669, 0.00549758505076, 6.89334265189e-05, 2.85198549221e-08, 1.01908470551e-09]
    },
    "gfcc": {
        "mean": [-108.804084778, 173.558380127, -51.6741065979, 14.1162033081, -44.1480255127, 5.43840122223, -25.6978130341, -0.915629148483, -12.3926925659, -1.86217486858, -8.99359893799, -3.01496458054, -3.78696274757],
        "cov": [[10093.3144531, -2839.42822266, 445.537261963, 2157.51098633, -474.618011475, 820.396118164, -353.964630127, 810.986938477, -414.562988281, 350.610229492, -393.574432373, 297.49798584, -529.76373291], [-2839.42822266, 4784.10791016, 627.679016113, -1449.82995605, 999.897033691, -794.749450684, 574.333068848, -569.104797363, 502.358856201, -479.601531982, 479.877502441, -486.604614258, 335.857574463], [445.537261963, 627.679016113, 1648.48352051, 342.408905029, 314.092773438, 231.629928589, 229.267242432, 114.933059692, 129.72428894, -1.89764046669, 82.9174957275, -29.1790313721, -32.240814209], [2157.51098633, -1449.82995605, 342.408905029, 1173.59533691, -23.18699646, 410.967956543, 22.8558540344, 334.176239014, -55.9641151428, 189.696777344, -77.498008728, 138.104537964, -125.083152771], [-474.618011475, 999.897033691, 314.092773438, -23.18699646, 531.34777832, -44.8166122437, 256.996795654, -33.1869812012, 171.538146973, -75.5804672241, 148.285125732, -106.753929138, 76.7842941284], [820.396118164, -794.749450684, 231.629928589, 410.967956543, -44.8166122437, 346.252410889, 11.8679590225, 180.516082764, -46.8470840454, 99.9011154175, -71.8461685181, 86.5045089722, -78.3277053833], [-353.964630127, 574.333068848, 229.267242432, 22.8558540344, 256.996795654, 11.8679590225, 238.242996216, 8.18767261505, 119.749557495, -38.4622383118, 92.1235809326, -67.1113891602, 43.4008522034], [810.986938477, -569.104797363, 114.933059692, 334.176239014, -33.1869812012, 180.516082764, 8.18767261505, 193.826385498, -10.994310379, 94.9277954102, -42.1179466248, 62.9072494507, -65.8428192139], [-414.562988281, 502.358856201, 129.72428894, -55.9641151428, 171.538146973, -46.8470840454, 119.749557495, -10.994310379, 152.615356445, -2.2015542984, 91.6914367676, -41.2762031555, 56.7473220825], [350.610229492, -479.601531982, -1.89764046669, 189.696777344, -75.5804672241, 99.9011154175, -38.4622383118, 94.9277954102, -2.2015542984, 119.405731201, -12.2182483673, 67.2062683105, -25.928817749], [-393.574432373, 479.877502441, 82.9174957275, -77.498008728, 148.285125732, -71.8461685181, 92.1235809326, -42.1179466248, 91.6914367676, -12.2182483673, 115.058486938, -23.40558815, 64.0672073364], [297.49798584, -486.604614258, -29.1790313721, 138.104537964, -106.753929138, 86.5045089722, -67.1113891602, 62.9072494507, -41.2762031555, 67.2062683105, -23.40558815, 99.0775680542, -7.43236732483], [-529.76373291, 335.857574463, -32.240814209, -125.083152771, 76.7842941284, -78.3277053833, 43.4008522034, -65.8428192139, 56.7473220825, -25.928817749, 64.0672073364, -7.43236732483, 92.8573989868]],
        "icov": [[0.000488719844725, -0.00127429445274, 0.000418557669036, -0.0014426887501, 0.000502080947626, -0.000756028806791, 0.00137942307629, -0.00140346155968, 0.00128695869353, -0.00065523001831, 0.000975578499492, -0.00126692571212, 0.00116243306547], [-0.00127429445274, 0.00634553143755, -0.00212789978832, 0.00561756268144, -0.00261916546151, 0.00412479462102, -0.00460894266143, 0.0038381270133, -0.00536952819675, 0.00526272831485, -0.00648193340749, 0.0069822454825, -0.00309005333111], [0.000418557669036, -0.00212789978832, 0.00159890472423, -0.00200673611835, 0.000734906469006, -0.00219033658504, 0.00150353473146, -0.00112055719364, 0.00108633970376, -0.000919067766517, 0.00131908140611, -0.00247114198282, 0.00195533037186], [-0.0014426887501, 0.00561756268144, -0.00200673611835, 0.00739517109469, -0.00278882193379, 0.00292056053877, -0.0050691482611, 0.00232614483684, -0.0039772419259, 0.0029970232863, -0.00526229757816, 0.00538662681356, -0.00316642061807], [0.000502080947626, -0.00261916546151, 0.000734906469006, -0.00278882193379, 0.00653964001685, -0.0026774390135, 3.44051040884e-05, -0.00238227355294, 0.000937159173191, 0.000316720601404, -0.00135045475326, 0.000505441683345, -4.72821084259e-05], [-0.000756028806791, 0.00412479462102, -0.00219033658504, 0.00292056053877, -0.0026774390135, 0.0120665272698, -0.00714651541784, 0.00076531979721, -0.00198915530927, 0.000507522257976, 0.00202669505961, -0.00162524124607, 4.55911540485e-05], [0.00137942307629, -0.00460894266143, 0.00150353473146, -0.0050691482611, 3.44051040884e-05, -0.00714651541784, 0.0191864259541, -0.00856016948819, 0.000911396986339, 0.00204369309358, -0.00308520463295, 0.00367130781524, -0.000424306286732], [-0.00140346155968, 0.0038381270133, -0.00112055719364, 0.00232614483684, -0.00238227355294, 0.00076531979721, -0.00856016948819, 0.0237843804061, -0.0083453701809, -0.00417571282014, 0.00260982778855, -0.00421033799648, 0.00613297196105], [0.00128695869353, -0.00536952819675, 0.00108633970376, -0.0039772419259, 0.000937159173191, -0.00198915530927, 0.000911396986339, -0.0083453701809, 0.0252212490886, -0.0116700977087, -0.00120469089597, 0.00207754480653, -0.00468774605542], [-0.00065523001831, 0.00526272831485, -0.000919067766517, 0.0029970232863, 0.000316720601404, 0.000507522257976, 0.00204369309358, -0.00417571282014, -0.0116700977087, 0.0296134818345, -0.0134930852801, -0.000697949144524, 0.0018497472629], [0.000975578499492, -0.00648193340749, 0.00131908140611, -0.00526229757816, -0.00135045475326, 0.00202669505961, -0.00308520463295, 0.00260982778855, -0.00120469089597, -0.0134930852801, 0.0385407693684, -0.0164398364723, -0.00243995897472], [-0.00126692571212, 0.0069822454825, -0.00247114198282, 0.00538662681356, 0.000505441683345, -0.00162524124607, 0.00367130781524, -0.00421033799648, 0.00207754480653, -0.000697949144524, -0.0164398364723, 0.043088413775, -0.0192474182695], [0.00116243306547, -0.00309005333111, 0.00195533037186, -0.00316642061807, -4.72821084259e-05, 4.55911540485e-05, -0.000424306286732, 0.00613297196105, -0.00468774605542, 0.0018497472629, -0.00243995897472, -0.0192474182695, 0.0331398844719]]
    },
    "melbands": {
        "dmean": [0.00252692447975, 0.00168710912112, 0.00067950139055, 0.000420766737079, 0.000417592440499, 0.000173752720002, 6.79215736454e-05, 7.64937576605e-05, 6.76760682836e-05, 2.5566901968e-05, 1.16659248306e-05, 1.29547061078e-05, 7.63417756389e-06, 4.70595705337e-06, 3.06941069539e-06, 3.35176264343e-06, 1.70709165559e-06, 1.72707359525e-06, 1.8974762952e-06, 1.35660923206e-06, 1.1351712601e-06, 1.18734476473e-06, 1.10882444915e-06, 9.10232301976e-07, 9.41288988088e-07, 7.59846670917e-07, 9.87218072623e-07, 6.17199646058e-07, 8.53087612995e-07, 7.28248835458e-07, 6.39987945306e-07, 6.26091718914e-07, 8.05995739483e-07, 7.46049749978e-07, 5.00776593526e-07, 9.96955236587e-07, 3.70305201614e-07, 2.81706178384e-07, 3.3440670677e-07, 3.84798966024e-07],
        "dmean2": [0.00378961162642, 0.00259517715313, 0.00108697498217, 0.000668429012876, 0.000620749371592, 0.000271463999525, 0.000108746142359, 0.000119024647574, 0.000106700412289, 4.08216146752e-05, 1.85991048056e-05, 2.07194443647e-05, 1.23222052935e-05, 7.608236956e-06, 4.91777200295e-06, 5.44105205336e-06, 2.77682374872e-06, 2.82834957943e-06, 3.16607361128e-06, 2.18046420741e-06, 1.85102464911e-06, 1.91839490071e-06, 1.73021294358e-06, 1.40488259603e-06, 1.42840963235e-06, 1.25992312405e-06, 1.7389330651e-06, 9.51504432578e-07, 1.44046805417e-06, 1.24491123188e-06, 1.06456832327e-06, 1.00372005818e-06, 1.35233767651e-06, 1.28551698708e-06, 8.62001343194e-07, 1.79216351626e-06, 6.34358343632e-07, 4.80502535538e-07, 5.78277649765e-07, 6.95676590112e-07],
        "dvar": [1.44428704516e-05, 4.39813038611e-06, 1.39094152019e-06, 9.53022151862e-07, 5.83029304835e-07, 9.08109143438e-08, 2.54137280109e-08, 2.38881234793e-08, 1.8200161378e-08, 5.3649635845e-09, 1.46194312212e-09, 2.04558836536e-09, 3.53652218621e-10, 9.56266038576e-11, 3.82557596712e-11, 6.56139031996e-11, 1.60426706641e-11, 1.86468653018e-11, 2.75666607596e-11, 1.04611102766e-11, 8.210645705e-12, 1.46263955808e-11, 1.35389919761e-11, 8.9015288196e-12, 9.69050534261e-12, 8.31897224718e-12, 2.1018787405e-11, 4.18923749856e-12, 1.32927852753e-11, 8.97527278193e-12, 3.97484649362e-12, 5.2898349763e-12, 8.36567620732e-12, 4.08965049326e-12, 1.68946367313e-12, 7.77653982875e-12, 9.67944582993e-13, 5.25319425546e-13, 7.71923703343e-13, 1.15499396072e-12],
        "dvar2": [3.36909870384e-05, 9.95890331978e-06, 2.88640103463e-06, 1.73858359176e-06, 1.17455954296e-06, 1.9293814546e-07, 5.33847810402e-08, 5.40683906536e-08, 4.23191721666e-08, 1.37238389541e-08, 3.54291973537e-09, 5.29006038974e-09, 8.3698531439e-10, 2.34123803677e-10, 9.31747595745e-11, 1.60794669246e-10, 3.93368532192e-11, 4.59835156064e-11, 7.20297363421e-11, 2.52755247288e-11, 1.96379908862e-11, 3.69814907863e-11, 3.19166984508e-11, 2.08516259814e-11, 2.01750161716e-11, 2.22386015852e-11, 5.98308902422e-11, 9.34418167842e-12, 3.56471865914e-11, 2.47396009928e-11, 1.0168435538e-11, 1.2790817884e-11, 2.19895768261e-11, 1.08150459074e-11, 4.51027583337e-12, 2.1489405741e-11, 2.60505896368e-12, 1.40568448808e-12, 2.06143869336e-12, 3.22013531291e-12],
        "max": [0.0440683662891, 0.0338003709912, 0.0223604086787, 0.0210617091507, 0.0258626658469, 0.0075722867623, 0.00498298602179, 0.00266957981512, 0.00216942327097, 0.00201826542616, 0.00144140981138, 0.00200816313736, 0.00047063047532, 0.000226179210586, 0.00012302750838, 0.000218842149479, 0.000121354663861, 0.000114229726023, 7.98487089924e-05, 5.33867278136e-05, 5.40169348824e-05, 5.76488309889e-05, 4.82244577142e-05, 4.35059228039e-05, 4.84285883431e-05, 4.41721713287e-05, 7.98691035016e-05, 2.87204275082e-05, 4.70318518637e-05, 4.28826715506e-05, 2.62487537839e-05, 3.38725294569e-05, 4.29173524026e-05, 2.41063808062e-05, 1.58145812748e-05, 3.05471694446e-05, 9.45952251641e-06, 8.56888891576e-06, 9.22135131987e-06, 1.05478575279e-05],
        "mean": [0.00807768106461, 0.00704476330429, 0.00272293179296, 0.00181075732689, 0.00120121845976, 0.000526148127392, 0.000220052621444, 0.000173461739905, 0.000134623682243, 5.74872246943e-05, 2.69646970992e-05, 2.45550290856e-05, 1.40316296893e-05, 7.85339398135e-06, 5.12408996656e-06, 5.0279613788e-06, 2.51245342042e-06, 2.34377239394e-06, 2.23364145313e-06, 1.73614989762e-06, 1.41211842219e-06, 1.31960598537e-06, 1.23132531371e-06, 1.06068159766e-06, 1.06582001536e-06, 7.93333242655e-07, 8.54070378864e-07, 6.85140207679e-07, 7.84189694514e-07, 6.99081226685e-07, 6.86669807237e-07, 6.28460441021e-07, 6.87366082275e-07, 6.06391893143e-07, 4.18562422055e-07, 7.04325827883e-07, 3.06550049345e-07, 2.47194492431e-07, 2.75759646229e-07, 2.78612077409e-07],
        "median": [0.00577776040882, 0.00642473390326, 0.00173951883335, 0.000719043833669, 0.000649632653221, 0.000322805484757, 0.000112756890303, 9.37098011491e-05, 6.60203077132e-05, 2.59596745309e-05, 1.39518706419e-05, 9.6899439086e-06, 5.55883525521e-06, 3.59783825843e-06, 2.36734786085e-06, 1.77341189556e-06, 8.81227094851e-07, 6.57779992252e-07, 5.16611009971e-07, 3.74151454707e-07, 2.58371358086e-07, 1.92323852843e-07, 1.23993515899e-07, 8.14982996644e-08, 7.27863351813e-08, 5.76411949282e-08, 4.09715319449e-08, 3.17841077901e-08, 2.4658486808e-08, 1.91202982336e-08, 1.61323150394e-08, 1.28324399995e-08, 1.01385433382e-08, 7.163627469e-09, 5.51875745103e-09, 4.63586857791e-09, 3.04119351924e-09, 2.12476303219e-09, 1.87653714789e-09, 1.47950063312e-09],
        "min": [2.54851494522e-24, 8.41552317183e-24, 1.08185346952e-23, 6.56958668146e-24, 3.39734742304e-24, 3.72442611485e-24, 3.28686390339e-24, 3.95382213293e-24, 5.51526895403e-24, 4.56403523097e-24, 1.07817785102e-23, 5.23191800549e-24, 3.23703826532e-24, 4.30758207271e-24, 8.40200130705e-24, 4.38442343576e-24, 5.86898235102e-24, 7.2679995563e-24, 4.24182302208e-24, 7.74608791905e-24, 5.70797820685e-24, 8.24694044094e-24, 5.46335204571e-24, 5.7565511338e-24, 4.38949462809e-24, 3.31857808393e-24, 6.21967204416e-24, 6.50076172292e-24, 8.45763887783e-24, 9.78485475238e-24, 9.04476438376e-24, 1.00587015047e-23, 7.28907397538e-24, 7.59537130994e-24, 9.91470914599e-24, 5.77934487522e-24, 8.2300580287e-24, 5.85922019732e-24, 7.28680442256e-24, 7.77081949729e-24],
        "var": [6.29288042546e-05, 2.77949111478e-05, 1.00629331428e-05, 9.58529744821e-06, 3.13105329042e-06, 4.62261965595e-07, 1.50423019818e-07, 5.24652641332e-08, 3.66825325671e-08, 1.02248174372e-08, 3.05604008766e-09, 3.83112208624e-09, 6.49298781408e-10, 1.5753684468e-10, 6.44811704031e-11, 9.91100049252e-11, 2.27704816808e-11, 2.57736141457e-11, 3.02018340892e-11, 1.46075460755e-11, 1.11380201936e-11, 1.46591020572e-11, 1.50147047573e-11, 1.09880429408e-11, 1.26483146873e-11, 7.48411055351e-12, 1.42916017562e-11, 5.20632105136e-12, 1.07542872177e-11, 7.52235253254e-12, 4.61089630019e-12, 5.36617581967e-12, 6.89291592554e-12, 3.31974400226e-12, 1.35652264161e-12, 5.1509851072e-12, 7.66074974724e-13, 4.43861852654e-13, 6.24934891162e-13, 7.54698983429e-13]
    },
    "mfcc": {
        "mean": [-769.839660645, 204.523483276, 51.1313743591, 22.3796005249, 10.2395324707, 9.47288513184, 0.877048015594, 3.15777921677, 2.19629645348, 1.33025991917, 0.783049702644, 0.915418744087, 0.116842240095],
        "cov": [[8740.43652344, -2761.2980957, 130.594543457, 1145.73425293, 206.439682007, 130.852966309, 120.28037262, 340.846984863, 40.6456642151, 106.344955444, 129.856567383, 85.638885498, 99.5722503662], [-2761.2980957, 4425.57177734, 249.651428223, -291.787902832, 135.113952637, -37.2764015198, 40.0908927917, -68.774307251, 3.90973973274, 6.55085945129, -7.68395328522, 2.02896618843, 35.1799354553], [130.594543457, 249.651428223, 1215.09643555, 273.960327148, 199.908462524, 194.399032593, 132.583877563, 146.891525269, 75.1589126587, 71.3742675781, 88.0569839478, 66.7791061401, 63.0294151306], [1145.73425293, -291.787902832, 273.960327148, 667.024169922, 228.870803833, 166.476394653, 172.929275513, 159.623352051, 98.5617141724, 109.639907837, 104.555671692, 92.7848510742, 72.9257125854], [206.439682007, 135.113952637, 199.908462524, 228.870803833, 227.26260376, 121.122390747, 100.279716492, 92.444694519, 62.4214439392, 63.1032447815, 52.7546272278, 48.7823638916, 47.9438438416], [130.852966309, -37.2764015198, 194.399032593, 166.476394653, 121.122390747, 160.215713501, 108.30090332, 86.7200164795, 62.7621078491, 54.072467804, 50.7003936768, 38.7830505371, 30.9930229187], [120.28037262, 40.0908927917, 132.583877563, 172.929275513, 100.279716492, 108.30090332, 144.439788818, 98.3769073486, 57.6243896484, 58.3573570251, 46.2081832886, 38.0506744385, 27.5631752014], [340.846984863, -68.774307251, 146.891525269, 159.623352051, 92.444694519, 86.7200164795, 98.3769073486, 126.019790649, 64.7487869263, 51.0856399536, 46.7651824951, 33.5767593384, 30.6786899567], [40.6456642151, 3.90973973274, 75.1589126587, 98.5617141724, 62.4214439392, 62.7621078491, 57.6243896484, 64.7487869263, 81.6893692017, 53.6005554199, 38.0380210876, 33.126083374, 24.33801651], [106.344955444, 6.55085945129, 71.3742675781, 109.639907837, 63.1032447815, 54.072467804, 58.3573570251, 51.0856399536, 53.6005554199, 80.4458389282, 50.7001152039, 35.7926712036, 28.006652832], [129.856567383, -7.68395328522, 88.0569839478, 104.555671692, 52.7546272278, 50.7003936768, 46.2081832886, 46.7651824951, 38.0380210876, 50.7001152039, 72.9210586548, 42.0753746033, 23.7815055847], [85.638885498, 2.02896618843, 66.7791061401, 92.7848510742, 48.7823638916, 38.7830505371, 38.0506744385, 33.5767593384, 33.126083374, 35.7926712036, 42.0753746033, 61.8621330261, 35.6183738708], [99.5722503662, 35.1799354553, 63.0294151306, 72.9257125854, 47.9438438416, 30.9930229187, 27.5631752014, 30.6786899567, 24.33801651, 28.006652832, 23.7815055847, 35.6183738708, 58.1203842163]],
