{
"lowlevel": {
    "average_loudness": 0.746967375278,
    "barkbands_crest": {
        "dmean": 2.63559055328,
        "dmean2": 4.01530218124,
        "dvar": 7.84876728058,
        "dvar2": 17.8549060822,
        "max": 26.7821025848,
        "mean": 12.3370733261,
        "median": 11.2594604492,
        "min": 2.40837740898,
        "var": 29.279958725
    },
    "barkbands_flatness_db": {
        "dmean": 0.034117821604,
        "dmean2": 0.0474837198853,
        "dvar": 0.00174991518725,
        "dvar2": 0.00332884560339,
        "max": 0.793231129646,
        "mean": 0.171221196651,
        "median": 0.151398748159,
        "min": 0.0201048981398,
        "var": 0.0107378121465
    },
    "barkbands_kurtosis": {
        "dmean": 13.547293663,
        "dmean2": 21.9140892029,
        "dvar": 15040.5429688,
        "dvar2": 39526.796875,
        "max": 4337.67529297,
        "mean": 16.7560939789,
        "median": 4.81152105331,
        "min": -1.92298126221,
        "var": 13210.1083984
    },
    "barkbands_skewness": {
        "dmean": 0.92449092865,
        "dmean2": 1.38997662067,
        "dvar": 3.29424500465,
        "dvar2": 8.13562202454,
        "max": 51.4899253845,
        "mean": 2.41434788704,
        "median": 2.00752425194,
        "min": -3.6368727684,
        "var": 6.38491153717
    },
    "barkbands_spread": {
        "dmean": 10.4482965469,
        "dmean2": 16.1865558624,
        "dvar": 259.633056641,
        "dvar2": 613.333862305,
        "max": 133.898605347,
        "mean": 23.6713104248,
        "median": 14.7869272232,
        "min": 0.0148783419281,
        "var": 538.856201172
    },
    "dissonance": {
        "dmean": 0.0218454170972,
        "dmean2": 0.0364085063338,
        "dvar": 0.00101802451536,
        "dvar2": 0.00265385117382,
        "max": 0.5,
        "mean": 0.449487894773,
        "median": 0.468781977892,
        "min": 0.0264091715217,
        "var": 0.00375388213433
    },
    "dynamic_complexity": 3.96467137337,
    "erbbands_crest": {
        "dmean": 2.31977558136,
        "dmean2": 3.69311904907,
        "dvar": 6.36148643494,
        "dvar2": 14.8826589584,
        "max": 32.9128417969,
        "mean": 9.0027551651,
        "median": 7.46542978287,
        "min": 1.94480121136,
        "var": 28.2233181
    },
    "erbbands_flatness_db": {
        "dmean": 0.023216785863,
        "dmean2": 0.0322290062904,
        "dvar": 0.00100326549727,
        "dvar2": 0.00162685511168,
        "max": 0.613479852676,
        "mean": 0.150629028678,
        "median": 0.113944657147,
        "min": 0.0380843691528,
        "var": 0.00929717440158
    },
    "erbbands_kurtosis": {
        "dmean": 1.50996255875,
        "dmean2": 2.41326165199,
        "dvar": 46.0558013916,
        "dvar2": 96.053565979,
        "max": 267.782073975,
        "mean": 1.49683940411,
        "median": -0.141658067703,
        "min": -1.78110790253,
        "var": 76.281578064
    },
    "erbbands_skewness": {
        "dmean": 0.399186372757,
        "dmean2": 0.615409076214,
        "dvar": 0.341449946165,
        "dvar2": 0.775344610214,
        "max": 13.6203126907,
        "mean": 0.468337953091,
        "median": 0.394167780876,
        "min": -4.3858833313,
        "var": 1.17794203758
    },
    "erbbands_spread": {
        "dmean": 11.8249101639,
        "dmean2": 17.4112892151,
        "dvar": 221.564071655,
        "dvar2": 458.20916748,
        "max": 177.340286255,
        "mean": 47.376033783,
        "median": 43.8977928162,
        "min": 0.631399512291,
        "var": 759.076782227
    },
    "hfc": {
        "dmean": 16.1974887848,
        "dmean2": 26.0414924622,
        "dvar": 920.570495605,
        "dvar2": 2350.97314453,
        "max": 417.090667725,
        "mean": 28.8985500336,
        "median": 15.25532341,
        "min": 1.08774091732e-16,
        "var": 1309.36047363
    },
    "melbands_crest": {
        "dmean": 3.20885515213,
        "dmean2": 5.04430103302,
        "dvar": 11.5226602554,
        "dvar2": 27.222650528,
        "max": 39.9982948303,
        "mean": 17.3408985138,
        "median": 16.0456943512,
        "min": 1.57733809948,
        "var": 47.1748352051
    },
    "melbands_flatness_db": {
        "dmean": 0.0387008152902,
        "dmean2": 0.0540131740272,
        "dvar": 0.00229681376368,
        "dvar2": 0.00442690495402,
        "max": 0.97680670023,
        "mean": 0.255284190178,
        "median": 0.243292167783,
        "min": 0.00317657738924,
        "var": 0.0136746093631
    },
    "melbands_kurtosis": {
        "dmean": 85.6644744873,
        "dmean2": 128.815246582,
        "dvar": 7594355.5,
        "dvar2": 14811626,
        "max": 216706.359375,
        "mean": 90.2976074219,
        "median": 14.3295288086,
        "min": -1.87322974205,
        "var": 8511848
    },
    "melbands_skewness": {
        "dmean": 1.200116992,
        "dmean2": 1.79193091393,
        "dvar": 30.3094120026,
        "dvar2": 50.6238365173,
        "max": 398.8487854,
        "mean": 3.9549703598,
        "median": 3.17774319649,
        "min": -2.73907446861,
        "var": 48.2057113647
    },
    "melbands_spread": {
        "dmean": 7.21835041046,
        "dmean2": 11.4362535477,
        "dvar": 185.651123047,
        "dvar2": 430.952423096,
        "max": 251.39263916,
        "mean": 18.7781028748,
        "median": 11.2327718735,
        "min": 0.00230180541985,
        "var": 501.993164062
    },
    "pitch_salience": {
        "dmean": 0.0800399184227,
        "dmean2": 0.122208364308,
        "dvar": 0.00769797200337,
        "dvar2": 0.0169283673167,
        "max": 0.953282177448,
        "mean": 0.493849039078,
        "median": 0.520546913147,
        "min": 0.00136442505755,
        "var": 0.0248315557837
    },
    "silence_rate_20dB": {
        "dmean": 0,
        "dmean2": 0,
        "dvar": 0,
        "dvar2": 0,
        "max": 1,
        "mean": 1,
        "median": 1,
        "min": 1,
        "var": 0
    },
    "silence_rate_30dB": {
        "dmean": 0.0559862181544,
        "dmean2": 0.111984491348,
        "dvar": 0.0528544560075,
        "dvar2": 0.116020374,
        "max": 1,
        "mean": 0.919259309769,
        "median": 1,
        "min": 0,
        "var": 0.0742268785834
    },
    "silence_rate_60dB": {
        "dmean": 0.0105512486771,
        "dmean2": 0.0211047697812,
        "dvar": 0.0104397172108,
        "dvar2": 0.0234578009695,
        "max": 1,
        "mean": 0.129830986261,
        "median": 0,
        "min": 0,
        "var": 0.112966485322
    },
    "spectral_centroid": {
        "dmean": 290.14932251,
        "dmean2": 452.6690979,
        "dvar": 176660.46875,
        "dvar2": 402857.0625,
        "max": 11547.7285156,
        "mean": 1201.86035156,
        "median": 927.198974609,
        "min": 55.773059845,
        "var": 1102514.25
    },
    "spectral_complexity": {
        "dmean": 3.717700243,
        "dmean2": 5.96597385406,
        "dvar": 28.7722892761,
        "dvar2": 66.3955764771,
        "max": 58,
        "mean": 16.8085899353,
        "median": 15,
        "min": 0,
        "var": 132.881439209
    },
    "spectral_decrease": {
        "dmean": 3.53123974506e-09,
        "dmean2": 5.47837286646e-09,
        "dvar": 3.15228737626e-17,
        "dvar2": 7.90534989405e-17,
        "max": 1.32999413615e-28,
        "mean": -1.05371604775e-08,
        "median": -8.21845258514e-09,
        "min": -6.28575094197e-08,
        "var": 9.66267062087e-17
    },
    "spectral_energy": {
        "dmean": 0.0136531740427,
        "dmean2": 0.0212015844882,
        "dvar": 0.000450431078207,
        "dvar2": 0.0011383498786,
        "max": 0.239304631948,
        "mean": 0.0423907153308,
        "median": 0.0348818004131,
        "min": 1.00426245258e-20,
        "var": 0.00142550945748
    },
    "spectral_energyband_high": {
        "dmean": 0.00134281127248,
        "dmean2": 0.00207145512104,
        "dvar": 6.93143374519e-06,
        "dvar2": 1.66797835846e-05,
        "max": 0.0504780337214,
        "mean": 0.00199368735775,
        "median": 0.000366618245607,
        "min": 7.0912586405e-21,
        "var": 1.26292716232e-05
    },
    "spectral_energyband_low": {
        "dmean": 0.0106409341097,
        "dmean2": 0.0155367460102,
        "dvar": 0.000433201988926,
        "dvar2": 0.00100062508136,
        "max": 0.235197469592,
        "mean": 0.0252659805119,
        "median": 0.0120936511084,
        "min": 1.45991000964e-23,
        "var": 0.00125690060668
    },
    "spectral_energyband_middle_high": {
        "dmean": 0.00150953815319,
        "dmean2": 0.00251528574154,
        "dvar": 1.40815973282e-05,
        "dvar2": 3.76377611246e-05,
        "max": 0.0881370157003,
        "mean": 0.00352121330798,
        "median": 0.00202995142899,
        "min": 1.17143294827e-21,
        "var": 2.67437735602e-05
    },
    "spectral_energyband_middle_low": {
        "dmean": 0.0063890889287,
        "dmean2": 0.0106305368245,
        "dvar": 0.000162497235578,
        "dvar2": 0.0004161001998,
        "max": 0.133360922337,
        "mean": 0.0131893930957,
        "median": 0.00893803499639,
        "min": 1.88497959893e-22,
        "var": 0.000225713782129
    },
    "spectral_entropy": {
        "dmean": 0.270820885897,
        "dmean2": 0.384363859892,
        "dvar": 0.116578936577,
        "dvar2": 0.20479811728,
        "max": 9.82034683228,
        "mean": 7.37867450714,
        "median": 7.53325843811,
        "min": 2.79338169098,
        "var": 0.831653237343
    },
    "spectral_flux": {
        "dmean": 0.0334574244916,
        "dmean2": 0.0530994571745,
        "dvar": 0.00187615049072,
        "dvar2": 0.00450744433329,
        "max": 0.453164160252,
        "mean": 0.0891310796142,
        "median": 0.0682566314936,
        "min": 6.27877055903e-11,
        "var": 0.00541484169662
    },
    "spectral_kurtosis": {
        "dmean": 5.88673496246,
        "dmean2": 9.67165374756,
        "dvar": 542.060913086,
        "dvar2": 1506.4284668,
        "max": 890.544372559,
        "mean": 12.2480649948,
        "median": 3.90260505676,
        "min": -1.23999643326,
        "var": 1338.0291748
    },
    "spectral_rms": {
        "dmean": 0.000917446101084,
        "dmean2": 0.00140225037467,
        "dvar": 1.48852245729e-06,
        "dvar2": 3.47039645021e-06,
        "max": 0.0152796572074,
        "mean": 0.00566371018067,
        "median": 0.00583361182362,
        "min": 3.13012506539e-12,
        "var": 9.27907240111e-06
    },
    "spectral_rolloff": {
        "dmean": 1062.25256348,
        "dmean2": 1871.72021484,
        "dvar": 5964400,
        "dvar2": 15359690,
        "max": 19487.5488281,
        "mean": 1705.78308105,
        "median": 559.86328125,
        "min": 21.533203125,
        "var": 8235067.5
    },
    "spectral_skewness": {
        "dmean": 0.431292235851,
        "dmean2": 0.667997956276,
        "dvar": 0.726289212704,
        "dvar2": 1.74561440945,
        "max": 23.5580177307,
        "mean": 2.07730603218,
        "median": 1.62665820122,
        "min": -0.0731963813305,
        "var": 3.33929276466
    },
    "spectral_spread": {
        "dmean": 1066156.5,
        "dmean2": 1464115.25,
        "dvar": 2.1594954793e+12,
        "dvar2": 4.06885892096e+12,
        "max": 42340256,
        "mean": 5544416.5,
        "median": 5243040.5,
        "min": 106474.34375,
        "var": 1.28703916933e+13
    },
    "spectral_strongpeak": {
        "dmean": 0.38081663847,
        "dmean2": 0.644895136356,
        "dvar": 1.14415109158,
        "dvar2": 2.88022375107,
        "max": 17.8908843994,
        "mean": 0.717235445976,
        "median": 0.41786262393,
        "min": 0,
        "var": 1.56285476685
    },
    "zerocrossingrate": {
        "dmean": 0.0202665627003,
        "dmean2": 0.0243435036391,
        "dvar": 0.000713838089723,
        "dvar2": 0.0010519833304,
        "max": 0.77392578125,
        "mean": 0.0674036294222,
        "median": 0.04443359375,
        "min": 0,
        "var": 0.0045331530273
    },
    "barkbands": {
        "dmean": [0.000729027728084, 0.00836361665279, 0.00442016124725, 0.00265232590027, 0.00336469849572, 0.000672087830026, 0.000414337438997, 0.000548720767256, 0.000490294769406, 0.000265879032668, 0.000189449492609, 0.000417240516981, 0.000239134038566, 0.000274273159448, 0.000142459073686, 0.000196987864911, 0.000187766941963, 0.00012737326324, 0.000127248247736, 0.000149910818436, 0.000142059638165, 0.000166061043274, 0.000209525373066, 0.000165609861142, 0.000147986356751, 0.000631720817182, 1.20449285532e-05],
        "dmean2": [0.00118996400852, 0.0119391111657, 0.00705559691414, 0.00461517553777, 0.00560606922954, 0.00103374943137, 0.000605843611993, 0.000821199384518, 0.000729578314349, 0.000420811382355, 0.000298604863929, 0.000676028837916, 0.000410924723838, 0.000452361797215, 0.000233750484767, 0.000340365688317, 0.000325887289364, 0.000210161189898, 0.000212734914385, 0.000249287637416, 0.000220437214011, 0.000239521017647, 0.000302323227515, 0.000246087205596, 0.000223197726882, 0.00109665573109, 1.91954786715e-05],
        "dvar": [2.65476978711e-06, 0.000350224145222, 0.000124249578221, 5.53838508495e-05, 7.68388417782e-05, 1.57997305905e-06, 1.16510193493e-06, 4.90482898385e-06, 5.46858791495e-06, 8.37641039197e-07, 1.10239966489e-06, 2.86589420284e-06, 1.48631659158e-06, 2.11726342059e-06, 9.41033775348e-08, 4.41916427008e-07, 2.53951156992e-07, 1.3083180761e-07, 1.0228415448e-07, 9.21009046806e-08, 7.31079907723e-08, 1.70324369719e-07, 2.36567288425e-07, 1.49112807435e-07, 8.23949619644e-08, 2.51443748311e-06, 5.77162317938e-10],
        "dvar2": [6.86265866534e-06, 0.000755825487431, 0.000303677894408, 0.000154491644935, 0.000192869163584, 3.3546218674e-06, 1.95769712263e-06, 9.6196663435e-06, 1.00331590147e-05, 1.82010739991e-06, 2.38461279878e-06, 8.66518803377e-06, 3.80573351322e-06, 5.43093619854e-06, 2.26842303164e-07, 1.21697473787e-06, 7.07779236109e-07, 3.55962271215e-07, 2.80269887298e-07, 2.46550314387e-07, 1.70386257992e-07, 3.4267137039e-07, 4.62808799284e-07, 3.42373397189e-07, 1.942082406e-07, 6.84334736434e-06, 1.42254319435e-09],
        "max": [0.0305579733104, 0.227673470974, 0.116545319557, 0.0860140174627, 0.126841142774, 0.0529206246138, 0.0570704564452, 0.12277520448, 0.0921560823917, 0.0361397005618, 0.0776979550719, 0.059571556747, 0.0417385883629, 0.0616932101548, 0.00848384387791, 0.0291812773794, 0.0131013449281, 0.0153127778322, 0.00538879306987, 0.00630739144981, 0.00610237475485, 0.0107685811818, 0.00912724435329, 0.0131491655484, 0.00919829774648, 0.0150391990319, 0.000594994635321],
        "mean": [0.00134867383167, 0.0167015716434, 0.00567805208266, 0.0031826174818, 0.0052919825539, 0.00154385971837, 0.000927136745304, 0.00107752019539, 0.00109422346577, 0.000490968115628, 0.000323819636833, 0.000694054877385, 0.000315036042593, 0.000392662914237, 0.000250182580203, 0.000259205786278, 0.000265343987849, 0.00021824198484, 0.000200096779736, 0.000256042752881, 0.000258146465058, 0.000289525924018, 0.000371057743905, 0.000265445938567, 0.000205928503419, 0.00047620528494, 1.31378510559e-05],
        "median": [0.000308372953441, 0.00578460143879, 0.0017125592567, 0.000957078998908, 0.00231042900123, 0.000818275962956, 0.000379884324502, 0.000387975014746, 0.000285248592263, 0.000196299297386, 0.000116562732728, 0.000216443499085, 0.000117583753308, 0.000128426923766, 9.05176566448e-05, 9.09042137209e-05, 7.21476244507e-05, 7.80122572905e-05, 6.49260255159e-05, 7.48699530959e-05, 6.83101534378e-05, 5.31295918336e-05, 4.06964099966e-05, 2.98622380797e-05, 2.59428124991e-05, 3.20687940984e-05, 2.80464405478e-06],
        "min": [1.66351516705e-24, 1.00853618479e-24, 7.35753901613e-25, 1.76199399866e-24, 5.28457880965e-24, 1.44332689124e-23, 7.18603138622e-24, 8.43054623891e-24, 1.09940625575e-23, 9.82964075255e-24, 1.21305318652e-23, 3.14321059705e-23, 4.32070351169e-23, 4.70688121705e-23, 5.25782609088e-23, 6.29762049461e-23, 1.10501250088e-22, 7.31765487929e-23, 1.11692909682e-22, 2.09618303302e-22, 2.33330364019e-22, 3.12142087046e-22, 4.16579420153e-22, 6.16759980912e-22, 8.45374547061e-22, 1.41308671623e-21, 2.08218949885e-21],
        "var": [5.64886613574e-06, 0.000861947890371, 0.000137300245115, 4.47679085482e-05, 9.82162819128e-05, 5.43005216969e-06, 4.11895689467e-06, 9.68622043729e-06, 1.87280056707e-05, 1.73710054696e-06, 2.11496103475e-06, 4.10988423027e-06, 1.73351986632e-06, 2.45866772275e-06, 2.24799052262e-07, 4.45242960723e-07, 3.28717248976e-07, 2.72002949941e-07, 1.37320284921e-07, 1.9312020072e-07, 2.05481171633e-07, 4.16498465938e-07, 7.48072693568e-07, 3.59693217433e-07, 1.57384462796e-07, 1.7365767917e-06, 6.05976935297e-10]
    },
    "erbbands": {
        "dmean": [0.286203473806, 1.84011268616, 4.7271771431, 6.7448964119, 11.253361702, 12.4075555801, 7.7360200882, 5.3310251236, 5.53512620926, 7.16065835953, 13.2965126038, 8.51230049133, 9.33731174469, 7.61411142349, 8.54975891113, 14.2806758881, 10.3670883179, 13.3905000687, 8.8770980835, 8.29573631287, 11.8602876663, 9.7816696167, 6.86919784546, 7.18090391159, 6.11599874496, 7.06784057617, 5.71586704254, 5.38374233246, 6.31825494766, 7.14502906799, 4.94497394562, 4.3489689827, 2.32044792175, 1.58754265308, 1.30536079407, 2.79913210869, 1.21157193184, 0.10993732512, 0.00221995753236, 9.43208433455e-05],
        "dmean2": [0.398444712162, 2.78156781197, 7.1415719986, 11.4047060013, 18.7043781281, 20.898935318, 12.0166187286, 8.10746479034, 8.15110111237, 10.8386354446, 19.8333282471, 13.0903053284, 14.02485466, 11.7817878723, 13.7932872772, 23.3222846985, 17.5487194061, 22.1446704865, 14.4903659821, 14.0596475601, 20.3926734924, 16.7289199829, 11.5101919174, 12.2110481262, 9.96519851685, 11.816617012, 9.16993236542, 8.15193557739, 8.92283916473, 10.0800294876, 7.39725065231, 6.30765914917, 3.62152147293, 2.40233850479, 2.03371167183, 4.86696386337, 2.1611199379, 0.17902380228, 0.00357993785292, 0.00015777288354],
        "dvar": [0.518398702145, 19.0836048126, 138.422851562, 337.936248779, 704.945129395, 1677.8001709, 201.983856201, 122.205856323, 178.66317749, 460.372802734, 3204.2265625, 1232.85095215, 1363.38098145, 1579.57995605, 1005.12756348, 2810.8918457, 2013.67163086, 6766.32958984, 1424.21337891, 400.561828613, 1746.40466309, 677.450927734, 350.231201172, 402.324829102, 167.940811157, 214.796737671, 124.856765747, 117.16884613, 260.002868652, 342.799530029, 120.127990723, 123.948249817, 21.9855232239, 10.7965641022, 6.29766798019, 48.6117782593, 10.3411054611, 0.0629736334085, 2.40713270614e-05, 4.25853166064e-08],
        "dvar2": [1.04935383797, 43.3165397644, 307.4425354, 916.65637207, 1832.64135742, 4468.51220703, 500.625457764, 252.7862854, 346.351165771, 822.136291504, 6254.20751953, 2523.16577148, 2480.44335938, 3376.04077148, 2818.89208984, 8519.27050781, 5438.59765625, 17068.1660156, 3431.82885742, 1041.28808594, 4832.40039062, 1837.56005859, 971.537414551, 1109.87744141, 433.320648193, 576.891113281, 310.001739502, 254.84677124, 494.097076416, 622.647277832, 256.024078369, 263.113006592, 55.4981155396, 25.4936561584, 15.4059944153, 131.343597412, 28.7526550293, 0.167049244046, 6.29808419035e-05, 1.14508338811e-07],
        "max": [9.84746360779, 55.0552139282, 154.023895264, 210.818878174, 292.419708252, 750.372009277, 341.30078125, 627.152038574, 499.551635742, 1285.55810547, 2330.46557617, 1303.68151855, 1980.47485352, 2997.80834961, 935.163879395, 1765.94165039, 1952.6126709, 3450.06005859, 2350.93945312, 540.508728027, 1969.96411133, 876.910095215, 718.258422852, 340.292816162, 313.051086426, 335.903961182, 272.774536133, 311.45324707, 412.75579834, 325.751983643, 312.19354248, 389.112060547, 141.679580688, 125.143562317, 49.1369667053, 71.0109100342, 31.5320777893, 2.78937721252, 0.0540596470237, 0.00216544000432],
        "mean": [0.587815523148, 3.29382300377, 6.81107378006, 9.05517864227, 15.0437660217, 16.7337055206, 16.188949585, 12.2312135696, 13.1325759888, 14.641201973, 28.342458725, 18.7663421631, 20.2025642395, 15.9285879135, 14.6468286514, 24.6670589447, 15.95844841, 19.7729854584, 15.1385850906, 13.166932106, 16.0109901428, 15.1652708054, 11.6843509674, 11.3021650314, 11.3624629974, 11.7755346298, 10.1765880585, 10.0354909897, 10.8983535767, 12.7476863861, 8.650806427, 6.78436088562, 3.68490076065, 2.33785295486, 1.57283055782, 2.13105607033, 0.86947208643, 0.101284168661, 0.00212900550105, 0.00012479320867],
        "median": [0.156639814377, 1.15345811844, 2.34063529968, 3.59966421127, 5.06006813049, 6.91116094589, 8.37546634674, 6.13651180267, 6.28152608871, 6.94906234741, 9.58737754822, 6.61541080475, 7.176841259, 7.03145027161, 6.82628726959, 7.88538503647, 6.45065641403, 6.46152591705, 6.69295883179, 5.39212608337, 5.48712873459, 4.74818134308, 4.37819290161, 3.95772624016, 3.74590706825, 3.38463830948, 2.81613397598, 2.46651625633, 1.89988851547, 1.49294447899, 1.10799956322, 0.684753298759, 0.474673449993, 0.293045073748, 0.181418702006, 0.111537046731, 0.0596610307693, 0.0168068557978, 0.000398170057451, 6.93607289577e-05],
        "min": [7.67791629511e-23, 4.06531705114e-22, 2.46190316436e-21, 6.69126430775e-21, 1.08062140132e-20, 1.58572139014e-20, 4.65197555394e-20, 1.00205880789e-19, 1.35617838241e-19, 2.42685511791e-19, 2.18011256955e-19, 3.24506004533e-19, 5.6108576018e-19, 6.64246711395e-19, 1.23049702543e-18, 1.59912344797e-18, 2.23008244696e-18, 2.29311981349e-18, 2.26781718573e-18, 3.97792852297e-18, 4.83038736145e-18, 7.04241638475e-18, 4.85640839557e-18, 5.18489381094e-18, 7.2746225263e-18, 7.7618658215e-18, 1.01504532378e-17, 1.055274922e-17, 1.05093578066e-17, 1.13366376809e-17, 1.27846934437e-17, 1.14457767181e-17, 8.69722263302e-18, 8.47908766087e-18, 6.48512908964e-18, 3.89304448928e-18, 2.53348836654e-18, 9.9232422332e-19, 2.71004117609e-19, 2.84760964839e-20],
        "var": [1.30484676361, 35.9436759949, 182.475982666, 304.729766846, 829.307983398, 1513.08300781, 492.12612915, 460.375762939, 611.716247559, 1339.7019043, 7301.52978516, 3610.8371582, 5670.57324219, 3423.58398438, 1429.30297852, 4318.72900391, 2543.17285156, 9314.39160156, 1537.00695801, 656.446716309, 1793.48083496, 1084.40856934, 672.171630859, 508.679412842, 379.069854736, 413.316467285, 300.264251709, 361.513519287, 645.885070801, 1034.71630859, 330.658538818, 280.093780518, 57.1304092407, 23.0938034058, 8.63656234741, 34.0849647522, 6.65923500061, 0.0508977137506, 2.03874533327e-05, 3.564920803e-08]
    },
    "gfcc": {
        "mean": [-42.716796875, 90.5505065918, -90.8806686401, 24.9528160095, -47.9752082825, 10.7865686417, -31.5713386536, 4.56720352173, -22.5593662262, 5.17841386795, -17.6680755615, 3.18425941467, -13.7491407394],
        "cov": [[39530.6328125, -3296.33032227, 876.601867676, 2955.45214844, -653.543823242, 1734.94006348, -855.730712891, 1101.39306641, -1099.71691895, 601.929931641, -1111.18127441, 771.844543457, -637.910095215], [-3296.33032227, 4517.95849609, -926.401794434, -752.463562012, 226.002502441, -898.85345459, 340.166748047, -661.094055176, 414.760162354, -497.205474854, 412.887969971, -434.592956543, 305.917694092], [876.601867676, -926.401794434, 1375.16027832, 392.513793945, 143.010314941, 430.102050781, -63.2869644165, 294.80960083, -131.740600586, 178.621170044, -165.592498779, 140.602584839, -111.358772278], [2955.45214844, -752.463562012, 392.513793945, 910.992126465, 93.2245330811, 380.352813721, -22.601682663, 154.037567139, -94.6395950317, 57.3459091187, -111.942565918, 72.9832077026, -50.2645187378], [-653.543823242, 226.002502441, 143.010314941, 93.2245330811, 525.333129883, 133.320755005, 168.619644165, 62.028968811, 86.1773147583, 35.9774703979, 53.3098526001, 13.8298177719, 27.2703399658], [1734.94006348, -898.85345459, 430.102050781, 380.352813721, 133.320755005, 528.969177246, 52.670665741, 240.490127563, -72.431350708, 134.239105225, -96.5476760864, 116.311332703, -64.868057251], [-855.730712891, 340.166748047, -63.2869644165, -22.601682663, 168.619644165, 52.670665741, 284.493927002, 42.3118743896, 125.916923523, -6.74079084396, 86.3793945312, -22.5952110291, 60.0382614136], [1101.39306641, -661.094055176, 294.80960083, 154.037567139, 62.028968811, 240.490127563, 42.3118743896, 280.08972168, -1.0341373682, 145.523895264, -61.1592521667, 103.133399963, -50.6034965515], [-1099.71691895, 414.760162354, -131.740600586, -94.6395950317, 86.1773147583, -72.431350708, 125.916923523, -1.0341373682, 188.879089355, 11.6987419128, 102.278198242, -36.4915657043, 59.1129684448], [601.929931641, -497.205474854, 178.621170044, 57.3459091187, 35.9774703979, 134.239105225, -6.74079084396, 145.523895264, 11.6987419128, 183.849060059, -1.7441328764, 96.4235229492, -34.4252243042], [-1111.18127441, 412.887969971, -165.592498779, -111.942565918, 53.3098526001, -96.5476760864, 86.3793945312, -61.1592521667, 102.278198242, -1.7441328764, 159.613769531, -7.90624427795, 69.0590591431], [771.844543457, -434.592956543, 140.602584839, 72.9832077026, 13.8298177719, 116.311332703, -22.5952110291, 103.133399963, -36.4915657043, 96.4235229492, -7.90624427795, 135.651245117, 1.59651088715], [-637.910095215, 305.917694092, -111.358772278, -50.2645187378, 27.2703399658, -64.868057251, 60.0382614136, -50.6034965515, 59.1129684448, -34.4252243042, 69.0590591431, 1.59651088715, 107.749389648]],
        "icov": [[8.23058362585e-05, -0.000200299356948, 0.000176869725692, -0.00024781387765, 0.00014226543135, -0.000156103706104, 0.000118254123663, -0.000280991749605, 0.000324933149386, -0.000319669401506, 0.000451749685453, -0.000469112186693, 0.000232325794059], [-0.000200299356948, 0.00122666789684, -0.000585690140724, 0.000719383649994, -0.000645137275569, 0.000892531883437, -0.000586533453315, 0.0012509530643, -0.00139655219391, 0.00169025873765, -0.00169847614598, 0.00187647109851, -0.000956352858339], [0.000176869725692, -0.000585690140724, 0.00157774356194, -0.00066893507028, 5.35744220542e-05, -0.000788423290942, 0.000611628696788, -0.00131897022948, 0.00121833221056, -0.00123309844639, 0.00148133840412, -0.00109927519225, 0.000584578549024], [-0.00024781387765, 0.000719383649994, -0.00066893507028, 0.00243125576526, -0.000606124522164, -0.000663285667542, 2.02740175155e-05, 0.000856628175825, -0.00103577843402, 0.00156817806419, -0.00122170534451, 0.0016310038045, -0.00109353754669], [0.00014226543135, -0.000645137275569, 5.35744220542e-05, -0.000606124522164, 0.00300603103824, -0.00097870558966, -0.000919529004022, -0.000210718906601, 3.68579858332e-05, -0.000962869031355, 0.000678037118632, -0.00134118890855, 0.000767366960645], [-0.000156103706104, 0.000892531883437, -0.000788423290942, -0.000663285667542, -0.00097870558966, 0.00578067218885, -0.00231953687035, -0.000735117413569, 0.000660018878989, 0.000161458272487, -0.000266312999884, 0.000285399204586, -5.14965795446e-05], [0.000118254123663, -0.000586533453315, 0.000611628696788, 2.02740175155e-05, -0.000919529004022, -0.00231953687035, 0.00801149290055, -0.00343750673346, -0.00174769456498, 0.0014445213601, -0.00184872746468, 0.00124841090292, -0.00164845993277], [-0.000280991749605, 0.0012509530643, -0.00131897022948, 0.000856628175825, -0.000210718906601, -0.000735117413569, -0.00343750673346, 0.0128929046914, -0.00522577762604, -0.00224344851449, 0.00289574288763, -0.0028730512131, 0.00173923268449], [0.000324933149386, -0.00139655219391, 0.00121833221056, -0.00103577843402, 3.68579858332e-05, 0.000660018878989, -0.00174769456498, -0.00522577762604, 0.0157726481557, -0.00619729375467, -0.00274582742713, 0.00461147865281, -0.00336927291937], [-0.000319669401506, 0.00169025873765, -0.00123309844639, 0.00156817806419, -0.000962869031355, 0.000161458272487, 0.0014445213601, -0.00224344851449, -0.00619729375467, 0.0172033831477, -0.0057642897591, -0.00470314361155, 0.00390852522105], [0.000451749685453, -0.00169847614598, 0.00148133840412, -0.00122170534451, 0.000678037118632, -0.000266312999884, -0.00184872746468, 0.00289574288763, -0.00274582742713, -0.0057642897591, 0.0181501060724, -0.00680785765871, -0.00135127082467], [-0.000469112186693, 0.00187647109851, -0.00109927519225, 0.0016310038045, -0.00134118890855, 0.000285399204586, 0.00124841090292, -0.0028730512131, 0.00461147865281, -0.00470314361155, -0.00680785765871, 0.0229037832469, -0.0100223971531], [0.000232325794059, -0.000956352858339, 0.000584578549024, -0.00109353754669, 0.000767366960645, -5.14965795446e-05, -0.00164845993277, 0.00173923268449, -0.00336927291937, 0.00390852522105, -0.00135127082467, -0.0100223971531, 0.019087376073]]
    },
    "melbands": {
        "dmean": [0.00238078623079, 0.00226398208179, 0.00128253502771, 0.000839823798742, 0.000320806459058, 0.00011804834503, 8.23262380436e-05, 8.94371332834e-05, 0.000108591098979, 5.74655314267e-05, 4.90051643283e-05, 3.31974515575e-05, 2.63024812739e-05, 4.22906268795e-05, 3.60690501111e-05, 2.52026111411e-05, 2.50572302321e-05, 1.64491266332e-05, 1.18775678857e-05, 1.2200744095e-05, 1.51826952788e-05, 1.23156059999e-05, 5.71013060835e-06, 7.13404097041e-06, 6.17793330093e-06, 4.60961337012e-06, 5.7827605815e-06, 4.59262082586e-06, 3.61421939488e-06, 4.07216202802e-06, 2.95774430015e-06, 3.57398926099e-06, 3.66172366739e-06, 4.91282344228e-06, 2.92498270937e-06, 2.86885688183e-06, 2.64200593847e-06, 1.72068826032e-06, 1.50224434492e-06, 1.34475283176e-06],
        "dmean2": [0.00327952741645, 0.0033190662507, 0.00214383052662, 0.00141839007847, 0.000511602091137, 0.000179074180778, 0.000121395889437, 0.000135185255203, 0.000163380405866, 8.68581846589e-05, 7.37118534744e-05, 5.15021347383e-05, 4.21699405706e-05, 6.85910781613e-05, 5.89013652643e-05, 4.20265459979e-05, 4.16623806814e-05, 2.68244584731e-05, 1.94344829652e-05, 2.11781079997e-05, 2.61368313659e-05, 2.11233145819e-05, 9.7102338259e-06, 1.1757858374e-05, 1.06072066046e-05, 7.58216219765e-06, 9.5071245596e-06, 7.71315444581e-06, 5.83908331464e-06, 6.43007251711e-06, 4.56472980659e-06, 5.08564016855e-06, 5.51963375983e-06, 6.88713134878e-06, 4.36299706053e-06, 4.46529475084e-06, 3.88528223993e-06, 2.79065307041e-06, 2.27970394917e-06, 2.09211566471e-06],
        "dvar": [2.92893109872e-05, 2.77619710687e-05, 1.02181074908e-05, 5.09331630383e-06, 4.8214343451e-07, 5.42903251244e-08, 3.68839678799e-08, 9.42563715967e-08, 2.59211788034e-07, 5.92005520161e-08, 3.62455985226e-08, 2.38135218211e-08, 1.01957073895e-08, 4.1105774784e-08, 2.77281859695e-08, 2.15766124967e-08, 2.07221457771e-08, 7.50540340988e-09, 7.95992272096e-10, 1.15527076794e-09, 2.7929241142e-09, 1.12982856404e-09, 2.16294440691e-10, 5.89070403567e-10, 3.31461053049e-10, 9.61583174197e-11, 1.602238342e-10, 9.69519187155e-11, 5.49232152813e-11, 6.53354037539e-11, 3.6520723945e-11, 6.87594634008e-11, 1.2155691731e-10, 1.81399201216e-10, 3.73015923705e-11, 5.28821327006e-11, 4.66109234543e-11, 1.36166685566e-11, 8.50764944604e-12, 8.7996884085e-12],
        "dvar2": [6.01531464781e-05, 6.05533532507e-05, 2.76176033367e-05, 1.29720438053e-05, 1.25318854316e-06, 1.12935275354e-07, 6.91052051138e-08, 1.7922035056e-07, 5.05390460148e-07, 1.1558014279e-07, 6.60175558664e-08, 5.07362081237e-08, 2.52502108111e-08, 1.2288255391e-07, 7.74924515667e-08, 5.17758351748e-08, 5.28640562436e-08, 1.80098105318e-08, 1.80971604369e-09, 3.14550274716e-09, 7.76677921976e-09, 3.0993312361e-09, 5.68879054974e-10, 1.52150358979e-09, 9.2779750549e-10, 2.5373844692e-10, 4.21686491281e-10, 2.62520560845e-10, 1.38650160797e-10, 1.59836380242e-10, 8.11425718283e-11, 1.2840160879e-10, 2.61585059169e-10, 3.39622274748e-10, 8.03221308909e-11, 1.17328799454e-10, 1.02747706177e-10, 3.8003159647e-11, 1.92629592832e-11, 2.20824660641e-11],
        "max": [0.0745305120945, 0.0687729641795, 0.0353442654014, 0.0298526026309, 0.0137517275289, 0.012710666284, 0.00906854681671, 0.0155971720815, 0.0231185089797, 0.0107870465145, 0.0099863987416, 0.0110907647759, 0.00520222494379, 0.00862476974726, 0.00610231189057, 0.00514910649508, 0.00585435424, 0.00553753646091, 0.000924354942981, 0.00079212844139, 0.0024233518634, 0.00119163980708, 0.000567538663745, 0.00117727625184, 0.00032185742748, 0.000239731409238, 0.000295705569442, 0.00023786953534, 0.000245034199907, 0.000162963217008, 0.000183733194717, 0.000148222883581, 0.000362297083484, 0.000274371443084, 0.000145290207001, 0.000252386496868, 0.000226492848014, 9.91832494037e-05, 9.5267809229e-05, 0.000125311504235],
        "mean": [0.00489996746182, 0.00389114557765, 0.00176057475619, 0.00118236651178, 0.000601307547186, 0.000277458399069, 0.000194731925149, 0.000176427434781, 0.000232670718106, 0.000123413265101, 0.00010354265396, 6.72254827805e-05, 4.47367710876e-05, 6.61838348606e-05, 5.78032086196e-05, 3.52685929101e-05, 3.56526870746e-05, 2.50472930929e-05, 2.02400151466e-05, 1.61763346114e-05, 1.87681616808e-05, 1.75394561666e-05, 9.06586046767e-06, 1.14917256724e-05, 8.78933951753e-06, 7.70631413616e-06, 9.38731045608e-06, 7.20005209587e-06, 6.10854067418e-06, 6.49579578749e-06, 5.32364856554e-06, 5.95883375354e-06, 5.8764185269e-06, 8.28548945719e-06, 5.07044569531e-06, 4.18099443777e-06, 4.02093110097e-06, 2.56022849499e-06, 2.28287672144e-06, 1.83413840205e-06],
        "median": [0.00155952619389, 0.00148656452075, 0.000754540320486, 0.000435026624473, 0.000317069614539, 0.000148254039232, 9.62448684731e-05, 7.51620173105e-05, 7.06283535692e-05, 3.69966364815e-05, 3.48812791344e-05, 2.83459557977e-05, 1.89771835721e-05, 2.24185059778e-05, 1.28928113554e-05, 1.16257797345e-05, 1.10672572191e-05, 9.88992633211e-06, 6.847010809e-06, 6.15848603047e-06, 5.2210098147e-06, 4.66350138595e-06, 3.41678423865e-06, 3.63065146303e-06, 2.81618918052e-06, 2.63825700131e-06, 2.49724962487e-06, 1.91795470528e-06, 1.70905002506e-06, 1.44863474816e-06, 1.27864097976e-06, 1.08255801479e-06, 8.60030752392e-07, 7.48695754282e-07, 6.50798483548e-07, 4.7691725058e-07, 3.79355100222e-07, 3.36312666604e-07, 2.59459852714e-07, 2.27985708534e-07],
        "min": [8.42564780711e-25, 1.51899200352e-24, 1.82701605599e-24, 1.26384411423e-24, 1.37083140235e-24, 2.4201680648e-24, 1.88950863082e-24, 2.37191344323e-24, 1.48481618252e-24, 1.79282820486e-24, 2.73586369097e-24, 1.88939661258e-24, 2.249117777e-24, 3.18651921852e-24, 4.614243861e-24, 3.18054951362e-24, 3.8219391835e-24, 3.54060061912e-24, 4.16701376471e-24, 6.0796287231e-24, 5.27281847127e-24, 6.30308382969e-24, 4.98780460394e-24, 2.77732779787e-24, 2.83587212387e-24, 4.40226391957e-24, 5.16415919246e-24, 4.98577880913e-24, 4.73871270121e-24, 5.07889516152e-24, 5.44253440085e-24, 4.84060079244e-24, 5.70893982829e-24, 6.33709044003e-24, 6.8182242003e-24, 5.46210998421e-24, 7.50629708083e-24, 5.40782373216e-24, 4.19200921693e-24, 6.72193504935e-24],
        "var": [7.85555675975e-05, 4.57716341771e-05, 9.35888783715e-06, 6.076212685e-06, 7.28278223505e-07, 2.01472261097e-07, 1.32054893243e-07, 2.13227778545e-07, 6.27403551334e-07, 2.00031294639e-07, 1.49106526237e-07, 5.34561337417e-08, 1.78936616635e-08, 4.99713763702e-08, 4.20635792864e-08, 3.16519823684e-08, 2.72450897398e-08, 7.38493399766e-09, 1.96625316029e-09, 1.21539334152e-09, 2.76503642205e-09, 1.69031599828e-09, 3.25602211859e-10, 1.13651221767e-09, 3.45242556765e-10, 1.78657519334e-10, 3.15719200783e-10, 1.70213509953e-10, 1.17026555113e-10, 1.49754028622e-10, 1.0649091331e-10, 1.82916473634e-10, 2.21253682042e-10, 5.19419840472e-10, 1.07580930275e-10, 1.01015640297e-10, 1.01490052473e-10, 2.89145443699e-11, 2.23421489642e-11, 1.51774044721e-11]
    },
    "mfcc": {
        "mean": [-681.399475098, 122.105003357, 16.7313613892, 22.3271007538, 5.38653516769, 9.35709571838, 1.21365046501, 2.41124534607, -0.764601409435, 1.46130442619, -0.620005965233, -0.163177147508, -0.599212527275],
        "cov": [[19441.8085938, -1374.25024414, 464.796203613, 1244.21582031, 598.061645508, 876.438659668, 559.507995605, 735.092529297, 412.019805908, 333.04208374, 16.4483127594, 3.25868010521, -12.6834154129], [-1374.25024414, 3208.22973633, -392.147186279, -42.4728469849, -115.046012878, -146.007354736, -67.6773300171, -90.3958206177, -29.2503356934, -70.0131607056, -25.3636302948, -32.8336982727, -57.4640884399], [464.796203613, -392.147186279, 933.698669434, 106.825363159, 140.384140015, 90.0228118896, 40.2611274719, 42.5334129333, 29.0061073303, 38.3453826904, -7.38377809525, -18.4685993195, 5.11623191833], [1244.21582031, -42.4728469849, 106.825363159, 463.108795166, 159.823516846, 161.093948364, 98.0954208374, 94.6486358643, 73.5758285522, 50.3990249634, 13.3074932098, 0.643810749054, 7.53063154221], [598.061645508, -115.046012878, 140.384140015, 159.823516846, 344.138580322, 166.455337524, 125.274642944, 85.1439361572, 79.1758346558, 54.9437599182, 32.0572319031, 18.3012866974, 21.4760665894], [876.438659668, -146.007354736, 90.0228118896, 161.093948364, 166.455337524, 259.841369629, 144.582687378, 108.746238708, 76.4076461792, 56.5175704956, 32.0786514282, 18.9836101532, 20.1585540771], [559.507995605, -67.6773300171, 40.2611274719, 98.0954208374, 125.274642944, 144.582687378, 188.490539551, 116.838798523, 75.9942550659, 55.6077079773, 38.0009384155, 25.6622867584, 23.6826343536], [735.092529297, -90.3958206177, 42.5334129333, 94.6486358643, 85.1439361572, 108.746238708, 116.838798523, 158.642425537, 94.1110458374, 58.1517601013, 36.5845870972, 23.5388851166, 21.4879207611], [412.019805908, -29.2503356934, 29.0061073303, 73.5758285522, 79.1758346558, 76.4076461792, 75.9942550659, 94.1110458374, 129.07875061, 72.9823684692, 45.61693573, 29.4466114044, 19.9433670044], [333.04208374, -70.0131607056, 38.3453826904, 50.3990249634, 54.9437599182, 56.5175704956, 55.6077079773, 58.1517601013, 72.9823684692, 106.010871887, 66.7384414673, 30.7165489197, 18.6971874237], [16.4483127594, -25.3636302948, -7.38377809525, 13.3074932098, 32.0572319031, 32.0786514282, 38.0009384155, 36.5845870972, 45.61693573, 66.7384414673, 108.723709106, 62.7863235474, 32.4805831909], [3.25868010521, -32.8336982727, -18.4685993195, 0.643810749054, 18.3012866974, 18.9836101532, 25.6622867584, 23.5388851166, 29.4466114044, 30.7165489197, 62.7863235474, 96.5461578369, 56.8085517883], [-12.6834154129, -57.4640884399, 5.11623191833, 7.53063154221, 21.4760665894, 20.1585540771, 23.6826343536, 21.4879207611, 19.9433670044, 18.6971874237, 32.4805831909, 56.8085517883, 96.8982925415]],
