{
"lowlevel": {
    "average_loudness": 0.489728212357,
    "barkbands_crest": {
        "dmean": 2.30730843544,
        "dmean2": 3.55852007866,
        "dvar": 6.83445167542,
        "dvar2": 15.6745624542,
        "max": 26.7592449188,
        "mean": 16.076883316,
        "median": 14.9129524231,
        "min": 3.66750049591,
        "var": 37.3015174866
    },
    "barkbands_flatness_db": {
        "dmean": 0.0548367910087,
        "dmean2": 0.0779386460781,
        "dvar": 0.00255755335093,
        "dvar2": 0.00532129360363,
        "max": 0.838287651539,
        "mean": 0.412999272346,
        "median": 0.406743109226,
        "min": 0.0617021583021,
        "var": 0.0180654954165
    },
    "barkbands_kurtosis": {
        "dmean": 40.4410858154,
        "dmean2": 66.4418258667,
        "dvar": 17841.1992188,
        "dvar2": 46759.0625,
        "max": 2813.68237305,
        "mean": 64.1217803955,
        "median": 9.71924591064,
        "min": -1.90813362598,
        "var": 35220.4140625
    },
    "barkbands_skewness": {
        "dmean": 1.51630306244,
        "dmean2": 2.38128566742,
        "dvar": 5.94968080521,
        "dvar2": 14.8523712158,
        "max": 40.6027946472,
        "mean": 3.60453534126,
        "median": 2.18401050568,
        "min": -9.97821712494,
        "var": 21.635761261
    },
    "barkbands_spread": {
        "dmean": 1.79935979843,
        "dmean2": 2.82100081444,
        "dvar": 26.2674560547,
        "dvar2": 70.1256484985,
        "max": 102.434158325,
        "mean": 3.27787685394,
        "median": 2.03595280647,
        "min": 0.0310219451785,
        "var": 25.440656662
    },
    "dissonance": {
        "dmean": 0.0551516599953,
        "dmean2": 0.0904193744063,
        "dvar": 0.00303758541122,
        "dvar2": 0.00810625869781,
        "max": 0.500000119209,
        "mean": 0.367526680231,
        "median": 0.386919379234,
        "min": 0.0233172923326,
        "var": 0.00760958250612
    },
    "dynamic_complexity": 5.18579673767,
    "erbbands_crest": {
        "dmean": 2.93283104897,
        "dmean2": 4.44697904587,
        "dvar": 7.50419902802,
        "dvar2": 17.1203689575,
        "max": 31.7104225159,
        "mean": 13.0797691345,
        "median": 12.2117013931,
        "min": 2.65496087074,
        "var": 27.4167003632
    },
    "erbbands_flatness_db": {
        "dmean": 0.0409815423191,
        "dmean2": 0.0582246147096,
        "dvar": 0.00139666523319,
        "dvar2": 0.00293307937682,
        "max": 0.637338995934,
        "mean": 0.306479811668,
        "median": 0.303469121456,
        "min": 0.0382141396403,
        "var": 0.01406689547
    },
    "erbbands_kurtosis": {
        "dmean": 5.32212972641,
        "dmean2": 8.34136009216,
        "dvar": 94.3725662231,
        "dvar2": 240.577346802,
        "max": 224.458770752,
        "mean": 7.15412807465,
        "median": 2.92411470413,
        "min": -1.89293813705,
        "var": 158.220321655
    },
    "erbbands_skewness": {
        "dmean": 0.735595226288,
        "dmean2": 1.12708032131,
        "dvar": 0.706971585751,
        "dvar2": 1.77749192715,
        "max": 9.83077144623,
        "mean": 1.49873578548,
        "median": 1.21327805519,
        "min": -3.53424906731,
        "var": 1.85550260544
    },
    "erbbands_spread": {
        "dmean": 9.72561836243,
        "dmean2": 15.6213760376,
        "dvar": 339.455383301,
        "dvar2": 921.937683105,
        "max": 195.07711792,
        "mean": 17.9491729736,
        "median": 11.0056266785,
        "min": 0.255570054054,
        "var": 468.323669434
    },
    "hfc": {
        "dmean": 4.70296621323,
        "dmean2": 7.74781036377,
        "dvar": 78.0157546997,
        "dvar2": 212.373565674,
        "max": 138.258972168,
        "mean": 10.5884723663,
        "median": 8.42044067383,
        "min": 1.14356065324e-16,
        "var": 115.971969604
    },
    "melbands_crest": {
        "dmean": 2.88002490997,
        "dmean2": 4.4691619873,
        "dvar": 9.72139835358,
        "dvar2": 23.0832157135,
        "max": 34.804561615,
        "mean": 20.3820171356,
        "median": 19.1300888062,
        "min": 1.65197730064,
        "var": 50.0285148621
    },
    "melbands_flatness_db": {
        "dmean": 0.0617036484182,
        "dmean2": 0.0863519757986,
        "dvar": 0.00328602688387,
        "dvar2": 0.00676666479558,
        "max": 1,
        "mean": 0.544461131096,
        "median": 0.539019942284,
        "min": 0.00447845691815,
        "var": 0.0240247324109
    },
    "melbands_kurtosis": {
        "dmean": 36.1982841492,
        "dmean2": 62.0823440552,
        "dvar": 13388.0253906,
        "dvar2": 38461.875,
        "max": 1740.42810059,
        "mean": 44.8409347534,
        "median": 11.3042697906,
        "min": -1.6643191576,
        "var": 14021.8408203
    },
    "melbands_skewness": {
        "dmean": 1.26198244095,
        "dmean2": 2.02309155464,
        "dvar": 4.41747808456,
        "dvar2": 12.1789331436,
        "max": 29.0006523132,
        "mean": 3.12447023392,
        "median": 2.33480596542,
        "min": -3.39099001884,
        "var": 8.78989887238
    },
    "melbands_spread": {
        "dmean": 1.30227017403,
        "dmean2": 1.90435671806,
        "dvar": 16.0298519135,
        "dvar2": 43.3244438171,
        "max": 170.607025146,
        "mean": 3.14878630638,
        "median": 2.14016008377,
        "min": 0.147702485323,
        "var": 20.4783821106
    },
    "pitch_salience": {
        "dmean": 0.0766468271613,
        "dmean2": 0.118150182068,
        "dvar": 0.00708431983367,
        "dvar2": 0.0161473676562,
        "max": 0.940198719501,
        "mean": 0.439290553331,
        "median": 0.472194701433,
        "min": 0.0226407460868,
        "var": 0.0355938076973
    },
    "silence_rate_20dB": {
        "dmean": 0.0222501698881,
        "dmean2": 0.0445046424866,
        "dvar": 0.0217543914914,
        "dvar2": 0.0502638556063,
        "max": 1,
        "mean": 0.956084370613,
        "median": 1,
        "min": 0,
        "var": 0.041983243078
    },
    "silence_rate_30dB": {
        "dmean": 0.0398568250239,
        "dmean2": 0.0797213613987,
        "dvar": 0.0382671318948,
        "dvar2": 0.0900031402707,
        "max": 1,
        "mean": 0.765912175179,
        "median": 1,
        "min": 0,
        "var": 0.179299995303
    },
    "silence_rate_60dB": {
        "dmean": 0.025345845148,
        "dmean2": 0.050696592778,
        "dvar": 0.024702006951,
        "dvar2": 0.0550869256258,
        "max": 1,
        "mean": 0.117624297738,
        "median": 0,
        "min": 0,
        "var": 0.103794753551
    },
    "spectral_centroid": {
        "dmean": 74.6773757935,
        "dmean2": 106.850379944,
        "dvar": 35558.828125,
        "dvar2": 75117.03125,
        "max": 10938.4082031,
        "mean": 311.001678467,
        "median": 266.158813477,
        "min": 62.8900375366,
        "var": 72315.21875
    },
    "spectral_complexity": {
        "dmean": 1.93054080009,
        "dmean2": 2.80746912956,
        "dvar": 8.99010658264,
        "dvar2": 19.4860477448,
        "max": 52,
        "mean": 7.15186691284,
        "median": 6,
        "min": 0,
        "var": 27.6155414581
    },
    "spectral_decrease": {
        "dmean": 5.97754734599e-09,
        "dmean2": 9.55319023888e-09,
        "dvar": 9.47982333908e-17,
        "dvar2": 2.32298309328e-16,
        "max": 2.00520858945e-21,
        "mean": -2.0455750871e-08,
        "median": -9.27774390647e-09,
        "min": -1.46747694885e-07,
        "var": 6.96459817748e-16
    },
    "spectral_energy": {
        "dmean": 0.0229203812778,
        "dmean2": 0.0366567000747,
        "dvar": 0.00138760160189,
        "dvar2": 0.00341255217791,
        "max": 0.556824266911,
        "mean": 0.0781650543213,
        "median": 0.0358342640102,
        "min": 1.04742148961e-20,
        "var": 0.0100512225181
    },
    "spectral_energyband_high": {
        "dmean": 0.000140316027682,
        "dmean2": 0.000247691059485,
        "dvar": 3.50200622279e-07,
        "dvar2": 9.19591741422e-07,
        "max": 0.0138568310067,
        "mean": 0.000101519603049,
        "median": 6.62669833673e-07,
        "min": 7.92145555423e-21,
        "var": 2.720594523e-07
    },
    "spectral_energyband_low": {
        "dmean": 0.0163955781609,
        "dmean2": 0.0257147923112,
        "dvar": 0.00111869734246,
        "dvar2": 0.00252770353109,
        "max": 0.555397093296,
        "mean": 0.0597451888025,
        "median": 0.0135587193072,
        "min": 6.72940445771e-23,
        "var": 0.00993255153298
    },
    "spectral_energyband_middle_high": {
        "dmean": 0.000496926368214,
        "dmean2": 0.000736071087886,
        "dvar": 1.63947458987e-06,
        "dvar2": 4.05901027989e-06,
        "max": 0.0231687482446,
        "mean": 0.000681237142999,
        "median": 7.41251569707e-05,
        "min": 1.41804737652e-21,
        "var": 2.20984384214e-06
    },
    "spectral_energyband_middle_low": {
        "dmean": 0.00999121367931,
        "dmean2": 0.0159449782223,
        "dvar": 0.000335901568178,
        "dvar2": 0.00088691432029,
        "max": 0.200308978558,
        "mean": 0.0195494033396,
        "median": 0.0136162415147,
        "min": 2.679686279e-22,
        "var": 0.000513461302035
    },
    "spectral_entropy": {
        "dmean": 0.414334625006,
        "dmean2": 0.577178478241,
        "dvar": 0.166522264481,
        "dvar2": 0.382330775261,
        "max": 9.813996315,
        "mean": 5.61010122299,
        "median": 5.53578472137,
        "min": 2.82156324387,
        "var": 1.03005433083
    },
    "spectral_flux": {
        "dmean": 0.0406706891954,
        "dmean2": 0.0638462752104,
        "dvar": 0.00329647865146,
        "dvar2": 0.00747610256076,
        "max": 0.627115666866,
        "mean": 0.0798794925213,
        "median": 0.0581203699112,
        "min": 6.8283649568e-11,
        "var": 0.0053369696252
    },
    "spectral_kurtosis": {
        "dmean": 69.0920410156,
        "dmean2": 110.704925537,
        "dvar": 20754.8828125,
        "dvar2": 59829.8007812,
        "max": 3066.16625977,
        "mean": 122.720314026,
        "median": 51.924446106,
        "min": -1.1886818409,
        "var": 36363.2226562
    },
    "spectral_rms": {
        "dmean": 0.00124412239529,
        "dmean2": 0.00192530732602,
        "dvar": 2.79626669908e-06,
        "dvar2": 6.7660039349e-06,
        "max": 0.0233075786382,
        "mean": 0.0071521801874,
        "median": 0.00591271976009,
        "min": 3.19667729787e-12,
        "var": 2.51049132203e-05
    },
    "spectral_rolloff": {
        "dmean": 81.2683486938,
        "dmean2": 141.186096191,
        "dvar": 214370.21875,
        "dvar2": 600933.125,
        "max": 18238.6230469,
        "mean": 279.742462158,
        "median": 258.3984375,
        "min": 21.533203125,
        "var": 216154.484375
    },
    "spectral_skewness": {
        "dmean": 2.27064156532,
        "dmean2": 3.45294547081,
        "dvar": 6.72165155411,
        "dvar2": 16.7998523712,
        "max": 47.5049362183,
        "mean": 7.38302850723,
        "median": 5.67887163162,
        "min": 0.00121391634457,
        "var": 31.8225421906
    },
    "spectral_spread": {
        "dmean": 1316049.5,
        "dmean2": 2132478.75,
        "dvar": 3.42474489856e+12,
        "dvar2": 8.77448082227e+12,
        "max": 41190264,
        "mean": 2650051.75,
        "median": 1517827.5,
        "min": 45384.9492188,
        "var": 7.73007448474e+12
    },
    "spectral_strongpeak": {
        "dmean": 0.244602307677,
        "dmean2": 0.394106894732,
        "dvar": 0.136244669557,
        "dvar2": 0.328175157309,
        "max": 5.41915559769,
        "mean": 0.703291833401,
        "median": 0.574325740337,
        "min": 0,
        "var": 0.334822356701
    },
    "zerocrossingrate": {
        "dmean": 0.00361371575855,
        "dmean2": 0.0046944161877,
        "dvar": 5.44143767911e-05,
        "dvar2": 7.48004677007e-05,
        "max": 0.57861328125,
        "mean": 0.0131243178621,
        "median": 0.0107421875,
        "min": 0.00146484375,
        "var": 0.00026993881329
    },
    "barkbands": {
        "dmean": [0.00106067257002, 0.0136139336973, 0.0029299785383, 0.00272396765649, 0.00485551543534, 0.00309116882272, 0.00048321322538, 0.000462298397906, 0.000320169812767, 0.000139987372677, 0.000108881671622, 0.000107524436316, 8.16397732706e-05, 4.42179989477e-05, 4.0893057303e-05, 2.8465559808e-05, 1.93046435015e-05, 1.54036424647e-05, 1.14741815196e-05, 1.2136371879e-05, 1.67566431628e-05, 2.24447285291e-05, 2.731868517e-05, 2.1648926122e-05, 2.89394411084e-05, 1.72363215825e-05, 6.0963532178e-07],
        "dmean2": [0.00185608980246, 0.0210688170046, 0.00466211372986, 0.00426894193515, 0.00776411453262, 0.00491666933522, 0.000787829572801, 0.000720477255527, 0.000487552606501, 0.000208769459277, 0.000171800988028, 0.000164839133504, 0.000126661136164, 7.02460311004e-05, 6.47115521133e-05, 4.52785934613e-05, 3.0698673072e-05, 2.52741738223e-05, 1.7926136934e-05, 1.96403052541e-05, 2.78840307146e-05, 3.87435684388e-05, 4.93909210491e-05, 3.92587971874e-05, 5.32534868398e-05, 3.10494251607e-05, 1.13292662718e-06],
        "dvar": [8.19910474092e-06, 0.000966872321442, 5.76337697566e-05, 3.79153716494e-05, 0.00010381557513, 4.49536128144e-05, 1.51702079165e-06, 1.42505848544e-06, 8.59701003719e-07, 1.50519440467e-07, 1.47071759216e-07, 1.70002749655e-07, 5.82881227729e-08, 2.42695570307e-08, 1.91091178436e-08, 1.14581659716e-08, 5.1197837081e-09, 4.93201479657e-09, 2.78730016845e-09, 6.92805723901e-09, 1.39932314625e-08, 1.43074299075e-08, 9.74222480465e-09, 7.77063746682e-09, 1.09264641779e-08, 4.36379776758e-09, 9.06931647837e-12],
        "dvar2": [2.4018692784e-05, 0.00202549248934, 0.000142722565215, 9.40948957577e-05, 0.00027333246544, 0.000113709575089, 4.00727685701e-06, 3.46448905475e-06, 2.09839140553e-06, 3.45067434182e-07, 3.74327640884e-07, 3.93306095248e-07, 1.42399699143e-07, 6.27599021641e-08, 4.95964513902e-08, 2.86126660143e-08, 1.28344819217e-08, 1.32000721464e-08, 6.30342178454e-09, 1.79548180768e-08, 3.44564980992e-08, 3.69639607811e-08, 2.60808281638e-08, 2.14925410802e-08, 3.13439514343e-08, 1.25639347814e-08, 2.74461842142e-11],
        "max": [0.0627207458019, 0.526360332966, 0.187037795782, 0.113062426448, 0.195540949702, 0.10193400085, 0.0251316148788, 0.0261872448027, 0.0257540680468, 0.00946121010929, 0.00988042540848, 0.0153872733936, 0.00494079757482, 0.00387269025669, 0.00351121951826, 0.00278539885767, 0.00195304013323, 0.00168512272649, 0.00156419817358, 0.00215885834768, 0.00302780792117, 0.00334388599731, 0.00200583669357, 0.00226732715964, 0.00266550830565, 0.00142988690641, 8.5020379629e-05],
        "mean": [0.00174281187356, 0.0510432012379, 0.00505919242278, 0.00467743072659, 0.00862010102719, 0.00453889090568, 0.000622221035883, 0.000640372396447, 0.000425753416494, 0.000188840145711, 0.000125667225802, 0.000121835662867, 9.19780504773e-05, 4.6708046284e-05, 4.21525728598e-05, 2.80797412415e-05, 1.86916695384e-05, 1.35590762511e-05, 1.10790897452e-05, 1.11434837891e-05, 1.36449971251e-05, 1.61629177455e-05, 1.83589309017e-05, 1.47796699821e-05, 1.87589066627e-05, 1.30169974e-05, 3.92285073758e-07],
        "median": [0.000158487469889, 0.00568613596261, 0.00156543555204, 0.00159153388813, 0.00430987402797, 0.00137253955472, 0.00011269460083, 9.45036299527e-05, 5.39051216037e-05, 1.78286718437e-05, 9.25252243178e-06, 7.16232625564e-06, 5.76757520321e-06, 2.2366984922e-06, 1.7449817733e-06, 9.67298660726e-07, 5.13780605615e-07, 3.19838250107e-07, 1.85476778825e-07, 1.20627760225e-07, 9.15424749337e-08, 5.74521195063e-08, 3.78710325322e-08, 1.96423375343e-08, 1.62319437891e-08, 1.44907392752e-08, 1.83815473953e-09],
        "min": [9.46084985708e-24, 2.80475392775e-23, 2.10613744791e-23, 5.22132123695e-24, 6.41485974016e-23, 1.25926457946e-23, 2.88200802283e-23, 4.19443591084e-23, 3.45880323743e-23, 4.85231687572e-23, 5.83672567083e-23, 8.57686179302e-23, 5.7102618014e-23, 1.11339108722e-22, 1.5616626219e-22, 1.1699885124e-22, 1.00553247067e-22, 1.73928342684e-22, 1.5073945452e-22, 2.62448646291e-22, 4.07383245752e-22, 4.70266567059e-22, 6.5381448157e-22, 7.54360698309e-22, 1.14491126793e-21, 1.77481758427e-21, 2.38666587738e-21],
        "var": [1.39847961691e-05, 0.00916311424226, 0.000101899902802, 6.79281438352e-05, 0.000157059097546, 6.98786025168e-05, 1.74782576323e-06, 2.18476179725e-06, 1.17498052532e-06, 2.20962490971e-07, 1.59430044278e-07, 2.05511739182e-07, 6.91144563802e-08, 2.30592860362e-08, 1.92382483277e-08, 1.10973648049e-08, 5.09068254217e-09, 3.87395671098e-09, 3.11187453583e-09, 6.04144601013e-09, 1.19153540368e-08, 1.09729185738e-08, 7.20768422724e-09, 5.48349277096e-09, 7.14175785177e-09, 3.1085505281e-09, 5.59843057329e-12]
    },
    "erbbands": {
        "dmean": [0.546579360962, 2.84599852562, 3.57837438583, 6.08262205124, 11.8542823792, 17.6599712372, 25.1104755402, 26.0676116943, 8.81025218964, 7.34001255035, 9.42712688446, 8.45802783966, 4.05350255966, 4.7887339592, 4.8837146759, 3.67401790619, 3.76667737961, 2.21582055092, 2.45747327805, 1.93556118011, 1.43843352795, 1.03862547874, 0.865423440933, 0.701484978199, 0.542622685432, 0.598360061646, 0.61510771513, 0.661945343018, 0.825693666935, 0.677091658115, 0.904514729977, 0.483614742756, 0.378104925156, 0.282993406057, 0.213646709919, 0.105722516775, 0.0250706262887, 0.00382747431286, 9.439868154e-05, 2.7087979106e-05],
        "dmean2": [0.829897403717, 4.48010587692, 5.82962226868, 9.58487129211, 19.1542205811, 28.2874336243, 39.0876846313, 41.1750907898, 14.2771081924, 11.8851604462, 14.7302885056, 12.8188114166, 6.12272071838, 7.27430582047, 7.654712677, 5.61535215378, 5.83315038681, 3.48231196404, 3.93950343132, 2.97254014015, 2.23903036118, 1.63499844074, 1.4005972147, 1.13772189617, 0.859579741955, 0.963206470013, 0.999186813831, 1.10005915165, 1.43076503277, 1.1800378561, 1.65082502365, 0.874681949615, 0.690633237362, 0.518623113632, 0.392706871033, 0.191784217954, 0.0448646731675, 0.00702807353809, 0.00017177972768, 4.39368159277e-05],
        "dvar": [1.70461165905, 46.4262809753, 86.2264022827, 169.870178223, 715.488037109, 1671.62304688, 3047.26416016, 3286.85961914, 457.53729248, 401.77935791, 583.03918457, 623.12713623, 116.485466003, 199.47177124, 284.639312744, 160.651947021, 121.600891113, 57.0231018066, 77.5767669678, 37.7536201477, 24.6171474457, 14.3009500504, 13.5329236984, 11.0558252335, 7.5377869606, 16.8728218079, 18.3228874207, 20.7958278656, 23.0282402039, 9.14457511902, 10.8218669891, 4.12312889099, 1.97609829903, 1.07168030739, 0.561751663685, 0.15847851336, 0.00896283145994, 0.000262994173681, 1.4748816568e-07, 2.08268269297e-09],
        "dvar2": [3.81705141068, 111.723983765, 231.608764648, 418.049957275, 1891.30480957, 4414.57373047, 7460.84814453, 8060.79882812, 1212.75952148, 1074.01843262, 1426.52575684, 1497.74560547, 281.788299561, 483.391357422, 718.60949707, 391.507873535, 295.373840332, 149.396789551, 206.630371094, 90.8591308594, 59.3314094543, 35.7204475403, 35.565032959, 27.9856472015, 18.4541034698, 43.4875793457, 44.3887176514, 51.1828384399, 59.5156669617, 23.3288173676, 29.7018127441, 11.3442258835, 5.57782554626, 3.05002450943, 1.61137402058, 0.456449568272, 0.0256395787001, 0.000787787023, 4.40993233042e-07, 5.38255306992e-09],
        "max": [24.5617694855, 112.157463074, 174.445343018, 257.039306641, 363.265686035, 879.90838623, 1093.24633789, 1089.34558105, 455.46270752, 495.8621521, 488.842773438, 785.605834961, 239.895858765, 271.685516357, 431.834533691, 344.620483398, 230.88130188, 220.10043335, 250.765060425, 132.260406494, 117.376861572, 102.94757843, 88.5588150024, 93.8300628662, 82.3086166382, 101.73134613, 100.796829224, 128.840621948, 127.381523132, 72.848274231, 69.8419799805, 53.1941871643, 33.2321548462, 23.9887390137, 18.2440700531, 9.61736488342, 1.86690115929, 0.322392374277, 0.0112171666697, 0.00061378092505],
        "mean": [2.10452914238, 8.97381591797, 6.7740278244, 10.9600839615, 19.7861614227, 29.8763427734, 41.4715805054, 37.5739135742, 12.2674674988, 10.2263717651, 13.1468114853, 11.6237211227, 5.67443704605, 6.18976163864, 5.79781532288, 4.2696018219, 4.31995677948, 2.43629980087, 2.55135369301, 2.06202077866, 1.47520494461, 1.01995360851, 0.792442142963, 0.644198894501, 0.511761188507, 0.543723881245, 0.52714318037, 0.531419277191, 0.597845435143, 0.48506551981, 0.59153008461, 0.329396277666, 0.251524239779, 0.185455262661, 0.138969659805, 0.0768997445703, 0.0196113083512, 0.00259351730347, 9.40076060942e-05, 8.71918600751e-05],
        "median": [0.132661387324, 1.33018767834, 3.08273077011, 4.64782619476, 8.65528011322, 12.8868074417, 16.1981735229, 9.47127723694, 3.02351999283, 2.33235549927, 2.23207235336, 1.6361978054, 0.74945640564, 0.705673694611, 0.462362825871, 0.311138987541, 0.27873274684, 0.153967365623, 0.118457868695, 0.0893023237586, 0.0492706596851, 0.0294445585459, 0.020305428654, 0.012607164681, 0.0082699097693, 0.00605535134673, 0.00432793609798, 0.00296840700321, 0.00226495880634, 0.00150101282634, 0.00108800316229, 0.00053058960475, 0.000316996272886, 0.000200704642339, 0.000158603666932, 0.000120075601444, 4.17558003392e-05, 4.84269958179e-06, 1.87961632037e-05, 3.99563577957e-05],
        "min": [1.34596553316e-21, 4.25940096666e-21, 1.93502586877e-20, 2.67012253833e-20, 1.64557734248e-19, 2.16032821876e-19, 1.42457743028e-19, 1.32398334975e-19, 3.84700377148e-19, 5.65398524798e-19, 1.02197895847e-18, 8.28945867679e-19, 1.79213084446e-18, 2.07689686932e-18, 3.05672849404e-18, 3.74456556933e-18, 4.15319734142e-18, 6.09344376676e-18, 7.49933358433e-18, 6.15000596345e-18, 6.96060160472e-18, 6.25502646838e-18, 9.42760243439e-18, 1.16218247406e-17, 8.35153889195e-18, 1.17322938843e-17, 1.85091588226e-17, 1.45418020815e-17, 1.57967641109e-17, 1.86261287787e-17, 1.98977899303e-17, 1.61393856293e-17, 1.34912752589e-17, 1.25616226849e-17, 8.8296029639e-18, 5.89136726542e-18, 3.1403508705e-18, 1.5042078848e-18, 3.37834986129e-19, 2.94824424784e-20],
        "var": [16.9355812073, 273.535522461, 132.643493652, 308.731445312, 970.225097656, 2571.65551758, 4823.9453125, 5612.99414062, 553.045532227, 447.516052246, 877.680786133, 883.909729004, 164.737762451, 247.459106445, 307.618804932, 181.082321167, 147.732284546, 53.5462722778, 71.9752578735, 42.3381462097, 25.6319522858, 14.4132671356, 11.4451885223, 10.1468791962, 7.5572886467, 14.6888637543, 16.4119949341, 17.6719589233, 17.4606056213, 7.3242521286, 7.57632493973, 2.90954780579, 1.35181343555, 0.717109084129, 0.369203925133, 0.1083400473, 0.00667980359867, 0.000172952655703, 1.02045419226e-07, 1.23668151275e-08]
    },
    "gfcc": {
        "mean": [-194.565750122, 194.720794678, -28.3771457672, 4.79049062729, -34.0899276733, 0.256951808929, -28.7035427094, -8.47648048401, -14.4278783798, -5.42834281921, -8.87131881714, -2.59030461311, -2.07103681564],
        "cov": [[25706.8339844, -4046.21777344, -2975.08764648, 1057.43347168, -1150.05786133, 1678.5847168, -643.305908203, 995.647583008, -292.877532959, 856.542602539, -244.644836426, 968.773132324, -54.7433509827], [-4046.21777344, 4002.88989258, -602.444763184, -1780.48364258, 716.682678223, -1320.67712402, 287.227844238, -741.014343262, 3.40033102036, -680.072387695, 147.89755249, -504.877197266, 187.732192993], [-2975.08764648, -602.444763184, 3615.68969727, 695.49822998, -164.958526611, 681.820007324, 98.4681015015, 219.170379639, 146.920944214, 174.791229248, 29.8444480896, 191.055435181, 31.8115539551], [1057.43347168, -1780.48364258, 695.49822998, 1420.98840332, -138.050323486, 598.282592773, 10.3172426224, 304.374542236, 114.978164673, 277.743835449, 33.4081230164, 201.829208374, 1.61593270302], [-1150.05786133, 716.682678223, -164.958526611, -138.050323486, 605.207519531, -132.71774292, 200.019363403, -53.8807373047, 76.9206161499, -71.3366470337, 86.2320251465, -71.7305831909, 57.2398071289], [1678.5847168, -1320.67712402, 681.820007324, 598.282592773, -132.71774292, 864.590576172, 35.4636993408, 376.818237305, 98.5809860229, 297.137481689, -11.0639200211, 247.756317139, -38.654006958], [-643.305908203, 287.227844238, 98.4681015015, 10.3172426224, 200.019363403, 35.4636993408, 232.349090576, 27.1204586029, 108.828926086, -16.5015964508, 68.6658706665, -24.3358669281, 52.8911476135], [995.647583008, -741.014343262, 219.170379639, 304.374542236, -53.8807373047, 376.818237305, 27.1204586029, 295.07208252, 59.9395484924, 193.319625854, -19.4552288055, 137.209106445, -33.7992706299], [-292.877532959, 3.40033102036, 146.920944214, 114.978164673, 76.9206161499, 98.5809860229, 108.828926086, 59.9395484924, 155.106704712, 45.0701408386, 69.6740036011, 3.58611726761, 39.4595336914], [856.542602539, -680.072387695, 174.791229248, 277.743835449, -71.3366470337, 297.137481689, -16.5015964508, 193.319625854, 45.0701408386, 225.529159546, 4.30212068558, 133.321090698, -30.1535263062], [-244.644836426, 147.89755249, 29.8444480896, 33.4081230164, 86.2320251465, -11.0639200211, 68.6658706665, -19.4552288055, 69.6740036011, 4.30212068558, 112.742805481, 17.4095306396, 59.8573760986], [968.773132324, -504.877197266, 191.055435181, 201.829208374, -71.7305831909, 247.756317139, -24.3358669281, 137.209106445, 3.58611726761, 133.321090698, 17.4095306396, 169.819549561, 20.8733634949], [-54.7433509827, 187.732192993, 31.8115539551, 1.61593270302, 57.2398071289, -38.654006958, 52.8911476135, -33.7992706299, 39.4595336914, -30.1535263062, 59.8573760986, 20.8733634949, 94.9027099609]],
        "icov": [[8.8188709924e-05, -0.000140469332109, 0.000142963253893, -0.000119346957945, 0.000151790067321, -0.000232619568123, 0.000175010121893, -0.000162713273312, 0.000144055331475, -9.05806664377e-05, 0.000156158042955, -0.00030561935273, -0.000178882604814], [-0.000140469332109, 0.00304187391885, -0.000660843681544, 0.00253868359141, -0.00155843363609, 0.0017219891306, -0.00159065565094, 0.00161385023966, -0.0011281198822, 0.00188650470227, -0.00116454670206, 0.001701590023, -0.00138872594107], [0.000142963253893, -0.000660843681544, 0.000648420420475, -0.000642355298623, 0.000540587469004, -0.000853835023008, 0.000323456100887, -0.000195651169633, 0.000113153138955, -0.000239524495555, 0.000556161743589, -0.000938245968428, -8.03919556347e-06], [-0.000119346957945, 0.00253868359141, -0.000642355298623, 0.00322060682811, -0.00121636805125, 0.000969769258518, -0.00103894749191, 0.00101605209056, -0.00101787166204, 0.000925970263779, -0.00132087699603, 0.00186642806511, -0.0017207240453], [0.000151790067321, -0.00155843363609, 0.000540587469004, -0.00121636805125, 0.00346690998413, -0.000823441892862, -0.00122149428353, -0.00105242943391, 0.00117240659893, -0.00105797441211, -0.000418454525061, -0.000526719843037, 0.000445554440375], [-0.000232619568123, 0.0017219891306, -0.000853835023008, 0.000969769258518, -0.000823441892862, 0.00521909818053, -0.00200924626552, -0.000662945327349, -0.00252964068204, 0.00111359753646, 0.000258906191448, -0.00255801994354, 0.00204018317163], [0.000175010121893, -0.00159065565094, 0.000323456100887, -0.00103894749191, -0.00122149428353, -0.00200924626552, 0.0108899269253, -0.00377163547091, -0.00252817198634, 0.000822564936243, -0.00119851110503, 0.00203105760738, -0.00271552824415], [-0.000162713273312, 0.00161385023966, -0.000195651169633, 0.00101605209056, -0.00105242943391, -0.000662945327349, -0.00377163547091, 0.0142443096265, -0.00476488517597, -0.00333271501586, 0.00490271113813, -0.00496997218579, 0.00322493817657], [0.000144055331475, -0.0011281198822, 0.000113153138955, -0.00101787166204, 0.00117240659893, -0.00252964068204, -0.00252817198634, -0.00476488517597, 0.0186287108809, -0.0057603828609, -0.00767226750031, 0.0103238970041, -0.00673883641139], [-9.05806664377e-05, 0.00188650470227, -0.000239524495555, 0.000925970263779, -0.00105797441211, 0.00111359753646, 0.000822564936243, -0.00333271501586, -0.0057603828609, 0.0178231336176, -0.00278293527663, -0.0084618953988, 0.0074012670666], [0.000156158042955, -0.00116454670206, 0.000556161743589, -0.00132087699603, -0.000418454525061, 0.000258906191448, -0.00119851110503, 0.00490271113813, -0.00767226750031, -0.00278293527663, 0.021270159632, -0.00737884175032, -0.00448515778407], [-0.00030561935273, 0.001701590023, -0.000938245968428, 0.00186642806511, -0.000526719843037, -0.00255801994354, 0.00203105760738, -0.00496997218579, 0.0103238970041, -0.0084618953988, -0.00737884175032, 0.0284270290285, -0.0154653051868], [-0.000178882604814, -0.00138872594107, -8.03919556347e-06, -0.0017207240453, 0.000445554440375, 0.00204018317163, -0.00271552824415, 0.00322493817657, -0.00673883641139, 0.0074012670666, -0.00448515778407, -0.0154653051868, 0.0278211906552]]
    },
    "melbands": {
        "dmean": [0.0041918954812, 0.00244814180769, 0.00119946093764, 0.00107171444688, 0.00085010076873, 0.000561997876503, 0.000129859210574, 8.83151878952e-05, 6.92637113389e-05, 5.20171488461e-05, 1.97549215954e-05, 2.03002182388e-05, 1.52173161041e-05, 1.49341422002e-05, 6.04088654654e-06, 8.69117138791e-06, 3.75350055037e-06, 4.36962591266e-06, 2.55172290053e-06, 2.47392222263e-06, 1.55328348228e-06, 1.16712578802e-06, 8.22826848434e-07, 7.15622093139e-07, 5.60573141684e-07, 4.4041044589e-07, 3.65999085261e-07, 4.09264146128e-07, 3.67909450461e-07, 4.1144605234e-07, 3.73046020741e-07, 4.75736356975e-07, 4.49858134743e-07, 3.14994849759e-07, 5.92513458741e-07, 3.69631521835e-07, 2.63503096676e-07, 2.48073860121e-07, 2.96537280065e-07, 2.16482945348e-07],
        "dmean2": [0.00629205210134, 0.00396226905286, 0.00188244460151, 0.00173465383705, 0.00132287282031, 0.000890666735359, 0.000210268466617, 0.000141434327816, 0.000108262494905, 7.86525779404e-05, 2.99082676065e-05, 3.05455141643e-05, 2.40950939769e-05, 2.27124455705e-05, 9.4215874924e-06, 1.35220698212e-05, 5.99856639383e-06, 7.05191132511e-06, 3.93570735469e-06, 3.88601574741e-06, 2.44075363298e-06, 1.85876922387e-06, 1.31852357299e-06, 1.19436106161e-06, 9.19488854834e-07, 6.91819650456e-07, 6.37755533717e-07, 6.49566800348e-07, 5.94175901369e-07, 6.98866529092e-07, 6.19376464783e-07, 8.23344578293e-07, 7.88901218129e-07, 5.44561942206e-07, 1.08561948764e-06, 6.69831308642e-07, 4.76771020885e-07, 4.52433539522e-07, 5.44047907169e-07, 3.97187363887e-07],
        "dvar": [9.15837372304e-05, 3.20138969983e-05, 6.62996808387e-06, 5.72542467125e-06, 3.21916468238e-06, 1.51760798417e-06, 9.92758799612e-08, 5.37555031599e-08, 3.04534140128e-08, 2.4227309936e-08, 2.85188916926e-09, 3.46439343879e-09, 2.78800071918e-09, 3.23575854999e-09, 4.05848576968e-10, 6.82559508913e-10, 1.90550186741e-10, 2.44118170123e-10, 5.96574734057e-11, 8.51464732055e-11, 3.12536697911e-11, 2.00105244874e-11, 1.03209966615e-11, 1.15345935928e-11, 7.38624612862e-12, 4.49315194426e-12, 5.31177055466e-12, 8.18664493835e-12, 6.54712048465e-12, 8.81054951218e-12, 6.7659658258e-12, 8.71438685102e-12, 4.61880447084e-12, 1.90403834192e-12, 4.18035614805e-12, 2.2175343159e-12, 1.44373044336e-12, 9.40945129972e-13, 1.15462207937e-12, 6.87732910985e-13],
        "dvar2": [0.00018711310986, 8.89653674676e-05, 1.66382014868e-05, 1.54728077177e-05, 7.90336616774e-06, 3.7649249407e-06, 2.618119197e-07, 1.39485152317e-07, 7.48592583477e-08, 5.80042929244e-08, 6.80142386855e-09, 8.27609003551e-09, 7.19231074697e-09, 7.48635820003e-09, 1.02036801231e-09, 1.66773062027e-09, 5.06952202439e-10, 6.45433984037e-10, 1.43167699918e-10, 2.11232517588e-10, 7.6339538857e-11, 5.0288332526e-11, 2.61984114958e-11, 3.12585755891e-11, 1.87890068087e-11, 1.01391603446e-11, 1.51225525158e-11, 2.07032811034e-11, 1.55047589351e-11, 2.28733421093e-11, 1.65451385231e-11, 2.25015856642e-11, 1.21466430664e-11, 4.69231034236e-12, 1.14697192716e-11, 6.13725043008e-12, 3.98982930028e-12, 2.67664493001e-12, 3.24434793267e-12, 1.98190964508e-12],
        "max": [0.177421972156, 0.0835540369153, 0.0405648313463, 0.0484992191195, 0.0316985547543, 0.0215813852847, 0.00680845603347, 0.00526988692582, 0.00318638375029, 0.00514377187937, 0.00117837579455, 0.00123889069073, 0.00133193621878, 0.00206217379309, 0.000501805334352, 0.000505620497279, 0.000440706586232, 0.000425904407166, 0.000147767059389, 0.000265457143541, 0.000169113569427, 0.000151062849909, 7.41938929423e-05, 7.93399885879e-05, 7.86813398008e-05, 5.52783130843e-05, 6.81050223648e-05, 7.08626248525e-05, 6.23203159194e-05, 7.4572970334e-05, 7.82716451795e-05, 8.21701178211e-05, 5.22572627233e-05, 3.47926725226e-05, 4.24188256147e-05, 3.18280472129e-05, 3.61150341632e-05, 2.41428551817e-05, 2.35910592892e-05, 1.98501820705e-05],
        "mean": [0.0162694938481, 0.0061648641713, 0.00220045656897, 0.0017852234887, 0.00146123149898, 0.00080731511116, 0.000177216032171, 0.000124713333207, 9.66099833022e-05, 6.96167116985e-05, 2.70709551842e-05, 2.62959001702e-05, 1.78234404302e-05, 1.72369564098e-05, 6.76408581057e-06, 9.74817430688e-06, 3.90735840483e-06, 4.4809312385e-06, 2.74374406217e-06, 2.47958814725e-06, 1.56761677772e-06, 1.12432564947e-06, 7.79315485033e-07, 6.21243714249e-07, 5.10753864091e-07, 4.17008209297e-07, 3.23358534615e-07, 3.69258685851e-07, 3.24912662109e-07, 3.21231254929e-07, 2.99546371707e-07, 3.44184229562e-07, 3.16818756119e-07, 2.32287433732e-07, 3.81662260907e-07, 2.48097165922e-07, 1.79861501692e-07, 1.66813933333e-07, 1.92092144857e-07, 1.42061807651e-07],
        "median": [0.00139476079494, 0.00202360237017, 0.000986171886325, 0.000813292397652, 0.000621990882792, 0.000204478797968, 3.78262811864e-05, 2.49692857324e-05, 1.6163183318e-05, 8.60809359438e-06, 3.12343991027e-06, 2.79391042568e-06, 1.44391128742e-06, 1.06363029317e-06, 4.64833249225e-07, 6.0195441165e-07, 2.09514936955e-07, 1.93714853935e-07, 1.19659972597e-07, 9.28684329438e-08, 4.68197924874e-08, 3.04863476686e-08, 2.00090610747e-08, 1.4435562079e-08, 9.33058963426e-09, 6.41631325848e-09, 4.61956517483e-09, 3.58593998939e-09, 2.71183164813e-09, 2.08387973544e-09, 1.44594425322e-09, 1.30697141998e-09, 9.58128465456e-10, 7.14361236831e-10, 6.43023634339e-10, 4.0305417337e-10, 2.53387255622e-10, 1.95687549498e-10, 1.69250141679e-10, 1.21875842751e-10],
        "min": [9.7734596566e-24, 8.5324986223e-24, 8.41802938292e-24, 1.53219207221e-23, 4.81353103048e-24, 2.7542731407e-24, 5.78314047947e-24, 6.77059198998e-24, 7.16650234565e-24, 5.2077764952e-24, 8.79112982552e-24, 8.25773126926e-24, 8.36769216856e-24, 1.02273820544e-23, 1.34285835521e-23, 3.84536283036e-24, 1.25286975742e-23, 1.19562551363e-23, 1.09626643158e-23, 5.9933782216e-24, 8.41143529462e-24, 5.69852844206e-24, 4.38481194976e-24, 7.33026908071e-24, 8.75600342713e-24, 6.18842250269e-24, 5.25261771564e-24, 8.59821704659e-24, 1.22706043741e-23, 1.03481345709e-23, 7.78651940702e-24, 8.68648032669e-24, 9.27699083476e-24, 8.12659892098e-24, 9.81014405528e-24, 1.21137606823e-23, 8.24481209421e-24, 9.3552450477e-24, 7.90448014476e-24, 1.1659455687e-23],
        "var": [0.000971573637798, 8.97782010725e-05, 1.14516305985e-05, 7.88565921539e-06, 5.31891555511e-06, 2.50441212302e-06, 1.21885051385e-07, 6.81998315599e-08, 4.52758435188e-08, 3.39298438234e-08, 4.12060963129e-09, 4.47302461737e-09, 2.96958613255e-09, 3.94771149104e-09, 4.19988377409e-10, 8.19559586862e-10, 1.64856545082e-10, 2.26628368849e-10, 7.18604273309e-11, 8.48901782202e-11, 3.10929997027e-11, 1.97730339047e-11, 9.64108220342e-12, 8.72166228127e-12, 6.75697822347e-12, 4.81368981134e-12, 4.06588955212e-12, 7.23968541366e-12, 6.07856300017e-12, 6.83661720985e-12, 5.78681113445e-12, 6.55166936328e-12, 3.45681231036e-12, 1.63217670716e-12, 2.90316815726e-12, 1.55893581464e-12, 9.97720894617e-13, 6.41578803973e-13, 7.72378363524e-13, 4.52461473236e-13]
    },
    "mfcc": {
        "mean": [-835.478515625, 204.79208374, 70.4036636353, 24.1502723694, 17.9316864014, 11.5057754517, -0.0936590880156, 1.42981100082, -1.82678639889, -2.36248040199, -2.40325188637, -2.89684081078, -1.38969969749],
        "cov": [[14000.1777344, 656.79107666, -2425.55151367, -1061.23547363, -258.971343994, 19.9662494659, -301.034942627, 85.3671875, 11.3715982437, 91.8575057983, 127.958000183, 84.7144241333, 155.750305176], [656.79107666, 3537.46923828, -616.716308594, -743.547607422, -271.461608887, -388.176879883, -147.40020752, -198.881759644, -160.137252808, -180.428436279, -199.934066772, -171.364654541, -130.06652832], [-2425.55151367, -616.716308594, 2572.84179688, 562.090270996, 165.758880615, 356.570068359, 135.671356201, 187.405441284, 121.541389465, 77.1315536499, 89.3191757202, 66.1690597534, 66.0853729248], [-1061.23547363, -743.547607422, 562.090270996, 823.874328613, 254.127182007, 162.005249023, 131.661224365, 62.6311607361, 71.5009613037, 68.3190155029, 59.362991333, 62.9159698486, 35.575504303], [-258.971343994, -271.461608887, 165.758880615, 254.127182007, 307.919769287, 192.179580688, 113.137077332, 101.564849854, 71.6538619995, 70.8524169922, 63.3237113953, 50.4995040894, 41.9209823608], [19.9662494659, -388.176879883, 356.570068359, 162.005249023, 192.179580688, 301.207275391, 148.397384644, 143.596664429, 110.926467896, 96.3923721313, 97.3154602051, 78.5483093262, 69.6110839844], [-301.034942627, -147.40020752, 135.671356201, 131.661224365, 113.137077332, 148.397384644, 163.506256104, 114.295639038, 77.4280014038, 65.2873153687, 55.2678184509, 50.2874336243, 36.6896362305], [85.3671875, -198.881759644, 187.405441284, 62.6311607361, 101.564849854, 143.596664429, 114.295639038, 165.492095947, 108.868049622, 77.8077850342, 73.3569793701, 54.1505393982, 48.4206962585], [11.3715982437, -160.137252808, 121.541389465, 71.5009613037, 71.6538619995, 110.926467896, 77.4280014038, 108.868049622, 122.149559021, 93.524848938, 68.5437088013, 52.4368286133, 38.611618042], [91.8575057983, -180.428436279, 77.1315536499, 68.3190155029, 70.8524169922, 96.3923721313, 65.2873153687, 77.8077850342, 93.524848938, 115.29498291, 88.2094421387, 55.2648086548, 38.1556625366], [127.958000183, -199.934066772, 89.3191757202, 59.362991333, 63.3237113953, 97.3154602051, 55.2678184509, 73.3569793701, 68.5437088013, 88.2094421387, 106.795028687, 72.8472824097, 42.3351211548], [84.7144241333, -171.364654541, 66.1690597534, 62.9159698486, 50.4995040894, 78.5483093262, 50.2874336243, 54.1505393982, 52.4368286133, 55.2648086548, 72.8472824097, 86.1910324097, 56.6243400574], [155.750305176, -130.06652832, 66.0853729248, 35.575504303, 41.9209823608, 69.6110839844, 36.6896362305, 48.4206962585, 38.611618042, 38.1556625366, 42.3351211548, 56.6243400574, 73.1911239624]],
