{
"lowlevel": {
    "average_loudness": 0.94007641077,
    "barkbands_crest": {
        "dmean": 3.21850299835,
        "dmean2": 4.78564453125,
        "dvar": 9.77358818054,
        "dvar2": 22.1063613892,
        "max": 26.812002182,
        "mean": 16.8654613495,
        "median": 17.7144851685,
        "min": 1.84133028984,
        "var": 27.0965309143
    },
    "barkbands_flatness_db": {
        "dmean": 0.0863018035889,
        "dmean2": 0.11230801791,
        "dvar": 0.00708770100027,
        "dvar2": 0.0151151707396,
        "max": 0.880267977715,
        "mean": 0.324763685465,
        "median": 0.317033201456,
        "min": 0.0156209226698,
        "var": 0.0213069915771
    },
    "barkbands_kurtosis": {
        "dmean": 57.0977363586,
        "dmean2": 88.8321151733,
        "dvar": 24722.0976562,
        "dvar2": 60249.375,
        "max": 2877.76293945,
        "mean": 70.5869827271,
        "median": 26.9416999817,
        "min": -1.62359702587,
        "var": 27636.3886719
    },
    "barkbands_skewness": {
        "dmean": 2.19661927223,
        "dmean2": 3.41430425644,
        "dvar": 9.61707210541,
        "dvar2": 23.9590797424,
        "max": 44.6254615784,
        "mean": 4.75065231323,
        "median": 3.84248566628,
        "min": -2.32801055908,
        "var": 15.8891820908
    },
    "barkbands_spread": {
        "dmean": 4.95232439041,
        "dmean2": 8.44963169098,
        "dvar": 94.0738220215,
        "dvar2": 255.967590332,
        "max": 95.8804397583,
        "mean": 6.29482889175,
        "median": 2.43458819389,
        "min": 0.0236595887691,
        "var": 92.0967636108
    },
    "dissonance": {
        "dmean": 0.0279642324895,
        "dmean2": 0.0447710715234,
        "dvar": 0.000836841703858,
        "dvar2": 0.00202251621522,
        "max": 0.500000178814,
        "mean": 0.449682980776,
        "median": 0.462091982365,
        "min": 0.176168084145,
        "var": 0.00171825313009
    },
    "dynamic_complexity": 3.99041867256,
    "erbbands_crest": {
        "dmean": 3.58699655533,
        "dmean2": 5.51305627823,
        "dvar": 12.4857225418,
        "dvar2": 25.4601993561,
        "max": 29.3056545258,
        "mean": 9.66937065125,
        "median": 8.01852607727,
        "min": 1.98936116695,
        "var": 31.220539093
    },
    "erbbands_flatness_db": {
        "dmean": 0.0395125374198,
        "dmean2": 0.0541874803603,
        "dvar": 0.00184440426528,
        "dvar2": 0.0035808510147,
        "max": 0.513168513775,
        "mean": 0.192858844995,
        "median": 0.182432278991,
        "min": 0.0337159745395,
        "var": 0.00468544568866
    },
    "erbbands_kurtosis": {
        "dmean": 3.88808941841,
        "dmean2": 6.086830616,
        "dvar": 112.570762634,
        "dvar2": 227.742980957,
        "max": 229.562057495,
        "mean": 3.40566110611,
        "median": 0.0153567790985,
        "min": -1.82917249203,
        "var": 163.836685181
    },
    "erbbands_skewness": {
        "dmean": 0.731474757195,
        "dmean2": 1.11294710636,
        "dvar": 0.882789075375,
        "dvar2": 1.76447820663,
        "max": 10.0830802917,
        "mean": 1.02337133884,
        "median": 0.63265222311,
        "min": -1.99383115768,
        "var": 1.91704714298
    },
    "erbbands_spread": {
        "dmean": 11.5758543015,
        "dmean2": 17.7622280121,
        "dvar": 163.228118896,
        "dvar2": 377.380615234,
        "max": 141.086456299,
        "mean": 33.9331092834,
        "median": 32.4375610352,
        "min": 0.552760899067,
        "var": 330.541809082
    },
    "hfc": {
        "dmean": 6.37760972977,
        "dmean2": 10.4779376984,
        "dvar": 125.376846313,
        "dvar2": 329.377380371,
        "max": 111.699821472,
        "mean": 10.8888473511,
        "median": 6.93828296661,
        "min": 1.17705908577e-16,
        "var": 143.438323975
    },
    "melbands_crest": {
        "dmean": 4.44237136841,
        "dmean2": 6.94315338135,
        "dvar": 22.6071681976,
        "dvar2": 53.6961402893,
        "max": 38.5643501282,
        "mean": 26.5361557007,
        "median": 27.7713909149,
        "min": 1.98135828972,
        "var": 69.5758132935
    },
    "melbands_flatness_db": {
        "dmean": 0.0987720042467,
        "dmean2": 0.129542589188,
        "dvar": 0.00951382517815,
        "dvar2": 0.0207985471934,
        "max": 1,
        "mean": 0.430860698223,
        "median": 0.422932326794,
        "min": 0.00533031346276,
        "var": 0.0281357485801
    },
    "melbands_kurtosis": {
        "dmean": 66.3857574463,
        "dmean2": 102.150032043,
        "dvar": 14673.78125,
        "dvar2": 33098.4765625,
        "max": 2043.45178223,
        "mean": 101.300537109,
        "median": 48.1808319092,
        "min": -1.22961652279,
        "var": 23076.9140625
    },
    "melbands_skewness": {
        "dmean": 2.19233298302,
        "dmean2": 3.35998034477,
        "dvar": 6.67200946808,
        "dvar2": 15.5843153,
        "max": 34.8437919617,
        "mean": 6.20147609711,
        "median": 5.25511932373,
        "min": -1.03466570377,
        "var": 16.1004238129
    },
    "melbands_spread": {
        "dmean": 4.21858596802,
        "dmean2": 7.23660421371,
        "dvar": 70.3426208496,
        "dvar2": 192.556732178,
        "max": 149.753555298,
        "mean": 5.39007282257,
        "median": 1.96119379997,
        "min": 0.0446557588875,
        "var": 78.8882904053
    },
    "pitch_salience": {
        "dmean": 0.116465292871,
        "dmean2": 0.175115272403,
        "dvar": 0.0171949118376,
        "dvar2": 0.0377603583038,
        "max": 0.959314644337,
        "mean": 0.335045963526,
        "median": 0.304458618164,
        "min": 0.0106773702428,
        "var": 0.0436649359763
    },
    "silence_rate_20dB": {
        "dmean": 0.0446851737797,
        "dmean2": 0.0893789902329,
        "dvar": 0.0426855944097,
        "dvar2": 0.0883592665195,
        "max": 1,
        "mean": 0.951547384262,
        "median": 1,
        "min": 0,
        "var": 0.0461068376899
    },
    "silence_rate_30dB": {
        "dmean": 0.115098170936,
        "dmean2": 0.230218604207,
        "dvar": 0.101851269603,
        "dvar2": 0.203126490116,
        "max": 1,
        "mean": 0.619922637939,
        "median": 1,
        "min": 0,
        "var": 0.235604718328
    },
    "silence_rate_60dB": {
        "dmean": 0.0117999808863,
        "dmean2": 0.0236022435129,
        "dvar": 0.0116601549089,
        "dvar2": 0.0286582261324,
        "max": 1,
        "mean": 0.039458412677,
        "median": 0,
        "min": 0,
        "var": 0.0379009023309
    },
    "spectral_centroid": {
        "dmean": 302.070556641,
        "dmean2": 482.348907471,
        "dvar": 188437.5,
        "dvar2": 468753.125,
        "max": 10814.5634766,
        "mean": 585.850891113,
        "median": 421.522796631,
        "min": 53.0083999634,
        "var": 250344.15625
    },
    "spectral_complexity": {
        "dmean": 4.51358938217,
        "dmean2": 6.81543827057,
        "dvar": 29.036989212,
        "dvar2": 71.1262664795,
        "max": 49,
        "mean": 8.95328807831,
        "median": 7,
        "min": 0,
        "var": 43.908531189
    },
    "spectral_decrease": {
        "dmean": 1.19400720422e-08,
        "dmean2": 1.45268792551e-08,
        "dvar": 2.17606271395e-16,
        "dvar2": 3.8302570471e-16,
        "max": 6.67388471213e-29,
        "mean": -2.6973429712e-08,
        "median": -1.46677914259e-08,
        "min": -1.50089647377e-07,
        "var": 8.47706920783e-16
    },
    "spectral_energy": {
        "dmean": 0.0453370474279,
        "dmean2": 0.0551895499229,
        "dvar": 0.00311355525628,
        "dvar2": 0.00549447815865,
        "max": 0.569252490997,
        "mean": 0.102791808546,
        "median": 0.0563471242785,
        "min": 1.05455818422e-20,
        "var": 0.0121880527586
    },
    "spectral_energyband_high": {
        "dmean": 0.000240994049818,
        "dmean2": 0.00044441697537,
        "dvar": 4.61872616597e-07,
        "dvar2": 1.30606235871e-06,
        "max": 0.0055015720427,
        "mean": 0.000162748023286,
        "median": 1.41064974741e-05,
        "min": 7.68182763156e-21,
        "var": 2.74806552625e-07
    },
    "spectral_energyband_low": {
        "dmean": 0.0445216074586,
        "dmean2": 0.0560577698052,
        "dvar": 0.00359593937173,
        "dvar2": 0.00607940647751,
        "max": 0.562002360821,
        "mean": 0.0932674407959,
        "median": 0.0427913218737,
        "min": 4.46582962133e-23,
        "var": 0.0123113198206
    },
    "spectral_energyband_middle_high": {
        "dmean": 0.00125725928228,
        "dmean2": 0.00212356215343,
        "dvar": 9.12490122573e-06,
        "dvar2": 2.54379683611e-05,
        "max": 0.0293625555933,
        "mean": 0.00116304052062,
        "median": 0.000405627244618,
        "min": 1.47010270469e-21,
        "var": 6.28795442026e-06
    },
    "spectral_energyband_middle_low": {
        "dmean": 0.00905632413924,
        "dmean2": 0.0150411007926,
        "dvar": 0.000455993489595,
        "dvar2": 0.00117597088683,
        "max": 0.181625440717,
        "mean": 0.00919399876148,
        "median": 0.00336250336841,
        "min": 2.04301910916e-22,
        "var": 0.000357990764314
    },
    "spectral_entropy": {
        "dmean": 0.551569402218,
        "dmean2": 0.770567119122,
        "dvar": 0.352554440498,
        "dvar2": 0.783174514771,
        "max": 9.810505867,
        "mean": 6.8512430191,
        "median": 6.98942422867,
        "min": 3.14683747292,
        "var": 0.766968667507
    },
    "spectral_flux": {
        "dmean": 0.0613838471472,
        "dmean2": 0.0921450406313,
        "dvar": 0.003677676199,
        "dvar2": 0.00767069030553,
        "max": 0.572528719902,
        "mean": 0.138482660055,
        "median": 0.0937756747007,
        "min": 1.02691681547e-10,
        "var": 0.0137492828071
    },
    "spectral_kurtosis": {
        "dmean": 12.2043323517,
        "dmean2": 18.4895572662,
        "dvar": 437.208007812,
        "dvar2": 839.178649902,
        "max": 551.549499512,
        "mean": 17.7866249084,
        "median": 7.50550937653,
        "min": -1.2180403471,
        "var": 767.044128418
    },
    "spectral_rms": {
        "dmean": 0.00213938648812,
        "dmean2": 0.00260170805268,
        "dvar": 4.30189538747e-06,
        "dvar2": 7.55895007387e-06,
        "max": 0.0235662516207,
        "mean": 0.00856689177454,
        "median": 0.00741436472163,
        "min": 3.20754924357e-12,
        "var": 2.68932235485e-05
    },
    "spectral_rolloff": {
        "dmean": 259.485839844,
        "dmean2": 477.782897949,
        "dvar": 633772,
        "dvar2": 1774816.25,
        "max": 19121.484375,
        "mean": 321.007537842,
        "median": 107.666015625,
        "min": 21.533203125,
        "var": 553055.4375
    },
    "spectral_skewness": {
        "dmean": 0.949735403061,
        "dmean2": 1.4028608799,
        "dvar": 1.33994948864,
        "dvar2": 2.52921319008,
        "max": 20.513463974,
        "mean": 2.67827367783,
        "median": 2.09166002274,
        "min": -0.16742913425,
        "var": 3.10887408257
    },
    "spectral_spread": {
        "dmean": 883131.3125,
        "dmean2": 1297860.875,
        "dvar": 1.49904320102e+12,
        "dvar2": 2.58192126771e+12,
        "max": 41188380,
        "mean": 3176770,
        "median": 2906809,
        "min": 264091.71875,
        "var": 2.91432064614e+12
    },
    "spectral_strongpeak": {
        "dmean": 0.224276229739,
        "dmean2": 0.325855404139,
        "dvar": 0.0831144452095,
        "dvar2": 0.169786885381,
        "max": 6.52745008469,
        "mean": 0.514547646046,
        "median": 0.381699085236,
        "min": 0,
        "var": 0.203180536628
    },
    "zerocrossingrate": {
        "dmean": 0.00564708886668,
        "dmean2": 0.00769753800705,
        "dvar": 0.000107736130303,
        "dvar2": 0.000146781880176,
        "max": 0.84033203125,
        "mean": 0.0135724712163,
        "median": 0.0078125,
        "min": 0.0009765625,
        "var": 0.000441070820671
    },
    "barkbands": {
        "dmean": [0.00633378094062, 0.0382250919938, 0.00909378752112, 0.00417680339888, 0.00352566130459, 0.00133531028405, 0.000688572530635, 0.000465562479803, 0.000768478785176, 0.000217052322114, 0.000223339156946, 0.000208610857953, 0.000138396091643, 8.81173982634e-05, 0.000154715569806, 0.000117088522529, 0.000107335828943, 7.28880477254e-05, 6.72628957545e-05, 4.17651353928e-05, 4.68130056106e-05, 3.99275304517e-05, 3.28225614794e-05, 2.69948050118e-05, 3.26367589878e-05, 3.91826215491e-05, 5.66811058889e-06],
        "dmean2": [0.00902160443366, 0.0458005666733, 0.0156787354499, 0.00765181984752, 0.0063495291397, 0.00224917707965, 0.00119056948461, 0.000825651455671, 0.00133456732146, 0.000374964816729, 0.000376455747755, 0.000358411605703, 0.000238632230321, 0.000145120269735, 0.000277589278994, 0.000208239624044, 0.000194678665139, 0.000129366555484, 0.00012045296171, 7.34480418032e-05, 8.57782724779e-05, 7.48216625652e-05, 6.17384939687e-05, 5.02520269947e-05, 6.01886058575e-05, 7.32702537789e-05, 1.08312751763e-05],
        "dvar": [9.38747907639e-05, 0.00324577162974, 0.000676840427332, 0.000169128747075, 0.00010529156134, 1.30343823912e-05, 3.82980260838e-06, 1.46871627749e-06, 5.98997712586e-06, 2.64484441459e-07, 4.98756776324e-07, 3.65644439171e-07, 1.29264748239e-07, 2.83979488813e-08, 2.11211585111e-07, 1.10397195385e-07, 8.81267041564e-08, 3.00525790919e-08, 3.01535827418e-08, 1.0437293696e-08, 1.85933277663e-08, 1.34637225813e-08, 1.26968213721e-08, 6.58325172154e-09, 1.08921573982e-08, 1.93782376812e-08, 5.68547819935e-10],
        "dvar2": [0.000187166122487, 0.00471912929788, 0.00179477257188, 0.000486038334202, 0.000301895255689, 3.5079454392e-05, 1.00454690255e-05, 4.0573518163e-06, 1.64927387232e-05, 7.37326331546e-07, 1.24561859138e-06, 9.6169230801e-07, 3.44073953329e-07, 7.18470829497e-08, 6.07378012774e-07, 3.15494872893e-07, 2.52110197607e-07, 8.40466185537e-08, 8.40731644303e-08, 2.89786576957e-08, 5.31300372586e-08, 3.85692864313e-08, 3.68504835535e-08, 1.86534965252e-08, 3.04158191966e-08, 5.46441789595e-08, 1.63758451244e-09],
        "max": [0.0988718047738, 0.519543290138, 0.215692490339, 0.140273690224, 0.105423882604, 0.0716852322221, 0.0567035265267, 0.0194352343678, 0.0393565073609, 0.00635476084426, 0.0191957820207, 0.0126976715401, 0.0109075978398, 0.00358517607674, 0.00530614843592, 0.00423266319558, 0.00423967558891, 0.00217613042332, 0.00320090376772, 0.001137839281, 0.00179746095091, 0.000967272208072, 0.00116686616093, 0.000807667034678, 0.000837357598357, 0.00139434530865, 0.000327156449202],
        "mean": [0.0125211523846, 0.0723646953702, 0.00741917314008, 0.00326992850751, 0.00294906413183, 0.00130223331507, 0.000601052015554, 0.000385660532629, 0.00061379064573, 0.000190107326489, 0.000194301712327, 0.000177979003638, 0.00012298085494, 9.0373083367e-05, 0.000121802630019, 9.33319242904e-05, 8.0145917309e-05, 5.98226069997e-05, 5.32958401891e-05, 3.47152163158e-05, 3.40953520208e-05, 2.63911497314e-05, 2.10836988117e-05, 1.73183798324e-05, 2.05639880733e-05, 2.33501305047e-05, 3.1714130273e-06],
        "median": [0.00499469414353, 0.0286525692791, 0.00130360014737, 0.000685693812557, 0.000710204883944, 0.000345761625795, 0.000155191693921, 9.14117699722e-05, 0.000108171167085, 6.17509940639e-05, 4.63806754851e-05, 4.46494850621e-05, 3.62157879863e-05, 3.31060982717e-05, 2.62585890596e-05, 2.08904712053e-05, 1.54040808411e-05, 1.38705127029e-05, 1.05503859231e-05, 7.06402624928e-06, 4.52103631687e-06, 2.11196697819e-06, 1.04163234482e-06, 5.12572682965e-07, 1.93556928707e-07, 5.4431993135e-08, 2.57151144822e-09],
        "min": [5.17249587451e-24, 1.38407207766e-23, 1.03937693854e-23, 1.93506302096e-23, 1.94907745049e-23, 3.55293359163e-23, 9.05526806672e-24, 5.03412438637e-23, 2.20272147506e-23, 4.76123152461e-23, 5.50269104022e-23, 1.03329456852e-22, 7.30409846241e-23, 1.16378831812e-22, 1.02084426085e-22, 9.91008720994e-23, 2.12870770504e-22, 1.86865611042e-22, 2.30692362665e-22, 2.78363037841e-22, 2.70579467196e-22, 3.95917752029e-22, 4.7063779869e-22, 1.13216125622e-21, 1.05934088759e-21, 1.43693025797e-21, 2.51445801187e-21],
        "var": [0.000261448032688, 0.0096352128312, 0.000480696966406, 9.87754901871e-05, 6.4215499151e-05, 1.09748189061e-05, 3.13010173159e-06, 1.07708069663e-06, 4.16866350861e-06, 1.85526161545e-07, 4.29834017268e-07, 2.78204481674e-07, 1.02337772034e-07, 2.67472159976e-08, 1.25404099549e-07, 6.63911023935e-08, 5.20335845522e-08, 1.97749852049e-08, 1.99645544541e-08, 7.10357239697e-09, 1.10306688228e-08, 7.77599051816e-09, 7.07323577487e-09, 3.90705867659e-09, 6.59629151301e-09, 1.13501279486e-08, 3.14189174677e-10]
    },
    "erbbands": {
        "dmean": [1.96285963058, 6.50391626358, 10.776974678, 11.3881778717, 13.6578474045, 11.200717926, 8.90054988861, 11.5819292068, 9.95015525818, 10.2234354019, 12.4933004379, 18.4361114502, 8.96278953552, 7.74259567261, 7.7247800827, 8.94546794891, 6.63417434692, 4.29508972168, 6.82119894028, 7.55816555023, 6.598072052, 5.88069200516, 4.09682369232, 3.8147547245, 2.873306036, 2.04701447487, 1.93577945232, 1.58614754677, 1.20170497894, 1.50473797321, 0.865779459476, 0.688405632973, 0.422517180443, 0.378100425005, 0.210471868515, 0.121794492006, 0.0835194587708, 0.0203329902142, 0.000475464999909, 5.62319910387e-05],
        "dmean2": [2.38688755035, 8.41593551636, 16.7926807404, 19.8597240448, 24.8564872742, 19.8557529449, 15.4824914932, 19.5788345337, 17.3074493408, 17.53332901, 22.1051845551, 31.9870986938, 15.3131980896, 13.261595726, 12.797996521, 15.4831371307, 11.4425401688, 6.98379325867, 11.8783006668, 13.5987977982, 11.7708845139, 10.6024627686, 7.26667261124, 6.82940673828, 5.10375404358, 3.61517429352, 3.49577188492, 2.9243979454, 2.22901391983, 2.85367393494, 1.6247729063, 1.29236245155, 0.782196640968, 0.696616828442, 0.388391703367, 0.226867333055, 0.156455159187, 0.038524184376, 0.000893392716534, 7.53271233407e-05],
        "dvar": [9.25346279144, 143.029205322, 765.912109375, 1092.47961426, 1732.34399414, 964.115844727, 626.810180664, 992.263061523, 770.875793457, 966.827453613, 1158.06518555, 3710.07788086, 490.148040771, 380.926177979, 490.007354736, 701.20111084, 306.753356934, 74.1409072876, 292.806182861, 523.773193359, 359.315704346, 251.019729614, 95.7859725952, 84.5875778198, 60.8907432556, 26.320772171, 24.4036636353, 26.9011306763, 10.7939853668, 24.8085842133, 7.88657236099, 4.23429393768, 1.67744910717, 1.43253719807, 0.463900566101, 0.153294235468, 0.0978162810206, 0.0068239136599, 3.29817407874e-06, 4.92005414188e-09],
        "dvar2": [15.3117790222, 216.016738892, 1887.08532715, 3011.20092773, 4953.02783203, 2758.35083008, 1748.57226562, 2675.99291992, 2125.69921875, 2308.30175781, 3237.73388672, 10212.8564453, 1323.98168945, 1029.62792969, 1228.86010742, 1897.29870605, 827.183288574, 187.662185669, 822.153869629, 1511.01745605, 1027.47106934, 716.046508789, 268.575531006, 237.422927856, 169.085525513, 73.4529876709, 68.4851837158, 77.2233581543, 30.6859130859, 71.8963470459, 22.7791347504, 12.0692844391, 4.74336481094, 4.00415468216, 1.29332256317, 0.42942237854, 0.276652574539, 0.0195247121155, 9.42665974435e-06, 1.07086890466e-08],
        "max": [27.5191783905, 118.626419067, 211.592727661, 337.735778809, 343.760681152, 397.522094727, 311.296234131, 664.958435059, 442.225067139, 1346.60253906, 702.809753418, 956.288146973, 416.966918945, 371.383148193, 492.068725586, 584.644348145, 498.40447998, 284.343109131, 195.723464966, 265.337005615, 244.777053833, 217.753479004, 127.433685303, 104.005279541, 176.61151123, 55.3131866455, 61.732635498, 104.00087738, 31.1482429504, 53.6367111206, 25.0760726929, 18.3129520416, 13.4948396683, 9.42093276978, 5.79140281677, 3.63609051704, 3.41223502159, 0.969239771366, 0.021455001086, 0.000613690644968],
        "mean": [3.56982922554, 10.1188259125, 10.4764213562, 9.89644813538, 10.7051525116, 10.0071468353, 8.29078388214, 11.1386632919, 8.54691314697, 9.3194103241, 10.1768684387, 14.6063995361, 7.92177772522, 6.80844020844, 7.16495943069, 7.50246763229, 5.93419551849, 4.54015731812, 5.88446521759, 5.8866648674, 5.25005674362, 4.4925661087, 3.35054636002, 3.02557992935, 2.32929897308, 1.680580616, 1.47197687626, 1.14763951302, 0.836207985878, 0.938372313976, 0.558682978153, 0.431041806936, 0.273565113544, 0.239048928022, 0.132524058223, 0.0747912302613, 0.0493491292, 0.0116646708921, 0.000310862727929, 0.000118216266856],
        "median": [1.43750953674, 3.13197016716, 2.39038705826, 2.53488445282, 2.11450433731, 2.55194187164, 2.38241052628, 2.87401556969, 2.22553658485, 2.36272621155, 2.28338575363, 2.47515559196, 2.25311875343, 2.12190032005, 2.04953813553, 1.97215509415, 1.82930028439, 1.78362989426, 1.57526254654, 1.34779942036, 1.17848157883, 0.920099079609, 0.793295145035, 0.650213479996, 0.470329284668, 0.335991859436, 0.231727421284, 0.13998220861, 0.0822472125292, 0.0486624762416, 0.0269813835621, 0.0137730184942, 0.00688325241208, 0.00289591774344, 0.00108037493192, 0.000368494074792, 0.000123396428535, 1.59388655447e-05, 3.83320111723e-05, 6.94444752298e-05],
        "min": [3.4486237132e-22, 3.53335933986e-21, 1.08768797944e-20, 6.15307281312e-20, 3.98709747109e-20, 6.09913869848e-20, 1.90822037016e-19, 3.30791879255e-19, 1.73778587955e-19, 3.96429177849e-19, 1.13255511859e-18, 5.24921785691e-19, 1.33005731114e-18, 1.41376033771e-18, 3.38013770878e-18, 4.37621764228e-18, 3.67802012982e-18, 4.42579223075e-18, 6.28992521843e-18, 5.10600931823e-18, 6.37296298499e-18, 1.15240842523e-17, 1.13954262342e-17, 1.02496247486e-17, 1.14719305147e-17, 1.13095665409e-17, 1.30447548924e-17, 1.03497491715e-17, 1.21117216312e-17, 1.76525884829e-17, 1.29815161074e-17, 1.71204797384e-17, 1.82328507195e-17, 1.20128214357e-17, 7.59826273123e-18, 4.43575768918e-18, 3.08066296507e-18, 1.33681372238e-18, 3.33481922306e-19, 3.51329261675e-20],
        "var": [23.5498008728, 312.013641357, 706.930541992, 718.534545898, 1037.24377441, 629.725463867, 440.25479126, 822.820495605, 536.233581543, 1005.41094971, 802.786560059, 2564.69824219, 374.267852783, 281.757507324, 426.496795654, 497.77822876, 234.067626953, 71.8490600586, 194.542510986, 304.24798584, 215.047637939, 150.234893799, 62.3100700378, 54.6598091125, 41.2045631409, 17.5606708527, 15.4857912064, 15.7214231491, 6.51797628403, 13.6892938614, 4.45977115631, 2.455940485, 1.00304698944, 0.867128193378, 0.281691193581, 0.0916917622089, 0.0568420886993, 0.00384336942807, 1.86750241937e-06, 1.4839105944e-08]
    },
    "gfcc": {
        "mean": [-104.854011536, 157.479888916, -83.7212982178, 36.5267601013, -23.8259754181, 10.5689926147, -11.8006229401, 4.45698690414, -5.34458017349, -0.742267429829, -2.09963417053, -3.41630983353, 0.238527685404],
        "cov": [[11642.1875, -2836.27612305, -1563.17700195, 355.720672607, -1214.53063965, 381.602050781, -895.516113281, 391.257965088, -585.753173828, 288.414978027, -508.030426025, 292.754241943, -380.497955322], [-2836.27612305, 2547.0637207, 269.120330811, -351.182067871, 630.853271484, -375.158966064, 550.265686035, -360.734588623, 385.395965576, -264.743896484, 361.2550354, -252.756332397, 304.402374268], [-1563.17700195, 269.120330811, 1558.21447754, -62.8131942749, 565.140930176, 57.4090957642, 282.950592041, 115.160049438, 135.782043457, 66.8534545898, 90.5274810791, 48.7210044861, 30.6303710938], [355.720672607, -351.182067871, -62.8131942749, 362.963806152, -11.2747783661, 116.241569519, -5.94818782806, 26.213306427, -16.0412101746, 11.8432588577, -4.16154193878, -9.76101493835, -5.29368638992], [-1214.53063965, 630.853271484, 565.140930176, -11.2747783661, 533.995666504, 6.72829055786, 325.176361084, -21.6679382324, 184.89692688, -16.7654094696, 164.009460449, -26.9632282257, 118.691062927], [381.602050781, -375.158966064, 57.4090957642, 116.241569519, 6.72829055786, 176.57208252, 7.60568094254, 94.4524612427, -15.5664205551, 48.2149162292, -24.086057663, 34.7683410645, -28.9145317078], [-895.516113281, 550.265686035, 282.950592041, -5.94818782806, 325.176361084, 7.60568094254, 336.559783936, 13.6402244568, 204.818435669, -17.9597358704, 157.43862915, -36.4280738831, 118.401306152], [391.257965088, -360.734588623, 115.160049438, 26.213306427, -21.6679382324, 94.4524612427, 13.6402244568, 164.658401489, 20.1476192474, 73.5318908691, -24.497095108, 51.9804878235, -32.1652069092], [-585.753173828, 385.395965576, 135.782043457, -16.0412101746, 184.89692688, -15.5664205551, 204.818435669, 20.1476192474, 205.412322998, 11.8943061829, 129.847183228, -17.1578712463, 95.4643096924], [288.414978027, -264.743896484, 66.8534545898, 11.8432588577, -16.7654094696, 48.2149162292, -17.9597358704, 73.5318908691, 11.8943061829, 105.385002136, 7.90108156204, 60.3703079224, -12.0928945541], [-508.030426025, 361.2550354, 90.5274810791, -4.16154193878, 164.009460449, -24.086057663, 157.43862915, -24.497095108, 129.847183228, 7.90108156204, 161.096481323, 9.55989265442, 94.3218307495], [292.754241943, -252.756332397, 48.7210044861, -9.76101493835, -26.9632282257, 34.7683410645, -36.4280738831, 51.9804878235, -17.1578712463, 60.3703079224, 9.55989265442, 103.86026001, 6.31260347366], [-380.497955322, 304.402374268, 30.6303710938, -5.29368638992, 118.691062927, -28.9145317078, 118.401306152, -32.1652069092, 95.4643096924, -12.0928945541, 94.3218307495, 6.31260347366, 120.105171204]],
        "icov": [[0.000150916006532, -8.53713863762e-05, 0.000144973033457, -0.000129561769427, 3.86401807191e-05, -0.000111992565508, 0.000122945959447, -0.000348840723746, 0.00019341679581, -0.000243249494815, 0.000193065687199, -0.000296038022498, 5.77374485147e-05], [-8.53713863762e-05, 0.00397111522034, -0.000269975716947, 0.00273352628574, -0.00100757100154, 0.00225982372649, -0.00162330386229, 0.00348261720501, -0.00156864558812, 0.00343855656683, -0.00351827056147, 0.0051447218284, -0.00198745727539], [0.000144973033457, -0.000269975716947, 0.00154663051944, -0.000168621583725, -0.00192203745246, 0.000359044846846, 0.000132211149321, -0.0014211491216, 0.000480390561279, -0.000742705189623, 0.000945012434386, -0.00131053605583, 0.00108669279143], [-0.000129561769427, 0.00273352628574, -0.000168621583725, 0.0058329696767, -0.000657292606775, -0.00180582504254, -0.000269425596343, 0.00266618840396, -0.000601085484959, 0.00226261955686, -0.00371495145373, 0.00573060940951, -0.00252210814506], [3.86401807191e-05, -0.00100757100154, -0.00192203745246, -0.000657292606775, 0.00809132680297, -0.00209636660293, -0.00492404401302, 0.00255171232857, 0.000617352430709, -0.00117605051491, -0.000110910652438, -0.00110949121881, -0.000289606163278], [-0.000111992565508, 0.00225982372649, 0.000359044846846, -0.00180582504254, -0.00209636660293, 0.0136142838746, -0.00344493775629, -0.00318385683931, 0.00179063738324, 0.000486995850224, -0.00048406154383, 0.000781088601798, 0.00060409255093], [0.000122945959447, -0.00162330386229, 0.000132211149321, -0.000269425596343, -0.00492404401302, -0.00344493775629, 0.0178096611053, -0.00692778360099, -0.00543981138617, 0.00290181534365, -0.00402331771329, 0.00319043011405, -0.00330960843712], [-0.000348840723746, 0.00348261720501, -0.0014211491216, 0.00266618840396, 0.00255171232857, -0.00318385683931, -0.00692778360099, 0.0213629063219, -0.00786862149835, -0.00197579548694, 0.00362046901137, -0.00169132614974, 0.00311174639501], [0.00019341679581, -0.00156864558812, 0.000480390561279, -0.000601085484959, 0.000617352430709, 0.00179063738324, -0.00543981138617, -0.00786862149835, 0.0207479838282, -0.00603436119854, -0.00620370591059, 0.00475419266149, -0.00496104825288], [-0.000243249494815, 0.00343855656683, -0.000742705189623, 0.00226261955686, -0.00117605051491, 0.000486995850224, 0.00290181534365, -0.00197579548694, -0.00603436119854, 0.0235119871795, -0.00675165420398, -0.00296891178004, 0.00131524412427], [0.000193065687199, -0.00351827056147, 0.000945012434386, -0.00371495145373, -0.000110910652438, -0.00048406154383, -0.00402331771329, 0.00362046901137, -0.00620370591059, -0.00675165420398, 0.0251197572798, -0.0123541448265, -0.00077401404269], [-0.000296038022498, 0.0051447218284, -0.00131053605583, 0.00573060940951, -0.00110949121881, 0.000781088601798, 0.00319043011405, -0.00169132614974, 0.00475419266149, -0.00296891178004, -0.0123541448265, 0.0299088470638, -0.0116515066475], [5.77374485147e-05, -0.00198745727539, 0.00108669279143, -0.00252210814506, -0.000289606163278, 0.00060409255093, -0.00330960843712, 0.00311174639501, -0.00496104825288, 0.00131524412427, -0.00077401404269, -0.0116515066475, 0.0229813344777]]
    },
    "melbands": {
        "dmean": [0.0134092718363, 0.00566505361348, 0.00202844198793, 0.000896462239325, 0.000339322548825, 0.000258086191025, 0.000149613973917, 0.000107802741695, 0.000112726665975, 0.000109128843178, 4.13982452301e-05, 3.00990195683e-05, 2.96870166494e-05, 2.26219781325e-05, 2.20091733354e-05, 1.0885742995e-05, 7.74530053604e-06, 1.05136978164e-05, 1.17721756396e-05, 8.70355142979e-06, 7.64580363466e-06, 6.79904951539e-06, 3.94130984205e-06, 3.48741787093e-06, 3.11447593049e-06, 2.43968906943e-06, 1.63808431353e-06, 1.28350620798e-06, 1.11195288355e-06, 1.25728638523e-06, 8.12818427676e-07, 5.546823445e-07, 9.86361101241e-07, 7.51579136704e-07, 4.8430302968e-07, 4.76294530927e-07, 3.96851277173e-07, 2.84546473495e-07, 3.27812472278e-07, 2.98744652127e-07],
        "dmean2": [0.0157284606248, 0.00793691631407, 0.00347690680064, 0.00162173749413, 0.000589378003497, 0.000435277499491, 0.000259457417997, 0.000185519063962, 0.000201010640012, 0.000187973957509, 7.08633524482e-05, 5.16108520969e-05, 4.92756516906e-05, 3.83197657357e-05, 3.92546353396e-05, 1.82184849109e-05, 1.26621962409e-05, 1.81052928383e-05, 2.13488201553e-05, 1.55866528075e-05, 1.36669768835e-05, 1.23716063172e-05, 6.94484970154e-06, 6.22001607553e-06, 5.59284717383e-06, 4.37710104961e-06, 2.90022308036e-06, 2.26725433095e-06, 1.97791837309e-06, 2.32969205172e-06, 1.49868583321e-06, 1.0145683973e-06, 1.87593195733e-06, 1.42402325309e-06, 9.07904563974e-07, 8.9711994633e-07, 7.45465229102e-07, 5.27335146217e-07, 6.06682988291e-07, 5.50357867724e-07],
        "dvar": [0.000381180434488, 0.00014361878857, 3.26805420627e-05, 6.89167472956e-06, 8.71658130563e-07, 4.86635030938e-07, 1.72824258016e-07, 9.86258470448e-08, 1.07452692077e-07, 1.25428286424e-07, 1.06205693129e-08, 5.54042633993e-09, 9.05129127204e-09, 4.45475656363e-09, 4.60075266773e-09, 6.05100858309e-10, 2.43639053377e-10, 5.93631366286e-10, 1.37313915793e-09, 6.30638041788e-10, 4.83596329648e-10, 3.68437169662e-10, 8.01946495321e-11, 7.22801402064e-11, 5.66380206624e-11, 4.80588867313e-11, 1.90063433742e-11, 9.98361116e-12, 6.83904755744e-12, 1.41691415545e-11, 7.45772801153e-12, 2.03442796463e-12, 9.56512039713e-12, 7.06213082804e-12, 2.56728666104e-12, 2.19814921473e-12, 1.45220250755e-12, 7.88111980191e-13, 1.05407078465e-12, 9.04894865636e-13],
        "dvar2": [0.000593661039602, 0.000279825966572, 8.83623433765e-05, 1.97804365598e-05, 2.45125534093e-06, 1.30919227104e-06, 4.73749508956e-07, 2.43692653612e-07, 3.02981675304e-07, 3.42621916616e-07, 2.85775012543e-08, 1.50231667106e-08, 2.23778737762e-08, 1.14273470686e-08, 1.29855024511e-08, 1.5712082746e-09, 6.11887873703e-10, 1.63131919084e-09, 3.97015442744e-09, 1.81178105851e-09, 1.38072553391e-09, 1.05608510825e-09, 2.21723223115e-10, 2.02730512933e-10, 1.5893517058e-10, 1.32613933723e-10, 5.34537518415e-11, 2.76598952076e-11, 1.87045830213e-11, 4.06592190472e-11, 2.14296913548e-11, 5.72319752354e-12, 2.75961545282e-11, 2.0555170413e-11, 7.42439096313e-12, 6.3191847588e-12, 4.13548665798e-12, 2.23831456841e-12, 2.96138374239e-12, 2.52784815649e-12],
        "max": [0.177586615086, 0.106249712408, 0.0570174306631, 0.0246110968292, 0.0102505274117, 0.0145552419126, 0.00627546245232, 0.0128803458065, 0.00712107354775, 0.00567355006933, 0.00216177944094, 0.00133497011848, 0.00248963921331, 0.0017251042882, 0.00152341916692, 0.00069622247247, 0.000479879556224, 0.000293493445497, 0.000441650860012, 0.000302257976728, 0.000291299715172, 0.000266008893959, 0.000114828908409, 0.000110014370875, 8.93822507351e-05, 0.000197421104531, 6.11266732449e-05, 3.51010239683e-05, 5.02003967995e-05, 4.14438873122e-05, 5.74656696699e-05, 1.55164616444e-05, 2.80794556602e-05, 3.16552068398e-05, 1.49867701111e-05, 1.43615679917e-05, 1.01935929706e-05, 1.0507576917e-05, 8.2984488472e-06, 8.37275365484e-06],
        "mean": [0.0251528713852, 0.00805310811847, 0.00179934082553, 0.000738568895031, 0.000324825814459, 0.000250198878348, 0.00012942145986, 9.6872652648e-05, 8.90185547178e-05, 8.77161000972e-05, 3.67193824786e-05, 2.6387268008e-05, 2.65853959718e-05, 1.97546924028e-05, 1.77202891791e-05, 1.04947466752e-05, 8.09535140434e-06, 9.25372751226e-06, 8.92136449693e-06, 6.84612177793e-06, 5.9885292103e-06, 5.00440546602e-06, 3.2500342968e-06, 2.78781885754e-06, 2.42328337663e-06, 1.9327053451e-06, 1.33512457978e-06, 1.04340449525e-06, 8.83153632003e-07, 8.75807984357e-07, 5.88437444549e-07, 4.07629528354e-07, 6.08193829521e-07, 4.71474294272e-07, 3.15201305057e-07, 2.97483126133e-07, 2.47822470101e-07, 1.85329739111e-07, 2.07413378916e-07, 1.88902859577e-07],
        "median": [0.0102434139699, 0.00249996781349, 0.000478708359879, 0.000180135757546, 0.000100705634395, 6.62971433485e-05, 3.33610150847e-05, 2.41884354182e-05, 1.80401857506e-05, 1.50195264723e-05, 1.06268635136e-05, 8.06347725302e-06, 6.72050282446e-06, 5.29145563632e-06, 4.38247388956e-06, 3.56615782948e-06, 3.04830746245e-06, 2.45509681918e-06, 1.87847138022e-06, 1.52539962528e-06, 1.2422783584e-06, 9.26604855067e-07, 7.72228645474e-07, 6.17709531525e-07, 4.99311965996e-07, 3.64864661151e-07, 2.64159808694e-07, 1.95980334183e-07, 1.50867322191e-07, 1.04923969957e-07, 6.94712696259e-08, 4.67680791871e-08, 3.33571037459e-08, 2.31321646282e-08, 1.56786335026e-08, 1.06554516321e-08, 7.05586078453e-09, 4.97665997301e-09, 3.24434390464e-09, 2.03655980968e-09],
        "min": [4.32340938348e-24, 5.22596171122e-24, 1.06769136524e-23, 3.32464245214e-24, 5.85475051143e-24, 6.9361131517e-24, 2.4344906234e-24, 5.87670372156e-24, 8.0034372233e-24, 3.14414732994e-24, 7.18850683174e-24, 6.09988785444e-24, 1.00595021986e-23, 1.30545246435e-23, 7.53916497044e-24, 6.3214619222e-24, 8.543519798e-24, 1.0492873192e-23, 8.47408978315e-24, 5.56195058696e-24, 8.31639175503e-24, 1.12185439722e-23, 1.19297604539e-23, 9.57120518684e-24, 7.15495263314e-24, 7.55036363985e-24, 9.16759002671e-24, 6.76517882645e-24, 9.70897658849e-24, 6.33301597345e-24, 5.8823941697e-24, 5.55280453363e-24, 8.84500350332e-24, 1.05448315156e-23, 7.02311031005e-24, 8.80164613024e-24, 1.09647043101e-23, 1.11673390108e-23, 1.39638682748e-23, 8.72930442979e-24],
        "var": [0.0011108199833, 0.000237531523453, 2.25026160479e-05, 4.15038402934e-06, 6.01957140134e-07, 4.07514164635e-07, 1.23100917904e-07, 9.62095967338e-08, 7.13665855301e-08, 8.8956738864e-08, 8.22272028245e-09, 4.09191569517e-09, 7.98710608763e-09, 3.58968943459e-09, 2.93013280306e-09, 5.31199473297e-10, 2.37235786571e-10, 4.28490409821e-10, 7.89174892102e-10, 3.72484570965e-10, 2.90237806011e-10, 2.15653050972e-10, 5.47886944147e-11, 4.66871229177e-11, 3.64565912181e-11, 3.27904786657e-11, 1.24096028592e-11, 6.77730354476e-12, 4.78501569964e-12, 8.19931275653e-12, 4.36631069842e-12, 1.31899482655e-12, 5.30413733768e-12, 3.87385696438e-12, 1.45241631222e-12, 1.24746892503e-12, 8.43341726748e-13, 4.68618796112e-13, 6.3230508069e-13, 5.48251873587e-13]
    },
    "mfcc": {
        "mean": [-753.178649902, 181.162445068, 16.7290458679, 38.6823730469, 18.3975448608, 17.3466205597, 11.089053154, 11.4557437897, 7.65242624283, 8.07043743134, 4.93016719818, 4.90934896469, 3.36852264404],
        "cov": [[10242.1923828, -2026.36853027, -1550.49475098, -167.806945801, -767.29107666, -296.824127197, -508.386169434, -221.074890137, -270.620849609, -184.593475342, -236.836029053, -128.882598877, -128.77772522], [-2026.36853027, 2210.32128906, 213.057449341, 59.7577781677, 195.081192017, 70.3105621338, 176.568725586, 48.3886871338, 86.4210510254, 63.2005500793, 74.1876602173, 54.3461837769, 31.8423690796], [-1550.49475098, 213.057449341, 899.027282715, 51.0822715759, 275.032348633, 57.5680007935, 136.766815186, 85.7363510132, 88.8486709595, 50.1107940674, 83.0984344482, 40.1930541992, 53.1856155396], [-167.806945801, 59.7577781677, 51.0822715759, 265.076751709, 84.4110565186, 112.958251953, 78.6738510132, 47.476108551, 34.9204139709, 41.0858802795, 25.4004383087, 24.8020076752, 24.1564617157], [-767.29107666, 195.081192017, 275.032348633, 84.4110565186, 210.133956909, 89.6728820801, 103.721405029, 55.4212265015, 48.4373207092, 32.201084137, 40.4094734192, 27.1103134155, 34.6950759888], [-296.824127197, 70.3105621338, 57.5680007935, 112.958251953, 89.6728820801, 151.524368286, 88.2437210083, 51.0155715942, 37.5924263, 31.3637161255, 25.4812812805, 26.2434749603, 25.543384552], [-508.386169434, 176.568725586, 136.766815186, 78.6738510132, 103.721405029, 88.2437210083, 142.841308594, 73.2147979736, 56.6823692322, 43.5888214111, 43.7477035522, 31.8059692383, 30.9759674072], [-221.074890137, 48.3886871338, 85.7363510132, 47.476108551, 55.4212265015, 51.0155715942, 73.2147979736, 109.307861328, 63.3028869629, 48.0507354736, 42.5625190735, 31.0686626434, 27.3897762299], [-270.620849609, 86.4210510254, 88.8486709595, 34.9204139709, 48.4373207092, 37.5924263, 56.6823692322, 63.3028869629, 102.612960815, 62.8341941833, 42.8460464478, 32.0191841125, 21.2683773041], [-184.593475342, 63.2005500793, 50.1107940674, 41.0858802795, 32.201084137, 31.3637161255, 43.5888214111, 48.0507354736, 62.8341941833, 86.4628829956, 54.1751937866, 33.1863555908, 20.9843463898], [-236.836029053, 74.1876602173, 83.0984344482, 25.4004383087, 40.4094734192, 25.4812812805, 43.7477035522, 42.5625190735, 42.8460464478, 54.1751937866, 79.9633331299, 46.7990226746, 29.7263374329], [-128.882598877, 54.3461837769, 40.1930541992, 24.8020076752, 27.1103134155, 26.2434749603, 31.8059692383, 31.0686626434, 32.0191841125, 33.1863555908, 46.7990226746, 68.0574188232, 41.955657959], [-128.77772522, 31.8423690796, 53.1856155396, 24.1564617157, 34.6950759888, 25.543384552, 30.9759674072, 27.3897762299, 21.2683773041, 20.9843463898, 29.7263374329, 41.955657959, 68.4122772217]],
