{
"lowlevel": {
    "average_loudness": 0.923267304897,
    "barkbands_crest": {
        "dmean": 3.49755883217,
        "dmean2": 5.69534778595,
        "dvar": 12.9737205505,
        "dvar2": 30.0434360504,
        "max": 26.3056278229,
        "mean": 17.7356262207,
        "median": 19.1464042664,
        "min": 3.02019739151,
        "var": 33.5956306458
    },
    "barkbands_flatness_db": {
        "dmean": 0.0554130151868,
        "dmean2": 0.0817502588034,
        "dvar": 0.00413833046332,
        "dvar2": 0.00886602234095,
        "max": 0.779758453369,
        "mean": 0.293280869722,
        "median": 0.283973693848,
        "min": 0.0181298349053,
        "var": 0.0187411960214
    },
    "barkbands_kurtosis": {
        "dmean": 55.5601730347,
        "dmean2": 85.8339538574,
        "dvar": 8820.36523438,
        "dvar2": 20044.1269531,
        "max": 881.102111816,
        "mean": 93.4191513062,
        "median": 27.2449703217,
        "min": -1.88651692867,
        "var": 21995.4160156
    },
    "barkbands_skewness": {
        "dmean": 2.06854271889,
        "dmean2": 3.14881157875,
        "dvar": 6.35612630844,
        "dvar2": 13.5602998734,
        "max": 22.2437515259,
        "mean": 5.49290466309,
        "median": 4.27666950226,
        "min": -2.16567206383,
        "var": 20.7758522034
    },
    "barkbands_spread": {
        "dmean": 4.81526231766,
        "dmean2": 8.27502346039,
        "dvar": 85.2251815796,
        "dvar2": 220.60697937,
        "max": 144.630371094,
        "mean": 7.76132154465,
        "median": 3.52738189697,
        "min": 0.0627061650157,
        "var": 123.649330139
    },
    "dissonance": {
        "dmean": 0.0345650613308,
        "dmean2": 0.0579767934978,
        "dvar": 0.00144136184826,
        "dvar2": 0.00392645318061,
        "max": 0.500000119209,
        "mean": 0.430348962545,
        "median": 0.443848311901,
        "min": 0.0410070978105,
        "var": 0.00352607201785
    },
    "dynamic_complexity": 4.91817712784,
    "erbbands_crest": {
        "dmean": 2.90515446663,
        "dmean2": 4.58443832397,
        "dvar": 8.56669616699,
        "dvar2": 19.1146316528,
        "max": 30.7489643097,
        "mean": 10.5212945938,
        "median": 9.44053554535,
        "min": 2.40046930313,
        "var": 28.3395061493
    },
    "erbbands_flatness_db": {
        "dmean": 0.0266762915999,
        "dmean2": 0.0393434651196,
        "dvar": 0.000782974238973,
        "dvar2": 0.00179558445234,
        "max": 0.532046020031,
        "mean": 0.170649722219,
        "median": 0.146222740412,
        "min": 0.0482677593827,
        "var": 0.00717471400276
    },
    "erbbands_kurtosis": {
        "dmean": 3.7780354023,
        "dmean2": 6.05762863159,
        "dvar": 103.949073792,
        "dvar2": 244.12298584,
        "max": 189.090957642,
        "mean": 4.70947980881,
        "median": 0.732099056244,
        "min": -1.8282084465,
        "var": 198.564758301
    },
    "erbbands_skewness": {
        "dmean": 0.626499831676,
        "dmean2": 0.987471938133,
        "dvar": 0.657062709332,
        "dvar2": 1.48312449455,
        "max": 11.2718858719,
        "mean": 1.25284421444,
        "median": 0.881342172623,
        "min": -3.26202082634,
        "var": 2.06310629845
    },
    "erbbands_spread": {
        "dmean": 13.2948646545,
        "dmean2": 21.1444644928,
        "dvar": 339.626647949,
        "dvar2": 812.676391602,
        "max": 176.70463562,
        "mean": 40.0183677673,
        "median": 36.5393676758,
        "min": 1.10883677006,
        "var": 662.378967285
    },
    "hfc": {
        "dmean": 10.4365911484,
        "dmean2": 17.8125934601,
        "dvar": 433.04385376,
        "dvar2": 1146.78015137,
        "max": 210.991317749,
        "mean": 14.8968935013,
        "median": 9.81704330444,
        "min": 1.14655557646e-16,
        "var": 454.062194824
    },
    "melbands_crest": {
        "dmean": 4.22928571701,
        "dmean2": 6.60249900818,
        "dvar": 23.0240650177,
        "dvar2": 42.1002845764,
        "max": 39.9530639648,
        "mean": 26.265838623,
        "median": 28.5220870972,
        "min": 1.0011934042,
        "var": 80.5177764893
    },
    "melbands_flatness_db": {
        "dmean": 0.0623635388911,
        "dmean2": 0.0915120691061,
        "dvar": 0.00557767041028,
        "dvar2": 0.0119677996263,
        "max": 0.871682584286,
        "mean": 0.396472752094,
        "median": 0.39126342535,
        "min": 1.7688766718e-07,
        "var": 0.02635397017
    },
    "melbands_kurtosis": {
        "dmean": 126.88256073,
        "dmean2": 195.288284302,
        "dvar": 164752.09375,
        "dvar2": 436321.15625,
        "max": 16156.3046875,
        "mean": 191.103790283,
        "median": 50.2737960815,
        "min": -1.28770279884,
        "var": 188671.796875
    },
    "melbands_skewness": {
        "dmean": 2.67803859711,
        "dmean2": 4.06940984726,
        "dvar": 17.0832195282,
        "dvar2": 37.2259864807,
        "max": 106.937919617,
        "mean": 7.14171600342,
        "median": 5.15155744553,
        "min": -0.841596841812,
        "var": 41.1481246948
    },
    "melbands_spread": {
        "dmean": 4.03270292282,
        "dmean2": 6.59259986877,
        "dvar": 61.6004943848,
        "dvar2": 148.153320312,
        "max": 174.619033813,
        "mean": 7.28912830353,
        "median": 2.92789793015,
        "min": 0.0101691475138,
        "var": 142.702758789
    },
    "pitch_salience": {
        "dmean": 0.101454466581,
        "dmean2": 0.157649517059,
        "dvar": 0.011637724936,
        "dvar2": 0.0231997761875,
        "max": 0.997746646404,
        "mean": 0.327323913574,
        "median": 0.304605811834,
        "min": 0.0126393251121,
        "var": 0.0375227183104
    },
    "silence_rate_20dB": {
        "dmean": 0.00125172117259,
        "dmean2": 0.00250375573523,
        "dvar": 0.00125020986889,
        "dvar2": 0.00324880820699,
        "max": 1,
        "mean": 0.998873591423,
        "median": 1,
        "min": 0,
        "var": 0.00112507177982
    },
    "silence_rate_30dB": {
        "dmean": 0.118412815034,
        "dmean2": 0.23685528338,
        "dvar": 0.104394301772,
        "dvar2": 0.199545040727,
        "max": 1,
        "mean": 0.507759690285,
        "median": 1,
        "min": 0,
        "var": 0.249940305948
    },
    "silence_rate_60dB": {
        "dmean": 0.0555764175951,
        "dmean2": 0.111166752875,
        "dvar": 0.0524836219847,
        "dvar2": 0.108814403415,
        "max": 1,
        "mean": 0.149812266231,
        "median": 0,
        "min": 0,
        "var": 0.127379521728
    },
    "spectral_centroid": {
        "dmean": 243.660324097,
        "dmean2": 398.582641602,
        "dvar": 126029.109375,
        "dvar2": 307841.71875,
        "max": 10966.4082031,
        "mean": 734.395263672,
        "median": 563.113647461,
        "min": 59.3542098999,
        "var": 370170.78125
    },
    "spectral_complexity": {
        "dmean": 3.42746281624,
        "dmean2": 5.67526292801,
        "dvar": 28.388710022,
        "dvar2": 71.7332229614,
        "max": 46,
        "mean": 8.4446811676,
        "median": 6,
        "min": 0,
        "var": 62.1378517151
    },
    "spectral_decrease": {
        "dmean": 9.87586989964e-09,
        "dmean2": 1.4706779794e-08,
        "dvar": 1.49695404849e-16,
        "dvar2": 2.82585543676e-16,
        "max": 8.06299117532e-29,
        "mean": -2.47136391351e-08,
        "median": -2.19327951356e-08,
        "min": -9.9982699453e-08,
        "var": 5.27817304955e-16
    },
    "spectral_energy": {
        "dmean": 0.0375503450632,
        "dmean2": 0.0557777173817,
        "dvar": 0.00214791623875,
        "dvar2": 0.00403744820505,
        "max": 0.379896044731,
        "mean": 0.0946260392666,
        "median": 0.0853810012341,
        "min": 1.03099177625e-20,
        "var": 0.00760400202125
    },
    "spectral_energyband_high": {
        "dmean": 0.000594253942836,
        "dmean2": 0.00110774999484,
        "dvar": 2.36470236814e-06,
        "dvar2": 6.71698580845e-06,
        "max": 0.0250415373594,
        "mean": 0.000491861486807,
        "median": 5.87559406995e-05,
        "min": 7.59265206853e-21,
        "var": 1.72776287855e-06
    },
    "spectral_energyband_low": {
        "dmean": 0.0346849784255,
        "dmean2": 0.0530820451677,
        "dvar": 0.00225265952758,
        "dvar2": 0.00431345449761,
        "max": 0.347686588764,
        "mean": 0.081400975585,
        "median": 0.0462650507689,
        "min": 6.84806743943e-23,
        "var": 0.00747683318332
    },
    "spectral_energyband_middle_high": {
        "dmean": 0.00149095675442,
        "dmean2": 0.00256089284085,
        "dvar": 1.46078700709e-05,
        "dvar2": 3.63303624908e-05,
        "max": 0.131518632174,
        "mean": 0.00204953318462,
        "median": 0.000315279059578,
        "min": 1.40815533845e-21,
        "var": 2.26211705012e-05
    },
    "spectral_energyband_middle_low": {
        "dmean": 0.00832703802735,
        "dmean2": 0.0133990896866,
        "dvar": 0.000271853932645,
        "dvar2": 0.000598964805249,
        "max": 0.216158360243,
        "mean": 0.0112610114738,
        "median": 0.00279362779111,
        "min": 1.73225436063e-22,
        "var": 0.000448857696028
    },
    "spectral_entropy": {
        "dmean": 0.382545500994,
        "dmean2": 0.611370384693,
        "dvar": 0.215909704566,
        "dvar2": 0.563512027264,
        "max": 9.80623340607,
        "mean": 6.96656227112,
        "median": 7.19005584717,
        "min": 3.63806247711,
        "var": 0.735605597496
    },
    "spectral_flux": {
        "dmean": 0.0756822824478,
        "dmean2": 0.120886899531,
        "dvar": 0.00735379941761,
        "dvar2": 0.0156453475356,
        "max": 0.466425001621,
        "mean": 0.117963045835,
        "median": 0.0787126347423,
        "min": 6.5631534929e-11,
        "var": 0.0110523262993
    },
    "spectral_kurtosis": {
        "dmean": 6.46365833282,
        "dmean2": 10.3619470596,
        "dvar": 366.753997803,
        "dvar2": 909.103942871,
        "max": 527.561279297,
        "mean": 15.7496881485,
        "median": 4.6733751297,
        "min": -1.21789753437,
        "var": 1657.97485352
    },
    "spectral_rms": {
        "dmean": 0.00195770896971,
        "dmean2": 0.00283810053952,
        "dvar": 5.46709543414e-06,
        "dvar2": 8.60414002091e-06,
        "max": 0.0192517600954,
        "mean": 0.00806303694844,
        "median": 0.00912680104375,
        "min": 3.17150689391e-12,
        "var": 2.73056612059e-05
    },
    "spectral_rolloff": {
        "dmean": 246.279708862,
        "dmean2": 435.819000244,
        "dvar": 495396.40625,
        "dvar2": 1252051.75,
        "max": 18712.3535156,
        "mean": 448.598937988,
        "median": 107.666015625,
        "min": 21.533203125,
        "var": 823669.125
    },
    "spectral_skewness": {
        "dmean": 0.519871711731,
        "dmean2": 0.830723464489,
        "dvar": 0.661149501801,
        "dvar2": 1.59815216064,
        "max": 18.0914859772,
        "mean": 2.48688173294,
        "median": 1.83944892883,
        "min": -0.0370670072734,
        "var": 4.33690738678
    },
    "spectral_spread": {
        "dmean": 1021756.6875,
        "dmean2": 1599893,
        "dvar": 1.8032974889e+12,
        "dvar2": 4.34116336026e+12,
        "max": 41758232,
        "mean": 5049139.5,
        "median": 4912667.5,
        "min": 199108.578125,
        "var": 5.04244994048e+12
    },
    "spectral_strongpeak": {
        "dmean": 0.328435391188,
        "dmean2": 0.523982703686,
        "dvar": 0.313158839941,
        "dvar2": 0.635211765766,
        "max": 14.8130569458,
        "mean": 0.687768101692,
        "median": 0.537758946419,
        "min": 0,
        "var": 0.747118234634
    },
    "zerocrossingrate": {
        "dmean": 0.00670318678021,
        "dmean2": 0.00821385905147,
        "dvar": 0.000108495914901,
        "dvar2": 0.000128959334688,
        "max": 0.62939453125,
        "mean": 0.0197486244142,
        "median": 0.01025390625,
        "min": 0,
        "var": 0.000709373212885
    },
    "barkbands": {
        "dmean": [0.00595320342109, 0.0298192985356, 0.00314485374838, 0.00275534694083, 0.00271948170848, 0.00133590283804, 0.000653477443848, 0.00100284733344, 0.00110707886051, 0.00059204082936, 0.000171497711563, 0.00015713745961, 0.000115032817121, 0.000155421512318, 0.000140926742461, 9.38698794926e-05, 0.000132849978399, 7.4203897384e-05, 8.02780632512e-05, 6.90869055688e-05, 7.51834013499e-05, 9.47374137468e-05, 7.56590015953e-05, 8.50816068123e-05, 0.000127709543449, 0.000112694156996, 3.59297860086e-06],
        "dmean2": [0.00925452914089, 0.0442497320473, 0.00577292218804, 0.0046468465589, 0.00428823428228, 0.00226347753778, 0.0010754482355, 0.00179303088225, 0.00193327735178, 0.001027815626, 0.000279054394923, 0.000261362525634, 0.00019746927137, 0.000264869478997, 0.000240679379203, 0.000165862220456, 0.000226335658226, 0.000124206329929, 0.000142188204336, 0.000120044729556, 0.00013470966951, 0.000173871274455, 0.000139447904075, 0.000158993483637, 0.00024487869814, 0.0002191215317, 6.69233713779e-06],
        "dvar": [6.81855890434e-05, 0.0017626886256, 6.18748308625e-05, 4.36017398897e-05, 4.76395798614e-05, 1.97113040485e-05, 1.45798185258e-05, 1.65200908668e-05, 1.64261455211e-05, 5.94797711528e-06, 3.42825046573e-07, 2.29676132335e-07, 1.85112355666e-07, 4.91668458835e-07, 1.93013761418e-07, 6.01644316589e-08, 1.86114093026e-07, 3.91207350958e-08, 1.02808300539e-07, 2.85307795167e-08, 3.64219161497e-08, 6.09477339708e-08, 3.92040888642e-08, 5.19525222842e-08, 1.29160014239e-07, 1.22834435956e-07, 1.09632483647e-10],
        "dvar2": [0.000173897264176, 0.00331850466318, 0.000171646985109, 0.000112387053377, 9.82768833637e-05, 3.64253501175e-05, 3.18823986163e-05, 4.09621534345e-05, 3.93474183511e-05, 1.4750846276e-05, 7.77062098223e-07, 4.72060065704e-07, 3.90898691194e-07, 1.16655940019e-06, 4.85054840738e-07, 1.53958296778e-07, 4.56391404668e-07, 8.67348646238e-08, 2.29328335877e-07, 6.95162327702e-08, 9.59660511057e-08, 1.66885357089e-07, 1.07582010855e-07, 1.48150093082e-07, 3.72037050056e-07, 3.56994746653e-07, 3.10047543195e-10],
        "max": [0.118444651365, 0.334981918335, 0.133790373802, 0.0905416309834, 0.180706769228, 0.175073102117, 0.156811058521, 0.122234106064, 0.116996750236, 0.110945209861, 0.0187728200108, 0.0180844236165, 0.0183467753232, 0.0282629653811, 0.0113625507802, 0.00495853601024, 0.0195177271962, 0.00528432382271, 0.0131148919463, 0.00346494093537, 0.00656780228019, 0.00863367225975, 0.00586821744218, 0.0032968360465, 0.00332102691755, 0.00236657541245, 0.000129247957375],
        "mean": [0.0104431994259, 0.0677437782288, 0.00273689394817, 0.00284822820686, 0.00330794393085, 0.00160034967121, 0.000951199966948, 0.00103429192677, 0.00131453818176, 0.000688893254846, 0.000243081987719, 0.000209941863432, 0.000143688404933, 0.000202137423912, 0.000169576655026, 0.000105773571704, 0.000158198716235, 9.80690601864e-05, 9.06346831471e-05, 8.60640502651e-05, 7.83198047429e-05, 8.55216421769e-05, 6.7986366048e-05, 6.67746062391e-05, 8.14492013888e-05, 6.67304339004e-05, 2.64758728008e-06],
        "median": [0.00636666081846, 0.0319905206561, 0.000415213376982, 0.000498753855936, 0.000291352916975, 0.000124285987113, 7.09576706868e-05, 8.38888954604e-05, 0.000139392592246, 4.16601651523e-05, 1.7308666429e-05, 1.9890096155e-05, 1.08491994979e-05, 1.30297139549e-05, 1.61325606314e-05, 8.27037092677e-06, 1.01765908767e-05, 1.07377118184e-05, 6.46392618364e-06, 9.23094921745e-06, 8.38140749693e-06, 9.75941293291e-06, 9.30987516767e-06, 7.19883337297e-06, 4.88238765683e-06, 3.27816405843e-06, 2.06282436466e-07],
        "min": [3.24210882656e-23, 3.1907025479e-23, 1.78250947035e-23, 1.16890900358e-23, 4.71289927913e-23, 3.00685693622e-23, 1.11271528586e-23, 3.03434148125e-23, 2.78820267932e-23, 7.33398682439e-23, 3.47918203897e-23, 8.55655840659e-23, 5.82098126934e-23, 9.44571887383e-23, 1.04029668724e-22, 7.06556396407e-23, 1.07543526564e-22, 1.85926866565e-22, 3.0535588902e-22, 2.41166491733e-22, 4.29396857385e-22, 5.87060844578e-22, 7.01138562818e-22, 7.29939129783e-22, 1.14561596684e-21, 1.57584257968e-21, 2.34329422908e-21],
        "var": [0.000175829831278, 0.00577723281458, 5.06627839059e-05, 4.59875300294e-05, 9.56717121881e-05, 5.04636591359e-05, 3.1763323932e-05, 2.50034609053e-05, 2.62932353507e-05, 8.7706348495e-06, 6.6440458113e-07, 4.87571753638e-07, 3.93102254748e-07, 8.59968110944e-07, 2.70975135663e-07, 8.07304729733e-08, 2.75201557542e-07, 7.47993382788e-08, 1.99284912128e-07, 5.25863796952e-08, 5.39545190748e-08, 5.89349937741e-08, 3.9752741543e-08, 3.49850317605e-08, 7.24640827343e-08, 6.58318413116e-08, 7.24887441739e-11]
    },
    "erbbands": {
        "dmean": [1.61750733852, 4.95652246475, 4.45723199844, 7.23024225235, 10.3039016724, 7.0096244812, 10.2966537476, 8.8083820343, 9.76881408691, 7.72838449478, 34.7761154175, 21.3575325012, 16.2067432404, 12.8137865067, 5.56114006042, 6.1245265007, 5.7806930542, 6.65610122681, 7.08259773254, 6.33875513077, 5.42065000534, 7.92159175873, 3.64871025085, 4.80375576019, 3.90851306915, 3.05469179153, 2.71992349625, 3.28575611115, 3.32362174988, 2.95582556725, 2.22893309593, 2.07378554344, 1.16097939014, 1.03851354122, 1.08886706829, 0.704311013222, 0.172981366515, 0.0164344552904, 0.000423707155278, 4.80308372062e-05],
        "dmean2": [2.13815903664, 8.48209190369, 8.21614456177, 12.6360988617, 16.6850967407, 11.3474292755, 17.1419315338, 15.2968645096, 15.9499769211, 13.4320697784, 61.5453872681, 37.6675300598, 27.9027042389, 22.315694809, 9.37636566162, 10.1430740356, 9.70402622223, 11.5571327209, 11.9232568741, 10.9075164795, 9.50192737579, 13.26912117, 6.14357042313, 8.1143693924, 7.03199768066, 5.34594345093, 4.82809209824, 5.82940340042, 6.02829408646, 5.44376945496, 4.13920593262, 3.91759896278, 2.13275718689, 1.95811998844, 2.09989452362, 1.37428033352, 0.335398644209, 0.030893901363, 0.000791218597442, 7.51607658458e-05],
        "dvar": [4.51677894592, 55.3780441284, 101.860496521, 318.742614746, 661.656066895, 281.948669434, 1277.54052734, 558.578125, 2920.80102539, 1289.79101562, 20865.0449219, 5584.56542969, 4181.84863281, 1877.98266602, 161.777618408, 356.144989014, 434.23815918, 770.918457031, 659.275390625, 282.323303223, 174.913299561, 749.895935059, 100.354202271, 357.315795898, 122.99130249, 60.504901886, 47.5943489075, 76.888420105, 84.5119857788, 59.7613372803, 34.412109375, 34.9615249634, 8.55548000336, 7.99510192871, 10.0122184753, 4.95150899887, 0.291946262121, 0.00191517022904, 1.19153719425e-06, 4.00385635757e-09],
        "dvar2": [7.87009191513, 128.274932861, 284.144439697, 867.677612305, 1369.86730957, 606.509277344, 2271.40576172, 1277.07653809, 6105.19335938, 3260.35620117, 50991.84375, 14243.6845703, 10419.1054688, 4839.22167969, 383.866516113, 737.813354492, 871.667358398, 1896.51074219, 1515.06298828, 726.967956543, 441.005859375, 1816.43591309, 216.038452148, 755.994995117, 326.93838501, 147.419891357, 123.513290405, 201.824981689, 221.421859741, 162.409225464, 96.8413162231, 100.545402527, 23.9440364838, 22.6599960327, 28.984375, 14.4026241302, 0.848432898521, 0.0054289852269, 3.37705478159e-06, 8.63778382154e-09],
        "max": [16.6912994385, 61.7059669495, 119.596763611, 190.798965454, 666.802856445, 423.672546387, 1437.67578125, 662.913757324, 2837.19458008, 877.960510254, 4248.48925781, 1786.16967773, 2583.08642578, 1444.39892578, 253.900146484, 668.769897461, 891.137145996, 1481.20983887, 988.614196777, 358.777526855, 288.448638916, 1295.86779785, 377.982879639, 997.505371094, 270.569122314, 217.59236145, 176.748306274, 394.7059021, 434.321289062, 223.952606201, 132.196655273, 92.2752304077, 36.2477722168, 23.6087551117, 29.3813209534, 15.5730304718, 3.67648983002, 0.392318367958, 0.0103564048186, 0.000456197332824],
        "mean": [3.56764101982, 8.69359493256, 4.2598285675, 7.00923442841, 12.8235664368, 8.48100185394, 12.9337844849, 9.78968334198, 14.4946184158, 9.55601215363, 38.183757782, 24.2144870758, 19.8633003235, 15.2137002945, 6.89500331879, 8.4170923233, 7.7210059166, 8.37958717346, 9.59215068817, 7.82890224457, 6.47558116913, 9.8383808136, 4.78378248215, 6.16941785812, 4.22711658478, 3.56845211983, 3.06555318832, 3.36094093323, 3.01685214043, 2.63408327103, 1.95735418797, 1.59218430519, 0.971658051014, 0.738578557968, 0.658226311207, 0.402704745531, 0.104251161218, 0.0118594001979, 0.000338799029123, 0.00011413545144],
        "median": [1.45801007748, 3.79220485687, 1.2197508812, 1.46444869041, 1.52416825294, 0.755993247032, 1.0823404789, 0.864720702171, 1.36558151245, 1.05538415909, 2.76569247246, 3.01707172394, 1.80777668953, 1.2524831295, 0.647319972515, 0.913706839085, 0.685849249363, 0.701168417931, 1.05180716515, 0.926804542542, 0.644382357597, 0.661265313625, 0.534845948219, 0.535242497921, 0.374693751335, 0.3888913095, 0.369782090187, 0.367204368114, 0.34200912714, 0.292210608721, 0.255134642124, 0.172138661146, 0.116717539728, 0.0577877424657, 0.0328094288707, 0.0152687067166, 0.00573799340054, 0.00116103363689, 9.71485860646e-05, 0.000113474074169],
        "min": [9.71721033996e-22, 6.69207614028e-21, 1.78507385647e-20, 2.68385890638e-20, 8.16899662268e-20, 1.07794086761e-19, 2.452343913e-19, 1.71460711556e-19, 1.13093063926e-19, 3.03748424049e-19, 7.4274899496e-19, 7.50733821112e-19, 1.57467426381e-18, 1.7439508825e-18, 1.91523372438e-18, 3.17513092013e-18, 3.2345657083e-18, 4.36114806588e-18, 5.09593549914e-18, 4.00293336571e-18, 4.37605716924e-18, 5.60445057097e-18, 9.7006630264e-18, 1.46896258744e-17, 1.33374866666e-17, 1.2277470428e-17, 1.43428237851e-17, 1.71587930901e-17, 2.21297482161e-17, 1.53093330457e-17, 1.85302800524e-17, 1.48278957312e-17, 1.21915098188e-17, 1.35684677537e-17, 7.34788343162e-18, 5.88870746616e-18, 2.93842884515e-18, 1.1894450856e-18, 3.3850562281e-19, 3.46276222108e-20],
        "var": [17.3811836243, 108.163085938, 76.7035293579, 274.327880859, 1238.85180664, 531.173522949, 3403.72338867, 985.766784668, 6965.48681641, 1784.8927002, 32182.0996094, 7527.53857422, 6064.83105469, 2527.84570312, 261.84072876, 757.990478516, 991.018798828, 1248.10949707, 1189.96936035, 386.605743408, 258.82119751, 1140.52783203, 207.52520752, 772.183898926, 155.622192383, 102.66822052, 63.2462806702, 118.870529175, 95.3353729248, 61.3363571167, 29.8838443756, 22.4214286804, 6.31661272049, 4.93839025497, 5.47038030624, 2.63717317581, 0.157151862979, 0.0011839393992, 7.49304319925e-07, 1.04322914751e-08]
    },
    "gfcc": {
        "mean": [-98.9016265869, 105.925514221, -66.5419616699, 30.7348861694, -43.3881340027, 22.4470386505, -20.9804878235, 16.1439495087, -7.51306390762, 4.49917078018, -13.4971628189, 0.219523251057, -7.21753549576],
        "cov": [[22436.390625, -4530.15820312, -1619.99047852, 1534.30163574, -622.868347168, 941.170959473, -496.345733643, 878.258300781, -818.405578613, 662.05255127, -831.078491211, 608.985900879, -154.864639282], [-4530.15820312, 3061.203125, 578.322143555, -841.026184082, 313.688873291, -584.514404297, -30.2730255127, -707.614929199, 27.1337413788, -567.408630371, 288.505249023, -205.586898804, 139.686416626], [-1619.99047852, 578.322143555, 2973.24511719, 756.950622559, 590.444396973, 654.664733887, 473.901672363, 88.5942764282, 206.319564819, -132.377655029, 115.897880554, 58.0716171265, 68.5689239502], [1534.30163574, -841.026184082, 756.950622559, 996.211914062, 332.516815186, 516.659484863, 290.435699463, 308.342285156, 66.1326141357, 151.626113892, -22.5220012665, 67.3913955688, 11.5526723862], [-622.868347168, 313.688873291, 590.444396973, 332.516815186, 491.174346924, 199.027984619, 271.221221924, 75.7556686401, 116.473434448, -14.7748250961, 62.3656845093, -32.615852356, 61.5525398254], [941.170959473, -584.514404297, 654.664733887, 516.659484863, 199.027984619, 517.501159668, 233.798477173, 273.164123535, 85.876739502, 114.526069641, -22.9761657715, 88.0520935059, 21.9483203888], [-496.345733643, -30.2730255127, 473.901672363, 290.435699463, 271.221221924, 233.798477173, 341.683441162, 181.66003418, 176.779220581, 34.3861732483, 25.7429065704, -16.1109218597, 44.1675949097], [878.258300781, -707.614929199, 88.5942764282, 308.342285156, 75.7556686401, 273.164123535, 181.66003418, 361.871276855, 129.895477295, 188.036972046, -69.1267471313, 16.2914295197, -17.2533893585], [-818.405578613, 27.1337413788, 206.319564819, 66.1326141357, 116.473434448, 85.876739502, 176.779220581, 129.895477295, 249.687088013, 78.7118225098, 66.6206054688, -55.7939949036, -7.77674531937], [662.05255127, -567.408630371, -132.377655029, 151.626113892, -14.7748250961, 114.526069641, 34.3861732483, 188.036972046, 78.7118225098, 265.006439209, 3.00557303429, 44.7278327942, -50.1994018555], [-831.078491211, 288.505249023, 115.897880554, -22.5220012665, 62.3656845093, -22.9761657715, 25.7429065704, -69.1267471313, 66.6206054688, 3.00557303429, 176.951690674, 19.6779289246, 34.544757843], [608.985900879, -205.586898804, 58.0716171265, 67.3913955688, -32.615852356, 88.0520935059, -16.1109218597, 16.2914295197, -55.7939949036, 44.7278327942, 19.6779289246, 159.566925049, 39.8732032776], [-154.864639282, 139.686416626, 68.5689239502, 11.5526723862, 61.5525398254, 21.9483203888, 44.1675949097, -17.2533893585, -7.77674531937, -50.1994018555, 34.544757843, 39.8732032776, 106.488105774]],
        "icov": [[9.53509370447e-05, -3.60192134394e-05, 7.71980921854e-05, -0.000180506904144, 4.35660513176e-05, -0.000128975982079, 0.000210246114875, -0.000152708860696, 0.000142107208376, -3.41959021171e-05, 0.000276262202533, -0.000228973294725, 3.56211639883e-05], [-3.60192134394e-05, 0.00215768674389, -0.000545301940292, 0.00164848787244, -0.00188792520203, 0.000959145603701, -0.000407917686971, 0.00193021306768, -0.000396704446757, 0.00150825770106, -0.00139277754351, 0.00102243537549, -0.000583942513913], [7.71980921854e-05, -0.000545301940292, 0.000918420555536, -0.000715120462701, 0.000201015631319, -0.00125943915918, 1.73201424332e-05, 0.00016079384659, -0.000395778712118, 0.000332197319949, 0.000470139348181, -0.000783562252764, 0.000744611781556], [-0.000180506904144, 0.00164848787244, -0.000715120462701, 0.00417486391962, -0.00234416942112, -0.000692695728503, -0.00126025162172, 0.000849512754939, 0.00125379860401, 0.000358263991075, -0.00194551725872, 0.0015653418377, 4.61872587039e-05], [4.35660513176e-05, -0.00188792520203, 0.000201015631319, -0.00234416942112, 0.00655510276556, -0.000999675714411, -0.00286357197911, -0.000400086981244, 0.00106312485877, -0.00200397707522, 0.00041865624371, 0.00115036172792, -0.00122893752996], [-0.000128975982079, 0.000959145603701, -0.00125943915918, -0.000692695728503, -0.000999675714411, 0.00799911282957, -0.00110551971011, -0.00286001828499, 4.1751871322e-05, 0.00116287649143, -0.000789477431681, -0.002169175772, -1.5769228412e-05], [0.000210246114875, -0.000407917686971, 1.73201424332e-05, -0.00126025162172, -0.00286357197911, -0.00110551971011, 0.0116978762671, -0.00366079690866, -0.0050066835247, 0.00200846605003, 0.00160669710021, -0.00121420854703, -0.00208091223612], [-0.000152708860696, 0.00193021306768, 0.00016079384659, 0.000849512754939, -0.000400086981244, -0.00286001828499, -0.00366079690866, 0.0143523439765, -0.00414263829589, -0.00405615428463, 0.00394083932042, 0.00216311682016, -0.00258824857883], [0.000142107208376, -0.000396704446757, -0.000395778712118, 0.00125379860401, 0.00106312485877, 4.1751871322e-05, -0.0050066835247, -0.00414263829589, 0.0128972502425, -0.00272213714197, -0.00506926560774, 0.0042342832312, 0.00134578684811], [-3.41959021171e-05, 0.00150825770106, 0.000332197319949, 0.000358263991075, -0.00200397707522, 0.00116287649143, 0.00200846605003, -0.00405615428463, -0.00272213714197, 0.0114082703367, -0.00352215091698, -0.00354691501707, 0.00479731243104], [0.000276262202533, -0.00139277754351, 0.000470139348181, -0.00194551725872, 0.00041865624371, -0.000789477431681, 0.00160669710021, 0.00394083932042, -0.00506926560774, -0.00352215091698, 0.0126236928627, -0.00356967025436, -0.00275917118415], [-0.000228973294725, 0.00102243537549, -0.000783562252764, 0.0015653418377, 0.00115036172792, -0.002169175772, -0.00121420854703, 0.00216311682016, 0.0042342832312, -0.00354691501707, -0.00356967025436, 0.0135837737471, -0.0059943171218], [3.56211639883e-05, -0.000583942513913, 0.000744611781556, 4.61872587039e-05, -0.00122893752996, -1.5769228412e-05, -0.00208091223612, -0.00258824857883, 0.00134578684811, 0.00479731243104, -0.00275917118415, -0.0059943171218, 0.016380732879]]
    },
    "melbands": {
        "dmean": [0.0106193516403, 0.00371506344527, 0.00129154720344, 0.00068529008422, 0.000314310163958, 0.000214488653, 0.000142750912346, 9.04514308786e-05, 0.000325096480083, 0.000115072500193, 8.2716702309e-05, 5.73654797336e-05, 1.96143791982e-05, 1.30893049572e-05, 1.99896276172e-05, 1.04401542558e-05, 1.35793334266e-05, 1.14094927994e-05, 1.30418220579e-05, 7.0425398917e-06, 5.80666028327e-06, 9.44945168158e-06, 3.74812930204e-06, 3.23029212268e-06, 4.03962349083e-06, 3.06757192448e-06, 2.64802997663e-06, 1.94202743842e-06, 1.79242022114e-06, 1.64880179909e-06, 1.9473438897e-06, 1.65724770795e-06, 2.23762071982e-06, 1.42667545333e-06, 1.2567631984e-06, 1.40670738347e-06, 1.19926642128e-06, 9.03372210814e-07, 5.99961367698e-07, 9.63610318649e-07],
        "dmean2": [0.0142176533118, 0.00668616732582, 0.00215569720604, 0.00108836952131, 0.000520146626513, 0.000367223896319, 0.000234288716456, 0.000160149720614, 0.00057280540932, 0.000202518713195, 0.000142122429679, 0.000100044126157, 3.25860964949e-05, 2.23332917813e-05, 3.26087283611e-05, 1.77649271791e-05, 2.36505711655e-05, 1.9118824639e-05, 2.21474037971e-05, 1.24722464534e-05, 1.02067633634e-05, 1.58084494615e-05, 6.50919764666e-06, 5.36661627848e-06, 6.81889332554e-06, 5.51365292267e-06, 4.68390635433e-06, 3.37948813467e-06, 3.15438251164e-06, 2.90237767331e-06, 3.48319576915e-06, 2.94319033856e-06, 4.20357446274e-06, 2.60322804024e-06, 2.3297207008e-06, 2.64628965851e-06, 2.26148108595e-06, 1.66642689692e-06, 1.08472318061e-06, 1.82946041605e-06],
        "dvar": [0.000199602567591, 4.40195508418e-05, 9.02801821212e-06, 3.21095490108e-06, 9.39142410061e-07, 3.66090688431e-07, 6.61334809138e-07, 1.45765810089e-07, 1.85581222922e-06, 1.56123476813e-07, 1.17459499904e-07, 4.38914469214e-08, 2.85360046703e-09, 8.89874007814e-10, 5.48918110965e-09, 1.61245061747e-09, 3.92368759705e-09, 2.69909294914e-09, 1.75085723697e-09, 3.85437515238e-10, 2.21613671858e-10, 1.17142440192e-09, 1.03745449731e-10, 9.07918185078e-11, 2.99967439776e-10, 1.21736856706e-10, 4.95696088343e-11, 2.79831453148e-11, 2.24660377107e-11, 1.76466723179e-11, 2.99538831239e-11, 2.05511319767e-11, 3.85182337415e-11, 1.47608349155e-11, 1.10298116127e-11, 1.52573717549e-11, 1.16494392258e-11, 5.13158526089e-12, 2.54583593789e-12, 7.40670285521e-12],
        "dvar2": [0.000370993977413, 0.000118543153803, 2.35736442846e-05, 6.59950546833e-06, 1.73129069481e-06, 7.64326671288e-07, 1.4042238945e-06, 3.55100183924e-07, 4.47183128927e-06, 4.01750810397e-07, 2.9043215477e-07, 1.11736802921e-07, 6.69647093332e-09, 2.07853356748e-09, 1.06197122207e-08, 3.78158881986e-09, 9.6201144828e-09, 6.07192696123e-09, 4.39618963455e-09, 1.01045161127e-09, 5.54735313241e-10, 2.81789613865e-09, 2.51396958806e-10, 1.8408904956e-10, 6.28592788932e-10, 2.94357010988e-10, 1.27837032626e-10, 6.36724978298e-11, 5.81871044403e-11, 4.51060612472e-11, 7.95440935342e-11, 5.19487161621e-11, 1.08895129025e-10, 3.83705636708e-11, 3.04761597902e-11, 4.39739807068e-11, 3.33088313875e-11, 1.44655008458e-11, 6.8792632181e-12, 2.11714066417e-11],
        "max": [0.106413058937, 0.0432098321617, 0.0333433225751, 0.0481839776039, 0.0373141914606, 0.0199015233666, 0.0367052517831, 0.0122164096683, 0.0422649383545, 0.0088636893779, 0.0145596051589, 0.00834650825709, 0.0015653767623, 0.000565762631595, 0.00280914572068, 0.00133826863021, 0.00339969620109, 0.00226573389955, 0.00114917592146, 0.000445897458121, 0.000368428154616, 0.0016976094339, 0.000283462693915, 0.000333593779942, 0.000939623510931, 0.000461703137262, 0.000113099638838, 0.000187363970326, 0.000100264820503, 0.000130499582156, 0.000279373227386, 0.000209759513382, 0.000192256498849, 0.000141877244459, 9.77894233074e-05, 4.40348994744e-05, 6.09457383689e-05, 2.50443881669e-05, 2.17523356696e-05, 2.6006513508e-05],
        "mean": [0.0243193395436, 0.00497764255852, 0.00138063367922, 0.000840662454721, 0.000389204389649, 0.000252154917689, 0.000209174919291, 0.00010226698214, 0.000364342820831, 0.000131437496748, 0.00010037652828, 6.73435060889e-05, 2.58828968072e-05, 1.60860781762e-05, 2.80928215943e-05, 1.23400395751e-05, 1.68987025972e-05, 1.52122202053e-05, 1.5760469978e-05, 7.85447082308e-06, 6.64452591081e-06, 1.16165419968e-05, 4.4704947868e-06, 4.27770555689e-06, 5.14510338689e-06, 3.25818177771e-06, 2.97270480587e-06, 2.19966455006e-06, 1.99395412892e-06, 1.79345977358e-06, 1.90331343219e-06, 1.5863521412e-06, 1.78719960786e-06, 1.32145953557e-06, 1.10047608359e-06, 1.13109149424e-06, 8.96950552942e-07, 7.41592941722e-07, 5.06458206928e-07, 6.55115911741e-07],
        "median": [0.0120806340128, 0.00238412362523, 0.00027379830135, 7.70863844082e-05, 3.64906227333e-05, 2.26744741667e-05, 1.81859104487e-05, 7.56252848078e-06, 2.56957682723e-05, 1.65446363098e-05, 6.49518005957e-06, 4.99585894431e-06, 2.05333753911e-06, 1.76576304511e-06, 2.07958487408e-06, 9.56477379077e-07, 1.16917931337e-06, 1.35626146403e-06, 1.39537451105e-06, 6.08767550148e-07, 5.58616420676e-07, 6.79727463648e-07, 3.77388801098e-07, 4.42913574261e-07, 4.05536923154e-07, 2.23968228852e-07, 2.34789155229e-07, 2.4221884587e-07, 2.32441735193e-07, 1.725917258e-07, 1.94700135125e-07, 1.82175398322e-07, 1.72541390953e-07, 1.48813910528e-07, 1.42271858294e-07, 1.33403432301e-07, 8.00964272685e-08, 8.58268052184e-08, 5.85815023157e-08, 4.47966357342e-08],
        "min": [1.22600375823e-23, 9.7375727963e-24, 8.70612454095e-24, 9.88609006121e-24, 8.02469229153e-24, 4.503237721e-24, 1.9480914138e-24, 3.03626113482e-24, 7.04592968945e-24, 4.17457617978e-24, 8.57047675286e-24, 7.92311067276e-24, 5.58523302772e-24, 9.64751959081e-24, 5.05495441634e-24, 6.83752289348e-24, 7.85583345932e-24, 8.2706827876e-24, 5.2944024945e-24, 6.64019959324e-24, 5.38822803284e-24, 6.2799575834e-24, 5.76525621388e-24, 9.75238050436e-24, 1.20217526795e-23, 1.01469931838e-23, 9.69635718059e-24, 7.11813886127e-24, 7.8971042953e-24, 9.36399903717e-24, 9.50714889247e-24, 1.10029104214e-23, 8.72347238112e-24, 8.61777054185e-24, 1.08568567691e-23, 9.87198838367e-24, 8.61471212812e-24, 7.60448186453e-24, 9.50898141635e-24, 1.16367167714e-23],
        "var": [0.000745737459511, 4.5877732191e-05, 9.09135724214e-06, 6.52644439469e-06, 2.3775196496e-06, 7.89663261003e-07, 1.52357927163e-06, 2.27567099387e-07, 2.95581298815e-06, 2.04437554885e-07, 1.7439768385e-07, 6.09903594295e-08, 4.99365970796e-09, 1.46995593475e-09, 1.28559474177e-08, 2.46598164111e-09, 6.4109086928e-09, 4.96480634382e-09, 2.43819142653e-09, 4.8937837116e-10, 3.27007726453e-10, 1.77949766034e-09, 1.58317664534e-10, 1.8889384501e-10, 6.56615095629e-10, 1.92957039236e-10, 7.80222622621e-11, 5.01185169755e-11, 2.79922144492e-11, 2.72212877239e-11, 4.60382079681e-11, 2.55347097633e-11, 3.07519495979e-11, 1.89941118389e-11, 1.12105038794e-11, 9.65996640317e-12, 7.71356763185e-12, 3.64156578156e-12, 2.02253773625e-12, 4.37442096435e-12]
    },
    "mfcc": {
        "mean": [-750.625793457, 133.394546509, 40.0414085388, 25.9840297699, 12.0699863434, 13.6759500504, 5.82846927643, 14.1787042618, 11.3988294601, 12.5374755859, 6.39748096466, 3.48089694977, -0.530241668224],
        "cov": [[16879.3378906, -1616.38061523, -2169.08129883, -176.778213501, -222.813201904, -48.0632362366, -132.203857422, 4.01488351822, 10.906709671, -235.946289062, -211.215545654, -243.491210938, -125.202087402], [-1616.38061523, 1791.13110352, 580.202819824, -111.932411194, 131.338897705, 19.8071060181, -41.8043937683, -42.4822692871, -213.010528564, -164.166748047, -211.338882446, -48.6097717285, -58.9207611084], [-2169.08129883, 580.202819824, 1794.70373535, 494.747192383, 424.278564453, 416.197753906, 301.789001465, 304.472198486, 131.963165283, 74.4295654297, -0.305628210306, 41.8783912659, 43.1004104614], [-176.778213501, -111.932411194, 494.747192383, 576.857543945, 315.906585693, 296.247802734, 258.179504395, 210.993804932, 174.999710083, 123.21472168, 101.836288452, 62.3583106995, 58.7358093262], [-222.813201904, 131.338897705, 424.278564453, 315.906585693, 339.710693359, 259.866271973, 202.700653076, 178.449295044, 115.347923279, 90.6192245483, 57.9167861938, 44.0994949341, 38.6184844971], [-48.0632362366, 19.8071060181, 416.197753906, 296.247802734, 259.866271973, 321.254577637, 225.826339722, 198.021942139, 138.166473389, 86.2729644775, 66.9383850098, 51.8678321838, 60.6824378967], [-132.203857422, -41.8043937683, 301.789001465, 258.179504395, 202.700653076, 225.826339722, 243.452880859, 193.126281738, 154.630813599, 85.189781189, 58.8383827209, 36.6442375183, 41.2559089661], [4.01488351822, -42.4822692871, 304.472198486, 210.993804932, 178.449295044, 198.021942139, 193.126281738, 258.053710938, 190.761627197, 120.950592041, 53.7874107361, 28.9740200043, 28.4833908081], [10.906709671, -213.010528564, 131.963165283, 174.999710083, 115.347923279, 138.166473389, 154.630813599, 190.761627197, 270.632019043, 179.350875854, 128.266281128, 36.8590812683, 32.0282096863], [-235.946289062, -164.166748047, 74.4295654297, 123.21472168, 90.6192245483, 86.2729644775, 85.189781189, 120.950592041, 179.350875854, 244.111816406, 171.28213501, 74.2616958618, 30.1328544617], [-211.215545654, -211.338882446, -0.305628210306, 101.836288452, 57.9167861938, 66.9383850098, 58.8383827209, 53.7874107361, 128.266281128, 171.28213501, 218.279876709, 99.1410369873, 62.2930335999], [-243.491210938, -48.6097717285, 41.8783912659, 62.3583106995, 44.0994949341, 51.8678321838, 36.6442375183, 28.9740200043, 36.8590812683, 74.2616958618, 99.1410369873, 124.616859436, 70.4335021973], [-125.202087402, -58.9207611084, 43.1004104614, 58.7358093262, 38.6184844971, 60.6824378967, 41.2559089661, 28.4833908081, 32.0282096863, 30.1328544617, 62.2930335999, 70.4335021973, 100.880432129]],
