{
"lowlevel": {
    "average_loudness": 0.950645506382,
    "barkbands_crest": {
        "dmean": 3.14989113808,
        "dmean2": 4.9342546463,
        "dvar": 15.0987920761,
        "dvar2": 30.6666164398,
        "max": 26.9115047455,
        "mean": 16.6230945587,
        "median": 16.8592720032,
        "min": 1.8301769495,
        "var": 45.3161468506
    },
    "barkbands_flatness_db": {
        "dmean": 0.0574332885444,
        "dmean2": 0.0783456638455,
        "dvar": 0.00441335141659,
        "dvar2": 0.00846945866942,
        "max": 0.776681482792,
        "mean": 0.282691597939,
        "median": 0.264049947262,
        "min": 0.0192771479487,
        "var": 0.0219550114125
    },
    "barkbands_kurtosis": {
        "dmean": 79.3306350708,
        "dmean2": 117.3983078,
        "dvar": 172484.59375,
        "dvar2": 334443.125,
        "max": 22458.9882812,
        "mean": 124.20324707,
        "median": 15.9958286285,
        "min": -1.95017337799,
        "var": 311379.21875
    },
    "barkbands_skewness": {
        "dmean": 2.07365179062,
        "dmean2": 2.9424021244,
        "dvar": 16.1782093048,
        "dvar2": 31.8539733887,
        "max": 122.227134705,
        "mean": 5.10313463211,
        "median": 3.12445640564,
        "min": -2.3183131218,
        "var": 43.1430435181
    },
    "barkbands_spread": {
        "dmean": 7.01362657547,
        "dmean2": 11.8364343643,
        "dvar": 204.892120361,
        "dvar2": 536.34753418,
        "max": 116.692024231,
        "mean": 9.54552364349,
        "median": 4.2446680069,
        "min": 0.00876139197499,
        "var": 201.791900635
    },
    "dissonance": {
        "dmean": 0.0297628734261,
        "dmean2": 0.0472929552197,
        "dvar": 0.00112930638716,
        "dvar2": 0.00274712825194,
        "max": 0.500000059605,
        "mean": 0.43891081214,
        "median": 0.452998161316,
        "min": 0,
        "var": 0.002874690108
    },
    "dynamic_complexity": 4.67113637924,
    "erbbands_crest": {
        "dmean": 3.07796955109,
        "dmean2": 4.71879291534,
        "dvar": 10.4069566727,
        "dvar2": 22.0406932831,
        "max": 31.3904151917,
        "mean": 11.0020685196,
        "median": 9.06062316895,
        "min": 2.22050404549,
        "var": 39.6211090088
    },
    "erbbands_flatness_db": {
        "dmean": 0.0276920422912,
        "dmean2": 0.0376936458051,
        "dvar": 0.000985624617897,
        "dvar2": 0.00176132749766,
        "max": 0.499620378017,
        "mean": 0.178261131048,
        "median": 0.158453509212,
        "min": 0.0282984301448,
        "var": 0.00569202704355
    },
    "erbbands_kurtosis": {
        "dmean": 6.78330659866,
        "dmean2": 8.841381073,
        "dvar": 427.254241943,
        "dvar2": 718.365661621,
        "max": 407.647277832,
        "mean": 9.42429161072,
        "median": 0.424059271812,
        "min": -1.78083467484,
        "var": 1145.31713867
    },
    "erbbands_skewness": {
        "dmean": 0.784281492233,
        "dmean2": 1.1088476181,
        "dvar": 1.2079501152,
        "dvar2": 2.1581890583,
        "max": 17.0261325836,
        "mean": 1.42565202713,
        "median": 0.820218026638,
        "min": -3.41199946404,
        "var": 5.18062210083
    },
    "erbbands_spread": {
        "dmean": 12.2949457169,
        "dmean2": 18.0445556641,
        "dvar": 239.61882019,
        "dvar2": 523.997497559,
        "max": 158.898208618,
        "mean": 38.7269821167,
        "median": 34.28748703,
        "min": 0.856899738312,
        "var": 663.428833008
    },
    "hfc": {
        "dmean": 10.0746164322,
        "dmean2": 16.8842544556,
        "dvar": 501.946563721,
        "dvar2": 1356.5144043,
        "max": 212.785232544,
        "mean": 13.7925014496,
        "median": 6.51005315781,
        "min": 1.16310223273e-16,
        "var": 451.65335083
    },
    "melbands_crest": {
        "dmean": 3.90736031532,
        "dmean2": 5.90901136398,
        "dvar": 19.1429176331,
        "dvar2": 38.957611084,
        "max": 39.9060173035,
        "mean": 22.4770679474,
        "median": 23.0261249542,
        "min": 2.03394603729,
        "var": 69.8988723755
    },
    "melbands_flatness_db": {
        "dmean": 0.0661442875862,
        "dmean2": 0.0912517756224,
        "dvar": 0.00627907877788,
        "dvar2": 0.0126377968118,
        "max": 0.95489025116,
        "mean": 0.382597386837,
        "median": 0.368115514517,
        "min": 0.00436344835907,
        "var": 0.029311561957
    },
    "melbands_kurtosis": {
        "dmean": 57.4539642334,
        "dmean2": 82.2980499268,
        "dvar": 348506.65625,
        "dvar2": 780186.75,
        "max": 47993,
        "mean": 108.216819763,
        "median": 28.5799674988,
        "min": -1.49047005177,
        "var": 438913.46875
    },
    "melbands_skewness": {
        "dmean": 1.63113021851,
        "dmean2": 2.31259250641,
        "dvar": 7.84071683884,
        "dvar2": 15.2025661469,
        "max": 164.098617554,
        "mean": 5.36557769775,
        "median": 3.97155284882,
        "min": -1.62062263489,
        "var": 26.7970352173
    },
    "melbands_spread": {
        "dmean": 6.28398895264,
        "dmean2": 10.9694099426,
        "dvar": 272.320251465,
        "dvar2": 752.62689209,
        "max": 186.896911621,
        "mean": 8.58625221252,
        "median": 3.34613800049,
        "min": 0.00824019219726,
        "var": 255.408676147
    },
    "pitch_salience": {
        "dmean": 0.101787567139,
        "dmean2": 0.158509895205,
        "dvar": 0.01574867405,
        "dvar2": 0.0309434775263,
        "max": 0.990816414356,
        "mean": 0.396209329367,
        "median": 0.425082594156,
        "min": 0.00195427634753,
        "var": 0.0478543378413
    },
    "silence_rate_20dB": {
        "dmean": 0.00321802101098,
        "dmean2": 0.00643678149208,
        "dvar": 0.00320710823871,
        "dvar2": 0.00823264941573,
        "max": 1,
        "mean": 0.997471868992,
        "median": 1,
        "min": 0,
        "var": 0.00252129463479
    },
    "silence_rate_30dB": {
        "dmean": 0.100907944143,
        "dmean2": 0.201839074492,
        "dvar": 0.0907313749194,
        "dvar2": 0.173057436943,
        "max": 1,
        "mean": 0.749253034592,
        "median": 1,
        "min": 0,
        "var": 0.187871843576
    },
    "silence_rate_60dB": {
        "dmean": 0.0367773808539,
        "dmean2": 0.0735632181168,
        "dvar": 0.0354276522994,
        "dvar2": 0.0748221352696,
        "max": 1,
        "mean": 0.121581248939,
        "median": 0,
        "min": 0,
        "var": 0.106789566576
    },
    "spectral_centroid": {
        "dmean": 315.763427734,
        "dmean2": 538.196350098,
        "dvar": 346859.9375,
        "dvar2": 941559.375,
        "max": 11488.1816406,
        "mean": 696.876647949,
        "median": 474.776153564,
        "min": 52.6244697571,
        "var": 449492.03125
    },
    "spectral_complexity": {
        "dmean": 3.92115855217,
        "dmean2": 6.27494239807,
        "dvar": 39.8502502441,
        "dvar2": 99.3026885986,
        "max": 53,
        "mean": 10.1116981506,
        "median": 8,
        "min": 0,
        "var": 91.2499237061
    },
    "spectral_decrease": {
        "dmean": 7.59281792995e-09,
        "dmean2": 1.00136432479e-08,
        "dvar": 1.22034088119e-16,
        "dvar2": 2.0436714643e-16,
        "max": 1.49022127602e-28,
        "mean": -1.87733775192e-08,
        "median": -9.42377376134e-09,
        "min": -1.15040300841e-07,
        "var": 4.48352485492e-16
    },
    "spectral_energy": {
        "dmean": 0.0290613733232,
        "dmean2": 0.0382554493845,
        "dvar": 0.00174445495941,
        "dvar2": 0.00291671487503,
        "max": 0.4374781847,
        "mean": 0.0721061304212,
        "median": 0.0372167788446,
        "min": 1.08310068133e-20,
        "var": 0.00650390936062
    },
    "spectral_energyband_high": {
        "dmean": 0.000870355404913,
        "dmean2": 0.00158759742044,
        "dvar": 5.63756384508e-06,
        "dvar2": 1.57360027515e-05,
        "max": 0.0191276967525,
        "mean": 0.000606053683441,
        "median": 3.2017203921e-05,
        "min": 7.71923332047e-21,
        "var": 3.58159581992e-06
    },
    "spectral_energyband_low": {
        "dmean": 0.026966014877,
        "dmean2": 0.0359157174826,
        "dvar": 0.00179300107993,
        "dvar2": 0.00310387392528,
        "max": 0.428127408028,
        "mean": 0.0595940984786,
        "median": 0.0214162729681,
        "min": 3.89699559099e-23,
        "var": 0.00584900006652
    },
    "spectral_energyband_middle_high": {
        "dmean": 0.00109720043838,
        "dmean2": 0.00181482767221,
        "dvar": 4.95225322084e-06,
        "dvar2": 1.26791937873e-05,
        "max": 0.0252428986132,
        "mean": 0.00154908082914,
        "median": 0.000428553088568,
        "min": 1.42657979705e-21,
        "var": 6.79188451613e-06
    },
    "spectral_energyband_middle_low": {
        "dmean": 0.00876515358686,
        "dmean2": 0.0153058562428,
        "dvar": 0.000418219337007,
        "dvar2": 0.00118196744006,
        "max": 0.199361413717,
        "mean": 0.0120367547497,
        "median": 0.00593946082518,
        "min": 3.66605750762e-22,
        "var": 0.000343441264704
    },
    "spectral_entropy": {
        "dmean": 0.415767014027,
        "dmean2": 0.589927852154,
        "dvar": 0.247034877539,
        "dvar2": 0.514773845673,
        "max": 9.82137298584,
        "mean": 6.86891460419,
        "median": 7.04344415665,
        "min": 3.35018706322,
        "var": 1.01884829998
    },
    "spectral_flux": {
        "dmean": 0.059043366462,
        "dmean2": 0.0885211080313,
        "dvar": 0.00668363366276,
        "dvar2": 0.0120637426153,
        "max": 0.58275616169,
        "mean": 0.101778775454,
        "median": 0.0699519440532,
        "min": 6.77191705489e-11,
        "var": 0.0104930931702
    },
    "spectral_kurtosis": {
        "dmean": 8.07629776001,
        "dmean2": 12.1667604446,
        "dvar": 483.908172607,
        "dvar2": 1012.24481201,
        "max": 608.471496582,
        "mean": 15.6542873383,
        "median": 5.66746377945,
        "min": -1.22629153728,
        "var": 1164.58154297
    },
    "spectral_rms": {
        "dmean": 0.00162762752734,
        "dmean2": 0.00216632359661,
        "dvar": 4.05001628678e-06,
        "dvar2": 6.32814044366e-06,
        "max": 0.0206593312323,
        "mean": 0.00700781820342,
        "median": 0.00602569943294,
        "min": 3.25066709661e-12,
        "var": 2.12377126445e-05
    },
    "spectral_rolloff": {
        "dmean": 519.786560059,
        "dmean2": 964.114318848,
        "dvar": 2096664.75,
        "dvar2": 5808139.5,
        "max": 19207.6171875,
        "mean": 574.183227539,
        "median": 215.33203125,
        "min": 21.533203125,
        "var": 1624621.5
    },
    "spectral_skewness": {
        "dmean": 0.671061992645,
        "dmean2": 1.00446665287,
        "dvar": 1.06949687004,
        "dvar2": 2.14290499687,
        "max": 19.9979610443,
        "mean": 2.54276180267,
        "median": 1.92586505413,
        "min": -0.072279125452,
        "var": 3.91289997101
    },
    "spectral_spread": {
        "dmean": 820633.625,
        "dmean2": 1181567.875,
        "dvar": 1.39588770202e+12,
        "dvar2": 2.85228007424e+12,
        "max": 41401168,
        "mean": 4204549.5,
        "median": 3960684,
        "min": 183166.34375,
        "var": 3.94193534976e+12
    },
    "spectral_strongpeak": {
        "dmean": 0.210163995624,
        "dmean2": 0.315674453974,
        "dvar": 0.0748234987259,
        "dvar2": 0.180150166154,
        "max": 4.47203826904,
        "mean": 0.534951448441,
        "median": 0.494940429926,
        "min": 0,
        "var": 0.157555565238
    },
    "zerocrossingrate": {
        "dmean": 0.00908149220049,
        "dmean2": 0.0122281899676,
        "dvar": 0.000227157535846,
        "dvar2": 0.00032777801971,
        "max": 0.5224609375,
        "mean": 0.023616887629,
        "median": 0.013671875,
        "min": 0,
        "var": 0.000808271404821
    },
    "barkbands": {
        "dmean": [0.00158855482005, 0.0251168068498, 0.00350662996061, 0.00415591616184, 0.00374311115593, 0.000852917029988, 0.000595918798354, 0.000387637672247, 0.000621769635472, 0.000197245870368, 0.000209410427487, 9.32467737584e-05, 0.000189973885426, 0.000103077079984, 0.000134824163979, 8.15661260276e-05, 0.000131656444864, 0.000103687947558, 0.000154081935761, 8.12979051261e-05, 0.000218622604734, 0.000173295717104, 0.00011340942001, 0.000216705666389, 8.41918663355e-05, 3.80601122743e-05, 1.83377835583e-06],
        "dmean2": [0.00232339045033, 0.0347776971757, 0.00644302088767, 0.00754942372441, 0.00653837807477, 0.00130837550387, 0.000907876819838, 0.000595345976762, 0.000951509922743, 0.00032205725438, 0.000346686370904, 0.00015668249398, 0.000317261583405, 0.000178088972461, 0.000229906101595, 0.000137835319038, 0.000231744415942, 0.000185922137462, 0.000280127162114, 0.000138217874337, 0.000401912373491, 0.000319790444337, 0.000204062351258, 0.000405516999308, 0.000152579319547, 6.84843253111e-05, 3.41249756275e-06],
        "dvar": [5.4662950788e-06, 0.0019030260155, 0.000105610131868, 0.000138867384521, 7.04345657141e-05, 3.41962095263e-06, 2.38250981965e-06, 8.97545191947e-07, 2.14346187022e-06, 2.29536595953e-07, 2.29860901868e-07, 5.30232071583e-08, 2.37927977764e-07, 5.46774501231e-08, 9.04936641177e-08, 3.10541743431e-08, 9.24794321122e-08, 6.95353108426e-08, 1.70221738927e-07, 3.80609073147e-08, 4.01367316272e-07, 2.28400097058e-07, 1.46141189816e-07, 4.19897560278e-07, 1.6597756769e-07, 3.91662773325e-08, 9.22930065705e-11],
        "dvar2": [1.24820817291e-05, 0.00350254378282, 0.000304415152641, 0.000398224510718, 0.000199351226911, 7.99777717475e-06, 5.28971622771e-06, 1.89490526736e-06, 4.75906108477e-06, 5.48843161141e-07, 5.70269037325e-07, 1.32599339508e-07, 6.20598939349e-07, 1.45712235167e-07, 2.33659633864e-07, 8.05294106954e-08, 2.52296246117e-07, 1.93596903841e-07, 4.79432685552e-07, 9.91662645333e-08, 1.13981229788e-06, 6.4486704332e-07, 4.10761259673e-07, 1.18724165077e-06, 4.6739430104e-07, 1.09237660695e-07, 2.63813110246e-10],
        "max": [0.0317764282227, 0.411585837603, 0.110691934824, 0.119321882725, 0.114149451256, 0.0455117374659, 0.0510750710964, 0.0201345104724, 0.0290609337389, 0.0149514004588, 0.00863846484572, 0.0057963533327, 0.0110344914719, 0.00323341693729, 0.00527005083859, 0.00320319249295, 0.00315020396374, 0.00278089847416, 0.00398309249431, 0.00302048539743, 0.00534502323717, 0.00349026243202, 0.00664953002706, 0.00755063584074, 0.00591115653515, 0.00292314053513, 0.000195352200535],
        "mean": [0.00256907776929, 0.0520106479526, 0.00337623385713, 0.00396913988516, 0.00429563084617, 0.00138840079308, 0.000937816919759, 0.000547618314158, 0.000809451623354, 0.000248820288107, 0.000258476036834, 0.000116513576359, 0.000214529965888, 0.000112510315375, 0.000150287713041, 9.92888308247e-05, 0.000128077765112, 9.47053486016e-05, 0.000128216197481, 7.92505961726e-05, 0.000152993190568, 0.000118729491078, 8.17649124656e-05, 0.000133680005092, 5.73405595787e-05, 2.5760527933e-05, 1.10364874217e-06],
        "median": [0.00114190869499, 0.013775350526, 0.000700113421772, 0.000790231977589, 0.00163451349363, 0.000313184224069, 0.000197838904569, 0.000100364763057, 0.000115518691018, 6.15084572928e-05, 4.48522623628e-05, 2.87458024104e-05, 3.28784735757e-05, 1.91786839423e-05, 2.58247637248e-05, 2.18846671487e-05, 1.80024180736e-05, 1.2771177353e-05, 1.30842163344e-05, 8.93530159374e-06, 7.99814188213e-06, 6.27589815849e-06, 4.31555554314e-06, 2.85624878416e-06, 2.04387902158e-06, 1.05411072582e-06, 1.86721571538e-08],
        "min": [1.78357080381e-23, 2.00685930298e-23, 7.83039427285e-24, 1.45074360369e-23, 1.37332873876e-23, 5.74554786523e-23, 2.9552774237e-23, 7.17086301096e-23, 4.35039655171e-23, 4.18404156401e-23, 7.29591197948e-23, 3.21048149961e-23, 3.65597365644e-23, 4.19119022154e-23, 8.5856162558e-23, 9.95936703515e-23, 1.50162942348e-22, 1.69830948655e-22, 3.90835695507e-22, 1.91496009986e-22, 3.98536997426e-22, 4.54545692556e-22, 6.50801916436e-22, 8.86255868768e-22, 9.21596433425e-22, 1.64213446168e-21, 2.34881893123e-21],
        "var": [1.05639492176e-05, 0.00522133382037, 7.10046879249e-05, 9.3241862487e-05, 5.59006766707e-05, 8.34152251628e-06, 4.55010604128e-06, 1.73610726506e-06, 3.34864898832e-06, 3.03989509121e-07, 3.45646412825e-07, 7.06324243538e-08, 2.67259935072e-07, 6.15689188521e-08, 1.01759816573e-07, 3.67340362573e-08, 8.16965055606e-08, 5.26367323062e-08, 1.16418810592e-07, 3.6159939043e-08, 2.45495698437e-07, 1.4046798924e-07, 9.0600060787e-08, 2.48087417276e-07, 9.99712028715e-08, 2.40522286532e-08, 5.27711901954e-11]
    },
    "erbbands": {
        "dmean": [1.10810577869, 4.52770137787, 4.27632188797, 9.39838409424, 14.8943824768, 12.2375221252, 6.2663435936, 7.65776109695, 7.2957868576, 11.9189567566, 7.56248664856, 15.9788169861, 5.36120080948, 6.38028812408, 7.58524274826, 4.77624559402, 8.77641963959, 5.52665662766, 4.67392730713, 7.62454652786, 4.41707468033, 7.08697843552, 6.32101964951, 5.97144603729, 7.90336036682, 4.25039291382, 7.22867631912, 9.57911777496, 6.16871356964, 3.57133054733, 3.39272093773, 4.59963512421, 3.30567550659, 1.17966651917, 0.470139712095, 0.210697963834, 0.0612573474646, 0.00986624881625, 0.000223885464948, 3.79685116059e-05],
        "dmean2": [1.46227121353, 6.57750844955, 7.49199962616, 17.3062534332, 27.0668048859, 20.699131012, 9.96563339233, 11.6843233109, 11.2587184906, 18.0235805511, 11.595498085, 24.5580749512, 8.5633058548, 10.6888875961, 12.4560976028, 7.90153217316, 14.656920433, 9.47225761414, 7.90707349777, 12.9178504944, 7.55621957779, 12.5355300903, 11.2723379135, 10.5589904785, 14.499622345, 7.2288646698, 13.1648263931, 17.8120918274, 11.3534460068, 6.3912396431, 6.14384412766, 8.58386993408, 6.17369318008, 2.14903068542, 0.847326278687, 0.378081768751, 0.111051365733, 0.0179969016463, 0.000403473706683, 5.28928103449e-05],
        "dvar": [3.22745680809, 70.7961578369, 120.930557251, 734.319763184, 1720.63146973, 590.065307617, 139.458847046, 286.854522705, 421.491943359, 870.508789062, 320.534942627, 1449.0378418, 131.881729126, 249.554992676, 297.342285156, 128.655807495, 517.986572266, 150.673171997, 121.25164032, 336.992279053, 96.6961288452, 279.707397461, 247.653091431, 216.626373291, 487.792785645, 102.061058044, 409.778839111, 818.187255859, 288.724487305, 100.047119141, 122.396965027, 193.416641235, 109.91746521, 27.0673408508, 5.68378210068, 1.11713635921, 0.114519268274, 0.00285570020787, 1.23450820411e-06, 3.66652663786e-09],
        "dvar2": [5.10604476929, 154.688903809, 341.532592773, 2116.73876953, 4946.8359375, 1615.43701172, 347.208251953, 661.626525879, 929.671936035, 1895.76928711, 714.728271484, 3232.36450195, 304.292053223, 631.742858887, 728.757629395, 315.737945557, 1356.83813477, 396.381164551, 308.034698486, 881.373596191, 256.257598877, 768.663024902, 688.502685547, 596.793945312, 1382.23876953, 262.047973633, 1157.14099121, 2335.70458984, 815.032348633, 277.605560303, 343.413024902, 547.355224609, 310.754730225, 76.0810546875, 15.9714403152, 3.12081098557, 0.322154641151, 0.00802361126989, 3.47118839272e-06, 8.30670821017e-09],
        "max": [17.9779033661, 79.5814743042, 114.937149048, 276.171356201, 481.958099365, 309.717559814, 247.898590088, 344.49822998, 663.712646484, 1258.32751465, 479.919555664, 754.648620605, 365.388580322, 408.066040039, 286.721252441, 285.980194092, 518.189758301, 167.424057007, 177.921783447, 372.503265381, 143.172744751, 164.992599487, 136.324569702, 159.692169189, 195.508850098, 177.586456299, 201.916488647, 214.274841309, 136.835372925, 133.043243408, 181.271209717, 181.802108765, 127.691177368, 76.736076355, 34.2996292114, 16.226266861, 4.8821978569, 0.78046220541, 0.0164072979242, 0.00066952110501],
        "mean": [2.28903079033, 8.49255847931, 5.07910299301, 8.81433296204, 14.3817987442, 15.4053106308, 10.3821296692, 12.3918437958, 11.5051622391, 17.7437896729, 11.2608690262, 20.7586193085, 7.77999019623, 7.66886758804, 9.98533344269, 6.37487125397, 10.142947197, 6.25248146057, 5.64072799683, 8.8209066391, 5.15378475189, 6.80573320389, 5.86324453354, 5.62362241745, 6.23430109024, 4.17511510849, 5.38541841507, 6.35011148453, 4.26916074753, 2.6630718708, 2.38761806488, 2.87142181396, 2.04516077042, 0.800369620323, 0.321938842535, 0.142237767577, 0.0410903841257, 0.00649535655975, 0.000175558321644, 8.48857162055e-05],
        "median": [0.516243934631, 2.53288412094, 2.10545229912, 2.24387788773, 4.2315120697, 5.63282585144, 3.47813987732, 2.8115811348, 2.47952914238, 3.58102655411, 2.95986366272, 2.95750284195, 2.36533403397, 1.86044156551, 2.08659505844, 1.59122896194, 1.79154634476, 1.16211271286, 1.06474399567, 1.70182025433, 1.09880328178, 1.04055523872, 0.870164394379, 0.732893943787, 0.571404457092, 0.467631876469, 0.356281727552, 0.288862913847, 0.225504487753, 0.175616204739, 0.115409463644, 0.0656180530787, 0.0460959225893, 0.026633657515, 0.0103706307709, 0.00448700739071, 0.00179382029455, 0.000316841033055, 3.41776394635e-05, 4.63808537461e-05],
        "min": [6.55063128476e-22, 3.97568165163e-21, 1.2268114382e-20, 2.29065230141e-20, 6.23630010744e-20, 3.78825649965e-20, 1.09276064839e-19, 3.71881998635e-19, 3.34389365287e-19, 6.14990794255e-19, 1.86119215381e-18, 1.20249499714e-18, 1.21928397184e-18, 2.52633346103e-18, 1.45321271702e-18, 1.35519274501e-18, 1.85317946201e-18, 1.75040599321e-18, 3.99955350572e-18, 5.13404370996e-18, 6.1911168399e-18, 7.97029052045e-18, 1.17656747579e-17, 1.11692750547e-17, 1.26639077035e-17, 9.92570247513e-18, 1.42130920866e-17, 1.5062685985e-17, 1.71086312034e-17, 1.58006684034e-17, 1.79583657225e-17, 1.75028787182e-17, 1.3055685257e-17, 6.32381977121e-18, 8.81938645615e-18, 7.24464963681e-18, 2.45677108704e-18, 1.21213558038e-18, 2.81796162116e-19, 3.43822145252e-20],
        "var": [10.2822504044, 148.639892578, 93.7080383301, 461.486541748, 1092.90881348, 628.357971191, 323.660491943, 677.618103027, 787.144104004, 1575.11608887, 556.481872559, 2225.671875, 207.169082642, 293.855621338, 455.226379395, 180.06111145, 582.155395508, 173.199813843, 150.709014893, 365.929168701, 103.350318909, 233.717819214, 188.616104126, 175.044052124, 315.620574951, 99.5213317871, 262.342437744, 483.458404541, 178.630493164, 66.0397338867, 75.8437347412, 114.407241821, 64.9143295288, 16.4010028839, 3.44568896294, 0.685260295868, 0.0687042102218, 0.00171367113944, 7.43293810501e-07, 8.85640449866e-09]
    },
    "gfcc": {
        "mean": [-97.1368713379, 124.95954895, -71.6087036133, 39.6602668762, -37.8037338257, 19.38804245, -23.5958404541, 8.21133899689, -14.115483284, 1.74920487404, -8.13513469696, -1.18731415272, -4.17916154861],
        "cov": [[20414.1289062, -1746.18115234, -2982.67333984, 634.51776123, -1847.70202637, -12.7846689224, -797.258117676, 443.195556641, -377.896118164, 201.263305664, -544.967163086, 139.111083984, -423.966186523], [-1746.18115234, 2792.82641602, 483.058776855, -722.720153809, 456.182739258, -526.296142578, 314.011199951, -272.805664062, 319.278167725, -216.825286865, 213.386749268, -236.687530518, 153.670883179], [-2982.67333984, 483.058776855, 1812.73144531, -105.616264343, 528.250976562, 192.605255127, 141.15763855, -42.8185462952, 37.4264259338, -5.50069236755, 100.388648987, -25.0107250214, 106.556526184], [634.51776123, -722.720153809, -105.616264343, 700.299255371, 90.8312301636, 254.125366211, 175.307418823, 59.9622077942, 114.540878296, 25.2777233124, 42.6914329529, 23.0287590027, 38.9734725952], [-1847.70202637, 456.182739258, 528.250976562, 90.8312301636, 737.771179199, 204.599441528, 386.296020508, 5.7014336586, 234.679107666, 13.0040864944, 187.23576355, -31.5289440155, 146.267562866], [-12.7846689224, -526.296142578, 192.605255127, 254.125366211, 204.599441528, 342.177062988, 134.773925781, 111.162002563, 54.9191665649, 74.2155532837, 38.5832214355, 40.23462677, 28.3808746338], [-797.258117676, 314.011199951, 141.15763855, 175.307418823, 386.296020508, 134.773925781, 423.39932251, 57.1648521423, 295.32522583, 15.1327342987, 171.329925537, -35.7033958435, 108.309013367], [443.195556641, -272.805664062, -42.8185462952, 59.9622077942, 5.7014336586, 111.162002563, 57.1648521423, 152.557922363, 56.4373664856, 85.0506134033, 14.2103977203, 43.9736404419, -3.90033245087], [-377.896118164, 319.278167725, 37.4264259338, 114.540878296, 234.679107666, 54.9191665649, 295.32522583, 56.4373664856, 286.691650391, 34.3334274292, 150.152603149, -27.9931125641, 84.7584075928], [201.263305664, -216.825286865, -5.50069236755, 25.2777233124, 13.0040864944, 74.2155532837, 15.1327342987, 85.0506134033, 34.3334274292, 111.086288452, 38.7388572693, 57.8700370789, 2.83421874046], [-544.967163086, 213.386749268, 100.388648987, 42.6914329529, 187.23576355, 38.5832214355, 171.329925537, 14.2103977203, 150.152603149, 38.7388572693, 153.18687439, 23.7003879547, 76.3661422729], [139.111083984, -236.687530518, -25.0107250214, 23.0287590027, -31.5289440155, 40.23462677, -35.7033958435, 43.9736404419, -27.9931125641, 57.8700370789, 23.7003879547, 102.409294128, 18.8557472229], [-423.966186523, 153.670883179, 106.556526184, 38.9734725952, 146.267562866, 28.3808746338, 108.309013367, -3.90033245087, 84.7584075928, 2.83421874046, 76.3661422729, 18.8557472229, 99.9656143188]],
        "icov": [[0.000112155641546, -0.000296957063256, 0.000163327378687, -0.000323317275615, 0.000258380605374, -0.000406994862715, 0.000203859424801, -0.000356734468369, 0.00017142816796, -0.000308354094159, 0.00029050919693, -0.000117807438073, 5.05000716657e-05], [-0.000296957063256, 0.00313694030046, -0.000754683103878, 0.00272456207313, -0.00151119846851, 0.0037215303164, -0.000814295199234, 0.00174311455339, -0.00263681192882, 0.0028837423306, -0.00205525686033, 0.0021921931766, -0.000924084393773], [0.000163327378687, -0.000754683103878, 0.00109090690967, -0.000451811880339, -4.25728321716e-05, -0.00152728648391, 0.000702137534972, -0.00046659464715, 0.000854438287206, -0.000687836902216, 0.000212312574149, 6.15683748038e-05, -0.000295673351502], [-0.000323317275615, 0.00272456207313, -0.000451811880339, 0.00497160665691, -0.000658452976495, 0.000651243142784, -0.00149301951751, 0.00325642735697, -0.003629589919, 0.00319393491372, -0.000919330399483, 0.000719241739716, -0.000939451216254], [0.000258380605374, -0.00151119846851, -4.25728321716e-05, -0.000658452976495, 0.00527289137244, -0.00381415640004, -0.00291939405724, 0.000782513467129, 0.0024215078447, -0.00249352678657, 3.35476834152e-05, 0.000458998954855, -0.00181239610538], [-0.000406994862715, 0.0037215303164, -0.00152728648391, 0.000651243142784, -0.00381415640004, 0.0129123097286, -0.00309080281295, -0.00239479891025, 0.000959244964179, 0.000813887163531, -0.00188700912986, 0.00272652832791, -0.000811816193163], [0.000203859424801, -0.000814295199234, 0.000702137534972, -0.00149301951751, -0.00291939405724, -0.00309080281295, 0.0161320399493, -0.00447450391948, -0.00990455877036, 0.00577869359404, -0.00342890317552, 0.00100997055415, 0.000108973697934], [-0.000356734468369, 0.00174311455339, -0.00046659464715, 0.00325642735697, 0.000782513467129, -0.00239479891025, -0.00447450391948, 0.0208689775318, -0.0073466184549, -0.00836962275207, 0.0075922771357, -0.00504860002548, 0.00185105181299], [0.00017142816796, -0.00263681192882, 0.000854438287206, -0.003629589919, 0.0024215078447, 0.000959244964179, -0.00990455877036, -0.0073466184549, 0.0248517226428, -0.00767064094543, -0.00838659889996, 0.00860165897757, -0.00415554409847], [-0.000308354094159, 0.0028837423306, -0.000687836902216, 0.00319393491372, -0.00249352678657, 0.000813887163531, 0.00577869359404, -0.00836962275207, -0.00767064094543, 0.0285852011293, -0.00948348082602, -0.00619897479191, 0.00468428945169], [0.00029050919693, -0.00205525686033, 0.000212312574149, -0.000919330399483, 3.35476834152e-05, -0.00188700912986, -0.00342890317552, 0.0075922771357, -0.00838659889996, -0.00948348082602, 0.0278516411781, -0.0114697264507, -0.00271185464226], [-0.000117807438073, 0.0021921931766, 6.15683748038e-05, 0.000719241739716, 0.000458998954855, 0.00272652832791, 0.00100997055415, -0.00504860002548, 0.00860165897757, -0.00619897479191, -0.0114697264507, 0.0268531814218, -0.0103730084375], [5.05000716657e-05, -0.000924084393773, -0.000295673351502, -0.000939451216254, -0.00181239610538, -0.000811816193163, 0.000108973697934, 0.00185105181299, -0.00415554409847, 0.00468428945169, -0.00271185464226, -0.0103730084375, 0.022574884817]]
    },
    "melbands": {
        "dmean": [0.00814471207559, 0.00312449759804, 0.00183320080396, 0.000980268698186, 0.00027867523022, 0.000168827944435, 0.000111045497761, 0.000122196055599, 7.83500363468e-05, 8.90964947757e-05, 2.55601389654e-05, 2.63448218902e-05, 2.88959599857e-05, 1.16650307973e-05, 2.09123663808e-05, 1.36394437504e-05, 1.07958985609e-05, 7.19521358405e-06, 9.6080621006e-06, 7.97545999376e-06, 5.27617794432e-06, 6.4630498855e-06, 9.02026658878e-06, 4.58070326204e-06, 4.74272792417e-06, 6.22473044132e-06, 4.1620646698e-06, 2.47051548286e-06, 3.88462513001e-06, 4.71629982712e-06, 6.4596424636e-06, 4.09184121963e-06, 2.10472353501e-06, 1.83144788934e-06, 1.85626038274e-06, 2.04417142413e-06, 3.20923641084e-06, 2.65727067017e-06, 1.50548873989e-06, 8.0408847225e-07],
        "dmean2": [0.0110598597676, 0.00489013083279, 0.00336198112927, 0.00173402379733, 0.000445336976554, 0.000257383624557, 0.000170318729943, 0.000185133394552, 0.000119628741231, 0.000137040100526, 4.12663939642e-05, 4.41786869487e-05, 4.7518631618e-05, 1.94866661332e-05, 3.46900233126e-05, 2.28142962442e-05, 1.86846664292e-05, 1.2196717762e-05, 1.64632747328e-05, 1.32534760269e-05, 9.24885989662e-06, 1.13451669677e-05, 1.62766737049e-05, 8.09594348539e-06, 8.39687072585e-06, 1.14033555292e-05, 7.47624562791e-06, 4.12845747633e-06, 7.01913222656e-06, 8.64247522259e-06, 1.21280163512e-05, 7.63983825891e-06, 3.74212390852e-06, 3.27352017848e-06, 3.35730328516e-06, 3.7348877413e-06, 6.03754915574e-06, 4.9810123528e-06, 2.79053438135e-06, 1.45332853663e-06],
        "dvar": [0.000190343766008, 3.80818855774e-05, 2.77991166513e-05, 5.45529383089e-06, 2.54729513927e-07, 1.36289145303e-07, 9.32402244302e-08, 8.81619541815e-08, 2.98148243871e-08, 4.45043930597e-08, 3.26319371524e-09, 4.63184424149e-09, 4.56674653648e-09, 7.92706067454e-10, 2.55052712284e-09, 1.01517316775e-09, 6.10900829923e-10, 3.14165166104e-10, 4.49624198984e-10, 3.37020522601e-10, 1.57329926864e-10, 2.24147297945e-10, 5.25232635162e-10, 1.2824766249e-10, 1.36739702894e-10, 2.91629331794e-10, 1.19485726868e-10, 3.45081706266e-11, 1.11869256914e-10, 1.81396300758e-10, 3.90712712184e-10, 1.39249958786e-10, 3.65269758884e-11, 2.73828598685e-11, 3.15949003071e-11, 6.58122237263e-11, 9.01643551487e-11, 6.98444774239e-11, 3.33965737009e-11, 1.61036843582e-11],
        "dvar2": [0.000325163884554, 9.69221509877e-05, 7.99883200671e-05, 1.55485649884e-05, 6.42254462946e-07, 3.14802974799e-07, 2.05426530897e-07, 1.90974176917e-07, 6.66852386644e-08, 9.94958355705e-08, 7.53474260762e-09, 1.16665699323e-08, 1.12415801112e-08, 1.97591765172e-09, 6.54655130106e-09, 2.65615462958e-09, 1.62542579396e-09, 8.09811329106e-10, 1.17497800378e-09, 8.70164107436e-10, 4.28596158564e-10, 6.10404615742e-10, 1.46683298841e-09, 3.52283757721e-10, 3.76204511987e-10, 8.24025625512e-10, 3.32574912054e-10, 8.64944851853e-11, 3.13394754592e-10, 5.1396037426e-10, 1.11948394999e-09, 3.96713301098e-10, 1.01132019426e-10, 7.6021883233e-11, 8.81562947641e-11, 1.86903659216e-10, 2.56214799377e-10, 1.97929200807e-10, 9.4334234868e-11, 4.53434373382e-11],
        "max": [0.135522082448, 0.0589580647647, 0.0513047873974, 0.0308438073844, 0.0104959346354, 0.00807309523225, 0.00984890107065, 0.0115803005174, 0.00366042158566, 0.00404955307022, 0.00202750437893, 0.00177065073512, 0.00122967502102, 0.000622347812168, 0.00108868558891, 0.000640274432953, 0.000357049953891, 0.000280720705632, 0.000398755975766, 0.000298826169455, 0.000181415322004, 0.000159875475219, 0.000198252615519, 0.000159895760589, 0.000138315299409, 0.00019530323334, 9.77923118626e-05, 0.000104276885395, 0.000101391648059, 0.000132609056891, 0.00015244219685, 8.53300880408e-05, 9.7053249192e-05, 7.6344666013e-05, 8.34282764117e-05, 0.000141913740663, 0.000107061539893, 0.000115510920295, 8.26571413199e-05, 6.6516091465e-05],
        "mean": [0.0169868264347, 0.00535067263991, 0.00176054844633, 0.00107983523048, 0.000451996835181, 0.000273679004749, 0.000175274675712, 0.000179879090865, 0.000107698964712, 0.000116394141514, 3.53135037585e-05, 3.03863816953e-05, 3.67396787624e-05, 1.51091253429e-05, 2.42876085395e-05, 1.6072892322e-05, 1.14273525469e-05, 8.46946113597e-06, 1.06092729766e-05, 9.7388319773e-06, 5.51293351236e-06, 6.40395046503e-06, 7.68117115513e-06, 4.39302721134e-06, 4.40244320998e-06, 4.98057215736e-06, 3.46998058376e-06, 2.49578806688e-06, 3.00515625895e-06, 3.33290472554e-06, 4.13068710259e-06, 2.72037004834e-06, 1.61117361586e-06, 1.37057077154e-06, 1.3205567484e-06, 1.38652092119e-06, 1.94839390133e-06, 1.61867433235e-06, 9.75703869699e-07, 5.56550730835e-07],
        "median": [0.00410616770387, 0.00251670926809, 0.000459110044176, 0.000424349243985, 0.000163719261764, 6.24533786322e-05, 3.65782689187e-05, 3.52079005097e-05, 2.42878486461e-05, 1.68009100889e-05, 9.93781213765e-06, 6.86584235154e-06, 6.59868419461e-06, 3.59652403858e-06, 4.56552879768e-06, 2.94185997518e-06, 1.89416005014e-06, 1.44014518355e-06, 2.01195416594e-06, 1.85634507943e-06, 9.55303903538e-07, 9.16569774745e-07, 8.89097123036e-07, 5.72264752918e-07, 5.43019439192e-07, 4.46207053528e-07, 3.20762410411e-07, 2.82023393083e-07, 2.15687379068e-07, 1.77937266699e-07, 1.53908516154e-07, 1.16567775876e-07, 1.1880524653e-07, 8.34373707903e-08, 6.40480948277e-08, 4.87585012365e-08, 3.43457138285e-08, 3.04798106754e-08, 3.24031077525e-08, 1.71780953906e-08],
        "min": [6.11537634945e-24, 6.13402265467e-24, 5.83946712025e-24, 3.58996950672e-24, 3.10725131932e-24, 8.59510577918e-24, 5.92240164494e-24, 7.64233693279e-24, 1.45322788446e-23, 6.47000640281e-24, 5.47996979511e-24, 1.02587274425e-23, 6.40019576257e-24, 3.92090138963e-24, 3.4929139774e-24, 3.5517133027e-24, 3.03409078125e-24, 5.70837184844e-24, 7.44885301857e-24, 5.37598293944e-24, 8.67709051534e-24, 7.2278993899e-24, 1.30563382347e-23, 6.25475426634e-24, 8.5014080363e-24, 1.13948819946e-23, 5.89523445865e-24, 6.30653272957e-24, 8.59240235286e-24, 7.48069381129e-24, 7.65952700078e-24, 9.67141970965e-24, 8.09911342932e-24, 8.50738050221e-24, 9.84306322085e-24, 1.05469432962e-23, 1.09370933895e-23, 9.87374754348e-24, 5.5908307847e-24, 4.8862868829e-24],
        "var": [0.000561048917007, 5.5760727264e-05, 1.76063931576e-05, 3.92149286199e-06, 5.14111320626e-07, 3.23371068589e-07, 1.76129731244e-07, 1.61239668728e-07, 4.7974872075e-08, 6.88183803277e-08, 4.90426277366e-09, 5.30004484744e-09, 7.08457781329e-09, 1.08864928183e-09, 2.9493820719e-09, 1.21681587029e-09, 6.54022835889e-10, 3.79660636263e-10, 4.78391160019e-10, 4.06258443553e-10, 1.44577544381e-10, 2.03607741778e-10, 3.80067088912e-10, 1.11215814336e-10, 1.11483926257e-10, 1.93292437611e-10, 8.5410400974e-11, 3.61585171527e-11, 7.50676257266e-11, 1.12547471343e-10, 2.25840610102e-10, 8.27656623792e-11, 2.44047577286e-11, 1.80823776091e-11, 2.00472295014e-11, 3.89199020234e-11, 5.24128691837e-11, 4.08401854002e-11, 1.99030809195e-11, 9.72566818747e-12]
    },
    "mfcc": {
        "mean": [-748.016906738, 149.527206421, 32.8781471252, 33.1991119385, 16.9284763336, 16.6632614136, 9.48202228546, 9.32642936707, 5.63804101944, 5.79681110382, 3.75881552696, 3.42936134338, 2.13001537323],
        "cov": [[18678.8261719, -1361.6965332, -2047.8848877, 47.1510391235, -1140.14685059, -697.288635254, -832.391052246, -173.198226929, -225.8722229, -110.803565979, -256.130004883, 23.5007686615, -346.045776367], [-1361.6965332, 2728.36230469, 340.184570312, -156.002227783, 81.6272125244, -166.991638184, -50.1514968872, -106.867874146, -32.3942909241, -1.37272298336, 54.6636734009, -75.4064559937, 47.7006416321], [-2047.8848877, 340.184570312, 1072.1730957, 41.5384216309, 234.965179443, 107.486557007, 117.000679016, -6.71180868149, 9.25514793396, -0.66221344471, 10.5420436859, -44.6206092834, -19.2672920227], [47.1510391235, -156.002227783, 41.5384216309, 318.308746338, 91.8292999268, 159.144607544, 72.8525466919, 101.482223511, 65.1518783569, 62.5295295715, 31.4834327698, 48.1677017212, 20.5073928833], [-1140.14685059, 81.6272125244, 234.965179443, 91.8292999268, 310.959960938, 212.338241577, 189.699966431, 81.8888168335, 84.2300491333, 61.9687309265, 57.8424110413, 11.206788063, 55.7114982605], [-697.288635254, -166.991638184, 107.486557007, 159.144607544, 212.338241577, 296.864532471, 197.63961792, 144.754394531, 114.662574768, 107.143623352, 76.2266540527, 59.773059845, 64.717666626], [-832.391052246, -50.1514968872, 117.000679016, 72.8525466919, 189.699966431, 197.63961792, 207.865203857, 116.167915344, 100.371810913, 80.3488006592, 73.5381011963, 43.987487793, 64.3096466064], [-173.198226929, -106.867874146, -6.71180868149, 101.482223511, 81.8888168335, 144.754394531, 116.167915344, 156.300552368, 110.536750793, 98.3286361694, 72.3535919189, 72.679473877, 57.2586097717], [-225.8722229, -32.3942909241, 9.25514793396, 65.1518783569, 84.2300491333, 114.662574768, 100.371810913, 110.536750793, 135.332305908, 107.264007568, 74.1241836548, 58.5697898865, 56.0268478394], [-110.803565979, -1.37272298336, -0.66221344471, 62.5295295715, 61.9687309265, 107.143623352, 80.3488006592, 98.3286361694, 107.264007568, 147.143173218, 93.8910598755, 68.103187561, 54.6955833435], [-256.130004883, 54.6636734009, 10.5420436859, 31.4834327698, 57.8424110413, 76.2266540527, 73.5381011963, 72.3535919189, 74.1241836548, 93.8910598755, 109.045227051, 73.4077072144, 58.4633178711], [23.5007686615, -75.4064559937, -44.6206092834, 48.1677017212, 11.206788063, 59.773059845, 43.987487793, 72.679473877, 58.5697898865, 68.103187561, 73.4077072144, 109.97631073, 64.1466598511], [-346.045776367, 47.7006416321, -19.2672920227, 20.5073928833, 55.7114982605, 64.717666626, 64.3096466064, 57.2586097717, 56.0268478394, 54.6955833435, 58.4633178711, 64.1466598511, 119.652099609]],
