{
"lowlevel": {
    "average_loudness": 0.946072936058,
    "barkbands_crest": {
        "dmean": 3.75146460533,
        "dmean2": 5.80536746979,
        "dvar": 10.771900177,
        "dvar2": 25.7345676422,
        "max": 26.5426692963,
        "mean": 15.6899490356,
        "median": 15.8267374039,
        "min": 3.46698379517,
        "var": 21.7597370148
    },
    "barkbands_flatness_db": {
        "dmean": 0.0767493620515,
        "dmean2": 0.103054486215,
        "dvar": 0.0042597129941,
        "dvar2": 0.00930522475392,
        "max": 0.815494477749,
        "mean": 0.314785063267,
        "median": 0.302063196898,
        "min": 0.02553431876,
        "var": 0.0168738681823
    },
    "barkbands_kurtosis": {
        "dmean": 35.8454704285,
        "dmean2": 55.9257850647,
        "dvar": 6870.26074219,
        "dvar2": 16367.0136719,
        "max": 2487.14868164,
        "mean": 43.4219055176,
        "median": 20.0001525879,
        "min": -1.83706307411,
        "var": 7371.57568359
    },
    "barkbands_skewness": {
        "dmean": 1.87737953663,
        "dmean2": 2.85916233063,
        "dvar": 4.94059848785,
        "dvar2": 11.7179288864,
        "max": 39.0725479126,
        "mean": 4.21131229401,
        "median": 3.56153154373,
        "min": -2.44337821007,
        "var": 9.23786258698
    },
    "barkbands_spread": {
        "dmean": 5.82295465469,
        "dmean2": 9.13124465942,
        "dvar": 94.0415496826,
        "dvar2": 223.581222534,
        "max": 107.977561951,
        "mean": 7.07291269302,
        "median": 3.35355257988,
        "min": 0.0826998725533,
        "var": 107.705787659
    },
    "dissonance": {
        "dmean": 0.0416122749448,
        "dmean2": 0.0703343823552,
        "dvar": 0.00159319920931,
        "dvar2": 0.00431864522398,
        "max": 0.500000119209,
        "mean": 0.431700974703,
        "median": 0.446415960789,
        "min": 0.0733132213354,
        "var": 0.00303171901032
    },
    "dynamic_complexity": 4.32812404633,
    "erbbands_crest": {
        "dmean": 3.30830383301,
        "dmean2": 5.10419225693,
        "dvar": 8.4447221756,
        "dvar2": 19.8925819397,
        "max": 31.6667098999,
        "mean": 9.9859085083,
        "median": 9.27674484253,
        "min": 2.12317013741,
        "var": 22.0705032349
    },
    "erbbands_flatness_db": {
        "dmean": 0.0424062423408,
        "dmean2": 0.0595870167017,
        "dvar": 0.00167552323546,
        "dvar2": 0.0033836720977,
        "max": 0.577245891094,
        "mean": 0.186067909002,
        "median": 0.173505321145,
        "min": 0.0341266058385,
        "var": 0.00948950462043
    },
    "erbbands_kurtosis": {
        "dmean": 3.96855401993,
        "dmean2": 6.07698154449,
        "dvar": 38.2807807922,
        "dvar2": 85.7594146729,
        "max": 143.078552246,
        "mean": 3.96345329285,
        "median": 1.35677623749,
        "min": -1.86684083939,
        "var": 64.266708374
    },
    "erbbands_skewness": {
        "dmean": 0.813179314137,
        "dmean2": 1.20269298553,
        "dvar": 0.586083054543,
        "dvar2": 1.347001791,
        "max": 8.58641624451,
        "mean": 1.30646920204,
        "median": 1.15393483639,
        "min": -3.23452854156,
        "var": 1.34151768684
    },
    "erbbands_spread": {
        "dmean": 19.1682624817,
        "dmean2": 27.534318924,
        "dvar": 493.594055176,
        "dvar2": 977.973754883,
        "max": 199.37210083,
        "mean": 43.5777664185,
        "median": 29.5173492432,
        "min": 0.462628543377,
        "var": 1445.60351562
    },
    "hfc": {
        "dmean": 13.3341999054,
        "dmean2": 20.3878364563,
        "dvar": 412.98147583,
        "dvar2": 1017.33630371,
        "max": 186.190032959,
        "mean": 20.5686817169,
        "median": 13.4915208817,
        "min": 1.19365934335e-16,
        "var": 536.10949707
    },
    "melbands_crest": {
        "dmean": 4.71830654144,
        "dmean2": 7.39773511887,
        "dvar": 17.6778831482,
        "dvar2": 43.6527938843,
        "max": 38.8152999878,
        "mean": 23.4580497742,
        "median": 23.5588607788,
        "min": 1.71184051037,
        "var": 44.0039596558
    },
    "melbands_flatness_db": {
        "dmean": 0.0871467068791,
        "dmean2": 0.116902969778,
        "dvar": 0.00562760047615,
        "dvar2": 0.0123292570934,
        "max": 0.982599377632,
        "mean": 0.431532084942,
        "median": 0.417448818684,
        "min": 0.0020581302233,
        "var": 0.0225959978998
    },
    "melbands_kurtosis": {
        "dmean": 68.7264709473,
        "dmean2": 106.497177124,
        "dvar": 13206.9550781,
        "dvar2": 31068.7597656,
        "max": 2318.97607422,
        "mean": 93.3412246704,
        "median": 43.8048820496,
        "min": -1.43191194534,
        "var": 18759.7734375
    },
    "melbands_skewness": {
        "dmean": 2.26287865639,
        "dmean2": 3.4468960762,
        "dvar": 6.49246549606,
        "dvar2": 15.3862752914,
        "max": 38.3867225647,
        "mean": 5.83651161194,
        "median": 4.70695972443,
        "min": -1.47464025021,
        "var": 15.5941038132
    },
    "melbands_spread": {
        "dmean": 2.86120557785,
        "dmean2": 4.59459257126,
        "dvar": 26.4883766174,
        "dvar2": 61.9513397217,
        "max": 165.133331299,
        "mean": 4.07437133789,
        "median": 2.33044362068,
        "min": 0.0440443120897,
        "var": 36.847442627
    },
    "pitch_salience": {
        "dmean": 0.119731545448,
        "dmean2": 0.182025149465,
        "dvar": 0.0111612686887,
        "dvar2": 0.0267099831253,
        "max": 0.957818567753,
        "mean": 0.401135981083,
        "median": 0.399347037077,
        "min": 0.040247682482,
        "var": 0.0254341885448
    },
    "silence_rate_20dB": {
        "dmean": 0.0178360845894,
        "dmean2": 0.0356747992337,
        "dvar": 0.0175196174532,
        "dvar2": 0.0500344336033,
        "max": 1,
        "mean": 0.989903450012,
        "median": 1,
        "min": 0,
        "var": 0.00999347027391
    },
    "silence_rate_30dB": {
        "dmean": 0.129569575191,
        "dmean2": 0.25915825367,
        "dvar": 0.112797349691,
        "dvar2": 0.216301500797,
        "max": 1,
        "mean": 0.425455093384,
        "median": 0,
        "min": 0,
        "var": 0.244419202209
    },
    "silence_rate_60dB": {
        "dmean": 0.0396521240473,
        "dmean2": 0.0793100893497,
        "dvar": 0.0380901060998,
        "dvar2": 0.0924876928329,
        "max": 1,
        "mean": 0.10435551405,
        "median": 0,
        "min": 0,
        "var": 0.0934515148401
    },
    "spectral_centroid": {
        "dmean": 280.189575195,
        "dmean2": 434.35345459,
        "dvar": 171897.484375,
        "dvar2": 397869.6875,
        "max": 11056.7080078,
        "mean": 523.571472168,
        "median": 336.242675781,
        "min": 58.5787010193,
        "var": 261260.109375
    },
    "spectral_complexity": {
        "dmean": 4.39209890366,
        "dmean2": 6.73811435699,
        "dvar": 27.3935546875,
        "dvar2": 69.8657302856,
        "max": 41,
        "mean": 8.97943878174,
        "median": 8,
        "min": 0,
        "var": 43.4433135986
    },
    "spectral_decrease": {
        "dmean": 1.42874139186e-08,
        "dmean2": 2.07834318644e-08,
        "dvar": 2.60147085038e-16,
        "dvar2": 5.71463642178e-16,
        "max": -3.732366092e-30,
        "mean": -3.29562652723e-08,
        "median": -3.07168903646e-08,
        "min": -1.42208833154e-07,
        "var": 6.98110579083e-16
    },
    "spectral_energy": {
        "dmean": 0.0541803650558,
        "dmean2": 0.0788616761565,
        "dvar": 0.00374677800573,
        "dvar2": 0.00821545813233,
        "max": 0.54006332159,
        "mean": 0.126250371337,
        "median": 0.118509694934,
        "min": 1.0874874043e-20,
        "var": 0.0101075675339
    },
    "spectral_energyband_high": {
        "dmean": 0.000871564261615,
        "dmean2": 0.00136635976378,
        "dvar": 2.93753123515e-06,
        "dvar2": 7.16605973139e-06,
        "max": 0.0161065161228,
        "mean": 0.000874097866472,
        "median": 3.9472921344e-05,
        "min": 7.97267128196e-21,
        "var": 3.19643436342e-06
    },
    "spectral_energyband_low": {
        "dmean": 0.0508662126958,
        "dmean2": 0.074116744101,
        "dvar": 0.0034870991949,
        "dvar2": 0.0077268560417,
        "max": 0.495268940926,
        "mean": 0.108570478857,
        "median": 0.0963962599635,
        "min": 2.586515085e-23,
        "var": 0.00872457679361
    },
    "spectral_energyband_middle_high": {
        "dmean": 0.00138846354093,
        "dmean2": 0.00232811062597,
        "dvar": 7.05005186319e-06,
        "dvar2": 1.89125948964e-05,
        "max": 0.0291696861386,
        "mean": 0.00125989480875,
        "median": 0.000352663570084,
        "min": 1.43016539074e-21,
        "var": 5.67880897506e-06
    },
    "spectral_energyband_middle_low": {
        "dmean": 0.0117699615657,
        "dmean2": 0.0182759910822,
        "dvar": 0.000325860775774,
        "dvar2": 0.000832817691844,
        "max": 0.169871002436,
        "mean": 0.0166966300458,
        "median": 0.0102267935872,
        "min": 4.15366745304e-22,
        "var": 0.000386240630178
    },
    "spectral_entropy": {
        "dmean": 0.57721143961,
        "dmean2": 0.779223501682,
        "dvar": 0.265586912632,
        "dvar2": 0.598438918591,
        "max": 9.81486129761,
        "mean": 6.74784088135,
        "median": 6.81318902969,
        "min": 3.37681698799,
        "var": 1.08227169514
    },
    "spectral_flux": {
        "dmean": 0.0749082639813,
        "dmean2": 0.120959281921,
        "dvar": 0.00564774358645,
        "dvar2": 0.0140777789056,
        "max": 0.651851832867,
        "mean": 0.158844813704,
        "median": 0.136583223939,
        "min": 6.51482617853e-11,
        "var": 0.0113666793332
    },
    "spectral_kurtosis": {
        "dmean": 19.4192485809,
        "dmean2": 29.6824207306,
        "dvar": 1616.42028809,
        "dvar2": 3470.44897461,
        "max": 865.090515137,
        "mean": 29.9765357971,
        "median": 6.83003234863,
        "min": -1.23290753365,
        "var": 3585.00634766
    },
    "spectral_rms": {
        "dmean": 0.00247216550633,
        "dmean2": 0.00349841779098,
        "dvar": 6.59265424474e-06,
        "dvar2": 1.27523035189e-05,
        "max": 0.0229541063309,
        "mean": 0.00977254007012,
        "median": 0.0107526378706,
        "min": 3.25724321647e-12,
        "var": 2.76688369922e-05
    },
    "spectral_rolloff": {
        "dmean": 199.643585205,
        "dmean2": 360.811676025,
        "dvar": 768808.3125,
        "dvar2": 2028862.625,
        "max": 18712.3535156,
        "mean": 295.792572021,
        "median": 150.732421875,
        "min": 21.533203125,
        "var": 674599.5
    },
    "spectral_skewness": {
        "dmean": 1.20873737335,
        "dmean2": 1.80547356606,
        "dvar": 2.56040668488,
        "dvar2": 5.08913421631,
        "max": 24.5040016174,
        "mean": 3.35315394402,
        "median": 2.27256584167,
        "min": -0.0236395746469,
        "var": 8.55995941162
    },
    "spectral_spread": {
        "dmean": 1561874.375,
        "dmean2": 2150097.75,
        "dvar": 3.16614875546e+12,
        "dvar2": 5.71408226714e+12,
        "max": 41643856,
        "mean": 5115990.5,
        "median": 4663699.5,
        "min": 100012.992188,
        "var": 1.26402764472e+13
    },
    "spectral_strongpeak": {
        "dmean": 0.260480493307,
        "dmean2": 0.42012283206,
        "dvar": 0.095169775188,
        "dvar2": 0.22323538363,
        "max": 4.83202266693,
        "mean": 0.463141471148,
        "median": 0.392817139626,
        "min": 0,
        "var": 0.165497139096
    },
    "zerocrossingrate": {
        "dmean": 0.0101660965011,
        "dmean2": 0.0128370784223,
        "dvar": 0.000243975431658,
        "dvar2": 0.000346042827005,
        "max": 0.60107421875,
        "mean": 0.0217869728804,
        "median": 0.01220703125,
        "min": 0.0009765625,
        "var": 0.00074517459143
    },
    "barkbands": {
        "dmean": [0.0111956074834, 0.042527243495, 0.00908128917217, 0.00508920382708, 0.00421898206696, 0.00234860181808, 0.000940056692343, 0.000432254950283, 0.000503913208377, 0.000362253049389, 0.000242183246883, 0.000167340447661, 0.000108969688881, 0.000176830406417, 0.000111491812277, 9.85757433227e-05, 7.71946361056e-05, 7.57347224862e-05, 7.32634143787e-05, 7.7632816101e-05, 6.36070617475e-05, 0.000101845915196, 9.69727043412e-05, 0.000112016321509, 0.000194788590306, 0.000277544517303, 1.52188977154e-05],
        "dmean2": [0.0182181950659, 0.0636457055807, 0.0147745423019, 0.00794532895088, 0.00679711950943, 0.00374343642034, 0.00154147017747, 0.000695069029462, 0.000814444269054, 0.000587314832956, 0.000407260289649, 0.000283772998955, 0.000189694590517, 0.000313991942676, 0.000201182236196, 0.000172724743607, 0.000140143718454, 0.000134745030664, 0.000131545195472, 0.000136891423608, 0.000104403668956, 0.000170251907548, 0.000158613387612, 0.00016665320436, 0.000296579441056, 0.000453348271549, 2.6497980798e-05],
        "dvar": [0.000250894925557, 0.00282421545126, 0.000328811700456, 8.59183564899e-05, 6.85608683852e-05, 1.75295572262e-05, 3.5823802591e-06, 7.88327383816e-07, 1.32926959395e-06, 1.13523083201e-06, 2.32968147884e-07, 1.0561667807e-07, 5.0085148473e-08, 2.74857086424e-07, 8.32637567783e-08, 5.92377809028e-08, 4.66670364574e-08, 3.87812306712e-08, 3.53368108108e-08, 4.51046275884e-08, 1.71172747088e-08, 5.58907373716e-08, 4.08928464424e-08, 4.10340490475e-08, 1.92349517647e-07, 5.17647777087e-07, 2.89823920419e-09],
        "dvar2": [0.000603980908636, 0.00678439810872, 0.000849852396641, 0.000215300518903, 0.000178596877959, 4.2373110773e-05, 8.79560684552e-06, 1.90806554201e-06, 3.00899273498e-06, 2.56321845882e-06, 5.82157952067e-07, 2.58436330114e-07, 1.34834493792e-07, 7.75488445015e-07, 2.34183076486e-07, 1.60518226267e-07, 1.33061774932e-07, 1.09419822536e-07, 1.00134947445e-07, 1.30007535404e-07, 4.45751169309e-08, 1.5784110019e-07, 1.13440549399e-07, 9.26198708839e-08, 4.29966092952e-07, 1.28655483422e-06, 7.7097013218e-09],
        "max": [0.174966841936, 0.436971962452, 0.173183560371, 0.10014231503, 0.127202153206, 0.0625011399388, 0.0343512743711, 0.0200628116727, 0.0304990168661, 0.02745565027, 0.00710670091212, 0.00629675062373, 0.00378341344185, 0.00790127553046, 0.00380528788082, 0.00279900175519, 0.00261389277875, 0.00258280383423, 0.0023345197551, 0.00255861389451, 0.00146023358684, 0.00277983699925, 0.00301913777366, 0.00203647231683, 0.00579605344683, 0.00758111197501, 0.000781497044954],
        "mean": [0.0197666343302, 0.0770936757326, 0.0105946576223, 0.00665873056278, 0.00535597791895, 0.00270596239716, 0.000974826631136, 0.000429245119449, 0.000509198755026, 0.000358939432772, 0.000201869072043, 0.00014676367573, 8.83257744135e-05, 0.000133515859488, 8.17094332888e-05, 7.61582705309e-05, 5.55871374672e-05, 5.81970634812e-05, 5.66850831092e-05, 6.44404935883e-05, 6.49599242024e-05, 0.000102002726635, 0.000108878179162, 0.000130277898279, 0.000198568217456, 0.000223975046538, 1.05004683064e-05],
        "median": [0.0106854327023, 0.0632678419352, 0.00395737960935, 0.00246216217056, 0.00229485053569, 0.00100677087903, 0.000265997252427, 0.000110121960461, 0.000120448647067, 9.04009284568e-05, 3.7375408283e-05, 2.99725161312e-05, 1.71624651557e-05, 1.78660902748e-05, 1.0511524124e-05, 8.46888178785e-06, 5.80961113883e-06, 4.86706176162e-06, 4.40415897174e-06, 4.63170908915e-06, 5.49834976482e-06, 5.70824659007e-06, 5.22147684023e-06, 4.73063209938e-06, 3.91387493437e-06, 1.62787046065e-06, 3.15458379418e-08],
        "min": [2.40767586072e-24, 8.1754641209e-24, 4.94152134577e-24, 6.68660591371e-24, 5.24517907285e-23, 8.91225010895e-23, 2.10112818116e-23, 9.1076105655e-23, 5.43654536886e-23, 4.97049044813e-23, 5.95373772445e-23, 9.05162226716e-23, 4.08772953609e-23, 4.56017423015e-23, 1.06018727854e-22, 1.69745082723e-22, 1.58323664237e-22, 1.72357398766e-22, 2.22354468928e-22, 1.82975125763e-22, 4.66597669652e-22, 4.35017989895e-22, 5.81301478394e-22, 8.68010538394e-22, 1.34303990681e-21, 1.80869139776e-21, 2.30628274343e-21],
        "var": [0.000541511806659, 0.00541199930012, 0.000332732801326, 0.000108546650154, 8.08168115327e-05, 2.04297157325e-05, 4.04617821914e-06, 8.88321835646e-07, 1.62517994795e-06, 1.31727119879e-06, 2.04150850891e-07, 9.98779725592e-08, 3.69274175682e-08, 1.69418257201e-07, 5.17214857609e-08, 4.10899119174e-08, 2.79791780855e-08, 2.47885552085e-08, 2.32229364627e-08, 3.01040650186e-08, 1.93970794982e-08, 5.2620652724e-08, 4.61947209374e-08, 6.09154398035e-08, 2.14441342905e-07, 4.33288931845e-07, 2.00106420323e-09]
    },
    "erbbands": {
        "dmean": [1.84863221645, 7.97114515305, 11.6909608841, 13.5931577682, 16.1366462708, 12.9541444778, 16.7176399231, 17.27186203, 15.9690313339, 8.80806350708, 10.3089933395, 10.1058607101, 11.6184101105, 11.7276716232, 7.84232711792, 6.6038813591, 5.496342659, 8.32667732239, 6.76937770844, 5.83623933792, 5.2850394249, 4.46641635895, 3.65983557701, 3.44610643387, 4.7376742363, 3.80925703049, 2.42491984367, 2.81237053871, 3.58198142052, 3.36959719658, 2.70178794861, 2.35389018059, 1.94584429264, 1.88020610809, 1.59551525116, 1.1546049118, 0.484777480364, 0.0937629714608, 0.00209398847073, 0.000102031706774],
        "dmean2": [2.79144597054, 12.0270195007, 18.1317596436, 20.8535461426, 25.7198734283, 21.1614818573, 26.8021469116, 28.3384075165, 26.1379127502, 14.2791318893, 16.6715450287, 16.6281089783, 18.5174407959, 19.1671276093, 13.5474672318, 11.2995252609, 9.47178459167, 14.5827074051, 12.2932786942, 10.4232940674, 9.29584407806, 8.07133674622, 6.42850542068, 6.07428646088, 8.62154197693, 6.78175735474, 4.05020809174, 4.61496257782, 6.03488779068, 5.62269210815, 4.40123224258, 3.59953117371, 2.90698337555, 2.88656663895, 2.45665001869, 1.86495745182, 0.789364039898, 0.15721938014, 0.00351332104765, 0.00015695541515],
        "dvar": [4.85147714615, 128.353042603, 453.434173584, 540.93170166, 1047.2232666, 604.314575195, 903.68359375, 1025.11987305, 1051.56298828, 243.678344727, 495.723480225, 486.868469238, 940.45501709, 673.633300781, 195.775360107, 161.600799561, 122.11756897, 482.362548828, 399.083587646, 219.828903198, 172.394866943, 151.127365112, 72.6497116089, 73.6787872314, 187.808486938, 118.989227295, 27.0305519104, 34.8272247314, 71.633140564, 54.6820602417, 29.6827125549, 18.9087162018, 13.0501861572, 17.6209907532, 14.0578336716, 8.68069553375, 1.66384840012, 0.0687367022038, 3.46149790857e-05, 2.47808706888e-08],
        "dvar2": [12.3803348541, 300.539978027, 1118.58825684, 1327.4576416, 2748.57958984, 1609.77502441, 2070.29345703, 2614.29174805, 2569.53466797, 628.384033203, 1203.37280273, 1212.83959961, 2211.35717773, 1464.89379883, 523.418273926, 412.128448486, 324.532897949, 1325.83679199, 1151.26367188, 615.741760254, 475.662017822, 429.96005249, 200.824295044, 207.484741211, 541.381347656, 344.321777344, 73.6423110962, 89.5359268188, 203.224685669, 153.256866455, 82.0238418579, 46.0621032715, 29.3377246857, 40.5637283325, 31.9175453186, 21.3980426788, 4.10291004181, 0.176981002092, 8.91200616024e-05, 6.07793211316e-08],
        "max": [18.5714302063, 93.5991439819, 223.709213257, 255.302825928, 434.167114258, 296.645477295, 371.594085693, 537.988891602, 603.007507324, 200.534301758, 463.245361328, 519.697021484, 605.657775879, 825.21472168, 141.490982056, 240.198516846, 169.353103638, 337.427368164, 338.238372803, 177.750473022, 156.432922363, 146.303146362, 92.4948501587, 105.843002319, 165.163421631, 120.695640564, 72.4424743652, 61.9556808472, 91.6587371826, 97.8397521973, 72.8088912964, 43.8316879272, 44.8091926575, 63.547328949, 42.8968315125, 36.6329307556, 15.9425754547, 2.78084182739, 0.0633293911815, 0.00166885892395],
        "mean": [3.29525566101, 12.8100576401, 15.9620523453, 18.563079834, 20.5792427063, 16.1660060883, 19.8345127106, 19.0900478363, 17.2611865997, 8.83891391754, 10.4571552277, 9.77977848053, 11.7816486359, 11.4580545425, 6.43733692169, 5.67424345016, 4.57754468918, 6.59304285049, 4.89902067184, 4.3717713356, 4.00261592865, 3.26081681252, 2.92792701721, 2.7256925106, 3.54058599472, 3.08755087852, 2.47921252251, 2.77996587753, 3.46634984016, 3.65817904472, 3.02552199364, 2.72959184647, 2.21302127838, 1.9699280262, 1.55857145786, 0.968854665756, 0.390082627535, 0.0703976750374, 0.00161085592117, 0.000183984549949],
        "median": [2.71031069756, 8.46849441528, 8.0493927002, 8.28517055511, 8.22710990906, 7.21042299271, 7.01841211319, 7.1607260704, 5.13163566589, 2.79004478455, 2.79074931145, 2.6163315773, 2.90118932724, 2.84934878349, 1.54360044003, 1.19707691669, 0.953440070152, 0.991758882999, 0.72881180048, 0.542551100254, 0.455844342709, 0.353814423084, 0.284815639257, 0.24243055284, 0.233509793878, 0.229746133089, 0.215957224369, 0.214137241244, 0.188635066152, 0.194239899516, 0.14404605329, 0.103298276663, 0.0768615975976, 0.0491098426282, 0.0230293404311, 0.00862539652735, 0.0024989452213, 0.000416503346059, 0.000100003970147, 0.000158954615472],
        "min": [2.90673912775e-22, 1.53785558233e-21, 3.97664777273e-21, 1.94100402584e-20, 6.42876564894e-20, 2.14757671263e-19, 4.80206935017e-19, 6.64209850159e-19, 3.61245179741e-19, 1.0525093677e-18, 2.09939804314e-18, 1.24582643994e-18, 1.5218245571e-18, 2.73656017294e-18, 3.87318388277e-18, 2.81487122269e-18, 2.08823131167e-18, 4.0720265215e-18, 6.6978241085e-18, 6.5541639292e-18, 1.23599196556e-17, 9.83498061427e-18, 9.40045436669e-18, 9.50209004855e-18, 1.01115509336e-17, 7.15578645078e-18, 1.50597428764e-17, 1.88033489162e-17, 1.48676715381e-17, 1.82925648879e-17, 1.5611889244e-17, 1.79285227003e-17, 1.45721182509e-17, 1.31050530504e-17, 9.14184875588e-18, 5.73389068835e-18, 3.60299981134e-18, 1.33187752207e-18, 3.00532785267e-19, 3.57454307929e-20],
        "var": [9.67077541351, 211.152862549, 550.04309082, 700.632629395, 1172.59020996, 646.294433594, 1143.18737793, 1103.31359863, 1249.86987305, 232.566436768, 557.227355957, 486.991973877, 1063.55651855, 803.273986816, 152.924636841, 141.313873291, 94.1291427612, 322.539855957, 228.622665405, 138.97718811, 113.8539505, 91.2332992554, 50.2292098999, 49.9421615601, 114.387931824, 76.0447463989, 28.1011180878, 38.3295135498, 63.4459457397, 58.4462432861, 34.5197296143, 26.6826152802, 18.3033504486, 19.6558132172, 14.7261285782, 7.52888536453, 1.40032756329, 0.0520901940763, 2.63217280008e-05, 3.25170219639e-08]
    },
    "gfcc": {
        "mean": [-86.6451873779, 131.622177124, -45.5448760986, 30.1521186829, -38.1048126221, 18.2964382172, -21.9447174072, 7.86775684357, -14.4932374954, 2.00650167465, -10.4090108871, 1.40463066101, -3.2928044796],
        "cov": [[24068.6523438, -5141.44433594, 477.707244873, 2024.48730469, -674.190551758, 1902.6171875, -979.691040039, 1027.296875, -682.482177734, 1081.83081055, -466.145721436, 841.59564209, -463.396820068], [-5141.44433594, 5614.29052734, 199.13104248, -703.118347168, 1337.12670898, -974.562927246, 622.055786133, -824.977966309, 551.497619629, -543.915161133, 613.018188477, -509.837005615, 479.793548584], [477.707244873, 199.13104248, 2154.3059082, 462.797302246, 259.518432617, 227.345428467, -53.007434845, 19.1022586823, -72.9060211182, 130.145965576, -18.7191257477, 24.2588233948, 1.11652052402], [2024.48730469, -703.118347168, 462.797302246, 854.902770996, 52.8780937195, 317.925476074, -68.8070526123, 96.4013595581, -60.8338241577, 127.417694092, -17.1396694183, 79.3428192139, -24.6968574524], [-674.190551758, 1337.12670898, 259.518432617, 52.8780937195, 798.263366699, -102.150512695, 273.71383667, -114.419342041, 179.449981689, -69.6031188965, 183.929244995, -103.867492676, 140.048355103], [1902.6171875, -974.562927246, 227.345428467, 317.925476074, -102.150512695, 399.05947876, -72.9661178589, 194.724075317, -75.6518859863, 135.594039917, -93.0663299561, 106.219787598, -73.3020629883], [-979.691040039, 622.055786133, -53.007434845, -68.8070526123, 273.71383667, -72.9661178589, 278.982299805, -20.4272861481, 140.918289185, -77.5525512695, 73.084777832, -92.3940963745, 80.5680847168], [1027.296875, -824.977966309, 19.1022586823, 96.4013595581, -114.419342041, 194.724075317, -20.4272861481, 234.436798096, -40.6766242981, 103.904266357, -103.360191345, 64.5095214844, -69.2720718384], [-682.482177734, 551.497619629, -72.9060211182, -60.8338241577, 179.449981689, -75.6518859863, 140.918289185, -40.6766242981, 160.574691772, -47.0249481201, 89.0266799927, -64.3020553589, 59.4912490845], [1081.83081055, -543.915161133, 130.145965576, 127.417694092, -69.6031188965, 135.594039917, -77.5525512695, 103.904266357, -47.0249481201, 155.36932373, -28.3600921631, 81.1583786011, -50.3584861755], [-466.145721436, 613.018188477, -18.7191257477, -17.1396694183, 183.929244995, -93.0663299561, 73.084777832, -103.360191345, 89.0266799927, -28.3600921631, 156.370239258, -17.4187660217, 75.8677825928], [841.59564209, -509.837005615, 24.2588233948, 79.3428192139, -103.867492676, 106.219787598, -92.3940963745, 64.5095214844, -64.3020553589, 81.1583786011, -17.4187660217, 127.038345337, -13.3653354645], [-463.396820068, 479.793548584, 1.11652052402, -24.6968574524, 140.048355103, -73.3020629883, 80.5680847168, -69.2720718384, 59.4912490845, -50.3584861755, 75.8677825928, -13.3653354645, 113.595916748]],
        "icov": [[0.000106629049696, -0.000185781769687, 0.000110716740892, -0.000165620134794, 1.50824434968e-05, -0.000368846580386, 0.000212726721657, -0.000280694599496, 0.000195568180061, -0.000401077850256, 0.000235013416386, -0.00035106157884, 0.000125422695419], [-0.000185781769687, 0.00201919069514, -0.000562481931411, 0.000994279631414, -0.00115283788182, 0.00125825731084, 3.59249793291e-06, 0.0025024630595, -0.00122132780962, 0.00145411060657, -0.00232363282703, 0.0034751680214, -0.00206287088804], [0.000110716740892, -0.000562481931411, 0.000811788835563, -0.000492574821692, -5.07462209498e-05, -0.000798886874691, 0.00030437350506, -0.000359575758921, 0.000724648416508, -0.00123172928579, 0.00101127743255, -0.000498124456499, 0.000164670054801], [-0.000165620134794, 0.000994279631414, -0.000492574821692, 0.00248121377081, -0.000711909553502, -0.00087588612223, 0.000180463408469, 0.00157669582404, -0.000212994331378, 0.000413137924625, -0.00174361537211, 0.00234949379228, -0.00144923722837], [1.50824434968e-05, -0.00115283788182, -5.07462209498e-05, -0.000711909553502, 0.00341585394926, -0.000545258342754, -0.00203110044822, -0.00115939881653, 0.000571366632357, -0.00100414943881, -0.000502136768773, -0.0010059743654, 0.000419511226937], [-0.000368846580386, 0.00125825731084, -0.000798886874691, -0.00087588612223, -0.000545258342754, 0.00838039815426, -0.00110734510235, -0.00148138194345, -0.00133271340746, 0.00134310487192, -0.000330591428792, -0.00085173768457, 0.000374261639081], [0.000212726721657, 3.59249793291e-06, 0.00030437350506, 0.000180463408469, -0.00203110044822, -0.00110734510235, 0.0109006883577, -0.00408882787451, -0.00381378200836, 0.00158594117966, -0.000516666390467, 0.00426874216646, -0.00399867864326], [-0.000280694599496, 0.0025024630595, -0.000359575758921, 0.00157669582404, -0.00115939881653, -0.00148138194345, -0.00408882787451, 0.0168311018497, -0.00449642073363, -0.00354659580626, 0.00511828251183, 0.000414765934693, -0.000318080390571], [0.000195568180061, -0.00122132780962, 0.000724648416508, -0.000212994331378, 0.000571366632357, -0.00133271340746, -0.00381378200836, -0.00449642073363, 0.017434950918, -0.00169472501148, -0.00671597803012, 0.00380719127133, -0.000647341948934], [-0.000401077850256, 0.00145411060657, -0.00123172928579, 0.000413137924625, -0.00100414943881, 0.00134310487192, 0.00158594117966, -0.00354659580626, -0.00169472501148, 0.0177393760532, -0.00597792072222, -0.00316029787064, 0.00351346633397], [0.000235013416386, -0.00232363282703, 0.00101127743255, -0.00174361537211, -0.000502136768773, -0.000330591428792, -0.000516666390467, 0.00511828251183, -0.00671597803012, -0.00597792072222, 0.0222163069993, -0.00971751753241, -0.000836545368657], [-0.00035106157884, 0.0034751680214, -0.000498124456499, 0.00234949379228, -0.0010059743654, -0.00085173768457, 0.00426874216646, 0.000414765934693, 0.00380719127133, -0.00316029787064, -0.00971751753241, 0.0269686225802, -0.0114102307707], [0.000125422695419, -0.00206287088804, 0.000164670054801, -0.00144923722837, 0.000419511226937, 0.000374261639081, -0.00399867864326, -0.000318080390571, -0.000647341948934, 0.00351346633397, -0.000836545368657, -0.0114102307707, 0.0211902037263]]
    },
    "melbands": {
        "dmean": [0.0138039635494, 0.00703484844416, 0.00237430073321, 0.00106417271309, 0.000533783924766, 0.000403567799367, 0.000227106997045, 9.19045196497e-05, 8.51699951454e-05, 6.62972015562e-05, 5.99027262069e-05, 4.93603074574e-05, 2.90255356958e-05, 1.87576952158e-05, 1.56518690346e-05, 1.06257557491e-05, 1.68216301972e-05, 1.16583350973e-05, 8.22788933874e-06, 7.24479605196e-06, 5.85839279665e-06, 5.03363935422e-06, 2.99781254398e-06, 3.86900137528e-06, 2.62345088231e-06, 2.72567740467e-06, 3.54017379323e-06, 2.45624073614e-06, 1.49115862769e-06, 1.39623386985e-06, 1.70407486166e-06, 1.90051707705e-06, 2.38936536334e-06, 1.7399393073e-06, 1.57726969974e-06, 1.52139455167e-06, 1.44441833072e-06, 1.30530929709e-06, 1.51307233409e-06, 1.62573712714e-06],
        "dmean2": [0.0206028614193, 0.0104305427521, 0.00365468882956, 0.00170720019378, 0.000863494817168, 0.000654820061754, 0.000371769652702, 0.000148459381307, 0.000137353417813, 0.000108739041025, 9.53287235461e-05, 8.04161682026e-05, 4.96644024679e-05, 3.21513289236e-05, 2.67653504125e-05, 1.85500757652e-05, 2.95321624435e-05, 2.13977582462e-05, 1.47583587022e-05, 1.27510584207e-05, 1.04204073068e-05, 9.19860576687e-06, 5.25064024259e-06, 6.92784078637e-06, 4.60645742351e-06, 4.90519278173e-06, 6.42262193651e-06, 4.37898688688e-06, 2.52754784924e-06, 2.29058036894e-06, 2.79736127595e-06, 3.21162042383e-06, 4.08275263908e-06, 2.8966580885e-06, 2.62222056335e-06, 2.43026852331e-06, 2.21739514927e-06, 1.97122744794e-06, 2.3079408038e-06, 2.52443783211e-06],
        "dvar": [0.00027189773391, 0.000114796908747, 1.60966737894e-05, 4.63484093416e-06, 8.34219576973e-07, 5.27206907464e-07, 2.02205299615e-07, 2.80200413982e-08, 3.66436729848e-08, 2.40725768208e-08, 2.62859067846e-08, 1.337637201e-08, 2.99065927578e-09, 1.35418509739e-09, 1.47220835522e-09, 4.25483759336e-10, 2.15690354466e-09, 1.36794953143e-09, 4.18094642241e-10, 3.33644056827e-10, 2.37495245692e-10, 2.16757778393e-10, 4.9402364144e-11, 1.12454948131e-10, 4.17589539337e-11, 5.14472665858e-11, 1.13098454213e-10, 4.90892049232e-11, 1.14749971677e-11, 7.82766906848e-12, 1.35618113961e-11, 2.00042794829e-11, 3.66130493978e-11, 1.40818164421e-11, 1.04176250959e-11, 9.00694623052e-12, 7.27256536243e-12, 5.8148763582e-12, 9.48481657798e-12, 1.51172303842e-11],
        "dvar2": [0.000672151101753, 0.000256931758486, 3.98457232222e-05, 1.21773809951e-05, 1.98312818611e-06, 1.33197511332e-06, 5.03063517954e-07, 6.96188990901e-08, 8.67979750296e-08, 5.76499736837e-08, 6.1362499082e-08, 2.87547745614e-08, 7.89780330024e-09, 3.37626082647e-09, 3.66658969853e-09, 1.12730158541e-09, 5.91344040402e-09, 3.96610655429e-09, 1.15310383464e-09, 8.96047347432e-10, 6.64770849479e-10, 6.21084905728e-10, 1.35942229695e-10, 3.17784493165e-10, 1.16898810076e-10, 1.45585765665e-10, 3.28895022328e-10, 1.41397463183e-10, 3.15529789796e-11, 1.99446466287e-11, 3.43734971042e-11, 5.71655743575e-11, 1.03413770602e-10, 3.90858768962e-11, 2.90363601219e-11, 2.41592180289e-11, 1.7345746367e-11, 1.29562931564e-11, 2.24640549218e-11, 3.49706062719e-11],
        "max": [0.136613503098, 0.11108032614, 0.0398362018168, 0.0329255722463, 0.0126664722338, 0.0117600467056, 0.00806408654898, 0.00320174288936, 0.00429796939716, 0.00429986231029, 0.00331204058602, 0.00384736736305, 0.000654395611491, 0.000822807545774, 0.00120274815708, 0.000285952351987, 0.000712660257705, 0.000648815010209, 0.00028317241231, 0.000242803711444, 0.000199841582798, 0.000187264682609, 8.94526310731e-05, 0.000126986502437, 9.57754309638e-05, 9.26061547943e-05, 0.000140296295285, 8.79175713635e-05, 4.89460508106e-05, 3.56731870852e-05, 4.27913000749e-05, 5.93250406382e-05, 8.25987954158e-05, 5.62714230909e-05, 4.51227606391e-05, 3.90162058466e-05, 2.83791268885e-05, 3.85834500776e-05, 3.84146114811e-05, 6.25178872724e-05],
        "mean": [0.0259096957743, 0.0115309767425, 0.00325366831385, 0.00136112060864, 0.000644929008558, 0.000457407761132, 0.000243946240516, 9.13650801522e-05, 8.73655444593e-05, 6.39824720565e-05, 6.05394234299e-05, 4.8653142585e-05, 2.36526357185e-05, 1.59927985806e-05, 1.33068842842e-05, 8.57283248479e-06, 1.30988501041e-05, 8.08631011751e-06, 6.14285090705e-06, 5.59735235584e-06, 4.30164845966e-06, 3.53269228981e-06, 2.43945123657e-06, 2.9248667488e-06, 2.07430434784e-06, 2.14288888856e-06, 2.63153924607e-06, 1.97944700631e-06, 1.50056587245e-06, 1.45559704379e-06, 1.66271343005e-06, 1.81377481567e-06, 2.33659989135e-06, 1.89864988442e-06, 1.71808335381e-06, 1.70531427557e-06, 1.65100118465e-06, 1.51243818891e-06, 1.58243472015e-06, 1.67856433109e-06],
        "median": [0.0225944444537, 0.00749096041545, 0.00153184309602, 0.000574498379137, 0.000265573675279, 0.000175734967343, 7.36251167837e-05, 2.54721016972e-05, 2.20130696107e-05, 1.55169364007e-05, 1.37353554237e-05, 1.17124509416e-05, 5.05153275299e-06, 3.26396275341e-06, 2.51343476521e-06, 1.65072640357e-06, 1.75108596068e-06, 1.09429925033e-06, 8.06526486485e-07, 6.33301965536e-07, 4.68322184588e-07, 3.5390584685e-07, 2.70869179531e-07, 2.22128718974e-07, 1.81360064744e-07, 1.6876681741e-07, 1.41269651976e-07, 1.42483997934e-07, 1.22727570329e-07, 1.26239569909e-07, 1.11226654553e-07, 9.78189831358e-08, 1.06092613805e-07, 9.82852128573e-08, 8.12153544416e-08, 6.78810110344e-08, 5.76616479009e-08, 5.01456156599e-08, 4.68033043433e-08, 3.64275898335e-08],
        "min": [2.37891142832e-24, 2.22985359648e-24, 3.33372303002e-24, 1.10398377893e-23, 1.45859324302e-23, 1.5372702854e-23, 4.98340157679e-24, 1.38124338022e-23, 1.7874262826e-23, 7.29882508503e-24, 6.75162935154e-24, 1.10499746519e-23, 9.660619415e-24, 1.22855990422e-23, 4.90110326843e-24, 4.03024500527e-24, 5.69095419408e-24, 1.02936187603e-23, 9.19543129463e-24, 1.06628498401e-23, 1.58566500867e-23, 9.61024196873e-24, 1.03578099499e-23, 5.63831468917e-24, 7.68761991533e-24, 9.88695307504e-24, 5.08524509738e-24, 4.20038336987e-24, 9.61012995048e-24, 1.0707722615e-23, 9.86759048412e-24, 7.40944547205e-24, 7.90243147299e-24, 1.07083024278e-23, 7.66826915733e-24, 9.97327339073e-24, 1.11651065344e-23, 8.96712784891e-24, 1.01631593104e-23, 1.12673160865e-23],
        "var": [0.000565931783058, 0.000187332043424, 1.95388220163e-05, 5.3445201047e-06, 1.0167449318e-06, 5.80490620905e-07, 2.32773970765e-07, 2.93356041681e-08, 4.33925961829e-08, 2.59144510295e-08, 3.00350890825e-08, 1.62925086755e-08, 2.36010233579e-09, 1.23575083499e-09, 1.29248078906e-09, 3.2503352787e-10, 1.4419229144e-09, 7.65191410235e-10, 2.74652273147e-10, 2.35983926844e-10, 1.49846413056e-10, 1.26827853775e-10, 3.42059089387e-11, 7.11218306471e-11, 2.91055513024e-11, 3.35939782936e-11, 6.85663331668e-11, 3.15653198024e-11, 1.11009023154e-11, 9.4070046891e-12, 1.48480325257e-11, 1.74249278201e-11, 3.19126079729e-11, 1.53083882376e-11, 1.14820340735e-11, 1.09368547205e-11, 1.0126090938e-11, 8.49955002213e-12, 1.09168351442e-11, 1.61226084566e-11]
    },
    "mfcc": {
        "mean": [-744.159362793, 160.114364624, 55.4612846375, 28.3569469452, 17.7800426483, 15.7946834564, 9.4299955368, 10.3897352219, 6.82399272919, 5.61678266525, 1.69447040558, -0.101785942912, 1.25149166584],
        "cov": [[17471.4453125, -2695.61108398, 34.8726119995, 388.952758789, 306.120330811, 466.571624756, 86.6065750122, 24.5275554657, -73.1469497681, 18.0918006897, 100.588104248, 142.50378418, 279.276855469], [-2695.61108398, 4335.02294922, -169.113296509, 171.169921875, 326.336883545, 16.1941795349, 65.4836120605, -103.157943726, -19.4045333862, -60.3493270874, 12.7277994156, 71.5637969971, 66.5467071533], [34.8726119995, -169.113296509, 1490.51831055, 328.763885498, 248.07409668, 202.647979736, 91.4489212036, -39.5529632568, 35.3220176697, -22.727268219, 17.1150054932, 25.5745830536, 28.7408981323], [388.952758789, 171.169921875, 328.763885498, 495.403900146, 254.008758545, 175.99760437, 108.27558136, 1.95034790039, 22.549041748, 2.48196744919, 28.7303352356, 33.8490371704, 55.2681922913], [306.120330811, 326.336883545, 248.07409668, 254.008758545, 357.526428223, 172.69569397, 115.143104553, 17.3206768036, 26.8080272675, 7.70111751556, 34.2521896362, 45.5150756836, 62.3563842773], [466.571624756, 16.1941795349, 202.647979736, 175.99760437, 172.69569397, 202.607330322, 95.6724853516, 43.6654777527, 33.9457244873, 24.6987991333, 33.1188240051, 37.4775085449, 43.2387695312], [86.6065750122, 65.4836120605, 91.4489212036, 108.27558136, 115.143104553, 95.6724853516, 133.701324463, 52.5955543518, 62.9569206238, 33.5139961243, 36.163482666, 22.6329555511, 23.4220962524], [24.5275554657, -103.157943726, -39.5529632568, 1.95034790039, 17.3206768036, 43.6654777527, 52.5955543518, 121.229492188, 72.8502807617, 59.9673347473, 23.9651527405, 5.67459630966, -3.65879821777], [-73.1469497681, -19.4045333862, 35.3220176697, 22.549041748, 26.8080272675, 33.9457244873, 62.9569206238, 72.8502807617, 123.676712036, 69.1042404175, 35.9706001282, 5.90243768692, -1.71550452709], [18.0918006897, -60.3493270874, -22.727268219, 2.48196744919, 7.70111751556, 24.6987991333, 33.5139961243, 59.9673347473, 69.1042404175, 101.752761841, 49.2465858459, 6.10543441772, -2.41191124916], [100.588104248, 12.7277994156, 17.1150054932, 28.7303352356, 34.2521896362, 33.1188240051, 36.163482666, 23.9651527405, 35.9706001282, 49.2465858459, 73.8533248901, 32.0592880249, 14.6189279556], [142.50378418, 71.5637969971, 25.5745830536, 33.8490371704, 45.5150756836, 37.4775085449, 22.6329555511, 5.67459630966, 5.90243768692, 6.10543441772, 32.0592880249, 67.8685455322, 37.1672515869], [279.276855469, 66.5467071533, 28.7408981323, 55.2681922913, 62.3563842773, 43.2387695312, 23.4220962524, -3.65879821777, -1.71550452709, -2.41191124916, 14.6189279556, 37.1672515869, 68.565246582]],
