{
"lowlevel": {
    "average_loudness": 0.962683856487,
    "barkbands_crest": {
        "dmean": 3.43857550621,
        "dmean2": 5.60650205612,
        "dvar": 8.71526432037,
        "dvar2": 22.2889328003,
        "max": 26.4550552368,
        "mean": 13.4874534607,
        "median": 12.8386707306,
        "min": 2.61764097214,
        "var": 20.6883983612
    },
    "barkbands_flatness_db": {
        "dmean": 0.0698005408049,
        "dmean2": 0.103701554239,
        "dvar": 0.00385820562951,
        "dvar2": 0.00941630080342,
        "max": 0.808140039444,
        "mean": 0.244151309133,
        "median": 0.228277295828,
        "min": 0.026004485786,
        "var": 0.01433432661
    },
    "barkbands_kurtosis": {
        "dmean": 19.7894878387,
        "dmean2": 33.1526985168,
        "dvar": 1610.10839844,
        "dvar2": 4140.27539062,
        "max": 1216.83508301,
        "mean": 24.0107917786,
        "median": 10.3523197174,
        "min": -1.85701656342,
        "var": 2031.44189453
    },
    "barkbands_skewness": {
        "dmean": 1.32526838779,
        "dmean2": 2.12588596344,
        "dvar": 2.0397913456,
        "dvar2": 5.11775064468,
        "max": 27.773651123,
        "mean": 3.18656468391,
        "median": 2.75895023346,
        "min": -2.12155723572,
        "var": 4.53799629211
    },
    "barkbands_spread": {
        "dmean": 6.52339029312,
        "dmean2": 10.301776886,
        "dvar": 51.7366256714,
        "dvar2": 119.37008667,
        "max": 132.104141235,
        "mean": 10.6741056442,
        "median": 6.81160449982,
        "min": 0.123328648508,
        "var": 117.836380005
    },
    "dissonance": {
        "dmean": 0.0324725285172,
        "dmean2": 0.0494173131883,
        "dvar": 0.00104165321682,
        "dvar2": 0.00228243437596,
        "max": 0.5,
        "mean": 0.436461895704,
        "median": 0.451154857874,
        "min": 0.0865198597312,
        "var": 0.00289104809053
    },
    "dynamic_complexity": 2.52537679672,
    "erbbands_crest": {
        "dmean": 3.77051663399,
        "dmean2": 5.84450101852,
        "dvar": 11.9812221527,
        "dvar2": 27.2991161346,
        "max": 31.8903121948,
        "mean": 10.2798700333,
        "median": 8.95524024963,
        "min": 2.29678034782,
        "var": 29.8444347382
    },
    "erbbands_flatness_db": {
        "dmean": 0.0335667468607,
        "dmean2": 0.0466805435717,
        "dvar": 0.00114177586511,
        "dvar2": 0.00236403173767,
        "max": 0.548559904099,
        "mean": 0.171331897378,
        "median": 0.144977897406,
        "min": 0.0468759573996,
        "var": 0.00717708282173
    },
    "erbbands_kurtosis": {
        "dmean": 3.44575953484,
        "dmean2": 5.4354634285,
        "dvar": 72.4901885986,
        "dvar2": 163.963317871,
        "max": 178.504882812,
        "mean": 3.11139345169,
        "median": 0.369994997978,
        "min": -1.73103642464,
        "var": 123.903663635
    },
    "erbbands_skewness": {
        "dmean": 0.765157401562,
        "dmean2": 1.14319384098,
        "dvar": 0.580842673779,
        "dvar2": 1.36634254456,
        "max": 11.180803299,
        "mean": 0.963347017765,
        "median": 0.813935995102,
        "min": -1.81135702133,
        "var": 1.49942302704
    },
    "erbbands_spread": {
        "dmean": 12.23092556,
        "dmean2": 17.5269203186,
        "dvar": 120.047286987,
        "dvar2": 238.095687866,
        "max": 122.857620239,
        "mean": 36.8837356567,
        "median": 36.1852416992,
        "min": 0.634447395802,
        "var": 392.322052002
    },
    "hfc": {
        "dmean": 10.7079143524,
        "dmean2": 17.0875816345,
        "dvar": 148.887878418,
        "dvar2": 366.87322998,
        "max": 175.862518311,
        "mean": 17.9757270813,
        "median": 13.1817064285,
        "min": 1.03951800814e-16,
        "var": 258.276794434
    },
    "melbands_crest": {
        "dmean": 5.27054023743,
        "dmean2": 8.8655796051,
        "dvar": 18.5840110779,
        "dvar2": 52.7464523315,
        "max": 38.7664794922,
        "mean": 21.4195823669,
        "median": 21.09333992,
        "min": 1.00164365768,
        "var": 44.890537262
    },
    "melbands_flatness_db": {
        "dmean": 0.0788337215781,
        "dmean2": 0.118338033557,
        "dvar": 0.00488223321736,
        "dvar2": 0.0119303101674,
        "max": 0.98845076561,
        "mean": 0.337539196014,
        "median": 0.321393072605,
        "min": 9.92296165236e-08,
        "var": 0.0190119370818
    },
    "melbands_kurtosis": {
        "dmean": 32.2925300598,
        "dmean2": 54.5191307068,
        "dvar": 4584.15820312,
        "dvar2": 12088.6142578,
        "max": 1742.7824707,
        "mean": 42.9694099426,
        "median": 20.9093341827,
        "min": -1.64874589443,
        "var": 5959.21191406
    },
    "melbands_skewness": {
        "dmean": 1.55690610409,
        "dmean2": 2.49616384506,
        "dvar": 3.11031317711,
        "dvar2": 7.88971805573,
        "max": 28.6300430298,
        "mean": 4.19228839874,
        "median": 3.60157680511,
        "min": -0.695793509483,
        "var": 6.82783269882
    },
    "melbands_spread": {
        "dmean": 5.57959651947,
        "dmean2": 9.04155826569,
        "dvar": 48.3639259338,
        "dvar2": 114.170501709,
        "max": 179.139816284,
        "mean": 9.96031665802,
        "median": 5.62600040436,
        "min": 0.116449140012,
        "var": 245.956283569
    },
    "pitch_salience": {
        "dmean": 0.106823094189,
        "dmean2": 0.176783248782,
        "dvar": 0.0087590618059,
        "dvar2": 0.0229538585991,
        "max": 0.997708439827,
        "mean": 0.42537727952,
        "median": 0.432163715363,
        "min": 0.0679795220494,
        "var": 0.0178112536669
    },
    "silence_rate_20dB": {
        "dmean": 0,
        "dmean2": 0,
        "dvar": 0,
        "dvar2": 0,
        "max": 1,
        "mean": 1,
        "median": 1,
        "min": 1,
        "var": 0
    },
    "silence_rate_30dB": {
        "dmean": 0.173250168562,
        "dmean2": 0.346548378468,
        "dvar": 0.143243655562,
        "dvar2": 0.3057538867,
        "max": 1,
        "mean": 0.734894692898,
        "median": 1,
        "min": 0,
        "var": 0.194828629494
    },
    "silence_rate_60dB": {
        "dmean": 0.0232848227024,
        "dmean2": 0.0465761013329,
        "dvar": 0.0227438826114,
        "dvar2": 0.0516149364412,
        "max": 1,
        "mean": 0.0683204010129,
        "median": 0,
        "min": 0,
        "var": 0.0636546090245
    },
    "spectral_centroid": {
        "dmean": 385.170898438,
        "dmean2": 591.50390625,
        "dvar": 162729.78125,
        "dvar2": 362316,
        "max": 11887.6845703,
        "mean": 916.554199219,
        "median": 629.85925293,
        "min": 81.0985183716,
        "var": 1132203.75
    },
    "spectral_complexity": {
        "dmean": 6.72210693359,
        "dmean2": 10.3573608398,
        "dvar": 47.8686943054,
        "dvar2": 121.484466553,
        "max": 63,
        "mean": 14.0766353607,
        "median": 11,
        "min": 0,
        "var": 106.37084198
    },
    "spectral_decrease": {
        "dmean": 1.02302184501e-08,
        "dmean2": 1.8003653679e-08,
        "dvar": 1.38457977557e-16,
        "dvar2": 4.27712516029e-16,
        "max": 1.86270599766e-28,
        "mean": -2.16729763025e-08,
        "median": -2.03341770089e-08,
        "min": -1.23616928249e-07,
        "var": 2.10279158469e-16
    },
    "spectral_energy": {
        "dmean": 0.0390300862491,
        "dmean2": 0.0686241015792,
        "dvar": 0.00198425771669,
        "dvar2": 0.00612708646804,
        "max": 0.46855533123,
        "mean": 0.083429068327,
        "median": 0.0784628540277,
        "min": 1.01174003607e-20,
        "var": 0.00303515209816
    },
    "spectral_energyband_high": {
        "dmean": 0.000480146554764,
        "dmean2": 0.000756602152251,
        "dvar": 4.7329618269e-07,
        "dvar2": 1.07192863652e-06,
        "max": 0.0175026152283,
        "mean": 0.000542013731319,
        "median": 0.000129218125949,
        "min": 7.05146349822e-21,
        "var": 1.09865379727e-06
    },
    "spectral_energyband_low": {
        "dmean": 0.0365932509303,
        "dmean2": 0.0647578909993,
        "dvar": 0.00204085372388,
        "dvar2": 0.00620341766626,
        "max": 0.447354435921,
        "mean": 0.0602979622781,
        "median": 0.0500350408256,
        "min": 1.92592627618e-23,
        "var": 0.00273762387224
    },
    "spectral_energyband_middle_high": {
        "dmean": 0.00269554276019,
        "dmean2": 0.00439782999456,
        "dvar": 1.2419781342e-05,
        "dvar2": 3.20173021464e-05,
        "max": 0.0261062607169,
        "mean": 0.00293217157014,
        "median": 0.001204039203,
        "min": 1.27428607197e-21,
        "var": 1.5090812667e-05
    },
    "spectral_energyband_middle_low": {
        "dmean": 0.0079503133893,
        "dmean2": 0.012729069218,
        "dvar": 0.000140381904203,
        "dvar2": 0.000364333536709,
        "max": 0.142728120089,
        "mean": 0.0163431596011,
        "median": 0.0123801715672,
        "min": 1.56837500778e-22,
        "var": 0.000226959979045
    },
    "spectral_entropy": {
        "dmean": 0.472097247839,
        "dmean2": 0.676390707493,
        "dvar": 0.219436496496,
        "dvar2": 0.51738089323,
        "max": 9.82058429718,
        "mean": 7.04639005661,
        "median": 7.18464946747,
        "min": 3.21093320847,
        "var": 0.780056297779
    },
    "spectral_flux": {
        "dmean": 0.0497184731066,
        "dmean2": 0.0783042386174,
        "dvar": 0.00217926315963,
        "dvar2": 0.00522248446941,
        "max": 0.510813355446,
        "mean": 0.145535737276,
        "median": 0.138577967882,
        "min": 6.45007935951e-11,
        "var": 0.00620587076992
    },
    "spectral_kurtosis": {
        "dmean": 6.91676425934,
        "dmean2": 10.7571268082,
        "dvar": 410.156188965,
        "dvar2": 978.69128418,
        "max": 516.632751465,
        "mean": 12.9044380188,
        "median": 5.48205327988,
        "min": -1.25078332424,
        "var": 1099.1171875
    },
    "spectral_rms": {
        "dmean": 0.00199459306896,
        "dmean2": 0.00344203412533,
        "dvar": 3.51409062205e-06,
        "dvar2": 1.10224891614e-05,
        "max": 0.0213805325329,
        "mean": 0.0083775613457,
        "median": 0.00874923542142,
        "min": 3.14175660314e-12,
        "var": 1.12105535663e-05
    },
    "spectral_rolloff": {
        "dmean": 265.658813477,
        "dmean2": 463.488922119,
        "dvar": 241075.34375,
        "dvar2": 557673.5,
        "max": 19810.546875,
        "mean": 628.188171387,
        "median": 258.3984375,
        "min": 21.533203125,
        "var": 3404257.25
    },
    "spectral_skewness": {
        "dmean": 0.599925518036,
        "dmean2": 0.895030796528,
        "dvar": 0.73615950346,
        "dvar2": 1.57791149616,
        "max": 20.2003631592,
        "mean": 2.2551202774,
        "median": 1.79945886135,
        "min": -0.097184099257,
        "var": 3.33856916428
    },
    "spectral_spread": {
        "dmean": 860458.8125,
        "dmean2": 1108923.375,
        "dvar": 922202275840,
        "dvar2": 1.63113349939e+12,
        "max": 42630744,
        "mean": 4483416.5,
        "median": 4042994.75,
        "min": 191847.890625,
        "var": 1.26798329283e+13
    },
    "spectral_strongpeak": {
        "dmean": 0.299403727055,
        "dmean2": 0.512569844723,
        "dvar": 0.182968512177,
        "dvar2": 0.448683619499,
        "max": 5.61531257629,
        "mean": 0.415086507797,
        "median": 0.294357329607,
        "min": 0,
        "var": 0.258884102106
    },
    "zerocrossingrate": {
        "dmean": 0.00982267595828,
        "dmean2": 0.0124262636527,
        "dvar": 0.000123758538393,
        "dvar2": 0.000159498289577,
        "max": 0.873046875,
        "mean": 0.0311576351523,
        "median": 0.02099609375,
        "min": 0.0009765625,
        "var": 0.00313563668169
    },
    "barkbands": {
        "dmean": [0.00982563383877, 0.029419079423, 0.00483977980912, 0.00222984980792, 0.00372912501916, 0.00194053188898, 0.00150763161946, 0.000677650154103, 0.000664972059894, 0.000367236672901, 0.000297933991533, 0.00028961172211, 0.000346797431121, 0.000255592429312, 0.000298750965158, 0.000303529843222, 0.000358754274203, 0.000318522099406, 0.000279048428638, 0.000186876044609, 0.000142878241604, 6.44337851554e-05, 4.40910334873e-05, 5.23853559571e-05, 5.94733210164e-05, 6.09084418102e-05, 1.25858014144e-05],
        "dmean2": [0.0175651423633, 0.0516459047794, 0.00803302880377, 0.00394062558189, 0.00578750530258, 0.00294769112952, 0.00223238836043, 0.00106758333277, 0.00107028300408, 0.00061127479421, 0.000504026131239, 0.000492266204674, 0.000586309644859, 0.000441177078756, 0.000507701537572, 0.000519434921443, 0.000625279266387, 0.000556303013582, 0.000478641450172, 0.000317687256029, 0.000242150665144, 0.000104293198092, 6.83200414642e-05, 7.78105604695e-05, 9.14256743272e-05, 9.46898580878e-05, 2.15959007619e-05],
        "dvar": [0.000182036106708, 0.00140666880179, 5.78809558647e-05, 2.55768864008e-05, 4.48223763669e-05, 1.13884225357e-05, 9.52067512117e-06, 1.86239117284e-06, 1.43956526699e-06, 4.59053353552e-07, 3.26556062191e-07, 2.60490480741e-07, 4.00179175131e-07, 1.98261446371e-07, 2.93957072017e-07, 2.93316077205e-07, 4.24935166166e-07, 3.61400879001e-07, 2.57618921751e-07, 1.12992928791e-07, 6.84275960339e-08, 1.29336878985e-08, 6.03643579566e-09, 1.0716247445e-08, 1.28393784493e-08, 1.10411777499e-08, 1.51031409601e-09],
        "dvar2": [0.000584584660828, 0.00404936214909, 0.000151185537106, 7.13172266842e-05, 0.000109724678623, 2.45695900958e-05, 1.91339477169e-05, 4.10676830143e-06, 3.37150459018e-06, 1.1643265907e-06, 8.20291688797e-07, 6.66110906877e-07, 1.01128227925e-06, 5.1493373121e-07, 7.40902237339e-07, 7.44039766687e-07, 1.11904728328e-06, 9.4884723012e-07, 6.7397041903e-07, 2.9299860671e-07, 1.80895810331e-07, 3.27652571741e-08, 1.35513911204e-08, 2.17957136783e-08, 2.80118133134e-08, 2.52098306674e-08, 3.90896959246e-09],
        "max": [0.148526340723, 0.348664581776, 0.100576147437, 0.0545115172863, 0.1122713238, 0.0587815158069, 0.080578327179, 0.027659624815, 0.0233779214323, 0.0100318659097, 0.00834190566093, 0.00738980760798, 0.0140131330118, 0.00630036182702, 0.0124395601451, 0.00799974799156, 0.00763060851023, 0.00806973036379, 0.00820311810821, 0.00472048437223, 0.00480280723423, 0.0035480868537, 0.00256277271546, 0.00304371491075, 0.00245439889841, 0.00165065086912, 0.00072147307219],
        "mean": [0.01842068322, 0.0385211780667, 0.00671423692256, 0.00247638020664, 0.00660938024521, 0.00330208684318, 0.00217835558578, 0.000865604903083, 0.000802474329248, 0.000390700966818, 0.00029441100196, 0.000287739938358, 0.000329397269525, 0.000218903194764, 0.000273424695479, 0.000264510221314, 0.000297662394587, 0.000273066369118, 0.000262077868683, 0.000185105789569, 0.000144318270031, 7.48313614167e-05, 5.27971242263e-05, 6.03700609645e-05, 6.17757686996e-05, 5.85209527344e-05, 9.20152979234e-06],
        "median": [0.0154745625332, 0.0273600071669, 0.00366800185293, 0.00100461451802, 0.00302579626441, 0.00132879579905, 0.000813803751953, 0.000308121496346, 0.000290985946776, 0.000125543563627, 8.14138475107e-05, 8.08260228951e-05, 0.000107501429738, 5.43936112081e-05, 6.68331194902e-05, 5.3036135796e-05, 5.47534436919e-05, 4.50085644843e-05, 5.03783376189e-05, 3.37016390404e-05, 3.20365143125e-05, 1.49495326696e-05, 9.66642346611e-06, 8.15345083538e-06, 7.50024810259e-06, 6.25622942607e-06, 2.95933574535e-07],
        "min": [1.28539303315e-24, 4.50209150611e-24, 2.18862279519e-24, 2.52979981189e-24, 5.46254464657e-24, 1.02846793885e-23, 1.68035845178e-23, 1.55559820636e-23, 1.02809804197e-23, 1.42451871176e-23, 1.79689592668e-23, 2.47234450837e-23, 2.66314739992e-23, 4.47819107172e-23, 5.65736646889e-23, 5.90979817203e-23, 8.53942750317e-23, 8.40616049729e-23, 1.15538663393e-22, 1.35837480745e-22, 2.54210111163e-22, 3.44434417434e-22, 4.40261832322e-22, 6.57458539325e-22, 7.71299927459e-22, 1.25763159006e-21, 1.87113343659e-21],
        "var": [0.000326087407302, 0.00178705400322, 7.88656543591e-05, 2.15202198888e-05, 9.84756406979e-05, 2.66317510977e-05, 1.86663874047e-05, 2.87016609946e-06, 2.02990122489e-06, 5.29844726316e-07, 3.38270723432e-07, 2.83653577071e-07, 3.75090365878e-07, 1.72565933099e-07, 2.90830939775e-07, 2.56157392187e-07, 3.55343416913e-07, 3.26933616179e-07, 2.87056849402e-07, 1.49855225118e-07, 9.86801822478e-08, 3.24893214554e-08, 1.7491489146e-08, 2.30775079046e-08, 2.21228173558e-08, 1.50106380659e-08, 1.19370524576e-09]
    },
    "erbbands": {
        "dmean": [1.56077265739, 4.3484544754, 5.61985301971, 6.30042219162, 10.1889076233, 14.197684288, 13.0358572006, 17.4781513214, 19.1734371185, 20.8194122314, 15.6044969559, 13.8128061295, 12.8381614685, 12.0743894577, 11.6866798401, 11.8246526718, 14.139547348, 14.6161136627, 15.7043218613, 14.3360815048, 18.2848548889, 20.4065208435, 16.9007740021, 14.3451528549, 13.6963090897, 9.58130645752, 6.64246034622, 4.48602724075, 2.38178420067, 1.78571236134, 1.22051823139, 1.21317028999, 0.775107622147, 0.684593379498, 0.417704790831, 0.261615335941, 0.111600935459, 0.0281211026013, 0.00166302442085, 6.29355927231e-05],
        "dmean2": [2.78449201584, 7.47026348114, 9.37267589569, 10.7550115585, 16.5095996857, 21.8067417145, 19.6819725037, 26.4045352936, 28.6213989258, 31.0991363525, 24.2434940338, 22.4703617096, 20.8643131256, 19.8788051605, 19.7372703552, 20.0270023346, 23.9506816864, 24.7778053284, 26.8962993622, 24.0507602692, 31.3694458008, 35.5687179565, 29.4193496704, 24.6348800659, 23.3922996521, 16.3161792755, 11.3552846909, 7.51919221878, 3.88454508781, 2.8313639164, 1.87524974346, 1.86128997803, 1.13800323009, 1.06635308266, 0.637861847878, 0.408254474401, 0.174200564623, 0.0457366704941, 0.00284589617513, 0.000107155639853],
        "dvar": [4.20393800735, 33.4996490479, 68.5995330811, 160.553390503, 425.132720947, 806.036743164, 577.775390625, 1039.10009766, 1644.56115723, 2199.40405273, 1042.50439453, 659.891967773, 484.898376465, 436.303436279, 429.078369141, 401.924713135, 723.223999023, 671.831298828, 928.559509277, 556.536865234, 1120.38806152, 1414.67492676, 940.056518555, 590.601501465, 643.529052734, 313.158813477, 155.731918335, 62.9453468323, 18.4230632782, 9.28598213196, 5.14550209045, 6.09742498398, 2.34262657166, 1.84863173962, 0.621012568474, 0.231288328767, 0.0388521775603, 0.00398779660463, 2.89877953037e-05, 7.03736890983e-09],
        "dvar2": [12.4635152817, 92.8297271729, 179.331176758, 439.759155273, 1056.6796875, 1797.62158203, 1158.44445801, 2173.98828125, 3148.5456543, 4618.97949219, 2273.42041016, 1581.4855957, 1210.32373047, 1088.62768555, 1092.22912598, 1057.46398926, 1854.45324707, 1687.53723145, 2359.52539062, 1377.62487793, 2923.17456055, 3740.88891602, 2491.36230469, 1518.46862793, 1682.42651367, 817.105102539, 410.764923096, 160.140563965, 46.8584289551, 22.1239242554, 11.4712400436, 12.8822641373, 4.8462638855, 4.04045581818, 1.34170734882, 0.52032494545, 0.0918758586049, 0.0101015139371, 7.50380859245e-05, 1.86815025671e-08],
        "max": [20.4127445221, 57.2163696289, 106.512893677, 135.104202271, 335.492034912, 669.888061523, 750.619628906, 623.184448242, 1017.98138428, 1706.45837402, 747.519042969, 607.693786621, 442.373748779, 360.334838867, 317.388702393, 307.817199707, 651.291625977, 368.874420166, 818.944335938, 300.374420166, 483.726745605, 483.310394287, 516.152587891, 288.304779053, 519.155273438, 245.609924316, 239.172241211, 142.338119507, 128.818984985, 109.513832092, 63.9878311157, 62.7416000366, 43.5641670227, 32.7424659729, 18.9048538208, 8.85664749146, 2.99334073067, 1.1330063343, 0.108407177031, 0.00166365189943],
        "mean": [1.87523901463, 5.8478975296, 8.20442771912, 8.18108081818, 15.4557580948, 24.311006546, 21.9859733582, 29.0315074921, 29.211139679, 29.5187587738, 20.7131443024, 16.9294300079, 15.2673788071, 13.4045705795, 12.1336774826, 11.8847227097, 13.6941823959, 13.4280090332, 13.8019037247, 13.3864688873, 15.7897701263, 16.8809127808, 14.5276651382, 13.3719434738, 13.024969101, 9.25619506836, 6.64030075073, 4.70070123672, 2.76532816887, 2.09860897064, 1.45600962639, 1.34915733337, 0.912594020367, 0.712959647179, 0.43079790473, 0.248664885759, 0.107090614736, 0.0243564788252, 0.001286535291, 0.000114769252832],
        "median": [1.3057487011, 3.90336608887, 5.18363809586, 4.52816486359, 5.71372509003, 8.01509475708, 9.09481048584, 10.7264108658, 12.3589458466, 11.4106769562, 8.0397310257, 7.26895952225, 6.47178554535, 5.33645439148, 4.63531303406, 4.13320302963, 4.8682179451, 3.93439817429, 3.44035243988, 3.15189051628, 3.36682415009, 3.0974779129, 2.51174449921, 2.54088950157, 2.46937704086, 1.69319939613, 1.38169312477, 1.05018663406, 0.561084151268, 0.419129312038, 0.238560095429, 0.177202731371, 0.130048274994, 0.0880862921476, 0.0473573766649, 0.0266668125987, 0.0107750147581, 0.00224655633792, 0.000111404646304, 9.94478759822e-05],
        "min": [5.67845051208e-23, 6.79405230309e-22, 1.93849614993e-21, 1.03174770947e-20, 8.6790560601e-21, 2.84984174358e-20, 3.42847687716e-20, 7.72025307907e-20, 1.94005919817e-19, 2.35887663968e-19, 3.56573573834e-19, 3.09483008742e-19, 5.33627137855e-19, 3.98056759102e-19, 1.01305564422e-18, 1.1858526402e-18, 1.45151244727e-18, 1.99371910244e-18, 2.39519472826e-18, 3.65747461776e-18, 3.66680231994e-18, 5.30457485145e-18, 5.59331713352e-18, 7.38686845389e-18, 7.3236627561e-18, 7.51943655476e-18, 8.75091823531e-18, 1.14797970023e-17, 1.20159473512e-17, 1.23601984155e-17, 1.29627614414e-17, 1.30479875143e-17, 1.03087491373e-17, 7.3911259525e-18, 6.04378521945e-18, 4.63409947005e-18, 2.3277298775e-18, 8.76755718012e-19, 2.54604253839e-19, 2.49146590475e-20],
        "var": [4.65237474442, 44.0510292053, 93.2979125977, 146.835891724, 732.134338379, 2204.60742188, 1431.0748291, 2461.82006836, 3492.79370117, 3480.84960938, 1638.39660645, 871.92388916, 629.941772461, 516.366699219, 441.124633789, 410.144622803, 664.003479004, 638.375549316, 876.926696777, 554.654602051, 937.948608398, 1150.1940918, 852.543640137, 641.072937012, 765.382995605, 375.78012085, 219.458618164, 101.523605347, 45.4573707581, 25.559173584, 13.866724968, 11.4794521332, 5.39760017395, 3.00487613678, 1.07589459419, 0.320241391659, 0.0498573668301, 0.00384106999263, 2.31270805671e-05, 8.9887963739e-09]
    },
    "gfcc": {
        "mean": [-42.4675445557, 120.031341553, -84.2788162231, 34.5808334351, -38.8557243347, 1.60350656509, -24.9190044403, 10.4956216812, -15.0065422058, 8.2681760788, -7.49053525925, 2.09114360809, -6.87500953674],
        "cov": [[26615.1679688, -1678.87731934, -245.497344971, 741.887084961, -491.598876953, 1690.76599121, -843.889587402, 981.09979248, -987.789550781, 565.90435791, -777.967712402, 903.631225586, -192.776046753], [-1678.87731934, 2194.19506836, 289.197021484, -53.7516670227, 252.852996826, -456.847229004, 318.508666992, -336.71484375, 133.053390503, -292.589996338, 215.410232544, -201.305541992, 190.435256958], [-245.497344971, 289.197021484, 3211.38330078, 324.870849609, 816.881652832, 737.469665527, 87.39012146, 273.352172852, -193.135803223, 42.5868186951, -173.547317505, 201.204483032, 40.9968681335], [741.887084961, -53.7516670227, 324.870849609, 476.705657959, 157.839019775, 162.915985107, 27.7972774506, 36.9091339111, -29.1521968842, -2.77621555328, -44.1894378662, 27.0297317505, 14.988407135], [-491.598876953, 252.852996826, 816.881652832, 157.839019775, 454.348022461, 195.390563965, 125.106552124, 65.6649398804, -15.3186044693, 2.37940406799, -21.8827667236, 35.5896759033, 15.3887357712], [1690.76599121, -456.847229004, 737.469665527, 162.915985107, 195.390563965, 518.286804199, -16.7591304779, 242.300323486, -106.684104919, 111.098182678, -129.446792603, 141.413879395, -38.4873886108], [-843.889587402, 318.508666992, 87.39012146, 27.7972774506, 125.106552124, -16.7591304779, 197.988464355, 0.929595351219, 80.2670822144, -37.0086936951, 56.5668106079, -42.4568443298, 35.8310470581], [981.09979248, -336.71484375, 273.352172852, 36.9091339111, 65.6649398804, 242.300323486, 0.929595351219, 240.207550049, -6.96090078354, 123.217079163, -64.5069503784, 79.7146377563, -54.2143630981], [-987.789550781, 133.053390503, -193.135803223, -29.1521968842, -15.3186044693, -106.684104919, 80.2670822144, -6.96090078354, 162.498153687, 16.1653404236, 80.7914733887, -59.854927063, 11.0506105423], [565.90435791, -292.589996338, 42.5868186951, -2.77621555328, 2.37940406799, 111.098182678, -37.0086936951, 123.217079163, 16.1653404236, 153.696472168, -4.6025018692, 57.7005500793, -52.4430084229], [-777.967712402, 215.410232544, -173.547317505, -44.1894378662, -21.8827667236, -129.446792603, 56.5668106079, -64.5069503784, 80.7914733887, -4.6025018692, 122.043174744, -20.8495559692, 32.7823143005], [903.631225586, -201.305541992, 201.204483032, 27.0297317505, 35.5896759033, 141.413879395, -42.4568443298, 79.7146377563, -59.854927063, 57.7005500793, -20.8495559692, 125.011322021, 17.6774845123], [-192.776046753, 190.435256958, 40.9968681335, 14.988407135, 15.3887357712, -38.4873886108, 35.8310470581, -54.2143630981, 11.0506105423, -52.4430084229, 32.7823143005, 17.6774845123, 94.780128479]],
        "icov": [[0.000148168212036, -0.000363288389053, 0.00023096332734, -0.000234665218159, 0.000291862146696, -0.000501275120769, 0.00034470288665, -0.000294621509966, 0.000379843520932, -0.000306050496874, 0.000598247803282, -0.000785679672845, 0.000144713063492], [-0.000363288389053, 0.00212138611823, -0.000836574879941, 0.000710820837412, -0.00120419973973, 0.00211008731276, -0.00165039335843, 0.000588797323871, -0.000128414816572, 0.00136149767786, -0.00274569308385, 0.00333931623027, -0.00164357351605], [0.00023096332734, -0.000836574879941, 0.00120768253691, -0.000274804391665, -0.000705440761521, -0.001673355815, 0.00127827236429, -0.000782018178143, 0.00076285545947, -0.000311961659463, 0.00100057665259, -0.00116810342297, -0.000213576437091], [-0.000234665218159, 0.000710820837412, -0.000274804391665, 0.0029997935053, -0.00131311116274, -0.000143644749187, -0.000463522243081, 0.00100704107899, -0.000796481326688, 0.000581667176448, -0.000551466131583, 0.0017825079849, -0.00108189275488], [0.000291862146696, -0.00120419973973, -0.000705440761521, -0.00131311116274, 0.00652524922043, -0.00148341013119, -0.00289508327842, 0.0010885988595, 0.000175932596903, -0.0015104325721, 0.00254918541759, -0.003636543639, 0.00252155214548], [-0.000501275120769, 0.00211008731276, -0.001673355815, -0.000143644749187, -0.00148341013119, 0.0095732640475, -0.00314999138936, -0.00264172395691, 0.000767778372392, 0.00029336323496, 0.000390742061427, 0.000368816021364, -0.000835791230202], [0.00034470288665, -0.00165039335843, 0.00127827236429, -0.000463522243081, -0.00289508327842, -0.00314999138936, 0.0138975391164, -0.00580315152183, -0.00146985554602, 0.00339013454504, -0.00417983345687, 0.00315151805989, -0.00293974741362], [-0.000294621509966, 0.000588797323871, -0.000782018178143, 0.00100704107899, 0.0010885988595, -0.00264172395691, -0.00580315152183, 0.0175278689712, -0.00697350734845, -0.00575742125511, 0.00743815023452, -0.00659060897306, 0.00565100833774], [0.000379843520932, -0.000128414816572, 0.00076285545947, -0.000796481326688, 0.000175932596903, 0.000767778372392, -0.00146985554602, -0.00697350734845, 0.0191408377141, -0.00575409084558, -0.00794174615294, 0.0104995965958, -0.0069502973929], [-0.000306050496874, 0.00136149767786, -0.000311961659463, 0.000581667176448, -0.0015104325721, 0.00029336323496, 0.00339013454504, -0.00575742125511, -0.00575409084558, 0.0205504056066, -0.00758729083464, -0.00494404090568, 0.00806245673448], [0.000598247803282, -0.00274569308385, 0.00100057665259, -0.000551466131583, 0.00254918541759, 0.000390742061427, -0.00417983345687, 0.00743815023452, -0.00794174615294, -0.00758729083464, 0.0269406996667, -0.0136463483796, 0.00192231615074], [-0.000785679672845, 0.00333931623027, -0.00116810342297, 0.0017825079849, -0.003636543639, 0.000368816021364, 0.00315151805989, -0.00659060897306, 0.0104995965958, -0.00494404090568, -0.0136463483796, 0.0340039432049, -0.0178870409727], [0.000144713063492, -0.00164357351605, -0.000213576437091, -0.00108189275488, 0.00252155214548, -0.000835791230202, -0.00293974741362, 0.00565100833774, -0.0069502973929, 0.00806245673448, 0.00192231615074, -0.0178870409727, 0.0259484443814]]
    },
    "melbands": {
        "dmean": [0.0106998113915, 0.00347785837948, 0.00114575645421, 0.000873745942954, 0.000486578850541, 0.000378429103876, 0.000302583386656, 0.000201616829145, 0.000120941193018, 9.08210859052e-05, 6.52568196529e-05, 5.0222457503e-05, 4.26844308095e-05, 3.32888193952e-05, 3.24838692904e-05, 3.17947633448e-05, 2.59540138359e-05, 2.57177289313e-05, 1.91574727069e-05, 2.00062058866e-05, 2.13829080167e-05, 2.32473230426e-05, 1.48188264575e-05, 1.73102016561e-05, 1.06516436063e-05, 1.26671748149e-05, 7.33068509362e-06, 5.98955466558e-06, 4.68135840492e-06, 3.11411713483e-06, 2.54162387137e-06, 1.43297427257e-06, 1.10588155167e-06, 9.5023602853e-07, 7.04323326772e-07, 6.63269076995e-07, 7.92693185758e-07, 5.12869746672e-07, 5.46180331185e-07, 6.24173878805e-07],
        "dmean2": [0.0190593209118, 0.00588697334751, 0.00192154292017, 0.00138503545895, 0.000727418577299, 0.000573264376726, 0.000451122177765, 0.000304908782709, 0.000189736907487, 0.000146735226735, 0.000105950843135, 8.25874158181e-05, 7.18629089533e-05, 5.65655718674e-05, 5.53076133656e-05, 5.38150707143e-05, 4.41911033704e-05, 4.43331227871e-05, 3.24934771925e-05, 3.38295649271e-05, 3.71798050764e-05, 4.07474180975e-05, 2.61245204456e-05, 3.01196796499e-05, 1.84100172191e-05, 2.18801760639e-05, 1.24924526972e-05, 1.0298408597e-05, 8.10512210592e-06, 5.30371244167e-06, 4.28194562119e-06, 2.37944095716e-06, 1.77098115728e-06, 1.52344068738e-06, 1.09654297376e-06, 1.02885337583e-06, 1.22239021039e-06, 7.45185332107e-07, 8.33407568734e-07, 9.89636532722e-07],
        "dvar": [0.000190767881577, 2.08788151213e-05, 4.8293331929e-06, 2.7506105198e-06, 6.91536513386e-07, 4.64479199991e-07, 3.77270197305e-07, 1.87715073707e-07, 5.94837672452e-08, 2.67899551432e-08, 1.24431140947e-08, 8.31020319225e-09, 6.16750295279e-09, 3.82798415188e-09, 3.88894383363e-09, 3.04293767961e-09, 2.14292561473e-09, 2.62581867361e-09, 1.09874842558e-09, 1.07287689843e-09, 1.67120262073e-09, 2.31863572786e-09, 7.68363872528e-10, 1.25926569172e-09, 3.7441452716e-10, 6.92905899324e-10, 1.90242654963e-10, 1.41386707897e-10, 9.29912813419e-11, 4.1556216801e-11, 2.22217747675e-11, 7.13250639106e-12, 4.77851222133e-12, 2.65939635764e-12, 1.74470062963e-12, 1.76728152512e-12, 2.77941862234e-12, 1.04645730015e-12, 1.18508122152e-12, 1.71014743165e-12],
        "dvar2": [0.00056291767396, 5.6469682022e-05, 1.3048665096e-05, 6.9045499913e-06, 1.42196097386e-06, 9.87737848845e-07, 7.30145131911e-07, 3.98768122523e-07, 1.32143114229e-07, 6.33492192037e-08, 3.08031680163e-08, 2.05962873423e-08, 1.55382853251e-08, 9.72360592044e-09, 1.00529558011e-08, 7.63691332395e-09, 5.40151834372e-09, 6.68785160585e-09, 2.79704015504e-09, 2.61626920128e-09, 4.40886438469e-09, 6.20868245704e-09, 2.05060812775e-09, 3.30899174728e-09, 9.7560270973e-10, 1.85115178741e-09, 5.00211816412e-10, 3.73329700487e-10, 2.50479414987e-10, 1.10296091704e-10, 5.73473768473e-11, 1.85200535463e-11, 1.26155067295e-11, 6.36552572805e-12, 3.95947250681e-12, 3.8749151457e-12, 6.01433833292e-12, 2.23983461986e-12, 2.54700730992e-12, 3.94854244787e-12],
        "max": [0.137865334749, 0.0540881678462, 0.02337263152, 0.0254788324237, 0.0210610665381, 0.0128080789, 0.0151838613674, 0.0150275500491, 0.00533944834024, 0.00328380800784, 0.00215814262629, 0.00159181142226, 0.00115989928599, 0.000949504435994, 0.00146106258035, 0.000769637466874, 0.000624821288511, 0.00140597554855, 0.000438898016, 0.000368886772776, 0.000688580912538, 0.000690139073413, 0.000482140894746, 0.000612232834101, 0.000248101307079, 0.000472535117297, 0.000234114340856, 0.00021096036653, 0.000216811313294, 0.000184161181096, 9.99345938908e-05, 7.3359668022e-05, 8.13669030322e-05, 5.49413234694e-05, 4.12320659962e-05, 3.3007338061e-05, 4.4679545681e-05, 3.44491600117e-05, 2.95667941828e-05, 2.74413760053e-05],
        "mean": [0.0146642299369, 0.00538672367111, 0.00165260385256, 0.00145471154246, 0.000850626209285, 0.000632702256553, 0.000462093157694, 0.000284798879875, 0.000154440436745, 0.00010940212087, 7.6796131907e-05, 5.4599444411e-05, 4.32480446761e-05, 3.31221745e-05, 3.0956176488e-05, 3.02969019685e-05, 2.31043140957e-05, 2.200597919e-05, 1.74283450178e-05, 1.80543229362e-05, 1.78556038009e-05, 1.85798962775e-05, 1.25573142213e-05, 1.45909616549e-05, 9.7851971077e-06, 1.14262502393e-05, 7.08238758307e-06, 5.65930395169e-06, 4.56006682725e-06, 3.07044820147e-06, 2.6284778869e-06, 1.59394915045e-06, 1.29078273403e-06, 1.08727329007e-06, 8.31413274227e-07, 7.67548272051e-07, 8.50582637213e-07, 6.15470582943e-07, 6.14879581917e-07, 6.0943182234e-07],
        "median": [0.0107816066593, 0.00397863285616, 0.000971047091298, 0.000568563700654, 0.000364758365322, 0.000241502799327, 0.000202399882255, 0.000117316754768, 5.29886383447e-05, 4.11078435718e-05, 3.07201953547e-05, 1.98016259674e-05, 1.38986570164e-05, 9.12036921363e-06, 9.2247264547e-06, 1.01879086287e-05, 5.77404352953e-06, 4.82848463434e-06, 4.23899200541e-06, 3.83984252039e-06, 3.56692635251e-06, 3.16708974424e-06, 2.07822995435e-06, 2.34706794799e-06, 1.83244901564e-06, 2.13682233152e-06, 1.21343759929e-06, 9.82852043308e-07, 8.89953298611e-07, 6.52750600239e-07, 5.45172838429e-07, 3.11795531616e-07, 2.36146746602e-07, 2.18260694851e-07, 1.30247428842e-07, 1.12435969868e-07, 1.01843454559e-07, 9.23226153304e-08, 8.00514357024e-08, 6.987835377e-08],
        "min": [1.31848594534e-24, 1.03842750499e-24, 1.91207873018e-24, 1.20898140207e-24, 1.28327642073e-24, 1.73567621836e-24, 2.81727985563e-24, 2.77616166424e-24, 2.52069517375e-24, 1.60236020449e-24, 2.6349192746e-24, 1.39756639147e-24, 2.91982743457e-24, 2.8043855297e-24, 2.76019156964e-24, 3.33006153213e-24, 3.14226707997e-24, 2.59990943041e-24, 3.03335950719e-24, 4.39023457962e-24, 4.31486956975e-24, 4.80550082089e-24, 4.69369517036e-24, 3.66463874128e-24, 5.58444732226e-24, 3.98544677776e-24, 5.21167425694e-24, 4.86583566394e-24, 4.35687562409e-24, 5.08109608345e-24, 5.43209343234e-24, 5.91774381572e-24, 5.73686274332e-24, 6.5859381903e-24, 5.2140932989e-24, 6.77574482941e-24, 6.33775623863e-24, 6.21988306445e-24, 5.71450366426e-24, 5.21232743377e-24],
        "var": [0.000231708982028, 2.90495991067e-05, 4.96815255246e-06, 5.51281345906e-06, 1.82067174137e-06, 1.08866299797e-06, 8.00200439244e-07, 2.93261678053e-07, 9.14063207347e-08, 3.69378199139e-08, 1.63326632219e-08, 9.82727499377e-09, 6.4165717184e-09, 4.15781453711e-09, 3.64131458319e-09, 2.90294255301e-09, 2.01731942262e-09, 2.43808906397e-09, 1.03282127295e-09, 1.03874531199e-09, 1.34941058327e-09, 1.74071690395e-09, 7.19936610327e-10, 1.09501108181e-09, 3.91876253669e-10, 6.78286093958e-10, 2.36901248618e-10, 1.54299795163e-10, 1.24236759769e-10, 4.85110770998e-11, 3.48829194696e-11, 1.50854953529e-11, 1.16369925848e-11, 6.82291983328e-12, 4.71797514251e-12, 3.8794761674e-12, 4.68192064979e-12, 2.59851927302e-12, 2.29238871809e-12, 2.33638260648e-12]
    },
    "mfcc": {
        "mean": [-689.000549316, 150.028610229, 17.4881591797, 39.5510673523, 10.8362159729, 4.25664281845, 5.01040458679, 2.40521407127, 3.04947662354, 4.6935915947, 4.89806270599, 4.7853140831, 3.24855446815],
        "cov": [[14710.9609375, -783.505249023, -896.341247559, 4.14098882675, 156.150772095, 397.031005859, 230.639724731, 322.888244629, 190.376098633, 9.85834503174, -144.44543457, -43.785861969, 50.3286933899], [-783.505249023, 1969.92810059, 485.942260742, 313.106781006, 114.655570984, 74.3211746216, 170.428329468, 70.5485305786, -7.92710733414, -51.8022079468, -47.2262611389, -39.2296524048, -31.1136302948], [-896.341247559, 485.942260742, 1793.70581055, 313.004852295, 675.174499512, 407.25302124, 356.424407959, 262.43536377, 181.101409912, 58.2764854431, -19.801202774, -25.9745445251, -4.50950670242], [4.14098882675, 313.106781006, 313.004852295, 427.95123291, 170.356018066, 160.379486084, 106.541381836, 87.7206497192, 34.7798461914, -10.1463527679, -22.2293224335, -19.2262992859, -14.374294281], [156.150772095, 114.655570984, 675.174499512, 170.356018066, 429.800994873, 246.525283813, 197.231170654, 147.395111084, 101.629402161, 35.0535240173, -6.58638525009, -6.692507267, 1.66431701183], [397.031005859, 74.3211746216, 407.25302124, 160.379486084, 246.525283813, 257.368621826, 169.601119995, 134.334320068, 80.2236557007, 28.1185760498, -9.78792953491, -6.23882102966, 0.761993050575], [230.639724731, 170.428329468, 356.424407959, 106.541381836, 197.231170654, 169.601119995, 199.838775635, 133.35748291, 77.0173797607, 27.8048286438, 1.47405767441, -1.72610545158, 4.75967025757], [322.888244629, 70.5485305786, 262.43536377, 87.7206497192, 147.395111084, 134.334320068, 133.35748291, 163.16633606, 96.0250778198, 43.1063232422, 5.84359884262, 5.80062532425, 9.79706573486], [190.376098633, -7.92710733414, 181.101409912, 34.7798461914, 101.629402161, 80.2236557007, 77.0173797607, 96.0250778198, 114.837043762, 64.8214797974, 22.608291626, 15.0184574127, 14.354640007], [9.85834503174, -51.8022079468, 58.2764854431, -10.1463527679, 35.0535240173, 28.1185760498, 27.8048286438, 43.1063232422, 64.8214797974, 96.9914932251, 56.1875648499, 29.8989429474, 19.18567276], [-144.44543457, -47.2262611389, -19.801202774, -22.2293224335, -6.58638525009, -9.78792953491, 1.47405767441, 5.84359884262, 22.608291626, 56.1875648499, 87.5515823364, 53.9817619324, 22.9806308746], [-43.785861969, -39.2296524048, -25.9745445251, -19.2262992859, -6.692507267, -6.23882102966, -1.72610545158, 5.80062532425, 15.0184574127, 29.8989429474, 53.9817619324, 79.8657836914, 45.6189155579], [50.3286933899, -31.1136302948, -4.50950670242, -14.374294281, 1.66431701183, 0.761993050575, 4.75967025757, 9.79706573486, 14.354640007, 19.18567276, 22.9806308746, 45.6189155579, 73.2147750854]],
