{
"lowlevel": {
    "average_loudness": 0.78912460804,
    "barkbands_crest": {
        "dmean": 3.43680524826,
        "dmean2": 5.30431318283,
        "dvar": 9.89949512482,
        "dvar2": 20.6773643494,
        "max": 26.8876228333,
        "mean": 13.3529529572,
        "median": 12.3245649338,
        "min": 2.01348638535,
        "var": 31.2132701874
    },
    "barkbands_flatness_db": {
        "dmean": 0.0615576058626,
        "dmean2": 0.0844817385077,
        "dvar": 0.003563022241,
        "dvar2": 0.00725357467309,
        "max": 0.755710303783,
        "mean": 0.305478870869,
        "median": 0.301654696465,
        "min": 0.0251711085439,
        "var": 0.0172644630075
    },
    "barkbands_kurtosis": {
        "dmean": 30.2596969604,
        "dmean2": 43.9287338257,
        "dvar": 51316.1914062,
        "dvar2": 108630.90625,
        "max": 11709.8984375,
        "mean": 34.5611152649,
        "median": 5.58303403854,
        "min": -1.67233133316,
        "var": 59123.5429688
    },
    "barkbands_skewness": {
        "dmean": 1.27449810505,
        "dmean2": 1.86661875248,
        "dvar": 6.06095504761,
        "dvar2": 11.2189750671,
        "max": 77.7836303711,
        "mean": 2.54300427437,
        "median": 1.70665800571,
        "min": -4.73465585709,
        "var": 14.3165092468
    },
    "barkbands_spread": {
        "dmean": 4.22019004822,
        "dmean2": 6.8329167366,
        "dvar": 59.329208374,
        "dvar2": 152.103012085,
        "max": 86.5791854858,
        "mean": 7.01323509216,
        "median": 4.26793861389,
        "min": 0.0192413683981,
        "var": 71.8915100098
    },
    "dissonance": {
        "dmean": 0.0457163341343,
        "dmean2": 0.0753379315138,
        "dvar": 0.00216906098649,
        "dvar2": 0.00573723996058,
        "max": 0.500000178814,
        "mean": 0.412391364574,
        "median": 0.434235304594,
        "min": 0.0498202890158,
        "var": 0.00553044863045
    },
    "dynamic_complexity": 4.22225570679,
    "erbbands_crest": {
        "dmean": 3.48432517052,
        "dmean2": 5.45150470734,
        "dvar": 10.983338356,
        "dvar2": 23.5262088776,
        "max": 31.8383598328,
        "mean": 10.906452179,
        "median": 9.53320884705,
        "min": 2.41520619392,
        "var": 30.3031253815
    },
    "erbbands_flatness_db": {
        "dmean": 0.0386932082474,
        "dmean2": 0.0534720979631,
        "dvar": 0.00149297015741,
        "dvar2": 0.00282687670551,
        "max": 0.584882557392,
        "mean": 0.249265372753,
        "median": 0.235587820411,
        "min": 0.0585709102452,
        "var": 0.0128009095788
    },
    "erbbands_kurtosis": {
        "dmean": 3.60560250282,
        "dmean2": 5.56250333786,
        "dvar": 56.4162445068,
        "dvar2": 113.629936218,
        "max": 255.084686279,
        "mean": 3.9950530529,
        "median": 1.51201796532,
        "min": -1.90589094162,
        "var": 101.55191803
    },
    "erbbands_skewness": {
        "dmean": 0.687319517136,
        "dmean2": 1.05467450619,
        "dvar": 0.560522794724,
        "dvar2": 1.27005589008,
        "max": 13.0876598358,
        "mean": 1.08502626419,
        "median": 0.905799150467,
        "min": -3.02021145821,
        "var": 1.31515681744
    },
    "erbbands_spread": {
        "dmean": 9.77467155457,
        "dmean2": 14.7648687363,
        "dvar": 190.969802856,
        "dvar2": 393.050048828,
        "max": 173.030715942,
        "mean": 24.7267093658,
        "median": 15.1882219315,
        "min": 0.363514989614,
        "var": 667.894348145
    },
    "hfc": {
        "dmean": 7.35837316513,
        "dmean2": 11.9285306931,
        "dvar": 144.133865356,
        "dvar2": 376.473876953,
        "max": 143.305862427,
        "mean": 11.3687543869,
        "median": 6.66590738297,
        "min": 1.17531830072e-16,
        "var": 180.152648926
    },
    "melbands_crest": {
        "dmean": 4.35786008835,
        "dmean2": 6.76841592789,
        "dvar": 15.3703174591,
        "dvar2": 36.4585456848,
        "max": 39.7264404297,
        "mean": 18.3895759583,
        "median": 17.2432022095,
        "min": 2.55599021912,
        "var": 57.1779708862
    },
    "melbands_flatness_db": {
        "dmean": 0.0718597173691,
        "dmean2": 0.0979567691684,
        "dvar": 0.00499374000356,
        "dvar2": 0.0103495260701,
        "max": 0.873176038265,
        "mean": 0.412304282188,
        "median": 0.407355725765,
        "min": 0.00540644582361,
        "var": 0.0244017411023
    },
    "melbands_kurtosis": {
        "dmean": 28.8732223511,
        "dmean2": 45.1949768066,
        "dvar": 10272.8564453,
        "dvar2": 25004.5566406,
        "max": 2444.60424805,
        "mean": 38.602722168,
        "median": 9.4132270813,
        "min": -1.65633249283,
        "var": 13460.6210938
    },
    "melbands_skewness": {
        "dmean": 1.2959792614,
        "dmean2": 1.97318041325,
        "dvar": 4.12651872635,
        "dvar2": 9.48006534576,
        "max": 36.4168930054,
        "mean": 3.10475420952,
        "median": 2.19700264931,
        "min": -2.81134223938,
        "var": 11.9418106079
    },
    "melbands_spread": {
        "dmean": 4.10124874115,
        "dmean2": 6.77936458588,
        "dvar": 70.6081314087,
        "dvar2": 185.752593994,
        "max": 165.402206421,
        "mean": 6.97603654861,
        "median": 4.48093605042,
        "min": 0.0320447385311,
        "var": 80.248878479
    },
    "pitch_salience": {
        "dmean": 0.107691816986,
        "dmean2": 0.166933521628,
        "dvar": 0.0104331690818,
        "dvar2": 0.022683493793,
        "max": 0.903151512146,
        "mean": 0.521484076977,
        "median": 0.555413842201,
        "min": 0.0102289477363,
        "var": 0.0354249328375
    },
    "silence_rate_20dB": {
        "dmean": 0.000375975185307,
        "dmean2": 0.000752021034714,
        "dvar": 0.000375893258024,
        "dvar2": 0.000751391344238,
        "max": 1,
        "mean": 0.999624073505,
        "median": 1,
        "min": 0,
        "var": 0.000375857984181
    },
    "silence_rate_30dB": {
        "dmean": 0.066359616816,
        "dmean2": 0.132731720805,
        "dvar": 0.0619517341256,
        "dvar2": 0.123198769987,
        "max": 1,
        "mean": 0.850281953812,
        "median": 1,
        "min": 0,
        "var": 0.127308696508
    },
    "silence_rate_60dB": {
        "dmean": 0.0541404262185,
        "dmean2": 0.10829102993,
        "dvar": 0.0512080267072,
        "dvar2": 0.122691132128,
        "max": 1,
        "mean": 0.102255642414,
        "median": 0,
        "min": 0,
        "var": 0.0917955935001
    },
    "spectral_centroid": {
        "dmean": 204.203338623,
        "dmean2": 330.349365234,
        "dvar": 146997.953125,
        "dvar2": 366591.75,
        "max": 11178.2900391,
        "mean": 530.334594727,
        "median": 378.319946289,
        "min": 53.9260444641,
        "var": 219999.328125
    },
    "spectral_complexity": {
        "dmean": 4.03515386581,
        "dmean2": 6.37619876862,
        "dvar": 30.8016147614,
        "dvar2": 78.2019729614,
        "max": 50,
        "mean": 9.89031982422,
        "median": 8,
        "min": 0,
        "var": 53.487487793
    },
    "spectral_decrease": {
        "dmean": 6.14809447796e-09,
        "dmean2": 8.9734406572e-09,
        "dvar": 7.09085029116e-17,
        "dvar2": 1.44841244317e-16,
        "max": 9.51473309327e-29,
        "mean": -1.31306210349e-08,
        "median": -7.15501791149e-09,
        "min": -1.28477935846e-07,
        "var": 2.41498807671e-16
    },
    "spectral_energy": {
        "dmean": 0.0236579570919,
        "dmean2": 0.0346037223935,
        "dvar": 0.0010309072677,
        "dvar2": 0.00211926596239,
        "max": 0.48795953393,
        "mean": 0.0505890287459,
        "median": 0.0277620702982,
        "min": 1.06356887912e-20,
        "var": 0.00351641722955
    },
    "spectral_energyband_high": {
        "dmean": 0.00033677162719,
        "dmean2": 0.000581672007684,
        "dvar": 1.03894660697e-06,
        "dvar2": 2.80926701635e-06,
        "max": 0.0163638927042,
        "mean": 0.000270677206572,
        "median": 5.29501994606e-06,
        "min": 7.65149417533e-21,
        "var": 7.86846896972e-07
    },
    "spectral_energyband_low": {
        "dmean": 0.0174087323248,
        "dmean2": 0.0244397632778,
        "dvar": 0.000971260946244,
        "dvar2": 0.00183606578503,
        "max": 0.483988314867,
        "mean": 0.0331902317703,
        "median": 0.00795942451805,
        "min": 5.91229097249e-23,
        "var": 0.00313094211742
    },
    "spectral_energyband_middle_high": {
        "dmean": 0.00151445576921,
        "dmean2": 0.00253266538493,
        "dvar": 9.48916385823e-06,
        "dvar2": 2.47723673965e-05,
        "max": 0.0635692030191,
        "mean": 0.00155042810366,
        "median": 0.000308262184262,
        "min": 1.52255869847e-21,
        "var": 9.72288853518e-06
    },
    "spectral_energyband_middle_low": {
        "dmean": 0.00997335650027,
        "dmean2": 0.015849493444,
        "dvar": 0.000241263551288,
        "dvar2": 0.000598155078478,
        "max": 0.270526021719,
        "mean": 0.0167712625116,
        "median": 0.0103283617646,
        "min": 3.67552308117e-22,
        "var": 0.000394933420466
    },
    "spectral_entropy": {
        "dmean": 0.446322888136,
        "dmean2": 0.623086631298,
        "dvar": 0.218148544431,
        "dvar2": 0.440629303455,
        "max": 9.80392074585,
        "mean": 6.45269012451,
        "median": 6.45131063461,
        "min": 3.47077012062,
        "var": 1.09748089314
    },
    "spectral_flux": {
        "dmean": 0.049309566617,
        "dmean2": 0.0783340483904,
        "dvar": 0.00274622789584,
        "dvar2": 0.00650675175712,
        "max": 0.484881341457,
        "mean": 0.107557691634,
        "median": 0.0908691585064,
        "min": 6.64959337593e-11,
        "var": 0.00582536682487
    },
    "spectral_kurtosis": {
        "dmean": 33.0740013123,
        "dmean2": 51.0843391418,
        "dvar": 3863.08789062,
        "dvar2": 9733.38574219,
        "max": 1271.79455566,
        "mean": 61.5796699524,
        "median": 17.371799469,
        "min": -1.26273834705,
        "var": 10778.8574219
    },
    "spectral_rms": {
        "dmean": 0.00160578428768,
        "dmean2": 0.00230934936553,
        "dvar": 2.84772977466e-06,
        "dvar2": 5.74584237256e-06,
        "max": 0.0218187551945,
        "mean": 0.00593846989796,
        "median": 0.00520431995392,
        "min": 3.22122363505e-12,
        "var": 1.40898291647e-05
    },
    "spectral_rolloff": {
        "dmean": 230.286804199,
        "dmean2": 404.376068115,
        "dvar": 420241.6875,
        "dvar2": 1094510.125,
        "max": 18970.7519531,
        "mean": 448.760467529,
        "median": 344.53125,
        "min": 21.533203125,
        "var": 409822.59375
    },
    "spectral_skewness": {
        "dmean": 1.54350078106,
        "dmean2": 2.30887579918,
        "dvar": 3.35295510292,
        "dvar2": 7.52789735794,
        "max": 28.7474975586,
        "mean": 4.78869152069,
        "median": 3.26558089256,
        "min": 0.0325123816729,
        "var": 16.4905090332
    },
    "spectral_spread": {
        "dmean": 809244.0625,
        "dmean2": 1193033.5,
        "dvar": 910761656320,
        "dvar2": 1.74389198848e+12,
        "max": 42779252,
        "mean": 2987592.25,
        "median": 2326477.75,
        "min": 104722.304688,
        "var": 5.26083214541e+12
    },
    "spectral_strongpeak": {
        "dmean": 0.324642539024,
        "dmean2": 0.519535601139,
        "dvar": 0.181424573064,
        "dvar2": 0.428584337234,
        "max": 6.87323760986,
        "mean": 0.586829721928,
        "median": 0.410504549742,
        "min": 0,
        "var": 0.360303044319
    },
    "zerocrossingrate": {
        "dmean": 0.00605957070366,
        "dmean2": 0.00765795586631,
        "dvar": 9.6032199508e-05,
        "dvar2": 0.000118938420201,
        "max": 0.66650390625,
        "mean": 0.0196321643889,
        "median": 0.01513671875,
        "min": 0,
        "var": 0.000385683117202
    },
    "barkbands": {
        "dmean": [0.00259999814443, 0.0147112254053, 0.0027854940854, 0.00232434878126, 0.00394555646926, 0.00347497523762, 0.00151021080092, 0.000683862541337, 0.000951825059019, 0.000366165681044, 0.000345367676346, 0.000287964066956, 0.000179526876309, 0.000119255120808, 0.000133602516144, 9.29772941163e-05, 8.97068457562e-05, 5.99007398705e-05, 5.56399463676e-05, 7.0256566687e-05, 6.24409949523e-05, 9.52138871071e-05, 5.31626210432e-05, 4.26320475526e-05, 2.89214713121e-05, 1.28185029098e-05, 2.39708896288e-07],
        "dmean2": [0.00409331498668, 0.0201898962259, 0.00482119107619, 0.00393315823749, 0.00642472971231, 0.00539187062532, 0.00245259515941, 0.00115289236419, 0.00159026146866, 0.00061884970637, 0.000586591195315, 0.000494424777571, 0.000308972405037, 0.000209139237995, 0.000238701075432, 0.000165093224496, 0.000161959906109, 0.000106434890768, 9.87411622191e-05, 0.000126127793919, 0.000109461987449, 0.000170353931026, 9.27642395254e-05, 7.30651445338e-05, 4.66044875793e-05, 1.97595982172e-05, 4.34178474507e-07],
        "dvar": [2.87464026769e-05, 0.000878090329934, 6.36692493572e-05, 2.77626568277e-05, 5.5491913372e-05, 5.73188117414e-05, 1.33886587719e-05, 2.74785247711e-06, 5.58902729608e-06, 1.31938827508e-06, 9.30578607949e-07, 5.47464367173e-07, 2.49682415188e-07, 1.06180870318e-07, 1.34626546355e-07, 5.66210900388e-08, 6.24662916948e-08, 2.62336339318e-08, 2.08220409803e-08, 4.39257128448e-08, 3.35996226397e-08, 1.41908884643e-07, 2.6846624479e-08, 1.65441509381e-08, 7.7594846104e-09, 1.83113979535e-09, 1.53100709194e-12],
        "dvar2": [6.79089280311e-05, 0.00152571627405, 0.000176294648554, 7.51101033529e-05, 0.000138225936098, 0.000125155260321, 3.30728980771e-05, 7.11674874765e-06, 1.47592991198e-05, 3.67471488971e-06, 2.46008539762e-06, 1.44946136516e-06, 6.60127170704e-07, 2.85640311404e-07, 3.70916865222e-07, 1.53632328193e-07, 1.75287880211e-07, 7.18476584893e-08, 5.67161535514e-08, 1.22118990475e-07, 9.14240487759e-08, 4.03192103704e-07, 7.23442781236e-08, 4.36861746778e-08, 1.87443909283e-08, 4.10855216515e-09, 4.37673812123e-12],
        "max": [0.0697616189718, 0.455648690462, 0.136680647731, 0.0770056471229, 0.192157328129, 0.262846022844, 0.0800758525729, 0.0311422999948, 0.0469583645463, 0.0532939955592, 0.0231678765267, 0.0167419258505, 0.0141742536798, 0.00951563287526, 0.00698514375836, 0.00434065191075, 0.00331666111015, 0.00201202393509, 0.00152819172945, 0.00232224399224, 0.00224413583055, 0.00890634488314, 0.0022759269923, 0.0016548106214, 0.00131464307196, 0.000843878777232, 5.14111088705e-05],
        "mean": [0.00314480927773, 0.0260009486228, 0.00290247378871, 0.00285848067142, 0.005538451951, 0.00472342642024, 0.00178736122325, 0.000709697371349, 0.00104330678005, 0.000379841978429, 0.000335837772582, 0.000271316675935, 0.000166313169757, 0.000103161153675, 0.000103913895146, 7.36285364837e-05, 6.64145845803e-05, 4.71307612315e-05, 4.34747962572e-05, 5.13682425662e-05, 4.87851866637e-05, 6.77349671605e-05, 4.29012288805e-05, 3.62875762221e-05, 2.8313119401e-05, 1.35444261105e-05, 1.5966735134e-07],
        "median": [0.00049602042418, 0.00281014852226, 0.000985720660537, 0.000946570071392, 0.00252289092168, 0.00151483342052, 0.000453586428193, 0.000162674085004, 0.000215627413127, 6.40154175926e-05, 4.61370218545e-05, 3.61846905435e-05, 2.18550212594e-05, 1.29914878926e-05, 9.97085498966e-06, 6.73318027111e-06, 4.39573886979e-06, 2.9394284411e-06, 2.08001870305e-06, 1.46823037994e-06, 1.28697706714e-06, 8.68120423547e-07, 5.69274334339e-07, 3.91313761838e-07, 2.54158152302e-07, 1.14494149273e-07, 2.40283748454e-09],
        "min": [6.92963818139e-24, 1.78875882644e-23, 6.5321603591e-24, 4.87051558126e-23, 2.59943725772e-23, 2.718212731e-23, 4.94218769657e-23, 5.36065505651e-23, 5.5555876349e-23, 8.17387251514e-23, 8.82608062347e-23, 6.59570578714e-23, 1.26492697571e-22, 4.18573035744e-23, 1.06278117942e-22, 6.48196277312e-23, 1.34452682758e-22, 1.23299300274e-22, 3.0476927943e-22, 3.05495056706e-22, 3.70378702077e-22, 6.59143192808e-22, 5.18057805425e-22, 7.48636622607e-22, 1.2212176697e-21, 1.60626681172e-21, 2.54522989806e-21],
        "var": [4.32752531196e-05, 0.00260327174328, 4.5735261665e-05, 2.74257054116e-05, 8.21449502837e-05, 0.000100539124105, 1.63649583556e-05, 2.84818338514e-06, 5.65021537113e-06, 1.11479994302e-06, 8.47454543873e-07, 4.96899588143e-07, 2.17596252128e-07, 8.46172554247e-08, 9.48404235146e-08, 4.19783816596e-08, 4.10550669017e-08, 1.92207263439e-08, 1.55690447201e-08, 2.94911792764e-08, 2.46817766225e-08, 8.59358095795e-08, 2.03170422708e-08, 1.39170248659e-08, 8.84944206803e-09, 2.41164754833e-09, 9.00277682264e-13]
    },
    "erbbands": {
        "dmean": [0.62071532011, 2.85464024544, 3.49566054344, 5.7264919281, 9.36905288696, 15.2491436005, 18.9642810822, 34.1585769653, 20.7891540527, 20.7990207672, 14.103802681, 21.8645915985, 15.7751064301, 11.0339517593, 15.0611619949, 10.0787296295, 8.08664035797, 7.0331902504, 6.55280303955, 6.3368678093, 4.7086224556, 5.00729560852, 3.37836146355, 3.04946279526, 2.65260839462, 3.53314566612, 2.99680352211, 2.42942261696, 3.73082661629, 2.57043528557, 1.37541246414, 0.929249823093, 0.669597089291, 0.343504607677, 0.211201533675, 0.0746685341001, 0.0206133686006, 0.00232482305728, 5.59010331926e-05, 2.69087286142e-05],
        "dmean2": [0.858350336552, 3.90800523758, 5.53642320633, 9.62689113617, 15.7925729752, 24.6880455017, 30.2520332336, 52.7684288025, 33.5587234497, 34.4327964783, 23.4307765961, 36.5852508545, 26.2756824493, 18.5055027008, 25.6307487488, 17.1746120453, 13.8169488907, 12.2215366364, 11.5588359833, 11.4135904312, 8.29671764374, 9.02794456482, 5.95862293243, 5.38407993317, 4.68261575699, 6.39299249649, 5.39018440247, 4.20744276047, 6.70673513412, 4.59944725037, 2.38163089752, 1.60445272923, 1.14325845242, 0.555711865425, 0.34574046731, 0.117231830955, 0.0317979007959, 0.00372402486391, 8.93736141734e-05, 4.00103053835e-05],
        "dvar": [1.78723585606, 39.3429031372, 77.1762008667, 183.525787354, 350.564361572, 1001.25012207, 1664.35693359, 6442.86279297, 2344.67382812, 2632.04443359, 1111.98730469, 3200.30834961, 1748.04418945, 945.983154297, 1642.67883301, 564.396728516, 470.45526123, 365.175628662, 341.243347168, 281.994873047, 138.940689087, 197.501998901, 78.2046051025, 70.484413147, 50.9572143555, 120.108329773, 80.0160064697, 51.6097793579, 257.53918457, 77.0634841919, 16.6348114014, 7.32814025879, 4.55962896347, 1.08820402622, 0.441463768482, 0.0596348308027, 0.00553546193987, 5.51608682144e-05, 2.50522642631e-08, 1.30185695557e-09],
        "dvar2": [3.34116792679, 63.4843139648, 194.429550171, 500.384002686, 932.698425293, 2380.24926758, 4031.203125, 13286.8164062, 5811.04248047, 6666.46191406, 2871.44921875, 8419.57617188, 4772.36669922, 2498.37402344, 4336.6484375, 1470.81628418, 1234.60791016, 966.459777832, 937.506652832, 781.75378418, 374.510772705, 553.888061523, 211.092712402, 193.765838623, 139.538696289, 336.212738037, 221.533187866, 138.889129639, 735.590393066, 214.872528076, 44.3947067261, 19.3067760468, 12.0371351242, 2.64119458199, 1.1004434824, 0.135585099459, 0.0129440529272, 0.000135760958074, 6.2588348726e-08, 2.74402189859e-09],
        "max": [21.5190258026, 79.4521408081, 157.232513428, 229.507354736, 266.728424072, 965.403503418, 914.496276855, 3177.82739258, 1103.1817627, 1216.19384766, 826.576782227, 1083.95092773, 1356.38708496, 1173.27404785, 1105.56933594, 558.220153809, 573.661315918, 741.528137207, 495.291534424, 326.342254639, 221.885940552, 187.707489014, 111.85382843, 120.866203308, 82.9285507202, 115.601234436, 101.876411438, 110.71496582, 374.806304932, 157.774505615, 53.923500061, 37.8316574097, 31.2167854309, 15.6968193054, 9.68660640717, 4.31984329224, 1.62703204155, 0.124816991389, 0.00306206406094, 0.000541427580174],
        "mean": [1.00919532776, 4.69767189026, 4.48273229599, 7.30209207535, 12.0832052231, 20.8385410309, 25.794084549, 45.3480682373, 26.7317810059, 23.9608898163, 15.6512393951, 23.4712562561, 17.5048503876, 11.6287336349, 14.6127462387, 9.74487113953, 7.6948184967, 6.23987817764, 5.44644927979, 4.85060214996, 3.81716918945, 3.72681617737, 2.6654279232, 2.39525175095, 2.11721992493, 2.51357984543, 2.19903731346, 1.94019341469, 2.61293101311, 1.86313402653, 1.13480937481, 0.79072457552, 0.577569067478, 0.339313179255, 0.193595945835, 0.0775006636977, 0.0214841105044, 0.00224948721007, 7.03866535332e-05, 5.79975603614e-05],
        "median": [0.0874971151352, 0.53022646904, 1.398837924, 2.87682962418, 5.28520202637, 8.3839969635, 10.0395736694, 12.8008937836, 9.12684726715, 6.28357839584, 4.25726985931, 4.86951351166, 3.42888879776, 2.070520401, 2.0115942955, 1.43576431274, 1.06844377518, 0.810889303684, 0.617687225342, 0.45153939724, 0.3537068367, 0.25982683897, 0.171216219664, 0.128362089396, 0.0946856290102, 0.0689750388265, 0.0583034083247, 0.0439417287707, 0.0323401167989, 0.0239186584949, 0.015086626634, 0.00904016382992, 0.00583351030946, 0.00346161611378, 0.0014781273203, 0.000667816842906, 0.000181648050784, 2.25935873459e-05, 1.79363014468e-05, 3.1512692658e-05],
        "min": [3.09430626964e-22, 4.00955283978e-21, 8.16387440367e-21, 9.41641148204e-20, 1.32275356482e-19, 8.95857929145e-20, 8.1820686613e-20, 3.17806694601e-19, 4.93873406302e-19, 1.06729573814e-18, 1.59929177922e-18, 9.26313969667e-19, 1.92507944842e-18, 3.06537832171e-18, 4.45454585602e-18, 2.7372531435e-18, 6.01548985224e-18, 3.46617958853e-18, 4.12106633771e-18, 5.10834155397e-18, 3.60252500967e-18, 8.08745569113e-18, 7.28691443021e-18, 1.28535901441e-17, 1.56643192599e-17, 1.3665022065e-17, 1.31427534611e-17, 1.8897129691e-17, 2.1123565719e-17, 1.72664771166e-17, 1.73851676083e-17, 1.40485410473e-17, 1.27144980698e-17, 1.32318829993e-17, 7.572596144e-18, 4.71792843486e-18, 3.24368227262e-18, 1.35337212048e-18, 3.34779975482e-19, 3.75130737566e-20],
        "var": [4.55915546417, 103.643577576, 88.0392608643, 170.873825073, 388.854370117, 1576.5958252, 2546.22338867, 11621.2763672, 2969.73876953, 2989.04638672, 1192.09875488, 3128.63378906, 1723.85266113, 919.740722656, 1480.08911133, 556.350769043, 426.645629883, 307.3777771, 250.99987793, 193.009979248, 105.838531494, 129.833465576, 58.2126693726, 52.0458946228, 38.287902832, 77.5956039429, 54.5727386475, 39.2004699707, 152.276397705, 49.8095855713, 13.245557785, 6.1377081871, 3.90093946457, 1.24524855614, 0.445917308331, 0.0765157565475, 0.00672590779141, 5.98858496232e-05, 2.87451484837e-08, 4.50254900031e-09]
    },
    "gfcc": {
        "mean": [-126.227760315, 176.401687622, -69.6731033325, 12.3350858688, -46.9362106323, 0.767759740353, -26.5223369598, -2.50479459763, -13.1496152878, -1.45188975334, -6.32860612869, -1.16175317764, -0.793784439564],
        "cov": [[18469.9394531, -6201.83300781, -2649.05932617, 2271.80029297, -1215.91101074, 1564.87658691, -802.134216309, 1034.64538574, -542.463684082, 812.838256836, -576.201049805, 625.178466797, -444.337921143], [-6201.83300781, 4936.69677734, 316.677825928, -2119.06616211, 939.842285156, -1211.36706543, 519.435852051, -822.49206543, 326.375579834, -613.380493164, 357.759674072, -461.827056885, 295.903045654], [-2649.05932617, 316.677825928, 1985.33190918, 166.05947876, 140.76663208, 48.9409370422, 105.965232849, 66.4016342163, 80.0668563843, 35.2005767822, 68.3494720459, 5.7411441803, 55.2418289185], [2271.80029297, -2119.06616211, 166.05947876, 1311.34887695, -249.279449463, 520.889465332, -173.040664673, 333.305999756, -91.8546295166, 236.239685059, -125.977203369, 165.714187622, -116.879608154], [-1215.91101074, 939.842285156, 140.76663208, -249.279449463, 567.435119629, -165.766540527, 179.648727417, -130.139007568, 97.6965255737, -108.872718811, 86.1679153442, -96.2623977661, 57.567276001], [1564.87658691, -1211.36706543, 48.9409370422, 520.889465332, -165.766540527, 583.407104492, -11.7798852921, 285.904602051, -19.8004112244, 186.629760742, -56.5196990967, 123.542999268, -59.4025764465], [-802.134216309, 519.435852051, 105.965232849, -173.040664673, 179.648727417, -11.7798852921, 222.835418701, -8.70045185089, 108.104942322, -35.3365058899, 75.4242782593, -40.4224891663, 48.6714248657], [1034.64538574, -822.49206543, 66.4016342163, 333.305999756, -130.139007568, 285.904602051, -8.70045185089, 267.333404541, 10.5916366577, 155.991699219, -35.7560348511, 97.8033676147, -38.7004394531], [-542.463684082, 326.375579834, 80.0668563843, -91.8546295166, 97.6965255737, -19.8004112244, 108.104942322, 10.5916366577, 132.984558105, 8.25517177582, 76.3806228638, -18.0729465485, 45.3563919067], [812.838256836, -613.380493164, 35.2005767822, 236.239685059, -108.872718811, 186.629760742, -35.3365058899, 155.991699219, 8.25517177582, 155.661056519, -4.44188404083, 88.2685623169, -23.3850669861], [-576.201049805, 357.759674072, 68.3494720459, -125.977203369, 86.1679153442, -56.5196990967, 75.4242782593, -35.7560348511, 76.3806228638, -4.44188404083, 106.851615906, 1.86309671402, 54.9304275513], [625.178466797, -461.827056885, 5.7411441803, 165.714187622, -96.2623977661, 123.542999268, -40.4224891663, 97.8033676147, -18.0729465485, 88.2685623169, 1.86309671402, 100.55304718, 3.36922812462], [-444.337921143, 295.903045654, 55.2418289185, -116.879608154, 57.567276001, -59.4025764465, 48.6714248657, -38.7004394531, 45.3563919067, -23.3850669861, 54.9304275513, 3.36922812462, 74.1471633911]],
        "icov": [[0.000146882084664, -0.000118206713523, 0.000213029634324, -0.000159639821504, -4.0074937715e-06, -0.000162162497872, 0.000180734525202, -0.000189886952285, 0.000229974262766, -0.000395512499381, 0.00038144676364, -0.000373204151401, 6.59933502902e-05], [-0.000118206713523, 0.00489513389766, -0.000989177962765, 0.00401904201135, -0.00151013920549, 0.0020978813991, -0.00215892842971, 0.00291269365698, -0.00304714636877, 0.00402216473594, -0.00366816809401, 0.00497484207153, -0.00175687263254], [0.000213029634324, -0.000989177962765, 0.00100588880014, -0.00105614296626, 0.00016257322568, -0.000493679312058, 0.000463893840788, -0.00101676303893, 0.00102298601996, -0.00136932835449, 0.000832719670143, -0.000870328163728, -0.000181978321052], [-0.000159639821504, 0.00401904201135, -0.00105614296626, 0.00491028185934, -0.0014744666405, 0.000947656692006, -0.000841056171339, 0.00195809663273, -0.0028988532722, 0.00332461250946, -0.00253405352123, 0.00322312279604, -0.000437936978415], [-4.0074937715e-06, -0.00151013920549, 0.00016257322568, -0.0014744666405, 0.00337784481235, -0.000397610012442, -0.00117471115664, -0.000162857249961, 0.000715274945833, -0.00081601657439, 0.000280528736766, -0.000255970691796, 0.000411155051552], [-0.000162162497872, 0.0020978813991, -0.000493679312058, 0.000947656692006, -0.000397610012442, 0.00544468127191, -0.00298388185911, -0.00111451861449, -0.000339762598742, 0.000588567869272, -0.00116419338156, 0.00137621839531, -0.000241265603108], [0.000180734525202, -0.00215892842971, 0.000463893840788, -0.000841056171339, -0.00117471115664, -0.00298388185911, 0.0124021833763, -0.00474379537627, -0.00327490828931, 0.00208000489511, -0.00146317505278, 8.51221120683e-05, -0.000328631693264], [-0.000189886952285, 0.00291269365698, -0.00101676303893, 0.00195809663273, -0.000162857249961, -0.00111451861449, -0.00474379537627, 0.0176832098514, -0.00733103090897, -0.00495526427403, 0.00506223598495, -0.00363238737918, 0.00199580471963], [0.000229974262766, -0.00304714636877, 0.00102298601996, -0.0028988532722, 0.000715274945833, -0.000339762598742, -0.00327490828931, -0.00733103090897, 0.0250146035105, -0.009391550906, -0.00853834301233, 0.00933177862316, -0.00665947888047], [-0.000395512499381, 0.00402216473594, -0.00136932835449, 0.00332461250946, -0.00081601657439, 0.000588567869272, 0.00208000489511, -0.00495526427403, -0.009391550906, 0.029548831284, -0.00823083985597, -0.00800971500576, 0.00651839654893], [0.00038144676364, -0.00366816809401, 0.000832719670143, -0.00253405352123, 0.000280528736766, -0.00116419338156, -0.00146317505278, 0.00506223598495, -0.00853834301233, -0.00823083985597, 0.0303692128509, -0.0136250546202, -0.0044903238304], [-0.000373204151401, 0.00497484207153, -0.000870328163728, 0.00322312279604, -0.000255970691796, 0.00137621839531, 8.51221120683e-05, -0.00363238737918, 0.00933177862316, -0.00800971500576, -0.0136250546202, 0.0410144329071, -0.0170155633241], [6.59933502902e-05, -0.00175687263254, -0.000181978321052, -0.000437936978415, 0.000411155051552, -0.000241265603108, -0.000328631693264, 0.00199580471963, -0.00665947888047, 0.00651839654893, -0.0044903238304, -0.0170155633241, 0.031312789768]]
    },
    "melbands": {
        "dmean": [0.00471058953553, 0.00230969651602, 0.00105126027483, 0.000880508276168, 0.000658767239656, 0.000715172849596, 0.000322881009197, 0.000212337079574, 0.000112129710033, 0.000145155980135, 7.79163237894e-05, 4.46408048447e-05, 4.81206589029e-05, 3.79109478672e-05, 1.74034994416e-05, 1.98620527954e-05, 1.20783597595e-05, 1.01943214759e-05, 1.04652172013e-05, 7.41283975003e-06, 5.04625995745e-06, 5.42677298654e-06, 3.91984440284e-06, 2.67242921836e-06, 2.46294484896e-06, 2.17129854718e-06, 1.68517897237e-06, 2.56429098044e-06, 2.09451013689e-06, 1.38826021612e-06, 1.33263222324e-06, 2.10075040741e-06, 1.78405650786e-06, 1.31582044105e-06, 8.11563722891e-07, 6.39875906927e-07, 5.48496018382e-07, 5.04772913246e-07, 3.51669285692e-07, 2.7309877737e-07],
        "dmean2": [0.00644141435623, 0.00336165563203, 0.00176798307803, 0.00144830008503, 0.00104524497874, 0.00110621878412, 0.000521723472048, 0.0003524334752, 0.000186713165022, 0.00024288331042, 0.000130217187689, 7.51582847442e-05, 8.18881526357e-05, 6.48066779831e-05, 2.96886410069e-05, 3.43573374266e-05, 2.1185614969e-05, 1.79437120096e-05, 1.8781520339e-05, 1.33742069011e-05, 8.85404733708e-06, 9.81524863164e-06, 7.05871343598e-06, 4.701987109e-06, 4.38383995061e-06, 3.87816180591e-06, 2.96620714835e-06, 4.68084499516e-06, 3.80702294933e-06, 2.43746922024e-06, 2.3006534775e-06, 3.7863048874e-06, 3.20865865433e-06, 2.35538482229e-06, 1.40248096159e-06, 1.10403357212e-06, 9.50708169967e-07, 8.74472959822e-07, 5.86204635056e-07, 4.39393147644e-07],
        "dvar": [8.87805581442e-05, 2.58946183749e-05, 5.44157546756e-06, 2.89272611553e-06, 1.80215158707e-06, 2.67294876721e-06, 5.41717781744e-07, 2.5449497798e-07, 7.33061469305e-08, 1.43025758348e-07, 4.63520031246e-08, 1.68131411016e-08, 1.70081406736e-08, 9.7302175206e-09, 1.86007964587e-09, 3.57540996809e-09, 1.1541764211e-09, 9.11236919254e-10, 8.17198975156e-10, 4.06583627877e-10, 1.64783145462e-10, 2.38909558803e-10, 1.13340239971e-10, 5.42304291751e-11, 4.82972932481e-11, 3.67394968614e-11, 2.19831600839e-11, 6.63835098003e-11, 4.19399827367e-11, 1.64109177636e-11, 1.55737887864e-11, 8.11087030872e-11, 5.13875608732e-11, 1.97031817945e-11, 6.07548213127e-12, 3.40015775951e-12, 2.62508157572e-12, 2.75861820366e-12, 1.21747208669e-12, 7.21805644768e-13],
        "dvar2": [0.000161239993758, 4.85294985992e-05, 1.47271066453e-05, 7.19725721865e-06, 4.37469634562e-06, 5.62439390706e-06, 1.34227934723e-06, 6.46126693482e-07, 1.89919674654e-07, 3.75531413965e-07, 1.27114418547e-07, 4.4883172734e-08, 4.50715695877e-08, 2.60077470671e-08, 4.79003325893e-09, 9.47243705696e-09, 3.08497449808e-09, 2.51692555686e-09, 2.24387264325e-09, 1.12559250809e-09, 4.42609171536e-10, 6.71749489367e-10, 3.14026638026e-10, 1.47292678054e-10, 1.33405994585e-10, 1.02075195518e-10, 6.00537050643e-11, 1.85953447085e-10, 1.17011900169e-10, 4.47016069993e-11, 4.16080538079e-11, 2.31699090469e-10, 1.459265625e-10, 5.47242633153e-11, 1.6241303441e-11, 8.97696500468e-12, 6.9361669186e-12, 7.40443036745e-12, 3.13518091696e-12, 1.71741440513e-12],
        "max": [0.154726028442, 0.0873295813799, 0.0363941937685, 0.0416733957827, 0.033701390028, 0.0621307529509, 0.0150439562276, 0.0110830618069, 0.00739852851257, 0.00728637678549, 0.00745743466541, 0.00456410320476, 0.00332978344522, 0.00216586678289, 0.000808107433841, 0.00191184296273, 0.00127426441759, 0.00089786935132, 0.000614823075011, 0.000392514892155, 0.000281194224954, 0.000185504599358, 0.00015842934954, 9.15423224797e-05, 0.000111227360321, 6.97877258062e-05, 5.01998802065e-05, 8.56704355101e-05, 7.83955983934e-05, 4.5689757826e-05, 6.60768564558e-05, 0.000212634244235, 0.000167333666468, 6.28384150332e-05, 3.37263918482e-05, 3.09326023853e-05, 2.0390658392e-05, 2.6758045351e-05, 1.4348563127e-05, 1.65272558661e-05],
        "mean": [0.00813641399145, 0.00374586996622, 0.00135244021658, 0.00119975174312, 0.000922687177081, 0.000960413250141, 0.000413685978856, 0.000241231668042, 0.000121451252198, 0.000155471891048, 8.51137810969e-05, 4.62771276943e-05, 4.68099533464e-05, 3.5853299778e-05, 1.68298174685e-05, 1.7897469661e-05, 1.04481168819e-05, 8.49747539178e-06, 7.95373398432e-06, 5.61843717151e-06, 4.11134533351e-06, 4.00356793762e-06, 2.91258834295e-06, 2.12538520827e-06, 1.9125095605e-06, 1.66321274264e-06, 1.34896879445e-06, 1.77700326276e-06, 1.48867991356e-06, 1.09300162876e-06, 1.07837990981e-06, 1.47130765527e-06, 1.2610887552e-06, 9.58908799475e-07, 6.67843039537e-07, 5.41416966371e-07, 4.60891811827e-07, 4.20461361728e-07, 3.30647026203e-07, 2.72535231716e-07],
        "median": [0.000834667007439, 0.000857460661791, 0.000605443725362, 0.000521773705259, 0.000386475527193, 0.000284794543404, 0.000134356581839, 6.12776057096e-05, 2.96243651974e-05, 3.03637443722e-05, 1.55760135385e-05, 7.69989492255e-06, 6.56020256429e-06, 4.79522168462e-06, 2.35785114455e-06, 2.140710194e-06, 1.28640522234e-06, 9.70025212155e-07, 7.11852180757e-07, 4.9370544275e-07, 3.70816934492e-07, 2.70337466191e-07, 1.83053984415e-07, 1.2974544461e-07, 9.48712823856e-08, 7.44168886513e-08, 5.59149881951e-08, 4.10575964338e-08, 3.57755496339e-08, 3.04159470943e-08, 2.27345822168e-08, 1.83848047897e-08, 1.47429819464e-08, 1.21944871978e-08, 8.86109585707e-09, 6.43503383913e-09, 5.05228747727e-09, 4.14997325393e-09, 3.40121952824e-09, 2.58858134927e-09],
        "min": [4.87922973325e-24, 4.25062513206e-24, 1.81387789316e-23, 7.24907399432e-24, 4.58394213591e-24, 7.22684231629e-24, 7.7608956271e-24, 1.03708726976e-23, 1.4811859038e-23, 5.59357325964e-24, 9.90537297717e-24, 1.26757120591e-23, 1.23486392837e-23, 8.03829540898e-24, 7.10598803675e-24, 1.42514538286e-23, 5.27515034411e-24, 5.18130784525e-24, 7.94149113185e-24, 5.99533262449e-24, 3.78965426209e-24, 8.36027766491e-24, 7.04403247898e-24, 6.54960720131e-24, 1.05996818032e-23, 1.05430692003e-23, 1.18013828079e-23, 8.41627258969e-24, 8.62582007852e-24, 7.25315003862e-24, 1.27144214637e-23, 1.22981293088e-23, 9.45931867807e-24, 7.81436856356e-24, 1.04281085006e-23, 7.44879069856e-24, 8.99145237493e-24, 8.02467099228e-24, 1.1058708131e-23, 1.10514616547e-23],
        "var": [0.000254856189713, 5.81223830523e-05, 5.01660815644e-06, 4.29049578088e-06, 2.77321873909e-06, 4.76974901176e-06, 6.9188905627e-07, 2.87390633957e-07, 7.65979635275e-08, 1.41671051779e-07, 4.46409558208e-08, 1.5793130359e-08, 1.53355461663e-08, 8.63593996314e-09, 1.83477755211e-09, 2.99483571276e-09, 9.34127775132e-10, 6.62211951941e-10, 5.71534486404e-10, 2.80231227112e-10, 1.26601756856e-10, 1.55846655026e-10, 7.65072519227e-11, 4.05565303563e-11, 3.49414108758e-11, 2.5887868238e-11, 1.63209237791e-11, 4.21972942699e-11, 2.76621173884e-11, 1.21837592099e-11, 1.20514284316e-11, 4.79136591514e-11, 3.11385396634e-11, 1.29097201679e-11, 4.83719444708e-12, 2.85750112808e-12, 2.15861660144e-12, 2.20175158487e-12, 1.19763563216e-12, 8.5490604396e-13]
    },
    "mfcc": {
        "mean": [-768.309753418, 192.542694092, 42.2205734253, 20.6103458405, 6.17548322678, 6.12833595276, -1.38834106922, 0.872872591019, -0.416114836931, -0.801270902157, -0.65573912859, 0.292187213898, 1.09471714497],
        "cov": [[13947.0117188, -3123.18212891, -2419.68774414, 117.192443848, -271.072906494, 204.930160522, -40.5247573853, 173.133300781, 106.551132202, 110.051849365, 56.7358703613, 123.882049561, 68.7429428101], [-3123.18212891, 3782.94604492, -163.331069946, -784.021972656, -55.4884109497, -264.068878174, -54.1574707031, -171.828536987, -124.711135864, -119.120109558, -94.6032485962, -125.457687378, -79.819152832], [-2419.68774414, -163.331069946, 1579.1920166, 318.770080566, 111.472839355, 60.5683860779, 46.1832199097, 22.9211368561, 38.1724472046, 17.3245887756, 26.4783935547, 15.575876236, 22.4618797302], [117.192443848, -784.021972656, 318.770080566, 565.958740234, 173.120727539, 94.8183059692, 51.2699050903, 45.4198684692, 41.2329444885, 32.8664627075, 32.8723297119, 34.8586502075, 21.158285141], [-271.072906494, -55.4884109497, 111.472839355, 173.120727539, 258.043273926, 103.103149414, 68.1932449341, 38.9953956604, 32.1813087463, 24.3935661316, 27.0399475098, 14.0188064575, 8.3806180954], [204.930160522, -264.068878174, 60.5683860779, 94.8183059692, 103.103149414, 184.232330322, 97.2233428955, 71.5974273682, 54.4711380005, 43.2843132019, 38.9579467773, 32.791229248, 26.0778083801], [-40.5247573853, -54.1574707031, 46.1832199097, 51.2699050903, 68.1932449341, 97.2233428955, 130.356140137, 81.0812072754, 58.7662086487, 45.6171531677, 38.2394676208, 31.1903457642, 24.7682590485], [173.133300781, -171.828536987, 22.9211368561, 45.4198684692, 38.9953956604, 71.5974273682, 81.0812072754, 106.926017761, 72.5280303955, 52.9239578247, 42.856967926, 36.5057144165, 27.0959033966], [106.551132202, -124.711135864, 38.1724472046, 41.2329444885, 32.1813087463, 54.4711380005, 58.7662086487, 72.5280303955, 97.7320556641, 65.828453064, 47.9737129211, 38.4983596802, 25.5519294739], [110.051849365, -119.120109558, 17.3245887756, 32.8664627075, 24.3935661316, 43.2843132019, 45.6171531677, 52.9239578247, 65.828453064, 84.0874404907, 57.7774238586, 38.6250076294, 26.3802661896], [56.7358703613, -94.6032485962, 26.4783935547, 32.8723297119, 27.0399475098, 38.9579467773, 38.2394676208, 42.856967926, 47.9737129211, 57.7774238586, 78.2571716309, 48.7416610718, 28.1399650574], [123.882049561, -125.457687378, 15.575876236, 34.8586502075, 14.0188064575, 32.791229248, 31.1903457642, 36.5057144165, 38.4983596802, 38.6250076294, 48.7416610718, 64.5835266113, 40.5001487732], [68.7429428101, -79.819152832, 22.4618797302, 21.158285141, 8.3806180954, 26.0778083801, 24.7682590485, 27.0959033966, 25.5519294739, 26.3802661896, 28.1399650574, 40.5001487732, 56.2781791687]],
