{
"lowlevel": {
    "average_loudness": 0.883070409298,
    "barkbands_crest": {
        "dmean": 3.9045290947,
        "dmean2": 5.82941198349,
        "dvar": 14.1368942261,
        "dvar2": 31.3224124908,
        "max": 26.4781246185,
        "mean": 15.4036970139,
        "median": 15.7594413757,
        "min": 2.27989792824,
        "var": 39.9540176392
    },
    "barkbands_flatness_db": {
        "dmean": 0.0548391267657,
        "dmean2": 0.0758749246597,
        "dvar": 0.00368598569185,
        "dvar2": 0.0083533609286,
        "max": 0.875932991505,
        "mean": 0.231704711914,
        "median": 0.219709306955,
        "min": 0.0193049814552,
        "var": 0.0148057937622
    },
    "barkbands_kurtosis": {
        "dmean": 37.8213500977,
        "dmean2": 53.0920143127,
        "dvar": 5847.55029297,
        "dvar2": 11510.0234375,
        "max": 1183.86279297,
        "mean": 52.980178833,
        "median": 12.8352279663,
        "min": -1.79223108292,
        "var": 11209.8066406
    },
    "barkbands_skewness": {
        "dmean": 1.9129101038,
        "dmean2": 2.62720942497,
        "dvar": 5.47469520569,
        "dvar2": 11.3874425888,
        "max": 30.6145458221,
        "mean": 4.50496244431,
        "median": 3.10867214203,
        "min": -2.67824935913,
        "var": 16.4320068359
    },
    "barkbands_spread": {
        "dmean": 6.90171766281,
        "dmean2": 10.8818731308,
        "dvar": 115.761619568,
        "dvar2": 273.861236572,
        "max": 111.800125122,
        "mean": 11.9536428452,
        "median": 6.68843078613,
        "min": 0.0801617577672,
        "var": 168.25567627
    },
    "dissonance": {
        "dmean": 0.0247835870832,
        "dmean2": 0.0418751947582,
        "dvar": 0.000967701897025,
        "dvar2": 0.00248246616684,
        "max": 0.500000178814,
        "mean": 0.457183480263,
        "median": 0.472262829542,
        "min": 0.0175829026848,
        "var": 0.00288193090819
    },
    "dynamic_complexity": 6.23261165619,
    "erbbands_crest": {
        "dmean": 2.54480624199,
        "dmean2": 4.15326976776,
        "dvar": 6.76935911179,
        "dvar2": 16.9943809509,
        "max": 29.9251022339,
        "mean": 7.92442035675,
        "median": 6.73787212372,
        "min": 2.0143699646,
        "var": 19.5680522919
    },
    "erbbands_flatness_db": {
        "dmean": 0.0205646734685,
        "dmean2": 0.0306338518858,
        "dvar": 0.000767186749727,
        "dvar2": 0.00159675581381,
        "max": 0.610804438591,
        "mean": 0.154203280807,
        "median": 0.121930494905,
        "min": 0.0429503507912,
        "var": 0.00781728047878
    },
    "erbbands_kurtosis": {
        "dmean": 1.9139046669,
        "dmean2": 3.15048336983,
        "dvar": 49.3005142212,
        "dvar2": 135.527374268,
        "max": 348.448669434,
        "mean": 1.42616140842,
        "median": -0.308099269867,
        "min": -1.80199897289,
        "var": 61.6715240479
    },
    "erbbands_skewness": {
        "dmean": 0.506179094315,
        "dmean2": 0.787242174149,
        "dvar": 0.404774516821,
        "dvar2": 1.03631579876,
        "max": 15.3667640686,
        "mean": 0.744175612926,
        "median": 0.562048792839,
        "min": -2.51524019241,
        "var": 0.897177934647
    },
    "erbbands_spread": {
        "dmean": 12.2298698425,
        "dmean2": 17.910030365,
        "dvar": 202.300186157,
        "dvar2": 419.971343994,
        "max": 178.718338013,
        "mean": 50.2392807007,
        "median": 46.1322479248,
        "min": 0.382854342461,
        "var": 814.895690918
    },
    "hfc": {
        "dmean": 8.226146698,
        "dmean2": 13.2629652023,
        "dvar": 380.861114502,
        "dvar2": 1005.66540527,
        "max": 146.780441284,
        "mean": 10.4742078781,
        "median": 3.95693254471,
        "min": 1.1560860206e-16,
        "var": 362.371673584
    },
    "melbands_crest": {
        "dmean": 4.40291547775,
        "dmean2": 6.88169765472,
        "dvar": 21.5200958252,
        "dvar2": 45.3951873779,
        "max": 37.6082077026,
        "mean": 21.1721591949,
        "median": 20.0022697449,
        "min": 1.91182029247,
        "var": 76.7818222046
    },
    "melbands_flatness_db": {
        "dmean": 0.0638130158186,
        "dmean2": 0.0886425599456,
        "dvar": 0.00526319583878,
        "dvar2": 0.0121477674693,
        "max": 1,
        "mean": 0.319459587336,
        "median": 0.310658693314,
        "min": 0.0051233372651,
        "var": 0.0220157802105
    },
    "melbands_kurtosis": {
        "dmean": 78.109085083,
        "dmean2": 110.349067688,
        "dvar": 24277.6171875,
        "dvar2": 49123.046875,
        "max": 2798.34326172,
        "mean": 118.221183777,
        "median": 30.523235321,
        "min": -1.67529678345,
        "var": 51432.5898438
    },
    "melbands_skewness": {
        "dmean": 2.25668168068,
        "dmean2": 3.31241321564,
        "dvar": 7.71895074844,
        "dvar2": 16.3597259521,
        "max": 36.974861145,
        "mean": 6.21309566498,
        "median": 4.38181209564,
        "min": -1.73921346664,
        "var": 26.9080181122
    },
    "melbands_spread": {
        "dmean": 6.14693689346,
        "dmean2": 10.1426753998,
        "dvar": 118.461036682,
        "dvar2": 301.873962402,
        "max": 209.595169067,
        "mean": 10.4039564133,
        "median": 4.81453132629,
        "min": 0.0885913968086,
        "var": 182.136627197
    },
    "pitch_salience": {
        "dmean": 0.122473739088,
        "dmean2": 0.189714699984,
        "dvar": 0.017921442166,
        "dvar2": 0.0399780459702,
        "max": 0.938161730766,
        "mean": 0.435710608959,
        "median": 0.449303746223,
        "min": 0.0211574565619,
        "var": 0.0486797504127
    },
    "silence_rate_20dB": {
        "dmean": 0.000892936892342,
        "dmean2": 0.00178603327367,
        "dvar": 0.000892202544492,
        "dvar2": 0.00267617567442,
        "max": 1,
        "mean": 0.999553561211,
        "median": 1,
        "min": 0,
        "var": 0.000446189776994
    },
    "silence_rate_30dB": {
        "dmean": 0.0821501910686,
        "dmean2": 0.164315059781,
        "dvar": 0.075409501791,
        "dvar2": 0.14087665081,
        "max": 1,
        "mean": 0.791339278221,
        "median": 1,
        "min": 0,
        "var": 0.165130212903
    },
    "silence_rate_60dB": {
        "dmean": 0.0371461734176,
        "dmean2": 0.0742989853024,
        "dvar": 0.035762835294,
        "dvar2": 0.0843113437295,
        "max": 1,
        "mean": 0.23946428299,
        "median": 0,
        "min": 0,
        "var": 0.182133182883
    },
    "spectral_centroid": {
        "dmean": 323.651763916,
        "dmean2": 520.630004883,
        "dvar": 205487.171875,
        "dvar2": 519396.5625,
        "max": 11446.1640625,
        "mean": 883.535095215,
        "median": 710.591552734,
        "min": 79.8475723267,
        "var": 402608.09375
    },
    "spectral_complexity": {
        "dmean": 4.28198957443,
        "dmean2": 6.77317380905,
        "dvar": 42.2141723633,
        "dvar2": 101.052711487,
        "max": 54,
        "mean": 9.15142822266,
        "median": 7,
        "min": 0,
        "var": 70.9851608276
    },
    "spectral_decrease": {
        "dmean": 6.63825705516e-09,
        "dmean2": 8.57227977491e-09,
        "dvar": 1.1629015918e-16,
        "dvar2": 1.94818094029e-16,
        "max": 2.47731808705e-21,
        "mean": -1.41007383547e-08,
        "median": -3.49164985813e-09,
        "min": -1.03407444385e-07,
        "var": 4.506262925e-16
    },
    "spectral_energy": {
        "dmean": 0.0253419745713,
        "dmean2": 0.0327230207622,
        "dvar": 0.00167493743356,
        "dvar2": 0.00281033990905,
        "max": 0.392366081476,
        "mean": 0.054169524461,
        "median": 0.0136764645576,
        "min": 1.04519658379e-20,
        "var": 0.00654806289822
    },
    "spectral_energyband_high": {
        "dmean": 0.00069847231498,
        "dmean2": 0.00121873547323,
        "dvar": 3.93447589886e-06,
        "dvar2": 1.08921531137e-05,
        "max": 0.0147786736488,
        "mean": 0.000567983370274,
        "median": 8.54921672726e-05,
        "min": 7.35948245543e-21,
        "var": 2.7112951102e-06
    },
    "spectral_energyband_low": {
        "dmean": 0.02396248281,
        "dmean2": 0.0311940889806,
        "dvar": 0.00172447296791,
        "dvar2": 0.00287058227696,
        "max": 0.389099895954,
        "mean": 0.0473944023252,
        "median": 0.00843321997672,
        "min": 6.94413050285e-23,
        "var": 0.00606283731759
    },
    "spectral_energyband_middle_high": {
        "dmean": 0.00106252566911,
        "dmean2": 0.00188573671039,
        "dvar": 7.79247420724e-06,
        "dvar2": 2.20140591409e-05,
        "max": 0.0200487934053,
        "mean": 0.00111604959238,
        "median": 0.000415237853304,
        "min": 1.55334007624e-21,
        "var": 5.32483682036e-06
    },
    "spectral_energyband_middle_low": {
        "dmean": 0.00729619385675,
        "dmean2": 0.0129771549255,
        "dvar": 0.000393091788283,
        "dvar2": 0.00109425524715,
        "max": 0.157292932272,
        "mean": 0.00687159178779,
        "median": 0.00238367589191,
        "min": 2.14813413058e-22,
        "var": 0.000258382613538
    },
    "spectral_entropy": {
        "dmean": 0.304552018642,
        "dmean2": 0.46429246664,
        "dvar": 0.157923862338,
        "dvar2": 0.370000809431,
        "max": 9.82085609436,
        "mean": 7.31059646606,
        "median": 7.57787561417,
        "min": 2.44650816917,
        "var": 0.803531646729
    },
    "spectral_flux": {
        "dmean": 0.0476092621684,
        "dmean2": 0.069606885314,
        "dvar": 0.00403298810124,
        "dvar2": 0.00688548013568,
        "max": 0.554624795914,
        "mean": 0.10562646389,
        "median": 0.0626409798861,
        "min": 6.65045934989e-11,
        "var": 0.0131034813821
    },
    "spectral_kurtosis": {
        "dmean": 8.0520362854,
        "dmean2": 13.2321748734,
        "dvar": 1384.30383301,
        "dvar2": 3612.80761719,
        "max": 1021.29003906,
        "mean": 16.6274700165,
        "median": 3.44846749306,
        "min": -1.22912824154,
        "var": 3573.7590332
    },
    "spectral_rms": {
        "dmean": 0.00152758788317,
        "dmean2": 0.00188520678785,
        "dvar": 3.71396276933e-06,
        "dvar2": 5.69975600229e-06,
        "max": 0.0195651780814,
        "mean": 0.00540954992175,
        "median": 0.0036527919583,
        "min": 3.19328049246e-12,
        "var": 2.35850711761e-05
    },
    "spectral_rolloff": {
        "dmean": 462.22467041,
        "dmean2": 805.666442871,
        "dvar": 1192342.375,
        "dvar2": 3043690,
        "max": 19336.8164062,
        "mean": 711.146362305,
        "median": 258.3984375,
        "min": 43.06640625,
        "var": 1677999.125
    },
    "spectral_skewness": {
        "dmean": 0.495620280504,
        "dmean2": 0.786165893078,
        "dvar": 1.06496191025,
        "dvar2": 2.53579068184,
        "max": 26.2728309631,
        "mean": 2.28258013725,
        "median": 1.52853298187,
        "min": -0.0153308594599,
        "var": 6.28344917297
    },
    "spectral_spread": {
        "dmean": 757553.5625,
        "dmean2": 1064718.875,
        "dvar": 1.08078484685e+12,
        "dvar2": 2.0842634281e+12,
        "max": 41518336,
        "mean": 5011742,
        "median": 5018357,
        "min": 130932.359375,
        "var": 5.50612657766e+12
    },
    "spectral_strongpeak": {
        "dmean": 0.184886977077,
        "dmean2": 0.286423683167,
        "dvar": 0.0448037572205,
        "dvar2": 0.104963093996,
        "max": 3.0991089344,
        "mean": 0.39371791482,
        "median": 0.284274637699,
        "min": 0,
        "var": 0.117717154324
    },
    "zerocrossingrate": {
        "dmean": 0.010957355611,
        "dmean2": 0.0133475027978,
        "dvar": 0.000249065400567,
        "dvar2": 0.000336170196533,
        "max": 0.8359375,
        "mean": 0.0348581373692,
        "median": 0.021484375,
        "min": 0.00146484375,
        "var": 0.00346886063926
    },
    "barkbands": {
        "dmean": [0.00308556389064, 0.0205398015678, 0.00780037092045, 0.00410394649953, 0.00221088947728, 0.000917103781831, 0.000338830024702, 0.000366533262422, 0.000291053875117, 0.000251157209277, 0.00013256004604, 0.000147760380059, 7.3139439337e-05, 7.45862489566e-05, 0.000130299289594, 0.000172091735294, 0.000117108997074, 6.52417438687e-05, 3.82585021725e-05, 0.000115360016935, 0.000179249793291, 8.98834405234e-05, 0.00013338716235, 0.00012560072355, 6.93691326887e-05, 2.38984575844e-05, 9.40720724429e-07],
        "dmean2": [0.00377361080609, 0.0260495021939, 0.014057725668, 0.00768325291574, 0.00400368869305, 0.00161716353614, 0.000568531453609, 0.000662084261421, 0.000523563474417, 0.000450337858638, 0.000240024281084, 0.000265907990979, 0.000123986363178, 0.000130036176415, 0.000235768893617, 0.000318441190757, 0.000205610092962, 0.000113525951747, 6.26389446552e-05, 0.000210624159081, 0.000326917128405, 0.000154401306645, 0.00023712181428, 0.000219972018385, 0.000115150076454, 3.64740517398e-05, 1.55824102421e-06],
        "dvar": [4.73986801808e-05, 0.00142210302874, 0.00054661964532, 0.000172584012034, 3.4540953493e-05, 4.97041992276e-06, 4.41390227479e-07, 8.15989835701e-07, 5.31857381247e-07, 4.01556178531e-07, 1.22409772985e-07, 1.40958576367e-07, 2.30824408476e-08, 2.60457824197e-08, 1.19609453009e-07, 2.66455714382e-07, 9.17731739492e-08, 2.25682654786e-08, 6.10941075507e-09, 1.15628303377e-07, 3.04587899791e-07, 5.71121319126e-08, 1.61020381029e-07, 1.31441595386e-07, 3.03858271877e-08, 2.75040967779e-09, 8.20036399896e-12],
        "dvar2": [7.35465728212e-05, 0.00218571908772, 0.00150713522453, 0.000500211433973, 9.89623586065e-05, 1.39001231219e-05, 1.17521801712e-06, 2.30439809457e-06, 1.51504707446e-06, 1.1178655086e-06, 3.45360803067e-07, 4.02951002343e-07, 6.25873326499e-08, 7.22110300444e-08, 3.40449645364e-07, 7.6505244806e-07, 2.56001015941e-07, 6.24379907777e-08, 1.55127892754e-08, 3.28265826965e-07, 8.58056125708e-07, 1.54005988406e-07, 4.4856005843e-07, 3.60797542953e-07, 8.06782480822e-08, 6.68578881147e-09, 1.99899940351e-11],
        "max": [0.0708057060838, 0.346116840839, 0.166494563222, 0.119523540139, 0.0670576840639, 0.0221272855997, 0.0097899902612, 0.0103943366557, 0.00784737896174, 0.0101333484054, 0.00328913982958, 0.00420325389132, 0.00264060194604, 0.00240807398222, 0.00291864643805, 0.00402891496196, 0.00264808209613, 0.0020949204918, 0.00102094653994, 0.00259769381955, 0.00506345555186, 0.00371121522039, 0.00305315991864, 0.00269860960543, 0.00128553970717, 0.000632637413219, 4.15691683884e-05],
        "mean": [0.00388546055183, 0.036291282624, 0.00546696409583, 0.00294165778905, 0.00204204348847, 0.000858721148688, 0.000390458008042, 0.000312940479489, 0.000267045659712, 0.000228937540669, 0.000108477885078, 0.000134406844154, 8.52069060784e-05, 7.95649757492e-05, 0.000117480383778, 0.000129296604428, 0.000110113549454, 7.11964530637e-05, 5.23701091879e-05, 9.38992598094e-05, 0.000138403396704, 7.90346748545e-05, 9.92618515738e-05, 9.6811374533e-05, 6.0829686845e-05, 2.68104649876e-05, 8.19984052214e-07],
        "median": [0.000112693756819, 0.00522599415854, 0.000497498665936, 0.000367814092897, 0.000701356795616, 0.000257600971963, 0.000146202626638, 6.62630991428e-05, 8.21858338895e-05, 5.83062064834e-05, 1.90587234101e-05, 3.75451563741e-05, 2.96545222227e-05, 2.39833098021e-05, 2.86599788524e-05, 2.42853420787e-05, 2.78961015283e-05, 2.23660354095e-05, 1.90445334738e-05, 1.85682019946e-05, 1.97570443561e-05, 1.35936998049e-05, 9.60043325904e-06, 8.8649785539e-06, 5.98114638706e-06, 2.69689849119e-06, 1.97263219093e-08],
        "min": [1.56221596049e-24, 3.88204762347e-23, 1.87650761146e-23, 2.78796893984e-24, 6.44293119771e-23, 1.19922145718e-23, 3.03288114194e-23, 2.3769191601e-23, 1.88736722845e-23, 4.2416306189e-23, 4.64381746748e-23, 4.40019513184e-23, 7.31146453e-23, 1.7340785857e-22, 9.36126847403e-23, 1.12112028326e-22, 1.64789332299e-22, 1.69897149862e-22, 2.46034230524e-22, 2.90484257992e-22, 3.27813332732e-22, 3.92258497657e-22, 5.36137538118e-22, 5.33526850284e-22, 9.71889357981e-22, 1.44028785193e-21, 2.44198620617e-21],
        "var": [9.31743343244e-05, 0.00425541726872, 0.000351683615008, 9.94534057099e-05, 2.17873621295e-05, 3.51576591129e-06, 4.30359335724e-07, 5.59589182103e-07, 3.58681518264e-07, 2.83364443021e-07, 8.07913167478e-08, 9.31706409801e-08, 2.18765023874e-08, 2.30149375113e-08, 7.8567254036e-08, 1.57140078727e-07, 6.43320134941e-08, 1.90092297458e-08, 7.87510501254e-09, 7.42986685509e-08, 1.95796189928e-07, 4.46152945699e-08, 1.06105666475e-07, 8.98784691117e-08, 2.42305322473e-08, 3.16439963122e-09, 7.58129930362e-12]
    },
    "erbbands": {
        "dmean": [1.05470275879, 3.92494559288, 8.44955158234, 12.3469314575, 9.08322620392, 7.40668535233, 7.43330812454, 7.74575424194, 5.6245803833, 5.74762248993, 8.24165153503, 6.75536203384, 7.1591386795, 7.09139823914, 6.55191612244, 5.20430850983, 3.42252421379, 3.73785924911, 5.386677742, 9.98049736023, 7.26733398438, 6.74277353287, 4.01136350632, 2.03567194939, 2.25751256943, 5.44329452515, 8.2302570343, 5.58554077148, 2.99892997742, 4.44363975525, 3.23411369324, 1.9365067482, 2.26946544647, 1.14587700367, 0.361110657454, 0.132407709956, 0.0325157679617, 0.00588246621192, 0.000138435862027, 3.01770342048e-05],
        "dmean2": [1.20975637436, 5.58172464371, 14.3913230896, 22.7062778473, 16.8688354492, 13.3335399628, 12.8654489517, 13.9405136108, 9.48140621185, 10.2202625275, 14.8384027481, 12.0479774475, 13.0478773117, 12.4753627777, 12.0375986099, 9.2657623291, 5.80987453461, 6.43895816803, 9.60123157501, 18.479642868, 13.0905447006, 11.9846067429, 6.98871946335, 3.30971670151, 3.81525206566, 9.92219352722, 15.1798391342, 9.99124717712, 5.1347284317, 7.98297595978, 5.6523938179, 3.30330681801, 3.97881913185, 1.96789741516, 0.588319301605, 0.21076375246, 0.0473990626633, 0.00887930672616, 0.000209923833609, 4.06334074796e-05],
        "dvar": [4.28648710251, 58.4499397278, 547.417663574, 1467.93005371, 761.85168457, 349.373382568, 289.758453369, 410.517333984, 131.363296509, 174.823348999, 420.457305908, 283.150939941, 360.07409668, 302.522888184, 341.912322998, 160.845962524, 51.456413269, 62.8603897095, 183.698150635, 876.172058105, 405.162841797, 325.839050293, 93.7726364136, 15.8050060272, 21.6196327209, 260.950042725, 689.040039062, 257.171569824, 61.8855552673, 172.186431885, 88.5601654053, 26.9126625061, 45.278755188, 9.98624420166, 0.76808232069, 0.08447548002, 0.00608410779387, 0.000199581380002, 9.88972530536e-08, 2.21950613444e-09],
        "dvar2": [5.47532749176, 125.146385193, 1433.28295898, 4185.90234375, 2193.66967773, 997.311035156, 782.538208008, 1161.47668457, 347.812042236, 493.495483398, 1187.98156738, 804.855957031, 1025.79333496, 832.186828613, 983.080810547, 454.667877197, 139.740753174, 172.429092407, 521.963867188, 2517.12207031, 1146.13452148, 915.374450684, 261.487365723, 40.9130516052, 56.9443321228, 740.196228027, 1964.83496094, 713.221801758, 165.963684082, 481.448516846, 243.699813843, 71.9073410034, 124.934318542, 27.1621742249, 2.01556372643, 0.214478194714, 0.0138003630564, 0.000451870611869, 2.22071363964e-07, 3.86552967413e-09],
        "max": [18.6743927002, 78.7757644653, 167.589553833, 353.555908203, 247.111236572, 228.753005981, 217.378479004, 205.03616333, 149.208282471, 172.469070435, 245.163833618, 201.412994385, 228.653259277, 321.645080566, 150.251083374, 136.874542236, 114.750007629, 114.512992859, 125.876251221, 250.064865112, 151.407150269, 152.474700928, 124.40385437, 53.1024742126, 52.2575912476, 124.50604248, 242.492675781, 174.817230225, 139.379150391, 104.77922821, 76.7936096191, 37.3987884521, 55.1283111572, 24.3643169403, 10.47356987, 3.19320225716, 1.19773352146, 0.151277422905, 0.00399061245844, 0.000437640555901],
        "mean": [1.61870014668, 5.75871229172, 7.02768564224, 9.10924816132, 6.89023780823, 7.10214996338, 7.6675620079, 6.5668721199, 6.16817092896, 5.55833292007, 7.23450279236, 6.37929916382, 6.06468677521, 7.01323366165, 5.34683322906, 4.94582605362, 4.01107120514, 4.22546339035, 5.17778587341, 7.76772594452, 6.20347261429, 6.15214490891, 4.30252075195, 2.82643842697, 2.80000257492, 4.48326683044, 6.08417129517, 4.53051042557, 2.71641921997, 3.33348178864, 2.49738168716, 1.63596248627, 1.70634150505, 0.918499290943, 0.339763462543, 0.143743500113, 0.0392027385533, 0.00627083238214, 0.000164677810972, 6.50558358757e-05],
        "median": [0.136925160885, 1.05647802353, 0.930314958096, 1.2117203474, 1.56394338608, 2.38178062439, 2.35584616661, 1.8253133297, 2.26515293121, 1.87523388863, 1.68912410736, 2.08926153183, 1.62315821648, 1.94986307621, 1.37917089462, 1.5051099062, 1.44535660744, 1.39462041855, 1.43363142014, 1.54781842232, 1.4760030508, 1.54607176781, 1.33768677711, 1.08351874352, 0.967322528362, 0.879997611046, 0.800886452198, 0.695486187935, 0.500550270081, 0.361881941557, 0.263164162636, 0.198050960898, 0.133033439517, 0.0764177590609, 0.0377533324063, 0.0147678079084, 0.00404899893329, 0.00041459753993, 2.54037295235e-05, 1.96261717065e-05],
        "min": [7.17158421916e-22, 8.16989892809e-21, 1.53874367057e-20, 1.45599701343e-20, 1.25312576601e-19, 1.52216548476e-19, 5.17898847807e-20, 1.21596622795e-19, 2.05456141597e-19, 8.29633306467e-19, 3.49082858851e-19, 3.49851283791e-19, 1.37745052094e-18, 1.97211252446e-18, 1.56412833138e-18, 1.96163524802e-18, 3.42670094623e-18, 7.01821638875e-18, 7.69114105195e-18, 4.23437064288e-18, 7.72977038656e-18, 8.45441534474e-18, 1.09633939361e-17, 1.17152217036e-17, 1.05027585597e-17, 1.17014797521e-17, 1.12614585437e-17, 1.41260462163e-17, 1.56920662064e-17, 1.41758424892e-17, 1.46367855768e-17, 1.2975903687e-17, 8.26592569856e-18, 1.01888774316e-17, 7.45438128112e-18, 5.55272738086e-18, 2.42353414284e-18, 1.2136369132e-18, 3.57598088721e-19, 3.39485424708e-20],
        "var": [11.7006845474, 108.229957581, 416.769958496, 884.131408691, 442.762329102, 234.398971558, 242.295578003, 266.575164795, 120.052345276, 126.439720154, 290.746826172, 194.695251465, 233.022338867, 229.654129028, 206.582748413, 112.412345886, 48.3294754028, 59.4882316589, 128.339935303, 519.778930664, 260.040252686, 219.404525757, 74.3561248779, 20.9238433838, 24.3124160767, 168.827301025, 421.750091553, 178.143432617, 49.6263771057, 113.655136108, 60.9536705017, 20.4023094177, 30.3714542389, 7.1555314064, 0.649494886398, 0.0895828008652, 0.00758998747915, 0.000238936845562, 1.24524092371e-07, 8.4144886614e-09]
    },
    "gfcc": {
        "mean": [-110.254371643, 108.225090027, -84.3999176025, 34.8566169739, -49.4774055481, 14.7872591019, -33.3947067261, 8.15865802765, -19.9277439117, 2.62058734894, -13.9326648712, 1.07825994492, -3.66898322105],
        "cov": [[30809.6679688, -3913.17089844, -84.8085174561, 3412.15795898, -582.387268066, 1803.41882324, -170.799179077, 1396.38525391, 5.84393882751, 1058.43786621, -394.417755127, 745.121276855, -430.790710449], [-3913.17089844, 2883.54663086, 469.866424561, -645.765441895, 458.480316162, -450.831054688, 208.954925537, -418.26940918, 123.650489807, -382.819274902, 199.603805542, -316.748596191, 168.986923218], [-84.8085174561, 469.866424561, 2973.97460938, 505.406341553, 563.184631348, 485.420379639, 339.938232422, 480.371276855, 296.367340088, 312.312225342, 107.079772949, 55.6727790833, -99.8495178223], [3412.15795898, -645.765441895, 505.406341553, 976.989562988, 128.725875854, 351.148620605, 151.479812622, 252.298980713, 131.046783447, 180.612884521, 17.4755897522, 106.565765381, -30.6794776917], [-582.387268066, 458.480316162, 563.184631348, 128.725875854, 416.900390625, 111.920967102, 202.503082275, 97.125, 142.374954224, 51.6360168457, 97.786819458, -6.58790397644, 30.7517337799], [1803.41882324, -450.831054688, 485.420379639, 351.148620605, 111.920967102, 392.318115234, 106.170906067, 281.504608154, 93.0275497437, 202.482559204, 13.3894557953, 91.8672103882, -35.5961456299], [-170.799179077, 208.954925537, 339.938232422, 151.479812622, 202.503082275, 106.170906067, 230.089065552, 94.1935577393, 136.176635742, 48.0278167725, 91.9259719849, 8.63286495209, 24.1211795807], [1396.38525391, -418.26940918, 480.371276855, 252.298980713, 97.125, 281.504608154, 94.1935577393, 342.429138184, 103.397735596, 231.245223999, 21.7216281891, 107.640769958, -34.9900970459], [5.84393882751, 123.650489807, 296.367340088, 131.046783447, 142.374954224, 93.0275497437, 136.176635742, 103.397735596, 165.279495239, 79.2347946167, 79.2798156738, 20.4469070435, 28.3119678497], [1058.43786621, -382.819274902, 312.312225342, 180.612884521, 51.6360168457, 202.482559204, 48.0278167725, 231.245223999, 79.2347946167, 225.167984009, 35.5746650696, 103.897979736, -24.2494773865], [-394.417755127, 199.603805542, 107.079772949, 17.4755897522, 97.786819458, 13.3894557953, 91.9259719849, 21.7216281891, 79.2798156738, 35.5746650696, 120.394714355, 23.1571922302, 46.4824180603], [745.121276855, -316.748596191, 55.6727790833, 106.565765381, -6.58790397644, 91.8672103882, 8.63286495209, 107.640769958, 20.4469070435, 103.897979736, 23.1571922302, 114.544380188, 4.0075173378], [-430.790710449, 168.986923218, -99.8495178223, -30.6794776917, 30.7517337799, -35.5961456299, 24.1211795807, -34.9900970459, 28.3119678497, -24.2494773865, 46.4824180603, 4.0075173378, 106.909202576]],
        "icov": [[0.000125098144053, -0.000279382307781, 0.00017050486349, -0.000483873329358, 0.000313336990075, -0.000411485205404, 0.000212140657823, -0.000252019497566, 0.000138795629027, -0.000201207280043, 0.000403390236897, -0.000587033166084, 0.000372820621124], [-0.000279382307781, 0.00196760729887, -0.000733984867111, 0.00162503507454, -0.0016589515144, 0.00153572007548, -0.0004615826183, 0.000838947365992, -0.000766749260947, 0.00156220863573, -0.00233677006327, 0.00327218184248, -0.00163710489869], [0.00017050486349, -0.000733984867111, 0.000921874248888, -0.000838320469484, 9.06969071366e-05, -0.000885670247953, 0.000345113396179, -0.000861614884343, 1.76360390469e-05, -0.0006238144706, 0.000846493989229, -0.000961983983871, 0.00130866887048], [-0.000483873329358, 0.00162503507454, -0.000838320469484, 0.00373652437702, -0.00151692517102, 0.000552533834707, -0.0013871609699, 0.00150753452908, -0.00148557149805, 0.0014348445693, -0.00134478707332, 0.00202067918144, -0.00157460209448], [0.000313336990075, -0.0016589515144, 9.06969071366e-05, -0.00151692517102, 0.00655521545559, -0.00181748729665, -0.00225321226753, -0.000842567242216, 0.000199657995836, -0.00107537489384, 0.000941559381317, -0.00173508783337, 0.000635002739727], [-0.000411485205404, 0.00153572007548, -0.000885670247953, 0.000552533834707, -0.00181748729665, 0.00959805399179, -0.00223354832269, -0.00279091694392, 0.00048375048209, -0.0012193871662, -0.000415319867898, 0.00299452710897, -0.00178149226122], [0.000212140657823, -0.0004615826183, 0.000345113396179, -0.0013871609699, -0.00225321226753, -0.00223354832269, 0.0136077506468, -0.00301403203048, -0.00551966624334, 0.00469261081889, -0.00486005656421, -0.000424024532549, 0.00201154174283], [-0.000252019497566, 0.000838947365992, -0.000861614884343, 0.00150753452908, -0.000842567242216, -0.00279091694392, -0.00301403203048, 0.0152502674609, -0.00198240973987, -0.00923045352101, 0.00335433473811, -0.000864871311933, -0.00072402326623], [0.000138795629027, -0.000766749260947, 1.76360390469e-05, -0.00148557149805, 0.000199657995836, 0.00048375048209, -0.00551966624334, -0.00198240973987, 0.0170232094824, -0.00490758102387, -0.00303202867508, 0.00235997722484, -0.00232987990603], [-0.000201207280043, 0.00156220863573, -0.0006238144706, 0.0014348445693, -0.00107537489384, -0.0012193871662, 0.00469261081889, -0.00923045352101, -0.00490758102387, 0.0228039510548, -0.00727904122323, -0.00457939039916, 0.00218116538599], [0.000403390236897, -0.00233677006327, 0.000846493989229, -0.00134478707332, 0.000941559381317, -0.000415319867898, -0.00486005656421, 0.00335433473811, -0.00303202867508, -0.00727904122323, 0.0219968315214, -0.00785695295781, -0.002608417999], [-0.000587033166084, 0.00327218184248, -0.000961983983871, 0.00202067918144, -0.00173508783337, 0.00299452710897, -0.000424024532549, -0.000864871311933, 0.00235997722484, -0.00457939039916, -0.00785695295781, 0.0240485556424, -0.00569657469168], [0.000372820621124, -0.00163710489869, 0.00130866887048, -0.00157460209448, 0.000635002739727, -0.00178149226122, 0.00201154174283, -0.00072402326623, -0.00232987990603, 0.00218116538599, -0.002608417999, -0.00569657469168, 0.0152068594471]]
    },
    "melbands": {
        "dmean": [0.00711480947211, 0.00425849156454, 0.00203811004758, 0.000556604645681, 0.000270490767434, 0.000168960963492, 8.47864212119e-05, 6.50323418085e-05, 6.64303297526e-05, 4.11123000958e-05, 3.56413038389e-05, 2.95225945592e-05, 1.96719702217e-05, 2.00386693905e-05, 8.51996901474e-06, 6.88506634106e-06, 7.10438325768e-06, 8.24344260764e-06, 1.0284932614e-05, 1.34402616823e-05, 7.97864140623e-06, 7.43993950891e-06, 5.57187831873e-06, 2.49888307735e-06, 1.60406182204e-06, 1.60013507866e-06, 1.81583936865e-06, 4.1467947085e-06, 5.36196967005e-06, 4.63500236947e-06, 2.74343506135e-06, 1.38775260439e-06, 2.27207101489e-06, 2.95139898299e-06, 2.51117990047e-06, 7.31825025468e-07, 1.41512498431e-06, 1.60593879173e-06, 1.35284142289e-06, 9.27061989842e-07],
        "dmean2": [0.0083112930879, 0.00650359643623, 0.00373373017646, 0.00101142504718, 0.000475787877804, 0.000301873777062, 0.000143178302096, 0.000116943716421, 0.00011971098138, 7.34012719477e-05, 6.49772191537e-05, 5.19259665452e-05, 3.59564328392e-05, 3.64569386875e-05, 1.47324954014e-05, 1.16022119983e-05, 1.22839792311e-05, 1.46692700582e-05, 1.87585610547e-05, 2.50064986176e-05, 1.42220023918e-05, 1.32824834509e-05, 9.7874808489e-06, 4.34187495557e-06, 2.6082000204e-06, 2.69000133812e-06, 3.1427284739e-06, 7.60707916925e-06, 9.9409971881e-06, 8.58930252434e-06, 4.81419101561e-06, 2.34543244915e-06, 4.00775707021e-06, 5.40911696589e-06, 4.49472736364e-06, 1.14225122161e-06, 2.48558171734e-06, 2.81330267171e-06, 2.38885149884e-06, 1.59276135037e-06],
        "dvar": [0.000170307204826, 9.24473933992e-05, 3.92506517528e-05, 2.30280829783e-06, 4.11149216006e-07, 1.87208542002e-07, 2.93240134397e-08, 2.38452582124e-08, 2.76781459974e-08, 1.05327613298e-08, 8.91644624801e-09, 5.19936316223e-09, 2.90536905645e-09, 2.91678881048e-09, 3.08261360882e-10, 2.19615298169e-10, 2.25585744529e-10, 4.16093409727e-10, 7.77347797243e-10, 1.6670915759e-09, 4.61100241322e-10, 4.03233113566e-10, 2.18602802526e-10, 2.6038277437e-11, 1.08205458482e-11, 1.05768891909e-11, 1.69184388721e-11, 1.58368804182e-10, 2.90762358635e-10, 2.13482384548e-10, 5.67734644019e-11, 1.26388934041e-11, 4.14785775171e-11, 8.37836050538e-11, 5.93330246046e-11, 3.09544208842e-12, 1.57427491182e-11, 2.25454429431e-11, 1.61599605225e-11, 6.46725901998e-12],
        "dvar2": [0.000225734824198, 0.000218830871745, 0.000111257686513, 6.61000103719e-06, 1.13878718366e-06, 5.27503118519e-07, 7.79419764285e-08, 6.77545912708e-08, 7.8384196911e-08, 2.99622655575e-08, 2.53979539622e-08, 1.42538008063e-08, 8.28974577871e-09, 8.38567704164e-09, 8.47502290569e-10, 5.93821991579e-10, 6.18669948604e-10, 1.1816561063e-09, 2.21624407715e-09, 4.79982853463e-09, 1.29311295005e-09, 1.13482179209e-09, 6.10317851812e-10, 7.24624318882e-11, 2.81675707064e-11, 2.77916144958e-11, 4.5853390529e-11, 4.50385950757e-10, 8.31181845573e-10, 6.06740768738e-10, 1.54803544983e-10, 3.34860021656e-11, 1.13727895157e-10, 2.37315000984e-10, 1.65581950928e-10, 7.53315812507e-12, 4.29836895244e-11, 6.18782247663e-11, 4.50990494949e-11, 1.75011134057e-11],
        "max": [0.123167216778, 0.0842754915357, 0.055261131376, 0.0156756751239, 0.00746955443174, 0.00420596823096, 0.0022234194912, 0.00194539688528, 0.00215351907536, 0.00122141314205, 0.00125193910208, 0.00148482481018, 0.000432547967648, 0.000601112726144, 0.000201025875867, 0.000307018723106, 0.000231873433222, 0.000201431845198, 0.000224822360906, 0.000338867888786, 0.00017128699983, 0.000181089300895, 0.000168947372003, 7.12362743798e-05, 4.86662574986e-05, 3.85009589081e-05, 4.63988435513e-05, 9.83214340522e-05, 0.000141520387842, 0.000149239422171, 0.000117631672765, 7.60863986216e-05, 6.89802400302e-05, 7.2730363172e-05, 5.70089541725e-05, 2.65158869297e-05, 2.79585692624e-05, 3.9067967009e-05, 3.49517140421e-05, 1.9693199647e-05],
        "mean": [0.0118778422475, 0.00500451168045, 0.00150486500934, 0.000493983738124, 0.000272033910733, 0.000147203099914, 9.38447919907e-05, 6.06953581155e-05, 5.83511064178e-05, 3.83032966056e-05, 2.99642015307e-05, 2.92222393909e-05, 1.60515483003e-05, 1.73371081473e-05, 9.00200939213e-06, 8.18110493128e-06, 7.79218316893e-06, 7.83466566645e-06, 8.82147924131e-06, 1.007490755e-05, 6.89903345119e-06, 6.58963017486e-06, 5.29142789674e-06, 2.91035553346e-06, 2.16923695007e-06, 2.02534170057e-06, 1.99496389541e-06, 3.2219586501e-06, 3.8688681343e-06, 3.43861256624e-06, 2.32197089645e-06, 1.34151355269e-06, 1.80241988801e-06, 2.0786069399e-06, 1.80308279596e-06, 7.48686488805e-07, 1.11759220545e-06, 1.21288064747e-06, 1.01221439763e-06, 7.40601365123e-07],
        "median": [0.00145561166573, 0.000917446799576, 0.000213772087591, 0.000143504992593, 9.34307827265e-05, 4.20872529503e-05, 3.47029490513e-05, 1.92814404727e-05, 1.43288280015e-05, 1.1844202163e-05, 7.74304862716e-06, 7.97196662461e-06, 3.74849787477e-06, 4.6014711188e-06, 3.10082032229e-06, 2.88948467642e-06, 2.39520682044e-06, 2.14003830479e-06, 2.09072777579e-06, 1.88800004253e-06, 1.58840521181e-06, 1.57555496116e-06, 1.33974697292e-06, 1.0001690498e-06, 8.00164173143e-07, 7.18392698218e-07, 6.15224223566e-07, 5.39372081221e-07, 4.84409383716e-07, 4.32433353126e-07, 3.77910453153e-07, 2.88372831392e-07, 2.20572971443e-07, 1.82164086482e-07, 1.50626959794e-07, 1.22119018897e-07, 1.17358410989e-07, 9.21819705013e-08, 7.63075433952e-08, 5.78169725429e-08],
        "min": [9.2653433035e-24, 9.24117418308e-24, 5.7938614936e-24, 1.66489030938e-23, 3.67875067401e-24, 3.19044005444e-24, 3.81814121267e-24, 8.9005866427e-24, 2.43556978512e-24, 2.68292244676e-24, 6.67326312036e-24, 7.74900828212e-24, 6.85285913834e-24, 4.6071200526e-24, 5.38984835314e-24, 7.73692056647e-24, 1.3455341714e-23, 1.33390715052e-23, 7.02966968847e-24, 6.67247978148e-24, 8.50971395277e-24, 7.00369171e-24, 8.01278759161e-24, 9.9883895434e-24, 8.74287125964e-24, 7.37423860985e-24, 4.19133395199e-24, 9.56075277984e-24, 5.69562661722e-24, 9.21721332195e-24, 7.11151716283e-24, 9.00817070409e-24, 7.00532465208e-24, 7.65783016097e-24, 8.07188510632e-24, 7.22410575781e-24, 7.28244675492e-24, 5.20338214553e-24, 6.79993367135e-24, 8.11662693028e-24],
        "var": [0.000519842782523, 0.00011054614879, 2.38649063249e-05, 1.43977092648e-06, 3.06873488398e-07, 1.24323307205e-07, 2.6890401017e-08, 1.65650018147e-08, 1.89783637694e-08, 7.19115700321e-09, 5.7775411122e-09, 4.00100441666e-09, 1.81159087731e-09, 1.8319917805e-09, 2.65291844048e-10, 2.08377759492e-10, 2.16252682428e-10, 2.94656216093e-10, 4.93893870246e-10, 9.72264491139e-10, 3.07155273438e-10, 2.6731253322e-10, 1.56431922971e-10, 2.52046022942e-11, 1.37826130717e-11, 1.20350786628e-11, 1.61310739072e-11, 9.94107851593e-11, 1.75696776572e-10, 1.32052313528e-10, 4.22718249293e-11, 1.07124404833e-11, 2.96507193798e-11, 5.20128870529e-11, 3.81813504424e-11, 3.16545986472e-12, 1.09699142131e-11, 1.52845999746e-11, 1.06256054302e-11, 4.66249001213e-12]
    },
    "mfcc": {
        "mean": [-745.192687988, 127.060661316, 27.1754188538, 27.8729381561, 10.9725894928, 9.51665687561, 2.50205183029, 4.18514585495, 4.364320755, 0.975532591343, -1.28592538834, 1.04862344265, -1.23009836674],
        "cov": [[17919.3046875, -1207.2701416, -537.392822266, 657.412414551, 202.910308838, 463.718017578, 162.319442749, 415.147369385, 571.710571289, 368.199737549, 279.314239502, 503.935272217, 370.919189453], [-1207.2701416, 1772.34899902, 349.270965576, 40.0008468628, 108.527046204, 37.178314209, 86.0947570801, 20.9437580109, -11.7706785202, 34.7258377075, 61.3827476501, -7.33780479431, 6.53114795685], [-537.392822266, 349.270965576, 1657.12524414, 413.044433594, 422.216583252, 248.002563477, 257.957794189, 209.325561523, 263.66506958, 192.422180176, 239.15486145, 228.59072876, 156.081588745], [657.412414551, 40.0008468628, 413.044433594, 472.675537109, 254.429107666, 162.476089478, 158.195373535, 140.370697021, 149.192672729, 115.884803772, 135.136016846, 139.03112793, 78.2364349365], [202.910308838, 108.527046204, 422.216583252, 254.429107666, 300.56036377, 163.842727661, 141.595336914, 119.821090698, 140.477416992, 94.2381362915, 115.376052856, 109.824035645, 66.3458023071], [463.718017578, 37.178314209, 248.002563477, 162.476089478, 163.842727661, 185.487289429, 121.964683533, 99.8229980469, 102.950248718, 86.1340332031, 87.4957885742, 84.0246505737, 59.3426246643], [162.319442749, 86.0947570801, 257.957794189, 158.195373535, 141.595336914, 121.964683533, 169.116821289, 112.622039795, 95.6294631958, 87.4641952515, 95.7981719971, 82.5794754028, 53.2134284973], [415.147369385, 20.9437580109, 209.325561523, 140.370697021, 119.821090698, 99.8229980469, 112.622039795, 138.453674316, 102.655212402, 83.2494506836, 93.8703994751, 79.0774612427, 55.4638595581], [571.710571289, -11.7706785202, 263.66506958, 149.192672729, 140.477416992, 102.950248718, 95.6294631958, 102.655212402, 183.787643433, 92.551574707, 89.9247055054, 108.562553406, 65.0853347778], [368.199737549, 34.7258377075, 192.422180176, 115.884803772, 94.2381362915, 86.1340332031, 87.4641952515, 83.2494506836, 92.551574707, 127.695716858, 99.957862854, 84.4863433838, 61.486164093], [279.314239502, 61.3827476501, 239.15486145, 135.136016846, 115.376052856, 87.4957885742, 95.7981719971, 93.8703994751, 89.9247055054, 99.957862854, 150.955200195, 105.53187561, 65.0819702148], [503.935272217, -7.33780479431, 228.59072876, 139.03112793, 109.824035645, 84.0246505737, 82.5794754028, 79.0774612427, 108.562553406, 84.4863433838, 105.53187561, 134.484771729, 80.3886947632], [370.919189453, 6.53114795685, 156.081588745, 78.2364349365, 66.3458023071, 59.3426246643, 53.2134284973, 55.4638595581, 65.0853347778, 61.486164093, 65.0819702148, 80.3886947632, 87.8441238403]],
