{
"lowlevel": {
    "average_loudness": 0.697496235371,
    "barkbands_crest": {
        "dmean": 3.15252804756,
        "dmean2": 4.60773706436,
        "dvar": 10.7869672775,
        "dvar2": 20.93866539,
        "max": 26.8080673218,
        "mean": 14.14341259,
        "median": 12.789888382,
        "min": 2.13579702377,
        "var": 47.7073020935
    },
    "barkbands_flatness_db": {
        "dmean": 0.0533329769969,
        "dmean2": 0.0703538358212,
        "dvar": 0.00395865971223,
        "dvar2": 0.00707152066752,
        "max": 0.841947317123,
        "mean": 0.258509278297,
        "median": 0.238488405943,
        "min": 0.0139889875427,
        "var": 0.0243056155741
    },
    "barkbands_kurtosis": {
        "dmean": 49.028968811,
        "dmean2": 67.9376602173,
        "dvar": 30733.7460938,
        "dvar2": 65482.7109375,
        "max": 5639.66162109,
        "mean": 70.0438919067,
        "median": 7.90503931046,
        "min": -1.87317585945,
        "var": 48420.1328125
    },
    "barkbands_skewness": {
        "dmean": 1.78007292747,
        "dmean2": 2.39326024055,
        "dvar": 8.05687999725,
        "dvar2": 14.8660783768,
        "max": 60.3635597229,
        "mean": 4.15091323853,
        "median": 2.32505846024,
        "min": -2.93848228455,
        "var": 25.494934082
    },
    "barkbands_spread": {
        "dmean": 5.88792514801,
        "dmean2": 9.10937023163,
        "dvar": 90.4935836792,
        "dvar2": 193.471633911,
        "max": 108.597808838,
        "mean": 13.4804363251,
        "median": 6.04647541046,
        "min": 0.0261489339173,
        "var": 262.198486328
    },
    "dissonance": {
        "dmean": 0.0264765862375,
        "dmean2": 0.0435485243797,
        "dvar": 0.00132646900602,
        "dvar2": 0.00338013120927,
        "max": 0.500000178814,
        "mean": 0.447469681501,
        "median": 0.470687448978,
        "min": 0.0172914024442,
        "var": 0.0039602117613
    },
    "dynamic_complexity": 5.21631288528,
    "erbbands_crest": {
        "dmean": 2.58308196068,
        "dmean2": 4.1094045639,
        "dvar": 7.77873373032,
        "dvar2": 17.1904258728,
        "max": 32.5484771729,
        "mean": 8.96577167511,
        "median": 7.44570064545,
        "min": 2.19981908798,
        "var": 26.5759544373
    },
    "erbbands_flatness_db": {
        "dmean": 0.0252077654004,
        "dmean2": 0.0351752750576,
        "dvar": 0.00100274046417,
        "dvar2": 0.00186669337563,
        "max": 0.551847100258,
        "mean": 0.18295879662,
        "median": 0.152629524469,
        "min": 0.0293867327273,
        "var": 0.00831114780158
    },
    "erbbands_kurtosis": {
        "dmean": 3.00153017044,
        "dmean2": 4.35159492493,
        "dvar": 130.276824951,
        "dvar2": 250.784301758,
        "max": 415.922515869,
        "mean": 3.46571707726,
        "median": -0.0340311527252,
        "min": -1.85334300995,
        "var": 308.444366455
    },
    "erbbands_skewness": {
        "dmean": 0.589811563492,
        "dmean2": 0.845333456993,
        "dvar": 0.631313979626,
        "dvar2": 1.12457275391,
        "max": 15.7802209854,
        "mean": 0.73499083519,
        "median": 0.438597232103,
        "min": -2.93093729019,
        "var": 2.48587465286
    },
    "erbbands_spread": {
        "dmean": 10.8596534729,
        "dmean2": 15.5885438919,
        "dvar": 172.329986572,
        "dvar2": 351.016967773,
        "max": 180.369918823,
        "mean": 42.4396400452,
        "median": 38.763671875,
        "min": 0.747579753399,
        "var": 837.74017334
    },
    "hfc": {
        "dmean": 7.06253099442,
        "dmean2": 11.1904067993,
        "dvar": 155.003967285,
        "dvar2": 376.764373779,
        "max": 238.921783447,
        "mean": 15.2360372543,
        "median": 10.2705135345,
        "min": 1.17934263366e-16,
        "var": 359.875549316
    },
    "melbands_crest": {
        "dmean": 4.35818767548,
        "dmean2": 6.7233505249,
        "dvar": 19.8222064972,
        "dvar2": 45.5096321106,
        "max": 39.9797477722,
        "mean": 20.09715271,
        "median": 18.9418525696,
        "min": 1.96910870075,
        "var": 79.0558929443
    },
    "melbands_flatness_db": {
        "dmean": 0.0629567727447,
        "dmean2": 0.0832957550883,
        "dvar": 0.0055635496974,
        "dvar2": 0.0102375280112,
        "max": 1,
        "mean": 0.348418712616,
        "median": 0.329888999462,
        "min": 0.00504474947229,
        "var": 0.0351781323552
    },
    "melbands_kurtosis": {
        "dmean": 154.959106445,
        "dmean2": 231.911880493,
        "dvar": 6038481.5,
        "dvar2": 12998468,
        "max": 147213.90625,
        "mean": 178.454544067,
        "median": 19.4205913544,
        "min": -1.70182085037,
        "var": 5998393
    },
    "melbands_skewness": {
        "dmean": 2.12161397934,
        "dmean2": 3.06400251389,
        "dvar": 44.671245575,
        "dvar2": 92.9120101929,
        "max": 271.137969971,
        "mean": 5.66399621964,
        "median": 3.52583360672,
        "min": -1.40106260777,
        "var": 69.0341949463
    },
    "melbands_spread": {
        "dmean": 6.73979759216,
        "dmean2": 10.685713768,
        "dvar": 154.493438721,
        "dvar2": 354.881835938,
        "max": 187.130493164,
        "mean": 13.7948246002,
        "median": 5.20324707031,
        "min": 0.00124855840113,
        "var": 461.783813477
    },
    "pitch_salience": {
        "dmean": 0.0982872620225,
        "dmean2": 0.148519441485,
        "dvar": 0.0126837333664,
        "dvar2": 0.0252569038421,
        "max": 0.991864979267,
        "mean": 0.441447854042,
        "median": 0.501329600811,
        "min": 0.0011920867255,
        "var": 0.05033826828
    },
    "silence_rate_20dB": {
        "dmean": 0.0148745942861,
        "dmean2": 0.0297515429556,
        "dvar": 0.0146538661793,
        "dvar2": 0.0329807065427,
        "max": 1,
        "mean": 0.978164553642,
        "median": 1,
        "min": 0,
        "var": 0.0213583260775
    },
    "silence_rate_30dB": {
        "dmean": 0.0689928010106,
        "dmean2": 0.137996524572,
        "dvar": 0.0642328262329,
        "dvar2": 0.125440955162,
        "max": 1,
        "mean": 0.760363936424,
        "median": 1,
        "min": 0,
        "var": 0.18218126893
    },
    "silence_rate_60dB": {
        "dmean": 0.0485797934234,
        "dmean2": 0.097167275846,
        "dvar": 0.046219162643,
        "dvar2": 0.0984857454896,
        "max": 1,
        "mean": 0.165427207947,
        "median": 0,
        "min": 0,
        "var": 0.138053864241
    },
    "spectral_centroid": {
        "dmean": 311.828826904,
        "dmean2": 477.248901367,
        "dvar": 200643.890625,
        "dvar2": 450184.59375,
        "max": 10922.8310547,
        "mean": 968.001647949,
        "median": 621.077453613,
        "min": 16.5474567413,
        "var": 765597.5625
    },
    "spectral_complexity": {
        "dmean": 4.26758432388,
        "dmean2": 6.61750268936,
        "dvar": 39.668636322,
        "dvar2": 83.381401062,
        "max": 57,
        "mean": 12.218829155,
        "median": 7,
        "min": 0,
        "var": 147.436721802
    },
    "spectral_decrease": {
        "dmean": 6.43419229007e-09,
        "dmean2": 9.48005496326e-09,
        "dvar": 1.1519429707e-16,
        "dvar2": 1.87798467297e-16,
        "max": 1.16627917798e-24,
        "mean": -1.76951235886e-08,
        "median": -7.2969799092e-09,
        "min": -1.10708995749e-07,
        "var": 5.54142506621e-16
    },
    "spectral_energy": {
        "dmean": 0.0246384181082,
        "dmean2": 0.036308657378,
        "dvar": 0.00165398663376,
        "dvar2": 0.00270960782655,
        "max": 0.419683486223,
        "mean": 0.0681672841311,
        "median": 0.029592640698,
        "min": 1.05654236756e-20,
        "var": 0.00796166621149
    },
    "spectral_energyband_high": {
        "dmean": 0.000411586574046,
        "dmean2": 0.000649187364615,
        "dvar": 9.09317975584e-07,
        "dvar2": 2.10141547541e-06,
        "max": 0.0269432906061,
        "mean": 0.000739515875466,
        "median": 5.79954648856e-05,
        "min": 7.94582183938e-21,
        "var": 3.07647292175e-06
    },
    "spectral_energyband_low": {
        "dmean": 0.0213247612119,
        "dmean2": 0.0312265641987,
        "dvar": 0.0017252699472,
        "dvar2": 0.00267750723287,
        "max": 0.419016033411,
        "mean": 0.0566085763276,
        "median": 0.010537551716,
        "min": 4.61036187649e-23,
        "var": 0.00818352680653
    },
    "spectral_energyband_middle_high": {
        "dmean": 0.00158152193762,
        "dmean2": 0.00268793199211,
        "dvar": 1.26145241666e-05,
        "dvar2": 3.37362616847e-05,
        "max": 0.0491668358445,
        "mean": 0.00212061195634,
        "median": 0.000474739877973,
        "min": 1.36942244471e-21,
        "var": 1.35874379339e-05
    },
    "spectral_energyband_middle_low": {
        "dmean": 0.00809264741838,
        "dmean2": 0.0137194246054,
        "dvar": 0.000312312971801,
        "dvar2": 0.000835387443658,
        "max": 0.17037910223,
        "mean": 0.0107501270249,
        "median": 0.004199529998,
        "min": 2.77642410248e-22,
        "var": 0.000285520160105
    },
    "spectral_entropy": {
        "dmean": 0.331920206547,
        "dmean2": 0.467187315226,
        "dvar": 0.175433263183,
        "dvar2": 0.359356701374,
        "max": 9.81119918823,
        "mean": 7.05933523178,
        "median": 7.39588356018,
        "min": 3.12440919876,
        "var": 1.10591053963
    },
    "spectral_flux": {
        "dmean": 0.051772467792,
        "dmean2": 0.076270699501,
        "dvar": 0.00453050713986,
        "dvar2": 0.00913956575096,
        "max": 0.613359212875,
        "mean": 0.110386021435,
        "median": 0.0833219364285,
        "min": 6.92361099008e-11,
        "var": 0.0100016966462
    },
    "spectral_kurtosis": {
        "dmean": 14.7884883881,
        "dmean2": 23.3151416779,
        "dvar": 2611.52368164,
        "dvar2": 7241.07568359,
        "max": 1353.38659668,
        "mean": 25.6442050934,
        "median": 4.16080951691,
        "min": -1.23988008499,
        "var": 4765.26806641
    },
    "spectral_rms": {
        "dmean": 0.00148620503023,
        "dmean2": 0.00213578925468,
        "dvar": 4.20236847276e-06,
        "dvar2": 6.80712309986e-06,
        "max": 0.0202348046005,
        "mean": 0.00651154806837,
        "median": 0.00537316221744,
        "min": 3.21056549402e-12,
        "var": 2.41045399889e-05
    },
    "spectral_rolloff": {
        "dmean": 412.246582031,
        "dmean2": 689.716674805,
        "dvar": 697693.4375,
        "dvar2": 1571247,
        "max": 19186.0839844,
        "mean": 867.539611816,
        "median": 258.3984375,
        "min": 21.533203125,
        "var": 2211033.5
    },
    "spectral_skewness": {
        "dmean": 0.768696248531,
        "dmean2": 1.14758348465,
        "dvar": 2.07583355904,
        "dvar2": 4.77504920959,
        "max": 31.1762752533,
        "mean": 2.74102497101,
        "median": 1.58923149109,
        "min": 0.050163783133,
        "var": 9.16149997711
    },
    "spectral_spread": {
        "dmean": 668796.875,
        "dmean2": 965490.6875,
        "dvar": 778949427200,
        "dvar2": 1.59204599398e+12,
        "max": 42471584,
        "mean": 4057900.5,
        "median": 4195269.5,
        "min": 69503.1484375,
        "var": 4.2561854505e+12
    },
    "spectral_strongpeak": {
        "dmean": 0.245246082544,
        "dmean2": 0.391336917877,
        "dvar": 0.135502889752,
        "dvar2": 0.326911240816,
        "max": 10.9391107559,
        "mean": 0.561135411263,
        "median": 0.389124244452,
        "min": 0,
        "var": 0.277288347483
    },
    "zerocrossingrate": {
        "dmean": 0.00961217470467,
        "dmean2": 0.0112742045894,
        "dvar": 0.000191472063307,
        "dvar2": 0.000229915400269,
        "max": 0.56689453125,
        "mean": 0.0358506590128,
        "median": 0.01904296875,
        "min": 0,
        "var": 0.00198837113567
    },
    "barkbands": {
        "dmean": [0.00222050584853, 0.0178510695696, 0.00827105715871, 0.00464592594653, 0.002515404718, 0.000981263583526, 0.00072424748214, 0.000417574396124, 0.000440125324531, 0.000194007792743, 0.000258567393757, 0.000244735594606, 0.000211473015952, 0.000171248466359, 0.000202120980248, 0.000139400610351, 0.000159634888405, 0.000129680425744, 0.000154521490913, 0.000126837432617, 0.00011905633437, 9.5041214081e-05, 8.57200066093e-05, 5.02188122482e-05, 3.95963761548e-05, 1.57880422194e-05, 2.27457849178e-06],
        "dmean2": [0.00269341142848, 0.0235895123333, 0.0142491664737, 0.00839353259653, 0.00428315065801, 0.00156435288955, 0.0011801822111, 0.000713457644451, 0.000712082081009, 0.000328981259372, 0.00044113228796, 0.000417610863224, 0.000373944436433, 0.000297117454465, 0.00034987780964, 0.000240445020609, 0.000275547499768, 0.000219514695345, 0.000268378877081, 0.000210309633985, 0.000197607441805, 0.000153783796122, 0.000135864116601, 7.9170029494e-05, 6.266249693e-05, 2.37391250266e-05, 3.50821119355e-06],
        "dvar": [1.76893445314e-05, 0.00142116320785, 0.000603676133323, 0.000179506590939, 2.92579734378e-05, 5.26551548319e-06, 3.46010597241e-06, 1.32380546347e-06, 1.27739849631e-06, 3.19003248705e-07, 5.21740787462e-07, 4.11513440213e-07, 3.06215724777e-07, 1.75131518176e-07, 3.00031189227e-07, 1.1485573026e-07, 1.42888083587e-07, 8.80388526525e-08, 1.28896118667e-07, 8.25585999564e-08, 7.31240916707e-08, 5.51627579171e-08, 5.63869342329e-08, 1.89878388568e-08, 1.07132480665e-08, 2.96814905987e-09, 2.88369661483e-10],
        "dvar2": [2.5260664188e-05, 0.00183089310303, 0.00161787169054, 0.000513049191795, 7.98976325314e-05, 1.31583265102e-05, 8.86785892362e-06, 3.51694075107e-06, 3.23098129229e-06, 8.37997106373e-07, 1.38203108691e-06, 1.1061654277e-06, 8.4568262082e-07, 4.77976072943e-07, 8.31763770748e-07, 3.08886995981e-07, 3.92113008729e-07, 2.36555450783e-07, 3.5141070498e-07, 2.09895716807e-07, 1.88303232562e-07, 1.34379192218e-07, 1.31132367187e-07, 4.48338042247e-08, 2.59116621493e-08, 6.48540510184e-09, 6.57496668222e-10],
        "max": [0.0486952029169, 0.403134346008, 0.257937818766, 0.142742857337, 0.0706387460232, 0.0453184843063, 0.0347337536514, 0.0242571532726, 0.0171093679965, 0.0181865151972, 0.0151910465211, 0.0153070818633, 0.00710163637996, 0.00690132565796, 0.00718507403508, 0.00576635636389, 0.00553599884734, 0.00569526990876, 0.00547457486391, 0.00564626883715, 0.00555372005329, 0.00742316525429, 0.00619285833091, 0.00486074062064, 0.00230141612701, 0.00182477012277, 0.00110277929343],
        "mean": [0.00328066642396, 0.0443311147392, 0.00697297276929, 0.0040460145101, 0.00344001757912, 0.00136040616781, 0.000888635695446, 0.000439507712144, 0.000532049976755, 0.000213998078834, 0.000279774743831, 0.000251830933848, 0.000203149145818, 0.0001819399331, 0.000206457189051, 0.000155887071742, 0.000182180767297, 0.000170331491972, 0.000192639272427, 0.000192381354282, 0.000183064126759, 0.000161289644893, 0.000134251138661, 8.55700127431e-05, 5.29479148099e-05, 2.34869585256e-05, 4.92289973408e-06],
        "median": [0.00027665036032, 0.00390754267573, 0.00106573151425, 0.000788533769082, 0.00115073390771, 0.000285644491669, 0.000169539300259, 7.44804710848e-05, 9.15497657843e-05, 4.48436912848e-05, 4.80417984363e-05, 4.52501553809e-05, 3.43751016771e-05, 3.14550925395e-05, 2.81656466541e-05, 2.18249897443e-05, 2.12699887925e-05, 2.15650361497e-05, 1.88058183994e-05, 1.72373256646e-05, 1.37836814247e-05, 9.81768789643e-06, 6.65337984174e-06, 4.76663808513e-06, 2.18416880671e-06, 6.37204436771e-07, 1.94114626595e-08],
        "min": [4.35381799922e-25, 1.49137719783e-23, 1.15526541757e-23, 1.39778595118e-23, 1.10761782446e-23, 1.41962903633e-23, 3.82222830102e-23, 9.11284481538e-23, 3.32077466712e-23, 8.04137985512e-23, 1.93194386494e-23, 4.38444473501e-23, 4.52599383376e-23, 6.7047402482e-23, 1.46254887559e-22, 1.55394617385e-22, 1.06947753565e-22, 1.45108514891e-22, 2.79984935862e-22, 2.09659488152e-22, 4.25813939506e-22, 4.78068287816e-22, 5.15790177421e-22, 7.34994655335e-22, 1.16456044255e-21, 1.60625802696e-21, 2.61972946757e-21],
        "var": [5.14277453476e-05, 0.00681960349903, 0.000433072593296, 0.000115848190035, 3.45506923622e-05, 7.62811532695e-06, 3.97437588617e-06, 1.20689480809e-06, 1.53105941081e-06, 3.45704648907e-07, 5.07181709963e-07, 3.70465642163e-07, 2.33952050621e-07, 1.60835554652e-07, 2.48532785463e-07, 1.13914872202e-07, 1.50008744981e-07, 1.14307304955e-07, 1.62854419727e-07, 1.75127738089e-07, 1.65005900499e-07, 1.73770075662e-07, 1.45113219219e-07, 6.09085901715e-08, 1.91310238762e-08, 5.9937668162e-09, 1.45067013957e-09]
    },
    "erbbands": {
        "dmean": [0.858035266399, 3.61556267738, 8.19994068146, 13.4880132675, 11.7657833099, 7.89054775238, 6.18688201904, 8.24857616425, 8.01237392426, 12.5639696121, 10.1079883575, 8.80820083618, 6.5759601593, 7.89808225632, 9.19509601593, 8.99185562134, 9.16326904297, 9.44933414459, 8.70711994171, 9.63952922821, 7.83535146713, 9.71332931519, 6.60689401627, 7.22283411026, 7.79480075836, 6.03103733063, 5.37069225311, 4.18593454361, 3.36485123634, 3.51728582382, 2.21185898781, 1.26570904255, 0.774033606052, 0.490058928728, 0.260799497366, 0.0861275196075, 0.0286309085786, 0.00448372960091, 0.000382715894375, 3.16489749821e-05],
        "dmean2": [0.945719242096, 4.69573640823, 12.7533731461, 24.0666313171, 20.7535457611, 13.1098623276, 10.1401090622, 12.9734182358, 12.8701791763, 21.0862617493, 16.7147140503, 14.4583625793, 10.8782167435, 13.5000667572, 15.6577968597, 15.408246994, 16.0380382538, 16.4645767212, 15.0100860596, 16.5737743378, 13.468708992, 16.7843513489, 11.1799163818, 12.3366508484, 13.4586324692, 10.0338783264, 9.04033374786, 6.90220785141, 5.47723150253, 5.70322990417, 3.55270385742, 2.02605366707, 1.22059702873, 0.779109477997, 0.414786458015, 0.133381932974, 0.0428016781807, 0.0067850346677, 0.000578146777116, 4.66408746433e-05],
        "dvar": [3.51904416084, 52.1294898987, 465.705322266, 1590.65649414, 834.084472656, 289.855773926, 194.719009399, 413.281677246, 444.305755615, 1026.34912109, 793.383666992, 543.097412109, 267.862365723, 454.38961792, 599.338562012, 559.722473145, 551.821411133, 549.010498047, 548.743713379, 579.963378906, 348.92880249, 537.952880859, 229.498596191, 243.523147583, 340.283721924, 191.766693115, 149.415542603, 97.150100708, 73.8700408936, 80.837600708, 46.5141792297, 13.522403717, 4.11746406555, 1.58179438114, 0.491295039654, 0.0722172260284, 0.00986348465085, 0.000609354581684, 8.11655081634e-06, 3.23543192238e-09],
        "dvar2": [4.00280666351, 70.3680648804, 1156.640625, 4458.79931641, 2359.53369141, 749.892944336, 486.758544922, 1036.92724609, 1088.0378418, 2709.33007812, 2038.07861328, 1407.17553711, 689.55657959, 1230.90734863, 1607.45007324, 1515.10375977, 1515.31030273, 1495.90771484, 1525.61242676, 1559.44165039, 935.288635254, 1476.10961914, 614.272644043, 649.698974609, 918.429260254, 490.746276855, 390.264678955, 244.184661865, 182.206069946, 186.61390686, 115.404418945, 33.3552055359, 9.95749187469, 3.82139468193, 1.22619509697, 0.158321857452, 0.0218837894499, 0.00136690156069, 1.9131699446e-05, 6.36951114075e-09],
        "max": [21.4837551117, 97.2266082764, 244.489120483, 403.335876465, 323.054779053, 364.757354736, 310.81829834, 373.979766846, 538.255065918, 511.034912109, 678.835327148, 434.13949585, 405.347961426, 484.835327148, 622.358215332, 573.874938965, 276.083343506, 444.002502441, 408.629425049, 384.867828369, 326.154571533, 360.942169189, 280.353088379, 250.06060791, 312.843994141, 282.967285156, 251.442871094, 209.034942627, 235.015380859, 263.371643066, 224.113708496, 131.416549683, 61.7525024414, 32.4655914307, 15.3690977097, 8.86066818237, 3.14456605911, 1.60882484913, 0.17454354465, 0.00236471509561],
        "mean": [1.82674968243, 7.68653964996, 8.89315795898, 11.824432373, 12.9996395111, 11.2929067612, 8.88989162445, 11.3131227493, 10.2485561371, 14.3703994751, 11.6189975739, 10.3008003235, 7.90840911865, 8.79865837097, 9.96085166931, 9.40786647797, 9.2915763855, 9.78584384918, 9.24316883087, 10.6073513031, 9.02502536774, 11.1009273529, 8.9011592865, 9.65676879883, 10.1282520294, 8.99789333344, 7.97968006134, 6.72817277908, 5.74941396713, 5.19710731506, 3.50800275803, 2.14942216873, 1.24172925949, 0.684479236603, 0.327129811049, 0.12242500484, 0.0397724919021, 0.00922305975109, 0.00084350357065, 8.88465219759e-05],
        "median": [0.104287050664, 0.830772697926, 2.21252918243, 2.72386026382, 4.03096294403, 3.44682240486, 2.25518321991, 2.32779312134, 2.41400885582, 2.30359911919, 2.14202833176, 1.87481546402, 1.67999839783, 1.80137467384, 2.02373075485, 1.90174245834, 1.71820759773, 1.68910896778, 1.60366785526, 1.52336907387, 1.28101205826, 1.28594779968, 1.10967206955, 1.13437247276, 0.953103780746, 0.790421366692, 0.639058113098, 0.472227096558, 0.354411840439, 0.266154706478, 0.174662798643, 0.110462099314, 0.0687980726361, 0.0303530693054, 0.0125406086445, 0.00383027875796, 0.00101771508344, 0.000146533478983, 4.83679650642e-05, 4.21130098403e-05],
        "min": [2.71845506907e-22, 3.11017123432e-21, 1.0793000126e-20, 4.85012925462e-20, 2.39615951166e-20, 6.1211255469e-20, 4.08405176306e-20, 1.73067432348e-19, 5.76858233305e-19, 8.51423725343e-19, 1.52684792156e-18, 7.39576188624e-19, 2.04700400955e-18, 2.45204292265e-18, 1.11887148331e-18, 1.75180765076e-18, 2.14670967225e-18, 3.43655866439e-18, 7.01643050581e-18, 6.16386951052e-18, 8.24749694169e-18, 6.43542587458e-18, 8.50204771313e-18, 1.02978692307e-17, 1.43498697096e-17, 1.21193374831e-17, 1.42327541697e-17, 1.70985379455e-17, 1.79478075892e-17, 1.83329362649e-17, 1.31136871616e-17, 1.52202556199e-17, 1.19881913057e-17, 1.18183090874e-17, 9.63037418103e-18, 6.36741260308e-18, 2.8086584759e-18, 1.04225760138e-18, 3.24440605566e-19, 3.46546477524e-20],
        "var": [15.1744318008, 206.746749878, 457.079681396, 1037.56835938, 674.365356445, 452.691223145, 324.081237793, 546.561340332, 567.879089355, 1092.02905273, 844.726989746, 587.518554688, 319.650421143, 432.578155518, 538.654724121, 485.036071777, 443.589660645, 471.557525635, 445.59552002, 555.645141602, 358.52053833, 558.54864502, 308.165802002, 357.887115479, 460.151153564, 391.085998535, 302.180511475, 251.648651123, 223.19744873, 197.743789673, 103.886955261, 39.431186676, 12.3019065857, 3.33677196503, 0.716056168079, 0.125603944063, 0.0195674207062, 0.00280191539787, 3.9225731598e-05, 1.63713078649e-08]
    },
    "gfcc": {
        "mean": [-99.6470108032, 126.477668762, -84.9312667847, 41.7304801941, -40.198513031, 14.2951507568, -23.2895832062, 3.11865377426, -14.7320632935, -1.77216994762, -9.03813934326, -4.52094650269, -6.85798931122],
        "cov": [[26836.9667969, -5753.86474609, -2320.71264648, 2267.38745117, -2018.31420898, 789.563964844, -1482.79528809, 616.963256836, -1103.18225098, 525.672180176, -855.373474121, 517.257751465, -580.634033203], [-5753.86474609, 4977.078125, 726.43762207, -1358.38232422, 747.642700195, -798.609619141, 538.914794922, -570.159362793, 493.921661377, -397.388671875, 409.438537598, -421.903594971, 236.034866333], [-2320.71264648, 726.43762207, 2371.89672852, -11.752207756, 521.450927734, 168.742507935, 287.796936035, 119.828445435, 215.740722656, 72.9156112671, 147.745071411, -2.79694795609, 75.3965530396], [2267.38745117, -1358.38232422, -11.752207756, 940.724243164, -37.1852073669, 349.37878418, -35.220199585, 187.591323853, -59.6286277771, 114.024665833, -52.4125976562, 111.421066284, -9.31786155701], [-2018.31420898, 747.642700195, 521.450927734, -37.1852073669, 693.815185547, 88.7065963745, 337.227203369, 1.2110915184, 210.240997314, -28.0028820038, 156.132858276, -57.1097183228, 119.32068634], [789.563964844, -798.609619141, 168.742507935, 349.37878418, 88.7065963745, 401.800262451, 47.965259552, 187.284790039, -0.49733749032, 97.0904998779, -9.11455726624, 79.8395080566, 2.48598837852], [-1482.79528809, 538.914794922, 287.796936035, -35.220199585, 337.227203369, 47.965259552, 312.099395752, 22.1647548676, 184.482574463, -14.8922348022, 128.556991577, -37.3132743835, 89.4743881226], [616.963256836, -570.159362793, 119.828445435, 187.591323853, 1.2110915184, 187.284790039, 22.1647548676, 198.272827148, 4.51039743423, 104.244735718, -12.2918386459, 72.4794998169, -5.98032426834], [-1103.18225098, 493.921661377, 215.740722656, -59.6286277771, 210.240997314, -0.49733749032, 184.482574463, 4.51039743423, 198.041213989, 1.26657164097, 122.86177063, -27.362739563, 69.8285217285], [525.672180176, -397.388671875, 72.9156112671, 114.024665833, -28.0028820038, 97.0904998779, -14.8922348022, 104.244735718, 1.26657164097, 120.507148743, 6.14200639725, 67.1704025269, -7.33219575882], [-855.373474121, 409.438537598, 147.745071411, -52.4125976562, 156.132858276, -9.11455726624, 128.556991577, -12.2918386459, 122.86177063, 6.14200639725, 133.632553101, 0.397041887045, 71.2178649902], [517.257751465, -421.903594971, -2.79694795609, 111.421066284, -57.1097183228, 79.8395080566, -37.3132743835, 72.4794998169, -27.362739563, 67.1704025269, 0.397041887045, 101.891548157, 12.2291145325], [-580.634033203, 236.034866333, 75.3965530396, -9.31786155701, 119.32068634, 2.48598837852, 89.4743881226, -5.98032426834, 69.8285217285, -7.33219575882, 71.2178649902, 12.2291145325, 91.9406280518]],
        "icov": [[8.38602136355e-05, -0.000103256446891, 6.25646353001e-05, -0.000206757409615, 7.65316726756e-05, -0.000106152838271, 0.000203660078114, -0.000129227948491, 9.89303953247e-05, -0.000198341876967, 0.000218083223444, -0.000198726367671, 0.000185922152014], [-0.000103256446891, 0.00131194107234, -0.000315464567393, 0.000987703679129, -0.000289177027298, 0.00103807204869, -0.000484340445837, 0.000860727275722, -0.00051393348258, 0.00100104697049, -0.00198139622808, 0.00244534993544, -0.0011071136687], [6.25646353001e-05, -0.000315464567393, 0.000634420895949, -0.000235007784795, -0.000267855502898, -0.000319696991937, 0.000217159322347, -0.000454829511, -4.83306102979e-05, -0.000521083944477, 0.000394364440581, -0.000582237204071, 0.000543380330782], [-0.000206757409615, 0.000987703679129, -0.000235007784795, 0.00265119760297, -0.00024993068655, -0.000484250107547, -0.000588495400734, 0.0006942981272, -0.000421999313403, 0.000638407131191, -0.00104338687379, 0.00140552455559, -0.00143200566527], [7.65316726756e-05, -0.000289177027298, -0.000267855502898, -0.00024993068655, 0.0037482236512, -0.00129507679958, -0.00256509170868, 0.000699770404026, 0.000297730584862, -0.000504204130266, 9.4189432275e-05, 0.000930238573346, -0.00133061793167], [-0.000106152838271, 0.00103807204869, -0.000319696991937, -0.000484250107547, -0.00129507679958, 0.00681094825268, -0.000914657313842, -0.00335845351219, 0.000402041012421, 0.00125895929523, -0.00155717204325, 0.000637900899164, -3.7627407437e-05], [0.000203660078114, -0.000484340445837, 0.000217159322347, -0.000588495400734, -0.00256509170868, -0.000914657313842, 0.0121957827359, -0.00374476704746, -0.00485611706972, 0.00196032202803, -0.00160713435616, 0.00162004528102, -0.00159268314019], [-0.000129227948491, 0.000860727275722, -0.000454829511, 0.0006942981272, 0.000699770404026, -0.00335845351219, -0.00374476704746, 0.016211591661, -0.00250145094469, -0.00771143846214, 0.00425848318264, -0.00198170472868, -0.000451218336821], [9.89303953247e-05, -0.00051393348258, -4.83306102979e-05, -0.000421999313403, 0.000297730584862, 0.000402041012421, -0.00485611706972, -0.00250145094469, 0.0181221272796, -0.00254183448851, -0.00995186064392, 0.00435140635818, -0.000729470746592], [-0.000198341876967, 0.00100104697049, -0.000521083944477, 0.000638407131191, -0.000504204130266, 0.00125895929523, 0.00196032202803, -0.00771143846214, -0.00254183448851, 0.0221665073186, -0.00645700469613, -0.00642895465717, 0.00443550851196], [0.000218083223444, -0.00198139622808, 0.000394364440581, -0.00104338687379, 9.4189432275e-05, -0.00155717204325, -0.00160713435616, 0.00425848318264, -0.00995186064392, -0.00645700469613, 0.0286141596735, -0.00828494131565, -0.00622353935614], [-0.000198726367671, 0.00244534993544, -0.000582237204071, 0.00140552455559, 0.000930238573346, 0.000637900899164, 0.00162004528102, -0.00198170472868, 0.00435140635818, -0.00642895465717, -0.00828494131565, 0.0281783975661, -0.0109909838066], [0.000185922152014, -0.0011071136687, 0.000543380330782, -0.00143200566527, -0.00133061793167, -3.7627407437e-05, -0.00159268314019, -0.000451218336821, -0.000729470746592, 0.00443550851196, -0.00622353935614, -0.0109909838066, 0.0247412342578]]
    },
    "melbands": {
        "dmean": [0.00588163733482, 0.0036252271384, 0.00227661337703, 0.000679367629346, 0.000227577926125, 0.000185464334209, 0.000128874991788, 0.000127086605062, 8.82841341081e-05, 5.30068609805e-05, 3.30738184857e-05, 3.16197620123e-05, 3.51273774868e-05, 2.25979601964e-05, 2.71517710644e-05, 2.16014959733e-05, 1.66484114743e-05, 1.3503484297e-05, 1.63397216966e-05, 1.06150228021e-05, 8.68379993335e-06, 1.1425280718e-05, 5.96391055296e-06, 6.79319919072e-06, 5.83277596888e-06, 6.69367273076e-06, 4.90758247906e-06, 3.98601196139e-06, 3.72904833057e-06, 2.90859361485e-06, 2.34697131418e-06, 2.05324158742e-06, 2.01616808226e-06, 2.04938100978e-06, 1.417794806e-06, 9.94360902951e-07, 7.51983407099e-07, 5.89728074374e-07, 4.5674607918e-07, 4.14498316559e-07],
        "dmean2": [0.00712450826541, 0.00513885216787, 0.00402090931311, 0.00116596848238, 0.000371448404621, 0.000291795062367, 0.000208744924748, 0.000214547428186, 0.000144436111441, 8.67496710271e-05, 5.45620641788e-05, 5.3914693126e-05, 5.96758618485e-05, 3.86478677683e-05, 4.68306861876e-05, 3.83296974178e-05, 2.89398158202e-05, 2.32698239415e-05, 2.84521338472e-05, 1.81842478923e-05, 1.49633042383e-05, 1.98946581804e-05, 1.01036530396e-05, 1.16060637083e-05, 9.98205905489e-06, 1.17202052934e-05, 8.29010787129e-06, 6.64416938889e-06, 6.32303499515e-06, 4.890470791e-06, 3.87143927583e-06, 3.38804306921e-06, 3.29413205691e-06, 3.35465165335e-06, 2.29464899348e-06, 1.63978074852e-06, 1.21892446714e-06, 9.38681921525e-07, 7.31148475097e-07, 6.69154189836e-07],
        "dvar": [0.000155642163008, 6.25588800176e-05, 4.05836217396e-05, 2.23437109526e-06, 2.29690527931e-07, 1.95978103079e-07, 1.09076175647e-07, 1.0280040641e-07, 6.33596144439e-08, 1.8513448552e-08, 7.0585457479e-09, 7.29575910796e-09, 9.60686286078e-09, 3.52531048797e-09, 5.64431923422e-09, 3.33074656744e-09, 1.70905967156e-09, 1.34470934388e-09, 1.90168192304e-09, 6.96759649976e-10, 4.29599189555e-10, 7.83991704889e-10, 2.01813676881e-10, 2.57461441056e-10, 1.59994226201e-10, 2.66121097381e-10, 1.2242595826e-10, 9.09701480811e-11, 7.30584273634e-11, 5.18677635564e-11, 3.120844555e-11, 3.01212492448e-11, 2.86149923201e-11, 3.21293096295e-11, 2.2741478839e-11, 7.66143311987e-12, 5.62430657602e-12, 2.26892679991e-12, 1.60383446975e-12, 1.1642188949e-12],
        "dvar2": [0.000187414378161, 0.000123196863569, 0.000112440269731, 6.17228897681e-06, 5.75964577365e-07, 4.90703598643e-07, 2.75259282034e-07, 2.73023800901e-07, 1.60250579029e-07, 4.78609365473e-08, 1.80816819295e-08, 1.97175360483e-08, 2.54977514658e-08, 9.45342737424e-09, 1.52993901992e-08, 9.2438332544e-09, 4.64907889963e-09, 3.73278208343e-09, 5.25364107773e-09, 1.84842985362e-09, 1.15387410737e-09, 2.17041629114e-09, 5.33097344046e-10, 7.00852376134e-10, 4.27878510401e-10, 7.31713578617e-10, 3.24206411717e-10, 2.34344488259e-10, 1.92551821709e-10, 1.38574221542e-10, 7.83779152691e-11, 7.82571785152e-11, 7.30384641656e-11, 7.61281454542e-11, 5.78605011126e-11, 1.94650875279e-11, 1.47176229537e-11, 5.51520417877e-12, 4.02247332665e-12, 2.87082944223e-12],
        "max": [0.138016164303, 0.0969156175852, 0.0638373494148, 0.019395545125, 0.00836124550551, 0.0082877362147, 0.00695042172447, 0.00492073269561, 0.00577743258327, 0.00250658136792, 0.00222211331129, 0.00194282899611, 0.00205601938069, 0.00202976050787, 0.00211143144406, 0.000698083837051, 0.000861444685142, 0.000714641821105, 0.000613496289589, 0.000420601369115, 0.000364797364455, 0.000491914339364, 0.000237350090174, 0.000281384651316, 0.000228333927225, 0.000242213602178, 0.000218538654735, 0.000203197691008, 0.000165002289577, 0.000221787558985, 0.00012870845967, 0.00017986902094, 0.000207274846616, 0.000180520379217, 0.00014385842951, 0.000102976446215, 9.14937263587e-05, 4.61328672827e-05, 3.63984472642e-05, 2.47234947892e-05],
        "mean": [0.0140281775966, 0.00651345541701, 0.0021124840714, 0.00089222821407, 0.000337399047567, 0.000257634179434, 0.000162631709827, 0.000141835218528, 0.000101200370409, 6.23156811344e-05, 3.92897418351e-05, 3.51021772076e-05, 3.79346820409e-05, 2.31276590057e-05, 2.71595799859e-05, 2.04742409551e-05, 1.73246862687e-05, 1.4126946553e-05, 1.66196041391e-05, 1.16624514703e-05, 9.82422079687e-06, 1.23149584397e-05, 7.73607007432e-06, 8.51941967994e-06, 7.55363316784e-06, 7.77906188887e-06, 6.84334054313e-06, 5.66842663829e-06, 5.21996707903e-06, 4.23614619649e-06, 3.69896633856e-06, 3.31439855472e-06, 2.99724592878e-06, 2.8489835131e-06, 2.11113570003e-06, 1.57460567607e-06, 1.20237837109e-06, 9.10970811674e-07, 6.82053780565e-07, 5.38411711659e-07],
        "median": [0.00109996041283, 0.00134464702569, 0.000549950171262, 0.000314354285365, 9.0573412308e-05, 5.55844162591e-05, 3.72445174435e-05, 2.20538149733e-05, 1.7093587303e-05, 1.10058736027e-05, 7.98933342594e-06, 7.09162031853e-06, 7.01285534888e-06, 4.44326769866e-06, 4.73821091873e-06, 3.21455809171e-06, 2.95631321023e-06, 2.38234906647e-06, 2.16111448026e-06, 1.63018216881e-06, 1.34987885758e-06, 1.29750310407e-06, 9.75070520326e-07, 1.00921101875e-06, 8.64204025675e-07, 6.95328935763e-07, 6.16270710907e-07, 4.60336821106e-07, 4.02110600817e-07, 3.00983828083e-07, 2.53039274867e-07, 2.09354595881e-07, 1.6435683392e-07, 1.34510912631e-07, 9.9444768864e-08, 8.06353028793e-08, 6.08874870522e-08, 5.04506019183e-08, 3.3958958312e-08, 2.16923510266e-08],
        "min": [3.9110429949e-24, 5.11834175666e-24, 7.66927495498e-24, 2.83477659329e-24, 1.71021178833e-24, 4.36746371516e-24, 8.36827198133e-24, 1.18483555305e-23, 1.15630221745e-23, 4.25324454469e-24, 1.07754747227e-23, 1.05896206712e-23, 2.73618298242e-24, 5.28137879538e-24, 4.17635979429e-24, 4.52367789592e-24, 6.12731733697e-24, 1.0797909138e-23, 9.42044203493e-24, 8.26284072134e-24, 9.82697992472e-24, 6.66605214282e-24, 5.80261035547e-24, 8.30917919978e-24, 7.53327691265e-24, 1.28805816027e-23, 6.76058844484e-24, 7.86056741361e-24, 6.5462225936e-24, 1.03142963823e-23, 9.56625587352e-24, 9.60339544493e-24, 8.55088775886e-24, 1.04582319431e-23, 6.7259716506e-24, 7.09066599139e-24, 8.45188255981e-24, 8.28406817944e-24, 7.57269155891e-24, 1.16083619551e-23],
        "var": [0.000751193030737, 0.000137553637614, 2.77128328889e-05, 2.37143967752e-06, 3.91536445932e-07, 2.65738719918e-07, 1.28875853989e-07, 1.04527117628e-07, 7.12841483619e-08, 2.05205505921e-08, 8.54557047347e-09, 7.05501124187e-09, 9.05512997917e-09, 3.10126924141e-09, 4.95119856225e-09, 2.49924836382e-09, 1.50690493417e-09, 1.12565057275e-09, 1.6320955698e-09, 6.93625823445e-10, 4.50273734964e-10, 7.68532404383e-10, 2.66043492791e-10, 3.06660086213e-10, 2.3327093035e-10, 2.901914542e-10, 2.17908927014e-10, 1.70427630342e-10, 1.30473257198e-10, 9.99785809697e-11, 8.19212961356e-11, 7.85775194911e-11, 6.44276645922e-11, 6.80091399863e-11, 4.14627603085e-11, 2.01933868932e-11, 1.3508623907e-11, 6.5901789234e-12, 3.8382456935e-12, 2.07603986085e-12]
    },
    "mfcc": {
        "mean": [-736.716125488, 140.733718872, 27.258846283, 34.5015869141, 12.850985527, 15.4684486389, 7.21704912186, 7.95136642456, 2.30871033669, 4.70201683044, 1.72082483768, 1.85921573639, 0.673650741577],
        "cov": [[20083.1464844, -3386.46264648, -2398.07714844, 459.545349121, -658.489501953, -41.950881958, -482.680511475, -154.13760376, -370.403289795, -183.924041748, -314.279541016, -228.065689087, -190.694458008], [-3386.46264648, 3842.98291016, 555.708312988, -286.150909424, 112.124305725, -113.605285645, 4.20581674576, -103.497764587, -18.4751720428, -35.3819770813, 35.2332382202, 33.3221817017, 24.2112426758], [-2398.07714844, 555.708312988, 1564.30993652, 185.781356812, 255.730041504, 108.773666382, 129.374023438, 78.820892334, 103.218063354, 78.8390426636, 103.26852417, 67.1411590576, 76.3481063843], [459.545349121, -286.150909424, 185.781356812, 473.759002686, 155.341018677, 150.547332764, 91.9885406494, 86.2964019775, 63.5947227478, 55.5165939331, 30.2803840637, 33.7031021118, 23.4842720032], [-658.489501953, 112.124305725, 255.730041504, 155.341018677, 332.488555908, 188.981796265, 167.934204102, 115.751213074, 101.114982605, 76.4663238525, 60.7476463318, 44.3284873962, 41.5551376343], [-41.950881958, -113.605285645, 108.773666382, 150.547332764, 188.981796265, 221.939941406, 143.383605957, 114.727241516, 84.0469665527, 72.5082931519, 47.6913566589, 37.8277549744, 33.9501190186], [-482.680511475, 4.20581674576, 129.374023438, 91.9885406494, 167.934204102, 143.383605957, 188.268280029, 115.34916687, 101.86831665, 68.948348999, 55.7576255798, 41.7696876526, 31.1093444824], [-154.13760376, -103.497764587, 78.820892334, 86.2964019775, 115.751213074, 114.727241516, 115.34916687, 140.986938477, 88.5639419556, 71.0369186401, 47.2833786011, 35.1664810181, 32.7553672791], [-370.403289795, -18.4751720428, 103.218063354, 63.5947227478, 101.114982605, 84.0469665527, 101.86831665, 88.5639419556, 113.03717804, 73.5449371338, 51.5577583313, 37.6247825623, 29.1769447327], [-183.924041748, -35.3819770813, 78.8390426636, 55.5165939331, 76.4663238525, 72.5082931519, 68.948348999, 71.0369186401, 73.5449371338, 91.5676193237, 60.9750518799, 38.9252471924, 31.2010326385], [-314.279541016, 35.2332382202, 103.26852417, 30.2803840637, 60.7476463318, 47.6913566589, 55.7576255798, 47.2833786011, 51.5577583313, 60.9750518799, 79.5952682495, 52.6098442078, 35.727142334], [-228.065689087, 33.3221817017, 67.1411590576, 33.7031021118, 44.3284873962, 37.8277549744, 41.7696876526, 35.1664810181, 37.6247825623, 38.9252471924, 52.6098442078, 67.2547683716, 42.987903595], [-190.694458008, 24.2112426758, 76.3481063843, 23.4842720032, 41.5551376343, 33.9501190186, 31.1093444824, 32.7553672791, 29.1769447327, 31.2010326385, 35.727142334, 42.987903595, 63.9465637207]],
