{
"lowlevel": {
    "average_loudness": 0.896215379238,
    "barkbands_crest": {
        "dmean": 3.04238915443,
        "dmean2": 4.85045480728,
        "dvar": 10.6356687546,
        "dvar2": 25.2463645935,
        "max": 26.7205715179,
        "mean": 12.7294549942,
        "median": 12.8905124664,
        "min": 1.94951605797,
        "var": 36.3324699402
    },
    "barkbands_flatness_db": {
        "dmean": 0.0321882665157,
        "dmean2": 0.0475244559348,
        "dvar": 0.00163435761351,
        "dvar2": 0.00335545511916,
        "max": 0.825171113014,
        "mean": 0.142868384719,
        "median": 0.108990050852,
        "min": 0.017336288467,
        "var": 0.010334382765
    },
    "barkbands_kurtosis": {
        "dmean": 5.4661231041,
        "dmean2": 7.90639352798,
        "dvar": 514.97869873,
        "dvar2": 1103.41394043,
        "max": 1407.4185791,
        "mean": 6.65527439117,
        "median": 1.09706497192,
        "min": -1.93713843822,
        "var": 682.436401367
    },
    "barkbands_skewness": {
        "dmean": 0.808633983135,
        "dmean2": 1.160353899,
        "dvar": 1.19553172588,
        "dvar2": 2.19746112823,
        "max": 31.7735767365,
        "mean": 1.66171503067,
        "median": 1.30374097824,
        "min": -8.32849979401,
        "var": 3.95114088058
    },
    "barkbands_spread": {
        "dmean": 10.1825809479,
        "dmean2": 16.0949344635,
        "dvar": 163.23085022,
        "dvar2": 378.376373291,
        "max": 126.257377625,
        "mean": 34.9679908752,
        "median": 33.6535072327,
        "min": 0.0300782248378,
        "var": 487.103240967
    },
    "dissonance": {
        "dmean": 0.016838658601,
        "dmean2": 0.0282304454595,
        "dvar": 0.000461209536297,
        "dvar2": 0.00124843290541,
        "max": 0.499999970198,
        "mean": 0.469121038914,
        "median": 0.480200529099,
        "min": 0.0480922609568,
        "var": 0.00135144381784
    },
    "dynamic_complexity": 2.59341955185,
    "erbbands_crest": {
        "dmean": 2.51436519623,
        "dmean2": 4.09909152985,
        "dvar": 8.00821971893,
        "dvar2": 18.8406677246,
        "max": 30.3061962128,
        "mean": 7.2149515152,
        "median": 5.83991765976,
        "min": 1.91272974014,
        "var": 17.3794345856
    },
    "erbbands_flatness_db": {
        "dmean": 0.0154875218868,
        "dmean2": 0.0234680157155,
        "dvar": 0.000316036108416,
        "dvar2": 0.000726118218154,
        "max": 0.638260424137,
        "mean": 0.134230598807,
        "median": 0.106372825801,
        "min": 0.0478978902102,
        "var": 0.00684622349218
    },
    "erbbands_kurtosis": {
        "dmean": 0.959530472755,
        "dmean2": 1.51264870167,
        "dvar": 10.8479766846,
        "dvar2": 22.968164444,
        "max": 168.869094849,
        "mean": 0.259720027447,
        "median": -0.513605594635,
        "min": -1.9300403595,
        "var": 20.5190544128
    },
    "erbbands_skewness": {
        "dmean": 0.403997719288,
        "dmean2": 0.604089379311,
        "dvar": 0.212441891432,
        "dvar2": 0.482063919306,
        "max": 9.31630039215,
        "mean": 0.144547849894,
        "median": 0.0433945469558,
        "min": -2.80209422112,
        "var": 0.611171483994
    },
    "erbbands_spread": {
        "dmean": 15.5722551346,
        "dmean2": 22.6542396545,
        "dvar": 522.25970459,
        "dvar2": 922.071594238,
        "max": 209.409103394,
        "mean": 58.992389679,
        "median": 50.9449958801,
        "min": 0.299191951752,
        "var": 1446.2755127
    },
    "hfc": {
        "dmean": 13.0094680786,
        "dmean2": 20.3494091034,
        "dvar": 300.981658936,
        "dvar2": 759.933410645,
        "max": 218.332550049,
        "mean": 44.8142700195,
        "median": 39.9841194153,
        "min": 1.10113806687e-16,
        "var": 1046.1730957
    },
    "melbands_crest": {
        "dmean": 3.71462583542,
        "dmean2": 6.12005853653,
        "dvar": 18.2333164215,
        "dvar2": 42.1338272095,
        "max": 39.859992981,
        "mean": 17.7392272949,
        "median": 18.4150104523,
        "min": 1.60426676273,
        "var": 55.5373458862
    },
    "melbands_flatness_db": {
        "dmean": 0.0404102578759,
        "dmean2": 0.0592660754919,
        "dvar": 0.00271938880906,
        "dvar2": 0.0055414326489,
        "max": 1,
        "mean": 0.200184896588,
        "median": 0.170051574707,
        "min": 0.00450671231374,
        "var": 0.0169906709343
    },
    "melbands_kurtosis": {
        "dmean": 31.7357406616,
        "dmean2": 43.7918815613,
        "dvar": 5421.13183594,
        "dvar2": 8272.40820312,
        "max": 961.68371582,
        "mean": 45.2880439758,
        "median": 10.4936246872,
        "min": -1.83689630032,
        "var": 11179.0791016
    },
    "melbands_skewness": {
        "dmean": 1.62213945389,
        "dmean2": 2.28225374222,
        "dvar": 6.34644937515,
        "dvar2": 10.391746521,
        "max": 24.2857341766,
        "mean": 4.21989917755,
        "median": 2.95448660851,
        "min": -3.69929695129,
        "var": 18.6443824768
    },
    "melbands_spread": {
        "dmean": 13.307554245,
        "dmean2": 20.8605422974,
        "dvar": 480.87097168,
        "dvar2": 1071.71313477,
        "max": 268.327880859,
        "mean": 32.7021331787,
        "median": 23.2869243622,
        "min": 0.200731113553,
        "var": 1067.96069336
    },
    "pitch_salience": {
        "dmean": 0.0945212393999,
        "dmean2": 0.147928968072,
        "dvar": 0.0118741430342,
        "dvar2": 0.0289072804153,
        "max": 0.902628540993,
        "mean": 0.458257049322,
        "median": 0.453092068434,
        "min": 0.0200914219022,
        "var": 0.0337426811457
    },
    "silence_rate_20dB": {
        "dmean": 0,
        "dmean2": 0,
        "dvar": 0,
        "dvar2": 0,
        "max": 1,
        "mean": 1,
        "median": 1,
        "min": 1,
        "var": 0
    },
    "silence_rate_30dB": {
        "dmean": 0.0691823884845,
        "dmean2": 0.1383792907,
        "dvar": 0.0643942430615,
        "dvar2": 0.150477841496,
        "max": 1,
        "mean": 0.935436546803,
        "median": 1,
        "min": 0,
        "var": 0.0603959709406
    },
    "silence_rate_60dB": {
        "dmean": 0.00817610044032,
        "dmean2": 0.0163539163768,
        "dvar": 0.00811096467078,
        "dvar2": 0.0192365776747,
        "max": 1,
        "mean": 0.0342731364071,
        "median": 0,
        "min": 0,
        "var": 0.0330987162888
    },
    "spectral_centroid": {
        "dmean": 409.853240967,
        "dmean2": 618.56829834,
        "dvar": 330733.5,
        "dvar2": 635852.375,
        "max": 11498.6630859,
        "mean": 1905.91577148,
        "median": 1987.66369629,
        "min": 73.4714431763,
        "var": 1399220.5
    },
    "spectral_complexity": {
        "dmean": 5.5882601738,
        "dmean2": 8.72041130066,
        "dvar": 50.1536178589,
        "dvar2": 108.746734619,
        "max": 62,
        "mean": 21.9410972595,
        "median": 20,
        "min": 0,
        "var": 184.763320923
    },
    "spectral_decrease": {
        "dmean": 3.67321528749e-09,
        "dmean2": 5.60349899814e-09,
        "dvar": 2.91547383869e-17,
        "dvar2": 6.63982112861e-17,
        "max": 2.01782087686e-28,
        "mean": -1.07431130658e-08,
        "median": -9.40557765006e-09,
        "min": -6.64785630988e-08,
        "var": 8.27836798389e-17
    },
    "spectral_energy": {
        "dmean": 0.0142194749787,
        "dmean2": 0.0215290840715,
        "dvar": 0.000407861487474,
        "dvar2": 0.000922901788726,
        "max": 0.256356030703,
        "mean": 0.0446118675172,
        "median": 0.0401940569282,
        "min": 1.02837670614e-20,
        "var": 0.00124402833171
    },
    "spectral_energyband_high": {
        "dmean": 0.00124737934675,
        "dmean2": 0.00199465081096,
        "dvar": 2.95644440484e-06,
        "dvar2": 7.54734219299e-06,
        "max": 0.0205640438944,
        "mean": 0.00365269929171,
        "median": 0.00330770458095,
        "min": 7.18063938309e-21,
        "var": 9.31595150178e-06
    },
    "spectral_energyband_low": {
        "dmean": 0.0111064529046,
        "dmean2": 0.0178704373538,
        "dvar": 0.000419671327109,
        "dvar2": 0.00104768620804,
        "max": 0.206181824207,
        "mean": 0.0258123502135,
        "median": 0.0170320365578,
        "min": 1.83934532085e-23,
        "var": 0.000995127251372
    },
    "spectral_energyband_middle_high": {
        "dmean": 0.00212317076512,
        "dmean2": 0.00340567156672,
        "dvar": 8.3060022007e-06,
        "dvar2": 2.03304662136e-05,
        "max": 0.0371310338378,
        "mean": 0.00520515162498,
        "median": 0.00396092887968,
        "min": 1.24916359107e-21,
        "var": 2.34644394368e-05
    },
    "spectral_energyband_middle_low": {
        "dmean": 0.00862509105355,
        "dmean2": 0.0137563860044,
        "dvar": 0.000342060549883,
        "dvar2": 0.000786000106018,
        "max": 0.245826497674,
        "mean": 0.0117123518139,
        "median": 0.00618126476184,
        "min": 2.23875317023e-22,
        "var": 0.000335306947818
    },
    "spectral_entropy": {
        "dmean": 0.193252012134,
        "dmean2": 0.291000336409,
        "dvar": 0.064700089395,
        "dvar2": 0.151379570365,
        "max": 9.82412910461,
        "mean": 7.88795232773,
        "median": 8.19040966034,
        "min": 2.83782243729,
        "var": 0.70518964529
    },
    "spectral_flux": {
        "dmean": 0.037988267839,
        "dmean2": 0.0559551231563,
        "dvar": 0.00226582959294,
        "dvar2": 0.00431023631245,
        "max": 0.466535896063,
        "mean": 0.109009571373,
        "median": 0.0860887616873,
        "min": 6.46366710155e-11,
        "var": 0.00605671666563
    },
    "spectral_kurtosis": {
        "dmean": 4.11555242538,
        "dmean2": 6.65694618225,
        "dvar": 633.076599121,
        "dvar2": 1815.24377441,
        "max": 962.565185547,
        "mean": 10.462770462,
        "median": 1.55787706375,
        "min": -1.25371134281,
        "var": 2249.75366211
    },
    "spectral_rms": {
        "dmean": 0.000977534917183,
        "dmean2": 0.00143452268094,
        "dvar": 1.38040616093e-06,
        "dvar2": 2.87932266474e-06,
        "max": 0.015814660117,
        "mean": 0.00601759785786,
        "median": 0.00626208540052,
        "min": 3.16748211861e-12,
        "var": 7.3122523645e-06
    },
    "spectral_rolloff": {
        "dmean": 1173.77685547,
        "dmean2": 1926.65856934,
        "dvar": 3212949,
        "dvar2": 6447345.5,
        "max": 19509.0820312,
        "mean": 3025.23120117,
        "median": 1614.99023438,
        "min": 21.533203125,
        "var": 11110487
    },
    "spectral_skewness": {
        "dmean": 0.24482935667,
        "dmean2": 0.374249458313,
        "dvar": 0.400271475315,
        "dvar2": 1.07197797298,
        "max": 24.2248477936,
        "mean": 1.65410220623,
        "median": 1.1698063612,
        "min": -0.0714636594057,
        "var": 4.38355588913
    },
    "spectral_spread": {
        "dmean": 887602.5,
        "dmean2": 1229357.125,
        "dvar": 1.47745813299e+12,
        "dvar2": 2.48449676083e+12,
        "max": 42290620,
        "mean": 7303464,
        "median": 7227528,
        "min": 108549.367188,
        "var": 1.22021300142e+13
    },
    "spectral_strongpeak": {
        "dmean": 0.34831854701,
        "dmean2": 0.575753569603,
        "dvar": 0.293113559484,
        "dvar2": 0.770564556122,
        "max": 8.89553356171,
        "mean": 0.756101608276,
        "median": 0.581353902817,
        "min": 0,
        "var": 0.426838517189
    },
    "zerocrossingrate": {
        "dmean": 0.0197060890496,
        "dmean2": 0.0236391797662,
        "dvar": 0.000538403633982,
        "dvar2": 0.000676834315527,
        "max": 0.60693359375,
        "mean": 0.109838917851,
        "median": 0.09375,
        "min": 0.001953125,
        "var": 0.0063378084451
    },
    "barkbands": {
        "dmean": [0.000349411391653, 0.00876852590591, 0.00428017228842, 0.00524529954419, 0.0035075142514, 0.000693623558618, 0.000516955682542, 0.000662048056256, 0.000562518718652, 0.000531453348231, 0.000373771355953, 0.000576543214265, 0.000310755043756, 0.0003211844014, 0.000209977195482, 0.000236662875977, 0.000310388131766, 0.000255060149357, 0.000253803620581, 0.00025815013214, 0.000218322762521, 0.000210582089494, 0.000246634474024, 0.000283708097413, 0.000354483636329, 0.000129021354951, 2.13274342968e-05],
        "dmean2": [0.000519642664585, 0.0141250509769, 0.00726547883824, 0.00913426466286, 0.00577342836186, 0.00107769866008, 0.000802746973932, 0.00098990148399, 0.000842779583763, 0.000836359860841, 0.000627657340374, 0.000945614243392, 0.000517974607646, 0.000526542309672, 0.000355207041139, 0.000401249504648, 0.000537891639397, 0.000431730528362, 0.000423542514909, 0.000438799499534, 0.000367811648175, 0.000350954855094, 0.000401056662668, 0.000463457487058, 0.000560452986974, 0.000195418630028, 3.3654159779e-05],
        "dvar": [6.21746949037e-07, 0.000279367755866, 0.000240377587033, 0.000232916208915, 8.63144014147e-05, 1.82562746431e-06, 7.20590207948e-07, 1.1988637425e-06, 8.3861505118e-07, 1.11618953724e-06, 4.34083631262e-07, 9.28998190375e-07, 3.1625680208e-07, 3.37850309506e-07, 1.8401557611e-07, 1.90526463939e-07, 3.994850033e-07, 1.9208370361e-07, 1.91481191791e-07, 1.80752323331e-07, 9.14972275723e-08, 7.65887904208e-08, 1.11103709344e-07, 1.51976109919e-07, 2.59795172042e-07, 3.75283946141e-08, 2.45579379055e-09],
        "dvar2": [1.44829789406e-06, 0.000711941043846, 0.000627497152891, 0.000605012173764, 0.000213699284359, 4.73353111374e-06, 1.72858915448e-06, 2.61393620349e-06, 1.71860642695e-06, 2.69589668278e-06, 1.08430242562e-06, 2.35273523685e-06, 8.38226753785e-07, 8.43239320147e-07, 4.68461990977e-07, 5.09842266183e-07, 1.09742654786e-06, 5.19398895449e-07, 5.07601157551e-07, 5.06123683408e-07, 2.42484986757e-07, 2.00283494678e-07, 2.71593052048e-07, 3.82882177519e-07, 6.3440120357e-07, 8.64464695383e-08, 5.6876747756e-09],
        "max": [0.0138773322105, 0.159113615751, 0.156306430697, 0.143116265535, 0.2453815341, 0.021843329072, 0.0176756829023, 0.0246159285307, 0.0262484382838, 0.0272952131927, 0.0127865336835, 0.0203394312412, 0.0101590519771, 0.0163669735193, 0.0163651742041, 0.0103670349345, 0.00833324156702, 0.0105315791443, 0.0122063783929, 0.00832612067461, 0.00552380690351, 0.00375286047347, 0.00440332852304, 0.00621025869623, 0.00643643643707, 0.0043339682743, 0.00205648969859],
        "mean": [0.000575313868467, 0.0195673499256, 0.00400791876018, 0.00379995233379, 0.00362657639198, 0.00115876353811, 0.000828163407277, 0.00117004779167, 0.000939631776419, 0.000789612880908, 0.000488869554829, 0.000868957606144, 0.000466001743916, 0.000465703516966, 0.000289248244371, 0.000366888649296, 0.000426961429184, 0.000411017565057, 0.000469689344754, 0.000491732731462, 0.000426051876275, 0.000450731313322, 0.000608101661783, 0.000755249522626, 0.000787025725003, 0.000335735181579, 4.05268765462e-05],
        "median": [5.06693395437e-05, 0.0081912856549, 0.000431041116826, 0.000201432587346, 0.000999049050733, 0.000458842027001, 0.000375124043785, 0.000491387268994, 0.000418257055571, 0.00034662077087, 0.000216535903746, 0.000407353916671, 0.000211211226997, 0.000191603510757, 0.000130999498651, 0.000183417985681, 0.000193736908841, 0.000223739960347, 0.00027016637614, 0.000328830472426, 0.000283910601866, 0.00036180097959, 0.000522421847563, 0.000632064766251, 0.000627578992862, 0.00026121904375, 1.37508804983e-05],
        "min": [4.36533191717e-25, 3.79077720559e-24, 1.18583573007e-24, 1.28359482472e-24, 8.65449832787e-24, 4.94422122221e-24, 9.56065259451e-24, 7.73449876349e-24, 1.37029067764e-23, 2.71346031736e-23, 7.66530382919e-24, 2.49558482395e-23, 3.96513076955e-23, 5.05030487016e-23, 5.42014147965e-23, 4.99790052469e-23, 8.36832357283e-23, 7.48424273873e-23, 1.52391543825e-22, 1.66661936627e-22, 2.52057391794e-22, 3.44194628963e-22, 3.67221971035e-22, 5.75817569817e-22, 9.30355944917e-22, 1.38093057479e-21, 2.06897985259e-21],
        "var": [1.42915075685e-06, 0.000640677288175, 0.000185527576832, 0.000167022255482, 7.61674527894e-05, 3.14658723255e-06, 1.64341429354e-06, 4.15815156884e-06, 2.67424525191e-06, 2.00666590899e-06, 6.93700940246e-07, 1.82772521384e-06, 5.82176426178e-07, 6.31495026937e-07, 2.69304393896e-07, 3.35221272962e-07, 4.94363803227e-07, 3.4721369957e-07, 3.81326344723e-07, 3.29274428168e-07, 2.04506733326e-07, 1.70435200175e-07, 2.73777345683e-07, 4.3729366439e-07, 5.75152057536e-07, 1.20169033835e-07, 7.8011233029e-09]
    },
    "erbbands": {
        "dmean": [0.257946074009, 2.03472995758, 4.54855442047, 10.673374176, 15.6832485199, 11.5019721985, 8.1487197876, 5.26283884048, 7.8933634758, 9.31373214722, 14.0560159683, 12.2501039505, 14.828537941, 13.074338913, 17.0837574005, 19.2921390533, 14.463019371, 10.9227590561, 14.7526845932, 9.96199512482, 14.2556228638, 17.5135936737, 14.4246673584, 13.9728660583, 11.4074697495, 10.779053688, 9.34004497528, 8.55096912384, 7.69548940659, 7.99427080154, 6.63558959961, 6.20989274979, 4.96985960007, 4.24331235886, 2.58585810661, 0.785939455032, 0.211587920785, 0.0387745313346, 0.00363598158583, 6.33449453744e-05],
        "dmean2": [0.386628776789, 3.22003388405, 7.24973773956, 18.0821094513, 26.2946109772, 19.7817230225, 13.4731521606, 8.08543682098, 12.146935463, 14.254196167, 20.9148960114, 18.4606533051, 23.4063072205, 21.2196598053, 28.1282272339, 31.7165756226, 23.9357051849, 18.0473060608, 24.5479125977, 16.7002677917, 24.4557514191, 29.9192695618, 24.5274868011, 23.5063743591, 18.9836139679, 18.4113845825, 16.0573959351, 14.2232713699, 12.7948074341, 13.3246965408, 10.725938797, 10.4597053528, 7.98632526398, 6.73990440369, 4.20586681366, 1.24014949799, 0.321394205093, 0.058434933424, 0.00579017400742, 9.61253899732e-05],
        "dvar": [0.268985569477, 15.6302232742, 206.051223755, 945.073913574, 1817.30688477, 1701.14575195, 410.384368896, 94.0140228271, 182.303283691, 246.204788208, 456.721862793, 458.671539307, 718.672180176, 554.499450684, 843.235839844, 883.480285645, 621.462097168, 283.216125488, 625.913696289, 300.252807617, 772.223999023, 1205.72729492, 742.510192871, 541.925109863, 312.991271973, 312.238647461, 176.855316162, 158.013092041, 105.522850037, 107.32409668, 81.7208480835, 64.0278625488, 48.2112312317, 33.456829071, 15.3766412735, 1.34347856045, 0.101878292859, 0.00508563220501, 7.24844721844e-05, 1.35264430767e-08],
        "dvar2": [0.716539859772, 37.1302490234, 498.306365967, 2427.43188477, 4356.78613281, 4359.29638672, 1134.26599121, 229.937988281, 426.816467285, 561.030944824, 987.689697266, 932.44152832, 1766.58703613, 1399.11547852, 2077.07055664, 2235.71923828, 1648.01184082, 723.538635254, 1575.05310059, 776.025146484, 2085.01806641, 3274.65649414, 2016.25769043, 1445.19238281, 852.407043457, 874.27331543, 477.723144531, 419.788146973, 276.032226562, 282.192810059, 194.566131592, 173.045654297, 113.38104248, 82.6473083496, 38.9417114258, 3.28221321106, 0.239139825106, 0.0112166274339, 0.000175487701199, 3.21927906555e-08],
        "max": [5.62678432465, 43.1854324341, 127.357719421, 286.729095459, 397.708129883, 1468.53833008, 393.874298096, 192.17741394, 270.946166992, 369.51864624, 399.832458496, 748.795959473, 583.924499512, 532.318054199, 648.540527344, 506.863128662, 439.045928955, 331.342529297, 548.442932129, 568.961425781, 706.043029785, 533.86138916, 714.727233887, 513.547912598, 397.873535156, 369.633911133, 142.501449585, 291.990478516, 149.640167236, 111.822227478, 139.505767822, 126.769683838, 117.261772156, 90.721282959, 36.3887672424, 16.4759578705, 7.91825580597, 3.14604067802, 0.369457781315, 0.00511207291856],
        "mean": [0.532070279121, 4.38810062408, 6.01110935211, 8.51642513275, 13.3375263214, 11.5469989777, 11.05717659, 9.07968425751, 12.9766397476, 15.8171491623, 25.4725532532, 21.1934986115, 22.931596756, 19.8322715759, 25.1287002563, 30.3838043213, 22.4419536591, 17.7301883698, 22.2904872894, 16.059633255, 21.9940681458, 26.3072490692, 23.0866718292, 24.9305667877, 22.4011135101, 21.5641975403, 17.3836612701, 17.1886692047, 16.2684020996, 16.8599033356, 16.5856933594, 16.3453578949, 12.7986955643, 9.63869953156, 5.12840986252, 1.85179913044, 0.526384472847, 0.102631010115, 0.00678704073653, 0.000182761024917],
        "median": [0.142157614231, 1.65068268776, 1.44654417038, 0.988300085068, 1.70295929909, 3.26295733452, 3.75758743286, 3.8438000679, 5.50628948212, 7.72634553909, 12.1664905548, 9.75787734985, 11.6400671005, 10.3236474991, 13.0352811813, 16.4692668915, 11.3986053467, 9.25653362274, 10.7074718475, 8.58219146729, 11.3725690842, 13.0475797653, 12.4411907196, 13.8714408875, 13.8524265289, 15.2967510223, 11.8727970123, 11.8608465195, 13.0693492889, 13.7991142273, 14.1622428894, 14.0883350372, 10.4052667618, 7.95005655289, 3.76056098938, 1.43567454815, 0.404854476452, 0.0663622692227, 0.00258617545478, 0.000136853515869],
        "min": [5.17395566161e-23, 7.51390441363e-22, 1.98611497486e-21, 6.85210166148e-21, 9.86742621804e-21, 2.4142844606e-20, 3.86745290407e-20, 8.71367114535e-20, 1.3533499417e-19, 1.91254109639e-19, 3.57786324009e-19, 4.09762372896e-19, 7.29754142633e-19, 5.0469908087e-19, 9.05364173088e-19, 1.24592580501e-18, 2.18280907495e-18, 2.3858492417e-18, 3.21930960267e-18, 3.67841262702e-18, 3.07862127652e-18, 5.67808825705e-18, 4.60807057771e-18, 8.02982767222e-18, 7.77679974028e-18, 9.69428794542e-18, 1.0797616188e-17, 1.09828409523e-17, 1.13459525617e-17, 1.13903572714e-17, 1.03931488567e-17, 1.21078644881e-17, 9.74050252625e-18, 8.96526885616e-18, 7.08282746639e-18, 4.24000250208e-18, 2.35700317899e-18, 1.05921511413e-18, 2.59456210969e-19, 2.84808850842e-20],
        "var": [0.636404633522, 35.0733795166, 209.220291138, 703.935668945, 1534.77770996, 1347.95446777, 404.893249512, 194.737258911, 463.81161499, 683.312255859, 1440.1184082, 1641.25756836, 1288.23583984, 963.338562012, 1503.51904297, 1675.70495605, 1072.49060059, 545.112426758, 1132.56188965, 498.803100586, 1219.11975098, 1723.37890625, 1273.25915527, 1054.52368164, 670.596557617, 566.190063477, 338.221923828, 353.491943359, 230.503356934, 230.799102783, 204.266647339, 197.010269165, 131.682312012, 79.6786651611, 28.0788211823, 3.41581654549, 0.316584140062, 0.0214132349938, 0.000208372832276, 4.8030596389e-08]
    },
    "gfcc": {
        "mean": [18.1773700714, 35.6371612549, -94.0714797974, 25.5149364471, -62.876953125, 23.1781368256, -35.7936630249, 16.5025310516, -24.9402046204, 7.14023017883, -13.5330791473, 4.29271554947, -12.8090515137],
        "cov": [[20272.5214844, -2559.21972656, -284.747406006, 1093.43640137, -272.801086426, 1150.11218262, -480.134002686, 845.97668457, -463.797119141, 299.806671143, -575.860656738, 360.140045166, -448.835540771], [-2559.21972656, 4975.76513672, 777.370727539, -468.389373779, 485.018707275, -542.008728027, 330.027160645, -517.897094727, 274.446075439, -255.353744507, 425.057373047, -65.9761505127, 326.581115723], [-284.747406006, 777.370727539, 2046.86682129, 928.569091797, 610.639038086, 498.201721191, 131.919372559, 125.190734863, 36.2543792725, -41.1165657043, -54.060874939, -80.5913619995, -28.9843940735], [1093.43640137, -468.389373779, 928.569091797, 1124.25256348, 440.472900391, 558.593383789, 108.428344727, 319.862365723, 12.3031139374, 82.4823684692, -101.347862244, -10.441110611, -75.5511398315], [-272.801086426, 485.018707275, 610.639038086, 440.472900391, 519.227600098, 237.37197876, 222.442214966, 116.769126892, 129.547119141, 21.0453491211, 18.7538871765, -20.5826244354, 39.4597549438], [1150.11218262, -542.008728027, 498.201721191, 558.593383789, 237.37197876, 519.889221191, 109.382720947, 286.399108887, 22.0600013733, 116.530227661, -32.9589614868, 39.3162460327, -60.0717773438], [-480.134002686, 330.027160645, 131.919372559, 108.428344727, 222.442214966, 109.382720947, 246.692687988, 120.422828674, 135.480941772, 57.7365379333, 96.7962036133, 22.4273834229, 53.996509552], [845.97668457, -517.897094727, 125.190734863, 319.862365723, 116.769126892, 286.399108887, 120.422828674, 305.516662598, 86.6518554688, 128.558456421, 7.03185939789, 68.0727615356, -14.2660112381], [-463.797119141, 274.446075439, 36.2543792725, 12.3031139374, 129.547119141, 22.0600013733, 135.480941772, 86.6518554688, 154.001373291, 71.6436157227, 89.5042648315, 29.3967208862, 61.1917457581], [299.806671143, -255.353744507, -41.1165657043, 82.4823684692, 21.0453491211, 116.530227661, 57.7365379333, 128.558456421, 71.6436157227, 138.941864014, 61.9252166748, 53.9990119934, 6.78688764572], [-575.860656738, 425.057373047, -54.060874939, -101.347862244, 18.7538871765, -32.9589614868, 96.7962036133, 7.03185939789, 89.5042648315, 61.9252166748, 175.631668091, 68.2825698853, 65.5935058594], [360.140045166, -65.9761505127, -80.5913619995, -10.441110611, -20.5826244354, 39.3162460327, 22.4273834229, 68.0727615356, 29.3967208862, 53.9990119934, 68.2825698853, 108.812889099, 51.0741348267], [-448.835540771, 326.581115723, -28.9843940735, -75.5511398315, 39.4597549438, -60.0717773438, 53.996509552, -14.2660112381, 61.1917457581, 6.78688764572, 65.5935058594, 51.0741348267, 116.934944153]],
        "icov": [[0.000124767015222, -0.000190968712559, 0.000115212256787, 2.33739046962e-05, -5.67032111576e-05, -0.000126387560158, 0.000192117266124, -0.000386351865018, 0.000490518985316, -0.000545787625015, 0.000898385769688, -0.000877681479324, 0.00052865955513], [-0.000190968712559, 0.000975365925115, -0.00044171596528, 2.80271015072e-05, -0.000225482945098, 0.000360777718015, -0.000421197444666, 0.00135738914832, -0.00155398226343, 0.00222416082397, -0.00303575908765, 0.00180896988604, -0.0013300300343], [0.000115212256787, -0.00044171596528, 0.00138497294392, -0.000582687731367, -0.000625563028734, -0.00126566726249, 0.00115615851246, -0.0001758679864, 0.000107693726022, 0.000284455745714, 0.000494899228215, -0.000112161600555, 0.000346768822055], [2.33739046962e-05, 2.80271015072e-05, -0.000582687731367, 0.00340352300555, -0.00249155727215, -0.000684683269355, 0.00164597004186, -0.00324616022408, 0.00302732898854, -0.000792100850958, -0.000473406078527, 0.00140290590934, -0.000486447184812], [-5.67032111576e-05, -0.000225482945098, -0.000625563028734, -0.00249155727215, 0.00871800072491, -0.00214126659557, -0.0057848948054, 0.00527492491528, -0.00709412200376, 0.00149207096547, 0.00415246468037, -0.00175890058745, -1.51564881889e-05], [-0.000126387560158, 0.000360777718015, -0.00126566726249, -0.000684683269355, -0.00214126659557, 0.00935867149383, -0.00189930305351, -0.00497851194814, 0.00617019785568, -0.00382239511237, -0.000946570478845, -0.000411642657127, 0.00125492573716], [0.000192117266124, -0.000421197444666, 0.00115615851246, 0.00164597004186, -0.0057848948054, -0.00189930305351, 0.0166124496609, -0.00833848491311, -0.00105485529639, 0.00311542511918, -0.00765074323863, 0.00622239848599, -0.00250315014273], [-0.000386351865018, 0.00135738914832, -0.0001758679864, -0.00324616022408, 0.00527492491528, -0.00497851194814, -0.00833848491311, 0.0224325601012, -0.0152509007603, -8.17354011815e-05, 0.00566672487184, -0.00891266111284, 0.00353437871672], [0.000490518985316, -0.00155398226343, 0.000107693726022, 0.00302732898854, -0.00709412200376, 0.00617019785568, -0.00105485529639, -0.0152509007603, 0.0339902155101, -0.0136926556006, -0.00231162598357, 0.00579049484804, -0.00582911958918], [-0.000545787625015, 0.00222416082397, 0.000284455745714, -0.000792100850958, 0.00149207096547, -0.00382239511237, 0.00311542511918, -8.17354011815e-05, -0.0136926556006, 0.0263789370656, -0.0135912504047, 0.00405067345127, -0.00117467332166], [0.000898385769688, -0.00303575908765, 0.000494899228215, -0.000473406078527, 0.00415246468037, -0.000946570478845, -0.00765074323863, 0.00566672487184, -0.00231162598357, -0.0135912504047, 0.0302187446505, -0.0207775961608, 0.0082028824836], [-0.000877681479324, 0.00180896988604, -0.000112161600555, 0.00140290590934, -0.00175890058745, -0.000411642657127, 0.00622239848599, -0.00891266111284, 0.00579049484804, 0.00405067345127, -0.0207775961608, 0.0353444479406, -0.0181687492877], [0.00052865955513, -0.0013300300343, 0.000346768822055, -0.000486447184812, -1.51564881889e-05, 0.00125492573716, -0.00250315014273, 0.00353437871672, -0.00582911958918, -0.00117467332166, 0.0082028824836, -0.0181687492877, 0.022756870836]]
    },
    "melbands": {
        "dmean": [0.00236249971204, 0.00227941013873, 0.00207219203003, 0.000898425991181, 0.000335698481649, 0.000123398873257, 0.00011124957382, 0.000118808937259, 0.000119303847896, 7.59038230171e-05, 7.80179761932e-05, 5.77138162043e-05, 4.9589019909e-05, 6.47215420031e-05, 5.12224432896e-05, 2.94491001114e-05, 2.23414499487e-05, 2.8225911592e-05, 1.8415188606e-05, 1.5145144971e-05, 1.75122058863e-05, 2.09815352719e-05, 1.46193215187e-05, 1.05594472188e-05, 1.24759544633e-05, 9.61007390288e-06, 9.50674893829e-06, 7.78306548455e-06, 6.68591292197e-06, 6.05038167123e-06, 4.71617704534e-06, 4.89390549774e-06, 4.54825976703e-06, 5.10462177772e-06, 4.08963614973e-06, 4.34886760559e-06, 4.03400144933e-06, 3.90475361201e-06, 3.65950768355e-06, 3.79942230211e-06],
        "dmean2": [0.00368890492246, 0.00352330505848, 0.00344951357692, 0.00144416210242, 0.000566622184124, 0.000190224178368, 0.000171800609678, 0.000178807822522, 0.000177669964614, 0.000114791873784, 0.000123248726595, 9.31273389142e-05, 8.28625124996e-05, 0.000106178697024, 8.41273140395e-05, 4.92544495501e-05, 3.6935263779e-05, 4.69504666398e-05, 3.06914444081e-05, 2.56610273937e-05, 3.04490622511e-05, 3.60333906428e-05, 2.49660060945e-05, 1.79996859515e-05, 2.09888003155e-05, 1.59146838996e-05, 1.60819508892e-05, 1.34293613883e-05, 1.15090269901e-05, 1.02108033389e-05, 7.90379908722e-06, 8.17420368548e-06, 7.71706345404e-06, 8.43557518238e-06, 6.65371680952e-06, 7.37247728466e-06, 6.76304262015e-06, 6.22594006927e-06, 6.19809406999e-06, 5.9628487179e-06],
        "dvar": [2.04347161343e-05, 3.11915500788e-05, 3.19957907777e-05, 5.52442270418e-06, 9.46015518366e-07, 4.92401497354e-08, 3.45749775477e-08, 4.05908586742e-08, 3.41736487997e-08, 1.94482794313e-08, 2.11688035989e-08, 1.11600195751e-08, 6.88102241853e-09, 1.46116958533e-08, 8.82050876783e-09, 4.3343781897e-09, 1.35605682239e-09, 2.81601164609e-09, 1.84452464413e-09, 7.11612657689e-10, 1.26857602201e-09, 1.91355042922e-09, 7.15078329883e-10, 2.89165080769e-10, 4.57819282484e-10, 2.73177980237e-10, 3.08132602767e-10, 1.99895017206e-10, 9.5652742671e-11, 7.40374775376e-11, 4.74903762149e-11, 4.4570434149e-11, 4.34107610969e-11, 4.47295221695e-11, 3.1297100328e-11, 3.08375928959e-11, 2.59988506418e-11, 2.81264126573e-11, 2.82918185407e-11, 2.69219698618e-11],
        "dvar2": [5.42029738426e-05, 7.13434783393e-05, 7.82728966442e-05, 1.31562237584e-05, 2.58048089563e-06, 1.22866694596e-07, 8.24095778285e-08, 9.05804355966e-08, 7.33206917403e-08, 3.9188940093e-08, 5.18064524613e-08, 2.76619651629e-08, 1.72306489077e-08, 3.75102011674e-08, 2.20973426224e-08, 1.16668443795e-08, 3.46106521221e-09, 7.04576974542e-09, 4.63919525018e-09, 1.90175830639e-09, 3.44268968888e-09, 5.22999554775e-09, 1.9473227475e-09, 7.87809373293e-10, 1.22831744775e-09, 7.2095707182e-10, 8.7693907691e-10, 5.69060687461e-10, 2.62195265499e-10, 1.9902092474e-10, 1.26507110343e-10, 1.18405396599e-10, 1.15629832098e-10, 1.17342413564e-10, 7.39189681687e-11, 8.21607989976e-11, 7.2237528459e-11, 6.38014641119e-11, 7.75580363821e-11, 6.46466422061e-11],
        "max": [0.0419964119792, 0.0507873781025, 0.052699316293, 0.0557824708521, 0.0262683480978, 0.00382292224094, 0.00378120993264, 0.00456790998578, 0.00315376440994, 0.00511329714209, 0.00335433147848, 0.00227168970741, 0.00189301697537, 0.00295584113337, 0.00189039157704, 0.00138106395025, 0.000876256555784, 0.00133878504857, 0.00178679381497, 0.000672452617437, 0.000874501885846, 0.000691001536325, 0.00058175297454, 0.000368647102732, 0.000482418865431, 0.000478110130643, 0.000489456695504, 0.000351429451257, 0.000144902893226, 0.000165891586221, 0.000135784983286, 8.8063563453e-05, 9.70337423496e-05, 6.92742614774e-05, 8.00849447842e-05, 7.04296471667e-05, 8.57341583469e-05, 9.42156475503e-05, 0.000112647561764, 6.27031695331e-05],
        "mean": [0.00521114794537, 0.00422693090513, 0.00170700589661, 0.000881084590219, 0.000420611759182, 0.000216869375436, 0.0001814145362, 0.000200225156732, 0.000207914054045, 0.000128100597067, 0.00011672963592, 8.53367600939e-05, 6.95392300258e-05, 9.66835868894e-05, 7.26340003894e-05, 4.12356712332e-05, 3.33699426847e-05, 4.02047626267e-05, 2.52433419519e-05, 2.26714655582e-05, 2.44340862992e-05, 2.88980609184e-05, 2.17858796532e-05, 1.70843213709e-05, 2.09352201637e-05, 1.73631615326e-05, 1.65043093148e-05, 1.39299991133e-05, 1.13858268378e-05, 1.03149404822e-05, 9.20556431083e-06, 9.54789720709e-06, 8.35410719446e-06, 1.00570823633e-05, 9.11196002562e-06, 1.039797462e-05, 9.75261082203e-06, 9.26765096665e-06, 8.16724150354e-06, 7.95470532466e-06],
        "median": [0.00181701825932, 0.00136643380392, 0.000198714536964, 0.000187014433322, 0.000140586242196, 9.27085857256e-05, 7.91012862464e-05, 8.39780332171e-05, 9.86076411209e-05, 5.34555838385e-05, 5.52087803953e-05, 3.9820704842e-05, 3.6133955291e-05, 4.25918551628e-05, 2.90694097203e-05, 1.43659217429e-05, 1.57491122081e-05, 1.66165773408e-05, 9.98591804091e-06, 1.08402318801e-05, 1.18682664834e-05, 1.23706577142e-05, 1.13799187602e-05, 9.78592561296e-06, 1.08940612336e-05, 9.90403714241e-06, 9.834584489e-06, 9.25950462261e-06, 7.37654045224e-06, 6.34919888398e-06, 6.43441535431e-06, 7.21735750631e-06, 6.38228448224e-06, 7.91945603851e-06, 7.3536398304e-06, 8.82748372533e-06, 8.2321876107e-06, 7.23909988665e-06, 6.8648537308e-06, 6.20775745119e-06],
        "min": [9.04769125494e-25, 7.94600755775e-25, 1.03622401927e-24, 2.22018689495e-24, 1.53139191087e-24, 1.81922644898e-24, 2.07731452147e-24, 2.22759311556e-24, 2.96569338532e-24, 2.04109555073e-24, 3.4785200269e-24, 1.8230204755e-24, 1.56551961135e-24, 3.36296413162e-24, 3.65486712124e-24, 4.66720403788e-24, 4.03385601607e-24, 4.88305413091e-24, 4.63052910553e-24, 4.31351943431e-24, 2.82964446146e-24, 4.64534549105e-24, 4.07151702454e-24, 4.53064393214e-24, 6.08474369721e-24, 4.37126247485e-24, 6.3866817864e-24, 5.45992917824e-24, 4.75754912191e-24, 5.22967330178e-24, 5.36282040081e-24, 5.30791647067e-24, 5.59921834828e-24, 5.00922375523e-24, 5.51663604998e-24, 5.98153110852e-24, 6.09059980614e-24, 6.20654066553e-24, 5.92241268899e-24, 6.26112352928e-24],
        "var": [4.81519928144e-05, 4.81228271383e-05, 2.59519656538e-05, 5.06991182192e-06, 7.96359927335e-07, 1.01473027314e-07, 8.31205113627e-08, 1.26029391367e-07, 9.57482555464e-08, 7.11141439069e-08, 3.73967274925e-08, 1.97901890431e-08, 1.11700488858e-08, 2.88382207003e-08, 1.48026026991e-08, 7.21587856134e-09, 2.41329489725e-09, 5.04667196921e-09, 2.71728661794e-09, 1.16324205823e-09, 1.78427472797e-09, 2.60269517049e-09, 1.09290154704e-09, 5.17324072469e-10, 8.39801062025e-10, 5.29132238025e-10, 5.27135946005e-10, 3.01791869273e-10, 1.68695848957e-10, 1.42812150994e-10, 9.93083532075e-11, 9.31931892767e-11, 6.90387538804e-11, 8.96248006366e-11, 6.8788030827e-11, 8.05054356512e-11, 7.44792214014e-11, 7.4036866915e-11, 5.68666884415e-11, 5.83618500749e-11]
    },
    "mfcc": {
        "mean": [-627.399597168, 74.7963790894, 21.5097389221, 8.04480361938, 2.45027923584, 2.50320339203, 5.81308603287, 5.97800207138, -0.656335949898, 3.40016055107, 1.66289281845, 2.27873754501, 1.8893969059],
        "cov": [[12504.3662109, -2113.48144531, -363.397216797, 246.792190552, 376.289978027, 204.999832153, 241.456268311, 407.263061523, 350.360900879, 232.54876709, 156.690460205, 91.9188079834, -10.8686084747], [-2113.48144531, 3711.73242188, 452.962219238, 102.586029053, -79.4849014282, -83.4885635376, -47.5195503235, -96.00025177, -189.037765503, -175.016769409, -3.51914381981, -4.79120922089, 53.0515937805], [-363.397216797, 452.962219238, 1496.85437012, 584.154418945, 608.580200195, 402.467285156, 293.644134521, 223.962860107, 117.777397156, 130.692321777, 34.3230171204, -11.3104476929, 60.8487739563], [246.792190552, 102.586029053, 584.154418945, 591.887573242, 441.320587158, 290.341674805, 211.423782349, 185.11769104, 166.195892334, 119.014961243, 56.2972564697, 15.0942001343, 19.4507408142], [376.289978027, -79.4849014282, 608.580200195, 441.320587158, 507.357543945, 321.839111328, 226.848083496, 202.910217285, 184.960418701, 129.862991333, 48.6261940002, 31.88904953, 33.9333496094], [204.999832153, -83.4885635376, 402.467285156, 290.341674805, 321.839111328, 285.964538574, 201.522766113, 147.00793457, 125.788459778, 110.577056885, 56.9330368042, 32.3221893311, 28.8002948761], [241.456268311, -47.5195503235, 293.644134521, 211.423782349, 226.848083496, 201.522766113, 226.512283325, 170.193862915, 117.079742432, 116.597457886, 86.6581039429, 53.1815986633, 47.868434906], [407.263061523, -96.00025177, 223.962860107, 185.11769104, 202.910217285, 147.00793457, 170.193862915, 199.668441772, 140.44380188, 98.2171859741, 68.1244430542, 53.1856117249, 55.2623748779], [350.360900879, -189.037765503, 117.777397156, 166.195892334, 184.960418701, 125.788459778, 117.079742432, 140.44380188, 193.280654907, 117.608230591, 45.1433792114, 43.2000541687, 33.3590431213], [232.54876709, -175.016769409, 130.692321777, 119.014961243, 129.862991333, 110.577056885, 116.597457886, 98.2171859741, 117.608230591, 150.063262939, 90.7558441162, 44.1388511658, 27.9539546967], [156.690460205, -3.51914381981, 34.3230171204, 56.2972564697, 48.6261940002, 56.9330368042, 86.6581039429, 68.1244430542, 45.1433792114, 90.7558441162, 130.056732178, 69.9046707153, 36.149307251], [91.9188079834, -4.79120922089, -11.3104476929, 15.0942001343, 31.88904953, 32.3221893311, 53.1815986633, 53.1856117249, 43.2000541687, 44.1388511658, 69.9046707153, 103.212478638, 68.4040527344], [-10.8686084747, 53.0515937805, 60.8487739563, 19.4507408142, 33.9333496094, 28.8002948761, 47.868434906, 55.2623748779, 33.3590431213, 27.9539546967, 36.149307251, 68.4040527344, 109.414550781]],
