{
"lowlevel": {
    "average_loudness": 0.718369483948,
    "barkbands_crest": {
        "dmean": 2.46581506729,
        "dmean2": 3.9679441452,
        "dvar": 8.91309928894,
        "dvar2": 21.9967308044,
        "max": 26.7493019104,
        "mean": 12.2434959412,
        "median": 12.6896514893,
        "min": 1.76509940624,
        "var": 35.2210845947
    },
    "barkbands_flatness_db": {
        "dmean": 0.0214647240937,
        "dmean2": 0.0332047306001,
        "dvar": 0.000770155689679,
        "dvar2": 0.00162484264001,
        "max": 0.685420930386,
        "mean": 0.14403142035,
        "median": 0.104352518916,
        "min": 0.0133748594671,
        "var": 0.0155600402504
    },
    "barkbands_kurtosis": {
        "dmean": 5.59983491898,
        "dmean2": 8.53968906403,
        "dvar": 2638.76879883,
        "dvar2": 5172.95849609,
        "max": 2601.23095703,
        "mean": 6.72736406326,
        "median": 0.278699159622,
        "min": -1.87986755371,
        "var": 3878.45092773
    },
    "barkbands_skewness": {
        "dmean": 0.611081302166,
        "dmean2": 0.930840134621,
        "dvar": 1.14138925076,
        "dvar2": 2.45603919029,
        "max": 32.590877533,
        "mean": 1.11465156078,
        "median": 1.0745074749,
        "min": -8.80943584442,
        "var": 2.68858575821
    },
    "barkbands_spread": {
        "dmean": 8.08189582825,
        "dmean2": 13.0385560989,
        "dvar": 117.155326843,
        "dvar2": 291.420623779,
        "max": 112.951972961,
        "mean": 39.692653656,
        "median": 39.7133178711,
        "min": 0.0188986733556,
        "var": 587.369812012
    },
    "dissonance": {
        "dmean": 0.0146730411798,
        "dmean2": 0.0252891313285,
        "dvar": 0.000714015041012,
        "dvar2": 0.0020542095881,
        "max": 0.5,
        "mean": 0.477753162384,
        "median": 0.488577365875,
        "min": 0.137590929866,
        "var": 0.00131673109718
    },
    "dynamic_complexity": 4.22771072388,
    "erbbands_crest": {
        "dmean": 1.86035525799,
        "dmean2": 3.03817152977,
        "dvar": 4.0861749649,
        "dvar2": 10.0169935226,
        "max": 34.2611312866,
        "mean": 7.73524856567,
        "median": 5.65839576721,
        "min": 2.20513534546,
        "var": 30.3189811707
    },
    "erbbands_flatness_db": {
        "dmean": 0.0143043762073,
        "dmean2": 0.0215152371675,
        "dvar": 0.000290141295409,
        "dvar2": 0.000608769303653,
        "max": 0.720874190331,
        "mean": 0.173768460751,
        "median": 0.108383595943,
        "min": 0.0457980968058,
        "var": 0.0200370065868
    },
    "erbbands_kurtosis": {
        "dmean": 1.20649909973,
        "dmean2": 1.88877308369,
        "dvar": 10.8883600235,
        "dvar2": 23.2886619568,
        "max": 161.865386963,
        "mean": 1.42410242558,
        "median": 0.00987839698792,
        "min": -1.86635518074,
        "var": 38.4201316833
    },
    "erbbands_skewness": {
        "dmean": 0.321141719818,
        "dmean2": 0.491853177547,
        "dvar": 0.146052062511,
        "dvar2": 0.324221849442,
        "max": 9.32485103607,
        "mean": -0.16194704175,
        "median": -0.335307240486,
        "min": -5.21094942093,
        "var": 0.827555418015
    },
    "erbbands_spread": {
        "dmean": 7.71360301971,
        "dmean2": 11.6575880051,
        "dvar": 147.448257446,
        "dvar2": 268.163360596,
        "max": 169.581985474,
        "mean": 37.7781066895,
        "median": 37.3861465454,
        "min": 0.204069405794,
        "var": 488.567718506
    },
    "hfc": {
        "dmean": 14.9582090378,
        "dmean2": 24.2320175171,
        "dvar": 616.959594727,
        "dvar2": 1628.26940918,
        "max": 360.439575195,
        "mean": 52.8547325134,
        "median": 45.801902771,
        "min": 1.0981534007e-16,
        "var": 2418.87939453
    },
    "melbands_crest": {
        "dmean": 3.28811812401,
        "dmean2": 5.28788995743,
        "dvar": 18.5073776245,
        "dvar2": 43.0419006348,
        "max": 39.0875740051,
        "mean": 20.895778656,
        "median": 21.6503067017,
        "min": 1.68139445782,
        "var": 100.800514221
    },
    "melbands_flatness_db": {
        "dmean": 0.0284796822816,
        "dmean2": 0.0439975224435,
        "dvar": 0.00147654756438,
        "dvar2": 0.00316315959208,
        "max": 0.677191853523,
        "mean": 0.185017466545,
        "median": 0.17162129283,
        "min": 0.00354504585266,
        "var": 0.0146029395983
    },
    "melbands_kurtosis": {
        "dmean": 9.47156620026,
        "dmean2": 15.034444809,
        "dvar": 853.799804688,
        "dvar2": 1779.68713379,
        "max": 702.015075684,
        "mean": 16.2011394501,
        "median": 8.52281093597,
        "min": -1.80314576626,
        "var": 1354.69946289
    },
    "melbands_skewness": {
        "dmean": 0.912239015102,
        "dmean2": 1.42252242565,
        "dvar": 2.02297282219,
        "dvar2": 4.32024908066,
        "max": 23.2776031494,
        "mean": 2.80051732063,
        "median": 2.45222234726,
        "min": -4.30872344971,
        "var": 5.71447944641
    },
    "melbands_spread": {
        "dmean": 12.4300355911,
        "dmean2": 19.9450683594,
        "dvar": 355.103973389,
        "dvar2": 793.95135498,
        "max": 213.630096436,
        "mean": 38.5073699951,
        "median": 29.4587841034,
        "min": 0.163542151451,
        "var": 994.23828125
    },
    "pitch_salience": {
        "dmean": 0.0777999386191,
        "dmean2": 0.122898347676,
        "dvar": 0.00860783364624,
        "dvar2": 0.020629869774,
        "max": 0.915315449238,
        "mean": 0.463887989521,
        "median": 0.459310531616,
        "min": 0.0302574411035,
        "var": 0.0316342785954
    },
    "silence_rate_20dB": {
        "dmean": 0,
        "dmean2": 0,
        "dvar": 0,
        "dvar2": 0,
        "max": 1,
        "mean": 1,
        "median": 1,
        "min": 1,
        "var": 0
    },
    "silence_rate_30dB": {
        "dmean": 0.0196785833687,
        "dmean2": 0.0393614694476,
        "dvar": 0.0192892532796,
        "dvar2": 0.0470004938543,
        "max": 1,
        "mean": 0.966877996922,
        "median": 1,
        "min": 0,
        "var": 0.0320261158049
    },
    "silence_rate_60dB": {
        "dmean": 0.0183666776866,
        "dmean2": 0.0367373712361,
        "dvar": 0.0180278085172,
        "dvar2": 0.0377867929637,
        "max": 1,
        "mean": 0.156864881516,
        "median": 0,
        "min": 0,
        "var": 0.132254824042
    },
    "spectral_centroid": {
        "dmean": 267.006866455,
        "dmean2": 407.443817139,
        "dvar": 140726.171875,
        "dvar2": 258724.671875,
        "max": 11503.3818359,
        "mean": 2559.24682617,
        "median": 2806.66699219,
        "min": 110.654960632,
        "var": 1032475.625
    },
    "spectral_complexity": {
        "dmean": 4.67475652695,
        "dmean2": 7.49573564529,
        "dvar": 28.1749038696,
        "dvar2": 64.5686645508,
        "max": 63,
        "mean": 26.6566467285,
        "median": 30,
        "min": 0,
        "var": 250.937362671
    },
    "spectral_decrease": {
        "dmean": 2.34339769811e-09,
        "dmean2": 3.56467144691e-09,
        "dvar": 1.48525374416e-17,
        "dvar2": 3.06737033806e-17,
        "max": 1.39887225209e-28,
        "mean": -9.06411035118e-09,
        "median": -4.80209916276e-09,
        "min": -4.37956444443e-08,
        "var": 7.53860315673e-17
    },
    "spectral_energy": {
        "dmean": 0.00941371638328,
        "dmean2": 0.0141344089061,
        "dvar": 0.000223084483878,
        "dvar2": 0.000468230166007,
        "max": 0.174505457282,
        "mean": 0.0390040762722,
        "median": 0.0230583604425,
        "min": 9.8948920071e-21,
        "var": 0.00127960275859
    },
    "spectral_energyband_high": {
        "dmean": 0.00148449884728,
        "dmean2": 0.00243353447877,
        "dvar": 6.45619547868e-06,
        "dvar2": 1.68785591086e-05,
        "max": 0.0350603982806,
        "mean": 0.00487143546343,
        "median": 0.00379891647026,
        "min": 7.11455621476e-21,
        "var": 2.62411031144e-05
    },
    "spectral_energyband_low": {
        "dmean": 0.00729196285829,
        "dmean2": 0.0115626947954,
        "dvar": 0.000221669426537,
        "dvar2": 0.000462583149783,
        "max": 0.150918737054,
        "mean": 0.0242844764143,
        "median": 0.00569319631904,
        "min": 2.82313154694e-23,
        "var": 0.000862366519868
    },
    "spectral_energyband_middle_high": {
        "dmean": 0.00219001318328,
        "dmean2": 0.00357625377364,
        "dvar": 8.87391888682e-06,
        "dvar2": 2.30625355471e-05,
        "max": 0.0350887998939,
        "mean": 0.00609143124893,
        "median": 0.00548658706248,
        "min": 1.20665729163e-21,
        "var": 2.28798326134e-05
    },
    "spectral_energyband_middle_low": {
        "dmean": 0.00283832568675,
        "dmean2": 0.00451454566792,
        "dvar": 5.4723717767e-05,
        "dvar2": 0.000125304257381,
        "max": 0.0823466256261,
        "mean": 0.00425708899274,
        "median": 0.00255468813702,
        "min": 1.43965651077e-22,
        "var": 5.51786142751e-05
    },
    "spectral_entropy": {
        "dmean": 0.125170007348,
        "dmean2": 0.194752857089,
        "dvar": 0.0343855135143,
        "dvar2": 0.0808794796467,
        "max": 9.81915855408,
        "mean": 7.9045419693,
        "median": 8.2515411377,
        "min": 3.67583823204,
        "var": 0.782254517078
    },
    "spectral_flux": {
        "dmean": 0.0228949636221,
        "dmean2": 0.0340969637036,
        "dvar": 0.00101544824429,
        "dvar2": 0.00192947045434,
        "max": 0.378619521856,
        "mean": 0.086672462523,
        "median": 0.078327730298,
        "min": 6.52384465893e-11,
        "var": 0.00387775991112
    },
    "spectral_kurtosis": {
        "dmean": 2.79214119911,
        "dmean2": 4.80780982971,
        "dvar": 80.6190567017,
        "dvar2": 231.993301392,
        "max": 211.542480469,
        "mean": 7.27459144592,
        "median": 2.2892229557,
        "min": -1.23430335522,
        "var": 332.748291016
    },
    "spectral_rms": {
        "dmean": 0.000735073001124,
        "dmean2": 0.00109295663424,
        "dvar": 1.10505993689e-06,
        "dvar2": 2.25567305279e-06,
        "max": 0.0130479587242,
        "mean": 0.00532122049481,
        "median": 0.00474299024791,
        "min": 3.10701659713e-12,
        "var": 9.73736223386e-06
    },
    "spectral_rolloff": {
        "dmean": 1053.02539062,
        "dmean2": 1692.42834473,
        "dvar": 2316158.25,
        "dvar2": 5452419,
        "max": 19552.1484375,
        "mean": 3436.79125977,
        "median": 2519.38476562,
        "min": 21.533203125,
        "var": 7730851
    },
    "spectral_skewness": {
        "dmean": 0.239246740937,
        "dmean2": 0.403745919466,
        "dvar": 0.291744947433,
        "dvar2": 0.854187369347,
        "max": 11.1860303879,
        "mean": 1.55234217644,
        "median": 1.193349123,
        "min": -0.0701494514942,
        "var": 1.70286810398
    },
    "spectral_spread": {
        "dmean": 453901.875,
        "dmean2": 679748.75,
        "dvar": 402889703424,
        "dvar2": 701469360128,
        "max": 41765208,
        "mean": 5580745.5,
        "median": 6088773,
        "min": 450676.53125,
        "var": 8.44433299866e+12
    },
    "spectral_strongpeak": {
        "dmean": 0.357003301382,
        "dmean2": 0.600562155247,
        "dvar": 0.58687889576,
        "dvar2": 1.52759456635,
        "max": 13.02394104,
        "mean": 0.739709556103,
        "median": 0.482678979635,
        "min": 0,
        "var": 0.854134976864
    },
    "zerocrossingrate": {
        "dmean": 0.0165421497077,
        "dmean2": 0.0206078607589,
        "dvar": 0.00043363837176,
        "dvar2": 0.000608710397501,
        "max": 0.7060546875,
        "mean": 0.11067507416,
        "median": 0.09375,
        "min": 0,
        "var": 0.00436243321747
    },
    "barkbands": {
        "dmean": [0.00100194662809, 0.00568534014747, 0.00181365339085, 0.00124504417181, 0.00124442693777, 0.000290764321107, 0.000261073495494, 0.000211660590139, 0.000375739473384, 0.000249479257036, 0.000704221078195, 0.000349162262864, 0.000281869375613, 0.000234607141465, 0.000370633002603, 0.000317757891025, 0.000312081043376, 0.000308894115733, 0.000306919362629, 0.000387915177271, 0.000364673149306, 0.000333334028255, 0.000347968947608, 0.000287220434984, 0.000250262819463, 0.000199847389013, 7.56973604439e-05],
        "dmean2": [0.00163851003163, 0.00890239328146, 0.00314547307789, 0.00212273164652, 0.00204643583857, 0.000514560670126, 0.00042952017975, 0.000352210685378, 0.000621616549324, 0.000431510183262, 0.00114546297118, 0.000578139384743, 0.000480994087411, 0.000384060258511, 0.000624060572591, 0.000545525632333, 0.000524624891113, 0.000517800799571, 0.000517513952218, 0.000649878464174, 0.000610239279922, 0.000564866466448, 0.000582977838349, 0.000466593395686, 0.000406188541092, 0.000329005415551, 0.000122480254504],
        "dvar": [5.89847832089e-06, 0.0001561826939, 4.66477758891e-05, 1.9969909772e-05, 2.14450519707e-05, 7.46400360185e-07, 2.53402845374e-07, 2.07391877893e-07, 4.81153676901e-07, 2.00616852908e-07, 1.72183149516e-06, 4.27058381547e-07, 2.49268879315e-07, 1.60847505981e-07, 3.7567514255e-07, 3.91566572944e-07, 2.3355832468e-07, 2.12548059153e-07, 2.27987371204e-07, 3.14516086064e-07, 2.85480723505e-07, 3.05395701616e-07, 3.5118858932e-07, 2.24710205998e-07, 1.67760774161e-07, 1.30403421394e-07, 1.90420337276e-08],
        "dvar2": [1.38371215144e-05, 0.00031989661511, 0.000119849690236, 5.47298623133e-05, 5.10615464009e-05, 2.15780119106e-06, 6.56615156913e-07, 5.4422798712e-07, 1.21975256206e-06, 5.41662416254e-07, 4.0901650209e-06, 1.05360641101e-06, 6.52826201986e-07, 3.9175705524e-07, 9.7677695976e-07, 1.09077882371e-06, 6.06905359746e-07, 5.79354320962e-07, 6.30291026482e-07, 8.46531975185e-07, 7.82468760008e-07, 8.19403908281e-07, 8.91745969511e-07, 5.67776680782e-07, 4.21636940473e-07, 3.39333354304e-07, 4.82287383363e-08],
        "max": [0.0294692963362, 0.130031049252, 0.075968965888, 0.0566647201777, 0.0585767813027, 0.0139501392841, 0.00687418086454, 0.00891041010618, 0.0138680739328, 0.0121171306819, 0.0253148619086, 0.0169639009982, 0.0106829954311, 0.0098238941282, 0.0106215644628, 0.0134483510628, 0.00717871123925, 0.00909977592528, 0.00875106081367, 0.0101189129055, 0.0070562697947, 0.0162309668958, 0.0108705749735, 0.00959097594023, 0.0077707497403, 0.00991676934063, 0.00230654608458],
        "mean": [0.00340225663967, 0.0189957600087, 0.00145759084262, 0.00127661821898, 0.00124587339815, 0.00040519356844, 0.000394304748625, 0.000290116789984, 0.000551609613467, 0.00035611257772, 0.00102971983142, 0.000568832969293, 0.000433016684838, 0.000397387921112, 0.000576476741116, 0.000511483172886, 0.000542475900147, 0.000588311813772, 0.000616869830992, 0.000919570738915, 0.000839962915052, 0.000779357680585, 0.000814630766399, 0.000769614824094, 0.000662379839923, 0.000451121159131, 0.000127408435219],
        "median": [0.000246470182901, 0.00300371530466, 0.000246487616096, 0.000234268169152, 0.000277334067505, 0.000114214621135, 0.000160103285452, 0.000131468463223, 0.000285101152258, 0.00019450992113, 0.000410392298363, 0.000267622061074, 0.000270200252999, 0.000229191646213, 0.000308712973492, 0.000319845305057, 0.00033475633245, 0.000421225093305, 0.000434285757365, 0.000683075399138, 0.000645669933874, 0.000598702172283, 0.000574080564547, 0.000530598277692, 0.000462966738269, 0.000295316334814, 2.79274936474e-05],
        "min": [6.16041153106e-25, 2.26412191142e-24, 2.68119602467e-24, 9.62718748984e-25, 1.29950997515e-23, 1.31360810282e-23, 7.96364392379e-24, 6.20006569522e-24, 1.89362037108e-23, 1.06220341769e-23, 2.75295353418e-23, 2.93414036907e-23, 4.11407559706e-23, 3.78168810801e-23, 7.08498003975e-23, 7.23320511058e-23, 5.5328255268e-23, 1.14814640544e-22, 1.07294764011e-22, 1.83304352128e-22, 2.44312368049e-22, 3.3123499482e-22, 4.49143775026e-22, 7.07482771545e-22, 9.91101314332e-22, 1.29997936001e-21, 2.00373456814e-21],
        "var": [2.89689778583e-05, 0.000593654811382, 3.49085421476e-05, 1.39414141813e-05, 1.85157241503e-05, 8.760624155e-07, 3.7479046e-07, 2.4004128818e-07, 6.64946071538e-07, 2.69986173862e-07, 2.90211892207e-06, 7.59044041843e-07, 4.25390936698e-07, 3.69788523358e-07, 6.40431665033e-07, 4.73632752573e-07, 4.59469333691e-07, 4.25866176101e-07, 4.68050075142e-07, 9.83112840913e-07, 7.59049555654e-07, 7.84942699283e-07, 9.55829250415e-07, 8.47260423598e-07, 5.87594740864e-07, 3.73798769715e-07, 4.94567053977e-08]
    },
    "erbbands": {
        "dmean": [0.281971812248, 0.8927475214, 1.93454051018, 3.17524051666, 4.96928977966, 3.49308490753, 2.5665781498, 2.27789282799, 2.42214179039, 5.24577283859, 5.25642967224, 7.50081205368, 8.49432659149, 14.4008131027, 22.5573673248, 11.9726638794, 12.0909261703, 11.6948137283, 10.1228513718, 24.0286121368, 16.8018665314, 17.9211044312, 15.6753854752, 14.884967804, 16.1309776306, 18.3654708862, 16.2413425446, 12.9382181168, 12.7156019211, 11.2945871353, 9.6999874115, 6.44819402695, 4.99115848541, 3.18944168091, 1.76259589195, 0.955477714539, 0.364906787872, 0.107855424285, 0.0124559504911, 0.000171940992004],
        "dmean2": [0.447479963303, 1.39356350899, 3.25209522247, 5.38098812103, 8.25261211395, 5.94742631912, 4.58837366104, 4.01130342484, 4.12771654129, 8.51831817627, 8.67804527283, 12.5389137268, 14.3304157257, 24.0453701019, 36.6958198547, 19.9373512268, 20.2497119904, 19.4154987335, 16.9533081055, 40.5142364502, 28.1765632629, 29.8750686646, 26.3279132843, 24.9934139252, 27.1127090454, 30.9387531281, 27.3608093262, 21.5552177429, 21.5334186554, 19.1792526245, 16.0568237305, 10.4234848022, 8.33633136749, 5.20241069794, 2.87948393822, 1.579387784, 0.60564917326, 0.174091979861, 0.0203476902097, 0.000277665967587],
        "dvar": [0.426652818918, 5.16541671753, 50.3057518005, 127.003303528, 337.516998291, 155.818405151, 96.6281814575, 39.1479530334, 35.2400169373, 94.2681503296, 109.653862, 212.907775879, 237.012512207, 569.441894531, 1712.45031738, 467.18963623, 452.411987305, 420.881286621, 296.109313965, 1748.5994873, 909.840454102, 774.147705078, 562.57824707, 553.852416992, 630.340698242, 709.864135742, 646.526611328, 364.784179688, 439.895812988, 386.208251953, 273.736724854, 131.068359375, 67.7973022461, 25.9994182587, 8.82960128784, 2.84697437286, 0.42909938097, 0.0386568345129, 0.000554165337235, 1.0122747085e-07],
        "dvar2": [0.905366003513, 10.8030376434, 124.274749756, 337.759399414, 813.405639648, 404.180908203, 275.794952393, 112.84450531, 97.2780990601, 233.61680603, 286.152404785, 545.464294434, 622.954650879, 1432.63574219, 4115.65136719, 1192.30224609, 1154.66992188, 1079.74108887, 738.463012695, 4685.17773438, 2391.79541016, 1990.18322754, 1546.06652832, 1513.72094727, 1735.87609863, 1955.45507812, 1771.53076172, 990.857727051, 1198.23010254, 1045.10559082, 676.380249023, 317.412506104, 182.303863525, 67.4165115356, 22.4100627899, 7.29278945923, 1.1364197731, 0.0988103374839, 0.00140866159927, 2.57195068798e-07],
        "max": [7.92083740234, 27.8560695648, 74.1030273438, 134.256668091, 210.73324585, 154.824478149, 151.265106201, 113.323814392, 120.035400391, 150.251708984, 195.607650757, 338.41897583, 324.619659424, 415.34576416, 770.705322266, 633.747558594, 548.94921875, 393.686248779, 421.720397949, 722.868164062, 610.194641113, 462.77166748, 448.896392822, 495.230377197, 434.059051514, 412.122192383, 378.786193848, 284.228393555, 426.842071533, 502.906890869, 356.662353516, 344.804382324, 141.280487061, 81.4948959351, 82.3242263794, 56.8178710938, 13.5660476685, 3.514108181, 0.474928468466, 0.00616547744721],
        "mean": [1.04738616943, 2.24831151962, 1.83760607243, 3.16908407211, 4.90664434433, 3.47593069077, 3.59618639946, 2.90675926208, 3.38456177711, 8.10724449158, 7.64995574951, 10.8107271194, 12.8926496506, 22.9629878998, 34.5548477173, 20.8434467316, 20.6491527557, 19.1737251282, 19.3343334198, 37.6178474426, 30.397102356, 32.9310531616, 30.9264564514, 31.4172897339, 35.1236457825, 43.7672843933, 36.6524925232, 30.3330879211, 29.2266235352, 24.7563648224, 22.8401374817, 16.6411304474, 12.4709386826, 8.16534996033, 4.38651990891, 2.13628554344, 0.778697609901, 0.2215051651, 0.0203529559076, 0.000359216704965],
        "median": [0.1123714149, 0.454448342323, 0.528306007385, 0.74369007349, 0.968772649765, 0.754779994488, 0.752183735371, 1.01253390312, 1.49172413349, 3.74159312248, 3.79258036613, 5.75438117981, 6.95497322083, 13.090464592, 16.7692108154, 11.9332113266, 13.3890705109, 11.9560623169, 12.7783584595, 20.6367912292, 19.500213623, 21.3771820068, 22.7671394348, 23.6365203857, 25.3689899445, 32.712387085, 27.2551555634, 23.0661411285, 22.6748485565, 17.8624038696, 16.1835021973, 11.5674972534, 8.40677642822, 5.55083560944, 3.03662109375, 1.41564297676, 0.48484146595, 0.0999323353171, 0.00461550150067, 0.000168070953805],
        "min": [5.97952274754e-23, 5.96114544389e-22, 4.56141680599e-21, 3.88729530291e-21, 1.60304177668e-20, 3.16244622176e-20, 5.11040486553e-20, 1.13893296546e-19, 1.03352004087e-19, 2.21553554531e-19, 2.12597256449e-19, 4.19567720178e-19, 5.06586758727e-19, 1.29400743587e-18, 1.27519641817e-18, 1.23464347504e-18, 1.91845642005e-18, 2.64536226964e-18, 3.19575005126e-18, 3.40785570393e-18, 3.95164568619e-18, 4.52377342867e-18, 6.80002185959e-18, 6.50310289717e-18, 6.16970651051e-18, 9.84757774782e-18, 9.77006596134e-18, 9.02680695783e-18, 1.3354081564e-17, 1.31169106844e-17, 1.22769211801e-17, 1.13532855179e-17, 1.14030892354e-17, 8.61987297394e-18, 6.86590679538e-18, 4.55341916823e-18, 2.66841806806e-18, 8.92885326367e-19, 2.9308660879e-19, 2.66533393807e-20],
        "var": [1.99953353405, 10.4716482162, 42.0537605286, 92.7085952759, 282.746795654, 119.474014282, 93.1671295166, 33.8250465393, 36.3966903687, 157.71711731, 136.562530518, 265.354919434, 335.50302124, 918.092346191, 2757.21435547, 841.780334473, 975.348937988, 619.944274902, 685.962341309, 2690.37744141, 1509.58532715, 1596.01672363, 1133.84313965, 1128.01098633, 1492.69787598, 2157.61401367, 1580.47680664, 1023.9105835, 1028.83105469, 933.31262207, 760.743652344, 456.592071533, 213.091751099, 89.9473724365, 27.2821140289, 8.32303714752, 1.12506055832, 0.112535268068, 0.00134745286778, 2.92288802939e-07]
    },
    "gfcc": {
        "mean": [-17.716960907, 12.5088825226, -134.509048462, 20.5870037079, -48.8485641479, 25.1114749908, -20.325044632, 16.330034256, -21.7567443848, 5.05471563339, -15.4109010696, 6.03985929489, -8.49036884308],
        "cov": [[39115.7695312, -1211.73352051, 8496.13769531, 6995.64599609, -330.165344238, 969.211669922, -1130.8326416, 1769.44934082, 103.177070618, 1225.06921387, -972.464294434, 67.6437530518, -1071.77453613], [-1211.73352051, 3766.47680664, -48.1916389465, 479.389373779, 388.173950195, -574.863037109, -8.46797275543, -450.396789551, 72.8003005981, -333.576629639, 278.394775391, -164.173751831, 253.907897949], [8496.13769531, -48.1916389465, 4200.55712891, 2507.43408203, 391.39465332, 661.227478027, -137.468383789, 686.28326416, 117.281364441, 426.826568604, -239.389907837, 88.623260498, -279.360687256], [6995.64599609, 479.389373779, 2507.43408203, 2141.22607422, 231.894577026, 251.527801514, -251.192611694, 368.929168701, 118.592979431, 259.647186279, -193.518066406, -1.18787837029, -176.805755615], [-330.165344238, 388.173950195, 391.39465332, 231.894577026, 488.024993896, 150.452194214, 200.112014771, 22.7931575775, 109.860153198, 60.3844070435, 84.0369033813, 54.5270805359, 46.2214736938], [969.211669922, -574.863037109, 661.227478027, 251.527801514, 150.452194214, 467.294403076, 115.993263245, 268.043365479, 35.490436554, 152.962371826, -36.3458595276, 85.1457138062, -53.8941993713], [-1130.8326416, -8.46797275543, -137.468383789, -251.192611694, 200.112014771, 115.993263245, 366.972229004, 112.216964722, 97.1176452637, 33.6631088257, 126.494819641, 48.6684265137, 54.989780426], [1769.44934082, -450.396789551, 686.28326416, 368.929168701, 22.7931575775, 268.043365479, 112.216964722, 388.754699707, 126.797653198, 180.588165283, -32.4317588806, 67.7095794678, -42.4913139343], [103.177070618, 72.8003005981, 117.281364441, 118.592979431, 109.860153198, 35.490436554, 97.1176452637, 126.797653198, 194.151031494, 90.2436065674, 50.4492301941, 35.2598266602, 39.3480873108], [1225.06921387, -333.576629639, 426.826568604, 259.647186279, 60.3844070435, 152.962371826, 33.6631088257, 180.588165283, 90.2436065674, 215.760177612, 25.1326217651, 63.3284072876, -44.2530021667], [-972.464294434, 278.394775391, -239.389907837, -193.518066406, 84.0369033813, -36.3458595276, 126.494819641, -32.4317588806, 50.4492301941, 25.1326217651, 186.517471313, 50.9922370911, 68.3232879639], [67.6437530518, -164.173751831, 88.623260498, -1.18787837029, 54.5270805359, 85.1457138062, 48.6684265137, 67.7095794678, 35.2598266602, 63.3284072876, 50.9922370911, 112.327964783, 34.9256286621], [-1071.77453613, 253.907897949, -279.360687256, -176.805755615, 46.2214736938, -53.8941993713, 54.989780426, -42.4913139343, 39.3480873108, -44.2530021667, 68.3232879639, 34.9256286621, 128.491424561]],
        "icov": [[9.19307785807e-05, -6.2945737227e-06, 2.1197462047e-05, -0.000284689449472, 0.000137290669954, 0.000108739630377, -4.7207591706e-05, -0.000165358622326, 0.000180069706403, -0.000169655730133, 0.000112971341878, -0.000212268336327, 0.00027939962456], [-6.2945737227e-06, 0.000920059566852, -5.60999724257e-05, -0.000551083183382, -0.000584320805501, 0.000520197674632, 0.000308296090225, 7.48160455259e-05, -0.000146719437907, 0.00149092520587, -0.00203228741884, 0.00160734634846, -0.00122753588948], [2.1197462047e-05, -5.60999724257e-05, 0.00119665171951, -0.00115106638987, -0.000470858882181, -0.000329781149048, 0.000116342809633, -0.00106565700844, 0.000888565205969, -1.82465555554e-05, 3.65251507901e-05, -0.000506491749547, 0.000774217187427], [-0.000284689449472, -0.000551083183382, -0.00115106638987, 0.0035029691644, -0.00118103937712, 0.000203090050491, 0.00176424067467, -0.000628739129752, -0.00101314345375, -0.000575401412789, 0.000950029178057, 0.000544554146472, 3.78348195227e-05], [0.000137290669954, -0.000584320805501, -0.000470858882181, -0.00118103937712, 0.00681033916771, -0.00269320630468, -0.00465631578118, 0.00579137261957, -0.00284451316111, -0.00192673876882, 0.0020724569913, -0.00217674323358, -0.000323413085425], [0.000108739630377, 0.000520197674632, -0.000329781149048, 0.000203090050491, -0.00269320630468, 0.00644986564294, 0.000249530334258, -0.00431528082117, 0.00310750538483, -0.00056891515851, 0.000507251475938, -0.00116618466564, 0.000481545401271], [-4.7207591706e-05, 0.000308296090225, 0.000116342809633, 0.00176424067467, -0.00465631578118, 0.000249530334258, 0.00931985117495, -0.0062741143629, 4.19194620918e-05, 0.00331408786587, -0.00541013106704, 0.00257822172716, 0.000698363350239], [-0.000165358622326, 7.48160455259e-05, -0.00106565700844, -0.000628739129752, 0.00579137261957, -0.00431528082117, -0.0062741143629, 0.014322610572, -0.00632925936952, -0.00333613599651, 0.00358013855293, -0.00159062328748, -0.00186307902914], [0.000180069706403, -0.000146719437907, 0.000888565205969, -0.00101314345375, -0.00284451316111, 0.00310750538483, 4.19194620918e-05, -0.00632925936952, 0.0127183897421, -0.00417630141601, -5.84530025662e-05, 0.00112892978359, -0.00306350947358], [-0.000169655730133, 0.00149092520587, -1.82465555554e-05, -0.000575401412789, -0.00192673876882, -0.00056891515851, 0.00331408786587, -0.00333613599651, -0.00417630141601, 0.0155363492668, -0.00794248189777, -0.000795916887, 0.00380951166153], [0.000112971341878, -0.00203228741884, 3.65251507901e-05, 0.000950029178057, 0.0020724569913, 0.000507251475938, -0.00541013106704, 0.00358013855293, -5.84530025662e-05, -0.00794248189777, 0.0166419874877, -0.00723007926717, -0.000289967341814], [-0.000212268336327, 0.00160734634846, -0.000506491749547, 0.000544554146472, -0.00217674323358, -0.00116618466564, 0.00257822172716, -0.00159062328748, 0.00112892978359, -0.000795916887, -0.00723007926717, 0.0196659509093, -0.00875500496477], [0.00027939962456, -0.00122753588948, 0.000774217187427, 3.78348195227e-05, -0.000323413085425, 0.000481545401271, 0.000698363350239, -0.00186307902914, -0.00306350947358, 0.00380951166153, -0.000289967341814, -0.00875500496477, 0.0184615775943]]
    },
    "melbands": {
        "dmean": [0.00193452835083, 0.000974283146206, 0.000577986880671, 0.000322285108268, 9.44377898122e-05, 5.1675899158e-05, 4.10043467127e-05, 5.52264646103e-05, 4.7544555855e-05, 4.92821927764e-05, 4.31085973105e-05, 5.45620714547e-05, 9.76553565124e-05, 3.5601817217e-05, 3.5815693991e-05, 2.73206660495e-05, 2.13647363125e-05, 1.65131405083e-05, 3.12805641443e-05, 2.64186255663e-05, 1.99285786948e-05, 2.17217384488e-05, 1.42306134876e-05, 1.69706290762e-05, 1.25621572806e-05, 1.31716378746e-05, 1.45973972394e-05, 1.26968179757e-05, 1.22671144709e-05, 9.58753571467e-06, 7.40462701287e-06, 8.12350026536e-06, 6.94570553605e-06, 6.98349413142e-06, 6.17630485067e-06, 5.18160095453e-06, 4.2069459596e-06, 3.94985499952e-06, 3.41855525221e-06, 2.74825970337e-06],
        "dmean2": [0.00305841933005, 0.00154054304585, 0.000953679613303, 0.000533771642949, 0.000168114900589, 9.0898189228e-05, 6.92301255185e-05, 8.98670696188e-05, 7.87170647527e-05, 8.22129586595e-05, 7.29204330128e-05, 9.16497447179e-05, 0.000158424067195, 5.9459489421e-05, 5.99187005719e-05, 4.59833681816e-05, 3.55545380444e-05, 2.74563881248e-05, 5.27300981048e-05, 4.50587212981e-05, 3.33487841999e-05, 3.60933336196e-05, 2.45216797339e-05, 2.82678520307e-05, 2.12255799852e-05, 2.24473460548e-05, 2.42862734012e-05, 2.16239495785e-05, 2.06809618248e-05, 1.63272216014e-05, 1.2420557141e-05, 1.39098447107e-05, 1.17390254673e-05, 1.19104024634e-05, 1.03062666312e-05, 8.66749996931e-06, 6.88054842612e-06, 6.72279020364e-06, 5.59863474336e-06, 4.56766838397e-06],
        "dvar": [1.85393128049e-05, 9.22863546293e-06, 3.51475910065e-06, 1.38692701057e-06, 1.32819053533e-07, 2.01866079408e-08, 8.23328072386e-09, 1.03620569902e-08, 8.45500913726e-09, 8.83191919598e-09, 6.18477002945e-09, 7.96137022974e-09, 3.45313289074e-08, 5.6131148618e-09, 4.85594764399e-09, 2.38694419785e-09, 1.37398659117e-09, 9.33171206974e-10, 2.82629541992e-09, 2.77476197574e-09, 1.26693455726e-09, 1.32352773186e-09, 5.77497272225e-10, 7.28302640418e-10, 4.3465639421e-10, 4.23300838825e-10, 5.09526199011e-10, 3.43474415576e-10, 3.95932342467e-10, 2.19883694585e-10, 1.31614497079e-10, 1.81751738659e-10, 1.40087066947e-10, 1.45587250588e-10, 1.13445343397e-10, 9.51074011213e-11, 5.26696811165e-11, 4.19488332959e-11, 3.094164161e-11, 1.92098732754e-11],
        "dvar2": [3.91379508073e-05, 2.09905920201e-05, 8.78966784512e-06, 3.38157428814e-06, 3.77312005639e-07, 5.82685473205e-08, 2.24656169223e-08, 2.62537014351e-08, 2.18856666123e-08, 2.26151133376e-08, 1.62287552286e-08, 2.02872580957e-08, 8.11116933619e-08, 1.41249119068e-08, 1.23108092609e-08, 6.03167560342e-09, 3.53376417017e-09, 2.21403739786e-09, 7.32712157614e-09, 7.80602338324e-09, 3.27334404027e-09, 3.3567391089e-09, 1.62228597222e-09, 1.91770688218e-09, 1.18753840095e-09, 1.19303134039e-09, 1.34416067166e-09, 9.62968704776e-10, 1.06890596374e-09, 6.26076746002e-10, 3.57761958947e-10, 4.99730701264e-10, 3.70069280775e-10, 4.04177552538e-10, 2.9200042384e-10, 2.39878950037e-10, 1.3051044967e-10, 1.16932491467e-10, 7.97312008083e-11, 5.08212257e-11],
        "max": [0.0495035760105, 0.0399079807103, 0.0213004723191, 0.0148507514969, 0.0061118924059, 0.00259612151422, 0.00163480860647, 0.00149003777187, 0.00150389701594, 0.00182677607518, 0.00177138787694, 0.00164047535509, 0.00374024920166, 0.00195179216098, 0.00134799943771, 0.00100088806357, 0.000661932397634, 0.000955751340371, 0.00110767409205, 0.00108051428106, 0.000877948070411, 0.000651245994959, 0.000463521748316, 0.000601460866164, 0.000477477908134, 0.000295403064229, 0.000545706716366, 0.000282333465293, 0.000319184327964, 0.000219891531742, 0.000185593657079, 0.00020266174397, 0.000549521995708, 0.000287432398181, 0.000232585152844, 0.000258227810264, 0.00018982803158, 0.000124497630168, 9.63470811257e-05, 6.77630741848e-05],
        "mean": [0.00696612428874, 0.00152663805056, 0.000618247548118, 0.000310963281663, 0.000125706166727, 6.86040584696e-05, 5.89339506405e-05, 8.4480161604e-05, 6.65181069053e-05, 7.10360181984e-05, 6.38405472273e-05, 8.56878396007e-05, 0.000143991739606, 5.4928696045e-05, 5.89852388657e-05, 4.23738929385e-05, 3.41186751029e-05, 2.90203461191e-05, 4.8192574468e-05, 4.07488914789e-05, 3.38037389156e-05, 3.66489548469e-05, 2.4475133614e-05, 3.04076602333e-05, 2.43760678131e-05, 2.48899341386e-05, 2.95779718726e-05, 2.7813763154e-05, 2.47339557973e-05, 1.93893738469e-05, 1.61995849339e-05, 1.70190451172e-05, 1.43130901051e-05, 1.38165369208e-05, 1.3494038285e-05, 1.12492925837e-05, 9.92486275209e-06, 8.83341181179e-06, 7.88215857028e-06, 6.56488145978e-06],
        "median": [0.000922296429053, 0.000501702365, 0.000141422176966, 6.82970930939e-05, 2.6987894671e-05, 2.25857784244e-05, 2.69754964393e-05, 4.00941717089e-05, 3.11998883262e-05, 3.64471270586e-05, 3.2775424188e-05, 5.00609385199e-05, 5.93609292991e-05, 2.70868167718e-05, 2.72462893918e-05, 2.48770247708e-05, 2.04884272534e-05, 1.66614954651e-05, 2.55176710198e-05, 2.36070627579e-05, 1.87701334653e-05, 2.03197269002e-05, 1.7012720491e-05, 2.04156349355e-05, 1.72158943315e-05, 1.69450722751e-05, 1.98019733944e-05, 2.00749091164e-05, 1.69619343069e-05, 1.37445731525e-05, 1.20384120237e-05, 1.25484239106e-05, 1.03513539216e-05, 9.20042930375e-06, 9.57034535531e-06, 7.56118242862e-06, 6.59128681946e-06, 5.91032539887e-06, 4.968961548e-06, 4.39823770648e-06],
        "min": [7.33611897736e-25, 1.14881123374e-24, 1.12794418647e-24, 1.21238671738e-24, 2.45201497119e-24, 3.05688117002e-24, 1.19955796552e-24, 1.829145586e-24, 1.52683969041e-24, 2.12752512365e-24, 1.66556403604e-24, 4.38583391906e-24, 4.19655147802e-24, 2.41264075404e-24, 3.05676244645e-24, 4.78003639087e-24, 3.93109544468e-24, 4.10784130821e-24, 3.87435425749e-24, 3.56015529767e-24, 3.95282382945e-24, 3.47557205369e-24, 5.1157440377e-24, 4.81705763315e-24, 4.93798606562e-24, 2.77078676046e-24, 5.10998574752e-24, 5.06404367169e-24, 4.49085812682e-24, 5.11401288244e-24, 4.7387422835e-24, 6.30437677272e-24, 7.65744204141e-24, 6.15503120386e-24, 6.11905599114e-24, 6.28931386816e-24, 6.23721867727e-24, 5.79255711209e-24, 6.32947990444e-24, 5.42375753915e-24],
        "var": [8.23683658382e-05, 1.02634267023e-05, 2.92799722956e-06, 1.14004637908e-06, 1.10573637357e-07, 1.98362268833e-08, 9.09031694363e-09, 1.57710644544e-08, 1.07714752673e-08, 1.1633742858e-08, 8.83324169365e-09, 1.25341630408e-08, 5.83085437711e-08, 7.23228099631e-09, 1.29822117501e-08, 4.00678645818e-09, 2.07646722039e-09, 2.49501641569e-09, 4.72297978504e-09, 3.23913296185e-09, 2.27015295451e-09, 2.66720068254e-09, 8.40284508641e-10, 1.36936895156e-09, 7.91262555477e-10, 7.95744192761e-10, 1.22405385827e-09, 9.37388500155e-10, 8.80036932216e-10, 4.66779948027e-10, 3.26093624325e-10, 3.6521338731e-10, 3.3567082447e-10, 3.04256786432e-10, 2.68503996814e-10, 2.37286662541e-10, 1.66541766489e-10, 1.0900030184e-10, 9.48189721184e-11, 5.96950128218e-11]
    },
    "mfcc": {
        "mean": [-646.274230957, 52.950920105, -17.1598701477, 6.36398887634, -1.52032470703, 9.24821186066, 11.8539199829, 12.5200300217, 7.90795469284, 4.31818723679, -0.71770298481, 2.98920226097, 4.72253227234],
        "cov": [[21778.8046875, -725.499145508, 4306.61816406, 3639.1862793, 1742.24743652, 655.181762695, -20.0971660614, 275.887054443, 691.84197998, 1141.40234375, 697.388549805, 191.769699097, -129.671325684], [-725.499145508, 2458.86010742, -74.506401062, 591.417907715, 214.437072754, -5.58892536163, -32.0399360657, -95.5284729004, -171.854751587, -158.149108887, -128.877532959, -25.4880313873, -18.8983230591], [4306.61816406, -74.506401062, 2274.09277344, 1220.39099121, 714.298278809, 377.304199219, 211.661270142, 226.475646973, 214.844421387, 352.724487305, 216.888031006, 65.9758148193, 0.24806329608], [3639.1862793, 591.417907715, 1220.39099121, 1356.14453125, 624.030334473, 207.700149536, -2.20154118538, 25.7939834595, 126.548461914, 249.171524048, 125.663619995, 41.9846916199, -5.49783945084], [1742.24743652, 214.437072754, 714.298278809, 624.030334473, 451.716522217, 219.867385864, 78.2298583984, 53.3464050293, 74.3583221436, 134.060272217, 84.9444351196, 43.9748916626, 22.2878570557], [655.181762695, -5.58892536163, 377.304199219, 207.700149536, 219.867385864, 243.983627319, 152.944412231, 85.1365127563, 40.8711204529, 68.5160369873, 70.6014785767, 47.8901100159, 29.5886554718], [-20.0971660614, -32.0399360657, 211.661270142, -2.20154118538, 78.2298583984, 152.944412231, 251.418777466, 151.818847656, 59.9673652649, 53.03565979, 67.0744857788, 64.3756256104, 49.7736968994], [275.887054443, -95.5284729004, 226.475646973, 25.7939834595, 53.3464050293, 85.1365127563, 151.818847656, 202.300949097, 127.381286621, 81.9351654053, 63.7156715393, 47.1707725525, 48.4307365417], [691.84197998, -171.854751587, 214.844421387, 126.548461914, 74.3583221436, 40.8711204529, 59.9673652649, 127.381286621, 198.507141113, 146.843078613, 68.693977356, 35.5052108765, 39.3066291809], [1141.40234375, -158.149108887, 352.724487305, 249.171524048, 134.060272217, 68.5160369873, 53.03565979, 81.9351654053, 146.843078613, 205.973617554, 121.595466614, 55.4581298828, 30.5344791412], [697.388549805, -128.877532959, 216.888031006, 125.663619995, 84.9444351196, 70.6014785767, 67.0744857788, 63.7156715393, 68.693977356, 121.595466614, 157.270614624, 92.2020263672, 28.4918689728], [191.769699097, -25.4880313873, 65.9758148193, 41.9846916199, 43.9748916626, 47.8901100159, 64.3756256104, 47.1707725525, 35.5052108765, 55.4581298828, 92.2020263672, 116.586738586, 69.9798126221], [-129.671325684, -18.8983230591, 0.24806329608, -5.49783945084, 22.2878570557, 29.5886554718, 49.7736968994, 48.4307365417, 39.3066291809, 30.5344791412, 28.4918689728, 69.9798126221, 125.083374023]],
