{
"lowlevel": {
    "average_loudness": 0.915979146957,
    "barkbands_crest": {
        "dmean": 3.28413558006,
        "dmean2": 5.06477546692,
        "dvar": 9.46039485931,
        "dvar2": 20.8410129547,
        "max": 26.9368228912,
        "mean": 11.9948415756,
        "median": 11.4089574814,
        "min": 2.09694766998,
        "var": 30.8283958435
    },
    "barkbands_flatness_db": {
        "dmean": 0.0265672113746,
        "dmean2": 0.0401388928294,
        "dvar": 0.000673976552207,
        "dvar2": 0.0014533555368,
        "max": 0.819705843925,
        "mean": 0.10837020725,
        "median": 0.102113649249,
        "min": 0.00885679665953,
        "var": 0.00314626679756
    },
    "barkbands_kurtosis": {
        "dmean": 8.65608024597,
        "dmean2": 12.0398283005,
        "dvar": 35488.0039062,
        "dvar2": 44738.1015625,
        "max": 17465.828125,
        "mean": 12.7214736938,
        "median": 1.52692890167,
        "min": -1.87499153614,
        "var": 98113.953125
    },
    "barkbands_skewness": {
        "dmean": 0.681563854218,
        "dmean2": 1.02309918404,
        "dvar": 1.8708781004,
        "dvar2": 2.92328310013,
        "max": 120.241149902,
        "mean": 1.7427636385,
        "median": 1.47093474865,
        "min": -2.18658041954,
        "var": 7.85981273651
    },
    "barkbands_spread": {
        "dmean": 8.77411746979,
        "dmean2": 13.8033084869,
        "dvar": 93.5276565552,
        "dvar2": 202.325042725,
        "max": 134.929046631,
        "mean": 32.2072563171,
        "median": 29.9398097992,
        "min": 0.0207955315709,
        "var": 249.314682007
    },
    "dissonance": {
        "dmean": 0.0141889574006,
        "dmean2": 0.023827271536,
        "dvar": 0.000213643652387,
        "dvar2": 0.000572126067709,
        "max": 0.500000059605,
        "mean": 0.476065844297,
        "median": 0.48147726059,
        "min": 0.285201996565,
        "var": 0.000405826605856
    },
    "dynamic_complexity": 1.70938181877,
    "erbbands_crest": {
        "dmean": 2.4899225235,
        "dmean2": 4.04115247726,
        "dvar": 6.54275989532,
        "dvar2": 14.6734466553,
        "max": 34.0374641418,
        "mean": 7.74694824219,
        "median": 6.38866662979,
        "min": 1.95284831524,
        "var": 20.9974193573
    },
    "erbbands_flatness_db": {
        "dmean": 0.0136773595586,
        "dmean2": 0.0209252294153,
        "dvar": 0.00017352688883,
        "dvar2": 0.000372584123397,
        "max": 0.382692068815,
        "mean": 0.114231497049,
        "median": 0.0997299030423,
        "min": 0.0301938597113,
        "var": 0.00241270684637
    },
    "erbbands_kurtosis": {
        "dmean": 0.737846434116,
        "dmean2": 1.16784739494,
        "dvar": 1.95129692554,
        "dvar2": 4.37923717499,
        "max": 77.9514389038,
        "mean": 0.535632550716,
        "median": -0.0697157382965,
        "min": -1.63262867928,
        "var": 6.40545463562
    },
    "erbbands_skewness": {
        "dmean": 0.306676357985,
        "dmean2": 0.479162752628,
        "dvar": 0.085273720324,
        "dvar2": 0.188134148717,
        "max": 6.99207687378,
        "mean": 0.176184490323,
        "median": 0.0744755864143,
        "min": -2.79765987396,
        "var": 0.493982940912
    },
    "erbbands_spread": {
        "dmean": 9.31331825256,
        "dmean2": 14.3829298019,
        "dvar": 93.5674743652,
        "dvar2": 217.609313965,
        "max": 154.316680908,
        "mean": 44.5646781921,
        "median": 42.8024177551,
        "min": 1.89278149605,
        "var": 382.241363525
    },
    "hfc": {
        "dmean": 16.1877193451,
        "dmean2": 26.3605365753,
        "dvar": 486.430206299,
        "dvar2": 1197.11853027,
        "max": 294.485412598,
        "mean": 47.9793815613,
        "median": 39.6719093323,
        "min": 1.15392701303e-16,
        "var": 1223.07971191
    },
    "melbands_crest": {
        "dmean": 4.18265199661,
        "dmean2": 6.53244638443,
        "dvar": 15.8442821503,
        "dvar2": 38.3971557617,
        "max": 39.9944725037,
        "mean": 17.8533153534,
        "median": 17.7962837219,
        "min": 1.91783618927,
        "var": 51.077671051
    },
    "melbands_flatness_db": {
        "dmean": 0.0336701162159,
        "dmean2": 0.0511705391109,
        "dvar": 0.00116793473717,
        "dvar2": 0.00256458111107,
        "max": 0.84502184391,
        "mean": 0.182747647166,
        "median": 0.181867659092,
        "min": 0.00510195083916,
        "var": 0.00449129613116
    },
    "melbands_kurtosis": {
        "dmean": 92.1303482056,
        "dmean2": 144.516860962,
        "dvar": 15729663,
        "dvar2": 39608900,
        "max": 319613.75,
        "mean": 94.9358291626,
        "median": 9.66143226624,
        "min": -1.6575524807,
        "var": 14434803
    },
    "melbands_skewness": {
        "dmean": 1.18783378601,
        "dmean2": 1.80576741695,
        "dvar": 30.3609676361,
        "dvar2": 66.9042358398,
        "max": 509.727294922,
        "mean": 3.52840185165,
        "median": 2.77538609505,
        "min": -2.59838318825,
        "var": 65.3059005737
    },
    "melbands_spread": {
        "dmean": 9.26388263702,
        "dmean2": 14.7666091919,
        "dvar": 126.809494019,
        "dvar2": 294.287017822,
        "max": 137.631942749,
        "mean": 25.9145965576,
        "median": 22.1601638794,
        "min": 0.00165887468029,
        "var": 273.995391846
    },
    "pitch_salience": {
        "dmean": 0.0955822095275,
        "dmean2": 0.146918520331,
        "dvar": 0.00858880579472,
        "dvar2": 0.017530137673,
        "max": 0.987605154514,
        "mean": 0.479218184948,
        "median": 0.488160222769,
        "min": 0.00159077823628,
        "var": 0.0255655031651
    },
    "silence_rate_20dB": {
        "dmean": 0,
        "dmean2": 0,
        "dvar": 0,
        "dvar2": 0,
        "max": 1,
        "mean": 1,
        "median": 1,
        "min": 1,
        "var": 0
    },
    "silence_rate_30dB": {
        "dmean": 0.0870165750384,
        "dmean2": 0.174053177238,
        "dvar": 0.0794431865215,
        "dvar2": 0.191640242934,
        "max": 1,
        "mean": 0.903326034546,
        "median": 1,
        "min": 0,
        "var": 0.0873248055577
    },
    "silence_rate_60dB": {
        "dmean": 0.000690607761499,
        "dmean2": 0.00138137442991,
        "dvar": 0.00069013069151,
        "dvar2": 0.00160969444551,
        "max": 1,
        "mean": 0.00932213105261,
        "median": 0,
        "min": 0,
        "var": 0.0092351147905
    },
    "spectral_centroid": {
        "dmean": 302.991333008,
        "dmean2": 468.353942871,
        "dvar": 94133.828125,
        "dvar2": 199052.40625,
        "max": 10677.0361328,
        "mean": 1709.06945801,
        "median": 1699.15539551,
        "min": 254.849868774,
        "var": 397671.78125
    },
    "spectral_complexity": {
        "dmean": 6.20349931717,
        "dmean2": 9.69632816315,
        "dvar": 33.9000816345,
        "dvar2": 75.1642532349,
        "max": 60,
        "mean": 28.5914382935,
        "median": 29,
        "min": 0,
        "var": 124.155227661
    },
    "spectral_decrease": {
        "dmean": 3.66992258805e-09,
        "dmean2": 5.529385394e-09,
        "dvar": 1.79169686416e-17,
        "dvar2": 4.23233346247e-17,
        "max": 3.20973107212e-29,
        "mean": -1.33182789241e-08,
        "median": -1.11601403674e-08,
        "min": -5.50631469309e-08,
        "var": 7.32833450676e-17
    },
    "spectral_energy": {
        "dmean": 0.014054630883,
        "dmean2": 0.0212339907885,
        "dvar": 0.000248146388913,
        "dvar2": 0.000593155098613,
        "max": 0.212273150682,
        "mean": 0.0546181835234,
        "median": 0.0462735965848,
        "min": 1.05681620958e-20,
        "var": 0.00113060150761
    },
    "spectral_energyband_high": {
        "dmean": 0.00127287278883,
        "dmean2": 0.00205345917493,
        "dvar": 3.4831789435e-06,
        "dvar2": 8.61967237142e-06,
        "max": 0.0267569795251,
        "mean": 0.00312622217461,
        "median": 0.00233931420371,
        "min": 7.5552738446e-21,
        "var": 8.97659538168e-06
    },
    "spectral_energyband_low": {
        "dmean": 0.0132207758725,
        "dmean2": 0.0199589952826,
        "dvar": 0.000328109308612,
        "dvar2": 0.000752389838453,
        "max": 0.19282707572,
        "mean": 0.0328520834446,
        "median": 0.0222295001149,
        "min": 5.97877616958e-23,
        "var": 0.00102041428909
    },
    "spectral_energyband_middle_high": {
        "dmean": 0.00401390250772,
        "dmean2": 0.00648270314559,
        "dvar": 2.37673320953e-05,
        "dvar2": 5.46343399037e-05,
        "max": 0.142776012421,
        "mean": 0.00973239634186,
        "median": 0.0077598518692,
        "min": 1.45806072404e-21,
        "var": 6.10857823631e-05
    },
    "spectral_energyband_middle_low": {
        "dmean": 0.00382275157608,
        "dmean2": 0.00594967417419,
        "dvar": 2.61183231487e-05,
        "dvar2": 5.30321012775e-05,
        "max": 0.087842874229,
        "mean": 0.00983070675284,
        "median": 0.00793114770204,
        "min": 1.69135274311e-22,
        "var": 6.36059630779e-05
    },
    "spectral_entropy": {
        "dmean": 0.137718498707,
        "dmean2": 0.209551855922,
        "dvar": 0.0186715032905,
        "dvar2": 0.0420912578702,
        "max": 9.80109405518,
        "mean": 8.01622104645,
        "median": 8.09190177917,
        "min": 6.45568323135,
        "var": 0.121519722044
    },
    "spectral_flux": {
        "dmean": 0.0355860702693,
        "dmean2": 0.0581661239266,
        "dvar": 0.0014467734145,
        "dvar2": 0.0038402127102,
        "max": 0.329783439636,
        "mean": 0.121414877474,
        "median": 0.112489514053,
        "min": 6.65545882295e-11,
        "var": 0.00346239539795
    },
    "spectral_kurtosis": {
        "dmean": 1.01008009911,
        "dmean2": 1.6767039299,
        "dvar": 4.21968841553,
        "dvar2": 13.4332380295,
        "max": 45.0517921448,
        "mean": 3.31781959534,
        "median": 2.49821805954,
        "min": -1.21130180359,
        "var": 10.063709259
    },
    "spectral_rms": {
        "dmean": 0.000911670562346,
        "dmean2": 0.00135718728416,
        "dvar": 8.3168998799e-07,
        "dvar2": 1.87010175523e-06,
        "max": 0.0143908215687,
        "mean": 0.00692362943664,
        "median": 0.00671900063753,
        "min": 3.21098139397e-12,
        "var": 5.34955006515e-06
    },
    "spectral_rolloff": {
        "dmean": 874.723327637,
        "dmean2": 1454.29821777,
        "dvar": 2124523.75,
        "dvar2": 4777672,
        "max": 18755.4199219,
        "mean": 1738.35876465,
        "median": 1291.9921875,
        "min": 21.533203125,
        "var": 3404778.75
    },
    "spectral_skewness": {
        "dmean": 0.149976804852,
        "dmean2": 0.245389118791,
        "dvar": 0.0316481739283,
        "dvar2": 0.0914546176791,
        "max": 4.54507398605,
        "mean": 1.43181657791,
        "median": 1.3496761322,
        "min": 0.0358535796404,
        "var": 0.12965656817
    },
    "spectral_spread": {
        "dmean": 620149.3125,
        "dmean2": 926040.5625,
        "dvar": 468471676928,
        "dvar2": 940780552192,
        "max": 41259212,
        "mean": 6196082,
        "median": 6419238.5,
        "min": 996380.375,
        "var": 3.81542046106e+12
    },
    "spectral_strongpeak": {
        "dmean": 0.404603689909,
        "dmean2": 0.688636600971,
        "dvar": 0.667582094669,
        "dvar2": 1.70251774788,
        "max": 17.0321826935,
        "mean": 0.803013861179,
        "median": 0.522929012775,
        "min": 0,
        "var": 1.1143912077
    },
    "zerocrossingrate": {
        "dmean": 0.0168427806348,
        "dmean2": 0.0211148057133,
        "dvar": 0.000384679646231,
        "dvar2": 0.000556046841666,
        "max": 0.6162109375,
        "mean": 0.077604688704,
        "median": 0.068359375,
        "min": 0,
        "var": 0.00195712572895
    },
    "barkbands": {
        "dmean": [0.00188889517449, 0.0119016617537, 0.00472371466458, 0.00179582159035, 0.00129714806098, 0.000927978544496, 0.000932506343815, 0.000806866388302, 0.000915423734114, 0.00113151490223, 0.000553969061002, 0.000904404674657, 0.00100119609851, 0.000666935287882, 0.000651399313938, 0.000481289054733, 0.000418216222897, 0.000325704546412, 0.000309387192829, 0.000235032450291, 0.00025284694857, 0.000209154299228, 0.000215603722609, 0.00026013047318, 0.000282146123936, 0.000207070814213, 6.92238754709e-05],
        "dmean2": [0.00317617086694, 0.0168302431703, 0.00743518862873, 0.0029753332492, 0.00217644474469, 0.0014611016959, 0.00147863244638, 0.00124860205688, 0.00144513079431, 0.00180080370046, 0.000930378504563, 0.00143869279418, 0.00162159791216, 0.00112052401528, 0.00108690967318, 0.000809868273791, 0.000704794772901, 0.000555247010197, 0.000523022026755, 0.000392996647861, 0.000416599359596, 0.000344626954757, 0.000355127791408, 0.000421323464252, 0.000457016663859, 0.000326914305333, 0.00011312380957],
        "dvar": [2.01122365979e-05, 0.00027523143217, 9.21936880331e-05, 1.55115867528e-05, 5.36069319423e-06, 3.89203660234e-06, 2.49609274761e-06, 3.14530393553e-06, 3.87886666431e-06, 5.12142742082e-06, 1.1232154975e-06, 4.60367846244e-06, 2.98579425362e-06, 1.36145240504e-06, 8.84064093043e-07, 6.01479712259e-07, 4.03228227697e-07, 2.45934728582e-07, 2.14174647795e-07, 1.18130571991e-07, 1.19009555988e-07, 8.50992876167e-08, 9.25552399167e-08, 1.82156753681e-07, 2.50636929877e-07, 1.36982464483e-07, 1.30489636874e-08],
        "dvar2": [5.33544516657e-05, 0.00056647794554, 0.000207328455872, 4.00074168283e-05, 1.43502720675e-05, 8.32689693198e-06, 5.50471895622e-06, 5.81848598813e-06, 8.18423905002e-06, 1.00542047221e-05, 2.61343620878e-06, 7.95760752226e-06, 6.77230764268e-06, 3.37375468007e-06, 2.1434818791e-06, 1.55948430347e-06, 1.05585002075e-06, 6.52333710605e-07, 5.79443451443e-07, 3.1815238799e-07, 3.07682853418e-07, 2.1901269065e-07, 2.33931274352e-07, 4.54780092696e-07, 6.38147128029e-07, 3.30222519551e-07, 3.30808269666e-08],
        "max": [0.0618699677289, 0.190785735846, 0.0957853868604, 0.0482674874365, 0.0365901514888, 0.0782215222716, 0.0371513403952, 0.0569142363966, 0.0753539949656, 0.055791914463, 0.0340584255755, 0.141444846988, 0.0309478398412, 0.0246656909585, 0.0166305471212, 0.0181015729904, 0.00789820868522, 0.0101035330445, 0.0101109016687, 0.00629863375798, 0.00458810245618, 0.00555867841467, 0.00574600556865, 0.00988315418363, 0.00589269120246, 0.00515573564917, 0.00137277017348],
        "mean": [0.00223188428208, 0.0241952668875, 0.00559519277886, 0.00208679866046, 0.00182355719153, 0.00154498883057, 0.00148184620775, 0.00130898971111, 0.00142878375482, 0.0017788837431, 0.000750394945499, 0.00133223365992, 0.00148741609883, 0.000941378937569, 0.00096875714371, 0.000699022610206, 0.000625171756838, 0.00049107207451, 0.000502981536556, 0.000419295480242, 0.000516173546202, 0.000449424434919, 0.000441812269855, 0.000501904112753, 0.000509517907631, 0.000388742249925, 0.00011671869288],
        "median": [0.00039668433601, 0.0115326289088, 0.00179529900197, 0.000856553728227, 0.00108946324326, 0.000623453874141, 0.000701926648617, 0.000408026156947, 0.000607196008787, 0.000766790937632, 0.000376392476028, 0.000528524513356, 0.000737984315492, 0.00049749360187, 0.00054919149261, 0.000427059014328, 0.000388447922887, 0.000316519726766, 0.000334795098752, 0.000301172171021, 0.000386459898436, 0.000321930565406, 0.000307194743073, 0.000316039309837, 0.000276554463198, 0.000220091562369, 5.01199938299e-05],
        "min": [8.55475002185e-24, 3.02365588697e-23, 5.68775772969e-24, 8.53839930187e-24, 9.91429026085e-24, 7.67241619911e-24, 2.99415501347e-23, 2.57387169573e-23, 3.5816304581e-23, 5.48729184426e-23, 1.20318863867e-23, 6.31406666676e-23, 5.09205675352e-23, 7.99737971818e-23, 8.20601638821e-23, 7.4753620582e-23, 1.47156359936e-22, 1.03181327707e-22, 1.91750010576e-22, 1.95333471191e-22, 3.18949792575e-22, 4.41233759444e-22, 5.38963502938e-22, 5.51580279198e-22, 1.21839897502e-21, 1.72360246239e-21, 2.22650202153e-21],
        "var": [2.47370062425e-05, 0.000809962395579, 0.000109963126306, 1.49202214743e-05, 6.0111287894e-06, 1.03299480543e-05, 5.65328582525e-06, 1.01069581433e-05, 8.29985765449e-06, 1.23273048303e-05, 1.88515548416e-06, 1.33723133331e-05, 5.43462192582e-06, 2.20704896492e-06, 1.49890149714e-06, 7.54259644964e-07, 5.6464705267e-07, 3.31232598683e-07, 3.18960644563e-07, 1.89848023524e-07, 2.56136729604e-07, 2.14566298951e-07, 2.05854064461e-07, 3.43031558714e-07, 4.08122247109e-07, 2.42921771587e-07, 2.62319499456e-08]
    },
    "erbbands": {
        "dmean": [0.439769029617, 2.64092946053, 5.0679192543, 5.73752450943, 4.50791311264, 4.1647028923, 5.88448762894, 7.95270586014, 13.6198682785, 11.4397726059, 18.5123920441, 21.6386299133, 19.8575019836, 37.0963935852, 25.8887386322, 33.5608825684, 47.1677627563, 27.5807952881, 37.4745674133, 29.550535202, 26.3625793457, 21.4608383179, 18.4860305786, 16.1919021606, 13.3724775314, 11.4625425339, 10.2516946793, 10.1633148193, 7.62683010101, 6.46773862839, 6.26591205597, 5.45668029785, 4.64606142044, 3.19030356407, 2.04645895958, 1.09222733974, 0.349451541901, 0.0986595377326, 0.0114414645359, 0.000162902113516],
        "dmean2": [0.64304381609, 3.71321558952, 7.44006299973, 9.14374542236, 7.12889957428, 7.02100419998, 9.5404253006, 12.5811223984, 21.754907608, 18.1487674713, 28.506280899, 33.9571456909, 32.6528739929, 58.9112167358, 42.3828125, 53.4521484375, 75.9219284058, 46.5817565918, 62.2510643005, 48.9041900635, 44.2788963318, 36.4538116455, 31.4345474243, 27.3016262054, 22.561662674, 19.2121658325, 16.8902397156, 16.9785995483, 12.6026344299, 10.7958784103, 10.2719449997, 8.94957542419, 7.48907899857, 5.29929828644, 3.23644280434, 1.72398126125, 0.556395530701, 0.158172518015, 0.0186363346875, 0.000263026042376],
        "dvar": [0.569741010666, 13.8500747681, 72.6779556274, 200.927764893, 51.3268737793, 62.6826210022, 165.273971558, 253.468292236, 570.469604492, 396.159210205, 1724.1965332, 2294.77441406, 1009.44866943, 6354.875, 2141.94970703, 7331.03369141, 7045.02392578, 2429.09082031, 3273.85913086, 2494.51196289, 2164.86035156, 1023.72650146, 785.114318848, 592.145385742, 402.178649902, 305.422027588, 212.218688965, 201.461959839, 117.210502625, 80.1896591187, 75.2257537842, 77.7796478271, 67.7939147949, 32.7830467224, 13.4324522018, 3.62858891487, 0.43177318573, 0.0280981138349, 0.000375454372261, 7.22579045487e-08],
        "dvar2": [1.22414457798, 28.9699745178, 154.102752686, 519.051269531, 122.105514526, 171.703582764, 415.95199585, 549.02130127, 1261.18115234, 952.926025391, 3123.92504883, 4645.05273438, 2502.19384766, 12604.3173828, 4800.85888672, 11297.2421875, 15719.2402344, 6330.23095703, 7794.70654297, 5899.05957031, 5637.04980469, 2741.60253906, 2093.10449219, 1616.44165039, 1073.00549316, 830.802185059, 551.12689209, 530.090454102, 303.917572021, 208.108581543, 190.240386963, 197.094039917, 165.234329224, 87.6815032959, 33.1406517029, 8.67688369751, 1.06425285339, 0.0700939074159, 0.00095564633375, 1.82423875117e-07],
        "max": [6.28517484665, 44.7194747925, 94.9583129883, 162.173461914, 118.816322327, 140.599609375, 354.372650146, 594.722290039, 555.716369629, 436.223358154, 1556.81347656, 1771.64038086, 619.677856445, 2173.78710938, 965.049987793, 7125.05859375, 1528.67810059, 978.285705566, 1165.57446289, 1311.64892578, 1259.69396973, 470.225402832, 641.318237305, 508.199645996, 443.63394165, 321.742950439, 335.169708252, 172.592941284, 174.537475586, 136.563613892, 114.372299194, 297.055297852, 159.330841064, 80.0873947144, 47.9483909607, 20.3968658447, 11.0467395782, 2.23822832108, 0.253100454807, 0.003725055838],
        "mean": [0.738060235977, 5.13773536682, 7.82019901276, 6.883289814, 6.47805356979, 5.55368518829, 8.99370384216, 13.5404605865, 21.5976676941, 18.8617286682, 32.1215438843, 34.7175598145, 31.789522171, 61.2020149231, 41.826210022, 52.9520492554, 71.6041412354, 40.9541893005, 58.6864433289, 44.3414268494, 39.0700340271, 33.999294281, 29.6234321594, 26.858045578, 23.0819950104, 20.6335449219, 19.8691425323, 20.0879669189, 16.3166351318, 13.8004131317, 12.594367981, 10.5628795624, 8.41324234009, 5.65859508514, 3.62582373619, 1.8788254261, 0.666988432407, 0.192567497492, 0.0189167801291, 0.000347227964085],
        "median": [0.212737068534, 2.53859591484, 3.78261375427, 2.86816763878, 3.60619974136, 3.07103943825, 4.17268562317, 5.99900150299, 10.1125011444, 9.8793258667, 12.2301826477, 15.0499296188, 17.6615467072, 28.0204277039, 22.8842334747, 25.9574584961, 35.1045188904, 25.3798809052, 33.8393516541, 25.3229408264, 24.2845458984, 22.5571746826, 20.0121459961, 18.6276397705, 16.2063217163, 14.8965759277, 14.6077203751, 14.6472177505, 11.870095253, 10.2154016495, 8.51203727722, 6.95283555984, 4.87112760544, 3.23712468147, 1.86775445938, 0.974416315556, 0.384465277195, 0.103124514222, 0.00785537157208, 0.000208360914257],
        "min": [5.03798885817e-22, 4.82262049093e-21, 5.43412224059e-21, 1.73874253332e-20, 2.36461630378e-20, 3.30215379604e-20, 7.86700849067e-20, 5.40431796993e-20, 4.42782182178e-19, 6.0898365355e-19, 4.61738111589e-19, 6.66407772444e-19, 1.02502091517e-18, 1.70750302997e-18, 9.42234714917e-19, 2.51186938084e-18, 2.35151938512e-18, 3.51633196266e-18, 5.10762107965e-18, 6.31636315157e-18, 4.87202142963e-18, 8.68852152016e-18, 5.82718342656e-18, 8.71601948526e-18, 1.4131480793e-17, 9.68519723049e-18, 9.11306369775e-18, 1.4785512651e-17, 1.5303028275e-17, 1.77468324788e-17, 1.24632171433e-17, 1.25355598781e-17, 1.16060355171e-17, 1.41022217603e-17, 7.98346833479e-18, 5.66770796754e-18, 3.02904296574e-18, 1.12021358385e-18, 2.92340517727e-19, 3.26328147713e-20],
        "var": [1.21492516994, 38.8465576172, 124.338722229, 178.708770752, 78.3504562378, 66.6491699219, 288.984039307, 673.811218262, 1270.29260254, 769.85345459, 5640.14208984, 5151.77246094, 1793.63671875, 15470.6708984, 4071.98754883, 24623.2597656, 13040.7011719, 3068.47583008, 6283.6171875, 3753.60424805, 2584.44213867, 1396.05981445, 1098.93579102, 836.893676758, 619.444641113, 477.694458008, 405.156097412, 415.468688965, 277.707641602, 189.893386841, 165.136428833, 142.215301514, 117.820129395, 49.0437088013, 22.7655963898, 5.99773836136, 0.744790494442, 0.0618031062186, 0.000719044648577, 1.58031568276e-07]
    },
    "gfcc": {
        "mean": [61.486038208, 52.3064804077, -101.448348999, 26.2969551086, -44.0982818604, 27.3059310913, -27.4947891235, 14.3715438843, -19.0410175323, 9.63608837128, -14.9333229065, 5.13541269302, -13.1393213272],
        "cov": [[11915.5849609, -1316.90527344, 254.447021484, 138.724151611, -199.745574951, 346.414550781, -278.775024414, 225.782730103, -291.230407715, 213.633956909, -364.20614624, 127.975440979, -274.504943848], [-1316.90527344, 2317.40869141, -631.230712891, 147.115615845, 136.988922119, -265.200836182, 91.8322753906, -198.677444458, 191.909286499, -183.830169678, 226.484817505, -135.329483032, 170.660705566], [254.447021484, -631.230712891, 835.549621582, 155.231689453, 119.933944702, 175.928894043, 42.1046485901, 121.474632263, -34.0418891907, 106.064819336, -89.2093276978, 46.4688606262, -65.4803237915], [138.724151611, 147.115615845, 155.231689453, 506.309844971, 176.988037109, 88.6480712891, 51.3529815674, 39.5498123169, 37.9442977905, 0.949905514717, 29.9209804535, -31.100227356, 3.51272296906], [-199.745574951, 136.988922119, 119.933944702, 176.988037109, 344.357421875, 86.1819763184, 120.683204651, 18.7888717651, 53.1046142578, 0.83968180418, 11.1654033661, -12.0515108109, 10.0808172226], [346.414550781, -265.200836182, 175.928894043, 88.6480712891, 86.1819763184, 226.374038696, 60.6447906494, 91.9228897095, -11.6175851822, 33.1776008606, -33.7098350525, 12.7783193588, -28.9604873657], [-278.775024414, 91.8322753906, 42.1046485901, 51.3529815674, 120.683204651, 60.6447906494, 211.007156372, 90.2707138062, 91.5528717041, 28.1481704712, 39.2896842957, 18.1460475922, 30.4293212891], [225.782730103, -198.677444458, 121.474632263, 39.5498123169, 18.7888717651, 91.9228897095, 90.2707138062, 160.834655762, 59.5208587646, 58.1130256653, -12.6041507721, 22.7007331848, -9.21441078186], [-291.230407715, 191.909286499, -34.0418891907, 37.9442977905, 53.1046142578, -11.6175851822, 91.5528717041, 59.5208587646, 139.609909058, 40.7358551025, 61.2956161499, -3.95628166199, 35.4115867615], [213.633956909, -183.830169678, 106.064819336, 0.949905514717, 0.83968180418, 33.1776008606, 28.1481704712, 58.1130256653, 40.7358551025, 110.566841125, 23.8201026917, 43.3973464966, -6.20652151108], [-364.20614624, 226.484817505, -89.2093276978, 29.9209804535, 11.1654033661, -33.7098350525, 39.2896842957, -12.6041507721, 61.2956161499, 23.8201026917, 119.414199829, 26.9600086212, 46.2477989197], [127.975440979, -135.329483032, 46.4688606262, -31.100227356, -12.0515108109, 12.7783193588, 18.1460475922, 22.7007331848, -3.95628166199, 43.3973464966, 26.9600086212, 88.7039413452, 33.3392829895], [-274.504943848, 170.660705566, -65.4803237915, 3.51272296906, 10.0808172226, -28.9604873657, 30.4293212891, -9.21441078186, 35.4115867615, -6.20652151108, 46.2477989197, 33.3392829895, 90.349647522]],
        "icov": [[0.000121882323583, -5.31690566277e-05, 0.000120723576401, -0.000117632822366, 3.13013479172e-05, -0.000102853606222, 0.000154719600687, -0.00014236640709, 0.000131509208586, -0.000341758801369, 0.000475028675282, -0.000420406315243, 0.000296672573313], [-5.31690566277e-05, 0.00109817029443, 0.000184045900824, -0.000133671332151, -0.000218672561459, 0.000468393496703, -0.000374803232262, 0.000777202425525, -0.000913291820325, 0.00125419371761, -0.00141719728708, 0.0015925449552, -0.00113536405843], [0.000120723576401, 0.000184045900824, 0.00219661323354, -0.000710538763087, -0.000515823950991, -0.000318388279993, 2.45376722887e-05, -0.000434440211393, 0.000646796717774, -0.00188479502685, 0.00177584867924, -0.00103784666862, 0.000632653420325], [-0.000117632822366, -0.000133671332151, -0.000710538763087, 0.0030723316595, -0.00132929126266, -0.000504341733176, 0.000770512153395, -0.00118753244169, 0.000540607143193, 0.000630411726888, -0.00235317274928, 0.00223032105714, -0.000920318590943], [3.13013479172e-05, -0.000218672561459, -0.000515823950991, -0.00132929126266, 0.00539337471128, -0.00183381547686, -0.00288624851964, 0.00347023480572, -0.00229156203568, 0.000373026850866, 0.00180975405965, -0.000963977247011, 0.00067552505061], [-0.000102853606222, 0.000468393496703, -0.000318388279993, -0.000504341733176, -0.00183381547686, 0.00838285125792, -0.00117127073463, -0.00445971265435, 0.00395027827471, -0.000408739666454, -0.00109254883137, 0.00154743425082, -0.000165207355167], [0.000154719600687, -0.000374803232262, 2.45376722887e-05, 0.000770512153395, -0.00288624851964, -0.00117127073463, 0.0106736933812, -0.00514541892335, -0.0030612682458, 0.0016017255839, -0.001282856334, -0.00205151666887, -0.000283604545984], [-0.00014236640709, 0.000777202425525, -0.000434440211393, -0.00118753244169, 0.00347023480572, -0.00445971265435, -0.00514541892335, 0.0180409420282, -0.00988811906427, -0.000824445043691, 0.00536813028157, -0.00367419118993, 0.00201377342455], [0.000131509208586, -0.000913291820325, 0.000646796717774, 0.000540607143193, -0.00229156203568, 0.00395027827471, -0.0030612682458, -0.00988811906427, 0.023584742099, -0.00940544437617, -0.00635266024619, 0.0105371810496, -0.00640949234366], [-0.000341758801369, 0.00125419371761, -0.00188479502685, 0.000630411726888, 0.000373026850866, -0.000408739666454, 0.0016017255839, -0.000824445043691, -0.00940544437617, 0.0217375382781, -0.00555955106393, -0.00774473696947, 0.00528918253258], [0.000475028675282, -0.00141719728708, 0.00177584867924, -0.00235317274928, 0.00180975405965, -0.00109254883137, -0.001282856334, 0.00536813028157, -0.00635266024619, -0.00555955106393, 0.0211922060698, -0.00958742480725, 0.000724077341147], [-0.000420406315243, 0.0015925449552, -0.00103784666862, 0.00223032105714, -0.000963977247011, 0.00154743425082, -0.00205151666887, -0.00367419118993, 0.0105371810496, -0.00774473696947, -0.00958742480725, 0.0293764285743, -0.014798913151], [0.000296672573313, -0.00113536405843, 0.000632653420325, -0.000920318590943, 0.00067552505061, -0.000165207355167, -0.000283604545984, 0.00201377342455, -0.00640949234366, 0.00528918253258, 0.000724077341147, -0.014798913151, 0.0227465908974]]
    },
    "melbands": {
        "dmean": [0.00354442279786, 0.00246912892908, 0.000898758356925, 0.000309974653646, 0.000194067688426, 0.000178129164851, 0.000201768052648, 0.000137589537189, 0.000156059235451, 0.0001291949593, 0.000106159488496, 0.000162790063769, 8.42574154376e-05, 0.000108692824142, 0.000107330706669, 7.91574711911e-05, 5.29344761162e-05, 6.70485314913e-05, 4.13827146986e-05, 3.49396468664e-05, 3.20809849654e-05, 2.24059240281e-05, 2.43572867475e-05, 1.54004465003e-05, 1.39073272294e-05, 1.20810736917e-05, 8.71424708748e-06, 7.6731075751e-06, 7.13701410859e-06, 6.42752183921e-06, 6.50208812658e-06, 4.75061278848e-06, 4.31474018114e-06, 3.84971281164e-06, 3.7767779304e-06, 3.89999331674e-06, 3.39669736604e-06, 3.49692663804e-06, 2.94242408927e-06, 2.79879577647e-06],
        "dmean2": [0.00504331709817, 0.00372498063371, 0.00137667369563, 0.000511921825819, 0.000316439283779, 0.000280778156593, 0.000321098341374, 0.000216628206545, 0.000241082540015, 0.000204449883313, 0.000173923923285, 0.000257978303125, 0.000139123818371, 0.00017282301269, 0.000174035143573, 0.00012892340601, 8.97516001714e-05, 0.000111299515993, 6.96312417858e-05, 5.80781925237e-05, 5.42138259334e-05, 3.83688420698e-05, 4.11621222156e-05, 2.62152680079e-05, 2.35186034843e-05, 2.04396201298e-05, 1.46158590724e-05, 1.29355585159e-05, 1.18676116472e-05, 1.07949899757e-05, 1.09329466795e-05, 7.87835597293e-06, 7.18320870874e-06, 6.45662748866e-06, 6.22408515483e-06, 6.39125391899e-06, 5.61199976801e-06, 5.65265509067e-06, 4.84694874103e-06, 4.66464371129e-06],
        "dvar": [2.80048589048e-05, 1.34578485813e-05, 3.89693786929e-06, 2.82761021708e-07, 1.67206323454e-07, 1.29140858007e-07, 1.23549583009e-07, 5.86510928713e-08, 1.11848251549e-07, 7.34212761699e-08, 2.91036030831e-08, 1.25541319562e-07, 2.48396236913e-08, 7.29766256313e-08, 3.38020633706e-08, 1.59758304363e-08, 8.83139961161e-09, 1.13400426827e-08, 3.49663764609e-09, 3.14225245823e-09, 3.45743389474e-09, 1.21303000977e-09, 1.55164925353e-09, 6.65092758645e-10, 4.63503235792e-10, 3.42455203084e-10, 1.67487870795e-10, 1.37545738688e-10, 1.21971724387e-10, 7.80042211379e-11, 9.0396322372e-11, 4.80631680289e-11, 3.70776950809e-11, 3.01008419579e-11, 2.72125932899e-11, 4.4582761094e-11, 3.17451169518e-11, 4.00651595234e-11, 2.48801639013e-11, 2.67882868665e-11],
        "dvar2": [5.81320127822e-05, 2.82491018879e-05, 9.65041726886e-06, 7.45128829749e-07, 4.27975493267e-07, 2.77895082945e-07, 2.70785250223e-07, 1.31827178507e-07, 2.10244294863e-07, 1.53166183736e-07, 7.05328488948e-08, 2.45363764861e-07, 5.68295526193e-08, 1.28246369968e-07, 7.33392653274e-08, 3.75893911553e-08, 2.31615029378e-08, 2.67936783871e-08, 8.61909743577e-09, 7.71535457744e-09, 9.05419650366e-09, 3.27170934789e-09, 3.99409616492e-09, 1.77583492356e-09, 1.2696617091e-09, 9.14196496282e-10, 4.45512987612e-10, 3.76307346395e-10, 3.1862595895e-10, 2.04186320629e-10, 2.40473502222e-10, 1.2716815101e-10, 9.54469489556e-11, 8.00780691756e-11, 6.92871524044e-11, 1.10448879209e-10, 8.19478582215e-11, 9.91090542968e-11, 6.36334457349e-11, 7.27239171661e-11],
        "max": [0.0560224466026, 0.0455174408853, 0.0232623871416, 0.00816308241338, 0.0103465756401, 0.0138329258189, 0.00856904033571, 0.00626985169947, 0.0117567814887, 0.00956581160426, 0.00310634193011, 0.00930352509022, 0.00476930150762, 0.0165319889784, 0.007235202007, 0.0019468551036, 0.00166160881054, 0.00256624538451, 0.001093020197, 0.00133154517971, 0.00158769567497, 0.000570140837226, 0.000640210171696, 0.000601157720666, 0.000420667522121, 0.000429478823207, 0.000259899563389, 0.000222257847781, 0.00034348067129, 0.000104773724161, 0.000136758113513, 0.000114160451631, 0.000119978489238, 9.44172934396e-05, 7.27168371668e-05, 0.000179525624844, 0.000168376151123, 0.000106353843876, 7.54848806537e-05, 9.26113789319e-05],
        "mean": [0.00680066691712, 0.00522965285927, 0.00120598450303, 0.000432492000982, 0.000301021820633, 0.000304317014525, 0.000320801103953, 0.000225802272325, 0.000269195996225, 0.000201248505618, 0.000163960154168, 0.000264394708211, 0.000125999096781, 0.000159550356329, 0.000157793110702, 0.00011952190107, 7.26069119992e-05, 0.000100903802377, 6.11977593508e-05, 5.15683314006e-05, 4.35973888671e-05, 3.24035499943e-05, 3.58537618013e-05, 2.2971915314e-05, 2.13408093259e-05, 1.93348751054e-05, 1.44008135976e-05, 1.29853060571e-05, 1.25336227939e-05, 1.14335734906e-05, 1.1937081581e-05, 9.28831468627e-06, 8.37378775032e-06, 7.45624402043e-06, 7.26696998754e-06, 6.90355454935e-06, 6.24276526651e-06, 6.08618347542e-06, 5.04733270645e-06, 4.69800988867e-06],
        "median": [0.00281742890365, 0.00289938622154, 0.000616845325567, 0.000250302400673, 0.000152184584294, 0.000133529785671, 0.000150645733811, 0.000107579100586, 0.000106582185254, 8.54370664456e-05, 8.57178019942e-05, 0.000115429145808, 6.70421213727e-05, 5.73631477891e-05, 7.75459629949e-05, 6.30569338682e-05, 4.09755084547e-05, 5.49281940039e-05, 3.6524990719e-05, 2.96428570437e-05, 2.51555702562e-05, 2.04442239919e-05, 2.06940603675e-05, 1.43013812703e-05, 1.38556861202e-05, 1.25927208501e-05, 9.74035901891e-06, 9.15063174034e-06, 8.55643065734e-06, 8.18111311673e-06, 8.27012627269e-06, 6.37755556454e-06, 5.81478934691e-06, 5.32195235792e-06, 4.86890212414e-06, 4.44902207164e-06, 4.05256696467e-06, 3.46803608409e-06, 2.92414279102e-06, 2.61017589764e-06],
        "min": [9.21721647739e-24, 4.67508041958e-24, 3.87302068813e-24, 1.76987886062e-24, 2.66047639578e-24, 1.11752875733e-24, 7.94017767845e-24, 7.22278914896e-24, 3.32345639977e-24, 3.85662973624e-24, 5.76940996098e-24, 8.31530786015e-24, 2.27713772192e-24, 5.42493885836e-24, 9.83815177286e-24, 3.93088797426e-24, 6.40680286708e-24, 8.07577892375e-24, 5.98933807047e-24, 4.35247772455e-24, 5.92235076341e-24, 8.90108046963e-24, 7.56565097533e-24, 4.90920526435e-24, 6.52605063139e-24, 7.01210017839e-24, 9.77460823808e-24, 5.57195097666e-24, 5.06126885346e-24, 7.07993432763e-24, 9.10637599818e-24, 8.34553464345e-24, 8.97120547093e-24, 1.08692316302e-23, 6.3119277493e-24, 9.20462783507e-24, 6.12966064829e-24, 6.71265252308e-24, 9.80804174097e-24, 1.21292830984e-23],
        "var": [7.4440620665e-05, 3.40793885698e-05, 3.97673056796e-06, 3.44358710436e-07, 2.77578180885e-07, 3.47777159959e-07, 2.80313827261e-07, 1.38708145414e-07, 3.38099454211e-07, 1.62931826253e-07, 5.29510906233e-08, 3.07179021775e-07, 4.38862990393e-08, 2.03963708145e-07, 7.12012635518e-08, 2.8435511723e-08, 1.08812585609e-08, 2.21663487565e-08, 5.44396527857e-09, 4.52117010497e-09, 3.86893095339e-09, 1.44597345209e-09, 2.29250307626e-09, 8.72481642489e-10, 6.10598960282e-10, 5.26336141338e-10, 2.50567039339e-10, 2.01004032863e-10, 1.98303984345e-10, 1.3632675544e-10, 1.72245190333e-10, 9.88664775048e-11, 8.23493148672e-11, 6.05524658193e-11, 5.62519753e-11, 7.32252800062e-11, 5.39029897106e-11, 6.62827501219e-11, 3.9572574384e-11, 3.74982267459e-11]
    },
    "mfcc": {
        "mean": [-585.165588379, 94.3494110107, 3.57639503479, 12.8390035629, 9.52903556824, 14.5188179016, 7.96235561371, 8.91405487061, 5.60390424728, 6.39698410034, 4.41047716141, 5.0010509491, 2.12054467201],
        "cov": [[5053.8046875, -831.242431641, 305.623168945, 15.4603691101, 113.9947052, 113.972923279, 66.0812988281, 26.2571620941, 83.5126800537, 24.5498428345, 48.5549697876, -14.5347986221, -24.5222549438], [-831.242431641, 1574.35449219, -341.16317749, 133.630966187, -20.6712150574, -33.5002326965, -68.951423645, -20.6466846466, -56.4884109497, -11.0021286011, -43.2528610229, 15.7169151306, 6.94883680344], [305.623168945, -341.16317749, 528.414123535, 76.2054824829, 80.1022567749, 62.9269256592, 60.5605926514, 28.2440109253, 52.7239151001, 32.9823989868, 37.654045105, 7.38511276245, 5.70601892471], [15.4603691101, 133.630966187, 76.2054824829, 390.582244873, 144.40802002, 95.7746734619, 50.7102928162, 40.3141899109, 31.0036659241, 35.8215332031, 25.079328537, 29.7622203827, 16.718580246], [113.9947052, -20.6712150574, 80.1022567749, 144.40802002, 231.395004272, 118.824310303, 72.3710861206, 37.430934906, 34.9170150757, 20.9219074249, 11.2962903976, 5.23105669022, -0.478871673346], [113.972923279, -33.5002326965, 62.9269256592, 95.7746734619, 118.824310303, 151.352966309, 88.849571228, 45.3620796204, 38.7695045471, 21.3924446106, 16.0424213409, 12.7811040878, 10.5466146469], [66.0812988281, -68.951423645, 60.5605926514, 50.7102928162, 72.3710861206, 88.849571228, 129.602096558, 78.0250473022, 58.2050285339, 29.0273189545, 25.451915741, 19.9187984467, 19.5255680084], [26.2571620941, -20.6466846466, 28.2440109253, 40.3141899109, 37.430934906, 45.3620796204, 78.0250473022, 114.727912903, 78.9723510742, 45.2584075928, 26.1498394012, 22.158246994, 18.9578323364], [83.5126800537, -56.4884109497, 52.7239151001, 31.0036659241, 34.9170150757, 38.7695045471, 58.2050285339, 78.9723510742, 125.677459717, 69.9102859497, 40.1019859314, 19.1687049866, 17.9282817841], [24.5498428345, -11.0021286011, 32.9823989868, 35.8215332031, 20.9219074249, 21.3924446106, 29.0273189545, 45.2584075928, 69.9102859497, 97.2479782104, 56.6170310974, 30.4364929199, 17.6684627533], [48.5549697876, -43.2528610229, 37.654045105, 25.079328537, 11.2962903976, 16.0424213409, 25.451915741, 26.1498394012, 40.1019859314, 56.6170310974, 83.6764755249, 49.6503829956, 23.1930885315], [-14.5347986221, 15.7169151306, 7.38511276245, 29.7622203827, 5.23105669022, 12.7811040878, 19.9187984467, 22.158246994, 19.1687049866, 30.4364929199, 49.6503829956, 76.2405776978, 41.2598953247], [-24.5222549438, 6.94883680344, 5.70601892471, 16.718580246, -0.478871673346, 10.5466146469, 19.5255680084, 18.9578323364, 17.9282817841, 17.6684627533, 23.1930885315, 41.2598953247, 66.3276824951]],
