{
"lowlevel": {
    "average_loudness": 0.952854037285,
    "barkbands_crest": {
        "dmean": 3.32880234718,
        "dmean2": 5.45908164978,
        "dvar": 9.88013553619,
        "dvar2": 23.6787376404,
        "max": 25.0810413361,
        "mean": 12.7477807999,
        "median": 13.2234354019,
        "min": 1.86785376072,
        "var": 28.5526561737
    },
    "barkbands_flatness_db": {
        "dmean": 0.0286291465163,
        "dmean2": 0.0467344932258,
        "dvar": 0.00103807868436,
        "dvar2": 0.00233868556097,
        "max": 0.393892467022,
        "mean": 0.103290297091,
        "median": 0.0977945178747,
        "min": 0.00770939188078,
        "var": 0.00278873229399
    },
    "barkbands_kurtosis": {
        "dmean": 5.1474814415,
        "dmean2": 8.59142112732,
        "dvar": 169.566864014,
        "dvar2": 440.911895752,
        "max": 299.238586426,
        "mean": 5.47124481201,
        "median": 2.13342046738,
        "min": -1.83627140522,
        "var": 170.193725586
    },
    "barkbands_skewness": {
        "dmean": 0.806324958801,
        "dmean2": 1.28161776066,
        "dvar": 1.01868569851,
        "dvar2": 2.43771839142,
        "max": 16.0614948273,
        "mean": 1.92733418941,
        "median": 1.81447637081,
        "min": -3.03582906723,
        "var": 2.52491545677
    },
    "barkbands_spread": {
        "dmean": 11.4347677231,
        "dmean2": 18.2501926422,
        "dvar": 131.217666626,
        "dvar2": 332.746154785,
        "max": 119.677566528,
        "mean": 41.2047119141,
        "median": 39.7178497314,
        "min": 0.339113980532,
        "var": 426.415405273
    },
    "dissonance": {
        "dmean": 0.0115790711716,
        "dmean2": 0.0196826756001,
        "dvar": 0.0001848457905,
        "dvar2": 0.000534129736479,
        "max": 0.500000059605,
        "mean": 0.482716619968,
        "median": 0.486380666494,
        "min": 0.186221450567,
        "var": 0.000281021348201
    },
    "dynamic_complexity": 2.16517138481,
    "erbbands_crest": {
        "dmean": 2.4658074379,
        "dmean2": 4.13810634613,
        "dvar": 7.74821519852,
        "dvar2": 19.8312282562,
        "max": 31.4448471069,
        "mean": 6.02340936661,
        "median": 4.86423492432,
        "min": 2.10328936577,
        "var": 12.3147659302
    },
    "erbbands_flatness_db": {
        "dmean": 0.0158682763577,
        "dmean2": 0.0250702854246,
        "dvar": 0.000325687899021,
        "dvar2": 0.00086015247507,
        "max": 0.457804888487,
        "mean": 0.090966321528,
        "median": 0.0776995941997,
        "min": 0.0303155817091,
        "var": 0.00229975045659
    },
    "erbbands_kurtosis": {
        "dmean": 0.67390114069,
        "dmean2": 1.11021149158,
        "dvar": 1.36055219173,
        "dvar2": 3.63874077797,
        "max": 38.056640625,
        "mean": -0.273828744888,
        "median": -0.547125339508,
        "min": -1.76964640617,
        "var": 2.15320491791
    },
    "erbbands_skewness": {
        "dmean": 0.387503325939,
        "dmean2": 0.600275635719,
        "dvar": 0.164022654295,
        "dvar2": 0.355983823538,
        "max": 4.32524299622,
        "mean": -0.143473312259,
        "median": -0.243824720383,
        "min": -2.55388975143,
        "var": 0.385174423456
    },
    "erbbands_spread": {
        "dmean": 12.5781145096,
        "dmean2": 19.308013916,
        "dvar": 153.011077881,
        "dvar2": 357.035369873,
        "max": 167.243179321,
        "mean": 62.2200965881,
        "median": 60.0368652344,
        "min": 0.625817835331,
        "var": 516.281921387
    },
    "hfc": {
        "dmean": 23.6559276581,
        "dmean2": 38.5527114868,
        "dvar": 670.666748047,
        "dvar2": 1828.48632812,
        "max": 310.559906006,
        "mean": 71.7275161743,
        "median": 66.0428466797,
        "min": 1.14561642868e-16,
        "var": 2176.69995117
    },
    "melbands_crest": {
        "dmean": 4.41706991196,
        "dmean2": 7.26889228821,
        "dvar": 18.0639705658,
        "dvar2": 43.6936683655,
        "max": 37.2024421692,
        "mean": 21.5195770264,
        "median": 22.6214294434,
        "min": 1.84988796711,
        "var": 58.6135673523
    },
    "melbands_flatness_db": {
        "dmean": 0.035017721355,
        "dmean2": 0.0561934970319,
        "dvar": 0.00136936013587,
        "dvar2": 0.00308079249226,
        "max": 0.496451497078,
        "mean": 0.180230662227,
        "median": 0.181953817606,
        "min": 0.00530384713784,
        "var": 0.0051371245645
    },
    "melbands_kurtosis": {
        "dmean": 24.4344539642,
        "dmean2": 41.1105422974,
        "dvar": 2322.70996094,
        "dvar2": 5980.71533203,
        "max": 552.413574219,
        "mean": 37.9199905396,
        "median": 22.6188583374,
        "min": -1.84400820732,
        "var": 2795.92382812
    },
    "melbands_skewness": {
        "dmean": 1.52400422096,
        "dmean2": 2.47044110298,
        "dvar": 3.61814665794,
        "dvar2": 9.00269699097,
        "max": 19.6657333374,
        "mean": 4.76590394974,
        "median": 4.45614671707,
        "min": -1.92146551609,
        "var": 8.83233642578
    },
    "melbands_spread": {
        "dmean": 10.7072143555,
        "dmean2": 17.1838035583,
        "dvar": 204.417404175,
        "dvar2": 480.567352295,
        "max": 259.622589111,
        "mean": 27.9848251343,
        "median": 19.8854579926,
        "min": 0.583821356297,
        "var": 629.455932617
    },
    "pitch_salience": {
        "dmean": 0.102624163032,
        "dmean2": 0.156581237912,
        "dvar": 0.0112039931118,
        "dvar2": 0.0231682974845,
        "max": 0.950878500938,
        "mean": 0.448163211346,
        "median": 0.431247770786,
        "min": 0.0610796175897,
        "var": 0.0319723039865
    },
    "silence_rate_20dB": {
        "dmean": 0,
        "dmean2": 0,
        "dvar": 0,
        "dvar2": 0,
        "max": 1,
        "mean": 1,
        "median": 1,
        "min": 1,
        "var": 0
    },
    "silence_rate_30dB": {
        "dmean": 0.105848111212,
        "dmean2": 0.211724236608,
        "dvar": 0.0946502164006,
        "dvar2": 0.202082261443,
        "max": 1,
        "mean": 0.83608943224,
        "median": 1,
        "min": 0,
        "var": 0.137034773827
    },
    "silence_rate_60dB": {
        "dmean": 0.00344006344676,
        "dmean2": 0.00688103726134,
        "dvar": 0.00342829269357,
        "dvar2": 0.00842176470906,
        "max": 1,
        "mean": 0.0394232049584,
        "median": 0,
        "min": 0,
        "var": 0.0378693118691
    },
    "spectral_centroid": {
        "dmean": 394.888885498,
        "dmean2": 565.81652832,
        "dvar": 146736.078125,
        "dvar2": 270890.21875,
        "max": 11282.3828125,
        "mean": 2069.40820312,
        "median": 2179.30175781,
        "min": 210.85760498,
        "var": 619350.1875
    },
    "spectral_complexity": {
        "dmean": 7.5567612648,
        "dmean2": 12.3096466064,
        "dvar": 49.6836090088,
        "dvar2": 122.419387817,
        "max": 62,
        "mean": 31.3262329102,
        "median": 34,
        "min": 0,
        "var": 178.327911377
    },
    "spectral_decrease": {
        "dmean": 4.75994665905e-09,
        "dmean2": 7.83949705152e-09,
        "dvar": 2.54832658052e-17,
        "dvar2": 6.69505627945e-17,
        "max": -1.31887020553e-29,
        "mean": -1.62202091758e-08,
        "median": -1.68175358084e-08,
        "min": -7.34292271432e-08,
        "var": 8.70946407891e-17
    },
    "spectral_energy": {
        "dmean": 0.0183856002986,
        "dmean2": 0.0304448716342,
        "dvar": 0.00037986470852,
        "dvar2": 0.00101034785621,
        "max": 0.279828876257,
        "mean": 0.0677247047424,
        "median": 0.0708002597094,
        "min": 1.04408554452e-20,
        "var": 0.00130624009762
    },
    "spectral_energyband_high": {
        "dmean": 0.00224608369172,
        "dmean2": 0.0036121995654,
        "dvar": 6.57623832012e-06,
        "dvar2": 1.70286748471e-05,
        "max": 0.0375447534025,
        "mean": 0.00622952636331,
        "median": 0.00542668020353,
        "min": 7.49453746189e-21,
        "var": 2.34200961131e-05
    },
    "spectral_energyband_low": {
        "dmean": 0.0179903768003,
        "dmean2": 0.0261303614825,
        "dvar": 0.00036629443639,
        "dvar2": 0.000897005083971,
        "max": 0.182914063334,
        "mean": 0.0449793450534,
        "median": 0.0432083420455,
        "min": 3.65695342168e-23,
        "var": 0.00130260246806
    },
    "spectral_energyband_middle_high": {
        "dmean": 0.00279080215842,
        "dmean2": 0.00471970345825,
        "dvar": 9.09625487111e-06,
        "dvar2": 2.55796712736e-05,
        "max": 0.0270045101643,
        "mean": 0.0062906849198,
        "median": 0.00584653625265,
        "min": 1.68340362527e-21,
        "var": 1.64768316608e-05
    },
    "spectral_energyband_middle_low": {
        "dmean": 0.009651360102,
        "dmean2": 0.0155727183446,
        "dvar": 0.000267656112555,
        "dvar2": 0.000656831834931,
        "max": 0.110646419227,
        "mean": 0.0122222620994,
        "median": 0.00672237295657,
        "min": 2.91654978062e-22,
        "var": 0.000277607905446
    },
    "spectral_entropy": {
        "dmean": 0.164512380958,
        "dmean2": 0.243904203176,
        "dvar": 0.0393553711474,
        "dvar2": 0.0870808288455,
        "max": 9.81399917603,
        "mean": 8.21194267273,
        "median": 8.31300449371,
        "min": 5.13088655472,
        "var": 0.153966397047
    },
    "spectral_flux": {
        "dmean": 0.0432705655694,
        "dmean2": 0.0696748867631,
        "dvar": 0.00191940704826,
        "dvar2": 0.00468545500189,
        "max": 0.387288063765,
        "mean": 0.156064763665,
        "median": 0.144371703267,
        "min": 1.02180507111e-10,
        "var": 0.00574299739674
    },
    "spectral_kurtosis": {
        "dmean": 0.706710994244,
        "dmean2": 1.1508513689,
        "dvar": 3.0591506958,
        "dvar2": 7.88746881485,
        "max": 102.322814941,
        "mean": 2.4419195652,
        "median": 1.75261354446,
        "min": -1.22490382195,
        "var": 30.0706367493
    },
    "spectral_rms": {
        "dmean": 0.0011710623512,
        "dmean2": 0.00195965333842,
        "dvar": 1.74028116362e-06,
        "dvar2": 4.87589250042e-06,
        "max": 0.0165228266269,
        "mean": 0.00768160866573,
        "median": 0.00831104256213,
        "min": 3.19158263186e-12,
        "var": 7.06600485501e-06
    },
    "spectral_rolloff": {
        "dmean": 1230.18823242,
        "dmean2": 2064.53173828,
        "dvar": 2950960.5,
        "dvar2": 7696669,
        "max": 19035.3515625,
        "mean": 2416.07543945,
        "median": 1248.92578125,
        "min": 21.533203125,
        "var": 7514538.5
    },
    "spectral_skewness": {
        "dmean": 0.130339324474,
        "dmean2": 0.2089381814,
        "dvar": 0.0207679774612,
        "dvar2": 0.0522098205984,
        "max": 8.2684173584,
        "mean": 1.21642076969,
        "median": 1.1656755209,
        "min": -0.0349380932748,
        "var": 0.249008193612
    },
    "spectral_spread": {
        "dmean": 720921.25,
        "dmean2": 1093787.875,
        "dvar": 607166070784,
        "dvar2": 1.27249088512e+12,
        "max": 40889696,
        "mean": 7310484,
        "median": 7399109.5,
        "min": 916785.5,
        "var": 3.27054838989e+12
    },
    "spectral_strongpeak": {
        "dmean": 0.297106713057,
        "dmean2": 0.494637101889,
        "dvar": 0.310294955969,
        "dvar2": 0.86826646328,
        "max": 9.8650970459,
        "mean": 0.624787449837,
        "median": 0.488899290562,
        "min": 0,
        "var": 0.349014401436
    },
    "zerocrossingrate": {
        "dmean": 0.0196738317609,
        "dmean2": 0.0244496650994,
        "dvar": 0.000383711158065,
        "dvar2": 0.000555871753022,
        "max": 0.50439453125,
        "mean": 0.0980576500297,
        "median": 0.08544921875,
        "min": 0.0107421875,
        "var": 0.00313023291528
    },
    "barkbands": {
        "dmean": [0.00286318664439, 0.0138131305575, 0.0095881940797, 0.00620112288743, 0.00401535304263, 0.0011059344979, 0.000617675541434, 0.000639888865408, 0.00069115194492, 0.000747635029256, 0.000520094588865, 0.000471992476378, 0.000432355533121, 0.000415386719396, 0.000404667429393, 0.000260367029114, 0.000381433026632, 0.000396942254156, 0.000343839376001, 0.000332970375894, 0.000367384200217, 0.000402435747674, 0.000424743833719, 0.000458547699964, 0.000493052182719, 0.000411229586462, 0.000124367026729],
        "dmean2": [0.00454541947693, 0.0198348481208, 0.0149788316339, 0.0112202111632, 0.00698527274653, 0.00192258367315, 0.00109146884643, 0.00109472812619, 0.00111591001041, 0.00131854892243, 0.00089346076129, 0.000800061912742, 0.000712719047442, 0.000700231874362, 0.000673496513627, 0.000442729418864, 0.000649279914796, 0.000674482958857, 0.000581199070439, 0.000557549763471, 0.000603221589699, 0.000653625989798, 0.000710377411451, 0.000751799670979, 0.000795332423877, 0.000658056407701, 0.000198500973056],
        "dvar": [3.23074455082e-05, 0.000281189830275, 0.000187907047803, 0.000200388400117, 6.61643862259e-05, 6.20842865828e-06, 1.07388075321e-06, 1.88380454347e-06, 1.20244339996e-06, 1.17800755106e-06, 4.52029098597e-07, 4.85314956222e-07, 4.37041450141e-07, 2.94283239555e-07, 5.44319846085e-07, 1.44063378116e-07, 3.39296946095e-07, 1.96984458967e-07, 1.3358015849e-07, 1.71014406192e-07, 1.68284074675e-07, 2.23713925607e-07, 3.14003102631e-07, 2.95506282555e-07, 4.06387442808e-07, 3.29317401793e-07, 2.56300207724e-08],
        "dvar2": [6.5421416366e-05, 0.000519825902302, 0.000418328359956, 0.000549752672669, 0.000175121516804, 1.75895838765e-05, 2.93433436127e-06, 5.05464731759e-06, 2.94912388199e-06, 3.2621403534e-06, 1.19493279271e-06, 1.26841689507e-06, 1.09391044134e-06, 7.62068907534e-07, 1.34277115649e-06, 3.96831751459e-07, 9.54597453529e-07, 5.07258903326e-07, 3.66755671166e-07, 4.56001970406e-07, 4.25423337447e-07, 5.54416089926e-07, 8.04257695108e-07, 7.62786385167e-07, 1.04556932001e-06, 8.38975438455e-07, 6.31488958902e-08],
        "max": [0.248349741101, 0.152965903282, 0.0993296131492, 0.0968950837851, 0.0755119547248, 0.058451615274, 0.0142585411668, 0.0241428241134, 0.0197530947626, 0.00889712851495, 0.00783509388566, 0.013485904783, 0.0105847166851, 0.0117050241679, 0.0107012018561, 0.0054776109755, 0.00832968112081, 0.00764461001381, 0.00414038542658, 0.00773190939799, 0.00686486857012, 0.0119073633105, 0.010610409081, 0.00930343847722, 0.00970950350165, 0.00703770294785, 0.00224406900816],
        "mean": [0.00472137052566, 0.0282704085112, 0.0101681239903, 0.00458388077095, 0.00375566468574, 0.00125573948026, 0.00063147750916, 0.000703620840795, 0.000975190137979, 0.000845242990181, 0.000654197472613, 0.000631100963801, 0.000621289014816, 0.00057048763847, 0.000597984006163, 0.000400318356697, 0.000578200095333, 0.000634286087006, 0.00061022961745, 0.000655572279356, 0.000814293685835, 0.000940614612773, 0.000935325049795, 0.00103431125171, 0.00103975902312, 0.000832502264529, 0.000263550493401],
        "median": [0.000758582958952, 0.0188811868429, 0.00399293843657, 0.000823195150588, 0.00128031475469, 0.000654509989545, 0.000297755963402, 0.000279027211946, 0.000516582105774, 0.000436777976574, 0.00037939203321, 0.000350969814463, 0.000351761438651, 0.000374885537894, 0.000358828750905, 0.000294348486932, 0.000420375203248, 0.000482049945276, 0.000505671370775, 0.000532844685949, 0.000661016849335, 0.000758725742344, 0.000693832116667, 0.00081136560766, 0.000764159893151, 0.000587984279264, 0.000194655920495],
        "min": [3.37992945314e-23, 8.80461855813e-24, 1.28721826007e-23, 4.96685245829e-24, 2.39850539214e-23, 2.88983636291e-23, 7.66788072222e-23, 4.99859819327e-23, 8.09248857544e-23, 4.47325753562e-23, 8.14263677873e-23, 3.91005975867e-23, 1.31831026601e-22, 1.68431522031e-22, 7.84790698494e-23, 2.39220491786e-22, 2.52237731708e-22, 2.47137398857e-22, 3.14105303092e-22, 2.82824355493e-22, 3.55160477121e-22, 4.19552251941e-22, 5.87112644341e-22, 9.15331085546e-22, 1.28244115193e-21, 1.63067146707e-21, 2.38814757273e-21],
        "var": [8.16264582681e-05, 0.000846596900374, 0.000238382024691, 0.000135380352731, 6.11396171735e-05, 6.50127049084e-06, 1.05412755147e-06, 2.18282457354e-06, 2.03240392693e-06, 1.18361640489e-06, 5.93495201429e-07, 6.74061425343e-07, 7.31082423044e-07, 4.56207033039e-07, 8.4528392108e-07, 1.71225991608e-07, 4.03353851652e-07, 3.32994261498e-07, 2.46566429496e-07, 3.18493277973e-07, 4.69795082836e-07, 7.61429816976e-07, 8.86119551069e-07, 8.89438069862e-07, 1.01381215245e-06, 6.96963297742e-07, 7.43892201172e-08]
    },
    "erbbands": {
        "dmean": [0.48157286644, 3.40043091774, 10.4688434601, 14.0500202179, 18.1929512024, 10.8356800079, 10.4683084488, 7.95427131653, 8.3520450592, 10.2196140289, 14.7879343033, 15.9287033081, 20.6070899963, 20.7250404358, 18.6252784729, 20.6239128113, 19.3544864655, 20.7702579498, 17.5528049469, 20.2398872375, 14.7268600464, 19.1369915009, 21.1111526489, 19.9745464325, 16.0499954224, 15.8087415695, 15.8562355042, 14.2579631805, 14.4660072327, 14.1920909882, 12.1081409454, 10.0035257339, 7.98914957047, 5.52170801163, 3.68696880341, 1.87241101265, 0.760651230812, 0.220284029841, 0.0202443376184, 0.000300396990497],
        "dmean2": [0.680025994778, 4.92324781418, 15.2680101395, 23.0812911987, 31.9100914001, 18.5786895752, 17.206325531, 13.9849281311, 14.79966259, 17.957649231, 24.27069664, 25.7244052887, 35.8503608704, 36.4787712097, 32.0325202942, 34.7860717773, 31.9466781616, 34.598072052, 30.1064815521, 32.6476287842, 24.6961765289, 32.5887145996, 35.9260826111, 33.9437103271, 27.0511302948, 26.4198055267, 26.1131057739, 23.7475280762, 23.4165420532, 23.2146377563, 20.2237682343, 16.5542049408, 13.0492944717, 8.87209415436, 6.02358722687, 3.0760409832, 1.20943558216, 0.348080962896, 0.0318284034729, 0.000468154175906],
        "dvar": [0.572239995003, 21.6283798218, 207.26512146, 643.63293457, 1538.81958008, 530.435546875, 795.310424805, 199.777740479, 187.112106323, 312.471252441, 936.838928223, 654.092590332, 873.596496582, 921.816589355, 554.271972656, 1005.97900391, 933.53704834, 904.459289551, 748.491882324, 1182.0645752, 350.045013428, 843.396118164, 588.97467041, 473.76385498, 324.049743652, 409.185424805, 323.417144775, 280.281158447, 299.278289795, 302.707305908, 262.433990479, 151.025238037, 98.2487182617, 52.9488372803, 23.8071956635, 6.62835454941, 1.22785377502, 0.0828180387616, 0.000689200649504, 1.3887002126e-07],
        "dvar2": [0.922012507915, 39.7583236694, 434.120056152, 1691.61584473, 4062.9675293, 1344.22070312, 2241.23657227, 559.391967773, 523.373962402, 840.733825684, 2408.82177734, 1590.57263184, 2318.89086914, 2647.46459961, 1493.57080078, 2644.76464844, 2333.91186523, 2334.09814453, 2120.2421875, 2321.18994141, 933.02947998, 2404.2578125, 1561.71606445, 1266.52722168, 887.197937012, 1087.20739746, 829.413024902, 705.914428711, 747.37878418, 738.50402832, 684.855651855, 396.111633301, 255.59135437, 133.623687744, 63.0412406921, 17.4415950775, 3.08651328087, 0.202590540051, 0.00168506836053, 3.39192666843e-07],
        "max": [7.2501912117, 42.3034210205, 126.709724426, 202.969802856, 251.44442749, 451.673217773, 589.878479004, 302.474731445, 131.438552856, 237.238113403, 663.794616699, 439.816680908, 384.917755127, 388.103820801, 287.581695557, 597.039916992, 569.133117676, 623.753417969, 420.744781494, 675.057067871, 264.324371338, 388.463745117, 435.320404053, 355.105773926, 261.475280762, 396.457092285, 307.44644165, 338.583435059, 413.905181885, 377.271728516, 318.613647461, 179.769790649, 192.117507935, 113.179908752, 60.017414093, 33.7718086243, 14.8867645264, 3.77307343483, 0.419205337763, 0.00576314656064],
        "mean": [1.0773075819, 5.20108270645, 12.2964792252, 13.8289222717, 14.8103599548, 10.7795181274, 11.9251613617, 9.22592449188, 8.87394142151, 10.5663671494, 18.9678173065, 22.4748668671, 25.5892219543, 25.5076007843, 25.6866607666, 28.5431671143, 28.8459968567, 30.4304084778, 25.2613391876, 32.154838562, 25.0490932465, 30.9192695618, 34.2302856445, 33.9146652222, 29.7306461334, 31.4595012665, 33.9463768005, 31.0274868011, 33.2093887329, 31.2300357819, 26.3624572754, 21.5292778015, 17.3908882141, 11.8861484528, 7.23034954071, 3.60881280899, 1.50762546062, 0.457161337137, 0.0432973578572, 0.000726920668967],
        "median": [0.362598121166, 2.94688773155, 5.00659751892, 5.05830383301, 3.68240213394, 3.63807535172, 4.11870193481, 5.37359762192, 4.65516757965, 4.63048648834, 8.68152427673, 11.6123533249, 14.034617424, 15.0175266266, 16.8607730865, 16.6463260651, 16.9742298126, 19.2382335663, 18.072101593, 19.2970752716, 19.4504299164, 23.7011699677, 26.305513382, 27.1596355438, 24.3523368835, 25.7684135437, 27.0497646332, 24.8242378235, 26.1530799866, 24.256772995, 19.0710849762, 16.5466403961, 13.1254501343, 8.70885562897, 5.27851915359, 2.62155675888, 1.02164804935, 0.329521805048, 0.0316625423729, 0.000573504366912],
        "min": [2.20146693379e-22, 2.51655585177e-21, 8.67863196848e-21, 2.5299784324e-20, 2.15485977943e-20, 9.86470524618e-20, 1.67493346543e-19, 2.70560567855e-19, 6.65632187223e-19, 1.19654674136e-18, 1.38590306602e-18, 1.87965275713e-18, 2.05764341338e-18, 1.81599727988e-18, 2.79962793836e-18, 2.35640884972e-18, 5.22888286232e-18, 5.90778142391e-18, 8.12185730563e-18, 6.09809334898e-18, 1.40831254687e-17, 1.31729091575e-17, 1.30652904783e-17, 1.78145355576e-17, 1.45763302546e-17, 1.25797073346e-17, 1.34866356028e-17, 1.43808376973e-17, 1.40739057136e-17, 1.74563928221e-17, 1.72517863889e-17, 2.11339683424e-17, 1.34021829438e-17, 1.52331993421e-17, 8.98052785692e-18, 6.55308859441e-18, 2.75086853638e-18, 9.41559011754e-19, 3.26971183704e-19, 3.9223806048e-20],
        "var": [1.97405385971, 43.1868553162, 321.746032715, 593.086975098, 1170.72644043, 647.658874512, 1070.77478027, 192.438598633, 163.30027771, 303.492767334, 1382.33520508, 1071.84545898, 1188.79797363, 976.834289551, 752.402160645, 1352.73120117, 1523.63793945, 1450.8737793, 782.062194824, 2798.11645508, 531.332458496, 1005.62426758, 928.080627441, 806.517883301, 600.680969238, 739.43939209, 830.834472656, 752.757324219, 966.354553223, 969.861694336, 722.269348145, 404.364532471, 273.879364014, 140.495437622, 49.7338523865, 12.713596344, 2.53603982925, 0.219656378031, 0.00201620231383, 4.30704176324e-07]
    },
    "gfcc": {
        "mean": [74.7532501221, 23.7896614075, -83.8594589233, 34.7010192871, -45.0615501404, 26.0912628174, -25.5037136078, 15.5740432739, -23.1917076111, 5.79102516174, -19.291305542, 4.69699192047, -15.1203746796],
        "cov": [[11858.9931641, -2464.72558594, 1641.08532715, 864.281799316, 396.120269775, 521.67364502, -328.14932251, 121.008880615, -236.854263306, 397.739440918, -38.8485374451, 451.854858398, -58.9529914856], [-2464.72558594, 1004.70135498, -342.292694092, -71.5472488403, -38.2329025269, -105.473075867, 94.6265106201, -10.5397663116, 81.9597167969, -83.8957138062, 24.0336456299, -110.52280426, 10.1257123947], [1641.08532715, -342.292694092, 987.119689941, 174.66960144, 240.329238892, 60.1886329651, -122.496826172, -75.1421356201, -135.177307129, 55.723236084, -88.1923065186, 76.9040374756, -50.7860412598], [864.281799316, -71.5472488403, 174.66960144, 337.255249023, 137.216537476, 123.72983551, 15.0651912689, 28.0487709045, -2.96160078049, 12.3575630188, -18.11302948, 9.44977760315, -10.4729566574], [396.120269775, -38.2329025269, 240.329238892, 137.216537476, 288.477752686, 133.798370361, 84.1422271729, 42.0562438965, 19.6052780151, 45.2221069336, 2.95129013062, 21.5136528015, -16.320148468], [521.67364502, -105.473075867, 60.1886329651, 123.72983551, 133.798370361, 213.136672974, 123.626197815, 105.51512146, 55.8504714966, 65.0932922363, 42.3804550171, 27.7212314606, 2.58197379112], [-328.14932251, 94.6265106201, -122.496826172, 15.0651912689, 84.1422271729, 123.626197815, 224.03994751, 153.625305176, 118.01625824, 54.3676834106, 72.681022644, 20.8605365753, 17.3197631836], [121.008880615, -10.5397663116, -75.1421356201, 28.0487709045, 42.0562438965, 105.51512146, 153.625305176, 207.824188232, 146.134841919, 83.9075164795, 69.5433731079, 48.0055122375, 25.5352191925], [-236.854263306, 81.9597167969, -135.177307129, -2.96160078049, 19.6052780151, 55.8504714966, 118.01625824, 146.134841919, 184.961181641, 92.4535140991, 78.093536377, 24.8331699371, 39.8323783875], [397.739440918, -83.8957138062, 55.723236084, 12.3575630188, 45.2221069336, 65.0932922363, 54.3676834106, 83.9075164795, 92.4535140991, 131.23425293, 78.0209655762, 60.0675392151, 20.6418819427], [-38.8485374451, 24.0336456299, -88.1923065186, -18.11302948, 2.95129013062, 42.3804550171, 72.681022644, 69.5433731079, 78.093536377, 78.0209655762, 118.810829163, 59.9821014404, 34.6812782288], [451.854858398, -110.52280426, 76.9040374756, 9.44977760315, 21.5136528015, 27.7212314606, 20.8605365753, 48.0055122375, 24.8331699371, 60.0675392151, 59.9821014404, 107.902740479, 39.2988395691], [-58.9529914856, 10.1257123947, -50.7860412598, -10.4729566574, -16.320148468, 2.58197379112, 17.3197631836, 25.5352191925, 39.8323783875, 20.6418819427, 34.6812782288, 39.2988395691, 71.0152359009]],
        "icov": [[0.000308472430333, 0.000457141868537, -4.63870746898e-05, -0.000530711724423, 8.08816330391e-05, -0.000255050719716, 0.000541826535482, -0.000422135839472, 0.000460830924567, -0.000685582403094, 0.000259369349806, -0.000574433477595, 0.000258974498138], [0.000457141868537, 0.00242295558564, -0.000125188540551, -0.00104607618414, -0.000261780718574, 0.00118507735897, -0.000505134579726, 0.000173907581484, -0.000673724047374, 0.000729115214199, -0.00135340518318, 0.0010126727866, 1.41515020005e-05], [-4.63870746898e-05, -0.000125188540551, 0.00248928950168, -0.000216522326809, -0.00178903760388, 0.000211429709452, 0.00102208578028, -0.000207206889172, 0.00178266863804, -0.00282472977415, 0.00285774678923, -0.00220197881572, 0.00077809690265], [-0.000530711724423, -0.00104607618414, -0.000216522326809, 0.00561047205701, -0.0013457883615, -0.00285691884346, 0.00132422195747, 6.12477670074e-05, -0.00149312568828, 0.00265013007447, 3.11575422529e-05, 0.000534398655873, -0.000413006782765], [8.08816330391e-05, -0.000261780718574, -0.00178903760388, -0.0013457883615, 0.00772120431066, -0.0028934860602, -0.00343543919735, 0.0029428252019, -0.0016561076045, -0.000535766361281, 0.00145361444447, -0.00128291745204, 0.00137060333509], [-0.000255050719716, 0.00118507735897, 0.000211429709452, -0.00285691884346, -0.0028934860602, 0.0140362270176, -0.00594421243295, -0.0029250299558, 0.00371846719645, -0.00285485573113, -0.00254658982158, 0.00464692525566, -0.00190837495029], [0.000541826535482, -0.000505134579726, 0.00102208578028, 0.00132422195747, -0.00343543919735, -0.00594421243295, 0.0170984938741, -0.00897915568203, 0.000176693691174, 0.00222965190187, -0.0034015881829, -0.000537347223144, 0.0011445900891], [-0.000422135839472, 0.000173907581484, -0.000207206889172, 6.12477670074e-05, 0.0029428252019, -0.0029250299558, -0.00897915568203, 0.021237809211, -0.0138247599825, 0.00212521920912, 0.00378326512873, -0.00701922457665, 0.0039949035272], [0.000460830924567, -0.000673724047374, 0.00178266863804, -0.00149312568828, -0.0016561076045, 0.00371846719645, 0.000176693691174, -0.0138247599825, 0.0258498657495, -0.0149964131415, -0.000389045890188, 0.00727098295465, -0.00802842341363], [-0.000685582403094, 0.000729115214199, -0.00282472977415, 0.00265013007447, -0.000535766361281, -0.00285485573113, 0.00222965190187, 0.00212521920912, -0.0149964131415, 0.029008295387, -0.0129088331014, -0.00203549163416, 0.00378066161647], [0.000259369349806, -0.00135340518318, 0.00285774678923, 3.11575422529e-05, 0.00145361444447, -0.00254658982158, -0.0034015881829, 0.00378326512873, -0.000389045890188, -0.0129088331014, 0.0267853420228, -0.0129321636632, 0.000398361124098], [-0.000574433477595, 0.0010126727866, -0.00220197881572, 0.000534398655873, -0.00128291745204, 0.00464692525566, -0.000537347223144, -0.00701922457665, 0.00727098295465, -0.00203549163416, -0.0129321636632, 0.0276947207749, -0.0124228792265], [0.000258974498138, 1.41515020005e-05, 0.00077809690265, -0.000413006782765, 0.00137060333509, -0.00190837495029, 0.0011445900891, 0.0039949035272, -0.00802842341363, 0.00378066161647, 0.000398361124098, -0.0124228792265, 0.0235430672765]]
    },
    "melbands": {
        "dmean": [0.00383446156047, 0.00457488326356, 0.00248478981666, 0.00101418886334, 0.00035739588202, 0.000184514865396, 0.00012824012083, 0.000114715141535, 0.000125856124214, 9.67001105892e-05, 0.000106159837742, 8.69189607329e-05, 7.13742701919e-05, 5.34025348315e-05, 5.31825899088e-05, 3.70053348888e-05, 4.21145668952e-05, 2.90885600407e-05, 3.08005219267e-05, 2.21892696572e-05, 1.89605052583e-05, 2.07357861655e-05, 2.2218669983e-05, 1.97010649572e-05, 1.7269187083e-05, 1.26951963466e-05, 1.19750429803e-05, 1.13575979412e-05, 1.08883905341e-05, 9.61611567618e-06, 8.63201694301e-06, 8.52684843267e-06, 9.36526703299e-06, 8.32042496768e-06, 7.18629462426e-06, 7.35594358048e-06, 6.30186741546e-06, 6.08329901297e-06, 5.36816742169e-06, 4.74970875075e-06],
        "dmean2": [0.00531345279887, 0.00679361773655, 0.00398696260527, 0.00176551670302, 0.000574421253987, 0.00032461975934, 0.000226953139645, 0.000200861773919, 0.000201717426535, 0.000157437039888, 0.00018508854555, 0.000153534958372, 0.000122341094539, 8.99465667317e-05, 9.02408792172e-05, 6.11073919572e-05, 7.04613121343e-05, 5.01223476022e-05, 5.13641825819e-05, 3.64766383427e-05, 3.19516075251e-05, 3.52563765773e-05, 3.83730075555e-05, 3.3196334698e-05, 2.95349836961e-05, 2.15733834921e-05, 2.03001272894e-05, 1.90843620658e-05, 1.81040959433e-05, 1.57313315867e-05, 1.46026204675e-05, 1.39325074997e-05, 1.53101009346e-05, 1.37676661325e-05, 1.20621725728e-05, 1.24135676742e-05, 1.04548043964e-05, 1.00774605016e-05, 8.60323325469e-06, 7.73687133915e-06],
        "dvar": [2.24823161261e-05, 3.74814007955e-05, 2.02718038054e-05, 4.33681634604e-06, 7.77835168719e-07, 1.19478244187e-07, 4.44000143318e-08, 4.28161612831e-08, 5.68048044158e-08, 2.43037927561e-08, 2.39288713288e-08, 1.68856821858e-08, 8.51562997894e-09, 5.34407806896e-09, 6.64817312312e-09, 3.47326145622e-09, 3.73626374284e-09, 1.67167701903e-09, 3.18367776586e-09, 1.27927890503e-09, 6.47059683612e-10, 1.29774879731e-09, 7.69451669047e-10, 5.12553943732e-10, 3.73915176599e-10, 1.91567026131e-10, 2.21103899078e-10, 2.12405551481e-10, 1.65751343206e-10, 1.29709923358e-10, 1.06255164389e-10, 1.07579854747e-10, 1.40898542833e-10, 1.1718685744e-10, 8.98865842869e-11, 1.04244710086e-10, 5.65256279283e-11, 5.6538239368e-11, 4.85130061123e-11, 4.20927771805e-11],
        "dvar2": [4.03519588872e-05, 6.33764720988e-05, 5.24077368027e-05, 1.12577254185e-05, 2.13255839299e-06, 3.3537287436e-07, 1.23186694623e-07, 1.15239252807e-07, 1.40076735988e-07, 6.05957950484e-08, 6.35514609826e-08, 4.83150266462e-08, 2.24747260802e-08, 1.38602702648e-08, 1.75839147687e-08, 8.97732022054e-09, 9.52586809433e-09, 4.63645966065e-09, 8.0206952191e-09, 3.12667558511e-09, 1.72032410539e-09, 3.67506136634e-09, 2.09834660758e-09, 1.28483812478e-09, 1.00354902166e-09, 5.24000454138e-10, 6.11320105648e-10, 5.6059196174e-10, 4.24514673414e-10, 3.28768123836e-10, 2.76460382365e-10, 2.77138006988e-10, 3.51497109197e-10, 2.90549501125e-10, 2.34754188311e-10, 2.78756073779e-10, 1.49713491604e-10, 1.50917708885e-10, 1.22898718979e-10, 1.08639229557e-10],
        "max": [0.0459303669631, 0.0533543862402, 0.0343829654157, 0.0196506604552, 0.0172558240592, 0.00809656642377, 0.0024489487987, 0.00325242313556, 0.00533312885091, 0.00266361585818, 0.00195019657258, 0.00154755217955, 0.00117332383525, 0.000881519634277, 0.00179103063419, 0.000972594833001, 0.00139535928611, 0.000508629134856, 0.000826090166811, 0.000613527081441, 0.000327041256242, 0.000545959162991, 0.000354357034666, 0.000391670037061, 0.000291565869702, 0.000157871530973, 0.000237274769461, 0.00030200459878, 0.00024561182363, 0.000202166600502, 0.000174329194124, 0.000244430586463, 0.000241555433604, 0.0002560786088, 0.000205455391551, 0.00016778925783, 0.000113157104352, 0.000132548433612, 0.000112409325084, 0.00011629324581],
        "mean": [0.00863357726485, 0.00674841972068, 0.00253556878306, 0.000899148988537, 0.000430243409937, 0.000213133913348, 0.000135945243528, 0.000117781964946, 0.0001684466406, 0.000135076159495, 0.000127200837596, 0.000102285281173, 9.22108883969e-05, 7.19586314517e-05, 7.21189862816e-05, 5.50111981283e-05, 5.79626466788e-05, 3.88268963434e-05, 4.51650121249e-05, 3.38671197824e-05, 2.95597819786e-05, 3.14320241159e-05, 3.25380497088e-05, 3.05766589008e-05, 2.71033513854e-05, 2.21478712774e-05, 2.04249245144e-05, 2.08873534575e-05, 2.13419134525e-05, 1.94704007299e-05, 1.71953997778e-05, 1.81669438462e-05, 1.91037925106e-05, 1.67028392752e-05, 1.50264941112e-05, 1.41173113661e-05, 1.29300724439e-05, 1.23561594592e-05, 1.12341213026e-05, 9.5504528872e-06],
        "median": [0.00468332599849, 0.0032230950892, 0.00094386812998, 0.000271602242719, 0.000147610189742, 0.000121137760289, 7.00866075931e-05, 5.09259334649e-05, 7.87622266216e-05, 7.19824820408e-05, 6.59175493638e-05, 5.64822694287e-05, 5.49212927581e-05, 4.126368367e-05, 4.19617645093e-05, 3.17040103255e-05, 3.52779934474e-05, 2.67475934379e-05, 2.65988910542e-05, 2.14429783227e-05, 2.18235836655e-05, 2.3312994017e-05, 2.33359387494e-05, 2.26771953749e-05, 2.10796551983e-05, 1.76104040293e-05, 1.59915416589e-05, 1.64771936397e-05, 1.61634889082e-05, 1.49767292896e-05, 1.34281453938e-05, 1.39617677632e-05, 1.46271968333e-05, 1.24440139189e-05, 1.07868254418e-05, 9.7879783425e-06, 1.00400229712e-05, 9.32322018343e-06, 7.94440256868e-06, 6.94627669873e-06],
        "min": [4.08339963636e-24, 4.70926846792e-24, 3.70726641801e-24, 4.37361288592e-24, 5.64919663093e-24, 5.67871698929e-24, 1.26042515162e-23, 1.2187887575e-23, 1.14655371104e-23, 1.21486117683e-23, 1.00296469687e-23, 6.51962062615e-24, 1.00482096547e-23, 4.2846447586e-24, 1.07612539272e-23, 1.28762223574e-23, 1.04740028503e-23, 1.58863727879e-23, 5.47433575052e-24, 1.0691213334e-23, 1.81598856939e-23, 1.24929527089e-23, 1.3281921688e-23, 1.22976694029e-23, 1.49696359522e-23, 1.16102993974e-23, 7.75345903534e-24, 8.99236114269e-24, 8.91565151941e-24, 8.80368849113e-24, 7.73615852683e-24, 6.17265396205e-24, 1.10507572019e-23, 9.07952553955e-24, 9.25409572471e-24, 1.32833558371e-23, 1.2298230283e-23, 8.90538843903e-24, 9.57494596525e-24, 1.4384048725e-23],
        "var": [8.79521903698e-05, 7.38281451049e-05, 1.99172336579e-05, 3.63565209227e-06, 1.24317500649e-06, 1.17302150215e-07, 4.06022735433e-08, 4.04751503424e-08, 9.3684612068e-08, 3.93776211638e-08, 3.17804200733e-08, 1.74227494654e-08, 1.15145182278e-08, 8.17297252098e-09, 8.93982488037e-09, 5.38248423609e-09, 5.90191984173e-09, 1.89022864028e-09, 4.81968465138e-09, 2.13905493318e-09, 9.06850372573e-10, 1.39934785981e-09, 1.01308494926e-09, 8.5688578455e-10, 5.81848402792e-10, 3.48345879919e-10, 3.44736100777e-10, 3.65849545103e-10, 3.76642161903e-10, 3.051198183e-10, 2.5284468963e-10, 3.07794650878e-10, 3.70764863256e-10, 3.14828080272e-10, 2.4785545838e-10, 2.15501949619e-10, 1.43722797552e-10, 1.4096311618e-10, 1.34474986702e-10, 9.55310899831e-11]
    },
    "mfcc": {
        "mean": [-578.761779785, 66.4415817261, 18.6869182587, 20.5348110199, 10.159444809, 13.6468524933, 10.935749054, 12.1289548874, 6.68290996552, 5.14951038361, 3.33593702316, 1.80603742599, -1.24758517742],
        "cov": [[7333.40429688, -352.238586426, 556.317321777, 304.566619873, 456.382568359, 351.406555176, 176.817810059, 36.6396827698, -31.6324825287, -37.0889358521, 22.8989658356, 78.9728775024, 143.142150879], [-352.238586426, 420.3175354, -33.2548217773, 63.5408096313, 15.2862987518, 1.37560927868, 5.97495222092, 2.9849395752, -0.840029120445, 7.94049358368, 4.81310606003, 4.83442783356, -8.22602081299], [556.317321777, -33.2548217773, 479.557800293, 135.93421936, 171.660125732, 79.7388763428, 14.2923192978, -55.6180496216, -30.304567337, -51.6829376221, -42.6586341858, -48.8496513367, -16.3044872284], [304.566619873, 63.5408096313, 135.93421936, 210.289840698, 130.371520996, 82.2949829102, 35.232219696, 21.0620956421, 13.4691457748, -9.34293174744, -14.3692903519, -7.4074845314, -3.50767707825], [456.382568359, 15.2862987518, 171.660125732, 130.371520996, 229.108963013, 131.057846069, 63.1705513, 7.93723964691, 20.7421684265, 3.25413751602, -7.91079568863, -5.04029893875, 12.4809818268], [351.406555176, 1.37560927868, 79.7388763428, 82.2949829102, 131.057846069, 165.502792358, 99.7276000977, 32.9228439331, 25.6320209503, 20.1254692078, 16.1020832062, 12.9504499435, 17.5317440033], [176.817810059, 5.97495222092, 14.2923192978, 35.232219696, 63.1705513, 99.7276000977, 149.12890625, 86.7046432495, 41.7173843384, 38.5538291931, 41.8130455017, 36.0094604492, 29.413028717], [36.6396827698, 2.9849395752, -55.6180496216, 21.0620956421, 7.93723964691, 32.9228439331, 86.7046432495, 142.99055481, 87.3838806152, 61.6342582703, 58.2145957947, 57.9007987976, 40.391040802], [-31.6324825287, -0.840029120445, -30.304567337, 13.4691457748, 20.7421684265, 25.6320209503, 41.7173843384, 87.3838806152, 127.147827148, 89.4307174683, 52.5071907043, 53.4498405457, 38.3624305725], [-37.0889358521, 7.94049358368, -51.6829376221, -9.34293174744, 3.25413751602, 20.1254692078, 38.5538291931, 61.6342582703, 89.4307174683, 121.681373596, 81.1004486084, 64.3316650391, 50.3611831665], [22.8989658356, 4.81310606003, -42.6586341858, -14.3692903519, -7.91079568863, 16.1020832062, 41.8130455017, 58.2145957947, 52.5071907043, 81.1004486084, 113.449028015, 82.3160400391, 51.7119789124], [78.9728775024, 4.83442783356, -48.8496513367, -7.4074845314, -5.04029893875, 12.9504499435, 36.0094604492, 57.9007987976, 53.4498405457, 64.3316650391, 82.3160400391, 109.205749512, 66.2501525879], [143.142150879, -8.22602081299, -16.3044872284, -3.50767707825, 12.4809818268, 17.5317440033, 29.413028717, 40.391040802, 38.3624305725, 50.3611831665, 51.7119789124, 66.2501525879, 86.1481781006]],
