{
"lowlevel": {
    "average_loudness": 0.837235212326,
    "barkbands_crest": {
        "dmean": 3.03677225113,
        "dmean2": 4.25890493393,
        "dvar": 10.8910055161,
        "dvar2": 20.3549690247,
        "max": 26.6288452148,
        "mean": 11.1513786316,
        "median": 10.7538919449,
        "min": 1.85003805161,
        "var": 32.850769043
    },
    "barkbands_flatness_db": {
        "dmean": 0.0275321863592,
        "dmean2": 0.0371429473162,
        "dvar": 0.00147883314639,
        "dvar2": 0.00226641213521,
        "max": 0.548838198185,
        "mean": 0.106353498995,
        "median": 0.0788517743349,
        "min": 0.00952636357397,
        "var": 0.00530557427555
    },
    "barkbands_kurtosis": {
        "dmean": 9.4066696167,
        "dmean2": 13.2412595749,
        "dvar": 5958.24902344,
        "dvar2": 14241.1298828,
        "max": 3249.48803711,
        "mean": 8.97836780548,
        "median": -0.352348327637,
        "min": -1.88190639019,
        "var": 5756.00927734
    },
    "barkbands_skewness": {
        "dmean": 0.820445179939,
        "dmean2": 1.06457018852,
        "dvar": 2.69877433777,
        "dvar2": 4.85070562363,
        "max": 46.8952255249,
        "mean": 1.36653363705,
        "median": 0.921600103378,
        "min": -2.90124058723,
        "var": 6.21913099289
    },
    "barkbands_spread": {
        "dmean": 10.3407125473,
        "dmean2": 15.4507894516,
        "dvar": 156.576034546,
        "dvar2": 340.454528809,
        "max": 111.427223206,
        "mean": 46.0280227661,
        "median": 45.3409004211,
        "min": 0.0517479330301,
        "var": 673.799682617
    },
    "dissonance": {
        "dmean": 0.0104015143588,
        "dmean2": 0.0175718143582,
        "dvar": 0.00014019732771,
        "dvar2": 0.000397349969717,
        "max": 0.500000059605,
        "mean": 0.482269346714,
        "median": 0.486149251461,
        "min": 0.243708342314,
        "var": 0.000259646825725
    },
    "dynamic_complexity": 3.32173728943,
    "erbbands_crest": {
        "dmean": 2.0780339241,
        "dmean2": 3.41184449196,
        "dvar": 5.35930013657,
        "dvar2": 12.329000473,
        "max": 28.5981330872,
        "mean": 6.3172249794,
        "median": 5.14947032928,
        "min": 2.12108683586,
        "var": 12.9536561966
    },
    "erbbands_flatness_db": {
        "dmean": 0.0134799759835,
        "dmean2": 0.0211576670408,
        "dvar": 0.000234756473219,
        "dvar2": 0.000573211757001,
        "max": 0.344622820616,
        "mean": 0.117895282805,
        "median": 0.102334082127,
        "min": 0.0433871485293,
        "var": 0.0023457929492
    },
    "erbbands_kurtosis": {
        "dmean": 0.869403958321,
        "dmean2": 1.39540076256,
        "dvar": 19.9929714203,
        "dvar2": 51.9507522583,
        "max": 201.17767334,
        "mean": 0.030742302537,
        "median": -0.466108679771,
        "min": -1.89619421959,
        "var": 15.6586294174
    },
    "erbbands_skewness": {
        "dmean": 0.317581087351,
        "dmean2": 0.469249665737,
        "dvar": 0.212125316262,
        "dvar2": 0.440528839827,
        "max": 11.9978351593,
        "mean": -0.199559301138,
        "median": -0.241320252419,
        "min": -2.34544754028,
        "var": 0.490801483393
    },
    "erbbands_spread": {
        "dmean": 11.3432979584,
        "dmean2": 15.948009491,
        "dvar": 265.884185791,
        "dvar2": 443.557006836,
        "max": 189.110961914,
        "mean": 49.8456687927,
        "median": 45.7092819214,
        "min": 2.2591342926,
        "var": 744.057739258
    },
    "hfc": {
        "dmean": 24.2481441498,
        "dmean2": 34.5298156738,
        "dvar": 2026.01708984,
        "dvar2": 4173.08398438,
        "max": 526.831115723,
        "mean": 62.4898338318,
        "median": 45.2852249146,
        "min": 1.08143297032e-16,
        "var": 4922.72753906
    },
    "melbands_crest": {
        "dmean": 4.35967111588,
        "dmean2": 6.91721534729,
        "dvar": 26.5892944336,
        "dvar2": 62.7459106445,
        "max": 39.1486244202,
        "mean": 19.6751155853,
        "median": 21.130361557,
        "min": 1.76725244522,
        "var": 74.5658416748
    },
    "melbands_flatness_db": {
        "dmean": 0.0391490831971,
        "dmean2": 0.0527929253876,
        "dvar": 0.00263469829224,
        "dvar2": 0.00449826475233,
        "max": 0.692531764507,
        "mean": 0.162699133158,
        "median": 0.13860219717,
        "min": 0.00359551026486,
        "var": 0.00931084435433
    },
    "melbands_kurtosis": {
        "dmean": 21.1652584076,
        "dmean2": 28.1679039001,
        "dvar": 3142.07446289,
        "dvar2": 4876.53808594,
        "max": 937.633361816,
        "mean": 30.801197052,
        "median": 6.90563154221,
        "min": -1.69526457787,
        "var": 6315.40039062
    },
    "melbands_skewness": {
        "dmean": 1.32205700874,
        "dmean2": 1.73304855824,
        "dvar": 4.23359870911,
        "dvar2": 6.08765459061,
        "max": 24.4355716705,
        "mean": 3.511947155,
        "median": 2.54709935188,
        "min": -1.1454012394,
        "var": 12.2456140518
    },
    "melbands_spread": {
        "dmean": 15.8286876678,
        "dmean2": 23.8588600159,
        "dvar": 426.409088135,
        "dvar2": 937.556091309,
        "max": 217.333633423,
        "mean": 43.6317558289,
        "median": 37.8790779114,
        "min": 0.206532299519,
        "var": 1067.45178223
    },
    "pitch_salience": {
        "dmean": 0.0961322262883,
        "dmean2": 0.142696246505,
        "dvar": 0.0132301943377,
        "dvar2": 0.02575292252,
        "max": 0.942365288734,
        "mean": 0.486724972725,
        "median": 0.496717274189,
        "min": 0.022119903937,
        "var": 0.0355930328369
    },
    "silence_rate_20dB": {
        "dmean": 0,
        "dmean2": 0,
        "dvar": 0,
        "dvar2": 0,
        "max": 1,
        "mean": 1,
        "median": 1,
        "min": 1,
        "var": 0
    },
    "silence_rate_30dB": {
        "dmean": 0.0676153376698,
        "dmean2": 0.135242924094,
        "dvar": 0.0630465224385,
        "dvar2": 0.145599842072,
        "max": 1,
        "mean": 0.94317561388,
        "median": 1,
        "min": 0,
        "var": 0.0535974614322
    },
    "silence_rate_60dB": {
        "dmean": 0.0108764618635,
        "dmean2": 0.0217548944056,
        "dvar": 0.0107613885775,
        "dvar2": 0.0259965229779,
        "max": 1,
        "mean": 0.0618089549243,
        "median": 0,
        "min": 0,
        "var": 0.0579830333591
    },
    "spectral_centroid": {
        "dmean": 352.357391357,
        "dmean2": 512.442993164,
        "dvar": 178641.359375,
        "dvar2": 321251.125,
        "max": 11964.2001953,
        "mean": 2383.05395508,
        "median": 2606.93359375,
        "min": 79.960609436,
        "var": 994807.5625
    },
    "spectral_complexity": {
        "dmean": 5.89377307892,
        "dmean2": 8.98658466339,
        "dvar": 41.0291061401,
        "dvar2": 88.7450637817,
        "max": 62,
        "mean": 25.3139381409,
        "median": 25,
        "min": 0,
        "var": 220.315032959
    },
    "spectral_decrease": {
        "dmean": 3.28860516596e-09,
        "dmean2": 4.22873291939e-09,
        "dvar": 2.69627809011e-17,
        "dvar2": 4.03174977399e-17,
        "max": 6.27740615339e-29,
        "mean": -8.28702795275e-09,
        "median": -6.27143847964e-09,
        "min": -6.74452991234e-08,
        "var": 6.27783167243e-17
    },
    "spectral_energy": {
        "dmean": 0.0136809377,
        "dmean2": 0.0176512468606,
        "dvar": 0.00039812916657,
        "dvar2": 0.00059969665017,
        "max": 0.264705091715,
        "mean": 0.0369450971484,
        "median": 0.0288682207465,
        "min": 1.02719385402e-20,
        "var": 0.00105194409844
    },
    "spectral_energyband_high": {
        "dmean": 0.00241729570553,
        "dmean2": 0.00343631580472,
        "dvar": 2.26417923841e-05,
        "dvar2": 4.58825015812e-05,
        "max": 0.0589220747352,
        "mean": 0.00574763678014,
        "median": 0.00396064575762,
        "min": 7.20009105218e-21,
        "var": 5.36419865966e-05
    },
    "spectral_energyband_low": {
        "dmean": 0.011176940985,
        "dmean2": 0.0144964875653,
        "dvar": 0.00045229436364,
        "dvar2": 0.000701550277881,
        "max": 0.251816213131,
        "mean": 0.0214502513409,
        "median": 0.0122614661232,
        "min": 2.2646721419e-23,
        "var": 0.000892998126801
    },
    "spectral_energyband_middle_high": {
        "dmean": 0.0021188845858,
        "dmean2": 0.00330996746197,
        "dvar": 8.17537875264e-06,
        "dvar2": 1.88710109796e-05,
        "max": 0.0383929163218,
        "mean": 0.0055670067668,
        "median": 0.00440756557509,
        "min": 1.27642298888e-21,
        "var": 2.42860533035e-05
    },
    "spectral_energyband_middle_low": {
        "dmean": 0.00238189683296,
        "dmean2": 0.00382895022631,
        "dvar": 1.4401090084e-05,
        "dvar2": 3.73782495444e-05,
        "max": 0.0740938186646,
        "mean": 0.00483290757984,
        "median": 0.00382448453456,
        "min": 2.30410266005e-22,
        "var": 2.15586551349e-05
    },
    "spectral_entropy": {
        "dmean": 0.142619460821,
        "dmean2": 0.218140572309,
        "dvar": 0.0475099757314,
        "dvar2": 0.103313319385,
        "max": 9.8183965683,
        "mean": 8.14440822601,
        "median": 8.2937335968,
        "min": 4.31063652039,
        "var": 0.233610391617
    },
    "spectral_flux": {
        "dmean": 0.0281494408846,
        "dmean2": 0.0387049801648,
        "dvar": 0.0012895737309,
        "dvar2": 0.00192914938089,
        "max": 0.482042700052,
        "mean": 0.104196481407,
        "median": 0.0880751609802,
        "min": 6.59418977755e-11,
        "var": 0.00502345804125
    },
    "spectral_kurtosis": {
        "dmean": 0.868254542351,
        "dmean2": 1.42224657536,
        "dvar": 2.64637756348,
        "dvar2": 7.65188121796,
        "max": 44.7063064575,
        "mean": 2.74328804016,
        "median": 2.0332801342,
        "min": -1.24977815151,
        "var": 10.323767662
    },
    "spectral_rms": {
        "dmean": 0.00103283463977,
        "dmean2": 0.00131865730509,
        "dvar": 1.58387922511e-06,
        "dvar2": 2.28640874411e-06,
        "max": 0.0160701237619,
        "mean": 0.00542363943532,
        "median": 0.00530698802322,
        "min": 3.16566000844e-12,
        "var": 6.62807406115e-06
    },
    "spectral_rolloff": {
        "dmean": 1384.14550781,
        "dmean2": 2177.95239258,
        "dvar": 4068625.25,
        "dvar2": 8471348,
        "max": 19358.3496094,
        "mean": 3960.74389648,
        "median": 3509.91210938,
        "min": 21.533203125,
        "var": 10933523
    },
    "spectral_skewness": {
        "dmean": 0.137140795588,
        "dmean2": 0.212955132127,
        "dvar": 0.0290892757475,
        "dvar2": 0.073780156672,
        "max": 4.92839813232,
        "mean": 1.24345135689,
        "median": 1.18361735344,
        "min": -0.098056897521,
        "var": 0.177547112107
    },
    "spectral_spread": {
        "dmean": 566171.375,
        "dmean2": 833771.125,
        "dvar": 634067484672,
        "dvar2": 1.12626053939e+12,
        "max": 41990864,
        "mean": 6539718,
        "median": 6792632,
        "min": 1373025,
        "var": 7.26583423795e+12
    },
    "spectral_strongpeak": {
        "dmean": 0.2958779037,
        "dmean2": 0.503193855286,
        "dvar": 0.625648379326,
        "dvar2": 1.76849603653,
        "max": 15.126121521,
        "mean": 0.49698343873,
        "median": 0.299082696438,
        "min": 0,
        "var": 0.723357856274
    },
    "zerocrossingrate": {
        "dmean": 0.0226500444114,
        "dmean2": 0.0250957626849,
        "dvar": 0.000615405966528,
        "dvar2": 0.00072084722342,
        "max": 0.64990234375,
        "mean": 0.122937306762,
        "median": 0.1240234375,
        "min": 0.001953125,
        "var": 0.00564708933234
    },
    "barkbands": {
        "dmean": [0.000635337317362, 0.00984033197165, 0.00393433729187, 0.00116582761984, 0.000588547962252, 0.00042460532859, 0.000365427666111, 0.000505627598614, 0.000384144397685, 0.000401693541789, 0.000522158108652, 0.000324802618707, 0.000305244961055, 0.00025706118322, 0.00026031039306, 0.00031778725679, 0.000293395336485, 0.000289294781396, 0.000355709547875, 0.000329891976435, 0.000362867896911, 0.000361877930118, 0.000516805099323, 0.000487235549372, 0.000554005673621, 0.000307501439238, 0.000118350319099],
        "dmean2": [0.000942500773817, 0.0131343817338, 0.00711427396163, 0.0021189074032, 0.000992870889604, 0.00068996445043, 0.000563711801078, 0.000742540403735, 0.000607694033533, 0.000632199691609, 0.000805410905741, 0.000557816179935, 0.000508923723828, 0.000427718478022, 0.000433953682659, 0.000522122893017, 0.000486552540679, 0.000484892399982, 0.000573115539737, 0.000533613492735, 0.000565524387639, 0.000575410143938, 0.000782468356192, 0.000737618247513, 0.000830919365399, 0.00046244126861, 0.000184469012311],
        "dvar": [1.31245167267e-06, 0.000381830730475, 0.000187319485121, 1.17731096907e-05, 1.16442117815e-06, 4.59590722812e-07, 3.29911188146e-07, 8.71105783062e-07, 5.52768369744e-07, 6.23104028818e-07, 8.6948699618e-07, 3.51917350372e-07, 3.41031039852e-07, 2.47153991495e-07, 1.6711730666e-07, 2.62800057271e-07, 1.91865666466e-07, 1.98044247668e-07, 3.16153915492e-07, 2.79472942566e-07, 3.60848275704e-07, 4.44025062052e-07, 1.15337422812e-06, 8.08284767118e-07, 1.22789833767e-06, 3.50735433585e-07, 5.12981799261e-08],
        "dvar2": [2.55565873886e-06, 0.000664436665829, 0.000515472784173, 3.39029284078e-05, 3.21324819197e-06, 1.2368135458e-06, 7.57039117616e-07, 1.58631803515e-06, 1.26140344037e-06, 1.4834471358e-06, 1.8131354409e-06, 9.2561197107e-07, 8.41388896333e-07, 5.83376845498e-07, 4.255176691e-07, 6.66314065256e-07, 4.95155916269e-07, 5.0139317409e-07, 7.7018171396e-07, 6.68510438118e-07, 8.13545455003e-07, 1.00388058399e-06, 2.3967747893e-06, 1.6366533373e-06, 2.7534210858e-06, 7.71876557337e-07, 1.16675451522e-07],
        "max": [0.0201848056167, 0.200015500188, 0.106188163161, 0.068546846509, 0.0269577074796, 0.0154721923172, 0.00975198578089, 0.0269800275564, 0.0249894298613, 0.0128020206466, 0.0197259839624, 0.0156478136778, 0.014497875236, 0.0192413888872, 0.00856791622937, 0.0106592616066, 0.0098028248176, 0.00987734273076, 0.0155423441902, 0.0108657833189, 0.0116810584441, 0.0097294524312, 0.0135473813862, 0.0110533572733, 0.0118190338835, 0.0080225598067, 0.00377989653498],
        "mean": [0.0013075536117, 0.0168872699142, 0.00270360452123, 0.00104627211113, 0.000947797379922, 0.000654350791592, 0.000607593101449, 0.000839551968966, 0.000552425044589, 0.000608233385719, 0.00081844185479, 0.000466410536319, 0.000486530392664, 0.000407375860959, 0.000406261679018, 0.000514300190844, 0.000479902490042, 0.000504502502736, 0.000652799790259, 0.000651107344311, 0.000756987661589, 0.000695073103998, 0.000955139577854, 0.00105611397885, 0.00112458015792, 0.000602876767516, 0.000212105544051],
        "median": [0.000618972699158, 0.00904047861695, 0.000267413735855, 0.000244461232796, 0.000442645308794, 0.000314451783197, 0.000311316311127, 0.000283180823317, 0.000215735752136, 0.000242311536567, 0.00036460562842, 0.000245244416874, 0.000256827508565, 0.000217269116547, 0.000263804075075, 0.000300434650853, 0.000279801955912, 0.000279588450212, 0.00034587434493, 0.000362722610589, 0.000402395788115, 0.000374744820874, 0.000626805471256, 0.00074871245306, 0.00071505503729, 0.000342215003911, 5.67882598261e-05],
        "min": [1.3140635418e-25, 3.08244164385e-24, 1.79050086798e-24, 3.48938343042e-24, 8.5179622824e-24, 1.01397814174e-23, 5.68757116409e-24, 2.06844630494e-23, 2.17074925812e-23, 2.71278978559e-23, 2.02656252404e-23, 3.95054031379e-23, 2.32937893097e-23, 5.49902946344e-23, 5.62502317178e-23, 9.08192209898e-23, 5.98068963059e-23, 1.0695589461e-22, 1.3456451168e-22, 2.11368501661e-22, 2.56424475279e-22, 3.88513440463e-22, 3.8545493207e-22, 6.34950431811e-22, 8.64234709314e-22, 1.21667171042e-21, 1.97443367403e-21],
        "var": [3.76166804017e-06, 0.000604476081207, 0.000117047784443, 7.58193482397e-06, 1.83686972832e-06, 7.77520710926e-07, 7.24301798982e-07, 2.54918586506e-06, 9.44039925344e-07, 1.19822129818e-06, 1.89300408238e-06, 5.25715279309e-07, 6.59235411149e-07, 5.90855563587e-07, 2.54360685403e-07, 4.86537487632e-07, 3.4360161294e-07, 3.77478954761e-07, 7.09392963927e-07, 6.9594341312e-07, 9.85969450085e-07, 9.39073458994e-07, 2.07872903957e-06, 1.86363104149e-06, 2.36513278651e-06, 6.72887040309e-07, 1.10639156503e-07]
    },
    "erbbands": {
        "dmean": [0.340521633625, 2.17337059975, 4.50985097885, 4.32830238342, 2.17220664024, 2.10966348648, 3.05522847176, 3.53860425949, 5.0626783371, 8.62184429169, 8.87165164948, 9.92593383789, 9.15009975433, 12.9591054916, 23.662317276, 14.1127977371, 14.3540773392, 13.4850444794, 12.0150766373, 15.4143066406, 14.6756048203, 14.1466693878, 14.3419246674, 18.1285858154, 18.2578849792, 16.1557006836, 14.1670589447, 14.8707199097, 12.5478773117, 16.2103271484, 13.8011932373, 10.9608983994, 8.15123271942, 6.65033102036, 3.46164774895, 1.59193563461, 0.541661918163, 0.167405501008, 0.0200498159975, 0.00028353050584],
        "dmean2": [0.453799277544, 3.03681659698, 7.6494474411, 7.83358430862, 3.68388652802, 3.56396484375, 5.10113954544, 5.70278263092, 7.72793197632, 13.0836248398, 13.2688770294, 15.6057929993, 14.6915283203, 20.7341384888, 36.5987434387, 23.7097949982, 23.9712238312, 22.3197917938, 19.7989425659, 25.4974384308, 24.0926361084, 23.4472808838, 23.8526191711, 29.6882228851, 29.3624973297, 25.9817581177, 22.5170078278, 22.9054050446, 19.6042804718, 24.6334037781, 21.3396186829, 16.9375572205, 12.3898572922, 10.0769281387, 5.25054931641, 2.40180873871, 0.832925021648, 0.25650575757, 0.0315188057721, 0.000440475909272],
        "dvar": [0.327558219433, 25.834487915, 213.751998901, 193.551361084, 18.7173442841, 15.261259079, 35.1621627808, 30.0679359436, 66.4983139038, 252.955108643, 316.947509766, 372.214202881, 366.563079834, 667.920532227, 1842.35778809, 685.459411621, 761.656677246, 701.448913574, 424.016235352, 538.129272461, 452.914245605, 456.861450195, 522.339416504, 871.556762695, 912.288696289, 708.686584473, 522.144775391, 695.078674316, 493.86630249, 1119.26672363, 728.540466309, 373.331542969, 234.541305542, 164.735107422, 50.3467025757, 9.88394260406, 1.0202203989, 0.0998590439558, 0.00144807994366, 2.96919694165e-07],
        "dvar2": [0.51730042696, 49.6956367493, 552.961364746, 542.52947998, 51.7667694092, 42.1428527832, 95.5059280396, 78.0939178467, 151.165786743, 492.256072998, 599.733215332, 839.203796387, 884.704772949, 1598.63464355, 3807.37670898, 1731.56774902, 1875.72265625, 1674.51916504, 1079.65515137, 1372.5423584, 1156.3112793, 1158.4597168, 1334.78149414, 2177.23144531, 2207.15478516, 1691.9498291, 1218.21008301, 1512.40478516, 1055.37756348, 2429.67358398, 1493.73181152, 771.471740723, 463.72366333, 350.322937012, 118.369911194, 22.0969467163, 2.3186109066, 0.223929181695, 0.0033185123466, 6.62939214635e-07],
        "max": [6.10383558273, 53.5201034546, 110.327377319, 237.035308838, 123.232772827, 84.7176742554, 160.470596313, 104.164604187, 141.196121216, 512.919006348, 464.97454834, 627.915405273, 366.135803223, 519.293457031, 944.172973633, 794.885681152, 690.511352539, 987.322692871, 501.525817871, 431.877563477, 360.302886963, 451.212860107, 660.057006836, 1022.34210205, 676.652160645, 580.480285645, 432.004699707, 529.15032959, 352.557312012, 433.687652588, 354.684082031, 266.794006348, 186.148193359, 146.116104126, 83.7373809814, 39.54347229, 18.9286003113, 4.30015563965, 0.679137885571, 0.00902417208999],
        "mean": [0.684999108315, 2.95726323128, 3.59092235565, 3.45078206062, 3.00009870529, 3.14339971542, 4.54988050461, 5.44936704636, 8.24560451508, 14.6801042557, 14.9859781265, 14.7704296112, 13.9417905807, 20.5417041779, 38.3132209778, 22.5433807373, 23.461566925, 22.829372406, 19.7530384064, 25.9739208221, 25.4396781921, 24.2850856781, 26.2597446442, 33.3931694031, 33.2812309265, 32.3478126526, 29.1225566864, 29.5791187286, 24.673078537, 28.2634525299, 26.6325454712, 23.1011390686, 17.388753891, 13.1384544373, 6.94120359421, 3.05512428284, 1.04103410244, 0.319056898355, 0.0343039557338, 0.000552425859496],
        "median": [0.438180804253, 1.12406253815, 0.517104148865, 0.751567602158, 1.19155693054, 1.37201976776, 1.80941307545, 2.69671678543, 4.00720739365, 6.01243305206, 6.16879653931, 6.07497215271, 6.35586643219, 9.87438011169, 18.4312114716, 12.9329738617, 12.9019641876, 12.8034200668, 12.4513587952, 17.4727745056, 16.2873001099, 14.780459404, 15.7575244904, 17.4988899231, 17.7671928406, 17.8390960693, 16.4763259888, 13.7976875305, 13.6359043121, 16.8685474396, 18.5499172211, 15.8249454498, 12.0485877991, 8.37754058838, 4.32817792892, 1.77010715008, 0.577738344669, 0.120268628001, 0.00900209508836, 0.000227088588872],
        "min": [6.08922363829e-23, 1.27015865074e-21, 3.50207147553e-21, 1.0222646169e-20, 1.56007927582e-20, 4.7445855321e-20, 9.62138360665e-20, 1.15030889608e-19, 8.91422948592e-20, 2.76029317379e-19, 5.96876417719e-19, 5.35279120936e-19, 9.52929643249e-19, 6.14114965083e-19, 1.25373800891e-18, 1.80851067495e-18, 1.2568189465e-18, 2.2467460004e-18, 2.73367083106e-18, 3.31257504392e-18, 5.82759164019e-18, 4.78360740268e-18, 6.75391770738e-18, 7.71444024826e-18, 6.03503613011e-18, 1.04328187845e-17, 1.08211362416e-17, 9.60878642141e-18, 1.25991113374e-17, 1.23234318916e-17, 1.1985962054e-17, 1.3162711675e-17, 1.04759818961e-17, 9.1773802991e-18, 6.46066067353e-18, 4.52163392601e-18, 2.30630114335e-18, 1.06642843927e-18, 2.47195636532e-19, 2.74255254072e-20],
        "var": [0.65409630537, 33.5572547913, 158.085784912, 118.977363586, 24.736114502, 22.153295517, 54.4550933838, 52.6506996155, 142.799423218, 686.17590332, 849.97265625, 657.241210938, 645.624328613, 1228.40197754, 4109.78515625, 1166.28491211, 1452.91430664, 1648.66796875, 669.510314941, 923.961730957, 852.361328125, 831.668762207, 977.582092285, 1811.8104248, 1950.73486328, 1794.66308594, 1412.94592285, 1730.19519043, 1152.20361328, 1869.13757324, 1414.03149414, 882.129333496, 528.494750977, 331.165618896, 91.3397216797, 18.0001621246, 1.93391132355, 0.214254796505, 0.00297217047773, 6.23911319053e-07]
    },
    "gfcc": {
        "mean": [30.4340171814, 24.9743976593, -104.450279236, 31.5924129486, -49.2144889832, 25.9438323975, -27.3033638, 18.7294578552, -19.463722229, 10.9583654404, -10.5934810638, 7.45381593704, -10.4384946823],
        "cov": [[13545.1494141, -2448.80029297, 1684.61853027, 368.398071289, -1.58874022961, 323.848602295, 38.2334518433, 355.366027832, -39.1437339783, 348.425415039, -153.310134888, 329.282226562, -258.838470459], [-2448.80029297, 3928.98828125, -225.230148315, 289.44921875, 480.662475586, -404.204071045, 65.1705169678, -282.520111084, -24.6314315796, -313.003967285, 44.4101028442, -79.484046936, 200.435287476], [1684.61853027, -225.230148315, 1399.59448242, 477.934692383, 480.642120361, 383.939147949, 184.142745972, 156.911270142, 78.8553161621, 119.001045227, -3.79255032539, 54.1352119446, -83.206413269], [368.398071289, 289.44921875, 477.934692383, 526.049560547, 348.676239014, 292.141235352, 156.126342773, 101.530815125, 56.3219490051, 38.9269332886, 18.7650547028, -3.42547464371, 17.2242851257], [-1.58874022961, 480.662475586, 480.642120361, 348.676239014, 494.137084961, 264.983520508, 221.834838867, 89.8718643188, 85.2290267944, 37.485004425, 42.4615631104, 31.4951133728, 32.914226532], [323.848602295, -404.204071045, 383.939147949, 292.141235352, 264.983520508, 507.002349854, 157.085876465, 170.43572998, 57.3988494873, 96.0390090942, 33.0729675293, 9.0735206604, -17.7705230713], [38.2334518433, 65.1705169678, 184.142745972, 156.126342773, 221.834838867, 157.085876465, 232.414535522, 132.002441406, 107.834968567, 56.3839378357, 51.9266166687, 37.9620132446, 36.4407958984], [355.366027832, -282.520111084, 156.911270142, 101.530815125, 89.8718643188, 170.43572998, 132.002441406, 180.687698364, 105.637611389, 94.2239456177, 36.1882209778, 38.9524765015, 6.20839309692], [-39.1437339783, -24.6314315796, 78.8553161621, 56.3219490051, 85.2290267944, 57.3988494873, 107.834968567, 105.637611389, 127.22467041, 75.5107269287, 51.1745834351, 31.0492477417, 27.9617366791], [348.425415039, -313.003967285, 119.001045227, 38.9269332886, 37.485004425, 96.0390090942, 56.3839378357, 94.2239456177, 75.5107269287, 118.163528442, 47.2672424316, 43.6303749084, -0.775076329708], [-153.310134888, 44.4101028442, -3.79255032539, 18.7650547028, 42.4615631104, 33.0729675293, 51.9266166687, 36.1882209778, 51.1745834351, 47.2672424316, 84.4598464966, 45.3108520508, 39.0107345581], [329.282226562, -79.484046936, 54.1352119446, -3.42547464371, 31.4951133728, 9.0735206604, 37.9620132446, 38.9524765015, 31.0492477417, 43.6303749084, 45.3108520508, 89.5595321655, 41.4773178101], [-258.838470459, 200.435287476, -83.206413269, 17.2242851257, 32.914226532, -17.7705230713, 36.4407958984, 6.20839309692, 27.9617366791, -0.775076329708, 39.0107345581, 41.4773178101, 87.3112564087]],
        "icov": [[0.000134418602102, 5.86212581766e-06, -0.000100428282167, -0.000168264625245, 0.000185952449101, 8.83371321834e-05, -9.44839339354e-05, -0.000144915145938, 0.000295520323562, -0.000286541180685, 0.000500126625411, -0.000797014741693, 0.000378120079404], [5.86212581766e-06, 0.000774365267716, 0.000165272576851, -0.000386937696021, -0.00143987126648, 0.00106867204886, 0.000578430132009, -0.000109387554403, -0.000246821058681, 0.0016619709786, -0.00126512045972, 0.00105802644975, -0.000843346642796], [-0.000100428282167, 0.000165272576851, 0.00185911916196, -0.000894776312634, -0.00167204230092, 6.504033081e-05, 0.000619955535512, 0.000248089636443, -0.000747878162656, -1.23143299788e-05, 0.000527490163222, -0.00152998848353, 0.00236880895682], [-0.000168264625245, -0.000386937696021, -0.000894776312634, 0.00521137053147, -0.0017172335647, -0.00140391406603, 0.00035836303141, -0.00146239669994, 0.00113784626592, -0.000689940759912, -0.000372152891941, 0.00386482477188, -0.00321554113179], [0.000185952449101, -0.00143987126648, -0.00167204230092, -0.0017172335647, 0.0108654312789, -0.00404441915452, -0.00669601233676, 0.00576862273738, -0.00265864888206, -0.00153173226863, 0.00353500805795, -0.00500878505409, 0.00170519249514], [8.83371321834e-05, 0.00106867204886, 6.504033081e-05, -0.00140391406603, -0.00404441915452, 0.00706602307037, 0.00101783964783, -0.00633880496025, 0.00590302888304, -0.000864144705702, -0.00357416644692, 0.00430593825877, -0.00121048779693], [-9.44839339354e-05, 0.000578430132009, 0.000619955535512, 0.00035836303141, -0.00669601233676, 0.00101783964783, 0.0154140265658, -0.00841863639653, -0.0040530138649, 0.00530695728958, -0.00392192555591, 0.00152540684212, -0.00181836471893], [-0.000144915145938, -0.000109387554403, 0.000248089636443, -0.00146239669994, 0.00576862273738, -0.00633880496025, -0.00841863639653, 0.0261367410421, -0.01464710664, -0.00392037350684, 0.00697049684823, -0.00709102209657, 0.00344698084518], [0.000295520323562, -0.000246821058681, -0.000747878162656, 0.00113784626592, -0.00265864888206, 0.00590302888304, -0.0040530138649, -0.01464710664, 0.0316809564829, -0.0127410637215, -0.00554791931063, 0.00862650759518, -0.00643595866859], [-0.000286541180685, 0.0016619709786, -1.23143299788e-05, -0.000689940759912, -0.00153173226863, -0.000864144705702, 0.00530695728958, -0.00392037350684, -0.0127410637215, 0.0298511944711, -0.0106626050547, -0.00454452494159, 0.00519328843802], [0.000500126625411, -0.00126512045972, 0.000527490163222, -0.000372152891941, 0.00353500805795, -0.00357416644692, -0.00392192555591, 0.00697049684823, -0.00554791931063, -0.0106626050547, 0.0292951315641, -0.0126136466861, -0.00137068401091], [-0.000797014741693, 0.00105802644975, -0.00152998848353, 0.00386482477188, -0.00500878505409, 0.00430593825877, 0.00152540684212, -0.00709102209657, 0.00862650759518, -0.00454452494159, -0.0126136466861, 0.033579710871, -0.0174992885441], [0.000378120079404, -0.000843346642796, 0.00236880895682, -0.00321554113179, 0.00170519249514, -0.00121048779693, -0.00181836471893, 0.00344698084518, -0.00643595866859, 0.00519328843802, -0.00137068401091, -0.0174992885441, 0.0280593950301]]
    },
    "melbands": {
        "dmean": [0.0028072737623, 0.00233683083206, 0.000685628794599, 0.000134313522722, 0.000105359446025, 7.95729865786e-05, 7.56406589062e-05, 0.00010035088053, 7.16645663488e-05, 5.91247880948e-05, 4.62637071905e-05, 5.38028689334e-05, 7.29525272618e-05, 4.8037210945e-05, 3.33331736329e-05, 2.68884559773e-05, 2.8263679269e-05, 1.94515614567e-05, 1.70809289557e-05, 2.78216684819e-05, 1.61688003573e-05, 1.51856056618e-05, 1.59414576046e-05, 1.49070310727e-05, 1.56191254064e-05, 1.45633239299e-05, 1.21250477605e-05, 1.16426153909e-05, 9.30867645366e-06, 9.20632828638e-06, 9.94150741462e-06, 7.53588437874e-06, 7.23441735317e-06, 1.05263725345e-05, 8.76856483956e-06, 7.15833175491e-06, 6.96832694302e-06, 5.80181085752e-06, 7.00577356838e-06, 5.54857342649e-06],
        "dmean2": [0.00372354430147, 0.00344022456557, 0.00122202245984, 0.000225115567446, 0.000175889319507, 0.000128325875266, 0.000114980699436, 0.000150928681251, 0.00010713798838, 9.40723257372e-05, 7.46446530684e-05, 8.61946173245e-05, 0.000113810769108, 7.88682737038e-05, 5.60401276744e-05, 4.44734214398e-05, 4.70622435387e-05, 3.21852967318e-05, 2.86290887743e-05, 4.55791669083e-05, 2.69336651399e-05, 2.53855087067e-05, 2.66950792138e-05, 2.49433742283e-05, 2.57360097748e-05, 2.38082084252e-05, 1.98215566343e-05, 1.88165104191e-05, 1.50071709868e-05, 1.4758143152e-05, 1.55629586516e-05, 1.18360958368e-05, 1.17213539852e-05, 1.62366977747e-05, 1.38556933962e-05, 1.12417574201e-05, 1.08391877802e-05, 8.87095120561e-06, 1.08518352135e-05, 8.61959233589e-06],
        "dvar": [2.54240094364e-05, 4.0269762394e-05, 4.33664490629e-06, 5.94733080561e-08, 3.99351129943e-08, 1.50274122035e-08, 1.45806060559e-08, 3.51971998214e-08, 1.89969320274e-08, 1.2774996172e-08, 9.35392741042e-09, 1.23480647929e-08, 1.68806231216e-08, 6.22879481327e-09, 3.28369886837e-09, 2.56669485665e-09, 3.37551742113e-09, 1.09935593962e-09, 7.19414583461e-10, 2.15911333257e-09, 5.93852578223e-10, 5.69293168162e-10, 6.30846375138e-10, 5.70040237236e-10, 6.99260149783e-10, 5.64431223982e-10, 4.24857676817e-10, 4.05023015126e-10, 2.25689522626e-10, 2.64985727805e-10, 3.42891937066e-10, 1.79891712637e-10, 1.64068217345e-10, 5.45471612323e-10, 3.12969455907e-10, 1.43544676146e-10, 1.6204203257e-10, 1.19594653625e-10, 1.57362164965e-10, 1.15550249924e-10],
        "dvar2": [4.00866774726e-05, 8.84293986019e-05, 1.19901387734e-05, 1.63521747254e-07, 1.085780994e-07, 3.94258172776e-08, 3.28634257585e-08, 6.63567902848e-08, 3.69315529269e-08, 2.95605531164e-08, 2.27607461767e-08, 2.92750996778e-08, 3.56093252663e-08, 1.54089700999e-08, 8.38227887101e-09, 6.20983309219e-09, 8.00711230653e-09, 2.83816858904e-09, 1.87204207691e-09, 5.4590563181e-09, 1.55115276179e-09, 1.4637281387e-09, 1.6461888519e-09, 1.4496029932e-09, 1.77782655264e-09, 1.40817912886e-09, 1.07945441474e-09, 9.92383841769e-10, 5.42704714501e-10, 6.28005203396e-10, 7.87439169425e-10, 3.84464682313e-10, 3.85054488294e-10, 1.23274168651e-09, 6.78928635534e-10, 2.95606122913e-10, 3.45828810033e-10, 2.43905701192e-10, 3.39234057511e-10, 2.54580911907e-10],
        "max": [0.0563166216016, 0.0661893039942, 0.0354572460055, 0.00708439899608, 0.00512763857841, 0.00206439336762, 0.00216960744001, 0.00637895660475, 0.00348863261752, 0.00341336568817, 0.00181711511686, 0.00219717738219, 0.00301132933237, 0.00178067735396, 0.001463754219, 0.00156247557607, 0.00223686685786, 0.000723726931028, 0.000515273597557, 0.000949421024416, 0.000396897754399, 0.000389671768062, 0.000590963347349, 0.000547546427697, 0.000935967022087, 0.000391649780795, 0.000586691836361, 0.000416220747866, 0.000348433037288, 0.000317538680974, 0.000422646320658, 0.00019975550822, 0.000197542889509, 0.000256864266703, 0.000221228488954, 0.000175291570486, 0.000174949294887, 0.000143684112118, 0.000149382598465, 0.000121059878438],
        "mean": [0.00529951462522, 0.0025846932549, 0.000600204512011, 0.000212687213207, 0.000159874573001, 0.000122444849694, 0.000124485450215, 0.000170176543179, 0.000117857583973, 8.56701371958e-05, 6.82920799591e-05, 8.00934503786e-05, 0.000115430404549, 7.59538306738e-05, 5.10960853717e-05, 4.36951231677e-05, 4.40173207608e-05, 3.04500917991e-05, 2.70518521575e-05, 4.40010880993e-05, 2.6260580853e-05, 2.43325484917e-05, 2.53585440078e-05, 2.55692011706e-05, 2.66669303528e-05, 2.41808538703e-05, 2.1813024432e-05, 2.15159507206e-05, 1.78749887709e-05, 1.69416143763e-05, 1.81888790394e-05, 1.37585984703e-05, 1.33876301334e-05, 1.65220899362e-05, 1.473780776e-05, 1.55578200065e-05, 1.35211939778e-05, 1.13745572889e-05, 1.374002386e-05, 1.01209016066e-05],
        "median": [0.00313742482103, 0.000700475997292, 0.000149199870066, 9.72833513515e-05, 6.96157803759e-05, 6.12501244177e-05, 6.1975682911e-05, 6.81542878738e-05, 4.86590906803e-05, 3.40229016729e-05, 2.9014356187e-05, 3.4535634768e-05, 5.45176080777e-05, 4.28432249464e-05, 2.90779862553e-05, 2.27875862038e-05, 2.26762094826e-05, 1.85148874152e-05, 1.83682495845e-05, 2.54505284829e-05, 1.62504620675e-05, 1.4303594071e-05, 1.41938653542e-05, 1.37223214551e-05, 1.31312872327e-05, 1.23810359582e-05, 1.24847738334e-05, 1.09053398774e-05, 1.01328896562e-05, 8.65939546202e-06, 7.44072258385e-06, 6.90986507834e-06, 8.15327257442e-06, 9.02073770703e-06, 9.10718517844e-06, 1.03749043774e-05, 8.96698657016e-06, 7.4877998486e-06, 8.56000951899e-06, 6.1592018028e-06],
        "min": [9.49265810929e-25, 3.33112886093e-24, 2.1424661492e-24, 2.2417971478e-24, 4.75679930962e-24, 2.24397775656e-24, 1.19803832359e-24, 3.14623564197e-24, 4.1585855748e-24, 2.61113748489e-24, 4.56501933495e-24, 1.70259237807e-24, 3.06090574114e-24, 4.61068767604e-24, 2.66262170301e-24, 3.19313401443e-24, 4.19100618029e-24, 4.43312770805e-24, 5.14894561548e-24, 3.33518755029e-24, 4.82796521289e-24, 2.70872076216e-24, 4.53376032715e-24, 5.22624333456e-24, 4.82374086274e-24, 4.76501766253e-24, 4.02496003164e-24, 6.41714443912e-24, 6.43107532827e-24, 6.21714650597e-24, 5.36591352442e-24, 6.64516705036e-24, 5.29505764348e-24, 6.76535632015e-24, 6.02259841839e-24, 5.37552421683e-24, 7.26317014984e-24, 6.6968989708e-24, 5.9320466528e-24, 7.4936398076e-24],
        "var": [4.60617375211e-05, 4.32393790106e-05, 2.80859967461e-06, 9.25133250007e-08, 6.08388077694e-08, 2.63521133803e-08, 3.2173105069e-08, 9.90011059798e-08, 4.84198707795e-08, 2.18376534633e-08, 1.61687569999e-08, 2.2498365837e-08, 3.61426728546e-08, 1.14730163148e-08, 5.70633806873e-09, 5.37840660897e-09, 7.85712828133e-09, 1.71833003382e-09, 1.05356812163e-09, 3.884973232e-09, 9.60333923494e-10, 9.14705700072e-10, 1.06581310444e-09, 1.07952180528e-09, 1.34084465753e-09, 1.07432973628e-09, 8.75803651823e-10, 9.14845199596e-10, 5.60495261315e-10, 5.81652448428e-10, 7.57455709266e-10, 4.01577882059e-10, 3.13576470345e-10, 7.85220000132e-10, 5.05191666278e-10, 3.84600490344e-10, 3.30249383396e-10, 2.43184333781e-10, 3.41922629099e-10, 2.08749739716e-10]
    },
    "mfcc": {
        "mean": [-615.961853027, 67.0410919189, 4.3269443512, 15.2819805145, 7.62740898132, 9.76337814331, 9.5153799057, 9.60595607758, 4.77001905441, 6.47965097427, 3.58238339424, 6.41331911087, 6.89391613007],
        "cov": [[8965.3515625, -1769.70556641, 765.082214355, -33.1453552246, -62.1338424683, -70.2134094238, 24.3065490723, 64.4270935059, 61.6074409485, 101.170082092, 120.582397461, 103.769966125, 105.019042969], [-1769.70556641, 2861.06518555, -279.306213379, 550.121520996, 115.79599762, -9.07362174988, -72.7456817627, -2.42307496071, -71.1301803589, -190.504821777, -159.094039917, -148.282852173, -36.3780212402], [765.082214355, -279.306213379, 718.075927734, 167.738357544, 299.19442749, 208.135147095, 171.066818237, 107.725006104, 87.2203521729, 110.841110229, 88.6902999878, 70.7006225586, 48.9294776917], [-33.1453552246, 550.121520996, 167.738357544, 414.209960938, 180.445648193, 129.082214355, 89.4762268066, 89.1815490723, 77.1844787598, 31.6962966919, 13.3931074142, 7.62063884735, 28.5103912354], [-62.1338424683, 115.79599762, 299.19442749, 180.445648193, 332.587432861, 255.513534546, 189.383895874, 127.560806274, 93.9248657227, 86.1499862671, 58.0153694153, 46.8189811707, 46.6697998047], [-70.2134094238, -9.07362174988, 208.135147095, 129.082214355, 255.513534546, 280.362335205, 206.918624878, 132.76234436, 100.103652954, 90.2261428833, 56.7839736938, 47.8459129333, 46.6053085327], [24.3065490723, -72.7456817627, 171.066818237, 89.4762268066, 189.383895874, 206.918624878, 215.529159546, 142.623260498, 103.934242249, 92.5803833008, 63.7614707947, 58.1091423035, 51.2701034546], [64.4270935059, -2.42307496071, 107.725006104, 89.1815490723, 127.560806274, 132.76234436, 142.623260498, 153.789337158, 109.990493774, 80.708190918, 57.1354408264, 44.22605896, 45.5974845886], [61.6074409485, -71.1301803589, 87.2203521729, 77.1844787598, 93.9248657227, 100.103652954, 103.934242249, 109.990493774, 132.458740234, 98.9596328735, 63.1788902283, 48.2495231628, 38.4413070679], [101.170082092, -190.504821777, 110.841110229, 31.6962966919, 86.1499862671, 90.2261428833, 92.5803833008, 80.708190918, 98.9596328735, 127.196968079, 83.9819259644, 55.4068412781, 33.8478088379], [120.582397461, -159.094039917, 88.6902999878, 13.3931074142, 58.0153694153, 56.7839736938, 63.7614707947, 57.1354408264, 63.1788902283, 83.9819259644, 104.286155701, 69.7216720581, 32.0509109497], [103.769966125, -148.282852173, 70.7006225586, 7.62063884735, 46.8189811707, 47.8459129333, 58.1091423035, 44.22605896, 48.2495231628, 55.4068412781, 69.7216720581, 91.1049041748, 49.9605445862], [105.019042969, -36.3780212402, 48.9294776917, 28.5103912354, 46.6697998047, 46.6053085327, 51.2701034546, 45.5974845886, 38.4413070679, 33.8478088379, 32.0509109497, 49.9605445862, 76.8644104004]],
