{
"lowlevel": {
    "average_loudness": 0.896719574928,
    "barkbands_crest": {
        "dmean": 2.82869911194,
        "dmean2": 4.73113393784,
        "dvar": 9.51160621643,
        "dvar2": 24.8538684845,
        "max": 26.911239624,
        "mean": 15.1907787323,
        "median": 16.324224472,
        "min": 2.35610437393,
        "var": 31.4466247559
    },
    "barkbands_flatness_db": {
        "dmean": 0.0327721722424,
        "dmean2": 0.0522053353488,
        "dvar": 0.00174674578011,
        "dvar2": 0.00405481830239,
        "max": 0.517758250237,
        "mean": 0.134443476796,
        "median": 0.115031562746,
        "min": 0.0205687489361,
        "var": 0.00456999521703
    },
    "barkbands_kurtosis": {
        "dmean": 12.8578300476,
        "dmean2": 19.572177887,
        "dvar": 3008.98730469,
        "dvar2": 6100.98095703,
        "max": 2154.65039062,
        "mean": 14.1430501938,
        "median": 2.19823074341,
        "min": -1.85299897194,
        "var": 5237.09277344
    },
    "barkbands_skewness": {
        "dmean": 1.10290801525,
        "dmean2": 1.69570505619,
        "dvar": 3.09608078003,
        "dvar2": 6.53202152252,
        "max": 44.985584259,
        "mean": 2.44803929329,
        "median": 1.79477500916,
        "min": -1.92962658405,
        "var": 7.50195026398
    },
    "barkbands_spread": {
        "dmean": 11.298866272,
        "dmean2": 18.0943622589,
        "dvar": 157.544158936,
        "dvar2": 359.209381104,
        "max": 115.640480042,
        "mean": 33.3157539368,
        "median": 33.5552139282,
        "min": 0.184373870492,
        "var": 380.92300415
    },
    "dissonance": {
        "dmean": 0.0143608152866,
        "dmean2": 0.0242676697671,
        "dvar": 0.000202849842026,
        "dvar2": 0.000549136369955,
        "max": 0.499998480082,
        "mean": 0.473942428827,
        "median": 0.478253513575,
        "min": 0.321928888559,
        "var": 0.000401183293434
    },
    "dynamic_complexity": 2.31903362274,
    "erbbands_crest": {
        "dmean": 3.1168923378,
        "dmean2": 5.27357053757,
        "dvar": 11.1541128159,
        "dvar2": 28.3698730469,
        "max": 31.0698604584,
        "mean": 7.50752639771,
        "median": 5.88675260544,
        "min": 1.95091891289,
        "var": 21.2969303131
    },
    "erbbands_flatness_db": {
        "dmean": 0.0148619469255,
        "dmean2": 0.0240331534296,
        "dvar": 0.000269732699962,
        "dvar2": 0.000666462059598,
        "max": 0.387026816607,
        "mean": 0.109333083034,
        "median": 0.0893422812223,
        "min": 0.0246981978416,
        "var": 0.00260090781376
    },
    "erbbands_kurtosis": {
        "dmean": 0.970931351185,
        "dmean2": 1.66403305531,
        "dvar": 5.80932188034,
        "dvar2": 15.602473259,
        "max": 58.3071784973,
        "mean": 0.185905560851,
        "median": -0.295799732208,
        "min": -1.83511078358,
        "var": 5.75571918488
    },
    "erbbands_skewness": {
        "dmean": 0.458762735128,
        "dmean2": 0.71768951416,
        "dvar": 0.346931308508,
        "dvar2": 0.787450790405,
        "max": 7.45656394958,
        "mean": 0.0274983178824,
        "median": -0.0638516098261,
        "min": -3.57728242874,
        "var": 0.664521753788
    },
    "erbbands_spread": {
        "dmean": 13.4717149734,
        "dmean2": 21.2596607208,
        "dvar": 266.410064697,
        "dvar2": 643.124755859,
        "max": 154.293518066,
        "mean": 55.5431594849,
        "median": 53.0711402893,
        "min": 4.97625398636,
        "var": 574.418945312
    },
    "hfc": {
        "dmean": 16.5524406433,
        "dmean2": 26.2052154541,
        "dvar": 347.634033203,
        "dvar2": 857.896118164,
        "max": 270.372497559,
        "mean": 48.6908378601,
        "median": 47.1145362854,
        "min": 1.23437754061e-16,
        "var": 1036.45568848
    },
    "melbands_crest": {
        "dmean": 3.29782915115,
        "dmean2": 5.54862785339,
        "dvar": 15.7745218277,
        "dvar2": 40.6770133972,
        "max": 39.9366607666,
        "mean": 21.0336589813,
        "median": 22.0477104187,
        "min": 2.23217225075,
        "var": 59.0311889648
    },
    "melbands_flatness_db": {
        "dmean": 0.0394221358001,
        "dmean2": 0.0623713284731,
        "dvar": 0.00253334408626,
        "dvar2": 0.00586433056742,
        "max": 0.646659314632,
        "mean": 0.201536029577,
        "median": 0.186435088515,
        "min": 0.00845870841295,
        "var": 0.00673763733357
    },
    "melbands_kurtosis": {
        "dmean": 42.7506256104,
        "dmean2": 68.0283889771,
        "dvar": 10121.8740234,
        "dvar2": 22762.4726562,
        "max": 2729.53686523,
        "mean": 54.0691490173,
        "median": 19.3656082153,
        "min": -1.39988481998,
        "var": 15537.3681641
    },
    "melbands_skewness": {
        "dmean": 1.86758089066,
        "dmean2": 2.93801951408,
        "dvar": 7.8533411026,
        "dvar2": 17.367559433,
        "max": 48.4459114075,
        "mean": 5.05048418045,
        "median": 4.08145332336,
        "min": -1.06637966633,
        "var": 15.8736085892
    },
    "melbands_spread": {
        "dmean": 9.07844352722,
        "dmean2": 14.9487380981,
        "dvar": 136.246749878,
        "dvar2": 322.128479004,
        "max": 172.299484253,
        "mean": 22.3942050934,
        "median": 19.5484333038,
        "min": 0.245416969061,
        "var": 315.842559814
    },
    "pitch_salience": {
        "dmean": 0.088600538671,
        "dmean2": 0.146257579327,
        "dvar": 0.0100304158404,
        "dvar2": 0.0274362079799,
        "max": 0.982066869736,
        "mean": 0.410672217607,
        "median": 0.374181896448,
        "min": 0.0060653439723,
        "var": 0.029417520389
    },
    "silence_rate_20dB": {
        "dmean": 0.000207555000088,
        "dmean2": 0.000415153073845,
        "dvar": 0.000207491480978,
        "dvar2": 0.000622475519776,
        "max": 1,
        "mean": 0.999896228313,
        "median": 1,
        "min": 0,
        "var": 0.000103750855487
    },
    "silence_rate_30dB": {
        "dmean": 0.100664176047,
        "dmean2": 0.201349243522,
        "dvar": 0.0905286371708,
        "dvar2": 0.208330079913,
        "max": 1,
        "mean": 0.867178559303,
        "median": 1,
        "min": 0,
        "var": 0.115182414651
    },
    "silence_rate_60dB": {
        "dmean": 0.00684931501746,
        "dmean2": 0.0137000521645,
        "dvar": 0.0068013058044,
        "dvar2": 0.0155907580629,
        "max": 1,
        "mean": 0.0494967326522,
        "median": 0,
        "min": 0,
        "var": 0.0470476225019
    },
    "spectral_centroid": {
        "dmean": 412.378936768,
        "dmean2": 639.332519531,
        "dvar": 266139.65625,
        "dvar2": 476277.90625,
        "max": 10783.0390625,
        "mean": 1941.38232422,
        "median": 2189.74902344,
        "min": 96.3281402588,
        "var": 785085.75
    },
    "spectral_complexity": {
        "dmean": 6.30946445465,
        "dmean2": 10.0134925842,
        "dvar": 55.9872932434,
        "dvar2": 129.418869019,
        "max": 56,
        "mean": 23.9646148682,
        "median": 26,
        "min": 0,
        "var": 146.123748779
    },
    "spectral_decrease": {
        "dmean": 5.04351227448e-09,
        "dmean2": 7.99306842936e-09,
        "dvar": 6.31067603671e-17,
        "dvar2": 1.60704199421e-16,
        "max": 3.09926063329e-29,
        "mean": -1.52713486301e-08,
        "median": -1.50083749872e-08,
        "min": -8.79782149354e-08,
        "var": 1.35915197884e-16
    },
    "spectral_energy": {
        "dmean": 0.0195029359311,
        "dmean2": 0.030852843076,
        "dvar": 0.00089672068134,
        "dvar2": 0.00228479295038,
        "max": 0.339214593172,
        "mean": 0.0620539113879,
        "median": 0.0616558678448,
        "min": 1.1079177153e-20,
        "var": 0.00203150510788
    },
    "spectral_energyband_high": {
        "dmean": 0.0015920168953,
        "dmean2": 0.00249355495907,
        "dvar": 3.28686041939e-06,
        "dvar2": 8.0522713688e-06,
        "max": 0.0239616762847,
        "mean": 0.00388825079426,
        "median": 0.00371002755128,
        "min": 8.32006936777e-21,
        "var": 9.22188246477e-06
    },
    "spectral_energyband_low": {
        "dmean": 0.0160569511354,
        "dmean2": 0.0262353103608,
        "dvar": 0.000739771698136,
        "dvar2": 0.00191427511163,
        "max": 0.320630729198,
        "mean": 0.0412798188627,
        "median": 0.0405494272709,
        "min": 4.50277860396e-23,
        "var": 0.00155373732559
    },
    "spectral_energyband_middle_high": {
        "dmean": 0.00282246479765,
        "dmean2": 0.00463245809078,
        "dvar": 1.14324730021e-05,
        "dvar2": 2.85388960037e-05,
        "max": 0.0487614534795,
        "mean": 0.0061660092324,
        "median": 0.00545659242198,
        "min": 1.62356015737e-21,
        "var": 2.41189918597e-05
    },
    "spectral_energyband_middle_low": {
        "dmean": 0.0101532246917,
        "dmean2": 0.0168184731156,
        "dvar": 0.000688780564815,
        "dvar2": 0.00169332651421,
        "max": 0.312220036983,
        "mean": 0.0131219774485,
        "median": 0.00681747402996,
        "min": 1.47283688397e-22,
        "var": 0.000587550865021
    },
    "spectral_entropy": {
        "dmean": 0.202813982964,
        "dmean2": 0.317775249481,
        "dvar": 0.0808530896902,
        "dvar2": 0.19319742918,
        "max": 9.80554866791,
        "mean": 8.01952552795,
        "median": 8.19089794159,
        "min": 5.3446559906,
        "var": 0.234553530812
    },
    "spectral_flux": {
        "dmean": 0.040494248271,
        "dmean2": 0.0612726658583,
        "dvar": 0.00276816589758,
        "dvar2": 0.00565212313086,
        "max": 0.563944578171,
        "mean": 0.120955467224,
        "median": 0.0940482765436,
        "min": 1.05257670635e-10,
        "var": 0.00739773083478
    },
    "spectral_kurtosis": {
        "dmean": 0.78662532568,
        "dmean2": 1.26709973812,
        "dvar": 1.72525286674,
        "dvar2": 5.06453418732,
        "max": 23.8392391205,
        "mean": 2.27754735947,
        "median": 1.62801599503,
        "min": -1.1957552433,
        "var": 5.48955154419
    },
    "spectral_rms": {
        "dmean": 0.00111647264566,
        "dmean2": 0.00174895080272,
        "dvar": 2.09388736039e-06,
        "dvar2": 5.15594501849e-06,
        "max": 0.0181917846203,
        "mean": 0.00717816222459,
        "median": 0.00775577640161,
        "min": 3.28769715445e-12,
        "var": 9.01428393263e-06
    },
    "spectral_rolloff": {
        "dmean": 992.00579834,
        "dmean2": 1694.46496582,
        "dvar": 1884732.125,
        "dvar2": 4477581,
        "max": 19121.484375,
        "mean": 1881.46960449,
        "median": 1162.79296875,
        "min": 21.533203125,
        "var": 5182875
    },
    "spectral_skewness": {
        "dmean": 0.143108859658,
        "dmean2": 0.224578112364,
        "dvar": 0.0272187273949,
        "dvar2": 0.0690009146929,
        "max": 3.99359798431,
        "mean": 1.24861431122,
        "median": 1.15715610981,
        "min": 0.0112702399492,
        "var": 0.119938179851
    },
    "spectral_spread": {
        "dmean": 800742.3125,
        "dmean2": 1189127.625,
        "dvar": 758363455488,
        "dvar2": 1.50912499712e+12,
        "max": 39935784,
        "mean": 6943560.5,
        "median": 7053463.5,
        "min": 1774363.75,
        "var": 3.38049368064e+12
    },
    "spectral_strongpeak": {
        "dmean": 0.266922652721,
        "dmean2": 0.451106697321,
        "dvar": 0.222862482071,
        "dvar2": 0.593455731869,
        "max": 6.62539434433,
        "mean": 0.673340916634,
        "median": 0.553282856941,
        "min": 0,
        "var": 0.295309305191
    },
    "zerocrossingrate": {
        "dmean": 0.0172295980155,
        "dmean2": 0.0225009731948,
        "dvar": 0.000301189516904,
        "dvar2": 0.000457355810795,
        "max": 0.529296875,
        "mean": 0.0778350308537,
        "median": 0.06591796875,
        "min": 0,
        "var": 0.0030769770965
    },
    "barkbands": {
        "dmean": [0.000658521486912, 0.0149231590331, 0.0042910668999, 0.00670151552185, 0.00407670112327, 0.000750741281081, 0.000506361189764, 0.000666900130454, 0.000483111856738, 0.000562793109566, 0.000359331461368, 0.000898775469977, 0.000370881083654, 0.00046309598838, 0.000420780532295, 0.000212525643292, 0.000477229972603, 0.000349595007719, 0.000335881515639, 0.000267920200713, 0.000357241748134, 0.00029615990934, 0.000306005676975, 0.0002770658175, 0.000385267077945, 0.000205022006412, 1.01563146018e-05],
        "dmean2": [0.000984848360531, 0.0234119277447, 0.00731094647199, 0.0117291659117, 0.00706178275868, 0.00130037532654, 0.000814339495264, 0.00102949596476, 0.000775758177042, 0.000890230061486, 0.000614919117652, 0.00150771613698, 0.000633684627246, 0.000785458367318, 0.000715015572496, 0.00036764255492, 0.000823648297228, 0.000597554724663, 0.000566173170228, 0.000453710148577, 0.000591721618548, 0.000489340804052, 0.000502999697346, 0.00044442867511, 0.000592670985498, 0.000315468467306, 1.72812488017e-05],
        "dvar": [1.56627720571e-06, 0.000687293999363, 0.00020824643434, 0.000389383465517, 0.00015526014613, 2.48223909693e-06, 8.32602552236e-07, 1.10591190605e-06, 6.24288702511e-07, 8.69562938988e-07, 5.26898134012e-07, 2.22189123633e-06, 6.4122502863e-07, 7.07430899638e-07, 5.60576324915e-07, 8.8261920439e-08, 5.40421012829e-07, 2.46281985028e-07, 1.85457224688e-07, 1.48199887917e-07, 1.85207426284e-07, 1.24547000269e-07, 1.38720096743e-07, 1.04779168453e-07, 2.7637932476e-07, 7.70377681647e-08, 2.36906855244e-10],
        "dvar2": [3.49678566636e-06, 0.00172928837128, 0.000539100146852, 0.00103375932667, 0.000425739708589, 7.07970730218e-06, 2.13938415072e-06, 2.56684734268e-06, 1.46899708398e-06, 2.06271397474e-06, 1.30051739688e-06, 5.83783412367e-06, 1.715980261e-06, 1.83392751296e-06, 1.53832570504e-06, 2.41076207885e-07, 1.47269747686e-06, 6.67140227506e-07, 4.99203110849e-07, 4.0139622115e-07, 4.85072291667e-07, 3.14344475782e-07, 3.65655012047e-07, 2.60133333541e-07, 6.74412660828e-07, 1.8834026605e-07, 6.43825326385e-10],
        "max": [0.0251247417182, 0.314226776361, 0.133666455746, 0.222682192922, 0.173742696643, 0.0200437940657, 0.0145715754479, 0.0228015165776, 0.0152455018833, 0.0238171741366, 0.0246274061501, 0.0263243913651, 0.0229103118181, 0.0215073376894, 0.0255086589605, 0.00459903338924, 0.0105063878, 0.00871350988746, 0.00514067849144, 0.00694175343961, 0.00482416013256, 0.00742891104892, 0.00559712620452, 0.00433851592243, 0.00712138833478, 0.00347481202334, 0.000239737608354],
        "mean": [0.00139889388811, 0.034095518291, 0.00353445066139, 0.00531766191125, 0.00411861715838, 0.00106527924072, 0.000753955391701, 0.000893889227882, 0.000669611734338, 0.000820915971417, 0.000430095475167, 0.00113300478552, 0.000481615861645, 0.000616187462583, 0.000560842803679, 0.000295245117741, 0.000646524713375, 0.000518598011695, 0.000568229006603, 0.000447238824563, 0.000669807719532, 0.00059752346715, 0.000615637516603, 0.000659746176098, 0.000713177141733, 0.000419618940214, 1.21254624901e-05],
        "median": [0.00028921617195, 0.0323070846498, 0.00063737021992, 0.000919265090488, 0.00171327474527, 0.000591088784859, 0.000408659427194, 0.000433476088801, 0.00027715912438, 0.000359590892913, 0.000124814017909, 0.000514518294949, 0.000178121670615, 0.000260008557234, 0.000309267168632, 0.000201948467293, 0.000389727618312, 0.000358134566341, 0.000420647585997, 0.000349334033672, 0.000561610795557, 0.000521021487657, 0.000552851939574, 0.000608397880569, 0.000553831458092, 0.000346566928783, 5.34753553438e-06],
        "min": [2.09106988907e-23, 9.0548909912e-24, 2.64313715419e-23, 9.41567810393e-24, 1.90709995291e-23, 3.30000459058e-23, 1.42870945643e-23, 3.32068536807e-23, 3.46754602507e-23, 2.99887555713e-23, 4.16487760827e-23, 1.85483968499e-22, 7.2091599991e-23, 7.53583550411e-23, 2.52873919629e-22, 2.31513282877e-22, 2.19439798277e-22, 1.56793690599e-22, 2.74326897283e-22, 3.08557503092e-22, 5.15736105739e-22, 6.34738486974e-22, 6.96800862825e-22, 9.47915054656e-22, 9.67635719006e-22, 1.78256392068e-21, 2.95949451002e-21],
        "var": [4.69078759124e-06, 0.00126443337649, 0.00015565159265, 0.000270128424745, 0.000105618208181, 2.28556427828e-06, 1.10938981379e-06, 1.76754031145e-06, 1.12161228571e-06, 1.56766941473e-06, 8.69905704803e-07, 3.26116128235e-06, 9.76492287919e-07, 1.22864946661e-06, 7.55681071496e-07, 1.11155550542e-07, 6.71411100939e-07, 3.68884400359e-07, 3.20702696399e-07, 2.06803605352e-07, 3.73734110326e-07, 2.76089764384e-07, 2.68920075541e-07, 2.79665300695e-07, 4.88140358357e-07, 1.51538273485e-07, 3.06479674972e-10]
    },
    "erbbands": {
        "dmean": [0.513366699219, 3.07928514481, 4.66617584229, 12.7206382751, 21.0543365479, 11.331205368, 7.50641727448, 5.86117315292, 7.04196929932, 8.3362903595, 16.3313007355, 9.49773216248, 16.3863048553, 16.9424610138, 14.6035938263, 43.6657371521, 16.5635452271, 27.1396961212, 23.1514205933, 13.2915906906, 18.7100353241, 18.1640758514, 17.6398735046, 15.4295024872, 18.8444232941, 13.6047534943, 16.1083526611, 10.9813623428, 10.8083295822, 9.59770965576, 8.82339191437, 6.06473875046, 4.98424577713, 4.31853151321, 2.8316192627, 1.1257942915, 0.349056065083, 0.0483200103045, 0.000974847178441, 4.75635715702e-05],
        "dmean2": [0.797953307629, 4.82184886932, 7.39193296432, 21.7523860931, 35.6657562256, 20.5412731171, 13.5154066086, 10.0651388168, 11.3280639648, 13.2606887817, 25.2179222107, 15.1982631683, 26.0323162079, 27.4484195709, 24.6983661652, 73.1119155884, 28.0005092621, 45.4205360413, 39.6929016113, 22.6645717621, 32.1640357971, 31.2891674042, 30.1524677277, 26.192237854, 31.5982170105, 22.9307956696, 26.8962478638, 18.2614879608, 17.9220600128, 15.9303064346, 14.4923810959, 9.89144229889, 7.97445440292, 6.64113521576, 4.43438577652, 1.75407934189, 0.546124279499, 0.0760722830892, 0.00153937365394, 7.41938420106e-05],
        "dvar": [0.893801689148, 31.9022121429, 185.781829834, 1284.49938965, 3995.54296875, 1498.53015137, 470.538299561, 139.617248535, 142.392471313, 264.012481689, 687.015197754, 255.750411987, 701.356445312, 878.57409668, 565.209472656, 5557.19042969, 1337.83496094, 2473.9309082, 1957.65002441, 515.910095215, 672.466430664, 803.605102539, 599.426391602, 495.745025635, 603.904968262, 377.441741943, 417.165252686, 176.977386475, 172.422912598, 142.243942261, 106.906585693, 49.0439186096, 35.940662384, 33.2221107483, 16.1457710266, 2.2834675312, 0.227617785335, 0.00471198139712, 1.9153158064e-06, 3.3107521169e-09],
        "dvar2": [2.10956311226, 79.5153274536, 446.911102295, 3359.17211914, 10221.1230469, 4310.35009766, 1354.2220459, 394.583618164, 357.060546875, 669.498168945, 1544.18469238, 601.021850586, 1727.42443848, 2045.66540527, 1412.89501953, 14603.2871094, 3574.63793945, 6377.93652344, 5328.52587891, 1388.1751709, 1839.04577637, 2197.60766602, 1620.62927246, 1342.25317383, 1625.35559082, 1016.62426758, 1104.87304688, 463.159942627, 437.373962402, 365.56149292, 279.645629883, 124.573394775, 90.2460327148, 79.1211395264, 40.6863937378, 5.62881135941, 0.577850282192, 0.0121915368363, 4.93612287755e-06, 8.25221491141e-09],
        "max": [12.1178979874, 79.0559310913, 138.125320435, 395.084381104, 755.423217773, 698.506164551, 299.746887207, 159.831939697, 181.808380127, 292.806915283, 595.785705566, 359.942138672, 541.884887695, 820.189819336, 745.704223633, 1330.01965332, 1111.20031738, 1169.53613281, 1631.18591309, 464.799468994, 335.582397461, 348.168060303, 403.873718262, 389.450317383, 363.721588135, 315.804321289, 241.475738525, 165.973907471, 266.128387451, 193.063064575, 163.985214233, 84.6932067871, 93.025894165, 69.9509353638, 63.5810470581, 20.2264900208, 6.0436668396, 1.06048810482, 0.0196858327836, 0.000765390170272],
        "mean": [1.21566784382, 6.58442115784, 5.76804828644, 11.0122213364, 18.1812019348, 12.1641206741, 8.7289276123, 8.56109905243, 11.0859956741, 11.8137960434, 22.2747783661, 14.2954397202, 24.0476894379, 24.6832199097, 20.1425151825, 55.4243469238, 23.8590717316, 37.9724617004, 30.433549881, 18.9452323914, 26.8118972778, 26.6479053497, 26.9833087921, 25.8855495453, 32.0083999634, 23.5028038025, 28.4309425354, 21.1871395111, 21.3277587891, 18.5600242615, 18.3250370026, 13.5905075073, 11.1809234619, 8.12144184113, 4.93678236008, 2.16949129105, 0.720043063164, 0.0971412211657, 0.00198814063333, 0.000151574160554],
        "median": [0.768361270428, 4.86640691757, 1.61181128025, 2.35594940186, 3.86709856987, 6.19627857208, 3.81479215622, 4.68173122406, 5.84796285629, 5.85591125488, 10.387087822, 7.15529298782, 12.6237564087, 11.4851808548, 11.5755472183, 24.277299881, 11.7224903107, 16.7787284851, 15.6808099747, 11.2210006714, 17.8922977448, 18.1343231201, 19.9370918274, 19.2565364838, 24.1329917908, 18.6025657654, 22.7580547333, 18.424041748, 18.5295314789, 16.0875549316, 16.5641670227, 12.6527605057, 9.92814826965, 6.37155532837, 3.70413208008, 1.74802279472, 0.594808161259, 0.0766519904137, 0.00156236090697, 0.000148724167957],
        "min": [4.12906105125e-22, 2.1013756058e-21, 2.10416217049e-20, 3.91639259265e-20, 4.42460363683e-20, 7.15902525062e-20, 1.94103333259e-19, 2.48697331236e-19, 2.06987744049e-19, 5.19720784192e-19, 4.95956712374e-19, 6.64708691768e-19, 9.99120752823e-19, 1.14359477444e-18, 3.12712487289e-18, 7.07307004389e-18, 4.26991872971e-18, 3.74075433466e-18, 9.55513217815e-18, 1.55932479017e-17, 1.03836462059e-17, 1.29464544028e-17, 1.02571777348e-17, 8.19419507738e-18, 1.51070989664e-17, 1.61466036073e-17, 2.59250977119e-17, 1.42465366531e-17, 2.38854159052e-17, 2.17089101533e-17, 2.02899446782e-17, 2.16508900508e-17, 1.49432990072e-17, 9.47970736836e-18, 7.96824821152e-18, 6.83225626088e-18, 3.22595620569e-18, 1.52084186653e-18, 3.11128064185e-19, 4.63312682197e-20],
        "var": [1.9894336462, 56.9770736694, 183.346694946, 935.520080566, 3017.21875, 893.926330566, 320.68649292, 144.963027954, 223.223388672, 332.850036621, 1167.67687988, 469.378814697, 1178.06591797, 1557.5592041, 914.485717773, 8127.79150391, 2036.76367188, 4455.17333984, 2678.59912109, 756.36126709, 919.402526855, 955.033813477, 866.368347168, 775.715759277, 1045.54846191, 565.53717041, 742.007263184, 357.212158203, 367.59274292, 267.335327148, 234.614608765, 119.362350464, 87.4972763062, 60.9542007446, 25.6347789764, 4.19184684753, 0.446701198816, 0.00931432191283, 3.77599826606e-06, 9.68759916731e-09]
    },
    "gfcc": {
        "mean": [40.7584838867, 40.5151519775, -92.8294754028, 39.6027374268, -53.3526077271, 27.6564407349, -34.4579200745, 17.602678299, -27.7006530762, 10.6890916824, -16.7592105865, 7.73640489578, -13.5146074295],
        "cov": [[21076.4570312, -388.336547852, 64.5547103882, 941.876403809, -69.2240066528, 1167.49963379, 3.1324031353, 844.050109863, -100.286468506, 517.827941895, -251.882263184, 229.254364014, -299.6277771], [-388.336547852, 2616.94506836, 243.256744385, 51.712097168, 248.105102539, -240.26512146, 202.801528931, -267.564971924, 76.3052749634, -115.9347229, 234.764663696, -42.6463394165, 160.531707764], [64.5547103882, 243.256744385, 1153.41674805, 560.131164551, 328.053771973, 318.636810303, 132.507415771, 199.127670288, 94.9883422852, 71.3380966187, -13.9537153244, -7.13530397415, -53.8403320312], [941.876403809, 51.712097168, 560.131164551, 555.217468262, 302.953521729, 272.004241943, 137.043319702, 173.788833618, 98.5199050903, 82.4109191895, 21.2073612213, 15.2668781281, -17.2434196472], [-69.2240066528, 248.105102539, 328.053771973, 302.953521729, 365.980285645, 204.451034546, 188.500671387, 93.4882583618, 107.31023407, 79.2802505493, 94.627243042, 34.1872940063, 29.3816356659], [1167.49963379, -240.26512146, 318.636810303, 272.004241943, 204.451034546, 345.870483398, 137.945083618, 196.502548218, 71.1342315674, 114.54825592, 13.959444046, 43.0992584229, -23.8129920959], [3.1324031353, 202.801528931, 132.507415771, 137.043319702, 188.500671387, 137.945083618, 202.568908691, 93.454574585, 92.8737258911, 67.0082550049, 85.009765625, 41.7056312561, 43.3627624512], [844.050109863, -267.564971924, 199.127670288, 173.788833618, 93.4882583618, 196.502548218, 93.454574585, 216.755462646, 82.359336853, 103.399879456, 2.77103996277, 52.9318199158, -1.47147679329], [-100.286468506, 76.3052749634, 94.9883422852, 98.5199050903, 107.31023407, 71.1342315674, 92.8737258911, 82.359336853, 109.615234375, 69.5549850464, 55.1048736572, 22.6813564301, 30.4107246399], [517.827941895, -115.9347229, 71.3380966187, 82.4109191895, 79.2802505493, 114.54825592, 67.0082550049, 103.399879456, 69.5549850464, 123.226638794, 54.6090316772, 53.9981651306, 15.5577535629], [-251.882263184, 234.764663696, -13.9537153244, 21.2073612213, 94.627243042, 13.959444046, 85.009765625, 2.77103996277, 55.1048736572, 54.6090316772, 122.840080261, 54.4465370178, 53.8227272034], [229.254364014, -42.6463394165, -7.13530397415, 15.2668781281, 34.1872940063, 43.0992584229, 41.7056312561, 52.9318199158, 22.6813564301, 53.9981651306, 54.4465370178, 87.6812896729, 46.36170578], [-299.6277771, 160.531707764, -53.8403320312, -17.2434196472, 29.3816356659, -23.8129920959, 43.3627624512, -1.47147679329, 30.4107246399, 15.5577535629, 53.8227272034, 46.36170578, 86.901260376]],
        "icov": [[0.000218059954932, -0.000509968260303, 0.000648255751003, -0.000694242480677, 0.000521699432284, -0.000906033965293, 0.000507288321387, -0.000709981482942, 0.000958357646596, -0.00123252824415, 0.00106625177432, -0.000873169105034, 0.000958699907642], [-0.000509968260303, 0.00209082523361, -0.00200071721338, 0.00157707079779, -0.00117147690617, 0.00270997104235, -0.00214843545109, 0.00249474099837, -0.00226028705947, 0.00362075446174, -0.00406648125499, 0.00319941248745, -0.00333987176418], [0.000648255751003, -0.00200071721338, 0.00401586713269, -0.00341916177422, 0.000935419870075, -0.00326559110545, 0.00233896635473, -0.00298324786127, 0.00263692811131, -0.00350645789877, 0.00430150562897, -0.00314076500945, 0.00402829935774], [-0.000694242480677, 0.00157707079779, -0.00341916177422, 0.00787049904466, -0.00493960687891, 0.00187798473053, -4.41190968559e-05, 0.000171417894308, -0.00352329690941, 0.00470974482596, -0.00328698195517, 0.00355964992195, -0.00312749575824], [0.000521699432284, -0.00117147690617, 0.000935419870075, -0.00493960687891, 0.0118697732687, -0.00557506969199, -0.00331427925266, 0.00293915974908, -0.000921316328458, -0.0021873251535, -0.000493015919346, -0.00220806151628, 0.00192222651094], [-0.000906033965293, 0.00270997104235, -0.00326559110545, 0.00187798473053, -0.00557506969199, 0.0156704820693, -0.00652308436111, -0.00228358083405, 0.00184168643318, 2.92247350444e-05, -0.00256732222624, 0.00397383142263, -0.00156496465206], [0.000507288321387, -0.00214843545109, 0.00233896635473, -4.41190968559e-05, -0.00331427925266, -0.00652308436111, 0.018287057057, -0.00726318405941, -0.0016692817444, 0.00148413993884, -0.00353907770477, -0.000198603855097, -0.000140341755468], [-0.000709981482942, 0.00249474099837, -0.00298324786127, 0.000171417894308, 0.00293915974908, -0.00228358083405, -0.00726318405941, 0.0250675305724, -0.0152120031416, -0.000626452558208, 0.00713799381629, -0.00856177601963, -0.000859253283124], [0.000958357646596, -0.00226028705947, 0.00263692811131, -0.00352329690941, -0.000921316328458, 0.00184168643318, -0.0016692817444, -0.0152120031416, 0.0351703949273, -0.0157185550779, -0.0027964070905, 0.010993107222, -0.00382061861455], [-0.00123252824415, 0.00362075446174, -0.00350645789877, 0.00470974482596, -0.0021873251535, 2.92247350444e-05, 0.00148413993884, -0.000626452558208, -0.0157185550779, 0.0335372500122, -0.0166220050305, -0.000855662918184, -0.00193181692157], [0.00106625177432, -0.00406648125499, 0.00430150562897, -0.00328698195517, -0.000493015919346, -0.00256732222624, -0.00353907770477, 0.00713799381629, -0.0027964070905, -0.0166220050305, 0.036968126893, -0.0204606726766, 0.00652486644685], [-0.000873169105034, 0.00319941248745, -0.00314076500945, 0.00355964992195, -0.00220806151628, 0.00397383142263, -0.000198603855097, -0.00856177601963, 0.010993107222, -0.000855662918184, -0.0204606726766, 0.0398468822241, -0.0206504445523], [0.000958699907642, -0.00333987176418, 0.00402829935774, -0.00312749575824, 0.00192222651094, -0.00156496465206, -0.000140341755468, -0.000859253283124, -0.00382061861455, -0.00193181692157, 0.00652486644685, -0.0206504445523, 0.0304930862039]]
    },
    "melbands": {
        "dmean": [0.00438033090904, 0.00263126078062, 0.00258710305206, 0.00110418582335, 0.000297746708384, 0.000133556080982, 0.000107565727376, 9.32623224799e-05, 0.000124849713757, 6.38297424302e-05, 8.25675087981e-05, 7.08492152626e-05, 5.28899072378e-05, 0.000103685379145, 6.38014389551e-05, 3.78611293854e-05, 5.24452225363e-05, 3.61985366908e-05, 2.12408449443e-05, 1.45753656398e-05, 2.79200594377e-05, 2.23236474994e-05, 1.63644108397e-05, 2.15379623114e-05, 1.19883070511e-05, 1.65165329236e-05, 1.03342717921e-05, 8.83391476236e-06, 1.0250080777e-05, 1.00733423096e-05, 6.8673784881e-06, 5.97316784479e-06, 6.86452767695e-06, 5.6918138398e-06, 6.0570819187e-06, 4.25727967013e-06, 3.72271870219e-06, 3.75661397811e-06, 3.49981633008e-06, 4.03389549319e-06],
        "dmean2": [0.00684620533139, 0.00418254639953, 0.00436915270984, 0.001854037866, 0.000541173794772, 0.000228975273785, 0.000173213411472, 0.000146744569065, 0.000192982290173, 0.000102296493424, 0.000131032444187, 0.000114437949378, 9.01132152649e-05, 0.000174067667103, 0.000107350060716, 6.42930463073e-05, 8.78416758496e-05, 6.21941799182e-05, 3.61163110938e-05, 2.51168676186e-05, 4.8137120757e-05, 3.85655548598e-05, 2.83506142296e-05, 3.67457178072e-05, 2.05164433282e-05, 2.77608342003e-05, 1.74496708496e-05, 1.49547868205e-05, 1.72112886503e-05, 1.70113908098e-05, 1.15072170956e-05, 9.95975551632e-06, 1.14259455586e-05, 9.58078817348e-06, 1.00921070043e-05, 7.05620959707e-06, 6.14820555711e-06, 6.1184337028e-06, 5.62542845728e-06, 6.28612860964e-06],
        "dvar": [6.08069858572e-05, 3.24161737808e-05, 5.39065804332e-05, 1.0918188309e-05, 8.30193357615e-07, 7.06611444912e-08, 3.32347518395e-08, 2.92206845387e-08, 3.96110770851e-08, 1.06808135669e-08, 1.73489116406e-08, 1.67129936557e-08, 1.1038465253e-08, 2.87929662335e-08, 1.07660209636e-08, 5.2705453335e-09, 9.93943150007e-09, 4.6775361362e-09, 1.1360737906e-09, 5.69048641541e-10, 1.63374735962e-09, 1.2579568498e-09, 8.05142619242e-10, 1.09613018662e-09, 3.62636365381e-10, 4.91541418679e-10, 1.97740032681e-10, 1.62348301469e-10, 1.88975904369e-10, 1.91711702069e-10, 7.91165605252e-11, 5.58426534181e-11, 7.19881029787e-11, 5.56743713631e-11, 5.27662531724e-11, 2.59424218219e-11, 1.91581941283e-11, 1.98013081626e-11, 2.03635493884e-11, 3.07789314868e-11],
        "dvar2": [0.000151983243995, 7.52801715862e-05, 0.000137439958053, 2.88956598524e-05, 2.4142896109e-06, 1.99209523544e-07, 8.3755494984e-08, 7.4053097876e-08, 8.91069973363e-08, 2.50598048979e-08, 4.26637249973e-08, 3.88715690747e-08, 2.71881361869e-08, 7.53138778009e-08, 2.8547123776e-08, 1.39739313454e-08, 2.55734740051e-08, 1.27454429233e-08, 3.09135672616e-09, 1.54404700137e-09, 4.45258718784e-09, 3.45528761159e-09, 2.15253570524e-09, 2.97243341052e-09, 9.94510918062e-10, 1.33997690721e-09, 5.26044374727e-10, 4.44030506808e-10, 5.04571606719e-10, 5.14110476413e-10, 2.1217456958e-10, 1.45577494504e-10, 1.83580900481e-10, 1.48976359027e-10, 1.39605799143e-10, 6.87957815715e-11, 4.93220950193e-11, 5.03163621879e-11, 5.25529307571e-11, 7.29852636661e-11],
        "max": [0.0795452520251, 0.0580086447299, 0.0834745615721, 0.0440932177007, 0.00964192766696, 0.00347989192232, 0.00288238492794, 0.00289456755854, 0.00439621135592, 0.00198592501692, 0.00269850343466, 0.00364702171646, 0.00360345910303, 0.00303492764942, 0.00224774074741, 0.00192213244736, 0.00266185239889, 0.00247401953675, 0.000900741259102, 0.000442066811956, 0.000600779254455, 0.000524577510078, 0.000602538289968, 0.000668768770993, 0.000346817687387, 0.000276286213193, 0.000361519720173, 0.000201806295081, 0.000205474862014, 0.000187727651792, 0.000133070177981, 0.00016167513968, 0.000146774182213, 9.19683734537e-05, 0.000100659337477, 8.18934349809e-05, 5.99955164944e-05, 7.08864827175e-05, 5.63331705052e-05, 6.28179841442e-05],
        "mean": [0.0101533336565, 0.00504359137267, 0.00224465457723, 0.00108881131746, 0.000341933511663, 0.000196148321265, 0.000169682127307, 0.000132744622533, 0.000170996019733, 9.17356155696e-05, 0.000120570592117, 0.000100276571175, 6.42733430141e-05, 0.000130917411298, 8.36064718897e-05, 5.08530356456e-05, 7.13211265975e-05, 4.59746479464e-05, 2.96454381896e-05, 1.97081881197e-05, 3.78880431526e-05, 3.04694658553e-05, 2.18741170102e-05, 3.04525310639e-05, 1.80000733963e-05, 2.57260526269e-05, 1.74159085873e-05, 1.4143342014e-05, 1.68672322616e-05, 1.637655987e-05, 1.18014077088e-05, 1.1180571164e-05, 1.27215762404e-05, 9.60932175076e-06, 1.14322447189e-05, 8.77622005646e-06, 7.80999289418e-06, 7.83766608947e-06, 7.10822041583e-06, 6.92101411914e-06],
        "median": [0.00932170357555, 0.00245348550379, 0.000489551282953, 0.00041037160554, 0.000153990928084, 0.00010553112952, 9.32808761718e-05, 7.07898507244e-05, 7.8651959484e-05, 4.18687704951e-05, 6.28628840786e-05, 4.2391140596e-05, 2.3607919502e-05, 6.03185399086e-05, 4.05849204981e-05, 2.16212411033e-05, 2.84468897007e-05, 2.18773693632e-05, 1.78459486051e-05, 1.15559232654e-05, 2.29795768973e-05, 1.88930171134e-05, 1.21619350466e-05, 1.86327233678e-05, 1.14533877422e-05, 1.76415560418e-05, 1.42914395838e-05, 1.02081339719e-05, 1.30383286887e-05, 1.14329814096e-05, 9.24707819649e-06, 9.59148928814e-06, 1.01844316305e-05, 7.75988064561e-06, 9.77926811174e-06, 7.7836739365e-06, 7.10733957021e-06, 6.83912958266e-06, 5.85384668739e-06, 5.10372001372e-06],
        "min": [3.56719706454e-24, 8.24977087386e-24, 6.74613493534e-24, 4.46573842901e-24, 5.60739134168e-24, 5.592839619e-24, 3.05626822509e-24, 6.62789099653e-24, 3.31782196075e-24, 4.82981864159e-24, 5.19876770367e-24, 4.46589422904e-24, 7.8565118797e-24, 1.90024869595e-23, 1.56731089753e-23, 6.38532534008e-24, 6.69787794718e-24, 1.43106357515e-23, 1.71006237808e-23, 2.15877545398e-23, 1.0064513043e-23, 1.35052482103e-23, 1.03103410338e-23, 8.00481220785e-24, 5.790620853e-24, 1.19039725909e-23, 7.24159559294e-24, 1.16592048293e-23, 1.87196613923e-23, 1.06033279183e-23, 6.86767552386e-24, 1.1564760824e-23, 1.52254698546e-23, 1.18212171377e-23, 1.11208680037e-23, 1.19961809644e-23, 1.32684542546e-23, 1.13773251063e-23, 7.0264669132e-24, 8.43585290621e-24],
        "var": [0.000115843031381, 5.08949597133e-05, 4.09285603382e-05, 7.99505869509e-06, 5.19939533206e-07, 7.50309894215e-08, 5.05980608523e-08, 3.70471049393e-08, 6.81704364069e-08, 1.9561806397e-08, 2.93600894707e-08, 2.91848927247e-08, 1.79756334262e-08, 4.28409094866e-08, 1.61216977546e-08, 8.68480221072e-09, 1.79472792183e-08, 6.38650154983e-09, 1.61295299339e-09, 7.76989528273e-10, 2.22708074205e-09, 1.47233503167e-09, 9.67713242872e-10, 1.63347801951e-09, 5.0707954502e-10, 8.03155097984e-10, 2.85965195967e-10, 2.34222807816e-10, 2.93318896949e-10, 3.25310584026e-10, 1.39781242137e-10, 1.06644054698e-10, 1.46284553915e-10, 8.25605833699e-11, 1.02602343288e-10, 5.47827339048e-11, 4.17663195695e-11, 4.4902807167e-11, 4.07893718801e-11, 5.06592996719e-11]
    },
    "mfcc": {
        "mean": [-602.923034668, 76.4787979126, 17.3251571655, 20.9768390656, 9.48555469513, 11.1808109283, 8.86772251129, 7.78797721863, 2.18547940254, 3.19411540031, 3.14411783218, 3.58716773987, 0.987815320492],
        "cov": [[10201.2294922, -235.221557617, 680.948547363, 95.0606460571, 315.893127441, 343.359069824, 333.9425354, 325.815612793, 344.00692749, 327.045471191, 296.219970703, 242.291717529, 206.460189819], [-235.221557617, 2172.48828125, 75.5956420898, 284.855010986, -36.414100647, 53.5509986877, 37.3736000061, -52.840259552, -118.871772766, -92.2573928833, -37.9018707275, 16.6610870361, -18.9531078339], [680.948547363, 75.5956420898, 795.670593262, 324.458770752, 323.547210693, 186.497634888, 154.688354492, 150.396255493, 133.709747314, 122.105567932, 81.9686584473, 44.467048645, 57.3156509399], [95.0606460571, 284.855010986, 324.458770752, 380.952819824, 234.600921631, 160.015945435, 127.730415344, 100.910186768, 81.7274093628, 68.7591552734, 62.2542533875, 60.755355835, 50.7174415588], [315.893127441, -36.414100647, 323.547210693, 234.600921631, 295.60647583, 186.535552979, 145.965560913, 119.152076721, 104.687568665, 96.1539077759, 87.7041625977, 64.732963562, 55.7170944214], [343.359069824, 53.5509986877, 186.497634888, 160.015945435, 186.535552979, 203.540863037, 152.714752197, 98.1278762817, 77.4694061279, 77.6269302368, 80.1461868286, 67.9016723633, 47.14112854], [333.9425354, 37.3736000061, 154.688354492, 127.730415344, 145.965560913, 152.714752197, 173.025894165, 113.179870605, 82.7542419434, 70.5216598511, 77.0956954956, 72.0631027222, 55.6169624329], [325.815612793, -52.840259552, 150.396255493, 100.910186768, 119.152076721, 98.1278762817, 113.179870605, 127.848602295, 95.6215820312, 66.2404403687, 56.465007782, 51.1078796387, 47.6390151978], [344.00692749, -118.871772766, 133.709747314, 81.7274093628, 104.687568665, 77.4694061279, 82.7542419434, 95.6215820312, 129.858078003, 90.7822494507, 55.7280006409, 41.5329856873, 45.374294281], [327.045471191, -92.2573928833, 122.105567932, 68.7591552734, 96.1539077759, 77.6269302368, 70.5216598511, 66.2404403687, 90.7822494507, 115.76713562, 78.7590942383, 34.9481048584, 27.0846996307], [296.219970703, -37.9018707275, 81.9686584473, 62.2542533875, 87.7041625977, 80.1461868286, 77.0956954956, 56.465007782, 55.7280006409, 78.7590942383, 114.177345276, 66.2967376709, 23.897315979], [242.291717529, 16.6610870361, 44.467048645, 60.755355835, 64.732963562, 67.9016723633, 72.0631027222, 51.1078796387, 41.5329856873, 34.9481048584, 66.2967376709, 100.261001587, 59.5900001526], [206.460189819, -18.9531078339, 57.3156509399, 50.7174415588, 55.7170944214, 47.14112854, 55.6169624329, 47.6390151978, 45.374294281, 27.0846996307, 23.897315979, 59.5900001526, 95.9089584351]],
