{
"lowlevel": {
    "average_loudness": 0.665910243988,
    "barkbands_crest": {
        "dmean": 3.25324440002,
        "dmean2": 5.04738712311,
        "dvar": 11.0156974792,
        "dvar2": 23.1544342041,
        "max": 26.6666240692,
        "mean": 12.2860422134,
        "median": 11.8469676971,
        "min": 1.8160456419,
        "var": 33.6034202576
    },
    "barkbands_flatness_db": {
        "dmean": 0.0291932616383,
        "dmean2": 0.0437356494367,
        "dvar": 0.00116063700989,
        "dvar2": 0.00237060384825,
        "max": 0.926887214184,
        "mean": 0.106620430946,
        "median": 0.0934589058161,
        "min": 0.00901919417083,
        "var": 0.00421633012593
    },
    "barkbands_kurtosis": {
        "dmean": 8.53227138519,
        "dmean2": 12.8341608047,
        "dvar": 3204.98486328,
        "dvar2": 6272.27539062,
        "max": 2219.42260742,
        "mean": 10.151342392,
        "median": 1.10140895844,
        "min": -1.88035559654,
        "var": 5131.77441406
    },
    "barkbands_skewness": {
        "dmean": 0.860408246517,
        "dmean2": 1.2708337307,
        "dvar": 1.99361491203,
        "dvar2": 3.7981300354,
        "max": 39.0316047668,
        "mean": 1.89843523502,
        "median": 1.43249416351,
        "min": -2.33050680161,
        "var": 5.65051221848
    },
    "barkbands_spread": {
        "dmean": 10.9541835785,
        "dmean2": 17.3095417023,
        "dvar": 154.76411438,
        "dvar2": 351.166229248,
        "max": 132.567337036,
        "mean": 38.6854362488,
        "median": 38.1955604553,
        "min": 0.0242934469134,
        "var": 428.065124512
    },
    "dissonance": {
        "dmean": 0.0113391363993,
        "dmean2": 0.0195040516555,
        "dvar": 0.000156002730364,
        "dvar2": 0.000437964568846,
        "max": 0.500000119209,
        "mean": 0.483157962561,
        "median": 0.487125098705,
        "min": 0.315128415823,
        "var": 0.00022445495415
    },
    "dynamic_complexity": 1.96820032597,
    "erbbands_crest": {
        "dmean": 2.32288980484,
        "dmean2": 3.78985834122,
        "dvar": 6.63561916351,
        "dvar2": 15.6946640015,
        "max": 33.9165267944,
        "mean": 7.00589036942,
        "median": 5.57611942291,
        "min": 1.84799516201,
        "var": 18.1809329987
    },
    "erbbands_flatness_db": {
        "dmean": 0.0142966834828,
        "dmean2": 0.0222684144974,
        "dvar": 0.000266370043391,
        "dvar2": 0.000608501490206,
        "max": 0.450738638639,
        "mean": 0.102840952575,
        "median": 0.0884070023894,
        "min": 0.0342722423375,
        "var": 0.00225784163922
    },
    "erbbands_kurtosis": {
        "dmean": 0.727629005909,
        "dmean2": 1.18963289261,
        "dvar": 13.0276422501,
        "dvar2": 37.856464386,
        "max": 245.514953613,
        "mean": 0.0142039917409,
        "median": -0.400530576706,
        "min": -1.79923963547,
        "var": 15.1983623505
    },
    "erbbands_skewness": {
        "dmean": 0.311400264502,
        "dmean2": 0.496339082718,
        "dvar": 0.137453734875,
        "dvar2": 0.328034043312,
        "max": 14.417552948,
        "mean": -0.0617359317839,
        "median": -0.134471803904,
        "min": -2.50198030472,
        "var": 0.456311911345
    },
    "erbbands_spread": {
        "dmean": 10.4033031464,
        "dmean2": 16.2850379944,
        "dvar": 135.911270142,
        "dvar2": 317.553924561,
        "max": 176.685379028,
        "mean": 53.9049835205,
        "median": 52.5814056396,
        "min": 0.937375366688,
        "var": 518.888061523
    },
    "hfc": {
        "dmean": 19.3048019409,
        "dmean2": 30.9054527283,
        "dvar": 695.575378418,
        "dvar2": 1727.33654785,
        "max": 355.373168945,
        "mean": 52.134059906,
        "median": 42.4317588806,
        "min": 1.08012529703e-16,
        "var": 1535.68469238
    },
    "melbands_crest": {
        "dmean": 4.25805091858,
        "dmean2": 6.71348905563,
        "dvar": 18.052980423,
        "dvar2": 42.6809120178,
        "max": 39.9952545166,
        "mean": 19.4312858582,
        "median": 19.7778720856,
        "min": 1.70946240425,
        "var": 64.837677002
    },
    "melbands_flatness_db": {
        "dmean": 0.038378406316,
        "dmean2": 0.0572453439236,
        "dvar": 0.00194196694065,
        "dvar2": 0.00413972232491,
        "max": 0.975548744202,
        "mean": 0.174753755331,
        "median": 0.165020599961,
        "min": 0.00127980695106,
        "var": 0.00736164720729
    },
    "melbands_kurtosis": {
        "dmean": 135.561019897,
        "dmean2": 248.707244873,
        "dvar": 35492000,
        "dvar2": 108940520,
        "max": 545963,
        "mean": 137.962890625,
        "median": 12.7414216995,
        "min": -1.67601931095,
        "var": 33379400
    },
    "melbands_skewness": {
        "dmean": 1.45950937271,
        "dmean2": 2.21759176254,
        "dvar": 33.8938217163,
        "dvar2": 94.462852478,
        "max": 479.217193604,
        "mean": 4.26683282852,
        "median": 3.38205099106,
        "min": -1.91758191586,
        "var": 64.6380844116
    },
    "melbands_spread": {
        "dmean": 12.4113578796,
        "dmean2": 20.0893287659,
        "dvar": 252.491226196,
        "dvar2": 643.536071777,
        "max": 184.908996582,
        "mean": 30.9696388245,
        "median": 24.7572841644,
        "min": 0.000446467078291,
        "var": 570.420349121
    },
    "pitch_salience": {
        "dmean": 0.0990441441536,
        "dmean2": 0.149397954345,
        "dvar": 0.0102074583992,
        "dvar2": 0.0209140088409,
        "max": 0.989165306091,
        "mean": 0.472467392683,
        "median": 0.476388990879,
        "min": 0.00166701094713,
        "var": 0.0306199193001
    },
    "silence_rate_20dB": {
        "dmean": 0,
        "dmean2": 0,
        "dvar": 0,
        "dvar2": 0,
        "max": 1,
        "mean": 1,
        "median": 1,
        "min": 1,
        "var": 0
    },
    "silence_rate_30dB": {
        "dmean": 0.0437240228057,
        "dmean2": 0.087455317378,
        "dvar": 0.0418146662414,
        "dvar2": 0.0926108360291,
        "max": 1,
        "mean": 0.901753783226,
        "median": 1,
        "min": 0,
        "var": 0.0885891914368
    },
    "silence_rate_60dB": {
        "dmean": 0.0048212800175,
        "dmean2": 0.00964336190373,
        "dvar": 0.0047976821661,
        "dvar2": 0.0115441372618,
        "max": 1,
        "mean": 0.00748067488894,
        "median": 0,
        "min": 0,
        "var": 0.00742227677256
    },
    "spectral_centroid": {
        "dmean": 365.021209717,
        "dmean2": 579.357421875,
        "dvar": 154008.03125,
        "dvar2": 367405.8125,
        "max": 11697.3417969,
        "mean": 2133.37304688,
        "median": 2167.69238281,
        "min": 15.4017572403,
        "var": 467382.6875
    },
    "spectral_complexity": {
        "dmean": 6.72019958496,
        "dmean2": 10.4369440079,
        "dvar": 43.9897613525,
        "dvar2": 100.909767151,
        "max": 70,
        "mean": 27.7007732391,
        "median": 27,
        "min": 0,
        "var": 160.302932739
    },
    "spectral_decrease": {
        "dmean": 3.95131483089e-09,
        "dmean2": 6.08271344404e-09,
        "dvar": 2.61078367985e-17,
        "dvar2": 6.05752237332e-17,
        "max": 3.86157986227e-17,
        "mean": -1.27526558202e-08,
        "median": -1.03528545736e-08,
        "min": -7.70671775285e-08,
        "var": 1.02885895877e-16
    },
    "spectral_energy": {
        "dmean": 0.0151380281895,
        "dmean2": 0.0233093183488,
        "dvar": 0.000366731808754,
        "dvar2": 0.000852231110912,
        "max": 0.292341381311,
        "mean": 0.0528602711856,
        "median": 0.0447318330407,
        "min": 1.04043488305e-20,
        "var": 0.00152994017117
    },
    "spectral_energyband_high": {
        "dmean": 0.00181447423529,
        "dmean2": 0.00291837472469,
        "dvar": 6.87082138029e-06,
        "dvar2": 1.68245260284e-05,
        "max": 0.0302169919014,
        "mean": 0.00418437831104,
        "median": 0.00320495758206,
        "min": 7.52238372173e-21,
        "var": 1.35295113068e-05
    },
    "spectral_energyband_low": {
        "dmean": 0.0134470593184,
        "dmean2": 0.0201021656394,
        "dvar": 0.000330591748934,
        "dvar2": 0.0006815061206,
        "max": 0.22798936069,
        "mean": 0.0336063876748,
        "median": 0.0252606514841,
        "min": 2.72580283509e-23,
        "var": 0.00123057514429
    },
    "spectral_energyband_middle_high": {
        "dmean": 0.002664439613,
        "dmean2": 0.00438825460151,
        "dvar": 1.90013652173e-05,
        "dvar2": 4.92980398121e-05,
        "max": 0.103841103613,
        "mean": 0.00668766861781,
        "median": 0.00488667143509,
        "min": 1.41900491482e-21,
        "var": 3.90900095226e-05
    },
    "spectral_energyband_middle_low": {
        "dmean": 0.00469909468666,
        "dmean2": 0.00783448014408,
        "dvar": 9.26032589632e-05,
        "dvar2": 0.000241635658313,
        "max": 0.100406751037,
        "mean": 0.00759147061035,
        "median": 0.00484417611733,
        "min": 2.62986763024e-22,
        "var": 9.68405074673e-05
    },
    "spectral_entropy": {
        "dmean": 0.13178665936,
        "dmean2": 0.210524514318,
        "dvar": 0.0281036738306,
        "dvar2": 0.0658277198672,
        "max": 9.8184261322,
        "mean": 8.18991661072,
        "median": 8.27096939087,
        "min": 3.19665765762,
        "var": 0.11180986464
    },
    "spectral_flux": {
        "dmean": 0.0366134420037,
        "dmean2": 0.0566805489361,
        "dvar": 0.00154766102787,
        "dvar2": 0.00362304761074,
        "max": 0.508232474327,
        "mean": 0.119928047061,
        "median": 0.107809454203,
        "min": 6.67990107672e-11,
        "var": 0.00405592424795
    },
    "spectral_kurtosis": {
        "dmean": 0.646371722221,
        "dmean2": 1.05016231537,
        "dvar": 3.1031126976,
        "dvar2": 8.12358379364,
        "max": 148.777542114,
        "mean": 2.49797797203,
        "median": 2.02442932129,
        "min": -1.21981048584,
        "var": 6.99688577652
    },
    "spectral_rms": {
        "dmean": 0.000993178342469,
        "dmean2": 0.00152052612975,
        "dvar": 1.16175976927e-06,
        "dvar2": 2.66779898084e-06,
        "max": 0.0168881937861,
        "mean": 0.00669312290847,
        "median": 0.00660611921921,
        "min": 3.18599812331e-12,
        "var": 6.77339630784e-06
    },
    "spectral_rolloff": {
        "dmean": 1243.83679199,
        "dmean2": 2065.33886719,
        "dvar": 2814143.75,
        "dvar2": 6589498.5,
        "max": 18992.2851562,
        "mean": 2559.65429688,
        "median": 1851.85546875,
        "min": 21.533203125,
        "var": 6666931
    },
    "spectral_skewness": {
        "dmean": 0.127720698714,
        "dmean2": 0.202911749482,
        "dvar": 0.0241358093917,
        "dvar2": 0.0581164732575,
        "max": 10.9446048737,
        "mean": 1.26996529102,
        "median": 1.22870707512,
        "min": -0.0581183843315,
        "var": 0.104773715138
    },
    "spectral_spread": {
        "dmean": 620139.6875,
        "dmean2": 973854.0625,
        "dvar": 496736010240,
        "dvar2": 1.18734559642e+12,
        "max": 41671188,
        "mean": 6841502.5,
        "median": 6921456.5,
        "min": 1357676.125,
        "var": 3.18951102874e+12
    },
    "spectral_strongpeak": {
        "dmean": 0.396418422461,
        "dmean2": 0.675284326077,
        "dvar": 0.626701235771,
        "dvar2": 1.6300008297,
        "max": 13.8656902313,
        "mean": 0.671658992767,
        "median": 0.447485953569,
        "min": 0,
        "var": 0.795261502266
    },
    "zerocrossingrate": {
        "dmean": 0.0191626232117,
        "dmean2": 0.0226865485311,
        "dvar": 0.000337138189934,
        "dvar2": 0.000495496380609,
        "max": 0.515625,
        "mean": 0.100953318179,
        "median": 0.09716796875,
        "min": 0,
        "var": 0.00302224652842
    },
    "barkbands": {
        "dmean": [0.00408555613831, 0.0117445737123, 0.00323056499474, 0.00175015314016, 0.00138006743509, 0.000846368377097, 0.000531570171006, 0.000780562695581, 0.00124786805827, 0.000488247082103, 0.000485866825329, 0.00044039011118, 0.000785213487688, 0.00049178826157, 0.000390114670154, 0.000348741421476, 0.000355824595317, 0.000287117902189, 0.000280466454569, 0.000315769866575, 0.000315320852678, 0.000332656811224, 0.000361671904102, 0.000351618655259, 0.000329210306518, 0.000254968937952, 8.76096310094e-05],
        "dmean2": [0.00669279554859, 0.0168288089335, 0.00512533029541, 0.00310745765455, 0.00239849742502, 0.0014842270175, 0.000892617274076, 0.00134650978725, 0.00205133715644, 0.000806181691587, 0.000799925008323, 0.000737320922781, 0.0013025457738, 0.000843482732307, 0.000649348425213, 0.000600468134508, 0.000604608387221, 0.000488148449222, 0.00047857084428, 0.000523604510818, 0.000524059112649, 0.000545590592083, 0.000585644971579, 0.000567773415241, 0.0005353888846, 0.000416770431912, 0.000143645651406],
        "dvar": [0.000126338214613, 0.000265372655122, 5.50879994989e-05, 2.41168017965e-05, 1.58811726578e-05, 3.90787317883e-06, 1.08310769065e-06, 5.9438457356e-06, 1.64474840858e-05, 1.3861606476e-06, 1.17222612062e-06, 5.55637598154e-07, 6.79286904415e-06, 9.34434865485e-07, 5.30156512468e-07, 3.22264355646e-07, 3.29396613097e-07, 1.54938916808e-07, 1.55623766318e-07, 2.15349302835e-07, 2.38503588434e-07, 2.28036654448e-07, 3.12466397645e-07, 2.52174316984e-07, 2.35966922446e-07, 1.40670707083e-07, 2.32613821538e-08],
        "dvar2": [0.00034172020969, 0.000479246315081, 0.000146313323057, 6.93937035976e-05, 4.34914945799e-05, 1.06120160126e-05, 2.58171485257e-06, 1.62351570907e-05, 4.02527075494e-05, 3.10387417812e-06, 2.82771429738e-06, 1.41802911457e-06, 1.71016799868e-05, 2.42992109634e-06, 1.34469257773e-06, 8.86277803147e-07, 8.72517261996e-07, 4.12646613768e-07, 4.26244184837e-07, 5.24533845692e-07, 5.92766866703e-07, 5.85569296163e-07, 7.46512228034e-07, 6.12058556726e-07, 5.8379720258e-07, 3.56424834536e-07, 5.77769867505e-08],
        "max": [0.277503013611, 0.17897118628, 0.104427777231, 0.0561231262982, 0.0639822408557, 0.0261913500726, 0.0262035094202, 0.0600918531418, 0.0687252879143, 0.04322411865, 0.0308354943991, 0.0169050358236, 0.0964638441801, 0.0185853429139, 0.020323805511, 0.0133129442111, 0.0118843317032, 0.00656322669238, 0.00605544121936, 0.0148503789678, 0.00923930946738, 0.00713988626376, 0.00762770092115, 0.00665432494134, 0.00901625398546, 0.00453305663541, 0.00505031691864],
        "mean": [0.00579661503434, 0.0244946982712, 0.00429405039176, 0.00163437286392, 0.00163414643612, 0.00085131789092, 0.000678236538079, 0.000877677695826, 0.00155546260066, 0.000717967166565, 0.000657153665088, 0.000655433454085, 0.00115747086238, 0.000647610635497, 0.000607409514487, 0.000537699786946, 0.0005695328, 0.000499199260958, 0.000501681352034, 0.000586308771744, 0.000586748006754, 0.000635015487205, 0.000667217129376, 0.000699869880918, 0.000669037282933, 0.000484261923702, 0.000164100478287],
        "median": [0.00131763261743, 0.0153208281845, 0.00131964252796, 0.000393969239667, 0.00054109771736, 0.000337533827405, 0.00027206123923, 0.000238470063778, 0.000449336250313, 0.000254397105891, 0.000254040962318, 0.000318347825669, 0.000378026568796, 0.000313269119943, 0.00031457238947, 0.000340104859788, 0.000351048685843, 0.000346528191585, 0.000346455199178, 0.000406458944781, 0.000414470938267, 0.000465802615508, 0.000453741493402, 0.000512791157234, 0.000470444007078, 0.000317203230225, 8.40500870254e-05],
        "min": [9.7713612866e-24, 3.95038664368e-24, 3.39075451802e-24, 6.31598801638e-24, 2.97542082915e-23, 2.42286557467e-23, 1.88777033638e-23, 2.84492493385e-23, 1.99581682803e-23, 3.2429519611e-23, 3.02943729077e-23, 4.86059455097e-23, 6.72261583631e-23, 6.29752646239e-23, 8.78586701887e-23, 7.86835804614e-23, 9.71413289891e-23, 1.60461414181e-22, 1.4167211057e-22, 3.0676574123e-22, 3.6203376539e-22, 3.99766888375e-22, 4.08490478296e-22, 7.30869455537e-22, 9.87081834517e-22, 1.49087824647e-21, 2.12500255789e-21],
        "var": [0.000175201465026, 0.00085385661805, 5.86478236073e-05, 1.64892881003e-05, 1.59094888659e-05, 2.96617986351e-06, 1.78395862349e-06, 5.66223206988e-06, 1.86020351975e-05, 3.19086962008e-06, 2.00513841264e-06, 1.02841863736e-06, 1.0785071936e-05, 1.18481807476e-06, 9.11778101909e-07, 4.31438479609e-07, 4.93037362048e-07, 2.54550741374e-07, 2.85164929892e-07, 4.07432850125e-07, 3.96557481963e-07, 3.68062416101e-07, 4.99331122228e-07, 4.53119270105e-07, 4.59433181277e-07, 2.69683255283e-07, 5.1880942209e-08]
    },
    "erbbands": {
        "dmean": [0.491068094969, 2.24576473236, 3.46357870102, 5.08505678177, 5.34121513367, 4.31873273849, 4.72455406189, 7.84739208221, 6.64197301865, 10.9145431519, 22.9232082367, 26.9978256226, 17.3950519562, 12.6447496414, 19.4262428284, 19.702293396, 35.3119087219, 26.2569351196, 17.3068981171, 23.1190738678, 18.3885211945, 17.9978523254, 15.2118520737, 15.3307733536, 13.8049163818, 15.4759492874, 13.0890836716, 12.1901912689, 12.7245283127, 11.0697135925, 10.5462217331, 7.74945449829, 5.75317764282, 3.97833824158, 2.33629441261, 1.24309146404, 0.446111768484, 0.13599729538, 0.014189587906, 0.000205092699616],
        "dmean2": [0.686063051224, 3.31475877762, 5.11065530777, 8.71160411835, 9.14847755432, 7.61797857285, 8.31584358215, 13.7670717239, 11.462439537, 17.9559726715, 38.2243423462, 44.3267478943, 28.4078998566, 21.0473518372, 32.2049102783, 32.4543533325, 58.8128852844, 44.3475418091, 29.140039444, 38.8894767761, 31.6729202271, 30.6257305145, 25.8386573792, 26.1787014008, 23.6128139496, 25.7175865173, 22.1018943787, 20.2082920074, 21.1253261566, 18.1715393066, 17.22564888, 12.6436662674, 9.26870918274, 6.53243732452, 3.78824114799, 2.03291416168, 0.729777693748, 0.225358903408, 0.0232689492404, 0.000334751937771],
        "dvar": [0.621846616268, 11.6479349136, 52.0300331116, 174.609802246, 232.156234741, 171.463043213, 120.102500916, 423.733825684, 170.993637085, 587.127380371, 6833.11376953, 7003.32519531, 1790.9798584, 749.030395508, 1973.05566406, 1221.12634277, 13954.1796875, 3190.26293945, 1118.47094727, 1926.84460449, 913.4296875, 786.190795898, 443.099243164, 500.144470215, 390.276550293, 579.555297852, 434.836914062, 326.064849854, 350.741760254, 251.044036865, 289.959747314, 118.399940491, 70.3454284668, 32.605796814, 12.2837953568, 3.95771789551, 0.441150993109, 0.0488331206143, 0.000633231480606, 1.13471841701e-07],
        "dvar2": [1.02243351936, 22.0248336792, 130.486862183, 495.957519531, 618.882141113, 491.965332031, 338.799438477, 1139.43286133, 452.382781982, 1360.48852539, 17754.171875, 16917.3789062, 4058.84741211, 1809.7734375, 4873.91748047, 3062.26611328, 35215.109375, 8124.2421875, 2827.47216797, 5105.58007812, 2507.04833984, 2090.31323242, 1185.05871582, 1344.79333496, 1072.71569824, 1353.92724609, 1112.02307129, 824.864257812, 897.06451416, 644.45526123, 697.169921875, 287.281158447, 167.881607056, 81.5072860718, 30.9597110748, 10.0743665695, 1.13481330872, 0.122258722782, 0.00157994730398, 2.81086698806e-07],
        "max": [10.3586483002, 38.927482605, 105.907615662, 139.530273438, 245.667068481, 283.430664062, 166.548080444, 312.69720459, 396.34185791, 621.118713379, 2113.71777344, 1381.01855469, 1310.46179199, 1607.50170898, 1436.80688477, 863.751220703, 3797.23193359, 1954.60095215, 922.023925781, 1465.89746094, 821.283996582, 539.183349609, 437.300445557, 346.473297119, 346.676971436, 721.654541016, 406.991546631, 349.229919434, 207.092651367, 216.265426636, 238.521743774, 175.020797729, 126.96736908, 69.3559951782, 66.1736984253, 46.5626869202, 8.16198062897, 5.28233289719, 0.867001712322, 0.0106928041205],
        "mean": [1.03806233406, 4.10227632523, 5.54258155823, 5.72541189194, 5.93621349335, 4.80562591553, 4.89611721039, 7.69660282135, 7.799929142, 14.6509876251, 26.5378112793, 35.0145454407, 26.6906070709, 19.0622386932, 27.938949585, 31.9282093048, 53.558795929, 37.3577613831, 26.9557209015, 36.7017669678, 29.9765911102, 30.1982097626, 27.5845985413, 27.7699928284, 25.1668605804, 28.7239952087, 23.5915699005, 23.2248497009, 22.9950027466, 21.3122425079, 18.8207550049, 14.9435224533, 11.2517108917, 7.87212467194, 4.52474880219, 2.25343990326, 0.846313416958, 0.26651018858, 0.0263979528099, 0.000456796959043],
        "median": [0.414020419121, 2.17208838463, 2.33491396904, 1.71864199638, 1.49009776115, 1.61509227753, 2.0021173954, 2.8848490715, 3.61124420166, 5.02078056335, 6.91416788101, 10.2528877258, 9.9410982132, 9.23423290253, 12.5616540909, 15.9483747482, 18.8213062286, 17.3317546844, 15.3504142761, 19.8237895966, 19.7759552002, 19.4230327606, 19.1044406891, 18.9852981567, 17.923368454, 19.7298736572, 16.6225509644, 16.7799453735, 16.38048172, 15.4490461349, 12.4574432373, 10.6702060699, 8.09243679047, 5.54738283157, 3.19228029251, 1.49061143398, 0.53877645731, 0.155865430832, 0.0131705999374, 0.000283467787085],
        "min": [2.18356572347e-22, 1.06634385197e-21, 4.57323967263e-21, 1.32291867783e-20, 3.60350570984e-20, 1.28693121593e-19, 1.88034464201e-19, 2.13728193292e-19, 3.29789956738e-19, 4.61544913217e-19, 4.87077238691e-19, 5.60034517019e-19, 1.00122220517e-18, 1.18285038817e-18, 1.15542118246e-18, 3.33268463179e-18, 3.71014492968e-18, 2.97280295589e-18, 5.00481741876e-18, 4.21904050459e-18, 4.2202477747e-18, 6.22220187372e-18, 7.95254832349e-18, 8.34953463333e-18, 8.17551154888e-18, 1.47919663141e-17, 1.57924511912e-17, 1.33688657631e-17, 1.39923572857e-17, 1.32589963254e-17, 1.36576560217e-17, 1.57056716731e-17, 1.04394924777e-17, 1.04652029055e-17, 7.32310358201e-18, 5.1917176374e-18, 2.45312280694e-18, 9.39992021481e-19, 2.80483478182e-19, 3.10391673107e-20],
        "var": [2.34357213974, 26.8165035248, 70.9598464966, 136.341384888, 233.971755981, 134.493133545, 90.7455825806, 312.502197266, 173.407485962, 1093.30541992, 6801.70019531, 8498.62890625, 4261.51464844, 1512.75061035, 3382.05444336, 2452.28100586, 22052.59375, 4381.00585938, 1615.28637695, 3361.99414062, 1141.10290527, 1160.80126953, 733.731445312, 886.800354004, 629.333129883, 1135.27368164, 658.674743652, 542.806640625, 521.176818848, 430.028167725, 428.922027588, 213.660766602, 124.087593079, 63.6103744507, 22.0561180115, 6.35244417191, 0.856872200966, 0.109249763191, 0.00139187753666, 2.8051167078e-07]
    },
    "gfcc": {
        "mean": [63.2258644104, 21.4296340942, -94.8152999878, 32.4005813599, -43.7322998047, 28.1023426056, -26.8290901184, 18.2671909332, -19.483795166, 10.8110876083, -16.6574478149, 5.6945772171, -14.8868741989],
        "cov": [[4696.57568359, -492.007263184, 718.120178223, 116.021522522, -179.68069458, 182.619995117, 62.4936103821, 139.036483765, 79.5020446777, 165.623519897, -13.3460607529, 54.6822128296, -96.9096908569], [-492.007263184, 897.782348633, 254.701065063, 292.23046875, 173.517532349, 36.5595970154, 63.7446289062, 10.2468061447, 37.304107666, 1.49919629097, 33.2156944275, -28.0991420746, 29.0915393829], [718.120178223, 254.701065063, 1312.82824707, 569.007446289, 236.705230713, 240.892333984, 185.465545654, 111.658378601, 103.831443787, 91.8150634766, 38.7940292358, 18.3446998596, -16.7421035767], [116.021522522, 292.23046875, 569.007446289, 545.772766113, 228.005111694, 186.803909302, 108.944648743, 76.7148666382, 52.6250190735, 53.064540863, 44.1513824463, 9.26822662354, 16.2074832916], [-179.68069458, 173.517532349, 236.705230713, 228.005111694, 349.538787842, 162.164916992, 149.003036499, 51.034122467, 45.9243927002, 26.5671634674, 45.9299964905, -1.16787803173, 1.9613391161], [182.619995117, 36.5595970154, 240.892333984, 186.803909302, 162.164916992, 255.437255859, 169.403656006, 101.124061584, 57.912361145, 60.0608520508, 39.265007019, 3.31899452209, -7.70286178589], [62.4936103821, 63.7446289062, 185.465545654, 108.944648743, 149.003036499, 169.403656006, 249.166000366, 148.638442993, 109.016906738, 54.5114402771, 43.0140266418, -4.74570322037, -2.25637054443], [139.036483765, 10.2468061447, 111.658378601, 76.7148666382, 51.034122467, 101.124061584, 148.638442993, 187.083755493, 129.494140625, 57.4251403809, 16.3458518982, -3.35402417183, 3.03730034828], [79.5020446777, 37.304107666, 103.831443787, 52.6250190735, 45.9243927002, 57.912361145, 109.016906738, 129.494140625, 164.700363159, 82.7197494507, 27.9664402008, -8.07280254364, 6.18304824829], [165.623519897, 1.49919629097, 91.8150634766, 53.064540863, 26.5671634674, 60.0608520508, 54.5114402771, 57.4251403809, 82.7197494507, 117.4348526, 60.7352561951, 13.1128873825, -0.86356818676], [-13.3460607529, 33.2156944275, 38.7940292358, 44.1513824463, 45.9299964905, 39.265007019, 43.0140266418, 16.3458518982, 27.9664402008, 60.7352561951, 98.1931533813, 50.1778106689, 17.339307785], [54.6822128296, -28.0991420746, 18.3446998596, 9.26822662354, -1.16787803173, 3.31899452209, -4.74570322037, -3.35402417183, -8.07280254364, 13.1128873825, 50.1778106689, 86.3574523926, 47.7833137512], [-96.9096908569, 29.0915393829, -16.7421035767, 16.2074832916, 1.9613391161, -7.70286178589, -2.25637054443, 3.03730034828, 6.18304824829, -0.86356818676, 17.339307785, 47.7833137512, 78.1746139526]],
        "icov": [[0.000306322326651, 0.000110291242891, -0.000174822765985, 1.43741390275e-05, 0.000246179377427, -0.000162816722877, 7.3625742516e-06, -0.000112426278065, 0.000119497039123, -0.000519173801877, 0.000555108301342, -0.000646955915727, 0.000537765154149], [0.000110291242891, 0.00165582320187, -8.61814696691e-05, -0.000888707290869, -0.000185310287634, 0.000652195711154, -0.000333755306201, 0.000425309845014, -0.000381281162845, 0.000618929741904, -0.00114416494034, 0.00162806303706, -0.000975280709099], [-0.000174822765985, -8.61814696691e-05, 0.00174777128268, -0.00176768878009, 0.00011031699978, 0.000112616420665, -0.00107309583109, 0.00109480076935, -0.000820668064989, -0.00038893558667, 0.00138837052509, -0.00162795570213, 0.00123870046809], [1.43741390275e-05, -0.000888707290869, -0.00176768878009, 0.0053823874332, -0.00167660845909, -0.00210543745197, 0.00276105827652, -0.00239165103994, 0.00128624914214, -8.70453222888e-05, -0.0014139264822, 0.00163956335746, -0.0019299571868], [0.000246179377427, -0.000185310287634, 0.00011031699978, -0.00167660845909, 0.00597296003252, -0.00191757176071, -0.0026968056336, 0.00267019099556, -0.00154294865206, 0.00157087610569, -0.00110759562813, -3.99464624934e-05, 0.00063445296837], [-0.000162816722877, 0.000652195711154, 0.000112616420665, -0.00210543745197, -0.00191757176071, 0.0108751058578, -0.0057142204605, -0.00165219022892, 0.00414234213531, -0.00427440414205, 0.00162875431124, -0.00057456624927, 0.000650112517178], [7.3625742516e-06, -0.000333755306201, -0.00107309583109, 0.00276105827652, -0.0026968056336, -0.0057142204605, 0.01492631156, -0.00789148453623, -0.00176939321682, 0.00405878061429, -0.00625683972612, 0.00413298234344, -0.00138055253774], [-0.000112426278065, 0.000425309845014, 0.00109480076935, -0.00239165103994, 0.00267019099556, -0.00165219022892, -0.00789148453623, 0.0195730440319, -0.0120012490079, 0.00126935658045, 0.00462727947161, -0.00434277812019, 0.00180600467138], [0.000119497039123, -0.000381281162845, -0.000820668064989, 0.00128624914214, -0.00154294865206, 0.00414234213531, -0.00176939321682, -0.0120012490079, 0.0218577701598, -0.0117213269696, 0.00116399547551, 0.00456082029268, -0.00419451715425], [-0.000519173801877, 0.000618929741904, -0.00038893558667, -8.70453222888e-05, 0.00157087610569, -0.00427440414205, 0.00405878061429, 0.00126935658045, -0.0117213269696, 0.0247591938823, -0.0158424042165, 0.00537673989311, 9.60640754784e-05], [0.000555108301342, -0.00114416494034, 0.00138837052509, -0.0014139264822, -0.00110759562813, 0.00162875431124, -0.00625683972612, 0.00462727947161, 0.00116399547551, -0.0158424042165, 0.0313713140786, -0.0206598378718, 0.00693509215489], [-0.000646955915727, 0.00162806303706, -0.00162795570213, 0.00163956335746, -3.99464624934e-05, -0.00057456624927, 0.00413298234344, -0.00434277812019, 0.00456082029268, 0.00537673989311, -0.0206598378718, 0.0348236225545, -0.0188684891909], [0.000537765154149, -0.000975280709099, 0.00123870046809, -0.0019299571868, 0.00063445296837, 0.000650112517178, -0.00138055253774, 0.00180600467138, -0.00419451715425, 9.60640754784e-05, 0.00693509215489, -0.0188684891909, 0.0247527323663]]
    },
    "melbands": {
        "dmean": [0.00373138790019, 0.00202483707108, 0.000861095672008, 0.000339111167705, 0.000166534926393, 0.000170191982761, 0.000101542311313, 0.000119583899505, 0.000218368732021, 0.000157699207193, 8.66853515618e-05, 5.0978451327e-05, 6.91743844072e-05, 5.07527693117e-05, 7.57664602133e-05, 6.75692863297e-05, 5.1098773838e-05, 3.01759937429e-05, 3.03752349282e-05, 2.77285016637e-05, 2.33671653405e-05, 2.06751901715e-05, 1.62797769008e-05, 1.50364385263e-05, 1.33396470119e-05, 1.06436100396e-05, 1.14248268801e-05, 1.03775628304e-05, 8.68665938469e-06, 7.94202424004e-06, 7.538886166e-06, 7.78272442403e-06, 6.54341283735e-06, 6.7617897912e-06, 6.9136744969e-06, 5.08780658492e-06, 4.95966469316e-06, 4.42444479631e-06, 3.83204678656e-06, 3.48483308699e-06],
        "dmean2": [0.00529290921986, 0.00288946391083, 0.00144726678263, 0.00058959639864, 0.000293364195386, 0.000298358820146, 0.000173782682396, 0.000198050067411, 0.000360876845662, 0.000258130166912, 0.00014255764836, 8.53356832522e-05, 0.000113894195238, 8.50374563015e-05, 0.000124877682538, 0.000113636531751, 8.6883912445e-05, 5.14823768754e-05, 5.10157151439e-05, 4.70544509881e-05, 4.05171667808e-05, 3.53115428879e-05, 2.75800684904e-05, 2.55418563029e-05, 2.28287772188e-05, 1.81648629223e-05, 1.92508541659e-05, 1.73601183633e-05, 1.48171257024e-05, 1.32931418193e-05, 1.25412616399e-05, 1.30436856125e-05, 1.08454305519e-05, 1.11245872176e-05, 1.14089316412e-05, 8.29810687719e-06, 8.16957981442e-06, 7.22377535567e-06, 6.26869496045e-06, 5.7727957028e-06],
        "dvar": [2.90555617539e-05, 1.06685265564e-05, 4.76206469102e-06, 9.88550027614e-07, 1.64493954458e-07, 1.80240149916e-07, 3.68906611925e-08, 6.96959929769e-08, 6.51918242056e-07, 2.11790208482e-07, 4.44168577474e-08, 1.33321176321e-08, 2.38727189128e-08, 7.84927234321e-09, 3.79802962414e-08, 6.41886828134e-08, 1.12719868994e-08, 3.6660434688e-09, 3.20173132451e-09, 2.46178699648e-09, 1.61183044689e-09, 1.102130609e-09, 6.93727686407e-10, 4.42740843987e-10, 4.00387167865e-10, 2.41160591496e-10, 2.95837021547e-10, 2.76955569589e-10, 1.82601156418e-10, 2.30859942274e-10, 1.30682742405e-10, 1.33306365946e-10, 9.25105825278e-11, 9.42935243775e-11, 1.40102984769e-10, 5.1774362575e-11, 5.09010715521e-11, 4.20608443907e-11, 3.1696999192e-11, 2.50234433868e-11],
        "dvar2": [5.2111394325e-05, 2.34388571698e-05, 1.33925659611e-05, 2.71426711151e-06, 4.68035324275e-07, 4.85654709337e-07, 9.56975156896e-08, 1.66640589327e-07, 1.64694188243e-06, 5.10606753323e-07, 1.00645017653e-07, 3.19289092943e-08, 5.73426319761e-08, 1.98793443928e-08, 9.05377390836e-08, 1.67005211438e-07, 2.88695698458e-08, 9.53340695276e-09, 8.2363902365e-09, 6.66159749585e-09, 4.42237002574e-09, 2.91957436005e-09, 1.87172943811e-09, 1.15778364673e-09, 1.07988773479e-09, 6.64917121362e-10, 7.70342178935e-10, 6.42762010283e-10, 4.91948148884e-10, 5.63738278281e-10, 3.35271782559e-10, 3.44701489574e-10, 2.41840353299e-10, 2.42907804981e-10, 3.42580824819e-10, 1.22980167716e-10, 1.29600857823e-10, 1.00915893697e-10, 7.89429216441e-11, 6.42800396244e-11],
        "max": [0.0654368177056, 0.0401185415685, 0.022876938805, 0.0156033467501, 0.00511391414329, 0.00620445562527, 0.00577241973951, 0.00631675170735, 0.0196456443518, 0.00779620697722, 0.00645782193169, 0.00711054680869, 0.0046032643877, 0.00211980217136, 0.00510344933718, 0.0114922188222, 0.00232913135551, 0.00157111580484, 0.00136228220072, 0.00125927187037, 0.000948664965108, 0.000688803673256, 0.000748910126276, 0.000405876082368, 0.000321501283906, 0.000273051817203, 0.00064484361792, 0.00064505886985, 0.00030297471676, 0.000397534604417, 0.00017209892394, 0.000129895473947, 0.000182355477591, 0.000133735826239, 0.000179836148163, 0.000116671355499, 8.77308557392e-05, 0.000100421864772, 7.8299373854e-05, 6.55658950564e-05],
        "mean": [0.00801211316139, 0.00384863768704, 0.00101707619615, 0.000394003902329, 0.000176883520908, 0.000169983744854, 0.000123814068502, 0.000158028895385, 0.000252384401392, 0.000206329656066, 0.000128472282086, 7.28950908524e-05, 9.55293653533e-05, 7.32282351237e-05, 0.000114657421364, 9.9322925962e-05, 6.69576693326e-05, 4.19520474679e-05, 4.65250450361e-05, 4.40702060587e-05, 3.41440354532e-05, 3.21411280311e-05, 2.65393955488e-05, 2.49556287599e-05, 2.21716109081e-05, 1.81925715879e-05, 1.9371682356e-05, 1.84306700248e-05, 1.44741861732e-05, 1.36990347528e-05, 1.33992825795e-05, 1.30509206429e-05, 1.19593760246e-05, 1.20051226986e-05, 1.13302303362e-05, 9.44403836911e-06, 8.91807758308e-06, 8.04366845841e-06, 7.06640958015e-06, 6.57796090309e-06],
        "median": [0.00436291983351, 0.00237334705889, 0.000339285674272, 0.000116035342216, 7.63541538618e-05, 6.6230102675e-05, 5.65775917494e-05, 5.41172812518e-05, 5.86115565966e-05, 6.33000163361e-05, 4.35263646068e-05, 3.35948570864e-05, 3.78834483854e-05, 3.41503218806e-05, 4.44662400696e-05, 3.47202658304e-05, 2.96243451885e-05, 2.20048241317e-05, 2.40309818764e-05, 2.51583660429e-05, 2.08980382013e-05, 1.96588480321e-05, 1.69348786585e-05, 1.66544959939e-05, 1.43597462738e-05, 1.22864739751e-05, 1.27001176224e-05, 1.24614043671e-05, 1.00060779005e-05, 9.32362672756e-06, 9.50191861193e-06, 8.99210863281e-06, 8.58143357618e-06, 8.22613674245e-06, 7.17155717211e-06, 6.38627079752e-06, 6.30293607173e-06, 5.63645335205e-06, 5.03546243635e-06, 4.46826561529e-06],
        "min": [3.0810848031e-24, 3.21921848912e-24, 3.4580127988e-24, 5.02340037456e-24, 6.48404063274e-24, 4.86606364474e-24, 4.88157304456e-24, 5.12386733287e-24, 3.77707074736e-24, 3.05619071951e-24, 5.42927719891e-24, 4.91491819503e-24, 3.97889765452e-24, 5.60758540147e-24, 7.22854783357e-24, 7.04054650263e-24, 4.93883251337e-24, 7.7748064003e-24, 6.17616873182e-24, 6.61707058592e-24, 4.54505878746e-24, 5.83545024052e-24, 6.07794608279e-24, 7.54742513298e-24, 5.96317431526e-24, 4.71005811769e-24, 5.86525222223e-24, 8.13264790641e-24, 8.05681076328e-24, 6.19149866579e-24, 7.94237228948e-24, 8.0194424222e-24, 6.69146371916e-24, 6.20117522808e-24, 6.97957544327e-24, 9.12506253531e-24, 9.17806373294e-24, 6.52166338146e-24, 9.20850981958e-24, 6.86109326847e-24],
        "var": [0.000104415543319, 2.28710596275e-05, 3.94360313294e-06, 9.8895463907e-07, 1.20015940297e-07, 1.3487253625e-07, 4.24011687983e-08, 1.17731055127e-07, 6.74840407555e-07, 2.65522857035e-07, 1.04896940911e-07, 2.71419615672e-08, 4.06499154337e-08, 1.41902427586e-08, 7.17559771601e-08, 8.83938398033e-08, 1.45086369585e-08, 4.68906380391e-09, 5.56217338854e-09, 4.28087076898e-09, 1.89732696221e-09, 1.56701018827e-09, 1.06662623178e-09, 7.48517248184e-10, 6.74724165428e-10, 4.13366091356e-10, 4.63236088377e-10, 5.45727685264e-10, 2.47840581391e-10, 3.24775040195e-10, 1.92638419105e-10, 1.84474699405e-10, 1.43362988148e-10, 1.53509371881e-10, 1.83585313618e-10, 9.44687730819e-11, 8.1012772879e-11, 6.87236378916e-11, 5.29756030709e-11, 4.87925949644e-11]
    },
    "mfcc": {
        "mean": [-589.650756836, 66.6210784912, 8.4771156311, 17.002248764, 11.3241920471, 13.7101554871, 9.28123950958, 10.5852022171, 7.26074934006, 7.50689506531, 6.192735672, 5.39148855209, 3.01482367516],
        "cov": [[3303.37646484, -386.672576904, 500.341491699, -83.7830429077, -81.8904724121, 8.52483558655, -21.2385463715, 9.02528095245, 34.9499053955, 96.6660003662, 97.1648406982, 79.5680236816, 27.5404415131], [-386.672576904, 616.722229004, 104.3282547, 174.130859375, 93.0210647583, 57.9255104065, 42.9904708862, 17.3813972473, 22.9917736053, 10.3568658829, 14.8095636368, 13.2342176437, -0.246081933379], [500.341491699, 104.3282547, 1028.71166992, 395.377349854, 223.258911133, 205.738983154, 143.934295654, 104.379669189, 117.681358337, 87.2061691284, 96.8273162842, 102.283065796, 41.2804870605], [-83.7830429077, 174.130859375, 395.377349854, 394.066375732, 222.317077637, 148.847167969, 110.724136353, 70.9573669434, 60.8576927185, 47.0814628601, 42.1014175415, 39.7908935547, 27.0100784302], [-81.8904724121, 93.0210647583, 223.258911133, 222.317077637, 247.489898682, 160.658035278, 110.871841431, 60.5806312561, 42.2469902039, 34.226108551, 34.282787323, 31.0752601624, 16.6159992218], [8.52483558655, 57.9255104065, 205.738983154, 148.847167969, 160.658035278, 214.893478394, 152.644622803, 68.220741272, 46.088596344, 47.1087684631, 54.1202049255, 50.0920295715, 25.10364151], [-21.2385463715, 42.9904708862, 143.934295654, 110.724136353, 110.871841431, 152.644622803, 196.776367188, 112.680953979, 60.5044403076, 57.412311554, 57.4390411377, 57.6722106934, 30.3633537292], [9.02528095245, 17.3813972473, 104.379669189, 70.9573669434, 60.5806312561, 68.220741272, 112.680953979, 151.919250488, 100.911888123, 70.9178237915, 51.0244026184, 35.990901947, 23.8425788879], [34.9499053955, 22.9917736053, 117.681358337, 60.8576927185, 42.2469902039, 46.088596344, 60.5044403076, 100.911888123, 150.183563232, 113.321540833, 69.949760437, 37.0798492432, 19.4857196808], [96.6660003662, 10.3568658829, 87.2061691284, 47.0814628601, 34.226108551, 47.1087684631, 57.412311554, 70.9178237915, 113.321540833, 164.868896484, 108.118171692, 55.0706825256, 18.0058765411], [97.1648406982, 14.8095636368, 96.8273162842, 42.1014175415, 34.282787323, 54.1202049255, 57.4390411377, 51.0244026184, 69.949760437, 108.118171692, 131.083526611, 84.7116470337, 23.7997169495], [79.5680236816, 13.2342176437, 102.283065796, 39.7908935547, 31.0752601624, 50.0920295715, 57.6722106934, 35.990901947, 37.0798492432, 55.0706825256, 84.7116470337, 110.115989685, 53.2809867859], [27.5404415131, -0.246081933379, 41.2804870605, 27.0100784302, 16.6159992218, 25.10364151, 30.3633537292, 23.8425788879, 19.4857196808, 18.0058765411, 23.7997169495, 53.2809867859, 84.1278076172]],
