{
"lowlevel": {
    "average_loudness": 0.899758696556,
    "barkbands_crest": {
        "dmean": 3.39713311195,
        "dmean2": 5.36492824554,
        "dvar": 10.1897258759,
        "dvar2": 23.3369789124,
        "max": 26.8936595917,
        "mean": 11.8030462265,
        "median": 11.5169229507,
        "min": 1.5328977108,
        "var": 29.5841064453
    },
    "barkbands_flatness_db": {
        "dmean": 0.0246236491948,
        "dmean2": 0.0391804166138,
        "dvar": 0.0007057946641,
        "dvar2": 0.00167523929849,
        "max": 0.773797988892,
        "mean": 0.0916245952249,
        "median": 0.0823216736317,
        "min": 0.00537898531184,
        "var": 0.00307542760856
    },
    "barkbands_kurtosis": {
        "dmean": 5.19639873505,
        "dmean2": 9.07769680023,
        "dvar": 34435.9570312,
        "dvar2": 104529.75,
        "max": 14824.1103516,
        "mean": 3.84089708328,
        "median": 0.0844626426697,
        "min": -1.91986382008,
        "var": 20457.8203125
    },
    "barkbands_skewness": {
        "dmean": 0.610805153847,
        "dmean2": 0.996740698814,
        "dvar": 1.434268713,
        "dvar2": 4.28614425659,
        "max": 79.6463470459,
        "mean": 1.21504402161,
        "median": 1.10444891453,
        "min": -5.76550149918,
        "var": 2.32019376755
    },
    "barkbands_spread": {
        "dmean": 10.1562271118,
        "dmean2": 16.5173873901,
        "dvar": 97.2218551636,
        "dvar2": 248.259552002,
        "max": 117.868736267,
        "mean": 46.9190292358,
        "median": 46.9110145569,
        "min": 0.00796512141824,
        "var": 387.791412354
    },
    "dissonance": {
        "dmean": 0.00975128542632,
        "dmean2": 0.0164400842041,
        "dvar": 0.000100017961813,
        "dvar2": 0.000259266147623,
        "max": 0.500000059605,
        "mean": 0.484011173248,
        "median": 0.487857282162,
        "min": 0.284151732922,
        "var": 0.000208117475267
    },
    "dynamic_complexity": 2.26123380661,
    "erbbands_crest": {
        "dmean": 2.06581425667,
        "dmean2": 3.42659568787,
        "dvar": 4.9491558075,
        "dvar2": 12.3487176895,
        "max": 32.2361755371,
        "mean": 6.33224105835,
        "median": 5.14140033722,
        "min": 2.06966733932,
        "var": 12.9065113068
    },
    "erbbands_flatness_db": {
        "dmean": 0.0131717054173,
        "dmean2": 0.0204769130796,
        "dvar": 0.000193953470443,
        "dvar2": 0.00042317842599,
        "max": 0.407020568848,
        "mean": 0.104470215738,
        "median": 0.086792640388,
        "min": 0.0326947122812,
        "var": 0.00273557030596
    },
    "erbbands_kurtosis": {
        "dmean": 0.756917655468,
        "dmean2": 1.22269749641,
        "dvar": 5.71147346497,
        "dvar2": 12.7083530426,
        "max": 129.654251099,
        "mean": 0.125619754195,
        "median": -0.321926116943,
        "min": -1.82685828209,
        "var": 10.2500829697
    },
    "erbbands_skewness": {
        "dmean": 0.320058733225,
        "dmean2": 0.497807353735,
        "dvar": 0.126167476177,
        "dvar2": 0.280917137861,
        "max": 8.9483127594,
        "mean": -0.21945746243,
        "median": -0.230861291289,
        "min": -5.0378241539,
        "var": 0.473018676043
    },
    "erbbands_spread": {
        "dmean": 10.7379112244,
        "dmean2": 16.8044948578,
        "dvar": 146.498748779,
        "dvar2": 350.41708374,
        "max": 169.659698486,
        "mean": 51.2335891724,
        "median": 48.3927497864,
        "min": 1.40001940727,
        "var": 472.83404541
    },
    "hfc": {
        "dmean": 18.152973175,
        "dmean2": 29.7614021301,
        "dvar": 505.365203857,
        "dvar2": 1333.53466797,
        "max": 366.536834717,
        "mean": 62.4044799805,
        "median": 55.4247894287,
        "min": 1.08849762214e-16,
        "var": 2038.41674805
    },
    "melbands_crest": {
        "dmean": 4.77686262131,
        "dmean2": 7.82343673706,
        "dvar": 20.9035987854,
        "dvar2": 52.7745323181,
        "max": 39.9934539795,
        "mean": 19.0438461304,
        "median": 19.5366897583,
        "min": 2.50937318802,
        "var": 59.082950592
    },
    "melbands_flatness_db": {
        "dmean": 0.0343342125416,
        "dmean2": 0.0555810071528,
        "dvar": 0.00137884903233,
        "dvar2": 0.00339114665985,
        "max": 0.834711372852,
        "mean": 0.154421448708,
        "median": 0.15202434361,
        "min": 0.00913006346673,
        "var": 0.004977745004
    },
    "melbands_kurtosis": {
        "dmean": 25.9884872437,
        "dmean2": 44.1679344177,
        "dvar": 1005256.875,
        "dvar2": 2750649,
        "max": 83699.4140625,
        "mean": 27.9024372101,
        "median": 10.0847587585,
        "min": -1.92960190773,
        "var": 643966.75
    },
    "melbands_skewness": {
        "dmean": 1.11633658409,
        "dmean2": 1.78747713566,
        "dvar": 8.56846523285,
        "dvar2": 21.5828704834,
        "max": 233.41078186,
        "mean": 3.35683870316,
        "median": 3.01467895508,
        "min": -3.04047775269,
        "var": 11.0346221924
    },
    "melbands_spread": {
        "dmean": 13.5754804611,
        "dmean2": 22.6508769989,
        "dvar": 246.989349365,
        "dvar2": 630.445739746,
        "max": 234.841537476,
        "mean": 37.5933990479,
        "median": 32.3530044556,
        "min": 0.00318533345126,
        "var": 601.737121582
    },
    "pitch_salience": {
        "dmean": 0.101198725402,
        "dmean2": 0.162754356861,
        "dvar": 0.00995979364961,
        "dvar2": 0.023796280846,
        "max": 0.933572769165,
        "mean": 0.490665555,
        "median": 0.485752046108,
        "min": 0.00297648413107,
        "var": 0.025084765628
    },
    "silence_rate_20dB": {
        "dmean": 0,
        "dmean2": 0,
        "dvar": 0,
        "dvar2": 0,
        "max": 1,
        "mean": 1,
        "median": 1,
        "min": 1,
        "var": 0
    },
    "silence_rate_30dB": {
        "dmean": 0.00330895162188,
        "dmean2": 0.00661847926676,
        "dvar": 0.00329813431017,
        "dvar2": 0.00796850398183,
        "max": 1,
        "mean": 0.997126698494,
        "median": 1,
        "min": 0,
        "var": 0.00286486279219
    },
    "silence_rate_60dB": {
        "dmean": 0.00539881596342,
        "dmean2": 0.0107985716313,
        "dvar": 0.00536966789514,
        "dvar2": 0.0131195904687,
        "max": 1,
        "mean": 0.013321723789,
        "median": 0,
        "min": 0,
        "var": 0.0131428139284
    },
    "spectral_centroid": {
        "dmean": 353.756896973,
        "dmean2": 554.6171875,
        "dvar": 138612.328125,
        "dvar2": 311665.59375,
        "max": 11512.9785156,
        "mean": 2331.89697266,
        "median": 2461.77954102,
        "min": 81.0542831421,
        "var": 441473
    },
    "spectral_complexity": {
        "dmean": 6.12626266479,
        "dmean2": 9.7751455307,
        "dvar": 34.4789924622,
        "dvar2": 78.8698730469,
        "max": 64,
        "mean": 30.7001304626,
        "median": 31,
        "min": 0,
        "var": 175.890014648
    },
    "spectral_decrease": {
        "dmean": 2.53497733915e-09,
        "dmean2": 4.02811828337e-09,
        "dvar": 7.9309589095e-18,
        "dvar2": 1.93816341911e-17,
        "max": -1.05429377386e-28,
        "mean": -9.7666248422e-09,
        "median": -1.00813641879e-08,
        "min": -4.17481906823e-08,
        "var": 3.62905343638e-17
    },
    "spectral_energy": {
        "dmean": 0.00959737692028,
        "dmean2": 0.0151165854186,
        "dvar": 0.000109375927423,
        "dvar2": 0.000264914415311,
        "max": 0.161309525371,
        "mean": 0.0425217710435,
        "median": 0.0451118126512,
        "min": 1.02709126424e-20,
        "var": 0.000610421295278
    },
    "spectral_energyband_high": {
        "dmean": 0.00169786368497,
        "dmean2": 0.00280054612085,
        "dvar": 4.58784415969e-06,
        "dvar2": 1.20338618217e-05,
        "max": 0.038609277457,
        "mean": 0.00513110263273,
        "median": 0.00439986772835,
        "min": 7.17591863749e-21,
        "var": 1.76556659426e-05
    },
    "spectral_energyband_low": {
        "dmean": 0.00996056012809,
        "dmean2": 0.0156390760094,
        "dvar": 0.000157694143127,
        "dvar2": 0.000382212194381,
        "max": 0.152486860752,
        "mean": 0.0240049045533,
        "median": 0.0219142828137,
        "min": 1.45931214774e-22,
        "var": 0.000462039664853
    },
    "spectral_energyband_middle_high": {
        "dmean": 0.00262590427883,
        "dmean2": 0.00434694625437,
        "dvar": 1.14875147119e-05,
        "dvar2": 2.96711714327e-05,
        "max": 0.0639562606812,
        "mean": 0.00684450613335,
        "median": 0.00559824472293,
        "min": 1.70386301684e-21,
        "var": 2.77288199868e-05
    },
    "spectral_energyband_middle_low": {
        "dmean": 0.00419563241303,
        "dmean2": 0.00693994108588,
        "dvar": 4.15490103478e-05,
        "dvar2": 0.000104120626929,
        "max": 0.0791266933084,
        "mean": 0.00719054182991,
        "median": 0.00487084966153,
        "min": 2.68701195691e-22,
        "var": 5.54102334718e-05
    },
    "spectral_entropy": {
        "dmean": 0.115182004869,
        "dmean2": 0.182790651917,
        "dvar": 0.0190589111298,
        "dvar2": 0.0437107421458,
        "max": 9.80516433716,
        "mean": 8.21109294891,
        "median": 8.30194187164,
        "min": 3.9573404789,
        "var": 0.138054460287
    },
    "spectral_flux": {
        "dmean": 0.0287575963885,
        "dmean2": 0.0442025884986,
        "dvar": 0.000904922140762,
        "dvar2": 0.00179324229248,
        "max": 0.403197079897,
        "mean": 0.116320773959,
        "median": 0.110815875232,
        "min": 1.01345508374e-10,
        "var": 0.0029028209392
    },
    "spectral_kurtosis": {
        "dmean": 0.831847667694,
        "dmean2": 1.38399243355,
        "dvar": 5.53061962128,
        "dvar2": 15.4176416397,
        "max": 97.1398773193,
        "mean": 2.45681881905,
        "median": 2.01765966415,
        "min": -1.19408023357,
        "var": 7.80259799957
    },
    "spectral_rms": {
        "dmean": 0.000737006717827,
        "dmean2": 0.00115694035776,
        "dvar": 5.29380827174e-07,
        "dvar2": 1.2700577372e-06,
        "max": 0.0125449253246,
        "mean": 0.00607921788469,
        "median": 0.0066341185011,
        "min": 3.16550193176e-12,
        "var": 4.52790391137e-06
    },
    "spectral_rolloff": {
        "dmean": 1435.20739746,
        "dmean2": 2428.57348633,
        "dvar": 3007535.5,
        "dvar2": 7513178.5,
        "max": 18798.4863281,
        "mean": 3273.12939453,
        "median": 2799.31640625,
        "min": 21.533203125,
        "var": 6818768.5
    },
    "spectral_skewness": {
        "dmean": 0.144238889217,
        "dmean2": 0.233530238271,
        "dvar": 0.0477271154523,
        "dvar2": 0.123614631593,
        "max": 8.59184741974,
        "mean": 1.21339666843,
        "median": 1.20547413826,
        "min": -0.0216660629958,
        "var": 0.100297942758
    },
    "spectral_spread": {
        "dmean": 623795.0625,
        "dmean2": 960535.375,
        "dvar": 488579825664,
        "dvar2": 1.08157127885e+12,
        "max": 39789044,
        "mean": 6697135,
        "median": 6919426,
        "min": 765536.5625,
        "var": 4.08029600154e+12
    },
    "spectral_strongpeak": {
        "dmean": 0.386280477047,
        "dmean2": 0.655750393867,
        "dvar": 0.92077589035,
        "dvar2": 2.26035165787,
        "max": 39.3077049255,
        "mean": 0.66385447979,
        "median": 0.447160452604,
        "min": 0,
        "var": 1.34864807129
    },
    "zerocrossingrate": {
        "dmean": 0.0184690561146,
        "dmean2": 0.0234237648547,
        "dvar": 0.00033926893957,
        "dvar2": 0.000476906338008,
        "max": 0.56103515625,
        "mean": 0.113215908408,
        "median": 0.10888671875,
        "min": 0,
        "var": 0.0026529263705
    },
    "barkbands": {
        "dmean": [0.00123919628095, 0.00896630715579, 0.00308317365125, 0.00161570555065, 0.00151839514729, 0.00115000281949, 0.000628193782177, 0.000479430571431, 0.000728664221242, 0.0004404890351, 0.000484797201352, 0.000415281974711, 0.000377926422516, 0.000509376404807, 0.000471822801046, 0.000420020136517, 0.000425025762524, 0.000402375444537, 0.000387824431527, 0.00033328749123, 0.000319232727634, 0.000309649505652, 0.000296087324386, 0.000366882188246, 0.000347308261553, 0.000297492952086, 0.000116285809781],
        "dmean2": [0.00204811035655, 0.0133009348065, 0.0051395976916, 0.00296411779709, 0.00264807534404, 0.00188465300016, 0.00102712993976, 0.000804077659268, 0.00119732669555, 0.000761729548685, 0.000816167739686, 0.000696141971275, 0.000646649859846, 0.0008496287046, 0.000789561425336, 0.000704087782651, 0.000704578123987, 0.000676189549267, 0.000653441005852, 0.00056468625553, 0.000530676916242, 0.000534825900104, 0.000502830254845, 0.000606344663538, 0.000568258110434, 0.000469062506454, 0.000183217591257],
        "dvar": [6.3509978645e-06, 0.000130119893583, 3.92043912143e-05, 1.38980585689e-05, 7.99360532255e-06, 5.84154986427e-06, 1.02410797354e-06, 9.91760771285e-07, 2.73561067843e-06, 5.43393014141e-07, 6.19646698397e-07, 4.57643835716e-07, 4.01092336233e-07, 1.68146573287e-06, 6.6401668164e-07, 4.4369150487e-07, 5.46397359358e-07, 3.29907209107e-07, 3.31470744186e-07, 2.32108817499e-07, 2.23334538418e-07, 1.81872749749e-07, 1.51690684902e-07, 3.72645757807e-07, 2.53091485547e-07, 1.81481752293e-07, 3.06448555421e-08],
        "dvar2": [1.7431064407e-05, 0.00026826816611, 9.93123103399e-05, 3.93384543713e-05, 2.15758464037e-05, 1.44067953443e-05, 2.50303560279e-06, 2.38628945226e-06, 6.84190308675e-06, 1.44964531046e-06, 1.55514521794e-06, 1.17847082493e-06, 1.06584604964e-06, 3.19415630656e-06, 1.72497550466e-06, 1.1308603689e-06, 1.32751574711e-06, 8.72927387263e-07, 8.41545499952e-07, 6.3032723574e-07, 5.54306780032e-07, 5.1224623121e-07, 4.16084731114e-07, 9.42756514632e-07, 6.2698183001e-07, 4.49564879546e-07, 7.54493143518e-08],
        "max": [0.0478791631758, 0.143518552184, 0.0925829708576, 0.0450160354376, 0.0346080176532, 0.0247871931642, 0.0249203611165, 0.0327371507883, 0.0374534539878, 0.019094876945, 0.014089256525, 0.0121803637594, 0.0125492019579, 0.0579486824572, 0.0169756691903, 0.012712592259, 0.0414996184409, 0.0106533048674, 0.0118042556569, 0.0138150034472, 0.0146892927587, 0.00787789840251, 0.006916414015, 0.0307024996728, 0.0100030787289, 0.00845044665039, 0.00424533570185],
        "mean": [0.00163844518829, 0.0185494665056, 0.00325334863737, 0.00135464814957, 0.00157459278125, 0.00145943672396, 0.000934995186981, 0.000661742698867, 0.0010628659511, 0.000540520530194, 0.000666658801492, 0.000587764778174, 0.000516754284035, 0.000779535970651, 0.000722369004507, 0.00063485535793, 0.000684465456288, 0.000699808530044, 0.000729583611246, 0.000664823164698, 0.000701703189407, 0.000673297909088, 0.000707611790858, 0.000894351280294, 0.000875458761584, 0.000702524092048, 0.000250204262557],
        "median": [0.00028389232466, 0.0122524872422, 0.000762596901041, 0.00030796835199, 0.000557111459784, 0.000497101980727, 0.000461851916043, 0.000298800907331, 0.000456050154753, 0.000279339234112, 0.000357537035597, 0.000308679620503, 0.000283313100226, 0.000329294154653, 0.000405465019867, 0.000376815820346, 0.000415557791712, 0.000474569213111, 0.000485657976242, 0.000462257186882, 0.000528303673491, 0.000534592662007, 0.000577772792894, 0.000675972318277, 0.000653792871162, 0.000503108021803, 0.000166519646882],
        "min": [2.66017244767e-23, 1.11266243218e-22, 1.36725119657e-23, 1.13297276059e-23, 1.88348413953e-23, 4.17244562425e-23, 4.02611571286e-23, 5.94213578934e-24, 1.44203079277e-22, 1.44417573712e-22, 1.16288800694e-22, 5.63912674258e-23, 5.68207548571e-23, 2.0521104471e-22, 1.96442925168e-22, 1.58330366399e-22, 1.64599955195e-22, 1.89068905862e-22, 2.18172900285e-22, 3.4179598694e-22, 4.75576951481e-22, 4.92856211236e-22, 5.40957238435e-22, 1.00721932035e-21, 1.12909820399e-21, 1.5827119552e-21, 1.91579190004e-21],
        "var": [1.03486381704e-05, 0.000375414441805, 4.42371456302e-05, 9.88284773484e-06, 7.52968662709e-06, 7.35345111025e-06, 1.94219478544e-06, 1.62698495387e-06, 4.51585674455e-06, 6.0229791643e-07, 8.8968943146e-07, 6.59034640194e-07, 5.36559923603e-07, 3.85375187761e-06, 9.97668166747e-07, 6.43976648007e-07, 9.75960347205e-07, 5.39467350791e-07, 6.93186336775e-07, 4.72035679877e-07, 4.88965895329e-07, 3.55005312258e-07, 3.98038423555e-07, 1.4890293869e-06, 7.83112625413e-07, 5.41214717487e-07, 8.83521167339e-08]
    },
    "erbbands": {
        "dmean": [0.380635231733, 1.75041866302, 3.22954463959, 4.63282775879, 4.64484024048, 4.98131370544, 8.49618816376, 9.65943145752, 9.4770116806, 9.87198925018, 11.3063163757, 14.6663732529, 15.6628007889, 15.2069540024, 16.3105869293, 15.967962265, 16.6507606506, 20.2796077728, 23.819644928, 26.0801143646, 21.4522838593, 24.117023468, 21.0717334747, 19.8664722443, 18.5978527069, 15.3036231995, 13.3325519562, 12.6675348282, 11.4965658188, 9.69590759277, 8.5350484848, 8.39637184143, 6.21844100952, 3.99100589752, 2.63031435013, 1.29797077179, 0.55813908577, 0.182977706194, 0.0194794647396, 0.000273209472653],
        "dmean2": [0.553248345852, 2.58136510849, 5.05629014969, 8.30985355377, 8.4563741684, 8.73863506317, 14.2375764847, 16.043346405, 15.4885797501, 15.9827260971, 18.8149967194, 24.1170024872, 26.4893569946, 25.7291259766, 27.4065513611, 26.8362407684, 28.1655845642, 34.2548675537, 39.7478485107, 43.7805213928, 35.5544624329, 39.8008079529, 35.1621856689, 33.2185020447, 31.2630119324, 25.8249588013, 22.3029136658, 21.1276035309, 19.7636928558, 16.6767539978, 14.4580793381, 14.1466245651, 10.2441663742, 6.57410144806, 4.2830286026, 2.08615159988, 0.882841050625, 0.286865234375, 0.0309782810509, 0.000430610933108],
        "dvar": [0.293264657259, 5.30888128281, 35.2246551514, 107.510437012, 111.653068542, 82.4601593018, 528.65222168, 404.662109375, 287.467468262, 279.706390381, 665.812805176, 1244.04101562, 794.491394043, 511.610626221, 655.299865723, 647.918273926, 758.198547363, 1358.52160645, 2928.39501953, 2136.45947266, 1163.30883789, 1964.81262207, 859.474060059, 870.81451416, 780.439331055, 480.607269287, 433.035827637, 363.634307861, 253.341598511, 168.085403442, 130.047637939, 284.152008057, 107.937149048, 34.7851753235, 16.2571029663, 3.72814083099, 0.642654418945, 0.0758891627192, 0.000848212919664, 1.59268026323e-07],
        "dvar2": [0.6270647645, 10.4430418015, 82.4881973267, 300.636932373, 316.07510376, 227.25402832, 1312.32739258, 1041.73852539, 723.325683594, 654.922729492, 1690.51794434, 3087.00854492, 1969.2947998, 1342.64672852, 1651.02172852, 1673.86694336, 1992.75317383, 3360.63012695, 5900.85253906, 5548.21777344, 2876.58813477, 4900.02001953, 2236.73999023, 2216.38256836, 2043.14660645, 1290.49609375, 1064.23608398, 916.939941406, 716.657653809, 473.377044678, 355.327728271, 749.585571289, 275.763214111, 88.3668823242, 40.329498291, 9.33033180237, 1.56924438477, 0.184439063072, 0.00211089034565, 3.94972005324e-07],
        "max": [5.94294786453, 36.7210197449, 85.7863769531, 124.924407959, 159.374740601, 99.7951660156, 314.525146484, 242.648620605, 404.629425049, 491.403167725, 1122.3112793, 742.72668457, 819.042785645, 468.583679199, 464.295623779, 525.816894531, 631.282226562, 991.648803711, 2204.29418945, 1180.91235352, 801.262268066, 2725.63769531, 629.191589355, 646.381469727, 725.848632812, 557.911315918, 895.387512207, 442.270812988, 222.183959961, 277.076965332, 210.714263916, 868.302429199, 472.460144043, 122.597679138, 116.656028748, 51.7009735107, 14.610168457, 9.22675991058, 0.573590576649, 0.00762990582734],
        "mean": [0.694071054459, 3.48415327072, 4.39195251465, 4.3481554985, 4.19815063477, 5.1833524704, 8.80497074127, 12.2824430466, 13.5650196075, 15.2269048691, 16.291557312, 20.8327903748, 21.7571811676, 21.7178611755, 24.1919784546, 23.2901420593, 24.4209804535, 31.5706596375, 40.2160568237, 41.1200714111, 35.3058319092, 40.6139984131, 38.2653236389, 37.7690849304, 35.6013870239, 31.0566139221, 28.2907180786, 27.2331581116, 24.3184623718, 22.2830028534, 19.9700183868, 18.7955322266, 14.6887598038, 9.84738349915, 6.18842697144, 3.03842878342, 1.27162003517, 0.410450786352, 0.0408912971616, 0.000651594949886],
        "median": [0.275925844908, 2.13471651077, 1.7211817503, 1.35777783394, 1.32275545597, 1.91526448727, 2.68445897102, 4.34129619598, 6.06280422211, 7.23117446899, 7.65592575073, 9.17884922028, 10.5958480835, 13.366856575, 14.4276971817, 12.9250106812, 13.8215036392, 16.7903804779, 18.8791065216, 23.6962776184, 21.6920700073, 25.2225131989, 26.3515129089, 25.4523468018, 24.5317726135, 21.6512985229, 21.3822803497, 20.1731624603, 19.0431079865, 18.4697818756, 16.0503139496, 14.2602081299, 11.0090112686, 7.44326877594, 4.49485588074, 2.1735804081, 0.885826170444, 0.28593352437, 0.0265940278769, 0.000470783474157],
        "min": [2.42877474238e-21, 2.6574590817e-20, 3.01775229934e-20, 2.95917692598e-20, 2.55723920347e-20, 1.05580900409e-19, 7.56412273845e-20, 5.06840444681e-19, 3.40265423714e-19, 6.84397968491e-19, 3.11706444379e-19, 3.3792112665e-18, 3.30972354555e-18, 5.58989301937e-18, 3.785675205e-18, 2.49824778411e-18, 3.04586988735e-18, 1.04630150128e-17, 9.70093930473e-18, 8.51279278929e-18, 9.61494726261e-18, 8.68441870432e-18, 9.51574183738e-18, 1.2988104601e-17, 1.17683283533e-17, 1.66844844181e-17, 1.25164975009e-17, 2.23679778869e-17, 2.01660098614e-17, 1.42724439499e-17, 1.59921888393e-17, 2.27278874801e-17, 1.52290270431e-17, 1.14490920579e-17, 7.98210017805e-18, 5.87494276718e-18, 3.03019812346e-18, 1.11686081403e-18, 2.74133419415e-19, 2.9720227824e-20],
        "var": [0.798243463039, 14.1630392075, 52.8548469543, 79.739654541, 79.9220428467, 76.5946350098, 521.897583008, 507.472961426, 467.232299805, 591.241638184, 892.811584473, 1866.72424316, 1321.9597168, 675.729125977, 965.171630859, 928.696533203, 1101.49584961, 2331.96704102, 7822.15820312, 3337.78295898, 1941.45336914, 3388.06835938, 1518.07788086, 1702.37683105, 1508.42651367, 1014.47363281, 846.126831055, 798.145690918, 480.579833984, 384.000335693, 328.549621582, 796.496459961, 326.260955811, 99.6974105835, 43.3667182922, 10.247792244, 1.8633056879, 0.224114120007, 0.00233498821035, 4.84641930143e-07]
    },
    "gfcc": {
        "mean": [65.4523162842, 24.2155361176, -98.5131454468, 33.9266929626, -46.5753746033, 20.8726768494, -28.6590175629, 17.9996128082, -17.347158432, 10.4880275726, -13.9841032028, 7.27009773254, -11.6451931],
        "cov": [[6572.33105469, -1734.26135254, 1440.85192871, -236.898681641, 104.058135986, 473.257110596, -122.807449341, 299.257110596, -135.637130737, 292.129486084, -118.834022522, 234.774185181, -133.752227783], [-1734.26135254, 1742.08935547, -670.126831055, 261.367218018, 77.3757553101, -302.685119629, 117.568962097, -185.401596069, 121.974662781, -228.173461914, 76.3874435425, -159.007644653, 51.303855896], [1440.85192871, -670.126831055, 1368.9654541, 53.3818969727, 215.120147705, 258.430267334, 3.80363583565, 186.34526062, -37.4419975281, 159.896209717, -11.4902524948, 125.847480774, -52.3403320312], [-236.898681641, 261.367218018, 53.3818969727, 387.845947266, 152.550643921, 67.1883773804, 80.0611190796, 11.9516935349, 71.892364502, -27.8800563812, 28.9950466156, -20.0914707184, 16.5469055176], [104.058135986, 77.3757553101, 215.120147705, 152.550643921, 312.720001221, 105.931381226, 112.99597168, 48.6656532288, 80.7549438477, 31.473897934, 39.6384468079, 6.27362394333, -5.53078222275], [473.257110596, -302.685119629, 258.430267334, 67.1883773804, 105.931381226, 346.349945068, 107.662979126, 166.350036621, 25.996547699, 98.5583190918, -10.3660917282, 39.548740387, -13.7607421875], [-122.807449341, 117.568962097, 3.80363583565, 80.0611190796, 112.99597168, 107.662979126, 192.834289551, 96.9349975586, 88.6340866089, 28.5780105591, 41.2915534973, 7.21475172043, 9.58204936981], [299.257110596, -185.401596069, 186.34526062, 11.9516935349, 48.6656532288, 166.350036621, 96.9349975586, 214.874298096, 66.6554260254, 94.1005554199, 15.9364280701, 51.4952049255, -1.36123657227], [-135.637130737, 121.974662781, -37.4419975281, 71.892364502, 80.7549438477, 25.996547699, 88.6340866089, 66.6554260254, 143.180969238, 46.3014373779, 48.9786643982, 7.30270767212, 17.7374153137], [292.129486084, -228.173461914, 159.896209717, -27.8800563812, 31.473897934, 98.5583190918, 28.5780105591, 94.1005554199, 46.3014373779, 157.740844727, 56.0066871643, 61.349193573, 10.324962616], [-118.834022522, 76.3874435425, -11.4902524948, 28.9950466156, 39.6384468079, -10.3660917282, 41.2915534973, 15.9364280701, 48.9786643982, 56.0066871643, 108.823692322, 53.7231254578, 33.0515708923], [234.774185181, -159.007644653, 125.847480774, -20.0914707184, 6.27362394333, 39.548740387, 7.21475172043, 51.4952049255, 7.30270767212, 61.349193573, 53.7231254578, 119.174255371, 47.0580711365], [-133.752227783, 51.303855896, -52.3403320312, 16.5469055176, -5.53078222275, -13.7607421875, 9.58204936981, -1.36123657227, 17.7374153137, 10.324962616, 33.0515708923, 47.0580711365, 86.4583587646]],
        "icov": [[0.000247953052167, 9.76331793936e-05, -0.000123602701933, 6.19004567852e-05, -7.62742420193e-05, -9.3182825367e-05, 0.00013265151938, -1.63975744272e-06, -2.54070309893e-05, -9.56467047217e-05, 0.000302683183691, -0.000403685175115, 0.000325184490066], [9.76331793936e-05, 0.00140009133611, 0.000136573507916, -0.000424770289101, -0.000153904125909, 0.000683340767864, -0.000632058188785, 3.19314385706e-05, -0.000482991803437, 0.00146230112296, -0.0014448845759, 0.00145505950786, -0.000661478145048], [-0.000123602701933, 0.000136573507916, 0.0014516528463, -0.000419160438469, -0.00112078234088, 0.000208062541788, 0.00041466197581, -0.000782555842306, 0.00103105173912, -0.000772578001488, 0.000677395670209, -0.00118372170255, 0.000855972350109], [6.19004567852e-05, -0.000424770289101, -0.000419160438469, 0.00412058178335, -0.00104203517549, -0.00162502820604, 0.000632479321212, 0.000406382168876, -0.00155974330846, 0.00191404856741, -0.00128053571098, 0.000910539878532, -0.000998209114186], [-7.62742420193e-05, -0.000153904125909, -0.00112078234088, -0.00104203517549, 0.00615166360512, -0.00117981992662, -0.00224301218987, 0.00204173009843, -0.00236213835888, 0.000465275486931, -0.00121960206889, 0.000488029414555, 0.000610385497566], [-9.3182825367e-05, 0.000683340767864, 0.000208062541788, -0.00162502820604, -0.00117981992662, 0.00743538280949, -0.00325933657587, -0.00307326111943, 0.00294070760719, -0.00321446405724, 0.00313517334871, -0.000221430163947, 1.06746574602e-05], [0.00013265151938, -0.000632058188785, 0.00041466197581, 0.000632479321212, -0.00224301218987, -0.00325933657587, 0.0122928405181, -0.00396814337, -0.00315797748044, 0.00295092584565, -0.00370889343321, 0.00120721186977, -0.000320609920891], [-1.63975744272e-06, 3.19314385706e-05, -0.000782555842306, 0.000406382168876, 0.00204173009843, -0.00307326111943, -0.00396814337, 0.0122706275433, -0.00453675352037, -0.00264265015721, 0.00314389308915, -0.00367772905156, 0.00174764869735], [-2.54070309893e-05, -0.000482991803437, 0.00103105173912, -0.00155974330846, -0.00236213835888, 0.00294070760719, -0.00315797748044, -0.00453675352037, 0.0153071759269, -0.00483673531562, -0.00109376152977, 0.00197242829017, -0.00145268777851], [-9.56467047217e-05, 0.00146230112296, -0.000772578001488, 0.00191404856741, 0.000465275486931, -0.00321446405724, 0.00295092584565, -0.00264265015721, -0.00483673531562, 0.0171524528414, -0.0101541215554, 0.00162779155653, -0.000760537048336], [0.000302683183691, -0.0014448845759, 0.000677395670209, -0.00128053571098, -0.00121960206889, 0.00313517334871, -0.00370889343321, 0.00314389308915, -0.00109376152977, -0.0101541215554, 0.0235631726682, -0.011507387273, 0.00155484175775], [-0.000403685175115, 0.00145505950786, -0.00118372170255, 0.000910539878532, 0.000488029414555, -0.000221430163947, 0.00120721186977, -0.00367772905156, 0.00197242829017, 0.00162779155653, -0.011507387273, 0.0227236151695, -0.0111426310614], [0.000325184490066, -0.000661478145048, 0.000855972350109, -0.000998209114186, 0.000610385497566, 1.06746574602e-05, -0.000320609920891, 0.00174764869735, -0.00145268777851, -0.000760537048336, 0.00155484175775, -0.0111426310614, 0.0191341098398]]
    },
    "melbands": {
        "dmean": [0.00286000361666, 0.00161010306329, 0.000778939924203, 0.000324238964822, 0.000281601707684, 0.00021813143394, 0.000140844305861, 0.000106832936581, 9.81502089417e-05, 9.90229527815e-05, 8.00260531832e-05, 6.19091733824e-05, 6.34565221844e-05, 4.21074801125e-05, 4.90758939122e-05, 3.63589897461e-05, 4.08165287809e-05, 4.37016715296e-05, 3.70270354324e-05, 3.22771193169e-05, 2.61697168753e-05, 2.76595947071e-05, 2.13772909774e-05, 2.08195579035e-05, 1.71122101165e-05, 1.64402863447e-05, 1.31405458887e-05, 1.05876742964e-05, 9.4083352451e-06, 8.30188491818e-06, 7.59694921726e-06, 6.84313772581e-06, 6.84252381689e-06, 5.50865706828e-06, 5.21691208633e-06, 5.47353965885e-06, 5.58290685149e-06, 5.03679348185e-06, 3.78480763175e-06, 3.58409806722e-06],
        "dmean2": [0.00413565291092, 0.00245784176514, 0.00137653888669, 0.000585375528317, 0.000469024089398, 0.000360333884601, 0.000228884804528, 0.00017317532911, 0.000163362594321, 0.00016268856416, 0.000135575406603, 0.000105018618342, 0.00010633826605, 7.13776244083e-05, 8.26603281894e-05, 6.18540871073e-05, 6.919245061e-05, 7.24748169887e-05, 6.20411155978e-05, 5.46801384189e-05, 4.367825386e-05, 4.60772644146e-05, 3.55911870429e-05, 3.51265734935e-05, 2.87454877252e-05, 2.78257048194e-05, 2.2220381652e-05, 1.79014532478e-05, 1.58334805747e-05, 1.39070607474e-05, 1.26295872178e-05, 1.17404952107e-05, 1.19427795653e-05, 9.41790131037e-06, 8.86252018972e-06, 9.28827375901e-06, 9.42687893257e-06, 8.41592918732e-06, 6.20599121248e-06, 5.96438076172e-06],
        "dvar": [1.38717896334e-05, 5.85445513934e-06, 2.82092742054e-06, 4.14403075411e-07, 4.85705072606e-07, 2.00988864663e-07, 5.81851971049e-08, 3.22387876395e-08, 5.40942792782e-08, 6.06416250548e-08, 2.06791774815e-08, 8.56484039247e-09, 1.09706537188e-08, 5.64986546436e-09, 7.20159176737e-09, 3.61246077496e-09, 6.71427047294e-09, 1.37414470913e-08, 3.75316799861e-09, 3.0629219161e-09, 1.87831328269e-09, 2.66943889216e-09, 1.13927511869e-09, 1.03238628757e-09, 7.05603464546e-10, 6.94609370022e-10, 4.8356557647e-10, 2.33992186738e-10, 2.54113369236e-10, 1.52106313656e-10, 1.35310221361e-10, 8.41922712103e-11, 1.06129161015e-10, 5.19939820365e-11, 5.03713702693e-11, 6.88167162144e-11, 1.53483670218e-10, 1.01970695776e-10, 3.0361654163e-11, 3.12094169952e-11],
        "dvar2": [2.98668637697e-05, 1.28357733047e-05, 7.76271645009e-06, 1.17959848467e-06, 1.18019966067e-06, 5.07620370627e-07, 1.4468361087e-07, 7.67109611388e-08, 1.41470209769e-07, 1.48925039412e-07, 5.15666052081e-08, 2.25026415279e-08, 2.71928541906e-08, 1.45953897857e-08, 1.79586354676e-08, 9.67476943003e-09, 1.59052486737e-08, 2.59504222555e-08, 9.84130554826e-09, 7.95155941091e-09, 4.69805350178e-09, 6.61723609241e-09, 2.84844237086e-09, 2.77347278477e-09, 1.79801262767e-09, 1.81770565266e-09, 1.30673094567e-09, 6.34063745952e-10, 6.13129047533e-10, 3.94729332553e-10, 3.48085837931e-10, 2.32800612121e-10, 3.08844394503e-10, 1.44199763241e-10, 1.37877001483e-10, 1.87542398278e-10, 4.02364752627e-10, 2.69221811511e-10, 7.71560246249e-11, 8.13053027682e-11],
        "max": [0.0387175194919, 0.0341676399112, 0.0197197757661, 0.00911130569875, 0.0105268741027, 0.00554561335593, 0.00548787880689, 0.00431509269401, 0.0107154045254, 0.00503277871758, 0.00401598354802, 0.00183807197027, 0.00198139203712, 0.00156799633987, 0.00188701343723, 0.00119136099238, 0.00262697413564, 0.0052118357271, 0.00139182049315, 0.00133431621362, 0.00116177811287, 0.00308165815659, 0.000992846209556, 0.000728475977667, 0.0006170689594, 0.000681386736687, 0.000850779819302, 0.000341033475706, 0.000776190252509, 0.00027335312916, 0.000344346655766, 0.000124348545796, 0.000244767143158, 0.000115755727165, 0.000131406268338, 0.00027820514515, 0.000721303513274, 0.000465602526674, 0.000116393668577, 0.000125331498566],
        "mean": [0.00567182060331, 0.0031303698197, 0.000763046904467, 0.000317023368552, 0.000297752791084, 0.000282297376543, 0.000208166005905, 0.000162242300576, 0.000135428112117, 0.000140237127198, 0.000108667627501, 8.54754762258e-05, 9.02213796508e-05, 5.91857424297e-05, 6.48917484796e-05, 5.14246457897e-05, 5.96239806328e-05, 6.92172907293e-05, 5.55087863177e-05, 4.73848922411e-05, 3.9631868276e-05, 4.30081927334e-05, 3.4818178392e-05, 3.42284838553e-05, 2.98923787341e-05, 2.84570760414e-05, 2.34148610616e-05, 1.95977463591e-05, 1.79197086254e-05, 1.64140328707e-05, 1.51383746925e-05, 1.35209702421e-05, 1.32455934363e-05, 1.20229406093e-05, 1.12542766146e-05, 1.1439861737e-05, 1.1627146705e-05, 1.06178922579e-05, 8.9982395366e-06, 8.03979764896e-06],
        "median": [0.00323494407348, 0.00198657577857, 0.000262140732957, 0.000120211378089, 9.3674621894e-05, 9.95273003355e-05, 9.76395167527e-05, 7.37179943826e-05, 5.93583572481e-05, 5.91027201153e-05, 5.15893952979e-05, 5.05822681589e-05, 4.98431763845e-05, 3.19786086038e-05, 3.0291837902e-05, 2.84700745397e-05, 2.94370911433e-05, 2.71836524917e-05, 3.12465344905e-05, 2.72469187621e-05, 2.27497585001e-05, 2.51873098023e-05, 2.24083705689e-05, 2.2264835934e-05, 1.90548653336e-05, 1.83538231795e-05, 1.53989039973e-05, 1.31970364237e-05, 1.27185558085e-05, 1.20345366668e-05, 1.11085701064e-05, 1.02490967038e-05, 1.01278565126e-05, 9.76797309704e-06, 8.83799111762e-06, 8.70128587849e-06, 8.38771484268e-06, 7.46115210859e-06, 6.85624218022e-06, 5.89692945141e-06],
        "min": [2.8477569445e-23, 2.46211818891e-23, 4.49715244798e-24, 4.75569805979e-24, 3.21930270002e-24, 1.00137577324e-23, 6.31407818413e-24, 6.09545840045e-24, 2.75552013258e-24, 2.36194137364e-23, 1.78558855223e-23, 2.36859289102e-23, 1.43131869276e-23, 5.47047585411e-24, 7.55115328962e-24, 9.09255515512e-24, 1.96454243744e-23, 1.4460782803e-23, 1.37839685453e-23, 1.05889643389e-23, 1.08497562321e-23, 8.68766361805e-24, 8.62960818859e-24, 1.01425668853e-23, 1.07570832196e-23, 8.1092211041e-24, 1.09053701371e-23, 1.07852139995e-23, 6.00681094509e-24, 1.12611527162e-23, 1.29776919579e-23, 1.19585428329e-23, 8.18140424351e-24, 7.7191388528e-24, 7.81780957483e-24, 1.37800589507e-23, 1.3905060272e-23, 1.1059343164e-23, 1.03672328934e-23, 9.22102904215e-24],
        "var": [4.02811529057e-05, 1.27477260321e-05, 2.19837443183e-06, 3.15972926046e-07, 5.07043580456e-07, 2.63732232497e-07, 1.00945051429e-07, 6.74548559232e-08, 6.62163941456e-08, 9.45765705751e-08, 3.40407133592e-08, 1.09810933679e-08, 1.62131303938e-08, 7.50931494764e-09, 1.01967039257e-08, 4.95957852564e-09, 1.1228939556e-08, 3.67460941675e-08, 5.88741677632e-09, 4.20399981493e-09, 2.98036817448e-09, 4.56886573019e-09, 1.80972070662e-09, 1.54837664912e-09, 1.25207155754e-09, 1.21262999642e-09, 7.92503451752e-10, 4.44723147197e-10, 4.57825194422e-10, 2.81512146927e-10, 2.64652827431e-10, 1.58397392425e-10, 1.64911972966e-10, 1.18618323497e-10, 1.10655866414e-10, 1.51540571758e-10, 3.97589600132e-10, 2.41814346325e-10, 8.20280510183e-11, 7.44769176886e-11]
    },
    "mfcc": {
        "mean": [-584.843994141, 67.5093078613, 6.4904589653, 20.7901668549, 9.28692340851, 8.58243846893, 5.77718782425, 9.05992698669, 6.03313493729, 6.88445711136, 4.19001197815, 4.45756530762, 3.09148645401],
        "cov": [[4156.22802734, -755.527709961, 682.430908203, -282.673278809, 205.129348755, 99.7079162598, 134.192230225, 47.942943573, 71.2377090454, 87.813949585, 60.3875274658, 8.60995006561, 64.5448608398], [-755.527709961, 1001.33001709, -270.884521484, 223.205657959, -43.8990440369, -47.6141624451, -64.5705947876, 1.71713411808, -44.6626815796, -39.8551445007, -25.5729980469, -0.18691855669, -7.20210933685], [682.430908203, -270.884521484, 814.61505127, 21.6277427673, 213.983108521, 77.2184524536, 127.373168945, 56.8034553528, 53.8334197998, 42.6692390442, 39.7827911377, 27.7144393921, 55.2441825867], [-282.673278809, 223.205657959, 21.6277427673, 338.569488525, 103.858901978, 52.5169258118, 2.28921461105, 36.0478096008, 2.57140469551, -4.54933547974, 12.6927585602, 9.88865184784, 7.90631389618], [205.129348755, -43.8990440369, 213.983108521, 103.858901978, 234.541427612, 105.824508667, 75.7161102295, 53.274723053, 43.4886741638, 45.383392334, 40.8716773987, 19.3784923553, 30.9503517151], [99.7079162598, -47.6141624451, 77.2184524536, 52.5169258118, 105.824508667, 172.684768677, 89.3347549438, 59.4463806152, 52.5554962158, 47.086730957, 37.2262573242, 19.3759994507, 16.226644516], [134.192230225, -64.5705947876, 127.373168945, 2.28921461105, 75.7161102295, 89.3347549438, 152.598922729, 82.9639968872, 57.1234397888, 57.2791442871, 46.7693405151, 32.7800216675, 29.3719387054], [47.942943573, 1.71713411808, 56.8034553528, 36.0478096008, 53.274723053, 59.4463806152, 82.9639968872, 151.974884033, 86.3855056763, 49.1282310486, 42.2670631409, 36.1066741943, 26.9608345032], [71.2377090454, -44.6626815796, 53.8334197998, 2.57140469551, 43.4886741638, 52.5554962158, 57.1234397888, 86.3855056763, 126.030410767, 72.8804473877, 40.4521789551, 34.4284706116, 21.2108287811], [87.813949585, -39.8551445007, 42.6692390442, -4.54933547974, 45.383392334, 47.086730957, 57.2791442871, 49.1282310486, 72.8804473877, 121.09236908, 73.0512771606, 31.505821228, 18.4585189819], [60.3875274658, -25.5729980469, 39.7827911377, 12.6927585602, 40.8716773987, 37.2262573242, 46.7693405151, 42.2670631409, 40.4521789551, 73.0512771606, 105.781997681, 56.2579612732, 24.8719959259], [8.60995006561, -0.18691855669, 27.7144393921, 9.88865184784, 19.3784923553, 19.3759994507, 32.7800216675, 36.1066741943, 34.4284706116, 31.505821228, 56.2579612732, 96.5331954956, 56.5751914978], [64.5448608398, -7.20210933685, 55.2441825867, 7.90631389618, 30.9503517151, 16.226644516, 29.3719387054, 26.9608345032, 21.2108287811, 18.4585189819, 24.8719959259, 56.5751914978, 94.9886703491]],
