{
"lowlevel": {
    "average_loudness": 0.868751227856,
    "barkbands_crest": {
        "dmean": 2.92414355278,
        "dmean2": 4.60729789734,
        "dvar": 9.2372751236,
        "dvar2": 20.9840221405,
        "max": 26.2764625549,
        "mean": 16.0604114532,
        "median": 16.4390640259,
        "min": 1.8397693634,
        "var": 34.0379562378
    },
    "barkbands_flatness_db": {
        "dmean": 0.0304178278893,
        "dmean2": 0.0479869395494,
        "dvar": 0.00100366189145,
        "dvar2": 0.00242047291249,
        "max": 0.444763541222,
        "mean": 0.156957745552,
        "median": 0.152227625251,
        "min": 0.0158712845296,
        "var": 0.00424064928666
    },
    "barkbands_kurtosis": {
        "dmean": 7.76164340973,
        "dmean2": 12.1797542572,
        "dvar": 125.759056091,
        "dvar2": 286.334838867,
        "max": 164.033615112,
        "mean": 11.9596147537,
        "median": 7.39528417587,
        "min": -1.84614765644,
        "var": 231.560287476
    },
    "barkbands_skewness": {
        "dmean": 0.975469052792,
        "dmean2": 1.52927994728,
        "dvar": 1.11466503143,
        "dvar2": 2.55447936058,
        "max": 11.6960630417,
        "mean": 2.91748261452,
        "median": 2.77666449547,
        "min": -1.83717238903,
        "var": 3.22349667549
    },
    "barkbands_spread": {
        "dmean": 9.97916316986,
        "dmean2": 16.1871261597,
        "dvar": 155.349395752,
        "dvar2": 358.042663574,
        "max": 114.761573792,
        "mean": 23.8200969696,
        "median": 19.4747829437,
        "min": 0.83475714922,
        "var": 301.108764648
    },
    "dissonance": {
        "dmean": 0.0137462457642,
        "dmean2": 0.0234505850822,
        "dvar": 0.000227238109801,
        "dvar2": 0.000635145872366,
        "max": 0.500000059605,
        "mean": 0.475744843483,
        "median": 0.481762290001,
        "min": 0.331542670727,
        "var": 0.000437499256805
    },
    "dynamic_complexity": 2.92071199417,
    "erbbands_crest": {
        "dmean": 2.28976607323,
        "dmean2": 3.81510806084,
        "dvar": 6.21566009521,
        "dvar2": 15.892282486,
        "max": 25.9581832886,
        "mean": 6.65189266205,
        "median": 5.31544017792,
        "min": 1.89882802963,
        "var": 14.7144050598
    },
    "erbbands_flatness_db": {
        "dmean": 0.0116902319714,
        "dmean2": 0.0178423300385,
        "dvar": 0.000136004731758,
        "dvar2": 0.000331275863573,
        "max": 0.406073391438,
        "mean": 0.105130851269,
        "median": 0.0811281055212,
        "min": 0.0289527010173,
        "var": 0.0031970764976
    },
    "erbbands_kurtosis": {
        "dmean": 0.674484789371,
        "dmean2": 1.10992515087,
        "dvar": 0.839810729027,
        "dvar2": 2.25658178329,
        "max": 30.7415924072,
        "mean": -0.138894349337,
        "median": -0.547700881958,
        "min": -1.82238781452,
        "var": 2.70095682144
    },
    "erbbands_skewness": {
        "dmean": 0.329517662525,
        "dmean2": 0.527027547359,
        "dvar": 0.0974622368813,
        "dvar2": 0.243473738432,
        "max": 3.19258713722,
        "mean": -0.0162059813738,
        "median": -0.114160127938,
        "min": -1.92718553543,
        "var": 0.366370290518
    },
    "erbbands_spread": {
        "dmean": 11.9388694763,
        "dmean2": 18.9694004059,
        "dvar": 168.828109741,
        "dvar2": 392.112121582,
        "max": 158.189819336,
        "mean": 64.9164276123,
        "median": 66.0476150513,
        "min": 3.31318569183,
        "var": 975.861450195
    },
    "hfc": {
        "dmean": 17.7630996704,
        "dmean2": 25.9939308167,
        "dvar": 863.4921875,
        "dvar2": 1869.59020996,
        "max": 261.787445068,
        "mean": 43.7292060852,
        "median": 33.2449378967,
        "min": 1.19130366531e-16,
        "var": 1641.07641602
    },
    "melbands_crest": {
        "dmean": 3.27487421036,
        "dmean2": 5.31113815308,
        "dvar": 10.7084722519,
        "dvar2": 27.4281253815,
        "max": 34.57264328,
        "mean": 21.344209671,
        "median": 22.4504261017,
        "min": 1.52069151402,
        "var": 41.8250465393
    },
    "melbands_flatness_db": {
        "dmean": 0.0355280190706,
        "dmean2": 0.0557796992362,
        "dvar": 0.00146715610754,
        "dvar2": 0.00353472540155,
        "max": 0.557235360146,
        "mean": 0.240056872368,
        "median": 0.241783574224,
        "min": 0.00323725631461,
        "var": 0.00611519627273
    },
    "melbands_kurtosis": {
        "dmean": 31.4724235535,
        "dmean2": 49.3716888428,
        "dvar": 1987.63415527,
        "dvar2": 4656.62939453,
        "max": 573.483215332,
        "mean": 60.8495597839,
        "median": 38.9680862427,
        "min": -1.29397511482,
        "var": 4511.86376953
    },
    "melbands_skewness": {
        "dmean": 1.63001549244,
        "dmean2": 2.56714844704,
        "dvar": 3.23017787933,
        "dvar2": 7.77382230759,
        "max": 18.0016460419,
        "mean": 5.96988725662,
        "median": 5.59062004089,
        "min": -1.68599736691,
        "var": 12.8998003006
    },
    "melbands_spread": {
        "dmean": 6.24935913086,
        "dmean2": 10.4050207138,
        "dvar": 76.5993347168,
        "dvar2": 184.097351074,
        "max": 172.75038147,
        "mean": 14.3148288727,
        "median": 9.29271697998,
        "min": 0.760613679886,
        "var": 215.235549927
    },
    "pitch_salience": {
        "dmean": 0.0935996025801,
        "dmean2": 0.147618249059,
        "dvar": 0.00907149259001,
        "dvar2": 0.0225091334432,
        "max": 0.892195761204,
        "mean": 0.384008795023,
        "median": 0.355405509472,
        "min": 0.0613051205873,
        "var": 0.0283951275051
    },
    "silence_rate_20dB": {
        "dmean": 0.00345551036298,
        "dmean2": 0.00691187381744,
        "dvar": 0.00344360619783,
        "dvar2": 0.00883897673339,
        "max": 1,
        "mean": 0.997532069683,
        "median": 1,
        "min": 0,
        "var": 0.00246177148074
    },
    "silence_rate_30dB": {
        "dmean": 0.127853885293,
        "dmean2": 0.255739331245,
        "dvar": 0.111512981355,
        "dvar2": 0.257496207952,
        "max": 1,
        "mean": 0.683366239071,
        "median": 1,
        "min": 0,
        "var": 0.216376304626
    },
    "silence_rate_60dB": {
        "dmean": 0.00246822158806,
        "dmean2": 0.00493705272675,
        "dvar": 0.00246198149398,
        "dvar2": 0.00614701025188,
        "max": 1,
        "mean": 0.0489881522954,
        "median": 0,
        "min": 0,
        "var": 0.0465873815119
    },
    "spectral_centroid": {
        "dmean": 326.302368164,
        "dmean2": 508.391723633,
        "dvar": 138649.90625,
        "dvar2": 316204.625,
        "max": 11177.0048828,
        "mean": 1511.8972168,
        "median": 1438.91870117,
        "min": 169.038604736,
        "var": 517945.25
    },
    "spectral_complexity": {
        "dmean": 4.89843273163,
        "dmean2": 7.79659366608,
        "dvar": 34.1773643494,
        "dvar2": 77.1915512085,
        "max": 58,
        "mean": 23.3034305573,
        "median": 22,
        "min": 0,
        "var": 130.278396606
    },
    "spectral_decrease": {
        "dmean": 7.56741247443e-09,
        "dmean2": 1.23041061784e-08,
        "dvar": 1.08460835125e-16,
        "dvar2": 2.84446369182e-16,
        "max": 6.12373319386e-29,
        "mean": -2.13802522353e-08,
        "median": -1.73119900637e-08,
        "min": -1.73800373204e-07,
        "var": 2.69298243712e-16
    },
    "spectral_energy": {
        "dmean": 0.0289602354169,
        "dmean2": 0.0469336695969,
        "dvar": 0.0015732513275,
        "dvar2": 0.00411261850968,
        "max": 0.665716946125,
        "mean": 0.0846604555845,
        "median": 0.06879080832,
        "min": 1.09890265831e-20,
        "var": 0.00404640845954
    },
    "spectral_energyband_high": {
        "dmean": 0.00161353382282,
        "dmean2": 0.00235936348327,
        "dvar": 8.23425762064e-06,
        "dvar2": 1.76956800715e-05,
        "max": 0.0239453520626,
        "mean": 0.00324860983528,
        "median": 0.00223197066225,
        "min": 8.00428670658e-21,
        "var": 1.5063090359e-05
    },
    "spectral_energyband_low": {
        "dmean": 0.028321120888,
        "dmean2": 0.0464378483593,
        "dvar": 0.00157497462351,
        "dvar2": 0.00422628037632,
        "max": 0.639671564102,
        "mean": 0.0670657157898,
        "median": 0.0526603721082,
        "min": 4.75183713786e-23,
        "var": 0.00361177651212
    },
    "spectral_energyband_middle_high": {
        "dmean": 0.00183854461648,
        "dmean2": 0.00306950765662,
        "dvar": 7.15056739864e-06,
        "dvar2": 1.94133463083e-05,
        "max": 0.0407633371651,
        "mean": 0.0045065889135,
        "median": 0.00357059529051,
        "min": 1.59299688387e-21,
        "var": 1.52220954988e-05
    },
    "spectral_energyband_middle_low": {
        "dmean": 0.0080238012597,
        "dmean2": 0.0136901447549,
        "dvar": 0.0004240864655,
        "dvar2": 0.00111984217074,
        "max": 0.423719704151,
        "mean": 0.0118901282549,
        "median": 0.00736385397613,
        "min": 2.37918858671e-22,
        "var": 0.000353991403244
    },
    "spectral_entropy": {
        "dmean": 0.153399080038,
        "dmean2": 0.230518877506,
        "dvar": 0.0243637003005,
        "dvar2": 0.0575629062951,
        "max": 9.80963420868,
        "mean": 7.95115756989,
        "median": 8.13815784454,
        "min": 5.36043739319,
        "var": 0.260375440121
    },
    "spectral_flux": {
        "dmean": 0.0438459552824,
        "dmean2": 0.0667010992765,
        "dvar": 0.00263770623133,
        "dvar2": 0.00506388442591,
        "max": 0.750087082386,
        "mean": 0.127492919564,
        "median": 0.103318929672,
        "min": 6.97218741075e-11,
        "var": 0.00711019895971
    },
    "spectral_kurtosis": {
        "dmean": 0.983077585697,
        "dmean2": 1.59398508072,
        "dvar": 3.07023835182,
        "dvar2": 9.17738628387,
        "max": 52.0519866943,
        "mean": 3.29310536385,
        "median": 1.86423325539,
        "min": -1.22654831409,
        "var": 14.8039159775
    },
    "spectral_rms": {
        "dmean": 0.00146133394446,
        "dmean2": 0.00233348598704,
        "dvar": 2.80559333987e-06,
        "dvar2": 7.07202661943e-06,
        "max": 0.0254848971963,
        "mean": 0.00837438739836,
        "median": 0.00819225143641,
        "min": 3.27429403035e-12,
        "var": 1.24652597151e-05
    },
    "spectral_rolloff": {
        "dmean": 723.783203125,
        "dmean2": 1271.8260498,
        "dvar": 2130261,
        "dvar2": 5215520.5,
        "max": 19207.6171875,
        "mean": 1029.47888184,
        "median": 279.931640625,
        "min": 21.533203125,
        "var": 3213012.25
    },
    "spectral_skewness": {
        "dmean": 0.147128179669,
        "dmean2": 0.226540639997,
        "dvar": 0.0267718490213,
        "dvar2": 0.0714741498232,
        "max": 5.3674621582,
        "mean": 1.41943442822,
        "median": 1.20887303352,
        "min": 0.000673543952871,
        "var": 0.343570053577
    },
    "spectral_spread": {
        "dmean": 695718.75,
        "dmean2": 1030159.375,
        "dvar": 670092623872,
        "dvar2": 1.38965352448e+12,
        "max": 42609596,
        "mean": 6653393,
        "median": 7007629.5,
        "min": 1282894.875,
        "var": 4.45565789798e+12
    },
    "spectral_strongpeak": {
        "dmean": 0.27685302496,
        "dmean2": 0.460409641266,
        "dvar": 0.207602843642,
        "dvar2": 0.572488903999,
        "max": 7.12510204315,
        "mean": 0.750216841698,
        "median": 0.669596672058,
        "min": 0,
        "var": 0.266472160816
    },
    "zerocrossingrate": {
        "dmean": 0.0158201791346,
        "dmean2": 0.0198970083147,
        "dvar": 0.000308374961605,
        "dvar2": 0.000425437552622,
        "max": 0.56884765625,
        "mean": 0.0594885498285,
        "median": 0.0498046875,
        "min": 0.00244140625,
        "var": 0.00212076632306
    },
    "barkbands": {
        "dmean": [0.000978101859801, 0.0238709747791, 0.00837138015777, 0.00542199471965, 0.00270189763978, 0.000812504789792, 0.000510693178512, 0.000412078050431, 0.000660940015223, 0.000425279256888, 0.000433931010775, 0.000554721045773, 0.000290934811346, 0.000208072786336, 0.000240567140281, 0.000177908237674, 0.000256662577158, 0.000164726210642, 0.000165744277183, 0.000171039413544, 0.000187253768672, 0.000187408135389, 0.000254346843576, 0.000281795364572, 0.000526474730577, 0.000310406670906, 1.16001037895e-05],
        "dmean2": [0.00159454380628, 0.0388812236488, 0.0137100797147, 0.00965598970652, 0.0047086016275, 0.00135066919029, 0.000809024029877, 0.000659486686345, 0.00107486743946, 0.000703807629179, 0.000741839932743, 0.000945968669839, 0.000490184058435, 0.000348061410477, 0.000426419486757, 0.000305056542857, 0.000454606604762, 0.000281791464658, 0.000278420920949, 0.000282707740553, 0.000312961870804, 0.000300431333017, 0.000390145374695, 0.000419877265813, 0.000770334503613, 0.000463491276605, 1.97039844352e-05],
        "dvar": [3.41680697602e-06, 0.00117616157513, 0.000371815578546, 0.00025504626683, 7.40288305678e-05, 5.04252602695e-06, 6.94492428011e-07, 6.0846099359e-07, 1.54582687628e-06, 1.03308514099e-06, 1.03592685718e-06, 1.65971573551e-06, 5.36102845672e-07, 9.94786120145e-08, 2.20142752028e-07, 7.22271380482e-08, 2.00219943736e-07, 6.27586587143e-08, 5.91734696798e-08, 5.88747290919e-08, 7.31582758817e-08, 6.59123600144e-08, 1.87642854144e-07, 2.35645245539e-07, 1.29108946112e-06, 3.75474087377e-07, 6.26035889795e-10],
        "dvar2": [8.87827991392e-06, 0.00302056339569, 0.000986771774478, 0.000706405728124, 0.000211115562706, 1.46555021274e-05, 1.63712638823e-06, 1.44931811974e-06, 3.70246789316e-06, 2.6916184197e-06, 2.93571497423e-06, 4.64210688733e-06, 1.38692132623e-06, 2.41783794763e-07, 6.38415087906e-07, 1.92684211697e-07, 5.63855337532e-07, 1.69226169078e-07, 1.58231330261e-07, 1.54246876605e-07, 1.96141584752e-07, 1.63444525469e-07, 4.12259709037e-07, 4.87726879328e-07, 2.89331364911e-06, 8.5633632807e-07, 1.68613534246e-09],
        "max": [0.0312469191849, 0.591109633446, 0.31899523735, 0.283944249153, 0.17852665484, 0.0645047053695, 0.0248703733087, 0.0295248627663, 0.0444841310382, 0.0246231984347, 0.0149519564584, 0.0243481565267, 0.0166882090271, 0.0087251747027, 0.00812303461134, 0.0057591535151, 0.00440706452355, 0.00336482655257, 0.00328315910883, 0.00269021699205, 0.00333933741786, 0.00316160311922, 0.00469888281077, 0.00467403093353, 0.00894096214324, 0.00496473629028, 0.000446529942565],
        "mean": [0.00123249925673, 0.0515980012715, 0.0122349094599, 0.00434949668124, 0.00366623187438, 0.0012906526681, 0.00083808589261, 0.000638900848571, 0.00102244492155, 0.000628881796729, 0.000581399363, 0.000779670721386, 0.000426718353992, 0.000318238278851, 0.00033392891055, 0.000289561168756, 0.00036119951983, 0.000300206476822, 0.000334468699293, 0.000360220466973, 0.000423617049819, 0.000424020603532, 0.000477711757412, 0.000515974010341, 0.00075155653758, 0.000469651306048, 1.2164011423e-05],
        "median": [0.000367461703718, 0.0374360457063, 0.00181206560228, 0.000730250496417, 0.00189717055764, 0.000774252461269, 0.000505121424794, 0.000367795961211, 0.000573170022108, 0.000246764509939, 0.000201651331736, 0.000263786816504, 0.00019154252368, 0.000199351532501, 0.000212296814425, 0.000202204915695, 0.000225117866648, 0.000203857343877, 0.00022697422537, 0.000254308455624, 0.000307067210088, 0.000315393670462, 0.000311056617647, 0.000329302885802, 0.000340205326211, 0.000205807213206, 3.56871305485e-06],
        "min": [7.23543537813e-24, 2.18059077123e-23, 1.58742259077e-23, 1.16191354284e-23, 4.49636327153e-23, 2.41969119839e-23, 6.79121391845e-23, 2.86887127995e-23, 4.82366513209e-23, 3.83411233279e-23, 1.92743868031e-23, 7.68369706782e-23, 1.27010038863e-22, 1.06780679136e-22, 1.62743910635e-22, 1.05376506725e-22, 1.08461192678e-22, 2.52902318622e-22, 1.39706546873e-22, 3.46476418597e-22, 3.50986733979e-22, 4.71639563688e-22, 6.37567430532e-22, 8.5767421386e-22, 1.12556047206e-21, 1.84199127392e-21, 2.33129122447e-21],
        "var": [4.57697615275e-06, 0.00281526567414, 0.000497774744872, 0.000169683422428, 5.53924110136e-05, 4.38692404714e-06, 1.37895312946e-06, 1.13781970867e-06, 2.72493753073e-06, 1.73949842974e-06, 1.60673130267e-06, 2.50063772e-06, 8.41062785639e-07, 1.68240973153e-07, 1.97229340415e-07, 1.0211998358e-07, 1.88622266251e-07, 1.0431474351e-07, 1.21881370774e-07, 1.2993181997e-07, 1.75974989247e-07, 1.73462765929e-07, 3.36882862939e-07, 4.22991888627e-07, 1.69763245594e-06, 5.07895379087e-07, 5.89314097521e-10]
    },
    "erbbands": {
        "dmean": [0.760800480843, 5.18184566498, 9.46911048889, 13.3726139069, 13.4334115982, 7.80099868774, 7.4745721817, 6.99715280533, 7.01500797272, 7.60473203659, 9.05191612244, 16.232629776, 10.5127277374, 14.9792509079, 17.6923351288, 19.4492378235, 13.1105241776, 8.93721294403, 11.4522638321, 10.8507452011, 10.9982452393, 13.1724567413, 9.45003414154, 8.29290771484, 8.05887794495, 7.63353919983, 7.76028776169, 7.53577280045, 6.86097955704, 6.91770648956, 7.0329618454, 5.55866622925, 5.35440158844, 5.79257822037, 3.89497041702, 1.611145854, 0.51581466198, 0.0731529593468, 0.00150301295798, 7.47092926758e-05],
        "dmean2": [1.22573852539, 8.3531665802, 15.0626726151, 23.0622787476, 23.3669929504, 13.7055902481, 12.4457273483, 11.5995759964, 11.0271453857, 12.2819414139, 14.4471664429, 26.5458297729, 17.1837902069, 25.3701705933, 30.1527786255, 32.8366661072, 21.7466926575, 15.1968336105, 19.9493522644, 18.9371643066, 19.0599269867, 23.0621452332, 16.3052864075, 13.9271535873, 13.3451166153, 12.6015291214, 13.0789451599, 12.469991684, 10.9570112228, 10.9851665497, 10.885014534, 8.37473201752, 8.00264930725, 8.5034236908, 5.79864263535, 2.40232133865, 0.780102610588, 0.115272827446, 0.00236455770209, 0.000114670307084],
        "dvar": [1.52196967602, 57.6576080322, 385.858734131, 1567.33642578, 1427.40551758, 925.908447266, 709.606140137, 268.891326904, 159.931655884, 152.860610962, 281.547027588, 1092.40881348, 361.310852051, 1442.38635254, 1693.04431152, 2040.2611084, 1090.99108887, 301.020294189, 347.181030273, 391.610168457, 322.795532227, 451.337432861, 219.864364624, 144.123794556, 139.776535034, 115.652412415, 133.495620728, 116.915466309, 91.9503936768, 105.208457947, 146.242172241, 87.3528213501, 92.5274887085, 156.522903442, 72.5589599609, 10.9850206375, 0.996888816357, 0.0181012265384, 7.78881531005e-06, 1.28875274896e-08],
        "dvar2": [4.01283884048, 145.554885864, 997.948547363, 4298.65283203, 3890.36474609, 2676.12939453, 2036.25646973, 774.268493652, 372.613739014, 394.87109375, 662.265625, 2644.90429688, 901.027526855, 4032.23364258, 4761.72851562, 5588.06884766, 2800.21679688, 723.800231934, 957.901977539, 1113.01831055, 860.642333984, 1253.91027832, 601.53137207, 385.881896973, 375.140350342, 298.667114258, 364.555450439, 307.926177979, 225.888000488, 246.213241577, 323.521484375, 185.224349976, 188.444412231, 343.760528564, 169.24911499, 25.3270339966, 2.33097600937, 0.0433562025428, 1.87770419871e-05, 2.90575687956e-08],
        "max": [13.8817558289, 156.962219238, 370.449005127, 896.770751953, 994.300964355, 511.661956787, 586.359985352, 471.234558105, 390.402038574, 351.796905518, 696.04901123, 1225.55944824, 576.447570801, 961.772705078, 946.842529297, 807.323486328, 799.558898926, 602.818359375, 238.972702026, 387.595581055, 372.475372314, 303.234710693, 157.417022705, 180.626571655, 147.971481323, 125.957389832, 147.036453247, 130.258758545, 104.206108093, 123.245552063, 127.057670593, 99.3101348877, 95.6456069946, 103.657531738, 73.2938842773, 29.581073761, 9.15849971771, 1.21310651302, 0.0272523742169, 0.00105031731073],
        "mean": [1.45901799202, 11.5174922943, 17.2643356323, 13.1319141388, 14.3613843918, 10.2581672668, 11.7720575333, 11.1077928543, 11.7805595398, 12.6284866333, 15.6014614105, 24.4215183258, 17.2972869873, 22.560792923, 26.7882328033, 29.4257316589, 21.186044693, 14.4824180603, 17.4756565094, 17.4038238525, 17.5072288513, 20.3578586578, 17.2187271118, 17.1400928497, 16.988702774, 16.4747009277, 16.6062870026, 16.8623142242, 15.5266819, 14.2880191803, 12.9490604401, 10.4401979446, 9.22517681122, 8.33539009094, 5.33811473846, 2.33216166496, 0.773813426495, 0.115571528673, 0.00235616369173, 0.000183696305612],
        "median": [0.799726784229, 8.52438545227, 6.48105430603, 3.26923847198, 5.44377040863, 4.9863319397, 5.78559541702, 6.48759174347, 6.97919940948, 7.95406150818, 9.7340965271, 12.7007980347, 9.78424453735, 9.52373504639, 11.3547735214, 10.5813827515, 9.46418380737, 9.48939609528, 11.3781166077, 11.5377864838, 11.7089347839, 13.3845825195, 12.0297985077, 11.7551736832, 11.5848150253, 11.8226032257, 12.6845188141, 11.610994339, 11.3758525848, 10.042547226, 8.48306083679, 6.88064861298, 5.38300418854, 3.75103378296, 2.27696418762, 1.04852581024, 0.337826788425, 0.0482686236501, 0.000991864595562, 0.000141468815855],
        "min": [1.19108767647e-21, 2.82931372995e-21, 1.59268780186e-20, 2.38163344462e-20, 1.31668037891e-19, 1.39334968194e-19, 7.91199483753e-20, 2.18265951036e-19, 8.25776214969e-19, 1.19196054185e-18, 7.49314689373e-19, 8.97490861222e-19, 1.08603747947e-18, 6.0656321968e-19, 2.03183910059e-18, 2.68894207342e-18, 5.05813127719e-18, 5.89794086975e-18, 5.85534272256e-18, 6.96213023449e-18, 8.28496905062e-18, 7.91787704811e-18, 1.12246374259e-17, 1.40717699333e-17, 9.55235036975e-18, 1.55421628814e-17, 1.43883369168e-17, 1.31812380391e-17, 1.83511673256e-17, 2.19403999564e-17, 1.78772424655e-17, 1.72114001227e-17, 1.53049192099e-17, 1.28284943115e-17, 7.66880882977e-18, 6.61300666285e-18, 3.51422058415e-18, 1.15325004014e-18, 3.23622575639e-19, 3.8810887826e-20],
        "var": [3.48758482933, 133.361663818, 624.672973633, 1102.30407715, 1105.30212402, 662.76739502, 581.66217041, 273.305114746, 313.711181641, 248.37878418, 546.812561035, 1841.50671387, 730.766296387, 2116.78979492, 2632.27197266, 3383.96020508, 1954.21630859, 479.779785156, 406.586212158, 447.427703857, 416.45993042, 507.699676514, 310.044433594, 298.100311279, 300.30090332, 268.142700195, 280.867492676, 285.337615967, 241.074813843, 230.933166504, 252.38168335, 163.731918335, 155.183532715, 208.205368042, 90.1938247681, 14.1144990921, 1.3369768858, 0.0270857959986, 1.13345213322e-05, 2.62607287027e-08]
    },
    "gfcc": {
        "mean": [40.7167472839, 60.9129371643, -83.6827545166, 38.8973274231, -48.2567596436, 27.565782547, -30.9407691956, 20.9708747864, -22.4586620331, 11.2041893005, -18.0042877197, 7.50246429443, -10.9406585693],
        "cov": [[14542.8027344, -1505.92883301, 2080.97875977, 2112.43359375, 380.876922607, 990.513183594, -105.116828918, 504.609008789, -176.537185669, 370.171630859, -442.586334229, -84.3519668579, -667.684997559], [-1505.92883301, 2107.74584961, -307.477874756, -159.694442749, 271.393707275, -298.243865967, 104.02948761, -236.785385132, 334.713775635, -192.298202515, 123.287719727, -144.014312744, 317.56137085], [2080.97875977, -307.477874756, 919.539611816, 635.575195312, 196.287109375, 315.055480957, 74.3158187866, 152.396575928, 31.9803447723, 113.950508118, -82.0542907715, -35.526512146, -161.752441406], [2112.43359375, -159.694442749, 635.575195312, 957.504272461, 202.08392334, 218.549209595, 125.907585144, 120.201583862, 145.857925415, 50.0165290833, -55.6359214783, -114.431625366, -127.224250793], [380.876922607, 271.393707275, 196.287109375, 202.08392334, 193.633834839, 90.7488098145, 70.9342880249, 20.2845420837, 98.9658432007, 21.1829013824, 12.5243778229, -27.6893596649, 15.5580530167], [990.513183594, -298.243865967, 315.055480957, 218.549209595, 90.7488098145, 240.492599487, 44.3425254822, 96.919631958, -9.78387355804, 96.5738067627, -26.5882320404, 13.9447546005, -73.5325317383], [-105.116828918, 104.02948761, 74.3158187866, 125.907585144, 70.9342880249, 44.3425254822, 127.003799438, 53.7371902466, 76.7545547485, 11.2323207855, 27.2375736237, 0.457296669483, 23.9192180634], [504.609008789, -236.785385132, 152.396575928, 120.201583862, 20.2845420837, 96.919631958, 53.7371902466, 146.411575317, 21.6350669861, 72.1834030151, -5.43160247803, 31.7203178406, -26.496011734], [-176.537185669, 334.713775635, 31.9803447723, 145.857925415, 98.9658432007, -9.78387355804, 76.7545547485, 21.6350669861, 203.556213379, 22.7638893127, 44.305305481, -37.1275672913, 67.2411575317], [370.171630859, -192.298202515, 113.950508118, 50.0165290833, 21.1829013824, 96.5738067627, 11.2323207855, 72.1834030151, 22.7638893127, 126.116569519, 31.2158031464, 28.8458614349, -22.5748615265], [-442.586334229, 123.287719727, -82.0542907715, -55.6359214783, 12.5243778229, -26.5882320404, 27.2375736237, -5.43160247803, 44.305305481, 31.2158031464, 91.8613815308, 37.8745651245, 47.2038192749], [-84.3519668579, -144.014312744, -35.526512146, -114.431625366, -27.6893596649, 13.9447546005, 0.457296669483, 31.7203178406, -37.1275672913, 28.8458614349, 37.8745651245, 104.704429626, 20.3955459595], [-667.684997559, 317.56137085, -161.752441406, -127.224250793, 15.5580530167, -73.5325317383, 23.9192180634, -26.496011734, 67.2411575317, -22.5748615265, 47.2038192749, 20.3955459595, 131.129425049]],
        "icov": [[0.000209246674785, -0.000326965702698, 0.000138984178193, -0.000596088531893, 0.000149016312207, -0.000362152000889, 0.000693854002748, -0.000367775384802, 0.000332296651322, -0.000612897449173, 0.000988637679256, -0.000863856053911, 0.000531295896508], [-0.000326965702698, 0.00286712567322, -0.000930660928134, 0.00193997949827, -0.0035176423844, 0.00222363276407, -0.00134666997474, 0.00168053782545, -0.0016441217158, 0.00298670260236, -0.00360391079448, 0.00436347257346, -0.00364866107702], [0.000138984178193, -0.000930660928134, 0.00376556743868, -0.00212527415715, -0.000888891227078, -0.00190078956075, 0.00077445799252, -0.000880309264176, 0.000856981845573, -0.00224310252815, 0.00341475522146, -0.00275921239518, 0.00263920426369], [-0.000596088531893, 0.00193997949827, -0.00212527415715, 0.00515289558098, -0.00188301492017, 0.000946519954596, -0.0026965807192, 0.000509821053129, -0.00327996723354, 0.00445720274001, -0.0048666880466, 0.00584030663595, -0.000713592278771], [0.000149016312207, -0.0035176423844, -0.000888891227078, -0.00188301492017, 0.0173778124154, -0.0082423677668, -0.000811727251858, 0.001015581307, -0.00243795639835, -0.000169756633113, 0.000820224231575, -0.00308125815354, 0.00142851576675], [-0.000362152000889, 0.00222363276407, -0.00190078956075, 0.000946519954596, -0.0082423677668, 0.0167765300721, -0.00522299576551, 0.000995791517198, 0.00297695840709, -0.0074478876777, 0.00315532553941, 0.000655871815979, -0.00116251094732], [0.000693854002748, -0.00134666997474, 0.00077445799252, -0.0026965807192, -0.000811727251858, -0.00522299576551, 0.0190429314971, -0.00867588911206, -0.00178313371725, 0.00551063008606, -0.00395157188177, -0.00179700925946, 0.000639128440525], [-0.000367775384802, 0.00168053782545, -0.000880309264176, 0.000509821053129, 0.001015581307, 0.000995791517198, -0.00867588911206, 0.0180805120617, -0.00298818782903, -0.00652252649888, 0.00549772148952, -0.00392704037949, -0.00181876216084], [0.000332296651322, -0.0016441217158, 0.000856981845573, -0.00327996723354, -0.00243795639835, 0.00297695840709, -0.00178313371725, -0.00298818782903, 0.0149956503883, -0.007112944033, 0.000457328918856, 0.00252221431583, -0.00424246815965], [-0.000612897449173, 0.00298670260236, -0.00224310252815, 0.00445720274001, -0.000169756633113, -0.0074478876777, 0.00551063008606, -0.00652252649888, -0.007112944033, 0.0274752732366, -0.0187697708607, 0.00757857318968, -0.00132029794622], [0.000988637679256, -0.00360391079448, 0.00341475522146, -0.0048666880466, 0.000820224231575, 0.00315532553941, -0.00395157188177, 0.00549772148952, 0.000457328918856, -0.0187697708607, 0.0346278771758, -0.0180731695145, 0.00363577855751], [-0.000863856053911, 0.00436347257346, -0.00275921239518, 0.00584030663595, -0.00308125815354, 0.000655871815979, -0.00179700925946, -0.00392704037949, 0.00252221431583, 0.00757857318968, -0.0180731695145, 0.0279418621212, -0.0102640166879], [0.000531295896508, -0.00364866107702, 0.00263920426369, -0.000713592278771, 0.00142851576675, -0.00116251094732, 0.000639128440525, -0.00181876216084, -0.00424246815965, -0.00132029794622, 0.00363577855751, -0.0102640166879, 0.0226609669626]]
    },
    "melbands": {
        "dmean": [0.00665686093271, 0.00518521806225, 0.00232838327065, 0.000713059096597, 0.000274360383628, 0.000152317064931, 0.000103687154478, 8.63494715304e-05, 8.15830353531e-05, 9.73774222075e-05, 5.50248551008e-05, 6.31145157968e-05, 6.22957595624e-05, 6.19574711891e-05, 5.04491326865e-05, 2.12685936276e-05, 1.65372857737e-05, 1.93230480363e-05, 1.78248938028e-05, 1.21550692711e-05, 1.39829962791e-05, 1.50174755618e-05, 1.13365858851e-05, 9.08460970095e-06, 7.15659552952e-06, 6.52073276797e-06, 6.91360128258e-06, 5.09970550411e-06, 5.65653363083e-06, 4.83915391669e-06, 4.68056668979e-06, 4.39093855675e-06, 3.71057694792e-06, 4.50445031674e-06, 4.43400949734e-06, 3.89994511352e-06, 3.31663295583e-06, 3.96793211621e-06, 3.80322853744e-06, 5.61388151255e-06],
        "dmean2": [0.0108182765543, 0.00825584866107, 0.00393537385389, 0.00123328575864, 0.000461339019239, 0.000251714140177, 0.000163617849466, 0.000138632836752, 0.000130823565996, 0.000159331044415, 9.01046805666e-05, 0.000106369814603, 0.000105798106233, 0.000106964995211, 8.28212941997e-05, 3.6110777728e-05, 2.80000676867e-05, 3.32721210725e-05, 3.15508550557e-05, 2.09734716918e-05, 2.44185030169e-05, 2.64095615421e-05, 1.98088382604e-05, 1.55042471306e-05, 1.21237890198e-05, 1.10326282083e-05, 1.14991125884e-05, 8.50728429214e-06, 9.59668432188e-06, 8.32433215692e-06, 7.78000594437e-06, 7.16175190973e-06, 5.99378518018e-06, 7.23449329598e-06, 6.97807718097e-06, 6.04821389061e-06, 5.06689093527e-06, 6.03647686148e-06, 5.84357258049e-06, 8.39281710796e-06],
        "dvar": [9.93368521449e-05, 7.72178464103e-05, 4.10833199567e-05, 4.56271436633e-06, 1.08101028218e-06, 1.37652662602e-07, 3.26677067619e-08, 1.96950828979e-08, 2.05720702695e-08, 3.59364804581e-08, 1.06933066846e-08, 2.61268944257e-08, 2.09308446131e-08, 2.60955683729e-08, 1.78418009256e-08, 2.09879202906e-09, 8.920219563e-10, 8.48748737958e-10, 1.4008760818e-09, 3.28275573391e-10, 5.5764864948e-10, 6.23250839826e-10, 3.66773889038e-10, 2.15868475872e-10, 1.0980071713e-10, 9.10526237741e-11, 1.07154014828e-10, 5.23505648553e-11, 7.68072064283e-11, 5.50972982516e-11, 4.35134948906e-11, 4.01426010488e-11, 2.48481773352e-11, 5.06014743995e-11, 6.11650313731e-11, 4.26881342774e-11, 3.07390432552e-11, 4.95517238353e-11, 5.21138375509e-11, 1.57046126104e-10],
        "dvar2": [0.000256449828157, 0.000199244459509, 0.000109976070235, 1.27874855025e-05, 3.11928715746e-06, 3.97794082119e-07, 7.60594289773e-08, 5.02272108349e-08, 4.88909854823e-08, 8.71767085187e-08, 2.66884736533e-08, 7.20491897255e-08, 5.84176262919e-08, 7.48665911487e-08, 4.37035154732e-08, 5.38215605417e-09, 2.15583861873e-09, 2.26519447644e-09, 4.06667233221e-09, 9.08276898137e-10, 1.50246015629e-09, 1.74089243021e-09, 1.03203323665e-09, 5.80783698911e-10, 2.9693270065e-10, 2.48039061512e-10, 2.88393586789e-10, 1.37491726337e-10, 2.12263817634e-10, 1.52252835339e-10, 1.14106675497e-10, 1.02229717747e-10, 6.10871908613e-11, 1.20974785744e-10, 1.39618275274e-10, 9.40630906499e-11, 6.68654853708e-11, 9.72900371377e-11, 1.18408380323e-10, 3.52075119059e-10],
        "max": [0.133238255978, 0.173862963915, 0.13373182714, 0.0510063245893, 0.021770561114, 0.0107290782034, 0.00577312521636, 0.00413689529523, 0.00538765639067, 0.00665488559753, 0.00295638781972, 0.0041959262453, 0.00253682630137, 0.00371125363745, 0.00334209995344, 0.00102213339414, 0.00101629609708, 0.000492846069392, 0.0007390108658, 0.000271694065304, 0.000442383694462, 0.000374910159735, 0.000207253309782, 0.000246211857302, 0.000174310465809, 0.000121829201817, 0.000143626268255, 9.43207269302e-05, 0.000128459796542, 9.70313340076e-05, 7.14064444765e-05, 7.35682988307e-05, 7.10196618456e-05, 8.5760744696e-05, 8.49664138514e-05, 6.81229430484e-05, 5.69109142816e-05, 6.98354051565e-05, 7.513291348e-05, 0.000106636798591],
        "mean": [0.0140004754066, 0.0114532718435, 0.00245902803726, 0.000865875335876, 0.000427409802796, 0.000246436422458, 0.000176694084075, 0.000142270553624, 0.000137111652293, 0.000146492660861, 8.59141437104e-05, 9.30732057896e-05, 8.86209381861e-05, 8.42789304443e-05, 7.55451255827e-05, 3.24829634337e-05, 2.5686194931e-05, 2.84956295218e-05, 2.52628560702e-05, 1.9790364604e-05, 2.01038874366e-05, 2.12032828131e-05, 1.71452356881e-05, 1.55130055646e-05, 1.35735353979e-05, 1.2567415979e-05, 1.28012516143e-05, 1.01558825918e-05, 1.08691474452e-05, 9.30577516556e-06, 9.92381683318e-06, 8.921438166e-06, 7.83697942097e-06, 8.25198276289e-06, 7.62959552958e-06, 6.93191077517e-06, 6.04901561019e-06, 6.68062421028e-06, 5.98826500209e-06, 7.52287769501e-06],
        "median": [0.0092567037791, 0.00777612812817, 0.000741881900467, 0.000393539638026, 0.000207579825656, 0.000148681981955, 0.000108424937935, 8.98681100807e-05, 8.34662641864e-05, 7.73699139245e-05, 4.40426301793e-05, 3.62873615813e-05, 3.40878686984e-05, 2.89398194582e-05, 2.11635488085e-05, 1.77905621968e-05, 1.64662033058e-05, 1.70097591763e-05, 1.59616902238e-05, 1.37561728479e-05, 1.25406650113e-05, 1.28199517349e-05, 1.12377492769e-05, 9.56701478572e-06, 8.91259514901e-06, 8.42305325932e-06, 8.05799209047e-06, 7.20300204193e-06, 7.85178599472e-06, 6.46315447739e-06, 6.66713731334e-06, 6.28276893622e-06, 5.83063228987e-06, 5.34147329745e-06, 4.78697074868e-06, 4.37701055489e-06, 3.95404731535e-06, 3.91042431147e-06, 3.17226522384e-06, 3.16583555104e-06],
        "min": [8.32354199028e-24, 6.41037127939e-24, 7.18606215179e-24, 1.10210510668e-23, 3.37935705567e-24, 4.79714165631e-24, 1.26247066795e-23, 1.12531497224e-23, 6.45670265807e-24, 5.90194017078e-24, 5.63245897467e-24, 2.26520383415e-24, 4.69869457635e-24, 7.51317121475e-24, 8.2306512521e-24, 1.24178484175e-23, 1.12767540184e-23, 9.25483962055e-24, 1.27183089702e-23, 5.88064013748e-24, 8.11303761316e-24, 7.47947423233e-24, 8.83449114289e-24, 1.15929413021e-23, 1.10066543553e-23, 5.56124376759e-24, 1.00340188359e-23, 1.02382131146e-23, 8.74290202521e-24, 8.83148084968e-24, 7.03870609014e-24, 9.89264391761e-24, 1.04570234082e-23, 1.13325698717e-23, 9.60044431629e-24, 1.07349730261e-23, 8.91111872464e-24, 9.99417268269e-24, 1.14836217467e-23, 1.09397770943e-23],
        "var": [0.000246516457992, 0.000141268625157, 3.14219250868e-05, 3.4378520013e-06, 8.57638269736e-07, 1.34656332307e-07, 6.54099849839e-08, 3.45252608724e-08, 3.93877499505e-08, 6.12939246025e-08, 2.12803961119e-08, 3.93350063632e-08, 3.31376917018e-08, 3.50456659248e-08, 3.37264012273e-08, 3.36713235072e-09, 1.44102474398e-09, 1.16427412156e-09, 1.25888255376e-09, 4.29957264236e-10, 6.60567878175e-10, 6.71293076682e-10, 3.77030323628e-10, 3.53157725286e-10, 2.08459541295e-10, 1.78878398205e-10, 1.98099522897e-10, 1.07603682908e-10, 1.43354259019e-10, 9.58446863542e-11, 1.01869783442e-10, 8.68203703375e-11, 6.3064900524e-11, 9.05309299748e-11, 9.42053240971e-11, 7.62948801358e-11, 5.53802455283e-11, 8.31602495199e-11, 7.54899753819e-11, 1.95081492627e-10]
    },
    "mfcc": {
        "mean": [-609.231750488, 96.7257156372, 24.3052196503, 24.7945308685, 12.9561834335, 12.0718994141, 9.34018993378, 10.0719032288, 9.20986747742, 5.18989419937, 4.24811315536, 4.02839040756, 2.66718220711],
        "cov": [[8360.74707031, -806.323974609, 1105.93896484, 626.269775391, 540.520202637, 423.743103027, 324.329193115, 234.740905762, 84.2480010986, 203.454071045, 231.461898804, 78.9981918335, 41.0579986572], [-806.323974609, 1934.15490723, -317.472076416, 3.75979661942, 35.7422714233, -19.0122871399, -162.787002563, -82.9187927246, 105.317344666, -30.084318161, -95.1851959229, -27.3250408173, 14.8042631149], [1105.93896484, -317.472076416, 572.763244629, 317.894805908, 212.236206055, 186.926055908, 122.500076294, 94.162979126, 69.5474472046, 112.339302063, 105.420715332, 28.7965145111, 11.1330804825], [626.269775391, 3.75979661942, 317.894805908, 512.02154541, 174.745056152, 160.227279663, 29.8527698517, 112.019798279, 90.7691650391, 129.483856201, 82.3901138306, 26.5257663727, -1.10602366924], [540.520202637, 35.7422714233, 212.236206055, 174.745056152, 194.19102478, 136.832702637, 45.9074211121, 36.3795661926, 60.1555480957, 74.9011459351, 58.2574691772, 21.7786922455, 14.126830101], [423.743103027, -19.0122871399, 186.926055908, 160.227279663, 136.832702637, 177.50743103, 61.3094482422, 42.9717254639, 47.8529701233, 69.4577865601, 58.1636314392, 22.8486251831, 9.93342494965], [324.329193115, -162.787002563, 122.500076294, 29.8527698517, 45.9074211121, 61.3094482422, 127.866027832, 43.1627349854, 14.4688463211, 14.937212944, 39.4692344666, 24.2474155426, 4.64049386978], [234.740905762, -82.9187927246, 94.162979126, 112.019798279, 36.3795661926, 42.9717254639, 43.1627349854, 106.546043396, 45.9043617249, 26.9317302704, 20.2716884613, 17.2393226624, 13.2903766632], [84.2480010986, 105.317344666, 69.5474472046, 90.7691650391, 60.1555480957, 47.8529701233, 14.4688463211, 45.9043617249, 110.611373901, 72.6693878174, 26.825006485, 9.09658622742, 15.6890954971], [203.454071045, -30.084318161, 112.339302063, 129.483856201, 74.9011459351, 69.4577865601, 14.937212944, 26.9317302704, 72.6693878174, 118.527229309, 66.8638000488, 14.0046014786, 8.4733839035], [231.461898804, -95.1851959229, 105.420715332, 82.3901138306, 58.2574691772, 58.1636314392, 39.4692344666, 20.2716884613, 26.825006485, 66.8638000488, 100.154266357, 44.4501113892, 12.2304840088], [78.9981918335, -27.3250408173, 28.7965145111, 26.5257663727, 21.7786922455, 22.8486251831, 24.2474155426, 17.2393226624, 9.09658622742, 14.0046014786, 44.4501113892, 68.5181884766, 29.6692581177], [41.0579986572, 14.8042631149, 11.1330804825, -1.10602366924, 14.126830101, 9.93342494965, 4.64049386978, 13.2903766632, 15.6890954971, 8.4733839035, 12.2304840088, 29.6692581177, 56.2988777161]],
