{
"lowlevel": {
    "average_loudness": 0.60895717144,
    "barkbands_crest": {
        "dmean": 2.9862241745,
        "dmean2": 4.824177742,
        "dvar": 8.02786254883,
        "dvar2": 18.9344902039,
        "max": 26.2987728119,
        "mean": 10.659863472,
        "median": 9.90518760681,
        "min": 2.10151743889,
        "var": 27.4050827026
    },
    "barkbands_flatness_db": {
        "dmean": 0.0212785359472,
        "dmean2": 0.0336559973657,
        "dvar": 0.000648504705168,
        "dvar2": 0.00156480260193,
        "max": 0.407846540213,
        "mean": 0.0849823206663,
        "median": 0.0766942948103,
        "min": 0.00887566339225,
        "var": 0.00184847519267
    },
    "barkbands_kurtosis": {
        "dmean": 2.68629288673,
        "dmean2": 4.47617816925,
        "dvar": 125.359184265,
        "dvar2": 341.317230225,
        "max": 348.183776855,
        "mean": 2.22216558456,
        "median": 0.0927940607071,
        "min": -1.7538356781,
        "var": 103.379096985
    },
    "barkbands_skewness": {
        "dmean": 0.543001115322,
        "dmean2": 0.856189846992,
        "dvar": 0.679595828056,
        "dvar2": 1.69427037239,
        "max": 16.809835434,
        "mean": 1.20709431171,
        "median": 0.968543291092,
        "min": -2.12619829178,
        "var": 1.47010183334
    },
    "barkbands_spread": {
        "dmean": 8.09184074402,
        "dmean2": 12.8349351883,
        "dvar": 71.3774642944,
        "dvar2": 178.360824585,
        "max": 106.769897461,
        "mean": 37.9588546753,
        "median": 36.533416748,
        "min": 0.53104108572,
        "var": 268.603027344
    },
    "dissonance": {
        "dmean": 0.0130157005042,
        "dmean2": 0.0223871953785,
        "dvar": 0.000185278244317,
        "dvar2": 0.000512912345584,
        "max": 0.500000119209,
        "mean": 0.481872797012,
        "median": 0.486693918705,
        "min": 0.317461460829,
        "var": 0.000289880059427
    },
    "dynamic_complexity": 2.27214407921,
    "erbbands_crest": {
        "dmean": 2.18359255791,
        "dmean2": 3.55473423004,
        "dvar": 5.52870035172,
        "dvar2": 13.5990428925,
        "max": 33.4119682312,
        "mean": 6.82917690277,
        "median": 5.83743715286,
        "min": 2.26428842545,
        "var": 13.833029747
    },
    "erbbands_flatness_db": {
        "dmean": 0.0133245056495,
        "dmean2": 0.0203381273896,
        "dvar": 0.000192257270101,
        "dvar2": 0.000439824623754,
        "max": 0.370832830667,
        "mean": 0.112908549607,
        "median": 0.10450668633,
        "min": 0.0375720113516,
        "var": 0.0016438291641
    },
    "erbbands_kurtosis": {
        "dmean": 0.637650549412,
        "dmean2": 1.02386081219,
        "dvar": 1.20528590679,
        "dvar2": 3.26305818558,
        "max": 35.1131057739,
        "mean": -0.107305139303,
        "median": -0.443101167679,
        "min": -1.87571299076,
        "var": 1.91458189487
    },
    "erbbands_skewness": {
        "dmean": 0.330711722374,
        "dmean2": 0.506744384766,
        "dvar": 0.0911622568965,
        "dvar2": 0.209762111306,
        "max": 4.11117506027,
        "mean": 0.171338960528,
        "median": 0.128000974655,
        "min": -2.93284606934,
        "var": 0.371628761292
    },
    "erbbands_spread": {
        "dmean": 8.92173480988,
        "dmean2": 13.973903656,
        "dvar": 113.139900208,
        "dvar2": 270.00680542,
        "max": 183.960189819,
        "mean": 45.7063102722,
        "median": 43.7761001587,
        "min": 3.57779383659,
        "var": 355.245727539
    },
    "hfc": {
        "dmean": 13.2417602539,
        "dmean2": 21.6227893829,
        "dvar": 256.33013916,
        "dvar2": 699.09588623,
        "max": 211.467956543,
        "mean": 48.2023048401,
        "median": 45.4306755066,
        "min": 1.17564242317e-16,
        "var": 810.62097168
    },
    "melbands_crest": {
        "dmean": 3.97737622261,
        "dmean2": 6.34546518326,
        "dvar": 14.4956789017,
        "dvar2": 35.3341674805,
        "max": 36.8530769348,
        "mean": 16.4026451111,
        "median": 16.0710887909,
        "min": 2.53112912178,
        "var": 56.892250061
    },
    "melbands_flatness_db": {
        "dmean": 0.0277832280844,
        "dmean2": 0.0438467040658,
        "dvar": 0.000991446315311,
        "dvar2": 0.00235262000933,
        "max": 0.521471202374,
        "mean": 0.144846171141,
        "median": 0.138137429953,
        "min": 0.00752742867917,
        "var": 0.00365307321772
    },
    "melbands_kurtosis": {
        "dmean": 11.5251083374,
        "dmean2": 19.0523319244,
        "dvar": 2076.16162109,
        "dvar2": 5604.86767578,
        "max": 1303.18554688,
        "mean": 15.7178163528,
        "median": 5.60134840012,
        "min": -1.49786472321,
        "var": 1908.41162109
    },
    "melbands_skewness": {
        "dmean": 0.938955724239,
        "dmean2": 1.48250043392,
        "dvar": 2.4005343914,
        "dvar2": 5.88187551498,
        "max": 29.7824459076,
        "mean": 2.75227928162,
        "median": 2.15130448341,
        "min": -0.699802041054,
        "var": 5.4458656311
    },
    "melbands_spread": {
        "dmean": 9.92954730988,
        "dmean2": 15.7751293182,
        "dvar": 108.303108215,
        "dvar2": 255.236312866,
        "max": 165.789123535,
        "mean": 34.8848838806,
        "median": 33.070930481,
        "min": 0.387713164091,
        "var": 334.424285889
    },
    "pitch_salience": {
        "dmean": 0.0839041247964,
        "dmean2": 0.133995205164,
        "dvar": 0.00663879560307,
        "dvar2": 0.0156866703182,
        "max": 0.987116456032,
        "mean": 0.518205106258,
        "median": 0.527021765709,
        "min": 0.0497635416687,
        "var": 0.0226404517889
    },
    "silence_rate_20dB": {
        "dmean": 0,
        "dmean2": 0,
        "dvar": 0,
        "dvar2": 0,
        "max": 1,
        "mean": 1,
        "median": 1,
        "min": 1,
        "var": 0
    },
    "silence_rate_30dB": {
        "dmean": 0.0204603578895,
        "dmean2": 0.0409249030054,
        "dvar": 0.0200384445488,
        "dvar2": 0.0447769351304,
        "max": 1,
        "mean": 0.959083497524,
        "median": 1,
        "min": 0,
        "var": 0.0392445363104
    },
    "silence_rate_60dB": {
        "dmean": 0.00695652188733,
        "dmean2": 0.0139144668356,
        "dvar": 0.00690751243383,
        "dvar2": 0.0153587795794,
        "max": 1,
        "mean": 0.038359247148,
        "median": 0,
        "min": 0,
        "var": 0.0368826948106
    },
    "spectral_centroid": {
        "dmean": 325.015167236,
        "dmean2": 502.219207764,
        "dvar": 99887.984375,
        "dvar2": 218529.359375,
        "max": 11101.0546875,
        "mean": 2142.33740234,
        "median": 2197.17480469,
        "min": 359.028411865,
        "var": 344673.875
    },
    "spectral_complexity": {
        "dmean": 5.60122776031,
        "dmean2": 9.06773090363,
        "dvar": 30.1843452454,
        "dvar2": 73.1930541992,
        "max": 61,
        "mean": 31.8417549133,
        "median": 34,
        "min": 0,
        "var": 159.344848633
    },
    "spectral_decrease": {
        "dmean": 2.68597233344e-09,
        "dmean2": 4.21905177461e-09,
        "dvar": 1.21405108253e-17,
        "dvar2": 2.80163790453e-17,
        "max": -4.77718948152e-29,
        "mean": -1.01665547092e-08,
        "median": -9.14001319074e-09,
        "min": -6.33020107443e-08,
        "var": 5.57203418995e-17
    },
    "spectral_energy": {
        "dmean": 0.0105668138713,
        "dmean2": 0.0166226997972,
        "dvar": 0.000174000713741,
        "dvar2": 0.000403840444051,
        "max": 0.242123514414,
        "mean": 0.0427428856492,
        "median": 0.0396393798292,
        "min": 1.0843729562e-20,
        "var": 0.0008445380372
    },
    "spectral_energyband_high": {
        "dmean": 0.00124324555509,
        "dmean2": 0.00202910229564,
        "dvar": 2.40179451794e-06,
        "dvar2": 6.35630522083e-06,
        "max": 0.0198962260038,
        "mean": 0.00359636987559,
        "median": 0.00300769833848,
        "min": 7.87226819614e-21,
        "var": 7.4508589023e-06
    },
    "spectral_energyband_low": {
        "dmean": 0.00911047775298,
        "dmean2": 0.0143709331751,
        "dvar": 0.000210076919757,
        "dvar2": 0.000481929368107,
        "max": 0.236178144813,
        "mean": 0.0215286314487,
        "median": 0.0159356482327,
        "min": 1.17088680409e-22,
        "var": 0.000687875144649
    },
    "spectral_energyband_middle_high": {
        "dmean": 0.0033806967549,
        "dmean2": 0.00549378897995,
        "dvar": 2.04354728339e-05,
        "dvar2": 5.06476644659e-05,
        "max": 0.0578759536147,
        "mean": 0.00915818288922,
        "median": 0.00765090249479,
        "min": 1.68402027468e-21,
        "var": 5.37773266842e-05
    },
    "spectral_energyband_middle_low": {
        "dmean": 0.0044640363194,
        "dmean2": 0.00717614963651,
        "dvar": 3.92563852074e-05,
        "dvar2": 9.42065526033e-05,
        "max": 0.0846766605973,
        "mean": 0.00937721133232,
        "median": 0.00660368148237,
        "min": 2.47044704545e-22,
        "var": 9.03768450371e-05
    },
    "spectral_entropy": {
        "dmean": 0.105533085763,
        "dmean2": 0.168770313263,
        "dvar": 0.0132608478889,
        "dvar2": 0.0338189043105,
        "max": 9.81668567657,
        "mean": 8.13427066803,
        "median": 8.19281959534,
        "min": 5.72526264191,
        "var": 0.0748409181833
    },
    "spectral_flux": {
        "dmean": 0.0248280987144,
        "dmean2": 0.0384122133255,
        "dvar": 0.000667758227792,
        "dvar2": 0.00152686412912,
        "max": 0.358084648848,
        "mean": 0.113534629345,
        "median": 0.109938248992,
        "min": 1.04133229817e-10,
        "var": 0.00244420534
    },
    "spectral_kurtosis": {
        "dmean": 0.588982284069,
        "dmean2": 0.96845382452,
        "dvar": 0.360119193792,
        "dvar2": 0.99769705534,
        "max": 16.7267742157,
        "mean": 2.64674949646,
        "median": 2.4241104126,
        "min": -1.18163394928,
        "var": 1.38501811028
    },
    "spectral_rms": {
        "dmean": 0.000767570687458,
        "dmean2": 0.00120155641343,
        "dvar": 6.25592292636e-07,
        "dvar2": 1.43881175063e-06,
        "max": 0.0153693873435,
        "mean": 0.00605317112058,
        "median": 0.00621872674674,
        "min": 3.25257572611e-12,
        "var": 5.05961088493e-06
    },
    "spectral_rolloff": {
        "dmean": 934.334960938,
        "dmean2": 1509.57080078,
        "dvar": 1273358.75,
        "dvar2": 2875969.75,
        "max": 18970.7519531,
        "mean": 2648.36499023,
        "median": 2347.11914062,
        "min": 43.06640625,
        "var": 3642862.75
    },
    "spectral_skewness": {
        "dmean": 0.120992675424,
        "dmean2": 0.194872587919,
        "dvar": 0.0120176710188,
        "dvar2": 0.0301991738379,
        "max": 2.94018602371,
        "mean": 1.28643202782,
        "median": 1.25626313686,
        "min": -0.0307056345046,
        "var": 0.05192014575
    },
    "spectral_spread": {
        "dmean": 479715.96875,
        "dmean2": 747510.6875,
        "dvar": 321639514112,
        "dvar2": 577871216640,
        "max": 40201484,
        "mean": 6060644.5,
        "median": 6177479,
        "min": 2230460.75,
        "var": 1.95694480589e+12
    },
    "spectral_strongpeak": {
        "dmean": 0.48063659668,
        "dmean2": 0.829665899277,
        "dvar": 0.810225605965,
        "dvar2": 2.03236222267,
        "max": 11.0635728836,
        "mean": 0.865893185139,
        "median": 0.480772137642,
        "min": 0,
        "var": 1.21707773209
    },
    "zerocrossingrate": {
        "dmean": 0.0142499702051,
        "dmean2": 0.017715357244,
        "dvar": 0.000192797495401,
        "dvar2": 0.000271110009635,
        "max": 0.4775390625,
        "mean": 0.101109832525,
        "median": 0.09814453125,
        "min": 0.00390625,
        "var": 0.00188625755254
    },
    "barkbands": {
        "dmean": [0.00104050745722, 0.00801696255803, 0.00271866447292, 0.00159177568275, 0.00132363825105, 0.000507869175635, 0.000822532223538, 0.00106725015212, 0.00156580191106, 0.00119203573558, 0.00114466040395, 0.000902400293853, 0.000526689342223, 0.000411369139329, 0.000390733534005, 0.000331455114065, 0.000325332861394, 0.000280567794107, 0.000282335357042, 0.000285172805889, 0.000336896860972, 0.000293249991955, 0.000257595907897, 0.000195498185349, 0.00017719322932, 0.000138206974952, 6.35648757452e-05],
        "dmean2": [0.00157138856594, 0.011884957552, 0.00445961905643, 0.00277294777334, 0.00234521902166, 0.000768520811107, 0.00134070846252, 0.00168246554676, 0.00249874498695, 0.00197546556592, 0.00189443468116, 0.00148071744479, 0.000888852926437, 0.000683153280988, 0.000661662081257, 0.000558269734029, 0.000538641179446, 0.000471872917842, 0.000476434768643, 0.000469050864922, 0.000544144888408, 0.000475864944747, 0.000442451302661, 0.000327548477799, 0.000301389576634, 0.000233120896155, 0.000104493781691],
        "dvar": [1.23597947095e-05, 0.000173530672328, 3.53790164809e-05, 1.48206336235e-05, 8.83661687112e-06, 1.69914153503e-06, 3.08903349833e-06, 7.62942545407e-06, 7.30528154236e-06, 3.9184956222e-06, 7.88765009929e-06, 2.88086539513e-06, 8.24579558412e-07, 4.39553730303e-07, 3.80230090968e-07, 2.51554979513e-07, 1.67868478229e-07, 1.26732516037e-07, 1.1320247495e-07, 1.18124916071e-07, 1.88499996057e-07, 1.91134944316e-07, 1.29718102926e-07, 8.09439413274e-08, 7.39155936458e-08, 4.85786948445e-08, 1.0320086119e-08],
        "dvar2": [2.66818078671e-05, 0.000374121795176, 9.16911740205e-05, 4.04362290283e-05, 2.4553590265e-05, 3.04887748825e-06, 7.97555003373e-06, 1.58034345077e-05, 1.6165404304e-05, 9.80014374363e-06, 1.88064423128e-05, 6.47860542813e-06, 2.2086323952e-06, 1.14566773846e-06, 1.00119916624e-06, 6.42730014988e-07, 4.25471398557e-07, 3.36348307428e-07, 3.07361631258e-07, 2.9731199902e-07, 4.5719315267e-07, 4.45939434712e-07, 3.50225690227e-07, 2.16354408167e-07, 2.07689978993e-07, 1.33858662821e-07, 2.73140603468e-08],
        "max": [0.0977408438921, 0.200237140059, 0.0924450308084, 0.0759415179491, 0.0697176232934, 0.0680421292782, 0.0344179943204, 0.0762420594692, 0.0665819123387, 0.04002757743, 0.0513255521655, 0.0401403643191, 0.0203450545669, 0.0157079622149, 0.00934048742056, 0.00952166318893, 0.00806071981788, 0.00617746030912, 0.00649255141616, 0.00532820262015, 0.00579559244215, 0.0109524615109, 0.00669222185388, 0.00443627405912, 0.00435332581401, 0.00315217627212, 0.00126401451416],
        "mean": [0.00161222706083, 0.0162607394159, 0.00296601559967, 0.00140113383532, 0.00130121479742, 0.000790886522736, 0.00117579160724, 0.00166921981145, 0.00263144494966, 0.00173343066126, 0.0015976454597, 0.00132934923749, 0.00080913642887, 0.000659490644466, 0.000613490759861, 0.000566111062653, 0.000605809269473, 0.00053985445993, 0.000579114246648, 0.000634657102637, 0.000707265979145, 0.000658150529489, 0.000547854462638, 0.000470346742077, 0.000433446344687, 0.000325886590872, 0.000123210294987],
        "median": [0.000124214246171, 0.00781094562262, 0.000798707245849, 0.000362785620382, 0.000516018946655, 0.000263767200522, 0.000427932274761, 0.00054372928571, 0.00132420496084, 0.000944244617131, 0.000645095540676, 0.000611328054219, 0.000435196183389, 0.000397375319153, 0.000384093727916, 0.000391923822463, 0.000449143932201, 0.000431318214396, 0.000467407313408, 0.000506947748363, 0.000533645623364, 0.000508091005031, 0.000409502070397, 0.000346635613823, 0.000308352522552, 0.000228043048992, 6.17050245637e-05],
        "min": [2.4387662495e-24, 4.27368487738e-23, 6.91614739773e-23, 1.4975143779e-23, 7.23024404229e-23, 3.22409282121e-23, 3.63825962704e-23, 2.37698479333e-23, 5.44244478625e-23, 6.81642906842e-23, 2.73506279994e-23, 9.93530867081e-23, 1.35483174914e-22, 2.45928359079e-22, 1.79821651139e-22, 1.62845932438e-22, 1.07754423794e-22, 2.3709609568e-22, 1.97239548465e-22, 3.4299985179e-22, 3.33411947996e-22, 9.0695073216e-22, 6.61916651046e-22, 8.9052313926e-22, 1.07813985948e-21, 1.73641588589e-21, 2.36609783757e-21],
        "var": [3.23717176798e-05, 0.000509181525558, 3.43390420312e-05, 1.15595721581e-05, 6.63899390929e-06, 6.45642421659e-06, 5.09628762302e-06, 2.49725690082e-05, 1.59197188623e-05, 6.32314777249e-06, 1.22323999676e-05, 5.35342132935e-06, 1.38310952025e-06, 8.13984229353e-07, 5.85188445257e-07, 4.25475946031e-07, 3.46287066577e-07, 2.22857678978e-07, 2.29838093446e-07, 2.92024111559e-07, 4.07713997674e-07, 3.9468679347e-07, 2.49923942874e-07, 1.97462469487e-07, 1.77169994231e-07, 1.04858742134e-07, 2.3225148027e-08]
    },
    "erbbands": {
        "dmean": [0.323616117239, 1.60574054718, 2.81082749367, 4.39443874359, 4.87662410736, 4.01103544235, 2.60487699509, 5.06433200836, 9.6314163208, 17.8363285065, 23.19348526, 33.5979995728, 36.8614006042, 32.1193466187, 49.0451965332, 30.9615402222, 24.0754547119, 18.6349868774, 19.245973587, 20.7545642853, 17.4829673767, 17.5768356323, 14.4093589783, 15.0764465332, 12.9587802887, 13.9628696442, 16.181230545, 11.0771789551, 10.1378192902, 11.2682571411, 6.07154226303, 4.55417203903, 3.14557242393, 2.1083920002, 1.29732382298, 0.665384709835, 0.249783560634, 0.0877392664552, 0.0105819627643, 0.00014526884479],
        "dmean2": [0.47008651495, 2.37042117119, 4.49923563004, 7.34200191498, 8.43087005615, 7.13160467148, 4.47058153152, 7.59963846207, 15.7597208023, 28.1221923828, 36.4586677551, 54.023853302, 60.135761261, 52.7999992371, 80.959022522, 50.6779785156, 39.8539466858, 30.9386730194, 32.4124450684, 34.7325935364, 29.3131580353, 28.9191226959, 24.1264038086, 25.5009365082, 21.5601329803, 22.8091812134, 26.0722255707, 18.4833393097, 16.5847892761, 18.5384426117, 10.4309854507, 7.65807247162, 5.29026937485, 3.59733343124, 2.21479773521, 1.14149606228, 0.41973438859, 0.143700405955, 0.0173770356923, 0.000237369866227],
        "dvar": [0.443749248981, 6.19236326218, 32.0147094727, 100.792770386, 116.224235535, 89.8820800781, 27.6199302673, 204.903778076, 654.856994629, 1648.26660156, 2339.13208008, 3672.58837891, 3514.94628906, 2793.3203125, 16887.359375, 3622.57470703, 1597.46276855, 962.001220703, 937.392822266, 1053.40588379, 645.470092773, 518.296875, 305.680480957, 335.077606201, 256.127685547, 300.742858887, 531.107055664, 197.684265137, 181.093276978, 402.025177002, 65.9707641602, 44.3315505981, 21.3255138397, 10.5675392151, 4.09456062317, 1.22430682182, 0.150719136, 0.0185300409794, 0.000291705131531, 5.13799278679e-08],
        "dvar2": [0.919430673122, 13.465180397, 80.2910385132, 263.182769775, 311.280822754, 252.130889893, 77.4172515869, 370.531219482, 1688.14208984, 3551.40332031, 4871.26757812, 8370.51855469, 8544.7578125, 6903.75439453, 40630.6679688, 7917.16650391, 4162.79785156, 2495.94799805, 2460.03344727, 2687.18188477, 1623.57226562, 1305.85913086, 808.288208008, 924.389282227, 685.14654541, 736.925231934, 1238.20239258, 523.990356445, 446.361968994, 925.342346191, 180.741149902, 119.589752197, 56.8023338318, 29.4739551544, 11.4787244797, 3.43744635582, 0.414121538401, 0.0497574061155, 0.000774252228439, 1.36733703471e-07],
        "max": [12.1799192429, 34.2893867493, 93.3336181641, 215.995162964, 165.827651978, 264.12701416, 114.53453064, 731.481567383, 629.460144043, 1184.08325195, 1622.85314941, 1476.5090332, 875.43572998, 1171.9777832, 2295.65332031, 1757.14318848, 1008.47192383, 905.748596191, 501.930847168, 561.533996582, 557.398742676, 495.017211914, 304.161071777, 340.365142822, 379.081451416, 311.405487061, 316.560577393, 316.796783447, 236.561584473, 519.765258789, 102.983100891, 109.764930725, 95.4411468506, 79.4098434448, 33.0028457642, 20.206287384, 5.65391588211, 1.75319170952, 0.2137273103, 0.0028256890364],
        "mean": [0.600873112679, 3.08318209648, 3.91387081146, 4.45740699768, 4.60047149658, 4.02947568893, 3.52777457237, 8.03334522247, 13.8680696487, 28.3759040833, 38.7342834473, 56.0435714722, 58.6244239807, 53.2371139526, 70.0495758057, 50.0223884583, 40.3001785278, 31.1073970795, 31.7253646851, 34.8723258972, 31.9577083588, 34.389667511, 29.8017883301, 30.473947525, 28.8482818604, 31.1036434174, 31.2736320496, 24.7209587097, 22.9314365387, 22.750837326, 13.9296712875, 10.5517215729, 7.34674453735, 4.92960071564, 3.00419306755, 1.48298203945, 0.573629379272, 0.19492650032, 0.0200669337064, 0.000343694962794],
        "median": [0.177616715431, 1.5432369709, 1.78746747971, 1.4035435915, 1.52219057083, 1.55821573734, 1.76263463497, 2.41591501236, 4.47497749329, 9.97483253479, 16.7007083893, 28.8370170593, 33.170135498, 30.7662506104, 30.1795845032, 25.0270824432, 22.1601829529, 19.5328941345, 20.5498027802, 22.1628570557, 22.8536872864, 25.8796310425, 24.4102497101, 25.0671424866, 23.515953064, 24.5957298279, 22.5653800964, 19.8156852722, 18.2611446381, 16.1510372162, 10.4456663132, 7.66275501251, 5.37057161331, 3.48362350464, 2.10653543472, 1.04043722153, 0.389974176884, 0.118112437427, 0.00972424540669, 0.000218454282731],
        "min": [5.42581963734e-22, 1.26377356766e-20, 8.37629002289e-20, 4.62399746219e-20, 1.71620279866e-19, 2.60635718824e-19, 1.56923154462e-19, 3.4152382392e-19, 5.44193853193e-19, 3.84630040947e-19, 6.33411848002e-19, 1.28475449014e-18, 2.07799619236e-18, 1.35114348912e-18, 1.70935663832e-18, 4.52442731494e-18, 7.13111992492e-18, 1.01334927265e-17, 1.07156864299e-17, 1.04105701076e-17, 8.08907448359e-18, 7.39533382028e-18, 1.27944442488e-17, 8.68783992334e-18, 1.74648151751e-17, 1.47820616535e-17, 1.2463169994e-17, 1.95163852217e-17, 2.02628379695e-17, 3.46007764259e-17, 1.78523724532e-17, 1.41695873494e-17, 1.57312480976e-17, 1.22514605608e-17, 7.96495189678e-18, 6.75699316489e-18, 3.11244510536e-18, 1.20382107106e-18, 2.9088080244e-19, 3.85649373031e-20],
        "var": [1.22053575516, 16.3922100067, 38.3072166443, 94.0834350586, 89.8832397461, 70.7381210327, 32.0900917053, 803.320617676, 1078.71765137, 4728.29785156, 6426.01416016, 7263.03857422, 6167.67236328, 5377.36767578, 24724.2480469, 7214.25634766, 3112.57202148, 1729.70861816, 1477.05712891, 1786.15258789, 1222.4888916, 1079.61035156, 596.598632812, 591.343017578, 575.260742188, 744.446350098, 977.813903809, 424.36529541, 404.513519287, 731.403808594, 154.563079834, 100.250595093, 51.154209137, 24.2415046692, 8.97805976868, 2.23672318459, 0.334769546986, 0.0465027056634, 0.000631467439234, 1.25634159076e-07]
    },
    "gfcc": {
        "mean": [68.0005645752, 29.2224006653, -108.970283508, 23.3181171417, -53.90965271, 24.9611606598, -19.073387146, 20.9087257385, -19.7803096771, 7.31104850769, -21.2814502716, 4.59556150436, -15.1809215546],
        "cov": [[3915.24267578, -248.797058105, 813.748352051, 83.0476150513, 219.191925049, 132.56149292, 170.217453003, 133.447067261, 155.468765259, 103.51348114, 42.7129554749, 92.7050018311, -57.3542022705], [-248.797058105, 857.244384766, -12.9131135941, 121.409515381, 18.8737125397, 1.34670174122, 19.2696094513, -9.69786167145, 10.8643255234, -26.5793380737, 34.4700889587, 40.7690696716, 45.2260055542], [813.748352051, -12.9131135941, 969.497375488, 346.942596436, 282.59072876, 200.517715454, 122.668403625, 108.952720642, 93.967338562, 77.8338775635, 26.7263660431, 16.257818222, -11.230635643], [83.0476150513, 121.409515381, 346.942596436, 372.056762695, 185.227752686, 132.249420166, 61.0812263489, 62.513004303, 32.2763366699, 15.3088169098, -6.26884412766, -4.53768396378, 7.03265094757], [219.191925049, 18.8737125397, 282.59072876, 185.227752686, 284.888977051, 166.452728271, 105.595054626, 57.8819503784, 49.4289207458, 25.773393631, 11.6605129242, -3.69096231461, -3.10575461388], [132.56149292, 1.34670174122, 200.517715454, 132.249420166, 166.452728271, 208.628616333, 115.557495117, 76.4823455811, 45.5469551086, 33.9597396851, 24.9354820251, 20.960691452, 6.67494058609], [170.217453003, 19.2696094513, 122.668403625, 61.0812263489, 105.595054626, 115.557495117, 167.691741943, 89.7286529541, 72.966468811, 45.9541854858, 40.5987586975, 28.7764453888, 10.6698789597], [133.447067261, -9.69786167145, 108.952720642, 62.513004303, 57.8819503784, 76.4823455811, 89.7286529541, 137.740722656, 91.423538208, 58.3112678528, 34.8645706177, 16.7636260986, 10.1659326553], [155.468765259, 10.8643255234, 93.967338562, 32.2763366699, 49.4289207458, 45.5469551086, 72.966468811, 91.423538208, 145.71937561, 91.9950332642, 52.4073524475, 30.294626236, 5.49153852463], [103.51348114, -26.5793380737, 77.8338775635, 15.3088169098, 25.773393631, 33.9597396851, 45.9541854858, 58.3112678528, 91.9950332642, 122.726409912, 73.1871414185, 32.4223899841, 14.1752347946], [42.7129554749, 34.4700889587, 26.7263660431, -6.26884412766, 11.6605129242, 24.9354820251, 40.5987586975, 34.8645706177, 52.4073524475, 73.1871414185, 106.9193573, 67.4620513916, 32.2782669067], [92.7050018311, 40.7690696716, 16.257818222, -4.53768396378, -3.69096231461, 20.960691452, 28.7764453888, 16.7636260986, 30.294626236, 32.4223899841, 67.4620513916, 105.056159973, 47.8767051697], [-57.3542022705, 45.2260055542, -11.230635643, 7.03265094757, -3.10575461388, 6.67494058609, 10.6698789597, 10.1659326553, 5.49153852463, 14.1752347946, 32.2782669067, 47.8767051697, 81.9488525391]],
        "icov": [[0.000359446712537, 5.98181686655e-05, -0.000346086948412, 0.00026736149448, -0.000164867014973, 0.000237428743276, -0.000172913365532, -0.000126248618471, -4.32046108472e-05, -7.06778082531e-05, 0.000362164661055, -0.000646527914796, 0.000410959473811], [5.98181686655e-05, 0.00143731629942, 0.000128851563204, -0.000832725432701, 0.000175936234882, 0.000303303997498, -0.000376991694793, 0.000651430280413, -0.000906728790142, 0.00137982703745, -0.00111250614282, 4.6880231821e-05, -0.000479112262838], [-0.000346086948412, 0.000128851563204, 0.00219163950533, -0.00153502484318, -0.000738520757295, -0.000285109708784, 0.00016104671522, -6.41184669803e-05, 4.33164204878e-05, -0.000718444411177, -4.98142799188e-06, -5.83350156376e-05, 0.000258388492512], [0.00026736149448, -0.000832725432701, -0.00153502484318, 0.00581454206258, -0.0021145476494, -0.00096339994343, 0.00124667375349, -0.00180854951032, 0.000840924039949, -0.000646730244625, 0.0018788104644, -0.000402626552386, -0.000451591651654], [-0.000164867014973, 0.000175936234882, -0.000738520757295, -0.0021145476494, 0.00910233613104, -0.00494522042572, -0.00187669985462, 0.00279012764804, -0.00240398128517, 0.00189289241098, -0.00180439080577, 0.00308137875982, -0.000742067757528], [0.000237428743276, 0.000303303997498, -0.000285109708784, -0.00096339994343, -0.00494522042572, 0.0128244496882, -0.00459932722151, -0.00303419027478, 0.00316135352477, -0.00161560310517, 0.00123651279137, -0.0030410697218, 0.00114287051838], [-0.000172913365532, -0.000376991694793, 0.00016104671522, 0.00124667375349, -0.00187669985462, -0.00459932722151, 0.0135059366003, -0.00475585833192, -0.00197856384329, 0.00128509767819, -0.00165655952878, -0.000526866584551, 7.6968999565e-06], [-0.000126248618471, 0.000651430280413, -6.41184669803e-05, -0.00180854951032, 0.00279012764804, -0.00303419027478, -0.00475585833192, 0.0174224637449, -0.00882835313678, 0.00125399674289, -0.00161309388932, 0.00331187271513, -0.00241546379402], [-4.32046108472e-05, -0.000906728790142, 4.33164204878e-05, 0.000840924039949, -0.00240398128517, 0.00316135352477, -0.00197856384329, -0.00882835313678, 0.0204527396709, -0.0125725595281, 0.00381080713123, -0.00427107745782, 0.00320656830445], [-7.06778082531e-05, 0.00137982703745, -0.000718444411177, -0.000646730244625, 0.00189289241098, -0.00161560310517, 0.00128509767819, 0.00125399674289, -0.0125725595281, 0.0251908618957, -0.0152767756954, 0.00601192004979, -0.00198345445096], [0.000362164661055, -0.00111250614282, -4.98142799188e-06, 0.0018788104644, -0.00180439080577, 0.00123651279137, -0.00165655952878, -0.00161309388932, 0.00381080713123, -0.0152767756954, 0.0280198883265, -0.014002405107, 0.000483391922899], [-0.000646527914796, 4.6880231821e-05, -5.83350156376e-05, -0.000402626552386, 0.00308137875982, -0.0030410697218, -0.000526866584551, 0.00331187271513, -0.00427107745782, 0.00601192004979, -0.014002405107, 0.0228785797954, -0.00903424248099], [0.000410959473811, -0.000479112262838, 0.000258388492512, -0.000451591651654, -0.000742067757528, 0.00114287051838, 7.6968999565e-06, -0.00241546379402, 0.00320656830445, -0.00198345445096, 0.000483391922899, -0.00903424248099, 0.018222220242]]
    },
    "melbands": {
        "dmean": [0.00249603018165, 0.00146490614861, 0.000727813632693, 0.00033644947689, 0.000100431076135, 0.000112193280074, 0.000147629179992, 0.000210776124732, 0.000204741198104, 0.000216323067434, 0.000191288854694, 0.000137242721394, 0.00016679710825, 0.000114735361421, 7.22212935216e-05, 4.60116498289e-05, 3.57864155376e-05, 3.50753616658e-05, 2.93639095617e-05, 2.56830171566e-05, 2.15396485146e-05, 2.0267405489e-05, 1.64854354807e-05, 1.48866292875e-05, 1.3159644368e-05, 1.10253868115e-05, 1.01348996395e-05, 9.95389837044e-06, 1.19783799164e-05, 7.65041113482e-06, 6.82235395288e-06, 6.15870749243e-06, 6.45853924652e-06, 6.77097614243e-06, 3.83563656214e-06, 3.39542998518e-06, 2.71177577815e-06, 2.45720252678e-06, 2.14673104892e-06, 1.76143555564e-06],
        "dmean2": [0.00366167700849, 0.00232889014296, 0.00118042668328, 0.000592763535678, 0.000172555854078, 0.000168271406437, 0.00024020098499, 0.000330188137013, 0.000321297440678, 0.000348039349774, 0.000312244985253, 0.000226192656555, 0.000274483812973, 0.000190095393918, 0.000117515526654, 7.74566433392e-05, 5.94737102801e-05, 5.90443523834e-05, 4.95178683195e-05, 4.30178079114e-05, 3.61102283932e-05, 3.34184333042e-05, 2.75205911748e-05, 2.51452238444e-05, 2.238826346e-05, 1.8503591491e-05, 1.68597562151e-05, 1.65082910826e-05, 1.94248041225e-05, 1.26513859868e-05, 1.14650147225e-05, 1.02038547993e-05, 1.04061573438e-05, 1.13427295219e-05, 6.63114087729e-06, 5.81324138693e-06, 4.5554074859e-06, 4.13314319303e-06, 3.67977190763e-06, 2.99885959976e-06],
        "dvar": [2.03650070034e-05, 5.89810906604e-06, 2.43957242674e-06, 5.93886852585e-07, 4.23543902173e-08, 9.11439670404e-08, 1.2410625061e-07, 2.66622237177e-07, 1.60481562261e-07, 1.47817715401e-07, 9.57126218282e-08, 5.09841413532e-08, 1.79383235377e-07, 5.25317993549e-08, 1.9805451501e-08, 6.16044992796e-09, 3.62016638888e-09, 3.21975646145e-09, 2.2899848684e-09, 1.70949698841e-09, 1.000235339e-09, 7.60433604974e-10, 4.85508022674e-10, 4.0633449383e-10, 2.70570427174e-10, 1.81517731401e-10, 1.77470219076e-10, 1.59632099206e-10, 3.18970155844e-10, 1.01739429381e-10, 7.01851077256e-11, 6.34160848834e-11, 1.26310489845e-10, 1.37568650915e-10, 2.77576538144e-11, 2.50773308369e-11, 1.52036890022e-11, 1.32129637093e-11, 9.92023130308e-12, 7.72073984606e-12],
        "dvar2": [4.32095512224e-05, 1.38506411531e-05, 6.21085655439e-06, 1.63108177276e-06, 1.19767335605e-07, 1.65232307836e-07, 3.15166971632e-07, 5.62720629205e-07, 3.31008777721e-07, 3.39671828442e-07, 2.32980980286e-07, 1.26371972442e-07, 4.21384868332e-07, 1.25225056991e-07, 4.76539980809e-08, 1.65191860191e-08, 9.4435801401e-09, 8.32260127481e-09, 5.93907500956e-09, 4.36067049137e-09, 2.52674703383e-09, 1.91749949252e-09, 1.27105947989e-09, 1.08172437674e-09, 7.46478823199e-10, 4.86837126168e-10, 4.63380667171e-10, 4.0344375063e-10, 7.49576123393e-10, 2.65339750172e-10, 1.87970861099e-10, 1.64219304821e-10, 2.8679952857e-10, 3.37078309709e-10, 7.68527325112e-11, 6.88315446307e-11, 4.10700327913e-11, 3.51784990027e-11, 2.75037007058e-11, 2.16079307225e-11],
        "max": [0.0767193734646, 0.0352164767683, 0.0299834292382, 0.0165418032557, 0.00516521232203, 0.0154122086242, 0.00819675903767, 0.0133918505162, 0.0140711721033, 0.00967160891742, 0.0047048041597, 0.00473639927804, 0.00820721127093, 0.00458235526457, 0.00386539031751, 0.00177825812716, 0.00175374012906, 0.000940849073231, 0.000831865996588, 0.000859249441419, 0.000684940139763, 0.000459488277556, 0.000421291624662, 0.000388589542126, 0.00032123006531, 0.000313332042424, 0.000227420110605, 0.000222258400754, 0.000234971375903, 0.000178050147952, 0.000140464151627, 0.00013075156312, 0.000308928079903, 0.000310386152705, 6.69907603879e-05, 7.59660033509e-05, 5.45492512174e-05, 7.19318195479e-05, 4.75280321552e-05, 8.27943731565e-05],
        "mean": [0.0049807545729, 0.00279971002601, 0.000782963295933, 0.000317640486173, 0.000132023633341, 0.000178087269887, 0.000217479013372, 0.000336543016601, 0.00033843939309, 0.000356041447958, 0.000294846075121, 0.000216667132918, 0.000236526379013, 0.000162135474966, 0.000113740003144, 7.12795736035e-05, 5.60060398129e-05, 5.29582503077e-05, 4.58220165456e-05, 4.18187082687e-05, 3.60305275535e-05, 3.57196367986e-05, 3.01685649902e-05, 2.63826714217e-05, 2.43554368353e-05, 2.18875138671e-05, 2.06230088224e-05, 1.99280802917e-05, 2.09781628655e-05, 1.50801943164e-05, 1.39631320053e-05, 1.2785515537e-05, 1.29920645122e-05, 1.23842592075e-05, 8.00043835625e-06, 7.12944211045e-06, 6.02032378083e-06, 5.30637043994e-06, 4.5079418669e-06, 3.98199154006e-06],
        "median": [0.00201079482213, 0.00190494209528, 0.000273874844424, 0.00011478822853, 6.68298307573e-05, 5.45235161553e-05, 7.42963165976e-05, 0.000113500551379, 0.000143763085362, 0.000183418334927, 0.000162067313795, 0.000123070480186, 9.9098921055e-05, 6.90959132044e-05, 5.52264282305e-05, 4.07563202316e-05, 3.35136064677e-05, 3.18388556479e-05, 2.84713241854e-05, 2.67637296929e-05, 2.4236873287e-05, 2.53788857663e-05, 2.21266891458e-05, 2.03550262086e-05, 1.92106817849e-05, 1.70390376297e-05, 1.58553302754e-05, 1.53619002958e-05, 1.43472789205e-05, 1.12761981654e-05, 1.09844650069e-05, 9.92856621451e-06, 9.30108399189e-06, 8.48657691677e-06, 5.66333210372e-06, 4.99264297105e-06, 4.32930710303e-06, 3.77061155632e-06, 3.14831208925e-06, 2.7282130759e-06],
        "min": [7.45518362733e-24, 3.4505157803e-23, 1.18425242707e-23, 1.75859278542e-23, 6.76349934158e-24, 7.07383564397e-24, 8.28463458157e-24, 4.53908277168e-24, 5.52317452359e-24, 7.98851670813e-24, 1.09820347953e-23, 6.196754846e-24, 3.74405534076e-24, 1.31060798591e-23, 1.03406443366e-23, 1.53319771209e-23, 1.94457920783e-23, 1.97509360982e-23, 1.15126786493e-23, 1.51561053153e-23, 7.10501300467e-24, 7.40565183995e-24, 7.78133185771e-24, 1.24567013948e-23, 5.66983244335e-24, 9.57282471827e-24, 1.57086597809e-23, 8.3677276673e-24, 5.67293306113e-24, 9.5460436794e-24, 1.35807958415e-23, 1.03930538885e-23, 1.81899570716e-23, 1.82241115934e-23, 9.83292004733e-24, 9.46191718589e-24, 8.21806182092e-24, 9.96759043677e-24, 1.31972437807e-23, 9.36401323666e-24],
        "var": [5.95997444179e-05, 1.1574612472e-05, 2.40254598793e-06, 4.41030863385e-07, 4.58830804462e-08, 3.52908955392e-07, 2.20190557343e-07, 8.52240930271e-07, 4.30547771657e-07, 2.91387920015e-07, 1.6521640589e-07, 9.36342061664e-08, 2.78723803149e-07, 8.58481286059e-08, 3.54349118936e-08, 1.0111347315e-08, 6.39104014155e-09, 4.97403185307e-09, 3.57131524353e-09, 2.65029687085e-09, 1.80509807102e-09, 1.42679579263e-09, 9.00297059125e-10, 6.4291227897e-10, 4.37519798169e-10, 3.65962149473e-10, 3.71425640244e-10, 3.36885741525e-10, 5.33809385583e-10, 1.9264730089e-10, 1.42303696604e-10, 1.29507071733e-10, 2.27026189514e-10, 2.25420362931e-10, 5.77968124749e-11, 4.95855023708e-11, 3.30834006024e-11, 2.88268384857e-11, 2.01673556327e-11, 1.74423878119e-11]
    },
    "mfcc": {
        "mean": [-580.739929199, 74.7084732056, -0.360031574965, 10.5378160477, -4.81268167496, 8.50327777863, 8.90005493164, 14.7196941376, 10.9196643829, 8.30950927734, 4.66340112686, 2.44086480141, 1.41255044937],
        "cov": [[3317.6315918, -85.5079193115, 351.702056885, 71.6919937134, 98.7028579712, 59.6316223145, 50.9500007629, 94.371131897, 104.628341675, 41.9307441711, 74.5487136841, 148.571395874, 108.436279297], [-85.5079193115, 589.294372559, 17.2400455475, 52.2740859985, -5.88241195679, 13.4145507812, -3.08268809319, 22.6391487122, -11.3302402496, -32.7604560852, -3.77800107002, -14.4375219345, 37.63073349], [351.702056885, 17.2400455475, 614.771789551, 241.457397461, 218.848907471, 130.972137451, 104.373916626, 75.8078765869, 86.6110839844, 76.8517227173, 48.8368682861, 68.575340271, 34.6226348877], [71.6919937134, 52.2740859985, 241.457397461, 269.736022949, 161.745407104, 94.3094329834, 62.0425376892, 53.2716751099, 57.916847229, 43.7597579956, 17.459438324, 23.0690898895, 9.98211097717], [98.7028579712, -5.88241195679, 218.848907471, 161.745407104, 252.071273804, 137.568313599, 96.9549255371, 64.9546432495, 63.2610931396, 62.4188995361, 23.9394779205, 28.1933670044, 8.39956569672], [59.6316223145, 13.4145507812, 130.972137451, 94.3094329834, 137.568313599, 177.282821655, 102.231933594, 68.7665328979, 51.6156349182, 37.7513694763, 30.3945465088, 21.5603294373, 25.7984695435], [50.9500007629, -3.08268809319, 104.373916626, 62.0425376892, 96.9549255371, 102.231933594, 148.464248657, 79.0168762207, 49.6402893066, 41.3283805847, 22.6867370605, 21.6793079376, 16.2009849548], [94.371131897, 22.6391487122, 75.8078765869, 53.2716751099, 64.9546432495, 68.7665328979, 79.0168762207, 127.967720032, 68.7160491943, 30.9120101929, 27.750629425, 32.5064201355, 24.4220848083], [104.628341675, -11.3302402496, 86.6110839844, 57.916847229, 63.2610931396, 51.6156349182, 49.6402893066, 68.7160491943, 109.084960938, 72.1728668213, 37.9839286804, 34.8904762268, 22.6530151367], [41.9307441711, -32.7604560852, 76.8517227173, 43.7597579956, 62.4188995361, 37.7513694763, 41.3283805847, 30.9120101929, 72.1728668213, 121.447853088, 66.015296936, 35.8329620361, 12.6486854553], [74.5487136841, -3.77800107002, 48.8368682861, 17.459438324, 23.9394779205, 30.3945465088, 22.6867370605, 27.750629425, 37.9839286804, 66.015296936, 103.616714478, 64.6377029419, 32.8802146912], [148.571395874, -14.4375219345, 68.575340271, 23.0690898895, 28.1933670044, 21.5603294373, 21.6793079376, 32.5064201355, 34.8904762268, 35.8329620361, 64.6377029419, 112.483161926, 59.2185020447], [108.436279297, 37.63073349, 34.6226348877, 9.98211097717, 8.39956569672, 25.7984695435, 16.2009849548, 24.4220848083, 22.6530151367, 12.6486854553, 32.8802146912, 59.2185020447, 108.704963684]],
