{
"lowlevel": {
    "average_loudness": 0.779100000858,
    "barkbands_crest": {
        "dmean": 2.78675746918,
        "dmean2": 4.48916721344,
        "dvar": 9.12992095947,
        "dvar2": 21.9561805725,
        "max": 25.7858695984,
        "mean": 11.602648735,
        "median": 11.388384819,
        "min": 1.70439529419,
        "var": 36.3637123108
    },
    "barkbands_flatness_db": {
        "dmean": 0.0221501085907,
        "dmean2": 0.0345043838024,
        "dvar": 0.000616044504568,
        "dvar2": 0.00144036195707,
        "max": 0.382767260075,
        "mean": 0.0970884859562,
        "median": 0.0886250436306,
        "min": 0.00839839037508,
        "var": 0.00337014580145
    },
    "barkbands_kurtosis": {
        "dmean": 1.91796195507,
        "dmean2": 3.01743483543,
        "dvar": 15.3772354126,
        "dvar2": 38.5687217712,
        "max": 160.659912109,
        "mean": 1.65475082397,
        "median": 0.289021611214,
        "min": -1.82345938683,
        "var": 22.8280067444
    },
    "barkbands_skewness": {
        "dmean": 0.548902332783,
        "dmean2": 0.847103476524,
        "dvar": 0.384598046541,
        "dvar2": 0.936046123505,
        "max": 11.8129234314,
        "mean": 1.21956813335,
        "median": 1.11790442467,
        "min": -7.67571115494,
        "var": 1.15854394436
    },
    "barkbands_spread": {
        "dmean": 9.47092914581,
        "dmean2": 15.1396398544,
        "dvar": 111.569137573,
        "dvar2": 272.008850098,
        "max": 114.412742615,
        "mean": 42.8974189758,
        "median": 43.4838790894,
        "min": 1.44279849529,
        "var": 399.087402344
    },
    "dissonance": {
        "dmean": 0.0115735363215,
        "dmean2": 0.019815068692,
        "dvar": 0.000264516245807,
        "dvar2": 0.000765323347878,
        "max": 0.500000178814,
        "mean": 0.479462265968,
        "median": 0.488670349121,
        "min": 0.202831894159,
        "var": 0.000946269952692
    },
    "dynamic_complexity": 3.58655190468,
    "erbbands_crest": {
        "dmean": 1.94217658043,
        "dmean2": 3.17977786064,
        "dvar": 4.13065958023,
        "dvar2": 9.94981765747,
        "max": 32.7098999023,
        "mean": 6.52177238464,
        "median": 5.18957710266,
        "min": 2.01124739647,
        "var": 15.4874000549
    },
    "erbbands_flatness_db": {
        "dmean": 0.0131288347766,
        "dmean2": 0.0203885287046,
        "dvar": 0.000246743060416,
        "dvar2": 0.000560797518119,
        "max": 0.40538918972,
        "mean": 0.113397195935,
        "median": 0.0928319469094,
        "min": 0.0388789027929,
        "var": 0.00368329253979
    },
    "erbbands_kurtosis": {
        "dmean": 0.636625170708,
        "dmean2": 0.999531269073,
        "dvar": 0.874774456024,
        "dvar2": 2.15347766876,
        "max": 25.9519557953,
        "mean": 0.0942915976048,
        "median": -0.215041279793,
        "min": -1.86272513866,
        "var": 2.19589829445
    },
    "erbbands_skewness": {
        "dmean": 0.282913208008,
        "dmean2": 0.443919539452,
        "dvar": 0.0734500139952,
        "dvar2": 0.179729759693,
        "max": 3.20264935493,
        "mean": -0.100401692092,
        "median": -0.170048117638,
        "min": -3.21022057533,
        "var": 0.367830663919
    },
    "erbbands_spread": {
        "dmean": 10.3508234024,
        "dmean2": 15.620308876,
        "dvar": 187.092758179,
        "dvar2": 360.709747314,
        "max": 166.016204834,
        "mean": 48.0817527771,
        "median": 44.8985481262,
        "min": 1.77337825298,
        "var": 521.842895508
    },
    "hfc": {
        "dmean": 19.2759857178,
        "dmean2": 30.7451725006,
        "dvar": 784.044128418,
        "dvar2": 2000.13195801,
        "max": 429.578216553,
        "mean": 60.8775482178,
        "median": 54.1658935547,
        "min": 1.16133087508e-16,
        "var": 2585.796875
    },
    "melbands_crest": {
        "dmean": 3.87653851509,
        "dmean2": 6.16973495483,
        "dvar": 15.2380971909,
        "dvar2": 38.131603241,
        "max": 37.152923584,
        "mean": 18.4085769653,
        "median": 18.4534626007,
        "min": 1.874807477,
        "var": 81.6506271362
    },
    "melbands_flatness_db": {
        "dmean": 0.0303512923419,
        "dmean2": 0.0473108030856,
        "dvar": 0.00120218330994,
        "dvar2": 0.00292635569349,
        "max": 0.453219085932,
        "mean": 0.156666651368,
        "median": 0.15870372951,
        "min": 0.00380717893131,
        "var": 0.00582464784384
    },
    "melbands_kurtosis": {
        "dmean": 10.4532489777,
        "dmean2": 15.8800401688,
        "dvar": 395.384338379,
        "dvar2": 891.054626465,
        "max": 516.652526855,
        "mean": 17.6341762543,
        "median": 8.26349830627,
        "min": -1.76554381847,
        "var": 746.331970215
    },
    "melbands_skewness": {
        "dmean": 0.989211320877,
        "dmean2": 1.50668466091,
        "dvar": 1.56501674652,
        "dvar2": 3.63554930687,
        "max": 19.0180835724,
        "mean": 3.22901201248,
        "median": 2.73149204254,
        "min": -2.16962981224,
        "var": 5.31834936142
    },
    "melbands_spread": {
        "dmean": 12.199634552,
        "dmean2": 19.5359077454,
        "dvar": 233.737091064,
        "dvar2": 586.289550781,
        "max": 258.607971191,
        "mean": 36.0313186646,
        "median": 29.0776824951,
        "min": 0.877029061317,
        "var": 606.570739746
    },
    "pitch_salience": {
        "dmean": 0.0850072801113,
        "dmean2": 0.134061157703,
        "dvar": 0.00839324016124,
        "dvar2": 0.0189686007798,
        "max": 0.971818089485,
        "mean": 0.490696579218,
        "median": 0.493589878082,
        "min": 0.0442596711218,
        "var": 0.034845046699
    },
    "silence_rate_20dB": {
        "dmean": 0,
        "dmean2": 0,
        "dvar": 0,
        "dvar2": 0,
        "max": 1,
        "mean": 1,
        "median": 1,
        "min": 1,
        "var": 0
    },
    "silence_rate_30dB": {
        "dmean": 0.0524001121521,
        "dmean2": 0.104810029268,
        "dvar": 0.0496549643576,
        "dvar2": 0.111981607974,
        "max": 1,
        "mean": 0.924588322639,
        "median": 1,
        "min": 0,
        "var": 0.0697227045894
    },
    "silence_rate_60dB": {
        "dmean": 0.0174043234438,
        "dmean2": 0.0348119027913,
        "dvar": 0.0171029753983,
        "dvar2": 0.0380984842777,
        "max": 1,
        "mean": 0.0807447582483,
        "median": 0,
        "min": 0,
        "var": 0.0742229521275
    },
    "spectral_centroid": {
        "dmean": 321.154602051,
        "dmean2": 489.536071777,
        "dvar": 139235.75,
        "dvar2": 306915.5,
        "max": 11052.4433594,
        "mean": 2245.99609375,
        "median": 2453.42822266,
        "min": 333.183959961,
        "var": 605860.1875
    },
    "spectral_complexity": {
        "dmean": 5.82820272446,
        "dmean2": 8.83249092102,
        "dvar": 42.0778617859,
        "dvar2": 85.9439620972,
        "max": 68,
        "mean": 29.1929264069,
        "median": 32,
        "min": 0,
        "var": 261.876464844
    },
    "spectral_decrease": {
        "dmean": 2.95008928397e-09,
        "dmean2": 4.44891323781e-09,
        "dvar": 1.74659566844e-17,
        "dvar2": 4.03745202626e-17,
        "max": 2.45210154265e-11,
        "mean": -1.03369321991e-08,
        "median": -7.08586522791e-09,
        "min": -6.28496721333e-08,
        "var": 8.62692204169e-17
    },
    "spectral_energy": {
        "dmean": 0.0115939406678,
        "dmean2": 0.0174791347235,
        "dvar": 0.000255425344221,
        "dvar2": 0.000584565568715,
        "max": 0.24252922833,
        "mean": 0.0445357039571,
        "median": 0.0337318070233,
        "min": 1.04292207945e-20,
        "var": 0.00143810152076
    },
    "spectral_energyband_high": {
        "dmean": 0.00187734863721,
        "dmean2": 0.00301570957527,
        "dvar": 8.22845504445e-06,
        "dvar2": 2.08734563785e-05,
        "max": 0.0387983508408,
        "mean": 0.00529119977728,
        "median": 0.00458094989881,
        "min": 7.68792728079e-21,
        "var": 2.31749181694e-05
    },
    "spectral_energyband_low": {
        "dmean": 0.010133324191,
        "dmean2": 0.0152603471652,
        "dvar": 0.000268183590379,
        "dvar2": 0.000595489051193,
        "max": 0.233394339681,
        "mean": 0.0273428391665,
        "median": 0.00933281425387,
        "min": 3.7011782262e-23,
        "var": 0.00106432428584
    },
    "spectral_energyband_middle_high": {
        "dmean": 0.00242131878622,
        "dmean2": 0.00373986968771,
        "dvar": 9.36973356147e-06,
        "dvar2": 2.1883930458e-05,
        "max": 0.0456849746406,
        "mean": 0.00699819345027,
        "median": 0.00549478083849,
        "min": 1.46212301692e-21,
        "var": 3.5477700294e-05
    },
    "spectral_energyband_middle_low": {
        "dmean": 0.00302625610493,
        "dmean2": 0.0049918317236,
        "dvar": 4.09990461776e-05,
        "dvar2": 0.000107980202301,
        "max": 0.0915075540543,
        "mean": 0.00537105696276,
        "median": 0.00356235541403,
        "min": 3.33074618451e-22,
        "var": 4.47816273663e-05
    },
    "spectral_entropy": {
        "dmean": 0.123357862234,
        "dmean2": 0.198054820299,
        "dvar": 0.0238721389323,
        "dvar2": 0.0602008029819,
        "max": 9.79753875732,
        "mean": 8.15621948242,
        "median": 8.32994651794,
        "min": 5.35453891754,
        "var": 0.288767039776
    },
    "spectral_flux": {
        "dmean": 0.0254935119301,
        "dmean2": 0.0405171811581,
        "dvar": 0.000920364982449,
        "dvar2": 0.00206248322502,
        "max": 0.361895859241,
        "mean": 0.105200007558,
        "median": 0.101314932108,
        "min": 1.02123559609e-10,
        "var": 0.00355970580131
    },
    "spectral_kurtosis": {
        "dmean": 1.19252121449,
        "dmean2": 1.92516982555,
        "dvar": 11.6819534302,
        "dvar2": 33.9515800476,
        "max": 107.152679443,
        "mean": 3.65201544762,
        "median": 2.00182723999,
        "min": -1.21690917015,
        "var": 69.7929000854
    },
    "spectral_rms": {
        "dmean": 0.000818942440674,
        "dmean2": 0.00122309592552,
        "dvar": 9.02939007119e-07,
        "dvar2": 2.00621093427e-06,
        "max": 0.0153822582215,
        "mean": 0.00584980845451,
        "median": 0.00573664344847,
        "min": 3.18980388977e-12,
        "var": 9.22928393265e-06
    },
    "spectral_rolloff": {
        "dmean": 1325.55895996,
        "dmean2": 2210.61547852,
        "dvar": 2993990,
        "dvar2": 7156908.5,
        "max": 18410.8886719,
        "mean": 3234.51269531,
        "median": 2304.05273438,
        "min": 43.06640625,
        "var": 7363716.5
    },
    "spectral_skewness": {
        "dmean": 0.159802809358,
        "dmean2": 0.251926153898,
        "dvar": 0.060251172632,
        "dvar2": 0.171243473887,
        "max": 8.50811195374,
        "mean": 1.3667910099,
        "median": 1.22156763077,
        "min": -0.238119602203,
        "var": 0.51217520237
    },
    "spectral_spread": {
        "dmean": 630928.375,
        "dmean2": 923526,
        "dvar": 466982502400,
        "dvar2": 872799404032,
        "max": 41281900,
        "mean": 6597373,
        "median": 6827604,
        "min": 753971.9375,
        "var": 3.34285321011e+12
    },
    "spectral_strongpeak": {
        "dmean": 0.314457088709,
        "dmean2": 0.52884209156,
        "dvar": 0.346578419209,
        "dvar2": 0.891201376915,
        "max": 10.6771392822,
        "mean": 0.625718712807,
        "median": 0.504269480705,
        "min": 0,
        "var": 0.464268296957
    },
    "zerocrossingrate": {
        "dmean": 0.018201738596,
        "dmean2": 0.0232486035675,
        "dvar": 0.000351258844603,
        "dvar2": 0.000539615924936,
        "max": 0.5615234375,
        "mean": 0.110981196165,
        "median": 0.10107421875,
        "min": 0.00634765625,
        "var": 0.00318870251067
    },
    "barkbands": {
        "dmean": [0.00149329437409, 0.00899962242693, 0.00244587520137, 0.00123133300804, 0.00111980864312, 0.000731691427063, 0.000529065146111, 0.00045402548858, 0.000485545751872, 0.000570910284296, 0.000333087635227, 0.000437085516751, 0.000453228800325, 0.000410750624724, 0.000531893339939, 0.000333407835569, 0.000436764414189, 0.00033128564246, 0.000313876545988, 0.00027621461777, 0.000309443712467, 0.000356063537765, 0.000400521006668, 0.000407052226365, 0.000396804825868, 0.00027394812787, 9.22659164644e-05],
        "dmean2": [0.00237073679455, 0.0128594981506, 0.00395090319216, 0.00213391892612, 0.00200729235075, 0.00124836689793, 0.000897641817573, 0.000752136926167, 0.000794826773927, 0.000935884076171, 0.000545778952073, 0.000708621053491, 0.00072634825483, 0.000680711935274, 0.00083929853281, 0.000548463198356, 0.000708428793587, 0.000545501767192, 0.000512322643772, 0.000453752320027, 0.000499620393384, 0.000566567352507, 0.000667623477057, 0.000669994391501, 0.000657541619148, 0.000458025169792, 0.000149237384903],
        "dvar": [1.54346071213e-05, 0.000233874612604, 3.80252968171e-05, 1.16310766316e-05, 1.01992036434e-05, 7.14578027328e-06, 1.30246951358e-06, 1.082360086e-06, 7.80958373525e-07, 8.68353765782e-07, 3.11585353074e-07, 4.92886897518e-07, 5.34866387625e-07, 4.05391119784e-07, 1.01574119071e-06, 3.00065863712e-07, 5.53314976059e-07, 2.82151319198e-07, 2.03394023401e-07, 1.40385466807e-07, 1.72069434257e-07, 2.75265904293e-07, 4.4669889121e-07, 4.90319166602e-07, 3.70513674852e-07, 1.90462785099e-07, 2.00289527186e-08],
        "dvar2": [4.03483682021e-05, 0.000457900430774, 9.19291342143e-05, 3.08421731461e-05, 2.94546262012e-05, 1.96283999685e-05, 3.59411865247e-06, 2.89818649435e-06, 2.07054563361e-06, 2.24087216338e-06, 7.4112188031e-07, 1.13617909392e-06, 1.28565511659e-06, 1.04806349555e-06, 2.12321174331e-06, 7.47067474549e-07, 1.37302015446e-06, 7.1260956247e-07, 5.11603275299e-07, 3.62455523373e-07, 4.38375423073e-07, 6.71211751069e-07, 1.16175863241e-06, 1.28914086872e-06, 9.82845335784e-07, 5.18490310242e-07, 5.17862766003e-08],
        "max": [0.078670501709, 0.228557810187, 0.0898496732116, 0.0485178604722, 0.0574441328645, 0.0631191283464, 0.0336662568152, 0.03089832142, 0.01524746418, 0.0178448073566, 0.0115508958697, 0.0124974502251, 0.0158273968846, 0.0144496047869, 0.0228179134429, 0.014381909743, 0.0147358728573, 0.0134268058464, 0.00997951999307, 0.00533075025305, 0.00781605765224, 0.0099633410573, 0.00848856195807, 0.0105464309454, 0.00686886208132, 0.00860040821135, 0.00292888353579],
        "mean": [0.00234208558686, 0.0222148280591, 0.00241217319854, 0.00105686241295, 0.00117001542822, 0.000889805553015, 0.000744052173104, 0.000609061971772, 0.000749120197725, 0.000807106320281, 0.000468440179247, 0.000669974484481, 0.000740282353945, 0.000650373287499, 0.000862464425154, 0.000570151023567, 0.000748674501665, 0.000609117734712, 0.00063948018942, 0.000597059726715, 0.000752446474507, 0.000830134609714, 0.000869681709446, 0.000910699716769, 0.000856828526594, 0.000579597428441, 0.000185142271221],
        "median": [0.000105826402432, 0.00370916770771, 0.000387235690141, 0.000194434309378, 0.000436929694843, 0.000359590922017, 0.000346346001606, 0.000273615471087, 0.000419605989009, 0.000424892728915, 0.000255340361036, 0.000363249244401, 0.000409090367611, 0.000373183516786, 0.000381921156077, 0.00032536542858, 0.000336955592502, 0.00035360045149, 0.00044647307368, 0.000447572616395, 0.000592173193581, 0.000647435430437, 0.000672488589771, 0.000689495587721, 0.000672088004649, 0.000400679185987, 0.000105757928395],
        "min": [3.24724557324e-23, 5.47208986352e-24, 1.7954325897e-23, 1.07798521119e-23, 2.85170282675e-23, 5.28618942696e-23, 7.14359429828e-23, 3.09611686319e-23, 9.02849538977e-23, 8.38860171571e-23, 5.53317514995e-23, 1.20529388755e-22, 8.96209412748e-23, 9.84796599138e-23, 2.48542782959e-22, 8.93327546089e-23, 2.07079546961e-22, 1.24510927516e-22, 1.95008321659e-22, 3.49896591316e-22, 4.82060403624e-22, 5.48713369342e-22, 6.4117559196e-22, 6.96502484076e-22, 1.14849474117e-21, 1.67113223125e-21, 2.50009826953e-21],
        "var": [2.56091152551e-05, 0.000876655394677, 3.55930642399e-05, 9.30847909331e-06, 7.3625665209e-06, 5.44502245248e-06, 1.60251045145e-06, 1.18080379252e-06, 1.09591189812e-06, 1.35995571782e-06, 4.96628331348e-07, 9.3929901368e-07, 1.08418498712e-06, 7.60333477956e-07, 2.25941448662e-06, 5.87560805343e-07, 1.13725366191e-06, 5.95113192503e-07, 4.61687136522e-07, 3.62196743708e-07, 5.17631804087e-07, 6.90580009177e-07, 8.42029749037e-07, 9.50585217652e-07, 7.73163037593e-07, 4.17449740553e-07, 5.3289923585e-08]
    },
    "erbbands": {
        "dmean": [0.416625201702, 1.68493926525, 2.77813601494, 3.23112416267, 4.01284790039, 3.77186369896, 4.11205005646, 6.83443880081, 7.54703235626, 7.79675579071, 9.84032821655, 10.3626394272, 14.136516571, 16.6471405029, 13.5828037262, 16.9836158752, 19.3146762848, 20.3093280792, 27.1145763397, 20.8912982941, 18.8694286346, 23.0912895203, 18.8257427216, 15.3882827759, 15.3423299789, 12.9194917679, 13.2713985443, 12.3552112579, 13.0548839569, 12.0383005142, 11.7276544571, 9.32741260529, 6.6558675766, 5.10332775116, 2.61347389221, 1.23449337482, 0.504086375237, 0.152164027095, 0.0152769293636, 0.000220318514039],
        "dmean2": [0.580200016499, 2.40813088417, 4.29713249207, 5.26998758316, 7.10677146912, 6.78637075424, 7.12756299973, 11.6628484726, 12.8310642242, 13.1174554825, 16.3588962555, 17.0759620667, 23.5958900452, 26.8177471161, 22.0704994202, 27.421962738, 30.9035968781, 33.5737342834, 43.0562400818, 34.1012611389, 30.9085540771, 37.200504303, 30.5176925659, 25.1583786011, 25.1012039185, 21.1194095612, 21.6446437836, 20.0638561249, 21.0228309631, 19.7361278534, 19.4260005951, 15.222992897, 11.0140161514, 8.58244609833, 4.32335186005, 2.06407999992, 0.847909510136, 0.248529285192, 0.0248088184744, 0.000356313568773],
        "dvar": [0.576604366302, 8.67579078674, 37.9056549072, 66.4597320557, 144.358444214, 119.399971008, 87.6700820923, 883.217956543, 353.868896484, 347.833068848, 512.116333008, 414.239685059, 530.090270996, 676.54510498, 443.998504639, 775.467895508, 1041.96850586, 1030.77429199, 3110.14355469, 1205.45031738, 1050.02832031, 1628.26501465, 905.654541016, 519.571838379, 471.108123779, 316.867919922, 334.413330078, 288.860076904, 367.9140625, 321.962463379, 426.597442627, 218.009567261, 144.95463562, 65.0185470581, 15.6001377106, 3.72852015495, 0.660155177116, 0.0538096092641, 0.000547842821106, 1.0709069187e-07],
        "dvar2": [1.12943148613, 16.8508205414, 87.9041137695, 156.437103271, 407.599853516, 346.401794434, 240.787918091, 2425.0324707, 972.051757812, 970.916259766, 1372.76696777, 1106.21020508, 1407.6953125, 1682.12145996, 1094.63012695, 1787.50463867, 2468.05175781, 2696.68701172, 6385.59082031, 2843.2734375, 2600.68920898, 4076.54614258, 2265.94702148, 1322.45849609, 1201.02478027, 812.32623291, 870.529785156, 749.155639648, 928.750976562, 831.369750977, 1085.55578613, 531.891418457, 395.512359619, 175.895599365, 40.4284362793, 10.1188087463, 1.77546226978, 0.140733391047, 0.00143208261579, 2.77739303556e-07],
        "max": [9.76248455048, 49.1830062866, 113.07749939, 88.9395523071, 245.506896973, 259.530395508, 223.535568237, 735.436584473, 343.42578125, 652.476074219, 762.297180176, 416.97567749, 397.847991943, 628.203735352, 357.657775879, 590.041564941, 803.637145996, 821.583557129, 1342.27404785, 946.318847656, 844.409606934, 1019.0447998, 750.22265625, 639.013061523, 322.04598999, 266.296112061, 296.502410889, 306.694244385, 315.894042969, 376.167144775, 250.702026367, 233.821182251, 199.466400146, 102.758087158, 57.0426826477, 38.9519386292, 16.6553134918, 4.27137517929, 0.47596180439, 0.00679218955338],
        "mean": [0.919579982758, 3.80157327652, 3.65650510788, 3.24928069115, 3.62696552277, 3.91053199768, 4.83711624146, 8.23169136047, 10.4138765335, 11.3818883896, 14.0970525742, 16.1038627625, 21.3502044678, 25.5867156982, 21.4347820282, 28.1867523193, 33.3773498535, 34.6734771729, 44.1496124268, 36.1834716797, 33.8548355103, 41.4800987244, 36.2982177734, 31.338092804, 32.6338310242, 28.1459083557, 29.6750640869, 29.3506889343, 29.5544071198, 27.9473361969, 24.7370796204, 20.3763027191, 14.2622022629, 10.0718450546, 5.73876857758, 2.66005682945, 1.01386642456, 0.313037395477, 0.0301945675164, 0.000506293145008],
        "median": [0.0804328173399, 0.681277036667, 0.973210930824, 0.773549735546, 0.900512933731, 1.43054640293, 1.95765411854, 3.22448825836, 4.81036090851, 5.50029945374, 7.1722278595, 9.10536003113, 12.680513382, 14.7237253189, 14.1211891174, 15.809012413, 19.1025543213, 20.7614135742, 21.2957649231, 18.7613067627, 19.5381202698, 19.7112007141, 20.4513320923, 21.3097953796, 23.5944290161, 21.398979187, 22.1078262329, 23.491651535, 23.0054721832, 22.0163536072, 19.1201972961, 15.2481918335, 10.8108959198, 7.59855270386, 4.49524688721, 1.94656956196, 0.686250448227, 0.190528675914, 0.0173651203513, 0.000339006597642],
        "min": [3.91602998421e-22, 8.55950281414e-22, 1.25313726899e-20, 3.30277870515e-20, 8.33885040665e-20, 9.91597751947e-20, 2.59967951425e-19, 4.37227302473e-19, 1.1370857936e-18, 5.18269754301e-19, 1.0470311573e-18, 2.2707325838e-18, 2.85943661217e-18, 1.69008798294e-18, 3.38665899394e-18, 4.19650272803e-18, 3.58636438204e-18, 4.47182483184e-18, 1.093214967e-17, 9.35493544476e-18, 5.44522988358e-18, 1.17577677384e-17, 7.46185403078e-18, 7.68938081161e-18, 1.29434558731e-17, 1.43094735172e-17, 1.69986161819e-17, 2.14485219683e-17, 1.84207447957e-17, 1.86498390837e-17, 2.01096474288e-17, 1.19171224291e-17, 1.31931353779e-17, 1.11057566826e-17, 9.99081730577e-18, 5.26328613118e-18, 3.46487905382e-18, 1.43895832712e-18, 3.67064964037e-19, 3.3138377222e-20],
        "var": [2.04370856285, 28.2190093994, 48.1477584839, 66.9371490479, 100.206367493, 86.6587219238, 83.3369598389, 637.233886719, 385.486938477, 366.577178955, 565.35736084, 570.368164062, 746.89654541, 1205.49841309, 703.804199219, 1636.58007812, 2197.484375, 1976.49365234, 6351.72607422, 2634.78808594, 2076.96411133, 3318.24780273, 1988.88476562, 1161.13525391, 1144.03552246, 801.315124512, 870.781066895, 783.888916016, 868.164367676, 820.546020508, 721.840454102, 470.140441895, 250.400909424, 114.61038208, 35.5182723999, 8.20378684998, 1.39135658741, 0.138159185648, 0.00141664803959, 3.18123795751e-07]
    },
    "gfcc": {
        "mean": [44.1385231018, 23.1522598267, -102.351844788, 23.6805305481, -51.4076309204, 23.0362453461, -30.1903762817, 13.7323074341, -19.1347255707, 11.5126552582, -14.8379640579, 7.08814191818, -11.7403516769],
        "cov": [[14300.4550781, -4366.31982422, 1396.20446777, 1748.12487793, 648.170166016, 1134.78369141, 355.438812256, 1067.90637207, -37.5761528015, 138.630569458, -146.231109619, 418.151580811, -351.133300781], [-4366.31982422, 2392.35986328, -414.472015381, -412.471466064, -100.611839294, -356.091552734, -0.214160785079, -356.976135254, 73.9960327148, -43.2390480042, 105.918197632, -162.532196045, 157.324417114], [1396.20446777, -414.472015381, 887.066345215, 542.37890625, 380.997802734, 322.540588379, 131.837554932, 204.717315674, 8.14661884308, 20.8541049957, -53.8854217529, 45.8131370544, -68.7828445435], [1748.12487793, -412.471466064, 542.37890625, 705.070373535, 367.332214355, 345.467132568, 174.667114258, 228.661804199, 41.0204849243, 33.4971466064, -1.55111443996, 63.7808036804, -37.0980644226], [648.170166016, -100.611839294, 380.997802734, 367.332214355, 475.115478516, 267.879974365, 202.967346191, 165.856002808, 110.48664093, 71.4434738159, 34.7518692017, 64.9129867554, 15.1752729416], [1134.78369141, -356.091552734, 322.540588379, 345.467132568, 267.879974365, 357.057037354, 170.118591309, 177.416900635, 38.944858551, 45.5107955933, 12.9076318741, 59.282081604, -25.9927654266], [355.438812256, -0.214160785079, 131.837554932, 174.667114258, 202.967346191, 170.118591309, 216.949920654, 141.426361084, 94.28956604, 45.3022727966, 43.773059845, 45.9226379395, 22.5874843597], [1067.90637207, -356.976135254, 204.717315674, 228.661804199, 165.856002808, 177.416900635, 141.426361084, 247.511154175, 98.3923950195, 67.7121810913, 24.15741539, 79.1216278076, 4.2812256813], [-37.5761528015, 73.9960327148, 8.14661884308, 41.0204849243, 110.48664093, 38.944858551, 94.28956604, 98.3923950195, 159.991378784, 87.0674972534, 57.8056640625, 37.511390686, 43.1214752197], [138.630569458, -43.2390480042, 20.8541049957, 33.4971466064, 71.4434738159, 45.5107955933, 45.3022727966, 67.7121810913, 87.0674972534, 117.841896057, 73.3935317993, 48.5768051147, 25.6465911865], [-146.231109619, 105.918197632, -53.8854217529, -1.55111443996, 34.7518692017, 12.9076318741, 43.773059845, 24.15741539, 57.8056640625, 73.3935317993, 115.686279297, 60.3253936768, 47.1559028625], [418.151580811, -162.532196045, 45.8131370544, 63.7808036804, 64.9129867554, 59.282081604, 45.9226379395, 79.1216278076, 37.511390686, 48.5768051147, 60.3253936768, 104.522079468, 45.2198257446], [-351.133300781, 157.324417114, -68.7828445435, -37.0980644226, 15.1752729416, -25.9927654266, 22.5874843597, 4.2812256813, 43.1214752197, 25.6465911865, 47.1559028625, 45.2198257446, 93.8529891968]],
        "icov": [[0.00023444526596, 0.000262490240857, 8.90970040928e-05, -0.000371524482034, 9.82374476735e-05, 5.08813536726e-06, -6.75375486026e-05, -0.000309685856337, 0.000148360573803, -8.10480050859e-05, 0.000185027776752, -0.000460914016003, 0.000454563152744], [0.000262490240857, 0.00140812434256, -0.000200241425773, -0.000321947416523, -2.15467171074e-05, 0.000629083544482, -0.00108195992652, 0.00104665581603, -0.000618400576059, 0.000858742569108, -0.00173855700996, 0.00219355756417, -0.00139590911567], [8.90970040928e-05, -0.000200241425773, 0.00289900018834, -0.00132209970616, -0.00137304444797, -0.000355114549166, 0.000855461985338, -0.00113497185521, 0.00121658481658, -0.000984732643701, 0.00214220327325, -0.00150072108954, 0.00159742485266], [-0.000371524482034, -0.000321947416523, -0.00132209970616, 0.00462454278022, -0.00144437653944, -0.00155689066742, 0.000725227990188, -0.00128631177358, 0.000310607254505, 0.00155315222219, -0.00186677195597, 0.00176097231451, -0.000782417715527], [9.82374476735e-05, -2.15467171074e-05, -0.00137304444797, -0.00144437653944, 0.00652820663527, -0.00176606315654, -0.00286272889934, 0.00230904505588, -0.00277340575121, -0.00102386553772, 0.00140190077946, -0.00160211650655, -0.000512989005074], [5.08813536726e-06, 0.000629083544482, -0.000355114549166, -0.00155689066742, -0.00176606315654, 0.00918593723327, -0.00455925706774, -0.000878515769728, 0.00313653587364, -0.00196887319908, -0.000142697535921, -4.98643967148e-05, 0.00124845677055], [-6.75375486026e-05, -0.00108195992652, 0.000855461985338, 0.000725227990188, -0.00286272889934, -0.00455925706774, 0.0145402261987, -0.00587738445029, -0.00307811587118, 0.00461622094736, -0.00357200484723, 0.00132200249936, -0.000245885108598], [-0.000309685856337, 0.00104665581603, -0.00113497185521, -0.00128631177358, 0.00230904505588, -0.000878515769728, -0.00587738445029, 0.0161109566689, -0.00736234756187, -0.00141595560126, 0.00357604492456, -0.00531180901453, 0.000341711100191], [0.000148360573803, -0.000618400576059, 0.00121658481658, 0.000310607254505, -0.00277340575121, 0.00313653587364, -0.00307811587118, -0.00736234756187, 0.0192618630826, -0.0103532942012, 0.0010281293653, 0.00323650124483, -0.00309698702767], [-8.10480050859e-05, 0.000858742569108, -0.000984732643701, 0.00155315222219, -0.00102386553772, -0.00196887319908, 0.00461622094736, -0.00141595560126, -0.0103532942012, 0.0243594851345, -0.0139225339517, 0.00199949578382, 0.000855646037962], [0.000185027776752, -0.00173855700996, 0.00214220327325, -0.00186677195597, 0.00140190077946, -0.000142697535921, -0.00357200484723, 0.00357604492456, 0.0010281293653, -0.0139225339517, 0.0273273978382, -0.015727667138, 0.00204846798442], [-0.000460914016003, 0.00219355756417, -0.00150072108954, 0.00176097231451, -0.00160211650655, -4.98643967148e-05, 0.00132200249936, -0.00531180901453, 0.00323650124483, 0.00199949578382, -0.015727667138, 0.0325368866324, -0.0154437683523], [0.000454563152744, -0.00139590911567, 0.00159742485266, -0.000782417715527, -0.000512989005074, 0.00124845677055, -0.000245885108598, 0.000341711100191, -0.00309698702767, 0.000855646037962, 0.00204846798442, -0.0154437683523, 0.0236302334815]]
    },
    "melbands": {
        "dmean": [0.00299926893786, 0.00146434095223, 0.000565523165278, 0.000277529732557, 0.000142795601278, 0.000148517356138, 0.000114034970466, 8.76015619724e-05, 7.90703197708e-05, 6.71060770401e-05, 7.41596813896e-05, 7.25852005417e-05, 4.721617006e-05, 4.86019525852e-05, 4.8234291171e-05, 4.32983433711e-05, 3.80554338335e-05, 4.463336154e-05, 3.4480694012e-05, 2.43484719249e-05, 2.3222872187e-05, 2.46266408794e-05, 2.50978773693e-05, 1.66144563991e-05, 1.31469851112e-05, 1.30773787532e-05, 1.07778942038e-05, 9.13878284337e-06, 9.42117821978e-06, 8.08324057289e-06, 7.75946500653e-06, 7.73927968112e-06, 7.98538349045e-06, 7.17257444194e-06, 7.44442832001e-06, 6.39456675344e-06, 6.18475860392e-06, 5.02072180097e-06, 4.81794995721e-06, 4.39792620455e-06],
        "dmean2": [0.00419249199331, 0.00220495788381, 0.000910670962185, 0.000494862557389, 0.000249148404691, 0.000253370468272, 0.000193812549696, 0.000146103338921, 0.000131021530251, 0.000110676635813, 0.000123523859656, 0.000116916678962, 7.67569727032e-05, 7.93748258729e-05, 7.73992578615e-05, 7.02576508047e-05, 6.30534414086e-05, 7.17271250323e-05, 5.59636901016e-05, 3.98913070967e-05, 3.84627564927e-05, 4.0302216803e-05, 4.06795625167e-05, 2.72264405794e-05, 2.17059587158e-05, 2.13815874304e-05, 1.78306672751e-05, 1.51189024109e-05, 1.56629394041e-05, 1.33602698043e-05, 1.27421144498e-05, 1.27556113512e-05, 1.28484534798e-05, 1.20562444863e-05, 1.24447451526e-05, 1.05555409391e-05, 1.02056883406e-05, 8.33559352031e-06, 8.19859724288e-06, 7.40921313991e-06],
        "dvar": [2.66794504569e-05, 6.92411504133e-06, 1.95405277736e-06, 6.8331314651e-07, 1.04196345774e-07, 3.75210021275e-07, 7.84414879718e-08, 4.09387261868e-08, 3.04751104352e-08, 1.59304693881e-08, 1.4602191456e-08, 1.33592630291e-08, 6.25070928351e-09, 6.38122399366e-09, 6.77088296541e-09, 4.45125403203e-09, 3.66548169595e-09, 7.68786634353e-09, 3.35193339751e-09, 1.53997625763e-09, 1.56587665057e-09, 1.93794225112e-09, 2.3306767627e-09, 7.17244263981e-10, 4.13369172225e-10, 3.60701579716e-10, 2.37840858119e-10, 1.7007231734e-10, 1.73325992447e-10, 1.25903051873e-10, 1.1894238372e-10, 1.24126514622e-10, 1.51250401093e-10, 1.17204593253e-10, 1.67858102418e-10, 1.12883320746e-10, 1.01110765593e-10, 8.02269084499e-11, 7.45469866392e-11, 4.61243300498e-11],
        "dvar2": [5.28349810338e-05, 1.50393116201e-05, 4.63382593807e-06, 1.97421013581e-06, 2.8825175491e-07, 1.02932312984e-06, 2.15945263449e-07, 1.13436655624e-07, 8.15592144932e-08, 4.2768824926e-08, 3.86554610543e-08, 3.32276286485e-08, 1.48078820317e-08, 1.4878855481e-08, 1.62689577365e-08, 1.11881108822e-08, 9.57414325597e-09, 1.618110268e-08, 7.7895334627e-09, 3.72466280041e-09, 3.95137922382e-09, 4.9852291184e-09, 5.77711123384e-09, 1.68840141868e-09, 1.07060238452e-09, 9.1916918521e-10, 6.22852658339e-10, 4.46312181657e-10, 4.61080951197e-10, 3.29297367152e-10, 3.13798986795e-10, 3.21166870876e-10, 3.59469481959e-10, 3.18543497135e-10, 4.30362523396e-10, 2.8996266499e-10, 2.54177623393e-10, 2.19100862453e-10, 2.07326045221e-10, 1.24196680718e-10],
        "max": [0.0729400217533, 0.0515916533768, 0.0206165034324, 0.0139696691185, 0.00711899064481, 0.0149517208338, 0.00583976041526, 0.00700342468917, 0.00545390648767, 0.00225164438598, 0.00220078090206, 0.00281164515764, 0.0016494046431, 0.00156841764692, 0.00164160912391, 0.00128536589909, 0.00149133324157, 0.00201613572426, 0.00108539545909, 0.000970790802967, 0.00101316068321, 0.00114889256656, 0.000792191189248, 0.00103439588565, 0.000635733711533, 0.000346218410414, 0.000286807888187, 0.000203891933779, 0.000258111773292, 0.000205150208785, 0.000163115168107, 0.000190170176211, 0.00024132715771, 0.000186224235222, 0.000169693506905, 0.000154562716489, 0.000199892077944, 0.000137558759889, 0.00017270076205, 7.38916569389e-05],
        "mean": [0.00709622353315, 0.00299833412282, 0.000582303095143, 0.000272653065622, 0.000168719925568, 0.00018064325559, 0.000159447576152, 0.000127642822918, 0.000115025606647, 0.000102304817119, 0.0001092617822, 0.000108014872239, 6.97768628015e-05, 7.36245638109e-05, 7.70829719841e-05, 7.14006746421e-05, 6.11751311226e-05, 6.86639396008e-05, 5.6412172853e-05, 4.07567276852e-05, 3.85947460018e-05, 4.12446643168e-05, 4.11601904489e-05, 2.91833221127e-05, 2.42422884185e-05, 2.55633076449e-05, 2.09614918276e-05, 1.77964138857e-05, 1.86258057511e-05, 1.74152282852e-05, 1.67463986145e-05, 1.61258376465e-05, 1.67850266735e-05, 1.52149095811e-05, 1.45758758663e-05, 1.28269011839e-05, 1.24343814605e-05, 1.00677625596e-05, 9.23188690649e-06, 8.22835590952e-06],
        "median": [0.000938074081205, 0.000927879707888, 0.000141152922879, 8.47426490509e-05, 7.13870686013e-05, 7.23146513337e-05, 7.53894419177e-05, 6.1178834585e-05, 5.80288542551e-05, 5.76631427975e-05, 6.27044792054e-05, 5.92169963056e-05, 4.13254274463e-05, 4.07978877774e-05, 3.76054595108e-05, 4.10596185247e-05, 3.51590497303e-05, 3.23369604303e-05, 2.70804866886e-05, 2.19512639887e-05, 2.06125023396e-05, 1.92355691979e-05, 1.82124895218e-05, 1.65614765137e-05, 1.56732530741e-05, 1.77038873517e-05, 1.4343670955e-05, 1.29297368403e-05, 1.30368944156e-05, 1.29029422169e-05, 1.29814188767e-05, 1.24542575577e-05, 1.21129623949e-05, 1.13179576147e-05, 1.09073298518e-05, 9.44953717408e-06, 8.93664946489e-06, 7.51770130591e-06, 6.64253730065e-06, 6.03802436672e-06],
        "min": [3.74434485271e-24, 5.016753827e-24, 7.45862858291e-24, 6.94058362645e-24, 8.34000867281e-24, 1.0789889578e-23, 1.60874518549e-23, 5.49614381025e-24, 1.0894737081e-23, 1.31628478675e-23, 1.41793819186e-23, 6.51966598565e-24, 1.01465435331e-23, 1.25810045742e-23, 1.15468860247e-23, 7.29433173331e-24, 8.55981135342e-24, 1.55116528138e-23, 1.82154814551e-23, 7.90408413659e-24, 6.08903391724e-24, 1.26190915676e-23, 7.775312849e-24, 7.43369584514e-24, 5.62779680672e-24, 8.3483627098e-24, 1.01511536362e-23, 9.41923034458e-24, 1.01734010915e-23, 1.28274281549e-23, 1.18230804271e-23, 1.06147387913e-23, 1.00817843637e-23, 9.1737888957e-24, 1.16965605486e-23, 1.00451307306e-23, 6.36951696197e-24, 9.18215949876e-24, 8.79841811142e-24, 9.99687295357e-24],
        "var": [9.93441208266e-05, 1.71413903445e-05, 1.97537565327e-06, 4.7853433216e-07, 9.541778212e-08, 2.74985325177e-07, 8.57072137705e-08, 4.39416467657e-08, 3.5337080817e-08, 2.13645670044e-08, 2.06716457285e-08, 2.33673045358e-08, 1.01035153577e-08, 1.1502910624e-08, 1.39285427636e-08, 8.47388026415e-09, 6.68869581943e-09, 1.52291406152e-08, 7.04424429898e-09, 3.12696402105e-09, 2.93673529939e-09, 3.55778162486e-09, 4.16575263174e-09, 1.63448143908e-09, 7.86923692875e-10, 7.77478859071e-10, 5.15594844597e-10, 3.58988699878e-10, 3.76346842579e-10, 3.19181597819e-10, 2.74843259263e-10, 2.6426463795e-10, 3.3460881288e-10, 2.67381339292e-10, 2.66477978572e-10, 1.97901126042e-10, 1.94523716579e-10, 1.31769858913e-10, 1.12041848022e-10, 7.9067190295e-11]
    },
    "mfcc": {
        "mean": [-603.614013672, 66.7803115845, 5.50337982178, 10.1517982483, 4.4997086525, 10.0384883881, 4.12789726257, 5.70878601074, 3.7754638195, 6.26563167572, 3.93670392036, 3.12896800041, 2.02963423729],
        "cov": [[10108.6582031, -2153.71484375, 412.199920654, 552.849975586, 742.968200684, 476.308502197, 574.601196289, 815.628723145, 495.865203857, 187.760299683, 292.672973633, 261.821868896, 133.243804932], [-2153.71484375, 1364.83630371, -188.786682129, -84.8265304565, -219.90296936, -92.5431976318, -129.336151123, -222.203872681, -124.104545593, -23.0776844025, -72.8217086792, -64.0910720825, -3.90920591354], [412.199920654, -188.786682129, 505.717376709, 246.308929443, 224.513290405, 143.429534912, 139.666503906, 131.873886108, 79.0711288452, 31.1526279449, 34.5243301392, 19.1225757599, -11.7828531265], [552.849975586, -84.8265304565, 246.308929443, 387.718780518, 265.43270874, 171.626602173, 161.959381104, 163.533676147, 117.187011719, 71.0146179199, 62.2755966187, 44.1102905273, 38.5420074463], [742.968200684, -219.90296936, 224.513290405, 265.43270874, 347.808868408, 216.74671936, 179.833099365, 173.88911438, 130.624847412, 75.4161453247, 80.0147399902, 62.7979431152, 39.3459968567], [476.308502197, -92.5431976318, 143.429534912, 171.626602173, 216.74671936, 246.846237183, 177.438796997, 138.658828735, 87.716293335, 59.4205284119, 64.8706054688, 44.6856269836, 34.9632034302], [574.601196289, -129.336151123, 139.666503906, 161.959381104, 179.833099365, 177.438796997, 216.831283569, 174.023361206, 97.4390792847, 55.5991172791, 58.6641845703, 52.3552970886, 38.1379165649], [815.628723145, -222.203872681, 131.873886108, 163.533676147, 173.88911438, 138.658828735, 174.023361206, 238.077636719, 145.836242676, 67.5222167969, 66.7917938232, 57.5129013062, 41.0781402588], [495.865203857, -124.104545593, 79.0711288452, 117.187011719, 130.624847412, 87.716293335, 97.4390792847, 145.836242676, 160.363571167, 84.9869918823, 62.8688354492, 46.0754318237, 33.832408905], [187.760299683, -23.0776844025, 31.1526279449, 71.0146179199, 75.4161453247, 59.4205284119, 55.5991172791, 67.5222167969, 84.9869918823, 107.324951172, 69.6421432495, 36.6822662354, 34.7815704346], [292.672973633, -72.8217086792, 34.5243301392, 62.2755966187, 80.0147399902, 64.8706054688, 58.6641845703, 66.7917938232, 62.8688354492, 69.6421432495, 112.178871155, 63.2788848877, 34.5471343994], [261.821868896, -64.0910720825, 19.1225757599, 44.1102905273, 62.7979431152, 44.6856269836, 52.3552970886, 57.5129013062, 46.0754318237, 36.6822662354, 63.2788848877, 99.2680206299, 52.5693092346], [133.243804932, -3.90920591354, -11.7828531265, 38.5420074463, 39.3459968567, 34.9632034302, 38.1379165649, 41.0781402588, 33.832408905, 34.7815704346, 34.5471343994, 52.5693092346, 92.1208190918]],
