{
"lowlevel": {
    "average_loudness": 0.729257047176,
    "barkbands_crest": {
        "dmean": 2.42834711075,
        "dmean2": 3.93040561676,
        "dvar": 6.19201850891,
        "dvar2": 15.6431541443,
        "max": 25.7813968658,
        "mean": 11.0044984818,
        "median": 9.90904712677,
        "min": 2.22327494621,
        "var": 27.1634979248
    },
    "barkbands_flatness_db": {
        "dmean": 0.0199250262231,
        "dmean2": 0.0305998120457,
        "dvar": 0.000451753905509,
        "dvar2": 0.00100154487882,
        "max": 0.441893875599,
        "mean": 0.153917044401,
        "median": 0.146649166942,
        "min": 0.027087399736,
        "var": 0.00353344809264
    },
    "barkbands_kurtosis": {
        "dmean": 2.48841714859,
        "dmean2": 4.08100795746,
        "dvar": 50.6261901855,
        "dvar2": 127.042663574,
        "max": 156.854232788,
        "mean": 3.1045832634,
        "median": 0.543956756592,
        "min": -1.8231523037,
        "var": 68.7743530273
    },
    "barkbands_skewness": {
        "dmean": 0.504671812057,
        "dmean2": 0.778487086296,
        "dvar": 0.44027069211,
        "dvar2": 0.977454483509,
        "max": 11.0964803696,
        "mean": 1.18780457973,
        "median": 0.948132872581,
        "min": -2.16739034653,
        "var": 1.75424671173
    },
    "barkbands_spread": {
        "dmean": 4.30328512192,
        "dmean2": 6.7964258194,
        "dvar": 33.4063835144,
        "dvar2": 80.3268203735,
        "max": 86.6103210449,
        "mean": 19.7894535065,
        "median": 18.6414756775,
        "min": 0.448530673981,
        "var": 109.77571106
    },
    "dissonance": {
        "dmean": 0.0174498427659,
        "dmean2": 0.0292166024446,
        "dvar": 0.000347624387359,
        "dvar2": 0.000970181834418,
        "max": 0.500000059605,
        "mean": 0.466642588377,
        "median": 0.474941432476,
        "min": 0.148203670979,
        "var": 0.000917789060622
    },
    "dynamic_complexity": 3.41454577446,
    "erbbands_crest": {
        "dmean": 2.79344415665,
        "dmean2": 4.59608268738,
        "dvar": 7.0901260376,
        "dvar2": 18.2475967407,
        "max": 27.7599067688,
        "mean": 9.28357696533,
        "median": 8.2189540863,
        "min": 1.93612265587,
        "var": 20.0623493195
    },
    "erbbands_flatness_db": {
        "dmean": 0.0158502310514,
        "dmean2": 0.0239771157503,
        "dvar": 0.000236724503338,
        "dvar2": 0.000499864050653,
        "max": 0.39639043808,
        "mean": 0.19095055759,
        "median": 0.188118621707,
        "min": 0.0538035146892,
        "var": 0.00343303149566
    },
    "erbbands_kurtosis": {
        "dmean": 0.898429691792,
        "dmean2": 1.44181358814,
        "dvar": 1.89404380322,
        "dvar2": 4.47279691696,
        "max": 33.1281356812,
        "mean": 0.623056590557,
        "median": 0.0031955242157,
        "min": -1.87623035908,
        "var": 5.03578853607
    },
    "erbbands_skewness": {
        "dmean": 0.341115504503,
        "dmean2": 0.535306096077,
        "dvar": 0.114184595644,
        "dvar2": 0.277836114168,
        "max": 5.10020256042,
        "mean": 0.103376045823,
        "median": 0.0615773573518,
        "min": -2.66599011421,
        "var": 0.587585449219
    },
    "erbbands_spread": {
        "dmean": 5.7882642746,
        "dmean2": 9.14104270935,
        "dvar": 53.537437439,
        "dvar2": 132.923446655,
        "max": 146.558731079,
        "mean": 29.7194309235,
        "median": 27.9754734039,
        "min": 2.56681776047,
        "var": 184.541152954
    },
    "hfc": {
        "dmean": 6.90464019775,
        "dmean2": 9.85624790192,
        "dvar": 268.020935059,
        "dvar2": 545.035461426,
        "max": 256.075897217,
        "mean": 21.1867790222,
        "median": 12.343132019,
        "min": 1.01392040778e-16,
        "var": 807.593200684
    },
    "melbands_crest": {
        "dmean": 3.01852583885,
        "dmean2": 4.85349464417,
        "dvar": 9.81698513031,
        "dvar2": 23.3412666321,
        "max": 36.1007919312,
        "mean": 15.5164394379,
        "median": 13.4701709747,
        "min": 1.62374579906,
        "var": 61.0737915039
    },
    "melbands_flatness_db": {
        "dmean": 0.0239002872258,
        "dmean2": 0.0357260480523,
        "dvar": 0.000766101817135,
        "dvar2": 0.00149171263911,
        "max": 0.547942280769,
        "mean": 0.191683501005,
        "median": 0.187602594495,
        "min": 0.00289812078699,
        "var": 0.00625120615587
    },
    "melbands_kurtosis": {
        "dmean": 6.18821144104,
        "dmean2": 10.1886558533,
        "dvar": 513.051086426,
        "dvar2": 1326.79016113,
        "max": 523.733703613,
        "mean": 9.93211078644,
        "median": 3.27607154846,
        "min": -1.75671553612,
        "var": 594.538513184
    },
    "melbands_skewness": {
        "dmean": 0.643696963787,
        "dmean2": 1.00211262703,
        "dvar": 0.910597205162,
        "dvar2": 2.08107995987,
        "max": 19.0411186218,
        "mean": 2.11401319504,
        "median": 1.67448532581,
        "min": -1.29757249355,
        "var": 3.34518027306
    },
    "melbands_spread": {
        "dmean": 7.2288236618,
        "dmean2": 10.9839019775,
        "dvar": 115.146278381,
        "dvar2": 242.448654175,
        "max": 177.501983643,
        "mean": 27.95403862,
        "median": 23.6427173615,
        "min": 0.508231401443,
        "var": 527.068237305
    },
    "pitch_salience": {
        "dmean": 0.0672836825252,
        "dmean2": 0.108555972576,
        "dvar": 0.00482194684446,
        "dvar2": 0.0114049147815,
        "max": 0.981975317001,
        "mean": 0.534964025021,
        "median": 0.556016743183,
        "min": 0.094992980361,
        "var": 0.0215720217675
    },
    "silence_rate_20dB": {
        "dmean": 0,
        "dmean2": 0,
        "dvar": 0,
        "dvar2": 0,
        "max": 1,
        "mean": 1,
        "median": 1,
        "min": 1,
        "var": 0
    },
    "silence_rate_30dB": {
        "dmean": 0.00476106489077,
        "dmean2": 0.00952296983451,
        "dvar": 0.00473856879398,
        "dvar2": 0.0111964317039,
        "max": 1,
        "mean": 0.993740618229,
        "median": 1,
        "min": 0,
        "var": 0.00621966831386
    },
    "silence_rate_60dB": {
        "dmean": 0.019396930933,
        "dmean2": 0.0387972854078,
        "dvar": 0.0190231613815,
        "dvar2": 0.0436358675361,
        "max": 1,
        "mean": 0.0904522612691,
        "median": 0,
        "min": 0,
        "var": 0.0822675228119
    },
    "spectral_centroid": {
        "dmean": 239.805496216,
        "dmean2": 360.051483154,
        "dvar": 88940.7734375,
        "dvar2": 167704.5,
        "max": 11735.8876953,
        "mean": 1611.6842041,
        "median": 1410.74987793,
        "min": 162.996109009,
        "var": 1671723.5
    },
    "spectral_complexity": {
        "dmean": 3.66443300247,
        "dmean2": 5.5659995079,
        "dvar": 21.4047851562,
        "dvar2": 38.8703994751,
        "max": 65,
        "mean": 19.3812923431,
        "median": 18,
        "min": 0,
        "var": 119.297561646
    },
    "spectral_decrease": {
        "dmean": 1.3098762075e-09,
        "dmean2": 2.0789219235e-09,
        "dvar": 6.36657384194e-18,
        "dvar2": 1.60277046661e-17,
        "max": 2.21606695717e-28,
        "mean": -6.46314868291e-09,
        "median": -3.20109116991e-09,
        "min": -3.88349192804e-08,
        "var": 4.92234701538e-17
    },
    "spectral_energy": {
        "dmean": 0.00526442984119,
        "dmean2": 0.0083330841735,
        "dvar": 9.35622956604e-05,
        "dvar2": 0.000237837870372,
        "max": 0.1480922997,
        "mean": 0.0263152439147,
        "median": 0.0134731158614,
        "min": 1.00054498659e-20,
        "var": 0.000759137852583
    },
    "spectral_energyband_high": {
        "dmean": 0.000546844676137,
        "dmean2": 0.000765572011005,
        "dvar": 3.49531546817e-06,
        "dvar2": 6.98820394973e-06,
        "max": 0.0271045193076,
        "mean": 0.000936377444305,
        "median": 0.000163346543559,
        "min": 6.52286358284e-21,
        "var": 6.48620380161e-06
    },
    "spectral_energyband_low": {
        "dmean": 0.0029799642507,
        "dmean2": 0.00476785982028,
        "dvar": 9.25370768528e-05,
        "dvar2": 0.000226604635827,
        "max": 0.141990453005,
        "mean": 0.0120868440717,
        "median": 0.000239693341427,
        "min": 8.95809223611e-24,
        "var": 0.000532694743015
    },
    "spectral_energyband_middle_high": {
        "dmean": 0.00206274213269,
        "dmean2": 0.00308338040486,
        "dvar": 1.24769894683e-05,
        "dvar2": 2.56385355897e-05,
        "max": 0.0648403316736,
        "mean": 0.00688202679157,
        "median": 0.0037343709264,
        "min": 1.1804666047e-21,
        "var": 7.45945362723e-05
    },
    "spectral_energyband_middle_low": {
        "dmean": 0.00265882746316,
        "dmean2": 0.00439263135195,
        "dvar": 3.4804623283e-05,
        "dvar2": 0.000100717079476,
        "max": 0.0974998548627,
        "mean": 0.00667161913589,
        "median": 0.00533654354513,
        "min": 1.59435503729e-22,
        "var": 3.9321686927e-05
    },
    "spectral_entropy": {
        "dmean": 0.141249895096,
        "dmean2": 0.212240055203,
        "dvar": 0.0242628715932,
        "dvar2": 0.0514337643981,
        "max": 9.83226680756,
        "mean": 7.55903959274,
        "median": 7.5619020462,
        "min": 5.42983722687,
        "var": 0.289970308542
    },
    "spectral_flux": {
        "dmean": 0.0189888477325,
        "dmean2": 0.0296567697078,
        "dvar": 0.00083741574781,
        "dvar2": 0.00173720007297,
        "max": 0.378321945667,
        "mean": 0.0676071718335,
        "median": 0.056985039264,
        "min": 6.38188668578e-11,
        "var": 0.00225914129987
    },
    "spectral_kurtosis": {
        "dmean": 2.19776391983,
        "dmean2": 3.79896855354,
        "dvar": 11.2581386566,
        "dvar2": 34.349193573,
        "max": 109.409873962,
        "mean": 6.02991437912,
        "median": 4.5900478363,
        "min": -1.27519655228,
        "var": 42.7249183655
    },
    "spectral_rms": {
        "dmean": 0.000502429436892,
        "dmean2": 0.000789055018686,
        "dvar": 4.88582372782e-07,
        "dvar2": 1.1605425243e-06,
        "max": 0.0120199956,
        "mean": 0.00440070359036,
        "median": 0.00362553494051,
        "min": 3.12432631849e-12,
        "var": 6.30714612271e-06
    },
    "spectral_rolloff": {
        "dmean": 442.669281006,
        "dmean2": 696.235717773,
        "dvar": 586586.4375,
        "dvar2": 1120173.875,
        "max": 19573.6816406,
        "mean": 1931.64025879,
        "median": 1507.32421875,
        "min": 64.599609375,
        "var": 5898540.5
    },
    "spectral_skewness": {
        "dmean": 0.236415848136,
        "dmean2": 0.397966265678,
        "dvar": 0.0737987309694,
        "dvar2": 0.210522070527,
        "max": 8.37179851532,
        "mean": 1.65154588223,
        "median": 1.55683398247,
        "min": -0.0679260566831,
        "var": 0.399979233742
    },
    "spectral_spread": {
        "dmean": 391588.21875,
        "dmean2": 599032.4375,
        "dvar": 401449648128,
        "dvar2": 800629915648,
        "max": 43303304,
        "mean": 4229898.5,
        "median": 3586036.75,
        "min": 682204.6875,
        "var": 2.02442130063e+13
    },
    "spectral_strongpeak": {
        "dmean": 0.445342123508,
        "dmean2": 0.754074394703,
        "dvar": 0.692427694798,
        "dvar2": 1.82100105286,
        "max": 11.8703365326,
        "mean": 0.942112565041,
        "median": 0.528511047363,
        "min": 0,
        "var": 1.33491790295
    },
    "zerocrossingrate": {
        "dmean": 0.00923623051494,
        "dmean2": 0.0106091918424,
        "dvar": 0.000171072315425,
        "dvar2": 0.000196258668439,
        "max": 0.677734375,
        "mean": 0.0659273564816,
        "median": 0.0546875,
        "min": 0.00244140625,
        "var": 0.00399980926886
    },
    "barkbands": {
        "dmean": [0.000348540343111, 0.00265907077119, 0.000605556939263, 0.00042852043407, 0.000814961385913, 0.000828484829981, 0.000626537017524, 0.000488999881782, 0.000501158297993, 0.000484817108372, 0.000379808072466, 0.000566606468055, 0.000579646497499, 0.000509489094839, 0.000508446537424, 0.000244164722972, 0.000300805055303, 0.000242527603405, 0.000214853236685, 0.000199150439585, 0.00019300787244, 0.000120502787468, 8.27195253805e-05, 7.84648218541e-05, 3.88766529795e-05, 1.70387356775e-05, 5.32930152986e-06],
        "dmean2": [0.000473388849059, 0.00436024786904, 0.00108007888775, 0.000777103530709, 0.00137450720649, 0.00136431411374, 0.001019267831, 0.000732025539037, 0.00078062916873, 0.000743543496355, 0.000615415454376, 0.000900960643776, 0.000892011739779, 0.000802920199931, 0.000791947881225, 0.00038989080349, 0.000491012702696, 0.000385157647543, 0.000333919655532, 0.000318890146445, 0.000299353821902, 0.00018654455198, 0.000123864418129, 0.000116082752356, 5.70563715883e-05, 2.48274664045e-05, 8.1904745457e-06],
        "dvar": [1.43083593684e-06, 8.1465288531e-05, 1.23657728182e-05, 6.69526843922e-06, 4.2325132199e-06, 2.76488049167e-06, 1.82460178166e-06, 1.24261214296e-06, 1.83642544016e-06, 1.83033762369e-06, 1.35836319259e-06, 1.7046247649e-06, 2.79987625618e-06, 1.72761178874e-06, 1.34535468987e-06, 2.40932280349e-07, 4.56070353039e-07, 4.50666277629e-07, 3.18754530326e-07, 3.83696743711e-07, 5.4498548252e-07, 1.78461448286e-07, 5.96737805836e-08, 8.14949103756e-08, 1.77703913806e-08, 4.74591521638e-09, 7.518142775e-10],
        "dvar2": [2.53488337876e-06, 0.000218408968067, 3.62737810065e-05, 1.97966292035e-05, 1.22239598568e-05, 7.34955483495e-06, 4.58249860458e-06, 2.34655681197e-06, 3.89233400711e-06, 3.95983624912e-06, 3.28599435306e-06, 3.74264163838e-06, 5.91154912399e-06, 3.488650691e-06, 2.8595322874e-06, 5.846015938e-07, 1.15681859825e-06, 1.02720673567e-06, 6.70234442168e-07, 9.08383356091e-07, 1.26856468796e-06, 4.1658395844e-07, 1.15941297452e-07, 1.68362717545e-07, 3.55854865575e-08, 9.80238912263e-09, 1.73915271073e-09],
        "max": [0.0325800925493, 0.114553004503, 0.052622936666, 0.0461086183786, 0.0338169410825, 0.0262975469232, 0.0267967022955, 0.0257179010659, 0.0506792217493, 0.0316728129983, 0.0306612178683, 0.0290774703026, 0.037852589041, 0.0277568791062, 0.0264601819217, 0.0101957852021, 0.0108208870515, 0.0101122688502, 0.0171394292265, 0.00973215792328, 0.0134265748784, 0.00788150914013, 0.00353070255369, 0.00967331323773, 0.0019294959493, 0.00101347023156, 0.000529961194843],
        "mean": [0.00142791087274, 0.00975010357797, 0.000765072472859, 0.000479903625092, 0.00169303268194, 0.00145751179662, 0.00101797271054, 0.000845891947392, 0.000925491040107, 0.00079412368359, 0.000598712416831, 0.0010138512589, 0.000966127496213, 0.000868512550369, 0.000941749545746, 0.000425531732617, 0.000523076043464, 0.000369052111637, 0.000359361816663, 0.000285510643153, 0.000269153795671, 0.000170709521626, 0.000148433988215, 0.000124209560454, 6.07982256042e-05, 2.60883352894e-05, 7.21086735211e-06],
        "median": [1.01598163837e-06, 5.28221826244e-05, 8.4161569248e-05, 9.21115788515e-05, 0.000946857151575, 0.000651587266475, 0.000410473992815, 0.000207948178286, 0.000323398504406, 0.000205436415854, 0.000189456390217, 0.000301087973639, 0.000254370854236, 0.000310966861434, 0.000318575388519, 0.000173423351953, 0.000217577297008, 0.000124753962155, 0.000142142525874, 5.49427859369e-05, 3.17787998938e-05, 2.17413235077e-05, 3.08572161885e-05, 1.906732723e-05, 8.22252059152e-06, 1.52632685513e-06, 1.74790528717e-08],
        "min": [1.25133332262e-25, 1.05314409961e-24, 1.08861582186e-24, 1.32670538293e-24, 6.29966608982e-24, 6.93601296636e-24, 8.54048031693e-24, 4.90350022229e-24, 1.57765665053e-23, 1.35899939596e-23, 1.47591236865e-23, 2.38393402682e-23, 1.92000382405e-23, 1.93340515088e-23, 3.72767133085e-23, 4.78222374439e-23, 5.80859993966e-23, 8.42574507366e-23, 1.2039321243e-22, 1.35604116757e-22, 2.47215754833e-22, 3.11034071951e-22, 3.29002303888e-22, 5.65657192819e-22, 8.63947841624e-22, 1.25750082847e-21, 1.83153903101e-21],
        "var": [1.52764587256e-05, 0.000368691049516, 8.06438129075e-06, 3.74006663151e-06, 5.24415600012e-06, 5.69494386582e-06, 3.53425753019e-06, 4.21374215875e-06, 6.17104478806e-06, 4.09387848777e-06, 2.71323756351e-06, 6.0326797211e-06, 6.6316547418e-06, 3.4035583667e-06, 3.19723812936e-06, 5.03179649058e-07, 8.00393706868e-07, 7.07089498064e-07, 5.77858884299e-07, 5.99321367645e-07, 7.35546166197e-07, 2.44216778356e-07, 1.43430511912e-07, 1.58682013307e-07, 3.26113500648e-08, 7.78399744661e-09, 1.20013132765e-09]
    },
    "erbbands": {
        "dmean": [0.117628209293, 0.458889454603, 0.623043060303, 1.11761450768, 1.85859370232, 3.47193360329, 2.95283317566, 8.50378990173, 9.0761346817, 12.2490367889, 7.80180120468, 10.8242673874, 13.1132249832, 15.7642240524, 16.6478099823, 22.5868282318, 26.583442688, 27.6057052612, 24.6321353912, 20.2423534393, 13.5929050446, 14.54874897, 13.0586690903, 11.7441205978, 10.403424263, 9.63851737976, 8.52856731415, 6.65876531601, 4.69913005829, 3.10081958771, 2.21715378761, 1.920378685, 1.21823751926, 0.55916428566, 0.227268740535, 0.0827533751726, 0.0288377385587, 0.00855627655983, 0.00102720211726, 2.03697563848e-05],
        "dmean2": [0.189452439547, 0.756932318211, 1.06847631931, 2.01188921928, 3.17721438408, 5.8573923111, 4.72780656815, 14.1229982376, 14.6577301025, 19.1901569366, 11.6970777512, 16.7113304138, 20.6548194885, 24.5374698639, 26.2851848602, 35.8411140442, 40.5816802979, 42.9411277771, 38.6029853821, 30.9895343781, 21.6626052856, 23.2173137665, 20.7026100159, 18.6087417603, 16.2035980225, 15.3904266357, 13.5339260101, 10.1192846298, 7.26760196686, 4.46319723129, 3.26087141037, 2.90974473953, 1.88633263111, 0.829518079758, 0.327896118164, 0.122986510396, 0.0424974411726, 0.0125433560461, 0.00160115933977, 3.09635870508e-05],
        "dvar": [0.18386515975, 2.84059882164, 10.6296348572, 50.6240310669, 53.6230659485, 60.1059074402, 40.1565933228, 339.943145752, 317.373687744, 701.819091797, 420.724945068, 1119.87255859, 1546.85058594, 1991.15075684, 1607.06262207, 2835.25439453, 6719.64746094, 6042.28271484, 4233.62890625, 1955.10522461, 786.058044434, 1103.51074219, 1144.55895996, 1098.71594238, 781.744384766, 931.71673584, 1111.54504395, 656.648803711, 289.763214111, 77.6935577393, 46.3610687256, 54.7381401062, 18.604133606, 3.39985823631, 0.744814872742, 0.0947581976652, 0.014862566255, 0.00167522660922, 3.27249326801e-05, 6.49015996501e-09],
        "dvar2": [0.499671459198, 7.07397603989, 29.4776916504, 148.104629517, 156.440673828, 170.757583618, 104.813644409, 907.950195312, 775.895874023, 1573.82385254, 746.70513916, 2332.73486328, 3706.62133789, 4427.19238281, 3665.69995117, 6131.9375, 13876.1523438, 11337.7324219, 9211.91992188, 4139.25048828, 1942.66748047, 2637.42041016, 2488.42919922, 2640.83862305, 1652.46240234, 2153.57226562, 2686.5703125, 1519.87548828, 679.832275391, 136.537231445, 88.4303588867, 124.248191833, 39.9187202454, 6.75877809525, 1.59673714638, 0.1861846596, 0.0327864736319, 0.00380567274988, 7.73197243689e-05, 1.52058117209e-08],
        "max": [7.05113315582, 20.655834198, 51.314201355, 120.15612793, 132.212615967, 109.464523315, 117.518241882, 330.699310303, 363.770111084, 691.868286133, 702.039672852, 1347.45605469, 890.45880127, 1182.9206543, 880.795837402, 1418.81335449, 1809.17919922, 1764.77893066, 1572.95385742, 1193.00244141, 446.402709961, 568.852905273, 480.817718506, 674.640319824, 979.273620605, 405.115264893, 728.523986816, 666.766967773, 321.783081055, 144.058486938, 101.768989563, 228.397720337, 113.655212402, 29.0246505737, 15.942530632, 4.9464507103, 1.76194500923, 0.785124659538, 0.13567738235, 0.00178672582842],
        "mean": [0.472078591585, 1.42319226265, 0.99464392662, 1.38581764698, 3.18409895897, 6.90393352509, 5.74342441559, 14.5528850555, 15.0232629776, 20.1831073761, 15.5337333679, 20.531999588, 22.6298027039, 27.6252479553, 30.3604488373, 41.1646652222, 46.7168464661, 49.9839782715, 44.9010162354, 39.7436294556, 25.1314926147, 26.8903541565, 21.7265167236, 19.2728176117, 17.1990299225, 14.1707401276, 11.6851911545, 9.07451343536, 6.40657567978, 5.34952497482, 3.85458827019, 2.89437913895, 1.85540020466, 0.862533152103, 0.344837725163, 0.130589798093, 0.0436527505517, 0.0123021854088, 0.00129548844416, 5.14578132425e-05],
        "median": [0.00068749935599, 0.0162694659084, 0.0986887812614, 0.296908468008, 1.38435053825, 3.02669072151, 3.36928677559, 5.84245204926, 6.72790002823, 6.32315444946, 4.8442773819, 7.25852251053, 8.79779911041, 7.87446689606, 10.9361305237, 14.1714477539, 13.5988311768, 17.3176956177, 17.1220474243, 15.4112033844, 10.7971725464, 11.793299675, 8.42161178589, 7.10958003998, 6.51168346405, 2.7555077076, 1.53513133526, 1.02303040028, 0.821532309055, 0.843280911446, 0.811005294323, 0.521446406841, 0.25638115406, 0.125851660967, 0.0343884415925, 0.0102877989411, 0.00205257162452, 0.000210277285078, 2.28295612033e-05, 1.86529796338e-05],
        "min": [7.29338446914e-23, 4.50907693253e-22, 1.54916388447e-21, 5.07542312278e-21, 7.96413936631e-21, 2.09329524675e-20, 4.71495243289e-20, 5.93268604854e-20, 1.09098014212e-19, 1.59223272327e-19, 1.90044577713e-19, 3.55111506252e-19, 5.14365099918e-19, 7.11089329099e-19, 7.04686589266e-19, 1.08673313836e-18, 1.12215518354e-18, 1.26842863319e-18, 1.77189759309e-18, 2.64011525622e-18, 3.46897256387e-18, 3.63088117466e-18, 5.00629972642e-18, 6.19000676351e-18, 6.77489790284e-18, 6.72624148485e-18, 8.57497278311e-18, 1.10083272142e-17, 1.05237548852e-17, 9.69001059447e-18, 1.10528270496e-17, 1.11566398708e-17, 9.23530362149e-18, 7.89329654903e-18, 5.65052494468e-18, 3.72351299556e-18, 2.28869729235e-18, 9.36986874315e-19, 2.23976340696e-19, 2.87647792865e-20],
        "var": [0.962229788303, 10.065571785, 8.44440841675, 29.5031547546, 39.3907241821, 106.309455872, 59.9049568176, 726.536743164, 595.423706055, 1695.86682129, 1928.97766113, 4002.71508789, 2562.56567383, 4677.99560547, 4470.49755859, 7959.36230469, 15374.4472656, 13304.0390625, 8698.93066406, 5305.94042969, 1677.63928223, 2061.08813477, 1968.1015625, 1784.41943359, 1329.86279297, 1516.1932373, 1384.6583252, 878.199768066, 370.082550049, 202.038024902, 99.2102813721, 84.7665100098, 35.9624557495, 6.4277715683, 1.20728242397, 0.164229020476, 0.0236956235021, 0.0026485491544, 4.60142655356e-05, 1.14235101378e-08]
    },
    "gfcc": {
        "mean": [-46.5545692444, 91.2978744507, -149.526504517, 17.7487792969, -61.2594871521, 5.63744211197, -45.6257324219, -0.163406342268, -21.2655735016, -3.26656723022, -7.85381174088, -1.82655882835, -8.37264823914],
        "cov": [[27522.3808594, -1391.7722168, -1546.98461914, 1800.79455566, -741.456298828, 1521.5645752, -278.501281738, 723.753417969, -121.826858521, 693.079345703, -273.666809082, 303.878295898, -170.598693848], [-1391.7722168, 2376.2409668, -356.082244873, -141.921875, 266.57434082, -337.053131104, 133.639770508, -241.777359009, 164.212966919, -274.16494751, 223.547744751, -125.981575012, 152.335098267], [-1546.98461914, -356.082244873, 1426.28125, 344.581115723, 388.162536621, 405.050354004, 307.042816162, 319.579956055, 172.879821777, 260.017822266, 5.71593379974, 125.810142517, -3.77445173264], [1800.79455566, -141.921875, 344.581115723, 646.528198242, 213.792694092, 346.443206787, 200.466018677, 191.955490112, 158.983795166, 162.027740479, 41.5742950439, 67.2749938965, 69.4879455566], [-741.456298828, 266.57434082, 388.162536621, 213.792694092, 461.330627441, 147.304031372, 272.428771973, 61.3473968506, 144.293228149, 81.6423339844, 71.1470565796, 38.7875518799, 77.6336288452], [1521.5645752, -337.053131104, 405.050354004, 346.443206787, 147.304031372, 532.378173828, 238.652755737, 202.078338623, 89.4853515625, 181.340881348, 1.96160197258, 93.5252151489, 28.4068222046], [-278.501281738, 133.639770508, 307.042816162, 200.466018677, 272.428771973, 238.652755737, 562.627197266, 110.923591614, 202.114547729, 147.700637817, 62.0377235413, 85.7673339844, 99.1519241333], [723.753417969, -241.777359009, 319.579956055, 191.955490112, 61.3473968506, 202.078338623, 110.923591614, 258.71774292, 94.3957977295, 134.732208252, -11.4181470871, 55.8952217102, -11.2671375275], [-121.826858521, 164.212966919, 172.879821777, 158.983795166, 144.293228149, 89.4853515625, 202.114547729, 94.3957977295, 214.689468384, 90.0442657471, 58.0871658325, 24.7319221497, 52.7358818054], [693.079345703, -274.16494751, 260.017822266, 162.027740479, 81.6423339844, 181.340881348, 147.700637817, 134.732208252, 90.0442657471, 220.701324463, 3.57886815071, 67.9681167603, 0.133469760418], [-273.666809082, 223.547744751, 5.71593379974, 41.5742950439, 71.1470565796, 1.96160197258, 62.0377235413, -11.4181470871, 58.0871658325, 3.57886815071, 131.750137329, 24.1925678253, 36.9674491882], [303.878295898, -125.981575012, 125.810142517, 67.2749938965, 38.7875518799, 93.5252151489, 85.7673339844, 55.8952217102, 24.7319221497, 67.9681167603, 24.1925678253, 114.657150269, 25.8741264343], [-170.598693848, 152.335098267, -3.77445173264, 69.4879455566, 77.6336288452, 28.4068222046, 99.1519241333, -11.2671375275, 52.7358818054, 0.133469760418, 36.9674491882, 25.8741264343, 102.76209259]],
        "icov": [[0.00012059101573, -0.000112870504381, 0.000339413702022, -0.000370287423721, 0.000123219346278, -0.000314116245136, 0.000132031957037, -0.000200499154744, 0.000202795272344, -0.000382413563784, 0.000287276256131, -0.00034285383299, 0.00035414667218], [-0.000112870504381, 0.00094397040084, -0.000225328782108, 0.000480400281958, -0.000548010517377, 0.00051166821504, -0.000256146304309, 0.000316202000249, -0.000845608126838, 0.00127182691358, -0.00116682366934, 0.000951809633989, -0.000753071915824], [0.000339413702022, -0.000225328782108, 0.00233275070786, -0.000930412032176, -0.000771939521655, -0.00116692809388, 0.000432192260632, -0.00149671139661, 0.000447475293186, -0.00128796882927, 0.00100720091723, -0.00147476908751, 0.00171800458338], [-0.000370287423721, 0.000480400281958, -0.000930412032176, 0.00422808993608, -0.00113272725139, -0.000504587369505, 0.000269933458185, -0.000257434934611, -0.00166426878422, 0.000800959067419, -0.00124480482191, 0.00149901781697, -0.00259013520554], [0.000123219346278, -0.000548010517377, -0.000771939521655, -0.00113272725139, 0.00467909965664, -0.000272944394965, -0.0010008570971, 0.000728949264158, 2.84635370917e-05, -0.000680699769873, -0.000267752271611, 0.000212063940126, -0.000630110094789], [-0.000314116245136, 0.00051166821504, -0.00116692809388, -0.000504587369505, -0.000272944394965, 0.00509177846834, -0.00151995068882, -0.00071575230686, 0.000857075385284, 0.000260457250988, -0.000751701532863, 0.00045923696598, -0.00108028063551], [0.000132031957037, -0.000256146304309, 0.000432192260632, 0.000269933458185, -0.0010008570971, -0.00151995068882, 0.00413836119696, 5.93716722506e-05, -0.0020716546569, -0.00134588475339, 0.000786547665484, -0.00145387835801, -0.00122993160039], [-0.000200499154744, 0.000316202000249, -0.00149671139661, -0.000257434934611, 0.000728949264158, -0.00071575230686, 5.93716722506e-05, 0.00894702039659, -0.00339942914434, -0.000576383434236, 0.000788190925959, -0.000840453023557, 0.0015617137542], [0.000202795272344, -0.000845608126838, 0.000447475293186, -0.00166426878422, 2.84635370917e-05, 0.000857075385284, -0.0020716546569, -0.00339942914434, 0.0114980032668, -0.00347479735501, -0.00185206311289, 0.00184751092456, -0.00159525778145], [-0.000382413563784, 0.00127182691358, -0.00128796882927, 0.000800959067419, -0.000680699769873, 0.000260457250988, -0.00134588475339, -0.000576383434236, -0.00347479735501, 0.0113839050755, -0.00102315132972, -0.00135941745248, 0.00104729190934], [0.000287276256131, -0.00116682366934, 0.00100720091723, -0.00124480482191, -0.000267752271611, -0.000751701532863, 0.000786547665484, 0.000788190925959, -0.00185206311289, -0.00102315132972, 0.0118369627744, -0.0043147248216, 0.000602895743214], [-0.00034285383299, 0.000951809633989, -0.00147476908751, 0.00149901781697, 0.000212063940126, 0.00045923696598, -0.00145387835801, -0.000840453023557, 0.00184751092456, -0.00135941745248, -0.0043147248216, 0.0149532724172, -0.00518367346376], [0.00035414667218, -0.000753071915824, 0.00171800458338, -0.00259013520554, -0.000630110094789, -0.00108028063551, -0.00122993160039, 0.0015617137542, -0.00159525778145, 0.00104729190934, 0.000602895743214, -0.00518367346376, 0.0172882638872]]
    },
    "melbands": {
        "dmean": [0.00086550769629, 0.000369609508198, 0.000210156082176, 0.000183004653081, 0.000120298267575, 0.000182397154276, 0.000137784387334, 0.000132027984364, 6.2325008912e-05, 6.91954046488e-05, 6.64789986331e-05, 6.57898490317e-05, 5.58005958737e-05, 6.4115251007e-05, 6.77357020322e-05, 5.05651114509e-05, 5.33744132554e-05, 4.05814716942e-05, 3.14941826218e-05, 2.18583172682e-05, 1.75876921276e-05, 1.66764202731e-05, 1.53284890985e-05, 1.19747528515e-05, 1.0002558156e-05, 8.42506233312e-06, 7.75707940193e-06, 6.25108486929e-06, 5.78764138481e-06, 4.62480784336e-06, 4.00332783101e-06, 3.04880927615e-06, 2.00452222998e-06, 1.93534992832e-06, 1.38658265314e-06, 1.30970397549e-06, 1.18304740226e-06, 9.49050388499e-07, 6.34396144505e-07, 4.56162609908e-07],
        "dmean2": [0.00140751118306, 0.000586618552916, 0.000374527677195, 0.000310332747176, 0.000195247339434, 0.000302016647765, 0.00022268932662, 0.000204578696867, 9.36784490477e-05, 0.00010765400657, 0.000104653867311, 0.000102163598058, 8.95576886251e-05, 0.00010243961151, 0.000105978615466, 7.6320466178e-05, 8.4010505816e-05, 6.40595317236e-05, 4.85814125568e-05, 3.43460233125e-05, 2.85822534352e-05, 2.71583066933e-05, 2.39357195824e-05, 1.92472598428e-05, 1.60943727678e-05, 1.31152282847e-05, 1.25628539536e-05, 1.0036283129e-05, 9.2333448265e-06, 7.44020007915e-06, 6.28053066976e-06, 4.83367875859e-06, 3.13350687975e-06, 2.78229254036e-06, 2.0777060854e-06, 2.02475985134e-06, 1.80373422154e-06, 1.47801983985e-06, 9.8680584415e-07, 6.71708392019e-07],
        "dvar": [8.87952955964e-06, 2.2567214728e-06, 1.49916036207e-06, 2.51485857916e-07, 6.00803957695e-08, 1.44546802971e-07, 7.3700086034e-08, 7.57611218205e-08, 2.76531526566e-08, 3.61598111454e-08, 3.86285208265e-08, 3.71397028687e-08, 2.62481467672e-08, 2.28744152508e-08, 3.61814969096e-08, 1.61837352408e-08, 2.05154631061e-08, 1.08967697088e-08, 4.33385460852e-09, 2.1502510883e-09, 1.47669076966e-09, 1.66908054045e-09, 1.13580711503e-09, 1.26605548267e-09, 8.37529934294e-10, 4.6376591456e-10, 5.58262602812e-10, 4.07429395777e-10, 4.82715423189e-10, 3.11152020815e-10, 2.60936050545e-10, 1.2503835467e-10, 3.95125321351e-11, 3.29253915798e-11, 1.82227167383e-11, 2.1013329965e-11, 2.13345105471e-11, 1.10141253756e-11, 4.76599402305e-12, 2.3082169856e-12],
        "dvar2": [2.40011740971e-05, 5.2515488278e-06, 4.37017115473e-06, 7.30824183393e-07, 1.63157807265e-07, 3.82424900636e-07, 1.8394889878e-07, 1.67259074146e-07, 5.22627026101e-08, 7.59583613785e-08, 9.24373892985e-08, 8.15881975313e-08, 6.30182555028e-08, 5.08171247304e-08, 7.36736609497e-08, 3.09926733166e-08, 4.02889561713e-08, 2.41865478756e-08, 9.35336164076e-09, 5.0386796957e-09, 3.78090048159e-09, 4.21170653908e-09, 2.66976085683e-09, 3.08621284084e-09, 2.04871830611e-09, 9.64619273347e-10, 1.41926248531e-09, 9.07039832132e-10, 1.1646870135e-09, 7.47102213428e-10, 6.37565944483e-10, 3.04365838089e-10, 8.79429723488e-11, 6.76461595073e-11, 3.42807796039e-11, 5.14974347887e-11, 4.71364197674e-11, 2.36816937588e-11, 1.07527667326e-11, 4.522509537e-12],
        "max": [0.0433528348804, 0.023836158216, 0.021059025079, 0.00812931545079, 0.00431367196143, 0.00646358635277, 0.00538269011304, 0.00626723095775, 0.00564618315548, 0.0072655538097, 0.00437422515824, 0.00515429629013, 0.004255047068, 0.00375507236458, 0.00385783961974, 0.00255142454989, 0.00298101548105, 0.0024316618219, 0.00163047364913, 0.0010675896192, 0.000630291586276, 0.000700947479345, 0.000883217668161, 0.000561976805329, 0.000603143300395, 0.000795921252575, 0.000645521387924, 0.000323254847899, 0.000436490867287, 0.00033259569318, 0.000472305633593, 0.000238848704612, 0.000100342971564, 9.6630617918e-05, 6.53074675938e-05, 7.33406341169e-05, 0.000174515764229, 0.000104367907625, 3.30671427946e-05, 2.74384256045e-05],
        "mean": [0.00339802657254, 0.000953999930061, 0.000286607566522, 0.000368905864889, 0.000236978929024, 0.000315820419928, 0.000230068617384, 0.000218479763134, 0.000127694496769, 0.000128632294945, 0.000111546250992, 0.000110516659333, 9.39022065722e-05, 0.000115379436465, 0.000109132401121, 9.31881149882e-05, 9.02405299712e-05, 6.82071986375e-05, 5.86633650528e-05, 4.01353136112e-05, 2.84367706627e-05, 2.78434963548e-05, 2.5515235393e-05, 1.69657960214e-05, 1.52603479364e-05, 1.35942300403e-05, 1.08681379061e-05, 8.80558673089e-06, 7.52551068217e-06, 6.13441898167e-06, 5.0039720918e-06, 3.77005585506e-06, 2.90537604997e-06, 3.06076185552e-06, 2.27031341637e-06, 1.86896659216e-06, 1.72922523234e-06, 1.42597150443e-06, 9.05591150513e-07, 6.59529007407e-07],
        "median": [1.0483296137e-05, 4.27807972301e-05, 7.66227749409e-05, 0.000186889665201, 0.000136290807859, 0.000131258188048, 0.000100663048215, 6.41367587377e-05, 3.65525811503e-05, 4.64339354949e-05, 4.16994917032e-05, 2.77336530417e-05, 3.20309591189e-05, 3.3898253605e-05, 3.1983207009e-05, 2.52402132901e-05, 2.83521603706e-05, 2.48450269282e-05, 2.04451735044e-05, 1.4903031115e-05, 1.11891558845e-05, 1.20426275316e-05, 8.67156813911e-06, 5.52615392735e-06, 5.13136728841e-06, 5.12147698828e-06, 2.92982872452e-06, 1.30207581606e-06, 9.85185010904e-07, 6.94077243679e-07, 5.37165874448e-07, 4.59164425592e-07, 3.77547905828e-07, 4.95748508911e-07, 4.52119508054e-07, 3.95570708633e-07, 2.53535745287e-07, 1.8199429519e-07, 1.22247215018e-07, 9.05720440869e-08],
        "min": [8.97434395405e-25, 1.43861457145e-24, 9.5407046688e-25, 1.07603585701e-24, 1.43164094244e-24, 1.42018865425e-24, 1.58834520304e-24, 1.89166281274e-24, 1.81698154806e-24, 2.27554442011e-24, 2.41547237026e-24, 2.50119571547e-24, 2.80749383889e-24, 2.39272517163e-24, 2.26720655477e-24, 2.04489174662e-24, 1.94196334507e-24, 2.53838873221e-24, 2.8704861571e-24, 2.52151144757e-24, 2.48092435679e-24, 3.40091859636e-24, 3.3331412451e-24, 3.13889844669e-24, 4.71953983134e-24, 4.34385192498e-24, 4.24444401244e-24, 3.6289723676e-24, 4.00304547569e-24, 4.17166962178e-24, 5.83293416867e-24, 4.75371999107e-24, 4.8587942915e-24, 4.57154124248e-24, 5.64142161784e-24, 6.18228753143e-24, 5.91642207928e-24, 5.58785322921e-24, 5.30875502981e-24, 5.58949366547e-24],
        "var": [4.5692515414e-05, 4.5928200052e-06, 8.93069113772e-07, 2.84285590624e-07, 9.40059123877e-08, 3.11210072823e-07, 1.36814946927e-07, 1.94213910731e-07, 1.46785808397e-07, 1.23232879901e-07, 6.44998152666e-08, 8.59208952875e-08, 5.56792265627e-08, 8.76128893879e-08, 7.1710502425e-08, 5.20583256503e-08, 4.28044764078e-08, 2.10153316971e-08, 1.07591446863e-08, 5.35723332362e-09, 2.66832955731e-09, 2.59830623683e-09, 2.22119744819e-09, 1.65213387415e-09, 1.27367405511e-09, 8.22432899561e-10, 7.25510596045e-10, 6.79396316983e-10, 5.90431870062e-10, 3.94170696083e-10, 3.00598546055e-10, 1.4166146034e-10, 6.46745643151e-11, 7.32324825781e-11, 3.78557983571e-11, 2.75729647448e-11, 3.47792905586e-11, 2.25036291684e-11, 7.58946898383e-12, 4.10429806461e-12]
    },
    "mfcc": {
        "mean": [-665.827514648, 116.647201538, -27.4732494354, 7.05570983887, -0.198362588882, -2.38341069221, -9.97680091858, -2.26168465614, -12.420882225, -1.35993945599, -5.53536605835, -2.44137811661, -2.06290411949],
        "cov": [[10269.7939453, -820.820678711, 139.384063721, 359.421173096, 241.322433472, 797.39465332, 400.559783936, 317.383148193, 448.243621826, 415.59463501, 322.705841064, 225.242126465, 104.148330688], [-820.820678711, 1936.98254395, -234.834503174, 127.667167664, 75.9283065796, -53.6359825134, -40.0719528198, 52.5845756531, -83.7023696899, -54.2710838318, -38.0273590088, -0.526562690735, 48.8227882385], [139.384063721, -234.834503174, 763.529418945, 183.345153809, 201.573516846, 201.097763062, 190.32963562, 158.129058838, 213.901321411, 140.184310913, 146.079986572, 133.756698608, 86.7949905396], [359.421173096, 127.667167664, 183.345153809, 383.546691895, 142.23928833, 185.756484985, 119.497169495, 112.38394928, 173.753952026, 108.688835144, 112.892684937, 95.2846603394, 63.0656814575], [241.322433472, 75.9283065796, 201.573516846, 142.23928833, 331.851135254, 81.6906585693, 57.3048362732, 55.8617134094, 29.5668468475, 73.7575302124, 49.1382675171, 10.6055650711, 5.57838201523], [797.39465332, -53.6359825134, 201.097763062, 185.756484985, 81.6906585693, 433.757720947, 240.77482605, 163.0262146, 232.14112854, 128.089385986, 128.106613159, 118.528305054, 76.239440918], [400.559783936, -40.0719528198, 190.32963562, 119.497169495, 57.3048362732, 240.77482605, 262.384460449, 143.735015869, 167.864562988, 91.6394195557, 90.8124160767, 96.7307434082, 61.8316497803], [317.383148193, 52.5845756531, 158.129058838, 112.38394928, 55.8617134094, 163.0262146, 143.735015869, 200.752243042, 152.972717285, 77.1906356812, 73.8145294189, 91.5222549438, 62.2755966187], [448.243621826, -83.7023696899, 213.901321411, 173.753952026, 29.5668468475, 232.14112854, 167.864562988, 152.972717285, 311.504547119, 138.859313965, 129.666412354, 115.886497498, 73.0214614868], [415.59463501, -54.2710838318, 140.184310913, 108.688835144, 73.7575302124, 128.089385986, 91.6394195557, 77.1906356812, 138.859313965, 164.983810425, 97.0447998047, 72.1112365723, 39.2117118835], [322.705841064, -38.0273590088, 146.079986572, 112.892684937, 49.1382675171, 128.106613159, 90.8124160767, 73.8145294189, 129.666412354, 97.0447998047, 145.709228516, 93.6464004517, 49.1453285217], [225.242126465, -0.526562690735, 133.756698608, 95.2846603394, 10.6055650711, 118.528305054, 96.7307434082, 91.5222549438, 115.886497498, 72.1112365723, 93.6464004517, 147.602478027, 72.7587738037], [104.148330688, 48.8227882385, 86.7949905396, 63.0656814575, 5.57838201523, 76.239440918, 61.8316497803, 62.2755966187, 73.0214614868, 39.2117118835, 49.1453285217, 72.7587738037, 103.099739075]],
