{
"lowlevel": {
    "average_loudness": 0.959125936031,
    "barkbands_crest": {
        "dmean": 2.72823786736,
        "dmean2": 4.23321151733,
        "dvar": 9.61637496948,
        "dvar2": 21.0239028931,
        "max": 26.7554454803,
        "mean": 13.2783899307,
        "median": 13.4543886185,
        "min": 2.25457072258,
        "var": 25.9454135895
    },
    "barkbands_flatness_db": {
        "dmean": 0.0315017364919,
        "dmean2": 0.0478082448244,
        "dvar": 0.00162067147903,
        "dvar2": 0.0039029114414,
        "max": 0.432997375727,
        "mean": 0.148385986686,
        "median": 0.137000665069,
        "min": 0.00879729073495,
        "var": 0.00516614550725
    },
    "barkbands_kurtosis": {
        "dmean": 6.33908319473,
        "dmean2": 9.85120868683,
        "dvar": 309.156768799,
        "dvar2": 719.664916992,
        "max": 413.601287842,
        "mean": 5.65403652191,
        "median": -0.0577292442322,
        "min": -1.92039835453,
        "var": 426.092987061
    },
    "barkbands_skewness": {
        "dmean": 0.896916747093,
        "dmean2": 1.29371023178,
        "dvar": 1.91810166836,
        "dvar2": 4.04810571671,
        "max": 20.0002994537,
        "mean": 1.5280213356,
        "median": 1.07179105282,
        "min": -4.04024744034,
        "var": 3.9135556221
    },
    "barkbands_spread": {
        "dmean": 10.4346532822,
        "dmean2": 16.0238246918,
        "dvar": 158.591094971,
        "dvar2": 315.117248535,
        "max": 106.277130127,
        "mean": 42.7926330566,
        "median": 47.2857208252,
        "min": 0.528680384159,
        "var": 411.25201416
    },
    "dissonance": {
        "dmean": 0.0134761044756,
        "dmean2": 0.0228375084698,
        "dvar": 0.000289168121526,
        "dvar2": 0.000813847698737,
        "max": 0.500000119209,
        "mean": 0.478389322758,
        "median": 0.48333388567,
        "min": 0.233855873346,
        "var": 0.000439810770331
    },
    "dynamic_complexity": 1.8585909605,
    "erbbands_crest": {
        "dmean": 3.10738539696,
        "dmean2": 4.99625301361,
        "dvar": 11.9319133759,
        "dvar2": 29.0090866089,
        "max": 34.1653594971,
        "mean": 10.4212465286,
        "median": 8.91674232483,
        "min": 2.44616389275,
        "var": 35.2686386108
    },
    "erbbands_flatness_db": {
        "dmean": 0.0195560473949,
        "dmean2": 0.029975336045,
        "dvar": 0.000588949129451,
        "dvar2": 0.00128232734278,
        "max": 0.462815374136,
        "mean": 0.148116335273,
        "median": 0.131903275847,
        "min": 0.0535621754825,
        "var": 0.00367018021643
    },
    "erbbands_kurtosis": {
        "dmean": 1.031883955,
        "dmean2": 1.64863049984,
        "dvar": 4.03193426132,
        "dvar2": 9.16878128052,
        "max": 55.5507659912,
        "mean": 0.460380405188,
        "median": -0.41529083252,
        "min": -1.84423112869,
        "var": 9.25282669067
    },
    "erbbands_skewness": {
        "dmean": 0.447672396898,
        "dmean2": 0.686991691589,
        "dvar": 0.290982723236,
        "dvar2": 0.70312410593,
        "max": 4.72686433792,
        "mean": -0.0733571797609,
        "median": -0.0786394625902,
        "min": -4.98428916931,
        "var": 0.625176548958
    },
    "erbbands_spread": {
        "dmean": 12.2781934738,
        "dmean2": 18.0783557892,
        "dvar": 278.587341309,
        "dvar2": 549.215515137,
        "max": 163.811569214,
        "mean": 48.3083229065,
        "median": 44.9220657349,
        "min": 2.25716543198,
        "var": 643.184082031
    },
    "hfc": {
        "dmean": 10.9123220444,
        "dmean2": 17.7009487152,
        "dvar": 263.285308838,
        "dvar2": 677.500061035,
        "max": 170.274505615,
        "mean": 42.4859085083,
        "median": 44.5782699585,
        "min": 1.14090679314e-16,
        "var": 490.615386963
    },
    "melbands_crest": {
        "dmean": 3.73514580727,
        "dmean2": 5.86859083176,
        "dvar": 17.1214065552,
        "dvar2": 40.9699516296,
        "max": 37.8578414917,
        "mean": 21.5620155334,
        "median": 22.0704250336,
        "min": 1.89819896221,
        "var": 51.4409980774
    },
    "melbands_flatness_db": {
        "dmean": 0.0383788831532,
        "dmean2": 0.057474385947,
        "dvar": 0.00241066212766,
        "dvar2": 0.0055970302783,
        "max": 0.523262381554,
        "mean": 0.205424889922,
        "median": 0.196708738804,
        "min": 0.00532901287079,
        "var": 0.0070178876631
    },
    "melbands_kurtosis": {
        "dmean": 26.3293323517,
        "dmean2": 39.9249382019,
        "dvar": 3654.91748047,
        "dvar2": 8049.06103516,
        "max": 1062.3347168,
        "mean": 32.1777114868,
        "median": 8.30225753784,
        "min": -1.6777857542,
        "var": 5442.44482422
    },
    "melbands_skewness": {
        "dmean": 1.55940496922,
        "dmean2": 2.26875114441,
        "dvar": 5.79435968399,
        "dvar2": 11.2600841522,
        "max": 29.1538791656,
        "mean": 3.77862238884,
        "median": 2.795814991,
        "min": -2.652582407,
        "var": 12.1434879303
    },
    "melbands_spread": {
        "dmean": 12.8436365128,
        "dmean2": 20.017036438,
        "dvar": 272.075714111,
        "dvar2": 578.232116699,
        "max": 170.982574463,
        "mean": 37.2907333374,
        "median": 34.7155761719,
        "min": 0.446571528912,
        "var": 606.071411133
    },
    "pitch_salience": {
        "dmean": 0.0897981822491,
        "dmean2": 0.139460265636,
        "dvar": 0.0121103646234,
        "dvar2": 0.0273594073951,
        "max": 0.930641055107,
        "mean": 0.442505836487,
        "median": 0.454255014658,
        "min": 0.0229662824422,
        "var": 0.026494698599
    },
    "silence_rate_20dB": {
        "dmean": 0,
        "dmean2": 0,
        "dvar": 0,
        "dvar2": 0,
        "max": 1,
        "mean": 1,
        "median": 1,
        "min": 1,
        "var": 0
    },
    "silence_rate_30dB": {
        "dmean": 0.00848214328289,
        "dmean2": 0.0169661790133,
        "dvar": 0.00841021072119,
        "dvar2": 0.0244928486645,
        "max": 1,
        "mean": 0.995424628258,
        "median": 1,
        "min": 0,
        "var": 0.00455424841493
    },
    "silence_rate_60dB": {
        "dmean": 0.0111607145518,
        "dmean2": 0.0223239194602,
        "dvar": 0.0110352849588,
        "dvar2": 0.0260690059513,
        "max": 1,
        "mean": 0.0351523272693,
        "median": 0,
        "min": 0,
        "var": 0.0339167751372
    },
    "spectral_centroid": {
        "dmean": 403.209259033,
        "dmean2": 582.605041504,
        "dvar": 272739.40625,
        "dvar2": 473921.34375,
        "max": 11310.65625,
        "mean": 2342.40356445,
        "median": 2475.40844727,
        "min": 142.194061279,
        "var": 778971.1875
    },
    "spectral_complexity": {
        "dmean": 5.68325901031,
        "dmean2": 9.13829708099,
        "dvar": 55.2128982544,
        "dvar2": 134.609436035,
        "max": 58,
        "mean": 19.154335022,
        "median": 19,
        "min": 0,
        "var": 165.96131897
    },
    "spectral_decrease": {
        "dmean": 2.79777379042e-09,
        "dmean2": 3.9510918981e-09,
        "dvar": 1.61190154796e-17,
        "dvar2": 3.10737841731e-17,
        "max": 4.34762404819e-29,
        "mean": -9.06599506578e-09,
        "median": -8.37772429207e-09,
        "min": -3.63028860306e-08,
        "var": 3.19298400065e-17
    },
    "spectral_energy": {
        "dmean": 0.0108117042109,
        "dmean2": 0.0152641450986,
        "dvar": 0.000224903255003,
        "dvar2": 0.000433662178693,
        "max": 0.143247529864,
        "mean": 0.0380708761513,
        "median": 0.0358386673033,
        "min": 1.04519278716e-20,
        "var": 0.000468493759399
    },
    "spectral_energyband_high": {
        "dmean": 0.00102766801137,
        "dmean2": 0.0016514651943,
        "dvar": 2.28126600632e-06,
        "dvar2": 5.85504039918e-06,
        "max": 0.0178327988833,
        "mean": 0.00335305882618,
        "median": 0.00358053832315,
        "min": 7.62580795549e-21,
        "var": 4.8151023293e-06
    },
    "spectral_energyband_low": {
        "dmean": 0.00757583230734,
        "dmean2": 0.0114435069263,
        "dvar": 0.000159290022566,
        "dvar2": 0.000318575126585,
        "max": 0.101380065084,
        "mean": 0.0199746787548,
        "median": 0.0198055114597,
        "min": 3.70388528129e-23,
        "var": 0.000273648649454
    },
    "spectral_energyband_middle_high": {
        "dmean": 0.00244201230817,
        "dmean2": 0.00390927586704,
        "dvar": 1.18354055303e-05,
        "dvar2": 2.9279915907e-05,
        "max": 0.041785504669,
        "mean": 0.00641172425821,
        "median": 0.00561704812571,
        "min": 1.38698478562e-21,
        "var": 2.26032425417e-05
    },
    "spectral_energyband_middle_low": {
        "dmean": 0.00799284037203,
        "dmean2": 0.0129037685692,
        "dvar": 0.000320631777868,
        "dvar2": 0.000762924843002,
        "max": 0.137486442924,
        "mean": 0.00979113392532,
        "median": 0.00365591584705,
        "min": 3.03675451209e-22,
        "var": 0.000361343380064
    },
    "spectral_entropy": {
        "dmean": 0.209252581,
        "dmean2": 0.321838766336,
        "dvar": 0.0815734043717,
        "dvar2": 0.205543130636,
        "max": 9.81119537354,
        "mean": 7.83822441101,
        "median": 7.98501825333,
        "min": 5.03821849823,
        "var": 0.268432617188
    },
    "spectral_flux": {
        "dmean": 0.0368602648377,
        "dmean2": 0.0556278340518,
        "dvar": 0.0022728187032,
        "dvar2": 0.00392251368612,
        "max": 0.35783547163,
        "mean": 0.104316428304,
        "median": 0.0825706720352,
        "min": 6.61828508663e-11,
        "var": 0.0054215467535
    },
    "spectral_kurtosis": {
        "dmean": 0.659401893616,
        "dmean2": 1.07592749596,
        "dvar": 0.752368032932,
        "dvar2": 2.0530526638,
        "max": 21.4699192047,
        "mean": 2.56106424332,
        "median": 2.29146003723,
        "min": -1.27893221378,
        "var": 2.10363745689
    },
    "spectral_rms": {
        "dmean": 0.000826408038847,
        "dmean2": 0.00116657430772,
        "dvar": 1.10377334295e-06,
        "dvar2": 2.02718319997e-06,
        "max": 0.0118217458948,
        "mean": 0.00581055507064,
        "median": 0.00591308297589,
        "min": 3.19327463777e-12,
        "var": 3.37961114383e-06
    },
    "spectral_rolloff": {
        "dmean": 1010.53771973,
        "dmean2": 1656.48242188,
        "dvar": 1851210.625,
        "dvar2": 3560414.25,
        "max": 19035.3515625,
        "mean": 2920.63745117,
        "median": 2627.05078125,
        "min": 43.06640625,
        "var": 5262475.5
    },
    "spectral_skewness": {
        "dmean": 0.127909198403,
        "dmean2": 0.200636819005,
        "dvar": 0.0179866850376,
        "dvar2": 0.0441534817219,
        "max": 2.64829516411,
        "mean": 1.1943128109,
        "median": 1.18845081329,
        "min": -0.0404501408339,
        "var": 0.0544675886631
    },
    "spectral_spread": {
        "dmean": 521667.03125,
        "dmean2": 738990.9375,
        "dvar": 512466944000,
        "dvar2": 775275282432,
        "max": 45920324,
        "mean": 6046634.5,
        "median": 6279179.5,
        "min": 1623152.375,
        "var": 2.98290642944e+12
    },
    "spectral_strongpeak": {
        "dmean": 0.425907850266,
        "dmean2": 0.715392351151,
        "dvar": 1.1960080862,
        "dvar2": 2.96223735809,
        "max": 23.0028038025,
        "mean": 0.752681195736,
        "median": 0.360514849424,
        "min": 0,
        "var": 1.55799686909
    },
    "zerocrossingrate": {
        "dmean": 0.0174632482231,
        "dmean2": 0.020332371816,
        "dvar": 0.000351986731403,
        "dvar2": 0.000455217785202,
        "max": 0.73291015625,
        "mean": 0.102269172668,
        "median": 0.09619140625,
        "min": 0.0029296875,
        "var": 0.00297724758275
    },
    "barkbands": {
        "dmean": [0.000314508215524, 0.00449267867953, 0.00442156940699, 0.00348205841146, 0.00414623087272, 0.000484302261611, 0.000240436653257, 0.000440672505647, 0.000404012273066, 0.000449255254352, 0.000448486796813, 0.000296215177514, 0.000333607051289, 0.000365022860933, 0.000594518147409, 0.00036125376937, 0.000476923276437, 0.000271443423117, 0.000277389364783, 0.000242528636591, 0.000292142474791, 0.000278585735941, 0.000217076332774, 0.000197007524548, 0.000140298725455, 0.00011913603521, 5.2357387176e-05],
        "dmean2": [0.000446222285973, 0.0071923439391, 0.00716227851808, 0.0064023588784, 0.00634482316673, 0.000881776970346, 0.00039805736742, 0.000672172231134, 0.000604039756581, 0.000708020525053, 0.000737814581953, 0.000469417747809, 0.000541717512533, 0.000625455286354, 0.000976677052677, 0.000582127948292, 0.000782448623795, 0.000455790315755, 0.000454827444628, 0.000394942588173, 0.000476686167531, 0.000441024603788, 0.000349024281604, 0.000326357258018, 0.000231210593483, 0.000199047062779, 8.4008090198e-05],
        "dvar": [2.84313074417e-07, 3.96541654482e-05, 0.000126762795844, 0.000127662991872, 0.000140110467328, 2.35587481257e-06, 3.22992036672e-07, 1.29463398935e-06, 1.1940484228e-06, 2.0575741928e-06, 1.45613557834e-06, 5.77925277412e-07, 8.46688863021e-07, 9.33335513764e-07, 3.45776334143e-06, 9.90542048385e-07, 9.40327595345e-07, 2.20885681301e-07, 2.4055654535e-07, 1.39222137818e-07, 1.63936078934e-07, 1.47842015963e-07, 1.33959545678e-07, 1.24196944284e-07, 5.36160911224e-08, 4.71152539205e-08, 7.71553487766e-09],
        "dvar2": [5.53663483061e-07, 0.000105259765405, 0.000293141230941, 0.000356923468644, 0.000256970612099, 6.82188783685e-06, 7.70201609157e-07, 2.62832872977e-06, 2.29435249821e-06, 5.13395298185e-06, 3.60017725143e-06, 1.32048114665e-06, 2.03350964512e-06, 2.31984836319e-06, 8.2827591541e-06, 2.45040428126e-06, 2.24890800382e-06, 5.80027005981e-07, 5.64505626244e-07, 3.31985717139e-07, 3.95582674173e-07, 3.41739252008e-07, 3.02992532397e-07, 3.3258643839e-07, 1.43410630926e-07, 1.29052850184e-07, 1.89729885136e-08],
        "max": [0.0130531340837, 0.0500786453485, 0.0769028663635, 0.0827276110649, 0.132072031498, 0.0199719369411, 0.0129722664133, 0.0246320962906, 0.0320855677128, 0.0356497876346, 0.0223235934973, 0.0164096523076, 0.0224139727652, 0.0219548214227, 0.0319410786033, 0.0222736187279, 0.0268904510885, 0.0161216538399, 0.0186479538679, 0.011586651206, 0.00871966313571, 0.00826795119792, 0.00849133171141, 0.00685939891264, 0.00391036598012, 0.00254005356692, 0.00125786301214],
        "mean": [0.000978378229775, 0.0135835753754, 0.00407064333558, 0.00232093059458, 0.00467270473018, 0.000402592850151, 0.000340902828611, 0.000923773797695, 0.00089040666353, 0.000806822848972, 0.000680215656757, 0.000508375873324, 0.000502575188875, 0.000474232772831, 0.000848731258884, 0.000573799421545, 0.000838484033011, 0.000459145347122, 0.000568812305573, 0.000516010215506, 0.000659999146592, 0.000698164920323, 0.000510674028192, 0.000463802542072, 0.000340835365932, 0.000327974557877, 0.000108167063445],
        "median": [0.000244761438807, 0.0148107958958, 0.000266477232799, 3.05331632262e-05, 0.000147076134454, 3.71963506041e-05, 4.66268902528e-05, 6.22742300038e-05, 5.93200165895e-05, 7.01103563188e-05, 8.21149151307e-05, 0.000122784113046, 0.000104702077806, 0.000136312824907, 0.000210184662137, 0.000228236414841, 0.000420214521, 0.00029387610266, 0.000399734650273, 0.000390910572605, 0.000549299700651, 0.000611652678344, 0.000401882803999, 0.000398208620027, 0.000297803810099, 0.000288119685138, 3.7127174437e-05],
        "min": [2.29465201174e-24, 5.22977743142e-24, 6.10256800936e-24, 5.02769059459e-24, 2.16551406161e-23, 2.25988517616e-23, 2.54654492288e-23, 4.24062403239e-23, 3.10414304958e-23, 3.55767527676e-23, 3.31311482773e-23, 3.24043707253e-23, 4.44801051566e-23, 8.45363540874e-23, 1.15610796834e-22, 1.30172676896e-22, 9.56616594337e-23, 1.26234569661e-22, 1.37223452558e-22, 2.71022617698e-22, 3.36044824909e-22, 4.2233368714e-22, 4.89483319685e-22, 7.55125577843e-22, 9.46450827842e-22, 1.59078342852e-21, 2.1231626061e-21],
        "var": [2.15332420339e-06, 9.18183141039e-05, 0.000121016957564, 7.94235456851e-05, 0.000236850915826, 1.48629499108e-06, 7.67785195421e-07, 4.69250790047e-06, 5.51348875888e-06, 4.2222909542e-06, 2.63539072876e-06, 1.3973822206e-06, 1.86885017683e-06, 1.57732551997e-06, 6.05540481047e-06, 1.37588097004e-06, 2.21493178287e-06, 3.19571967111e-07, 6.32178455362e-07, 3.7149393961e-07, 5.19153388723e-07, 3.88320813727e-07, 3.60596999371e-07, 2.00035316311e-07, 1.03629574255e-07, 9.5584695714e-08, 2.08747064079e-08]
    },
    "erbbands": {
        "dmean": [0.147481456399, 1.05300581455, 4.26057529449, 9.22777843475, 11.6106214523, 18.2095088959, 10.7024145126, 3.18319821358, 2.95803260803, 6.20488214493, 9.10888004303, 9.95166778564, 8.61301517487, 14.8520460129, 20.7114925385, 12.800907135, 16.0489807129, 17.8528022766, 32.6913719177, 19.4541683197, 17.6679763794, 21.8571643829, 15.8968315125, 14.0156965256, 14.227645874, 11.6378583908, 11.101691246, 11.1716032028, 9.70257949829, 8.63827800751, 6.89480018616, 4.88137054443, 2.93156599998, 1.61930704117, 1.04429364204, 0.578668177128, 0.217996746302, 0.0949382260442, 0.00487013813108, 7.64408905525e-05],
        "dmean2": [0.196861192584, 1.68071103096, 6.70951604843, 15.9958667755, 19.1528987885, 26.4833927155, 19.1254787445, 5.59646654129, 4.93575048447, 9.66855716705, 14.0223999023, 14.8610668182, 13.395945549, 23.6359291077, 33.5715751648, 19.7016563416, 25.7150535583, 30.0929412842, 54.0046539307, 31.1185436249, 28.077999115, 35.9360542297, 26.2041397095, 23.0270042419, 23.3698291779, 18.8386650085, 17.8860187531, 18.3296031952, 15.4269533157, 13.8838663101, 11.033454895, 8.03876781464, 4.79266691208, 2.64430069923, 1.72714173794, 0.988093793392, 0.361606448889, 0.150533229113, 0.00777855468914, 0.000121363198559],
        "dvar": [0.0384845323861, 2.96503686905, 102.269195557, 749.714660645, 896.800170898, 3560.63793945, 1726.83422852, 75.4885177612, 50.112285614, 237.147567749, 692.482116699, 748.411010742, 590.309936523, 2612.45556641, 3020.14526367, 1279.20507812, 1955.94177246, 2298.87475586, 11279.953125, 2821.96435547, 1327.35717773, 1577.64111328, 851.263366699, 456.834106445, 878.162719727, 370.391723633, 291.06451416, 288.845245361, 174.015090942, 186.37878418, 187.357650757, 113.327919006, 19.6854019165, 6.89762639999, 2.94316411018, 1.53724002838, 0.122733429074, 0.0226628463715, 5.68504437979e-05, 1.23361401094e-08],
        "dvar2": [0.0702716186643, 7.4811964035, 223.19152832, 1994.47265625, 2281.61572266, 6937.46533203, 4850.84423828, 212.393447876, 123.263755798, 472.359588623, 1417.26147461, 1488.12915039, 1278.0970459, 6645.21240234, 7372.27197266, 2856.23608398, 4729.14501953, 5638.94970703, 27140.1386719, 6557.21972656, 3198.53320312, 3897.71191406, 2180.77954102, 1108.2512207, 2061.04663086, 892.462585449, 664.29309082, 706.953552246, 423.340454102, 422.306304932, 416.685943604, 313.332580566, 49.8248443604, 17.0003051758, 8.05591487885, 4.39536142349, 0.324109762907, 0.0550806708634, 0.000137334092869, 2.9884720476e-08],
        "max": [1.83910286427, 13.141784668, 69.5643310547, 195.800338745, 213.423736572, 704.205749512, 465.128173828, 100.705329895, 135.336624146, 399.235229492, 703.889526367, 695.451843262, 744.495361328, 1271.30395508, 1094.7611084, 842.568603516, 1120.5546875, 1139.86645508, 1863.75793457, 2241.25610352, 715.765197754, 1090.50964355, 1098.53393555, 407.054138184, 1245.8572998, 664.637023926, 466.664520264, 414.669372559, 241.549804688, 404.690948486, 355.298095703, 237.464065552, 68.2685241699, 71.9589233398, 20.747423172, 14.9638986588, 4.66049194336, 1.92080259323, 0.123108267784, 0.00159505347256],
        "mean": [0.497162461281, 2.60156130791, 4.77218103409, 6.98429203033, 9.62446880341, 19.8737239838, 8.03917503357, 2.93688225746, 3.78085756302, 12.2313623428, 21.0676517487, 22.6585426331, 17.2644767761, 25.2982063293, 33.0736885071, 24.5347251892, 25.3567714691, 24.8542079926, 45.5064048767, 33.9661636353, 31.5312957764, 39.0713577271, 29.1732063293, 27.7168636322, 29.1998786926, 26.3980674744, 25.6579418182, 24.8711261749, 24.1297054291, 20.2008571625, 15.3356733322, 10.6573181152, 6.84075641632, 3.82437443733, 2.42229413986, 1.31497132778, 0.580369949341, 0.249410420656, 0.0110436342657, 0.00023744101054],
        "median": [0.417804688215, 1.97901272774, 0.950440466404, 0.330930948257, 0.346049934626, 0.512227654457, 0.402918606997, 0.371761977673, 0.701455414295, 1.42433929443, 2.27147817612, 2.00455474854, 2.65801930428, 4.49478721619, 7.0564365387, 7.51745557785, 6.97240352631, 8.41140937805, 10.9203939438, 13.6048488617, 15.1984128952, 22.8066749573, 19.5513286591, 18.9814453125, 19.5320243835, 19.3492355347, 19.6689968109, 20.7985858917, 21.2814311981, 16.6825866699, 11.3507032394, 8.44815635681, 5.55478000641, 3.15214657784, 2.11462640762, 1.09752440453, 0.487967014313, 0.132337257266, 0.00527480477467, 0.000176262867171],
        "min": [1.43645032762e-22, 9.46459612597e-22, 9.20460251579e-21, 1.6217169946e-20, 2.3756746746e-20, 5.7495812189e-20, 7.33424795375e-20, 2.01351723096e-19, 2.1855590369e-19, 3.27207421317e-19, 6.97433404366e-19, 5.92923011379e-19, 9.91951268261e-19, 1.09603085525e-18, 1.44793613189e-18, 1.75652526859e-18, 2.3069984566e-18, 4.13856534357e-18, 4.21801314627e-18, 6.8241660209e-18, 6.47840204331e-18, 5.63274552459e-18, 6.87072181372e-18, 8.31247859625e-18, 7.42169772076e-18, 1.27857869765e-17, 1.39346763273e-17, 1.53237805823e-17, 1.32022997119e-17, 1.50240996638e-17, 1.31675697067e-17, 1.48306816755e-17, 1.17799518953e-17, 9.7023910067e-18, 7.57824661477e-18, 5.78138739913e-18, 2.96090334239e-18, 1.10165402905e-18, 2.66400573157e-19, 3.03310360829e-20],
        "var": [0.169492959976, 5.59303808212, 109.582519531, 531.719421387, 793.360473633, 5404.96191406, 1126.08007812, 56.8228302002, 100.071174622, 882.168334961, 2508.50390625, 3244.38623047, 2044.89428711, 4594.58056641, 5621.22949219, 3266.265625, 4387.5, 4136.6875, 18953.4980469, 7016.12255859, 2304.49438477, 3291.73974609, 1523.82055664, 1099.12438965, 2346.36303711, 1129.62768555, 1028.79650879, 769.186401367, 438.670135498, 480.168518066, 454.284942627, 133.497741699, 46.8669319153, 14.8661766052, 5.28855514526, 1.96167087555, 0.299815088511, 0.0769394263625, 0.000171574312844, 4.22282617762e-08]
    },
    "gfcc": {
        "mean": [25.2438716888, 7.33869171143, -103.591339111, 49.4609222412, -37.5322113037, 34.8665428162, -17.6450233459, 21.3127937317, -16.0311203003, 10.7453603745, -16.5089702606, 8.99352836609, -12.5371637344],
        "cov": [[7885.72314453, 958.576660156, 1140.45373535, -409.499969482, -60.9776725769, -309.690887451, -340.526550293, 1.32531762123, -22.6333065033, 102.928283691, -264.108306885, 85.0771865845, -260.498809814], [958.576660156, 2150.38012695, 404.954833984, 376.767791748, -20.1192474365, -215.682769775, -184.761184692, -274.233947754, -77.8338394165, -164.522827148, 33.608997345, -176.930435181, 98.7665786743], [1140.45373535, 404.954833984, 1090.87731934, 150.764389038, 83.3977432251, -44.6192817688, -81.2492141724, -81.5704345703, -137.452072144, -68.1481323242, -99.7324295044, 40.5041694641, -48.8554000854], [-409.499969482, 376.767791748, 150.764389038, 478.468963623, 185.560821533, 86.2904052734, 9.28014564514, -45.446308136, -23.7925720215, -68.8099060059, 3.91652131081, -29.6711559296, 112.130485535], [-60.9776725769, -20.1192474365, 83.3977432251, 185.560821533, 365.031311035, 213.119400024, 180.291183472, 80.425239563, 109.723526001, 50.0055351257, 15.43957901, -13.8240013123, 6.06645154953], [-309.690887451, -215.682769775, -44.6192817688, 86.2904052734, 213.119400024, 411.523986816, 322.026275635, 170.880187988, 69.1800689697, 39.3033294678, 98.5492935181, 62.5955581665, 50.748840332], [-340.526550293, -184.761184692, -81.2492141724, 9.28014564514, 180.291183472, 322.026275635, 531.044189453, 327.426849365, 192.081542969, 35.3551597595, 86.0173110962, 60.2700042725, 16.7826900482], [1.32531762123, -274.233947754, -81.5704345703, -45.446308136, 80.425239563, 170.880187988, 327.426849365, 377.881530762, 237.598709106, 63.4591026306, 1.930960536, 50.7957839966, -3.78549933434], [-22.6333065033, -77.8338394165, -137.452072144, -23.7925720215, 109.723526001, 69.1800689697, 192.081542969, 237.598709106, 374.275512695, 163.224884033, -0.55164116621, -53.6612129211, -42.9208946228], [102.928283691, -164.522827148, -68.1481323242, -68.8099060059, 50.0055351257, 39.3033294678, 35.3551597595, 63.4591026306, 163.224884033, 238.76272583, 101.338874817, -7.38423013687, -81.6589050293], [-264.108306885, 33.608997345, -99.7324295044, 3.91652131081, 15.43957901, 98.5492935181, 86.0173110962, 1.930960536, -0.55164116621, 101.338874817, 278.918914795, 124.008758545, 31.0375041962], [85.0771865845, -176.930435181, 40.5041694641, -29.6711559296, -13.8240013123, 62.5955581665, 60.2700042725, 50.7957839966, -53.6612129211, -7.38423013687, 124.008758545, 237.218414307, 115.436943054], [-260.498809814, 98.7665786743, -48.8554000854, 112.130485535, 6.06645154953, 50.748840332, 16.7826900482, -3.78549933434, -42.9208946228, -81.6589050293, 31.0375041962, 115.436943054, 242.304412842]],
        "icov": [[0.000246565672569, -0.000293666409561, -9.0534267656e-05, 0.000346575980075, -0.000183360578376, -0.000140683187055, 0.000285787682515, -0.000284037931124, 0.000187711921171, -0.000441041775048, 0.00064487796044, -0.000717475137208, 0.000359793368261], [-0.000293666409561, 0.00133782764897, -0.000451986066764, -0.000693610403687, 0.000365135521861, 0.000783415220212, -0.000469781953143, 0.000722996715922, -0.000927511660848, 0.00166436156724, -0.00235534622334, 0.00257268245332, -0.00128792168107], [-9.0534267656e-05, -0.000451986066764, 0.00162226823159, -0.000637552933767, -0.000264365546172, -5.24059978488e-05, -0.000260353786871, 0.000178486123332, 0.000773056468461, -0.000787900353316, 0.00171697000042, -0.00205214438029, 0.00137659534812], [0.000346575980075, -0.000693610403687, -0.000637552933767, 0.00466691702604, -0.00252409931272, -0.000457157148048, 0.00146322941873, -0.00118124193978, 0.000483311247081, 0.000557779450901, -0.000562391593121, 0.00121556711383, -0.00182726234198], [-0.000183360578376, 0.000365135521861, -0.000264365546172, -0.00252409931272, 0.0063246358186, -0.00241162558086, -0.00150785036385, 0.00244352221489, -0.00211841799319, -0.000536032370292, 0.000982019933872, -0.000465345161501, 0.000798176100943], [-0.000140683187055, 0.000783415220212, -5.24059978488e-05, -0.000457157148048, -0.00241162558086, 0.00728619517758, -0.00355711090378, -0.000715812668204, 0.00216686399654, -0.000839335145429, -0.00197552982718, 0.00212827138603, -0.00215997267514], [0.000285787682515, -0.000469781953143, -0.000260353786871, 0.00146322941873, -0.00150785036385, -0.00355711090378, 0.00827278476208, -0.00538015784696, -0.000941293023061, 0.00290523120202, -0.00225423951633, 0.000321324681863, 0.000842841749545], [-0.000284037931124, 0.000722996715922, 0.000178486123332, -0.00118124193978, 0.00244352221489, -0.000715812668204, -0.00538015784696, 0.0114044351503, -0.00563546316698, 0.000793915824033, 0.00251424242742, -0.00343131273985, 0.00120409519877], [0.000187711921171, -0.000927511660848, 0.000773056468461, 0.000483311247081, -0.00211841799319, 0.00216686399654, -0.000941293023061, -0.00563546316698, 0.0102236904204, -0.00707959895954, 0.00231702416204, 0.00153902731836, -0.00151647196617], [-0.000441041775048, 0.00166436156724, -0.000787900353316, 0.000557779450901, -0.000536032370292, -0.000839335145429, 0.00290523120202, 0.000793915824033, -0.00707959895954, 0.0139529602602, -0.00821013562381, 0.00336462934501, 0.00132776703686], [0.00064487796044, -0.00235534622334, 0.00171697000042, -0.000562391593121, 0.000982019933872, -0.00197552982718, -0.00225423951633, 0.00251424242742, 0.00231702416204, -0.00821013562381, 0.013616877608, -0.010384676978, 0.00369110843167], [-0.000717475137208, 0.00257268245332, -0.00205214438029, 0.00121556711383, -0.000465345161501, 0.00212827138603, 0.000321324681863, -0.00343131273985, 0.00153902731836, 0.00336462934501, -0.010384676978, 0.0170761235058, -0.00870481785387], [0.000359793368261, -0.00128792168107, 0.00137659534812, -0.00182726234198, 0.000798176100943, -0.00215997267514, 0.000842841749545, 0.00120409519877, -0.00151647196617, 0.00132776703686, 0.00369110843167, -0.00870481785387, 0.0104079516605]]
    },
    "melbands": {
        "dmean": [0.00116795615759, 0.00181022495963, 0.00155590020586, 0.00106301775668, 0.000499532558024, 7.18536612112e-05, 4.62095886178e-05, 7.4163559475e-05, 7.75919761509e-05, 5.84090012126e-05, 4.41758056695e-05, 6.21948565822e-05, 6.31594666629e-05, 4.33707427874e-05, 3.63926010323e-05, 2.86926679109e-05, 3.58687902917e-05, 5.1673148846e-05, 3.19603350363e-05, 3.15324723488e-05, 2.06323820748e-05, 2.31888989219e-05, 2.38237498706e-05, 1.26156965052e-05, 1.19363694466e-05, 1.21472894534e-05, 8.86933230504e-06, 8.26099494589e-06, 7.90516969573e-06, 6.0343959376e-06, 8.24117796583e-06, 6.17784507995e-06, 6.07105494055e-06, 4.5060623961e-06, 4.93176457894e-06, 3.45974899574e-06, 2.97500446322e-06, 2.30605542129e-06, 1.89069442058e-06, 1.43582758483e-06],
        "dmean2": [0.00176144822035, 0.00280532659963, 0.0026584265288, 0.00157288706396, 0.000854738755152, 0.000127849969431, 7.68431564211e-05, 0.000114698392281, 0.000118925643619, 8.77529819263e-05, 6.89660009812e-05, 9.9473487353e-05, 0.000103211299574, 6.87747015036e-05, 5.75956582907e-05, 4.69366641482e-05, 6.05130117037e-05, 8.56875485624e-05, 5.23852068e-05, 5.06496653543e-05, 3.27542875311e-05, 3.820915299e-05, 3.8762078475e-05, 2.12303639273e-05, 1.95989505301e-05, 2.00346803467e-05, 1.43076313179e-05, 1.33741114041e-05, 1.26885752252e-05, 9.90598891804e-06, 1.34634683491e-05, 9.89485124592e-06, 9.72152429313e-06, 7.24216806702e-06, 7.91765069152e-06, 5.68137784285e-06, 4.8830547712e-06, 3.74310457119e-06, 3.08597464027e-06, 2.32189131566e-06],
        "dvar": [2.22664539251e-06, 1.45862559293e-05, 1.98356920009e-05, 8.08786535345e-06, 3.6463370634e-06, 4.0788858513e-08, 1.21838024114e-08, 3.35079057834e-08, 4.59169804401e-08, 2.54181156123e-08, 1.53394150715e-08, 5.1155240044e-08, 2.67132733711e-08, 1.06250181986e-08, 7.89733611839e-09, 5.14589659772e-09, 1.12609228609e-08, 2.61999613116e-08, 8.13443978842e-09, 9.73543645699e-09, 1.68906688636e-09, 1.63283198074e-09, 3.22540638642e-09, 4.78188766362e-10, 3.54332674313e-10, 7.22484683191e-10, 1.91549429096e-10, 1.93805971271e-10, 1.84762649624e-10, 9.93032669983e-11, 2.10463646511e-10, 8.17722972668e-11, 8.21316972766e-11, 5.00870872555e-11, 1.36208017087e-10, 4.42025166469e-11, 3.64419709686e-11, 1.30198143933e-11, 1.14632201301e-11, 5.93819871747e-12],
        "dvar2": [5.03844512423e-06, 3.01901545754e-05, 5.184823749e-05, 1.31819178932e-05, 9.85467795545e-06, 1.16070090428e-07, 2.95836031228e-08, 6.62080736902e-08, 9.29637877789e-08, 5.1940290291e-08, 3.34385816814e-08, 1.30702019874e-07, 6.53770868553e-08, 2.5395468839e-08, 1.85782358386e-08, 1.23522703177e-08, 2.76198299787e-08, 6.29607086466e-08, 1.99978487103e-08, 2.38535857733e-08, 3.89829812875e-09, 4.04391897746e-09, 7.76990116691e-09, 1.26780319576e-09, 8.31381297139e-10, 1.6620548271e-09, 4.40495889764e-10, 4.65821881068e-10, 3.99867444711e-10, 2.24920249092e-10, 4.9760595644e-10, 1.99430777448e-10, 1.82353326883e-10, 1.13960264836e-10, 3.01313529683e-10, 1.16785373039e-10, 9.68742724927e-11, 3.24552398845e-11, 2.61793295375e-11, 1.3875198733e-11],
        "max": [0.0141800865531, 0.0269668512046, 0.0318081788719, 0.0299515966326, 0.0203845724463, 0.00239180820063, 0.00208104681224, 0.00494379783049, 0.00585458753631, 0.00374173582532, 0.00367080443539, 0.00568519206718, 0.00303939194418, 0.00214680773206, 0.00206840829924, 0.00160905648954, 0.00260929926299, 0.0028572792653, 0.00295063387603, 0.00203219102696, 0.000985283753835, 0.000762708368711, 0.00179601937998, 0.000559147214517, 0.000376622658223, 0.00113083457109, 0.000514327315614, 0.00046984423534, 0.00048265355872, 0.000429470004747, 0.000343979365425, 0.000222036644118, 0.00019296350365, 0.000176037079655, 0.000327916117385, 0.000138070870889, 0.000124667989439, 7.10535678081e-05, 0.000110115070129, 7.21304604667e-05],
        "mean": [0.00406203605235, 0.00286492984742, 0.00122505379841, 0.00115022470709, 0.000408336287364, 6.46092084935e-05, 5.93871191086e-05, 0.000149120431161, 0.000184301112313, 0.000127717386931, 8.41401852085e-05, 0.000102257465187, 9.71756526269e-05, 7.48742604628e-05, 6.23225932941e-05, 4.06684775953e-05, 4.68328653369e-05, 6.97674040566e-05, 4.74020489492e-05, 4.8760590289e-05, 3.58202632924e-05, 3.90451023122e-05, 4.12228800997e-05, 2.06377662835e-05, 2.18910809053e-05, 2.26362135436e-05, 1.79379421752e-05, 1.65585461218e-05, 1.7284633941e-05, 1.20988388517e-05, 1.62951655511e-05, 1.37420347528e-05, 1.3341167687e-05, 9.69359007286e-06, 9.5728883025e-06, 6.96206052453e-06, 6.11281666352e-06, 4.84820611746e-06, 4.10058191846e-06, 2.992939244e-06],
        "median": [0.00448197312653, 0.00152093812358, 6.58020289848e-05, 2.97364604194e-05, 1.69739032572e-05, 7.17558395991e-06, 9.54636198003e-06, 1.29657319121e-05, 1.64930297615e-05, 9.71863300947e-06, 8.45940030558e-06, 1.13405249067e-05, 1.43141869557e-05, 1.56629721459e-05, 1.44870691656e-05, 1.09504071588e-05, 1.1907116459e-05, 1.4371648831e-05, 1.53755408974e-05, 1.46129550558e-05, 1.36776161526e-05, 2.10219441215e-05, 1.71020274138e-05, 1.24000716824e-05, 1.27500388771e-05, 1.2344600691e-05, 1.21663570098e-05, 1.14153099275e-05, 1.15359180199e-05, 8.56995029608e-06, 1.20051518024e-05, 1.11972967716e-05, 9.94254878606e-06, 7.29898647478e-06, 6.08081109021e-06, 5.41728377357e-06, 4.54901601188e-06, 3.74873707187e-06, 2.82095675175e-06, 2.17920432988e-06],
        "min": [2.17606708781e-24, 7.20997568128e-24, 5.21232822263e-24, 2.18689735918e-24, 2.41976061814e-24, 4.83235404054e-24, 3.61263032509e-24, 3.11787273977e-24, 6.64147439246e-24, 3.66888399624e-24, 5.05991556257e-24, 3.69423798573e-24, 4.68659739437e-24, 3.78027904467e-24, 6.2322946075e-24, 4.80729153515e-24, 6.71870466394e-24, 5.49821378126e-24, 7.8363154628e-24, 1.04712363151e-23, 6.64397823697e-24, 5.90078527841e-24, 2.31640879551e-24, 6.0821712218e-24, 7.06019308348e-24, 4.09422478013e-24, 6.54298392515e-24, 8.9157304055e-24, 8.40236733851e-24, 8.75786829431e-24, 8.55091379127e-24, 5.96419431241e-24, 6.2441574978e-24, 8.91306721108e-24, 5.93429490638e-24, 6.97972296026e-24, 9.09148940404e-24, 8.81238252716e-24, 7.24127058225e-24, 7.63573890018e-24],
        "var": [8.0897789303e-06, 1.85046555998e-05, 1.47204000314e-05, 1.44427376654e-05, 2.79068603959e-06, 2.95336839429e-08, 2.54465781779e-08, 1.25654750605e-07, 1.81223754225e-07, 1.06543780021e-07, 5.12530888841e-08, 8.98545309269e-08, 4.96325363031e-08, 2.42717614896e-08, 1.99681320368e-08, 9.45093692195e-09, 2.03284962197e-08, 4.41335181733e-08, 1.33952351433e-08, 1.53372781142e-08, 3.77166697874e-09, 3.18063064775e-09, 7.76933006819e-09, 7.09844460989e-10, 8.90514550989e-10, 1.90460891503e-09, 5.95033688988e-10, 4.63439148168e-10, 8.17231671224e-10, 2.99866825815e-10, 5.32082100602e-10, 1.9233500903e-10, 2.30409843982e-10, 1.59005142386e-10, 3.10326847552e-10, 6.29534480101e-11, 5.18707542196e-11, 2.86450620168e-11, 3.27099528019e-11, 1.1919108929e-11]
    },
    "mfcc": {
        "mean": [-628.147705078, 46.7798995972, 2.8019964695, 29.1740894318, 13.9800367355, 22.2623291016, 13.6859016418, 18.5915145874, 12.4838237762, 9.47267532349, 7.46104478836, 7.49485349655, 4.60178661346],
        "cov": [[5268.90966797, 751.330078125, 380.01953125, -77.5502700806, 36.5875396729, -241.318496704, -343.223571777, -170.43421936, -15.9754447937, -13.2288560867, 6.66245555878, -44.7420845032, -19.5705661774], [751.330078125, 1205.18676758, 342.298675537, 247.328292847, 63.564956665, 18.468132019, -49.7843856812, -123.552078247, -113.220756531, -87.3600692749, -59.6095924377, -99.1190185547, -82.5994720459], [380.01953125, 342.298675537, 700.297485352, 182.897918701, 86.4521865845, 20.1572608948, 23.4130954742, -4.03591632843, -57.5606231689, -104.632118225, -102.233146667, -63.1004867554, -75.8573913574], [-77.5502700806, 247.328292847, 182.897918701, 369.47857666, 157.502731323, 53.0465126038, -28.2954025269, -44.2385482788, 16.4833221436, -18.2754383087, -28.833568573, -49.5464668274, -40.6700553894], [36.5875396729, 63.564956665, 86.4521865845, 157.502731323, 263.896118164, 134.580490112, 36.9600639343, -8.10820293427, 24.3908996582, 8.56488323212, -6.42592000961, -28.2964344025, -8.53869819641], [-241.318496704, 18.468132019, 20.1572608948, 53.0465126038, 134.580490112, 232.071365356, 165.294113159, 74.4591064453, 40.2027816772, 40.6709251404, 34.7314186096, 21.7207832336, 20.7685756683], [-343.223571777, -49.7843856812, 23.4130954742, -28.2954025269, 36.9600639343, 165.294113159, 326.559692383, 214.531188965, 58.9274559021, 27.4385910034, 34.7471160889, 59.4338302612, 62.4714927673], [-170.43421936, -123.552078247, -4.03591632843, -44.2385482788, -8.10820293427, 74.4591064453, 214.531188965, 341.676727295, 212.035263062, 87.4044647217, 39.8301734924, 81.5752029419, 68.3750991821], [-15.9754447937, -113.220756531, -57.5606231689, 16.4833221436, 24.3908996582, 40.2027816772, 58.9274559021, 212.035263062, 329.734008789, 195.520812988, 75.458946228, 57.8320007324, 13.6874542236], [-13.2288560867, -87.3600692749, -104.632118225, -18.2754383087, 8.56488323212, 40.6709251404, 27.4385910034, 87.4044647217, 195.520812988, 260.37197876, 159.766952515, 108.78478241, 45.0594367981], [6.66245555878, -59.6095924377, -102.233146667, -28.833568573, -6.42592000961, 34.7314186096, 34.7471160889, 39.8301734924, 75.458946228, 159.766952515, 232.594497681, 166.972106934, 101.610069275], [-44.7420845032, -99.1190185547, -63.1004867554, -49.5464668274, -28.2964344025, 21.7207832336, 59.4338302612, 81.5752029419, 57.8320007324, 108.78478241, 166.972106934, 252.023406982, 147.678359985], [-19.5705661774, -82.5994720459, -75.8573913574, -40.6700553894, -8.53869819641, 20.7685756683, 62.4714927673, 68.3750991821, 13.6874542236, 45.0594367981, 101.610069275, 147.678359985, 261.23425293]],
