{
"lowlevel": {
    "average_loudness": 0.89057213068,
    "barkbands_crest": {
        "dmean": 2.41866230965,
        "dmean2": 3.65229082108,
        "dvar": 6.84668445587,
        "dvar2": 15.5451068878,
        "max": 26.1733207703,
        "mean": 12.8613653183,
        "median": 13.2209148407,
        "min": 2.3692381382,
        "var": 23.4920291901
    },
    "barkbands_flatness_db": {
        "dmean": 0.0228359214962,
        "dmean2": 0.0334697961807,
        "dvar": 0.000934541923925,
        "dvar2": 0.0020052769687,
        "max": 0.567468643188,
        "mean": 0.156375050545,
        "median": 0.134577542543,
        "min": 0.0236633513123,
        "var": 0.00661377143115
    },
    "barkbands_kurtosis": {
        "dmean": 2.16114878654,
        "dmean2": 3.20139670372,
        "dvar": 207.789169312,
        "dvar2": 419.095214844,
        "max": 794.213439941,
        "mean": 1.98638141155,
        "median": 0.346658706665,
        "min": -1.85933768749,
        "var": 253.424026489
    },
    "barkbands_skewness": {
        "dmean": 0.491246879101,
        "dmean2": 0.713449537754,
        "dvar": 0.417677760124,
        "dvar2": 0.802434027195,
        "max": 22.2402534485,
        "mean": 1.15756201744,
        "median": 1.19869410992,
        "min": -6.44604873657,
        "var": 1.55790233612
    },
    "barkbands_spread": {
        "dmean": 7.18222475052,
        "dmean2": 11.5570650101,
        "dvar": 98.1904144287,
        "dvar2": 300.298553467,
        "max": 133.381088257,
        "mean": 35.2600669861,
        "median": 33.4883766174,
        "min": 0.162669271231,
        "var": 382.685546875
    },
    "dissonance": {
        "dmean": 0.0194198004901,
        "dmean2": 0.033121149987,
        "dvar": 0.000692632806022,
        "dvar2": 0.00202393950894,
        "max": 0.500000059605,
        "mean": 0.469968676567,
        "median": 0.478880226612,
        "min": 0.170839369297,
        "var": 0.00101459224243
    },
    "dynamic_complexity": 4.41980361938,
    "erbbands_crest": {
        "dmean": 2.96923613548,
        "dmean2": 4.94602012634,
        "dvar": 7.95862674713,
        "dvar2": 20.7875270844,
        "max": 30.3475036621,
        "mean": 9.37706661224,
        "median": 7.93021440506,
        "min": 2.27738213539,
        "var": 25.1947135925
    },
    "erbbands_flatness_db": {
        "dmean": 0.0176135096699,
        "dmean2": 0.0277687907219,
        "dvar": 0.000362120335922,
        "dvar2": 0.000830110919196,
        "max": 0.538890957832,
        "mean": 0.169628813863,
        "median": 0.159817352891,
        "min": 0.0431424193084,
        "var": 0.0079833464697
    },
    "erbbands_kurtosis": {
        "dmean": 1.15463173389,
        "dmean2": 1.82993972301,
        "dvar": 6.86740207672,
        "dvar2": 15.8167858124,
        "max": 65.0848999023,
        "mean": 0.757567167282,
        "median": -0.241311311722,
        "min": -1.81604397297,
        "var": 17.4504375458
    },
    "erbbands_skewness": {
        "dmean": 0.399515450001,
        "dmean2": 0.612581193447,
        "dvar": 0.146050691605,
        "dvar2": 0.324042707682,
        "max": 6.80193042755,
        "mean": -0.390330314636,
        "median": -0.255116164684,
        "min": -7.02097511292,
        "var": 0.819032132626
    },
    "erbbands_spread": {
        "dmean": 10.9128341675,
        "dmean2": 16.6182518005,
        "dvar": 368.412384033,
        "dvar2": 622.862976074,
        "max": 193.421768188,
        "mean": 41.4533119202,
        "median": 35.194316864,
        "min": 0.674549281597,
        "var": 928.413574219
    },
    "hfc": {
        "dmean": 13.3178796768,
        "dmean2": 19.955827713,
        "dvar": 415.082458496,
        "dvar2": 951.064086914,
        "max": 278.256317139,
        "mean": 57.993270874,
        "median": 26.7984733582,
        "min": 1.09919544975e-16,
        "var": 3340.60107422
    },
    "melbands_crest": {
        "dmean": 3.01173257828,
        "dmean2": 4.66056966782,
        "dvar": 14.1173219681,
        "dvar2": 34.5387496948,
        "max": 35.2421989441,
        "mean": 20.0423202515,
        "median": 21.1025085449,
        "min": 1.82195341587,
        "var": 54.7764053345
    },
    "melbands_flatness_db": {
        "dmean": 0.0286221858114,
        "dmean2": 0.0409366488457,
        "dvar": 0.00161567085888,
        "dvar2": 0.00325371068902,
        "max": 0.699633181095,
        "mean": 0.226050764322,
        "median": 0.191383749247,
        "min": 0.00473748985678,
        "var": 0.0101226875558
    },
    "melbands_kurtosis": {
        "dmean": 14.6961107254,
        "dmean2": 21.4568653107,
        "dvar": 1964.24291992,
        "dvar2": 3821.38671875,
        "max": 670.877624512,
        "mean": 20.7082614899,
        "median": 7.95177268982,
        "min": -1.88786923885,
        "var": 3140.6887207
    },
    "melbands_skewness": {
        "dmean": 1.05957627296,
        "dmean2": 1.53983616829,
        "dvar": 3.57501530647,
        "dvar2": 6.47238540649,
        "max": 21.9352245331,
        "mean": 3.11268949509,
        "median": 2.70235800743,
        "min": -4.73892879486,
        "var": 8.90357112885
    },
    "melbands_spread": {
        "dmean": 9.08311748505,
        "dmean2": 14.0856924057,
        "dvar": 253.523208618,
        "dvar2": 526.059875488,
        "max": 203.712966919,
        "mean": 30.2728633881,
        "median": 27.5468959808,
        "min": 0.282834023237,
        "var": 497.968994141
    },
    "pitch_salience": {
        "dmean": 0.0761978030205,
        "dmean2": 0.121141560376,
        "dvar": 0.00858586281538,
        "dvar2": 0.0220367852598,
        "max": 0.926926374435,
        "mean": 0.444954752922,
        "median": 0.435877859592,
        "min": 0.0706534087658,
        "var": 0.017418820411
    },
    "silence_rate_20dB": {
        "dmean": 0,
        "dmean2": 0,
        "dvar": 0,
        "dvar2": 0,
        "max": 1,
        "mean": 1,
        "median": 1,
        "min": 1,
        "var": 0
    },
    "silence_rate_30dB": {
        "dmean": 0.0243076924235,
        "dmean2": 0.0486228652298,
        "dvar": 0.023717822507,
        "dvar2": 0.0564084835351,
        "max": 1,
        "mean": 0.979080140591,
        "median": 1,
        "min": 0,
        "var": 0.0204831790179
    },
    "silence_rate_60dB": {
        "dmean": 0.000923076935578,
        "dmean2": 0.00184643792454,
        "dvar": 0.000922262202948,
        "dvar2": 0.00215076841414,
        "max": 1,
        "mean": 0.0699892342091,
        "median": 0,
        "min": 0,
        "var": 0.0650905743241
    },
    "spectral_centroid": {
        "dmean": 295.163513184,
        "dmean2": 450.706756592,
        "dvar": 178666.421875,
        "dvar2": 343013.71875,
        "max": 11630.6708984,
        "mean": 1895.2635498,
        "median": 2036.15319824,
        "min": 111.399162292,
        "var": 871216.3125
    },
    "spectral_complexity": {
        "dmean": 4.79107713699,
        "dmean2": 7.50853967667,
        "dvar": 36.9775505066,
        "dvar2": 79.318862915,
        "max": 54,
        "mean": 24.3296413422,
        "median": 24,
        "min": 0,
        "var": 182.440734863
    },
    "spectral_decrease": {
        "dmean": 1.79966108682e-09,
        "dmean2": 2.64735455779e-09,
        "dvar": 6.67434375963e-18,
        "dvar2": 1.31865402669e-17,
        "max": 9.75592452245e-29,
        "mean": -1.18104805935e-08,
        "median": -8.8431626466e-09,
        "min": -3.74056519092e-08,
        "var": 6.55631029746e-17
    },
    "spectral_energy": {
        "dmean": 0.00675972737372,
        "dmean2": 0.00998113304377,
        "dvar": 8.64182729856e-05,
        "dvar2": 0.000171642808709,
        "max": 0.151371955872,
        "mean": 0.04983567819,
        "median": 0.0359770916402,
        "min": 1.03243732284e-20,
        "var": 0.00117187306751
    },
    "spectral_energyband_high": {
        "dmean": 0.00125460990239,
        "dmean2": 0.00186090019997,
        "dvar": 4.91893479193e-06,
        "dvar2": 1.09789243652e-05,
        "max": 0.0302345007658,
        "mean": 0.00458799861372,
        "median": 0.00111008994281,
        "min": 7.06644887668e-21,
        "var": 3.18207603414e-05
    },
    "spectral_energyband_low": {
        "dmean": 0.00550967874005,
        "dmean2": 0.00812817830592,
        "dvar": 0.000109773471195,
        "dvar2": 0.000229631783441,
        "max": 0.127064198256,
        "mean": 0.0294277537614,
        "median": 0.0194708760828,
        "min": 3.49035609592e-23,
        "var": 0.000671488873195
    },
    "spectral_energyband_middle_high": {
        "dmean": 0.00300753791817,
        "dmean2": 0.00470326514915,
        "dvar": 1.45506155604e-05,
        "dvar2": 3.54901640094e-05,
        "max": 0.0554846711457,
        "mean": 0.00804887991399,
        "median": 0.00679029291496,
        "min": 1.34004743554e-21,
        "var": 4.72958745377e-05
    },
    "spectral_energyband_middle_low": {
        "dmean": 0.00427868962288,
        "dmean2": 0.00644872663543,
        "dvar": 7.04892809154e-05,
        "dvar2": 0.000139816460432,
        "max": 0.0969176739454,
        "mean": 0.00859783496708,
        "median": 0.00652260705829,
        "min": 1.77698895863e-22,
        "var": 9.40714890021e-05
    },
    "spectral_entropy": {
        "dmean": 0.139326483011,
        "dmean2": 0.214692831039,
        "dvar": 0.0230661518872,
        "dvar2": 0.0518212281168,
        "max": 9.82107257843,
        "mean": 7.67550182343,
        "median": 7.80192327499,
        "min": 4.51614618301,
        "var": 0.578764259815
    },
    "spectral_flux": {
        "dmean": 0.0235101319849,
        "dmean2": 0.0379041433334,
        "dvar": 0.00116768793669,
        "dvar2": 0.00284464424476,
        "max": 0.377954214811,
        "mean": 0.0966038778424,
        "median": 0.0893056839705,
        "min": 6.5213549838e-11,
        "var": 0.00338638224639
    },
    "spectral_kurtosis": {
        "dmean": 3.39600300789,
        "dmean2": 5.75411701202,
        "dvar": 56.7975959778,
        "dvar2": 156.903594971,
        "max": 190.267929077,
        "mean": 9.60248279572,
        "median": 2.41282653809,
        "min": -1.24469006062,
        "var": 529.989013672
    },
    "spectral_rms": {
        "dmean": 0.000477477151435,
        "dmean2": 0.000692331523169,
        "dvar": 3.64546593801e-07,
        "dvar2": 6.6752153316e-07,
        "max": 0.0121523644775,
        "mean": 0.00638797739521,
        "median": 0.00592449167743,
        "min": 3.17372950837e-12,
        "var": 7.81389280746e-06
    },
    "spectral_rolloff": {
        "dmean": 781.685791016,
        "dmean2": 1258.32092285,
        "dvar": 1970794.625,
        "dvar2": 4216261.5,
        "max": 19207.6171875,
        "mean": 2139.34155273,
        "median": 1593.45703125,
        "min": 64.599609375,
        "var": 5048766
    },
    "spectral_skewness": {
        "dmean": 0.294535368681,
        "dmean2": 0.489545941353,
        "dvar": 0.192071154714,
        "dvar2": 0.539673745632,
        "max": 10.2497692108,
        "mean": 1.64316880703,
        "median": 1.17653203011,
        "min": -0.0666479468346,
        "var": 2.17159748077
    },
    "spectral_spread": {
        "dmean": 607626.625,
        "dmean2": 893267,
        "dvar": 1.39227706163e+12,
        "dvar2": 2.25034528358e+12,
        "max": 42470760,
        "mean": 5084724.5,
        "median": 3936637.5,
        "min": 426124.28125,
        "var": 1.14171083489e+13
    },
    "spectral_strongpeak": {
        "dmean": 0.294825673103,
        "dmean2": 0.520124971867,
        "dvar": 0.669377863407,
        "dvar2": 1.8551081419,
        "max": 13.9152526855,
        "mean": 0.584610164165,
        "median": 0.390438258648,
        "min": 0,
        "var": 0.672090649605
    },
    "zerocrossingrate": {
        "dmean": 0.0130692608654,
        "dmean2": 0.0153165841475,
        "dvar": 0.000467166508315,
        "dvar2": 0.000574963225517,
        "max": 0.8486328125,
        "mean": 0.0785726457834,
        "median": 0.06689453125,
        "min": 0.0029296875,
        "var": 0.00394096877426
    },
    "barkbands": {
        "dmean": [0.000636306533124, 0.00552616547793, 0.00132152112201, 0.00172940944321, 0.00149695866276, 0.000687575200573, 0.000438470131485, 0.000643417879473, 0.000904359912965, 0.000539909757208, 0.000761381874327, 0.000726469908841, 0.000558155705221, 0.000448006176157, 0.000651917071082, 0.000564829737414, 0.000614908640273, 0.000422469223849, 0.000330601644237, 0.000265525915893, 0.000283509318251, 0.000337105419021, 0.000289081508527, 0.000244637572905, 0.000260998203885, 0.000207608696655, 0.000105359285953],
        "dmean2": [0.00096305727493, 0.00827971287072, 0.0021393368952, 0.00277491961606, 0.00229229242541, 0.00111614237539, 0.000716030830517, 0.00101459759753, 0.00139466300607, 0.000852670520544, 0.00120106176473, 0.00115473091137, 0.000927474698983, 0.000746897479985, 0.00106171390507, 0.000918941746932, 0.00100891047623, 0.000694591377396, 0.000571182812564, 0.000441799871624, 0.000454854191048, 0.000534770486411, 0.000462366297143, 0.00037433693069, 0.00040036404971, 0.00030964508187, 0.000174980741576],
        "dvar": [2.55866257248e-06, 0.000137381226523, 2.98086015391e-05, 4.0096048906e-05, 1.45198109749e-05, 1.3401582919e-06, 5.0479792435e-07, 1.10347411919e-06, 2.6821433039e-06, 1.48565175095e-06, 3.67017969438e-06, 2.49561526289e-06, 1.98299153453e-06, 2.09136987905e-06, 2.91960191134e-06, 9.82677192951e-07, 9.99947246783e-07, 4.67011261662e-07, 2.88857677333e-07, 1.98323121481e-07, 2.2838001712e-07, 3.28837103325e-07, 3.35876876534e-07, 1.77720849592e-07, 2.08567186633e-07, 2.32438381431e-07, 8.16740737264e-08],
        "dvar2": [4.96611983181e-06, 0.000289788440568, 8.28576667118e-05, 9.26161010284e-05, 3.33590251103e-05, 3.17532385452e-06, 1.27104794956e-06, 2.62987782662e-06, 6.10410279478e-06, 3.27343354911e-06, 9.07824141905e-06, 5.73031320528e-06, 5.09679148308e-06, 5.54130292585e-06, 7.64975266065e-06, 2.48601804742e-06, 2.68841608886e-06, 1.22589074181e-06, 8.18206672193e-07, 5.50950289835e-07, 5.92687626977e-07, 8.12241410131e-07, 7.91850823134e-07, 4.1985470034e-07, 4.7915216328e-07, 4.91962509841e-07, 2.15821202687e-07],
        "max": [0.0359693542123, 0.115908570588, 0.0571991503239, 0.0636823028326, 0.0586729161441, 0.017296878621, 0.0121270604432, 0.0156223643571, 0.0323679745197, 0.022070094943, 0.0290284827352, 0.0432481132448, 0.030990280211, 0.0503777116537, 0.0485477857292, 0.0177808087319, 0.0136672398075, 0.0106326080859, 0.00864347908646, 0.00767633132637, 0.0118873463944, 0.00798327010125, 0.00722816539928, 0.00816052500159, 0.00552879320458, 0.00550491595641, 0.00267004454508],
        "mean": [0.0018140807515, 0.0250724218786, 0.0019553268794, 0.00184770405758, 0.00208935490809, 0.00115877809003, 0.000688865373377, 0.000938779267017, 0.00138443778269, 0.000773090170696, 0.00104832148645, 0.00105966883712, 0.000706258637365, 0.000615112367086, 0.000885268324055, 0.000849295698572, 0.000926157983486, 0.000695762631949, 0.000543113215826, 0.000505296338815, 0.000648253306281, 0.00077659857925, 0.000688281666953, 0.000689089298248, 0.000718875555322, 0.000564027752262, 0.000193402243895],
        "median": [0.000459061469883, 0.015214770101, 0.000958275573794, 0.000595580670051, 0.00101839890704, 0.000500241585542, 0.000334096956067, 0.000367818778614, 0.000506888667587, 0.000228810502449, 0.000247102667345, 0.000389892607927, 0.000260496453848, 0.000238846740103, 0.000279868749203, 0.000392377318349, 0.000477699970361, 0.000391146779293, 0.000288188137347, 0.000226486678002, 0.000293545948807, 0.000216549509787, 0.000129427266074, 7.54117427277e-05, 2.06679123949e-05, 3.17565672958e-06, 3.60563170432e-08],
        "min": [1.95073148473e-25, 1.0824621546e-23, 3.16221717505e-24, 1.71181475369e-24, 2.44104802967e-23, 2.26775153933e-23, 1.12372620637e-23, 7.18211784727e-24, 2.88470971366e-23, 2.6286552457e-23, 2.97775680406e-23, 2.46499879339e-23, 1.77040503085e-23, 5.27155069291e-23, 7.08413690522e-23, 8.31785982518e-23, 1.10005719222e-22, 1.09613989829e-22, 1.73726772945e-22, 2.39437283385e-22, 3.98621840994e-22, 3.88918346989e-22, 4.48693884496e-22, 5.35499583148e-22, 9.69195366435e-22, 1.26823913128e-21, 2.03337251411e-21],
        "var": [1.43842835314e-05, 0.00060194573598, 2.05742762773e-05, 3.66718304576e-05, 1.66082718351e-05, 2.95019185614e-06, 9.62705485108e-07, 2.25350277105e-06, 5.6349699662e-06, 3.53577320311e-06, 5.98126462137e-06, 5.39192478755e-06, 2.64506820713e-06, 3.13185637424e-06, 4.44660463472e-06, 1.72513159669e-06, 1.66096663179e-06, 8.64962657943e-07, 5.05246248395e-07, 4.15782096752e-07, 6.33436172848e-07, 1.04089690467e-06, 9.64249352364e-07, 8.85377176019e-07, 1.0799062693e-06, 8.95627806585e-07, 1.31942769599e-07]
    },
    "erbbands": {
        "dmean": [0.253504753113, 1.07566714287, 1.43195807934, 3.33318209648, 6.61951541901, 4.6930603981, 4.61096382141, 5.68488407135, 5.62998437881, 8.32391834259, 16.5955219269, 21.8326473236, 18.8598842621, 20.7828865051, 27.9035625458, 29.0856304169, 25.1484375, 25.1800479889, 21.3854160309, 30.6687316895, 30.2236042023, 29.0112190247, 24.308631897, 20.8397502899, 11.6859054565, 11.8891859055, 11.7998514175, 11.5600948334, 11.6246118546, 10.5826501846, 8.5276927948, 5.26003980637, 4.39530849457, 3.44828248024, 1.76803731918, 0.868419408798, 0.399318516254, 0.163009181619, 0.0163355916739, 0.000224221628741],
        "dmean2": [0.353433966637, 1.5954400301, 2.19547986984, 5.45041656494, 10.1014471054, 7.49139213562, 7.60378837585, 9.18639659882, 9.24478912354, 13.2433176041, 26.0063743591, 33.5582275391, 29.5577278137, 32.7597198486, 43.9195022583, 45.9146728516, 41.6123733521, 42.0997085571, 34.6246833801, 49.5726890564, 49.0230407715, 47.5461807251, 40.0527496338, 35.7082138062, 19.6958885193, 19.8702774048, 19.3105239868, 18.329624176, 18.8022823334, 16.7434577942, 13.4977397919, 8.26725196838, 6.86602687836, 5.44470596313, 2.7451570034, 1.35950601101, 0.595086097717, 0.263159275055, 0.0266688745469, 0.000361762795364],
        "dvar": [0.297687321901, 5.56185436249, 26.1700801849, 123.035865784, 512.382873535, 142.544540405, 75.3067321777, 106.749214172, 81.9139938354, 233.841064453, 767.248168945, 1837.54333496, 1908.24462891, 2950.40820312, 6260.09423828, 4862.4375, 3709.32714844, 5115.06445312, 1969.83666992, 4511.06689453, 2591.15087891, 2034.14489746, 1636.37744141, 1357.73681641, 313.34185791, 410.954498291, 381.979370117, 406.330932617, 440.203918457, 412.245422363, 296.022155762, 88.4021835327, 56.367389679, 37.638092041, 9.84255218506, 3.17262268066, 0.880074620247, 0.209998890758, 0.00162545999046, 3.09357204742e-07],
        "dvar2": [0.571908831596, 12.1691665649, 66.5358352661, 314.843658447, 1056.03796387, 340.71875, 184.461181641, 248.994659424, 210.229171753, 554.498718262, 1821.29638672, 4227.38769531, 4261.47265625, 7077.63232422, 15160.4824219, 10858.6943359, 9476.02636719, 13370.9160156, 5071.31640625, 11818.4140625, 6749.81005859, 5488.88916016, 4305.25585938, 3889.42602539, 835.526611328, 1146.48669434, 996.890686035, 1031.60351562, 1187.24743652, 912.205444336, 688.622375488, 212.727798462, 135.830093384, 93.1996536255, 23.2347717285, 7.14598417282, 1.78585922718, 0.528509616852, 0.00408156448975, 7.68051734212e-07],
        "max": [6.27643251419, 25.5869026184, 59.5580329895, 101.235816956, 272.071777344, 307.561004639, 149.580795288, 204.008270264, 127.438209534, 298.331848145, 416.532165527, 917.514282227, 863.117980957, 1011.64648438, 1498.29638672, 2200.42797852, 1156.87976074, 2532.18554688, 932.054504395, 1800.30969238, 766.253417969, 633.516174316, 735.495666504, 714.843261719, 267.757385254, 319.774505615, 381.436767578, 404.366760254, 419.275024414, 280.840454102, 212.594238281, 202.551223755, 85.8506546021, 70.6733627319, 41.5613517761, 21.9871234894, 12.3415708542, 4.19762849808, 0.39848664403, 0.00571337528527],
        "mean": [1.11004269123, 4.0987944603, 2.67512178421, 4.17629098892, 7.95308113098, 6.55643701553, 7.33892440796, 9.21701431274, 8.97873497009, 13.7976312637, 25.0454082489, 33.4626426697, 29.9568786621, 29.1042118073, 39.0889358521, 44.505065918, 35.2232208252, 36.7752189636, 31.7785205841, 48.6647758484, 49.7413330078, 47.5010185242, 41.6529083252, 34.6291694641, 22.0079288483, 23.1363677979, 26.1110210419, 26.3038520813, 27.1161003113, 23.6112346649, 20.0848712921, 14.2146615982, 11.5689258575, 8.55972480774, 4.82960557938, 2.38725185394, 1.0398786068, 0.331197202206, 0.031075861305, 0.000527020194568],
        "median": [0.637530446053, 2.41643714905, 1.71259105206, 1.93450200558, 2.88085651398, 3.24593782425, 3.38817811012, 4.03187656403, 4.91586923599, 6.72622823715, 9.90178489685, 13.0899429321, 10.5328922272, 8.81495952606, 11.738319397, 16.436000824, 16.0626335144, 17.2855758667, 14.2996902466, 22.711359024, 27.1648006439, 27.3533172607, 24.6341018677, 18.5007381439, 12.1597251892, 10.8820228577, 12.3289937973, 9.88223457336, 7.81108045578, 4.94432878494, 3.43038702011, 1.97208273411, 0.974094212055, 0.315880566835, 0.106473878026, 0.0231961645186, 0.00428549945354, 0.00042142579332, 2.83835652226e-05, 4.38230381405e-05],
        "min": [2.91108581445e-22, 1.18075357337e-21, 3.75992645224e-21, 8.00030509209e-21, 1.78352580087e-20, 8.5387373092e-20, 1.05909814562e-19, 1.59811643312e-19, 1.5517480484e-19, 1.56676680489e-19, 5.96368115233e-19, 6.82552166652e-19, 7.25616843703e-19, 1.26202098197e-18, 1.48950154408e-18, 1.71241224351e-18, 1.24809487937e-18, 2.53222422777e-18, 3.16086329533e-18, 3.96055442138e-18, 4.54254670626e-18, 7.77704375856e-18, 7.53456982406e-18, 1.01337574243e-17, 1.2064406073e-17, 1.08513208893e-17, 1.43076437937e-17, 1.47614268059e-17, 1.09656165704e-17, 1.41151572108e-17, 1.29812869784e-17, 1.04341025689e-17, 1.00133662493e-17, 1.01607590811e-17, 6.50170123962e-18, 4.77937265153e-18, 2.13274396838e-18, 1.08995076755e-18, 2.71084845267e-19, 2.71516446139e-20],
        "var": [1.30716431141, 19.2446784973, 22.9988536835, 97.0247879028, 559.292053223, 167.895553589, 137.591629028, 232.056045532, 149.477279663, 496.316650391, 1624.5814209, 3531.57788086, 5050.64306641, 4483.64990234, 10052.3232422, 11520.484375, 5065.32080078, 8213.36132812, 3104.47753906, 7681.33447266, 4926.79638672, 3784.16162109, 2978.23901367, 2265.28540039, 700.188903809, 851.527893066, 1010.6807251, 1116.3223877, 1268.85046387, 1158.29248047, 847.317932129, 377.81640625, 257.587188721, 154.751647949, 49.2168273926, 13.7587051392, 3.35501241684, 0.384318739176, 0.00322603830136, 7.17894749869e-07]
    },
    "gfcc": {
        "mean": [-7.31521224976, 85.1893768311, -115.231079102, 35.1037902832, -38.493473053, 19.6427021027, -23.2147941589, 5.86262512207, -10.8308887482, 3.26665019989, -10.6177921295, 2.34294867516, -7.46171665192],
        "cov": [[35115.1445312, -9159.33496094, 1103.85107422, 4156.78808594, -1351.10009766, 618.445983887, 155.494613647, 2968.58081055, 412.074493408, 589.151550293, -951.604797363, 827.744567871, 195.112289429], [-9159.33496094, 7555.17822266, -2006.87182617, -741.305480957, 806.505249023, -899.284973145, 454.950195312, -1184.76257324, 444.588745117, -506.559509277, 675.336242676, -493.48727417, 335.360107422], [1103.85107422, -2006.87182617, 1906.09619141, -55.9878349304, 220.703704834, 414.287384033, -65.9699935913, 245.22038269, -169.857116699, 301.153869629, -231.292770386, 166.573577881, -194.044387817], [4156.78808594, -741.305480957, -55.9878349304, 1110.51965332, -109.659095764, 2.37269330025, 42.4603309631, 295.789031982, 130.862579346, -41.9976196289, -86.1691665649, 23.8962955475, 120.481536865], [-1351.10009766, 806.505249023, 220.703704834, -109.659095764, 433.553161621, -29.2345485687, 110.053695679, -136.284805298, 77.0416564941, 13.2819061279, 53.8971481323, -32.8116073608, 5.35006380081], [618.445983887, -899.284973145, 414.287384033, 2.37269330025, -29.2345485687, 367.075531006, -7.98217487335, 148.843521118, -55.113494873, 133.143081665, -40.7485618591, 89.2844924927, -43.3264579773], [155.494613647, 454.950195312, -65.9699935913, 42.4603309631, 110.053695679, -7.98217487335, 276.652374268, 48.2650299072, 107.986480713, 19.7150173187, 80.2842025757, 10.2720861435, 54.4578018188], [2968.58081055, -1184.76257324, 245.22038269, 295.789031982, -136.284805298, 148.843521118, 48.2650299072, 492.680206299, 76.3883056641, 115.19127655, -79.580406189, 137.558502197, 15.6482162476], [412.074493408, 444.588745117, -169.857116699, 130.862579346, 77.0416564941, -55.113494873, 107.986480713, 76.3883056641, 223.986190796, 30.7090778351, 46.18800354, -8.3024520874, 72.6359481812], [589.151550293, -506.559509277, 301.153869629, -41.9976196289, 13.2819061279, 133.143081665, 19.7150173187, 115.19127655, 30.7090778351, 194.006210327, 5.28476858139, 66.2261505127, -27.7202701569], [-951.604797363, 675.336242676, -231.292770386, -86.1691665649, 53.8971481323, -40.7485618591, 80.2842025757, -79.580406189, 46.18800354, 5.28476858139, 189.582122803, 16.8351268768, 46.4349212646], [827.744567871, -493.48727417, 166.573577881, 23.8962955475, -32.8116073608, 89.2844924927, 10.2720861435, 137.558502197, -8.3024520874, 66.2261505127, 16.8351268768, 148.15296936, 19.0894412994], [195.112289429, 335.360107422, -194.044387817, 120.481536865, 5.35006380081, -43.3264579773, 54.4578018188, 15.6482162476, 72.6359481812, -27.7202701569, 46.4349212646, 19.0894412994, 127.101089478]],
        "icov": [[0.000122988480143, -2.82900564343e-05, 8.48861673148e-05, -0.000369408080587, 0.000113254689495, 0.000135244408739, -0.000130548651214, -0.000362129852874, 0.000154810128151, -0.000393328082282, 0.000513866660185, -0.0004293214879, 0.000209953810554], [-2.82900564343e-05, 0.00108174269553, 0.000124583602883, 0.000646818021778, -0.000941547274124, 0.000481066468637, -0.000377591059078, 0.00101987936068, -0.00135419238359, 0.00149254442658, -0.00211999937892, 0.00177412526682, -0.00138640066143], [8.48861673148e-05, 0.000124583602883, 0.0016743761953, -0.000356373697286, -0.00146864063572, -0.000275288271951, -0.000181889277883, -0.000313654833008, 0.00123989221174, -0.00182318221778, 0.00179097533692, -0.00117956683971, 0.000936216616537], [-0.000369408080587, 0.000646818021778, -0.000356373697286, 0.00277840485796, -0.000575607700739, -0.000214191735722, 0.000263789785095, 0.000744974357076, -0.00168918119743, 0.00270104105584, -0.00228429352865, 0.00275453389622, -0.0025956183672], [0.000113254689495, -0.000941547274124, -0.00146864063572, -0.000575607700739, 0.00544609921053, -0.000139218653203, -0.00101289141458, 0.000632474257145, -0.0013942514779, -0.000333415489877, 0.00116810284089, -0.00146978639532, 0.00121139502153], [0.000135244408739, 0.000481066468637, -0.000275288271951, -0.000214191735722, -0.000139218653203, 0.00499805668369, -0.000641863269266, -0.000534922874067, 0.00094089837512, -0.00190411240328, -0.000352148257662, -0.000312745134579, -0.000421049277065], [-0.000130548651214, -0.000377591059078, -0.000181889277883, 0.000263789785095, -0.00101289141458, -0.000641863269266, 0.00582718430087, -0.00126347283367, -0.00087938492652, 0.00027310315636, -0.00194963265676, 0.000702949357219, -0.000679564371239], [-0.000362129852874, 0.00101987936068, -0.000313654833008, 0.000744974357076, 0.000632474257145, -0.000534922874067, -0.00126347283367, 0.00737562822178, -0.00415295828134, 0.00154547241982, -0.000908873567823, -0.00138234812766, -0.000645724940114], [0.000154810128151, -0.00135419238359, 0.00123989221174, -0.00168918119743, -0.0013942514779, 0.00094089837512, -0.00087938492652, -0.00415295828134, 0.0119923455641, -0.00642542075366, 0.00315766362473, -0.000103701138869, -0.00129573303275], [-0.000393328082282, 0.00149254442658, -0.00182318221778, 0.00270104105584, -0.000333415489877, -0.00190411240328, 0.00027310315636, 0.00154547241982, -0.00642542075366, 0.0142922624946, -0.00696338806301, 0.00253150938079, -0.000667583139148], [0.000513866660185, -0.00211999937892, 0.00179097533692, -0.00228429352865, 0.00116810284089, -0.000352148257662, -0.00194963265676, -0.000908873567823, 0.00315766362473, -0.00696338806301, 0.0161766968668, -0.00901172775775, 0.00260274671018], [-0.0004293214879, 0.00177412526682, -0.00117956683971, 0.00275453389622, -0.00146978639532, -0.000312745134579, 0.000702949357219, -0.00138234812766, -0.000103701138869, 0.00253150938079, -0.00901172775775, 0.0178765002638, -0.00739086652175], [0.000209953810554, -0.00138640066143, 0.000936216616537, -0.0025956183672, 0.00121139502153, -0.000421049277065, -0.000679564371239, -0.000645724940114, -0.00129573303275, -0.000667583139148, 0.00260274671018, -0.00739086652175, 0.0160234607756]]
    },
    "melbands": {
        "dmean": [0.00181542045902, 0.000841342553031, 0.000721236574464, 0.000386062660255, 0.000157437840244, 0.000128035448142, 8.80916777533e-05, 9.47446096689e-05, 0.000145554105984, 0.000140011048643, 9.21759492485e-05, 7.87840981502e-05, 8.75224577612e-05, 7.7727730968e-05, 7.29256353225e-05, 6.09094822721e-05, 5.04018680658e-05, 2.85485293716e-05, 5.87562790315e-05, 4.20083706558e-05, 3.63413928426e-05, 3.44272266375e-05, 2.90450607281e-05, 1.93752239284e-05, 1.87618952623e-05, 1.07813420982e-05, 7.96503081801e-06, 9.35158277571e-06, 7.99635927251e-06, 7.96438780526e-06, 7.64132710174e-06, 7.99210101832e-06, 6.65564357405e-06, 5.89083174418e-06, 5.72833187107e-06, 4.13807720179e-06, 3.47707782566e-06, 3.35257823281e-06, 3.81962536267e-06, 2.93333846457e-06],
        "dmean2": [0.00259135826491, 0.00121308490634, 0.00115211703815, 0.000587619026192, 0.000257553096162, 0.000206944634556, 0.000144037694554, 0.000149947882164, 0.000229522862355, 0.000214498548303, 0.000145301528391, 0.000124761878396, 0.000137913040817, 0.000122719880892, 0.000118956893857, 0.000100924669823, 8.43720772536e-05, 4.7109908337e-05, 9.66423249338e-05, 6.82408863213e-05, 5.91833340877e-05, 5.67174502066e-05, 4.80603594042e-05, 3.21547922795e-05, 3.2456315239e-05, 1.83735173778e-05, 1.33933708639e-05, 1.58064431162e-05, 1.32273980853e-05, 1.3043506442e-05, 1.21873054013e-05, 1.31515625981e-05, 1.06315837911e-05, 9.47192802414e-06, 9.25834410737e-06, 6.57024429529e-06, 5.49738570044e-06, 5.30620900463e-06, 6.06549701843e-06, 4.68916869067e-06],
        "dvar": [1.43147572089e-05, 4.27938402936e-06, 6.12248413745e-06, 1.06354605123e-06, 9.28849388515e-08, 4.91189346974e-08, 1.91688638296e-08, 3.14095061071e-08, 6.46474092036e-08, 7.88677212427e-08, 4.74005794615e-08, 4.35337454974e-08, 5.26812655721e-08, 3.00008089482e-08, 4.15809111587e-08, 3.15257331351e-08, 2.65088235807e-08, 3.3582350234e-09, 3.19035784457e-08, 5.76697978261e-09, 4.00533117784e-09, 2.96822855184e-09, 2.63215604868e-09, 1.05618702673e-09, 1.1940494149e-09, 3.10842074303e-10, 1.92018831391e-10, 2.83779888477e-10, 1.78722717181e-10, 2.10278142121e-10, 1.80407563888e-10, 2.39990860518e-10, 1.5975044898e-10, 1.22804710845e-10, 1.36516783988e-10, 5.84238907253e-11, 3.88085986958e-11, 3.38459087146e-11, 5.67824086362e-11, 2.7678543485e-11],
        "dvar2": [2.87907951133e-05, 9.03294676391e-06, 1.42576955113e-05, 2.232483439e-06, 2.25716064506e-07, 1.15975176129e-07, 4.85435194264e-08, 7.4201139455e-08, 1.52881398208e-07, 1.80096165536e-07, 1.05808588557e-07, 1.03926453221e-07, 1.29693660256e-07, 6.70035689154e-08, 1.03499708359e-07, 8.09823603731e-08, 6.90974815143e-08, 8.90595330816e-09, 8.42719742877e-08, 1.3903181717e-08, 1.04626041164e-08, 7.93758747619e-09, 7.18905868169e-09, 2.84735413025e-09, 3.44768547045e-09, 8.35764846219e-10, 5.17283937906e-10, 8.01527733074e-10, 4.80698258976e-10, 5.65558933019e-10, 4.44262154842e-10, 6.60312415857e-10, 3.69139663281e-10, 2.8296226473e-10, 3.24493681925e-10, 1.37777733666e-10, 9.52346188021e-11, 8.48199704917e-11, 1.39222217088e-10, 6.96673344014e-11],
        "max": [0.0409316532314, 0.0272132661194, 0.0247241966426, 0.0139020113274, 0.00549208233133, 0.00392615702003, 0.00208411575295, 0.00368169485591, 0.00456955842674, 0.00621325289831, 0.00428604194894, 0.00372301507741, 0.00439788214862, 0.00484922295436, 0.00417239265516, 0.00409622257575, 0.0058320928365, 0.00115895364434, 0.00537593383342, 0.00146108877379, 0.00100936053786, 0.000801120651886, 0.00080324918963, 0.000668188149575, 0.000666732550599, 0.000271240307484, 0.00025742748403, 0.000305812136503, 0.000190123304492, 0.000357614015229, 0.000214370767935, 0.000284288194962, 0.000160182680702, 0.000144179764902, 0.000135204332764, 0.000131620487082, 9.89277978078e-05, 8.50664800964e-05, 9.60303368629e-05, 6.15387689322e-05],
        "mean": [0.00830508675426, 0.00265788170509, 0.000893231539521, 0.000531996192876, 0.000253011414316, 0.000211571066757, 0.000141628654092, 0.00015460747818, 0.000214459694689, 0.000212307117181, 0.000140667238156, 0.000105784849438, 0.000122543569887, 0.000113052337838, 0.000102432248241, 7.64663273003e-05, 6.86767525622e-05, 4.03392623411e-05, 7.84265066613e-05, 6.45143372822e-05, 5.60378830414e-05, 5.16996660735e-05, 4.33154455095e-05, 3.13437230943e-05, 2.84469006147e-05, 1.69112317963e-05, 1.38739324029e-05, 1.60462313943e-05, 1.59110350069e-05, 1.62125343195e-05, 1.50268924699e-05, 1.63740605785e-05, 1.3600816601e-05, 1.240399979e-05, 1.19900150821e-05, 9.82856545306e-06, 8.33342346596e-06, 8.04876526672e-06, 8.1929456428e-06, 6.89871330906e-06],
        "median": [0.00497848307714, 0.00184229272418, 0.000383045757189, 0.000234096049098, 0.000128063649754, 9.34030249482e-05, 7.47227168176e-05, 7.44780481909e-05, 7.46708756196e-05, 7.38441667636e-05, 4.46330632258e-05, 2.66384977294e-05, 3.30934926751e-05, 3.83389924536e-05, 3.5371955164e-05, 2.60629258264e-05, 2.77082872344e-05, 1.8421542336e-05, 2.23780753004e-05, 2.91020878649e-05, 2.78318784694e-05, 2.65392191068e-05, 2.23848946916e-05, 1.7771460989e-05, 1.32406894409e-05, 8.81929281604e-06, 5.88742705077e-06, 6.82648214934e-06, 7.4646354733e-06, 6.43826751912e-06, 5.18709521202e-06, 4.58073282061e-06, 2.92069307761e-06, 2.66352230938e-06, 2.06733307095e-06, 1.51129529513e-06, 1.07511323222e-06, 7.54643053824e-07, 4.00008872248e-07, 2.14811564092e-07],
        "min": [3.93384659708e-24, 1.57477048458e-24, 2.20333031791e-24, 2.28228385604e-24, 4.73239550308e-24, 4.26605327921e-24, 2.35875622941e-24, 1.45690884749e-24, 5.62995513016e-24, 4.16054983846e-24, 3.59174010503e-24, 4.46034972017e-24, 4.96492408781e-24, 3.20811369416e-24, 3.38924818813e-24, 1.90583627662e-24, 4.67852537516e-24, 4.8016839174e-24, 5.20918934509e-24, 5.79709424559e-24, 4.54152271846e-24, 7.5429814795e-24, 8.70242399445e-24, 4.79772265237e-24, 7.50651007327e-24, 5.39174556362e-24, 9.28766727825e-24, 5.91462623743e-24, 7.78137997822e-24, 9.27884781333e-24, 7.33118889253e-24, 5.50910400606e-24, 7.3440307592e-24, 7.2531666047e-24, 6.72981498093e-24, 6.39128123991e-24, 6.48210279593e-24, 6.55628372558e-24, 7.15217032072e-24, 8.76784817362e-24],
        "var": [6.68228385621e-05, 8.9508257588e-06, 5.55337965125e-06, 1.29465195187e-06, 1.45580202116e-07, 1.06887121376e-07, 3.66412820085e-08, 6.71066757718e-08, 1.41830966527e-07, 1.52762638095e-07, 1.23405868635e-07, 6.49360032412e-08, 8.53423145486e-08, 6.69198172432e-08, 6.05459220537e-08, 4.2647908316e-08, 4.0697894832e-08, 4.77267914079e-09, 4.66173126767e-08, 1.01616093318e-08, 7.10287517691e-09, 5.13583175987e-09, 3.85844955986e-09, 1.79125370092e-09, 1.80544812434e-09, 5.49844614284e-10, 3.65516589218e-10, 5.23708576505e-10, 4.02606531447e-10, 4.85332829481e-10, 4.37654523733e-10, 5.40708755548e-10, 3.99497046555e-10, 3.30384136715e-10, 3.32019634008e-10, 2.0244672605e-10, 1.39228739648e-10, 1.29934452087e-10, 1.60114033143e-10, 1.04123910882e-10]
    },
    "mfcc": {
        "mean": [-637.521972656, 104.448471069, -4.13747358322, 26.8561630249, 10.1740131378, 16.2941150665, 3.22509002686, 9.80497932434, 6.33703041077, 3.36522006989, 3.77563357353, 6.80857944489, 1.73745679855],
        "cov": [[18065.7949219, -2690.82348633, 640.839050293, 643.683410645, 164.857437134, -237.351699829, -147.744598389, 901.638916016, 1067.2322998, 693.15020752, 203.681503296, 115.327301025, 151.769775391], [-2690.82348633, 4875.58300781, -1262.84851074, 575.394104004, -33.5139846802, 68.9474945068, -101.929672241, -161.884979248, -89.3766326904, -1.19166791439, -31.6425304413, 54.8161239624, 87.9354705811], [640.839050293, -1262.84851074, 1069.56530762, -140.417205811, 232.099121094, 115.73122406, 170.695861816, 28.4686126709, 95.8618240356, 48.8738212585, 75.3171768188, -19.9045982361, 4.22808837891], [643.683410645, 575.394104004, -140.417205811, 445.319091797, 90.1512985229, 65.2935409546, -47.343585968, 44.4673118591, 56.0513648987, 36.3767700195, -15.4338026047, 1.83467948437, -1.98095571995], [164.857437134, -33.5139846802, 232.099121094, 90.1512985229, 289.102752686, 82.7078857422, 15.6947937012, 15.2212753296, 61.8396148682, 43.6961097717, 18.1985988617, -15.4679012299, 20.4683074951], [-237.351699829, 68.9474945068, 115.73122406, 65.2935409546, 82.7078857422, 232.268096924, 60.6862449646, -21.2953109741, 9.09409618378, 20.0545482635, 3.70022296906, 3.16547060013, 15.3839569092], [-147.744598389, -101.929672241, 170.695861816, -47.343585968, 15.6947937012, 60.6862449646, 191.507705688, 35.1023521423, 2.53771615028, 0.480886220932, 45.3406257629, 25.4490833282, 20.1497802734], [901.638916016, -161.884979248, 28.4686126709, 44.4673118591, 15.2212753296, -21.2953109741, 35.1023521423, 174.734039307, 98.4000778198, 45.3011856079, 26.4925289154, 24.2047042847, 25.8137950897], [1067.2322998, -89.3766326904, 95.8618240356, 56.0513648987, 61.8396148682, 9.09409618378, 2.53771615028, 98.4000778198, 209.412139893, 116.34286499, 33.3542098999, 14.2270593643, 34.5219497681], [693.15020752, -1.19166791439, 48.8738212585, 36.3767700195, 43.6961097717, 20.0545482635, 0.480886220932, 45.3011856079, 116.34286499, 160.152130127, 62.9954948425, 15.4604721069, 16.9423522949], [203.681503296, -31.6425304413, 75.3171768188, -15.4338026047, 18.1985988617, 3.70022296906, 45.3406257629, 26.4925289154, 33.3542098999, 62.9954948425, 125.64616394, 47.3349533081, 15.6284389496], [115.327301025, 54.8161239624, -19.9045982361, 1.83467948437, -15.4679012299, 3.16547060013, 25.4490833282, 24.2047042847, 14.2270593643, 15.4604721069, 47.3349533081, 113.654304504, 58.2263259888], [151.769775391, 87.9354705811, 4.22808837891, -1.98095571995, 20.4683074951, 15.3839569092, 20.1497802734, 25.8137950897, 34.5219497681, 16.9423522949, 15.6284389496, 58.2263259888, 126.091140747]],
