{
"lowlevel": {
    "average_loudness": 0.752697527409,
    "barkbands_crest": {
        "dmean": 3.06106138229,
        "dmean2": 4.7334022522,
        "dvar": 13.6736459732,
        "dvar2": 30.435300827,
        "max": 26.3490486145,
        "mean": 11.9905738831,
        "median": 11.9973373413,
        "min": 1.79955112934,
        "var": 38.402885437
    },
    "barkbands_flatness_db": {
        "dmean": 0.0281247999519,
        "dmean2": 0.0446092411876,
        "dvar": 0.00139640748966,
        "dvar2": 0.00336155761033,
        "max": 0.463402658701,
        "mean": 0.111790694296,
        "median": 0.0874453708529,
        "min": 0.00776830734685,
        "var": 0.00448328489438
    },
    "barkbands_kurtosis": {
        "dmean": 4.75526094437,
        "dmean2": 7.46002006531,
        "dvar": 230.852767944,
        "dvar2": 555.56817627,
        "max": 602.122253418,
        "mean": 5.67757940292,
        "median": 0.309639215469,
        "min": -1.91027665138,
        "var": 378.835662842
    },
    "barkbands_skewness": {
        "dmean": 0.780265629292,
        "dmean2": 1.15335488319,
        "dvar": 1.32445168495,
        "dvar2": 2.7906973362,
        "max": 19.3716011047,
        "mean": 1.37418532372,
        "median": 1.06266272068,
        "min": -3.03366231918,
        "var": 4.16622543335
    },
    "barkbands_spread": {
        "dmean": 10.6878108978,
        "dmean2": 17.5903320312,
        "dvar": 189.023910522,
        "dvar2": 478.293334961,
        "max": 114.040840149,
        "mean": 39.6731262207,
        "median": 36.4585952759,
        "min": 0.201431810856,
        "var": 473.027893066
    },
    "dissonance": {
        "dmean": 0.0128441778943,
        "dmean2": 0.0216669626534,
        "dvar": 0.000162179756444,
        "dvar2": 0.000440162140876,
        "max": 0.500000119209,
        "mean": 0.475572139025,
        "median": 0.479998350143,
        "min": 0.286585837603,
        "var": 0.000352955219569
    },
    "dynamic_complexity": 4.7253074646,
    "erbbands_crest": {
        "dmean": 2.65910434723,
        "dmean2": 4.47783899307,
        "dvar": 9.77844715118,
        "dvar2": 27.0312747955,
        "max": 30.7803840637,
        "mean": 7.90810823441,
        "median": 6.13862943649,
        "min": 2.16863322258,
        "var": 23.401348114
    },
    "erbbands_flatness_db": {
        "dmean": 0.0153114199638,
        "dmean2": 0.0243350062519,
        "dvar": 0.000320737046422,
        "dvar2": 0.000750200881157,
        "max": 0.33168810606,
        "mean": 0.121937744319,
        "median": 0.106374837458,
        "min": 0.0456050075591,
        "var": 0.00235412782058
    },
    "erbbands_kurtosis": {
        "dmean": 0.707231342793,
        "dmean2": 1.17078208923,
        "dvar": 1.6001342535,
        "dvar2": 4.2888841629,
        "max": 43.7674789429,
        "mean": -0.0852786898613,
        "median": -0.421737909317,
        "min": -1.84684824944,
        "var": 2.21627664566
    },
    "erbbands_skewness": {
        "dmean": 0.405452132225,
        "dmean2": 0.641352713108,
        "dvar": 0.233970120549,
        "dvar2": 0.597583651543,
        "max": 5.75130081177,
        "mean": 0.0148549005389,
        "median": 0.00259727495722,
        "min": -2.98845696449,
        "var": 0.47700625658
    },
    "erbbands_spread": {
        "dmean": 12.4001970291,
        "dmean2": 17.7506523132,
        "dvar": 327.463531494,
        "dvar2": 649.02130127,
        "max": 193.539337158,
        "mean": 49.4958305359,
        "median": 42.7152709961,
        "min": 4.15055656433,
        "var": 743.874633789
    },
    "hfc": {
        "dmean": 14.9826841354,
        "dmean2": 24.1052494049,
        "dvar": 642.252380371,
        "dvar2": 1607.63769531,
        "max": 214.693237305,
        "mean": 44.9289970398,
        "median": 24.3884468079,
        "min": 1.15150595464e-16,
        "var": 2035.22595215
    },
    "melbands_crest": {
        "dmean": 3.90237164497,
        "dmean2": 6.27025508881,
        "dvar": 22.8994579315,
        "dvar2": 51.7368507385,
        "max": 36.2997131348,
        "mean": 19.2584629059,
        "median": 20.7920799255,
        "min": 1.5275375843,
        "var": 73.6219787598
    },
    "melbands_flatness_db": {
        "dmean": 0.0364764668047,
        "dmean2": 0.0555955059826,
        "dvar": 0.00231772474945,
        "dvar2": 0.00519451778382,
        "max": 0.572682499886,
        "mean": 0.167557477951,
        "median": 0.155459612608,
        "min": 0.0019548162818,
        "var": 0.00923287495971
    },
    "melbands_kurtosis": {
        "dmean": 26.2243862152,
        "dmean2": 38.8832550049,
        "dvar": 4834.65966797,
        "dvar2": 9601.33789062,
        "max": 1416.41918945,
        "mean": 34.9404067993,
        "median": 7.47657489777,
        "min": -1.72620916367,
        "var": 9202.74023438
    },
    "melbands_skewness": {
        "dmean": 1.41156578064,
        "dmean2": 2.05076384544,
        "dvar": 5.22047472,
        "dvar2": 10.3384971619,
        "max": 32.8267860413,
        "mean": 3.5091483593,
        "median": 2.61390757561,
        "min": -1.12811982632,
        "var": 14.3032093048
    },
    "melbands_spread": {
        "dmean": 15.7179164886,
        "dmean2": 24.781255722,
        "dvar": 602.07623291,
        "dvar2": 1268.40856934,
        "max": 225.731811523,
        "mean": 41.4995307922,
        "median": 32.6128845215,
        "min": 0.323502004147,
        "var": 1308.8223877
    },
    "pitch_salience": {
        "dmean": 0.0963025689125,
        "dmean2": 0.154990389943,
        "dvar": 0.0136575624347,
        "dvar2": 0.0316325873137,
        "max": 0.949398577213,
        "mean": 0.473111748695,
        "median": 0.473448187113,
        "min": 0.0267868395895,
        "var": 0.029782878235
    },
    "silence_rate_20dB": {
        "dmean": 0,
        "dmean2": 0,
        "dvar": 0,
        "dvar2": 0,
        "max": 1,
        "mean": 1,
        "median": 1,
        "min": 1,
        "var": 0
    },
    "silence_rate_30dB": {
        "dmean": 0.058955527842,
        "dmean2": 0.117923088372,
        "dvar": 0.0554822385311,
        "dvar2": 0.122997500002,
        "max": 1,
        "mean": 0.947679758072,
        "median": 1,
        "min": 0,
        "var": 0.0495866835117
    },
    "silence_rate_60dB": {
        "dmean": 0.0354957170784,
        "dmean2": 0.0709986761212,
        "dvar": 0.0342359468341,
        "dvar2": 0.0828954130411,
        "max": 1,
        "mean": 0.147475779057,
        "median": 0,
        "min": 0,
        "var": 0.125729560852
    },
    "spectral_centroid": {
        "dmean": 417.69720459,
        "dmean2": 636.461242676,
        "dvar": 320677,
        "dvar2": 642976.6875,
        "max": 11778.2978516,
        "mean": 2247.13500977,
        "median": 2514.22949219,
        "min": 156.624038696,
        "var": 918453.5625
    },
    "spectral_complexity": {
        "dmean": 5.66585063934,
        "dmean2": 9.36488819122,
        "dvar": 55.7014884949,
        "dvar2": 137.635543823,
        "max": 52,
        "mean": 18.1963291168,
        "median": 13,
        "min": 0,
        "var": 177.702392578
    },
    "spectral_decrease": {
        "dmean": 3.8368033195e-09,
        "dmean2": 5.6760356415e-09,
        "dvar": 4.0465235506e-17,
        "dvar2": 7.86106793801e-17,
        "max": 7.01716186356e-30,
        "mean": -8.83472228708e-09,
        "median": -4.61168658816e-09,
        "min": -5.68594771266e-08,
        "var": 9.11744940936e-17
    },
    "spectral_energy": {
        "dmean": 0.0150303598493,
        "dmean2": 0.0220543071628,
        "dvar": 0.000593508011661,
        "dvar2": 0.00112203776371,
        "max": 0.218143194914,
        "mean": 0.0374194160104,
        "median": 0.0213787797838,
        "min": 1.05780204085e-20,
        "var": 0.00147010805085
    },
    "spectral_energyband_high": {
        "dmean": 0.00137689372059,
        "dmean2": 0.00223058881238,
        "dvar": 5.40777591596e-06,
        "dvar2": 1.42889530252e-05,
        "max": 0.0225264746696,
        "mean": 0.0036225381773,
        "median": 0.00178562174551,
        "min": 7.73991445137e-21,
        "var": 1.57590620802e-05
    },
    "spectral_energyband_low": {
        "dmean": 0.0101131340489,
        "dmean2": 0.0148142464459,
        "dvar": 0.000392909452785,
        "dvar2": 0.000783858879004,
        "max": 0.194938376546,
        "mean": 0.0218743346632,
        "median": 0.00625616498291,
        "min": 1.14638705629e-22,
        "var": 0.000870889460202
    },
    "spectral_energyband_middle_high": {
        "dmean": 0.00229615415446,
        "dmean2": 0.00379021163099,
        "dvar": 1.44712894325e-05,
        "dvar2": 3.75694071408e-05,
        "max": 0.0426322221756,
        "mean": 0.00498325238004,
        "median": 0.001799386926,
        "min": 1.318637069e-21,
        "var": 3.29932881868e-05
    },
    "spectral_energyband_middle_low": {
        "dmean": 0.00783041398972,
        "dmean2": 0.0133055923507,
        "dvar": 0.000418251787778,
        "dvar2": 0.00103002658579,
        "max": 0.161739721894,
        "mean": 0.00783834327012,
        "median": 0.00281277345493,
        "min": 3.15887270458e-22,
        "var": 0.00034132116707
    },
    "spectral_entropy": {
        "dmean": 0.172551348805,
        "dmean2": 0.27372071147,
        "dvar": 0.047862444073,
        "dvar2": 0.126687198877,
        "max": 9.80531787872,
        "mean": 8.02824401855,
        "median": 8.18119525909,
        "min": 5.20618772507,
        "var": 0.222877234221
    },
    "spectral_flux": {
        "dmean": 0.0382626727223,
        "dmean2": 0.0580471679568,
        "dvar": 0.00283205090091,
        "dvar2": 0.00526404147968,
        "max": 0.464199215174,
        "mean": 0.0955779924989,
        "median": 0.0795108750463,
        "min": 6.40084166226e-11,
        "var": 0.00726081104949
    },
    "spectral_kurtosis": {
        "dmean": 0.954777896404,
        "dmean2": 1.5464104414,
        "dvar": 2.87709903717,
        "dvar2": 8.35475635529,
        "max": 40.4741821289,
        "mean": 2.78195810318,
        "median": 2.19809436798,
        "min": -1.24086403847,
        "var": 6.52496957779
    },
    "spectral_rms": {
        "dmean": 0.00108985661063,
        "dmean2": 0.00156679423526,
        "dvar": 2.54436554314e-06,
        "dvar2": 4.40195026385e-06,
        "max": 0.0145884416997,
        "mean": 0.0051271636039,
        "median": 0.00456698425114,
        "min": 3.21247867717e-12,
        "var": 1.02190115285e-05
    },
    "spectral_rolloff": {
        "dmean": 1369.43139648,
        "dmean2": 2177.74487305,
        "dvar": 4104648.75,
        "dvar2": 8349187.5,
        "max": 18927.6855469,
        "mean": 3498.71044922,
        "median": 2476.31835938,
        "min": 64.599609375,
        "var": 10923465
    },
    "spectral_skewness": {
        "dmean": 0.16320130229,
        "dmean2": 0.255155146122,
        "dvar": 0.0380648300052,
        "dvar2": 0.0984307229519,
        "max": 4.99034023285,
        "mean": 1.27933192253,
        "median": 1.27172517776,
        "min": -0.0774371996522,
        "var": 0.116685599089
    },
    "spectral_spread": {
        "dmean": 664726.8125,
        "dmean2": 962809.75,
        "dvar": 687784001536,
        "dvar2": 1.35728057549e+12,
        "max": 42340436,
        "mean": 6562531,
        "median": 6763125,
        "min": 1083024.5,
        "var": 4.53392518349e+12
    },
    "spectral_strongpeak": {
        "dmean": 0.373157262802,
        "dmean2": 0.636744916439,
        "dvar": 0.48292350769,
        "dvar2": 1.24436664581,
        "max": 10.4850292206,
        "mean": 0.645816445351,
        "median": 0.425535649061,
        "min": 0,
        "var": 0.562516689301
    },
    "zerocrossingrate": {
        "dmean": 0.0242989640683,
        "dmean2": 0.0289366040379,
        "dvar": 0.000993748893961,
        "dvar2": 0.00125843368005,
        "max": 0.744140625,
        "mean": 0.122781790793,
        "median": 0.10205078125,
        "min": 0.0029296875,
        "var": 0.00718457531184
    },
    "barkbands": {
        "dmean": [0.000676953291986, 0.00807479117066, 0.00282245012932, 0.00238299439661, 0.00447065290064, 0.00060453399783, 0.000276642094832, 0.00046347535681, 0.000454187305877, 0.000517876120284, 0.000501886650454, 0.000333884760039, 0.000406256207498, 0.000279535946902, 0.000327828951413, 0.000289831426926, 0.000363127997844, 0.000237975735217, 0.000256824394455, 0.000306968431687, 0.000266004004516, 0.000283246074105, 0.000213720224565, 0.000231545447605, 0.000229386103456, 0.000243039656198, 0.000106942054117],
        "dmean2": [0.00111245398875, 0.0120817804709, 0.00486363610253, 0.00455883471295, 0.00745235895738, 0.00107950170059, 0.000456804409623, 0.000710546271876, 0.000705142389052, 0.000848882133141, 0.000791530765127, 0.000541748304386, 0.000669727683999, 0.000459416100057, 0.000557698076591, 0.000490488077048, 0.000614730757661, 0.000407608837122, 0.000428617320722, 0.00053632579511, 0.000454901834019, 0.000488020858029, 0.000354183983291, 0.000366716092685, 0.000365403684555, 0.000383886304917, 0.000171359977685],
        "dvar": [1.51134156567e-06, 0.0002298825857, 0.000114223061246, 0.000108649081085, 0.000230101970374, 2.8020474474e-06, 2.72463751116e-07, 6.97117457094e-07, 7.28004408757e-07, 1.05965136754e-06, 1.12365046334e-06, 6.21787876298e-07, 7.24598749002e-07, 3.46859309275e-07, 3.502092909e-07, 3.2649518289e-07, 4.35768583884e-07, 1.65195984891e-07, 1.43799198327e-07, 3.19311425301e-07, 1.5788666019e-07, 2.85096547259e-07, 1.31325023744e-07, 1.40607681942e-07, 1.45291849662e-07, 1.70935109622e-07, 4.08361309212e-08],
        "dvar2": [3.52220968125e-06, 0.000480994844111, 0.000301397667499, 0.000315160519676, 0.000528748903889, 7.84688199928e-06, 6.96327958849e-07, 1.49763138779e-06, 1.60386059633e-06, 2.62701860265e-06, 2.49766867455e-06, 1.42039709772e-06, 1.74956460341e-06, 8.40975360461e-07, 9.23551056076e-07, 8.49361413202e-07, 1.17838692404e-06, 4.5696953066e-07, 3.94353776301e-07, 9.34474257974e-07, 4.337224766e-07, 8.65152685492e-07, 3.40181117053e-07, 3.34984349593e-07, 3.52824741867e-07, 3.87913814848e-07, 1.02200637286e-07],
        "max": [0.0170915313065, 0.157030522823, 0.127251535654, 0.134017407894, 0.119322411716, 0.0301746223122, 0.00894578173757, 0.0183903928846, 0.0127080827951, 0.0145753100514, 0.0196477305144, 0.0201639011502, 0.0158672872931, 0.0128390900791, 0.00984148029238, 0.0150528140366, 0.0123441144824, 0.00486299674958, 0.00655715772882, 0.0112572330981, 0.00591573584825, 0.0103563675657, 0.00753806903958, 0.00897320639342, 0.005926087033, 0.00379522331059, 0.00211253087036],
        "mean": [0.00116366916336, 0.017583662644, 0.00237875944003, 0.00142266124021, 0.0036531330552, 0.000527431082446, 0.000415927614085, 0.00081213156227, 0.000728793616872, 0.000656387361232, 0.000682993326336, 0.000454381661257, 0.000542822410353, 0.000386125029763, 0.000434135465184, 0.000404830148909, 0.000517814303748, 0.000357140554115, 0.000444247474661, 0.000483993062517, 0.000492650491651, 0.000484522723127, 0.000470226252219, 0.000567651994061, 0.000584586639889, 0.000580629275646, 0.000188083387911],
        "median": [0.000268658361165, 0.00432989327237, 0.000247361545917, 9.68998938333e-05, 0.000323861429933, 0.000131685534143, 0.000155246758368, 0.000262532645138, 0.000212283266592, 0.000115855007607, 9.59380195127e-05, 8.48406343721e-05, 9.01405146578e-05, 0.000112847890705, 0.000142050848808, 0.00012717898062, 0.000199900678126, 0.000120489668916, 0.000214445273741, 0.000186891425983, 0.000213636507397, 0.000214067782508, 0.00024503772147, 0.00030349518056, 0.000299182487652, 0.00023796466121, 3.9352071326e-05],
        "min": [3.91548428179e-23, 8.07776275115e-23, 1.56674717753e-23, 5.96810864022e-24, 2.70999816462e-23, 7.58720865061e-23, 5.02120947117e-23, 4.62071425592e-23, 5.40211064371e-23, 3.14342958484e-23, 6.56873557943e-23, 8.80650866886e-23, 1.07716848772e-22, 5.89551474093e-23, 5.04662909389e-23, 8.81564557141e-23, 1.59212413865e-22, 1.65770397586e-22, 1.8089058922e-22, 2.51385711443e-22, 3.03791722996e-22, 6.11658865511e-22, 5.79651307598e-22, 8.49403720399e-22, 1.1713878128e-21, 1.53157074643e-21, 2.15181060105e-21],
        "var": [3.98557631343e-06, 0.000545459799469, 8.01960923127e-05, 5.92143296672e-05, 0.000204538504477, 1.86670854418e-06, 4.64956229962e-07, 1.79998278327e-06, 1.49789946136e-06, 1.69625934632e-06, 2.24346763389e-06, 1.2293967302e-06, 1.29386887693e-06, 6.24438428076e-07, 5.09979656727e-07, 5.34953642273e-07, 6.24892379619e-07, 2.72448005489e-07, 2.81092695786e-07, 4.10660220496e-07, 3.33266001462e-07, 4.06368144468e-07, 3.25588104033e-07, 4.52916367522e-07, 4.54467880218e-07, 5.07771289904e-07, 9.05577977051e-08]
    },
    "erbbands": {
        "dmean": [0.273369252682, 1.7778326273, 3.44526028633, 6.39869689941, 9.66286087036, 21.0574073792, 7.02090835571, 4.73166704178, 4.24555110931, 7.01723384857, 9.1271238327, 12.3714370728, 13.9401874542, 12.6349258423, 22.4271183014, 15.8264017105, 19.193145752, 15.2830905914, 14.3601379395, 17.4398784637, 14.6777334213, 15.6914777756, 14.3990907669, 13.8510122299, 12.8865413666, 15.2143974304, 11.1621360779, 10.7341518402, 10.1228809357, 8.20728683472, 6.36588001251, 5.05021190643, 3.89061546326, 2.54244923592, 1.79689133167, 0.967409849167, 0.477333724499, 0.209542557597, 0.00853496324271, 0.000148730978253],
        "dmean2": [0.389078527689, 2.6248934269, 5.67408370972, 11.9397001266, 16.9945220947, 35.8796463013, 12.0031290054, 8.40281009674, 7.09707975388, 10.8991622925, 14.1302452087, 19.0513763428, 23.0239505768, 20.4723529816, 35.0391197205, 25.2389583588, 31.4247226715, 25.2233810425, 24.2154426575, 29.4581947327, 25.0358524323, 26.8095741272, 24.5972137451, 23.1936016083, 21.9826965332, 26.4440727234, 19.0582752228, 18.577457428, 17.5252304077, 13.6892948151, 10.4789590836, 7.87725925446, 6.36542081833, 4.06715345383, 2.8990175724, 1.57881212234, 0.750292420387, 0.329966962337, 0.0133491214365, 0.000228742937907],
        "dvar": [0.218078061938, 15.7862911224, 144.522262573, 716.957824707, 865.974304199, 6622.26123047, 469.57333374, 156.986663818, 74.0119628906, 167.620254517, 299.930450439, 553.391906738, 921.354064941, 652.931762695, 2218.38598633, 1464.81359863, 1601.72363281, 956.313720703, 755.551879883, 1068.95275879, 858.689819336, 828.820922852, 672.842163086, 502.346710205, 450.001464844, 744.325378418, 309.63760376, 270.647369385, 386.48538208, 220.331680298, 110.869773865, 69.9912567139, 38.235332489, 17.2103614807, 9.21693229675, 2.66747713089, 0.6401039958, 0.145079642534, 0.000249685312156, 7.04960427811e-08],
        "dvar2": [0.412958621979, 32.5923843384, 366.314422607, 2040.50268555, 2278.79077148, 16389.8027344, 1233.22509766, 437.55166626, 193.844238281, 360.305877686, 656.735351562, 1214.1385498, 2278.00878906, 1540.58947754, 4938.34228516, 3273.59082031, 3804.66845703, 2331.93847656, 1987.16174316, 2736.97387695, 2382.42016602, 2291.60717773, 1862.53857422, 1342.31469727, 1259.26293945, 2156.83374023, 861.060302734, 773.069396973, 1180.43200684, 621.53137207, 276.100036621, 163.960037231, 98.1716384888, 41.2816467285, 23.6751937866, 6.84491586685, 1.42204892635, 0.331948965788, 0.000576773541979, 1.55507279942e-07],
        "max": [5.6093878746, 39.0910110474, 126.616516113, 333.352966309, 322.190368652, 678.403381348, 373.834655762, 194.827896118, 138.08795166, 373.667205811, 503.885101318, 336.145202637, 558.621826172, 456.629150391, 726.775024414, 1013.6282959, 693.365112305, 524.398254395, 504.84274292, 727.939758301, 795.923156738, 621.025268555, 433.717803955, 327.901000977, 426.674682617, 535.174804688, 260.739227295, 257.843322754, 408.05960083, 377.203460693, 202.383255005, 243.180374146, 109.029296875, 97.8473358154, 33.0094833374, 14.7477474213, 7.05399751663, 3.71210408211, 0.187404945493, 0.00281963846646],
        "mean": [0.665011882782, 3.24198102951, 3.45592689514, 4.18955135345, 7.34461069107, 15.8790464401, 5.64539480209, 4.34539318085, 5.91150093079, 11.4857311249, 16.7948989868, 20.5713729858, 17.4232692719, 17.4785022736, 31.6967716217, 23.6411437988, 26.9630203247, 21.7649517059, 20.1014480591, 25.1628360748, 21.8057289124, 23.5331439972, 22.2294101715, 23.0504703522, 21.4350376129, 24.2530479431, 20.4328613281, 19.0006866455, 17.2199211121, 15.5569705963, 13.7964572906, 11.7221736908, 9.11332702637, 6.4497461319, 4.16598129272, 2.19469308853, 1.09782755375, 0.442319154739, 0.0172082073987, 0.000356701319106],
        "median": [0.0739225521684, 0.815735816956, 0.789570569992, 0.462763100863, 0.708191514015, 0.873874843121, 0.825495541096, 1.22834122181, 2.04771113396, 4.64834976196, 6.44228744507, 7.01682281494, 3.82814097404, 4.28859567642, 4.34995317459, 4.87441015244, 5.06929016113, 6.50696277618, 7.20343255997, 7.25849294662, 8.4701795578, 9.81191635132, 7.51282596588, 9.06447601318, 10.2256116867, 8.85302448273, 8.71298789978, 8.16246795654, 7.87232351303, 7.01365423203, 7.14844322205, 6.14271736145, 4.99761819839, 3.4215593338, 2.00238919258, 0.946519553661, 0.421749472618, 0.126610919833, 0.00464574573562, 0.000139248426422],
        "min": [2.27192768692e-21, 1.76242251705e-20, 2.0417008254e-20, 2.68867852592e-20, 1.05262844617e-20, 1.05107190874e-19, 3.22701122286e-19, 5.74941862621e-19, 8.10222996405e-19, 5.13859227275e-19, 1.34820069069e-18, 1.09612153492e-18, 1.78377756105e-18, 9.2162271822e-19, 2.64885028349e-18, 4.47918963442e-18, 5.22468367994e-18, 5.85138259538e-18, 3.13156269688e-18, 2.35763617896e-18, 6.31447304387e-18, 8.92824342476e-18, 1.04030741969e-17, 8.73123795417e-18, 1.03048208566e-17, 1.25463802277e-17, 1.05348672295e-17, 1.45908836703e-17, 1.96792769366e-17, 1.69753442825e-17, 1.61790787182e-17, 1.46417982913e-17, 1.65448579851e-17, 1.17438578692e-17, 8.70532238558e-18, 6.50074832756e-18, 2.41809584391e-18, 9.9036287469e-19, 2.98367510767e-19, 3.42420881907e-20],
        "var": [0.796884834766, 27.4607982635, 115.873153687, 412.491943359, 624.782714844, 5180.54052734, 340.86517334, 107.969161987, 105.706306458, 376.608093262, 760.561218262, 1129.88171387, 1330.27050781, 1175.4744873, 4498.02001953, 3011.73095703, 2986.71337891, 1657.80688477, 1128.77832031, 1899.98205566, 1141.24926758, 1142.33337402, 1069.5098877, 926.868225098, 699.875366211, 1040.59631348, 581.630065918, 511.12890625, 509.035858154, 417.394897461, 278.463439941, 209.864196777, 111.667198181, 55.3248672485, 24.2763729095, 6.87848854065, 1.90266025066, 0.4099637568, 0.000670686597005, 2.1509467274e-07]
    },
    "gfcc": {
        "mean": [8.8099565506, 22.0806941986, -102.85118866, 28.7278594971, -48.5785522461, 19.4416027069, -27.1103515625, 20.305059433, -17.5455722809, 12.0789041519, -16.515209198, 4.71897363663, -15.2024507523],
        "cov": [[13993.9423828, -1117.42614746, 2042.30371094, 176.421264648, 894.113647461, 1132.16137695, 689.643676758, 578.96105957, -51.5535316467, 551.724365234, 8.5338344574, 740.262451172, 54.3636894226], [-1117.42614746, 3726.94604492, -221.481460571, 492.01763916, 570.686340332, -339.014129639, 229.345672607, -128.773895264, 296.850280762, -335.003967285, 141.594100952, -337.70022583, 103.139381409], [2042.30371094, -221.481460571, 1320.38439941, 360.009216309, 283.605957031, 368.232849121, 61.7555198669, 69.5858917236, -134.216995239, 70.8221359253, -51.0971412659, 178.174789429, 26.0498752594], [176.421264648, 492.01763916, 360.009216309, 427.491760254, 179.008804321, 148.388305664, 62.1589851379, 8.72265338898, 21.5478820801, -31.4747142792, 49.472442627, -7.69597864151, 47.831073761], [894.113647461, 570.686340332, 283.605957031, 179.008804321, 429.27432251, 155.779647827, 220.63899231, 88.8168945312, 95.0349273682, 31.413980484, 74.4592819214, 46.1099090576, 27.0481014252], [1132.16137695, -339.014129639, 368.232849121, 148.388305664, 155.779647827, 377.665649414, 154.612716675, 167.99357605, 15.1230831146, 126.553367615, 37.1496391296, 124.961418152, 23.3850078583], [689.643676758, 229.345672607, 61.7555198669, 62.1589851379, 220.63899231, 154.612716675, 270.137023926, 151.9193573, 126.43422699, 67.8041915894, 78.3983688354, 45.2970733643, 26.401517868], [578.96105957, -128.773895264, 69.5858917236, 8.72265338898, 88.8168945312, 167.99357605, 151.9193573, 244.204071045, 120.068840027, 127.806838989, 34.4531211853, 55.546787262, -8.50314331055], [-51.5535316467, 296.850280762, -134.216995239, 21.5478820801, 95.0349273682, 15.1230831146, 126.43422699, 120.068840027, 187.145553589, 64.5342941284, 60.4247436523, -27.0332603455, 3.69006752968], [551.724365234, -335.003967285, 70.8221359253, -31.4747142792, 31.413980484, 126.553367615, 67.8041915894, 127.806838989, 64.5342941284, 171.448547363, 55.2039794922, 80.1779785156, -15.8845243454], [8.5338344574, 141.594100952, -51.0971412659, 49.472442627, 74.4592819214, 37.1496391296, 78.3983688354, 34.4531211853, 60.4247436523, 55.2039794922, 141.002914429, 57.7135543823, 38.4917564392], [740.262451172, -337.70022583, 178.174789429, -7.69597864151, 46.1099090576, 124.961418152, 45.2970733643, 55.546787262, -27.0332603455, 80.1779785156, 57.7135543823, 164.385162354, 49.2778625488], [54.3636894226, 103.139381409, 26.0498752594, 47.831073761, 27.0481014252, 23.3850078583, 26.401517868, -8.50314331055, 3.69006752968, -15.8845243454, 38.4917564392, 49.2778625488, 101.654953003]],
        "icov": [[0.000140583259054, -5.97019425186e-05, -7.89428959251e-05, 6.33168456261e-05, -5.88465445617e-05, -8.69866635185e-05, -0.000286495429464, 9.32161929086e-05, 0.000119416021334, -0.000323012965964, 0.000459007598693, -0.00056236051023, 0.000137698225444], [-5.97019425186e-05, 0.00101048813667, -4.19339994551e-05, -0.000552949495614, -0.0011981719872, 0.00103279168252, 0.000113488909847, -0.000298076774925, -0.000779243768193, 0.00146717170719, -0.00121414067689, 0.00182609038893, -0.000863509601913], [-7.89428959251e-05, -4.19339994551e-05, 0.00224232883193, -0.00192803773098, -0.00106807332486, -5.88935145061e-05, 0.000283160392428, -0.000183324795216, 0.00170452869497, -0.00132995459717, 0.00250417902134, -0.00198421813548, 0.000370159425074], [6.33168456261e-05, -0.000552949495614, -0.00192803773098, 0.00661824364215, -2.61929671979e-05, -0.00397849176079, 0.00211554719135, 0.000480001239339, -0.00171474763192, 0.00265387678519, -0.00407587410882, 0.00353072141297, -0.00137116969563], [-5.88465445617e-05, -0.0011981719872, -0.00106807332486, -2.61929671979e-05, 0.00738914357498, -0.00134083721787, -0.00408935919404, 0.0019971288275, -0.00156252703164, 8.97328573046e-05, 0.000150139079778, -0.00272628851235, 0.00244013639167], [-8.69866635185e-05, 0.00103279168252, -5.88935145061e-05, -0.00397849176079, -0.00134083721787, 0.0103131486103, -0.00370022491552, -0.00384155567735, 0.00426802318543, -0.00347305904143, 0.00144648097921, -0.000405655271607, -0.00153900554869], [-0.000286495429464, 0.000113488909847, 0.000283160392428, 0.00211554719135, -0.00408935919404, -0.00370022491552, 0.0133530534804, -0.0037311646156, -0.00436292262748, 0.00446031335741, -0.00442268606275, 0.00189368706197, -0.00125871086493], [9.32161929086e-05, -0.000298076774925, -0.000183324795216, 0.000480001239339, 0.0019971288275, -0.00384155567735, -0.0037311646156, 0.0140009177849, -0.00754071446136, -0.0037175391335, 0.00423571141437, -0.00381909613498, 0.00250652129762], [0.000119416021334, -0.000779243768193, 0.00170452869497, -0.00171474763192, -0.00156252703164, 0.00426802318543, -0.00436292262748, -0.00754071446136, 0.0206798873842, -0.00925540737808, -0.000760651892051, 0.00622738944367, -0.00389458262362], [-0.000323012965964, 0.00146717170719, -0.00132995459717, 0.00265387678519, 8.97328573046e-05, -0.00347305904143, 0.00446031335741, -0.0037175391335, -0.00925540737808, 0.0221321452409, -0.00883780699223, -0.00211002654396, 0.0052455579862], [0.000459007598693, -0.00121414067689, 0.00250417902134, -0.00407587410882, 0.000150139079778, 0.00144648097921, -0.00442268606275, 0.00423571141437, -0.000760651892051, -0.00883780699223, 0.0201481450349, -0.011739066802, 0.000100820965599], [-0.00056236051023, 0.00182609038893, -0.00198421813548, 0.00353072141297, -0.00272628851235, -0.000405655271607, 0.00189368706197, -0.00381909613498, 0.00622738944367, -0.00211002654396, -0.011739066802, 0.0261409152299, -0.0114801106974], [0.000137698225444, -0.000863509601913, 0.000370159425074, -0.00137116969563, 0.00244013639167, -0.00153900554869, -0.00125871086493, 0.00250652129762, -0.00389458262362, 0.0052455579862, 0.000100820965599, -0.0114801106974, 0.0179192535579]]
    },
    "melbands": {
        "dmean": [0.00224673491903, 0.00197196891531, 0.00112246500794, 0.00118343147915, 0.000365838059224, 0.000107364619907, 6.20280698058e-05, 8.24002054287e-05, 7.70395054133e-05, 7.26047510398e-05, 6.99032534612e-05, 5.23660673935e-05, 7.11774700903e-05, 4.71309213026e-05, 4.06882682e-05, 3.56513191946e-05, 3.10791656375e-05, 2.25468647841e-05, 1.95083594008e-05, 2.68322273769e-05, 1.72640811797e-05, 1.53816909005e-05, 2.07147313631e-05, 1.17043800856e-05, 1.20438644444e-05, 1.00130109786e-05, 9.85916904028e-06, 1.04273131001e-05, 7.55102973926e-06, 6.38409574094e-06, 7.51604829929e-06, 6.54596215099e-06, 5.04100671606e-06, 4.58445401819e-06, 4.09538642998e-06, 3.3880535284e-06, 3.09160327561e-06, 2.8805616239e-06, 2.92987010653e-06, 2.12026498048e-06],
        "dmean2": [0.00328724086285, 0.00298056844622, 0.00208621728234, 0.00199915003031, 0.000624027918093, 0.000191360290046, 0.000103108141047, 0.000127526611323, 0.000118847718113, 0.00011271727999, 0.000116166578664, 8.51309596328e-05, 0.000112146655738, 7.49298633309e-05, 6.56056217849e-05, 5.95165292907e-05, 5.11412945343e-05, 3.79663797503e-05, 3.34635842592e-05, 4.46207923233e-05, 2.98290324281e-05, 2.62299927272e-05, 3.54369076376e-05, 1.97498047783e-05, 2.01979983103e-05, 1.70591447386e-05, 1.73347434611e-05, 1.80479219125e-05, 1.29253076011e-05, 1.09568645712e-05, 1.30953967528e-05, 1.15147522592e-05, 8.42469489726e-06, 7.68810696172e-06, 6.85542499923e-06, 5.38063659405e-06, 4.86141607325e-06, 4.77279127153e-06, 4.84325209982e-06, 3.42607654602e-06],
        "dvar": [1.43156385093e-05, 3.20191720675e-05, 2.04040297831e-05, 1.6298967239e-05, 1.51096719492e-06, 8.10770686144e-08, 1.52472185988e-08, 2.42558311214e-08, 1.93754488009e-08, 1.85123329999e-08, 2.35513173408e-08, 1.21233467709e-08, 2.25825012024e-08, 9.61824575541e-09, 6.59303056594e-09, 5.79113734744e-09, 4.38545244563e-09, 1.92184446135e-09, 1.3420486944e-09, 2.54922416509e-09, 1.39420852641e-09, 7.25005611102e-10, 1.6388741475e-09, 4.35354668982e-10, 4.0029868309e-10, 2.90323154406e-10, 3.47864487216e-10, 3.3412903e-10, 1.48093703967e-10, 9.43488412397e-11, 1.42894737709e-10, 1.83711670876e-10, 8.68721622416e-11, 6.69182348423e-11, 4.68957268851e-11, 3.00953151289e-11, 2.56586175917e-11, 2.0086434252e-11, 2.39183083062e-11, 1.16671403441e-11],
        "dvar2": [2.86773465632e-05, 7.36241199775e-05, 5.81506283197e-05, 3.82743346563e-05, 3.83776023227e-06, 2.26753030574e-07, 3.95888370974e-08, 5.13494100574e-08, 4.24993658044e-08, 4.11697307356e-08, 5.8574364914e-08, 2.85000751887e-08, 5.05920532134e-08, 2.21494111941e-08, 1.53674193371e-08, 1.46794061351e-08, 1.05149053908e-08, 4.9953867709e-09, 3.58399576683e-09, 6.24035711994e-09, 3.946651006e-09, 1.97363347887e-09, 4.4707308966e-09, 1.15810050438e-09, 1.07259012783e-09, 7.96731736141e-10, 1.01956976195e-09, 9.62612323185e-10, 4.1064576739e-10, 2.58113447282e-10, 4.07504641142e-10, 5.68611380203e-10, 2.37533298586e-10, 1.86689136372e-10, 1.2088610668e-10, 7.32083144106e-11, 6.02679434136e-11, 5.3668239991e-11, 6.12187453508e-11, 2.8156482354e-11],
        "max": [0.0421038269997, 0.0576057881117, 0.0526833571494, 0.0323042683303, 0.0151633163914, 0.00463842181489, 0.00187431345694, 0.00454147858545, 0.00377327878959, 0.0020734698046, 0.00279681733809, 0.00203290535137, 0.00288296793588, 0.00229708338156, 0.00121401832439, 0.00152201752644, 0.00121278339066, 0.00103491556365, 0.000742573640309, 0.00150694302283, 0.00106684712227, 0.000515264691785, 0.000811228528619, 0.000294649857096, 0.00028442547773, 0.000410705251852, 0.000370976573322, 0.000333488918841, 0.000215832842514, 0.000132003784529, 0.00018772270414, 0.000308603572194, 0.000244192575337, 0.000214149869862, 0.000122737590573, 0.000130885571707, 0.000146954786032, 8.55131584103e-05, 0.000101482328319, 8.06388343335e-05],
        "mean": [0.00534390565008, 0.0027046315372, 0.000747649930418, 0.000931082293391, 0.000287977076368, 9.75483562797e-05, 8.78933133208e-05, 0.000137220500619, 0.000143253448186, 0.000115479379019, 8.40907159727e-05, 6.81294695823e-05, 9.77820527623e-05, 6.80633092998e-05, 5.96088502789e-05, 4.64423756057e-05, 4.17488408857e-05, 3.12642623612e-05, 2.62094363279e-05, 3.83419210266e-05, 2.34269118664e-05, 2.29163943004e-05, 2.74482572422e-05, 1.76506073331e-05, 1.84755026567e-05, 1.56651531142e-05, 1.44853720485e-05, 1.63478653121e-05, 1.30520156745e-05, 1.10001737994e-05, 1.1799832464e-05, 1.01238501884e-05, 8.54788140714e-06, 8.52010907693e-06, 8.16777446744e-06, 7.21627429812e-06, 6.98339681549e-06, 6.20624723524e-06, 6.38688698018e-06, 5.1384586186e-06],
        "median": [0.00115910265595, 0.00102321093436, 9.26014690776e-05, 6.56455231365e-05, 3.23709646182e-05, 2.63920355792e-05, 2.99635648844e-05, 5.36770639883e-05, 5.46723640582e-05, 3.44277432305e-05, 1.42701092045e-05, 1.36223070513e-05, 1.35351328936e-05, 1.1264934983e-05, 1.13486676128e-05, 8.65549736773e-06, 1.14603226393e-05, 1.08269887278e-05, 9.10817834665e-06, 1.04842511064e-05, 8.9241666501e-06, 1.00069510154e-05, 8.35590981296e-06, 5.54962934984e-06, 7.11106349627e-06, 7.08609923095e-06, 6.7852383836e-06, 5.48861635252e-06, 5.40628343515e-06, 5.06951437274e-06, 4.39652694695e-06, 4.56395991932e-06, 3.70950465367e-06, 3.82939788324e-06, 4.06295248467e-06, 3.71362853002e-06, 3.71138048649e-06, 3.35151912623e-06, 3.26219787894e-06, 2.66995425591e-06],
        "min": [2.43929817841e-23, 1.6067635669e-23, 4.63771602281e-24, 2.69575464989e-24, 1.2172637316e-23, 1.38173058072e-23, 1.20280091354e-23, 4.79633820148e-24, 1.14622199503e-23, 7.57683781183e-24, 8.56045269733e-24, 2.87491265286e-24, 9.48001759936e-24, 8.54802419377e-24, 1.15026017401e-23, 1.10469138716e-23, 9.06091315535e-24, 5.09522576555e-24, 3.15956108038e-24, 3.81933988682e-24, 8.20475925947e-24, 9.44705741302e-24, 9.67735431024e-24, 7.77324130027e-24, 6.55584117461e-24, 6.80644650698e-24, 6.07029058213e-24, 8.57643580813e-24, 5.44511594816e-24, 9.14269909856e-24, 7.64365511936e-24, 9.69161375997e-24, 1.18872424289e-23, 7.94165284834e-24, 8.24228458387e-24, 9.74121260052e-24, 9.05778137756e-24, 1.11875851259e-23, 1.03666601804e-23, 1.01296745315e-23],
        "var": [4.61180752609e-05, 3.53802424797e-05, 1.17526442409e-05, 1.39865142046e-05, 1.1402016753e-06, 5.53683037197e-08, 2.31653398686e-08, 5.58084849445e-08, 4.90293352584e-08, 3.629211065e-08, 3.36565300074e-08, 2.15682973703e-08, 4.52904060921e-08, 2.05084766947e-08, 1.37093216779e-08, 8.97625618279e-09, 7.6004340599e-09, 3.08295455831e-09, 1.91691285067e-09, 4.92066476454e-09, 1.52360613015e-09, 1.07902020652e-09, 2.21167462122e-09, 7.59494744873e-10, 6.72346234243e-10, 4.41068237489e-10, 3.753152511e-10, 5.00406660553e-10, 2.56555526823e-10, 1.90027493741e-10, 2.37736996755e-10, 1.98265903695e-10, 1.4045177521e-10, 1.29165275697e-10, 1.03908867621e-10, 7.88022980203e-11, 7.64549881738e-11, 5.29942131844e-11, 5.94314458757e-11, 3.62032764878e-11]
    },
    "mfcc": {
        "mean": [-641.684082031, 67.497177124, 3.18587660789, 18.4284133911, 6.53712892532, 6.15088701248, 5.5858745575, 8.13356113434, 7.89818954468, 9.08846759796, 6.59633493423, 6.44065332413, 3.79602122307],
        "cov": [[10147.1796875, -386.027648926, 907.486755371, 7.9654302597, 336.193847656, 652.919616699, 686.026428223, 513.214111328, 368.894805908, 157.984954834, 153.43321228, 223.623016357, 220.970565796], [-386.027648926, 2560.61572266, -192.781600952, 594.022827148, 297.542449951, 26.4245529175, 30.7504787445, 110.105606079, 75.104675293, 79.7854537964, 50.6517677307, -27.3120918274, -44.4484939575], [907.486755371, -192.781600952, 868.134338379, 200.432113647, 241.526031494, 231.525863647, 162.944000244, 80.8119506836, 33.9525794983, -40.714263916, -47.7468910217, -30.9536724091, -25.6507205963], [7.9654302597, 594.022827148, 200.432113647, 346.132141113, 190.729263306, 101.607200623, 65.799156189, 65.0012588501, 24.9620857239, 21.4719791412, 7.73212480545, -10.717625618, -8.59950065613], [336.193847656, 297.542449951, 241.526031494, 190.729263306, 248.502700806, 149.219482422, 118.933944702, 84.3468322754, 43.6899909973, 23.1325645447, 21.9632759094, 12.7054481506, 14.0220241547], [652.919616699, 26.4245529175, 231.525863647, 101.607200623, 149.219482422, 214.794311523, 154.228012085, 94.4301681519, 46.2805938721, 17.5263690948, 25.9648685455, 28.7682857513, 25.2272815704], [686.026428223, 30.7504787445, 162.944000244, 65.799156189, 118.933944702, 154.228012085, 206.810531616, 126.430114746, 66.396232605, 32.5984687805, 43.0985832214, 56.9443092346, 50.7852935791], [513.214111328, 110.105606079, 80.8119506836, 65.0012588501, 84.3468322754, 94.4301681519, 126.430114746, 158.169937134, 100.411453247, 61.0259780884, 50.3108711243, 47.6285667419, 47.9894104004], [368.894805908, 75.104675293, 33.9525794983, 24.9620857239, 43.6899909973, 46.2805938721, 66.396232605, 100.411453247, 142.034820557, 99.4148788452, 62.3225784302, 42.9441947937, 33.2017478943], [157.984954834, 79.7854537964, -40.714263916, 21.4719791412, 23.1325645447, 17.5263690948, 32.5984687805, 61.0259780884, 99.4148788452, 142.260253906, 96.2757797241, 55.7491455078, 30.1717834473], [153.43321228, 50.6517677307, -47.7468910217, 7.73212480545, 21.9632759094, 25.9648685455, 43.0985832214, 50.3108711243, 62.3225784302, 96.2757797241, 132.738845825, 94.2954330444, 47.5227012634], [223.623016357, -27.3120918274, -30.9536724091, -10.717625618, 12.7054481506, 28.7682857513, 56.9443092346, 47.6285667419, 42.9441947937, 55.7491455078, 94.2954330444, 135.030288696, 84.8430862427], [220.970565796, -44.4484939575, -25.6507205963, -8.59950065613, 14.0220241547, 25.2272815704, 50.7852935791, 47.9894104004, 33.2017478943, 30.1717834473, 47.5227012634, 84.8430862427, 112.65083313]],
