{
"lowlevel": {
    "average_loudness": 0.889993369579,
    "barkbands_crest": {
        "dmean": 2.13858509064,
        "dmean2": 3.2972137928,
        "dvar": 6.63381481171,
        "dvar2": 14.2797670364,
        "max": 26.6060295105,
        "mean": 9.78596019745,
        "median": 8.68163299561,
        "min": 1.92830693722,
        "var": 22.9304199219
    },
    "barkbands_flatness_db": {
        "dmean": 0.023630335927,
        "dmean2": 0.0345690660179,
        "dvar": 0.0012196241878,
        "dvar2": 0.00226891622879,
        "max": 0.632161855698,
        "mean": 0.113441176713,
        "median": 0.0940807983279,
        "min": 0.0129498494789,
        "var": 0.00424958206713
    },
    "barkbands_kurtosis": {
        "dmean": 9.40490818024,
        "dmean2": 13.2520256042,
        "dvar": 4896.94335938,
        "dvar2": 10060.6699219,
        "max": 5540.6328125,
        "mean": 9.89070415497,
        "median": 0.395710706711,
        "min": -1.91436135769,
        "var": 7359.9453125
    },
    "barkbands_skewness": {
        "dmean": 0.731016933918,
        "dmean2": 0.991542935371,
        "dvar": 2.48355126381,
        "dvar2": 4.28544616699,
        "max": 57.5067825317,
        "mean": 1.39210104942,
        "median": 1.10818874836,
        "min": -6.23540973663,
        "var": 6.74600076675
    },
    "barkbands_spread": {
        "dmean": 9.02075767517,
        "dmean2": 13.8702821732,
        "dvar": 139.194137573,
        "dvar2": 328.986022949,
        "max": 145.75869751,
        "mean": 39.7481842041,
        "median": 37.9346084595,
        "min": 0.0384641550481,
        "var": 508.802764893
    },
    "dissonance": {
        "dmean": 0.0130090601742,
        "dmean2": 0.0218096617609,
        "dvar": 0.000164175027749,
        "dvar2": 0.00043498625746,
        "max": 0.500000178814,
        "mean": 0.475756913424,
        "median": 0.481121599674,
        "min": 0.126944616437,
        "var": 0.000438943621702
    },
    "dynamic_complexity": 2.95343613625,
    "erbbands_crest": {
        "dmean": 2.18424749374,
        "dmean2": 3.48341012001,
        "dvar": 6.77478790283,
        "dvar2": 14.3173351288,
        "max": 34.9748497009,
        "mean": 6.4842414856,
        "median": 5.23280715942,
        "min": 2.06207036972,
        "var": 14.756611824
    },
    "erbbands_flatness_db": {
        "dmean": 0.0136431949213,
        "dmean2": 0.0205488055944,
        "dvar": 0.000354652787792,
        "dvar2": 0.000756935216486,
        "max": 0.553847312927,
        "mean": 0.128331393003,
        "median": 0.103405483067,
        "min": 0.049692414701,
        "var": 0.00363385723904
    },
    "erbbands_kurtosis": {
        "dmean": 0.785869300365,
        "dmean2": 1.26530086994,
        "dvar": 11.2903804779,
        "dvar2": 32.2929573059,
        "max": 161.280487061,
        "mean": -0.225664243102,
        "median": -0.807009935379,
        "min": -1.88203549385,
        "var": 10.583190918
    },
    "erbbands_skewness": {
        "dmean": 0.350708395243,
        "dmean2": 0.535481870174,
        "dvar": 0.247287228703,
        "dvar2": 0.494868278503,
        "max": 8.70538139343,
        "mean": 0.135178223252,
        "median": 0.0443519726396,
        "min": -3.96273589134,
        "var": 0.532388985157
    },
    "erbbands_spread": {
        "dmean": 9.12514400482,
        "dmean2": 14.1557283401,
        "dvar": 138.52041626,
        "dvar2": 328.481170654,
        "max": 221.74710083,
        "mean": 54.0771827698,
        "median": 56.7747421265,
        "min": 0.29576420784,
        "var": 582.315856934
    },
    "hfc": {
        "dmean": 25.7953147888,
        "dmean2": 39.7157020569,
        "dvar": 2900.21435547,
        "dvar2": 6968.16894531,
        "max": 584.30291748,
        "mean": 67.0048294067,
        "median": 49.9109039307,
        "min": 1.04345247618e-16,
        "var": 4519.546875
    },
    "melbands_crest": {
        "dmean": 3.20714116096,
        "dmean2": 5.08226680756,
        "dvar": 15.3638000488,
        "dvar2": 36.0282783508,
        "max": 37.9991569519,
        "mean": 17.8902988434,
        "median": 17.5390796661,
        "min": 1.00830101967,
        "var": 84.3173065186
    },
    "melbands_flatness_db": {
        "dmean": 0.0279624089599,
        "dmean2": 0.0400336235762,
        "dvar": 0.00207017920911,
        "dvar2": 0.00385241420008,
        "max": 0.756780266762,
        "mean": 0.147977471352,
        "median": 0.141772940755,
        "min": 1.29430998186e-06,
        "var": 0.00655912188813
    },
    "melbands_kurtosis": {
        "dmean": 19.5507392883,
        "dmean2": 27.9830589294,
        "dvar": 5183.60644531,
        "dvar2": 9225.36816406,
        "max": 1374.17102051,
        "mean": 31.0052719116,
        "median": 8.19157314301,
        "min": -1.74638617039,
        "var": 11102.2050781
    },
    "melbands_skewness": {
        "dmean": 0.946839928627,
        "dmean2": 1.41915225983,
        "dvar": 3.31657123566,
        "dvar2": 6.93002891541,
        "max": 28.3561229706,
        "mean": 3.12362623215,
        "median": 2.6666033268,
        "min": -13.7855949402,
        "var": 9.9139251709
    },
    "melbands_spread": {
        "dmean": 11.8725996017,
        "dmean2": 18.7633094788,
        "dvar": 387.555053711,
        "dvar2": 902.12109375,
        "max": 225.862487793,
        "mean": 38.945274353,
        "median": 31.6634044647,
        "min": 0.150632798672,
        "var": 916.858398438
    },
    "pitch_salience": {
        "dmean": 0.0708876177669,
        "dmean2": 0.109514571726,
        "dvar": 0.0073807197623,
        "dvar2": 0.0160066597164,
        "max": 0.997660934925,
        "mean": 0.535034060478,
        "median": 0.525231540203,
        "min": 0.00936870649457,
        "var": 0.0288687124848
    },
    "silence_rate_20dB": {
        "dmean": 0,
        "dmean2": 0,
        "dvar": 0,
        "dvar2": 0,
        "max": 1,
        "mean": 1,
        "median": 1,
        "min": 1,
        "var": 0
    },
    "silence_rate_30dB": {
        "dmean": 0.0532553493977,
        "dmean2": 0.106518894434,
        "dvar": 0.0504124946892,
        "dvar2": 0.113341584802,
        "max": 1,
        "mean": 0.939669132233,
        "median": 1,
        "min": 0,
        "var": 0.0566956065595
    },
    "silence_rate_60dB": {
        "dmean": 0.0221640765667,
        "dmean2": 0.044331561774,
        "dvar": 0.02167003043,
        "dvar2": 0.0497442148626,
        "max": 1,
        "mean": 0.101500578225,
        "median": 0,
        "min": 0,
        "var": 0.0912090986967
    },
    "spectral_centroid": {
        "dmean": 335.375274658,
        "dmean2": 506.575653076,
        "dvar": 200398.109375,
        "dvar2": 378946.84375,
        "max": 11951.3164062,
        "mean": 2292.84643555,
        "median": 2151.47705078,
        "min": 68.4453277588,
        "var": 2230311.5
    },
    "spectral_complexity": {
        "dmean": 5.08188390732,
        "dmean2": 8.03309440613,
        "dvar": 40.144153595,
        "dvar2": 87.5514984131,
        "max": 62,
        "mean": 26.0333213806,
        "median": 29,
        "min": 0,
        "var": 186.406738281
    },
    "spectral_decrease": {
        "dmean": 2.9361006959e-09,
        "dmean2": 4.41381553529e-09,
        "dvar": 3.21767269495e-17,
        "dvar2": 7.27582772846e-17,
        "max": 1.66696604437e-11,
        "mean": -1.07227897672e-08,
        "median": -7.42403782894e-09,
        "min": -6.65190924565e-08,
        "var": 9.26103539055e-17
    },
    "spectral_energy": {
        "dmean": 0.0120995501056,
        "dmean2": 0.0179576743394,
        "dvar": 0.000464447919512,
        "dvar2": 0.00101407419425,
        "max": 0.259673655033,
        "mean": 0.046547871083,
        "median": 0.0361110903323,
        "min": 9.74554228569e-21,
        "var": 0.001524775289
    },
    "spectral_energyband_high": {
        "dmean": 0.00247599836439,
        "dmean2": 0.00383751699701,
        "dvar": 2.55863542407e-05,
        "dvar2": 6.24125896138e-05,
        "max": 0.0501102693379,
        "mean": 0.00583784282207,
        "median": 0.00408712588251,
        "min": 6.71513339596e-21,
        "var": 4.209828694e-05
    },
    "spectral_energyband_low": {
        "dmean": 0.00682510994375,
        "dmean2": 0.0105302566662,
        "dvar": 0.000208073775866,
        "dvar2": 0.000484574935399,
        "max": 0.150585860014,
        "mean": 0.0226845815778,
        "median": 0.0044360938482,
        "min": 6.14683099475e-24,
        "var": 0.000794659834355
    },
    "spectral_energyband_middle_high": {
        "dmean": 0.00222480227239,
        "dmean2": 0.00369870127179,
        "dvar": 1.55280740728e-05,
        "dvar2": 4.30401014455e-05,
        "max": 0.0545813925564,
        "mean": 0.00628955475986,
        "median": 0.0061292424798,
        "min": 1.09697568695e-21,
        "var": 2.1932000891e-05
    },
    "spectral_energyband_middle_low": {
        "dmean": 0.0071261501871,
        "dmean2": 0.011284712702,
        "dvar": 0.000475277425721,
        "dvar2": 0.00117182196118,
        "max": 0.216918900609,
        "mean": 0.0124433347955,
        "median": 0.0085614155978,
        "min": 1.3642753608e-22,
        "var": 0.000438959512394
    },
    "spectral_entropy": {
        "dmean": 0.153139680624,
        "dmean2": 0.222821101546,
        "dvar": 0.0706172138453,
        "dvar2": 0.137900725007,
        "max": 9.82837963104,
        "mean": 8.11760997772,
        "median": 8.2870721817,
        "min": 4.88760232925,
        "var": 0.325805962086
    },
    "spectral_flux": {
        "dmean": 0.0266152601689,
        "dmean2": 0.0388228744268,
        "dvar": 0.00187402870506,
        "dvar2": 0.00318096252158,
        "max": 0.5209877491,
        "mean": 0.10213367641,
        "median": 0.0932408571243,
        "min": 6.09484546166e-11,
        "var": 0.00570260174572
    },
    "spectral_kurtosis": {
        "dmean": 0.775420963764,
        "dmean2": 1.27193129063,
        "dvar": 1.87158334255,
        "dvar2": 5.06912088394,
        "max": 61.7574691772,
        "mean": 2.07588005066,
        "median": 1.24463701248,
        "min": -1.26976168156,
        "var": 5.94518136978
    },
    "spectral_rms": {
        "dmean": 0.000814066559542,
        "dmean2": 0.00117921060883,
        "dvar": 1.51448932684e-06,
        "dvar2": 2.92721392725e-06,
        "max": 0.0159166622907,
        "mean": 0.00598982814699,
        "median": 0.00593551434577,
        "min": 3.08347965217e-12,
        "var": 9.5345912996e-06
    },
    "spectral_rolloff": {
        "dmean": 1358.75183105,
        "dmean2": 2164.99389648,
        "dvar": 4177180.75,
        "dvar2": 9102265,
        "max": 19616.7480469,
        "mean": 3828.76245117,
        "median": 2519.38476562,
        "min": 21.533203125,
        "var": 14355064
    },
    "spectral_skewness": {
        "dmean": 0.141711369157,
        "dmean2": 0.222563996911,
        "dvar": 0.0291808396578,
        "dvar2": 0.0674006938934,
        "max": 6.65900945663,
        "mean": 1.15307748318,
        "median": 1.06836009026,
        "min": -0.339672923088,
        "var": 0.165923729539
    },
    "spectral_spread": {
        "dmean": 663167.125,
        "dmean2": 972992.4375,
        "dvar": 759544610816,
        "dvar2": 1.47306722099e+12,
        "max": 43220968,
        "mean": 7630625,
        "median": 7656747,
        "min": 1459571,
        "var": 2.91810228306e+13
    },
    "spectral_strongpeak": {
        "dmean": 0.411270946264,
        "dmean2": 0.689289927483,
        "dvar": 0.952811777592,
        "dvar2": 2.45278549194,
        "max": 20.2389354706,
        "mean": 0.847407221794,
        "median": 0.410239517689,
        "min": 0,
        "var": 1.42802762985
    },
    "zerocrossingrate": {
        "dmean": 0.0202057659626,
        "dmean2": 0.0230304673314,
        "dvar": 0.000739846145734,
        "dvar2": 0.000793557905126,
        "max": 0.87890625,
        "mean": 0.128119856119,
        "median": 0.10693359375,
        "min": 0.00244140625,
        "var": 0.00835756212473
    },
    "barkbands": {
        "dmean": [0.0015617494937, 0.00510239554569, 0.00215365318581, 0.0024327840656, 0.00347863952629, 0.00126027234364, 0.000466974131996, 0.000469033315312, 0.00077668693848, 0.000653561379295, 0.000447613390861, 0.000436338770669, 0.000436387286754, 0.000491428829264, 0.000263155321591, 0.000295322242891, 0.000296832702588, 0.000287194590783, 0.000301440915791, 0.000285738002276, 0.000305314431898, 0.000346683809767, 0.000418699899456, 0.000576680875383, 0.0006774829817, 0.000549947377294, 6.83675170876e-05],
        "dmean2": [0.00256051216274, 0.00767747219652, 0.00367176462896, 0.00439225370064, 0.00559779023752, 0.00199153134599, 0.000771562510636, 0.000731911684852, 0.00122837244999, 0.0010441421764, 0.000724909303244, 0.000720418640412, 0.000716029957402, 0.000817507214379, 0.000445539015345, 0.000493189552799, 0.000497717759572, 0.000492827268317, 0.00051322800573, 0.000491923477966, 0.000520009081811, 0.000580490042921, 0.000687241263222, 0.000936395081226, 0.00105519918725, 0.00083523534704, 0.000112037116196],
        "dvar": [9.16407043405e-06, 0.000126509854454, 0.000100123121229, 0.000133775916765, 0.000197118453798, 9.68416861724e-06, 7.42797681141e-07, 6.16663612618e-07, 1.53172300088e-06, 1.2209183069e-06, 6.08934669799e-07, 6.19416823611e-07, 4.33971081293e-07, 7.14285420145e-07, 2.32759290952e-07, 2.3517324621e-07, 2.54169378877e-07, 2.84420877961e-07, 2.66733763965e-07, 2.43426399038e-07, 2.66260144599e-07, 2.75537985317e-07, 4.63981734811e-07, 1.04806088075e-06, 2.02105366043e-06, 2.20431161324e-06, 3.02039744327e-08],
        "dvar2": [2.24429186346e-05, 0.000270713906502, 0.000260127824731, 0.00037869985681, 0.000457255198853, 2.63186757365e-05, 1.99546093427e-06, 1.39431267598e-06, 3.81397785532e-06, 3.05821481561e-06, 1.57347267304e-06, 1.56727685408e-06, 1.08068979898e-06, 1.85120325114e-06, 6.36808977106e-07, 6.17280136339e-07, 6.8220566618e-07, 7.67431743043e-07, 7.40647578823e-07, 6.93827132636e-07, 7.30648480385e-07, 7.38435460335e-07, 1.18928801385e-06, 2.7471296562e-06, 4.83133862872e-06, 4.93508332511e-06, 7.49114121845e-08],
        "max": [0.0341688767076, 0.115542888641, 0.106955006719, 0.126659393311, 0.196993649006, 0.0513802245259, 0.0146870436147, 0.019095113501, 0.03002990596, 0.0200056284666, 0.0195939317346, 0.022773263976, 0.0134924324229, 0.0193215515465, 0.00807413645089, 0.0130266156048, 0.00988013297319, 0.0077891824767, 0.00875724665821, 0.00826928950846, 0.0138421375304, 0.00557008711621, 0.0162712428719, 0.0126136243343, 0.0147177260369, 0.0193796344101, 0.00216040550731],
        "mean": [0.00487594027072, 0.0156238013878, 0.00173864501994, 0.00189452408813, 0.00445205066353, 0.00239996775053, 0.000848385854624, 0.000922284089029, 0.00140705727972, 0.00111716426909, 0.000742822187021, 0.000724601035472, 0.000702638470102, 0.00074786436744, 0.000406263250625, 0.000476365094073, 0.000467591074994, 0.000434482761193, 0.000500064110383, 0.000513719453011, 0.000593722390477, 0.000703685043845, 0.000896066077985, 0.0011832867749, 0.00124206801411, 0.000862581771798, 6.99669471942e-05],
        "median": [0.000115580049169, 0.00116864393931, 0.000102287849586, 0.000147721308167, 0.00120468495879, 0.00116298801731, 0.000466445373604, 0.000454515946331, 0.000800719310064, 0.000530771096237, 0.000393799913581, 0.000358393968781, 0.000424876750913, 0.000432564207586, 0.000272215664154, 0.000309622875648, 0.000323036889313, 0.000315839715768, 0.000401694735046, 0.000425127305789, 0.000504359486513, 0.000550498603843, 0.000644572603051, 0.000705347047187, 0.000604796630796, 0.00029373113648, 2.43262456934e-06],
        "min": [2.53931243903e-25, 9.78707381811e-25, 1.51469912108e-24, 4.51739422438e-25, 2.78001130545e-24, 1.02300981025e-23, 3.23012350506e-24, 5.53668889419e-24, 7.2847857275e-24, 5.97141081197e-24, 9.90982925243e-24, 8.81676464949e-24, 2.45605531953e-23, 2.54789150845e-23, 3.37427395154e-23, 5.30705732225e-23, 5.74849126304e-23, 8.29615037307e-23, 1.25984279873e-22, 1.45768330774e-22, 2.27563121848e-22, 2.6619665698e-22, 3.64107371477e-22, 5.55533923838e-22, 9.00815338071e-22, 1.25256268542e-21, 1.81387783636e-21],
        "var": [5.00731657667e-05, 0.000468270940473, 7.36810907256e-05, 8.3201128291e-05, 0.000196942331968, 1.26610457301e-05, 1.23013899156e-06, 1.83817951438e-06, 3.31729233949e-06, 2.72803936241e-06, 1.09192546915e-06, 1.2051820022e-06, 7.90305080045e-07, 1.14190970635e-06, 2.6088417826e-07, 3.57830828079e-07, 3.18264710586e-07, 2.73195922773e-07, 2.80838690969e-07, 2.62809294327e-07, 3.44659923712e-07, 4.82078348796e-07, 8.78797493442e-07, 1.88766091469e-06, 2.92331401397e-06, 2.8872641451e-06, 3.67254386902e-08]
    },
    "erbbands": {
        "dmean": [0.269736677408, 0.819076895714, 2.09666228294, 5.6678609848, 8.32743740082, 14.9994010925, 11.2879734039, 10.7088689804, 7.72981643677, 7.92753648758, 10.0871143341, 18.5607223511, 22.3330936432, 12.1654376984, 20.542181015, 15.4004526138, 20.204454422, 21.1511898041, 17.5248813629, 14.6635122299, 13.8590908051, 16.5749778748, 13.9854669571, 18.5193843842, 12.4618139267, 13.0687742233, 12.202958107, 12.5366573334, 11.8651428223, 13.9294052124, 12.0927448273, 12.3693599701, 9.64555549622, 7.34878349304, 5.20291090012, 2.85114169121, 0.932236969471, 0.181647017598, 0.00859143119305, 0.000168961472809],
        "dmean2": [0.40201741457, 1.16711235046, 3.3292593956, 9.99939441681, 14.5197505951, 23.6009368896, 18.2794094086, 16.62408638, 12.5581531525, 12.5220499039, 15.9076280594, 29.450460434, 35.4811859131, 19.9509105682, 33.4060058594, 25.6772041321, 32.8345947266, 35.2180938721, 29.4725666046, 24.7397708893, 22.8415088654, 27.7860450745, 23.8444156647, 31.6922893524, 21.4309101105, 22.468875885, 20.7578620911, 21.3674278259, 19.9854869843, 23.0776939392, 19.8433189392, 20.1828842163, 15.7759943008, 11.8822479248, 7.96729469299, 4.311460495, 1.44099938869, 0.281851798296, 0.0136819723994, 0.000259505497525],
        "dvar": [0.302606910467, 5.32576799393, 81.544883728, 719.17175293, 1278.11022949, 4818.16894531, 1742.58276367, 531.449462891, 200.472488403, 198.551132202, 297.003662109, 969.114929199, 1373.06506348, 378.5, 1506.82006836, 693.280151367, 896.44519043, 1282.47888184, 1069.90881348, 502.147338867, 532.305419922, 894.434997559, 657.745422363, 1105.1730957, 515.173950195, 528.97088623, 384.81942749, 492.005493164, 304.625610352, 602.215393066, 370.971405029, 446.738922119, 301.400634766, 227.545303345, 128.430465698, 56.2978248596, 6.19796991348, 0.19914239645, 0.000472508661915, 1.6734759356e-07],
        "dvar2": [0.706059873104, 9.85316753387, 198.241149902, 1968.77124023, 3588.80078125, 10362.9560547, 4683.61865234, 1322.15026855, 529.996704102, 466.448974609, 713.738464355, 2440.35644531, 3408.15893555, 972.786376953, 3963.63476562, 1789.16186523, 2205.21166992, 3242.08154297, 2923.18505859, 1365.06225586, 1387.45202637, 2415.62792969, 1791.70275879, 2989.43164062, 1471.13574219, 1501.5904541, 1082.09985352, 1359.8236084, 824.546508789, 1598.40441895, 958.19140625, 1155.21862793, 806.992553711, 598.921386719, 279.543640137, 127.396865845, 14.1602458954, 0.47112300992, 0.00109405373223, 3.79076539048e-07],
        "max": [6.06883430481, 29.1586284637, 100.764839172, 268.069549561, 447.266815186, 1118.70874023, 750.77532959, 598.656555176, 222.609069824, 314.475646973, 377.860107422, 756.863952637, 666.972473145, 427.082611084, 864.853881836, 848.675354004, 590.211914062, 1088.10144043, 488.256988525, 409.148773193, 464.480743408, 675.068664551, 550.579284668, 578.012268066, 394.418914795, 386.320892334, 369.115203857, 845.034301758, 172.181243896, 880.534851074, 259.139221191, 244.64680481, 189.579681396, 171.996261597, 135.039047241, 98.5868835449, 33.2053718567, 5.17470312119, 0.267156988382, 0.00498820887879],
        "mean": [0.876696288586, 1.82850408554, 2.02314305305, 4.56235790253, 9.34980487823, 17.4443817139, 17.0089530945, 20.8311195374, 14.9047012329, 15.6188812256, 19.9773654938, 33.2864875793, 40.0611953735, 22.471288681, 34.8280677795, 27.3462944031, 34.4654312134, 34.5872268677, 28.3175868988, 25.0785274506, 24.5759830475, 26.8237552643, 23.2125549316, 29.1052284241, 22.5645580292, 23.6946220398, 23.6609344482, 23.7445812225, 24.1127185822, 27.1501083374, 25.4118766785, 24.6341724396, 19.1504421234, 13.6924982071, 9.03954315186, 4.6044921875, 1.37136638165, 0.228879481554, 0.00984019786119, 0.000281656451989],
        "median": [0.037420541048, 0.242988020182, 0.224999561906, 0.419188290834, 1.37466263771, 3.82877159119, 6.68498420715, 10.0558166504, 8.09796142578, 8.48828411102, 11.2297906876, 19.4953632355, 20.0340213776, 14.707901001, 19.1231689453, 17.0484371185, 22.3725833893, 22.7656383514, 19.5803852081, 18.9498901367, 17.8824253082, 19.5171966553, 17.5316810608, 21.184337616, 19.3101959229, 19.5973873138, 19.7211685181, 19.9257736206, 19.4811058044, 19.7975978851, 17.9643859863, 15.3078136444, 10.7132520676, 6.95588207245, 3.84811449051, 1.69769382477, 0.400066882372, 0.0463504604995, 0.00149267714005, 0.000139032010338],
        "min": [6.72497989467e-23, 4.86969769027e-22, 2.47131214188e-21, 6.13235961281e-21, 4.0543037956e-21, 1.23389990753e-20, 2.9070609931e-20, 6.79519115066e-20, 8.91581017637e-20, 8.4386284218e-20, 2.49759379443e-19, 2.64061254686e-19, 3.36050240559e-19, 4.0866142135e-19, 8.40197333467e-19, 8.26743499298e-19, 1.62272642636e-18, 1.43256235982e-18, 2.49168431274e-18, 2.57818010785e-18, 2.8982057403e-18, 3.82290743155e-18, 4.538854172e-18, 5.19377979867e-18, 6.54079834487e-18, 6.51302327426e-18, 7.41855278007e-18, 9.08802990369e-18, 9.40016650784e-18, 1.04307731669e-17, 1.07627778222e-17, 9.82901498769e-18, 9.201208891e-18, 8.40987084157e-18, 6.07063177982e-18, 4.03272841137e-18, 2.13422027898e-18, 8.87685048651e-19, 2.23452631971e-19, 2.46087088496e-20],
        "var": [1.25565814972, 14.3712806702, 73.4181594849, 479.296966553, 848.656311035, 5167.96142578, 1437.80859375, 1047.92138672, 355.702667236, 494.001159668, 765.763977051, 1941.43981934, 3144.46606445, 713.977661133, 2451.16943359, 1261.66809082, 1716.07556152, 2164.72558594, 1246.94396973, 683.706176758, 805.498474121, 1049.47680664, 708.094360352, 1288.88891602, 486.47958374, 573.086975098, 534.536071777, 610.236877441, 557.954528809, 859.899169922, 717.504333496, 802.385314941, 514.042724609, 305.025085449, 194.61265564, 74.4374542236, 7.71925735474, 0.256157159805, 0.000623915926553, 2.39090496734e-07]
    },
    "gfcc": {
        "mean": [15.6432571411, 22.6560897827, -115.17011261, 19.428899765, -69.5321884155, 17.8286209106, -41.4583435059, 11.8887634277, -26.3972244263, 9.10105228424, -14.8411808014, 9.4697971344, -8.18564891815],
        "cov": [[41012.5, 472.013092041, -447.29083252, 1449.29907227, -1518.52783203, 1358.66247559, -1132.89990234, 790.600952148, -720.735900879, 743.45489502, -401.975372314, 652.907775879, -111.104179382], [472.013092041, 1920.33276367, -175.913635254, 364.254302979, 80.1445617676, -85.6306381226, 154.235321045, -48.1043319702, 138.755218506, -140.15057373, 59.3277702332, -192.58505249, -19.9262332916], [-447.29083252, -175.913635254, 2837.1965332, 823.07019043, 820.36529541, 722.478820801, 277.748565674, 327.967803955, 76.8120269775, 249.95930481, 22.9934711456, 199.6222229, 48.097568512], [1449.29907227, 364.254302979, 823.07019043, 726.957458496, 282.51361084, 413.834259033, 142.585876465, 170.290237427, 49.9204521179, 100.92855072, 38.2043037415, 27.0256233215, 57.4125213623], [-1518.52783203, 80.1445617676, 820.36529541, 282.51361084, 528.97277832, 293.077758789, 260.894958496, 119.077308655, 97.6360549927, 34.7117767334, 30.3423557281, 8.68227005005, -11.171298027], [1358.66247559, -85.6306381226, 722.478820801, 413.834259033, 293.077758789, 528.354309082, 190.463180542, 251.036819458, 64.3606109619, 151.889724731, 42.3109397888, 101.513465881, 43.2793159485], [-1132.89990234, 154.235321045, 277.748565674, 142.585876465, 260.894958496, 190.463180542, 291.594146729, 132.156433105, 138.473861694, 33.6848258972, 63.4660606384, -7.16513872147, 31.1869525909], [790.600952148, -48.1043319702, 327.967803955, 170.290237427, 119.077308655, 251.036819458, 132.156433105, 223.838577271, 95.5516281128, 121.351478577, 40.8290214539, 76.1715240479, 37.1601333618], [-720.735900879, 138.755218506, 76.8120269775, 49.9204521179, 97.6360549927, 64.3606109619, 138.473861694, 95.5516281128, 170.28074646, 60.8152046204, 74.9789886475, 7.69428253174, 37.5248641968], [743.45489502, -140.15057373, 249.95930481, 100.92855072, 34.7117767334, 151.889724731, 33.6848258972, 121.351478577, 60.8152046204, 162.713623047, 62.5397796631, 95.6456069946, 47.4992256165], [-401.975372314, 59.3277702332, 22.9934711456, 38.2043037415, 30.3423557281, 42.3109397888, 63.4660606384, 40.8290214539, 74.9789886475, 62.5397796631, 116.319862366, 45.2348480225, 58.8705444336], [652.907775879, -192.58505249, 199.6222229, 27.0256233215, 8.68227005005, 101.513465881, -7.16513872147, 76.1715240479, 7.69428253174, 95.6456069946, 45.2348480225, 140.976135254, 60.0696563721], [-111.104179382, -19.9262332916, 48.097568512, 57.4125213623, -11.171298027, 43.2793159485, 31.1869525909, 37.1601333618, 37.5248641968, 47.4992256165, 58.8705444336, 60.0696563721, 115.372009277]],
        "icov": [[7.70109181758e-05, -0.000111650515464, 7.65641307225e-05, -0.000120751989016, 0.000245989300311, -0.000273923185887, 0.000206222262932, -0.000202604569495, 0.00023243825126, -0.000272427569143, 0.000339046557201, -0.000339636200806, 0.000259526073933], [-0.000111650515464, 0.00112806458492, -3.28060559696e-05, -0.000905825872906, -9.45513093029e-05, 0.00102596834768, -0.000626943772659, 0.000277443003142, -0.0011895459611, 0.00151206494775, -0.00120409089141, 0.000676187395584, 0.000264560105279], [7.65641307225e-05, -3.28060559696e-05, 0.00116046599578, -0.000847520539537, -0.00142285146285, 2.84315746057e-07, 0.000670775654726, -0.000366736028809, 0.000447593571153, -0.00111768883653, 0.00118246662896, -0.00128493481316, 0.000185168901226], [-0.000120751989016, -0.000905825872906, -0.000847520539537, 0.00489460444078, -0.000724159006495, -0.00290027516894, 0.0012724280823, 6.9421097578e-05, 0.000763625372201, -0.000668338558171, -0.000850615906529, 0.00380132044666, -0.00322193861939], [0.000245989300311, -9.45513093029e-05, -0.00142285146285, -0.000724159006495, 0.00862241350114, -0.00276641384698, -0.00457579083741, 0.00266232690774, -0.00126782467123, 0.0014926509466, 0.000529911369085, -0.00218075630255, 0.00408902252093], [-0.000273923185887, 0.00102596834768, 2.84315746057e-07, -0.00290027516894, -0.00276641384698, 0.0101720187813, -0.00301150255837, -0.00509879551828, 0.00272353412583, -0.00076726032421, -0.00121973187197, -0.000604325148743, 9.62892590906e-05], [0.000206222262932, -0.000626943772659, 0.000670775654726, 0.0012724280823, -0.00457579083741, -0.00301150255837, 0.0140239130706, -0.00559201277792, -0.00333238765597, 0.00256935530342, -0.00205973885022, 0.00350273796357, -0.00287233199924], [-0.000202604569495, 0.000277443003142, -0.000366736028809, 6.9421097578e-05, 0.00266232690774, -0.00509879551828, -0.00559201277792, 0.0190616752952, -0.00731978565454, -0.00424143578857, 0.0045895720832, -0.00404728064314, 0.00140602700412], [0.00023243825126, -0.0011895459611, 0.000447593571153, 0.000763625372201, -0.00126782467123, 0.00272353412583, -0.00333238765597, -0.00731978565454, 0.0181758534163, -0.00626471126452, -0.0042026033625, 0.00368398427963, -0.00154037738685], [-0.000272427569143, 0.00151206494775, -0.00111768883653, -0.000668338558171, 0.0014926509466, -0.00076726032421, 0.00256935530342, -0.00424143578857, -0.00626471126452, 0.0212789028883, -0.00771507294849, -0.00426814379171, 0.00133725523483], [0.000339046557201, -0.00120409089141, 0.00118246662896, -0.000850615906529, 0.000529911369085, -0.00121973187197, -0.00205973885022, 0.0045895720832, -0.0042026033625, -0.00771507294849, 0.0212896410376, -0.00640594866127, -0.0033485761378], [-0.000339636200806, 0.000676187395584, -0.00128493481316, 0.00380132044666, -0.00218075630255, -0.000604325148743, 0.00350273796357, -0.00404728064314, 0.00368398427963, -0.00426814379171, -0.00640594866127, 0.0221590753645, -0.00890359375626], [0.000259526073933, 0.000264560105279, 0.000185168901226, -0.00322193861939, 0.00408902252093, 9.62892590906e-05, -0.00287233199924, 0.00140602700412, -0.00154037738685, 0.00133725523483, -0.0033485761378, -0.00890359375626, 0.0174676273018]]
    },
    "melbands": {
        "dmean": [0.00183991750237, 0.000943653343711, 0.00103253801353, 0.000814739789348, 0.000454931723652, 0.000236207328271, 0.00010880168702, 9.20216989471e-05, 9.12100585992e-05, 0.000118738294987, 0.000113398105896, 5.27609918208e-05, 6.31613002042e-05, 5.12584301759e-05, 4.50826664746e-05, 4.47402890131e-05, 4.40803451056e-05, 3.35695513058e-05, 2.07941848203e-05, 2.45421433647e-05, 1.56146525114e-05, 1.95298653125e-05, 1.41827886182e-05, 1.27655303004e-05, 1.66137069755e-05, 1.02297226476e-05, 9.64109221968e-06, 9.64455830399e-06, 8.39101539896e-06, 7.67204892327e-06, 8.07985088613e-06, 7.18819319445e-06, 7.65631193644e-06, 8.52842822496e-06, 7.24910250938e-06, 7.6205028563e-06, 8.44710939418e-06, 7.34495961296e-06, 6.64306298859e-06, 6.56778638586e-06],
        "dmean2": [0.00274676526897, 0.00135224766564, 0.00179800926708, 0.00132001750171, 0.000713837274816, 0.000368069246178, 0.000177760681254, 0.000144448858919, 0.000143875120557, 0.000188381833141, 0.000180371018359, 8.62536253408e-05, 0.000102865808003, 8.50796786835e-05, 7.34530403861e-05, 7.39418537705e-05, 7.33206397854e-05, 5.63436296943e-05, 3.49121910403e-05, 4.13148954976e-05, 2.5799670766e-05, 3.28244095726e-05, 2.41666766669e-05, 2.20025685849e-05, 2.83976332867e-05, 1.76279809239e-05, 1.66359204741e-05, 1.66353183886e-05, 1.43363977259e-05, 1.3054066585e-05, 1.38927771332e-05, 1.22079854918e-05, 1.29142008518e-05, 1.41494592754e-05, 1.19604565043e-05, 1.25696224131e-05, 1.39255798786e-05, 1.21841167129e-05, 1.09643297037e-05, 1.07076612039e-05],
        "dvar": [1.37971692311e-05, 1.13324531412e-05, 2.18780751311e-05, 1.09373731902e-05, 3.08593621412e-06, 2.63406093381e-07, 3.92347132561e-08, 2.70252193957e-08, 2.65441926217e-08, 4.04253270858e-08, 3.58386351706e-08, 7.4426669272e-09, 1.30151951439e-08, 8.95469476347e-09, 6.39760644461e-09, 5.41909095375e-09, 6.09234040994e-09, 4.18649781508e-09, 1.51275147964e-09, 1.58053548027e-09, 7.27389426469e-10, 1.30693278422e-09, 6.32676244727e-10, 6.47256082065e-10, 8.5655643689e-10, 3.40882932992e-10, 2.89884949378e-10, 2.73988248756e-10, 1.88598942019e-10, 1.4292007855e-10, 2.42239839299e-10, 1.05023295616e-10, 1.39383060649e-10, 2.28904215027e-10, 1.26610971707e-10, 1.38974762254e-10, 2.11978601339e-10, 1.69865899124e-10, 1.54210269554e-10, 1.77482389896e-10],
        "dvar2": [3.08323214995e-05, 2.41797388298e-05, 5.91198513575e-05, 2.58637410298e-05, 7.35314597478e-06, 6.74115824495e-07, 1.0399809014e-07, 6.12696950952e-08, 6.32521661714e-08, 1.01540145181e-07, 8.90936959763e-08, 1.8938886015e-08, 3.42876020909e-08, 2.39289121851e-08, 1.48233194608e-08, 1.3371797003e-08, 1.51423780181e-08, 1.1335648864e-08, 4.05745215204e-09, 4.19769463633e-09, 1.9004655627e-09, 3.48871886935e-09, 1.75535863622e-09, 1.77716641403e-09, 2.29927632489e-09, 9.63886082062e-10, 8.26996249259e-10, 7.78161701742e-10, 5.35230915144e-10, 3.83986953345e-10, 6.90970058947e-10, 2.87918605624e-10, 3.7588518409e-10, 6.08603722974e-10, 3.32212701792e-10, 3.58048257709e-10, 5.58256996186e-10, 4.59494359228e-10, 4.15231682371e-10, 4.67950178606e-10],
        "max": [0.038160122931, 0.0424716211855, 0.050018645823, 0.0419481433928, 0.0295710265636, 0.0118503011763, 0.00301975104958, 0.00404301751405, 0.00400549499318, 0.00501284375787, 0.00328400172293, 0.00157930655405, 0.00261163711548, 0.00205686525442, 0.00296289357357, 0.00186322571244, 0.00248916936107, 0.00103722838685, 0.000664380437229, 0.00132016476709, 0.000585067493375, 0.000907631532755, 0.000403992773499, 0.000351558992406, 0.000556802318897, 0.000493417843245, 0.000296487734886, 0.000265713693807, 0.000305385998217, 0.000529241806362, 0.00054590968648, 0.000119092190289, 0.00014573635417, 0.000579979619943, 0.000147218175698, 0.000137263137731, 0.000157554983161, 0.000149247964146, 0.000162246171385, 0.000141044147313],
        "mean": [0.00602047191933, 0.00144244811963, 0.000924302788917, 0.000961848592851, 0.000674149545375, 0.000468129583169, 0.000207154313102, 0.000181788927875, 0.000173674881808, 0.000211072401726, 0.000198542096769, 9.03367545106e-05, 0.000105233491922, 8.6047934019e-05, 7.48875972931e-05, 7.01689277776e-05, 6.70785520924e-05, 4.98713416164e-05, 3.2359152101e-05, 3.75677154807e-05, 2.56224811892e-05, 2.92443273793e-05, 2.25450567086e-05, 1.90593473235e-05, 2.45560404437e-05, 1.6939768102e-05, 1.56507376232e-05, 1.59282899403e-05, 1.47529672176e-05, 1.41362415889e-05, 1.35606715048e-05, 1.34549482027e-05, 1.38835239341e-05, 1.56129008246e-05, 1.4314659893e-05, 1.47209320858e-05, 1.53682867676e-05, 1.3538406165e-05, 1.24175276142e-05, 1.12379802886e-05],
        "median": [0.000349330104655, 0.000236128384131, 9.26386346691e-05, 0.000205542542972, 0.000245191913564, 0.000232311154832, 0.000114166527055, 8.75555415405e-05, 8.86194393388e-05, 0.000123234232888, 9.44558632909e-05, 5.3325038607e-05, 5.8683075622e-05, 4.7522240493e-05, 4.10440588894e-05, 3.97363255615e-05, 3.9165133785e-05, 2.96430844173e-05, 1.97087847482e-05, 2.42084879574e-05, 1.70067505678e-05, 1.87475543498e-05, 1.62176802405e-05, 1.39102767207e-05, 1.65300680237e-05, 1.31086753754e-05, 1.20340428111e-05, 1.2160404367e-05, 1.15459879453e-05, 1.15634165923e-05, 1.05264953163e-05, 1.03733818833e-05, 1.02429394246e-05, 1.11510680654e-05, 1.01041241578e-05, 9.63411548582e-06, 9.13347412279e-06, 7.27605311113e-06, 6.39446989226e-06, 5.41660165254e-06],
        "min": [7.31753094925e-25, 1.05371661541e-24, 1.08575896209e-24, 7.24813978579e-25, 1.37992253124e-24, 1.48823421821e-24, 1.48137753783e-24, 1.08883315304e-24, 1.68531849361e-24, 1.15942890709e-24, 1.4986126695e-24, 1.24533014043e-24, 2.52575729418e-24, 2.71173638018e-24, 1.28780527119e-24, 2.90587307681e-24, 2.10073560453e-24, 3.81621244776e-24, 2.19777831486e-24, 3.1941153574e-24, 2.05180433751e-24, 2.268647212e-24, 3.40021217142e-24, 3.43667568904e-24, 3.32034197692e-24, 4.16017434067e-24, 4.21257205971e-24, 3.47285561117e-24, 3.74702934637e-24, 4.44486793047e-24, 4.51359783127e-24, 4.19683546795e-24, 4.5022248236e-24, 4.79399883446e-24, 4.62379420555e-24, 5.13658219294e-24, 5.80636099464e-24, 5.77730606421e-24, 5.72200454817e-24, 6.47122519291e-24],
        "var": [5.84831796004e-05, 1.70886742126e-05, 1.51817257574e-05, 1.04119853859e-05, 3.10591735797e-06, 4.7126974323e-07, 6.74337172768e-08, 7.46221004988e-08, 6.75005438211e-08, 8.19016037212e-08, 8.15470571069e-08, 1.4240189472e-08, 2.16786180118e-08, 1.42621576771e-08, 1.54261439178e-08, 9.41209332694e-09, 1.0507887005e-08, 5.32580513024e-09, 1.92759275208e-09, 2.34817898459e-09, 1.05019926089e-09, 1.59123947352e-09, 7.12508996248e-10, 5.60937574168e-10, 1.05550845841e-09, 3.44687611786e-10, 2.95667351713e-10, 3.05029362879e-10, 2.38341069103e-10, 2.14760598194e-10, 2.44239489744e-10, 1.87043172617e-10, 2.14585238467e-10, 3.12710080053e-10, 2.33550373485e-10, 2.68552374783e-10, 3.43259809465e-10, 2.73326222766e-10, 2.31254196348e-10, 2.23112570086e-10]
    },
    "mfcc": {
        "mean": [-614.023620605, 63.6814117432, 1.37652218342, 3.69829559326, -4.62942838669, 1.03722906113, -2.89829349518, 0.809494793415, -3.83256411552, -0.225161463022, -1.60193014145, -1.1911791563, -1.18226218224],
        "cov": [[14580.0927734, 798.930725098, 1805.89904785, 449.847625732, 569.464782715, 454.233337402, 323.805267334, 187.486602783, 232.324142456, 188.824035645, 136.917678833, 151.793045044, 52.1939926147], [798.930725098, 1417.12939453, -8.88367271423, 272.941650391, -15.9344758987, 20.6649990082, 0.170098885894, 82.5750045776, 19.7003498077, 32.6976547241, 54.5366668701, 18.9758110046, -16.1809997559], [1805.89904785, -8.88367271423, 1737.50036621, 496.927246094, 714.454772949, 471.339355469, 426.116973877, 239.593811035, 274.128479004, 174.817459106, 121.886497498, 139.570281982, 87.6336593628], [449.847625732, 272.941650391, 496.927246094, 389.174835205, 253.292633057, 194.677230835, 157.729660034, 92.3829956055, 109.631942749, 58.585144043, 45.2013282776, 57.2608604431, 8.91622829437], [569.464782715, -15.9344758987, 714.454772949, 253.292633057, 443.419067383, 295.072235107, 256.287414551, 166.073059082, 146.958129883, 108.816604614, 74.1316223145, 69.9623031616, 46.3770980835], [454.233337402, 20.6649990082, 471.339355469, 194.677230835, 295.072235107, 294.563873291, 243.590438843, 158.029708862, 139.97203064, 108.992279053, 73.9625701904, 64.8991394043, 40.9579658508], [323.805267334, 0.170098885894, 426.116973877, 157.729660034, 256.287414551, 243.590438843, 287.557769775, 176.797042847, 153.719909668, 111.646888733, 79.3115463257, 68.2928314209, 46.0064353943], [187.486602783, 82.5750045776, 239.593811035, 92.3829956055, 166.073059082, 158.029708862, 176.797042847, 197.792114258, 133.208297729, 110.758049011, 74.2298965454, 52.7021789551, 45.6242370605], [232.324142456, 19.7003498077, 274.128479004, 109.631942749, 146.958129883, 139.97203064, 153.719909668, 133.208297729, 176.782745361, 114.201705933, 73.994934082, 59.6093292236, 39.9213104248], [188.824035645, 32.6976547241, 174.817459106, 58.585144043, 108.816604614, 108.992279053, 111.646888733, 110.758049011, 114.201705933, 146.735366821, 86.7541809082, 62.053276062, 37.0040588379], [136.917678833, 54.5366668701, 121.886497498, 45.2013282776, 74.1316223145, 73.9625701904, 79.3115463257, 74.2298965454, 73.994934082, 86.7541809082, 109.137947083, 60.1698760986, 37.7812919617], [151.793045044, 18.9758110046, 139.570281982, 57.2608604431, 69.9623031616, 64.8991394043, 68.2928314209, 52.7021789551, 59.6093292236, 62.053276062, 60.1698760986, 106.92325592, 58.4684677124], [52.1939926147, -16.1809997559, 87.6336593628, 8.91622829437, 46.3770980835, 40.9579658508, 46.0064353943, 45.6242370605, 39.9213104248, 37.0040588379, 37.7812919617, 58.4684677124, 92.7792892456]],
