{
"lowlevel": {
    "average_loudness": 0.62084031105,
    "barkbands_crest": {
        "dmean": 2.20837759972,
        "dmean2": 3.32952427864,
        "dvar": 5.97935581207,
        "dvar2": 13.5093126297,
        "max": 25.9314537048,
        "mean": 11.9880018234,
        "median": 10.9406547546,
        "min": 2.07006835938,
        "var": 34.3354873657
    },
    "barkbands_flatness_db": {
        "dmean": 0.0207131672651,
        "dmean2": 0.0300186220556,
        "dvar": 0.000723791483324,
        "dvar2": 0.00121484452393,
        "max": 0.664723217487,
        "mean": 0.188751205802,
        "median": 0.134933724999,
        "min": 0.015856705606,
        "var": 0.0178716499358
    },
    "barkbands_kurtosis": {
        "dmean": 7.35162115097,
        "dmean2": 11.9209537506,
        "dvar": 682.805358887,
        "dvar2": 1851.55859375,
        "max": 722.088439941,
        "mean": 13.1646490097,
        "median": 2.41340279579,
        "min": -1.90174055099,
        "var": 1306.61462402
    },
    "barkbands_skewness": {
        "dmean": 0.654383540154,
        "dmean2": 0.998373985291,
        "dvar": 1.19150543213,
        "dvar2": 3.12454223633,
        "max": 20.9195804596,
        "mean": 1.98410713673,
        "median": 1.4574893713,
        "min": -2.78667640686,
        "var": 4.56725788116
    },
    "barkbands_spread": {
        "dmean": 4.84622621536,
        "dmean2": 7.37256145477,
        "dvar": 50.7845878601,
        "dvar2": 115.740867615,
        "max": 90.0026092529,
        "mean": 20.5165672302,
        "median": 18.3089485168,
        "min": 0.0885268524289,
        "var": 272.815582275
    },
    "dissonance": {
        "dmean": 0.0198857430369,
        "dmean2": 0.0335343070328,
        "dvar": 0.000571227807086,
        "dvar2": 0.00159371225163,
        "max": 0.500000059605,
        "mean": 0.455536782742,
        "median": 0.471107453108,
        "min": 0.142133757472,
        "var": 0.00197276426479
    },
    "dynamic_complexity": 6.83242321014,
    "erbbands_crest": {
        "dmean": 2.29051065445,
        "dmean2": 3.82113599777,
        "dvar": 5.41054391861,
        "dvar2": 14.6296949387,
        "max": 28.7912082672,
        "mean": 8.66801166534,
        "median": 7.63939666748,
        "min": 2.11846756935,
        "var": 20.4676208496
    },
    "erbbands_flatness_db": {
        "dmean": 0.0169462747872,
        "dmean2": 0.025949742645,
        "dvar": 0.000361802842235,
        "dvar2": 0.000782791874371,
        "max": 0.452065855265,
        "mean": 0.175360292196,
        "median": 0.159670889378,
        "min": 0.0476984865963,
        "var": 0.00608966406435
    },
    "erbbands_kurtosis": {
        "dmean": 1.4025965929,
        "dmean2": 2.27902269363,
        "dvar": 11.889957428,
        "dvar2": 30.2902545929,
        "max": 106.986526489,
        "mean": 1.56556117535,
        "median": -0.0588306188583,
        "min": -1.86762201786,
        "var": 33.881855011
    },
    "erbbands_skewness": {
        "dmean": 0.369604468346,
        "dmean2": 0.584557950497,
        "dvar": 0.184010401368,
        "dvar2": 0.423776835203,
        "max": 8.84494495392,
        "mean": 0.382308989763,
        "median": 0.143085449934,
        "min": -3.10568833351,
        "var": 1.11029601097
    },
    "erbbands_spread": {
        "dmean": 7.32251644135,
        "dmean2": 11.5385437012,
        "dvar": 103.091598511,
        "dvar2": 249.292984009,
        "max": 163.587905884,
        "mean": 35.3647880554,
        "median": 32.6076126099,
        "min": 1.82901453972,
        "var": 436.149841309
    },
    "hfc": {
        "dmean": 6.66929197311,
        "dmean2": 9.43638134003,
        "dvar": 238.916702271,
        "dvar2": 517.834777832,
        "max": 199.834915161,
        "mean": 18.0950660706,
        "median": 7.29129314423,
        "min": 1.01623578558e-16,
        "var": 603.087585449
    },
    "melbands_crest": {
        "dmean": 2.69093728065,
        "dmean2": 4.03504800797,
        "dvar": 8.28011131287,
        "dvar2": 18.7130813599,
        "max": 38.6352615356,
        "mean": 17.0900707245,
        "median": 15.4047660828,
        "min": 1.74927139282,
        "var": 68.1473770142
    },
    "melbands_flatness_db": {
        "dmean": 0.0249935053289,
        "dmean2": 0.0346702970564,
        "dvar": 0.00107285450213,
        "dvar2": 0.00168075354304,
        "max": 0.815038979053,
        "mean": 0.267100334167,
        "median": 0.20945763588,
        "min": 0.00380157213658,
        "var": 0.0285374373198
    },
    "melbands_kurtosis": {
        "dmean": 14.5028705597,
        "dmean2": 22.8770141602,
        "dvar": 1836.2767334,
        "dvar2": 4803.56787109,
        "max": 1249.45007324,
        "mean": 29.9883518219,
        "median": 8.00543785095,
        "min": -1.82069778442,
        "var": 5101.25
    },
    "melbands_skewness": {
        "dmean": 0.848994553089,
        "dmean2": 1.28046703339,
        "dvar": 1.68198442459,
        "dvar2": 4.1367020607,
        "max": 26.2842407227,
        "mean": 3.24007892609,
        "median": 2.3833823204,
        "min": -1.24685180187,
        "var": 8.2579574585
    },
    "melbands_spread": {
        "dmean": 6.08061933517,
        "dmean2": 9.23327064514,
        "dvar": 90.5480422974,
        "dvar2": 196.050308228,
        "max": 176.429122925,
        "mean": 22.5788269043,
        "median": 15.3686695099,
        "min": 0.0938102155924,
        "var": 533.154296875
    },
    "pitch_salience": {
        "dmean": 0.0659379884601,
        "dmean2": 0.100462131202,
        "dvar": 0.00528394943103,
        "dvar2": 0.0119779510424,
        "max": 0.990718066692,
        "mean": 0.513358175755,
        "median": 0.547115087509,
        "min": 0.0313082523644,
        "var": 0.0335622802377
    },
    "silence_rate_20dB": {
        "dmean": 0,
        "dmean2": 0,
        "dvar": 0,
        "dvar2": 0,
        "max": 1,
        "mean": 1,
        "median": 1,
        "min": 1,
        "var": 0
    },
    "silence_rate_30dB": {
        "dmean": 0.0251615680754,
        "dmean2": 0.0503274723887,
        "dvar": 0.0245280172676,
        "dvar2": 0.0508922412992,
        "max": 1,
        "mean": 0.950025856495,
        "median": 1,
        "min": 0,
        "var": 0.0474797151983
    },
    "silence_rate_60dB": {
        "dmean": 0.0301594138145,
        "dmean2": 0.0603240244091,
        "dvar": 0.0292521417141,
        "dvar2": 0.065652243793,
        "max": 1,
        "mean": 0.202136829495,
        "median": 0,
        "min": 0,
        "var": 0.161288231611
    },
    "spectral_centroid": {
        "dmean": 196.586593628,
        "dmean2": 294.286376953,
        "dvar": 82035.4140625,
        "dvar2": 152390.890625,
        "max": 11398.3574219,
        "mean": 1349.51916504,
        "median": 1266.27148438,
        "min": 82.451965332,
        "var": 1012343.3125
    },
    "spectral_complexity": {
        "dmean": 3.16863417625,
        "dmean2": 4.49120998383,
        "dvar": 22.4781837463,
        "dvar2": 36.1613616943,
        "max": 63,
        "mean": 15.4227981567,
        "median": 11,
        "min": 0,
        "var": 186.11579895
    },
    "spectral_decrease": {
        "dmean": 1.9308001864e-09,
        "dmean2": 2.80295164856e-09,
        "dvar": 2.03374810936e-17,
        "dvar2": 4.50723138806e-17,
        "max": 1.42566013205e-28,
        "mean": -6.86353240908e-09,
        "median": -3.49869866412e-09,
        "min": -7.06907741232e-08,
        "var": 7.85307737329e-17
    },
    "spectral_energy": {
        "dmean": 0.0077143847011,
        "dmean2": 0.0111826872453,
        "dvar": 0.000305484572891,
        "dvar2": 0.000677648582496,
        "max": 0.269129514694,
        "mean": 0.0275457799435,
        "median": 0.0144726298749,
        "min": 9.64921290283e-21,
        "var": 0.00119851075578
    },
    "spectral_energyband_high": {
        "dmean": 0.000521558627952,
        "dmean2": 0.000750425329898,
        "dvar": 1.97549570657e-06,
        "dvar2": 4.40059920948e-06,
        "max": 0.0203278549016,
        "mean": 0.0010797730647,
        "median": 0.000241944653681,
        "min": 7.09260684796e-21,
        "var": 3.87196087104e-06
    },
    "spectral_energyband_low": {
        "dmean": 0.00507642002776,
        "dmean2": 0.00671633658931,
        "dvar": 0.000221686525038,
        "dvar2": 0.000443797762273,
        "max": 0.259122997522,
        "mean": 0.0163862928748,
        "median": 0.00430734688416,
        "min": 1.61786741523e-23,
        "var": 0.000827942742035
    },
    "spectral_energyband_middle_high": {
        "dmean": 0.00148899620399,
        "dmean2": 0.00217008334585,
        "dvar": 1.01266741694e-05,
        "dvar2": 2.04884654522e-05,
        "max": 0.0432992614806,
        "mean": 0.00394878536463,
        "median": 0.00122195633594,
        "min": 1.2378491295e-21,
        "var": 3.33802272507e-05
    },
    "spectral_energyband_middle_low": {
        "dmean": 0.00362912146375,
        "dmean2": 0.00587154505774,
        "dvar": 0.000119735625049,
        "dvar2": 0.000314628559863,
        "max": 0.145484283566,
        "mean": 0.00671385787427,
        "median": 0.00349978078157,
        "min": 1.56481591981e-22,
        "var": 0.000116305309348
    },
    "spectral_entropy": {
        "dmean": 0.15897372365,
        "dmean2": 0.239728063345,
        "dvar": 0.0548257865012,
        "dvar2": 0.106385864317,
        "max": 9.81723022461,
        "mean": 7.32224178314,
        "median": 7.67236375809,
        "min": 4.24683141708,
        "var": 0.897483885288
    },
    "spectral_flux": {
        "dmean": 0.0184667631984,
        "dmean2": 0.0296022053808,
        "dvar": 0.00139272096567,
        "dvar2": 0.00332291075028,
        "max": 0.420538663864,
        "mean": 0.0618352778256,
        "median": 0.0427021533251,
        "min": 6.39159836169e-11,
        "var": 0.00389124103822
    },
    "spectral_kurtosis": {
        "dmean": 5.16163301468,
        "dmean2": 8.82359695435,
        "dvar": 117.708862305,
        "dvar2": 334.440093994,
        "max": 200.250457764,
        "mean": 14.941031456,
        "median": 3.89691853523,
        "min": -1.25676047802,
        "var": 714.688842773
    },
    "spectral_rms": {
        "dmean": 0.000595355872065,
        "dmean2": 0.000824466638733,
        "dvar": 1.12982434075e-06,
        "dvar2": 2.23004508371e-06,
        "max": 0.0162038691342,
        "mean": 0.0042869169265,
        "median": 0.00375761068426,
        "min": 3.06820237619e-12,
        "var": 8.49627576827e-06
    },
    "spectral_rolloff": {
        "dmean": 445.491088867,
        "dmean2": 698.411743164,
        "dvar": 883087,
        "dvar2": 1988448.5,
        "max": 19487.5488281,
        "mean": 1536.7677002,
        "median": 753.662109375,
        "min": 43.06640625,
        "var": 4465743
    },
    "spectral_skewness": {
        "dmean": 0.408752083778,
        "dmean2": 0.678286850452,
        "dvar": 0.392471075058,
        "dvar2": 1.07537567616,
        "max": 11.1975431442,
        "mean": 2.33556938171,
        "median": 1.5888698101,
        "min": -0.0541343539953,
        "var": 3.34262824059
    },
    "spectral_spread": {
        "dmean": 508154.71875,
        "dmean2": 797829,
        "dvar": 623411265536,
        "dvar2": 1.36224650035e+12,
        "max": 42027544,
        "mean": 4367309,
        "median": 4466583.5,
        "min": 440664.40625,
        "var": 7.46861310771e+12
    },
    "spectral_strongpeak": {
        "dmean": 0.250501394272,
        "dmean2": 0.421644359827,
        "dvar": 0.315167993307,
        "dvar2": 0.850956559181,
        "max": 10.9807806015,
        "mean": 0.546550095081,
        "median": 0.306298494339,
        "min": 0,
        "var": 0.646367073059
    },
    "zerocrossingrate": {
        "dmean": 0.00938063766807,
        "dmean2": 0.0107662985101,
        "dvar": 0.000192480205442,
        "dvar2": 0.000230939229368,
        "max": 0.8623046875,
        "mean": 0.0593254975975,
        "median": 0.048828125,
        "min": 0.00146484375,
        "var": 0.00354813574813
    },
    "barkbands": {
        "dmean": [0.00040595853352, 0.00477319490165, 0.00164975749794, 0.000988925108686, 0.00126379798166, 0.000775924767368, 0.000783944677096, 0.000458069465822, 0.000339317863109, 0.000345366424881, 0.000181532581337, 0.000262728892267, 0.000223776354687, 0.000341345294146, 0.000244006776484, 0.000187616562471, 0.000274223537417, 0.000198943074793, 0.000154572247993, 0.000143481389387, 0.000149767525727, 0.000134720525239, 9.08113652258e-05, 7.91103593656e-05, 3.95904826291e-05, 2.19254961848e-05, 7.29077601136e-06],
        "dmean2": [0.000627345987596, 0.00641332147643, 0.00277515873313, 0.00164848635904, 0.00198667310178, 0.00125011208002, 0.00133849901613, 0.000728705897927, 0.000528590520844, 0.000550987082534, 0.000291413976811, 0.000414063368225, 0.000349173467839, 0.000544156122487, 0.000385724473745, 0.000289905699901, 0.000445704907179, 0.000314644916216, 0.000242152629653, 0.000223810216994, 0.00023325283837, 0.000204933749046, 0.000135449925438, 0.000115927534353, 5.87168105994e-05, 3.30586335622e-05, 1.20617169159e-05],
        "dvar": [8.77144259448e-07, 0.000244318594923, 6.66120395181e-05, 2.37438089243e-05, 2.3423384846e-05, 2.40585427491e-06, 6.07916763329e-06, 1.46095715081e-06, 9.01888768112e-07, 7.57188388434e-07, 2.10532348888e-07, 3.4660450865e-07, 3.86915502304e-07, 8.01127384875e-07, 3.14430195658e-07, 2.33665971905e-07, 3.43676049397e-07, 2.15583355612e-07, 2.25379295671e-07, 2.13692359807e-07, 1.6424193916e-07, 1.58813278972e-07, 5.43278062537e-08, 3.58051259752e-08, 1.09682485316e-08, 5.24448440231e-09, 9.84399561865e-10],
        "dvar2": [2.2774122499e-06, 0.00053927564295, 0.000188373785932, 6.42256927676e-05, 6.01429819653e-05, 6.15011458649e-06, 1.69679533428e-05, 3.5701584693e-06, 2.12556528822e-06, 1.88232263554e-06, 4.895137522e-07, 8.24667495181e-07, 8.89774355528e-07, 2.04735897569e-06, 7.66252128415e-07, 5.47388026462e-07, 8.65745562351e-07, 5.37527284905e-07, 4.87756494749e-07, 5.0315856015e-07, 3.70202457134e-07, 3.81514155379e-07, 1.2438890451e-07, 7.55857954005e-08, 2.50078908692e-08, 1.27039463393e-08, 2.50732634655e-09],
        "max": [0.0296490173787, 0.242866694927, 0.100129768252, 0.0703506171703, 0.0715430602431, 0.0233589913696, 0.0328679010272, 0.0231546722353, 0.0241465065628, 0.0174579787999, 0.0114294672385, 0.0183240994811, 0.0212921034545, 0.0256376955658, 0.0129574649036, 0.00865550991148, 0.00982971210033, 0.0121698249131, 0.00580789661035, 0.00669529801235, 0.00463052466512, 0.00792332459241, 0.00404995167628, 0.00543411727995, 0.00264364620671, 0.00231765699573, 0.00168826966546],
        "mean": [0.00122779572848, 0.0127149783075, 0.00202606595121, 0.00103750114795, 0.00177854509093, 0.00131636322476, 0.000950078596361, 0.000742292904761, 0.000570646603592, 0.000523266207892, 0.00027569354279, 0.000427396473242, 0.000368657987565, 0.000547886709683, 0.000418673385866, 0.000307767273625, 0.000512270256877, 0.000375066243578, 0.000246570591116, 0.000220915462705, 0.000263943453319, 0.000229199009482, 0.000164099794347, 0.000169073682628, 8.16903557279e-05, 4.08122796216e-05, 8.48686886457e-06],
        "median": [0.00026174125378, 0.00254063727334, 0.000336989527568, 0.000191748928046, 0.000653508410323, 0.000550312222913, 0.000248524185736, 0.000117711912026, 0.00010273582302, 0.000119293559692, 5.7611730881e-05, 7.59579343139e-05, 5.49387223145e-05, 8.43377129058e-05, 7.77678433224e-05, 5.59510444873e-05, 9.66617226368e-05, 6.81755627738e-05, 3.49430774804e-05, 3.13510136039e-05, 4.12618901464e-05, 2.2874575734e-05, 2.01938819373e-05, 3.4413751564e-05, 1.53229448188e-05, 3.29720342052e-06, 6.69058408675e-08],
        "min": [3.11901870814e-25, 3.46048903318e-24, 4.00960051538e-25, 1.54750705727e-24, 7.45421490614e-24, 1.14133736831e-23, 5.84730208676e-24, 8.08783981813e-24, 1.38327422374e-23, 3.63366096239e-24, 3.47265090176e-23, 1.7299915289e-23, 2.6216856596e-23, 4.01368137173e-23, 6.57938583274e-23, 5.15583647325e-23, 6.27227786471e-23, 9.7568090117e-23, 1.3941538778e-22, 2.25938800446e-22, 2.18746862858e-22, 3.54375730914e-22, 4.10822805516e-22, 5.68224461749e-22, 1.00661539368e-21, 1.33414700841e-21, 1.88721943379e-21],
        "var": [8.15206021798e-06, 0.000600626575761, 5.01204958709e-05, 1.70665862242e-05, 2.08516339626e-05, 4.60911041955e-06, 5.20584262631e-06, 3.3281476135e-06, 2.28327417062e-06, 1.48177036863e-06, 3.58050272098e-07, 8.44796659294e-07, 9.45052988754e-07, 1.74884962689e-06, 6.81090398302e-07, 4.03466430043e-07, 7.96753340637e-07, 5.62375930713e-07, 3.37465536404e-07, 2.69289586186e-07, 2.66528587645e-07, 2.41753554064e-07, 1.1047409032e-07, 1.06547474843e-07, 2.73148046404e-08, 9.08486441631e-09, 9.38953248486e-10]
    },
    "erbbands": {
        "dmean": [0.175266698003, 0.962069571018, 1.5624153614, 2.57554483414, 4.35845041275, 3.80281496048, 4.85965776443, 6.18822097778, 11.0623750687, 10.0702962875, 10.3751335144, 7.71072864532, 12.231253624, 6.10850715637, 6.93417787552, 11.5787830353, 10.5678434372, 16.2924537659, 12.1620893478, 10.9807252884, 10.8944692612, 14.5325183868, 11.165312767, 8.15414047241, 7.20797967911, 6.72048807144, 6.57852220535, 5.81873130798, 5.02117061615, 3.58398151398, 2.5748295784, 1.92461168766, 1.1825594902, 0.529875516891, 0.261097103357, 0.107718378305, 0.0415233597159, 0.010988839902, 0.00118042109534, 2.24078612518e-05],
        "dmean2": [0.228141769767, 1.31917440891, 2.50872826576, 4.28519105911, 7.09384536743, 5.89645051956, 8.0611000061, 9.90170955658, 18.4759750366, 17.0670127869, 16.2745265961, 11.8635177612, 19.286108017, 9.78042125702, 10.7953939438, 18.2042140961, 16.2597541809, 25.5637893677, 18.7618083954, 17.2081737518, 17.0973949432, 23.4406833649, 17.4175643921, 12.5799217224, 11.1277284622, 10.5021076202, 10.4443655014, 9.01097297668, 7.63642120361, 5.4662733078, 3.86989164352, 2.8591299057, 1.76378512383, 0.782584309578, 0.394202232361, 0.164260581136, 0.0635116621852, 0.0169229339808, 0.00197084899992, 3.49337497028e-05],
        "dvar": [0.300301283598, 10.7885513306, 46.6390686035, 169.045349121, 300.461791992, 225.783889771, 185.807174683, 182.481307983, 624.963134766, 1865.71472168, 706.146484375, 569.725830078, 990.898681641, 277.069030762, 343.788757324, 672.741333008, 835.716308594, 1794.8951416, 818.736572266, 739.27557373, 724.960449219, 1000.69873047, 688.270812988, 481.138519287, 495.770111084, 456.589111328, 387.581268311, 257.806274414, 208.925094604, 100.128089905, 43.8440361023, 21.6510925293, 8.00950431824, 1.96879076958, 0.492279112339, 0.109033174813, 0.0211845804006, 0.00210409914143, 2.23773477046e-05, 4.45306014285e-09],
        "dvar2": [0.64839309454, 24.4037532806, 128.952316284, 440.486816406, 791.370300293, 569.601318359, 500.458068848, 453.624267578, 1622.8659668, 5264.77783203, 1686.73974609, 1353.56066895, 2434.70654297, 707.358947754, 773.379333496, 1613.95654297, 1894.34643555, 4570.46923828, 1894.84838867, 1758.78540039, 1743.45910645, 2491.77978516, 1722.11132812, 1030.21411133, 1096.97180176, 1063.66955566, 941.839355469, 555.752563477, 501.78805542, 238.224197388, 101.448692322, 45.3293838501, 17.8883304596, 4.47135019302, 1.14508748055, 0.267224162817, 0.0524621680379, 0.00521571561694, 5.71214477532e-05, 1.11175832984e-08],
        "max": [10.1471509933, 53.0120925903, 88.9422836304, 178.29296875, 236.756362915, 228.24559021, 179.810195923, 239.394088745, 383.88381958, 653.903991699, 638.268066406, 746.747497559, 633.482788086, 489.120819092, 388.871459961, 959.190307617, 1111.90600586, 1261.54821777, 750.298522949, 475.184661865, 418.890869141, 648.964416504, 702.935791016, 292.828552246, 356.660522461, 296.130187988, 225.88911438, 203.307312012, 293.923370361, 154.790618896, 109.778579712, 123.43145752, 79.455078125, 50.2552185059, 21.434261322, 9.63916492462, 5.17317962646, 2.55982875824, 0.213280171156, 0.00304169510491],
        "mean": [0.516650676727, 2.22301268578, 2.71883606911, 3.00435113907, 5.584836483, 5.17704629898, 6.79337215424, 10.5381088257, 15.8052721024, 12.1517705917, 17.8759384155, 14.0178422928, 19.1217594147, 10.1134319305, 11.2517290115, 19.3035869598, 18.8821277618, 28.0417728424, 23.9237003326, 19.4345359802, 19.5103244781, 28.4999980927, 22.3055763245, 14.2771205902, 11.6722974777, 10.3307790756, 10.5931196213, 10.3374271393, 8.50700569153, 6.19912385941, 4.59530448914, 3.8875837326, 2.46679496765, 1.08483600616, 0.509241461754, 0.201126039028, 0.0724729448557, 0.0173770543188, 0.00132823688909, 5.49818032596e-05],
        "median": [0.098825275898, 0.381508409977, 0.528861165047, 0.675774276257, 1.62783551216, 1.75698447227, 2.80938768387, 3.78271222115, 4.78479671478, 2.30879187584, 3.45139884949, 2.72689771652, 4.30864048004, 2.68474435806, 2.32979774475, 3.70202207565, 3.43212890625, 5.06882572174, 4.80490255356, 3.80040717125, 4.11818981171, 5.49375152588, 4.39525413513, 2.4091424942, 1.87586188316, 1.41178154945, 1.64673638344, 1.4148645401, 0.84066092968, 0.741101741791, 0.538800120354, 0.648985862732, 0.547762572765, 0.201381891966, 0.0950654745102, 0.0247561745346, 0.00475454516709, 0.000644871033728, 4.00500575779e-05, 2.57705250988e-05],
        "min": [1.45139892623e-22, 3.48494539363e-22, 9.0578548994e-22, 7.90516478136e-21, 1.63151278406e-20, 2.91077555104e-20, 8.21487089623e-20, 9.04034027889e-20, 1.40005074963e-19, 2.74356086096e-19, 2.36464570747e-19, 3.58755288549e-19, 3.86923269948e-19, 2.68436290494e-19, 1.69185690868e-18, 1.55347031599e-18, 1.40521721634e-18, 2.26063208814e-18, 2.40256242598e-18, 3.50096418765e-18, 4.88413466252e-18, 3.66695162604e-18, 5.51294495648e-18, 5.86626522896e-18, 8.11254986938e-18, 1.15057878443e-17, 7.74429402375e-18, 1.07257573539e-17, 1.2507617717e-17, 1.09339090832e-17, 1.22278503446e-17, 1.12866205508e-17, 9.68373973825e-18, 8.61796797699e-18, 7.02681079531e-18, 4.45697735343e-18, 2.58540222178e-18, 1.17483676579e-18, 2.22743169499e-19, 2.37545543942e-20],
        "var": [1.08223176003, 21.5298213959, 49.1723175049, 132.941696167, 245.685638428, 209.603775024, 188.325393677, 386.420074463, 909.81829834, 1467.49389648, 1892.89855957, 1443.23095703, 2040.14807129, 450.373291016, 679.656311035, 1733.7677002, 2244.02099609, 4159.46533203, 2353.62646484, 1329.59985352, 1336.20251465, 2519.76367188, 1943.10974121, 866.032592773, 720.77557373, 590.13079834, 493.227600098, 440.269775391, 326.407287598, 167.501190186, 88.1906509399, 60.5152359009, 21.2680797577, 4.77834320068, 1.14677214622, 0.191783413291, 0.0336397252977, 0.00252690748312, 2.17341694224e-05, 7.23577864292e-09]
    },
    "gfcc": {
        "mean": [-87.7010269165, 101.861495972, -101.090629578, 26.5313873291, -45.5676116943, 16.3284244537, -34.0058898926, 6.36196708679, -16.0569877625, 3.90619778633, -10.1561746597, 2.08837938309, -5.65510702133],
        "cov": [[29132.6816406, -5759.96923828, -2961.98388672, 1691.69909668, -1794.11132812, 331.882171631, -1223.70898438, 1141.1809082, -15.7498569489, 726.316650391, -509.01550293, 367.278717041, -630.344482422], [-5759.96923828, 5553.80664062, 1327.13061523, -770.263427734, 1037.05249023, -506.092590332, 509.106262207, -477.231140137, 421.962371826, -417.942352295, 382.759246826, -371.583618164, 432.675567627], [-2961.98388672, 1327.13061523, 1992.72521973, 313.542053223, 523.199584961, 126.608337402, 438.928771973, -41.21717453, 99.776763916, -70.8552474976, 85.9669036865, -70.1989212036, 160.780960083], [1691.69909668, -770.263427734, 313.542053223, 931.89239502, -33.6695556641, 231.905563354, 72.1769256592, 175.907958984, -24.6514568329, 106.284820557, -22.2853107452, 51.554813385, -21.4597606659], [-1794.11132812, 1037.05249023, 523.199584961, -33.6695556641, 660.297729492, 31.7219219208, 268.60256958, -16.4737377167, 145.494018555, -56.824836731, 109.28666687, -33.6805648804, 88.2250747681], [331.882171631, -506.092590332, 126.608337402, 231.905563354, 31.7219219208, 364.618835449, 72.9425048828, 113.196166992, -27.5090122223, 64.1060791016, -51.1842575073, 40.3066635132, -48.3236198425], [-1223.70898438, 509.106262207, 438.928771973, 72.1769256592, 268.60256958, 72.9425048828, 376.760375977, 22.3736591339, 84.080696106, -3.20592689514, 47.8371353149, -14.2913599014, 64.734992981], [1141.1809082, -477.231140137, -41.21717453, 175.907958984, -16.4737377167, 113.196166992, 22.3736591339, 218.327377319, 53.1290893555, 85.0447463989, -21.0570049286, 25.9654064178, -29.9261856079], [-15.7498569489, 421.962371826, 99.776763916, -24.6514568329, 145.494018555, -27.5090122223, 84.080696106, 53.1290893555, 193.233474731, 17.4280261993, 56.2269859314, -21.8636550903, 56.7037315369], [726.316650391, -417.942352295, -70.8552474976, 106.284820557, -56.824836731, 64.1060791016, -3.20592689514, 85.0447463989, 17.4280261993, 141.355239868, 2.72457695007, 56.0091896057, -17.6208457947], [-509.01550293, 382.759246826, 85.9669036865, -22.2853107452, 109.28666687, -51.1842575073, 47.8371353149, -21.0570049286, 56.2269859314, 2.72457695007, 132.539138794, 13.7416534424, 63.2678871155], [367.278717041, -371.583618164, -70.1989212036, 51.554813385, -33.6805648804, 40.3066635132, -14.2913599014, 25.9654064178, -21.8636550903, 56.0091896057, 13.7416534424, 131.586410522, 3.0616517067], [-630.344482422, 432.675567627, 160.780960083, -21.4597606659, 88.2250747681, -48.3236198425, 64.734992981, -29.9261856079, 56.7037315369, -17.6208457947, 63.2678871155, 3.0616517067, 119.549934387]],
        "icov": [[7.43698037695e-05, -4.36532791355e-05, 6.84476544848e-05, -0.000141432174132, 9.59729586612e-05, 5.69303956581e-05, 0.000149705869262, -0.000265076203505, -0.000126527796965, -9.12896502996e-05, 0.000167947990121, -0.000167574107763, 0.000199409521883], [-4.36532791355e-05, 0.000812698504888, -0.000227779091801, 0.000359989033313, -0.000471132720122, 0.000172527914401, -0.000281497079413, 0.00106006755959, -0.000729815976229, 0.000742333941162, -0.000932057853788, 0.00142565800343, -0.00105299835559], [6.84476544848e-05, -0.000227779091801, 0.000966327032074, -0.000516963307746, -0.0001865253289, -0.000184605378308, -0.000373519636923, -0.000133727196953, 0.000214108920773, -0.000120308191981, 0.000491014681756, -7.78747998993e-05, -0.00035244965693], [-0.000141432174132, 0.000359989033313, -0.000516963307746, 0.00193883641623, -0.000100231591205, -0.000541621993762, -0.000362599443179, -0.000212125320104, 0.000504183641169, -3.69827903342e-05, -0.000846766226459, 0.000725705700461, -0.000822079658974], [9.59729586612e-05, -0.000471132720122, -0.0001865253289, -0.000100231591205, 0.00327793415636, -0.000587327987887, -0.000876270700246, -0.000652948103379, -0.00117919186596, 0.000802739523351, -0.000899033329915, -0.00107943930198, 0.00127966690343], [5.69303956581e-05, 0.000172527914401, -0.000184605378308, -0.000541621993762, -0.000587327987887, 0.00450241658837, -0.00061649561394, -0.00143373094033, 0.000735118344892, -0.000643890060019, 0.00128002697602, -0.000631081231404, 0.000950278074015], [0.000149705869262, -0.000281497079413, -0.000373519636923, -0.000362599443179, -0.000876270700246, -0.00061649561394, 0.00492435740307, -0.000946926185861, -0.00058013072703, -0.000731461448595, 0.000629399553873, -0.00042484459118, -0.00041551751201], [-0.000265076203505, 0.00106006755959, -0.000133727196953, -0.000212125320104, -0.000652948103379, -0.00143373094033, -0.000946926185861, 0.0105239711702, -0.00391634507105, -0.00169503956567, -0.000407823332353, 0.00195731525309, -0.000269580195891], [-0.000126527796965, -0.000729815976229, 0.000214108920773, 0.000504183641169, -0.00117919186596, 0.000735118344892, -0.00058013072703, -0.00391634507105, 0.010389088653, -0.00232756487094, -0.000849475385621, 0.00125727138948, -0.0025754487142], [-9.12896502996e-05, 0.000742333941162, -0.000120308191981, -3.69827903342e-05, 0.000802739523351, -0.000643890060019, -0.000731461448595, -0.00169503956567, -0.00232756487094, 0.0127566670999, -0.00259766564704, -0.00259855040349, 0.000531775353011], [0.000167947990121, -0.000932057853788, 0.000491014681756, -0.000846766226459, -0.000899033329915, 0.00128002697602, 0.000629399553873, -0.000407823332353, -0.000849475385621, -0.00259766564704, 0.013484891504, -0.00335792824626, -0.00284595601261], [-0.000167574107763, 0.00142565800343, -7.78747998993e-05, 0.000725705700461, -0.00107943930198, -0.000631081231404, -0.00042484459118, 0.00195731525309, 0.00125727138948, -0.00259855040349, -0.00335792824626, 0.013012567535, -0.00408230535686], [0.000199409521883, -0.00105299835559, -0.00035244965693, -0.000822079658974, 0.00127966690343, 0.000950278074015, -0.00041551751201, -0.000269580195891, -0.0025754487142, 0.000531775353011, -0.00284595601261, -0.00408230535686, 0.016061456874]]
    },
    "melbands": {
        "dmean": [0.00145593553316, 0.000783297291491, 0.000498572306242, 0.000302934175124, 0.000159698451171, 0.00015000559506, 0.000166602549143, 0.000105364873889, 8.48497656989e-05, 4.81662682432e-05, 6.12697403994e-05, 2.48770174949e-05, 2.38444317802e-05, 2.61146360572e-05, 2.68028288701e-05, 2.44351176661e-05, 3.55204683729e-05, 2.12875165744e-05, 1.71467327164e-05, 1.39844851219e-05, 1.42222334034e-05, 1.67715734278e-05, 1.35431910167e-05, 8.0221789176e-06, 6.99724250808e-06, 5.94845323576e-06, 4.65213906864e-06, 4.65604853161e-06, 4.34218145529e-06, 3.99624832426e-06, 3.45738794749e-06, 3.08537187266e-06, 2.48537799052e-06, 1.87156388165e-06, 1.5644816358e-06, 1.38736868394e-06, 1.21065306757e-06, 9.30918929498e-07, 6.44002398076e-07, 4.20120102262e-07],
        "dmean2": [0.00194465159439, 0.00111854635179, 0.000823297305033, 0.000476956774946, 0.000260758970398, 0.000240464622038, 0.000278948486084, 0.000176517991349, 0.000132706481963, 7.44743156247e-05, 9.68872263911e-05, 4.03581179853e-05, 3.77256801585e-05, 4.09565000155e-05, 4.22658413299e-05, 3.79324810638e-05, 5.65235241083e-05, 3.29665090248e-05, 2.72887791652e-05, 2.18393233808e-05, 2.27059790632e-05, 2.74156682281e-05, 2.14391293412e-05, 1.2690058611e-05, 1.09052962216e-05, 9.28062854655e-06, 7.1628214755e-06, 7.44119688534e-06, 7.02366833139e-06, 6.31803277429e-06, 5.38144604434e-06, 4.74080070489e-06, 3.92773199565e-06, 2.86298904939e-06, 2.38344796344e-06, 2.14135593524e-06, 1.82003543614e-06, 1.40557494888e-06, 9.79576270765e-07, 6.4100339614e-07],
        "dvar": [2.19251178351e-05, 7.14048564987e-06, 5.65936579733e-06, 1.34650724704e-06, 2.53776505588e-07, 9.59761834451e-08, 1.72003055354e-07, 1.81758920803e-07, 4.65576661668e-08, 2.25884768668e-08, 2.50268943347e-08, 4.84845097404e-09, 3.85174514506e-09, 3.50282691741e-09, 4.07327327423e-09, 5.02706276606e-09, 9.32432264733e-09, 2.67802269249e-09, 1.66998270767e-09, 1.4016809935e-09, 1.22881804732e-09, 1.43509126804e-09, 1.03610275914e-09, 3.29214988604e-10, 3.59322821497e-10, 3.60066337857e-10, 1.84972259731e-10, 2.11062708977e-10, 1.97658944767e-10, 9.70314453785e-11, 9.73251410019e-11, 7.28743038136e-11, 5.89695028919e-11, 2.4654269945e-11, 1.63723062885e-11, 1.26472382914e-11, 8.59776572854e-12, 4.82940206922e-12, 2.72605223985e-12, 1.2928473396e-12],
        "dvar2": [4.83235780848e-05, 1.6730695279e-05, 1.46624997797e-05, 3.45662306245e-06, 6.71910356687e-07, 2.37710111151e-07, 4.608002655e-07, 5.07403910888e-07, 1.10744025505e-07, 5.29420809414e-08, 6.1612361435e-08, 1.25483428093e-08, 8.77428174562e-09, 8.20423817771e-09, 9.78662040296e-09, 1.12632259075e-08, 2.3947270833e-08, 6.3420819707e-09, 4.19047152533e-09, 3.28798788196e-09, 3.045259378e-09, 3.64326657731e-09, 2.61057908624e-09, 7.96954391369e-10, 7.84035225632e-10, 8.21000545326e-10, 4.11239153841e-10, 5.0147891395e-10, 4.91244711576e-10, 2.29438162913e-10, 2.11397579997e-10, 1.74892128557e-10, 1.48576387304e-10, 5.78506027804e-11, 3.8338901498e-11, 2.96477876971e-11, 1.76330096358e-11, 1.08566653931e-11, 6.41587043909e-12, 3.01584972273e-12],
        "max": [0.074082031846, 0.0451599396765, 0.0332821011543, 0.016628973186, 0.00719875982031, 0.00498951599002, 0.00506017357111, 0.0064583029598, 0.00601555686444, 0.00439550960436, 0.0031221176032, 0.00196385756135, 0.0014818655327, 0.00188826315571, 0.00172086223029, 0.00257965852506, 0.00289961742237, 0.00157872994896, 0.000780433416367, 0.000852936180308, 0.000665342377033, 0.000892349053174, 0.00089421501616, 0.000336386146955, 0.000273261364782, 0.000262136687525, 0.00024214325822, 0.00018597835151, 0.000173108041054, 0.000135068432428, 0.000142501987284, 0.000179829061381, 0.000133932728204, 7.87520039012e-05, 7.55866421969e-05, 4.9909685913e-05, 8.80718434928e-05, 8.09507255326e-05, 5.71966302232e-05, 3.90438981412e-05],
        "mean": [0.00401381868869, 0.00195272616111, 0.00060498417588, 0.000408574880566, 0.000225364448852, 0.000258761050645, 0.000232269085245, 0.000130966625875, 0.000143775600009, 8.51699660416e-05, 9.36479555094e-05, 3.89432425436e-05, 3.67759494111e-05, 4.28347775596e-05, 4.41476549895e-05, 4.05324863095e-05, 5.62018249184e-05, 3.89480446756e-05, 2.89932104351e-05, 2.29779088841e-05, 2.33733953792e-05, 3.04432778648e-05, 2.58518357441e-05, 1.49289935507e-05, 1.12059669846e-05, 8.88455724635e-06, 7.36469201001e-06, 6.73608155921e-06, 6.3398142629e-06, 6.77556863593e-06, 5.72153567191e-06, 5.08798120791e-06, 3.87869340557e-06, 3.19204377774e-06, 2.67909922513e-06, 2.35568904827e-06, 2.42957298724e-06, 1.88844808235e-06, 1.21306379697e-06, 8.08606671399e-07],
        "median": [0.00080385489855, 0.000386541709304, 0.000161961157573, 0.000133488152642, 9.17204670259e-05, 9.82150086202e-05, 6.86621351633e-05, 2.03442759812e-05, 2.69891825155e-05, 1.49043444253e-05, 2.00501708605e-05, 9.83083373285e-06, 7.32467560738e-06, 7.68205882196e-06, 8.61893386173e-06, 5.75686090087e-06, 8.58038583829e-06, 6.98537860444e-06, 5.48781235921e-06, 3.6995352275e-06, 4.54224709756e-06, 5.62367222301e-06, 4.35001038568e-06, 2.72666648016e-06, 1.53138125825e-06, 1.18915841085e-06, 1.2122136468e-06, 7.41610449495e-07, 8.43508018988e-07, 1.07984590159e-06, 6.39785127987e-07, 4.6942437848e-07, 3.77217531877e-07, 3.92997691279e-07, 2.65148628387e-07, 2.44587681664e-07, 3.97569863253e-07, 4.09417225455e-07, 2.11047847642e-07, 1.21064331893e-07],
        "min": [1.32309949973e-24, 9.28813901708e-25, 1.66792134964e-24, 1.87497209371e-24, 2.83526332047e-24, 1.87843203764e-24, 1.95386528398e-24, 2.37539882792e-24, 2.16283059347e-24, 1.91586644582e-24, 1.54925744101e-24, 6.2182582082e-25, 4.91943363485e-24, 2.08034532506e-24, 2.55930794291e-24, 3.42674629682e-24, 3.43871726106e-24, 3.14105006481e-24, 5.59068997303e-24, 4.21584031044e-24, 6.24502051163e-24, 3.72762652355e-24, 3.79674730492e-24, 3.79990235411e-24, 3.79886776304e-24, 5.48329287167e-24, 5.6222491424e-24, 7.29316264145e-24, 4.1122565627e-24, 3.25636417421e-24, 6.67128702379e-24, 7.14992995575e-24, 5.62147093112e-24, 5.92029538632e-24, 6.45013736319e-24, 6.46345846286e-24, 6.10700101322e-24, 6.11388421905e-24, 6.00400220584e-24, 7.20157431264e-24],
        "var": [6.06979629083e-05, 1.62692831509e-05, 4.50688276032e-06, 1.20248478197e-06, 2.38298426325e-07, 2.08603793794e-07, 2.09828783682e-07, 1.59038393122e-07, 1.23719246403e-07, 5.97148428483e-08, 5.05535844297e-08, 7.55571960553e-09, 6.90170764983e-09, 8.89560158868e-09, 8.50637338345e-09, 1.27515109583e-08, 1.97907716881e-08, 7.0178991507e-09, 3.05363334618e-09, 2.31093633118e-09, 2.07800332497e-09, 3.04249248018e-09, 2.92423818493e-09, 7.92280296924e-10, 6.09220340841e-10, 4.77766937124e-10, 2.73579353616e-10, 2.63096655573e-10, 2.17476023301e-10, 1.6304087247e-10, 1.56929705342e-10, 1.16950435447e-10, 7.72334626808e-11, 4.36915711943e-11, 3.22731529001e-11, 2.38101708488e-11, 2.58081923887e-11, 1.26735132805e-11, 6.02034047614e-12, 2.84644812061e-12]
    },
    "mfcc": {
        "mean": [-726.479003906, 126.563026428, 12.3978452682, 17.1230983734, 12.9864120483, 10.1437654495, 0.575732886791, 3.22572040558, 2.42116761208, 0.746454238892, 0.654627621174, 5.35292577744, -2.46803855896],
        "cov": [[24609.5527344, -4737.33642578, -2538.91625977, 286.21496582, -539.609619141, -602.336730957, -886.117004395, -68.1722564697, 12.42603302, 182.444824219, 263.394256592, 477.998321533, -165.365570068], [-4737.33642578, 4178.20654297, 971.63659668, -96.1727523804, 368.829650879, 76.7330703735, 77.3648910522, -43.1343345642, 70.4072341919, -24.5748958588, -42.4594688416, -25.8612041473, -9.05447006226], [-2538.91625977, 971.63659668, 1402.00830078, 412.579864502, 258.769165039, 282.551605225, 276.88394165, 141.030319214, 139.083282471, 76.940071106, 3.7922513485, -22.4835109711, 50.9614982605], [286.21496582, -96.1727523804, 412.579864502, 615.483093262, 163.500656128, 140.366928101, 140.81477356, 109.822067261, 89.9731826782, 69.2180023193, 24.2363185883, 33.1576538086, 69.8117675781], [-539.609619141, 368.829650879, 258.769165039, 163.500656128, 327.878662109, 119.552238464, 87.0931625366, 71.5712966919, 54.591091156, 53.9523849487, 16.5830383301, 26.190290451, 7.40894079208], [-602.336730957, 76.7330703735, 282.551605225, 140.366928101, 119.552238464, 268.992279053, 166.830154419, 106.811309814, 72.3243026733, 34.8004951477, 33.8366546631, -4.0603761673, 42.1398200989], [-886.117004395, 77.3648910522, 276.88394165, 140.81477356, 87.0931625366, 166.830154419, 246.683578491, 117.213722229, 59.9165534973, 46.9176597595, 27.3580360413, -5.53105640411, 42.3691902161], [-68.1722564697, -43.1343345642, 141.030319214, 109.822067261, 71.5712966919, 106.811309814, 117.213722229, 163.808288574, 85.5117645264, 52.4923973083, 37.5922088623, 16.5126171112, 33.5406761169], [12.42603302, 70.4072341919, 139.083282471, 89.9731826782, 54.591091156, 72.3243026733, 59.9165534973, 85.5117645264, 159.907546997, 79.0612716675, 56.3996162415, 36.3729972839, 1.78781545162], [182.444824219, -24.5748958588, 76.940071106, 69.2180023193, 53.9523849487, 34.8004951477, 46.9176597595, 52.4923973083, 79.0612716675, 117.456390381, 58.7635574341, 26.2343444824, -1.76779568195], [263.394256592, -42.4594688416, 3.7922513485, 24.2363185883, 16.5830383301, 33.8366546631, 27.3580360413, 37.5922088623, 56.3996162415, 58.7635574341, 100.115707397, 45.5956230164, 11.9336395264], [477.998321533, -25.8612041473, -22.4835109711, 33.1576538086, 26.190290451, -4.0603761673, -5.53105640411, 16.5126171112, 36.3729972839, 26.2343444824, 45.5956230164, 101.567687988, 26.1622581482], [-165.365570068, -9.05447006226, 50.9614982605, 69.8117675781, 7.40894079208, 42.1398200989, 42.3691902161, 33.5406761169, 1.78781545162, -1.76779568195, 11.9336395264, 26.1622581482, 120.477478027]],
