{
"lowlevel": {
    "average_loudness": 0.811985969543,
    "barkbands_crest": {
        "dmean": 2.62385749817,
        "dmean2": 4.0231013298,
        "dvar": 7.2868680954,
        "dvar2": 14.9946126938,
        "max": 26.9148731232,
        "mean": 10.012588501,
        "median": 9.05356311798,
        "min": 2.6823246479,
        "var": 18.545873642
    },
    "barkbands_flatness_db": {
        "dmean": 0.0263929851353,
        "dmean2": 0.039002507925,
        "dvar": 0.00103234185372,
        "dvar2": 0.00242925295606,
        "max": 0.744019448757,
        "mean": 0.168247804046,
        "median": 0.165101289749,
        "min": 0.0371898785233,
        "var": 0.00373901426792
    },
    "barkbands_kurtosis": {
        "dmean": 15.7028465271,
        "dmean2": 22.589717865,
        "dvar": 218916.453125,
        "dvar2": 435330.125,
        "max": 36502.1757812,
        "mean": 20.0210494995,
        "median": 2.20958065987,
        "min": -1.96816956997,
        "var": 347402.78125
    },
    "barkbands_skewness": {
        "dmean": 0.709008455276,
        "dmean2": 1.05206203461,
        "dvar": 4.63044595718,
        "dvar2": 8.45540523529,
        "max": 153.977508545,
        "mean": 1.59875237942,
        "median": 1.21318006516,
        "min": -6.75156259537,
        "var": 12.8818082809
    },
    "barkbands_spread": {
        "dmean": 7.44348812103,
        "dmean2": 11.4038438797,
        "dvar": 130.257446289,
        "dvar2": 288.37197876,
        "max": 136.486358643,
        "mean": 23.1012821198,
        "median": 15.482831955,
        "min": 0.00912989396602,
        "var": 433.524230957
    },
    "dissonance": {
        "dmean": 0.0285621825606,
        "dmean2": 0.0474585965276,
        "dvar": 0.000784862844739,
        "dvar2": 0.00204905401915,
        "max": 0.500000238419,
        "mean": 0.439988434315,
        "median": 0.451908171177,
        "min": 0.143605723977,
        "var": 0.00227905809879
    },
    "dynamic_complexity": 3.94314026833,
    "erbbands_crest": {
        "dmean": 2.63891744614,
        "dmean2": 4.16809988022,
        "dvar": 6.17463684082,
        "dvar2": 14.7943048477,
        "max": 32.6636657715,
        "mean": 10.0595779419,
        "median": 9.16648292542,
        "min": 2.55612516403,
        "var": 20.4500751495
    },
    "erbbands_flatness_db": {
        "dmean": 0.0192613564432,
        "dmean2": 0.026761142537,
        "dvar": 0.000388264772482,
        "dvar2": 0.000716681126505,
        "max": 0.418949633837,
        "mean": 0.189703375101,
        "median": 0.183384925127,
        "min": 0.0491699203849,
        "var": 0.00463205948472
    },
    "erbbands_kurtosis": {
        "dmean": 1.78386247158,
        "dmean2": 2.68138718605,
        "dvar": 6.34123659134,
        "dvar2": 13.5278148651,
        "max": 44.709022522,
        "mean": 2.52049255371,
        "median": 1.13606786728,
        "min": -1.85502660275,
        "var": 19.9976940155
    },
    "erbbands_skewness": {
        "dmean": 0.482067018747,
        "dmean2": 0.711701154709,
        "dvar": 0.273054271936,
        "dvar2": 0.582982838154,
        "max": 5.63560056686,
        "mean": 0.769349813461,
        "median": 0.789034962654,
        "min": -5.35816001892,
        "var": 1.31077802181
    },
    "erbbands_spread": {
        "dmean": 11.0193166733,
        "dmean2": 16.138381958,
        "dvar": 247.828338623,
        "dvar2": 539.222717285,
        "max": 196.952636719,
        "mean": 37.4725074768,
        "median": 26.4078216553,
        "min": 3.19787025452,
        "var": 926.231201172
    },
    "hfc": {
        "dmean": 9.60872840881,
        "dmean2": 13.9042263031,
        "dvar": 357.371429443,
        "dvar2": 809.175537109,
        "max": 267.564086914,
        "mean": 28.7788333893,
        "median": 14.3716697693,
        "min": 1.06099783724e-16,
        "var": 1448.07946777
    },
    "melbands_crest": {
        "dmean": 3.32192993164,
        "dmean2": 5.16644573212,
        "dvar": 11.5034885406,
        "dvar2": 25.9700737,
        "max": 39.9976959229,
        "mean": 14.689201355,
        "median": 13.4909896851,
        "min": 1.64297354221,
        "var": 40.0569534302
    },
    "melbands_flatness_db": {
        "dmean": 0.0311754085124,
        "dmean2": 0.0448235943913,
        "dvar": 0.00157782947645,
        "dvar2": 0.00371127598919,
        "max": 0.743591010571,
        "mean": 0.227947577834,
        "median": 0.223949074745,
        "min": 0.00272956583649,
        "var": 0.00676831463352
    },
    "melbands_kurtosis": {
        "dmean": 41.5884513855,
        "dmean2": 57.9579124451,
        "dvar": 2072065.5,
        "dvar2": 4590912,
        "max": 112159.664062,
        "mean": 52.2734222412,
        "median": 6.18347597122,
        "min": -1.83632493019,
        "var": 2746437.75
    },
    "melbands_skewness": {
        "dmean": 0.986862957478,
        "dmean2": 1.48723185062,
        "dvar": 15.3185062408,
        "dvar2": 30.1690826416,
        "max": 301.58770752,
        "mean": 2.60632634163,
        "median": 1.8640203476,
        "min": -3.47359609604,
        "var": 35.2260665894
    },
    "melbands_spread": {
        "dmean": 8.65077495575,
        "dmean2": 13.2623271942,
        "dvar": 240.957901001,
        "dvar2": 545.710998535,
        "max": 230.544403076,
        "mean": 24.1447734833,
        "median": 16.7604999542,
        "min": 0.00679104728624,
        "var": 670.89465332
    },
    "pitch_salience": {
        "dmean": 0.0764313936234,
        "dmean2": 0.120712809265,
        "dvar": 0.00799849163741,
        "dvar2": 0.0195597875863,
        "max": 0.893008112907,
        "mean": 0.586477935314,
        "median": 0.611445009708,
        "min": 0.00106962793507,
        "var": 0.0199248809367
    },
    "silence_rate_20dB": {
        "dmean": 0,
        "dmean2": 0,
        "dvar": 0,
        "dvar2": 0,
        "max": 1,
        "mean": 1,
        "median": 1,
        "min": 1,
        "var": 0
    },
    "silence_rate_30dB": {
        "dmean": 0.0600394979119,
        "dmean2": 0.120094813406,
        "dvar": 0.0564316883683,
        "dvar2": 0.122784085572,
        "max": 1,
        "mean": 0.940100073814,
        "median": 1,
        "min": 0,
        "var": 0.0563176870346
    },
    "silence_rate_60dB": {
        "dmean": 0.022383145988,
        "dmean2": 0.0447721891105,
        "dvar": 0.0218839440495,
        "dvar2": 0.0477732606232,
        "max": 1,
        "mean": 0.132306471467,
        "median": 0,
        "min": 0,
        "var": 0.114810824394
    },
    "spectral_centroid": {
        "dmean": 281.881317139,
        "dmean2": 432.781036377,
        "dvar": 226305.4375,
        "dvar2": 530507.25,
        "max": 11821.0976562,
        "mean": 1278.5949707,
        "median": 949.670837402,
        "min": 98.5098495483,
        "var": 1792410.375
    },
    "spectral_complexity": {
        "dmean": 3.31270575523,
        "dmean2": 5.27205705643,
        "dvar": 24.0872364044,
        "dvar2": 52.8005218506,
        "max": 56,
        "mean": 14.4360189438,
        "median": 13,
        "min": 0,
        "var": 72.1193618774
    },
    "spectral_decrease": {
        "dmean": 2.77358180867e-09,
        "dmean2": 4.35978675384e-09,
        "dvar": 2.90473670346e-17,
        "dvar2": 7.07199586715e-17,
        "max": 6.71864368515e-28,
        "mean": -7.54584483786e-09,
        "median": -4.20516865773e-09,
        "min": -4.5411436389e-08,
        "var": 7.43563108187e-17
    },
    "spectral_energy": {
        "dmean": 0.0107277687639,
        "dmean2": 0.0166772659868,
        "dvar": 0.000413785252022,
        "dvar2": 0.000993374502286,
        "max": 0.17586606741,
        "mean": 0.0310900900513,
        "median": 0.0178877580911,
        "min": 1.00595017568e-20,
        "var": 0.00116763275582
    },
    "spectral_energyband_high": {
        "dmean": 0.00097399065271,
        "dmean2": 0.00145673914813,
        "dvar": 4.89015928906e-06,
        "dvar2": 1.11290837594e-05,
        "max": 0.0309450291097,
        "mean": 0.00209379172884,
        "median": 0.000289046904072,
        "min": 7.02807464328e-21,
        "var": 1.77986094059e-05
    },
    "spectral_energyband_low": {
        "dmean": 0.00853603892028,
        "dmean2": 0.0140524515882,
        "dvar": 0.000423384684836,
        "dvar2": 0.00105475017335,
        "max": 0.157360598445,
        "mean": 0.0140095613897,
        "median": 0.000942622427829,
        "min": 1.62332522828e-23,
        "var": 0.000738646253012
    },
    "spectral_energyband_middle_high": {
        "dmean": 0.00154645054135,
        "dmean2": 0.00231912801974,
        "dvar": 5.89347519053e-06,
        "dvar2": 1.32177983687e-05,
        "max": 0.0425609387457,
        "mean": 0.00443994114175,
        "median": 0.00279822736047,
        "min": 1.12208574803e-21,
        "var": 2.58175005001e-05
    },
    "spectral_energyband_middle_low": {
        "dmean": 0.00488060340285,
        "dmean2": 0.00743475276977,
        "dvar": 0.000106022060208,
        "dvar2": 0.000249575037742,
        "max": 0.128378659487,
        "mean": 0.0124762896448,
        "median": 0.0079086208716,
        "min": 1.33306751852e-22,
        "var": 0.000202758994419
    },
    "spectral_entropy": {
        "dmean": 0.212622523308,
        "dmean2": 0.302067369223,
        "dvar": 0.0630120187998,
        "dvar2": 0.125345990062,
        "max": 9.82402038574,
        "mean": 7.42514944077,
        "median": 7.3445558548,
        "min": 5.27442359924,
        "var": 0.43973338604
    },
    "spectral_flux": {
        "dmean": 0.0308287721127,
        "dmean2": 0.0489739216864,
        "dvar": 0.00216252636164,
        "dvar2": 0.00520631624386,
        "max": 0.381645143032,
        "mean": 0.0810318365693,
        "median": 0.0563325844705,
        "min": 6.31886279412e-11,
        "var": 0.00495068263263
    },
    "spectral_kurtosis": {
        "dmean": 3.02540159225,
        "dmean2": 4.87405061722,
        "dvar": 31.6948127747,
        "dvar2": 91.1334457397,
        "max": 105.904708862,
        "mean": 6.63238286972,
        "median": 3.44357156754,
        "min": -1.46642494202,
        "var": 103.999649048
    },
    "spectral_rms": {
        "dmean": 0.000768788799178,
        "dmean2": 0.00113573623821,
        "dvar": 1.31508136292e-06,
        "dvar2": 2.84513703264e-06,
        "max": 0.0130987269804,
        "mean": 0.00472532771528,
        "median": 0.00417749583721,
        "min": 3.13275403882e-12,
        "var": 8.00311499916e-06
    },
    "spectral_rolloff": {
        "dmean": 783.223693848,
        "dmean2": 1295.06347656,
        "dvar": 2639646.25,
        "dvar2": 5756164,
        "max": 20348.8769531,
        "mean": 2131.28466797,
        "median": 1055.12695312,
        "min": 21.533203125,
        "var": 9559797
    },
    "spectral_skewness": {
        "dmean": 0.367142260075,
        "dmean2": 0.554302453995,
        "dvar": 0.193864658475,
        "dvar2": 0.468419641256,
        "max": 7.78309392929,
        "mean": 1.84731531143,
        "median": 1.76341533661,
        "min": -0.574360907078,
        "var": 0.981877684593
    },
    "spectral_spread": {
        "dmean": 920566.3125,
        "dmean2": 1304759.625,
        "dvar": 1.5229312041e+12,
        "dvar2": 2.88681518694e+12,
        "max": 43005004,
        "mean": 6464326.5,
        "median": 5880310.5,
        "min": 627108.625,
        "var": 2.5338646102e+13
    },
    "spectral_strongpeak": {
        "dmean": 0.465897083282,
        "dmean2": 0.773941159248,
        "dvar": 0.572989404202,
        "dvar2": 1.34099113941,
        "max": 12.2960300446,
        "mean": 1.08115577698,
        "median": 0.670097827911,
        "min": 0,
        "var": 1.32248771191
    },
    "zerocrossingrate": {
        "dmean": 0.0151131888852,
        "dmean2": 0.0161462016404,
        "dvar": 0.000423481455073,
        "dvar2": 0.000434785382822,
        "max": 0.84814453125,
        "mean": 0.0781980231404,
        "median": 0.0537109375,
        "min": 0,
        "var": 0.00594947719947
    },
    "barkbands": {
        "dmean": [0.000592156720813, 0.00575163029134, 0.00285358913243, 0.00243427185342, 0.00129462801851, 0.000716058013495, 0.000831698358525, 0.000771686609369, 0.000909194350243, 0.000724713143427, 0.000366254884284, 0.000293007266009, 0.000250178127317, 0.000191221246496, 0.000148399311001, 0.000150431049406, 0.000210466881981, 0.000191923216335, 9.0466644906e-05, 9.79645992629e-05, 0.00023205926118, 0.00022915941372, 0.000140284508234, 0.000253476726357, 0.000184654083569, 7.21591932233e-05, 5.0109579206e-06],
        "dmean2": [0.000883164815605, 0.00911554694176, 0.00499631091952, 0.00398382544518, 0.00214090407826, 0.00110022316221, 0.00128798314836, 0.00112153578084, 0.00125939503778, 0.000998133444227, 0.000532534089871, 0.000434851041064, 0.000381395511795, 0.000291912234388, 0.000245316536166, 0.000232610967942, 0.000351410591975, 0.000327700050548, 0.000162217314937, 0.000171361811226, 0.000410629931139, 0.000375826115487, 0.000212283266592, 0.000375351344701, 0.000248482567258, 0.000106559076812, 8.00112047727e-06],
        "dvar": [2.14944861909e-06, 0.000271628377959, 9.35756688705e-05, 8.95861521713e-05, 9.44625935517e-06, 3.38897348229e-06, 3.37480082635e-06, 4.42254804511e-06, 3.46569481735e-06, 2.60059982793e-06, 6.12591179561e-07, 4.74214857604e-07, 3.70947219608e-07, 2.04279274385e-07, 1.42485461652e-07, 1.64750616705e-07, 2.41191969508e-07, 2.28084104492e-07, 8.89605544785e-08, 9.4337082146e-08, 4.92684534947e-07, 3.30927548475e-07, 1.00478324327e-07, 3.90860122934e-07, 2.73078967439e-07, 2.53480916257e-08, 2.20662529915e-10],
        "dvar2": [4.81341066916e-06, 0.000581540109124, 0.000262879388174, 0.00022287365573, 2.60260712821e-05, 8.20770219434e-06, 7.61060118748e-06, 9.36465767154e-06, 6.2366120801e-06, 4.2704596126e-06, 1.18461673537e-06, 9.7415579603e-07, 8.3355496372e-07, 4.1234156356e-07, 3.4958097217e-07, 3.33073899128e-07, 6.16816350885e-07, 6.38911672013e-07, 2.56661252251e-07, 2.58081087168e-07, 1.367274308e-06, 8.2811664015e-07, 1.9988532074e-07, 8.56631004353e-07, 4.99285022215e-07, 5.52301706591e-08, 5.15845699489e-10],
        "max": [0.0192332882434, 0.140765875578, 0.0827627927065, 0.109417818487, 0.0382738113403, 0.0589446425438, 0.0485698059201, 0.0502392910421, 0.0411227308214, 0.0380280427635, 0.0190142244101, 0.0245212130249, 0.015441798605, 0.0107117639855, 0.0111515652388, 0.0116157457232, 0.0109619088471, 0.00638402067125, 0.00292503577657, 0.00310702784918, 0.00652333954349, 0.00941931456327, 0.00910894572735, 0.0128249004483, 0.0162632595748, 0.00339220114984, 0.000714945141226],
        "mean": [0.00110130675603, 0.00907239690423, 0.00247310707346, 0.00231173401698, 0.00203262199648, 0.00151181442197, 0.00170849310234, 0.00157703703735, 0.00214677955955, 0.0017965947045, 0.000818139291368, 0.000572570308577, 0.000418262934545, 0.000317503610859, 0.000210501777474, 0.000252996920608, 0.000310055998852, 0.000240596549702, 8.96907513379e-05, 0.000109515145596, 0.000267264666036, 0.000400827382691, 0.000278256309684, 0.000516525527928, 0.000406822626246, 0.000142762277392, 5.90108948018e-06],
        "median": [6.91869718139e-05, 0.000374820199795, 0.000127913299366, 0.000121332566778, 0.000677461153828, 0.00051529193297, 0.000624256965239, 0.000302812288282, 0.000625437824056, 0.000419684627559, 0.000262813875452, 0.000192264240468, 0.000135979484185, 8.51250370033e-05, 5.85713387409e-05, 5.8210487623e-05, 7.08844090695e-05, 4.11642613471e-05, 1.16418559628e-05, 5.41699955647e-06, 1.7047059373e-05, 4.19122770836e-05, 4.08422092733e-05, 5.65410009585e-05, 2.7729645808e-05, 1.19955129776e-05, 2.46364209033e-07],
        "min": [4.21904456483e-25, 1.42934861126e-24, 1.06705921155e-24, 1.48939049109e-24, 7.59967296845e-24, 9.83639813507e-24, 6.52762795877e-24, 3.08878231059e-24, 9.10924587416e-24, 9.93280088199e-24, 2.30274746012e-23, 2.72158179815e-23, 1.9221223889e-23, 2.03897256826e-23, 3.3481863214e-23, 3.24226817647e-23, 3.38771267037e-23, 8.90998576261e-23, 1.44371314909e-22, 1.9642466146e-22, 2.80298536471e-22, 3.34879431228e-22, 4.50505311083e-22, 5.46089049992e-22, 9.18684539565e-22, 1.1436912977e-21, 1.95143639703e-21],
        "var": [5.42476300325e-06, 0.000463242613478, 6.15497410763e-05, 8.28583797556e-05, 1.36521985041e-05, 1.11133376777e-05, 1.01287923826e-05, 1.13772503028e-05, 1.60572362802e-05, 1.41262989928e-05, 2.33010291595e-06, 1.8309101506e-06, 7.56751660447e-07, 5.13300790317e-07, 2.3616019007e-07, 5.00643864143e-07, 4.497496775e-07, 2.53790432225e-07, 6.31020640185e-08, 1.13115348199e-07, 5.70971565139e-07, 7.63230218581e-07, 4.06466881486e-07, 1.36275104978e-06, 1.12543546038e-06, 8.58562572148e-08, 4.23951707074e-10]
    },
    "erbbands": {
        "dmean": [0.217963665724, 1.2790184021, 3.13377189636, 6.6118388176, 4.93290233612, 4.63191127777, 4.04368162155, 7.02420902252, 11.5363855362, 14.0564069748, 13.9254484177, 22.6783275604, 25.8132743835, 12.2368602753, 13.495018959, 12.0870714188, 11.0163297653, 8.67688274384, 7.6511964798, 7.03289318085, 8.02118968964, 11.1499519348, 10.7985639572, 7.4726691246, 2.94215536118, 4.57147359848, 7.69217967987, 10.2018260956, 8.32694816589, 5.85386610031, 4.29070186615, 4.74642801285, 4.5445318222, 2.3309969902, 1.29827320576, 0.510673701763, 0.0890432372689, 0.0118373800069, 0.000831031880807, 2.4179713364e-05],
        "dmean2": [0.30998018384, 2.1095969677, 5.4800863266, 10.8629722595, 8.15421962738, 7.49543809891, 6.31311368942, 10.6354570389, 18.1271419525, 20.5938911438, 19.9046916962, 31.3241424561, 34.640914917, 17.6120758057, 19.2675170898, 17.5945339203, 16.5162639618, 13.114563942, 11.9170799255, 11.4613056183, 12.3598585129, 18.5615653992, 18.440076828, 13.3032712936, 5.20861911774, 7.77211284637, 13.4259204865, 18.0220165253, 13.9044857025, 8.94645786285, 6.54021835327, 7.23724365234, 6.70092105865, 3.27581429482, 1.7730486393, 0.733642101288, 0.129308223724, 0.0180895589292, 0.0013208881719, 3.57917560905e-05],
        "dvar": [0.29134786129, 15.5208129883, 122.173690796, 573.96862793, 200.298309326, 111.015350342, 73.6682739258, 400.075561523, 735.373168945, 1286.75097656, 1325.93164062, 2413.72143555, 3139.54541016, 688.441467285, 963.21697998, 823.641906738, 695.374023438, 424.975738525, 280.155029297, 295.01171875, 368.219726562, 632.901000977, 708.826049805, 632.92980957, 79.8698425293, 186.985565186, 599.336730957, 950.581481934, 455.88583374, 194.959945679, 91.6208343506, 152.379760742, 134.15296936, 50.048614502, 12.8432807922, 1.40164756775, 0.0382688194513, 0.000934890063945, 5.71674763705e-06, 2.06492822841e-09],
        "dvar2": [0.617193341255, 34.9659690857, 344.407653809, 1432.69970703, 522.321594238, 292.009246826, 190.713226318, 942.974609375, 1748.48425293, 2718.00292969, 2456.50268555, 4166.01220703, 4933.99462891, 1307.31213379, 1761.80090332, 1508.77636719, 1523.42077637, 858.630187988, 607.40020752, 736.654663086, 795.891540527, 1690.97290039, 1993.10144043, 1826.28955078, 228.685531616, 500.873931885, 1635.31628418, 2680.02783203, 1182.3704834, 404.455657959, 196.359619141, 359.540130615, 285.431121826, 93.139755249, 25.5092945099, 2.95122385025, 0.0829955413938, 0.00209076167084, 1.35762284117e-05, 4.49485515475e-09],
        "max": [4.85621356964, 31.0878410339, 96.7332229614, 262.442871094, 207.592803955, 188.337432861, 138.360839844, 699.401977539, 851.957702637, 711.798034668, 1058.98535156, 1224.97094727, 1485.31445312, 842.227661133, 817.725402832, 1257.69604492, 711.558776855, 613.849060059, 411.828460693, 397.73324585, 452.438476562, 458.515991211, 304.424591064, 288.318267822, 74.6089782715, 127.631210327, 205.953613281, 296.979644775, 426.114044189, 305.799133301, 236.801849365, 274.744384766, 268.037414551, 185.368743896, 106.287261963, 27.8796768188, 3.940710783, 1.10595619678, 0.101131528616, 0.00144778296817],
        "mean": [0.334816277027, 1.73912072182, 2.9284901619, 6.23322153091, 6.15863513947, 7.5570192337, 7.07698535919, 15.1750049591, 23.7480010986, 31.742389679, 31.3256263733, 54.6393852234, 70.0485534668, 29.4769573212, 29.8735523224, 26.3523731232, 20.618806839, 15.5470151901, 13.3023471832, 11.704041481, 13.9450883865, 17.0136356354, 14.8687391281, 7.44771766663, 3.39747142792, 5.23336076736, 9.23255825043, 11.3901281357, 14.0801544189, 11.5209760666, 8.04804515839, 9.37839603424, 9.01991176605, 4.9624710083, 2.66806983948, 1.07002139091, 0.160567507148, 0.0183967389166, 0.00109241192695, 6.90361703164e-05],
        "median": [0.0179449431598, 0.0520278438926, 0.143869519234, 0.365365356207, 1.0337818861, 2.51475191116, 3.02243852615, 5.03663730621, 8.63064670563, 8.83475875854, 9.37664318085, 17.5625667572, 18.4991188049, 11.859254837, 10.0966835022, 9.34851074219, 7.69553136826, 5.4819021225, 4.13000106812, 3.37925958633, 3.595307827, 4.38651657104, 3.03262782097, 1.16557407379, 0.426384747028, 0.276436805725, 0.431556284428, 0.958930253983, 1.51009452343, 1.36640429497, 1.15899825096, 1.0777027607, 0.829280018806, 0.336540043354, 0.174846559763, 0.0781687796116, 0.0156563390046, 0.00207987916656, 9.57380543696e-05, 2.84561992885e-05],
        "min": [5.87015380946e-23, 5.10423499885e-22, 1.83024635935e-21, 7.3534094634e-21, 9.7811142832e-21, 2.40353337446e-20, 4.95466872817e-20, 9.90021585139e-20, 1.10370786681e-19, 1.082159101e-19, 1.29737708535e-19, 2.76830441802e-19, 6.06521550457e-19, 4.71185341365e-19, 1.3088367163e-18, 1.22645283602e-18, 1.38841056065e-18, 2.47071404344e-18, 2.40614680637e-18, 1.61804313653e-18, 2.73159026503e-18, 2.67344443105e-18, 4.92815762831e-18, 6.99288894557e-18, 8.0923592178e-18, 8.18551298967e-18, 8.70517928334e-18, 1.05272158089e-17, 1.10748904381e-17, 1.07514156693e-17, 1.15013194146e-17, 1.07610490147e-17, 9.20377563244e-18, 8.45718060953e-18, 6.82153393219e-18, 4.16452640709e-18, 1.86874493318e-18, 9.03120342279e-19, 2.69238940032e-19, 2.57449787458e-20],
        "var": [0.499619811773, 22.670753479, 85.6665725708, 524.007263184, 211.787597656, 206.195251465, 137.524017334, 1396.93725586, 1989.95471191, 3952.91894531, 4272.50976562, 10976.2939453, 20327.6796875, 2757.57397461, 3294.33349609, 3813.61767578, 1596.32287598, 958.430603027, 729.63293457, 675.844421387, 1047.01574707, 1081.84375, 891.462280273, 426.710479736, 77.2022018433, 247.771850586, 781.842895508, 940.342773438, 962.46307373, 674.030029297, 335.162750244, 460.963348389, 468.75604248, 194.908920288, 45.4731369019, 5.10978937149, 0.115553207695, 0.00210616830736, 1.01234682006e-05, 7.79554376606e-09]
    },
    "gfcc": {
        "mean": [-49.1267738342, 84.3524398804, -107.908882141, 0.531988620758, -77.4399719238, 20.2154750824, -44.8749847412, 7.23971366882, -15.3731384277, -5.2048201561, -18.4925689697, 6.64415645599, -9.94995117188],
        "cov": [[27563.4433594, -1593.73291016, -445.709991455, 1449.78833008, -1188.23937988, 1227.56054688, -1092.61254883, 840.592224121, -418.242431641, 369.201324463, -889.909240723, 179.202407837, -529.5859375], [-1593.73291016, 4095.46850586, -1178.58837891, -338.76272583, 899.869995117, -238.709823608, 756.40814209, -127.258766174, 575.629760742, -254.497436523, 529.049377441, -73.3588638306, 299.536407471], [-445.709991455, -1178.58837891, 2726.66894531, 649.612304688, 205.498825073, 533.490234375, -54.1386451721, 189.413650513, -78.2002716064, 441.24319458, -234.297134399, 184.140930176, -48.8393630981], [1449.78833008, -338.76272583, 649.612304688, 1345.01062012, 501.473754883, 292.352874756, 154.784423828, 200.93371582, 162.620635986, 189.745025635, -30.9486312866, -56.8569068909, 36.4736328125], [-1188.23937988, 899.869995117, 205.498825073, 501.473754883, 1037.35888672, 115.036682129, 401.531097412, 154.9478302, 305.045410156, 99.7552566528, 132.343399048, -52.3168678284, 83.8623352051], [1227.56054688, -238.709823608, 533.490234375, 292.352874756, 115.036682129, 474.816955566, 70.3984680176, 181.859268188, 88.2256698608, 129.280380249, -9.82583332062, 70.0972137451, -10.9972438812], [-1092.61254883, 756.40814209, -54.1386451721, 154.784423828, 401.531097412, 70.3984680176, 543.640197754, 44.2635269165, 186.261886597, 36.8069839478, 124.597686768, -1.27253615856, 65.3921966553], [840.592224121, -127.258766174, 189.413650513, 200.93371582, 154.9478302, 181.859268188, 44.2635269165, 275.428314209, 103.084342957, 54.3213768005, 10.9620723724, 22.1061515808, -7.67373275757], [-418.242431641, 575.629760742, -78.2002716064, 162.620635986, 305.045410156, 88.2256698608, 186.261886597, 103.084342957, 327.522186279, 20.7568473816, 130.809341431, 10.586771965, 96.6698455811], [369.201324463, -254.497436523, 441.24319458, 189.745025635, 99.7552566528, 129.280380249, 36.8069839478, 54.3213768005, 20.7568473816, 218.562103271, -48.3227272034, 41.0643844604, -9.74306297302], [-889.909240723, 529.049377441, -234.297134399, -30.9486312866, 132.343399048, -9.82583332062, 124.597686768, 10.9620723724, 130.809341431, -48.3227272034, 226.741790771, 12.9995183945, 82.9858551025], [179.202407837, -73.3588638306, 184.140930176, -56.8569068909, -52.3168678284, 70.0972137451, -1.27253615856, 22.1061515808, 10.586771965, 41.0643844604, 12.9995183945, 127.689094543, 17.1068935394], [-529.5859375, 299.536407471, -48.8393630981, 36.4736328125, 83.8623352051, -10.9972438812, 65.3921966553, -7.67373275757, 96.6698455811, -9.74306297302, 82.9858551025, 17.1068935394, 130.349304199]],
        "icov": [[0.000131987268105, -0.000223886410822, 0.000233428552747, -0.000296210113447, 0.000243434566073, -0.000356472912244, 0.00033817635267, -0.000430214451626, 0.000294786965242, -0.000353313051164, 0.000599216204137, -0.000416768336436, 0.000267575029284], [-0.000223886410822, 0.00104338175151, -0.000331123446813, 0.000777014822233, -0.000828060787171, 0.00062440498732, -0.000994034577161, 0.0011994834058, -0.00106388912536, 0.00104649411514, -0.00146852654871, 0.000846259936225, -0.000802933122031], [0.000233428552747, -0.000331123446813, 0.00116774975322, -0.000648859888315, 0.000170487328433, -0.00109778507613, 0.000720447627828, -0.000675215153024, 0.000909935857635, -0.00142673193477, 0.00148117472418, -0.00148781843018, 0.00019570949371], [-0.000296210113447, 0.000777014822233, -0.000648859888315, 0.0019974433817, -0.00106950860936, 0.000395749782911, -0.000894872588105, 0.000843697111122, -0.000983238453045, 0.000545244431123, -0.00124876794871, 0.00208149035461, -0.00127915618941], [0.000243434566073, -0.000828060787171, 0.000170487328433, -0.00106950860936, 0.0027141335886, -0.000258307118202, -6.02744039497e-05, -0.00153603637591, -0.000142461780342, -0.00126571045257, 0.000931032991502, 0.000193960135221, 0.000819709501229], [-0.000356472912244, 0.00062440498732, -0.00109778507613, 0.000395749782911, -0.000258307118202, 0.00487264990807, -0.00130527687725, -0.000475310982438, -0.00150535069406, 0.000491455022711, -0.00192682433408, 4.66614437755e-05, 0.000172629006556], [0.00033817635267, -0.000994034577161, 0.000720447627828, -0.000894872588105, -6.02744039497e-05, -0.00130527687725, 0.00404028687626, -0.000918684061617, 0.000619616592303, -0.00156999577302, 0.0011239288142, -0.00137532618828, 0.000914299685974], [-0.000430214451626, 0.0011994834058, -0.000675215153024, 0.000843697111122, -0.00153603637591, -0.000475310982438, -0.000918684061617, 0.00744564365596, -0.00286122737452, 0.00167607341427, -0.00224255095236, 0.000846228038426, 0.000417900446337], [0.000294786965242, -0.00106388912536, 0.000909935857635, -0.000983238453045, -0.000142461780342, -0.00150535069406, 0.000619616592303, -0.00286122737452, 0.00775662064552, -0.00167127756868, 0.000291430827929, -0.00135382707231, -0.0021413997747], [-0.000353313051164, 0.00104649411514, -0.00142673193477, 0.000545244431123, -0.00126571045257, 0.000491455022711, -0.00156999577302, 0.00167607341427, -0.00167127756868, 0.00899489130825, -0.000629207934253, -0.000329377799062, -0.000429716164945], [0.000599216204137, -0.00146852654871, 0.00148117472418, -0.00124876794871, 0.000931032991502, -0.00192682433408, 0.0011239288142, -0.00224255095236, 0.000291430827929, -0.000629207934253, 0.0108387954533, -0.00326514663175, -0.00147899589501], [-0.000416768336436, 0.000846259936225, -0.00148781843018, 0.00208149035461, 0.000193960135221, 4.66614437755e-05, -0.00137532618828, 0.000846228038426, -0.00135382707231, -0.000329377799062, -0.00326514663175, 0.0127916475758, -0.00277950591408], [0.000267575029284, -0.000802933122031, 0.00019570949371, -0.00127915618941, 0.000819709501229, 0.000172629006556, 0.000914299685974, 0.000417900446337, -0.0021413997747, -0.000429716164945, -0.00147899589501, -0.00277950591408, 0.0129506364465]]
    },
    "melbands": {
        "dmean": [0.0017548595788, 0.00160146632697, 0.00106149003841, 0.000324403255945, 0.000150996362208, 0.000158127804752, 0.000169772189111, 0.000158253402333, 0.000115564384032, 0.000150434323587, 0.000129289473989, 5.07194599777e-05, 4.36211230408e-05, 3.56207237928e-05, 3.18640049954e-05, 2.21265217988e-05, 1.78551108547e-05, 1.34119527502e-05, 1.24583202705e-05, 1.10850378405e-05, 9.92398781818e-06, 1.14539143397e-05, 1.32707491503e-05, 7.79488254921e-06, 6.36506320006e-06, 2.74723515759e-06, 1.8157767272e-06, 3.30143734573e-06, 5.06504557052e-06, 5.48911566511e-06, 6.3352918005e-06, 5.12522683493e-06, 4.47253933089e-06, 2.96632970276e-06, 2.72789543487e-06, 2.42013811658e-06, 3.37008054885e-06, 3.66167819266e-06, 2.55880786426e-06, 1.95200345843e-06],
        "dmean2": [0.00247232243419, 0.00275315344334, 0.00174526264891, 0.00053127220599, 0.000238551481743, 0.000242296329816, 0.000263851514319, 0.000231520651141, 0.000163751916261, 0.000206252356293, 0.000173537977389, 7.38987073419e-05, 6.29300338915e-05, 5.16441941727e-05, 4.74347252748e-05, 3.39438156516e-05, 2.71830576821e-05, 2.07847479032e-05, 2.05438336707e-05, 1.72994114109e-05, 1.54099579959e-05, 1.89052971109e-05, 2.2877327865e-05, 1.32757004394e-05, 1.14906069939e-05, 4.96805296279e-06, 3.10112295665e-06, 5.66190692552e-06, 8.72554483067e-06, 9.68334279605e-06, 1.1266486581e-05, 8.73540284374e-06, 7.10383665137e-06, 4.56716907138e-06, 4.1564849198e-06, 3.8286580093e-06, 5.18839078723e-06, 5.51875064048e-06, 3.74206206288e-06, 2.7739424695e-06],
        "dvar": [2.09081827052e-05, 2.62646299234e-05, 1.34606980282e-05, 5.96334700731e-07, 1.06438200476e-07, 1.76230770421e-07, 1.47585367927e-07, 1.7987061085e-07, 8.89147955263e-08, 1.0841315401e-07, 7.84517197872e-08, 1.16264073924e-08, 9.09906106017e-09, 7.11605707693e-09, 5.40270228555e-09, 2.54675169842e-09, 1.80237480496e-09, 1.01263053498e-09, 1.19414678146e-09, 1.1754958118e-09, 5.62645319224e-10, 6.51343978753e-10, 1.09847397844e-09, 3.39530903393e-10, 5.01144348242e-10, 6.71739955327e-11, 3.56931324774e-11, 9.79579334315e-11, 2.57584009677e-10, 2.71536487739e-10, 3.49878043204e-10, 1.78979969734e-10, 1.30256708197e-10, 5.11746166276e-11, 3.98972140048e-11, 4.46633598161e-11, 7.73606179116e-11, 8.49529821489e-11, 5.70343390571e-11, 3.84900548933e-11],
        "dvar2": [4.33869536209e-05, 7.25142599549e-05, 3.37826713803e-05, 1.60286037953e-06, 2.77984725017e-07, 4.19701763121e-07, 3.47523865685e-07, 3.86340417435e-07, 1.57623503583e-07, 1.8459516582e-07, 1.23473341773e-07, 2.218373929e-08, 1.73983423224e-08, 1.32814568232e-08, 1.11139515369e-08, 5.78654724137e-09, 3.62040863955e-09, 2.15430295825e-09, 2.97297586549e-09, 2.35880381894e-09, 1.21183285628e-09, 1.67482705482e-09, 3.08571301844e-09, 9.42014910521e-10, 1.44871648011e-09, 1.9454365896e-10, 9.91591253552e-11, 2.61084071029e-10, 7.00664637421e-10, 7.46905814974e-10, 9.96276283693e-10, 4.81452544498e-10, 2.98241292773e-10, 1.08047973346e-10, 8.7953228034e-11, 1.09978359752e-10, 1.85559359545e-10, 1.90154864077e-10, 1.144021336e-10, 7.58838339388e-11],
        "max": [0.0422726087272, 0.0442620776594, 0.0415252298117, 0.00972916558385, 0.00669472385198, 0.0138759575784, 0.0116154756397, 0.00976354815066, 0.00937145762146, 0.00815803557634, 0.00735517730936, 0.00340648321435, 0.00261619547382, 0.00280777411535, 0.0024613798596, 0.000912019168027, 0.00112884584814, 0.000932172464672, 0.00112522707786, 0.00102860713378, 0.000591908930801, 0.000502620765474, 0.000527295924257, 0.000257216044702, 0.000255609804299, 7.571245078e-05, 8.02117283456e-05, 8.49947537063e-05, 0.000122732162708, 0.000162330747116, 0.000185612501809, 0.000242540772888, 0.000276195874903, 0.000190924343769, 0.000162979122251, 0.000179400914931, 0.000173780470504, 0.000200083566597, 0.000197490531718, 0.000156689857249],
        "mean": [0.00279489532113, 0.00181319739204, 0.001052616979, 0.000492965104058, 0.000268233270617, 0.00034177370253, 0.000355030992068, 0.000349985813955, 0.000255879189353, 0.000355180993211, 0.000340044935001, 0.000112283720227, 9.63573766057e-05, 7.30289466446e-05, 6.17877303739e-05, 3.57112185156e-05, 2.99443727272e-05, 2.2379690563e-05, 1.74443084688e-05, 1.7675500203e-05, 1.60987474374e-05, 1.72370364453e-05, 1.71723422682e-05, 1.0142976862e-05, 5.70069596506e-06, 2.85967598757e-06, 2.16441230805e-06, 3.68411883755e-06, 5.64157198824e-06, 6.21134404355e-06, 6.71358293403e-06, 7.68134577811e-06, 8.25771985546e-06, 5.62395462111e-06, 4.64513141196e-06, 4.42154805569e-06, 6.28610314379e-06, 6.90766682965e-06, 4.80416883875e-06, 3.96381938117e-06],
        "median": [0.000137571420055, 8.17966283648e-05, 7.9443831055e-05, 0.000144941121107, 0.000116654016892, 0.000115388524137, 0.000126833183458, 7.6462594734e-05, 6.4177060267e-05, 0.000108439475298, 8.13437218312e-05, 4.22400407842e-05, 3.22441628668e-05, 2.57805932051e-05, 1.95997636183e-05, 1.17936378956e-05, 8.87636451807e-06, 6.10190909356e-06, 4.68820007882e-06, 3.99577902499e-06, 3.78191998607e-06, 4.27079248766e-06, 3.32366289513e-06, 1.75095112809e-06, 7.37616232982e-07, 3.41919758284e-07, 1.55953784997e-07, 1.49127544091e-07, 1.76821771447e-07, 3.764131975e-07, 5.12617759796e-07, 7.75627313487e-07, 8.26031282486e-07, 6.51068717161e-07, 6.0012700942e-07, 6.10643496657e-07, 6.05233026363e-07, 6.29029841548e-07, 3.24710754285e-07, 2.21264670586e-07],
        "min": [5.22369639852e-25, 1.35040917402e-24, 1.24603518487e-24, 1.59016628844e-24, 1.85593352741e-24, 2.1874170213e-24, 1.79788795871e-24, 1.25304194603e-24, 9.98520412306e-25, 1.55351433167e-24, 3.02192634888e-24, 1.74418211107e-24, 3.28336353034e-24, 2.9427986697e-24, 3.08105127651e-24, 3.09482754893e-24, 2.69690027314e-24, 3.63932458926e-24, 2.50187630521e-24, 1.70341476556e-24, 3.25684321e-24, 2.3547253474e-24, 3.14018093731e-24, 4.52301249174e-24, 4.58998362715e-24, 5.08315579927e-24, 4.96626909565e-24, 4.9349860276e-24, 5.07021611384e-24, 5.30202446856e-24, 5.54278245025e-24, 5.77672546259e-24, 5.41079221575e-24, 5.22751103404e-24, 5.30989098951e-24, 5.26060177686e-24, 6.11766799038e-24, 6.11531402944e-24, 6.09465415676e-24, 5.85060425851e-24],
        "var": [3.78249933419e-05, 2.52582722169e-05, 1.23800064102e-05, 8.83472694113e-07, 1.95088119881e-07, 5.97265056967e-07, 4.2219735974e-07, 5.37157575309e-07, 3.38494686503e-07, 4.88575494728e-07, 5.05378238813e-07, 4.53226789432e-08, 3.12520960222e-08, 2.44674787098e-08, 1.87273307972e-08, 5.09957409633e-09, 4.15502920958e-09, 2.6718200985e-09, 1.82534110049e-09, 3.27800786515e-09, 1.46632450626e-09, 1.1829917046e-09, 1.33289634885e-09, 4.55505300145e-10, 3.15251685867e-10, 5.58247198468e-11, 4.05144147397e-11, 1.28964089408e-10, 3.20157678146e-10, 3.13977815969e-10, 3.36881966767e-10, 2.96755092721e-10, 3.71173369818e-10, 1.72520372987e-10, 1.24764296117e-10, 1.15692747049e-10, 2.18856280321e-10, 2.74299138958e-10, 1.76843900634e-10, 1.38130507032e-10]
    },
    "mfcc": {
        "mean": [-686.06628418, 121.688972473, 15.3162584305, -15.9621210098, -4.86828565598, -0.396732270718, -17.4160137177, 9.07472038269, 0.280984163284, -10.4785203934, 0.639563262463, 2.03748893738, -8.17311477661],
        "cov": [[11092.8095703, -1686.78283691, 384.836639404, 670.997314453, 644.334289551, 392.562774658, 41.4268760681, 369.657043457, 329.56854248, 322.935943604, 204.039794922, -28.4916629791, -140.173446655], [-1686.78283691, 3336.81591797, -794.811218262, -217.12651062, -9.01679325104, 62.1757545471, 154.316116333, 243.005645752, 94.3376922607, -1.82800030708, 168.228012085, 222.586334229, 110.099884033], [384.836639404, -794.811218262, 2000.12060547, 276.433929443, 315.600982666, 333.67401123, 88.5070877075, -63.9743118286, 186.555404663, 16.5416717529, 22.7440853119, -19.8172416687, 97.2089004517], [670.997314453, -217.12651062, 276.433929443, 998.177185059, 456.708679199, 313.480224609, 245.622299194, 56.2385292053, 248.952667236, 215.775756836, 81.0191192627, 79.0720748901, 101.48072052], [644.334289551, -9.01679325104, 315.600982666, 456.708679199, 689.704589844, 250.692474365, 140.628845215, 116.950881958, 220.351547241, 210.851593018, 99.6145782471, 82.9882507324, 93.5753173828], [392.562774658, 62.1757545471, 333.67401123, 313.480224609, 250.692474365, 403.34866333, 181.043151855, 94.4291152954, 189.932556152, 126.173233032, 124.147331238, 73.0123596191, 63.0783119202], [41.4268760681, 154.316116333, 88.5070877075, 245.622299194, 140.628845215, 181.043151855, 311.583312988, 84.7104568481, 115.965782166, 94.6716461182, 86.6775894165, 65.0504379272, 42.9235076904], [369.657043457, 243.005645752, -63.9743118286, 56.2385292053, 116.950881958, 94.4291152954, 84.7104568481, 307.693786621, 87.3332290649, 109.098312378, 101.219985962, 74.2950286865, 48.8335189819], [329.56854248, 94.3376922607, 186.555404663, 248.952667236, 220.351547241, 189.932556152, 115.965782166, 87.3332290649, 273.343353271, 122.663116455, 94.54737854, 71.8740921021, 62.4201164246], [322.935943604, -1.82800030708, 16.5416717529, 215.775756836, 210.851593018, 126.173233032, 94.6716461182, 109.098312378, 122.663116455, 223.64251709, 89.6328353882, 52.495010376, 44.2605819702], [204.039794922, 168.228012085, 22.7440853119, 81.0191192627, 99.6145782471, 124.147331238, 86.6775894165, 101.219985962, 94.54737854, 89.6328353882, 175.051132202, 55.9902038574, 31.6364917755], [-28.4916629791, 222.586334229, -19.8172416687, 79.0720748901, 82.9882507324, 73.0123596191, 65.0504379272, 74.2950286865, 71.8740921021, 52.495010376, 55.9902038574, 124.528907776, 56.6807861328], [-140.173446655, 110.099884033, 97.2089004517, 101.48072052, 93.5753173828, 63.0783119202, 42.9235076904, 48.8335189819, 62.4201164246, 44.2605819702, 31.6364917755, 56.6807861328, 124.282424927]],
