{
"lowlevel": {
    "average_loudness": 0.874175786972,
    "barkbands_crest": {
        "dmean": 2.26865506172,
        "dmean2": 3.52174901962,
        "dvar": 6.33457279205,
        "dvar2": 13.4610004425,
        "max": 26.0767841339,
        "mean": 11.9062461853,
        "median": 12.0514364243,
        "min": 2.25198793411,
        "var": 22.3591651917
    },
    "barkbands_flatness_db": {
        "dmean": 0.0216400995851,
        "dmean2": 0.032120116055,
        "dvar": 0.000828213989735,
        "dvar2": 0.0019006052753,
        "max": 0.530788183212,
        "mean": 0.129918962717,
        "median": 0.112793274224,
        "min": 0.0213782805949,
        "var": 0.00323179503903
    },
    "barkbands_kurtosis": {
        "dmean": 2.67535972595,
        "dmean2": 4.25058603287,
        "dvar": 95.5008010864,
        "dvar2": 236.558914185,
        "max": 302.283477783,
        "mean": 2.9104988575,
        "median": 0.865884780884,
        "min": -1.96621203423,
        "var": 102.323898315
    },
    "barkbands_skewness": {
        "dmean": 0.500468432903,
        "dmean2": 0.755321741104,
        "dvar": 0.779891729355,
        "dvar2": 1.79133963585,
        "max": 16.2945804596,
        "mean": 1.25327205658,
        "median": 1.16071927547,
        "min": -4.1957449913,
        "var": 1.54239237309
    },
    "barkbands_spread": {
        "dmean": 6.67642831802,
        "dmean2": 10.059012413,
        "dvar": 105.178688049,
        "dvar2": 206.71673584,
        "max": 133.210723877,
        "mean": 31.0913848877,
        "median": 29.3887729645,
        "min": 0.622592151165,
        "var": 323.105712891
    },
    "dissonance": {
        "dmean": 0.0197764281183,
        "dmean2": 0.0331005975604,
        "dvar": 0.00043238705257,
        "dvar2": 0.00116014829837,
        "max": 0.500000119209,
        "mean": 0.467723369598,
        "median": 0.475126236677,
        "min": 0.154491662979,
        "var": 0.000830654753372
    },
    "dynamic_complexity": 4.72099351883,
    "erbbands_crest": {
        "dmean": 2.88023591042,
        "dmean2": 4.66102695465,
        "dvar": 7.53686380386,
        "dvar2": 18.042383194,
        "max": 32.6741371155,
        "mean": 9.88773155212,
        "median": 8.81579971313,
        "min": 2.24127101898,
        "var": 22.1734104156
    },
    "erbbands_flatness_db": {
        "dmean": 0.0186771675944,
        "dmean2": 0.027460385114,
        "dvar": 0.000399526557885,
        "dvar2": 0.000786014192272,
        "max": 0.565048933029,
        "mean": 0.161089450121,
        "median": 0.143103644252,
        "min": 0.0328088477254,
        "var": 0.00442462367937
    },
    "erbbands_kurtosis": {
        "dmean": 1.13456523418,
        "dmean2": 1.78024482727,
        "dvar": 4.71267747879,
        "dvar2": 10.6193799973,
        "max": 35.9548377991,
        "mean": 1.06769216061,
        "median": 0.317415475845,
        "min": -1.82543075085,
        "var": 6.9562664032
    },
    "erbbands_skewness": {
        "dmean": 0.360542625189,
        "dmean2": 0.547904729843,
        "dvar": 0.229981794953,
        "dvar2": 0.465478539467,
        "max": 4.85890722275,
        "mean": 0.487786889076,
        "median": 0.535137414932,
        "min": -5.36397600174,
        "var": 0.586169362068
    },
    "erbbands_spread": {
        "dmean": 7.35706806183,
        "dmean2": 11.3865365982,
        "dvar": 136.173904419,
        "dvar2": 338.360900879,
        "max": 177.153900146,
        "mean": 33.2124519348,
        "median": 32.0256271362,
        "min": 1.67487597466,
        "var": 260.007598877
    },
    "hfc": {
        "dmean": 13.7927455902,
        "dmean2": 17.9556941986,
        "dvar": 521.978881836,
        "dvar2": 737.680603027,
        "max": 304.271179199,
        "mean": 50.8759918213,
        "median": 42.4407958984,
        "min": 1.09154085271e-16,
        "var": 2544.72680664
    },
    "melbands_crest": {
        "dmean": 3.04649186134,
        "dmean2": 4.70650243759,
        "dvar": 16.3462467194,
        "dvar2": 31.0693721771,
        "max": 37.2777633667,
        "mean": 20.2031860352,
        "median": 22.1632919312,
        "min": 1.61595594883,
        "var": 90.3353652954
    },
    "melbands_flatness_db": {
        "dmean": 0.0256127715111,
        "dmean2": 0.0371535010636,
        "dvar": 0.00135804782622,
        "dvar2": 0.00285218679346,
        "max": 0.522346913815,
        "mean": 0.179596334696,
        "median": 0.175546362996,
        "min": 0.00350884860381,
        "var": 0.00380292464979
    },
    "melbands_kurtosis": {
        "dmean": 9.28474617004,
        "dmean2": 15.0675191879,
        "dvar": 1213.03625488,
        "dvar2": 3241.20507812,
        "max": 623.901000977,
        "mean": 13.0664958954,
        "median": 6.13316917419,
        "min": -1.78951692581,
        "var": 1124.35095215
    },
    "melbands_skewness": {
        "dmean": 0.801560521126,
        "dmean2": 1.21464467049,
        "dvar": 2.15318655968,
        "dvar2": 5.09535312653,
        "max": 21.5087566376,
        "mean": 2.45754432678,
        "median": 2.24870419502,
        "min": -2.75671315193,
        "var": 4.41929006577
    },
    "melbands_spread": {
        "dmean": 8.3189907074,
        "dmean2": 12.9985380173,
        "dvar": 172.630905151,
        "dvar2": 412.881286621,
        "max": 190.88923645,
        "mean": 30.4260959625,
        "median": 27.8908576965,
        "min": 0.492059975863,
        "var": 343.208007812
    },
    "pitch_salience": {
        "dmean": 0.0776073783636,
        "dmean2": 0.121373780072,
        "dvar": 0.00796590000391,
        "dvar2": 0.0170773621649,
        "max": 0.948887825012,
        "mean": 0.479161053896,
        "median": 0.45528203249,
        "min": 0.0291418079287,
        "var": 0.0266251768917
    },
    "silence_rate_20dB": {
        "dmean": 0,
        "dmean2": 0,
        "dvar": 0,
        "dvar2": 0,
        "max": 1,
        "mean": 1,
        "median": 1,
        "min": 1,
        "var": 0
    },
    "silence_rate_30dB": {
        "dmean": 0.00508663151413,
        "dmean2": 0.0101740723476,
        "dvar": 0.0050614294596,
        "dvar2": 0.0132510876283,
        "max": 1,
        "mean": 0.996026396751,
        "median": 1,
        "min": 0,
        "var": 0.00395740475506
    },
    "silence_rate_60dB": {
        "dmean": 0.0157367661595,
        "dmean2": 0.0314760357141,
        "dvar": 0.0154865197837,
        "dvar2": 0.0352480635047,
        "max": 1,
        "mean": 0.12357943505,
        "median": 0,
        "min": 0,
        "var": 0.108295612037
    },
    "spectral_centroid": {
        "dmean": 293.206390381,
        "dmean2": 438.039031982,
        "dvar": 201887.703125,
        "dvar2": 375596.125,
        "max": 11526.4160156,
        "mean": 1994.81237793,
        "median": 2001.47644043,
        "min": 150.721893311,
        "var": 805546.3125
    },
    "spectral_complexity": {
        "dmean": 4.31060266495,
        "dmean2": 6.54161024094,
        "dvar": 28.4698543549,
        "dvar2": 55.9088592529,
        "max": 60,
        "mean": 20.2217273712,
        "median": 18,
        "min": 0,
        "var": 164.04234314
    },
    "spectral_decrease": {
        "dmean": 1.80077908141e-09,
        "dmean2": 2.76044831438e-09,
        "dvar": 9.22127629266e-18,
        "dvar2": 1.71524237993e-17,
        "max": 1.38241530108e-28,
        "mean": -1.11640803269e-08,
        "median": -8.88171580726e-09,
        "min": -3.44964909971e-08,
        "var": 8.09100694294e-17
    },
    "spectral_energy": {
        "dmean": 0.00710785482079,
        "dmean2": 0.0109979528934,
        "dvar": 0.000134387038997,
        "dvar2": 0.000261672743363,
        "max": 0.138406991959,
        "mean": 0.0467503145337,
        "median": 0.0452935807407,
        "min": 9.91340663566e-21,
        "var": 0.00132955913432
    },
    "spectral_energyband_high": {
        "dmean": 0.00134608545341,
        "dmean2": 0.00167802686337,
        "dvar": 6.63452465233e-06,
        "dvar2": 8.87523492565e-06,
        "max": 0.0323359966278,
        "mean": 0.00383246433921,
        "median": 0.00238553364761,
        "min": 7.17336924099e-21,
        "var": 2.52454738074e-05
    },
    "spectral_energyband_low": {
        "dmean": 0.00575366057456,
        "dmean2": 0.00858086720109,
        "dvar": 0.000143614626722,
        "dvar2": 0.000255762337474,
        "max": 0.115953870118,
        "mean": 0.0266878586262,
        "median": 0.00870170537382,
        "min": 2.20374872973e-23,
        "var": 0.000805363524705
    },
    "spectral_energyband_middle_high": {
        "dmean": 0.00379517418332,
        "dmean2": 0.00574034359306,
        "dvar": 2.47185253102e-05,
        "dvar2": 5.25168761669e-05,
        "max": 0.0744686871767,
        "mean": 0.0109405731782,
        "median": 0.00936223752797,
        "min": 1.2183356642e-21,
        "var": 8.91529707587e-05
    },
    "spectral_energyband_middle_low": {
        "dmean": 0.00259750708938,
        "dmean2": 0.00401278538629,
        "dvar": 1.59794617502e-05,
        "dvar2": 3.96985524276e-05,
        "max": 0.0464780181646,
        "mean": 0.00566906947643,
        "median": 0.00417492259294,
        "min": 1.78102615941e-22,
        "var": 3.17592166539e-05
    },
    "spectral_entropy": {
        "dmean": 0.173261776567,
        "dmean2": 0.262753427029,
        "dvar": 0.049746055156,
        "dvar2": 0.112911134958,
        "max": 9.81841850281,
        "mean": 7.85566091537,
        "median": 7.95604991913,
        "min": 4.47350645065,
        "var": 0.264357924461
    },
    "spectral_flux": {
        "dmean": 0.0251386575401,
        "dmean2": 0.0412253551185,
        "dvar": 0.00117879512254,
        "dvar2": 0.00284559465945,
        "max": 0.319131195545,
        "mean": 0.0846231877804,
        "median": 0.0810751989484,
        "min": 6.32158908553e-11,
        "var": 0.00334338471293
    },
    "spectral_kurtosis": {
        "dmean": 0.931309759617,
        "dmean2": 1.51146245003,
        "dvar": 3.75725603104,
        "dvar2": 10.8709583282,
        "max": 79.2561645508,
        "mean": 3.05638504028,
        "median": 2.29668903351,
        "min": -1.24899232388,
        "var": 8.97568130493
    },
    "spectral_rms": {
        "dmean": 0.000535990518983,
        "dmean2": 0.000819673005026,
        "dvar": 6.96952895396e-07,
        "dvar2": 1.39236897212e-06,
        "max": 0.0116202933714,
        "mean": 0.00594101194292,
        "median": 0.00664746994153,
        "min": 3.10992225895e-12,
        "var": 1.0314807696e-05
    },
    "spectral_rolloff": {
        "dmean": 663.859680176,
        "dmean2": 1091.95275879,
        "dvar": 1654191.5,
        "dvar2": 2941404,
        "max": 19401.4160156,
        "mean": 2118.08129883,
        "median": 1571.92382812,
        "min": 21.533203125,
        "var": 4484036.5
    },
    "spectral_skewness": {
        "dmean": 0.156741708517,
        "dmean2": 0.240818187594,
        "dvar": 0.0404770672321,
        "dvar2": 0.0959699824452,
        "max": 6.78335428238,
        "mean": 1.41125893593,
        "median": 1.32639789581,
        "min": -0.0525581054389,
        "var": 0.201461419463
    },
    "spectral_spread": {
        "dmean": 536778.75,
        "dmean2": 808970.1875,
        "dvar": 628231110656,
        "dvar2": 1.28900949606e+12,
        "max": 41970312,
        "mean": 6112818.5,
        "median": 5982093.5,
        "min": 945288.1875,
        "var": 6.74044785459e+12
    },
    "spectral_strongpeak": {
        "dmean": 0.449931442738,
        "dmean2": 0.764780759811,
        "dvar": 0.879119217396,
        "dvar2": 2.17994904518,
        "max": 15.7430429459,
        "mean": 1.00729358196,
        "median": 0.542432308197,
        "min": 0,
        "var": 1.67282867432
    },
    "zerocrossingrate": {
        "dmean": 0.0141153717414,
        "dmean2": 0.0156097477302,
        "dvar": 0.000408596737543,
        "dvar2": 0.000435160502093,
        "max": 0.7421875,
        "mean": 0.0821694731712,
        "median": 0.07275390625,
        "min": 0.00244140625,
        "var": 0.00272348127328
    },
    "barkbands": {
        "dmean": [0.000953584443778, 0.00499481149018, 0.000570287927985, 0.000303400534904, 0.000245305389399, 0.000345442938851, 0.000396280869609, 0.000813965802081, 0.00108688580804, 0.000819094595499, 0.000936618016567, 0.00113181432243, 0.00115343357902, 0.000860211555846, 0.000550869910512, 0.000509368779603, 0.000583567190915, 0.000323359417962, 0.000208238707273, 0.000198957655812, 0.000284804933472, 0.000304531800793, 0.000276830338407, 0.000466657511424, 0.000276904349448, 7.41055919207e-05, 1.49079778566e-05],
        "dmean2": [0.00148900225759, 0.00739472871646, 0.00101523310877, 0.000527859432623, 0.000418235547841, 0.000537260493729, 0.000609899463598, 0.00122154213022, 0.00170003506355, 0.00130052806344, 0.0014245781349, 0.0018089110963, 0.00184760626871, 0.0013681082055, 0.000876745616551, 0.000819447217509, 0.000914931588341, 0.000508679833729, 0.000324186956277, 0.000306489033392, 0.000442815799033, 0.000435245252447, 0.000379624922061, 0.000571924902033, 0.000352285744157, 0.000107776424557, 2.35760562646e-05],
        "dvar": [4.63168953502e-06, 0.000110072884127, 1.14800513984e-05, 2.78489164884e-06, 1.14466774903e-06, 5.30071531557e-07, 9.46090437992e-07, 3.78414051738e-06, 5.32061767444e-06, 3.83257247449e-06, 3.68258929484e-06, 5.29368981006e-06, 4.80739936393e-06, 2.57296528616e-06, 9.75314605967e-07, 1.04118021227e-06, 1.22374569855e-06, 4.59102210471e-07, 1.22337283415e-07, 1.41624951766e-07, 2.6004570941e-07, 2.47400265607e-07, 2.15403190396e-07, 1.15746672691e-06, 3.71962840973e-07, 1.52577204204e-08, 5.62565882767e-10],
        "dvar2": [8.68605457072e-06, 0.000190879203728, 3.25238579535e-05, 8.21252342575e-06, 3.35397703566e-06, 1.30259763864e-06, 2.05142328014e-06, 7.89793830336e-06, 1.23890595205e-05, 9.22894287214e-06, 7.87362296251e-06, 1.20418453662e-05, 1.14434833449e-05, 6.04945216764e-06, 2.32574689107e-06, 2.4885014227e-06, 2.75536081062e-06, 9.40073221045e-07, 2.68180997409e-07, 2.70794203061e-07, 4.93333459417e-07, 4.77647574826e-07, 3.61348867273e-07, 1.85792066532e-06, 6.18858905455e-07, 3.13270938079e-08, 1.30945509991e-09],
        "max": [0.0257010273635, 0.10623049736, 0.0454828627408, 0.0229731854051, 0.0148183843121, 0.0127351284027, 0.0251078009605, 0.0444968268275, 0.0377691686153, 0.0406332947314, 0.0416759252548, 0.0505505464971, 0.0361441299319, 0.0330026447773, 0.0198400560766, 0.036288972944, 0.0156027125195, 0.016316274181, 0.00822067540139, 0.00528867356479, 0.00714269513264, 0.00717777945101, 0.0062557621859, 0.0126691050828, 0.00838770996779, 0.00327223073691, 0.000398480071453],
        "mean": [0.00367189547978, 0.022229431197, 0.000684182450641, 0.000431644875789, 0.000350654445356, 0.000647663488053, 0.00067329290323, 0.00131027714815, 0.00169769115746, 0.00124460784718, 0.00144232378807, 0.00178188702557, 0.00181750336196, 0.00129240902606, 0.000927381683141, 0.000809794873931, 0.000858688727021, 0.00053627579473, 0.000363314320566, 0.000356004136847, 0.000622061139438, 0.000705595070031, 0.000653763359878, 0.000866694666911, 0.000537082611118, 0.000208294266486, 2.97238711937e-05],
        "median": [0.00103542371653, 0.00690340390429, 8.51162476465e-05, 6.21943909209e-05, 6.58597637084e-05, 0.000217489548959, 0.000209566394915, 0.000297104590572, 0.000464123178972, 0.000320870196447, 0.000399621203542, 0.00066452549072, 0.000584098976105, 0.000504345051013, 0.000298304425087, 0.000316073652357, 0.000356502161594, 0.000205713760806, 0.000202965529752, 0.000203636853257, 0.000371338275727, 0.000400661141612, 0.000326434819726, 0.000377664458938, 0.00021506556368, 0.00010793270485, 1.64749362739e-05],
        "min": [1.06498539484e-25, 4.48653359134e-24, 3.91573908387e-24, 5.61564834878e-25, 7.91711532988e-24, 5.73767527006e-24, 1.44631904065e-23, 6.28806510135e-24, 2.48698056028e-23, 2.83275407226e-23, 2.28875480316e-23, 3.67676519e-23, 3.45989596756e-23, 3.11711129178e-23, 1.81037661291e-23, 3.58350289834e-23, 7.15468883805e-23, 1.13158663731e-22, 1.48323457557e-22, 2.04309092705e-22, 2.84069796468e-22, 3.75341331369e-22, 4.65953807692e-22, 6.64714797475e-22, 9.49471672859e-22, 1.40218029138e-21, 1.95454236329e-21],
        "var": [2.45599749178e-05, 0.000586314068642, 9.46753516473e-06, 1.8122622123e-06, 7.71077282025e-07, 1.18947809824e-06, 2.06497702493e-06, 7.84162875789e-06, 1.04837990875e-05, 7.60645298215e-06, 7.95603682491e-06, 1.08627900772e-05, 9.67839332588e-06, 4.74284070151e-06, 2.24329642151e-06, 1.91291132978e-06, 1.93739265342e-06, 9.90198941508e-07, 2.43408265987e-07, 2.80716847101e-07, 6.79516858781e-07, 8.03099396762e-07, 7.46600051116e-07, 2.62556204689e-06, 8.60322757035e-07, 6.08851919992e-08, 1.35136690727e-09]
    },
    "erbbands": {
        "dmean": [0.271974056959, 0.659770548344, 0.649857997894, 0.888044059277, 0.8817101717, 0.772103905678, 1.57550048828, 3.17176747322, 5.04966402054, 10.8957138062, 17.986207962, 28.170381546, 26.0920791626, 17.9460315704, 42.8610877991, 50.8836326599, 54.9958763123, 40.2469215393, 29.6669921875, 33.4411087036, 24.0094432831, 26.7932777405, 21.2819156647, 13.7619924545, 7.16307163239, 9.71980571747, 10.4230251312, 12.0080308914, 10.9811267853, 10.6087636948, 7.97882032394, 6.80877923965, 9.28167724609, 4.51071023941, 1.40948545933, 0.444576472044, 0.134054496884, 0.0236222036183, 0.00243737525307, 4.04578204325e-05],
        "dmean2": [0.394278079271, 1.01723897457, 1.11617922783, 1.53706729412, 1.52447593212, 1.32053029537, 2.49318623543, 5.00235509872, 7.72788143158, 16.5023078918, 27.2392444611, 43.7544021606, 41.1781349182, 28.4402885437, 64.5855560303, 80.5921020508, 87.6187973022, 63.5218963623, 47.345123291, 52.6791648865, 38.0277519226, 41.5363006592, 33.0314674377, 21.411113739, 11.4469347, 15.0523834229, 16.3410396576, 18.3242893219, 15.9769296646, 15.0274572372, 10.8813562393, 8.67498588562, 11.40928936, 5.76449251175, 1.962495327, 0.637067377567, 0.201225280762, 0.0360911786556, 0.00386446691118, 6.02359395998e-05],
        "dvar": [0.344936937094, 2.24594044685, 11.8754224777, 23.9986782074, 21.4765357971, 10.1570501328, 14.2528238297, 44.8561630249, 193.539428711, 764.66973877, 1907.16052246, 3827.52758789, 3943.20874023, 1389.61376953, 7703.53955078, 11235.4726562, 10755.1054688, 5704.32861328, 2821.57421875, 4447.75976562, 1755.85217285, 2998.40893555, 2036.83447266, 645.049987793, 154.798873901, 284.997650146, 442.302368164, 470.688812256, 320.943115234, 355.738342285, 187.911361694, 159.464370728, 520.024291992, 113.553222656, 7.0976600647, 0.480821192265, 0.0559706315398, 0.00129431381356, 1.52174061441e-05, 3.33150262932e-09],
        "dvar2": [0.538387000561, 4.73378801346, 32.1283760071, 69.3571243286, 63.2174873352, 29.5894012451, 36.3490791321, 112.181907654, 411.004516602, 1618.8828125, 4040.12524414, 8995.88574219, 9456.390625, 3338.26220703, 16524.7363281, 25612.7207031, 25535.8457031, 12961.5771484, 6958.06640625, 10544.3779297, 4190.38134766, 6335.11669922, 4210.82373047, 1378.88928223, 347.085723877, 577.841796875, 907.077636719, 854.64074707, 646.371582031, 627.827026367, 315.319580078, 253.917480469, 831.575866699, 187.636993408, 13.3291368484, 0.917327463627, 0.128269791603, 0.00283228675835, 3.56029740942e-05, 6.95456359168e-09],
        "max": [5.63522815704, 16.7298583984, 54.0930099487, 63.4011573792, 64.5987243652, 58.5660018921, 60.7345199585, 108.913421631, 449.963653564, 611.128051758, 1218.30395508, 1089.84753418, 1246.76220703, 752.442626953, 1420.56750488, 2483.76904297, 1840.56567383, 1749.29321289, 1110.59875488, 1516.55029297, 1117.4921875, 781.240539551, 1124.5612793, 655.319396973, 174.922561646, 235.828430176, 285.659606934, 296.823303223, 277.017578125, 289.183685303, 166.023178101, 162.932159424, 268.832763672, 126.116859436, 38.934551239, 10.1282167435, 7.8970708847, 0.625378549099, 0.050026461482, 0.000845976697747],
        "mean": [1.25906574726, 2.49639606476, 1.01541566849, 1.25987780094, 1.20911562443, 1.10957467556, 2.72518467903, 5.78409814835, 8.71270751953, 18.5007839203, 30.3269519806, 45.0531158447, 41.3715705872, 28.9481964111, 69.2214050293, 85.6049041748, 91.9606933594, 66.3150482178, 50.3877868652, 57.3224754333, 42.3162307739, 41.650806427, 35.4722709656, 23.5347995758, 13.7989864349, 17.8343334198, 20.6972980499, 26.224822998, 25.3148002625, 23.9198417664, 18.388469696, 15.1244087219, 15.4642658234, 7.74061107635, 3.03189325333, 1.14004528522, 0.350083738565, 0.0666845664382, 0.00463746767491, 0.000147401035065],
        "median": [0.276175439358, 1.00725185871, 0.292728960514, 0.243010178208, 0.227731063962, 0.244594395161, 0.638673841953, 1.94936990738, 2.96448111534, 4.96002149582, 10.0978851318, 13.2388887405, 13.7702302933, 10.7164697647, 24.8172874451, 38.2527084351, 37.0067443848, 30.2007102966, 25.3730926514, 25.4182128906, 23.6962871552, 20.703371048, 15.3388290405, 12.763171196, 8.18420124054, 10.7556314468, 12.0803985596, 15.7849388123, 14.6988649368, 12.7173089981, 9.22928714752, 7.52430963516, 5.5889582634, 2.96054625511, 1.36138212681, 0.550001323223, 0.181571170688, 0.0414888635278, 0.00263897888362, 0.000125084116007],
        "min": [9.65937901011e-23, 8.72148965812e-22, 4.54181852236e-21, 6.67246412417e-21, 2.17079383065e-20, 3.0725303967e-20, 3.18847203801e-20, 6.84016457282e-20, 1.17353031156e-19, 2.01093914164e-19, 3.21703077178e-19, 4.81631081538e-19, 6.46051839847e-19, 8.29981549505e-19, 1.26160625429e-18, 1.44347411288e-18, 1.7516138837e-18, 1.99301868726e-18, 2.46343816277e-18, 2.95567597451e-18, 3.13704690434e-18, 4.39897172657e-18, 5.60929743577e-18, 7.77270519625e-18, 9.13322457082e-18, 1.04746881856e-17, 1.01438101503e-17, 9.82964447214e-18, 1.18479593765e-17, 1.19650194952e-17, 1.08137031966e-17, 1.13236401919e-17, 1.06121250716e-17, 8.75091492659e-18, 7.14164166231e-18, 4.62755936653e-18, 2.29863793536e-18, 9.79511402426e-19, 2.33750125868e-19, 3.13863279052e-20],
        "var": [1.98959636688, 8.97442626953, 12.9904842377, 15.217040062, 13.174738884, 7.38277339935, 29.2555179596, 93.3431777954, 422.402374268, 1622.25427246, 3823.13183594, 7473.375, 7494.85351562, 2706.2590332, 16416.2070312, 22662.9804688, 21978.96875, 11378.9599609, 5283.76708984, 9388.60058594, 3435.390625, 4857.45263672, 4177.87988281, 1196.03613281, 321.017791748, 588.901733398, 909.358764648, 1242.51257324, 995.651611328, 1095.95471191, 616.420349121, 500.776062012, 1071.64697266, 232.391601562, 19.1119289398, 1.97510123253, 0.173299908638, 0.00518728513271, 3.38644931617e-05, 1.76268581953e-08]
    },
    "gfcc": {
        "mean": [3.82859015465, 23.502532959, -131.266494751, 11.4521780014, -59.5456466675, 32.9352989197, -28.3626441956, 17.607963562, -11.4386301041, 16.8030929565, -10.0012626648, 10.6043605804, -10.2749538422],
        "cov": [[21938.9355469, -1655.40344238, 728.813537598, 1322.15246582, 866.50213623, 1977.86950684, 805.02520752, 1149.12109375, 425.959625244, 512.56652832, -226.30770874, 362.769897461, -30.8249359131], [-1655.40344238, 1802.04541016, 663.354064941, 326.099639893, 173.528427124, -115.276031494, 43.8551216125, -127.044708252, -26.1379528046, -98.2665634155, 16.6451358795, -65.3965072632, 53.2789115906], [728.813537598, 663.354064941, 2089.3605957, 1133.9720459, 784.530151367, 604.291809082, 239.435745239, 261.359344482, 71.5777893066, 109.292541504, -87.7306289673, -8.74312591553, -75.5208435059], [1322.15246582, 326.099639893, 1133.9720459, 1049.81420898, 651.721923828, 561.822265625, 256.905303955, 263.068054199, 129.765655518, 42.6163711548, -48.1565475464, 5.47825145721, -9.32717609406], [866.50213623, 173.528427124, 784.530151367, 651.721923828, 655.483215332, 461.098266602, 281.199981689, 224.296401978, 144.831192017, 81.9339828491, -23.7427501678, 16.1853713989, -12.6187896729], [1977.86950684, -115.276031494, 604.291809082, 561.822265625, 461.098266602, 699.784301758, 321.478942871, 294.196502686, 152.229415894, 103.359207153, 4.8436164856, 47.4833984375, 19.2210941315], [805.02520752, 43.8551216125, 239.435745239, 256.905303955, 281.199981689, 321.478942871, 346.065673828, 226.329849243, 153.399703979, 81.4630737305, 44.6468658447, 33.6627426147, 4.47622489929], [1149.12109375, -127.044708252, 261.359344482, 263.068054199, 224.296401978, 294.196502686, 226.329849243, 290.080505371, 160.603103638, 109.093200684, 18.3634815216, 42.5358657837, -8.29887962341], [425.959625244, -26.1379528046, 71.5777893066, 129.765655518, 144.831192017, 152.229415894, 153.399703979, 160.603103638, 214.908050537, 114.094139099, 41.4765434265, 21.9990234375, -0.414168149233], [512.56652832, -98.2665634155, 109.292541504, 42.6163711548, 81.9339828491, 103.359207153, 81.4630737305, 109.093200684, 114.094139099, 193.745864868, 64.7502822876, 27.3072128296, -33.7422142029], [-226.30770874, 16.6451358795, -87.7306289673, -48.1565475464, -23.7427501678, 4.8436164856, 44.6468658447, 18.3634815216, 41.4765434265, 64.7502822876, 134.067947388, 58.1173171997, 21.552614212], [362.769897461, -65.3965072632, -8.74312591553, 5.47825145721, 16.1853713989, 47.4833984375, 33.6627426147, 42.5358657837, 21.9990234375, 27.3072128296, 58.1173171997, 125.765052795, 63.09400177], [-30.8249359131, 53.2789115906, -75.5208435059, -9.32717609406, -12.6187896729, 19.2210941315, 4.47622489929, -8.29887962341, -0.414168149233, -33.7422142029, 21.552614212, 63.09400177, 138.468017578]],
        "icov": [[8.77388374647e-05, -1.31389806484e-05, 0.000117523581139, -0.000125655817101, 0.00012111961405, -0.000247687596129, 7.93910203356e-06, -0.000145186000736, 0.000160874871654, -0.000287675124127, 0.000455507426523, -0.000370204390492, 0.000144849094795], [-1.31389806484e-05, 0.00100155116525, -0.000551409262698, -0.000205953983823, 8.3959857875e-05, 0.000778408255428, -0.000859851599671, 0.000934777548537, -0.000466188794235, 0.00054717133753, -0.000812997692265, 0.000918246863876, -0.000879410828929], [0.000117523581139, -0.000551409262698, 0.00186664110515, -0.00136076216586, -0.000457619986264, -0.000656968564726, 0.00056718691485, -0.000648497836664, 0.0014916411601, -0.00172492593993, 0.001563880709, -0.00119393807836, 0.00104176660534], [-0.000125655817101, -0.000205953983823, -0.00136076216586, 0.00450238212943, -0.0023483785335, -0.000898411963135, 0.00148716475815, -0.00131683587097, -0.00106037245132, 0.00250826962292, -0.00148123351391, 0.00111614295747, -0.000273883953923], [0.00012111961405, 8.3959857875e-05, -0.000457619986264, -0.0023483785335, 0.0060177128762, -0.0010007933015, -0.00270862365142, 0.00158459658269, -0.000898491125554, -0.00123161380179, 0.00217495160177, -0.00120641663671, 0.000365111511201], [-0.000247687596129, 0.000778408255428, -0.000656968564726, -0.000898411963135, -0.0010007933015, 0.00539811141789, -0.00237162224948, -0.000555002014153, 0.000316158984788, 0.000138427712955, -0.00128653633874, 0.00156227010302, -0.00204753712751], [7.93910203356e-06, -0.000859851599671, 0.00056718691485, 0.00148716475815, -0.00270862365142, -0.00237162224948, 0.00974099338055, -0.0053011435084, -0.00122724391986, 0.00191750074737, -0.00284005561844, 0.00064090784872, 0.000805507064797], [-0.000145186000736, 0.000934777548537, -0.000648497836664, -0.00131683587097, 0.00158459658269, -0.000555002014153, -0.0053011435084, 0.0129724293947, -0.00452638836578, -0.00152743700892, 0.00200569699518, -0.00216181040742, 0.000623016792815], [0.000160874871654, -0.000466188794235, 0.0014916411601, -0.00106037245132, -0.000898491125554, 0.000316158984788, -0.00122724391986, -0.00452638836578, 0.0117351226509, -0.00540456082672, 0.00064892746741, 0.000664719438646, -0.00108585401904], [-0.000287675124127, 0.00054717133753, -0.00172492593993, 0.00250826962292, -0.00123161380179, 0.000138427712955, 0.00191750074737, -0.00152743700892, -0.00540456082672, 0.0128288110718, -0.00682731717825, 0.00114618602674, 0.0023190099746], [0.000455507426523, -0.000812997692265, 0.001563880709, -0.00148123351391, 0.00217495160177, -0.00128653633874, -0.00284005561844, 0.00200569699518, 0.00064892746741, -0.00682731717825, 0.016317429021, -0.00806389376521, 0.00122900726274], [-0.000370204390492, 0.000918246863876, -0.00119393807836, 0.00111614295747, -0.00120641663671, 0.00156227010302, 0.00064090784872, -0.00216181040742, 0.000664719438646, 0.00114618602674, -0.00806389376521, 0.0166286788881, -0.00752935418859], [0.000144849094795, -0.000879410828929, 0.00104176660534, -0.000273883953923, 0.000365111511201, -0.00204753712751, 0.000805507064797, 0.000623016792815, -0.00108585401904, 0.0023190099746, 0.00122900726274, -0.00752935418859, 0.0122724007815]]
    },
    "melbands": {
        "dmean": [0.00181449041702, 0.000457214860944, 0.000152313950821, 5.69229487155e-05, 4.94558662467e-05, 7.25391946617e-05, 7.55154251237e-05, 0.000132120592752, 0.000157388363732, 0.000169359947904, 0.00013186907745, 7.40354298614e-05, 0.000132970701088, 0.000134910325869, 0.000131714405143, 0.000104337035737, 8.33786907606e-05, 5.39100292372e-05, 3.68248256564e-05, 5.20492285432e-05, 2.72922643489e-05, 2.98574123008e-05, 2.71824865195e-05, 1.63802615134e-05, 1.17256258818e-05, 6.38465189695e-06, 5.0946000556e-06, 7.39371807867e-06, 6.24554058959e-06, 8.20251807454e-06, 7.76223623689e-06, 6.90090109856e-06, 6.24084941592e-06, 6.20000128038e-06, 5.07855065734e-06, 4.44192801297e-06, 4.4476551011e-06, 7.03725390849e-06, 6.23291452939e-06, 3.17560056828e-06],
        "dmean2": [0.00267155934125, 0.000726531259716, 0.000261172332102, 9.8362841527e-05, 7.90258782217e-05, 0.00011311689741, 0.000115838949569, 0.000199080372113, 0.000239453831455, 0.000264061091002, 0.000208662007935, 0.000118741350889, 0.000201525181183, 0.00021334757912, 0.000209369900404, 0.000166550875292, 0.000132264642161, 8.64351677592e-05, 5.83592845942e-05, 8.30583376228e-05, 4.36351765529e-05, 4.67286008643e-05, 4.27659615525e-05, 2.53749549302e-05, 1.83369975275e-05, 1.03729353214e-05, 8.04532828624e-06, 1.16032088044e-05, 9.93309004116e-06, 1.28838910314e-05, 1.1963603356e-05, 1.05699627966e-05, 9.2496866273e-06, 8.94988988875e-06, 7.18532146493e-06, 6.51742993796e-06, 5.86311307416e-06, 8.99903443496e-06, 7.93548315414e-06, 4.25768212153e-06],
        "dvar": [1.47483506225e-05, 2.23620236284e-06, 6.91093191563e-07, 7.83585747399e-08, 1.44869165553e-08, 2.34395542975e-08, 4.0125481604e-08, 1.07412674311e-07, 1.20504083156e-07, 1.41592309433e-07, 1.02989417883e-07, 2.84520105254e-08, 7.33793257268e-08, 6.6592789949e-08, 5.65890729831e-08, 4.53748150164e-08, 2.79897083288e-08, 1.02989128337e-08, 4.20956469682e-09, 1.05791766458e-08, 2.61552779435e-09, 3.66702335164e-09, 3.22970006295e-09, 1.06792741317e-09, 5.02827168791e-10, 1.0301097475e-10, 1.23509757977e-10, 1.66400518364e-10, 1.65528854512e-10, 2.15720219465e-10, 1.89709498111e-10, 1.49231307867e-10, 9.83897407991e-11, 1.21925164409e-10, 7.10052433517e-11, 6.52198364759e-11, 6.8030803213e-11, 3.12584402806e-10, 2.35897718026e-10, 5.01704719436e-11],
        "dvar2": [2.43240083364e-05, 5.48936213818e-06, 1.98591624212e-06, 2.30777303045e-07, 3.79885918278e-08, 5.71013636375e-08, 8.66905693897e-08, 2.25527614361e-07, 2.58559850863e-07, 3.34405825697e-07, 2.47161096922e-07, 6.89698538281e-08, 1.57825667202e-07, 1.5075374904e-07, 1.33467835894e-07, 1.06066579519e-07, 6.38830428557e-08, 2.56740069204e-08, 1.01112291873e-08, 2.53388918736e-08, 6.24298390761e-09, 8.05124322767e-09, 6.93560631149e-09, 2.33725994114e-09, 1.10997611102e-09, 2.4559523859e-10, 2.83619322472e-10, 3.69854563642e-10, 3.34412664227e-10, 4.68986904867e-10, 3.70779185133e-10, 3.38367389663e-10, 1.94285920685e-10, 2.20544887908e-10, 1.30677871302e-10, 1.29804639259e-10, 1.09410411286e-10, 5.22542009662e-10, 4.19373674676e-10, 8.1386869466e-11],
        "max": [0.0371631160378, 0.0211253575981, 0.0108621772379, 0.0038434593007, 0.00178375386167, 0.00271381111816, 0.00581850390881, 0.00701077468693, 0.00929399300367, 0.00673359213397, 0.00620427867398, 0.00348241464235, 0.00637307297438, 0.00588095048442, 0.00699935248122, 0.00440428080037, 0.00401457305998, 0.00258730910718, 0.00131585961208, 0.00348691898398, 0.00141346233431, 0.000845309579745, 0.00102703925222, 0.000597197504248, 0.000622135354206, 0.000279135623714, 0.000172587402631, 0.000210020880331, 0.000170567640453, 0.000209534395253, 0.000185386277735, 0.000229224271607, 0.000158379916684, 0.000164693949046, 9.51024048845e-05, 9.8977725429e-05, 0.000107044055767, 0.000206807249924, 0.000174765067641, 8.31482902868e-05],
        "mean": [0.0082501238212, 0.00130937015638, 0.000217978755245, 7.95346786617e-05, 8.56672995724e-05, 0.000134308211273, 0.000130250584334, 0.00022004681523, 0.000263588939561, 0.000265622104052, 0.000202412178623, 0.000111332527013, 0.000205164004001, 0.000213612613152, 0.000225643147132, 0.000162138414453, 0.000125558639411, 8.50265132613e-05, 6.22972802375e-05, 8.15292951302e-05, 4.41121155745e-05, 4.41932461399e-05, 4.00850149163e-05, 2.57934534602e-05, 1.84859381989e-05, 1.1272149095e-05, 8.7242697191e-06, 1.25585902424e-05, 1.16140490718e-05, 1.49079833136e-05, 1.54998142534e-05, 1.43875740832e-05, 1.35373884405e-05, 1.28833107738e-05, 1.08183285192e-05, 9.09187110665e-06, 9.33973115025e-06, 1.13164642244e-05, 9.50957837631e-06, 5.53233758183e-06],
        "median": [0.00223398511298, 0.000554498867132, 5.3901472711e-05, 1.46932816278e-05, 2.05619599001e-05, 4.52410895377e-05, 4.40655676357e-05, 5.49184187548e-05, 8.13509905129e-05, 7.14648194844e-05, 5.69016119698e-05, 3.05676512653e-05, 6.08746631769e-05, 8.17516702227e-05, 0.000104294158518, 4.57447495137e-05, 4.58759859612e-05, 3.62606951967e-05, 2.19167668547e-05, 2.84391007881e-05, 1.97930730792e-05, 1.88329213415e-05, 1.32803734232e-05, 1.00419820228e-05, 8.62771867105e-06, 6.16575653112e-06, 4.54018118035e-06, 7.08930565452e-06, 6.24025869911e-06, 8.08193726698e-06, 8.99508995644e-06, 7.9225637819e-06, 7.1204822234e-06, 6.55677058603e-06, 5.31434579898e-06, 4.37457174485e-06, 4.37856851931e-06, 4.02583282266e-06, 3.11012536258e-06, 2.10293524106e-06],
        "min": [9.46259757842e-25, 2.81581651865e-24, 1.23486225204e-24, 2.21221723044e-24, 2.06923500808e-24, 1.19122907348e-24, 2.54228452179e-24, 2.88155269231e-24, 3.16508212064e-24, 3.14961196664e-24, 3.26895163324e-24, 2.90023607399e-24, 4.16225022814e-24, 3.84567837472e-24, 4.50404472571e-24, 3.15704678346e-24, 2.92136058574e-24, 3.60805729842e-24, 1.56938088827e-24, 3.41244937621e-24, 3.3340271359e-24, 4.00908893909e-24, 4.07911848822e-24, 4.72686006611e-24, 5.81579734879e-24, 4.67810215128e-24, 5.18888722083e-24, 6.50479516873e-24, 5.68782399401e-24, 5.84432058697e-24, 5.00374432739e-24, 6.39252882343e-24, 5.29063923355e-24, 5.96479108568e-24, 3.98751241004e-24, 5.87172916469e-24, 5.87267698107e-24, 6.33253279615e-24, 6.07625870931e-24, 6.82047560932e-24],
        "var": [8.17863910925e-05, 4.35138417743e-06, 4.45724737119e-07, 4.99743499915e-08, 2.62883439461e-08, 5.08131421384e-08, 8.47223020628e-08, 2.27927486662e-07, 2.49516801887e-07, 2.74873627859e-07, 1.97315358719e-07, 5.48469749617e-08, 1.55152150683e-07, 1.30016459821e-07, 1.37198867378e-07, 9.4546791729e-08, 5.34646069639e-08, 1.82745747423e-08, 9.55377732481e-09, 2.02860608312e-08, 4.68441729851e-09, 5.95245186474e-09, 5.49110312775e-09, 2.08956318914e-09, 8.75200023565e-10, 2.08470810059e-10, 2.0678234125e-10, 3.09553022104e-10, 3.33626959392e-10, 4.54112636383e-10, 4.51229276166e-10, 3.53350626536e-10, 3.15682119334e-10, 3.40334538329e-10, 2.16828111022e-10, 1.63093399896e-10, 2.08183525974e-10, 5.99405636237e-10, 4.35496777529e-10, 1.07226928725e-10]
    },
    "mfcc": {
        "mean": [-635.488647461, 66.4347915649, -12.0927686691, -9.5135269165, -3.29574799538, 11.4725065231, 0.778652489185, 7.27884054184, 7.25993776321, 5.02073287964, 9.88102626801, 13.1465682983, 6.28567266464],
        "cov": [[15152.6484375, -1149.31335449, 410.603759766, 307.062774658, 774.225952148, 1034.36364746, 732.721923828, 952.945739746, 855.183044434, 690.688232422, 480.804046631, 256.674102783, 72.6854019165], [-1149.31335449, 1367.59326172, 300.390777588, 251.431365967, -0.198549330235, -1.20006477833, -15.4076404572, -74.9457855225, -75.9387283325, -64.1613311768, -88.5857009888, -42.3025054932, -32.1778678894], [410.603759766, 300.390777588, 1318.91687012, 687.59777832, 655.591430664, 456.056182861, 325.684082031, 250.201187134, 194.274017334, 169.916809082, 103.770393372, 25.0187625885, -37.7893333435], [307.062774658, 251.431365967, 687.59777832, 704.650390625, 510.486053467, 320.106018066, 230.382354736, 220.218948364, 174.010910034, 137.367935181, 88.7225570679, 26.6730747223, -22.1135616302], [774.225952148, -0.198549330235, 655.591430664, 510.486053467, 626.906799316, 423.544036865, 280.914428711, 259.225036621, 220.276504517, 157.926727295, 101.165779114, 30.3696746826, -7.42908287048], [1034.36364746, -1.20006477833, 456.056182861, 320.106018066, 423.544036865, 459.307769775, 296.061676025, 262.18572998, 218.890579224, 161.871688843, 108.369270325, 63.0718994141, 26.5896759033], [732.721923828, -15.4076404572, 325.684082031, 230.382354736, 280.914428711, 296.061676025, 321.771087646, 237.914077759, 163.346191406, 128.190765381, 90.8894882202, 59.2997817993, 16.3845787048], [952.945739746, -74.9457855225, 250.201187134, 220.218948364, 259.225036621, 262.18572998, 237.914077759, 345.75970459, 217.963485718, 125.259902954, 97.6969985962, 61.5792694092, 25.3885135651], [855.183044434, -75.9387283325, 194.274017334, 174.010910034, 220.276504517, 218.890579224, 163.346191406, 217.963485718, 268.343261719, 152.420318604, 90.9623184204, 66.913734436, 30.5748977661], [690.688232422, -64.1613311768, 169.916809082, 137.367935181, 157.926727295, 161.871688843, 128.190765381, 125.259902954, 152.420318604, 245.846008301, 144.436752319, 82.2509231567, 32.365447998], [480.804046631, -88.5857009888, 103.770393372, 88.7225570679, 101.165779114, 108.369270325, 90.8894882202, 97.6969985962, 90.9623184204, 144.436752319, 201.353164673, 111.037872314, 36.5653572083], [256.674102783, -42.3025054932, 25.0187625885, 26.6730747223, 30.3696746826, 63.0718994141, 59.2997817993, 61.5792694092, 66.913734436, 82.2509231567, 111.037872314, 182.614089966, 83.8969726562], [72.6854019165, -32.1778678894, -37.7893333435, -22.1135616302, -7.42908287048, 26.5896759033, 16.3845787048, 25.3885135651, 30.5748977661, 32.365447998, 36.5653572083, 83.8969726562, 160.478469849]],
