{
"lowlevel": {
    "average_loudness": 0.77837729454,
    "barkbands_crest": {
        "dmean": 3.04917049408,
        "dmean2": 4.69360733032,
        "dvar": 10.5958242416,
        "dvar2": 22.9264564514,
        "max": 26.749753952,
        "mean": 12.1271209717,
        "median": 11.6636886597,
        "min": 1.83222293854,
        "var": 32.4326477051
    },
    "barkbands_flatness_db": {
        "dmean": 0.0330931991339,
        "dmean2": 0.045843783766,
        "dvar": 0.0019140439108,
        "dvar2": 0.00325782550499,
        "max": 0.693369209766,
        "mean": 0.172936603427,
        "median": 0.133346825838,
        "min": 0.0104102129117,
        "var": 0.0152052175254
    },
    "barkbands_kurtosis": {
        "dmean": 14.8716211319,
        "dmean2": 21.6039791107,
        "dvar": 7106.75732422,
        "dvar2": 16254.2675781,
        "max": 3615.71484375,
        "mean": 14.7229366302,
        "median": 0.800924777985,
        "min": -1.87957930565,
        "var": 8155.95556641
    },
    "barkbands_skewness": {
        "dmean": 1.00283133984,
        "dmean2": 1.30938565731,
        "dvar": 4.06393957138,
        "dvar2": 7.56692552567,
        "max": 50.6715393066,
        "mean": 1.80232751369,
        "median": 1.08223176003,
        "min": -2.94241952896,
        "var": 9.46808338165
    },
    "barkbands_spread": {
        "dmean": 6.74839782715,
        "dmean2": 10.4793653488,
        "dvar": 87.9471206665,
        "dvar2": 214.212081909,
        "max": 99.571144104,
        "mean": 24.5687408447,
        "median": 21.035484314,
        "min": 0.0513427108526,
        "var": 334.801300049
    },
    "dissonance": {
        "dmean": 0.021559773013,
        "dmean2": 0.0374314449728,
        "dvar": 0.000857239298057,
        "dvar2": 0.00249165087007,
        "max": 0.500000178814,
        "mean": 0.464504569769,
        "median": 0.478239417076,
        "min": 0.113734975457,
        "var": 0.00167216872796
    },
    "dynamic_complexity": 5.13390350342,
    "erbbands_crest": {
        "dmean": 3.20866274834,
        "dmean2": 5.05303001404,
        "dvar": 9.86813354492,
        "dvar2": 22.5646343231,
        "max": 33.4416465759,
        "mean": 10.2538957596,
        "median": 8.37958717346,
        "min": 2.0903813839,
        "var": 38.7340507507
    },
    "erbbands_flatness_db": {
        "dmean": 0.0219482034445,
        "dmean2": 0.0322903394699,
        "dvar": 0.000596607918851,
        "dvar2": 0.00119529454969,
        "max": 0.605947494507,
        "mean": 0.186848446727,
        "median": 0.164362743497,
        "min": 0.0445423051715,
        "var": 0.0106216808781
    },
    "erbbands_kurtosis": {
        "dmean": 1.54043078423,
        "dmean2": 2.44248723984,
        "dvar": 52.0775413513,
        "dvar2": 142.892425537,
        "max": 293.084503174,
        "mean": 1.8233127594,
        "median": -0.0267117023468,
        "min": -1.9059060812,
        "var": 63.1554832458
    },
    "erbbands_skewness": {
        "dmean": 0.430593460798,
        "dmean2": 0.651505947113,
        "dvar": 0.259565919638,
        "dvar2": 0.574676275253,
        "max": 13.787194252,
        "mean": 0.31220048666,
        "median": 0.129123240709,
        "min": -3.89596915245,
        "var": 1.19156038761
    },
    "erbbands_spread": {
        "dmean": 9.90317821503,
        "dmean2": 15.2385482788,
        "dvar": 271.333526611,
        "dvar2": 597.911804199,
        "max": 172.116394043,
        "mean": 38.4049758911,
        "median": 34.3595466614,
        "min": 1.04218018055,
        "var": 873.936279297
    },
    "hfc": {
        "dmean": 12.1634378433,
        "dmean2": 18.4135055542,
        "dvar": 410.941497803,
        "dvar2": 1035.30517578,
        "max": 179.200866699,
        "mean": 35.1477584839,
        "median": 22.2337760925,
        "min": 1.18566321998e-16,
        "var": 1155.13085938
    },
    "melbands_crest": {
        "dmean": 3.98448848724,
        "dmean2": 6.26037979126,
        "dvar": 18.5894145966,
        "dvar2": 42.8856086731,
        "max": 38.6375198364,
        "mean": 17.6650409698,
        "median": 16.8347606659,
        "min": 1.8132506609,
        "var": 61.5041389465
    },
    "melbands_flatness_db": {
        "dmean": 0.0388553477824,
        "dmean2": 0.0539583899081,
        "dvar": 0.0027983947657,
        "dvar2": 0.00486177532002,
        "max": 0.83992177248,
        "mean": 0.234743729234,
        "median": 0.183973222971,
        "min": 0.00441804993898,
        "var": 0.0228055492043
    },
    "melbands_kurtosis": {
        "dmean": 38.7719230652,
        "dmean2": 51.0485954285,
        "dvar": 15381.3662109,
        "dvar2": 24309.5332031,
        "max": 1102.91796875,
        "mean": 48.6561164856,
        "median": 5.40268611908,
        "min": -1.8006362915,
        "var": 27375.4394531
    },
    "melbands_skewness": {
        "dmean": 1.41190969944,
        "dmean2": 1.78968119621,
        "dvar": 6.46190166473,
        "dvar2": 9.43785095215,
        "max": 26.869846344,
        "mean": 3.30646324158,
        "median": 1.94732713699,
        "min": -2.59562301636,
        "var": 21.785364151
    },
    "melbands_spread": {
        "dmean": 8.64660263062,
        "dmean2": 13.4788064957,
        "dvar": 169.795852661,
        "dvar2": 379.077606201,
        "max": 174.439819336,
        "mean": 25.6235351562,
        "median": 21.7544822693,
        "min": 0.165966808796,
        "var": 441.987609863
    },
    "pitch_salience": {
        "dmean": 0.0877498537302,
        "dmean2": 0.133081570268,
        "dvar": 0.0107757933438,
        "dvar2": 0.0220603235066,
        "max": 0.971286714077,
        "mean": 0.500352025032,
        "median": 0.519677579403,
        "min": 0.016406390816,
        "var": 0.0304193068296
    },
    "silence_rate_20dB": {
        "dmean": 0,
        "dmean2": 0,
        "dvar": 0,
        "dvar2": 0,
        "max": 1,
        "mean": 1,
        "median": 1,
        "min": 1,
        "var": 0
    },
    "silence_rate_30dB": {
        "dmean": 0.0433155670762,
        "dmean2": 0.0866409614682,
        "dvar": 0.0414349250495,
        "dvar2": 0.0836712494493,
        "max": 1,
        "mean": 0.904421746731,
        "median": 1,
        "min": 0,
        "var": 0.0864479914308
    },
    "silence_rate_60dB": {
        "dmean": 0.0201836936176,
        "dmean2": 0.0403719656169,
        "dvar": 0.019775537774,
        "dvar2": 0.0469077639282,
        "max": 1,
        "mean": 0.0936507955194,
        "median": 0,
        "min": 0,
        "var": 0.0848823785782
    },
    "spectral_centroid": {
        "dmean": 275.265441895,
        "dmean2": 410.701599121,
        "dvar": 145385.390625,
        "dvar2": 272434.90625,
        "max": 10816.3398438,
        "mean": 1605.26660156,
        "median": 1633.28100586,
        "min": 65.8722686768,
        "var": 839590.75
    },
    "spectral_complexity": {
        "dmean": 5.21533060074,
        "dmean2": 7.96756649017,
        "dvar": 48.8787727356,
        "dvar2": 98.8575592041,
        "max": 62,
        "mean": 23.7451248169,
        "median": 21,
        "min": 0,
        "var": 275.680847168
    },
    "spectral_decrease": {
        "dmean": 3.08540015759e-09,
        "dmean2": 4.18553858239e-09,
        "dvar": 3.22829468664e-17,
        "dvar2": 4.70013288475e-17,
        "max": 1.43676183301e-22,
        "mean": -1.04688506752e-08,
        "median": -5.29316146469e-09,
        "min": -5.82884389644e-08,
        "var": 1.50003777782e-16
    },
    "spectral_energy": {
        "dmean": 0.0119711570442,
        "dmean2": 0.0163054764271,
        "dvar": 0.000454883818747,
        "dvar2": 0.000682234938722,
        "max": 0.223369270563,
        "mean": 0.042699854821,
        "median": 0.0228317938745,
        "min": 1.08937206747e-20,
        "var": 0.00224261847325
    },
    "spectral_energyband_high": {
        "dmean": 0.00109351589344,
        "dmean2": 0.0016513596056,
        "dvar": 3.43294459526e-06,
        "dvar2": 8.21523553896e-06,
        "max": 0.0146294655278,
        "mean": 0.00253953738138,
        "median": 0.000924865016714,
        "min": 7.75563169081e-21,
        "var": 9.41186863201e-06
    },
    "spectral_energyband_low": {
        "dmean": 0.010125067085,
        "dmean2": 0.0136070558801,
        "dvar": 0.000593359873164,
        "dvar2": 0.000876759819221,
        "max": 0.221225887537,
        "mean": 0.0258392468095,
        "median": 0.00199788901955,
        "min": 3.34233518229e-23,
        "var": 0.0021338632796
    },
    "spectral_energyband_middle_high": {
        "dmean": 0.00277997576632,
        "dmean2": 0.0044303140603,
        "dvar": 1.90738337551e-05,
        "dvar2": 4.8344318202e-05,
        "max": 0.0650175958872,
        "mean": 0.0068548922427,
        "median": 0.00479005463421,
        "min": 1.50504755148e-21,
        "var": 4.90759048262e-05
    },
    "spectral_energyband_middle_low": {
        "dmean": 0.00451183132827,
        "dmean2": 0.0072006569244,
        "dvar": 7.71075647208e-05,
        "dvar2": 0.000184164295206,
        "max": 0.0701093450189,
        "mean": 0.00884657818824,
        "median": 0.00703584542498,
        "min": 3.59411844177e-22,
        "var": 8.5471154307e-05
    },
    "spectral_entropy": {
        "dmean": 0.168664440513,
        "dmean2": 0.247332006693,
        "dvar": 0.0539854504168,
        "dvar2": 0.10046363622,
        "max": 9.81913757324,
        "mean": 7.54435682297,
        "median": 7.84061670303,
        "min": 4.10422277451,
        "var": 0.732411146164
    },
    "spectral_flux": {
        "dmean": 0.0293961763382,
        "dmean2": 0.0439831390977,
        "dvar": 0.00169136573095,
        "dvar2": 0.00388385192491,
        "max": 0.426247835159,
        "mean": 0.0990336015821,
        "median": 0.0830329954624,
        "min": 6.87182116765e-11,
        "var": 0.00664610927925
    },
    "spectral_kurtosis": {
        "dmean": 8.6979675293,
        "dmean2": 14.9552268982,
        "dvar": 1418.51867676,
        "dvar2": 4255.48681641,
        "max": 850.285827637,
        "mean": 27.3303833008,
        "median": 2.94908213615,
        "min": -1.220656991,
        "var": 8757.40429688
    },
    "spectral_rms": {
        "dmean": 0.00085004378343,
        "dmean2": 0.00116505590267,
        "dvar": 1.57686793045e-06,
        "dvar2": 2.48803803515e-06,
        "max": 0.0147621557117,
        "mean": 0.00549923442304,
        "median": 0.00471963128075,
        "min": 3.26006452736e-12,
        "var": 1.1416869711e-05
    },
    "spectral_rolloff": {
        "dmean": 766.815734863,
        "dmean2": 1239.89025879,
        "dvar": 1838279.75,
        "dvar2": 4310234.5,
        "max": 18798.4863281,
        "mean": 1966.89050293,
        "median": 1335.05859375,
        "min": 21.533203125,
        "var": 4078134
    },
    "spectral_skewness": {
        "dmean": 0.363763362169,
        "dmean2": 0.612158596516,
        "dvar": 0.84583234787,
        "dvar2": 2.46076536179,
        "max": 23.697851181,
        "mean": 2.35841870308,
        "median": 1.29546284676,
        "min": -0.00813923589885,
        "var": 10.7496728897
    },
    "spectral_spread": {
        "dmean": 649477.4375,
        "dmean2": 914493.125,
        "dvar": 1.03099550925e+12,
        "dvar2": 1.72587443814e+12,
        "max": 41577576,
        "mean": 4820337.5,
        "median": 4828494,
        "min": 105226.554688,
        "var": 5.95994660045e+12
    },
    "spectral_strongpeak": {
        "dmean": 0.437540948391,
        "dmean2": 0.714939236641,
        "dvar": 0.435614138842,
        "dvar2": 1.10767495632,
        "max": 8.55847167969,
        "mean": 0.93843126297,
        "median": 0.598957180977,
        "min": 0,
        "var": 0.853428125381
    },
    "zerocrossingrate": {
        "dmean": 0.0137316714972,
        "dmean2": 0.0151382694021,
        "dvar": 0.000325390050421,
        "dvar2": 0.000325702450937,
        "max": 0.56884765625,
        "mean": 0.0701093226671,
        "median": 0.0595703125,
        "min": 0.00048828125,
        "var": 0.00257782568224
    },
    "barkbands": {
        "dmean": [0.00103032961488, 0.00845360849053, 0.00512935919687, 0.00204124138691, 0.00111897103488, 0.000884583161678, 0.000447847734904, 0.000743597222026, 0.000663177866954, 0.00100512127392, 0.000611629278865, 0.00041442658403, 0.000385394814657, 0.000517571170349, 0.000354290561518, 0.0003490614763, 0.000385175924748, 0.000296268583043, 0.000222920323722, 0.000276366889011, 0.000254488055361, 0.000224544972298, 0.000212745188037, 0.000217541790335, 0.000171196588781, 0.000119098338473, 5.59131513e-05],
        "dmean2": [0.00164021726232, 0.0108931381255, 0.00835805665702, 0.00364540657029, 0.00192061706912, 0.00138766656164, 0.000700131349731, 0.00122209673282, 0.00106825761031, 0.00163479498588, 0.000996374874376, 0.000692277972121, 0.000658218748868, 0.000857936800458, 0.000584719469771, 0.00060394697357, 0.000642913742922, 0.000491767073981, 0.00036718294723, 0.000439709576312, 0.00040300010005, 0.000344951578882, 0.000336095370585, 0.000334797572577, 0.000264345231699, 0.00018380797701, 8.88439608389e-05],
        "dvar": [2.62730118266e-05, 0.000438257935457, 0.00042508894694, 5.90837953496e-05, 9.78068510449e-06, 1.49729785335e-05, 6.05414925303e-07, 2.40243548433e-06, 1.90974446923e-06, 5.95600386077e-06, 1.97798635782e-06, 7.65670847613e-07, 7.04624540049e-07, 1.03740660506e-06, 5.29536748672e-07, 4.06946355724e-07, 4.42950693014e-07, 2.2685155443e-07, 1.23274716657e-07, 1.74169215938e-07, 1.49932702698e-07, 1.10541158449e-07, 1.42826010574e-07, 1.951941897e-07, 1.20999985143e-07, 5.48688703361e-08, 1.2804670213e-08],
        "dvar2": [5.41390945727e-05, 0.000532699399628, 0.00103410973679, 0.000168970960658, 2.71349927061e-05, 3.14338394674e-05, 1.36167943765e-06, 6.20053560851e-06, 4.38514916823e-06, 1.54812205437e-05, 4.98493000123e-06, 1.92276752387e-06, 1.85095404959e-06, 2.70615055342e-06, 1.38121993132e-06, 1.15005104817e-06, 1.15877526241e-06, 5.98993210588e-07, 3.27320776705e-07, 4.31589171512e-07, 3.83857582165e-07, 2.64915172465e-07, 3.69833514924e-07, 4.93548782288e-07, 2.95847456755e-07, 1.30058111836e-07, 3.04946787821e-08],
        "max": [0.166355490685, 0.202209100127, 0.178077757359, 0.0648846030235, 0.0293162316084, 0.0499857142568, 0.0131739908829, 0.0292976871133, 0.0371278934181, 0.0599678978324, 0.0272552780807, 0.0184772964567, 0.0218545701355, 0.0188999194652, 0.0123900454491, 0.0103782378137, 0.0112417628989, 0.00704780174419, 0.00522057851776, 0.00486341491342, 0.00602822285146, 0.00410085916519, 0.00457814661786, 0.00399589212611, 0.0030585268978, 0.00213292567059, 0.00110548106022],
        "mean": [0.00170720368624, 0.0185295939445, 0.00458697415888, 0.00235717510805, 0.00170313823037, 0.000961091020145, 0.000818541739136, 0.00124919379596, 0.00104843359441, 0.00152023765258, 0.000923739455175, 0.000627374276519, 0.00050399597967, 0.000773928477429, 0.000531222205609, 0.000497691216879, 0.000645099207759, 0.000523207650986, 0.000418050389271, 0.000523806782439, 0.0005303969956, 0.000477362860693, 0.000400220538722, 0.000368079257896, 0.000258860411122, 0.000157360351295, 5.78119288548e-05],
        "median": [8.72070813784e-06, 0.000337653822498, 0.00029625731986, 0.000519468798302, 0.000659341341816, 0.000224093600991, 0.00025486285449, 0.000303730193991, 0.000336238997988, 0.000369843764929, 0.000266354327323, 0.000209724574233, 0.000180706658284, 0.000276397477137, 0.000209166479181, 0.000236918349401, 0.000274211575743, 0.000227063224884, 0.00019124566461, 0.000196252105525, 0.000195035623619, 0.000163293007063, 9.66026782407e-05, 7.53594649723e-05, 5.28576238139e-05, 1.26597742565e-05, 9.37412153235e-07],
        "min": [1.90900710303e-24, 2.16287895064e-23, 3.46854882505e-24, 1.22758779093e-23, 3.58939095614e-23, 6.30744528387e-23, 5.9754560118e-23, 2.31187158313e-23, 5.32488053e-23, 8.67604748345e-23, 2.21143302381e-23, 4.84256150622e-23, 4.36332093323e-23, 1.02195857421e-22, 1.79993761656e-22, 2.19304492855e-22, 1.17779167204e-22, 2.02803668419e-22, 2.51579935309e-22, 2.27750454225e-22, 4.55166330451e-22, 5.54057681094e-22, 6.12574600493e-22, 9.1484964058e-22, 1.11985129005e-21, 1.47621537959e-21, 2.18256047487e-21],
        "var": [3.65019404853e-05, 0.00137236178853, 0.000355242780643, 3.86769133911e-05, 9.50370031205e-06, 1.63346376212e-05, 1.94999051928e-06, 6.58833050693e-06, 3.85187240681e-06, 9.47651369643e-06, 3.94620974475e-06, 1.51286099026e-06, 9.99988742478e-07, 1.77385231837e-06, 8.19746219349e-07, 5.1837423598e-07, 8.58398720993e-07, 4.78256708902e-07, 2.85112008669e-07, 4.42595222694e-07, 4.48246936458e-07, 3.46160106801e-07, 2.91005648023e-07, 3.07145256784e-07, 1.82060816201e-07, 8.47287253691e-08, 1.75690395565e-08]
    },
    "erbbands": {
        "dmean": [0.337437182665, 1.85308218002, 5.33175373077, 6.08120679855, 4.24423837662, 4.20139789581, 4.77789402008, 8.78444194794, 6.36986398697, 10.2770395279, 14.9508676529, 17.0629501343, 26.7027492523, 25.5007743835, 24.6513309479, 17.6615276337, 18.2459373474, 26.889213562, 17.620634079, 19.590959549, 17.1409873962, 19.2668781281, 15.9963693619, 14.1645936966, 10.043721199, 13.4164237976, 12.0012636185, 8.9463634491, 8.31654834747, 6.78926324844, 6.68192338943, 5.31674146652, 3.18233680725, 2.12526345253, 1.15224313736, 0.549106180668, 0.215242445469, 0.0808338373899, 0.00871903356165, 0.000126906030346],
        "dmean2": [0.428197324276, 2.10046386719, 7.98980855942, 10.1090011597, 7.19016456604, 7.29446935654, 8.12954044342, 14.0878562927, 9.76640796661, 16.9193744659, 24.2032871246, 27.2171974182, 43.2462425232, 41.9750976562, 39.5947303772, 29.2285060883, 31.149930954, 44.3621368408, 29.0967674255, 33.0280418396, 29.2669429779, 32.0673942566, 26.2723140717, 23.4918079376, 16.189365387, 21.3844470978, 19.1126422882, 14.186630249, 12.9683771133, 10.6251735687, 10.6639251709, 8.3676404953, 4.83164834976, 3.29709076881, 1.79029917717, 0.846125125885, 0.332041144371, 0.126758530736, 0.013909782283, 0.000199567235541],
        "dvar": [0.635020136833, 23.1189250946, 399.030639648, 505.608276367, 133.655609131, 150.353027344, 201.882980347, 1798.96887207, 135.430480957, 409.415985107, 1073.05822754, 1201.91088867, 5189.80761719, 4600.94873047, 2909.4453125, 1390.65563965, 1606.75341797, 2931.64599609, 1475.46240234, 1520.75915527, 889.564453125, 1107.80163574, 647.377685547, 511.932373047, 242.270019531, 422.795349121, 323.76965332, 198.286056519, 160.940383911, 110.192771912, 141.559432983, 139.137954712, 33.984172821, 19.3834209442, 5.00651359558, 1.17651712894, 0.186554253101, 0.0231433678418, 0.000341162609402, 6.18945605879e-08],
        "dvar2": [0.963839411736, 26.0458450317, 896.787902832, 1283.0267334, 359.520751953, 423.261413574, 477.875305176, 4065.10449219, 298.277191162, 1059.26452637, 2659.44677734, 2799.97583008, 13410.3320312, 12150.5732422, 7330.91064453, 3479.67333984, 4235.42480469, 7600.0234375, 3847.15356445, 4005.51586914, 2464.55126953, 2855.9050293, 1647.58740234, 1368.98986816, 625.801574707, 1042.52185059, 820.679443359, 507.989624023, 378.958312988, 288.309936523, 362.22644043, 365.855224609, 82.1393585205, 46.5959129333, 12.4351968765, 2.84672236443, 0.437017470598, 0.0560519397259, 0.000823435257189, 1.49486112377e-07],
        "max": [7.61882686615, 48.8797492981, 177.844207764, 202.690429688, 96.1913909912, 140.892822266, 126.09172821, 544.759460449, 217.988937378, 332.925323486, 686.938964844, 794.092529297, 1435.9453125, 1919.07373047, 1301.05932617, 884.866271973, 1040.3034668, 1003.37585449, 736.107727051, 662.57220459, 389.514190674, 579.414916992, 326.575775146, 294.574401855, 329.102813721, 251.903167725, 225.014465332, 225.178741455, 149.121063232, 111.719795227, 121.011222839, 108.063117981, 59.8599624634, 37.343585968, 22.9756813049, 14.3894081116, 3.8752849102, 1.40215826035, 0.271383404732, 0.00357314664871],
        "mean": [0.702767908573, 3.45320892334, 5.59888315201, 6.88445138931, 6.32038116455, 6.05998706818, 5.58491134644, 9.40945053101, 11.9833621979, 16.6557197571, 27.3390522003, 28.9296951294, 40.2302589417, 38.1034355164, 39.7582359314, 28.632478714, 25.4853210449, 40.3221282959, 28.1106548309, 30.56183815, 27.9811534882, 33.7208175659, 29.4306240082, 26.1610774994, 19.6503067017, 25.4569129944, 23.6149978638, 19.1322021484, 17.3213920593, 13.562543869, 11.8290586472, 8.60269737244, 5.44627094269, 3.266299963, 1.6563744545, 0.734536290169, 0.279423415661, 0.0927644520998, 0.00898503419012, 0.000185440250789],
        "median": [0.00517288595438, 0.104056552052, 0.449198305607, 1.41924905777, 2.07328701019, 2.28173398972, 1.94746780396, 2.17080974579, 3.36029577255, 7.01844167709, 8.03642463684, 9.85059738159, 9.87592124939, 13.0908050537, 14.3974018097, 10.6624679565, 10.4312801361, 14.5070409775, 13.8191518784, 13.4939785004, 13.9519805908, 15.3256673813, 13.4098377228, 12.1320667267, 8.46968650818, 9.61542510986, 8.89797973633, 6.14767360687, 5.7457318306, 4.17479324341, 2.64970684052, 1.58868741989, 1.16075205803, 0.715262532234, 0.256572067738, 0.0822171270847, 0.0204235129058, 0.00420483667403, 0.000198178880964, 4.03473677579e-05],
        "min": [6.27604609548e-22, 4.27184583435e-21, 6.26662298158e-21, 1.98074343036e-20, 1.12336271214e-19, 8.67353091366e-20, 2.25633674601e-19, 4.65456495238e-19, 4.95473949089e-19, 1.10405585136e-18, 8.89767889433e-19, 1.44436219466e-18, 2.78193930135e-18, 1.00040009104e-18, 1.20141438907e-18, 2.37758632777e-18, 2.31280298976e-18, 3.87615056604e-18, 6.65643860809e-18, 1.26437120889e-17, 9.67387230072e-18, 7.147090301e-18, 1.03709092788e-17, 1.08385384673e-17, 1.18806917405e-17, 1.34494455625e-17, 1.5993872979e-17, 2.14436829617e-17, 1.85208717001e-17, 1.8595303066e-17, 1.65454188135e-17, 1.78440146202e-17, 1.31194757715e-17, 1.00227109086e-17, 9.48530655393e-18, 4.3248981163e-18, 3.11273255062e-18, 1.42436624073e-18, 2.81046994975e-19, 2.7702307795e-20],
        "var": [1.68879652023, 70.2609481812, 423.066009521, 402.43170166, 129.111801147, 144.152175903, 191.242630005, 1753.74169922, 455.473358154, 762.082824707, 3653.78393555, 2617.81201172, 8382.59667969, 6543.27148438, 6211.41894531, 2921.59863281, 2317.04296875, 4875.33886719, 2248.24511719, 2552.40087891, 1377.83251953, 2190.37280273, 1470.23547363, 1130.13842773, 602.66217041, 1064.28112793, 900.372192383, 596.14855957, 465.196411133, 294.579528809, 269.517272949, 188.257385254, 62.9125289917, 28.5465450287, 7.69065237045, 1.81939435005, 0.278944730759, 0.0335343517363, 0.000447023048764, 9.45754479176e-08]
    },
    "gfcc": {
        "mean": [-43.5826377869, 72.282661438, -111.903633118, 17.4443397522, -56.8392753601, 17.216255188, -28.8599853516, 8.55721759796, -21.5298194885, 0.423268646002, -17.7553291321, -1.70416688919, -11.6659498215],
        "cov": [[37732.078125, -8380.60449219, -2754.68359375, 4108.53466797, 197.856964111, 1179.4588623, -9.66298770905, 1407.69091797, -189.765808105, 1176.05358887, -341.790466309, 1091.86645508, -339.328216553], [-8380.60449219, 6798.62744141, 961.947814941, -2002.63134766, 39.2802276611, -670.671630859, 245.787643433, -883.324157715, -236.545211792, -759.985717773, 56.9738922119, -764.191101074, -21.6211833954], [-2754.68359375, 961.947814941, 2461.60009766, 432.897094727, 434.683288574, 206.769226074, 135.384963989, -231.569854736, -58.5722618103, -140.707794189, 11.0109529495, -43.9353561401, -48.2417831421], [4108.53466797, -2002.63134766, 432.897094727, 2540.20874023, 625.538818359, 501.860412598, 31.0875835419, 474.796936035, 200.922729492, 279.849060059, 3.50250315666, 264.563140869, 45.4263076782], [197.856964111, 39.2802276611, 434.683288574, 625.538818359, 600.572570801, 258.234649658, 160.276306152, 88.4240188599, 138.719467163, 27.7751045227, 36.5351295471, 49.5225982666, 32.9643783569], [1179.4588623, -670.671630859, 206.769226074, 501.860412598, 258.234649658, 425.046691895, 149.404403687, 186.141311646, 100.970146179, 109.71244812, -7.1652173996, 89.8603744507, 5.68876695633], [-9.66298770905, 245.787643433, 135.384963989, 31.0875835419, 160.276306152, 149.404403687, 297.163970947, 70.001625061, 80.904800415, -4.8577837944, 14.3161659241, -11.1463823318, 17.8694438934], [1407.69091797, -883.324157715, -231.569854736, 474.796936035, 88.4240188599, 186.141311646, 70.001625061, 337.743835449, 137.703613281, 155.922454834, -11.0825033188, 109.869171143, 7.5240073204], [-189.765808105, -236.545211792, -58.5722618103, 200.922729492, 138.719467163, 100.970146179, 80.904800415, 137.703613281, 196.070388794, 110.02822876, 50.1859321594, 38.3703575134, 20.1516208649], [1176.05358887, -759.985717773, -140.707794189, 279.849060059, 27.7751045227, 109.71244812, -4.8577837944, 155.922454834, 110.02822876, 239.882324219, 77.2100601196, 125.786155701, 11.1468200684], [-341.790466309, 56.9738922119, 11.0109529495, 3.50250315666, 36.5351295471, -7.1652173996, 14.3161659241, -11.0825033188, 50.1859321594, 77.2100601196, 142.222671509, 72.3747558594, 46.3633041382], [1091.86645508, -764.191101074, -43.9353561401, 264.563140869, 49.5225982666, 89.8603744507, -11.1463823318, 109.869171143, 38.3703575134, 125.786155701, 72.3747558594, 220.080215454, 65.0045547485], [-339.328216553, -21.6211833954, -48.2417831421, 45.4263076782, 32.9643783569, 5.68876695633, 17.8694438934, 7.5240073204, 20.1516208649, 11.1468200684, 46.3633041382, 65.0045547485, 118.722686768]],
        "icov": [[7.15571513865e-05, -1.23306845126e-05, 0.000118661948363, -0.000107165265945, -3.5492805182e-05, -2.92397016892e-05, -0.000181728581083, 7.51669940655e-05, 0.000411755958339, -0.00035121300607, 0.000308803311782, -0.000351071037585, 0.000360057078069], [-1.23306845126e-05, 0.000600039202254, -0.000160612762556, 0.000248433556408, -0.000407087092753, 0.00048379949294, -0.000342929852195, 6.15585668129e-06, 0.000157913047587, 0.000856217287946, -0.00135785294697, 0.00176089268643, -0.000486286648083], [0.000118661948363, -0.000160612762556, 0.000844197871629, -0.000391115521779, -0.000203509291168, -0.000457653193735, -0.000430749263614, 0.000934210722335, 0.000686647894327, -0.000492306542583, 0.000672319729347, -0.00117652141489, 0.00119795475621], [-0.000107165265945, 0.000248433556408, -0.000391115521779, 0.00113098998554, -0.000921417900827, 5.1594874094e-05, 0.000767105957493, -0.00122215703595, -5.48273928871e-05, 0.000371713365894, -0.000714536523446, 0.00111822632607, -0.000996182323433], [-3.5492805182e-05, -0.000407087092753, -0.000203509291168, -0.000921417900827, 0.00415794085711, -0.00160752155352, -0.000414298992837, 0.00108274619561, -0.00287884590216, 0.00140007177833, -3.05157209368e-06, -0.00133856874891, 0.000101857054688], [-2.92397016892e-05, 0.00048379949294, -0.000457653193735, 5.1594874094e-05, -0.00160752155352, 0.00560258887708, -0.00208237883635, -0.00108471594285, 0.000617754412815, -0.00119863788132, 0.000820600835141, 0.000567450479139, -0.000264584668912], [-0.000181728581083, -0.000342929852195, -0.000430749263614, 0.000767105957493, -0.000414298992837, -0.00208237883635, 0.0063338750042, -0.00201379158534, -0.00217289081775, 0.00206227600574, -0.00150556629524, 0.00111280218698, -0.00150745897554], [7.51669940655e-05, 6.15585668129e-06, 0.000934210722335, -0.00122215703595, 0.00108274619561, -0.00108471594285, -0.00201379158534, 0.00961469113827, -0.00389415957034, -0.00231481832452, 0.00462331017479, -0.00333207915537, 0.00140557205305], [0.000411755958339, 0.000157913047587, 0.000686647894327, -5.48273928871e-05, -0.00287884590216, 0.000617754412815, -0.00217289081775, -0.00389415957034, 0.014501420781, -0.00577299296856, -0.00163746136241, 0.00212854822166, 0.000403795798775], [-0.00035121300607, 0.000856217287946, -0.000492306542583, 0.000371713365894, 0.00140007177833, -0.00119863788132, 0.00206227600574, -0.00231481832452, -0.00577299296856, 0.0148204891011, -0.00862667988986, 0.000718040624633, 0.000878949242178], [0.000308803311782, -0.00135785294697, 0.000672319729347, -0.000714536523446, -3.05157209368e-06, 0.000820600835141, -0.00150556629524, 0.00462331017479, -0.00163746136241, -0.00862667988986, 0.0186806917191, -0.00880901888013, -0.000306972040562], [-0.000351071037585, 0.00176089268643, -0.00117652141489, 0.00111822632607, -0.00133856874891, 0.000567450479139, 0.00111280218698, -0.00333207915537, 0.00212854822166, 0.000718040624633, -0.00880901888013, 0.0169283952564, -0.00745799159631], [0.000360057078069, -0.000486286648083, 0.00119795475621, -0.000996182323433, 0.000101857054688, -0.000264584668912, -0.00150745897554, 0.00140557205305, 0.000403795798775, 0.000878949242178, -0.000306972040562, -0.00745799159631, 0.0144059937447]]
    },
    "melbands": {
        "dmean": [0.00257703033276, 0.00230988976546, 0.000979000004008, 0.000267677503871, 0.0001814620191, 0.000183881129487, 9.45191422943e-05, 0.000126499508042, 0.000126049504615, 9.99057592708e-05, 0.00013524381211, 0.000106350780698, 8.58512357809e-05, 5.4022148106e-05, 4.48970531579e-05, 3.27001944243e-05, 5.71225245949e-05, 2.96543676086e-05, 2.42840196734e-05, 2.88255505438e-05, 2.07070406759e-05, 2.13405983231e-05, 1.87543228094e-05, 1.47545033542e-05, 1.24506750581e-05, 7.55537212171e-06, 8.85494591785e-06, 9.55175164563e-06, 8.29120745038e-06, 6.99191014064e-06, 5.35832577953e-06, 5.26627172803e-06, 4.67100608148e-06, 3.74803789782e-06, 4.18951685788e-06, 3.58012698598e-06, 3.33898265126e-06, 2.42999794864e-06, 1.80930726401e-06, 1.96879477699e-06],
        "dmean2": [0.00326451822184, 0.00289280153811, 0.00158841209486, 0.000449731713161, 0.000309856521199, 0.000291439442663, 0.000145720361616, 0.000209012185223, 0.000202673822059, 0.000161082818522, 0.000219538851525, 0.000175768131157, 0.000138969306136, 8.86324123712e-05, 7.65968216001e-05, 5.57630919502e-05, 9.44814673858e-05, 4.95327331009e-05, 4.02971272706e-05, 4.96019674756e-05, 3.50948430423e-05, 3.58296929335e-05, 3.08553280775e-05, 2.44201073656e-05, 2.07443972613e-05, 1.23580994114e-05, 1.43146271512e-05, 1.54290737555e-05, 1.3377315554e-05, 1.13711857921e-05, 8.57688610267e-06, 8.3362147052e-06, 7.27485985408e-06, 5.97013922743e-06, 6.77894240653e-06, 5.71989176024e-06, 5.27362317371e-06, 3.73408056475e-06, 2.7614676128e-06, 3.12612360176e-06],
        "dvar": [3.68931760022e-05, 5.21144174854e-05, 1.14819877126e-05, 4.91828075155e-07, 2.71377388117e-07, 7.35124331186e-07, 2.88753199129e-08, 6.44247180048e-08, 6.72078357411e-08, 3.96283361681e-08, 1.30533223341e-07, 8.93458818041e-08, 3.8999480978e-08, 1.21295089528e-08, 8.64451443761e-09, 4.48489734239e-09, 1.4233523693e-08, 4.10482092761e-09, 2.15973505746e-09, 3.12159365023e-09, 1.38666500504e-09, 1.37330546934e-09, 1.08113218378e-09, 5.87976001221e-10, 4.16479711829e-10, 1.54798285301e-10, 1.86424986559e-10, 2.23245755215e-10, 1.63322563806e-10, 1.28883029249e-10, 7.34864322172e-11, 6.62634183635e-11, 5.08201189464e-11, 3.61478208477e-11, 5.24031165683e-11, 5.20876397569e-11, 6.08441144689e-11, 2.06066674141e-11, 1.02712205061e-11, 1.99554019142e-11],
        "dvar2": [4.64928198198e-05, 9.47371372604e-05, 2.78896495729e-05, 1.31112449253e-06, 6.87475164796e-07, 1.61444893365e-06, 6.40069686142e-08, 1.69443467257e-07, 1.6249914836e-07, 9.48078806573e-08, 3.37705813536e-07, 2.35994775721e-07, 9.80929613092e-08, 2.98685876032e-08, 2.3166830232e-08, 1.17348930573e-08, 3.67124179945e-08, 1.07573505659e-08, 5.77317083028e-09, 8.58089155287e-09, 3.73361164208e-09, 3.61321639275e-09, 2.77402567583e-09, 1.52146162335e-09, 1.1222214269e-09, 4.0912542798e-10, 4.73966421666e-10, 5.58494084313e-10, 4.11503248143e-10, 3.5272396115e-10, 1.88133703061e-10, 1.58802165862e-10, 1.26803637035e-10, 9.77295536164e-11, 1.34660213535e-10, 1.39220676654e-10, 1.60140914418e-10, 5.0850490485e-11, 2.46436725193e-11, 4.99963508094e-11],
        "max": [0.0629547983408, 0.0677071735263, 0.0305771399289, 0.00869373232126, 0.0041094222106, 0.0110215255991, 0.00309923361056, 0.00432572280988, 0.00517496652901, 0.00430141575634, 0.00708474544808, 0.00882739387453, 0.00410227803513, 0.00232664984651, 0.00216901744716, 0.00126909301616, 0.00228771194816, 0.0012311876053, 0.000635615724605, 0.000900982413441, 0.000603647495154, 0.000572331482545, 0.00069529080065, 0.000487671146402, 0.000283857458271, 0.000310109724523, 0.000175177367055, 0.000191626168089, 0.000148996434291, 0.000228904769756, 0.000136065893457, 0.000125391918118, 8.16679239506e-05, 6.81070014252e-05, 8.11152640381e-05, 9.75801449385e-05, 7.63780772104e-05, 4.307778363e-05, 5.28911623405e-05, 3.94794842578e-05],
        "mean": [0.00566176325083, 0.0035331225954, 0.00122095900588, 0.000441499229055, 0.000217623135541, 0.000199272268219, 0.000177494846866, 0.000200696202228, 0.000231086727581, 0.000162501819432, 0.000197479239432, 0.000151944055688, 0.000132963017677, 8.6341467977e-05, 6.19216807536e-05, 4.54056062154e-05, 8.23161390144e-05, 4.42205673608e-05, 3.71809655917e-05, 4.08850391977e-05, 3.21539482684e-05, 3.52405222657e-05, 3.11166368192e-05, 2.472232336e-05, 2.11193946598e-05, 1.37212982736e-05, 1.52953052748e-05, 1.70475905179e-05, 1.49984798554e-05, 1.27774783323e-05, 1.06395837065e-05, 9.91918932414e-06, 8.81904088601e-06, 6.96836286807e-06, 7.07127446731e-06, 5.84512326895e-06, 5.01046224599e-06, 4.01817578677e-06, 2.96748135042e-06, 2.7328815122e-06],
        "median": [7.01804310665e-05, 0.000231530662859, 0.000289005809464, 0.000156576745212, 8.0153127783e-05, 4.53866305179e-05, 4.88492478325e-05, 7.52714258851e-05, 7.07757280907e-05, 5.50146214664e-05, 4.19514981331e-05, 4.5670021791e-05, 4.0131759306e-05, 3.11084004352e-05, 2.224509808e-05, 1.92206025531e-05, 2.4695038519e-05, 1.92830011656e-05, 1.54178887897e-05, 1.74574306584e-05, 1.39621879498e-05, 1.50330342876e-05, 1.30701246235e-05, 9.89220916381e-06, 9.15941745916e-06, 5.83770270168e-06, 5.74854675506e-06, 6.24473705102e-06, 5.4018028095e-06, 4.26694441558e-06, 3.26529698214e-06, 3.06330252897e-06, 2.88443243335e-06, 1.97839881366e-06, 1.51456856656e-06, 1.20716902074e-06, 8.60070599629e-07, 7.92272544459e-07, 7.20300363355e-07, 5.12626058935e-07],
        "min": [6.45445046019e-24, 5.24393590695e-24, 6.79398723785e-24, 6.92094020105e-24, 6.58054001513e-24, 1.1403868698e-23, 8.92306760078e-24, 1.02510470927e-23, 9.13196112392e-24, 8.84382178968e-24, 1.47503152656e-23, 3.60815077844e-24, 3.08131515048e-24, 5.21010047943e-24, 7.88245120398e-24, 4.34386494118e-24, 7.90945154619e-24, 9.12625292641e-24, 1.49392979395e-23, 1.42899896839e-23, 8.94606052958e-24, 7.59982285203e-24, 6.55101295144e-24, 1.07415284602e-23, 8.79705495978e-24, 8.06308851837e-24, 7.37600486941e-24, 9.16378613942e-24, 8.13420196239e-24, 1.09724154254e-23, 1.23871096635e-23, 1.08625397231e-23, 1.00916261923e-23, 1.05974438048e-23, 8.48311435191e-24, 1.01241430389e-23, 1.16838985422e-23, 9.04096680737e-24, 8.26375027797e-24, 8.83868946063e-24],
        "var": [0.000112583569717, 9.88702813629e-05, 1.00904298961e-05, 5.83857627134e-07, 2.3639860558e-07, 7.50764513668e-07, 9.95331106424e-08, 1.187465557e-07, 2.24420858785e-07, 8.25697910045e-08, 2.09572533549e-07, 1.23245413874e-07, 8.05371627166e-08, 2.5577625351e-08, 1.24715269223e-08, 6.48587361596e-09, 2.32023715796e-08, 6.05660277486e-09, 3.37310934739e-09, 4.48957893084e-09, 2.26876561982e-09, 2.54727328119e-09, 2.08086503584e-09, 1.19198773074e-09, 8.36810509774e-10, 3.29085508843e-10, 4.09092482112e-10, 5.05915476179e-10, 3.93349436356e-10, 2.90571261496e-10, 1.99565960979e-10, 1.66114150213e-10, 1.31340729959e-10, 8.27623039545e-11, 9.85815526433e-11, 8.00249311261e-11, 7.25798865453e-11, 3.58932016054e-11, 1.9377605423e-11, 2.41251914279e-11]
    },
    "mfcc": {
        "mean": [-671.271728516, 96.6408615112, 1.95759236813, 10.4435834885, -3.42363095284, 5.50639343262, 2.95663356781, 6.32929515839, 3.38064932823, 1.51820039749, -0.147550672293, 0.933725953102, -2.26663088799],
        "cov": [[22052.1582031, -3164.01635742, -2076.63085938, 1339.2644043, 867.645080566, 747.53717041, 46.007900238, 440.769500732, 592.27911377, 559.108459473, 309.491394043, 352.441986084, 259.942840576], [-3164.01635742, 4498.96728516, 528.612854004, -531.538879395, -628.994567871, -443.949157715, 42.4361305237, -218.226669312, -342.048400879, -371.077514648, -188.714950562, -220.39654541, -248.663909912], [-2076.63085938, 528.612854004, 1687.61804199, 401.662414551, 282.577941895, 265.012176514, 200.991516113, 74.1470031738, -81.1333236694, -100.165267944, -57.0417060852, -39.4266700745, -35.010848999], [1339.2644043, -531.538879395, 401.662414551, 1078.06604004, 702.829040527, 420.36126709, 158.738494873, 189.452774048, 190.786483765, 142.146713257, 89.259262085, 74.7339401245, 73.2582168579], [867.645080566, -628.994567871, 282.577941895, 702.829040527, 712.483398438, 394.846618652, 142.907928467, 189.559158325, 172.66696167, 138.958557129, 76.8573074341, 83.4989624023, 73.1526107788], [747.53717041, -443.949157715, 265.012176514, 420.36126709, 394.846618652, 405.739227295, 178.982696533, 177.344833374, 138.353363037, 119.651176453, 70.158996582, 72.0828094482, 51.5811271667], [46.007900238, 42.4361305237, 200.991516113, 158.738494873, 142.907928467, 178.982696533, 187.984420776, 126.36794281, 74.2180862427, 47.3810005188, 20.695356369, 18.5539646149, 16.6023445129], [440.769500732, -218.226669312, 74.1470031738, 189.452774048, 189.559158325, 177.344833374, 126.36794281, 230.610549927, 157.570495605, 100.504989624, 32.1469535828, 41.3205833435, 28.2761802673], [592.27911377, -342.048400879, -81.1333236694, 190.786483765, 172.66696167, 138.353363037, 74.2180862427, 157.570495605, 221.429916382, 155.61315918, 67.5746459961, 37.5225296021, 15.0266752243], [559.108459473, -371.077514648, -100.165267944, 142.146713257, 138.958557129, 119.651176453, 47.3810005188, 100.504989624, 155.61315918, 201.473083496, 112.637641907, 58.4533157349, 17.2634334564], [309.491394043, -188.714950562, -57.0417060852, 89.259262085, 76.8573074341, 70.158996582, 20.695356369, 32.1469535828, 67.5746459961, 112.637641907, 135.567306519, 83.201171875, 34.1908035278], [352.441986084, -220.39654541, -39.4266700745, 74.7339401245, 83.4989624023, 72.0828094482, 18.5539646149, 41.3205833435, 37.5225296021, 58.4533157349, 83.201171875, 134.073974609, 81.8383636475], [259.942840576, -248.663909912, -35.010848999, 73.2582168579, 73.1526107788, 51.5811271667, 16.6023445129, 28.2761802673, 15.0266752243, 17.2634334564, 34.1908035278, 81.8383636475, 125.985061646]],
