{
"lowlevel": {
    "average_loudness": 0.469800323248,
    "barkbands_crest": {
        "dmean": 2.17826271057,
        "dmean2": 3.50465536118,
        "dvar": 6.5748052597,
        "dvar2": 16.2439212799,
        "max": 26.8800125122,
        "mean": 13.5989627838,
        "median": 13.169418335,
        "min": 2.29615473747,
        "var": 46.2871513367
    },
    "barkbands_flatness_db": {
        "dmean": 0.0313206128776,
        "dmean2": 0.0440186560154,
        "dvar": 0.00156255392358,
        "dvar2": 0.00283411075361,
        "max": 0.785484969616,
        "mean": 0.25284910202,
        "median": 0.233721196651,
        "min": 0.0149864517152,
        "var": 0.0217993091792
    },
    "barkbands_kurtosis": {
        "dmean": 23.1604442596,
        "dmean2": 34.9123840332,
        "dvar": 4004.87109375,
        "dvar2": 9124.9140625,
        "max": 1015.8460083,
        "mean": 47.2996063232,
        "median": 4.91531038284,
        "min": -1.84543883801,
        "var": 8942.58496094
    },
    "barkbands_skewness": {
        "dmean": 1.139965415,
        "dmean2": 1.72143769264,
        "dvar": 3.2573029995,
        "dvar2": 7.40102100372,
        "max": 31.3016338348,
        "mean": 3.73849725723,
        "median": 1.83195018768,
        "min": -3.70974636078,
        "var": 17.7751064301
    },
    "barkbands_spread": {
        "dmean": 4.68456792831,
        "dmean2": 7.19134235382,
        "dvar": 67.6690826416,
        "dvar2": 136.431838989,
        "max": 123.262252808,
        "mean": 13.7880296707,
        "median": 8.81163597107,
        "min": 0.0395591370761,
        "var": 237.028259277
    },
    "dissonance": {
        "dmean": 0.0192304998636,
        "dmean2": 0.0326571315527,
        "dvar": 0.00057860952802,
        "dvar2": 0.0016200223472,
        "max": 0.500000298023,
        "mean": 0.467941343784,
        "median": 0.479346185923,
        "min": 0.220061510801,
        "var": 0.00121885654517
    },
    "dynamic_complexity": 5.08956003189,
    "erbbands_crest": {
        "dmean": 2.68948793411,
        "dmean2": 4.3858628273,
        "dvar": 7.68832683563,
        "dvar2": 20.3492660522,
        "max": 29.851108551,
        "mean": 9.49307250977,
        "median": 8.17496681213,
        "min": 2.5082359314,
        "var": 22.1974315643
    },
    "erbbands_flatness_db": {
        "dmean": 0.0217836983502,
        "dmean2": 0.0322193130851,
        "dvar": 0.000584740657359,
        "dvar2": 0.00118411844596,
        "max": 0.480964243412,
        "mean": 0.192211970687,
        "median": 0.182736068964,
        "min": 0.0396032445133,
        "var": 0.00638106092811
    },
    "erbbands_kurtosis": {
        "dmean": 1.93118798733,
        "dmean2": 3.10873889923,
        "dvar": 24.2303752899,
        "dvar2": 64.4752807617,
        "max": 151.181274414,
        "mean": 2.20578408241,
        "median": 0.150958776474,
        "min": -1.90802288055,
        "var": 64.6883239746
    },
    "erbbands_skewness": {
        "dmean": 0.470227777958,
        "dmean2": 0.718054831028,
        "dvar": 0.288049727678,
        "dvar2": 0.652351260185,
        "max": 7.07206058502,
        "mean": 0.553561389446,
        "median": 0.363165378571,
        "min": -3.74128913879,
        "var": 1.28243231773
    },
    "erbbands_spread": {
        "dmean": 11.0424079895,
        "dmean2": 16.6857223511,
        "dvar": 294.619293213,
        "dvar2": 592.025634766,
        "max": 220.011428833,
        "mean": 38.2307167053,
        "median": 30.5127487183,
        "min": 0.704986035824,
        "var": 903.80847168
    },
    "hfc": {
        "dmean": 11.6149396896,
        "dmean2": 18.5873146057,
        "dvar": 1096.20874023,
        "dvar2": 2786.10058594,
        "max": 412.680755615,
        "mean": 23.3202571869,
        "median": 13.5461559296,
        "min": 1.12486835663e-16,
        "var": 1204.41479492
    },
    "melbands_crest": {
        "dmean": 2.81510806084,
        "dmean2": 4.53610467911,
        "dvar": 12.9229946136,
        "dvar2": 31.7861633301,
        "max": 39.9402656555,
        "mean": 20.4376068115,
        "median": 19.7070350647,
        "min": 1.73016190529,
        "var": 119.550048828
    },
    "melbands_flatness_db": {
        "dmean": 0.0346978120506,
        "dmean2": 0.0478232577443,
        "dvar": 0.00191607198212,
        "dvar2": 0.00340644735843,
        "max": 0.969523072243,
        "mean": 0.327927976847,
        "median": 0.316231429577,
        "min": 0.00584362726659,
        "var": 0.0355520397425
    },
    "melbands_kurtosis": {
        "dmean": 55.6607131958,
        "dmean2": 81.4471893311,
        "dvar": 25208.9589844,
        "dvar2": 55767.4296875,
        "max": 3799.34326172,
        "mean": 118.012062073,
        "median": 10.2452926636,
        "min": -1.84018099308,
        "var": 72136.734375
    },
    "melbands_skewness": {
        "dmean": 1.57080936432,
        "dmean2": 2.28367233276,
        "dvar": 7.36180639267,
        "dvar2": 14.707159996,
        "max": 49.7193222046,
        "mean": 5.64935302734,
        "median": 2.63418197632,
        "min": -1.27749609947,
        "var": 44.0519752502
    },
    "melbands_spread": {
        "dmean": 6.37201690674,
        "dmean2": 9.56964969635,
        "dvar": 221.865875244,
        "dvar2": 452.065734863,
        "max": 231.78288269,
        "mean": 17.2165966034,
        "median": 8.21631622314,
        "min": 0.0704198181629,
        "var": 602.345397949
    },
    "pitch_salience": {
        "dmean": 0.0647926703095,
        "dmean2": 0.103237263858,
        "dvar": 0.00650701159611,
        "dvar2": 0.0150213968009,
        "max": 0.982443630695,
        "mean": 0.412153720856,
        "median": 0.458855330944,
        "min": 0.0063999351114,
        "var": 0.0628658905625
    },
    "silence_rate_20dB": {
        "dmean": 0.0907127410173,
        "dmean2": 0.181442528963,
        "dvar": 0.0824893042445,
        "dvar2": 0.220661714673,
        "max": 1,
        "mean": 0.896807491779,
        "median": 1,
        "min": 0,
        "var": 0.0925357192755
    },
    "silence_rate_30dB": {
        "dmean": 0.0144614521414,
        "dmean2": 0.0289256200194,
        "dvar": 0.0142523311079,
        "dvar2": 0.029025727883,
        "max": 1,
        "mean": 0.673521101475,
        "median": 1,
        "min": 0,
        "var": 0.219892695546
    },
    "silence_rate_60dB": {
        "dmean": 0.0212226491421,
        "dmean2": 0.0424492880702,
        "dvar": 0.020773826167,
        "dvar2": 0.0474078245461,
        "max": 1,
        "mean": 0.132488265634,
        "median": 0,
        "min": 0,
        "var": 0.114941164851
    },
    "spectral_centroid": {
        "dmean": 243.740814209,
        "dmean2": 360.145202637,
        "dvar": 146685.8125,
        "dvar2": 304522.34375,
        "max": 11322.2236328,
        "mean": 1088.8651123,
        "median": 920.656616211,
        "min": 60.7653846741,
        "var": 660970.125
    },
    "spectral_complexity": {
        "dmean": 3.5161986351,
        "dmean2": 5.25206613541,
        "dvar": 24.8440074921,
        "dvar2": 44.8760795593,
        "max": 58,
        "mean": 15.2266664505,
        "median": 13,
        "min": 0,
        "var": 134.77130127
    },
    "spectral_decrease": {
        "dmean": 4.07416589354e-09,
        "dmean2": 6.32054897309e-09,
        "dvar": 7.92950952363e-17,
        "dvar2": 1.88199577103e-16,
        "max": 2.62871237371e-28,
        "mean": -2.85184889037e-08,
        "median": -5.6207456467e-09,
        "min": -1.16802624461e-07,
        "var": 1.30099242028e-15
    },
    "spectral_energy": {
        "dmean": 0.0158005878329,
        "dmean2": 0.0245383772999,
        "dvar": 0.00114465900697,
        "dvar2": 0.0027457003016,
        "max": 0.444086521864,
        "mean": 0.109751045704,
        "median": 0.0235288329422,
        "min": 1.01928305084e-20,
        "var": 0.0186899956316
    },
    "spectral_energyband_high": {
        "dmean": 0.0010090918513,
        "dmean2": 0.00160462222993,
        "dvar": 1.29576410473e-05,
        "dvar2": 3.28173737216e-05,
        "max": 0.0476806238294,
        "mean": 0.0011515149381,
        "median": 0.000101940138848,
        "min": 7.23299652313e-21,
        "var": 1.1578476915e-05
    },
    "spectral_energyband_low": {
        "dmean": 0.013365611434,
        "dmean2": 0.0205349102616,
        "dvar": 0.00122263573576,
        "dvar2": 0.00275718141347,
        "max": 0.44139829278,
        "mean": 0.0968015193939,
        "median": 0.00392507854849,
        "min": 2.95082067513e-23,
        "var": 0.0183223448694
    },
    "spectral_energyband_middle_high": {
        "dmean": 0.00167583441362,
        "dmean2": 0.00269420188852,
        "dvar": 1.72118925548e-05,
        "dvar2": 4.69007682113e-05,
        "max": 0.0804192572832,
        "mean": 0.00342708174139,
        "median": 0.001389547484,
        "min": 1.37184915756e-21,
        "var": 2.84253510472e-05
    },
    "spectral_energyband_middle_low": {
        "dmean": 0.00449364539236,
        "dmean2": 0.00735519640148,
        "dvar": 0.000165749428561,
        "dvar2": 0.000420458818553,
        "max": 0.148564457893,
        "mean": 0.00744668254629,
        "median": 0.00386606156826,
        "min": 2.03896764577e-22,
        "var": 0.000156602283823
    },
    "spectral_entropy": {
        "dmean": 0.21723306179,
        "dmean2": 0.315997213125,
        "dvar": 0.0855561122298,
        "dvar2": 0.168468892574,
        "max": 9.81269645691,
        "mean": 7.31704425812,
        "median": 7.50436401367,
        "min": 3.62281084061,
        "var": 0.868970274925
    },
    "spectral_flux": {
        "dmean": 0.0339721776545,
        "dmean2": 0.0531722605228,
        "dvar": 0.00364469946362,
        "dvar2": 0.00722341565415,
        "max": 0.627792775631,
        "mean": 0.0844793841243,
        "median": 0.060979641974,
        "min": 6.4895241958e-11,
        "var": 0.00788638088852
    },
    "spectral_kurtosis": {
        "dmean": 5.88046979904,
        "dmean2": 9.88084888458,
        "dvar": 198.765090942,
        "dvar2": 571.117614746,
        "max": 370.989471436,
        "mean": 14.8451347351,
        "median": 4.4566192627,
        "min": -1.25907719135,
        "var": 1350.93737793
    },
    "spectral_rms": {
        "dmean": 0.000809259130619,
        "dmean2": 0.00121176615357,
        "dvar": 1.8582179564e-06,
        "dvar2": 3.85750263376e-06,
        "max": 0.0208147820085,
        "mean": 0.00798559375107,
        "median": 0.00479113310575,
        "min": 3.15344647096e-12,
        "var": 4.33042769146e-05
    },
    "spectral_rolloff": {
        "dmean": 511.456329346,
        "dmean2": 826.158813477,
        "dvar": 2060961.5,
        "dvar2": 4242317.5,
        "max": 19853.6132812,
        "mean": 1242.92773438,
        "median": 430.6640625,
        "min": 21.533203125,
        "var": 4515749
    },
    "spectral_skewness": {
        "dmean": 0.458464592695,
        "dmean2": 0.742093980312,
        "dvar": 0.400357842445,
        "dvar2": 1.09202098846,
        "max": 15.7920761108,
        "mean": 2.21059274673,
        "median": 1.60970890522,
        "min": -0.218391135335,
        "var": 4.28836393356
    },
    "spectral_spread": {
        "dmean": 896536.875,
        "dmean2": 1269966.875,
        "dvar": 2.55376831283e+12,
        "dvar2": 4.60620457574e+12,
        "max": 42073032,
        "mean": 4194493.5,
        "median": 3479554.5,
        "min": 269566.46875,
        "var": 7.93284968448e+12
    },
    "spectral_strongpeak": {
        "dmean": 0.327220469713,
        "dmean2": 0.558011174202,
        "dvar": 0.493284195662,
        "dvar2": 1.33628213406,
        "max": 10.0438728333,
        "mean": 0.863209187984,
        "median": 0.744875192642,
        "min": 0,
        "var": 0.831390321255
    },
    "zerocrossingrate": {
        "dmean": 0.0120548931882,
        "dmean2": 0.0130508849397,
        "dvar": 0.000478201138321,
        "dvar2": 0.000562554283533,
        "max": 0.5625,
        "mean": 0.045708719641,
        "median": 0.02783203125,
        "min": 0,
        "var": 0.00295391236432
    },
    "barkbands": {
        "dmean": [0.00331905856729, 0.0122759081423, 0.00376426265575, 0.00113016285468, 0.00118040153757, 0.000650839763694, 0.00115408864804, 0.00100835587364, 0.000675791176036, 0.000282273103949, 0.000398106814828, 0.00028152653249, 0.000298172526527, 0.000238146123593, 0.000382847123547, 0.000134044486913, 0.000146340127685, 0.000135733833304, 0.000103832178866, 0.000108015708975, 0.000123736157548, 0.000131768159918, 0.000201369213755, 0.000203710616915, 0.000179451148142, 0.000155838220962, 2.41643865593e-05],
        "dmean2": [0.00481760082766, 0.0190934203565, 0.00598681205884, 0.00202110037208, 0.00197390303947, 0.00104248756543, 0.00193405919708, 0.00165531749371, 0.00110179081094, 0.000455933302874, 0.000682183948811, 0.000483355339384, 0.000504671945237, 0.000397077092202, 0.000619356171228, 0.000218660643441, 0.000239342116402, 0.00022442881891, 0.000171901061549, 0.000178946516826, 0.000201883143745, 0.000203095172765, 0.000320985505823, 0.000324919441482, 0.000296943675494, 0.000265718204901, 3.7766450987e-05],
        "dvar": [0.00010931622819, 0.0013835754944, 0.000342831888702, 4.07410516345e-05, 1.88337417057e-05, 2.30576233662e-06, 9.97706865746e-06, 1.13061196316e-05, 2.75537922789e-06, 3.63496098998e-07, 1.38255484217e-06, 5.39739914984e-07, 5.74489604332e-07, 4.09536539792e-07, 1.06647962639e-06, 1.11460593644e-07, 1.24934715018e-07, 1.40467832921e-07, 1.13962748571e-07, 1.81823651246e-07, 3.54440203409e-07, 3.1580805171e-07, 6.46749583666e-07, 4.29307732475e-07, 3.58811945489e-07, 2.89182622737e-07, 7.23808302183e-09],
        "dvar2": [0.000163331060321, 0.00327917863615, 0.000819704146124, 0.000108568878204, 5.31138393853e-05, 6.29580154055e-06, 2.58006220974e-05, 3.01490454149e-05, 7.43091777622e-06, 8.97300594715e-07, 3.91919729736e-06, 1.46966431203e-06, 1.56295152465e-06, 1.02024421267e-06, 2.53317011811e-06, 2.86330134713e-07, 3.14935817869e-07, 3.69170521708e-07, 3.01604842434e-07, 4.6436878165e-07, 8.92598677638e-07, 7.41981125429e-07, 1.69510803971e-06, 1.09126040115e-06, 9.37289769354e-07, 7.67892458953e-07, 1.68084657304e-08],
        "max": [0.138277471066, 0.403789281845, 0.244820937514, 0.109873905778, 0.0653784498572, 0.0346895121038, 0.0547074005008, 0.0549461096525, 0.0228568166494, 0.0177889429033, 0.0194751620293, 0.0140364179388, 0.0125499395654, 0.0157424993813, 0.0243186671287, 0.00605333363637, 0.00836747419089, 0.00866464525461, 0.00491151027381, 0.00627521844581, 0.00948016066104, 0.0088399881497, 0.011551020667, 0.00920608546585, 0.00680649606511, 0.00624838890508, 0.00117187621072],
        "mean": [0.0194283016026, 0.0742037668824, 0.00414999388158, 0.000933080213144, 0.00175041658804, 0.00115979008842, 0.00126622559037, 0.00124715140555, 0.00095171603607, 0.000441119336756, 0.000479432143038, 0.000391576264519, 0.000394568633055, 0.000348241068423, 0.0006114350399, 0.000214973930269, 0.000233387661865, 0.00019212582265, 0.00014270246902, 0.000136426344397, 0.000156117617735, 0.000161704811035, 0.000208313838812, 0.000216784988879, 0.000177821988473, 0.000131056483951, 2.21006266656e-05],
        "median": [0.000212211947655, 0.00258762063459, 0.0003001903533, 0.000159919203725, 0.000641821417958, 0.000421668024501, 0.000320528401062, 0.000247248506639, 0.000282556691673, 0.00016171389143, 0.000124086713186, 0.000134046218591, 0.000118662428576, 8.84206383489e-05, 0.000116494906251, 5.92170654272e-05, 6.99650699971e-05, 4.82090872538e-05, 3.55829761247e-05, 2.78758489003e-05, 2.63129149971e-05, 1.73826992977e-05, 9.49973764364e-06, 5.11366033606e-06, 2.16720627577e-06, 4.15180124946e-07, 2.15815880722e-08],
        "min": [8.79325107249e-25, 4.93438964875e-24, 9.33782699891e-24, 4.18068748522e-24, 2.00255512011e-23, 6.38811909097e-24, 2.7208573083e-23, 1.58958627846e-23, 1.94284197835e-23, 4.14666280997e-23, 4.0178891558e-23, 2.3654544868e-23, 5.84472472041e-23, 5.00185082456e-23, 5.04629998112e-23, 9.90633728075e-23, 1.00906303343e-22, 1.33589555331e-22, 2.09260084721e-22, 2.82529308893e-22, 3.12749118668e-22, 3.54202332977e-22, 5.26979077578e-22, 6.92516578182e-22, 1.10302444518e-21, 1.38175442325e-21, 1.9280584473e-21],
        "var": [0.0016022863565, 0.0122735900804, 0.000309881637804, 2.78090064967e-05, 1.54385397764e-05, 4.25544294558e-06, 8.89687999006e-06, 1.10623896035e-05, 3.4793456507e-06, 6.41276415081e-07, 1.2537228713e-06, 6.42378154225e-07, 7.13969313892e-07, 7.64535059261e-07, 2.57125384451e-06, 1.97140593627e-07, 1.96463332713e-07, 1.74897323291e-07, 1.17976590275e-07, 1.63708719469e-07, 2.94921591149e-07, 3.02052455936e-07, 5.1554724223e-07, 4.22473590334e-07, 3.05625775354e-07, 2.255784608e-07, 7.98985499983e-09]
    },
    "erbbands": {
        "dmean": [0.463864892721, 2.77258276939, 3.91236972809, 4.02382612228, 3.60186553001, 4.2108206749, 4.16174793243, 5.82074165344, 10.754778862, 25.6321430206, 19.3581104279, 15.3640527725, 9.05641460419, 11.8401060104, 14.4630479813, 11.7198371887, 13.2912597656, 10.0635948181, 20.0979194641, 12.1654253006, 7.50135946274, 7.68751096725, 7.41091394424, 6.30302667618, 4.60445356369, 5.0381064415, 5.08864736557, 5.04727649689, 4.59139919281, 5.73938989639, 5.86253023148, 4.23296880722, 3.35509538651, 2.03296875954, 1.28851342201, 0.735936164856, 0.295140653849, 0.0508607365191, 0.00399536872283, 7.65065196902e-05],
        "dmean2": [0.616941690445, 4.4034576416, 6.22281837463, 7.03422737122, 6.25908708572, 6.96657800674, 6.88067245483, 9.32673168182, 18.1429176331, 42.2751121521, 31.5074577332, 25.1390380859, 14.9714298248, 19.3477363586, 25.1328983307, 20.1722507477, 22.4095802307, 16.7042236328, 33.6942100525, 18.7469520569, 12.1457204819, 12.5560216904, 12.1865310669, 10.4409627914, 7.53120946884, 8.34853839874, 8.38568305969, 8.2411441803, 7.0695514679, 9.33195114136, 9.18567276001, 6.50702428818, 5.51537466049, 3.34795570374, 2.15840148926, 1.25130581856, 0.503379166126, 0.0826394110918, 0.00635155849159, 0.000123161240481],
        "dvar": [1.47886359692, 100.145439148, 311.843566895, 466.694061279, 387.904724121, 161.788696289, 140.476882935, 170.455551147, 728.194458008, 7820.99560547, 3883.22705078, 1517.96911621, 501.558868408, 760.831604004, 2067.11816406, 971.874328613, 1140.47412109, 613.315917969, 3465.07910156, 967.521179199, 399.348114014, 389.077606201, 421.7394104, 337.540496826, 279.132324219, 337.742523193, 552.996582031, 601.678955078, 295.972320557, 734.860900879, 520.294799805, 167.709381104, 127.058441162, 47.6590194702, 19.011297226, 6.15334129333, 1.14602029324, 0.0302198566496, 0.000208536075661, 5.15964160286e-08],
        "dvar2": [2.01108217239, 249.394042969, 665.862487793, 1231.42529297, 1062.6003418, 455.748443604, 396.938781738, 461.253295898, 2005.68591309, 19343.5976562, 10574.2167969, 4098.21337891, 1316.04211426, 1998.24682617, 5866.89501953, 2684.10717773, 3098.35400391, 1496.21801758, 8500.63867188, 2052.83203125, 1032.62341309, 986.509216309, 1091.87915039, 904.390197754, 725.425476074, 871.32232666, 1389.24450684, 1533.59631348, 693.165222168, 1910.54089355, 1334.96228027, 400.053161621, 332.261413574, 124.329994202, 50.5405960083, 16.3331031799, 3.03808021545, 0.0759579464793, 0.000498204492033, 1.28917761799e-07],
        "max": [16.5890293121, 104.19418335, 234.279571533, 340.470214844, 302.076660156, 152.177856445, 268.603546143, 272.946075439, 565.942565918, 1239.56225586, 1091.63647461, 631.311828613, 693.251220703, 642.070678711, 977.174133301, 565.816589355, 593.232971191, 742.25390625, 1439.55249023, 663.755371094, 379.768951416, 588.579284668, 599.568908691, 242.457092285, 289.494781494, 257.91192627, 359.653686523, 404.131652832, 266.122680664, 455.837341309, 335.755828857, 156.866775513, 162.273498535, 91.4573440552, 64.0803909302, 27.4665794373, 13.1784687042, 2.19050049782, 0.208021998405, 0.00300925853662],
        "mean": [3.22458195686, 12.0072011948, 9.32386779785, 3.69449496269, 4.21266269684, 6.56572771072, 6.95403146744, 10.1232252121, 13.2558727264, 27.2591133118, 27.1127929688, 21.6304035187, 13.2378826141, 17.5384864807, 18.4293003082, 16.7981014252, 18.7924594879, 17.4522438049, 32.3699073792, 19.955286026, 11.9765863419, 12.9448690414, 11.3763542175, 8.72392177582, 6.29212379456, 6.3933596611, 6.47325325012, 6.14051771164, 5.70110750198, 6.02884864807, 6.15385341644, 4.65507936478, 3.48720812798, 2.08693671227, 1.19589745998, 0.63048940897, 0.242461100221, 0.0470750406384, 0.00361917563714, 0.000181764364243],
        "median": [0.123320035636, 0.334255337715, 0.390459537506, 0.777604341507, 1.32411003113, 1.93805408478, 2.10445022583, 3.75879621506, 4.78926277161, 6.24921131134, 6.04209756851, 6.39465999603, 4.94620895386, 5.97713518143, 5.15224409103, 6.06456756592, 6.00040912628, 5.00838899612, 6.60080289841, 4.70377826691, 3.51414203644, 3.90077590942, 3.00840616226, 2.30098152161, 1.52101504803, 1.3429197073, 1.20778501034, 0.918206810951, 0.652476906776, 0.425898611546, 0.252745062113, 0.134218007326, 0.0700405836105, 0.0330074802041, 0.00998496450484, 0.00277391704731, 0.000665322877467, 9.85209189821e-05, 5.99291597609e-05, 3.89960914617e-05],
        "min": [5.59796839817e-23, 1.99877087862e-21, 1.30675400154e-20, 1.27067794084e-20, 5.73885048916e-20, 5.35716673631e-20, 4.20908366693e-20, 6.02673389925e-20, 3.39854857787e-19, 3.9390118465e-19, 4.40064790468e-19, 6.0662593031e-19, 9.28440340829e-19, 1.88929334037e-18, 2.19386992731e-18, 1.0573475471e-18, 2.8317022802e-18, 2.96148402318e-18, 2.39704368373e-18, 4.68656919066e-18, 5.75411359997e-18, 5.48548504168e-18, 7.78739013367e-18, 1.08987423266e-17, 1.01414071906e-17, 1.37461643472e-17, 1.09007110165e-17, 1.14332945626e-17, 1.13553749761e-17, 1.53274747709e-17, 1.24997851438e-17, 1.42328832099e-17, 1.25910239926e-17, 1.02776653442e-17, 8.77786447094e-18, 4.72896178346e-18, 2.57071314846e-18, 9.46680397119e-19, 2.58974972798e-19, 2.84026066564e-20],
        "var": [25.9189758301, 638.710632324, 593.770446777, 333.840270996, 270.290618896, 174.019805908, 195.311798096, 304.451660156, 672.068237305, 6714.66601562, 4693.47998047, 1948.11254883, 646.121520996, 1097.76196289, 1930.26538086, 1110.14770508, 1553.94445801, 1666.77612305, 7962.92578125, 2051.11767578, 593.234436035, 607.353210449, 564.299987793, 385.709747314, 271.21987915, 313.879852295, 465.612731934, 490.287414551, 300.448272705, 562.927490234, 439.575317383, 182.45085144, 117.001792908, 41.8791122437, 15.2792768478, 4.81704425812, 0.880369901657, 0.0289130993187, 0.000217626278754, 7.72047243913e-08]
    },
    "gfcc": {
        "mean": [-73.261177063, 116.743934631, -109.510154724, 26.489572525, -43.0923614502, 12.2686901093, -24.874584198, 4.86983537674, -6.73774290085, 3.77132558823, -2.9246635437, -0.0281141139567, -3.50630545616],
        "cov": [[24850.7617188, -6767.85107422, -3182.71020508, -137.27923584, -3015.0480957, 1170.00061035, -805.112854004, 1157.02954102, -601.64642334, 540.396728516, -1233.7364502, 419.752502441, -411.358520508], [-6767.85107422, 5221.86767578, 448.236633301, 175.563461304, 1557.60241699, -745.021240234, 887.710510254, -553.000549316, 536.442138672, -362.127685547, 702.201660156, -247.591339111, 386.270446777], [-3182.71020508, 448.236633301, 3552.43603516, 721.730407715, 1189.34082031, 503.751983643, 424.438110352, 294.682189941, 210.578521729, 171.692504883, 138.778869629, 65.1308135986, -60.0976905823], [-137.27923584, 175.563461304, 721.730407715, 734.969238281, 334.122070312, 278.406738281, 298.031219482, 99.8187026978, 168.568374634, 40.0388145447, 85.3593978882, 17.2055587769, 86.0201034546], [-3015.0480957, 1557.60241699, 1189.34082031, 334.122070312, 1280.56994629, 73.8873825073, 612.370788574, 3.6529943943, 313.218444824, 30.8430099487, 257.57220459, -18.598115921, 85.5564956665], [1170.00061035, -745.021240234, 503.751983643, 278.406738281, 73.8873825073, 628.380981445, 108.86656189, 271.802856445, 54.8525085449, 136.54699707, -10.2660207748, 72.9127349854, -15.2461471558], [-805.112854004, 887.710510254, 424.438110352, 298.031219482, 612.370788574, 108.86656189, 562.400817871, 58.0618133545, 272.79901123, 27.0348625183, 143.456344604, -10.81757164, 99.295211792], [1157.02954102, -553.000549316, 294.682189941, 99.8187026978, 3.6529943943, 271.802856445, 58.0618133545, 263.266204834, 31.2079544067, 119.740036011, -43.6439971924, 58.5057563782, -23.1849460602], [-601.64642334, 536.442138672, 210.578521729, 168.568374634, 313.218444824, 54.8525085449, 272.79901123, 31.2079544067, 220.139877319, 31.0950317383, 129.239517212, -1.85715413094, 81.6996612549], [540.396728516, -362.127685547, 171.692504883, 40.0388145447, 30.8430099487, 136.54699707, 27.0348625183, 119.740036011, 31.0950317383, 172.098220825, -23.8298282623, 61.4204444885, -24.1316127777], [-1233.7364502, 702.201660156, 138.778869629, 85.3593978882, 257.57220459, -10.2660207748, 143.456344604, -43.6439971924, 129.239517212, -23.8298282623, 242.245452881, 5.02739429474, 95.8669891357], [419.752502441, -247.591339111, 65.1308135986, 17.2055587769, -18.598115921, 72.9127349854, -10.81757164, 58.5057563782, -1.85715413094, 61.4204444885, 5.02739429474, 95.619392395, 5.41547489166], [-411.358520508, 386.270446777, -60.0976905823, 86.0201034546, 85.5564956665, -15.2461471558, 99.295211792, -23.1849460602, 81.6996612549, -24.1316127777, 95.8669891357, 5.41547489166, 127.135139465]],
        "icov": [[0.000116498027637, -2.62636840489e-05, 0.000117796334962, -0.000104411104985, 0.000194513908355, -7.09216183168e-05, -0.000117607261927, -0.000419322837843, 1.13986816359e-05, 1.55630259542e-05, 0.000341921375366, -0.000345420005033, 0.000211559672607], [-2.62636840489e-05, 0.00104510376696, -9.77432937361e-05, 0.000259573251242, -0.000639902893454, 0.000779715948738, -0.000686568790115, 0.000810565892607, -9.98408431769e-05, 0.000553181685973, -0.00142131885514, 0.00132781604771, -0.00108958687633], [0.000117796334962, -9.77432937361e-05, 0.000756337190978, -0.00060452229809, -0.000526323507074, -0.000176096320502, 0.000479140348034, -0.00102142617106, 7.81626149546e-05, 4.77146822959e-05, 0.000352266128175, -0.000566093134694, 0.000934557931032], [-0.000104411104985, 0.000259573251242, -0.00060452229809, 0.00265165115707, 0.000108660184196, -0.00068755808752, -0.000973723304924, 0.00118771090638, -0.000544928887393, 0.000271803117357, -0.000180694958544, 0.000704273115844, -0.00187681731768], [0.000194513908355, -0.000639902893454, -0.000526323507074, 0.000108660184196, 0.00354780559428, -0.000410009466577, -0.00250699929893, -9.8969148894e-06, 0.000206027354579, -0.000835483020637, 4.00830504077e-05, -0.000992656685412, 0.00149185024202], [-7.09216183168e-05, 0.000779715948738, -0.000176096320502, -0.00068755808752, -0.000410009466577, 0.00401081237942, -0.000633383286186, -0.00216383999214, 0.000465457531391, 3.32453892042e-05, -0.00182627548929, 0.000789344543591, -0.000308831949951], [-0.000117607261927, -0.000686568790115, 0.000479140348034, -0.000973723304924, -0.00250699929893, -0.000633383286186, 0.00809154473245, -0.00140416424256, -0.00591363012791, 0.000851829710882, 0.0023742786143, -0.000419132440584, -0.00018440040003], [-0.000419322837843, 0.000810565892607, -0.00102142617106, 0.00118771090638, -9.8969148894e-06, -0.00216383999214, -0.00140416424256, 0.0115485750139, -0.00111726683099, -0.0026530912146, -0.000550994940568, 0.000644160609227, -0.00155358249322], [1.13986816359e-05, -9.98408431769e-05, 7.81626149546e-05, -0.000544928887393, 0.000206027354579, 0.000465457531391, -0.00591363012791, -0.00111726683099, 0.0165648981929, -0.00388628314249, -0.00447419518605, 0.00266170152463, -0.00304422480986], [1.55630259542e-05, 0.000553181685973, 4.77146822959e-05, 0.000271803117357, -0.000835483020637, 3.32453892042e-05, 0.000851829710882, -0.0026530912146, -0.00388628314249, 0.0114231836051, 0.000810788129456, -0.00474780704826, 0.00188190618064], [0.000341921375366, -0.00142131885514, 0.000352266128175, -0.000180694958544, 4.00830504077e-05, -0.00182627548929, 0.0023742786143, -0.000550994940568, -0.00447419518605, 0.000810788129456, 0.0115757137537, -0.00448584230617, -0.00199592974968], [-0.000345420005033, 0.00132781604771, -0.000566093134694, 0.000704273115844, -0.000992656685412, 0.000789344543591, -0.000419132440584, 0.000644160609227, 0.00266170152463, -0.00474780704826, -0.00448584230617, 0.0180376339704, -0.0046859215945], [0.000211559672607, -0.00108958687633, 0.000934557931032, -0.00187681731768, 0.00149185024202, -0.000308831949951, -0.00018440040003, -0.00155358249322, -0.00304422480986, 0.00188190618064, -0.00199592974968, -0.0046859215945, 0.0164101049304]]
    },
    "melbands": {
        "dmean": [0.00361211108975, 0.00223777326755, 0.000698738731444, 0.000271809287369, 0.00015599069593, 0.000130346525111, 0.000182775125722, 0.000271158001851, 0.000156875757966, 9.12139512366e-05, 4.4512340537e-05, 4.6685559937e-05, 5.20649446116e-05, 3.30218899762e-05, 3.35734075634e-05, 2.57859464909e-05, 1.98157340492e-05, 3.34620563081e-05, 2.34064154938e-05, 1.11957133413e-05, 9.59038425208e-06, 8.16253032099e-06, 7.91459206084e-06, 6.72922442391e-06, 5.17959051649e-06, 3.63762228517e-06, 3.14416047331e-06, 3.59921068593e-06, 3.35123354489e-06, 3.3255651033e-06, 2.86892509394e-06, 2.64332879851e-06, 2.58955196841e-06, 3.64341008208e-06, 3.67589495909e-06, 2.4739069886e-06, 2.70952318715e-06, 2.52055497185e-06, 1.94130007003e-06, 1.68102872067e-06],
        "dmean2": [0.00538503285497, 0.00353565509431, 0.00119913264643, 0.000458272435935, 0.000258214451605, 0.00020933439373, 0.000307071662974, 0.000444597011665, 0.000257321778918, 0.000149691855768, 7.35207868274e-05, 7.60193506721e-05, 9.00827290025e-05, 5.69167132198e-05, 5.74403675273e-05, 4.3692674808e-05, 3.30753537128e-05, 5.63362118555e-05, 3.71369969798e-05, 1.72743002622e-05, 1.59819956025e-05, 1.3447775018e-05, 1.27816938402e-05, 1.14048925752e-05, 8.62158958626e-06, 6.02934187555e-06, 5.13087070431e-06, 6.03952412348e-06, 5.69653184357e-06, 5.41385907127e-06, 4.74091848446e-06, 4.11717792304e-06, 4.0355253077e-06, 6.13335305388e-06, 5.84398458159e-06, 3.74365777134e-06, 4.30330874224e-06, 4.20216019847e-06, 3.23273479808e-06, 2.77641561297e-06],
        "dvar": [9.89757027128e-05, 7.42790944059e-05, 1.2911768863e-05, 1.18332718557e-06, 2.02297556484e-07, 8.68209895089e-08, 2.09448401733e-07, 8.41004236918e-07, 2.45001501753e-07, 5.2888321278e-08, 1.21407168763e-08, 1.11057847363e-08, 2.58762096195e-08, 7.81883802148e-09, 7.56274332048e-09, 4.66720306846e-09, 2.64700106278e-09, 9.45691347454e-09, 3.39199313082e-09, 8.03976552e-10, 7.39185546106e-10, 4.14419054628e-10, 5.21337251147e-10, 3.85947357406e-10, 2.16933915276e-10, 1.86660020773e-10, 9.61611484884e-11, 1.90121904331e-10, 2.24994689546e-10, 2.60411747721e-10, 1.82736589749e-10, 9.32480204163e-11, 1.23091523085e-10, 2.86728252252e-10, 1.91460874932e-10, 8.300975185e-11, 6.97366608904e-11, 7.72931441073e-11, 4.10116905714e-11, 3.34509017708e-11],
        "dvar2": [0.000189242826309, 0.000162846932653, 3.34069300152e-05, 3.34882497555e-06, 5.71021018914e-07, 2.36079060301e-07, 5.69146948237e-07, 2.08068559004e-06, 6.77593789078e-07, 1.42513457035e-07, 3.17399972971e-08, 2.87502377461e-08, 7.40208889738e-08, 2.13353921197e-08, 2.09682173846e-08, 1.25453416544e-08, 6.51350262615e-09, 2.34493260365e-08, 7.6357506984e-09, 1.70908043273e-09, 1.97530547474e-09, 1.05294828412e-09, 1.31949395854e-09, 1.05631026148e-09, 5.7940119369e-10, 4.93942386992e-10, 2.44932962801e-10, 4.94355445468e-10, 5.85037851497e-10, 6.39317654372e-10, 4.73022565561e-10, 2.20046633692e-10, 2.89256563146e-10, 7.70902008895e-10, 4.92400786811e-10, 2.01226327268e-10, 1.73704550743e-10, 2.05935615782e-10, 1.06488554086e-10, 8.81768824623e-11],
        "max": [0.108165234327, 0.10186932981, 0.0535395629704, 0.0172517765313, 0.00810093153268, 0.00552889471874, 0.00983576942235, 0.014000762254, 0.00821935012937, 0.00397477392107, 0.0035426155664, 0.00239828461781, 0.00293763703667, 0.00174421840347, 0.00162056600675, 0.00139984558336, 0.00169046933297, 0.00207890407182, 0.00122262153309, 0.000609354232438, 0.000618917052634, 0.000473433523439, 0.000893852615263, 0.000301661493722, 0.000207290184335, 0.000247136311373, 0.000137953495141, 0.000203201823751, 0.00022930232808, 0.000270786287729, 0.000223436116357, 0.000155680711032, 0.000183084717719, 0.00027868730831, 0.000199486574274, 0.000142816861626, 0.000116237351904, 0.000147105922224, 9.49115128606e-05, 7.91571292211e-05],
        "mean": [0.0253867171705, 0.00902466475964, 0.000653098279145, 0.000393645139411, 0.000266575720161, 0.000228068616707, 0.000218916728045, 0.000298239901895, 0.000222011658479, 0.000126299652038, 6.24801614322e-05, 6.86823623255e-05, 6.36753466097e-05, 4.52173917438e-05, 4.63486794615e-05, 3.49676265614e-05, 3.13699456456e-05, 5.05553507537e-05, 3.62631180906e-05, 1.85654407687e-05, 1.3528452655e-05, 1.29621657834e-05, 1.26894456116e-05, 8.77587899595e-06, 6.93043284627e-06, 4.80235985378e-06, 4.1371563384e-06, 4.30523596151e-06, 3.98029487769e-06, 4.01828992835e-06, 3.36846596838e-06, 3.21241759593e-06, 3.04539344143e-06, 3.5452251268e-06, 3.7572385736e-06, 2.84487327917e-06, 2.80348763226e-06, 2.57006217907e-06, 1.96581913769e-06, 1.67989742295e-06],
        "median": [0.00090826296946, 0.00030767483986, 0.000152744949446, 0.000148301856825, 8.27551775728e-05, 8.36090184748e-05, 6.89039661665e-05, 6.83705147821e-05, 4.93923653266e-05, 3.73098446289e-05, 2.26925749303e-05, 2.24001596507e-05, 1.69154445757e-05, 1.43462693813e-05, 1.637209607e-05, 1.00249417301e-05, 8.14188570075e-06, 9.81810171652e-06, 7.99685312813e-06, 4.2321453293e-06, 3.75966874344e-06, 3.91788853449e-06, 3.2277862374e-06, 2.10462144423e-06, 1.7721210952e-06, 1.17209037853e-06, 9.00918507796e-07, 8.42823169478e-07, 7.58187979955e-07, 6.20410844476e-07, 4.7348871135e-07, 3.75777489126e-07, 2.68685198535e-07, 2.10705877635e-07, 1.49629386215e-07, 1.02933505275e-07, 6.92161279403e-08, 4.95027769887e-08, 3.88253411643e-08, 2.17140652126e-08],
        "min": [1.0674678415e-24, 6.92941256717e-24, 3.53367165936e-24, 3.82094521876e-24, 1.4545633668e-24, 1.21090967395e-24, 5.63888266902e-24, 4.01251930073e-24, 4.01387101389e-24, 3.11980229354e-24, 4.39921457774e-24, 7.44310695573e-24, 5.91234130182e-24, 2.81695800038e-24, 3.61086958755e-24, 4.70721427413e-24, 4.21205890569e-24, 3.47730833655e-24, 4.66087500683e-24, 7.09852699031e-24, 6.48327819868e-24, 4.09055184375e-24, 4.61378711054e-24, 6.07131610131e-24, 7.98469388819e-24, 6.43497190672e-24, 5.43763557463e-24, 1.04196030023e-23, 6.97324562337e-24, 5.4915218742e-24, 7.44016450456e-24, 6.56544397841e-24, 6.34874783205e-24, 8.20089936306e-24, 6.61413878437e-24, 6.11605319211e-24, 8.05883498037e-24, 8.26566326566e-24, 7.8270739573e-24, 7.80849076095e-24],
        "var": [0.00133269198705, 0.00040994831943, 9.59803128353e-06, 9.34733918712e-07, 2.69284413434e-07, 1.5394219588e-07, 1.93980440599e-07, 7.35087724024e-07, 2.96345689321e-07, 6.76207321249e-08, 1.5411474763e-08, 1.72258829423e-08, 2.2983977388e-08, 9.30640542407e-09, 8.29428259408e-09, 6.37965857919e-09, 7.16045489568e-09, 1.92192697313e-08, 7.28445082032e-09, 1.97604532737e-09, 9.11194619757e-10, 6.01726946048e-10, 7.89275200752e-10, 4.19035584009e-10, 2.47571491085e-10, 1.6745740905e-10, 1.05794227545e-10, 1.65605293367e-10, 1.77630299358e-10, 2.23879914607e-10, 1.45440395838e-10, 9.41383360153e-11, 1.16604753631e-10, 2.02974637098e-10, 1.61514426833e-10, 8.05943853321e-11, 7.00856317426e-11, 6.77064446175e-11, 3.74407657655e-11, 2.82418203407e-11]
    },
    "mfcc": {
        "mean": [-703.55065918, 136.908538818, 2.09070706367, 19.7164821625, 7.71537065506, 10.6064481735, 0.543316483498, 5.70464277267, 2.73864865303, 4.91706848145, 5.11214637756, 6.78673267365, 2.44811701775],
        "cov": [[14795.5703125, -2607.61938477, -1470.97705078, -1163.26904297, -1422.13293457, -652.613891602, -796.733093262, -155.6693573, 58.3615112305, 160.510726929, -114.167724609, -168.853256226, -169.094039917], [-2607.61938477, 3348.47363281, -227.954956055, 508.863922119, 306.015045166, 151.585754395, 272.587341309, 115.276954651, 66.5317840576, -12.8908777237, 121.152984619, 129.956359863, 65.9038543701], [-1470.97705078, -227.954956055, 1894.35961914, 544.229431152, 650.606506348, 393.01965332, 375.860961914, 268.678009033, 165.36100769, 175.332000732, 138.251403809, 122.033287048, 130.942642212], [-1163.26904297, 508.863922119, 544.229431152, 773.395324707, 327.963653564, 319.664459229, 250.692672729, 195.710952759, 180.528259277, 140.327758789, 93.131362915, 70.2000427246, 59.1815490723], [-1422.13293457, 306.015045166, 650.606506348, 327.963653564, 574.746887207, 306.6043396, 331.622131348, 201.232040405, 127.689239502, 108.549766541, 126.453361511, 113.417823792, 99.5910263062], [-652.613891602, 151.585754395, 393.01965332, 319.664459229, 306.6043396, 403.932098389, 271.541137695, 211.555496216, 185.572433472, 143.843185425, 124.585792542, 90.7267990112, 83.4465255737], [-796.733093262, 272.587341309, 375.860961914, 250.692672729, 331.622131348, 271.541137695, 333.781646729, 212.086959839, 169.954238892, 125.498535156, 123.415039062, 101.959136963, 82.7650680542], [-155.6693573, 115.276954651, 268.678009033, 195.710952759, 201.232040405, 211.555496216, 212.086959839, 243.387542725, 158.233032227, 124.594970703, 87.6746139526, 78.0732650757, 61.6328659058], [58.3615112305, 66.5317840576, 165.36100769, 180.528259277, 127.689239502, 185.572433472, 169.954238892, 158.233032227, 222.657012939, 146.394927979, 99.013923645, 45.0154762268, 47.4920578003], [160.510726929, -12.8908777237, 175.332000732, 140.327758789, 108.549766541, 143.843185425, 125.498535156, 124.594970703, 146.394927979, 165.631317139, 90.5346832275, 52.2936058044, 44.7240943909], [-114.167724609, 121.152984619, 138.251403809, 93.131362915, 126.453361511, 124.585792542, 123.415039062, 87.6746139526, 99.013923645, 90.5346832275, 123.238945007, 69.5472488403, 60.0633583069], [-168.853256226, 129.956359863, 122.033287048, 70.2000427246, 113.417823792, 90.7267990112, 101.959136963, 78.0732650757, 45.0154762268, 52.2936058044, 69.5472488403, 102.29763031, 59.9331626892], [-169.094039917, 65.9038543701, 130.942642212, 59.1815490723, 99.5910263062, 83.4465255737, 82.7650680542, 61.6328659058, 47.4920578003, 44.7240943909, 60.0633583069, 59.9331626892, 81.7166061401]],
