{
"lowlevel": {
    "average_loudness": 0.775920450687,
    "barkbands_crest": {
        "dmean": 3.1078851223,
        "dmean2": 4.77136802673,
        "dvar": 11.9198522568,
        "dvar2": 27.042766571,
        "max": 26.8696041107,
        "mean": 15.840429306,
        "median": 16.0630378723,
        "min": 1.97559583187,
        "var": 42.1831283569
    },
    "barkbands_flatness_db": {
        "dmean": 0.055820774287,
        "dmean2": 0.0674328580499,
        "dvar": 0.004892623052,
        "dvar2": 0.00686694122851,
        "max": 0.97361767292,
        "mean": 0.196105524898,
        "median": 0.158841669559,
        "min": 0.0189705379307,
        "var": 0.019434183836
    },
    "barkbands_kurtosis": {
        "dmean": 96.1684112549,
        "dmean2": 164.650421143,
        "dvar": 105855.640625,
        "dvar2": 301007.78125,
        "max": 3534.38183594,
        "mean": 85.6203155518,
        "median": 8.29674720764,
        "min": -1.87431037426,
        "var": 79068.6015625
    },
    "barkbands_skewness": {
        "dmean": 2.3793656826,
        "dmean2": 3.67451643944,
        "dvar": 16.7243824005,
        "dvar2": 46.3056488037,
        "max": 44.3208732605,
        "mean": 4.47377634048,
        "median": 2.7603290081,
        "min": -2.83811402321,
        "var": 25.967918396
    },
    "barkbands_spread": {
        "dmean": 8.61497402191,
        "dmean2": 13.7285509109,
        "dvar": 140.605438232,
        "dvar2": 337.330383301,
        "max": 146.182723999,
        "mean": 22.4024887085,
        "median": 18.3514633179,
        "min": 0.0289366412908,
        "var": 359.624237061
    },
    "dissonance": {
        "dmean": 0.0186808090657,
        "dmean2": 0.0307492613792,
        "dvar": 0.000484315707581,
        "dvar2": 0.00129985064268,
        "max": 0.500000119209,
        "mean": 0.464485615492,
        "median": 0.471396565437,
        "min": 0.168564707041,
        "var": 0.000936408236157
    },
    "dynamic_complexity": 2.56724619865,
    "erbbands_crest": {
        "dmean": 3.41785860062,
        "dmean2": 5.2547211647,
        "dvar": 15.6218414307,
        "dvar2": 30.151802063,
        "max": 32.0437507629,
        "mean": 10.9469709396,
        "median": 9.43032646179,
        "min": 2.08099293709,
        "var": 41.3533630371
    },
    "erbbands_flatness_db": {
        "dmean": 0.0283777546138,
        "dmean2": 0.0376512333751,
        "dvar": 0.00194324518088,
        "dvar2": 0.00249563436955,
        "max": 0.537881135941,
        "mean": 0.12475118041,
        "median": 0.100624114275,
        "min": 0.0345941148698,
        "var": 0.00509418733418
    },
    "erbbands_kurtosis": {
        "dmean": 15.0566520691,
        "dmean2": 23.8307685852,
        "dvar": 2987.85522461,
        "dvar2": 6583.19580078,
        "max": 440.426879883,
        "mean": 11.7080755234,
        "median": -0.282693147659,
        "min": -1.85043740273,
        "var": 2887.67504883
    },
    "erbbands_skewness": {
        "dmean": 0.973271846771,
        "dmean2": 1.30524206161,
        "dvar": 4.35202693939,
        "dvar2": 6.28583431244,
        "max": 16.6441059113,
        "mean": 0.977654278278,
        "median": 0.277446478605,
        "min": -2.74723649025,
        "var": 8.06466674805
    },
    "erbbands_spread": {
        "dmean": 15.227517128,
        "dmean2": 22.5276470184,
        "dvar": 363.794219971,
        "dvar2": 708.870056152,
        "max": 196.772613525,
        "mean": 56.9652404785,
        "median": 53.5028190613,
        "min": 0.444680929184,
        "var": 925.399963379
    },
    "hfc": {
        "dmean": 11.0849084854,
        "dmean2": 17.0893726349,
        "dvar": 239.468444824,
        "dvar2": 626.522155762,
        "max": 315.137908936,
        "mean": 31.7265968323,
        "median": 25.5678005219,
        "min": 1.08496906818e-16,
        "var": 641.184143066
    },
    "melbands_crest": {
        "dmean": 3.95031166077,
        "dmean2": 6.15777254105,
        "dvar": 20.5727310181,
        "dvar2": 43.8750724792,
        "max": 39.9658164978,
        "mean": 22.655664444,
        "median": 22.7271366119,
        "min": 1.02119576931,
        "var": 79.5010681152
    },
    "melbands_flatness_db": {
        "dmean": 0.0652058795094,
        "dmean2": 0.0804655253887,
        "dvar": 0.00627321796492,
        "dvar2": 0.00960146635771,
        "max": 1,
        "mean": 0.285776883364,
        "median": 0.256532818079,
        "min": 7.55909741201e-06,
        "var": 0.0264561101794
    },
    "melbands_kurtosis": {
        "dmean": 112.555389404,
        "dmean2": 176.924072266,
        "dvar": 52341.359375,
        "dvar2": 132410.6875,
        "max": 2627.87841797,
        "mean": 132.600418091,
        "median": 28.7040672302,
        "min": -1.77523362637,
        "var": 65386.1875
    },
    "melbands_skewness": {
        "dmean": 2.99996614456,
        "dmean2": 4.56409883499,
        "dvar": 19.4407157898,
        "dvar2": 44.7050666809,
        "max": 44.3213920593,
        "mean": 6.63002586365,
        "median": 4.30871677399,
        "min": -1.50926482677,
        "var": 39.679561615
    },
    "melbands_spread": {
        "dmean": 9.55250549316,
        "dmean2": 15.3595399857,
        "dvar": 323.326019287,
        "dvar2": 750.516296387,
        "max": 219.322937012,
        "mean": 19.9155216217,
        "median": 10.683511734,
        "min": 0.0302333272994,
        "var": 763.510742188
    },
    "pitch_salience": {
        "dmean": 0.0968741923571,
        "dmean2": 0.144980937243,
        "dvar": 0.0141439959407,
        "dvar2": 0.0315662845969,
        "max": 0.997433364391,
        "mean": 0.354085713625,
        "median": 0.353013008833,
        "min": 0.00343124684878,
        "var": 0.0424784086645
    },
    "silence_rate_20dB": {
        "dmean": 0,
        "dmean2": 0,
        "dvar": 0,
        "dvar2": 0,
        "max": 1,
        "mean": 1,
        "median": 1,
        "min": 1,
        "var": 0
    },
    "silence_rate_30dB": {
        "dmean": 0.0905898883939,
        "dmean2": 0.181195676327,
        "dvar": 0.0823752731085,
        "dvar2": 0.168379977345,
        "max": 1,
        "mean": 0.623365223408,
        "median": 1,
        "min": 0,
        "var": 0.234777465463
    },
    "silence_rate_60dB": {
        "dmean": 0.013342696242,
        "dmean2": 0.0266877356917,
        "dvar": 0.0131633132696,
        "dvar2": 0.0298409238458,
        "max": 1,
        "mean": 0.0473975241184,
        "median": 0,
        "min": 0,
        "var": 0.0451515130699
    },
    "spectral_centroid": {
        "dmean": 380.179718018,
        "dmean2": 586.121826172,
        "dvar": 245872.984375,
        "dvar2": 499059.03125,
        "max": 11861.3896484,
        "mean": 1597.2322998,
        "median": 1548.45178223,
        "min": 41.6564331055,
        "var": 1786204.25
    },
    "spectral_complexity": {
        "dmean": 4.93890428543,
        "dmean2": 7.65902900696,
        "dvar": 43.3641014099,
        "dvar2": 95.0364456177,
        "max": 57,
        "mean": 15.919511795,
        "median": 15,
        "min": 0,
        "var": 129.750915527
    },
    "spectral_decrease": {
        "dmean": 7.21300574824e-09,
        "dmean2": 1.08753699379e-08,
        "dvar": 9.82450023591e-17,
        "dvar2": 2.17785021817e-16,
        "max": 1.36941911418e-18,
        "mean": -2.22734506394e-08,
        "median": -1.5090371619e-08,
        "min": -8.01597010991e-08,
        "var": 3.7569241109e-16
    },
    "spectral_energy": {
        "dmean": 0.027318475768,
        "dmean2": 0.0411755181849,
        "dvar": 0.00138171832077,
        "dvar2": 0.00305668287911,
        "max": 0.305873036385,
        "mean": 0.0869429036975,
        "median": 0.0614619739354,
        "min": 9.99613842941e-21,
        "var": 0.005400236696
    },
    "spectral_energyband_high": {
        "dmean": 0.00100356410258,
        "dmean2": 0.00162618292961,
        "dvar": 2.91887317871e-06,
        "dvar2": 7.90877038526e-06,
        "max": 0.0309357587248,
        "mean": 0.00215071020648,
        "median": 0.0013287877664,
        "min": 7.20272930597e-21,
        "var": 5.93136837779e-06
    },
    "spectral_energyband_low": {
        "dmean": 0.0271205678582,
        "dmean2": 0.0406641475856,
        "dvar": 0.00160904543009,
        "dvar2": 0.00347059662454,
        "max": 0.302917897701,
        "mean": 0.0728279724717,
        "median": 0.0374425686896,
        "min": 1.03980954986e-23,
        "var": 0.00547809153795
    },
    "spectral_energyband_middle_high": {
        "dmean": 0.00190054264385,
        "dmean2": 0.00299661559984,
        "dvar": 1.24713251353e-05,
        "dvar2": 2.64571553998e-05,
        "max": 0.13751848042,
        "mean": 0.00395762687549,
        "median": 0.00231312774122,
        "min": 1.1677435531e-21,
        "var": 3.12915253744e-05
    },
    "spectral_energyband_middle_low": {
        "dmean": 0.00842053256929,
        "dmean2": 0.0145726753399,
        "dvar": 0.000414047128288,
        "dvar2": 0.0011528050527,
        "max": 0.15894331038,
        "mean": 0.0106421774253,
        "median": 0.00655842060223,
        "min": 1.58530648716e-22,
        "var": 0.000278754916508
    },
    "spectral_entropy": {
        "dmean": 0.401930421591,
        "dmean2": 0.544721722603,
        "dvar": 0.407588690519,
        "dvar2": 0.575029611588,
        "max": 9.82134342194,
        "mean": 7.55502510071,
        "median": 7.93735074997,
        "min": 2.74144649506,
        "var": 1.14939010143
    },
    "spectral_flux": {
        "dmean": 0.0524413138628,
        "dmean2": 0.0747212693095,
        "dvar": 0.00433368282393,
        "dvar2": 0.00659452285618,
        "max": 0.500851690769,
        "mean": 0.133265674114,
        "median": 0.0885862708092,
        "min": 6.30146490543e-11,
        "var": 0.0138867450878
    },
    "spectral_kurtosis": {
        "dmean": 2.01571512222,
        "dmean2": 3.00194883347,
        "dvar": 28.5169219971,
        "dvar2": 56.3024597168,
        "max": 256.77911377,
        "mean": 3.72856140137,
        "median": 2.03278446198,
        "min": -1.30818545818,
        "var": 47.1097221375
    },
    "spectral_rms": {
        "dmean": 0.00146981165744,
        "dmean2": 0.00217550154775,
        "dvar": 3.12541101266e-06,
        "dvar2": 6.45464206173e-06,
        "max": 0.0172746255994,
        "mean": 0.00822601653636,
        "median": 0.00774357188493,
        "min": 3.12287218654e-12,
        "var": 1.71548508661e-05
    },
    "spectral_rolloff": {
        "dmean": 779.928833008,
        "dmean2": 1315.14331055,
        "dvar": 2406109.25,
        "dvar2": 5661272.5,
        "max": 19595.2148438,
        "mean": 1460.8392334,
        "median": 301.46484375,
        "min": 21.533203125,
        "var": 7820701
    },
    "spectral_skewness": {
        "dmean": 0.302262157202,
        "dmean2": 0.413745522499,
        "dvar": 0.279491335154,
        "dvar2": 0.492350399494,
        "max": 14.0287055969,
        "mean": 1.4770873785,
        "median": 1.24614691734,
        "min": -0.0845829471946,
        "var": 0.668496608734
    },
    "spectral_spread": {
        "dmean": 767662.5625,
        "dmean2": 1153814.5,
        "dvar": 1.13698485043e+12,
        "dvar2": 2.25559812506e+12,
        "max": 49406628,
        "mean": 7022667.5,
        "median": 6898029.5,
        "min": 349072.84375,
        "var": 1.62155273912e+13
    },
    "spectral_strongpeak": {
        "dmean": 0.403966397047,
        "dmean2": 0.685384869576,
        "dvar": 0.783992230892,
        "dvar2": 1.88173234463,
        "max": 29.5560493469,
        "mean": 0.776716589928,
        "median": 0.537454247475,
        "min": 0,
        "var": 0.950094401836
    },
    "zerocrossingrate": {
        "dmean": 0.0181456580758,
        "dmean2": 0.021680271253,
        "dvar": 0.000536994426511,
        "dvar2": 0.000650248548482,
        "max": 0.77099609375,
        "mean": 0.0664689913392,
        "median": 0.0478515625,
        "min": 0,
        "var": 0.0055377217941
    },
    "barkbands": {
        "dmean": [0.00189727917314, 0.025471508503, 0.0113086337224, 0.0057282964699, 0.00184335850645, 0.00069511734182, 0.000344633444911, 0.000443191092927, 0.000688002328388, 0.000319048267556, 0.000499423011206, 0.00028953369474, 0.000350036745658, 0.00023907054856, 0.000211631006096, 0.000194018764887, 0.000157220973051, 0.000133091234602, 0.000197721354198, 0.000149071696796, 0.000183854965144, 0.000233441256569, 0.000212594517507, 0.000190766149899, 0.00015465526667, 0.000122502518934, 6.22143707005e-05],
        "dmean2": [0.00253704679199, 0.0389088951051, 0.0184802245349, 0.010505117476, 0.00313310464844, 0.00108683353756, 0.000527888187207, 0.000677063129842, 0.00104776711669, 0.000517857784871, 0.000791646714788, 0.000445966958068, 0.000550444761757, 0.000359803292667, 0.000334691460012, 0.000312703719828, 0.000269571173703, 0.000221709706238, 0.000334939075401, 0.000245866191108, 0.000288871058729, 0.000385783903766, 0.000357502547558, 0.000319911341649, 0.000254116836004, 0.000194206193555, 9.85421502264e-05],
        "dvar": [1.08665453808e-05, 0.00169002322946, 0.000963071419392, 0.000317700294545, 1.60788695212e-05, 1.14169615699e-05, 4.68864698178e-07, 1.09239078938e-06, 3.25972382598e-06, 7.11920961294e-07, 6.0166125877e-06, 6.86352052526e-07, 7.89054070083e-07, 3.99882594593e-07, 2.78021445865e-07, 1.93735886e-07, 1.05427183428e-07, 5.10600273174e-08, 1.6048701923e-07, 8.78426149598e-08, 1.12319966661e-07, 2.01531861421e-07, 2.02890774403e-07, 1.14336103252e-07, 6.13311499364e-08, 3.38578374226e-08, 1.63275242215e-08],
        "dvar2": [1.64331140695e-05, 0.00374957476743, 0.00229750387371, 0.000901223218534, 4.49541839771e-05, 2.40725275944e-05, 9.92008722278e-07, 2.04961907002e-06, 6.83825101078e-06, 1.36806465889e-06, 1.09759184852e-05, 1.27427676944e-06, 1.65533526797e-06, 8.53148151236e-07, 6.21054539351e-07, 4.29248672162e-07, 2.72062351314e-07, 1.35521830202e-07, 4.52219211411e-07, 2.46130866799e-07, 2.87682581757e-07, 5.33062916475e-07, 5.69291728425e-07, 2.99468638332e-07, 1.60101279789e-07, 8.39815967879e-08, 3.69426267355e-08],
        "max": [0.043210722506, 0.273532867432, 0.211824148893, 0.13032579422, 0.0308284889907, 0.145858958364, 0.0171329099685, 0.0389592945576, 0.053078122437, 0.0536247640848, 0.134300649166, 0.0199185311794, 0.021414000541, 0.0172727573663, 0.019116781652, 0.0105560021475, 0.0120990090072, 0.00336405425332, 0.00928926467896, 0.00895634200424, 0.012134061195, 0.0150230815634, 0.0103754904121, 0.00628364132717, 0.00433770986274, 0.00216900743544, 0.00201177131385],
        "mean": [0.00392443314195, 0.0567239895463, 0.00959898997098, 0.00449820887297, 0.00249472958967, 0.000909760419745, 0.000637281278614, 0.000779010471888, 0.00122524879407, 0.000429616222391, 0.000752104562707, 0.000420670869062, 0.000551851931959, 0.000388892774936, 0.000335552613251, 0.000290659081656, 0.000202440598514, 0.000206340511795, 0.000293476274237, 0.000257446488831, 0.000376148382202, 0.000378558266675, 0.000374558119802, 0.000316838821163, 0.000256652827375, 0.000226423653658, 9.27832879825e-05],
        "median": [0.000770888582338, 0.022596206516, 0.00130561063997, 0.00114286236931, 0.00133953674231, 0.000302289670799, 0.00020422966918, 0.000209556237678, 0.000244161405135, 0.000113109381346, 9.23911429709e-05, 0.000104082260805, 0.00011326285312, 0.000103094622318, 0.000108082684164, 9.38441226026e-05, 8.4449442511e-05, 9.59690878517e-05, 0.000128386032884, 0.000123214806081, 0.000210705620702, 0.000186897508684, 0.000209070407436, 0.000179863985977, 0.000153416840476, 9.95415466605e-05, 1.70937219082e-05],
        "min": [4.29242292712e-25, 2.24866082932e-24, 1.152490481e-24, 2.25719157115e-24, 7.02877748679e-24, 1.01687326127e-23, 9.30315577327e-24, 7.68968673091e-24, 7.6388541119e-24, 9.86211263399e-24, 1.25157042462e-23, 1.21730317465e-23, 2.09115603268e-23, 3.52651842645e-23, 3.92376101041e-23, 4.1077325243e-23, 4.24674117539e-23, 7.30988491492e-23, 1.12080562242e-22, 1.47486204768e-22, 2.45624527724e-22, 3.20877642409e-22, 4.10565043638e-22, 5.66896398637e-22, 8.12390720136e-22, 1.29748034964e-21, 1.9756437488e-21],
        "var": [3.64005536539e-05, 0.00438135163859, 0.000814510625787, 0.000186254503205, 1.34057490868e-05, 1.24684929688e-05, 1.32154241328e-06, 3.31738056047e-06, 7.91383354226e-06, 1.77662263923e-06, 1.62186388479e-05, 1.65445123912e-06, 1.95648885892e-06, 8.30735586987e-07, 5.62978470953e-07, 3.69929608723e-07, 1.42054886965e-07, 8.55536654853e-08, 2.37173352957e-07, 1.45342326618e-07, 2.95576910503e-07, 4.0143828528e-07, 3.06145409468e-07, 1.76704517685e-07, 9.71273053096e-08, 7.58016227564e-08, 3.8483896958e-08]
    },
    "erbbands": {
        "dmean": [0.958563625813, 5.61686468124, 11.420124054, 17.5415782928, 12.3519620895, 3.93549752235, 5.96612405777, 4.20154905319, 3.87071084976, 6.37970161438, 10.8692903519, 14.0836238861, 12.5859375, 13.8187561035, 18.4426860809, 11.7774648666, 14.614991188, 14.8917007446, 9.3777217865, 9.91271018982, 11.4126653671, 8.49499988556, 7.05562829971, 9.56530666351, 8.79600524902, 7.32080364227, 7.85686683655, 7.2643198967, 8.06259918213, 7.95631933212, 5.79713439941, 4.33578777313, 3.01695990562, 1.94505512714, 1.062728405, 0.514124631882, 0.24500001967, 0.101110011339, 0.00649254862219, 0.000102783356851],
        "dmean2": [1.401496768, 8.69753837585, 17.7668533325, 30.5465545654, 21.983083725, 6.24340343475, 9.44767093658, 6.43538570404, 5.9605307579, 9.82664394379, 16.3989257812, 21.6214771271, 19.2961292267, 22.3498134613, 29.3417263031, 17.9253120422, 22.6577758789, 22.3189620972, 14.7215251923, 15.5486516953, 18.1913051605, 14.5277166367, 11.6854257584, 16.724281311, 14.5029039383, 12.0130958557, 12.5104017258, 11.6926469803, 13.2924938202, 13.3309516907, 9.81292247772, 7.23813343048, 5.10617733002, 3.25514531136, 1.73008298874, 0.82781124115, 0.385012954473, 0.158242970705, 0.0102506810799, 0.000163270669873],
        "dvar": [2.2526705265, 105.162384033, 836.27166748, 2614.22412109, 1183.34240723, 47.1034660339, 591.431640625, 321.941101074, 56.3945808411, 188.695358276, 678.602416992, 1068.19213867, 1235.04980469, 1641.21728516, 7245.75585938, 1066.88305664, 1573.46826172, 1763.57263184, 663.077575684, 630.057556152, 726.319763184, 345.093017578, 148.541122437, 372.996765137, 364.925964355, 178.753387451, 275.596588135, 206.876693726, 248.279312134, 270.1199646, 147.845458984, 66.4608459473, 26.3850479126, 10.058801651, 2.92797684669, 0.623698651791, 0.149448484182, 0.0317950211465, 0.000173403968802, 2.89550108334e-08],
        "dvar2": [4.57937383652, 238.691055298, 1771.21362305, 7011.89990234, 3354.77612305, 120.872749329, 1226.71533203, 695.383789062, 127.794639587, 383.62399292, 1228.09875488, 2276.99707031, 2579.62695312, 3150.62182617, 13649.1914062, 2039.42810059, 3184.21728516, 3714.3515625, 1438.33740234, 1370.6361084, 1587.16052246, 907.821899414, 397.52835083, 1052.02331543, 1028.32983398, 482.492095947, 753.613220215, 556.783508301, 641.06829834, 741.911132812, 418.758056641, 171.562393188, 69.4968490601, 26.5544967651, 7.61722230911, 1.59479022026, 0.368643909693, 0.0723624452949, 0.000394704460632, 6.68955664196e-08],
        "max": [12.0832157135, 71.311378479, 197.275756836, 369.343505859, 263.129180908, 94.6512985229, 855.94152832, 847.776611328, 261.045806885, 406.000946045, 1070.00427246, 661.855163574, 1157.55334473, 1980.12182617, 4053.61254883, 997.64251709, 1022.67218018, 982.833862305, 614.93145752, 1299.79858398, 725.924682617, 733.938903809, 195.989349365, 230.578582764, 548.441345215, 258.187133789, 560.913757324, 553.541687012, 654.514648438, 365.738220215, 312.822967529, 164.389724731, 84.8251647949, 47.0853271484, 44.4002952576, 9.47706031799, 5.68114328384, 2.99880313873, 0.223573133349, 0.00290471385233],
        "mean": [2.34966158867, 9.85015869141, 11.9129590988, 14.2047786713, 12.1957178116, 6.31648874283, 8.72167491913, 5.49266719818, 6.73768615723, 12.3326396942, 19.8941345215, 25.465845108, 20.8363513947, 20.8173961639, 27.5846347809, 19.223947525, 24.4541664124, 24.5649223328, 15.0659656525, 16.9002361298, 17.5606117249, 11.5726861954, 11.2442960739, 13.07081604, 14.6420536041, 13.1841287613, 14.9007339478, 13.9853544235, 13.6080760956, 12.7314796448, 10.1153821945, 7.1887512207, 4.91870689392, 3.15393781662, 1.71726214886, 0.812652945518, 0.440990924835, 0.183388054371, 0.0102987801656, 0.000260560511379],
        "median": [0.87819057703, 3.87556123734, 2.93425536156, 3.38038659096, 4.09300088882, 3.58988642693, 3.26832866669, 2.10039997101, 2.91243720055, 3.67332863808, 6.06208753586, 6.09073829651, 5.39757442474, 5.13585996628, 4.86678600311, 4.96467733383, 5.37794303894, 6.25223064423, 5.6596622467, 5.91282081604, 5.82046508789, 5.45582818985, 5.43602180481, 6.33672714233, 7.39777898788, 6.69174814224, 7.54238796234, 6.95851945877, 6.62782382965, 6.46619987488, 5.83104944229, 3.96428728104, 2.70380520821, 1.74848592281, 0.976327002048, 0.393916547298, 0.168927162886, 0.054437007755, 0.00254362006672, 0.000188332196558],
        "min": [8.58815891227e-23, 3.18235046729e-22, 2.40671087084e-21, 6.66201975724e-21, 1.20897244818e-20, 1.63207420059e-20, 5.23223338324e-20, 6.8272166113e-20, 1.43592466807e-19, 1.70827065358e-19, 2.36483906094e-19, 2.15409799778e-19, 4.98459088823e-19, 7.38278290544e-19, 8.70484034608e-19, 7.43948406848e-19, 1.24876148355e-18, 1.89279562308e-18, 2.07076415226e-18, 3.28398850913e-18, 3.24591834861e-18, 3.26215404288e-18, 3.88000688206e-18, 6.89370585422e-18, 5.5693098706e-18, 7.15510650832e-18, 9.1234464688e-18, 1.14648903805e-17, 1.07662801049e-17, 1.18038598965e-17, 1.09315698164e-17, 1.02488612609e-17, 1.01114367827e-17, 7.00284489142e-18, 6.22501304704e-18, 4.15435373992e-18, 2.25096730986e-18, 9.59158623454e-19, 2.38965732275e-19, 2.76826848736e-20],
        "var": [7.38245916367, 187.217285156, 858.259643555, 1778.94567871, 753.459472656, 68.7882537842, 693.529663086, 354.003814697, 125.266487122, 615.69921875, 2125.07226562, 2906.82373047, 2656.20263672, 4267.61962891, 16574.7050781, 3097.43676758, 4240.69775391, 3613.08203125, 1288.63085938, 1616.84301758, 1417.01953125, 435.32611084, 236.666259766, 372.71307373, 648.239807129, 363.545715332, 545.316101074, 531.453552246, 568.704406738, 405.302368164, 198.512664795, 101.939315796, 39.3741989136, 15.0511827469, 5.07061719894, 0.968898653984, 0.356562227011, 0.080716997385, 0.00044549908489, 8.45803853622e-08]
    },
    "gfcc": {
        "mean": [-2.42645001411, 48.3673324585, -65.5641021729, 43.777305603, -40.6562385559, 30.0195999146, -21.0935173035, 14.2474021912, -18.5682239532, 7.53942680359, -18.1534881592, 2.76735377312, -12.5049800873],
        "cov": [[28551.9375, -365.215759277, -2253.95532227, -122.726219177, -1534.57800293, 219.039352417, -804.389282227, 435.080413818, -518.657592773, 427.992797852, -477.773345947, 411.164733887, -492.321533203], [-365.215759277, 1264.78515625, 419.66305542, 171.964828491, 201.049179077, 0.249367773533, 89.8213195801, -77.4422149658, 43.404209137, -109.770782471, 19.0647144318, -116.471702576, 33.3768005371], [-2253.95532227, 419.66305542, 1265.83740234, 361.955596924, 575.626464844, 159.048141479, 275.78894043, -66.3978424072, 98.9176177979, -5.53649806976, 82.0504455566, -92.3780059814, 44.7058753967], [-122.726219177, 171.964828491, 361.955596924, 614.294372559, 327.981994629, 229.180786133, 93.3041152954, 25.7519016266, 41.3315467834, -45.7024154663, 45.1325798035, -37.6785888672, 55.5887031555], [-1534.57800293, 201.049179077, 575.626464844, 327.981994629, 610.285217285, 283.040649414, 277.721923828, 10.37292099, 130.352722168, 40.7324867249, 126.800498962, -26.354675293, 53.6456451416], [219.039352417, 0.249367773533, 159.048141479, 229.180786133, 283.040649414, 341.950439453, 178.411514282, 34.9573669434, 2.5921933651, 35.0729255676, 80.787902832, 24.487033844, 19.7413349152], [-804.389282227, 89.8213195801, 275.78894043, 93.3041152954, 277.721923828, 178.411514282, 309.748962402, 85.7538299561, 101.772193909, 33.3940811157, 110.57762146, 32.1893119812, 60.6630210876], [435.080413818, -77.4422149658, -66.3978424072, 25.7519016266, 10.37292099, 34.9573669434, 85.7538299561, 226.937896729, 129.862792969, 10.4912443161, -22.2469596863, 65.3992462158, 47.4821243286], [-518.657592773, 43.404209137, 98.9176177979, 41.3315467834, 130.352722168, 2.5921933651, 101.772193909, 129.862792969, 265.886199951, 103.1067276, 23.2284736633, -3.34303617477, 74.3649902344], [427.992797852, -109.770782471, -5.53649806976, -45.7024154663, 40.7324867249, 35.0729255676, 33.3940811157, 10.4912443161, 103.1067276, 235.549072266, 124.727142334, 12.8538665771, -19.8969306946], [-477.773345947, 19.0647144318, 82.0504455566, 45.1325798035, 126.800498962, 80.787902832, 110.57762146, -22.2469596863, 23.2284736633, 124.727142334, 259.442077637, 80.0466690063, -8.48778820038], [411.164733887, -116.471702576, -92.3780059814, -37.6785888672, -26.354675293, 24.487033844, 32.1893119812, 65.3992462158, -3.34303617477, 12.8538665771, 80.0466690063, 189.168914795, 46.2457771301], [-492.321533203, 33.3768005371, 44.7058753967, 55.5887031555, 53.6456451416, 19.7413349152, 60.6630210876, 47.4821243286, 74.3649902344, -19.8969306946, -8.48778820038, 46.2457771301, 153.158920288]],
        "icov": [[8.68058486958e-05, -0.000132548433612, 7.54109714762e-05, -0.000183929689229, 0.000198831126909, -0.000152684544446, -2.29035249504e-05, -0.000182082076208, 0.00029896167689, -0.000616066507064, 0.000525575189386, -0.000402859615861, 0.000293797813356], [-0.000132548433612, 0.00126042752527, -0.00033596312278, 0.000245492352406, -0.000189002690604, 0.000265344220679, -1.83808842849e-05, 0.000662892765831, -0.00106637447607, 0.00195289647672, -0.00144779402763, 0.00125689513516, -0.000546290364582], [7.54109714762e-05, -0.00033596312278, 0.00190113997087, -0.000858827086631, -0.00143488170579, 0.00131806998979, -0.00141784665175, 0.000596596917603, 0.000751490646508, -0.00114846718498, 0.00132677133661, -0.000542494875845, 0.000504969153553], [-0.000183929689229, 0.000245492352406, -0.000858827086631, 0.00396152073517, -0.00125569233205, -0.00215124944225, 0.00292051467113, -0.0011836431222, -0.000964708102401, 0.00312940706499, -0.00308732152916, 0.00249044154771, -0.00195269542746], [0.000198831126909, -0.000189002690604, -0.00143488170579, -0.00125569233205, 0.00742673268542, -0.00407796772197, -0.00184053718112, 0.00209589116275, -0.00334038818255, 0.000346598855685, 9.45184874581e-05, -0.000833120255265, 0.00148218369577], [-0.000152684544446, 0.000265344220679, 0.00131806998979, -0.00215124944225, -0.00407796772197, 0.00939834117889, -0.0040903412737, -0.000769006204791, 0.00440179137513, -0.00276433699764, 0.00143371580634, -0.000359210040187, -0.00038555113133], [-2.29035249504e-05, -1.83808842849e-05, -0.00141784665175, 0.00292051467113, -0.00184053718112, -0.0040903412737, 0.0108360648155, -0.00429407181218, -0.000984921818599, 0.00289802462794, -0.0050508864224, 0.00241444376297, -0.0026587957982], [-0.000182082076208, 0.000662892765831, 0.000596596917603, -0.0011836431222, 0.00209589116275, -0.000769006204791, -0.00429407181218, 0.0122995283455, -0.00792874116451, 0.00283760251477, 0.00246479688212, -0.0042361440137, 0.0024124737829], [0.00029896167689, -0.00106637447607, 0.000751490646508, -0.000964708102401, -0.00334038818255, 0.00440179137513, -0.000984921818599, -0.00792874116451, 0.0145889734849, -0.00926556158811, 0.00322957872413, 0.00116358837113, -0.00368463038467], [-0.000616066507064, 0.00195289647672, -0.00114846718498, 0.00312940706499, 0.000346598855685, -0.00276433699764, 0.00289802462794, 0.00283760251477, -0.00926556158811, 0.0156832076609, -0.00989995989949, 0.00459304172546, -0.000398392206989], [0.000525575189386, -0.00144779402763, 0.00132677133661, -0.00308732152916, 9.45184874581e-05, 0.00143371580634, -0.0050508864224, 0.00246479688212, 0.00322957872413, -0.00989995989949, 0.0141346715391, -0.00845329463482, 0.00423827441409], [-0.000402859615861, 0.00125689513516, -0.000542494875845, 0.00249044154771, -0.000833120255265, -0.000359210040187, 0.00241444376297, -0.0042361440137, 0.00116358837113, 0.00459304172546, -0.00845329463482, 0.0128906713799, -0.00594838848338], [0.000293797813356, -0.000546290364582, 0.000504969153553, -0.00195269542746, 0.00148218369577, -0.00038555113133, -0.0026587957982, 0.0024124737829, -0.00368463038467, -0.000398392206989, 0.00423827441409, -0.00594838848338, 0.0117579251528]]
    },
    "melbands": {
        "dmean": [0.00729965977371, 0.00553919514641, 0.0028099892661, 0.000534267222974, 0.000182736956049, 0.000103713777207, 6.20679493295e-05, 7.41119438317e-05, 8.90502196853e-05, 9.52210466494e-05, 6.38202836853e-05, 5.51662924408e-05, 7.14529669494e-05, 3.79116390832e-05, 2.93378925562e-05, 3.45542139257e-05, 2.63462079602e-05, 1.48383505802e-05, 1.349095146e-05, 1.26631484818e-05, 1.38945688377e-05, 9.39434812608e-06, 7.02378065398e-06, 7.37706886866e-06, 8.3605900727e-06, 7.49812534195e-06, 5.40948394701e-06, 5.03143246533e-06, 5.84222971156e-06, 4.07682910009e-06, 4.88286423206e-06, 4.71819021186e-06, 5.0885400924e-06, 4.62248499389e-06, 3.64681500287e-06, 3.11401572617e-06, 2.65710764324e-06, 2.23026245294e-06, 2.00154590857e-06, 1.64791367752e-06],
        "dmean2": [0.0109358299524, 0.00834675412625, 0.00477425334975, 0.000927272834815, 0.000285695568891, 0.000158565366291, 9.55724462983e-05, 0.000113984897325, 0.000134339919896, 0.000145822734339, 9.78856842266e-05, 8.95542470971e-05, 0.000113016547402, 5.86708119954e-05, 4.56758170913e-05, 5.35501494596e-05, 3.93748123315e-05, 2.33077789744e-05, 2.15606069105e-05, 2.02829014597e-05, 2.2086825993e-05, 1.60954368766e-05, 1.18734378702e-05, 1.21602806757e-05, 1.47387636389e-05, 1.22486408145e-05, 8.86537145561e-06, 8.29983400763e-06, 9.30447276914e-06, 6.54522500554e-06, 7.93016170064e-06, 7.84676103649e-06, 8.51546337799e-06, 7.79120546213e-06, 6.21715344096e-06, 5.23149583387e-06, 4.44484476247e-06, 3.78065533368e-06, 3.38315885529e-06, 2.7580808819e-06],
        "dvar": [0.00013337341079, 0.000134187619551, 6.11758514424e-05, 1.69023155649e-06, 4.38613255938e-07, 2.21142272494e-07, 1.42760692157e-08, 2.12370441233e-08, 3.97906916305e-08, 5.71557237095e-08, 3.19391020298e-08, 2.58741383874e-08, 1.36629893177e-07, 1.19530900733e-08, 6.19558893078e-09, 6.81169121108e-09, 5.44798250957e-09, 1.73857339636e-09, 9.0037682865e-10, 8.15889467098e-10, 1.08966824452e-09, 4.33637681319e-10, 2.14801315623e-10, 1.58030588615e-10, 3.05261371736e-10, 2.78489148409e-10, 1.10280326537e-10, 8.67875493693e-11, 2.11544934348e-10, 4.27877004661e-11, 1.2423813367e-10, 9.70603597494e-11, 1.08821125722e-10, 1.00023329896e-10, 5.79619338636e-11, 3.70413352768e-11, 2.41292645586e-11, 1.40756720515e-11, 1.13269020899e-11, 6.9787960133e-12],
        "dvar2": [0.000281408836599, 0.000240622233832, 0.000159435046953, 4.77398270959e-06, 9.19879539651e-07, 4.7683295179e-07, 3.25581730465e-08, 4.47968133699e-08, 7.22894455407e-08, 1.22123736901e-07, 6.63554402536e-08, 4.97931935683e-08, 2.53905028558e-07, 2.23343761263e-08, 1.27131372096e-08, 1.46330645379e-08, 1.15496918696e-08, 3.69132524547e-09, 2.05864036928e-09, 1.8201993246e-09, 2.367898988e-09, 1.10391751296e-09, 5.75340497466e-10, 4.08390654627e-10, 8.60720827944e-10, 7.7652362318e-10, 3.04426456266e-10, 2.34614605521e-10, 5.80102521575e-10, 1.10101941453e-10, 3.35238392601e-10, 2.58897348004e-10, 2.70461097962e-10, 2.72098094056e-10, 1.6682186188e-10, 9.8526568848e-11, 6.25789073339e-11, 3.71616973305e-11, 3.01356890831e-11, 1.82222622408e-11],
        "max": [0.0856493860483, 0.0763957649469, 0.0576173700392, 0.0093372547999, 0.0237423051149, 0.0218814313412, 0.00398362800479, 0.00369110680185, 0.00805503316224, 0.0062525914982, 0.00588899152353, 0.0088236304, 0.0196437239647, 0.00268588028848, 0.00211135693826, 0.00144144683145, 0.0017156022368, 0.00094090111088, 0.00124077731743, 0.00107375357766, 0.000888331560418, 0.000999737996608, 0.000287256058073, 0.000229012308409, 0.000215981694055, 0.000567128998227, 0.000181458308361, 0.000177738285856, 0.000512884056661, 0.000113634036097, 0.000511121237651, 0.000329450413119, 0.000501147238538, 0.000330458075041, 0.000181846960913, 0.00015611985873, 0.000100857607322, 6.75156188663e-05, 5.40608889423e-05, 3.463691246e-05],
        "mean": [0.0180452391505, 0.00847120769322, 0.00246968516149, 0.000635657983366, 0.000285732763587, 0.00013404971105, 0.000110390399641, 0.000141592157888, 0.00016197860532, 0.000167232035892, 0.000102633937786, 7.96972090029e-05, 0.000108318847197, 5.3940435464e-05, 4.77778230561e-05, 5.58879437449e-05, 4.20859396399e-05, 2.24624072871e-05, 2.15931922867e-05, 2.01840030059e-05, 2.02993542189e-05, 1.18069929158e-05, 9.65269555309e-06, 1.11907038445e-05, 1.0118948012e-05, 1.19962405734e-05, 8.70617986948e-06, 8.28147494758e-06, 1.01441310107e-05, 7.16865770301e-06, 8.64337289386e-06, 7.41875101085e-06, 7.61927003623e-06, 7.08537345417e-06, 5.99715258431e-06, 4.93712741445e-06, 4.17971887146e-06, 3.44853947354e-06, 3.05031358039e-06, 2.54245219367e-06],
        "median": [0.0069340239279, 0.00317299133167, 0.000738571630791, 0.000300129933748, 0.000129583815578, 4.83811854792e-05, 4.27709492214e-05, 4.276776599e-05, 4.2379131628e-05, 3.46599699697e-05, 2.26372576435e-05, 1.74124852492e-05, 1.42251737998e-05, 1.30002099468e-05, 8.82833228388e-06, 1.19378873933e-05, 1.01255318441e-05, 6.88593308951e-06, 7.53223639549e-06, 6.82360996507e-06, 5.78504159421e-06, 4.81335428049e-06, 3.69934105038e-06, 4.55633562524e-06, 4.47594266006e-06, 5.08116772835e-06, 4.0793079279e-06, 3.62106356988e-06, 4.33467175753e-06, 3.68749556401e-06, 3.68104770132e-06, 3.47164746017e-06, 3.36586890626e-06, 3.55863699042e-06, 3.08661515191e-06, 2.76141713584e-06, 2.18761533688e-06, 1.90096704955e-06, 1.58966474828e-06, 1.28025374124e-06],
        "min": [1.38002873164e-24, 1.1572283796e-24, 1.64077792779e-24, 1.39452296609e-24, 1.84681094268e-24, 1.45881601734e-24, 2.0932126325e-24, 1.7229343398e-24, 1.26452746499e-24, 1.47980099932e-24, 1.6568130048e-24, 2.76839414533e-24, 2.35730058382e-24, 1.14701361695e-24, 2.05460656866e-24, 2.15513722749e-24, 2.84202405564e-24, 2.6188065934e-24, 2.7993224232e-24, 3.85909413771e-24, 3.05960983989e-24, 2.24537916796e-24, 1.52343496674e-24, 3.80983569063e-24, 3.87446548687e-24, 3.6890488587e-24, 4.46731102323e-24, 3.94402369162e-24, 3.73581805519e-24, 4.87257766366e-24, 6.3855821143e-24, 5.59836164533e-24, 4.58109789792e-24, 5.75831187134e-24, 5.15011470734e-24, 5.55210323628e-24, 5.54164727941e-24, 5.96732017374e-24, 6.081106654e-24, 5.92335261676e-24],
        "var": [0.000422001932748, 0.000196217981284, 4.4555610657e-05, 1.20610422982e-06, 5.28638963715e-07, 2.39270832481e-07, 3.26359845815e-08, 6.83190322093e-08, 1.28267302557e-07, 1.37018290047e-07, 6.92405990321e-08, 6.47596962722e-08, 3.49584723836e-07, 2.63878856543e-08, 1.78857852973e-08, 1.54286929899e-08, 1.09508633273e-08, 3.42056249991e-09, 1.91371762881e-09, 1.824293272e-09, 2.09955319797e-09, 5.55361201471e-10, 2.85650142429e-10, 3.00921371155e-10, 2.77991379916e-10, 5.05184227784e-10, 1.89218640756e-10, 1.59111473996e-10, 3.91690985202e-10, 9.30092461382e-11, 3.03793823431e-10, 1.68957056679e-10, 2.33047248166e-10, 1.67742375545e-10, 7.60693175117e-11, 5.06809143264e-11, 3.75771705419e-11, 1.99693404174e-11, 1.66519315697e-11, 1.07452232875e-11]
    },
    "mfcc": {
        "mean": [-657.431762695, 88.6544342041, 36.0372962952, 28.8324241638, 14.1652069092, 21.2795677185, 12.2878770828, 12.9409189224, 9.24418354034, 10.3883142471, 4.62186050415, 1.9222253561, 0.279179811478],
        "cov": [[14098.5712891, -447.817321777, -1002.83068848, -698.292114258, -670.009765625, -591.484985352, -476.933319092, -162.745025635, -239.383224487, -154.830657959, -11.8840637207, 7.37601280212, 92.9680175781], [-447.817321777, 1264.33203125, 404.231079102, 156.319534302, 100.320205688, 126.38999939, 82.158493042, 14.8228321075, 25.0265483856, 65.4498901367, 18.5361843109, -16.6974582672, -30.6468830109], [-1002.83068848, 404.231079102, 710.013244629, 328.051086426, 237.828262329, 216.387908936, 163.52305603, 43.3491897583, 65.5690155029, 72.0066299438, 20.0975017548, -4.61695671082, -16.7470779419], [-698.292114258, 156.319534302, 328.051086426, 435.316040039, 291.741333008, 188.784500122, 127.623146057, 114.943481445, 103.602539062, 68.1354370117, 28.4443492889, 18.816740036, 10.2374010086], [-670.009765625, 100.320205688, 237.828262329, 291.741333008, 390.40423584, 279.70425415, 182.375717163, 115.890617371, 101.618812561, 74.9974517822, 60.8417129517, 35.8781547546, 26.2644863129], [-591.484985352, 126.38999939, 216.387908936, 188.784500122, 279.70425415, 394.158721924, 278.182647705, 76.3403167725, 40.3911895752, 57.8585891724, 83.9903259277, 65.6992950439, 24.3892288208], [-476.933319092, 82.158493042, 163.52305603, 127.623146057, 182.375717163, 278.182647705, 345.612609863, 128.717681885, -0.321300208569, 23.184671402, 62.4323387146, 74.8218460083, 57.5101776123], [-162.745025635, 14.8228321075, 43.3491897583, 114.943481445, 115.890617371, 76.3403167725, 128.717681885, 264.776824951, 138.953781128, 5.24263381958, -4.7960357666, -0.698793113232, 43.3313903809], [-239.383224487, 25.0265483856, 65.5690155029, 103.602539062, 101.618812561, 40.3911895752, -0.321300208569, 138.953781128, 265.204498291, 123.784912109, -2.57145738602, -18.5684738159, -3.01659536362], [-154.830657959, 65.4498901367, 72.0066299438, 68.1354370117, 74.9974517822, 57.8585891724, 23.184671402, 5.24263381958, 123.784912109, 192.002593994, 86.465461731, 43.9230155945, 11.9116744995], [-11.8840637207, 18.5361843109, 20.0975017548, 28.4443492889, 60.8417129517, 83.9903259277, 62.4323387146, -4.7960357666, -2.57145738602, 86.465461731, 178.462020874, 104.681289673, 36.5215568542], [7.37601280212, -16.6974582672, -4.61695671082, 18.816740036, 35.8781547546, 65.6992950439, 74.8218460083, -0.698793113232, -18.5684738159, 43.9230155945, 104.681289673, 144.648452759, 61.5660324097], [92.9680175781, -30.6468830109, -16.7470779419, 10.2374010086, 26.2644863129, 24.3892288208, 57.5101776123, 43.3313903809, -3.01659536362, 11.9116744995, 36.5215568542, 61.5660324097, 133.751403809]],
