{
"lowlevel": {
    "average_loudness": 0.464464604855,
    "barkbands_crest": {
        "dmean": 2.88957452774,
        "dmean2": 4.45287322998,
        "dvar": 11.2549982071,
        "dvar2": 24.2872447968,
        "max": 26.7850246429,
        "mean": 12.9557590485,
        "median": 11.9002456665,
        "min": 2.17339015007,
        "var": 37.0930328369
    },
    "barkbands_flatness_db": {
        "dmean": 0.0283419061452,
        "dmean2": 0.0431871786714,
        "dvar": 0.00124322657939,
        "dvar2": 0.00268640671857,
        "max": 0.601204693317,
        "mean": 0.191496357322,
        "median": 0.161987841129,
        "min": 0.011587289162,
        "var": 0.0141332140192
    },
    "barkbands_kurtosis": {
        "dmean": 8.24934196472,
        "dmean2": 14.2767076492,
        "dvar": 2662.4597168,
        "dvar2": 7504.43408203,
        "max": 1244.91162109,
        "mean": 8.64691925049,
        "median": 3.31924748421,
        "min": -1.92352378368,
        "var": 1741.30822754
    },
    "barkbands_skewness": {
        "dmean": 0.827430069447,
        "dmean2": 1.26117479801,
        "dvar": 3.05251789093,
        "dvar2": 7.46154928207,
        "max": 30.1731796265,
        "mean": 1.37501811981,
        "median": 1.04620146751,
        "min": -3.3395254612,
        "var": 4.85064601898
    },
    "barkbands_spread": {
        "dmean": 10.1545686722,
        "dmean2": 16.1980304718,
        "dvar": 218.728927612,
        "dvar2": 512.137634277,
        "max": 120.57535553,
        "mean": 29.1966934204,
        "median": 21.6775665283,
        "min": 0.188688486814,
        "var": 737.859863281
    },
    "dissonance": {
        "dmean": 0.0209704898298,
        "dmean2": 0.0358533039689,
        "dvar": 0.000654647650663,
        "dvar2": 0.00188855477609,
        "max": 0.5,
        "mean": 0.431152164936,
        "median": 0.465473115444,
        "min": 0.104697689414,
        "var": 0.00528303068131
    },
    "dynamic_complexity": 4.75173187256,
    "erbbands_crest": {
        "dmean": 2.547519207,
        "dmean2": 4.07303619385,
        "dvar": 7.46551990509,
        "dvar2": 18.5607833862,
        "max": 32.8680419922,
        "mean": 11.7660427094,
        "median": 10.6016788483,
        "min": 2.15957283974,
        "var": 45.6506271362
    },
    "erbbands_flatness_db": {
        "dmean": 0.0159624908119,
        "dmean2": 0.0244335159659,
        "dvar": 0.000292056560284,
        "dvar2": 0.000621828367002,
        "max": 0.629226505756,
        "mean": 0.199856236577,
        "median": 0.149227410555,
        "min": 0.0330539271235,
        "var": 0.0179288163781
    },
    "erbbands_kurtosis": {
        "dmean": 1.30331015587,
        "dmean2": 2.0348212719,
        "dvar": 4.88172864914,
        "dvar2": 11.3113994598,
        "max": 64.0468826294,
        "mean": 2.74359798431,
        "median": 0.991860389709,
        "min": -1.86712539196,
        "var": 22.6566905975
    },
    "erbbands_skewness": {
        "dmean": 0.360099077225,
        "dmean2": 0.547152936459,
        "dvar": 0.171357497573,
        "dvar2": 0.397456586361,
        "max": 5.65500831604,
        "mean": 0.264015942812,
        "median": 0.0837822705507,
        "min": -3.20943379402,
        "var": 1.14263486862
    },
    "erbbands_spread": {
        "dmean": 9.42205142975,
        "dmean2": 14.153799057,
        "dvar": 219.714920044,
        "dvar2": 488.763977051,
        "max": 193.783416748,
        "mean": 37.7854766846,
        "median": 31.5252418518,
        "min": 0.73713439703,
        "var": 1078.15258789
    },
    "hfc": {
        "dmean": 21.5628948212,
        "dmean2": 34.4149475098,
        "dvar": 2511.12402344,
        "dvar2": 5707.83837891,
        "max": 767.15826416,
        "mean": 52.1863288879,
        "median": 17.8114280701,
        "min": 1.14619532275e-16,
        "var": 6242.88427734
    },
    "melbands_crest": {
        "dmean": 3.38878107071,
        "dmean2": 5.24432229996,
        "dvar": 15.4345283508,
        "dvar2": 34.905670166,
        "max": 38.6963272095,
        "mean": 17.1721286774,
        "median": 14.8553028107,
        "min": 1.85868799686,
        "var": 67.7856292725
    },
    "melbands_flatness_db": {
        "dmean": 0.0351592935622,
        "dmean2": 0.0526665523648,
        "dvar": 0.00223130360246,
        "dvar2": 0.00464945938438,
        "max": 0.676827013493,
        "mean": 0.242933481932,
        "median": 0.235751032829,
        "min": 0.0032609149348,
        "var": 0.015982337296
    },
    "melbands_kurtosis": {
        "dmean": 23.8731212616,
        "dmean2": 37.8210334778,
        "dvar": 6037.01855469,
        "dvar2": 14238.3027344,
        "max": 1410.78039551,
        "mean": 30.4052791595,
        "median": 4.60784482956,
        "min": -1.76025521755,
        "var": 6908.63623047
    },
    "melbands_skewness": {
        "dmean": 1.27652287483,
        "dmean2": 1.88674426079,
        "dvar": 4.64973926544,
        "dvar2": 9.70774364471,
        "max": 30.0114803314,
        "mean": 2.95812058449,
        "median": 1.29335129261,
        "min": -2.14635634422,
        "var": 15.0080480576
    },
    "melbands_spread": {
        "dmean": 11.3187322617,
        "dmean2": 17.8488140106,
        "dvar": 382.720001221,
        "dvar2": 843.679992676,
        "max": 247.817840576,
        "mean": 28.725107193,
        "median": 11.4152784348,
        "min": 0.214272215962,
        "var": 1130.91235352
    },
    "pitch_salience": {
        "dmean": 0.0768760889769,
        "dmean2": 0.116714991629,
        "dvar": 0.00884332228452,
        "dvar2": 0.0189161095768,
        "max": 0.983117520809,
        "mean": 0.461929291487,
        "median": 0.495028138161,
        "min": 0.0139812938869,
        "var": 0.0300541892648
    },
    "silence_rate_20dB": {
        "dmean": 0,
        "dmean2": 0,
        "dvar": 0,
        "dvar2": 0,
        "max": 1,
        "mean": 1,
        "median": 1,
        "min": 1,
        "var": 0
    },
    "silence_rate_30dB": {
        "dmean": 0.0818454027176,
        "dmean2": 0.16370895505,
        "dvar": 0.0751546248794,
        "dvar2": 0.162871643901,
        "max": 1,
        "mean": 0.860390305519,
        "median": 1,
        "min": 0,
        "var": 0.120121613145
    },
    "silence_rate_60dB": {
        "dmean": 0.0530109778047,
        "dmean2": 0.106033720076,
        "dvar": 0.0501986257732,
        "dvar2": 0.108977913857,
        "max": 1,
        "mean": 0.217010423541,
        "median": 0,
        "min": 0,
        "var": 0.169934749603
    },
    "spectral_centroid": {
        "dmean": 300.399627686,
        "dmean2": 447.531646729,
        "dvar": 215237.828125,
        "dvar2": 432113.5625,
        "max": 11234.1679688,
        "mean": 1832.89685059,
        "median": 1646.56689453,
        "min": 144.343322754,
        "var": 1192832
    },
    "spectral_complexity": {
        "dmean": 3.93368077278,
        "dmean2": 6.35093164444,
        "dvar": 35.8763847351,
        "dvar2": 80.4103088379,
        "max": 55,
        "mean": 14.395652771,
        "median": 10,
        "min": 0,
        "var": 113.572883606
    },
    "spectral_decrease": {
        "dmean": 3.77548969865e-09,
        "dmean2": 5.4948672279e-09,
        "dvar": 5.00771701768e-17,
        "dvar2": 1.04531144881e-16,
        "max": -1.96818213903e-29,
        "mean": -8.82443451644e-09,
        "median": -2.18195084223e-09,
        "min": -6.69411690524e-08,
        "var": 1.62842441452e-16
    },
    "spectral_energy": {
        "dmean": 0.0145032480359,
        "dmean2": 0.0206491146237,
        "dvar": 0.000693881011102,
        "dvar2": 0.00143777346238,
        "max": 0.255558490753,
        "mean": 0.0380388274789,
        "median": 0.0106007605791,
        "min": 1.07337945121e-20,
        "var": 0.00260316487402
    },
    "spectral_energyband_high": {
        "dmean": 0.00192959711421,
        "dmean2": 0.00306325871497,
        "dvar": 1.76160192495e-05,
        "dvar2": 3.95140486944e-05,
        "max": 0.0598826184869,
        "mean": 0.0043484265916,
        "median": 0.00114307878539,
        "min": 7.54801905058e-21,
        "var": 4.48537175544e-05
    },
    "spectral_energyband_low": {
        "dmean": 0.0127726169303,
        "dmean2": 0.0189939979464,
        "dvar": 0.000753552070819,
        "dvar2": 0.00160318100825,
        "max": 0.252617061138,
        "mean": 0.0249206852168,
        "median": 0.000486727280077,
        "min": 4.44078044769e-23,
        "var": 0.00214952300303
    },
    "spectral_energyband_middle_high": {
        "dmean": 0.00138921558391,
        "dmean2": 0.00227943109348,
        "dvar": 4.95566928294e-06,
        "dvar2": 1.28685760501e-05,
        "max": 0.0302347075194,
        "mean": 0.00386305060238,
        "median": 0.00232269940898,
        "min": 1.57228132077e-21,
        "var": 1.73221596924e-05
    },
    "spectral_energyband_middle_low": {
        "dmean": 0.00399797363207,
        "dmean2": 0.0062781306915,
        "dvar": 0.000155673071276,
        "dvar2": 0.000373127521016,
        "max": 0.128657311201,
        "mean": 0.00559851666912,
        "median": 0.00223136669956,
        "min": 3.7066587269e-22,
        "var": 0.000171652864083
    },
    "spectral_entropy": {
        "dmean": 0.182546272874,
        "dmean2": 0.278504222631,
        "dvar": 0.0503856129944,
        "dvar2": 0.11767732352,
        "max": 9.79688549042,
        "mean": 7.37486314774,
        "median": 7.64909553528,
        "min": 3.97149157524,
        "var": 1.08189916611
    },
    "spectral_flux": {
        "dmean": 0.0293663144112,
        "dmean2": 0.0453713163733,
        "dvar": 0.00173506408464,
        "dvar2": 0.00401959009469,
        "max": 0.444491863251,
        "mean": 0.0827456042171,
        "median": 0.059002764523,
        "min": 6.83626835696e-11,
        "var": 0.00673512043431
    },
    "spectral_kurtosis": {
        "dmean": 5.63557958603,
        "dmean2": 9.81275749207,
        "dvar": 218.579498291,
        "dvar2": 656.518737793,
        "max": 498.099304199,
        "mean": 17.0943393707,
        "median": 2.79758214951,
        "min": -1.25082051754,
        "var": 1739.06713867
    },
    "spectral_rms": {
        "dmean": 0.000929356494453,
        "dmean2": 0.00129009818193,
        "dvar": 1.98595898837e-06,
        "dvar2": 3.78049776373e-06,
        "max": 0.0157900396734,
        "mean": 0.00482559110969,
        "median": 0.00321592995897,
        "min": 3.23604619663e-12,
        "var": 1.38249461088e-05
    },
    "spectral_rolloff": {
        "dmean": 1382.35864258,
        "dmean2": 2336.70922852,
        "dvar": 7226135.5,
        "dvar2": 17175712,
        "max": 18841.5527344,
        "mean": 3140.18994141,
        "median": 904.39453125,
        "min": 43.06640625,
        "var": 15162217
    },
    "spectral_skewness": {
        "dmean": 0.405081957579,
        "dmean2": 0.692156434059,
        "dvar": 0.524712443352,
        "dvar2": 1.58602702618,
        "max": 18.8292102814,
        "mean": 2.28943920135,
        "median": 1.40542602539,
        "min": -0.0197835359722,
        "var": 4.7173037529
    },
    "spectral_spread": {
        "dmean": 616640,
        "dmean2": 918051.5,
        "dvar": 647180648448,
        "dvar2": 1.1045526569e+12,
        "max": 42046500,
        "mean": 5699561.5,
        "median": 6173203,
        "min": 180417.609375,
        "var": 1.02169952911e+13
    },
    "spectral_strongpeak": {
        "dmean": 0.518447875977,
        "dmean2": 0.870244026184,
        "dvar": 1.45215272903,
        "dvar2": 3.64382195473,
        "max": 22.0081062317,
        "mean": 1.20714175701,
        "median": 0.817903339863,
        "min": 0,
        "var": 2.57759690285
    },
    "zerocrossingrate": {
        "dmean": 0.0208052657545,
        "dmean2": 0.0250286385417,
        "dvar": 0.000841509201564,
        "dvar2": 0.00115205405746,
        "max": 0.66943359375,
        "mean": 0.102112449706,
        "median": 0.06884765625,
        "min": 0.00244140625,
        "var": 0.00648008845747
    },
    "barkbands": {
        "dmean": [0.000529452518094, 0.0115252844989, 0.00222976924852, 0.0013886912493, 0.00215893168934, 0.000604650587775, 0.000263767607976, 0.000187887810171, 0.000377396296244, 0.000382949394407, 0.000247535266681, 0.000199725589482, 0.000227779397392, 0.000200768670766, 0.0002199941664, 0.000177513036761, 0.000180522169103, 0.000142949851579, 0.00021508646023, 0.000202880808502, 0.000264140369836, 0.000246573588811, 0.00024568696972, 0.000306442641886, 0.000417640083469, 0.000604519504122, 0.000239784334553],
        "dmean2": [0.000792740320321, 0.0167927779257, 0.0039333854802, 0.00254957191646, 0.00334622221999, 0.00110266555566, 0.000469952676212, 0.000304350309307, 0.000573574914597, 0.000616157485638, 0.000401158060413, 0.000324280350469, 0.000362708466128, 0.000336133351084, 0.000378946744604, 0.000299676641589, 0.000300226529362, 0.00023254500411, 0.000353515730239, 0.000329273432726, 0.000430282612797, 0.000400705670472, 0.000392295274651, 0.000481916940771, 0.000652764225379, 0.000981193734333, 0.000380848126952],
        "dvar": [2.33542027672e-06, 0.000645529769827, 9.52083064476e-05, 5.0691258366e-05, 6.81284727762e-05, 7.63301522966e-06, 6.12354313034e-07, 1.59573133374e-07, 4.34924999126e-07, 7.99575161636e-07, 4.3704892505e-07, 2.96298821922e-07, 3.77176405664e-07, 2.73062454426e-07, 3.84898527273e-07, 1.70100378227e-07, 1.70172839375e-07, 1.03183772637e-07, 2.20530978368e-07, 2.05031213341e-07, 2.72650936495e-07, 2.46512485091e-07, 2.30068280871e-07, 3.80507998443e-07, 8.93830133464e-07, 2.73325872513e-06, 6.90983426921e-07],
        "dvar2": [5.92599826632e-06, 0.00133192830253, 0.000258537766058, 0.00014650070807, 0.000150141306221, 2.21435220737e-05, 1.7454317458e-06, 3.81207456712e-07, 1.01960017673e-06, 2.00090744329e-06, 9.80541926765e-07, 6.3799467398e-07, 8.14383099623e-07, 6.2371856302e-07, 1.12031545996e-06, 4.06283902521e-07, 4.0346537844e-07, 2.51972863907e-07, 5.17544265222e-07, 4.55908576669e-07, 7.0261808105e-07, 6.2341962348e-07, 5.62930154047e-07, 8.441829209e-07, 1.93040909835e-06, 6.69558539812e-06, 1.65301787547e-06],
        "max": [0.0626754388213, 0.238591521978, 0.12771576643, 0.0919295847416, 0.122395262122, 0.0455269888043, 0.0105990059674, 0.00712261395529, 0.0137566570193, 0.0241727251559, 0.0196734126657, 0.0157959088683, 0.017936039716, 0.0201596412808, 0.0249183345586, 0.0123495385051, 0.0132285961881, 0.00800436828285, 0.0093470774591, 0.0141046522185, 0.0126802707091, 0.0137029401958, 0.00979911908507, 0.00710053462535, 0.0121819954365, 0.027115855366, 0.0159126464278],
        "mean": [0.0010066437535, 0.0214600693434, 0.00187710532919, 0.00108127447311, 0.0021984227933, 0.000599089602474, 0.000344523607055, 0.000319817889249, 0.000859824358486, 0.000742680917028, 0.000433551671449, 0.000331746647134, 0.000407926476328, 0.000318775157211, 0.000347506749677, 0.000250822864473, 0.000281193235423, 0.000241232570261, 0.000387617823435, 0.000427595572546, 0.000519725843333, 0.000495126587339, 0.000432901782915, 0.000577101425733, 0.000744805496652, 0.00102031370625, 0.00033137173159],
        "median": [6.74603688822e-06, 0.000202419265406, 3.82329781132e-05, 1.91540511878e-05, 0.000126056460431, 0.000228024931857, 0.000148032355355, 7.81388371252e-05, 0.000444635748863, 0.000370890193153, 0.000132990709972, 4.02336190746e-05, 4.37586350017e-05, 4.96910288348e-05, 5.01740541949e-05, 5.77424361836e-05, 4.89960584673e-05, 4.84213524032e-05, 7.98070104793e-05, 8.89867151272e-05, 0.000128772298922, 0.000136624934385, 0.000105962040834, 0.000111534958705, 0.000128650484839, 0.000108057050966, 1.36055650728e-05],
        "min": [1.22498549657e-23, 1.81285726492e-23, 1.71293225405e-23, 1.28197304502e-23, 3.64365196464e-23, 4.1770743445e-23, 5.91307162924e-23, 6.92648841756e-23, 1.0042473216e-22, 4.23503795055e-23, 6.87537464853e-23, 7.11474218399e-23, 8.32069846226e-23, 8.9763201295e-23, 9.20095048107e-23, 1.12732388542e-22, 2.87031849261e-22, 1.57958390083e-22, 3.00592986688e-22, 2.88464748831e-22, 3.63818787225e-22, 5.63677038351e-22, 8.0753724395e-22, 6.19917645965e-22, 9.02320560408e-22, 1.57816084625e-21, 2.25914435372e-21],
        "var": [9.43821487454e-06, 0.00181170774158, 6.72507740092e-05, 3.23235508404e-05, 8.62667802721e-05, 4.38638699052e-06, 4.97726887261e-07, 3.88891834291e-07, 1.42235830936e-06, 1.59726164384e-06, 1.28284364109e-06, 9.73307010099e-07, 1.38159487051e-06, 8.15346822947e-07, 1.10531027531e-06, 3.32091161681e-07, 4.42133966772e-07, 2.36508611806e-07, 5.80745449952e-07, 9.82608526101e-07, 7.77329205448e-07, 6.53304709886e-07, 4.55715309045e-07, 8.11787231214e-07, 1.76540527264e-06, 5.0446979003e-06, 1.14280908292e-06]
    },
    "erbbands": {
        "dmean": [0.477901935577, 2.12085866928, 2.53007984161, 3.78093624115, 4.39243221283, 8.56324005127, 9.68702030182, 3.67870664597, 3.63266849518, 4.39743375778, 3.94778609276, 9.7394323349, 8.27994251251, 11.7362318039, 9.76207733154, 8.61076164246, 10.8799371719, 9.56906795502, 12.0491847992, 9.07142734528, 9.10043907166, 8.67247867584, 7.44226026535, 10.7230062485, 10.2333221436, 10.1593704224, 10.7373781204, 9.76654624939, 8.62200450897, 8.64868354797, 7.03131866455, 6.37277126312, 5.28463745117, 4.29889392853, 3.44509005547, 2.35651564598, 1.16928482056, 0.432005673647, 0.033518332988, 0.000479293579701],
        "dmean2": [0.675315141678, 3.21860289574, 4.26143312454, 6.83431339264, 7.70022392273, 12.9765110016, 16.0962257385, 6.55008459091, 6.50793075562, 7.55285406113, 6.31234407425, 14.6181354523, 13.1657466888, 19.0593471527, 15.550567627, 13.8668794632, 17.2950382233, 15.7538614273, 20.6829528809, 15.2243299484, 15.4869222641, 14.4829654694, 12.0230665207, 17.2335681915, 16.9787082672, 16.4630680084, 17.5623817444, 15.9958095551, 14.0593795776, 14.1009864807, 11.0879907608, 10.1194295883, 8.35458564758, 6.73251008987, 5.40608882904, 3.94795584679, 1.88807165623, 0.685444653034, 0.0534268021584, 0.000758873880841],
        "dvar": [1.16506814957, 23.5078315735, 90.8620681763, 354.507476807, 372.794677734, 1250.77062988, 2588.30029297, 157.42098999, 129.016281128, 123.274856567, 55.1222343445, 264.478179932, 606.169250488, 658.128479004, 676.84375, 561.361816406, 848.485961914, 657.499145508, 1214.25024414, 430.868743896, 408.615264893, 356.776245117, 270.749847412, 864.904907227, 595.213989258, 539.95916748, 506.23034668, 391.172821045, 381.412017822, 282.374237061, 188.163024902, 159.214233398, 119.288757324, 91.3325271606, 63.1848602295, 36.5177536011, 10.3956899643, 1.83737158775, 0.0141626233235, 2.63804736278e-06],
        "dvar2": [2.24484586716, 52.4451408386, 236.342453003, 1000.8583374, 1060.34741211, 2712.03076172, 6819.15820312, 447.545959473, 371.458099365, 342.557647705, 130.154647827, 599.977172852, 1520.78283691, 1571.50500488, 1448.51171875, 1214.65124512, 1848.33825684, 1416.42297363, 3527.89111328, 1125.47937012, 1064.70996094, 883.12286377, 626.026977539, 1888.58227539, 1447.75476074, 1173.95349121, 1281.29528809, 1030.50866699, 1005.08605957, 682.206420898, 443.62979126, 366.361785889, 264.102050781, 203.541488647, 143.21534729, 97.7581558228, 24.3194732666, 4.43864154816, 0.0343030430377, 6.34805655864e-06],
        "max": [11.5345478058, 41.4993286133, 116.547744751, 220.223831177, 230.82043457, 574.398193359, 802.004455566, 213.219482422, 147.287796021, 158.761947632, 136.369750977, 321.940795898, 809.451049805, 696.88684082, 813.131652832, 802.876403809, 829.817321777, 1093.30151367, 1570.40136719, 422.835906982, 439.385864258, 529.953674316, 539.446289062, 990.140930176, 610.882873535, 883.134643555, 524.576599121, 597.122009277, 666.345336914, 478.386352539, 306.003631592, 178.040802002, 131.98387146, 156.841506958, 103.447120667, 85.4666671753, 53.1800689697, 24.45885849, 2.28297519684, 0.0307694934309],
        "mean": [0.883854627609, 3.7535302639, 2.66070437431, 3.2186858654, 3.7357442379, 8.5394449234, 8.97070121765, 4.31455755234, 4.77958965302, 6.58009004593, 8.36691188812, 23.3931312561, 15.0769262314, 23.8462314606, 19.1224460602, 15.956820488, 20.2951011658, 16.9410552979, 19.9532909393, 14.1281518936, 13.4337024689, 13.8056077957, 13.6462402344, 19.9536190033, 18.1708774567, 22.0392532349, 21.4314727783, 18.0988521576, 16.3976325989, 16.8230190277, 12.6425924301, 11.4368619919, 9.48285484314, 7.55985355377, 5.79940986633, 3.81703686714, 1.91721117496, 0.664578020573, 0.0461556501687, 0.000751460262109],
        "median": [0.00563347898424, 0.0402874872088, 0.0946301072836, 0.0968202054501, 0.223544046283, 0.46643692255, 1.39076399803, 1.92961478233, 1.95314157009, 2.5101275444, 4.77613830566, 11.7326698303, 5.74573612213, 12.2512893677, 6.48424577713, 2.55145931244, 2.84584140778, 3.5723297596, 3.37886095047, 3.14223361015, 3.70988941193, 2.96170687675, 3.14379739761, 4.34572792053, 4.12527990341, 4.84092712402, 4.94469165802, 4.65805578232, 5.14121007919, 4.10858678818, 3.08176827431, 2.36345481873, 1.75048780441, 1.41318392754, 0.848203897476, 0.479615747929, 0.188723668456, 0.049746312201, 0.0024404595606, 8.90977025847e-05],
        "min": [5.35848701431e-22, 3.25503224884e-21, 1.55793361455e-20, 2.90310215838e-20, 5.64158309641e-20, 1.28081292283e-19, 2.54846023223e-19, 3.99320329186e-19, 7.06166001792e-19, 1.15938544554e-18, 1.4493394438e-18, 1.61984153058e-18, 2.33134465678e-18, 2.11710694608e-18, 3.40902016744e-18, 2.80840453146e-18, 3.96598651647e-18, 4.03413048251e-18, 3.05983435045e-18, 7.54462751313e-18, 5.70014957758e-18, 1.54479784425e-17, 1.12859927207e-17, 9.6034362172e-18, 1.64970601805e-17, 1.32790554553e-17, 1.11956770055e-17, 1.74800352984e-17, 1.81483674548e-17, 1.4386015848e-17, 2.4272367687e-17, 1.67729728913e-17, 9.50673466769e-18, 1.0267323105e-17, 6.68946089891e-18, 5.62755910215e-18, 2.76366791559e-18, 1.32741074677e-18, 3.0364512987e-19, 3.35912262956e-20],
        "var": [3.38344454765, 55.7936325073, 76.784538269, 241.106338501, 237.115966797, 1601.95776367, 2168.80664062, 105.160980225, 102.978973389, 139.070648193, 136.648834229, 1047.90258789, 1329.60644531, 1447.47631836, 2177.84790039, 2004.33959961, 3194.32446289, 2194.75610352, 3869.97216797, 897.79498291, 631.855041504, 827.845092773, 712.981750488, 2778.71166992, 1327.09887695, 2775.27685547, 1480.99523926, 854.641662598, 718.276733398, 874.16192627, 394.82611084, 326.33505249, 231.431045532, 169.829193115, 117.471916199, 59.9989891052, 19.3041591644, 3.31643271446, 0.0221755784005, 4.44741954198e-06]
    },
    "gfcc": {
        "mean": [-53.3378410339, 51.9707145691, -112.428916931, -1.03469657898, -56.2628440857, 2.79457235336, -23.9520149231, 11.5240192413, -21.6481761932, 4.18843889236, -19.408197403, 4.15613031387, -4.13682985306],
        "cov": [[27223.7011719, -11421.1591797, 5499.43164062, 6463.96289062, 2429.40185547, 4875.38964844, -206.968963623, 1498.05725098, -490.133026123, 1841.97546387, 27.0252418518, 1046.54638672, -1807.35375977], [-11421.1591797, 7201.69238281, -3036.40258789, -3143.88891602, -1094.37353516, -2753.78808594, 200.966247559, -897.606018066, 250.077575684, -1068.69702148, -48.527923584, -665.006225586, 974.026977539], [5499.43164062, -3036.40258789, 2701.3527832, 1730.94934082, 783.013916016, 1594.42565918, -10.578578949, 556.416320801, -164.391693115, 505.726013184, 12.5192737579, 388.714874268, -543.615783691], [6463.96289062, -3143.88891602, 1730.94934082, 2652.01293945, 897.534484863, 1631.06213379, 132.834411621, 526.454711914, 11.0340948105, 553.121459961, 88.3295211792, 257.517608643, -511.126373291], [2429.40185547, -1094.37353516, 783.013916016, 897.534484863, 709.410095215, 714.886352539, 152.692062378, 246.350372314, 53.9460716248, 240.097045898, 60.972858429, 107.862548828, -198.249389648], [4875.38964844, -2753.78808594, 1594.42565918, 1631.06213379, 714.886352539, 1576.88549805, 103.275993347, 527.006958008, -38.9003982544, 488.618652344, 73.2829666138, 294.7059021, -452.308197021], [-206.968963623, 200.966247559, -10.578578949, 132.834411621, 152.692062378, 103.275993347, 305.184692383, 101.443061829, 111.372810364, 17.9088592529, 50.3608818054, -7.02221918106, 35.7575073242], [1498.05725098, -897.606018066, 556.416320801, 526.454711914, 246.350372314, 527.006958008, 101.443061829, 358.183349609, 75.9396286011, 204.684997559, 28.1280822754, 115.368995667, -138.666519165], [-490.133026123, 250.077575684, -164.391693115, 11.0340948105, 53.9460716248, -38.9003982544, 111.372810364, 75.9396286011, 197.205688477, 44.3819503784, 39.388710022, -34.8562545776, 55.7850074768], [1841.97546387, -1068.69702148, 505.726013184, 553.121459961, 240.097045898, 488.618652344, 17.9088592529, 204.684997559, 44.3819503784, 319.664459229, 64.5652389526, 111.132904053, -174.239807129], [27.0252418518, -48.527923584, 12.5192737579, 88.3295211792, 60.972858429, 73.2829666138, 50.3608818054, 28.1280822754, 39.388710022, 64.5652389526, 128.849899292, 43.8555755615, -13.4032812119], [1046.54638672, -665.006225586, 388.714874268, 257.517608643, 107.862548828, 294.7059021, -7.02221918106, 115.368995667, -34.8562545776, 111.132904053, 43.8555755615, 175.188461304, -63.043800354], [-1807.35375977, 974.026977539, -543.615783691, -511.126373291, -198.249389648, -452.308197021, 35.7575073242, -138.666519165, 55.7850074768, -174.239807129, -13.4032812119, -63.043800354, 273.004302979]],
        "icov": [[0.000155694404384, 0.000107425861643, 3.94133276131e-05, -0.000186188583029, -0.000137674447615, 5.31024161319e-05, 2.72775632766e-05, -7.04827971276e-06, 0.000248449097853, -0.00019423145568, 0.000252672034549, -0.000169071819982, 0.000156833208166], [0.000107425861643, 0.000860259693582, -0.000100242890767, 0.000170253450051, -0.000199046175112, 0.000653892289847, -0.000500218069647, 7.89259429439e-05, -0.000267932424322, 0.000859686988406, -0.000622017076239, 0.000959547760431, -0.000400017306674], [3.94133276131e-05, -0.000100242890767, 0.00126452394761, -0.000212536397157, -0.000454300665297, -0.000492050836328, 0.000249703152804, -0.000509980483912, 0.000811083940789, -0.000222622024012, 0.000870220654178, -0.00130680762231, 0.000734888191801], [-0.000186188583029, 0.000170253450051, -0.000212536397157, 0.00150844443124, -0.000253328442341, -0.000779856520239, -0.000223445822485, 0.000352846021997, -0.000795813510194, 0.000380227982532, -0.000620416307356, 0.000955063966103, -0.000111250454211], [-0.000137674447615, -0.000199046175112, -0.000454300665297, -0.000253328442341, 0.00346583686769, -0.0010000950424, -0.00101169501431, 0.000737787340768, -0.00115400692448, -7.98487599241e-05, -0.000406751263654, 0.000408848602092, 4.6226552513e-05], [5.31024161319e-05, 0.000653892289847, -0.000492050836328, -0.000779856520239, -0.0010000950424, 0.00469903368503, -0.000987400300801, -0.00200874195434, 0.00119041604921, -0.000321346131386, -0.000421399949118, -0.000650837318972, 0.00112745910883], [2.72775632766e-05, -0.000500218069647, 0.000249703152804, -0.000223445822485, -0.00101169501431, -0.000987400300801, 0.00585066340864, -0.00161528307945, -0.00120278308168, 0.000786256103311, -0.00126161333174, 0.00046986239613, -0.00111903669313], [-7.04827971276e-06, 7.89259429439e-05, -0.000509980483912, 0.000352846021997, 0.000737787340768, -0.00200874195434, -0.00161528307945, 0.00866231974214, -0.00457773124799, -0.000771391380113, 0.00210368121043, -0.00243475404568, 0.00112009281293], [0.000248449097853, -0.000267932424322, 0.000811083940789, -0.000795813510194, -0.00115400692448, 0.00119041604921, -0.00120278308168, -0.00457773124799, 0.0123065244406, -0.0042574047111, -0.00128930108622, 0.00296525796875, -0.00291797169484], [-0.00019423145568, 0.000859686988406, -0.000222622024012, 0.000380227982532, -7.98487599241e-05, -0.000321346131386, 0.000786256103311, -0.000771391380113, -0.0042574047111, 0.0103067886084, -0.00333173968829, -0.000329679256538, 0.00203870027326], [0.000252672034549, -0.000622017076239, 0.000870220654178, -0.000620416307356, -0.000406751263654, -0.000421399949118, -0.00126161333174, 0.00210368121043, -0.00128930108622, -0.00333173968829, 0.0125708775595, -0.00590218091384, 0.00209470069967], [-0.000169071819982, 0.000959547760431, -0.00130680762231, 0.000955063966103, 0.000408848602092, -0.000650837318972, 0.00046986239613, -0.00243475404568, 0.00296525796875, -0.000329679256538, -0.00590218091384, 0.0147498063743, -0.00513644190505], [0.000156833208166, -0.000400017306674, 0.000734888191801, -0.000111250454211, 4.6226552513e-05, 0.00112745910883, -0.00111903669313, 0.00112009281293, -0.00291797169484, 0.00203870027326, 0.00209470069967, -0.00513644190505, 0.0108145847917]]
    },
    "melbands": {
        "dmean": [0.00365816266276, 0.00160902622156, 0.000664564839099, 0.00042570012738, 0.000357567565516, 8.78324863152e-05, 5.52490419068e-05, 4.73727777717e-05, 3.99239906983e-05, 5.68940049561e-05, 4.27342674811e-05, 5.00879359606e-05, 3.29170325131e-05, 2.59039534285e-05, 2.24846971832e-05, 2.07724515349e-05, 1.92991446966e-05, 2.08785022551e-05, 1.41118207466e-05, 1.28979563669e-05, 1.1193021237e-05, 9.1059555416e-06, 1.00620090961e-05, 6.55934172755e-06, 9.50995126914e-06, 8.57314353198e-06, 6.7268474595e-06, 7.27857695892e-06, 7.60850207371e-06, 6.13658494331e-06, 6.80025141264e-06, 5.63385265195e-06, 4.87815077577e-06, 5.11676307724e-06, 4.42858345195e-06, 3.95148435928e-06, 4.25503958468e-06, 3.94060680264e-06, 3.82083953809e-06, 3.77374726668e-06],
        "dmean2": [0.00527934776619, 0.00257398025133, 0.00117839197628, 0.000675411487464, 0.000555129430722, 0.000158876981004, 9.86284721876e-05, 8.01083660917e-05, 6.26035107416e-05, 8.60202635522e-05, 6.83120160829e-05, 8.15169914858e-05, 5.24252318428e-05, 4.14826790802e-05, 3.60950398317e-05, 3.28626883856e-05, 3.1847775972e-05, 3.59707446478e-05, 2.39855526161e-05, 2.12320119317e-05, 1.92560073629e-05, 1.54436220328e-05, 1.62722499226e-05, 1.06796187538e-05, 1.52989996423e-05, 1.42935605254e-05, 1.10517194116e-05, 1.1828328752e-05, 1.25907308757e-05, 1.00500010376e-05, 1.1263745364e-05, 9.32880993787e-06, 8.0304007497e-06, 8.38750293042e-06, 7.03472824171e-06, 6.37329048914e-06, 6.80860421198e-06, 6.34105208519e-06, 6.0180886976e-06, 5.95231858824e-06],
        "dvar": [6.64531835355e-05, 1.94301846932e-05, 9.88893316389e-06, 2.37402059611e-06, 3.00217266158e-06, 1.0485194224e-07, 2.88303532159e-08, 1.28705819336e-08, 4.43943015682e-09, 9.6689305451e-09, 1.66433071769e-08, 1.22140582093e-08, 7.66535102059e-09, 4.62368054954e-09, 3.67536512336e-09, 2.79710499207e-09, 3.13019521414e-09, 3.36177330418e-09, 1.42051226337e-09, 1.02945418856e-09, 6.85197176775e-10, 4.06250200147e-10, 6.10080708174e-10, 2.42782211002e-10, 7.30128513204e-10, 4.85923246085e-10, 2.15222256683e-10, 3.24777010841e-10, 3.35113381489e-10, 1.79689763069e-10, 2.48232212563e-10, 2.23900176177e-10, 9.03625785309e-11, 1.01222315252e-10, 7.30263280402e-11, 7.48996697997e-11, 7.97012317255e-11, 6.73187131039e-11, 7.11622843985e-11, 6.51041096034e-11],
        "dvar2": [0.00013271222997, 4.73522377433e-05, 2.75315869658e-05, 5.84979079576e-06, 6.96848019288e-06, 3.01932885804e-07, 8.27535657777e-08, 3.48760949009e-08, 1.03808650564e-08, 2.25632614814e-08, 4.23166639507e-08, 2.89876833648e-08, 1.63107980455e-08, 1.00187804719e-08, 8.13744360784e-09, 5.89734394651e-09, 6.60759091886e-09, 9.54592582758e-09, 3.96147736836e-09, 2.38365105432e-09, 1.8461846496e-09, 1.05366826375e-09, 1.34145339281e-09, 5.98006588692e-10, 1.58557567076e-09, 1.14933818018e-09, 5.28699639624e-10, 7.10233261092e-10, 8.80626405131e-10, 4.36477021193e-10, 6.74565570069e-10, 6.00204552725e-10, 2.27794783036e-10, 2.51149240293e-10, 1.7204120073e-10, 1.91026347518e-10, 1.89305224274e-10, 1.58331209255e-10, 1.59033619607e-10, 1.4885137567e-10],
        "max": [0.0814927965403, 0.0513034239411, 0.036905169487, 0.0179702099413, 0.0280382819474, 0.00486438302323, 0.00222884560935, 0.00175602419768, 0.00112501729745, 0.00187780626584, 0.00417126342654, 0.00269917724654, 0.00326793966815, 0.00188879307825, 0.00184585072566, 0.00182543322444, 0.00250803492963, 0.00249116146006, 0.00084182608407, 0.00116698234342, 0.000459997128928, 0.000566770206206, 0.000882349442691, 0.000365774380043, 0.000916528399102, 0.000556386949029, 0.000399272248615, 0.000558826315682, 0.00051729142433, 0.00042084697634, 0.000544451351743, 0.000574272824451, 0.000257839943515, 0.000206529046409, 0.000161209391081, 0.000226413802011, 0.000134607907967, 0.000107980929897, 0.000146021775436, 0.000112349094707],
        "mean": [0.00684707891196, 0.00255397777073, 0.000569060386624, 0.000408408115618, 0.000370851630578, 9.749612218e-05, 7.24578203517e-05, 7.3730632721e-05, 9.1851761681e-05, 0.000131027962198, 7.24059937056e-05, 9.86649392871e-05, 6.04906635999e-05, 4.66650053568e-05, 4.08421365137e-05, 3.54557705577e-05, 3.24575630657e-05, 3.17318190355e-05, 2.02554056159e-05, 1.94105305127e-05, 1.50243413373e-05, 1.30914313559e-05, 1.65209585248e-05, 1.09837747004e-05, 1.65465226019e-05, 1.41030977829e-05, 1.17231365948e-05, 1.50774831127e-05, 1.36293374453e-05, 1.14498407129e-05, 1.09452466859e-05, 9.60143006523e-06, 9.09705067897e-06, 8.95822722669e-06, 7.39366623748e-06, 6.51277014185e-06, 7.20490970707e-06, 6.63467289996e-06, 6.44885767542e-06, 6.29651640338e-06],
        "median": [5.61605484108e-05, 6.07727197348e-05, 1.64053126355e-05, 2.68017101916e-05, 4.65175362478e-05, 4.14377173001e-05, 2.89849012916e-05, 2.49707773037e-05, 5.38694657735e-05, 6.79877848597e-05, 2.21500613407e-05, 4.73110339954e-05, 2.10936213989e-05, 7.29825569579e-06, 4.64274944534e-06, 4.12147710449e-06, 4.73285808766e-06, 4.76993318443e-06, 3.16769683195e-06, 3.90737613998e-06, 3.66983158528e-06, 2.55261647908e-06, 2.6330694709e-06, 2.14822784983e-06, 2.82292103293e-06, 2.48825745075e-06, 2.33237688008e-06, 2.73289742836e-06, 2.67036125479e-06, 2.06394315683e-06, 2.27941131925e-06, 2.36674031839e-06, 1.89323463928e-06, 1.89031482023e-06, 1.45915259964e-06, 1.26961708702e-06, 1.27418252305e-06, 1.12289490062e-06, 1.04749096863e-06, 1.00646252577e-06],
        "min": [6.26257069461e-24, 7.46782039017e-24, 6.68905611568e-24, 5.42384904702e-24, 9.01418103533e-24, 9.28293332396e-24, 1.14616756363e-23, 1.17033479078e-23, 1.10822934943e-23, 1.16672401664e-23, 1.12751139765e-23, 7.86162606495e-24, 9.81627508223e-24, 8.100482103e-24, 1.08228718525e-23, 6.60391278046e-24, 7.89720842494e-24, 3.49887382154e-24, 9.38399113909e-24, 8.50366417849e-24, 4.77017444626e-24, 1.82716593956e-23, 1.02841169307e-23, 9.21563796672e-24, 6.86906865222e-24, 1.26889964767e-23, 9.95591766195e-24, 7.85460441403e-24, 6.01654903853e-24, 8.2364525352e-24, 1.10031778453e-23, 1.00272701308e-23, 6.50302890916e-24, 8.48242252089e-24, 1.37661876205e-23, 1.20364341698e-23, 9.04037910599e-24, 6.24363645517e-24, 6.29960771411e-24, 8.23482669288e-24],
        "var": [0.000190722435946, 2.89883009827e-05, 6.80072616888e-06, 2.46398690251e-06, 3.36119865096e-06, 6.42352873115e-08, 2.34993748904e-08, 1.82735480081e-08, 1.39005420507e-08, 3.20916875296e-08, 3.47084885277e-08, 2.57352272826e-08, 2.33034320729e-08, 1.55027191084e-08, 1.25508785587e-08, 9.31191035392e-09, 1.0899936953e-08, 9.38862942945e-09, 2.5239268453e-09, 2.65282484868e-09, 8.58238369261e-10, 7.42825245759e-10, 1.80997272725e-09, 5.12364373151e-10, 2.32515851017e-09, 1.08768127838e-09, 5.64601643216e-10, 1.68183000859e-09, 6.95275115259e-10, 6.44763131774e-10, 4.33673902345e-10, 3.40276723465e-10, 2.52125986755e-10, 2.37623004606e-10, 1.45596978918e-10, 1.27365992753e-10, 1.50393281162e-10, 1.1769349384e-10, 1.29137339711e-10, 1.18756532386e-10]
    },
    "mfcc": {
        "mean": [-696.192626953, 93.0944213867, 0.476794183254, 1.27015352249, -8.05028438568, -6.56898260117, -0.313856244087, 3.02636671066, 8.22507190704, 2.79763960838, -3.72778177261, -3.01448202133, -1.80194270611],
        "cov": [[16218.8574219, -5963.89404297, 2277.5065918, 2609.42724609, 2639.5847168, 3018.54858398, 2018.2220459, 1107.34411621, 151.701797485, 597.326660156, 1155.98693848, 895.469421387, 658.679748535], [-5963.89404297, 4447.47705078, -1157.88220215, -1264.5925293, -1279.4083252, -1629.70361328, -1002.47131348, -590.666625977, -97.5189743042, -383.115356445, -655.214294434, -485.303710938, -378.408843994], [2277.5065918, -1157.88220215, 1002.78283691, 561.738586426, 573.973449707, 646.265625, 442.085906982, 293.076873779, 58.7021598816, 124.104499817, 236.173538208, 149.295120239, 136.448928833], [2609.42724609, -1264.5925293, 561.738586426, 965.24029541, 679.04486084, 707.223022461, 484.443481445, 292.954040527, 95.2668228149, 188.757354736, 287.515563965, 229.612686157, 154.435791016], [2639.5847168, -1279.4083252, 573.973449707, 679.04486084, 836.494140625, 771.19744873, 494.6484375, 310.241241455, 69.3237991333, 188.663528442, 295.629333496, 219.173477173, 161.634109497], [3018.54858398, -1629.70361328, 646.265625, 707.223022461, 771.19744873, 966.795288086, 610.382446289, 364.680145264, 81.8143997192, 207.595779419, 348.269165039, 267.584533691, 200.211654663], [2018.2220459, -1002.47131348, 442.085906982, 484.443481445, 494.6484375, 610.382446289, 517.51550293, 298.510040283, 78.1158065796, 145.395645142, 238.456634521, 205.781738281, 145.583358765], [1107.34411621, -590.666625977, 293.076873779, 292.954040527, 310.241241455, 364.680145264, 298.510040283, 309.51348877, 115.665626526, 115.827285767, 151.270019531, 118.48576355, 109.615592957], [151.701797485, -97.5189743042, 58.7021598816, 95.2668228149, 69.3237991333, 81.8143997192, 78.1158065796, 115.665626526, 196.559524536, 108.631996155, 50.7655448914, 34.3778152466, 24.5254745483], [597.326660156, -383.115356445, 124.104499817, 188.757354736, 188.663528442, 207.595779419, 145.395645142, 115.827285767, 108.631996155, 204.73135376, 149.417800903, 82.0328979492, 54.7119064331], [1155.98693848, -655.214294434, 236.173538208, 287.515563965, 295.629333496, 348.269165039, 238.456634521, 151.270019531, 50.7655448914, 149.417800903, 265.492889404, 169.457870483, 106.474876404], [895.469421387, -485.303710938, 149.295120239, 229.612686157, 219.173477173, 267.584533691, 205.781738281, 118.48576355, 34.3778152466, 82.0328979492, 169.457870483, 230.118255615, 133.347351074], [658.679748535, -378.408843994, 136.448928833, 154.435791016, 161.634109497, 200.211654663, 145.583358765, 109.615592957, 24.5254745483, 54.7119064331, 106.474876404, 133.347351074, 169.579818726]],
