{
"lowlevel": {
    "average_loudness": 0.91210347414,
    "barkbands_crest": {
        "dmean": 2.6425921917,
        "dmean2": 4.0323009491,
        "dvar": 8.19950008392,
        "dvar2": 18.1481761932,
        "max": 26.6880683899,
        "mean": 12.2535772324,
        "median": 11.7822618484,
        "min": 2.0758125782,
        "var": 26.3020629883
    },
    "barkbands_flatness_db": {
        "dmean": 0.025564968586,
        "dmean2": 0.0369656570256,
        "dvar": 0.00087263569003,
        "dvar2": 0.00188188045286,
        "max": 0.452276706696,
        "mean": 0.151607573032,
        "median": 0.135583296418,
        "min": 0.0145527133718,
        "var": 0.00665197847411
    },
    "barkbands_kurtosis": {
        "dmean": 3.6166408062,
        "dmean2": 5.61693668365,
        "dvar": 97.8736114502,
        "dvar2": 231.903182983,
        "max": 358.027923584,
        "mean": 4.41876125336,
        "median": 0.615249156952,
        "min": -1.80999386311,
        "var": 152.569290161
    },
    "barkbands_skewness": {
        "dmean": 0.593332052231,
        "dmean2": 0.882672786713,
        "dvar": 0.723515868187,
        "dvar2": 1.50890719891,
        "max": 14.2585735321,
        "mean": 1.28591966629,
        "median": 0.984234571457,
        "min": -5.62684059143,
        "var": 2.60959219933
    },
    "barkbands_spread": {
        "dmean": 6.34376764297,
        "dmean2": 9.70447731018,
        "dvar": 65.1503219604,
        "dvar2": 141.310409546,
        "max": 113.56237793,
        "mean": 29.0101089478,
        "median": 27.6943244934,
        "min": 0.328889995813,
        "var": 357.936218262
    },
    "dissonance": {
        "dmean": 0.01588319242,
        "dmean2": 0.0271210838109,
        "dvar": 0.000393716007238,
        "dvar2": 0.00107625627425,
        "max": 0.500000238419,
        "mean": 0.473897129297,
        "median": 0.483957141638,
        "min": 0.180180683732,
        "var": 0.000880756764673
    },
    "dynamic_complexity": 3.72528672218,
    "erbbands_crest": {
        "dmean": 2.44558119774,
        "dmean2": 3.98646140099,
        "dvar": 5.60405111313,
        "dvar2": 13.4422121048,
        "max": 32.2901535034,
        "mean": 8.99363327026,
        "median": 7.7686123848,
        "min": 2.09290337563,
        "var": 23.8440628052
    },
    "erbbands_flatness_db": {
        "dmean": 0.0174588859081,
        "dmean2": 0.0259974189103,
        "dvar": 0.000380436511477,
        "dvar2": 0.000718434574082,
        "max": 0.536702990532,
        "mean": 0.172255352139,
        "median": 0.125917255878,
        "min": 0.0425635501742,
        "var": 0.00967097748071
    },
    "erbbands_kurtosis": {
        "dmean": 1.05244684219,
        "dmean2": 1.69724845886,
        "dvar": 4.8836722374,
        "dvar2": 11.7744665146,
        "max": 91.8407669067,
        "mean": 0.935103833675,
        "median": -0.0850620269775,
        "min": -1.82351469994,
        "var": 13.074763298
    },
    "erbbands_skewness": {
        "dmean": 0.353693932295,
        "dmean2": 0.554601669312,
        "dvar": 0.131194904447,
        "dvar2": 0.316996663809,
        "max": 5.71862459183,
        "mean": 0.159673348069,
        "median": 0.104015886784,
        "min": -4.24797773361,
        "var": 0.649071514606
    },
    "erbbands_spread": {
        "dmean": 7.81846141815,
        "dmean2": 12.2724714279,
        "dvar": 125.113098145,
        "dvar2": 272.308013916,
        "max": 196.975540161,
        "mean": 36.8870162964,
        "median": 36.4440231323,
        "min": 0.781956791878,
        "var": 477.393371582
    },
    "hfc": {
        "dmean": 10.2831792831,
        "dmean2": 15.0997467041,
        "dvar": 215.939697266,
        "dvar2": 441.783721924,
        "max": 239.168212891,
        "mean": 40.8044929504,
        "median": 35.188331604,
        "min": 1.090256539e-16,
        "var": 1155.58874512
    },
    "melbands_crest": {
        "dmean": 3.41366004944,
        "dmean2": 5.41543054581,
        "dvar": 13.531498909,
        "dvar2": 32.2605895996,
        "max": 37.4711456299,
        "mean": 19.4130802155,
        "median": 20.6083450317,
        "min": 1.56849789619,
        "var": 68.462562561
    },
    "melbands_flatness_db": {
        "dmean": 0.0289738662541,
        "dmean2": 0.0413698256016,
        "dvar": 0.00121429306455,
        "dvar2": 0.00246604974382,
        "max": 0.572301268578,
        "mean": 0.206550002098,
        "median": 0.189332872629,
        "min": 0.00296086794697,
        "var": 0.00797859672457
    },
    "melbands_kurtosis": {
        "dmean": 13.2016830444,
        "dmean2": 20.5423717499,
        "dvar": 1912.47705078,
        "dvar2": 4517.88037109,
        "max": 1366.02148438,
        "mean": 19.4077072144,
        "median": 5.64981842041,
        "min": -1.76925837994,
        "var": 2523.67944336
    },
    "melbands_skewness": {
        "dmean": 0.95810353756,
        "dmean2": 1.41486394405,
        "dvar": 2.79830288887,
        "dvar2": 5.89347743988,
        "max": 34.3174438477,
        "mean": 2.73940730095,
        "median": 2.22402834892,
        "min": -5.07549619675,
        "var": 8.31928825378
    },
    "melbands_spread": {
        "dmean": 7.67410755157,
        "dmean2": 11.6616849899,
        "dvar": 106.233421326,
        "dvar2": 215.892227173,
        "max": 226.102615356,
        "mean": 28.9294528961,
        "median": 26.5335178375,
        "min": 0.402741760015,
        "var": 460.534210205
    },
    "pitch_salience": {
        "dmean": 0.0797158405185,
        "dmean2": 0.126639962196,
        "dvar": 0.00818106904626,
        "dvar2": 0.0190992895514,
        "max": 0.905585408211,
        "mean": 0.494029372931,
        "median": 0.486504733562,
        "min": 0.0214949809015,
        "var": 0.0254940576851
    },
    "silence_rate_20dB": {
        "dmean": 0,
        "dmean2": 0,
        "dvar": 0,
        "dvar2": 0,
        "max": 1,
        "mean": 1,
        "median": 1,
        "min": 1,
        "var": 0
    },
    "silence_rate_30dB": {
        "dmean": 0.0228814892471,
        "dmean2": 0.0457665920258,
        "dvar": 0.0223562419415,
        "dvar2": 0.0542483441532,
        "max": 1,
        "mean": 0.979881644249,
        "median": 1,
        "min": 0,
        "var": 0.0197173301131
    },
    "silence_rate_60dB": {
        "dmean": 0.0211456529796,
        "dmean2": 0.0422946438193,
        "dvar": 0.0206973906606,
        "dvar2": 0.0449238605797,
        "max": 1,
        "mean": 0.0867061167955,
        "median": 0,
        "min": 0,
        "var": 0.0791800692677
    },
    "spectral_centroid": {
        "dmean": 270.849639893,
        "dmean2": 420.999816895,
        "dvar": 119471.070312,
        "dvar2": 257533.4375,
        "max": 11732.3691406,
        "mean": 1971.15380859,
        "median": 2116.50195312,
        "min": 148.691955566,
        "var": 1097943.625
    },
    "spectral_complexity": {
        "dmean": 5.3795170784,
        "dmean2": 7.93056106567,
        "dvar": 41.0230522156,
        "dvar2": 80.1860656738,
        "max": 64,
        "mean": 23.4800796509,
        "median": 22,
        "min": 0,
        "var": 200.795715332
    },
    "spectral_decrease": {
        "dmean": 1.98277860797e-09,
        "dmean2": 3.11499293026e-09,
        "dvar": 1.15699050951e-17,
        "dvar2": 2.56047902177e-17,
        "max": 1.56376170724e-28,
        "mean": -9.99475435748e-09,
        "median": -1.14623963654e-08,
        "min": -3.81975198138e-08,
        "var": 5.38232726477e-17
    },
    "spectral_energy": {
        "dmean": 0.00791246816516,
        "dmean2": 0.0123907038942,
        "dvar": 0.000166637822986,
        "dvar2": 0.000373290793505,
        "max": 0.147863343358,
        "mean": 0.0414234809577,
        "median": 0.0470006875694,
        "min": 1.01981126705e-20,
        "var": 0.000855228863657
    },
    "spectral_energyband_high": {
        "dmean": 0.000908901332878,
        "dmean2": 0.00134175329003,
        "dvar": 2.15817544813e-06,
        "dvar2": 4.3769405238e-06,
        "max": 0.0235696230084,
        "mean": 0.00287140114233,
        "median": 0.00197575637139,
        "min": 7.150137098e-21,
        "var": 1.00216393548e-05
    },
    "spectral_energyband_low": {
        "dmean": 0.00561219640076,
        "dmean2": 0.00851588509977,
        "dvar": 0.000155388363055,
        "dvar2": 0.000302931439364,
        "max": 0.133467674255,
        "mean": 0.0227824430913,
        "median": 0.0241013336927,
        "min": 2.21169271682e-23,
        "var": 0.000562389672268
    },
    "spectral_energyband_middle_high": {
        "dmean": 0.00280533591285,
        "dmean2": 0.004330271855,
        "dvar": 1.34503943627e-05,
        "dvar2": 2.95435202133e-05,
        "max": 0.0573519915342,
        "mean": 0.00844081584364,
        "median": 0.00748433172703,
        "min": 1.22474591005e-21,
        "var": 5.24690476595e-05
    },
    "spectral_energyband_middle_low": {
        "dmean": 0.00476149562746,
        "dmean2": 0.00797428097576,
        "dvar": 0.000116093338875,
        "dvar2": 0.000314495613566,
        "max": 0.0990069881082,
        "mean": 0.00803128164262,
        "median": 0.00579652190208,
        "min": 1.6975196159e-22,
        "var": 0.00010359803855
    },
    "spectral_entropy": {
        "dmean": 0.145346775651,
        "dmean2": 0.226999059319,
        "dvar": 0.0292850472033,
        "dvar2": 0.0687983632088,
        "max": 9.82112503052,
        "mean": 7.73072004318,
        "median": 7.98106527328,
        "min": 5.43350410461,
        "var": 0.487093150616
    },
    "spectral_flux": {
        "dmean": 0.0297269504517,
        "dmean2": 0.0464816242456,
        "dvar": 0.00167171796784,
        "dvar2": 0.00362354377285,
        "max": 0.370928823948,
        "mean": 0.0942058935761,
        "median": 0.0855798721313,
        "min": 6.39234776223e-11,
        "var": 0.00432238448411
    },
    "spectral_kurtosis": {
        "dmean": 3.11041617393,
        "dmean2": 5.27624320984,
        "dvar": 51.8118553162,
        "dvar2": 144.705688477,
        "max": 194.870803833,
        "mean": 7.55391311646,
        "median": 2.50604391098,
        "min": -1.30248367786,
        "var": 199.270309448
    },
    "spectral_rms": {
        "dmean": 0.000599029182922,
        "dmean2": 0.000915195036214,
        "dvar": 7.32002717996e-07,
        "dvar2": 1.49389859416e-06,
        "max": 0.0120107000694,
        "mean": 0.00577827962115,
        "median": 0.00677158264443,
        "min": 3.15426352572e-12,
        "var": 7.02482338966e-06
    },
    "spectral_rolloff": {
        "dmean": 592.76373291,
        "dmean2": 939.842712402,
        "dvar": 869549.4375,
        "dvar2": 1671914.75,
        "max": 19616.7480469,
        "mean": 2146.01049805,
        "median": 1701.12304688,
        "min": 64.599609375,
        "var": 5108256
    },
    "spectral_skewness": {
        "dmean": 0.281733006239,
        "dmean2": 0.469444334507,
        "dvar": 0.191823855042,
        "dvar2": 0.542908787727,
        "max": 11.4535636902,
        "mean": 1.66912317276,
        "median": 1.29050004482,
        "min": -0.0813457891345,
        "var": 1.20317101479
    },
    "spectral_spread": {
        "dmean": 516148.40625,
        "dmean2": 776416.125,
        "dvar": 503612997632,
        "dvar2": 960014778368,
        "max": 43196848,
        "mean": 5280239,
        "median": 5550908.5,
        "min": 410118.84375,
        "var": 1.24585718579e+13
    },
    "spectral_strongpeak": {
        "dmean": 0.441915094852,
        "dmean2": 0.750624895096,
        "dvar": 0.906980156898,
        "dvar2": 2.33780431747,
        "max": 13.8407611847,
        "mean": 0.931635379791,
        "median": 0.460672736168,
        "min": 0,
        "var": 1.64948546886
    },
    "zerocrossingrate": {
        "dmean": 0.0121247395873,
        "dmean2": 0.01332919579,
        "dvar": 0.000254055834375,
        "dvar2": 0.000244575727265,
        "max": 0.84130859375,
        "mean": 0.0814263224602,
        "median": 0.07568359375,
        "min": 0.00244140625,
        "var": 0.00364629295655
    },
    "barkbands": {
        "dmean": [0.000739337701816, 0.00572421168908, 0.00245080608875, 0.00180274725426, 0.00165060465224, 0.000599668012001, 0.000499495596159, 0.000596563506406, 0.00091468548635, 0.000388688815292, 0.00058591819834, 0.000785646727309, 0.000774291867856, 0.00049521640176, 0.000450418825494, 0.000547360803466, 0.000421388220275, 0.000418795942096, 0.000275134807453, 0.00028333379305, 0.000272854405921, 0.000235937681282, 0.000203811112442, 0.000174331464223, 0.00013518097694, 8.43881716719e-05, 2.54243877862e-05],
        "dmean2": [0.00117357179988, 0.00866858661175, 0.00428806478158, 0.00323221390136, 0.00282228598371, 0.000976077106316, 0.000789874058682, 0.000950311601628, 0.00136676419061, 0.000615999859292, 0.000899216916878, 0.00120352732483, 0.00126868241932, 0.000787510129157, 0.000724084326066, 0.00087795703439, 0.000685641774908, 0.000673845293932, 0.000451542029623, 0.000465226010419, 0.000432581291534, 0.000372884562239, 0.000318480218993, 0.000263795256615, 0.000202692928724, 0.000130635075038, 4.25072648795e-05],
        "dvar": [2.20528067985e-06, 0.00018384429859, 7.97487082309e-05, 4.50378793175e-05, 2.11291826417e-05, 9.83180257208e-07, 1.09120799152e-06, 1.83989016023e-06, 2.98738336824e-06, 7.98418568593e-07, 1.71953570316e-06, 2.82598603008e-06, 2.93685047836e-06, 1.27244902615e-06, 9.22942149373e-07, 9.43844270296e-07, 7.40600455629e-07, 5.5488834505e-07, 2.18981668354e-07, 2.25255178066e-07, 1.96747294012e-07, 1.53677746084e-07, 1.32627320681e-07, 1.04421538083e-07, 5.96467017999e-08, 2.18471782887e-08, 3.33588312529e-09],
        "dvar2": [4.9038258112e-06, 0.000375086587155, 0.000215566702536, 0.000127490158775, 5.5731019529e-05, 2.56771500062e-06, 2.42552732743e-06, 4.30385807704e-06, 6.03488251727e-06, 1.73663977421e-06, 3.75780223294e-06, 6.19767251919e-06, 7.06415448803e-06, 3.01713066619e-06, 2.18198033508e-06, 2.21372329179e-06, 1.83344479865e-06, 1.37960614666e-06, 5.49239700831e-07, 5.60904766189e-07, 4.89415583615e-07, 3.6260311731e-07, 3.01314059925e-07, 2.30599468409e-07, 1.26034294112e-07, 5.2171788667e-08, 9.03280383824e-09],
        "max": [0.0247652307153, 0.128278926015, 0.0699656009674, 0.0607736520469, 0.0500935316086, 0.0155546646565, 0.041274536401, 0.0347174033523, 0.0394653715193, 0.0350188724697, 0.0327201671898, 0.0403497666121, 0.0459586009383, 0.0443523563445, 0.0183572508395, 0.0180136617273, 0.016836553812, 0.0152724441141, 0.00820246059448, 0.00800283811986, 0.00964345876127, 0.00625653145835, 0.0060061821714, 0.00710049085319, 0.00620141346008, 0.00276752561331, 0.000810790457763],
        "mean": [0.00233258190565, 0.017637046054, 0.00217805919237, 0.00151565519627, 0.00175710069016, 0.000943624181673, 0.00088826258434, 0.00102052860893, 0.00179073179606, 0.000606670277193, 0.000952245260123, 0.00129193544853, 0.00117657566443, 0.000772430852521, 0.000701972167008, 0.000905317952856, 0.00067802099511, 0.000692099391017, 0.000477328139823, 0.000538674939889, 0.000551489065401, 0.000495629094075, 0.000466853554826, 0.000459433591459, 0.000359665311407, 0.000197121946258, 3.64783154509e-05],
        "median": [0.000390500383219, 0.0159297175705, 0.000427184742875, 0.000326386798406, 0.000716705806553, 0.000429624895332, 0.000343768246239, 0.000334884243784, 0.000540739507414, 0.000235991188674, 0.000294044410111, 0.00040034664562, 0.000424106605351, 0.000254181737546, 0.000282612920273, 0.000374257942894, 0.000239702276303, 0.000286093913019, 0.000248149503022, 0.000276836246485, 0.000324028893374, 0.000274880119832, 0.000242952926783, 0.000244316004682, 0.000177457404789, 7.23815901438e-05, 4.67846030006e-06],
        "min": [6.75080390721e-25, 1.49301234872e-24, 9.2571367835e-25, 1.77278068546e-24, 8.80282784388e-24, 7.67119188698e-24, 6.88862688065e-24, 1.16713453986e-23, 1.75008870709e-23, 1.86536905325e-23, 2.32360683572e-23, 1.76919696926e-23, 1.61539133862e-23, 5.16962670851e-23, 2.29197272456e-23, 5.6467597607e-23, 6.26929344614e-23, 8.75097349222e-23, 1.24628347884e-22, 1.7011635222e-22, 2.22166253027e-22, 2.56851368935e-22, 4.1303196946e-22, 5.90955873697e-22, 9.08380122877e-22, 1.2750642801e-21, 1.98495659888e-21],
        "var": [1.07855112219e-05, 0.00039334257599, 5.55819351575e-05, 2.76882310573e-05, 1.65215242305e-05, 1.8577075025e-06, 2.88865771836e-06, 4.96143911732e-06, 1.00360693978e-05, 2.08453320738e-06, 4.37418157162e-06, 7.28555733076e-06, 6.12614621787e-06, 3.18405182043e-06, 1.74872502612e-06, 1.95484813048e-06, 1.60304580277e-06, 1.1909511386e-06, 4.3448446263e-07, 5.75036040118e-07, 5.32719809598e-07, 4.04327352044e-07, 4.09511329735e-07, 3.95149868382e-07, 2.2341670558e-07, 6.25894855943e-08, 4.74509587178e-09]
    },
    "erbbands": {
        "dmean": [0.249244391918, 1.14708662033, 2.30453777313, 4.57632875443, 6.52269363403, 4.93723630905, 4.7917304039, 5.35444355011, 6.38451576233, 9.21235561371, 12.6338815689, 21.5940895081, 13.5631933212, 17.1662960052, 23.6583805084, 27.7016448975, 34.1874809265, 23.8787479401, 22.3953304291, 23.6637477875, 26.5012054443, 25.5806674957, 24.0072040558, 14.6497297287, 14.1060256958, 12.2688474655, 11.3453798294, 10.6795101166, 8.62606239319, 7.58885669708, 5.73932409286, 3.79786968231, 3.06324124336, 1.79561448097, 0.903532266617, 0.437778711319, 0.15345557034, 0.0366258844733, 0.00407074578106, 6.16736215306e-05],
        "dmean2": [0.364231109619, 1.64087033272, 3.85201621056, 8.00005340576, 11.4594182968, 8.41473960876, 7.83398246765, 8.79470729828, 10.3318157196, 14.3990259171, 19.7951583862, 32.1215362549, 21.0962085724, 27.3934955597, 36.6252098083, 42.5431976318, 55.2359352112, 37.566570282, 35.5714263916, 37.9688796997, 42.4657554626, 41.349647522, 38.3239631653, 23.8996372223, 23.226064682, 20.0578079224, 18.2827510834, 16.9126014709, 13.7160539627, 12.0462293625, 9.04054832458, 5.83307504654, 4.68841695786, 2.72982478142, 1.39585208893, 0.677209675312, 0.242101728916, 0.059452984482, 0.00682176463306, 0.000101030214864],
        "dvar": [0.257666826248, 9.08197021484, 63.8849754333, 288.909790039, 430.609069824, 173.995162964, 83.5656738281, 86.5427474976, 140.552337646, 395.537109375, 658.93737793, 2137.06347656, 674.199279785, 1623.21655273, 2625.65014648, 3469.46850586, 5771.81640625, 2417.39746094, 2099.96386719, 1874.98425293, 2441.63378906, 2953.28442383, 2098.75756836, 697.131225586, 606.186462402, 437.249206543, 436.633605957, 311.819152832, 216.789031982, 180.158538818, 116.634864807, 47.5141906738, 39.9804153442, 11.1703710556, 2.58841395378, 0.591434240341, 0.0749123096466, 0.00493179960176, 9.16531425901e-05, 1.60343525124e-08],
        "dvar2": [0.522471189499, 18.1919727325, 162.922241211, 789.233947754, 1155.01708984, 475.195922852, 227.55355835, 231.810165405, 347.054534912, 897.778442383, 1472.6159668, 4234.65771484, 1505.29406738, 3685.90795898, 5849.81103516, 7782.80566406, 13882.15625, 5644.37402344, 4918.09912109, 4645.48291016, 5625.42333984, 7181.72509766, 5116.41552734, 1739.01477051, 1544.37207031, 1079.52355957, 1063.82836914, 796.358398438, 521.935424805, 438.763671875, 271.617401123, 104.427635193, 93.7302246094, 24.5364971161, 5.80985927582, 1.35896658897, 0.186824694276, 0.013085514307, 0.000248859956628, 4.27524255997e-08],
        "max": [5.97587490082, 29.1163196564, 66.3625183105, 140.902114868, 187.340744019, 138.809616089, 104.33757019, 188.852523804, 283.533691406, 689.826782227, 727.381774902, 1160.70397949, 807.375305176, 1346.64465332, 1474.22509766, 1530.54162598, 2203.75463867, 2061.43652344, 1805.11608887, 911.452453613, 1238.86437988, 1179.01757812, 1041.00866699, 474.99118042, 438.968597412, 385.906738281, 529.912658691, 558.845458984, 298.710021973, 243.562484741, 221.540435791, 131.199874878, 164.074020386, 78.8958129883, 34.1749649048, 20.8340358734, 3.8002409935, 0.869249045849, 0.127821058035, 0.00171278882772],
        "mean": [0.846784234047, 2.60159802437, 2.55236983299, 4.20497703552, 5.90634632111, 5.3648481369, 6.51411104202, 8.5266160965, 10.7971124649, 17.9346294403, 23.3949794769, 41.926448822, 25.4269657135, 28.3242874146, 40.2357673645, 47.1705627441, 56.8512954712, 40.3296394348, 38.35338974, 41.6838798523, 46.1044235229, 43.863571167, 41.1490745544, 26.5540676117, 25.1025867462, 23.68201828, 21.8224601746, 21.9477119446, 17.6919670105, 16.0531158447, 13.4037761688, 9.80412864685, 7.56789016724, 4.54263973236, 2.30240345001, 1.02605557442, 0.325642764568, 0.0715701058507, 0.0059069651179, 0.000151657310198],
        "median": [0.670394480228, 1.4818251133, 0.908414661884, 1.04740035534, 1.74593091011, 2.09568858147, 2.8966486454, 3.75276255608, 5.00108623505, 6.75591564178, 9.46661090851, 12.2036628723, 10.9738407135, 11.0386819839, 15.2220916748, 17.4995594025, 21.676700592, 18.0690250397, 18.1607532501, 22.6564846039, 23.9538135529, 17.7339420319, 17.5757980347, 14.6549167633, 13.2545509338, 12.9863271713, 12.8652248383, 12.76674366, 10.3140478134, 8.23805046082, 6.91548919678, 5.32511711121, 3.77863621712, 2.19193291664, 1.06737887859, 0.421827703714, 0.107494056225, 0.0196358095855, 0.000891365925781, 0.000100476936495],
        "min": [5.89683371637e-23, 4.07258441646e-22, 2.32486037988e-21, 5.29240091772e-21, 1.36848081994e-20, 4.06067809464e-20, 3.12204297248e-20, 8.01979327345e-20, 1.46790088561e-19, 1.96430166473e-19, 2.82353888644e-19, 4.76387997225e-19, 6.37840624701e-19, 4.95248283878e-19, 1.15431999826e-18, 9.35280607507e-19, 1.82226813611e-18, 1.77216952872e-18, 2.04573718244e-18, 3.47539603492e-18, 3.39681966699e-18, 4.81333875544e-18, 5.60935120251e-18, 7.13059218369e-18, 7.01425502079e-18, 6.66139879663e-18, 1.10409288837e-17, 8.82156773143e-18, 9.95191169284e-18, 1.21446128139e-17, 1.10462335929e-17, 1.02751995188e-17, 9.44666729315e-18, 7.20004971254e-18, 6.51483976288e-18, 3.80629061382e-18, 2.36602916704e-18, 1.01895137403e-18, 2.41140777846e-19, 2.67829967105e-20],
        "var": [0.782827913761, 15.6810674667, 54.601360321, 194.495010376, 306.619049072, 133.057952881, 95.560256958, 180.110870361, 285.030212402, 1160.07434082, 1925.1373291, 6749.66455078, 2025.06408691, 3846.1862793, 6860.98974609, 8810.08984375, 12477.8447266, 5455.52783203, 4872.87597656, 3521.45458984, 4805.83398438, 6824.20556641, 4721.1015625, 1460.58618164, 1185.88525391, 1093.8729248, 930.525146484, 935.475341797, 516.77520752, 476.647979736, 358.028991699, 171.445587158, 130.215591431, 38.197933197, 9.03210163116, 1.75588846207, 0.180271819234, 0.0108220251277, 0.000127867184347, 3.24672164709e-08]
    },
    "gfcc": {
        "mean": [-8.24735450745, 56.1234130859, -129.551544189, 22.0693225861, -50.8963394165, 18.8889961243, -27.0734043121, 11.0523548126, -16.2084712982, 7.40222549438, -13.0249300003, 5.06147193909, -8.7474193573],
        "cov": [[27308.6640625, -3825.30908203, 2635.25488281, 2649.21850586, -250.980804443, 2306.80224609, -804.085510254, 1255.7869873, -674.105834961, 789.523742676, -552.167419434, 508.658721924, -415.722625732], [-3825.30908203, 5215.67138672, 249.196105957, -517.142944336, 342.463592529, -950.448974609, 373.885467529, -402.366821289, 227.372009277, -290.074615479, 253.919876099, -201.247558594, 177.095413208], [2635.25488281, 249.196105957, 3686.66870117, 1308.94140625, 814.558044434, 1109.07128906, -30.405670166, 668.084899902, -195.840240479, 267.260223389, -104.77368927, 93.2719345093, -163.075973511], [2649.21850586, -517.142944336, 1308.94140625, 1210.46374512, 370.387207031, 669.25177002, -39.8981590271, 301.990966797, -79.3933868408, 110.357177734, -55.9565086365, 81.2590179443, -33.7040863037], [-250.980804443, 342.463592529, 814.558044434, 370.387207031, 580.521789551, 279.632049561, 170.053421021, 183.282211304, 8.70227146149, 56.8234214783, -0.134628608823, 16.6035995483, -12.7061243057], [2306.80224609, -950.448974609, 1109.07128906, 669.25177002, 279.632049561, 863.587585449, 12.8008956909, 368.46282959, -124.862098694, 151.764419556, -80.6520767212, 68.7368469238, -85.753944397], [-804.085510254, 373.885467529, -30.405670166, -39.8981590271, 170.053421021, 12.8008956909, 325.497344971, 25.0936126709, 76.7741012573, -3.13058376312, 56.1960906982, 5.08956813812, 30.1960048676], [1255.7869873, -402.366821289, 668.084899902, 301.990966797, 183.282211304, 368.46282959, 25.0936126709, 401.89175415, 18.351140976, 122.18145752, -54.6875343323, 30.8673095703, -45.1206054688], [-674.105834961, 227.372009277, -195.840240479, -79.3933868408, 8.70227146149, -124.862098694, 76.7741012573, 18.351140976, 207.938903809, 28.1054840088, 46.891204834, -6.54108810425, 30.7984390259], [789.523742676, -290.074615479, 267.260223389, 110.357177734, 56.8234214783, 151.764419556, -3.13058376312, 122.18145752, 28.1054840088, 177.74331665, 20.9580097198, 50.701713562, -33.3922958374], [-552.167419434, 253.919876099, -104.77368927, -55.9565086365, -0.134628608823, -80.6520767212, 56.1960906982, -54.6875343323, 46.891204834, 20.9580097198, 140.30708313, 46.2537002563, 31.5451908112], [508.658721924, -201.247558594, 93.2719345093, 81.2590179443, 16.6035995483, 68.7368469238, 5.08956813812, 30.8673095703, -6.54108810425, 50.701713562, 46.2537002563, 147.139266968, 26.410615921], [-415.722625732, 177.095413208, -163.075973511, -33.7040863037, -12.7061243057, -85.753944397, 30.1960048676, -45.1206054688, 30.7984390259, -33.3922958374, 31.5451908112, 26.410615921, 103.758132935]],
        "icov": [[8.91056770342e-05, -7.83939758549e-05, 9.67617233982e-05, -0.000195086846361, 0.000207989869523, -0.000122508252389, 7.28221784811e-05, -0.00016805632913, 0.000220218804316, -0.000337924691848, 0.000359665136784, -0.000326735840645, 0.000209172008908], [-7.83939758549e-05, 0.000565923692193, -0.000441769865574, 0.000273300422123, -0.000391781562939, 0.000745549739804, -0.000395135575673, 0.00035944886622, -0.000367622764315, 0.000790655089077, -0.000993745285086, 0.000943299441133, -0.000620469043497], [9.67617233982e-05, -0.000441769865574, 0.00106076628435, -0.000596615485847, -0.000254698417848, -0.000732243875973, 0.000612200121395, -0.000816682295408, 0.000795034749899, -0.000904693733901, 0.000673952978104, -0.000789598270785, 0.000914362142794], [-0.000195086846361, 0.000273300422123, -0.000596615485847, 0.00230810628273, -0.000989590655081, -0.000766252691392, 0.000435847934568, 0.000655066338368, -0.00101841276046, 0.00119982135948, -0.000882187625393, 0.000503596616909, -0.00120406411588], [0.000207989869523, -0.000391781562939, -0.000254698417848, -0.000989590655081, 0.00403737695888, -0.000438551534899, -0.00157567264978, -0.000677291594911, 0.00047385939979, -0.000978461583145, 0.0011789574055, -0.000692119647283, 0.000438453658717], [-0.000122508252389, 0.000745549739804, -0.000732243875973, -0.000766252691392, -0.000438551534899, 0.00459997868165, -0.00140271359123, -0.0012244329555, 0.00138335069641, 1.39982475957e-05, -0.000698171614204, 0.000801394693553, 6.28779744147e-05], [7.28221784811e-05, -0.000395135575673, 0.000612200121395, 0.000435847934568, -0.00157567264978, -0.00140271359123, 0.00516043184325, -0.000435106048826, -0.00107034225948, 0.000331445742631, -0.000897065736353, -0.000529507757165, -0.00014143223234], [-0.00016805632913, 0.00035944886622, -0.000816682295408, 0.000655066338368, -0.000677291594911, -0.0012244329555, -0.000435106048826, 0.00609277933836, -0.00258075166494, -0.000774243322667, 0.00113270233851, 0.000524240545928, -0.000637340301182], [0.000220218804316, -0.000367622764315, 0.000795034749899, -0.00101841276046, 0.00047385939979, 0.00138335069641, -0.00107034225948, -0.00258075166494, 0.00834999233484, -0.00324290222488, -0.000340992555721, 0.000394515576772, -0.000699830299709], [-0.000337924691848, 0.000790655089077, -0.000904693733901, 0.00119982135948, -0.000978461583145, 1.39982475957e-05, 0.000331445742631, -0.000774243322667, -0.00324290222488, 0.0114065222442, -0.00419070571661, -0.000665052211843, 0.00179989147], [0.000359665136784, -0.000993745285086, 0.000673952978104, -0.000882187625393, 0.0011789574055, -0.000698171614204, -0.000897065736353, 0.00113270233851, -0.000340992555721, -0.00419070571661, 0.0133377872407, -0.00537305744365, 0.000296009355225], [-0.000326735840645, 0.000943299441133, -0.000789598270785, 0.000503596616909, -0.000692119647283, 0.000801394693553, -0.000529507757165, 0.000524240545928, 0.000394515576772, -0.000665052211843, -0.00537305744365, 0.0118384184316, -0.00474785873666], [0.000209172008908, -0.000620469043497, 0.000914362142794, -0.00120406411588, 0.000438453658717, 6.28779744147e-05, -0.00014143223234, -0.000637340301182, -0.000699830299709, 0.00179989147, 0.000296009355225, -0.00474785873666, 0.0143560543656]]
    },
    "melbands": {
        "dmean": [0.00184595736209, 0.00108319416177, 0.000857391685713, 0.000409062631661, 0.000171585343196, 0.000116606199299, 9.91609849734e-05, 0.000111745859613, 0.000105283528683, 0.000144730380271, 6.83154939907e-05, 6.9652160164e-05, 7.42441261536e-05, 7.57789821364e-05, 8.65760594024e-05, 8.5991967353e-05, 4.31490916526e-05, 3.9334394387e-05, 4.00630124204e-05, 4.05630999012e-05, 2.98941613437e-05, 3.01968320855e-05, 2.26561496675e-05, 1.76445773832e-05, 1.23875306599e-05, 1.17074459922e-05, 1.00503802969e-05, 9.2444515758e-06, 8.67803919391e-06, 6.66251571602e-06, 6.38551364318e-06, 5.57860585104e-06, 4.82919404021e-06, 4.33637978858e-06, 3.87515774491e-06, 3.00839815282e-06, 2.45320961767e-06, 2.46763329415e-06, 1.92335096472e-06, 1.56333101131e-06],
        "dmean2": [0.00273519777693, 0.00161255395506, 0.00148778187577, 0.000706063816324, 0.000282486551441, 0.000191346509382, 0.000158794908202, 0.000175388398929, 0.00016430245887, 0.000214607425733, 0.000107124011265, 0.00011161009752, 0.000115236798592, 0.000116316237836, 0.000136799237225, 0.000137839553645, 6.85229970259e-05, 6.25530083198e-05, 6.44965839456e-05, 6.49495559628e-05, 4.82980613015e-05, 4.89591147925e-05, 3.62621321983e-05, 2.86066206172e-05, 2.03616255021e-05, 1.93061296159e-05, 1.65088022186e-05, 1.50692567331e-05, 1.42479193528e-05, 1.05888348116e-05, 1.01941877801e-05, 9.01639032236e-06, 7.69506732468e-06, 6.9657212407e-06, 6.22960624241e-06, 4.71570729133e-06, 3.83644328394e-06, 3.86008878195e-06, 2.9734335385e-06, 2.4264163585e-06],
        "dvar": [1.61837633641e-05, 9.44839302974e-06, 9.01545899978e-06, 1.42978444728e-06, 1.20137798376e-07, 3.89431313863e-08, 3.73507305085e-08, 6.19933757662e-08, 4.56757227596e-08, 9.68391162814e-08, 1.84294552952e-08, 2.53810892303e-08, 2.42776305726e-08, 2.61718451355e-08, 5.47848770793e-08, 4.47372912049e-08, 9.11856457009e-09, 8.95397533895e-09, 8.81967743283e-09, 6.03934946497e-09, 3.61028185125e-09, 4.70499861294e-09, 1.79268300204e-09, 9.53492840239e-10, 5.56774737426e-10, 4.87348716938e-10, 4.08779093908e-10, 2.94645918775e-10, 3.03036790106e-10, 1.3193511561e-10, 1.25052551647e-10, 1.02038405503e-10, 7.65947097414e-11, 6.44750641765e-11, 6.17603537756e-11, 3.38948348555e-11, 2.20770034198e-11, 2.69409373282e-11, 1.39880242805e-11, 8.37190126252e-12],
        "dvar2": [3.28030000674e-05, 2.01259135792e-05, 2.43311988015e-05, 3.80947153644e-06, 3.30083111066e-07, 1.03228671833e-07, 8.74209362678e-08, 1.43503072536e-07, 1.000749279e-07, 1.907700522e-07, 4.10072225066e-08, 5.78108902971e-08, 5.44399298974e-08, 5.75241791978e-08, 1.23479310332e-07, 1.0432588482e-07, 2.13417425954e-08, 2.0821740776e-08, 2.07776960082e-08, 1.43234881733e-08, 8.20667889201e-09, 1.1342095263e-08, 4.41479341973e-09, 2.38221464777e-09, 1.38663558413e-09, 1.22140608738e-09, 1.04245012622e-09, 7.01431690509e-10, 7.43748007626e-10, 3.33896466032e-10, 3.09418157762e-10, 2.54766652219e-10, 1.80931408744e-10, 1.60927368653e-10, 1.50560383605e-10, 7.84014797528e-11, 5.28335881989e-11, 6.69654262597e-11, 3.11359132921e-11, 1.93859737291e-11],
        "max": [0.0381076931953, 0.0283892303705, 0.025752492249, 0.0115115540102, 0.00389464222826, 0.00368789024651, 0.00623683957383, 0.00846188981086, 0.00545349065214, 0.00774545222521, 0.00446549244225, 0.00499049806967, 0.00398151483387, 0.00407643802464, 0.00578594906256, 0.00522686168551, 0.00347871566191, 0.00420887535438, 0.00205133087002, 0.00131004094146, 0.00151252083015, 0.00147988239769, 0.000881684594788, 0.000795960077085, 0.000445951300208, 0.000426721933763, 0.000430534040788, 0.000372388749383, 0.000521435576957, 0.000371613161406, 0.000262693181867, 0.000208694633329, 0.000156590074766, 0.000157504589879, 0.000197981978999, 0.000104423001176, 0.000127006831462, 0.000125711769215, 8.35200407892e-05, 6.2642415287e-05],
        "mean": [0.00606712047011, 0.00200015399605, 0.000802339054644, 0.000406756153097, 0.000229794066399, 0.000187754907529, 0.000172542335349, 0.000211730992305, 0.00018994891434, 0.000276978011243, 0.000121250719531, 0.00010997481877, 0.000123481237097, 0.000127128674649, 0.000132898101583, 0.000130228203489, 6.66556952638e-05, 6.11748691881e-05, 6.10043971392e-05, 6.37817502138e-05, 4.69788865303e-05, 4.65724879177e-05, 3.86969732062e-05, 2.9165925298e-05, 2.04127591132e-05, 1.9086555767e-05, 1.65950204973e-05, 1.59471164807e-05, 1.4641328562e-05, 1.26224149426e-05, 1.21429684441e-05, 1.01226924016e-05, 9.36779815675e-06, 8.51785443956e-06, 8.03468628874e-06, 6.77050820741e-06, 5.67596589462e-06, 5.54734742764e-06, 4.41950442109e-06, 3.62070818483e-06],
        "median": [0.00541341397911, 0.000974191294517, 0.000229302226217, 0.000148908031406, 0.000107126907096, 8.72872406035e-05, 7.33918132028e-05, 7.35601497581e-05, 6.89053631504e-05, 7.35559588065e-05, 4.93771622132e-05, 3.90458990296e-05, 4.59018992842e-05, 4.73866457469e-05, 3.49660585925e-05, 3.73114417016e-05, 2.54087335634e-05, 2.36718460656e-05, 2.19910270971e-05, 2.41061188717e-05, 2.27680448006e-05, 1.4114842088e-05, 1.52930188051e-05, 1.23470572362e-05, 9.07706998987e-06, 9.06856166694e-06, 7.54489565225e-06, 7.31822365196e-06, 7.1286963248e-06, 6.70041436024e-06, 6.21256094746e-06, 5.19755485584e-06, 4.62485922981e-06, 4.19560365117e-06, 4.05829632655e-06, 3.24629286297e-06, 2.92743357022e-06, 2.71342560154e-06, 2.0604677502e-06, 1.69311090303e-06],
        "min": [8.35527056753e-25, 1.73848002723e-24, 1.25529325645e-24, 2.40221714047e-24, 2.24857878779e-24, 1.72602825227e-24, 2.44204199441e-24, 1.79723557074e-24, 2.32197480084e-24, 2.46789967159e-24, 2.90528596708e-24, 1.56733152624e-24, 3.03737244262e-24, 1.83119918815e-24, 3.01812541982e-24, 2.24168769335e-24, 3.11689849655e-24, 2.56473333379e-24, 2.28715586099e-24, 4.05695189122e-24, 3.74650080956e-24, 4.17370527734e-24, 4.84506850618e-24, 4.17205024716e-24, 4.4542017327e-24, 4.01961786559e-24, 4.49288944365e-24, 3.26917488088e-24, 5.86319723957e-24, 6.18394532262e-24, 4.70568270068e-24, 4.74597692686e-24, 4.07227866975e-24, 6.12982670351e-24, 5.79503452977e-24, 5.62092227836e-24, 6.10732957378e-24, 5.54191154782e-24, 5.71140580748e-24, 5.56120077467e-24],
        "var": [4.09046624554e-05, 1.45017111208e-05, 6.2590656853e-06, 1.06700656488e-06, 1.23818679754e-07, 7.92673873207e-08, 8.807538876e-08, 1.78567177045e-07, 1.37779196052e-07, 3.10234639755e-07, 5.47364606973e-08, 5.9482442083e-08, 5.89376369931e-08, 6.41340704988e-08, 1.20708293139e-07, 1.00063765274e-07, 1.98518428363e-08, 2.07879899961e-08, 1.681378059e-08, 1.15302709602e-08, 6.36486729988e-09, 9.68673052881e-09, 4.5522789982e-09, 2.01656957799e-09, 1.11800624314e-09, 8.96149765506e-10, 7.84918963159e-10, 6.81285527993e-10, 5.80671344341e-10, 3.44953426934e-10, 3.32057187302e-10, 2.1060793387e-10, 1.89524868022e-10, 1.44543627068e-10, 1.58991708687e-10, 1.01134912944e-10, 6.75959080376e-11, 7.68665547879e-11, 4.30440821875e-11, 2.51182373512e-11]
    },
    "mfcc": {
        "mean": [-642.828430176, 89.8412322998, -13.6116580963, 8.86585235596, 0.517363846302, 8.4915971756, 2.85587859154, 6.45852708817, 4.72867488861, 2.90324831009, 3.27437186241, 5.08608341217, 2.0507569313],
        "cov": [[14886.5087891, -2295.01245117, 1986.79724121, 1023.56463623, 1099.02575684, 880.715148926, 453.196716309, 455.896789551, 234.119354248, 352.461608887, 89.1125411987, 117.903236389, 57.4545440674], [-2295.01245117, 4404.21386719, 144.351776123, 165.786270142, -187.546539307, -339.378082275, -67.9432830811, -150.251907349, -71.6380462646, -137.958587646, -5.91522932053, 18.9893226624, 35.1986503601], [1986.79724121, 144.351776123, 2421.8034668, 762.758422852, 984.975402832, 565.703613281, 526.80480957, 387.652923584, 174.03666687, 280.501953125, 75.5569381714, 93.4077148438, 45.676940918], [1023.56463623, 165.786270142, 762.758422852, 708.937805176, 463.681274414, 260.17199707, 199.010253906, 161.989883423, 101.173355103, 118.499214172, 36.4225616455, 35.1854324341, 32.1047019958], [1099.02575684, -187.546539307, 984.975402832, 463.681274414, 715.774902344, 340.762115479, 307.561431885, 236.668640137, 146.415939331, 174.632476807, 48.9129943848, 51.3350257874, 32.7700195312], [880.715148926, -339.378082275, 565.703613281, 260.17199707, 340.762115479, 413.304534912, 270.454467773, 176.291976929, 84.0405349731, 93.868270874, 37.3906326294, 35.652633667, 32.8644523621], [453.196716309, -67.9432830811, 526.80480957, 199.010253906, 307.561431885, 270.454467773, 389.128967285, 211.476882935, 107.682609558, 117.714447021, 23.9724578857, 51.9484863281, 48.5061683655], [455.896789551, -150.251907349, 387.652923584, 161.989883423, 236.668640137, 176.291976929, 211.476882935, 250.364776611, 122.998626709, 100.677352905, 40.4592514038, 47.3807678223, 26.0299530029], [234.119354248, -71.6380462646, 174.03666687, 101.173355103, 146.415939331, 84.0405349731, 107.682609558, 122.998626709, 176.978164673, 113.161735535, 40.2568397522, 34.5887413025, 2.5388739109], [352.461608887, -137.958587646, 280.501953125, 118.499214172, 174.632476807, 93.868270874, 117.714447021, 100.677352905, 113.161735535, 214.745361328, 73.3775634766, 22.4550476074, 11.0640029907], [89.1125411987, -5.91522932053, 75.5569381714, 36.4225616455, 48.9129943848, 37.3906326294, 23.9724578857, 40.4592514038, 40.2568397522, 73.3775634766, 140.271728516, 57.713218689, 19.4269809723], [117.903236389, 18.9893226624, 93.4077148438, 35.1854324341, 51.3350257874, 35.652633667, 51.9484863281, 47.3807678223, 34.5887413025, 22.4550476074, 57.713218689, 127.906639099, 53.0781364441], [57.4545440674, 35.1986503601, 45.676940918, 32.1047019958, 32.7700195312, 32.8644523621, 48.5061683655, 26.0299530029, 2.5388739109, 11.0640029907, 19.4269809723, 53.0781364441, 141.656723022]],
