{
"lowlevel": {
    "average_loudness": 0.644769906998,
    "barkbands_crest": {
        "dmean": 2.64460372925,
        "dmean2": 4.05277395248,
        "dvar": 9.26675415039,
        "dvar2": 19.2227210999,
        "max": 26.7180747986,
        "mean": 14.2341995239,
        "median": 14.022403717,
        "min": 2.06241178513,
        "var": 39.8207168579
    },
    "barkbands_flatness_db": {
        "dmean": 0.0352079086006,
        "dmean2": 0.0478636175394,
        "dvar": 0.00267476146109,
        "dvar2": 0.00352700590156,
        "max": 0.739207088947,
        "mean": 0.214064374566,
        "median": 0.183201879263,
        "min": 0.025987142697,
        "var": 0.0158339738846
    },
    "barkbands_kurtosis": {
        "dmean": 23.3105430603,
        "dmean2": 39.6443748474,
        "dvar": 10947.4658203,
        "dvar2": 29888.5449219,
        "max": 1451.0090332,
        "mean": 25.4399490356,
        "median": 3.73860216141,
        "min": -1.93835055828,
        "var": 8255.10253906
    },
    "barkbands_skewness": {
        "dmean": 1.07500362396,
        "dmean2": 1.68678033352,
        "dvar": 4.98109579086,
        "dvar2": 12.6574325562,
        "max": 27.3711280823,
        "mean": 2.54692935944,
        "median": 1.94598484039,
        "min": -3.03227472305,
        "var": 8.51716136932
    },
    "barkbands_spread": {
        "dmean": 5.61161231995,
        "dmean2": 8.71118068695,
        "dvar": 86.615562439,
        "dvar2": 206.725082397,
        "max": 106.884666443,
        "mean": 16.358417511,
        "median": 12.5570802689,
        "min": 0.0762891173363,
        "var": 202.610275269
    },
    "dissonance": {
        "dmean": 0.0186690203846,
        "dmean2": 0.031394161284,
        "dvar": 0.000436920498032,
        "dvar2": 0.00118373555597,
        "max": 0.500000059605,
        "mean": 0.466949343681,
        "median": 0.475831836462,
        "min": 0.214467391372,
        "var": 0.000989781110547
    },
    "dynamic_complexity": 5.05778217316,
    "erbbands_crest": {
        "dmean": 3.00914573669,
        "dmean2": 4.72521400452,
        "dvar": 11.0227231979,
        "dvar2": 23.0078372955,
        "max": 33.5220565796,
        "mean": 10.1145896912,
        "median": 8.26785564423,
        "min": 2.44270563126,
        "var": 35.63621521
    },
    "erbbands_flatness_db": {
        "dmean": 0.0228134840727,
        "dmean2": 0.0326239541173,
        "dvar": 0.000933192961384,
        "dvar2": 0.00154577277135,
        "max": 0.555832147598,
        "mean": 0.193807497621,
        "median": 0.162536993623,
        "min": 0.0438101179898,
        "var": 0.00949881691486
    },
    "erbbands_kurtosis": {
        "dmean": 3.10189032555,
        "dmean2": 4.75218772888,
        "dvar": 107.084632874,
        "dvar2": 205.005691528,
        "max": 109.408470154,
        "mean": 2.65270590782,
        "median": -0.203348875046,
        "min": -1.82059156895,
        "var": 137.837051392
    },
    "erbbands_skewness": {
        "dmean": 0.543946564198,
        "dmean2": 0.800461769104,
        "dvar": 0.717821478844,
        "dvar2": 1.17599797249,
        "max": 8.56272315979,
        "mean": 0.574773073196,
        "median": 0.307080447674,
        "min": -4.82472515106,
        "var": 1.85585618019
    },
    "erbbands_spread": {
        "dmean": 9.14757442474,
        "dmean2": 14.4506883621,
        "dvar": 164.070175171,
        "dvar2": 370.114135742,
        "max": 167.246047974,
        "mean": 38.4776039124,
        "median": 37.5451583862,
        "min": 0.600170552731,
        "var": 507.033996582
    },
    "hfc": {
        "dmean": 7.257376194,
        "dmean2": 10.2017011642,
        "dvar": 267.816955566,
        "dvar2": 603.830688477,
        "max": 208.157012939,
        "mean": 18.0580329895,
        "median": 10.003235817,
        "min": 1.28719838286e-16,
        "var": 567.716003418
    },
    "melbands_crest": {
        "dmean": 3.16938209534,
        "dmean2": 4.98680925369,
        "dvar": 14.6712903976,
        "dvar2": 31.7621936798,
        "max": 37.9927635193,
        "mean": 19.1989097595,
        "median": 19.02409935,
        "min": 1.91098916531,
        "var": 69.7592010498
    },
    "melbands_flatness_db": {
        "dmean": 0.0414982624352,
        "dmean2": 0.0552411153913,
        "dvar": 0.00374696752988,
        "dvar2": 0.00490114837885,
        "max": 0.935431599617,
        "mean": 0.271750152111,
        "median": 0.241662546992,
        "min": 0.0108003346249,
        "var": 0.0244769211859
    },
    "melbands_kurtosis": {
        "dmean": 31.5252971649,
        "dmean2": 53.1021766663,
        "dvar": 15524.4873047,
        "dvar2": 41859.5,
        "max": 1834.78967285,
        "mean": 42.9420509338,
        "median": 13.1832695007,
        "min": -1.84451425076,
        "var": 13122.421875
    },
    "melbands_skewness": {
        "dmean": 1.33008694649,
        "dmean2": 2.04074382782,
        "dvar": 5.89941740036,
        "dvar2": 13.9004211426,
        "max": 33.4067878723,
        "mean": 3.74199819565,
        "median": 3.06828069687,
        "min": -2.41019272804,
        "var": 11.724603653
    },
    "melbands_spread": {
        "dmean": 7.60071849823,
        "dmean2": 11.7290973663,
        "dvar": 207.71937561,
        "dvar2": 458.67288208,
        "max": 246.229034424,
        "mean": 19.0637798309,
        "median": 12.663517952,
        "min": 0.124630823731,
        "var": 437.351013184
    },
    "pitch_salience": {
        "dmean": 0.0791462361813,
        "dmean2": 0.122798010707,
        "dvar": 0.00811439938843,
        "dvar2": 0.0173260439187,
        "max": 0.871967077255,
        "mean": 0.460128843784,
        "median": 0.466573148966,
        "min": 0.020465573296,
        "var": 0.0347408875823
    },
    "silence_rate_20dB": {
        "dmean": 0,
        "dmean2": 0,
        "dvar": 0,
        "dvar2": 0,
        "max": 1,
        "mean": 1,
        "median": 1,
        "min": 1,
        "var": 0
    },
    "silence_rate_30dB": {
        "dmean": 0.0679022744298,
        "dmean2": 0.135815992951,
        "dvar": 0.0632982626557,
        "dvar2": 0.128654062748,
        "max": 1,
        "mean": 0.782832086086,
        "median": 1,
        "min": 0,
        "var": 0.169989734888
    },
    "silence_rate_60dB": {
        "dmean": 0.0382476821542,
        "dmean2": 0.0765018090606,
        "dvar": 0.0367862097919,
        "dvar2": 0.0817757993937,
        "max": 1,
        "mean": 0.202763035893,
        "median": 0,
        "min": 0,
        "var": 0.161671683192
    },
    "spectral_centroid": {
        "dmean": 275.997161865,
        "dmean2": 401.224334717,
        "dvar": 152455.84375,
        "dvar2": 275420.625,
        "max": 10806.7226562,
        "mean": 1303.92272949,
        "median": 1124.90380859,
        "min": 73.3446578979,
        "var": 733661.625
    },
    "spectral_complexity": {
        "dmean": 4.06722831726,
        "dmean2": 5.58884477615,
        "dvar": 32.2175483704,
        "dvar2": 45.427532196,
        "max": 64,
        "mean": 14.7271499634,
        "median": 11,
        "min": 0,
        "var": 181.509597778
    },
    "spectral_decrease": {
        "dmean": 2.84384626958e-09,
        "dmean2": 3.93853571978e-09,
        "dvar": 2.57908247918e-17,
        "dvar2": 5.02037321193e-17,
        "max": 1.10570382557e-28,
        "mean": -1.13035136806e-08,
        "median": -5.26079357854e-09,
        "min": -5.29348298528e-08,
        "var": 1.54315850463e-16
    },
    "spectral_energy": {
        "dmean": 0.0111313983798,
        "dmean2": 0.0154165616259,
        "dvar": 0.000379333127057,
        "dvar2": 0.000736812362447,
        "max": 0.20177988708,
        "mean": 0.0442998111248,
        "median": 0.0209409538656,
        "min": 1.12579418693e-20,
        "var": 0.00228579854593
    },
    "spectral_energyband_high": {
        "dmean": 0.000543267640751,
        "dmean2": 0.000785360578448,
        "dvar": 2.00158478947e-06,
        "dvar2": 4.41078464064e-06,
        "max": 0.0143493451178,
        "mean": 0.000955741270445,
        "median": 0.000163907534443,
        "min": 7.92143778277e-21,
        "var": 3.36295374836e-06
    },
    "spectral_energyband_low": {
        "dmean": 0.00894431769848,
        "dmean2": 0.012615993619,
        "dvar": 0.000379262026399,
        "dvar2": 0.00079021853162,
        "max": 0.197419628501,
        "mean": 0.0303990151733,
        "median": 0.00316875358112,
        "min": 1.25289918193e-22,
        "var": 0.00187770219054
    },
    "spectral_energyband_middle_high": {
        "dmean": 0.00195046293084,
        "dmean2": 0.00292155193165,
        "dvar": 2.04407042474e-05,
        "dvar2": 4.88301811856e-05,
        "max": 0.0720004811883,
        "mean": 0.00417410209775,
        "median": 0.00136483530514,
        "min": 1.4639958863e-21,
        "var": 4.63858596049e-05
    },
    "spectral_energyband_middle_low": {
        "dmean": 0.00346884457394,
        "dmean2": 0.00529193785042,
        "dvar": 3.60619233106e-05,
        "dvar2": 8.9577610197e-05,
        "max": 0.0744199082255,
        "mean": 0.00952545367181,
        "median": 0.00682895351201,
        "min": 5.3911986148e-22,
        "var": 9.93192443275e-05
    },
    "spectral_entropy": {
        "dmean": 0.240809768438,
        "dmean2": 0.343830227852,
        "dvar": 0.162126913667,
        "dvar2": 0.23579415679,
        "max": 9.79337596893,
        "mean": 7.38174819946,
        "median": 7.62619972229,
        "min": 4.21318483353,
        "var": 0.729215919971
    },
    "spectral_flux": {
        "dmean": 0.0276978481561,
        "dmean2": 0.0430097319186,
        "dvar": 0.00194005446974,
        "dvar2": 0.00372287863865,
        "max": 0.42900878191,
        "mean": 0.0751186907291,
        "median": 0.0558479875326,
        "min": 1.06103445474e-10,
        "var": 0.00475117750466
    },
    "spectral_kurtosis": {
        "dmean": 5.27554512024,
        "dmean2": 8.73682594299,
        "dvar": 261.872314453,
        "dvar2": 733.576293945,
        "max": 580.538574219,
        "mean": 11.2197446823,
        "median": 3.57043552399,
        "min": -1.20597290993,
        "var": 1027.78161621
    },
    "spectral_rms": {
        "dmean": 0.000841935689095,
        "dmean2": 0.00111743621528,
        "dvar": 1.53510711698e-06,
        "dvar2": 2.56016141975e-06,
        "max": 0.014030624181,
        "mean": 0.00539323175326,
        "median": 0.00451997760683,
        "min": 3.31411482458e-12,
        "var": 1.4132524484e-05
    },
    "spectral_rolloff": {
        "dmean": 576.000915527,
        "dmean2": 911.425964355,
        "dvar": 1634106.25,
        "dvar2": 3349769,
        "max": 19552.1484375,
        "mean": 1439.43054199,
        "median": 775.1953125,
        "min": 43.06640625,
        "var": 3574976.75
    },
    "spectral_skewness": {
        "dmean": 0.427409082651,
        "dmean2": 0.67843747139,
        "dvar": 0.574686229229,
        "dvar2": 1.28435719013,
        "max": 19.7618370056,
        "mean": 1.97175514698,
        "median": 1.46134865284,
        "min": 0.0397903509438,
        "var": 2.731082201
    },
    "spectral_spread": {
        "dmean": 531914,
        "dmean2": 805129.8125,
        "dvar": 595317882880,
        "dvar2": 1.11092092109e+12,
        "max": 40656304,
        "mean": 4249351,
        "median": 4520568,
        "min": 175202.59375,
        "var": 3.2144359424e+12
    },
    "spectral_strongpeak": {
        "dmean": 0.324050277472,
        "dmean2": 0.536162495613,
        "dvar": 0.390410244465,
        "dvar2": 0.940066814423,
        "max": 10.8265953064,
        "mean": 0.782046675682,
        "median": 0.605231702328,
        "min": 0,
        "var": 0.892696321011
    },
    "zerocrossingrate": {
        "dmean": 0.0126737989485,
        "dmean2": 0.014144112356,
        "dvar": 0.000396559626097,
        "dvar2": 0.000483231822727,
        "max": 0.7548828125,
        "mean": 0.0565600059927,
        "median": 0.04345703125,
        "min": 0.00146484375,
        "var": 0.00262034893967
    },
    "barkbands": {
        "dmean": [0.000936136697419, 0.00757521018386, 0.00246658478864, 0.00102996360511, 0.00148498977069, 0.000568974413909, 0.00075319793541, 0.000538828258868, 0.00037234876072, 0.000423588353442, 0.0005686909426, 0.000384478538763, 0.000239577289904, 0.000238889668253, 0.000242457870627, 0.000162946787896, 0.000197747605853, 0.000168243204826, 0.00012590768165, 0.000134326692205, 0.000142538687214, 0.000115593822557, 9.11953975447e-05, 9.76892333711e-05, 5.7765024394e-05, 3.47411987605e-05, 6.43274097456e-06],
        "dmean2": [0.00151036086027, 0.0103815840557, 0.00433017639443, 0.00168294354808, 0.0023600126151, 0.000830657896586, 0.00115165230818, 0.000792314996943, 0.000596648547798, 0.000655911688227, 0.000903771724552, 0.000643336679786, 0.000388208194636, 0.00039218791062, 0.000394245696953, 0.000257555104326, 0.000311958196107, 0.000260713684838, 0.000196788969333, 0.000210318656173, 0.000215437292354, 0.000169972423464, 0.000134696936584, 0.000151799555169, 8.38765627122e-05, 5.33075399289e-05, 1.01288451333e-05],
        "dvar": [1.71698557097e-05, 0.000277189770713, 0.000150948384544, 7.262942745e-06, 6.85821805746e-06, 1.13941484869e-06, 2.91232959171e-06, 2.86369754576e-06, 2.10730945582e-06, 2.15031877815e-06, 3.1869792565e-06, 1.48252775034e-06, 4.04838090162e-07, 5.26028770764e-07, 4.42564811465e-07, 1.12118321738e-07, 2.08667515267e-07, 1.48598758187e-07, 1.20799711567e-07, 1.23303649957e-07, 1.32730335167e-07, 9.59521671007e-08, 5.40110711711e-08, 9.86515473755e-08, 1.97622664899e-08, 1.13765743492e-08, 3.00538954834e-10],
        "dvar2": [5.11504258611e-05, 0.000521937326994, 0.000415797985625, 1.92840834643e-05, 1.76033518073e-05, 2.20291599362e-06, 6.26465907771e-06, 4.71356270282e-06, 4.82828500026e-06, 4.70822214993e-06, 7.05716684024e-06, 3.81897689294e-06, 8.48236879847e-07, 1.40074712363e-06, 1.17816853162e-06, 2.59216648146e-07, 5.07431821006e-07, 3.35751707325e-07, 3.01806863945e-07, 2.86546764983e-07, 3.03152546621e-07, 2.19275662516e-07, 1.20550012639e-07, 2.60772623051e-07, 4.10816838325e-08, 2.76079816786e-08, 7.29370397412e-10],
        "max": [0.146363288164, 0.141706809402, 0.127769201994, 0.0272639244795, 0.0336394123733, 0.0332229956985, 0.0426529124379, 0.0657516643405, 0.0348737575114, 0.0484416484833, 0.0696747452021, 0.0319995731115, 0.024290015921, 0.0128417955711, 0.00971140991896, 0.0069070821628, 0.00775392027572, 0.00490192975849, 0.00460464134812, 0.00449741305783, 0.00414964463562, 0.00393555872142, 0.00254438305274, 0.00573665089905, 0.00205919798464, 0.00163691095077, 0.000277239421848],
        "mean": [0.00164001295343, 0.0258954614401, 0.00216864258982, 0.00199133227579, 0.00359538872726, 0.00121424533427, 0.0012355458457, 0.000897570687812, 0.000480437563965, 0.000696275441442, 0.000943619816098, 0.000498206238262, 0.000364539329894, 0.000304775370751, 0.000335970427841, 0.000250660901656, 0.000297102757031, 0.000259806984104, 0.000186162011232, 0.000205050499062, 0.000232652164414, 0.00018466761685, 0.000142490694998, 0.000130095315399, 9.02276224224e-05, 4.92266990477e-05, 9.56226722337e-06],
        "median": [9.27185010369e-06, 0.000306775036734, 0.00019796822744, 0.00048208644148, 0.00146614713594, 0.000497049535625, 0.000289446732495, 0.000117237090308, 7.30690662749e-05, 8.45657123136e-05, 9.62706690188e-05, 0.000101720528619, 9.38395241974e-05, 7.81502603786e-05, 7.3988980148e-05, 7.92068167357e-05, 8.61789740156e-05, 7.02903998899e-05, 4.23714154749e-05, 4.7185090807e-05, 4.54047512903e-05, 3.05945250147e-05, 1.56933838298e-05, 1.32856675918e-05, 9.1214042186e-06, 2.91075843961e-06, 2.62191406364e-07],
        "min": [1.64883257234e-23, 6.56024428064e-23, 2.57125551742e-23, 7.0942008771e-23, 4.21594404565e-23, 8.55905168037e-24, 3.51109367139e-23, 9.38726049422e-23, 2.05397960568e-22, 8.92384699535e-23, 1.43201970612e-22, 1.20374204037e-22, 9.90046815561e-23, 1.23601250985e-22, 1.27750520507e-22, 6.68054872413e-23, 1.63518673018e-22, 2.55093004288e-22, 1.34543572156e-22, 3.08937595209e-22, 5.6632538956e-22, 5.13571723851e-22, 7.09271680886e-22, 7.40785374007e-22, 1.03615761612e-21, 1.59436336766e-21, 2.80301964545e-21],
        "var": [3.22171945299e-05, 0.00150812021457, 9.71789195319e-05, 9.60438046604e-06, 2.10500238609e-05, 3.83333326681e-06, 7.18791352483e-06, 1.12561147034e-05, 3.80997084903e-06, 7.25770723875e-06, 8.752438589e-06, 2.2793392418e-06, 1.17672323086e-06, 5.07945173922e-07, 5.40720293429e-07, 2.12643968212e-07, 3.24060664525e-07, 2.41994428052e-07, 1.55247633415e-07, 1.72793107822e-07, 2.09764223769e-07, 1.43598228419e-07, 8.66373426334e-08, 9.91083410895e-08, 3.50205198174e-08, 1.45022740483e-08, 6.09105210714e-10]
    },
    "erbbands": {
        "dmean": [0.334163993597, 1.62648451328, 2.74500703812, 3.42625212669, 3.82845377922, 6.02689313889, 5.11397504807, 4.58187627792, 8.61779212952, 14.4969053268, 9.63295078278, 9.33333873749, 7.50996589661, 17.7060661316, 21.410654068, 16.8575325012, 11.101275444, 11.6784276962, 11.4034538269, 11.7394485474, 9.37775993347, 10.4958276749, 8.87032413483, 7.25075101852, 6.27527666092, 6.68099403381, 6.50956201553, 5.15812683105, 4.17901563644, 3.30484819412, 2.63954973221, 2.01086735725, 1.67219293118, 0.779423236847, 0.369178146124, 0.156877011061, 0.0561759397388, 0.0184473544359, 0.00112104101572, 2.85862897726e-05],
        "dmean2": [0.437031507492, 2.20506024361, 4.55708789825, 5.88763141632, 6.03123760223, 9.43286323547, 8.15861129761, 6.69021177292, 13.0300674438, 21.7992515564, 14.2986440659, 14.6765670776, 11.8566379547, 27.2896404266, 33.9213409424, 27.8258094788, 17.760974884, 18.9150657654, 18.5282707214, 19.3676795959, 14.7578659058, 16.5924415588, 13.7262897491, 11.0340070724, 9.94556331635, 10.2984161377, 10.0324773788, 7.7641749382, 6.22922754288, 4.91297769547, 3.93567109108, 3.01581645012, 2.70763111115, 1.17964315414, 0.536173403263, 0.233025759459, 0.0870956480503, 0.0304051674902, 0.00179217103869, 4.22323901148e-05],
        "dvar": [0.518842458725, 15.6517333984, 151.45123291, 174.838760376, 47.1829605103, 137.219543457, 69.0657958984, 77.7518081665, 455.102996826, 1185.37280273, 1095.1751709, 1398.65441895, 371.078643799, 3334.5402832, 4203.93017578, 3131.18188477, 949.569091797, 1066.88244629, 1043.73254395, 1117.5826416, 415.166809082, 673.84954834, 385.500701904, 369.321411133, 312.00479126, 306.46182251, 292.523681641, 178.891281128, 120.745285034, 82.4220123291, 45.282459259, 29.2331428528, 41.6765022278, 3.92017531395, 0.786804735661, 0.174553200603, 0.0250212308019, 0.00643471674994, 9.89066666079e-06, 3.27084981322e-09],
        "dvar2": [0.936030447483, 34.5017471313, 392.425842285, 490.715698242, 121.845207214, 334.983917236, 174.830932617, 150.88381958, 957.70098877, 2237.57080078, 1914.83410645, 3050.06079102, 891.964538574, 7173.95214844, 9529.11914062, 7845.01660156, 1921.26513672, 2773.10107422, 2747.07885742, 3049.74560547, 948.507202148, 1631.59643555, 838.453430176, 897.275146484, 783.306762695, 705.84588623, 713.452514648, 409.584686279, 279.934234619, 184.058746338, 101.949607849, 69.7373809814, 115.93334198, 8.82096290588, 1.59856069088, 0.362963169813, 0.0609145052731, 0.01773186028, 2.40836288867e-05, 7.55204521141e-09],
        "max": [6.48444700241, 38.2979393005, 127.768196106, 142.437530518, 96.3452377319, 190.829483032, 155.318771362, 269.214691162, 662.453552246, 1289.03149414, 1291.2701416, 999.575683594, 771.110046387, 1817.48681641, 2102.7734375, 1631.79223633, 1265.08569336, 698.387817383, 582.963928223, 534.331176758, 265.607879639, 493.328918457, 323.309661865, 327.553649902, 208.624954224, 225.50730896, 197.214538574, 165.047744751, 136.812606812, 99.0958557129, 81.3497390747, 85.7840270996, 131.65071106, 35.2165336609, 11.4303750992, 6.18851041794, 2.0060968399, 1.39145171642, 0.0495486035943, 0.000795856059995],
        "mean": [1.0202729702, 4.70427465439, 3.30502414703, 4.76426649094, 9.32351016998, 13.495880127, 9.56834030151, 9.79771900177, 15.4056692123, 23.8759212494, 15.2733697891, 12.7496948242, 11.2364358902, 30.6474437714, 37.0699653625, 23.7040748596, 18.2075862885, 16.2111206055, 16.3954868317, 16.1685962677, 14.7985515594, 16.1453876495, 14.4518051147, 11.1776361465, 9.27491760254, 10.0943250656, 10.1272764206, 8.27038002014, 6.7107334137, 5.18350219727, 4.00169181824, 2.90570831299, 2.05248427391, 1.17119133472, 0.56576192379, 0.237879052758, 0.0795706063509, 0.0227928496897, 0.00155983294826, 7.62764175306e-05],
        "median": [0.004038809333, 0.105698600411, 0.710294008255, 1.30231833458, 2.92807483673, 4.78875207901, 5.04467105865, 3.76623821259, 4.21950149536, 4.10726594925, 2.77122163773, 1.98205089569, 2.73702788353, 3.40561318398, 4.81143665314, 5.05990791321, 4.72704315186, 4.65728330612, 3.85881185532, 4.50995492935, 4.49228668213, 4.85078382492, 4.12184238434, 2.73947644234, 2.21696519852, 2.23405575752, 2.0121576786, 1.61223578453, 1.1409996748, 0.649304628372, 0.398796349764, 0.303976118565, 0.191340252757, 0.116191118956, 0.0518474206328, 0.0155862364918, 0.00478507159278, 0.00105127051938, 7.14332054486e-05, 3.20756225847e-05],
        "min": [3.86278240323e-21, 7.66955401611e-21, 2.66922201006e-20, 1.17673873836e-19, 2.70448407334e-19, 9.72822238382e-20, 4.35401572689e-20, 9.20623652061e-20, 3.35269201115e-19, 6.81601891225e-19, 3.03895176229e-18, 4.98281524165e-18, 5.09072260692e-18, 3.06321276286e-18, 5.40142736143e-18, 4.24843767638e-18, 4.47912056484e-18, 6.63147264284e-18, 4.95577015793e-18, 7.25598697428e-18, 3.89018409872e-18, 9.51701404117e-18, 1.10700340607e-17, 1.17970679165e-17, 8.21237733442e-18, 1.58314444852e-17, 1.96731640719e-17, 2.23369404159e-17, 1.8949111375e-17, 2.13981020012e-17, 1.90503897148e-17, 1.54091704369e-17, 1.25505839596e-17, 9.89264006605e-18, 8.48066674866e-18, 5.1880098003e-18, 3.07450439861e-18, 1.30560388768e-18, 3.3137150022e-19, 4.8371777388e-20],
        "var": [2.50514411926, 58.9117088318, 119.94568634, 124.258422852, 143.780838013, 373.660614014, 164.755996704, 261.957763672, 1202.09765625, 4272.21582031, 2912.3840332, 2774.6472168, 786.939086914, 10855.5898438, 11617.4863281, 5412.84277344, 3079.78027344, 1183.63024902, 1279.1463623, 1213.44042969, 745.793701172, 963.114562988, 676.962341309, 528.878723145, 385.098632812, 434.767700195, 406.903533936, 273.265228271, 183.506439209, 122.807952881, 70.3339309692, 39.5937843323, 33.4707603455, 6.11608886719, 1.42754817009, 0.29512861371, 0.0344008132815, 0.00529043609276, 1.73038515641e-05, 9.42646405377e-09]
    },
    "gfcc": {
        "mean": [-71.864692688, 82.7575378418, -126.569252014, 19.5939331055, -56.3159942627, 3.95850419998, -35.669506073, -2.62912106514, -20.6064300537, 1.44884824753, -9.50832366943, 3.59575796127, -4.5156416893],
        "cov": [[20294.5761719, -1817.76196289, 2581.63793945, 3481.43798828, 701.71282959, 1570.25708008, 211.103408813, 1158.40917969, -628.919006348, 559.90423584, -651.508605957, 375.041229248, -576.184387207], [-1817.76196289, 5903.12304688, 1680.51843262, 717.144714355, 1463.91882324, -404.785217285, 905.849975586, -567.07598877, 231.246292114, -704.711364746, 204.401245117, -519.210144043, 212.211914062], [2581.63793945, 1680.51843262, 3941.58325195, 1861.02026367, 1401.98461914, 871.605224609, 759.293823242, 564.240966797, 140.014297485, 80.6148834229, -62.1769676208, -46.0391273499, -34.802532196], [3481.43798828, 717.144714355, 1861.02026367, 1692.59912109, 787.631347656, 602.513000488, 429.808502197, 326.781219482, 18.1106777191, 30.3319244385, -75.3172149658, -15.0383214951, -31.5168552399], [701.71282959, 1463.91882324, 1401.98461914, 787.631347656, 1049.83337402, 253.365310669, 519.639587402, 128.87890625, 111.003211975, -107.917556763, 22.7177963257, -81.5265884399, 13.696849823], [1570.25708008, -404.785217285, 871.605224609, 602.513000488, 253.365310669, 686.137939453, 234.548126221, 315.772796631, 53.0761795044, 161.103424072, -30.0734863281, 95.527885437, -31.2053127289], [211.103408813, 905.849975586, 759.293823242, 429.808502197, 519.639587402, 234.548126221, 540.338562012, 148.852172852, 150.828536987, -30.8363819122, 57.2257194519, -58.0159339905, 26.5128440857], [1158.40917969, -567.07598877, 564.240966797, 326.781219482, 128.87890625, 315.772796631, 148.852172852, 396.136047363, 135.656204224, 223.532104492, -5.67244052887, 92.1347503662, -42.2919082642], [-628.919006348, 231.246292114, 140.014297485, 18.1106777191, 111.003211975, 53.0761795044, 150.828536987, 135.656204224, 329.845153809, 140.780410767, 137.792404175, 24.7951507568, 44.4692306519], [559.90423584, -704.711364746, 80.6148834229, 30.3319244385, -107.917556763, 161.103424072, -30.8363819122, 223.532104492, 140.780410767, 294.672454834, 73.5194244385, 120.915214539, -23.7280387878], [-651.508605957, 204.401245117, -62.1769676208, -75.3172149658, 22.7177963257, -30.0734863281, 57.2257194519, -5.67244052887, 137.792404175, 73.5194244385, 169.127120972, 39.8659629822, 52.817779541], [375.041229248, -519.210144043, -46.0391273499, -15.0383214951, -81.5265884399, 95.527885437, -58.0159339905, 92.1347503662, 24.7951507568, 120.915214539, 39.8659629822, 152.728363037, 21.2101955414], [-576.184387207, 212.211914062, -34.802532196, -31.5168552399, 13.696849823, -31.2053127289, 26.5128440857, -42.2919082642, 44.4692306519, -23.7280387878, 52.817779541, 21.2101955414, 116.553527832]],
        "icov": [[0.000177030422492, -0.000190536564332, 0.000195500600967, -0.000413707573898, 4.86302305944e-05, -3.276100324e-05, 5.22394366271e-05, -0.000390049943235, 0.000506763346493, -0.000536529580131, 0.000552222074475, -0.000642751401756, 0.000564819027204], [-0.000190536564332, 0.00115856120829, -0.000606641347986, 0.000322123960359, -0.000428482220741, 0.000569856900256, -0.000783867144492, 0.00190036406275, -0.00135797983967, 0.0014530334156, -0.00137137784623, 0.00178802676965, -0.000964589708019], [0.000195500600967, -0.000606641347986, 0.00117968954146, -0.000782032497227, -0.000510652957018, -0.000530386227183, 0.000492035353091, -0.00157935498282, 0.00112941861153, -0.00119624473155, 0.000925304018892, -0.00060686247889, 0.000461456860648], [-0.000413707573898, 0.000322123960359, -0.000782032497227, 0.00246785115451, -0.000556245970074, -0.000606986286584, 5.1257557061e-05, 0.000455511850305, -0.000701810582541, 0.00109438586514, -0.00104146020021, 0.00167095439974, -0.00148294214159], [4.86302305944e-05, -0.000428482220741, -0.000510652957018, -0.000556245970074, 0.00331897684373, 0.000214338244405, -0.00140503386501, -0.000376598385628, -0.00024914869573, 0.00112465757411, 2.71529552265e-05, -0.00147004809696, 0.00114720198326], [-3.276100324e-05, 0.000569856900256, -0.000530386227183, -0.000606986286584, 0.000214338244405, 0.00372890336439, -0.00176037277561, 0.000292613403872, -0.000174474043888, -0.000342999264831, 0.000536350824405, -0.00109274871647, -8.96909550647e-05], [5.22394366271e-05, -0.000783867144492, 0.000492035353091, 5.1257557061e-05, -0.00140503386501, -0.00176037277561, 0.00604955619201, -0.00379366520792, 4.84205884277e-06, 0.00169523293152, -0.00196191063151, 0.00150234554894, -0.000253683741903], [-0.000390049943235, 0.00190036406275, -0.00157935498282, 0.000455511850305, -0.000376598385628, 0.000292613403872, -0.00379366520792, 0.013320479542, -0.004888468422, -0.00363014568575, 0.00331398728304, -3.12911797664e-05, -0.000287719682092], [0.000506763346493, -0.00135797983967, 0.00112941861153, -0.000701810582541, -0.00024914869573, -0.000174474043888, 4.84205884277e-06, -0.004888468422, 0.00969981960952, -0.00503326300532, -0.00211172294803, 0.000368511711713, -0.000502766983118], [-0.000536529580131, 0.0014530334156, -0.00119624473155, 0.00109438586514, 0.00112465757411, -0.000342999264831, 0.00169523293152, -0.00363014568575, -0.00503326300532, 0.016523629427, -0.00816348660737, -0.000734991102945, 0.001831386704], [0.000552222074475, -0.00137137784623, 0.000925304018892, -0.00104146020021, 2.71529552265e-05, 0.000536350824405, -0.00196191063151, 0.00331398728304, -0.00211172294803, -0.00816348660737, 0.0174305513501, -0.00657502701506, -0.000547925068531], [-0.000642751401756, 0.00178802676965, -0.00060686247889, 0.00167095439974, -0.00147004809696, -0.00109274871647, 0.00150234554894, -3.12911797664e-05, 0.000368511711713, -0.000734991102945, -0.00657502701506, 0.0179133806378, -0.00720575079322], [0.000564819027204, -0.000964589708019, 0.000461456860648, -0.00148294214159, 0.00114720198326, -8.96909550647e-05, -0.000253683741903, -0.000287719682092, -0.000502766983118, 0.001831386704, -0.000547925068531, -0.00720575079322, 0.014783712104]]
    },
    "melbands": {
        "dmean": [0.002445431659, 0.00158392405137, 0.000586200447287, 0.000345471024048, 0.000198515321244, 0.000103887272417, 0.000136994814966, 0.000150862761075, 7.82624920248e-05, 5.34863756911e-05, 3.80390956707e-05, 7.21730975783e-05, 7.97846005298e-05, 4.78909496451e-05, 3.24709799315e-05, 2.1778188966e-05, 2.30877103604e-05, 1.90640275832e-05, 1.74961733137e-05, 1.35998752739e-05, 1.13150908874e-05, 1.19049191198e-05, 9.4078204711e-06, 8.61406806507e-06, 5.87121985518e-06, 4.91041646455e-06, 4.4032299229e-06, 4.6931813813e-06, 4.42273949375e-06, 3.73312150259e-06, 2.92776871902e-06, 2.54257929555e-06, 2.21577806769e-06, 1.80022948371e-06, 1.64727885021e-06, 1.35574373417e-06, 1.21331993341e-06, 1.34935646656e-06, 8.63032994403e-07, 6.08568086591e-07],
        "dmean2": [0.00307818688452, 0.00236047571525, 0.000980805489235, 0.000542092020623, 0.00031443379703, 0.000150722364197, 0.000207119985134, 0.000225528463488, 0.000117522278742, 8.5124062025e-05, 6.01934443694e-05, 0.000111228684545, 0.000126882499899, 8.03543443908e-05, 5.22798582097e-05, 3.51411072188e-05, 3.76757816412e-05, 3.1509782275e-05, 2.88738501695e-05, 2.20288256969e-05, 1.80858733074e-05, 1.89667443919e-05, 1.50124205902e-05, 1.34805086418e-05, 9.04154330783e-06, 7.87561111792e-06, 6.99527890902e-06, 7.3876622082e-06, 7.03347359376e-06, 5.78368872084e-06, 4.41761721959e-06, 3.86046485801e-06, 3.35918571182e-06, 2.71216731562e-06, 2.498214144e-06, 2.02303885999e-06, 1.8678960032e-06, 2.24133077609e-06, 1.35951154334e-06, 9.13662745461e-07],
        "dvar": [2.46411709668e-05, 2.78179722955e-05, 3.84349050364e-06, 4.08032434507e-07, 9.4858336297e-08, 3.93609411731e-08, 1.12036460109e-07, 1.41673126564e-07, 7.19223010037e-08, 4.40864624807e-08, 9.41162436874e-09, 6.10585502159e-08, 6.36110044638e-08, 2.26380070245e-08, 6.63344845719e-09, 2.76310641034e-09, 4.72968642029e-09, 3.23211435393e-09, 2.65522626108e-09, 1.04689912295e-09, 6.23962770341e-10, 8.79227468609e-10, 4.21488705049e-10, 4.09237838062e-10, 2.515883335e-10, 1.80292017427e-10, 1.52799758957e-10, 1.50765885887e-10, 1.31228111711e-10, 9.65776000839e-11, 5.32761959549e-11, 4.19899254256e-11, 3.92827333162e-11, 2.24963537382e-11, 1.7856834067e-11, 1.09298733258e-11, 1.18476756183e-11, 3.33840351197e-11, 6.97011589071e-12, 2.20498142314e-12],
        "dvar2": [4.22640259785e-05, 6.64902108838e-05, 1.06160860014e-05, 1.03670834051e-06, 2.40344263602e-07, 7.50828803575e-08, 2.3812526706e-07, 2.57628698819e-07, 1.31979433604e-07, 9.88538744195e-08, 2.24348291056e-08, 1.31446640239e-07, 1.41585374536e-07, 5.82840087304e-08, 1.57102331144e-08, 6.17428241867e-09, 1.23786492168e-08, 8.68439187229e-09, 7.22334947412e-09, 2.67931876685e-09, 1.46818113222e-09, 2.20368612247e-09, 9.77563696658e-10, 9.65344026937e-10, 6.18470274993e-10, 4.55941062683e-10, 3.70249469972e-10, 3.55947049613e-10, 3.32961241911e-10, 2.28545501968e-10, 1.21192597624e-10, 9.90808893264e-11, 9.25375331917e-11, 5.06024354363e-11, 4.07654188184e-11, 2.54256476984e-11, 2.84326746175e-11, 9.5024751956e-11, 1.79137815692e-11, 4.75627176533e-12],
        "max": [0.0450508967042, 0.0543862357736, 0.0209132190794, 0.0086314836517, 0.00555124133825, 0.00609755096957, 0.00997461751103, 0.0158752575517, 0.0098422029987, 0.00547562260181, 0.00372360902838, 0.00804602075368, 0.0102574843913, 0.00341757945716, 0.00236414908431, 0.0017669396475, 0.00150866957847, 0.000942780578043, 0.000796289939899, 0.000676008930895, 0.000406748295063, 0.000462059368147, 0.000359057099558, 0.000339341437211, 0.00030691025313, 0.000175484281499, 0.000162469223142, 0.000164984463481, 0.000139495445183, 0.000113995134598, 0.000138208750286, 9.41981998039e-05, 8.523924771e-05, 5.21838519489e-05, 5.26793992321e-05, 4.56521811429e-05, 6.49562425679e-05, 0.000122291239677, 4.16086040786e-05, 3.58287288691e-05],
        "mean": [0.00817060749978, 0.00323096639477, 0.000958641525358, 0.00087401131168, 0.00038794419379, 0.000225925861741, 0.00024157941516, 0.000250848592259, 0.000117437892186, 7.06372302375e-05, 5.56904415134e-05, 0.000122678815387, 0.000133982859552, 6.64668696118e-05, 4.97068103869e-05, 3.33696407324e-05, 2.97940787277e-05, 2.56504572462e-05, 2.32598449657e-05, 1.93425548787e-05, 1.68605092767e-05, 1.70841085492e-05, 1.42457247421e-05, 1.27497587528e-05, 8.4997882368e-06, 7.052316505e-06, 6.18786270934e-06, 6.76428544466e-06, 6.50848460282e-06, 5.51707989871e-06, 4.57428177469e-06, 3.89613660445e-06, 3.31387491315e-06, 2.68787562163e-06, 2.38167376665e-06, 1.98601469492e-06, 1.66489940057e-06, 1.53132418745e-06, 1.16679814255e-06, 9.12985456125e-07],
        "median": [5.47927229491e-05, 0.000394182512537, 0.000312767224386, 0.000304368237266, 0.000221202222747, 8.65320616867e-05, 6.32292867522e-05, 4.04397360398e-05, 1.80998067663e-05, 1.0879313777e-05, 1.23955978779e-05, 1.19239884953e-05, 1.4662879039e-05, 1.09014044938e-05, 1.17832441902e-05, 9.20344518818e-06, 7.78430694481e-06, 5.79265861234e-06, 5.25859104528e-06, 5.76880938752e-06, 4.78435822515e-06, 4.71414250569e-06, 4.10918300986e-06, 3.14763178721e-06, 1.89818035778e-06, 1.57612714702e-06, 1.41600139614e-06, 1.45299668475e-06, 1.26355223529e-06, 1.00435784134e-06, 8.54583049659e-07, 6.47739796023e-07, 4.54517163462e-07, 2.97352983125e-07, 2.22546063355e-07, 1.98698629106e-07, 1.67377095295e-07, 1.20239235457e-07, 1.06859914695e-07, 8.64383977728e-08],
        "min": [2.52570369108e-23, 1.09611623246e-23, 2.89403404956e-23, 1.21085352677e-23, 1.96906821134e-24, 1.81418266957e-24, 6.09821586375e-24, 9.1644787593e-24, 2.61859332485e-23, 3.16705723113e-23, 2.3816332351e-23, 9.68979780216e-24, 2.0126638993e-23, 1.45705559534e-23, 6.00281181473e-24, 1.39609195127e-23, 1.15317004523e-23, 7.55298975781e-24, 9.45176375718e-24, 8.13360085038e-24, 3.89053103364e-24, 9.55485525571e-24, 9.01565068319e-24, 1.23923816209e-23, 9.29994116508e-24, 5.66927787413e-24, 8.91007742825e-24, 9.95929477549e-24, 1.08087536089e-23, 1.42814936519e-23, 1.10399292971e-23, 1.01882364097e-23, 1.00425953316e-23, 1.33425219828e-23, 1.08751678085e-23, 1.12515948775e-23, 8.31922297682e-24, 9.06070331835e-24, 8.0364305418e-24, 8.43998338191e-24],
        "var": [0.000148207167513, 4.10223365179e-05, 3.18703746416e-06, 1.35939160373e-06, 2.40148580133e-07, 1.418798945e-07, 2.88595856546e-07, 5.60480543754e-07, 1.74893884264e-07, 8.34965376839e-08, 2.16358362337e-08, 2.01370710329e-07, 1.7506258132e-07, 3.91035754888e-08, 1.73289205208e-08, 6.9987855511e-09, 4.83670259399e-09, 3.47641226917e-09, 2.79382672552e-09, 1.56261947826e-09, 1.04104369569e-09, 1.17949483514e-09, 6.99009683469e-10, 6.45497155727e-10, 3.42233713591e-10, 2.36270170095e-10, 1.81768086693e-10, 2.05242142726e-10, 1.72745956428e-10, 1.32948901888e-10, 8.42795624956e-11, 6.15653014679e-11, 5.35698187198e-11, 3.33819152876e-11, 2.6653934268e-11, 1.66143262342e-11, 1.4673425669e-11, 2.37950804893e-11, 7.56905822741e-12, 3.72086866526e-12]
    },
    "mfcc": {
        "mean": [-708.058349609, 113.093193054, -9.55165290833, 14.8552713394, 0.0864814966917, 4.22149801254, -3.53486084938, -2.93270134926, -3.43212723732, -5.72507381439, -3.75410628319, 3.13910794258, 0.974220454693],
        "cov": [[16658.4492188, -1455.80859375, 1088.7434082, 1833.55700684, 589.552856445, 957.607910156, 613.19909668, 600.678222656, 246.848678589, 223.432540894, 92.7241134644, 22.2643051147, -168.2784729], [-1455.80859375, 3977.44238281, 787.849853516, 1046.41137695, 615.786437988, 304.728820801, 460.317810059, 191.300582886, 76.5196151733, -33.2752037048, -126.607223511, -101.601249695, -86.8682937622], [1088.7434082, 787.849853516, 2168.66699219, 1267.62304688, 797.17175293, 668.339233398, 601.252197266, 501.946075439, 380.57623291, 306.122528076, 172.985778809, 63.8818778992, 4.23634910583], [1833.55700684, 1046.41137695, 1267.62304688, 1524.52380371, 708.552001953, 557.994262695, 536.018310547, 420.793518066, 274.899841309, 181.196151733, 83.2461624146, 17.9808940887, -61.6142272949], [589.552856445, 615.786437988, 797.17175293, 708.552001953, 620.285705566, 368.51776123, 325.078277588, 273.806243896, 180.500045776, 145.290527344, 65.6036682129, 26.1512374878, -10.3966188431], [957.607910156, 304.728820801, 668.339233398, 557.994262695, 368.51776123, 510.579437256, 347.661102295, 309.234710693, 179.345352173, 142.638671875, 82.5577011108, 29.9035663605, 1.9826079607], [613.19909668, 460.317810059, 601.252197266, 536.018310547, 325.078277588, 347.661102295, 449.074859619, 291.765594482, 177.479019165, 122.910507202, 48.7263412476, 0.958486139774, -17.7148532867], [600.678222656, 191.300582886, 501.946075439, 420.793518066, 273.806243896, 309.234710693, 291.765594482, 333.888885498, 204.352584839, 148.703262329, 89.6965179443, 37.6975402832, 16.2166194916], [246.848678589, 76.5196151733, 380.57623291, 274.899841309, 180.500045776, 179.345352173, 177.479019165, 204.352584839, 237.96257019, 164.138320923, 106.511245728, 63.0428352356, 38.3732337952], [223.432540894, -33.2752037048, 306.122528076, 181.196151733, 145.290527344, 142.638671875, 122.910507202, 148.703262329, 164.138320923, 208.153579712, 144.649673462, 80.7424087524, 60.1245155334], [92.7241134644, -126.607223511, 172.985778809, 83.2461624146, 65.6036682129, 82.5577011108, 48.7263412476, 89.6965179443, 106.511245728, 144.649673462, 190.646759033, 125.212486267, 82.4849700928], [22.2643051147, -101.601249695, 63.8818778992, 17.9808940887, 26.1512374878, 29.9035663605, 0.958486139774, 37.6975402832, 63.0428352356, 80.7424087524, 125.212486267, 169.496002197, 106.956077576], [-168.2784729, -86.8682937622, 4.23634910583, -61.6142272949, -10.3966188431, 1.9826079607, -17.7148532867, 16.2166194916, 38.3732337952, 60.1245155334, 82.4849700928, 106.956077576, 139.685836792]],
