{
"lowlevel": {
    "average_loudness": 0.848992168903,
    "barkbands_crest": {
        "dmean": 3.04391002655,
        "dmean2": 4.64513444901,
        "dvar": 10.5155382156,
        "dvar2": 22.9275722504,
        "max": 26.9488735199,
        "mean": 11.6572093964,
        "median": 10.7439699173,
        "min": 1.88882172108,
        "var": 34.2549476624
    },
    "barkbands_flatness_db": {
        "dmean": 0.0264384541661,
        "dmean2": 0.0375909842551,
        "dvar": 0.00135095138103,
        "dvar2": 0.00234433286823,
        "max": 0.733250319958,
        "mean": 0.103332839906,
        "median": 0.0851246267557,
        "min": 0.00756489299238,
        "var": 0.00516078062356
    },
    "barkbands_kurtosis": {
        "dmean": 33.0199737549,
        "dmean2": 42.3947181702,
        "dvar": 122120.429688,
        "dvar2": 201117.78125,
        "max": 27441.3886719,
        "mean": 42.6291923523,
        "median": 0.619532108307,
        "min": -1.92135155201,
        "var": 270458.28125
    },
    "barkbands_skewness": {
        "dmean": 1.02098965645,
        "dmean2": 1.35578393936,
        "dvar": 8.10218334198,
        "dvar2": 12.9039640427,
        "max": 145.349975586,
        "mean": 1.9295181036,
        "median": 1.09726274014,
        "min": -3.06352901459,
        "var": 33.000377655
    },
    "barkbands_spread": {
        "dmean": 8.35254383087,
        "dmean2": 12.8221607208,
        "dvar": 109.543556213,
        "dvar2": 234.621383667,
        "max": 108.478614807,
        "mean": 35.6209144592,
        "median": 35.8510818481,
        "min": 0.0158417541534,
        "var": 314.936279297
    },
    "dissonance": {
        "dmean": 0.0132071170956,
        "dmean2": 0.0221988670528,
        "dvar": 0.000196582666831,
        "dvar2": 0.00052751757903,
        "max": 0.500000178814,
        "mean": 0.476019561291,
        "median": 0.481763720512,
        "min": 0.30502563715,
        "var": 0.000468995509436
    },
    "dynamic_complexity": 4.35945749283,
    "erbbands_crest": {
        "dmean": 2.33241844177,
        "dmean2": 3.77461361885,
        "dvar": 6.26851272583,
        "dvar2": 14.6226644516,
        "max": 28.3842983246,
        "mean": 7.47313451767,
        "median": 6.39081001282,
        "min": 2.13970541954,
        "var": 15.0386209488
    },
    "erbbands_flatness_db": {
        "dmean": 0.0135337421671,
        "dmean2": 0.0205910690129,
        "dvar": 0.000220237765461,
        "dvar2": 0.000500872090925,
        "max": 0.393112152815,
        "mean": 0.118061102927,
        "median": 0.105899438262,
        "min": 0.0284753441811,
        "var": 0.00262442324311
    },
    "erbbands_kurtosis": {
        "dmean": 0.914263486862,
        "dmean2": 1.51731336117,
        "dvar": 4.74982786179,
        "dvar2": 12.5958385468,
        "max": 40.9594497681,
        "mean": 0.270401090384,
        "median": -0.387837767601,
        "min": -1.85368824005,
        "var": 7.00236988068
    },
    "erbbands_skewness": {
        "dmean": 0.37399277091,
        "dmean2": 0.564435899258,
        "dvar": 0.211851999164,
        "dvar2": 0.460178613663,
        "max": 5.81777524948,
        "mean": 0.0474539250135,
        "median": -0.0567577704787,
        "min": -4.37806510925,
        "var": 0.590126872063
    },
    "erbbands_spread": {
        "dmean": 9.54038715363,
        "dmean2": 14.6036682129,
        "dvar": 180.193939209,
        "dvar2": 417.572570801,
        "max": 184.433486938,
        "mean": 46.6613006592,
        "median": 43.7949523926,
        "min": 2.44774913788,
        "var": 588.320556641
    },
    "hfc": {
        "dmean": 11.3350553513,
        "dmean2": 17.8230075836,
        "dvar": 314.407775879,
        "dvar2": 794.768249512,
        "max": 178.958831787,
        "mean": 45.0725059509,
        "median": 38.0599555969,
        "min": 1.13116631129e-16,
        "var": 1290.71240234
    },
    "melbands_crest": {
        "dmean": 3.63212823868,
        "dmean2": 5.74288320541,
        "dvar": 18.5564403534,
        "dvar2": 40.9240188599,
        "max": 39.9952659607,
        "mean": 16.5506038666,
        "median": 15.4534826279,
        "min": 1.26821112633,
        "var": 70.4193572998
    },
    "melbands_flatness_db": {
        "dmean": 0.0339526832104,
        "dmean2": 0.0487989000976,
        "dvar": 0.0021908946801,
        "dvar2": 0.00406490266323,
        "max": 0.727561056614,
        "mean": 0.164885774255,
        "median": 0.156894147396,
        "min": 0.000305489840684,
        "var": 0.00677897501737
    },
    "melbands_kurtosis": {
        "dmean": 51.9722900391,
        "dmean2": 72.0474624634,
        "dvar": 685537.8125,
        "dvar2": 1717094.25,
        "max": 80825.3671875,
        "mean": 64.5971908569,
        "median": 6.17131137848,
        "min": -1.89680552483,
        "var": 739920.0625
    },
    "melbands_skewness": {
        "dmean": 1.38081800938,
        "dmean2": 1.90833747387,
        "dvar": 12.1159791946,
        "dvar2": 22.2971973419,
        "max": 272.06930542,
        "mean": 3.54532289505,
        "median": 2.19938659668,
        "min": -2.17500352859,
        "var": 38.9061431885
    },
    "melbands_spread": {
        "dmean": 11.1750383377,
        "dmean2": 17.4218578339,
        "dvar": 245.414672852,
        "dvar2": 529.293640137,
        "max": 222.585296631,
        "mean": 34.0309257507,
        "median": 28.1974182129,
        "min": 0.0117222294211,
        "var": 567.22442627
    },
    "pitch_salience": {
        "dmean": 0.0900790169835,
        "dmean2": 0.139813169837,
        "dvar": 0.0118552288041,
        "dvar2": 0.0250820349902,
        "max": 0.976702690125,
        "mean": 0.482741802931,
        "median": 0.499785065651,
        "min": 0.00183714961167,
        "var": 0.0266718752682
    },
    "silence_rate_20dB": {
        "dmean": 0,
        "dmean2": 0,
        "dvar": 0,
        "dvar2": 0,
        "max": 1,
        "mean": 1,
        "median": 1,
        "min": 1,
        "var": 0
    },
    "silence_rate_30dB": {
        "dmean": 0.0455059148371,
        "dmean2": 0.0910186842084,
        "dvar": 0.0434382148087,
        "dvar2": 0.0840975344181,
        "max": 1,
        "mean": 0.931896924973,
        "median": 1,
        "min": 0,
        "var": 0.0634650737047
    },
    "silence_rate_60dB": {
        "dmean": 0.021848866716,
        "dmean2": 0.0437010228634,
        "dvar": 0.0213711895049,
        "dvar2": 0.048274166882,
        "max": 1,
        "mean": 0.103435285389,
        "median": 0,
        "min": 0,
        "var": 0.0927427560091
    },
    "spectral_centroid": {
        "dmean": 306.208465576,
        "dmean2": 460.47567749,
        "dvar": 147438.453125,
        "dvar2": 249031.21875,
        "max": 11406.4589844,
        "mean": 2091.1496582,
        "median": 2221.89941406,
        "min": 114.20224762,
        "var": 542207.75
    },
    "spectral_complexity": {
        "dmean": 4.82633924484,
        "dmean2": 7.64376115799,
        "dvar": 36.238735199,
        "dvar2": 73.3378295898,
        "max": 62,
        "mean": 24.888879776,
        "median": 24,
        "min": 0,
        "var": 201.104202271
    },
    "spectral_decrease": {
        "dmean": 3.37542238604e-09,
        "dmean2": 5.11266540215e-09,
        "dvar": 3.2994586891e-17,
        "dvar2": 6.66089305841e-17,
        "max": 2.05889229589e-28,
        "mean": -1.0132643169e-08,
        "median": -4.77670880628e-09,
        "min": -4.76119943471e-08,
        "var": 1.00290745745e-16
    },
    "spectral_energy": {
        "dmean": 0.0129630388692,
        "dmean2": 0.0196077097207,
        "dvar": 0.000455361092463,
        "dvar2": 0.000925371074118,
        "max": 0.186065718532,
        "mean": 0.0423312373459,
        "median": 0.0218947529793,
        "min": 1.00993292108e-20,
        "var": 0.00157021265477
    },
    "spectral_energyband_high": {
        "dmean": 0.00109345465899,
        "dmean2": 0.0017177076079,
        "dvar": 3.23781227962e-06,
        "dvar2": 8.20746390673e-06,
        "max": 0.0174551345408,
        "mean": 0.00332290213555,
        "median": 0.00218623736873,
        "min": 7.37371739367e-21,
        "var": 1.02269750641e-05
    },
    "spectral_energyband_low": {
        "dmean": 0.0114346928895,
        "dmean2": 0.0177653171122,
        "dvar": 0.000483509211335,
        "dvar2": 0.00102395832073,
        "max": 0.170667469501,
        "mean": 0.0251069497317,
        "median": 0.00384177127853,
        "min": 2.05869409089e-23,
        "var": 0.0010890441481
    },
    "spectral_energyband_middle_high": {
        "dmean": 0.00197704765014,
        "dmean2": 0.00310982158408,
        "dvar": 5.62600826015e-06,
        "dvar2": 1.30863254526e-05,
        "max": 0.0377542041242,
        "mean": 0.00647864677012,
        "median": 0.00594898406416,
        "min": 1.12397073432e-21,
        "var": 2.47433763434e-05
    },
    "spectral_energyband_middle_low": {
        "dmean": 0.00578782334924,
        "dmean2": 0.00894270371646,
        "dvar": 0.000252925790846,
        "dvar2": 0.000520126486663,
        "max": 0.141533657908,
        "mean": 0.00980491377413,
        "median": 0.00555433472618,
        "min": 1.99820322693e-22,
        "var": 0.000344988045981
    },
    "spectral_entropy": {
        "dmean": 0.151813775301,
        "dmean2": 0.231618955731,
        "dvar": 0.0552281029522,
        "dvar2": 0.130908027291,
        "max": 9.80990982056,
        "mean": 7.93644666672,
        "median": 8.07152175903,
        "min": 5.63227844238,
        "var": 0.196901351213
    },
    "spectral_flux": {
        "dmean": 0.031899753958,
        "dmean2": 0.0485616698861,
        "dvar": 0.00205575255677,
        "dvar2": 0.00414301082492,
        "max": 0.424325764179,
        "mean": 0.0969146341085,
        "median": 0.0806628912687,
        "min": 6.52045570315e-11,
        "var": 0.00552874524146
    },
    "spectral_kurtosis": {
        "dmean": 0.823406159878,
        "dmean2": 1.34697580338,
        "dvar": 2.34049057961,
        "dvar2": 6.33724737167,
        "max": 48.5472335815,
        "mean": 3.54404425621,
        "median": 2.94069433212,
        "min": -1.21985423565,
        "var": 7.73193645477
    },
    "spectral_rms": {
        "dmean": 0.000907332985662,
        "dmean2": 0.0013607974397,
        "dvar": 1.68461269823e-06,
        "dvar2": 3.40097903972e-06,
        "max": 0.0134732155129,
        "mean": 0.00559599930421,
        "median": 0.00462176743895,
        "min": 3.13894960371e-12,
        "var": 9.98359246296e-06
    },
    "spectral_rolloff": {
        "dmean": 1062.25915527,
        "dmean2": 1741.49694824,
        "dvar": 2793448.25,
        "dvar2": 6035425,
        "max": 19487.5488281,
        "mean": 2551.23828125,
        "median": 1894.921875,
        "min": 21.533203125,
        "var": 5238056.5
    },
    "spectral_skewness": {
        "dmean": 0.136850461364,
        "dmean2": 0.219385847449,
        "dvar": 0.0311916954815,
        "dvar2": 0.0804730951786,
        "max": 5.35939979553,
        "mean": 1.4579410553,
        "median": 1.38967108727,
        "min": -0.0577269494534,
        "var": 0.150000557303
    },
    "spectral_spread": {
        "dmean": 519174.125,
        "dmean2": 785420.5,
        "dvar": 495450226688,
        "dvar2": 904438480896,
        "max": 41093768,
        "mean": 6185627,
        "median": 6329990,
        "min": 1378417.5,
        "var": 3.61180063334e+12
    },
    "spectral_strongpeak": {
        "dmean": 0.487389951944,
        "dmean2": 0.819327414036,
        "dvar": 0.678201258183,
        "dvar2": 1.75332713127,
        "max": 12.3979663849,
        "mean": 0.982072114944,
        "median": 0.653959453106,
        "min": 0,
        "var": 1.31630134583
    },
    "zerocrossingrate": {
        "dmean": 0.0195842608809,
        "dmean2": 0.0231014210731,
        "dvar": 0.000526770891156,
        "dvar2": 0.000613724463619,
        "max": 0.658203125,
        "mean": 0.102521330118,
        "median": 0.09716796875,
        "min": 0,
        "var": 0.00286003784277
    },
    "barkbands": {
        "dmean": [0.0005854073097, 0.00762625457719, 0.00300569855608, 0.0036160396412, 0.00155853643082, 0.000768545607571, 0.000807527918369, 0.000420131895225, 0.000669615226798, 0.000509468547534, 0.000451333355159, 0.000344077183399, 0.000284971960355, 0.000373536895495, 0.000386579311453, 0.00027624721406, 0.000300634332234, 0.000386526982766, 0.00030450776103, 0.000291867298074, 0.000265392678557, 0.000236108098761, 0.000242645939579, 0.000172331667272, 0.000207159435377, 0.000185639917618, 8.79537838046e-05],
        "dmean2": [0.000932503084186, 0.0114520508796, 0.00528656644747, 0.00560722500086, 0.00288499309681, 0.0013446144294, 0.00124075298663, 0.000664263672661, 0.00101638701744, 0.000788285338785, 0.000705801649019, 0.000550244760234, 0.000470880331704, 0.000602208194323, 0.000640946032945, 0.000446839985671, 0.000489419500809, 0.000628178473562, 0.000500063237268, 0.000479268404888, 0.000438580726041, 0.000394759117626, 0.000398966338253, 0.000278077670373, 0.000327951856889, 0.000287643400952, 0.000141495998832],
        "dvar": [3.21818902194e-06, 0.000221666588914, 0.000119542273751, 0.000195032553165, 2.99386611005e-05, 3.47717673321e-06, 2.1424177703e-06, 6.41948702196e-07, 1.58653244853e-06, 8.90326305125e-07, 8.58606711063e-07, 3.81498495017e-07, 2.8215634984e-07, 4.29744346775e-07, 4.36936062442e-07, 2.19145960045e-07, 2.79350928167e-07, 3.013382468e-07, 2.12244898989e-07, 1.79055220428e-07, 1.6901853428e-07, 1.40529124337e-07, 1.77668511014e-07, 9.47229992221e-08, 1.32840980882e-07, 1.03522012296e-07, 1.91434157415e-08],
        "dvar2": [7.35467756385e-06, 0.000401458470151, 0.000314468779834, 0.000376654032152, 8.73257013154e-05, 9.93832236418e-06, 5.06015976498e-06, 1.48057142724e-06, 3.32467766384e-06, 1.95721122509e-06, 2.05559990718e-06, 9.16926637728e-07, 7.20682066913e-07, 1.00510885659e-06, 1.13386647627e-06, 5.16623742897e-07, 6.79618040067e-07, 7.52264497805e-07, 5.47586751054e-07, 4.85174666665e-07, 4.57739986359e-07, 3.78765633968e-07, 4.95494191455e-07, 2.48037281381e-07, 3.35099713311e-07, 2.48208067433e-07, 5.0263590623e-08],
        "max": [0.0511338822544, 0.145510554314, 0.110090173781, 0.132365643978, 0.0458873659372, 0.01766156964, 0.024487875402, 0.0181545726955, 0.0352549701929, 0.0233042649925, 0.0255341585726, 0.0140450578183, 0.0106915393844, 0.016484329477, 0.0144324414432, 0.0098014799878, 0.0175116080791, 0.00793107505888, 0.010615374893, 0.00511319423094, 0.00638501625508, 0.0041780131869, 0.00494379736483, 0.00474536558613, 0.00469458801672, 0.0043384465389, 0.0013100868091],
        "mean": [0.00100952258799, 0.0189274158329, 0.00285803084262, 0.00356371887028, 0.00151264143642, 0.00105932517909, 0.00153321435209, 0.000718685798347, 0.00130319502205, 0.000853524717968, 0.000797584885731, 0.000604140805081, 0.000447670492576, 0.000626350170933, 0.000599566672463, 0.000476528774016, 0.000515430641826, 0.000701608776581, 0.000588519556914, 0.000594005687162, 0.000541080720723, 0.000503309944179, 0.000499923538882, 0.000372516049538, 0.000467076140922, 0.000476305081975, 0.000180087183253],
        "median": [6.96988572599e-05, 0.00133891124278, 0.000427556369686, 0.000383942387998, 0.000489983242005, 0.000436655827798, 0.000661773956381, 0.00029048815486, 0.000511726306286, 0.000352247909177, 0.000283104542177, 0.000257415289525, 0.000217445951421, 0.000334761833074, 0.000323591317283, 0.00027997395955, 0.000294468074571, 0.000477387191495, 0.000422219978645, 0.000386362167774, 0.000301894149743, 0.000241943998844, 0.000360724050552, 0.000276519625913, 0.000377981661586, 0.000205035350518, 2.61473251157e-05],
        "min": [3.51120726736e-24, 7.41258040529e-24, 3.11764929491e-24, 4.1411608207e-24, 2.22753541038e-23, 6.57945572581e-24, 2.31532474285e-23, 1.50807911869e-23, 3.2677461749e-23, 2.46131623291e-23, 3.22046721649e-23, 2.4275386289e-23, 5.94966278456e-23, 3.80224235222e-23, 7.63940915443e-23, 1.00228690758e-22, 5.75899762812e-23, 1.29570441548e-22, 1.49971318568e-22, 2.1148991051e-22, 2.6153071512e-22, 2.8011082544e-22, 5.38652502414e-22, 7.10814112215e-22, 9.31311564707e-22, 1.38777329312e-21, 2.14831648998e-21],
        "var": [1.15385591926e-05, 0.000710533058736, 8.66095288075e-05, 0.000235698142205, 1.84161381185e-05, 3.17729654853e-06, 5.57945622859e-06, 1.58449574883e-06, 5.11958069183e-06, 2.53530811278e-06, 2.43330782723e-06, 1.07959192519e-06, 5.58910357995e-07, 9.27291011976e-07, 7.60451030146e-07, 4.62327847117e-07, 5.74785076424e-07, 6.31588136457e-07, 4.75497046182e-07, 4.1085249336e-07, 3.82307177915e-07, 3.31107969487e-07, 2.87908108021e-07, 1.79473772732e-07, 2.61459604189e-07, 2.93364820436e-07, 6.03863981041e-08]
    },
    "erbbands": {
        "dmean": [0.280561536551, 1.67788112164, 3.17142939568, 9.63514328003, 6.72393608093, 5.08496046066, 4.96584272385, 6.68217563629, 10.0542573929, 11.0011701584, 11.0906362534, 12.2595376968, 16.0418720245, 17.6322383881, 11.9130821228, 11.7578458786, 12.5226278305, 15.1013498306, 17.1893825531, 17.7228431702, 15.0064401627, 17.6019935608, 20.2270069122, 17.164440155, 14.8237285614, 11.5694217682, 11.6498775482, 9.7191028595, 8.6786737442, 7.7283911705, 7.35173797607, 3.66904401779, 3.30943512917, 2.71116018295, 1.30499017239, 0.827565610409, 0.363795489073, 0.123732767999, 0.0137183023617, 0.000183761716471],
        "dmean2": [0.377519547939, 2.5819246769, 5.4767036438, 15.104347229, 10.8821554184, 9.25123882294, 8.86303710938, 11.5301713943, 15.4950733185, 17.3784885406, 16.8766365051, 18.8603363037, 24.6411170959, 27.5145587921, 18.8549671173, 18.846408844, 20.4519805908, 24.6391983032, 27.8037948608, 29.2626495361, 24.2602958679, 28.4779415131, 32.9267921448, 28.0548057556, 24.5899658203, 18.8899555206, 19.1073589325, 16.2367401123, 14.4883565903, 13.0868759155, 12.0958423615, 5.99906826019, 5.30087471008, 4.35058546066, 2.06728768349, 1.29054009914, 0.580814003944, 0.195907309651, 0.0220507849008, 0.000292531272862],
        "dvar": [0.315002202988, 12.2107181549, 116.528572083, 1332.20507812, 634.79107666, 245.342193604, 222.699584961, 236.029891968, 363.16229248, 548.244689941, 476.950805664, 556.381225586, 786.249084473, 990.736206055, 471.900817871, 462.944854736, 528.369995117, 628.30267334, 836.608093262, 786.00390625, 692.305603027, 858.084289551, 921.061340332, 680.650268555, 483.362854004, 266.934204102, 341.809814453, 229.49559021, 194.537628174, 159.99041748, 190.502487183, 46.0184249878, 32.5402412415, 22.6387386322, 5.32079124451, 2.12714266777, 0.387384414673, 0.0348615758121, 0.000481206050608, 8.13235345731e-08],
        "dvar2": [0.471689224243, 25.8406047821, 312.752105713, 2591.47094727, 1623.21154785, 710.260681152, 645.597106934, 664.491271973, 810.428283691, 1339.35473633, 1012.81268311, 1202.56530762, 1734.59228516, 2360.02734375, 1134.0892334, 1139.46704102, 1345.76013184, 1563.21411133, 1976.18725586, 1982.31433105, 1653.64404297, 2158.68457031, 2269.69775391, 1738.2142334, 1322.55932617, 707.285583496, 913.052185059, 631.286560059, 518.60357666, 441.29006958, 539.812927246, 125.274375916, 82.1077575684, 57.2560997009, 13.3588190079, 5.0587515831, 0.995061397552, 0.0876301750541, 0.0012590540573, 2.12279360312e-07],
        "max": [7.12972927094, 31.7639293671, 114.730636597, 333.664428711, 293.042510986, 129.658950806, 154.048492432, 194.884094238, 419.630615234, 539.256530762, 506.254882812, 545.75793457, 661.122070312, 813.977966309, 698.833312988, 699.357849121, 543.040405273, 597.548400879, 656.081665039, 532.648132324, 650.210205078, 709.28527832, 538.046691895, 644.800720215, 371.748077393, 248.199081421, 334.58203125, 228.288345337, 177.835098267, 132.778503418, 171.564498901, 69.9137115479, 111.841880798, 64.8913574219, 36.8494529724, 22.9243125916, 9.4833650589, 2.2460334301, 0.236063227057, 0.0032155662775],
        "mean": [0.635030627251, 3.82422637939, 3.88616752625, 9.52172660828, 6.66869258881, 5.3152384758, 5.91916036606, 9.60309123993, 18.8124980927, 19.7777748108, 20.8364486694, 23.515209198, 30.033290863, 33.0044174194, 22.6203289032, 21.2948246002, 22.0890483856, 26.9959335327, 30.2524414062, 31.1782169342, 28.0053443909, 31.9898433685, 37.5032081604, 34.3457221985, 29.8307037354, 25.1413650513, 23.4784145355, 20.0543498993, 18.4655056, 15.7334251404, 14.1786527634, 7.699842453, 6.97845602036, 5.75178384781, 2.91759991646, 1.92264413834, 0.878012597561, 0.310027837753, 0.0268324743956, 0.000451207044534],
        "median": [0.0354043208063, 0.358335256577, 0.83846783638, 1.20285153389, 1.35844480991, 1.60741567612, 2.28364825249, 4.10196208954, 8.26931762695, 8.96148395538, 8.6928062439, 10.2791633606, 13.8938140869, 16.471862793, 11.1728229523, 10.41056633, 11.9934282303, 16.2101287842, 19.0759391785, 20.8762664795, 17.6920318604, 19.8862419128, 25.1350326538, 25.645532608, 21.431640625, 16.8561935425, 14.8110523224, 9.39889621735, 8.65644645691, 9.57588005066, 10.2162055969, 5.51550579071, 5.16875171661, 4.51491641998, 2.21428918839, 1.0089533329, 0.362203657627, 0.0782750844955, 0.00405639968812, 0.00014019999071],
        "min": [2.65485041335e-22, 1.2846102796e-21, 4.01768570542e-21, 1.77324662773e-20, 2.18150000347e-20, 8.58371525501e-20, 3.98909013626e-20, 7.07131050148e-20, 2.11816682294e-19, 2.68675500788e-19, 3.38645519731e-19, 7.60595003086e-19, 1.02936195903e-18, 1.09011299835e-18, 1.40384419992e-18, 1.27298133188e-18, 2.27281852651e-18, 3.2604721779e-18, 3.63341234734e-18, 4.62036620393e-18, 4.73707849322e-18, 3.47593783822e-18, 5.82958431829e-18, 6.56124749038e-18, 8.77174250723e-18, 1.01441170343e-17, 9.74795211484e-18, 1.34535839471e-17, 1.076154036e-17, 1.20407726957e-17, 1.61477087206e-17, 1.56609526348e-17, 1.19440521211e-17, 9.11086339732e-18, 7.61055877104e-18, 4.34244923454e-18, 2.66010573008e-18, 1.0177199089e-18, 2.51433360359e-19, 3.0026866262e-20],
        "var": [1.07530248165, 31.3878440857, 87.4567260742, 1569.0925293, 563.245666504, 171.708496094, 153.444778442, 251.115783691, 998.112548828, 1168.24194336, 1371.8770752, 1652.21972656, 2293.78613281, 2797.07495117, 1317.3013916, 1223.07202148, 1138.44250488, 1241.64453125, 1712.76928711, 1525.81628418, 1482.49157715, 1819.09375, 1970.60180664, 1473.1751709, 1011.99475098, 687.417724609, 721.908935547, 538.492370605, 463.499542236, 292.27355957, 257.468994141, 77.6835403442, 64.5085525513, 41.0200386047, 10.8132219315, 5.22958183289, 0.995423018932, 0.139838129282, 0.00137028098106, 2.91426971444e-07]
    },
    "gfcc": {
        "mean": [26.3714447021, 31.5510425568, -102.589096069, 22.8690738678, -49.8239364624, 14.6286087036, -31.1715335846, 18.3530387878, -21.8512573242, 8.80326366425, -17.7063674927, 5.56034231186, -15.7583990097],
        "cov": [[20466.1894531, -1401.88122559, 841.330688477, 312.798828125, -194.051116943, 269.135375977, -56.8648681641, 73.6220169067, 38.7581863403, 336.954559326, -360.591552734, 168.852783203, -278.424530029], [-1401.88122559, 1256.68139648, -112.79800415, -65.577293396, 1.97832667828, -115.695861816, 20.4404964447, -65.9903335571, 73.1899261475, -3.15733742714, 67.3100204468, -62.2915000916, 28.4664058685], [841.330688477, -112.79800415, 1263.43920898, 564.211120605, 262.393951416, 232.561935425, 251.207809448, 18.6566009521, 164.304885864, 136.478881836, 12.5233201981, 59.3410148621, 2.12696909904], [312.798828125, -65.577293396, 564.211120605, 521.035095215, 229.589630127, 195.821228027, 191.25201416, 56.1365776062, 101.641983032, 84.0983276367, 23.4771575928, 38.9201965332, 39.000869751], [-194.051116943, 1.97832667828, 262.393951416, 229.589630127, 330.995239258, 134.109436035, 194.190216064, 64.4980621338, 96.4506072998, 64.4596862793, 51.159778595, 51.4252433777, 46.8815879822], [269.135375977, -115.695861816, 232.561935425, 195.821228027, 134.109436035, 255.349090576, 173.821990967, 72.1104507446, 60.5578727722, 61.6819534302, 24.6632804871, 41.270236969, 39.3717460632], [-56.8648681641, 20.4404964447, 251.207809448, 191.25201416, 194.190216064, 173.821990967, 346.651916504, 102.298294067, 136.619949341, 109.546447754, 83.6885147095, 71.5986099243, 68.5017852783], [73.6220169067, -65.9903335571, 18.6566009521, 56.1365776062, 64.4980621338, 72.1104507446, 102.298294067, 170.373748779, 79.8878707886, 42.6007728577, 35.9783554077, 51.022354126, 35.7826728821], [38.7581863403, 73.1899261475, 164.304885864, 101.641983032, 96.4506072998, 60.5578727722, 136.619949341, 79.8878707886, 194.214385986, 106.529823303, 55.7684860229, 53.7758216858, 45.0149803162], [336.954559326, -3.15733742714, 136.478881836, 84.0983276367, 64.4596862793, 61.6819534302, 109.546447754, 42.6007728577, 106.529823303, 140.207229614, 71.2794418335, 49.9087753296, 32.0386199951], [-360.591552734, 67.3100204468, 12.5233201981, 23.4771575928, 51.159778595, 24.6632804871, 83.6885147095, 35.9783554077, 55.7684860229, 71.2794418335, 122.606956482, 62.4239578247, 42.2754364014], [168.852783203, -62.2915000916, 59.3410148621, 38.9201965332, 51.4252433777, 41.270236969, 71.5986099243, 51.022354126, 53.7758216858, 49.9087753296, 62.4239578247, 112.360122681, 57.5144844055], [-278.424530029, 28.4664058685, 2.12696909904, 39.000869751, 46.8815879822, 39.3717460632, 68.5017852783, 35.7826728821, 45.0149803162, 32.0386199951, 42.2754364014, 57.5144844055, 101.55304718]],
        "icov": [[7.5219948485e-05, 1.56421028805e-05, 1.42593819419e-06, -2.82876626443e-05, 7.25010831957e-05, -3.86173232982e-05, 1.06889492599e-05, -2.67597824859e-05, 0.000116238174087, -0.000454056513263, 0.000505662406795, -0.000399365788326, 0.000303800887195], [1.56421028805e-05, 0.00109392404556, 3.47333625541e-05, 5.13489158038e-06, -9.00186842046e-06, 0.000480649294332, -0.000230420133448, 0.000587110582273, -0.000977418618277, 0.000711067521479, -0.001117706066, 0.00134405877907, -0.000587079732213], [1.42593819419e-06, 3.47333625541e-05, 0.00185841962229, -0.00173896632623, 3.8247944758e-06, -0.000188390651601, -0.000402493722504, 0.00104343297426, -0.000767113931943, -0.000450145802461, 0.000838610285427, -0.00110546522774, 0.00135722826235], [-2.82876626443e-05, 5.13489158038e-06, -0.00173896632623, 0.00502178585157, -0.00161509704776, -0.00140177702997, 0.00025301030837, -0.000530018471181, 0.000222809365368, -0.000190693433979, -0.000106430634332, 0.00131389778107, -0.00140442722477], [7.25010831957e-05, -9.00186842046e-06, 3.8247944758e-06, -0.00161509704776, 0.00561048556119, -0.000486741540954, -0.00176887609996, 4.51934829471e-05, -0.00073142448673, 0.00071951962309, -0.000303595559672, -0.000771924504079, 0.00025816966081], [-3.86173232982e-05, 0.000480649294332, -0.000188390651601, -0.00140177702997, -0.000486741540954, 0.0078064231202, -0.00269771367311, -0.00129699020181, 0.00138310249895, -0.000969882763457, 0.000867300666869, 0.000445550773293, -0.00114389695227], [1.06889492599e-05, -0.000230420133448, -0.000402493722504, 0.00025301030837, -0.00176887609996, -0.00269771367311, 0.00716158561409, -0.00128086749464, -0.0012911335798, -0.00103261473123, -0.00170972803608, 0.000405410304666, -0.00113159511238], [-2.67597824859e-05, 0.000587110582273, 0.00104343297426, -0.000530018471181, 4.51934829471e-05, -0.00129699020181, -0.00128086749464, 0.00940118357539, -0.003827432869, 0.00184507097583, -0.000559443607926, -0.00187310925685, 0.000385380000807], [0.000116238174087, -0.000977418618277, -0.000767113931943, 0.000222809365368, -0.00073142448673, 0.00138310249895, -0.0012911335798, -0.003827432869, 0.012741564773, -0.00824427977204, 0.00311421090737, -0.00175528298132, -0.000805110437796], [-0.000454056513263, 0.000711067521479, -0.000450145802461, -0.000190693433979, 0.00071951962309, -0.000969882763457, -0.00103261473123, 0.00184507097583, -0.00824427977204, 0.0200143363327, -0.0104409307241, 0.00263506243937, -0.00107701553497], [0.000505662406795, -0.001117706066, 0.000838610285427, -0.000106430634332, -0.000303595559672, 0.000867300666869, -0.00170972803608, -0.000559443607926, 0.00311421090737, -0.0104409307241, 0.0204857625067, -0.00977713800967, 0.00180010485929], [-0.000399365788326, 0.00134405877907, -0.00110546522774, 0.00131389778107, -0.000771924504079, 0.000445550773293, 0.000405410304666, -0.00187310925685, -0.00175528298132, 0.00263506243937, -0.00977713800967, 0.0209958497435, -0.00925710890442], [0.000303800887195, -0.000587079732213, 0.00135722826235, -0.00140442722477, 0.00025816966081, -0.00114389695227, -0.00113159511238, 0.000385380000807, -0.000805110437796, -0.00107701553497, 0.00180010485929, -0.00925710890442, 0.0174973644316]]
    },
    "melbands": {
        "dmean": [0.00228424998932, 0.00180267437827, 0.00147475325502, 0.000405546714319, 0.000172379164724, 0.000152153035742, 0.00015358501696, 0.00011162069859, 9.85324004432e-05, 8.38427513372e-05, 8.49085481605e-05, 7.48181337258e-05, 5.03025839862e-05, 2.9299657399e-05, 3.9082216972e-05, 3.30882576236e-05, 2.88132487185e-05, 2.95904810628e-05, 3.56700984412e-05, 1.99626902031e-05, 1.79694998224e-05, 2.19715548155e-05, 1.40097627082e-05, 2.14282899833e-05, 1.47321825352e-05, 1.20103995869e-05, 1.24283214973e-05, 8.08927507023e-06, 8.95459379535e-06, 6.40995267531e-06, 5.49087371837e-06, 5.50061940885e-06, 5.30425040779e-06, 4.52589620181e-06, 4.86770250063e-06, 3.46065462509e-06, 1.94454628399e-06, 2.41219186137e-06, 2.55989561992e-06, 2.35171933127e-06],
        "dmean2": [0.00318863475695, 0.0029562599957, 0.00229434040375, 0.000729813880753, 0.000309007475153, 0.000261611654423, 0.000237645275774, 0.000175426874193, 0.000148683233419, 0.000129046558868, 0.000130317988805, 0.000116283619718, 7.9080426076e-05, 4.68486068712e-05, 6.26360051683e-05, 5.43217865925e-05, 4.70169252367e-05, 4.76721797895e-05, 5.91240459471e-05, 3.23864042002e-05, 2.91563410428e-05, 3.58356883225e-05, 2.29413817578e-05, 3.48818321072e-05, 2.41597153945e-05, 1.99449532374e-05, 2.07981211133e-05, 1.33803996505e-05, 1.47762930283e-05, 1.07452879092e-05, 9.14185966394e-06, 9.1989086286e-06, 8.92249863682e-06, 7.71072154748e-06, 8.19000160845e-06, 5.59535510547e-06, 3.27390307575e-06, 3.93138407162e-06, 4.12678991779e-06, 3.8037790091e-06],
        "dvar": [1.82417679753e-05, 2.20097990677e-05, 2.89162908302e-05, 2.09069844459e-06, 2.79372102341e-07, 1.18343692179e-07, 7.57834044407e-08, 5.01395156505e-08, 4.24358184148e-08, 2.75719092002e-08, 2.23052563086e-08, 1.64054512197e-08, 1.04274091584e-08, 3.67266195234e-09, 6.58365628681e-09, 4.32971303255e-09, 2.2733737115e-09, 3.44902750804e-09, 4.30425561859e-09, 1.2824318274e-09, 1.17934784161e-09, 1.52694190625e-09, 5.31542310167e-10, 1.10266651365e-09, 5.84360948519e-10, 3.26452170851e-10, 4.2730563532e-10, 1.58829366326e-10, 2.43254943966e-10, 1.03180172739e-10, 7.67906571664e-11, 8.99288143952e-11, 8.27144533422e-11, 4.99036055535e-11, 9.32370292084e-11, 2.96107478814e-11, 1.39733936227e-11, 1.76365554105e-11, 1.92573769431e-11, 1.62343142401e-11],
        "dvar2": [2.86834329017e-05, 5.62955283385e-05, 5.57201747142e-05, 5.91300022279e-06, 8.14001452909e-07, 3.33921633455e-07, 1.7546776121e-07, 1.21777816275e-07, 8.57050892478e-08, 6.0050957984e-08, 4.90277756171e-08, 3.85633391886e-08, 2.47471376724e-08, 8.71157102011e-09, 1.58720787624e-08, 1.09540350124e-08, 5.56523360729e-09, 7.95621613037e-09, 1.11900435584e-08, 2.9127771306e-09, 2.8069402358e-09, 3.84440479451e-09, 1.32309874168e-09, 2.74076272788e-09, 1.48303935799e-09, 8.67572402807e-10, 1.17451881554e-09, 4.19909218508e-10, 6.43170183778e-10, 2.87332685422e-10, 2.10438513837e-10, 2.41723141503e-10, 2.26461849273e-10, 1.38512951109e-10, 2.69750305426e-10, 7.5311618053e-11, 3.92685155226e-11, 4.55391176157e-11, 4.72732096524e-11, 4.1797388467e-11],
        "max": [0.0492982491851, 0.0479832068086, 0.048425052315, 0.0145621439442, 0.0055063245818, 0.00393942417577, 0.00542779732496, 0.00484278565273, 0.00401698658243, 0.00440201582387, 0.00339893158525, 0.00300962198526, 0.00336682260968, 0.00137772865128, 0.00233735190704, 0.00145708746277, 0.00139466801193, 0.00147734140046, 0.00156227638945, 0.000879044411704, 0.00104588095564, 0.000992277637124, 0.000453397544334, 0.000622986990493, 0.000650041503832, 0.000354967429303, 0.000326963170664, 0.00022412573162, 0.000324361550156, 0.000167447869899, 0.000143202138133, 0.000151985121192, 0.000116297836939, 9.62860649452e-05, 0.000119269221614, 5.27921292814e-05, 4.1808012611e-05, 5.68606337765e-05, 0.000113543792395, 5.1429393352e-05],
        "mean": [0.00555369723588, 0.00314974365756, 0.00151092850138, 0.0004119068617, 0.000202234092285, 0.000225353942369, 0.000291284173727, 0.000199173446163, 0.000180715069291, 0.000157926493557, 0.000154302178998, 0.000137359616929, 9.2595917522e-05, 5.07966942678e-05, 6.25647444394e-05, 5.23739472555e-05, 4.92300678161e-05, 4.81750357721e-05, 5.35569379281e-05, 3.41561826644e-05, 3.0252875149e-05, 3.5806941014e-05, 2.50000593951e-05, 3.71157402697e-05, 2.67686245934e-05, 2.24772338697e-05, 2.15470154217e-05, 1.55512934725e-05, 1.606258229e-05, 1.19714541142e-05, 1.07783853309e-05, 1.06733823486e-05, 9.52884875005e-06, 8.49722073326e-06, 8.57014765643e-06, 6.73335171086e-06, 3.73925968233e-06, 4.51715959571e-06, 5.51040648133e-06, 4.60520004708e-06],
        "median": [0.000367084168829, 0.000552360143047, 0.000213311664993, 0.000108129592263, 8.65022302605e-05, 9.86751110759e-05, 0.000133111694595, 8.81566520547e-05, 6.53895476717e-05, 6.31343791611e-05, 6.65913830744e-05, 6.60353689454e-05, 3.88866392314e-05, 2.16090302274e-05, 2.51760720857e-05, 2.21496702579e-05, 2.78889165202e-05, 2.46829131356e-05, 2.6305555366e-05, 1.9622297259e-05, 1.61599600688e-05, 1.89619731827e-05, 1.5841998902e-05, 2.38357497437e-05, 1.78064547072e-05, 1.57161957759e-05, 1.21575958474e-05, 9.52356276684e-06, 9.36299693421e-06, 6.36598542769e-06, 4.97970904689e-06, 4.96093070979e-06, 4.41557313025e-06, 5.46021828995e-06, 5.83675819144e-06, 4.84704742121e-06, 2.40462395595e-06, 3.10247924062e-06, 4.17124738306e-06, 3.49155061485e-06],
        "min": [2.33611651307e-24, 2.35479082285e-24, 2.55919493859e-24, 5.35709129848e-24, 2.02236957056e-24, 1.56640698126e-24, 3.56612303042e-24, 2.9261057813e-24, 2.74058739007e-24, 5.17641454106e-24, 4.74220341072e-24, 4.05652748405e-24, 5.36583463833e-24, 3.98967664993e-24, 3.9244796627e-24, 6.40341234291e-24, 6.16068970314e-24, 4.63747344808e-24, 5.97395133851e-24, 5.85115251684e-24, 4.50454249694e-24, 2.92073501904e-24, 4.20465584053e-24, 6.61103303899e-24, 4.08699881424e-24, 6.0478814104e-24, 5.3645791662e-24, 7.05437365658e-24, 4.70759016635e-24, 5.28550651007e-24, 8.20076052355e-24, 5.91996761462e-24, 5.44924287399e-24, 6.38016776748e-24, 9.87522507996e-24, 8.61273050952e-24, 9.02232129101e-24, 8.21845309593e-24, 7.25659341647e-24, 7.78736901022e-24],
        "var": [6.50831716484e-05, 2.6958201488e-05, 3.55034244421e-05, 1.50265282173e-06, 1.81147839839e-07, 1.28276596456e-07, 2.00215950485e-07, 1.12074552305e-07, 1.29034205543e-07, 8.15895333517e-08, 6.55831939866e-08, 4.67573464391e-08, 3.01353573207e-08, 8.59327098368e-09, 1.78026322573e-08, 9.29737264954e-09, 4.52437109999e-09, 7.0314642997e-09, 7.22090387484e-09, 2.80610601422e-09, 2.46808595783e-09, 2.98844948787e-09, 1.0516763016e-09, 2.1458554933e-09, 1.16885001678e-09, 6.63909260901e-10, 7.55178641842e-10, 3.38055139437e-10, 4.26181867574e-10, 2.02289879292e-10, 1.66938851631e-10, 1.82382650649e-10, 1.41675365883e-10, 8.73573990923e-11, 1.06599951089e-10, 5.67322126777e-11, 2.09271298207e-11, 3.0239449833e-11, 4.02761365925e-11, 2.70415460857e-11]
    },
    "mfcc": {
        "mean": [-621.643493652, 77.8585586548, 1.88864088058, 15.6485939026, 4.12057685852, 1.50930964947, 4.15430355072, 6.66714382172, 3.24635910988, 5.97737884521, 4.71945619583, -2.31498241425, 2.55971336365],
        "cov": [[12476.0605469, -309.560150146, 629.011047363, 411.328674316, 143.970855713, 272.839874268, -32.0782203674, 60.4968490601, 206.65020752, 54.0411911011, 100.313156128, 178.267379761, 41.8284873962], [-309.560150146, 1092.8449707, -92.4635696411, -4.11636447906, -89.8412399292, -98.7927474976, -85.7941436768, -75.1508712769, -51.727973938, -7.8387761116, 3.69695568085, -32.9533958435, 11.692234993], [629.011047363, -92.4635696411, 824.065368652, 341.491210938, 166.002700806, 292.90246582, 89.4186019897, 63.6127929688, 126.330078125, 67.4444961548, 68.8693161011, 130.878555298, 25.9321975708], [411.328674316, -4.11636447906, 341.491210938, 365.669555664, 146.200958252, 193.785217285, 92.9403762817, 66.6730422974, 108.114830017, 58.2031860352, 49.1984062195, 102.504379272, 31.8721809387], [143.970855713, -89.8412399292, 166.002700806, 146.200958252, 209.581970215, 109.769638062, 52.4521598816, 50.9349327087, 57.1767921448, 20.1755332947, 19.8332462311, 29.7613430023, 15.1758613586], [272.839874268, -98.7927474976, 292.90246582, 193.785217285, 109.769638062, 308.053375244, 142.947982788, 76.4718322754, 112.683670044, 70.8236999512, 60.2742538452, 86.3657073975, 24.4586925507], [-32.0782203674, -85.7941436768, 89.4186019897, 92.9403762817, 52.4521598816, 142.947982788, 205.03918457, 95.8771209717, 67.8572845459, 52.7028503418, 42.5040130615, 39.2860145569, 23.5964355469], [60.4968490601, -75.1508712769, 63.6127929688, 66.6730422974, 50.9349327087, 76.4718322754, 95.8771209717, 153.508499146, 95.2471313477, 48.6002693176, 39.7054786682, 47.2835731506, 22.499917984], [206.65020752, -51.727973938, 126.330078125, 108.114830017, 57.1767921448, 112.683670044, 67.8572845459, 95.2471313477, 168.104598999, 76.1034240723, 56.4904441833, 72.0809631348, 28.8143100739], [54.0411911011, -7.8387761116, 67.4444961548, 58.2031860352, 20.1755332947, 70.8236999512, 52.7028503418, 48.6002693176, 76.1034240723, 110.795295715, 58.8105392456, 44.8125, 22.6622886658], [100.313156128, 3.69695568085, 68.8693161011, 49.1984062195, 19.8332462311, 60.2742538452, 42.5040130615, 39.7054786682, 56.4904441833, 58.8105392456, 116.381134033, 73.6618652344, 35.1336631775], [178.267379761, -32.9533958435, 130.878555298, 102.504379272, 29.7613430023, 86.3657073975, 39.2860145569, 47.2835731506, 72.0809631348, 44.8125, 73.6618652344, 140.43409729, 60.0262756348], [41.8284873962, 11.692234993, 25.9321975708, 31.8721809387, 15.1758613586, 24.4586925507, 23.5964355469, 22.499917984, 28.8143100739, 22.6622886658, 35.1336631775, 60.0262756348, 95.6687545776]],
