{
"lowlevel": {
    "average_loudness": 0.924413502216,
    "barkbands_crest": {
        "dmean": 2.98337364197,
        "dmean2": 4.61277389526,
        "dvar": 10.9247283936,
        "dvar2": 23.9876098633,
        "max": 26.6931724548,
        "mean": 14.8487434387,
        "median": 15.2965908051,
        "min": 2.20656108856,
        "var": 30.0671539307
    },
    "barkbands_flatness_db": {
        "dmean": 0.0335681959987,
        "dmean2": 0.0479778386652,
        "dvar": 0.0019384031184,
        "dvar2": 0.00327550549991,
        "max": 0.613059818745,
        "mean": 0.188840612769,
        "median": 0.131419092417,
        "min": 0.0123413009569,
        "var": 0.0171271190047
    },
    "barkbands_kurtosis": {
        "dmean": 9.62063694,
        "dmean2": 14.0955505371,
        "dvar": 1254.96398926,
        "dvar2": 2656.09008789,
        "max": 1175.10009766,
        "mean": 9.81645774841,
        "median": 0.581945300102,
        "min": -1.86099088192,
        "var": 1453.11474609
    },
    "barkbands_skewness": {
        "dmean": 0.99358433485,
        "dmean2": 1.31966364384,
        "dvar": 2.79134964943,
        "dvar2": 4.69903802872,
        "max": 33.0409469604,
        "mean": 1.71301829815,
        "median": 1.16613101959,
        "min": -4.13709831238,
        "var": 6.11131668091
    },
    "barkbands_spread": {
        "dmean": 8.11958885193,
        "dmean2": 12.348572731,
        "dvar": 129.759506226,
        "dvar2": 273.880981445,
        "max": 99.5149536133,
        "mean": 31.9201812744,
        "median": 33.7499313354,
        "min": 0.270767807961,
        "var": 478.399902344
    },
    "dissonance": {
        "dmean": 0.018592748791,
        "dmean2": 0.0321764536202,
        "dvar": 0.000593896023929,
        "dvar2": 0.00162678596098,
        "max": 0.500000059605,
        "mean": 0.461557805538,
        "median": 0.48305606842,
        "min": 0.0939163714647,
        "var": 0.00378662510775
    },
    "dynamic_complexity": 3.31439852715,
    "erbbands_crest": {
        "dmean": 3.43043684959,
        "dmean2": 5.46771144867,
        "dvar": 12.6442728043,
        "dvar2": 30.9197349548,
        "max": 34.0498504639,
        "mean": 12.221575737,
        "median": 10.8221912384,
        "min": 2.12537002563,
        "var": 48.4120903015
    },
    "erbbands_flatness_db": {
        "dmean": 0.0203359462321,
        "dmean2": 0.0308389216661,
        "dvar": 0.000482733390527,
        "dvar2": 0.00101049081422,
        "max": 0.544452548027,
        "mean": 0.19936555624,
        "median": 0.14384496212,
        "min": 0.04624036327,
        "var": 0.0153582738712
    },
    "erbbands_kurtosis": {
        "dmean": 1.46326136589,
        "dmean2": 2.40417838097,
        "dvar": 8.1683473587,
        "dvar2": 18.7126426697,
        "max": 130.279708862,
        "mean": 2.13458395004,
        "median": 0.0965753793716,
        "min": -1.89055860043,
        "var": 45.1432113647
    },
    "erbbands_skewness": {
        "dmean": 0.464066118002,
        "dmean2": 0.716458797455,
        "dvar": 0.265155613422,
        "dvar2": 0.599823474884,
        "max": 8.42214012146,
        "mean": 0.567049205303,
        "median": 0.278907954693,
        "min": -6.32522344589,
        "var": 1.43710100651
    },
    "erbbands_spread": {
        "dmean": 10.6367607117,
        "dmean2": 17.2847633362,
        "dvar": 324.982330322,
        "dvar2": 744.486816406,
        "max": 194.862808228,
        "mean": 38.6738891602,
        "median": 34.6394882202,
        "min": 0.7537317276,
        "var": 830.768371582
    },
    "hfc": {
        "dmean": 9.77100086212,
        "dmean2": 14.2743368149,
        "dvar": 227.530303955,
        "dvar2": 508.859130859,
        "max": 171.470779419,
        "mean": 32.1672096252,
        "median": 25.9689483643,
        "min": 1.08233684712e-16,
        "var": 736.853088379
    },
    "melbands_crest": {
        "dmean": 3.57794570923,
        "dmean2": 5.7700548172,
        "dvar": 18.230140686,
        "dvar2": 42.1872444153,
        "max": 37.1134490967,
        "mean": 20.9957580566,
        "median": 21.8610248566,
        "min": 1.63715386391,
        "var": 43.2445640564
    },
    "melbands_flatness_db": {
        "dmean": 0.0413884781301,
        "dmean2": 0.0588084571064,
        "dvar": 0.00304819224402,
        "dvar2": 0.00542290927842,
        "max": 0.735529720783,
        "mean": 0.234956070781,
        "median": 0.184975326061,
        "min": 0.00200240081176,
        "var": 0.0206991545856
    },
    "melbands_kurtosis": {
        "dmean": 39.9954719543,
        "dmean2": 58.6277694702,
        "dvar": 14301.6201172,
        "dvar2": 24676.7734375,
        "max": 1101.67700195,
        "mean": 46.4734573364,
        "median": 8.03566455841,
        "min": -1.87558984756,
        "var": 21539.6816406
    },
    "melbands_skewness": {
        "dmean": 1.65514433384,
        "dmean2": 2.34199380875,
        "dvar": 9.28933238983,
        "dvar2": 15.667681694,
        "max": 25.3675880432,
        "mean": 3.69003725052,
        "median": 2.55748081207,
        "min": -2.4314789772,
        "var": 19.9981842041
    },
    "melbands_spread": {
        "dmean": 12.636177063,
        "dmean2": 20.0678005219,
        "dvar": 461.004547119,
        "dvar2": 1116.07006836,
        "max": 273.539581299,
        "mean": 31.1560401917,
        "median": 26.5725631714,
        "min": 0.324782907963,
        "var": 797.212585449
    },
    "pitch_salience": {
        "dmean": 0.0965522304177,
        "dmean2": 0.150017306209,
        "dvar": 0.013758954592,
        "dvar2": 0.0305875502527,
        "max": 0.983318984509,
        "mean": 0.420929908752,
        "median": 0.412446856499,
        "min": 0.0109538286924,
        "var": 0.0288043674082
    },
    "silence_rate_20dB": {
        "dmean": 0,
        "dmean2": 0,
        "dvar": 0,
        "dvar2": 0,
        "max": 1,
        "mean": 1,
        "median": 1,
        "min": 1,
        "var": 0
    },
    "silence_rate_30dB": {
        "dmean": 0.0601884685457,
        "dmean2": 0.120389133692,
        "dvar": 0.0565630719066,
        "dvar2": 0.145415052772,
        "max": 1,
        "mean": 0.956636250019,
        "median": 1,
        "min": 0,
        "var": 0.0414853654802
    },
    "silence_rate_60dB": {
        "dmean": 0.0407336093485,
        "dmean2": 0.0814754739404,
        "dvar": 0.0390711538494,
        "dvar2": 0.0864001587033,
        "max": 1,
        "mean": 0.100911855698,
        "median": 0,
        "min": 0,
        "var": 0.0907316878438
    },
    "spectral_centroid": {
        "dmean": 338.566192627,
        "dmean2": 514.78918457,
        "dvar": 246863.5625,
        "dvar2": 421830.53125,
        "max": 11273.3046875,
        "mean": 2096.13525391,
        "median": 2345.74804688,
        "min": 123.434333801,
        "var": 979408.875
    },
    "spectral_complexity": {
        "dmean": 5.09818601608,
        "dmean2": 7.57539510727,
        "dvar": 47.3505096436,
        "dvar2": 97.0974502563,
        "max": 58,
        "mean": 17.1157035828,
        "median": 13,
        "min": 0,
        "var": 185.069091797
    },
    "spectral_decrease": {
        "dmean": 2.8296938126e-09,
        "dmean2": 3.83169762586e-09,
        "dvar": 2.57454588983e-17,
        "dvar2": 4.28449911149e-17,
        "max": 1.80338564129e-26,
        "mean": -7.97915777895e-09,
        "median": -5.1798725309e-09,
        "min": -4.41845742216e-08,
        "var": 6.74599737029e-17
    },
    "spectral_energy": {
        "dmean": 0.0111215068027,
        "dmean2": 0.0148094724864,
        "dvar": 0.000364455831004,
        "dvar2": 0.000597041333094,
        "max": 0.17113173008,
        "mean": 0.0330328457057,
        "median": 0.0219530742615,
        "min": 1.02994382566e-20,
        "var": 0.00104608759284
    },
    "spectral_energyband_high": {
        "dmean": 0.000892134616151,
        "dmean2": 0.00136464904062,
        "dvar": 2.34079311667e-06,
        "dvar2": 5.8453906604e-06,
        "max": 0.0143739478663,
        "mean": 0.0024570855312,
        "median": 0.00196842243895,
        "min": 7.30842424745e-21,
        "var": 5.58097190151e-06
    },
    "spectral_energyband_low": {
        "dmean": 0.00678012054414,
        "dmean2": 0.00981916859746,
        "dvar": 0.000207070217584,
        "dvar2": 0.000371563102817,
        "max": 0.133736789227,
        "mean": 0.0176711026579,
        "median": 0.00507469195873,
        "min": 3.49155800439e-23,
        "var": 0.000620117934886
    },
    "spectral_energyband_middle_high": {
        "dmean": 0.00255522923544,
        "dmean2": 0.00386855448596,
        "dvar": 1.16991268442e-05,
        "dvar2": 2.52923437074e-05,
        "max": 0.0490757003427,
        "mean": 0.0064158490859,
        "median": 0.00456723058596,
        "min": 1.32254052946e-21,
        "var": 4.1748622607e-05
    },
    "spectral_energyband_middle_low": {
        "dmean": 0.00582606252283,
        "dmean2": 0.00887352973223,
        "dvar": 0.000341264967574,
        "dvar2": 0.000649652967695,
        "max": 0.164106726646,
        "mean": 0.00759555678815,
        "median": 0.0024898594711,
        "min": 2.08979250238e-22,
        "var": 0.000416086841142
    },
    "spectral_entropy": {
        "dmean": 0.202762901783,
        "dmean2": 0.307472705841,
        "dvar": 0.0804748311639,
        "dvar2": 0.165062323213,
        "max": 9.81328678131,
        "mean": 7.53151845932,
        "median": 8.07398796082,
        "min": 3.65517663956,
        "var": 1.35420942307
    },
    "spectral_flux": {
        "dmean": 0.0303421970457,
        "dmean2": 0.0438543520868,
        "dvar": 0.00195778603666,
        "dvar2": 0.00381028302945,
        "max": 0.41966599226,
        "mean": 0.0859309434891,
        "median": 0.0684749409556,
        "min": 6.50976217376e-11,
        "var": 0.00545364525169
    },
    "spectral_kurtosis": {
        "dmean": 5.63934803009,
        "dmean2": 9.76576805115,
        "dvar": 490.006530762,
        "dvar2": 1450.70654297,
        "max": 484.102081299,
        "mean": 16.9005451202,
        "median": 2.37942147255,
        "min": -1.26826858521,
        "var": 2841.64770508
    },
    "spectral_rms": {
        "dmean": 0.000894769560546,
        "dmean2": 0.00114236783702,
        "dvar": 1.56485691605e-06,
        "dvar2": 2.19225694309e-06,
        "max": 0.012921215035,
        "mean": 0.00496466876939,
        "median": 0.00462791882455,
        "min": 3.16989468528e-12,
        "var": 7.57924226491e-06
    },
    "spectral_rolloff": {
        "dmean": 1010.21490479,
        "dmean2": 1653.62670898,
        "dvar": 2719320.75,
        "dvar2": 5856333,
        "max": 20822.6074219,
        "mean": 2557.05151367,
        "median": 1959.52148438,
        "min": 64.599609375,
        "var": 6195126
    },
    "spectral_skewness": {
        "dmean": 0.290984123945,
        "dmean2": 0.490466207266,
        "dvar": 0.440539479256,
        "dvar2": 1.22786223888,
        "max": 18.2998943329,
        "mean": 2.01582050323,
        "median": 1.25262379646,
        "min": -0.0689344257116,
        "var": 6.9400639534
    },
    "spectral_spread": {
        "dmean": 611548.875,
        "dmean2": 887469.0625,
        "dvar": 760324292608,
        "dvar2": 1.20809691546e+12,
        "max": 42836148,
        "mean": 5648195,
        "median": 6050438,
        "min": 178248.140625,
        "var": 7.5484191785e+12
    },
    "spectral_strongpeak": {
        "dmean": 0.363764166832,
        "dmean2": 0.58347505331,
        "dvar": 0.427836358547,
        "dvar2": 1.05433297157,
        "max": 10.2289400101,
        "mean": 1.04494202137,
        "median": 0.440555989742,
        "min": 0,
        "var": 1.65171992779
    },
    "zerocrossingrate": {
        "dmean": 0.0175271145999,
        "dmean2": 0.0206675883383,
        "dvar": 0.000582897569984,
        "dvar2": 0.000790159741882,
        "max": 0.7353515625,
        "mean": 0.0925555154681,
        "median": 0.08740234375,
        "min": 0.0048828125,
        "var": 0.00371511233971
    },
    "barkbands": {
        "dmean": [0.000211918755667, 0.00548421777785, 0.00217593018897, 0.00356321665458, 0.00244712084532, 0.000532240548637, 0.000182347677764, 0.000352406234015, 0.000336171739036, 0.000282363966107, 0.000573696626816, 0.000739655457437, 0.000412912864704, 0.000516430940479, 0.000291904405458, 0.000367673521396, 0.000333797914209, 0.000233723811107, 0.000154300709255, 0.000202040770091, 0.00022848561639, 0.000227228927542, 0.000217619221075, 0.000170656436239, 0.00012964772759, 7.25886566215e-05, 2.09139707295e-05],
        "dmean2": [0.00033664322109, 0.00764341838658, 0.00365641596727, 0.00589452125132, 0.00421331031248, 0.000910536968149, 0.000302939268295, 0.000595024495851, 0.000545512652025, 0.000438219925854, 0.000910454371478, 0.0011998914415, 0.000668714288622, 0.00082443933934, 0.000469845574116, 0.000603297958151, 0.00053839100292, 0.000362564722309, 0.000244697439484, 0.000320070248563, 0.000359116209438, 0.000369181652786, 0.000363431783626, 0.000266364280833, 0.000197112283786, 0.000110399712867, 3.20114959322e-05],
        "dvar": [3.85997736885e-07, 0.000155364075908, 0.000103865284473, 0.000211070815567, 0.000112281551992, 2.5194015052e-06, 2.37818554183e-07, 8.57970519519e-07, 7.33581202894e-07, 5.29693068074e-07, 1.65116239259e-06, 2.27052169066e-06, 9.43779298268e-07, 1.74907347628e-06, 4.46845405122e-07, 5.43833152733e-07, 3.67393369061e-07, 1.92308263536e-07, 7.28309288434e-08, 1.0013985019e-07, 1.06843664582e-07, 1.33351804266e-07, 2.26794412583e-07, 1.00874899545e-07, 4.3184783749e-08, 1.23930101736e-08, 1.19629806061e-09],
        "dvar2": [8.44938654154e-07, 0.000279597850749, 0.000262206158368, 0.000487903482281, 0.000297119433526, 6.99842348695e-06, 6.31416014585e-07, 2.2969247766e-06, 1.59048863679e-06, 1.18084426504e-06, 4.09805761592e-06, 5.79917968935e-06, 2.4204816782e-06, 4.13096495322e-06, 1.01325144897e-06, 1.33418791393e-06, 8.9209294174e-07, 4.43588959342e-07, 1.72897728135e-07, 2.33634267488e-07, 2.47659897923e-07, 3.45611681496e-07, 6.17560488081e-07, 2.53413844575e-07, 9.92789352949e-08, 3.00483655735e-08, 2.6196145253e-09],
        "max": [0.0137721933424, 0.131477504969, 0.087941557169, 0.127417713404, 0.0989640653133, 0.0252347141504, 0.0132809607312, 0.0167923383415, 0.0246258638799, 0.0159033872187, 0.0272195283324, 0.0271570272744, 0.0222123451531, 0.0211961381137, 0.0217836648226, 0.014448444359, 0.0183622743934, 0.0128328986466, 0.00620589079335, 0.00581827107817, 0.00537259597331, 0.00518332188949, 0.00446997350082, 0.00307107460685, 0.00198631803505, 0.00115690776147, 0.000557775027119],
        "mean": [0.000360935984645, 0.0144709441811, 0.00185072585009, 0.00280989939347, 0.00205204030499, 0.00114283000585, 0.000358942517778, 0.000423720630351, 0.000574382720515, 0.000443088822067, 0.000992944464087, 0.00126031180844, 0.000651249487419, 0.000831631827168, 0.000444291217718, 0.000549118034542, 0.000543707457837, 0.000403695186833, 0.000249480537605, 0.000416503142333, 0.000509478151798, 0.000486014061607, 0.00037514482392, 0.000331337389071, 0.000289691321086, 0.000171672276338, 3.88907465094e-05],
        "median": [1.35519921969e-05, 0.00130464404356, 8.30843346193e-05, 3.39507350873e-05, 0.000121777149616, 3.76894422516e-05, 3.7780344428e-05, 6.23034793534e-05, 9.7303520306e-05, 9.8223448731e-05, 0.000189883925486, 0.000328238646034, 0.000151132917381, 0.000123711361084, 0.000146156002302, 0.000196335400688, 0.000204832860618, 0.000192635809071, 0.000117753974337, 0.000249213975621, 0.000318507663906, 0.000304203829728, 0.00024225199013, 0.000216576110688, 0.000214834319195, 0.000123756733956, 6.9850939326e-06],
        "min": [9.87618749026e-25, 7.26098342741e-24, 4.5802195013e-24, 1.00596469545e-24, 5.03664889903e-24, 1.85411942343e-23, 1.30577566066e-23, 1.73180117582e-23, 1.49950625169e-23, 1.30692881753e-23, 1.97641242749e-23, 4.35417204e-23, 4.59307509416e-23, 4.68731967541e-23, 6.0660803526e-23, 6.32041289497e-23, 7.92189140935e-23, 1.01388612901e-22, 1.63849628567e-22, 1.96514629469e-22, 2.33112184025e-22, 3.78132460091e-22, 3.97546440564e-22, 5.59144862056e-22, 9.93807826678e-22, 1.40137906114e-21, 1.91175919261e-21],
        "var": [1.11392830604e-06, 0.000454226392321, 7.98007749836e-05, 0.000185511933523, 8.05176241556e-05, 9.36243850447e-06, 1.19525896025e-06, 1.17296713142e-06, 2.43596514338e-06, 1.25398514683e-06, 4.60927594759e-06, 5.76872844249e-06, 2.58742943515e-06, 4.44858642368e-06, 1.15703733172e-06, 1.26710608583e-06, 1.2349184999e-06, 3.84671409392e-07, 1.44041294448e-07, 2.85415438839e-07, 3.60436047231e-07, 3.34245811473e-07, 2.54042021197e-07, 1.58921878324e-07, 1.00534776948e-07, 3.29128546639e-08, 3.42739436832e-09]
    },
    "erbbands": {
        "dmean": [0.162501618266, 1.30229687691, 2.57373809814, 6.44020080566, 11.7679634094, 7.1255812645, 5.62947511673, 3.79319787025, 3.13857340813, 3.2177259922, 9.27103710175, 8.02506351471, 8.76011276245, 11.0700769424, 24.6845207214, 30.2679309845, 21.1015720367, 27.6724014282, 14.7791156769, 15.3424263, 19.5307350159, 18.3307571411, 13.3473396301, 9.55936527252, 7.88113641739, 8.74865913391, 9.24052715302, 9.0138759613, 7.89403915405, 7.95200109482, 5.92675161362, 4.43112754822, 2.52668619156, 1.63453412056, 0.869543433189, 0.366072654724, 0.137243747711, 0.0319553725421, 0.00347019569017, 5.33196798642e-05],
        "dmean2": [0.22680555284, 1.72622406483, 4.00041675568, 10.4792909622, 18.9885883331, 13.0991315842, 10.1469669342, 6.38054227829, 5.09037971497, 5.11590623856, 15.8632411957, 12.9671325684, 13.6384744644, 16.9670734406, 39.4502067566, 48.6998786926, 33.7043037415, 43.8350524902, 23.4487819672, 24.7186393738, 31.8741168976, 29.3311328888, 20.9432277679, 15.0633411407, 12.4516162872, 13.7344665527, 14.8226070404, 14.1000499725, 12.7090864182, 13.2692546844, 9.79031562805, 7.12996149063, 3.91395711899, 2.52844381332, 1.32600462437, 0.559047162533, 0.214089751244, 0.0487427785993, 0.00536901084706, 7.89719051681e-05],
        "dvar": [0.128927275538, 9.61909675598, 111.522117615, 542.253540039, 2375.93920898, 1161.05737305, 467.659637451, 121.052650452, 73.735458374, 69.4355621338, 617.719177246, 515.572998047, 506.720275879, 712.951049805, 3647.75, 4050.10595703, 2001.39038086, 4931.64550781, 819.602050781, 906.134887695, 1427.19665527, 1219.7578125, 652.841369629, 300.880157471, 169.835998535, 203.395385742, 199.57484436, 191.465240479, 199.910522461, 180.170150757, 162.044448853, 95.9531021118, 16.9891223907, 6.84982824326, 1.76077449322, 0.301060825586, 0.0452504903078, 0.00219219457358, 3.51526941813e-05, 6.32074526052e-09],
        "dvar2": [0.247595980763, 16.6327457428, 262.722442627, 1243.18103027, 5439.02001953, 3324.56494141, 1365.38684082, 325.923126221, 183.302993774, 165.587890625, 1673.68847656, 1117.60314941, 1175.20898438, 1402.67211914, 9308.84082031, 10332.2099609, 5125.02490234, 11589.1005859, 1837.43310547, 2187.18554688, 3434.05102539, 2860.40283203, 1535.95141602, 708.558044434, 396.137298584, 470.407531738, 487.373443604, 445.897613525, 511.780456543, 495.14730835, 433.622009277, 254.048568726, 40.9610671997, 16.4291610718, 3.92630457878, 0.696897029877, 0.114045798779, 0.00488638412207, 7.91712373029e-05, 1.30799273634e-08],
        "max": [4.84429836273, 27.4056491852, 93.4593048096, 184.6040802, 431.600067139, 326.800689697, 207.06350708, 205.222442627, 298.152130127, 284.271270752, 394.825469971, 701.3515625, 550.364440918, 797.853820801, 1340.55993652, 1402.45739746, 943.147521973, 1024.09179688, 717.658203125, 741.322021484, 831.650390625, 1127.23681641, 715.083618164, 304.637573242, 250.423370361, 257.227355957, 242.427215576, 206.386291504, 284.928283691, 147.892944336, 123.827583313, 101.5286026, 37.7455596924, 26.1426010132, 13.9791288376, 6.14527177811, 2.07679843903, 0.782196938992, 0.097093552351, 0.00139040278737],
        "mean": [0.415199488401, 3.20520043373, 3.10776972771, 5.33042097092, 10.0040664673, 5.49386930466, 7.0823841095, 8.58775043488, 7.9107966423, 5.22139787674, 10.7433347702, 14.1487188339, 14.8809127808, 18.5897293091, 42.0098457336, 53.8501091003, 37.9623947144, 46.8469810486, 23.6801872253, 26.3241024017, 30.6811637878, 30.5384025574, 22.9909648895, 16.7141819, 13.7144393921, 18.2381401062, 19.7025737762, 20.2464408875, 16.3382148743, 15.4234142303, 10.4843091965, 7.72775125504, 5.18189907074, 3.47699475288, 1.94743442535, 0.824345886707, 0.300736486912, 0.0748092606664, 0.00634544156492, 0.000142565448186],
        "median": [0.0376928448677, 0.230011805892, 0.506342887878, 0.263200104237, 0.242456674576, 0.352048903704, 0.420562207699, 0.326656937599, 0.537115871906, 1.07935810089, 1.88918662071, 2.44134712219, 3.45613765717, 5.71261310577, 9.21845912933, 15.7074813843, 10.6491107941, 8.10245895386, 8.10140514374, 10.441444397, 13.2093791962, 12.7385635376, 11.1278409958, 7.92374515533, 7.24474525452, 10.244427681, 13.3395318985, 12.3941879272, 10.3089036942, 9.35894775391, 6.89904022217, 4.71094036102, 3.52380776405, 2.47833442688, 1.47546958923, 0.623452663422, 0.203329592943, 0.0414760559797, 0.00143228319939, 8.84775072336e-05],
        "min": [2.0349370083e-22, 1.51842077592e-21, 6.03653792821e-21, 6.81890296147e-21, 5.50061940313e-21, 1.44966148848e-20, 4.79646138873e-20, 1.95837090898e-19, 2.24998684234e-19, 1.17468823517e-19, 4.198419564e-19, 5.09435775552e-19, 7.71625456554e-19, 1.16700119404e-18, 1.12986709179e-18, 2.00589892337e-18, 2.71789939191e-18, 2.75288499592e-18, 3.90653828661e-18, 3.23764985121e-18, 6.67817980972e-18, 6.37236369263e-18, 5.5390168622e-18, 8.88786625752e-18, 8.30744023914e-18, 7.88177557746e-18, 8.39805456652e-18, 1.23738775012e-17, 1.41814772435e-17, 1.1276362684e-17, 1.24962737621e-17, 1.16466691103e-17, 9.00311650509e-18, 1.02203772965e-17, 7.35063463433e-18, 5.15112374884e-18, 2.22484784125e-18, 1.15351070543e-18, 2.7959185503e-19, 2.67096700573e-20],
        "var": [0.373665392399, 25.5238361359, 107.240966797, 484.65612793, 2175.8984375, 686.629821777, 430.217437744, 570.708129883, 746.853942871, 195.296218872, 766.149963379, 1664.390625, 1435.22998047, 1969.61279297, 8867.72070312, 10337.2705078, 5852.40087891, 12653.859375, 1747.69995117, 2462.76464844, 2704.83520508, 3978.90527344, 1239.78356934, 677.793151855, 366.734222412, 586.439697266, 532.944580078, 633.505432129, 449.915588379, 372.098846436, 190.59312439, 108.682647705, 34.56224823, 15.1881904602, 4.45093822479, 0.799597918987, 0.107077613473, 0.00771545898169, 9.52493428485e-05, 2.4967896195e-08]
    },
    "gfcc": {
        "mean": [-43.688079834, 19.124874115, -125.913993835, 20.6659984589, -47.7576065063, 27.7644119263, -24.0714435577, 9.59518241882, -22.3632164001, 6.27861976624, -14.8798046112, 8.29282188416, -9.07341194153],
        "cov": [[28498.5332031, -3884.0300293, 1945.06738281, 3745.82421875, 1074.35827637, 2905.35180664, 224.471984863, 1623.08349609, 85.1173324585, 1068.91918945, -789.492004395, 573.044250488, -564.359924316], [-3884.0300293, 6344.30126953, 1897.35290527, -734.038879395, 383.519866943, -1711.69299316, -514.429199219, -832.502807617, 105.872535706, -513.133361816, 402.137329102, -262.157867432, 350.198394775], [1945.06738281, 1897.35290527, 3933.63867188, 1586.46716309, 1242.30615234, 431.736236572, -240.163269043, 15.6018028259, 41.4899520874, 183.359909058, 23.0611743927, 88.3779373169, -75.8676681519], [3745.82421875, -734.038879395, 1586.46716309, 1849.90136719, 826.599182129, 1001.10327148, 116.79334259, 382.729156494, 15.6697978973, 196.578445435, -186.679504395, 119.145507812, -125.188354492], [1074.35827637, 383.519866943, 1242.30615234, 826.599182129, 871.818847656, 508.256958008, 186.605499268, 209.419311523, 113.492706299, 81.2948379517, 28.9584312439, 73.4328994751, -10.3253211975], [2905.35180664, -1711.69299316, 431.736236572, 1001.10327148, 508.256958008, 1113.81799316, 349.248657227, 480.014831543, 33.2210159302, 261.265777588, -115.492233276, 166.016662598, -130.122451782], [224.471984863, -514.429199219, -240.163269043, 116.79334259, 186.605499268, 349.248657227, 450.666534424, 333.322570801, 139.12197876, 95.9896240234, 50.2165145874, 64.870765686, 16.1457176208], [1623.08349609, -832.502807617, 15.6018028259, 382.729156494, 209.419311523, 480.014831543, 333.322570801, 608.86907959, 279.296173096, 195.996643066, -75.508430481, 76.7085800171, -60.1264076233], [85.1173324585, 105.872535706, 41.4899520874, 15.6697978973, 113.492706299, 33.2210159302, 139.12197876, 279.296173096, 351.660461426, 146.023590088, 24.3111495972, -15.7096443176, -27.8753261566], [1068.91918945, -513.133361816, 183.359909058, 196.578445435, 81.2948379517, 261.265777588, 95.9896240234, 195.996643066, 146.023590088, 319.038085938, 58.7888145447, 68.3427124023, -93.4878311157], [-789.492004395, 402.137329102, 23.0611743927, -186.679504395, 28.9584312439, -115.492233276, 50.2165145874, -75.508430481, 24.3111495972, 58.7888145447, 203.233352661, 53.3552398682, 45.5095558167], [573.044250488, -262.157867432, 88.3779373169, 119.145507812, 73.4328994751, 166.016662598, 64.870765686, 76.7085800171, -15.7096443176, 68.3427124023, 53.3552398682, 154.025634766, 50.1542663574], [-564.359924316, 350.198394775, -75.8676681519, -125.188354492, -10.3253211975, -130.122451782, 16.1457176208, -60.1264076233, -27.8753261566, -93.4878311157, 45.5095558167, 50.1542663574, 146.470443726]],
        "icov": [[7.85659212852e-05, -0.000118731717521, 8.90937153599e-05, -8.5254010628e-05, 2.91430424113e-05, -0.000145930825965, 0.000119363212434, -0.000159740055096, 0.000195322762011, -0.000309872819344, 0.000390460889321, -0.000346703192918, 0.000190346676391], [-0.000118731717521, 0.00110992987175, -0.000603526190389, 9.54724455369e-05, -0.000614716962446, 0.00157171452884, -0.000230730031035, 0.000332509429427, -0.000770718615968, 0.00120990362484, -0.00172779080458, 0.00150082248729, -0.00117885554209], [8.90937153599e-05, -0.000603526190389, 0.00116407196037, -0.000537057640031, -0.000899786537047, -0.000167851598235, 0.000872805947438, -0.000398925010813, 0.000828343443573, -0.00133365846705, 0.00097233831184, -0.00110435613897, 0.000840128806885], [-8.5254010628e-05, 9.54724455369e-05, -0.000537057640031, 0.00218197656795, -0.000665334926452, -0.00128117064014, 0.000510835670866, -0.000201178219868, 0.000153284810949, 7.77694367571e-05, 0.000642249826342, 0.000649219145998, -0.000637019635178], [2.91430424113e-05, -0.000614716962446, -0.000899786537047, -0.000665334926452, 0.00522475875914, -0.00306229689158, -0.0010578292422, 0.00078667642083, -0.00200202898122, 0.00196254230104, -0.00146928278264, 0.000209160367376, -0.000108833708509], [-0.000145930825965, 0.00157171452884, -0.000167851598235, -0.00128117064014, -0.00306229689158, 0.00810195319355, -0.00284177088179, -0.000354919320671, 0.00160517531913, -0.000836455728859, 0.000940153142437, -0.00197119894437, 0.00180174259003], [0.000119363212434, -0.000230730031035, 0.000872805947438, 0.000510835670866, -0.0010578292422, -0.00284177088179, 0.00786547455937, -0.00435861386359, 0.001035289024, 6.27956105745e-05, -0.00404254393652, 0.00312546174973, -0.00293219462037], [-0.000159740055096, 0.000332509429427, -0.000398925010813, -0.000201178219868, 0.00078667642083, -0.000354919320671, -0.00435861386359, 0.00854223500937, -0.00590387126431, 0.000773811421823, 0.00361316022463, -0.0035159222316, 0.00138973782305], [0.000195322762011, -0.000770718615968, 0.000828343443573, 0.000153284810949, -0.00200202898122, 0.00160517531913, 0.001035289024, -0.00590387126431, 0.00994057767093, -0.00546884397045, 0.00101648003329, 0.00246312865056, -0.000855429039802], [-0.000309872819344, 0.00120990362484, -0.00133365846705, 7.77694367571e-05, 0.00196254230104, -0.000836455728859, 6.27956105745e-05, 0.000773811421823, -0.00546884397045, 0.011846197769, -0.00725331157446, -0.00119005923625, 0.00417636474594], [0.000390460889321, -0.00172779080458, 0.00097233831184, 0.000642249826342, -0.00146928278264, 0.000940153142437, -0.00404254393652, 0.00361316022463, 0.00101648003329, -0.00725331157446, 0.0172467920929, -0.00941460672766, 0.00277741253376], [-0.000346703192918, 0.00150082248729, -0.00110435613897, 0.000649219145998, 0.000209160367376, -0.00197119894437, 0.00312546174973, -0.0035159222316, 0.00246312865056, -0.00119005923625, -0.00941460672766, 0.021234838292, -0.0131024392322], [0.000190346676391, -0.00117885554209, 0.000840128806885, -0.000637019635178, -0.000108833708509, 0.00180174259003, -0.00293219462037, 0.00138973782305, -0.000855429039802, 0.00417636474594, 0.00277741253376, -0.0131024392322, 0.0188830774277]]
    },
    "melbands": {
        "dmean": [0.00148446171079, 0.00133689981885, 0.00139096099883, 0.000624092470389, 0.000216264248593, 8.88467693585e-05, 4.50234037999e-05, 4.28063067375e-05, 7.75018415879e-05, 5.03953888256e-05, 4.33331078966e-05, 4.20715550717e-05, 7.61151968618e-05, 7.10086387699e-05, 8.31743745948e-05, 3.84667619073e-05, 5.79179650231e-05, 2.42561145569e-05, 2.40259851125e-05, 2.36071427935e-05, 2.53069920291e-05, 2.21072095883e-05, 1.38826262628e-05, 1.0883768482e-05, 8.11245263321e-06, 5.48003072254e-06, 6.86130533722e-06, 6.50721494821e-06, 6.20162563791e-06, 6.58178350932e-06, 5.29098315383e-06, 5.06296282765e-06, 4.74876060252e-06, 4.45794466941e-06, 3.58406487067e-06, 3.65715504813e-06, 2.57408169091e-06, 1.93140954252e-06, 1.72398631548e-06, 1.40786551128e-06],
        "dmean2": [0.00206326739863, 0.00185664312448, 0.00221956381574, 0.00101215182804, 0.00039758568164, 0.000149489627802, 7.30971514713e-05, 6.83507751091e-05, 0.000131640248583, 8.04844457889e-05, 6.77200005157e-05, 6.4750573074e-05, 0.000121722696349, 0.000115415430628, 0.000132070839754, 6.20840582997e-05, 9.20776510611e-05, 3.91443281842e-05, 3.89772903873e-05, 3.82733924198e-05, 4.17476039729e-05, 3.56316159014e-05, 2.22004200623e-05, 1.70504263224e-05, 1.29579357235e-05, 8.88470913196e-06, 1.1040582649e-05, 1.02886551758e-05, 1.00235583886e-05, 1.04605815068e-05, 8.42690678837e-06, 8.16246483737e-06, 7.90769263403e-06, 7.51034076529e-06, 5.95008168602e-06, 6.13980637354e-06, 4.12908866565e-06, 3.03637216348e-06, 2.76525179288e-06, 2.19740286411e-06],
        "dvar": [1.03912252598e-05, 1.77203528438e-05, 2.75406073342e-05, 6.65519473841e-06, 8.22740389594e-07, 6.44191899823e-08, 1.47113627946e-08, 1.17535581268e-08, 4.11721750027e-08, 2.22725109467e-08, 1.27536496919e-08, 1.14600480217e-08, 3.11013970133e-08, 2.22454037413e-08, 3.39642340919e-08, 1.3085206696e-08, 2.51034322218e-08, 2.33017094509e-09, 3.71372910202e-09, 2.5864668185e-09, 2.80226308824e-09, 1.88407156543e-09, 6.903505545e-10, 5.21871990067e-10, 2.35450992037e-10, 1.08123475451e-10, 1.51039153407e-10, 1.20557536176e-10, 9.96453891622e-11, 9.33360611022e-11, 7.43803907355e-11, 9.11810210669e-11, 5.82605977351e-11, 6.06543634762e-11, 5.20665663362e-11, 8.14640369051e-11, 2.44966772561e-11, 9.45204851888e-12, 7.83699580925e-12, 4.76855837803e-12],
        "dvar2": [1.82716466952e-05, 3.57133430953e-05, 6.21151848463e-05, 1.61236457643e-05, 2.41192560679e-06, 1.72669928133e-07, 3.67577186466e-08, 2.8539263397e-08, 1.0842995124e-07, 4.726982894e-08, 2.95381639148e-08, 2.26772645107e-08, 7.89190934825e-08, 5.86540558345e-08, 8.39758556026e-08, 3.43902115674e-08, 5.90108371057e-08, 5.43975708922e-09, 8.53127524181e-09, 6.1460312395e-09, 6.65438948388e-09, 4.55856152826e-09, 1.58576407561e-09, 1.25188437394e-09, 5.71521330262e-10, 2.65557187351e-10, 3.62586100033e-10, 2.74536310352e-10, 2.52254606092e-10, 2.20877344193e-10, 1.82869691612e-10, 2.28752711218e-10, 1.58924373661e-10, 1.68043079452e-10, 1.39383643516e-10, 2.2158436197e-10, 6.29354762749e-11, 2.29170779575e-11, 1.96210894754e-11, 1.16331198147e-11],
        "max": [0.0408005528152, 0.0391396023333, 0.045705974102, 0.0244254954159, 0.0084660211578, 0.00531279994175, 0.00402342714369, 0.00370928365737, 0.00438103079796, 0.00474193552509, 0.00272562308237, 0.00294622848742, 0.00369091890752, 0.00304935663007, 0.00357328541577, 0.00303532672115, 0.00231806980446, 0.00103075860534, 0.0023552426137, 0.00140657229349, 0.00126974121667, 0.00145451235585, 0.000577069469728, 0.000843524059746, 0.000248828117037, 0.000262907735305, 0.000327655870933, 0.000185886106919, 0.000175775159732, 0.00014221422316, 0.000173454114702, 0.00022175621416, 0.000101193072624, 8.68803690537e-05, 6.42156519461e-05, 0.000104017773992, 5.50377335458e-05, 3.06139081658e-05, 3.25979708578e-05, 2.50069824688e-05],
        "mean": [0.00402462109923, 0.00258808024228, 0.0011714505963, 0.000537791172974, 0.0002412628819, 0.000207631077501, 0.000110162050987, 6.17333644186e-05, 9.03463442228e-05, 8.94669428817e-05, 7.10396707291e-05, 6.58061835566e-05, 0.000126331739011, 0.000118361625937, 0.000145584606798, 6.40146026853e-05, 9.4076822279e-05, 3.50047375832e-05, 3.66422973457e-05, 3.86486535717e-05, 3.54818621418e-05, 3.5032757296e-05, 2.17053748202e-05, 1.79617782123e-05, 1.32579325509e-05, 8.2858487076e-06, 1.12663901746e-05, 1.28742140078e-05, 1.19249179988e-05, 1.37087554322e-05, 1.03997626866e-05, 9.72995439952e-06, 8.79335948412e-06, 7.87212229625e-06, 5.84247072766e-06, 5.74954719923e-06, 4.40570465798e-06, 3.69280132873e-06, 3.33358866555e-06, 2.7654925816e-06],
        "median": [0.000363692583051, 0.000328659254592, 3.92303227272e-05, 1.89863603737e-05, 1.42949447763e-05, 6.48799550618e-06, 7.41934445614e-06, 8.58725252328e-06, 1.47881492012e-05, 1.41402688314e-05, 1.40952324728e-05, 1.63871045515e-05, 2.50877455983e-05, 3.52638235199e-05, 2.88532937702e-05, 1.20959157357e-05, 1.25416427181e-05, 1.08651220216e-05, 1.16531473395e-05, 1.3347960703e-05, 1.36854159791e-05, 1.22799174278e-05, 1.04851114884e-05, 8.40180746309e-06, 5.60245825909e-06, 3.66437529919e-06, 5.6680223679e-06, 6.2068297666e-06, 7.18481896911e-06, 7.45794568502e-06, 6.0660941017e-06, 5.2242894526e-06, 5.060885087e-06, 4.598261512e-06, 3.78373260901e-06, 3.32041690854e-06, 2.55937311522e-06, 2.42283113039e-06, 2.18315813072e-06, 1.96202859115e-06],
        "min": [2.41270445456e-24, 3.40787792726e-24, 1.42248966291e-24, 5.58116132215e-25, 1.76547859449e-24, 3.87934971917e-24, 2.9986423304e-24, 1.35679835571e-24, 3.04829954666e-24, 3.04545195601e-24, 3.53371780773e-24, 4.01531739036e-24, 3.82002461808e-24, 4.24007569517e-24, 5.28729406888e-24, 4.923150353e-24, 4.37024129441e-24, 5.00234409928e-24, 4.93539623527e-24, 3.8285577265e-24, 8.03290275583e-24, 5.63567161071e-24, 5.02398137062e-24, 4.4843389803e-24, 6.53341898667e-24, 5.33368461213e-24, 6.243541003e-24, 4.41047241171e-24, 6.02866120887e-24, 4.40365862565e-24, 6.38863027284e-24, 7.3487363145e-24, 7.43602535139e-24, 4.74462363597e-24, 6.66787993354e-24, 7.347162537e-24, 7.36391005402e-24, 5.73138607649e-24, 7.47279968021e-24, 7.61042119829e-24],
        "var": [3.3563348552e-05, 2.83091903839e-05, 2.53639809671e-05, 5.71014288653e-06, 5.97440646288e-07, 3.38999825544e-07, 1.39869726468e-07, 2.89738810721e-08, 5.94602695969e-08, 7.30582598862e-08, 3.52157343286e-08, 2.8986235634e-08, 7.59947837992e-08, 4.80375739187e-08, 9.26354530861e-08, 4.09432061588e-08, 6.38025667854e-08, 4.02115141185e-09, 1.0824036778e-08, 8.54900061853e-09, 4.21095780467e-09, 6.10200379114e-09, 1.19796950138e-09, 9.02938113168e-10, 4.81440332045e-10, 1.81016507339e-10, 2.86273477146e-10, 3.79327957933e-10, 2.2037323355e-10, 3.12277897985e-10, 1.78987616395e-10, 2.26816440629e-10, 1.23780985462e-10, 9.70015387458e-11, 5.86174511708e-11, 8.72912367389e-11, 3.32109617585e-11, 1.86640113087e-11, 1.50472950072e-11, 1.01503579847e-11]
    },
    "mfcc": {
        "mean": [-680.829528809, 56.3020973206, -12.7369260788, 3.69980287552, 1.07065093517, 16.3845386505, 8.40040397644, 10.657087326, 6.26059532166, -1.95111072063, -1.14409101009, 7.07138490677, 3.63974118233],
        "cov": [[17108.3027344, -1596.27758789, 1040.05688477, 1628.33850098, 1612.71606445, 1378.75073242, 842.114990234, 871.433349609, 962.11529541, 920.807067871, 760.057495117, 254.519836426, 96.17527771], [-1596.27758789, 3400.4206543, 1137.24890137, 276.135009766, 50.2396850586, -435.213195801, -513.30859375, -508.522735596, -400.907775879, -335.102203369, -272.89263916, -280.078582764, -90.1864547729], [1040.05688477, 1137.24890137, 2448.79541016, 1075.1451416, 1150.26782227, 560.973327637, 155.036346436, -100.993202209, -89.5552902222, 44.6524200439, 42.3904762268, -171.146362305, 8.07499027252], [1628.33850098, 276.135009766, 1075.1451416, 1008.18914795, 826.167663574, 464.255187988, 237.721939087, 164.454208374, 151.397735596, 164.256378174, 71.8249282837, -40.6558036804, 44.5892295837], [1612.71606445, 50.2396850586, 1150.26782227, 826.167663574, 1021.62548828, 618.800354004, 299.440002441, 220.553649902, 160.488189697, 194.848953247, 125.743164062, -58.7792129517, 56.628490448], [1378.75073242, -435.213195801, 560.973327637, 464.255187988, 618.800354004, 624.596191406, 394.381378174, 219.301879883, 125.647483826, 130.168960571, 130.043197632, 43.475692749, 64.859588623], [842.114990234, -513.30859375, 155.036346436, 237.721939087, 299.440002441, 394.381378174, 464.844604492, 304.131835938, 182.205078125, 128.595291138, 86.972366333, 115.033996582, 106.650787354], [871.433349609, -508.522735596, -100.993202209, 164.454208374, 220.553649902, 219.301879883, 304.131835938, 441.348571777, 319.277709961, 223.298782349, 109.043510437, 95.7666625977, 83.6728363037], [962.11529541, -400.907775879, -89.5552902222, 151.397735596, 160.488189697, 125.647483826, 182.205078125, 319.277709961, 377.314208984, 277.227539062, 177.65411377, 103.183227539, 53.1976890564], [920.807067871, -335.102203369, 44.6524200439, 164.256378174, 194.848953247, 130.168960571, 128.595291138, 223.298782349, 277.227539062, 341.480133057, 254.047195435, 93.5382003784, 52.368812561], [760.057495117, -272.89263916, 42.3904762268, 71.8249282837, 125.743164062, 130.043197632, 86.972366333, 109.043510437, 177.65411377, 254.047195435, 374.124389648, 145.520950317, 8.90189743042], [254.519836426, -280.078582764, -171.146362305, -40.6558036804, -58.7792129517, 43.475692749, 115.033996582, 95.7666625977, 103.183227539, 93.5382003784, 145.520950317, 307.310424805, 132.434265137], [96.17527771, -90.1864547729, 8.07499027252, 44.5892295837, 56.628490448, 64.859588623, 106.650787354, 83.6728363037, 53.1976890564, 52.368812561, 8.90189743042, 132.434265137, 219.122634888]],
