{
"lowlevel": {
    "average_loudness": 0.906112968922,
    "barkbands_crest": {
        "dmean": 3.41582751274,
        "dmean2": 5.30286598206,
        "dvar": 11.047580719,
        "dvar2": 21.8862266541,
        "max": 26.9683208466,
        "mean": 13.1523733139,
        "median": 12.7985782623,
        "min": 2.35295128822,
        "var": 34.6791152954
    },
    "barkbands_flatness_db": {
        "dmean": 0.0449033454061,
        "dmean2": 0.0642436370254,
        "dvar": 0.00352547690272,
        "dvar2": 0.00617119669914,
        "max": 1,
        "mean": 0.186302468181,
        "median": 0.150318607688,
        "min": 0.0143291102722,
        "var": 0.0158893223852
    },
    "barkbands_kurtosis": {
        "dmean": 49.1720085144,
        "dmean2": 85.0800323486,
        "dvar": 140063.375,
        "dvar2": 364528.71875,
        "max": 12947.984375,
        "mean": 57.8085021973,
        "median": 2.20469522476,
        "min": -1.88048434258,
        "var": 297287
    },
    "barkbands_skewness": {
        "dmean": 1.44016718864,
        "dmean2": 2.24232196808,
        "dvar": 14.9849891663,
        "dvar2": 34.6213035583,
        "max": 91.8395385742,
        "mean": 2.0201420784,
        "median": 1.20919799805,
        "min": -23.6415100098,
        "var": 32.5413780212
    },
    "barkbands_spread": {
        "dmean": 7.29104471207,
        "dmean2": 11.1799440384,
        "dvar": 87.7614974976,
        "dvar2": 189.667602539,
        "max": 107.121780396,
        "mean": 22.6481208801,
        "median": 20.985168457,
        "min": 0.00640500569716,
        "var": 293.396911621
    },
    "dissonance": {
        "dmean": 0.0326501689851,
        "dmean2": 0.055189833045,
        "dvar": 0.00175670499448,
        "dvar2": 0.00475462619215,
        "max": 0.500000119209,
        "mean": 0.444695055485,
        "median": 0.465579807758,
        "min": 0.0123751955107,
        "var": 0.00426816288382
    },
    "dynamic_complexity": 3.85018873215,
    "erbbands_crest": {
        "dmean": 3.81229162216,
        "dmean2": 6.19601392746,
        "dvar": 15.9062309265,
        "dvar2": 34.7162857056,
        "max": 34.700252533,
        "mean": 12.8052387238,
        "median": 10.7219953537,
        "min": 2.28229522705,
        "var": 56.7967910767
    },
    "erbbands_flatness_db": {
        "dmean": 0.0316520929337,
        "dmean2": 0.0471788309515,
        "dvar": 0.00159197708126,
        "dvar2": 0.00302102067508,
        "max": 0.733342111111,
        "mean": 0.198746234179,
        "median": 0.166914865375,
        "min": 0.0470207072794,
        "var": 0.0127108721063
    },
    "erbbands_kurtosis": {
        "dmean": 5.71144866943,
        "dmean2": 9.12133979797,
        "dvar": 299.479309082,
        "dvar2": 647.313598633,
        "max": 403.656463623,
        "mean": 7.40123939514,
        "median": 0.257575511932,
        "min": -1.76696395874,
        "var": 602.066711426
    },
    "erbbands_skewness": {
        "dmean": 0.733715176582,
        "dmean2": 1.11960577965,
        "dvar": 1.38049554825,
        "dvar2": 2.70624089241,
        "max": 15.0987682343,
        "mean": 0.898554563522,
        "median": 0.533001244068,
        "min": -6.42167901993,
        "var": 3.35067129135
    },
    "erbbands_spread": {
        "dmean": 9.30655097961,
        "dmean2": 14.8794708252,
        "dvar": 157.617782593,
        "dvar2": 375.972869873,
        "max": 145.573547363,
        "mean": 35.4527397156,
        "median": 36.1264305115,
        "min": 0.202107593417,
        "var": 536.752929688
    },
    "hfc": {
        "dmean": 15.1891870499,
        "dmean2": 22.311214447,
        "dvar": 506.554107666,
        "dvar2": 1124.50537109,
        "max": 217.383865356,
        "mean": 33.3652687073,
        "median": 23.296453476,
        "min": 1.05639613224e-16,
        "var": 1098.99572754
    },
    "melbands_crest": {
        "dmean": 4.56079912186,
        "dmean2": 7.23158359528,
        "dvar": 21.0885295868,
        "dvar2": 46.6348152161,
        "max": 37.4792060852,
        "mean": 18.9215335846,
        "median": 19.7086372375,
        "min": 1.67148864269,
        "var": 61.4916496277
    },
    "melbands_flatness_db": {
        "dmean": 0.0515434220433,
        "dmean2": 0.0731050148606,
        "dvar": 0.00466589070857,
        "dvar2": 0.0078182881698,
        "max": 1,
        "mean": 0.234653323889,
        "median": 0.212597697973,
        "min": 0.00347957247868,
        "var": 0.0197421759367
    },
    "melbands_kurtosis": {
        "dmean": 24.311000824,
        "dmean2": 39.1660957336,
        "dvar": 7480.88818359,
        "dvar2": 18285.8398438,
        "max": 1770.28820801,
        "mean": 30.1920413971,
        "median": 7.41576385498,
        "min": -1.85804390907,
        "var": 9190.23144531
    },
    "melbands_skewness": {
        "dmean": 1.30959129333,
        "dmean2": 2.0459227562,
        "dvar": 4.8413105011,
        "dvar2": 12.1753044128,
        "max": 29.4222698212,
        "mean": 2.48766708374,
        "median": 2.0587220192,
        "min": -10.6664142609,
        "var": 9.40092086792
    },
    "melbands_spread": {
        "dmean": 10.930603981,
        "dmean2": 16.7290878296,
        "dvar": 289.872161865,
        "dvar2": 651.828369141,
        "max": 224.627227783,
        "mean": 26.6192436218,
        "median": 19.6832294464,
        "min": 0.131922721863,
        "var": 697.173950195
    },
    "pitch_salience": {
        "dmean": 0.104911208153,
        "dmean2": 0.164082795382,
        "dvar": 0.0123713482171,
        "dvar2": 0.0273734629154,
        "max": 0.933587968349,
        "mean": 0.462364464998,
        "median": 0.450814127922,
        "min": 0.00270509067923,
        "var": 0.0325750149786
    },
    "silence_rate_20dB": {
        "dmean": 0,
        "dmean2": 0,
        "dvar": 0,
        "dvar2": 0,
        "max": 1,
        "mean": 1,
        "median": 1,
        "min": 1,
        "var": 0
    },
    "silence_rate_30dB": {
        "dmean": 0.0378705896437,
        "dmean2": 0.0757493749261,
        "dvar": 0.0364364124835,
        "dvar2": 0.0832133516669,
        "max": 1,
        "mean": 0.964621901512,
        "median": 1,
        "min": 0,
        "var": 0.0341261588037
    },
    "silence_rate_60dB": {
        "dmean": 0.0506383888423,
        "dmean2": 0.101287737489,
        "dvar": 0.048073258251,
        "dvar2": 0.111367806792,
        "max": 1,
        "mean": 0.131234452128,
        "median": 0,
        "min": 0,
        "var": 0.114004269242
    },
    "spectral_centroid": {
        "dmean": 337.772521973,
        "dmean2": 501.409088135,
        "dvar": 182549.390625,
        "dvar2": 343840.09375,
        "max": 11508.7265625,
        "mean": 1675.26367188,
        "median": 1571.1237793,
        "min": 66.5011444092,
        "var": 1156802.5
    },
    "spectral_complexity": {
        "dmean": 5.853495121,
        "dmean2": 8.51531219482,
        "dvar": 58.3927841187,
        "dvar2": 105.365203857,
        "max": 58,
        "mean": 14.7976846695,
        "median": 10,
        "min": 0,
        "var": 150.331802368
    },
    "spectral_decrease": {
        "dmean": 3.17572235176e-09,
        "dmean2": 4.4588737147e-09,
        "dvar": 2.75305874521e-17,
        "dvar2": 6.3315203264e-17,
        "max": 6.57470172055e-13,
        "mean": -8.46786196718e-09,
        "median": -6.03387917408e-09,
        "min": -5.33995070384e-08,
        "var": 7.65833721953e-17
    },
    "spectral_energy": {
        "dmean": 0.0128088770434,
        "dmean2": 0.0182218551636,
        "dvar": 0.000405924656661,
        "dvar2": 0.000940884405281,
        "max": 0.205114811659,
        "mean": 0.0349860414863,
        "median": 0.0265386849642,
        "min": 9.90110474743e-21,
        "var": 0.00114671990741
    },
    "spectral_energyband_high": {
        "dmean": 0.00115543988068,
        "dmean2": 0.00166143593378,
        "dvar": 3.54005646841e-06,
        "dvar2": 7.67066012486e-06,
        "max": 0.0242820996791,
        "mean": 0.00220422260463,
        "median": 0.00100353430025,
        "min": 7.06206498099e-21,
        "var": 8.17678210296e-06
    },
    "spectral_energyband_low": {
        "dmean": 0.00726988445967,
        "dmean2": 0.00932487659156,
        "dvar": 0.000230139994528,
        "dvar2": 0.000420166004915,
        "max": 0.141404375434,
        "mean": 0.0163197331131,
        "median": 0.000382009486202,
        "min": 1.14639128458e-23,
        "var": 0.000761293980759
    },
    "spectral_energyband_middle_high": {
        "dmean": 0.00386077864096,
        "dmean2": 0.00603022705764,
        "dvar": 4.07257430197e-05,
        "dvar2": 9.69560496742e-05,
        "max": 0.0673160627484,
        "mean": 0.00713688973337,
        "median": 0.00437825871632,
        "min": 1.23337092391e-21,
        "var": 7.56383597036e-05
    },
    "spectral_energyband_middle_low": {
        "dmean": 0.00770888756961,
        "dmean2": 0.0128918513656,
        "dvar": 0.000511271820869,
        "dvar2": 0.00137031055056,
        "max": 0.18707101047,
        "mean": 0.0108082415536,
        "median": 0.00486158626154,
        "min": 1.93962695995e-22,
        "var": 0.000403933809139
    },
    "spectral_entropy": {
        "dmean": 0.375885277987,
        "dmean2": 0.592727303505,
        "dvar": 0.289649099112,
        "dvar2": 0.595955133438,
        "max": 9.8310956955,
        "mean": 7.40203237534,
        "median": 7.73588609695,
        "min": 1.91358208656,
        "var": 1.1224732399
    },
    "spectral_flux": {
        "dmean": 0.045266661793,
        "dmean2": 0.0714788213372,
        "dvar": 0.00277956319042,
        "dvar2": 0.0054356274195,
        "max": 0.480538576841,
        "mean": 0.101561665535,
        "median": 0.0809674561024,
        "min": 6.34784100284e-11,
        "var": 0.00704897940159
    },
    "spectral_kurtosis": {
        "dmean": 5.63747215271,
        "dmean2": 9.55280780792,
        "dvar": 3586.99047852,
        "dvar2": 10392.2900391,
        "max": 4033.62158203,
        "mean": 9.6129617691,
        "median": 2.7397403717,
        "min": -1.24829912186,
        "var": 3173.16943359
    },
    "spectral_rms": {
        "dmean": 0.001027166727,
        "dmean2": 0.00142206193414,
        "dvar": 1.62812682447e-06,
        "dvar2": 3.46226011061e-06,
        "max": 0.0141460951418,
        "mean": 0.00507758790627,
        "median": 0.00508835911751,
        "min": 3.1079919454e-12,
        "var": 8.35082573758e-06
    },
    "spectral_rolloff": {
        "dmean": 939.882507324,
        "dmean2": 1442.0045166,
        "dvar": 2295825.75,
        "dvar2": 4436938.5,
        "max": 19810.546875,
        "mean": 2528.07568359,
        "median": 1248.92578125,
        "min": 43.06640625,
        "var": 8823497
    },
    "spectral_skewness": {
        "dmean": 0.387253820896,
        "dmean2": 0.615712046623,
        "dvar": 1.10218751431,
        "dvar2": 2.98571062088,
        "max": 58.4472084045,
        "mean": 1.87814319134,
        "median": 1.43568444252,
        "min": -0.153163850307,
        "var": 3.29662370682
    },
    "spectral_spread": {
        "dmean": 701762.125,
        "dmean2": 1087414,
        "dvar": 903236026368,
        "dvar2": 1.89842220646e+12,
        "max": 42349320,
        "mean": 5911738.5,
        "median": 6224811,
        "min": 56459.3789062,
        "var": 9.37442148352e+12
    },
    "spectral_strongpeak": {
        "dmean": 0.753896355629,
        "dmean2": 1.24387395382,
        "dvar": 2.12227582932,
        "dvar2": 4.83152675629,
        "max": 32.0731658936,
        "mean": 1.56972110271,
        "median": 0.689930260181,
        "min": 0,
        "var": 5.18438005447
    },
    "zerocrossingrate": {
        "dmean": 0.0200695637614,
        "dmean2": 0.0210075601935,
        "dvar": 0.00057027710136,
        "dvar2": 0.000635269796476,
        "max": 0.83544921875,
        "mean": 0.0930498316884,
        "median": 0.0703125,
        "min": 0.00244140625,
        "var": 0.00623438414186
    },
    "barkbands": {
        "dmean": [0.000863127585035, 0.00579725531861, 0.002352403244, 0.00325090065598, 0.00230795354582, 0.00146240915637, 0.000774729531258, 0.000707054859959, 0.00124093855266, 0.00123433384579, 0.000863061228301, 0.000898407830391, 0.000828149612062, 0.000666538195219, 0.000479327049106, 0.000279990577837, 0.000434485787991, 0.000278653344139, 0.000172803440364, 0.000226087780902, 0.000214562722249, 0.000245753355557, 0.000224840201554, 0.000204817595659, 0.000197974630282, 0.000131512308144, 4.48736609542e-05],
        "dmean2": [0.00102480803616, 0.00702132331207, 0.00389619590715, 0.00604365812615, 0.00421548401937, 0.00242447806522, 0.00126915972214, 0.00120948569383, 0.00197719363496, 0.00198862911202, 0.00141601613723, 0.00143093441147, 0.0013426252408, 0.00112890987657, 0.000806897354778, 0.00046717832447, 0.000757832138333, 0.000465309945866, 0.000278135907138, 0.000366226013284, 0.000336244760547, 0.000389699504012, 0.0003462646564, 0.000316856981954, 0.000294091150863, 0.000198351961444, 7.04234553268e-05],
        "dvar": [5.25267932971e-06, 0.000137830298627, 7.92588398326e-05, 0.000261646870058, 9.02905667317e-05, 1.46219745147e-05, 4.12343524658e-06, 2.28779026656e-06, 7.43661712477e-06, 8.32964815345e-06, 5.86495480093e-06, 5.57612838747e-06, 6.24790254733e-06, 5.50002141608e-06, 3.44113141182e-06, 5.60190414944e-07, 3.58363649866e-06, 1.75616764864e-06, 2.49186570045e-07, 1.8700450255e-07, 1.6316471374e-07, 2.45450650027e-07, 1.68943188328e-07, 1.36543349072e-07, 1.56928066986e-07, 5.7284513133e-08, 7.20243109598e-09],
        "dvar2": [8.04443061497e-06, 0.000209193764022, 0.000204792886507, 0.000751974526793, 0.000260291533777, 3.48134672095e-05, 8.61555781739e-06, 5.99782788413e-06, 1.64997309184e-05, 1.81764717126e-05, 1.31813094413e-05, 1.25155547721e-05, 1.3583297914e-05, 1.30666285258e-05, 9.30394253373e-06, 1.48972515035e-06, 1.0360890883e-05, 5.05681282448e-06, 6.66770233693e-07, 4.52787901395e-07, 3.91931280319e-07, 6.17848002094e-07, 3.95377725226e-07, 3.20414756061e-07, 3.35747017743e-07, 1.33358796006e-07, 1.71663945281e-08],
        "max": [0.0373221598566, 0.109593711793, 0.0846506357193, 0.137745589018, 0.09668828547, 0.0483426228166, 0.02628454566, 0.020574092865, 0.0325182564557, 0.0334964469075, 0.0311021693051, 0.0498021617532, 0.0466283857822, 0.0489643439651, 0.0545917935669, 0.00994742009789, 0.0361317172647, 0.0326889120042, 0.0135705443099, 0.00522041227669, 0.00531760510057, 0.00639364635572, 0.00471969740465, 0.00469460478052, 0.00719533162192, 0.00374788767658, 0.000909889582545],
        "mean": [0.00192469847389, 0.011133486405, 0.0022731279023, 0.0021038656123, 0.00213325559162, 0.00204472080804, 0.00100710790139, 0.000767680176068, 0.00170847121626, 0.00175459461752, 0.00109360006172, 0.00115216942504, 0.00102679920383, 0.000713096233085, 0.000526319083292, 0.000296885700664, 0.000416249298723, 0.000314921635436, 0.000247608288191, 0.000328617432388, 0.000326972280163, 0.000377829011995, 0.000355629570549, 0.00034239370143, 0.000333493080689, 0.000219602909056, 6.27551125945e-05],
        "median": [2.3902528028e-06, 1.14714439405e-05, 6.16731704213e-05, 9.1137997515e-05, 0.00022264708241, 0.000133957437356, 0.000120168479043, 0.000183181240573, 0.000340008526109, 0.000364914099919, 0.000169012142578, 0.000262657791609, 0.000136545131681, 9.11232928047e-05, 6.04431916145e-05, 5.16655018146e-05, 7.36675356166e-05, 6.39579229755e-05, 6.8205910793e-05, 0.000102104990219, 0.000107689331344, 0.000119601769256, 0.000114519942144, 0.000120047181554, 0.000134368703584, 8.14956074464e-05, 1.32787117764e-05],
        "min": [5.08855219951e-25, 1.35266610507e-24, 1.80986819206e-24, 2.686896728e-24, 2.97570738287e-24, 1.34377595821e-23, 1.60793723415e-23, 1.08220656366e-23, 1.21338916238e-23, 1.73265914094e-23, 2.91249150147e-23, 3.94816773573e-23, 2.47476646912e-23, 2.77006487384e-23, 5.39412863353e-23, 4.64111230566e-23, 5.20084887651e-23, 9.8269936509e-23, 1.44689610818e-22, 1.72445183208e-22, 3.04659924375e-22, 2.21737466104e-22, 3.07000556723e-22, 5.69865797302e-22, 8.09436417113e-22, 1.21050693284e-21, 1.86620811726e-21],
        "var": [2.18207369471e-05, 0.000424349447712, 5.94920275034e-05, 0.000148056715261, 6.75861228956e-05, 3.0437748137e-05, 7.21767901268e-06, 2.58235900219e-06, 1.44302048284e-05, 1.76148805622e-05, 1.04304062916e-05, 8.64585308591e-06, 1.12452971734e-05, 7.54107031753e-06, 4.02252817366e-06, 4.9364774668e-07, 2.13560360862e-06, 1.07943583316e-06, 2.25199727311e-07, 2.88478418042e-07, 2.46221588895e-07, 3.54793201041e-07, 2.85946867962e-07, 2.4201219162e-07, 2.96202927075e-07, 1.00308398032e-07, 1.07383026915e-08]
    },
    "erbbands": {
        "dmean": [0.265248179436, 1.07170581818, 2.43205904961, 7.42830896378, 9.34760475159, 7.17216396332, 9.76500511169, 11.4646339417, 10.5960378647, 12.5124664307, 20.6058540344, 27.0042915344, 41.584312439, 35.4481048584, 21.7029075623, 37.1051101685, 39.9229774475, 35.1999282837, 22.8221645355, 22.2197589874, 15.8207416534, 23.6696357727, 15.9996671677, 11.2823028564, 9.10759353638, 10.082072258, 9.23098564148, 7.98687648773, 9.06477832794, 8.1560344696, 6.30271720886, 4.453125, 3.42557644844, 2.49466514587, 1.33766257763, 0.552305281162, 0.284974366426, 0.0718902423978, 0.00716543383896, 0.000109292588604],
        "dmean2": [0.31364056468, 1.3721653223, 3.75118136406, 13.4286394119, 17.2119274139, 13.0151758194, 16.9389228821, 19.4330921173, 17.5515232086, 20.3135967255, 33.913646698, 43.0320663452, 66.428894043, 57.9818344116, 36.656085968, 58.9888267517, 63.6299514771, 58.6313247681, 38.479724884, 36.5030517578, 26.6022491455, 41.5459594727, 27.1654129028, 18.7184791565, 14.3109798431, 16.2685222626, 14.6742067337, 12.3331155777, 14.4348506927, 12.487528801, 9.8200674057, 6.90801239014, 5.25682449341, 3.75708031654, 1.95874977112, 0.837969362736, 0.438123315573, 0.107797712088, 0.0114212380722, 0.000170389423147],
        "dvar": [0.270585149527, 6.42199754715, 68.183303833, 1231.36633301, 1872.14929199, 789.237609863, 906.253723145, 918.675170898, 657.51763916, 805.28918457, 2378.20288086, 4293.15380859, 11014.5537109, 10008.4511719, 2942.23901367, 9105.44238281, 12301.9560547, 12855.6347656, 5127.76855469, 4909.39892578, 1884.61157227, 14625.859375, 6953.45556641, 2831.42260742, 319.070739746, 405.917724609, 276.802856445, 238.263031006, 334.73248291, 290.179595947, 136.241455078, 66.7790222168, 36.9143295288, 27.7605190277, 5.69021749496, 1.05962896347, 0.412941515446, 0.0180374793708, 0.000206455297302, 3.89742282891e-08],
        "dvar2": [0.460396528244, 10.9226551056, 164.936935425, 3458.58740234, 5382.55908203, 2248.80273438, 2465.64501953, 2119.13232422, 1544.35681152, 1690.65246582, 5836.35791016, 9358.80273438, 24470.0742188, 23388.5136719, 7531.31298828, 20968.640625, 27228.7695312, 30481.078125, 13250.3964844, 13282.4804688, 5172.31445312, 42532.140625, 20041.7773438, 8141.89794922, 750.320068359, 989.739624023, 679.548706055, 566.736755371, 861.65222168, 672.394897461, 332.754852295, 161.052078247, 83.7872314453, 61.9401359558, 11.8829536438, 2.54886221886, 1.02020430565, 0.0411868393421, 0.000502966344357, 9.22628018429e-08],
        "max": [4.36880159378, 26.4750423431, 82.2595825195, 290.727264404, 374.594696045, 308.351806641, 396.623443604, 279.136962891, 373.477813721, 396.87310791, 871.742736816, 901.434814453, 1283.80419922, 1254.70556641, 1391.41015625, 2249.99145508, 2146.06176758, 2630.08862305, 1793.6418457, 1823.68249512, 1032.93908691, 2379.32592773, 2181.30932617, 1779.21777344, 220.026062012, 314.499725342, 217.765213013, 275.717773438, 227.21156311, 208.73147583, 150.232650757, 97.0067062378, 77.4723968506, 100.542015076, 33.1759681702, 14.4144678116, 15.1176538467, 2.06147837639, 0.164006784558, 0.00229511596262],
        "mean": [0.512329101562, 1.73618769646, 2.66889572144, 5.35170078278, 6.51338672638, 7.21509361267, 13.5874538422, 15.1113004684, 14.1065988541, 15.4461584091, 25.1361370087, 38.30909729, 61.6779098511, 45.6699409485, 27.7654590607, 49.4399642944, 52.6516799927, 42.5583076477, 25.3487071991, 25.5583992004, 18.3990497589, 22.5629081726, 17.7364864349, 14.4654045105, 13.4773454666, 14.5430393219, 13.5829906464, 12.9224872589, 13.5742683411, 12.7420406342, 9.8452796936, 7.18611478806, 5.60149908066, 4.0117816925, 2.22030925751, 0.876095950603, 0.441322982311, 0.118834547698, 0.00979365408421, 0.000194740263396],
        "median": [0.000463910429971, 0.00570323085412, 0.0703041478992, 0.302544236183, 0.656185925007, 0.560137867928, 0.610499203205, 1.19365370274, 1.83921170235, 3.32625579834, 6.2562789917, 7.43275785446, 12.349357605, 10.0929765701, 6.95742464066, 13.4515171051, 10.1935625076, 7.8437128067, 5.34244060516, 4.65306711197, 4.73409938812, 5.08903551102, 4.03079175949, 4.18042469025, 4.57059764862, 4.86413002014, 5.19203996658, 4.25958776474, 4.20441770554, 3.94215607643, 3.32694220543, 2.34598946571, 1.96188819408, 1.32356083393, 0.982757806778, 0.352069973946, 0.147360593081, 0.0444665402174, 0.00277870008722, 0.000110895132821],
        "min": [4.97809159627e-23, 4.66054377992e-22, 1.66651508517e-21, 1.33673566367e-20, 7.24795928337e-21, 1.02196969146e-20, 5.6260230536e-20, 9.63429085538e-20, 1.40068729096e-19, 3.15726309511e-19, 3.44296740128e-19, 4.03029794794e-19, 6.58215530754e-19, 8.34289971424e-19, 1.29818035527e-18, 1.58301979241e-18, 1.3686330858e-18, 1.28073232441e-18, 2.44401430763e-18, 4.14330550207e-18, 4.19280853942e-18, 3.83312063058e-18, 6.17354049265e-18, 6.82096855424e-18, 8.51307485788e-18, 7.33142336461e-18, 1.07359631083e-17, 1.17424466991e-17, 9.21056016783e-18, 9.05974115392e-18, 1.02535166334e-17, 1.01245451139e-17, 1.17810859599e-17, 9.88475455327e-18, 5.76173400136e-18, 3.87270990828e-18, 2.19685480855e-18, 9.77662757155e-19, 2.19689141129e-19, 2.81447137134e-20],
        "var": [0.871474146843, 13.8490447998, 62.4525909424, 742.842956543, 1068.07409668, 776.88684082, 1979.03967285, 1305.54760742, 1120.11437988, 1362.78198242, 3524.9934082, 8243.75585938, 22162.5839844, 15140.0078125, 5771.98242188, 13719.6464844, 22985.671875, 20211.0839844, 5575.00390625, 5419.13769531, 1490.81640625, 8336.80957031, 4221.74316406, 1820.98303223, 465.169372559, 624.19720459, 396.434143066, 385.109893799, 464.428924561, 453.310974121, 219.369918823, 111.504859924, 65.9412155151, 49.4252815247, 11.0010433197, 1.66183996201, 0.580136358738, 0.0302585531026, 0.00028215709608, 6.38471320258e-08]
    },
    "gfcc": {
        "mean": [-50.094329834, 28.8665332794, -115.946922302, 3.45026040077, -65.4018325806, 15.5876522064, -29.549074173, 7.03582382202, -25.402961731, 1.42441308498, -20.8352127075, -0.528749883175, -14.4783992767],
        "cov": [[29097.1132812, -1917.48950195, 315.638549805, 1457.81225586, 188.03692627, 919.058532715, -283.977233887, 1093.43212891, 303.577545166, 1125.42590332, 440.708770752, 1191.96789551, -35.1632347107], [-1917.48950195, 5505.89697266, 1223.06335449, 314.693267822, 466.915222168, -319.406646729, 472.611877441, -202.294998169, 202.041061401, -491.188964844, -71.9913711548, -479.782470703, 12.2199878693], [315.638549805, 1223.06335449, 2740.29858398, 1356.96508789, 704.62286377, 126.904190063, 103.355781555, 193.698822021, 214.118881226, 203.859619141, 238.510955811, 215.08454895, 141.629699707], [1457.81225586, 314.693267822, 1356.96508789, 1413.33740234, 626.897521973, 265.748138428, 146.097671509, 206.983291626, 189.776229858, 220.620300293, 227.336288452, 194.5884552, 95.4360198975], [188.03692627, 466.915222168, 704.62286377, 626.897521973, 841.949279785, 352.220977783, 288.143890381, 108.536300659, 171.672622681, 140.215621948, 163.656784058, 78.6928863525, 11.0368041992], [919.058532715, -319.406646729, 126.904190063, 265.748138428, 352.220977783, 623.593566895, 298.900970459, 223.98626709, 47.9629135132, 132.477600098, 84.1199111938, 67.7583847046, -76.1603088379], [-283.977233887, 472.611877441, 103.355781555, 146.097671509, 288.143890381, 298.900970459, 569.194458008, 265.722076416, 132.479919434, -52.7124557495, 6.46104335785, -81.3636398315, -57.8968505859], [1093.43212891, -202.294998169, 193.698822021, 206.983291626, 108.536300659, 223.98626709, 265.722076416, 502.849884033, 219.729263306, 82.2066726685, -34.3269233704, 53.033657074, -24.0570278168], [303.577545166, 202.041061401, 214.118881226, 189.776229858, 171.672622681, 47.9629135132, 132.479919434, 219.729263306, 346.931793213, 152.245529175, 25.7262306213, -17.8387928009, -4.30719137192], [1125.42590332, -491.188964844, 203.859619141, 220.620300293, 140.215621948, 132.477600098, -52.7124557495, 82.2066726685, 152.245529175, 418.368560791, 216.045837402, 132.086517334, -24.9058094025], [440.708770752, -71.9913711548, 238.510955811, 227.336288452, 163.656784058, 84.1199111938, 6.46104335785, -34.3269233704, 25.7262306213, 216.045837402, 353.793701172, 191.472564697, 17.2473506927], [1191.96789551, -479.782470703, 215.08454895, 194.5884552, 78.6928863525, 67.7583847046, -81.3636398315, 53.033657074, -17.8387928009, 132.086517334, 191.472564697, 363.873687744, 127.779266357], [-35.1632347107, 12.2199878693, 141.629699707, 95.4360198975, 11.0368041992, -76.1603088379, -57.8968505859, -24.0570278168, -4.30719137192, -24.9058094025, 17.2473506927, 127.779266357, 204.406158447]],
        "icov": [[5.50918775843e-05, -4.24833415309e-05, 5.97553917032e-05, -8.57505656313e-05, 4.05121973017e-05, -4.47134843853e-05, 7.68746394897e-05, -0.000114528564154, 6.32864903309e-05, -0.000156644484377, 0.000136386312079, -0.000248647294939, 0.000126272454509], [-4.24833415309e-05, 0.000409565749578, -0.000259370106505, 0.000146013015183, -0.000131686218083, 0.000221431997488, -0.000329625006998, 0.000368141772924, -0.000428596045822, 0.000684058933984, -0.000461964868009, 0.000648810819257, -0.000172965257661], [5.97553917032e-05, -0.000259370106505, 0.000932846334763, -0.00075520388782, -0.000193433050299, 0.000133979207021, 0.000328314839862, -0.000476445798995, 0.000348181114532, -0.000461995048681, 0.000260231638094, -0.000503359828144, 7.30646788725e-05], [-8.57505656313e-05, 0.000146013015183, -0.00075520388782, 0.00191163271666, -0.000741566414945, -0.000130769214593, 0.000130578715471, -0.000235694824369, -0.000155088404426, 0.000294377910905, -0.000727235514205, 0.000664657098241, -0.00071370927617], [4.05121973017e-05, -0.000131686218083, -0.000193433050299, -0.000741566414945, 0.0029226783663, -0.00124905677512, -0.000895460078027, 0.00125939154532, -0.0011412112508, -0.000160927811521, 0.000180878181709, -0.000728678656742, 0.000163086937391], [-4.47134843853e-05, 0.000221431997488, 0.000133979207021, -0.000130769214593, -0.00124905677512, 0.00374460895546, -0.0015714915935, -0.000756274501327, 0.00148544681724, -0.00100417330395, 0.000379786186386, -0.000340818602126, 0.00096578366356], [7.68746394897e-05, -0.000329625006998, 0.000328314839862, 0.000130578715471, -0.000895460078027, -0.0015714915935, 0.00487076025456, -0.00262411264703, -0.000194209671463, 0.00161318574101, -0.00175786926411, 0.00143513595685, -0.00027826774749], [-0.000114528564154, 0.000368141772924, -0.000476445798995, -0.000235694824369, 0.00125939154532, -0.000756274501327, -0.00262411264703, 0.00592414289713, -0.00332565163262, 0.000287706090603, 0.00201302045025, -0.00201055523939, 0.00105460500345], [6.32864903309e-05, -0.000428596045822, 0.000348181114532, -0.000155088404426, -0.0011412112508, 0.00148544681724, -0.000194209671463, -0.00332565163262, 0.00704014720395, -0.00353318266571, 0.000606738205533, 0.00119014398661, -0.00104099034797], [-0.000156644484377, 0.000684058933984, -0.000461995048681, 0.000294377910905, -0.000160927811521, -0.00100417330395, 0.00161318574101, 0.000287706090603, -0.00353318266571, 0.00726321293041, -0.00407888833433, 0.00117629719898, 0.000659520621412], [0.000136386312079, -0.000461964868009, 0.000260231638094, -0.000727235514205, 0.000180878181709, 0.000379786186386, -0.00175786926411, 0.00201302045025, 0.000606738205533, -0.00407888833433, 0.0079760234803, -0.00503005413339, 0.00206826487556], [-0.000248647294939, 0.000648810819257, -0.000503359828144, 0.000664657098241, -0.000728678656742, -0.000340818602126, 0.00143513595685, -0.00201055523939, 0.00119014398661, 0.00117629719898, -0.00503005413339, 0.00929117575288, -0.00517620239407], [0.000126272454509, -0.000172965257661, 7.30646788725e-05, -0.00071370927617, 0.000163086937391, 0.00096578366356, -0.00027826774749, 0.00105460500345, -0.00104099034797, 0.000659520621412, 0.00206826487556, -0.00517620239407, 0.00872290227562]]
    },
    "melbands": {
        "dmean": [0.00191869761329, 0.00122163479682, 0.00132922339253, 0.000564256391954, 0.000332553929184, 0.000265078415396, 0.000163142496604, 0.000135150417918, 0.000196172040887, 0.000171953783138, 0.000207088334719, 0.000140620075399, 8.51250515552e-05, 7.24832498236e-05, 0.000122295794426, 8.59614301589e-05, 6.90508386469e-05, 3.66061285604e-05, 4.24521349487e-05, 2.2610220185e-05, 1.91321614693e-05, 2.97490223602e-05, 1.60079307534e-05, 1.09122020149e-05, 9.7803576864e-06, 6.60176146994e-06, 7.70765745983e-06, 7.14320594852e-06, 5.59370982955e-06, 6.73117301631e-06, 4.33591185356e-06, 5.9019434957e-06, 4.60250976175e-06, 4.76889454148e-06, 4.11719611293e-06, 3.1137096812e-06, 2.90176058115e-06, 2.72076135843e-06, 2.24488780987e-06, 2.33309060604e-06],
        "dmean2": [0.00217542634346, 0.00168496754486, 0.00238065281883, 0.00103182066232, 0.000581027532462, 0.000444289413281, 0.000268039497314, 0.000222097078222, 0.000319791928632, 0.000272998033324, 0.000331420131261, 0.000230651174206, 0.000142416873132, 0.000117219868116, 0.000196655484615, 0.000137727794936, 0.00011615659605, 6.2632112531e-05, 7.15521236998e-05, 3.70528978237e-05, 3.24136453855e-05, 5.25789364474e-05, 2.74885424005e-05, 1.7997193936e-05, 1.64773482538e-05, 1.03843913166e-05, 1.25635579025e-05, 1.15827797345e-05, 8.97145673662e-06, 1.0876054148e-05, 6.698181096e-06, 9.58884265856e-06, 7.28504664949e-06, 7.3864002843e-06, 6.5371805249e-06, 4.90838601763e-06, 4.58503564005e-06, 4.26423866884e-06, 3.45771832144e-06, 3.57081512448e-06],
        "dvar": [1.35416021294e-05, 1.16416240417e-05, 3.83579608751e-05, 5.63517687624e-06, 1.13338546726e-06, 4.60766415245e-07, 1.57880947427e-07, 8.55533386357e-08, 2.36072764892e-07, 1.82284608741e-07, 2.78969878309e-07, 1.50026593815e-07, 4.43457786048e-08, 2.67370143803e-08, 1.24741731611e-07, 9.96375320028e-08, 6.26030001172e-08, 1.52805004205e-08, 3.28360627577e-08, 3.48094864044e-09, 2.97846591835e-09, 2.4621883199e-08, 5.63466384662e-09, 2.24629936874e-09, 2.36375985452e-09, 1.76290024245e-10, 3.33696598132e-10, 2.70108629907e-10, 9.4298006903e-11, 1.96603525127e-10, 6.89288001676e-11, 1.70708294722e-10, 9.93674864613e-11, 9.75818245652e-11, 6.35618502276e-11, 4.74758704572e-11, 3.27968173452e-11, 2.41723273342e-11, 1.95628999111e-11, 3.6272720938e-11],
        "dvar2": [2.10626913031e-05, 2.5127455956e-05, 0.000106601422885, 1.62310079759e-05, 3.16192290484e-06, 1.07116602521e-06, 3.53150426236e-07, 1.88564925452e-07, 5.58305998766e-07, 3.9180127942e-07, 6.1907098825e-07, 3.5210885585e-07, 1.087905801e-07, 6.48486562227e-08, 2.85101066311e-07, 2.04449236207e-07, 1.46229439224e-07, 3.79550861851e-08, 8.76616113032e-08, 9.10249831065e-09, 8.21966672504e-09, 7.16678485446e-08, 1.61756315009e-08, 6.45332276505e-09, 6.80407374887e-09, 3.98799604451e-10, 8.08451638967e-10, 6.39422570448e-10, 2.27155530497e-10, 4.89786933233e-10, 1.60537041993e-10, 4.56120141656e-10, 2.43278508449e-10, 2.22779600323e-10, 1.57496016229e-10, 1.22075252684e-10, 8.29308913208e-11, 5.67747654445e-11, 4.52088921854e-11, 8.49894599142e-11],
        "max": [0.0341424494982, 0.0392975397408, 0.0503340288997, 0.0231414008886, 0.0122797805816, 0.00630895467475, 0.00495609780774, 0.00489971414208, 0.00877911690623, 0.00611573364586, 0.00635301182047, 0.00469308020547, 0.00396344717592, 0.00429093884304, 0.00570488162339, 0.00612072786316, 0.00604885118082, 0.00423728302121, 0.00589959137142, 0.00100134778768, 0.0016792967217, 0.00312094017863, 0.00190389540512, 0.00112082413398, 0.00163131661247, 0.000320741528412, 0.000247963907896, 0.000261792883975, 0.000152056745719, 0.000180067145266, 0.000162743512192, 0.000197315574042, 0.000151275584358, 0.000115291171824, 0.000131302658701, 0.000120326425531, 8.34189777379e-05, 6.21242143097e-05, 6.59870929667e-05, 0.000137435970828],
        "mean": [0.0037811875809, 0.00167848798446, 0.000978098367341, 0.000464276876301, 0.000453802203992, 0.00035983370617, 0.000215655905777, 0.000158086899319, 0.000237293352257, 0.000243455622694, 0.000301828520605, 0.000176824381924, 0.000104832826764, 8.92444586498e-05, 0.000151908068801, 0.000108559434011, 7.71773266024e-05, 3.71205824194e-05, 4.69460210297e-05, 2.48052037932e-05, 2.1034207748e-05, 2.66761780949e-05, 1.67499474628e-05, 1.26270078908e-05, 1.16358423838e-05, 9.42417136685e-06, 9.77069885266e-06, 9.8448499557e-06, 7.9868505054e-06, 8.7835260274e-06, 6.94790378475e-06, 7.86156306276e-06, 7.06873970557e-06, 7.01916178514e-06, 6.01287320023e-06, 4.51553205494e-06, 4.35494439444e-06, 4.17335240854e-06, 3.2159289276e-06, 3.55971224053e-06],
        "median": [3.59218984158e-06, 3.0061135476e-05, 8.13802325865e-05, 4.24766003562e-05, 1.85356875591e-05, 2.55167105934e-05, 2.60625783994e-05, 2.93912235065e-05, 4.72325482406e-05, 4.37565176981e-05, 5.45906805201e-05, 3.56809141522e-05, 1.85225471796e-05, 2.26913816732e-05, 3.50287082256e-05, 7.50726621845e-06, 1.14553558888e-05, 6.08701702731e-06, 4.70445365863e-06, 3.81491918233e-06, 4.35361789641e-06, 4.50689321951e-06, 3.14168732984e-06, 2.77244726021e-06, 2.43184831561e-06, 2.49913091466e-06, 2.73419050245e-06, 2.44476927946e-06, 2.37598123931e-06, 2.59302078121e-06, 1.78300638254e-06, 1.90838136405e-06, 1.80497022484e-06, 1.67952339325e-06, 1.62348976573e-06, 1.20203446841e-06, 1.21540892906e-06, 1.31840158701e-06, 8.2145027136e-07, 9.30240616981e-07],
        "min": [9.33038547678e-25, 7.58483350875e-25, 2.10230701545e-24, 5.48300976921e-25, 2.37957190211e-24, 1.66609217841e-24, 3.12269366597e-24, 3.28664420563e-24, 2.36581042084e-24, 1.85653345612e-24, 2.96769373937e-24, 3.33747130261e-24, 4.16746144328e-24, 3.48416827098e-24, 4.4068870389e-24, 2.71535172971e-24, 1.25387912467e-24, 3.31194889131e-24, 3.90921165431e-24, 3.8704998831e-24, 4.74454672204e-24, 3.01710818368e-24, 2.88476710329e-24, 4.02322808752e-24, 4.93448312877e-24, 4.09467521971e-24, 3.83797357026e-24, 4.51080210822e-24, 5.56427496562e-24, 5.22955457821e-24, 5.41083994183e-24, 4.60880348177e-24, 5.17418443128e-24, 5.20770707544e-24, 5.81309905006e-24, 5.82481955096e-24, 6.14494048959e-24, 6.35097518082e-24, 7.3180070268e-24, 7.42748908753e-24],
        "var": [4.59075527033e-05, 1.63061977219e-05, 2.37531203311e-05, 3.4760505514e-06, 2.13455109588e-06, 7.32744979359e-07, 2.75139484529e-07, 1.38575870778e-07, 3.81754915679e-07, 3.53512575657e-07, 5.62091372558e-07, 2.27715347023e-07, 7.79627953307e-08, 3.57188696398e-08, 1.85504759997e-07, 1.8850238348e-07, 9.39233473218e-08, 1.62745585897e-08, 4.23158681429e-08, 3.24886517689e-09, 2.32284991242e-09, 1.39670506272e-08, 3.44865558333e-09, 1.41993228286e-09, 1.49933310212e-09, 2.57708021589e-10, 4.1180037158e-10, 4.06321837287e-10, 1.3917095254e-10, 2.36628383554e-10, 1.21419443944e-10, 1.95454846752e-10, 1.44461650975e-10, 1.503388386e-10, 9.55315687667e-11, 5.7088792027e-11, 4.67679853178e-11, 3.92821331019e-11, 2.8552705339e-11, 5.8788723889e-11]
    },
    "mfcc": {
        "mean": [-697.773010254, 73.6416473389, -1.98142302036, -4.84388923645, -12.2782726288, 1.17944550514, 0.564969301224, 3.75387167931, 1.07748150826, -0.039141073823, -2.11020326614, -1.64718389511, -4.63063049316],
        "cov": [[19407.9335938, -665.387023926, -13.9639616013, 546.126464844, 618.27557373, 411.361083984, 30.0259742737, 163.56036377, 223.544815063, 244.243392944, 525.856933594, 621.456420898, 701.472351074], [-665.387023926, 3838.45751953, 761.32043457, 483.14239502, 56.8739242554, 10.5357151031, 109.417648315, 190.175308228, 213.626861572, 9.85201931, -15.1499166489, -3.25057435036, -217.646728516], [-13.9639616013, 761.32043457, 1776.71569824, 1078.21252441, 613.305969238, 251.459854126, 173.796386719, 167.60067749, 112.959846497, 99.1658401489, 111.060745239, 118.873603821, 137.331329346], [546.126464844, 483.14239502, 1078.21252441, 1307.20324707, 688.002746582, 330.197662354, 167.019195557, 131.423217773, 107.908309937, 130.487045288, 133.040542603, 106.910087585, 151.772888184], [618.27557373, 56.8739242554, 613.305969238, 688.002746582, 738.34564209, 393.141387939, 190.197418213, 104.763519287, 66.8796234131, 87.8937988281, 126.333976746, 154.345825195, 180.423522949], [411.361083984, 10.5357151031, 251.459854126, 330.197662354, 393.141387939, 505.670257568, 300.726776123, 107.898071289, 24.3446407318, 58.2548217773, 114.12979126, 150.699737549, 155.365844727], [30.0259742737, 109.417648315, 173.796386719, 167.019195557, 190.197418213, 300.726776123, 476.799865723, 283.550567627, 92.7447891235, 60.9128036499, 96.3759689331, 148.689208984, 147.440826416], [163.56036377, 190.175308228, 167.60067749, 131.423217773, 104.763519287, 107.898071289, 283.550567627, 446.551971436, 277.43661499, 97.3138656616, 67.2028045654, 98.8156356812, 70.5495529175], [223.544815063, 213.626861572, 112.959846497, 107.908309937, 66.8796234131, 24.3446407318, 92.7447891235, 277.43661499, 431.319976807, 234.960968018, 98.4046325684, 45.9999656677, -19.3729705811], [244.243392944, 9.85201931, 99.1658401489, 130.487045288, 87.8937988281, 58.2548217773, 60.9128036499, 97.3138656616, 234.960968018, 354.588653564, 223.563034058, 80.365562439, 27.9366073608], [525.856933594, -15.1499166489, 111.060745239, 133.040542603, 126.333976746, 114.12979126, 96.3759689331, 67.2028045654, 98.4046325684, 223.563034058, 307.95211792, 195.583847046, 114.738502502], [621.456420898, -3.25057435036, 118.873603821, 106.910087585, 154.345825195, 150.699737549, 148.689208984, 98.8156356812, 45.9999656677, 80.365562439, 195.583847046, 315.772796631, 209.952636719], [701.472351074, -217.646728516, 137.331329346, 151.772888184, 180.423522949, 155.365844727, 147.440826416, 70.5495529175, -19.3729705811, 27.9366073608, 114.738502502, 209.952636719, 323.730133057]],
