{
"lowlevel": {
    "average_loudness": 0.742017865181,
    "barkbands_crest": {
        "dmean": 2.08494186401,
        "dmean2": 3.24333810806,
        "dvar": 7.85910224915,
        "dvar2": 19.3812828064,
        "max": 26.4291973114,
        "mean": 13.8090848923,
        "median": 11.8125476837,
        "min": 2.51021146774,
        "var": 44.6365814209
    },
    "barkbands_flatness_db": {
        "dmean": 0.0327326022089,
        "dmean2": 0.0452369265258,
        "dvar": 0.00202149548568,
        "dvar2": 0.00398250855505,
        "max": 0.616671204567,
        "mean": 0.238031670451,
        "median": 0.229498684406,
        "min": 0.036897264421,
        "var": 0.00771537330002
    },
    "barkbands_kurtosis": {
        "dmean": 17.8342380524,
        "dmean2": 25.3705615997,
        "dvar": 10188.9160156,
        "dvar2": 17312.4648438,
        "max": 2133.67285156,
        "mean": 22.2801551819,
        "median": 3.96193361282,
        "min": -1.88607978821,
        "var": 15170.796875
    },
    "barkbands_skewness": {
        "dmean": 0.922092854977,
        "dmean2": 1.31316196918,
        "dvar": 3.49151206017,
        "dvar2": 6.53986310959,
        "max": 37.976650238,
        "mean": 2.44757843018,
        "median": 1.79990160465,
        "min": -4.95256567001,
        "var": 9.98145580292
    },
    "barkbands_spread": {
        "dmean": 5.67890834808,
        "dmean2": 9.32338142395,
        "dvar": 121.718696594,
        "dvar2": 321.579681396,
        "max": 100.422348022,
        "mean": 12.8016586304,
        "median": 8.70400810242,
        "min": 0.0736325532198,
        "var": 169.090682983
    },
    "dissonance": {
        "dmean": 0.0262160934508,
        "dmean2": 0.0425604097545,
        "dvar": 0.000649878347758,
        "dvar2": 0.00158804433886,
        "max": 0.500000059605,
        "mean": 0.434862226248,
        "median": 0.441960126162,
        "min": 0.196966201067,
        "var": 0.00205369386822
    },
    "dynamic_complexity": 4.5646982193,
    "erbbands_crest": {
        "dmean": 2.10023784637,
        "dmean2": 3.24180078506,
        "dvar": 4.6377620697,
        "dvar2": 10.4245586395,
        "max": 26.0699996948,
        "mean": 9.28888225555,
        "median": 8.74266624451,
        "min": 2.38381147385,
        "var": 12.9610462189
    },
    "erbbands_flatness_db": {
        "dmean": 0.0199827160686,
        "dmean2": 0.0285280160606,
        "dvar": 0.00066553853685,
        "dvar2": 0.00118356756866,
        "max": 0.413404345512,
        "mean": 0.222910985351,
        "median": 0.22523984313,
        "min": 0.0343455113471,
        "var": 0.00418981630355
    },
    "erbbands_kurtosis": {
        "dmean": 1.07183098793,
        "dmean2": 1.70521461964,
        "dvar": 4.7274813652,
        "dvar2": 12.5340919495,
        "max": 43.1814002991,
        "mean": 0.813054323196,
        "median": 0.414773106575,
        "min": -1.8184350729,
        "var": 5.33830356598
    },
    "erbbands_skewness": {
        "dmean": 0.422335267067,
        "dmean2": 0.669616878033,
        "dvar": 0.315732628107,
        "dvar2": 0.908996224403,
        "max": 6.50029182434,
        "mean": 0.327869325876,
        "median": 0.397467881441,
        "min": -3.07229042053,
        "var": 0.761899888515
    },
    "erbbands_spread": {
        "dmean": 10.2587823868,
        "dmean2": 15.9651603699,
        "dvar": 311.112854004,
        "dvar2": 734.943481445,
        "max": 159.582824707,
        "mean": 30.935092926,
        "median": 23.2289676666,
        "min": 3.69010686874,
        "var": 520.522888184
    },
    "hfc": {
        "dmean": 11.8573284149,
        "dmean2": 19.0405044556,
        "dvar": 684.831298828,
        "dvar2": 1618.64099121,
        "max": 253.701049805,
        "mean": 19.3292255402,
        "median": 10.9711875916,
        "min": 1.22123555974e-16,
        "var": 875.208984375
    },
    "melbands_crest": {
        "dmean": 2.28059673309,
        "dmean2": 3.47993373871,
        "dvar": 9.88573360443,
        "dvar2": 23.3602180481,
        "max": 39.3037872314,
        "mean": 18.1744480133,
        "median": 15.9737005234,
        "min": 2.25469875336,
        "var": 88.9858322144
    },
    "melbands_flatness_db": {
        "dmean": 0.0382280051708,
        "dmean2": 0.052406731993,
        "dvar": 0.00294855167158,
        "dvar2": 0.00576549069956,
        "max": 0.724477469921,
        "mean": 0.298733323812,
        "median": 0.286155819893,
        "min": 0.00838550459594,
        "var": 0.0149036897346
    },
    "melbands_kurtosis": {
        "dmean": 20.7460784912,
        "dmean2": 31.7790412903,
        "dvar": 3875.82104492,
        "dvar2": 9234.61914062,
        "max": 925.588684082,
        "mean": 32.5489234924,
        "median": 8.36287689209,
        "min": -1.6510270834,
        "var": 6242.70507812
    },
    "melbands_skewness": {
        "dmean": 0.987410068512,
        "dmean2": 1.46566104889,
        "dvar": 2.67968869209,
        "dvar2": 6.19792842865,
        "max": 22.3282680511,
        "mean": 3.36019611359,
        "median": 2.33500862122,
        "min": -2.2046444416,
        "var": 9.8093996048
    },
    "melbands_spread": {
        "dmean": 6.9560251236,
        "dmean2": 11.4307327271,
        "dvar": 265.771453857,
        "dvar2": 685.631103516,
        "max": 197.600097656,
        "mean": 16.3147773743,
        "median": 10.6343421936,
        "min": 0.127243280411,
        "var": 402.640258789
    },
    "pitch_salience": {
        "dmean": 0.0663129612803,
        "dmean2": 0.103403031826,
        "dvar": 0.00844965782017,
        "dvar2": 0.0217064172029,
        "max": 0.999209821224,
        "mean": 0.433635294437,
        "median": 0.452462464571,
        "min": 0.021477393806,
        "var": 0.0395844131708
    },
    "silence_rate_20dB": {
        "dmean": 0,
        "dmean2": 0,
        "dvar": 0,
        "dvar2": 0,
        "max": 1,
        "mean": 1,
        "median": 1,
        "min": 1,
        "var": 0
    },
    "silence_rate_30dB": {
        "dmean": 0.0487895011902,
        "dmean2": 0.097597040236,
        "dvar": 0.0464090108871,
        "dvar2": 0.096941575408,
        "max": 1,
        "mean": 0.673872888088,
        "median": 1,
        "min": 0,
        "var": 0.219766870141
    },
    "silence_rate_60dB": {
        "dmean": 0.0306782480329,
        "dmean2": 0.0613678358495,
        "dvar": 0.0297371484339,
        "dvar2": 0.0690626874566,
        "max": 1,
        "mean": 0.144678488374,
        "median": 0,
        "min": 0,
        "var": 0.123747594655
    },
    "spectral_centroid": {
        "dmean": 270.687408447,
        "dmean2": 444.545715332,
        "dvar": 227520.859375,
        "dvar2": 608823.6875,
        "max": 11094.96875,
        "mean": 1059.70507812,
        "median": 915.305480957,
        "min": 94.7449874878,
        "var": 490322.78125
    },
    "spectral_complexity": {
        "dmean": 3.38902235031,
        "dmean2": 4.83733844757,
        "dvar": 33.9514083862,
        "dvar2": 55.0620384216,
        "max": 70,
        "mean": 12.8337030411,
        "median": 12,
        "min": 0,
        "var": 89.0188522339
    },
    "spectral_decrease": {
        "dmean": 2.76076361772e-09,
        "dmean2": 3.89539955847e-09,
        "dvar": 3.09814641993e-17,
        "dvar2": 7.02653468242e-17,
        "max": 4.85657719792e-24,
        "mean": -1.48511984932e-08,
        "median": -6.06690431226e-09,
        "min": -6.76249953813e-08,
        "var": 2.34930914198e-16
    },
    "spectral_energy": {
        "dmean": 0.0110256141052,
        "dmean2": 0.0154427411035,
        "dvar": 0.000460418057628,
        "dvar2": 0.00102776766289,
        "max": 0.256720542908,
        "mean": 0.0578051023185,
        "median": 0.0251225829124,
        "min": 1.10570807677e-20,
        "var": 0.00345432502218
    },
    "spectral_energyband_high": {
        "dmean": 0.0012031259248,
        "dmean2": 0.00208077928983,
        "dvar": 9.35770458454e-06,
        "dvar2": 2.40718763962e-05,
        "max": 0.0218716040254,
        "mean": 0.00100544642191,
        "median": 2.39992459683e-05,
        "min": 7.98819707432e-21,
        "var": 8.83654593054e-06
    },
    "spectral_energyband_low": {
        "dmean": 0.00772827770561,
        "dmean2": 0.0118987709284,
        "dvar": 0.000419811723987,
        "dvar2": 0.0010066475952,
        "max": 0.253049403429,
        "mean": 0.042523868382,
        "median": 0.00167812721338,
        "min": 3.24398442225e-23,
        "var": 0.00302220275626
    },
    "spectral_energyband_middle_high": {
        "dmean": 0.00173716421705,
        "dmean2": 0.00243260827847,
        "dvar": 1.28948040583e-05,
        "dvar2": 2.74023313978e-05,
        "max": 0.0408715233207,
        "mean": 0.003965488635,
        "median": 0.00186472490896,
        "min": 1.76484052593e-21,
        "var": 2.89417257591e-05
    },
    "spectral_energyband_middle_low": {
        "dmean": 0.00605468824506,
        "dmean2": 0.00935395248234,
        "dvar": 0.000337971607223,
        "dvar2": 0.000894159835298,
        "max": 0.170972824097,
        "mean": 0.0112223373726,
        "median": 0.0064062057063,
        "min": 2.85896697351e-22,
        "var": 0.000291690143058
    },
    "spectral_entropy": {
        "dmean": 0.277091741562,
        "dmean2": 0.399182915688,
        "dvar": 0.162899047136,
        "dvar2": 0.331382483244,
        "max": 9.80450344086,
        "mean": 7.03004598618,
        "median": 6.85178184509,
        "min": 5.26728153229,
        "var": 0.474075764418
    },
    "spectral_flux": {
        "dmean": 0.0318730808794,
        "dmean2": 0.0476523190737,
        "dvar": 0.00347025180236,
        "dvar2": 0.00651025213301,
        "max": 0.489256799221,
        "mean": 0.0677937865257,
        "median": 0.0374060124159,
        "min": 1.05152657415e-10,
        "var": 0.00668742926791
    },
    "spectral_kurtosis": {
        "dmean": 5.7491569519,
        "dmean2": 9.60282707214,
        "dvar": 66.1773681641,
        "dvar2": 164.618209839,
        "max": 118.16305542,
        "mean": 11.7129840851,
        "median": 7.78318786621,
        "min": -1.17009317875,
        "var": 152.924423218
    },
    "spectral_rms": {
        "dmean": 0.000742576434277,
        "dmean2": 0.00096012983704,
        "dvar": 1.43805641528e-06,
        "dvar2": 2.77869980891e-06,
        "max": 0.0158258993179,
        "mean": 0.00622691307217,
        "median": 0.00495074130595,
        "min": 3.28441722604e-12,
        "var": 1.76209432539e-05
    },
    "spectral_rolloff": {
        "dmean": 480.866516113,
        "dmean2": 868.902038574,
        "dvar": 1652015.375,
        "dvar2": 4323145.5,
        "max": 18669.2871094,
        "mean": 1172.83825684,
        "median": 732.12890625,
        "min": 21.533203125,
        "var": 2425239.75
    },
    "spectral_skewness": {
        "dmean": 0.551232099533,
        "dmean2": 0.88832616806,
        "dvar": 0.451157212257,
        "dvar2": 0.991391062737,
        "max": 8.20445251465,
        "mean": 2.2291533947,
        "median": 2.05721712112,
        "min": 0.0080280629918,
        "var": 1.24465882778
    },
    "spectral_spread": {
        "dmean": 799277.4375,
        "dmean2": 1205118.875,
        "dvar": 2.10650346291e+12,
        "dvar2": 3.73168668672e+12,
        "max": 39904080,
        "mean": 3536424.5,
        "median": 2872765,
        "min": 585496,
        "var": 4.63995456717e+12
    },
    "spectral_strongpeak": {
        "dmean": 0.322082519531,
        "dmean2": 0.504996061325,
        "dvar": 0.297501057386,
        "dvar2": 0.75876647234,
        "max": 8.83933448792,
        "mean": 1.03753054142,
        "median": 0.867499113083,
        "min": 0,
        "var": 0.812403917313
    },
    "zerocrossingrate": {
        "dmean": 0.00992552749813,
        "dmean2": 0.0120183071122,
        "dvar": 0.000285715330392,
        "dvar2": 0.000373478687834,
        "max": 0.63818359375,
        "mean": 0.042324475944,
        "median": 0.0341796875,
        "min": 0,
        "var": 0.00166659930255
    },
    "barkbands": {
        "dmean": [0.000797063868959, 0.00724387308583, 0.00212239380926, 0.00147414428648, 0.00290740933269, 0.000970404071268, 0.000581399712246, 0.00048093116493, 0.000759262067731, 0.000409882195527, 0.000266242946964, 0.000364259642083, 0.000254796381341, 0.000250818382483, 0.000251560355537, 0.000107481559098, 0.00012742364197, 0.000125358114019, 0.000176801127964, 0.000136262882734, 0.00013755337568, 0.000243019734626, 0.00057312642457, 0.000124535552459, 4.80817107018e-05, 2.45255923801e-05, 2.09186623579e-06],
        "dmean2": [0.00113744370174, 0.010513628833, 0.00384338921867, 0.00265482650138, 0.00482868496329, 0.00142080197111, 0.000797004380729, 0.000695348426234, 0.000997285358608, 0.000542058958672, 0.000385295803426, 0.000499608751852, 0.000395303475671, 0.000386319792597, 0.000333165517077, 0.000158085065777, 0.000216820713831, 0.000189751954167, 0.000286890397547, 0.000223947878112, 0.000214649131522, 0.000408920430345, 0.00103428424336, 0.000221395952394, 8.03279035608e-05, 4.16129005316e-05, 3.12970064442e-06],
        "dvar": [7.65669119573e-06, 0.000373615301214, 0.000148061211803, 6.75506526022e-05, 0.000182235715329, 4.08245614381e-06, 1.49787274495e-06, 1.42512237744e-06, 2.12874647332e-06, 7.42150348287e-07, 2.8515725603e-07, 5.0822978892e-07, 5.65092022953e-07, 2.40233816839e-07, 2.56260818787e-07, 8.36738038856e-08, 3.00579984014e-07, 3.18995205362e-07, 7.37323034627e-07, 3.42207954418e-07, 2.93632581361e-07, 4.27370906664e-07, 2.48771652878e-06, 1.16904544711e-07, 2.44885871581e-08, 1.94163476408e-08, 1.88549731384e-10],
        "dvar2": [1.39132498589e-05, 0.000824632821605, 0.00042016961379, 0.000196421562578, 0.00047411795822, 9.55866835284e-06, 2.58248110185e-06, 3.18282150147e-06, 4.45369505542e-06, 1.49549941852e-06, 5.90266154177e-07, 1.02877299923e-06, 1.59513319886e-06, 5.70305132896e-07, 4.25496097023e-07, 1.76807247954e-07, 8.02129363819e-07, 7.05241916421e-07, 1.8089592686e-06, 8.25361212264e-07, 5.85975726608e-07, 9.91727574728e-07, 7.05267757439e-06, 3.24775584204e-07, 6.32431067515e-08, 5.31510870871e-08, 3.89837717663e-10],
        "max": [0.0419647805393, 0.228943124413, 0.145478159189, 0.0966118350625, 0.158808529377, 0.0287197306752, 0.0220662336797, 0.0158193614334, 0.0335529409349, 0.0175541825593, 0.0114030344412, 0.0132115706801, 0.0231477767229, 0.00731246406212, 0.0125944707543, 0.00824005901814, 0.0118505079299, 0.00790592748672, 0.0109215658158, 0.00733015872538, 0.008624907583, 0.00633479049429, 0.00878042075783, 0.00553584424779, 0.00224302639253, 0.00216486025602, 0.000679055403452],
        "mean": [0.00331173487939, 0.0361351370811, 0.00219886028208, 0.0019505902892, 0.00289793568663, 0.00200331863016, 0.00145953241736, 0.00102734670509, 0.00181924563367, 0.000851957942359, 0.000400012766477, 0.000737046531867, 0.000465569930384, 0.000378908007406, 0.000420724827563, 0.000151868720422, 0.000142768694786, 0.000159732677275, 0.000200620357646, 0.000168611673871, 0.00017685740022, 0.000211224411032, 0.000380328245228, 9.20309903449e-05, 4.12988338212e-05, 1.96168402908e-05, 2.32345632867e-06],
        "median": [1.66052200257e-06, 2.83946865238e-05, 0.000309863855364, 0.000366757798474, 0.000633956864476, 0.000855701044202, 0.000418284442276, 0.000324984721374, 0.000983906909823, 0.000236591964494, 0.000128399580717, 0.000113762718684, 0.000104993247078, 0.000110781773401, 0.000105540922959, 4.62070383946e-05, 2.18546701944e-05, 1.67976868397e-05, 9.04600528884e-06, 1.11452791316e-05, 7.14718407835e-06, 4.60232786281e-06, 1.6951780708e-06, 7.19204194866e-07, 5.28328882865e-07, 2.1803455752e-07, 1.65306026645e-08],
        "min": [1.74091662135e-23, 7.19830369532e-24, 1.09509371096e-23, 5.10849006724e-24, 4.81604347357e-23, 3.78572549813e-23, 1.02276409585e-22, 5.49781816752e-24, 4.48683698724e-23, 7.35323250612e-23, 9.5140298106e-23, 4.7728063229e-23, 1.1892595639e-22, 6.65649099088e-23, 7.63265966052e-23, 2.81417280074e-22, 1.62940444286e-22, 2.65189742299e-22, 2.80028228548e-22, 6.68646328766e-22, 2.73732638897e-22, 4.22057977098e-22, 6.38434899849e-22, 8.65767699556e-22, 1.42226910765e-21, 1.87715190256e-21, 2.31945179805e-21],
        "var": [5.87963368162e-05, 0.00234250025824, 9.37924123718e-05, 4.32868146163e-05, 0.000138522314955, 7.83296582085e-06, 5.41982217328e-06, 3.14470776175e-06, 6.02251066084e-06, 2.69863562607e-06, 4.71851080874e-07, 2.29237457461e-06, 1.12642680961e-06, 4.70091009674e-07, 7.79785807481e-07, 1.16040716591e-07, 2.89845871748e-07, 3.95867886027e-07, 9.13188728191e-07, 4.61594567014e-07, 4.69329705766e-07, 4.87507008984e-07, 1.61184493663e-06, 8.78960761952e-08, 2.56641516927e-08, 1.49780330361e-08, 4.19054485556e-10]
    },
    "erbbands": {
        "dmean": [0.318326205015, 1.31288540363, 2.27982020378, 3.80809092522, 5.15135955811, 13.6066389084, 9.25485801697, 7.64940261841, 8.89494228363, 6.8627114296, 12.5347185135, 16.4772071838, 10.8272476196, 13.6520643234, 10.6795845032, 12.3724384308, 12.3474225998, 9.23532104492, 12.1256351471, 12.6943206787, 5.71833181381, 7.22570562363, 5.94248056412, 10.3085317612, 7.50386953354, 6.31364154816, 6.92058420181, 5.26151657104, 7.15790891647, 16.4112911224, 15.8831577301, 4.97944641113, 1.54614281654, 0.664670526981, 0.270733326674, 0.111017748713, 0.0494702681899, 0.00520300632343, 0.00035521996324, 1.94479453057e-05],
        "dmean2": [0.450058162212, 1.98251068592, 3.97995638847, 6.78620052338, 8.87075138092, 22.9120292664, 14.8366727829, 10.7052717209, 12.1744718552, 9.65520191193, 16.9405784607, 21.1130313873, 15.5921993256, 18.0294189453, 15.1782522202, 17.5538215637, 18.3155708313, 13.9247961044, 17.8243961334, 17.0606956482, 8.55515670776, 12.0227184296, 8.86141300201, 17.7405147552, 10.8978147507, 10.3652820587, 11.3968191147, 7.79550743103, 11.8944578171, 29.4195842743, 28.7841014862, 8.95346736908, 2.687281847, 1.10815691948, 0.453887075186, 0.18985940516, 0.0840268582106, 0.00769681250677, 0.000517618027516, 2.80807817035e-05],
        "dvar": [0.867610096931, 13.474770546, 137.791275024, 485.113067627, 434.274169922, 5449.00439453, 1045.29968262, 216.589324951, 391.292053223, 202.542037964, 707.26763916, 1110.65014648, 532.984924316, 629.630187988, 429.548156738, 668.517333984, 1057.74487305, 326.865814209, 518.43963623, 656.820373535, 295.011169434, 927.620788574, 631.583984375, 3481.71899414, 1080.44616699, 712.336547852, 943.055786133, 299.67767334, 412.938323975, 1959.69824219, 1986.39379883, 189.704055786, 18.5850086212, 3.63901805878, 1.1021258831, 0.284079194069, 0.0987045764923, 0.000848618219607, 4.84877364215e-06, 1.95938754111e-09],
        "dvar2": [1.5433665514, 31.8687210083, 386.597290039, 1374.69946289, 1214.41638184, 14432.0537109, 2803.16333008, 476.721435547, 668.123840332, 413.760162354, 1477.80090332, 2157.67895508, 1230.0279541, 1137.45507812, 864.379455566, 1491.65332031, 2782.95092773, 728.454223633, 1202.56188965, 1112.86853027, 660.487304688, 2375.73779297, 1224.7052002, 9870.29589844, 1955.78552246, 1737.71032715, 2307.47314453, 518.26965332, 890.157836914, 5483.94580078, 5647.13720703, 539.155944824, 49.4006347656, 9.15842723846, 2.92620444298, 0.771107912064, 0.271457910538, 0.00189530465286, 9.66841162153e-06, 3.98921118361e-09],
        "max": [12.5906581879, 35.2470970154, 133.666213989, 249.079986572, 284.895904541, 844.657165527, 433.418914795, 184.951461792, 351.25982666, 236.679260254, 356.701538086, 911.532287598, 560.027587891, 468.397277832, 334.760681152, 633.444946289, 966.250183105, 208.697525024, 285.184783936, 483.508483887, 491.550201416, 685.194213867, 342.767211914, 819.478027344, 501.13394165, 351.699127197, 365.014190674, 278.707885742, 228.771728516, 298.753265381, 256.756011963, 82.7568359375, 132.893859863, 43.5232200623, 21.2892971039, 8.34651947021, 4.94703674316, 0.908141434193, 0.112204998732, 0.00160767091438],
        "mean": [1.50945866108, 6.14427995682, 3.93385577202, 4.89070272446, 6.72009086609, 12.2661790848, 13.0779981613, 16.9884624481, 22.8375759125, 16.2368030548, 30.4690246582, 38.9418487549, 22.1370601654, 29.3080387115, 20.9180698395, 24.7334575653, 24.69373703, 14.1458597183, 19.2658004761, 21.2688751221, 8.18049716949, 8.57357692719, 8.00704956055, 10.7880935669, 9.48756599426, 7.76911115646, 8.2116765976, 6.33946323395, 6.94900083542, 11.4964065552, 10.3172063828, 3.41029477119, 1.19920444489, 0.568343698978, 0.231250137091, 0.0871935784817, 0.0391021929681, 0.00597481196746, 0.000416011491325, 7.31290710974e-05],
        "median": [0.000485218362883, 0.0164092108607, 0.494449257851, 1.43524622917, 0.906691789627, 1.61872184277, 3.50984311104, 7.70795726776, 6.37330389023, 5.08321666718, 14.0241546631, 19.6282520294, 10.0424022675, 10.2141370773, 6.97424459457, 4.65286827087, 5.59727430344, 5.50147771835, 6.00062179565, 5.79269790649, 2.63416433334, 1.52255654335, 0.968835830688, 0.740354120731, 0.540266513824, 0.528491258621, 0.360983729362, 0.251852482557, 0.17936527729, 0.0927077382803, 0.0446307323873, 0.0238852351904, 0.00846626237035, 0.00600586691871, 0.00365759269334, 0.00129227037542, 0.000344948726706, 6.82052850607e-05, 2.78799016087e-05, 3.22919659084e-05],
        "min": [5.71509556237e-22, 5.25157957469e-22, 7.23646114974e-21, 2.34093098861e-20, 6.03369320239e-20, 1.83199877864e-19, 2.67771573324e-19, 3.30754914621e-19, 1.2789026009e-18, 8.68908048746e-19, 2.17361971873e-19, 1.25213069358e-18, 2.25241384196e-18, 2.82698073327e-18, 3.64021177197e-18, 1.91988434058e-18, 4.59610003348e-18, 3.4276110517e-18, 4.54930270391e-18, 4.88062617596e-18, 1.62211524329e-17, 1.04993894531e-17, 1.49921622203e-17, 1.45159080196e-17, 1.58690696226e-17, 3.16350791583e-17, 1.51097575249e-17, 1.45219332031e-17, 1.41159579216e-17, 2.07131220078e-17, 1.38742400302e-17, 1.68540068128e-17, 1.50657415902e-17, 1.19346007554e-17, 1.25939952253e-17, 7.53105430646e-18, 3.19449046198e-18, 1.31233186459e-18, 3.11362207997e-19, 3.56867979046e-20],
        "var": [5.47571134567, 81.8843917847, 118.310096741, 304.20413208, 306.292907715, 3971.84472656, 894.835632324, 516.797607422, 1405.00366211, 616.442199707, 1773.60168457, 3404.34594727, 1272.84020996, 2799.65991211, 1201.28320312, 2194.49658203, 2752.50585938, 504.763671875, 996.568359375, 1753.17944336, 377.297851562, 969.294616699, 895.558227539, 3000.98681641, 1763.36877441, 941.193115234, 1239.84106445, 509.875274658, 566.143737793, 1346.40136719, 1260.359375, 124.467941284, 17.2771263123, 4.17920398712, 1.02151584625, 0.234297573566, 0.0718722045422, 0.00136649189517, 1.14678050522e-05, 7.6056485554e-09]
    },
    "gfcc": {
        "mean": [-83.5335159302, 115.582641602, -135.389083862, 3.39494872093, -63.6671981812, 3.13474607468, -31.4030132294, -2.82193136215, -14.8794269562, 1.08132493496, -14.8719873428, -4.03793811798, -3.5425453186],
        "cov": [[15715.8925781, 1159.95300293, 2479.71459961, 2112.18969727, 608.826416016, 1474.88354492, 931.138061523, 421.536224365, 604.507568359, 110.708152771, 221.18800354, -164.728424072, -437.877288818], [1159.95300293, 4025.06298828, 1162.64477539, -54.0585327148, 1529.4095459, -153.42678833, 657.355895996, 105.072479248, 664.563659668, 4.05759572983, 237.209625244, -404.907409668, 261.523773193], [2479.71459961, 1162.64477539, 2703.43408203, 1400.66821289, 910.015319824, 943.871276855, 716.660400391, 430.715667725, 722.748779297, 209.943237305, 267.658416748, -34.8347663879, -19.5352706909], [2112.18969727, -54.0585327148, 1400.66821289, 1326.44812012, 447.161529541, 686.36138916, 450.688049316, 280.027099609, 295.710754395, 81.1082000732, 161.397644043, 38.704864502, -92.330406189], [608.826416016, 1529.4095459, 910.015319824, 447.161529541, 1224.56982422, 369.831970215, 581.461242676, 178.519134521, 427.718811035, 97.1583099365, 201.151824951, -134.482666016, 156.63571167], [1474.88354492, -153.42678833, 943.871276855, 686.36138916, 369.831970215, 883.249389648, 449.028778076, 213.149078369, 296.897644043, 191.451919556, 147.865814209, 25.4661865234, -52.222984314], [931.138061523, 657.355895996, 716.660400391, 450.688049316, 581.461242676, 449.028778076, 657.177978516, 278.826751709, 328.682830811, 150.946075439, 244.71031189, -32.4699440002, 32.5234222412], [421.536224365, 105.072479248, 430.715667725, 280.027099609, 178.519134521, 213.149078369, 278.826751709, 267.530181885, 205.329650879, 80.5119400024, 131.503570557, 49.1309356689, -6.97259712219], [604.507568359, 664.563659668, 722.748779297, 295.710754395, 427.718811035, 296.897644043, 328.682830811, 205.329650879, 411.448425293, 145.499435425, 149.366195679, -32.1138153076, 54.5357933044], [110.708152771, 4.05759572983, 209.943237305, 81.1082000732, 97.1583099365, 191.451919556, 150.946075439, 80.5119400024, 145.499435425, 200.52696228, 96.1739959717, 15.3351144791, 5.67725229263], [221.18800354, 237.209625244, 267.658416748, 161.397644043, 201.151824951, 147.865814209, 244.71031189, 131.503570557, 149.366195679, 96.1739959717, 201.133010864, 51.672870636, 40.309513092], [-164.728424072, -404.907409668, -34.8347663879, 38.704864502, -134.482666016, 25.4661865234, -32.4699440002, 49.1309356689, -32.1138153076, 15.3351144791, 51.672870636, 151.708679199, 17.6310863495], [-437.877288818, 261.523773193, -19.5352706909, -92.330406189, 156.63571167, -52.222984314, 32.5234222412, -6.97259712219, 54.5357933044, 5.67725229263, 40.309513092, 17.6310863495, 147.901123047]],
        "icov": [[0.000106496059743, -0.0001589992753, 8.37962797959e-05, -0.000208240337088, 0.00016443063214, -0.000203343253816, -8.49951902637e-06, 2.07921075344e-05, -2.04989851227e-06, 1.55832130986e-05, 8.840533701e-05, -0.000123311023344, 0.000225182360737], [-0.0001589992753, 0.00180123618338, -0.000943033432122, 0.00130217766855, -0.00134755950421, 0.00161471997853, -0.000728108920157, 0.00109204521868, -0.00139737816062, 0.00132149399724, -0.0015447831247, 0.00222379574552, -0.000138047966175], [8.37962797959e-05, -0.000943033432122, 0.00191091629677, -0.00170956051443, 0.000563017907552, -0.00109098758548, 0.000561857305001, -0.00042263357318, -0.00108111707959, -0.000392885238398, 0.000909233931452, -0.00114280020352, 0.000277945160633], [-0.000208240337088, 0.00130217766855, -0.00170956051443, 0.00342231546529, -0.00135235046037, 0.000447089318186, -0.000565235852264, 0.000123641075334, 8.31278448459e-05, 0.00160212977789, -0.00135015393607, 0.000760120281484, 0.000896993093193], [0.00016443063214, -0.00134755950421, 0.000563017907552, -0.00135235046037, 0.00346791255288, -0.00125429860782, -0.000946426822338, 2.38836801145e-05, 4.22747252742e-05, -0.000252217461821, 0.000799888221081, 0.000130410480779, -0.00204606703483], [-0.000203343253816, 0.00161471997853, -0.00109098758548, 0.000447089318186, -0.00125429860782, 0.00459320517257, -0.00256608636118, 0.0022529643029, -0.0018716660561, -0.000583724468015, 0.000435568363173, -2.70803393505e-05, 0.000895547971595], [-8.49951902637e-06, -0.000728108920157, 0.000561857305001, -0.000565235852264, -0.000946426822338, -0.00256608636118, 0.0081125786528, -0.0055572767742, 0.00220414251089, -0.000840452674311, -0.00485497387126, 0.00375489564613, -0.000870938412845], [2.07921075344e-05, 0.00109204521868, -0.00042263357318, 0.000123641075334, 2.38836801145e-05, 0.0022529643029, -0.0055572767742, 0.0132865821943, -0.00663815904409, 0.00213872967288, 1.46544116433e-05, -0.00510170217603, 0.00374033860862], [-2.04989851227e-06, -0.00139737816062, -0.00108111707959, 8.31278448459e-05, 4.22747252742e-05, -0.0018716660561, 0.00220414251089, -0.00663815904409, 0.0118585117161, -0.00451759342104, -0.000589553674217, 0.00254299328662, -0.00347102689557], [1.55832130986e-05, 0.00132149399724, -0.000392885238398, 0.00160212977789, -0.000252217461821, -0.000583724468015, -0.000840452674311, 0.00213872967288, -0.00451759342104, 0.0103288507089, -0.00421279948205, 0.00133470178116, 0.00126270612236], [8.840533701e-05, -0.0015447831247, 0.000909233931452, -0.00135015393607, 0.000799888221081, 0.000435568363173, -0.00485497387126, 1.46544116433e-05, -0.000589553674217, -0.00421279948205, 0.0161881204695, -0.009058653377, -0.00030753124156], [-0.000123311023344, 0.00222379574552, -0.00114280020352, 0.000760120281484, 0.000130410480779, -2.70803393505e-05, 0.00375489564613, -0.00510170217603, 0.00254299328662, 0.00133470178116, -0.009058653377, 0.0186912678182, -0.0059357737191], [0.000225182360737, -0.000138047966175, 0.000277945160633, 0.000896993093193, -0.00204606703483, 0.000895547971595, -0.000870938412845, 0.00374033860862, -0.00347102689557, 0.00126270612236, -0.00030753124156, -0.0059357737191, 0.0131425149739]]
    },
    "melbands": {
        "dmean": [0.00236032018438, 0.00124577537645, 0.000673366419505, 0.000644154148176, 0.000403009937145, 0.000172445666976, 0.000129954802105, 8.37890111143e-05, 0.000115827839181, 9.75697112153e-05, 5.66594899283e-05, 5.93914628553e-05, 3.60704252671e-05, 3.79011835321e-05, 3.86191859434e-05, 2.04080151889e-05, 1.83485171874e-05, 2.09422305488e-05, 2.16004282265e-05, 1.06152820081e-05, 6.10968481851e-06, 7.98647670308e-06, 6.33252830085e-06, 6.39709651296e-06, 8.9734849098e-06, 5.48742627871e-06, 4.84698239234e-06, 4.131517926e-06, 4.9053624025e-06, 3.73063289771e-06, 2.91835362987e-06, 3.86814690501e-06, 5.42726002095e-06, 9.78915250016e-06, 1.04991404442e-05, 5.20954881722e-06, 2.18218679038e-06, 1.10709504497e-06, 7.24601591173e-07, 5.1461665862e-07],
        "dmean2": [0.00336937792599, 0.00200393027626, 0.00119273422752, 0.00109251285903, 0.000663985905703, 0.000243812814006, 0.000176340996404, 0.000118938631203, 0.00015075916599, 0.000128495928948, 8.18296030047e-05, 7.81623384682e-05, 5.29794633621e-05, 5.02623952343e-05, 5.74328150833e-05, 3.12694901368e-05, 2.78072875517e-05, 3.24551438098e-05, 2.8075195587e-05, 1.50168425535e-05, 9.47130229179e-06, 1.36605622174e-05, 9.21486389416e-06, 1.01253799585e-05, 1.5760302631e-05, 8.3112890934e-06, 7.0071009759e-06, 6.88115096636e-06, 8.30651333672e-06, 5.42992984265e-06, 4.46493822892e-06, 6.33081981505e-06, 9.18370915315e-06, 1.76634821401e-05, 1.91279414139e-05, 9.36508149607e-06, 3.93309801439e-06, 1.94148788069e-06, 1.22258745705e-06, 8.6251702669e-07],
        "dvar": [4.18176387029e-05, 2.18392160605e-05, 1.35509217216e-05, 8.73336284712e-06, 3.00732267533e-06, 1.13284833958e-07, 8.24427246471e-08, 3.36444649918e-08, 5.26298791215e-08, 3.82100466823e-08, 1.47525573979e-08, 1.24626113873e-08, 5.03336483604e-09, 5.92167470614e-09, 1.07674127392e-08, 2.50450926664e-09, 1.22847376716e-09, 1.92885107886e-09, 2.18718021472e-09, 6.40783315298e-10, 3.84847625989e-10, 1.21285936849e-09, 6.26974805407e-10, 1.05672026685e-09, 2.7545206116e-09, 5.9027455146e-10, 3.86703974398e-10, 3.18645998476e-10, 5.35394839574e-10, 2.24438009844e-10, 8.39563349397e-11, 1.30581850888e-10, 2.0799867384e-10, 7.06367186964e-10, 8.92705465105e-10, 2.02111230529e-10, 3.75497515026e-11, 9.44473232262e-12, 4.47436098588e-12, 2.49201722625e-12],
        "dvar2": [8.29449345474e-05, 6.02545296715e-05, 3.81087811547e-05, 2.24943833018e-05, 8.08095774119e-06, 2.51001637253e-07, 1.39476611594e-07, 7.25845552552e-08, 1.04137065193e-07, 7.86173046663e-08, 3.42039498946e-08, 2.27688445875e-08, 1.02855919337e-08, 1.02355883769e-08, 2.71136286756e-08, 6.25862739412e-09, 2.79610690157e-09, 4.68493999151e-09, 3.296530382e-09, 1.2405073635e-09, 8.82870054841e-10, 3.32870020436e-09, 1.14860787548e-09, 2.75400502403e-09, 7.92184184917e-09, 1.14372566973e-09, 6.85304646364e-10, 8.19372458771e-10, 1.45243683747e-09, 4.24208917993e-10, 1.49375831149e-10, 2.70002575853e-10, 5.14392972661e-10, 1.99332705897e-09, 2.54420462475e-09, 5.71712344133e-10, 1.06736119942e-10, 2.53328243799e-11, 1.08318146119e-11, 6.39687955384e-12],
        "max": [0.0819889605045, 0.0564258210361, 0.0413125790656, 0.0345112644136, 0.0215903222561, 0.00417290162295, 0.00527019007131, 0.00225073145702, 0.00402243761346, 0.00491128768772, 0.00276694470085, 0.00206438172609, 0.00146966800094, 0.00145645777229, 0.00436307210475, 0.00104070955422, 0.000332923227688, 0.000662051257677, 0.00142235669773, 0.000491216604132, 0.000554050144274, 0.000799016386736, 0.000370882742573, 0.000483617797727, 0.000721825053915, 0.0003295573988, 0.000303174892906, 0.000245441537118, 0.000286032707663, 0.000242640875513, 0.000135482870974, 0.000136625138111, 0.000149631378008, 0.000170029874425, 0.000177547786734, 8.38928899611e-05, 4.13482011936e-05, 8.40951906866e-05, 9.2884649348e-05, 2.23917977564e-05],
        "mean": [0.0116597022861, 0.0041341483593, 0.000903230800759, 0.000663139624521, 0.000496534747072, 0.000382859318051, 0.000333720352501, 0.000189690588741, 0.000288453098619, 0.00022606656421, 0.000109943233838, 0.000126153201563, 6.30666181678e-05, 7.64957803767e-05, 7.43570781196e-05, 3.48369649146e-05, 2.70869059023e-05, 3.09766328428e-05, 3.76823554689e-05, 1.53891887749e-05, 8.15938346932e-06, 8.77083311934e-06, 7.60087459639e-06, 7.6630312833e-06, 8.91520357982e-06, 7.03955129211e-06, 6.25522761766e-06, 4.7484722927e-06, 5.40353221368e-06, 4.21893219027e-06, 3.43350029652e-06, 3.87839008908e-06, 4.38449069406e-06, 6.70461759e-06, 6.7273795139e-06, 3.5074299376e-06, 1.51671406456e-06, 8.52275718444e-07, 6.11035829934e-07, 4.3708317321e-07],
        "median": [5.01608519698e-06, 0.000184454227565, 0.000288559327601, 9.9341297755e-05, 0.000117740681162, 0.000172632979229, 9.68764798017e-05, 5.37361993338e-05, 0.000139315074193, 0.000115327959065, 4.37024864368e-05, 4.1654893721e-05, 2.57165593212e-05, 1.17057152238e-05, 1.33690000439e-05, 8.40196298668e-06, 9.47954686126e-06, 7.48440515963e-06, 8.57160557644e-06, 3.91466073779e-06, 1.73103717316e-06, 1.40022575579e-06, 8.44378803322e-07, 8.39042513689e-07, 5.24645940914e-07, 3.32591071128e-07, 4.19236073412e-07, 3.05102560105e-07, 2.1655381488e-07, 1.67863035472e-07, 1.26426229485e-07, 9.65329434166e-08, 6.64282140406e-08, 3.9122035389e-08, 2.46632971823e-08, 2.03436432145e-08, 1.07275743844e-08, 5.14619191705e-09, 6.08427397353e-09, 4.39403180508e-09],
        "min": [4.46505527547e-24, 2.91799944664e-24, 4.05823576234e-24, 9.48833455988e-24, 9.4638420065e-24, 7.72735326141e-24, 2.04931311477e-23, 7.40157973996e-24, 1.45367698297e-24, 8.55793070902e-24, 1.06920779255e-23, 1.05780394042e-23, 1.32205940635e-23, 6.02408068803e-24, 8.10175295791e-24, 1.0081941347e-23, 5.87447716166e-24, 7.51829723292e-24, 6.01463407869e-24, 9.55494913016e-24, 2.09433324886e-23, 8.21207357779e-24, 1.69715913802e-23, 1.08706720902e-23, 1.16633431936e-23, 1.06302951283e-23, 1.60194804439e-23, 2.22918160532e-23, 1.15811651865e-23, 5.32195109503e-24, 1.03703678266e-23, 8.97157465784e-24, 5.64330186781e-24, 1.50595219192e-23, 7.48403148178e-24, 7.9310197922e-24, 1.17157630007e-23, 1.11450387019e-23, 9.34140763856e-24, 9.61739535942e-24],
        "var": [0.000264254194917, 4.86460194224e-05, 8.84780547494e-06, 6.770492746e-06, 2.25166581913e-06, 2.62829757958e-07, 3.05134165046e-07, 8.7544357541e-08, 1.46842069171e-07, 1.08875120475e-07, 3.53642022333e-08, 5.4927028259e-08, 9.4001473272e-09, 3.22035589306e-08, 2.79892624633e-08, 5.12256104201e-09, 1.95457761087e-09, 3.67856434202e-09, 8.0013187187e-09, 1.16558329655e-09, 4.74180195109e-10, 1.11658116086e-09, 8.54625703539e-10, 1.00367048006e-09, 2.26159579952e-09, 9.57747769981e-10, 6.43921860277e-10, 3.83969189777e-10, 5.83841086588e-10, 3.20764775852e-10, 1.41615108529e-10, 1.90366764019e-10, 2.02604169552e-10, 4.70979866218e-10, 5.58411317186e-10, 1.32895042193e-10, 2.48155315741e-11, 8.23427610819e-12, 6.09243384908e-12, 2.57179607471e-12]
    },
    "mfcc": {
        "mean": [-722.328491211, 150.79335022, -16.0565414429, 3.47815895081, -15.379658699, 2.50712800026, -9.97424316406, -4.06423568726, -1.45455157757, 2.36449050903, -2.94236159325, -5.1027803421, -2.27876067162],
        "cov": [[12009.7998047, -184.613433838, 1639.64941406, 898.667907715, 403.003509521, 1021.33404541, 588.117126465, 791.490783691, 222.758453369, 552.217163086, 455.913818359, 447.357971191, 114.234092712], [-184.613433838, 4155.0703125, -39.5567626953, 419.486724854, 637.588867188, 73.9791183472, 209.381607056, -34.499458313, 404.684082031, 368.582519531, 187.658721924, 20.7230167389, 38.9435997009], [1639.64941406, -39.5567626953, 2152.23828125, 772.91229248, 689.946533203, 772.918029785, 385.526428223, 591.73815918, 379.148040771, 483.916870117, 424.099243164, 367.589630127, 221.599731445], [898.667907715, 419.486724854, 772.91229248, 883.350463867, 494.033813477, 339.324005127, 320.933013916, 353.506988525, 236.310546875, 221.301742554, 232.57925415, 207.422317505, 68.3898239136], [403.003509521, 637.588867188, 689.946533203, 494.033813477, 699.047180176, 473.296936035, 283.082427979, 288.975524902, 270.927734375, 289.897369385, 191.901306152, 127.088768005, 111.952766418], [1021.33404541, 73.9791183472, 772.918029785, 339.324005127, 473.296936035, 713.075073242, 409.385742188, 294.890014648, 269.319641113, 311.534729004, 250.1769104, 206.244873047, 156.368026733], [588.117126465, 209.381607056, 385.526428223, 320.933013916, 283.082427979, 409.385742188, 496.47076416, 295.49822998, 213.443557739, 222.597991943, 203.170303345, 209.058166504, 144.354293823], [791.490783691, -34.499458313, 591.73815918, 353.506988525, 288.975524902, 294.890014648, 295.49822998, 408.415496826, 191.213378906, 191.951705933, 185.794952393, 180.293411255, 111.631401062], [222.758453369, 404.684082031, 379.148040771, 236.310546875, 270.927734375, 269.319641113, 213.443557739, 191.213378906, 265.893493652, 225.726882935, 164.334960938, 140.365997314, 96.9918136597], [552.217163086, 368.582519531, 483.916870117, 221.301742554, 289.897369385, 311.534729004, 222.597991943, 191.951705933, 225.726882935, 330.062164307, 213.386291504, 142.305435181, 134.30557251], [455.913818359, 187.658721924, 424.099243164, 232.57925415, 191.901306152, 250.1769104, 203.170303345, 185.794952393, 164.334960938, 213.386291504, 260.390563965, 200.603973389, 104.502876282], [447.357971191, 20.7230167389, 367.589630127, 207.422317505, 127.088768005, 206.244873047, 209.058166504, 180.293411255, 140.365997314, 142.305435181, 200.603973389, 270.699584961, 122.49382019], [114.234092712, 38.9435997009, 221.599731445, 68.3898239136, 111.952766418, 156.368026733, 144.354293823, 111.631401062, 96.9918136597, 134.30557251, 104.502876282, 122.49382019, 155.199630737]],
