{
"lowlevel": {
    "average_loudness": 0.919519841671,
    "barkbands_crest": {
        "dmean": 2.80066156387,
        "dmean2": 4.26057481766,
        "dvar": 11.8006849289,
        "dvar2": 26.0294342041,
        "max": 26.4179458618,
        "mean": 15.0695877075,
        "median": 16.368265152,
        "min": 1.82305824757,
        "var": 35.4896697998
    },
    "barkbands_flatness_db": {
        "dmean": 0.0324716083705,
        "dmean2": 0.0463583804667,
        "dvar": 0.00133548025042,
        "dvar2": 0.00275699677877,
        "max": 0.505508601665,
        "mean": 0.157235905528,
        "median": 0.144679948688,
        "min": 0.0149990236387,
        "var": 0.00583617156371
    },
    "barkbands_kurtosis": {
        "dmean": 7.99870729446,
        "dmean2": 12.2588729858,
        "dvar": 665.500854492,
        "dvar2": 1515.70861816,
        "max": 1010.32885742,
        "mean": 10.3767566681,
        "median": 3.42308616638,
        "min": -1.85890555382,
        "var": 915.748474121
    },
    "barkbands_skewness": {
        "dmean": 0.929090321064,
        "dmean2": 1.34955072403,
        "dvar": 1.67128992081,
        "dvar2": 3.54022336006,
        "max": 27.9407157898,
        "mean": 2.21828532219,
        "median": 2.05127096176,
        "min": -4.58628082275,
        "var": 5.44739341736
    },
    "barkbands_spread": {
        "dmean": 10.5612277985,
        "dmean2": 15.9557228088,
        "dvar": 173.018569946,
        "dvar2": 382.882904053,
        "max": 109.614601135,
        "mean": 32.2377510071,
        "median": 28.9968166351,
        "min": 0.268516689539,
        "var": 445.728973389
    },
    "dissonance": {
        "dmean": 0.0127013036981,
        "dmean2": 0.0212484467775,
        "dvar": 0.000319361191941,
        "dvar2": 0.000879675149918,
        "max": 0.499999970198,
        "mean": 0.477618783712,
        "median": 0.484391689301,
        "min": 0.172495141625,
        "var": 0.000735397159588
    },
    "dynamic_complexity": 3.27895998955,
    "erbbands_crest": {
        "dmean": 2.40881466866,
        "dmean2": 3.8546564579,
        "dvar": 6.81400918961,
        "dvar2": 15.6069793701,
        "max": 33.1213989258,
        "mean": 7.53994941711,
        "median": 5.98864650726,
        "min": 2.04948449135,
        "var": 22.2222633362
    },
    "erbbands_flatness_db": {
        "dmean": 0.0153921749443,
        "dmean2": 0.0233662929386,
        "dvar": 0.000279641826637,
        "dvar2": 0.000625316635706,
        "max": 0.494989782572,
        "mean": 0.130021229386,
        "median": 0.101506046951,
        "min": 0.03705028072,
        "var": 0.00624615512788
    },
    "erbbands_kurtosis": {
        "dmean": 0.978121936321,
        "dmean2": 1.49192416668,
        "dvar": 3.32098031044,
        "dvar2": 7.56735658646,
        "max": 79.8416366577,
        "mean": 0.524310171604,
        "median": -0.185990571976,
        "min": -1.8742865324,
        "var": 8.2095079422
    },
    "erbbands_skewness": {
        "dmean": 0.371803730726,
        "dmean2": 0.553512215614,
        "dvar": 0.174675911665,
        "dvar2": 0.372184455395,
        "max": 5.08891820908,
        "mean": -0.174446821213,
        "median": -0.211620777845,
        "min": -4.50720024109,
        "var": 0.568540513515
    },
    "erbbands_spread": {
        "dmean": 11.1756315231,
        "dmean2": 16.699590683,
        "dvar": 279.563049316,
        "dvar2": 535.780517578,
        "max": 199.97416687,
        "mean": 51.5933418274,
        "median": 47.1327972412,
        "min": 0.525427639484,
        "var": 999.057922363
    },
    "hfc": {
        "dmean": 20.5164871216,
        "dmean2": 30.8588542938,
        "dvar": 904.818054199,
        "dvar2": 2256.6628418,
        "max": 376.047851562,
        "mean": 58.2633361816,
        "median": 46.2281990051,
        "min": 1.07100314924e-16,
        "var": 2453.56030273
    },
    "melbands_crest": {
        "dmean": 3.70248317719,
        "dmean2": 5.86835193634,
        "dvar": 26.5790138245,
        "dvar2": 62.1779632568,
        "max": 38.4015960693,
        "mean": 25.7398948669,
        "median": 30.0657958984,
        "min": 1.77050793171,
        "var": 97.8468093872
    },
    "melbands_flatness_db": {
        "dmean": 0.0383585728705,
        "dmean2": 0.0554006248713,
        "dvar": 0.00219563557766,
        "dvar2": 0.00459703989327,
        "max": 0.64844250679,
        "mean": 0.219890147448,
        "median": 0.216298907995,
        "min": 0.00356449512765,
        "var": 0.00959395803511
    },
    "melbands_kurtosis": {
        "dmean": 37.2906494141,
        "dmean2": 57.0574493408,
        "dvar": 10761.6240234,
        "dvar2": 24303.0546875,
        "max": 1582.04064941,
        "mean": 57.0935745239,
        "median": 24.496421814,
        "min": -1.90968871117,
        "var": 17985.7636719
    },
    "melbands_skewness": {
        "dmean": 1.65656256676,
        "dmean2": 2.43711590767,
        "dvar": 6.93604183197,
        "dvar2": 14.6333532333,
        "max": 36.2030601501,
        "mean": 5.04789924622,
        "median": 4.70318508148,
        "min": -3.786901474,
        "var": 20.9408855438
    },
    "melbands_spread": {
        "dmean": 10.3605833054,
        "dmean2": 16.4227714539,
        "dvar": 250.57484436,
        "dvar2": 581.792602539,
        "max": 179.340103149,
        "mean": 25.3797836304,
        "median": 17.1118602753,
        "min": 0.206377625465,
        "var": 609.151184082
    },
    "pitch_salience": {
        "dmean": 0.092888019979,
        "dmean2": 0.142672657967,
        "dvar": 0.0118544325233,
        "dvar2": 0.0277778916061,
        "max": 0.889700889587,
        "mean": 0.377234995365,
        "median": 0.308884620667,
        "min": 0.0194921419024,
        "var": 0.0388163514435
    },
    "silence_rate_20dB": {
        "dmean": 0,
        "dmean2": 0,
        "dvar": 0,
        "dvar2": 0,
        "max": 1,
        "mean": 1,
        "median": 1,
        "min": 1,
        "var": 0
    },
    "silence_rate_30dB": {
        "dmean": 0.135927319527,
        "dmean2": 0.271877944469,
        "dvar": 0.117445670068,
        "dvar2": 0.245643779635,
        "max": 1,
        "mean": 0.664238572121,
        "median": 1,
        "min": 0,
        "var": 0.223033711314
    },
    "silence_rate_60dB": {
        "dmean": 0.0229688044637,
        "dmean2": 0.045941542834,
        "dvar": 0.0224453173578,
        "dvar2": 0.0496634282172,
        "max": 1,
        "mean": 0.0781558007002,
        "median": 0,
        "min": 0,
        "var": 0.0720428824425
    },
    "spectral_centroid": {
        "dmean": 347.718200684,
        "dmean2": 526.271240234,
        "dvar": 202891.03125,
        "dvar2": 400968.90625,
        "max": 11568.9082031,
        "mean": 2235.6953125,
        "median": 2375.92871094,
        "min": 128.042831421,
        "var": 801860.4375
    },
    "spectral_complexity": {
        "dmean": 6.18615007401,
        "dmean2": 9.36881828308,
        "dvar": 53.2694015503,
        "dvar2": 115.839439392,
        "max": 65,
        "mean": 24.0528755188,
        "median": 24,
        "min": 0,
        "var": 210.354721069
    },
    "spectral_decrease": {
        "dmean": 4.4282200129e-09,
        "dmean2": 6.54666854061e-09,
        "dvar": 4.59191019824e-17,
        "dvar2": 1.07837246823e-16,
        "max": 1.11385977778e-28,
        "mean": -1.80174062336e-08,
        "median": -2.15336122267e-08,
        "min": -7.34921670187e-08,
        "var": 1.64386833977e-16
    },
    "spectral_energy": {
        "dmean": 0.0164735224098,
        "dmean2": 0.0244013220072,
        "dvar": 0.000615759636275,
        "dvar2": 0.00146045652218,
        "max": 0.283808141947,
        "mean": 0.0732867196202,
        "median": 0.0882562845945,
        "min": 9.91334201217e-21,
        "var": 0.00250028748997
    },
    "spectral_energyband_high": {
        "dmean": 0.00202594464645,
        "dmean2": 0.00304548698477,
        "dvar": 9.64176433627e-06,
        "dvar2": 2.36417581618e-05,
        "max": 0.0408331900835,
        "mean": 0.00482983747497,
        "median": 0.00326517270878,
        "min": 7.39368524285e-21,
        "var": 2.52589561569e-05
    },
    "spectral_energyband_low": {
        "dmean": 0.0151688745245,
        "dmean2": 0.0226333551109,
        "dvar": 0.000592147116549,
        "dvar2": 0.0014830090804,
        "max": 0.213446289301,
        "mean": 0.0545486621559,
        "median": 0.065666243434,
        "min": 2.84573304296e-23,
        "var": 0.00196017418057
    },
    "spectral_energyband_middle_high": {
        "dmean": 0.00223856954835,
        "dmean2": 0.00352381146513,
        "dvar": 1.00508414107e-05,
        "dvar2": 2.49778731813e-05,
        "max": 0.0641148835421,
        "mean": 0.00617494015023,
        "median": 0.00542415259406,
        "min": 1.06535602141e-21,
        "var": 2.62026878772e-05
    },
    "spectral_energyband_middle_low": {
        "dmean": 0.00724438671023,
        "dmean2": 0.0112846875563,
        "dvar": 0.000499129935633,
        "dvar2": 0.00106680102181,
        "max": 0.271271407604,
        "mean": 0.00937914475799,
        "median": 0.00408721668646,
        "min": 1.51389299201e-22,
        "var": 0.000581476138905
    },
    "spectral_entropy": {
        "dmean": 0.163079246879,
        "dmean2": 0.236839383841,
        "dvar": 0.0414229817688,
        "dvar2": 0.0855137258768,
        "max": 9.81662368774,
        "mean": 8.02095508575,
        "median": 8.23801994324,
        "min": 4.55306434631,
        "var": 0.41368791461
    },
    "spectral_flux": {
        "dmean": 0.0373583547771,
        "dmean2": 0.0571946389973,
        "dvar": 0.0025822694879,
        "dvar2": 0.00536573166028,
        "max": 0.535945415497,
        "mean": 0.107267081738,
        "median": 0.0868240594864,
        "min": 6.47827624878e-11,
        "var": 0.00643721269444
    },
    "spectral_kurtosis": {
        "dmean": 1.61365056038,
        "dmean2": 2.75425124168,
        "dvar": 26.6402893066,
        "dvar2": 81.4385910034,
        "max": 124.779457092,
        "mean": 4.37604999542,
        "median": 1.82615184784,
        "min": -1.27697908878,
        "var": 115.828826904
    },
    "spectral_rms": {
        "dmean": 0.00097387318965,
        "dmean2": 0.00142689503264,
        "dvar": 1.66367078691e-06,
        "dvar2": 3.7645422708e-06,
        "max": 0.0166398920119,
        "mean": 0.00765855889767,
        "median": 0.00927920732647,
        "min": 3.10991206745e-12,
        "var": 1.28456513266e-05
    },
    "spectral_rolloff": {
        "dmean": 1157.31921387,
        "dmean2": 1911.2520752,
        "dvar": 4285406.5,
        "dvar2": 9608846,
        "max": 19078.4179688,
        "mean": 2055.41870117,
        "median": 818.26171875,
        "min": 43.06640625,
        "var": 7674091.5
    },
    "spectral_skewness": {
        "dmean": 0.181784063578,
        "dmean2": 0.294697016478,
        "dvar": 0.105922393501,
        "dvar2": 0.324491888285,
        "max": 8.51075553894,
        "mean": 1.34778511524,
        "median": 1.17490255833,
        "min": -0.0752791762352,
        "var": 0.746969997883
    },
    "spectral_spread": {
        "dmean": 693931.9375,
        "dmean2": 988528.875,
        "dvar": 688165486592,
        "dvar2": 1.23837585818e+12,
        "max": 42653660,
        "mean": 6596700.5,
        "median": 6798381,
        "min": 607871.25,
        "var": 7.63824963584e+12
    },
    "spectral_strongpeak": {
        "dmean": 0.400024324656,
        "dmean2": 0.649832427502,
        "dvar": 0.839907050133,
        "dvar2": 2.02454257011,
        "max": 17.9645824432,
        "mean": 0.87304186821,
        "median": 0.413532525301,
        "min": 0,
        "var": 1.74430084229
    },
    "zerocrossingrate": {
        "dmean": 0.0207305271178,
        "dmean2": 0.0249165724963,
        "dvar": 0.000643189181574,
        "dvar2": 0.000895787088666,
        "max": 0.52783203125,
        "mean": 0.081911996007,
        "median": 0.0673828125,
        "min": 0.001953125,
        "var": 0.00348191871308
    },
    "barkbands": {
        "dmean": [0.0025705427397, 0.0129984747618, 0.00193523115013, 0.00476114498451, 0.00194376509171, 0.000769724778365, 0.000613271840848, 0.000453395303339, 0.000560607004445, 0.000473722582683, 0.000388760177884, 0.000378909520805, 0.000372094946215, 0.000415832968429, 0.000358175602742, 0.000365422893083, 0.000351700553438, 0.000321551924571, 0.000312963995384, 0.000295894074952, 0.000304836576106, 0.000350109068677, 0.000333353091264, 0.000396995426854, 0.000420271389885, 0.000355685129762, 0.000123168356367],
        "dmean2": [0.00394299998879, 0.0188231952488, 0.00331187644042, 0.00766861019656, 0.00347137474455, 0.00117788126227, 0.00094169791555, 0.000704492966179, 0.000902218976989, 0.000748948950786, 0.000603291438892, 0.000605591398198, 0.00060021947138, 0.000661317317281, 0.00059128459543, 0.000580440857448, 0.000570437521674, 0.000547556963284, 0.000532804464456, 0.000503609131556, 0.000484512624098, 0.000557895400561, 0.000534577178769, 0.00062582269311, 0.000637110788375, 0.000525988754816, 0.000201090413611],
        "dvar": [2.17389097088e-05, 0.000486710923724, 6.3167011831e-05, 0.000431539374404, 5.21212641615e-05, 4.22269386036e-06, 1.80117513082e-06, 8.12008238427e-07, 1.41960310884e-06, 9.7476333849e-07, 8.27716291951e-07, 5.15278486546e-07, 7.19529850812e-07, 1.03710681287e-06, 4.81220808979e-07, 8.78476100752e-07, 3.62690826705e-07, 3.00585497826e-07, 2.91982786393e-07, 2.44014984219e-07, 1.83461992265e-07, 2.84811221718e-07, 2.34955990663e-07, 4.00644466936e-07, 4.54661176263e-07, 3.32889783294e-07, 4.9073761943e-08],
        "dvar2": [5.00400419696e-05, 0.00121743453201, 0.000169504273799, 0.000988477724604, 0.000145650541526, 1.06959969344e-05, 4.08463574786e-06, 1.87189493772e-06, 3.57735416401e-06, 2.3830777991e-06, 1.67423445419e-06, 1.20512254398e-06, 1.71528324699e-06, 2.55722420661e-06, 1.2261187976e-06, 1.78955610863e-06, 8.79216088379e-07, 8.32309126508e-07, 8.26960388167e-07, 6.6999206183e-07, 4.56664452031e-07, 7.05055867911e-07, 5.99410554969e-07, 1.00417241811e-06, 1.11755662147e-06, 7.73077147187e-07, 1.23548957731e-07],
        "max": [0.0700056552887, 0.208859220147, 0.0796327441931, 0.222272753716, 0.114124886692, 0.0557549633086, 0.0386155955493, 0.0224197823554, 0.022405276075, 0.0231445021927, 0.0317396037281, 0.0213662032038, 0.0270907729864, 0.0409402623773, 0.02086157538, 0.047015324235, 0.0148023115471, 0.0227036010474, 0.0102875633165, 0.00764291593805, 0.00764158600941, 0.00753488671035, 0.00743564078584, 0.0074805081822, 0.00977201573551, 0.00713039794937, 0.00204603350721],
        "mean": [0.00889486353844, 0.0425952486694, 0.00155706959777, 0.00410020211712, 0.00158350390848, 0.001147815492, 0.000893401913345, 0.000632522394881, 0.000777811685111, 0.000674192444421, 0.00059418019373, 0.000582839304116, 0.000581433530897, 0.000658880511764, 0.000586241541896, 0.000631283968687, 0.000592758995481, 0.000570613949094, 0.000545537041035, 0.000567126960959, 0.000611444411334, 0.000695148832165, 0.000726938364096, 0.000838611507788, 0.00081903435057, 0.000679785676766, 0.000148057719343],
        "median": [0.00597317749634, 0.0446654781699, 0.000125567617943, 7.72090425016e-05, 0.000206446115044, 0.000350759772118, 0.000271520984825, 0.000205856835237, 0.000252462865319, 0.000223926239414, 0.00019156691269, 0.000254077254795, 0.000265110051259, 0.000276882463368, 0.000243863396463, 0.000264250440523, 0.000311234180117, 0.00042100661085, 0.000377791293431, 0.000386580271879, 0.000400778488256, 0.000422998971771, 0.00044889174751, 0.000479264068417, 0.000414663314587, 0.000331037968863, 2.3415821488e-05],
        "min": [2.94384824914e-24, 3.22929204567e-24, 3.04458440623e-24, 2.26826086737e-24, 1.0618398317e-23, 8.28818208906e-24, 2.20096547069e-23, 1.93065786389e-23, 2.16402232564e-23, 3.54870245728e-23, 1.61571272055e-23, 3.37776134783e-23, 4.11921360591e-23, 5.3291006203e-23, 6.34999833436e-23, 4.99809710882e-23, 8.22330506381e-23, 1.11470236337e-22, 1.27285332387e-22, 2.04793263975e-22, 2.68515958529e-22, 3.90091692388e-22, 3.69927019256e-22, 7.59796846092e-22, 7.86921190918e-22, 1.33744846072e-21, 2.18306110493e-21],
        "var": [9.33368792175e-05, 0.00147258630022, 4.40959120169e-05, 0.000429359148256, 3.39002363035e-05, 5.76312140765e-06, 3.08293010676e-06, 1.35307163873e-06, 2.1839978217e-06, 1.67779933236e-06, 1.76766400273e-06, 9.849561593e-07, 1.34134950258e-06, 1.78374409643e-06, 1.32386367113e-06, 2.26949737225e-06, 7.69523239796e-07, 4.34984343656e-07, 4.14743027477e-07, 4.0115679667e-07, 4.43162065267e-07, 6.36918173313e-07, 6.30391184586e-07, 9.42992585351e-07, 1.08599829218e-06, 7.88182774158e-07, 6.63284609459e-08]
    },
    "erbbands": {
        "dmean": [0.685392558575, 1.77333450317, 2.0995900631, 9.76070308685, 11.3346681595, 4.86954307556, 4.80407571793, 6.63757371902, 8.67009830475, 8.939868927, 9.71928310394, 13.1910476685, 14.9468660355, 12.5311880112, 15.3286142349, 14.9372444153, 16.5765552521, 20.0680274963, 18.0877895355, 19.1987056732, 16.1390151978, 19.2279510498, 17.6661720276, 17.2828330994, 14.9222669601, 13.3405895233, 12.5786352158, 12.8760194778, 12.370141983, 11.7249069214, 9.37385463715, 7.70258998871, 7.16705751419, 4.88502597809, 3.09408354759, 1.49995458126, 0.6952881217, 0.222396880388, 0.0159026458859, 0.000239318193053],
        "dmean2": [0.965379714966, 2.69327306747, 3.46837067604, 15.5980129242, 18.7371902466, 8.57101154327, 7.83159160614, 10.2049131393, 13.5277576447, 13.5012102127, 15.0391836166, 21.3435974121, 23.3081760406, 19.5066833496, 24.2671127319, 23.7488288879, 26.4554672241, 31.8626384735, 29.9842205048, 30.6467571259, 25.8753967285, 31.1639499664, 30.105802536, 29.2202758789, 25.6241035461, 22.5083389282, 20.5485496521, 20.4558544159, 19.8493385315, 19.0906677246, 15.0018177032, 12.0672235489, 11.4520311356, 7.64990282059, 4.69758796692, 2.22363734245, 1.04945921898, 0.345563799143, 0.0259623397142, 0.000382367521524],
        "dvar": [1.29126727581, 13.0699720383, 61.6430206299, 1562.82775879, 2119.29711914, 263.067199707, 174.222763062, 359.140380859, 351.226989746, 380.328674316, 350.295288086, 821.874267578, 866.798828125, 698.755554199, 1472.97192383, 712.828063965, 1334.4765625, 2275.08349609, 1564.62268066, 1258.453125, 978.796630859, 1241.47973633, 1038.45129395, 801.915344238, 734.524414062, 479.005371094, 326.356781006, 350.712341309, 357.606719971, 292.920837402, 190.165008545, 128.460708618, 148.85295105, 60.8647155762, 26.4426231384, 5.7323346138, 1.35096728802, 0.140725180507, 0.000842119683512, 1.68173343695e-07],
        "dvar2": [2.89198946953, 33.709777832, 158.749008179, 3517.84008789, 5203.44189453, 733.240661621, 433.276123047, 927.475585938, 810.004699707, 840.303222656, 812.71295166, 2109.62402344, 2107.41235352, 1529.00646973, 3111.65063477, 1575.73913574, 3200.59790039, 5661.42675781, 4068.91894531, 2729.06396484, 2111.31713867, 2963.78466797, 2921.01928711, 2172.60986328, 2080.75683594, 1298.21252441, 849.362304688, 865.301635742, 902.858459473, 746.576416016, 481.74609375, 317.135375977, 381.694610596, 152.28062439, 65.5445175171, 13.2362728119, 3.20945429802, 0.336922764778, 0.00213850918226, 4.22204635697e-07],
        "max": [9.85858154297, 44.6703796387, 81.1084136963, 449.432983398, 705.000305176, 186.041885376, 297.385925293, 531.991577148, 580.411132812, 645.653137207, 356.808990479, 591.51550293, 751.48236084, 766.275085449, 1616.23486328, 750.737426758, 1103.2989502, 2113.74707031, 1318.37536621, 1328.32580566, 1403.08190918, 1037.85791016, 1604.19506836, 990.601806641, 512.948852539, 381.229797363, 327.806030273, 423.994598389, 354.407104492, 188.615447998, 222.86869812, 163.92791748, 167.66317749, 125.33341217, 72.3653564453, 34.5428390503, 13.8660478592, 3.79837942123, 0.258567035198, 0.00410775188357],
        "mean": [2.40733027458, 4.81485271454, 2.38049411774, 8.4219455719, 9.82606983185, 4.28812551498, 5.72290897369, 10.0399837494, 13.0656909943, 13.1640930176, 14.3913202286, 18.1066741943, 22.3352031708, 19.0320453644, 23.5920314789, 24.3892784119, 27.7616252899, 33.986541748, 30.2964763641, 35.2796020508, 30.5348892212, 33.5556488037, 32.6879997253, 30.3518314362, 26.7743301392, 25.6642875671, 24.681678772, 25.1550045013, 24.1595363617, 23.205116272, 20.5392398834, 17.056055069, 14.1930007935, 9.41175842285, 5.6864027977, 2.87818574905, 1.24842977524, 0.342307507992, 0.019827388227, 0.000426519662142],
        "median": [2.39720869064, 3.57321572304, 0.578747093678, 0.314252048731, 0.409941524267, 0.635253369808, 1.39285838604, 3.20636129379, 4.12808609009, 4.66019535065, 5.43618011475, 6.85505199432, 8.83477687836, 8.07587146759, 9.7760887146, 11.0767564774, 13.9404306412, 16.4744091034, 16.0289726257, 18.0628376007, 16.9396953583, 19.3372802734, 24.8552188873, 20.4937572479, 19.1136302948, 17.5213012695, 16.4242248535, 15.4676542282, 15.1253118515, 13.9553928375, 12.7510223389, 10.2057523727, 7.99260568619, 4.94511270523, 2.6544034481, 1.3857152462, 0.58450293541, 0.126112222672, 0.00436734501272, 0.000230217978242],
        "min": [3.31662090425e-22, 4.3475207435e-22, 3.74423425441e-21, 8.66003413719e-21, 1.39525126031e-20, 3.49127054853e-20, 5.72174012894e-20, 6.62879084575e-20, 1.47929361834e-19, 2.5484315394e-19, 5.98700402669e-19, 6.32004865479e-19, 8.41264344759e-19, 8.59683433952e-19, 1.21369760757e-18, 1.87849387709e-18, 1.81320678609e-18, 2.07078131626e-18, 2.86060686594e-18, 3.68522115064e-18, 3.96401327712e-18, 4.66920046575e-18, 4.83241023164e-18, 6.09992555404e-18, 8.83284716626e-18, 9.99541063971e-18, 1.13861990344e-17, 1.08874405579e-17, 1.35993315167e-17, 1.32298406904e-17, 1.06595216935e-17, 1.16708881315e-17, 1.26455434667e-17, 6.9786374508e-18, 7.35660439681e-18, 4.32614012799e-18, 2.6716544122e-18, 1.02993726315e-18, 2.85352676858e-19, 2.80298939358e-20],
        "var": [4.78129005432, 31.2100791931, 52.8608932495, 1575.90124512, 1961.29626465, 177.580841064, 180.570159912, 535.141418457, 639.317871094, 642.415466309, 589.032470703, 1178.94030762, 1506.43347168, 1356.83520508, 2869.17504883, 1684.00354004, 2541.12280273, 3931.6965332, 3749.22241211, 3741.51586914, 2682.87109375, 2387.67382812, 1494.61755371, 1434.02807617, 982.073242188, 801.913635254, 710.444641113, 820.473632812, 758.391662598, 670.198608398, 513.891601562, 372.257995605, 287.9034729, 138.089599609, 58.1881217957, 14.4006595612, 2.83859276772, 0.256971240044, 0.00110498431604, 2.71197990287e-07]
    },
    "gfcc": {
        "mean": [23.9073963165, 28.6887588501, -104.053688049, 33.3773841858, -46.4634666443, 26.3168945312, -25.1566257477, 22.059720993, -11.075094223, 16.3457012177, -7.20761346817, 11.3726844788, -8.05855464935],
        "cov": [[19991.875, -4563.50683594, 1868.67907715, 1494.01599121, -150.102539062, 1302.98913574, -435.674591064, 939.697875977, -433.146759033, 741.160705566, -329.780761719, 692.106750488, -250.572952271], [-4563.50683594, 3275.33227539, -607.085632324, -200.034332275, 247.550643921, -341.912658691, 449.329803467, -305.838989258, 358.732635498, -260.300628662, 276.361480713, -268.237365723, 222.650039673], [1868.67907715, -607.085632324, 2208.6953125, 665.056152344, 382.436889648, 496.75869751, 178.725891113, 385.633239746, -120.667930603, 159.331558228, -111.466468811, 144.520797729, -159.559280396], [1494.01599121, -200.034332275, 665.056152344, 942.461547852, 233.936965942, 414.944458008, 85.1888809204, 202.340820312, 3.11273050308, 65.9953308105, -30.8571243286, -8.34898090363, -58.2220535278], [-150.102539062, 247.550643921, 382.436889648, 233.936965942, 429.371429443, 217.827438354, 222.848403931, 122.026924133, 112.255355835, 52.3490905762, 66.126663208, 34.0388717651, 7.0485868454], [1302.98913574, -341.912658691, 496.75869751, 414.944458008, 217.827438354, 491.608276367, 166.150039673, 238.375701904, 14.0430145264, 113.010437012, 5.19062042236, 63.6909217834, -39.45545578], [-435.674591064, 449.329803467, 178.725891113, 85.1888809204, 222.848403931, 166.150039673, 380.43637085, 147.444000244, 173.827545166, 33.7595214844, 106.294075012, 8.96706867218, 42.5124359131], [939.697875977, -305.838989258, 385.633239746, 202.340820312, 122.026924133, 238.375701904, 147.444000244, 333.713867188, 121.900184631, 158.772750854, 45.8961486816, 96.8443069458, -15.9949502945], [-433.146759033, 358.732635498, -120.667930603, 3.11273050308, 112.255355835, 14.0430145264, 173.827545166, 121.900184631, 278.902587891, 102.79901123, 138.004592896, 15.3810663223, 56.606502533], [741.160705566, -260.300628662, 159.331558228, 65.9953308105, 52.3490905762, 113.010437012, 33.7595214844, 158.772750854, 102.79901123, 213.504348755, 94.2420272827, 103.377593994, 2.86341238022], [-329.780761719, 276.361480713, -111.466468811, -30.8571243286, 66.126663208, 5.19062042236, 106.294075012, 45.8961486816, 138.004592896, 94.2420272827, 181.713851929, 68.8151168823, 69.4273529053], [692.106750488, -268.237365723, 144.520797729, -8.34898090363, 34.0388717651, 63.6909217834, 8.96706867218, 96.8443069458, 15.3810663223, 103.377593994, 68.8151168823, 161.632675171, 45.8931427002], [-250.572952271, 222.650039673, -159.559280396, -58.2220535278, 7.0485868454, -39.45545578, 42.5124359131, -15.9949502945, 56.606502533, 2.86341238022, 69.4273529053, 45.8931427002, 105.538482666]],
        "icov": [[0.000101756995718, 3.65832602256e-05, 3.14033677569e-05, -0.000129934633151, 0.000125074089738, -0.000117204908747, -1.28955316541e-05, 7.05262664269e-06, 1.8387550881e-05, -0.000217236331082, 0.000321957311826, -0.000409410655266, 5.65733134863e-05], [3.65832602256e-05, 0.00101679714862, -0.00024443079019, -1.68007609318e-05, -0.000273416866548, 0.000360189034836, -0.000516561733093, 0.000521044130437, -0.000481416675029, 0.000864623405505, -0.00161520927213, 0.00200763950124, -0.00157280243002], [3.14033677569e-05, -0.00024443079019, 0.00112207070924, -0.000527969561517, -0.000493737810757, 0.000323643733282, -0.000645882450044, -0.00066514959326, 0.00114241370466, -0.000876477744896, 0.00139508838765, -0.00174512481317, 0.00156086182687], [-0.000129934633151, -1.68007609318e-05, -0.000527969561517, 0.00234397663735, -0.00055686745327, -0.00160928128753, 0.00131391338073, -0.000557232648134, -0.000312866875902, 0.000793162500486, -0.0012118575396, 0.00248262588866, -0.00109239190351], [0.000125074089738, -0.000273416866548, -0.000493737810757, -0.00055686745327, 0.00490123592317, -0.00160013802815, -0.0013302823063, 0.00148938433267, -0.00197750399821, 0.000400806398829, 0.000629219401162, -0.00252791633829, 0.00139124738052], [-0.000117204908747, 0.000360189034836, 0.000323643733282, -0.00160928128753, -0.00160013802815, 0.00646633142605, -0.00267731980421, -0.00207226420753, 0.00304328184575, -0.00182413542643, 1.78820046131e-05, 0.000801530841272, -9.10373782972e-05], [-1.28955316541e-05, -0.000516561733093, -0.000645882450044, 0.00131391338073, -0.0013302823063, -0.00267731980421, 0.00792191550136, -0.00258094561286, -0.00238898512907, 0.00344695476815, -0.00303703872487, 0.00198897044174, -0.00136596010998], [7.05262664269e-06, 0.000521044130437, -0.00066514959326, -0.000557232648134, 0.00148938433267, -0.00207226420753, -0.00258094561286, 0.0105518121272, -0.00537965539843, -0.00213100225665, 0.00308132707141, -0.00432810792699, 0.00216743699275], [1.8387550881e-05, -0.000481416675029, 0.00114241370466, -0.000312866875902, -0.00197750399821, 0.00304328184575, -0.00238898512907, -0.00537965539843, 0.0131168728694, -0.00558592705056, -0.00302903889678, 0.00515233585611, -0.00310100568458], [-0.000217236331082, 0.000864623405505, -0.000876477744896, 0.000793162500486, 0.000400806398829, -0.00182413542643, 0.00344695476815, -0.00213100225665, -0.00558592705056, 0.0162616074085, -0.00825833715498, -0.00240469514392, 0.00338564720005], [0.000321957311826, -0.00161520927213, 0.00139508838765, -0.0012118575396, 0.000629219401162, 1.78820046131e-05, -0.00303703872487, 0.00308132707141, -0.00302903889678, -0.00825833715498, 0.020388789475, -0.0103555181995, 0.000206830882234], [-0.000409410655266, 0.00200763950124, -0.00174512481317, 0.00248262588866, -0.00252791633829, 0.000801530841272, 0.00198897044174, -0.00432810792699, 0.00515233585611, -0.00240469514392, -0.0103555181995, 0.0251762326807, -0.0142987342551], [5.65733134863e-05, -0.00157280243002, 0.00156086182687, -0.00109239190351, 0.00139124738052, -9.10373782972e-05, -0.00136596010998, 0.00216743699275, -0.00310100568458, 0.00338564720005, 0.000206830882234, -0.0142987342551, 0.0230896417052]]
    },
    "melbands": {
        "dmean": [0.00464038504288, 0.00125834310893, 0.00176118314266, 0.000542313617188, 0.000165969293448, 0.000152482651174, 0.000129086212837, 9.98195100692e-05, 7.94032457634e-05, 8.56187034515e-05, 7.71261911723e-05, 5.30353572685e-05, 4.97368164361e-05, 4.0743721911e-05, 4.15967260778e-05, 4.00757999159e-05, 4.08631203754e-05, 3.09729075525e-05, 2.74708636425e-05, 3.28171736328e-05, 1.72965264937e-05, 2.23461865971e-05, 1.84852578968e-05, 1.38573732329e-05, 1.52757547767e-05, 1.20135746329e-05, 1.06857114588e-05, 9.77949457592e-06, 8.5677665993e-06, 8.36247545521e-06, 8.03246530268e-06, 7.69618964114e-06, 6.90066917741e-06, 6.90703427608e-06, 5.9756630435e-06, 5.07112599735e-06, 5.28967711944e-06, 5.50563163415e-06, 4.67201061838e-06, 4.19104298999e-06],
        "dmean2": [0.00663411151618, 0.0019829578232, 0.0028008047957, 0.000914555857889, 0.000278577557765, 0.000233042272157, 0.000199423564482, 0.00015169546532, 0.000123200501548, 0.000138964212965, 0.00012067505304, 8.31931756693e-05, 7.86762684584e-05, 6.57443306409e-05, 6.59534634906e-05, 6.38792043901e-05, 6.50422298349e-05, 5.13968079758e-05, 4.53464963357e-05, 5.18477136211e-05, 2.82277196675e-05, 3.64337902283e-05, 3.08762973873e-05, 2.37288677454e-05, 2.5896317311e-05, 2.0626519472e-05, 1.82442545338e-05, 1.66868449014e-05, 1.42284252433e-05, 1.38042441904e-05, 1.27589264594e-05, 1.26067707242e-05, 1.11335093607e-05, 1.14454751383e-05, 9.63398542808e-06, 8.30496810522e-06, 8.36637173052e-06, 8.93270680535e-06, 7.43010423321e-06, 6.64608842271e-06],
        "dvar": [5.85904963373e-05, 1.13644173325e-05, 5.03902265336e-05, 4.06897834182e-06, 1.95563771399e-07, 1.69011926232e-07, 7.43349275467e-08, 4.26752144733e-08, 2.49694078747e-08, 3.5429124523e-08, 2.38675372799e-08, 1.21326282354e-08, 1.31759874122e-08, 6.5259135873e-09, 8.83202577739e-09, 1.03700283915e-08, 1.15196430173e-08, 5.18638865188e-09, 2.59724597385e-09, 8.05389177572e-09, 9.452146843e-10, 1.80904136116e-09, 9.432000736e-10, 5.51571066598e-10, 6.32153551727e-10, 5.5668042398e-10, 3.01444008644e-10, 2.72224409681e-10, 1.60154833839e-10, 1.46533077339e-10, 1.47561365904e-10, 1.3848891478e-10, 1.05379961701e-10, 1.07288913864e-10, 7.87664308777e-11, 5.97077318143e-11, 5.85537798803e-11, 8.61077112391e-11, 5.89040413668e-11, 4.43067110778e-11],
        "dvar2": [0.000139366398798, 2.77540511888e-05, 0.000113704809337, 1.04905311673e-05, 5.12696601618e-07, 4.3344198275e-07, 1.70924579379e-07, 9.47619653857e-08, 5.75189815777e-08, 9.18897242741e-08, 5.82731871646e-08, 2.71687241593e-08, 2.82592189649e-08, 1.63396798314e-08, 1.84796995484e-08, 2.33392221105e-08, 2.84898131753e-08, 1.32326984925e-08, 6.4208069972e-09, 1.62817279659e-08, 2.25418661515e-09, 4.32614166712e-09, 2.47634823758e-09, 1.53932766533e-09, 1.70694325341e-09, 1.57693225145e-09, 8.34081248513e-10, 7.45664030521e-10, 4.25063539922e-10, 3.80623643714e-10, 3.67070707163e-10, 3.58772928033e-10, 2.61181382077e-10, 2.82245032901e-10, 1.99055924521e-10, 1.57587276561e-10, 1.47656151195e-10, 2.23544863176e-10, 1.46400627732e-10, 1.13690376558e-10],
        "max": [0.0687624141574, 0.0398721843958, 0.0741249546409, 0.0335143581033, 0.00921186059713, 0.0112862344831, 0.00753136863932, 0.00565684726462, 0.00342872762121, 0.00371783110313, 0.00390640646219, 0.00281372806057, 0.00425915978849, 0.00295115821064, 0.00387167441659, 0.00370244379155, 0.00485788937658, 0.0028851442039, 0.000904664804693, 0.00449407938868, 0.000801481481176, 0.001274705166, 0.00110647419933, 0.00092311645858, 0.000908956222702, 0.000552623008844, 0.000345599080902, 0.000296596670523, 0.000244681781624, 0.000227799479035, 0.000318832462654, 0.000184220698429, 0.000150217689225, 0.000114506314276, 0.000143421581015, 0.000161872478202, 0.000104685343103, 0.000105066974356, 0.000102955658804, 0.000114527261758],
        "mean": [0.0159891620278, 0.00268731242977, 0.00156369549222, 0.000472846819321, 0.000187847748748, 0.000233661441598, 0.000195638785954, 0.000145529440488, 0.000116089700896, 0.000115051530884, 0.000112150482892, 7.67778619775e-05, 7.52133346396e-05, 6.2356935814e-05, 6.55736948829e-05, 6.1726437707e-05, 6.50336951367e-05, 4.81052193209e-05, 4.34850480815e-05, 5.62000495847e-05, 2.96627604257e-05, 3.58366887667e-05, 3.20928011206e-05, 2.43784816121e-05, 2.48789783655e-05, 1.92675688595e-05, 1.84836517292e-05, 1.69318554981e-05, 1.5540917957e-05, 1.5148244529e-05, 1.42973276525e-05, 1.37820734381e-05, 1.30633179651e-05, 1.28047649923e-05, 1.21115426737e-05, 1.0582170944e-05, 1.04791452031e-05, 1.01484183688e-05, 9.01214116311e-06, 7.57356337999e-06],
        "median": [0.0176227241755, 0.00172243406996, 5.0667229516e-05, 4.15310132666e-05, 4.55894769402e-05, 7.57633388275e-05, 6.13024967606e-05, 4.52323729405e-05, 4.0114417061e-05, 4.05277969548e-05, 4.10994216509e-05, 2.94066321658e-05, 2.78187635558e-05, 2.92714375973e-05, 2.52494519373e-05, 2.50139000855e-05, 2.63662877842e-05, 2.24719806283e-05, 1.88389822142e-05, 2.08575293072e-05, 1.66118461493e-05, 1.8215381715e-05, 2.19034573092e-05, 1.81179493666e-05, 1.55455309141e-05, 1.2636514839e-05, 1.27803650685e-05, 1.06413217509e-05, 9.84390771919e-06, 9.80494678515e-06, 8.15680596133e-06, 8.14148825157e-06, 7.9750061559e-06, 7.38751941753e-06, 7.41369149182e-06, 6.43816474621e-06, 5.97006237513e-06, 5.65025584365e-06, 4.71793691759e-06, 3.83636870538e-06],
        "min": [4.17735178688e-24, 1.38474296441e-24, 2.11054311773e-24, 2.40415024412e-24, 2.01736385368e-24, 1.43431429344e-24, 2.74242661927e-24, 2.5367488876e-24, 4.86824405628e-24, 3.85370897874e-24, 3.68113618939e-24, 2.94473768981e-24, 3.12381779276e-24, 3.82347509568e-24, 2.95284086903e-24, 4.5757742701e-24, 2.85356173803e-24, 3.04694467806e-24, 4.75636740827e-24, 4.04401299465e-24, 4.81207913198e-24, 5.01415453032e-24, 4.29704486317e-24, 4.44586189521e-24, 4.67435348426e-24, 4.42369884808e-24, 7.21989797374e-24, 6.1229955625e-24, 6.36768680467e-24, 5.03094977342e-24, 6.67289156687e-24, 7.14166269347e-24, 6.26162840026e-24, 6.91334347053e-24, 4.79892448195e-24, 6.50210830849e-24, 6.8006752006e-24, 8.74282471685e-24, 6.41480704426e-24, 5.78751786863e-24],
        "var": [0.000198468056624, 1.78087248059e-05, 5.2149174735e-05, 3.36567518389e-06, 1.77877637952e-07, 2.4856433356e-07, 1.33724455509e-07, 7.45653281342e-08, 4.38767528976e-08, 5.10026865186e-08, 4.09598790441e-08, 2.28932393043e-08, 2.6112051188e-08, 1.13089839715e-08, 1.98931981998e-08, 2.05761061522e-08, 1.91882918443e-08, 1.14096803117e-08, 5.81001691202e-09, 2.03215968497e-08, 2.28510410594e-09, 3.37665451156e-09, 1.64014168913e-09, 8.01679334028e-10, 1.12582421163e-09, 6.91481150117e-10, 4.64264321431e-10, 4.21158385944e-10, 3.09013675759e-10, 2.91527080254e-10, 3.07917580322e-10, 2.65969274382e-10, 2.24045476616e-10, 2.17963050386e-10, 1.92144966604e-10, 1.45563436305e-10, 1.51929552272e-10, 1.50156859169e-10, 1.26168575587e-10, 9.33905106026e-11]
    },
    "mfcc": {
        "mean": [-619.76739502, 64.591003418, 5.76043987274, 17.210308075, 9.55347156525, 10.5623502731, 6.9215965271, 10.8412542343, 7.51314115524, 9.82945346832, 8.85764122009, 9.58911132812, 6.46037864685],
        "cov": [[11936.1855469, -1343.1965332, 957.846069336, 489.937164307, 455.030426025, 470.102416992, 384.301208496, 287.960449219, 195.07244873, 169.622924805, 206.245193481, 133.01574707, 119.614509583], [-1343.1965332, 1736.55187988, -278.960845947, -67.5673599243, -123.637756348, -85.1460723877, -27.5918006897, -19.4517154694, 13.0799741745, 0.96491754055, 1.17394661903, 8.12798595428, 24.257806778], [957.846069336, -278.960845947, 1354.77026367, 453.957305908, 397.339080811, 281.691375732, 344.063201904, 242.905487061, 173.008453369, 111.836547852, 150.695098877, 59.9454650879, -2.68372941017], [489.937164307, -67.5673599243, 453.957305908, 509.882202148, 267.208740234, 199.977676392, 148.084030151, 128.146697998, 92.4218826294, 74.085144043, 77.5170211792, 49.9477615356, 14.7591667175], [455.030426025, -123.637756348, 397.339080811, 267.208740234, 369.260284424, 216.30078125, 174.325927734, 140.508682251, 99.3149719238, 79.691078186, 92.1131057739, 63.0713005066, 29.3339252472], [470.102416992, -85.1460723877, 281.691375732, 199.977676392, 216.30078125, 300.951141357, 208.255096436, 136.019332886, 87.3486480713, 66.8768463135, 66.0449295044, 39.4787101746, 21.6457691193], [384.301208496, -27.5918006897, 344.063201904, 148.084030151, 174.325927734, 208.255096436, 291.960235596, 194.297027588, 118.388519287, 80.7406387329, 92.7391052246, 58.7755737305, 29.0586910248], [287.960449219, -19.4517154694, 242.905487061, 128.146697998, 140.508682251, 136.019332886, 194.297027588, 229.911209106, 145.888046265, 96.557472229, 99.157913208, 68.9171524048, 37.7805709839], [195.07244873, 13.0799741745, 173.008453369, 92.4218826294, 99.3149719238, 87.3486480713, 118.388519287, 145.888046265, 169.845092773, 115.155181885, 94.3912811279, 69.4179763794, 44.7679481506], [169.622924805, 0.96491754055, 111.836547852, 74.085144043, 79.691078186, 66.8768463135, 80.7406387329, 96.557472229, 115.155181885, 161.183105469, 126.253868103, 83.4346237183, 53.563533783], [206.245193481, 1.17394661903, 150.695098877, 77.5170211792, 92.1131057739, 66.0449295044, 92.7391052246, 99.157913208, 94.3912811279, 126.253868103, 173.292831421, 114.034477234, 59.2278022766], [133.01574707, 8.12798595428, 59.9454650879, 49.9477615356, 63.0713005066, 39.4787101746, 58.7755737305, 68.9171524048, 69.4179763794, 83.4346237183, 114.034477234, 142.761322021, 89.1242752075], [119.614509583, 24.257806778, -2.68372941017, 14.7591667175, 29.3339252472, 21.6457691193, 29.0586910248, 37.7805709839, 44.7679481506, 53.563533783, 59.2278022766, 89.1242752075, 120.889053345]],
