{
"lowlevel": {
    "average_loudness": 0.726127266884,
    "barkbands_crest": {
        "dmean": 3.356112957,
        "dmean2": 5.26610183716,
        "dvar": 11.0493364334,
        "dvar2": 25.1371421814,
        "max": 26.7816238403,
        "mean": 12.485162735,
        "median": 11.6720714569,
        "min": 2.06479692459,
        "var": 36.7626533508
    },
    "barkbands_flatness_db": {
        "dmean": 0.0410448275506,
        "dmean2": 0.0552679151297,
        "dvar": 0.00242400937714,
        "dvar2": 0.00457621924579,
        "max": 0.535484552383,
        "mean": 0.146443232894,
        "median": 0.132396966219,
        "min": 0.0111218681559,
        "var": 0.00652509275824
    },
    "barkbands_kurtosis": {
        "dmean": 28.4731845856,
        "dmean2": 45.8323783875,
        "dvar": 21037.53125,
        "dvar2": 56041.265625,
        "max": 2795.63720703,
        "mean": 23.5289916992,
        "median": 2.24035263062,
        "min": -1.82170045376,
        "var": 15551.5
    },
    "barkbands_skewness": {
        "dmean": 1.49200296402,
        "dmean2": 2.08201622963,
        "dvar": 9.99097919464,
        "dvar2": 21.9237995148,
        "max": 47.9442977905,
        "mean": 2.57047843933,
        "median": 1.71337532997,
        "min": -2.06373238564,
        "var": 15.0463066101
    },
    "barkbands_spread": {
        "dmean": 11.5121221542,
        "dmean2": 17.7098255157,
        "dvar": 175.273773193,
        "dvar2": 418.074615479,
        "max": 102.870780945,
        "mean": 29.8183708191,
        "median": 26.6107139587,
        "min": 0.0928072631359,
        "var": 386.188903809
    },
    "dissonance": {
        "dmean": 0.0154431685805,
        "dmean2": 0.0263298731297,
        "dvar": 0.000301943189697,
        "dvar2": 0.00085371255409,
        "max": 0.500000059605,
        "mean": 0.471351891756,
        "median": 0.48052790761,
        "min": 0.276258438826,
        "var": 0.000754044158384
    },
    "dynamic_complexity": 4.21468925476,
    "erbbands_crest": {
        "dmean": 2.86897373199,
        "dmean2": 4.5910654068,
        "dvar": 9.92647266388,
        "dvar2": 22.5633621216,
        "max": 29.6361885071,
        "mean": 8.17423820496,
        "median": 6.79116249084,
        "min": 2.19982242584,
        "var": 21.2827148438
    },
    "erbbands_flatness_db": {
        "dmean": 0.0186015889049,
        "dmean2": 0.0275521688163,
        "dvar": 0.000402884208597,
        "dvar2": 0.000759513641242,
        "max": 0.336093127728,
        "mean": 0.138179674745,
        "median": 0.127834290266,
        "min": 0.0394457727671,
        "var": 0.00291848601773
    },
    "erbbands_kurtosis": {
        "dmean": 0.881939768791,
        "dmean2": 1.42104160786,
        "dvar": 1.70301067829,
        "dvar2": 4.50992679596,
        "max": 25.3795413971,
        "mean": 0.234964236617,
        "median": -0.31992816925,
        "min": -1.90059375763,
        "var": 3.88475561142
    },
    "erbbands_skewness": {
        "dmean": 0.406419873238,
        "dmean2": 0.632046639919,
        "dvar": 0.198339685798,
        "dvar2": 0.44077372551,
        "max": 4.2997045517,
        "mean": 0.20674264431,
        "median": 0.090433254838,
        "min": -3.40829467773,
        "var": 0.6901435256
    },
    "erbbands_spread": {
        "dmean": 12.4327726364,
        "dmean2": 18.9672908783,
        "dvar": 238.891906738,
        "dvar2": 525.009155273,
        "max": 183.876052856,
        "mean": 51.5970993042,
        "median": 47.0433959961,
        "min": 5.35293388367,
        "var": 660.483581543
    },
    "hfc": {
        "dmean": 15.3102617264,
        "dmean2": 24.5800266266,
        "dvar": 1019.20947266,
        "dvar2": 2711.67431641,
        "max": 288.42590332,
        "mean": 32.0538902283,
        "median": 21.8942623138,
        "min": 1.1423590576e-16,
        "var": 1277.34484863
    },
    "melbands_crest": {
        "dmean": 4.4267578125,
        "dmean2": 7.14721488953,
        "dvar": 20.0731964111,
        "dvar2": 46.4449806213,
        "max": 38.9640769958,
        "mean": 20.1651954651,
        "median": 19.3888950348,
        "min": 1.46664452553,
        "var": 82.718208313
    },
    "melbands_flatness_db": {
        "dmean": 0.0491457022727,
        "dmean2": 0.0672652497888,
        "dvar": 0.00342217553407,
        "dvar2": 0.00660150218755,
        "max": 0.657627344131,
        "mean": 0.204342857003,
        "median": 0.193194612861,
        "min": 0.00090207636822,
        "var": 0.0102089848369
    },
    "melbands_kurtosis": {
        "dmean": 51.2271537781,
        "dmean2": 74.6556167603,
        "dvar": 27955.5410156,
        "dvar2": 60767.5976562,
        "max": 3749.69677734,
        "mean": 63.8004989624,
        "median": 12.5511541367,
        "min": -1.6253644228,
        "var": 35634.7890625
    },
    "melbands_skewness": {
        "dmean": 1.92882657051,
        "dmean2": 2.78068614006,
        "dvar": 10.547955513,
        "dvar2": 22.6404075623,
        "max": 54.6448478699,
        "mean": 4.61528539658,
        "median": 3.13608121872,
        "min": -1.21977412701,
        "var": 21.4874229431
    },
    "melbands_spread": {
        "dmean": 13.1715612411,
        "dmean2": 21.2481536865,
        "dvar": 352.200744629,
        "dvar2": 846.798950195,
        "max": 186.817245483,
        "mean": 27.3860454559,
        "median": 19.8893699646,
        "min": 0.140099257231,
        "var": 627.516784668
    },
    "pitch_salience": {
        "dmean": 0.100450657308,
        "dmean2": 0.160113468766,
        "dvar": 0.013015601784,
        "dvar2": 0.0298990029842,
        "max": 0.950177669525,
        "mean": 0.455260127783,
        "median": 0.498297691345,
        "min": 0.0111172124743,
        "var": 0.0377195328474
    },
    "silence_rate_20dB": {
        "dmean": 0,
        "dmean2": 0,
        "dvar": 0,
        "dvar2": 0,
        "max": 1,
        "mean": 1,
        "median": 1,
        "min": 1,
        "var": 0
    },
    "silence_rate_30dB": {
        "dmean": 0.0819899663329,
        "dmean2": 0.16399744153,
        "dvar": 0.0752631947398,
        "dvar2": 0.167639568448,
        "max": 1,
        "mean": 0.872438073158,
        "median": 1,
        "min": 0,
        "var": 0.111292801797
    },
    "silence_rate_60dB": {
        "dmean": 0.0230596773326,
        "dmean2": 0.0461242794991,
        "dvar": 0.0225297324359,
        "dvar2": 0.0555299110711,
        "max": 1,
        "mean": 0.169406488538,
        "median": 0,
        "min": 0,
        "var": 0.140699446201
    },
    "spectral_centroid": {
        "dmean": 375.957580566,
        "dmean2": 568.474304199,
        "dvar": 212815,
        "dvar2": 433573.375,
        "max": 11633.8212891,
        "mean": 1821.00170898,
        "median": 1922.54833984,
        "min": 112.452568054,
        "var": 785850.5625
    },
    "spectral_complexity": {
        "dmean": 5.99594306946,
        "dmean2": 9.11872768402,
        "dvar": 54.1693115234,
        "dvar2": 111.502304077,
        "max": 62,
        "mean": 19.440114975,
        "median": 18,
        "min": 0,
        "var": 157.910964966
    },
    "spectral_decrease": {
        "dmean": 3.46666828577e-09,
        "dmean2": 5.03348740466e-09,
        "dvar": 2.84133430213e-17,
        "dvar2": 5.98793530798e-17,
        "max": 6.97148602752e-29,
        "mean": -1.07228537161e-08,
        "median": -5.97338711827e-09,
        "min": -5.78508974058e-08,
        "var": 1.21952415614e-16
    },
    "spectral_energy": {
        "dmean": 0.0131263406947,
        "dmean2": 0.0190534647554,
        "dvar": 0.000385774823371,
        "dvar2": 0.000813604972791,
        "max": 0.221230149269,
        "mean": 0.0433778576553,
        "median": 0.0256574489176,
        "min": 1.0569409329e-20,
        "var": 0.00183399673551
    },
    "spectral_energyband_high": {
        "dmean": 0.00152023159899,
        "dmean2": 0.0024754810147,
        "dvar": 1.12349080155e-05,
        "dvar2": 2.97712249449e-05,
        "max": 0.0303189586848,
        "mean": 0.00264775031246,
        "median": 0.00142007321119,
        "min": 7.78009410339e-21,
        "var": 1.31469178086e-05
    },
    "spectral_energyband_low": {
        "dmean": 0.0122938053682,
        "dmean2": 0.0185446515679,
        "dvar": 0.000529168348294,
        "dvar2": 0.00115457992069,
        "max": 0.219719335437,
        "mean": 0.0287498869002,
        "median": 0.00677033839747,
        "min": 4.23604295934e-23,
        "var": 0.00161485082936
    },
    "spectral_energyband_middle_high": {
        "dmean": 0.00229888688773,
        "dmean2": 0.00372374732979,
        "dvar": 1.79530543392e-05,
        "dvar2": 4.52487875009e-05,
        "max": 0.0514196939766,
        "mean": 0.00451105786487,
        "median": 0.00271007558331,
        "min": 1.44551599287e-21,
        "var": 2.89178915409e-05
    },
    "spectral_energyband_middle_low": {
        "dmean": 0.00521668652073,
        "dmean2": 0.00751158455387,
        "dvar": 0.000147070211824,
        "dvar2": 0.000270838121651,
        "max": 0.12587697804,
        "mean": 0.00854755472392,
        "median": 0.00338399922475,
        "min": 2.79746434811e-22,
        "var": 0.00024666643003
    },
    "spectral_entropy": {
        "dmean": 0.189144074917,
        "dmean2": 0.283271223307,
        "dvar": 0.0572506636381,
        "dvar2": 0.113547168672,
        "max": 9.81151676178,
        "mean": 7.90604734421,
        "median": 8.08278369904,
        "min": 5.35382461548,
        "var": 0.288233399391
    },
    "spectral_flux": {
        "dmean": 0.0355008542538,
        "dmean2": 0.0531151257455,
        "dvar": 0.00237376778387,
        "dvar2": 0.00473544467241,
        "max": 0.433498054743,
        "mean": 0.0962635055184,
        "median": 0.0749611854553,
        "min": 6.67704641577e-11,
        "var": 0.00602604541928
    },
    "spectral_kurtosis": {
        "dmean": 0.993502557278,
        "dmean2": 1.57374668121,
        "dvar": 2.85971975327,
        "dvar2": 7.85696697235,
        "max": 62.3145370483,
        "mean": 3.01411128044,
        "median": 2.2111389637,
        "min": -1.22117507458,
        "var": 17.3470554352
    },
    "spectral_rms": {
        "dmean": 0.000917196681257,
        "dmean2": 0.00130758469459,
        "dvar": 1.27754037749e-06,
        "dvar2": 2.41965358327e-06,
        "max": 0.0146912997589,
        "mean": 0.00556392874569,
        "median": 0.00500316452235,
        "min": 3.21117091251e-12,
        "var": 1.1362445548e-05
    },
    "spectral_rolloff": {
        "dmean": 1265.1595459,
        "dmean2": 2150.8996582,
        "dvar": 3794058.25,
        "dvar2": 8691987,
        "max": 18712.3535156,
        "mean": 2221.04174805,
        "median": 1184.32617188,
        "min": 43.06640625,
        "var": 6833394
    },
    "spectral_skewness": {
        "dmean": 0.170849457383,
        "dmean2": 0.266127407551,
        "dvar": 0.0367983095348,
        "dvar2": 0.0888900086284,
        "max": 6.08374261856,
        "mean": 1.3271112442,
        "median": 1.22523212433,
        "min": -0.326661080122,
        "var": 0.320025235415
    },
    "spectral_spread": {
        "dmean": 841003.75,
        "dmean2": 1224176.875,
        "dvar": 1.5059746816e+12,
        "dvar2": 3.08460650496e+12,
        "max": 40924436,
        "mean": 6262573.5,
        "median": 6144518,
        "min": 1200749.125,
        "var": 4.33891547546e+12
    },
    "spectral_strongpeak": {
        "dmean": 0.369187116623,
        "dmean2": 0.609432280064,
        "dvar": 0.489485412836,
        "dvar2": 1.29136431217,
        "max": 14.0313940048,
        "mean": 0.700045347214,
        "median": 0.502111554146,
        "min": 0,
        "var": 0.700105011463
    },
    "zerocrossingrate": {
        "dmean": 0.0210972223431,
        "dmean2": 0.0254867076874,
        "dvar": 0.00049504567869,
        "dvar2": 0.00056955817854,
        "max": 0.548828125,
        "mean": 0.0821331515908,
        "median": 0.068359375,
        "min": 0.00244140625,
        "var": 0.00319375307299
    },
    "barkbands": {
        "dmean": [0.00195533665828, 0.00968148000538, 0.00353160197847, 0.00287560396828, 0.00213214708492, 0.000545084767509, 0.000552234239876, 0.000268291041721, 0.000370681547793, 0.00047420343617, 0.000259879190708, 0.000486314384034, 0.00033126474591, 0.000315476179821, 0.000355904805474, 0.000283096538624, 0.000233668455621, 0.000227536598686, 0.000210929676541, 0.000244343100348, 0.000287781003863, 0.000269883865258, 0.000306333007757, 0.000320613471558, 0.000212179947994, 0.000140523945447, 3.86126303056e-05],
        "dmean2": [0.00284713855945, 0.0144922276959, 0.00588516518474, 0.00446209684014, 0.00320839858614, 0.000875677680597, 0.00084735348355, 0.000437079841504, 0.000613611657172, 0.000752680411097, 0.000422891607741, 0.000767374003772, 0.000538869819138, 0.000532940845005, 0.0006040467415, 0.000495617510751, 0.000387259962736, 0.000381362769986, 0.000355103053153, 0.00041907193372, 0.000478426809423, 0.000433868088294, 0.000514622021001, 0.000533132115379, 0.000344275002135, 0.000229989876971, 6.3983592554e-05],
        "dvar": [2.20088313654e-05, 0.000332051655278, 0.000272539706202, 8.16437895992e-05, 4.48450591648e-05, 1.32661602947e-06, 1.59170349434e-06, 3.51387456021e-07, 5.95284291194e-07, 8.04384796993e-07, 3.25240421262e-07, 2.05523451768e-06, 4.03045163466e-07, 7.96502547473e-07, 5.95227788835e-07, 3.40519989095e-07, 1.92146771383e-07, 1.78794863359e-07, 1.58848735055e-07, 3.18233929875e-07, 2.91128714025e-07, 3.39207389288e-07, 5.03328578816e-07, 5.11220832777e-07, 1.86901672805e-07, 7.07885732254e-08, 5.48332090844e-09],
        "dvar2": [4.17955852754e-05, 0.000656539807096, 0.000708236824721, 0.0001665440941, 0.00010349569493, 3.14223871101e-06, 3.10249697577e-06, 9.09877201138e-07, 1.50196740378e-06, 1.83559518518e-06, 7.1929321166e-07, 4.24275231126e-06, 1.0077197885e-06, 1.87017144526e-06, 1.56591215728e-06, 9.44397186231e-07, 4.88717319058e-07, 4.69564525929e-07, 4.21734540623e-07, 8.57722909586e-07, 7.25756706288e-07, 8.48837601097e-07, 1.38585323839e-06, 1.38229495406e-06, 4.89166041007e-07, 1.88419761571e-07, 1.44567913196e-08],
        "max": [0.0751904398203, 0.1950314641, 0.165918692946, 0.0764402523637, 0.0752652436495, 0.0184879079461, 0.0261615477502, 0.0139829413965, 0.0160485655069, 0.0195497013628, 0.0138103151694, 0.041945759207, 0.0193247497082, 0.0274786800146, 0.0167924612761, 0.00677241943777, 0.00690813083202, 0.00725988764316, 0.00456745689735, 0.00534410774708, 0.00693866703659, 0.0088472943753, 0.00668290397152, 0.00826109852642, 0.00624616257846, 0.00355389458127, 0.00178100937046],
        "mean": [0.00402936944738, 0.0207649711519, 0.00300543708727, 0.00316035374999, 0.00256747379899, 0.000845325470436, 0.000958191521931, 0.000314879463986, 0.000435963942437, 0.00071037892485, 0.000299076316878, 0.000797835411504, 0.000472082640044, 0.000423361023422, 0.000453060900327, 0.000348211673554, 0.000342823012033, 0.000349977286533, 0.000317555328365, 0.000349040725268, 0.0004873406142, 0.000467559410026, 0.000435737689259, 0.000450733030448, 0.000338090001605, 0.000205156335142, 4.78909059893e-05],
        "median": [7.63978750911e-05, 0.00104880612344, 0.000269974436378, 0.000139890704304, 0.000237999585806, 0.000236756372033, 0.000224056100706, 0.000100135424873, 0.000144212623127, 0.000203830888495, 0.000109191722004, 0.000172301428393, 0.00024028957705, 0.000129670763272, 0.000213904786506, 0.000206593846087, 0.000163734628586, 0.000183086638572, 0.000165803052369, 0.000205439471756, 0.000294989848044, 0.000216595915845, 0.000167891310412, 0.000187552592251, 0.000150349776959, 8.46695184009e-05, 1.32019995362e-05],
        "min": [1.06234336162e-23, 1.5069215442e-23, 1.27407599516e-23, 1.58722300896e-23, 4.18192142144e-23, 1.19198428946e-23, 2.68179891161e-23, 5.63273696925e-23, 4.38731113999e-23, 7.26996287332e-23, 4.81656380623e-23, 5.13703223808e-23, 8.05523982568e-23, 9.60699927709e-23, 8.66185682239e-23, 1.26268938753e-22, 1.85601022835e-22, 1.55793023696e-22, 2.98415074258e-22, 2.52182372605e-22, 4.22225341828e-22, 3.81049049251e-22, 6.2507611471e-22, 6.82770043925e-22, 1.22486748298e-21, 1.28156479688e-21, 2.5689893283e-21],
        "var": [8.61491425894e-05, 0.000979778007604, 0.000198206762434, 0.000108789419755, 5.15986066603e-05, 2.67200584858e-06, 4.7023568186e-06, 4.07435209127e-07, 7.78405933488e-07, 2.01839384317e-06, 4.57215008964e-07, 5.07583354192e-06, 7.41390010717e-07, 2.00744489121e-06, 6.96214726759e-07, 2.816412632e-07, 2.73532322126e-07, 2.5174347229e-07, 2.00388484473e-07, 2.92903791888e-07, 3.9683359887e-07, 4.72296306953e-07, 5.67574204524e-07, 5.83176415603e-07, 2.4448968361e-07, 8.51235810728e-08, 6.39272590419e-09]
    },
    "erbbands": {
        "dmean": [0.473943591118, 1.69547522068, 3.59758996964, 6.53762483597, 9.62938690186, 6.18290090561, 3.6559510231, 4.78792953491, 8.7699213028, 4.56961154938, 6.76142072678, 9.34797382355, 10.7378158569, 14.094865799, 12.6499996185, 21.7363414764, 15.3507814407, 16.5664520264, 17.1528263092, 17.067111969, 13.9631271362, 12.5507602692, 12.6336097717, 11.7786931992, 9.87830924988, 12.4963703156, 12.2218170166, 10.7789049149, 9.95824241638, 8.73643875122, 8.8760766983, 6.9673037529, 5.15973615646, 2.55228424072, 1.51558160782, 0.658496022224, 0.26279258728, 0.0699491351843, 0.00577824469656, 9.14589545573e-05],
        "dmean2": [0.69157743454, 2.42448329926, 5.85340356827, 10.6237363815, 13.4777708054, 9.99610614777, 6.15543937683, 7.71256971359, 13.282412529, 7.2733464241, 11.0543031693, 15.3259344101, 16.8680801392, 22.7013339996, 20.5856781006, 33.9231681824, 24.7985305786, 27.6460475922, 28.6180267334, 29.7885799408, 24.2640209198, 20.9299507141, 20.9065761566, 19.8113956451, 16.5507545471, 21.5565547943, 20.5613479614, 17.6436977386, 16.1016578674, 14.1303672791, 15.1111898422, 11.5750617981, 8.6693277359, 4.16307163239, 2.48730993271, 1.06836140156, 0.436119735241, 0.116397313774, 0.00951529666781, 0.00015003203589],
        "dvar": [0.764223456383, 13.5793828964, 242.606491089, 518.158203125, 1238.44116211, 294.143493652, 81.4605026245, 111.880073547, 372.291381836, 96.6689987183, 220.917541504, 374.819702148, 541.77722168, 749.90411377, 669.909545898, 4933.70166016, 817.820739746, 2014.71191406, 1218.89074707, 1762.15112305, 737.469970703, 703.390808105, 579.132080078, 484.234344482, 384.930328369, 936.958068848, 675.813049316, 413.311309814, 462.201934814, 330.106048584, 501.490539551, 276.372924805, 114.815765381, 29.0954780579, 9.30896568298, 1.45829260349, 0.295604050159, 0.0208591744304, 0.000111389555968, 2.64708859277e-08],
        "dvar2": [1.52603566647, 25.5459899902, 591.284729004, 1291.66650391, 2329.42724609, 781.087585449, 208.000793457, 264.319732666, 701.295776367, 231.412582397, 583.545166016, 926.296813965, 1185.06518555, 1742.90942383, 1556.66674805, 10209.5449219, 2005.04992676, 4565.77832031, 3102.93798828, 4892.37011719, 2027.72961426, 1831.11083984, 1513.23693848, 1279.42578125, 1009.37475586, 2572.7890625, 1829.79797363, 991.657165527, 1169.59570312, 813.072692871, 1399.4473877, 744.355957031, 312.529266357, 75.6197814941, 24.8777046204, 3.73949575424, 0.808848261833, 0.0574828647077, 0.000284465146251, 6.92830397497e-08],
        "max": [9.8587436676, 33.8360748291, 170.996917725, 238.012771606, 384.062835693, 163.79385376, 130.470306396, 205.554382324, 411.6144104, 198.816940308, 235.789932251, 458.057037354, 549.659057617, 580.682434082, 584.89239502, 2131.35961914, 820.232055664, 1490.8885498, 678.869445801, 674.052429199, 311.957519531, 464.624328613, 563.735168457, 248.632537842, 277.080688477, 308.340911865, 325.35647583, 290.516845703, 306.201416016, 222.58013916, 212.574752808, 196.481033325, 104.414627075, 84.0148239136, 41.8848953247, 17.397977829, 13.8043775558, 1.846316576, 0.253521293402, 0.00311502558179],
        "mean": [0.998798906803, 3.08568286896, 3.69512987137, 7.03472995758, 11.4638710022, 7.61421108246, 4.7585940361, 7.49505138397, 16.4726905823, 6.82894182205, 8.26153373718, 11.3396959305, 16.9780788422, 19.1106185913, 17.0316200256, 37.6792869568, 23.2517585754, 24.4660816193, 23.4896965027, 20.3555927277, 19.1061630249, 18.6490058899, 19.1160373688, 17.9495201111, 15.2380228043, 17.0977077484, 19.5838699341, 18.4602413177, 17.2511138916, 14.3913621902, 12.2806272507, 9.85427761078, 7.04353094101, 4.00801038742, 2.29849672318, 1.00093650818, 0.352935642004, 0.0935535132885, 0.0072118146345, 0.000169830731465],
        "median": [0.0311523415148, 0.234518051147, 0.917700886726, 0.891819119453, 0.604878783226, 0.714734911919, 1.28750872612, 2.36041688919, 3.73460483551, 2.56073212624, 3.04242563248, 4.15483188629, 4.59296417236, 6.86756038666, 6.89082336426, 8.77722167969, 12.110710144, 9.33090591431, 10.8222055435, 11.1644229889, 11.3786344528, 9.38230895996, 10.1428565979, 9.53996658325, 8.54257392883, 9.88094520569, 12.1005792618, 10.3440170288, 7.93713378906, 6.27453660965, 4.54028463364, 3.87439322472, 3.00701355934, 1.78913450241, 0.950009942055, 0.423431575298, 0.139666229486, 0.0348735488951, 0.00184315384831, 0.000110981593025],
        "min": [5.87924729311e-22, 2.6980496987e-21, 1.47340803441e-20, 2.37647826764e-20, 7.78368102995e-20, 1.01914900558e-19, 1.352974867e-19, 1.19207518391e-19, 2.6065719967e-19, 5.94571117051e-19, 1.19642245747e-18, 1.04818703881e-18, 2.21591470422e-18, 1.3000051157e-18, 2.63301411745e-18, 1.83994436541e-18, 3.52799355494e-18, 4.17115419175e-18, 4.49076106401e-18, 5.75718905749e-18, 8.48749926052e-18, 8.6945103078e-18, 9.37411776317e-18, 1.16280376942e-17, 1.33832992376e-17, 1.51994602993e-17, 1.59551129499e-17, 1.53479971219e-17, 1.4289060354e-17, 1.69836293235e-17, 1.88857576119e-17, 1.41978388761e-17, 1.08417868056e-17, 1.11046598411e-17, 9.87243204368e-18, 4.64747208542e-18, 2.50764848497e-18, 1.12478789264e-18, 3.56222771706e-19, 3.38365079654e-20],
        "var": [2.4218609333, 31.759557724, 209.700195312, 455.821258545, 1784.97363281, 343.625, 119.44393158, 230.282287598, 1200.97937012, 159.701965332, 267.813018799, 498.20993042, 1718.58215332, 1426.77929688, 1000.12530518, 12469.0332031, 1553.86914062, 5654.18408203, 1900.37402344, 1348.71569824, 705.964111328, 881.851501465, 757.804443359, 698.124572754, 461.765533447, 772.614379883, 719.295715332, 620.646484375, 645.89654541, 491.416900635, 494.655303955, 314.777526855, 128.829879761, 36.7425346375, 11.8194990158, 1.97431826591, 0.300966590643, 0.0214664638042, 0.000146328326082, 4.09132283608e-08]
    },
    "gfcc": {
        "mean": [-7.98606204987, 32.4047088623, -110.596122742, 26.1455745697, -58.4581565857, 21.6225223541, -36.3331680298, 7.35711431503, -23.7354850769, 8.01589775085, -13.3324737549, 6.55549621582, -9.80081653595],
        "cov": [[16353.8652344, -2560.00732422, 775.55291748, 1576.43505859, 1474.20043945, 1241.78100586, 916.503662109, 914.082519531, 387.064056396, 1008.20422363, -187.42829895, 496.733154297, -330.472167969], [-2560.00732422, 2403.89038086, 42.5300445557, 372.610687256, 234.628326416, -74.1238861084, 12.0132808685, -236.847549438, -18.1258983612, -272.453582764, 79.780708313, -179.032577515, 136.670379639], [775.55291748, 42.5300445557, 1769.27294922, 1174.56201172, 1009.90008545, 662.424438477, 421.693481445, 171.749206543, 98.836479187, 76.842300415, -125.141654968, -20.9649105072, -113.440040588], [1576.43505859, 372.610687256, 1174.56201172, 1703.2199707, 1129.78051758, 706.182373047, 482.18170166, 67.7046890259, 106.022689819, 53.097366333, -117.383216858, -98.0685272217, -118.092468262], [1474.20043945, 234.628326416, 1009.90008545, 1129.78051758, 1110.76037598, 597.925964355, 492.571594238, 191.733947754, 167.595535278, 105.740539551, -51.2143249512, 1.97064495087, -90.3568725586], [1241.78100586, -74.1238861084, 662.424438477, 706.182373047, 597.925964355, 565.675964355, 374.063201904, 202.829147339, 149.218444824, 148.32699585, 1.21255028248, 16.0718421936, -44.8419570923], [916.503662109, 12.0132808685, 421.693481445, 482.18170166, 492.571594238, 374.063201904, 565.080322266, 332.858673096, 283.386505127, 246.274185181, 106.092269897, 94.80418396, 10.382557869], [914.082519531, -236.847549438, 171.749206543, 67.7046890259, 191.733947754, 202.829147339, 332.858673096, 410.689788818, 271.420410156, 251.090805054, 130.452377319, 140.26612854, 25.4900856018], [387.064056396, -18.1258983612, 98.836479187, 106.022689819, 167.595535278, 149.218444824, 283.386505127, 271.420410156, 296.134155273, 219.191940308, 139.479309082, 92.6588668823, 39.347076416], [1008.20422363, -272.453582764, 76.842300415, 53.097366333, 105.740539551, 148.32699585, 246.274185181, 251.090805054, 219.191940308, 297.671203613, 129.914230347, 121.927978516, 23.3608169556], [-187.42829895, 79.780708313, -125.141654968, -117.383216858, -51.2143249512, 1.21255028248, 106.092269897, 130.452377319, 139.479309082, 129.914230347, 182.239028931, 89.7951431274, 65.1659011841], [496.733154297, -179.032577515, -20.9649105072, -98.0685272217, 1.97064495087, 16.0718421936, 94.80418396, 140.26612854, 92.6588668823, 121.927978516, 89.7951431274, 150.744293213, 47.4259757996], [-330.472167969, 136.670379639, -113.440040588, -118.092468262, -90.3568725586, -44.8419570923, 10.382557869, 25.4900856018, 39.347076416, 23.3608169556, 65.1659011841, 47.4259757996, 101.823150635]],
        "icov": [[0.000165813660715, 1.76181474671e-05, 0.000234788298258, -0.000147090860992, -0.000149357656483, -0.000199824964511, 0.000195453088963, -0.000232908452745, 0.000311483861879, -0.000700189208146, 0.000691803870723, -0.00060368591221, 0.000302032480249], [1.76181474671e-05, 0.000906029541511, 2.55971121987e-06, -0.00018037231348, -0.000529994664248, 0.000554777798243, -0.0002219244343, 0.000280564330751, -0.000249209668254, 0.000998349860311, -0.00136289175134, 0.0013682753779, -0.00153666886035], [0.000234788298258, 2.55971121987e-06, 0.00171927257907, -0.000477119872812, -0.000873480341397, -0.000946707266849, 0.000520135392435, -0.000694002956152, 0.000625689339358, -0.000966936466284, 0.00167573220097, -0.00116942694876, 0.000501594622619], [-0.000147090860992, -0.00018037231348, -0.000477119872812, 0.00269988318905, -0.00142253329977, -0.00105354236439, -0.00068851391552, 0.00154743378516, -0.000526064482983, 0.000146854654304, -0.000115632741654, 0.00138314836659, -7.96886597527e-05], [-0.000149357656483, -0.000529994664248, -0.000873480341397, -0.00142253329977, 0.00490339007229, -0.00111199228559, -0.00148563389666, 0.000296410522424, -0.00122197833844, 0.0015940957237, 0.000634575961158, -0.00208385568112, 0.00221340847202], [-0.000199824964511, 0.000554777798243, -0.000946707266849, -0.00105354236439, -0.00111199228559, 0.00685324706137, -0.00148508185521, -0.00121312087867, 0.00100318295881, -0.000154662920977, -0.00195563188754, 0.00305771501735, -0.00170809600968], [0.000195453088963, -0.0002219244343, 0.000520135392435, -0.00068851391552, -0.00148563389666, -0.00148508185521, 0.0072344862856, -0.00277943140827, -0.00142999098171, -0.00218163477257, 0.000730726402253, -0.000744738732465, -0.00036873051431], [-0.000232908452745, 0.000280564330751, -0.000694002956152, 0.00154743378516, 0.000296410522424, -0.00121312087867, -0.00277943140827, 0.0104924608022, -0.0059627359733, 0.000512402853929, -0.000504300987814, -0.00264768046327, 0.00101709656883], [0.000311483861879, -0.000249209668254, 0.000625689339358, -0.000526064482983, -0.00122197833844, 0.00100318295881, -0.00142999098171, -0.0059627359733, 0.0151276830584, -0.00606074836105, -0.00266226893291, 0.00242550554685, -0.00145281734876], [-0.000700189208146, 0.000998349860311, -0.000966936466284, 0.000146854654304, 0.0015940957237, -0.000154662920977, -0.00218163477257, 0.000512402853929, -0.00606074836105, 0.015152644366, -0.00634693680331, -0.000418800598709, 4.38756833319e-05], [0.000691803870723, -0.00136289175134, 0.00167573220097, -0.000115632741654, 0.000634575961158, -0.00195563188754, 0.000730726402253, -0.000504300987814, -0.00266226893291, -0.00634693680331, 0.0183950420469, -0.00766937341541, -0.000154575915076], [-0.00060368591221, 0.0013682753779, -0.00116942694876, 0.00138314836659, -0.00208385568112, 0.00305771501735, -0.000744738732465, -0.00264768046327, 0.00242550554685, -0.000418800598709, -0.00766937341541, 0.0196615029126, -0.00834895391017], [0.000302032480249, -0.00153666886035, 0.000501594622619, -7.96886597527e-05, 0.00221340847202, -0.00170809600968, -0.00036873051431, 0.00101709656883, -0.00145281734876, 4.38756833319e-05, -0.000154575915076, -0.00834895391017, 0.0188640300184]]
    },
    "melbands": {
        "dmean": [0.00328203733079, 0.00177904288284, 0.00128293258604, 0.000557100342121, 0.00014184450265, 0.000106742765638, 0.000130755797727, 4.80021044496e-05, 5.67228344153e-05, 5.89612609474e-05, 5.43610985915e-05, 5.9940826759e-05, 3.65432824765e-05, 5.94758130319e-05, 3.78302211175e-05, 3.39276484738e-05, 3.28115638695e-05, 2.67233317572e-05, 2.49224449362e-05, 2.304040936e-05, 1.54307181219e-05, 1.28821347971e-05, 1.43748493429e-05, 1.07330924948e-05, 9.98415089271e-06, 8.157378943e-06, 6.44587316856e-06, 9.11425468075e-06, 8.53123492561e-06, 7.16304339221e-06, 6.22958759777e-06, 5.8434766288e-06, 5.67299821341e-06, 4.90269076181e-06, 5.50253071196e-06, 4.66530764243e-06, 4.45511068392e-06, 4.05515584134e-06, 2.82429709841e-06, 2.06869776775e-06],
        "dmean2": [0.00480680307373, 0.00261263130233, 0.001958838664, 0.000793335610069, 0.00024075958936, 0.000172126630787, 0.000198327747057, 7.69803154981e-05, 9.34023337322e-05, 9.70368200797e-05, 8.57576669659e-05, 9.6704257885e-05, 5.99128252361e-05, 9.35680873226e-05, 6.09813287156e-05, 5.58505453228e-05, 5.49366086489e-05, 4.48017563031e-05, 4.28973835369e-05, 4.0577040636e-05, 2.66308834398e-05, 2.153837886e-05, 2.39744222199e-05, 1.81475170393e-05, 1.68560236489e-05, 1.37779989018e-05, 1.08478707261e-05, 1.58293987624e-05, 1.46047914313e-05, 1.19415290101e-05, 1.02002722997e-05, 9.57842530624e-06, 9.20470029087e-06, 7.98479777586e-06, 9.49198692979e-06, 7.82938877819e-06, 7.45496208765e-06, 6.89530543241e-06, 4.69880296805e-06, 3.40778910868e-06],
        "dvar": [3.57537064701e-05, 3.35941222147e-05, 1.62304932019e-05, 3.00936926578e-06, 1.12407391839e-07, 5.41938369736e-08, 8.42505158971e-08, 1.04784616539e-08, 1.61943347621e-08, 1.51372478996e-08, 1.38520395154e-08, 1.42329845687e-08, 6.04637451218e-09, 2.68170872175e-08, 8.67898197754e-09, 5.21726262193e-09, 9.6825578666e-09, 2.9744942065e-09, 3.82900466889e-09, 2.49608866909e-09, 8.20574441729e-10, 7.80690845303e-10, 6.7267830195e-10, 4.49770998223e-10, 3.45430323234e-10, 2.34570585178e-10, 2.00785194027e-10, 4.95825380753e-10, 3.87091830811e-10, 1.88028384529e-10, 1.20619653154e-10, 1.52287377153e-10, 1.61313018499e-10, 9.29966312291e-11, 2.06170081007e-10, 1.15342936591e-10, 1.11178698192e-10, 6.25954149625e-11, 3.72801754744e-11, 1.87956334524e-11],
        "dvar2": [6.99653101037e-05, 7.26597208995e-05, 3.49632246071e-05, 6.48500054012e-06, 3.01601829733e-07, 1.26206728623e-07, 1.57980224458e-07, 2.59030201732e-08, 4.33110542986e-08, 3.68515742366e-08, 3.05121865551e-08, 3.30755582922e-08, 1.38185720644e-08, 5.30954480382e-08, 2.02830499063e-08, 1.32686901466e-08, 2.16077804538e-08, 7.60846141645e-09, 1.03476356372e-08, 6.94327484396e-09, 2.24853913267e-09, 2.05897121575e-09, 1.7371105665e-09, 1.20954568583e-09, 9.12952768939e-10, 6.23851192927e-10, 5.19585430236e-10, 1.37284816848e-09, 1.08529563114e-09, 4.64428717706e-10, 2.8719079892e-10, 3.886750366e-10, 4.11705641801e-10, 2.29844518418e-10, 5.76291292465e-10, 3.19837323293e-10, 2.97704610963e-10, 1.69289998686e-10, 1.01004968278e-10, 4.83777601312e-11],
        "max": [0.0680459365249, 0.0663919970393, 0.0347215011716, 0.019647134468, 0.00371143827215, 0.0040947929956, 0.00617229985073, 0.00252968096174, 0.00212334864773, 0.00312363705598, 0.00269777723588, 0.0025864217896, 0.00185801484622, 0.00463241152465, 0.00243191840127, 0.00263602240011, 0.00341340806335, 0.00103111623321, 0.00178919173777, 0.000497196044307, 0.000392601592466, 0.000532591424417, 0.000615690252744, 0.000299023202388, 0.000225319236051, 0.000210693266126, 0.000202912313398, 0.00022980972426, 0.000225499607041, 0.000222772287088, 0.0001547584543, 0.000180497590918, 0.00019346519548, 0.000120065553347, 0.000141503900522, 0.000145975544001, 0.00012191166752, 7.94437510194e-05, 6.3089421019e-05, 6.35079049971e-05],
        "mean": [0.00728228408843, 0.00258419150487, 0.00143293372821, 0.000710454303771, 0.000179915208719, 0.000168732934981, 0.000245232775342, 6.64056060486e-05, 6.78180003888e-05, 7.10872482159e-05, 8.42439112603e-05, 7.87935205153e-05, 4.42348100478e-05, 9.65944636846e-05, 6.21068611508e-05, 4.74825101264e-05, 4.59796392533e-05, 3.57937860826e-05, 2.95076588372e-05, 2.6900352168e-05, 2.10892030736e-05, 1.8580158212e-05, 2.00490630959e-05, 1.55707166414e-05, 1.43827382999e-05, 1.17853505799e-05, 9.45880037762e-06, 1.1756398635e-05, 1.23895333672e-05, 1.17759091154e-05, 1.01441210063e-05, 9.67373671301e-06, 9.00095437828e-06, 7.6701380749e-06, 7.10915037416e-06, 6.58986618873e-06, 5.8634996094e-06, 5.21704168932e-06, 4.04876618632e-06, 3.16059458783e-06],
        "median": [0.000269316980848, 0.000469959923066, 0.000163999764482, 4.7037290642e-05, 4.14185524278e-05, 4.79372320115e-05, 5.61961169296e-05, 2.60839497059e-05, 2.32957936532e-05, 2.44204056798e-05, 2.13902058022e-05, 2.53949201579e-05, 1.64771117852e-05, 2.13896018977e-05, 2.18541317736e-05, 2.37708663917e-05, 1.3482112081e-05, 1.58068360179e-05, 1.40381316669e-05, 1.54396784637e-05, 1.14250669867e-05, 8.76019294083e-06, 9.53959624894e-06, 8.03202783572e-06, 7.00540749676e-06, 5.96491054239e-06, 5.31335899723e-06, 6.30706199445e-06, 6.96812776368e-06, 6.96996357874e-06, 5.30829856871e-06, 4.3451655074e-06, 3.79719381272e-06, 3.03875094687e-06, 2.56366297435e-06, 2.36635423789e-06, 2.29260558626e-06, 2.17931824409e-06, 1.68175552062e-06, 1.39068583849e-06],
        "min": [5.30565756746e-24, 6.01791140132e-24, 9.116103442e-24, 7.96640967013e-24, 6.67373722576e-24, 2.90030963527e-24, 3.87157470609e-24, 7.93519286639e-24, 9.80667622274e-24, 6.42560497233e-24, 1.12328657419e-23, 4.69145638311e-24, 8.46545570054e-24, 5.90097460503e-24, 4.3680703492e-24, 9.3712967894e-24, 7.08321835558e-24, 7.42193235132e-24, 6.56408950424e-24, 5.43302744365e-24, 1.07008634694e-23, 1.11551408546e-23, 7.6684553285e-24, 6.99809553074e-24, 9.23546283013e-24, 1.07399373278e-23, 8.44421877611e-24, 9.38536612364e-24, 8.79956432631e-24, 6.76032969847e-24, 1.02859652318e-23, 8.07416806978e-24, 7.23585426327e-24, 8.77812072033e-24, 1.21022567238e-23, 6.91213966879e-24, 8.83275328232e-24, 8.09224718401e-24, 6.40533834681e-24, 9.54883703587e-24],
        "var": [0.000118011688755, 4.47276979685e-05, 1.93840860447e-05, 4.14070518673e-06, 1.34341945568e-07, 1.18552875961e-07, 2.71137338359e-07, 1.43610794368e-08, 1.97714520311e-08, 2.07217301096e-08, 4.26030908329e-08, 2.74454592386e-08, 8.77080541528e-09, 6.86031782493e-08, 1.7583911216e-08, 9.35981514516e-09, 2.86084596013e-08, 4.56615190103e-09, 3.30871419152e-09, 1.93191218578e-09, 8.80256201263e-10, 9.4904661907e-10, 9.15057807305e-10, 5.44919220857e-10, 4.96740260036e-10, 2.89185730917e-10, 2.0946173962e-10, 4.06212063986e-10, 3.50289547368e-10, 2.65539840116e-10, 1.88305954163e-10, 2.04956468464e-10, 2.06088049404e-10, 1.5102256945e-10, 1.83425927225e-10, 1.45302395116e-10, 1.15828950598e-10, 7.00878383109e-11, 4.40476925767e-11, 2.3532788565e-11]
    },
    "mfcc": {
        "mean": [-651.743469238, 68.6569671631, 2.22873163223, 8.90031814575, 2.40161585808, 9.96478748322, 1.11551511288, 1.56868886948, -0.513795018196, -0.416269302368, -1.36058557034, 4.49564981461, 0.294507175684],
        "cov": [[11386.0761719, -770.397399902, -27.31432724, 1024.57116699, 760.965332031, 988.223571777, 736.16015625, 637.722717285, 690.340209961, 475.662658691, 611.684814453, 313.655731201, 352.044372559], [-770.397399902, 1428.43408203, -42.4945335388, 77.8112182617, 8.58796787262, -70.9102935791, -44.3928985596, -51.6339569092, -64.9101409912, -60.5189704895, -86.5288619995, -11.610824585, -13.1512126923], [-27.31432724, -42.4945335388, 948.397583008, 600.390380859, 557.716308594, 528.130310059, 351.865478516, 235.890548706, 220.336685181, 121.437988281, 117.476844788, 15.2518768311, 2.51048898697], [1024.57116699, 77.8112182617, 600.390380859, 1203.46594238, 788.710632324, 822.875183105, 511.910797119, 371.319030762, 320.332397461, 181.153930664, 210.523132324, 52.1719665527, 26.8887214661], [760.965332031, 8.58796787262, 557.716308594, 788.710632324, 805.174194336, 668.693725586, 410.34185791, 309.095458984, 235.833862305, 131.702667236, 131.188842773, 16.2395782471, 0.0265669301152], [988.223571777, -70.9102935791, 528.130310059, 822.875183105, 668.693725586, 808.121948242, 468.939849854, 311.961608887, 277.179016113, 181.948150635, 177.239807129, 42.0935516357, 24.2740306854], [736.16015625, -44.3928985596, 351.865478516, 511.910797119, 410.34185791, 468.939849854, 406.904785156, 283.501983643, 242.872268677, 189.713760376, 177.070831299, 87.068145752, 77.5546035767], [637.722717285, -51.6339569092, 235.890548706, 371.319030762, 309.095458984, 311.961608887, 283.501983643, 312.278564453, 234.488342285, 175.548873901, 177.604537964, 103.758964539, 93.1632766724], [690.340209961, -64.9101409912, 220.336685181, 320.332397461, 235.833862305, 277.179016113, 242.872268677, 234.488342285, 283.685852051, 202.83416748, 193.654083252, 112.410133362, 107.423484802], [475.662658691, -60.5189704895, 121.437988281, 181.153930664, 131.702667236, 181.948150635, 189.713760376, 175.548873901, 202.83416748, 266.604797363, 186.576965332, 128.622421265, 121.350502014], [611.684814453, -86.5288619995, 117.476844788, 210.523132324, 131.188842773, 177.239807129, 177.070831299, 177.604537964, 193.654083252, 186.576965332, 237.995758057, 144.565093994, 128.634735107], [313.655731201, -11.610824585, 15.2518768311, 52.1719665527, 16.2395782471, 42.0935516357, 87.068145752, 103.758964539, 112.410133362, 128.622421265, 144.565093994, 168.085617065, 127.322364807], [352.044372559, -13.1512126923, 2.51048898697, 26.8887214661, 0.0265669301152, 24.2740306854, 77.5546035767, 93.1632766724, 107.423484802, 121.350502014, 128.634735107, 127.322364807, 180.845230103]],
