{
"lowlevel": {
    "average_loudness": 0.84822511673,
    "barkbands_crest": {
        "dmean": 3.41333937645,
        "dmean2": 5.2578868866,
        "dvar": 12.8268861771,
        "dvar2": 24.1886730194,
        "max": 26.8000831604,
        "mean": 12.4578018188,
        "median": 11.1576280594,
        "min": 2.04513239861,
        "var": 46.5289993286
    },
    "barkbands_flatness_db": {
        "dmean": 0.0456297062337,
        "dmean2": 0.0609213449061,
        "dvar": 0.00338726420887,
        "dvar2": 0.00523083657026,
        "max": 0.678319871426,
        "mean": 0.167167812586,
        "median": 0.132522687316,
        "min": 0.0144845908508,
        "var": 0.0122684184462
    },
    "barkbands_kurtosis": {
        "dmean": 60.9353370667,
        "dmean2": 96.8719711304,
        "dvar": 60743.65625,
        "dvar2": 151212.0625,
        "max": 3167.50390625,
        "mean": 53.7632369995,
        "median": 1.64724779129,
        "min": -1.85863828659,
        "var": 53457.84375
    },
    "barkbands_skewness": {
        "dmean": 2.12919139862,
        "dmean2": 2.97760343552,
        "dvar": 19.3448352814,
        "dvar2": 42.2894859314,
        "max": 53.583190918,
        "mean": 2.94595384598,
        "median": 1.25820589066,
        "min": -4.92552757263,
        "var": 31.5442638397
    },
    "barkbands_spread": {
        "dmean": 9.83810520172,
        "dmean2": 15.7004098892,
        "dvar": 184.831787109,
        "dvar2": 459.882446289,
        "max": 110.210861206,
        "mean": 22.5614147186,
        "median": 17.947183609,
        "min": 0.0523724779487,
        "var": 348.113433838
    },
    "dissonance": {
        "dmean": 0.0132466442883,
        "dmean2": 0.0221764408052,
        "dvar": 0.000259718595771,
        "dvar2": 0.000692487694323,
        "max": 0.500000119209,
        "mean": 0.481072843075,
        "median": 0.486843407154,
        "min": 0.0837946534157,
        "var": 0.000375454663299
    },
    "dynamic_complexity": 3.96475982666,
    "erbbands_crest": {
        "dmean": 3.03166270256,
        "dmean2": 4.7430472374,
        "dvar": 12.0328722,
        "dvar2": 23.8257427216,
        "max": 30.8796138763,
        "mean": 8.49703979492,
        "median": 6.47367095947,
        "min": 2.27498698235,
        "var": 30.5147647858
    },
    "erbbands_flatness_db": {
        "dmean": 0.0240396726876,
        "dmean2": 0.0343360081315,
        "dvar": 0.000656237942167,
        "dvar2": 0.0012560072355,
        "max": 0.491939634085,
        "mean": 0.163201525807,
        "median": 0.153248772025,
        "min": 0.045469623059,
        "var": 0.00361608038656
    },
    "erbbands_kurtosis": {
        "dmean": 2.43268823624,
        "dmean2": 3.79217123985,
        "dvar": 36.2840232849,
        "dvar2": 86.0928649902,
        "max": 120.700782776,
        "mean": 1.78165316582,
        "median": -0.0669431686401,
        "min": -1.87308144569,
        "var": 41.7488555908
    },
    "erbbands_skewness": {
        "dmean": 0.639877974987,
        "dmean2": 0.906429231167,
        "dvar": 0.735782265663,
        "dvar2": 1.39117145538,
        "max": 9.16291046143,
        "mean": 0.160211369395,
        "median": 0.0190457124263,
        "min": -5.28701972961,
        "var": 1.78068745136
    },
    "erbbands_spread": {
        "dmean": 13.6580858231,
        "dmean2": 21.4596290588,
        "dvar": 361.942047119,
        "dvar2": 893.952514648,
        "max": 207.607574463,
        "mean": 39.0128326416,
        "median": 33.9741325378,
        "min": 0.983337521553,
        "var": 647.160095215
    },
    "hfc": {
        "dmean": 14.8361778259,
        "dmean2": 22.2692813873,
        "dvar": 716.801330566,
        "dvar2": 1652.78588867,
        "max": 225.779968262,
        "mean": 25.9671134949,
        "median": 13.0315790176,
        "min": 1.09939906852e-16,
        "var": 1039.19482422
    },
    "melbands_crest": {
        "dmean": 4.78538274765,
        "dmean2": 7.54284572601,
        "dvar": 29.3514652252,
        "dvar2": 58.2102966309,
        "max": 37.6992950439,
        "mean": 18.7314319611,
        "median": 17.1448001862,
        "min": 1.7969353199,
        "var": 104.654006958
    },
    "melbands_flatness_db": {
        "dmean": 0.0580559372902,
        "dmean2": 0.0757095739245,
        "dvar": 0.00522325094789,
        "dvar2": 0.00787736754864,
        "max": 0.827002584934,
        "mean": 0.22509098053,
        "median": 0.190125972033,
        "min": 0.00424803141505,
        "var": 0.0210080910474
    },
    "melbands_kurtosis": {
        "dmean": 68.9344787598,
        "dmean2": 108.282165527,
        "dvar": 33175.828125,
        "dvar2": 73853.296875,
        "max": 3020.69726562,
        "mean": 82.8330841064,
        "median": 6.82121372223,
        "min": -1.76972472668,
        "var": 49409.8671875
    },
    "melbands_skewness": {
        "dmean": 2.37127828598,
        "dmean2": 3.53396606445,
        "dvar": 14.0312604904,
        "dvar2": 30.8726634979,
        "max": 42.213054657,
        "mean": 4.34627008438,
        "median": 2.36674118042,
        "min": -3.14790344238,
        "var": 30.2705173492
    },
    "melbands_spread": {
        "dmean": 13.8238105774,
        "dmean2": 21.7764892578,
        "dvar": 460.237915039,
        "dvar2": 1040.08752441,
        "max": 230.635284424,
        "mean": 28.5679531097,
        "median": 20.8030643463,
        "min": 0.105585061014,
        "var": 817.515563965
    },
    "pitch_salience": {
        "dmean": 0.116123199463,
        "dmean2": 0.176980659366,
        "dvar": 0.0169007759541,
        "dvar2": 0.0313924886286,
        "max": 0.950496613979,
        "mean": 0.484926640987,
        "median": 0.538027942181,
        "min": 0.0101118767634,
        "var": 0.0569379292428
    },
    "silence_rate_20dB": {
        "dmean": 0,
        "dmean2": 0,
        "dvar": 0,
        "dvar2": 0,
        "max": 1,
        "mean": 1,
        "median": 1,
        "min": 1,
        "var": 0
    },
    "silence_rate_30dB": {
        "dmean": 0.00148038484622,
        "dmean2": 0.00296113500372,
        "dvar": 0.00147815665696,
        "dvar2": 0.00443295575678,
        "max": 1,
        "mean": 0.999259889126,
        "median": 1,
        "min": 0,
        "var": 0.00073951104423
    },
    "silence_rate_60dB": {
        "dmean": 0.0397236607969,
        "dmean2": 0.0794571265578,
        "dvar": 0.0381486229599,
        "dvar2": 0.0886785015464,
        "max": 1,
        "mean": 0.111015170813,
        "median": 0,
        "min": 0,
        "var": 0.0986937507987
    },
    "spectral_centroid": {
        "dmean": 434.055084229,
        "dmean2": 639.48034668,
        "dvar": 334276.625,
        "dvar2": 605508.0625,
        "max": 11471.3535156,
        "mean": 1783.28942871,
        "median": 1722.65942383,
        "min": 81.428237915,
        "var": 1087658.75
    },
    "spectral_complexity": {
        "dmean": 6.56920814514,
        "dmean2": 9.35003089905,
        "dvar": 72.8917007446,
        "dvar2": 127.226837158,
        "max": 62,
        "mean": 18.9321575165,
        "median": 16,
        "min": 0,
        "var": 234.275588989
    },
    "spectral_decrease": {
        "dmean": 2.52756060526e-09,
        "dmean2": 3.44542394615e-09,
        "dvar": 1.24903461859e-17,
        "dvar2": 1.82393871007e-17,
        "max": 9.21893793906e-29,
        "mean": -7.80140840817e-09,
        "median": -5.66238078648e-09,
        "min": -2.94095521269e-08,
        "var": 4.76516450102e-17
    },
    "spectral_energy": {
        "dmean": 0.00994521006942,
        "dmean2": 0.0137693211436,
        "dvar": 0.000186941455468,
        "dvar2": 0.000276321079582,
        "max": 0.113050803542,
        "mean": 0.0317995809019,
        "median": 0.0239289477468,
        "min": 1.02080768042e-20,
        "var": 0.000716201262549
    },
    "spectral_energyband_high": {
        "dmean": 0.00131226202939,
        "dmean2": 0.00205967552029,
        "dvar": 7.32888202037e-06,
        "dvar2": 1.80180450116e-05,
        "max": 0.0239412561059,
        "mean": 0.00174052093644,
        "median": 0.000350988761056,
        "min": 7.29801825072e-21,
        "var": 9.17319084692e-06
    },
    "spectral_energyband_low": {
        "dmean": 0.00779600860551,
        "dmean2": 0.0108460243791,
        "dvar": 0.000173556472873,
        "dvar2": 0.000290682539344,
        "max": 0.102797657251,
        "mean": 0.0187079254538,
        "median": 0.0050209783949,
        "min": 2.28263939565e-23,
        "var": 0.000620346225332
    },
    "spectral_energyband_middle_high": {
        "dmean": 0.00344309117645,
        "dmean2": 0.00500248046592,
        "dvar": 3.05811045109e-05,
        "dvar2": 6.21347353444e-05,
        "max": 0.0476832389832,
        "mean": 0.00596539257094,
        "median": 0.00260376278311,
        "min": 1.42877588483e-21,
        "var": 6.13438169239e-05
    },
    "spectral_energyband_middle_low": {
        "dmean": 0.00515559548512,
        "dmean2": 0.00830251723528,
        "dvar": 0.00018694823666,
        "dvar2": 0.000427140039392,
        "max": 0.111404366791,
        "mean": 0.0063955122605,
        "median": 0.00249478546903,
        "min": 1.62640248001e-22,
        "var": 0.000192400300875
    },
    "spectral_entropy": {
        "dmean": 0.243480607867,
        "dmean2": 0.34787940979,
        "dvar": 0.134340152144,
        "dvar2": 0.233212485909,
        "max": 9.81447792053,
        "mean": 7.73506546021,
        "median": 7.90081310272,
        "min": 3.37107300758,
        "var": 0.39961245656
    },
    "spectral_flux": {
        "dmean": 0.0338742807508,
        "dmean2": 0.0506873950362,
        "dvar": 0.00181882071774,
        "dvar2": 0.00357354618609,
        "max": 0.372044444084,
        "mean": 0.0967504754663,
        "median": 0.0843405127525,
        "min": 6.54295992386e-11,
        "var": 0.00469137495384
    },
    "spectral_kurtosis": {
        "dmean": 2.03602695465,
        "dmean2": 3.38139533997,
        "dvar": 38.4065933228,
        "dvar2": 91.0874481201,
        "max": 221.28163147,
        "mean": 5.49539756775,
        "median": 3.02855491638,
        "min": -1.27089631557,
        "var": 89.7628173828
    },
    "spectral_rms": {
        "dmean": 0.000947121123318,
        "dmean2": 0.00132144161034,
        "dvar": 1.5573722294e-06,
        "dvar2": 2.40826034315e-06,
        "max": 0.0105020701885,
        "mean": 0.00493094930425,
        "median": 0.0048316991888,
        "min": 3.15580396017e-12,
        "var": 6.70973986416e-06
    },
    "spectral_rolloff": {
        "dmean": 1034.43786621,
        "dmean2": 1612.85046387,
        "dvar": 3430230.5,
        "dvar2": 6939917,
        "max": 19099.9511719,
        "mean": 2092.56347656,
        "median": 1313.52539062,
        "min": 43.06640625,
        "var": 6368017.5
    },
    "spectral_skewness": {
        "dmean": 0.262024492025,
        "dmean2": 0.406158745289,
        "dvar": 0.156591176987,
        "dvar2": 0.341680020094,
        "max": 11.5148668289,
        "mean": 1.55300247669,
        "median": 1.33753073215,
        "min": -0.0397744551301,
        "var": 0.72690141201
    },
    "spectral_spread": {
        "dmean": 655074.25,
        "dmean2": 923275,
        "dvar": 713318596608,
        "dvar2": 1.23644320154e+12,
        "max": 42699612,
        "mean": 4813407.5,
        "median": 4519213.5,
        "min": 579338.875,
        "var": 5.59160859034e+12
    },
    "spectral_strongpeak": {
        "dmean": 0.489678114653,
        "dmean2": 0.796320021152,
        "dvar": 0.783707737923,
        "dvar2": 1.83801162243,
        "max": 10.7142953873,
        "mean": 0.894856572151,
        "median": 0.337736546993,
        "min": 0,
        "var": 2.40696454048
    },
    "zerocrossingrate": {
        "dmean": 0.0208939313889,
        "dmean2": 0.0230025947094,
        "dvar": 0.000794008432422,
        "dvar2": 0.000916942954063,
        "max": 0.56982421875,
        "mean": 0.0750413089991,
        "median": 0.060546875,
        "min": 0.00146484375,
        "var": 0.00374232814647
    },
    "barkbands": {
        "dmean": [0.000713367888238, 0.00568625424057, 0.00298840552568, 0.00253163883463, 0.00205866550095, 0.000636336044408, 0.000542863330338, 0.00041588966269, 0.000663859362248, 0.000642972416244, 0.000741232943255, 0.000685305334628, 0.000570897711441, 0.000530327844899, 0.000308390561258, 0.000409990287153, 0.000226572868996, 0.000257783045527, 0.00029989136965, 0.00030388115556, 0.000297655118629, 0.00025252753403, 0.000237352011027, 0.000201102215215, 0.000153721208335, 9.76927694865e-05, 2.93092398351e-05],
        "dmean2": [0.00100847496651, 0.00766725279391, 0.00502950046211, 0.00429294444621, 0.00363330519758, 0.00112755410373, 0.000932234688662, 0.000689162523486, 0.00110686419066, 0.001058625523, 0.00116580503527, 0.00109662325121, 0.000913847703487, 0.000877968384884, 0.000497702741995, 0.000654637231492, 0.000369666580809, 0.00041693719686, 0.00047228942276, 0.000480628747027, 0.000478014146211, 0.000403861573432, 0.00039032305358, 0.000325809174683, 0.000245475879638, 0.000153299057274, 4.60818228021e-05],
        "dvar": [2.95483209811e-06, 0.000109443353722, 8.93130491022e-05, 8.38919149828e-05, 5.03545015818e-05, 2.44673969974e-06, 1.41604311921e-06, 6.76111199027e-07, 2.16541866394e-06, 1.63024367339e-06, 3.3391947909e-06, 3.37560231856e-06, 1.66415259173e-06, 2.57945998783e-06, 3.74024381244e-07, 9.16689998576e-07, 2.16797474195e-07, 2.62787523297e-07, 3.83265501114e-07, 3.92242554881e-07, 3.71727395532e-07, 2.69480409543e-07, 2.87796353859e-07, 2.10350933116e-07, 1.27999470578e-07, 5.98081086878e-08, 6.38718100632e-09],
        "dvar2": [4.59197781311e-06, 0.000180362680112, 0.000223869355978, 0.000202860290301, 0.000135067122756, 6.90893784849e-06, 3.82353982786e-06, 1.61278194355e-06, 5.43128317076e-06, 4.04681031796e-06, 7.90348258306e-06, 8.08420372778e-06, 3.80709570891e-06, 6.53224560665e-06, 9.08478625661e-07, 1.91529193216e-06, 5.60729404242e-07, 6.51252832995e-07, 9.23291793242e-07, 9.21267371723e-07, 9.03838440536e-07, 6.51660116091e-07, 7.59743386425e-07, 5.44383681245e-07, 3.30700714812e-07, 1.52779307427e-07, 1.58703112874e-08],
        "max": [0.0221927575767, 0.0959570556879, 0.0779564976692, 0.0732552409172, 0.068753272295, 0.0159576311707, 0.0158501323313, 0.0150456745178, 0.0223513990641, 0.0170914009213, 0.0242474786937, 0.0283466298133, 0.0202178079635, 0.0233263652772, 0.010910465382, 0.0171208847314, 0.00800626538694, 0.00935773923993, 0.00971871428192, 0.00937936548144, 0.00609740521759, 0.00544806662947, 0.00560582149774, 0.00568407541141, 0.00442291004583, 0.00285234278999, 0.00118817551993],
        "mean": [0.0019061077619, 0.0133154308423, 0.00260154530406, 0.00206193560734, 0.00164126418531, 0.00062799610896, 0.000592862081248, 0.000503593473695, 0.000737242575269, 0.000774960964918, 0.000857406586874, 0.000741838593967, 0.00072624423774, 0.000570851960219, 0.000391752633732, 0.000782645365689, 0.000293256598525, 0.000340312137268, 0.000407904473832, 0.0003981088812, 0.000379205623176, 0.00031218767981, 0.000276402453892, 0.000231651414651, 0.000175516237505, 0.000117065872473, 3.43452120433e-05],
        "median": [2.51618257607e-05, 0.00122142862529, 0.00032438460039, 0.00014635444677, 0.000196362787392, 0.000159680566867, 0.000154258741532, 0.000143651515828, 0.000210991900531, 0.000251757039223, 0.000172205822309, 0.00019983308448, 0.000185275333934, 0.000143671553815, 0.000113555826829, 0.000138893708936, 8.9098168246e-05, 9.49040331761e-05, 0.000103905920696, 9.69012326095e-05, 8.41035944177e-05, 6.05688364885e-05, 4.18113668275e-05, 2.6843024898e-05, 1.50155055962e-05, 5.98011502007e-06, 6.02267505201e-07],
        "min": [1.18957098646e-24, 4.14926715536e-24, 5.32586187297e-24, 3.70412951262e-24, 2.22326309749e-23, 1.74191942133e-23, 1.32182543021e-23, 2.42932650325e-23, 1.96111278577e-23, 4.01375615575e-23, 2.40581229516e-23, 3.91273462822e-23, 6.32486270156e-23, 6.52075769026e-23, 6.05935484006e-23, 7.28828148572e-23, 8.3234443293e-23, 1.16956997435e-22, 1.97772376675e-22, 1.8649152689e-22, 3.09365498608e-22, 3.15933794318e-22, 4.26901027698e-22, 6.18594076206e-22, 9.01913937322e-22, 1.37544171847e-21, 2.15512740144e-21],
        "var": [1.35826703627e-05, 0.000380712706828, 7.27660226403e-05, 7.26665602997e-05, 3.50394802808e-05, 1.84008933957e-06, 1.58119416938e-06, 1.11910094347e-06, 2.35898096435e-06, 2.03217200578e-06, 4.59687771581e-06, 3.43336000697e-06, 2.6166292173e-06, 2.62919365923e-06, 5.04357899445e-07, 4.1164880713e-06, 2.61126729129e-07, 3.68726347233e-07, 5.68470170492e-07, 5.36958054909e-07, 4.93167704008e-07, 3.43661042734e-07, 2.98568039625e-07, 2.16655308805e-07, 1.34439673616e-07, 6.93009596375e-08, 7.91994114735e-09]
    },
    "erbbands": {
        "dmean": [0.23517793417, 1.03384029865, 3.01058697701, 5.8908867836, 8.8590259552, 5.68679237366, 4.73347234726, 5.53647041321, 7.92150115967, 7.69552659988, 10.1599493027, 14.7082166672, 18.9759654999, 25.2729701996, 27.5403270721, 26.6387138367, 25.829788208, 28.0164394379, 18.3514499664, 17.6119804382, 19.2302284241, 12.7243080139, 13.3944540024, 15.2610874176, 14.893573761, 14.1173686981, 12.7263402939, 11.1907968521, 9.461810112, 7.79429197311, 6.40693569183, 4.98985004425, 3.02839612961, 1.82634985447, 1.05533754826, 0.468092501163, 0.170724257827, 0.0473936609924, 0.00481158215553, 8.16578467493e-05],
        "dmean2": [0.319924145937, 1.39290857315, 4.7892780304, 9.78192138672, 14.7445583344, 10.2902021408, 8.60883331299, 9.67280960083, 13.6930065155, 12.8332338333, 17.0095405579, 24.6150016785, 31.3956985474, 39.6489715576, 43.6258926392, 42.2185249329, 40.8229522705, 45.6068191528, 29.1516132355, 28.2769546509, 30.535900116, 20.433380127, 21.397354126, 24.3584270477, 23.5009784698, 22.1964244843, 20.3207836151, 18.0387020111, 15.180056572, 12.6109428406, 10.5281496048, 8.19656085968, 4.90023899078, 2.93524050713, 1.68894660473, 0.746697127819, 0.266343057156, 0.0733621865511, 0.00763782951981, 0.000126376544358],
        "dvar": [0.231955915689, 5.06026220322, 86.6441879272, 332.575500488, 1121.17431641, 325.503387451, 196.855499268, 164.361022949, 309.606079102, 239.973129272, 466.944458008, 1155.45654297, 1497.78125, 3210.86230469, 4641.89746094, 4621.31835938, 3381.74829102, 6352.93017578, 1679.39916992, 1060.11816406, 1903.30981445, 681.412658691, 676.336425781, 1092.85900879, 890.940246582, 858.367004395, 689.890930176, 548.018981934, 380.503692627, 276.20111084, 210.506774902, 134.294311523, 49.7427406311, 18.666633606, 5.91968154907, 1.29892742634, 0.185423970222, 0.0160696133971, 0.000172018568264, 3.81830389529e-08],
        "dvar2": [0.344172984362, 8.32709789276, 199.666152954, 838.68359375, 2676.97851562, 926.835021973, 569.988952637, 453.306945801, 845.935241699, 610.144348145, 1151.66162109, 2910.2800293, 3827.53466797, 7067.29345703, 11277.6904297, 11026.1337891, 7819.56005859, 16410.6601562, 3980.57324219, 2546.53881836, 3982.97094727, 1746.78100586, 1650.7322998, 2735.55712891, 2146.98583984, 1976.0411377, 1681.45373535, 1317.78662109, 934.645019531, 696.654541016, 553.147216797, 352.951538086, 129.161727905, 48.3502006531, 15.223443985, 3.37899661064, 0.46653392911, 0.0400483161211, 0.000430427142419, 9.62698933904e-08],
        "max": [4.05653858185, 23.5143527985, 82.6376647949, 149.263214111, 354.696563721, 164.622299194, 132.844741821, 164.832839966, 276.170196533, 268.582489014, 304.414825439, 645.134765625, 497.519866943, 885.635253906, 909.866333008, 1020.15246582, 927.754089355, 1011.04852295, 638.282348633, 442.068847656, 893.432983398, 509.550445557, 507.780426025, 801.333862305, 333.747283936, 415.274902344, 342.560241699, 245.038513184, 231.947891235, 157.01751709, 174.554931641, 169.714523315, 74.2180480957, 49.478843689, 33.487651825, 14.1532115936, 5.05657196045, 1.97859632969, 0.168720275164, 0.00268016685732],
        "mean": [0.63062697649, 1.96709835529, 3.07440209389, 5.16781330109, 7.21045255661, 4.54463338852, 3.98796725273, 5.75620555878, 8.56532001495, 9.1477689743, 11.9257183075, 16.3472309113, 22.5094966888, 32.2279472351, 31.3635501862, 30.2542877197, 33.3396759033, 31.6825904846, 23.5028610229, 27.5916614532, 36.9242324829, 17.4958076477, 18.2990150452, 20.3526210785, 20.0125427246, 18.8059711456, 16.4917831421, 14.0166330338, 11.4643888474, 9.26766967773, 7.56280755997, 5.67987728119, 3.43879675865, 2.06878590584, 1.19340825081, 0.554495811462, 0.201813265681, 0.0589495711029, 0.00546089513227, 0.000127454826725],
        "median": [0.0233071576804, 0.293454378843, 0.546658575535, 0.664687812328, 0.516089916229, 0.65047711134, 0.723614990711, 1.55249118805, 2.29517626762, 2.79664683342, 3.2301170826, 4.83883190155, 7.96505784988, 7.90385198593, 7.65992498398, 8.74003505707, 8.92579174042, 8.35379886627, 7.18743848801, 7.74939250946, 7.21646690369, 6.19141530991, 5.37793684006, 5.33160400391, 4.84745597839, 4.58524560928, 3.85299229622, 2.9562921524, 2.25095963478, 1.58702170849, 1.14676249027, 0.693250834942, 0.376090675592, 0.197513133287, 0.0878681316972, 0.032458126545, 0.00979897007346, 0.00209924974479, 0.000112606547191, 4.98110530316e-05],
        "min": [1.3130479958e-22, 1.14818394259e-21, 5.73981838741e-21, 1.36714262912e-20, 4.18506020937e-20, 6.3047098828e-20, 1.47580860302e-19, 8.63442659644e-20, 2.15578609247e-19, 3.00945083104e-19, 7.06611697045e-19, 3.6227132314e-19, 8.08926907783e-19, 1.37138232396e-18, 7.98365052132e-19, 2.91428447704e-18, 2.90560135536e-18, 3.47412383114e-18, 3.79083474407e-18, 3.59719548499e-18, 4.90659840642e-18, 5.48402837662e-18, 6.87972608828e-18, 8.83138305657e-18, 1.309837853e-17, 9.07851567228e-18, 1.19657209444e-17, 1.23515742304e-17, 9.58361614255e-18, 1.23995325079e-17, 1.29109145878e-17, 1.47288226549e-17, 1.01023865996e-17, 1.02269136777e-17, 6.86332144237e-18, 4.75208644467e-18, 2.58507486505e-18, 1.00103691671e-18, 3.18055675966e-19, 3.15348132875e-20],
        "var": [1.05948340893, 12.8642721176, 89.1708450317, 272.749237061, 1004.43304443, 200.77722168, 120.579208374, 144.827972412, 325.203674316, 362.20324707, 660.069641113, 1234.9029541, 1658.38830566, 5860.63769531, 4923.49951172, 4822.59277344, 5208.44482422, 6028.36425781, 2343.6652832, 2230.109375, 8477.18066406, 851.795043945, 1014.95910645, 1567.11401367, 1277.65112305, 1211.64587402, 924.640686035, 702.684204102, 466.786193848, 324.636749268, 223.69102478, 133.768371582, 50.1985931396, 19.1191234589, 6.33371734619, 1.46372699738, 0.217503219843, 0.0197596158832, 0.000206396638532, 4.95830896341e-08]
    },
    "gfcc": {
        "mean": [-39.5799369812, 60.7366065979, -119.348770142, 30.9226818085, -46.9439506531, 24.1200218201, -22.5407505035, 10.5190439224, -18.7367610931, 4.73583030701, -13.9382143021, 1.95741903782, -9.91920948029],
        "cov": [[19092.0058594, -3808.56494141, -1223.95751953, 713.049499512, -1049.59436035, -168.982208252, -691.863830566, 221.76574707, -725.697875977, 273.025482178, -517.14276123, 303.624053955, -289.25668335], [-3808.56494141, 4407.45703125, 342.029174805, -218.526992798, 382.65625, -374.742889404, 269.224487305, -324.195129395, 369.376525879, -179.91355896, 295.395690918, -153.836151123, 193.931137085], [-1223.95751953, 342.029174805, 2279.35961914, 849.325195312, 795.211242676, 387.4425354, 213.34274292, 87.4411468506, 49.6235351562, 12.1863908768, 60.2795715332, -13.7452068329, -23.1784515381], [713.049499512, -218.526992798, 849.325195312, 1056.67236328, 469.383178711, 271.706268311, 157.125183105, 79.1937789917, 15.7188529968, -14.2499055862, 9.68292713165, 7.5359287262, 21.8671569824], [-1049.59436035, 382.65625, 795.211242676, 469.383178711, 842.112915039, 352.613464355, 347.107025146, 102.03250885, 140.346252441, 7.15496826172, 79.8642959595, 20.1554279327, 89.2271347046], [-168.982208252, -374.742889404, 387.4425354, 271.706268311, 352.613464355, 446.165313721, 249.226425171, 185.227279663, 40.3151664734, 50.0201225281, 25.8751316071, 37.6180000305, 27.0691242218], [-691.863830566, 269.224487305, 213.34274292, 157.125183105, 347.107025146, 249.226425171, 412.114349365, 147.182113647, 117.45425415, 14.6438884735, 97.8380050659, 17.6343841553, 68.111114502], [221.76574707, -324.195129395, 87.4411468506, 79.1937789917, 102.03250885, 185.227279663, 147.182113647, 226.410400391, 93.0085754395, 74.0737304688, 7.09776210785, 37.4418525696, 24.09948349], [-725.697875977, 369.376525879, 49.6235351562, 15.7188529968, 140.346252441, 40.3151664734, 117.45425415, 93.0085754395, 233.566467285, 65.5463104248, 67.3256988525, -5.4849858284, 68.8132247925], [273.025482178, -179.91355896, 12.1863908768, -14.2499055862, 7.15496826172, 50.0201225281, 14.6438884735, 74.0737304688, 65.5463104248, 143.608718872, 50.9474105835, 41.3965568542, 9.6477098465], [-517.14276123, 295.395690918, 60.2795715332, 9.68292713165, 79.8642959595, 25.8751316071, 97.8380050659, 7.09776210785, 67.3256988525, 50.9474105835, 139.621398926, 38.3434371948, 45.7448768616], [303.624053955, -153.836151123, -13.7452068329, 7.5359287262, 20.1554279327, 37.6180000305, 17.6343841553, 37.4418525696, -5.4849858284, 41.3965568542, 38.3434371948, 103.158256531, 48.3121948242], [-289.25668335, 193.931137085, -23.1784515381, 21.8671569824, 89.2271347046, 27.0691242218, 68.111114502, 24.09948349, 68.8132247925, 9.6477098465, 45.7448768616, 48.3121948242, 115.402915955]],
        "icov": [[0.000102852252894, -2.41466623265e-05, 8.71733936947e-05, -0.000194524604012, 4.33790737588e-05, 0.000125684891827, -1.76148987521e-05, -0.00018576864386, 0.000328849273501, -0.000410231092246, 0.000415663525928, -0.000342012412148, 0.000155534798978], [-2.41466623265e-05, 0.000606528250501, -0.000197440866032, 0.000268028990831, -0.000131202861667, 0.000497233821079, -0.000401694909669, 0.000848519266583, -0.000927122891881, 0.000872581324074, -0.000977428280748, 0.000770521000959, -0.000580763851758], [8.71733936947e-05, -0.000197440866032, 0.000972601934336, -0.000612290459685, -0.000665106868837, -0.000186493663932, 0.000572203251068, -0.000604301632848, 0.000628640409559, -0.000484998949105, 4.32222332165e-05, -0.000306543603074, 0.000985023449175], [-0.000194524604012, 0.000268028990831, -0.000612290459685, 0.00197029695846, -0.000570285774302, -0.000336135330144, 8.02050853963e-05, 0.000378785858629, -0.000630482623819, 0.00130964943673, -0.00104399269912, 0.0010292098159, -0.000791545258835], [4.33790737588e-05, -0.000131202861667, -0.000665106868837, -0.000570285774302, 0.00366743048653, -0.00167010619771, -0.00183707568794, 0.00200540502556, -0.00145775580313, -0.000183125026524, 0.00146846217103, -0.00111017515883, -0.000707465515006], [0.000125684891827, 0.000497233821079, -0.000186493663932, -0.000336135330144, -0.00167010619771, 0.00677644321695, -0.00197802600451, -0.00330580188893, 0.00225971126929, -0.00120186165441, 0.0001218237594, 0.000534059188794, -0.000453570391983], [-1.76148987521e-05, -0.000401694909669, 0.000572203251068, 8.02050853963e-05, -0.00183707568794, -0.00197802600451, 0.00753970723599, -0.00457048323005, 0.000730522326194, 0.00271419691853, -0.00483007961884, 0.0019210553728, -0.000432663975516], [-0.00018576864386, 0.000848519266583, -0.000604301632848, 0.000378785858629, 0.00200540502556, -0.00330580188893, -0.00457048323005, 0.0145878614858, -0.00712743168697, -0.00181890767999, 0.00449045794085, -0.00378043251112, 0.00099603983108], [0.000328849273501, -0.000927122891881, 0.000628640409559, -0.000630482623819, -0.00145775580313, 0.00225971126929, 0.000730522326194, -0.00712743168697, 0.0131441401318, -0.00596375856549, -0.000794083985966, 0.00544022955, -0.00501951668411], [-0.000410231092246, 0.000872581324074, -0.000484998949105, 0.00130964943673, -0.000183125026524, -0.00120186165441, 0.00271419691853, -0.00181890767999, -0.00596375856549, 0.0160570722073, -0.00801586452872, -0.00196940801106, 0.00257689226419], [0.000415663525928, -0.000977428280748, 4.32222332165e-05, -0.00104399269912, 0.00146846217103, 0.0001218237594, -0.00483007961884, 0.00449045794085, -0.000794083985966, -0.00801586452872, 0.018294673413, -0.00771709252149, 0.000762360286899], [-0.000342012412148, 0.000770521000959, -0.000306543603074, 0.0010292098159, -0.00111017515883, 0.000534059188794, 0.0019210553728, -0.00378043251112, 0.00544022955, -0.00196940801106, -0.00771709252149, 0.0220201835036, -0.0112587399781], [0.000155534798978, -0.000580763851758, 0.000985023449175, -0.000791545258835, -0.000707465515006, -0.000453570391983, -0.000432663975516, 0.00099603983108, -0.00501951668411, 0.00257689226419, 0.000762360286899, -0.0112587399781, 0.0182684659958]]
    },
    "melbands": {
        "dmean": [0.00174387334846, 0.00134124909528, 0.00111706834286, 0.000514690123964, 0.000178159447387, 0.000126173443277, 0.000116427785542, 8.34328166093e-05, 8.89599104994e-05, 9.56981675699e-05, 9.59587559919e-05, 0.000100654317066, 9.55704017542e-05, 8.30886056065e-05, 6.20606733719e-05, 5.40394430573e-05, 5.56217964913e-05, 3.15862707794e-05, 2.35214938584e-05, 3.10507020913e-05, 2.0333844077e-05, 1.3589565242e-05, 1.29042855406e-05, 1.25817869048e-05, 1.2973736375e-05, 1.16654373414e-05, 1.09933862404e-05, 9.4802089734e-06, 8.3544791778e-06, 7.35038975108e-06, 6.50949687042e-06, 5.51725725018e-06, 4.94011692354e-06, 4.3135296437e-06, 3.73679927179e-06, 3.80934602617e-06, 2.81199118035e-06, 2.24515110858e-06, 1.79808239409e-06, 1.47822208874e-06],
        "dmean2": [0.00239706248976, 0.00196549901739, 0.0018219643971, 0.000881083426066, 0.000323846557876, 0.000221162437811, 0.000200813650736, 0.000137527196785, 0.000149764367961, 0.00016023205535, 0.000159399554832, 0.0001597894734, 0.000151889878907, 0.000132086788653, 0.0001004885562, 8.61120279296e-05, 9.22394610825e-05, 5.00619644299e-05, 3.82629295927e-05, 5.0080310757e-05, 3.26357621816e-05, 2.21019090532e-05, 2.0900484742e-05, 2.0501031031e-05, 2.0908722945e-05, 1.85448079719e-05, 1.78525369847e-05, 1.50602809299e-05, 1.34621659527e-05, 1.17793779282e-05, 1.05645840449e-05, 8.90188312042e-06, 8.05376294011e-06, 7.08879269951e-06, 6.18059493718e-06, 6.36836648482e-06, 4.60736418972e-06, 3.66840481547e-06, 2.93870039059e-06, 2.38254142459e-06],
        "dvar": [1.07506439235e-05, 1.27748480736e-05, 1.23921763588e-05, 3.13478858516e-06, 2.77330343579e-07, 8.40084624087e-08, 6.65961223945e-08, 2.71888325187e-08, 3.98744504082e-08, 4.67163054907e-08, 3.85173386519e-08, 4.94664149642e-08, 5.58773898263e-08, 5.66526878742e-08, 1.86122157686e-08, 1.59964361757e-08, 2.96843971626e-08, 5.97335159114e-09, 2.1541359807e-09, 5.4171094277e-09, 1.87756410419e-09, 8.37928892938e-10, 6.55125620419e-10, 6.33111230108e-10, 8.65692018071e-10, 5.8135934955e-10, 5.83655290765e-10, 4.03320321585e-10, 3.05302005899e-10, 2.30081537156e-10, 2.01360345065e-10, 1.29783114811e-10, 1.12018297416e-10, 8.82154210791e-11, 7.06854991206e-11, 8.43100658732e-11, 4.34038499586e-11, 2.74616076407e-11, 1.8565298604e-11, 1.24435314483e-11],
        "dvar2": [1.64208722708e-05, 2.48198866757e-05, 2.88004757749e-05, 8.03765851742e-06, 8.05355966804e-07, 2.33346867162e-07, 1.81381935249e-07, 6.78204727933e-08, 1.01673528263e-07, 1.1721385107e-07, 9.89380311012e-08, 1.11218632526e-07, 1.36731983957e-07, 1.35236390975e-07, 4.53564474867e-08, 3.68855985755e-08, 7.7862260639e-08, 1.37343887374e-08, 5.30266941468e-09, 1.15856657601e-08, 4.13387946097e-09, 2.17661022539e-09, 1.65797819918e-09, 1.57770441156e-09, 2.19536855361e-09, 1.40490086231e-09, 1.46441769822e-09, 9.28818522095e-10, 7.56196827378e-10, 5.69655378424e-10, 4.83709017285e-10, 3.18434612012e-10, 2.82876611024e-10, 2.26865276565e-10, 1.855435805e-10, 2.27704882727e-10, 1.13359766019e-10, 7.14303824423e-11, 4.85136583683e-11, 3.23141791103e-11],
        "max": [0.0265518203378, 0.0327302776277, 0.027943957597, 0.0175935123116, 0.00485532311723, 0.00362634542398, 0.00371651630849, 0.00315108359791, 0.00251563685015, 0.00405637640506, 0.00249320524745, 0.00333687709644, 0.00292267347686, 0.00419752020389, 0.00214284844697, 0.00204806867987, 0.0022720627021, 0.00138113438152, 0.000674497336149, 0.0012149483664, 0.000827790936455, 0.000628079695161, 0.000381689227652, 0.000457359565189, 0.000723922858015, 0.000353489973349, 0.000387962616514, 0.000258824904449, 0.000242447815253, 0.00018040141731, 0.000161580755957, 0.000132823188324, 0.000119188327517, 9.7225929494e-05, 0.000115044189442, 0.000105632985651, 0.000102572099422, 5.5771204643e-05, 5.06515098095e-05, 4.35915353592e-05],
        "mean": [0.00448270421475, 0.00193996704184, 0.00100887322333, 0.00042359760846, 0.000148812367115, 0.000130648870254, 0.000126765284222, 0.000100314740848, 9.99789772322e-05, 0.000105402919871, 0.000111438101158, 0.000126319398987, 0.000108268031909, 8.8931141363e-05, 7.26620201021e-05, 6.93057882017e-05, 5.87875401834e-05, 3.87174077332e-05, 2.93329994747e-05, 5.78531362407e-05, 3.58020479325e-05, 1.73933567567e-05, 1.65076762642e-05, 1.62244014064e-05, 1.64951215993e-05, 1.5424873709e-05, 1.34392666951e-05, 1.2260911717e-05, 1.05089293356e-05, 9.00659415493e-06, 7.83601899457e-06, 6.56718020764e-06, 5.73020497541e-06, 4.95315589433e-06, 4.34961339124e-06, 4.15404110754e-06, 3.17948138218e-06, 2.49818594966e-06, 1.9869148673e-06, 1.65545259279e-06],
        "median": [0.000284003617708, 0.000575017300434, 0.000123857520521, 4.53804168501e-05, 2.47788757406e-05, 3.52409915649e-05, 3.39904690918e-05, 2.96659145533e-05, 2.49396762229e-05, 3.09550014208e-05, 3.84239792766e-05, 3.07572481688e-05, 2.47143179877e-05, 2.23005936277e-05, 2.07935536309e-05, 1.81861469173e-05, 1.42578928717e-05, 1.05742283267e-05, 8.22650781629e-06, 1.03522579593e-05, 7.40878112993e-06, 5.38566473551e-06, 4.55054941995e-06, 4.40450412498e-06, 4.10214715885e-06, 3.75421382159e-06, 2.93752282232e-06, 2.87036664304e-06, 2.40598433265e-06, 1.86711133665e-06, 1.57012368618e-06, 1.26354620988e-06, 1.02995602447e-06, 7.54408745252e-07, 6.59700845063e-07, 5.04976242155e-07, 3.84245907981e-07, 2.74402680134e-07, 2.01150498924e-07, 1.49607060962e-07],
        "min": [1.18051032732e-24, 1.97595141717e-24, 3.8579995932e-24, 4.6468821921e-24, 4.90972867356e-24, 2.40481919817e-24, 3.23837124304e-24, 4.53465095111e-24, 5.26207339688e-24, 2.135790611e-24, 3.67722698917e-24, 5.42053701451e-24, 2.83539821569e-24, 3.89236552967e-24, 7.5866914734e-24, 6.92338803644e-24, 5.75775454111e-24, 5.77624938503e-24, 4.15775648199e-24, 5.72446618863e-24, 3.74836015472e-24, 4.53157281586e-24, 5.66556628357e-24, 5.76789653133e-24, 5.97243790887e-24, 7.9945727933e-24, 7.83153496572e-24, 5.1440176014e-24, 5.86896499608e-24, 7.69411697375e-24, 5.94787001926e-24, 5.17618222152e-24, 6.02664211939e-24, 6.66482388639e-24, 6.0766886385e-24, 8.65055796765e-24, 8.49773667765e-24, 7.09245039475e-24, 7.07619276036e-24, 8.75859562406e-24],
        "var": [4.50826373708e-05, 2.06858130696e-05, 1.16679839266e-05, 2.47834759648e-06, 1.67269263329e-07, 7.15422743269e-08, 6.94094737241e-08, 4.31534310508e-08, 4.96880829814e-08, 4.99085004435e-08, 4.1879410162e-08, 8.69104184176e-08, 6.27343155202e-08, 5.70087124174e-08, 2.17256257429e-08, 2.41231656872e-08, 2.64567603381e-08, 8.76536443428e-09, 2.83706347304e-09, 2.26920882085e-08, 6.96306079462e-09, 9.74462954773e-10, 8.71074157249e-10, 8.62163729298e-10, 1.18144449779e-09, 8.23264512118e-10, 6.90253965097e-10, 5.51635404022e-10, 3.92589849518e-10, 2.97833951945e-10, 2.42343700663e-10, 1.56705176613e-10, 1.29339663979e-10, 9.75830041772e-11, 7.54354981258e-11, 7.81206765943e-11, 4.33846882031e-11, 2.73446387061e-11, 1.81255652848e-11, 1.26553134291e-11]
    },
    "mfcc": {
        "mean": [-675.532104492, 90.8020477295, -7.69122457504, 17.327791214, 1.65883290768, 15.4911661148, 8.71676445007, 10.0342187881, 4.89404964447, 6.28024435043, 1.18374705315, 2.68244099617, 1.57812392712],
        "cov": [[13073.0166016, -1098.43286133, -1151.8269043, -381.029510498, -602.635559082, -369.559631348, -334.089355469, -232.998794556, -282.01776123, -183.355667114, -246.640060425, -210.787017822, -195.29145813], [-1098.43286133, 3036.92041016, 98.8473739624, 228.864761353, -62.0882797241, -47.6789512634, -163.221679688, -122.667480469, -49.2209739685, -58.3108673096, 1.15171003342, 59.8488197327, 82.600402832], [-1151.8269043, 98.8473739624, 1392.58300781, 605.760314941, 574.56048584, 304.545410156, 246.359588623, 147.196655273, 80.3866195679, 71.1418457031, 96.6352767944, 36.3777389526, 10.8278656006], [-381.029510498, 228.864761353, 605.760314941, 776.874206543, 470.110290527, 307.091705322, 196.055206299, 157.16835022, 85.7582778931, 57.123336792, 45.1039085388, 5.42562484741, 3.26825666428], [-602.635559082, -62.0882797241, 574.56048584, 470.110290527, 606.455627441, 349.337432861, 256.54586792, 177.396514893, 148.6015625, 89.0325698853, 70.0165481567, 32.8044509888, 29.3343677521], [-369.559631348, -47.6789512634, 304.545410156, 307.091705322, 349.337432861, 356.798736572, 282.747650146, 182.894271851, 124.559059143, 83.3100204468, 71.568031311, 34.5418739319, 19.7704029083], [-334.089355469, -163.221679688, 246.359588623, 196.055206299, 256.54586792, 282.747650146, 385.354278564, 237.151428223, 132.271057129, 91.7852783203, 85.8137054443, 32.4944458008, 10.2095308304], [-232.998794556, -122.667480469, 147.196655273, 157.16835022, 177.396514893, 182.894271851, 237.151428223, 255.638626099, 159.725341797, 97.7444534302, 60.5883636475, 27.5521945953, 19.3499412537], [-282.01776123, -49.2209739685, 80.3866195679, 85.7582778931, 148.6015625, 124.559059143, 132.271057129, 159.725341797, 211.808395386, 125.09135437, 59.4072608948, 43.8659973145, 45.0257301331], [-183.355667114, -58.3108673096, 71.1418457031, 57.123336792, 89.0325698853, 83.3100204468, 91.7852783203, 97.7444534302, 125.09135437, 158.309753418, 90.948638916, 48.7070388794, 31.6588306427], [-246.640060425, 1.15171003342, 96.6352767944, 45.1039085388, 70.0165481567, 71.568031311, 85.8137054443, 60.5883636475, 59.4072608948, 90.948638916, 119.604766846, 58.9630088806, 23.0462627411], [-210.787017822, 59.8488197327, 36.3777389526, 5.42562484741, 32.8044509888, 34.5418739319, 32.4944458008, 27.5521945953, 43.8659973145, 48.7070388794, 58.9630088806, 88.5563735962, 58.8557548523], [-195.29145813, 82.600402832, 10.8278656006, 3.26825666428, 29.3343677521, 19.7704029083, 10.2095308304, 19.3499412537, 45.0257301331, 31.6588306427, 23.0462627411, 58.8557548523, 97.1166687012]],
