{
"lowlevel": {
    "average_loudness": 0.800465941429,
    "barkbands_crest": {
        "dmean": 2.30903744698,
        "dmean2": 3.60427927971,
        "dvar": 6.96214818954,
        "dvar2": 16.6335830688,
        "max": 25.976108551,
        "mean": 11.7629032135,
        "median": 10.8196792603,
        "min": 2.65569615364,
        "var": 24.1133537292
    },
    "barkbands_flatness_db": {
        "dmean": 0.0289985295385,
        "dmean2": 0.0408887080848,
        "dvar": 0.00154679059051,
        "dvar2": 0.00298894685693,
        "max": 0.778120756149,
        "mean": 0.196201995015,
        "median": 0.197461038828,
        "min": 0.0176803767681,
        "var": 0.00997515767813
    },
    "barkbands_kurtosis": {
        "dmean": 8.77021980286,
        "dmean2": 14.9202194214,
        "dvar": 1645.82116699,
        "dvar2": 4415.25927734,
        "max": 689.27166748,
        "mean": 9.93097782135,
        "median": 1.42909026146,
        "min": -1.8633415699,
        "var": 1402.78442383
    },
    "barkbands_skewness": {
        "dmean": 0.718042850494,
        "dmean2": 1.11623084545,
        "dvar": 1.99550890923,
        "dvar2": 4.85946273804,
        "max": 20.5140380859,
        "mean": 1.74555850029,
        "median": 1.20564985275,
        "min": -2.78106117249,
        "var": 4.11659097672
    },
    "barkbands_spread": {
        "dmean": 6.64491653442,
        "dmean2": 9.50859260559,
        "dvar": 103.609344482,
        "dvar2": 222.956848145,
        "max": 99.4331512451,
        "mean": 23.1255893707,
        "median": 16.5087356567,
        "min": 0.195497483015,
        "var": 441.434265137
    },
    "dissonance": {
        "dmean": 0.0218652095646,
        "dmean2": 0.0375285223126,
        "dvar": 0.000720565207303,
        "dvar2": 0.00200355867855,
        "max": 0.500000178814,
        "mean": 0.449883133173,
        "median": 0.468441307545,
        "min": 0,
        "var": 0.00280571612529
    },
    "dynamic_complexity": 4.23185777664,
    "erbbands_crest": {
        "dmean": 2.61565852165,
        "dmean2": 4.21161842346,
        "dvar": 8.30014705658,
        "dvar2": 20.7250518799,
        "max": 33.6120491028,
        "mean": 10.8415155411,
        "median": 9.44925498962,
        "min": 2.23800873756,
        "var": 37.0193023682
    },
    "erbbands_flatness_db": {
        "dmean": 0.0189110506326,
        "dmean2": 0.0272302497178,
        "dvar": 0.000602568441536,
        "dvar2": 0.00116213969886,
        "max": 0.542911112309,
        "mean": 0.204325482249,
        "median": 0.212420612574,
        "min": 0.0359874740243,
        "var": 0.00978137925267
    },
    "erbbands_kurtosis": {
        "dmean": 1.47186934948,
        "dmean2": 2.30937337875,
        "dvar": 15.170832634,
        "dvar2": 33.5527038574,
        "max": 143.121353149,
        "mean": 1.74742412567,
        "median": -0.00059986114502,
        "min": -1.94561076164,
        "var": 46.5924415588
    },
    "erbbands_skewness": {
        "dmean": 0.389411211014,
        "dmean2": 0.600045204163,
        "dvar": 0.309850484133,
        "dvar2": 0.643168210983,
        "max": 6.13036298752,
        "mean": 0.358319431543,
        "median": 0.269214510918,
        "min": -10.7471942902,
        "var": 1.16241252422
    },
    "erbbands_spread": {
        "dmean": 7.58658504486,
        "dmean2": 11.9855127335,
        "dvar": 130.027267456,
        "dvar2": 314.568969727,
        "max": 196.481307983,
        "mean": 33.99792099,
        "median": 32.1797790527,
        "min": 0.843963742256,
        "var": 503.517700195
    },
    "hfc": {
        "dmean": 15.0316066742,
        "dmean2": 21.9992408752,
        "dvar": 798.079284668,
        "dvar2": 1784.28686523,
        "max": 242.756988525,
        "mean": 36.3563117981,
        "median": 17.2863864899,
        "min": 1.09319514776e-16,
        "var": 2142.22924805
    },
    "melbands_crest": {
        "dmean": 2.7767469883,
        "dmean2": 4.31317186356,
        "dvar": 9.42185592651,
        "dvar2": 21.1899223328,
        "max": 38.4187393188,
        "mean": 17.9624881744,
        "median": 17.3699874878,
        "min": 2.55103349686,
        "var": 60.6264419556
    },
    "melbands_flatness_db": {
        "dmean": 0.0323607064784,
        "dmean2": 0.044681943953,
        "dvar": 0.00203269952908,
        "dvar2": 0.00375071074814,
        "max": 0.953667104244,
        "mean": 0.264440149069,
        "median": 0.251980721951,
        "min": 0.00539490813389,
        "var": 0.0138039169833
    },
    "melbands_kurtosis": {
        "dmean": 15.9559297562,
        "dmean2": 26.1007270813,
        "dvar": 2545.11865234,
        "dvar2": 6539.08984375,
        "max": 956.8125,
        "mean": 23.5326652527,
        "median": 6.11223888397,
        "min": -1.79521989822,
        "var": 3359.71240234
    },
    "melbands_skewness": {
        "dmean": 0.915284633636,
        "dmean2": 1.43772482872,
        "dvar": 2.75543951988,
        "dvar2": 6.63174772263,
        "max": 26.4786758423,
        "mean": 2.87253952026,
        "median": 2.22808408737,
        "min": -2.59549927711,
        "var": 7.57868146896
    },
    "melbands_spread": {
        "dmean": 5.97846031189,
        "dmean2": 9.26040649414,
        "dvar": 65.6271209717,
        "dvar2": 156.706695557,
        "max": 142.092330933,
        "mean": 21.2645206451,
        "median": 16.652256012,
        "min": 0.221176669002,
        "var": 271.830383301
    },
    "pitch_salience": {
        "dmean": 0.0677474066615,
        "dmean2": 0.105064943433,
        "dvar": 0.00619286112487,
        "dvar2": 0.0139348078519,
        "max": 0.956777870655,
        "mean": 0.488872915506,
        "median": 0.492901742458,
        "min": 0.0989078655839,
        "var": 0.0195420216769
    },
    "silence_rate_20dB": {
        "dmean": 0,
        "dmean2": 0,
        "dvar": 0,
        "dvar2": 0,
        "max": 1,
        "mean": 1,
        "median": 1,
        "min": 1,
        "var": 0
    },
    "silence_rate_30dB": {
        "dmean": 0.0194465219975,
        "dmean2": 0.0388962775469,
        "dvar": 0.0190704762936,
        "dvar2": 0.0383864454925,
        "max": 1,
        "mean": 0.973159372807,
        "median": 1,
        "min": 0,
        "var": 0.0261209700257
    },
    "silence_rate_60dB": {
        "dmean": 0.0146264443174,
        "dmean2": 0.0292553193867,
        "dvar": 0.0144122289494,
        "dvar2": 0.0328862927854,
        "max": 1,
        "mean": 0.113927207887,
        "median": 0,
        "min": 0,
        "var": 0.100958541036
    },
    "spectral_centroid": {
        "dmean": 226.643188477,
        "dmean2": 353.322937012,
        "dvar": 100747.453125,
        "dvar2": 214238.40625,
        "max": 10600.5205078,
        "mean": 1416.3190918,
        "median": 1454.79614258,
        "min": 114.305267334,
        "var": 694075.5
    },
    "spectral_complexity": {
        "dmean": 4.73364925385,
        "dmean2": 6.6075463295,
        "dvar": 43.7815971375,
        "dvar2": 78.5518493652,
        "max": 62,
        "mean": 18.2294330597,
        "median": 14,
        "min": 0,
        "var": 195.492523193
    },
    "spectral_decrease": {
        "dmean": 1.67731672995e-09,
        "dmean2": 2.75600786637e-09,
        "dvar": 1.4964837136e-17,
        "dvar2": 3.38404948726e-17,
        "max": -1.79252751789e-28,
        "mean": -8.52504289384e-09,
        "median": -6.60196608493e-09,
        "min": -5.48263017208e-08,
        "var": 5.86933415175e-17
    },
    "spectral_energy": {
        "dmean": 0.00711982743815,
        "dmean2": 0.0115947127342,
        "dvar": 0.000227378157433,
        "dvar2": 0.00053017976461,
        "max": 0.211078763008,
        "mean": 0.035472985357,
        "median": 0.0271352529526,
        "min": 1.05921390244e-20,
        "var": 0.000975281000137
    },
    "spectral_energyband_high": {
        "dmean": 0.00123310543131,
        "dmean2": 0.00175889802631,
        "dvar": 6.32531009614e-06,
        "dvar2": 1.3860189938e-05,
        "max": 0.0217484850436,
        "mean": 0.00215715006925,
        "median": 0.000239302433329,
        "min": 7.22284821255e-21,
        "var": 1.48789231389e-05
    },
    "spectral_energyband_low": {
        "dmean": 0.00422250526026,
        "dmean2": 0.00649150740355,
        "dvar": 0.000158253504196,
        "dvar2": 0.000318448699545,
        "max": 0.17391730845,
        "mean": 0.0176025088876,
        "median": 0.0032317568548,
        "min": 1.69546049961e-22,
        "var": 0.00057780824136
    },
    "spectral_energyband_middle_high": {
        "dmean": 0.00231194845401,
        "dmean2": 0.00359757593833,
        "dvar": 1.61341540661e-05,
        "dvar2": 3.61216225429e-05,
        "max": 0.0545056276023,
        "mean": 0.00703558372334,
        "median": 0.00334807345644,
        "min": 1.82448901265e-21,
        "var": 7.50143954065e-05
    },
    "spectral_energyband_middle_low": {
        "dmean": 0.00445757387206,
        "dmean2": 0.00725528970361,
        "dvar": 0.000113576563308,
        "dvar2": 0.000282704684651,
        "max": 0.133065834641,
        "mean": 0.00926409289241,
        "median": 0.00619802065194,
        "min": 3.68218207695e-22,
        "var": 0.000127464692923
    },
    "spectral_entropy": {
        "dmean": 0.188720971346,
        "dmean2": 0.279084205627,
        "dvar": 0.0701852291822,
        "dvar2": 0.127088978887,
        "max": 9.80183410645,
        "mean": 7.16165351868,
        "median": 7.23670148849,
        "min": 3.57680439949,
        "var": 0.937211573124
    },
    "spectral_flux": {
        "dmean": 0.0233386233449,
        "dmean2": 0.0372038148344,
        "dvar": 0.0013513751328,
        "dvar2": 0.00334337330423,
        "max": 0.424112468958,
        "mean": 0.0766699165106,
        "median": 0.0657054334879,
        "min": 1.02918118472e-10,
        "var": 0.00409515015781
    },
    "spectral_kurtosis": {
        "dmean": 6.25128364563,
        "dmean2": 10.9049243927,
        "dvar": 247.11555481,
        "dvar2": 693.955810547,
        "max": 909.118164062,
        "mean": 15.4878520966,
        "median": 4.80646657944,
        "min": -1.16854500771,
        "var": 740.517028809
    },
    "spectral_rms": {
        "dmean": 0.000526194518898,
        "dmean2": 0.000844370340928,
        "dvar": 6.88849752351e-07,
        "dvar2": 1.57511431098e-06,
        "max": 0.014350278303,
        "mean": 0.00522022647783,
        "median": 0.00514523265883,
        "min": 3.21462192802e-12,
        "var": 7.35706998967e-06
    },
    "spectral_rolloff": {
        "dmean": 638.902587891,
        "dmean2": 1006.14562988,
        "dvar": 1406518.875,
        "dvar2": 3193392.75,
        "max": 18884.6191406,
        "mean": 1571.31433105,
        "median": 904.39453125,
        "min": 21.533203125,
        "var": 2617422.75
    },
    "spectral_skewness": {
        "dmean": 0.468402981758,
        "dmean2": 0.803589701653,
        "dvar": 0.49473413825,
        "dvar2": 1.38329577446,
        "max": 22.4992446899,
        "mean": 2.24503684044,
        "median": 1.53114247322,
        "min": -0.0448434762657,
        "var": 3.15771460533
    },
    "spectral_spread": {
        "dmean": 552569.6875,
        "dmean2": 841679.125,
        "dvar": 709079924736,
        "dvar2": 1.30777035571e+12,
        "max": 39414660,
        "mean": 4146384.5,
        "median": 3152603.5,
        "min": 115111.625,
        "var": 6.7424920535e+12
    },
    "spectral_strongpeak": {
        "dmean": 0.322199732065,
        "dmean2": 0.548418402672,
        "dvar": 0.646983623505,
        "dvar2": 1.65981554985,
        "max": 13.572063446,
        "mean": 0.995591700077,
        "median": 0.481325417757,
        "min": 0,
        "var": 2.73911929131
    },
    "zerocrossingrate": {
        "dmean": 0.0122162019834,
        "dmean2": 0.0134070785716,
        "dvar": 0.000301465421217,
        "dvar2": 0.000369556713849,
        "max": 0.85693359375,
        "mean": 0.0611073002219,
        "median": 0.0458984375,
        "min": 0.0009765625,
        "var": 0.00218932074495
    },
    "barkbands": {
        "dmean": [0.000605700421147, 0.00369601463899, 0.00178339413833, 0.00115939846728, 0.00138454895932, 0.00121488922741, 0.000834476435557, 0.000494691543281, 0.000631171569694, 0.000513462640811, 0.000522776215803, 0.000471895735245, 0.000532880076207, 0.000591146643274, 0.000403757992899, 0.000377664371626, 0.000443614844698, 0.000256666447967, 0.000226754302275, 0.000190977647435, 0.000180555856787, 0.000166592391906, 0.000189737416804, 0.000188575286302, 0.000275830185274, 0.000207120436244, 0.000105749022623],
        "dmean2": [0.000995137379505, 0.00563883734867, 0.00296209496446, 0.00196424475871, 0.0022504220251, 0.00212882691994, 0.00137864658609, 0.00078093376942, 0.00097705819644, 0.000833239406347, 0.000832602207083, 0.00077002675971, 0.000845557136927, 0.000975791364908, 0.000656778400298, 0.000616554578301, 0.00072928739246, 0.000408930733101, 0.00035823014332, 0.000299397332128, 0.000272876670351, 0.000247956224484, 0.000289938878268, 0.000284110981738, 0.000440252915723, 0.000296139507554, 0.000147027807543],
        "dvar": [2.40594363277e-06, 0.000168409824255, 5.0359099987e-05, 2.93623688776e-05, 1.40334132084e-05, 8.83584107214e-06, 3.02681746689e-06, 1.43276486142e-06, 1.92007905753e-06, 2.01243437914e-06, 2.18837453758e-06, 1.72592842773e-06, 2.14454826164e-06, 2.33982586906e-06, 1.14313127142e-06, 8.44620672069e-07, 9.50615742568e-07, 2.14912844854e-07, 2.05652014529e-07, 1.9510157756e-07, 2.0505846976e-07, 1.08284005762e-07, 1.58390278671e-07, 1.61800826959e-07, 4.68803193598e-07, 2.02587401077e-07, 5.3489657148e-08],
        "dvar2": [5.41613326277e-06, 0.000389445805922, 0.000138224291732, 7.73509964347e-05, 3.1240615499e-05, 2.63429228653e-05, 8.05836862128e-06, 3.36386756317e-06, 4.50038032795e-06, 4.91915398015e-06, 5.3956409829e-06, 4.38126016888e-06, 4.73760246678e-06, 6.18846434008e-06, 2.70272994385e-06, 2.26314637075e-06, 2.48424657912e-06, 5.46964429304e-07, 5.17920909715e-07, 4.93545599056e-07, 5.17219405083e-07, 2.39445085981e-07, 3.63113827007e-07, 3.69211278439e-07, 1.22616177123e-06, 4.67372331059e-07, 1.14782316984e-07],
        "max": [0.0224950108677, 0.164020001888, 0.0865423381329, 0.0791257917881, 0.0557471625507, 0.0355959944427, 0.0321745015681, 0.0409623906016, 0.0316196866333, 0.0336481444538, 0.0318918563426, 0.0232292450964, 0.0325652956963, 0.0270226057619, 0.0260518975556, 0.0278019774705, 0.0221330039203, 0.00882854219526, 0.0106718121096, 0.0114530483261, 0.00950471498072, 0.00377139239572, 0.00414738664404, 0.00440710736439, 0.00638562068343, 0.00382061232813, 0.00243495637551],
        "mean": [0.00264149019495, 0.0120375370607, 0.00242328061722, 0.00142127589788, 0.00247021089308, 0.00160447217058, 0.00152678333689, 0.000983407022431, 0.00111656705849, 0.000783977215178, 0.000618640158791, 0.000584776687901, 0.000900912389625, 0.00105763145257, 0.000806428608485, 0.000643472070806, 0.000679097604007, 0.000440875970526, 0.000393639900722, 0.000322770210914, 0.000292513723252, 0.00029481749516, 0.000292419572361, 0.000291206059046, 0.000349611218553, 0.000323369546095, 0.000171757419594],
        "median": [3.39504254043e-06, 0.000304626475554, 0.000906086759642, 0.00055888510542, 0.000961654644925, 0.000481090217363, 0.000507278658915, 0.000229146593483, 0.000350488728145, 0.000127885199618, 0.00013200083049, 0.000106215229607, 0.000100377299532, 0.000118984295113, 0.00011150665523, 0.000141187658301, 0.000155270565301, 0.000132289205794, 0.000116638089821, 0.000104736609501, 6.60897712805e-05, 3.12936244882e-05, 6.37392531644e-06, 3.51881499228e-06, 1.47713524257e-06, 6.8536451181e-07, 2.2494916152e-08],
        "min": [1.3702455548e-23, 3.05026290312e-23, 8.86023325195e-23, 5.28953072621e-23, 3.52015862983e-23, 9.43925400094e-23, 2.88320078052e-23, 2.85295774668e-23, 1.10647549076e-22, 1.07544700389e-22, 7.4090062343e-23, 1.02581111843e-22, 1.18645235503e-22, 1.59835083866e-22, 1.33002882632e-22, 1.23242312962e-22, 1.54309182644e-22, 2.84051898792e-22, 2.23789918096e-22, 5.78966854012e-22, 3.3877605069e-22, 8.11635332177e-22, 6.69500570463e-22, 9.05631403317e-22, 1.0780028375e-21, 1.28987507418e-21, 2.24277219566e-21],
        "var": [2.64130012511e-05, 0.000385793915484, 4.6703928092e-05, 2.13468556467e-05, 1.91670351342e-05, 8.50686046761e-06, 7.67842448113e-06, 6.1102618929e-06, 4.53518168797e-06, 4.23197980126e-06, 2.83867552753e-06, 2.0523089006e-06, 6.08896425547e-06, 7.17597231414e-06, 6.01333840677e-06, 1.97211102204e-06, 1.74327112745e-06, 4.93216077757e-07, 4.21523054683e-07, 3.01232716993e-07, 2.97264080018e-07, 2.71051021627e-07, 3.08870795607e-07, 3.33875391334e-07, 5.57014743663e-07, 4.18554151338e-07, 1.38098073421e-07]
    },
    "erbbands": {
        "dmean": [0.14254912734, 0.718632817268, 1.51949429512, 3.0836520195, 4.70498466492, 4.33396816254, 7.22422838211, 9.87280464172, 11.4226722717, 11.3367900848, 11.4486103058, 14.1060600281, 14.0204362869, 12.970284462, 21.0498275757, 17.2271881104, 23.9428596497, 22.8397769928, 21.8909015656, 21.5458526611, 21.3377437592, 25.244852066, 15.0997962952, 11.5044517517, 10.1556911469, 9.13309383392, 7.61796617508, 6.7768611908, 6.03687334061, 5.89725780487, 5.4055724144, 4.21136856079, 3.14910459518, 3.17935442924, 2.0282561779, 0.890522360802, 0.378780782223, 0.151153609157, 0.0176986064762, 0.000252747879131],
        "dmean2": [0.222313702106, 1.0554254055, 2.47121715546, 5.08408069611, 7.92440223694, 7.10845422745, 12.324136734, 17.1376285553, 19.2699489594, 17.9608764648, 17.8844203949, 22.0026187897, 22.3370933533, 20.2197952271, 33.1094703674, 27.169511795, 37.9697952271, 37.2177810669, 35.7914733887, 34.559513092, 34.6997451782, 41.3689727783, 24.5078125, 18.1448554993, 16.2963485718, 14.2580270767, 11.5028409958, 10.2421617508, 9.07730770111, 8.86431789398, 8.36678314209, 6.55808258057, 4.73329877853, 5.16452789307, 3.21933460236, 1.333335042, 0.540964782238, 0.208552241325, 0.0250267162919, 0.00035490168375],
        "dvar": [0.187232017517, 7.65330934525, 34.2429275513, 178.190353394, 322.308929443, 116.151664734, 199.583587646, 828.023498535, 876.717712402, 493.994628906, 569.930603027, 1161.34399414, 1241.94055176, 902.985778809, 3128.68188477, 1860.6505127, 4708.94726562, 3359.89550781, 3158.82885742, 3440.1809082, 3461.19897461, 3183.80908203, 748.114257812, 475.290313721, 407.157226562, 535.971252441, 459.210083008, 266.126373291, 143.985366821, 141.459564209, 132.739562988, 81.8179626465, 45.4348297119, 61.8557052612, 26.5420093536, 4.04153251648, 0.667727291584, 0.103520765901, 0.00155047280714, 2.98809482047e-07],
        "dvar2": [0.465368241072, 16.6846656799, 92.7590179443, 452.915527344, 809.473632812, 255.395431519, 576.405151367, 2388.50439453, 2439.92919922, 1180.60461426, 1361.09533691, 2749.6574707, 2956.64306641, 1975.03820801, 7098.12744141, 4324.20458984, 10239.8925781, 8404.86914062, 7645.52001953, 7802.50732422, 9283.67578125, 8268.33984375, 1964.81567383, 1168.09680176, 1074.51477051, 1399.45410156, 1180.68579102, 655.351806641, 325.629974365, 304.890838623, 317.465484619, 195.466171265, 103.375190735, 164.159744263, 68.9597473145, 9.84261894226, 1.52848696709, 0.220744356513, 0.0034134152811, 6.53946869988e-07],
        "max": [5.19377946854, 36.5848464966, 76.8642044067, 179.829391479, 227.733535767, 194.740264893, 203.600906372, 380.461242676, 578.283752441, 435.839233398, 736.750854492, 897.474365234, 841.06451416, 1056.93945312, 1351.82763672, 828.294067383, 1549.16503906, 1269.79833984, 1149.20751953, 1907.12548828, 1893.70947266, 1536.09619141, 402.620239258, 451.85357666, 501.67175293, 692.949279785, 558.799255371, 408.44354248, 131.220840454, 121.6195755, 130.096801758, 152.633422852, 69.7696456909, 74.3595199585, 63.0907745361, 18.2492771149, 8.46269512177, 3.02114868164, 0.41708239913, 0.00564668746665],
        "mean": [0.572435081005, 1.84280359745, 2.61413097382, 4.25994729996, 6.91304969788, 7.42017030716, 10.7232675552, 14.0108690262, 20.0248832703, 22.2317752838, 23.2141304016, 24.5439586639, 24.0798988342, 21.4960327148, 27.9044876099, 24.1144104004, 41.5180587769, 43.9125328064, 40.4824867249, 51.2331848145, 38.2867355347, 40.8355178833, 26.8894042969, 22.194978714, 17.883398056, 15.0505723953, 12.1074028015, 11.4405488968, 10.4805192947, 9.5702123642, 8.15730857849, 6.41492652893, 4.73250055313, 3.87621307373, 2.56687521935, 1.28490459919, 0.592767775059, 0.25042334199, 0.0280827339739, 0.000439030642156],
        "median": [0.00199827621691, 0.122883319855, 1.04721975327, 1.63560903072, 2.67940044403, 2.61843442917, 3.32469463348, 4.2146859169, 5.79693651199, 7.27448368073, 7.40526866913, 8.64052867889, 6.05984687805, 5.79613494873, 6.92265939713, 5.26289081573, 5.64311790466, 5.98069000244, 6.4496846199, 9.78334999084, 9.60566139221, 12.0632705688, 9.82240486145, 8.38401794434, 6.35354995728, 5.13476610184, 2.86034011841, 2.3307518959, 1.35140943527, 0.38161700964, 0.174815490842, 0.0992605239153, 0.0476033240557, 0.0202995948493, 0.00913119874895, 0.0040999208577, 0.00108124711551, 0.000141116674058, 2.18448039959e-05, 3.37423334713e-05],
        "min": [1.0372455121e-21, 7.60499596203e-21, 8.18017971682e-20, 1.75939972122e-19, 8.90181725309e-20, 1.11350905234e-19, 5.83263506379e-19, 7.02736252478e-19, 5.48565037441e-19, 4.35303332067e-19, 8.55994363517e-19, 2.21765840096e-18, 3.49304145175e-18, 2.57641242288e-18, 3.59680381497e-18, 4.40005657394e-18, 5.85709427751e-18, 7.4717173324e-18, 8.13690123943e-18, 5.6279664886e-18, 7.48180893587e-18, 8.71099932613e-18, 1.44864504636e-17, 1.16182438758e-17, 1.69603259913e-17, 2.86370192764e-17, 1.59606170097e-17, 1.53976147237e-17, 2.68285592662e-17, 2.37865827112e-17, 1.86257019535e-17, 1.83670756632e-17, 1.50245843916e-17, 1.16047202999e-17, 8.3661502103e-18, 5.69815028204e-18, 2.25336592684e-18, 1.03931056365e-18, 2.701341304e-19, 3.25754646592e-20],
        "var": [0.685955882072, 15.1704034805, 42.3246879578, 146.575363159, 282.209472656, 168.552520752, 293.464233398, 778.858825684, 2032.46606445, 1284.30566406, 2304.89306641, 2552.56884766, 2806.45776367, 2189.82568359, 4926.64404297, 2797.50805664, 13564.46875, 12269.3769531, 10720.5947266, 28136.2773438, 7860.45410156, 6138.73535156, 1608.5357666, 1085.89648438, 779.87121582, 716.623901367, 570.231872559, 439.476593018, 342.367492676, 324.677429199, 239.512710571, 155.094604492, 91.6829910278, 70.5110855103, 31.0179023743, 6.82403373718, 1.42427921295, 0.272436380386, 0.0037575874012, 7.57235454785e-07]
    },
    "gfcc": {
        "mean": [-49.2030487061, 106.08316803, -121.709503174, 18.6335144043, -43.8852882385, -3.58230757713, -31.7012310028, 1.42854690552, -17.0393619537, -3.8658721447, -14.9856204987, -3.7346060276, -9.59309864044],
        "cov": [[21271.7382812, -8685.85253906, 1450.82861328, 1862.4798584, 15.784614563, 2005.01721191, 241.789596558, 1226.68579102, -129.432861328, 1440.95300293, -133.561004639, 1258.99206543, -373.541290283], [-8685.85253906, 6896.44482422, -890.913085938, -836.026611328, 152.14453125, -1812.12097168, 73.5252456665, -740.297485352, 226.137664795, -1013.32287598, 145.404037476, -867.91015625, 173.408050537], [1450.82861328, -890.913085938, 2501.82568359, 367.343688965, 416.62008667, 875.401550293, 157.622039795, 342.604064941, 172.500549316, 354.936920166, 46.9950637817, 282.768493652, -37.1058197021], [1862.4798584, -836.026611328, 367.343688965, 1051.33520508, 140.581893921, 245.751647949, 140.240447998, 64.5295562744, -48.664188385, 118.028823853, 4.81377887726, 88.1437606812, -31.9467525482], [15.784614563, 152.14453125, 416.62008667, 140.581893921, 452.292694092, 208.705352783, 185.415725708, 95.7581634521, 105.945579529, 68.1351928711, 66.1729049683, 46.0760498047, 24.6139812469], [2005.01721191, -1812.12097168, 875.401550293, 245.751647949, 208.705352783, 1034.47509766, 113.779449463, 314.127746582, 45.5305671692, 342.674133301, 23.846326828, 289.938720703, -22.8413200378], [241.789596558, 73.5252456665, 157.622039795, 140.240447998, 185.415725708, 113.779449463, 315.512145996, 111.739654541, 81.29662323, 25.9690074921, 55.1409339905, 28.1948642731, 32.0217399597], [1226.68579102, -740.297485352, 342.604064941, 64.5295562744, 95.7581634521, 314.127746582, 111.739654541, 297.537536621, 91.8107910156, 155.287994385, 10.4964494705, 146.130432129, -21.1234474182], [-129.432861328, 226.137664795, 172.500549316, -48.664188385, 105.945579529, 45.5305671692, 81.29662323, 91.8107910156, 187.923217773, 43.5043487549, 43.1304779053, 0.479624271393, 14.150062561], [1440.95300293, -1013.32287598, 354.936920166, 118.028823853, 68.1351928711, 342.674133301, 25.9690074921, 155.287994385, 43.5043487549, 290.422058105, 41.6325683594, 157.196228027, -38.8291435242], [-133.561004639, 145.404037476, 46.9950637817, 4.81377887726, 66.1729049683, 23.846326828, 55.1409339905, 10.4964494705, 43.1304779053, 41.6325683594, 126.735038757, 28.9487380981, 2.66545271873], [1258.99206543, -867.91015625, 282.768493652, 88.1437606812, 46.0760498047, 289.938720703, 28.1948642731, 146.130432129, 0.479624271393, 157.196228027, 28.9487380981, 219.39402771, 10.6581449509], [-373.541290283, 173.408050537, -37.1058197021, -31.9467525482, 24.6139812469, -22.8413200378, 32.0217399597, -21.1234474182, 14.150062561, -38.8291435242, 2.66545271873, 10.6581449509, 98.4529037476]],
        "icov": [[0.000126450293465, 9.56805233727e-05, 1.51807425937e-05, -0.000113323272672, 1.57203103299e-05, 0.000124056037748, -0.000101678109786, -0.000101331286714, -4.47931051895e-05, -0.000148459614138, 0.000178535439773, -0.000339327380061, 0.000296158948913], [9.56805233727e-05, 0.00130839482881, -0.000430895481259, 0.000362768681953, -0.000691888330039, 0.00114325736649, -0.000259174499661, 0.000692617031746, -0.00123777473345, 0.00234783207998, -0.00181089469697, 0.00181978719775, -0.000359171826858], [1.51807425937e-05, -0.000430895481259, 0.000824704766273, -0.000276456354186, -0.000117296265671, -0.000733101798687, 0.000195125496248, -0.000244350172579, -4.95739986945e-05, -0.000934324227273, 0.000911118404474, -0.00108801445458, 0.000512766186148], [-0.000113323272672, 0.000362768681953, -0.000276456354186, 0.00145472481381, -0.000464110111352, 0.000240405148361, -0.000659038545564, 0.000691295950674, 0.000239134198637, 0.000667520100251, -0.000557850988116, 0.000856823869981, -1.53496202984e-05], [1.57203103299e-05, -0.000691888330039, -0.000117296265671, -0.000464110111352, 0.00405114283785, -0.000984540907666, -0.00133440515492, -0.000115466624266, -0.000335305609042, -0.00128604704514, 0.000276158651104, -0.000899469770957, -0.000117629329907], [0.000124056037748, 0.00114325736649, -0.000733101798687, 0.000240405148361, -0.000984540907666, 0.00335648865439, -0.000382951722713, -0.00038435915485, -0.000322286825394, 0.000546431983821, -0.00101189804263, 0.000499328481965, -0.000439145398559], [-0.000101678109786, -0.000259174499661, 0.000195125496248, -0.000659038545564, -0.00133440515492, -0.000382951722713, 0.00573613122106, -0.00266366498545, 1.63464437719e-06, 0.000552205427084, -0.00180681468919, 0.00134157005232, -0.00214076787233], [-0.000101331286714, 0.000692617031746, -0.000244350172579, 0.000691295950674, -0.000115466624266, -0.00038435915485, -0.00266366498545, 0.0098362006247, -0.00486045517027, 0.00118736492004, 0.00164564279839, -0.00351884006523, 0.00294751673937], [-4.47931051895e-05, -0.00123777473345, -4.95739986945e-05, 0.000239134198637, -0.000335305609042, -0.000322286825394, 1.63464437719e-06, -0.00486045517027, 0.0108195366338, -0.00407529808581, -0.000770841084886, 0.00217358628288, -0.00234194495715], [-0.000148459614138, 0.00234783207998, -0.000934324227273, 0.000667520100251, -0.00128604704514, 0.000546431983821, 0.000552205427084, 0.00118736492004, -0.00407529808581, 0.0133831407875, -0.00553274154663, 0.000833535508718, 0.00161282205954], [0.000178535439773, -0.00181089469697, 0.000911118404474, -0.000557850988116, 0.000276158651104, -0.00101189804263, -0.00180681468919, 0.00164564279839, -0.000770841084886, -0.00553274154663, 0.0140977781266, -0.00676049338654, 0.00294518563896], [-0.000339327380061, 0.00181978719775, -0.00108801445458, 0.000856823869981, -0.000899469770957, 0.000499328481965, 0.00134157005232, -0.00351884006523, 0.00217358628288, 0.000833535508718, -0.00676049338654, 0.0170989427716, -0.00712702376768], [0.000296158948913, -0.000359171826858, 0.000512766186148, -1.53496202984e-05, -0.000117629329907, -0.000439145398559, -0.00214076787233, 0.00294751673937, -0.00234194495715, 0.00161282205954, 0.00294518563896, -0.00712702376768, 0.0150223951787]]
    },
    "melbands": {
        "dmean": [0.00117118330672, 0.000659598445054, 0.000590158102568, 0.000326360575855, 0.000237082756939, 0.00022738892585, 0.000170044455444, 0.00012143990898, 0.000101357683889, 8.40563807287e-05, 7.40068207961e-05, 5.69424664718e-05, 7.72694984335e-05, 5.41639237781e-05, 6.01464889769e-05, 4.64767035737e-05, 4.53876164102e-05, 4.18232448283e-05, 2.89543386316e-05, 2.53874641203e-05, 2.6918547519e-05, 2.80951371678e-05, 2.16862408706e-05, 1.18100388136e-05, 1.00636452771e-05, 9.24777486944e-06, 7.56383906264e-06, 5.9841086113e-06, 5.45881448488e-06, 4.24628797191e-06, 3.91508683606e-06, 3.74559499505e-06, 3.36460584549e-06, 3.45008265867e-06, 3.25983000948e-06, 2.8960284908e-06, 2.62741104962e-06, 2.32623506236e-06, 2.05994570024e-06, 2.99922066915e-06],
        "dmean2": [0.0018099261215, 0.00100622756872, 0.000988364336081, 0.000536042673048, 0.000398309261072, 0.000396471004933, 0.000286037247861, 0.00018994032871, 0.00015883789456, 0.00013058973127, 0.000118736716104, 8.96341007319e-05, 0.000121167970065, 9.01211242308e-05, 9.53582566581e-05, 7.35888097552e-05, 7.46715595596e-05, 6.8818750151e-05, 4.72409228678e-05, 4.05525279348e-05, 4.41542797489e-05, 4.60779119749e-05, 3.59766163456e-05, 1.86921351997e-05, 1.60229792527e-05, 1.47178416228e-05, 1.2353693819e-05, 9.27801465878e-06, 8.58863586473e-06, 6.46856915409e-06, 6.03127864451e-06, 5.68402401768e-06, 5.17663966093e-06, 5.24450524608e-06, 5.12921178597e-06, 4.53341499451e-06, 4.1456710278e-06, 3.53632663064e-06, 3.16563659908e-06, 4.97817291034e-06],
        "dvar": [1.47957098307e-05, 5.20977573615e-06, 6.88173167873e-06, 9.35068158014e-07, 2.06611261433e-07, 3.94274252358e-07, 1.79910486509e-07, 5.78614383073e-08, 3.90273626749e-08, 3.82413212208e-08, 3.67035930537e-08, 1.91330613575e-08, 4.4974036939e-08, 2.81842549299e-08, 2.69732556291e-08, 1.43835841016e-08, 1.32136470654e-08, 1.35710802596e-08, 4.99847896407e-09, 3.48452799948e-09, 6.5629959245e-09, 4.42378000898e-09, 2.36015940125e-09, 5.32941246689e-10, 4.03350935985e-10, 3.98258009904e-10, 2.8344179781e-10, 2.14983628122e-10, 3.3474575889e-10, 1.02653441303e-10, 8.46148845435e-11, 5.86156401194e-11, 4.63826442532e-11, 4.98316804487e-11, 5.10252708141e-11, 3.57931184691e-11, 3.28102857383e-11, 2.63450580795e-11, 1.91086521606e-11, 6.10163031212e-11],
        "dvar2": [3.55149240931e-05, 1.13887535917e-05, 1.77408601303e-05, 2.11473434319e-06, 5.66124015222e-07, 1.14826434583e-06, 4.9926632073e-07, 1.3747157368e-07, 9.5010236123e-08, 9.01200181147e-08, 8.89376750024e-08, 4.2807613454e-08, 1.06720136728e-07, 7.24486568515e-08, 6.06569301453e-08, 3.15828820874e-08, 3.40684991329e-08, 3.37798802263e-08, 1.21854526469e-08, 8.02970756553e-09, 1.75753172016e-08, 1.13461142703e-08, 6.32642693787e-09, 1.30049793157e-09, 1.00642694179e-09, 1.01328589963e-09, 7.67801433543e-10, 5.45474942992e-10, 9.0822110943e-10, 2.48599252295e-10, 2.09576203614e-10, 1.36348418667e-10, 1.0938881051e-10, 1.09100541101e-10, 1.2696024787e-10, 8.513741101e-11, 8.0230565247e-11, 6.05096389661e-11, 4.64684089818e-11, 1.64813634962e-10],
        "max": [0.0462298691273, 0.0334436260164, 0.0330140441656, 0.0158402957022, 0.00725149922073, 0.00827515218407, 0.00740980962291, 0.00552321784198, 0.00481873424724, 0.00492997607216, 0.00407785596326, 0.0049238819629, 0.00531898392364, 0.00247853808105, 0.00313631934114, 0.00219935807399, 0.0021381652914, 0.00244400370866, 0.00167509762105, 0.00174022559077, 0.00264127110131, 0.0019484780496, 0.00124390248675, 0.000502371869516, 0.000439889030531, 0.000711066357326, 0.000357316166628, 0.00041555808275, 0.000520495872479, 0.00019811236416, 0.000266861257842, 9.02296669665e-05, 8.15428938949e-05, 7.41719850339e-05, 9.48487067944e-05, 7.50893741497e-05, 7.94939769548e-05, 5.85386187595e-05, 5.11429861945e-05, 7.77396708145e-05],
        "mean": [0.00426449533552, 0.00169981154613, 0.000816423678771, 0.000543852627743, 0.000367444008589, 0.000323070154991, 0.00029729079688, 0.000244415627094, 0.000193475396372, 0.000145705445902, 0.000123055433505, 9.14280390134e-05, 9.66413572314e-05, 6.62575257593e-05, 8.90573210199e-05, 8.42316439957e-05, 8.18666958367e-05, 7.28049417376e-05, 5.76307538722e-05, 5.5094860727e-05, 4.28908751928e-05, 4.17841292801e-05, 3.26607987517e-05, 2.00320118893e-05, 1.76521007234e-05, 1.52174907271e-05, 1.1810475371e-05, 9.14491920412e-06, 7.85153588367e-06, 6.65289235258e-06, 6.47986098556e-06, 6.15494809608e-06, 5.38027825314e-06, 5.20147750649e-06, 4.68691769129e-06, 4.27206578024e-06, 3.81662039217e-06, 3.34567630489e-06, 2.99231533063e-06, 3.39481243827e-06],
        "median": [4.60894007119e-05, 0.00059438846074, 0.000338840298355, 0.000204964904697, 0.000123586680274, 9.68466338236e-05, 9.35555435717e-05, 6.71550660627e-05, 5.73285651626e-05, 4.59616130684e-05, 2.52860354522e-05, 2.14820574911e-05, 2.27706386795e-05, 1.06671941467e-05, 1.10442088044e-05, 9.56811345532e-06, 9.44008479564e-06, 7.93232356955e-06, 8.48208310344e-06, 1.09548700493e-05, 6.86175962983e-06, 9.68731274043e-06, 7.24335859559e-06, 6.02577256359e-06, 5.69613894186e-06, 4.49651270173e-06, 3.23065660268e-06, 2.39425662585e-06, 1.49338370647e-06, 1.23331210489e-06, 1.12657221507e-06, 7.59660395033e-07, 3.24469056068e-07, 1.35200792784e-07, 9.17630558206e-08, 7.34865182039e-08, 4.80602437847e-08, 3.30025784478e-08, 2.35535431159e-08, 1.46062042461e-08],
        "min": [9.048228272e-24, 3.14860924555e-23, 2.65240910973e-23, 6.86272463282e-24, 1.57786901189e-23, 1.57363487986e-23, 8.18258043512e-24, 4.89229366427e-24, 8.39005400864e-24, 1.48525847711e-23, 1.8126163468e-23, 1.09027724181e-23, 1.18788986471e-23, 9.20700072867e-24, 1.26718426963e-23, 1.25106050493e-23, 1.45885845805e-23, 1.43731466673e-23, 8.21602103776e-24, 5.7154743576e-24, 1.00946940724e-23, 7.49402003856e-24, 1.25242728534e-23, 1.49896477756e-23, 8.42899691609e-24, 7.79305117532e-24, 2.0120059893e-23, 1.84475801106e-23, 9.67809505063e-24, 9.09119910323e-24, 9.20289234108e-24, 1.59625325751e-23, 1.29143148728e-23, 1.3219519635e-23, 1.00327180042e-23, 1.35281078216e-23, 1.03567307881e-23, 1.01452600564e-23, 9.7875763225e-24, 9.94386544504e-24],
        "var": [4.05740574934e-05, 1.18420593935e-05, 5.41635426998e-06, 1.14413501251e-06, 3.26032619569e-07, 3.80265760214e-07, 3.83237420465e-07, 1.85079613857e-07, 1.29975290974e-07, 8.62811546654e-08, 8.05250337521e-08, 4.70111203299e-08, 6.62054162603e-08, 3.27570077729e-08, 6.1433844678e-08, 4.68723371227e-08, 4.17274037545e-08, 4.7949360038e-08, 2.60259049867e-08, 2.41910367293e-08, 1.43081528847e-08, 7.99739741097e-09, 4.08773415117e-09, 1.08938369436e-09, 8.22634016462e-10, 7.35691951803e-10, 4.33769908881e-10, 2.98345043115e-10, 3.17408238582e-10, 1.63842134304e-10, 1.40317354957e-10, 1.25445209775e-10, 9.77489131304e-11, 1.04078808072e-10, 8.26755747196e-11, 6.60910007277e-11, 5.87837278854e-11, 4.93505548926e-11, 3.56911201982e-11, 6.01180979998e-11]
    },
    "mfcc": {
        "mean": [-689.577880859, 135.017776489, -8.52838993073, 21.7336196899, 4.37587308884, -0.472292751074, -4.51913738251, 1.14931941032, -0.217896744609, -0.919992566109, -1.19402146339, -2.03946971893, -3.1818959713],
        "cov": [[16394.3261719, -5607.54833984, -526.136291504, 646.934875488, 35.4382972717, 841.581054688, 602.714111328, 433.050476074, 301.553375244, 290.896270752, 460.848297119, 473.903259277, 454.780853271], [-5607.54833984, 4524.94482422, -133.739562988, 141.823577881, -176.109802246, -777.809875488, -445.890228271, -255.664855957, -174.474502563, -219.82635498, -178.550216675, -223.395126343, -268.84262085], [-526.136291504, -133.739562988, 1716.01501465, -90.4233779907, 486.131591797, 417.018829346, 194.54586792, 239.096542358, 180.640579224, 209.77796936, 157.465713501, 126.619865417, 129.056716919], [646.934875488, 141.823577881, -90.4233779907, 1000.01147461, -3.27816343307, 48.0505638123, 112.526000977, -1.66074120998, -5.8351855278, -56.3385734558, 0.387134283781, -2.62192606926, -6.39169359207], [35.4382972717, -176.109802246, 486.131591797, -3.27816343307, 411.578948975, 266.515533447, 139.182937622, 148.718795776, 93.9788360596, 121.373588562, 91.9494934082, 68.9709854126, 81.200630188], [841.581054688, -777.809875488, 417.018829346, 48.0505638123, 266.515533447, 487.743774414, 263.764190674, 169.535140991, 111.006370544, 126.043327332, 103.896583557, 89.7699584961, 88.0712661743], [602.714111328, -445.890228271, 194.54586792, 112.526000977, 139.182937622, 263.764190674, 298.997070312, 166.182098389, 87.3513946533, 81.0289535522, 81.6867980957, 69.7047042847, 69.410194397], [433.050476074, -255.664855957, 239.096542358, -1.66074120998, 148.718795776, 169.535140991, 166.182098389, 256.60256958, 131.039978027, 97.6357727051, 89.0237960815, 62.6860198975, 71.3366928101], [301.553375244, -174.474502563, 180.640579224, -5.8351855278, 93.9788360596, 111.006370544, 87.3513946533, 131.039978027, 183.502914429, 98.2170715332, 52.9807815552, 43.2555274963, 45.022403717], [290.896270752, -219.82635498, 209.77796936, -56.3385734558, 121.373588562, 126.043327332, 81.0289535522, 97.6357727051, 98.2170715332, 169.689422607, 107.345581055, 43.2200241089, 45.157119751], [460.848297119, -178.550216675, 157.465713501, 0.387134283781, 91.9494934082, 103.896583557, 81.6867980957, 89.0237960815, 52.9807815552, 107.345581055, 184.308761597, 95.7943878174, 50.283039093], [473.903259277, -223.395126343, 126.619865417, -2.62192606926, 68.9709854126, 89.7699584961, 69.7047042847, 62.6860198975, 43.2555274963, 43.2200241089, 95.7943878174, 161.001739502, 94.6248245239], [454.780853271, -268.84262085, 129.056716919, -6.39169359207, 81.200630188, 88.0712661743, 69.410194397, 71.3366928101, 45.022403717, 45.157119751, 50.283039093, 94.6248245239, 149.724761963]],
