{
"lowlevel": {
    "average_loudness": 0.931370735168,
    "barkbands_crest": {
        "dmean": 2.46772837639,
        "dmean2": 3.72892212868,
        "dvar": 7.13858509064,
        "dvar2": 16.8863067627,
        "max": 26.0490055084,
        "mean": 11.7500829697,
        "median": 11.2273263931,
        "min": 2.12217307091,
        "var": 26.0088500977
    },
    "barkbands_flatness_db": {
        "dmean": 0.0227436926216,
        "dmean2": 0.0334821678698,
        "dvar": 0.000998639385216,
        "dvar2": 0.00188040267676,
        "max": 0.634417355061,
        "mean": 0.134352639318,
        "median": 0.103453055024,
        "min": 0.0135060288012,
        "var": 0.00885878689587
    },
    "barkbands_kurtosis": {
        "dmean": 6.3069653511,
        "dmean2": 9.73507118225,
        "dvar": 706.162841797,
        "dvar2": 1606.01330566,
        "max": 471.52911377,
        "mean": 5.42282247543,
        "median": 0.380087137222,
        "min": -1.7957047224,
        "var": 674.756347656
    },
    "barkbands_skewness": {
        "dmean": 0.662533521652,
        "dmean2": 0.941555559635,
        "dvar": 1.92352676392,
        "dvar2": 3.56112766266,
        "max": 20.2143726349,
        "mean": 1.42334020138,
        "median": 1.11317920685,
        "min": -2.17330980301,
        "var": 3.72707533836
    },
    "barkbands_spread": {
        "dmean": 6.00161123276,
        "dmean2": 8.93653774261,
        "dvar": 55.0511474609,
        "dvar2": 115.583930969,
        "max": 94.285194397,
        "mean": 32.6985778809,
        "median": 33.4366912842,
        "min": 0.575728833675,
        "var": 244.768325806
    },
    "dissonance": {
        "dmean": 0.0162046011537,
        "dmean2": 0.0275850184262,
        "dvar": 0.000449458661024,
        "dvar2": 0.001279061893,
        "max": 0.500000059605,
        "mean": 0.471209645271,
        "median": 0.479671090841,
        "min": 0.138668179512,
        "var": 0.000975007656962
    },
    "dynamic_complexity": 2.78441596031,
    "erbbands_crest": {
        "dmean": 2.48820614815,
        "dmean2": 4.01319551468,
        "dvar": 6.24000072479,
        "dvar2": 15.1551961899,
        "max": 27.5553092957,
        "mean": 8.41330242157,
        "median": 7.41883897781,
        "min": 2.20909047127,
        "var": 18.0101280212
    },
    "erbbands_flatness_db": {
        "dmean": 0.0133646149188,
        "dmean2": 0.0197077412158,
        "dvar": 0.000207842953387,
        "dvar2": 0.000428661471233,
        "max": 0.529145777225,
        "mean": 0.148911848664,
        "median": 0.124863758683,
        "min": 0.0451201610267,
        "var": 0.00656651565805
    },
    "erbbands_kurtosis": {
        "dmean": 0.608274579048,
        "dmean2": 0.954669296741,
        "dvar": 0.944468677044,
        "dvar2": 2.19033932686,
        "max": 20.7861270905,
        "mean": 0.00722312415019,
        "median": -0.40499663353,
        "min": -1.7170317173,
        "var": 2.50537490845
    },
    "erbbands_skewness": {
        "dmean": 0.285547941923,
        "dmean2": 0.452579885721,
        "dvar": 0.0783339962363,
        "dvar2": 0.200947761536,
        "max": 3.85345935822,
        "mean": 0.0974850878119,
        "median": 0.0977217331529,
        "min": -2.78780627251,
        "var": 0.28499224782
    },
    "erbbands_spread": {
        "dmean": 7.63698148727,
        "dmean2": 11.2652750015,
        "dvar": 110.675079346,
        "dvar2": 188.857131958,
        "max": 139.86277771,
        "mean": 41.8418083191,
        "median": 38.1277351379,
        "min": 1.59487402439,
        "var": 461.359130859
    },
    "hfc": {
        "dmean": 8.20073127747,
        "dmean2": 12.1259393692,
        "dvar": 121.753936768,
        "dvar2": 284.989868164,
        "max": 151.63269043,
        "mean": 38.7429885864,
        "median": 38.33335495,
        "min": 1.05345606764e-16,
        "var": 668.263793945
    },
    "melbands_crest": {
        "dmean": 3.22702288628,
        "dmean2": 4.95246505737,
        "dvar": 13.6464977264,
        "dvar2": 30.6204967499,
        "max": 37.003288269,
        "mean": 19.1503944397,
        "median": 20.4172172546,
        "min": 1.55879878998,
        "var": 67.6618270874
    },
    "melbands_flatness_db": {
        "dmean": 0.0265259239823,
        "dmean2": 0.0386005602777,
        "dvar": 0.00137715949677,
        "dvar2": 0.00262712640688,
        "max": 0.815758049488,
        "mean": 0.195746287704,
        "median": 0.163177475333,
        "min": 0.00256094685756,
        "var": 0.0141536574811
    },
    "melbands_kurtosis": {
        "dmean": 18.0186824799,
        "dmean2": 26.3641033173,
        "dvar": 4553.39550781,
        "dvar2": 8896.27441406,
        "max": 1385.0168457,
        "mean": 22.3268699646,
        "median": 5.90622234344,
        "min": -1.79470276833,
        "var": 5628.91064453
    },
    "melbands_skewness": {
        "dmean": 0.966050088406,
        "dmean2": 1.38502442837,
        "dvar": 3.58962011337,
        "dvar2": 6.1931681633,
        "max": 27.3881587982,
        "mean": 2.92890644073,
        "median": 2.29268860817,
        "min": -1.28898835182,
        "var": 8.47529315948
    },
    "melbands_spread": {
        "dmean": 7.35591983795,
        "dmean2": 11.0931625366,
        "dvar": 75.5705108643,
        "dvar2": 163.058776855,
        "max": 163.242980957,
        "mean": 31.9695968628,
        "median": 30.3095016479,
        "min": 0.338182359934,
        "var": 456.512115479
    },
    "pitch_salience": {
        "dmean": 0.0759106203914,
        "dmean2": 0.120833128691,
        "dvar": 0.00812477152795,
        "dvar2": 0.0192788857967,
        "max": 0.981847167015,
        "mean": 0.481530040503,
        "median": 0.479116678238,
        "min": 0.0751863718033,
        "var": 0.0233468227088
    },
    "silence_rate_20dB": {
        "dmean": 0,
        "dmean2": 0,
        "dvar": 0,
        "dvar2": 0,
        "max": 1,
        "mean": 1,
        "median": 1,
        "min": 1,
        "var": 0
    },
    "silence_rate_30dB": {
        "dmean": 0.00850221328437,
        "dmean2": 0.0170054156333,
        "dvar": 0.00842934194952,
        "dvar2": 0.0207893680781,
        "max": 1,
        "mean": 0.992604672909,
        "median": 1,
        "min": 0,
        "var": 0.0073397513479
    },
    "silence_rate_60dB": {
        "dmean": 0.000931749353185,
        "dmean2": 0.00186360720545,
        "dvar": 0.000930932350457,
        "dvar2": 0.00220971833915,
        "max": 1,
        "mean": 0.0425085872412,
        "median": 0,
        "min": 0,
        "var": 0.0407018475235
    },
    "spectral_centroid": {
        "dmean": 257.479034424,
        "dmean2": 392.736846924,
        "dvar": 112915.617188,
        "dvar2": 221192.984375,
        "max": 11794.9443359,
        "mean": 2047.23083496,
        "median": 2078.3984375,
        "min": 160.265716553,
        "var": 1740318.5
    },
    "spectral_complexity": {
        "dmean": 4.85010480881,
        "dmean2": 7.48261594772,
        "dvar": 33.982460022,
        "dvar2": 71.9161300659,
        "max": 60,
        "mean": 25.3775119781,
        "median": 26,
        "min": 0,
        "var": 148.063369751
    },
    "spectral_decrease": {
        "dmean": 1.70638092545e-09,
        "dmean2": 2.46205056342e-09,
        "dvar": 5.90790591459e-18,
        "dvar2": 1.27321170168e-17,
        "max": 2.48337207046e-28,
        "mean": -1.03235278104e-08,
        "median": -1.12294511467e-08,
        "min": -3.78088209629e-08,
        "var": 4.0308686612e-17
    },
    "spectral_energy": {
        "dmean": 0.00657569244504,
        "dmean2": 0.0095195081085,
        "dvar": 8.0885940406e-05,
        "dvar2": 0.000177083988092,
        "max": 0.144116133451,
        "mean": 0.0424773879349,
        "median": 0.0471819713712,
        "min": 9.76314410751e-21,
        "var": 0.000633232761174
    },
    "spectral_energyband_high": {
        "dmean": 0.000705575977918,
        "dmean2": 0.00104483822361,
        "dvar": 1.00194881725e-06,
        "dvar2": 2.29307147492e-06,
        "max": 0.0183772947639,
        "mean": 0.00257976143621,
        "median": 0.0020450684242,
        "min": 6.97814896187e-21,
        "var": 5.3137505347e-06
    },
    "spectral_energyband_low": {
        "dmean": 0.00593030638993,
        "dmean2": 0.00901454128325,
        "dvar": 0.000121202203445,
        "dvar2": 0.000262825546088,
        "max": 0.136954814196,
        "mean": 0.0230132862926,
        "median": 0.0217300653458,
        "min": 9.56153532986e-24,
        "var": 0.000485694501549
    },
    "spectral_energyband_middle_high": {
        "dmean": 0.00238774809986,
        "dmean2": 0.00364011898637,
        "dvar": 9.81046832749e-06,
        "dvar2": 2.13989424083e-05,
        "max": 0.0480668321252,
        "mean": 0.00855077337474,
        "median": 0.00693337572739,
        "min": 1.13653323695e-21,
        "var": 5.21106449014e-05
    },
    "spectral_energyband_middle_low": {
        "dmean": 0.00395768834278,
        "dmean2": 0.00595711451024,
        "dvar": 6.574242434e-05,
        "dvar2": 0.000138543182402,
        "max": 0.0855732709169,
        "mean": 0.00943045318127,
        "median": 0.0068093794398,
        "min": 1.59022847434e-22,
        "var": 0.00012174450967
    },
    "spectral_entropy": {
        "dmean": 0.123731896281,
        "dmean2": 0.186952874064,
        "dvar": 0.0216811764985,
        "dvar2": 0.0492564253509,
        "max": 9.8267583847,
        "mean": 7.82034826279,
        "median": 7.96157884598,
        "min": 4.77478885651,
        "var": 0.431361824274
    },
    "spectral_flux": {
        "dmean": 0.0283277761191,
        "dmean2": 0.0423746556044,
        "dvar": 0.00157211790793,
        "dvar2": 0.00284278299659,
        "max": 0.367887914181,
        "mean": 0.0905542820692,
        "median": 0.0748644024134,
        "min": 6.27021420896e-11,
        "var": 0.00359689071774
    },
    "spectral_kurtosis": {
        "dmean": 4.68626022339,
        "dmean2": 8.07061195374,
        "dvar": 561.015197754,
        "dvar2": 1701.16516113,
        "max": 644.410583496,
        "mean": 14.7363796234,
        "median": 2.44555330276,
        "min": -1.26756691933,
        "var": 3733.47094727
    },
    "spectral_rms": {
        "dmean": 0.000492046412546,
        "dmean2": 0.00070976279676,
        "dvar": 3.73091722849e-07,
        "dvar2": 7.51028835566e-07,
        "max": 0.0118575338274,
        "mean": 0.00603079516441,
        "median": 0.00678462907672,
        "min": 3.08626301598e-12,
        "var": 5.07063941768e-06
    },
    "spectral_rolloff": {
        "dmean": 549.479980469,
        "dmean2": 872.254821777,
        "dvar": 663982.875,
        "dvar2": 1344532,
        "max": 19681.3476562,
        "mean": 2054.42651367,
        "median": 1593.45703125,
        "min": 64.599609375,
        "var": 6403537
    },
    "spectral_skewness": {
        "dmean": 0.255944848061,
        "dmean2": 0.429902553558,
        "dvar": 0.54591345787,
        "dvar2": 1.63988423347,
        "max": 19.9118690491,
        "mean": 1.723498106,
        "median": 1.24546027184,
        "min": -0.181185081601,
        "var": 5.61338090897
    },
    "spectral_spread": {
        "dmean": 460509.875,
        "dmean2": 718092.625,
        "dvar": 535355293696,
        "dvar2": 1.06472380826e+12,
        "max": 43010284,
        "mean": 5665702.5,
        "median": 5434057.5,
        "min": 138426.6875,
        "var": 2.30925774356e+13
    },
    "spectral_strongpeak": {
        "dmean": 0.353157162666,
        "dmean2": 0.586874306202,
        "dvar": 0.609194159508,
        "dvar2": 1.49451386929,
        "max": 10.0563383102,
        "mean": 0.707757592201,
        "median": 0.396379888058,
        "min": 0,
        "var": 1.09949338436
    },
    "zerocrossingrate": {
        "dmean": 0.0109815793112,
        "dmean2": 0.0124789401889,
        "dvar": 0.000176983274287,
        "dvar2": 0.000199240792426,
        "max": 0.82177734375,
        "mean": 0.0784912481904,
        "median": 0.07373046875,
        "min": 0.0029296875,
        "var": 0.00442157639191
    },
    "barkbands": {
        "dmean": [0.000880164792761, 0.00552587630227, 0.00171298102941, 0.00180402351543, 0.0018811802147, 0.000774976506364, 0.000663299055304, 0.000500670576002, 0.000600479950663, 0.000785921525676, 0.000480899150716, 0.000551737728529, 0.000523316382896, 0.000530086806975, 0.000515506311785, 0.000308866990963, 0.000371970119886, 0.000312179181492, 0.000274049496511, 0.000197843764909, 0.000217421955313, 0.000198127498152, 0.000155037880177, 0.000137879047543, 9.67331070569e-05, 5.2175433666e-05, 2.84096549876e-05],
        "dmean2": [0.00123232544865, 0.00837868265808, 0.00295091094449, 0.00267121894285, 0.00337415304966, 0.00130719912704, 0.00103578076232, 0.000783620809671, 0.000951064284891, 0.00117030751426, 0.000754469248932, 0.000869133451488, 0.000854948244523, 0.000845698756166, 0.000821533845738, 0.000507714459673, 0.000594570767134, 0.000514909974299, 0.000443284836365, 0.000326087290887, 0.000342132232618, 0.000315494224196, 0.000239552900894, 0.000214540457819, 0.000151661108248, 7.88548204582e-05, 4.35508409282e-05],
        "dvar": [3.97231906391e-06, 0.000124935017084, 3.85025523428e-05, 3.62724640581e-05, 5.74155674258e-05, 2.20148740482e-06, 1.12198824809e-06, 8.99097528873e-07, 1.15650175303e-06, 2.34822891798e-06, 1.55860197992e-06, 1.48346123297e-06, 1.24488872189e-06, 1.08089489004e-06, 8.37598577164e-07, 3.12072131692e-07, 3.35233693249e-07, 2.52275697221e-07, 1.41326026437e-07, 8.02461457283e-08, 7.98963171178e-08, 7.37001286666e-08, 7.48677351226e-08, 4.59150726329e-08, 2.4615690819e-08, 8.01762745084e-09, 2.23292850876e-09],
        "dvar2": [6.47153501632e-06, 0.000286231545033, 0.000105090803117, 6.39170320937e-05, 0.000162461845321, 6.10950428381e-06, 2.62814751295e-06, 2.09973586607e-06, 2.77266212834e-06, 4.61379067929e-06, 3.20487515637e-06, 3.0616931781e-06, 3.06735205413e-06, 2.46340619015e-06, 1.85539022368e-06, 8.26413042887e-07, 7.88751322034e-07, 6.33603917777e-07, 3.44267022001e-07, 2.10962610936e-07, 1.9449903732e-07, 1.82533611337e-07, 1.85881575021e-07, 1.06586206527e-07, 5.77917020905e-08, 1.76824386244e-08, 5.2304627296e-09],
        "max": [0.0281321611255, 0.117909044027, 0.0664986819029, 0.0598592534661, 0.0719635263085, 0.0244038812816, 0.0212095528841, 0.0161790903658, 0.0190958064049, 0.0290119778365, 0.0257475674152, 0.0300226286054, 0.0258182547987, 0.0222813598812, 0.0173763800412, 0.0138633409515, 0.0109374281019, 0.0111998412758, 0.00992025248706, 0.00398834515363, 0.00424815388396, 0.00490771746263, 0.0095934914425, 0.0049662804231, 0.00321573507972, 0.00132708752062, 0.000672017748002],
        "mean": [0.00232139602304, 0.0182682015002, 0.00159555883147, 0.00212155422196, 0.00180796952918, 0.00145019916818, 0.0014426674461, 0.000907208537683, 0.00110671424773, 0.001631119987, 0.000902265543118, 0.00099097203929, 0.000833643018268, 0.00089674530318, 0.000869743991643, 0.000556926534045, 0.000736258691177, 0.000607621623203, 0.000601177103817, 0.000451659987448, 0.000592251541093, 0.000508332217578, 0.000404818856623, 0.000373232614947, 0.000262530142209, 0.000159076706041, 7.74970685598e-05],
        "median": [0.00033827353036, 0.0128855230287, 0.000460429058876, 0.000313797354465, 0.000627846224234, 0.000722691824194, 0.000727234524675, 0.000272708712146, 0.000532548758201, 0.000450372404885, 0.0001641682029, 0.000422173703555, 0.000375054805772, 0.000479994690977, 0.000498534296639, 0.000293178251013, 0.000438458257122, 0.00041260936996, 0.000486040109536, 0.000334253942128, 0.000442829215899, 0.000401422934374, 0.000291390664643, 0.000240704554017, 0.000151744447066, 5.06813557877e-05, 6.89689795763e-06],
        "min": [2.02091569991e-25, 2.15686877718e-24, 9.15621583574e-25, 1.07766899629e-24, 4.26512478993e-24, 6.01115796311e-24, 7.06156096829e-24, 3.87016422279e-24, 8.76519602326e-24, 1.40003941124e-23, 1.39889777174e-23, 9.60954856e-24, 1.21470561346e-23, 2.25951851361e-23, 3.53930018192e-23, 4.87315163886e-23, 5.50305707168e-23, 7.80237835112e-23, 1.19282016648e-22, 1.52344262658e-22, 1.9617890289e-22, 2.80730807003e-22, 3.29760367663e-22, 5.64187765833e-22, 8.70419580759e-22, 1.23389800921e-21, 1.9128646581e-21],
        "var": [1.46863476402e-05, 0.000382642814657, 2.62566572928e-05, 5.61700180697e-05, 3.60303820344e-05, 4.24536801802e-06, 3.90067862099e-06, 2.53079360846e-06, 2.90001958092e-06, 9.63714228419e-06, 6.17295108896e-06, 4.04149614042e-06, 2.41157772507e-06, 2.51650635619e-06, 1.66360314324e-06, 7.86417956533e-07, 9.09765844881e-07, 5.39339168881e-07, 3.21932674296e-07, 2.01678048484e-07, 3.35031103305e-07, 2.36026636458e-07, 1.95813200321e-07, 1.58780224524e-07, 8.12393707861e-08, 3.83324021414e-08, 1.23120020845e-08]
    },
    "erbbands": {
        "dmean": [0.261626362801, 1.10200452805, 1.99311995506, 3.7580769062, 6.32694721222, 6.3439617157, 5.06387805939, 6.88125276566, 9.69607162476, 9.1627073288, 11.4736309052, 11.3602085114, 20.9721755981, 23.8163509369, 17.3457336426, 22.9171352386, 23.8037319183, 29.679599762, 23.361656189, 22.0903244019, 18.588891983, 17.6214733124, 15.4523353577, 14.5592536926, 13.279001236, 9.7067899704, 9.31732845306, 8.34787368774, 7.13123607635, 5.50825929642, 4.44452095032, 2.95593929291, 2.32670712471, 1.34513294697, 0.636837303638, 0.263293683529, 0.0997050181031, 0.0386268571019, 0.00467937067151, 6.58063290757e-05],
        "dmean2": [0.379403680563, 1.74141561985, 3.32694625854, 5.67802238464, 9.94818973541, 11.6486158371, 9.09607696533, 11.4266834259, 15.1382856369, 14.5831041336, 17.7960319519, 18.2582435608, 31.1274795532, 36.2500724792, 26.9608364105, 35.8061065674, 38.0661773682, 46.8122367859, 37.6193504333, 35.0296936035, 30.3769569397, 28.0815582275, 25.0659503937, 23.3303565979, 21.8834075928, 15.9026575089, 14.9607019424, 13.2242021561, 11.3901481628, 8.77615451813, 6.87442922592, 4.64661455154, 3.63831710815, 2.14364910126, 0.990533530712, 0.409181028605, 0.153280705214, 0.0583127327263, 0.0072308043018, 9.95960290311e-05],
        "dvar": [0.335246890783, 5.71280384064, 46.1537322998, 125.204826355, 408.76373291, 813.464294434, 345.556091309, 153.937057495, 225.654785156, 276.338348389, 535.274841309, 405.844360352, 1486.81237793, 2493.46142578, 1649.43249512, 2327.37280273, 2431.01782227, 3509.49438477, 1906.31933594, 2164.61132812, 1121.54821777, 754.339172363, 570.90838623, 479.305633545, 363.466522217, 190.856201172, 168.513076782, 116.743499756, 96.6878509521, 71.6428527832, 63.1490364075, 17.6111812592, 16.8857555389, 5.23005819321, 1.00686442852, 0.187969133258, 0.0294475257397, 0.00416441541165, 6.2266648456e-05, 1.10564917222e-08],
        "dvar2": [0.669002711773, 14.4330339432, 119.761558533, 236.326538086, 997.244567871, 2354.98413086, 1009.61584473, 408.173278809, 512.20123291, 682.621337891, 1203.77563477, 1046.8347168, 2876.37866211, 5263.12695312, 3457.11181641, 4652.59423828, 5788.12597656, 7741.88232422, 4598.64892578, 4444.00830078, 2947.41967773, 1773.32788086, 1403.76879883, 1162.60302734, 938.258850098, 487.611633301, 427.645324707, 292.648864746, 238.474456787, 172.160964966, 153.516708374, 41.5135307312, 39.0477256775, 12.3101234436, 2.32141184807, 0.428662031889, 0.0683789998293, 0.00954690668732, 0.00014446277055, 2.51499461257e-08],
        "max": [6.57562875748, 22.0297794342, 62.421497345, 103.857116699, 216.726104736, 292.613616943, 199.982452393, 261.565124512, 253.481506348, 355.033172607, 446.82019043, 315.200073242, 1020.74395752, 1112.50366211, 913.721374512, 1090.57824707, 1185.03491211, 1315.03344727, 1018.11120605, 1068.6439209, 897.953063965, 493.023254395, 529.302246094, 405.447845459, 378.826843262, 245.202224731, 200.002227783, 188.379226685, 223.039733887, 181.803894043, 286.647247314, 66.5021286011, 107.652328491, 58.5778388977, 14.0197992325, 5.25585699081, 2.61540722847, 0.997018098831, 0.114334620535, 0.00167290307581],
        "mean": [0.816400527954, 2.93332982063, 2.34983372688, 4.57781934738, 7.34608364105, 5.46107053757, 5.83117961884, 13.5516910553, 21.2737197876, 18.9214744568, 22.089099884, 21.6003437042, 46.3634910583, 48.8266639709, 35.7882881165, 44.3061599731, 43.5010604858, 52.5696296692, 38.9291687012, 38.9965591431, 38.4814834595, 37.2654075623, 32.743183136, 32.7220153809, 28.4153385162, 23.1362285614, 22.9995594025, 22.2346401215, 18.4374904633, 13.8468484879, 11.5172901154, 8.06906890869, 5.80497264862, 3.3660697937, 1.65773165226, 0.689430236816, 0.294616341591, 0.116386264563, 0.0122515009716, 0.000230113058933],
        "median": [0.448959499598, 1.28255450726, 1.006300807, 1.03411626816, 1.65391886234, 1.68263542652, 2.82131481171, 6.64936590195, 10.7670888901, 8.99443149567, 7.01902675629, 11.7057199478, 18.8195419312, 13.1920289993, 12.2486715317, 21.0769996643, 21.597322464, 28.276052475, 22.3586502075, 21.8560276031, 23.0483722687, 23.4677715302, 22.1244468689, 25.7802944183, 22.5222988129, 17.3104724884, 17.1142044067, 17.5747642517, 14.9832382202, 9.96909999847, 7.98234844208, 5.82158470154, 3.45316171646, 1.90447449684, 0.982467412949, 0.290478020906, 0.0822863429785, 0.022760655731, 0.00119678408373, 0.000103621656308],
        "min": [6.2165508371e-23, 4.21378950875e-22, 1.13580753541e-21, 3.5565349373e-21, 1.12186346344e-20, 2.59064857604e-20, 4.88344363067e-20, 3.51557867254e-20, 1.03507914708e-19, 1.30328651534e-19, 9.77356286738e-20, 2.27428501434e-19, 3.56012357638e-19, 4.93081742757e-19, 8.00929208633e-19, 5.61646433539e-19, 7.07199925859e-19, 1.5698873696e-18, 1.5236888154e-18, 2.73343301664e-18, 3.67842296678e-18, 3.69290441776e-18, 5.08881802356e-18, 3.98211736559e-18, 6.41729366197e-18, 6.8983744616e-18, 7.98139707453e-18, 8.41749992836e-18, 1.00443301011e-17, 1.0324626042e-17, 1.00294143803e-17, 9.67732164388e-18, 9.94540757168e-18, 8.04622983658e-18, 5.33208026118e-18, 3.84885691455e-18, 2.11062577918e-18, 7.6049755087e-19, 2.49641532055e-19, 2.58951459543e-20],
        "var": [0.9686460495, 12.5984668732, 35.9676132202, 181.635452271, 463.888671875, 460.528198242, 208.963668823, 403.820709229, 837.302124023, 811.401977539, 1690.06921387, 811.610351562, 6642.92578125, 9253.47265625, 6506.01171875, 7085.20898438, 5838.93261719, 8927.77441406, 3248.51855469, 4665.33447266, 3128.12915039, 2125.46289062, 1443.90466309, 1078.02783203, 741.489501953, 525.240783691, 524.14440918, 447.987792969, 308.395965576, 206.880325317, 169.154464722, 67.7471466064, 44.5996017456, 14.8483333588, 3.23962211609, 0.663891613483, 0.140899002552, 0.0254995245486, 0.000308334099827, 6.86259582494e-08]
    },
    "gfcc": {
        "mean": [5.24821853638, 68.0785369873, -114.8256073, 31.3728809357, -48.915851593, 20.3892383575, -24.2326622009, 11.9428720474, -13.4616556168, 8.36508846283, -7.00381660461, 4.54025697708, -7.52011728287],
        "cov": [[38592.1953125, -5020.16113281, -1680.65722656, 2033.7220459, -1548.57128906, 1429.16186523, -1092.01403809, 1228.88354492, -202.671875, 920.183898926, -646.523620605, 771.045166016, -520.386413574], [-5020.16113281, 5035.61474609, 79.2296981812, -617.42376709, 470.31552124, -583.755249023, 530.651245117, -428.419677734, 250.587203979, -375.743133545, 285.313568115, -353.079833984, 292.629882812], [-1680.65722656, 79.2296981812, 2035.82043457, -185.095779419, 531.065856934, 110.308280945, 286.761627197, 133.313781738, 80.2652435303, 215.096389771, 51.5025749207, 119.911811829, -18.6417541504], [2033.7220459, -617.42376709, -185.095779419, 921.088806152, -11.3214416504, 250.608978271, -7.80451107025, 36.3189811707, -4.61480951309, 25.9390449524, -53.0721969604, 8.31577110291, -20.4980354309], [-1548.57128906, 470.31552124, 531.065856934, -11.3214416504, 512.428955078, -11.1192960739, 226.808578491, 12.3862314224, 61.2269477844, 44.7250099182, 37.3594551086, 25.5123062134, 55.5659332275], [1429.16186523, -583.755249023, 110.308280945, 250.608978271, -11.1192960739, 342.289489746, -27.9346923828, 115.108444214, -27.8324012756, 49.2773399353, -15.7411136627, 51.1894302368, -36.9736099243], [-1092.01403809, 530.651245117, 286.761627197, -7.80451107025, 226.808578491, -27.9346923828, 435.028991699, 31.177854538, 116.251014709, 67.4326629639, 76.6968231201, 60.3158493042, 116.364433289], [1228.88354492, -428.419677734, 133.313781738, 36.3189811707, 12.3862314224, 115.108444214, 31.177854538, 223.223190308, 59.7688369751, 119.230140686, 2.3417904377, 94.4711303711, -5.49853992462], [-202.671875, 250.587203979, 80.2652435303, -4.61480951309, 61.2269477844, -27.8324012756, 116.251014709, 59.7688369751, 171.455657959, 64.6889648438, 54.283416748, 27.2199954987, 56.8606948853], [920.183898926, -375.743133545, 215.096389771, 25.9390449524, 44.7250099182, 49.2773399353, 67.4326629639, 119.230140686, 64.6889648438, 206.37109375, 38.9883003235, 106.465278625, -2.33669710159], [-646.523620605, 285.313568115, 51.5025749207, -53.0721969604, 37.3594551086, -15.7411136627, 76.6968231201, 2.3417904377, 54.283416748, 38.9883003235, 142.414230347, 26.846736908, 42.5844612122], [771.045166016, -353.079833984, 119.911811829, 8.31577110291, 25.5123062134, 51.1894302368, 60.3158493042, 94.4711303711, 27.2199954987, 106.465278625, 26.846736908, 156.664703369, 35.4579315186], [-520.386413574, 292.629882812, -18.6417541504, -20.4980354309, 55.5659332275, -36.9736099243, 116.364433289, -5.49853992462, 56.8606948853, -2.33669710159, 42.5844612122, 35.4579315186, 124.333175659]],
        "icov": [[7.5603777077e-05, -0.000123103120131, 6.35373362456e-05, -0.000129373889649, 0.000192688050447, -0.000172554515302, 0.000159089046065, -0.000233683880651, 0.000133222682052, -0.000425630918471, 0.000457179819932, -0.000443865050329, 0.000198783323867], [-0.000123103120131, 0.000794153660536, -0.000125139500597, 0.00040282541886, -0.000595480843913, 0.000604494009167, -0.000656065531075, 0.000671416404657, -0.000787724391557, 0.00149717216846, -0.00159034365788, 0.00179620715789, -0.000826276373118], [6.35373362456e-05, -0.000125139500597, 0.000902510422748, 0.000187062847544, -0.000618071178906, -0.000566443253774, -0.00010232420027, -6.73296817695e-05, 5.24150818819e-05, -0.000933851464652, 0.000523837108631, -0.000592033262365, 0.000875081983395], [-0.000129373889649, 0.00040282541886, 0.000187062847544, 0.00184149597771, -0.00064515019767, -0.00102625053842, -0.000556028855499, 0.00116498989519, -0.000865101406816, 0.000464269367512, -0.000341436854796, 0.00124793604482, -0.000437463517301], [0.000192688050447, -0.000595480843913, -0.000618071178906, -0.00064515019767, 0.00391433481127, -0.000325831177179, -0.000517351203598, -0.000685034727212, 0.000657431024592, -0.001292277826, 0.00158315862063, -0.00123190588783, 0.00010074943566], [-0.000172554515302, 0.000604494009167, -0.000566443253774, -0.00102625053842, -0.000325831177179, 0.00577415572479, -0.000437716837041, -0.00220750202425, 0.0010478644399, 0.00224612606689, -0.00234651681967, 0.00109799264465, -0.00017076455697], [0.000159089046065, -0.000656065531075, -0.00010232420027, -0.000556028855499, -0.000517351203598, -0.000437716837041, 0.00487546809018, -0.000573414843529, -0.000431586144259, -0.00192988442723, 0.000978510593995, -0.00177443039138, -0.00205234601162], [-0.000233683880651, 0.000671416404657, -6.73296817695e-05, 0.00116498989519, -0.000685034727212, -0.00220750202425, -0.000573414843529, 0.0103374617174, -0.00413007568568, -0.000984302489087, 6.64486578899e-05, -0.00125917012338, 0.000473812309792], [0.000133222682052, -0.000787724391557, 5.24150818819e-05, -0.000865101406816, 0.000657431024592, 0.0010478644399, -0.000431586144259, -0.00413007568568, 0.0111278463155, -0.00390114961192, -0.000471320498036, 0.00122178613674, -0.00283348583616], [-0.000425630918471, 0.00149717216846, -0.000933851464652, 0.000464269367512, -0.001292277826, 0.00224612606689, -0.00192988442723, -0.000984302489087, -0.00390114961192, 0.0145241962746, -0.00556706124917, -0.00174150359817, 0.0020999298431], [0.000457179819932, -0.00159034365788, 0.000523837108631, -0.000341436854796, 0.00158315862063, -0.00234651681967, 0.000978510593995, 6.64486578899e-05, -0.000471320498036, -0.00556706124917, 0.0132612138987, -0.00458609452471, 0.000237380125327], [-0.000443865050329, 0.00179620715789, -0.000592033262365, 0.00124793604482, -0.00123190588783, 0.00109799264465, -0.00177443039138, -0.00125917012338, 0.00122178613674, -0.00174150359817, -0.00458609452471, 0.0177576467395, -0.00757118780166], [0.000198783323867, -0.000826276373118, 0.000875081983395, -0.000437463517301, 0.00010074943566, -0.00017076455697, -0.00205234601162, 0.000473812309792, -0.00283348583616, 0.0020999298431, 0.000237380125327, -0.00757118780166, 0.0161378271878]]
    },
    "melbands": {
        "dmean": [0.00181820534635, 0.0010443587089, 0.000726642261725, 0.000452930864412, 0.000193999163457, 0.000153093918925, 0.000146928869071, 9.63122365647e-05, 9.16913704714e-05, 7.96789609012e-05, 0.000106752879219, 0.000101616424217, 6.87903375365e-05, 4.98124245496e-05, 6.93726833561e-05, 4.8864279961e-05, 5.78834660701e-05, 3.76398093067e-05, 3.18330603477e-05, 2.39902892645e-05, 2.39544224314e-05, 1.98637280846e-05, 1.9896275262e-05, 1.56568166858e-05, 1.25810711324e-05, 1.25882279463e-05, 7.57917450755e-06, 6.70864301355e-06, 6.80603716319e-06, 5.96336167291e-06, 5.58879537493e-06, 4.88787372888e-06, 3.44115255757e-06, 3.31347746396e-06, 3.0612725368e-06, 2.09608788282e-06, 1.98717998501e-06, 1.87281898434e-06, 1.5161652982e-06, 1.17755996598e-06],
        "dmean2": [0.00267724669538, 0.00165620190091, 0.00108648766764, 0.00078200927237, 0.000352304166881, 0.000254745536949, 0.0002289157419, 0.000153920380399, 0.000142973804031, 0.000127208812046, 0.000158776398166, 0.000154877750902, 0.000106479477836, 7.99420886324e-05, 0.000108887215902, 7.85913725849e-05, 9.15058844839e-05, 6.07791807852e-05, 5.14240200573e-05, 3.82787111448e-05, 3.92972033296e-05, 3.17964004353e-05, 3.15127108479e-05, 2.62441117229e-05, 2.01626535272e-05, 2.05834821827e-05, 1.26734703372e-05, 1.10644323286e-05, 1.10906985356e-05, 9.56989242695e-06, 9.01586099644e-06, 7.85601059761e-06, 5.59203544981e-06, 5.32290232513e-06, 4.76139803141e-06, 3.35499680659e-06, 3.17449598697e-06, 2.97767905977e-06, 2.43439944825e-06, 1.90607579498e-06],
        "dvar": [1.40502461363e-05, 8.36263916426e-06, 4.63672768092e-06, 2.9476666441e-06, 6.1807372731e-07, 7.45927195567e-08, 5.13529485602e-08, 2.929423637e-08, 3.31788676533e-08, 1.93502991408e-08, 3.72156350181e-08, 4.90038125633e-08, 3.17201838129e-08, 9.08932307198e-09, 2.35951915784e-08, 7.68913199778e-09, 1.42794069902e-08, 5.02320496309e-09, 3.43927308855e-09, 1.97174898631e-09, 2.04488048716e-09, 1.05562014685e-09, 1.44908307576e-09, 6.33088581559e-10, 3.82752884942e-10, 3.37909866754e-10, 1.44195752561e-10, 9.60179644127e-11, 1.02458277973e-10, 6.7119428071e-11, 5.40271126448e-11, 4.51948339864e-11, 2.33945258998e-11, 3.0039946225e-11, 3.27081556284e-11, 8.92824703058e-12, 7.85119018409e-12, 9.58333759571e-12, 7.85289715199e-12, 3.73940765505e-12],
        "dvar2": [2.95660520351e-05, 1.9971283109e-05, 8.71169686434e-06, 8.17968248157e-06, 1.80824076779e-06, 1.99277494062e-07, 1.17705269531e-07, 7.33856779789e-08, 7.54978302098e-08, 4.82473581087e-08, 7.2321157063e-08, 1.02642445654e-07, 6.35187902276e-08, 2.00852490195e-08, 4.83837716558e-08, 1.81613302175e-08, 3.20529167652e-08, 1.22434302696e-08, 7.85744092013e-09, 4.3682706341e-09, 5.44984635198e-09, 2.44823072926e-09, 3.30935967519e-09, 1.65015323628e-09, 9.2801544227e-10, 8.319421263e-10, 4.02267358313e-10, 2.43103537301e-10, 2.56285326294e-10, 1.64953911641e-10, 1.39603412164e-10, 1.13986153849e-10, 5.85003434583e-11, 7.57219009717e-11, 8.25176663111e-11, 2.1559780003e-11, 1.88758765562e-11, 2.27175986356e-11, 1.78723407601e-11, 9.29466312943e-12],
        "max": [0.0422825030982, 0.028314108029, 0.0199678447098, 0.0173603724688, 0.00865379255265, 0.00553578790277, 0.00391088332981, 0.00326767330989, 0.00344224786386, 0.00219860230573, 0.00506859505549, 0.00489601492882, 0.00398086989298, 0.00228064204566, 0.00411053048447, 0.00197007413954, 0.00275829993188, 0.00152934924699, 0.00111832644325, 0.0008818753995, 0.00132148363627, 0.000695524795447, 0.000837417726871, 0.00057240750175, 0.000350537506165, 0.000469537975732, 0.000177363413968, 0.000219796231249, 0.000182436415344, 0.000157081449288, 0.000134319430799, 0.000150092120748, 8.26788163977e-05, 0.000135189358843, 0.000206379962037, 6.26607361482e-05, 5.14220882906e-05, 8.91056479304e-05, 9.06323184608e-05, 4.66476740257e-05],
        "mean": [0.00613212585449, 0.0020815662574, 0.000919255020563, 0.000455841422081, 0.000206745433388, 0.000301367195789, 0.000329107075231, 0.000192420935491, 0.000171149134985, 0.000150016290718, 0.000233446655329, 0.000198823719984, 0.000134577596327, 9.11385577638e-05, 0.000126087426906, 8.37722109281e-05, 9.6776704595e-05, 5.78626859351e-05, 5.32004014531e-05, 4.31187472714e-05, 4.64150398329e-05, 3.86346800951e-05, 3.58768629667e-05, 2.89847212116e-05, 2.54391525232e-05, 2.43025897362e-05, 1.55715661094e-05, 1.44632822412e-05, 1.45610802065e-05, 1.33834755616e-05, 1.32704608404e-05, 1.12966654342e-05, 8.08523145679e-06, 7.43336249798e-06, 7.10833228368e-06, 5.17553826285e-06, 4.93605057272e-06, 4.32623892266e-06, 3.34314017891e-06, 2.68157987193e-06],
        "median": [0.00404425011948, 0.000887602916919, 0.000213738370803, 0.000133936031489, 9.55603536568e-05, 0.00014634760737, 0.000175979279447, 9.53105773078e-05, 5.322632569e-05, 7.4836985732e-05, 9.16371063795e-05, 4.47223101219e-05, 2.94706442219e-05, 3.96853574784e-05, 5.65743393963e-05, 4.17919254687e-05, 4.90122984047e-05, 3.00747578876e-05, 3.24042739521e-05, 2.42020796577e-05, 2.47132866207e-05, 2.25502881221e-05, 1.79241269507e-05, 1.90890350495e-05, 1.82052608579e-05, 1.7400343495e-05, 1.1485180039e-05, 1.00550896605e-05, 9.61336718319e-06, 9.0541652753e-06, 1.00451579783e-05, 8.75303430803e-06, 5.61893102713e-06, 5.14978682986e-06, 4.59156944999e-06, 3.6335918594e-06, 3.55748306902e-06, 2.60857791545e-06, 1.72365616891e-06, 1.53180724283e-06],
        "min": [9.00503557364e-25, 7.69550970768e-25, 9.6545461721e-25, 1.08928093021e-24, 1.80178335386e-24, 8.36719222796e-25, 1.44750463942e-24, 1.86331825156e-24, 7.42404689297e-25, 1.0856775122e-24, 1.55804130858e-24, 1.75704981294e-24, 2.33271593093e-24, 1.38081522597e-24, 1.71464715877e-24, 1.69151795425e-24, 2.9354003377e-24, 1.44606260169e-24, 3.01783018863e-24, 2.43945630558e-24, 3.3786683801e-24, 3.20950189214e-24, 3.51709729731e-24, 3.06279664073e-24, 2.25962422097e-24, 4.17732141573e-24, 3.60650521459e-24, 3.34490040019e-24, 3.88282544032e-24, 3.84264638783e-24, 3.84104855007e-24, 3.99346160455e-24, 4.80133011329e-24, 4.36219570204e-24, 5.00061018301e-24, 6.04874481866e-24, 5.12277239393e-24, 6.53981783191e-24, 5.34802215909e-24, 5.22625595634e-24],
        "var": [4.50222505606e-05, 1.01355226434e-05, 6.95890867064e-06, 2.16939133679e-06, 3.52165244522e-07, 1.93484879674e-07, 1.89679894902e-07, 7.72433494944e-08, 1.00260741931e-07, 4.55546853573e-08, 1.66578999483e-07, 1.76994007006e-07, 1.31636170408e-07, 2.67117989949e-08, 6.72232403076e-08, 1.96223908233e-08, 3.34504690613e-08, 8.22931589539e-09, 6.22602591704e-09, 4.41050440614e-09, 5.33714716866e-09, 2.69613531501e-09, 3.61185303888e-09, 1.27231203351e-09, 8.17421741406e-10, 6.87894241569e-10, 2.55478971312e-10, 2.34216562811e-10, 2.63513905141e-10, 2.11087633484e-10, 1.71620065381e-10, 1.24089877263e-10, 6.93791482598e-11, 6.8739042236e-11, 7.45398465174e-11, 2.93200741464e-11, 2.65846424735e-11, 2.45609331484e-11, 1.80700333169e-11, 9.63147443744e-12]
    },
    "mfcc": {
        "mean": [-621.309631348, 93.5464859009, -0.213139310479, 17.6441440582, 2.84369540215, 11.4417772293, 3.63707375526, 7.81020975113, 2.84742093086, 6.3276925087, 6.03983449936, 5.96273374557, 1.93762350082],
        "cov": [[15576.4589844, -2178.18530273, -747.378601074, 580.67956543, 260.070220947, 199.975372314, -104.186538696, 246.376983643, 251.539077759, 280.804321289, 229.287811279, 121.348800659, 54.1132774353], [-2178.18530273, 3105.25415039, 550.438476562, 97.255241394, -128.680389404, 37.0618057251, 68.0673294067, 15.0701961517, 97.1291427612, 30.5410480499, 17.3346176147, 46.8070678711, 47.0470085144], [-747.378601074, 550.438476562, 1178.41381836, 106.775970459, 184.357254028, 178.462371826, 250.979507446, 39.2431221008, 94.2537078857, 62.6348495483, 118.440856934, 71.8511199951, 80.9939880371], [580.67956543, 97.255241394, 106.775970459, 512.261962891, 145.182037354, 180.916885376, 120.837387085, 63.121963501, 138.872314453, 44.5797462463, 38.8384971619, 46.8513717651, 37.7531471252], [260.070220947, -128.680389404, 184.357254028, 145.182037354, 353.195129395, 114.367469788, 84.5948104858, 44.1624679565, 25.914226532, 29.6267967224, 37.38256073, 4.1607465744, 16.7947292328], [199.975372314, 37.0618057251, 178.462371826, 180.916885376, 114.367469788, 248.626190186, 134.716033936, 66.3695526123, 79.9244537354, 28.2123222351, 11.5839834213, 33.182888031, 31.0114002228], [-104.186538696, 68.0673294067, 250.979507446, 120.837387085, 84.5948104858, 134.716033936, 243.07182312, 72.3239974976, 88.0078887939, 28.5183143616, 42.2249069214, 56.0742759705, 33.0287017822], [246.376983643, 15.0701961517, 39.2431221008, 63.121963501, 44.1624679565, 66.3695526123, 72.3239974976, 141.161300659, 73.693031311, 30.9950389862, 17.9971866608, 23.0698070526, 17.519235611], [251.539077759, 97.1291427612, 94.2537078857, 138.872314453, 25.914226532, 79.9244537354, 88.0078887939, 73.693031311, 198.250015259, 66.7020111084, 39.1623039246, 43.8999290466, 35.0413703918], [280.804321289, 30.5410480499, 62.6348495483, 44.5797462463, 29.6267967224, 28.2123222351, 28.5183143616, 30.9950389862, 66.7020111084, 101.06842041, 65.7834472656, 31.5545578003, 16.1311016083], [229.287811279, 17.3346176147, 118.440856934, 38.8384971619, 37.38256073, 11.5839834213, 42.2249069214, 17.9971866608, 39.1623039246, 65.7834472656, 130.077529907, 64.0352172852, 22.3132343292], [121.348800659, 46.8070678711, 71.8511199951, 46.8513717651, 4.1607465744, 33.182888031, 56.0742759705, 23.0698070526, 43.8999290466, 31.5545578003, 64.0352172852, 108.178939819, 52.1386375427], [54.1132774353, 47.0470085144, 80.9939880371, 37.7531471252, 16.7947292328, 31.0114002228, 33.0287017822, 17.519235611, 35.0413703918, 16.1311016083, 22.3132343292, 52.1386375427, 89.2691955566]],
