{
"lowlevel": {
    "average_loudness": 0.849192500114,
    "barkbands_crest": {
        "dmean": 3.30493736267,
        "dmean2": 5.30040979385,
        "dvar": 13.8099775314,
        "dvar2": 32.2447853088,
        "max": 26.4383354187,
        "mean": 11.4691677094,
        "median": 11.4669799805,
        "min": 1.79800188541,
        "var": 32.0183677673
    },
    "barkbands_flatness_db": {
        "dmean": 0.0289314333349,
        "dmean2": 0.0444877780974,
        "dvar": 0.00108243047725,
        "dvar2": 0.00254911067896,
        "max": 0.457208126783,
        "mean": 0.110763289034,
        "median": 0.10028976202,
        "min": 0.0128010865301,
        "var": 0.00337773864157
    },
    "barkbands_kurtosis": {
        "dmean": 2.91386246681,
        "dmean2": 4.77323055267,
        "dvar": 184.778503418,
        "dvar2": 424.30770874,
        "max": 738.224243164,
        "mean": 1.99909842014,
        "median": -0.409970402718,
        "min": -1.94764101505,
        "var": 213.492172241
    },
    "barkbands_skewness": {
        "dmean": 0.68864017725,
        "dmean2": 1.06953704357,
        "dvar": 0.913831830025,
        "dvar2": 2.19112753868,
        "max": 25.0206604004,
        "mean": 0.920212328434,
        "median": 0.828442215919,
        "min": -5.46620368958,
        "var": 1.91976475716
    },
    "barkbands_spread": {
        "dmean": 10.9038600922,
        "dmean2": 17.6008605957,
        "dvar": 173.173843384,
        "dvar2": 483.330169678,
        "max": 132.677200317,
        "mean": 47.5941505432,
        "median": 42.9297943115,
        "min": 0.297073721886,
        "var": 687.011230469
    },
    "dissonance": {
        "dmean": 0.0136762494221,
        "dmean2": 0.0228022374213,
        "dvar": 0.000262674409896,
        "dvar2": 0.000681826553773,
        "max": 0.500000119209,
        "mean": 0.479604065418,
        "median": 0.485819756985,
        "min": 0.268799930811,
        "var": 0.000488263933221
    },
    "dynamic_complexity": 3.823980093,
    "erbbands_crest": {
        "dmean": 2.571382761,
        "dmean2": 4.2316069603,
        "dvar": 8.45384788513,
        "dvar2": 21.4033908844,
        "max": 30.3349094391,
        "mean": 7.39842987061,
        "median": 6.0714468956,
        "min": 2.21561026573,
        "var": 18.0840129852
    },
    "erbbands_flatness_db": {
        "dmean": 0.0179143846035,
        "dmean2": 0.0271895956248,
        "dvar": 0.000352740287781,
        "dvar2": 0.000759294140153,
        "max": 0.436513841152,
        "mean": 0.131364226341,
        "median": 0.122810855508,
        "min": 0.0470811538398,
        "var": 0.00264757731929
    },
    "erbbands_kurtosis": {
        "dmean": 1.00760364532,
        "dmean2": 1.62738919258,
        "dvar": 4.33060359955,
        "dvar2": 10.9821233749,
        "max": 50.5537719727,
        "mean": 0.137340322137,
        "median": -0.448540449142,
        "min": -1.8546397686,
        "var": 5.52973842621
    },
    "erbbands_skewness": {
        "dmean": 0.425792247057,
        "dmean2": 0.661290287971,
        "dvar": 0.238010883331,
        "dvar2": 0.563762903214,
        "max": 5.26922750473,
        "mean": -0.121849499643,
        "median": -0.188999503851,
        "min": -5.66448831558,
        "var": 0.618655800819
    },
    "erbbands_spread": {
        "dmean": 10.5760412216,
        "dmean2": 16.6975231171,
        "dvar": 209.330947876,
        "dvar2": 487.549682617,
        "max": 196.164794922,
        "mean": 47.3704795837,
        "median": 45.6306838989,
        "min": 1.83249545097,
        "var": 435.155670166
    },
    "hfc": {
        "dmean": 27.1149406433,
        "dmean2": 44.2213134766,
        "dvar": 2283.48754883,
        "dvar2": 6255.41894531,
        "max": 501.23135376,
        "mean": 68.9602432251,
        "median": 47.1567230225,
        "min": 1.13317920568e-16,
        "var": 4896.65087891
    },
    "melbands_crest": {
        "dmean": 4.23940944672,
        "dmean2": 6.74883747101,
        "dvar": 22.3373718262,
        "dvar2": 53.1883392334,
        "max": 38.9106140137,
        "mean": 19.36028862,
        "median": 20.1297798157,
        "min": 1.00357174873,
        "var": 90.2510375977
    },
    "melbands_flatness_db": {
        "dmean": 0.0382128097117,
        "dmean2": 0.0589838065207,
        "dvar": 0.00218484597281,
        "dvar2": 0.00528249237686,
        "max": 0.570755839348,
        "mean": 0.151493296027,
        "median": 0.152653872967,
        "min": 1.33744293862e-07,
        "var": 0.00702845351771
    },
    "melbands_kurtosis": {
        "dmean": 13.2216558456,
        "dmean2": 21.287279129,
        "dvar": 1254.37207031,
        "dvar2": 2978.98413086,
        "max": 975.596740723,
        "mean": 17.1519107819,
        "median": 6.7478351593,
        "min": -1.8001345396,
        "var": 1603.21118164
    },
    "melbands_skewness": {
        "dmean": 1.15241861343,
        "dmean2": 1.79110372066,
        "dvar": 2.94742035866,
        "dvar2": 7.04696083069,
        "max": 26.8846492767,
        "mean": 2.92795467377,
        "median": 2.42290115356,
        "min": -3.1701259613,
        "var": 6.19469547272
    },
    "melbands_spread": {
        "dmean": 18.387336731,
        "dmean2": 29.6305999756,
        "dvar": 749.104248047,
        "dvar2": 1697.0123291,
        "max": 241.405426025,
        "mean": 45.8696022034,
        "median": 37.3247375488,
        "min": 0.360405266285,
        "var": 1184.94006348
    },
    "pitch_salience": {
        "dmean": 0.101584509015,
        "dmean2": 0.160687014461,
        "dvar": 0.0120645873249,
        "dvar2": 0.0287874042988,
        "max": 0.997711002827,
        "mean": 0.509572565556,
        "median": 0.507066905499,
        "min": 0.032038513571,
        "var": 0.0303650852293
    },
    "silence_rate_20dB": {
        "dmean": 0,
        "dmean2": 0,
        "dvar": 0,
        "dvar2": 0,
        "max": 1,
        "mean": 1,
        "median": 1,
        "min": 1,
        "var": 0
    },
    "silence_rate_30dB": {
        "dmean": 0.0283456332982,
        "dmean2": 0.0566949695349,
        "dvar": 0.0275384467095,
        "dvar2": 0.0813060030341,
        "max": 1,
        "mean": 0.984913766384,
        "median": 1,
        "min": 0,
        "var": 0.0148596465588
    },
    "silence_rate_60dB": {
        "dmean": 0.0463718883693,
        "dmean2": 0.0927498340607,
        "dvar": 0.044210255146,
        "dvar2": 0.101231396198,
        "max": 1,
        "mean": 0.109391324222,
        "median": 0,
        "min": 0,
        "var": 0.097423620522
    },
    "spectral_centroid": {
        "dmean": 409.417694092,
        "dmean2": 627.568786621,
        "dvar": 249333.78125,
        "dvar2": 521565.71875,
        "max": 11577.0449219,
        "mean": 2561.63427734,
        "median": 2773.16943359,
        "min": 143.157119751,
        "var": 795814.25
    },
    "spectral_complexity": {
        "dmean": 7.16635084152,
        "dmean2": 11.0468978882,
        "dvar": 52.7972145081,
        "dvar2": 123.58795166,
        "max": 60,
        "mean": 21.9862861633,
        "median": 21,
        "min": 0,
        "var": 190.943847656
    },
    "spectral_decrease": {
        "dmean": 2.50324050377e-09,
        "dmean2": 3.91047372261e-09,
        "dvar": 2.06813797789e-17,
        "dvar2": 4.98662258857e-17,
        "max": 9.60869680785e-29,
        "mean": -7.33298577416e-09,
        "median": -5.60861757037e-09,
        "min": -4.06123881191e-08,
        "var": 4.40872244891e-17
    },
    "spectral_energy": {
        "dmean": 0.010077864863,
        "dmean2": 0.0152964023873,
        "dvar": 0.000282927067019,
        "dvar2": 0.000635625619907,
        "max": 0.158212602139,
        "mean": 0.0339311026037,
        "median": 0.0265366379172,
        "min": 1.01396187228e-20,
        "var": 0.000829699914902
    },
    "spectral_energyband_high": {
        "dmean": 0.00255379104055,
        "dmean2": 0.00421250751242,
        "dvar": 2.14953925024e-05,
        "dvar2": 6.02701693424e-05,
        "max": 0.0437601692975,
        "mean": 0.00613371329382,
        "median": 0.00414838735014,
        "min": 7.41016503941e-21,
        "var": 4.19745338149e-05
    },
    "spectral_energyband_low": {
        "dmean": 0.00540700787678,
        "dmean2": 0.00835185497999,
        "dvar": 0.000127095845528,
        "dvar2": 0.000317662226735,
        "max": 0.111255347729,
        "mean": 0.0161314811558,
        "median": 0.00644037034363,
        "min": 2.46014792991e-23,
        "var": 0.000349486304913
    },
    "spectral_energyband_middle_high": {
        "dmean": 0.00278915092349,
        "dmean2": 0.00455443374813,
        "dvar": 1.36881490107e-05,
        "dvar2": 3.58597244485e-05,
        "max": 0.058349840343,
        "mean": 0.00572741171345,
        "median": 0.00441264361143,
        "min": 1.31525069739e-21,
        "var": 2.65753023996e-05
    },
    "spectral_energyband_middle_low": {
        "dmean": 0.00594622455537,
        "dmean2": 0.00993036385626,
        "dvar": 0.00032171496423,
        "dvar2": 0.000831347540952,
        "max": 0.140771076083,
        "mean": 0.00656258361414,
        "median": 0.00218214839697,
        "min": 1.63117868569e-22,
        "var": 0.000272230390692
    },
    "spectral_entropy": {
        "dmean": 0.179302468896,
        "dmean2": 0.279209464788,
        "dvar": 0.0538543537259,
        "dvar2": 0.133164256811,
        "max": 9.80839347839,
        "mean": 8.16049480438,
        "median": 8.26117134094,
        "min": 5.82653141022,
        "var": 0.20537750423
    },
    "spectral_flux": {
        "dmean": 0.0302292685956,
        "dmean2": 0.0460163988173,
        "dvar": 0.00165372283664,
        "dvar2": 0.00305575388484,
        "max": 0.390554279089,
        "mean": 0.0961605980992,
        "median": 0.0819694846869,
        "min": 6.37394234615e-11,
        "var": 0.00460119266063
    },
    "spectral_kurtosis": {
        "dmean": 0.824452340603,
        "dmean2": 1.38373577595,
        "dvar": 4.36263275146,
        "dvar2": 13.1440820694,
        "max": 82.7619781494,
        "mean": 2.35537624359,
        "median": 1.71269392967,
        "min": -1.2343467474,
        "var": 9.938788414
    },
    "spectral_rms": {
        "dmean": 0.000836755731143,
        "dmean2": 0.00124162156135,
        "dvar": 1.23184179301e-06,
        "dvar2": 2.53381381299e-06,
        "max": 0.0124239185825,
        "mean": 0.00510508101434,
        "median": 0.00508816260844,
        "min": 3.14520436605e-12,
        "var": 7.04175272404e-06
    },
    "spectral_rolloff": {
        "dmean": 1680.8815918,
        "dmean2": 2712.75537109,
        "dvar": 5299146.5,
        "dvar2": 13391107,
        "max": 19143.0175781,
        "mean": 4693.65136719,
        "median": 4392.7734375,
        "min": 43.06640625,
        "var": 11129583
    },
    "spectral_skewness": {
        "dmean": 0.152099922299,
        "dmean2": 0.245108962059,
        "dvar": 0.0400442294776,
        "dvar2": 0.106396764517,
        "max": 6.68937015533,
        "mean": 1.17305910587,
        "median": 1.11515450478,
        "min": -0.0406303927302,
        "var": 0.132675454021
    },
    "spectral_spread": {
        "dmean": 605184.3125,
        "dmean2": 930314.5,
        "dvar": 531046367232,
        "dvar2": 994900377600,
        "max": 42696572,
        "mean": 6812404.5,
        "median": 6785026,
        "min": 886062.375,
        "var": 5.26114619392e+12
    },
    "spectral_strongpeak": {
        "dmean": 0.405166924,
        "dmean2": 0.675294041634,
        "dvar": 0.609599411488,
        "dvar2": 1.63590466976,
        "max": 11.7589845657,
        "mean": 0.781709432602,
        "median": 0.464453876019,
        "min": 0,
        "var": 1.06598544121
    },
    "zerocrossingrate": {
        "dmean": 0.0238187238574,
        "dmean2": 0.0298070348799,
        "dvar": 0.000769055215642,
        "dvar2": 0.00109088222962,
        "max": 0.86376953125,
        "mean": 0.138170108199,
        "median": 0.13525390625,
        "min": 0.00146484375,
        "var": 0.0049327663146
    },
    "barkbands": {
        "dmean": [0.000415575661464, 0.00433990499005, 0.00135909067467, 0.00160456146114, 0.00337401521392, 0.000574384233914, 0.000454484514194, 0.000293640827294, 0.000566679809708, 0.000745043100324, 0.000614984543063, 0.000477578520076, 0.000310713920044, 0.000307041627821, 0.000286817841697, 0.000328118767357, 0.000329851784045, 0.000299308332615, 0.000292312557576, 0.000349984009517, 0.000356599717634, 0.000352106813807, 0.000433902518125, 0.000490674457978, 0.000570597767364, 0.00050767272478, 0.000184357428225],
        "dmean2": [0.000664911058266, 0.00663238577545, 0.00248477072455, 0.00298901973292, 0.005744243972, 0.000926582491957, 0.000726988655515, 0.000486409029691, 0.00093593262136, 0.00119799305685, 0.00102256960236, 0.000785513781011, 0.000529149547219, 0.000512224680278, 0.000468772544991, 0.000567234819755, 0.000549676187802, 0.00050881120842, 0.000482044095406, 0.000586537120398, 0.000597950886004, 0.000598288199399, 0.000737340422347, 0.00081173167564, 0.00095781753771, 0.000818956352305, 0.000295811158139],
        "dvar": [7.38155449653e-07, 6.90988817951e-05, 3.14648787025e-05, 6.82287718519e-05, 0.000190035600099, 2.93278822028e-06, 8.51917207001e-07, 5.61258275411e-07, 1.69011241269e-06, 2.28574322136e-06, 2.39432665694e-06, 1.08179335712e-06, 3.20469325743e-07, 3.87068780583e-07, 2.87635316454e-07, 5.89854494137e-07, 2.97573336638e-07, 3.00653880458e-07, 1.96638765715e-07, 3.00766174632e-07, 2.60872809577e-07, 3.06720693288e-07, 6.0135170088e-07, 7.44102919725e-07, 1.17765580399e-06, 9.82141955319e-07, 1.50237639218e-07],
        "dvar2": [1.93431105799e-06, 0.000152608845383, 8.98584112292e-05, 0.000201082788408, 0.000464783486677, 6.70389499646e-06, 1.94823383026e-06, 1.40097324675e-06, 4.19675825469e-06, 5.443045211e-06, 5.86158421356e-06, 2.4455748644e-06, 7.9731535152e-07, 9.41477196648e-07, 6.90644696988e-07, 1.62305707363e-06, 7.69751636653e-07, 8.46208990879e-07, 5.04752392771e-07, 7.99289125553e-07, 7.04070885149e-07, 8.69775021783e-07, 1.73682758486e-06, 2.01891066354e-06, 3.27455086335e-06, 2.57566648543e-06, 3.75714677148e-07],
        "max": [0.0241656061262, 0.0932914614677, 0.0586251839995, 0.082826167345, 0.137457683682, 0.0529043637216, 0.039428576827, 0.0201926957816, 0.0287948474288, 0.037156701088, 0.0501569807529, 0.0409381836653, 0.0193791091442, 0.0173235870898, 0.0167407859117, 0.0191374216229, 0.0132151693106, 0.0148807968944, 0.00781747326255, 0.00939884223044, 0.00770132290199, 0.00564063154161, 0.00720245670527, 0.0126231992617, 0.0181140452623, 0.0134501652792, 0.00856490153819],
        "mean": [0.00116895337123, 0.0135130351409, 0.000954299175646, 0.00103986053728, 0.00279687624425, 0.000755587243475, 0.000656030431855, 0.000361077371053, 0.000715645088349, 0.00101908959914, 0.000712072825991, 0.000612326024566, 0.000364514271496, 0.000430615240475, 0.000450558989542, 0.000416469847551, 0.000509184144903, 0.000461846997496, 0.000532848585863, 0.000687716295943, 0.000732689688448, 0.000713409739546, 0.00081529194722, 0.00105463282671, 0.00108342070598, 0.00103649334051, 0.000336606695782],
        "median": [0.000121638237033, 0.00260912929662, 4.14573660237e-05, 2.37549538724e-05, 0.000128305138787, 0.000138974646688, 0.000165352379554, 0.000112939109385, 0.000230182777159, 0.000288108480163, 0.00022160820663, 0.000180065530003, 0.000147416023538, 0.000170184823219, 0.000166564743267, 0.000160413677804, 0.000255439430475, 0.000241618428845, 0.000341823761119, 0.000483631447423, 0.000552918179892, 0.000541323504876, 0.000537052517757, 0.000620757462457, 0.000451042200439, 0.000270729971817, 5.65745758649e-05],
        "min": [5.31614271218e-24, 5.88677195329e-24, 7.99970679868e-25, 2.12106691664e-24, 1.172734269e-23, 1.82831105005e-23, 1.13745522602e-23, 2.42093207659e-23, 1.81114417458e-23, 2.18147035114e-23, 2.03492855171e-23, 4.50873418825e-23, 5.08331491252e-23, 5.64437929404e-23, 7.24370264042e-23, 1.33565372011e-22, 7.80206280675e-23, 1.36071046682e-22, 1.69106130634e-22, 2.43183097886e-22, 2.43317999411e-22, 4.08888846743e-22, 5.60218116784e-22, 7.10317874529e-22, 1.12510669402e-21, 1.60980646215e-21, 2.11234786582e-21],
        "var": [4.45185332865e-06, 0.000260271102889, 2.01725051738e-05, 4.00919707317e-05, 0.00016129326832, 5.31398382009e-06, 1.89075342405e-06, 8.10521100902e-07, 2.36177356783e-06, 4.38013785242e-06, 3.11150165544e-06, 2.24204836741e-06, 4.3732890731e-07, 7.56319707307e-07, 6.58303122236e-07, 6.76442994063e-07, 4.99841235069e-07, 4.41294588427e-07, 3.66141449604e-07, 6.25913855856e-07, 5.48643754428e-07, 4.91283458359e-07, 8.14957274997e-07, 1.52814595822e-06, 2.14864303416e-06, 2.33843866226e-06, 3.13462209078e-07]
    },
    "erbbands": {
        "dmean": [0.189214080572, 0.808256983757, 1.44129085541, 3.82932066917, 6.53784990311, 15.8152627945, 6.29746389389, 5.29467105865, 5.90979528427, 7.00003242493, 7.70592689514, 10.1818008423, 20.6068019867, 23.2619895935, 21.4672412872, 18.0679855347, 14.6290025711, 14.637597084, 13.4541091919, 15.5539493561, 18.1996440887, 19.3209648132, 14.9527425766, 15.4780702591, 15.0250387192, 15.7144374847, 15.0211763382, 14.3671665192, 12.0935668945, 12.462228775, 13.4067716599, 10.457274437, 8.84650707245, 6.06043815613, 4.49929428101, 2.38206672668, 0.933772623539, 0.293132036924, 0.0290298163891, 0.00041222688742],
        "dmean2": [0.281510084867, 1.26538205147, 2.50300884247, 7.11421537399, 11.6510477066, 26.7557277679, 10.506696701, 8.30946445465, 9.34246349335, 11.3031797409, 12.6338262558, 16.7515830994, 33.1387786865, 38.1531677246, 35.1646614075, 29.935546875, 24.5887508392, 24.3788433075, 21.950460434, 25.5902824402, 31.4166240692, 32.1527328491, 25.3868808746, 25.8826541901, 24.8965358734, 25.9825515747, 25.2998065948, 23.9925041199, 20.4269142151, 21.1825008392, 22.8149356842, 17.4260540009, 14.7043075562, 10.0921077728, 7.62369918823, 3.94886684418, 1.51887261868, 0.46406134963, 0.0469379760325, 0.00066033215262],
        "dvar": [0.140724331141, 2.80390524864, 25.4938087463, 357.101867676, 691.687438965, 5842.65673828, 495.507629395, 317.065673828, 146.091812134, 292.981018066, 359.60333252, 567.923217773, 2266.66186523, 2290.64990234, 2268.06469727, 1289.86022949, 658.121582031, 849.310119629, 647.129333496, 777.233825684, 2078.23266602, 1066.80725098, 709.862365723, 643.865966797, 581.761535645, 611.28704834, 563.028381348, 444.429290771, 327.352600098, 445.168212891, 586.908508301, 338.273101807, 242.980270386, 113.338172913, 83.0448684692, 21.3466358185, 3.58437609673, 0.375928044319, 0.00350660155527, 6.9316030249e-07],
        "dvar2": [0.284643322229, 6.77299499512, 69.0090560913, 1044.74377441, 2011.89282227, 14201.9921875, 1226.5057373, 669.274169922, 339.180053711, 692.424743652, 870.68548584, 1420.34436035, 5496.04296875, 5572.81298828, 5260.34375, 3048.10693359, 1608.36523438, 2014.69519043, 1617.99060059, 1864.61804199, 5850.80712891, 2791.21166992, 1955.23388672, 1707.19873047, 1510.19482422, 1571.27490234, 1545.80407715, 1187.54309082, 920.367492676, 1267.17883301, 1687.20874023, 920.343261719, 665.645202637, 309.679870605, 232.793487549, 58.1609802246, 9.38896751404, 0.921879649162, 0.00879216194153, 1.73127079961e-06],
        "max": [3.98297309875, 23.5231132507, 51.383972168, 195.802185059, 297.634521484, 828.736633301, 243.281723022, 609.973449707, 260.179901123, 578.767333984, 524.36505127, 738.96295166, 1354.49865723, 1667.49633789, 1742.88110352, 823.033447266, 732.301025391, 807.563720703, 771.773498535, 712.260253906, 859.250488281, 776.345947266, 648.646850586, 691.840454102, 517.243530273, 594.950256348, 393.544799805, 345.428436279, 181.681213379, 272.381866455, 232.741104126, 370.126098633, 241.468170166, 131.023910522, 174.227722168, 99.0461044312, 31.4096736908, 10.956076622, 0.976326286793, 0.0124960681424],
        "mean": [0.633662104607, 2.04921388626, 1.34622967243, 2.56961965561, 5.16518878937, 12.6599006653, 5.94223308563, 7.32327747345, 8.59970188141, 9.37131786346, 10.4017658234, 13.5922641754, 28.4880428314, 30.2863883972, 26.5816421509, 23.5341911316, 18.8413333893, 20.2212257385, 21.9104423523, 24.2141666412, 24.014837265, 30.544631958, 24.4398269653, 27.3003482819, 29.5941486359, 31.1821575165, 29.2713928223, 28.7482910156, 24.8128261566, 24.7326889038, 24.0032367706, 21.3411140442, 17.9524784088, 11.9832582474, 7.71911907196, 4.46618270874, 1.86465001106, 0.581109702587, 0.0538423992693, 0.000840491207782],
        "median": [0.0782594382763, 0.390091478825, 0.223918050528, 0.103913724422, 0.230517610908, 0.462235122919, 0.776847720146, 1.28050398827, 2.12070155144, 2.73011231422, 3.683552742, 5.01946926117, 8.55870437622, 11.8589668274, 9.20182037354, 8.25430011749, 8.02211761475, 9.29016304016, 9.42957401276, 10.0200834274, 10.8884563446, 15.9425106049, 14.8520965576, 17.616109848, 20.9711284637, 22.6244239807, 21.81316185, 20.8608264923, 18.9437866211, 17.7142524719, 15.310590744, 13.1221866608, 9.74536800385, 5.45536136627, 2.80270767212, 1.28487277031, 0.464428067207, 0.116520985961, 0.00892144069076, 0.000184853794053],
        "min": [2.26241571572e-22, 4.28970039459e-22, 1.66769688715e-21, 4.40094538274e-21, 4.56230174384e-20, 2.76689653077e-20, 6.21794962254e-20, 1.45619744317e-19, 1.01100567094e-19, 3.35127598134e-19, 5.58413139621e-19, 4.74447431508e-19, 1.0547025337e-18, 9.40964682484e-19, 8.00346873482e-19, 1.75158369161e-18, 2.29532073431e-18, 3.2174565113e-18, 4.17296158139e-18, 5.23416110181e-18, 7.07139334879e-18, 5.2172957163e-18, 7.19203598677e-18, 7.05637505759e-18, 7.62628347448e-18, 1.2266226562e-17, 1.0777982229e-17, 1.33653055778e-17, 1.56036670687e-17, 1.38416251258e-17, 1.41768797737e-17, 1.39498319304e-17, 1.18790233172e-17, 1.13708126479e-17, 7.33485781851e-18, 4.93855652939e-18, 2.67127246156e-18, 9.74575925904e-19, 2.59317554819e-19, 3.04079832669e-20],
        "var": [0.623413681984, 6.85796451569, 20.4693145752, 212.728347778, 462.183105469, 4808.66943359, 423.752807617, 697.7109375, 290.550201416, 554.850219727, 546.928100586, 820.506530762, 4198.32373047, 3243.06591797, 3721.26855469, 2463.17626953, 1052.37304688, 1550.20605469, 1633.85449219, 1727.46777344, 2078.25024414, 1814.58691406, 1091.42480469, 1024.51782227, 1178.13598633, 1298.39428711, 941.592224121, 938.43157959, 577.384094238, 662.004699707, 770.886779785, 627.934570312, 471.64263916, 231.940444946, 126.789573669, 44.1863098145, 8.04474544525, 0.85968875885, 0.00758573878556, 1.61414163813e-06]
    },
    "gfcc": {
        "mean": [17.3878555298, 1.80209207535, -109.872413635, 24.4936962128, -58.0651817322, 21.250082016, -26.1384792328, 18.3629207611, -20.9640159607, 8.74502563477, -13.700504303, 9.88540554047, -8.04139137268],
        "cov": [[16304.0751953, -2656.81152344, 2140.56152344, 722.839599609, 947.650085449, 1127.63891602, 478.132598877, 748.239257812, 239.87159729, 689.864135742, -4.13766622543, 562.793518066, -133.979415894], [-2656.81152344, 2566.86376953, -632.13079834, -79.8646240234, -200.217575073, -511.340820312, -150.760559082, -308.241912842, 40.1649551392, -189.69984436, 41.505443573, -224.127548218, 40.836605072], [2140.56152344, -632.13079834, 1672.50488281, 497.360931396, 707.809753418, 510.279205322, 319.501861572, 294.042541504, 142.675811768, 200.830566406, 51.5400695801, 141.473251343, 6.64409637451], [722.839599609, -79.8646240234, 497.360931396, 511.485992432, 285.236785889, 251.486495972, 152.991760254, 132.905822754, 93.4384078979, 86.3672103882, 29.6433506012, 36.6334838867, -4.08393621445], [947.650085449, -200.217575073, 707.809753418, 285.236785889, 700.023071289, 428.136047363, 359.76776123, 259.819458008, 200.482223511, 156.686264038, 103.755187988, 94.1032104492, 55.2676849365], [1127.63891602, -511.340820312, 510.279205322, 251.486495972, 428.136047363, 526.297485352, 351.634338379, 284.437866211, 152.308395386, 151.728759766, 59.4356994629, 105.192131042, 22.8708190918], [478.132598877, -150.760559082, 319.501861572, 152.991760254, 359.76776123, 351.634338379, 417.710479736, 284.250640869, 193.618911743, 123.56287384, 82.9672317505, 69.6661453247, 42.5934677124], [748.239257812, -308.241912842, 294.042541504, 132.905822754, 259.819458008, 284.437866211, 284.250640869, 324.61706543, 187.071151733, 145.378616333, 60.9998893738, 76.5738830566, 24.3960933685], [239.87159729, 40.1649551392, 142.675811768, 93.4384078979, 200.482223511, 152.308395386, 193.618911743, 187.071151733, 249.063980103, 174.136947632, 107.541625977, 42.715461731, 21.4922199249], [689.864135742, -189.69984436, 200.830566406, 86.3672103882, 156.686264038, 151.728759766, 123.56287384, 145.378616333, 174.136947632, 235.081771851, 131.402435303, 88.6666793823, -1.36096215248], [-4.13766622543, 41.505443573, 51.5400695801, 29.6433506012, 103.755187988, 59.4356994629, 82.9672317505, 60.9998893738, 107.541625977, 131.402435303, 161.670791626, 84.8834381104, 35.1011428833], [562.793518066, -224.127548218, 141.473251343, 36.6334838867, 94.1032104492, 105.192131042, 69.6661453247, 76.5738830566, 42.715461731, 88.6666793823, 84.8834381104, 140.428833008, 59.2704315186], [-133.979415894, 40.836605072, 6.64409637451, -4.08393621445, 55.2676849365, 22.8708190918, 42.5934677124, 24.3960933685, 21.4922199249, -1.36096215248, 35.1011428833, 59.2704315186, 117.793907166]],
        "icov": [[0.000109319851617, -1.26732538774e-06, -3.08684720949e-05, -1.88055637409e-05, -6.92338726367e-05, -1.41972359415e-05, 4.57279456896e-05, -6.78875221638e-05, 0.000111064422526, -0.000396223913413, 0.000554608297534, -0.000556528219022, 0.000248554832069], [-1.26732538774e-06, 0.000837239087559, 8.80536972545e-05, -0.000345920532709, -0.000143096025568, 0.000861409469508, -0.000534839578904, 0.000828032789286, -0.00107022153679, 0.000976138806436, -0.00101380073465, 0.0011146281613, -0.000439065159298], [-3.08684720949e-05, 8.80536972545e-05, 0.00143769336864, -0.000699380238075, -0.00132250296883, 0.000237581974943, 0.000104270249722, -0.000192147723283, 0.000678749056533, -0.000755321176257, 0.000842354085762, -0.000620031962171, 0.000333893636707], [-1.88055637409e-05, -0.000345920532709, -0.000699380238075, 0.00323542486876, -5.62117529626e-05, -0.00150943128392, 0.000773628475145, -0.000209535312024, -0.000340348778991, 0.000130938409711, -6.87011706759e-05, 0.000214412008063, 0.000309454713715], [-6.92338726367e-05, -0.000143096025568, -0.00132250296883, -5.62117529626e-05, 0.00486544286832, -0.00216822489165, -0.00118175416719, 0.000733663444407, -0.00148361432366, 0.00123434653506, -0.00197877571918, 0.00139172375202, -0.00136862753425], [-1.41972359415e-05, 0.000861409469508, 0.000237581974943, -0.00150943128392, -0.00216822489165, 0.00854950863868, -0.00457262666896, -0.000555779959541, 0.0013953311136, -0.00178353837691, 0.00198784237728, -0.00157680455595, 0.000671219138894], [4.57279456896e-05, -0.000534839578904, 0.000104270249722, 0.000773628475145, -0.00118175416719, -0.00457262666896, 0.0107757011428, -0.00542676309124, -0.0020601269789, 0.00320863886736, -0.00269424635917, 0.000831980200019, -0.000274657533737], [-6.78875221638e-05, 0.000828032789286, -0.000192147723283, -0.000209535312024, 0.000733663444407, -0.000555779959541, -0.00542676309124, 0.0124987708405, -0.00604255264625, -0.000334531388944, 0.00313623435795, -0.00222955946811, 6.25854008831e-05], [0.000111064422526, -0.00107022153679, 0.000678749056533, -0.000340348778991, -0.00148361432366, 0.0013953311136, -0.0020601269789, -0.00604255264625, 0.0182044040412, -0.0117807844654, -0.000648077519145, 0.00504987128079, -0.00293661118485], [-0.000396223913413, 0.000976138806436, -0.000755321176257, 0.000130938409711, 0.00123434653506, -0.00178353837691, 0.00320863886736, -0.000334531388944, -0.0117807844654, 0.0215429943055, -0.0112103801221, -0.002311703749, 0.00483639677987], [0.000554608297534, -0.00101380073465, 0.000842354085762, -6.87011706759e-05, -0.00197877571918, 0.00198784237728, -0.00269424635917, 0.00313623435795, -0.000648077519145, -0.0112103801221, 0.022566402331, -0.0120484391227, 0.00112615840044], [-0.000556528219022, 0.0011146281613, -0.000620031962171, 0.000214412008063, 0.00139172375202, -0.00157680455595, 0.000831980200019, -0.00222955946811, 0.00504987128079, -0.002311703749, -0.0120484391227, 0.0245453771204, -0.0108712315559], [0.000248554832069, -0.000439065159298, 0.000333893636707, 0.000309454713715, -0.00136862753425, 0.000671219138894, -0.000274657533737, 6.25854008831e-05, -0.00293661118485, 0.00483639677987, 0.00112615840044, -0.0108712315559, 0.0152405798435]]
    },
    "melbands": {
        "dmean": [0.0013872643467, 0.000789667596109, 0.000706774648279, 0.000803972186986, 0.000341540231602, 0.000115344184451, 8.9490575192e-05, 7.31721884222e-05, 7.0160611358e-05, 7.02873367118e-05, 0.000107564563223, 9.88211249933e-05, 8.14047962194e-05, 4.96980937896e-05, 4.96325155837e-05, 2.88944247586e-05, 2.7759177101e-05, 2.26781794481e-05, 2.30315272347e-05, 2.08660949284e-05, 2.20337078645e-05, 2.19154644583e-05, 1.49806664922e-05, 1.55230773089e-05, 1.31964679895e-05, 1.21307566587e-05, 1.2102472283e-05, 1.16550872917e-05, 1.05244716906e-05, 9.42401584325e-06, 8.74346187629e-06, 7.16763724995e-06, 7.85066731623e-06, 7.13512554285e-06, 8.31598026707e-06, 7.32988655727e-06, 6.75483124724e-06, 6.67135191179e-06, 5.99360828346e-06, 5.15284637004e-06],
        "dmean2": [0.00210322160274, 0.00127418956254, 0.00129937857855, 0.00137452804483, 0.00057210813975, 0.000182783318451, 0.000142447650433, 0.000118507843581, 0.000114940048661, 0.00011611568334, 0.000173181673745, 0.00016109594435, 0.00013400548778, 8.25422175694e-05, 8.19556371425e-05, 4.87381184939e-05, 4.65501543658e-05, 3.73046277673e-05, 3.77241231035e-05, 3.52216848114e-05, 3.82195066777e-05, 3.63892322639e-05, 2.52485970123e-05, 2.6354475267e-05, 2.20304045797e-05, 2.00312897505e-05, 2.03718627745e-05, 1.92475617951e-05, 1.78648897418e-05, 1.58376733452e-05, 1.46228912854e-05, 1.21648799905e-05, 1.33985486173e-05, 1.21684097394e-05, 1.41147429531e-05, 1.26547765831e-05, 1.12119396363e-05, 1.10785749712e-05, 1.00434781416e-05, 8.59454121382e-06],
        "dvar": [7.01567068973e-06, 4.49974095318e-06, 1.14529402708e-05, 1.02425174191e-05, 2.14187571146e-06, 1.32247151896e-07, 3.22949951226e-08, 3.18548813993e-08, 3.13519663564e-08, 2.71440878663e-08, 6.01991700933e-08, 3.83734182208e-08, 3.64040673162e-08, 1.26835031367e-08, 1.19321175163e-08, 3.15454795619e-09, 3.21339066467e-09, 2.25952256905e-09, 2.07240846706e-09, 1.67054370337e-09, 3.37935435191e-09, 1.4288465966e-09, 7.89617982111e-10, 7.75560893285e-10, 4.83480866453e-10, 3.68949981677e-10, 4.33202973493e-10, 3.98633126508e-10, 3.05642289256e-10, 2.13347700617e-10, 1.70329153559e-10, 1.09509540325e-10, 1.63302329992e-10, 1.39703457136e-10, 2.02550115569e-10, 1.78956849339e-10, 1.49509141179e-10, 1.26968546788e-10, 1.11500621236e-10, 8.33068822259e-11],
        "dvar2": [1.48348262883e-05, 1.15470220408e-05, 3.33732386935e-05, 2.53925409197e-05, 5.18355136592e-06, 2.83976305582e-07, 7.5096771468e-08, 7.72234827195e-08, 7.62038965263e-08, 6.75494931102e-08, 1.45839905485e-07, 9.2437346666e-08, 8.86615794116e-08, 2.91508310823e-08, 2.7611493536e-08, 7.7647159813e-09, 7.6232842261e-09, 5.74827074828e-09, 5.06343367235e-09, 4.16948875426e-09, 9.5646512932e-09, 3.68694008657e-09, 2.00733873967e-09, 2.09918193939e-09, 1.24603027896e-09, 9.40182154352e-10, 1.09309294949e-09, 9.75986624852e-10, 8.30576385447e-10, 5.67331293055e-10, 4.51942927526e-10, 3.0656807648e-10, 4.58548032878e-10, 3.92803928273e-10, 5.68579183735e-10, 5.27309862441e-10, 3.87667536961e-10, 3.4443947694e-10, 3.05632796849e-10, 2.2737169092e-10],
        "max": [0.0290037896484, 0.0218242369592, 0.0330493114889, 0.0316648669541, 0.0165627952665, 0.0121376812458, 0.00584468757734, 0.00641343649477, 0.00432690698653, 0.00421493221074, 0.00667694304138, 0.00616389513016, 0.00583679880947, 0.00477633299306, 0.00303812325001, 0.00256144534796, 0.00175323523581, 0.00165395904332, 0.00171870796476, 0.0015276215272, 0.00134690152481, 0.000879764265846, 0.000691871508025, 0.000735605601221, 0.00056384014897, 0.000461857533082, 0.000480594753753, 0.000555366859771, 0.000338907208061, 0.000353394454578, 0.000219929061132, 0.000133067878778, 0.000169204708072, 0.0001947106648, 0.00017545458104, 0.000133585795993, 0.000364361330867, 0.000159024231834, 0.000158346709213, 0.000133641558932],
        "mean": [0.00455829827115, 0.00132278120145, 0.000491240527481, 0.000662042933982, 0.00029505090788, 0.000159689137945, 0.000131707987748, 9.44769999478e-05, 9.30737442104e-05, 8.91529634828e-05, 0.000147355211084, 0.000127587656607, 9.74789727479e-05, 5.99653540121e-05, 6.36574550299e-05, 3.47697459802e-05, 3.71727801394e-05, 3.45891421603e-05, 3.47039640474e-05, 2.92245003948e-05, 2.64208447334e-05, 3.33054595103e-05, 2.21116879402e-05, 2.32526581385e-05, 2.16001008084e-05, 2.15676063817e-05, 2.20459241973e-05, 2.04750340345e-05, 1.86116249097e-05, 1.71155952557e-05, 1.61608986673e-05, 1.35537175083e-05, 1.44040122905e-05, 1.33378707687e-05, 1.39875073728e-05, 1.27575676743e-05, 1.3349836081e-05, 1.30246962726e-05, 1.11269437184e-05, 9.66828429227e-06],
        "median": [0.000807430362329, 0.000226479227422, 1.99049227376e-05, 2.62649045908e-05, 2.63469082711e-05, 2.93606644846e-05, 3.3184660424e-05, 2.49168024311e-05, 2.88471565e-05, 2.8695754736e-05, 4.15257454733e-05, 4.5884764404e-05, 3.09521419695e-05, 1.76743778866e-05, 2.01811108127e-05, 1.42606822919e-05, 1.55225952767e-05, 1.21739785754e-05, 1.28517840494e-05, 1.10639521154e-05, 9.59769931796e-06, 1.53653709276e-05, 1.21507518998e-05, 1.14025906441e-05, 1.24858697745e-05, 1.35960344778e-05, 1.35806949402e-05, 1.3058195691e-05, 1.25636724988e-05, 1.17821582535e-05, 1.11052595457e-05, 1.01519290183e-05, 9.84309372143e-06, 9.20167440199e-06, 8.6165182438e-06, 7.79302354204e-06, 7.50923754822e-06, 7.03127716406e-06, 5.4446672948e-06, 4.18509671363e-06],
        "min": [2.72049628611e-24, 1.39993504494e-24, 1.51007974883e-24, 2.80708816716e-24, 2.08526742268e-24, 4.06403388999e-24, 1.68692816429e-24, 3.69810222088e-24, 4.58498501003e-24, 2.85295707614e-24, 5.37961801049e-24, 3.46983348504e-24, 2.45822429259e-24, 4.19315700954e-24, 4.33176223717e-24, 5.34586659666e-24, 5.97790629266e-24, 6.66276338171e-24, 4.18313965934e-24, 8.65581809217e-24, 6.27701986539e-24, 4.66103672332e-24, 6.09025310177e-24, 6.22467026685e-24, 4.32365393036e-24, 5.91784439549e-24, 5.18854958836e-24, 8.75659743939e-24, 6.21197197286e-24, 6.40958596836e-24, 6.99750704051e-24, 7.13747936409e-24, 7.83369723346e-24, 7.33356415271e-24, 7.01212936625e-24, 8.64550925786e-24, 8.13621671314e-24, 8.84666484438e-24, 7.03748808891e-24, 9.21759118632e-24],
        "var": [2.99935363728e-05, 5.38206313649e-06, 6.97514451531e-06, 8.63412697072e-06, 1.80051790721e-06, 2.79101328715e-07, 6.64543833295e-08, 5.58438841836e-08, 4.66336445015e-08, 3.87963332571e-08, 1.10764538874e-07, 5.77051473272e-08, 5.33290389626e-08, 2.39923743095e-08, 2.38167423561e-08, 4.33404956368e-09, 5.8035478645e-09, 5.21196552583e-09, 3.7996961133e-09, 2.93075963498e-09, 3.19906146018e-09, 2.59806975933e-09, 1.20441523421e-09, 1.27741706102e-09, 7.83356157719e-10, 6.82676415398e-10, 9.89951565167e-10, 8.05217448274e-10, 4.84933926348e-10, 4.03324373899e-10, 3.2162611463e-10, 1.89121870942e-10, 2.4410670707e-10, 2.10714307114e-10, 2.76006106859e-10, 2.35626740341e-10, 2.91055679558e-10, 2.52134840784e-10, 2.03384614705e-10, 1.64449440176e-10]
    },
    "mfcc": {
        "mean": [-628.908752441, 47.2603225708, 2.29562067986, 9.29125022888, -2.69130277634, 4.83529472351, 6.89494466782, 9.75820350647, 5.19926261902, 4.97207164764, 0.647937297821, 2.9768512249, 2.83513736725],
        "cov": [[10331.3310547, -1230.69238281, 689.550109863, 304.894165039, 552.250427246, 584.248291016, 473.577026367, 366.914825439, 348.164550781, 311.651824951, 293.231445312, 221.814682007, 232.150177002], [-1230.69238281, 1753.49902344, -196.469039917, 119.875846863, -99.3880615234, -164.278915405, -202.476425171, -161.64881897, -115.050193787, -74.3012084961, -52.7866783142, -47.1982917786, -39.9141845703], [689.550109863, -196.469039917, 785.139892578, 299.736968994, 339.344726562, 251.174514771, 219.375900269, 155.010635376, 139.76914978, 119.008079529, 86.726600647, 72.2603988647, 50.1212310791], [304.894165039, 119.875846863, 299.736968994, 362.086273193, 214.69972229, 136.984237671, 89.2463607788, 71.6508483887, 65.8809356689, 72.6397247314, 54.4008560181, 46.9844551086, 34.5352973938], [552.250427246, -99.3880615234, 339.344726562, 214.69972229, 438.206604004, 263.024536133, 233.366821289, 156.748397827, 158.390014648, 133.674072266, 93.9982223511, 82.5262374878, 91.4873352051], [584.248291016, -164.278915405, 251.174514771, 136.984237671, 263.024536133, 321.835968018, 242.744766235, 175.632705688, 154.315979004, 131.115463257, 108.666481018, 92.2893218994, 83.0789794922], [473.577026367, -202.476425171, 219.375900269, 89.2463607788, 233.366821289, 242.744766235, 327.306060791, 243.171966553, 193.686889648, 139.112854004, 104.357589722, 81.2001342773, 77.0058059692], [366.914825439, -161.64881897, 155.010635376, 71.6508483887, 156.748397827, 175.632705688, 243.171966553, 263.973327637, 205.027267456, 138.953918457, 93.0976333618, 65.9127578735, 61.039642334], [348.164550781, -115.050193787, 139.76914978, 65.8809356689, 158.390014648, 154.315979004, 193.686889648, 205.027267456, 235.438034058, 177.369720459, 109.397392273, 64.0003814697, 62.0439605713], [311.651824951, -74.3012084961, 119.008079529, 72.6397247314, 133.674072266, 131.115463257, 139.112854004, 138.953918457, 177.369720459, 212.084365845, 156.289245605, 90.0461730957, 65.9066772461], [293.231445312, -52.7866783142, 86.726600647, 54.4008560181, 93.9982223511, 108.666481018, 104.357589722, 93.0976333618, 109.397392273, 156.289245605, 199.340774536, 140.21270752, 82.9662628174], [221.814682007, -47.1982917786, 72.2603988647, 46.9844551086, 82.5262374878, 92.2893218994, 81.2001342773, 65.9127578735, 64.0003814697, 90.0461730957, 140.21270752, 170.059249878, 119.65574646], [232.150177002, -39.9141845703, 50.1212310791, 34.5352973938, 91.4873352051, 83.0789794922, 77.0058059692, 61.039642334, 62.0439605713, 65.9066772461, 82.9662628174, 119.65574646, 170.176971436]],
