{
"lowlevel": {
    "average_loudness": 0.947172164917,
    "barkbands_crest": {
        "dmean": 3.02006697655,
        "dmean2": 4.48403358459,
        "dvar": 10.9014415741,
        "dvar2": 23.1992588043,
        "max": 26.6420307159,
        "mean": 14.5210142136,
        "median": 14.625497818,
        "min": 2.0864303112,
        "var": 35.9211196899
    },
    "barkbands_flatness_db": {
        "dmean": 0.0364925675094,
        "dmean2": 0.0508533269167,
        "dvar": 0.0024586066138,
        "dvar2": 0.00445104576647,
        "max": 0.619967639446,
        "mean": 0.175419569016,
        "median": 0.151256337762,
        "min": 0.0224277563393,
        "var": 0.0093551017344
    },
    "barkbands_kurtosis": {
        "dmean": 31.3420295715,
        "dmean2": 40.957244873,
        "dvar": 8226.56347656,
        "dvar2": 13989.7744141,
        "max": 1846.26733398,
        "mean": 44.2210769653,
        "median": 4.2796216011,
        "min": -1.86723673344,
        "var": 16463.9316406
    },
    "barkbands_skewness": {
        "dmean": 1.56530284882,
        "dmean2": 1.98379302025,
        "dvar": 6.32592821121,
        "dvar2": 10.0873908997,
        "max": 40.3443984985,
        "mean": 3.86546444893,
        "median": 2.11811494827,
        "min": -3.91251087189,
        "var": 21.6142253876
    },
    "barkbands_spread": {
        "dmean": 8.66516876221,
        "dmean2": 13.2703437805,
        "dvar": 167.640533447,
        "dvar2": 370.923309326,
        "max": 111.850547791,
        "mean": 23.248052597,
        "median": 20.2982215881,
        "min": 0.220266148448,
        "var": 321.26651001
    },
    "dissonance": {
        "dmean": 0.0151945948601,
        "dmean2": 0.0255323499441,
        "dvar": 0.00023900961969,
        "dvar2": 0.000648878223728,
        "max": 0.500000119209,
        "mean": 0.473249077797,
        "median": 0.479209363461,
        "min": 0.298309892416,
        "var": 0.000527962343767
    },
    "dynamic_complexity": 3.66890931129,
    "erbbands_crest": {
        "dmean": 2.38454079628,
        "dmean2": 3.6870508194,
        "dvar": 7.14204597473,
        "dvar2": 14.233297348,
        "max": 27.2132511139,
        "mean": 7.96908092499,
        "median": 6.74895429611,
        "min": 2.19491481781,
        "var": 19.9357337952
    },
    "erbbands_flatness_db": {
        "dmean": 0.0149292964488,
        "dmean2": 0.0218013301492,
        "dvar": 0.000270473188721,
        "dvar2": 0.00061279226793,
        "max": 0.34086611867,
        "mean": 0.124903984368,
        "median": 0.104520522058,
        "min": 0.0534283518791,
        "var": 0.00286888587289
    },
    "erbbands_kurtosis": {
        "dmean": 0.824897408485,
        "dmean2": 1.30585730076,
        "dvar": 2.45278143883,
        "dvar2": 5.96083021164,
        "max": 36.7521057129,
        "mean": -0.0362371951342,
        "median": -0.608442544937,
        "min": -1.8425565958,
        "var": 4.3776974678
    },
    "erbbands_skewness": {
        "dmean": 0.405186086893,
        "dmean2": 0.578242838383,
        "dvar": 0.263865381479,
        "dvar2": 0.525383234024,
        "max": 6.03141784668,
        "mean": 0.19125123322,
        "median": 0.123365268111,
        "min": -3.3125576973,
        "var": 0.733822703362
    },
    "erbbands_spread": {
        "dmean": 13.1370506287,
        "dmean2": 20.4827537537,
        "dvar": 240.122817993,
        "dvar2": 641.786193848,
        "max": 176.859191895,
        "mean": 59.6255950928,
        "median": 57.4045791626,
        "min": 5.52124452591,
        "var": 655.602905273
    },
    "hfc": {
        "dmean": 13.5867071152,
        "dmean2": 20.3600540161,
        "dvar": 558.782775879,
        "dvar2": 1413.5793457,
        "max": 227.563369751,
        "mean": 28.7589054108,
        "median": 21.1674365997,
        "min": 1.05522266073e-16,
        "var": 758.636108398
    },
    "melbands_crest": {
        "dmean": 3.81963253021,
        "dmean2": 5.87300300598,
        "dvar": 21.5036888123,
        "dvar2": 48.9426345825,
        "max": 39.7067108154,
        "mean": 22.577255249,
        "median": 21.5757007599,
        "min": 1.83612585068,
        "var": 95.6611862183
    },
    "melbands_flatness_db": {
        "dmean": 0.0447722747922,
        "dmean2": 0.0628646686673,
        "dvar": 0.00403665564954,
        "dvar2": 0.00775555195287,
        "max": 0.728821873665,
        "mean": 0.237227097154,
        "median": 0.207648336887,
        "min": 0.00383602385409,
        "var": 0.0143009489402
    },
    "melbands_kurtosis": {
        "dmean": 82.3661422729,
        "dmean2": 121.61869812,
        "dvar": 50811.90625,
        "dvar2": 115162.8125,
        "max": 4214.05517578,
        "mean": 141.449539185,
        "median": 18.2029895782,
        "min": -1.82109355927,
        "var": 100709.46875
    },
    "melbands_skewness": {
        "dmean": 2.29157114029,
        "dmean2": 3.36750984192,
        "dvar": 13.6821575165,
        "dvar2": 30.3717212677,
        "max": 49.9578208923,
        "mean": 6.80790090561,
        "median": 3.76734304428,
        "min": -1.32442474365,
        "var": 44.7470092773
    },
    "melbands_spread": {
        "dmean": 10.2715234756,
        "dmean2": 16.949634552,
        "dvar": 395.482513428,
        "dvar2": 1007.95471191,
        "max": 252.529159546,
        "mean": 21.2261714935,
        "median": 15.3165779114,
        "min": 0.0611705183983,
        "var": 569.096069336
    },
    "pitch_salience": {
        "dmean": 0.0899217426777,
        "dmean2": 0.137995660305,
        "dvar": 0.0130207622424,
        "dvar2": 0.0285300798714,
        "max": 0.915473818779,
        "mean": 0.375813245773,
        "median": 0.413520157337,
        "min": 0.0116639276966,
        "var": 0.0400491245091
    },
    "silence_rate_20dB": {
        "dmean": 0,
        "dmean2": 0,
        "dvar": 0,
        "dvar2": 0,
        "max": 1,
        "mean": 1,
        "median": 1,
        "min": 1,
        "var": 0
    },
    "silence_rate_30dB": {
        "dmean": 0.0789022296667,
        "dmean2": 0.157817989588,
        "dvar": 0.0726775079966,
        "dvar2": 0.135823354125,
        "max": 1,
        "mean": 0.716748118401,
        "median": 1,
        "min": 0,
        "var": 0.203018516302
    },
    "silence_rate_60dB": {
        "dmean": 0.0210977699608,
        "dmean2": 0.0421991609037,
        "dvar": 0.0206503272057,
        "dvar2": 0.0428108237684,
        "max": 1,
        "mean": 0.0816396549344,
        "median": 0,
        "min": 0,
        "var": 0.0749643221498
    },
    "spectral_centroid": {
        "dmean": 426.258880615,
        "dmean2": 646.102478027,
        "dvar": 316814.5,
        "dvar2": 729889.3125,
        "max": 11731.6279297,
        "mean": 1809.08666992,
        "median": 1846.60986328,
        "min": 76.3238830566,
        "var": 727909
    },
    "spectral_complexity": {
        "dmean": 5.30274438858,
        "dmean2": 7.97752809525,
        "dvar": 46.7262535095,
        "dvar2": 97.9156799316,
        "max": 60,
        "mean": 17.0571136475,
        "median": 15,
        "min": 0,
        "var": 152.720581055
    },
    "spectral_decrease": {
        "dmean": 5.08884223649e-09,
        "dmean2": 7.97547983211e-09,
        "dvar": 6.08368510348e-17,
        "dvar2": 1.37053702809e-16,
        "max": 1.67667946136e-28,
        "mean": -1.66112297251e-08,
        "median": -1.36814533036e-08,
        "min": -6.40072954639e-08,
        "var": 1.90200282159e-16
    },
    "spectral_energy": {
        "dmean": 0.0193162653595,
        "dmean2": 0.0298861730844,
        "dvar": 0.000833645754028,
        "dvar2": 0.00186478963587,
        "max": 0.245363637805,
        "mean": 0.0653030946851,
        "median": 0.0558685064316,
        "min": 9.78043492881e-21,
        "var": 0.00275097927079
    },
    "spectral_energyband_high": {
        "dmean": 0.00133194110822,
        "dmean2": 0.00212014326826,
        "dvar": 5.87985687162e-06,
        "dvar2": 1.54807712534e-05,
        "max": 0.0253214426339,
        "mean": 0.0021423639264,
        "median": 0.00137367553543,
        "min": 6.56283563192e-21,
        "var": 6.43128305455e-06
    },
    "spectral_energyband_low": {
        "dmean": 0.0184644237161,
        "dmean2": 0.029938319698,
        "dvar": 0.00102032022551,
        "dvar2": 0.00242159864865,
        "max": 0.24117782712,
        "mean": 0.0516452938318,
        "median": 0.0319165736437,
        "min": 1.30604332117e-23,
        "var": 0.00275391316973
    },
    "spectral_energyband_middle_high": {
        "dmean": 0.0023634317331,
        "dmean2": 0.00389792607166,
        "dvar": 2.8341612051e-05,
        "dvar2": 7.66214070609e-05,
        "max": 0.0608969777822,
        "mean": 0.00405854545534,
        "median": 0.00259807403199,
        "min": 1.29710149445e-21,
        "var": 2.78997504211e-05
    },
    "spectral_energyband_middle_low": {
        "dmean": 0.00605281675234,
        "dmean2": 0.00960754044354,
        "dvar": 0.000175620531081,
        "dvar2": 0.000458541151602,
        "max": 0.0977379903197,
        "mean": 0.00843620486557,
        "median": 0.00461010588333,
        "min": 1.5221083788e-22,
        "var": 0.000159155169968
    },
    "spectral_entropy": {
        "dmean": 0.215562790632,
        "dmean2": 0.300202548504,
        "dvar": 0.0694084987044,
        "dvar2": 0.139517024159,
        "max": 9.81847190857,
        "mean": 7.87759160995,
        "median": 8.01026630402,
        "min": 5.81087350845,
        "var": 0.238885492086
    },
    "spectral_flux": {
        "dmean": 0.0438321791589,
        "dmean2": 0.0570751801133,
        "dvar": 0.00281677208841,
        "dvar2": 0.00403573224321,
        "max": 0.472127020359,
        "mean": 0.110726229846,
        "median": 0.0816240683198,
        "min": 6.37365993317e-11,
        "var": 0.00972421839833
    },
    "spectral_kurtosis": {
        "dmean": 0.746176838875,
        "dmean2": 1.22376990318,
        "dvar": 0.9951364398,
        "dvar2": 2.70112490654,
        "max": 34.7467193604,
        "mean": 2.19479084015,
        "median": 1.84802341461,
        "min": -1.29906177521,
        "var": 2.34920454025
    },
    "spectral_rms": {
        "dmean": 0.00111453910358,
        "dmean2": 0.00162915559486,
        "dvar": 2.05331411962e-06,
        "dvar2": 3.91113599107e-06,
        "max": 0.0154718831182,
        "mean": 0.00712312618271,
        "median": 0.00738280825317,
        "min": 3.08899455494e-12,
        "var": 1.29711306727e-05
    },
    "spectral_rolloff": {
        "dmean": 815.983703613,
        "dmean2": 1417.30603027,
        "dvar": 2548358,
        "dvar2": 6052984.5,
        "max": 19487.5488281,
        "mean": 1382.78405762,
        "median": 667.529296875,
        "min": 21.533203125,
        "var": 3942443
    },
    "spectral_skewness": {
        "dmean": 0.150905147195,
        "dmean2": 0.232261896133,
        "dvar": 0.0238968394697,
        "dvar2": 0.0571546889842,
        "max": 4.44957733154,
        "mean": 1.18582856655,
        "median": 1.15429353714,
        "min": -0.06263191998,
        "var": 0.0759921222925
    },
    "spectral_spread": {
        "dmean": 692533.5,
        "dmean2": 1012827.1875,
        "dvar": 1.00952558797e+12,
        "dvar2": 2.1893897257e+12,
        "max": 52428260,
        "mean": 6324631,
        "median": 6327615,
        "min": 1307318.5,
        "var": 4.80420141466e+12
    },
    "spectral_strongpeak": {
        "dmean": 0.250184774399,
        "dmean2": 0.417293459177,
        "dvar": 0.273688137531,
        "dvar2": 0.71321451664,
        "max": 15.0786809921,
        "mean": 0.632506668568,
        "median": 0.451398402452,
        "min": 0,
        "var": 0.488018870354
    },
    "zerocrossingrate": {
        "dmean": 0.0165875758976,
        "dmean2": 0.0195476245135,
        "dvar": 0.000477518420666,
        "dvar2": 0.000596314086579,
        "max": 0.63916015625,
        "mean": 0.0640998855233,
        "median": 0.0576171875,
        "min": 0.0009765625,
        "var": 0.00245714117773
    },
    "barkbands": {
        "dmean": [0.00284856068902, 0.0136364866048, 0.00839846860617, 0.00336141022854, 0.0017126488965, 0.000806611264125, 0.00040643880493, 0.000424846977694, 0.000676544266753, 0.000412683060858, 0.000297968043014, 0.000398545031203, 0.000336428405717, 0.000285628746497, 0.000299806939438, 0.00027864947333, 0.000225983356358, 0.000229537225096, 0.000225742987823, 0.000239817440161, 0.00029403771623, 0.000314582168357, 0.000250464392593, 0.000249989680015, 0.000160634983331, 0.000109634689579, 5.90382660448e-06],
        "dmean2": [0.00304499082267, 0.0198032073677, 0.0151647236198, 0.00577338971198, 0.00289137125947, 0.00125750002917, 0.000629419751931, 0.000664389343001, 0.00105996907223, 0.00063662341563, 0.000474352389574, 0.00064841134008, 0.000570847245399, 0.000470454513561, 0.000527042255271, 0.000472827116027, 0.000380017590942, 0.00039750430733, 0.00037695543142, 0.000410691951402, 0.000508645840455, 0.000545870687347, 0.000404840073315, 0.000379361445084, 0.000245981995249, 0.000168695420143, 1.00527777249e-05],
        "dvar": [1.69225186255e-05, 0.000394869392039, 0.000759115442634, 0.000120130265714, 1.58436378115e-05, 1.63205595527e-06, 6.37797711533e-07, 6.56476856875e-07, 1.70357509433e-06, 8.69829818839e-07, 5.8094809674e-07, 8.01089470315e-07, 1.00015245152e-06, 4.17308939404e-07, 7.29204884919e-07, 5.95202891418e-07, 2.34426067891e-07, 3.41125485193e-07, 1.62818267313e-07, 2.39446677597e-07, 3.34943820235e-07, 4.05581346286e-07, 2.01557369905e-07, 1.91736134525e-07, 7.30441271912e-08, 3.80449804993e-08, 1.81352696749e-10],
        "dvar2": [2.06166914722e-05, 0.000712964101695, 0.00210136803798, 0.000320165825542, 4.23775709351e-05, 4.00657654609e-06, 1.49768368374e-06, 1.47544847096e-06, 3.83569295082e-06, 1.64647553902e-06, 1.35461721129e-06, 1.96970290745e-06, 2.74912645182e-06, 1.11501469746e-06, 2.01511329578e-06, 1.63715822055e-06, 6.38884444015e-07, 9.4772178727e-07, 4.32579298604e-07, 6.62609295432e-07, 9.60341026257e-07, 1.14729618872e-06, 5.2999160971e-07, 4.04273549748e-07, 1.69649425175e-07, 8.97250274079e-08, 4.71468086793e-10],
        "max": [0.0470370277762, 0.142703205347, 0.178589493036, 0.0808145552874, 0.062930457294, 0.0183048564941, 0.019311286509, 0.0135249430314, 0.0245784558356, 0.0141314314678, 0.0173145178705, 0.0173228736967, 0.0144671015441, 0.00927189365029, 0.0140407448635, 0.018180033192, 0.00850918516517, 0.00741151347756, 0.00600608810782, 0.00573634542525, 0.00612202938646, 0.00602043699473, 0.00896693393588, 0.00441414956003, 0.00310923461802, 0.00180763576645, 0.000192460618564],
        "mean": [0.00728047639132, 0.0376565642655, 0.00581134995446, 0.00245834887028, 0.00199196441099, 0.00139483402018, 0.000575257348828, 0.00072918611113, 0.00115982699208, 0.000639162084553, 0.000423430697992, 0.000553140824195, 0.000398885953473, 0.000376711366698, 0.000314221979352, 0.000327408517478, 0.000297833699733, 0.000274781457847, 0.000331424671458, 0.000328420544975, 0.000411207496654, 0.000413556641433, 0.000364296021871, 0.000379645061912, 0.000246390642133, 0.000158722410561, 5.99988925387e-06],
        "median": [0.000914691307116, 0.0215168464929, 0.000258425046923, 7.16640643077e-05, 0.000504152383655, 0.000515391759109, 0.000180050061317, 0.000153975532157, 0.00023803881777, 0.000131700187922, 0.000105284932943, 0.000163441407494, 0.000137755298056, 0.000149220839376, 0.00011154852109, 0.000131802589749, 0.000126594299218, 0.000114954178571, 0.000170594677911, 0.00019835747662, 0.000255949562415, 0.000249141448876, 0.00019646572764, 0.000178656628123, 0.000102359808807, 5.81952735956e-05, 9.94069182525e-07],
        "min": [4.01420031402e-25, 3.54339042571e-24, 1.29673843069e-24, 4.52914470199e-24, 1.04067429918e-23, 2.29656373726e-23, 1.05582058633e-23, 1.67217796419e-23, 9.4747582637e-24, 2.34666729102e-23, 2.45501102547e-23, 2.73987422037e-23, 4.3760891203e-23, 6.8818515121e-23, 7.18131131588e-23, 7.33954987149e-23, 8.76789298092e-23, 1.22304805419e-22, 1.17590572649e-22, 2.15947479495e-22, 3.00819295105e-22, 3.60044977629e-22, 3.88773019877e-22, 4.39561374325e-22, 8.82430259409e-22, 1.43775632786e-21, 1.88972500748e-21],
        "var": [0.000106422667159, 0.00156516232528, 0.00047811109107, 8.66522095748e-05, 1.39665244205e-05, 4.3410800572e-06, 1.07933783511e-06, 2.10470011552e-06, 4.48248920293e-06, 2.31475314649e-06, 1.143825898e-06, 1.32678985665e-06, 8.8037097612e-07, 4.29257312362e-07, 5.21099821071e-07, 4.65929588245e-07, 2.41840211856e-07, 2.70397748636e-07, 2.37621705423e-07, 2.18362870896e-07, 2.83217730157e-07, 3.26814358687e-07, 2.28066667773e-07, 2.76445405234e-07, 1.05142923701e-07, 5.14918383487e-08, 2.13340525801e-10]
    },
    "erbbands": {
        "dmean": [0.652906239033, 2.84238123894, 8.73664855957, 10.9077749252, 7.2973151207, 5.65461492538, 6.95971345901, 6.86300230026, 5.63105821609, 7.37526845932, 9.37680339813, 14.1171617508, 14.7923431396, 10.2684078217, 12.6557016373, 14.3689346313, 15.0150594711, 12.1188373566, 14.9145927429, 17.3037528992, 14.1991062164, 13.1540031433, 12.1561765671, 11.1852254868, 11.4789876938, 11.3605451584, 12.1625385284, 12.1839742661, 12.0537977219, 8.84287071228, 6.25269842148, 6.13556575775, 3.87058091164, 1.97116792202, 1.14363348484, 0.527442753315, 0.227088138461, 0.0238773170859, 0.000577701139264, 3.17894664477e-05],
        "dmean2": [0.857228279114, 4.19074106216, 15.056385994, 18.8241481781, 12.4682235718, 9.43902015686, 11.0648889542, 10.7780542374, 9.03105735779, 11.2727489471, 14.7271671295, 22.423915863, 22.1378059387, 16.4487018585, 20.165594101, 23.9863777161, 25.0480289459, 19.7720985413, 25.8053760529, 29.9617195129, 23.9873733521, 22.0838413239, 20.9868507385, 18.8121318817, 19.3811016083, 19.570318222, 21.1851100922, 21.0398921967, 21.1324634552, 14.5927124023, 10.0175914764, 9.55344486237, 5.84494256973, 3.05741262436, 1.75825405121, 0.816383779049, 0.346656084061, 0.0376049913466, 0.00090976030333, 4.77296816825e-05],
        "dvar": [0.927960693836, 25.0670661926, 713.985961914, 1232.25671387, 423.053100586, 165.469024658, 216.973434448, 119.089454651, 129.256866455, 245.967651367, 273.95980835, 730.078918457, 865.664733887, 396.291687012, 688.097412109, 1347.59448242, 1846.76940918, 844.861206055, 1694.71508789, 2390.98632812, 1310.75305176, 809.723144531, 1034.4329834, 502.933074951, 478.165985107, 525.671325684, 671.929016113, 563.728027344, 655.005554199, 243.509567261, 120.59803772, 127.557914734, 46.9159317017, 11.3366708755, 3.67792153358, 0.885680615902, 0.165024280548, 0.00191261724103, 1.236715093e-06, 1.7459326207e-09],
        "dvar2": [1.34798538685, 46.249786377, 1905.34179688, 3333.72875977, 1056.48339844, 455.703613281, 578.445922852, 294.171203613, 330.614593506, 549.623657227, 605.382263184, 1626.36474609, 1673.07641602, 952.19708252, 1606.8314209, 3622.77954102, 5017.16015625, 2229.59985352, 4719.3203125, 6475.31689453, 3615.14526367, 2208.89038086, 2877.78857422, 1373.65368652, 1297.75146484, 1454.94677734, 1922.94470215, 1598.88647461, 1864.7598877, 662.241210938, 311.13861084, 289.30947876, 104.971000671, 26.8888072968, 8.56973838806, 2.11942148209, 0.387600719929, 0.00451267929748, 2.90199636765e-06, 4.09175182625e-09],
        "max": [8.2712020874, 38.2626609802, 176.769851685, 235.390640259, 158.466964722, 297.520385742, 272.369232178, 156.568252563, 250.405563354, 313.766845703, 304.693359375, 462.657623291, 458.380249023, 416.794647217, 459.039642334, 666.919128418, 603.552856445, 471.666229248, 786.170654297, 685.959838867, 965.459228516, 497.634552002, 396.101470947, 319.99017334, 274.363983154, 255.93145752, 288.986663818, 226.598327637, 270.86920166, 167.196228027, 240.287689209, 155.492843628, 89.0180435181, 44.325630188, 19.3936500549, 8.32041549683, 4.34724235535, 0.632512867451, 0.0156770087779, 0.000498156121466],
        "mean": [1.82234537601, 5.4854593277, 7.11472988129, 8.01734828949, 6.09072589874, 6.6915397644, 11.8123311996, 10.8548240662, 7.69242286682, 12.3179216385, 17.1205062866, 23.420873642, 26.1131877899, 15.3506116867, 20.9918689728, 18.9396038055, 19.0902824402, 16.60679245, 16.8962268829, 19.2246341705, 18.2890396118, 17.7278003693, 15.2802276611, 15.9997844696, 16.6792507172, 15.7933912277, 16.110332489, 16.4120998383, 15.214884758, 13.0426988602, 9.49165725708, 8.76738929749, 5.69546508789, 2.89722013474, 1.71801424026, 0.742983520031, 0.313876897097, 0.0373276807368, 0.00088632653933, 0.000106016486825],
        "median": [0.784714579582, 3.53691935539, 0.983298957348, 0.422359973192, 0.544402062893, 1.83265388012, 3.98177933693, 4.04349899292, 3.13491511345, 3.46508336067, 5.14132070541, 6.28896570206, 6.20119047165, 5.33233308792, 6.91661214828, 7.373919487, 7.00552654266, 7.00136995316, 6.67468214035, 6.88134717941, 7.88022994995, 7.92907476425, 6.76508617401, 8.67544746399, 9.34356403351, 9.80708503723, 9.94824886322, 9.99819087982, 8.78810501099, 7.53451538086, 5.23710203171, 4.12983369827, 2.63180112839, 1.22524404526, 0.681564509869, 0.273245334625, 0.104562275112, 0.0150093147531, 0.000382668280508, 0.000110844281153],
        "min": [9.44205982141e-23, 9.32484480966e-22, 1.98933988872e-21, 1.01585598663e-20, 2.69897288558e-20, 1.99129256811e-20, 4.98181770061e-20, 2.20134939781e-19, 1.02758107794e-19, 2.79127703309e-19, 2.18170437525e-19, 2.34821919297e-19, 7.47934745316e-19, 6.66456524402e-19, 1.54341562545e-18, 1.42727481455e-18, 2.22622075427e-18, 3.52750510479e-18, 3.72639778794e-18, 5.42582505359e-18, 4.00866655453e-18, 4.96019391985e-18, 6.60234182321e-18, 6.14213368556e-18, 8.34168055341e-18, 1.06077583851e-17, 1.00929435057e-17, 1.19817649396e-17, 1.34002729838e-17, 1.25177606057e-17, 1.20070609499e-17, 1.09410393801e-17, 7.50148673546e-18, 1.03846288964e-17, 6.3087034591e-18, 4.1879368592e-18, 2.79783729913e-18, 9.98761549642e-19, 2.66938111308e-19, 2.71295369196e-20],
        "var": [4.9626531601, 49.5721588135, 505.951904297, 845.71270752, 349.131622314, 152.346969604, 384.608093262, 245.501678467, 159.665359497, 531.154968262, 858.799133301, 1675.64086914, 2547.99804688, 673.797363281, 1634.1887207, 1384.49389648, 1798.97705078, 831.795410156, 1271.52185059, 1824.09448242, 1109.41845703, 817.72644043, 828.048522949, 532.328979492, 565.967712402, 490.34197998, 528.663818359, 473.074737549, 494.678466797, 265.37677002, 147.65322876, 164.070159912, 63.6810722351, 15.2704124451, 5.28975772858, 1.13915789127, 0.219266235828, 0.0033902854193, 2.08763435694e-06, 5.81620884788e-09]
    },
    "gfcc": {
        "mean": [-1.66506528854, 44.1535720825, -102.579444885, 40.4404563904, -60.5484466553, 25.5937767029, -29.8945007324, 17.6901340485, -18.6498737335, 12.8928642273, -12.3394126892, 10.6180763245, -5.9302239418],
        "cov": [[16210.421875, 182.676086426, 1983.27978516, 880.768554688, 929.520141602, 1162.22216797, 83.3687591553, 322.911804199, 49.8925476074, 701.090393066, -95.4981689453, 470.312469482, -237.45362854], [182.676086426, 823.538757324, 202.597229004, 25.9021816254, 80.9537124634, -59.5545043945, 18.7149028778, -92.0414352417, 77.4996566772, 15.592086792, 79.4709396362, -25.6903247833, 48.7046852112], [1983.27978516, 202.597229004, 2138.88525391, 957.797485352, 1138.0402832, 842.29510498, 406.837036133, 351.593261719, 245.536361694, 297.248474121, 88.755241394, 124.893730164, -49.5474815369], [880.768554688, 25.9021816254, 957.797485352, 696.772705078, 677.335754395, 483.736541748, 257.103912354, 197.722366333, 122.259368896, 137.988052368, 44.7351722717, 41.0894050598, -28.1892204285], [929.520141602, 80.9537124634, 1138.0402832, 677.335754395, 911.246032715, 620.255004883, 378.782897949, 269.299346924, 189.364364624, 198.931106567, 74.2578430176, 81.7327270508, -9.2994966507], [1162.22216797, -59.5545043945, 842.29510498, 483.736541748, 620.255004883, 545.967163086, 296.622955322, 232.188095093, 140.887435913, 160.798583984, 46.3571357727, 82.4480209351, -12.4477405548], [83.3687591553, 18.7149028778, 406.837036133, 257.103912354, 378.782897949, 296.622955322, 363.675872803, 231.372787476, 165.616073608, 117.976028442, 78.4156341553, 47.854839325, 43.9912910461], [322.911804199, -92.0414352417, 351.593261719, 197.722366333, 269.299346924, 232.188095093, 231.372787476, 259.836029053, 139.089126587, 102.209281921, 29.7919998169, 50.267993927, 15.0229873657], [49.8925476074, 77.4996566772, 245.536361694, 122.259368896, 189.364364624, 140.887435913, 165.616073608, 139.089126587, 213.438446045, 130.566757202, 84.7632827759, 47.5851898193, 51.5927886963], [701.090393066, 15.592086792, 297.248474121, 137.988052368, 198.931106567, 160.798583984, 117.976028442, 102.209281921, 130.566757202, 190.00831604, 97.6228866577, 76.1474838257, 18.4913024902], [-95.4981689453, 79.4709396362, 88.755241394, 44.7351722717, 74.2578430176, 46.3571357727, 78.4156341553, 29.7919998169, 84.7632827759, 97.6228866577, 139.393585205, 68.1412811279, 44.863735199], [470.312469482, -25.6903247833, 124.893730164, 41.0894050598, 81.7327270508, 82.4480209351, 47.854839325, 50.267993927, 47.5851898193, 76.1474838257, 68.1412811279, 129.25239563, 49.6814651489], [-237.45362854, 48.7046852112, -49.5474815369, -28.1892204285, -9.2994966507, -12.4477405548, 43.9912910461, 15.0229873657, 51.5927886963, 18.4913024902, 44.863735199, 49.6814651489, 101.958213806]],
        "icov": [[0.000157648770255, -0.000283193949144, 5.97379003011e-05, -0.0001526849519, 0.000399877462769, -0.000594444747549, 0.000135655791382, -7.21663382137e-05, 0.000379762641387, -0.000970287772361, 0.000885842076968, -0.000701184442732, 0.000340935133863], [-0.000283193949144, 0.00249535520561, -0.000764756754506, 0.000673709146213, -0.00147247326095, 0.00246586068533, -0.000884862733074, 0.00189158995636, -0.00186495331582, 0.00236226338893, -0.00241976650432, 0.00202271412127, -0.00117269717157], [5.97379003011e-05, -0.000764756754506, 0.00198986311443, -0.00103202916216, -0.000736857473385, -0.00145621120464, 0.00115968019236, -0.000912939663976, 0.000220930873184, -0.00100840476807, 0.000673321192153, -0.000763251329772, 0.000721993448678], [-0.0001526849519, 0.000673709146213, -0.00103202916216, 0.00634014885873, -0.0036518604029, -0.00044226704631, 0.000766305893194, -0.000364430947229, 2.75196907751e-05, 0.00164273148403, -0.00237993965857, 0.00264459545724, -0.000643313222099], [0.000399877462769, -0.00147247326095, -0.000736857473385, -0.0036518604029, 0.00963571853936, -0.00596962682903, -0.00217716256157, 0.000813916150946, 0.000771567982156, -0.00294702430256, 0.00296856928617, -0.00222942046821, 0.00116057961714], [-0.000594444747549, 0.00246586068533, -0.00145621120464, -0.00044226704631, -0.00596962682903, 0.0145480008796, -0.00409260345623, 0.000916585267987, -0.00167256779969, 0.00235305167735, -0.000749962986447, -0.000744429184124, 0.000582448323257], [0.000135655791382, -0.000884862733074, 0.00115968019236, 0.000766305893194, -0.00217716256157, -0.00409260345623, 0.012062381953, -0.00782057922333, 0.00023641907319, 0.00051367742708, -0.00417394470423, 0.00364192109555, -0.00338712357916], [-7.21663382137e-05, 0.00189158995636, -0.000912939663976, -0.000364430947229, 0.000813916150946, 0.000916585267987, -0.00782057922333, 0.0144850341603, -0.00568846147507, -5.59550935577e-05, 0.00452052149922, -0.00335843348876, 0.00234603649005], [0.000379762641387, -0.00186495331582, 0.000220930873184, 2.75196907751e-05, 0.000771567982156, -0.00167256779969, 0.00023641907319, -0.00568846147507, 0.0149377770722, -0.00867403484881, -0.000238550492213, 0.00217525940388, -0.00444801896811], [-0.000970287772361, 0.00236226338893, -0.00100840476807, 0.00164273148403, -0.00294702430256, 0.00235305167735, 0.00051367742708, -5.59550935577e-05, -0.00867403484881, 0.0215412359685, -0.0122162196785, 0.000896820100024, 0.00180192873813], [0.000885842076968, -0.00241976650432, 0.000673321192153, -0.00237993965857, 0.00296856928617, -0.000749962986447, -0.00417394470423, 0.00452052149922, -0.000238550492213, -0.0122162196785, 0.0229187924415, -0.0106367524713, 0.00163672480267], [-0.000701184442732, 0.00202271412127, -0.000763251329772, 0.00264459545724, -0.00222942046821, -0.000744429184124, 0.00364192109555, -0.00335843348876, 0.00217525940388, 0.000896820100024, -0.0106367524713, 0.0206495113671, -0.0102546447888], [0.000340935133863, -0.00117269717157, 0.000721993448678, -0.000643313222099, 0.00116057961714, 0.000582448323257, -0.00338712357916, 0.00234603649005, -0.00444801896811, 0.00180192873813, 0.00163672480267, -0.0102546447888, 0.0188284479082]]
    },
    "melbands": {
        "dmean": [0.00451276591048, 0.00404248619452, 0.00183227448724, 0.000411183427786, 0.000251562742051, 0.000151711123181, 8.21897847345e-05, 8.56117330841e-05, 8.30884600873e-05, 9.1194138804e-05, 7.70631595515e-05, 4.5635169954e-05, 4.38956631115e-05, 4.2136907723e-05, 4.25259859185e-05, 2.92181302939e-05, 2.27356467803e-05, 2.54643564404e-05, 2.42388268816e-05, 2.14358642552e-05, 1.59363480634e-05, 1.46176234921e-05, 1.17513864097e-05, 1.14058329928e-05, 9.23515290197e-06, 8.52077482705e-06, 8.49998104968e-06, 7.81209382694e-06, 7.85262636782e-06, 7.38952758184e-06, 7.41404392102e-06, 7.69510370446e-06, 5.26922030986e-06, 5.33713136974e-06, 3.77366404791e-06, 3.36320363203e-06, 3.95702272726e-06, 3.2559526062e-06, 1.59504884323e-06, 1.80063125299e-06],
        "dmean2": [0.0061021274887, 0.00635954085737, 0.00310210627504, 0.000692450848874, 0.000404754420742, 0.000236967374803, 0.000130594155053, 0.000131348817376, 0.00012993470591, 0.000144641395309, 0.00011536013335, 7.27635560906e-05, 7.00458476786e-05, 6.69120272505e-05, 7.21768665244e-05, 4.91541395604e-05, 3.70407433365e-05, 4.38014321844e-05, 4.27440245403e-05, 3.67054599337e-05, 2.69787888101e-05, 2.46755516855e-05, 2.00018221221e-05, 1.96136716113e-05, 1.55687794177e-05, 1.41971695484e-05, 1.4468801055e-05, 1.34612100737e-05, 1.35584923555e-05, 1.2914591025e-05, 1.28004603539e-05, 1.36279559229e-05, 8.96387882676e-06, 8.76272224559e-06, 6.07869969826e-06, 5.43395026398e-06, 6.20109904048e-06, 4.99391990161e-06, 2.44911484515e-06, 2.85767464447e-06],
        "dvar": [3.81391000701e-05, 0.000103568774648, 3.21739862557e-05, 1.01543434994e-06, 2.8882371339e-07, 5.64058488806e-08, 2.69452691271e-08, 2.9099162191e-08, 2.19802345214e-08, 2.95771300785e-08, 2.38683064424e-08, 8.00669752721e-09, 1.11380238366e-08, 8.51068282515e-09, 1.67107909732e-08, 6.65888544304e-09, 2.85129808653e-09, 4.43784786697e-09, 5.09829867212e-09, 3.89412546653e-09, 1.50863810333e-09, 9.74311742397e-10, 9.18891296386e-10, 8.60117255197e-10, 3.23983867512e-10, 2.32635410935e-10, 2.6329660674e-10, 2.52802306866e-10, 2.574001845e-10, 2.49188891743e-10, 1.96370517069e-10, 2.9482435937e-10, 9.03296396015e-11, 8.80114037205e-11, 4.14560469286e-11, 4.2712233056e-11, 5.5305839769e-11, 3.48618252322e-11, 7.09921791492e-12, 9.78764291837e-12],
        "dvar2": [6.14182281424e-05, 0.000257174659055, 8.51125150803e-05, 2.66296819973e-06, 7.67197775531e-07, 1.39289298318e-07, 6.79367602174e-08, 6.67137456389e-08, 4.78372825796e-08, 6.76831035662e-08, 4.54682371753e-08, 1.83718018576e-08, 2.57937493586e-08, 1.9412883745e-08, 4.56527544657e-08, 1.85121553642e-08, 7.45847028583e-09, 1.23123005125e-08, 1.40629552448e-08, 1.064744648e-08, 4.14502965285e-09, 2.65927302401e-09, 2.52868082029e-09, 2.37107333767e-09, 8.73235150856e-10, 6.11943828943e-10, 7.10584036057e-10, 6.95388691074e-10, 7.27505444775e-10, 7.10476733001e-10, 5.52463019776e-10, 8.39185609891e-10, 2.51008325236e-10, 2.35657188208e-10, 1.07370758118e-10, 1.09064528242e-10, 1.2416799533e-10, 8.04219815742e-11, 1.63383716278e-11, 2.38840058842e-11],
        "max": [0.0519885644317, 0.0717060789466, 0.037430562079, 0.0102297943085, 0.0122247552499, 0.00330509850755, 0.00373244634829, 0.00330358417705, 0.0036525411997, 0.00250583072193, 0.00233820057474, 0.00155479554087, 0.00229859002866, 0.00227901362814, 0.00198562350124, 0.00114389660303, 0.000936317723244, 0.00127510400489, 0.00105581700336, 0.00115068780724, 0.00104215391912, 0.000499606947415, 0.000457864196505, 0.000446001213277, 0.000306081929011, 0.000300056097331, 0.00022285997693, 0.000244824623223, 0.000174510540091, 0.000192689709365, 0.000151479922351, 0.000180091767106, 0.000117705436423, 0.000105540333607, 0.000118722266052, 0.000192448118469, 9.2059650342e-05, 7.37978552934e-05, 4.12035369663e-05, 3.20252001984e-05],
        "mean": [0.0131369968876, 0.00487191649154, 0.0013830838725, 0.000406472303439, 0.000409976346418, 0.000247612450039, 0.000114537811896, 0.000149362487718, 0.000146371879964, 0.000150684412802, 0.000133409106638, 6.63945756969e-05, 6.8782355811e-05, 6.33208546788e-05, 4.81818970002e-05, 3.58223369403e-05, 3.06532274408e-05, 2.88924584311e-05, 2.44394832407e-05, 2.386626511e-05, 2.01932998607e-05, 1.86603974726e-05, 1.45431331475e-05, 1.35674963531e-05, 1.2735036762e-05, 1.27413195514e-05, 1.14806653073e-05, 1.00271317933e-05, 1.00455890788e-05, 9.36661126616e-06, 9.60455145105e-06, 8.88687463885e-06, 7.39017423257e-06, 7.43329746911e-06, 5.50711001779e-06, 4.94683399666e-06, 5.39612801731e-06, 4.4676280595e-06, 2.52568065662e-06, 2.42677629103e-06],
        "median": [0.00720019964501, 0.00195699953474, 6.87792489771e-05, 7.41656986065e-05, 0.000144433026435, 9.60525285336e-05, 4.43959434051e-05, 3.61133352271e-05, 4.11664805142e-05, 3.3409705793e-05, 2.70332875516e-05, 1.96356122615e-05, 2.01486309379e-05, 1.7655767806e-05, 1.3777881577e-05, 1.47733653648e-05, 1.21345628941e-05, 1.00821534943e-05, 8.11360951047e-06, 8.9217810455e-06, 7.75880653237e-06, 7.71534905653e-06, 5.74833575229e-06, 5.64667743674e-06, 6.55483381706e-06, 6.61644980937e-06, 6.12413441559e-06, 5.50234835828e-06, 5.83575183555e-06, 5.21305673828e-06, 5.57708153792e-06, 4.63515789306e-06, 4.3073669076e-06, 3.96111272494e-06, 2.91482911052e-06, 2.63979404735e-06, 2.32834167946e-06, 1.96859673451e-06, 1.18278035188e-06, 9.44852160956e-07],
        "min": [1.70275567227e-24, 1.09010410657e-24, 1.95566408406e-24, 2.1989199938e-24, 2.09734330542e-24, 4.53440798195e-24, 1.85779326699e-24, 3.67436263523e-24, 1.16243022702e-24, 1.3691067552e-24, 3.50750672086e-24, 2.2610934744e-24, 4.77435817007e-24, 3.24567944768e-24, 4.28135441976e-24, 4.09579343004e-24, 7.35532409192e-24, 4.49859724673e-24, 5.74443225814e-24, 5.94100732382e-24, 4.13461169746e-24, 5.56095267792e-24, 3.94288970407e-24, 5.95372021174e-24, 4.1112527372e-24, 5.14097812033e-24, 6.73568962809e-24, 5.59603174465e-24, 4.294014454e-24, 5.47309053358e-24, 5.69257017565e-24, 6.46105283153e-24, 7.28589881024e-24, 6.45005532165e-24, 6.10514364022e-24, 5.49632800927e-24, 4.90671759149e-24, 4.91409935741e-24, 6.78266550614e-24, 7.28357561487e-24],
        "var": [0.000203090225114, 0.000100637276773, 2.33755326917e-05, 8.22282686386e-07, 4.4813640443e-07, 1.26066268535e-07, 3.50901636637e-08, 7.37438270448e-08, 6.24436893304e-08, 7.08243703684e-08, 7.05254308286e-08, 1.48796823751e-08, 2.38614763504e-08, 1.93381595182e-08, 1.44114276068e-08, 5.62571056406e-09, 2.91251511797e-09, 3.64297303435e-09, 3.61123664305e-09, 2.94929858313e-09, 1.34909616811e-09, 9.8734209697e-10, 8.29562918359e-10, 7.08694158913e-10, 3.67576524773e-10, 3.77756992354e-10, 2.73957329044e-10, 2.354923756e-10, 2.19884610519e-10, 1.96336821801e-10, 1.676486866e-10, 2.08804321056e-10, 9.30243521102e-11, 9.6573207764e-11, 5.12560376087e-11, 4.91484214438e-11, 6.91941642872e-11, 4.35988571634e-11, 1.11833381097e-11, 1.18347163666e-11]
    },
    "mfcc": {
        "mean": [-646.51763916, 76.8096237183, 14.695104599, 20.8714332581, 1.77145802975, 11.5458564758, 4.12312746048, 8.44432449341, 4.56765890121, 6.36860322952, 3.45678210258, 4.76061582565, 2.83674955368],
        "cov": [[12180.2021484, 390.911621094, 752.624084473, 372.235107422, 584.426513672, 637.481933594, 231.667907715, 133.247970581, 131.660797119, 140.576751709, 101.385551453, 117.529998779, 136.447570801], [390.911621094, 781.075378418, 157.836807251, 77.0261230469, 41.162563324, 48.2729988098, -24.9721183777, -44.628993988, -26.7681407928, 22.0191936493, 17.7731666565, 14.5521707535, 18.4601688385], [752.624084473, 157.836807251, 993.039611816, 471.839050293, 663.334594727, 466.91027832, 358.511230469, 266.893554688, 230.316848755, 210.029266357, 158.978149414, 162.052062988, 113.641967773], [372.235107422, 77.0261230469, 471.839050293, 433.914794922, 453.231170654, 340.426300049, 282.609588623, 190.720169067, 179.092651367, 145.480392456, 125.337524414, 107.70917511, 89.8455581665], [584.426513672, 41.162563324, 663.334594727, 453.231170654, 715.295410156, 503.03692627, 367.601379395, 268.673797607, 234.54196167, 188.450790405, 157.140899658, 145.401596069, 106.362487793], [637.481933594, 48.2729988098, 466.91027832, 340.426300049, 503.03692627, 471.335845947, 323.868896484, 218.66557312, 188.303283691, 166.081420898, 139.62588501, 122.650764465, 101.589866638], [231.667907715, -24.9721183777, 358.511230469, 282.609588623, 367.601379395, 323.868896484, 371.069610596, 245.211669922, 205.349853516, 155.689163208, 126.705024719, 104.138496399, 95.0484542847], [133.247970581, -44.628993988, 266.893554688, 190.720169067, 268.673797607, 218.66557312, 245.211669922, 267.366638184, 201.443099976, 142.415100098, 106.543334961, 68.4632644653, 56.2328491211], [131.660797119, -26.7681407928, 230.316848755, 179.092651367, 234.54196167, 188.303283691, 205.349853516, 201.443099976, 234.837493896, 166.09135437, 114.277183533, 65.0509643555, 47.7278137207], [140.576751709, 22.0191936493, 210.029266357, 145.480392456, 188.450790405, 166.081420898, 155.689163208, 142.415100098, 166.09135437, 204.988845825, 136.78692627, 74.5896835327, 57.6556930542], [101.385551453, 17.7731666565, 158.978149414, 125.337524414, 157.140899658, 139.62588501, 126.705024719, 106.543334961, 114.277183533, 136.78692627, 160.320022583, 91.6839294434, 58.634803772], [117.529998779, 14.5521707535, 162.052062988, 107.70917511, 145.401596069, 122.650764465, 104.138496399, 68.4632644653, 65.0509643555, 74.5896835327, 91.6839294434, 133.85256958, 83.7246398926], [136.447570801, 18.4601688385, 113.641967773, 89.8455581665, 106.362487793, 101.589866638, 95.0484542847, 56.2328491211, 47.7278137207, 57.6556930542, 58.634803772, 83.7246398926, 118.506530762]],
