{
"lowlevel": {
    "average_loudness": 0.952250182629,
    "barkbands_crest": {
        "dmean": 2.71323251724,
        "dmean2": 4.31995439529,
        "dvar": 8.32064533234,
        "dvar2": 19.7920627594,
        "max": 26.5368480682,
        "mean": 13.3391437531,
        "median": 13.8211774826,
        "min": 2.15499567986,
        "var": 26.4459857941
    },
    "barkbands_flatness_db": {
        "dmean": 0.0264653731138,
        "dmean2": 0.0382693745196,
        "dvar": 0.00127694953699,
        "dvar2": 0.00229810131714,
        "max": 0.616664111614,
        "mean": 0.135030195117,
        "median": 0.122424215078,
        "min": 0.0142931230366,
        "var": 0.00448657665402
    },
    "barkbands_kurtosis": {
        "dmean": 8.0773601532,
        "dmean2": 11.2016963959,
        "dvar": 628.257019043,
        "dvar2": 1119.04089355,
        "max": 327.006439209,
        "mean": 10.8226184845,
        "median": 1.71269464493,
        "min": -1.91385769844,
        "var": 1274.48327637
    },
    "barkbands_skewness": {
        "dmean": 0.84396904707,
        "dmean2": 1.20901477337,
        "dvar": 1.85608541965,
        "dvar2": 3.24241018295,
        "max": 16.3016052246,
        "mean": 2.1391723156,
        "median": 1.66005635262,
        "min": -2.60735058784,
        "var": 6.1244893074
    },
    "barkbands_spread": {
        "dmean": 8.55832862854,
        "dmean2": 13.3453273773,
        "dvar": 107.530441284,
        "dvar2": 246.171417236,
        "max": 99.5322723389,
        "mean": 33.7392311096,
        "median": 32.2117156982,
        "min": 0.341693997383,
        "var": 331.657714844
    },
    "dissonance": {
        "dmean": 0.0080117629841,
        "dmean2": 0.0136341219768,
        "dvar": 0.000108947882836,
        "dvar2": 0.000294237805065,
        "max": 0.500000059605,
        "mean": 0.488181114197,
        "median": 0.492017447948,
        "min": 0.266340762377,
        "var": 0.000163336997502
    },
    "dynamic_complexity": 2.98097205162,
    "erbbands_crest": {
        "dmean": 2.12729167938,
        "dmean2": 3.41804289818,
        "dvar": 6.80645227432,
        "dvar2": 14.9852256775,
        "max": 32.7208595276,
        "mean": 7.53595495224,
        "median": 5.17410087585,
        "min": 2.27633786201,
        "var": 37.5431861877
    },
    "erbbands_flatness_db": {
        "dmean": 0.0149765564129,
        "dmean2": 0.0224216468632,
        "dvar": 0.00032998304232,
        "dvar2": 0.000670156034175,
        "max": 0.437616467476,
        "mean": 0.129343703389,
        "median": 0.123617820442,
        "min": 0.0413867384195,
        "var": 0.00217851344496
    },
    "erbbands_kurtosis": {
        "dmean": 1.24402093887,
        "dmean2": 2.04425764084,
        "dvar": 15.190320015,
        "dvar2": 40.4767112732,
        "max": 140.816604614,
        "mean": 1.33136069775,
        "median": 0.129259824753,
        "min": -1.86498498917,
        "var": 27.5379009247
    },
    "erbbands_skewness": {
        "dmean": 0.382069855928,
        "dmean2": 0.591387569904,
        "dvar": 0.245651513338,
        "dvar2": 0.566053271294,
        "max": 8.78503608704,
        "mean": -0.139849036932,
        "median": -0.216163605452,
        "min": -2.91347956657,
        "var": 0.604924678802
    },
    "erbbands_spread": {
        "dmean": 9.95181465149,
        "dmean2": 15.099565506,
        "dvar": 160.336715698,
        "dvar2": 351.018981934,
        "max": 160.942214966,
        "mean": 44.4353981018,
        "median": 41.9259567261,
        "min": 0.891692042351,
        "var": 487.554290771
    },
    "hfc": {
        "dmean": 13.7867364883,
        "dmean2": 21.670791626,
        "dvar": 520.646179199,
        "dvar2": 1256.97644043,
        "max": 261.216705322,
        "mean": 44.4919128418,
        "median": 37.6453285217,
        "min": 1.06084464339e-16,
        "var": 1430.77270508
    },
    "melbands_crest": {
        "dmean": 3.77105426788,
        "dmean2": 5.84464168549,
        "dvar": 17.8505191803,
        "dvar2": 39.171333313,
        "max": 37.3149490356,
        "mean": 23.2926235199,
        "median": 24.6758003235,
        "min": 1.52392864227,
        "var": 92.1128845215
    },
    "melbands_flatness_db": {
        "dmean": 0.0336224250495,
        "dmean2": 0.0487752296031,
        "dvar": 0.00205278862268,
        "dvar2": 0.00380684155971,
        "max": 0.773607850075,
        "mean": 0.200933009386,
        "median": 0.197231471539,
        "min": 0.0022045399528,
        "var": 0.00758664915338
    },
    "melbands_kurtosis": {
        "dmean": 30.8758430481,
        "dmean2": 42.0276679993,
        "dvar": 8169.90478516,
        "dvar2": 12826.5859375,
        "max": 1179.51965332,
        "mean": 51.6769180298,
        "median": 15.1223478317,
        "min": -1.56352996826,
        "var": 19750.6582031
    },
    "melbands_skewness": {
        "dmean": 1.39729166031,
        "dmean2": 2.05044031143,
        "dvar": 5.02144098282,
        "dvar2": 9.00489234924,
        "max": 29.5766010284,
        "mean": 4.59662485123,
        "median": 3.6422085762,
        "min": -1.70344734192,
        "var": 17.2959938049
    },
    "melbands_spread": {
        "dmean": 9.76709747314,
        "dmean2": 15.7727489471,
        "dvar": 201.8409729,
        "dvar2": 494.341278076,
        "max": 160.057861328,
        "mean": 27.8849201202,
        "median": 21.7204780579,
        "min": 0.213725045323,
        "var": 529.294799805
    },
    "pitch_salience": {
        "dmean": 0.0825525224209,
        "dmean2": 0.126574590802,
        "dvar": 0.00828499533236,
        "dvar2": 0.0176990162581,
        "max": 0.981575608253,
        "mean": 0.433971643448,
        "median": 0.39896401763,
        "min": 0.0422394275665,
        "var": 0.0360117256641
    },
    "silence_rate_20dB": {
        "dmean": 0,
        "dmean2": 0,
        "dvar": 0,
        "dvar2": 0,
        "max": 1,
        "mean": 1,
        "median": 1,
        "min": 1,
        "var": 0
    },
    "silence_rate_30dB": {
        "dmean": 0.0300383139402,
        "dmean2": 0.060085836798,
        "dvar": 0.0291349049658,
        "dvar2": 0.0721082687378,
        "max": 1,
        "mean": 0.975329458714,
        "median": 1,
        "min": 0,
        "var": 0.0240630861372
    },
    "silence_rate_60dB": {
        "dmean": 0.0144061306491,
        "dmean2": 0.0288166776299,
        "dvar": 0.0141975516453,
        "dvar2": 0.0316632390022,
        "max": 1,
        "mean": 0.0712534487247,
        "median": 0,
        "min": 0,
        "var": 0.066176943481
    },
    "spectral_centroid": {
        "dmean": 327.749755859,
        "dmean2": 494.571838379,
        "dvar": 180340.859375,
        "dvar2": 389907.125,
        "max": 11794.7871094,
        "mean": 2300.26391602,
        "median": 2398.35498047,
        "min": 118.278884888,
        "var": 1568232.125
    },
    "spectral_complexity": {
        "dmean": 5.60766267776,
        "dmean2": 8.60913562775,
        "dvar": 43.9130935669,
        "dvar2": 90.2757797241,
        "max": 65,
        "mean": 28.2601890564,
        "median": 30,
        "min": 0,
        "var": 257.917663574
    },
    "spectral_decrease": {
        "dmean": 2.54181520276e-09,
        "dmean2": 3.78838471704e-09,
        "dvar": 9.53312586514e-18,
        "dvar2": 1.85457665278e-17,
        "max": 1.58487519574e-28,
        "mean": -1.30180648483e-08,
        "median": -1.43679494968e-08,
        "min": -3.87595484597e-08,
        "var": 6.38910996414e-17
    },
    "spectral_energy": {
        "dmean": 0.00979291740805,
        "dmean2": 0.0145776234567,
        "dvar": 0.000141071199323,
        "dvar2": 0.000280675070826,
        "max": 0.148906126618,
        "mean": 0.0531687065959,
        "median": 0.0600253418088,
        "min": 9.73240109994e-21,
        "var": 0.00101043016184
    },
    "spectral_energyband_high": {
        "dmean": 0.00121291086543,
        "dmean2": 0.00189217319712,
        "dvar": 4.28553721576e-06,
        "dvar2": 1.0236703929e-05,
        "max": 0.0246989168227,
        "mean": 0.00324280862696,
        "median": 0.00249251443893,
        "min": 6.89199131561e-21,
        "var": 1.08887188617e-05
    },
    "spectral_energyband_low": {
        "dmean": 0.00961427390575,
        "dmean2": 0.0140409208834,
        "dvar": 0.000162615106092,
        "dvar2": 0.000313483003993,
        "max": 0.14409711957,
        "mean": 0.0373520255089,
        "median": 0.0411858558655,
        "min": 1.43169292838e-23,
        "var": 0.000870620307978
    },
    "spectral_energyband_middle_high": {
        "dmean": 0.00290024536662,
        "dmean2": 0.00478647230193,
        "dvar": 2.10219841392e-05,
        "dvar2": 5.62995519431e-05,
        "max": 0.0551242157817,
        "mean": 0.00774270063266,
        "median": 0.00489105749875,
        "min": 1.24631722946e-21,
        "var": 6.38667042949e-05
    },
    "spectral_energyband_middle_low": {
        "dmean": 0.0038586857263,
        "dmean2": 0.00648768944666,
        "dvar": 7.58553433116e-05,
        "dvar2": 0.000202950483072,
        "max": 0.0663505718112,
        "mean": 0.00539604574442,
        "median": 0.00254227081314,
        "min": 2.05571686672e-22,
        "var": 6.81860256009e-05
    },
    "spectral_entropy": {
        "dmean": 0.12759758532,
        "dmean2": 0.187603786588,
        "dvar": 0.049802813679,
        "dvar2": 0.105763725936,
        "max": 9.81826972961,
        "mean": 8.09794330597,
        "median": 8.19036769867,
        "min": 3.77048683167,
        "var": 0.175700590014
    },
    "spectral_flux": {
        "dmean": 0.0319139286876,
        "dmean2": 0.0504594556987,
        "dvar": 0.00150766025763,
        "dvar2": 0.00366228190251,
        "max": 0.357719570398,
        "mean": 0.108551673591,
        "median": 0.0979273095727,
        "min": 6.37078098609e-11,
        "var": 0.00396287441254
    },
    "spectral_kurtosis": {
        "dmean": 0.8394728899,
        "dmean2": 1.41310918331,
        "dvar": 7.64420604706,
        "dvar2": 18.2101612091,
        "max": 118.446281433,
        "mean": 2.55487418175,
        "median": 2.38966083527,
        "min": -1.270788908,
        "var": 7.99065208435
    },
    "spectral_rms": {
        "dmean": 0.000713330402505,
        "dmean2": 0.00107274204493,
        "dvar": 8.0090916299e-07,
        "dvar2": 1.6658578943e-06,
        "max": 0.0120529774576,
        "mean": 0.00665717246011,
        "median": 0.00765253603458,
        "min": 3.08139993556e-12,
        "var": 7.55406063035e-06
    },
    "spectral_rolloff": {
        "dmean": 796.589294434,
        "dmean2": 1301.80334473,
        "dvar": 1532149.75,
        "dvar2": 3436114.25,
        "max": 19745.9472656,
        "mean": 2021.1192627,
        "median": 1399.65820312,
        "min": 64.599609375,
        "var": 7093172.5
    },
    "spectral_skewness": {
        "dmean": 0.146943867207,
        "dmean2": 0.240366756916,
        "dvar": 0.0530581437051,
        "dvar2": 0.120900578797,
        "max": 9.09066581726,
        "mean": 1.16615009308,
        "median": 1.19664955139,
        "min": -0.279713094234,
        "var": 0.135316625237
    },
    "spectral_spread": {
        "dmean": 489687.96875,
        "dmean2": 728059.1875,
        "dvar": 580400185344,
        "dvar2": 1.04596327629e+12,
        "max": 42359476,
        "mean": 5850813.5,
        "median": 5422179.5,
        "min": 455777.5,
        "var": 1.70877790454e+13
    },
    "spectral_strongpeak": {
        "dmean": 0.199055820704,
        "dmean2": 0.341394275427,
        "dvar": 0.178791880608,
        "dvar2": 0.525751054287,
        "max": 8.22361660004,
        "mean": 0.454225569963,
        "median": 0.374773085117,
        "min": 0,
        "var": 0.176481351256
    },
    "zerocrossingrate": {
        "dmean": 0.0142688127235,
        "dmean2": 0.0162217300385,
        "dvar": 0.000310898001771,
        "dvar2": 0.000352457078407,
        "max": 0.8671875,
        "mean": 0.0761230885983,
        "median": 0.06201171875,
        "min": 0.00146484375,
        "var": 0.00463049579412
    },
    "barkbands": {
        "dmean": [0.00203128065914, 0.00856262724847, 0.00267250277102, 0.00158164859749, 0.00167771393899, 0.000710234220605, 0.000294877914712, 0.000381454854505, 0.000540344568435, 0.000466805446194, 0.000394916889491, 0.000557526713237, 0.000506188254803, 0.000488115067128, 0.000711671367753, 0.000552461075131, 0.00043826593901, 0.000329602597049, 0.000298001803458, 0.000251662131632, 0.000284909881884, 0.00028308556648, 0.000190449121874, 0.000219981695409, 0.00016959644563, 0.000151059430209, 9.955879068e-05],
        "dmean2": [0.00299098482355, 0.0123543469235, 0.00435353536159, 0.00282370927744, 0.00299840047956, 0.00121257768478, 0.000499034358654, 0.000639030185994, 0.00094783451641, 0.000824631599244, 0.000685182400048, 0.00095823337324, 0.000857645296492, 0.000839166110381, 0.00117030658294, 0.000938793702517, 0.000736991059966, 0.000556524086278, 0.000506208278239, 0.00042164028855, 0.000470339844469, 0.000468612037366, 0.000320567196468, 0.000356737989932, 0.000250718119787, 0.000231056474149, 0.00015615693701],
        "dvar": [9.70613655227e-06, 0.000140054675285, 3.09325914714e-05, 2.38234406424e-05, 2.70415584964e-05, 2.25279359256e-06, 6.01120859756e-07, 9.48434262682e-07, 3.64146148968e-06, 2.2948484002e-06, 9.17574993764e-07, 1.27864677779e-06, 1.20618676647e-06, 1.26467136852e-06, 2.94965911962e-06, 1.29944965011e-06, 7.78802643708e-07, 2.40797504603e-07, 1.96773370931e-07, 1.21713256362e-07, 1.62347319588e-07, 2.23648228825e-07, 1.00993787555e-07, 1.82342716926e-07, 1.00867382002e-07, 1.09292855655e-07, 5.54450778623e-08],
        "dvar2": [1.71292085724e-05, 0.000261278124526, 7.45468205423e-05, 6.76369672874e-05, 7.6525946497e-05, 5.69360963709e-06, 1.62870878739e-06, 2.54944711742e-06, 1.2279801922e-05, 7.29790190235e-06, 2.64531308858e-06, 3.54077656084e-06, 3.18369916386e-06, 3.28452028953e-06, 7.15212445357e-06, 3.3270196127e-06, 2.02749265554e-06, 5.92866626903e-07, 5.16113630056e-07, 3.29672559474e-07, 3.85826041338e-07, 5.76345087211e-07, 2.76767821106e-07, 4.72939518659e-07, 2.17807738068e-07, 2.45875810378e-07, 1.3312741487e-07],
        "max": [0.0284122303128, 0.123599477112, 0.054503057152, 0.0404200069606, 0.0431499145925, 0.0227107107639, 0.0146846333519, 0.0187960993499, 0.0437592826784, 0.0412655323744, 0.019201753661, 0.0156302973628, 0.0228547826409, 0.0205828137696, 0.0264352988452, 0.0167634263635, 0.0182672291994, 0.00950558204204, 0.00549578340724, 0.00382926221937, 0.00858490820974, 0.0084400717169, 0.00395365897566, 0.00444742944092, 0.00377137330361, 0.00437104189768, 0.00411294633523],
        "mean": [0.00574639579281, 0.0280019510537, 0.00314483442344, 0.00140683783684, 0.00153168151155, 0.00084702053573, 0.00037294338108, 0.00045543743181, 0.000596314028371, 0.000531528552528, 0.00049958442105, 0.000694501213729, 0.000665403844323, 0.000654086004943, 0.0016458099708, 0.00106225151103, 0.000713030342013, 0.000569158757571, 0.0005586653715, 0.000516706204507, 0.000647426699288, 0.000613389827777, 0.000399502081564, 0.000411640066886, 0.000378917931812, 0.000322814768879, 0.00018090820231],
        "median": [0.000871914671734, 0.0303703732789, 0.00110410689376, 0.000245686736889, 0.00024939479772, 0.00024602538906, 0.000126575207105, 0.000132144326926, 0.000214174360735, 0.000232220103499, 0.000231707977946, 0.000352607865352, 0.000292142562103, 0.000316325662425, 0.000348726927768, 0.000358583522029, 0.000381480960641, 0.000367464934243, 0.000367914326489, 0.000353483832441, 0.000504657276906, 0.000518315238878, 0.000326948822476, 0.000258800340816, 0.000213301987969, 0.000123634788906, 3.13475684379e-05],
        "min": [3.00104406673e-25, 2.06781801667e-24, 1.96302336744e-24, 1.5842790195e-24, 1.10269911894e-23, 7.46180927008e-24, 5.27013239989e-24, 8.65074808313e-24, 1.46379325633e-23, 2.30215455227e-23, 1.07705577527e-23, 2.44005122503e-23, 4.28264823053e-23, 4.51147563766e-23, 4.92825641299e-23, 5.31795496234e-23, 6.89991516466e-23, 8.75858883986e-23, 1.2970844803e-22, 1.7043288108e-22, 2.30962847292e-22, 3.22543085552e-22, 4.48660512524e-22, 5.51972261027e-22, 9.21873001748e-22, 1.38873305285e-21, 2.03778387478e-21],
        "var": [4.65441553388e-05, 0.000615548924543, 3.08794005832e-05, 1.56155747391e-05, 1.80773549801e-05, 2.97461178889e-06, 8.36852393604e-07, 1.17967192637e-06, 2.78378615803e-06, 1.98362113224e-06, 8.39294102661e-07, 1.27640225855e-06, 1.49015670559e-06, 1.33863738938e-06, 1.64587254403e-05, 5.07380082126e-06, 1.33824198656e-06, 4.3856707066e-07, 3.56472810381e-07, 2.70463260676e-07, 4.66546538291e-07, 4.20556972358e-07, 1.74818580945e-07, 2.76304035651e-07, 2.73713908427e-07, 2.7259997637e-07, 1.41748927263e-07]
    },
    "erbbands": {
        "dmean": [0.499443739653, 1.47893917561, 3.10234642029, 3.80119204521, 5.6095700264, 5.70576620102, 5.80723619461, 5.62814092636, 4.58961296082, 4.91599559784, 9.15498065948, 12.0138349533, 14.5409011841, 14.0429201126, 17.5608768463, 22.5206565857, 23.0035934448, 22.3035469055, 31.0393695831, 36.8195762634, 25.8774814606, 23.0230407715, 18.4444999695, 15.6036987305, 14.161149025, 11.9065122604, 11.6672782898, 11.8564910889, 10.8425865173, 7.40492916107, 5.26944160461, 4.6752038002, 3.6893632412, 1.99740958214, 1.25746452808, 0.615086495876, 0.301251173019, 0.13177497685, 0.0163020882756, 0.000227761600399],
        "dmean2": [0.705904006958, 2.18148708344, 4.7997918129, 6.47464132309, 10.0754699707, 10.245929718, 10.0432701111, 9.61610031128, 7.77336454391, 8.34172153473, 15.1237869263, 20.8528327942, 26.0697002411, 24.5863876343, 30.2893695831, 38.3160438538, 38.8018341064, 37.9984436035, 51.5590324402, 60.8508834839, 43.2929534912, 38.674987793, 31.1292324066, 25.7486915588, 24.4181289673, 19.9285888672, 19.04936409, 19.7405700684, 17.9396362305, 12.3642473221, 8.83728313446, 7.75755929947, 6.03831863403, 3.06192731857, 1.90306329727, 0.924819111824, 0.470037251711, 0.205242440104, 0.0257448237389, 0.000354894727934],
        "dvar": [0.582537889481, 4.83454465866, 35.1216239929, 102.375228882, 364.140716553, 287.962677002, 186.39982605, 132.811126709, 158.630508423, 141.278060913, 490.419891357, 1755.63220215, 3398.00585938, 1399.41381836, 1908.94665527, 2026.13781738, 2418.30078125, 2642.91259766, 7263.9140625, 9309.79101562, 2640.57495117, 2001.57287598, 874.683044434, 509.183319092, 479.11038208, 274.516693115, 281.881622314, 295.557098389, 366.019622803, 129.504943848, 70.8064041138, 75.0330657959, 55.6777648926, 12.3369541168, 5.91641521454, 1.54477441311, 0.471606761217, 0.117513984442, 0.00129428971559, 2.48898231803e-07],
        "dvar2": [1.01772534847, 9.60935211182, 77.6332702637, 274.215789795, 1020.2322998, 816.349121094, 507.259246826, 334.855529785, 424.137939453, 398.443908691, 1273.5723877, 5787.84082031, 11553.3535156, 4025.8894043, 5424.11474609, 5489.11816406, 6309.68505859, 6955.78613281, 18278.046875, 21677.2167969, 6890.41943359, 5342.00244141, 2199.15087891, 1261.45397949, 1309.08325195, 736.683532715, 675.771911621, 722.900817871, 959.76550293, 345.158843994, 191.099197388, 205.380462646, 143.425476074, 27.5518379211, 13.1281690598, 3.34712123871, 1.11940431595, 0.287469655275, 0.00307375425473, 5.8359984223e-07],
        "max": [7.23188734055, 22.3367843628, 55.4086265564, 89.6421203613, 150.571411133, 162.114761353, 230.202713013, 185.358917236, 267.784637451, 256.272888184, 464.106292725, 1052.12976074, 1699.20007324, 633.285461426, 994.545532227, 726.903137207, 1089.18652344, 1156.4185791, 1641.20593262, 1897.21069336, 791.170776367, 936.880432129, 517.325439453, 372.801239014, 302.749969482, 205.377319336, 302.235198975, 370.172821045, 331.541687012, 155.460525513, 91.8040466309, 97.7005310059, 87.0409393311, 42.3002319336, 26.5331745148, 14.6104364395, 9.86964988708, 7.46803617477, 0.522343575954, 0.00681569054723],
        "mean": [1.4805315733, 3.51436257362, 4.09781980515, 4.33676767349, 4.79517936707, 5.24408864975, 6.37040281296, 6.78533601761, 5.78230476379, 6.32086801529, 11.0793247223, 13.4362401962, 16.2050457001, 17.4435157776, 23.0308837891, 29.3006076813, 31.5186271667, 31.6427898407, 63.3631439209, 93.9774017334, 45.0750274658, 39.3829956055, 31.9446678162, 30.4595012665, 25.8332901001, 24.4418811798, 25.8215961456, 25.7551841736, 22.254322052, 15.974366188, 10.8646564484, 8.92857456207, 6.63853263855, 4.32723855972, 2.63595509529, 1.30522167683, 0.600883424282, 0.258947402239, 0.0290041677654, 0.000479497015476],
        "median": [0.586127579212, 2.9576420784, 1.38758563995, 1.64756321907, 0.639106750488, 0.777983665466, 1.47679281235, 1.94977903366, 1.88856339455, 2.37953019142, 3.55490994453, 4.82516002655, 6.26566791534, 9.2824420929, 11.0466651917, 14.4945430756, 14.5529165268, 17.0925521851, 18.2405967712, 20.0686607361, 21.8290805817, 22.2891807556, 20.3853530884, 20.610004425, 17.5951957703, 16.4345588684, 18.6328525543, 20.5451545715, 18.1584358215, 13.5449733734, 8.77752685547, 6.34355354309, 3.80478143692, 2.48527145386, 1.37944293022, 0.555121302605, 0.218024656177, 0.0687269344926, 0.00433135312051, 0.000170149083715],
        "min": [4.41359945634e-23, 4.23326667382e-22, 3.52087650587e-21, 7.10351286891e-21, 2.01004161836e-20, 3.20278678626e-20, 4.87005299827e-20, 8.99820382773e-20, 1.12816268614e-19, 1.94435924489e-19, 3.07498111314e-19, 3.88135063696e-19, 4.9318788037e-19, 8.71643638429e-19, 1.04600958924e-18, 1.14307768316e-18, 1.90082920119e-18, 2.56723175206e-18, 2.35721597121e-18, 2.62107335172e-18, 3.29723229112e-18, 4.41706299374e-18, 4.81625084478e-18, 7.19279120267e-18, 7.11530671315e-18, 8.24023925899e-18, 8.51252312841e-18, 9.68587386423e-18, 1.14691139647e-17, 9.52037983908e-18, 1.14457097164e-17, 1.17689214418e-17, 9.61829403537e-18, 8.29758024624e-18, 6.73697498048e-18, 4.23787540714e-18, 2.26177566534e-18, 9.9948564287e-19, 2.70196711783e-19, 2.6966194598e-20],
        "var": [2.49132633209, 13.2902774811, 44.6709709167, 83.4908752441, 231.23677063, 213.809066772, 175.429641724, 185.147872925, 232.844558716, 174.544128418, 563.489562988, 1385.82006836, 2821.16479492, 1076.1439209, 1785.55419922, 2235.49780273, 3153.84790039, 2781.06567383, 27656.265625, 72046.921875, 4910.75830078, 3454.69775391, 1482.12231445, 1094.9017334, 725.224487305, 615.343078613, 827.895324707, 725.640991211, 610.961608887, 251.607269287, 130.248245239, 110.769020081, 81.2773132324, 33.2830467224, 14.4790086746, 4.04951190948, 1.01138114929, 0.251973330975, 0.00363587052561, 7.05987474703e-07]
    },
    "gfcc": {
        "mean": [11.0798559189, 38.3458557129, -110.464576721, 48.3087501526, -38.2613639832, 27.2728805542, -21.147977829, 11.2621488571, -15.0251874924, 7.95485258102, -13.9228410721, 5.35464525223, -9.26576519012],
        "cov": [[29841.7441406, -1686.31848145, -371.322845459, -204.775787354, 227.276443481, 1468.71862793, 94.2631454468, 1322.71765137, 74.7794265747, 1023.36474609, -52.9612770081, 721.158996582, -98.5711517334], [-1686.31848145, 3009.18432617, -647.885925293, 614.651916504, -578.931091309, -485.704284668, -77.3505783081, -526.234191895, -43.1085205078, -418.403106689, 118.1925354, -303.81552124, 87.2842941284], [-371.322845459, -647.885925293, 1450.33312988, 250.523010254, 575.144042969, 296.252319336, 143.800140381, 234.925323486, 81.9156646729, 191.045593262, 79.870010376, 100.543800354, -19.6249465942], [-204.775787354, 614.651916504, 250.523010254, 690.299255371, 157.85987854, 90.6100921631, 31.9304924011, -80.5882644653, 32.6332931519, -42.9522857666, 48.7754516602, -72.0776519775, 0.274139434099], [227.276443481, -578.931091309, 575.144042969, 157.85987854, 628.263671875, 395.135009766, 218.349563599, 227.692504883, 173.182571411, 216.596969604, 41.9346694946, 103.344543457, 19.9217205048], [1468.71862793, -485.704284668, 296.252319336, 90.6100921631, 395.135009766, 491.500732422, 193.116470337, 284.860168457, 116.939811707, 205.72277832, 15.4584121704, 85.5150604248, 5.93068313599], [94.2631454468, -77.3505783081, 143.800140381, 31.9304924011, 218.349563599, 193.116470337, 276.962310791, 179.864257812, 124.989364624, 79.4446640015, 49.4680633545, 36.5518608093, 13.2903223038], [1322.71765137, -526.234191895, 234.925323486, -80.5882644653, 227.692504883, 284.860168457, 179.864257812, 317.757019043, 108.071426392, 178.615921021, 21.2415237427, 102.421127319, 4.61700201035], [74.7794265747, -43.1085205078, 81.9156646729, 32.6332931519, 173.182571411, 116.939811707, 124.989364624, 108.071426392, 158.75340271, 109.357421875, 44.3160018921, 27.4777107239, 28.0336036682], [1023.36474609, -418.403106689, 191.045593262, -42.9522857666, 216.596969604, 205.72277832, 79.4446640015, 178.615921021, 109.357421875, 214.014343262, 52.4967498779, 103.450172424, 12.2766342163], [-52.9612770081, 118.1925354, 79.870010376, 48.7754516602, 41.9346694946, 15.4584121704, 49.4680633545, 21.2415237427, 44.3160018921, 52.4967498779, 102.274772644, 50.1563072205, 27.4322032928], [721.158996582, -303.81552124, 100.543800354, -72.0776519775, 103.344543457, 85.5150604248, 36.5518608093, 102.421127319, 27.4777107239, 103.450172424, 50.1563072205, 136.921691895, 39.6218223572], [-98.5711517334, 87.2842941284, -19.6249465942, 0.274139434099, 19.9217205048, 5.93068313599, 13.2903223038, 4.61700201035, 28.0336036682, 12.2766342163, 27.4322032928, 39.6218223572, 80.6265335083]],
        "icov": [[7.06099308445e-05, -0.000100830278825, 5.34192367923e-05, -6.42502564006e-05, 0.000110547181976, -0.000123674806673, 0.000115371440188, -0.000276962964563, 0.000167711419635, -0.000364392151823, 0.000391172303353, -0.000483810785227, 0.000289163697744], [-0.000100830278825, 0.00140898581594, 4.91838909511e-05, -0.000722879951354, 0.000949227891397, -0.000158691225806, -0.00070635182783, 0.00133288523648, -0.00114034407306, 0.00158317980822, -0.0026391602587, 0.00237284274772, -0.00192963541485], [5.34192367923e-05, 4.91838909511e-05, 0.0015801761765, -0.000483796146, -0.00193898554426, 0.00106641731691, 0.000751803920139, -0.0020691966638, 0.00183504121378, -0.000295259291306, -0.0014783507213, 0.000874477031175, 0.000273721874692], [-6.42502564006e-05, -0.000722879951354, -0.000483796146, 0.00305423000827, -0.00124868575949, -0.00128399708774, 0.000945065752603, 0.000852519995533, -0.000553970981855, 0.00159960694145, -0.00135834258981, 0.000709951797035, 0.0008365791291], [0.000110547181976, 0.000949227891397, -0.00193898554426, -0.00124868575949, 0.00896325148642, -0.00465614115819, -0.0032735473942, 0.00542995845899, -0.00535425357521, -0.00133857806213, 0.003533215262, -0.00389790604822, -0.000224845294724], [-0.000123674806673, -0.000158691225806, 0.00106641731691, -0.00128399708774, -0.00465614115819, 0.00943919364363, -0.00135051261168, -0.00564470002428, 0.00560837052763, -0.00496045220643, 0.000975734437816, 0.00393639411777, -0.00217459630221], [0.000115371440188, -0.00070635182783, 0.000751803920139, 0.000945065752603, -0.0032735473942, -0.00135051261168, 0.0123280454427, -0.00771324057132, -0.00521221058443, 0.00806370191276, -0.00550009589642, -0.000344677217072, 0.00302842818201], [-0.000276962964563, 0.00133288523648, -0.0020691966638, 0.000852519995533, 0.00542995845899, -0.00564470002428, -0.00771324057132, 0.018049377948, -0.00495644332841, -0.00285880547017, 0.00364606827497, -0.00374921923503, -0.000216146669118], [0.000167711419635, -0.00114034407306, 0.00183504121378, -0.000553970981855, -0.00535425357521, 0.00560837052763, -0.00521221058443, -0.00495644332841, 0.0243144594133, -0.015036476776, -0.000389176566387, 0.0091088116169, -0.00656689424068], [-0.000364392151823, 0.00158317980822, -0.000295259291306, 0.00159960694145, -0.00133857806213, -0.00496045220643, 0.00806370191276, -0.00285880547017, -0.015036476776, 0.0281323939562, -0.0113266604021, -0.00478974869475, 0.00444551743567], [0.000391172303353, -0.0026391602587, -0.0014783507213, -0.00135834258981, 0.003533215262, 0.000975734437816, -0.00550009589642, 0.00364606827497, -0.000389176566387, -0.0113266604021, 0.0274681225419, -0.0141430748627, 0.00219768309034], [-0.000483810785227, 0.00237284274772, 0.000874477031175, 0.000709951797035, -0.00389790604822, 0.00393639411777, -0.000344677217072, -0.00374921923503, 0.0091088116169, -0.00478974869475, -0.0141430748627, 0.0292531568557, -0.014006242156], [0.000289163697744, -0.00192963541485, 0.000273721874692, 0.0008365791291, -0.000224845294724, -0.00217459630221, 0.00302842818201, -0.000216146669118, -0.00656689424068, 0.00444551743567, 0.00219768309034, -0.014006242156, 0.0223794952035]]
    },
    "melbands": {
        "dmean": [0.00323298876174, 0.00154262641445, 0.00070048350608, 0.000395776471123, 0.000212047219975, 0.000128013125504, 6.48559944239e-05, 5.92558535573e-05, 7.7829878137e-05, 7.83333671279e-05, 7.32802727725e-05, 5.75439080421e-05, 5.61138949706e-05, 5.65225309401e-05, 6.82273530401e-05, 4.58793401776e-05, 4.36238224211e-05, 5.00562127854e-05, 5.53627614863e-05, 4.39139766968e-05, 3.12157717417e-05, 2.60194829025e-05, 2.15315521928e-05, 1.57659942488e-05, 1.34738911584e-05, 1.21228276839e-05, 9.36769993132e-06, 8.46603506943e-06, 7.82817187428e-06, 8.07521701063e-06, 7.364566045e-06, 7.08287598172e-06, 5.41180043001e-06, 4.08016057918e-06, 3.15211377711e-06, 3.36584594152e-06, 2.80590484181e-06, 2.83167059933e-06, 2.26014299187e-06, 1.63039783274e-06],
        "dmean2": [0.00452007073909, 0.00221645552665, 0.00117385049816, 0.000709910935257, 0.000368194654584, 0.000218183151446, 0.000109992324724, 0.000100110322819, 0.000128642161144, 0.000137091104989, 0.000131597887957, 0.000100943776488, 9.73215937847e-05, 9.7749500128e-05, 0.000116867762699, 7.80331974966e-05, 7.50012040953e-05, 8.42632507556e-05, 9.0813220595e-05, 7.4379669968e-05, 5.24793285877e-05, 4.37394446635e-05, 3.69113040506e-05, 2.66074766841e-05, 2.23340975936e-05, 2.07326866075e-05, 1.62276137416e-05, 1.41536029332e-05, 1.28607289298e-05, 1.36471617225e-05, 1.23737945614e-05, 1.17466079246e-05, 9.1409228844e-06, 6.83524967826e-06, 5.32218246008e-06, 5.7703659877e-06, 4.61839226773e-06, 4.69681663162e-06, 3.65851542483e-06, 2.49417939813e-06],
        "dvar": [2.05287014978e-05, 6.19123647994e-06, 3.59020259566e-06, 1.64388654866e-06, 2.52455691907e-07, 6.67885728944e-08, 2.83174941274e-08, 2.32009966794e-08, 3.52800064718e-08, 8.6995569859e-08, 8.52102601812e-08, 2.46075213539e-08, 1.92550970723e-08, 1.5564175726e-08, 2.35503421209e-08, 1.00562980165e-08, 1.10305498069e-08, 1.92751432593e-08, 1.72843943602e-08, 1.15426077585e-08, 4.05696676253e-09, 3.01852920437e-09, 1.27734134381e-09, 6.09458317147e-10, 3.94409865878e-10, 3.50935086546e-10, 1.90458523952e-10, 1.40768369183e-10, 1.33282121451e-10, 1.2268334959e-10, 1.21244139728e-10, 1.68304578607e-10, 6.12815909129e-11, 4.27144083992e-11, 2.30021314496e-11, 4.31126835621e-11, 2.36860236286e-11, 3.20277311616e-11, 1.7876469402e-11, 7.83065712967e-12],
        "dvar2": [3.76026655431e-05, 1.25219821712e-05, 9.43912436924e-06, 4.63147125629e-06, 6.95972573794e-07, 1.66876333196e-07, 7.61867013921e-08, 6.50804423685e-08, 9.07253152604e-08, 2.95245911275e-07, 2.89475593718e-07, 7.0737556257e-08, 5.54058061653e-08, 4.32094751091e-08, 6.40745838609e-08, 2.68876885201e-08, 2.95563182817e-08, 4.970485179e-08, 4.03751805322e-08, 2.83362417974e-08, 1.04088719866e-08, 8.0096942412e-09, 3.40698802503e-09, 1.4621620581e-09, 1.00262609326e-09, 9.52832590606e-10, 5.34011113107e-10, 3.83765408341e-10, 3.35512617688e-10, 3.09793080078e-10, 2.99122365766e-10, 4.41479658386e-10, 1.66048869099e-10, 1.14467595125e-10, 6.17718931561e-11, 1.23353285919e-10, 6.18120138407e-11, 8.50933767893e-11, 4.38580491369e-11, 1.75223759113e-11],
        "max": [0.046309504658, 0.0227578002959, 0.0156971998513, 0.0104083288461, 0.00627511972561, 0.0041484166868, 0.00341855734587, 0.00282583269291, 0.00365848117508, 0.00761328544468, 0.00842217635363, 0.00273234350607, 0.00265608192421, 0.0024094437249, 0.0028246184811, 0.00173689576332, 0.00233899080195, 0.00278651085682, 0.00252141803503, 0.00191367231309, 0.000929938280024, 0.00123856996652, 0.000446593447123, 0.000570804520976, 0.000345348758856, 0.000231097772485, 0.000172173240571, 0.000147100843606, 0.000215286010643, 0.000189236685401, 0.000231848098338, 0.000245995470323, 8.79036742845e-05, 9.96160306386e-05, 6.81265300955e-05, 6.20224382146e-05, 6.51586451568e-05, 6.82277459418e-05, 4.20489341195e-05, 3.61375168723e-05],
        "mean": [0.0100723439828, 0.00293894857168, 0.000793881830759, 0.00035147703602, 0.00023262045579, 0.000156492678798, 8.19804190542e-05, 7.47371159378e-05, 9.34115596465e-05, 8.49092248245e-05, 8.00895868451e-05, 6.86075218255e-05, 7.21955220797e-05, 7.28835220798e-05, 8.32389123389e-05, 6.11910072621e-05, 5.65077207284e-05, 8.94761978998e-05, 0.000133666544571, 9.51193869696e-05, 4.71985658805e-05, 4.23790115747e-05, 3.25196087942e-05, 2.63186466327e-05, 2.46507097472e-05, 2.01282218768e-05, 1.6745965695e-05, 1.60083545779e-05, 1.5671206711e-05, 1.60579038493e-05, 1.46256907101e-05, 1.30779744723e-05, 1.0787905012e-05, 8.03619604994e-06, 6.18569038124e-06, 5.90712579651e-06, 5.22554091731e-06, 4.75677506984e-06, 4.06904837291e-06, 3.50316190634e-06],
        "median": [0.00703780446202, 0.00159012712538, 0.00027157884324, 5.09223245899e-05, 4.92840699735e-05, 4.44819088443e-05, 2.78038278338e-05, 2.5988487323e-05, 3.04030654661e-05, 2.96131620416e-05, 2.96797134069e-05, 3.51004964614e-05, 3.34063588525e-05, 3.78678087145e-05, 3.48044159182e-05, 2.83205226879e-05, 2.79977284663e-05, 2.60307388089e-05, 2.60635570157e-05, 2.4113800464e-05, 2.30078567256e-05, 2.22232101805e-05, 1.88519079529e-05, 1.64030425367e-05, 1.62841242854e-05, 1.25211136037e-05, 1.16269802675e-05, 9.83276095212e-06, 1.03203274193e-05, 1.19292399177e-05, 1.13174828584e-05, 1.00511624623e-05, 9.08879519557e-06, 6.47919341645e-06, 4.82058749185e-06, 4.38228425992e-06, 3.4608333408e-06, 2.65208791461e-06, 2.15237946577e-06, 2.02737510335e-06],
        "min": [9.39475159626e-25, 1.56684381299e-24, 1.92608416669e-24, 1.77423416168e-24, 1.70673981428e-24, 1.84019949944e-24, 1.52197133394e-24, 2.15164494026e-24, 2.45099970721e-24, 2.09723325932e-24, 1.94525960036e-24, 2.3137949049e-24, 2.49942768096e-24, 2.73598399226e-24, 3.33535794425e-24, 2.66178708817e-24, 4.63310986398e-24, 3.55281928568e-24, 3.1623629171e-24, 3.6943929969e-24, 2.87080012374e-24, 3.68632413313e-24, 3.81988459527e-24, 3.9616397445e-24, 4.87307109616e-24, 4.27319720357e-24, 4.00117626978e-24, 4.48188798946e-24, 4.69407855676e-24, 3.10760157357e-24, 5.58103786542e-24, 5.85466531445e-24, 4.80742445821e-24, 4.65876164847e-24, 5.90484870094e-24, 6.54705878616e-24, 5.76047295579e-24, 6.57610148924e-24, 5.81806177402e-24, 5.66357440978e-24],
        "var": [9.45860956563e-05, 1.29681275212e-05, 2.97261840387e-06, 1.06802588107e-06, 2.39452930373e-07, 9.61973114499e-08, 4.14382093084e-08, 2.99852942476e-08, 4.01286293084e-08, 6.44701287911e-08, 7.10532503945e-08, 1.84990298635e-08, 1.77482402108e-08, 1.44772922539e-08, 2.51656349093e-08, 1.19937615395e-08, 1.04909227971e-08, 5.50529009047e-08, 1.10685149934e-07, 7.22077615478e-08, 6.90403290093e-09, 5.12697129196e-09, 1.69313774112e-09, 1.07966058316e-09, 7.6709677499e-10, 5.15618991948e-10, 2.83375850563e-10, 2.9524624412e-10, 3.44861472712e-10, 3.00167668499e-10, 2.53735810141e-10, 2.54396531618e-10, 1.14547572816e-10, 7.23988230478e-11, 4.30618284086e-11, 5.05908509529e-11, 3.94817616101e-11, 4.27482320375e-11, 3.21158481753e-11, 2.22363048114e-11]
    },
    "mfcc": {
        "mean": [-621.982666016, 69.3710708618, -3.57742381096, 29.1036891937, 10.6902675629, 22.2820034027, 9.33669185638, 12.3388786316, 8.59935665131, 5.88303756714, 4.71416807175, 4.83807420731, 2.65401220322],
        "cov": [[12257.0429688, 280.307312012, -265.035339355, -260.110870361, 264.99822998, 354.55947876, 352.325408936, 412.75680542, 462.599456787, 350.491607666, 408.752838135, 382.226623535, 340.6980896], [280.307312012, 1573.23754883, 1.57856750488, 376.870025635, -295.066833496, -15.4284582138, -167.322784424, -67.876121521, -178.861099243, -111.516273499, -97.7875442505, -44.7241096497, -74.0799865723], [-265.035339355, 1.57856750488, 674.341674805, 313.028289795, 290.660461426, 120.269996643, 124.514411926, 44.627986908, 8.74389743805, 36.4091262817, 40.9075965881, 38.7111930847, 24.6602516174], [-260.110870361, 376.870025635, 313.028289795, 520.461730957, 147.601959229, 151.151947021, 28.7671031952, 21.6957988739, -41.775554657, -5.5624294281, 4.11434555054, 12.0367231369, -4.13788080215], [264.99822998, -295.066833496, 290.660461426, 147.601959229, 441.417816162, 254.261978149, 182.725036621, 99.0708465576, 139.840072632, 120.731140137, 96.6134262085, 73.4743118286, 102.611579895], [354.55947876, -15.4284582138, 120.269996643, 151.151947021, 254.261978149, 283.622467041, 160.651306152, 112.085678101, 120.509262085, 112.351730347, 89.6626281738, 61.6915473938, 82.6400756836], [352.325408936, -167.322784424, 124.514411926, 28.7671031952, 182.725036621, 160.651306152, 225.779769897, 156.559173584, 142.586288452, 105.749145508, 102.541893005, 80.345413208, 75.4500045776], [412.75680542, -67.876121521, 44.627986908, 21.6957988739, 99.0708465576, 112.085678101, 156.559173584, 169.80947876, 139.822189331, 93.3757095337, 82.4175567627, 66.4654846191, 60.6134681702], [462.599456787, -178.861099243, 8.74389743805, -41.775554657, 139.840072632, 120.509262085, 142.586288452, 139.822189331, 205.690490723, 141.209976196, 97.1050109863, 62.3471603394, 82.1938095093], [350.491607666, -111.516273499, 36.4091262817, -5.5624294281, 120.731140137, 112.351730347, 105.749145508, 93.3757095337, 141.209976196, 161.170654297, 105.519058228, 54.1832695007, 61.9947395325], [408.752838135, -97.7875442505, 40.9075965881, 4.11434555054, 96.6134262085, 89.6626281738, 102.541893005, 82.4175567627, 97.1050109863, 105.519058228, 132.191329956, 89.0008010864, 62.4936523438], [382.226623535, -44.7241096497, 38.7111930847, 12.0367231369, 73.4743118286, 61.6915473938, 80.345413208, 66.4654846191, 62.3471603394, 54.1832695007, 89.0008010864, 110.384536743, 73.2210540771], [340.6980896, -74.0799865723, 24.6602516174, -4.13788080215, 102.611579895, 82.6400756836, 75.4500045776, 60.6134681702, 82.1938095093, 61.9947395325, 62.4936523438, 73.2210540771, 106.323066711]],
