{
"lowlevel": {
    "average_loudness": 0.832648634911,
    "barkbands_crest": {
        "dmean": 2.82313656807,
        "dmean2": 4.51382780075,
        "dvar": 11.1500482559,
        "dvar2": 24.7154216766,
        "max": 26.3987579346,
        "mean": 10.6627635956,
        "median": 9.51317024231,
        "min": 1.91015148163,
        "var": 31.4439239502
    },
    "barkbands_flatness_db": {
        "dmean": 0.0237502511591,
        "dmean2": 0.0365722253919,
        "dvar": 0.000993365072645,
        "dvar2": 0.00212841760367,
        "max": 0.551887273788,
        "mean": 0.115752756596,
        "median": 0.103784397244,
        "min": 0.0155450711027,
        "var": 0.00468646828085
    },
    "barkbands_kurtosis": {
        "dmean": 3.07793045044,
        "dmean2": 5.01020812988,
        "dvar": 157.565719604,
        "dvar2": 385.039276123,
        "max": 362.812927246,
        "mean": 2.67251133919,
        "median": 0.39579808712,
        "min": -1.91905975342,
        "var": 170.271759033
    },
    "barkbands_skewness": {
        "dmean": 0.594693899155,
        "dmean2": 0.898761808872,
        "dvar": 0.833657264709,
        "dvar2": 1.67309939861,
        "max": 17.700012207,
        "mean": 1.13389754295,
        "median": 1.0033082962,
        "min": -3.35234856606,
        "var": 1.76313316822
    },
    "barkbands_spread": {
        "dmean": 7.52178812027,
        "dmean2": 11.957816124,
        "dvar": 88.5330734253,
        "dvar2": 206.499435425,
        "max": 97.2954483032,
        "mean": 33.2613716125,
        "median": 30.2409057617,
        "min": 0.30763399601,
        "var": 353.121551514
    },
    "dissonance": {
        "dmean": 0.0128288501874,
        "dmean2": 0.0221639163792,
        "dvar": 0.0003139260225,
        "dvar2": 0.000914199918043,
        "max": 0.500000059605,
        "mean": 0.479764163494,
        "median": 0.48703956604,
        "min": 0.181889206171,
        "var": 0.00056580430828
    },
    "dynamic_complexity": 3.09691381454,
    "erbbands_crest": {
        "dmean": 2.08321046829,
        "dmean2": 3.4885597229,
        "dvar": 4.56189107895,
        "dvar2": 11.9962587357,
        "max": 29.3855381012,
        "mean": 7.20879077911,
        "median": 5.95939302444,
        "min": 2.29860019684,
        "var": 15.1049699783
    },
    "erbbands_flatness_db": {
        "dmean": 0.0151498392224,
        "dmean2": 0.0231667179614,
        "dvar": 0.000242320413236,
        "dvar2": 0.000551931967493,
        "max": 0.594370245934,
        "mean": 0.147588461637,
        "median": 0.130835220218,
        "min": 0.051831189543,
        "var": 0.00478261196986
    },
    "erbbands_kurtosis": {
        "dmean": 0.932855367661,
        "dmean2": 1.52930128574,
        "dvar": 3.96088552475,
        "dvar2": 10.2174968719,
        "max": 92.3477172852,
        "mean": 0.48885139823,
        "median": -0.0213462114334,
        "min": -1.79088640213,
        "var": 7.42951202393
    },
    "erbbands_skewness": {
        "dmean": 0.343517333269,
        "dmean2": 0.54851692915,
        "dvar": 0.134409233928,
        "dvar2": 0.332661420107,
        "max": 5.9135427475,
        "mean": 0.0412749536335,
        "median": 0.0570711046457,
        "min": -7.00499200821,
        "var": 0.535293877125
    },
    "erbbands_spread": {
        "dmean": 9.07454013824,
        "dmean2": 14.4016046524,
        "dvar": 187.19972229,
        "dvar2": 378.911102295,
        "max": 176.844848633,
        "mean": 37.6474533081,
        "median": 34.4983673096,
        "min": 0.745001554489,
        "var": 413.172851562
    },
    "hfc": {
        "dmean": 10.4345636368,
        "dmean2": 15.6816921234,
        "dvar": 274.990570068,
        "dvar2": 546.126953125,
        "max": 256.213897705,
        "mean": 41.8001708984,
        "median": 25.7081222534,
        "min": 1.14188710143e-16,
        "var": 1857.22155762
    },
    "melbands_crest": {
        "dmean": 3.74450278282,
        "dmean2": 6.09996032715,
        "dvar": 18.3400306702,
        "dvar2": 42.4936218262,
        "max": 37.0652389526,
        "mean": 17.0927886963,
        "median": 15.2628068924,
        "min": 2.1027367115,
        "var": 92.7224121094
    },
    "melbands_flatness_db": {
        "dmean": 0.0307378582656,
        "dmean2": 0.046333886683,
        "dvar": 0.00170182739384,
        "dvar2": 0.00338976713829,
        "max": 0.709748983383,
        "mean": 0.166523933411,
        "median": 0.159328371286,
        "min": 0.00685576163232,
        "var": 0.00742597365752
    },
    "melbands_kurtosis": {
        "dmean": 10.4280033112,
        "dmean2": 16.344751358,
        "dvar": 1221.35827637,
        "dvar2": 2352.32446289,
        "max": 1259.24584961,
        "mean": 14.5658597946,
        "median": 5.05908679962,
        "min": -1.90090239048,
        "var": 1795.19360352
    },
    "melbands_skewness": {
        "dmean": 0.931811690331,
        "dmean2": 1.43012905121,
        "dvar": 2.42053818703,
        "dvar2": 4.57517242432,
        "max": 26.9258365631,
        "mean": 2.55231642723,
        "median": 2.07356858253,
        "min": -2.75734043121,
        "var": 5.2505068779
    },
    "melbands_spread": {
        "dmean": 11.0044775009,
        "dmean2": 17.2690868378,
        "dvar": 241.661392212,
        "dvar2": 509.725250244,
        "max": 200.966583252,
        "mean": 34.6439590454,
        "median": 28.6123809814,
        "min": 0.162772610784,
        "var": 624.357299805
    },
    "pitch_salience": {
        "dmean": 0.0847385823727,
        "dmean2": 0.137564718723,
        "dvar": 0.0095594804734,
        "dvar2": 0.0220554266125,
        "max": 0.930550694466,
        "mean": 0.551110625267,
        "median": 0.582334637642,
        "min": 0.0390553995967,
        "var": 0.0317308157682
    },
    "silence_rate_20dB": {
        "dmean": 0,
        "dmean2": 0,
        "dvar": 0,
        "dvar2": 0,
        "max": 1,
        "mean": 1,
        "median": 1,
        "min": 1,
        "var": 0
    },
    "silence_rate_30dB": {
        "dmean": 0.0069514173083,
        "dmean2": 0.0139039084315,
        "dvar": 0.00690318131819,
        "dvar2": 0.0149463824928,
        "max": 1,
        "mean": 0.992740213871,
        "median": 1,
        "min": 0,
        "var": 0.00720761483535
    },
    "silence_rate_60dB": {
        "dmean": 0.0203908234835,
        "dmean2": 0.0407847985625,
        "dvar": 0.0199726838619,
        "dvar2": 0.0440677963197,
        "max": 1,
        "mean": 0.0630985498428,
        "median": 0,
        "min": 0,
        "var": 0.0591110102832
    },
    "spectral_centroid": {
        "dmean": 284.542785645,
        "dmean2": 440.497497559,
        "dvar": 116454.929688,
        "dvar2": 223242.296875,
        "max": 11089.3974609,
        "mean": 2106.52001953,
        "median": 2110.25634766,
        "min": 168.814559937,
        "var": 660404.3125
    },
    "spectral_complexity": {
        "dmean": 5.20784759521,
        "dmean2": 8.12714385986,
        "dvar": 37.4166908264,
        "dvar2": 77.8878097534,
        "max": 63,
        "mean": 28.4190616608,
        "median": 29,
        "min": 0,
        "var": 219.248565674
    },
    "spectral_decrease": {
        "dmean": 2.05422678867e-09,
        "dmean2": 3.16187631633e-09,
        "dvar": 1.098416775e-17,
        "dvar2": 2.56840572814e-17,
        "max": -4.78722628487e-29,
        "mean": -8.35924840459e-09,
        "median": -6.13044726094e-09,
        "min": -3.75384416884e-08,
        "var": 4.90326528214e-17
    },
    "spectral_energy": {
        "dmean": 0.00798823963851,
        "dmean2": 0.0123805757612,
        "dvar": 0.000162417461979,
        "dvar2": 0.000386659608921,
        "max": 0.15600566566,
        "mean": 0.0353411622345,
        "median": 0.0261437855661,
        "min": 1.05379288059e-20,
        "var": 0.000826387375128
    },
    "spectral_energyband_high": {
        "dmean": 0.000927153392695,
        "dmean2": 0.00132596504409,
        "dvar": 2.56093926509e-06,
        "dvar2": 3.8879229578e-06,
        "max": 0.0308594424278,
        "mean": 0.00324871391058,
        "median": 0.00136850378476,
        "min": 7.69242345978e-21,
        "var": 2.05411088245e-05
    },
    "spectral_energyband_low": {
        "dmean": 0.00618346361443,
        "dmean2": 0.00877719838172,
        "dvar": 0.000127306877403,
        "dvar2": 0.000258284620941,
        "max": 0.10610127449,
        "mean": 0.0191257819533,
        "median": 0.00507165770978,
        "min": 1.12588159525e-22,
        "var": 0.000558239698876
    },
    "spectral_energyband_middle_high": {
        "dmean": 0.00262917089276,
        "dmean2": 0.00426374934614,
        "dvar": 1.57653321367e-05,
        "dvar2": 3.94981034333e-05,
        "max": 0.0691633746028,
        "mean": 0.00748851522803,
        "median": 0.00608137529343,
        "min": 1.69765451743e-21,
        "var": 4.36565460404e-05
    },
    "spectral_energyband_middle_low": {
        "dmean": 0.00333333993331,
        "dmean2": 0.00572846643627,
        "dvar": 8.23837544885e-05,
        "dvar2": 0.000225943673286,
        "max": 0.130856499076,
        "mean": 0.00577691430226,
        "median": 0.00429341942072,
        "min": 2.53366623218e-22,
        "var": 6.45180261927e-05
    },
    "spectral_entropy": {
        "dmean": 0.110039927065,
        "dmean2": 0.173446372151,
        "dvar": 0.0215736124665,
        "dvar2": 0.0492641367018,
        "max": 9.79664421082,
        "mean": 7.98238801956,
        "median": 8.13009643555,
        "min": 4.63615465164,
        "var": 0.237151548266
    },
    "spectral_flux": {
        "dmean": 0.0227419678122,
        "dmean2": 0.0371543616056,
        "dvar": 0.00100942130666,
        "dvar2": 0.00237848772667,
        "max": 0.378449887037,
        "mean": 0.092935629189,
        "median": 0.0826228708029,
        "min": 1.02654412748e-10,
        "var": 0.00262538297102
    },
    "spectral_kurtosis": {
        "dmean": 2.01403069496,
        "dmean2": 3.41243195534,
        "dvar": 64.6278457642,
        "dvar2": 180.801498413,
        "max": 333.67477417,
        "mean": 6.12164783478,
        "median": 2.94500303268,
        "min": -1.23945689201,
        "var": 344.496307373
    },
    "spectral_rms": {
        "dmean": 0.000672414375003,
        "dmean2": 0.00103663175832,
        "dvar": 8.80907634837e-07,
        "dvar2": 1.96628070626e-06,
        "max": 0.0123369628564,
        "mean": 0.0052871122025,
        "median": 0.00505035929382,
        "min": 3.20638524412e-12,
        "var": 6.52563494441e-06
    },
    "spectral_rolloff": {
        "dmean": 866.578125,
        "dmean2": 1387.35095215,
        "dvar": 1860295.875,
        "dvar2": 4089051,
        "max": 18346.2890625,
        "mean": 2460.22631836,
        "median": 1894.921875,
        "min": 64.599609375,
        "var": 4469858.5
    },
    "spectral_skewness": {
        "dmean": 0.207607209682,
        "dmean2": 0.341319292784,
        "dvar": 0.177755042911,
        "dvar2": 0.504280865192,
        "max": 15.0317592621,
        "mean": 1.48308932781,
        "median": 1.31330180168,
        "min": 0.00755094783381,
        "var": 1.02005672455
    },
    "spectral_spread": {
        "dmean": 529712.3125,
        "dmean2": 795036.1875,
        "dvar": 712843067392,
        "dvar2": 1.28785160602e+12,
        "max": 41993832,
        "mean": 5059118,
        "median": 4979146,
        "min": 316144.21875,
        "var": 3.44107542118e+12
    },
    "spectral_strongpeak": {
        "dmean": 0.357980906963,
        "dmean2": 0.617061138153,
        "dvar": 0.420971423388,
        "dvar2": 1.0503667593,
        "max": 9.9533367157,
        "mean": 0.624353945255,
        "median": 0.437495559454,
        "min": 0,
        "var": 0.526586353779
    },
    "zerocrossingrate": {
        "dmean": 0.0158091187477,
        "dmean2": 0.0184042360634,
        "dvar": 0.000371035188437,
        "dvar2": 0.000494825828355,
        "max": 0.80126953125,
        "mean": 0.0909214913845,
        "median": 0.07763671875,
        "min": 0.001953125,
        "var": 0.00265100505203
    },
    "barkbands": {
        "dmean": [0.000695916940458, 0.00556138250977, 0.000883443164639, 0.000603862630669, 0.0013861451298, 0.000781994662248, 0.000671916233841, 0.000770106271375, 0.000481770373881, 0.000686213781592, 0.0004889802658, 0.000492649502121, 0.00043568041292, 0.000536574108992, 0.000386107363738, 0.000465804740088, 0.000286548369331, 0.000296864804113, 0.000287303642835, 0.000239448025241, 0.000246353214607, 0.000224645395065, 0.000195784305106, 0.000168583763298, 0.000151228654431, 0.000114623559057, 5.34701321158e-05],
        "dmean2": [0.000964123755693, 0.00803501158953, 0.00142650748603, 0.00105021940544, 0.00240614055656, 0.00135392614175, 0.00114862981718, 0.0013083817903, 0.000815794512164, 0.00118408282287, 0.000807218952104, 0.000819838664029, 0.000733900757041, 0.000889145128895, 0.000647533452138, 0.00079384673154, 0.000476991612231, 0.000494508189149, 0.000474527158076, 0.000390228291508, 0.000385756226024, 0.0003506722569, 0.000291217729682, 0.000256041792454, 0.000228028729907, 0.000178414018592, 8.72486562002e-05],
        "dvar": [2.17341175812e-06, 0.000117568451969, 3.92753509004e-06, 2.72328134088e-06, 4.35794972873e-05, 2.79574101114e-06, 1.13643443456e-06, 2.71911085292e-06, 7.59119473059e-07, 2.04516823032e-06, 8.51333652463e-07, 8.54184349919e-07, 8.05136437521e-07, 1.33766536692e-06, 4.6680804644e-07, 6.68903965106e-07, 1.89906288028e-07, 1.90292894331e-07, 1.70919221887e-07, 1.28016395706e-07, 1.58643445047e-07, 1.67961829334e-07, 1.2804007099e-07, 9.94202977722e-08, 7.47625108488e-08, 4.95984835425e-08, 1.75490733056e-08],
        "dvar2": [3.39113125847e-06, 0.000241238347371, 1.02828662421e-05, 7.27485439711e-06, 0.000122636760352, 7.89840305515e-06, 3.06972083308e-06, 7.86073360359e-06, 2.03624244932e-06, 5.71732607568e-06, 1.93532855519e-06, 2.00828594643e-06, 2.28197973229e-06, 3.42822590937e-06, 1.2148177575e-06, 1.80361246294e-06, 4.84657959987e-07, 4.85899590785e-07, 4.3701118102e-07, 3.14174428695e-07, 3.18361998097e-07, 3.59745683909e-07, 2.34921870401e-07, 1.97636467192e-07, 1.49347457068e-07, 1.13380252742e-07, 4.71345700248e-08],
        "max": [0.0190238878131, 0.0970421135426, 0.0263869874179, 0.0220547262579, 0.0966821312904, 0.0318911001086, 0.0167609639466, 0.0211818423122, 0.0248368568718, 0.0206609256566, 0.0261014569551, 0.0477270111442, 0.0337114408612, 0.0368781872094, 0.0165052115917, 0.0135691966861, 0.00885601527989, 0.00796074792743, 0.00883266888559, 0.00592695223168, 0.00688986200839, 0.00852441415191, 0.00730647007003, 0.00578366126865, 0.00535286497325, 0.00369456573389, 0.00198605377227],
        "mean": [0.00208269292489, 0.0158655550331, 0.000992336543277, 0.000564126297832, 0.00137038272806, 0.000889161485247, 0.000938534678426, 0.0011468899902, 0.000689555017743, 0.000875170168001, 0.00100044719875, 0.000864763569552, 0.000632590788882, 0.000804540002719, 0.000626562919933, 0.000745808181819, 0.000517448177561, 0.000605832261499, 0.000613907934166, 0.00057136407122, 0.000621828075964, 0.000555665930733, 0.000517152599059, 0.000475720997201, 0.000401246245019, 0.000277555547655, 9.41867838264e-05],
        "median": [6.69785367791e-05, 0.00190250377636, 0.000324538326822, 0.000176579735125, 0.000329019851051, 0.000352769566234, 0.000457612011814, 0.000342899613315, 0.000310946954414, 0.000290150375804, 0.000368637382053, 0.000402758945711, 0.000339349673595, 0.000380703160772, 0.000346566434018, 0.000468106009066, 0.000334842479788, 0.000385304680094, 0.000372003240045, 0.000288746115984, 0.000292709912173, 0.000231504149269, 0.000194588137674, 0.000153786764713, 0.000101181183709, 5.60234875593e-05, 5.43371606909e-06],
        "min": [6.8005884259e-24, 2.04506525657e-23, 6.0630801568e-23, 3.90972149511e-23, 5.46702127444e-23, 4.20926302487e-23, 4.89876121928e-23, 1.96952251634e-23, 4.53304404145e-23, 5.09630776717e-23, 6.2398563126e-23, 1.55629937748e-22, 1.35378666621e-22, 1.95206193217e-22, 1.71327095937e-22, 1.53681287229e-22, 1.12546974674e-22, 1.47338618359e-22, 2.22852271714e-22, 3.57712675652e-22, 4.53153106934e-22, 6.09204182809e-22, 7.72010129466e-22, 7.84963553696e-22, 1.19653270998e-21, 1.43669296861e-21, 2.57058047968e-21],
        "var": [1.29150794237e-05, 0.000425379810622, 3.92405536331e-06, 2.13546718442e-06, 2.75658931059e-05, 2.48303194894e-06, 1.99218152375e-06, 4.75114939036e-06, 1.23048403111e-06, 3.04757782033e-06, 5.80338246436e-06, 3.84827308153e-06, 1.25380347527e-06, 1.86210650099e-06, 7.52286098304e-07, 9.08855099624e-07, 3.65550931747e-07, 4.51566592119e-07, 4.34128509141e-07, 4.82577831917e-07, 7.28592397081e-07, 7.3462859973e-07, 7.2583986821e-07, 5.64180425044e-07, 3.93814246991e-07, 2.08613599284e-07, 5.05731456713e-08]
    },
    "erbbands": {
        "dmean": [0.243291720748, 1.04799079895, 1.15130484104, 1.44259607792, 3.88851261139, 4.5721988678, 4.75002098083, 7.14339971542, 8.85210704803, 15.0267419815, 11.9807758331, 10.6165132523, 16.8478813171, 17.627117157, 22.4549446106, 18.1528701782, 18.501531601, 24.3048343658, 23.4685077667, 20.5189266205, 22.8623771667, 15.6141881943, 14.866560936, 16.044095993, 13.5874767303, 11.0946817398, 11.0090618134, 9.4811668396, 8.43752861023, 7.41135501862, 5.26991796494, 4.02946662903, 2.73464655876, 1.7622770071, 1.15310096741, 0.560939848423, 0.203252628446, 0.0707350149751, 0.00899665057659, 0.000124691272504],
        "dmean2": [0.329732686281, 1.59242224693, 1.70156955719, 2.46833062172, 6.97177028656, 7.81756353378, 8.07738304138, 12.4533491135, 15.4177837372, 25.0575122833, 20.3683109283, 17.9608383179, 28.8914794922, 29.9244213104, 37.0175209045, 30.1557292938, 30.8777294159, 40.6106185913, 38.5249061584, 34.5772171021, 38.9104194641, 25.9392185211, 24.6976795197, 26.9846992493, 22.4105644226, 18.120634079, 17.5929870605, 14.9044351578, 13.351140976, 11.6365070343, 7.8900885582, 6.34934711456, 4.18608140945, 2.70458602905, 1.7979953289, 0.871259391308, 0.317810118198, 0.112692795694, 0.0148407937959, 0.000203383417102],
        "dvar": [0.237734526396, 5.34523057938, 6.62814998627, 12.1026964188, 387.606140137, 413.400634766, 203.690673828, 230.636230469, 267.006896973, 671.031738281, 538.086364746, 427.047546387, 923.724487305, 952.801269531, 1810.24279785, 1200.46911621, 1275.95092773, 3328.97851562, 2045.67773438, 1208.05175781, 1665.46923828, 584.370300293, 473.132476807, 532.423217773, 398.936004639, 279.487731934, 317.995910645, 259.863433838, 266.223175049, 193.922897339, 92.9128723145, 56.7775001526, 28.4154853821, 10.7601575851, 4.53242969513, 1.23645472527, 0.162531718612, 0.0247190594673, 0.000544310139958, 9.04684611669e-08],
        "dvar2": [0.398574113846, 11.3627796173, 15.0129108429, 33.4088973999, 1080.49450684, 1184.37072754, 584.130187988, 653.755126953, 755.357543945, 1804.02978516, 1475.18554688, 1161.94104004, 2545.35913086, 2607.99291992, 4026.78149414, 2891.57324219, 3523.82763672, 8983.86425781, 4909.12988281, 3175.28442383, 4510.04833984, 1492.04492188, 1208.4005127, 1383.24157715, 1010.73413086, 677.607421875, 718.157714844, 550.675231934, 620.570617676, 421.221069336, 187.174224854, 127.079811096, 57.2978286743, 21.2124214172, 10.0075302124, 2.91971755028, 0.368320196867, 0.0628299862146, 0.00148413924035, 2.44152914775e-07],
        "max": [5.09078407288, 23.0457878113, 36.4787101746, 55.0823898315, 301.168518066, 303.667755127, 231.552246094, 275.851226807, 266.067932129, 373.298156738, 592.843933105, 626.190856934, 560.074951172, 384.382415771, 1311.39599609, 2165.96728516, 1445.7668457, 2394.00244141, 998.34954834, 981.891662598, 588.259887695, 492.685943604, 465.615631104, 461.053405762, 351.746643066, 273.022491455, 281.112579346, 322.989990234, 360.196350098, 269.514923096, 212.122711182, 139.424240112, 97.5661010742, 64.9565048218, 37.4161186218, 15.0750837326, 8.71760654449, 3.02001190186, 0.382786631584, 0.00498205889016],
        "mean": [0.762410879135, 2.27549266815, 1.65570640564, 1.58032250404, 3.22591590881, 4.78190517426, 5.30489873886, 8.25994110107, 11.314324379, 24.7462234497, 17.7573204041, 15.4974813461, 23.3903980255, 26.7794399261, 49.6798400879, 31.3592376709, 28.8378353119, 37.574886322, 38.3470001221, 36.565700531, 37.786075592, 29.8573665619, 31.4381980896, 32.9718322754, 30.2434368134, 26.574590683, 26.2068958282, 23.4574394226, 20.0557727814, 17.9282608032, 13.8860826492, 10.9249019623, 7.2690281868, 4.65151453018, 2.79785227776, 1.31708419323, 0.474614441395, 0.150255292654, 0.0154743213207, 0.000281508080661],
        "median": [0.055170789361, 0.354180723429, 0.53056204319, 0.718267321587, 0.702339828014, 1.03929662704, 1.69250428677, 3.1787648201, 5.71035861969, 7.99685287476, 7.81757068634, 7.36249923706, 8.69703674316, 12.8463363647, 19.3980522156, 16.3449630737, 16.063627243, 19.7706279755, 20.6585884094, 23.0535354614, 25.2241516113, 20.044708252, 20.3863945007, 20.4905281067, 17.7481575012, 13.6521453857, 12.9462041855, 10.1665372849, 8.37748146057, 7.37599945068, 5.07001590729, 3.77595186234, 2.17477798462, 1.31163156033, 0.642040610313, 0.275968074799, 0.0938891544938, 0.0219196975231, 0.000969900516793, 7.35381181585e-05],
        "min": [3.92085579347e-22, 5.95722108177e-21, 5.41983051447e-20, 1.29159405889e-19, 1.45941543424e-19, 1.17445455665e-19, 2.7553393959e-19, 3.36302737441e-19, 4.25168921997e-19, 1.08476289754e-18, 4.19756162261e-19, 1.26815132089e-18, 7.24708702788e-19, 2.59972051139e-18, 3.64526915424e-18, 5.58525294972e-18, 5.48045702433e-18, 1.16935189659e-17, 6.74871805005e-18, 8.26523665711e-18, 9.7012304723e-18, 7.81423131736e-18, 7.67250301839e-18, 1.54844604162e-17, 1.19269724958e-17, 1.53516813843e-17, 1.30052520551e-17, 2.18740352559e-17, 2.25257940216e-17, 2.00791013031e-17, 2.19838451366e-17, 1.81015490322e-17, 1.34907888767e-17, 1.20868665082e-17, 8.72318286937e-18, 4.65920274727e-18, 2.9430900079e-18, 1.49220652809e-18, 3.66708268247e-19, 3.41879692529e-20],
        "var": [1.33255493641, 10.7636518478, 10.0076751709, 9.63263130188, 245.693313599, 259.188568115, 151.881072998, 219.747756958, 292.191711426, 1830.25769043, 781.168273926, 670.077453613, 1458.33422852, 1605.96984863, 13124.0341797, 2872.11157227, 2356.18579102, 4182.69042969, 3358.01782227, 2297.16040039, 2132.52001953, 1152.7611084, 1158.71179199, 1209.51245117, 1140.48132324, 1025.75805664, 1177.57727051, 1145.84350586, 997.22467041, 846.176574707, 505.384063721, 289.72253418, 141.81211853, 55.6975440979, 19.0115833282, 4.53347301483, 0.653051912785, 0.0914841741323, 0.00147150608245, 2.97952851724e-07]
    },
    "gfcc": {
        "mean": [17.0092601776, 42.9934387207, -126.250724792, 25.8857135773, -53.2912559509, 15.967423439, -30.8132381439, 13.2635641098, -19.5051670074, 9.71066665649, -13.7622404099, 4.59243392944, -12.8143787384],
        "cov": [[13693.3964844, -3347.39599609, 2088.28417969, 1764.33227539, 401.575805664, 1614.41040039, 293.049285889, 979.031433105, 29.2736053467, 676.701477051, 65.2448654175, 769.891784668, -49.3707313538], [-3347.39599609, 3437.77709961, -425.992919922, -583.401062012, -3.84462475777, -710.956359863, -48.5959396362, -369.824584961, 4.68737983704, -326.782226562, -19.621919632, -396.998077393, 88.5171051025], [2088.28417969, -425.992919922, 1669.50585938, 644.856567383, 450.578308105, 529.369812012, 216.927474976, 391.502319336, 62.89503479, 239.073684692, 33.6287117004, 178.161605835, -5.03322839737], [1764.33227539, -583.401062012, 644.856567383, 1009.84960938, 198.457748413, 393.848602295, 101.349372864, 250.255462646, 63.1299057007, 139.369277954, 46.1090316772, 121.321105957, 30.7110729218], [401.575805664, -3.84462475777, 450.578308105, 198.457748413, 533.828125, 357.769012451, 286.562835693, 165.329406738, 121.457801819, 66.9731903076, 60.5333518982, 77.7812347412, 60.5353469849], [1614.41040039, -710.956359863, 529.369812012, 393.848602295, 357.769012451, 622.31463623, 266.397491455, 318.641571045, 109.432495117, 183.636962891, 59.5583000183, 190.633041382, 37.0875434875], [293.049285889, -48.5959396362, 216.927474976, 101.349372864, 286.562835693, 266.397491455, 313.363372803, 186.52180481, 137.896972656, 76.9280929565, 81.5474853516, 68.1671981812, 50.3711433411], [979.031433105, -369.824584961, 391.502319336, 250.255462646, 165.329406738, 318.641571045, 186.52180481, 313.019226074, 135.011016846, 175.033111572, 61.8579864502, 112.68788147, 9.4936208725], [29.2736053467, 4.68737983704, 62.89503479, 63.1299057007, 121.457801819, 109.432495117, 137.896972656, 135.011016846, 196.596954346, 116.503341675, 76.5510177612, 25.9029960632, 16.5136146545], [676.701477051, -326.782226562, 239.073684692, 139.369277954, 66.9731903076, 183.636962891, 76.9280929565, 175.033111572, 116.503341675, 201.144256592, 77.8502044678, 88.1841659546, -11.2279043198], [65.2448654175, -19.621919632, 33.6287117004, 46.1090316772, 60.5333518982, 59.5583000183, 81.5474853516, 61.8579864502, 76.5510177612, 77.8502044678, 106.271118164, 61.3758354187, 32.0243225098], [769.891784668, -396.998077393, 178.161605835, 121.321105957, 77.7812347412, 190.633041382, 68.1671981812, 112.68788147, 25.9029960632, 88.1841659546, 61.3758354187, 163.881652832, 56.0009765625], [-49.3707313538, 88.5171051025, -5.03322839737, 30.7110729218, 60.5353469849, 37.0875434875, 50.3711433411, 9.4936208725, 16.5136146545, -11.2279043198, 32.0243225098, 56.0009765625, 98.1920928955]],
        "icov": [[0.00015395101218, -6.3686275098e-06, -2.77857325273e-05, -0.000139200361446, 0.000106759543996, -0.000165224555531, -4.79907394038e-05, -2.76374339592e-05, 0.00012640672503, -0.000157715301611, 0.000324896158418, -0.000599964172579, 0.000346057175193], [-6.3686275098e-06, 0.000713071320206, -0.000235865067225, 0.000264375848928, -0.000281657237792, 0.000470233440865, 0.000213042570977, -0.000305674533593, -9.45821011555e-05, 0.000538090185728, -0.00110951520037, 0.0022342633456, -0.00165944744367], [-2.77857325273e-05, -0.000235865067225, 0.00149316701572, -0.000552713230718, -0.0013128957944, 0.000602338695899, 2.12597551581e-05, -0.00119480199646, 0.00152067653835, -0.00161508575547, 0.00126758485567, -0.00107029022183, 0.000891145842616], [-0.000139200361446, 0.000264375848928, -0.000552713230718, 0.00189523422159, 5.6992041209e-05, -0.000966174411587, 0.0013676880626, -0.000822710513603, -0.00039371784078, 0.00116998970043, -0.00198847032152, 0.00234844791703, -0.00171253154986], [0.000106759543996, -0.000281657237792, -0.0013128957944, 5.6992041209e-05, 0.00634567672387, -0.00338851753622, -0.00333840958774, 0.00317188934423, -0.00231948401779, 0.00151349569205, -6.87976425979e-05, 7.40620453143e-05, -0.000460558250779], [-0.000165224555531, 0.000470233440865, 0.000602338695899, -0.000966174411587, -0.00338851753622, 0.00843167677522, -0.00279445224442, -0.0028039382305, 0.00202718842775, -0.00292597617954, 0.00397748779505, -0.00353211467154, 0.000476758636069], [-4.79907394038e-05, 0.000213042570977, 2.12597551581e-05, 0.0013676880626, -0.00333840958774, -0.00279445224442, 0.0129791228101, -0.00585811771452, -0.00288846064359, 0.00609425781295, -0.00761516019702, 0.00395497633144, -0.00221034395508], [-2.76374339592e-05, -0.000305674533593, -0.00119480199646, -0.000822710513603, 0.00317188934423, -0.0028039382305, -0.00585811771452, 0.0147995930165, -0.00415944121778, -0.00536475004628, 0.00479072518647, -0.00350233959034, 0.00165665976238], [0.00012640672503, -9.45821011555e-05, 0.00152067653835, -0.00039371784078, -0.00231948401779, 0.00202718842775, -0.00288846064359, -0.00415944121778, 0.0156162334606, -0.00883126631379, -0.00224908650853, 0.00465438747779, -0.00265900185332], [-0.000157715301611, 0.000538090185728, -0.00161508575547, 0.00116998970043, 0.00151349569205, -0.00292597617954, 0.00609425781295, -0.00536475004628, -0.00883126631379, 0.0223740190268, -0.0113525949419, -0.00135015067644, 0.00506756082177], [0.000324896158418, -0.00110951520037, 0.00126758485567, -0.00198847032152, -6.87976425979e-05, 0.00397748779505, -0.00761516019702, 0.00479072518647, -0.00224908650853, -0.0113525949419, 0.0274191293865, -0.0131476018578, 0.00146983505692], [-0.000599964172579, 0.0022342633456, -0.00107029022183, 0.00234844791703, 7.40620453143e-05, -0.00353211467154, 0.00395497633144, -0.00350233959034, 0.00465438747779, -0.00135015067644, -0.0131476018578, 0.0292664766312, -0.0168474111706], [0.000346057175193, -0.00165944744367, 0.000891145842616, -0.00171253154986, -0.000460558250779, 0.000476758636069, -0.00221034395508, 0.00165665976238, -0.00265900185332, 0.00506756082177, 0.00146983505692, -0.0168474111706, 0.0236686114222]]
    },
    "melbands": {
        "dmean": [0.00179961987305, 0.000807372387499, 0.000312003568979, 0.000316847523209, 0.00017158605624, 0.00015859643463, 0.00013359010336, 0.000174930028152, 9.42470360314e-05, 6.94824339007e-05, 9.06979112187e-05, 7.92217615526e-05, 7.22895783838e-05, 5.77840692131e-05, 4.39464856754e-05, 4.5512784709e-05, 4.80780945509e-05, 4.28734092566e-05, 2.86231243081e-05, 3.32890631398e-05, 2.71399585472e-05, 1.72656837094e-05, 1.61095595104e-05, 1.43349489008e-05, 1.42198387039e-05, 1.17045947263e-05, 9.42209589994e-06, 8.00171164883e-06, 7.85969768913e-06, 6.92910134603e-06, 5.89711044086e-06, 5.15817191626e-06, 4.84995325678e-06, 4.46339254268e-06, 3.3556143535e-06, 3.04872105517e-06, 2.61334571405e-06, 2.24791415349e-06, 1.78602260803e-06, 1.56418093411e-06],
        "dmean2": [0.00247020064853, 0.00120931491256, 0.000536189239938, 0.000555460283067, 0.00029032479506, 0.00027600073372, 0.000231424914091, 0.000293299584882, 0.000160395997227, 0.00011730226106, 0.000155931498739, 0.000135361158755, 0.000118792821013, 9.61074911174e-05, 7.41101321182e-05, 7.67889941926e-05, 8.06456373539e-05, 7.01723402017e-05, 4.79944974359e-05, 5.66423950659e-05, 4.65471384814e-05, 2.88412647933e-05, 2.67002105829e-05, 2.38529428316e-05, 2.41682373598e-05, 1.92416446225e-05, 1.56137648446e-05, 1.3139735529e-05, 1.2962494111e-05, 1.09689408418e-05, 9.41299640544e-06, 8.22648780741e-06, 7.86367490946e-06, 7.07074195816e-06, 5.16438831255e-06, 4.86257022203e-06, 4.17253022533e-06, 3.55207316716e-06, 2.78990319202e-06, 2.41836573878e-06],
        "dvar": [1.15462535177e-05, 3.26385043081e-06, 8.5634263769e-07, 2.5538151931e-06, 3.08079137312e-07, 1.07627514012e-07, 5.52138068599e-08, 1.101463738e-07, 3.35351515446e-08, 1.8881399555e-08, 2.87848127556e-08, 2.26491714272e-08, 1.91844762298e-08, 1.09698570228e-08, 1.02923571887e-08, 9.77076375364e-09, 1.3018993883e-08, 7.41901340362e-09, 2.60552490694e-09, 3.18992210424e-09, 2.32049512938e-09, 7.90928378347e-10, 5.4693199969e-10, 4.83086126657e-10, 4.19635243221e-10, 2.9769917087e-10, 1.98193295109e-10, 1.56613222391e-10, 1.65097754912e-10, 1.37613948015e-10, 1.05531187955e-10, 9.32835683698e-11, 8.18604142805e-11, 7.57143722718e-11, 3.83563389383e-11, 3.24435825427e-11, 2.38046006518e-11, 2.16580191281e-11, 1.1083606255e-11, 8.37558234573e-12],
        "dvar2": [2.22754388233e-05, 6.61081094222e-06, 2.31513490689e-06, 7.20718981029e-06, 8.88084116468e-07, 3.04618453129e-07, 1.54951308673e-07, 3.08157893869e-07, 9.16439262255e-08, 5.1603024076e-08, 7.98219943476e-08, 6.29010230568e-08, 4.29283737446e-08, 2.52075249563e-08, 2.73256208771e-08, 2.73272782181e-08, 3.50580400266e-08, 1.75030478999e-08, 6.88461820886e-09, 8.50369019645e-09, 6.30098062615e-09, 2.0137540524e-09, 1.39455236248e-09, 1.2170260355e-09, 1.11188269702e-09, 7.59038831788e-10, 5.22138221548e-10, 3.90877052947e-10, 4.1836897835e-10, 3.02321945256e-10, 2.41940772971e-10, 2.18523643625e-10, 2.02942593286e-10, 1.71155811746e-10, 8.51319431616e-11, 7.50205453315e-11, 5.49292486496e-11, 4.88525921105e-11, 2.41815074908e-11, 1.72146394362e-11],
        "max": [0.0342724025249, 0.0210113953799, 0.0128131499514, 0.0240301918238, 0.00749879190698, 0.00603469042107, 0.00344667420723, 0.00424975529313, 0.00481589091942, 0.00433293962851, 0.00273297750391, 0.00206680200063, 0.00417557917535, 0.00343983923085, 0.00597513047978, 0.00356432795525, 0.00457237102091, 0.00197273376398, 0.00148766557686, 0.00112210900988, 0.000557679100893, 0.000625961576588, 0.000417608593125, 0.000357621844159, 0.000440728152171, 0.0003636147012, 0.000201651608222, 0.000216540734982, 0.000186384437256, 0.00022170462762, 0.000209938632906, 0.000215179345105, 0.000162869619089, 0.000158845577971, 0.000138564544613, 0.000108705309685, 8.55049875099e-05, 8.57111081132e-05, 6.73697068123e-05, 5.75430094614e-05],
        "mean": [0.00539292767644, 0.00158462754916, 0.00032133894274, 0.000295650970656, 0.000198382811504, 0.000183896539966, 0.000174568325747, 0.000280609616311, 0.000132775952807, 9.7986907349e-05, 0.000121783123177, 0.000108633910713, 0.000158041904797, 0.000109547298052, 6.53090755804e-05, 6.53572860756e-05, 7.05354468664e-05, 6.54373434372e-05, 4.6443532483e-05, 5.32022640982e-05, 4.15545619035e-05, 3.01290874631e-05, 2.97011738439e-05, 2.78776769846e-05, 2.64871250693e-05, 2.33412665693e-05, 1.95486063603e-05, 1.71212377609e-05, 1.65525943885e-05, 1.50044415932e-05, 1.31774759211e-05, 1.14085296445e-05, 1.04313294287e-05, 9.86512714007e-06, 7.89929526945e-06, 7.50994968257e-06, 6.37545008431e-06, 5.27144538864e-06, 4.29322790296e-06, 3.78532831746e-06],
        "median": [0.000520519039128, 0.000501750153489, 0.000128664236399, 6.88280706527e-05, 6.16671095486e-05, 7.4365598266e-05, 8.7786160293e-05, 8.26204050099e-05, 5.55407386855e-05, 4.2432679038e-05, 4.2060353735e-05, 4.55791450804e-05, 5.78089529881e-05, 5.07564182044e-05, 3.08070957544e-05, 3.49316396751e-05, 3.37500314345e-05, 3.15449906338e-05, 2.57715655607e-05, 3.19480968756e-05, 2.67597879429e-05, 1.93899795704e-05, 1.85716380656e-05, 1.71690226125e-05, 1.61225980264e-05, 1.36201097121e-05, 1.0255496818e-05, 8.26443738333e-06, 8.02551221568e-06, 6.51959999232e-06, 5.54030293642e-06, 4.78072706755e-06, 4.20744390794e-06, 3.87853106076e-06, 2.81818688563e-06, 2.54448286796e-06, 2.16455646296e-06, 1.55223403908e-06, 1.28691112877e-06, 9.98578798317e-07],
        "min": [4.61120792981e-24, 2.19494819748e-23, 2.18805244876e-23, 9.84243134327e-24, 8.49195669379e-24, 7.77589187291e-24, 7.99205553816e-24, 1.04967457102e-23, 2.98476409771e-24, 8.17679650697e-24, 3.57091496599e-24, 1.05955734156e-23, 1.0610441077e-23, 1.64287604141e-23, 1.01801253419e-23, 1.64257564318e-23, 2.26889712314e-23, 9.92077154204e-24, 1.34257436528e-23, 7.49471975818e-24, 1.24307021171e-23, 6.53467209222e-24, 9.20745747913e-24, 6.0031313034e-24, 1.42894264372e-23, 4.09757941113e-24, 1.67309651383e-23, 7.46755375519e-24, 7.49229874406e-24, 8.65632217428e-24, 1.34170204289e-23, 1.34512554145e-23, 1.01327621331e-23, 1.14301969308e-23, 1.31736371181e-23, 1.24613761845e-23, 9.91937683596e-24, 8.1566056121e-24, 1.17323488013e-23, 9.28006739229e-24],
        "var": [5.47579875274e-05, 6.35143851468e-06, 6.51760899473e-07, 1.57249769472e-06, 2.28133188784e-07, 1.01508732087e-07, 6.41531201495e-08, 2.55527993431e-07, 4.62768205978e-08, 2.94962294589e-08, 4.48115926588e-08, 3.39427117524e-08, 1.41131607734e-07, 6.40676915964e-08, 1.65281566211e-08, 1.34083304459e-08, 1.59022679469e-08, 1.20503500511e-08, 4.34401625782e-09, 5.16929699046e-09, 2.78322831448e-09, 1.37792566246e-09, 1.20099452605e-09, 1.0388374605e-09, 8.42400760259e-10, 7.13636483241e-10, 5.46417244784e-10, 4.79485173788e-10, 4.77286155043e-10, 4.8415144116e-10, 3.81082332357e-10, 3.2635399938e-10, 2.719736103e-10, 2.8497587623e-10, 1.70459993343e-10, 1.45468054269e-10, 1.01873037783e-10, 7.96310101192e-11, 4.99418735533e-11, 3.79005854478e-11]
    },
    "mfcc": {
        "mean": [-620.44329834, 78.7186355591, -12.2706985474, 14.2773885727, 0.479316800833, 6.20797395706, 1.56835412979, 4.46340799332, 1.6599830389, 4.66391658783, 2.66864490509, 3.72301459312, 2.46208667755],
        "cov": [[9026.47265625, -1686.17224121, 486.092041016, 607.648742676, 617.961853027, 681.518432617, 571.49041748, 584.714172363, 429.402801514, 288.761535645, 224.4453125, 366.346862793, 463.097625732], [-1686.17224121, 2313.50634766, -71.7278823853, -151.702758789, -203.58430481, -276.785919189, -224.694778442, -210.047927856, -131.067016602, -90.2668075562, -97.5879745483, -135.375946045, -206.637237549], [486.092041016, -71.7278823853, 1014.48352051, 362.310119629, 367.621185303, 202.845870972, 240.951919556, 161.489654541, 170.692703247, 130.437103271, 106.7264328, 107.230300903, 91.0462875366], [607.648742676, -151.702758789, 362.310119629, 592.80645752, 223.450073242, 127.534324646, 116.896156311, 93.3398742676, 74.58253479, 81.7077484131, 52.4271774292, 58.8552627563, 17.102148056], [617.961853027, -203.58430481, 367.621185303, 223.450073242, 383.435241699, 263.831359863, 223.158325195, 189.61730957, 161.839477539, 106.33618927, 83.7817153931, 70.9536590576, 90.6924591064], [681.518432617, -276.785919189, 202.845870972, 127.534324646, 263.831359863, 307.05859375, 233.430450439, 193.83039856, 153.344802856, 94.8383178711, 72.5278549194, 70.9060821533, 100.496910095], [571.49041748, -224.694778442, 240.951919556, 116.896156311, 223.158325195, 233.430450439, 297.741851807, 224.24671936, 164.178649902, 99.1614303589, 76.0917434692, 79.3000335693, 114.057495117], [584.714172363, -210.047927856, 161.489654541, 93.3398742676, 189.61730957, 193.83039856, 224.24671936, 245.191757202, 174.425018311, 100.028686523, 69.8442764282, 71.94115448, 106.010246277], [429.402801514, -131.067016602, 170.692703247, 74.58253479, 161.839477539, 153.344802856, 164.178649902, 174.425018311, 195.367630005, 127.563323975, 92.4591522217, 84.9605102539, 95.900352478], [288.761535645, -90.2668075562, 130.437103271, 81.7077484131, 106.33618927, 94.8383178711, 99.1614303589, 100.028686523, 127.563323975, 152.980545044, 115.866027832, 82.9354476929, 62.6144294739], [224.4453125, -97.5879745483, 106.7264328, 52.4271774292, 83.7817153931, 72.5278549194, 76.0917434692, 69.8442764282, 92.4591522217, 115.866027832, 148.902786255, 109.23614502, 73.5852661133], [366.346862793, -135.375946045, 107.230300903, 58.8552627563, 70.9536590576, 70.9060821533, 79.3000335693, 71.94115448, 84.9605102539, 82.9354476929, 109.23614502, 146.115036011, 119.941505432], [463.097625732, -206.637237549, 91.0462875366, 17.102148056, 90.6924591064, 100.496910095, 114.057495117, 106.010246277, 95.900352478, 62.6144294739, 73.5852661133, 119.941505432, 173.837341309]],
