{
"lowlevel": {
    "average_loudness": 0.657840073109,
    "barkbands_crest": {
        "dmean": 2.83770418167,
        "dmean2": 4.49735212326,
        "dvar": 7.30142593384,
        "dvar2": 16.6262378693,
        "max": 26.829668045,
        "mean": 11.4762573242,
        "median": 10.4578838348,
        "min": 2.70436382294,
        "var": 28.7229175568
    },
    "barkbands_flatness_db": {
        "dmean": 0.0268946923316,
        "dmean2": 0.0394591540098,
        "dvar": 0.00101133587305,
        "dvar2": 0.00176128686871,
        "max": 0.690206646919,
        "mean": 0.172353595495,
        "median": 0.147294521332,
        "min": 0.0323396772146,
        "var": 0.00851086247712
    },
    "barkbands_kurtosis": {
        "dmean": 15.0292186737,
        "dmean2": 24.3601436615,
        "dvar": 17547.5234375,
        "dvar2": 50227.7929688,
        "max": 5679.07080078,
        "mean": 19.5803756714,
        "median": 0.648758292198,
        "min": -1.94480895996,
        "var": 29052.09375
    },
    "barkbands_skewness": {
        "dmean": 0.872555315495,
        "dmean2": 1.30618822575,
        "dvar": 2.69507789612,
        "dvar2": 6.56036758423,
        "max": 61.8524627686,
        "mean": 1.60644364357,
        "median": 1.00041890144,
        "min": -6.88884830475,
        "var": 9.95149230957
    },
    "barkbands_spread": {
        "dmean": 10.091753006,
        "dmean2": 16.1985549927,
        "dvar": 202.802352905,
        "dvar2": 515.447021484,
        "max": 115.949584961,
        "mean": 28.3525238037,
        "median": 19.7829933167,
        "min": 0.0292516145855,
        "var": 516.28503418
    },
    "dissonance": {
        "dmean": 0.0197568722069,
        "dmean2": 0.0342867858708,
        "dvar": 0.00051548553165,
        "dvar2": 0.00141593441367,
        "max": 0.500000059605,
        "mean": 0.470809072256,
        "median": 0.479630768299,
        "min": 0.144176140428,
        "var": 0.000899098347872
    },
    "dynamic_complexity": 2.84609293938,
    "erbbands_crest": {
        "dmean": 3.1062707901,
        "dmean2": 5.14461898804,
        "dvar": 9.15913391113,
        "dvar2": 23.0885829926,
        "max": 31.3507461548,
        "mean": 9.7165813446,
        "median": 8.49655342102,
        "min": 2.47138977051,
        "var": 21.2020740509
    },
    "erbbands_flatness_db": {
        "dmean": 0.0224003624171,
        "dmean2": 0.0328603498638,
        "dvar": 0.000507537391968,
        "dvar2": 0.00107774022035,
        "max": 0.484418332577,
        "mean": 0.194016054273,
        "median": 0.194361746311,
        "min": 0.0393510460854,
        "var": 0.00628699036315
    },
    "erbbands_kurtosis": {
        "dmean": 1.81754481792,
        "dmean2": 3.01581120491,
        "dvar": 22.6692276001,
        "dvar2": 60.0460777283,
        "max": 207.791976929,
        "mean": 1.20241808891,
        "median": -0.0862339735031,
        "min": -1.87928128242,
        "var": 32.9359436035
    },
    "erbbands_skewness": {
        "dmean": 0.571418166161,
        "dmean2": 0.900318980217,
        "dvar": 0.420027792454,
        "dvar2": 1.07800996304,
        "max": 12.3657150269,
        "mean": 0.309301167727,
        "median": 0.297526270151,
        "min": -5.07182884216,
        "var": 1.20525884628
    },
    "erbbands_spread": {
        "dmean": 11.250497818,
        "dmean2": 17.621761322,
        "dvar": 291.897827148,
        "dvar2": 606.744750977,
        "max": 189.221572876,
        "mean": 38.6085128784,
        "median": 29.3247032166,
        "min": 1.33363890648,
        "var": 928.977050781
    },
    "hfc": {
        "dmean": 28.6347179413,
        "dmean2": 43.89402771,
        "dvar": 2165.70068359,
        "dvar2": 5284.99462891,
        "max": 556.488220215,
        "mean": 60.8634033203,
        "median": 37.3315963745,
        "min": 1.06178690137e-16,
        "var": 4518.24609375
    },
    "melbands_crest": {
        "dmean": 4.06960725784,
        "dmean2": 6.37399148941,
        "dvar": 17.909318924,
        "dvar2": 39.1954727173,
        "max": 37.8543014526,
        "mean": 18.3392219543,
        "median": 15.9032897949,
        "min": 1.47332239151,
        "var": 90.8440475464
    },
    "melbands_flatness_db": {
        "dmean": 0.0330927707255,
        "dmean2": 0.0475511960685,
        "dvar": 0.00154639862012,
        "dvar2": 0.00255275913514,
        "max": 0.871610760689,
        "mean": 0.216917350888,
        "median": 0.19201220572,
        "min": 0.0025844075717,
        "var": 0.0154129276052
    },
    "melbands_kurtosis": {
        "dmean": 18.8939609528,
        "dmean2": 27.5723876953,
        "dvar": 3780.16796875,
        "dvar2": 6981.25,
        "max": 1017.16070557,
        "mean": 28.4979705811,
        "median": 4.39388370514,
        "min": -1.88467919827,
        "var": 7756.42724609
    },
    "melbands_skewness": {
        "dmean": 1.20341718197,
        "dmean2": 1.706204772,
        "dvar": 4.12887811661,
        "dvar2": 6.95984792709,
        "max": 25.3010540009,
        "mean": 2.93128728867,
        "median": 1.85767817497,
        "min": -5.60377264023,
        "var": 13.8645906448
    },
    "melbands_spread": {
        "dmean": 13.4819307327,
        "dmean2": 21.5631885529,
        "dvar": 412.742523193,
        "dvar2": 995.026794434,
        "max": 274.095703125,
        "mean": 33.3414764404,
        "median": 23.702009201,
        "min": 0.124630212784,
        "var": 1075.85668945
    },
    "pitch_salience": {
        "dmean": 0.0815982967615,
        "dmean2": 0.127546489239,
        "dvar": 0.00752765545622,
        "dvar2": 0.0163770709187,
        "max": 0.972526848316,
        "mean": 0.512515962124,
        "median": 0.540491819382,
        "min": 0.0291262436658,
        "var": 0.0350343286991
    },
    "silence_rate_20dB": {
        "dmean": 0,
        "dmean2": 0,
        "dvar": 0,
        "dvar2": 0,
        "max": 1,
        "mean": 1,
        "median": 1,
        "min": 1,
        "var": 0
    },
    "silence_rate_30dB": {
        "dmean": 0.0531349629164,
        "dmean2": 0.10628606379,
        "dvar": 0.0503138825297,
        "dvar2": 0.11776188761,
        "max": 1,
        "mean": 0.888585329056,
        "median": 1,
        "min": 0,
        "var": 0.0989984050393
    },
    "silence_rate_60dB": {
        "dmean": 0.0173068158329,
        "dmean2": 0.0346188880503,
        "dvar": 0.0170075837523,
        "dvar2": 0.037978399545,
        "max": 1,
        "mean": 0.0549483895302,
        "median": 0,
        "min": 0,
        "var": 0.0519309714437
    },
    "spectral_centroid": {
        "dmean": 389.552032471,
        "dmean2": 610.414611816,
        "dvar": 266766.0625,
        "dvar2": 607908.625,
        "max": 11817.0322266,
        "mean": 1842.77282715,
        "median": 1655.39648438,
        "min": 71.7647399902,
        "var": 1485458.375
    },
    "spectral_complexity": {
        "dmean": 4.99650812149,
        "dmean2": 7.39143657684,
        "dvar": 32.0227127075,
        "dvar2": 61.224319458,
        "max": 58,
        "mean": 22.228597641,
        "median": 23,
        "min": 0,
        "var": 145.292648315
    },
    "spectral_decrease": {
        "dmean": 3.14983350513e-09,
        "dmean2": 4.58469973097e-09,
        "dvar": 1.9368654073e-17,
        "dvar2": 3.64948512838e-17,
        "max": 1.44314264075e-28,
        "mean": -1.16096607883e-08,
        "median": -7.14427716986e-09,
        "min": -5.09833810725e-08,
        "var": 1.05849909005e-16
    },
    "spectral_energy": {
        "dmean": 0.0125661371276,
        "dmean2": 0.0181642789394,
        "dvar": 0.000298865081277,
        "dvar2": 0.000572110409848,
        "max": 0.197310701013,
        "mean": 0.0493378825486,
        "median": 0.0317077599466,
        "min": 9.97896554597e-21,
        "var": 0.0017122705467
    },
    "spectral_energyband_high": {
        "dmean": 0.00310432468541,
        "dmean2": 0.00485683092847,
        "dvar": 3.16636796924e-05,
        "dvar2": 8.07481410448e-05,
        "max": 0.068884447217,
        "mean": 0.00493816612288,
        "median": 0.00171789363958,
        "min": 7.14171423448e-21,
        "var": 5.44954455108e-05
    },
    "spectral_energyband_low": {
        "dmean": 0.00908454507589,
        "dmean2": 0.0126330461353,
        "dvar": 0.000279392173979,
        "dvar2": 0.000489509897307,
        "max": 0.156926095486,
        "mean": 0.0255923178047,
        "median": 0.000673998962156,
        "min": 1.81477609018e-23,
        "var": 0.00139471841976
    },
    "spectral_energyband_middle_high": {
        "dmean": 0.00412160158157,
        "dmean2": 0.00624028826132,
        "dvar": 3.85261446354e-05,
        "dvar2": 6.97629366186e-05,
        "max": 0.112957678735,
        "mean": 0.0114154657349,
        "median": 0.00877915322781,
        "min": 1.21993671105e-21,
        "var": 0.000170250626979
    },
    "spectral_energyband_middle_low": {
        "dmean": 0.00467717228457,
        "dmean2": 0.00793275143951,
        "dvar": 0.000105187566078,
        "dvar2": 0.000295189791359,
        "max": 0.113910332322,
        "mean": 0.00748242810369,
        "median": 0.00478187622502,
        "min": 1.86017755963e-22,
        "var": 9.34518830036e-05
    },
    "spectral_entropy": {
        "dmean": 0.190488696098,
        "dmean2": 0.281272739172,
        "dvar": 0.0516992472112,
        "dvar2": 0.114075139165,
        "max": 9.82472038269,
        "mean": 7.7834148407,
        "median": 7.93829679489,
        "min": 3.87026524544,
        "var": 0.589076042175
    },
    "spectral_flux": {
        "dmean": 0.0309391189367,
        "dmean2": 0.0482504442334,
        "dvar": 0.00143191264942,
        "dvar2": 0.00270563433878,
        "max": 0.437080860138,
        "mean": 0.116846978664,
        "median": 0.107649460435,
        "min": 6.49008694009e-11,
        "var": 0.00460092863068
    },
    "spectral_kurtosis": {
        "dmean": 3.09747362137,
        "dmean2": 5.2253947258,
        "dvar": 47.0745391846,
        "dvar2": 135.793487549,
        "max": 170.043624878,
        "mean": 6.92246675491,
        "median": 2.37734389305,
        "min": -1.25129747391,
        "var": 290.737335205
    },
    "spectral_rms": {
        "dmean": 0.000919885467738,
        "dmean2": 0.00134524982423,
        "dvar": 1.28235944885e-06,
        "dvar2": 2.44764305535e-06,
        "max": 0.0138743733987,
        "mean": 0.00622998643667,
        "median": 0.00556187005714,
        "min": 3.12018856932e-12,
        "var": 9.32198599912e-06
    },
    "spectral_rolloff": {
        "dmean": 1108.74377441,
        "dmean2": 1911.92321777,
        "dvar": 3789395.75,
        "dvar2": 8987112,
        "max": 19358.3496094,
        "mean": 2660.79931641,
        "median": 1571.92382812,
        "min": 21.533203125,
        "var": 8831189
    },
    "spectral_skewness": {
        "dmean": 0.365952342749,
        "dmean2": 0.582087576389,
        "dvar": 0.224073469639,
        "dvar2": 0.592088103294,
        "max": 10.6864643097,
        "mean": 1.53386926651,
        "median": 1.30907547474,
        "min": -0.517069816589,
        "var": 1.54125976562
    },
    "spectral_spread": {
        "dmean": 776037.0625,
        "dmean2": 1168792.125,
        "dvar": 1.49119513395e+12,
        "dvar2": 2.90489919078e+12,
        "max": 41844324,
        "mean": 5858252.5,
        "median": 5497823,
        "min": 508026.25,
        "var": 1.75041234862e+13
    },
    "spectral_strongpeak": {
        "dmean": 0.728274464607,
        "dmean2": 1.27726995945,
        "dvar": 1.70587527752,
        "dvar2": 4.64073753357,
        "max": 23.1912574768,
        "mean": 1.17498588562,
        "median": 0.650701284409,
        "min": 0,
        "var": 2.14669346809
    },
    "zerocrossingrate": {
        "dmean": 0.0168100837618,
        "dmean2": 0.0201448258013,
        "dvar": 0.000459243921796,
        "dvar2": 0.000579948478844,
        "max": 0.69775390625,
        "mean": 0.086799480021,
        "median": 0.0693359375,
        "min": 0.001953125,
        "var": 0.00505805760622
    },
    "barkbands": {
        "dmean": [0.0025994644966, 0.00700163841248, 0.0022427267395, 0.000856224622112, 0.000963530852459, 0.00100970384665, 0.00117442512419, 0.000709275249392, 0.00112068792805, 0.00177627359517, 0.00144624779932, 0.00137998710852, 0.00120062206406, 0.000798688037321, 0.000568874122109, 0.000431091088103, 0.000466982077342, 0.000234762133914, 0.000104109371023, 0.000121894940094, 0.000295059988275, 0.000544449489098, 0.00084169046022, 0.0010480703786, 0.000404236547183, 0.000235558938584, 8.033629274e-05],
        "dmean2": [0.00364430202171, 0.00966106168926, 0.00381189701147, 0.00158059387468, 0.00169785390608, 0.00169905344956, 0.00196986808442, 0.00116148137022, 0.00185927643906, 0.00282050389796, 0.00223567686044, 0.00223311665468, 0.00194465299137, 0.00132462510373, 0.000922032399103, 0.000715879315976, 0.00075127434684, 0.000385723804357, 0.00017095815565, 0.000201462040422, 0.000463683158159, 0.000866004033014, 0.00138344569132, 0.00174939027056, 0.000611702213064, 0.000346638029441, 0.000120611439343],
        "dvar": [4.01681318181e-05, 0.000185246957699, 9.74233043962e-05, 1.92240277102e-05, 1.23983681988e-05, 6.18890180704e-06, 6.19712818661e-06, 3.26693998431e-06, 5.97451935391e-06, 8.46613602334e-06, 5.60235093872e-06, 6.79834784023e-06, 7.26593771105e-06, 3.26444364873e-06, 1.20036111184e-06, 6.82239544858e-07, 7.59440752063e-07, 2.46837288387e-07, 2.87906516405e-08, 4.35760298956e-08, 3.12300585392e-07, 1.24357165987e-06, 3.15808802043e-06, 5.15980946147e-06, 6.24015171979e-07, 2.29308128041e-07, 3.9725406964e-08],
        "dvar2": [8.66718473844e-05, 0.000310330709908, 0.000260366854491, 5.66635353607e-05, 3.59563528036e-05, 1.66188674484e-05, 1.68293754541e-05, 8.05060881248e-06, 1.53450982907e-05, 2.06401000469e-05, 1.25686228785e-05, 1.70189468918e-05, 1.91839772015e-05, 8.62139404489e-06, 2.83066765405e-06, 1.77327183337e-06, 1.77587776307e-06, 6.5198696575e-07, 7.17696693187e-08, 1.09348853528e-07, 7.46390753648e-07, 2.92407094094e-06, 7.70646693127e-06, 1.34873307616e-05, 1.41936743603e-06, 5.00866065067e-07, 8.56882635958e-08],
        "max": [0.12737184763, 0.132482692599, 0.105805262923, 0.0603258870542, 0.0444502905011, 0.063066214323, 0.0470239035785, 0.0745216459036, 0.0567124076188, 0.0520206391811, 0.0230726823211, 0.0326837971807, 0.0460651703179, 0.024582773447, 0.0202087480575, 0.0136595824733, 0.0150813879445, 0.0115936519578, 0.00370138604194, 0.00347008835524, 0.0094484211877, 0.0238829087466, 0.0362952165306, 0.0330676622689, 0.0168059002608, 0.00813601259142, 0.00281112641096],
        "mean": [0.00550184305757, 0.0181455742568, 0.00213526561856, 0.000685213541146, 0.000989615335129, 0.0012697315542, 0.00159363390412, 0.000871373340487, 0.00149475946091, 0.00229543168098, 0.00183485285379, 0.00193955237046, 0.00174015481025, 0.00110397173557, 0.000851906719618, 0.000639819656499, 0.000712383422069, 0.000364582781913, 0.000171187668457, 0.000189693571883, 0.000512289465405, 0.000907220528461, 0.00104788830504, 0.0011844499968, 0.000645971042104, 0.000387866195524, 0.000121608427435],
        "median": [8.86069210537e-06, 5.69793264731e-05, 0.000115036011266, 0.000133242312586, 0.000324681634083, 0.000304265820887, 0.000367971078958, 0.000224642950343, 0.000426464772318, 0.000893657794222, 0.000461627321783, 0.00056107644923, 0.00042887404561, 0.000347566383425, 0.000342494866345, 0.000316658173688, 0.000362369930372, 0.000207681558095, 0.000106785460957, 9.67084124568e-05, 0.000235829444136, 0.000307588430587, 0.000222711110837, 0.000173056381755, 6.51421578368e-05, 1.74096894625e-05, 6.39333279651e-07],
        "min": [1.19737429993e-24, 4.71437831444e-24, 7.126041374e-25, 7.15701994175e-25, 1.08289176825e-23, 1.16312846752e-23, 1.3560222349e-23, 4.97998659793e-24, 2.49564698619e-23, 1.14738075282e-23, 2.26756883914e-23, 2.78650063303e-23, 2.66052554181e-23, 2.04921718929e-23, 5.8964007895e-23, 5.87314769437e-23, 9.8794301819e-23, 6.49718210879e-23, 1.548676583e-22, 1.86967784307e-22, 2.01603678454e-22, 2.96955744692e-22, 4.6226865344e-22, 6.42120962869e-22, 8.41282769722e-22, 1.26496413421e-21, 1.97960375481e-21],
        "var": [0.000102262012661, 0.000804607756436, 6.77697171341e-05, 1.04331165858e-05, 8.36095478007e-06, 8.00350971986e-06, 9.94428683043e-06, 5.34383889317e-06, 8.73082262842e-06, 1.16843484648e-05, 9.01550902199e-06, 1.31526485347e-05, 1.45683115989e-05, 4.73689942737e-06, 2.24591371989e-06, 9.88742954178e-07, 1.21125708574e-06, 3.22556275023e-07, 4.77633612661e-08, 7.26777926729e-08, 5.63057824365e-07, 2.69672045761e-06, 4.7639314289e-06, 5.83898236073e-06, 1.35726372719e-06, 4.68268893883e-07, 6.59242900269e-08]
    },
    "erbbands": {
        "dmean": [0.401925116777, 1.03742980957, 2.33560085297, 2.8252351284, 2.60103964806, 3.54023885727, 5.46247386932, 9.33583831787, 15.0585050583, 15.6109390259, 19.3084506989, 25.0003223419, 39.3652610779, 53.9287071228, 37.4173431396, 57.1411819458, 52.4273757935, 39.8917121887, 30.5913085938, 28.0629005432, 24.0354728699, 24.0507507324, 13.2472801208, 8.47851467133, 3.36848640442, 5.49235534668, 9.91336917877, 13.864566803, 18.7174625397, 19.9679698944, 28.6753883362, 22.9300785065, 16.5597286224, 5.24284505844, 2.76238298416, 1.20152044296, 0.407591313124, 0.117105089128, 0.0136894341558, 0.000213303355849],
        "dmean2": [0.535629272461, 1.38997030258, 3.75308799744, 5.01178407669, 4.71921157837, 6.21767902374, 8.89434242249, 16.0477275848, 25.3741416931, 25.8882789612, 31.8290462494, 41.1595993042, 63.7668151855, 86.5862045288, 58.532989502, 92.3322067261, 85.7154464722, 63.2403259277, 48.9290733337, 44.1396751404, 39.1468544006, 38.2282028198, 21.5027561188, 13.8501911163, 5.28121995926, 9.05432701111, 15.5748615265, 21.9019603729, 29.8081626892, 31.8777427673, 48.5405349731, 38.4815139771, 27.6073207855, 8.11536407471, 4.22593259811, 1.79884135723, 0.6034476161, 0.171018972993, 0.0209140498191, 0.00031588904676],
        "dvar": [0.544872164726, 7.46483135223, 95.3345870972, 185.221054077, 145.640838623, 152.20123291, 229.337371826, 622.70690918, 1110.84118652, 1313.40209961, 2317.89160156, 3246.12670898, 4355.28271484, 8108.74365234, 5886.17333984, 11214.1611328, 12600.1357422, 7153.12158203, 4885.5625, 2549.69238281, 2101.91333008, 2153.2121582, 759.842102051, 183.490036011, 35.3113937378, 89.3115234375, 333.712432861, 646.256591797, 1475.80932617, 1617.90148926, 4082.69702148, 2698.22583008, 1254.54296875, 97.3091812134, 38.2492256165, 7.00878095627, 0.66013032198, 0.0652279034257, 0.00120525772218, 2.40874044266e-07],
        "dvar2": [0.873849630356, 13.6056432724, 235.064697266, 527.863586426, 433.572753906, 441.947753906, 590.866821289, 1709.79577637, 3049.66259766, 3440.20922852, 5970.63476562, 8391.02734375, 11408.1230469, 20074.3164062, 13374.1240234, 27354.3710938, 33610.078125, 16829.2792969, 11826.7578125, 5883.6171875, 5350.10400391, 4899.25439453, 1952.11791992, 470.816986084, 78.2564544678, 219.169281006, 777.64050293, 1604.13745117, 3437.29882812, 3922.65771484, 10509.6494141, 6930.86914062, 3287.84155273, 232.243469238, 85.9817428589, 15.8855981827, 1.44924533367, 0.131848692894, 0.00271725840867, 5.25679013208e-07],
        "max": [6.4546918869, 32.1798095703, 109.665565491, 180.488342285, 148.031021118, 153.336471558, 436.637481689, 715.886230469, 640.270263672, 921.02520752, 1704.71777344, 1561.16479492, 1014.69042969, 1928.67529297, 1166.54260254, 1323.20922852, 1758.76074219, 1144.74523926, 1103.31359863, 858.562194824, 927.740661621, 981.401794434, 614.397644043, 205.907089233, 195.105773926, 161.264831543, 309.396240234, 417.014953613, 835.145080566, 795.257019043, 1143.57727051, 952.715515137, 332.781433105, 149.444061279, 190.025299072, 76.7181625366, 9.70677471161, 3.24334311485, 0.47408503294, 0.00664305919781],
        "mean": [1.04796528816, 1.99711048603, 2.4228682518, 2.62400650978, 2.34392547607, 3.63703012466, 6.65184020996, 11.1292142868, 20.1579418182, 21.4765625, 25.3583526611, 33.9015235901, 53.3441352844, 90.2812957764, 57.2700233459, 85.0669021606, 82.8721694946, 60.7063026428, 45.7358894348, 43.7944259644, 38.3357124329, 37.9552268982, 21.8272972107, 14.3895597458, 6.03090000153, 8.92875576019, 16.7758026123, 23.572385788, 31.372543335, 30.2685871124, 32.5118217468, 25.3714504242, 18.9878902435, 7.88199186325, 4.36997175217, 1.8807309866, 0.665984034538, 0.198835030198, 0.0200777240098, 0.000375564268325],
        "median": [0.00175762828439, 0.0133414631709, 0.139855057001, 0.487588047981, 0.822052419186, 0.942457795143, 1.68416714668, 2.56932044029, 4.34018039703, 6.12538671494, 7.20868396759, 10.1080827713, 23.5208129883, 27.8431987762, 19.8349533081, 26.1283836365, 23.8206329346, 19.6712608337, 17.6820793152, 21.5067825317, 19.9412498474, 20.09425354, 12.9260578156, 8.4315071106, 3.57167625427, 4.65605640411, 7.948533535, 10.069065094, 11.0128364563, 8.4213218689, 6.51808166504, 4.63460636139, 2.35430073738, 0.863357305527, 0.385973989964, 0.117477588356, 0.0267711821944, 0.00413159187883, 0.000164355733432, 6.14141463302e-05],
        "min": [1.11755942824e-22, 5.00344003218e-22, 1.1903648022e-21, 6.04083619778e-21, 6.1208085687e-21, 4.07263763995e-20, 9.04912390302e-20, 8.27999327489e-20, 2.1226780592e-19, 1.44788621671e-19, 3.43766775849e-19, 5.88246080497e-19, 6.11002801425e-19, 5.29605540813e-19, 1.1895093989e-18, 1.30895769147e-18, 1.72839420012e-18, 1.20879904399e-18, 2.34131301034e-18, 3.30869391248e-18, 5.15737888863e-18, 5.48452220345e-18, 4.36743008904e-18, 7.23222786555e-18, 6.5465054775e-18, 9.01004000682e-18, 1.01918130956e-17, 1.00705558625e-17, 1.03651587192e-17, 1.30171229241e-17, 1.11224723485e-17, 1.31982349464e-17, 9.41707738828e-18, 8.69107668107e-18, 6.16318088266e-18, 4.8499431519e-18, 2.38010488594e-18, 9.20664222686e-19, 2.42947883141e-19, 2.83358150531e-20],
        "var": [2.68117308617, 18.3207530975, 80.7528305054, 110.699996948, 81.0575561523, 109.960166931, 256.632049561, 685.003356934, 1643.73132324, 2281.95849609, 3331.67675781, 4783.20898438, 5938.37060547, 16653.4785156, 11892.8847656, 23603.9101562, 27769.3691406, 13702.4179688, 8314.79589844, 4529.7265625, 3234.91308594, 3549.0378418, 1048.57458496, 332.270690918, 69.270614624, 159.70614624, 620.911743164, 1176.42871094, 3145.65576172, 3208.640625, 4959.10351562, 3093.14941406, 1451.7532959, 188.175445557, 78.517868042, 12.6501941681, 1.36170399189, 0.139652401209, 0.00186579651199, 4.33968750713e-07]
    },
    "gfcc": {
        "mean": [-11.9719295502, 54.8696098328, -131.572433472, 9.41915607452, -60.4226989746, 22.4913825989, -30.5017662048, 1.32190871239, -14.5205354691, -2.31484699249, -18.0921535492, 4.79847574234, -8.65993213654],
        "cov": [[23927.4101562, -5051.41943359, -610.224060059, 968.871032715, -875.876708984, 1660.95141602, -243.969528198, 893.556640625, -117.140235901, 516.292175293, -465.84677124, 810.013427734, -76.2402267456], [-5051.41943359, 5664.56640625, -1473.29638672, -789.969970703, 488.007476807, -1592.45471191, 20.8970966339, -855.075012207, 146.225509644, -371.554779053, 225.32774353, -487.672698975, 141.46925354], [-610.224060059, -1473.29638672, 4246.57275391, 951.178527832, 1186.23217773, 1636.16625977, 853.395019531, 976.735534668, 185.710586548, 329.185943604, 104.515686035, 486.187103271, 3.26451849937], [968.871032715, -789.969970703, 951.178527832, 1059.21813965, 253.618927002, 478.068084717, 225.618606567, 229.91192627, 100.303733826, 91.9270172119, 13.7307138443, 114.723251343, 25.0455722809], [-875.876708984, 488.007476807, 1186.23217773, 253.618927002, 1113.97961426, 504.323669434, 640.916320801, 334.907653809, 149.815719604, 111.098434448, 77.5800628662, 179.913467407, 59.0857505798], [1660.95141602, -1592.45471191, 1636.16625977, 478.068084717, 504.323669434, 1325.65283203, 547.740905762, 665.23840332, 101.983222961, 189.103103638, 13.7652416229, 299.124267578, -31.5737533569], [-243.969528198, 20.8970966339, 853.395019531, 225.618606567, 640.916320801, 547.740905762, 697.202575684, 354.147216797, 114.603347778, 97.1316680908, 48.2027778625, 149.524169922, 36.8910446167], [893.556640625, -855.075012207, 976.735534668, 229.91192627, 334.907653809, 665.23840332, 354.147216797, 540.922241211, 82.7717056274, 127.673019409, -10.0690355301, 176.154922485, -0.696579396725], [-117.140235901, 146.225509644, 185.710586548, 100.303733826, 149.815719604, 101.983222961, 114.603347778, 82.7717056274, 184.066955566, 56.6291313171, 48.5082588196, 13.9484539032, 12.3493242264], [516.292175293, -371.554779053, 329.185943604, 91.9270172119, 111.098434448, 189.103103638, 97.1316680908, 127.673019409, 56.6291313171, 193.181945801, 51.0252304077, 75.4530715942, -3.10419249535], [-465.84677124, 225.32774353, 104.515686035, 13.7307138443, 77.5800628662, 13.7652416229, 48.2027778625, -10.0690355301, 48.5082588196, 51.0252304077, 150.677581787, 27.5226020813, 20.2844257355], [810.013427734, -487.672698975, 486.187103271, 114.723251343, 179.913467407, 299.124267578, 149.524169922, 176.154922485, 13.9484539032, 75.4530715942, 27.5226020813, 225.263504028, 41.0565071106], [-76.2402267456, 141.46925354, 3.26451849937, 25.0455722809, 59.0857505798, -31.5737533569, 36.8910446167, -0.696579396725, 12.3493242264, -3.10419249535, 20.2844257355, 41.0565071106, 111.498962402]],
        "icov": [[9.10508533707e-05, -6.99277807144e-05, 0.000135965121444, -0.000125475373352, 0.00010153502808, -0.000212122453377, 0.0001484441309, -0.000128384577692, 7.64109427109e-05, -0.00032845424721, 0.000372539274395, -0.000463770848, 9.67856831267e-05], [-6.99277807144e-05, 0.000815294391941, -0.000196669265279, 0.00042889273027, -0.000711404834874, 0.000943922495935, -0.000561068474781, 0.000584469584282, -0.000726422353182, 0.00128337659407, -0.00121344684158, 0.00130395789165, -0.000482469447888], [0.000135965121444, -0.000196669265279, 0.000842737732455, -0.000476080051158, -0.000209019213798, -0.000759088434279, 0.000517930660862, -0.000679557851981, 0.000392850051867, -0.000706164806616, 0.00038809995749, -0.00103528937325, 0.000392408372136], [-0.000125475373352, 0.00042889273027, -0.000476080051158, 0.00159783801064, -0.000304568588035, 0.00028816840495, -0.000449644576292, 0.000752293155529, -0.00089994946029, 0.000786594406236, -0.000606096698903, 0.00117240822874, -0.00077834847616], [0.00010153502808, -0.000711404834874, -0.000209019213798, -0.000304568588035, 0.0029605734162, -0.000529897864908, -0.00133306230418, -0.000267731578788, 2.5484937396e-06, -0.00113239593338, 0.0011493867496, -0.0016514279414, 0.000134234142024], [-0.000212122453377, 0.000943922495935, -0.000759088434279, 0.00028816840495, -0.000529897864908, 0.00410446338356, -0.00161744712386, -0.00117243430577, -0.00077315577073, 0.00183713785373, -0.00184962595813, 0.000779030146077, 0.00077214097837], [0.0001484441309, -0.000561068474781, 0.000517930660862, -0.000449644576292, -0.00133306230418, -0.00161744712386, 0.00454166065902, -0.00151442084461, 0.000296725920634, -0.000958719465416, 0.000696695118677, -0.0010045823874, -0.000180908187758], [-0.000128384577692, 0.000584469584282, -0.000679557851981, 0.000752293155529, -0.000267731578788, -0.00117243430577, -0.00151442084461, 0.00655196374282, -0.00161431718152, 6.25861457593e-06, 0.000815666629933, 0.000610666058492, -0.000820852641482], [7.64109427109e-05, -0.000726422353182, 0.000392850051867, -0.00089994946029, 2.5484937396e-06, -0.00077315577073, 0.000296725920634, -0.00161431718152, 0.00806676596403, -0.00242999289185, -0.00081616465468, 0.000281915446976, -8.04047595011e-05], [-0.00032845424721, 0.00128337659407, -0.000706164806616, 0.000786594406236, -0.00113239593338, 0.00183713785373, -0.000958719465416, 6.25861457593e-06, -0.00242999289185, 0.0100709553808, -0.00473240623251, 0.00148119439837, 0.000293667049846], [0.000372539274395, -0.00121344684158, 0.00038809995749, -0.000606096698903, 0.0011493867496, -0.00184962595813, 0.000696695118677, 0.000815666629933, -0.00081616465468, -0.00473240623251, 0.0113754272461, -0.00378331798129, -0.000156863185111], [-0.000463770848, 0.00130395789165, -0.00103528937325, 0.00117240822874, -0.0016514279414, 0.000779030146077, -0.0010045823874, 0.000610666058492, 0.000281915446976, 0.00148119439837, -0.00378331798129, 0.0117947785184, -0.00441750418395], [9.67856831267e-05, -0.000482469447888, 0.000392408372136, -0.00077834847616, 0.000134234142024, 0.00077214097837, -0.000180908187758, -0.000820852641482, -8.04047595011e-05, 0.000293667049846, -0.000156863185111, -0.00441750418395, 0.0116848675534]]
    },
    "melbands": {
        "dmean": [0.00269654928707, 0.00110570003744, 0.000472816842375, 0.000214937535929, 0.00018273536989, 0.000210346552194, 0.000232532634982, 0.000160079012858, 0.000179725509952, 0.000151557440404, 0.000213896244531, 0.000224948904361, 0.000144721037941, 0.000152031207108, 0.000152819993673, 9.94612491922e-05, 7.9276622273e-05, 5.3835734434e-05, 4.40245676145e-05, 3.33063326252e-05, 3.07286754833e-05, 2.9365395676e-05, 1.67286179931e-05, 1.06271600089e-05, 7.21177639207e-06, 3.01712179862e-06, 2.4423211471e-06, 4.23783876613e-06, 6.01355804974e-06, 7.83540508564e-06, 8.72406781127e-06, 1.07177684185e-05, 1.25311516967e-05, 1.10701475933e-05, 1.73363496287e-05, 1.41643413372e-05, 1.41821583384e-05, 1.35380478241e-05, 6.97989025866e-06, 3.82802909371e-06],
        "dmean2": [0.00355834327638, 0.00159692356829, 0.000834528938867, 0.000386141153285, 0.000300237239571, 0.000359342026059, 0.000391145469621, 0.000262728251982, 0.000297462160233, 0.000251970166573, 0.000345874082996, 0.000365176761989, 0.000224039773457, 0.000246418785537, 0.000252012716373, 0.000160038864124, 0.000129249456222, 8.73965400388e-05, 7.13583067409e-05, 5.38249660167e-05, 5.0602673582e-05, 4.72758401884e-05, 2.72778906947e-05, 1.75349014171e-05, 1.19590677059e-05, 4.90668662678e-06, 3.90017430618e-06, 7.12647397449e-06, 9.60363740887e-06, 1.25599699459e-05, 1.39360308822e-05, 1.71144383785e-05, 2.0168523406e-05, 1.7555003069e-05, 2.95134032058e-05, 2.36157502513e-05, 2.3904889531e-05, 2.28469671129e-05, 1.11896124508e-05, 5.93400409343e-06],
        "dvar": [2.31437679759e-05, 1.45918993439e-05, 4.99648513141e-06, 7.56890131015e-07, 2.54551906664e-07, 2.86668864646e-07, 2.47024274813e-07, 1.29193026055e-07, 1.84921105983e-07, 1.1251440668e-07, 1.25368003978e-07, 1.43036317013e-07, 5.98256164608e-08, 1.07048755638e-07, 8.95312766147e-08, 4.89946252458e-08, 3.14104831034e-08, 1.72067782245e-08, 6.81322953611e-09, 3.68991281974e-09, 3.59908991499e-09, 3.31881477855e-09, 1.31144561877e-09, 4.16313011842e-10, 1.37992242633e-10, 3.17297264851e-11, 1.81694607276e-11, 5.564007588e-11, 1.22049398366e-10, 2.47469933434e-10, 2.49032711119e-10, 4.80064765718e-10, 7.86358145266e-10, 4.87246631931e-10, 1.52953261168e-09, 9.85655779218e-10, 1.07039321851e-09, 8.8853091551e-10, 2.09137734908e-10, 5.31360962175e-11],
        "dvar2": [3.7131478166e-05, 3.09743554681e-05, 1.41279278978e-05, 2.25538769882e-06, 6.62607249069e-07, 7.85102599821e-07, 6.74832449477e-07, 3.26228217773e-07, 4.86506337438e-07, 2.91994894042e-07, 3.1961766922e-07, 3.58102624887e-07, 1.36197769507e-07, 2.66635680646e-07, 2.30655288647e-07, 1.24223575426e-07, 7.97761998683e-08, 4.29657163181e-08, 1.61442148539e-08, 9.11672870529e-09, 9.28723942195e-09, 7.65393703972e-09, 3.43527561952e-09, 1.0701527442e-09, 3.61858848441e-10, 7.57570811638e-11, 4.21390214389e-11, 1.40888731237e-10, 2.97105784419e-10, 6.16234729911e-10, 6.25757667905e-10, 1.13225817611e-09, 1.96364169369e-09, 1.14979337162e-09, 3.90932219929e-09, 2.47327047731e-09, 2.74366684927e-09, 2.35976371776e-09, 5.16393428018e-10, 1.2582911102e-10],
        "max": [0.0427301451564, 0.0462683178484, 0.0299886986613, 0.0108187533915, 0.0133714992553, 0.0147177353501, 0.00867138057947, 0.00857556331903, 0.0123075665906, 0.00951148103923, 0.00557392742485, 0.0085422443226, 0.00318128871731, 0.00445761391893, 0.00435655843467, 0.00372473848984, 0.00241932063363, 0.00202671461739, 0.00126261287369, 0.00105727114715, 0.00125727779232, 0.00123082648497, 0.000892811105587, 0.000417442555772, 0.000160468378454, 0.000158447219292, 0.000116121264, 0.000119276191981, 0.000207106233574, 0.000272824050626, 0.000202002978767, 0.000449423503596, 0.000754151202273, 0.000450122868642, 0.000810023921076, 0.000644865911454, 0.00064241088694, 0.000291912117973, 0.000202030074433, 0.000125492297229],
        "mean": [0.00701610092074, 0.0016365830088, 0.000452052510809, 0.000208082565223, 0.000220451955101, 0.000261359469732, 0.000312854273943, 0.000217787353904, 0.00023470823362, 0.00020098449022, 0.000273075158475, 0.000369758025045, 0.000200626513106, 0.000200666865567, 0.00023751493427, 0.000147258600919, 0.000110606721137, 7.44889330235e-05, 6.55094481772e-05, 4.79810514662e-05, 4.54654618807e-05, 4.3304542487e-05, 2.46991385211e-05, 1.63336480909e-05, 1.14684835353e-05, 4.79620894112e-06, 3.87610589314e-06, 6.27839199296e-06, 9.4649485618e-06, 1.24916596178e-05, 1.39771309478e-05, 1.71423471329e-05, 1.89667935047e-05, 1.57822378242e-05, 1.91144008568e-05, 1.62551350513e-05, 1.51143767653e-05, 1.45919093484e-05, 9.31774229684e-06, 5.77007904212e-06],
        "median": [1.80105998879e-05, 5.7954373915e-05, 9.67460218817e-05, 6.74939365126e-05, 5.93777003814e-05, 6.01285246375e-05, 6.92266839906e-05, 5.79116604058e-05, 5.68242030567e-05, 5.99462582613e-05, 0.00010598616791, 0.000108497246401, 6.09845592408e-05, 5.1112510846e-05, 6.88818836352e-05, 3.70631896658e-05, 3.1849667721e-05, 2.58480613411e-05, 2.65135549853e-05, 2.48437117989e-05, 2.17036376853e-05, 2.11650567508e-05, 1.35401132866e-05, 8.91982199391e-06, 6.10539882473e-06, 2.65675839728e-06, 2.0221318664e-06, 2.96691564472e-06, 4.34466983279e-06, 5.53285826754e-06, 5.68825907976e-06, 6.11716859567e-06, 5.09420806338e-06, 4.12123790738e-06, 3.59308978659e-06, 3.27761426888e-06, 2.34034450841e-06, 1.69184636434e-06, 8.82740096131e-07, 6.51630557513e-07],
        "min": [1.33272399721e-24, 7.86532187829e-25, 9.90411711061e-25, 7.50542036054e-25, 3.80520389383e-24, 2.40185899762e-24, 3.12355253828e-24, 1.27334998675e-24, 2.87079381286e-24, 3.84270515797e-24, 3.00854036539e-24, 1.03745829076e-24, 3.24176176721e-24, 3.57494288977e-24, 4.15511577011e-24, 2.82872524129e-24, 1.56103138723e-24, 2.8925166756e-24, 4.7968592441e-24, 3.29482942638e-24, 5.5889371241e-24, 4.91618983881e-24, 4.63506821118e-24, 2.83103009564e-24, 5.84968365784e-24, 4.12170987736e-24, 4.72826029422e-24, 5.35674419969e-24, 5.7089930764e-24, 3.88205275106e-24, 4.65105092755e-24, 4.97724688401e-24, 5.40422415985e-24, 7.27352552694e-24, 5.40609336576e-24, 5.72929283408e-24, 6.99511679196e-24, 5.61778695069e-24, 5.52603414438e-24, 7.02439851991e-24],
        "var": [0.000114028895041, 2.04456318897e-05, 3.06279844153e-06, 4.59777254491e-07, 2.67263601472e-07, 3.41439431395e-07, 3.68896962755e-07, 2.37074203824e-07, 2.57224570532e-07, 1.60710456498e-07, 1.6643912204e-07, 2.8768829452e-07, 1.13689502257e-07, 1.75871136321e-07, 1.92577928715e-07, 1.02206257679e-07, 4.85264664007e-08, 2.60351544767e-08, 1.25090613423e-08, 5.35953237346e-09, 5.13446041239e-09, 5.23773735495e-09, 1.58677293527e-09, 6.30374141775e-10, 2.28214128151e-10, 5.11176032059e-11, 3.130367493e-11, 8.9472582121e-11, 2.07471442804e-10, 3.8916084244e-10, 4.40183722805e-10, 9.27939447504e-10, 1.50289025669e-09, 9.14494258097e-10, 1.82862336384e-09, 1.30599697723e-09, 1.18487020195e-09, 9.4529761796e-10, 3.30481975119e-10, 1.02897149135e-10]
    },
    "mfcc": {
        "mean": [-643.836547852, 91.412689209, -14.8281288147, -5.58082342148, -6.1547036171, 12.4632072449, -8.02453899384, 8.20997905731, 4.52575683594, -5.75687932968, -2.02797842026, 4.28145885468, -4.93858957291],
        "cov": [[12555.4824219, -2998.09741211, 120.75818634, -631.876708984, -97.3948516846, 488.529388428, 105.269561768, 508.751617432, 328.741607666, 265.014221191, 85.3970413208, 118.952178955, 87.9724655151], [-2998.09741211, 4536.25683594, -1522.55749512, 379.683135986, -273.176177979, -478.060852051, -397.498382568, -588.027770996, -245.772140503, -378.798461914, -128.945526123, -84.7922058105, -155.681182861], [120.75818634, -1522.55749512, 2694.19677734, 268.200897217, 898.662231445, 679.784423828, 760.225280762, 798.583068848, 444.895385742, 418.81854248, 238.985855103, 151.677093506, 347.074951172], [-631.876708984, 379.683135986, 268.200897217, 813.239807129, 237.638015747, 178.539428711, 140.592346191, 45.1991767883, 116.694389343, 13.8676729202, 42.3930740356, 53.3572845459, 39.222492218], [-97.3948516846, -273.176177979, 898.662231445, 237.638015747, 666.227661133, 381.549102783, 418.397155762, 397.590789795, 279.035491943, 184.479370117, 148.700653076, 86.5579833984, 185.350341797], [488.529388428, -478.060852051, 679.784423828, 178.539428711, 381.549102783, 559.667663574, 435.909240723, 426.590179443, 256.57321167, 206.310302734, 139.523880005, 101.509918213, 166.172714233], [105.269561768, -397.498382568, 760.225280762, 140.592346191, 418.397155762, 435.909240723, 726.701904297, 516.484191895, 374.398651123, 221.607803345, 156.504226685, 117.106277466, 208.399703979], [508.751617432, -588.027770996, 798.583068848, 45.1991767883, 397.590789795, 426.590179443, 516.484191895, 663.571594238, 343.664337158, 255.446990967, 130.367721558, 72.0021514893, 186.303268433], [328.741607666, -245.772140503, 444.895385742, 116.694389343, 279.035491943, 256.57321167, 374.398651123, 343.664337158, 372.47366333, 185.263916016, 117.159492493, 63.3472557068, 109.967132568], [265.014221191, -378.798461914, 418.81854248, 13.8676729202, 184.479370117, 206.310302734, 221.607803345, 255.446990967, 185.263916016, 241.183822632, 123.604255676, 71.6194458008, 93.9908065796], [85.3970413208, -128.945526123, 238.985855103, 42.3930740356, 148.700653076, 139.523880005, 156.504226685, 130.367721558, 117.159492493, 123.604255676, 165.486984253, 81.7347869873, 74.9992294312], [118.952178955, -84.7922058105, 151.677093506, 53.3572845459, 86.5579833984, 101.509918213, 117.106277466, 72.0021514893, 63.3472557068, 71.6194458008, 81.7347869873, 129.769210815, 87.3766708374], [87.9724655151, -155.681182861, 347.074951172, 39.222492218, 185.350341797, 166.172714233, 208.399703979, 186.303268433, 109.967132568, 93.9908065796, 74.9992294312, 87.3766708374, 184.058120728]],
