{
"lowlevel": {
    "average_loudness": 0.949948430061,
    "barkbands_crest": {
        "dmean": 3.89986801147,
        "dmean2": 5.87586450577,
        "dvar": 13.7976818085,
        "dvar2": 28.631149292,
        "max": 26.4519462585,
        "mean": 13.2526874542,
        "median": 12.2801218033,
        "min": 1.85371077061,
        "var": 36.7489242554
    },
    "barkbands_flatness_db": {
        "dmean": 0.06474404037,
        "dmean2": 0.0891711115837,
        "dvar": 0.00893729459494,
        "dvar2": 0.0137415388599,
        "max": 0.965867817402,
        "mean": 0.165370061994,
        "median": 0.121153376997,
        "min": 0.014494263567,
        "var": 0.0221261885017
    },
    "barkbands_kurtosis": {
        "dmean": 26.1127357483,
        "dmean2": 43.6442375183,
        "dvar": 8546.87109375,
        "dvar2": 25387.6269531,
        "max": 2612.04736328,
        "mean": 22.0050697327,
        "median": 3.30271577835,
        "min": -1.89210557938,
        "var": 6175.50146484
    },
    "barkbands_skewness": {
        "dmean": 1.67841136456,
        "dmean2": 2.58494472504,
        "dvar": 5.98446083069,
        "dvar2": 16.2113647461,
        "max": 35.6954994202,
        "mean": 2.51247501373,
        "median": 1.81638753414,
        "min": -5.1833987236,
        "var": 7.68308734894
    },
    "barkbands_spread": {
        "dmean": 11.0749530792,
        "dmean2": 16.8196277618,
        "dvar": 147.54838562,
        "dvar2": 304.968200684,
        "max": 110.288749695,
        "mean": 25.9741344452,
        "median": 20.93217659,
        "min": 0.0425756275654,
        "var": 449.698303223
    },
    "dissonance": {
        "dmean": 0.0223296266049,
        "dmean2": 0.0350644439459,
        "dvar": 0.00115351576824,
        "dvar2": 0.00227720732801,
        "max": 0.500000059605,
        "mean": 0.468116998672,
        "median": 0.48309597373,
        "min": 0.106903739274,
        "var": 0.00212921272032
    },
    "dynamic_complexity": 2.5314347744,
    "erbbands_crest": {
        "dmean": 3.15352654457,
        "dmean2": 5.15672206879,
        "dvar": 11.8188085556,
        "dvar2": 26.5164604187,
        "max": 29.5520057678,
        "mean": 8.14847660065,
        "median": 6.67387962341,
        "min": 1.91837513447,
        "var": 22.6939411163
    },
    "erbbands_flatness_db": {
        "dmean": 0.0305937156081,
        "dmean2": 0.0456852093339,
        "dvar": 0.00270300358534,
        "dvar2": 0.00452068820596,
        "max": 0.563413798809,
        "mean": 0.141022711992,
        "median": 0.119581542909,
        "min": 0.033187199384,
        "var": 0.00657308194786
    },
    "erbbands_kurtosis": {
        "dmean": 4.39787483215,
        "dmean2": 7.68929052353,
        "dvar": 269.581359863,
        "dvar2": 737.92767334,
        "max": 182.694091797,
        "mean": 3.16954088211,
        "median": 0.136674880981,
        "min": -1.78878045082,
        "var": 217.450653076
    },
    "erbbands_skewness": {
        "dmean": 0.657168865204,
        "dmean2": 1.05779135227,
        "dvar": 1.02765548229,
        "dvar2": 2.60815882683,
        "max": 11.1577234268,
        "mean": 0.438471257687,
        "median": 0.233551934361,
        "min": -4.30760765076,
        "var": 1.72407221794
    },
    "erbbands_spread": {
        "dmean": 12.8655090332,
        "dmean2": 20.249458313,
        "dvar": 218.259277344,
        "dvar2": 460.467773438,
        "max": 171.116867065,
        "mean": 43.5495872498,
        "median": 41.9253921509,
        "min": 0.817785680294,
        "var": 529.727416992
    },
    "hfc": {
        "dmean": 20.3781700134,
        "dmean2": 29.7782497406,
        "dvar": 561.870544434,
        "dvar2": 1191.96582031,
        "max": 286.822540283,
        "mean": 39.4897537231,
        "median": 29.1127967834,
        "min": 1.15743703815e-16,
        "var": 1276.44360352
    },
    "melbands_crest": {
        "dmean": 5.36694574356,
        "dmean2": 8.50022315979,
        "dvar": 30.1387214661,
        "dvar2": 62.5247306824,
        "max": 39.6802101135,
        "mean": 21.2433567047,
        "median": 19.7674884796,
        "min": 1.86152529716,
        "var": 89.3062286377
    },
    "melbands_flatness_db": {
        "dmean": 0.0780277326703,
        "dmean2": 0.107049889863,
        "dvar": 0.0115937069058,
        "dvar2": 0.018411193043,
        "max": 1,
        "mean": 0.241005629301,
        "median": 0.19452612102,
        "min": 0.00423438521102,
        "var": 0.0303659867495
    },
    "melbands_kurtosis": {
        "dmean": 53.5202980042,
        "dmean2": 89.3411483765,
        "dvar": 31093.8007812,
        "dvar2": 87489.5859375,
        "max": 4804.67919922,
        "mean": 48.7803535461,
        "median": 12.7752046585,
        "min": -1.79919087887,
        "var": 22836.0957031
    },
    "melbands_skewness": {
        "dmean": 2.1709227562,
        "dmean2": 3.25431466103,
        "dvar": 9.94528484344,
        "dvar2": 23.913269043,
        "max": 54.9427719116,
        "mean": 4.08041763306,
        "median": 3.08044910431,
        "min": -2.83016085625,
        "var": 13.3751506805
    },
    "melbands_spread": {
        "dmean": 12.3629455566,
        "dmean2": 19.4660682678,
        "dvar": 240.074111938,
        "dvar2": 553.521179199,
        "max": 196.681365967,
        "mean": 23.3181838989,
        "median": 16.910036087,
        "min": 0.0694092288613,
        "var": 502.050537109
    },
    "pitch_salience": {
        "dmean": 0.119830407202,
        "dmean2": 0.18560911715,
        "dvar": 0.017427848652,
        "dvar2": 0.0374332927167,
        "max": 0.953380405903,
        "mean": 0.472448796034,
        "median": 0.52017802,
        "min": 0.0154940057546,
        "var": 0.0436932854354
    },
    "silence_rate_20dB": {
        "dmean": 0,
        "dmean2": 0,
        "dvar": 0,
        "dvar2": 0,
        "max": 1,
        "mean": 1,
        "median": 1,
        "min": 1,
        "var": 0
    },
    "silence_rate_30dB": {
        "dmean": 0.12622128427,
        "dmean2": 0.252475887537,
        "dvar": 0.110288158059,
        "dvar2": 0.228865578771,
        "max": 1,
        "mean": 0.876039624214,
        "median": 1,
        "min": 0,
        "var": 0.108603715897
    },
    "silence_rate_60dB": {
        "dmean": 0.00554528646171,
        "dmean2": 0.0110920378938,
        "dvar": 0.00551433023065,
        "dvar2": 0.0133458273485,
        "max": 1,
        "mean": 0.0363036319613,
        "median": 0,
        "min": 0,
        "var": 0.0349843762815
    },
    "spectral_centroid": {
        "dmean": 428.745239258,
        "dmean2": 665.616271973,
        "dvar": 233678.015625,
        "dvar2": 467440.65625,
        "max": 11306.1396484,
        "mean": 1529.46691895,
        "median": 1494.96533203,
        "min": 61.8889579773,
        "var": 809385.625
    },
    "spectral_complexity": {
        "dmean": 8.96091938019,
        "dmean2": 13.0595541,
        "dvar": 74.3012390137,
        "dvar2": 147.388412476,
        "max": 61,
        "mean": 24.146402359,
        "median": 25,
        "min": 0,
        "var": 205.379516602
    },
    "spectral_decrease": {
        "dmean": 5.29513899394e-09,
        "dmean2": 7.35054639378e-09,
        "dvar": 3.57646923397e-17,
        "dvar2": 7.64535048391e-17,
        "max": 1.28178341519e-28,
        "mean": -1.51552281835e-08,
        "median": -1.36602844591e-08,
        "min": -6.85424765834e-08,
        "var": 1.04730429234e-16
    },
    "spectral_energy": {
        "dmean": 0.0199480187148,
        "dmean2": 0.0279061496258,
        "dvar": 0.000498451699968,
        "dvar2": 0.00110045797192,
        "max": 0.258876085281,
        "mean": 0.060781031847,
        "median": 0.0573279373348,
        "min": 1.00145230032e-20,
        "var": 0.00147194298916
    },
    "spectral_energyband_high": {
        "dmean": 0.00157676881645,
        "dmean2": 0.00231607025489,
        "dvar": 4.86729913973e-06,
        "dvar2": 9.80656477623e-06,
        "max": 0.0396612435579,
        "mean": 0.00264088716358,
        "median": 0.00128429895267,
        "min": 7.4711179108e-21,
        "var": 1.22932415252e-05
    },
    "spectral_energyband_low": {
        "dmean": 0.0189864523709,
        "dmean2": 0.0264047626406,
        "dvar": 0.000631612143479,
        "dvar2": 0.00105472083669,
        "max": 0.159712523222,
        "mean": 0.039087690413,
        "median": 0.0199427772313,
        "min": 5.98670895484e-23,
        "var": 0.00166241382249
    },
    "spectral_energyband_middle_high": {
        "dmean": 0.00436019105837,
        "dmean2": 0.00682510621846,
        "dvar": 2.7462196158e-05,
        "dvar2": 5.98048973188e-05,
        "max": 0.05758048594,
        "mean": 0.00674325460568,
        "median": 0.00517147686332,
        "min": 1.20865062323e-21,
        "var": 4.74335865874e-05
    },
    "spectral_energyband_middle_low": {
        "dmean": 0.0089271273464,
        "dmean2": 0.0145392203704,
        "dvar": 0.00016776144912,
        "dvar2": 0.000442703138106,
        "max": 0.0845700278878,
        "mean": 0.0118122743443,
        "median": 0.00656231911853,
        "min": 2.17667574922e-22,
        "var": 0.000177960697329
    },
    "spectral_entropy": {
        "dmean": 0.354919135571,
        "dmean2": 0.529776871204,
        "dvar": 0.419575661421,
        "dvar2": 0.672906041145,
        "max": 9.81096363068,
        "mean": 7.75377178192,
        "median": 7.97998905182,
        "min": 3.2357776165,
        "var": 0.89979249239
    },
    "spectral_flux": {
        "dmean": 0.0514817386866,
        "dmean2": 0.0758948996663,
        "dvar": 0.00233959779143,
        "dvar2": 0.005194271449,
        "max": 0.410571455956,
        "mean": 0.141084209085,
        "median": 0.126054868102,
        "min": 6.34057945037e-11,
        "var": 0.00552084110677
    },
    "spectral_kurtosis": {
        "dmean": 11.6839809418,
        "dmean2": 19.2750797272,
        "dvar": 3993.56616211,
        "dvar2": 10226.6855469,
        "max": 1308.24243164,
        "mean": 12.2105207443,
        "median": 3.02177762985,
        "min": -1.24654078484,
        "var": 3214.50268555
    },
    "spectral_rms": {
        "dmean": 0.00130721391179,
        "dmean2": 0.00183038343675,
        "dvar": 1.81250698006e-06,
        "dvar2": 4.07141124015e-06,
        "max": 0.0158922001719,
        "mean": 0.00719534885138,
        "median": 0.00747861573473,
        "min": 3.12574250337e-12,
        "var": 7.5255406955e-06
    },
    "spectral_rolloff": {
        "dmean": 972.800720215,
        "dmean2": 1602.64233398,
        "dvar": 1989037.25,
        "dvar2": 4288134.5,
        "max": 19250.6835938,
        "mean": 1775.78051758,
        "median": 925.927734375,
        "min": 21.533203125,
        "var": 5519316
    },
    "spectral_skewness": {
        "dmean": 0.670600295067,
        "dmean2": 1.02830398083,
        "dvar": 4.48240470886,
        "dvar2": 9.07071685791,
        "max": 29.8923721313,
        "mean": 1.93223547935,
        "median": 1.44264137745,
        "min": -0.281326115131,
        "var": 5.8337392807
    },
    "spectral_spread": {
        "dmean": 880843.125,
        "dmean2": 1267697,
        "dvar": 1.27598696858e+12,
        "dvar2": 2.10731073536e+12,
        "max": 42558720,
        "mean": 5750714,
        "median": 5519628,
        "min": 106162.976562,
        "var": 5.72456330854e+12
    },
    "spectral_strongpeak": {
        "dmean": 0.426769673824,
        "dmean2": 0.716107547283,
        "dvar": 0.656216740608,
        "dvar2": 1.69489407539,
        "max": 15.0371656418,
        "mean": 0.683135390282,
        "median": 0.439250826836,
        "min": 0,
        "var": 0.813263952732
    },
    "zerocrossingrate": {
        "dmean": 0.0189478136599,
        "dmean2": 0.0221808515489,
        "dvar": 0.000441206328105,
        "dvar2": 0.000523371854797,
        "max": 0.7001953125,
        "mean": 0.0644965097308,
        "median": 0.0458984375,
        "min": 0.00048828125,
        "var": 0.00346443871967
    },
    "barkbands": {
        "dmean": [0.00528721930459, 0.0157033503056, 0.00393211701885, 0.00230380496942, 0.00310632120818, 0.00226148357615, 0.00112318876199, 0.00146197865251, 0.00120187201537, 0.000822813191917, 0.000705348502379, 0.000740585150197, 0.000617993820924, 0.000479574868223, 0.000528620439582, 0.00070308969589, 0.000568421324715, 0.000505156000145, 0.000203412084375, 0.000159664210514, 0.000326575507643, 0.000286174035864, 0.000265461218078, 0.000383961480111, 0.000244469207246, 0.00016393129772, 5.15925385116e-05],
        "dmean2": [0.00749673414975, 0.0213106591254, 0.0067806201987, 0.00418920163065, 0.00542036024854, 0.0034469794482, 0.00186805974226, 0.00243678130209, 0.00199982337654, 0.00138510507531, 0.00116153736599, 0.0012792859925, 0.00101742870174, 0.0007696741377, 0.000878545048181, 0.00116939318832, 0.000934009440243, 0.000823711976409, 0.000339731486747, 0.000256101455307, 0.000522659451235, 0.000450205901871, 0.000415508460719, 0.00057091092458, 0.000364612409612, 0.000236131279962, 8.37806073832e-05],
        "dvar": [0.000185718672583, 0.000454682303825, 0.000107222913357, 4.05773971579e-05, 3.40582300851e-05, 1.82964395208e-05, 6.90120441504e-06, 1.57943868544e-05, 7.19028503227e-06, 3.13927216666e-06, 1.84505267953e-06, 1.2233730331e-06, 7.13515760253e-07, 4.6913990559e-07, 6.99862823694e-07, 1.63651930052e-06, 9.86415557236e-07, 1.07775395009e-06, 1.45961223552e-07, 4.94148686414e-08, 2.06010398074e-07, 2.49812075026e-07, 2.56724774772e-07, 6.13022848484e-07, 2.56509565588e-07, 7.85743807796e-08, 1.01296881994e-08],
        "dvar2": [0.000470560247777, 0.000744392746128, 0.000295761943562, 0.000115423863463, 9.73630740191e-05, 3.99196360377e-05, 1.64219254657e-05, 3.84354134439e-05, 1.65256078617e-05, 8.07437027106e-06, 4.56658062831e-06, 3.2225295854e-06, 1.80481526968e-06, 1.07741050215e-06, 1.70344583239e-06, 4.32209890278e-06, 2.43353247242e-06, 2.54656515608e-06, 3.95699373712e-07, 1.16898014824e-07, 4.78380570712e-07, 5.70524775867e-07, 5.81027109092e-07, 1.30125681608e-06, 5.8859757246e-07, 1.58736938261e-07, 2.50105980371e-08],
        "max": [0.253621697426, 0.141253679991, 0.071101218462, 0.0486530065536, 0.0768922418356, 0.0428214780986, 0.0420341156423, 0.0443991273642, 0.059436801821, 0.041513569653, 0.0397585779428, 0.0214147102088, 0.00887282006443, 0.0191570017487, 0.0137851545587, 0.0250568110496, 0.0244481787086, 0.0257452912629, 0.0158789679408, 0.00300565641373, 0.010924837552, 0.0191329717636, 0.0140115395188, 0.0125692682341, 0.00948243122548, 0.00515827070922, 0.000972464680672],
        "mean": [0.00753373280168, 0.0287279672921, 0.00345168332569, 0.00184250285383, 0.00356245297007, 0.00232582632452, 0.00115879776422, 0.00144170515705, 0.00121224496979, 0.000873348850291, 0.000798088265583, 0.0007721275324, 0.000726587953977, 0.000591163174249, 0.000639861857053, 0.000831012264825, 0.000720787444152, 0.000618512451183, 0.000241517598624, 0.000214744941331, 0.000424460304203, 0.000410716369515, 0.000381340127205, 0.000562062719837, 0.000373557995772, 0.000282754423097, 6.14935852354e-05],
        "median": [0.00132665224373, 0.0095558706671, 0.000702003308106, 0.0004869402037, 0.00114531896543, 0.000493952888064, 0.000353417301085, 0.000429344159784, 0.000456539331935, 0.000456753943581, 0.000375373085262, 0.000424442638177, 0.000436103669927, 0.000314126780722, 0.000339419086231, 0.00033887400059, 0.000313906843076, 0.000322997249896, 0.000151376691065, 0.000132931352709, 0.000231906975387, 0.00021572363039, 0.00013882125495, 0.000148556384374, 8.28769407235e-05, 4.87250981678e-05, 6.53623146718e-06],
        "min": [5.2056911414e-24, 1.93797975527e-23, 5.59404854833e-24, 4.55405140735e-24, 2.30171373679e-23, 1.99985532255e-23, 2.93055767838e-23, 1.55839787371e-23, 3.74347568577e-23, 3.75395270522e-23, 4.85388386902e-23, 5.4808137185e-23, 4.62991458289e-23, 6.07729732358e-23, 6.69180482262e-23, 9.98028131547e-23, 1.14857592442e-22, 1.75681898435e-22, 1.60013555757e-22, 1.49340658984e-22, 3.05377623716e-22, 4.28496672429e-22, 4.81771617424e-22, 6.52640050698e-22, 1.0689831155e-21, 1.66076066672e-21, 2.24878904604e-21],
        "var": [0.000317888043355, 0.00113218207844, 7.54742504796e-05, 2.53397829511e-05, 3.62015671271e-05, 2.33384507737e-05, 8.79390154296e-06, 1.56037021952e-05, 7.70019414631e-06, 2.75358615909e-06, 2.04504385692e-06, 1.13431303816e-06, 8.44106978093e-07, 6.61112323996e-07, 9.45197086821e-07, 2.18324839807e-06, 1.55952614023e-06, 1.34413426167e-06, 1.37920864063e-07, 7.58462448402e-08, 3.3504167618e-07, 4.0973236537e-07, 4.7139261028e-07, 1.09006282401e-06, 4.64800422151e-07, 2.52450547578e-07, 1.34783073591e-08]
    },
    "erbbands": {
        "dmean": [0.900260090828, 2.39052271843, 4.13107347488, 6.40291833878, 8.01191997528, 10.5472421646, 17.4100093842, 18.0812835693, 14.2509679794, 25.5318546295, 27.70652771, 27.6534194946, 27.3156032562, 26.2131519318, 28.9848384857, 29.4178771973, 28.4280433655, 23.6568756104, 25.000497818, 34.7178955078, 33.459980011, 31.4270191193, 27.5761623383, 17.0552902222, 6.87074899673, 7.55314493179, 12.4870576859, 13.2048616409, 10.7758903503, 9.1044178009, 7.20469760895, 8.75194644928, 5.75388050079, 2.6987118721, 1.87194883823, 0.649433195591, 0.36820051074, 0.0825124531984, 0.00806896947324, 0.000125912134536],
        "dmean2": [1.14494788647, 3.3974416256, 6.86561203003, 11.1646308899, 14.5220890045, 18.4347248077, 26.3457374573, 28.1779136658, 23.3822879791, 42.5254974365, 46.1146392822, 45.660446167, 45.9151229858, 43.1362876892, 47.9929275513, 50.4987106323, 46.9423408508, 37.4112548828, 40.2435379028, 57.2441749573, 54.6400794983, 50.9000968933, 44.8746109009, 27.9892902374, 11.13463974, 12.0955114365, 19.6113967896, 21.6521930695, 17.1017379761, 14.1864061356, 11.3295087814, 13.6739120483, 8.29594326019, 4.05057859421, 2.86153841019, 0.956112086773, 0.547802507877, 0.125510752201, 0.0131498612463, 0.000197057874175],
        "dvar": [1.44873571396, 13.6451654434, 112.196662903, 268.183135986, 399.040618896, 480.03515625, 1285.50927734, 1385.60021973, 1072.33496094, 4416.64257812, 5541.00585938, 3883.8425293, 3951.36547852, 2438.9699707, 2556.04125977, 1857.45617676, 1530.65881348, 1079.08630371, 1410.07446289, 4151.03125, 3719.71899414, 3150.49975586, 3093.97753906, 992.473571777, 76.6160049438, 103.927146912, 294.239898682, 382.802459717, 317.278137207, 324.656433105, 193.945968628, 337.264068604, 135.495162964, 30.7519054413, 17.99933815, 1.63405513763, 0.456315428019, 0.0238041933626, 0.000254929909715, 4.87342397548e-08],
        "dvar2": [2.05899143219, 30.2965126038, 298.631134033, 747.042602539, 1135.1418457, 1393.69799805, 2769.26635742, 3067.07226562, 2591.56152344, 10682.9501953, 13692.3056641, 9085.51367188, 9603.96191406, 6427.62060547, 5967.98486328, 4855.41259766, 3838.05786133, 2419.59179688, 3269.69042969, 11018.3691406, 9284.76074219, 7649.34423828, 7218.81494141, 2349.85498047, 177.750030518, 242.312057495, 661.782592773, 931.002502441, 748.589416504, 726.156616211, 435.330444336, 758.643554688, 285.80480957, 70.583442688, 43.456161499, 3.56584334373, 0.984264612198, 0.0526852011681, 0.000635633419733, 1.20067952025e-07],
        "max": [7.81162500381, 30.3325252533, 85.3910598755, 120.275100708, 146.885513306, 437.345428467, 382.42477417, 462.836547852, 641.668151855, 1072.47729492, 1096.77697754, 1067.4309082, 1174.4263916, 1099.23754883, 1185.98681641, 793.332397461, 470.805450439, 1098.47717285, 865.981750488, 1293.91394043, 1569.31274414, 1468.04882812, 1455.80273438, 1161.78552246, 183.657333374, 154.305023193, 458.227386475, 442.32913208, 510.510406494, 613.441040039, 438.760650635, 358.177520752, 226.433349609, 106.660171509, 106.36631012, 25.1152019501, 11.1056222916, 1.69726169109, 0.180993080139, 0.00240597571246],
        "mean": [1.50946438313, 3.72592258453, 4.02306222916, 5.88187980652, 6.69023084641, 12.4634437561, 21.2416210175, 18.2637519836, 14.9894914627, 26.2852058411, 27.2110919952, 28.1508197784, 28.2911949158, 29.4580173492, 34.1734619141, 32.0142097473, 33.9697303772, 30.2600345612, 32.0005722046, 43.0721740723, 41.9532966614, 41.02576828, 34.8847732544, 20.7516860962, 8.92591953278, 10.3968572617, 16.5572471619, 16.6173458099, 14.8815927505, 12.6955518723, 10.5022611618, 11.701622963, 8.95610332489, 4.21872997284, 2.71825551987, 1.16160356998, 0.581269741058, 0.119543157518, 0.00953568983823, 0.000234765553614],
        "median": [0.467122346163, 1.35285413265, 1.14127457142, 1.57647776604, 2.20175433159, 3.67469978333, 4.29419565201, 4.11054086685, 5.16455078125, 7.43189287186, 10.078962326, 10.5443668365, 13.7256660461, 15.3713636398, 17.5064525604, 17.9669971466, 20.5873222351, 17.0355796814, 18.4650173187, 18.9582462311, 19.4636363983, 18.9384021759, 18.4098148346, 12.4845323563, 5.77630567551, 6.64354658127, 9.5163192749, 8.51091957092, 7.77165842056, 5.64831447601, 3.71902155876, 3.60734987259, 2.03821516037, 0.997134625912, 0.546613812447, 0.284036666155, 0.0694483444095, 0.016269672662, 0.00106112728827, 0.00011715155415],
        "min": [3.48249045849e-22, 5.24397611677e-21, 1.02094225883e-20, 4.0332564111e-20, 1.40483443851e-20, 7.86409074031e-20, 9.67007934157e-20, 1.68209607406e-19, 1.78279006249e-19, 4.52915661669e-19, 3.13478110155e-19, 8.50449926967e-19, 1.33634429738e-18, 1.06378539041e-18, 1.99348294238e-18, 2.60948558532e-18, 2.6621825738e-18, 3.10133234742e-18, 3.16551763384e-18, 4.56933122808e-18, 6.31053483698e-18, 6.8738758534e-18, 9.15314887023e-18, 8.4143922108e-18, 6.3374430223e-18, 7.78265204312e-18, 1.24320704845e-17, 1.43230789839e-17, 1.38571157371e-17, 1.3853213099e-17, 1.43510906281e-17, 1.36361195472e-17, 1.19973167623e-17, 9.94909514286e-18, 6.78470743773e-18, 5.28003529781e-18, 3.08065944955e-18, 1.17328859388e-18, 2.93381395281e-19, 2.96544411159e-20],
        "var": [3.76002311707, 24.1689815521, 91.5890045166, 183.755722046, 258.616638184, 517.924804688, 2033.2902832, 1743.19958496, 1215.71081543, 4682.72412109, 5018.13525391, 4021.44799805, 3853.09838867, 2404.57055664, 3228.33422852, 1773.97424316, 1819.18713379, 1568.83630371, 2094.60473633, 5518.39746094, 5098.19482422, 4922.359375, 3897.3527832, 1214.69396973, 115.488525391, 169.828063965, 468.270751953, 594.667541504, 517.446838379, 494.087127686, 375.12109375, 526.317932129, 266.20022583, 59.3235015869, 26.9804725647, 4.25154685974, 1.17807626724, 0.0462661422789, 0.000338910147548, 8.69853593599e-08]
    },
    "gfcc": {
        "mean": [6.95720005035, 60.1069412231, -94.9420776367, 27.0154209137, -47.7788238525, 24.6662998199, -30.8423995972, 11.6002159119, -15.6307144165, 5.43905544281, -14.5321884155, 8.7637424469, -7.42321872711],
        "cov": [[25582.1035156, -2855.68725586, -1490.56213379, 353.304504395, -1022.88299561, 657.380554199, -812.489685059, 718.116271973, -493.139129639, 681.924865723, -513.687011719, 668.980529785, -409.450286865], [-2855.68725586, 2837.43261719, 1094.78417969, 479.275299072, 652.730834961, -186.027435303, 337.091033936, -256.703033447, 152.200927734, -203.352508545, 198.071548462, -197.380050659, 147.550338745], [-1490.56213379, 1094.78417969, 2907.98193359, 667.238830566, 850.815185547, 212.688858032, 411.963562012, 84.55909729, 206.131759644, 66.1260681152, 205.271240234, -46.2956809998, -4.29072141647], [353.304504395, 479.275299072, 667.238830566, 706.097412109, 476.121917725, 203.425765991, 169.689788818, 7.96073627472, 50.5767936707, -22.0073375702, 52.9941520691, -10.8743925095, 37.7849197388], [-1022.88299561, 652.730834961, 850.815185547, 476.121917725, 875.444335938, 271.140716553, 356.398162842, 84.6716003418, 137.695236206, 24.2388725281, 82.1556472778, -33.7446479797, 42.7732009888], [657.380554199, -186.027435303, 212.688858032, 203.425765991, 271.140716553, 399.248840332, 181.22706604, 160.987213135, 27.6660041809, 59.6070175171, 1.4275932312, 12.9728870392, -12.9776887894], [-812.489685059, 337.091033936, 411.963562012, 169.689788818, 356.398162842, 181.22706604, 327.702362061, 78.4765090942, 107.082717896, 22.5329418182, 64.4417724609, -36.4194335938, 13.2294921875], [718.116271973, -256.703033447, 84.55909729, 7.96073627472, 84.6716003418, 160.987213135, 78.4765090942, 224.039321899, 64.3665542603, 94.5358123779, 8.4222869873, 35.4086303711, -19.5974178314], [-493.139129639, 152.200927734, 206.131759644, 50.5767936707, 137.695236206, 27.6660041809, 107.082717896, 64.3665542603, 161.340240479, 48.1983222961, 66.8792114258, -12.63210392, 18.5040416718], [681.924865723, -203.352508545, 66.1260681152, -22.0073375702, 24.2388725281, 59.6070175171, 22.5329418182, 94.5358123779, 48.1983222961, 138.672866821, 22.7916622162, 53.8250007629, -14.7025547028], [-513.687011719, 198.071548462, 205.271240234, 52.9941520691, 82.1556472778, 1.4275932312, 64.4417724609, 8.4222869873, 66.8792114258, 22.7916622162, 112.991165161, 20.9565219879, 38.0098800659], [668.980529785, -197.380050659, -46.2956809998, -10.8743925095, -33.7446479797, 12.9728870392, -36.4194335938, 35.4086303711, -12.63210392, 53.8250007629, 20.9565219879, 117.673217773, 20.6457977295], [-409.450286865, 147.550338745, -4.29072141647, 37.7849197388, 42.7732009888, -12.9776887894, 13.2294921875, -19.5974178314, 18.5040416718, -14.7025547028, 38.0098800659, 20.6457977295, 95.1698989868]],
        "icov": [[9.21961836866e-05, -7.34368004487e-05, 3.59320692951e-05, -0.000208622135688, 0.000156808659085, -0.000130418833578, 0.000177027613972, -0.000212048849789, 0.000124975951621, -0.000381267193006, 0.000360109523172, -0.000403282989282, 0.000298888655379], [-7.34368004487e-05, 0.000893927470315, -0.000133015622851, -4.69090446131e-05, -0.000474419241073, 0.000858774059452, -0.000674631621223, 0.000547216914129, 1.03052398117e-05, 0.000769690959714, -0.00105423212517, 0.00124819739722, -0.000885289919097], [3.59320692951e-05, -0.000133015622851, 0.000615371798631, -0.000387364532799, -0.000238409760641, 9.10128510441e-05, -2.71002954833e-05, -0.000212964092498, 0.000128542436869, -0.000412279216107, -0.000577597762458, -7.54324864829e-05, 0.000780195812695], [-0.000208622135688, -4.69090446131e-05, -0.000387364532799, 0.00325312162749, -0.00139289034996, -0.00111796066631, 0.000465753866592, 0.0012099504238, -0.000585443980526, 0.00162463600282, -0.000752571795601, 0.000238804786932, -0.000862307148054], [0.000156808659085, -0.000474419241073, -0.000238409760641, -0.00139289034996, 0.00355846085586, -0.00102585204877, -0.00153388618492, -0.000318982813042, -0.000516984378919, -0.0010068458505, 0.00170613825321, -0.00102694251109, -0.00015288713621], [-0.000130418833578, 0.000858774059452, 9.10128510441e-05, -0.00111796066631, -0.00102585204877, 0.00667148502544, -0.00310729141347, -0.00290891132317, 0.00236377236433, 9.96109447442e-05, -0.000507206248585, 0.00143616762944, -0.000794016639702], [0.000177027613972, -0.000674631621223, -2.71002954833e-05, 0.000465753866592, -0.00153388618492, -0.00310729141347, 0.00841887481511, -0.000751662824769, -0.00197357172146, -0.000225459603826, -0.00106403930113, 0.000494041596539, 0.00122870143969], [-0.000212048849789, 0.000547216914129, -0.000212964092498, 0.0012099504238, -0.000318982813042, -0.00290891132317, -0.000751662824769, 0.0102826412767, -0.00378266721964, -0.00200596591458, 0.000558163214009, -0.000540670298506, 3.78462173103e-05], [0.000124975951621, 1.03052398117e-05, 0.000128542436869, -0.000585443980526, -0.000516984378919, 0.00236377236433, -0.00197357172146, -0.00378266721964, 0.013166542165, -0.00417908141389, -0.00488861277699, 0.00384136731736, -0.00127643649466], [-0.000381267193006, 0.000769690959714, -0.000412279216107, 0.00162463600282, -0.0010068458505, 9.96109447442e-05, -0.000225459603826, -0.00200596591458, -0.00417908141389, 0.0157557595521, -0.00266563845798, -0.00380246271379, 0.00172324606683], [0.000360109523172, -0.00105423212517, -0.000577597762458, -0.000752571795601, 0.00170613825321, -0.000507206248585, -0.00106403930113, 0.000558163214009, -0.00488861277699, -0.00266563845798, 0.0185380727053, -0.00620912620798, -0.00263483985327], [-0.000403282989282, 0.00124819739722, -7.54324864829e-05, 0.000238804786932, -0.00102694251109, 0.00143616762944, 0.000494041596539, -0.000540670298506, 0.00384136731736, -0.00380246271379, -0.00620912620798, 0.0170213766396, -0.00583808077499], [0.000298888655379, -0.000885289919097, 0.000780195812695, -0.000862307148054, -0.00015288713621, -0.000794016639702, 0.00122870143969, 3.78462173103e-05, -0.00127643649466, 0.00172324606683, -0.00263483985327, -0.00583808077499, 0.0161741618067]]
    },
    "melbands": {
        "dmean": [0.00584487011656, 0.00221234117635, 0.00111050740816, 0.000647854292765, 0.00057000562083, 0.00040591499419, 0.000219693261897, 0.000301859457977, 0.000209761972656, 0.000180394927156, 0.00013661441335, 0.000107094521809, 9.54370771069e-05, 8.65856782184e-05, 7.02271354385e-05, 6.23117230134e-05, 4.33024106314e-05, 4.21179283876e-05, 4.16401708208e-05, 5.18369779456e-05, 3.84425293305e-05, 3.47382556356e-05, 3.00532210531e-05, 2.2107939003e-05, 1.3943266822e-05, 6.20951914243e-06, 3.85786961488e-06, 5.50090589968e-06, 7.93766866991e-06, 7.82998176874e-06, 8.04869705462e-06, 6.49582943879e-06, 5.53646896151e-06, 5.27454130861e-06, 4.30555064668e-06, 4.14102623836e-06, 6.47231036055e-06, 4.41122574557e-06, 2.85811461254e-06, 2.24135942517e-06],
        "dmean2": [0.00761171616614, 0.0033481514547, 0.00193310074974, 0.00115544442087, 0.000880510313436, 0.000628937850706, 0.00036104497849, 0.000503908784594, 0.000348766712705, 0.000300738407532, 0.000230891397223, 0.000177120513399, 0.000157095550094, 0.000149604413309, 0.000119330958114, 0.0001026389873, 6.96546776453e-05, 6.82339159539e-05, 6.93120091455e-05, 8.6946412921e-05, 6.29130008747e-05, 5.72317258047e-05, 4.95710992254e-05, 3.62280006811e-05, 2.30954283325e-05, 1.02828262243e-05, 6.2213853198e-06, 8.94313689059e-06, 1.24127373056e-05, 1.27343755594e-05, 1.3390607819e-05, 1.05204335341e-05, 8.76049853105e-06, 8.38203868625e-06, 6.89547141519e-06, 6.59923216517e-06, 1.03655747807e-05, 6.40414009467e-06, 4.31904845755e-06, 3.4202905681e-06],
        "dvar": [5.95696619712e-05, 1.93255764316e-05, 8.08378899819e-06, 1.82089036116e-06, 1.27098803659e-06, 6.35702122054e-07, 2.48317235219e-07, 6.16595286829e-07, 2.7557626936e-07, 1.77225430775e-07, 1.02099320998e-07, 4.24906083651e-08, 3.0918741345e-08, 1.81573387437e-08, 9.55990131501e-09, 7.64610774695e-09, 4.22330037608e-09, 4.41951675256e-09, 4.95833596403e-09, 9.78796421691e-09, 6.28369134503e-09, 4.17729761892e-09, 3.64569863187e-09, 1.70677583178e-09, 7.91135434941e-10, 6.95939694761e-11, 2.34593663939e-11, 6.32434937753e-11, 1.29448951558e-10, 1.38204822586e-10, 1.5496999517e-10, 1.10002500164e-10, 1.59790791709e-10, 1.04939223977e-10, 7.43082262389e-11, 8.30415250452e-11, 2.13737583188e-10, 8.61106949634e-11, 3.34836360028e-11, 2.27515402351e-11],
        "dvar2": [8.88077847776e-05, 4.76203094877e-05, 2.24297436944e-05, 5.13382565259e-06, 2.90746311293e-06, 1.41131920373e-06, 5.94455627834e-07, 1.4844343923e-06, 6.71356986004e-07, 4.13378870689e-07, 2.49855474976e-07, 1.12383659712e-07, 7.38304422043e-08, 4.76988439857e-08, 2.45872975313e-08, 1.88353013186e-08, 9.79157199765e-09, 1.04415969204e-08, 1.21622631966e-08, 2.67240682916e-08, 1.58212873913e-08, 1.06113402509e-08, 8.56519921655e-09, 4.02093602858e-09, 1.94089166961e-09, 1.7196190305e-10, 5.29765363522e-11, 1.52236029338e-10, 2.97917135406e-10, 3.37035344078e-10, 3.89721199756e-10, 2.70936412194e-10, 3.82494064199e-10, 2.37704883554e-10, 1.71283626171e-10, 1.88614138197e-10, 5.03125485718e-10, 1.84027806882e-10, 7.73657804487e-11, 5.4307672942e-11],
        "max": [0.048935174942, 0.0357333868742, 0.0207581166178, 0.0160574056208, 0.0112247215584, 0.00911187473685, 0.00918642245233, 0.0108813690022, 0.00841966457665, 0.00851262919605, 0.00630935840309, 0.00406560162082, 0.00481266295537, 0.00287426263094, 0.00123988080304, 0.00111203698907, 0.00230985879898, 0.00155869347509, 0.00134289904963, 0.00155771977734, 0.00248789228499, 0.00150124763604, 0.00134017074015, 0.000934135226998, 0.00116654625162, 0.000187464029295, 8.41155706439e-05, 0.000134609188535, 0.000263470079517, 0.000313394411933, 0.000278835446807, 0.000278029445326, 0.000597791920882, 0.000306107947836, 0.000302095257211, 0.000270313117653, 0.000248791708145, 0.000202387105674, 0.00010523635865, 0.000103253849375],
        "mean": [0.0104678422213, 0.00296779652126, 0.00103466119617, 0.000644808926154, 0.000744421151467, 0.000409580621636, 0.000230005025514, 0.000308192858938, 0.000206792232348, 0.00017968971224, 0.000139065450639, 0.000116956129204, 0.00011085778533, 9.18238365557e-05, 7.71954582888e-05, 7.19418458175e-05, 5.37641317351e-05, 5.10451354785e-05, 5.11538892169e-05, 6.06583489571e-05, 4.70214654342e-05, 4.32954366261e-05, 3.73456714442e-05, 2.64663176495e-05, 1.61484204e-05, 7.40306177249e-06, 5.00376017953e-06, 7.24769643057e-06, 1.0152332834e-05, 9.86556369753e-06, 9.67525738815e-06, 8.66786740517e-06, 7.41495159673e-06, 6.93676065566e-06, 5.9148701439e-06, 5.99670329393e-06, 7.89196201367e-06, 6.598832897e-06, 4.47660295322e-06, 3.27810585077e-06],
        "median": [0.00355082098395, 0.00124059442896, 0.000318268052069, 0.000236315769143, 0.000160133364261, 9.27552464418e-05, 7.48641250539e-05, 8.41696091811e-05, 7.7510754636e-05, 6.59408397041e-05, 6.60612786305e-05, 5.79159896006e-05, 5.50728436792e-05, 5.12464648637e-05, 4.37120943388e-05, 4.08243431593e-05, 2.86864124064e-05, 2.8075543014e-05, 2.49966087722e-05, 2.28039352805e-05, 2.17476790567e-05, 1.83311713045e-05, 1.73229618667e-05, 1.41457576319e-05, 9.32279453991e-06, 4.42227064923e-06, 3.07047048409e-06, 4.4000280468e-06, 5.5781156334e-06, 5.56649592909e-06, 4.65757420898e-06, 4.54548580819e-06, 3.45884427588e-06, 2.86207523459e-06, 2.04782986657e-06, 2.04032858164e-06, 2.11425776797e-06, 1.50254913933e-06, 1.01685009213e-06, 7.61212277212e-07],
        "min": [4.99473277484e-24, 7.41086542168e-24, 6.45764495242e-24, 2.39758218823e-24, 4.10749420942e-24, 3.87462168133e-24, 3.8597662472e-24, 4.11649314019e-24, 2.27878190527e-24, 4.79691998639e-24, 6.89067713014e-24, 4.20421486728e-24, 6.92926978334e-24, 5.14945837506e-24, 5.8227554964e-24, 4.38384086198e-24, 6.00933884986e-24, 5.02812091822e-24, 4.2781129903e-24, 6.26632133379e-24, 6.5453871899e-24, 6.05767787955e-24, 6.43916075812e-24, 8.25911493129e-24, 6.34123274864e-24, 4.05408517069e-24, 4.47188878306e-24, 4.67633549728e-24, 6.70960673112e-24, 7.36819041329e-24, 7.74503163429e-24, 7.77259758977e-24, 8.98904477144e-24, 6.42203695445e-24, 7.38722247149e-24, 8.69932061564e-24, 7.54902257631e-24, 7.25310665127e-24, 9.46072679478e-24, 7.98193366388e-24],
        "var": [0.000154926950927, 2.35894804064e-05, 5.58608553547e-06, 1.51130529957e-06, 2.14171268453e-06, 7.94244499502e-07, 3.04389999428e-07, 6.53683571272e-07, 2.57753384858e-07, 1.81531518706e-07, 9.7842097091e-08, 4.05584010821e-08, 3.70270676342e-08, 1.65073217318e-08, 1.02153530079e-08, 9.06723052196e-09, 5.62350876976e-09, 6.07712946632e-09, 6.7834937667e-09, 1.26884875939e-08, 7.75218111926e-09, 6.01007155154e-09, 4.77198636162e-09, 2.1559574126e-09, 8.74803618434e-10, 9.19457773807e-11, 3.71430733392e-11, 9.56541998387e-11, 1.88390816835e-10, 2.00003721917e-10, 2.22472804068e-10, 1.70505859431e-10, 2.01527447508e-10, 1.51725160213e-10, 1.2827225393e-10, 1.48671783218e-10, 2.75390904525e-10, 1.55458673712e-10, 6.29434351862e-11, 3.992754391e-11]
    },
    "mfcc": {
        "mean": [-636.803771973, 96.8985290527, 13.3299913406, 14.1396474838, 10.6965703964, 14.122051239, 1.55701446533, 10.4026699066, 6.90100097656, -0.0788130089641, 2.30851960182, 8.05594444275, -2.9050412178],
        "cov": [[17425.4082031, -1265.10009766, -2328.1171875, -1111.2713623, -658.727172852, -345.467254639, -502.695220947, -114.199829102, -0.576301217079, -208.345108032, -107.734054565, 4.66309976578, -96.5615463257], [-1265.10009766, 2033.72436523, 743.362365723, 648.971801758, 297.897338867, 221.743179321, 154.749176025, 68.2119140625, 26.7562389374, 44.4865608215, 44.1051177979, 61.8360176086, 19.2991695404], [-2328.1171875, 743.362365723, 1599.87023926, 619.401733398, 455.363677979, 257.919067383, 289.853942871, 136.431594849, 57.0701980591, 125.216949463, 109.956588745, 118.79851532, 39.7506904602], [-1111.2713623, 648.971801758, 619.401733398, 746.236999512, 444.127838135, 300.165283203, 212.218185425, 119.869361877, 65.1334152222, 50.9145889282, 60.6707191467, 36.9343681335, 23.7564640045], [-658.727172852, 297.897338867, 455.363677979, 444.127838135, 537.337890625, 301.261993408, 270.799194336, 164.928146362, 143.12562561, 101.613845825, 89.1212615967, 64.4085845947, 53.7940330505], [-345.467254639, 221.743179321, 257.919067383, 300.165283203, 301.261993408, 357.494293213, 258.129943848, 154.163238525, 107.284561157, 87.2039642334, 68.3266296387, 20.6041622162, 44.3252563477], [-502.695220947, 154.749176025, 289.853942871, 212.218185425, 270.799194336, 258.129943848, 326.836303711, 170.472702026, 136.661972046, 96.1260147095, 85.4332885742, 47.1497764587, 49.5784759521], [-114.199829102, 68.2119140625, 136.431594849, 119.869361877, 164.928146362, 154.163238525, 170.472702026, 177.02406311, 102.205131531, 73.9574890137, 62.0117492676, 49.9283599854, 28.6895236969], [-0.576301217079, 26.7562389374, 57.0701980591, 65.1334152222, 143.12562561, 107.284561157, 136.661972046, 102.205131531, 164.17086792, 91.3985443115, 68.2211685181, 49.395526886, 52.9070053101], [-208.345108032, 44.4865608215, 125.216949463, 50.9145889282, 101.613845825, 87.2039642334, 96.1260147095, 73.9574890137, 91.3985443115, 138.137145996, 65.7759017944, 52.9525680542, 43.5350418091], [-107.734054565, 44.1051177979, 109.956588745, 60.6707191467, 89.1212615967, 68.3266296387, 85.4332885742, 62.0117492676, 68.2211685181, 65.7759017944, 123.168174744, 68.4904708862, 34.2032394409], [4.66309976578, 61.8360176086, 118.79851532, 36.9343681335, 64.4085845947, 20.6041622162, 47.1497764587, 49.9283599854, 49.395526886, 52.9525680542, 68.4904708862, 127.827384949, 37.0964012146], [-96.5615463257, 19.2991695404, 39.7506904602, 23.7564640045, 53.7940330505, 44.3252563477, 49.5784759521, 28.6895236969, 52.9070053101, 43.5350418091, 34.2032394409, 37.0964012146, 98.8656997681]],
