{
"lowlevel": {
    "average_loudness": 0.887220442295,
    "barkbands_crest": {
        "dmean": 2.72777342796,
        "dmean2": 4.10013723373,
        "dvar": 9.09969329834,
        "dvar2": 18.5655956268,
        "max": 25.9895820618,
        "mean": 14.3802881241,
        "median": 14.7562465668,
        "min": 2.64767360687,
        "var": 34.5864868164
    },
    "barkbands_flatness_db": {
        "dmean": 0.0267819296569,
        "dmean2": 0.0359646342695,
        "dvar": 0.000874656427186,
        "dvar2": 0.00169014174026,
        "max": 0.607371747494,
        "mean": 0.216256469488,
        "median": 0.211892664433,
        "min": 0.0313197113574,
        "var": 0.00743362680078
    },
    "barkbands_kurtosis": {
        "dmean": 4.44403648376,
        "dmean2": 6.37489414215,
        "dvar": 88.9249801636,
        "dvar2": 176.215530396,
        "max": 259.364868164,
        "mean": 7.93588018417,
        "median": 3.26750183105,
        "min": -1.90207636356,
        "var": 252.681152344
    },
    "barkbands_skewness": {
        "dmean": 0.679283976555,
        "dmean2": 0.970644295216,
        "dvar": 0.60239893198,
        "dvar2": 1.19116413593,
        "max": 13.8880405426,
        "mean": 1.91186666489,
        "median": 1.66463768482,
        "min": -4.42512083054,
        "var": 2.98911166191
    },
    "barkbands_spread": {
        "dmean": 5.31144666672,
        "dmean2": 7.6534318924,
        "dvar": 59.2694396973,
        "dvar2": 131.59312439,
        "max": 107.631530762,
        "mean": 16.5255908966,
        "median": 12.4786520004,
        "min": 0.205506697297,
        "var": 190.319213867
    },
    "dissonance": {
        "dmean": 0.0249272286892,
        "dmean2": 0.0420302227139,
        "dvar": 0.000731533858925,
        "dvar2": 0.00193734653294,
        "max": 0.500000119209,
        "mean": 0.457234144211,
        "median": 0.467904508114,
        "min": 0.181034177542,
        "var": 0.00153384951409
    },
    "dynamic_complexity": 3.05894756317,
    "erbbands_crest": {
        "dmean": 3.11473464966,
        "dmean2": 4.86176919937,
        "dvar": 8.56534862518,
        "dvar2": 18.3544826508,
        "max": 30.9889392853,
        "mean": 11.9823999405,
        "median": 10.434838295,
        "min": 2.79431247711,
        "var": 33.5322227478
    },
    "erbbands_flatness_db": {
        "dmean": 0.021191675216,
        "dmean2": 0.0304830055684,
        "dvar": 0.000441962125478,
        "dvar2": 0.000866921618581,
        "max": 0.601973235607,
        "mean": 0.213904038072,
        "median": 0.192306444049,
        "min": 0.0708392858505,
        "var": 0.00881792418659
    },
    "erbbands_kurtosis": {
        "dmean": 2.08736085892,
        "dmean2": 3.17887544632,
        "dvar": 10.1073913574,
        "dvar2": 22.6282157898,
        "max": 52.3305549622,
        "mean": 3.0102481842,
        "median": 1.67703199387,
        "min": -1.81248784065,
        "var": 23.0768470764
    },
    "erbbands_skewness": {
        "dmean": 0.496195852757,
        "dmean2": 0.699559688568,
        "dvar": 0.281009584665,
        "dvar2": 0.560141384602,
        "max": 5.79580974579,
        "mean": 0.240552335978,
        "median": 0.419571459293,
        "min": -5.61904525757,
        "var": 1.52401828766
    },
    "erbbands_spread": {
        "dmean": 9.06207275391,
        "dmean2": 13.1547956467,
        "dvar": 186.709823608,
        "dvar2": 347.766967773,
        "max": 171.888626099,
        "mean": 31.4573745728,
        "median": 23.1646881104,
        "min": 0.766714096069,
        "var": 760.212036133
    },
    "hfc": {
        "dmean": 11.3951950073,
        "dmean2": 15.4180688858,
        "dvar": 451.991668701,
        "dvar2": 901.090637207,
        "max": 249.398635864,
        "mean": 31.6989688873,
        "median": 19.0223884583,
        "min": 1.13255054842e-16,
        "var": 1408.44665527
    },
    "melbands_crest": {
        "dmean": 3.45029067993,
        "dmean2": 5.22234964371,
        "dvar": 17.727098465,
        "dvar2": 37.902557373,
        "max": 38.0397071838,
        "mean": 20.2675685883,
        "median": 20.3748989105,
        "min": 1.43761610985,
        "var": 81.2149887085
    },
    "melbands_flatness_db": {
        "dmean": 0.0318469777703,
        "dmean2": 0.0405260436237,
        "dvar": 0.0014049068559,
        "dvar2": 0.00241568800993,
        "max": 0.7162784338,
        "mean": 0.281258940697,
        "median": 0.282352805138,
        "min": 0.00144952279516,
        "var": 0.0118509214371
    },
    "melbands_kurtosis": {
        "dmean": 11.9238109589,
        "dmean2": 17.1348838806,
        "dvar": 659.428710938,
        "dvar2": 1320.74841309,
        "max": 574.144958496,
        "mean": 23.6560401917,
        "median": 8.9575958252,
        "min": -1.77567434311,
        "var": 1819.03295898
    },
    "melbands_skewness": {
        "dmean": 0.98068189621,
        "dmean2": 1.40898394585,
        "dvar": 1.52970004082,
        "dvar2": 2.97045135498,
        "max": 19.1195030212,
        "mean": 3.17638969421,
        "median": 2.63019609451,
        "min": -3.71454167366,
        "var": 8.01647949219
    },
    "melbands_spread": {
        "dmean": 6.52724170685,
        "dmean2": 9.89861679077,
        "dvar": 158.551635742,
        "dvar2": 347.236846924,
        "max": 240.666030884,
        "mean": 17.0487918854,
        "median": 12.1521081924,
        "min": 0.0702178776264,
        "var": 345.363891602
    },
    "pitch_salience": {
        "dmean": 0.0806161761284,
        "dmean2": 0.12471909821,
        "dvar": 0.00855997297913,
        "dvar2": 0.019394107163,
        "max": 0.942670822144,
        "mean": 0.462152063847,
        "median": 0.449091732502,
        "min": 0.0778989717364,
        "var": 0.0318719372153
    },
    "silence_rate_20dB": {
        "dmean": 0,
        "dmean2": 0,
        "dvar": 0,
        "dvar2": 0,
        "max": 1,
        "mean": 1,
        "median": 1,
        "min": 1,
        "var": 0
    },
    "silence_rate_30dB": {
        "dmean": 0.0487167313695,
        "dmean2": 0.0974450409412,
        "dvar": 0.046346295625,
        "dvar2": 0.099837295711,
        "max": 1,
        "mean": 0.893786370754,
        "median": 1,
        "min": 0,
        "var": 0.0949348211288
    },
    "silence_rate_60dB": {
        "dmean": 0.0244771856815,
        "dmean2": 0.0489601902664,
        "dvar": 0.0238794516772,
        "dvar2": 0.0544062033296,
        "max": 1,
        "mean": 0.061779730022,
        "median": 0,
        "min": 0,
        "var": 0.057960934937
    },
    "spectral_centroid": {
        "dmean": 237.438186646,
        "dmean2": 329.304870605,
        "dvar": 138893.6875,
        "dvar2": 240396.1875,
        "max": 10600.4404297,
        "mean": 1136.27600098,
        "median": 932.549804688,
        "min": 91.2208328247,
        "var": 484014.9375
    },
    "spectral_complexity": {
        "dmean": 3.56820344925,
        "dmean2": 5.19643497467,
        "dvar": 21.5912284851,
        "dvar2": 38.955532074,
        "max": 55,
        "mean": 16.4688129425,
        "median": 15,
        "min": 0,
        "var": 96.3609695435
    },
    "spectral_decrease": {
        "dmean": 1.96641458672e-09,
        "dmean2": 2.73694444886e-09,
        "dvar": 9.68057163651e-18,
        "dvar2": 1.74039098666e-17,
        "max": -1.64489295059e-28,
        "mean": -1.4190439046e-08,
        "median": -1.63507412054e-08,
        "min": -4.72282657427e-08,
        "var": 1.12406367533e-16
    },
    "spectral_energy": {
        "dmean": 0.00762568973005,
        "dmean2": 0.0108845187351,
        "dvar": 0.000143609562656,
        "dvar2": 0.00026201386936,
        "max": 0.179910138249,
        "mean": 0.0564331188798,
        "median": 0.0663987621665,
        "min": 1.08933927105e-20,
        "var": 0.00168594287243
    },
    "spectral_energyband_high": {
        "dmean": 0.000919216196053,
        "dmean2": 0.00118932314217,
        "dvar": 3.52623442268e-06,
        "dvar2": 6.86672001393e-06,
        "max": 0.0203060656786,
        "mean": 0.00183182687033,
        "median": 0.000183513286174,
        "min": 7.7725848544e-21,
        "var": 1.10461051008e-05
    },
    "spectral_energyband_low": {
        "dmean": 0.0080803129822,
        "dmean2": 0.0112117864192,
        "dvar": 0.000215477804886,
        "dvar2": 0.000422232813435,
        "max": 0.170313224196,
        "mean": 0.0377099588513,
        "median": 0.020359179005,
        "min": 8.49626797641e-23,
        "var": 0.00153345521539
    },
    "spectral_energyband_middle_high": {
        "dmean": 0.00358369504102,
        "dmean2": 0.00525306584314,
        "dvar": 4.29414285463e-05,
        "dvar2": 8.69375362527e-05,
        "max": 0.0790180563927,
        "mean": 0.00832594558597,
        "median": 0.00427019782364,
        "min": 1.78422191698e-21,
        "var": 0.000133322144393
    },
    "spectral_energyband_middle_low": {
        "dmean": 0.00468283845112,
        "dmean2": 0.00751862255856,
        "dvar": 9.98214090941e-05,
        "dvar2": 0.000274352263659,
        "max": 0.113165453076,
        "mean": 0.0102356458083,
        "median": 0.00620905030519,
        "min": 5.02537112265e-22,
        "var": 0.000122517521959
    },
    "spectral_entropy": {
        "dmean": 0.19712780416,
        "dmean2": 0.263330429792,
        "dvar": 0.0463651530445,
        "dvar2": 0.0829588845372,
        "max": 9.8050661087,
        "mean": 7.38390159607,
        "median": 7.38366651535,
        "min": 4.5656337738,
        "var": 0.503757536411
    },
    "spectral_flux": {
        "dmean": 0.0311452727765,
        "dmean2": 0.0463955439627,
        "dvar": 0.00198471010663,
        "dvar2": 0.0032778927125,
        "max": 0.453807920218,
        "mean": 0.0907604247332,
        "median": 0.0642286241055,
        "min": 1.04371414289e-10,
        "var": 0.0056012282148
    },
    "spectral_kurtosis": {
        "dmean": 4.8843960762,
        "dmean2": 8.06902980804,
        "dvar": 145.918930054,
        "dvar2": 414.178833008,
        "max": 336.102813721,
        "mean": 11.9684867859,
        "median": 4.7694311142,
        "min": -1.30958342552,
        "var": 950.617248535
    },
    "spectral_rms": {
        "dmean": 0.000535477069207,
        "dmean2": 0.000754255335778,
        "dvar": 5.57575901894e-07,
        "dvar2": 9.66057314145e-07,
        "max": 0.0132484752685,
        "mean": 0.00666721118614,
        "median": 0.00804855767637,
        "min": 3.26001552142e-12,
        "var": 1.06051138573e-05
    },
    "spectral_rolloff": {
        "dmean": 490.282104492,
        "dmean2": 806.578430176,
        "dvar": 1241894.75,
        "dvar2": 2587225.5,
        "max": 18130.9570312,
        "mean": 1181.81152344,
        "median": 732.12890625,
        "min": 43.06640625,
        "var": 2744018.75
    },
    "spectral_skewness": {
        "dmean": 0.430787444115,
        "dmean2": 0.665544629097,
        "dvar": 0.41463264823,
        "dvar2": 1.21464562416,
        "max": 13.788602829,
        "mean": 2.05102086067,
        "median": 1.80775129795,
        "min": -0.0230547860265,
        "var": 2.49523091316
    },
    "spectral_spread": {
        "dmean": 671156.5625,
        "dmean2": 880618.875,
        "dvar": 938829545472,
        "dvar2": 1.43440242278e+12,
        "max": 40310340,
        "mean": 4614496,
        "median": 3811081,
        "min": 240940.96875,
        "var": 7.51566323712e+12
    },
    "spectral_strongpeak": {
        "dmean": 0.419117480516,
        "dmean2": 0.717492759228,
        "dvar": 0.84405952692,
        "dvar2": 2.33463692665,
        "max": 11.8723258972,
        "mean": 0.91815674305,
        "median": 0.66509526968,
        "min": 0,
        "var": 0.86605489254
    },
    "zerocrossingrate": {
        "dmean": 0.0113371638581,
        "dmean2": 0.0114094763994,
        "dvar": 0.000297837861581,
        "dvar2": 0.000292055832688,
        "max": 0.56201171875,
        "mean": 0.0467506833375,
        "median": 0.03369140625,
        "min": 0.001953125,
        "var": 0.00215022452176
    },
    "barkbands": {
        "dmean": [0.000736985180993, 0.007618018426, 0.00303064170294, 0.00166237435769, 0.00135199003853, 0.00102003698703, 0.000829433673061, 0.000742385862395, 0.000627047382295, 0.000962477352004, 0.00085271889111, 0.000770638696849, 0.000631346658338, 0.000938382232562, 0.000670659705065, 0.000237888511037, 0.000207831239095, 0.000142220291309, 6.83053440298e-05, 5.85151246923e-05, 0.000119926968182, 0.000139978728839, 0.000211871767533, 0.000367399363313, 0.000141810174682, 2.68461189989e-05, 1.8854125301e-06],
        "dmean2": [0.00104745640419, 0.0104939350858, 0.00524317799136, 0.00293116644025, 0.00230047735386, 0.00157749501523, 0.00136582285631, 0.00112473184709, 0.000946898013353, 0.0013782789465, 0.00128439697437, 0.00118634849787, 0.000995652400889, 0.00153873616364, 0.00111602153629, 0.0003885749029, 0.000336430093739, 0.000242212030571, 0.000113694644824, 8.9268272859e-05, 0.000182491916348, 0.000204967727768, 0.000289519521175, 0.000449808023404, 0.000201189381187, 4.18133749918e-05, 3.13086934511e-06],
        "dvar": [2.8896981803e-06, 0.000216964239371, 0.000115352602734, 2.16133339563e-05, 1.30192956931e-05, 4.30091586168e-06, 2.56410226029e-06, 1.75114723788e-06, 1.15128523248e-06, 3.14044336847e-06, 3.65435585081e-06, 3.57907879334e-06, 3.0497787975e-06, 6.33010540696e-06, 4.41689280706e-06, 5.78500078063e-07, 2.88874076659e-07, 1.95822025262e-07, 4.00683148882e-08, 1.91351734458e-08, 1.09068722054e-07, 1.25977749121e-07, 2.0397826006e-07, 5.63841467738e-07, 1.22090071386e-07, 5.10947550936e-09, 7.25475721164e-11],
        "dvar2": [5.13722943651e-06, 0.000422739249188, 0.000305467867292, 6.24386375421e-05, 3.71313508367e-05, 1.00110783023e-05, 6.64657454763e-06, 4.02076921091e-06, 2.32503634834e-06, 5.71873079025e-06, 7.90003741713e-06, 8.28627435112e-06, 7.5142197602e-06, 1.70021048689e-05, 1.30066591737e-05, 1.49988341036e-06, 7.11015275101e-07, 5.28465932348e-07, 1.06345517281e-07, 4.77380197594e-08, 2.64288274821e-07, 3.04823402075e-07, 3.75873753455e-07, 9.15147609248e-07, 2.50561271287e-07, 1.22685488435e-08, 1.79551026824e-10],
        "max": [0.0313191488385, 0.147248923779, 0.106436267495, 0.0518129914999, 0.043526917696, 0.0350140854716, 0.0267808306962, 0.0227521583438, 0.0293329898268, 0.0309698171914, 0.0271453000605, 0.0238042995334, 0.0313785262406, 0.0480784028769, 0.0387347117066, 0.0128342667595, 0.00912428461015, 0.00837358646095, 0.00291564734653, 0.00194037682377, 0.00537251029164, 0.00669857533649, 0.00800315849483, 0.0112696439028, 0.00728125264868, 0.00101664743852, 0.000127149440232],
        "mean": [0.00241063884459, 0.030696304515, 0.00329837575555, 0.00247988337651, 0.00192521000281, 0.00158211460803, 0.00120828358922, 0.00126679346431, 0.00104805617593, 0.00176927156281, 0.00131993263494, 0.00129567587283, 0.00100446760189, 0.00147209793795, 0.000977060059085, 0.000295555859338, 0.000260144384811, 0.000175131179276, 8.84320179466e-05, 9.05217966647e-05, 0.00017546559684, 0.000214638203033, 0.000416201888584, 0.000680039171129, 0.000242876296397, 3.81778372684e-05, 1.64911045886e-06],
        "median": [6.03710650466e-05, 0.006855674088, 0.000315192562994, 0.00100580218714, 0.00067511346424, 0.000408107676776, 0.000444198143668, 0.000465905875899, 0.000459429546027, 0.00056015298469, 0.000328960857587, 0.000304674904328, 0.00015625168453, 0.00020633591339, 0.000151104919496, 7.52304695197e-05, 8.23287555249e-05, 5.57622333872e-05, 2.77755789284e-05, 2.38186203205e-05, 3.44408435922e-05, 2.25323201448e-05, 2.65170219791e-05, 1.94576514332e-05, 6.73431304676e-06, 1.70683199485e-06, 1.2081240186e-07],
        "min": [2.21237713254e-23, 2.25688340264e-23, 2.82791740828e-23, 4.07484175771e-23, 3.40959188535e-23, 2.01575090134e-22, 1.22564346968e-22, 4.76301087927e-23, 4.72400707176e-23, 1.78251805316e-22, 1.89032504664e-22, 9.97615967501e-23, 4.43103706888e-23, 1.07243216684e-22, 1.38505622897e-22, 1.68855992307e-22, 2.28540299628e-22, 2.19218740519e-22, 2.66322571803e-22, 3.69534229634e-22, 4.56234889879e-22, 5.08318743259e-22, 6.80147491623e-22, 8.27600160337e-22, 1.12679387186e-21, 1.82357802346e-21, 2.27690147386e-21],
        "var": [1.89164620679e-05, 0.00119179848116, 0.000110348941234, 1.9782803065e-05, 1.434213209e-05, 8.30429235066e-06, 4.28858947998e-06, 4.32031265518e-06, 2.80885069515e-06, 8.90525916475e-06, 7.02130728314e-06, 7.96872518549e-06, 7.84067560744e-06, 1.15335033115e-05, 7.16064732842e-06, 6.31021691788e-07, 3.11609909431e-07, 1.7119543827e-07, 4.40244960487e-08, 2.82475625113e-08, 1.38646157666e-07, 2.17873022734e-07, 7.48167394704e-07, 1.87501075288e-06, 2.92262456014e-07, 7.77761499648e-09, 6.41967728976e-11]
    },
    "erbbands": {
        "dmean": [0.356675684452, 1.52012896538, 3.26347827911, 4.71140956879, 4.78460979462, 4.51795578003, 5.93078231812, 9.12867450714, 12.1841850281, 13.8570346832, 15.6289634705, 13.3904829025, 28.2245311737, 27.9065818787, 29.9136867523, 31.0365505219, 27.2462730408, 35.8502883911, 40.483215332, 25.9135398865, 12.2235307693, 11.3603382111, 8.39876842499, 5.12333869934, 2.28166007996, 2.65327072144, 4.54034519196, 4.76970815659, 4.854180336, 6.07213497162, 6.50042676926, 6.79608917236, 6.46538591385, 2.37180304527, 0.706030786037, 0.188981205225, 0.0322899669409, 0.00504817813635, 0.000308508053422, 1.5998051822e-05],
        "dmean2": [0.447008520365, 2.19009494781, 5.39977645874, 8.35766983032, 8.27003192902, 7.72589969635, 9.28027820587, 14.4677867889, 20.050945282, 21.3627357483, 23.6317024231, 20.2675666809, 39.8499183655, 41.0702438354, 45.8682670593, 48.0844192505, 43.95154953, 56.8773727417, 66.4619674683, 41.8193092346, 19.7905368805, 18.3754673004, 14.1314954758, 8.63921546936, 3.63742780685, 4.05356359482, 6.84796237946, 7.41387081146, 7.26604890823, 8.57320213318, 9.00337219238, 8.75054550171, 7.85466527939, 3.24967002869, 0.978962540627, 0.289644837379, 0.0491091795266, 0.00782712176442, 0.00050176383229, 2.38668853854e-05],
        "dvar": [0.441892951727, 10.6430749893, 117.766227722, 207.801086426, 166.882781982, 160.044555664, 175.524612427, 405.938659668, 583.957763672, 596.367675781, 785.635925293, 602.952087402, 2968.74414062, 2988.96801758, 6495.56933594, 5726.45507812, 5095.62451172, 7476.54394531, 9898.28808594, 6469.16699219, 1308.4185791, 867.637817383, 656.448242188, 242.231536865, 50.7005767822, 40.1026954651, 149.872512817, 176.556976318, 176.013076782, 178.232070923, 187.431549072, 190.110321045, 188.142700195, 25.8846511841, 5.37082672119, 0.21915499866, 0.0104020563886, 0.000366403983207, 1.98539169105e-06, 1.11100206812e-09],
        "dvar2": [0.679932892323, 23.5745925903, 290.457824707, 591.473083496, 484.695831299, 450.955383301, 414.816162109, 984.137878418, 1506.54504395, 1363.52893066, 1783.85180664, 1254.42248535, 5570.76855469, 6008.12060547, 14668.0087891, 12494.9941406, 12783.4794922, 18109.2207031, 26879.6542969, 18808.4980469, 3352.11450195, 2141.42333984, 1763.40270996, 637.214111328, 133.780441284, 98.927192688, 360.625671387, 441.601531982, 434.170776367, 383.317657471, 367.975646973, 364.266479492, 293.668945312, 53.5270805359, 11.3449649811, 0.49759504199, 0.0245064701885, 0.000858674233314, 4.90932734465e-06, 2.49612774894e-09],
        "max": [7.60104846954, 35.3698234558, 111.258247375, 152.945144653, 144.849960327, 161.315307617, 303.364227295, 331.637908936, 373.084472656, 496.254302979, 587.991760254, 902.453674316, 1191.2644043, 982.387390137, 1312.01269531, 1102.39538574, 1214.49060059, 1238.1751709, 2009.85534668, 1349.92333984, 681.424560547, 409.902648926, 551.413574219, 238.9190979, 150.33757019, 95.2700271606, 155.044250488, 210.623382568, 235.545639038, 201.462661743, 227.622833252, 205.250320435, 222.384140015, 99.190284729, 61.2557830811, 10.0133724213, 1.22451078892, 0.236084714532, 0.0222258269787, 0.000508654629812],
        "mean": [1.40763342381, 4.78039360046, 4.33765602112, 6.50920629501, 7.33105230331, 6.07249259949, 9.06532287598, 13.2374429703, 17.1767635345, 23.0380039215, 27.5748806, 23.3474197388, 51.2297058105, 49.2072486877, 48.8983688354, 56.1959724426, 48.6082191467, 59.0810317993, 64.7344360352, 38.3874053955, 16.7461357117, 14.5180664062, 10.4981517792, 6.65449285507, 3.23334383965, 4.15046691895, 6.76345014572, 6.85482978821, 7.19602823257, 10.1678915024, 12.08867836, 12.8738431931, 11.6504640579, 3.99798130989, 1.21050310135, 0.302904248238, 0.0407313145697, 0.00567696429789, 0.000319703132845, 7.85129595897e-05],
        "median": [0.0891229137778, 1.55168950558, 1.21691024303, 2.87960243225, 2.63371682167, 2.11917614937, 2.63515686989, 3.45524287224, 6.1761636734, 9.63960361481, 11.8512010574, 11.6416187286, 16.8062648773, 17.8536434174, 11.1552743912, 14.3063306808, 9.6853313446, 11.1351938248, 10.9244194031, 7.29388856888, 4.81326246262, 4.6773223877, 3.30258655548, 2.20977115631, 0.962852716446, 1.08815979958, 1.33533477783, 1.33448052406, 0.832280695438, 0.830333411694, 0.738900542259, 0.535668730736, 0.236139774323, 0.101431906223, 0.0324737168849, 0.0111197754741, 0.00242436234839, 0.00056684424635, 6.08355658187e-05, 8.77167840372e-05],
        "min": [1.48678667108e-21, 2.44480702131e-21, 2.87684822122e-20, 8.49579888059e-20, 1.29578515041e-19, 1.10484252597e-19, 4.6392512543e-19, 2.27155335377e-18, 9.66983235061e-19, 3.06565563401e-18, 5.92851150064e-19, 9.70754765064e-19, 3.3466058747e-18, 8.95562641176e-18, 4.37488339995e-18, 4.27210083216e-18, 2.10534092225e-18, 4.16378318531e-18, 5.84539215339e-18, 1.02734607852e-17, 9.90378549762e-18, 1.13155263773e-17, 1.35178302381e-17, 1.21666133367e-17, 1.3765508793e-17, 1.7862424352e-17, 2.0102169716e-17, 1.84861681647e-17, 1.84633760301e-17, 1.33522559764e-17, 2.10210929303e-17, 1.60434872722e-17, 1.38686011399e-17, 1.08693468092e-17, 8.25361394232e-18, 7.15490881215e-18, 3.18021270422e-18, 1.49751919897e-18, 3.17330910653e-19, 3.26568967131e-20],
        "var": [3.01346611977, 34.3487281799, 144.615539551, 155.424530029, 178.127456665, 202.774459839, 305.826751709, 661.254760742, 895.215209961, 1242.47827148, 1907.72790527, 1269.78515625, 8210.16894531, 6770.83496094, 12891.6591797, 14528.0380859, 14997.3857422, 16379.4267578, 18174.1445312, 10100.8193359, 1502.05627441, 945.038146973, 587.081787109, 236.256271362, 62.3493766785, 59.5189704895, 195.812316895, 214.541381836, 262.007965088, 479.117950439, 638.761535645, 608.704772949, 610.356994629, 69.2168731689, 10.2500782013, 0.431018084288, 0.013476091437, 0.000414003821788, 1.76570438271e-06, 4.02800637289e-09]
    },
    "gfcc": {
        "mean": [-34.686164856, 113.18837738, -128.373886108, 12.8780994415, -58.9303092957, 20.9792747498, -29.7969856262, 0.745885550976, -9.83966350555, -3.73960542679, -13.6221847534, -4.56402444839, -6.64657735825],
        "cov": [[13895.7060547, -5042.80664062, 3216.16162109, 2765.76879883, -312.043731689, 3753.00683594, -1101.20214844, 1464.82092285, -633.393859863, 837.264404297, 170.035400391, 533.868591309, -26.8840312958], [-5042.80664062, 4450.24707031, -310.899932861, -793.456054688, 1063.1529541, -1565.62255859, 896.577941895, -623.210327148, 403.559112549, -348.342132568, -75.1950149536, -248.859863281, 12.3341064453], [3216.16162109, -310.899932861, 2515.11962891, 1053.86132812, 490.575958252, 1249.36462402, -154.056137085, 636.837585449, -108.270133972, 274.639068604, 89.0444259644, 138.441482544, 17.7229232788], [2765.76879883, -793.456054688, 1053.86132812, 1353.64001465, 242.731399536, 869.287658691, 73.452911377, 312.00201416, 22.592382431, 214.403991699, 81.6033630371, 119.201889038, 42.2899360657], [-312.043731689, 1063.1529541, 490.575958252, 242.731399536, 1094.1673584, 210.999801636, 507.790405273, 108.425834656, 245.413421631, 161.490921021, 73.9977722168, 67.5996170044, 65.5647506714], [3753.00683594, -1565.62255859, 1249.36462402, 869.287658691, 210.999801636, 1575.47692871, -191.466827393, 578.255126953, -88.532333374, 299.956939697, 157.707794189, 177.094085693, 76.8646392822], [-1101.20214844, 896.577941895, -154.056137085, 73.452911377, 507.790405273, -191.466827393, 619.447570801, -45.2750549316, 234.342025757, 15.4980344772, 37.3148117065, 13.3069095612, 60.2836647034], [1464.82092285, -623.210327148, 636.837585449, 312.00201416, 108.425834656, 578.255126953, -45.2750549316, 408.469604492, -2.6260433197, 159.581710815, 68.9705047607, 88.9713287354, 30.7248535156], [-633.393859863, 403.559112549, -108.270133972, 22.592382431, 245.413421631, -88.532333374, 234.342025757, -2.6260433197, 231.781738281, 55.6623649597, 58.1883163452, 10.0694799423, 46.0433235168], [837.264404297, -348.342132568, 274.639068604, 214.403991699, 161.490921021, 299.956939697, 15.4980344772, 159.581710815, 55.6623649597, 238.429351807, 87.5977325439, 81.9485092163, 5.50868797302], [170.035400391, -75.1950149536, 89.0444259644, 81.6033630371, 73.9977722168, 157.707794189, 37.3148117065, 68.9705047607, 58.1883163452, 87.5977325439, 159.719497681, 68.18775177, 41.1101570129], [533.868591309, -248.859863281, 138.441482544, 119.201889038, 67.5996170044, 177.094085693, 13.3069095612, 88.9713287354, 10.0694799423, 81.9485092163, 68.18775177, 124.189315796, 36.4786834717], [-26.8840312958, 12.3341064453, 17.7229232788, 42.2899360657, 65.5647506714, 76.8646392822, 60.2836647034, 30.7248535156, 46.0433235168, 5.50868797302, 41.1101570129, 36.4786834717, 111.423164368]],
        "icov": [[0.00052907463396, -0.000433529203292, 0.00041359293391, -0.000729941239115, 0.000496265711263, -0.00110759551171, 0.000576116668526, -0.000685234903358, 0.000860463886056, -0.000987661420368, 0.00106589798816, -0.00130444893148, 0.000463261909317], [-0.000433529203292, 0.00221834587865, -0.00162519270089, 0.0013268343173, -0.0018732304452, 0.00245064450428, -0.00142074562609, 0.00213271635585, -0.00160035409499, 0.00253361626528, -0.00229900493287, 0.00288178841583, -0.000562156317756], [0.00041359293391, -0.00162519270089, 0.00230212463066, -0.00163048203103, 0.000677199335769, -0.00193200947251, 0.00167815200984, -0.00279335957021, 0.00196175277233, -0.00167629215866, 0.00163036736194, -0.00196512904949, 0.00064303848194], [-0.000729941239115, 0.0013268343173, -0.00163048203103, 0.0028400416486, -0.000754289794713, 0.00132043345366, -0.00192868011072, 0.00235916767269, -0.00203382852487, 0.00155358028132, -0.00151002092753, 0.00206945557147, -0.000572431483306], [0.000496265711263, -0.0018732304452, 0.000677199335769, -0.000754289794713, 0.00396962277591, -0.00275157717988, -0.000547194213141, -0.00092100945767, 0.000393561844248, -0.00324244680814, 0.00277762440965, -0.00302466587164, 0.000581095984671], [-0.00110759551171, 0.00245064450428, -0.00193200947251, 0.00132043345366, -0.00275157717988, 0.00582737429067, -0.00123440043535, 0.000799139379524, -0.00133820518386, 0.00300775980577, -0.00429766438901, 0.00441894587129, -0.0021425364539], [0.000576116668526, -0.00142074562609, 0.00167815200984, -0.00192868011072, -0.000547194213141, -0.00123440043535, 0.00538530293852, -0.00230734562501, -0.000485944823595, -0.000784925301559, 0.00166257214732, -0.00260463054292, 0.000136441391078], [-0.000685234903358, 0.00213271635585, -0.00279335957021, 0.00235916767269, -0.00092100945767, 0.000799139379524, -0.00230734562501, 0.00908314064145, -0.00313439732417, 0.00100618856959, -0.00166809582151, 0.00193865329493, -0.00089192262385], [0.000860463886056, -0.00160035409499, 0.00196175277233, -0.00203382852487, 0.000393561844248, -0.00133820518386, -0.000485944823595, -0.00313439732417, 0.0116296531633, -0.00473335757852, -0.000153148066602, -0.000376755313482, -0.00172840501182], [-0.000987661420368, 0.00253361626528, -0.00167629215866, 0.00155358028132, -0.00324244680814, 0.00300775980577, -0.000784925301559, 0.00100618856959, -0.00473335757852, 0.0123412972316, -0.00540120294318, 0.00112587481271, 0.00210851873271], [0.00106589798816, -0.00229900493287, 0.00163036736194, -0.00151002092753, 0.00277762440965, -0.00429766438901, 0.00166257214732, -0.00166809582151, -0.000153148066602, -0.00540120294318, 0.0136128999293, -0.00768654095009, -0.00045953397057], [-0.00130444893148, 0.00288178841583, -0.00196512904949, 0.00206945557147, -0.00302466587164, 0.00441894587129, -0.00260463054292, 0.00193865329493, -0.000376755313482, 0.00112587481271, -0.00768654095009, 0.018764982, -0.00470801349729], [0.000463261909317, -0.000562156317756, 0.00064303848194, -0.000572431483306, 0.000581095984671, -0.0021425364539, 0.000136441391078, -0.00089192262385, -0.00172840501182, 0.00210851873271, -0.00045953397057, -0.00470801349729, 0.0128928711638]]
    },
    "melbands": {
        "dmean": [0.002522891853, 0.00158365187235, 0.000796838197857, 0.000322612409946, 0.000202682014788, 0.000205324278795, 0.000178949121619, 0.000153639106429, 0.000135118112667, 8.27743569971e-05, 0.00014613836538, 0.000113578338642, 9.65064391494e-05, 8.80253865034e-05, 8.80858424352e-05, 5.21214788023e-05, 7.7357297414e-05, 7.26347134332e-05, 6.15365061094e-05, 1.82197509275e-05, 1.44332243508e-05, 1.28782357933e-05, 8.8692186182e-06, 6.41167980575e-06, 4.23935125582e-06, 2.09481936508e-06, 1.28830049562e-06, 2.02982414521e-06, 2.75340016742e-06, 3.0019427868e-06, 2.80332687908e-06, 2.88897331302e-06, 2.88211754196e-06, 3.67942266166e-06, 3.89815841118e-06, 4.12474037148e-06, 4.38277857029e-06, 5.12749238624e-06, 3.27197926708e-06, 1.67822167896e-06],
        "dmean2": [0.0032311566174, 0.00242661940865, 0.00139808526728, 0.000558579049539, 0.000319287821185, 0.00032331442344, 0.000295087345876, 0.000234727966017, 0.000203566494747, 0.000125241815113, 0.000206521144719, 0.000166902435012, 0.000146020523971, 0.000135371679789, 0.000143145996844, 8.15596431494e-05, 0.000125337101053, 0.000118060452223, 0.000102318204881, 2.88257397187e-05, 2.37197473325e-05, 2.09044610529e-05, 1.46934071381e-05, 1.09253505798e-05, 7.19520767234e-06, 3.44271279573e-06, 2.00750378099e-06, 3.17795365845e-06, 4.16919601776e-06, 4.70204213343e-06, 4.52359745395e-06, 4.44807756139e-06, 4.25129110226e-06, 5.26915437149e-06, 5.67796178075e-06, 5.6785529523e-06, 5.63307457924e-06, 5.79525067224e-06, 4.70766053695e-06, 2.39635164689e-06],
        "dvar": [2.09163390537e-05, 1.85380813491e-05, 5.48692696611e-06, 8.2629554754e-07, 1.97015054937e-07, 1.82397414505e-07, 1.22825554172e-07, 7.39032728347e-08, 5.76713432565e-08, 2.41704505299e-08, 7.84364431183e-08, 4.61430076371e-08, 5.24490388898e-08, 5.55736754393e-08, 5.13190592244e-08, 2.07594492707e-08, 3.73790101094e-08, 4.29151683079e-08, 4.88368563367e-08, 3.15821124808e-09, 1.91325022492e-09, 1.10374542839e-09, 6.18654572015e-10, 3.97587740508e-10, 1.65017485787e-10, 5.14170685195e-11, 1.11553500812e-11, 2.36635138567e-11, 5.12038154932e-11, 6.97190430388e-11, 6.47798203968e-11, 6.59868340525e-11, 5.28479898732e-11, 6.68985283836e-11, 7.56338949803e-11, 7.57690646336e-11, 8.13122694177e-11, 1.1625470725e-10, 4.9966749488e-11, 1.54511559797e-11],
        "dvar2": [3.53086652467e-05, 4.23021228926e-05, 1.54870649567e-05, 2.42450846599e-06, 4.77952369238e-07, 4.38358966903e-07, 3.19299260809e-07, 1.63905781392e-07, 1.2541558192e-07, 4.90091061067e-08, 1.4602021281e-07, 9.08793111876e-08, 1.17182707982e-07, 1.28075058115e-07, 1.27130803662e-07, 4.68026328804e-08, 9.40896356383e-08, 1.14430250164e-07, 1.47114363358e-07, 7.76225572707e-09, 5.01096852901e-09, 2.74344813533e-09, 1.6279677606e-09, 1.07223041557e-09, 4.3589223897e-10, 1.40616393529e-10, 2.75020891477e-11, 5.97300403582e-11, 1.24491986164e-10, 1.67646924121e-10, 1.67630673231e-10, 1.65693889165e-10, 1.25240706694e-10, 1.44064982166e-10, 1.58209501055e-10, 1.59146376633e-10, 1.56181900746e-10, 1.5423225197e-10, 1.12096588956e-10, 3.17929745031e-11],
        "max": [0.0480935946107, 0.0466935969889, 0.0253443624824, 0.0110392076895, 0.00863207876682, 0.00652147782966, 0.00488014426082, 0.00584318069741, 0.00453671067953, 0.00550992274657, 0.0059105521068, 0.00367482891306, 0.00378633174114, 0.00319506647065, 0.00410042144358, 0.0020733429119, 0.0028370290529, 0.00459713535383, 0.00403019506484, 0.00096858717734, 0.000962714198977, 0.000468579179142, 0.000426537648309, 0.000414157548221, 0.000214461353607, 0.000156387483003, 6.06843896094e-05, 7.3935763794e-05, 0.000100783123344, 0.00015458004782, 0.000127846462419, 0.000140025178553, 0.000152898588567, 0.000145633937791, 0.000136981354444, 0.000144837627886, 0.000129484382342, 0.000192354127648, 9.19838639675e-05, 8.93017131602e-05],
        "mean": [0.0101998187602, 0.0035195548553, 0.00117903715, 0.000465770630399, 0.000305123219732, 0.000307489739498, 0.000257986917859, 0.000256020080997, 0.000234416977037, 0.000139671596116, 0.000260347878793, 0.000199267917196, 0.000153788438183, 0.000143977522384, 0.000150495077833, 8.2965605543e-05, 0.000120570148283, 0.000110477143608, 8.78336650203e-05, 2.27673372137e-05, 1.84267537406e-05, 1.58849106811e-05, 1.10555592983e-05, 7.69178950577e-06, 5.27920337845e-06, 2.66605775323e-06, 1.90780269804e-06, 2.97306974062e-06, 4.0331656237e-06, 4.31560783909e-06, 3.86570309274e-06, 3.93964455725e-06, 4.39380437456e-06, 6.14988084635e-06, 6.6547768256e-06, 7.63708248996e-06, 7.96281346993e-06, 9.42804035731e-06, 5.02820330439e-06, 2.79121877611e-06],
        "median": [0.00173784990329, 0.00181513454299, 0.000604356697295, 0.000169905135408, 9.63939819485e-05, 8.10362034827e-05, 9.1029171017e-05, 0.0001015370799, 9.60261022556e-05, 6.81201636326e-05, 8.02266222308e-05, 6.57797936583e-05, 3.76909774786e-05, 3.27433444909e-05, 2.9324202842e-05, 1.38943178172e-05, 1.981663263e-05, 1.66624340636e-05, 1.10195123852e-05, 6.09865628576e-06, 4.70904933536e-06, 4.76153172713e-06, 3.54111830347e-06, 2.30154432757e-06, 1.67851783317e-06, 7.18902299468e-07, 5.16274610618e-07, 7.45781733258e-07, 8.25495703793e-07, 8.37310039969e-07, 7.02483134774e-07, 4.70009183573e-07, 3.80868215188e-07, 4.35432411905e-07, 3.66861257817e-07, 4.13547837752e-07, 2.58552887544e-07, 1.43114036177e-07, 1.17891225671e-07, 6.81937422087e-08],
        "min": [1.0247069656e-23, 1.03175583222e-23, 1.70988283334e-23, 8.0191055786e-24, 1.47520807363e-23, 4.54332984102e-23, 1.75788328393e-23, 2.88715234256e-23, 3.53925521685e-24, 6.51155018466e-24, 1.76544072917e-23, 3.7199221924e-23, 1.93333841325e-23, 1.19772940566e-23, 8.22716212032e-24, 3.84559791091e-24, 8.56576488667e-24, 9.93162863468e-24, 9.53101114599e-24, 1.53601599656e-23, 1.13471882531e-23, 1.14633196224e-23, 1.13252934187e-23, 1.22602308532e-23, 9.09181441473e-24, 1.15293796235e-23, 8.60815984944e-24, 1.29436328883e-23, 1.23573309532e-23, 1.13309093195e-23, 1.10262465047e-23, 1.19611429185e-23, 7.43419046092e-24, 7.91209107478e-24, 1.35641887417e-23, 8.57727910044e-24, 1.14092471517e-23, 9.91331680649e-24, 8.46556929651e-24, 9.80602304591e-24],
        "var": [0.000139749754453, 3.34089199896e-05, 4.35726497017e-06, 8.60698946781e-07, 3.07161400315e-07, 3.13319162615e-07, 1.93023709016e-07, 1.64234535305e-07, 1.4315929775e-07, 5.21672554044e-08, 2.1800613581e-07, 1.13210511188e-07, 1.03748590163e-07, 1.10693861188e-07, 1.23623820514e-07, 5.43467599812e-08, 7.63216689847e-08, 7.27384659172e-08, 7.70790293814e-08, 3.84910237017e-09, 2.02141259287e-09, 1.18352760925e-09, 5.90669402278e-10, 3.45104417265e-10, 1.59329036076e-10, 5.7151287175e-11, 1.67896425929e-11, 3.21984452989e-11, 6.71266792152e-11, 8.72503250204e-11, 7.24180715395e-11, 8.38660113578e-11, 1.0279862378e-10, 1.78616788027e-10, 2.16686543708e-10, 2.30695129666e-10, 2.45388265263e-10, 4.14286271955e-10, 1.1380434789e-10, 3.79366572878e-11]
    },
    "mfcc": {
        "mean": [-667.319885254, 134.854522705, -0.208885982633, -4.51307916641, 0.0459565632045, 10.1813011169, -5.34356975555, 5.37688827515, 4.126745224, 2.35887813568, -0.989444613457, 3.40151762962, -6.54059791565],
        "cov": [[9937.18652344, -3438.83764648, 1741.82263184, 237.661651611, 1183.46838379, 1194.9486084, 717.027770996, 636.447143555, 22.3342609406, 306.621734619, 36.6297950745, 396.859985352, 218.253738403], [-3438.83764648, 3278.2097168, -419.531890869, 482.958435059, -39.702091217, -78.3782119751, 16.1801052094, -41.3294487, 161.522689819, -68.1093673706, 93.5709152222, -81.3380584717, -87.4781951904], [1741.82263184, -419.531890869, 1748.06555176, 281.430114746, 631.998046875, 329.124542236, 288.204711914, 267.984680176, 69.2372512817, 182.14125061, 14.9949035645, 116.524620056, 73.7302627563], [237.661651611, 482.958435059, 281.430114746, 865.676574707, 319.436523438, 338.876983643, 247.956344604, 187.208587646, 186.157180786, 106.962112427, 133.540863037, 70.1956253052, 49.8849220276], [1183.46838379, -39.702091217, 631.998046875, 319.436523438, 676.370239258, 472.836090088, 346.237182617, 265.52432251, 155.924942017, 191.492599487, 123.818031311, 122.819152832, 72.4374313354], [1194.9486084, -78.3782119751, 329.124542236, 338.876983643, 472.836090088, 652.610412598, 386.311065674, 287.722137451, 187.456924438, 176.870758057, 149.716201782, 141.642974854, 92.8356628418], [717.027770996, 16.1801052094, 288.204711914, 247.956344604, 346.237182617, 386.311065674, 392.538513184, 256.327667236, 177.256271362, 141.076766968, 113.782951355, 124.813774109, 74.9158477783], [636.447143555, -41.3294487, 267.984680176, 187.208587646, 265.52432251, 287.722137451, 256.327667236, 304.236541748, 156.991424561, 123.268348694, 78.6915435791, 78.8061065674, 53.3180007935], [22.3342609406, 161.522689819, 69.2372512817, 186.157180786, 155.924942017, 187.456924438, 177.256271362, 156.991424561, 229.932266235, 126.850059509, 96.3106384277, 59.7119255066, 32.1894454956], [306.621734619, -68.1093673706, 182.14125061, 106.962112427, 191.492599487, 176.870758057, 141.076766968, 123.268348694, 126.850059509, 179.02796936, 101.395980835, 66.5270690918, 33.5092735291], [36.6297950745, 93.5709152222, 14.9949035645, 133.540863037, 123.818031311, 149.716201782, 113.782951355, 78.6915435791, 96.3106384277, 101.395980835, 167.961212158, 104.39679718, 55.1789245605], [396.859985352, -81.3380584717, 116.524620056, 70.1956253052, 122.819152832, 141.642974854, 124.813774109, 78.8061065674, 59.7119255066, 66.5270690918, 104.39679718, 181.322143555, 94.6119766235], [218.253738403, -87.4781951904, 73.7302627563, 49.8849220276, 72.4374313354, 92.8356628418, 74.9158477783, 53.3180007935, 32.1894454956, 33.5092735291, 55.1789245605, 94.6119766235, 137.995681763]],
