{
"lowlevel": {
    "average_loudness": 0.640769541264,
    "barkbands_crest": {
        "dmean": 2.86734175682,
        "dmean2": 4.48296308517,
        "dvar": 11.7798566818,
        "dvar2": 25.054479599,
        "max": 26.9340724945,
        "mean": 15.6627092361,
        "median": 15.009973526,
        "min": 2.35810804367,
        "var": 49.4094085693
    },
    "barkbands_flatness_db": {
        "dmean": 0.0428579039872,
        "dmean2": 0.0563261061907,
        "dvar": 0.00232108053751,
        "dvar2": 0.0037447239738,
        "max": 0.823336720467,
        "mean": 0.242548286915,
        "median": 0.214095503092,
        "min": 0.0165618527681,
        "var": 0.0168551467359
    },
    "barkbands_kurtosis": {
        "dmean": 58.2435798645,
        "dmean2": 88.050994873,
        "dvar": 52459.2773438,
        "dvar2": 116432.640625,
        "max": 2797.78759766,
        "mean": 70.2119827271,
        "median": 10.0855140686,
        "min": -1.87332773209,
        "var": 65080.3828125
    },
    "barkbands_skewness": {
        "dmean": 1.66308772564,
        "dmean2": 2.4541683197,
        "dvar": 9.38098335266,
        "dvar2": 20.4954586029,
        "max": 41.7122268677,
        "mean": 3.92102837563,
        "median": 2.64205336571,
        "min": -4.23448610306,
        "var": 18.8723907471
    },
    "barkbands_spread": {
        "dmean": 5.18692016602,
        "dmean2": 7.92589378357,
        "dvar": 76.2443008423,
        "dvar2": 173.580688477,
        "max": 100.821723938,
        "mean": 11.4677238464,
        "median": 8.17868232727,
        "min": 0.0213381387293,
        "var": 142.171188354
    },
    "dissonance": {
        "dmean": 0.0251067690551,
        "dmean2": 0.0414780005813,
        "dvar": 0.000723246484995,
        "dvar2": 0.00199285685085,
        "max": 0.500000119209,
        "mean": 0.447259187698,
        "median": 0.461585789919,
        "min": 0.0879466757178,
        "var": 0.00246540480293
    },
    "dynamic_complexity": 4.33228540421,
    "erbbands_crest": {
        "dmean": 2.77022075653,
        "dmean2": 4.27594804764,
        "dvar": 9.44342899323,
        "dvar2": 19.3711204529,
        "max": 33.0977859497,
        "mean": 10.8875598907,
        "median": 8.77975177765,
        "min": 2.43853211403,
        "var": 45.2409477234
    },
    "erbbands_flatness_db": {
        "dmean": 0.0242649391294,
        "dmean2": 0.0342403165996,
        "dvar": 0.000787220080383,
        "dvar2": 0.00158024288248,
        "max": 0.632969796658,
        "mean": 0.192536190152,
        "median": 0.177160173655,
        "min": 0.0499868579209,
        "var": 0.00777623429894
    },
    "erbbands_kurtosis": {
        "dmean": 5.78824281693,
        "dmean2": 9.40136528015,
        "dvar": 630.920349121,
        "dvar2": 1702.74316406,
        "max": 401.049560547,
        "mean": 6.83800029755,
        "median": 0.573518514633,
        "min": -1.9079875946,
        "var": 661.130493164
    },
    "erbbands_skewness": {
        "dmean": 0.67446744442,
        "dmean2": 0.975300192833,
        "dvar": 1.2343044281,
        "dvar2": 2.54395365715,
        "max": 16.434173584,
        "mean": 1.15833282471,
        "median": 0.702678561211,
        "min": -2.8971824646,
        "var": 3.89006471634
    },
    "erbbands_spread": {
        "dmean": 9.93752002716,
        "dmean2": 15.1503829956,
        "dvar": 180.196975708,
        "dvar2": 374.298980713,
        "max": 190.467727661,
        "mean": 37.8361816406,
        "median": 32.5358505249,
        "min": 0.277796924114,
        "var": 718.319091797
    },
    "hfc": {
        "dmean": 10.153711319,
        "dmean2": 15.7054491043,
        "dvar": 804.184997559,
        "dvar2": 2089.2097168,
        "max": 399.928863525,
        "mean": 16.0386886597,
        "median": 8.41964817047,
        "min": 1.19976115694e-16,
        "var": 786.028564453
    },
    "melbands_crest": {
        "dmean": 3.59476447105,
        "dmean2": 5.46199560165,
        "dvar": 18.2729949951,
        "dvar2": 37.0337219238,
        "max": 37.9404067993,
        "mean": 21.0409812927,
        "median": 20.7141704559,
        "min": 2.23827433586,
        "var": 85.1040039062
    },
    "melbands_flatness_db": {
        "dmean": 0.0484897606075,
        "dmean2": 0.0630335733294,
        "dvar": 0.00309847272001,
        "dvar2": 0.00498554296792,
        "max": 0.966364145279,
        "mean": 0.319040209055,
        "median": 0.294108688831,
        "min": 0.00750769861042,
        "var": 0.0241654552519
    },
    "melbands_kurtosis": {
        "dmean": 39.2335586548,
        "dmean2": 60.6031074524,
        "dvar": 11429.3144531,
        "dvar2": 24413.5605469,
        "max": 1967.83654785,
        "mean": 67.3316497803,
        "median": 18.2966594696,
        "min": -1.75529658794,
        "var": 19421.3222656
    },
    "melbands_skewness": {
        "dmean": 1.49597656727,
        "dmean2": 2.27225756645,
        "dvar": 4.87872600555,
        "dvar2": 10.0802173615,
        "max": 34.7517776489,
        "mean": 4.66702651978,
        "median": 3.13536000252,
        "min": -2.28032827377,
        "var": 17.0730609894
    },
    "melbands_spread": {
        "dmean": 5.96621751785,
        "dmean2": 9.40877151489,
        "dvar": 193.805114746,
        "dvar2": 468.624938965,
        "max": 196.421173096,
        "mean": 11.9664850235,
        "median": 6.88768577576,
        "min": 0.106544055045,
        "var": 304.651428223
    },
    "pitch_salience": {
        "dmean": 0.0953354462981,
        "dmean2": 0.14589369297,
        "dvar": 0.0117053892463,
        "dvar2": 0.0250127296895,
        "max": 0.885427176952,
        "mean": 0.40495672822,
        "median": 0.423659592867,
        "min": 0.0176486670971,
        "var": 0.0461727827787
    },
    "silence_rate_20dB": {
        "dmean": 0,
        "dmean2": 0,
        "dvar": 0,
        "dvar2": 0,
        "max": 1,
        "mean": 1,
        "median": 1,
        "min": 1,
        "var": 0
    },
    "silence_rate_30dB": {
        "dmean": 0.0676756724715,
        "dmean2": 0.135365992785,
        "dvar": 0.0630937665701,
        "dvar2": 0.12460321188,
        "max": 1,
        "mean": 0.759917855263,
        "median": 1,
        "min": 0,
        "var": 0.182433485985
    },
    "silence_rate_60dB": {
        "dmean": 0.0588108114898,
        "dmean2": 0.117634341121,
        "dvar": 0.0553477555513,
        "dvar2": 0.123257145286,
        "max": 1,
        "mean": 0.13490433991,
        "median": 0,
        "min": 0,
        "var": 0.11670101434
    },
    "spectral_centroid": {
        "dmean": 281.602996826,
        "dmean2": 406.179718018,
        "dvar": 175123.8125,
        "dvar2": 368567.9375,
        "max": 11020.5107422,
        "mean": 1016.73614502,
        "median": 821.917907715,
        "min": 54.9539299011,
        "var": 596930.75
    },
    "spectral_complexity": {
        "dmean": 4.12043237686,
        "dmean2": 5.78851747513,
        "dvar": 38.2176513672,
        "dvar2": 70.887802124,
        "max": 64,
        "mean": 12.1221485138,
        "median": 9,
        "min": 0,
        "var": 111.905563354
    },
    "spectral_decrease": {
        "dmean": 4.86219775553e-09,
        "dmean2": 6.17203310682e-09,
        "dvar": 8.44866594317e-17,
        "dvar2": 1.52897890839e-16,
        "max": 1.04250624001e-28,
        "mean": -1.48980028314e-08,
        "median": -4.39185887657e-09,
        "min": -9.86142651982e-08,
        "var": 4.02827985058e-16
    },
    "spectral_energy": {
        "dmean": 0.0189758930355,
        "dmean2": 0.0239940490574,
        "dvar": 0.00123693025671,
        "dvar2": 0.0022562337108,
        "max": 0.376450240612,
        "mean": 0.0576831698418,
        "median": 0.017726175487,
        "min": 1.06276948661e-20,
        "var": 0.00588986510411
    },
    "spectral_energyband_high": {
        "dmean": 0.000851467601024,
        "dmean2": 0.00138726690784,
        "dvar": 9.71552344708e-06,
        "dvar2": 2.55924969679e-05,
        "max": 0.0499046072364,
        "mean": 0.00087541929679,
        "median": 8.92536700121e-05,
        "min": 7.67875397704e-21,
        "var": 7.99736062618e-06
    },
    "spectral_energyband_low": {
        "dmean": 0.0149522041902,
        "dmean2": 0.0192274581641,
        "dvar": 0.0011061062105,
        "dvar2": 0.00195000134408,
        "max": 0.320673674345,
        "mean": 0.0463496670127,
        "median": 0.0013770791702,
        "min": 4.42946786677e-23,
        "var": 0.00533564202487
    },
    "spectral_energyband_middle_high": {
        "dmean": 0.0013006455265,
        "dmean2": 0.00196097721346,
        "dvar": 6.80993707647e-06,
        "dvar2": 1.59085993801e-05,
        "max": 0.0354576967657,
        "mean": 0.00240389234386,
        "median": 0.000913728144951,
        "min": 1.5049351672e-21,
        "var": 1.2434985365e-05
    },
    "spectral_energyband_middle_low": {
        "dmean": 0.00586297176778,
        "dmean2": 0.00982116349041,
        "dvar": 0.000249929929851,
        "dvar2": 0.000705316138919,
        "max": 0.172197952867,
        "mean": 0.0090188710019,
        "median": 0.00501245958731,
        "min": 2.25224130331e-22,
        "var": 0.000192879233509
    },
    "spectral_entropy": {
        "dmean": 0.286648571491,
        "dmean2": 0.407414227724,
        "dvar": 0.136969059706,
        "dvar2": 0.279779791832,
        "max": 9.8142490387,
        "mean": 7.1130771637,
        "median": 7.29134941101,
        "min": 3.0910525322,
        "var": 0.826524674892
    },
    "spectral_flux": {
        "dmean": 0.044205147773,
        "dmean2": 0.068503305316,
        "dvar": 0.00526533322409,
        "dvar2": 0.010075641796,
        "max": 0.628849804401,
        "mean": 0.0858835279942,
        "median": 0.0556132271886,
        "min": 7.02314664758e-11,
        "var": 0.00910913571715
    },
    "spectral_kurtosis": {
        "dmean": 4.73481655121,
        "dmean2": 7.94957733154,
        "dvar": 145.998641968,
        "dvar2": 454.59375,
        "max": 439.295715332,
        "mean": 10.6634693146,
        "median": 4.55290412903,
        "min": -1.21314787865,
        "var": 458.884399414
    },
    "spectral_rms": {
        "dmean": 0.00122490071226,
        "dmean2": 0.00150402833242,
        "dvar": 3.0601340768e-06,
        "dvar2": 4.69401993541e-06,
        "max": 0.0191642511636,
        "mean": 0.00591457402334,
        "median": 0.00415858486667,
        "min": 3.22001279807e-12,
        "var": 2.12941413338e-05
    },
    "spectral_rolloff": {
        "dmean": 424.677276611,
        "dmean2": 716.320983887,
        "dvar": 1332378.375,
        "dvar2": 3092856,
        "max": 18992.2851562,
        "mean": 848.840942383,
        "median": 452.197265625,
        "min": 43.06640625,
        "var": 2082706.375
    },
    "spectral_skewness": {
        "dmean": 0.432045578957,
        "dmean2": 0.683733940125,
        "dvar": 0.381083548069,
        "dvar2": 0.991363286972,
        "max": 16.6802062988,
        "mean": 2.09728050232,
        "median": 1.66932737827,
        "min": -0.0375435948372,
        "var": 2.33462882042
    },
    "spectral_spread": {
        "dmean": 659328.25,
        "dmean2": 980634.8125,
        "dvar": 665418465280,
        "dvar2": 1.30379481088e+12,
        "max": 40708908,
        "mean": 4389176.5,
        "median": 4199356,
        "min": 239947.53125,
        "var": 3.83869308109e+12
    },
    "spectral_strongpeak": {
        "dmean": 0.329182505608,
        "dmean2": 0.524318814278,
        "dvar": 0.531971514225,
        "dvar2": 1.37641561031,
        "max": 14.9750165939,
        "mean": 0.835376560688,
        "median": 0.709625720978,
        "min": 0,
        "var": 0.699929118156
    },
    "zerocrossingrate": {
        "dmean": 0.0103886714205,
        "dmean2": 0.0119350422174,
        "dvar": 0.000271508732112,
        "dvar2": 0.000329252128722,
        "max": 0.5478515625,
        "mean": 0.0383623018861,
        "median": 0.029296875,
        "min": 0.00146484375,
        "var": 0.00139553390909
    },
    "barkbands": {
        "dmean": [0.00115991779603, 0.0136945610866, 0.00531132472679, 0.00258011883125, 0.00189900887199, 0.000983007368632, 0.000703316356521, 0.000489161466248, 0.000419595919084, 0.000399470358388, 0.000169788603671, 0.000220761532546, 0.00012275291374, 0.000134106056066, 0.00013046246022, 0.000154998895596, 0.00017337682948, 0.000125205842778, 0.000134979505674, 0.000126551458379, 0.000164998593391, 0.000177202877239, 0.000183177820873, 0.000134146350319, 0.000102037934994, 5.25957220816e-05, 6.96971619618e-06],
        "dmean2": [0.00175459554885, 0.0185436010361, 0.00989501737058, 0.00475099729374, 0.0030726112891, 0.00147728004958, 0.00113780854736, 0.000777741195634, 0.000667999265715, 0.000643874867819, 0.000274505262496, 0.000355636846507, 0.000198067471501, 0.000216356493183, 0.000209487028769, 0.000251921504969, 0.000296697922749, 0.000207084653084, 0.000215896448935, 0.000200217531528, 0.000269988609944, 0.000294915167615, 0.00031194803887, 0.000222302347538, 0.000170175218955, 8.5545492766e-05, 1.18858442875e-05],
        "dvar": [1.3966446204e-05, 0.000883568543941, 0.000599927967414, 0.00012741550745, 1.96893015527e-05, 4.61368563265e-06, 1.90057767213e-06, 1.12933253149e-06, 7.53706103751e-07, 8.27943324566e-07, 3.00636202155e-07, 2.81417214865e-07, 1.1737795802e-07, 8.75778241038e-08, 8.85656774585e-08, 2.53910371839e-07, 8.86275870471e-07, 1.28247350517e-07, 1.84608339282e-07, 1.34987686806e-07, 3.07439734115e-07, 4.41154327291e-07, 5.34756850357e-07, 2.73474739743e-07, 1.52589507252e-07, 4.2083982521e-08, 1.08995756865e-09],
        "dvar2": [2.64550108113e-05, 0.00157309591305, 0.00172261544503, 0.000371589121642, 5.32595258846e-05, 9.38836092246e-06, 4.80280823467e-06, 2.77577214547e-06, 1.85751218851e-06, 2.09394920603e-06, 7.2969021403e-07, 6.86962778218e-07, 2.69789182994e-07, 2.13916351299e-07, 2.18186926304e-07, 5.83260373332e-07, 2.21352115659e-06, 3.36094075237e-07, 4.60533527757e-07, 3.36032996984e-07, 8.21873925361e-07, 1.17644094644e-06, 1.43005252085e-06, 7.24820324649e-07, 4.04095430895e-07, 1.09217701549e-07, 2.97088376122e-09],
        "max": [0.110874578357, 0.21528249979, 0.222782954574, 0.120820730925, 0.0511044934392, 0.035744164139, 0.0241144150496, 0.0237250830978, 0.0152355553582, 0.0152399465442, 0.0185885205865, 0.0141983721405, 0.0114906728268, 0.00469562085345, 0.00558867398649, 0.014652159065, 0.0276851058006, 0.00859841890633, 0.0100987413898, 0.00696833292022, 0.0128858825192, 0.0113642606884, 0.012667298317, 0.00803888775408, 0.00616022385657, 0.00431865965948, 0.000760819122661],
        "mean": [0.00241754041053, 0.0391699597239, 0.00382736558095, 0.00200539524667, 0.00285202683881, 0.0015290309675, 0.00124520051759, 0.000685661914758, 0.000628941692412, 0.000620630569756, 0.000263150810497, 0.000300768035231, 0.000176602203283, 0.000169913444552, 0.000166013633134, 0.000185627053725, 0.000172336440301, 0.000147784667206, 0.000164063749253, 0.000161668809596, 0.000186717850738, 0.000165043966263, 0.000155936912051, 0.000127074425109, 9.98121540761e-05, 5.24508322997e-05, 6.29172882327e-06],
        "median": [8.98421967577e-06, 0.000358302902896, 0.00018120589084, 0.000229537647101, 0.00106951454654, 0.000488930963911, 0.000347171560861, 0.000180819581146, 0.000146369289723, 0.000104326391011, 3.5314798879e-05, 7.17909933883e-05, 3.48518733517e-05, 3.5075154301e-05, 3.37994351867e-05, 3.70932939404e-05, 2.64082300419e-05, 2.6046343919e-05, 2.90019088425e-05, 1.85076241905e-05, 2.09463541978e-05, 1.05899816845e-05, 7.32245644031e-06, 5.56448003408e-06, 3.27324369209e-06, 1.08973154056e-06, 4.46917738373e-08],
        "min": [2.11973819877e-23, 1.42441773756e-23, 1.15909999154e-23, 1.68054762063e-23, 2.61365821103e-23, 1.76442956726e-23, 3.60301616169e-23, 3.79764139987e-23, 5.08891740266e-23, 1.45052603586e-23, 4.07504812373e-23, 6.30679210704e-23, 6.32041731259e-23, 8.28667331369e-23, 1.72483843703e-22, 1.6138295518e-22, 1.80020595548e-22, 1.63055971387e-22, 2.23255966549e-22, 2.64699462091e-22, 2.80319438129e-22, 4.12396412628e-22, 6.41781336161e-22, 7.56878338422e-22, 1.30452885338e-21, 1.7752287512e-21, 2.49598538858e-21],
        "var": [4.75031993119e-05, 0.00408441433683, 0.000359837285941, 7.15090136509e-05, 2.21540140046e-05, 8.92484786164e-06, 4.10850816479e-06, 1.57482350005e-06, 1.29355203171e-06, 1.6518368966e-06, 7.72206988131e-07, 4.69170629458e-07, 2.76190235127e-07, 1.21887282489e-07, 1.21585046031e-07, 2.89508335527e-07, 7.34824709525e-07, 1.34865587142e-07, 1.90728002281e-07, 1.55552484671e-07, 2.60716262801e-07, 3.37903998116e-07, 3.97655213646e-07, 2.21832507918e-07, 1.25796944417e-07, 3.71852024728e-08, 7.99315946765e-10]
    },
    "erbbands": {
        "dmean": [0.574443280697, 2.6790201664, 5.33932161331, 8.44402694702, 7.05286169052, 6.09113264084, 6.83081674576, 9.20481681824, 10.6126499176, 8.18084716797, 10.3543243408, 6.82108259201, 12.0259685516, 11.8486051559, 7.62467575073, 7.04038524628, 5.35037899017, 6.68672180176, 6.81698036194, 6.37742805481, 9.55782985687, 8.7282409668, 7.27532529831, 6.31618309021, 7.61512422562, 5.75102472305, 6.63722229004, 6.51552915573, 5.86878585815, 5.9365606308, 5.36523008347, 3.22139525414, 1.95157456398, 1.32232284546, 0.63143068552, 0.270486712456, 0.0830807834864, 0.0179740320891, 0.00121453334577, 3.95825445594e-05],
        "dmean2": [0.761632502079, 3.52412557602, 9.27745723724, 15.8051290512, 11.7167882919, 10.0765790939, 10.8858575821, 13.2557268143, 16.8803863525, 13.1212158203, 16.6118488312, 11.041759491, 19.2157707214, 18.930311203, 12.1213760376, 11.3265762329, 8.58424663544, 10.7289609909, 10.8564500809, 10.364938736, 15.4962272644, 14.8718271255, 11.8806657791, 10.2513484955, 12.2353687286, 8.95791816711, 10.7460451126, 10.7363672256, 9.7857503891, 9.92381000519, 9.16358089447, 5.33807563782, 3.22294163704, 2.21498632431, 1.05139303207, 0.442447602749, 0.133429437876, 0.0306212361902, 0.00207367516123, 5.80186097068e-05],
        "dvar": [1.59127902985, 37.7244949341, 484.836914062, 1523.55908203, 482.233306885, 196.719207764, 201.121841431, 509.283508301, 403.063415527, 316.862518311, 507.050384521, 194.778747559, 763.904785156, 678.44329834, 382.994262695, 265.60369873, 249.501647949, 218.624511719, 250.528030396, 300.349151611, 1140.36132812, 1645.43432617, 722.522155762, 407.452575684, 548.02331543, 277.177459717, 414.173797607, 569.380859375, 479.085662842, 567.25567627, 466.505950928, 163.517608643, 54.5065727234, 27.3514709473, 5.34810686111, 1.07068586349, 0.112741596997, 0.00547736044973, 3.01643649436e-05, 1.0631167946e-08],
        "dvar2": [2.70647978783, 71.1625518799, 1337.32116699, 4428.14306641, 1347.09313965, 530.469116211, 504.472198486, 942.483276367, 1006.0925293, 780.066711426, 1267.58374023, 471.444213867, 1955.50109863, 1713.3203125, 923.862609863, 664.268615723, 570.749023438, 531.28302002, 604.802185059, 766.815185547, 2610.73046875, 4150.29638672, 1768.19689941, 1032.1204834, 1421.94616699, 685.063842773, 1090.87023926, 1534.94128418, 1285.36499023, 1486.28198242, 1270.44299316, 433.795532227, 142.879852295, 73.5464630127, 13.9852180481, 2.78862142563, 0.289977729321, 0.014707156457, 8.12377984403e-05, 2.71002793539e-08],
        "max": [10.726108551, 53.3282241821, 205.89352417, 377.845611572, 259.652099609, 163.956726074, 219.257339478, 439.211669922, 349.509155273, 387.052398682, 467.139587402, 280.918212891, 417.413543701, 392.357849121, 585.684936523, 347.934234619, 565.417907715, 251.82371521, 284.641571045, 299.931152344, 1015.18304443, 1104.1940918, 788.212646484, 642.520507812, 337.892669678, 362.940093994, 449.254455566, 508.738311768, 353.103668213, 568.194335938, 350.243011475, 220.162307739, 101.83896637, 82.9660644531, 34.4546852112, 19.42004776, 8.41171073914, 1.5670362711, 0.0964956060052, 0.0017968515167],
        "mean": [1.59041011333, 6.9458360672, 5.27938079834, 6.11398458481, 8.49171543121, 8.61012172699, 9.99768257141, 14.8966579437, 19.2052936554, 14.9727153778, 14.3595256805, 10.5378837585, 19.1572761536, 20.1165599823, 12.9156332016, 9.89897155762, 8.05951595306, 8.85695743561, 9.04741287231, 7.95369338989, 11.5113258362, 9.29255104065, 8.76761245728, 7.6292681694, 9.13497257233, 7.62685871124, 7.96261644363, 6.73141288757, 5.58456993103, 5.27455425262, 4.46265649796, 2.98343014717, 1.90111374855, 1.24974644184, 0.627919256687, 0.265993505716, 0.0857123509049, 0.0171198770404, 0.00109752430581, 8.47861301736e-05],
        "median": [0.00489862635732, 0.0960612893105, 0.345256745815, 0.622083604336, 1.73990809917, 2.79368972778, 3.29999494553, 4.26435422897, 6.27168893814, 5.28433084488, 4.04942989349, 2.9705092907, 4.06689977646, 4.39789485931, 3.30065131187, 2.78502106667, 1.63499653339, 2.11461806297, 1.94251859188, 1.69401741028, 2.25530910492, 1.67471385002, 1.57378828526, 1.56527864933, 1.33830547333, 0.95812100172, 0.867867648602, 0.648122370243, 0.398028701544, 0.285332739353, 0.199828773737, 0.114644117653, 0.0869862884283, 0.0423615127802, 0.0200050957501, 0.00658697029576, 0.00173191656359, 0.000293766148388, 4.83405128762e-05, 2.81078864646e-05],
        "min": [2.76404466607e-22, 3.9046253022e-21, 1.02238271632e-20, 4.69451913305e-20, 6.61847887619e-20, 8.01942427335e-20, 6.4904894785e-20, 1.93387188719e-19, 3.40635897231e-19, 9.75488616312e-19, 7.31843445764e-19, 9.83459845683e-19, 5.17340778774e-19, 1.07782223182e-18, 1.92540225565e-18, 2.26274698217e-18, 2.7474291194e-18, 3.47033162162e-18, 4.62085217254e-18, 9.4997797331e-18, 9.99621217773e-18, 9.91706340081e-18, 5.59909333573e-18, 1.33802858187e-17, 1.14217148612e-17, 1.44420540258e-17, 1.03481477499e-17, 1.05582507983e-17, 1.72163731325e-17, 1.40028178118e-17, 1.82632297547e-17, 1.55048835056e-17, 1.49515757764e-17, 1.32596696505e-17, 1.00052499531e-17, 5.29302410138e-18, 3.81870907635e-18, 1.20135359129e-18, 3.14148514192e-19, 3.61945284732e-20],
        "var": [7.04329538345, 154.502197266, 359.957855225, 852.935302734, 384.950012207, 233.004104614, 294.380065918, 1083.05725098, 962.706848145, 653.825195312, 665.480712891, 347.216033936, 1323.68408203, 1546.66345215, 964.552185059, 403.877655029, 615.175109863, 297.42401123, 363.253601074, 329.630767822, 1281.73205566, 1379.53503418, 714.24786377, 394.462890625, 560.912597656, 337.825744629, 394.916473389, 444.540863037, 365.272155762, 438.014007568, 335.090362549, 130.5834198, 45.8303146362, 21.3591022491, 4.63013362885, 0.930822074413, 0.102749936283, 0.00435942970216, 2.2911313863e-05, 1.60678936822e-08]
    },
    "gfcc": {
        "mean": [-81.3944396973, 106.48110199, -99.2612075806, 28.6594581604, -56.8238716125, 3.9385175705, -29.9605312347, 3.34878969193, -17.3188858032, -0.441514730453, -10.2394533157, 0.307804763317, -4.82582998276],
        "cov": [[17186.7421875, -4117.65576172, -1624.09716797, 938.384765625, -955.416748047, 953.669494629, -587.070007324, 579.282226562, -814.734191895, 405.40045166, -597.051269531, 469.252868652, -220.189910889], [-4117.65576172, 3599.25366211, -244.834075928, -322.526397705, 384.906616211, -770.92791748, 351.104217529, -540.766052246, 409.984161377, -392.941711426, 282.496276855, -383.818359375, 167.674789429], [-1624.09716797, -244.834075928, 2616.07470703, 956.645629883, 888.665283203, 746.456237793, 540.290405273, 363.896240234, 66.7640304565, 281.56842041, 203.133056641, 154.419509888, 151.192001343], [938.384765625, -322.526397705, 956.645629883, 1659.14611816, 687.504272461, 518.246032715, 466.087127686, 155.4115448, 112.810745239, 173.454803467, 238.806030273, -4.4523768425, 135.670715332], [-955.416748047, 384.906616211, 888.665283203, 687.504272461, 853.671020508, 330.169250488, 426.379364014, 150.920440674, 187.468200684, 92.2460021973, 204.651748657, 11.9132728577, 119.350311279], [953.669494629, -770.92791748, 746.456237793, 518.246032715, 330.169250488, 730.825500488, 213.262435913, 262.444549561, -101.07988739, 144.666671753, 17.4729881287, 140.116287231, 57.5155754089], [-587.070007324, 351.104217529, 540.290405273, 466.087127686, 426.379364014, 213.262435913, 497.810424805, 109.188591003, 162.988586426, 51.6537284851, 156.664047241, -0.678281486034, 116.685821533], [579.282226562, -540.766052246, 363.896240234, 155.4115448, 150.920440674, 262.444549561, 109.188591003, 343.311950684, 40.9595680237, 143.445007324, 6.5941696167, 109.768989563, 7.13986158371], [-814.734191895, 409.984161377, 66.7640304565, 112.810745239, 187.468200684, -101.07988739, 162.988586426, 40.9595680237, 332.408538818, 38.7952957153, 116.602027893, -31.0005531311, 51.7504577637], [405.40045166, -392.941711426, 281.56842041, 173.454803467, 92.2460021973, 144.666671753, 51.6537284851, 143.445007324, 38.7952957153, 204.947982788, 56.7838630676, 87.5056228638, 15.4415082932], [-597.051269531, 282.496276855, 203.133056641, 238.806030273, 204.651748657, 17.4729881287, 156.664047241, 6.5941696167, 116.602027893, 56.7838630676, 190.390762329, 6.99779415131, 66.7725448608], [469.252868652, -383.818359375, 154.419509888, -4.4523768425, 11.9132728577, 140.116287231, -0.678281486034, 109.768989563, -31.0005531311, 87.5056228638, 6.99779415131, 149.142044067, 21.5919704437], [-220.189910889, 167.674789429, 151.192001343, 135.670715332, 119.350311279, 57.5155754089, 116.685821533, 7.13986158371, 51.7504577637, 15.4415082932, 66.7725448608, 21.5919704437, 123.908996582]],
        "icov": [[0.000144352743519, -4.22684606747e-05, 0.000201601680601, -0.000269399170065, 0.00012528555817, -0.000105454812001, 1.35141344799e-05, -0.000169700826518, 0.000191940533114, -0.000287648203084, 0.000470160914119, -0.000387483101804, 5.78645667701e-05], [-4.22684606747e-05, 0.0011469440069, -0.000181498005986, 0.000655739393551, -0.000680592260323, 0.000687085906975, -0.000583367887884, 0.00084421725478, -0.000364171573892, 0.00119400245603, -0.00122168357484, 0.00148602132685, -0.00088365416741], [0.000201601680601, -0.000181498005986, 0.00105912564322, -0.000462806987343, -0.000295168254524, -0.000484813906951, -0.000158785274834, -0.000394383299863, 0.000552449666429, -0.00102635286748, 0.000823250040412, -0.000777699402533, 8.89233051566e-05], [-0.000269399170065, 0.000655739393551, -0.000462806987343, 0.00201955111697, -0.000946131360251, -0.000146164325997, -0.000573844765313, 0.000901377177797, -0.000353307899786, 0.000390574365156, -0.00211728224531, 0.00252616964281, -0.000745348748751], [0.00012528555817, -0.000680592260323, -0.000295168254524, -0.000946131360251, 0.0036138233263, -0.00105900783092, -0.000474791333545, -0.000870557967573, -0.000531148456503, -8.12085563666e-05, -0.00027934202808, -0.000651884125546, 0.000543776259292], [-0.000105454812001, 0.000687085906975, -0.000484813906951, -0.000146164325997, -0.00105900783092, 0.00413743732497, -0.00104489584919, -0.000753018714022, 0.00141465093475, 0.000648269022349, 0.000295210455079, -0.000616252655163, -0.000961955927778], [1.35141344799e-05, -0.000583367887884, -0.000158785274834, -0.000573844765313, -0.000474791333545, -0.00104489584919, 0.00516585167497, -0.00132502894849, -0.000922354403883, 0.000496869033668, -0.000879510072991, 0.000394330738345, -0.00148198672105], [-0.000169700826518, 0.00084421725478, -0.000394383299863, 0.000901377177797, -0.000870557967573, -0.000753018714022, -0.00132502894849, 0.00701858662069, -0.00194867770188, -0.00138166593388, 0.000695455411915, -0.00100567797199, 0.00086826615734], [0.000191940533114, -0.000364171573892, 0.000552449666429, -0.000353307899786, -0.000531148456503, 0.00141465093475, -0.000922354403883, -0.00194867770188, 0.00592117756605, -0.0017736160662, -0.000639883684926, 0.000407427462051, -0.000595649005845], [-0.000287648203084, 0.00119400245603, -0.00102635286748, 0.000390574365156, -8.12085563666e-05, 0.000648269022349, 0.000496869033668, -0.00138166593388, -0.0017736160662, 0.0114991776645, -0.00476787565276, -0.00145452353172, 0.000217333436012], [0.000470160914119, -0.00122168357484, 0.000823250040412, -0.00211728224531, -0.00027934202808, 0.000295210455079, -0.000879510072991, 0.000695455411915, -0.000639883684926, -0.00476787565276, 0.0136181106791, -0.00413460889831, -0.00103405117989], [-0.000387483101804, 0.00148602132685, -0.000777699402533, 0.00252616964281, -0.000651884125546, -0.000616252655163, 0.000394330738345, -0.00100567797199, 0.000407427462051, -0.00145452353172, -0.00413460889831, 0.0157749149948, -0.00442564208061], [5.78645667701e-05, -0.00088365416741, 8.89233051566e-05, -0.000745348748751, 0.000543776259292, -0.000961955927778, -0.00148198672105, 0.00086826615734, -0.000595649005845, 0.000217333436012, -0.00103405117989, -0.00442564208061, 0.0128950607032]]
    },
    "melbands": {
        "dmean": [0.00435334024951, 0.00263934303075, 0.00141761789564, 0.000456896290416, 0.00023674487602, 0.000194923850358, 0.000160603667609, 9.28830195335e-05, 7.49300888856e-05, 5.24875649717e-05, 6.23090672889e-05, 5.19472705491e-05, 2.57248957496e-05, 2.84497964458e-05, 1.25768301587e-05, 1.25936921904e-05, 1.2181272723e-05, 1.14459517135e-05, 8.8535980467e-06, 8.54785957927e-06, 1.15892971735e-05, 8.72211967362e-06, 8.98516009329e-06, 6.53333245282e-06, 4.91625905852e-06, 5.89506498727e-06, 5.07830463903e-06, 3.60486956197e-06, 4.36812661064e-06, 3.94380685975e-06, 3.79718630938e-06, 3.27929274135e-06, 3.5955772546e-06, 3.26030726683e-06, 3.25253358824e-06, 2.5076901693e-06, 1.84027453543e-06, 1.48985020587e-06, 1.11844281037e-06, 1.18039577046e-06],
        "dmean2": [0.00595436198637, 0.00381538807414, 0.00259207235649, 0.00075728923548, 0.000375277682906, 0.000283776374999, 0.000254580780165, 0.000148170613102, 0.000121089658933, 8.41651853989e-05, 9.92923451122e-05, 8.30649805721e-05, 4.09615895478e-05, 4.5886827138e-05, 2.03717245313e-05, 2.04553161893e-05, 1.96199707716e-05, 1.85938515642e-05, 1.42660292113e-05, 1.40727397593e-05, 1.89048150787e-05, 1.51502581502e-05, 1.49012066686e-05, 1.08115145849e-05, 8.03051807452e-06, 9.46920317801e-06, 8.31636134535e-06, 5.61455271963e-06, 7.13083636583e-06, 6.56412385069e-06, 6.29315445622e-06, 5.51190896658e-06, 6.04813112659e-06, 5.5284795053e-06, 5.59529416932e-06, 4.26550241173e-06, 3.03900787912e-06, 2.50661673817e-06, 1.8100423631e-06, 2.02146566153e-06],
        "dvar": [8.9835266408e-05, 6.25526081421e-05, 3.767049202e-05, 1.44927741985e-06, 2.31299594589e-07, 2.12649794662e-07, 9.15117084332e-08, 3.87439271776e-08, 2.67172222124e-08, 1.15930225419e-08, 2.04160475192e-08, 1.32835706879e-08, 6.320145296e-09, 5.13836351246e-09, 1.12757359005e-09, 9.22302567652e-10, 7.13614611847e-10, 7.45646211442e-10, 4.24452417658e-10, 4.74123407201e-10, 1.77118208988e-09, 1.2932211968e-09, 3.78658482347e-09, 3.74120123769e-10, 2.81893397513e-10, 3.42744416182e-10, 2.48463055685e-10, 1.09665873604e-10, 1.6499833444e-10, 1.83110915319e-10, 2.11672693262e-10, 1.58328003486e-10, 1.81268264288e-10, 1.86017021231e-10, 1.70480893291e-10, 1.00824203153e-10, 5.61486829254e-11, 3.22020778099e-11, 1.7129429819e-11, 2.42438239623e-11],
        "dvar2": [0.000156050096848, 0.000149630344822, 0.00010890532576, 3.98614520236e-06, 5.77973764848e-07, 4.0083656927e-07, 2.25516501473e-07, 9.58714707622e-08, 6.74861340144e-08, 2.83652052957e-08, 5.19549239186e-08, 3.35284973119e-08, 1.51804631088e-08, 1.26104477971e-08, 2.71192646117e-09, 2.15804862869e-09, 1.74407477349e-09, 1.82612491795e-09, 1.07509123826e-09, 1.18354492873e-09, 4.13175937908e-09, 3.45706752114e-09, 9.07649244652e-09, 9.44554101601e-10, 7.14048098427e-10, 8.5926971094e-10, 6.60879739822e-10, 2.64422234109e-10, 4.32069630074e-10, 4.86725659776e-10, 5.77713488159e-10, 4.29850793848e-10, 4.7774650902e-10, 4.89328300102e-10, 4.64082883234e-10, 2.75341222045e-10, 1.47678064222e-10, 8.59919288554e-11, 4.39617127423e-11, 6.67982613667e-11],
        "max": [0.0688345730305, 0.0778841823339, 0.05954105407, 0.0134032666683, 0.00774260284379, 0.00868173781782, 0.00548276817426, 0.00354058644734, 0.00319364876486, 0.00178568239789, 0.00209720479324, 0.00172599090729, 0.00274121877737, 0.00202909321524, 0.00112127466127, 0.000809403776657, 0.000425639940659, 0.000463828648208, 0.000272604025668, 0.000318389793392, 0.00129053555429, 0.000721647229511, 0.00207613501698, 0.000562249217182, 0.000534870952833, 0.000368819077266, 0.000190096965525, 0.000234256789554, 0.000262005632976, 0.000290942261927, 0.000358422897989, 0.000252243538853, 0.000245660659857, 0.000341062579537, 0.000210748097743, 0.00013764234609, 0.000142604316352, 7.83135765232e-05, 7.14014604455e-05, 7.70137194195e-05],
        "mean": [0.0124989403412, 0.00489102723077, 0.00115266547073, 0.000607082271017, 0.000361555401469, 0.000314174714731, 0.000293983728625, 0.000162527299835, 0.000100877790828, 7.85441661719e-05, 9.97812821879e-05, 8.65099427756e-05, 4.3174935854e-05, 3.84439699701e-05, 1.69287395693e-05, 1.79102553375e-05, 1.55034431373e-05, 1.45780359162e-05, 1.10494020191e-05, 1.02980638985e-05, 1.34637639349e-05, 8.71902830113e-06, 9.49644709181e-06, 7.83333143772e-06, 5.64610854781e-06, 7.02481247572e-06, 5.84235613132e-06, 4.77203184346e-06, 5.22286882187e-06, 4.26439828516e-06, 3.77282231057e-06, 3.09817687594e-06, 3.23411268255e-06, 2.82529640572e-06, 2.65908784058e-06, 2.16442140299e-06, 1.71894680534e-06, 1.40232270951e-06, 1.11601639219e-06, 1.05417882423e-06],
        "median": [7.22231707186e-05, 0.000212358936551, 0.000153685512487, 0.000175677138031, 0.000124513724586, 9.32763068704e-05, 9.88963365671e-05, 5.72175449634e-05, 2.676954864e-05, 1.87404111784e-05, 2.02712544706e-05, 1.7221129383e-05, 8.22958827484e-06, 8.95578887139e-06, 3.25403948409e-06, 4.08753157899e-06, 3.48759795088e-06, 2.84502175418e-06, 2.3071081614e-06, 2.1914397621e-06, 2.46987178798e-06, 1.44204727803e-06, 1.48988306137e-06, 1.17672152555e-06, 1.10071584913e-06, 1.04677485524e-06, 6.88681097927e-07, 5.13925954237e-07, 5.2967271813e-07, 4.31419351798e-07, 3.0267534612e-07, 2.1555423757e-07, 1.80828052976e-07, 1.38430053198e-07, 1.16699546027e-07, 8.21291052944e-08, 6.02916188086e-08, 6.09539370089e-08, 3.82022342649e-08, 3.16525436972e-08],
        "min": [4.54551869337e-24, 5.67054517917e-24, 7.89467302599e-24, 4.98261744905e-24, 2.5916068666e-24, 3.91050578062e-24, 6.33489425127e-24, 1.10515137195e-23, 6.77199616239e-24, 5.71202269671e-24, 2.34541856365e-24, 4.13902813524e-24, 6.25058198101e-24, 5.79627422468e-24, 4.77711839438e-24, 5.96574521295e-24, 6.38973191709e-24, 6.16070035276e-24, 1.41064233289e-23, 1.13577361123e-23, 1.21012532927e-23, 1.11341200781e-23, 5.36823159219e-24, 7.38837973043e-24, 1.12779215325e-23, 7.52519108837e-24, 8.8514729516e-24, 9.39719903722e-24, 4.13330692153e-24, 6.6277947555e-24, 6.14058834398e-24, 1.01139635777e-23, 7.60433986957e-24, 8.30889757643e-24, 1.19974202649e-23, 7.43918868362e-24, 8.84777792712e-24, 1.07601053457e-23, 9.30839302082e-24, 1.04555261502e-23],
        "var": [0.000413279369241, 0.000105423874629, 2.17994347622e-05, 1.39969154134e-06, 3.50433310814e-07, 4.48203280712e-07, 2.1621264068e-07, 7.29093798668e-08, 3.38123875565e-08, 1.99374703413e-08, 3.67392232192e-08, 2.99991036457e-08, 1.72048473246e-08, 8.52375681148e-09, 2.38050557044e-09, 1.7649297579e-09, 9.47383838046e-10, 1.02954444969e-09, 5.15431475279e-10, 5.32165256306e-10, 1.91686710949e-09, 9.7543539912e-10, 3.36485506125e-09, 4.63596466771e-10, 2.56156207357e-10, 3.80435349889e-10, 2.33072033895e-10, 1.38956735007e-10, 1.65077521097e-10, 1.5237798523e-10, 1.58844548626e-10, 1.17178239334e-10, 1.38912464864e-10, 1.41523417985e-10, 1.21934823349e-10, 7.3340659934e-11, 4.56702106688e-11, 2.57690396799e-11, 1.5249416313e-11, 1.73894301736e-11]
    },
    "mfcc": {
        "mean": [-724.079162598, 132.542953491, 15.2476015091, 26.143907547, 0.255282223225, 3.10791873932, -2.23937964439, 2.92483305931, -0.0274761728942, 0.0621134564281, -1.30358994007, -0.51212900877, -0.0336596034467],
        "cov": [[14294.3603516, -2060.75439453, -1630.66516113, -218.62562561, -630.645690918, 46.6532783508, -58.8865814209, -125.025352478, -157.28112793, -20.5796833038, -300.202423096, -143.918060303, -154.545379639], [-2060.75439453, 2606.95556641, -299.037506104, -157.493713379, -212.999771118, -251.880081177, -197.289276123, -85.4498062134, -48.7284431458, -109.685462952, -48.5856437683, -84.9505844116, -41.3489265442], [-1630.66516113, -299.037506104, 1452.03930664, 610.420227051, 520.419921875, 470.976654053, 468.866119385, 271.243408203, 208.784301758, 215.492202759, 153.640777588, 140.548370361, 69.971534729], [-218.62562561, -157.493713379, 610.420227051, 1190.29724121, 484.988769531, 521.253295898, 442.821716309, 189.643554688, 149.714782715, 238.213760376, 90.1897125244, 246.41368103, 73.374786377], [-630.645690918, -212.999771118, 520.419921875, 484.988769531, 606.199768066, 366.719299316, 340.379486084, 213.606414795, 157.476837158, 146.4324646, 123.238212585, 126.031341553, 85.9576873779], [46.6532783508, -251.880081177, 470.976654053, 521.253295898, 366.719299316, 564.729064941, 419.359405518, 222.847808838, 125.690689087, 163.351837158, 70.3693084717, 86.2063140869, 27.6887454987], [-58.8865814209, -197.289276123, 468.866119385, 442.821716309, 340.379486084, 419.359405518, 542.097595215, 255.913833618, 153.538345337, 169.411621094, 86.004119873, 73.342300415, 14.9645624161], [-125.025352478, -85.4498062134, 271.243408203, 189.643554688, 213.606414795, 222.847808838, 255.913833618, 274.871185303, 151.597518921, 122.692146301, 81.9428253174, 56.48179245, 20.772108078], [-157.28112793, -48.7284431458, 208.784301758, 149.714782715, 157.476837158, 125.690689087, 153.538345337, 151.597518921, 213.782669067, 124.699607849, 81.8699264526, 68.663230896, 43.0483093262], [-20.5796833038, -109.685462952, 215.492202759, 238.213760376, 146.4324646, 163.351837158, 169.411621094, 122.692146301, 124.699607849, 178.143341064, 85.5142974854, 89.5588684082, 26.4134140015], [-300.202423096, -48.5856437683, 153.640777588, 90.1897125244, 123.238212585, 70.3693084717, 86.004119873, 81.9428253174, 81.8699264526, 85.5142974854, 145.51776123, 87.8753585815, 31.2144050598], [-143.918060303, -84.9505844116, 140.548370361, 246.41368103, 126.031341553, 86.2063140869, 73.342300415, 56.48179245, 68.663230896, 89.5588684082, 87.8753585815, 190.365509033, 73.9854354858], [-154.545379639, -41.3489265442, 69.971534729, 73.374786377, 85.9576873779, 27.6887454987, 14.9645624161, 20.772108078, 43.0483093262, 26.4134140015, 31.2144050598, 73.9854354858, 128.820327759]],
