{
"lowlevel": {
    "average_loudness": 0.912566006184,
    "barkbands_crest": {
        "dmean": 3.33264517784,
        "dmean2": 5.21991300583,
        "dvar": 14.1277866364,
        "dvar2": 32.7137260437,
        "max": 26.1322536469,
        "mean": 13.8019018173,
        "median": 14.2551107407,
        "min": 1.91480255127,
        "var": 32.7635383606
    },
    "barkbands_flatness_db": {
        "dmean": 0.0327543877065,
        "dmean2": 0.0484766028821,
        "dvar": 0.00145653111394,
        "dvar2": 0.00333180092275,
        "max": 0.379576355219,
        "mean": 0.131683334708,
        "median": 0.12070325762,
        "min": 0.0156816616654,
        "var": 0.00420722877607
    },
    "barkbands_kurtosis": {
        "dmean": 4.16362571716,
        "dmean2": 6.48296833038,
        "dvar": 160.458892822,
        "dvar2": 387.405670166,
        "max": 285.286834717,
        "mean": 3.90476775169,
        "median": 0.285858392715,
        "min": -1.90103566647,
        "var": 201.213500977
    },
    "barkbands_skewness": {
        "dmean": 0.82553422451,
        "dmean2": 1.18966221809,
        "dvar": 1.29498302937,
        "dvar2": 2.97476768494,
        "max": 15.6804599762,
        "mean": 1.3795876503,
        "median": 1.1559625864,
        "min": -4.70218324661,
        "var": 3.02214598656
    },
    "barkbands_spread": {
        "dmean": 11.7493371964,
        "dmean2": 18.2954883575,
        "dvar": 179.177368164,
        "dvar2": 442.833221436,
        "max": 119.795043945,
        "mean": 44.0277938843,
        "median": 45.3841667175,
        "min": 1.02505004406,
        "var": 484.41217041
    },
    "dissonance": {
        "dmean": 0.0118772191927,
        "dmean2": 0.0204801987857,
        "dvar": 0.000185843557119,
        "dvar2": 0.000523331982549,
        "max": 0.500000059605,
        "mean": 0.483926475048,
        "median": 0.489512860775,
        "min": 0.234398186207,
        "var": 0.00028541428037
    },
    "dynamic_complexity": 2.96583461761,
    "erbbands_crest": {
        "dmean": 2.26816511154,
        "dmean2": 3.7278110981,
        "dvar": 5.44616556168,
        "dvar2": 13.3435850143,
        "max": 28.8801727295,
        "mean": 7.31393098831,
        "median": 6.02242565155,
        "min": 1.97469127178,
        "var": 16.8365364075
    },
    "erbbands_flatness_db": {
        "dmean": 0.0178435407579,
        "dmean2": 0.0269137099385,
        "dvar": 0.000311767420499,
        "dvar2": 0.000695551221725,
        "max": 0.449170261621,
        "mean": 0.134101226926,
        "median": 0.110501036048,
        "min": 0.046710614115,
        "var": 0.00478832423687
    },
    "erbbands_kurtosis": {
        "dmean": 0.822466552258,
        "dmean2": 1.30017435551,
        "dvar": 1.13104450703,
        "dvar2": 2.57050895691,
        "max": 20.6230449677,
        "mean": 0.251521021128,
        "median": -0.128489255905,
        "min": -1.92659819126,
        "var": 2.71305251122
    },
    "erbbands_skewness": {
        "dmean": 0.360246181488,
        "dmean2": 0.558997094631,
        "dvar": 0.11450202018,
        "dvar2": 0.263110905886,
        "max": 2.72405385971,
        "mean": -0.235843017697,
        "median": -0.251899451017,
        "min": -3.52903437614,
        "var": 0.429036557674
    },
    "erbbands_spread": {
        "dmean": 12.5405321121,
        "dmean2": 19.1317749023,
        "dvar": 355.832275391,
        "dvar2": 744.223999023,
        "max": 196.643005371,
        "mean": 48.7327308655,
        "median": 43.9824905396,
        "min": 3.98194265366,
        "var": 860.164123535
    },
    "hfc": {
        "dmean": 25.5429668427,
        "dmean2": 39.5769386292,
        "dvar": 1368.76379395,
        "dvar2": 3247.87060547,
        "max": 318.667297363,
        "mean": 64.282371521,
        "median": 56.9427947998,
        "min": 1.07730302296e-16,
        "var": 2443.91210938
    },
    "melbands_crest": {
        "dmean": 4.13565635681,
        "dmean2": 6.72850131989,
        "dvar": 26.3081665039,
        "dvar2": 68.0120697021,
        "max": 35.7095489502,
        "mean": 22.1791229248,
        "median": 23.6702060699,
        "min": 1.602673769,
        "var": 62.9736213684
    },
    "melbands_flatness_db": {
        "dmean": 0.0427177548409,
        "dmean2": 0.0626254752278,
        "dvar": 0.00261597149074,
        "dvar2": 0.0060067102313,
        "max": 0.460058778524,
        "mean": 0.181855648756,
        "median": 0.179031476378,
        "min": 0.00345819094218,
        "var": 0.00626146607101
    },
    "melbands_kurtosis": {
        "dmean": 24.6160469055,
        "dmean2": 37.7391395569,
        "dvar": 3743.09936523,
        "dvar2": 8930.05175781,
        "max": 829.644775391,
        "mean": 32.3626937866,
        "median": 10.3468198776,
        "min": -1.81124722958,
        "var": 5334.10498047
    },
    "melbands_skewness": {
        "dmean": 1.61561870575,
        "dmean2": 2.33161187172,
        "dvar": 5.37887477875,
        "dvar2": 12.1638174057,
        "max": 25.5708503723,
        "mean": 3.94266843796,
        "median": 3.13479232788,
        "min": -2.39701104164,
        "var": 12.5176429749
    },
    "melbands_spread": {
        "dmean": 17.2053413391,
        "dmean2": 27.3220233917,
        "dvar": 588.068603516,
        "dvar2": 1418.45996094,
        "max": 223.597167969,
        "mean": 39.2927856445,
        "median": 29.4192638397,
        "min": 0.542711317539,
        "var": 1057.98010254
    },
    "pitch_salience": {
        "dmean": 0.103341422975,
        "dmean2": 0.162310689688,
        "dvar": 0.0142672797665,
        "dvar2": 0.0351841337979,
        "max": 0.940093517303,
        "mean": 0.422866046429,
        "median": 0.393403470516,
        "min": 0.03353472054,
        "var": 0.0290526859462
    },
    "silence_rate_20dB": {
        "dmean": 0,
        "dmean2": 0,
        "dvar": 0,
        "dvar2": 0,
        "max": 1,
        "mean": 1,
        "median": 1,
        "min": 1,
        "var": 0
    },
    "silence_rate_30dB": {
        "dmean": 0.0959860384464,
        "dmean2": 0.191988825798,
        "dvar": 0.0867754817009,
        "dvar2": 0.203476279974,
        "max": 1,
        "mean": 0.895209848881,
        "median": 1,
        "min": 0,
        "var": 0.0938114523888
    },
    "silence_rate_60dB": {
        "dmean": 0.0160558465868,
        "dmean2": 0.032114494592,
        "dvar": 0.015799196437,
        "dvar2": 0.0387660004199,
        "max": 1,
        "mean": 0.0771311372519,
        "median": 0,
        "min": 0,
        "var": 0.0711833462119
    },
    "spectral_centroid": {
        "dmean": 352.77822876,
        "dmean2": 548.115783691,
        "dvar": 172548.796875,
        "dvar2": 397122.5,
        "max": 12065.1298828,
        "mean": 2637.0390625,
        "median": 2685.46923828,
        "min": 223.109436035,
        "var": 951120.5
    },
    "spectral_complexity": {
        "dmean": 7.2509598732,
        "dmean2": 10.911772728,
        "dvar": 74.647277832,
        "dvar2": 139.072525024,
        "max": 63,
        "mean": 23.7673854828,
        "median": 23,
        "min": 0,
        "var": 250.410583496
    },
    "spectral_decrease": {
        "dmean": 4.0382746036e-09,
        "dmean2": 5.55367440924e-09,
        "dvar": 2.99678900162e-17,
        "dvar2": 5.4711803592e-17,
        "max": 1.12974282707e-10,
        "mean": -1.20593224295e-08,
        "median": -1.11737561426e-08,
        "min": -5.02286852111e-08,
        "var": 8.54722682926e-17
    },
    "spectral_energy": {
        "dmean": 0.0162771772593,
        "dmean2": 0.0222580786794,
        "dvar": 0.000447308237199,
        "dvar2": 0.000796254724264,
        "max": 0.199003323913,
        "mean": 0.0513452850282,
        "median": 0.0481366254389,
        "min": 9.87728210735e-21,
        "var": 0.00139764999039
    },
    "spectral_energyband_high": {
        "dmean": 0.00252331816591,
        "dmean2": 0.00394056783989,
        "dvar": 1.49250172399e-05,
        "dvar2": 3.62358041457e-05,
        "max": 0.0331993699074,
        "mean": 0.00555080035701,
        "median": 0.00449323188514,
        "min": 7.25240376358e-21,
        "var": 2.47504340223e-05
    },
    "spectral_energyband_low": {
        "dmean": 0.0136666791514,
        "dmean2": 0.0197712685913,
        "dvar": 0.000447896716651,
        "dvar2": 0.000861120468471,
        "max": 0.172590553761,
        "mean": 0.0336558483541,
        "median": 0.0294171571732,
        "min": 2.05431749059e-23,
        "var": 0.00105091417208
    },
    "spectral_energyband_middle_high": {
        "dmean": 0.00390809867531,
        "dmean2": 0.00609170692042,
        "dvar": 2.02264182008e-05,
        "dvar2": 4.55292865809e-05,
        "max": 0.0489468723536,
        "mean": 0.00916806980968,
        "median": 0.00771062914282,
        "min": 1.17018914812e-21,
        "var": 6.10485803918e-05
    },
    "spectral_energyband_middle_low": {
        "dmean": 0.00298248720355,
        "dmean2": 0.00477419653907,
        "dvar": 5.24554379808e-05,
        "dvar2": 0.000120864089695,
        "max": 0.0779665410519,
        "mean": 0.00376176903956,
        "median": 0.00161520077381,
        "min": 1.84132264804e-22,
        "var": 5.1982649893e-05
    },
    "spectral_entropy": {
        "dmean": 0.138471007347,
        "dmean2": 0.207961648703,
        "dvar": 0.0253327321261,
        "dvar2": 0.0550134330988,
        "max": 9.8239812851,
        "mean": 8.17933368683,
        "median": 8.30818653107,
        "min": 5.75575780869,
        "var": 0.184721857309
    },
    "spectral_flux": {
        "dmean": 0.0357502400875,
        "dmean2": 0.0544800646603,
        "dvar": 0.00171553960536,
        "dvar2": 0.00387642881833,
        "max": 0.399500578642,
        "mean": 0.113271996379,
        "median": 0.100319668651,
        "min": 6.2836257031e-11,
        "var": 0.00488263554871
    },
    "spectral_kurtosis": {
        "dmean": 0.688936769962,
        "dmean2": 1.09515523911,
        "dvar": 1.06358265877,
        "dvar2": 2.87909412384,
        "max": 35.5606079102,
        "mean": 1.94001674652,
        "median": 1.6073846817,
        "min": -1.25193655491,
        "var": 3.53381848335
    },
    "spectral_rms": {
        "dmean": 0.00113828666508,
        "dmean2": 0.00152032927144,
        "dvar": 1.91513231584e-06,
        "dvar2": 3.16757518704e-06,
        "max": 0.01393375732,
        "mean": 0.00643925741315,
        "median": 0.00685292389244,
        "min": 3.10425079739e-12,
        "var": 8.62905289978e-06
    },
    "spectral_rolloff": {
        "dmean": 1556.40979004,
        "dmean2": 2489.46191406,
        "dvar": 4145747.75,
        "dvar2": 8886190,
        "max": 19336.8164062,
        "mean": 3550.00854492,
        "median": 2497.8515625,
        "min": 64.599609375,
        "var": 11505965
    },
    "spectral_skewness": {
        "dmean": 0.142285302281,
        "dmean2": 0.22322255373,
        "dvar": 0.0215408410877,
        "dvar2": 0.0516823157668,
        "max": 3.58095145226,
        "mean": 1.11161637306,
        "median": 1.1093660593,
        "min": -0.111382268369,
        "var": 0.0934608578682
    },
    "spectral_spread": {
        "dmean": 715795.5,
        "dmean2": 1054349.375,
        "dvar": 787027918848,
        "dvar2": 1.50626028749e+12,
        "max": 42683440,
        "mean": 7032108.5,
        "median": 7014942.5,
        "min": 1187981.125,
        "var": 1.05543316275e+13
    },
    "spectral_strongpeak": {
        "dmean": 0.437201827765,
        "dmean2": 0.736186563969,
        "dvar": 1.3852199316,
        "dvar2": 3.5750477314,
        "max": 18.7995357513,
        "mean": 0.929531574249,
        "median": 0.514164984226,
        "min": 0,
        "var": 2.29204654694
    },
    "zerocrossingrate": {
        "dmean": 0.0233667287976,
        "dmean2": 0.0280271898955,
        "dvar": 0.00062893924769,
        "dvar2": 0.000849759962875,
        "max": 0.873046875,
        "mean": 0.119246453047,
        "median": 0.09912109375,
        "min": 0.0068359375,
        "var": 0.00594990747049
    },
    "barkbands": {
        "dmean": [0.0011765640229, 0.0121798980981, 0.00305717205629, 0.00191852007993, 0.00084186391905, 0.000340986734955, 0.00028030842077, 0.0002832110913, 0.000415067974245, 0.000479744980112, 0.000726704078261, 0.00111334084067, 0.000405266851885, 0.000614860793576, 0.000547064410057, 0.000621897284873, 0.000598794897087, 0.000516940199304, 0.000377135875169, 0.000444007455371, 0.000526388990693, 0.000492790248245, 0.000510565703735, 0.000538098858669, 0.000475659326185, 0.00030099687865, 8.52154771565e-05],
        "dmean2": [0.00188616395462, 0.01712314412, 0.00504056178033, 0.00336857116781, 0.00156475359108, 0.000601418840233, 0.000452608481282, 0.000480977178086, 0.000705074926373, 0.000765366130508, 0.0011666289065, 0.0017768566031, 0.000681711768266, 0.000980607466772, 0.000917057099286, 0.000991809181869, 0.000955006165896, 0.000826283183414, 0.000609225011431, 0.000708262261469, 0.000838654232211, 0.000804778304882, 0.000838691252284, 0.000857153441757, 0.000749572296627, 0.00047867858666, 0.000138697563671],
        "dvar": [5.70773045183e-06, 0.000386844010791, 0.000112484092824, 4.27230188507e-05, 7.34109471523e-06, 6.73581325827e-07, 3.2670118344e-07, 3.10669776127e-07, 7.48883394408e-07, 1.34987749334e-06, 2.56077055383e-06, 3.39396865456e-06, 5.28006125933e-07, 1.24341556784e-06, 1.21954349197e-06, 1.30105718199e-06, 1.95860957319e-06, 7.86443990819e-07, 3.05394820543e-07, 5.89667536133e-07, 6.28521888757e-07, 5.05612206325e-07, 6.30678300695e-07, 8.72586667811e-07, 5.31869943643e-07, 2.12898413565e-07, 2.50814604641e-08],
        "dvar2": [1.34245874506e-05, 0.000765816133935, 0.000281665852526, 0.000110785949801, 2.11460956052e-05, 1.88777789845e-06, 8.16583622054e-07, 7.81106791692e-07, 1.94401354747e-06, 3.11963458444e-06, 6.01552574153e-06, 8.24260132504e-06, 1.40720896979e-06, 2.87150464828e-06, 3.03461320073e-06, 3.11777216666e-06, 4.21432514486e-06, 1.83594977443e-06, 7.32979572149e-07, 1.34141805574e-06, 1.46509739807e-06, 1.32292120725e-06, 1.6037330397e-06, 2.19836488213e-06, 1.26433087644e-06, 5.182807854e-07, 6.40563442289e-08],
        "max": [0.0433857105672, 0.167076036334, 0.117487616837, 0.0530230551958, 0.035253636539, 0.00789198093116, 0.00985201075673, 0.0088671259582, 0.0136424396187, 0.0199992824346, 0.0228111147881, 0.0254035051912, 0.0122128594667, 0.0276026315987, 0.0219046231359, 0.0180641114712, 0.0347694270313, 0.0161955635995, 0.0116807045415, 0.0201758854091, 0.0218236595392, 0.00743923103437, 0.00661911908537, 0.0095957191661, 0.00773471733555, 0.00417389115319, 0.00270064664073],
        "mean": [0.00193622009829, 0.0274850744754, 0.00350898201577, 0.00149716751184, 0.000675538147334, 0.000338532263413, 0.000387846375816, 0.000346624903614, 0.000434096611571, 0.00070264947135, 0.000947722001001, 0.00197767256759, 0.000617884506937, 0.000909199297894, 0.000701413606293, 0.000814164930489, 0.000860318425111, 0.000731532578357, 0.000546471914276, 0.000721688964404, 0.000940198719036, 0.000852835713886, 0.000874201243278, 0.000932238064706, 0.000926216074731, 0.000571718323044, 0.000107064035547],
        "median": [0.000545839313418, 0.0201169550419, 0.000302935368381, 0.000116922004963, 0.000122758952784, 8.25133392937e-05, 0.000101430850918, 9.1794951004e-05, 0.000106173407403, 0.000147922721226, 0.000193461761228, 0.000581625849009, 0.000243669215706, 0.000387909327401, 0.000283292698441, 0.000370221270714, 0.000326099630911, 0.000383503997, 0.000323664251482, 0.0004289438657, 0.000687185616698, 0.000610695686191, 0.000629760033917, 0.000619271828327, 0.000634779280517, 0.000379583449103, 1.61933312484e-05],
        "min": [4.61027667951e-25, 3.05091797322e-24, 1.32801499064e-24, 1.21916973788e-24, 6.28247326082e-24, 8.8456535247e-24, 8.87233358938e-24, 6.3936837158e-24, 1.35401947484e-23, 1.30375704449e-23, 1.65255252482e-23, 1.59531814179e-23, 3.43159226937e-23, 2.31715568901e-23, 5.28905236095e-23, 6.22541510932e-23, 6.68576088591e-23, 6.24454151528e-23, 1.37499149978e-22, 1.6533297737e-22, 2.50590918304e-22, 3.73006555525e-22, 4.19221056578e-22, 5.65765538131e-22, 9.31470599065e-22, 1.35699979134e-21, 1.94592300399e-21],
        "var": [1.04880700746e-05, 0.000848284282256, 9.86354862107e-05, 3.10587274726e-05, 4.250006441e-06, 4.96935172123e-07, 5.25677080532e-07, 4.68991032676e-07, 7.77985803779e-07, 2.71883845926e-06, 4.04986394642e-06, 1.04976743387e-05, 1.01816897313e-06, 2.79121763924e-06, 1.93434266293e-06, 1.86945067071e-06, 4.79019627164e-06, 1.23866550439e-06, 4.26501685524e-07, 9.89042518995e-07, 1.12307884592e-06, 7.76822503212e-07, 8.09267419299e-07, 1.1103346651e-06, 9.56407802732e-07, 4.06024668109e-07, 3.46579867028e-08]
    },
    "erbbands": {
        "dmean": [0.510337948799, 2.22113370895, 3.44941020012, 5.11762428284, 3.78058600426, 2.64853835106, 2.87504053116, 2.7040605545, 3.53496837616, 4.84458303452, 7.39262390137, 8.3768081665, 12.5998802185, 19.5329246521, 31.196805954, 36.5491409302, 19.7870998383, 20.596950531, 30.1490974426, 30.2991008759, 35.0112762451, 36.9383010864, 26.904548645, 22.0277099609, 20.4978179932, 18.3932056427, 19.3523788452, 22.3281936646, 18.1153678894, 15.7376155853, 14.4797582626, 11.8834276199, 9.02809524536, 5.6934928894, 3.30374574661, 1.54214847088, 0.535924434662, 0.146992281079, 0.0122033897787, 0.000189706392121],
        "dmean2": [0.708156526089, 3.19136023521, 5.37040519714, 8.64577960968, 6.60648488998, 4.90203714371, 5.20503520966, 4.73542022705, 5.73214292526, 8.07552242279, 12.44526577, 14.2021226883, 20.2661914825, 31.5745563507, 50.7204208374, 58.2337226868, 32.0207252502, 32.8936080933, 49.3806877136, 49.9195709229, 56.6149215698, 58.2695198059, 42.641544342, 35.0901908875, 33.1124458313, 29.4870815277, 30.6824321747, 36.2483291626, 29.7152671814, 25.2443218231, 23.8464832306, 19.1985015869, 14.4412488937, 8.93110942841, 5.25358915329, 2.46040725708, 0.860597372055, 0.237121716142, 0.0197682101279, 0.000297083461192],
        "dvar": [0.758301913738, 14.7554006577, 124.317909241, 256.033203125, 154.507217407, 66.490486145, 60.0971794128, 40.940662384, 51.0077667236, 122.260185242, 199.74432373, 292.058013916, 794.651977539, 1807.64611816, 3616.84375, 3378.36132812, 1146.99707031, 1099.44641113, 3036.04638672, 3000.99121094, 4829.83740234, 8040.76318359, 2001.76550293, 1387.43786621, 1025.40478516, 894.826416016, 966.628295898, 1211.91845703, 718.926208496, 562.801391602, 498.772155762, 432.554626465, 219.034484863, 72.179901123, 26.5142745972, 5.33806848526, 0.719137370586, 0.0716190934181, 0.000492405612022, 9.93400206539e-08],
        "dvar2": [1.41589808464, 30.3168354034, 288.791442871, 641.340759277, 415.630523682, 190.711975098, 169.236282349, 114.295257568, 126.157226562, 307.735412598, 501.756347656, 762.929748535, 1889.69897461, 4241.09472656, 8539.09863281, 8247.75585938, 2906.42578125, 2551.36010742, 7633.39355469, 7637.46289062, 11631.5576172, 16630.0332031, 4618.94970703, 3285.79345703, 2391.17797852, 1996.34594727, 2289.21972656, 2867.77563477, 1870.10644531, 1434.77539062, 1272.91235352, 1108.85314941, 543.028564453, 170.097808838, 65.5390930176, 13.0515155792, 1.77683258057, 0.186150208116, 0.00121968088206, 2.4248802788e-07],
        "max": [6.60019254684, 36.7836112976, 111.542289734, 145.74949646, 159.110687256, 90.0858383179, 80.7374801636, 93.9254074097, 91.4013748169, 259.664001465, 246.485519409, 222.433135986, 445.395355225, 739.217468262, 976.197265625, 908.638427734, 504.766387939, 819.708312988, 1072.24829102, 930.466491699, 1241.6628418, 2393.7746582, 829.901245117, 791.080566406, 626.410522461, 682.118225098, 576.399414062, 1031.28100586, 326.044464111, 276.405273438, 187.400085449, 209.957473755, 132.206771851, 91.9618225098, 55.4930534363, 26.2005805969, 11.692440033, 3.44649147987, 0.322929561138, 0.00427447259426],
        "mean": [1.12096869946, 4.79385852814, 5.00160360336, 4.68691062927, 3.27252078056, 2.04885149002, 2.54614663124, 2.78648281097, 4.68628644943, 6.66848564148, 8.9164056778, 8.79395008087, 17.8095874786, 27.1544532776, 45.9567375183, 66.6372680664, 37.9092102051, 32.2578125, 43.1919555664, 42.6436920166, 46.845199585, 56.5968666077, 40.1195030212, 32.3396720886, 30.8100376129, 31.2660007477, 33.9629364014, 38.7897758484, 31.0255870819, 28.6978588104, 24.0508823395, 20.1322059631, 15.4769487381, 10.9324588776, 5.97958993912, 2.82680988312, 0.981841087341, 0.228760808706, 0.0159171000123, 0.000335669028573],
        "median": [0.708868503571, 3.21388888359, 1.50074195862, 0.88189047575, 0.480000436306, 0.38261693716, 0.425521433353, 0.789751589298, 1.38549160957, 1.67313468456, 2.73670148849, 2.70309376717, 4.91375207901, 8.59249305725, 16.1178092957, 22.794298172, 14.0826663971, 17.8901576996, 21.06300354, 20.9036598206, 24.5500297546, 23.8344421387, 23.0336322784, 19.4014263153, 18.5277385712, 19.9278182983, 23.4032497406, 27.5067977905, 22.0291404724, 21.6399078369, 17.0289039612, 13.1239404678, 10.3730106354, 7.34357976913, 3.8878159523, 1.96870148182, 0.60801410675, 0.0933246538043, 0.00326240179129, 0.000186015400686],
        "min": [7.11706585267e-23, 5.68372590894e-22, 2.34094173226e-21, 5.61357923604e-21, 1.01770316818e-20, 1.54952302949e-20, 3.21729152754e-20, 9.23640599475e-20, 1.03344320355e-19, 1.76136543839e-19, 2.22899170593e-19, 2.6213772372e-19, 5.75589079752e-19, 7.65201830411e-19, 8.62164045212e-19, 1.36055111762e-18, 1.51041401414e-18, 1.27338086012e-18, 2.35448420723e-18, 2.70529688169e-18, 3.32708896174e-18, 3.47379171812e-18, 3.92649029658e-18, 5.65961938192e-18, 7.92375085764e-18, 7.85112191832e-18, 8.48704679272e-18, 1.04684024401e-17, 1.04808068406e-17, 1.2342554653e-17, 1.24743137712e-17, 1.1093521027e-17, 1.03654622944e-17, 8.87868289836e-18, 6.17516011229e-18, 4.33438380998e-18, 2.36619170803e-18, 9.54791420013e-19, 2.32852117916e-19, 2.85747636214e-20],
        "var": [1.77563726902, 29.4663257599, 134.943511963, 204.450881958, 107.619926453, 38.9900398254, 41.2041091919, 31.4353809357, 70.2602005005, 216.913513184, 288.529632568, 284.485900879, 1372.1340332, 2465.04638672, 5990.51025391, 11515.6064453, 4128.65039062, 2642.13208008, 5138.99707031, 4579.51855469, 5986.98730469, 21166.1289062, 3407.94067383, 1908.23803711, 1588.32373047, 1487.15783691, 1538.80151367, 2122.984375, 1088.53515625, 811.373596191, 638.886779785, 531.272338867, 296.282501221, 134.246658325, 43.8353500366, 9.42322921753, 1.41497182846, 0.112885579467, 0.000716080830898, 1.71086099954e-07]
    },
    "gfcc": {
        "mean": [24.4343338013, -0.96396613121, -110.787017822, 39.0206985474, -41.2468986511, 43.6916656494, -21.4147052765, 22.9002304077, -16.950006485, 15.4775543213, -12.7638626099, 11.5003862381, -11.3349666595],
        "cov": [[20665.1328125, 756.15814209, 910.943603516, 1113.83337402, 60.0227966309, 548.69934082, -199.653579712, 375.612487793, -344.429351807, 209.956634521, -218.261016846, 265.674407959, -71.5342483521], [756.15814209, 1474.30310059, 650.367919922, 629.284973145, 309.608734131, 114.280708313, -55.2102432251, -18.5878658295, -44.4249649048, -120.803817749, 9.50790119171, -67.4590988159, 61.6829948425], [910.943603516, 650.367919922, 2617.05639648, 1032.5411377, 569.296325684, 322.008148193, -107.282752991, 36.6811790466, -205.693374634, -115.031608582, -132.184371948, -81.5859985352, 6.85341882706], [1113.83337402, 629.284973145, 1032.5411377, 861.670166016, 384.615844727, 304.070861816, -4.24965143204, 46.0962219238, -100.607330322, -81.660484314, -37.5266609192, -75.413772583, 13.9031677246], [60.0227966309, 309.608734131, 569.296325684, 384.615844727, 539.285583496, 255.718658447, 100.384513855, 52.7752342224, 2.86685848236, -36.2276306152, -6.19853830338, 4.76762008667, 0.0825030356646], [548.69934082, 114.280708313, 322.008148193, 304.070861816, 255.718658447, 380.094024658, 81.178237915, 110.071434021, 9.02410030365, 14.3017406464, -13.7819480896, -7.36082553864, -2.76645612717], [-199.653579712, -55.2102432251, -107.282752991, -4.24965143204, 100.384513855, 81.178237915, 237.84576416, 100.140815735, 54.2834968567, 16.0342483521, 24.1640701294, 26.2385082245, 26.8790664673], [375.612487793, -18.5878658295, 36.6811790466, 46.0962219238, 52.7752342224, 110.071434021, 100.140815735, 197.809768677, 74.4311523438, 41.6377334595, 13.3614082336, 33.0529403687, 12.1441440582], [-344.429351807, -44.4249649048, -205.693374634, -100.607330322, 2.86685848236, 9.02410030365, 54.2834968567, 74.4311523438, 163.143341064, 88.9540176392, 38.1249580383, 26.0720062256, 3.1278591156], [209.956634521, -120.803817749, -115.031608582, -81.660484314, -36.2276306152, 14.3017406464, 16.0342483521, 41.6377334595, 88.9540176392, 164.13621521, 57.5391998291, 42.6837310791, -9.00072574615], [-218.261016846, 9.50790119171, -132.184371948, -37.5266609192, -6.19853830338, -13.7819480896, 24.1640701294, 13.3614082336, 38.1249580383, 57.5391998291, 116.529266357, 53.3342704773, 25.8079414368], [265.674407959, -67.4590988159, -81.5859985352, -75.413772583, 4.76762008667, -7.36082553864, 26.2385082245, 33.0529403687, 26.0720062256, 42.6837310791, 53.3342704773, 131.352966309, 57.084980011], [-71.5342483521, 61.6829948425, 6.85341882706, 13.9031677246, 0.0825030356646, -2.76645612717, 26.8790664673, 12.1441440582, 3.1278591156, -9.00072574615, 25.8079414368, 57.084980011, 132.890106201]],
        "icov": [[8.00491907285e-05, -5.60506014153e-05, 6.25761313131e-05, -0.000163020580658, 6.89915759722e-05, -9.66916832112e-06, 7.23078846931e-05, -0.000214672327274, 0.000358941557351, -0.000334762735292, 0.00037833317765, -0.000390528643038, 0.000150844687596], [-5.60506014153e-05, 0.00123048538808, 4.53514003311e-05, -0.00085047603352, -0.000390953413444, 0.000438361777924, 0.000405317754485, 0.000189901722479, -0.000905115390196, 0.000944114057347, -0.000846322451252, 0.000695912807714, -0.000653979426716], [6.25761313131e-05, 4.53514003311e-05, 0.000970177294221, -0.00105087354314, -0.000603102904279, 0.000417941453634, 0.000634789117612, -0.000674961192999, 0.00105447578244, -0.000819087668788, 0.00108357530553, -0.000342917512171, -0.000128522864543], [-0.000163020580658, -0.00085047603352, -0.00105087354314, 0.00452872924507, -0.000787766475696, -0.00174320337828, 3.95880815631e-05, -0.000125741964439, 0.000729754450731, 0.000604336324614, -0.0017124589067, 0.00252936128527, -0.000875117140822], [6.89915759722e-05, -0.000390953413444, -0.000603102904279, -0.000787766475696, 0.00452666915953, -0.00199840567075, -0.00186072045472, 0.00160910584964, -0.00169899920002, 0.00136301573366, -8.58554074057e-07, -0.00229224585928, 0.00163416820578], [-9.66916832112e-06, 0.000438361777924, 0.000417941453634, -0.00174320337828, -0.00199840567075, 0.00567955104634, -9.07008943614e-05, -0.00234857690521, 0.000915124837775, -0.00156862253789, 0.000997968018055, 0.000533161161002, -0.000246030569542], [7.23078846931e-05, 0.000405317754485, 0.000634789117612, 3.95880815631e-05, -0.00186072045472, -9.07008943614e-05, 0.00692959642038, -0.0033234488219, 0.000257917592535, 0.000203621777473, -0.000521950540133, 0.000736414163839, -0.00149197981227], [-0.000214672327274, 0.000189901722479, -0.000674961192999, -0.000125741964439, 0.00160910584964, -0.00234857690521, -0.0033234488219, 0.0101021183655, -0.0052987318486, 0.00163910060655, -0.000346724962583, -0.00159996491857, 0.000533768208697], [0.000358941557351, -0.000905115390196, 0.00105447578244, 0.000729754450731, -0.00169899920002, 0.000915124837775, 0.000257917592535, -0.0052987318486, 0.014496549964, -0.00775894755498, 0.00175116478931, 0.000404475518735, -0.00044578773668], [-0.000334762735292, 0.000944114057347, -0.000819087668788, 0.000604336324614, 0.00136301573366, -0.00156862253789, 0.000203621777473, 0.00163910060655, -0.00775894755498, 0.0135329589248, -0.00594978127629, -0.00078255526023, 0.00172696879599], [0.00037833317765, -0.000846322451252, 0.00108357530553, -0.0017124589067, -8.58554074057e-07, 0.000997968018055, -0.000521950540133, -0.000346724962583, 0.00175116478931, -0.00594978127629, 0.0153779052198, -0.0059156389907, -1.17139434224e-05], [-0.000390528643038, 0.000695912807714, -0.000342917512171, 0.00252936128527, -0.00229224585928, 0.000533161161002, 0.000736414163839, -0.00159996491857, 0.000404475518735, -0.00078255526023, -0.0059156389907, 0.015746453777, -0.00644820136949], [0.000150844687596, -0.000653979426716, -0.000128522864543, -0.000875117140822, 0.00163416820578, -0.000246030569542, -0.00149197981227, 0.000533768208697, -0.00044578773668, 0.00172696879599, -1.17139434224e-05, -0.00644820136949, 0.0111544737592]]
    },
    "melbands": {
        "dmean": [0.00381779624149, 0.00191075506154, 0.000817264663056, 0.000209177102079, 0.000104047947389, 6.21655926807e-05, 5.30894030817e-05, 5.42486050108e-05, 6.5452826675e-05, 5.32913800271e-05, 6.62909151288e-05, 7.84640578786e-05, 0.000105783845356, 0.000110255808977, 9.80388213065e-05, 3.35930126312e-05, 4.15423564846e-05, 5.59867512493e-05, 4.68618418381e-05, 3.81529571314e-05, 4.08440610045e-05, 4.31194712291e-05, 2.58587060671e-05, 2.52123481914e-05, 1.83614411071e-05, 1.55687830556e-05, 1.74251163116e-05, 1.22509118228e-05, 1.35731461341e-05, 1.34051988425e-05, 1.31426613734e-05, 1.07579671749e-05, 1.06149764179e-05, 9.11304869078e-06, 8.57790746522e-06, 9.12400537345e-06, 6.99761085343e-06, 6.99248994351e-06, 5.79996822125e-06, 4.76446120956e-06],
        "dmean2": [0.00534190936014, 0.00281231082045, 0.00135377899278, 0.000377412623493, 0.000189884071006, 0.000108334570541, 8.63976601977e-05, 9.06946734176e-05, 0.000110585366201, 9.06948334887e-05, 0.000106243489427, 0.000126480284962, 0.000170110171894, 0.000178748625331, 0.000154832960106, 5.54840808036e-05, 6.62839374854e-05, 9.17016368476e-05, 7.86584278103e-05, 6.03277039772e-05, 6.69978762744e-05, 6.79444347043e-05, 4.16719703935e-05, 4.08083469665e-05, 2.94849705824e-05, 2.54230144492e-05, 2.85011192318e-05, 1.98455436475e-05, 2.18176046474e-05, 2.17290780711e-05, 2.16950174945e-05, 1.78047866939e-05, 1.75313416548e-05, 1.47642449519e-05, 1.41964173963e-05, 1.52878947119e-05, 1.12520683615e-05, 1.14240283438e-05, 9.29103043745e-06, 7.47189005779e-06],
        "dvar": [3.92110196117e-05, 2.04653606488e-05, 6.17038995188e-06, 4.59489172044e-07, 8.27026198635e-08, 2.07054497992e-08, 1.13404334812e-08, 1.38515883208e-08, 1.72192660131e-08, 1.27926469418e-08, 2.35408332827e-08, 2.9590827566e-08, 4.90461466995e-08, 4.45278125483e-08, 4.72902605964e-08, 3.28997029619e-09, 4.48111681095e-09, 1.25923662608e-08, 1.08803854815e-08, 4.53182336102e-09, 7.47047490535e-09, 1.34807685015e-08, 2.41239517251e-09, 2.17117568369e-09, 1.04253816691e-09, 4.99034646939e-10, 1.24323285e-09, 4.3717218734e-10, 5.92395188459e-10, 4.8595338864e-10, 4.16996298602e-10, 2.56294402368e-10, 2.29845892319e-10, 1.93852878194e-10, 1.66127375745e-10, 2.72989048034e-10, 1.45276721208e-10, 1.34555450115e-10, 7.81994746735e-11, 5.18501908076e-11],
        "dvar2": [7.52300984459e-05, 4.09719141317e-05, 1.49180832523e-05, 1.28981207581e-06, 2.3387239878e-07, 5.78512739935e-08, 2.87883814565e-08, 3.49026656465e-08, 4.34943636662e-08, 3.35389671591e-08, 5.55035271077e-08, 6.89636578954e-08, 1.17019595791e-07, 1.09525778669e-07, 1.11240034073e-07, 8.38575786588e-09, 1.03781800931e-08, 3.04621394775e-08, 2.60224890525e-08, 1.06495328112e-08, 1.75718142259e-08, 2.76176930214e-08, 5.37684829993e-09, 5.51431034168e-09, 2.47213538529e-09, 1.24361598797e-09, 2.89988144608e-09, 1.03042541166e-09, 1.43565792587e-09, 1.13519749156e-09, 9.92573689906e-10, 6.71852518064e-10, 6.1869193102e-10, 4.87880624789e-10, 4.21839174702e-10, 7.34631411259e-10, 3.65553504134e-10, 3.38300804037e-10, 1.86915691258e-10, 1.25442406462e-10],
        "max": [0.0524569936097, 0.0430984310806, 0.0215233638883, 0.00938978977501, 0.0027836218942, 0.00186221592594, 0.00117090891581, 0.00238231802359, 0.00253138900734, 0.00180947233457, 0.00254471180961, 0.00294166710228, 0.00366838439368, 0.00346723920666, 0.00400408357382, 0.000923509476706, 0.00147159339394, 0.00253049447201, 0.00239645247348, 0.00166467018425, 0.00150336523075, 0.0031915185973, 0.00143239088356, 0.00105025502853, 0.000683247926645, 0.000428434519563, 0.000925524916966, 0.00055020255968, 0.000446824589744, 0.000610963674262, 0.000568774528801, 0.000249348435318, 0.000193714833586, 0.000154095250764, 0.000125106977066, 0.00018823359278, 0.000120117554616, 0.000108718711999, 7.80349801062e-05, 9.79692122201e-05],
        "mean": [0.00864403415471, 0.00387202296406, 0.000789725047071, 0.000173497886863, 8.95093253348e-05, 6.59944416839e-05, 7.09439627826e-05, 7.40071336622e-05, 7.59660179028e-05, 5.41453919141e-05, 9.42154874792e-05, 0.000110321670945, 0.000148564155097, 0.000169830076629, 0.000191801678739, 4.83342591906e-05, 6.13910669927e-05, 7.64419237385e-05, 5.91617172176e-05, 5.35854851478e-05, 4.9853730161e-05, 6.33520248812e-05, 3.69361041521e-05, 3.37920500897e-05, 2.51452420343e-05, 2.17866163439e-05, 2.440166827e-05, 1.937133311e-05, 2.16046009882e-05, 2.16854259634e-05, 2.17937868001e-05, 1.71555911948e-05, 1.67732105183e-05, 1.58028142323e-05, 1.36916887641e-05, 1.36474909596e-05, 1.15614193419e-05, 1.09713446363e-05, 1.0419262253e-05, 8.66719710757e-06],
        "median": [0.00636018859223, 0.00245410017669, 0.000158366427058, 2.89320232696e-05, 1.54510380526e-05, 1.96897472051e-05, 2.13308176171e-05, 1.56428959599e-05, 2.1020141503e-05, 1.39692110679e-05, 2.27137152251e-05, 3.25314322254e-05, 4.30856307503e-05, 5.81159511057e-05, 3.22519881593e-05, 2.22086055146e-05, 3.06611000269e-05, 2.98475097225e-05, 2.14160172618e-05, 2.58460586338e-05, 2.1851144993e-05, 2.09877252928e-05, 1.65144519997e-05, 1.77571291715e-05, 1.38283112392e-05, 1.25776205095e-05, 1.29248483063e-05, 1.17775680337e-05, 1.32702543851e-05, 1.48604867718e-05, 1.50082014443e-05, 1.13546702778e-05, 1.15112270578e-05, 1.14872582344e-05, 9.4797624115e-06, 8.5905448941e-06, 7.37718619348e-06, 6.99790689396e-06, 7.0544524533e-06, 5.45998091184e-06],
        "min": [8.17281838003e-25, 9.7368500025e-25, 1.17300609074e-24, 9.59027471593e-25, 1.37679647269e-24, 2.24428797611e-24, 2.04179250933e-24, 1.60742449428e-24, 1.7258758049e-24, 1.73009778846e-24, 2.30062999968e-24, 2.68011824346e-24, 2.48400466141e-24, 2.61692496292e-24, 2.82459062407e-24, 2.50847414061e-24, 2.00049445766e-24, 3.12453427568e-24, 3.80025181949e-24, 3.62100211144e-24, 3.41806448813e-24, 3.63642197556e-24, 3.444485412e-24, 3.08969364216e-24, 4.37013479819e-24, 5.62047065549e-24, 4.58742377352e-24, 4.5011290958e-24, 4.22491299971e-24, 5.55765642262e-24, 5.34306259058e-24, 5.61312793819e-24, 6.18624366887e-24, 5.42562674507e-24, 6.14183395535e-24, 4.77178727238e-24, 6.35943137529e-24, 6.64895831587e-24, 6.45937492439e-24, 7.8763690864e-24],
        "var": [8.94683034858e-05, 3.28063033521e-05, 5.26797111888e-06, 2.86674975314e-07, 5.45789688999e-08, 1.60933808502e-08, 1.50757397677e-08, 2.39842989913e-08, 2.37958204252e-08, 1.19168745982e-08, 4.30277786734e-08, 4.37780833806e-08, 8.24297998747e-08, 9.65145687815e-08, 1.98586860733e-07, 6.08071282215e-09, 1.01764934257e-08, 2.25588632219e-08, 1.89210442869e-08, 8.97178953352e-09, 9.01228780492e-09, 3.55297444798e-08, 5.13230924426e-09, 2.54760612606e-09, 1.37364208896e-09, 6.68196831199e-10, 1.81232939767e-09, 6.34644947706e-10, 8.68755178907e-10, 7.61810114991e-10, 7.22083171034e-10, 3.75438763411e-10, 3.29415050793e-10, 2.64635369174e-10, 2.16449996815e-10, 2.77323164433e-10, 1.83291035127e-10, 1.66201150065e-10, 1.2647249914e-10, 9.22057707964e-11]
    },
    "mfcc": {
        "mean": [-617.900634766, 39.4084014893, -1.88233757019, 11.6723928452, 11.6984272003, 22.7506256104, 15.5735330582, 16.0772380829, 11.7567005157, 7.7279791832, 7.02551460266, 10.2788181305, 9.3625831604],
        "cov": [[10493.6816406, 696.649414062, 1035.29089355, 704.130493164, 448.40411377, 235.378845215, 290.051879883, 186.686904907, 98.8147888184, 79.017906189, 7.5849981308, -26.76653862, -6.39339399338], [696.649414062, 925.77722168, 419.145812988, 383.993530273, 323.738647461, 104.62462616, 77.593170166, 44.235622406, 15.2949810028, -21.3928661346, -44.9305915833, -25.9613437653, -16.2894878387], [1035.29089355, 419.145812988, 1759.48498535, 713.130126953, 748.361755371, 290.33706665, 272.009674072, 64.2196960449, 49.1785354614, 61.4635467529, -88.8297805786, -157.765670776, -106.317268372], [704.130493164, 383.993530273, 713.130126953, 593.873474121, 428.104614258, 206.035995483, 198.841888428, 82.3442001343, 34.0452766418, 13.5816497803, -37.2775115967, -49.2357292175, -54.5120811462], [448.40411377, 323.738647461, 748.361755371, 428.104614258, 656.190368652, 300.865325928, 232.297073364, 122.769897461, 69.6109313965, 31.4674854279, -9.58509349823, -29.8299636841, -27.11287117], [235.378845215, 104.62462616, 290.33706665, 206.035995483, 300.865325928, 292.220153809, 172.044998169, 83.2002868652, 68.2789001465, 25.4766769409, 17.9830551147, 14.8103618622, 5.87210655212], [290.051879883, 77.593170166, 272.009674072, 198.841888428, 232.297073364, 172.044998169, 268.075531006, 140.080459595, 70.1320571899, 42.7638206482, 0.923717319965, -12.4218206406, -17.6720314026], [186.686904907, 44.235622406, 64.2196960449, 82.3442001343, 122.769897461, 83.2002868652, 140.080459595, 194.437973022, 99.3840103149, 41.0473480225, 19.3091068268, 7.94203615189, 3.86008238792], [98.8147888184, 15.2949810028, 49.1785354614, 34.0452766418, 69.6109313965, 68.2789001465, 70.1320571899, 99.3840103149, 143.806640625, 71.5680770874, 30.2318248749, 13.714471817, 12.8320493698], [79.017906189, -21.3928661346, 61.4635467529, 13.5816497803, 31.4674854279, 25.4766769409, 42.7638206482, 41.0473480225, 71.5680770874, 125.571342468, 55.71326828, 17.3419361115, 5.54036951065], [7.5849981308, -44.9305915833, -88.8297805786, -37.2775115967, -9.58509349823, 17.9830551147, 0.923717319965, 19.3091068268, 30.2318248749, 55.71326828, 121.134170532, 85.7994995117, 36.8214645386], [-26.76653862, -25.9613437653, -157.765670776, -49.2357292175, -29.8299636841, 14.8103618622, -12.4218206406, 7.94203615189, 13.714471817, 17.3419361115, 85.7994995117, 155.557922363, 83.1161422729], [-6.39339399338, -16.2894878387, -106.317268372, -54.5120811462, -27.11287117, 5.87210655212, -17.6720314026, 3.86008238792, 12.8320493698, 5.54036951065, 36.8214645386, 83.1161422729, 114.785140991]],
