{
"lowlevel": {
    "average_loudness": 0.920404613018,
    "barkbands_crest": {
        "dmean": 3.46301603317,
        "dmean2": 5.4597902298,
        "dvar": 12.9393434525,
        "dvar2": 31.3615245819,
        "max": 26.5413742065,
        "mean": 11.2120857239,
        "median": 10.4140405655,
        "min": 1.91283142567,
        "var": 35.3078193665
    },
    "barkbands_flatness_db": {
        "dmean": 0.0327041186392,
        "dmean2": 0.0475429221988,
        "dvar": 0.00178899569437,
        "dvar2": 0.00363714783452,
        "max": 0.67597091198,
        "mean": 0.114568926394,
        "median": 0.0963623002172,
        "min": 0.009362379089,
        "var": 0.00733888475224
    },
    "barkbands_kurtosis": {
        "dmean": 10.5189275742,
        "dmean2": 17.9618453979,
        "dvar": 3204.55126953,
        "dvar2": 8789.38769531,
        "max": 1356.94421387,
        "mean": 7.58823251724,
        "median": 0.0977659225464,
        "min": -1.94697666168,
        "var": 2171.99414062
    },
    "barkbands_skewness": {
        "dmean": 1.01391613483,
        "dmean2": 1.54409229755,
        "dvar": 3.47994709015,
        "dvar2": 8.38499832153,
        "max": 32.8923721313,
        "mean": 1.40474379063,
        "median": 1.00925481319,
        "min": -4.20186948776,
        "var": 4.74638366699
    },
    "barkbands_spread": {
        "dmean": 11.9961280823,
        "dmean2": 18.333272934,
        "dvar": 183.163391113,
        "dvar2": 403.199066162,
        "max": 130.510482788,
        "mean": 42.2290763855,
        "median": 42.0892333984,
        "min": 0.0990226343274,
        "var": 576.168029785
    },
    "dissonance": {
        "dmean": 0.0129554048181,
        "dmean2": 0.0220234189183,
        "dvar": 0.000328713707859,
        "dvar2": 0.000882770109456,
        "max": 0.500000059605,
        "mean": 0.480640023947,
        "median": 0.488024920225,
        "min": 0.171580165625,
        "var": 0.000623058062047
    },
    "dynamic_complexity": 3.54430389404,
    "erbbands_crest": {
        "dmean": 2.49872255325,
        "dmean2": 4.1126742363,
        "dvar": 7.20739459991,
        "dvar2": 17.4073047638,
        "max": 33.0484008789,
        "mean": 7.30361127853,
        "median": 5.73735141754,
        "min": 2.18803524971,
        "var": 22.5147705078
    },
    "erbbands_flatness_db": {
        "dmean": 0.0170267857611,
        "dmean2": 0.0268180612475,
        "dvar": 0.000365532032447,
        "dvar2": 0.000825211871415,
        "max": 0.624941647053,
        "mean": 0.125988036394,
        "median": 0.108277544379,
        "min": 0.0423685871065,
        "var": 0.00555398035794
    },
    "erbbands_kurtosis": {
        "dmean": 1.27632212639,
        "dmean2": 2.11736536026,
        "dvar": 17.1527099609,
        "dvar2": 43.3627624512,
        "max": 209.717575073,
        "mean": 0.583725810051,
        "median": -0.296204328537,
        "min": -1.84235107899,
        "var": 24.938035965
    },
    "erbbands_skewness": {
        "dmean": 0.424343287945,
        "dmean2": 0.669493854046,
        "dvar": 0.29189196229,
        "dvar2": 0.676618397236,
        "max": 10.2262268066,
        "mean": -0.000878495455254,
        "median": -0.112239696085,
        "min": -3.44925546646,
        "var": 0.707616984844
    },
    "erbbands_spread": {
        "dmean": 11.8984155655,
        "dmean2": 18.5650691986,
        "dvar": 252.104629517,
        "dvar2": 574.989562988,
        "max": 192.290267944,
        "mean": 46.0248184204,
        "median": 42.827041626,
        "min": 0.321767836809,
        "var": 579.483947754
    },
    "hfc": {
        "dmean": 18.6849555969,
        "dmean2": 29.2737159729,
        "dvar": 844.633300781,
        "dvar2": 2163.84570312,
        "max": 238.917037964,
        "mean": 47.098613739,
        "median": 39.5164146423,
        "min": 1.11965870696e-16,
        "var": 1735.52294922
    },
    "melbands_crest": {
        "dmean": 5.01584196091,
        "dmean2": 7.98533773422,
        "dvar": 24.9851856232,
        "dvar2": 58.6209144592,
        "max": 38.3504104614,
        "mean": 19.8502731323,
        "median": 19.8394584656,
        "min": 1.70955812931,
        "var": 96.9632034302
    },
    "melbands_flatness_db": {
        "dmean": 0.0446234643459,
        "dmean2": 0.064898788929,
        "dvar": 0.00301634520292,
        "dvar2": 0.00641425838694,
        "max": 0.829419016838,
        "mean": 0.173901960254,
        "median": 0.164125904441,
        "min": 0.00459478935227,
        "var": 0.0109239853919
    },
    "melbands_kurtosis": {
        "dmean": 31.6349773407,
        "dmean2": 50.5878334045,
        "dvar": 11514.6074219,
        "dvar2": 28415.6035156,
        "max": 2138.91015625,
        "mean": 31.5716571808,
        "median": 7.52185058594,
        "min": -1.89961898327,
        "var": 10441.0595703
    },
    "melbands_skewness": {
        "dmean": 1.66043579578,
        "dmean2": 2.51012420654,
        "dvar": 7.3266119957,
        "dvar2": 16.6387653351,
        "max": 36.9277191162,
        "mean": 3.39430594444,
        "median": 2.45320534706,
        "min": -2.96238064766,
        "var": 12.6127929688
    },
    "melbands_spread": {
        "dmean": 16.5339031219,
        "dmean2": 26.8157081604,
        "dvar": 494.027374268,
        "dvar2": 1217.14465332,
        "max": 269.241424561,
        "mean": 38.8627510071,
        "median": 32.2248649597,
        "min": 0.121152468026,
        "var": 936.362915039
    },
    "pitch_salience": {
        "dmean": 0.113832913339,
        "dmean2": 0.175949960947,
        "dvar": 0.0145425507799,
        "dvar2": 0.034919526428,
        "max": 0.96668702364,
        "mean": 0.495262265205,
        "median": 0.512594640255,
        "min": 0.0304426010698,
        "var": 0.03516773507
    },
    "silence_rate_20dB": {
        "dmean": 0,
        "dmean2": 0,
        "dvar": 0,
        "dvar2": 0,
        "max": 1,
        "mean": 1,
        "median": 1,
        "min": 1,
        "var": 0
    },
    "silence_rate_30dB": {
        "dmean": 0.00505220610648,
        "dmean2": 0.0101052634418,
        "dvar": 0.00502700032666,
        "dvar2": 0.0150569686666,
        "max": 1,
        "mean": 0.997474133968,
        "median": 1,
        "min": 0,
        "var": 0.00251932931133
    },
    "silence_rate_60dB": {
        "dmean": 0.0117884809151,
        "dmean2": 0.02357894741,
        "dvar": 0.0116480076686,
        "dvar2": 0.0282403826714,
        "max": 1,
        "mean": 0.125284165144,
        "median": 0,
        "min": 0,
        "var": 0.1095803231
    },
    "spectral_centroid": {
        "dmean": 382.125305176,
        "dmean2": 582.94329834,
        "dvar": 209962.609375,
        "dvar2": 421171.125,
        "max": 10799.4521484,
        "mean": 2243.72924805,
        "median": 2494.58813477,
        "min": 89.1994476318,
        "var": 863539.4375
    },
    "spectral_complexity": {
        "dmean": 6.51903009415,
        "dmean2": 9.85482120514,
        "dvar": 51.1196250916,
        "dvar2": 111.260368347,
        "max": 61,
        "mean": 24.248210907,
        "median": 25,
        "min": 0,
        "var": 214.744735718
    },
    "spectral_decrease": {
        "dmean": 2.41458786299e-09,
        "dmean2": 3.52331053222e-09,
        "dvar": 1.02683612167e-17,
        "dvar2": 2.17203169739e-17,
        "max": -1.64261210787e-29,
        "mean": -7.50388284843e-09,
        "median": -6.42513997562e-09,
        "min": -3.40592087866e-08,
        "var": 3.78915424394e-17
    },
    "spectral_energy": {
        "dmean": 0.00900436751544,
        "dmean2": 0.0131957521662,
        "dvar": 0.00014275709691,
        "dvar2": 0.000295742647722,
        "max": 0.131562232971,
        "mean": 0.0325933285058,
        "median": 0.0309952739626,
        "min": 1.02176305787e-20,
        "var": 0.000609731825534
    },
    "spectral_energyband_high": {
        "dmean": 0.0018188895192,
        "dmean2": 0.00286244926974,
        "dvar": 8.3862705651e-06,
        "dvar2": 2.15484869841e-05,
        "max": 0.0241189599037,
        "mean": 0.00407154113054,
        "median": 0.00313013163395,
        "min": 7.1963727784e-21,
        "var": 1.60653016792e-05
    },
    "spectral_energyband_low": {
        "dmean": 0.00815049186349,
        "dmean2": 0.0121653806418,
        "dvar": 0.000147136379383,
        "dvar2": 0.00031234123162,
        "max": 0.109769418836,
        "mean": 0.0180322378874,
        "median": 0.00900641828775,
        "min": 5.08568843721e-23,
        "var": 0.000412015244365
    },
    "spectral_energyband_middle_high": {
        "dmean": 0.00236718775705,
        "dmean2": 0.00389717146754,
        "dvar": 1.5011944015e-05,
        "dvar2": 4.01400684495e-05,
        "max": 0.0822108983994,
        "mean": 0.00507181370631,
        "median": 0.00411028973758,
        "min": 1.6130024974e-21,
        "var": 2.26500233111e-05
    },
    "spectral_energyband_middle_low": {
        "dmean": 0.00504504237324,
        "dmean2": 0.00807689875364,
        "dvar": 0.000174223430804,
        "dvar2": 0.000427181919804,
        "max": 0.116459175944,
        "mean": 0.00621910300106,
        "median": 0.00275494181551,
        "min": 2.6841538823e-22,
        "var": 0.000179853625013
    },
    "spectral_entropy": {
        "dmean": 0.161218777299,
        "dmean2": 0.24940122664,
        "dvar": 0.0696671754122,
        "dvar2": 0.143142521381,
        "max": 9.79996013641,
        "mean": 8.06461048126,
        "median": 8.25726795197,
        "min": 4.02232170105,
        "var": 0.392070859671
    },
    "spectral_flux": {
        "dmean": 0.0289585758001,
        "dmean2": 0.0432456843555,
        "dvar": 0.00145840318874,
        "dvar2": 0.00248334021308,
        "max": 0.38222053647,
        "mean": 0.102619796991,
        "median": 0.0923854038119,
        "min": 1.01082295312e-10,
        "var": 0.00467091659084
    },
    "spectral_kurtosis": {
        "dmean": 2.0305762291,
        "dmean2": 3.43329930305,
        "dvar": 102.947845459,
        "dvar2": 296.136138916,
        "max": 374.733795166,
        "mean": 6.62863016129,
        "median": 2.20809268951,
        "min": -1.20351469517,
        "var": 749.9375
    },
    "spectral_rms": {
        "dmean": 0.000749277183786,
        "dmean2": 0.00109335733578,
        "dvar": 7.83413327099e-07,
        "dvar2": 1.54991232648e-06,
        "max": 0.0113293156028,
        "mean": 0.00508566293865,
        "median": 0.00549902627245,
        "min": 3.15728042669e-12,
        "var": 5.93439835939e-06
    },
    "spectral_rolloff": {
        "dmean": 1514.14477539,
        "dmean2": 2411.47802734,
        "dvar": 4224282.5,
        "dvar2": 9527288,
        "max": 19229.1503906,
        "mean": 3328.47558594,
        "median": 2497.8515625,
        "min": 43.06640625,
        "var": 9371720
    },
    "spectral_skewness": {
        "dmean": 0.197658643126,
        "dmean2": 0.32126429677,
        "dvar": 0.204336389899,
        "dvar2": 0.53047734499,
        "max": 15.6103153229,
        "mean": 1.51581299305,
        "median": 1.23169517517,
        "min": -0.0608759559691,
        "var": 2.03226161003
    },
    "spectral_spread": {
        "dmean": 693211.375,
        "dmean2": 1074928.5,
        "dvar": 688882515968,
        "dvar2": 1.3687020585e+12,
        "max": 40114296,
        "mean": 6290592.5,
        "median": 6461232,
        "min": 257617.3125,
        "var": 4.30040127898e+12
    },
    "spectral_strongpeak": {
        "dmean": 0.299322932959,
        "dmean2": 0.515208601952,
        "dvar": 0.319123655558,
        "dvar2": 0.83130389452,
        "max": 10.55676651,
        "mean": 0.464303016663,
        "median": 0.263937830925,
        "min": 0,
        "var": 0.399542570114
    },
    "zerocrossingrate": {
        "dmean": 0.0227451659739,
        "dmean2": 0.0273634456098,
        "dvar": 0.000630459631793,
        "dvar2": 0.000891460222192,
        "max": 0.7353515625,
        "mean": 0.108377426863,
        "median": 0.09912109375,
        "min": 0.00244140625,
        "var": 0.00465144496411
    },
    "barkbands": {
        "dmean": [0.00126380682923, 0.00666789896786, 0.002291389741, 0.00230918917805, 0.00213767704554, 0.000880721665453, 0.0005286578089, 0.000418288138462, 0.000626117107458, 0.000608222093433, 0.00046954859863, 0.000393854250433, 0.000310796574922, 0.000301707739709, 0.000244344817474, 0.000351754977601, 0.000280360662146, 0.000337797158863, 0.00028869844391, 0.000303938024445, 0.000296124402666, 0.000308144575683, 0.000339944701409, 0.000377368065529, 0.000353717652615, 0.000268460076768, 0.000101218123746],
        "dmean2": [0.00170303799678, 0.00988534744829, 0.0039494568482, 0.0038870300632, 0.00377074349672, 0.00159057811834, 0.0009377260576, 0.000722777505871, 0.00107927259523, 0.0010642822599, 0.000800010573585, 0.000663124781568, 0.000515895429999, 0.000519410008565, 0.000411911023548, 0.00059325597249, 0.000476113491459, 0.000581209897064, 0.000480383634567, 0.000508673954755, 0.00048917485401, 0.000504839641508, 0.000560165615752, 0.000610307150055, 0.000566471600905, 0.000424930010922, 0.000154932873556],
        "dvar": [4.49883600595e-06, 0.000106544815935, 7.04031408532e-05, 6.70474837534e-05, 5.45845359738e-05, 5.71101236346e-06, 1.18454966014e-06, 5.32392675723e-07, 1.74279387011e-06, 3.55540441888e-06, 7.32748560495e-07, 4.97417090628e-07, 3.01268386238e-07, 3.60586511761e-07, 2.31619907254e-07, 3.56803553814e-07, 2.10837711734e-07, 3.13901352911e-07, 1.55710850436e-07, 1.84077521226e-07, 1.9161467435e-07, 2.32013320556e-07, 3.62612894378e-07, 4.45698105977e-07, 3.53967777755e-07, 2.05241263984e-07, 3.11320960122e-08],
        "dvar2": [8.28042630019e-06, 0.000214794563362, 0.000182831499842, 0.00017356123135, 0.00015073477698, 1.64594457601e-05, 3.33056664203e-06, 1.42805231462e-06, 4.84046449856e-06, 1.01080186141e-05, 1.94291260414e-06, 1.26379723042e-06, 7.57127395445e-07, 9.77761260401e-07, 5.86476005537e-07, 8.98518237591e-07, 5.63614833027e-07, 8.64374158027e-07, 4.04416169886e-07, 4.84383633648e-07, 5.08319999426e-07, 6.17576063178e-07, 9.67673372543e-07, 1.13510441224e-06, 8.81334528913e-07, 5.22983611972e-07, 7.28039921682e-08],
        "max": [0.0278916936368, 0.096198104322, 0.0752722769976, 0.0676937773824, 0.0832156985998, 0.0234039835632, 0.0112208928913, 0.0102989785373, 0.0135999228805, 0.0424636974931, 0.0133672971278, 0.0164227895439, 0.0111107658595, 0.0120580308139, 0.0105931703001, 0.0105957826599, 0.00909984018654, 0.00765303196386, 0.00540512986481, 0.00577095290646, 0.00702312309295, 0.00643853191286, 0.00631861528382, 0.00789715535939, 0.00885064247996, 0.00500873429701, 0.00211639236659],
        "mean": [0.00234911474399, 0.0132567724213, 0.0017661252059, 0.00185930170119, 0.00164486397989, 0.000787470140494, 0.000507385877427, 0.000453803397249, 0.000714655674528, 0.000644889543764, 0.000565673573874, 0.000554195255972, 0.000445739278803, 0.000398495438276, 0.000347060500644, 0.000600390136242, 0.000419726333348, 0.000490081030875, 0.000497231027111, 0.000541035667993, 0.000511467980687, 0.000570770294871, 0.000603536667768, 0.00071412010584, 0.000670888111927, 0.000506341108121, 0.000172160202055],
        "median": [0.000260599656031, 0.00372734153643, 0.000157824237249, 9.83955615084e-05, 0.000267859140877, 0.00027266817051, 0.000189012498595, 0.000162961820024, 0.000243470072746, 0.000199387737666, 0.000231309357332, 0.000213759733015, 0.000183597236173, 0.000195936459932, 0.000188806661754, 0.000269074196694, 0.000261528824922, 0.000317069148878, 0.000371178146452, 0.000422397512011, 0.000400687044021, 0.00040757379611, 0.000401170545956, 0.000449103099527, 0.00040903093759, 0.000266290298896, 3.36386074196e-05],
        "min": [2.21041807537e-23, 2.21782169274e-23, 6.68630851315e-24, 2.81934911667e-23, 7.25435920461e-23, 1.96521754461e-23, 5.00349544177e-23, 2.5596644686e-23, 4.13923615786e-23, 5.21331035445e-23, 4.37606229903e-23, 9.77064626307e-23, 8.1872452852e-23, 6.80492621425e-23, 1.59926339295e-22, 2.29048528e-22, 9.52605015753e-23, 3.23216760144e-22, 2.66995817254e-22, 3.36626082868e-22, 3.82192935429e-22, 4.88108556008e-22, 7.78971189555e-22, 9.81378105115e-22, 1.00551194767e-21, 1.58987435784e-21, 2.09092356484e-21],
        "var": [1.36203261718e-05, 0.000267436698778, 5.12837723363e-05, 5.70259471715e-05, 3.72459580831e-05, 3.49576635017e-06, 8.98683879313e-07, 5.8461705521e-07, 1.63630409133e-06, 2.52847212323e-06, 8.79225126482e-07, 8.609842439e-07, 4.76524718351e-07, 3.91765610175e-07, 2.78860483149e-07, 1.21487175875e-06, 2.6672404374e-07, 3.5321733094e-07, 2.63664702516e-07, 3.11154849442e-07, 2.75526872429e-07, 3.66647896044e-07, 4.93243419442e-07, 7.54310519824e-07, 6.41513281607e-07, 3.99666504336e-07, 8.37953422206e-08]
    },
    "erbbands": {
        "dmean": [0.319019019604, 1.18993067741, 2.31796956062, 5.28719472885, 7.80812644958, 6.94056081772, 6.71022319794, 7.66748523712, 7.11669397354, 9.19549369812, 8.57232761383, 14.3777065277, 18.2164325714, 17.0683784485, 19.4067173004, 14.3439674377, 14.0003223419, 14.7012834549, 11.957657814, 14.7537994385, 18.0324230194, 15.8849277496, 17.2660808563, 17.7847690582, 13.3028259277, 14.2542829514, 12.2901029587, 11.8160457611, 10.9991970062, 11.7662792206, 9.26227855682, 7.88772106171, 6.3210644722, 4.01861476898, 2.77463388443, 1.35119450092, 0.461425125599, 0.140618816018, 0.0165367238224, 0.000234460516367],
        "dmean2": [0.444644331932, 1.77402305603, 3.78245449066, 9.0228061676, 12.8459424973, 12.6705341339, 12.3198404312, 13.7145957947, 12.7411870956, 16.0185108185, 14.9045248032, 24.7718753815, 31.3679256439, 29.5972423553, 32.8909645081, 24.1544876099, 22.9208755493, 25.2870769501, 20.1468982697, 24.3672866821, 30.6112728119, 26.8657474518, 29.6454391479, 30.0193824768, 22.0386123657, 23.8364295959, 20.2460727692, 19.6857738495, 18.0214595795, 19.5108242035, 15.2240629196, 12.886961937, 10.213807106, 6.37714910507, 4.5922870636, 2.18912506104, 0.721623420715, 0.213150396943, 0.0256801526994, 0.000357106619049],
        "dvar": [0.22222468257, 5.10148668289, 56.6320533752, 350.369903564, 774.377807617, 568.13671875, 497.116210938, 360.300598145, 260.671539307, 296.171875, 254.972229004, 914.425415039, 2214.74438477, 3097.19677734, 1135.87145996, 700.321533203, 608.567382812, 707.674133301, 441.179199219, 678.026611328, 969.668395996, 683.135009766, 837.887329102, 657.27911377, 376.983123779, 429.527038574, 298.245452881, 334.415039062, 293.361114502, 481.669555664, 229.478363037, 185.440292358, 128.475341797, 42.1313591003, 27.8488502502, 5.70482206345, 0.557884573936, 0.0557291842997, 0.000843944435474, 1.54555422682e-07],
        "dvar2": [0.413730084896, 10.2985973358, 136.970779419, 934.397216797, 1954.16516113, 1635.02050781, 1436.74560547, 1027.5880127, 739.568847656, 809.072937012, 695.783691406, 2524.24365234, 6221.49707031, 8537.40136719, 2933.49560547, 1813.34606934, 1505.05285645, 1924.07617188, 1174.61035156, 1643.57202148, 2479.96289062, 1816.22741699, 2289.94042969, 1709.55163574, 990.36151123, 1144.21728516, 789.505004883, 877.910644531, 783.858337402, 1311.7232666, 597.238891602, 470.323669434, 329.656616211, 101.265914917, 73.9200210571, 14.8702659607, 1.3715685606, 0.130401432514, 0.00202436349355, 3.64362165328e-07],
        "max": [5.26562261581, 18.620054245, 69.7371826172, 168.206130981, 304.940582275, 257.67855835, 239.520599365, 214.562683105, 178.872940063, 236.357971191, 220.032455444, 314.285430908, 577.883850098, 1537.49902344, 546.281494141, 657.210144043, 498.970336914, 317.809509277, 506.980407715, 503.688262939, 712.317138672, 463.413116455, 401.861297607, 387.838226318, 453.352203369, 295.471221924, 284.258911133, 362.048614502, 232.495376587, 209.207382202, 201.54498291, 205.764038086, 143.193374634, 101.006607056, 90.5858840942, 23.6330184937, 10.497551918, 3.16927170753, 0.399387508631, 0.00529349222779],
        "mean": [0.647495806217, 1.90373575687, 2.16489291191, 4.286673069, 6.48775720596, 5.04758882523, 5.18714332581, 7.12241029739, 6.84015798569, 9.58780574799, 9.78858089447, 16.6788864136, 20.9504013062, 19.3027038574, 25.5547561646, 21.108587265, 21.1837120056, 20.6739006042, 17.9952812195, 24.2246379852, 31.2273178101, 24.8309860229, 25.6842842102, 28.6505203247, 23.1633377075, 24.9873199463, 22.4958305359, 20.143321991, 19.4915142059, 20.5293674469, 16.6741161346, 14.7389431, 11.680729866, 7.74193954468, 4.69663906097, 2.34494304657, 0.895209372044, 0.274578541517, 0.0272406041622, 0.000462079420686],
        "median": [0.131398633122, 0.536330223083, 0.318813025951, 0.374297916889, 0.507718265057, 0.910941421986, 1.37672841549, 2.48894309998, 2.68739461899, 3.51616621017, 3.64208602905, 5.92579317093, 7.12847232819, 7.45367050171, 10.956360817, 9.20268058777, 9.2827835083, 10.5517301559, 10.0885276794, 14.0165948868, 15.4617671967, 15.7985754013, 16.558763504, 19.4991455078, 17.7838020325, 19.8515510559, 17.9496059418, 15.0826005936, 14.4361610413, 13.3625164032, 11.1602611542, 9.32148838043, 7.17663669586, 4.73656177521, 2.73864269257, 1.21818363667, 0.461491942406, 0.10325114429, 0.0052570477128, 0.000173279520823],
        "min": [9.63724382555e-22, 3.5781575516e-21, 1.14338906173e-20, 4.59411750127e-20, 1.4765924859e-19, 3.27956976199e-19, 1.66794055808e-19, 2.22609734926e-19, 7.39727976267e-19, 6.44060816112e-19, 4.01331256954e-19, 7.13118971828e-19, 2.1494639769e-18, 1.36279856735e-18, 2.6170638005e-18, 3.68175609106e-18, 3.52620560405e-18, 4.08223972053e-18, 6.2067153983e-18, 1.06001425332e-17, 9.96602587563e-18, 6.63638609568e-18, 1.43186105542e-17, 1.44339708168e-17, 1.72776837595e-17, 1.4787825448e-17, 1.30467756947e-17, 1.70991533679e-17, 1.90230116909e-17, 2.23337541162e-17, 1.95655925419e-17, 1.50298005926e-17, 2.02114584729e-17, 1.0670497553e-17, 7.40134659615e-18, 5.71662287948e-18, 3.26404725251e-18, 1.13082837906e-18, 2.54605132719e-19, 3.30586447657e-20],
        "var": [0.69498705864, 9.15052032471, 49.7357215881, 256.629974365, 732.217895508, 331.604705811, 283.277404785, 240.843734741, 179.555847168, 282.617340088, 285.123596191, 876.158447266, 1870.40551758, 2284.35546875, 1663.40124512, 1083.07983398, 1017.88079834, 867.923217773, 593.650146484, 1143.67614746, 3197.984375, 904.138183594, 975.814880371, 1021.02069092, 569.89831543, 635.478881836, 501.674316406, 475.509674072, 438.375213623, 603.819213867, 359.921203613, 314.33795166, 213.000350952, 83.9933853149, 37.3585739136, 9.02704620361, 1.27888274193, 0.154487043619, 0.00216868682764, 4.49980660733e-07]
    },
    "gfcc": {
        "mean": [11.2784967422, 28.5462532043, -101.575622559, 28.6659507751, -50.4377479553, 24.9060192108, -27.6785297394, 19.2867012024, -18.3947525024, 11.1512022018, -12.8489332199, 8.4733581543, -8.5845708847],
        "cov": [[21778.40625, -4732.45751953, 1301.17382812, 2566.56689453, 867.902648926, 847.657287598, -38.1888771057, 467.7265625, -581.925964355, 191.446975708, -394.94909668, 611.157653809, -386.888641357], [-4732.45751953, 3204.52319336, -615.647033691, -542.162536621, -409.193786621, -435.315032959, -205.003707886, -250.837524414, 113.839286804, -118.419311523, 194.550964355, -244.997161865, 216.759490967], [1301.17382812, -615.647033691, 969.679199219, 497.504302979, 327.123474121, 212.772079468, 99.7924804688, 54.5325241089, -23.8866863251, 1.0157610178, -86.2185211182, 17.1593532562, -78.096824646], [2566.56689453, -542.162536621, 497.504302979, 1074.28027344, 362.797546387, 335.23815918, 34.4953384399, 161.29914856, -28.6315631866, 99.7690429688, -39.1177444458, 100.812469482, 7.35599756241], [867.902648926, -409.193786621, 327.123474121, 362.797546387, 457.620635986, 266.91418457, 207.166824341, 115.158805847, 39.6761283875, 44.2060089111, -14.9517879486, 48.9588890076, -9.2453994751], [847.657287598, -435.315032959, 212.772079468, 335.23815918, 266.91418457, 352.999267578, 172.645172119, 131.924087524, 31.0043411255, 72.1481628418, -0.666932404041, 54.3024024963, -1.88400363922], [-38.1888771057, -205.003707886, 99.7924804688, 34.4953384399, 207.166824341, 172.645172119, 277.976470947, 146.874069214, 84.115562439, 55.5366897583, 36.814163208, 37.60181427, 2.25858068466], [467.7265625, -250.837524414, 54.5325241089, 161.29914856, 115.158805847, 131.924087524, 146.874069214, 215.992111206, 105.838310242, 98.43359375, 36.3512115479, 65.9122772217, 23.4611873627], [-581.925964355, 113.839286804, -23.8866863251, -28.6315631866, 39.6761283875, 31.0043411255, 84.115562439, 105.838310242, 167.479751587, 95.7878952026, 64.5552520752, 17.2661857605, 48.7720298767], [191.446975708, -118.419311523, 1.0157610178, 99.7690429688, 44.2060089111, 72.1481628418, 55.5366897583, 98.43359375, 95.7878952026, 145.652130127, 77.4968795776, 63.4558677673, 35.1850967407], [-394.94909668, 194.550964355, -86.2185211182, -39.1177444458, -14.9517879486, -0.666932404041, 36.814163208, 36.3512115479, 64.5552520752, 77.4968795776, 128.114379883, 55.5675849915, 58.3941078186], [611.157653809, -244.997161865, 17.1593532562, 100.812469482, 48.9588890076, 54.3024024963, 37.60181427, 65.9122772217, 17.2661857605, 63.4558677673, 55.5675849915, 129.922851562, 54.2017631531], [-386.888641357, 216.759490967, -78.096824646, 7.35599756241, -9.2453994751, -1.88400363922, 2.25858068466, 23.4611873627, 48.7720298767, 35.1850967407, 58.3941078186, 54.2017631531, 126.25025177]],
        "icov": [[0.000110012319055, 4.7591929615e-05, 2.6799933039e-05, -0.000146662525367, -5.98635524511e-05, 4.34570574726e-05, 0.000137764742249, -0.00021001623827, 0.000358556862921, -0.000152925626026, 0.000216344269575, -0.000439634226495, 0.000306151603581], [4.7591929615e-05, 0.000987295177765, 0.000209268575418, -0.000446868565632, 0.000147901431774, 0.000522023416124, -5.63745161344e-05, 0.000408414867707, -0.000606130284723, 0.00140864413697, -0.00234718993306, 0.0025663911365, -0.00162461493164], [2.6799933039e-05, 0.000209268575418, 0.00175626878627, -0.000828181451652, -0.000545429356862, 0.000193776970264, -0.000438417569967, 0.000875141937286, -0.000847202085424, 0.000623938627541, 0.000275607337244, -0.000136280243169, 0.000750086852349], [-0.000146662525367, -0.000446868565632, -0.000828181451652, 0.00300822616555, -0.00159489794169, -0.00152008933946, 0.00266618817113, -0.00244600023143, 0.00207822024822, -0.00195470429026, 0.000798085296992, -3.7053374399e-05, -0.00071373040555], [-5.98635524511e-05, 0.000147901431774, -0.000545429356862, -0.00159489794169, 0.0064304783009, -0.00161560578272, -0.00427980255336, 0.00269367289729, -0.00244707288221, 0.00157381605823, 0.000564012443647, -0.000631112547126, -0.000142253236845], [4.34570574726e-05, 0.000522023416124, 0.000193776970264, -0.00152008933946, -0.00161560578272, 0.00757217919454, -0.00315376976505, -0.000305096851662, 0.00162802590057, -0.0019906561356, 8.47207556944e-05, 0.00170390028507, -0.00129170098808], [0.000137764742249, -5.63745161344e-05, -0.000438417569967, 0.00266618817113, -0.00427980255336, -0.00315376976505, 0.0121325403452, -0.00700434111059, 0.000484084070195, 0.00189353339374, -0.00302628125064, -0.000138279661769, 0.00156089616939], [-0.00021001623827, 0.000408414867707, 0.000875141937286, -0.00244600023143, 0.00269367289729, -0.000305096851662, -0.00700434111059, 0.0156630724669, -0.00856537465006, -0.00070288090501, 0.00226077320985, -0.00294798822142, 0.000471165112685], [0.000358556862921, -0.000606130284723, -0.000847202085424, 0.00207822024822, -0.00244707288221, 0.00162802590057, 0.000484084070195, -0.00856537465006, 0.0203382167965, -0.0115775726736, 0.000750918639824, 0.00439109327272, -0.00394037924707], [-0.000152925626026, 0.00140864413697, 0.000623938627541, -0.00195470429026, 0.00157381605823, -0.0019906561356, 0.00189353339374, -0.00070288090501, -0.0115775726736, 0.0236534290016, -0.011773340404, -0.000717195158359, 0.00142889702693], [0.000216344269575, -0.00234718993306, 0.000275607337244, 0.000798085296992, 0.000564012443647, 8.47207556944e-05, -0.00302628125064, 0.00226077320985, 0.000750918639824, -0.011773340404, 0.0239610522985, -0.0118347043172, 0.00148276053369], [-0.000439634226495, 0.0025663911365, -0.000136280243169, -3.7053374399e-05, -0.000631112547126, 0.00170390028507, -0.000138279661769, -0.00294798822142, 0.00439109327272, -0.000717195158359, -0.0118347043172, 0.0256977062672, -0.0123612480238], [0.000306151603581, -0.00162461493164, 0.000750086852349, -0.00071373040555, -0.000142253236845, -0.00129170098808, 0.00156089616939, 0.000471165112685, -0.00394037924707, 0.00142889702693, 0.00148276053369, -0.0123612480238, 0.0177537873387]]
    },
    "melbands": {
        "dmean": [0.00225397525355, 0.00119310803711, 0.00100401043892, 0.000511101156007, 0.000248787284363, 0.000168672457221, 0.000107968735392, 9.92491331999e-05, 7.16450813343e-05, 9.51437177719e-05, 9.26440698095e-05, 7.11899483576e-05, 6.35487886029e-05, 4.73013606097e-05, 3.36967714247e-05, 3.29036120092e-05, 2.89209438051e-05, 2.08158890018e-05, 2.01358507184e-05, 2.50358698395e-05, 2.104948544e-05, 1.79000708158e-05, 1.59258433996e-05, 1.59674091265e-05, 1.54169520101e-05, 1.06185152617e-05, 1.00686738733e-05, 1.03126276372e-05, 8.43330963107e-06, 7.39821689422e-06, 7.42046540836e-06, 6.71972838973e-06, 6.34939078736e-06, 7.0988958214e-06, 5.49804872207e-06, 5.46271485291e-06, 5.18317256137e-06, 4.918751074e-06, 4.09988342653e-06, 3.34156288773e-06],
        "dmean2": [0.00322171347216, 0.00177467777394, 0.00163144047838, 0.000882998807356, 0.000455442612292, 0.000302426458802, 0.000192481529666, 0.000172129657585, 0.000124433994642, 0.000163842429174, 0.000159562085173, 0.000124029364088, 0.000108087217086, 7.9332414316e-05, 5.59276268177e-05, 5.53522513655e-05, 4.99846901221e-05, 3.52611059498e-05, 3.39165308105e-05, 4.14837813878e-05, 3.59265141014e-05, 3.05288376694e-05, 2.68654730462e-05, 2.78034003713e-05, 2.60189735855e-05, 1.7780221242e-05, 1.69357736013e-05, 1.73693097167e-05, 1.39881949508e-05, 1.23855079437e-05, 1.24292864712e-05, 1.11601302706e-05, 1.0499588825e-05, 1.19016995086e-05, 9.08867787075e-06, 9.04696298676e-06, 8.57017766975e-06, 8.07835658634e-06, 6.62913680571e-06, 5.32775538886e-06],
        "dvar": [1.06353027149e-05, 8.36048820929e-06, 1.10338560262e-05, 3.07724667437e-06, 6.79634752032e-07, 1.81244047326e-07, 5.68393581091e-08, 3.29592495518e-08, 1.96807121711e-08, 4.0362291287e-08, 5.84693644612e-08, 6.06128764957e-08, 1.28812382982e-08, 6.4565970348e-09, 4.63229810066e-09, 3.92041910047e-09, 2.92054913587e-09, 1.76734882285e-09, 1.98804284146e-09, 1.89883220258e-09, 1.42237355227e-09, 1.00501906797e-09, 6.36844688096e-10, 8.32702740095e-10, 5.00236962964e-10, 2.19642179444e-10, 2.43906228548e-10, 2.27504251549e-10, 1.37402589306e-10, 1.25061350165e-10, 1.37463138095e-10, 1.07213314615e-10, 1.0091010666e-10, 2.00889083146e-10, 7.49009396173e-11, 8.01818819673e-11, 9.04121638667e-11, 8.26047563685e-11, 4.72175007427e-11, 2.87527900794e-11],
        "dvar2": [2.05830201594e-05, 1.7532855054e-05, 2.7878812034e-05, 8.33205012896e-06, 1.9676208467e-06, 5.18963986451e-07, 1.60918773418e-07, 8.91896263511e-08, 5.33744461961e-08, 1.11394072633e-07, 1.6469682862e-07, 1.6875068809e-07, 3.38732704108e-08, 1.63096771644e-08, 1.15524692035e-08, 9.99450744388e-09, 7.8833135575e-09, 4.77612305261e-09, 4.99014651822e-09, 4.75600359096e-09, 3.66510777283e-09, 2.73376166149e-09, 1.69049541032e-09, 2.35658359493e-09, 1.29102228907e-09, 5.76214076453e-10, 6.45612396877e-10, 6.08068595476e-10, 3.59391072458e-10, 3.38104072517e-10, 3.64625080129e-10, 2.88320090025e-10, 2.67875360782e-10, 5.509891432e-10, 1.95316415819e-10, 2.08803349611e-10, 2.35116787151e-10, 2.16032317035e-10, 1.17425208446e-10, 6.98768681806e-11],
        "max": [0.0335361808538, 0.0290787313133, 0.0267557315528, 0.0203267745674, 0.00810180138797, 0.00472303386778, 0.00262071634643, 0.00247509311885, 0.00234855245799, 0.0021203008946, 0.00293906335719, 0.006898841355, 0.00202744756825, 0.00100499286782, 0.00248840241693, 0.00150253949687, 0.000773201405536, 0.00113795883954, 0.00114424689673, 0.000878416292835, 0.000996648916043, 0.000597341917455, 0.000549616932403, 0.000306673580781, 0.000357564626029, 0.000197549423319, 0.000342025217833, 0.000236181600485, 0.000181816591066, 0.000183233772987, 0.000249161385, 0.000139824507642, 0.000166527490364, 0.000138177725603, 0.000113161360787, 0.000121739161841, 0.000173117106897, 0.000103717698948, 0.000122634839499, 8.82170570549e-05],
        "mean": [0.00462687760592, 0.0015719437506, 0.000855333521031, 0.000408004911151, 0.000191889135749, 0.000156706082635, 0.000104542661575, 0.000104638253106, 7.99119952717e-05, 0.000109508524474, 0.000103829515865, 7.61096889619e-05, 7.98244509497e-05, 6.70975423418e-05, 4.85791715619e-05, 4.49153776572e-05, 3.80996898457e-05, 2.87465118163e-05, 2.78315928881e-05, 4.16935326939e-05, 3.35799522873e-05, 2.55792983808e-05, 2.36887390201e-05, 2.21053833229e-05, 2.36922369368e-05, 1.70623807207e-05, 1.58791281137e-05, 1.70792009158e-05, 1.49765191964e-05, 1.1658044059e-05, 1.18199259305e-05, 1.10078972284e-05, 1.09698157758e-05, 1.14391386887e-05, 9.39443179959e-06, 9.31514568947e-06, 9.0661997092e-06, 8.47166484164e-06, 7.34094101063e-06, 6.1814671426e-06],
        "median": [0.00125182827469, 0.000541744928341, 7.00895034242e-05, 5.34702267032e-05, 5.18846245541e-05, 5.62812601856e-05, 4.1346247599e-05, 3.77354845114e-05, 2.60137585428e-05, 3.74748051399e-05, 3.30866168952e-05, 2.57556694123e-05, 3.34871692758e-05, 2.63718920905e-05, 1.9616118152e-05, 1.8186532543e-05, 1.82002186193e-05, 1.49861452883e-05, 1.49162160596e-05, 1.94584081328e-05, 1.63132772286e-05, 1.47009650391e-05, 1.42545168274e-05, 1.40966794788e-05, 1.52506781887e-05, 1.207216701e-05, 1.15388656923e-05, 1.25788301375e-05, 1.10947030407e-05, 8.62088199938e-06, 8.15946714283e-06, 7.72916246206e-06, 7.31863519832e-06, 6.99287465977e-06, 5.96730615143e-06, 5.80084088142e-06, 5.32524427399e-06, 4.93269408253e-06, 4.23329765908e-06, 3.72933163817e-06],
        "min": [8.02632760018e-24, 5.55247439534e-24, 1.16824565044e-23, 1.61579712867e-23, 8.85288185718e-24, 4.62502443413e-24, 1.08941367578e-23, 6.78926906077e-24, 3.30952590504e-24, 5.37289533786e-24, 1.04933457197e-23, 4.9911406967e-24, 7.68039868261e-24, 1.14442552209e-23, 7.81281135213e-24, 7.70343263218e-24, 7.57978262959e-24, 8.74871119692e-24, 1.27864831185e-23, 1.56177151625e-23, 1.09945540179e-23, 6.14526668358e-24, 1.04579542641e-23, 1.4714934854e-23, 1.08188044857e-23, 1.12625529443e-23, 1.53505800388e-23, 7.8008119889e-24, 8.57335372858e-24, 6.0884596265e-24, 1.22276335429e-23, 1.11763115147e-23, 8.29634601057e-24, 1.5590586236e-23, 1.26715989383e-23, 7.71544382832e-24, 9.3707540531e-24, 1.66862319918e-23, 8.90774713314e-24, 9.45109322541e-24],
        "var": [3.15254510497e-05, 1.13392670755e-05, 9.68592303252e-06, 2.35603670262e-06, 3.85229270705e-07, 1.17881839401e-07, 4.00624493579e-08, 3.29293321499e-08, 2.21164011549e-08, 3.89437637693e-08, 4.8607798675e-08, 4.27537898418e-08, 1.64618843002e-08, 1.16819665053e-08, 7.26226145886e-09, 5.55146639769e-09, 3.41741990262e-09, 1.95714111584e-09, 2.18515916472e-09, 5.43358735783e-09, 4.14571932339e-09, 1.16034037934e-09, 8.83591533274e-10, 7.79165176823e-10, 7.8082956767e-10, 3.4440258978e-10, 3.15430320752e-10, 3.45460160478e-10, 2.73089439951e-10, 1.60942204008e-10, 1.85890969284e-10, 1.50895740347e-10, 1.57507604182e-10, 2.18525642026e-10, 1.18327056486e-10, 1.24929372403e-10, 1.34113886663e-10, 1.22612198172e-10, 8.36083563494e-11, 5.55161472349e-11]
    },
    "mfcc": {
        "mean": [-631.878845215, 68.0692749023, 7.51535797119, 15.0026531219, 6.39572620392, 9.24391555786, 7.40871429443, 9.64626312256, 6.64414930344, 6.3780503273, 3.69161009789, 4.56714439392, 4.01839017868],
        "cov": [[12257.0888672, -2189.83422852, -184.7684021, 487.197998047, 492.643218994, 336.732421875, 456.346405029, 414.54196167, 94.464012146, -27.7098236084, -40.4997177124, 109.671714783, 190.728500366], [-2189.83422852, 1992.95336914, -42.6791687012, -52.8909454346, -188.937103271, -176.239456177, -228.818649292, -225.743408203, -146.248199463, -65.6327133179, -25.4686813354, -70.4124526978, -88.9319076538], [-184.7684021, -42.6791687012, 526.007324219, 164.206420898, 146.509155273, 84.5865097046, 40.1996231079, 29.1101665497, 30.003370285, 16.8021736145, 8.38698482513, -12.6586790085, -18.9677410126], [487.197998047, -52.8909454346, 164.206420898, 426.51171875, 252.126754761, 136.128494263, 102.0390625, 84.8161849976, 78.3649139404, 41.1529273987, 17.1888103485, 28.9694099426, 59.6259841919], [492.643218994, -188.937103271, 146.509155273, 252.126754761, 325.406341553, 214.015914917, 140.437042236, 107.928230286, 99.0499191284, 50.0220184326, 13.8428630829, 32.3008537292, 65.9654922485], [336.732421875, -176.239456177, 84.5865097046, 136.128494263, 214.015914917, 261.433441162, 178.913421631, 113.464309692, 92.2755355835, 47.7642250061, 24.4699897766, 33.1882171631, 61.6695709229], [456.346405029, -228.818649292, 40.1996231079, 102.0390625, 140.437042236, 178.913421631, 240.843460083, 160.473556519, 102.117408752, 60.0288505554, 48.9263496399, 43.4216156006, 55.3673744202], [414.54196167, -225.743408203, 29.1101665497, 84.8161849976, 107.928230286, 113.464309692, 160.473556519, 180.057174683, 118.605308533, 64.6065139771, 44.2948265076, 43.9099121094, 48.670917511], [94.464012146, -146.248199463, 30.003370285, 78.3649139404, 99.0499191284, 92.2755355835, 102.117408752, 118.605308533, 162.568313599, 102.574554443, 49.7612953186, 47.3625869751, 62.7433166504], [-27.7098236084, -65.6327133179, 16.8021736145, 41.1529273987, 50.0220184326, 47.7642250061, 60.0288505554, 64.6065139771, 102.574554443, 123.46472168, 73.7238235474, 47.8822822571, 41.4112548828], [-40.4997177124, -25.4686813354, 8.38698482513, 17.1888103485, 13.8428630829, 24.4699897766, 48.9263496399, 44.2948265076, 49.7612953186, 73.7238235474, 119.745918274, 68.3330688477, 22.7628040314], [109.671714783, -70.4124526978, -12.6586790085, 28.9694099426, 32.3008537292, 33.1882171631, 43.4216156006, 43.9099121094, 47.3625869751, 47.8822822571, 68.3330688477, 100.502494812, 73.6510848999], [190.728500366, -88.9319076538, -18.9677410126, 59.6259841919, 65.9654922485, 61.6695709229, 55.3673744202, 48.670917511, 62.7433166504, 41.4112548828, 22.7628040314, 73.6510848999, 136.774185181]],
