{
"lowlevel": {
    "average_loudness": 0.844108521938,
    "barkbands_crest": {
        "dmean": 2.70566797256,
        "dmean2": 4.17727947235,
        "dvar": 8.05312347412,
        "dvar2": 17.3672981262,
        "max": 26.2987728119,
        "mean": 13.3774747849,
        "median": 12.2728271484,
        "min": 2.5345594883,
        "var": 32.0916557312
    },
    "barkbands_flatness_db": {
        "dmean": 0.0347889512777,
        "dmean2": 0.0485706590116,
        "dvar": 0.0020236922428,
        "dvar2": 0.00320404930972,
        "max": 0.654791533947,
        "mean": 0.224712282419,
        "median": 0.204396158457,
        "min": 0.0323318131268,
        "var": 0.0100969448686
    },
    "barkbands_kurtosis": {
        "dmean": 9.80420684814,
        "dmean2": 16.2308063507,
        "dvar": 1239.38415527,
        "dvar2": 3471.58886719,
        "max": 583.343933105,
        "mean": 14.2032155991,
        "median": 4.83453702927,
        "min": -1.67608213425,
        "var": 1254.92529297
    },
    "barkbands_skewness": {
        "dmean": 0.782823324203,
        "dmean2": 1.18811321259,
        "dvar": 1.5420601368,
        "dvar2": 3.763702631,
        "max": 17.3684024811,
        "mean": 2.32694840431,
        "median": 1.82858526707,
        "min": -2.18817710876,
        "var": 4.04931116104
    },
    "barkbands_spread": {
        "dmean": 3.68947577477,
        "dmean2": 5.58858013153,
        "dvar": 31.0016155243,
        "dvar2": 63.76537323,
        "max": 77.5615005493,
        "mean": 11.2517156601,
        "median": 9.23941802979,
        "min": 0.106793649495,
        "var": 76.7246932983
    },
    "dissonance": {
        "dmean": 0.0272827669978,
        "dmean2": 0.045515652746,
        "dvar": 0.000653767492622,
        "dvar2": 0.00177084165625,
        "max": 0.5,
        "mean": 0.440753877163,
        "median": 0.449457854033,
        "min": 0.197939246893,
        "var": 0.0018499152502
    },
    "dynamic_complexity": 2.84384655952,
    "erbbands_crest": {
        "dmean": 3.18344855309,
        "dmean2": 5.01007890701,
        "dvar": 9.46433258057,
        "dvar2": 22.3116111755,
        "max": 32.8421478271,
        "mean": 12.6705036163,
        "median": 11.4853372574,
        "min": 2.5562851429,
        "var": 35.6540031433
    },
    "erbbands_flatness_db": {
        "dmean": 0.0232612732798,
        "dmean2": 0.0342941991985,
        "dvar": 0.000734121073037,
        "dvar2": 0.00147535395809,
        "max": 0.526643514633,
        "mean": 0.216799467802,
        "median": 0.201366439462,
        "min": 0.0602139905095,
        "var": 0.00625736545771
    },
    "erbbands_kurtosis": {
        "dmean": 1.96392345428,
        "dmean2": 3.00630497932,
        "dvar": 19.0583171844,
        "dvar2": 42.1337661743,
        "max": 67.8333282471,
        "mean": 2.74674367905,
        "median": 0.657012939453,
        "min": -1.87707364559,
        "var": 57.1174125671
    },
    "erbbands_skewness": {
        "dmean": 0.439939886332,
        "dmean2": 0.666497588158,
        "dvar": 0.289436250925,
        "dvar2": 0.573932111263,
        "max": 7.49811792374,
        "mean": 0.980202436447,
        "median": 0.77897053957,
        "min": -2.83534026146,
        "var": 1.21297895908
    },
    "erbbands_spread": {
        "dmean": 7.41274023056,
        "dmean2": 11.4494123459,
        "dvar": 88.8443069458,
        "dvar2": 203.821121216,
        "max": 128.555923462,
        "mean": 28.0148448944,
        "median": 25.2548370361,
        "min": 1.49396967888,
        "var": 252.442642212
    },
    "hfc": {
        "dmean": 6.39915943146,
        "dmean2": 9.51719284058,
        "dvar": 189.335662842,
        "dvar2": 455.714782715,
        "max": 201.494949341,
        "mean": 18.5515727997,
        "median": 13.9858808517,
        "min": 1.09317450133e-16,
        "var": 334.937683105
    },
    "melbands_crest": {
        "dmean": 3.30323004723,
        "dmean2": 5.26581764221,
        "dvar": 12.2602682114,
        "dvar2": 28.135559082,
        "max": 36.9203567505,
        "mean": 16.9009113312,
        "median": 15.6740446091,
        "min": 1.7170432806,
        "var": 44.6303749084
    },
    "melbands_flatness_db": {
        "dmean": 0.0386683866382,
        "dmean2": 0.0531931184232,
        "dvar": 0.00280813593417,
        "dvar2": 0.00423528859392,
        "max": 0.814106583595,
        "mean": 0.294713765383,
        "median": 0.278407484293,
        "min": 0.00405485834926,
        "var": 0.0132143171504
    },
    "melbands_kurtosis": {
        "dmean": 15.0578022003,
        "dmean2": 24.5240421295,
        "dvar": 2098.41162109,
        "dvar2": 5735.38818359,
        "max": 772.125793457,
        "mean": 23.6644268036,
        "median": 9.68492126465,
        "min": -1.77082145214,
        "var": 2324.02392578
    },
    "melbands_skewness": {
        "dmean": 0.961989283562,
        "dmean2": 1.46831572056,
        "dvar": 2.2093975544,
        "dvar2": 5.2132396698,
        "max": 21.0641059875,
        "mean": 2.94699072838,
        "median": 2.35178899765,
        "min": -1.61946666241,
        "var": 5.24474668503
    },
    "melbands_spread": {
        "dmean": 4.36475229263,
        "dmean2": 6.57418060303,
        "dvar": 52.2561531067,
        "dvar2": 109.832832336,
        "max": 171.513687134,
        "mean": 12.7189378738,
        "median": 9.92304039001,
        "min": 0.148171588778,
        "var": 142.019332886
    },
    "pitch_salience": {
        "dmean": 0.080726288259,
        "dmean2": 0.12826679647,
        "dvar": 0.00799875985831,
        "dvar2": 0.0193394310772,
        "max": 0.988729536533,
        "mean": 0.457984477282,
        "median": 0.476973623037,
        "min": 0.0441935323179,
        "var": 0.0238990131766
    },
    "silence_rate_20dB": {
        "dmean": 0,
        "dmean2": 0,
        "dvar": 0,
        "dvar2": 0,
        "max": 1,
        "mean": 1,
        "median": 1,
        "min": 1,
        "var": 0
    },
    "silence_rate_30dB": {
        "dmean": 0.0531986542046,
        "dmean2": 0.106404468417,
        "dvar": 0.0503654628992,
        "dvar2": 0.108547888696,
        "max": 1,
        "mean": 0.87839204073,
        "median": 1,
        "min": 0,
        "var": 0.10681155324
    },
    "silence_rate_60dB": {
        "dmean": 0.00875420868397,
        "dmean2": 0.0175095964223,
        "dvar": 0.0086772274226,
        "dvar2": 0.0196260455996,
        "max": 1,
        "mean": 0.0441721081734,
        "median": 0,
        "min": 0,
        "var": 0.0422229580581
    },
    "spectral_centroid": {
        "dmean": 175.348648071,
        "dmean2": 259.138000488,
        "dvar": 67547.3359375,
        "dvar2": 126045.632812,
        "max": 11425.7402344,
        "mean": 870.193908691,
        "median": 755.935668945,
        "min": 91.4624252319,
        "var": 379374.71875
    },
    "spectral_complexity": {
        "dmean": 3.40619540215,
        "dmean2": 5.13273620605,
        "dvar": 22.0963001251,
        "dvar2": 38.3318634033,
        "max": 58,
        "mean": 14.2117700577,
        "median": 14,
        "min": 0,
        "var": 62.1727867126
    },
    "spectral_decrease": {
        "dmean": 3.5993896752e-09,
        "dmean2": 5.48602896444e-09,
        "dvar": 4.02521769413e-17,
        "dvar2": 8.20326660172e-17,
        "max": 1.85306250531e-28,
        "mean": -1.20344907373e-08,
        "median": -8.30365642912e-09,
        "min": -6.94039599125e-08,
        "var": 1.36402996217e-16
    },
    "spectral_energy": {
        "dmean": 0.0139839258045,
        "dmean2": 0.021276017651,
        "dvar": 0.000585655507166,
        "dvar2": 0.00120005558711,
        "max": 0.263995289803,
        "mean": 0.0471034757793,
        "median": 0.0331977978349,
        "min": 1.02839310435e-20,
        "var": 0.0019946959801
    },
    "spectral_energyband_high": {
        "dmean": 0.000289663992589,
        "dmean2": 0.000442664138973,
        "dvar": 8.32240289128e-07,
        "dvar2": 1.94629296857e-06,
        "max": 0.0127504616976,
        "mean": 0.000412545690779,
        "median": 0.000113699643407,
        "min": 7.43459190908e-21,
        "var": 9.43952727539e-07
    },
    "spectral_energyband_low": {
        "dmean": 0.0105994660407,
        "dmean2": 0.0164563227445,
        "dvar": 0.000687379797455,
        "dvar2": 0.00146149424836,
        "max": 0.262364596128,
        "mean": 0.0262611396611,
        "median": 0.00497104274109,
        "min": 3.30811187187e-23,
        "var": 0.00196272344328
    },
    "spectral_energyband_middle_high": {
        "dmean": 0.00249609467573,
        "dmean2": 0.00386771326885,
        "dvar": 3.41584564012e-05,
        "dvar2": 8.24570088298e-05,
        "max": 0.096941255033,
        "mean": 0.00545018399134,
        "median": 0.00234788586386,
        "min": 1.05730928677e-21,
        "var": 8.6404994363e-05
    },
    "spectral_energyband_middle_low": {
        "dmean": 0.00607488118112,
        "dmean2": 0.00982847809792,
        "dvar": 8.95621415111e-05,
        "dvar2": 0.000245225906838,
        "max": 0.103784523904,
        "mean": 0.0167355053127,
        "median": 0.0135049661621,
        "min": 1.89772027053e-22,
        "var": 0.000185948709259
    },
    "spectral_entropy": {
        "dmean": 0.267473429441,
        "dmean2": 0.392363339663,
        "dvar": 0.137612849474,
        "dvar2": 0.258268892765,
        "max": 9.82040882111,
        "mean": 6.93535470963,
        "median": 7.02288246155,
        "min": 3.959846735,
        "var": 0.505361974239
    },
    "spectral_flux": {
        "dmean": 0.0357858836651,
        "dmean2": 0.0553474649787,
        "dvar": 0.00248026964255,
        "dvar2": 0.00430983956903,
        "max": 0.510381579399,
        "mean": 0.0885919257998,
        "median": 0.0693428516388,
        "min": 6.58922846841e-11,
        "var": 0.00568271055818
    },
    "spectral_kurtosis": {
        "dmean": 5.2331662178,
        "dmean2": 8.83541297913,
        "dvar": 96.3626403809,
        "dvar2": 231.632232666,
        "max": 310.385284424,
        "mean": 10.0932264328,
        "median": 5.76979732513,
        "min": -1.25622224808,
        "var": 167.732818604
    },
    "spectral_rms": {
        "dmean": 0.000950074987486,
        "dmean2": 0.00140909652691,
        "dvar": 1.7111683519e-06,
        "dvar2": 3.17909393743e-06,
        "max": 0.0160485636443,
        "mean": 0.00606630835682,
        "median": 0.00569105381146,
        "min": 3.16750748894e-12,
        "var": 9.15451346373e-06
    },
    "spectral_rolloff": {
        "dmean": 270.649719238,
        "dmean2": 434.873962402,
        "dvar": 397582.78125,
        "dvar2": 890243.1875,
        "max": 19681.3476562,
        "mean": 826.413635254,
        "median": 624.462890625,
        "min": 64.599609375,
        "var": 1131131.625
    },
    "spectral_skewness": {
        "dmean": 0.451506972313,
        "dmean2": 0.7485704422,
        "dvar": 0.485486805439,
        "dvar2": 1.07717430592,
        "max": 13.9035253525,
        "mean": 2.09468984604,
        "median": 1.81512403488,
        "min": -0.0692044869065,
        "var": 1.01214718819
    },
    "spectral_spread": {
        "dmean": 559786.0625,
        "dmean2": 874249.625,
        "dvar": 730400620544,
        "dvar2": 1.6900971561e+12,
        "max": 42460840,
        "mean": 3497982.5,
        "median": 3308429.5,
        "min": 481398.46875,
        "var": 4.17305591808e+12
    },
    "spectral_strongpeak": {
        "dmean": 0.526684343815,
        "dmean2": 0.871328294277,
        "dvar": 0.819432735443,
        "dvar2": 1.92674541473,
        "max": 13.3942365646,
        "mean": 1.28196072578,
        "median": 0.799788177013,
        "min": 0,
        "var": 2.35862135887
    },
    "zerocrossingrate": {
        "dmean": 0.00747609557584,
        "dmean2": 0.00882312934846,
        "dvar": 0.000133046094561,
        "dvar2": 0.000163543372764,
        "max": 0.7197265625,
        "mean": 0.0359860733151,
        "median": 0.029296875,
        "min": 0.001953125,
        "var": 0.00101977714803
    },
    "barkbands": {
        "dmean": [0.000513203791343, 0.00790784787387, 0.00422767782584, 0.00231196521781, 0.00210683816113, 0.00138747133315, 0.000940658384934, 0.000833018915728, 0.00147740985267, 0.000590104085859, 0.000970736844465, 0.000582674343605, 0.000349507143255, 0.000249421485933, 0.000189274505829, 0.000220037123654, 0.000170430619619, 0.000125996724819, 8.4337516455e-05, 9.55827126745e-05, 8.3005084889e-05, 5.13636587129e-05, 4.10058273701e-05, 3.74329829356e-05, 3.52301758539e-05, 1.53215078171e-05, 1.99629516828e-06],
        "dmean2": [0.000852310971823, 0.0123057896271, 0.00720215216279, 0.00401767482981, 0.00344526814297, 0.00199346058071, 0.00153606384993, 0.0012604467338, 0.00221812655218, 0.000905584252905, 0.00152830022853, 0.000948187604081, 0.000561336055398, 0.000412846420659, 0.000316450925311, 0.000342700863257, 0.000273802987067, 0.000204149197089, 0.00013468330144, 0.00015493266983, 0.000129008010845, 7.77497625677e-05, 6.20391001576e-05, 5.9312373196e-05, 5.98452897975e-05, 2.60288779828e-05, 3.39385678672e-06],
        "dvar": [3.45667604051e-06, 0.000495101034176, 0.000287748960545, 2.91685919365e-05, 1.49328798216e-05, 4.85280406792e-06, 3.50548043571e-06, 2.45978390012e-06, 9.96090784611e-06, 3.8810053411e-06, 1.0439090147e-05, 4.36370874013e-06, 1.11432291305e-06, 8.28974350497e-07, 3.78464761752e-07, 1.8379310518e-07, 1.41952796184e-07, 9.64650368473e-08, 5.91959441465e-08, 8.50514965123e-08, 7.01531561731e-08, 2.36685977484e-08, 1.28430253099e-08, 1.47000971396e-08, 1.07333857358e-08, 2.91894175497e-09, 7.07464017924e-11],
        "dvar2": [9.40523750614e-06, 0.0011555327801, 0.00076506298501, 8.54339159559e-05, 3.96742216253e-05, 9.22699746297e-06, 8.66831214807e-06, 5.35066101293e-06, 2.07782250072e-05, 7.68163408793e-06, 2.3574615625e-05, 9.71664121607e-06, 2.60162278209e-06, 1.71143369698e-06, 1.01994010038e-06, 3.80010675372e-07, 3.12741889275e-07, 2.10391135624e-07, 1.46912142895e-07, 2.19228269316e-07, 1.67126898987e-07, 5.26455856686e-08, 2.65354707096e-08, 3.51998679093e-08, 2.82925753936e-08, 7.5237913677e-09, 1.87025159248e-10],
        "max": [0.0158356036991, 0.223262667656, 0.176853194833, 0.060231436044, 0.0495136678219, 0.0506298393011, 0.0347240529954, 0.0369104631245, 0.0643567070365, 0.071071125567, 0.0842465311289, 0.0611561648548, 0.0448213666677, 0.0435815230012, 0.00921926554292, 0.0158076118678, 0.00657427962869, 0.00676822615787, 0.00397643679753, 0.00407603895292, 0.00413768133149, 0.00236070365645, 0.00171089381911, 0.0020021093078, 0.00133100291714, 0.000650857808068, 0.000152518230607],
        "mean": [0.000579040672164, 0.0198774617165, 0.00428163632751, 0.00340772792697, 0.00328275654465, 0.00317235221155, 0.00160140288062, 0.00166237226222, 0.00310215959325, 0.000937463890295, 0.0016554222675, 0.00104191398714, 0.000564457674045, 0.000296671147225, 0.000243652422796, 0.000374046561774, 0.000253879959928, 0.000174216009327, 0.000125136299175, 0.000135786467581, 0.000121632256196, 6.80363082211e-05, 5.26652584085e-05, 4.17786468461e-05, 3.32921372319e-05, 1.46607380884e-05, 1.97201734409e-06],
        "median": [7.0830610639e-06, 0.00149972736835, 0.000730715342797, 0.0010095553007, 0.00173462869134, 0.00167381984647, 0.000530327903107, 0.000504707335494, 0.000623475702014, 0.000187697383808, 0.000166883139173, 0.000190926002688, 0.000148096180055, 6.89707885613e-05, 8.47410483402e-05, 0.000119755663036, 9.86860904959e-05, 5.96713798586e-05, 4.0223585529e-05, 4.62202151539e-05, 3.91327666875e-05, 1.54846184159e-05, 6.07944139119e-06, 4.25660482506e-06, 2.08210212804e-06, 6.22801223926e-07, 1.78222130387e-08],
        "min": [1.51829849617e-24, 8.9669101233e-24, 3.8263027676e-24, 1.68903600063e-24, 1.44318710508e-23, 8.12246765642e-24, 1.58394970952e-23, 1.04831276044e-23, 1.37889415245e-23, 1.86772822067e-23, 2.58841355765e-23, 2.98875668052e-23, 4.65570181479e-23, 3.8952096099e-23, 6.25035826005e-23, 6.03011334403e-23, 8.23911825397e-23, 1.00064860126e-22, 1.48661304595e-22, 1.53546057537e-22, 2.72295170245e-22, 4.34048233718e-22, 4.44796280535e-22, 6.03016686035e-22, 9.38539903492e-22, 1.40892142967e-21, 1.96043541931e-21],
        "var": [4.89944022775e-06, 0.00133714987896, 0.000209501522477, 3.44426298398e-05, 1.98103844014e-05, 1.99624028028e-05, 7.44454382584e-06, 8.07714786788e-06, 4.26944279752e-05, 1.07355981527e-05, 3.40744918503e-05, 1.37837705552e-05, 3.31236901729e-06, 1.28820465761e-06, 3.58877485951e-07, 5.13820168635e-07, 2.8166437005e-07, 1.57158694947e-07, 7.28058964228e-08, 9.56024379661e-08, 8.23937469363e-08, 2.90130515168e-08, 1.80401116268e-08, 1.53924410995e-08, 9.31168742113e-09, 2.55555265838e-09, 5.92806706501e-11]
    },
    "erbbands": {
        "dmean": [0.248246580362, 2.05095648766, 4.63458347321, 6.88737440109, 7.44765043259, 6.80027294159, 7.82648944855, 13.2042036057, 13.3809900284, 15.1315507889, 17.4326267242, 38.106300354, 23.8872566223, 17.3355369568, 39.2660140991, 21.4728527069, 17.5243453979, 12.5396633148, 9.49962997437, 11.2279920578, 9.932721138, 9.56777000427, 6.82822084427, 5.69482040405, 3.81232070923, 4.23130846024, 3.97108817101, 2.73833966255, 1.74389505386, 1.57793200016, 1.236343503, 0.799775600433, 0.632795572281, 0.40729740262, 0.248765647411, 0.0892540737987, 0.0249584447592, 0.00473744096234, 0.000268772651907, 1.93036466953e-05],
        "dmean2": [0.32962334156, 3.11020946503, 7.44934034348, 12.1808490753, 12.4095649719, 11.1795492172, 11.7526445389, 18.7350120544, 21.4787197113, 23.5006942749, 26.4147758484, 56.4844284058, 35.9084014893, 27.1367912292, 62.5022850037, 34.8203735352, 27.6076755524, 20.3001251221, 15.9039936066, 18.4688911438, 15.5625324249, 15.4143543243, 11.2019834518, 9.11012077332, 6.06481695175, 6.74877214432, 6.24319934845, 4.2105884552, 2.62596297264, 2.42680215836, 1.87517023087, 1.21965563297, 1.03215098381, 0.683482825756, 0.427746862173, 0.153254553676, 0.042143560946, 0.00791148003191, 0.000460570503492, 3.00568954117e-05],
        "dvar": [0.512182056904, 37.3166046143, 285.423034668, 459.003356934, 204.333862305, 226.472747803, 185.602630615, 454.731292725, 657.903747559, 769.985046387, 1176.10803223, 7630.36865234, 4954.22900391, 4912.30322266, 18132.46875, 5955.98388672, 2985.80908203, 1637.95788574, 1031.98657227, 915.167785645, 381.720428467, 463.82333374, 278.352294922, 280.414459229, 118.249031067, 187.346450806, 188.608520508, 64.1142272949, 22.7694015503, 25.3999786377, 12.3658466339, 5.33742856979, 4.52406215668, 1.52611410618, 0.617525577545, 0.0845033228397, 0.00876509957016, 0.000360971724149, 1.42221699662e-06, 1.27222199442e-09],
        "dvar2": [0.98368614912, 89.9138259888, 687.457763672, 1320.45825195, 546.798095703, 585.982971191, 347.548248291, 855.813232422, 1592.2109375, 1742.31933594, 2439.53295898, 15003.25, 9731.63378906, 10789.0820312, 40949.578125, 13529.8076172, 6668.3203125, 3071.40869141, 2749.05102539, 2465.26049805, 789.572814941, 951.628112793, 590.112976074, 686.881530762, 298.822387695, 469.673431396, 465.683624268, 148.418716431, 49.8884277344, 57.5797080994, 26.3378696442, 11.8440275192, 11.3793153763, 3.98198628426, 1.66506171227, 0.220731407404, 0.022679053247, 0.000942965212744, 3.7714728478e-06, 2.97332425347e-09],
        "max": [8.31013011932, 61.0538749695, 173.870162964, 199.152313232, 252.281036377, 181.449554443, 277.751922607, 638.757629395, 642.049499512, 590.775512695, 897.553283691, 1871.19677734, 2773.06640625, 3414.69238281, 3904.17553711, 2215.07299805, 1913.93688965, 2317.60961914, 506.590393066, 636.913208008, 491.095123291, 460.503967285, 426.728393555, 248.263198853, 180.524597168, 194.395629883, 196.532424927, 134.228485107, 70.7793655396, 80.7378005981, 49.9966163635, 46.6713485718, 29.1173343658, 16.5135326385, 13.363817215, 3.56059765816, 1.31642866135, 0.293014198542, 0.0246182307601, 0.000553305202629],
        "mean": [0.500848889351, 4.56106615067, 6.33123779297, 8.30749988556, 12.5660228729, 9.41212654114, 15.5483007431, 31.1615257263, 25.7131385803, 28.924446106, 36.1568946838, 79.065032959, 43.1309890747, 29.5480918884, 68.3009414673, 40.5939674377, 32.4017601013, 18.0434417725, 12.3325977325, 18.0926780701, 16.6987228394, 15.4145965576, 10.1667709351, 7.86836862564, 6.06500720978, 5.83969020844, 5.44359588623, 4.17079353333, 2.43123078346, 2.0341386795, 1.51472091675, 0.931164741516, 0.689529597759, 0.398791402578, 0.229074075818, 0.0807972475886, 0.0249527003616, 0.00490136630833, 0.00027410328039, 5.82751854381e-05],
        "median": [0.0255361758173, 0.369595080614, 1.15055370331, 2.63671088219, 4.63865756989, 4.40734767914, 8.31958866119, 16.3194980621, 10.3767738342, 10.8717870712, 15.0383481979, 15.4382925034, 12.793346405, 5.73065853119, 9.13536071777, 8.27763271332, 8.38331127167, 5.82313966751, 4.79407310486, 7.73009538651, 7.29083967209, 6.29620599747, 4.17791461945, 2.46599340439, 1.93813216686, 2.04302883148, 1.92829203606, 1.28636908531, 0.622903466225, 0.326636433601, 0.168239802122, 0.106169186532, 0.0600858144462, 0.0289261676371, 0.0118650440127, 0.00358653976582, 0.000968948879745, 0.000162819545949, 2.84449997707e-05, 4.12954250351e-05],
        "min": [3.68263115969e-22, 9.12269345979e-22, 5.53603549648e-21, 4.63778924488e-21, 1.67283417151e-20, 4.43609304629e-20, 6.58667507411e-20, 6.75070111217e-20, 2.92346902528e-19, 2.94001056958e-19, 2.68158021766e-19, 3.40600380163e-19, 5.02498366851e-19, 7.85446403819e-19, 1.17031715432e-18, 1.19376638052e-18, 1.91246783921e-18, 2.92654184616e-18, 1.74022360666e-18, 3.17321144752e-18, 5.12269975504e-18, 4.23195279395e-18, 7.61303865851e-18, 7.37407196981e-18, 6.99614721001e-18, 7.49820530997e-18, 8.89429096934e-18, 9.82551849524e-18, 1.28434902689e-17, 1.43016583147e-17, 1.39454544906e-17, 1.16364898257e-17, 1.10681613238e-17, 9.38958190472e-18, 7.15100782838e-18, 4.48941193243e-18, 2.71465663712e-18, 1.01831361778e-18, 2.67436461778e-19, 2.93835750082e-20],
        "var": [1.43313753605, 73.0074386597, 273.833068848, 329.11340332, 399.127716064, 244.717422485, 563.412841797, 2131.91967773, 1763.28845215, 2261.46337891, 3882.55517578, 31462.265625, 13891.875, 15165.7460938, 63228.5820312, 18144.3710938, 10002.9550781, 3717.47265625, 915.847167969, 1123.91748047, 748.54119873, 1085.35046387, 516.41809082, 390.436798096, 156.65914917, 197.594024658, 194.486923218, 86.6797866821, 30.3978767395, 31.1843109131, 16.3286533356, 6.3415646553, 4.45501661301, 1.36334502697, 0.505155980587, 0.0718143805861, 0.00763442041352, 0.000310748728225, 1.13926216727e-06, 2.96836732971e-09]
    },
    "gfcc": {
        "mean": [-47.715877533, 130.46182251, -124.512809753, 20.6824436188, -54.6015586853, -3.46993732452, -28.2795200348, 1.22167575359, -17.258731842, -1.59327471256, -13.0156164169, -5.15216970444, -4.91841459274],
        "cov": [[14502.8398438, -2162.21020508, 663.740783691, 1490.86486816, -52.9550323486, 2651.98364258, -439.825561523, 812.42791748, -45.1383781433, 131.10307312, -496.884552002, 457.46572876, -387.919952393], [-2162.21020508, 3079.24121094, -73.1111679077, -139.897262573, 623.615478516, -727.971191406, 328.806732178, -498.483917236, 221.839813232, -260.610351562, 329.389282227, -346.484985352, 154.866149902], [663.740783691, -73.1111679077, 1263.84228516, 611.030456543, 371.720245361, 628.904724121, 91.4098052979, 211.383682251, 132.855163574, 63.7282142639, 26.476776123, 86.9910202026, -9.60284233093], [1490.86486816, -139.897262573, 611.030456543, 709.765136719, 272.144866943, 559.401184082, 32.1018257141, 163.39680481, 114.158355713, 12.5199613571, -13.3815145493, 69.5687637329, 6.26062917709], [-52.9550323486, 623.615478516, 371.720245361, 272.144866943, 572.142822266, 177.519897461, 200.310195923, 18.2589988708, 133.513381958, -61.3242263794, 79.1157608032, -39.5794410706, 16.0098361969], [2651.98364258, -727.971191406, 628.904724121, 559.401184082, 177.519897461, 1020.95056152, 61.318069458, 339.657958984, 101.313941956, 90.8780212402, -49.9643096924, 166.918579102, -93.8564147949], [-439.825561523, 328.806732178, 91.4098052979, 32.1018257141, 200.310195923, 61.318069458, 357.589172363, 88.0337982178, 145.576797485, 28.5651245117, 107.32976532, -19.8676509857, 32.7457504272], [812.42791748, -498.483917236, 211.383682251, 163.39680481, 18.2589988708, 339.657958984, 88.0337982178, 307.000457764, 96.0720596313, 88.4650421143, -44.2980422974, 69.8149795532, -19.7505512238], [-45.1383781433, 221.839813232, 132.855163574, 114.158355713, 133.513381958, 101.313941956, 145.576797485, 96.0720596313, 208.384750366, 42.1974868774, 57.2439002991, -11.4424505234, 40.7192230225], [131.10307312, -260.610351562, 63.7282142639, 12.5199613571, -61.3242263794, 90.8780212402, 28.5651245117, 88.4650421143, 42.1974868774, 165.294143677, 46.9536247253, 37.9067802429, 5.13512420654], [-496.884552002, 329.389282227, 26.476776123, -13.3815145493, 79.1157608032, -49.9643096924, 107.32976532, -44.2980422974, 57.2439002991, 46.9536247253, 179.848815918, 14.7808628082, 28.5219745636], [457.46572876, -346.484985352, 86.9910202026, 69.5687637329, -39.5794410706, 166.918579102, -19.8676509857, 69.8149795532, -11.4424505234, 37.9067802429, 14.7808628082, 167.988037109, 11.921122551], [-387.919952393, 154.866149902, -9.60284233093, 6.26062917709, 16.0098361969, -93.8564147949, 32.7457504272, -19.7505512238, 40.7192230225, 5.13512420654, 28.5219745636, 11.921122551, 132.328964233]],
        "icov": [[0.000235828672885, -0.000278211664408, 0.000327092944644, -0.000300031446386, 0.000156597277964, -0.000685391540173, 0.00026781973429, -0.000282395019894, 0.000321212981362, -0.0003621460055, 0.000582058681175, -0.000360528589226, 0.000263595225988], [-0.000278211664408, 0.00175811548252, -0.000551764853299, 0.000521710491739, -0.000918986974284, 0.00108507636469, -0.000499179644976, 0.00175414350815, -0.00172392686363, 0.0020666171331, -0.00245411647484, 0.00206528790295, -0.000878532766365], [0.000327092944644, -0.000551764853299, 0.00205984036438, -0.00126843829639, -0.000363540515536, -0.00129499763716, 0.000567925279029, -0.000783030234743, 0.00075927132275, -0.00120621384121, 0.000860341475345, -0.000755085085984, 0.000377929536626], [-0.000300031446386, 0.000521710491739, -0.00126843829639, 0.00415827147663, -0.0010544146644, -0.000743057811633, 0.000633609888609, 0.000587128917687, -0.00136312248651, 0.00128144759219, -0.000966631865595, 0.000976472045295, -0.00175739778206], [0.000156597277964, -0.000918986974284, -0.000363540515536, -0.0010544146644, 0.00417548324913, -0.000809969846159, -0.00118485186249, -0.000253837177297, 7.84744697739e-05, 0.000896866782568, 0.000333323288942, -0.000213547420572, 0.000622168940026], [-0.000685391540173, 0.00108507636469, -0.00129499763716, -0.000743057811633, -0.000809969846159, 0.00531014148146, -0.00108521280345, -0.000479794282001, -0.00125270499848, 0.000832361925859, -0.00138268142473, -0.000565951806493, 0.00142549618613], [0.00026781973429, -0.000499179644976, 0.000567925279029, 0.000633609888609, -0.00118485186249, -0.00108521280345, 0.00609983503819, -0.00290808919817, -0.00107220362406, 0.00018498209829, -0.00219943094999, 0.000523689901456, -0.000439668307081], [-0.000282395019894, 0.00175414350815, -0.000783030234743, 0.000587128917687, -0.000253837177297, -0.000479794282001, -0.00290808919817, 0.0105587337166, -0.0045629022643, -0.00120522582438, 0.00224984949455, -1.63198603786e-06, -1.33198091135e-05], [0.000321212981362, -0.00172392686363, 0.00075927132275, -0.00136312248651, 7.84744697739e-05, -0.00125270499848, -0.00107220362406, -0.0045629022643, 0.01117737405, -0.00278306636028, 0.00037847191561, 0.000248208467383, -0.00167029781733], [-0.0003621460055, 0.0020666171331, -0.00120621384121, 0.00128144759219, 0.000896866782568, 0.000832361925859, 0.00018498209829, -0.00120522582438, -0.00278306636028, 0.0126556428149, -0.00748263858259, 0.00298069720156, -0.00166262546554], [0.000582058681175, -0.00245411647484, 0.000860341475345, -0.000966631865595, 0.000333323288942, -0.00138268142473, -0.00219943094999, 0.00224984949455, 0.00037847191561, -0.00748263858259, 0.014810251072, -0.00617147423327, 0.002083289437], [-0.000360528589226, 0.00206528790295, -0.000755085085984, 0.000976472045295, -0.000213547420572, -0.000565951806493, 0.000523689901456, -1.63198603786e-06, 0.000248208467383, 0.00298069720156, -0.00617147423327, 0.0119280144572, -0.00401673000306], [0.000263595225988, -0.000878532766365, 0.000377929536626, -0.00175739778206, 0.000622168940026, 0.00142549618613, -0.000439668307081, -1.33198091135e-05, -0.00167029781733, -0.00166262546554, 0.002083289437, -0.00401673000306, 0.0110022863373]]
    },
    "melbands": {
        "dmean": [0.00201063929126, 0.00243293470703, 0.00116565346252, 0.000502647075336, 0.000276078586467, 0.00028335605748, 0.000198475041543, 0.000177734531462, 0.00015643145889, 0.000250227865763, 0.000115020251542, 6.51220980217e-05, 0.000122859826661, 6.76020063111e-05, 6.46251064609e-05, 3.64574079867e-05, 2.39840064751e-05, 1.64941629919e-05, 1.47671953528e-05, 1.99099558813e-05, 9.80805089057e-06, 1.15913708214e-05, 7.00728287484e-06, 5.36190236744e-06, 4.80189146401e-06, 2.96809776046e-06, 2.67787413577e-06, 3.15848615173e-06, 2.72878673968e-06, 2.16355442717e-06, 1.46303966631e-06, 1.02164426607e-06, 1.04849334548e-06, 7.90205092471e-07, 7.85790405189e-07, 5.48675302525e-07, 5.02492696342e-07, 4.66956066703e-07, 4.01051522658e-07, 3.33383098905e-07],
        "dmean2": [0.00295474776067, 0.00377366715111, 0.00201673037373, 0.000832390040159, 0.000421526521677, 0.000405631755712, 0.000320475926856, 0.000272945704637, 0.000238845444983, 0.000368392240489, 0.000174526430783, 0.00010244603618, 0.000196822205908, 0.000108802385512, 0.000102691999928, 5.75490957999e-05, 3.91677240259e-05, 2.79584946838e-05, 2.47043408308e-05, 3.14696844725e-05, 1.55581547006e-05, 1.85774970305e-05, 1.14337553896e-05, 8.61542775965e-06, 7.71859595261e-06, 4.74800299344e-06, 4.28779003414e-06, 5.10597374159e-06, 4.3391064537e-06, 3.43054671248e-06, 2.2427454951e-06, 1.55409907165e-06, 1.62326398367e-06, 1.22565165839e-06, 1.20527977288e-06, 8.25195911602e-07, 7.91167224179e-07, 7.5508341979e-07, 6.81959647864e-07, 5.55653002721e-07],
        "dvar": [2.8891103284e-05, 6.01942447247e-05, 1.03039119494e-05, 9.7512179309e-07, 1.8388722367e-07, 1.92703069501e-07, 1.46037677951e-07, 1.10103712814e-07, 1.23976150235e-07, 3.43896800814e-07, 1.24204461827e-07, 7.02750213577e-08, 1.64650998613e-07, 3.98415664904e-08, 1.00400995962e-07, 1.74201471026e-08, 8.42480041285e-09, 3.60169383207e-09, 2.49730458535e-09, 1.72868108717e-09, 4.42065883899e-10, 7.05793312683e-10, 2.35344493893e-10, 2.06019437621e-10, 2.02425590179e-10, 7.29503610297e-11, 6.03865707438e-11, 1.09340966836e-10, 8.22735352068e-11, 5.09023240225e-11, 1.63086159161e-11, 7.64802544212e-12, 9.82779916475e-12, 6.44365897445e-12, 5.16468812162e-12, 2.37613466229e-12, 2.1877506317e-12, 2.10589380135e-12, 2.26639020051e-12, 9.53855701022e-13],
        "dvar2": [5.73584657104e-05, 0.000132902932819, 2.91238557111e-05, 2.61812965618e-06, 3.90182009369e-07, 3.71357486983e-07, 3.60593418236e-07, 2.43730255534e-07, 2.52463308925e-07, 6.61315311845e-07, 2.45579030889e-07, 1.5428720701e-07, 3.87249201594e-07, 9.35869834962e-08, 2.13275441752e-07, 3.88273839746e-08, 1.49882382061e-08, 9.74819425181e-09, 6.67328858839e-09, 3.86825993459e-09, 9.34915700412e-10, 1.51405143978e-09, 5.17712595016e-10, 4.67081262556e-10, 4.98330876564e-10, 1.8304742444e-10, 1.48855247573e-10, 2.78075312776e-10, 2.04757585887e-10, 1.24564400461e-10, 3.64820638976e-11, 1.73693975869e-11, 2.19363832654e-11, 1.43508711858e-11, 1.12689501827e-11, 4.87881783584e-12, 5.20708086024e-12, 5.17600372285e-12, 6.04041556357e-12, 2.50103995673e-12],
        "max": [0.0627625286579, 0.0727383494377, 0.029572121799, 0.013176554814, 0.00768854096532, 0.0123231904581, 0.00830071233213, 0.00720754126087, 0.00994779821485, 0.0125988153741, 0.0137433633208, 0.0126589071006, 0.0105016659945, 0.00483220582828, 0.00945209618658, 0.00623018667102, 0.00532180536538, 0.000947953725699, 0.000697213225067, 0.00148332072422, 0.000343411200447, 0.000579141138587, 0.000427012593718, 0.000202825554879, 0.00021011584613, 0.000137886425364, 0.000218658446101, 0.00014339214249, 0.000130103711854, 0.000103863880213, 6.7080858571e-05, 4.17328956246e-05, 5.44513277418e-05, 3.9729202399e-05, 3.36363482347e-05, 2.17461492866e-05, 3.50658192474e-05, 1.96472574316e-05, 2.2498306862e-05, 1.24116495499e-05],
        "mean": [0.00511734606698, 0.00451510353014, 0.00165146263316, 0.000768565805629, 0.000529642042238, 0.000674972834531, 0.000364336185157, 0.000338121637469, 0.000300865242025, 0.000513661303557, 0.000197705216124, 0.000105627186713, 0.000203707604669, 0.000123044927022, 0.000115504699352, 5.91543757764e-05, 2.99949278997e-05, 1.95555912796e-05, 1.88479971257e-05, 3.39608304785e-05, 1.47783857756e-05, 1.76366702362e-05, 1.0261933312e-05, 7.10609265298e-06, 6.27534291198e-06, 4.47996490038e-06, 3.90943841921e-06, 4.02241403208e-06, 3.55421184395e-06, 2.99647058455e-06, 2.21920481636e-06, 1.37197264394e-06, 1.27831481223e-06, 1.01327600532e-06, 8.99196265891e-07, 7.12664530056e-07, 5.27673876149e-07, 5.22206676123e-07, 3.79428598762e-07, 3.22843646927e-07],
        "median": [0.000340056110872, 0.000688971485943, 0.000584338675253, 0.000346660788637, 0.000295420002658, 0.000373576942366, 0.000140965596074, 0.000102645062725, 0.000107413652586, 9.23410916585e-05, 5.52257042727e-05, 1.65067449416e-05, 2.45286555582e-05, 2.40406279772e-05, 1.62831020134e-05, 1.46351776493e-05, 7.01816088622e-06, 6.45397585686e-06, 6.17607702225e-06, 1.16753062684e-05, 6.0681973082e-06, 6.2790472839e-06, 4.15385102315e-06, 2.4559560643e-06, 1.62328399256e-06, 1.23171514588e-06, 1.18034870411e-06, 1.1832647715e-06, 1.18031925922e-06, 9.01168391465e-07, 5.81208212225e-07, 3.44256164908e-07, 2.21006516199e-07, 1.3796936571e-07, 9.47738385548e-08, 6.87066901151e-08, 5.92370383856e-08, 4.4126537091e-08, 2.83182366445e-08, 2.18543991792e-08],
        "min": [4.53417960672e-24, 2.16556813802e-24, 1.58510515408e-24, 1.63804314424e-24, 2.65776153097e-24, 1.32146221893e-24, 4.28738368366e-24, 3.48510228229e-24, 1.68029640787e-24, 2.00116715879e-24, 2.6379177349e-24, 2.76737158438e-24, 3.77528239969e-24, 3.21494187694e-24, 3.98368682908e-24, 4.66472149261e-24, 5.19258145645e-24, 1.98986179594e-24, 4.47948788016e-24, 2.4732063389e-24, 4.91632236744e-24, 3.2077502265e-24, 4.17923874216e-24, 4.75152064687e-24, 5.43375319568e-24, 6.34973351375e-24, 4.5625253512e-24, 4.70909728511e-24, 4.59880111992e-24, 4.7410970333e-24, 4.75654687413e-24, 6.3401015221e-24, 6.69124757127e-24, 6.26665659967e-24, 6.59657913505e-24, 7.07666844349e-24, 7.08630437944e-24, 8.09814076383e-24, 7.30195765169e-24, 6.78402550234e-24],
        "var": [9.98339164653e-05, 8.5036859673e-05, 9.08959282242e-06, 1.29582701902e-06, 5.11370672029e-07, 8.90720514235e-07, 3.42255219721e-07, 3.45052797002e-07, 3.81008106842e-07, 1.41128941777e-06, 3.41843957585e-07, 2.18498456661e-07, 5.03411627051e-07, 1.17005747313e-07, 3.093927603e-07, 5.49689502805e-08, 1.64074069886e-08, 3.04147262931e-09, 2.5014470495e-09, 4.55602089389e-09, 6.92026047577e-10, 1.67141556151e-09, 4.33645286346e-10, 2.74341771522e-10, 2.96170699077e-10, 9.49017600615e-11, 9.80748884882e-11, 1.14280057639e-10, 8.42170222448e-11, 5.94060356462e-11, 2.81739614277e-11, 1.01670330141e-11, 1.18919414246e-11, 8.5341256631e-12, 6.42223991001e-12, 3.5543380305e-12, 2.24775298201e-12, 2.3636802151e-12, 1.84017774976e-12, 8.62804836257e-13]
    },
    "mfcc": {
        "mean": [-685.868591309, 154.064743042, -5.51626062393, 23.2772827148, -3.53013920784, -0.0864934921265, -4.0331659317, -0.632817685604, 1.45173609257, -2.06098031998, -4.47471284866, 4.01344680786, -1.11097621918],
        "cov": [[9043.56542969, -948.166931152, -89.5099334717, 126.125297546, 192.923217773, 876.383789062, 306.042114258, 571.728149414, 432.930999756, 192.35824585, 144.167373657, 83.3787460327, -40.4441337585], [-948.166931152, 2460.55395508, -72.0308227539, 324.749420166, 231.135482788, 68.840637207, 109.499275208, -67.6228485107, -63.7929534912, -43.2273216248, -14.4923028946, 29.8178520203, 51.1957817078], [-89.5099334717, -72.0308227539, 680.267456055, 243.235687256, 219.234588623, 251.934020996, 139.745132446, 151.897201538, 140.627578735, 91.0798568726, 105.988822937, 63.798412323, 45.2552375793], [126.125297546, 324.749420166, 243.235687256, 459.825897217, 244.900054932, 243.573120117, 119.143440247, 127.681800842, 124.497131348, 55.2182998657, 52.3458404541, 42.8216514587, 1.14528906345], [192.923217773, 231.135482788, 219.234588623, 244.900054932, 365.145690918, 245.049209595, 119.563339233, 139.308197021, 106.273468018, 51.3628730774, 55.8020858765, 24.4223556519, -4.61502170563], [876.383789062, 68.840637207, 251.934020996, 243.573120117, 245.049209595, 454.504760742, 205.32383728, 239.921630859, 153.714675903, 90.0783233643, 114.247695923, 69.7770996094, 41.2289237976], [306.042114258, 109.499275208, 139.745132446, 119.143440247, 119.563339233, 205.32383728, 247.033035278, 162.995452881, 95.7623138428, 85.1878204346, 88.5256500244, 63.8195075989, 45.6186180115], [571.728149414, -67.6228485107, 151.897201538, 127.681800842, 139.308197021, 239.921630859, 162.995452881, 311.191253662, 174.188980103, 89.1459350586, 114.121818542, 60.8602333069, 44.1229324341], [432.930999756, -63.7929534912, 140.627578735, 124.497131348, 106.273468018, 153.714675903, 95.7623138428, 174.188980103, 235.215637207, 131.418395996, 81.7298583984, 32.5028800964, 13.0406999588], [192.35824585, -43.2273216248, 91.0798568726, 55.2182998657, 51.3628730774, 90.0783233643, 85.1878204346, 89.1459350586, 131.418395996, 218.444259644, 95.5032958984, 28.2616786957, 30.9359607697], [144.167373657, -14.4923028946, 105.988822937, 52.3458404541, 55.8020858765, 114.247695923, 88.5256500244, 114.121818542, 81.7298583984, 95.5032958984, 166.126815796, 83.1634979248, 41.4187698364], [83.3787460327, 29.8178520203, 63.798412323, 42.8216514587, 24.4223556519, 69.7770996094, 63.8195075989, 60.8602333069, 32.5028800964, 28.2616786957, 83.1634979248, 145.865661621, 82.8708724976], [-40.4441337585, 51.1957817078, 45.2552375793, 1.14528906345, -4.61502170563, 41.2289237976, 45.6186180115, 44.1229324341, 13.0406999588, 30.9359607697, 41.4187698364, 82.8708724976, 153.444869995]],
