{
"lowlevel": {
    "average_loudness": 0.594713509083,
    "barkbands_crest": {
        "dmean": 2.2921037674,
        "dmean2": 3.70311141014,
        "dvar": 6.1888589859,
        "dvar2": 15.2828788757,
        "max": 25.0666007996,
        "mean": 10.6521892548,
        "median": 9.54142189026,
        "min": 1.95241940022,
        "var": 30.116399765
    },
    "barkbands_flatness_db": {
        "dmean": 0.0198335777968,
        "dmean2": 0.0303401332349,
        "dvar": 0.000542913097888,
        "dvar2": 0.00111920980271,
        "max": 0.450931400061,
        "mean": 0.101782537997,
        "median": 0.0892366841435,
        "min": 0.0120881516486,
        "var": 0.00326999067329
    },
    "barkbands_kurtosis": {
        "dmean": 3.716766119,
        "dmean2": 5.81433773041,
        "dvar": 109.772041321,
        "dvar2": 237.885894775,
        "max": 482.550201416,
        "mean": 5.54351186752,
        "median": 0.667446136475,
        "min": -1.911652565,
        "var": 250.1978302
    },
    "barkbands_skewness": {
        "dmean": 0.638486266136,
        "dmean2": 0.966335833073,
        "dvar": 0.637096107006,
        "dvar2": 1.33792972565,
        "max": 16.8405475616,
        "mean": 1.48658967018,
        "median": 1.18730819225,
        "min": -3.25571465492,
        "var": 3.89472937584
    },
    "barkbands_spread": {
        "dmean": 9.77184200287,
        "dmean2": 15.3591871262,
        "dvar": 116.750442505,
        "dvar2": 262.077148438,
        "max": 126.618980408,
        "mean": 39.2281036377,
        "median": 37.5376739502,
        "min": 0.33798339963,
        "var": 415.316345215
    },
    "dissonance": {
        "dmean": 0.00688431831077,
        "dmean2": 0.0119466083124,
        "dvar": 8.81368396222e-05,
        "dvar2": 0.0002511794155,
        "max": 0.5,
        "mean": 0.489229559898,
        "median": 0.491272568703,
        "min": 0.150220766664,
        "var": 9.10060625756e-05
    },
    "dynamic_complexity": 4.10927772522,
    "erbbands_crest": {
        "dmean": 1.79738557339,
        "dmean2": 3.05855917931,
        "dvar": 3.51817774773,
        "dvar2": 9.93373203278,
        "max": 29.0734462738,
        "mean": 6.02046537399,
        "median": 5.24146795273,
        "min": 1.95517337322,
        "var": 7.96810865402
    },
    "erbbands_flatness_db": {
        "dmean": 0.0132477730513,
        "dmean2": 0.021524341777,
        "dvar": 0.000179368216777,
        "dvar2": 0.000446161924629,
        "max": 0.356584519148,
        "mean": 0.111864842474,
        "median": 0.102327182889,
        "min": 0.0356608070433,
        "var": 0.00195547076873
    },
    "erbbands_kurtosis": {
        "dmean": 0.79434722662,
        "dmean2": 1.33868122101,
        "dvar": 0.981776058674,
        "dvar2": 2.78093457222,
        "max": 17.4489459991,
        "mean": 0.167040020227,
        "median": -0.109154939651,
        "min": -1.81404709816,
        "var": 1.71383285522
    },
    "erbbands_skewness": {
        "dmean": 0.343655794859,
        "dmean2": 0.552940309048,
        "dvar": 0.118169926107,
        "dvar2": 0.285386949778,
        "max": 3.43138480186,
        "mean": -0.577884614468,
        "median": -0.596319377422,
        "min": -3.39917898178,
        "var": 0.322967499495
    },
    "erbbands_spread": {
        "dmean": 10.2755689621,
        "dmean2": 16.702835083,
        "dvar": 132.383743286,
        "dvar2": 332.663726807,
        "max": 165.674118042,
        "mean": 51.1306724548,
        "median": 49.7214355469,
        "min": 5.81464099884,
        "var": 454.052642822
    },
    "hfc": {
        "dmean": 11.7495889664,
        "dmean2": 17.4369220734,
        "dvar": 700.479309082,
        "dvar2": 1622.16870117,
        "max": 325.860748291,
        "mean": 32.7212715149,
        "median": 17.6625061035,
        "min": 1.04086267295e-16,
        "var": 1413.30395508
    },
    "melbands_crest": {
        "dmean": 3.36241197586,
        "dmean2": 5.42878818512,
        "dvar": 12.3670368195,
        "dvar2": 30.2381877899,
        "max": 38.0928268433,
        "mean": 17.9407367706,
        "median": 16.811340332,
        "min": 1.00455105305,
        "var": 84.0325088501
    },
    "melbands_flatness_db": {
        "dmean": 0.0264910832047,
        "dmean2": 0.0399263501167,
        "dvar": 0.00098240270745,
        "dvar2": 0.00194317172281,
        "max": 0.574729859829,
        "mean": 0.161270841956,
        "median": 0.157961040735,
        "min": 8.6286569001e-09,
        "var": 0.00740853464231
    },
    "melbands_kurtosis": {
        "dmean": 15.1212348938,
        "dmean2": 23.4129428864,
        "dvar": 1579.01867676,
        "dvar2": 3684.21044922,
        "max": 1530.73425293,
        "mean": 30.4050712585,
        "median": 10.3485307693,
        "min": -1.74692761898,
        "var": 3306.89233398
    },
    "melbands_skewness": {
        "dmean": 1.03967750072,
        "dmean2": 1.58859527111,
        "dvar": 1.98420596123,
        "dvar2": 4.37837171555,
        "max": 27.3386611938,
        "mean": 3.86559104919,
        "median": 3.14648127556,
        "min": -1.49355316162,
        "var": 11.1021327972
    },
    "melbands_spread": {
        "dmean": 12.4446840286,
        "dmean2": 19.7746124268,
        "dvar": 246.73085022,
        "dvar2": 567.166015625,
        "max": 213.925735474,
        "mean": 42.9802207947,
        "median": 30.7871875763,
        "min": 0.172493979335,
        "var": 1282.32019043
    },
    "pitch_salience": {
        "dmean": 0.0754529982805,
        "dmean2": 0.121810093522,
        "dvar": 0.00603870395571,
        "dvar2": 0.0153814433143,
        "max": 0.997537255287,
        "mean": 0.54989618063,
        "median": 0.585997402668,
        "min": 0.0411239899695,
        "var": 0.0281524285674
    },
    "silence_rate_20dB": {
        "dmean": 0,
        "dmean2": 0,
        "dvar": 0,
        "dvar2": 0,
        "max": 1,
        "mean": 1,
        "median": 1,
        "min": 1,
        "var": 0
    },
    "silence_rate_30dB": {
        "dmean": 0.0240727532655,
        "dmean2": 0.0481497980654,
        "dvar": 0.0234935097396,
        "dvar2": 0.0533216446638,
        "max": 1,
        "mean": 0.963894069195,
        "median": 1,
        "min": 0,
        "var": 0.0348040275276
    },
    "silence_rate_60dB": {
        "dmean": 0.0221112687141,
        "dmean2": 0.0442264825106,
        "dvar": 0.0216218493879,
        "dvar2": 0.0552865490317,
        "max": 1,
        "mean": 0.102701254189,
        "median": 0,
        "min": 0,
        "var": 0.0921602323651
    },
    "spectral_centroid": {
        "dmean": 340.622314453,
        "dmean2": 540.72479248,
        "dvar": 139140.9375,
        "dvar2": 294958.1875,
        "max": 12038.5273438,
        "mean": 2524.43823242,
        "median": 2498.66601562,
        "min": 196.720245361,
        "var": 1646625.75
    },
    "spectral_complexity": {
        "dmean": 5.03869485855,
        "dmean2": 7.61355304718,
        "dvar": 31.0108890533,
        "dvar2": 59.5434951782,
        "max": 62,
        "mean": 22.7239894867,
        "median": 20,
        "min": 0,
        "var": 198.637496948
    },
    "spectral_decrease": {
        "dmean": 1.92390836595e-09,
        "dmean2": 2.93432722565e-09,
        "dvar": 9.79625284517e-18,
        "dvar2": 2.14926189667e-17,
        "max": 1.89414210954e-28,
        "mean": -9.00567709294e-09,
        "median": -4.50702186683e-09,
        "min": -4.09106277743e-08,
        "var": 8.458054774e-17
    },
    "spectral_energy": {
        "dmean": 0.00737488782033,
        "dmean2": 0.0112822568044,
        "dvar": 0.000141874392284,
        "dvar2": 0.000312797812512,
        "max": 0.156719505787,
        "mean": 0.0369574651122,
        "median": 0.0200106259435,
        "min": 9.64232807826e-21,
        "var": 0.00128787814174
    },
    "spectral_energyband_high": {
        "dmean": 0.00119255227037,
        "dmean2": 0.00178838521242,
        "dvar": 7.29799194232e-06,
        "dvar2": 1.74127289938e-05,
        "max": 0.0331437550485,
        "mean": 0.00289459573105,
        "median": 0.00137521408033,
        "min": 6.91366684039e-21,
        "var": 1.37087490657e-05
    },
    "spectral_energyband_low": {
        "dmean": 0.00658584572375,
        "dmean2": 0.00976213812828,
        "dvar": 0.000142112665344,
        "dvar2": 0.000294068100629,
        "max": 0.141911670566,
        "mean": 0.0260446295142,
        "median": 0.00903650093824,
        "min": 7.98875415527e-24,
        "var": 0.00104674266186
    },
    "spectral_energyband_middle_high": {
        "dmean": 0.00143732270226,
        "dmean2": 0.00227591674775,
        "dvar": 5.7926649788e-06,
        "dvar2": 1.32332479552e-05,
        "max": 0.0396097451448,
        "mean": 0.00356681644917,
        "median": 0.00272924685851,
        "min": 1.16162451683e-21,
        "var": 1.20788636195e-05
    },
    "spectral_energyband_middle_low": {
        "dmean": 0.00381289375946,
        "dmean2": 0.00627337070182,
        "dvar": 0.000100128054328,
        "dvar2": 0.000258003477938,
        "max": 0.123633861542,
        "mean": 0.00650567980483,
        "median": 0.00321265822276,
        "min": 1.38102432933e-22,
        "var": 0.000141734039062
    },
    "spectral_entropy": {
        "dmean": 0.111261025071,
        "dmean2": 0.170114099979,
        "dvar": 0.0214577466249,
        "dvar2": 0.0475335754454,
        "max": 9.83126735687,
        "mean": 8.15173435211,
        "median": 8.16356658936,
        "min": 5.86677408218,
        "var": 0.129014283419
    },
    "spectral_flux": {
        "dmean": 0.0188403297216,
        "dmean2": 0.0297584868968,
        "dvar": 0.000868738745339,
        "dvar2": 0.0018630734412,
        "max": 0.373097032309,
        "mean": 0.0809341147542,
        "median": 0.0657050013542,
        "min": 6.17064038755e-11,
        "var": 0.00297679076903
    },
    "spectral_kurtosis": {
        "dmean": 0.72464710474,
        "dmean2": 1.20148777962,
        "dvar": 0.732873141766,
        "dvar2": 1.95307087898,
        "max": 19.0909862518,
        "mean": 2.40228247643,
        "median": 2.16295909882,
        "min": -1.26215100288,
        "var": 2.22672224045
    },
    "spectral_rms": {
        "dmean": 0.000595236371737,
        "dmean2": 0.00090332335094,
        "dvar": 6.60658713514e-07,
        "dvar2": 1.41077555327e-06,
        "max": 0.0123651558533,
        "mean": 0.00517541496083,
        "median": 0.0044184345752,
        "min": 3.06710776568e-12,
        "var": 9.27105702431e-06
    },
    "spectral_rolloff": {
        "dmean": 986.469177246,
        "dmean2": 1565.77819824,
        "dvar": 2214748.75,
        "dvar2": 4532010,
        "max": 19422.9492188,
        "mean": 3270.45336914,
        "median": 2519.38476562,
        "min": 43.06640625,
        "var": 12114425
    },
    "spectral_skewness": {
        "dmean": 0.156282365322,
        "dmean2": 0.251667439938,
        "dvar": 0.028635814786,
        "dvar2": 0.0684034749866,
        "max": 3.44154882431,
        "mean": 1.06649494171,
        "median": 1.09266901016,
        "min": -0.333839654922,
        "var": 0.125336110592
    },
    "spectral_spread": {
        "dmean": 549383.6875,
        "dmean2": 854117.6875,
        "dvar": 464904224768,
        "dvar2": 913991270400,
        "max": 42595816,
        "mean": 6097655,
        "median": 5676606,
        "min": 1735479.875,
        "var": 2.01224397783e+13
    },
    "spectral_strongpeak": {
        "dmean": 0.238438293338,
        "dmean2": 0.410726457834,
        "dvar": 0.253983139992,
        "dvar2": 0.719360232353,
        "max": 17.5509357452,
        "mean": 0.416998147964,
        "median": 0.296516865492,
        "min": 0,
        "var": 0.245768204331
    },
    "zerocrossingrate": {
        "dmean": 0.0168382581323,
        "dmean2": 0.0195130072534,
        "dvar": 0.000449742248747,
        "dvar2": 0.000532060628757,
        "max": 0.85986328125,
        "mean": 0.109481602907,
        "median": 0.0908203125,
        "min": 0.001953125,
        "var": 0.00747922994196
    },
    "barkbands": {
        "dmean": [0.00109621277079, 0.00484884576872, 0.00250360346399, 0.00211877631955, 0.00130994943902, 0.000565623689909, 0.000260250788415, 0.000204943295103, 0.000241627712967, 0.000183268421097, 0.000197352375835, 0.000208989149542, 0.000217862121644, 0.000199981557671, 0.000229713114095, 0.000257501698798, 0.00026802069624, 0.000278678693576, 0.000204068783205, 0.000210021447856, 0.000295147357974, 0.000296529062325, 0.000242268797592, 0.000212441940675, 0.000164296157891, 0.000169333623489, 7.41020776331e-05],
        "dmean2": [0.00166579545476, 0.00732414517552, 0.00413948530331, 0.00343128154054, 0.00232281512581, 0.00094499415718, 0.000435714056948, 0.000346831715433, 0.000408184889238, 0.000309234455926, 0.000331710500177, 0.000356592441676, 0.00037034592242, 0.000331396353431, 0.00038349578972, 0.000434225948993, 0.000450969702797, 0.000467184057925, 0.000333330302965, 0.000345002714312, 0.000484839227283, 0.000477319612401, 0.000382123107556, 0.000335928460117, 0.000252825178904, 0.000267538125627, 0.000116512892419],
        "dvar": [5.56583381695e-06, 0.000105829945824, 4.39654068032e-05, 3.09888891934e-05, 1.64219782164e-05, 2.82753580905e-06, 4.2338615458e-07, 3.56648513389e-07, 3.02826691723e-07, 2.01483430828e-07, 2.27959304766e-07, 2.03735027071e-07, 1.32475875603e-07, 1.30970121859e-07, 2.61421121195e-07, 2.4922655939e-07, 1.9835636067e-07, 1.98846748845e-07, 8.66793996579e-08, 2.04989390795e-07, 2.9967594628e-07, 3.47721510252e-07, 2.73576432619e-07, 2.29399276463e-07, 1.60253904369e-07, 2.39857172346e-07, 5.13562170568e-08],
        "dvar2": [1.1475573956e-05, 0.000228441567742, 0.000126469807583, 6.84348851792e-05, 4.74001099064e-05, 7.23526591173e-06, 1.08830204226e-06, 9.48568924741e-07, 7.71672318933e-07, 5.7348847804e-07, 5.79336472128e-07, 5.75715205287e-07, 3.55114366357e-07, 3.1520218613e-07, 6.98722033121e-07, 6.68571601636e-07, 5.05356297253e-07, 4.99947475419e-07, 2.12257816656e-07, 5.4915005876e-07, 7.76840124672e-07, 9.09912102998e-07, 6.68155962558e-07, 5.7707995893e-07, 3.72046969233e-07, 5.90716297211e-07, 1.33881911779e-07],
        "max": [0.0591790638864, 0.130412951112, 0.0868918150663, 0.0676166415215, 0.060255240649, 0.02956886217, 0.0152970785275, 0.0258914791048, 0.0156538020819, 0.0201277434826, 0.0205988455564, 0.0131703652442, 0.00658061541617, 0.00617554364726, 0.0151987588033, 0.0109910126776, 0.0103082917631, 0.00581674743444, 0.0040193842724, 0.0171834584326, 0.0131096690893, 0.0108670257032, 0.00699396943673, 0.00655269017443, 0.00751508865505, 0.00951333343983, 0.00484520243481],
        "mean": [0.00303027452901, 0.0171932987869, 0.00381671730429, 0.00330355274491, 0.00150036916602, 0.000746227218769, 0.000322932377458, 0.000238417138462, 0.000321257975884, 0.000247997231781, 0.000269826618023, 0.000294195662718, 0.000304503424559, 0.000293610908557, 0.000346933986293, 0.000397545227315, 0.000435167137766, 0.000459803879494, 0.000376823823899, 0.000389682798414, 0.000564696732908, 0.000573175493628, 0.000467291625682, 0.000399458309403, 0.000292098033242, 0.000267693423666, 0.000103876671346],
        "median": [0.000493662955705, 0.00371853983961, 0.00137678952888, 0.000668508873787, 0.000774713524152, 0.000287998147542, 0.00014425603149, 9.65056970017e-05, 0.000148527367855, 0.000108167529106, 0.00012401661661, 0.000136884409585, 0.000158741255291, 0.000152150270878, 0.000187364596059, 0.000242768612225, 0.000269577256404, 0.000287837785436, 0.000235832791077, 0.000233140701312, 0.000332453200826, 0.000271175522357, 0.000171987790964, 0.000103846658021, 7.80470800237e-05, 4.97122091474e-05, 1.33032153826e-05],
        "min": [7.50517951144e-26, 1.692364402e-24, 7.12636283482e-25, 8.34908984234e-25, 4.84770645704e-24, 4.6370230085e-24, 8.27140222875e-24, 6.45586094349e-24, 1.74813895848e-23, 1.07737818272e-23, 1.01310408386e-23, 2.42348120172e-23, 1.96888227683e-23, 3.16462122866e-23, 4.93443256278e-23, 5.24608531626e-23, 7.72086566932e-23, 9.06460060677e-23, 1.33415450574e-22, 1.52144005584e-22, 1.64237117044e-22, 2.43240299768e-22, 4.0396155842e-22, 5.02620668412e-22, 7.93449172681e-22, 1.21122193112e-21, 1.94279462145e-21],
        "var": [2.6979829272e-05, 0.000658741046209, 4.65800221718e-05, 7.16663998901e-05, 1.0874581676e-05, 2.90317348117e-06, 4.03981829322e-07, 3.04638717807e-07, 3.48803013139e-07, 2.13586361042e-07, 2.61183600969e-07, 2.43624100449e-07, 1.72408689991e-07, 1.86678363434e-07, 3.00935738551e-07, 2.90524297952e-07, 2.93125566486e-07, 2.98502556006e-07, 1.70888952766e-07, 2.5459422659e-07, 4.7364250122e-07, 5.38324059107e-07, 4.69403147463e-07, 4.00677691914e-07, 2.68993034069e-07, 3.46727205169e-07, 6.50137295111e-08]
    },
    "erbbands": {
        "dmean": [0.238885611296, 0.872600972652, 2.14729857445, 5.49786424637, 5.36420679092, 4.29575586319, 4.29391050339, 5.04003047943, 3.78946852684, 3.86629271507, 4.53255653381, 5.42458724976, 5.78424739838, 6.30453062057, 8.20708942413, 8.17373561859, 9.82018470764, 9.18043422699, 10.9555854797, 12.4384031296, 14.1159381866, 14.4094705582, 14.9752750397, 11.5637989044, 9.42766571045, 9.93606281281, 10.6672439575, 12.637430191, 10.5694284439, 8.64302349091, 6.87984228134, 5.1923160553, 3.27397489548, 1.96584868431, 1.17044067383, 0.68367600441, 0.328961849213, 0.111207991838, 0.0119414729998, 0.000172380750882],
        "dmean2": [0.358669131994, 1.31550955772, 3.48853158951, 8.33023929596, 9.3046541214, 7.60862207413, 7.43211078644, 8.53607940674, 6.29130554199, 6.49726867676, 7.6208357811, 9.11582279205, 9.76055622101, 10.5182876587, 13.8326320648, 13.8886594772, 16.6548900604, 15.1148366928, 18.248260498, 20.7415676117, 23.9379177094, 24.1038532257, 25.1713695526, 18.9285755157, 15.4457759857, 16.279510498, 17.1607284546, 20.9689998627, 17.0957679749, 13.4604701996, 10.8319616318, 8.23868656158, 5.1793885231, 3.05982685089, 1.81720387936, 1.06700634956, 0.523527801037, 0.172857552767, 0.0189095623791, 0.000269007927272],
        "dvar": [0.260987251997, 4.17994594574, 35.6313171387, 181.451904297, 252.024520874, 180.652008057, 153.336410522, 249.907562256, 102.64956665, 104.314819336, 157.601287842, 166.744567871, 186.238037109, 207.012664795, 363.351837158, 296.61138916, 290.479797363, 248.364013672, 581.857788086, 709.986877441, 760.568115234, 559.950378418, 642.64440918, 277.525695801, 197.41166687, 574.653503418, 434.004669189, 623.786621094, 451.706756592, 318.675476074, 216.304031372, 140.232955933, 55.811882019, 27.0262184143, 8.00209712982, 3.3660838604, 1.0325165987, 0.103345371783, 0.00129985855892, 2.5754508215e-07],
        "dvar2": [0.629509985447, 8.62475204468, 99.9886627197, 369.20300293, 712.937316895, 520.965332031, 418.678955078, 651.723388672, 267.31427002, 275.926757812, 416.649902344, 421.468566895, 513.529418945, 537.001403809, 969.444335938, 834.436462402, 785.632568359, 593.131225586, 1553.9095459, 1786.34313965, 2103.05688477, 1425.92370605, 1591.84094238, 673.301086426, 495.76260376, 1570.97314453, 1138.79858398, 1653.5234375, 1199.54431152, 775.824584961, 529.601989746, 356.319030762, 138.246505737, 64.2029190063, 19.20520401, 8.12097454071, 2.5888068676, 0.262183994055, 0.00340980500914, 6.71736870572e-07],
        "max": [6.86609697342, 28.853975296, 83.1974487305, 179.862167358, 213.658172607, 177.8644104, 213.406188965, 317.275756836, 318.488800049, 323.619934082, 479.958862305, 453.46661377, 627.107543945, 495.320404053, 833.352478027, 588.918457031, 336.244567871, 296.722717285, 906.294616699, 941.532653809, 704.866210938, 548.762695312, 321.597076416, 229.15045166, 265.715576172, 956.105529785, 801.634216309, 646.910644531, 529.023986816, 471.723052979, 195.050292969, 153.913909912, 158.721420288, 77.5076370239, 57.0635681152, 42.8166236877, 23.0113372803, 6.08019542694, 0.737591326237, 0.0102217160165],
        "mean": [0.904506087303, 2.22180891037, 3.59703016281, 9.92383384705, 6.53700447083, 4.93186664581, 5.03635549545, 6.64436674118, 4.80579471588, 4.85342216492, 5.56154346466, 7.1889667511, 7.7384018898, 9.00857925415, 11.7234430313, 11.9797458649, 13.9915151596, 14.5028114319, 16.9620742798, 20.1331253052, 22.561870575, 24.7972393036, 25.3626327515, 21.1349201202, 17.9843826294, 18.632358551, 20.8389892578, 23.5133972168, 20.6582870483, 16.6777820587, 13.089846611, 9.38135814667, 6.03519153595, 3.428211689, 2.01643490791, 1.08123731613, 0.495622068644, 0.171391904354, 0.0162305347621, 0.000293622870231],
        "median": [0.0780730694532, 0.670549213886, 1.66815876961, 2.37073206902, 2.30230522156, 2.32241916656, 2.10989451408, 2.15327954292, 2.30498456955, 2.17652392387, 2.47386860847, 3.24335408211, 3.49215173721, 4.17273759842, 5.51770305634, 5.97392368317, 7.48141813278, 8.22583580017, 9.01229476929, 11.8242406845, 14.479432106, 15.9633178711, 16.1689987183, 13.6227416992, 11.3001317978, 11.2128610611, 11.6000833511, 13.5260725021, 10.3395404816, 6.58888292313, 4.75710678101, 2.7098095417, 1.42134189606, 0.673731148243, 0.614534914494, 0.269542425871, 0.0742354094982, 0.0288067832589, 0.00187032367103, 9.97477472993e-05],
        "min": [6.35938956566e-23, 2.19949415044e-22, 2.25024610369e-21, 4.8345031343e-21, 9.85106355154e-21, 2.27485056677e-20, 2.85459770898e-20, 2.91666436614e-20, 7.32825477172e-20, 1.7623101045e-19, 1.63003371404e-19, 4.90023914527e-19, 4.70410428227e-19, 6.76406007906e-19, 8.24101381024e-19, 1.30187423369e-18, 1.11466981939e-18, 1.72779190924e-18, 2.25594445561e-18, 3.33139009413e-18, 3.33679820097e-18, 4.87889695489e-18, 5.28001668625e-18, 5.8994744626e-18, 7.14094765777e-18, 8.31029649379e-18, 7.29219515124e-18, 9.12665179367e-18, 8.33940001647e-18, 1.21822189261e-17, 1.05008808597e-17, 9.19186175008e-18, 1.02732821142e-17, 6.79568329728e-18, 5.78066651122e-18, 4.35720613667e-18, 2.32987455003e-18, 9.50373344964e-19, 2.24076765592e-19, 2.69298616589e-20],
        "var": [2.18608736992, 12.0716686249, 37.4080429077, 502.063018799, 225.426696777, 119.75112915, 125.924812317, 252.874099731, 94.6624908447, 99.6007919312, 140.159896851, 188.84274292, 198.33770752, 254.829849243, 422.201019287, 363.966583252, 366.552185059, 385.815063477, 684.161254883, 919.55255127, 852.415161133, 869.309814453, 939.331970215, 531.31237793, 383.073242188, 631.660583496, 682.642578125, 882.793518066, 686.083862305, 533.337646484, 374.632873535, 221.599487305, 98.3724822998, 40.9971847534, 12.6971187592, 4.76871728897, 1.40692353249, 0.149223968387, 0.00160846149083, 3.46883069824e-07]
    },
    "gfcc": {
        "mean": [-3.02251720428, 35.6621017456, -101.400886536, 49.2603874207, -43.923084259, 19.0386714935, -28.5411548615, 7.42687940598, -20.5069522858, 4.94174003601, -18.1618709564, 7.38661193848, -12.6683120728],
        "cov": [[33591.8242188, -743.638793945, 58.7252349854, 410.686431885, -568.844970703, 1269.32263184, -907.143432617, 779.461669922, -583.879089355, 296.629821777, -637.371582031, 22.3679199219, -526.251586914], [-743.638793945, 1786.98022461, -122.479980469, 486.053222656, 99.2332687378, -143.075881958, 73.4280776978, -65.4237136841, 124.483787537, -104.137992859, 96.9542388916, -35.0213623047, 91.1674728394], [58.7252349854, -122.479980469, 1219.13391113, -70.7942962646, 267.901397705, 157.131240845, 97.8719940186, 119.172843933, 43.4232177734, 57.6671829224, -14.6646585464, 9.43710422516, -18.7937049866], [410.686431885, 486.053222656, -70.7942962646, 463.050567627, 68.7060394287, 39.4835014343, 54.698097229, -19.6193180084, 63.7918434143, -28.4106445312, 28.0216159821, 1.23877298832, 26.5538845062], [-568.844970703, 99.2332687378, 267.901397705, 68.7060394287, 285.576568604, 86.0011825562, 85.8743667603, 51.6982955933, 59.4665756226, 30.947725296, 40.8270568848, -0.365537464619, 20.8313369751], [1269.32263184, -143.075881958, 157.131240845, 39.4835014343, 86.0011825562, 277.837921143, 44.1872177124, 103.67514801, 18.542093277, 53.612663269, -1.39697313309, 1.47625720501, -9.61810970306], [-907.143432617, 73.4280776978, 97.8719940186, 54.698097229, 85.8743667603, 44.1872177124, 200.02734375, 32.1677322388, 87.4007034302, 28.3037967682, 35.6027259827, 20.3111305237, 42.1191062927], [779.461669922, -65.4237136841, 119.172843933, -19.6193180084, 51.6982955933, 103.67514801, 32.1677322388, 166.330841064, 36.3612861633, 60.2215652466, 7.81597661972, -1.82847714424, -3.8082845211], [-583.879089355, 124.483787537, 43.4232177734, 63.7918434143, 59.4665756226, 18.542093277, 87.4007034302, 36.3612861633, 150.592269897, 25.4607067108, 46.8579940796, 16.6021404266, 33.9802589417], [296.629821777, -104.137992859, 57.6671829224, -28.4106445312, 30.947725296, 53.612663269, 28.3037967682, 60.2215652466, 25.4607067108, 130.440704346, 18.770029068, 6.93991422653, 26.0041618347], [-637.371582031, 96.9542388916, -14.6646585464, 28.0216159821, 40.8270568848, -1.39697313309, 35.6027259827, 7.81597661972, 46.8579940796, 18.770029068, 107.344230652, 13.5151777267, 23.0419158936], [22.3679199219, -35.0213623047, 9.43710422516, 1.23877298832, -0.365537464619, 1.47625720501, 20.3111305237, -1.82847714424, 16.6021404266, 6.93991422653, 13.5151777267, 100.321472168, 29.7599391937], [-526.251586914, 91.1674728394, -18.7937049866, 26.5538845062, 20.8313369751, -9.61810970306, 42.1191062927, -3.8082845211, 33.9802589417, 26.0041618347, 23.0419158936, 29.7599391937, 89.528213501]],
        "icov": [[7.37901500543e-05, -4.89764170197e-05, 3.71714918401e-06, -0.000127198218252, 0.000168229205883, -0.000299999344861, 0.00029620542773, -0.000268392235739, 0.000138993476867, -0.000213730425457, 0.000309632188873, -0.000233203129028, 0.00030713508022], [-4.89764170197e-05, 0.00104901730083, -4.18185773015e-05, -0.000878312916029, -0.000255413411651, 0.000842245470267, -9.55415889621e-05, -9.14489210118e-05, -0.0003611544671, 0.000909926835448, -0.000731836888008, 0.000825936323963, -0.00112682755571], [3.71714918401e-06, -4.18185773015e-05, 0.00117249903269, 0.000345321197528, -0.00107622845098, -0.000226798190852, -0.000234699167777, -0.000279606058029, -2.7610005418e-05, -0.000125654580188, 0.000593894859776, -0.000312313815812, 0.000530656659976], [-0.000127198218252, -0.000878312916029, 0.000345321197528, 0.00375748518854, -0.000787698139902, -0.000781320035458, -0.000765378761571, 0.00134227459785, -0.000960029894486, 0.00053846614901, -9.42733531701e-05, 9.65467643255e-06, -0.000149709463585], [0.000168229205883, -0.000255413411651, -0.00107622845098, -0.000787698139902, 0.00601034611464, -0.00159236998297, -0.000328792986693, -0.000788332137745, 8.47200590215e-06, -0.000534724909812, -0.000809123972431, 0.00019570114091, 0.000103547921753], [-0.000299999344861, 0.000842245470267, -0.000226798190852, -0.000781320035458, -0.00159236998297, 0.00699613289908, -0.00175536924507, -0.00177015108056, 8.41902947286e-05, 0.000203878473258, -0.000998406321742, 0.000921859405935, -0.000704956415575], [0.00029620542773, -9.55415889621e-05, -0.000234699167777, -0.000765378761571, -0.000328792986693, -0.00175536924507, 0.00885200686753, -0.00104622764047, -0.00274381390773, -0.00081296445569, 0.000933429691941, -0.0012135572033, -0.000864218920469], [-0.000268392235739, -9.14489210118e-05, -0.000279606058029, 0.00134227459785, -0.000788332137745, -0.00177015108056, -0.00104622764047, 0.0105881243944, -0.00244598975405, -0.00234987097792, -0.000796568172518, 0.000998294795863, 0.000478622387163], [0.000138993476867, -0.0003611544671, -2.7610005418e-05, -0.000960029894486, 8.47200590215e-06, 8.41902947286e-05, -0.00274381390773, -0.00244598975405, 0.0110247023404, -0.000841228233185, -0.00195930199698, -0.00100329623092, -0.000444695033366], [-0.000213730425457, 0.000909926835448, -0.000125654580188, 0.00053846614901, -0.000534724909812, 0.000203878473258, -0.00081296445569, -0.00234987097792, -0.000841228233185, 0.0117712207139, -0.0024332543835, 0.0016078556655, -0.00494813499972], [0.000309632188873, -0.000731836888008, 0.000593894859776, -9.42733531701e-05, -0.000809123972431, -0.000998406321742, 0.000933429691941, -0.000796568172518, -0.00195930199698, -0.0024332543835, 0.0132879484445, -0.00219022971578, 0.00108441989869], [-0.000233203129028, 0.000825936323963, -0.000312313815812, 9.65467643255e-06, 0.00019570114091, 0.000921859405935, -0.0012135572033, 0.000998294795863, -0.00100329623092, 0.0016078556655, -0.00219022971578, 0.0125088784844, -0.00529394485056], [0.00030713508022, -0.00112682755571, 0.000530656659976, -0.000149709463585, 0.000103547921753, -0.000704956415575, -0.000864218920469, 0.000478622387163, -0.000444695033366, -0.00494813499972, 0.00108441989869, -0.00529394485056, 0.0176920481026]]
    },
    "melbands": {
        "dmean": [0.00165341445245, 0.000985055230558, 0.000888338370714, 0.000333843374392, 0.000155514397193, 0.000109143998998, 5.63244320801e-05, 4.26212827733e-05, 3.72821741621e-05, 3.51764610969e-05, 2.92965833069e-05, 2.56144285231e-05, 2.802198469e-05, 2.4471195502e-05, 2.01801467483e-05, 2.24962277571e-05, 1.76019966602e-05, 1.84237469512e-05, 1.82767889783e-05, 1.81897466973e-05, 1.72998370545e-05, 1.59398896358e-05, 1.57458489412e-05, 1.30932276079e-05, 9.86591840046e-06, 8.25427378004e-06, 6.98708754499e-06, 7.07834669811e-06, 6.84572796672e-06, 7.825301509e-06, 8.13940823718e-06, 6.55381927572e-06, 5.92775586483e-06, 4.85019427288e-06, 4.41258725914e-06, 3.73777015739e-06, 3.26145755025e-06, 2.49754771176e-06, 2.03196077564e-06, 1.70315331616e-06],
        "dmean2": [0.00249648443423, 0.00151808315422, 0.00138548447285, 0.000587806862313, 0.000272069824859, 0.000184297663509, 9.31901449803e-05, 7.2124239523e-05, 6.22461739113e-05, 5.9330235672e-05, 4.95947861054e-05, 4.28708372056e-05, 4.70657578262e-05, 4.17421870225e-05, 3.43973733834e-05, 3.80390119972e-05, 2.92164568236e-05, 3.0977796996e-05, 3.07428599626e-05, 3.03723045363e-05, 2.95007175737e-05, 2.68779076578e-05, 2.65375656454e-05, 2.18568548007e-05, 1.6214156858e-05, 1.35462778417e-05, 1.17140416478e-05, 1.16698056445e-05, 1.11464396468e-05, 1.29721593112e-05, 1.36540338644e-05, 1.07575551738e-05, 9.6111516541e-06, 7.63679690863e-06, 7.07030130798e-06, 5.98249471295e-06, 5.25901396031e-06, 4.01192073696e-06, 3.24424081555e-06, 2.70970895144e-06],
        "dvar": [1.2086001334e-05, 5.94305447521e-06, 4.78148695038e-06, 1.05835306385e-06, 2.09516628047e-07, 1.13802983037e-07, 2.2309315284e-08, 1.42485925281e-08, 9.89135617857e-09, 6.77693323681e-09, 4.86868989569e-09, 3.44010375741e-09, 4.60244820033e-09, 2.92684276815e-09, 1.35844724358e-09, 1.45991541078e-09, 9.70796110167e-10, 1.71293257356e-09, 1.49399648208e-09, 1.1987297821e-09, 1.11021447591e-09, 7.16222303687e-10, 8.23548895745e-10, 4.0884093333e-10, 2.04824823768e-10, 1.5680701182e-10, 1.87664619955e-10, 2.67259769871e-10, 1.77988346284e-10, 1.88989185412e-10, 3.12357195664e-10, 2.07910230698e-10, 1.39787389997e-10, 9.66512286871e-11, 8.253153716e-11, 7.71365124552e-11, 5.19692136547e-11, 2.9479217678e-11, 2.40983795419e-11, 2.16645850565e-11],
        "dvar2": [2.72596280411e-05, 1.49707739183e-05, 1.04949695015e-05, 3.06713855025e-06, 5.78716310429e-07, 2.94416082625e-07, 5.76001930597e-08, 3.8161942939e-08, 2.59881147713e-08, 1.72211382932e-08, 1.35739863794e-08, 9.05147157226e-09, 1.20521832514e-08, 8.12569656006e-09, 3.73884390115e-09, 3.80651421494e-09, 2.35797403825e-09, 4.53674342538e-09, 3.9519316708e-09, 3.01197045083e-09, 3.12538883662e-09, 1.91047355713e-09, 2.07958428255e-09, 1.01053965196e-09, 5.0724974221e-10, 3.96871507879e-10, 5.13026121585e-10, 7.27857052407e-10, 4.71511829581e-10, 4.90964546795e-10, 8.65581495368e-10, 5.77416114922e-10, 3.5552136235e-10, 2.35517855218e-10, 2.06730826902e-10, 1.9511058047e-10, 1.33824909487e-10, 7.39746944256e-11, 5.93041241115e-11, 5.21684535848e-11],
        "max": [0.0445610359311, 0.0354736745358, 0.0256258361042, 0.0150864720345, 0.00688981777057, 0.00708604138345, 0.00464210426435, 0.00407825876027, 0.00379061559215, 0.00293290847912, 0.00321098975837, 0.00190549029503, 0.00319449068047, 0.00154470966663, 0.000936512893531, 0.000682770041749, 0.000581733591389, 0.00151548348367, 0.00119644613005, 0.00059990567388, 0.000845567788929, 0.000705585000105, 0.000479872658616, 0.000359228317393, 0.000201002316317, 0.000166413403349, 0.000545439834241, 0.000590752693824, 0.000513073755428, 0.000249006290687, 0.000542183115613, 0.000432447181083, 0.000222838047193, 0.000238221458858, 0.000125788981677, 0.000166759433341, 9.9551762105e-05, 9.75940201897e-05, 8.94200929906e-05, 7.04682897776e-05],
        "mean": [0.0061441315338, 0.00219808961265, 0.00159117567819, 0.000389525026549, 0.000184256175999, 0.000144667297718, 7.18209266779e-05, 5.24657443748e-05, 4.62930729555e-05, 4.58577851532e-05, 3.83312872145e-05, 3.55360280082e-05, 3.88907974411e-05, 3.4057389712e-05, 2.91227770504e-05, 3.09901115543e-05, 2.63293241005e-05, 2.680972284e-05, 2.70166201517e-05, 2.72352845059e-05, 2.60894485109e-05, 2.55141894741e-05, 2.47710249823e-05, 2.10882171814e-05, 1.66770987562e-05, 1.4118958461e-05, 1.17324370876e-05, 1.24533917187e-05, 1.25632386698e-05, 1.33974581331e-05, 1.38347068059e-05, 1.19123660625e-05, 1.04300015664e-05, 8.74850593391e-06, 7.77619516157e-06, 6.38612982584e-06, 5.54071903025e-06, 4.42064583694e-06, 3.37937035511e-06, 2.73809450846e-06],
        "median": [0.000933579925913, 0.00133094284683, 0.000454142544186, 0.000187393088709, 7.982988609e-05, 5.157736814e-05, 3.36775519827e-05, 2.30078549066e-05, 2.05208125408e-05, 2.05334072234e-05, 1.69425020431e-05, 1.61693515111e-05, 1.78483223863e-05, 1.5542291294e-05, 1.48380604514e-05, 1.62066498888e-05, 1.42274620885e-05, 1.29863028633e-05, 1.48438812175e-05, 1.5332867406e-05, 1.61300322361e-05, 1.58120037668e-05, 1.45121584865e-05, 1.30108228404e-05, 1.03076999949e-05, 8.3005434135e-06, 7.43060445529e-06, 7.05321281202e-06, 6.40855978418e-06, 7.84458916314e-06, 7.31400132281e-06, 5.98353699388e-06, 4.31939815826e-06, 3.32300623995e-06, 2.83886197394e-06, 1.88113983768e-06, 1.56705596055e-06, 1.07604250843e-06, 6.44928604743e-07, 5.25101256699e-07],
        "min": [5.78426835335e-25, 1.02400752208e-24, 8.87916591368e-25, 1.23112847477e-24, 9.97725240514e-25, 8.21830755109e-25, 1.2676024448e-24, 1.57483024079e-24, 1.29036236381e-24, 2.68972262498e-24, 1.98858699672e-24, 2.50134540182e-24, 1.95333083071e-24, 2.19085901864e-24, 3.60742384311e-24, 2.60513661998e-24, 2.69312281269e-24, 2.33578440263e-24, 3.09115185154e-24, 2.71382469221e-24, 3.4257085503e-24, 4.17002721337e-24, 4.03861403062e-24, 3.8083108225e-24, 3.70557904454e-24, 4.29709535026e-24, 3.32052341492e-24, 5.30455986751e-24, 4.66553007503e-24, 3.42518080236e-24, 4.10079401932e-24, 4.18351002953e-24, 5.05401882731e-24, 5.96435878991e-24, 5.43374057391e-24, 5.75780778922e-24, 5.26408696434e-24, 6.93659120141e-24, 5.4783869457e-24, 5.08235471102e-24],
        "var": [9.0708163043e-05, 9.71869303612e-06, 1.17427380246e-05, 7.26075597868e-07, 1.65135475072e-07, 1.15353451235e-07, 2.09052632982e-08, 1.30410819921e-08, 9.30021659684e-09, 7.59523288707e-09, 5.04718933314e-09, 4.13651379816e-09, 5.176567619e-09, 3.48182815912e-09, 1.79723080862e-09, 1.88283477698e-09, 1.41490719141e-09, 1.96056126889e-09, 1.7707058042e-09, 1.54856616419e-09, 1.20521082003e-09, 1.00597929986e-09, 1.08703290813e-09, 6.32857155569e-10, 3.63644392376e-10, 2.74296502178e-10, 2.2312120207e-10, 3.01146912962e-10, 2.72956240943e-10, 2.8747793035e-10, 3.65809327274e-10, 2.6088062266e-10, 2.05177957957e-10, 1.60583824016e-10, 1.35670988333e-10, 1.10346974613e-10, 8.11653244615e-11, 5.2351106089e-11, 3.72964610584e-11, 2.97554481055e-11]
    },
    "mfcc": {
        "mean": [-636.717712402, 67.7349700928, 4.95118761063, 33.3906822205, 10.0765829086, 17.9883556366, 3.33348751068, 9.96805953979, 3.47083067894, 1.17144262791, 0.506157279015, 3.22868609428, -0.96723139286],
        "cov": [[12222.5166016, 871.545837402, 600.762939453, 90.4124603271, 419.738555908, 337.015289307, 163.045608521, 263.107391357, 176.788253784, 187.333267212, 66.8510742188, -24.4109611511, -61.207233429], [871.545837402, 1121.82568359, 149.502044678, 335.246582031, 141.594818115, 35.5514144897, 11.4634742737, 49.6623725891, 33.4417648315, 23.202047348, 3.94786667824, 37.6203041077, 28.9430027008], [600.762939453, 149.502044678, 591.700195312, 79.2976608276, 113.805847168, 79.4641723633, 67.9958114624, 65.842414856, 62.6499862671, 14.5448484421, 31.128408432, 19.3927669525, 6.31728172302], [90.4124603271, 335.246582031, 79.2976608276, 389.276733398, 89.0438690186, 71.0395278931, 3.75163030624, 36.577507019, 32.5685768127, -4.93867874146, 1.10187935829, 37.1887779236, 16.0510749817], [419.738555908, 141.594818115, 113.805847168, 89.0438690186, 220.261901855, 78.8313369751, 57.4126930237, 54.7201385498, 22.3085346222, 35.315032959, 21.597700119, 27.5659942627, 17.7275619507], [337.015289307, 35.5514144897, 79.4641723633, 71.0395278931, 78.8313369751, 177.169067383, 58.5518112183, 45.016330719, 60.5506324768, 15.9792013168, 20.592086792, 29.0404777527, 22.1716003418], [163.045608521, 11.4634742737, 67.9958114624, 3.75163030624, 57.4126930237, 58.5518112183, 146.263153076, 27.2833137512, 40.1176681519, 44.239238739, 20.8675174713, 21.0626373291, 24.2960166931], [263.107391357, 49.6623725891, 65.842414856, 36.577507019, 54.7201385498, 45.016330719, 27.2833137512, 141.8074646, 39.0140380859, 2.72074484825, 42.6697425842, 19.6212043762, 5.56972312927], [176.788253784, 33.4417648315, 62.6499862671, 32.5685768127, 22.3085346222, 60.5506324768, 40.1176681519, 39.0140380859, 141.704681396, 46.4303512573, 27.4808177948, 28.6689167023, 26.6668758392], [187.333267212, 23.202047348, 14.5448484421, -4.93867874146, 35.315032959, 15.9792013168, 44.239238739, 2.72074484825, 46.4303512573, 125.156402588, 42.2590408325, 13.3126420975, 21.6759662628], [66.8510742188, 3.94786667824, 31.128408432, 1.10187935829, 21.597700119, 20.592086792, 20.8675174713, 42.6697425842, 27.4808177948, 42.2590408325, 107.077430725, 28.986831665, 3.3789100647], [-24.4109611511, 37.6203041077, 19.3927669525, 37.1887779236, 27.5659942627, 29.0404777527, 21.0626373291, 19.6212043762, 28.6689167023, 13.3126420975, 28.986831665, 74.8500900269, 29.0991210938], [-61.207233429, 28.9430027008, 6.31728172302, 16.0510749817, 17.7275619507, 22.1716003418, 24.2960166931, 5.56972312927, 26.6668758392, 21.6759662628, 3.3789100647, 29.0991210938, 67.1680831909]],
