{
"lowlevel": {
    "average_loudness": 0.840880215168,
    "barkbands_crest": {
        "dmean": 2.92407155037,
        "dmean2": 4.53441333771,
        "dvar": 12.5434627533,
        "dvar2": 24.6649875641,
        "max": 26.7643737793,
        "mean": 12.3315763474,
        "median": 12.0114870071,
        "min": 2.08595108986,
        "var": 38.8485450745
    },
    "barkbands_flatness_db": {
        "dmean": 0.0373256728053,
        "dmean2": 0.0537095665932,
        "dvar": 0.0026192937512,
        "dvar2": 0.00518454564735,
        "max": 0.520515441895,
        "mean": 0.140044048429,
        "median": 0.119554370642,
        "min": 0.0232184939086,
        "var": 0.00655464269221
    },
    "barkbands_kurtosis": {
        "dmean": 13.8759775162,
        "dmean2": 20.9056911469,
        "dvar": 2014.51086426,
        "dvar2": 4398.49609375,
        "max": 1038.21813965,
        "mean": 14.4285945892,
        "median": 1.21379947662,
        "min": -1.90975785255,
        "var": 2369.42163086
    },
    "barkbands_skewness": {
        "dmean": 1.25331902504,
        "dmean2": 1.70579504967,
        "dvar": 4.11816453934,
        "dvar2": 8.08176326752,
        "max": 31.2296695709,
        "mean": 2.24062752724,
        "median": 1.54703223705,
        "min": -4.00282049179,
        "var": 8.84263515472
    },
    "barkbands_spread": {
        "dmean": 11.0784320831,
        "dmean2": 17.4189987183,
        "dvar": 219.574447632,
        "dvar2": 544.800109863,
        "max": 110.216384888,
        "mean": 33.3834571838,
        "median": 34.1546134949,
        "min": 0.219859108329,
        "var": 356.409912109
    },
    "dissonance": {
        "dmean": 0.00885272305459,
        "dmean2": 0.0153423724696,
        "dvar": 0.000133310735691,
        "dvar2": 0.000386007421184,
        "max": 0.500000119209,
        "mean": 0.48740953207,
        "median": 0.490593492985,
        "min": 0.380488455296,
        "var": 0.000157073445735
    },
    "dynamic_complexity": 4.02202129364,
    "erbbands_crest": {
        "dmean": 2.12371921539,
        "dmean2": 3.45323443413,
        "dvar": 6.41426420212,
        "dvar2": 16.0129890442,
        "max": 32.5698204041,
        "mean": 6.33537721634,
        "median": 5.03291463852,
        "min": 2.40600728989,
        "var": 12.5806035995
    },
    "erbbands_flatness_db": {
        "dmean": 0.0159519053996,
        "dmean2": 0.0241205245256,
        "dvar": 0.000345497945091,
        "dvar2": 0.000751015089918,
        "max": 0.359199017286,
        "mean": 0.129985749722,
        "median": 0.124402917922,
        "min": 0.0534164384007,
        "var": 0.00118630984798
    },
    "erbbands_kurtosis": {
        "dmean": 0.876194179058,
        "dmean2": 1.44124770164,
        "dvar": 1.53810787201,
        "dvar2": 3.85797929764,
        "max": 48.4525909424,
        "mean": 0.217626899481,
        "median": -0.0227644443512,
        "min": -1.91856253147,
        "var": 2.33399581909
    },
    "erbbands_skewness": {
        "dmean": 0.375591188669,
        "dmean2": 0.566639184952,
        "dvar": 0.163957118988,
        "dvar2": 0.403034418821,
        "max": 6.04328966141,
        "mean": -0.427432060242,
        "median": -0.597993254662,
        "min": -3.64702153206,
        "var": 0.523045003414
    },
    "erbbands_spread": {
        "dmean": 14.6713171005,
        "dmean2": 21.5286502838,
        "dvar": 407.163970947,
        "dvar2": 789.250061035,
        "max": 193.583465576,
        "mean": 54.6950492859,
        "median": 46.4067840576,
        "min": 2.31784629822,
        "var": 1043.89025879
    },
    "hfc": {
        "dmean": 13.72884655,
        "dmean2": 20.6865978241,
        "dvar": 546.130554199,
        "dvar2": 1207.26342773,
        "max": 210.983657837,
        "mean": 36.3017196655,
        "median": 25.3866844177,
        "min": 1.11019767981e-16,
        "var": 1181.05444336
    },
    "melbands_crest": {
        "dmean": 4.19225215912,
        "dmean2": 6.64212560654,
        "dvar": 31.3899269104,
        "dvar2": 63.8822364807,
        "max": 38.0336494446,
        "mean": 22.0236873627,
        "median": 21.8955802917,
        "min": 1.14364099503,
        "var": 125.977218628
    },
    "melbands_flatness_db": {
        "dmean": 0.0466612651944,
        "dmean2": 0.0661164745688,
        "dvar": 0.00424579810351,
        "dvar2": 0.00800976715982,
        "max": 0.628682494164,
        "mean": 0.188529759645,
        "median": 0.171495497227,
        "min": 0.000349782319972,
        "var": 0.0118811717257
    },
    "melbands_kurtosis": {
        "dmean": 64.7760620117,
        "dmean2": 98.5328063965,
        "dvar": 34533.0117188,
        "dvar2": 76277.234375,
        "max": 3118.0612793,
        "mean": 79.9578475952,
        "median": 14.2600746155,
        "min": -1.84459042549,
        "var": 45074.5390625
    },
    "melbands_skewness": {
        "dmean": 2.33763289452,
        "dmean2": 3.33409380913,
        "dvar": 16.8704166412,
        "dvar2": 34.5712394714,
        "max": 45.5018081665,
        "mean": 5.37381649017,
        "median": 3.59396409988,
        "min": -2.38206171989,
        "var": 34.4642372131
    },
    "melbands_spread": {
        "dmean": 15.3872919083,
        "dmean2": 24.8907032013,
        "dvar": 632.797119141,
        "dvar2": 1532.76147461,
        "max": 237.183059692,
        "mean": 35.1381111145,
        "median": 25.3476486206,
        "min": 0.114961892366,
        "var": 1041.31750488
    },
    "pitch_salience": {
        "dmean": 0.104243457317,
        "dmean2": 0.158912420273,
        "dvar": 0.0164873227477,
        "dvar2": 0.0340074971318,
        "max": 0.99682033062,
        "mean": 0.44608810544,
        "median": 0.480210065842,
        "min": 0.0112142022699,
        "var": 0.054071508348
    },
    "silence_rate_20dB": {
        "dmean": 0,
        "dmean2": 0,
        "dvar": 0,
        "dvar2": 0,
        "max": 1,
        "mean": 1,
        "median": 1,
        "min": 1,
        "var": 0
    },
    "silence_rate_30dB": {
        "dmean": 0.111672945321,
        "dmean2": 0.223369911313,
        "dvar": 0.0991990640759,
        "dvar2": 0.188754320145,
        "max": 1,
        "mean": 0.760004281998,
        "median": 1,
        "min": 0,
        "var": 0.182411924005
    },
    "silence_rate_60dB": {
        "dmean": 0.0350726209581,
        "dmean2": 0.0701527893543,
        "dvar": 0.0338431596756,
        "dvar2": 0.0725498646498,
        "max": 1,
        "mean": 0.147267639637,
        "median": 0,
        "min": 0,
        "var": 0.125575125217
    },
    "spectral_centroid": {
        "dmean": 403.36114502,
        "dmean2": 596.763916016,
        "dvar": 256878.359375,
        "dvar2": 501394.25,
        "max": 11007.3271484,
        "mean": 2398.05004883,
        "median": 2546.23291016,
        "min": 109.285415649,
        "var": 767649.5
    },
    "spectral_complexity": {
        "dmean": 6.40043020248,
        "dmean2": 9.33548545837,
        "dvar": 61.1700592041,
        "dvar2": 100.728813171,
        "max": 59,
        "mean": 24.3180942535,
        "median": 26,
        "min": 0,
        "var": 286.008575439
    },
    "spectral_decrease": {
        "dmean": 3.65236796362e-09,
        "dmean2": 4.97685714862e-09,
        "dvar": 3.26564255304e-17,
        "dvar2": 5.39137794416e-17,
        "max": 2.71137655166e-16,
        "mean": -1.34236834981e-08,
        "median": -7.97711230405e-09,
        "min": -5.50065841765e-08,
        "var": 1.49994486889e-16
    },
    "spectral_energy": {
        "dmean": 0.0139005798846,
        "dmean2": 0.0187532883137,
        "dvar": 0.000456764333649,
        "dvar2": 0.000750312115997,
        "max": 0.210072487593,
        "mean": 0.0539566650987,
        "median": 0.0343771502376,
        "min": 1.04892826695e-20,
        "var": 0.00225175428204
    },
    "spectral_energyband_high": {
        "dmean": 0.00149365700781,
        "dmean2": 0.00228215754032,
        "dvar": 6.36915046925e-06,
        "dvar2": 1.46668917296e-05,
        "max": 0.0223373062909,
        "mean": 0.00326869823039,
        "median": 0.00191118451767,
        "min": 7.52944222192e-21,
        "var": 1.28705169118e-05
    },
    "spectral_energyband_low": {
        "dmean": 0.0131384786218,
        "dmean2": 0.019123211503,
        "dvar": 0.000526486081071,
        "dvar2": 0.000967022380792,
        "max": 0.203599125147,
        "mean": 0.0401809476316,
        "median": 0.0167829990387,
        "min": 3.46164723877e-23,
        "var": 0.00192184851039
    },
    "spectral_energyband_middle_high": {
        "dmean": 0.00207933411002,
        "dmean2": 0.00316012138501,
        "dvar": 1.07156829472e-05,
        "dvar2": 2.27009040827e-05,
        "max": 0.0294473301619,
        "mean": 0.00448331842199,
        "median": 0.0035843309015,
        "min": 1.73936574605e-21,
        "var": 2.03903600777e-05
    },
    "spectral_energyband_middle_low": {
        "dmean": 0.00482473382726,
        "dmean2": 0.00699231866747,
        "dvar": 0.000153078741278,
        "dvar2": 0.000262739107711,
        "max": 0.15611551702,
        "mean": 0.00760293472558,
        "median": 0.00278939120471,
        "min": 3.95652568547e-22,
        "var": 0.000320015737088
    },
    "spectral_entropy": {
        "dmean": 0.125656023622,
        "dmean2": 0.186222761869,
        "dvar": 0.0314056426287,
        "dvar2": 0.0700021907687,
        "max": 9.79054641724,
        "mean": 8.12750816345,
        "median": 8.15694046021,
        "min": 6.06951904297,
        "var": 0.076871573925
    },
    "spectral_flux": {
        "dmean": 0.0353747718036,
        "dmean2": 0.0538216121495,
        "dvar": 0.00267895893194,
        "dvar2": 0.00589743908495,
        "max": 0.447410076857,
        "mean": 0.100729040802,
        "median": 0.0787438005209,
        "min": 1.02417199721e-10,
        "var": 0.00594359729439
    },
    "spectral_kurtosis": {
        "dmean": 0.633278667927,
        "dmean2": 1.01755321026,
        "dvar": 0.374140262604,
        "dvar2": 1.0047314167,
        "max": 11.1599178314,
        "mean": 1.91870689392,
        "median": 1.85368108749,
        "min": -1.22018635273,
        "var": 1.38548874855
    },
    "spectral_rms": {
        "dmean": 0.000996715505607,
        "dmean2": 0.00132714840584,
        "dvar": 2.17593560592e-06,
        "dvar2": 3.40146584676e-06,
        "max": 0.0143160317093,
        "mean": 0.00623917998746,
        "median": 0.00579125899822,
        "min": 3.19897580647e-12,
        "var": 1.37133547469e-05
    },
    "spectral_rolloff": {
        "dmean": 1133.06262207,
        "dmean2": 1831.65783691,
        "dvar": 3746221,
        "dvar2": 7844648.5,
        "max": 18195.5566406,
        "mean": 2560.8125,
        "median": 1937.98828125,
        "min": 43.06640625,
        "var": 7566688.5
    },
    "spectral_skewness": {
        "dmean": 0.138580948114,
        "dmean2": 0.210108980536,
        "dvar": 0.0150645105168,
        "dvar2": 0.0358565822244,
        "max": 2.7221467495,
        "mean": 0.99607694149,
        "median": 0.974128127098,
        "min": -0.0222520884126,
        "var": 0.0812275633216
    },
    "spectral_spread": {
        "dmean": 598602.5,
        "dmean2": 811047.9375,
        "dvar": 630637723648,
        "dvar2": 929890107392,
        "max": 41578572,
        "mean": 5725496.5,
        "median": 5461641,
        "min": 2342517,
        "var": 3.5349767127e+12
    },
    "spectral_strongpeak": {
        "dmean": 0.301920950413,
        "dmean2": 0.496107459068,
        "dvar": 0.286832898855,
        "dvar2": 0.75589120388,
        "max": 8.88581848145,
        "mean": 0.557703018188,
        "median": 0.407133340836,
        "min": 0,
        "var": 0.414658665657
    },
    "zerocrossingrate": {
        "dmean": 0.0218870304525,
        "dmean2": 0.0248843226582,
        "dvar": 0.000834010366816,
        "dvar2": 0.000967134721577,
        "max": 0.6279296875,
        "mean": 0.091890476644,
        "median": 0.0771484375,
        "min": 0.001953125,
        "var": 0.0041556651704
    },
    "barkbands": {
        "dmean": [0.00218247389421, 0.0101420488209, 0.00331015908159, 0.00322317588143, 0.00142836908344, 0.000576249905862, 0.000765493605286, 0.000217415450606, 0.000221300506382, 0.000270744611043, 0.000179090580787, 0.000213044608245, 0.000275265047094, 0.000390104250982, 0.000312485470204, 0.000351441471139, 0.000344430707628, 0.000382403435651, 0.000279864820186, 0.000330626004143, 0.000331339892, 0.000394319940824, 0.00029959861422, 0.000278968596831, 0.000201968869078, 8.36928375065e-05, 1.28043093355e-05],
        "dmean2": [0.0031686485745, 0.0146558405831, 0.00550686195493, 0.00485054543242, 0.00248129572719, 0.0010484495433, 0.00123401591554, 0.000384225073503, 0.00038302957546, 0.000433295062976, 0.000296961661661, 0.000364830048056, 0.000447420141427, 0.000655569834635, 0.000512758793775, 0.000569826865103, 0.000544653448742, 0.000596846803091, 0.000447062484454, 0.000534893770237, 0.00052132998826, 0.000629175570793, 0.000483194482513, 0.000441177893663, 0.000307327252813, 0.000122403129353, 1.98899142561e-05],
        "dvar": [2.03665440495e-05, 0.000379637727747, 0.000141469761729, 0.000128408108139, 2.32644397329e-05, 5.83546989219e-06, 2.93460584544e-06, 5.18420165463e-07, 4.07697740457e-07, 3.95758803506e-07, 1.61905987284e-07, 1.6181880369e-07, 2.76331377336e-07, 8.15977898583e-07, 4.90251068186e-07, 3.39890902978e-07, 2.81588000917e-07, 4.6597756409e-07, 1.9877352031e-07, 2.77892354461e-07, 2.79081660892e-07, 4.64229998443e-07, 2.9306826832e-07, 2.38698675048e-07, 1.30137792098e-07, 2.30207461982e-08, 7.58411167201e-10],
        "dvar2": [3.72477843484e-05, 0.000682691985276, 0.000361147889635, 0.000231336714933, 6.33539748378e-05, 1.71307165147e-05, 7.16758449926e-06, 1.46782610955e-06, 1.09627183065e-06, 9.00652366909e-07, 4.40971177795e-07, 4.46419164746e-07, 6.95820745023e-07, 2.11072506318e-06, 1.31548756599e-06, 8.27108976864e-07, 6.65522179588e-07, 1.03929414763e-06, 4.66743813377e-07, 6.70345400522e-07, 6.01276781254e-07, 1.15196985462e-06, 7.67109384014e-07, 5.9114972828e-07, 2.93519491379e-07, 4.67413023841e-08, 1.77854575512e-09],
        "max": [0.0469756945968, 0.168244242668, 0.124413505197, 0.129814893007, 0.0534973293543, 0.032244078815, 0.02222680673, 0.017716800794, 0.0145559702069, 0.0149778602645, 0.012824377045, 0.0105787608773, 0.00814003963023, 0.0154330236837, 0.0212798360735, 0.00739142857492, 0.00700512249023, 0.0187160987407, 0.00606744689867, 0.00707855401561, 0.0083139538765, 0.00818240176886, 0.00503355404362, 0.00425014737993, 0.00337442336604, 0.00192307855468, 0.000422970246291],
        "mean": [0.0070240101777, 0.0283218529075, 0.00337208388373, 0.0038384932559, 0.00158748205286, 0.000601250794716, 0.00093683245359, 0.000222460672376, 0.000236952982959, 0.000367403030396, 0.000227973941946, 0.000273616082268, 0.000363212253433, 0.000454995431937, 0.0004428778484, 0.000501706497744, 0.000564799353015, 0.000641438236926, 0.000476678746054, 0.000588992552366, 0.000689701118972, 0.000709129206371, 0.000512933009304, 0.00047193368664, 0.000358441582648, 0.000151136424392, 1.81703253475e-05],
        "median": [4.49635990663e-05, 0.00423292210326, 0.000355099589797, 0.00017942226259, 0.000268351315754, 0.000145163299749, 0.000212422251934, 6.21116923867e-05, 8.49980278872e-05, 0.000123299425468, 0.000113538699225, 0.000156545167556, 0.00018228769477, 0.000205618445762, 0.000236883905018, 0.000292932905722, 0.000384366518119, 0.000390539411455, 0.000309156253934, 0.000399495882448, 0.000488358840812, 0.000385751423892, 0.000234215345699, 0.000175085617229, 0.000108082618681, 3.58793549822e-05, 1.83182419278e-06],
        "min": [2.11206680257e-24, 7.00800914574e-24, 6.26169032584e-24, 4.2719657917e-23, 6.06064289215e-23, 2.08863577986e-23, 9.26591286107e-23, 6.72462080518e-23, 7.75622809489e-23, 9.74175502128e-23, 9.01700768172e-23, 1.57269922772e-22, 1.21128380306e-22, 2.1764366297e-23, 2.4375842361e-22, 1.67547089049e-22, 2.40119212617e-22, 2.59137778139e-22, 2.17972037366e-22, 2.74412094261e-22, 5.57662358912e-22, 5.01355007354e-22, 5.82110231216e-22, 8.71522925798e-22, 1.16613584195e-21, 1.79167926524e-21, 2.10659516393e-21],
        "var": [9.44415296544e-05, 0.00122608966194, 0.00011675022688, 0.000220343848923, 1.81121922651e-05, 3.42792100128e-06, 4.32016531704e-06, 5.05813545715e-07, 3.53464258751e-07, 7.66548055253e-07, 1.89552906704e-07, 1.61660139497e-07, 3.51460130332e-07, 7.87076089637e-07, 6.31181706012e-07, 4.54420785445e-07, 4.34073314182e-07, 7.49074388295e-07, 3.17223424418e-07, 4.48949521115e-07, 5.71929660964e-07, 7.72540147409e-07, 4.20465738671e-07, 4.0408670543e-07, 2.64800348759e-07, 5.63910518281e-08, 1.35218014563e-09]
    },
    "erbbands": {
        "dmean": [0.521039009094, 1.54478418827, 3.58108234406, 6.82530927658, 8.30899620056, 3.9448788166, 3.50561475754, 5.19875478745, 9.07981586456, 9.93047904968, 4.29357290268, 4.41775941849, 9.05134391785, 6.6829199791, 6.58524942398, 9.37136173248, 12.42370224, 18.6671218872, 15.2512321472, 19.2120494843, 16.8229904175, 18.843290329, 21.4344902039, 14.5519285202, 14.0864028931, 16.254989624, 15.3551435471, 12.996213913, 14.4042358398, 11.1045198441, 8.21186923981, 7.08283519745, 4.02228879929, 2.54703879356, 1.32065069675, 0.476764380932, 0.137009754777, 0.026302497834, 0.00207573361695, 4.13446432503e-05],
        "dmean2": [0.744890451431, 2.14367794991, 5.57499694824, 10.589548111, 12.5607185364, 6.93129444122, 6.3183965683, 9.47095870972, 14.9105472565, 16.4282112122, 7.56405448914, 7.57069826126, 14.2516069412, 11.0207023621, 10.8042650223, 15.9827642441, 20.0068798065, 31.3459358215, 25.0376796722, 31.3290290833, 26.6837272644, 29.4782657623, 33.1766929626, 23.089925766, 22.4654102325, 26.4440536499, 24.3228778839, 20.5932617188, 23.1312847137, 17.6104488373, 13.2949018478, 11.5059967041, 6.29279279709, 3.92599511147, 2.00893330574, 0.717387497425, 0.200537011027, 0.0386188551784, 0.00320092006586, 6.05401000939e-05],
        "dvar": [1.07911431789, 13.4293279648, 156.420318604, 435.000823975, 845.343444824, 155.144012451, 134.050140381, 524.28503418, 521.330200195, 520.390441895, 192.721694946, 148.454147339, 502.465576172, 211.11378479, 184.350311279, 327.033294678, 563.768188477, 2018.66687012, 970.344482422, 1278.76928711, 753.037719727, 822.08605957, 1549.89001465, 573.272949219, 493.638092041, 692.387329102, 635.750183105, 424.105804443, 608.645690918, 349.583312988, 213.699539185, 179.010986328, 47.3851013184, 20.555015564, 5.50982618332, 0.732454717159, 0.0646279677749, 0.00274247070774, 2.0351004423e-05, 5.16497689063e-09],
        "dvar2": [1.9176274538, 22.6917285919, 371.233856201, 807.157897949, 1888.96044922, 444.423675537, 390.826629639, 1540.26171875, 1329.52075195, 1383.99914551, 551.466308594, 383.552368164, 1143.31164551, 551.536193848, 468.854003906, 910.32623291, 1400.62365723, 5215.61181641, 2406.46777344, 3294.77050781, 1754.8560791, 1891.20117188, 3626.95581055, 1304.53027344, 1142.04003906, 1697.63562012, 1369.59448242, 1009.96655273, 1524.72912598, 865.634094238, 554.419067383, 469.371429443, 111.145362854, 47.2635192871, 12.4257650375, 1.57516264915, 0.13455067575, 0.00592471472919, 4.65004632133e-05, 1.0811771034e-08],
        "max": [7.72772502899, 44.4975357056, 139.670928955, 202.850509644, 379.068237305, 141.050018311, 144.986816406, 308.880554199, 270.588500977, 301.316802979, 253.840820312, 304.70123291, 592.317993164, 320.143585205, 584.352050781, 466.268096924, 439.01071167, 565.848083496, 857.753479004, 980.20690918, 423.197631836, 432.255523682, 1088.70397949, 339.045898438, 280.943786621, 277.50869751, 321.047363281, 355.13269043, 309.682189941, 184.768875122, 142.000732422, 132.025894165, 84.2805252075, 45.2267189026, 25.0167503357, 10.2086896896, 2.96151709557, 0.638383209705, 0.0684558078647, 0.00109055242501],
        "mean": [1.61814367771, 3.1250371933, 4.11537408829, 8.59142017365, 9.48137187958, 4.76050281525, 3.97196364403, 5.24233484268, 11.143986702, 11.1419000626, 4.54886102676, 5.07401895523, 12.2583999634, 9.08963298798, 9.13069438934, 12.3536977768, 17.0424098969, 21.9736270905, 21.4856567383, 28.2710075378, 26.4300804138, 32.4616737366, 35.9842414856, 25.8767929077, 24.8104782104, 28.6813220978, 29.3795013428, 26.1416893005, 25.8155632019, 19.6762275696, 14.0543518066, 11.016119957, 7.19305706024, 4.45299530029, 2.28792476654, 0.848600327969, 0.242960110307, 0.0453887172043, 0.00294256373309, 0.000121625897009],
        "median": [0.0702131986618, 1.04337716103, 0.696102261543, 0.758698821068, 0.766408145428, 0.824852466583, 0.897203803062, 1.50734829903, 2.66660523415, 2.96706533432, 1.6966303587, 1.99219977856, 3.46867752075, 4.60734462738, 5.27986812592, 7.08913040161, 8.77178192139, 10.486866951, 11.7933635712, 16.7692890167, 16.8041934967, 22.4072990417, 22.0168457031, 17.6236763, 16.7161026001, 18.8075275421, 19.4170227051, 18.3011875153, 14.564207077, 10.4417152405, 5.81689739227, 3.71261501312, 2.81818699837, 1.46918475628, 0.648604154587, 0.209393486381, 0.0541303791106, 0.00895877555013, 0.000310507253744, 9.65964427451e-05],
        "min": [4.42255214409e-22, 7.1102853092e-22, 5.06426022347e-21, 7.97375808743e-20, 1.17327323934e-19, 2.24270687747e-19, 3.21695477456e-19, 2.09956559891e-19, 1.27861753378e-18, 1.03051453182e-18, 1.87073719769e-18, 1.80752446887e-18, 2.64945309136e-18, 2.43354137389e-18, 3.84433554532e-18, 7.3722166037e-18, 6.29583749185e-18, 2.14629939067e-18, 8.31799010067e-18, 9.14305643958e-18, 1.2538737906e-17, 1.50239888216e-17, 1.20952417119e-17, 1.47370150517e-17, 1.01630032221e-17, 1.35679582104e-17, 2.19375213679e-17, 2.0305295496e-17, 1.99690631206e-17, 1.63979043862e-17, 1.61025794008e-17, 1.74787035376e-17, 1.44496673961e-17, 8.99880523974e-18, 1.03682838075e-17, 5.80121078251e-18, 3.37160761551e-18, 1.35737277952e-18, 3.09191892865e-19, 3.08146330108e-20],
        "var": [4.48069095612, 26.7300815582, 157.389389038, 722.429443359, 1097.45788574, 122.079711914, 92.3794403076, 297.688537598, 661.719299316, 576.250427246, 147.3621521, 142.517608643, 1054.93798828, 266.651000977, 246.885620117, 330.426727295, 765.948059082, 1902.84680176, 1297.33093262, 1752.22753906, 1167.19104004, 1361.26538086, 2403.70385742, 913.072631836, 818.067199707, 1083.47875977, 1191.70690918, 795.927490234, 992.53326416, 567.127380371, 324.348876953, 241.505371094, 93.2358169556, 40.1408081055, 11.1534309387, 1.68212580681, 0.152282834053, 0.00616538431495, 3.66627173207e-05, 1.65324340884e-08]
    },
    "gfcc": {
        "mean": [-3.34686303139, 28.1921291351, -112.452560425, 56.2946205139, -51.9242286682, 27.5877914429, -31.5810699463, 13.5027914047, -18.5685005188, 9.24188804626, -14.8064117432, 4.94537878036, -11.0746803284],
        "cov": [[18253.1425781, -359.43057251, -352.516326904, 1213.09326172, 559.70526123, 847.133178711, -14.8964090347, 447.322570801, -51.6913414001, 484.950256348, 106.129386902, 468.251251221, -32.4067382812], [-359.43057251, 2223.53125, -80.076171875, 429.974060059, -25.2185325623, -390.970947266, -62.5267944336, -300.469970703, 49.977355957, -180.923171997, 67.6417922974, -146.663024902, 136.544250488], [-352.516326904, -80.076171875, 1392.0916748, 349.406951904, 388.424865723, 391.917541504, 233.347473145, 105.761169434, 29.2874221802, 96.8289489746, 4.37602138519, 18.1405506134, -9.11421108246], [1213.09326172, 429.974060059, 349.406951904, 725.653808594, 331.948303223, 263.004821777, 150.589874268, 4.06017780304, 49.0488891602, 36.4955673218, 79.1874465942, 21.4986209869, 68.4112014771], [559.70526123, -25.2185325623, 388.424865723, 331.948303223, 429.665283203, 327.023468018, 239.03314209, 127.465049744, 111.051361084, 107.958396912, 92.0983428955, 62.0159645081, 53.1653823853], [847.133178711, -390.970947266, 391.917541504, 263.004821777, 327.023468018, 499.451477051, 255.273284912, 225.894775391, 104.624038696, 153.992630005, 70.6544494629, 97.3567276001, 54.9560585022], [-14.8964090347, -62.5267944336, 233.347473145, 150.589874268, 239.03314209, 255.273284912, 342.261108398, 228.432540894, 186.903381348, 122.976402283, 98.8027801514, 79.948097229, 85.4862365723], [447.322570801, -300.469970703, 105.761169434, 4.06017780304, 127.465049744, 225.894775391, 228.432540894, 313.298980713, 195.38343811, 190.801269531, 102.516090393, 114.341316223, 46.3587608337], [-51.6913414001, 49.977355957, 29.2874221802, 49.0488891602, 111.051361084, 104.624038696, 186.903381348, 195.38343811, 249.063369751, 178.078887939, 150.010177612, 82.6218338013, 73.9182891846], [484.950256348, -180.923171997, 96.8289489746, 36.4955673218, 107.958396912, 153.992630005, 122.976402283, 190.801269531, 178.078887939, 256.142303467, 159.60383606, 122.793922424, 28.7548103333], [106.129386902, 67.6417922974, 4.37602138519, 79.1874465942, 92.0983428955, 70.6544494629, 98.8027801514, 102.516090393, 150.010177612, 159.60383606, 191.777206421, 107.257888794, 53.5304985046], [468.251251221, -146.663024902, 18.1405506134, 21.4986209869, 62.0159645081, 97.3567276001, 79.948097229, 114.341316223, 82.6218338013, 122.793922424, 107.257888794, 138.66583252, 53.9208602905], [-32.4067382812, 136.544250488, -9.11421108246, 68.4112014771, 53.1653823853, 54.9560585022, 85.4862365723, 46.3587608337, 73.9182891846, 28.7548103333, 53.5304985046, 53.9208602905, 127.153244019]],
        "icov": [[0.000107020627183, -8.66552582011e-05, 0.00014356552856, -0.000213976993109, -0.000117920855701, -0.000111327921331, 0.000254667771515, -0.000297267659334, 0.000245889736107, -0.000310257717501, 0.000490958045702, -0.000552402692847, 0.00023511510517], [-8.66552582011e-05, 0.00124803639483, -0.000280627631582, -0.000717007322237, 0.000122359531815, 0.00145973381586, -0.000288446259219, 0.00061168189859, -0.000873251468875, 0.000791239319369, -0.00147023797035, 0.00191028462723, -0.00157020159531], [0.00014356552856, -0.000280627631582, 0.00133440911304, -0.000302867061691, -0.000714584428351, -0.00065629958408, -0.000291378149996, 4.60184264739e-06, 0.000873822544236, -0.00135884596966, 0.00147802545689, -0.000765441800468, 0.000874866964296], [-0.000213976993109, -0.000717007322237, -0.000302867061691, 0.00366469053552, -0.00117187132128, -0.00174240488559, -0.000373286165996, 0.00152753142174, -6.0971127823e-05, 0.000665826664772, -0.00144221365917, 0.000769031641539, -0.000174950750079], [-0.000117920855701, 0.000122359531815, -0.000714584428351, -0.00117187132128, 0.00769572239369, -0.00296133593656, -0.00320599367842, 0.00270759593695, -0.00141524057835, 0.000583368295338, -0.00170489773154, 0.000347726425389, 0.00090932828607], [-0.000111327921331, 0.00145973381586, -0.00065629958408, -0.00174240488559, -0.00296133593656, 0.0089109223336, -0.00153425568715, -0.00347537267953, 0.00337055651471, -0.00194411573466, -0.000336816883646, 0.00239558704197, -0.00341391027905], [0.000254667771515, -0.000288446259219, -0.000291378149996, -0.000373286165996, -0.00320599367842, -0.00153425568715, 0.0122803943232, -0.00651514204219, -0.00398876005784, 0.00404874142259, 9.50171088334e-05, -0.000941548147239, -0.00156018056441], [-0.000297267659334, 0.00061168189859, 4.60184264739e-06, 0.00152753142174, 0.00270759593695, -0.00347537267953, -0.00651514204219, 0.0176143292338, -0.00930070783943, -0.00267595937476, 0.00472471676767, -0.00500389607623, 0.00291885971092], [0.000245889736107, -0.000873251468875, 0.000873822544236, -6.0971127823e-05, -0.00141524057835, 0.00337055651471, -0.00398876005784, -0.00930070783943, 0.0234828740358, -0.0092443684116, -0.00704084150493, 0.00827296450734, -0.00580146769062], [-0.000310257717501, 0.000791239319369, -0.00135884596966, 0.000665826664772, 0.000583368295338, -0.00194411573466, 0.00404874142259, -0.00267595937476, -0.0092443684116, 0.0195496473461, -0.00858189444989, -0.00361673906446, 0.00356524344534], [0.000490958045702, -0.00147023797035, 0.00147802545689, -0.00144221365917, -0.00170489773154, -0.000336816883646, 9.50171088334e-05, 0.00472471676767, -0.00704084150493, -0.00858189444989, 0.0240567009896, -0.0143697373569, 0.00365758384578], [-0.000552402692847, 0.00191028462723, -0.000765441800468, 0.000769031641539, 0.000347726425389, 0.00239558704197, -0.000941548147239, -0.00500389607623, 0.00827296450734, -0.00361673906446, -0.0143697373569, 0.0275849159807, -0.0110237840563], [0.00023511510517, -0.00157020159531, 0.000874866964296, -0.000174950750079, 0.00090932828607, -0.00341391027905, -0.00156018056441, 0.00291885971092, -0.00580146769062, 0.00356524344534, 0.00365758384578, -0.0110237840563, 0.0165487676859]]
    },
    "melbands": {
        "dmean": [0.00348520232365, 0.00168243586086, 0.00126611592714, 0.000394585833419, 0.000128765328554, 0.000114987051347, 0.000150096660946, 9.55632931436e-05, 3.36763405357e-05, 2.98603117699e-05, 4.55868939753e-05, 2.74830836133e-05, 2.30401255976e-05, 2.2395310225e-05, 2.65180206043e-05, 2.89199197141e-05, 3.72546346625e-05, 2.60070592049e-05, 2.60274318862e-05, 2.66814004135e-05, 1.98906964215e-05, 1.89297843463e-05, 2.60112137767e-05, 1.62809974427e-05, 1.21857901831e-05, 1.195922232e-05, 1.00387433122e-05, 1.20042031995e-05, 1.06439247247e-05, 9.2972541097e-06, 7.89383284427e-06, 8.56089354784e-06, 8.02966860647e-06, 5.96100608163e-06, 4.69606402476e-06, 5.3761741583e-06, 4.10316806665e-06, 3.02139392261e-06, 2.39596533902e-06, 2.17528963731e-06],
        "dmean2": [0.00509167416021, 0.00238478090614, 0.00188787758816, 0.000626904657111, 0.00023294359562, 0.000209753838135, 0.000243779155426, 0.000158334281878, 5.97143625782e-05, 5.0985829148e-05, 7.19646704965e-05, 4.55144072475e-05, 3.77163341909e-05, 3.81020654459e-05, 4.44418765255e-05, 4.72346800962e-05, 6.29553251201e-05, 4.2927069444e-05, 4.29291649198e-05, 4.42169766757e-05, 3.17483027175e-05, 3.03110009554e-05, 4.0888429794e-05, 2.58115851466e-05, 1.96931014216e-05, 1.94280783035e-05, 1.62917367561e-05, 1.972462087e-05, 1.70482271642e-05, 1.5057604287e-05, 1.26931017803e-05, 1.3905339074e-05, 1.29702975755e-05, 9.53344351728e-06, 7.64064134273e-06, 8.9098166427e-06, 6.66954110784e-06, 4.76353307022e-06, 3.7440458982e-06, 3.40001247423e-06],
        "dvar": [4.57450514659e-05, 2.49813056143e-05, 1.57607573783e-05, 1.59701676239e-06, 1.76312710209e-07, 2.51302310517e-07, 1.30264893983e-07, 4.97679266687e-08, 1.26984032178e-08, 7.11689862598e-09, 1.28180506209e-08, 3.75053366142e-09, 2.35874009213e-09, 1.39635436547e-09, 4.04659816766e-09, 3.41832362416e-09, 8.32455882005e-09, 2.88961343742e-09, 3.71428310331e-09, 2.2499615504e-09, 1.09969622297e-09, 7.80786268972e-10, 2.74917133503e-09, 8.93489338072e-10, 4.09800360313e-10, 4.08265199425e-10, 2.43516901088e-10, 3.82273157573e-10, 3.41589923014e-10, 2.3675883476e-10, 1.52551291044e-10, 2.00636784964e-10, 1.98827981857e-10, 9.55085247001e-11, 6.32019228619e-11, 1.3286526046e-10, 5.53309793816e-11, 2.60907875166e-11, 1.86595981722e-11, 1.52799509157e-11],
        "dvar2": [8.03622388048e-05, 4.97458131576e-05, 2.96505822917e-05, 3.91839012082e-06, 5.15221927344e-07, 7.37858670163e-07, 3.23951866221e-07, 1.33263071689e-07, 3.63474335074e-08, 1.8312938721e-08, 2.90588086926e-08, 9.51265111127e-09, 6.16690387645e-09, 3.72742237076e-09, 1.12053006873e-08, 8.6267473165e-09, 2.15820215033e-08, 7.13198700097e-09, 1.0503441672e-08, 5.67117774963e-09, 2.61433874549e-09, 1.88632442999e-09, 6.79253764346e-09, 2.11377515491e-09, 9.72379510245e-10, 9.89737070078e-10, 5.85345383275e-10, 9.63046309366e-10, 7.80735975869e-10, 5.50629819518e-10, 3.78725134587e-10, 5.08154851531e-10, 4.96181262744e-10, 2.40214209635e-10, 1.6193826835e-10, 3.62928881392e-10, 1.42215475507e-10, 6.18848375322e-11, 4.34343429279e-11, 3.58686379209e-11],
        "max": [0.0525049008429, 0.0574461147189, 0.044416140765, 0.0147264432162, 0.00527228042483, 0.00677936291322, 0.00444010039791, 0.00359355146065, 0.00167136499658, 0.0019005384529, 0.00291343568824, 0.00126402429305, 0.00172180926893, 0.000615789089352, 0.00236895401031, 0.000913093332201, 0.0013726435136, 0.00162155053113, 0.00182941369712, 0.000580378866289, 0.000590952113271, 0.000381008285331, 0.00128323142417, 0.000726576661691, 0.000303083797917, 0.000248132273555, 0.000236593506997, 0.000222925460548, 0.00028495315928, 0.000307533453451, 0.000180767528946, 0.000194198015379, 0.00015815217921, 0.000116518604045, 0.000101516881841, 0.000123524310766, 7.86722594057e-05, 5.38291533303e-05, 9.56450676313e-05, 4.23141646024e-05],
        "mean": [0.0106840236112, 0.00266209873371, 0.00161392695736, 0.000472589628771, 0.000153082233737, 0.000116101269668, 0.000185466284165, 0.000106940271507, 3.42800885846e-05, 3.36053708452e-05, 6.1307757278e-05, 3.59642363037e-05, 3.04660497932e-05, 2.96935450024e-05, 3.446318442e-05, 3.75497256755e-05, 4.16757866333e-05, 3.41956474585e-05, 3.61677484761e-05, 3.64757070201e-05, 2.98119630315e-05, 3.10803225148e-05, 3.9013033529e-05, 2.73642926913e-05, 1.99143432837e-05, 1.87001642189e-05, 1.71138672158e-05, 1.94634649233e-05, 1.81603700184e-05, 1.71991378011e-05, 1.4393624042e-05, 1.46140318975e-05, 1.33937210194e-05, 9.99526218948e-06, 7.9857527453e-06, 7.74217278376e-06, 6.34087746221e-06, 5.24012011738e-06, 4.15006661569e-06, 3.6185283534e-06],
        "median": [0.000964995357208, 0.00139282795135, 0.000137982715387, 5.92470933043e-05, 3.23450876749e-05, 2.94775254588e-05, 4.27847480751e-05, 2.89051458822e-05, 1.16736500786e-05, 1.22691417346e-05, 1.66602185345e-05, 1.74077322299e-05, 1.63915865414e-05, 1.69791019289e-05, 1.82064613909e-05, 1.86119505088e-05, 1.84067466762e-05, 1.73306616489e-05, 1.9768565835e-05, 2.0664112526e-05, 1.79677990673e-05, 2.15426407522e-05, 2.1542316972e-05, 1.73785847437e-05, 1.31351625896e-05, 1.09419761429e-05, 1.19917094707e-05, 1.20271142805e-05, 1.11754761747e-05, 1.18207735795e-05, 9.6363000921e-06, 8.14702252683e-06, 6.64945218887e-06, 5.28201644556e-06, 3.39358621204e-06, 2.5318850021e-06, 2.12749728234e-06, 2.04959951589e-06, 1.54346889758e-06, 1.0776467434e-06],
        "min": [2.85996728858e-24, 1.70758389544e-24, 1.58261905894e-23, 1.0084924819e-23, 1.22880878983e-23, 4.14493630899e-24, 2.01253673492e-23, 1.14212102273e-23, 1.77403363324e-23, 9.60601051884e-24, 1.35719858429e-23, 9.96848263845e-24, 1.20324504223e-23, 1.31252901998e-23, 2.08918182938e-23, 1.06811316916e-23, 2.58140768396e-24, 1.07808176776e-23, 1.72161240614e-23, 7.79192547081e-24, 1.61947353603e-23, 1.78509993179e-23, 7.33479477573e-24, 1.36846083589e-23, 1.18498977536e-23, 8.04685060549e-24, 7.98970157721e-24, 8.04935445001e-24, 1.75727160118e-23, 8.45054228513e-24, 1.3179712136e-23, 1.22282433324e-23, 6.84099861463e-24, 1.09691755737e-23, 1.06311376318e-23, 6.81105661011e-24, 1.21337685615e-23, 9.62097757679e-24, 9.84864125631e-24, 6.70337236339e-24],
        "var": [0.00017821865913, 3.75830968551e-05, 2.63702204393e-05, 1.74365186467e-06, 1.24555867842e-07, 1.43786721196e-07, 1.79860165872e-07, 5.5848978775e-08, 9.10076281002e-09, 7.01982072471e-09, 2.64920778648e-08, 4.7733865749e-09, 2.9682487579e-09, 1.6993133567e-09, 3.7616465498e-09, 4.03428579432e-09, 7.68322738764e-09, 3.61052876485e-09, 4.24792157006e-09, 2.66431454676e-09, 1.69199421141e-09, 1.22000243241e-09, 3.546711147e-09, 1.32566968514e-09, 5.90334781059e-10, 6.04435612672e-10, 3.7594477531e-10, 5.54775503314e-10, 5.53911139178e-10, 4.0016875924e-10, 2.61442034688e-10, 3.20940551912e-10, 3.16533632638e-10, 1.48017820223e-10, 1.02639827193e-10, 1.39695865986e-10, 8.19697712484e-11, 5.06187071425e-11, 3.41027033002e-11, 2.85394537863e-11]
    },
    "mfcc": {
        "mean": [-637.936462402, 52.5715179443, 3.24020290375, 30.7218265533, 10.4513406754, 18.1984519958, 4.83434247971, 9.06820201874, 5.73650598526, 4.3097205162, 3.48982834816, 5.56696653366, 2.74151968956],
        "cov": [[12042.5576172, 691.282104492, -352.76159668, 536.123352051, 343.310089111, 406.106903076, 157.595626831, 123.051612854, 39.5795593262, -10.7797470093, 169.921401978, 245.443115234, 182.130752563], [691.282104492, 1342.82666016, 43.9698944092, 398.525268555, -37.8644676208, -52.9961395264, -153.735702515, -113.571487427, -73.8895111084, -88.1416168213, -68.4224014282, -35.8175430298, -76.3155593872], [-352.76159668, 43.9698944092, 861.770874023, 223.382919312, 280.277557373, 262.150787354, 218.582839966, 102.784309387, 114.809249878, 58.9423942566, 50.9435806274, 39.838142395, 13.2897109985], [536.123352051, 398.525268555, 223.382919312, 499.61807251, 187.100830078, 207.788513184, 89.8839416504, 47.7269096375, 24.3617725372, -11.6316165924, 31.5105743408, 41.6907539368, 10.2662734985], [343.310089111, -37.8644676208, 280.277557373, 187.100830078, 310.29989624, 263.269805908, 183.280670166, 94.4792861938, 77.7050323486, 58.8715362549, 67.7812576294, 69.8319854736, 48.9094657898], [406.106903076, -52.9961395264, 262.150787354, 207.788513184, 263.269805908, 343.778686523, 229.77684021, 132.062393188, 113.484832764, 66.3210372925, 77.3722763062, 69.4472198486, 44.7080116272], [157.595626831, -153.735702515, 218.582839966, 89.8839416504, 183.280670166, 229.77684021, 259.75579834, 173.753082275, 148.112869263, 95.0609436035, 92.0788497925, 77.3798446655, 58.3799285889], [123.051612854, -113.571487427, 102.784309387, 47.7269096375, 94.4792861938, 132.062393188, 173.753082275, 200.921234131, 155.121047974, 108.041893005, 83.9602508545, 67.4078598022, 54.5840301514], [39.5795593262, -73.8895111084, 114.809249878, 24.3617725372, 77.7050323486, 113.484832764, 148.112869263, 155.121047974, 218.191741943, 140.974487305, 99.5984344482, 75.0192184448, 54.9051589966], [-10.7797470093, -88.1416168213, 58.9423942566, -11.6316165924, 58.8715362549, 66.3210372925, 95.0609436035, 108.041893005, 140.974487305, 173.383758545, 119.901435852, 91.0823822021, 73.6413803101], [169.921401978, -68.4224014282, 50.9435806274, 31.5105743408, 67.7812576294, 77.3722763062, 92.0788497925, 83.9602508545, 99.5984344482, 119.901435852, 189.072021484, 149.435653687, 114.08883667], [245.443115234, -35.8175430298, 39.838142395, 41.6907539368, 69.8319854736, 69.4472198486, 77.3798446655, 67.4078598022, 75.0192184448, 91.0823822021, 149.435653687, 173.884155273, 133.76574707], [182.130752563, -76.3155593872, 13.2897109985, 10.2662734985, 48.9094657898, 44.7080116272, 58.3799285889, 54.5840301514, 54.9051589966, 73.6413803101, 114.08883667, 133.76574707, 156.811584473]],
