{
"lowlevel": {
    "average_loudness": 0.893691301346,
    "barkbands_crest": {
        "dmean": 2.52434134483,
        "dmean2": 4.00548124313,
        "dvar": 8.3665189743,
        "dvar2": 19.4427967072,
        "max": 26.4861011505,
        "mean": 11.9842185974,
        "median": 11.2952032089,
        "min": 1.98618924618,
        "var": 28.6188220978
    },
    "barkbands_flatness_db": {
        "dmean": 0.0220879688859,
        "dmean2": 0.033465821296,
        "dvar": 0.000750429346226,
        "dvar2": 0.00170764909126,
        "max": 0.448223203421,
        "mean": 0.121821679175,
        "median": 0.111909911036,
        "min": 0.0135704195127,
        "var": 0.00264978897758
    },
    "barkbands_kurtosis": {
        "dmean": 3.11225032806,
        "dmean2": 4.86937093735,
        "dvar": 63.5638847351,
        "dvar2": 146.160446167,
        "max": 203.184844971,
        "mean": 4.30981206894,
        "median": 1.6874256134,
        "min": -1.87096345425,
        "var": 107.974327087
    },
    "barkbands_skewness": {
        "dmean": 0.595323741436,
        "dmean2": 0.904328882694,
        "dvar": 0.613308668137,
        "dvar2": 1.33910882473,
        "max": 13.5481567383,
        "mean": 1.72545933723,
        "median": 1.65184736252,
        "min": -2.98359131813,
        "var": 2.11801433563
    },
    "barkbands_spread": {
        "dmean": 8.55759906769,
        "dmean2": 13.1463193893,
        "dvar": 103.162689209,
        "dvar2": 252.963943481,
        "max": 113.037254333,
        "mean": 33.8762626648,
        "median": 32.0126991272,
        "min": 0.772658586502,
        "var": 256.041290283
    },
    "dissonance": {
        "dmean": 0.0108497627079,
        "dmean2": 0.0181557070464,
        "dvar": 0.000124593556393,
        "dvar2": 0.000342052662745,
        "max": 0.500000119209,
        "mean": 0.47907269001,
        "median": 0.483682721853,
        "min": 0.3528239429,
        "var": 0.000322022009641
    },
    "dynamic_complexity": 3.02364253998,
    "erbbands_crest": {
        "dmean": 2.22035312653,
        "dmean2": 3.70583629608,
        "dvar": 5.04839706421,
        "dvar2": 13.1608963013,
        "max": 26.7438220978,
        "mean": 6.8486199379,
        "median": 5.9529709816,
        "min": 2.19961023331,
        "var": 10.6319637299
    },
    "erbbands_flatness_db": {
        "dmean": 0.0133844045922,
        "dmean2": 0.0199044160545,
        "dvar": 0.000225609022891,
        "dvar2": 0.000439917494077,
        "max": 0.370290637016,
        "mean": 0.120543472469,
        "median": 0.110500246286,
        "min": 0.0414405800402,
        "var": 0.00182600039989
    },
    "erbbands_kurtosis": {
        "dmean": 0.694722950459,
        "dmean2": 1.12069630623,
        "dvar": 0.816408276558,
        "dvar2": 2.11494088173,
        "max": 14.8294315338,
        "mean": -0.0798126012087,
        "median": -0.377582073212,
        "min": -1.85948216915,
        "var": 1.61026918888
    },
    "erbbands_skewness": {
        "dmean": 0.321206986904,
        "dmean2": 0.488106876612,
        "dvar": 0.100864946842,
        "dvar2": 0.227633997798,
        "max": 3.57672548294,
        "mean": -0.300257414579,
        "median": -0.3254583776,
        "min": -2.85798215866,
        "var": 0.405908823013
    },
    "erbbands_spread": {
        "dmean": 9.77380371094,
        "dmean2": 15.0225257874,
        "dvar": 111.732505798,
        "dvar2": 251.810440063,
        "max": 162.70362854,
        "mean": 51.4613189697,
        "median": 51.6706924438,
        "min": 5.99191522598,
        "var": 353.701477051
    },
    "hfc": {
        "dmean": 10.506983757,
        "dmean2": 15.6183176041,
        "dvar": 300.238739014,
        "dvar2": 717.231628418,
        "max": 222.464584351,
        "mean": 33.7997207642,
        "median": 26.9035701752,
        "min": 1.07649106247e-16,
        "var": 837.895568848
    },
    "melbands_crest": {
        "dmean": 3.38815498352,
        "dmean2": 5.32196903229,
        "dvar": 17.9508094788,
        "dvar2": 39.2655754089,
        "max": 38.196811676,
        "mean": 20.0753650665,
        "median": 19.5796012878,
        "min": 1.49095606804,
        "var": 79.7912445068
    },
    "melbands_flatness_db": {
        "dmean": 0.0268906913698,
        "dmean2": 0.0406041331589,
        "dvar": 0.00130653334782,
        "dvar2": 0.00288288155571,
        "max": 0.541926920414,
        "mean": 0.177342399955,
        "median": 0.175464764237,
        "min": 0.00241243699566,
        "var": 0.00432006409392
    },
    "melbands_kurtosis": {
        "dmean": 12.1722021103,
        "dmean2": 19.0729045868,
        "dvar": 894.595581055,
        "dvar2": 2006.70935059,
        "max": 821.964172363,
        "mean": 23.8463993073,
        "median": 14.6604194641,
        "min": -1.78766071796,
        "var": 1690.68981934
    },
    "melbands_skewness": {
        "dmean": 0.977372050285,
        "dmean2": 1.50007283688,
        "dvar": 1.90749120712,
        "dvar2": 4.22705125809,
        "max": 26.9446640015,
        "mean": 3.79984021187,
        "median": 3.52645158768,
        "min": -1.91292059422,
        "var": 5.8481221199
    },
    "melbands_spread": {
        "dmean": 10.0653963089,
        "dmean2": 15.9701471329,
        "dvar": 209.973190308,
        "dvar2": 491.266296387,
        "max": 247.178649902,
        "mean": 30.8743743896,
        "median": 23.3291988373,
        "min": 0.518937051296,
        "var": 657.580505371
    },
    "pitch_salience": {
        "dmean": 0.0799555629492,
        "dmean2": 0.125313416123,
        "dvar": 0.00866348855197,
        "dvar2": 0.0198791027069,
        "max": 0.979491472244,
        "mean": 0.4670997262,
        "median": 0.491596996784,
        "min": 0.0227950103581,
        "var": 0.0287744998932
    },
    "silence_rate_20dB": {
        "dmean": 0,
        "dmean2": 0,
        "dvar": 0,
        "dvar2": 0,
        "max": 1,
        "mean": 1,
        "median": 1,
        "min": 1,
        "var": 0
    },
    "silence_rate_30dB": {
        "dmean": 0.00310726836324,
        "dmean2": 0.00621495628729,
        "dvar": 0.00309789553285,
        "dvar2": 0.0086079640314,
        "max": 1,
        "mean": 0.997973680496,
        "median": 1,
        "min": 0,
        "var": 0.00202207523398
    },
    "silence_rate_60dB": {
        "dmean": 0.00405295845121,
        "dmean2": 0.0081064645201,
        "dvar": 0.00403641723096,
        "dvar2": 0.00898683723062,
        "max": 1,
        "mean": 0.0640999674797,
        "median": 0,
        "min": 0,
        "var": 0.0599914081395
    },
    "spectral_centroid": {
        "dmean": 320.118225098,
        "dmean2": 497.005584717,
        "dvar": 127867.46875,
        "dvar2": 293697.875,
        "max": 11771.6767578,
        "mean": 2245.01928711,
        "median": 2237.98364258,
        "min": 177.851531982,
        "var": 1155811.625
    },
    "spectral_complexity": {
        "dmean": 4.49594688416,
        "dmean2": 6.95210409164,
        "dvar": 27.9239253998,
        "dvar2": 63.6087493896,
        "max": 64,
        "mean": 24.0594387054,
        "median": 21,
        "min": 0,
        "var": 190.711502075
    },
    "spectral_decrease": {
        "dmean": 2.33267405392e-09,
        "dmean2": 3.74332032038e-09,
        "dvar": 1.32585347587e-17,
        "dvar2": 3.19204564696e-17,
        "max": 2.13362848886e-28,
        "mean": -1.02291757287e-08,
        "median": -9.49132772377e-09,
        "min": -3.71254209597e-08,
        "var": 5.25663187674e-17
    },
    "spectral_energy": {
        "dmean": 0.00895909965038,
        "dmean2": 0.0142831169069,
        "dvar": 0.00018363968411,
        "dvar2": 0.000436220987467,
        "max": 0.142201378942,
        "mean": 0.0416729524732,
        "median": 0.0410703346133,
        "min": 1.00358455222e-20,
        "var": 0.000808436074294
    },
    "spectral_energyband_high": {
        "dmean": 0.0011060416,
        "dmean2": 0.00162508804351,
        "dvar": 4.11281780544e-06,
        "dvar2": 9.59992757998e-06,
        "max": 0.0256364122033,
        "mean": 0.0025930989068,
        "median": 0.00157946732361,
        "min": 6.96144702208e-21,
        "var": 8.80708466866e-06
    },
    "spectral_energyband_low": {
        "dmean": 0.00706145865843,
        "dmean2": 0.0112037593499,
        "dvar": 0.000160284282174,
        "dvar2": 0.000365502259228,
        "max": 0.137628242373,
        "mean": 0.026669928804,
        "median": 0.0172425080091,
        "min": 1.41647438157e-23,
        "var": 0.00061488506617
    },
    "spectral_energyband_middle_high": {
        "dmean": 0.00172971910797,
        "dmean2": 0.00274858158082,
        "dvar": 6.14574491919e-06,
        "dvar2": 1.55265188369e-05,
        "max": 0.0337421409786,
        "mean": 0.00540976878256,
        "median": 0.00385033455677,
        "min": 1.14475647449e-21,
        "var": 2.47628195211e-05
    },
    "spectral_energyband_middle_low": {
        "dmean": 0.0045330687426,
        "dmean2": 0.00707988673821,
        "dvar": 0.000104523016489,
        "dvar2": 0.000254471960943,
        "max": 0.102854035795,
        "mean": 0.00812349840999,
        "median": 0.00579199008644,
        "min": 1.4988661384e-22,
        "var": 0.000110073182441
    },
    "spectral_entropy": {
        "dmean": 0.122688896954,
        "dmean2": 0.186814472079,
        "dvar": 0.0228176005185,
        "dvar2": 0.0542154945433,
        "max": 9.82841110229,
        "mean": 8.02460575104,
        "median": 8.02661800385,
        "min": 5.61074590683,
        "var": 0.114367760718
    },
    "spectral_flux": {
        "dmean": 0.0251842960715,
        "dmean2": 0.039031278342,
        "dvar": 0.00109247374348,
        "dvar2": 0.00236815633252,
        "max": 0.373730450869,
        "mean": 0.0900761708617,
        "median": 0.07809689641,
        "min": 6.41341910135e-11,
        "var": 0.00305680069141
    },
    "spectral_kurtosis": {
        "dmean": 0.627682387829,
        "dmean2": 0.989734768867,
        "dvar": 0.599985778332,
        "dvar2": 1.61788451672,
        "max": 26.2744235992,
        "mean": 2.30545735359,
        "median": 2.21481275558,
        "min": -1.26153337955,
        "var": 2.28321075439
    },
    "spectral_rms": {
        "dmean": 0.000671183282975,
        "dmean2": 0.00104853347875,
        "dvar": 9.35114030653e-07,
        "dvar2": 2.02511887437e-06,
        "max": 0.0117784999311,
        "mean": 0.00585127202794,
        "median": 0.00632997788489,
        "min": 3.12906840196e-12,
        "var": 6.41920996713e-06
    },
    "spectral_rolloff": {
        "dmean": 894.54864502,
        "dmean2": 1455.85864258,
        "dvar": 1842255.5,
        "dvar2": 4346423,
        "max": 19789.0136719,
        "mean": 2243.60180664,
        "median": 1485.79101562,
        "min": 43.06640625,
        "var": 7312308.5
    },
    "spectral_skewness": {
        "dmean": 0.121460832655,
        "dmean2": 0.187683939934,
        "dvar": 0.0152396922931,
        "dvar2": 0.0358225703239,
        "max": 3.80672335625,
        "mean": 1.14107656479,
        "median": 1.14340925217,
        "min": -0.0987652093172,
        "var": 0.0716915056109
    },
    "spectral_spread": {
        "dmean": 525938.625,
        "dmean2": 748518.375,
        "dvar": 476700672000,
        "dvar2": 853028306944,
        "max": 42727040,
        "mean": 6139361,
        "median": 5659415.5,
        "min": 1746206.75,
        "var": 1.36236792545e+13
    },
    "spectral_strongpeak": {
        "dmean": 0.318117260933,
        "dmean2": 0.550784111023,
        "dvar": 0.571989834309,
        "dvar2": 1.49745774269,
        "max": 11.3126115799,
        "mean": 0.618810236454,
        "median": 0.386790424585,
        "min": 0,
        "var": 0.754938840866
    },
    "zerocrossingrate": {
        "dmean": 0.015058318153,
        "dmean2": 0.0176253598183,
        "dvar": 0.000334727228619,
        "dvar2": 0.000383998441976,
        "max": 0.8505859375,
        "mean": 0.087027579546,
        "median": 0.07421875,
        "min": 0.00390625,
        "var": 0.00411989307031
    },
    "barkbands": {
        "dmean": [0.00161222508177, 0.00568942492828, 0.00127734860871, 0.00259551801719, 0.00148248719051, 0.000854697660543, 0.000503390561789, 0.000312027492328, 0.000541538989637, 0.000269918440608, 0.000177052992512, 0.000287878268864, 0.00026978563983, 0.000393993395846, 0.000365971529391, 0.000433450477431, 0.000239099885221, 0.00025000597816, 0.000425912439823, 0.000255670514889, 0.000278308987617, 0.000233224156545, 0.000248120632023, 0.00020466693968, 0.000191065788385, 7.99673507572e-05, 1.4904312593e-05],
        "dmean2": [0.00242582242936, 0.00898652523756, 0.00209171907045, 0.00408921157941, 0.0025570448488, 0.00136083865073, 0.000812684244011, 0.000521755951922, 0.000851949036587, 0.000428716622991, 0.0002950487833, 0.000466532103019, 0.000443105265731, 0.00063146778848, 0.00060328055406, 0.000722605793271, 0.000399938086048, 0.000417879753513, 0.000715622329153, 0.000423053657869, 0.000451103842352, 0.000371671543689, 0.000378186872695, 0.000292985030683, 0.000277003389783, 0.000120101431094, 2.51504770858e-05],
        "dvar": [1.33057064886e-05, 0.000117345167382, 2.40148656303e-05, 6.60151999909e-05, 1.58066250151e-05, 1.62445599017e-06, 7.82998597515e-07, 5.39683355782e-07, 1.22144479064e-06, 4.95544611567e-07, 1.70092334884e-07, 4.61912634364e-07, 3.62911691809e-07, 7.04071624114e-07, 5.69710493892e-07, 6.9386294399e-07, 2.54417386714e-07, 1.91592590681e-07, 4.041653483e-07, 1.56354388992e-07, 2.3986387987e-07, 1.80320711252e-07, 1.92860355241e-07, 1.65327506352e-07, 1.60221404144e-07, 3.34819212355e-08, 1.83837156609e-09],
        "dvar2": [2.54401620623e-05, 0.00025258329697, 6.14052332821e-05, 0.000161752905115, 4.52296371805e-05, 4.18268837166e-06, 1.95260554392e-06, 1.41956036259e-06, 2.80375752482e-06, 1.18835271223e-06, 4.2684311552e-07, 1.09965367301e-06, 8.79987851476e-07, 1.61600985393e-06, 1.4136065829e-06, 1.79434027814e-06, 6.87498754814e-07, 5.1865987416e-07, 1.08097913198e-06, 4.17339236947e-07, 6.47277772714e-07, 4.58446635321e-07, 4.26557136279e-07, 3.27429745539e-07, 3.39595231935e-07, 8.22268546585e-08, 5.00876851106e-09],
        "max": [0.0501778237522, 0.135064095259, 0.0731779485941, 0.0904242545366, 0.0495936535299, 0.0241308882833, 0.0179746821523, 0.0196304358542, 0.0225956998765, 0.0225134510547, 0.0164607111365, 0.0186752676964, 0.0190236568451, 0.0204781889915, 0.0205455385149, 0.0204521752894, 0.0190139114857, 0.00945149827749, 0.0130083998665, 0.00599082419649, 0.00737108057365, 0.00774050457403, 0.00555106019601, 0.005794307217, 0.00686618546024, 0.00403213175014, 0.000901347841136],
        "mean": [0.00454720435664, 0.0193660184741, 0.0016950184945, 0.00266160746105, 0.001733683981, 0.00149692443665, 0.000801788235549, 0.000382110039936, 0.000949284760281, 0.000454606342828, 0.000261845911155, 0.00045791635057, 0.000399465701776, 0.000615646946244, 0.000567379058339, 0.000717673450708, 0.000425388047006, 0.000462099880679, 0.000808507960755, 0.000531545141712, 0.000559745763894, 0.000453592627309, 0.000470319006126, 0.000374580209609, 0.00033079154673, 0.000130117230583, 1.79088419827e-05],
        "median": [0.000610447314102, 0.00911443401128, 0.000794173916802, 0.000504445517436, 0.00100925145671, 0.000883138447534, 0.000436307716882, 0.000125527687487, 0.000335413962603, 0.000154128327267, 9.52239861363e-05, 9.85684455372e-05, 0.000128424653667, 0.000265372887952, 0.000242726775468, 0.000346823799191, 0.000209331483347, 0.000230334611842, 0.000522035115864, 0.000335839635227, 0.000369430577848, 0.000256509025348, 0.000227319193073, 0.000152766515384, 0.000126817496493, 4.06675244449e-05, 2.29998386203e-06],
        "min": [6.10836692588e-26, 1.65457816185e-24, 9.93913366012e-25, 8.24483299903e-25, 6.71352105893e-24, 5.96690602177e-24, 5.93433316613e-24, 5.71942339529e-24, 9.9669703921e-24, 1.83984577421e-23, 1.04659864458e-23, 1.96271922212e-23, 2.74463420707e-23, 3.13567445105e-23, 3.34647417769e-23, 6.68136598403e-23, 5.7346300303e-23, 9.63027004271e-23, 1.07801149603e-22, 1.46286542969e-22, 1.90800815269e-22, 2.76741518473e-22, 3.37605583055e-22, 5.21821568089e-22, 8.74664132057e-22, 1.20058803564e-21, 1.84257066386e-21],
        "var": [6.426237087e-05, 0.000431513180956, 2.0375027816e-05, 6.46340631647e-05, 1.00904289866e-05, 3.17560738949e-06, 1.38222469559e-06, 5.80910295866e-07, 3.43391570823e-06, 1.11015810944e-06, 3.24152381381e-07, 1.2452461533e-06, 6.74909358622e-07, 1.35414347824e-06, 1.06539482658e-06, 1.34226809223e-06, 4.43270977257e-07, 4.20104754539e-07, 8.47008607252e-07, 3.69394541622e-07, 3.9417270159e-07, 3.3246357134e-07, 4.06554647725e-07, 3.43424517268e-07, 2.9039074434e-07, 5.29406740668e-08, 1.75031489302e-09]
    },
    "erbbands": {
        "dmean": [0.283785372972, 0.957216262817, 1.25631463528, 5.3654589653, 6.68682670593, 4.4130525589, 5.48862314224, 7.23653507233, 7.43740558624, 6.76891899109, 7.34231090546, 12.3080720901, 9.30528068542, 6.58554887772, 7.31206417084, 11.0751419067, 11.7016954422, 16.0108299255, 17.0836467743, 21.8038520813, 19.1380691528, 13.2917566299, 12.6194028854, 18.6269207001, 18.217010498, 11.5125808716, 12.8817825317, 9.4345407486, 8.44080066681, 7.50385665894, 7.27388763428, 4.50403118134, 3.48180103302, 2.54186654091, 1.15317356586, 0.400008231401, 0.14359331131, 0.029832623899, 0.0024131454993, 4.32269152952e-05],
        "dmean2": [0.436240524054, 1.47841918468, 1.98133122921, 8.25633335114, 11.1168718338, 7.50333070755, 8.99074649811, 11.4232501984, 12.0511283875, 11.039018631, 12.1111745834, 19.6089706421, 14.5461750031, 10.5439987183, 11.929224968, 17.9226016998, 19.1662940979, 25.2810459137, 27.8991470337, 35.9739532471, 31.513710022, 22.1869792938, 21.0706558228, 31.2705554962, 30.6235198975, 18.9576091766, 21.1446857452, 15.1057748795, 13.5730037689, 11.5030632019, 11.0221481323, 6.44756126404, 4.98166418076, 3.70171022415, 1.709202528, 0.58910793066, 0.218058496714, 0.048073746264, 0.00404214812443, 6.93288311595e-05],
        "dvar": [0.295595675707, 3.91159129143, 20.5968475342, 282.79095459, 409.737854004, 110.818496704, 77.4071502686, 125.661453247, 162.551269531, 251.759063721, 232.321899414, 727.040527344, 694.335327148, 211.11920166, 260.231109619, 644.1171875, 665.053405762, 1482.63964844, 991.72857666, 1475.90454102, 1381.30688477, 909.218383789, 500.196960449, 792.696350098, 796.127624512, 319.303527832, 452.200439453, 300.844726562, 262.46206665, 163.295852661, 169.924438477, 78.4416046143, 49.1178436279, 26.3578243256, 6.6766037941, 0.92140775919, 0.108426436782, 0.00524469884112, 6.515844143e-05, 1.32024133848e-08],
        "dvar2": [0.66449791193, 7.73280239105, 48.6932945251, 692.78894043, 1077.97387695, 317.353607178, 210.327377319, 315.416534424, 405.740692139, 609.347167969, 613.453552246, 1705.26306152, 1710.18969727, 513.338195801, 642.758300781, 1584.20446777, 1615.43334961, 3237.16625977, 2368.95019531, 3793.83398438, 3458.58569336, 2470.89233398, 1337.5612793, 2149.81860352, 2135.70605469, 842.974914551, 1203.89318848, 814.632568359, 691.460327148, 393.248016357, 355.023712158, 152.474182129, 99.4887771606, 57.3829536438, 14.6559514999, 2.11481118202, 0.268311530352, 0.0142348222435, 0.000179965456482, 3.54273197445e-08],
        "max": [5.2294716835, 30.7884311676, 72.5118789673, 216.790527344, 248.925262451, 125.628898621, 134.670135498, 242.334976196, 272.512329102, 428.185577393, 310.612640381, 623.806091309, 1100.51245117, 354.516357422, 537.590332031, 772.639953613, 1020.7545166, 1162.8470459, 697.970031738, 810.427734375, 926.336242676, 1223.9354248, 555.863098145, 517.921508789, 863.07598877, 331.214813232, 308.8878479, 321.683013916, 319.522857666, 155.800735474, 151.007583618, 134.203109741, 96.7211456299, 83.0043411255, 56.3406791687, 27.8632411957, 6.20341253281, 0.949311196804, 0.215408533812, 0.00302841095254],
        "mean": [0.95050317049, 2.818400383, 2.21242904663, 6.24639940262, 6.84386014938, 5.50484704971, 8.88112926483, 12.7658843994, 11.7596445084, 10.1750125885, 10.7900056839, 20.4737796783, 17.1187419891, 11.6477708817, 12.2820606232, 17.9478302002, 19.1245632172, 26.4617042542, 29.2279949188, 37.2324371338, 33.9692497253, 25.1446800232, 24.8479938507, 36.7464675903, 35.9780082703, 25.1774406433, 25.5896987915, 19.0129547119, 16.1747112274, 14.2707996368, 13.5007562637, 8.36723709106, 6.2412686348, 4.40512752533, 1.88533174992, 0.659794270992, 0.228945627809, 0.0441112853587, 0.00283810053952, 0.000105207051092],
        "median": [0.416936516762, 1.20130097866, 1.25965344906, 1.61289036274, 2.53188300133, 3.36353087425, 5.25074768066, 7.5608291626, 6.52998685837, 4.68229341507, 3.87032818794, 8.17997074127, 5.97269296646, 4.96025419235, 4.41736412048, 4.5825676918, 6.68226957321, 10.3601703644, 15.0809831619, 20.4325885773, 17.9919700623, 12.950345993, 12.8980426788, 23.2294826508, 23.3527832031, 16.3910293579, 17.1659679413, 11.8580293655, 9.28112030029, 7.35218143463, 6.26421546936, 3.46451044083, 2.46127724648, 1.70523691177, 0.655664563179, 0.214799880981, 0.0683278441429, 0.010945613496, 0.00036976809497, 7.55023138481e-05],
        "min": [4.95591860949e-23, 3.90222277267e-22, 1.34607862426e-21, 3.51338624002e-21, 1.76892654774e-20, 3.2972598595e-20, 2.73125377054e-20, 6.65236678568e-20, 7.70427233738e-20, 1.68732308005e-19, 2.44896979158e-19, 2.55445289727e-19, 3.65946667547e-19, 5.69918653255e-19, 1.0563664075e-18, 1.09064104977e-18, 1.75331704858e-18, 2.35371162054e-18, 2.59374040915e-18, 2.79200257388e-18, 3.77840304665e-18, 3.74214854758e-18, 5.84487475191e-18, 6.00100467894e-18, 7.60445583248e-18, 7.51933233e-18, 8.54641685401e-18, 9.85008079635e-18, 9.48123186223e-18, 1.02622706859e-17, 1.13185091905e-17, 1.12563953712e-17, 9.65569914267e-18, 8.09694097122e-18, 6.07845938996e-18, 3.87232816443e-18, 2.26258630234e-18, 8.72293285403e-19, 2.44760907947e-19, 2.56237547808e-20],
        "var": [1.05970716476, 15.0258150101, 21.8469333649, 292.62890625, 319.696594238, 76.1843948364, 111.805664062, 245.237442017, 281.16317749, 429.012298584, 370.552215576, 1761.27978516, 1269.87695312, 466.040100098, 609.295654297, 1592.46069336, 1394.51953125, 2955.02148438, 1993.9354248, 2779.84057617, 2665.03662109, 1524.17272949, 1179.57910156, 1780.2779541, 1664.03320312, 797.509033203, 786.055236816, 507.698364258, 438.510894775, 342.970794678, 357.814208984, 173.363220215, 97.948677063, 48.6276893616, 11.0920209885, 1.46353006363, 0.167442619801, 0.00667844666168, 5.49106043763e-05, 1.68490821295e-08]
    },
    "gfcc": {
        "mean": [18.4293575287, 40.9074630737, -109.227615356, 46.1900482178, -57.1302070618, 17.8416957855, -40.2574386597, 15.790263176, -19.9156780243, 12.7742347717, -14.320523262, 5.09830093384, -6.44759702682],
        "cov": [[23093.1015625, 947.77355957, 517.690917969, 1863.27075195, 347.682983398, 1058.73303223, 186.491333008, 674.824768066, -268.142120361, 352.900970459, -255.000656128, -9.13230800629, -459.143585205], [947.77355957, 1312.17944336, 451.580444336, 529.28717041, 308.913269043, 18.6377887726, 130.109039307, 89.7453231812, 78.2622146606, 47.0659103394, 62.2646102905, -39.5756988525, 27.3457393646], [517.690917969, 451.580444336, 1277.83374023, 568.732849121, 526.407104492, 236.678619385, 237.821258545, 144.449386597, 65.5054397583, 52.8466453552, -20.2189998627, -26.4235496521, -101.679679871], [1863.27075195, 529.28717041, 568.732849121, 761.999145508, 466.785644531, 244.643463135, 239.386535645, 175.530105591, 77.4049301147, 49.9835968018, 2.20592164993, -11.7242088318, -32.9103469849], [347.682983398, 308.913269043, 526.407104492, 466.785644531, 654.29888916, 268.53894043, 363.47064209, 151.855804443, 125.201171875, 41.9923095703, 38.8914794922, -8.35187339783, -35.1547317505], [1058.73303223, 18.6377887726, 236.678619385, 244.643463135, 268.53894043, 351.026245117, 236.238143921, 127.140022278, 53.0662498474, 56.5412864685, 37.0257377625, -1.66096127033, -16.1483745575], [186.491333008, 130.109039307, 237.821258545, 239.386535645, 363.47064209, 236.238143921, 385.649780273, 144.711883545, 122.349021912, 63.2914505005, 85.4008712769, 12.6366386414, 5.74547719955], [674.824768066, 89.7453231812, 144.449386597, 175.530105591, 151.855804443, 127.140022278, 144.711883545, 192.260131836, 107.538047791, 70.781036377, 36.7952308655, 24.2331295013, 25.6142883301], [-268.142120361, 78.2622146606, 65.5054397583, 77.4049301147, 125.201171875, 53.0662498474, 122.349021912, 107.538047791, 178.191574097, 82.2646179199, 68.041519165, 32.9262580872, 62.1495819092], [352.900970459, 47.0659103394, 52.8466453552, 49.9835968018, 41.9923095703, 56.5412864685, 63.2914505005, 70.781036377, 82.2646179199, 128.747253418, 72.8270339966, 33.5528755188, 41.6437568665], [-255.000656128, 62.2646102905, -20.2189998627, 2.20592164993, 38.8914794922, 37.0257377625, 85.4008712769, 36.7952308655, 68.041519165, 72.8270339966, 123.089996338, 43.4719200134, 53.2207145691], [-9.13230800629, -39.5756988525, -26.4235496521, -11.7242088318, -8.35187339783, -1.66096127033, 12.6366386414, 24.2331295013, 32.9262580872, 33.5528755188, 43.4719200134, 86.5149688721, 44.7459640503], [-459.143585205, 27.3457393646, -101.679679871, -32.9103469849, -35.1547317505, -16.1483745575, 5.74547719955, 25.6142883301, 62.1495819092, 41.6437568665, 53.2207145691, 44.7459640503, 122.928749084]],
        "icov": [[0.000114535585453, -9.075467824e-05, 0.00016596102796, -0.000279807689367, 0.000168000769918, -0.000313581898808, 9.14000775083e-05, -0.000322003470501, 0.000363139639376, -0.000580247782636, 0.00041814983706, -0.000327645218931, 0.000531222787686], [-9.075467824e-05, 0.00145779724699, -0.000340611353749, -0.000865642155986, -0.000235292420257, 0.00119898549747, -1.42839553519e-05, 0.000199760077521, -0.000123262172565, 0.000611357390881, -0.0016771776136, 0.00162294949405, -0.00113690900616], [0.00016596102796, -0.000340611353749, 0.0017007762799, -0.000791498692706, -0.000579008017667, -0.00059804006014, 0.000405062281061, -0.000514981104061, 0.000532348407432, -0.00156411563512, 0.00120023894124, -0.00082637561718, 0.001776649151], [-0.000279807689367, -0.000865642155986, -0.000791498692706, 0.00449270196259, -0.00198817742057, -0.000365897809388, 0.000314812728902, -0.000737907073926, -0.000154091903823, 0.000978359486908, 0.000420689029852, 1.16283479201e-06, -0.00121810997371], [0.000168000769918, -0.000235292420257, -0.000579008017667, -0.00198817742057, 0.00587288150564, -0.00109473487828, -0.0034007942304, 0.000790443562437, -0.00159808609169, 0.000461982563138, 0.00117110053543, -0.000700894801412, 0.00159813533537], [-0.000313581898808, 0.00119898549747, -0.00059804006014, -0.000365897809388, -0.00109473487828, 0.00748949823901, -0.00294242799282, -0.00106833560858, 0.00148138555232, -9.56677176873e-05, -0.0016825607745, 0.00231588864699, -0.00183074583765], [9.14000775083e-05, -1.42839553519e-05, 0.000405062281061, 0.000314812728902, -0.0034007942304, -0.00294242799282, 0.00905533507466, -0.00230801850557, -0.00124128186144, 0.00130301818717, -0.00419703265652, 0.000525355397258, 0.00127447221894], [-0.000322003470501, 0.000199760077521, -0.000514981104061, -0.000737907073926, 0.000790443562437, -0.00106833560858, -0.00230801850557, 0.0127687873319, -0.00606232555583, -0.000798271852545, 0.00178798113484, -0.00091953354422, -0.00144165835809], [0.000363139639376, -0.000123262172565, 0.000532348407432, -0.000154091903823, -0.00159808609169, 0.00148138555232, -0.00124128186144, -0.00606232555583, 0.0149731030688, -0.00603620009497, 0.000153866320034, -0.000166607656865, -0.00268951407634], [-0.000580247782636, 0.000611357390881, -0.00156411563512, 0.000978359486908, 0.000461982563138, -9.56677176873e-05, 0.00130301818717, -0.000798271852545, -0.00603620009497, 0.0190161783248, -0.00971828214824, 0.00115891278256, -0.00271473964676], [0.00041814983706, -0.0016771776136, 0.00120023894124, 0.000420689029852, 0.00117110053543, -0.0016825607745, -0.00419703265652, 0.00178798113484, 0.000153866320034, -0.00971828214824, 0.0206977427006, -0.00660836556926, -0.000363245460903], [-0.000327645218931, 0.00162294949405, -0.00082637561718, 1.16283479201e-06, -0.000700894801412, 0.00231588864699, 0.000525355397258, -0.00091953354422, -0.000166607656865, 0.00115891278256, -0.00660836556926, 0.0182560514659, -0.00608971482143], [0.000531222787686, -0.00113690900616, 0.001776649151, -0.00121810997371, 0.00159813533537, -0.00183074583765, 0.00127447221894, -0.00144165835809, -0.00268951407634, -0.00271473964676, -0.000363245460903, -0.00608971482143, 0.0166259501129]]
    },
    "melbands": {
        "dmean": [0.00200316752307, 0.00076202803757, 0.000968879961874, 0.00037542951759, 0.000185247321497, 0.000161998774274, 0.000106768377009, 7.30455867597e-05, 6.92391840857e-05, 7.48545135139e-05, 4.7508157877e-05, 2.89366907964e-05, 2.56444000115e-05, 2.80725271296e-05, 3.38491117873e-05, 2.61910026893e-05, 3.17218436976e-05, 3.05155990645e-05, 3.12229385599e-05, 3.4564116504e-05, 2.16085682041e-05, 1.53665714606e-05, 1.17996896734e-05, 1.38615005199e-05, 1.66366335179e-05, 1.80462011485e-05, 1.13388323371e-05, 7.95905270934e-06, 8.2894366642e-06, 7.70053702581e-06, 5.4714878388e-06, 5.43744363313e-06, 4.24285008194e-06, 4.55482404504e-06, 4.790220828e-06, 3.33731213686e-06, 2.77566709883e-06, 2.55902887147e-06, 2.48276433013e-06, 2.14387478081e-06],
        "dmean2": [0.0030935567338, 0.00116562168114, 0.00150822510477, 0.000631785776932, 0.000305398978526, 0.000256519328104, 0.000173036096385, 0.000119028016343, 0.000113385176519, 0.000118420131912, 7.40560426493e-05, 4.61186536995e-05, 4.24378922617e-05, 4.46096928499e-05, 5.50309232494e-05, 4.27054110332e-05, 5.0344846386e-05, 4.99869747728e-05, 5.12299084221e-05, 5.7194774854e-05, 3.54714611603e-05, 2.57356186921e-05, 1.98152883968e-05, 2.32108777709e-05, 2.80745862256e-05, 3.0444101867e-05, 1.9326020265e-05, 1.30881799123e-05, 1.3654713257e-05, 1.2765421161e-05, 8.84485780261e-06, 8.93199012353e-06, 6.79097729517e-06, 7.1527883847e-06, 7.33669367037e-06, 4.95218591823e-06, 4.10659458794e-06, 3.68344353774e-06, 3.69784333998e-06, 3.20515573549e-06],
        "dvar": [1.40761148941e-05, 3.43245892509e-06, 8.77545699041e-06, 1.04424827896e-06, 9.77184484441e-08, 5.99740843654e-08, 3.32137375381e-08, 2.92549415803e-08, 1.99421883451e-08, 2.46051019559e-08, 1.73124323766e-08, 4.16067180709e-09, 3.4962504003e-09, 5.43036771106e-09, 6.63722499183e-09, 3.81085163426e-09, 5.25001420115e-09, 3.73377195828e-09, 5.08351227779e-09, 5.31019939132e-09, 1.95454097351e-09, 1.49311463193e-09, 4.4453185577e-10, 6.62246590899e-10, 6.54631848729e-10, 8.72143968156e-10, 3.32757515986e-10, 1.58350027535e-10, 1.60130075866e-10, 2.27816390752e-10, 9.66891913756e-11, 1.1069604261e-10, 5.53229267952e-11, 6.01510091736e-11, 7.36326208339e-11, 3.84868838188e-11, 3.17800091798e-11, 2.57160941847e-11, 2.7368484215e-11, 1.89364079972e-11],
        "dvar2": [3.02621956507e-05, 7.112696494e-06, 2.16144653677e-05, 2.86204976874e-06, 2.69260880259e-07, 1.51649459212e-07, 8.3916006588e-08, 7.18843153891e-08, 5.1212925456e-08, 5.71739278143e-08, 4.20586232508e-08, 9.81446657278e-09, 8.58290771788e-09, 1.25959855879e-08, 1.4377532942e-08, 8.83811068775e-09, 1.15754925645e-08, 8.7105220814e-09, 1.25235555259e-08, 1.34750717251e-08, 4.80314454876e-09, 4.06599287572e-09, 1.18328058463e-09, 1.76110848127e-09, 1.78789283378e-09, 2.29634511406e-09, 9.22900256217e-10, 4.11059519756e-10, 4.15697837264e-10, 6.42526254424e-10, 2.54541970834e-10, 2.98520846931e-10, 1.34783961769e-10, 1.4989061381e-10, 1.61553909139e-10, 7.71352495765e-11, 6.4645337694e-11, 5.16570917986e-11, 6.09891442904e-11, 4.27326958541e-11],
        "max": [0.0376090444624, 0.0313507393003, 0.033230304718, 0.0135462898761, 0.0042163352482, 0.00507339229807, 0.00358737469651, 0.00511109223589, 0.00255020195618, 0.00361409620382, 0.00534329144284, 0.00165134505369, 0.0024292038288, 0.00258555426262, 0.00261433655396, 0.00145178916864, 0.00200395821594, 0.00149051402695, 0.0019949960988, 0.00194710458163, 0.00130988610908, 0.00174888712354, 0.000549363088794, 0.000714295951184, 0.000486484204885, 0.000760646711569, 0.00037074481952, 0.000239415632677, 0.000197189699975, 0.000235482628341, 0.000212568877032, 0.000209135338082, 0.000118809541164, 0.000100340723293, 0.000101571116829, 0.000100862082036, 8.58906496433e-05, 7.85599040682e-05, 9.44636776694e-05, 8.99347942322e-05],
        "mean": [0.0070042964071, 0.00195217656437, 0.00110721844248, 0.000426974613219, 0.000303182983771, 0.000292113574687, 0.000168750571902, 0.000102682213765, 0.000104458042188, 0.000126187704154, 8.57576014823e-05, 4.99069101352e-05, 4.05104656238e-05, 4.36597474618e-05, 5.31098012289e-05, 4.02403165936e-05, 5.03035917063e-05, 4.72887331853e-05, 4.7796547733e-05, 5.45131188119e-05, 3.4818524e-05, 2.58044965449e-05, 2.102597864e-05, 2.42762489506e-05, 3.00762294501e-05, 3.1988354749e-05, 2.05642318178e-05, 1.54166937136e-05, 1.59055725817e-05, 1.36040234793e-05, 1.03070915429e-05, 9.47610078583e-06, 7.9593346527e-06, 7.95053165348e-06, 8.3144641394e-06, 6.06008552495e-06, 4.7802473091e-06, 4.42024838776e-06, 4.16503235101e-06, 3.55935299012e-06],
        "median": [0.00312291202135, 0.000981463352218, 0.000319070648402, 0.000227147815167, 0.000188520803931, 0.000177262467332, 9.51438851189e-05, 4.40371586592e-05, 3.64085899491e-05, 4.8142952437e-05, 2.74734629784e-05, 1.97191893676e-05, 1.48124909174e-05, 8.54711288412e-06, 1.43472470882e-05, 1.31486394821e-05, 1.92714105651e-05, 2.23186816584e-05, 1.93903160834e-05, 2.45364062721e-05, 1.67703310581e-05, 1.21183820738e-05, 1.04411128632e-05, 1.22126020869e-05, 1.82413350558e-05, 1.99883925234e-05, 1.22329565784e-05, 9.20236925595e-06, 1.00505922092e-05, 8.47518094815e-06, 6.11229233982e-06, 5.39071652383e-06, 3.97944268116e-06, 3.97963594878e-06, 3.7730569602e-06, 2.48802916758e-06, 1.87320392797e-06, 1.67970790699e-06, 1.53810299253e-06, 1.35890843467e-06],
        "min": [7.64943332828e-25, 8.84509698333e-25, 1.59709406491e-24, 1.64909153565e-24, 1.62429744019e-24, 8.60800976865e-25, 1.15567343615e-24, 1.63465281729e-24, 1.82222293713e-24, 1.38316159412e-24, 1.72557465725e-24, 1.76113433749e-24, 2.13565117984e-24, 2.18090655225e-24, 2.26644076805e-24, 2.89883979019e-24, 3.88078347386e-24, 3.28852820268e-24, 3.13396471337e-24, 3.95749151943e-24, 2.88717490398e-24, 2.7310031245e-24, 3.58726174167e-24, 3.7356977539e-24, 4.72397717393e-24, 4.15701100844e-24, 3.75701514214e-24, 4.75498019637e-24, 3.65670753374e-24, 2.96280398504e-24, 5.0829151967e-24, 4.91114152344e-24, 5.0098670713e-24, 4.43431573257e-24, 5.0814672425e-24, 5.91098446106e-24, 5.19694898485e-24, 4.97769811245e-24, 5.50544724133e-24, 5.9577867897e-24],
        "var": [5.35050166945e-05, 7.9296032709e-06, 8.73729186424e-06, 7.46458113099e-07, 1.25063124301e-07, 1.19781546459e-07, 5.51885506184e-08, 4.49081163367e-08, 4.15104572937e-08, 6.17109989776e-08, 3.4127150883e-08, 1.00669428349e-08, 7.38518490806e-09, 1.33433628591e-08, 1.80711445807e-08, 7.23364657063e-09, 1.04078816676e-08, 6.85008538781e-09, 9.18086762169e-09, 9.7184011949e-09, 3.36901728737e-09, 2.10475303852e-09, 9.45864941926e-10, 1.33618749398e-09, 1.32069721825e-09, 1.53540102854e-09, 6.33694985375e-10, 3.56158824655e-10, 3.26753513136e-10, 2.92025764681e-10, 1.66193114826e-10, 1.62518623559e-10, 1.15869917827e-10, 1.12609206682e-10, 1.42225925481e-10, 8.65142263384e-11, 6.25217655426e-11, 5.10928868658e-11, 4.8347562065e-11, 3.25428052561e-11]
    },
    "mfcc": {
        "mean": [-616.798522949, 68.9317092896, 6.85254096985, 27.8589515686, 9.40684700012, 5.9469203949, -0.455021560192, 0.603649735451, 2.33318543434, 7.85748386383, 2.6515378952, -2.77050352097, 1.6085422039],
        "cov": [[9244.61328125, 1120.29882812, 607.194519043, 989.21472168, 483.226043701, 608.936035156, 618.232849121, 402.918762207, 272.122039795, 262.606903076, 156.923431396, 294.536102295, 154.942764282], [1120.29882812, 989.154174805, 370.73526001, 493.177337646, 232.545166016, 114.644393921, 128.75390625, 56.3225784302, 79.2749862671, 66.6011657715, 69.079498291, 65.8377609253, 35.2520599365], [607.194519043, 370.73526001, 648.339111328, 345.14956665, 225.409362793, 152.482177734, 115.375709534, 77.9334335327, 72.6418533325, 47.0511856079, 70.3056106567, 49.2238349915, 8.06968212128], [989.21472168, 493.177337646, 345.14956665, 673.065246582, 324.105072021, 221.296234131, 200.663803101, 169.748291016, 156.426452637, 89.0958099365, 72.2145309448, 99.8963317871, 40.7229499817], [483.226043701, 232.545166016, 225.409362793, 324.105072021, 310.753692627, 192.543762207, 155.215179443, 138.452804565, 114.316314697, 85.7156677246, 47.6457519531, 53.3860855103, 29.9635276794], [608.936035156, 114.644393921, 152.482177734, 221.296234131, 192.543762207, 298.144592285, 239.068161011, 155.468765259, 111.248962402, 96.6223144531, 54.320476532, 79.6547012329, 51.5706825256], [618.232849121, 128.75390625, 115.375709534, 200.663803101, 155.215179443, 239.068161011, 307.910369873, 174.204849243, 116.516921997, 108.685646057, 66.1154785156, 90.5010299683, 51.5460395813], [402.918762207, 56.3225784302, 77.9334335327, 169.748291016, 138.452804565, 155.468765259, 174.204849243, 212.126373291, 123.919296265, 83.143196106, 53.0352745056, 70.838684082, 45.9289054871], [272.122039795, 79.2749862671, 72.6418533325, 156.426452637, 114.316314697, 111.248962402, 116.516921997, 123.919296265, 166.922088623, 107.973197937, 51.7621955872, 54.8114624023, 48.3574028015], [262.606903076, 66.6011657715, 47.0511856079, 89.0958099365, 85.7156677246, 96.6223144531, 108.685646057, 83.143196106, 107.973197937, 174.055740356, 68.4521560669, 47.2356376648, 52.8939056396], [156.923431396, 69.079498291, 70.3056106567, 72.2145309448, 47.6457519531, 54.320476532, 66.1154785156, 53.0352745056, 51.7621955872, 68.4521560669, 101.626785278, 56.6752204895, 27.0176067352], [294.536102295, 65.8377609253, 49.2238349915, 99.8963317871, 53.3860855103, 79.6547012329, 90.5010299683, 70.838684082, 54.8114624023, 47.2356376648, 56.6752204895, 115.967384338, 53.76146698], [154.942764282, 35.2520599365, 8.06968212128, 40.7229499817, 29.9635276794, 51.5706825256, 51.5460395813, 45.9289054871, 48.3574028015, 52.8939056396, 27.0176067352, 53.76146698, 88.8671646118]],
