{
"lowlevel": {
    "average_loudness": 0.724123716354,
    "barkbands_crest": {
        "dmean": 3.01742553711,
        "dmean2": 4.67958974838,
        "dvar": 13.0062990189,
        "dvar2": 31.7338237762,
        "max": 26.9280090332,
        "mean": 12.1522951126,
        "median": 11.8141155243,
        "min": 1.74005019665,
        "var": 30.0441589355
    },
    "barkbands_flatness_db": {
        "dmean": 0.0301801413298,
        "dmean2": 0.0431197471917,
        "dvar": 0.00225268467329,
        "dvar2": 0.00443260464817,
        "max": 0.7235866189,
        "mean": 0.129897117615,
        "median": 0.0919117704034,
        "min": 0.0104557694867,
        "var": 0.00739852432162
    },
    "barkbands_kurtosis": {
        "dmean": 44.4063644409,
        "dmean2": 68.9062652588,
        "dvar": 390114.53125,
        "dvar2": 919978.125,
        "max": 34565.328125,
        "mean": 37.6183738708,
        "median": 0.371402263641,
        "min": -1.82191944122,
        "var": 407688.25
    },
    "barkbands_skewness": {
        "dmean": 1.10072422028,
        "dmean2": 1.58481264114,
        "dvar": 19.6797294617,
        "dvar2": 43.436340332,
        "max": 153.644790649,
        "mean": 1.93624007702,
        "median": 1.1680880785,
        "min": -3.93433952332,
        "var": 29.6089782715
    },
    "barkbands_spread": {
        "dmean": 7.81257772446,
        "dmean2": 12.1004104614,
        "dvar": 120.372894287,
        "dvar2": 271.752105713,
        "max": 131.678985596,
        "mean": 35.8087158203,
        "median": 35.5674247742,
        "min": 0.0102167269215,
        "var": 484.510986328
    },
    "dissonance": {
        "dmean": 0.0161482598633,
        "dmean2": 0.0275861453265,
        "dvar": 0.000423761463026,
        "dvar2": 0.00121526815929,
        "max": 0.500000178814,
        "mean": 0.466925501823,
        "median": 0.478089690208,
        "min": 0.0207120515406,
        "var": 0.00109991210047
    },
    "dynamic_complexity": 7.68224477768,
    "erbbands_crest": {
        "dmean": 2.95043110847,
        "dmean2": 4.64673471451,
        "dvar": 10.6256246567,
        "dvar2": 24.9883079529,
        "max": 31.7441749573,
        "mean": 9.61830329895,
        "median": 8.48993301392,
        "min": 1.87076628208,
        "var": 27.1694755554
    },
    "erbbands_flatness_db": {
        "dmean": 0.0158494804054,
        "dmean2": 0.0242358688265,
        "dvar": 0.000360435253242,
        "dvar2": 0.000784177042078,
        "max": 0.393825739622,
        "mean": 0.14597697556,
        "median": 0.117485061288,
        "min": 0.0204686354846,
        "var": 0.00549416663125
    },
    "erbbands_kurtosis": {
        "dmean": 0.914730370045,
        "dmean2": 1.48064565659,
        "dvar": 6.83684968948,
        "dvar2": 15.5858602524,
        "max": 87.1949005127,
        "mean": 0.199816942215,
        "median": -0.360040307045,
        "min": -1.89760673046,
        "var": 11.1613636017
    },
    "erbbands_skewness": {
        "dmean": 0.381457567215,
        "dmean2": 0.579192042351,
        "dvar": 0.244973570108,
        "dvar2": 0.536477327347,
        "max": 8.0059928894,
        "mean": 0.211295977235,
        "median": 0.00810107123107,
        "min": -2.56713151932,
        "var": 0.740201711655
    },
    "erbbands_spread": {
        "dmean": 10.9827680588,
        "dmean2": 16.0068645477,
        "dvar": 307.415100098,
        "dvar2": 538.650512695,
        "max": 193.68069458,
        "mean": 48.2201576233,
        "median": 41.3985977173,
        "min": 1.35089492798,
        "var": 1056.95202637
    },
    "hfc": {
        "dmean": 11.5378274918,
        "dmean2": 18.4918498993,
        "dvar": 480.721466064,
        "dvar2": 1276.27001953,
        "max": 202.461608887,
        "mean": 38.504070282,
        "median": 13.4823102951,
        "min": 1.14676415832e-16,
        "var": 1722.7442627
    },
    "melbands_crest": {
        "dmean": 4.09086704254,
        "dmean2": 6.58315467834,
        "dvar": 27.5031929016,
        "dvar2": 66.6992340088,
        "max": 39.9944419861,
        "mean": 19.5315208435,
        "median": 19.8757553101,
        "min": 1.51685094833,
        "var": 71.4117050171
    },
    "melbands_flatness_db": {
        "dmean": 0.0367034263909,
        "dmean2": 0.0526819899678,
        "dvar": 0.00295916944742,
        "dvar2": 0.00582965789363,
        "max": 0.717566609383,
        "mean": 0.18870049715,
        "median": 0.157784491777,
        "min": 0.00105315889232,
        "var": 0.00972231291234
    },
    "melbands_kurtosis": {
        "dmean": 83.3304977417,
        "dmean2": 126.280136108,
        "dvar": 1053222.75,
        "dvar2": 2491696,
        "max": 70944.171875,
        "mean": 81.3529510498,
        "median": 7.37904119492,
        "min": -1.55507910252,
        "var": 1016299.875
    },
    "melbands_skewness": {
        "dmean": 1.71893262863,
        "dmean2": 2.43862938881,
        "dvar": 29.6761436462,
        "dvar2": 61.6243362427,
        "max": 242.912231445,
        "mean": 3.97772550583,
        "median": 2.49259114265,
        "min": -1.850949049,
        "var": 49.8766174316
    },
    "melbands_spread": {
        "dmean": 10.9754457474,
        "dmean2": 17.8755245209,
        "dvar": 265.492462158,
        "dvar2": 653.953918457,
        "max": 216.70513916,
        "mean": 31.9132442474,
        "median": 29.4856681824,
        "min": 0.0101809846237,
        "var": 555.831665039
    },
    "pitch_salience": {
        "dmean": 0.0912206843495,
        "dmean2": 0.142618939281,
        "dvar": 0.0137924691662,
        "dvar2": 0.0323682427406,
        "max": 0.991998553276,
        "mean": 0.474423974752,
        "median": 0.469810038805,
        "min": 0.00170318607707,
        "var": 0.0271966662258
    },
    "silence_rate_20dB": {
        "dmean": 0,
        "dmean2": 0,
        "dvar": 0,
        "dvar2": 0,
        "max": 1,
        "mean": 1,
        "median": 1,
        "min": 1,
        "var": 0
    },
    "silence_rate_30dB": {
        "dmean": 0.00044513688772,
        "dmean2": 0.000890339841135,
        "dvar": 0.0004449027183,
        "dvar2": 0.00133457302582,
        "max": 1,
        "mean": 0.999777436256,
        "median": 1,
        "min": 0,
        "var": 0.000222493137699
    },
    "silence_rate_60dB": {
        "dmean": 0.0321982353926,
        "dmean2": 0.0644012466073,
        "dvar": 0.0311623942107,
        "dvar2": 0.0734630450606,
        "max": 1,
        "mean": 0.388501495123,
        "median": 0,
        "min": 0,
        "var": 0.237548097968
    },
    "spectral_centroid": {
        "dmean": 302.063171387,
        "dmean2": 453.940307617,
        "dvar": 193973.875,
        "dvar2": 348203.375,
        "max": 11699.4677734,
        "mean": 2031.03881836,
        "median": 2273.32104492,
        "min": 165.656265259,
        "var": 1003357.375
    },
    "spectral_complexity": {
        "dmean": 4.28726148605,
        "dmean2": 6.63273477554,
        "dvar": 49.2086524963,
        "dvar2": 95.5448379517,
        "max": 64,
        "mean": 17.9480705261,
        "median": 9,
        "min": 0,
        "var": 292.710327148
    },
    "spectral_decrease": {
        "dmean": 2.14082684913e-09,
        "dmean2": 3.55485285652e-09,
        "dvar": 1.39927195908e-17,
        "dvar2": 3.72036358809e-17,
        "max": 6.23794267488e-21,
        "mean": -7.5422299517e-09,
        "median": -3.52186901864e-09,
        "min": -3.29352261019e-08,
        "var": 5.9806250166e-17
    },
    "spectral_energy": {
        "dmean": 0.00817219633609,
        "dmean2": 0.0135342609137,
        "dvar": 0.000198372639716,
        "dvar2": 0.000525813200511,
        "max": 0.126313820481,
        "mean": 0.031958527863,
        "median": 0.0172937214375,
        "min": 1.04818582389e-20,
        "var": 0.00102449429687
    },
    "spectral_energyband_high": {
        "dmean": 0.00113430549391,
        "dmean2": 0.00179810088594,
        "dvar": 4.56410361949e-06,
        "dvar2": 1.20971226352e-05,
        "max": 0.0195021759719,
        "mean": 0.00331309507601,
        "median": 0.000994342612103,
        "min": 7.69652381993e-21,
        "var": 1.44054783959e-05
    },
    "spectral_energyband_low": {
        "dmean": 0.00676050735638,
        "dmean2": 0.0105827301741,
        "dvar": 0.000155981892021,
        "dvar2": 0.000374184804969,
        "max": 0.12174282968,
        "mean": 0.0172359123826,
        "median": 0.00100292172283,
        "min": 2.2603069012e-23,
        "var": 0.000448180158855
    },
    "spectral_energyband_middle_high": {
        "dmean": 0.0017421807861,
        "dmean2": 0.0028168214485,
        "dvar": 8.0696254372e-06,
        "dvar2": 1.93615433091e-05,
        "max": 0.027493769303,
        "mean": 0.00452280696481,
        "median": 0.00120345223695,
        "min": 1.10310784987e-21,
        "var": 2.97251062875e-05
    },
    "spectral_energyband_middle_low": {
        "dmean": 0.00480382237583,
        "dmean2": 0.00724075129256,
        "dvar": 0.000162400581758,
        "dvar2": 0.00037287271698,
        "max": 0.0997427627444,
        "mean": 0.00789382029325,
        "median": 0.00205593672581,
        "min": 1.72466791686e-22,
        "var": 0.000256382540101
    },
    "spectral_entropy": {
        "dmean": 0.164068162441,
        "dmean2": 0.254995584488,
        "dvar": 0.060593996197,
        "dvar2": 0.137493357062,
        "max": 9.81935405731,
        "mean": 7.78170681,
        "median": 8.07642555237,
        "min": 5.51459646225,
        "var": 0.428091228008
    },
    "spectral_flux": {
        "dmean": 0.0234131272882,
        "dmean2": 0.0345822609961,
        "dvar": 0.00127247604541,
        "dvar2": 0.00204212102108,
        "max": 0.3494117558,
        "mean": 0.0787382498384,
        "median": 0.0668949484825,
        "min": 6.36445687818e-11,
        "var": 0.00575150549412
    },
    "spectral_kurtosis": {
        "dmean": 1.80901551247,
        "dmean2": 3.10016441345,
        "dvar": 18.7139129639,
        "dvar2": 60.8113746643,
        "max": 59.5139656067,
        "mean": 5.52410554886,
        "median": 2.67917656898,
        "min": -1.23483550549,
        "var": 74.6574859619
    },
    "spectral_rms": {
        "dmean": 0.000626902619842,
        "dmean2": 0.00102839444298,
        "dvar": 1.02165404314e-06,
        "dvar2": 2.56045632341e-06,
        "max": 0.0111010354012,
        "mean": 0.00445455126464,
        "median": 0.00410754326731,
        "min": 3.19784346572e-12,
        "var": 1.1336017451e-05
    },
    "spectral_rolloff": {
        "dmean": 1037.66845703,
        "dmean2": 1787.89013672,
        "dvar": 2826825.5,
        "dvar2": 6880605.5,
        "max": 19595.2148438,
        "mean": 2795.30078125,
        "median": 2454.78515625,
        "min": 21.533203125,
        "var": 6178193
    },
    "spectral_skewness": {
        "dmean": 0.197098791599,
        "dmean2": 0.324796915054,
        "dvar": 0.0921775773168,
        "dvar2": 0.29022949934,
        "max": 5.79150819778,
        "mean": 1.52012979984,
        "median": 1.23617315292,
        "min": -0.0780999213457,
        "var": 0.640978515148
    },
    "spectral_spread": {
        "dmean": 619522.6875,
        "dmean2": 856880.4375,
        "dvar": 842492542976,
        "dvar2": 1.42092468224e+12,
        "max": 41820568,
        "mean": 5961933,
        "median": 5870969.5,
        "min": 996572.0625,
        "var": 7.80460569395e+12
    },
    "spectral_strongpeak": {
        "dmean": 0.284363806248,
        "dmean2": 0.477618902922,
        "dvar": 0.364872694016,
        "dvar2": 0.923356890678,
        "max": 9.19771575928,
        "mean": 0.60926514864,
        "median": 0.43460804224,
        "min": 0,
        "var": 0.5515011549
    },
    "zerocrossingrate": {
        "dmean": 0.0179061088711,
        "dmean2": 0.0221225321293,
        "dvar": 0.000407347921282,
        "dvar2": 0.000580708961934,
        "max": 0.658203125,
        "mean": 0.0995128080249,
        "median": 0.09765625,
        "min": 0,
        "var": 0.00342619349249
    },
    "barkbands": {
        "dmean": [0.000896766665392, 0.00581796700135, 0.00117746845353, 0.00251084775664, 0.0029914509505, 0.000555015052669, 0.000357152457582, 0.000347485445673, 0.000288982468192, 0.000285933667328, 0.000248095922871, 0.000289122603135, 0.000374532624846, 0.000207434757613, 0.000269902404398, 0.000209357764106, 0.000284367764834, 0.000259706081124, 0.000341351842508, 0.000298431055853, 0.000293689372484, 0.000219373585423, 0.000183782947715, 0.00023288866214, 0.000261314708041, 0.000149157945998, 6.43388993922e-05],
        "dmean2": [0.00149097084068, 0.00891779176891, 0.00201219087467, 0.00387629843317, 0.00513382721692, 0.00095562369097, 0.000564474496059, 0.000508625351358, 0.000445299956482, 0.000436894973973, 0.000387553649489, 0.00043945008656, 0.000578259292524, 0.000329208589392, 0.000458464637632, 0.000340007740306, 0.000480210263049, 0.000455497269286, 0.000573552038986, 0.000487416808028, 0.000480288203107, 0.000357187120244, 0.000296847429127, 0.000384856015444, 0.000422774581239, 0.000233682760154, 0.000102434569271],
        "dvar": [3.88180842492e-06, 0.000133759414894, 3.03618289763e-05, 6.98113726685e-05, 0.000119680415082, 3.07486629936e-06, 6.43885698537e-07, 7.46035937027e-07, 4.03086943379e-07, 6.8653901053e-07, 4.91538173719e-07, 7.14473117114e-07, 8.40543236791e-07, 3.5419463984e-07, 4.2898128072e-07, 2.33499861224e-07, 2.42939535156e-07, 2.5001415338e-07, 3.59980759868e-07, 2.55114628089e-07, 2.4238727292e-07, 1.14813403229e-07, 9.74907550244e-08, 2.04804024406e-07, 3.34449168804e-07, 8.19270411512e-08, 1.71519136671e-08],
        "dvar2": [9.50502726482e-06, 0.000324321328662, 7.92384307715e-05, 0.00016644479183, 0.00029959200765, 8.83485517988e-06, 1.6623191641e-06, 1.46521051647e-06, 8.1586097167e-07, 1.4293688082e-06, 9.49704201503e-07, 1.26299130443e-06, 1.71868953203e-06, 6.95502762937e-07, 1.03646300431e-06, 5.17130501976e-07, 6.65611310069e-07, 7.04327987933e-07, 9.85319161373e-07, 6.49154912935e-07, 6.41762142095e-07, 2.9905328347e-07, 2.58457163227e-07, 5.70569909542e-07, 8.74659292549e-07, 2.23659128551e-07, 4.01704944863e-08],
        "max": [0.0211661830544, 0.11725590378, 0.0530966520309, 0.0623407922685, 0.0951581075788, 0.0167585983872, 0.0157591030002, 0.0231052301824, 0.0138889895752, 0.0168418884277, 0.0106994798407, 0.018623849377, 0.0189587585628, 0.0151966651902, 0.0183715857565, 0.0158542916179, 0.00974249001592, 0.00498189451173, 0.00724304839969, 0.00667748879641, 0.00742870615795, 0.00487253488973, 0.00351403537206, 0.00414635566995, 0.00541087891906, 0.00358279421926, 0.00209457753226],
        "mean": [0.00216483836994, 0.0132600702345, 0.000898107944522, 0.00275664078072, 0.00270224711858, 0.000690827437211, 0.000514949613716, 0.000622737163212, 0.00043975468725, 0.000437173468526, 0.000371014990378, 0.000468235375592, 0.000617615994997, 0.000312723364914, 0.000360258156434, 0.000353482901119, 0.000430110405432, 0.000378879456548, 0.000603801978286, 0.000600487168413, 0.000641534745228, 0.000515924883075, 0.000407449027989, 0.000456376146758, 0.000459688628325, 0.000382554222597, 0.000110950713861],
        "median": [2.51661804214e-05, 0.000224836534471, 5.32810663572e-05, 7.21619871911e-05, 0.000226918506087, 0.000113859052362, 0.0001621152187, 0.000135115318699, 0.000151307336637, 6.97831783327e-05, 4.53275351902e-05, 4.27852428402e-05, 0.000102355370473, 3.93049995182e-05, 6.62048259983e-05, 6.65078187012e-05, 9.14281990845e-05, 7.06862047082e-05, 0.000100885416032, 0.000119021889986, 0.000142495075124, 0.000131697393954, 0.000129949767143, 0.000145282101585, 0.000145651021739, 0.000128320709337, 2.05208161788e-05],
        "min": [6.0942556834e-25, 4.51350671784e-24, 3.05132581431e-25, 8.85973725566e-25, 1.57755678074e-23, 9.71281755224e-24, 1.21499851751e-23, 1.67454486245e-23, 2.46001745232e-23, 2.82377683516e-23, 1.51953890106e-23, 1.98646724858e-23, 3.73592186928e-23, 4.25044945274e-23, 6.42901379807e-23, 8.68036854794e-23, 8.25351212559e-23, 1.44465157802e-22, 1.25308396471e-22, 1.99968439217e-22, 2.93601735315e-22, 3.48167812109e-22, 4.08462104547e-22, 6.83574909241e-22, 8.88989341225e-22, 1.44519580369e-21, 2.07496701656e-21],
        "var": [1.45653302752e-05, 0.000321891857311, 2.2037911549e-05, 8.69208815857e-05, 9.9823839264e-05, 2.60300771515e-06, 9.44103135225e-07, 2.16591365643e-06, 8.78326886777e-07, 1.60874742505e-06, 1.18421587558e-06, 2.02974570129e-06, 2.2880767574e-06, 8.98558312201e-07, 6.53300048725e-07, 7.18425951618e-07, 4.19242667249e-07, 3.18497257012e-07, 7.62275249144e-07, 7.13247231943e-07, 7.18566241176e-07, 4.0876804519e-07, 2.47485303362e-07, 3.56934464207e-07, 4.8964909638e-07, 2.1436211739e-07, 3.72156563344e-08]
    },
    "erbbands": {
        "dmean": [0.275436967611, 0.914953708649, 1.17723107338, 4.62873125076, 11.23371315, 8.40680217743, 4.76737546921, 4.63103246689, 5.64896440506, 5.28325986862, 7.00342941284, 7.55083179474, 6.81581115723, 7.63203811646, 11.7639627457, 14.7589159012, 17.8902492523, 11.7562532425, 14.3710374832, 10.4707288742, 10.550778389, 12.3783998489, 13.9422006607, 16.4444999695, 16.7537479401, 15.5733375549, 13.19277668, 10.4300737381, 7.42695426941, 6.85739994049, 5.51700115204, 4.74563312531, 3.91763114929, 3.14433002472, 1.84707117081, 0.722775876522, 0.279398858547, 0.119943499565, 0.00544098485261, 8.830371371e-05],
        "dmean2": [0.425867676735, 1.38375604153, 1.76887524128, 7.32660865784, 18.111328125, 14.8440513611, 8.44006156921, 7.85721063614, 8.82004261017, 8.11394119263, 10.1884803772, 11.4420337677, 10.3370113373, 12.0946712494, 18.0426368713, 22.5066356659, 27.744966507, 18.3186416626, 23.8931694031, 17.5683994293, 17.5028972626, 20.9093551636, 24.2632141113, 27.8162136078, 28.0894088745, 25.4243907928, 21.8590946198, 16.9990463257, 12.1113481522, 11.3309144974, 8.81761169434, 7.64109230042, 6.64487457275, 5.17855834961, 2.94450306892, 1.13506257534, 0.441369324923, 0.188529893756, 0.00868675671518, 0.000138841860462],
        "dvar": [0.28115478158, 4.64814329147, 22.4310379028, 247.061416626, 1459.95373535, 994.122680664, 263.62588501, 176.838470459, 163.673294067, 171.706268311, 354.508544922, 271.265350342, 456.568847656, 624.764404297, 1104.61242676, 1761.16491699, 2011.23022461, 1016.52362061, 1381.63671875, 458.708740234, 395.984191895, 441.550201416, 685.279907227, 943.538146973, 948.232116699, 734.64050293, 513.346374512, 272.889709473, 135.997543335, 145.186080933, 85.4696731567, 70.3138198853, 74.2393798828, 47.7060432434, 15.753818512, 2.04038691521, 0.295920848846, 0.0482573769987, 0.000102686732134, 2.19109885791e-08],
        "dvar2": [0.666940450668, 10.8056192398, 52.1280403137, 602.955627441, 3593.73339844, 2683.71411133, 758.018554688, 501.448425293, 419.970062256, 354.001922607, 688.899475098, 527.257995605, 907.258850098, 1398.11071777, 2082.38500977, 3165.98120117, 4222.578125, 1985.43920898, 3239.43188477, 1133.60021973, 964.442993164, 1205.4029541, 1918.31018066, 2530.75048828, 2561.08227539, 1871.98327637, 1370.48132324, 722.291687012, 351.135803223, 381.927032471, 221.531219482, 185.95880127, 211.58656311, 125.278213501, 41.5051422119, 5.4574341774, 0.798399090767, 0.113357201219, 0.000250109354965, 5.36793294259e-08],
        "max": [5.11381340027, 26.3006305695, 49.1672668457, 135.41809082, 345.092468262, 315.169708252, 157.119247437, 137.575531006, 249.950454712, 289.559509277, 632.819946289, 417.926391602, 578.53717041, 661.129760742, 520.734802246, 952.543518066, 1053.18725586, 795.524719238, 1129.65063477, 571.977661133, 693.349060059, 411.630187988, 339.766448975, 467.130432129, 454.032745361, 393.852966309, 344.885192871, 266.102600098, 202.852432251, 210.71723938, 107.786476135, 85.1072769165, 88.6679992676, 61.5219993591, 33.5521850586, 15.828335762, 8.10886287689, 3.35451054573, 0.242276847363, 0.00292343413457],
        "mean": [0.66815841198, 1.82852518559, 1.28804671764, 5.14298868179, 11.3989315033, 7.37538528442, 5.14753437042, 6.02422142029, 8.50968551636, 8.50280380249, 13.0882530212, 12.4144802094, 10.6197166443, 11.782790184, 19.550535202, 25.513917923, 30.3874530792, 19.4971523285, 19.8854789734, 17.038482666, 18.4492111206, 19.9207420349, 21.4991893768, 27.5937709808, 29.9811115265, 31.0037899017, 26.9822158813, 23.6247730255, 17.9125156403, 15.2316865921, 11.8891553879, 9.65602684021, 7.07070064545, 5.33275270462, 3.19030880928, 1.52878630161, 0.688926756382, 0.273520588875, 0.0110218012705, 0.000239077955484],
        "median": [0.00621712114662, 0.0622382983565, 0.155123591423, 0.242513239384, 0.601687908173, 0.693669915199, 0.735095381737, 1.13451457024, 2.69837284088, 2.75299811363, 3.20453453064, 4.76140737534, 2.23608398438, 2.35741615295, 2.89198637009, 3.01158761978, 5.39529800415, 3.47079467773, 3.68278765678, 3.4942471981, 4.06722736359, 4.34141540527, 4.53384590149, 4.52967405319, 5.18758869171, 6.05603694916, 5.33141136169, 5.88050746918, 4.68010139465, 4.12422990799, 3.7450273037, 3.1572034359, 2.22042870522, 1.61724948883, 0.995454609394, 0.530250906944, 0.210028350353, 0.0692116692662, 0.00275714928284, 9.65103681665e-05],
        "min": [2.66766504855e-22, 8.34641191989e-22, 1.76906468044e-21, 3.9403249311e-21, 1.17709739871e-20, 4.27836844429e-20, 1.25393924644e-19, 5.68686024895e-20, 1.90552996522e-19, 3.49327006379e-19, 3.24163732705e-19, 3.93324949956e-19, 6.22782111842e-19, 1.5042803665e-18, 1.74509280534e-18, 1.18224520215e-18, 1.74356479595e-18, 3.01498875354e-18, 2.79263702141e-18, 3.46879037734e-18, 4.27230266423e-18, 5.73418226952e-18, 6.67149619037e-18, 7.81245784213e-18, 7.72498431953e-18, 9.34902275774e-18, 1.00224735078e-17, 1.03254052461e-17, 1.08292624639e-17, 1.29592740479e-17, 1.02488687056e-17, 9.99932320401e-18, 1.01774474499e-17, 9.22200503878e-18, 7.16908834221e-18, 4.23407451222e-18, 2.68584324805e-18, 9.95514245352e-19, 2.7970021569e-19, 2.85231456124e-20],
        "var": [0.787952363491, 9.35797405243, 22.9549827576, 270.826690674, 1615.80090332, 704.331726074, 182.025894165, 170.764541626, 261.640106201, 373.741668701, 1062.76000977, 645.534790039, 1092.16918945, 1389.79528809, 2844.35571289, 4998.34716797, 5187.52783203, 2668.05053711, 2189.12255859, 1020.11340332, 999.449707031, 808.036376953, 965.050598145, 1808.23876953, 2029.08862305, 1997.30969238, 1373.01013184, 896.515441895, 496.703399658, 387.692016602, 219.447418213, 157.114242554, 96.978805542, 66.1192474365, 24.2363128662, 4.30905151367, 0.734374940395, 0.145778119564, 0.000273094396107, 8.46528251941e-08]
    },
    "gfcc": {
        "mean": [-50.1266975403, 30.9461555481, -105.513397217, 20.7611064911, -52.8660545349, 9.74407672882, -34.6456108093, 12.3644771576, -22.1202354431, 11.8093156815, -15.9797134399, 5.04001665115, -15.2568149567],
        "cov": [[34945.2421875, -4336.50976562, 2222.47973633, 3333.88671875, 188.835388184, 1812.26428223, 860.732971191, 705.472900391, -250.182159424, 975.002380371, 133.549957275, 1059.11328125, 73.6769714355], [-4336.50976562, 3875.14257812, -684.20098877, -874.458435059, 116.967544556, -886.15814209, -467.025421143, -282.182647705, 77.2236328125, -385.857177734, 59.9676055908, -325.076049805, 101.313247681], [2222.47973633, -684.20098877, 1848.54406738, 1251.03393555, 266.24230957, 537.372558594, 165.385116577, 108.42124939, -85.5542526245, 53.3619804382, -47.6815223694, 131.584884644, 20.1096897125], [3333.88671875, -874.458435059, 1251.03393555, 1360.61230469, 263.94152832, 631.651245117, 260.580474854, 188.155426025, -14.88875103, 134.464019775, 8.84177207947, 178.582901001, 39.7081604004], [188.835388184, 116.967544556, 266.24230957, 263.94152832, 339.401306152, 152.329956055, 132.082458496, 32.9427986145, 31.8591098785, 26.6373138428, 88.1822814941, 69.8585739136, 67.0042190552], [1812.26428223, -886.15814209, 537.372558594, 631.651245117, 152.329956055, 553.602722168, 276.359436035, 162.887039185, -9.82250976562, 120.941345215, 28.6099185944, 127.229812622, 12.007601738], [860.732971191, -467.025421143, 165.385116577, 260.580474854, 132.082458496, 276.359436035, 357.229431152, 164.714889526, 83.4003372192, 98.3497467041, 66.1656951904, 89.2945709229, 28.3895187378], [705.472900391, -282.182647705, 108.42124939, 188.155426025, 32.9427986145, 162.887039185, 164.714889526, 218.510772705, 114.580245972, 69.7350616455, 5.52586650848, 55.8674278259, 22.4245300293], [-250.182159424, 77.2236328125, -85.5542526245, -14.88875103, 31.8591098785, -9.82250976562, 83.4003372192, 114.580245972, 208.228561401, 78.9475402832, 12.4414730072, -5.32214593887, 17.2926445007], [975.002380371, -385.857177734, 53.3619804382, 134.464019775, 26.6373138428, 120.941345215, 98.3497467041, 69.7350616455, 78.9475402832, 195.795806885, 78.2224884033, 85.5793609619, 1.5962677002], [133.549957275, 59.9676055908, -47.6815223694, 8.84177207947, 88.1822814941, 28.6099185944, 66.1656951904, 5.52586650848, 12.4414730072, 78.2224884033, 164.214859009, 97.414024353, 49.3520736694], [1059.11328125, -325.076049805, 131.584884644, 178.582901001, 69.8585739136, 127.229812622, 89.2945709229, 55.8674278259, -5.32214593887, 85.5793609619, 97.414024353, 190.42137146, 78.6153335571], [73.6769714355, 101.313247681, 20.1096897125, 39.7081604004, 67.0042190552, 12.007601738, 28.3895187378, 22.4245300293, 17.2926445007, 1.5962677002, 49.3520736694, 78.6153335571, 111.357948303]],
        "icov": [[5.19305649505e-05, -2.52996396739e-05, 6.01270839979e-05, -0.000147125843796, 2.71285625786e-05, 5.44825306861e-05, -5.30149445694e-05, -9.29703819565e-05, 0.000236705192947, -0.000281746353721, 0.0002324773086, -0.000248536292929, 8.00124762463e-05], [-2.52996396739e-05, 0.000787176541053, -6.58216449665e-05, -3.84373852285e-05, -0.000498109147884, 0.00078302359907, 0.00053722638404, -6.97064970154e-05, -0.000696750124916, 0.00129681150429, -0.00159985350911, 0.00158163986634, -0.000899434962776], [6.01270839979e-05, -6.58216449665e-05, 0.00165435357485, -0.0016381876776, -0.000406202860177, 0.000216313521378, 2.03145245905e-05, -8.85551253305e-06, 0.000735012930818, -0.000300514773699, 0.00104006775655, -0.00058274489129, 0.00036381627433], [-0.000147125843796, -3.84373852285e-05, -0.0016381876776, 0.00362663180567, -0.000501575414091, -0.00230497145094, 0.000636704906356, -0.00017648699577, -0.00081726978533, 0.000207519056858, -6.58174758428e-05, -3.60563694812e-06, -0.000285830523353], [2.71285625786e-05, -0.000498109147884, -0.000406202860177, -0.000501575414091, 0.00574129261076, -0.00141306128353, -0.00145146902651, 0.00189857918303, -0.00155088608153, 0.00103514548391, -0.00212663854472, -0.000151210828335, -0.00135178479832], [5.44825306861e-05, 0.00078302359907, 0.000216313521378, -0.00230497145094, -0.00141306128353, 0.0078793624416, -0.00259049283341, -0.00242468737997, 0.00324658374302, -0.0015398709802, 0.00037397997221, 0.000841282249894, -5.80363484914e-05], [-5.30149445694e-05, 0.00053722638404, 2.03145245905e-05, 0.000636704906356, -0.00145146902651, -0.00259049283341, 0.00725742662326, -0.00268562347628, -0.00189785961993, 0.00148445845116, -0.00297029921785, 0.00104308442678, 1.23340960272e-05], [-9.29703819565e-05, -6.97064970154e-05, -8.85551253305e-06, -0.00017648699577, 0.00189857918303, -0.00242468737997, -0.00268562347628, 0.0121361967176, -0.00707703456283, 0.00220623915084, 0.00123549159616, -0.00258585438132, -0.000105357699795], [0.000236705192947, -0.000696750124916, 0.000735012930818, -0.00081726978533, -0.00155088608153, 0.00324658374302, -0.00189785961993, -0.00707703456283, 0.0139766177163, -0.00876924209297, 0.00400966824964, 0.00237881182693, -0.00237305671908], [-0.000281746353721, 0.00129681150429, -0.000300514773699, 0.000207519056858, 0.00103514548391, -0.0015398709802, 0.00148445845116, 0.00220623915084, -0.00876924209297, 0.0157503187656, -0.00837363768369, -0.00140404817648, 0.00354558369145], [0.0002324773086, -0.00159985350911, 0.00104006775655, -6.58174758428e-05, -0.00212663854472, 0.00037397997221, -0.00297029921785, 0.00123549159616, 0.00400966824964, -0.00837363768369, 0.0175546109676, -0.0084641892463, 0.000578016741201], [-0.000248536292929, 0.00158163986634, -0.00058274489129, -3.60563694812e-06, -0.000151210828335, 0.000841282249894, 0.00104308442678, -0.00258585438132, 0.00237881182693, -0.00140404817648, -0.0084641892463, 0.0190572794527, -0.0109648890793], [8.00124762463e-05, -0.000899434962776, 0.00036381627433, -0.000285830523353, -0.00135178479832, -5.80363484914e-05, 1.23340960272e-05, -0.000105357699795, -0.00237305671908, 0.00354558369145, 0.000578016741201, -0.0109648890793, 0.0184217337519]]
    },
    "melbands": {
        "dmean": [0.00196208385751, 0.000643752457108, 0.000968833512161, 0.000759613525588, 0.000189916449017, 0.000103433456388, 8.36442268337e-05, 6.08202535659e-05, 5.67561110074e-05, 4.52344065707e-05, 3.42262101185e-05, 3.18563070323e-05, 3.43554856954e-05, 3.76947973564e-05, 3.90294335375e-05, 3.38320605806e-05, 2.34117524087e-05, 2.25315125135e-05, 1.48186063598e-05, 1.78198260983e-05, 1.26856439238e-05, 1.22408955576e-05, 1.74814504135e-05, 1.32660015879e-05, 1.41365353556e-05, 1.56784572027e-05, 9.17670695344e-06, 1.13171026896e-05, 8.45326758281e-06, 8.79473464011e-06, 7.2148604886e-06, 4.9188547564e-06, 4.18719719164e-06, 3.99647524318e-06, 3.75564172828e-06, 2.76628497886e-06, 3.21867787534e-06, 3.08964240503e-06, 2.58886643678e-06, 2.92511617772e-06],
        "dmean2": [0.00303604849614, 0.000963644182775, 0.00141670589801, 0.00127849867567, 0.000337150733685, 0.000175663109985, 0.00013041603961, 9.27505025174e-05, 8.26636096463e-05, 6.91285531502e-05, 5.2055955166e-05, 5.05795287609e-05, 5.32282465429e-05, 5.75208068767e-05, 6.22650841251e-05, 5.16113213962e-05, 3.68546134268e-05, 3.75200506824e-05, 2.5380306397e-05, 2.88570172415e-05, 2.13571165659e-05, 2.08181863854e-05, 2.96903017443e-05, 2.34714188991e-05, 2.38034172071e-05, 2.65847356786e-05, 1.53118617163e-05, 1.84357013495e-05, 1.40560296131e-05, 1.49122743096e-05, 1.17170420708e-05, 8.02237445896e-06, 7.00277678334e-06, 6.63901846565e-06, 6.11152927377e-06, 4.39223640569e-06, 5.29534599991e-06, 5.3522185226e-06, 4.19854404754e-06, 4.89815920446e-06],
        "dvar": [1.4332165847e-05, 3.66179415323e-06, 9.10260041564e-06, 7.59883914725e-06, 4.16565939076e-07, 9.30185350967e-08, 3.55461438062e-08, 2.30808829826e-08, 2.08039860894e-08, 9.51261558413e-09, 1.15870726347e-08, 1.18992087295e-08, 9.49740819323e-09, 1.03370343396e-08, 8.45300007768e-09, 7.58914886489e-09, 5.09475039934e-09, 3.27278337764e-09, 1.25705046372e-09, 1.92180626968e-09, 5.15420595093e-10, 4.2313494375e-10, 1.05599140543e-09, 7.53309914447e-10, 7.51136874921e-10, 9.25276189001e-10, 2.46800052617e-10, 3.85225851218e-10, 1.9445131616e-10, 2.91075774594e-10, 1.45265730001e-10, 6.67986152503e-11, 4.81418377385e-11, 4.67551102001e-11, 4.06024866506e-11, 2.1878382786e-11, 3.31582920843e-11, 4.77032649493e-11, 2.74367854824e-11, 4.19771647997e-11],
        "dvar2": [3.47136192431e-05, 6.96391452948e-06, 2.08972942346e-05, 1.9270410121e-05, 1.20125480407e-06, 2.64166999386e-07, 9.12215298854e-08, 4.51607249374e-08, 4.05274818149e-08, 1.89598505784e-08, 2.3119902437e-08, 2.63554742475e-08, 1.83836128542e-08, 1.95776959089e-08, 1.83811881271e-08, 1.50752121897e-08, 9.88487336429e-09, 7.73578623381e-09, 3.19452797548e-09, 4.16362855304e-09, 1.3606978877e-09, 1.17558984769e-09, 2.85168555436e-09, 2.15600759468e-09, 1.98897809334e-09, 2.52864862382e-09, 6.65736077377e-10, 9.81644210363e-10, 5.30529953302e-10, 7.73605679516e-10, 3.77349679281e-10, 1.68522529265e-10, 1.29196611742e-10, 1.25435023479e-10, 1.06055352e-10, 5.54976550826e-11, 8.8186714875e-11, 1.38474454126e-10, 7.10299319362e-11, 1.13002482371e-10],
        "max": [0.0366880483925, 0.0200775898993, 0.0239624865353, 0.0250488352031, 0.00641306536272, 0.00331160472706, 0.00371053488925, 0.0033850914333, 0.00469026016071, 0.00231276336126, 0.00283469026908, 0.00277303555049, 0.00165550457314, 0.00210098619573, 0.00127383088693, 0.00183766160626, 0.00183045247104, 0.00169027433731, 0.00128521607257, 0.00153388234321, 0.000612007570453, 0.000297427264741, 0.000628584763035, 0.000251721445238, 0.000432797620306, 0.000449514511274, 0.00021366578585, 0.000285100366455, 0.00019894176512, 0.000289457791951, 0.000220014582737, 0.000170707484358, 0.000113863447041, 9.5384355518e-05, 9.47525477386e-05, 5.89166411373e-05, 7.12955734343e-05, 6.89368680469e-05, 5.76426100451e-05, 5.38332969882e-05],
        "mean": [0.00469742994756, 0.00118894630577, 0.00113496615086, 0.00071297690738, 0.00019886175869, 0.000133598659886, 0.000124593570945, 9.99280018732e-05, 0.000105460690975, 7.06427308614e-05, 5.12978840561e-05, 4.66874698759e-05, 5.2546383813e-05, 6.53169263387e-05, 6.27928020549e-05, 5.5312866607e-05, 3.53697141691e-05, 3.03671367874e-05, 1.99791047635e-05, 2.94687670248e-05, 2.00190970645e-05, 1.86032029887e-05, 2.55267732427e-05, 1.77413112397e-05, 2.19498924707e-05, 2.44873172051e-05, 1.68635760929e-05, 2.13443818211e-05, 1.65052497323e-05, 1.55255056598e-05, 1.42610351759e-05, 1.063374566e-05, 8.81349933479e-06, 7.92518949311e-06, 7.24767505744e-06, 5.62481136512e-06, 6.00570092502e-06, 4.99036696056e-06, 4.73748877994e-06, 4.45273963123e-06],
        "median": [5.82380380365e-05, 0.000104345548607, 4.95329513797e-05, 5.16513864568e-05, 2.56382263615e-05, 2.37345684582e-05, 3.89308661397e-05, 3.06727015413e-05, 2.62048051809e-05, 2.5269071557e-05, 8.9254381237e-06, 7.93123490439e-06, 7.089308383e-06, 6.97501945979e-06, 8.16154533823e-06, 9.82036272035e-06, 4.53602933703e-06, 5.48191019334e-06, 3.91834601032e-06, 5.35954313818e-06, 4.34751609646e-06, 4.09332460549e-06, 4.87710804009e-06, 3.20002277476e-06, 3.25582141159e-06, 3.62566515832e-06, 3.34271589963e-06, 3.99251985073e-06, 3.02141461361e-06, 3.08176186081e-06, 3.41865620612e-06, 2.73219302471e-06, 2.07761331694e-06, 2.10847838389e-06, 2.07011885323e-06, 1.96570408662e-06, 1.87205341717e-06, 1.48000913214e-06, 1.52139648435e-06, 1.24650591715e-06],
        "min": [1.79519952074e-24, 2.63966545624e-24, 7.38465019329e-25, 2.32464548943e-24, 3.71763520575e-24, 1.31608899148e-24, 3.00385985643e-24, 4.19761644024e-24, 2.35880178612e-24, 2.76552426936e-24, 3.00642365437e-24, 4.92275276711e-24, 4.00520222141e-24, 2.87674320459e-24, 2.9383534385e-24, 4.62076379638e-24, 5.06874922699e-24, 3.95203615184e-24, 4.97871929289e-24, 4.85731793831e-24, 4.66036382497e-24, 5.21869511899e-24, 3.77341674365e-24, 5.85213543753e-24, 5.18773706163e-24, 4.09161246724e-24, 5.20615972478e-24, 4.63088843167e-24, 5.17810704213e-24, 5.64484842962e-24, 4.39599444752e-24, 4.96652823646e-24, 6.73326072536e-24, 6.04223434961e-24, 5.69753921049e-24, 6.05712883236e-24, 5.36769950551e-24, 6.17851756516e-24, 6.99980262574e-24, 6.63592160055e-24],
        "var": [3.78326403734e-05, 6.86437260811e-06, 1.24157759274e-05, 6.77141770211e-06, 2.82289590814e-07, 9.04588048911e-08, 5.64338762388e-08, 5.48959917523e-08, 6.19437727778e-08, 2.17961506621e-08, 2.7248450607e-08, 2.69030664413e-08, 2.29295853416e-08, 2.92937780699e-08, 1.98068708102e-08, 2.09509565252e-08, 1.30130484166e-08, 5.05987740596e-09, 1.70089897722e-09, 6.07578520828e-09, 9.66311364259e-10, 7.15814407748e-10, 1.68592639849e-09, 7.9459655522e-10, 1.35319488948e-09, 1.63029434397e-09, 5.68521285604e-10, 9.91673299033e-10, 5.12532516428e-10, 5.67770608306e-10, 4.06580963341e-10, 2.02362210322e-10, 1.33427185967e-10, 1.05890907154e-10, 9.20558074213e-11, 5.25846519106e-11, 6.77004841076e-11, 5.36240531146e-11, 4.75891340224e-11, 5.18957307682e-11]
    },
    "mfcc": {
        "mean": [-692.459350586, 73.5900650024, 2.47253155708, 15.1051397324, 3.11507439613, 2.15220475197, -1.2173653841, 0.0221469346434, 0.79888767004, 3.53094744682, 3.67743659019, 4.53427267075, 1.57756721973],
        "cov": [[22187.4199219, -3048.24780273, 1796.1418457, 2218.07104492, 612.808532715, 1454.48095703, 1409.68273926, 766.873291016, 508.221099854, 309.497375488, 349.784515381, 452.565216064, 407.470458984], [-3048.24780273, 2676.26708984, -433.378509521, -490.73147583, -11.905708313, -560.472961426, -524.305786133, -285.780181885, -226.273223877, -138.350112915, -154.537109375, -174.08770752, -38.5046310425], [1796.1418457, -433.378509521, 1246.35473633, 711.054260254, 395.872406006, 377.363128662, 280.550048828, 177.676193237, 94.6868362427, 21.4148864746, -25.0955753326, -27.2310581207, -9.59857368469], [2218.07104492, -490.73147583, 711.054260254, 704.148254395, 303.535644531, 355.222381592, 270.457763672, 188.491897583, 125.619529724, 72.9700469971, 43.0295410156, 54.0204582214, 63.8503456116], [612.808532715, -11.905708313, 395.872406006, 303.535644531, 325.642456055, 190.196807861, 116.238296509, 80.1052474976, 33.1861724854, 1.55692863464, -15.833483696, -10.3544855118, 18.0921669006], [1454.48095703, -560.472961426, 377.363128662, 355.222381592, 190.196807861, 391.417175293, 295.771118164, 146.002487183, 79.0035400391, 50.299697876, 55.219909668, 74.2826309204, 46.1395149231], [1409.68273926, -524.305786133, 280.550048828, 270.457763672, 116.238296509, 295.771118164, 371.890716553, 190.36730957, 72.3856506348, 32.2447280884, 43.5288009644, 80.2825317383, 63.4467735291], [766.873291016, -285.780181885, 177.676193237, 188.491897583, 80.1052474976, 146.002487183, 190.36730957, 222.473083496, 133.576141357, 66.2200012207, 29.0235710144, 35.5644340515, 35.6350250244], [508.221099854, -226.273223877, 94.6868362427, 125.619529724, 33.1861724854, 79.0035400391, 72.3856506348, 133.576141357, 185.580474854, 119.633049011, 58.00963974, 26.125535965, 19.1843299866], [309.497375488, -138.350112915, 21.4148864746, 72.9700469971, 1.55692863464, 50.299697876, 32.2447280884, 66.2200012207, 119.633049011, 155.041290283, 92.4003753662, 40.1642913818, 12.203742981], [349.784515381, -154.537109375, -25.0955753326, 43.0295410156, -15.833483696, 55.219909668, 43.5288009644, 29.0235710144, 58.00963974, 92.4003753662, 127.633117676, 80.8859329224, 30.3521404266], [452.565216064, -174.08770752, -27.2310581207, 54.0204582214, -10.3544855118, 74.2826309204, 80.2825317383, 35.5644340515, 26.125535965, 40.1642913818, 80.8859329224, 135.294082642, 74.6781463623], [407.470458984, -38.5046310425, -9.59857368469, 63.8503456116, 18.0921669006, 46.1395149231, 63.4467735291, 35.6350250244, 19.1843299866, 12.203742981, 30.3521404266, 74.6781463623, 133.889175415]],
