{
"lowlevel": {
    "average_loudness": 0.923525810242,
    "barkbands_crest": {
        "dmean": 3.07198047638,
        "dmean2": 4.75291395187,
        "dvar": 12.437046051,
        "dvar2": 31.488445282,
        "max": 26.6053237915,
        "mean": 14.3102807999,
        "median": 14.2695541382,
        "min": 2.03038740158,
        "var": 28.5908050537
    },
    "barkbands_flatness_db": {
        "dmean": 0.0322164073586,
        "dmean2": 0.0477504618466,
        "dvar": 0.00162613333669,
        "dvar2": 0.00341265229508,
        "max": 0.591580808163,
        "mean": 0.153497189283,
        "median": 0.127485066652,
        "min": 0.0133326249197,
        "var": 0.00713548157364
    },
    "barkbands_kurtosis": {
        "dmean": 8.06551551819,
        "dmean2": 11.5358953476,
        "dvar": 362.841247559,
        "dvar2": 573.98236084,
        "max": 378.872741699,
        "mean": 11.9768266678,
        "median": 3.98829841614,
        "min": -1.88475644588,
        "var": 854.087219238
    },
    "barkbands_skewness": {
        "dmean": 0.987848997116,
        "dmean2": 1.41212415695,
        "dvar": 1.7790132761,
        "dvar2": 3.27030658722,
        "max": 19.176404953,
        "mean": 2.48643946648,
        "median": 2.13517260551,
        "min": -2.63785886765,
        "var": 5.16717624664
    },
    "barkbands_spread": {
        "dmean": 10.440199852,
        "dmean2": 16.7910785675,
        "dvar": 184.512130737,
        "dvar2": 496.890625,
        "max": 108.167633057,
        "mean": 27.4297866821,
        "median": 26.1570911407,
        "min": 0.24847599864,
        "var": 336.484191895
    },
    "dissonance": {
        "dmean": 0.016064485535,
        "dmean2": 0.0268251746893,
        "dvar": 0.000423426710768,
        "dvar2": 0.00113473949023,
        "max": 0.500000119209,
        "mean": 0.46929371357,
        "median": 0.47985458374,
        "min": 0.105687811971,
        "var": 0.00122441211715
    },
    "dynamic_complexity": 2.53592324257,
    "erbbands_crest": {
        "dmean": 2.72574162483,
        "dmean2": 4.4191031456,
        "dvar": 8.97938728333,
        "dvar2": 21.4851207733,
        "max": 33.1772460938,
        "mean": 8.43963623047,
        "median": 6.3157544136,
        "min": 2.10227441788,
        "var": 31.0087184906
    },
    "erbbands_flatness_db": {
        "dmean": 0.0163435731083,
        "dmean2": 0.0255819056183,
        "dvar": 0.000355484662578,
        "dvar2": 0.000774385989644,
        "max": 0.458554089069,
        "mean": 0.135501235723,
        "median": 0.0969092398882,
        "min": 0.0310601051897,
        "var": 0.00639854371548
    },
    "erbbands_kurtosis": {
        "dmean": 1.30388128757,
        "dmean2": 2.07551789284,
        "dvar": 10.3408241272,
        "dvar2": 21.4276638031,
        "max": 156.556793213,
        "mean": 1.16792035103,
        "median": -0.476091623306,
        "min": -1.96835184097,
        "var": 53.3625030518
    },
    "erbbands_skewness": {
        "dmean": 0.44258159399,
        "dmean2": 0.673101782799,
        "dvar": 0.257356196642,
        "dvar2": 0.585962712765,
        "max": 10.3566246033,
        "mean": 0.26131901145,
        "median": 0.00352611579001,
        "min": -3.86040306091,
        "var": 1.23417341709
    },
    "erbbands_spread": {
        "dmean": 12.7408742905,
        "dmean2": 19.1610641479,
        "dvar": 334.792297363,
        "dvar2": 684.672912598,
        "max": 205.747817993,
        "mean": 54.2768554688,
        "median": 52.2712097168,
        "min": 0.740683734417,
        "var": 962.571350098
    },
    "hfc": {
        "dmean": 15.6760873795,
        "dmean2": 25.7021255493,
        "dvar": 738.805786133,
        "dvar2": 2035.31140137,
        "max": 219.565963745,
        "mean": 38.0085029602,
        "median": 36.7499389648,
        "min": 1.10942687983e-16,
        "var": 1071.15625
    },
    "melbands_crest": {
        "dmean": 3.92027902603,
        "dmean2": 6.3054432869,
        "dvar": 20.8086452484,
        "dvar2": 53.9939804077,
        "max": 38.5600776672,
        "mean": 23.0502166748,
        "median": 24.90583992,
        "min": 1.72025191784,
        "var": 61.5638465881
    },
    "melbands_flatness_db": {
        "dmean": 0.0388619974256,
        "dmean2": 0.0576639957726,
        "dvar": 0.00244644237682,
        "dvar2": 0.0051946407184,
        "max": 0.733355343342,
        "mean": 0.221775323153,
        "median": 0.202327296138,
        "min": 0.00176334043499,
        "var": 0.00931609794497
    },
    "melbands_kurtosis": {
        "dmean": 38.010433197,
        "dmean2": 55.8015823364,
        "dvar": 12479.1455078,
        "dvar2": 20153.78125,
        "max": 1349.94946289,
        "mean": 58.9331436157,
        "median": 20.8429031372,
        "min": -1.83594799042,
        "var": 26127.25
    },
    "melbands_skewness": {
        "dmean": 1.66889190674,
        "dmean2": 2.44920372963,
        "dvar": 7.01459217072,
        "dvar2": 12.4361743927,
        "max": 30.6148529053,
        "mean": 4.88514566422,
        "median": 4.11695480347,
        "min": -1.41617000103,
        "var": 18.8742046356
    },
    "melbands_spread": {
        "dmean": 11.7721729279,
        "dmean2": 18.9182281494,
        "dvar": 535.922973633,
        "dvar2": 1215.1282959,
        "max": 232.770874023,
        "mean": 22.5349884033,
        "median": 15.8832349777,
        "min": 0.215100571513,
        "var": 743.716796875
    },
    "pitch_salience": {
        "dmean": 0.098420329392,
        "dmean2": 0.155755981803,
        "dvar": 0.0133842388168,
        "dvar2": 0.0324994064867,
        "max": 0.974923968315,
        "mean": 0.423206716776,
        "median": 0.407523930073,
        "min": 0.0248733684421,
        "var": 0.0261192973703
    },
    "silence_rate_20dB": {
        "dmean": 0,
        "dmean2": 0,
        "dvar": 0,
        "dvar2": 0,
        "max": 1,
        "mean": 1,
        "median": 1,
        "min": 1,
        "var": 0
    },
    "silence_rate_30dB": {
        "dmean": 0.0906137153506,
        "dmean2": 0.181238338351,
        "dvar": 0.0824051052332,
        "dvar2": 0.182707026601,
        "max": 1,
        "mean": 0.903495550156,
        "median": 1,
        "min": 0,
        "var": 0.0871907174587
    },
    "silence_rate_60dB": {
        "dmean": 0.0179302040488,
        "dmean2": 0.0358625687659,
        "dvar": 0.0176099743694,
        "dvar2": 0.040349714458,
        "max": 1,
        "mean": 0.0515612773597,
        "median": 0,
        "min": 0,
        "var": 0.0489033050835
    },
    "spectral_centroid": {
        "dmean": 391.511474609,
        "dmean2": 598.10144043,
        "dvar": 257782.40625,
        "dvar2": 521883.375,
        "max": 11689.1708984,
        "mean": 1810.18249512,
        "median": 1934.7713623,
        "min": 95.1760406494,
        "var": 805104.125
    },
    "spectral_complexity": {
        "dmean": 5.70493364334,
        "dmean2": 9.23617553711,
        "dvar": 48.7520866394,
        "dvar2": 122.303222656,
        "max": 62,
        "mean": 22.9687747955,
        "median": 25,
        "min": 0,
        "var": 188.943115234
    },
    "spectral_decrease": {
        "dmean": 3.9094043558e-09,
        "dmean2": 5.85186166191e-09,
        "dvar": 3.31226046713e-17,
        "dvar2": 7.16383078224e-17,
        "max": 6.74771764396e-29,
        "mean": -1.4120104197e-08,
        "median": -1.59371680297e-08,
        "min": -5.19628500228e-08,
        "var": 1.05880613949e-16
    },
    "spectral_energy": {
        "dmean": 0.0146892322227,
        "dmean2": 0.0217475984246,
        "dvar": 0.000456214242149,
        "dvar2": 0.000960287696216,
        "max": 0.200953781605,
        "mean": 0.0567398965359,
        "median": 0.0649541392922,
        "min": 1.01910525548e-20,
        "var": 0.00160733552184
    },
    "spectral_energyband_high": {
        "dmean": 0.00170009513386,
        "dmean2": 0.00278273667209,
        "dvar": 8.89761486178e-06,
        "dvar2": 2.46396739385e-05,
        "max": 0.0221821311861,
        "mean": 0.00313266436569,
        "median": 0.00270729558542,
        "min": 7.49670719541e-21,
        "var": 1.12175248432e-05
    },
    "spectral_energyband_low": {
        "dmean": 0.01203730423,
        "dmean2": 0.018079098314,
        "dvar": 0.000400010350859,
        "dvar2": 0.000919129815884,
        "max": 0.173297598958,
        "mean": 0.0375721640885,
        "median": 0.0397852212191,
        "min": 1.51721018367e-23,
        "var": 0.00124339363538
    },
    "spectral_energyband_middle_high": {
        "dmean": 0.00151836220175,
        "dmean2": 0.00250226166099,
        "dvar": 4.99494717587e-06,
        "dvar2": 1.35733835123e-05,
        "max": 0.0296634379774,
        "mean": 0.00398627156392,
        "median": 0.00362326856703,
        "min": 1.23130115484e-21,
        "var": 1.01018431451e-05
    },
    "spectral_energyband_middle_low": {
        "dmean": 0.00923403725028,
        "dmean2": 0.0148779144511,
        "dvar": 0.000474705011584,
        "dvar2": 0.00107054249384,
        "max": 0.154188990593,
        "mean": 0.0130046512932,
        "median": 0.00739849358797,
        "min": 2.08149671489e-22,
        "var": 0.000479006848764
    },
    "spectral_entropy": {
        "dmean": 0.175641342998,
        "dmean2": 0.272054255009,
        "dvar": 0.055142313242,
        "dvar2": 0.145135596395,
        "max": 9.81523323059,
        "mean": 7.84047222137,
        "median": 8.16708564758,
        "min": 4.34930229187,
        "var": 0.519172906876
    },
    "spectral_flux": {
        "dmean": 0.0379077233374,
        "dmean2": 0.0553935803473,
        "dvar": 0.00272405683063,
        "dvar2": 0.00429573375732,
        "max": 0.488529890776,
        "mean": 0.104645259678,
        "median": 0.0795465484262,
        "min": 6.53818249541e-11,
        "var": 0.00762990722433
    },
    "spectral_kurtosis": {
        "dmean": 1.54281747341,
        "dmean2": 2.60534477234,
        "dvar": 14.356218338,
        "dvar2": 41.552520752,
        "max": 102.888557434,
        "mean": 4.11067485809,
        "median": 1.93289470673,
        "min": -1.23485803604,
        "var": 62.4214553833
    },
    "spectral_rms": {
        "dmean": 0.000954775197897,
        "dmean2": 0.00139843509533,
        "dvar": 1.6135761598e-06,
        "dvar2": 3.09960796585e-06,
        "max": 0.0140018733218,
        "mean": 0.00675132591277,
        "median": 0.00796052068472,
        "min": 3.15317151729e-12,
        "var": 9.77560466708e-06
    },
    "spectral_rolloff": {
        "dmean": 1018.99554443,
        "dmean2": 1720.66931152,
        "dvar": 3065838,
        "dvar2": 6815888.5,
        "max": 19078.4179688,
        "mean": 1549.77392578,
        "median": 710.595703125,
        "min": 21.533203125,
        "var": 4715032.5
    },
    "spectral_skewness": {
        "dmean": 0.19316354394,
        "dmean2": 0.315291881561,
        "dvar": 0.0729100182652,
        "dvar2": 0.201486006379,
        "max": 8.41447734833,
        "mean": 1.36403083801,
        "median": 1.15643751621,
        "min": -0.291075736284,
        "var": 0.697721302509
    },
    "spectral_spread": {
        "dmean": 623152.0625,
        "dmean2": 873094.5,
        "dvar": 661462450176,
        "dvar2": 1.0320101376e+12,
        "max": 41906228,
        "mean": 6034772.5,
        "median": 6334503,
        "min": 838138.3125,
        "var": 5.2108155945e+12
    },
    "spectral_strongpeak": {
        "dmean": 0.277399718761,
        "dmean2": 0.448970884085,
        "dvar": 0.19885776937,
        "dvar2": 0.485556006432,
        "max": 6.38376092911,
        "mean": 0.654290854931,
        "median": 0.443572819233,
        "min": 0,
        "var": 0.344040244818
    },
    "zerocrossingrate": {
        "dmean": 0.0179554410279,
        "dmean2": 0.0222364682704,
        "dvar": 0.000573762168642,
        "dvar2": 0.000795137602836,
        "max": 0.70947265625,
        "mean": 0.0683058798313,
        "median": 0.05859375,
        "min": 0.00146484375,
        "var": 0.00256637716666
    },
    "barkbands": {
        "dmean": [0.00181617005728, 0.00954930018634, 0.00304470653646, 0.00308146304451, 0.00530740292743, 0.00182689609937, 0.000570387230255, 0.000470502272947, 0.000631004164461, 0.000359282712452, 0.000263220834313, 0.000272781035164, 0.000204067895538, 0.000225546580623, 0.000284490844933, 0.000193325991859, 0.000233161903452, 0.000198057765374, 0.000207142395084, 0.000254258833593, 0.000322746520396, 0.000325194123434, 0.000321937492117, 0.000331080635078, 0.000260570814135, 0.000188606965821, 5.46479059267e-05],
        "dmean2": [0.00252063060179, 0.0143755404279, 0.00521049275994, 0.00565804773942, 0.00852494221181, 0.00304033909924, 0.000982333905995, 0.000753370055463, 0.000977993826382, 0.000557739287615, 0.000412949360907, 0.000431392341852, 0.000336870260071, 0.000360005884431, 0.000478408532217, 0.000326594163198, 0.000391732057324, 0.000334847980412, 0.000347411201801, 0.000427521095844, 0.000551512290258, 0.000541474903002, 0.000551348319277, 0.000535512459464, 0.000418900774093, 0.000311102863634, 9.61466867011e-05],
        "dvar": [8.21780122351e-06, 0.000252781843301, 0.000138413583045, 0.000114040216431, 0.000284226669464, 1.20114764286e-05, 1.50944902089e-06, 1.37479116802e-06, 1.36067239964e-06, 7.48142838347e-07, 4.45867357257e-07, 2.69169220246e-07, 1.21870712633e-07, 1.33969365379e-07, 2.28627214938e-07, 1.32379952333e-07, 1.0675775286e-07, 7.73533983534e-08, 8.16392713432e-08, 1.06969835656e-07, 2.89942420295e-07, 2.83813932356e-07, 4.18006862901e-07, 3.67062767737e-07, 1.91993507315e-07, 1.30994891379e-07, 2.0559289382e-08],
        "dvar2": [1.42949602377e-05, 0.000589626433793, 0.000374257564545, 0.000327211630065, 0.000627871893812, 3.30500006385e-05, 4.13854968428e-06, 3.14391741085e-06, 3.0745584354e-06, 1.67706696175e-06, 1.02298031379e-06, 5.97131077029e-07, 3.0947870755e-07, 3.06979785591e-07, 6.16471709236e-07, 3.68727853584e-07, 2.85311614334e-07, 2.09769538628e-07, 2.22058503141e-07, 2.92900466548e-07, 8.5707171138e-07, 7.58513749588e-07, 1.18525815651e-06, 9.37704101034e-07, 4.92876893077e-07, 3.59663062e-07, 5.86052699703e-08],
        "max": [0.0256396904588, 0.127210304141, 0.112465664744, 0.0929977595806, 0.144385114312, 0.0530457273126, 0.0162984821945, 0.0307622738183, 0.0266787428409, 0.029279500246, 0.0221009831876, 0.0136708794162, 0.00607540644705, 0.0089362822473, 0.0178370308131, 0.00472057051957, 0.00444910814986, 0.00343589717522, 0.00404859241098, 0.00427198968828, 0.00572778563946, 0.0059810099192, 0.00701487436891, 0.00544996792451, 0.00388293596916, 0.00337027525529, 0.00133521296084],
        "mean": [0.00546711776406, 0.0283715836704, 0.00290984823368, 0.00235396670178, 0.00507476367056, 0.00273941038176, 0.000802311697043, 0.000684842001647, 0.00103102531284, 0.000549915537704, 0.000387405743822, 0.000426818558481, 0.000305095949443, 0.000377360382117, 0.000435189314885, 0.000315231882269, 0.000395893090172, 0.000342937652022, 0.000398390111513, 0.000495292129926, 0.000552282843273, 0.000536214385647, 0.00049092178233, 0.000532497942913, 0.00043883555918, 0.000277010316495, 4.76557506772e-05],
        "median": [0.00189864938147, 0.0255602560937, 0.000575616606511, 0.00031234160997, 0.000923140149098, 0.00143605773337, 0.000318090576911, 0.000144625111716, 0.000442897144239, 0.000172538231709, 0.000115119713882, 0.000194595253561, 0.000142408767715, 0.000183625437785, 0.000263333960902, 0.000208891127841, 0.000286413298454, 0.000271315831924, 0.000328552996507, 0.000440363655798, 0.000440074712969, 0.000415642047301, 0.000362835970009, 0.000371995702153, 0.00032997969538, 0.000188849357073, 6.581280104e-06],
        "min": [1.41879217323e-24, 4.96513905241e-24, 5.56245861338e-24, 4.91149769414e-24, 1.9927192868e-23, 2.07645150764e-23, 2.01075233155e-23, 2.10203379348e-23, 1.77451452285e-23, 2.96752780247e-23, 3.39184503934e-23, 4.88945676268e-23, 2.23582050092e-23, 5.09037837306e-23, 7.9139409536e-23, 9.36090433583e-23, 8.39164987425e-23, 1.53064877629e-22, 1.75357645048e-22, 2.355153194e-22, 3.17263876913e-22, 3.9265058046e-22, 5.08830228049e-22, 7.903546165e-22, 1.00172379974e-21, 1.61657021866e-21, 1.96060768129e-21],
        "var": [4.13642083004e-05, 0.000808878801763, 9.54071656452e-05, 6.66242995067e-05, 0.000274789112154, 1.45863295984e-05, 2.21969708036e-06, 2.84236534753e-06, 2.93450807476e-06, 1.46453839989e-06, 9.17853355986e-07, 5.01324450397e-07, 1.88532794709e-07, 3.02873417013e-07, 3.27511287423e-07, 1.51251683178e-07, 1.86442136396e-07, 1.3109418262e-07, 1.61652849329e-07, 1.9509425897e-07, 3.50095746171e-07, 3.64594200164e-07, 3.89690029579e-07, 4.74526245853e-07, 2.72214379038e-07, 1.40571373208e-07, 1.42795153479e-08]
    },
    "erbbands": {
        "dmean": [0.469809472561, 1.67677927017, 3.3245279789, 7.31226587296, 17.8992443085, 18.2917442322, 13.6758565903, 15.410276413, 10.9862852097, 6.84363269806, 11.9119129181, 13.144446373, 15.4111785889, 8.28450775146, 10.2308359146, 11.1205358505, 8.88239955902, 12.7173929214, 11.5024681091, 12.9270277023, 12.3436899185, 11.1954069138, 10.3767175674, 10.612830162, 10.6490936279, 12.5210838318, 13.4843959808, 11.9063816071, 11.9097547531, 10.5740318298, 8.99939346313, 7.08378553391, 5.73343992233, 3.17976784706, 1.81818580627, 0.898548126221, 0.353810101748, 0.0953892767429, 0.00690312916413, 0.000112023648398],
        "dmean2": [0.648689448833, 2.48762869835, 5.44272613525, 13.1602306366, 30.4496822357, 31.5759716034, 24.343706131, 25.013917923, 18.6802444458, 11.61967659, 18.4466495514, 20.5457763672, 23.8645744324, 13.0774688721, 16.0934085846, 17.4335784912, 14.5610542297, 20.225687027, 19.1464958191, 21.668762207, 20.7158374786, 18.9914321899, 17.4970493317, 17.8171062469, 17.9173965454, 20.9371871948, 23.0539035797, 20.1455287933, 19.7597732544, 18.0278511047, 15.4814548492, 11.5998268127, 9.37174892426, 5.19450139999, 2.90849947929, 1.47405040264, 0.589125454426, 0.164271920919, 0.0121156163514, 0.000191877115867],
        "dvar": [0.515219092369, 13.0314512253, 146.988769531, 719.551208496, 3299.22192383, 4140.30371094, 1766.84326172, 690.84979248, 436.072784424, 290.217163086, 888.482788086, 632.46282959, 1201.61987305, 429.034423828, 453.582580566, 556.675598145, 240.65296936, 431.414764404, 440.441101074, 547.971252441, 519.529724121, 250.51361084, 212.05569458, 244.186203003, 216.603286743, 246.666290283, 424.984466553, 346.110534668, 391.925537109, 322.608886719, 331.745697021, 178.414367676, 110.622833252, 30.1843490601, 9.02082920074, 2.58850765228, 0.495571345091, 0.0535526946187, 0.000315983896144, 6.77748914768e-08],
        "dvar2": [1.06502008438, 28.937915802, 375.443023682, 2055.07446289, 7838.70605469, 10992.9570312, 5107.19140625, 1798.72924805, 1187.46972656, 740.49029541, 1906.51733398, 1485.65136719, 2693.9831543, 998.580383301, 1057.28710938, 1192.69812012, 609.724487305, 973.489379883, 1143.31396484, 1473.30895996, 1439.29089355, 682.776611328, 571.335632324, 654.31451416, 596.419555664, 673.49395752, 1244.38793945, 990.74029541, 1028.80151367, 901.767333984, 945.736328125, 472.244476318, 284.763458252, 78.8913345337, 22.9792366028, 6.96742916107, 1.39158976078, 0.15109308064, 0.000903068168554, 1.93868672227e-07],
        "max": [6.51644325256, 34.3512916565, 115.808769226, 243.853134155, 460.714660645, 547.551818848, 401.02243042, 631.575134277, 275.149078369, 365.569702148, 846.936218262, 780.52154541, 1080.42785645, 1093.38378906, 652.539489746, 693.972473145, 326.495513916, 473.734344482, 777.870178223, 1162.20178223, 309.124053955, 194.830047607, 196.165496826, 200.344482422, 242.582901001, 223.628509521, 214.989196777, 191.04574585, 205.399978638, 163.329772949, 201.844284058, 129.483627319, 96.5595703125, 43.4109077454, 25.6181030273, 16.1795101166, 7.76759529114, 2.31335663795, 0.211467593908, 0.00303015788086],
        "mean": [1.44466733932, 3.83907485008, 3.69755768776, 6.19366693497, 15.0036115646, 15.6073627472, 14.610622406, 24.079164505, 15.7204751968, 10.3908643723, 18.8721904755, 22.1499614716, 25.3801040649, 13.3088626862, 16.6626434326, 18.2613677979, 14.4154472351, 21.3812980652, 18.1503276825, 21.4010295868, 20.9778423309, 20.1117038727, 18.7257022858, 19.9295635223, 21.0886878967, 24.3331623077, 22.9773693085, 20.7250614166, 19.410112381, 16.3367729187, 13.731719017, 11.7277870178, 8.48784065247, 5.19071149826, 2.94804024696, 1.3798366785, 0.484338611364, 0.105573892593, 0.00645411992446, 0.000184591015568],
        "median": [1.31939578056, 1.84456765652, 1.34108173847, 1.40930736065, 1.70386123657, 2.99042630196, 5.69740533829, 12.058880806, 7.86007404327, 3.83032822609, 4.82852220535, 10.7033824921, 9.41308307648, 5.82586526871, 8.14244651794, 9.31594371796, 7.42623519897, 10.2300395966, 11.2958459854, 13.7622642517, 14.076376915, 15.9821472168, 15.2542667389, 16.4587421417, 17.8504047394, 21.4166488647, 18.4860591888, 16.6428050995, 14.8078546524, 12.4177513123, 10.2045927048, 8.22760868073, 5.5932393074, 3.78552746773, 2.13326954842, 0.991801142693, 0.293239414692, 0.0460364297032, 0.00145474798046, 0.000136658767588],
        "min": [1.03503870843e-22, 1.15880228806e-21, 7.44991171408e-21, 1.66184284756e-20, 5.49896617281e-20, 3.64632426188e-20, 8.07652429254e-20, 1.61716394694e-19, 2.42996273207e-19, 4.00789815544e-19, 5.4235291104e-19, 3.72611571935e-19, 1.01008958134e-18, 8.23783381777e-19, 1.52637632521e-18, 1.92849818589e-18, 1.74887095279e-18, 2.12291127244e-18, 3.76475373936e-18, 3.80509575142e-18, 4.82181073927e-18, 5.28264712059e-18, 7.97954915304e-18, 1.06823642861e-17, 1.12330531615e-17, 1.11210007941e-17, 1.24448239552e-17, 1.19893642479e-17, 1.33384279981e-17, 1.20806659623e-17, 1.2058621599e-17, 1.30937140585e-17, 1.41745802116e-17, 1.08088865239e-17, 6.37140250876e-18, 4.22452140333e-18, 2.8699395312e-18, 1.09722013417e-18, 2.79656659461e-19, 2.66636597513e-20],
        "var": [1.9605256319, 30.9232330322, 119.151016235, 429.771209717, 2789.53393555, 2947.47436523, 1149.45605469, 1183.20861816, 592.553100586, 544.84967041, 2018.05126953, 1241.29882812, 2608.91601562, 725.06451416, 945.048706055, 1012.65991211, 381.723937988, 1003.07537842, 636.162353516, 850.180664062, 640.750671387, 402.803588867, 374.507904053, 428.778076172, 427.904022217, 473.98348999, 560.731811523, 465.259155273, 498.103485107, 366.173431396, 303.412841797, 217.667648315, 133.34916687, 40.0552024841, 12.575884819, 3.05314207077, 0.490530878305, 0.0409163348377, 0.00022870011162, 6.00169443032e-08]
    },
    "gfcc": {
        "mean": [17.6517543793, 48.9591598511, -99.804473877, 35.6407852173, -59.0773162842, 17.1711101532, -32.638633728, 11.4352169037, -17.7814311981, 10.8166761398, -12.9255800247, 10.2246999741, -5.71643924713],
        "cov": [[14293.6308594, -2444.22045898, 1954.75415039, 2076.74194336, 1071.5012207, 1265.96008301, -220.238204956, 912.745056152, -742.016357422, 718.092163086, -255.441329956, 207.850143433, -93.9060821533], [-2444.22045898, 2497.21020508, -467.793182373, -621.031066895, -107.485351562, -529.389160156, 142.733062744, -384.13583374, 340.638061523, -236.588516235, 224.877334595, -75.4190444946, 104.477981567], [1954.75415039, -467.793182373, 1611.47131348, 894.596374512, 596.91192627, 476.429351807, 17.3468589783, 328.453887939, -166.200119019, 96.1512145996, -49.8032341003, 40.5090179443, -98.8215255737], [2076.74194336, -621.031066895, 894.596374512, 1071.41796875, 538.533081055, 499.028961182, 58.068447113, 309.757873535, -162.227325439, 129.561294556, -47.6320877075, -0.431199967861, -14.2171316147], [1071.5012207, -107.485351562, 596.91192627, 538.533081055, 596.512756348, 366.445404053, 141.007675171, 237.885513306, -34.3488845825, 114.588478088, 39.7867965698, 33.0660972595, 15.8407173157], [1265.96008301, -529.389160156, 476.429351807, 499.028961182, 366.445404053, 488.548828125, 116.327377319, 302.768707275, -71.8129501343, 161.554733276, -15.1633710861, 41.5157012939, -7.20156526566], [-220.238204956, 142.733062744, 17.3468589783, 58.068447113, 141.007675171, 116.327377319, 205.026031494, 99.6698303223, 96.5648956299, 38.5865936279, 42.2107124329, 6.39932346344, 22.7107696533], [912.745056152, -384.13583374, 328.453887939, 309.757873535, 237.885513306, 302.768707275, 99.6698303223, 309.687011719, 1.35403585434, 143.518508911, 2.43442821503, 50.2475471497, -8.07832813263], [-742.016357422, 340.638061523, -166.200119019, -162.227325439, -34.3488845825, -71.8129501343, 96.5648956299, 1.35403585434, 197.230606079, 18.4472198486, 83.5415496826, 14.4206352234, 21.7590065002], [718.092163086, -236.588516235, 96.1512145996, 129.561294556, 114.588478088, 161.554733276, 38.5865936279, 143.518508911, 18.4472198486, 190.851745605, 60.3617515564, 64.71144104, 21.1234931946], [-255.441329956, 224.877334595, -49.8032341003, -47.6320877075, 39.7867965698, -15.1633710861, 42.2107124329, 2.43442821503, 83.5415496826, 60.3617515564, 158.915512085, 76.9591827393, 61.747013092], [207.850143433, -75.4190444946, 40.5090179443, -0.431199967861, 33.0660972595, 41.5157012939, 6.39932346344, 50.2475471497, 14.4206352234, 64.71144104, 76.9591827393, 124.843536377, 48.9039154053], [-93.9060821533, 104.477981567, -98.8215255737, -14.2171316147, 15.8407173157, -7.20156526566, 22.7107696533, -8.07832813263, 21.7590065002, 21.1234931946, 61.747013092, 48.9039154053, 117.697669983]],
        "icov": [[0.000151236963575, -6.46734042675e-05, 1.88485282706e-05, -0.000173742897459, -4.42285490863e-05, 6.66266205371e-05, 0.00016483181389, -0.000156452369993, 0.000399238895625, -0.000558306055609, 0.000362246588338, -0.000268047413556, 8.81231171661e-05], [-6.46734042675e-05, 0.00108018238097, -0.000234888648265, 0.000417441216996, -0.000566760543734, 0.000602788641118, -0.000581405183766, 0.00071664591087, -0.00108063057996, 0.00102649477776, -0.0014127062168, 0.00124441832304, -0.000643085106276], [1.88485282706e-05, -0.000234888648265, 0.00165370944887, -0.000915538228583, -0.000822460802738, -0.000132630506414, 0.000862815359142, -0.000703633530065, 0.000277609797195, 0.000554771686438, 0.000212711340282, -0.00131891353521, 0.00167477235664], [-0.000173742897459, 0.000417441216996, -0.000915538228583, 0.00326434359886, -0.00107622519135, -0.0012268985156, 0.000250513869105, -0.000107696454506, 0.000137555485708, 0.000811600300949, -0.00103928218596, 0.00235473876819, -0.00147378677502], [-4.42285490863e-05, -0.000566760543734, -0.000822460802738, -0.00107622519135, 0.00529357185587, -0.00178953330033, -0.00189608556684, -0.000300526677165, 0.00103003613185, -0.000209909892874, -0.00130564172287, 0.000378273281967, -0.000454407476354], [6.66266205371e-05, 0.000602788641118, -0.000132630506414, -0.0012268985156, -0.00178953330033, 0.0100756250322, -0.0036201281473, -0.00413540704176, 0.00323095940985, -0.00268828775734, 0.000616051605903, -0.00015567005903, 0.000157202332048], [0.00016483181389, -0.000581405183766, 0.000862815359142, 0.000250513869105, -0.00189608556684, -0.0036201281473, 0.0117631442845, -0.00201571802609, -0.00517927575856, 0.00153872196097, 0.000570398173295, 0.000823906913865, -0.000932387309149], [-0.000156452369993, 0.00071664591087, -0.000703633530065, -0.000107696454506, -0.000300526677165, -0.00413540704176, -0.00201571802609, 0.0119844228029, -0.00383020797744, -0.00273645948619, 0.00243910262361, -0.00216426281258, 0.000453022366855], [0.000399238895625, -0.00108063057996, 0.000277609797195, 0.000137555485708, 0.00103003613185, 0.00323095940985, -0.00517927575856, -0.00383020797744, 0.0142102092505, -0.00313929305412, -0.00342606729828, 0.000411860557506, 0.00188566406723], [-0.000558306055609, 0.00102649477776, 0.000554771686438, 0.000811600300949, -0.000209909892874, -0.00268828775734, 0.00153872196097, -0.00273645948619, -0.00313929305412, 0.0141338566318, -0.00631321920082, 0.000352866656613, -0.000204603915336], [0.000362246588338, -0.0014127062168, 0.000212711340282, -0.00103928218596, -0.00130564172287, 0.000616051605903, 0.000570398173295, 0.00243910262361, -0.00342606729828, -0.00631321920082, 0.018304431811, -0.00916851498187, -0.00216007209383], [-0.000268047413556, 0.00124441832304, -0.00131891353521, 0.00235473876819, 0.000378273281967, -0.00015567005903, 0.000823906913865, -0.00216426281258, 0.000411860557506, 0.000352866656613, -0.00916851498187, 0.0179153662175, -0.00528278946877], [8.81231171661e-05, -0.000643085106276, 0.00167477235664, -0.00147378677502, -0.000454407476354, 0.000157202332048, -0.000932387309149, 0.000453022366855, 0.00188566406723, -0.000204603915336, -0.00216007209383, -0.00528278946877, 0.0136638050899]]
    },
    "melbands": {
        "dmean": [0.00320268119685, 0.00177642877679, 0.00155986321624, 0.00132975284941, 0.00053189881146, 0.000343923806213, 0.000157816073624, 7.53379063099e-05, 9.84231664916e-05, 8.70835065143e-05, 7.65967924963e-05, 3.28261594404e-05, 3.91977191612e-05, 3.22974228766e-05, 2.12070572161e-05, 2.14290976146e-05, 2.42890055233e-05, 1.76663161255e-05, 1.94634503714e-05, 1.41557557072e-05, 1.62668238772e-05, 1.23386334963e-05, 1.18498219308e-05, 1.00909910543e-05, 9.13883286557e-06, 8.41905875859e-06, 8.50187461765e-06, 8.76590183907e-06, 8.69421637617e-06, 8.36781237012e-06, 7.27071483198e-06, 6.88291720508e-06, 6.83360622133e-06, 5.91113575865e-06, 5.20083949596e-06, 5.4665360949e-06, 4.14269243265e-06, 4.14630812884e-06, 3.67728512174e-06, 2.49888466897e-06],
        "dmean2": [0.00461046537384, 0.00270380289294, 0.00275695999153, 0.00217228010297, 0.000960868026596, 0.000561879889574, 0.000267838127911, 0.000128099112771, 0.000151291809743, 0.000135825379402, 0.000118450006994, 5.19765817444e-05, 6.12800795352e-05, 5.05978896399e-05, 3.40301885444e-05, 3.52145907527e-05, 3.84842132917e-05, 2.93484372378e-05, 3.29852737195e-05, 2.36756641243e-05, 2.70499785984e-05, 2.0725745344e-05, 2.01037037186e-05, 1.70025105035e-05, 1.54125318659e-05, 1.42421940836e-05, 1.44395526149e-05, 1.46670890899e-05, 1.46184038385e-05, 1.46689553731e-05, 1.23414893096e-05, 1.14150279842e-05, 1.15345619633e-05, 1.01660689324e-05, 9.02443025552e-06, 9.31495378609e-06, 6.74368948239e-06, 6.7879927883e-06, 6.09376229477e-06, 4.12337521993e-06],
        "dvar": [2.37901622313e-05, 2.76565078821e-05, 2.41572342929e-05, 1.86550259968e-05, 3.1043718991e-06, 3.54815313131e-07, 8.93403324653e-08, 3.31279714771e-08, 5.38030491271e-08, 2.72533551282e-08, 2.91375101824e-08, 7.9642568096e-09, 9.51265999305e-09, 3.59069662892e-09, 1.35091193787e-09, 1.39252609443e-09, 1.65518909689e-09, 1.01883579351e-09, 1.05697162134e-09, 5.57826673742e-10, 8.27043822316e-10, 2.96795921173e-10, 3.10011433191e-10, 2.16569526201e-10, 1.8791006251e-10, 1.36868238965e-10, 1.30513946872e-10, 1.24879093177e-10, 1.47743928203e-10, 2.80270751052e-10, 1.17579321279e-10, 1.2311068831e-10, 1.34438432609e-10, 1.06099927455e-10, 9.346216856e-11, 1.49498149971e-10, 5.23061489954e-11, 5.64994682983e-11, 4.43925833593e-11, 1.75513267114e-11],
        "dvar2": [5.19013810845e-05, 6.4960506279e-05, 6.68229622534e-05, 4.3041396566e-05, 9.00535269466e-06, 9.40356585488e-07, 2.43126265786e-07, 8.76231567304e-08, 1.16102647496e-07, 6.38658761432e-08, 6.50854943274e-08, 1.84204758114e-08, 2.18163300758e-08, 7.81400899541e-09, 3.16179948889e-09, 3.52774454093e-09, 3.73708930468e-09, 2.61446619909e-09, 2.92193891305e-09, 1.50492462936e-09, 2.2566126745e-09, 8.03888955403e-10, 8.376608851e-10, 5.7926957675e-10, 5.02518582302e-10, 3.78763576059e-10, 3.582657504e-10, 3.38616606976e-10, 4.05111139079e-10, 8.39707137157e-10, 3.27749494211e-10, 3.22877558023e-10, 3.60010854461e-10, 3.00872299297e-10, 2.66986738273e-10, 4.2053038829e-10, 1.32673955155e-10, 1.42582001761e-10, 1.18943230265e-10, 4.57616756988e-11],
        "max": [0.042804826051, 0.0478308685124, 0.041334439069, 0.03825519979, 0.0163969770074, 0.0126680899411, 0.00383127271198, 0.00374843017198, 0.00651208264753, 0.00521434284747, 0.00522429449484, 0.00484753539786, 0.00313638104126, 0.00151744892355, 0.000777677923907, 0.000683879072312, 0.00108304794412, 0.00119221047498, 0.00132424174808, 0.000806124764495, 0.000360696518328, 0.000199571819394, 0.000314551230986, 0.000223931390792, 0.000168427577592, 0.000189694314031, 0.000187019948498, 0.000128729181597, 0.000176968853339, 0.000210503596463, 0.000142632678035, 0.00013027319801, 0.000150677064084, 8.84663095349e-05, 0.000101949241071, 0.000147513594129, 7.24530837033e-05, 8.62100569066e-05, 5.95613819314e-05, 3.80645906262e-05],
        "mean": [0.0101351803169, 0.00291693140753, 0.00131751713343, 0.00119467079639, 0.000528539239895, 0.000534705177415, 0.000230413716054, 0.000110439461423, 0.000156601105118, 0.000143950397614, 0.000124018755741, 4.99928100908e-05, 5.96882200625e-05, 5.14639250468e-05, 3.4370666981e-05, 3.22691121255e-05, 4.00205608457e-05, 2.67158829956e-05, 2.9795059163e-05, 2.34229737544e-05, 2.5916233426e-05, 2.08358651435e-05, 1.90227674466e-05, 1.6680225599e-05, 1.58093262144e-05, 1.52046013682e-05, 1.56512742251e-05, 1.59701103257e-05, 1.42682947626e-05, 1.29114105221e-05, 1.19864616863e-05, 1.11002636913e-05, 9.99000076263e-06, 8.72497821547e-06, 7.69560119807e-06, 8.00294674264e-06, 6.81993378748e-06, 6.02311411058e-06, 5.24163215232e-06, 4.07786592405e-06],
        "median": [0.010370278731, 0.00129648775328, 0.000277484068647, 0.000175706765731, 0.000188188088941, 0.000277835642919, 0.000113409027108, 3.6525849282e-05, 4.19715543103e-05, 6.46537228022e-05, 4.2544943426e-05, 1.87246569112e-05, 2.13962266571e-05, 2.30068708333e-05, 1.6961404981e-05, 1.49553898154e-05, 1.75711575139e-05, 1.50609112097e-05, 1.88935628103e-05, 1.53214659804e-05, 1.54825320351e-05, 1.55597208504e-05, 1.36031449074e-05, 1.24697744468e-05, 1.20426202557e-05, 1.19321175589e-05, 1.30621911012e-05, 1.35121981657e-05, 1.08873473437e-05, 9.72880479821e-06, 9.07800585992e-06, 8.27655185276e-06, 7.1005947575e-06, 6.37210905552e-06, 5.67159167986e-06, 5.19228933626e-06, 4.68768166684e-06, 3.86519195672e-06, 3.38182849191e-06, 2.95392624139e-06],
        "min": [1.5834526877e-24, 3.15675687708e-24, 5.06797772102e-24, 2.84358225315e-24, 3.44925999263e-24, 3.85582983128e-24, 4.97153908093e-24, 4.93927703649e-24, 3.95944947219e-24, 2.40255082864e-24, 5.23602442093e-24, 3.1163602962e-24, 6.21275767832e-24, 3.91384226782e-24, 5.66114747921e-24, 1.0297831672e-24, 3.98270193624e-24, 5.05509325586e-24, 6.05184070328e-24, 4.92741651278e-24, 4.6269188836e-24, 4.77218328056e-24, 4.63697291583e-24, 8.43268799626e-24, 8.70158070214e-24, 6.98172351152e-24, 6.9713058144e-24, 7.16897463573e-24, 7.12608347945e-24, 4.60861533844e-24, 6.53322098259e-24, 6.72641499043e-24, 6.56077076641e-24, 6.62576186095e-24, 5.32883903402e-24, 8.28259932044e-24, 7.70411815231e-24, 1.00185824057e-23, 7.10340451728e-24, 7.71818275339e-24],
        "var": [9.03206091607e-05, 3.40025071637e-05, 1.55835186888e-05, 1.68256046891e-05, 1.86840748029e-06, 5.56918848815e-07, 1.27084803125e-07, 5.4550330475e-08, 1.20626765465e-07, 5.56934232065e-08, 6.38683275156e-08, 1.31697790451e-08, 1.9806506657e-08, 7.10694703088e-09, 2.45777753705e-09, 2.21717977311e-09, 3.90599508293e-09, 1.51657264524e-09, 1.39066724802e-09, 8.60063631425e-10, 1.09089082212e-09, 4.81065964841e-10, 4.76196859722e-10, 3.51695811363e-10, 3.04948427621e-10, 2.54662707588e-10, 2.34052999204e-10, 2.19246412692e-10, 2.24623084022e-10, 2.59994192842e-10, 1.59830662594e-10, 1.61205535032e-10, 1.54759857707e-10, 1.12038357758e-10, 8.92954876708e-11, 1.30565266931e-10, 7.27521376476e-11, 6.94987609129e-11, 5.0718054756e-11, 2.38548538561e-11]
    },
    "mfcc": {
        "mean": [-630.338378906, 83.7702789307, 13.4498138428, 23.0593757629, 2.34801006317, 8.96837902069, -1.24147629738, 3.99483060837, 2.12951731682, 5.32815122604, -1.32569766045, 2.92746734619, 2.26393270493],
        "cov": [[11299.5810547, -2114.6184082, 998.200927734, 1108.84399414, 1275.43969727, 709.847412109, 958.284606934, 261.252380371, 410.839111328, 44.3662414551, 379.797851562, 136.404052734, 32.241104126], [-2114.6184082, 2388.58447266, -368.288574219, -303.395294189, -395.210357666, -248.284698486, -351.926300049, -137.175857544, -182.107177734, 14.3046541214, -127.844543457, -7.6060628891, 13.1236400604], [998.200927734, -368.288574219, 964.956604004, 453.446990967, 530.29901123, 194.146331787, 312.246520996, 164.879653931, 113.990844727, -3.62088179588, 148.17326355, 19.8670806885, -20.9758682251], [1108.84399414, -303.395294189, 453.446990967, 530.24041748, 425.027374268, 226.562683105, 277.990509033, 131.03237915, 117.720306396, 33.611656189, 91.5634384155, 33.0054702759, -14.9753379822], [1275.43969727, -395.210357666, 530.29901123, 425.027374268, 645.265686035, 248.311141968, 400.092224121, 161.794708252, 164.205459595, 29.1504936218, 159.435928345, 66.9414291382, -5.92442512512], [709.847412109, -248.284698486, 194.146331787, 226.562683105, 248.311141968, 244.709274292, 222.21711731, 102.917388916, 109.387626648, 52.868927002, 75.8637313843, 40.7234573364, 19.180475235], [958.284606934, -351.926300049, 312.246520996, 277.990509033, 400.092224121, 222.21711731, 378.105834961, 160.911712646, 162.794006348, 51.6119804382, 128.437255859, 60.6719703674, 17.2380981445], [261.252380371, -137.175857544, 164.879653931, 131.03237915, 161.794708252, 102.917388916, 160.911712646, 166.962341309, 107.065345764, 53.8964691162, 78.1783599854, 22.1429443359, 26.2668685913], [410.839111328, -182.107177734, 113.990844727, 117.720306396, 164.205459595, 109.387626648, 162.794006348, 107.065345764, 166.339828491, 75.1647949219, 82.2212600708, 38.5885009766, 13.9200706482], [44.3662414551, 14.3046541214, -3.62088179588, 33.611656189, 29.1504936218, 52.868927002, 51.6119804382, 53.8964691162, 75.1647949219, 127.925048828, 54.4585609436, 39.7877502441, 20.0359344482], [379.797851562, -127.844543457, 148.17326355, 91.5634384155, 159.435928345, 75.8637313843, 128.437255859, 78.1783599854, 82.2212600708, 54.4585609436, 172.946166992, 61.8899421692, 44.12525177], [136.404052734, -7.6060628891, 19.8670806885, 33.0054702759, 66.9414291382, 40.7234573364, 60.6719703674, 22.1429443359, 38.5885009766, 39.7877502441, 61.8899421692, 109.914749146, 52.2242622375], [32.241104126, 13.1236400604, -20.9758682251, -14.9753379822, -5.92442512512, 19.180475235, 17.2380981445, 26.2668685913, 13.9200706482, 20.0359344482, 44.12525177, 52.2242622375, 128.059432983]],
