{
"lowlevel": {
    "average_loudness": 0.971757888794,
    "barkbands_crest": {
        "dmean": 3.19618725777,
        "dmean2": 4.9018239975,
        "dvar": 12.2400169373,
        "dvar2": 26.4499816895,
        "max": 26.5055160522,
        "mean": 12.966635704,
        "median": 12.7597980499,
        "min": 2.08018875122,
        "var": 30.1379375458
    },
    "barkbands_flatness_db": {
        "dmean": 0.0299048274755,
        "dmean2": 0.0434846021235,
        "dvar": 0.00133514974732,
        "dvar2": 0.00272943614982,
        "max": 0.420941233635,
        "mean": 0.120196565986,
        "median": 0.103912040591,
        "min": 0.0114554436877,
        "var": 0.00474574230611
    },
    "barkbands_kurtosis": {
        "dmean": 3.66728258133,
        "dmean2": 5.53320121765,
        "dvar": 169.8724823,
        "dvar2": 409.869171143,
        "max": 670.844543457,
        "mean": 3.64111018181,
        "median": -0.140367746353,
        "min": -1.93392062187,
        "var": 281.029815674
    },
    "barkbands_skewness": {
        "dmean": 0.73911678791,
        "dmean2": 1.05443632603,
        "dvar": 0.93548476696,
        "dvar2": 1.79784166813,
        "max": 21.8285274506,
        "mean": 1.16670691967,
        "median": 0.916365921497,
        "min": -4.78816986084,
        "var": 3.16906452179
    },
    "barkbands_spread": {
        "dmean": 10.8258810043,
        "dmean2": 16.6152381897,
        "dvar": 158.846740723,
        "dvar2": 360.353485107,
        "max": 122.936264038,
        "mean": 48.6566047668,
        "median": 51.2863693237,
        "min": 0.317172467709,
        "var": 558.370178223
    },
    "dissonance": {
        "dmean": 0.00950409844518,
        "dmean2": 0.016238482669,
        "dvar": 0.00010503813246,
        "dvar2": 0.000287840433884,
        "max": 0.500000119209,
        "mean": 0.48691996932,
        "median": 0.490059286356,
        "min": 0.345657378435,
        "var": 0.000149060317199
    },
    "dynamic_complexity": 2.1345744133,
    "erbbands_crest": {
        "dmean": 2.46184563637,
        "dmean2": 4.04610538483,
        "dvar": 6.37911272049,
        "dvar2": 15.68247509,
        "max": 31.3392925262,
        "mean": 7.51815700531,
        "median": 6.3606338501,
        "min": 2.29767036438,
        "var": 16.5945796967
    },
    "erbbands_flatness_db": {
        "dmean": 0.0167509075254,
        "dmean2": 0.0257750619203,
        "dvar": 0.000334345444571,
        "dvar2": 0.000697492796462,
        "max": 0.44048628211,
        "mean": 0.127166852355,
        "median": 0.110610604286,
        "min": 0.041956782341,
        "var": 0.00380065268837
    },
    "erbbands_kurtosis": {
        "dmean": 0.945949077606,
        "dmean2": 1.49591851234,
        "dvar": 1.74716567993,
        "dvar2": 4.14412689209,
        "max": 55.7560997009,
        "mean": 0.571528196335,
        "median": 0.051319360733,
        "min": -1.88742184639,
        "var": 4.45796203613
    },
    "erbbands_skewness": {
        "dmean": 0.358177572489,
        "dmean2": 0.558601140976,
        "dvar": 0.11541698873,
        "dvar2": 0.248165354133,
        "max": 3.32644891739,
        "mean": -0.303578406572,
        "median": -0.290094822645,
        "min": -3.18399190903,
        "var": 0.422599852085
    },
    "erbbands_spread": {
        "dmean": 13.17993927,
        "dmean2": 18.9562969208,
        "dvar": 425.424224854,
        "dvar2": 696.377502441,
        "max": 202.466629028,
        "mean": 47.7094078064,
        "median": 38.3191223145,
        "min": 1.2658854723,
        "var": 1136.84179688
    },
    "hfc": {
        "dmean": 13.8276901245,
        "dmean2": 20.9245529175,
        "dvar": 329.31137085,
        "dvar2": 739.317077637,
        "max": 213.828521729,
        "mean": 59.7489585876,
        "median": 59.0754852295,
        "min": 1.08462681392e-16,
        "var": 1190.83605957
    },
    "melbands_crest": {
        "dmean": 4.47353601456,
        "dmean2": 7.21986865997,
        "dvar": 28.8880882263,
        "dvar2": 69.5136795044,
        "max": 37.8339958191,
        "mean": 23.2601184845,
        "median": 25.5169410706,
        "min": 1.60156869888,
        "var": 66.3456268311
    },
    "melbands_flatness_db": {
        "dmean": 0.039175838232,
        "dmean2": 0.0565720610321,
        "dvar": 0.00231474381872,
        "dvar2": 0.00465242704377,
        "max": 0.549185097218,
        "mean": 0.17236572504,
        "median": 0.161925777793,
        "min": 0.00266004982404,
        "var": 0.00593659700826
    },
    "melbands_kurtosis": {
        "dmean": 23.2064552307,
        "dmean2": 34.6118240356,
        "dvar": 3115.56787109,
        "dvar2": 6671.578125,
        "max": 1313.93286133,
        "mean": 31.6823749542,
        "median": 7.51728343964,
        "min": -1.76082670689,
        "var": 5421.89697266
    },
    "melbands_skewness": {
        "dmean": 1.53838014603,
        "dmean2": 2.22507929802,
        "dvar": 5.08817005157,
        "dvar2": 9.5445432663,
        "max": 29.8260402679,
        "mean": 3.71230792999,
        "median": 2.74931383133,
        "min": -3.96768140793,
        "var": 13.9254646301
    },
    "melbands_spread": {
        "dmean": 16.5029430389,
        "dmean2": 25.8503189087,
        "dvar": 528.145812988,
        "dvar2": 1126.99743652,
        "max": 251.250244141,
        "mean": 44.5419769287,
        "median": 38.461681366,
        "min": 0.265491724014,
        "var": 1106.46057129
    },
    "pitch_salience": {
        "dmean": 0.102647341788,
        "dmean2": 0.159108549356,
        "dvar": 0.0139921074733,
        "dvar2": 0.0320172868669,
        "max": 0.948879718781,
        "mean": 0.433301657438,
        "median": 0.421537071466,
        "min": 0.0350758358836,
        "var": 0.0278920959681
    },
    "silence_rate_20dB": {
        "dmean": 0,
        "dmean2": 0,
        "dvar": 0,
        "dvar2": 0,
        "max": 1,
        "mean": 1,
        "median": 1,
        "min": 1,
        "var": 0
    },
    "silence_rate_30dB": {
        "dmean": 0.0358974374831,
        "dmean2": 0.0718006268144,
        "dvar": 0.0346047990024,
        "dvar2": 0.0839422345161,
        "max": 1,
        "mean": 0.972518205643,
        "median": 1,
        "min": 0,
        "var": 0.0267259497195
    },
    "silence_rate_60dB": {
        "dmean": 0.0051282052882,
        "dmean2": 0.0102572320029,
        "dvar": 0.00510230194777,
        "dvar2": 0.0120767913759,
        "max": 1,
        "mean": 0.0292444508523,
        "median": 0,
        "min": 0,
        "var": 0.0283884108067
    },
    "spectral_centroid": {
        "dmean": 343.433013916,
        "dmean2": 515.414123535,
        "dvar": 227485.640625,
        "dvar2": 372243.625,
        "max": 11289.6728516,
        "mean": 2693.55541992,
        "median": 2798.43652344,
        "min": 192.708740234,
        "var": 713719.25
    },
    "spectral_complexity": {
        "dmean": 6.02227544785,
        "dmean2": 9.25987625122,
        "dvar": 48.924041748,
        "dvar2": 102.941703796,
        "max": 59,
        "mean": 24.8033008575,
        "median": 25,
        "min": 0,
        "var": 165.856704712
    },
    "spectral_decrease": {
        "dmean": 3.06265879324e-09,
        "dmean2": 4.35432623291e-09,
        "dvar": 1.63723643576e-17,
        "dvar2": 2.77930071927e-17,
        "max": 9.99465918723e-29,
        "mean": -9.89895720949e-09,
        "median": -9.58211376911e-09,
        "min": -3.64036694123e-08,
        "var": 3.97502437456e-17
    },
    "spectral_energy": {
        "dmean": 0.0117191169411,
        "dmean2": 0.0166478566825,
        "dvar": 0.000229462690186,
        "dvar2": 0.000384234153898,
        "max": 0.143958240747,
        "mean": 0.0427802689373,
        "median": 0.0421472378075,
        "min": 9.91474999636e-21,
        "var": 0.000596988596953
    },
    "spectral_energyband_high": {
        "dmean": 0.00137804041151,
        "dmean2": 0.002059267601,
        "dvar": 3.26421809405e-06,
        "dvar2": 7.23086350263e-06,
        "max": 0.0211846139282,
        "mean": 0.00497015239671,
        "median": 0.00454262830317,
        "min": 6.81530424112e-21,
        "var": 1.22240262499e-05
    },
    "spectral_energyband_low": {
        "dmean": 0.0103228213266,
        "dmean2": 0.0153922354802,
        "dvar": 0.000225350813707,
        "dvar2": 0.000446480436949,
        "max": 0.136139169335,
        "mean": 0.0255643762648,
        "median": 0.0231690108776,
        "min": 2.546983214e-23,
        "var": 0.000496978696901
    },
    "spectral_energyband_middle_high": {
        "dmean": 0.00257761683315,
        "dmean2": 0.0040806629695,
        "dvar": 9.63004913501e-06,
        "dvar2": 2.2588768843e-05,
        "max": 0.0819530561566,
        "mean": 0.00787494704127,
        "median": 0.00701266853139,
        "min": 1.2701611751e-21,
        "var": 4.26157930633e-05
    },
    "spectral_energyband_middle_low": {
        "dmean": 0.00511221867055,
        "dmean2": 0.00822489429265,
        "dvar": 0.000211317557842,
        "dvar2": 0.000449446815765,
        "max": 0.119935393333,
        "mean": 0.00567092467099,
        "median": 0.00192718068138,
        "min": 2.23334272038e-22,
        "var": 0.000216318963794
    },
    "spectral_entropy": {
        "dmean": 0.138480305672,
        "dmean2": 0.203963518143,
        "dvar": 0.0248326472938,
        "dvar2": 0.0510539971292,
        "max": 9.81298160553,
        "mean": 8.15463542938,
        "median": 8.25431632996,
        "min": 5.38575601578,
        "var": 0.153325542808
    },
    "spectral_flux": {
        "dmean": 0.0343918167055,
        "dmean2": 0.0527443364263,
        "dvar": 0.00159968412481,
        "dvar2": 0.00369627750479,
        "max": 0.386811494827,
        "mean": 0.1096476987,
        "median": 0.0972474887967,
        "min": 6.30844890215e-11,
        "var": 0.0038171922788
    },
    "spectral_kurtosis": {
        "dmean": 0.622369229794,
        "dmean2": 0.968106269836,
        "dvar": 0.896227657795,
        "dvar2": 2.38944721222,
        "max": 28.7393951416,
        "mean": 2.14185547829,
        "median": 1.84630155563,
        "min": -1.32564854622,
        "var": 4.04541921616
    },
    "spectral_rms": {
        "dmean": 0.000895306002349,
        "dmean2": 0.00128763425164,
        "dvar": 1.21232346828e-06,
        "dvar2": 2.07019706977e-06,
        "max": 0.0118510369211,
        "mean": 0.00613812636584,
        "median": 0.00641242973506,
        "min": 3.11013281101e-12,
        "var": 4.06035223932e-06
    },
    "spectral_rolloff": {
        "dmean": 1316.48474121,
        "dmean2": 2099.42236328,
        "dvar": 3617318,
        "dvar2": 7613712.5,
        "max": 19401.4160156,
        "mean": 3603.69482422,
        "median": 3100.78125,
        "min": 43.06640625,
        "var": 9115449
    },
    "spectral_skewness": {
        "dmean": 0.123644918203,
        "dmean2": 0.187523767352,
        "dvar": 0.0154953086749,
        "dvar2": 0.0348861142993,
        "max": 3.37760519981,
        "mean": 1.16600930691,
        "median": 1.17630374432,
        "min": -0.0704930201173,
        "var": 0.0914995595813
    },
    "spectral_spread": {
        "dmean": 687337,
        "dmean2": 972978.5,
        "dvar": 925291053056,
        "dvar2": 1.69508077568e+12,
        "max": 50335712,
        "mean": 6872526,
        "median": 6699457,
        "min": 1229892,
        "var": 5.00941822362e+12
    },
    "spectral_strongpeak": {
        "dmean": 0.485334932804,
        "dmean2": 0.81007117033,
        "dvar": 1.4157115221,
        "dvar2": 3.18794703484,
        "max": 19.2979183197,
        "mean": 0.876901626587,
        "median": 0.290616035461,
        "min": 0,
        "var": 2.93884444237
    },
    "zerocrossingrate": {
        "dmean": 0.0217264816165,
        "dmean2": 0.0249433889985,
        "dvar": 0.000576074817218,
        "dvar2": 0.000781055423431,
        "max": 0.66064453125,
        "mean": 0.124189630151,
        "median": 0.11328125,
        "min": 0.001953125,
        "var": 0.00507976254448
    },
    "barkbands": {
        "dmean": [0.0009242054075, 0.00743212131783, 0.00327467592433, 0.0033964747563, 0.00177563214675, 0.000413193803979, 0.000324866035953, 0.000288509851089, 0.000258202693658, 0.000401154858992, 0.000491977436468, 0.000428403785918, 0.000451910105767, 0.000479510665173, 0.000366440188373, 0.000688318104949, 0.000420568947447, 0.0005641138996, 0.000432630215073, 0.000334125594236, 0.000283849571133, 0.000308414862957, 0.00027613560087, 0.000333906675223, 0.000318842096021, 0.000212151251617, 4.13886737078e-05],
        "dmean2": [0.00134221580811, 0.0110800415277, 0.00551314139739, 0.00580743188038, 0.00322969723493, 0.000719226431102, 0.000551412347704, 0.000485037337057, 0.000438807910541, 0.000669363129418, 0.000808340206277, 0.000713350309525, 0.000716557726264, 0.000755588640459, 0.000601939042099, 0.00111372454558, 0.000660797639284, 0.00090539176017, 0.000713703979272, 0.000542049645446, 0.000467643403681, 0.000508997472934, 0.000441640469944, 0.000525422161445, 0.000468283047667, 0.000310852366965, 6.5577805799e-05],
        "dvar": [1.76209175606e-06, 0.000110204375233, 0.000176298330189, 0.000158320413902, 3.80652381864e-05, 9.10052278869e-07, 4.74059049793e-07, 3.46665643747e-07, 2.51342640922e-07, 6.28544626124e-07, 8.89503269264e-07, 6.29112378192e-07, 8.45804834171e-07, 1.04628145436e-06, 1.03902220872e-06, 2.20265565076e-06, 5.42895406852e-07, 1.01702403299e-06, 4.3580325837e-07, 1.66118695688e-07, 1.03258003037e-07, 1.55395568413e-07, 1.30141302179e-07, 2.23884910611e-07, 1.79215206231e-07, 9.59468948736e-08, 3.6589602459e-09],
        "dvar2": [3.35699769494e-06, 0.000195515123778, 0.00045151024824, 0.00037098894245, 0.000108410633402, 2.58825093624e-06, 1.28287399548e-06, 9.07256833216e-07, 6.65696973101e-07, 1.58512762027e-06, 2.32114666687e-06, 1.59567593983e-06, 1.99688042812e-06, 2.23542474487e-06, 2.61850686911e-06, 5.32608964932e-06, 1.21975983802e-06, 2.22374865189e-06, 1.1068943877e-06, 4.00933771516e-07, 2.65517940079e-07, 4.06372606676e-07, 3.21774194845e-07, 5.49156482066e-07, 3.72086901734e-07, 2.05498878358e-07, 8.54116422033e-09],
        "max": [0.0146059049293, 0.11356768012, 0.109353080392, 0.109168171883, 0.051636878401, 0.0131034515798, 0.0128684323281, 0.01360909082, 0.00698053976521, 0.0126295946538, 0.0135510610417, 0.0201162435114, 0.0186519827694, 0.0223694313318, 0.0519785694778, 0.0342076569796, 0.0178647972643, 0.0338260382414, 0.0123150227591, 0.0062182485126, 0.00430333614349, 0.00520382635295, 0.00661593070254, 0.00657446775585, 0.00690641393885, 0.00457327300683, 0.000944364408497],
        "mean": [0.00263247755356, 0.0190190337598, 0.00271158805117, 0.00258989515714, 0.00136212585494, 0.000482063682284, 0.000422519718995, 0.000354590505594, 0.000311899493681, 0.000527735624928, 0.000650269794278, 0.000653839320876, 0.000701742945239, 0.000836295599584, 0.000575045996811, 0.00117835891433, 0.000720417185221, 0.000955330673605, 0.000805382966064, 0.000718820723705, 0.000712745881174, 0.00071440404281, 0.000707264465746, 0.000841203844175, 0.000892438285518, 0.000620304606855, 8.25183087727e-05],
        "median": [0.00121651822701, 0.0166086312383, 0.000403045123676, 0.000159879185958, 0.000281783897663, 0.00020173023222, 0.000159996241564, 0.000116049013741, 8.29362761579e-05, 0.000141107637319, 0.000197459507035, 0.000237444619415, 0.000222868620767, 0.000276414153632, 0.000222708185902, 0.000394112139475, 0.000380066485377, 0.000532279605977, 0.00056326581398, 0.000575878657401, 0.000615474127699, 0.000591687276028, 0.000586336827837, 0.000701874436345, 0.000691867666319, 0.000415550312027, 3.93447699025e-05],
        "min": [5.68598121494e-25, 7.17138539465e-24, 4.43463127694e-24, 2.96347353074e-24, 1.63617529911e-23, 1.35138073511e-23, 2.38398656495e-23, 1.7776470895e-23, 4.19645791912e-23, 4.70520820085e-23, 2.14674737622e-23, 3.38166652485e-23, 4.85368570716e-23, 5.07791721066e-23, 8.96907144441e-23, 6.96276465961e-23, 9.60620347421e-23, 1.75540951079e-22, 1.59146755394e-22, 1.61144264802e-22, 3.41049509953e-22, 3.83076762566e-22, 3.89547996831e-22, 6.81371753261e-22, 1.00832448292e-21, 1.37862230467e-21, 2.05704551044e-21],
        "var": [8.96392612049e-06, 0.00028466960066, 0.000135544454679, 0.000134109257488, 2.28199060075e-05, 7.63731350162e-07, 5.86491239574e-07, 4.20574451709e-07, 3.06969042185e-07, 9.86191707852e-07, 1.39629526075e-06, 1.58778345849e-06, 2.10860412153e-06, 3.22862956637e-06, 2.19342064156e-06, 5.46947421753e-06, 1.26849147364e-06, 2.65836797553e-06, 8.45626402679e-07, 3.89570544712e-07, 2.83791479205e-07, 3.29448766934e-07, 3.44713669165e-07, 5.0566183063e-07, 7.00583711932e-07, 3.94916810365e-07, 1.03600674706e-08]
    },
    "erbbands": {
        "dmean": [0.307799518108, 1.39417135715, 3.45847296715, 7.6725692749, 8.51579856873, 5.21847724915, 3.55474281311, 3.63812828064, 4.64116668701, 5.3098950386, 5.54582023621, 5.55904245377, 11.1231184006, 13.6784629822, 19.8264732361, 15.4137811661, 19.5788555145, 21.4839401245, 18.6933784485, 28.7358341217, 27.5713214874, 24.2954425812, 33.2411842346, 23.1881828308, 18.2109794617, 15.1065301895, 11.9069747925, 11.7378940582, 11.2194309235, 9.59569263458, 7.79475736618, 7.15476465225, 5.67310619354, 4.09413862228, 2.25280666351, 1.05999147892, 0.398633092642, 0.093122318387, 0.0038126797881, 7.46707373764e-05],
        "dmean2": [0.455217421055, 2.07218694687, 5.4595117569, 12.6016578674, 14.0325670242, 9.55339622498, 6.3851685524, 6.21504497528, 7.96631908417, 8.70327472687, 9.29859256744, 9.3845615387, 18.6796092987, 22.7206687927, 33.1456832886, 25.1760978699, 30.9575138092, 33.1516799927, 30.2735500336, 46.1483039856, 44.6116523743, 38.2925224304, 52.3532028198, 37.6332931519, 29.634344101, 24.6628665924, 19.5531845093, 19.257484436, 18.5010547638, 15.654964447, 12.5237207413, 11.5802459717, 8.78287982941, 6.12447404861, 3.43628978729, 1.5682682991, 0.599915027618, 0.14153239131, 0.00592140713707, 0.000110282540845],
        "dvar": [0.156907141209, 6.05459690094, 156.781936646, 645.282348633, 866.94543457, 329.099731445, 103.867370605, 63.1070556641, 101.707328796, 111.303268433, 140.810668945, 116.435424805, 512.389282227, 972.429992676, 1314.14440918, 854.508911133, 1543.9473877, 2123.69604492, 1289.12573242, 5062.74023438, 2728.49365234, 1956.71972656, 4303.21679688, 1419.52832031, 640.41192627, 357.909973145, 185.316940308, 191.205947876, 214.804321289, 135.539489746, 114.136238098, 108.370750427, 65.7906036377, 30.7598514557, 9.15979957581, 2.28108024597, 0.338232040405, 0.0192475486547, 3.05015873892e-05, 1.08070601357e-08],
        "dvar2": [0.315259605646, 9.16739654541, 384.643310547, 1503.28295898, 2100.78369141, 947.332458496, 302.688049316, 174.102005005, 278.261444092, 286.784362793, 370.863006592, 306.505126953, 1300.73815918, 2522.60449219, 3487.79516602, 2046.41345215, 3653.3215332, 4325.26269531, 3178.04345703, 12411.0869141, 6700.48242188, 4492.13037109, 9018.90332031, 3390.74951172, 1563.16479492, 886.443054199, 473.812774658, 490.065551758, 564.369934082, 343.374938965, 279.439483643, 275.298339844, 155.563781738, 66.349105835, 20.3547019958, 4.93978214264, 0.754031062126, 0.0419665016234, 7.00379168848e-05, 2.19575184701e-08],
        "max": [3.67598462105, 27.9976825714, 109.928916931, 193.940765381, 265.843383789, 167.71421814, 104.911018372, 164.863830566, 192.227615356, 176.263824463, 263.437133789, 142.781768799, 448.450408936, 630.350769043, 418.383331299, 691.030090332, 727.656738281, 1130.08374023, 985.49621582, 4508.96044922, 1006.19921875, 1170.47302246, 2431.39526367, 764.771911621, 407.768798828, 352.95300293, 223.050384521, 199.232620239, 242.734786987, 150.944946289, 242.042144775, 103.444030762, 153.724334717, 87.6433334351, 40.8177604675, 22.3323097229, 9.32779502869, 2.54465794563, 0.103599496186, 0.0018514553085],
        "mean": [0.868916451931, 2.95668911934, 3.49679136276, 6.27488517761, 6.69853591919, 4.0910153389, 3.49930262566, 4.49023008347, 5.95616388321, 7.03574562073, 7.06625699997, 7.07936954498, 14.4524402618, 18.8551101685, 27.658914566, 26.419172287, 32.4653129578, 41.4050636292, 32.8429756165, 50.4711914062, 49.6377639771, 44.2348022461, 58.0563774109, 44.8117828369, 35.354095459, 32.8095092773, 28.4792385101, 28.6862983704, 25.8346157074, 23.355758667, 19.7190933228, 17.0920181274, 14.1557788849, 10.6259078979, 5.98186731339, 2.95671820641, 1.0707681179, 0.242230787873, 0.00921676494181, 0.000259413616732],
        "median": [0.832198858261, 1.65124058723, 0.711365044117, 0.59058380127, 0.691538989544, 0.94348025322, 1.2166364193, 1.83684372902, 2.23409152031, 3.02868533134, 2.33632946014, 2.20773386955, 4.08982181549, 6.82548332214, 10.1409664154, 10.7072219849, 12.7768630981, 16.5205688477, 17.09948349, 22.5074157715, 24.8783054352, 26.4628295898, 31.7193546295, 29.4681129456, 27.0545520782, 26.5611362457, 24.3478183746, 24.3532218933, 21.4432239532, 19.4862308502, 15.95383358, 14.0795612335, 11.600689888, 8.36965560913, 4.49990129471, 2.17527222633, 0.66956526041, 0.131179243326, 0.00466424645856, 0.000178667163709],
        "min": [2.33051877187e-22, 1.78460743646e-21, 5.83553990561e-21, 7.49539372307e-21, 2.72028651884e-20, 4.63313102249e-20, 1.25526519111e-19, 1.35537627571e-19, 1.71513754513e-19, 4.1426725021e-19, 2.57175053635e-19, 6.52042695433e-19, 1.21610139443e-18, 1.11546360258e-18, 1.5480044099e-18, 1.65985515194e-18, 2.99528407058e-18, 3.1870572102e-18, 4.06010933042e-18, 4.18782767136e-18, 4.06157385369e-18, 6.8226340824e-18, 9.77045887213e-18, 8.85432739241e-18, 5.73191786259e-18, 8.66507591288e-18, 1.33578088399e-17, 1.45487983751e-17, 1.48024086422e-17, 1.37033776028e-17, 1.17527384803e-17, 1.27214141269e-17, 1.1658827011e-17, 9.47061748061e-18, 7.42132797102e-18, 4.54987883521e-18, 2.27662810682e-18, 1.03726856491e-18, 2.71223061978e-19, 2.81033676074e-20],
        "var": [0.510831058025, 15.5592947006, 145.74029541, 562.923217773, 722.16595459, 192.531982422, 68.0203704834, 63.2208747864, 124.251335144, 141.088256836, 178.786178589, 146.868087769, 762.00402832, 1367.81494141, 2090.80444336, 2867.41040039, 3763.05932617, 7385.73632812, 2582.06640625, 12394.609375, 6295.52441406, 4501.05419922, 11748.8564453, 3143.48657227, 1194.04187012, 787.625, 470.657043457, 491.845367432, 439.065429688, 341.422790527, 287.360717773, 213.631195068, 157.725265503, 100.429039001, 33.270778656, 8.901263237, 1.26741981506, 0.0732927322388, 0.00011421108502, 5.05491826175e-08]
    },
    "gfcc": {
        "mean": [45.6201515198, 0.724857509136, -100.823760986, 46.1323471069, -42.0444793701, 33.5565567017, -29.1434326172, 23.3015575409, -20.7714595795, 16.479429245, -11.7613048553, 13.5467758179, -9.75627613068],
        "cov": [[9348.44824219, 2081.60668945, 1273.67773438, 171.417984009, 363.071716309, -50.0398902893, -134.036972046, 15.9679985046, 83.9042129517, 232.388519287, 126.384086609, 240.767181396, -59.8773574829], [2081.60668945, 2324.69433594, 471.114929199, 215.897262573, 166.610794067, -237.62928772, -48.4412002563, -91.3106994629, 76.9868164062, -29.6743144989, 166.487930298, -19.5258407593, 57.3913154602], [1273.67773438, 471.114929199, 1735.5201416, 482.089569092, 62.1593437195, 87.3351135254, 34.8643455505, -16.93450737, -50.8080215454, 10.5190238953, -89.8819122314, 1.6844547987, -109.964309692], [171.417984009, 215.897262573, 482.089569092, 412.449584961, 153.862075806, 89.6291351318, 23.0523490906, 1.07115006447, -11.5912151337, -16.8635501862, -15.7851428986, -28.9577598572, -32.2047424316], [363.071716309, 166.610794067, 62.1593437195, 153.862075806, 340.955566406, 128.462615967, 80.4215087891, 24.2550296783, 47.2932853699, 23.0099163055, 17.7442417145, 18.2700691223, -6.72666025162], [-50.0398902893, -237.62928772, 87.3351135254, 89.6291351318, 128.462615967, 284.080078125, 122.822158813, 54.7608108521, 40.5167579651, 56.0155639648, 0.266891270876, 24.7199687958, 7.56440544128], [-134.036972046, -48.4412002563, 34.8643455505, 23.0523490906, 80.4215087891, 122.822158813, 203.609313965, 105.848419189, 45.1809310913, 36.1300468445, 29.9774990082, 42.6073226929, 11.1775608063], [15.9679985046, -91.3106994629, -16.93450737, 1.07115006447, 24.2550296783, 54.7608108521, 105.848419189, 178.950744629, 79.2816085815, 28.7205905914, 23.9606361389, 56.6107635498, 30.3602771759], [83.9042129517, 76.9868164062, -50.8080215454, -11.5912151337, 47.2932853699, 40.5167579651, 45.1809310913, 79.2816085815, 148.188278198, 74.1550827026, 37.4613876343, 24.1601886749, 40.9774360657], [232.388519287, -29.6743144989, 10.5190238953, -16.8635501862, 23.0099163055, 56.0155639648, 36.1300468445, 28.7205905914, 74.1550827026, 135.505584717, 59.7502555847, 33.7875900269, 4.03784751892], [126.384086609, 166.487930298, -89.8819122314, -15.7851428986, 17.7442417145, 0.266891270876, 29.9774990082, 23.9606361389, 37.4613876343, 59.7502555847, 125.637939453, 59.9056625366, 28.4364852905], [240.767181396, -19.5258407593, 1.6844547987, -28.9577598572, 18.2700691223, 24.7199687958, 42.6073226929, 56.6107635498, 24.1601886749, 33.7875900269, 59.9056625366, 111.235397339, 49.0361785889], [-59.8773574829, 57.3913154602, -109.964309692, -32.2047424316, -6.72666025162, 7.56440544128, 11.1775608063, 30.3602771759, 40.9774360657, 4.03784751892, 28.4364852905, 49.0361785889, 102.943992615]],
        "icov": [[0.000219670007937, -0.00029466059641, -5.61612396268e-05, 0.000190574472072, -0.000169514227309, -0.000198748151888, 0.000526071642525, -0.000334706826834, 0.000311207259074, -0.000613923999481, 0.000617018842604, -0.000859016261529, 0.000475735490909], [-0.00029466059641, 0.00134048715699, -0.000448834936833, -0.00013373400725, -0.000516700791195, 0.00134822004475, -0.000982858939096, 0.00104174437001, -0.00122868397739, 0.00180860224646, -0.00305411056615, 0.00261314841919, -0.0017562903231], [-5.61612396268e-05, -0.000448834936833, 0.00146657414734, -0.00174442119896, 0.00108722411096, -0.000314708944643, -0.000454016495496, 0.000420154217863, 2.3045386115e-05, -0.000942722894251, 0.00257438374683, -0.0024563188199, 0.00174469326157], [0.000190574472072, -0.00013373400725, -0.00174442119896, 0.00568958697841, -0.00252221664414, -0.00118892278988, 0.00169466179796, -0.0018286438426, 0.00131933856755, 0.000889014045242, -0.00235042907298, 0.00320764444768, -0.00105890864506], [-0.000169514227309, -0.000516700791195, 0.00108722411096, -0.00252221664414, 0.00562610244378, -0.00185052049346, -0.00155643525068, 0.0017529129982, -0.00224824738689, 0.000776402477641, 0.00171850959305, -0.00299578695558, 0.00253419135697], [-0.000198748151888, 0.00134822004475, -0.000314708944643, -0.00118892278988, -0.00185052049346, 0.00767927570269, -0.00403044931591, 0.00138769880868, -0.000518430431839, -0.0014673032565, -0.000393731432268, 0.00175580650102, -0.00269586057402], [0.000526071642525, -0.000982858939096, -0.000454016495496, 0.00169466179796, -0.00155643525068, -0.00403044931591, 0.0112830875441, -0.00645117880777, 0.00238205771893, -0.00145881692879, -0.000298013736028, -0.0013778405264, 0.00161871279124], [-0.000334706826834, 0.00104174437001, 0.000420154217863, -0.0018286438426, 0.0017529129982, 0.00138769880868, -0.00645117880777, 0.0136091066524, -0.00821441970766, 0.00402881298214, 0.000235637286096, -0.00466417707503, 0.00106912211049], [0.000311207259074, -0.00122868397739, 2.3045386115e-05, 0.00131933856755, -0.00224824738689, -0.000518430431839, 0.00238205771893, -0.00821441970766, 0.0172825772315, -0.0100029027089, 0.00177518487908, 0.00396242178977, -0.00550638744608], [-0.000613923999481, 0.00180860224646, -0.000942722894251, 0.000889014045242, 0.000776402477641, -0.0014673032565, -0.00145881692879, 0.00402881298214, -0.0100029027089, 0.0184119399637, -0.00986885186285, 0.00147148035467, 0.00231919111684], [0.000617018842604, -0.00305411056615, 0.00257438374683, -0.00235042907298, 0.00171850959305, -0.000393731432268, -0.000298013736028, 0.000235637286096, 0.00177518487908, -0.00986885186285, 0.0226888656616, -0.0142643982545, 0.00438803480938], [-0.000859016261529, 0.00261314841919, -0.0024563188199, 0.00320764444768, -0.00299578695558, 0.00175580650102, -0.0013778405264, -0.00466417707503, 0.00396242178977, 0.00147148035467, -0.0142643982545, 0.0273278411478, -0.0130884321406], [0.000475735490909, -0.0017562903231, 0.00174469326157, -0.00105890864506, 0.00253419135697, -0.00269586057402, 0.00161871279124, 0.00106912211049, -0.00550638744608, 0.00231919111684, 0.00438803480938, -0.0130884321406, 0.0194981787354]]
    },
    "melbands": {
        "dmean": [0.00232630595565, 0.00163518602494, 0.00135223555844, 0.000468621379696, 0.000140880860272, 8.08887562016e-05, 6.87898645992e-05, 6.06979920121e-05, 4.43615208496e-05, 3.70368579752e-05, 5.77424907533e-05, 5.58650317544e-05, 6.30042923149e-05, 5.14951752848e-05, 3.88706030208e-05, 4.99674388266e-05, 4.4389096729e-05, 3.46621673089e-05, 3.1150495488e-05, 6.03104999755e-05, 2.76394803223e-05, 2.82376022369e-05, 3.08610869979e-05, 2.44080820266e-05, 2.09964855458e-05, 1.50038076754e-05, 1.34107522172e-05, 1.15098637252e-05, 8.41351538838e-06, 7.90405374573e-06, 7.59376052883e-06, 7.47468675399e-06, 6.11625910096e-06, 5.71925056647e-06, 5.02608008901e-06, 4.58883596366e-06, 5.07384856974e-06, 4.31468743045e-06, 4.15737213189e-06, 3.60477088179e-06],
        "dmean2": [0.00344326719642, 0.00238662934862, 0.00219179107808, 0.000795661297161, 0.000255342776654, 0.000138849631185, 0.000117683630378, 9.98422547127e-05, 7.42083720979e-05, 6.27231202088e-05, 9.6828887763e-05, 9.25418498809e-05, 0.00010430040129, 8.64093672135e-05, 6.23465384706e-05, 7.88158431533e-05, 6.8450870458e-05, 5.6195538491e-05, 5.09189703735e-05, 9.68665626715e-05, 4.43475146312e-05, 4.44073375547e-05, 4.91658938699e-05, 3.91415997001e-05, 3.40577753377e-05, 2.47397128987e-05, 2.18340028368e-05, 1.8935317712e-05, 1.3847833543e-05, 1.30342041302e-05, 1.26269114844e-05, 1.23703839563e-05, 1.01705554698e-05, 9.34271793085e-06, 8.22415586299e-06, 7.37616028346e-06, 8.3693612396e-06, 6.83670623403e-06, 6.37337006992e-06, 5.53677500648e-06],
        "dvar": [8.81368850969e-06, 1.99383612198e-05, 1.9959965357e-05, 2.48869514508e-06, 1.82879716704e-07, 3.12251380308e-08, 2.1849395182e-08, 1.40482985245e-08, 9.21679799148e-09, 5.27846477638e-09, 1.39010127853e-08, 1.53350665499e-08, 1.31196769004e-08, 9.44596934005e-09, 7.45889572329e-09, 1.09023332584e-08, 1.08111004593e-08, 4.80810546932e-09, 8.07320432727e-09, 1.97306544436e-08, 2.36728436853e-09, 3.55094287308e-09, 2.90038770778e-09, 2.13800843696e-09, 1.26132460032e-09, 4.83897477643e-10, 3.42811445897e-10, 2.24976523522e-10, 1.0102465392e-10, 8.73339525698e-11, 9.0853741197e-11, 1.04453078131e-10, 6.02348032563e-11, 4.6596553005e-11, 4.82945697322e-11, 3.69072029882e-11, 5.98714133826e-11, 3.88624826764e-11, 3.02236083383e-11, 2.42932011313e-11],
        "dvar2": [1.7144051526e-05, 4.29281099059e-05, 4.44251090812e-05, 6.63168066239e-06, 5.3401453215e-07, 8.69619185551e-08, 6.00059948397e-08, 3.59626817215e-08, 2.39306974237e-08, 1.39457609905e-08, 3.51930928844e-08, 3.97580102174e-08, 3.44333876967e-08, 2.43617908069e-08, 1.73818754945e-08, 2.6117293217e-08, 2.15880540111e-08, 1.2034593766e-08, 2.11832666963e-08, 4.69055763119e-08, 5.8532529934e-09, 8.13593370452e-09, 6.54250520427e-09, 4.59618831883e-09, 3.00810554243e-09, 1.25264687512e-09, 8.14438905206e-10, 5.65321345292e-10, 2.62256327765e-10, 2.24677623728e-10, 2.40180875188e-10, 2.78570916334e-10, 1.58516560989e-10, 1.20485108002e-10, 1.23236240657e-10, 9.02205046782e-11, 1.58708726716e-10, 9.62779300728e-11, 6.66050131715e-11, 5.46145559333e-11],
        "max": [0.0292479302734, 0.0428826212883, 0.0360591560602, 0.0126197291538, 0.00415168842301, 0.00316377705894, 0.00257104216143, 0.00172180798836, 0.00177335413173, 0.000906275701709, 0.00221854192205, 0.00242682942189, 0.00141459319275, 0.0028154689353, 0.00189713551663, 0.0025015224237, 0.0025388954673, 0.00125327322166, 0.00441250856966, 0.00434722052887, 0.000822552014142, 0.00166141835507, 0.00146448542364, 0.00154569721781, 0.00073820038233, 0.000443720142357, 0.000282083463389, 0.000337437610142, 0.000155844783876, 0.000191259823623, 0.000173325461219, 0.000167094854987, 8.545347373e-05, 9.80344702839e-05, 0.000164297962328, 8.19404158392e-05, 8.30069184303e-05, 0.000139270996442, 7.84286457929e-05, 7.7583375969e-05],
        "mean": [0.00637920945883, 0.00250840070657, 0.00114606285933, 0.000371684349375, 0.000134605928906, 9.99548428808e-05, 8.86105262907e-05, 7.88184552221e-05, 5.58527462999e-05, 4.47980164608e-05, 7.37548980396e-05, 7.48976308387e-05, 8.53490273585e-05, 7.83739669714e-05, 5.87230388192e-05, 7.93163053459e-05, 7.9988327343e-05, 5.40363180335e-05, 4.93643638038e-05, 9.99570911517e-05, 4.42097880295e-05, 4.60507217213e-05, 5.0849004765e-05, 4.17058836319e-05, 3.68447726942e-05, 2.64869649982e-05, 2.37512886088e-05, 2.20601705223e-05, 1.77514266397e-05, 1.73695898411e-05, 1.63004733622e-05, 1.52159063873e-05, 1.28200153995e-05, 1.29494537759e-05, 1.13935820991e-05, 1.05126746348e-05, 1.06343040898e-05, 9.81207176665e-06, 9.88185274764e-06, 8.59595820657e-06],
        "median": [0.00617987243459, 0.000959488679655, 0.000108471176645, 5.97890102654e-05, 4.46529993496e-05, 4.09583335568e-05, 3.41886843671e-05, 3.09521565214e-05, 1.63017193699e-05, 1.21837238112e-05, 1.76046723936e-05, 2.20678903133e-05, 2.89972012979e-05, 2.84650996036e-05, 2.04369316634e-05, 2.32166858041e-05, 2.71954486379e-05, 2.38947213802e-05, 1.77895981324e-05, 2.87129878416e-05, 2.33850732911e-05, 2.17892229557e-05, 2.74912672467e-05, 2.39223736571e-05, 2.20501879085e-05, 1.81416635314e-05, 1.65598739841e-05, 1.5987910956e-05, 1.46075053635e-05, 1.37070537676e-05, 1.32366467369e-05, 1.20292561405e-05, 1.01638024717e-05, 1.07382657006e-05, 9.0501662271e-06, 8.25813458505e-06, 8.50327433e-06, 7.8630837379e-06, 7.63758544053e-06, 6.42088252789e-06],
        "min": [2.57103830457e-24, 3.7662302208e-24, 2.28129975206e-24, 2.56855556209e-24, 4.79738265332e-24, 2.83514262475e-24, 3.40526876982e-24, 5.06628916426e-24, 1.59674233155e-24, 5.64272639378e-24, 6.51102598659e-24, 4.84408045789e-24, 3.78667236787e-24, 4.96447680368e-24, 5.33340338322e-24, 4.24695850657e-24, 5.27647760258e-24, 5.36049286671e-24, 7.23474433598e-24, 4.57176370126e-24, 5.18229273809e-24, 5.44183704781e-24, 6.93791491e-24, 7.40550432297e-24, 5.76342842317e-24, 4.23674394114e-24, 3.39057781318e-24, 4.99266319825e-24, 7.90528636061e-24, 7.89943932358e-24, 6.64554885903e-24, 7.79816693829e-24, 7.41137897013e-24, 7.03756934158e-24, 6.30146627041e-24, 7.62706143022e-24, 6.7905840919e-24, 6.85832909986e-24, 7.91039265725e-24, 7.60631754386e-24],
        "var": [2.56167058978e-05, 2.92417771561e-05, 1.85033695743e-05, 1.78247535132e-06, 1.15007985357e-07, 2.99638074353e-08, 2.56435406243e-08, 1.7958214471e-08, 1.24108998634e-08, 6.40150465969e-09, 2.0936912648e-08, 2.18398010787e-08, 2.10079527108e-08, 2.05492778349e-08, 1.58378572479e-08, 3.15976365073e-08, 3.70043267139e-08, 8.78730332943e-09, 1.83923276609e-08, 4.93441554283e-08, 4.35724256675e-09, 7.56264562085e-09, 6.57289112027e-09, 5.63147528609e-09, 2.54461718363e-09, 9.07563357799e-10, 6.50100362432e-10, 4.54820681117e-10, 2.16627507599e-10, 2.18937090679e-10, 1.8351165032e-10, 1.85662360486e-10, 1.2240945757e-10, 1.11074427434e-10, 1.03964711839e-10, 9.1098670274e-11, 9.42018130168e-11, 8.04633998319e-11, 8.72687130893e-11, 7.16852341376e-11]
    },
    "mfcc": {
        "mean": [-603.51550293, 42.2812767029, 7.42981100082, 24.5176868439, 16.6476573944, 15.4853153229, 12.7672424316, 11.3116645813, 7.39649152756, 5.04374170303, 6.0072426796, 7.53413820267, 6.86661529541],
        "cov": [[6112.60693359, 1102.29553223, 131.085189819, 12.807091713, 255.35836792, 87.7301712036, 109.479568481, 102.148353577, 83.203125, 133.61050415, 101.213340759, 118.287132263, 115.798629761], [1102.29553223, 1336.95996094, 141.311416626, 189.857559204, 45.4963150024, -50.2146034241, 5.85764598846, -1.09562945366, -18.6584396362, 9.30439853668, 8.82604408264, 19.5820980072, 22.7365455627], [131.085189819, 141.311416626, 1265.89074707, 308.84954834, 119.342765808, 150.588058472, 59.7926750183, 47.2223167419, 29.5399646759, 18.5598583221, 6.26670026779, -7.08618593216, -21.0509223938], [12.807091713, 189.857559204, 308.84954834, 336.252410889, 139.59046936, 55.3148536682, 60.5517997742, 40.7231178284, 9.94706821442, 2.13686275482, 11.6829175949, -8.40818786621, 0.21922801435], [255.35836792, 45.4963150024, 119.342765808, 139.59046936, 240.67616272, 133.891571045, 53.5563735962, 50.2426948547, 38.3496589661, 32.9264030457, 8.89731311798, 16.9530906677, 9.18521881104], [87.7301712036, -50.2146034241, 150.588058472, 55.3148536682, 133.891571045, 255.796157837, 98.0356903076, 36.3996429443, 39.3064498901, 51.223236084, 35.7886161804, 25.0247764587, 1.25380980968], [109.479568481, 5.85764598846, 59.7926750183, 60.5517997742, 53.5563735962, 98.0356903076, 165.116378784, 87.4721374512, 31.2345924377, 13.9327478409, 35.3280181885, 31.5991592407, 21.4635810852], [102.148353577, -1.09562945366, 47.2223167419, 40.7231178284, 50.2426948547, 36.3996429443, 87.4721374512, 159.61151123, 70.8304595947, 35.1155014038, 12.92329216, 21.5735836029, 28.7200546265], [83.203125, -18.6584396362, 29.5399646759, 9.94706821442, 38.3496589661, 39.3064498901, 31.2345924377, 70.8304595947, 127.212310791, 63.0521392822, 21.481803894, 15.1370916367, 23.7208137512], [133.61050415, 9.30439853668, 18.5598583221, 2.13686275482, 32.9264030457, 51.223236084, 13.9327478409, 35.1155014038, 63.0521392822, 119.835586548, 45.0389633179, 25.2034912109, 5.92180871964], [101.213340759, 8.82604408264, 6.26670026779, 11.6829175949, 8.89731311798, 35.7886161804, 35.3280181885, 12.92329216, 21.481803894, 45.0389633179, 122.515075684, 53.9598960876, 14.1081991196], [118.287132263, 19.5820980072, -7.08618593216, -8.40818786621, 16.9530906677, 25.0247764587, 31.5991592407, 21.5735836029, 15.1370916367, 25.2034912109, 53.9598960876, 107.854316711, 55.3474159241], [115.798629761, 22.7365455627, -21.0509223938, 0.21922801435, 9.18521881104, 1.25380980968, 21.4635810852, 28.7200546265, 23.7208137512, 5.92180871964, 14.1081991196, 55.3474159241, 105.00592804]],
