{
"lowlevel": {
    "average_loudness": 0.883881151676,
    "barkbands_crest": {
        "dmean": 2.6177854538,
        "dmean2": 4.18889522552,
        "dvar": 7.70500802994,
        "dvar2": 17.8155288696,
        "max": 26.9094753265,
        "mean": 8.60917568207,
        "median": 7.85441684723,
        "min": 1.83705937862,
        "var": 17.1043815613
    },
    "barkbands_flatness_db": {
        "dmean": 0.0244121178985,
        "dmean2": 0.037946537137,
        "dvar": 0.00137656799052,
        "dvar2": 0.00286448770203,
        "max": 0.571152508259,
        "mean": 0.121520876884,
        "median": 0.109110057354,
        "min": 0.0117574352771,
        "var": 0.00526901846752
    },
    "barkbands_kurtosis": {
        "dmean": 5.52661514282,
        "dmean2": 9.17850208282,
        "dvar": 1691.01293945,
        "dvar2": 4395.94091797,
        "max": 2487.7331543,
        "mean": 3.49213528633,
        "median": -0.588140368462,
        "min": -1.9326287508,
        "var": 1328.52124023
    },
    "barkbands_skewness": {
        "dmean": 0.711856424809,
        "dmean2": 1.07542097569,
        "dvar": 1.94122421741,
        "dvar2": 4.36940908432,
        "max": 49.1711044312,
        "mean": 0.668450295925,
        "median": 0.379340112209,
        "min": -7.37422370911,
        "var": 3.27462410927
    },
    "barkbands_spread": {
        "dmean": 9.74068546295,
        "dmean2": 15.3356847763,
        "dvar": 166.56262207,
        "dvar2": 373.824615479,
        "max": 135.035934448,
        "mean": 38.8736343384,
        "median": 31.5740470886,
        "min": 0.211261302233,
        "var": 590.178039551
    },
    "dissonance": {
        "dmean": 0.00706410920247,
        "dmean2": 0.0121647175401,
        "dvar": 7.8644909081e-05,
        "dvar2": 0.000217616223381,
        "max": 0.500000238419,
        "mean": 0.4900855124,
        "median": 0.493197083473,
        "min": 0.353257656097,
        "var": 0.000111696746899
    },
    "dynamic_complexity": 3.09193015099,
    "erbbands_crest": {
        "dmean": 1.91119587421,
        "dmean2": 3.19108080864,
        "dvar": 4.43827772141,
        "dvar2": 11.3175516129,
        "max": 29.037147522,
        "mean": 6.60455417633,
        "median": 5.6548333168,
        "min": 2.20048093796,
        "var": 10.6836862564
    },
    "erbbands_flatness_db": {
        "dmean": 0.0165656488389,
        "dmean2": 0.0259949788451,
        "dvar": 0.000455277360743,
        "dvar2": 0.00115370319691,
        "max": 0.591234743595,
        "mean": 0.16774110496,
        "median": 0.131456390023,
        "min": 0.0439855232835,
        "var": 0.00792177859694
    },
    "erbbands_kurtosis": {
        "dmean": 1.23518407345,
        "dmean2": 2.08167052269,
        "dvar": 7.20480728149,
        "dvar2": 21.1760845184,
        "max": 47.7105026245,
        "mean": 0.824599206448,
        "median": 0.138817429543,
        "min": -1.89839494228,
        "var": 7.34693956375
    },
    "erbbands_skewness": {
        "dmean": 0.383064210415,
        "dmean2": 0.614659130573,
        "dvar": 0.32112672925,
        "dvar2": 0.771715164185,
        "max": 5.74802160263,
        "mean": -0.607941329479,
        "median": -0.607548177242,
        "min": -3.96219468117,
        "var": 0.533557415009
    },
    "erbbands_spread": {
        "dmean": 8.71494007111,
        "dmean2": 14.6161804199,
        "dvar": 196.15725708,
        "dvar2": 595.800048828,
        "max": 188.9584198,
        "mean": 36.1445045471,
        "median": 35.49401474,
        "min": 0.493212342262,
        "var": 324.624298096
    },
    "hfc": {
        "dmean": 13.2478055954,
        "dmean2": 18.734790802,
        "dvar": 420.96774292,
        "dvar2": 877.522888184,
        "max": 254.722381592,
        "mean": 42.4125595093,
        "median": 23.152797699,
        "min": 1.09623718718e-16,
        "var": 1958.96105957
    },
    "melbands_crest": {
        "dmean": 4.3276181221,
        "dmean2": 6.99944782257,
        "dvar": 22.5419921875,
        "dvar2": 50.226726532,
        "max": 39.9808921814,
        "mean": 15.795050621,
        "median": 13.7942810059,
        "min": 1.60812747478,
        "var": 74.9172592163
    },
    "melbands_flatness_db": {
        "dmean": 0.0330221690238,
        "dmean2": 0.0494585745037,
        "dvar": 0.00234905281104,
        "dvar2": 0.00471377139911,
        "max": 0.595330953598,
        "mean": 0.145636469126,
        "median": 0.142774507403,
        "min": 0.00307188997976,
        "var": 0.00562098855153
    },
    "melbands_kurtosis": {
        "dmean": 13.1960248947,
        "dmean2": 22.2820339203,
        "dvar": 5399.93212891,
        "dvar2": 14476.3740234,
        "max": 4211.42675781,
        "mean": 13.4717941284,
        "median": 2.28512740135,
        "min": -1.78742957115,
        "var": 4230.01416016
    },
    "melbands_skewness": {
        "dmean": 1.02089214325,
        "dmean2": 1.60800945759,
        "dvar": 3.56543183327,
        "dvar2": 9.27095508575,
        "max": 62.4180908203,
        "mean": 2.22347378731,
        "median": 1.72736263275,
        "min": -6.59363079071,
        "var": 6.16611337662
    },
    "melbands_spread": {
        "dmean": 14.8762493134,
        "dmean2": 23.2736053467,
        "dvar": 398.648925781,
        "dvar2": 935.443847656,
        "max": 248.639358521,
        "mean": 47.5924110413,
        "median": 39.0233154297,
        "min": 0.208107203245,
        "var": 977.768981934
    },
    "pitch_salience": {
        "dmean": 0.0820981636643,
        "dmean2": 0.133078947663,
        "dvar": 0.00887785572559,
        "dvar2": 0.0207089297473,
        "max": 0.930161952972,
        "mean": 0.604366719723,
        "median": 0.614102602005,
        "min": 0.00242837192491,
        "var": 0.0196029152721
    },
    "silence_rate_20dB": {
        "dmean": 0,
        "dmean2": 0,
        "dvar": 0,
        "dvar2": 0,
        "max": 1,
        "mean": 1,
        "median": 1,
        "min": 1,
        "var": 0
    },
    "silence_rate_30dB": {
        "dmean": 0,
        "dmean2": 0,
        "dvar": 0,
        "dvar2": 0,
        "max": 1,
        "mean": 1,
        "median": 1,
        "min": 1,
        "var": 0
    },
    "silence_rate_60dB": {
        "dmean": 0.0386002548039,
        "dmean2": 0.0772080346942,
        "dvar": 0.0371147841215,
        "dvar2": 0.0823713317513,
        "max": 1,
        "mean": 0.118810914457,
        "median": 0,
        "min": 0,
        "var": 0.104691036046
    },
    "spectral_centroid": {
        "dmean": 296.19519043,
        "dmean2": 466.223327637,
        "dvar": 184308.125,
        "dvar2": 367815.5,
        "max": 11585.7880859,
        "mean": 2624.23046875,
        "median": 2601.51171875,
        "min": 122.349617004,
        "var": 821002.375
    },
    "spectral_complexity": {
        "dmean": 5.69041824341,
        "dmean2": 8.55117988586,
        "dvar": 40.1607780457,
        "dvar2": 78.5496292114,
        "max": 65,
        "mean": 29.9365501404,
        "median": 30,
        "min": 0,
        "var": 246.705993652
    },
    "spectral_decrease": {
        "dmean": 1.13105602662e-09,
        "dmean2": 1.700220853e-09,
        "dvar": 2.74269061526e-18,
        "dvar2": 5.67049804775e-18,
        "max": 2.20282065175e-28,
        "mean": -5.26558929792e-09,
        "median": -5.45505329796e-09,
        "min": -1.81883894612e-08,
        "var": 1.45810302948e-17
    },
    "spectral_energy": {
        "dmean": 0.00401061354205,
        "dmean2": 0.00605283677578,
        "dvar": 3.41089980793e-05,
        "dvar2": 7.38484377507e-05,
        "max": 0.0693897157907,
        "mean": 0.0237204711884,
        "median": 0.0292960554361,
        "min": 9.98502318992e-21,
        "var": 0.000257138424786
    },
    "spectral_energyband_high": {
        "dmean": 0.0013078401098,
        "dmean2": 0.00189836882055,
        "dvar": 4.83506710225e-06,
        "dvar2": 1.04507707874e-05,
        "max": 0.0249479487538,
        "mean": 0.00362653261982,
        "median": 0.000983134843409,
        "min": 7.18399495757e-21,
        "var": 2.16215503315e-05
    },
    "spectral_energyband_low": {
        "dmean": 0.0045498078689,
        "dmean2": 0.0069513162598,
        "dvar": 5.79302868573e-05,
        "dvar2": 0.000120242941193,
        "max": 0.0670138448477,
        "mean": 0.0109310885891,
        "median": 0.00362332141958,
        "min": 1.44919096766e-23,
        "var": 0.000173551423359
    },
    "spectral_energyband_middle_high": {
        "dmean": 0.0018225570675,
        "dmean2": 0.00272446335293,
        "dvar": 5.16891805091e-06,
        "dvar2": 1.12082516353e-05,
        "max": 0.0367057323456,
        "mean": 0.00572628900409,
        "median": 0.00451906304806,
        "min": 1.2527165701e-21,
        "var": 2.37283838942e-05
    },
    "spectral_energyband_middle_low": {
        "dmean": 0.00220554508269,
        "dmean2": 0.00367736746557,
        "dvar": 2.12779523281e-05,
        "dvar2": 4.90061866003e-05,
        "max": 0.0490982271731,
        "mean": 0.00368015957065,
        "median": 0.00221309321932,
        "min": 1.43569188519e-22,
        "var": 2.55055911111e-05
    },
    "spectral_entropy": {
        "dmean": 0.123293444514,
        "dmean2": 0.199171751738,
        "dvar": 0.0672019571066,
        "dvar2": 0.163267835975,
        "max": 9.82664108276,
        "mean": 8.00127410889,
        "median": 8.02722740173,
        "min": 5.39009809494,
        "var": 0.208777099848
    },
    "spectral_flux": {
        "dmean": 0.0196169912815,
        "dmean2": 0.0309508666396,
        "dvar": 0.000698099611327,
        "dvar2": 0.00139452668373,
        "max": 0.281481564045,
        "mean": 0.0847730338573,
        "median": 0.0729495286942,
        "min": 6.35318117559e-11,
        "var": 0.00236178631894
    },
    "spectral_kurtosis": {
        "dmean": 1.71623682976,
        "dmean2": 2.96025872231,
        "dvar": 13.5535001755,
        "dvar2": 39.3795433044,
        "max": 191.845901489,
        "mean": 4.23298835754,
        "median": 2.73252940178,
        "min": -1.25863099098,
        "var": 35.9418754578
    },
    "spectral_rms": {
        "dmean": 0.000420651806053,
        "dmean2": 0.00063193711685,
        "dvar": 3.4253918102e-07,
        "dvar2": 7.14072996288e-07,
        "max": 0.00822783634067,
        "mean": 0.00439348863438,
        "median": 0.00534616876394,
        "min": 3.1211355115e-12,
        "var": 3.83918268199e-06
    },
    "spectral_rolloff": {
        "dmean": 1042.96081543,
        "dmean2": 1634.38256836,
        "dvar": 2536593.75,
        "dvar2": 5335348,
        "max": 19875.1464844,
        "mean": 3736.02758789,
        "median": 3014.6484375,
        "min": 21.533203125,
        "var": 7920769.5
    },
    "spectral_skewness": {
        "dmean": 0.215112045407,
        "dmean2": 0.359535008669,
        "dvar": 0.0996074229479,
        "dvar2": 0.28950381279,
        "max": 8.84675502777,
        "mean": 1.20601320267,
        "median": 1.15479040146,
        "min": -0.324051171541,
        "var": 0.186968758702
    },
    "spectral_spread": {
        "dmean": 529577.125,
        "dmean2": 845917.0625,
        "dvar": 726717497344,
        "dvar2": 1.58113503642e+12,
        "max": 42765612,
        "mean": 4781013,
        "median": 4398698.5,
        "min": 327869.46875,
        "var": 9.90307680256e+12
    },
    "spectral_strongpeak": {
        "dmean": 0.364663720131,
        "dmean2": 0.633100271225,
        "dvar": 0.439396739006,
        "dvar2": 1.18954455853,
        "max": 8.64856910706,
        "mean": 0.574368000031,
        "median": 0.258608222008,
        "min": 0,
        "var": 0.716724455357
    },
    "zerocrossingrate": {
        "dmean": 0.0185997132212,
        "dmean2": 0.0212428998202,
        "dvar": 0.000558064668439,
        "dvar2": 0.000696788658388,
        "max": 0.63232421875,
        "mean": 0.109765723348,
        "median": 0.09521484375,
        "min": 0,
        "var": 0.0040469430387
    },
    "barkbands": {
        "dmean": [0.00128306180704, 0.00317189679481, 0.00144496373832, 0.000879516010173, 0.000810849072877, 0.000419248564867, 0.000328205176629, 0.000455183675513, 0.000313979428029, 0.000150953623233, 0.000181437426363, 0.000279403087916, 0.000263558700681, 0.000311255862471, 0.000338272657245, 0.000372213457013, 0.000351460301317, 0.000399655109504, 0.000378279568395, 0.000351183436578, 0.000307881826302, 0.00030753822648, 0.000263177673332, 0.000224815055844, 0.00018559829914, 0.000145963320392, 6.18489357294e-05],
        "dmean2": [0.00208050757647, 0.00494261132553, 0.00241691898555, 0.00149451149628, 0.00146736891475, 0.000738172850106, 0.000550622586161, 0.000789484649431, 0.000526475545485, 0.000249315344263, 0.000311476847855, 0.000467226927867, 0.000439750787336, 0.000523130816873, 0.000569776282646, 0.000595319317654, 0.000573353085201, 0.000624546373729, 0.000601845677011, 0.000543148198631, 0.000497251690831, 0.000479639274999, 0.000412822060753, 0.000335113494657, 0.000280666048639, 0.000217175984289, 9.51442707446e-05],
        "dvar": [5.60791886528e-06, 3.23877065966e-05, 1.73520256794e-05, 8.48062427394e-06, 7.74265026848e-06, 1.10445876089e-06, 3.4057794096e-07, 1.27887676626e-06, 3.83649393143e-07, 7.06095093506e-08, 1.9079183744e-07, 2.36374731344e-07, 1.77989647909e-07, 4.38115023371e-07, 2.84843395093e-07, 2.9737867635e-07, 3.12746351483e-07, 4.22525317845e-07, 3.53749101123e-07, 2.89110374752e-07, 2.4875703275e-07, 2.54024485002e-07, 2.21652527443e-07, 1.97797831447e-07, 1.45542045971e-07, 1.19006394073e-07, 3.6963292871e-08],
        "dvar2": [1.45402518683e-05, 6.80934172124e-05, 4.51980922662e-05, 2.19320772885e-05, 2.25201674766e-05, 3.21216225529e-06, 9.06727393613e-07, 3.62810919796e-06, 8.93636524779e-07, 1.80306400921e-07, 5.30753027306e-07, 6.52600704143e-07, 4.78765969092e-07, 1.13409373625e-06, 7.838991678e-07, 7.45112572531e-07, 8.35880712202e-07, 9.5852180948e-07, 9.09358789158e-07, 5.91066680045e-07, 6.42220868485e-07, 6.00886892244e-07, 5.23530275132e-07, 4.59494941651e-07, 3.29677419586e-07, 2.48800461122e-07, 8.03916151426e-08],
        "max": [0.031502828002, 0.0538916140795, 0.0490608364344, 0.0326881483197, 0.0336840823293, 0.0128748258576, 0.00962797924876, 0.0179035887122, 0.0102429483086, 0.00709914416075, 0.0113774351776, 0.00656883232296, 0.00668278522789, 0.0108369952068, 0.0116912359372, 0.0112465256825, 0.0150710651651, 0.0256988126785, 0.0103764999658, 0.014657439664, 0.0102400453761, 0.00665901554748, 0.00893874466419, 0.00887388549745, 0.0052624954842, 0.00512127717957, 0.00305823772214],
        "mean": [0.00240905629471, 0.00654221419245, 0.00179087545257, 0.000849991687573, 0.000858570041601, 0.00050916755572, 0.000466818048153, 0.000487388140755, 0.00044374744175, 0.000228532298934, 0.000263726280537, 0.000404343445553, 0.000415704882471, 0.000459897768451, 0.000625764485449, 0.000786455231719, 0.000656182412058, 0.000757485860959, 0.000750845472794, 0.000747571059037, 0.000652219692711, 0.000675816729199, 0.000587423564866, 0.000504692841787, 0.000417470379034, 0.000322737090755, 0.000105715655081],
        "median": [0.000183391690371, 0.000876527279615, 0.000276618200587, 0.000105608793092, 0.00029390247073, 0.000215521489736, 0.00027955477708, 0.000190013583051, 0.000231228084886, 0.000116193303256, 0.000136659829877, 0.000208144047065, 0.00023741365294, 0.000219271460082, 0.000326659093844, 0.000397021183744, 0.000459955830593, 0.000542788300663, 0.000445576792117, 0.000407756713685, 0.000261783425231, 0.000204637093702, 0.000126911298139, 7.91008787928e-05, 4.12733133999e-05, 1.37038759931e-05, 1.74995375346e-06],
        "min": [5.09373452262e-25, 1.04712844356e-24, 1.62565546423e-24, 1.55606777581e-24, 1.09970744285e-23, 1.01309445976e-23, 1.22844196951e-23, 4.90239226714e-24, 1.45318386602e-23, 1.06005740048e-23, 2.76244258423e-23, 2.83104571508e-23, 3.14035144959e-23, 6.37778895742e-23, 5.46229189554e-23, 6.21405614337e-23, 7.78776296735e-23, 9.70699023673e-23, 1.4313388876e-22, 1.40510856831e-22, 2.67633923684e-22, 2.78258706253e-22, 3.81437875636e-22, 6.54923582137e-22, 8.11644520828e-22, 1.20527768119e-21, 2.10431233931e-21],
        "var": [1.19687756523e-05, 7.49546816223e-05, 1.48415911099e-05, 7.07606113792e-06, 4.94013329444e-06, 8.56082408518e-07, 5.07093545821e-07, 1.05322010313e-06, 6.21048116045e-07, 1.17513664577e-07, 2.24384336889e-07, 3.06382162307e-07, 2.83284862235e-07, 6.93716287969e-07, 8.83863151557e-07, 1.06371476249e-06, 5.9570936628e-07, 8.83083032477e-07, 8.57412601363e-07, 8.71412112247e-07, 6.84591327627e-07, 7.75267608333e-07, 7.13687711595e-07, 6.02107832037e-07, 4.77227672491e-07, 3.5655276065e-07, 6.58686047927e-08]
    },
    "erbbands": {
        "dmean": [0.162637397647, 0.524120330811, 1.4465187788, 2.44343781471, 2.51472592354, 2.80296015739, 3.10803437233, 3.69039416313, 4.27420330048, 7.13109588623, 8.6578540802, 7.05366945267, 5.13316822052, 5.34222841263, 8.3385887146, 11.0461330414, 11.6758527756, 12.7218704224, 16.0312633514, 19.9279232025, 17.8745536804, 19.6282691956, 21.6827888489, 17.4093551636, 20.5721721649, 15.8746767044, 13.9576911926, 11.5993757248, 10.8497953415, 9.66431427002, 7.34087371826, 5.16467952728, 3.74980211258, 2.20793318748, 1.34197950363, 0.60682696104, 0.271178454161, 0.102887630463, 0.010134158656, 0.000152956272359],
        "dmean2": [0.255688250065, 0.812954306602, 2.35653138161, 4.02129554749, 4.45162582397, 5.03784561157, 5.47759199142, 6.54863643646, 7.26353311539, 12.1932764053, 14.4999713898, 11.5872592926, 8.64047145844, 8.92589187622, 14.3365602493, 18.307926178, 19.2020111084, 21.2784481049, 26.4454517365, 32.7227363586, 28.4909095764, 31.7402915955, 33.7081604004, 27.818025589, 31.7767047882, 24.895608902, 22.7993907928, 18.5766296387, 17.1715507507, 14.9281997681, 11.5113792419, 7.79332733154, 5.7717924118, 3.42934012413, 2.03513407707, 0.900566458702, 0.409662246704, 0.155181854963, 0.0154451895505, 0.000227904311032],
        "dvar": [0.0832209661603, 1.40520322323, 17.5255012512, 50.4147720337, 80.7706222534, 86.705581665, 79.4435272217, 77.1688537598, 74.7848205566, 239.217956543, 411.22946167, 219.663909912, 75.0876998901, 106.917938232, 322.667449951, 357.97833252, 355.28314209, 520.0625, 913.159851074, 1091.90917969, 573.806396484, 992.613098145, 1305.29589844, 656.654418945, 1162.51171875, 564.849365234, 548.815856934, 343.275695801, 306.819549561, 295.533752441, 166.346466064, 101.077301025, 56.1245422363, 18.8552970886, 8.4840593338, 1.72681117058, 0.406297981739, 0.0923769101501, 0.00102373200934, 2.09639679838e-07],
        "dvar2": [0.174192011356, 2.88783288002, 43.6715812683, 126.757591248, 225.032272339, 253.791351318, 230.782196045, 225.125778198, 210.485992432, 663.422302246, 1136.97058105, 487.618682861, 199.014648438, 263.908996582, 905.430969238, 983.870361328, 927.269226074, 1316.24023438, 2395.89135742, 2842.10400391, 1432.7611084, 2610.81542969, 2930.10180664, 1615.71179199, 2629.42797852, 1222.98425293, 1478.87097168, 843.471618652, 744.319580078, 681.117736816, 400.875946045, 242.371688843, 131.096374512, 45.1009254456, 18.9993457794, 3.66804838181, 0.868497848511, 0.20329643786, 0.00224517262541, 4.49160324933e-07],
        "max": [2.42536664009, 13.8613872528, 52.4710464478, 67.6512451172, 110.286262512, 118.946182251, 111.241661072, 104.115371704, 124.003959656, 175.830612183, 489.248260498, 268.093353271, 153.626800537, 320.913208008, 487.863861084, 273.339294434, 330.271636963, 337.968170166, 457.947631836, 887.816101074, 553.306640625, 860.281433105, 1479.01806641, 372.609375, 557.332519531, 618.435119629, 556.053405762, 304.310852051, 276.325897217, 230.500411987, 231.193588257, 209.569168091, 147.832885742, 72.6060256958, 39.073928833, 18.2642993927, 8.91547012329, 5.30043983459, 0.545459747314, 0.00780625874177],
        "mean": [0.362598001957, 0.79756706953, 1.84151184559, 2.8177819252, 2.52124881744, 2.98586606979, 3.65830206871, 4.29924106598, 5.89798879623, 8.73908138275, 10.6897621155, 9.8923406601, 7.69404697418, 8.60323047638, 12.3814554214, 16.6652641296, 19.223405838, 20.6363277435, 27.5732421875, 42.9446411133, 38.9392623901, 38.7225456238, 42.446723938, 37.1009597778, 39.8864631653, 34.4173927307, 28.5043735504, 24.8304309845, 23.7365779877, 20.712682724, 16.2516155243, 11.3303518295, 7.9943780899, 4.95388412476, 2.83041477203, 1.36344718933, 0.57684725523, 0.189525827765, 0.0173280164599, 0.000315669283736],
        "median": [0.0258984584361, 0.161100551486, 0.40936422348, 0.594203710556, 0.537201762199, 0.960671126842, 1.38843679428, 1.91736531258, 3.60874509811, 4.32918977737, 4.93051528931, 4.87031745911, 4.51352930069, 4.71552181244, 6.45400810242, 8.97931575775, 11.2538967133, 11.0225076675, 14.6993045807, 19.6258621216, 23.8380432129, 28.0943984985, 30.7286911011, 24.4730472565, 22.4944839478, 18.5308456421, 12.086766243, 10.0185451508, 7.35771179199, 5.51934957504, 3.34253454208, 1.90755188465, 1.09583353996, 0.580972075462, 0.239102780819, 0.0777562856674, 0.0213260445744, 0.00472562853247, 0.000265572889475, 5.00759342685e-05],
        "min": [4.33012440416e-23, 2.26831109415e-22, 3.28757784775e-21, 6.56535756343e-21, 2.09638634962e-20, 3.37890323219e-20, 3.67869513505e-20, 8.99878156169e-20, 1.15006617027e-19, 1.45895518578e-19, 2.22758549888e-19, 4.54810887549e-19, 6.4152100974e-19, 7.85660436802e-19, 1.25787484255e-18, 1.64309595574e-18, 1.59945297604e-18, 3.53568261232e-18, 3.48731115805e-18, 4.34278920577e-18, 4.46642954629e-18, 4.86440144183e-18, 5.34120323616e-18, 6.09655768817e-18, 6.38741465747e-18, 7.50462505871e-18, 1.08507650239e-17, 9.41507312966e-18, 9.43400233079e-18, 8.10195037701e-18, 1.14803197804e-17, 1.2396029398e-17, 1.03894190993e-17, 7.98909399013e-18, 6.06591891828e-18, 4.68085171827e-18, 2.26572648674e-18, 9.7475273576e-19, 2.56504701297e-19, 2.97711511304e-20],
        "var": [0.249247327447, 2.15542674065, 16.6382713318, 47.6496086121, 57.0163002014, 57.3856658936, 57.1871147156, 60.1017189026, 77.4779281616, 227.959899902, 401.690368652, 366.774810791, 101.701766968, 161.708023071, 394.987548828, 485.708221436, 592.178283691, 787.247436523, 1617.11242676, 5005.62353516, 1815.39196777, 1974.2130127, 2755.03808594, 1768.16662598, 2741.72119141, 1728.43591309, 1350.81054688, 951.272583008, 924.628540039, 863.719116211, 533.94909668, 295.212219238, 161.000518799, 62.5501174927, 24.509267807, 5.85594797134, 1.18306696415, 0.175458565354, 0.00183609081432, 4.26745174309e-07]
    },
    "gfcc": {
        "mean": [-9.46069335938, 26.1723403931, -148.616149902, 31.0126552582, -60.2776756287, 4.68692541122, -36.8026390076, 10.8284444809, -16.331987381, 7.37310791016, -10.2515478134, 3.00172042847, -9.50942707062],
        "cov": [[18166.2890625, -1187.32202148, 4535.85058594, 2101.76147461, 1322.47253418, 1890.31896973, 553.189697266, 517.868103027, -456.797790527, 241.505111694, -819.026977539, 398.994384766, -679.785705566], [-1187.32202148, 2221.98950195, -467.404998779, 282.365081787, 162.636581421, -394.183044434, -111.309181213, -282.761077881, -12.5532598495, -236.015914917, 86.2559890747, -136.49432373, 145.001098633], [4535.85058594, -467.404998779, 4958.22998047, 1900.60083008, 1378.02685547, 1364.78625488, 665.702331543, 244.391067505, -315.513122559, 76.842300415, -550.665283203, 254.16368103, -372.828308105], [2101.76147461, 282.365081787, 1900.60083008, 1219.16308594, 624.957214355, 567.432617188, 294.86114502, 58.9751739502, -139.893844604, -19.6387443542, -217.441879272, 68.9378738403, -103.957138062], [1322.47253418, 162.636581421, 1378.02685547, 624.957214355, 890.334716797, 453.621124268, 346.827941895, 115.319381714, -17.0094203949, 11.7107315063, -111.887634277, 61.9921951294, -82.8257904053], [1890.31896973, -394.183044434, 1364.78625488, 567.432617188, 453.621124268, 630.475280762, 291.820800781, 171.884017944, -54.3122024536, 68.8678131104, -150.791213989, 92.8429489136, -112.200164795], [553.189697266, -111.309181213, 665.702331543, 294.86114502, 346.827941895, 291.820800781, 356.493530273, 168.720611572, 35.8666610718, 54.7113342285, -30.3880214691, 29.8651771545, -35.1964874268], [517.868103027, -282.761077881, 244.391067505, 58.9751739502, 115.319381714, 171.884017944, 168.720611572, 222.217590332, 73.2396621704, 93.2326278687, 19.6954421997, 40.6794433594, -24.3250980377], [-456.797790527, -12.5532598495, -315.513122559, -139.893844604, -17.0094203949, -54.3122024536, 35.8666610718, 73.2396621704, 159.635147095, 63.6015129089, 88.8138885498, -7.25616359711, 39.1227378845], [241.505111694, -236.015914917, 76.842300415, -19.6387443542, 11.7107315063, 68.8678131104, 54.7113342285, 93.2326278687, 63.6015129089, 115.12789917, 34.1369514465, 36.0271263123, -6.52463531494], [-819.026977539, 86.2559890747, -550.665283203, -217.441879272, -111.887634277, -150.791213989, -30.3880214691, 19.6954421997, 88.8138885498, 34.1369514465, 176.88243103, 12.9371128082, 84.1921615601], [398.994384766, -136.49432373, 254.16368103, 68.9378738403, 61.9921951294, 92.8429489136, 29.8651771545, 40.6794433594, -7.25616359711, 36.0271263123, 12.9371128082, 96.4882583618, 5.99208593369], [-679.785705566, 145.001098633, -372.828308105, -103.957138062, -82.8257904053, -112.200164795, -35.1964874268, -24.3250980377, 39.1227378845, -6.52463531494, 84.1921615601, 5.99208593369, 116.61164856]],
        "icov": [[0.000115252172691, -5.08336852363e-05, 0.000104608137917, -0.000106640829472, -4.87952020194e-05, -0.000209853387787, 0.000144399600686, -0.000204750016565, 0.000201998511329, -0.000273431593087, 0.000382627302315, -0.000431913009379, 0.000401626195526], [-5.08336852363e-05, 0.00108149228618, -1.02995663838e-05, -0.000711897795554, -0.000456109526567, 0.000952934729867, 8.76513513504e-06, 0.000585379078984, -0.000510820595082, 0.00142474961467, -0.000974230002612, 0.0010054379236, -0.000688200350851], [0.000104608137917, -1.02995663838e-05, 0.00128278695047, -0.000928875408135, -0.000573932949919, -0.000652186397929, -0.000215606109123, 7.066357648e-05, 0.000789302284829, -0.000976456271019, 0.0016480012564, -0.00201353477314, 0.00140453281347], [-0.000106640829472, -0.000711897795554, -0.000928875408135, 0.00308514689095, 0.0001014223526, -0.00114886532538, -0.000368109234842, 0.000224958872423, 0.000411312299548, -1.81685682037e-05, 0.000113228306873, 0.000840196502395, -0.00131735682953], [-4.87952020194e-05, -0.000456109526567, -0.000573932949919, 0.0001014223526, 0.0030292745214, -0.000749576603994, -0.00167314673308, 0.000575030280743, -0.00134413712658, 0.00107056659181, -0.000450965744676, -0.000421423144871, 0.000441583892098], [-0.000209853387787, 0.000952934729867, -0.000652186397929, -0.00114886532538, -0.000749576603994, 0.00705306511372, -0.00166322977748, -0.00115051236935, 3.00719398183e-06, 0.000170178944245, 0.000761036761105, -0.000684136641212, -0.000511568388902], [0.000144399600686, 8.76513513504e-06, -0.000215606109123, -0.000368109234842, -0.00167314673308, -0.00166322977748, 0.00800174847245, -0.00444289622828, -0.000201388655114, 0.000284501584247, -0.000710973166861, 0.00235474854708, -0.00101115938742], [-0.000204750016565, 0.000585379078984, 7.066357648e-05, 0.000224958872423, 0.000575030280743, -0.00115051236935, -0.00444289622828, 0.0123371593654, -0.00340391532518, -0.00288604944944, -0.00182256067637, -0.000780105183367, 0.00137544167228], [0.000201998511329, -0.000510820595082, 0.000789302284829, 0.000411312299548, -0.00134413712658, 3.00719398183e-06, -0.000201388655114, -0.00340391532518, 0.0145236896351, -0.00723988655955, -0.00195273885038, 0.00254774629138, -0.00101848621853], [-0.000273431593087, 0.00142474961467, -0.000976456271019, -1.81685682037e-05, 0.00107056659181, 0.000170178944245, 0.000284501584247, -0.00288604944944, -0.00723988655955, 0.020722983405, -0.00444470625371, -0.00172682909761, 0.000790496007539], [0.000382627302315, -0.000974230002612, 0.0016480012564, 0.000113228306873, -0.000450965744676, 0.000761036761105, -0.000710973166861, -0.00182256067637, -0.00195273885038, -0.00444470625371, 0.0175451301038, -0.00747446948662, -0.00324785592966], [-0.000431913009379, 0.0010054379236, -0.00201353477314, 0.000840196502395, -0.000421423144871, -0.000684136641212, 0.00235474854708, -0.000780105183367, 0.00254774629138, -0.00172682909761, -0.00747446948662, 0.0210474021733, -0.00650266325101], [0.000401626195526, -0.000688200350851, 0.00140453281347, -0.00131735682953, 0.000441583892098, -0.000511568388902, -0.00101115938742, 0.00137544167228, -0.00101848621853, 0.000790496007539, -0.00324785592966, -0.00650266325101, 0.0179567616433]]
    },
    "melbands": {
        "dmean": [0.00114254176151, 0.000663828745019, 0.000404368591262, 0.000183907570317, 0.000111790359369, 8.1287806097e-05, 6.53832757962e-05, 8.70814619702e-05, 6.78894866724e-05, 4.48322061857e-05, 2.58760155702e-05, 2.15729669435e-05, 2.58892978309e-05, 3.22981723002e-05, 2.90366497211e-05, 2.5977673431e-05, 2.51192213909e-05, 2.83849476546e-05, 2.7635058359e-05, 2.99570183415e-05, 2.08778001252e-05, 2.26562915486e-05, 1.98814468604e-05, 2.05387004826e-05, 1.46321981447e-05, 1.6505129679e-05, 1.49480292748e-05, 1.08111535155e-05, 9.50464982452e-06, 8.46046441438e-06, 7.10131416781e-06, 6.78845071889e-06, 6.41362430542e-06, 5.48070784134e-06, 4.68992266178e-06, 3.90112018067e-06, 3.22175765177e-06, 2.95521954286e-06, 2.19549974645e-06, 1.94793710762e-06],
        "dmean2": [0.00178538751788, 0.00101338024251, 0.000664380611852, 0.000330124719767, 0.000198197521968, 0.000143880970427, 0.00011070065375, 0.00015089585213, 0.000112355417514, 7.40264295018e-05, 4.36247064499e-05, 3.59465557267e-05, 4.44978832093e-05, 5.44849972357e-05, 4.78727852169e-05, 4.33695568063e-05, 4.22471312049e-05, 4.72678111691e-05, 4.6875771659e-05, 4.84626216348e-05, 3.41552113241e-05, 3.75590898329e-05, 3.19460777973e-05, 3.26474582835e-05, 2.37106887653e-05, 2.66651150014e-05, 2.26152842515e-05, 1.76030171133e-05, 1.56194419105e-05, 1.40060892591e-05, 1.14803406177e-05, 1.09819657155e-05, 1.00045153886e-05, 8.68683855515e-06, 7.51174320612e-06, 6.10410643276e-06, 5.01313252244e-06, 4.57577743873e-06, 3.45570765603e-06, 3.0821852306e-06],
        "dvar": [3.89370779885e-06, 2.743237701e-06, 1.35206698815e-06, 4.0966403958e-07, 1.11518794199e-07, 3.83431952855e-08, 1.62244884194e-08, 4.19042365252e-08, 2.52004728196e-08, 8.73875460883e-09, 1.91057369925e-09, 1.68912306364e-09, 3.96453092577e-09, 3.38510508513e-09, 2.17899387422e-09, 1.67635061388e-09, 2.15387552238e-09, 3.48068263101e-09, 1.98580352162e-09, 2.31505392634e-09, 7.7988349112e-10, 1.30247312935e-09, 1.09600428733e-09, 1.22689935989e-09, 4.62112764721e-10, 8.25625956491e-10, 6.42971953457e-10, 2.66399818871e-10, 2.55971882579e-10, 1.89999196931e-10, 1.31056526742e-10, 1.19800711018e-10, 1.21905041617e-10, 1.04537115075e-10, 6.92495852328e-11, 4.66244265418e-11, 4.45989113695e-11, 3.59588608889e-11, 1.73249747881e-11, 1.51249516384e-11],
        "dvar2": [8.39969288791e-06, 5.95983237872e-06, 3.38758673024e-06, 1.16954311125e-06, 3.26625240632e-07, 1.1200746286e-07, 4.4935646315e-08, 1.17912456687e-07, 6.77365719071e-08, 2.00284642204e-08, 5.1166266779e-09, 4.15524281649e-09, 1.11273044112e-08, 9.40052924392e-09, 5.61763746632e-09, 4.47329595588e-09, 5.4683990669e-09, 9.1205274444e-09, 5.43076206228e-09, 5.84280890337e-09, 2.00795469141e-09, 3.52988704932e-09, 2.65675148547e-09, 2.85796430965e-09, 1.17234943975e-09, 2.16901208105e-09, 1.22772414457e-09, 6.34429841995e-10, 7.07857050752e-10, 5.01655106344e-10, 3.29372362717e-10, 3.02119634865e-10, 2.93800650475e-10, 2.53236764891e-10, 1.74867995084e-10, 1.12927445173e-10, 1.11311550255e-10, 8.45311529107e-11, 4.27590740593e-11, 3.69749300622e-11],
        "max": [0.0174929965287, 0.0208027195185, 0.0117696030065, 0.00782907102257, 0.0042222798802, 0.00234016776085, 0.00180268264376, 0.00241630687378, 0.00382537930273, 0.00172216969077, 0.000812293146737, 0.00123402778991, 0.00172277912498, 0.000649313733447, 0.000819540291559, 0.000629315327387, 0.000695834401995, 0.00105616415385, 0.00100481684785, 0.00108805298805, 0.000704069738276, 0.000949754088651, 0.00116398441605, 0.00118798052426, 0.00031075134757, 0.000472176412586, 0.000664805877022, 0.000394424248952, 0.000393588969018, 0.000237979984377, 0.000178072456038, 0.000203616611543, 0.000141964206705, 0.000170916173374, 0.000146367645357, 9.70316395978e-05, 0.000152701250045, 0.000113080626761, 7.8899996879e-05, 6.4436258981e-05],
        "mean": [0.00251663150266, 0.000974930939265, 0.00048533239169, 0.000191056649783, 0.000131353590405, 9.76774681476e-05, 9.27932342165e-05, 0.000101839999843, 8.56620317791e-05, 6.15365352132e-05, 3.76677817258e-05, 3.3667034586e-05, 3.83273109037e-05, 4.5286018576e-05, 4.33478817286e-05, 4.1138195229e-05, 3.79604935006e-05, 4.27402228524e-05, 5.20240610058e-05, 6.08433474554e-05, 4.10337161156e-05, 3.96577706852e-05, 3.81041318178e-05, 3.63857179764e-05, 2.88947976514e-05, 2.95151548926e-05, 2.80835829471e-05, 2.14124302147e-05, 1.80739025382e-05, 1.56335227075e-05, 1.40997681228e-05, 1.36494245453e-05, 1.27148896354e-05, 1.10555984065e-05, 9.63313414104e-06, 8.05352101452e-06, 6.48165587336e-06, 5.86451915296e-06, 4.56244333691e-06, 4.10057464251e-06],
        "median": [0.000289235264063, 0.000278788094874, 0.00010985253175, 5.21002111782e-05, 5.07172298967e-05, 4.45396690338e-05, 5.7373814343e-05, 4.73620675621e-05, 3.97703697672e-05, 3.05319044855e-05, 2.18869608943e-05, 1.82187468454e-05, 1.99231544684e-05, 2.25390540436e-05, 2.39744276769e-05, 2.37716230913e-05, 1.87962868949e-05, 2.09211357287e-05, 2.61657114606e-05, 2.60694741883e-05, 2.67831637757e-05, 2.74641788565e-05, 2.70145828836e-05, 2.47544139711e-05, 1.852315836e-05, 1.63021813933e-05, 1.50433243107e-05, 1.11820354505e-05, 8.13690439827e-06, 6.00147632213e-06, 5.52447045266e-06, 4.54545306638e-06, 3.32369199896e-06, 2.84192492472e-06, 2.09246877603e-06, 1.42265207614e-06, 1.07921027848e-06, 7.89695718595e-07, 6.06426397098e-07, 4.25415123573e-07],
        "min": [3.93712860358e-25, 1.26838430456e-24, 1.80291813027e-24, 1.78327943804e-24, 1.15839993665e-24, 2.41423030877e-24, 1.94245303048e-24, 1.04204995427e-24, 1.58393152627e-24, 2.34495984104e-24, 2.92791956974e-24, 2.87552914766e-24, 4.07697396985e-24, 2.75322553342e-24, 3.11239804508e-24, 3.39041767442e-24, 5.93909118068e-24, 3.75579556318e-24, 3.28029249483e-24, 4.95625726747e-24, 4.57574113794e-24, 3.87239314928e-24, 5.09822107041e-24, 4.0030028772e-24, 4.22498202504e-24, 4.01027499146e-24, 4.14452649575e-24, 4.34549472781e-24, 5.71463619289e-24, 4.94748158433e-24, 4.37162258985e-24, 5.99343817502e-24, 4.22381648306e-24, 4.79285380286e-24, 6.36421266124e-24, 7.56351710659e-24, 6.72972978395e-24, 7.04455391603e-24, 4.92648762906e-24, 5.83975111018e-24],
        "var": [1.0716925317e-05, 3.74400929104e-06, 1.31126228098e-06, 2.74029787306e-07, 7.67538850255e-08, 2.98815479027e-08, 1.91606535083e-08, 3.52836551087e-08, 2.62443560217e-08, 1.38527793681e-08, 2.53965870556e-09, 2.59742072295e-09, 4.61102356297e-09, 4.15694589861e-09, 3.32203309306e-09, 2.7261408686e-09, 3.16009263202e-09, 5.73310865448e-09, 7.28925275695e-09, 8.94253737727e-09, 1.95571181472e-09, 2.26171636974e-09, 2.21978835313e-09, 2.26489604849e-09, 1.12810083497e-09, 1.55958734815e-09, 1.61528346254e-09, 6.87759571516e-10, 5.66014013437e-10, 4.21933959993e-10, 3.23468141161e-10, 3.12589426565e-10, 3.14176712424e-10, 2.71106664895e-10, 1.93606977672e-10, 1.40073397326e-10, 1.0623019131e-10, 9.06515765231e-11, 5.29612222133e-11, 4.47712700247e-11]
    },
    "mfcc": {
        "mean": [-637.145935059, 59.4247512817, -30.8485374451, 18.4409065247, -4.44152164459, -2.87411808968, -7.12777996063, -0.125551342964, -1.66745758057, 2.32491707802, 1.97896921635, 4.91103935242, 3.2729074955],
        "cov": [[8862.56445312, -467.916320801, 2677.08496094, 1059.52416992, 1216.84960938, 1374.3894043, 982.476379395, 807.368469238, 480.048187256, 358.554351807, 151.725646973, -83.5383224487, 5.7783446312], [-467.916320801, 1499.42004395, -312.080963135, 322.550262451, 126.695487976, -59.532459259, -78.731010437, -78.9883651733, -93.7861251831, -121.377571106, -103.203056335, -53.851348877, -48.0424156189], [2677.08496094, -312.080963135, 3040.41333008, 1196.92883301, 1010.00158691, 1151.46411133, 804.106872559, 585.31048584, 365.523651123, 163.73614502, 28.2386894226, -119.838020325, -68.232749939], [1059.52416992, 322.550262451, 1196.92883301, 939.543518066, 570.177429199, 568.566650391, 404.416320801, 283.526428223, 165.286315918, 86.5910873413, -18.8419933319, -81.2188034058, -50.0862884521], [1216.84960938, 126.695487976, 1010.00158691, 570.177429199, 689.434265137, 548.025146484, 391.639862061, 294.404083252, 176.791091919, 87.2571487427, 44.2806816101, -49.5542411804, -18.9630012512], [1374.3894043, -59.532459259, 1151.46411133, 568.566650391, 548.025146484, 656.042175293, 433.69821167, 312.907928467, 204.589187622, 108.866752625, 21.6114940643, -51.1665534973, -26.2543258667], [982.476379395, -78.731010437, 804.106872559, 404.416320801, 391.639862061, 433.69821167, 455.532012939, 298.403137207, 194.940551758, 128.985229492, 66.0799026489, -15.0593957901, 10.8835887909], [807.368469238, -78.9883651733, 585.31048584, 283.526428223, 294.404083252, 312.907928467, 298.403137207, 275.978912354, 159.9740448, 111.917304993, 67.7232437134, 1.2989038229, 14.4369773865], [480.048187256, -93.7861251831, 365.523651123, 165.286315918, 176.791091919, 204.589187622, 194.940551758, 159.9740448, 173.932357788, 116.984672546, 64.219833374, 12.3728513718, 17.5315685272], [358.554351807, -121.377571106, 163.73614502, 86.5910873413, 87.2571487427, 108.866752625, 128.985229492, 111.917304993, 116.984672546, 161.602539062, 91.2562255859, 28.1868915558, 23.5527229309], [151.725646973, -103.203056335, 28.2386894226, -18.8419933319, 44.2806816101, 21.6114940643, 66.0799026489, 67.7232437134, 64.219833374, 91.2562255859, 126.995025635, 63.0163993835, 30.0177383423], [-83.5383224487, -53.851348877, -119.838020325, -81.2188034058, -49.5542411804, -51.1665534973, -15.0593957901, 1.2989038229, 12.3728513718, 28.1868915558, 63.0163993835, 89.4264144897, 48.5153694153], [5.7783446312, -48.0424156189, -68.232749939, -50.0862884521, -18.9630012512, -26.2543258667, 10.8835887909, 14.4369773865, 17.5315685272, 23.5527229309, 30.0177383423, 48.5153694153, 85.0697097778]],
