{
"lowlevel": {
    "average_loudness": 0.941121935844,
    "barkbands_crest": {
        "dmean": 3.64620304108,
        "dmean2": 5.76040363312,
        "dvar": 16.8306999207,
        "dvar2": 43.1025695801,
        "max": 26.8244724274,
        "mean": 14.8885250092,
        "median": 16.8447113037,
        "min": 1.92996120453,
        "var": 33.7359275818
    },
    "barkbands_flatness_db": {
        "dmean": 0.0385533198714,
        "dmean2": 0.0561873205006,
        "dvar": 0.00192359590437,
        "dvar2": 0.00449988804758,
        "max": 0.510762035847,
        "mean": 0.142900124192,
        "median": 0.136142149568,
        "min": 0.0206414368004,
        "var": 0.00395173439756
    },
    "barkbands_kurtosis": {
        "dmean": 5.91454076767,
        "dmean2": 8.88453578949,
        "dvar": 194.626449585,
        "dvar2": 491.933319092,
        "max": 283.636047363,
        "mean": 7.54922580719,
        "median": 1.99212646484,
        "min": -1.92044961452,
        "var": 270.941986084
    },
    "barkbands_skewness": {
        "dmean": 1.04626977444,
        "dmean2": 1.48540449142,
        "dvar": 1.65516495705,
        "dvar2": 4.05518865585,
        "max": 15.2935380936,
        "mean": 2.1206138134,
        "median": 1.84440100193,
        "min": -5.24224901199,
        "var": 3.90665364265
    },
    "barkbands_spread": {
        "dmean": 13.7142095566,
        "dmean2": 20.9472064972,
        "dvar": 225.037841797,
        "dvar2": 541.098693848,
        "max": 121.101379395,
        "mean": 41.4346580505,
        "median": 40.1763038635,
        "min": 0.336104422808,
        "var": 499.870147705
    },
    "dissonance": {
        "dmean": 0.00840340461582,
        "dmean2": 0.0145304836333,
        "dvar": 0.000109327083919,
        "dvar2": 0.00030005237204,
        "max": 0.500000119209,
        "mean": 0.488419592381,
        "median": 0.491376549006,
        "min": 0.196842834353,
        "var": 0.000200491500436
    },
    "dynamic_complexity": 2.14408683777,
    "erbbands_crest": {
        "dmean": 1.64767289162,
        "dmean2": 2.78009557724,
        "dvar": 3.6324467659,
        "dvar2": 9.5035238266,
        "max": 31.9753284454,
        "mean": 5.18385839462,
        "median": 4.38693714142,
        "min": 2.02106189728,
        "var": 7.78472805023
    },
    "erbbands_flatness_db": {
        "dmean": 0.0151969641447,
        "dmean2": 0.0228013209999,
        "dvar": 0.000239321074332,
        "dvar2": 0.000513263803441,
        "max": 0.517491459846,
        "mean": 0.111658908427,
        "median": 0.102143593132,
        "min": 0.0460604541004,
        "var": 0.00198223837651
    },
    "erbbands_kurtosis": {
        "dmean": 0.856440424919,
        "dmean2": 1.34874713421,
        "dvar": 3.77639865875,
        "dvar2": 8.38315391541,
        "max": 134.826751709,
        "mean": 0.123127788305,
        "median": -0.359268188477,
        "min": -1.91899168491,
        "var": 12.7777681351
    },
    "erbbands_skewness": {
        "dmean": 0.342753082514,
        "dmean2": 0.530903756618,
        "dvar": 0.109798908234,
        "dvar2": 0.248749673367,
        "max": 10.5346136093,
        "mean": -0.508516609669,
        "median": -0.493426054716,
        "min": -3.34570932388,
        "var": 0.429919213057
    },
    "erbbands_spread": {
        "dmean": 14.919960022,
        "dmean2": 21.654340744,
        "dvar": 326.182312012,
        "dvar2": 607.718566895,
        "max": 198.434738159,
        "mean": 62.5126647949,
        "median": 54.2423286438,
        "min": 1.15061295033,
        "var": 1041.71362305
    },
    "hfc": {
        "dmean": 22.742357254,
        "dmean2": 35.0969429016,
        "dvar": 952.588806152,
        "dvar2": 2428.72192383,
        "max": 256.262054443,
        "mean": 63.2480545044,
        "median": 58.0784187317,
        "min": 1.15782349693e-16,
        "var": 1928.2322998
    },
    "melbands_crest": {
        "dmean": 5.03621196747,
        "dmean2": 8.23467254639,
        "dvar": 36.8688735962,
        "dvar2": 97.0888671875,
        "max": 37.658782959,
        "mean": 25.6098365784,
        "median": 29.0899410248,
        "min": 2.21816730499,
        "var": 81.0695037842
    },
    "melbands_flatness_db": {
        "dmean": 0.0509377457201,
        "dmean2": 0.0745336785913,
        "dvar": 0.00335170421749,
        "dvar2": 0.0081464163959,
        "max": 0.501152813435,
        "mean": 0.200672090054,
        "median": 0.201515629888,
        "min": 0.00709829945117,
        "var": 0.007356160786
    },
    "melbands_kurtosis": {
        "dmean": 35.5819702148,
        "dmean2": 53.2135353088,
        "dvar": 5250.80566406,
        "dvar2": 13407.7421875,
        "max": 1104.73168945,
        "mean": 55.2495956421,
        "median": 25.8413696289,
        "min": -1.8915771246,
        "var": 6502.95410156
    },
    "melbands_skewness": {
        "dmean": 2.12702655792,
        "dmean2": 3.07021808624,
        "dvar": 7.26411962509,
        "dvar2": 17.5643768311,
        "max": 29.1547241211,
        "mean": 5.67873048782,
        "median": 4.91196918488,
        "min": -2.43590712547,
        "var": 15.6525201797
    },
    "melbands_spread": {
        "dmean": 20.1494617462,
        "dmean2": 32.2551994324,
        "dvar": 852.443359375,
        "dvar2": 2114.04492188,
        "max": 247.939025879,
        "mean": 32.6376876831,
        "median": 21.9651985168,
        "min": 0.441038489342,
        "var": 1171.94030762
    },
    "pitch_salience": {
        "dmean": 0.124893143773,
        "dmean2": 0.197137385607,
        "dvar": 0.0193684734404,
        "dvar2": 0.049050938338,
        "max": 0.924444496632,
        "mean": 0.388671070337,
        "median": 0.332758367062,
        "min": 0.0378962904215,
        "var": 0.0376370847225
    },
    "silence_rate_20dB": {
        "dmean": 0,
        "dmean2": 0,
        "dvar": 0,
        "dvar2": 0,
        "max": 1,
        "mean": 1,
        "median": 1,
        "min": 1,
        "var": 0
    },
    "silence_rate_30dB": {
        "dmean": 0.129698827863,
        "dmean2": 0.259426176548,
        "dvar": 0.112887091935,
        "dvar2": 0.230809479952,
        "max": 1,
        "mean": 0.767996490002,
        "median": 1,
        "min": 0,
        "var": 0.17818684876
    },
    "silence_rate_60dB": {
        "dmean": 0.0149483401328,
        "dmean2": 0.0298999678344,
        "dvar": 0.014724877663,
        "dvar2": 0.0347228348255,
        "max": 1,
        "mean": 0.034289482981,
        "median": 0,
        "min": 0,
        "var": 0.0331130474806
    },
    "spectral_centroid": {
        "dmean": 408.287475586,
        "dmean2": 602.368225098,
        "dvar": 177095.84375,
        "dvar2": 346874.5,
        "max": 10902.8896484,
        "mean": 2604.73657227,
        "median": 2727.2109375,
        "min": 382.834259033,
        "var": 638747.9375
    },
    "spectral_complexity": {
        "dmean": 7.87535715103,
        "dmean2": 11.6550512314,
        "dvar": 67.2934417725,
        "dvar2": 137.922164917,
        "max": 61,
        "mean": 26.5781955719,
        "median": 28,
        "min": 0,
        "var": 235.714584351
    },
    "spectral_decrease": {
        "dmean": 5.6118349967e-09,
        "dmean2": 7.13105263728e-09,
        "dvar": 3.42708471668e-17,
        "dvar2": 5.69629392331e-17,
        "max": 8.10045773497e-29,
        "mean": -1.66353135711e-08,
        "median": -1.61405786514e-08,
        "min": -6.30448511174e-08,
        "var": 1.34306642612e-16
    },
    "spectral_energy": {
        "dmean": 0.021589929238,
        "dmean2": 0.0270922351629,
        "dvar": 0.000475613836898,
        "dvar2": 0.000786086020526,
        "max": 0.240689337254,
        "mean": 0.0685222744942,
        "median": 0.0683806985617,
        "min": 1.01960657216e-20,
        "var": 0.00203109160066
    },
    "spectral_energyband_high": {
        "dmean": 0.00241486611776,
        "dmean2": 0.00377785018645,
        "dvar": 1.02484837043e-05,
        "dvar2": 2.60708602582e-05,
        "max": 0.0234566926956,
        "mean": 0.00609420891851,
        "median": 0.00534665258601,
        "min": 7.621951549e-21,
        "var": 2.10836678889e-05
    },
    "spectral_energyband_low": {
        "dmean": 0.0207387469709,
        "dmean2": 0.0273822005838,
        "dvar": 0.000649940979201,
        "dvar2": 0.00119583378546,
        "max": 0.223666489124,
        "mean": 0.0514362975955,
        "median": 0.0483505576849,
        "min": 4.70302999811e-23,
        "var": 0.00191339640878
    },
    "spectral_energyband_middle_high": {
        "dmean": 0.00270270789042,
        "dmean2": 0.00417078705505,
        "dvar": 1.31948154376e-05,
        "dvar2": 3.32311647071e-05,
        "max": 0.034310195595,
        "mean": 0.00531562417746,
        "median": 0.00366287771612,
        "min": 1.17384855396e-21,
        "var": 2.68684125331e-05
    },
    "spectral_energyband_middle_low": {
        "dmean": 0.00478359311819,
        "dmean2": 0.00747617194429,
        "dvar": 0.000108249914774,
        "dvar2": 0.000248588505201,
        "max": 0.0808780863881,
        "mean": 0.00641982117668,
        "median": 0.00297554768622,
        "min": 4.11834617446e-22,
        "var": 0.000119694617752
    },
    "spectral_entropy": {
        "dmean": 0.111121080816,
        "dmean2": 0.164171352983,
        "dvar": 0.0146229341626,
        "dvar2": 0.0322086587548,
        "max": 9.81010627747,
        "mean": 8.31450462341,
        "median": 8.35522651672,
        "min": 4.79732608795,
        "var": 0.0683907344937
    },
    "spectral_flux": {
        "dmean": 0.0387290902436,
        "dmean2": 0.0555351190269,
        "dvar": 0.00177558639552,
        "dvar2": 0.00350721878931,
        "max": 0.4545096457,
        "mean": 0.126620128751,
        "median": 0.111387729645,
        "min": 7.13644907058e-11,
        "var": 0.00541536649689
    },
    "spectral_kurtosis": {
        "dmean": 0.505866348743,
        "dmean2": 0.787283360958,
        "dvar": 0.578285455704,
        "dvar2": 1.58516538143,
        "max": 28.1261444092,
        "mean": 1.32181298733,
        "median": 1.18407964706,
        "min": -1.22140157223,
        "var": 1.39707565308
    },
    "spectral_rms": {
        "dmean": 0.00137539010029,
        "dmean2": 0.00170452229213,
        "dvar": 1.68287908764e-06,
        "dvar2": 2.85728629024e-06,
        "max": 0.0153238009661,
        "mean": 0.00758502492681,
        "median": 0.0081677949056,
        "min": 3.15394693869e-12,
        "var": 9.31879094423e-06
    },
    "spectral_rolloff": {
        "dmean": 1651.48950195,
        "dmean2": 2661.38134766,
        "dvar": 4779695.5,
        "dvar2": 11002879,
        "max": 18712.3535156,
        "mean": 2668.56591797,
        "median": 1442.72460938,
        "min": 43.06640625,
        "var": 9090185
    },
    "spectral_skewness": {
        "dmean": 0.124843604863,
        "dmean2": 0.192091539502,
        "dvar": 0.0160439498723,
        "dvar2": 0.0376234091818,
        "max": 3.91140174866,
        "mean": 0.980297327042,
        "median": 0.982771456242,
        "min": 0.012938182801,
        "var": 0.0571149885654
    },
    "spectral_spread": {
        "dmean": 691007.5,
        "dmean2": 984204.25,
        "dvar": 548382244864,
        "dvar2": 1.02504385741e+12,
        "max": 40921028,
        "mean": 7097077,
        "median": 6950174.5,
        "min": 1603506.25,
        "var": 3.0690073641e+12
    },
    "spectral_strongpeak": {
        "dmean": 0.233087554574,
        "dmean2": 0.360218018293,
        "dvar": 0.195681735873,
        "dvar2": 0.516024470329,
        "max": 7.0979757309,
        "mean": 0.500309288502,
        "median": 0.365865826607,
        "min": 0,
        "var": 0.273234456778
    },
    "zerocrossingrate": {
        "dmean": 0.0259004272521,
        "dmean2": 0.0317923314869,
        "dvar": 0.000745346071199,
        "dvar2": 0.000989344785921,
        "max": 0.640625,
        "mean": 0.0981397032738,
        "median": 0.0830078125,
        "min": 0.00390625,
        "var": 0.00373301608488
    },
    "barkbands": {
        "dmean": [0.00271753547713, 0.016782104969, 0.00480741309002, 0.00184143020306, 0.00263027125038, 0.000626180786639, 0.000435016670963, 0.00041306001367, 0.000515096995514, 0.000452414416941, 0.000311481184326, 0.000361769285519, 0.000360061094398, 0.000377464370104, 0.000300797953969, 0.000445640238468, 0.000399233947974, 0.000377718009986, 0.000368736247765, 0.000464796990855, 0.000447715719929, 0.000510672165547, 0.000560503744055, 0.000549048185349, 0.000472443323815, 0.000240206398303, 8.12141115603e-06],
        "dmean2": [0.00362340128049, 0.0220743138343, 0.00811635889113, 0.0033242572099, 0.00418478203937, 0.00108452758286, 0.000801433750894, 0.000737829017453, 0.000877600745298, 0.000744200311601, 0.000507708697114, 0.000607462483458, 0.000606697052717, 0.000643823470455, 0.000507988850586, 0.000736191519536, 0.000659368350171, 0.000622537336312, 0.000606664689258, 0.000770517159253, 0.000730822212063, 0.000836534367409, 0.00091052625794, 0.000888543319888, 0.000735231675208, 0.000378430297133, 1.36665839818e-05],
        "dvar": [1.21850807773e-05, 0.000423111923737, 0.000286732567474, 4.22883458668e-05, 5.19545792486e-05, 1.68999713424e-06, 1.90705441128e-06, 2.2661206458e-06, 9.18340276712e-07, 7.1163691473e-07, 2.81208343722e-07, 6.39528423108e-07, 4.68587671776e-07, 5.23024766608e-07, 3.24320893696e-07, 5.28445468717e-07, 6.59124964386e-07, 3.65938120694e-07, 2.51454792988e-07, 3.90045670429e-07, 2.86108388536e-07, 4.19698693577e-07, 5.86192584251e-07, 4.86372073283e-07, 3.64256436569e-07, 1.16589916388e-07, 2.52965037806e-10],
        "dvar2": [2.2485935915e-05, 0.000792568374891, 0.000724408077076, 0.000122129407828, 0.000108716885734, 4.63481819679e-06, 5.54874122827e-06, 6.30092017673e-06, 2.25316921387e-06, 1.69339398326e-06, 6.54682594359e-07, 1.70247415099e-06, 1.28734768623e-06, 1.40606812238e-06, 8.4666606881e-07, 1.30912621898e-06, 1.74372962647e-06, 9.40876475397e-07, 6.34305081348e-07, 1.06181096271e-06, 7.36448271255e-07, 1.09474262899e-06, 1.52351640281e-06, 1.21638106521e-06, 8.31065051443e-07, 2.92800280022e-07, 6.69040545187e-10],
        "max": [0.0389057919383, 0.217694669962, 0.145134523511, 0.0649767145514, 0.0658347085118, 0.0194085333496, 0.0133530497551, 0.0387330688536, 0.0320925936103, 0.0173981878906, 0.0121089424938, 0.0149370823056, 0.0148964906111, 0.0124942818657, 0.0115823410451, 0.0156551748514, 0.0274023786187, 0.0124380607158, 0.00967939570546, 0.0083160623908, 0.00648953020573, 0.00781623832881, 0.00715806288645, 0.00673045450822, 0.00463179778308, 0.00344255077653, 0.000190663602552],
        "mean": [0.00602278439328, 0.0403571650386, 0.00440055411309, 0.00156018964481, 0.00270698592067, 0.00068918208126, 0.000355522788595, 0.00038262331509, 0.000593327276874, 0.000565722002648, 0.000417203380493, 0.000412605761085, 0.000424148514867, 0.000444734789198, 0.0003585377126, 0.000616282050032, 0.000556450686418, 0.000577415106818, 0.000630112597719, 0.000820224464405, 0.000863232184201, 0.000958340067882, 0.00104516523425, 0.00117195677012, 0.00107886199839, 0.000504645693582, 8.45008980832e-06],
        "median": [0.00371616869234, 0.0367640666664, 0.000504299183376, 0.000229559111176, 0.000357075070497, 0.000192265652004, 7.86261080066e-05, 8.50997457746e-05, 0.000284979090793, 0.00019077154866, 0.000173632783117, 0.000152074717334, 0.000199068017537, 0.000165919074789, 0.000160091673024, 0.000326554029016, 0.000274143734714, 0.000363049970474, 0.000434005691204, 0.000568833900616, 0.000665625673719, 0.000739716691896, 0.000753032916691, 0.000935996999033, 0.000859783322085, 0.000364902662113, 3.06620563606e-06],
        "min": [1.89339870116e-24, 1.55042659203e-23, 1.15520885624e-23, 3.35654950917e-23, 4.02597434899e-23, 6.52138057483e-23, 1.75681753284e-23, 4.20254161442e-23, 9.4914803794e-23, 1.50865183171e-23, 4.01432192679e-23, 3.55184685685e-23, 8.48533373318e-23, 9.89850168315e-23, 8.19975283262e-23, 7.1141988166e-23, 1.17238728064e-22, 1.52839919742e-22, 2.19126652052e-22, 3.19703665921e-22, 3.28936039572e-22, 4.47905982846e-22, 5.12552843728e-22, 8.50527866122e-22, 1.06774315238e-21, 1.51134420136e-21, 2.40669410913e-21],
        "var": [3.87252184737e-05, 0.00127809774131, 0.00022932869615, 2.56245421042e-05, 5.9071542637e-05, 1.78554421382e-06, 1.10480164039e-06, 1.58378315973e-06, 1.03677416519e-06, 1.14508475235e-06, 5.87820068176e-07, 6.33230001768e-07, 4.96489690249e-07, 6.51008974728e-07, 3.35534934948e-07, 8.34752029277e-07, 7.8347153476e-07, 4.94280470775e-07, 4.72497220017e-07, 6.60512228023e-07, 5.42205953025e-07, 7.07021513335e-07, 9.1552971071e-07, 9.99353346742e-07, 8.93326046025e-07, 2.3157761575e-07, 2.39316039208e-10]
    },
    "erbbands": {
        "dmean": [0.844241261482, 2.60582113266, 5.37701845169, 5.6009311676, 8.12416172028, 8.95467090607, 6.37498998642, 4.80290794373, 5.46390485764, 8.10955238342, 8.51202392578, 11.5660648346, 13.3847808838, 11.9497919083, 13.7524766922, 14.4248189926, 15.9291448593, 17.932849884, 15.5761804581, 21.5281028748, 21.1279087067, 22.4843845367, 20.8852672577, 18.2846984863, 19.2593860626, 22.0177574158, 16.2247562408, 19.7378120422, 18.6904182434, 17.8258209229, 15.5759162903, 13.7939319611, 8.38868713379, 5.92034244537, 3.34535646439, 1.30141913891, 0.430781722069, 0.0527916550636, 0.00107936724089, 5.46439950995e-05],
        "dmean2": [1.06111478806, 3.56477642059, 8.60359382629, 9.56578636169, 13.4064483643, 14.6421556473, 10.9079589844, 8.44251537323, 9.99578094482, 14.6541566849, 15.2034378052, 19.7039432526, 22.0569248199, 19.5167160034, 22.2485599518, 24.0626316071, 26.896150589, 30.704202652, 25.9157676697, 36.2863464355, 34.4171447754, 36.8065452576, 34.5815429688, 29.8349075317, 31.562833786, 36.5974121094, 25.9270763397, 32.6334533691, 30.7777252197, 29.6557235718, 25.2471866608, 22.8054122925, 13.6207647324, 9.24921035767, 5.30824041367, 2.03797316551, 0.696923315525, 0.0852535814047, 0.00172342546284, 7.93311846792e-05],
        "dvar": [0.938095390797, 20.0957374573, 316.61239624, 336.589782715, 542.015686035, 660.059082031, 176.671966553, 101.578666687, 224.453903198, 911.681213379, 710.780517578, 549.908081055, 511.01675415, 400.204681396, 639.514221191, 1065.45983887, 959.025085449, 1159.74414062, 923.846679688, 1483.40820312, 1145.52453613, 2114.48266602, 1289.43359375, 650.039489746, 676.349121094, 962.564208984, 375.555938721, 603.416625977, 589.622619629, 611.635498047, 435.381774902, 353.783538818, 113.460540771, 54.268699646, 18.321849823, 2.78195905685, 0.482735663652, 0.00822771713138, 3.55052429768e-06, 5.21839904621e-09],
        "dvar2": [1.68818199635, 35.5430412292, 746.331481934, 900.100036621, 1256.13867188, 1572.83898926, 479.888916016, 282.265441895, 647.718200684, 2543.93164062, 2052.57788086, 1338.13354492, 1238.95874023, 919.885375977, 1541.12841797, 2844.97241211, 2682.31298828, 3312.13061523, 2421.19091797, 3934.63378906, 2798.16357422, 5539.6484375, 3318.5065918, 1678.26513672, 1722.45532227, 2641.33251953, 939.401367188, 1587.92211914, 1554.81481934, 1600.59863281, 1123.59899902, 928.872375488, 277.724700928, 122.435279846, 44.0924568176, 6.67371368408, 1.27921402454, 0.0219728145748, 9.47527951212e-06, 1.29395951731e-08],
        "max": [9.32586479187, 44.0915870667, 162.643829346, 177.634994507, 183.672821045, 266.913848877, 349.831756592, 152.621490479, 139.44291687, 749.675537109, 292.21963501, 943.648193359, 646.08416748, 494.791381836, 520.962219238, 675.631896973, 697.651733398, 570.46484375, 821.718383789, 657.124633789, 674.16595459, 1601.54785156, 815.930419922, 436.702178955, 388.151306152, 481.823272705, 229.314544678, 353.067901611, 316.324768066, 221.319473267, 195.449691772, 153.138015747, 144.483291626, 65.0295639038, 39.2176933289, 17.651927948, 7.08994293213, 1.34869647026, 0.0275622215122, 0.000745807075873],
        "mean": [2.06547904015, 5.34950399399, 5.76499938965, 5.32629823685, 7.56829500198, 8.61351490021, 7.53303337097, 4.96701669693, 4.68654155731, 7.20875167847, 8.08557987213, 13.2877035141, 17.1463451385, 16.1515769958, 18.751707077, 17.0951118469, 19.2117023468, 22.2100658417, 19.5319042206, 27.5622386932, 31.1135730743, 32.4194717407, 31.3877696991, 31.3605175018, 33.5066719055, 38.9522514343, 32.1580848694, 37.4663276672, 34.6410751343, 32.7618408203, 29.2962551117, 25.7887611389, 18.4740543365, 13.169880867, 7.08201169968, 2.84015059471, 0.788810253143, 0.0904631540179, 0.00197804346681, 0.000177267982508],
        "median": [1.77260398865, 3.88031935692, 1.1365582943, 0.998648822308, 0.870512843132, 1.21005523205, 1.67208123207, 1.53196084499, 1.25500822067, 1.54987800121, 2.44823479652, 6.43471622467, 7.3614730835, 6.87133407593, 7.76917743683, 6.53932952881, 9.34183502197, 10.0101213455, 8.27256965637, 13.8041982651, 16.8163032532, 16.5786342621, 19.3872470856, 21.1154251099, 23.6626529694, 26.5975475311, 24.4225311279, 28.7696037292, 26.2636032104, 24.6698188782, 21.325881958, 19.1395664215, 15.2025604248, 10.6343975067, 5.26791810989, 2.13040995598, 0.556439399719, 0.0604725629091, 0.00140508252662, 0.00017035692872],
        "min": [3.48727057693e-22, 3.9695193984e-21, 1.23306707236e-20, 6.06442296214e-20, 1.46660596021e-19, 8.46578838023e-20, 1.94829610761e-19, 6.85684027548e-19, 4.10091590779e-19, 3.27231512953e-19, 1.49051380636e-18, 1.8023349445e-18, 6.90201726162e-19, 6.12811948823e-19, 1.85357588832e-18, 1.18490789655e-18, 3.71418942928e-18, 5.3866745952e-18, 4.12656957032e-18, 5.39437854184e-18, 4.87283248022e-18, 7.82530064832e-18, 8.77449453713e-18, 1.06253640973e-17, 1.05440084025e-17, 1.48012754047e-17, 1.27277147616e-17, 1.14634634939e-17, 1.28524387087e-17, 1.65050110406e-17, 1.6587977256e-17, 1.21372641414e-17, 1.69058478762e-17, 1.30643383934e-17, 7.46800163709e-18, 5.59246100158e-18, 3.00317826875e-18, 1.19359029445e-18, 3.34151499162e-19, 3.19538901277e-20],
        "var": [3.39083194733, 45.7040100098, 302.088439941, 249.070068359, 513.799865723, 626.164978027, 212.968765259, 93.581237793, 136.930877686, 623.57409668, 433.870574951, 610.75579834, 805.421508789, 679.014343262, 1221.27624512, 1045.14770508, 979.099243164, 1322.1315918, 1022.8505249, 1731.21923828, 1817.35803223, 2567.57226562, 1595.63037109, 1170.82763672, 1267.23547363, 1536.62365723, 781.739929199, 1078.91381836, 940.624328613, 874.282653809, 715.963195801, 575.733276367, 239.237670898, 131.423690796, 43.8007736206, 6.75352144241, 0.687876045704, 0.0111716110259, 4.81784763906e-06, 1.38168747554e-08]
    },
    "gfcc": {
        "mean": [47.8298797607, 10.1894378662, -95.0727996826, 57.5835380554, -49.4929962158, 42.8207130432, -26.3919734955, 28.7300415039, -21.546295166, 12.7082118988, -16.637304306, 10.5787420273, -6.52412748337],
        "cov": [[7005.40771484, 234.914672852, 1150.61950684, 186.467544556, 203.127578735, 87.2691345215, -324.479400635, -81.2559890747, -255.398193359, 218.943496704, -29.8902950287, 242.109527588, -101.201385498], [234.914672852, 1265.85546875, 339.524810791, 138.930786133, -80.0029144287, -301.310119629, -118.255279541, -110.267120361, -17.658613205, -103.775901794, 24.2095394135, -15.7465896606, 56.9516639709], [1150.61950684, 339.524810791, 1464.00439453, 560.213928223, 229.178344727, 53.3553123474, -152.51940918, -86.5393829346, -154.154983521, 39.9840927124, -44.1161804199, 17.2920074463, -39.7552375793], [186.467544556, 138.930786133, 560.213928223, 485.297821045, 267.230804443, 141.143371582, 21.6951828003, -54.2215652466, -46.9823913574, -27.3851222992, -8.37574100494, -14.3373641968, -2.10935330391], [203.127578735, -80.0029144287, 229.178344727, 267.230804443, 423.052703857, 296.685913086, 171.933486938, 88.2518920898, 35.7403182983, 47.4174423218, 12.2982053757, 28.6984176636, 1.34300124645], [87.2691345215, -301.310119629, 53.3553123474, 141.143371582, 296.685913086, 370.275878906, 229.497253418, 153.664108276, 69.0797576904, 67.4393844604, 16.5231361389, 32.1312561035, 4.58957433701], [-324.479400635, -118.255279541, -152.51940918, 21.6951828003, 171.933486938, 229.497253418, 308.24130249, 221.124023438, 143.930801392, 65.4031295776, 41.9268951416, 26.7413520813, 27.4228496552], [-81.2559890747, -110.267120361, -86.5393829346, -54.2215652466, 88.2518920898, 153.664108276, 221.124023438, 266.752655029, 165.670623779, 106.148292542, 39.3904571533, 40.41456604, 31.6063652039], [-255.398193359, -17.658613205, -154.154983521, -46.9823913574, 35.7403182983, 69.0797576904, 143.930801392, 165.670623779, 195.489257812, 93.954498291, 56.0495071411, 22.3523521423, 28.4912929535], [218.943496704, -103.775901794, 39.9840927124, -27.3851222992, 47.4174423218, 67.4393844604, 65.4031295776, 106.148292542, 93.954498291, 143.994598389, 63.8123550415, 52.9358978271, 3.79356169701], [-29.8902950287, 24.2095394135, -44.1161804199, -8.37574100494, 12.2982053757, 16.5231361389, 41.9268951416, 39.3904571533, 56.0495071411, 63.8123550415, 92.0609817505, 56.5609474182, 29.3609447479], [242.109527588, -15.7465896606, 17.2920074463, -14.3373641968, 28.6984176636, 32.1312561035, 26.7413520813, 40.41456604, 22.3523521423, 52.9358978271, 56.5609474182, 97.1518707275, 47.9422073364], [-101.201385498, 56.9516639709, -39.7552375793, -2.10935330391, 1.34300124645, 4.58957433701, 27.4228496552, 31.6063652039, 28.4912929535, 3.79356169701, 29.3609447479, 47.9422073364, 79.403793335]],
        "icov": [[0.000265046604909, -0.000234271661611, 4.7943667596e-05, -8.55785765452e-05, 7.09768210072e-05, -0.000407795305364, 0.000570543925278, -0.000305349123664, 0.000429991079727, -0.000673690577969, 0.000803130795248, -0.00122856430244, 0.000797142682131], [-0.000234271661611, 0.00187310483307, -0.000840309017804, 0.000451364612672, -0.00109692232218, 0.00280735106207, -0.00142730411608, 0.000595371529926, -0.00152373779565, 0.00274732615799, -0.00238839583471, 0.00171532458626, -0.00167558237445], [4.7943667596e-05, -0.000840309017804, 0.002672706265, -0.0034404383041, 0.000764537719078, -0.000544763926882, 0.00220404332504, -0.00251934910193, 0.00278485775925, -0.00362182012759, 0.00274959416129, -0.00181364850141, 0.00142286333721], [-8.55785765452e-05, 0.000451364612672, -0.0034404383041, 0.00868028309196, -0.00368378404528, -0.000441528623924, -0.00206652120687, 0.00444383732975, -0.00311569403857, 0.00459782686085, -0.00443598069251, 0.00441968813539, -0.0030220116023], [7.09768210072e-05, -0.00109692232218, 0.000764537719078, -0.00368378404528, 0.00872792769223, -0.00601611472666, -0.00055268505821, 0.000543724512681, 0.000696503615472, -0.00271714059636, 0.00301292422228, -0.00310713215731, 0.0019785342738], [-0.000407795305364, 0.00280735106207, -0.000544763926882, -0.000441528623924, -0.00601611472666, 0.0141917197034, -0.00686973286793, -0.000236818159465, 0.000366328371456, 0.0010800154414, -0.00088920397684, 0.0012488757493, -0.00167779496405], [0.000570543925278, -0.00142730411608, 0.00220404332504, -0.00206652120687, -0.00055268505821, -0.00686973286793, 0.0178918130696, -0.0118704447523, 0.000570985721424, 0.00224889931269, -0.00236213882454, -0.00145970575977, 0.00319425086491], [-0.000305349123664, 0.000595371529926, -0.00251934910193, 0.00444383732975, 0.000543724512681, -0.000236818159465, -0.0118704447523, 0.0206741690636, -0.00911505520344, -0.00357485306449, 0.00498939212412, -0.00014028721489, -0.00440352456644], [0.000429991079727, -0.00152373779565, 0.00278485775925, -0.00311569403857, 0.000696503615472, 0.000366328371456, 0.000570985721424, -0.00911505520344, 0.0192872267216, -0.0105580668896, -0.00118648563512, 0.00406763702631, -0.00208284519613], [-0.000673690577969, 0.00274732615799, -0.00362182012759, 0.00459782686085, -0.00271714059636, 0.0010800154414, 0.00224889931269, -0.00357485306449, -0.0105580668896, 0.0279373452067, -0.0150526743382, -0.00186095875688, 0.00525274965912], [0.000803130795248, -0.00238839583471, 0.00274959416129, -0.00443598069251, 0.00301292422228, -0.00088920397684, -0.00236213882454, 0.00498939212412, -0.00118648563512, -0.0150526743382, 0.032209649682, -0.0169692523777, 0.00230612349696], [-0.00122856430244, 0.00171532458626, -0.00181364850141, 0.00441968813539, -0.00310713215731, 0.0012488757493, -0.00145970575977, -0.00014028721489, 0.00406763702631, -0.00186095875688, -0.0169692523777, 0.0350596643984, -0.0193106029183], [0.000797142682131, -0.00167558237445, 0.00142286333721, -0.0030220116023, 0.0019785342738, -0.00167779496405, 0.00319425086491, -0.00440352456644, -0.00208284519613, 0.00525274965912, 0.00230612349696, -0.0193106029183, 0.0274598635733]]
    },
    "melbands": {
        "dmean": [0.005709300749, 0.00272071268409, 0.000990731758066, 0.000653386698104, 0.000248168391408, 0.000108775137051, 8.52319863043e-05, 9.13041221793e-05, 6.89550943207e-05, 7.60738475947e-05, 6.91697787261e-05, 5.20664871146e-05, 4.48350474471e-05, 4.04270649597e-05, 3.84508748539e-05, 3.57354329026e-05, 3.5274795664e-05, 2.76994542219e-05, 2.44839848165e-05, 3.47441346094e-05, 2.42417900154e-05, 2.47181724262e-05, 2.18165259867e-05, 1.81985415111e-05, 1.56755413627e-05, 1.49460729517e-05, 1.56985861395e-05, 1.58941638801e-05, 1.11362414827e-05, 1.1186833035e-05, 1.25925789689e-05, 1.11432937047e-05, 1.08570966404e-05, 1.06440402305e-05, 9.31223803491e-06, 9.55381983658e-06, 8.574169442e-06, 6.33188165011e-06, 5.85529278396e-06, 5.12361202709e-06],
        "dmean2": [0.00737797189504, 0.0039096949622, 0.00163817743305, 0.00104092177935, 0.000426455109846, 0.000190721228137, 0.000156200912897, 0.000164374709129, 0.000122802128317, 0.000129556530737, 0.000113907983177, 8.55169273564e-05, 7.27323858882e-05, 6.74753100611e-05, 6.47987690172e-05, 6.0671747633e-05, 6.10043607594e-05, 4.64942968392e-05, 4.17158917116e-05, 5.78806248086e-05, 4.01000288548e-05, 4.10196407756e-05, 3.6400022509e-05, 2.99494531646e-05, 2.58460695477e-05, 2.47490788752e-05, 2.61174554907e-05, 2.66898350674e-05, 1.79756971193e-05, 1.84177242772e-05, 2.10082071135e-05, 1.84993969015e-05, 1.79693997779e-05, 1.78209465957e-05, 1.52239335875e-05, 1.5737296053e-05, 1.42950175359e-05, 1.03957954707e-05, 9.52279879129e-06, 8.06283333077e-06],
        "dvar": [4.23139899794e-05, 4.91710088681e-05, 8.49506704981e-06, 3.81018821827e-06, 2.73507339443e-07, 5.12648874462e-08, 5.98956404474e-08, 1.20970128137e-07, 3.80415450252e-08, 2.42498643388e-08, 1.41254323793e-08, 8.25609980382e-09, 6.47974074397e-09, 6.94303503579e-09, 8.73278516167e-09, 4.09989420191e-09, 5.10647035767e-09, 3.303564311e-09, 2.30275953861e-09, 3.7968277411e-09, 1.62635604983e-09, 3.12046921636e-09, 1.41120171104e-09, 8.21150480945e-10, 5.24823018377e-10, 4.46984366187e-10, 4.63596827593e-10, 5.05707586917e-10, 1.94353852456e-10, 1.92146257239e-10, 2.55377913261e-10, 2.08036810001e-10, 2.08087352904e-10, 2.17045145745e-10, 1.47405823658e-10, 2.02435915253e-10, 1.27844249076e-10, 6.33178579013e-11, 5.39870335936e-11, 4.03949200478e-11],
        "dvar2": [7.7535994933e-05, 0.0001000077973, 2.17203960347e-05, 8.1310108726e-06, 7.4603548228e-07, 1.41890268424e-07, 1.73409688387e-07, 3.35217293923e-07, 1.09055136477e-07, 5.92720716952e-08, 3.42690995581e-08, 1.91082811796e-08, 1.50065435633e-08, 1.82282402506e-08, 2.35872423815e-08, 1.13997824513e-08, 1.46488323693e-08, 8.61470983438e-09, 6.01371086262e-09, 9.645055421e-09, 4.10797085237e-09, 8.48642756068e-09, 3.6710170459e-09, 2.05914130191e-09, 1.37062272643e-09, 1.14122378214e-09, 1.22149212967e-09, 1.39068911942e-09, 4.9239301525e-10, 5.06764630259e-10, 6.80464184999e-10, 5.49269352224e-10, 5.52917878149e-10, 5.69839231357e-10, 3.81644188474e-10, 5.35652577849e-10, 3.37859712429e-10, 1.61972615875e-10, 1.28800067833e-10, 9.18790807325e-11],
        "max": [0.0710022300482, 0.0672520548105, 0.0276152510196, 0.0182835180312, 0.0114781409502, 0.00339205353521, 0.00233381660655, 0.00928484834731, 0.00202087429352, 0.00632799323648, 0.00326138990931, 0.00215308927, 0.00201629125513, 0.00155211507808, 0.00175965740345, 0.00092465558555, 0.00130456197076, 0.0017205303302, 0.0011237822473, 0.00136176380329, 0.000725593301468, 0.00223359465599, 0.000524828152265, 0.000576510967221, 0.00039556316915, 0.000389320775867, 0.000295104662655, 0.000336092867656, 0.000181325623998, 0.00018532469403, 0.000188732359675, 0.000278172257822, 0.000149267681991, 0.000140988238854, 0.000145020807395, 0.000137154114782, 0.00010593492334, 0.000109541244456, 7.07575163688e-05, 5.68221948924e-05],
        "mean": [0.0141260419041, 0.00427308445796, 0.000992125249468, 0.000627449073363, 0.000285563030047, 0.000114301634312, 7.2167495091e-05, 8.23048176244e-05, 6.5654363425e-05, 8.75854166225e-05, 8.7585147412e-05, 6.73081012792e-05, 6.0966827732e-05, 4.77228131786e-05, 4.27263039455e-05, 4.27670893259e-05, 4.13968700741e-05, 3.23188614857e-05, 2.8725797165e-05, 4.49791368737e-05, 3.38979225489e-05, 3.3578457078e-05, 2.97141305055e-05, 2.71264634648e-05, 2.50393477472e-05, 2.38458869717e-05, 2.50096782111e-05, 2.64594455075e-05, 2.02745541173e-05, 1.96136315935e-05, 2.23452716455e-05, 1.94550502783e-05, 1.83634601854e-05, 1.83426691365e-05, 1.67116177181e-05, 1.66337904375e-05, 1.5383675418e-05, 1.29429172375e-05, 1.21829698401e-05, 1.06802808659e-05],
        "median": [0.0130000291392, 0.00218095351011, 0.000183429030585, 7.31552572688e-05, 6.17710029474e-05, 3.48627763742e-05, 1.79038470378e-05, 1.72448289959e-05, 2.08037708944e-05, 4.18689232902e-05, 3.53068353434e-05, 2.56303737842e-05, 2.49626064033e-05, 1.8369020836e-05, 1.55588404596e-05, 2.14023821172e-05, 1.66718455148e-05, 1.22824794744e-05, 1.29111958813e-05, 2.26174597628e-05, 1.72679719981e-05, 1.58418479259e-05, 1.6935136955e-05, 1.68299266079e-05, 1.61949574249e-05, 1.57452141138e-05, 1.67682574101e-05, 1.73401967913e-05, 1.46132342707e-05, 1.47945493154e-05, 1.67212219822e-05, 1.43290189953e-05, 1.34019537654e-05, 1.34218207677e-05, 1.20037484521e-05, 1.13059295472e-05, 1.12582038128e-05, 1.0523795936e-05, 9.76782393991e-06, 8.23196933197e-06],
        "min": [5.01369975201e-24, 6.32164099363e-24, 1.42973434452e-23, 8.05904639509e-24, 7.15865554623e-24, 1.5704876404e-23, 5.13004529705e-24, 4.51591629347e-24, 1.38392708502e-23, 1.02778699412e-23, 3.14963425196e-24, 2.25801691687e-24, 6.46665532168e-24, 3.55605400983e-24, 3.90966722148e-24, 1.04428870208e-23, 9.98452649154e-24, 6.74624222042e-24, 5.17397656643e-24, 5.11636132135e-24, 5.66383670604e-24, 7.48217923637e-24, 9.89984779539e-24, 6.86493502108e-24, 8.94295399534e-24, 7.64438560456e-24, 8.93299778185e-24, 9.40832039826e-24, 7.9490247535e-24, 6.48173558118e-24, 6.38434794141e-24, 5.23395011118e-24, 7.40418061437e-24, 9.01784371651e-24, 1.05860297763e-23, 6.55125276516e-24, 7.59293925177e-24, 1.01989964724e-23, 1.15649659278e-23, 9.08681067001e-24],
        "var": [0.000146503385622, 7.03526457073e-05, 6.95271091899e-06, 4.10330130762e-06, 2.94183848837e-07, 4.89480029842e-08, 3.57977505416e-08, 8.48468886261e-08, 2.40191173617e-08, 2.71129767526e-08, 2.24509655311e-08, 1.3686492828e-08, 1.34215403236e-08, 7.58941975931e-09, 8.16822076644e-09, 4.27325108632e-09, 5.62969226792e-09, 3.55574059085e-09, 2.29466756707e-09, 5.39136291167e-09, 2.28493624022e-09, 3.37296812702e-09, 1.62686875083e-09, 1.15086196129e-09, 8.56946902328e-10, 7.45843109495e-10, 7.37820082808e-10, 7.82844788993e-10, 3.70759284385e-10, 3.17111420456e-10, 4.20628393227e-10, 3.19391763037e-10, 3.00159314071e-10, 2.95408225659e-10, 2.37180830531e-10, 2.83882445329e-10, 2.0991310079e-10, 1.2245406078e-10, 1.13072870511e-10, 9.33627827826e-11]
    },
    "mfcc": {
        "mean": [-598.147094727, 41.0801734924, 18.9621753693, 25.6753787994, 14.7285051346, 18.2305374146, 15.964597702, 18.0970516205, 13.2930202484, 9.40214633942, 4.17408227921, 4.54088592529, 3.03835678101],
        "cov": [[5439.87207031, 407.3230896, 265.542694092, 87.9615402222, 192.724060059, 138.140380859, -5.93725252151, -89.7958984375, -131.769958496, -42.5033721924, 1.86277508736, 15.0301733017, 62.1680183411], [407.3230896, 983.316467285, 302.485107422, 236.305343628, -17.0263500214, -156.244232178, -132.255050659, -79.7316513062, -79.1782836914, -73.4975967407, -49.9504547119, -29.2511119843, -13.309419632], [265.542694092, 302.485107422, 980.254882812, 449.777832031, 268.756103516, 93.3332443237, 16.5802974701, -88.9278411865, -68.8586349487, -64.0225143433, -52.7778434753, -29.9813213348, -15.6565713882], [87.9615402222, 236.305343628, 449.777832031, 415.05871582, 224.097442627, 125.503257751, 50.4736862183, -4.79536390305, -26.3099536896, -33.3759040833, -35.0682029724, -13.6181306839, -13.0558214188], [192.724060059, -17.0263500214, 268.756103516, 224.097442627, 327.777954102, 229.99055481, 137.775863647, 52.9740791321, 35.8816566467, 17.9627456665, 13.8960361481, 4.86178684235, 12.1278991699], [138.140380859, -156.244232178, 93.3332443237, 125.503257751, 229.99055481, 288.5652771, 185.164810181, 106.8697052, 60.2663345337, 41.9411048889, 25.9384593964, 25.3964710236, 22.5320301056], [-5.93725252151, -132.255050659, 16.5802974701, 50.4736862183, 137.775863647, 185.164810181, 234.666763306, 151.557067871, 114.05896759, 68.9718780518, 56.8765907288, 39.4064369202, 43.2118721008], [-89.7958984375, -79.7316513062, -88.9278411865, -4.79536390305, 52.9740791321, 106.8697052, 151.557067871, 198.013336182, 149.391555786, 100.020217896, 67.3058319092, 42.4064674377, 40.0943946838], [-131.769958496, -79.1782836914, -68.8586349487, -26.3099536896, 35.8816566467, 60.2663345337, 114.05896759, 149.391555786, 189.607452393, 128.697952271, 95.0024871826, 50.7709503174, 42.5136070251], [-42.5033721924, -73.4975967407, -64.0225143433, -33.3759040833, 17.9627456665, 41.9411048889, 68.9718780518, 100.020217896, 128.697952271, 152.036651611, 106.983100891, 52.3820610046, 40.1090927124], [1.86277508736, -49.9504547119, -52.7778434753, -35.0682029724, 13.8960361481, 25.9384593964, 56.8765907288, 67.3058319092, 95.0024871826, 106.983100891, 134.519958496, 73.2251968384, 45.7412071228], [15.0301733017, -29.2511119843, -29.9813213348, -13.6181306839, 4.86178684235, 25.3964710236, 39.4064369202, 42.4064674377, 50.7709503174, 52.3820610046, 73.2251968384, 91.7931365967, 62.6236038208], [62.1680183411, -13.309419632, -15.6565713882, -13.0558214188, 12.1278991699, 22.5320301056, 43.2118721008, 40.0943946838, 42.5136070251, 40.1090927124, 45.7412071228, 62.6236038208, 105.217437744]],
