{
"lowlevel": {
    "average_loudness": 0.867153286934,
    "barkbands_crest": {
        "dmean": 3.14683890343,
        "dmean2": 4.98273801804,
        "dvar": 11.5776815414,
        "dvar2": 28.1475048065,
        "max": 26.930021286,
        "mean": 12.4079885483,
        "median": 12.5596408844,
        "min": 2.10534214973,
        "var": 31.9044723511
    },
    "barkbands_flatness_db": {
        "dmean": 0.0303419176489,
        "dmean2": 0.0455961301923,
        "dvar": 0.00135687738657,
        "dvar2": 0.00271927542053,
        "max": 0.846123874187,
        "mean": 0.147827476263,
        "median": 0.131598696113,
        "min": 0.0201255194843,
        "var": 0.00669594528154
    },
    "barkbands_kurtosis": {
        "dmean": 27.6080665588,
        "dmean2": 32.8956184387,
        "dvar": 198413.4375,
        "dvar2": 280215.21875,
        "max": 38262.9140625,
        "mean": 49.216091156,
        "median": 2.25034046173,
        "min": -1.8639985323,
        "var": 838930.5625
    },
    "barkbands_skewness": {
        "dmean": 0.926795780659,
        "dmean2": 1.33714795113,
        "dvar": 5.0225725174,
        "dvar2": 7.01322126389,
        "max": 161.1197052,
        "mean": 2.26181817055,
        "median": 1.78431653976,
        "min": -2.17462849617,
        "var": 29.6854133606
    },
    "barkbands_spread": {
        "dmean": 9.72948265076,
        "dmean2": 15.4985961914,
        "dvar": 169.047210693,
        "dvar2": 424.025085449,
        "max": 147.563156128,
        "mean": 30.005657196,
        "median": 27.4438648224,
        "min": 0.00366708193906,
        "var": 372.821044922
    },
    "dissonance": {
        "dmean": 0.0122376959771,
        "dmean2": 0.0209993124008,
        "dvar": 0.000215843712795,
        "dvar2": 0.000579520710744,
        "max": 0.500000357628,
        "mean": 0.481951475143,
        "median": 0.487014502287,
        "min": 0.225546956062,
        "var": 0.000343954336131
    },
    "dynamic_complexity": 4.65478801727,
    "erbbands_crest": {
        "dmean": 2.61605215073,
        "dmean2": 4.38742589951,
        "dvar": 7.12573623657,
        "dvar2": 18.8569850922,
        "max": 34.464969635,
        "mean": 7.47828054428,
        "median": 6.185359478,
        "min": 2.38922667503,
        "var": 17.5786113739
    },
    "erbbands_flatness_db": {
        "dmean": 0.017668992281,
        "dmean2": 0.026720078662,
        "dvar": 0.000345111213392,
        "dvar2": 0.000717336079106,
        "max": 0.414374798536,
        "mean": 0.138614490628,
        "median": 0.120856054127,
        "min": 0.0292573515326,
        "var": 0.00350814987905
    },
    "erbbands_kurtosis": {
        "dmean": 0.963005065918,
        "dmean2": 1.58717238903,
        "dvar": 16.0336647034,
        "dvar2": 46.5507965088,
        "max": 266.991668701,
        "mean": 0.149787843227,
        "median": -0.305806875229,
        "min": -1.87267386913,
        "var": 10.4705734253
    },
    "erbbands_skewness": {
        "dmean": 0.424236506224,
        "dmean2": 0.660744786263,
        "dvar": 0.191505625844,
        "dvar2": 0.471021771431,
        "max": 12.6054115295,
        "mean": -0.11756836623,
        "median": -0.130981966853,
        "min": -3.0187265873,
        "var": 0.552840054035
    },
    "erbbands_spread": {
        "dmean": 11.7918624878,
        "dmean2": 18.1167144775,
        "dvar": 270.822113037,
        "dvar2": 559.603271484,
        "max": 206.758255005,
        "mean": 46.26978302,
        "median": 41.3566360474,
        "min": 1.01973867416,
        "var": 635.933837891
    },
    "hfc": {
        "dmean": 15.6959161758,
        "dmean2": 24.3813819885,
        "dvar": 897.660339355,
        "dvar2": 2228.12109375,
        "max": 320.3097229,
        "mean": 44.4234161377,
        "median": 24.917011261,
        "min": 1.05841796018e-16,
        "var": 2772.83959961
    },
    "melbands_crest": {
        "dmean": 4.32892751694,
        "dmean2": 6.8487663269,
        "dvar": 26.4753913879,
        "dvar2": 60.1454429626,
        "max": 39.9980201721,
        "mean": 21.0459442139,
        "median": 20.8747158051,
        "min": 1.58880031109,
        "var": 107.435966492
    },
    "melbands_flatness_db": {
        "dmean": 0.0382521599531,
        "dmean2": 0.0567236281931,
        "dvar": 0.00214452273212,
        "dvar2": 0.00439341645688,
        "max": 0.852370560169,
        "mean": 0.212178573012,
        "median": 0.208052158356,
        "min": 0.00287892622873,
        "var": 0.0107659036294
    },
    "melbands_kurtosis": {
        "dmean": 131.229415894,
        "dmean2": 145.886276245,
        "dvar": 10200175,
        "dvar2": 12010785,
        "max": 387025.8125,
        "mean": 198.432022095,
        "median": 15.1733512878,
        "min": -1.50351822376,
        "var": 31491606
    },
    "melbands_skewness": {
        "dmean": 1.74956309795,
        "dmean2": 2.50616431236,
        "dvar": 25.130525589,
        "dvar2": 29.7551574707,
        "max": 513.929260254,
        "mean": 4.69931077957,
        "median": 3.6092941761,
        "min": -1.33226501942,
        "var": 129.60345459
    },
    "melbands_spread": {
        "dmean": 11.324593544,
        "dmean2": 18.3246307373,
        "dvar": 262.926330566,
        "dvar2": 647.907165527,
        "max": 185.592269897,
        "mean": 27.1291217804,
        "median": 19.8955745697,
        "min": 0.00137488159817,
        "var": 657.236328125
    },
    "pitch_salience": {
        "dmean": 0.103712290525,
        "dmean2": 0.165778294206,
        "dvar": 0.0149475531653,
        "dvar2": 0.0366190522909,
        "max": 0.999673247337,
        "mean": 0.467997163534,
        "median": 0.469524353743,
        "min": 0.000941946113016,
        "var": 0.0409477949142
    },
    "silence_rate_20dB": {
        "dmean": 0,
        "dmean2": 0,
        "dvar": 0,
        "dvar2": 0,
        "max": 1,
        "mean": 1,
        "median": 1,
        "min": 1,
        "var": 0
    },
    "silence_rate_30dB": {
        "dmean": 0.0989385172725,
        "dmean2": 0.197896838188,
        "dvar": 0.0891457423568,
        "dvar2": 0.192990645766,
        "max": 1,
        "mean": 0.857514798641,
        "median": 1,
        "min": 0,
        "var": 0.122186139226
    },
    "silence_rate_60dB": {
        "dmean": 0.019226917997,
        "dmean2": 0.0384576879442,
        "dvar": 0.0188549309969,
        "dvar2": 0.0423805080354,
        "max": 1,
        "mean": 0.109041757882,
        "median": 0,
        "min": 0,
        "var": 0.0971621125937
    },
    "spectral_centroid": {
        "dmean": 370.850250244,
        "dmean2": 577.423034668,
        "dvar": 202276.1875,
        "dvar2": 419012.0625,
        "max": 11804.0839844,
        "mean": 2098.1027832,
        "median": 2027.01086426,
        "min": 165.372879028,
        "var": 2020763.625
    },
    "spectral_complexity": {
        "dmean": 5.28519916534,
        "dmean2": 8.11357021332,
        "dvar": 39.5294837952,
        "dvar2": 83.0836257935,
        "max": 59,
        "mean": 22.3138084412,
        "median": 21,
        "min": 0,
        "var": 225.199432373
    },
    "spectral_decrease": {
        "dmean": 3.86135301511e-09,
        "dmean2": 5.94155080691e-09,
        "dvar": 4.45304973445e-17,
        "dvar2": 1.02002294929e-16,
        "max": 1.2703775342e-25,
        "mean": -1.21864225378e-08,
        "median": -7.70486074941e-09,
        "min": -6.76611122685e-08,
        "var": 1.29727092809e-16
    },
    "spectral_energy": {
        "dmean": 0.0148667013273,
        "dmean2": 0.022841213271,
        "dvar": 0.000652335816994,
        "dvar2": 0.00150353612844,
        "max": 0.257774174213,
        "mean": 0.0500238090754,
        "median": 0.0360270887613,
        "min": 9.93299805304e-21,
        "var": 0.0020530608017
    },
    "spectral_energyband_high": {
        "dmean": 0.00140830664895,
        "dmean2": 0.00221593584865,
        "dvar": 7.49614810047e-06,
        "dvar2": 1.83490537893e-05,
        "max": 0.0297843609005,
        "mean": 0.00354154733941,
        "median": 0.00139518093783,
        "min": 6.95710432387e-21,
        "var": 2.32549318753e-05
    },
    "spectral_energyband_low": {
        "dmean": 0.0121873244643,
        "dmean2": 0.0184309985489,
        "dvar": 0.00049667066196,
        "dvar2": 0.00106660893653,
        "max": 0.170619189739,
        "mean": 0.0342907980084,
        "median": 0.013269584626,
        "min": 1.83885827813e-23,
        "var": 0.00150155590381
    },
    "spectral_energyband_middle_high": {
        "dmean": 0.00230470602401,
        "dmean2": 0.00364798819646,
        "dvar": 1.23799345602e-05,
        "dvar2": 3.10381328745e-05,
        "max": 0.0402211397886,
        "mean": 0.00556804658845,
        "median": 0.0037773437798,
        "min": 1.12276298196e-21,
        "var": 3.29206886818e-05
    },
    "spectral_energyband_middle_low": {
        "dmean": 0.00592239713296,
        "dmean2": 0.0101727806032,
        "dvar": 0.000269702781225,
        "dvar2": 0.000710218620952,
        "max": 0.169995307922,
        "mean": 0.00670476490632,
        "median": 0.00310179055668,
        "min": 1.51074461658e-22,
        "var": 0.000204421390663
    },
    "spectral_entropy": {
        "dmean": 0.140293434262,
        "dmean2": 0.221172094345,
        "dvar": 0.0319088995457,
        "dvar2": 0.0709182471037,
        "max": 9.82816505432,
        "mean": 7.99188089371,
        "median": 8.14567089081,
        "min": 3.63196086884,
        "var": 0.32823869586
    },
    "spectral_flux": {
        "dmean": 0.0334310792387,
        "dmean2": 0.0521086677909,
        "dvar": 0.00234948913567,
        "dvar2": 0.00460507627577,
        "max": 0.456098467112,
        "mean": 0.107656851411,
        "median": 0.093172468245,
        "min": 6.35128269422e-11,
        "var": 0.00670714536682
    },
    "spectral_kurtosis": {
        "dmean": 1.49359214306,
        "dmean2": 2.52246522903,
        "dvar": 24.882768631,
        "dvar2": 65.9750823975,
        "max": 364.623504639,
        "mean": 3.67496657372,
        "median": 2.36423063278,
        "min": -1.27598261833,
        "var": 55.3507194519
    },
    "spectral_rms": {
        "dmean": 0.0010253112996,
        "dmean2": 0.001571217319,
        "dvar": 2.51071446655e-06,
        "dvar2": 5.59219461138e-06,
        "max": 0.0158583410084,
        "mean": 0.00603927206248,
        "median": 0.00592860672623,
        "min": 3.11299358687e-12,
        "var": 1.23308009279e-05
    },
    "spectral_rolloff": {
        "dmean": 1055.88549805,
        "dmean2": 1733.36706543,
        "dvar": 3195382.5,
        "dvar2": 7532230,
        "max": 19530.6152344,
        "mean": 2117.23339844,
        "median": 1076.66015625,
        "min": 21.533203125,
        "var": 10023657
    },
    "spectral_skewness": {
        "dmean": 0.19853271544,
        "dmean2": 0.325252324343,
        "dvar": 0.0757085904479,
        "dvar2": 0.188628971577,
        "max": 15.4907140732,
        "mean": 1.33874750137,
        "median": 1.25538039207,
        "min": -0.0983335524797,
        "var": 0.293693184853
    },
    "spectral_spread": {
        "dmean": 657089.0625,
        "dmean2": 956697.9375,
        "dvar": 1.1901698048e+12,
        "dvar2": 2.09999639347e+12,
        "max": 42961512,
        "mean": 6134041,
        "median": 5933728.5,
        "min": 454727.125,
        "var": 2.22679395205e+13
    },
    "spectral_strongpeak": {
        "dmean": 0.254839092493,
        "dmean2": 0.438166618347,
        "dvar": 0.188814505935,
        "dvar2": 0.521472513676,
        "max": 6.15709733963,
        "mean": 0.463216871023,
        "median": 0.365657657385,
        "min": 0,
        "var": 0.259460300207
    },
    "zerocrossingrate": {
        "dmean": 0.0171311609447,
        "dmean2": 0.0207505114377,
        "dvar": 0.000559910200536,
        "dvar2": 0.0007237935788,
        "max": 0.75732421875,
        "mean": 0.0803844332695,
        "median": 0.05859375,
        "min": 0,
        "var": 0.00604604370892
    },
    "barkbands": {
        "dmean": [0.00379519024864, 0.00923297554255, 0.00301994360052, 0.00223885243759, 0.00159636337776, 0.00093128514709, 0.00077338446863, 0.000670090783387, 0.000886678753886, 0.000650609494187, 0.000439037394244, 0.000512651109602, 0.000423939083703, 0.000340341037372, 0.000352268136339, 0.000379392382456, 0.000379780569347, 0.000337456731359, 0.000260926201008, 0.000246701820288, 0.000261070788838, 0.000251706776908, 0.000258502695942, 0.000266859773546, 0.000252418220043, 0.000251241639489, 0.000101433164673],
        "dmean2": [0.0058856960386, 0.0132367955521, 0.00525612104684, 0.00395561242476, 0.00280266371556, 0.00166205421556, 0.00133473577444, 0.00116605195217, 0.001569276792, 0.00111748592462, 0.000716892071068, 0.000874149554875, 0.000724564539269, 0.00057705224026, 0.000593764823861, 0.000633670948446, 0.000646433327347, 0.000572815653868, 0.000443874072516, 0.000408894993598, 0.000444547942607, 0.000417856062995, 0.000421949167503, 0.000427716149716, 0.000408122810768, 0.000401043740567, 0.000162311989698],
        "dvar": [9.16933713597e-05, 0.000311659125146, 9.60415563895e-05, 0.000119012889627, 1.89922811842e-05, 8.00946327217e-06, 4.53125812783e-06, 3.21045558849e-06, 3.80323672289e-06, 2.42127066485e-06, 1.06813513412e-06, 1.24605423935e-06, 8.37224376937e-07, 4.85808641315e-07, 3.997004967e-07, 5.44111685485e-07, 4.37233438788e-07, 3.80481935736e-07, 1.61190442327e-07, 1.63166816947e-07, 1.82980812724e-07, 1.54852244805e-07, 2.14838081547e-07, 2.88469323095e-07, 3.39663870363e-07, 5.00203441334e-07, 6.8696962785e-08],
        "dvar2": [0.000204794749152, 0.000620372709818, 0.000266982562607, 0.000319463695632, 5.11441176059e-05, 2.24571922445e-05, 1.1899565834e-05, 8.47575029184e-06, 1.0556581401e-05, 6.58324142933e-06, 2.55673808169e-06, 3.31697492584e-06, 2.19881940211e-06, 1.33298340188e-06, 1.09081395294e-06, 1.44223952248e-06, 1.1914477227e-06, 1.06602578853e-06, 4.46052723646e-07, 4.23667557925e-07, 5.09534345383e-07, 4.14315508124e-07, 5.67462279832e-07, 7.21148182947e-07, 8.65346805767e-07, 1.2795001112e-06, 1.7478741654e-07],
        "max": [0.234449505806, 0.15086774528, 0.0923788398504, 0.134946465492, 0.0378074496984, 0.0375396050513, 0.0472043938935, 0.0273510217667, 0.0297330860049, 0.0297605730593, 0.0270400308073, 0.0194512568414, 0.0141708413139, 0.0160795897245, 0.0141907790676, 0.0134700089693, 0.008549567312, 0.00841532740742, 0.00415059458464, 0.00500707142055, 0.00386521616019, 0.0046404087916, 0.0083434311673, 0.00811233837157, 0.00689689582214, 0.00789500866085, 0.00295194494538],
        "mean": [0.007053387817, 0.02440257743, 0.00291921081953, 0.00184974528383, 0.00152272277046, 0.000780417292845, 0.000762623560149, 0.00061620521592, 0.000882678257767, 0.0007575667114, 0.000504971598275, 0.000637691351585, 0.000556551443879, 0.000499244953971, 0.000503862276673, 0.000529940414708, 0.000546410097741, 0.000522893562447, 0.000437004462583, 0.000434972520452, 0.000475598440971, 0.000532488047611, 0.00054881995311, 0.000580232823268, 0.000547798990738, 0.000467539182864, 0.000150594685692],
        "median": [0.000608768372331, 0.00601565884426, 0.000472074840218, 0.000197681394638, 0.000251870282227, 0.000142545526614, 0.000156986367074, 0.000139120660606, 0.00024230654526, 0.000193961241166, 0.000159641873324, 0.000178666974534, 0.000146531659993, 0.000229288081755, 0.000251964549534, 0.000220738249482, 0.000240134308115, 0.000221053385758, 0.000230792094953, 0.000208666548133, 0.00024208931427, 0.000247948686592, 0.000221694223001, 0.00019081751816, 0.000144641147926, 8.7788401288e-05, 1.17760082503e-05],
        "min": [3.53736199998e-25, 2.20965915174e-24, 5.63388977114e-25, 6.06124136147e-25, 7.48628367966e-24, 6.96265043255e-24, 7.73312614551e-24, 6.1490153506e-24, 7.53646233298e-24, 1.3735082835e-23, 1.71460669021e-23, 1.57743087854e-23, 2.29733240333e-23, 3.65544070201e-23, 4.05522026265e-23, 4.55157974836e-23, 4.66729081257e-23, 8.43550044316e-23, 1.11307289228e-22, 1.83885925631e-22, 2.466729428e-22, 2.38189368542e-22, 3.87697467986e-22, 5.22890884823e-22, 7.02263970719e-22, 1.28875971321e-21, 1.85740942778e-21],
        "var": [0.000172469983227, 0.000946828979068, 7.37348455004e-05, 8.15384046291e-05, 1.65198471223e-05, 5.44140038983e-06, 4.39120094597e-06, 2.7347307423e-06, 3.41195527653e-06, 2.91576770906e-06, 1.18912737435e-06, 1.45536864693e-06, 1.20783374769e-06, 6.75886838053e-07, 5.35707499694e-07, 7.26957807728e-07, 6.17661385149e-07, 5.86137559822e-07, 2.83715820615e-07, 3.32158492711e-07, 3.4172998653e-07, 4.41703519982e-07, 5.62426635042e-07, 8.14800216631e-07, 7.94140078142e-07, 8.27662347547e-07, 1.02861186235e-07]
    },
    "erbbands": {
        "dmean": [0.472431480885, 1.57092857361, 3.35281467438, 6.080265522, 5.14006280899, 5.39316654205, 6.86716651917, 8.3156042099, 11.4431972504, 11.1944465637, 16.0645084381, 19.3355903625, 21.9055271149, 16.9036941528, 17.534072876, 19.8834762573, 19.8473510742, 16.5354862213, 19.3430557251, 16.5319042206, 19.9981555939, 20.6555652618, 17.5161514282, 15.4377975464, 11.5026302338, 11.8271427155, 10.3268518448, 10.7238731384, 9.84290885925, 8.4163351059, 7.42256641388, 5.90009069443, 4.46937656403, 3.07551407814, 1.90193927288, 1.11533915997, 0.437244325876, 0.154092118144, 0.0153227271512, 0.000224169503781],
        "dmean2": [0.670530974865, 2.41650128365, 5.68251895905, 10.6747055054, 9.03275108337, 9.42070960999, 12.1122941971, 14.8513774872, 19.7281837463, 19.3276309967, 28.1442718506, 34.3096313477, 37.1991081238, 28.5631752014, 28.5662784576, 34.0000762939, 33.982460022, 27.7660827637, 32.9111213684, 27.5524997711, 33.4189109802, 34.9868774414, 29.6261196136, 25.98787117, 19.4881839752, 19.5276317596, 17.4241714478, 18.3767127991, 16.7136001587, 13.8411769867, 12.0665130615, 9.4612455368, 7.2161192894, 5.00482463837, 3.12075710297, 1.83753323555, 0.693738460541, 0.239711642265, 0.0244962070137, 0.000353208597517],
        "dvar": [0.847211360931, 16.0097694397, 118.664245605, 708.711669922, 345.389007568, 202.750579834, 379.371490479, 663.369445801, 969.836547852, 944.439025879, 1825.953125, 1904.26257324, 2823.57885742, 1438.5982666, 1432.57458496, 1802.03942871, 1901.12854004, 1094.67504883, 1141.14770508, 909.225585938, 1462.01379395, 1273.11291504, 1132.10400391, 694.184936523, 322.45803833, 433.840270996, 271.543731689, 319.592224121, 253.662124634, 208.40486145, 183.607574463, 122.64238739, 87.1785964966, 46.7427825928, 23.2971553802, 10.8247804642, 1.25688683987, 0.157445177436, 0.00144228164572, 3.00669228182e-07],
        "dvar2": [1.66510665417, 35.7767295837, 320.95010376, 1891.39892578, 929.903137207, 540.632629395, 1020.40490723, 1878.11975098, 2516.77026367, 2502.18798828, 4954.77832031, 5339.61767578, 7602.31640625, 3713.75341797, 3432.97021484, 4807.60742188, 5039.12841797, 2855.14282227, 3274.02490234, 2406.65039062, 3853.73852539, 3474.21704102, 3147.76269531, 1956.13439941, 881.406433105, 1122.19262695, 718.25378418, 901.263305664, 723.093688965, 537.644287109, 491.462188721, 300.42276001, 219.145675659, 121.19077301, 60.1801071167, 29.1386489868, 3.09026837349, 0.386240065098, 0.00353927724063, 7.30536328319e-07],
        "max": [7.26642608643, 38.0294799805, 102.560119629, 320.902801514, 224.778259277, 142.138061523, 238.752029419, 376.476623535, 490.727783203, 733.643737793, 772.028808594, 768.721130371, 1116.17236328, 711.661376953, 751.409118652, 688.432006836, 646.266906738, 660.39642334, 800.362915039, 493.268096924, 904.208312988, 497.011169434, 538.277832031, 425.595001221, 198.214553833, 309.678527832, 169.686065674, 162.568557739, 183.07673645, 165.064422607, 288.753356934, 141.088439941, 156.797561646, 84.4907836914, 56.1301460266, 40.0058097839, 14.176651001, 4.81979370117, 0.490509957075, 0.00694480445236],
        "mean": [1.27593445778, 3.15480232239, 3.79131007195, 5.41316652298, 4.54548072815, 5.13236474991, 6.16460704803, 7.13614034653, 11.4480609894, 10.5515117645, 14.763458252, 19.3642902374, 26.0419979095, 20.3352394104, 22.2456893921, 25.8818092346, 26.7249240875, 25.5086917877, 28.9465312958, 24.8664188385, 30.0578212738, 31.643239975, 27.751996994, 26.0913257599, 20.6504917145, 20.7630271912, 19.1416759491, 19.1904678345, 19.2803230286, 17.3181533813, 15.5700378418, 12.4489479065, 9.50117206573, 6.38889551163, 3.88605546951, 2.01907467842, 0.829893887043, 0.259727329016, 0.0230808723718, 0.000412716995925],
        "median": [0.206694796681, 0.850704669952, 0.749230444431, 0.946129918098, 0.584957003593, 0.817063629627, 0.896035075188, 1.41331279278, 2.23253011703, 2.74480557442, 3.42895793915, 5.81452226639, 6.8136305809, 6.83853340149, 8.00849723816, 7.96274471283, 7.50401163101, 11.2192087173, 16.8782024384, 10.5441083908, 13.3845033646, 14.959862709, 12.3903675079, 12.6897830963, 11.654753685, 10.0683794022, 10.0272426605, 9.28071880341, 8.91737365723, 7.28304433823, 6.34592866898, 4.56376934052, 2.91240429878, 1.79478728771, 0.928297698498, 0.41218522191, 0.149635076523, 0.0325175188482, 0.00181969162077, 9.0161251137e-05],
        "min": [8.14017490162e-23, 4.76713567517e-22, 1.69272223088e-21, 5.96314705538e-21, 1.24705902629e-20, 1.88878097953e-20, 6.13325408263e-20, 5.15403896596e-20, 1.38274768218e-19, 2.36783707367e-19, 1.72586956734e-19, 1.99923725016e-19, 4.13103872378e-19, 7.98035162164e-19, 4.34552096974e-19, 7.70897175723e-19, 1.56174356968e-18, 1.84610727456e-18, 1.98920641861e-18, 3.12658658511e-18, 2.88820347233e-18, 3.02324070733e-18, 5.34405825004e-18, 7.20018123426e-18, 6.21527506327e-18, 8.54252496923e-18, 8.21890875254e-18, 1.0358187241e-17, 8.64356259951e-18, 1.22296833769e-17, 1.10630634097e-17, 1.04986921398e-17, 8.97064056706e-18, 7.35405750771e-18, 4.87429079964e-18, 4.28817460583e-18, 2.30820159081e-18, 9.53958966124e-19, 2.33610668387e-19, 2.72365340243e-20],
        "var": [3.00181102753, 26.6473579407, 109.531867981, 498.05947876, 247.509887695, 189.637969971, 340.510253906, 448.640289307, 1004.77661133, 774.942321777, 1504.27307129, 1602.81872559, 3460.38330078, 1581.79248047, 1768.41699219, 2169.81665039, 2725.70043945, 1762.98266602, 1494.92407227, 1373.92431641, 2075.89599609, 1897.71520996, 1688.72717285, 1228.42785645, 606.383911133, 814.929931641, 554.203552246, 587.438537598, 593.184326172, 541.340881348, 467.321716309, 334.404174805, 241.327301025, 109.753417969, 44.8940010071, 15.5006809235, 2.46598935127, 0.271871447563, 0.00236805411987, 5.52486028482e-07]
    },
    "gfcc": {
        "mean": [-29.7676639557, 49.2675209045, -109.039955139, 35.7066688538, -40.4959716797, 23.3556270599, -23.8330230713, 13.7651090622, -14.5346040726, 7.27145433426, -12.3473901749, 3.10078287125, -10.7136030197],
        "cov": [[47391.2734375, -4511.18994141, -1469.91357422, 813.050842285, -1662.34814453, 1739.23291016, -495.198242188, 1757.0222168, -364.724212646, 635.970581055, -829.592834473, 836.763671875, -520.756469727], [-4511.18994141, 5339.94824219, -1104.48852539, 189.526535034, 295.220397949, -943.761169434, -132.804046631, -1031.51611328, 163.014938354, -342.855377197, 396.174224854, -646.187072754, 142.658432007], [-1469.91357422, -1104.48852539, 2064.76513672, 532.609802246, 519.502380371, 399.225097656, 212.898132324, 289.41394043, 48.694355011, 128.613464355, -11.0505304337, 233.85534668, 9.6426076889], [813.050842285, 189.526535034, 532.609802246, 716.52722168, 323.626556396, 201.715194702, 125.840904236, 84.8343963623, 99.2898712158, 50.3862686157, 73.821685791, 47.9822463989, 38.8497848511], [-1662.34814453, 295.220397949, 519.502380371, 323.626556396, 587.896789551, 129.942764282, 259.616516113, 7.81171607971, 117.603469849, 37.5443916321, 116.055587769, 8.64650344849, 61.5938072205], [1739.23291016, -943.761169434, 399.225097656, 201.715194702, 129.942764282, 493.518676758, 190.716888428, 328.720367432, 41.2775726318, 92.8492584229, -48.5596046448, 147.197982788, -15.1389398575], [-495.198242188, -132.804046631, 212.898132324, 125.840904236, 259.616516113, 190.716888428, 356.397094727, 196.803924561, 137.374481201, 40.8466300964, 33.9622268677, 34.0612754822, 35.5228500366], [1757.0222168, -1031.51611328, 289.41394043, 84.8343963623, 7.81171607971, 328.720367432, 196.803924561, 477.474853516, 104.337974548, 137.302703857, -73.322303772, 161.949707031, -13.4298810959], [-364.724212646, 163.014938354, 48.694355011, 99.2898712158, 117.603469849, 41.2775726318, 137.374481201, 104.337974548, 208.320281982, 81.3263473511, 89.7725601196, -2.88113236427, 26.9187335968], [635.970581055, -342.855377197, 128.613464355, 50.3862686157, 37.5443916321, 92.8492584229, 40.8466300964, 137.302703857, 81.3263473511, 164.578216553, 55.7514572144, 90.3929443359, -0.735669016838], [-829.592834473, 396.174224854, -11.0505304337, 73.821685791, 116.055587769, -48.5596046448, 33.9622268677, -73.322303772, 89.7725601196, 55.7514572144, 174.814041138, 12.3703699112, 45.9578704834], [836.763671875, -646.187072754, 233.85534668, 47.9822463989, 8.64650344849, 147.197982788, 34.0612754822, 161.949707031, -2.88113236427, 90.3929443359, 12.3703699112, 194.523025513, 38.3691711426], [-520.756469727, 142.658432007, 9.6426076889, 38.8497848511, 61.5938072205, -15.1389398575, 35.5228500366, -13.4298810959, 26.9187335968, -0.735669016838, 45.9578704834, 38.3691711426, 95.5781860352]],
        "icov": [[4.69707520097e-05, -4.83322692162e-05, 8.97750724107e-05, -0.000120753422379, 7.54860520829e-05, -0.000143112367368, 7.52385822125e-05, -7.70092519815e-05, 6.36491240584e-05, -0.000168185782968, 0.000230340869166, -0.000266794435447, 0.000235111947404], [-4.83322692162e-05, 0.000826790870633, 8.23656810098e-05, -0.000318592530675, -0.000202602721401, 0.000735850539058, -0.000113702022645, 0.000496539985761, -0.000371808419004, 0.000745604396798, -0.0012997102458, 0.00193188758567, -0.0010571902385], [8.97750724107e-05, 8.23656810098e-05, 0.00112372136209, -0.000648977584206, -0.000823222333565, -0.000122555036796, 0.000447038008133, -0.000159743416589, -5.07189652126e-05, -0.000107595857116, 0.000839678687043, -0.00131628476083, 0.000977247254923], [-0.000120753422379, -0.000318592530675, -0.000648977584206, 0.00283817225136, -0.00102546310518, -0.000858711602632, 0.00073752499884, -0.000254901649896, -0.000669448345434, 0.000611570198089, -0.000591084070038, 0.000192442923435, -0.000655444047879], [7.54860520829e-05, -0.000202602721401, -0.000823222333565, -0.00102546310518, 0.00518914498389, -0.000937069882639, -0.00338797597215, 0.00191890296992, 0.00051210145466, -0.00159495137632, -0.000613703625277, 0.000681323988829, -0.000885036366526], [-0.000143112367368, 0.000735850539058, -0.000122555036796, -0.000858711602632, -0.000937069882639, 0.00605568801984, -0.00145623378921, -0.00199458934367, 0.000954779039603, 0.00104920589365, -0.00122274633031, 0.000296696991427, 0.000515375286341], [7.52385822125e-05, -0.000113702022645, 0.000447038008133, 0.00073752499884, -0.00338797597215, -0.00145623378921, 0.0083978837356, -0.00385694322176, -0.00237087998539, 0.00275911414064, -0.000588114198763, 0.000425705540692, -0.000674828945193], [-7.70092519815e-05, 0.000496539985761, -0.000159743416589, -0.000254901649896, 0.00191890296992, -0.00199458934367, -0.00385694322176, 0.0108049232513, -0.00538721121848, -0.00311768171377, 0.0059559289366, -0.003769131843, 0.000500683905557], [6.36491240584e-05, -0.000371808419004, -5.07189652126e-05, -0.000669448345434, 0.00051210145466, 0.000954779039603, -0.00237087998539, -0.00538721121848, 0.0141284307465, -0.00466784229502, -0.0060023679398, 0.00611756742001, -0.0024603549391], [-0.000168185782968, 0.000745604396798, -0.000107595857116, 0.000611570198089, -0.00159495137632, 0.00104920589365, 0.00275911414064, -0.00311768171377, -0.00466784229502, 0.0162921771407, -0.0067224171944, -0.00332914618775, 0.00347246020101], [0.000230340869166, -0.0012997102458, 0.000839678687043, -0.000591084070038, -0.000613703625277, -0.00122274633031, -0.000588114198763, 0.0059559289366, -0.0060023679398, -0.0067224171944, 0.0183554794639, -0.00836064945906, 0.000776790489908], [-0.000266794435447, 0.00193188758567, -0.00131628476083, 0.000192442923435, 0.000681323988829, 0.000296696991427, 0.000425705540692, -0.003769131843, 0.00611756742001, -0.00332914618775, -0.00836064945906, 0.0215336810797, -0.0117354393005], [0.000235111947404, -0.0010571902385, 0.000977247254923, -0.000655444047879, -0.000885036366526, 0.000515375286341, -0.000674828945193, 0.000500683905557, -0.0024603549391, 0.00347246020101, 0.000776790489908, -0.0117354393005, 0.0195198152214]]
    },
    "melbands": {
        "dmean": [0.00312787457369, 0.00173567328602, 0.000999001204036, 0.000352223723894, 0.000249566364801, 0.00018670829013, 0.000167975129443, 0.000125208127429, 0.000137918701512, 0.00012383806461, 0.00011040395475, 7.05207421561e-05, 5.97887665208e-05, 5.43611968169e-05, 5.60146254429e-05, 3.80437631975e-05, 3.22054802382e-05, 3.39106663887e-05, 2.39027685893e-05, 2.66723091045e-05, 2.46516392508e-05, 2.40387125814e-05, 1.99773712666e-05, 1.56869245984e-05, 1.36806866067e-05, 9.76708997769e-06, 8.86153247848e-06, 8.44262831379e-06, 6.81928622726e-06, 7.00190003045e-06, 6.80548237142e-06, 6.39022800897e-06, 4.84528300149e-06, 5.09148730998e-06, 4.71794737678e-06, 4.34117100667e-06, 3.74200180886e-06, 3.37216806656e-06, 3.02555918097e-06, 2.71153317044e-06],
        "dmean2": [0.00444438075647, 0.00277753639966, 0.00174531782977, 0.000617915182374, 0.000438113347627, 0.000332744210027, 0.000290350901196, 0.000216085361899, 0.000243557311478, 0.000218439818127, 0.000187396202818, 0.000119659380289, 9.75886359811e-05, 9.11545139388e-05, 9.70307301031e-05, 6.45530744805e-05, 5.43346759514e-05, 5.82035791012e-05, 4.0348902985e-05, 4.4439570047e-05, 4.14885435021e-05, 4.0922928747e-05, 3.38699828717e-05, 2.67930226983e-05, 2.31483973039e-05, 1.68639580806e-05, 1.5000006897e-05, 1.40378933793e-05, 1.15265638669e-05, 1.19786136565e-05, 1.17742811199e-05, 1.09643369797e-05, 8.06411753729e-06, 8.46131479193e-06, 7.86113650975e-06, 6.95641483617e-06, 6.20373384663e-06, 5.55606811758e-06, 4.89663398184e-06, 4.48173295808e-06],
        "dvar": [3.44521431543e-05, 2.50076463999e-05, 1.76758803718e-05, 1.04970638404e-06, 4.71433139637e-07, 3.19582198927e-07, 2.12685733914e-07, 1.15929502442e-07, 1.30899621809e-07, 7.61251897075e-08, 7.24416224784e-08, 2.57259813452e-08, 1.87042399347e-08, 1.44242919831e-08, 1.6426609406e-08, 6.51847464894e-09, 4.5786729963e-09, 3.56132479062e-09, 2.2003943112e-09, 3.02992186896e-09, 2.21254925492e-09, 1.84891291166e-09, 1.38348477119e-09, 9.13038866734e-10, 5.80136827466e-10, 2.36071828752e-10, 2.18142587327e-10, 2.17856774287e-10, 1.20286544614e-10, 1.36347808044e-10, 1.30827473854e-10, 1.12740400349e-10, 6.13203793298e-11, 8.01305272136e-11, 7.97172813871e-11, 7.08034880725e-11, 4.94011047347e-11, 5.26255879152e-11, 3.97813275377e-11, 3.70619680778e-11],
        "dvar2": [6.63199971314e-05, 6.07658330409e-05, 4.69097285531e-05, 2.80595349977e-06, 1.26186250782e-06, 9.03773525351e-07, 5.57257067157e-07, 3.04524149897e-07, 3.59099971092e-07, 2.11627295243e-07, 1.95303513806e-07, 6.71619559967e-08, 4.4231907026e-08, 3.77048188227e-08, 4.41218048763e-08, 1.66497997611e-08, 1.21214913662e-08, 1.03550501507e-08, 5.96629368133e-09, 8.00062238682e-09, 5.87986725975e-09, 5.07978281661e-09, 3.73769371009e-09, 2.573944613e-09, 1.6503290956e-09, 6.59248711177e-10, 5.87637050131e-10, 5.72547176336e-10, 3.24409554775e-10, 3.75482922532e-10, 3.75644626516e-10, 3.21754622945e-10, 1.62676150328e-10, 2.10551437396e-10, 2.23251528375e-10, 1.7800518004e-10, 1.28680024969e-10, 1.37758554564e-10, 1.01611795367e-10, 9.8727880038e-11],
        "max": [0.0484394989908, 0.049178365618, 0.0502278655767, 0.0099858250469, 0.00826141703874, 0.0079760896042, 0.00874307751656, 0.00774390995502, 0.00666382536292, 0.00481813075021, 0.00553841795772, 0.0029783975333, 0.00321499025449, 0.00227722316049, 0.00292112329043, 0.0016774648102, 0.00151902413927, 0.00130202143919, 0.00103007757571, 0.00107559503522, 0.00113789178431, 0.000636592216324, 0.000567531038541, 0.000455225264886, 0.000368255248759, 0.000216276064748, 0.000328570225975, 0.000218937377213, 0.000119576812722, 0.000129860301968, 0.000148710430949, 0.000118576914247, 0.000104825376184, 0.000113110349048, 0.000224459523452, 0.000185842291103, 8.5292624135e-05, 0.000142357734148, 7.08128936822e-05, 8.19776105345e-05],
        "mean": [0.00891103409231, 0.00268529076129, 0.00091060885461, 0.000326312612742, 0.000232522332226, 0.000161782241776, 0.000167455596966, 0.00011645702034, 0.000123345831526, 0.000125421705889, 0.000130068525323, 8.20895365905e-05, 7.22217155271e-05, 6.81519013597e-05, 6.97987343301e-05, 5.09306082677e-05, 4.63707219751e-05, 4.77084249724e-05, 3.34916039719e-05, 3.52384849975e-05, 3.4768909245e-05, 3.35782024194e-05, 2.77435992757e-05, 2.33793434745e-05, 2.1128116714e-05, 1.53182409122e-05, 1.42847929965e-05, 1.36395829031e-05, 1.14275198939e-05, 1.16947176139e-05, 1.10740083983e-05, 1.12919315143e-05, 9.55332416197e-06, 9.56388066697e-06, 9.00777922652e-06, 8.39483436721e-06, 7.2467469181e-06, 6.75681349094e-06, 5.93054937781e-06, 5.20080493516e-06],
        "median": [0.00200164667331, 0.000884818553459, 0.000156154288561, 5.49336036784e-05, 3.2881678635e-05, 3.23023814417e-05, 3.33103380399e-05, 2.83551926259e-05, 2.61175500782e-05, 3.5704812035e-05, 3.21300249198e-05, 2.4417806344e-05, 2.40476620093e-05, 1.96685632545e-05, 1.76301127794e-05, 1.49714769577e-05, 1.87229688891e-05, 2.6794265068e-05, 1.3845507965e-05, 1.43178021972e-05, 1.43239585668e-05, 1.4062145965e-05, 1.15588636618e-05, 1.00701063275e-05, 9.46106774791e-06, 8.04247520136e-06, 7.16250860933e-06, 6.07605488767e-06, 5.66053086004e-06, 5.65941763853e-06, 5.02964758198e-06, 4.96488519275e-06, 4.35990614278e-06, 3.78108302357e-06, 3.59704108632e-06, 2.94935580314e-06, 2.53347957369e-06, 2.01990701498e-06, 1.73323746822e-06, 1.39709152336e-06],
        "min": [1.59757822829e-24, 1.09248153612e-24, 1.42183510557e-24, 1.02243433622e-24, 2.13328794978e-24, 1.36917627356e-24, 1.7490474107e-24, 2.27974431557e-24, 1.35649326375e-24, 1.09941305968e-24, 1.85605737857e-24, 2.87210726626e-24, 1.58638054495e-24, 1.57080438777e-24, 2.98190349085e-24, 2.29498944699e-24, 3.56583982936e-24, 2.48534040013e-24, 3.3617528357e-24, 3.30604584516e-24, 1.81658790647e-24, 2.83212542901e-24, 3.69717964805e-24, 4.62416615347e-24, 4.14586361498e-24, 3.84315362539e-24, 5.02885731987e-24, 4.44660105788e-24, 3.95624945793e-24, 4.44870179447e-24, 5.45157593011e-24, 3.9938793064e-24, 4.67707308223e-24, 6.0334046295e-24, 5.66007857268e-24, 5.87192637992e-24, 5.83258509771e-24, 6.0165123565e-24, 5.66423941953e-24, 5.49651220829e-24],
        "var": [0.000125258404296, 3.20171238855e-05, 1.25868091345e-05, 8.26992447855e-07, 4.63139514295e-07, 2.18872926894e-07, 2.13547522776e-07, 9.63671453746e-08, 1.03354388159e-07, 6.99304081309e-08, 8.94716407629e-08, 2.82650418626e-08, 2.19037392668e-08, 1.68891300945e-08, 1.95048137641e-08, 9.41641520313e-09, 6.84427359232e-09, 4.35149205558e-09, 2.91507040728e-09, 3.70511976655e-09, 3.02484814974e-09, 2.50253062717e-09, 1.84408333048e-09, 1.28026567126e-09, 9.29033128205e-10, 3.66692065601e-10, 3.84728610081e-10, 3.87296972271e-10, 2.199813387e-10, 2.2896536056e-10, 2.2264154409e-10, 2.21439103165e-10, 1.55155527315e-10, 1.80987308473e-10, 1.64376040557e-10, 1.57981155935e-10, 1.1895674723e-10, 1.2779692582e-10, 9.74067632109e-11, 7.6549350192e-11]
    },
    "mfcc": {
        "mean": [-655.659912109, 81.1830596924, -2.61574840546, 20.2817344666, 10.3526592255, 13.8320484161, 7.94804334641, 10.6612329483, 6.31331634521, 8.04237937927, 6.47439813614, 3.63851332664, 0.925082266331],
        "cov": [[18681.3183594, -1797.65771484, 489.944122314, -249.937515259, -74.083770752, 158.153549194, 119.922744751, 842.970031738, 601.807861328, 182.168701172, 56.488948822, 374.178924561, 286.813476562], [-1797.65771484, 3528.98022461, -541.692993164, 436.007110596, 50.0390815735, -22.866312027, -203.254501343, -517.714233398, -434.497131348, -29.2827644348, 9.96010684967, -263.945861816, -253.933288574], [489.944122314, -541.692993164, 1055.79724121, 356.787750244, 361.074188232, 218.30279541, 192.557342529, 213.587890625, 154.038635254, 56.3277587891, 44.9115066528, 98.2990722656, 67.6206207275], [-249.937515259, 436.007110596, 356.787750244, 583.970581055, 314.914733887, 186.882064819, 106.692131042, 32.8836364746, 20.5286827087, 53.481136322, 64.018447876, 18.9957675934, 5.91143131256], [-74.083770752, 50.0390815735, 361.074188232, 314.914733887, 378.801452637, 225.012649536, 163.866409302, 81.1540374756, 55.0949401855, 56.6405792236, 64.7177200317, 47.0067253113, 28.6640605927], [158.153549194, -22.866312027, 218.30279541, 186.882064819, 225.012649536, 262.243530273, 167.128189087, 110.960403442, 57.0227737427, 50.5335235596, 47.7543907166, 44.6064338684, 24.1026668549], [119.922744751, -203.254501343, 192.557342529, 106.692131042, 163.866409302, 167.128189087, 260.990997314, 184.326675415, 141.176681519, 73.91015625, 61.0939331055, 56.394695282, 44.350605011], [842.970031738, -517.714233398, 213.587890625, 32.8836364746, 81.1540374756, 110.960403442, 184.326675415, 323.712158203, 231.936141968, 112.739021301, 58.7437286377, 89.3879241943, 63.2174606323], [601.807861328, -434.497131348, 154.038635254, 20.5286827087, 55.0949401855, 57.0227737427, 141.176681519, 231.936141968, 260.167388916, 125.167762756, 72.0724563599, 82.5356216431, 62.1451911926], [182.168701172, -29.2827644348, 56.3277587891, 53.481136322, 56.6405792236, 50.5335235596, 73.91015625, 112.739021301, 125.167762756, 159.069641113, 100.235786438, 63.5733070374, 31.3411750793], [56.488948822, 9.96010684967, 44.9115066528, 64.018447876, 64.7177200317, 47.7543907166, 61.0939331055, 58.7437286377, 72.0724563599, 100.235786438, 130.16784668, 81.375579834, 43.5611953735], [374.178924561, -263.945861816, 98.2990722656, 18.9957675934, 47.0067253113, 44.6064338684, 56.394695282, 89.3879241943, 82.5356216431, 63.5733070374, 81.375579834, 140.503952026, 97.418182373], [286.813476562, -253.933288574, 67.6206207275, 5.91143131256, 28.6640605927, 24.1026668549, 44.350605011, 63.2174606323, 62.1451911926, 31.3411750793, 43.5611953735, 97.418182373, 121.046562195]],
