{
"lowlevel": {
    "average_loudness": 0.805375277996,
    "barkbands_crest": {
        "dmean": 3.3196284771,
        "dmean2": 5.19103050232,
        "dvar": 10.8052845001,
        "dvar2": 23.5784320831,
        "max": 26.6415786743,
        "mean": 11.8880586624,
        "median": 11.7066020966,
        "min": 1.8574899435,
        "var": 25.2704353333
    },
    "barkbands_flatness_db": {
        "dmean": 0.0365341752768,
        "dmean2": 0.0564753115177,
        "dvar": 0.00208193925209,
        "dvar2": 0.00423525506631,
        "max": 0.591640114784,
        "mean": 0.148179158568,
        "median": 0.128511145711,
        "min": 0.0147902276367,
        "var": 0.00582722155377
    },
    "barkbands_kurtosis": {
        "dmean": 5.5187997818,
        "dmean2": 8.51278781891,
        "dvar": 447.806030273,
        "dvar2": 914.736572266,
        "max": 555.917297363,
        "mean": 6.32274103165,
        "median": 1.91520118713,
        "min": -1.95899641514,
        "var": 589.67956543
    },
    "barkbands_skewness": {
        "dmean": 0.836581230164,
        "dmean2": 1.26635336876,
        "dvar": 1.33595442772,
        "dvar2": 2.73563170433,
        "max": 22.1716175079,
        "mean": 1.75806832314,
        "median": 1.53623068333,
        "min": -7.13805818558,
        "var": 2.80101156235
    },
    "barkbands_spread": {
        "dmean": 8.40138626099,
        "dmean2": 13.8606319427,
        "dvar": 120.076049805,
        "dvar2": 321.588897705,
        "max": 117.667549133,
        "mean": 25.2119865417,
        "median": 22.9045829773,
        "min": 0.330018818378,
        "var": 231.789489746
    },
    "dissonance": {
        "dmean": 0.0208821427077,
        "dmean2": 0.0356784239411,
        "dvar": 0.000644020328764,
        "dvar2": 0.0017784787342,
        "max": 0.500000178814,
        "mean": 0.46597802639,
        "median": 0.475806683302,
        "min": 0.174606189132,
        "var": 0.00104662973899
    },
    "dynamic_complexity": 4.00674104691,
    "erbbands_crest": {
        "dmean": 3.2911658287,
        "dmean2": 5.36396455765,
        "dvar": 11.6689386368,
        "dvar2": 30.4596309662,
        "max": 31.6664218903,
        "mean": 9.54440593719,
        "median": 8.34945392609,
        "min": 2.06050896645,
        "var": 25.9329242706
    },
    "erbbands_flatness_db": {
        "dmean": 0.0192839875817,
        "dmean2": 0.0297808330506,
        "dvar": 0.000622245366685,
        "dvar2": 0.00121626676992,
        "max": 0.529487788677,
        "mean": 0.158714219928,
        "median": 0.142325639725,
        "min": 0.0403202660382,
        "var": 0.00507182767615
    },
    "erbbands_kurtosis": {
        "dmean": 0.951484560966,
        "dmean2": 1.58631551266,
        "dvar": 9.22779083252,
        "dvar2": 25.1211986542,
        "max": 162.948104858,
        "mean": 0.434406936169,
        "median": -0.141219854355,
        "min": -1.90772652626,
        "var": 8.78799819946
    },
    "erbbands_skewness": {
        "dmean": 0.416241198778,
        "dmean2": 0.649827361107,
        "dvar": 0.234714820981,
        "dvar2": 0.569244742393,
        "max": 12.229268074,
        "mean": 0.345893859863,
        "median": 0.269980549812,
        "min": -3.95095086098,
        "var": 0.604934811592
    },
    "erbbands_spread": {
        "dmean": 11.5832090378,
        "dmean2": 17.2899303436,
        "dvar": 265.280883789,
        "dvar2": 512.973632812,
        "max": 180.340118408,
        "mean": 43.8616981506,
        "median": 37.8367996216,
        "min": 3.97169470787,
        "var": 830.162902832
    },
    "hfc": {
        "dmean": 12.5728988647,
        "dmean2": 21.6747398376,
        "dvar": 580.024597168,
        "dvar2": 1629.96484375,
        "max": 263.824005127,
        "mean": 33.7646026611,
        "median": 28.4099941254,
        "min": 1.04315826458e-16,
        "var": 1023.79473877
    },
    "melbands_crest": {
        "dmean": 4.444480896,
        "dmean2": 7.05376386642,
        "dvar": 22.2720470428,
        "dvar2": 51.0877494812,
        "max": 34.5373001099,
        "mean": 18.1113166809,
        "median": 17.5373516083,
        "min": 1.00041973591,
        "var": 57.6570205688
    },
    "melbands_flatness_db": {
        "dmean": 0.0434598773718,
        "dmean2": 0.0676061362028,
        "dvar": 0.00304257893004,
        "dvar2": 0.00644545210525,
        "max": 0.729109227657,
        "mean": 0.204165279865,
        "median": 0.190678223968,
        "min": 5.17721161941e-07,
        "var": 0.00728488573804
    },
    "melbands_kurtosis": {
        "dmean": 23.7407207489,
        "dmean2": 35.7000656128,
        "dvar": 4547.82128906,
        "dvar2": 9533.89257812,
        "max": 1284.57861328,
        "mean": 30.9169216156,
        "median": 9.15702342987,
        "min": -1.9265024662,
        "var": 6920.43066406
    },
    "melbands_skewness": {
        "dmean": 1.46757984161,
        "dmean2": 2.2321767807,
        "dvar": 5.08514928818,
        "dvar2": 10.0674734116,
        "max": 25.72215271,
        "mean": 3.50723052025,
        "median": 2.62542200089,
        "min": -4.142619133,
        "var": 11.6363525391
    },
    "melbands_spread": {
        "dmean": 11.0894289017,
        "dmean2": 18.0328273773,
        "dvar": 347.10357666,
        "dvar2": 879.151672363,
        "max": 286.272796631,
        "mean": 23.9938755035,
        "median": 19.2319946289,
        "min": 0.222201898694,
        "var": 458.091033936
    },
    "pitch_salience": {
        "dmean": 0.0997050181031,
        "dmean2": 0.15802025795,
        "dvar": 0.0125108603388,
        "dvar2": 0.028654564172,
        "max": 0.997746050358,
        "mean": 0.492182552814,
        "median": 0.50280046463,
        "min": 0.0305849350989,
        "var": 0.0247815717012
    },
    "silence_rate_20dB": {
        "dmean": 0,
        "dmean2": 0,
        "dvar": 0,
        "dvar2": 0,
        "max": 1,
        "mean": 1,
        "median": 1,
        "min": 1,
        "var": 0
    },
    "silence_rate_30dB": {
        "dmean": 0.0588536337018,
        "dmean2": 0.117717310786,
        "dvar": 0.0553986951709,
        "dvar2": 0.122131727636,
        "max": 1,
        "mean": 0.926908314228,
        "median": 1,
        "min": 0,
        "var": 0.067756973207
    },
    "silence_rate_60dB": {
        "dmean": 0.0388945750892,
        "dmean2": 0.0777957886457,
        "dvar": 0.0373822301626,
        "dvar2": 0.0942641496658,
        "max": 1,
        "mean": 0.0962046906352,
        "median": 0,
        "min": 0,
        "var": 0.0869521126151
    },
    "spectral_centroid": {
        "dmean": 345.491516113,
        "dmean2": 538.030883789,
        "dvar": 227199.515625,
        "dvar2": 442262.78125,
        "max": 11548.6455078,
        "mean": 1631.03149414,
        "median": 1689.56347656,
        "min": 101.483032227,
        "var": 724901.0625
    },
    "spectral_complexity": {
        "dmean": 6.09075403214,
        "dmean2": 9.9592256546,
        "dvar": 58.2126922607,
        "dvar2": 148.350067139,
        "max": 63,
        "mean": 21.4965457916,
        "median": 19,
        "min": 0,
        "var": 185.179000854
    },
    "spectral_decrease": {
        "dmean": 3.67744523722e-09,
        "dmean2": 5.61125235166e-09,
        "dvar": 3.2421701451e-17,
        "dvar2": 6.7939943599e-17,
        "max": 2.63004871632e-17,
        "mean": -1.06100452868e-08,
        "median": -5.16698150932e-09,
        "min": -5.28819903423e-08,
        "var": 1.08578949899e-16
    },
    "spectral_energy": {
        "dmean": 0.0141906347126,
        "dmean2": 0.0216799695045,
        "dvar": 0.000460689043393,
        "dvar2": 0.000978024094366,
        "max": 0.203699588776,
        "mean": 0.0431074090302,
        "median": 0.0227480549365,
        "min": 9.90149975848e-21,
        "var": 0.00168751517776
    },
    "spectral_energyband_high": {
        "dmean": 0.00108858558815,
        "dmean2": 0.00188295368571,
        "dvar": 5.50586401005e-06,
        "dvar2": 1.54991248564e-05,
        "max": 0.0236969795078,
        "mean": 0.00237441016361,
        "median": 0.00153087743092,
        "min": 7.15346036074e-21,
        "var": 8.16351348476e-06
    },
    "spectral_energyband_low": {
        "dmean": 0.0120014175773,
        "dmean2": 0.0190634429455,
        "dvar": 0.000448701233836,
        "dvar2": 0.00109006953426,
        "max": 0.182462483644,
        "mean": 0.0257257502526,
        "median": 0.00277782930061,
        "min": 2.60498720973e-23,
        "var": 0.00118535174988
    },
    "spectral_energyband_middle_high": {
        "dmean": 0.00302251731046,
        "dmean2": 0.00499834306538,
        "dvar": 1.89229194802e-05,
        "dvar2": 4.90386119054e-05,
        "max": 0.0474290028214,
        "mean": 0.00651803985238,
        "median": 0.00447676191106,
        "min": 1.32132873814e-21,
        "var": 4.04970705858e-05
    },
    "spectral_energyband_middle_low": {
        "dmean": 0.00645229732618,
        "dmean2": 0.00995250139385,
        "dvar": 0.000300534360576,
        "dvar2": 0.000535346800461,
        "max": 0.173453658819,
        "mean": 0.0100879799575,
        "median": 0.00538479117677,
        "min": 1.82625073469e-22,
        "var": 0.0004197799135
    },
    "spectral_entropy": {
        "dmean": 0.191190823913,
        "dmean2": 0.294375211,
        "dvar": 0.078106328845,
        "dvar2": 0.172697335482,
        "max": 9.81684875488,
        "mean": 7.70299291611,
        "median": 7.88847160339,
        "min": 3.87058162689,
        "var": 0.425843268633
    },
    "spectral_flux": {
        "dmean": 0.0374099388719,
        "dmean2": 0.0563951320946,
        "dvar": 0.0021004776936,
        "dvar2": 0.00424004253,
        "max": 0.464543282986,
        "mean": 0.102934800088,
        "median": 0.0774593874812,
        "min": 6.58488125138e-11,
        "var": 0.0067536495626
    },
    "spectral_kurtosis": {
        "dmean": 1.62560319901,
        "dmean2": 2.74978899956,
        "dvar": 12.674656868,
        "dvar2": 38.3936653137,
        "max": 101.453269958,
        "mean": 4.77002191544,
        "median": 2.530210495,
        "min": -1.44911539555,
        "var": 57.4276237488
    },
    "spectral_rms": {
        "dmean": 0.000985756632872,
        "dmean2": 0.00149894552305,
        "dvar": 1.70243242792e-06,
        "dvar2": 3.47839477399e-06,
        "max": 0.0140972090885,
        "mean": 0.00560023449361,
        "median": 0.00471096858382,
        "min": 3.10805396177e-12,
        "var": 1.06933075585e-05
    },
    "spectral_rolloff": {
        "dmean": 855.987792969,
        "dmean2": 1428.15100098,
        "dvar": 2336338.75,
        "dvar2": 5011458.5,
        "max": 19078.4179688,
        "mean": 1725.02612305,
        "median": 1184.32617188,
        "min": 64.599609375,
        "var": 4035114.75
    },
    "spectral_skewness": {
        "dmean": 0.211251571774,
        "dmean2": 0.345363587141,
        "dvar": 0.0606829859316,
        "dvar2": 0.172192275524,
        "max": 7.31374931335,
        "mean": 1.54137265682,
        "median": 1.34895372391,
        "min": -0.078801959753,
        "var": 0.604206800461
    },
    "spectral_spread": {
        "dmean": 641613.5625,
        "dmean2": 1001012.25,
        "dvar": 833746239488,
        "dvar2": 1.81438539366e+12,
        "max": 42376956,
        "mean": 5594594.5,
        "median": 5835260,
        "min": 624275.8125,
        "var": 6.6391769088e+12
    },
    "spectral_strongpeak": {
        "dmean": 0.407150566578,
        "dmean2": 0.689900100231,
        "dvar": 0.511949658394,
        "dvar2": 1.3198056221,
        "max": 11.4464235306,
        "mean": 0.820780098438,
        "median": 0.496608495712,
        "min": 0,
        "var": 0.932336509228
    },
    "zerocrossingrate": {
        "dmean": 0.0159785076976,
        "dmean2": 0.0196723230183,
        "dvar": 0.000600601721089,
        "dvar2": 0.000771515595261,
        "max": 0.84521484375,
        "mean": 0.0749738439918,
        "median": 0.06591796875,
        "min": 0.00341796875,
        "var": 0.00290630455129
    },
    "barkbands": {
        "dmean": [0.00156414834782, 0.00843795575202, 0.00386155559681, 0.00399683089927, 0.00258674146608, 0.000685700681061, 0.000700229080394, 0.000576737395022, 0.000461917603388, 0.000777249864768, 0.000848430267069, 0.000570105970837, 0.000505981850438, 0.000345710490365, 0.000536562409252, 0.000351847585989, 0.000401141005568, 0.000291989155812, 0.000234748455114, 0.000179775321158, 0.000215747219045, 0.000227964599617, 0.000217574037379, 0.000190591919818, 0.000206097000046, 0.000135471083922, 1.94282310986e-05],
        "dmean2": [0.00258823647164, 0.0130625618622, 0.00654017645866, 0.00631422316656, 0.00442224834114, 0.00118317781016, 0.0011507445015, 0.000925213680603, 0.000763962685596, 0.0012673655292, 0.00136604800355, 0.000978923984803, 0.000839939923026, 0.000575835991185, 0.000929502188228, 0.000600401777774, 0.000700995500665, 0.000498414679896, 0.000401310622692, 0.000308122718707, 0.000375319767045, 0.000394419184886, 0.000376176118152, 0.000323002401274, 0.000351162685547, 0.000231042024097, 3.2979696698e-05],
        "dvar": [1.18115231089e-05, 0.000255230086623, 0.000155682253535, 0.000181954805157, 9.38466982916e-05, 1.78923482963e-06, 1.73277510385e-06, 1.26555210045e-06, 8.65516199156e-07, 3.06665469907e-06, 3.22341952597e-06, 1.52621691996e-06, 9.99776375465e-07, 6.89859177783e-07, 1.43105239658e-06, 4.87878253352e-07, 5.92072979089e-07, 2.5885159971e-07, 1.73733866404e-07, 1.25816143282e-07, 1.95129530312e-07, 2.21610562789e-07, 2.1400248329e-07, 1.19137197885e-07, 1.9249887373e-07, 1.41736663295e-07, 3.60427199197e-09],
        "dvar2": [2.9793851354e-05, 0.000575044949073, 0.000402734149247, 0.000356586853741, 0.000241486297455, 4.88954901812e-06, 4.21380173066e-06, 2.90135312753e-06, 2.05259607355e-06, 7.26773077986e-06, 7.50126901039e-06, 3.70040652342e-06, 2.37681456383e-06, 1.68307985859e-06, 3.78138793167e-06, 1.31849003537e-06, 1.62825108418e-06, 6.91002128406e-07, 4.67400241178e-07, 3.50674525862e-07, 5.4984354847e-07, 6.14311886693e-07, 6.08645791544e-07, 3.30137510218e-07, 5.29535782334e-07, 3.96354863597e-07, 9.40113320524e-09],
        "max": [0.0394712164998, 0.136215388775, 0.13734613359, 0.129738539457, 0.102263063192, 0.0166258439422, 0.0229523982853, 0.0232726316899, 0.0190050881356, 0.0289284400642, 0.031770825386, 0.0268110483885, 0.0207952111959, 0.0325194634497, 0.0192497931421, 0.0138003155589, 0.0113264452666, 0.0088753644377, 0.0062156948261, 0.00703454297036, 0.00783399306238, 0.00572672579437, 0.00632054219022, 0.00481163803488, 0.00524117052555, 0.00529370829463, 0.00083326769527],
        "mean": [0.00274048931897, 0.0169289018959, 0.00458226213232, 0.00378889776766, 0.00221519148909, 0.00121440191288, 0.00119112525135, 0.000831393001135, 0.000597723061219, 0.00106138619594, 0.00118544965517, 0.000707081577275, 0.000717313960195, 0.000464721175376, 0.000637138378806, 0.000467032805318, 0.000513021659572, 0.000415480317315, 0.000360697449651, 0.000308039889205, 0.000358160410542, 0.000421181262936, 0.000409488711739, 0.000377328135073, 0.000376451615011, 0.000214901840081, 2.20735437324e-05],
        "median": [9.26937809709e-06, 0.000598425744101, 0.000505632953718, 0.000276635750197, 0.000454575318145, 0.000438483140897, 0.000496457738336, 0.000253381615039, 0.000253673497355, 0.000324013526551, 0.000331950199325, 0.000270556949545, 0.000280539912637, 0.000163675736985, 0.000259408465354, 0.000180301358341, 0.000263235531747, 0.00021746737184, 0.000220865316805, 0.000187532001291, 0.000241396104684, 0.000249203410931, 0.000219339694013, 0.000224876552238, 0.000177283029188, 8.64991525305e-05, 1.65170092714e-06],
        "min": [1.53555039113e-24, 9.85813993047e-24, 1.5274613128e-24, 4.92770878575e-24, 1.57574792268e-23, 1.48409948267e-23, 1.82882759617e-23, 1.59163542354e-23, 1.95398921403e-23, 2.30289813256e-23, 6.11347764014e-23, 3.40099172376e-23, 5.62053549986e-23, 5.64842835929e-23, 4.7728902577e-23, 6.42051808167e-23, 9.21245838396e-23, 1.48401497989e-22, 1.84513152092e-22, 2.31851420216e-22, 3.53395019037e-22, 3.18764202003e-22, 4.57717998868e-22, 6.88721362056e-22, 1.01335935925e-21, 1.2894324033e-21, 2.04190543951e-21],
        "var": [2.25397943723e-05, 0.000631561153568, 0.00013103611127, 0.000213188031921, 7.09900414222e-05, 3.39238158631e-06, 3.75099170924e-06, 2.71470594271e-06, 1.38127302307e-06, 5.79589641347e-06, 6.06188268648e-06, 2.44654438575e-06, 1.81060067916e-06, 1.1434873386e-06, 1.50833545831e-06, 5.98998497026e-07, 6.21384913302e-07, 3.32327033448e-07, 2.19319730377e-07, 1.71097454427e-07, 2.18600902713e-07, 2.9863812756e-07, 2.87721036329e-07, 2.19812321234e-07, 2.76241678421e-07, 1.58025869723e-07, 4.69375738277e-09]
    },
    "erbbands": {
        "dmean": [0.38587936759, 1.50808548927, 4.10834598541, 8.53987026215, 13.1726760864, 6.10231351852, 5.06667852402, 5.68691825867, 9.07241725922, 10.058549881, 12.1986255646, 12.0756731033, 13.9448537827, 37.500743866, 25.4581871033, 24.354352951, 23.3880825043, 20.0802536011, 25.8881893158, 20.2785186768, 18.5884342194, 19.1814632416, 16.8502597809, 13.7014322281, 9.99253368378, 8.45052337646, 8.75971889496, 8.99571418762, 7.94649124146, 6.84427165985, 6.95882558823, 4.33286905289, 2.99751472473, 2.12156319618, 1.64237058163, 0.72387367487, 0.232573390007, 0.0478918924928, 0.00271873618476, 5.7428409491e-05],
        "dmean2": [0.600246608257, 2.23795080185, 6.72876834869, 13.4284582138, 19.9661026001, 10.7519712448, 9.11652946472, 9.59837341309, 14.8130865097, 16.156211853, 19.9200057983, 19.8302249908, 22.9238700867, 60.4436302185, 41.4547271729, 41.361038208, 38.6466331482, 33.31407547, 44.5910987854, 35.1211013794, 31.7959709167, 33.620464325, 28.491191864, 23.4462585449, 17.0582637787, 14.5127182007, 15.1746273041, 15.6878080368, 13.6958332062, 11.7807750702, 11.9699039459, 7.31156301498, 5.13221740723, 3.62077879906, 2.80035185814, 1.23699724674, 0.3941218853, 0.082382619381, 0.00458508823067, 9.7955322417e-05],
        "dvar": [0.572409331799, 10.2378578186, 161.427078247, 640.659057617, 2487.38134766, 438.120483398, 187.906234741, 110.911582947, 268.651367188, 361.991882324, 606.065612793, 640.756408691, 1360.89868164, 6166.83789062, 3834.38037109, 3265.33447266, 2039.2253418, 1921.25061035, 3922.53198242, 1478.61804199, 1059.08642578, 1437.50817871, 906.84185791, 637.012268066, 275.846008301, 317.690429688, 307.854370117, 407.145843506, 263.153198242, 171.641113281, 252.883224487, 60.9629020691, 32.8297958374, 24.7200641632, 12.0410709381, 2.68015575409, 0.45392665267, 0.029321692884, 7.03057594365e-05, 2.31909833559e-08],
        "dvar2": [1.29185938835, 20.794500351, 396.281036377, 1436.82556152, 5294.69677734, 1222.59143066, 542.863342285, 284.523620605, 653.799438477, 796.011962891, 1489.63391113, 1502.94018555, 3182.28027344, 14844.6416016, 8932.34570312, 7723.73681641, 4866.63623047, 4667.60986328, 10198.609375, 4054.40014648, 2911.03271484, 4034.79785156, 2384.06079102, 1665.1229248, 757.192871094, 888.622131348, 867.683349609, 1145.36828613, 730.676696777, 477.760162354, 723.633544922, 171.058776855, 90.3336410522, 69.4722518921, 32.3716926575, 7.36262178421, 1.27317166328, 0.0817384049296, 0.000181468596566, 6.09627548442e-08],
        "max": [6.91342496872, 31.3153438568, 139.633346558, 275.326812744, 554.639831543, 215.261047363, 141.894424438, 167.046356201, 274.519348145, 448.027282715, 438.968414307, 556.339660645, 1131.21704102, 1173.2220459, 1568.56628418, 1352.66796875, 1080.8449707, 1657.86767578, 1195.71020508, 448.524078369, 501.886077881, 580.575927734, 542.771179199, 533.276428223, 290.700256348, 388.970794678, 338.926635742, 250.707672119, 228.664657593, 158.650192261, 238.481643677, 121.33657074, 80.0218734741, 73.6634216309, 33.8680534363, 23.2200660706, 9.01311302185, 2.53468728065, 0.119641914964, 0.00222313357517],
        "mean": [0.785815834999, 2.59202957153, 5.30756235123, 8.95932102203, 12.1413564682, 5.42406415939, 5.70370864868, 11.2629327774, 16.8363628387, 17.4152431488, 17.0109882355, 16.1970310211, 19.6074466705, 53.3584365845, 38.4170036316, 32.7859725952, 34.796257019, 29.1069450378, 32.0975761414, 26.5028514862, 26.4494571686, 25.0070152283, 25.0143947601, 20.1681365967, 16.264005661, 14.3851385117, 14.8397827148, 15.4401941299, 14.2803649902, 12.4021177292, 12.3996963501, 8.53618431091, 5.89304161072, 3.97748804092, 2.78261423111, 1.18052351475, 0.351468473673, 0.065333135426, 0.00330928713083, 0.000120907090604],
        "median": [0.0108402715996, 0.168719112873, 0.84787350893, 1.1664506197, 1.24439752102, 1.44078850746, 1.86708128452, 3.99866962433, 6.95780658722, 7.39442396164, 6.16772127151, 7.31336259842, 8.52938556671, 15.2502946854, 14.1547498703, 13.4004678726, 14.9157476425, 13.1899690628, 13.7130870819, 12.3023509979, 13.6202335358, 12.7891187668, 13.372004509, 10.9294881821, 11.2970676422, 8.3396396637, 9.71675491333, 9.0597820282, 8.49430751801, 7.49989271164, 6.23306703568, 5.0115776062, 3.16857409477, 2.13582468033, 1.14774239063, 0.436955839396, 0.13522438705, 0.0198811776936, 0.000655588286463, 6.15340686636e-05],
        "min": [5.23670809512e-22, 6.89357196567e-22, 3.26911794721e-21, 1.09183987682e-20, 1.85918051518e-20, 5.75318656315e-20, 6.7423969943e-20, 1.70191312434e-19, 1.86120613833e-19, 4.15065401953e-19, 2.98096686664e-19, 3.68236794621e-19, 1.01754289224e-18, 1.37938364203e-18, 1.38319859901e-18, 1.6491775944e-18, 2.48017181977e-18, 3.26325667464e-18, 2.64197558542e-18, 3.18444414665e-18, 4.14272027178e-18, 5.09830785314e-18, 7.41507365841e-18, 9.05612141156e-18, 7.89780220183e-18, 1.18585969192e-17, 1.4298114673e-17, 1.31848768067e-17, 1.21475766021e-17, 1.47068808619e-17, 1.24501956661e-17, 1.26516306889e-17, 1.17651288187e-17, 8.22675621501e-18, 6.87142078134e-18, 4.23068886198e-18, 2.4399152141e-18, 9.98275891224e-19, 2.7328201792e-19, 2.8980647577e-20],
        "var": [1.4044315815, 22.5722942352, 161.133911133, 660.28314209, 2700.72583008, 287.755828857, 156.467880249, 310.018707275, 632.477722168, 914.185241699, 1024.18322754, 1036.65625, 2336.93774414, 11414.90625, 7560.40820312, 5539.31933594, 3852.65527344, 3225.21850586, 4409.31103516, 1559.10827637, 1319.74279785, 1414.84423828, 1220.99450684, 847.760314941, 374.486480713, 415.004943848, 373.186645508, 441.500549316, 346.490997314, 260.760803223, 294.310180664, 110.690200806, 57.6336631775, 33.467300415, 16.4313278198, 3.43808627129, 0.488774746656, 0.0297237616032, 9.64335340541e-05, 3.65472558883e-08]
    },
    "gfcc": {
        "mean": [-13.6297216415, 53.662727356, -118.437477112, 24.7298698425, -61.4602966309, 22.6585502625, -35.4713096619, 9.53439998627, -23.616651535, 6.12659978867, -15.0403213501, 3.77537822723, -13.6081542969],
        "cov": [[23519.6503906, -2326.07495117, 1167.20324707, 1330.00109863, 1047.01599121, 1427.1315918, -88.769241333, 1408.75195312, -374.614562988, 470.94708252, -696.896362305, 647.8828125, -421.952270508], [-2326.07495117, 3925.22998047, -92.9984741211, -410.307952881, -206.940597534, -578.371704102, -65.6606063843, -535.490661621, 221.412399292, -159.352767944, 484.442718506, -236.347854614, 232.715377808], [1167.20324707, -92.9984741211, 2045.1550293, 1106.45446777, 779.229553223, 711.268859863, 240.52104187, 246.203109741, 52.4203834534, 79.7160797119, -159.747573853, 78.6706237793, -74.0410842896], [1330.00109863, -410.307952881, 1106.45446777, 1143.03552246, 602.87512207, 596.541564941, 238.011474609, 278.049926758, 57.2924804688, 77.7905960083, -116.563110352, 63.2904243469, -58.2454223633], [1047.01599121, -206.940597534, 779.229553223, 602.87512207, 697.655944824, 528.620361328, 283.979522705, 258.879241943, 52.5255470276, 42.8941345215, -75.1863937378, 59.4884109497, -55.7802085876], [1427.1315918, -578.371704102, 711.268859863, 596.541564941, 528.620361328, 712.60736084, 294.89440918, 332.964263916, 68.2425079346, 77.3121032715, -109.79624939, 85.9348297119, -34.3438949585], [-88.769241333, -65.6606063843, 240.52104187, 238.011474609, 283.979522705, 294.89440918, 299.325927734, 184.506317139, 84.9660720825, 14.0638008118, -4.070707798, 12.5815629959, 5.382625103], [1408.75195312, -535.490661621, 246.203109741, 278.049926758, 258.879241943, 332.964263916, 184.506317139, 416.272735596, 121.306251526, 119.468559265, -78.2222900391, 91.5913925171, -42.5469245911], [-374.614562988, 221.412399292, 52.4203834534, 57.2924804688, 52.5255470276, 68.2425079346, 84.9660720825, 121.306251526, 211.924072266, 108.413299561, 72.8093948364, 0.561924874783, 21.8877429962], [470.94708252, -159.352767944, 79.7160797119, 77.7905960083, 42.8941345215, 77.3121032715, 14.0638008118, 119.468559265, 108.413299561, 189.240493774, 58.1638565063, 44.1341552734, -38.2121429443], [-696.896362305, 484.442718506, -159.747573853, -116.563110352, -75.1863937378, -109.79624939, -4.070707798, -78.2222900391, 72.8093948364, 58.1638565063, 213.1875, 7.81768417358, 39.4713821411], [647.8828125, -236.347854614, 78.6706237793, 63.2904243469, 59.4884109497, 85.9348297119, 12.5815629959, 91.5913925171, 0.561924874783, 44.1341552734, 7.81768417358, 141.205535889, 25.0108966827], [-421.952270508, 232.715377808, -74.0410842896, -58.2454223633, -55.7802085876, -34.3438949585, 5.382625103, -42.5469245911, 21.8877429962, -38.2121429443, 39.4713821411, 25.0108966827, 129.593902588]],
        "icov": [[0.0001093639803, -0.000155732166604, 0.000113076108391, -6.00707899139e-05, -2.23095012188e-05, -0.000236483465414, 0.000350358634023, -0.000467678240966, 0.000640676938929, -0.00043526123045, 0.000352417118847, -0.000284595007543, 0.00014401228691], [-0.000155732166604, 0.000932677416131, -0.000475118256873, 0.000252748170169, -0.000332606607117, 0.000776558241341, -0.000244434399065, 0.000842065666802, -0.00187916506547, 0.00174073432572, -0.00199124822393, 0.00128578126896, -0.000801503425464], [0.000113076108391, -0.000475118256873, 0.00153089896776, -0.000927884189878, -0.000619833939709, -0.000793879677076, 0.000629149726592, 0.000183488882612, 0.000610843882896, -0.00114445458166, 0.00158783164807, -0.00100406166166, 0.000505440402776], [-6.00707899139e-05, 0.000252748170169, -0.000927884189878, 0.00241647055373, -0.000694869377185, -0.000427794089774, 2.35241805058e-05, -1.18125108202e-05, -0.000407870364143, 0.000251668592682, -0.000504417344928, 0.000704056990799, -0.000349976064172], [-2.23095012188e-05, -0.000332606607117, -0.000619833939709, -0.000694869377185, 0.00507150217891, -0.0016130101867, -0.00227168737911, -0.000200955822947, 0.000478543981444, 0.000468543905299, 7.88346733316e-05, -0.00110703206155, 0.00188896944746], [-0.000236483465414, 0.000776558241341, -0.000793879677076, -0.000427794089774, -0.0016130101867, 0.00598017545417, -0.0030147836078, 4.19866446464e-05, -0.001052428619, 0.00011347536929, -0.000295705453027, 0.000566916074604, -0.00158890162129], [0.000350358634023, -0.000244434399065, 0.000629149726592, 2.35241805058e-05, -0.00227168737911, -0.0030147836078, 0.0103509947658, -0.00418848264962, 8.35519385873e-05, 0.00234698364511, -0.00212141801603, 0.0017049817834, -0.000637060380541], [-0.000467678240966, 0.000842065666802, 0.000183488882612, -1.18125108202e-05, -0.000200955822947, 4.19866446464e-05, -0.00418848264962, 0.0102699259296, -0.00682144379243, -0.000217071530642, 0.00256359693594, -0.00307198497467, 0.00143513851799], [0.000640676938929, -0.00187916506547, 0.000610843882896, -0.000407870364143, 0.000478543981444, -0.001052428619, 8.35519385873e-05, -0.00682144379243, 0.0167580861598, -0.00971951708198, 0.0011582178995, 0.00207684119232, -0.00313962390646], [-0.00043526123045, 0.00174073432572, -0.00114445458166, 0.000251668592682, 0.000468543905299, 0.00011347536929, 0.00234698364511, -0.000217071530642, -0.00971951708198, 0.0169871784747, -0.00797573849559, -0.00046314910287, 0.00414821039885], [0.000352417118847, -0.00199124822393, 0.00158783164807, -0.000504417344928, 7.88346733316e-05, -0.000295705453027, -0.00212141801603, 0.00256359693594, 0.0011582178995, -0.00797573849559, 0.0139357894659, -0.00531132286415, 0.000522177258972], [-0.000284595007543, 0.00128578126896, -0.00100406166166, 0.000704056990799, -0.00110703206155, 0.000566916074604, 0.0017049817834, -0.00307198497467, 0.00207684119232, -0.00046314910287, -0.00531132286415, 0.0143336076289, -0.00653431890532], [0.00014401228691, -0.000801503425464, 0.000505440402776, -0.000349976064172, 0.00188896944746, -0.00158890162129, -0.000637060380541, 0.00143513851799, -0.00313962390646, 0.00414821039885, 0.000522177258972, -0.00653431890532, 0.0135011337698]]
    },
    "melbands": {
        "dmean": [0.00274746096693, 0.0019027084345, 0.00159129570238, 0.00067167438101, 0.000181837618584, 0.000128236060846, 0.000145674333908, 0.000109578257252, 9.55813447945e-05, 7.71279301262e-05, 6.97512296028e-05, 0.00015142429038, 8.81371306605e-05, 7.09923187969e-05, 4.66126730316e-05, 5.8054796682e-05, 3.78128243028e-05, 3.86723513657e-05, 3.76568750653e-05, 2.77623403235e-05, 2.23199185712e-05, 2.14186729863e-05, 1.9391589376e-05, 1.31938204504e-05, 1.16574592539e-05, 8.93573360372e-06, 5.28533701072e-06, 6.3492989284e-06, 6.15590124653e-06, 5.47195395484e-06, 5.63188586966e-06, 5.18775232194e-06, 4.22223183705e-06, 3.73522493646e-06, 4.31483567809e-06, 3.23270160152e-06, 2.83930921796e-06, 2.32415004575e-06, 1.83161660061e-06, 1.87643286154e-06],
        "dmean2": [0.00431143213063, 0.00297450064681, 0.00250395643525, 0.00107313343324, 0.000329577364028, 0.000216695887502, 0.000237286323681, 0.00017488640151, 0.000157263842993, 0.000126677216031, 0.000115193339298, 0.000244229711825, 0.000143157521961, 0.000119375079521, 7.90686608525e-05, 9.58981618169e-05, 6.29229471087e-05, 6.6391992732e-05, 6.54155592201e-05, 4.74052030768e-05, 3.8269416109e-05, 3.77425276383e-05, 3.30931397912e-05, 2.25167750614e-05, 1.99802016141e-05, 1.53802757268e-05, 8.96064193512e-06, 1.10101700557e-05, 1.06736242742e-05, 9.48727665673e-06, 9.84653524938e-06, 8.90477713256e-06, 7.32146554583e-06, 6.44265219307e-06, 7.47308376958e-06, 5.54456983082e-06, 4.81211282022e-06, 3.93618347516e-06, 3.16064893013e-06, 3.21939069181e-06],
        "dvar": [2.73746991297e-05, 2.58386080532e-05, 2.42161386268e-05, 5.89169030718e-06, 2.6767389727e-07, 5.60173809561e-08, 6.96625832575e-08, 4.4738705185e-08, 3.69792836352e-08, 2.84741279444e-08, 3.42756649729e-08, 1.02893281451e-07, 3.57057743372e-08, 2.16947153575e-08, 8.80693473704e-09, 1.52596193459e-08, 9.0409422171e-09, 9.50873690897e-09, 7.28634219627e-09, 3.68041019883e-09, 1.65632829674e-09, 1.82761783485e-09, 1.44118206258e-09, 5.23050158741e-10, 4.9499010446e-10, 2.29685284681e-10, 9.25224202808e-11, 1.82214396349e-10, 1.36317526711e-10, 1.33033792316e-10, 1.5997923819e-10, 1.09636827395e-10, 6.95338508994e-11, 4.68414543264e-11, 9.09331221433e-11, 4.39218141024e-11, 2.65566908741e-11, 1.90611502277e-11, 1.52174921969e-11, 2.00545881984e-11],
        "dvar2": [6.29926798865e-05, 5.84125409659e-05, 4.58179638372e-05, 1.38922468977e-05, 7.7516364172e-07, 1.44221687037e-07, 1.69443026721e-07, 9.62214272704e-08, 9.16285571861e-08, 6.62886776581e-08, 8.0429728655e-08, 2.46332149345e-07, 8.40572056404e-08, 5.30230224172e-08, 2.09419575015e-08, 3.57017491126e-08, 2.18167066635e-08, 2.46088713851e-08, 1.97671745639e-08, 9.78966507859e-09, 4.53679094292e-09, 5.13571896121e-09, 3.83178955232e-09, 1.41923084396e-09, 1.27892774149e-09, 6.35090924295e-10, 2.48297438166e-10, 5.13111664269e-10, 3.81693066043e-10, 3.77756798065e-10, 4.48620779414e-10, 3.06098674185e-10, 1.92015389699e-10, 1.30510505181e-10, 2.60132304586e-10, 1.25575772003e-10, 7.4511750936e-11, 5.14602839508e-11, 4.32061782185e-11, 5.59112443843e-11],
        "max": [0.0472278296947, 0.0580601468682, 0.0440457500517, 0.0267014652491, 0.00513841351494, 0.00349580054171, 0.00411814125255, 0.0055517195724, 0.00334952049889, 0.00375175382942, 0.00560244265944, 0.00445422483608, 0.00427824025974, 0.00308122020215, 0.00247386377305, 0.0027258049231, 0.00382894044742, 0.00194029929116, 0.00124066905119, 0.00133849214762, 0.000808613316622, 0.00074798555579, 0.00078166811727, 0.000386893778341, 0.000492671504617, 0.000247483665589, 0.00021395382646, 0.000272888166364, 0.00019986773259, 0.000231117257499, 0.000197921282961, 0.000179139358806, 9.40916652326e-05, 8.23823502287e-05, 0.000143771627336, 8.19717752165e-05, 9.19862868614e-05, 8.18088155938e-05, 6.32817755104e-05, 6.81643432472e-05],
        "mean": [0.00566573673859, 0.00297490274534, 0.00178032030817, 0.000608439440839, 0.000199239133508, 0.000249886914389, 0.000265584996669, 0.000187087905942, 0.000128354411572, 0.000100340555946, 9.4033559435e-05, 0.000210920014069, 0.000128546438646, 9.55522773438e-05, 6.38216442894e-05, 7.99585614004e-05, 5.06857504661e-05, 4.68815451313e-05, 4.41582269559e-05, 3.53991745214e-05, 3.04665318254e-05, 2.60502292804e-05, 2.67662780971e-05, 1.8638174879e-05, 1.59948267537e-05, 1.30571233967e-05, 8.68966617418e-06, 1.00038496385e-05, 9.9119861261e-06, 8.34405727801e-06, 9.24732194107e-06, 8.90088904271e-06, 6.7832302193e-06, 6.66340838507e-06, 7.29583916836e-06, 5.90671970713e-06, 5.13085797138e-06, 4.31634271081e-06, 3.51072526428e-06, 3.24739107782e-06],
        "median": [0.0001332914253, 0.000352598261088, 0.000236962834606, 0.000100642151665, 6.91321183695e-05, 8.7844702648e-05, 0.000106938445242, 7.75782827986e-05, 4.3671723688e-05, 4.14700552938e-05, 3.59965051757e-05, 5.25351024407e-05, 4.2599192966e-05, 3.41692248185e-05, 2.83178414975e-05, 2.93724169751e-05, 1.82660933206e-05, 1.87037221622e-05, 1.75978511834e-05, 1.34479960252e-05, 1.56618298206e-05, 1.30964990603e-05, 1.20807299027e-05, 1.00197548818e-05, 7.47338890505e-06, 8.24064045446e-06, 5.36900552106e-06, 5.35793287781e-06, 6.13790143689e-06, 4.81264805785e-06, 4.7497774176e-06, 4.75339720651e-06, 3.66154449694e-06, 3.799784281e-06, 3.58219790542e-06, 3.10359359901e-06, 2.83755025521e-06, 2.18406398744e-06, 1.92897778106e-06, 1.57784677413e-06],
        "min": [3.65575498419e-24, 1.25794284301e-24, 3.43460887347e-24, 3.33266398426e-24, 2.87795548659e-24, 3.86497272917e-24, 3.04171946064e-24, 4.78652674397e-24, 1.87890002937e-24, 2.56121087263e-24, 5.06127555877e-24, 4.73671648869e-24, 7.09510885601e-24, 3.38436592798e-24, 4.19729142955e-24, 5.27556528494e-24, 5.10554603834e-24, 3.51255503622e-24, 4.15970772944e-24, 3.36332503549e-24, 4.49362032328e-24, 4.85863573045e-24, 5.58047501317e-24, 6.69229202311e-24, 6.70647968649e-24, 6.20438944184e-24, 4.79651293417e-24, 7.30981312858e-24, 7.67050242255e-24, 8.10079843622e-24, 6.12762459829e-24, 5.50213836427e-24, 6.58552127731e-24, 7.46752298961e-24, 5.65565897946e-24, 8.1720499309e-24, 6.80196814363e-24, 7.85205008242e-24, 6.89309577767e-24, 6.68339761641e-24],
        "var": [6.78680808051e-05, 3.78194708901e-05, 3.02441821987e-05, 5.52747223992e-06, 1.97076005293e-07, 1.50471123561e-07, 1.60449360465e-07, 1.15084596075e-07, 6.12150756751e-08, 4.6152301536e-08, 5.87875277347e-08, 1.93266629367e-07, 6.88527777015e-08, 3.79635416436e-08, 1.43317988588e-08, 2.72016364988e-08, 1.51799390835e-08, 1.08083115791e-08, 6.88981804942e-09, 4.33597957539e-09, 1.98227123605e-09, 1.6782697454e-09, 1.78227033132e-09, 6.54668153022e-10, 6.52465692585e-10, 2.76658279619e-10, 1.40253531011e-10, 2.2149754253e-10, 1.72393224696e-10, 1.420210477e-10, 1.69208036471e-10, 1.41440095747e-10, 9.19390674703e-11, 7.49837206215e-11, 1.03606581647e-10, 6.05587663349e-11, 4.4355290274e-11, 3.27935248401e-11, 2.33981965747e-11, 2.49390265383e-11]
    },
    "mfcc": {
        "mean": [-653.331298828, 87.454284668, -0.0162207502872, 8.02273368835, -0.0359276719391, 8.75629425049, 0.612812042236, 4.50121164322, -1.17198371887, 0.703195214272, -0.0687919333577, 2.46745491028, 1.44754469395],
        "cov": [[15483.6796875, -1108.04174805, 139.348495483, 746.210571289, 1005.95495605, 517.358581543, 592.02154541, 799.911743164, 654.969177246, 220.724105835, 106.364082336, 278.972991943, 155.241516113], [-1108.04174805, 3393.52978516, -30.9544372559, -171.292266846, -311.337890625, -265.785919189, -308.837493896, -384.93951416, -393.956542969, -107.070976257, 5.70142221451, -41.0333709717, -40.6157493591], [139.348495483, -30.9544372559, 1174.88452148, 523.46496582, 559.986206055, 479.74911499, 278.405639648, 249.716629028, 233.456985474, 97.5255889893, 100.788894653, 97.7659378052, 11.5460968018], [746.210571289, -171.292266846, 523.46496582, 588.268066406, 404.924682617, 292.907501221, 207.030914307, 197.589599609, 160.799285889, 84.505317688, 60.1121101379, 78.9431838989, 32.0751838684], [1005.95495605, -311.337890625, 559.986206055, 404.924682617, 597.686828613, 413.261383057, 314.372619629, 307.72442627, 256.251495361, 110.911376953, 106.892723083, 100.788391113, 37.8467941284], [517.358581543, -265.785919189, 479.74911499, 292.907501221, 413.261383057, 462.301147461, 304.229431152, 247.938430786, 197.858047485, 84.5231018066, 75.579498291, 60.4081382751, 21.009223938], [592.02154541, -308.837493896, 278.405639648, 207.030914307, 314.372619629, 304.229431152, 348.784820557, 268.709747314, 187.983215332, 80.6524047852, 64.3703231812, 55.1149978638, 14.5254831314], [799.911743164, -384.93951416, 249.716629028, 197.589599609, 307.72442627, 247.938430786, 268.709747314, 359.010162354, 273.765991211, 107.139511108, 62.4223976135, 54.1159172058, 30.3634643555], [654.969177246, -393.956542969, 233.456985474, 160.799285889, 256.251495361, 197.858047485, 187.983215332, 273.765991211, 317.6590271, 157.752426147, 73.0942153931, 44.2127723694, 23.3904895782], [220.724105835, -107.070976257, 97.5255889893, 84.505317688, 110.911376953, 84.5231018066, 80.6524047852, 107.139511108, 157.752426147, 182.88394165, 111.94354248, 59.842464447, 18.6071453094], [106.364082336, 5.70142221451, 100.788894653, 60.1121101379, 106.892723083, 75.579498291, 64.3703231812, 62.4223976135, 73.0942153931, 111.94354248, 190.205963135, 121.9480896, 42.7197761536], [278.972991943, -41.0333709717, 97.7659378052, 78.9431838989, 100.788391113, 60.4081382751, 55.1149978638, 54.1159172058, 44.2127723694, 59.842464447, 121.9480896, 185.003845215, 109.040458679], [155.241516113, -40.6157493591, 11.5460968018, 32.0751838684, 37.8467941284, 21.009223938, 14.5254831314, 30.3634643555, 23.3904895782, 18.6071453094, 42.7197761536, 109.040458679, 161.987045288]],
