{
"lowlevel": {
    "average_loudness": 0.813408851624,
    "barkbands_crest": {
        "dmean": 2.63776540756,
        "dmean2": 4.20783090591,
        "dvar": 8.69714832306,
        "dvar2": 20.5388965607,
        "max": 26.5720882416,
        "mean": 10.8701705933,
        "median": 9.68145370483,
        "min": 1.93757843971,
        "var": 28.3414859772
    },
    "barkbands_flatness_db": {
        "dmean": 0.0286223832518,
        "dmean2": 0.0419039204717,
        "dvar": 0.00155749113765,
        "dvar2": 0.00250785704702,
        "max": 0.663706898689,
        "mean": 0.157279878855,
        "median": 0.134843677282,
        "min": 0.0117719164118,
        "var": 0.0091861281544
    },
    "barkbands_kurtosis": {
        "dmean": 12.7713451385,
        "dmean2": 21.2219524384,
        "dvar": 3364.9675293,
        "dvar2": 8610.38378906,
        "max": 738.365356445,
        "mean": 12.1129827499,
        "median": 1.99624800682,
        "min": -1.90118324757,
        "var": 2711.91088867
    },
    "barkbands_skewness": {
        "dmean": 0.921444892883,
        "dmean2": 1.41209113598,
        "dvar": 3.54386663437,
        "dvar2": 8.2340593338,
        "max": 20.7771701813,
        "mean": 1.58369457722,
        "median": 1.13153982162,
        "min": -4.86920070648,
        "var": 5.98012256622
    },
    "barkbands_spread": {
        "dmean": 6.37417602539,
        "dmean2": 10.0628137589,
        "dvar": 94.1792755127,
        "dvar2": 226.19770813,
        "max": 123.645378113,
        "mean": 23.0640907288,
        "median": 17.1213150024,
        "min": 0.0909887552261,
        "var": 377.03225708
    },
    "dissonance": {
        "dmean": 0.0234277639538,
        "dmean2": 0.0394118539989,
        "dvar": 0.00071524491068,
        "dvar2": 0.00196859007701,
        "max": 0.500000178814,
        "mean": 0.452967315912,
        "median": 0.469577789307,
        "min": 0.215524226427,
        "var": 0.00218736846
    },
    "dynamic_complexity": 4.20937204361,
    "erbbands_crest": {
        "dmean": 2.81027984619,
        "dmean2": 4.54194116592,
        "dvar": 7.77300882339,
        "dvar2": 18.1347484589,
        "max": 33.4751319885,
        "mean": 10.7493553162,
        "median": 9.30505752563,
        "min": 2.38613724709,
        "var": 38.2525253296
    },
    "erbbands_flatness_db": {
        "dmean": 0.0223421175033,
        "dmean2": 0.0336843691766,
        "dvar": 0.000736636691727,
        "dvar2": 0.00153086008504,
        "max": 0.490520626307,
        "mean": 0.18620121479,
        "median": 0.178524106741,
        "min": 0.0375721305609,
        "var": 0.00814685225487
    },
    "erbbands_kurtosis": {
        "dmean": 2.15315914154,
        "dmean2": 3.423579216,
        "dvar": 42.4643249512,
        "dvar2": 103.619560242,
        "max": 164.853729248,
        "mean": 2.34812831879,
        "median": 0.0926419496536,
        "min": -1.79544818401,
        "var": 56.6300621033
    },
    "erbbands_skewness": {
        "dmean": 0.468383342028,
        "dmean2": 0.715782523155,
        "dvar": 0.382071763277,
        "dvar2": 0.763566672802,
        "max": 10.3108549118,
        "mean": 0.746358752251,
        "median": 0.508107244968,
        "min": -4.61984872818,
        "var": 1.3193628788
    },
    "erbbands_spread": {
        "dmean": 7.42573881149,
        "dmean2": 11.3847846985,
        "dvar": 90.9141464233,
        "dvar2": 196.585250854,
        "max": 126.803222656,
        "mean": 31.9828929901,
        "median": 31.0976905823,
        "min": 1.13931143284,
        "var": 423.336578369
    },
    "hfc": {
        "dmean": 12.1553812027,
        "dmean2": 17.4500598907,
        "dvar": 321.034820557,
        "dvar2": 705.434509277,
        "max": 258.879272461,
        "mean": 34.0804138184,
        "median": 22.3562812805,
        "min": 1.08109687029e-16,
        "var": 1244.62194824
    },
    "melbands_crest": {
        "dmean": 3.63243317604,
        "dmean2": 5.59912776947,
        "dvar": 16.5890445709,
        "dvar2": 39.2463340759,
        "max": 36.1799125671,
        "mean": 16.3650474548,
        "median": 14.4871406555,
        "min": 1.04431271553,
        "var": 72.6039657593
    },
    "melbands_flatness_db": {
        "dmean": 0.0338027626276,
        "dmean2": 0.0481895394623,
        "dvar": 0.00209197378717,
        "dvar2": 0.00338373985142,
        "max": 0.801601231098,
        "mean": 0.201581865549,
        "median": 0.19012093544,
        "min": 2.37715375988e-05,
        "var": 0.0116604240611
    },
    "melbands_kurtosis": {
        "dmean": 13.0851631165,
        "dmean2": 20.7519073486,
        "dvar": 1473.84130859,
        "dvar2": 3411.23095703,
        "max": 1133.28527832,
        "mean": 18.6002140045,
        "median": 4.81295108795,
        "min": -1.81377518177,
        "var": 2030.86206055
    },
    "melbands_skewness": {
        "dmean": 0.937423706055,
        "dmean2": 1.42532718182,
        "dvar": 1.82474958897,
        "dvar2": 4.14113044739,
        "max": 27.1273822784,
        "mean": 2.36310863495,
        "median": 1.7691873312,
        "min": -3.07450437546,
        "var": 5.85576343536
    },
    "melbands_spread": {
        "dmean": 8.43363285065,
        "dmean2": 13.2784204483,
        "dvar": 226.244171143,
        "dvar2": 556.856018066,
        "max": 262.902526855,
        "mean": 27.4098300934,
        "median": 17.7502975464,
        "min": 0.279240220785,
        "var": 742.185424805
    },
    "pitch_salience": {
        "dmean": 0.0852339193225,
        "dmean2": 0.136818856001,
        "dvar": 0.00951411481947,
        "dvar2": 0.0236243531108,
        "max": 0.994904816151,
        "mean": 0.518441438675,
        "median": 0.525751829147,
        "min": 0.0215535052121,
        "var": 0.0256323795766
    },
    "silence_rate_20dB": {
        "dmean": 0,
        "dmean2": 0,
        "dvar": 0,
        "dvar2": 0,
        "max": 1,
        "mean": 1,
        "median": 1,
        "min": 1,
        "var": 0
    },
    "silence_rate_30dB": {
        "dmean": 0.0333774313331,
        "dmean2": 0.0667616501451,
        "dvar": 0.0322660878301,
        "dvar2": 0.0661706551909,
        "max": 1,
        "mean": 0.963471710682,
        "median": 1,
        "min": 0,
        "var": 0.0351946800947
    },
    "silence_rate_60dB": {
        "dmean": 0.0246260296553,
        "dmean2": 0.0492570735514,
        "dvar": 0.0240208804607,
        "dvar2": 0.0547777935863,
        "max": 1,
        "mean": 0.14000813663,
        "median": 0,
        "min": 0,
        "var": 0.120401337743
    },
    "spectral_centroid": {
        "dmean": 265.782806396,
        "dmean2": 408.75970459,
        "dvar": 149066.984375,
        "dvar2": 276046.3125,
        "max": 11728.2871094,
        "mean": 1705.72094727,
        "median": 1374.96313477,
        "min": 90.9113769531,
        "var": 2088864.125
    },
    "spectral_complexity": {
        "dmean": 3.94342112541,
        "dmean2": 5.77651119232,
        "dvar": 24.6831626892,
        "dvar2": 46.5115470886,
        "max": 57,
        "mean": 17.1124343872,
        "median": 15,
        "min": 0,
        "var": 158.698623657
    },
    "spectral_decrease": {
        "dmean": 2.95988789034e-09,
        "dmean2": 4.45949810413e-09,
        "dvar": 3.67590428453e-17,
        "dvar2": 9.37913097399e-17,
        "max": 1.13468592981e-23,
        "mean": -7.9999438185e-09,
        "median": -5.76536329788e-09,
        "min": -5.81853747406e-08,
        "var": 7.34923239776e-17
    },
    "spectral_energy": {
        "dmean": 0.0119138481095,
        "dmean2": 0.0178382769227,
        "dvar": 0.000549177522771,
        "dvar2": 0.00139641249552,
        "max": 0.222942903638,
        "mean": 0.0332849137485,
        "median": 0.0244344715029,
        "min": 9.97394834012e-21,
        "var": 0.00115424196701
    },
    "spectral_energyband_high": {
        "dmean": 0.000873978598975,
        "dmean2": 0.00126708787866,
        "dvar": 2.35068046095e-06,
        "dvar2": 5.27335487277e-06,
        "max": 0.0285274349153,
        "mean": 0.0020871097222,
        "median": 0.000241602683673,
        "min": 6.91431792201e-21,
        "var": 1.0022544302e-05
    },
    "spectral_energyband_low": {
        "dmean": 0.0059852655977,
        "dmean2": 0.00898961536586,
        "dvar": 0.000251730438322,
        "dvar2": 0.000616686651483,
        "max": 0.144721627235,
        "mean": 0.0131690567359,
        "median": 0.00042287010001,
        "min": 9.71408446285e-24,
        "var": 0.000621574756224
    },
    "spectral_energyband_middle_high": {
        "dmean": 0.00290997885168,
        "dmean2": 0.00433082599193,
        "dvar": 1.79978997039e-05,
        "dvar2": 4.05643222621e-05,
        "max": 0.0584820844233,
        "mean": 0.00739720324054,
        "median": 0.00459727505222,
        "min": 1.09904454725e-21,
        "var": 6.54255927657e-05
    },
    "spectral_energyband_middle_low": {
        "dmean": 0.00651498744264,
        "dmean2": 0.0103525770828,
        "dvar": 0.000250292767305,
        "dvar2": 0.000632489856798,
        "max": 0.16103670001,
        "mean": 0.0113469846547,
        "median": 0.00773136876523,
        "min": 1.45111468386e-22,
        "var": 0.00023271041573
    },
    "spectral_entropy": {
        "dmean": 0.22474732995,
        "dmean2": 0.340201228857,
        "dvar": 0.108828954399,
        "dvar2": 0.208336040378,
        "max": 9.82564258575,
        "mean": 7.58051872253,
        "median": 7.82392597198,
        "min": 4.32871198654,
        "var": 0.721459448338
    },
    "spectral_flux": {
        "dmean": 0.0300857052207,
        "dmean2": 0.0504033081234,
        "dvar": 0.00225889170542,
        "dvar2": 0.00576241873205,
        "max": 0.45556396246,
        "mean": 0.0848396345973,
        "median": 0.0723732411861,
        "min": 6.35115848802e-11,
        "var": 0.00483917351812
    },
    "spectral_kurtosis": {
        "dmean": 2.56497120857,
        "dmean2": 4.31385946274,
        "dvar": 18.6303787231,
        "dvar2": 51.3473587036,
        "max": 57.3218803406,
        "mean": 6.18070363998,
        "median": 3.1157772541,
        "min": -1.2516065836,
        "var": 42.2492256165
    },
    "spectral_rms": {
        "dmean": 0.000929287227336,
        "dmean2": 0.00132285803556,
        "dvar": 2.04060324904e-06,
        "dvar2": 4.59902685179e-06,
        "max": 0.0147480601445,
        "mean": 0.00492949550971,
        "median": 0.00488246977329,
        "min": 3.11940404063e-12,
        "var": 8.17300860945e-06
    },
    "spectral_rolloff": {
        "dmean": 781.388427734,
        "dmean2": 1237.95263672,
        "dvar": 2603835.75,
        "dvar2": 5553857.5,
        "max": 19853.6132812,
        "mean": 2519.57568359,
        "median": 1270.45898438,
        "min": 43.06640625,
        "var": 11231514
    },
    "spectral_skewness": {
        "dmean": 0.292226731777,
        "dmean2": 0.47579908371,
        "dvar": 0.176827654243,
        "dvar2": 0.441194415092,
        "max": 5.67550754547,
        "mean": 1.79360485077,
        "median": 1.4435530901,
        "min": -0.103222645819,
        "var": 0.687342762947
    },
    "spectral_spread": {
        "dmean": 702913.5,
        "dmean2": 1105781.625,
        "dvar": 951079927808,
        "dvar2": 1.92609805926e+12,
        "max": 42792440,
        "mean": 5709607.5,
        "median": 4891101,
        "min": 1061067.375,
        "var": 2.38644824637e+13
    },
    "spectral_strongpeak": {
        "dmean": 0.635217308998,
        "dmean2": 1.04037642479,
        "dvar": 1.46081829071,
        "dvar2": 3.51259684563,
        "max": 30.22564888,
        "mean": 1.46606624126,
        "median": 0.682637572289,
        "min": 0,
        "var": 3.78063225746
    },
    "zerocrossingrate": {
        "dmean": 0.0153071973473,
        "dmean2": 0.0173790063709,
        "dvar": 0.000554028898478,
        "dvar2": 0.000656448770314,
        "max": 0.857421875,
        "mean": 0.0929327234626,
        "median": 0.0634765625,
        "min": 0.00244140625,
        "var": 0.00736771523952
    },
    "barkbands": {
        "dmean": [0.000870071235113, 0.00412265118212, 0.00236388738267, 0.00198747776449, 0.00141259329394, 0.0013019569451, 0.00097566092154, 0.00129100133199, 0.000926098087803, 0.000702547549736, 0.000888609793037, 0.000644509564154, 0.000602079264354, 0.000515556079336, 0.000345787586411, 0.000205133925192, 0.00031227641739, 0.000149967410835, 0.000150746447616, 0.000132257089717, 0.000159330767929, 0.000184346368769, 0.000170885323314, 0.000139746727655, 0.000184256903594, 0.000147499551531, 4.50085426564e-05],
        "dmean2": [0.00109682045877, 0.00564456451684, 0.0042225648649, 0.00347816175781, 0.00232276995666, 0.00205362937413, 0.00154291314539, 0.0019630882889, 0.00144744315185, 0.00113168649841, 0.00135347433388, 0.00101481215097, 0.000950571033172, 0.000816510117147, 0.000559483189136, 0.000326953508193, 0.000484764168505, 0.000239688990405, 0.000243278453127, 0.000218655215576, 0.000245585630182, 0.000273729034234, 0.000266757298959, 0.00022592608002, 0.000275981059531, 0.000227963217185, 6.74168259138e-05],
        "dvar": [4.36252321379e-06, 0.000134189307573, 0.000119912619994, 9.59571480053e-05, 2.98383838526e-05, 1.53476466949e-05, 4.05423406846e-06, 6.17542900727e-06, 3.28342025568e-06, 2.12654458664e-06, 4.28397379437e-06, 3.28981650455e-06, 2.90858520202e-06, 1.47752393787e-06, 5.92300295921e-07, 3.05076497398e-07, 4.64043949933e-07, 1.00604694353e-07, 8.84472655116e-08, 1.5824096522e-07, 1.11771349509e-07, 1.80302379249e-07, 1.46784486788e-07, 1.13624139431e-07, 1.40614034194e-07, 7.65671757108e-08, 1.13809397462e-08],
        "dvar2": [7.56415965952e-06, 0.000295635458315, 0.000333697564201, 0.000260595348664, 6.89266962581e-05, 2.72836623481e-05, 9.54297775024e-06, 1.37618771987e-05, 7.44905401007e-06, 5.22741584064e-06, 9.52323080128e-06, 7.83292762208e-06, 6.52296148473e-06, 3.23414656123e-06, 1.39787607623e-06, 8.19905437766e-07, 1.10642611162e-06, 2.63810221668e-07, 2.23726360105e-07, 4.26950748533e-07, 2.40396815343e-07, 3.72466843146e-07, 3.16813469681e-07, 3.02651642414e-07, 3.05819270352e-07, 1.81539817845e-07, 2.59919890055e-08],
        "max": [0.0339910164475, 0.120729506016, 0.104594439268, 0.102676026523, 0.0627675652504, 0.0417389459908, 0.0331273525953, 0.0369607061148, 0.0338258743286, 0.0341079756618, 0.0366425067186, 0.0357754714787, 0.0411207713187, 0.0231855083257, 0.0222816206515, 0.0203453116119, 0.0181870479137, 0.0165163017809, 0.00699871312827, 0.0155480653048, 0.0100376252085, 0.0171089563519, 0.0154985701665, 0.00843843072653, 0.00728223193437, 0.00351898442023, 0.00156785116997],
        "mean": [0.00246863765642, 0.00819528289139, 0.00204978487454, 0.00146334536839, 0.00143176561687, 0.00175836624112, 0.0016110468423, 0.00241740699857, 0.0021342842374, 0.00145275949035, 0.00156154762954, 0.000985807506368, 0.00107334728818, 0.000668542692438, 0.000551004312001, 0.000317012425512, 0.000469430029625, 0.000227314594667, 0.000245204224484, 0.000234378996538, 0.00029691652162, 0.000374110590201, 0.000333077739924, 0.000264189409791, 0.00036111913505, 0.000261901004706, 7.71500053816e-05],
        "median": [1.29307568386e-06, 7.06117134541e-05, 7.20706084394e-05, 0.000133546971483, 0.000308902293909, 0.000572595978156, 0.000510303885676, 0.000599908642471, 0.000519573921338, 0.000382848840673, 0.000361322716344, 0.000207791134017, 0.000190189661225, 0.000162282696692, 0.000166810888913, 0.00011145312601, 0.000128848405438, 8.03851362434e-05, 7.78694375185e-05, 5.10483805556e-05, 4.87819415866e-05, 4.20492979174e-05, 3.49380788975e-05, 2.38446627918e-05, 1.8249204004e-05, 1.77895308298e-05, 4.93836751048e-06],
        "min": [2.67079558389e-25, 3.41670961953e-24, 1.1355333242e-24, 2.55762954273e-25, 6.36835536428e-24, 4.45637307235e-24, 7.17030465521e-24, 4.5830081246e-24, 1.38007791712e-23, 9.00004464791e-24, 1.0575896858e-23, 2.08136926652e-23, 1.93732657844e-23, 1.23713245568e-23, 5.44659230135e-23, 4.66797996146e-23, 5.5162644965e-23, 9.44421120287e-23, 1.04693965337e-22, 1.56289425465e-22, 1.69285094774e-22, 2.75457025727e-22, 4.01725156686e-22, 5.08047072185e-22, 8.09474231949e-22, 1.14867679764e-21, 2.01166750486e-21],
        "var": [2.87354887405e-05, 0.000269259471679, 8.13693550299e-05, 6.26973560429e-05, 2.61546920228e-05, 2.20303700189e-05, 1.05868994069e-05, 1.91830076801e-05, 1.25561309687e-05, 6.30135218671e-06, 9.86000395642e-06, 6.5453773459e-06, 8.54081463331e-06, 2.64790787696e-06, 1.9262756723e-06, 4.27014384741e-07, 7.51730340198e-07, 1.57615062335e-07, 1.76412711994e-07, 2.55229224422e-07, 2.95402060146e-07, 6.77091691159e-07, 3.94483151922e-07, 2.28395251156e-07, 4.95092592701e-07, 2.20734236223e-07, 2.52059813022e-08]
    },
    "erbbands": {
        "dmean": [0.186180412769, 0.709665238857, 2.09622645378, 4.75116205215, 6.65491914749, 4.08083105087, 6.84805250168, 12.0304098129, 9.85645771027, 26.7539997101, 23.149312973, 25.5775127411, 17.7762889862, 22.1488285065, 35.7631454468, 31.5186309814, 29.1837692261, 27.4768657684, 18.3686218262, 15.0432167053, 12.2527294159, 14.1144151688, 7.87120246887, 8.74057674408, 6.56392240524, 6.84132385254, 5.89786863327, 6.49368333817, 6.89649057388, 6.1565413475, 5.20817756653, 2.92344999313, 2.50797724724, 1.97742092609, 1.4797911644, 0.646921634674, 0.293065100908, 0.0654898956418, 0.00772073445842, 0.000115252274554],
        "dmean2": [0.247723206878, 1.04077446461, 3.74235296249, 8.02213859558, 11.5229759216, 6.54642438889, 10.7572174072, 18.9829540253, 15.6566047668, 41.5026397705, 34.7109680176, 39.4033737183, 29.0836715698, 34.9811897278, 54.1392593384, 49.1710205078, 45.3826217651, 43.1842002869, 29.7732639313, 24.0734920502, 19.2714290619, 21.9943370819, 12.2157049179, 14.4449853897, 10.3227014542, 11.1922445297, 9.3134803772, 9.95437049866, 10.0299739838, 9.34455299377, 8.20443248749, 4.63883066177, 4.06856632233, 3.09157586098, 2.20217037201, 1.01311063766, 0.460013866425, 0.0954622551799, 0.0118823647499, 0.000172390675289],
        "dvar": [0.189821109176, 6.14702033997, 91.3038787842, 499.092559814, 892.716369629, 219.510986328, 341.777954102, 1324.60766602, 353.929290771, 3174.8190918, 2737.4765625, 2498.32128906, 1476.69873047, 2095.80834961, 7011.12597656, 8211.11035156, 7117.48388672, 4096.99462891, 1866.32019043, 1305.06652832, 782.691955566, 1112.34912109, 338.638122559, 303.010192871, 185.095474243, 382.365234375, 176.695068359, 220.612854004, 310.910339355, 225.820541382, 128.935119629, 36.4956130981, 58.2456512451, 17.5265522003, 9.90791893005, 1.63975548744, 0.310029268265, 0.0169292297214, 0.000366502354154, 6.50265263857e-08],
        "dvar2": [0.400157779455, 13.8322086334, 261.348022461, 1298.5826416, 2293.0456543, 501.128936768, 773.00604248, 2353.2956543, 850.449707031, 7492.29492188, 5859.81982422, 5614.43212891, 3847.20507812, 4911.14941406, 15515.0644531, 19506.1640625, 15913.7548828, 8985.01074219, 4454.40234375, 3166.55737305, 2027.66210938, 2723.34130859, 865.080078125, 828.496765137, 447.025024414, 999.576843262, 434.044006348, 453.979125977, 604.370666504, 432.36505127, 310.246185303, 96.3924255371, 154.924789429, 41.4617233276, 21.5806217194, 3.83987641335, 0.737122297287, 0.037253472954, 0.000866132031661, 1.50613331584e-07],
        "max": [5.25761604309, 27.4629077911, 95.7645111084, 239.4193573, 297.410919189, 177.846313477, 191.572769165, 389.507598877, 385.567657471, 878.007263184, 1022.18438721, 987.055541992, 906.495300293, 1206.07629395, 1577.51025391, 1844.8840332, 1751.42297363, 1223.44970703, 1175.06091309, 1085.0723877, 773.028625488, 1066.08361816, 1107.71276855, 337.150604248, 357.230407715, 633.152282715, 367.684204102, 658.143859863, 1010.56402588, 822.194152832, 278.753479004, 186.115264893, 224.06892395, 72.0653305054, 62.357925415, 17.0848083496, 8.11310577393, 1.92894566059, 0.301736325026, 0.00399929750711],
        "mean": [0.447697818279, 1.02594900131, 1.99051475525, 3.9675886631, 5.30698537827, 4.42908382416, 7.80673027039, 16.150724411, 15.8872022629, 47.5426635742, 47.8825340271, 61.6406707764, 36.0183448792, 46.5877342224, 66.097618103, 52.774230957, 54.2147827148, 38.8627929688, 29.5212841034, 24.3503551483, 20.5236644745, 21.5938148499, 13.3748407364, 12.947019577, 11.780880928, 12.170920372, 10.8539047241, 12.080540657, 13.6200237274, 11.7147035599, 9.62948322296, 5.72820186615, 4.52936267853, 3.64413499832, 2.7581653595, 1.17941272259, 0.502918958664, 0.131091237068, 0.0124386288226, 0.000227739103138],
        "median": [0.00171048601624, 0.0185246318579, 0.0821663886309, 0.452727228403, 0.561007261276, 0.96370267868, 2.65851259232, 5.10920715332, 6.8387556076, 13.1397733688, 15.349149704, 15.6485004425, 13.2819538116, 13.0168685913, 18.034362793, 13.3255329132, 11.8871555328, 11.4447746277, 8.88893127441, 8.39488220215, 6.76822900772, 6.37229156494, 5.20979595184, 4.77259540558, 3.32159566879, 2.72740650177, 2.03729438782, 1.81177783012, 1.55578780174, 1.27634334564, 0.897563397884, 0.543434143066, 0.353421330452, 0.186923161149, 0.133972644806, 0.0759074985981, 0.0304710697383, 0.0102985780686, 0.000915460172109, 5.63507346669e-05],
        "min": [1.05937834902e-22, 6.87035092985e-22, 1.1321605494e-21, 3.31054846757e-21, 1.08771859482e-20, 1.30954686702e-20, 3.62056210944e-20, 4.6577874671e-20, 8.97970600128e-20, 1.69452317029e-19, 2.09796358271e-19, 3.69823404585e-19, 4.31997117008e-19, 6.62139985773e-19, 7.34885402467e-19, 1.08029622563e-18, 1.21442201099e-18, 2.040866743e-18, 2.39235605119e-18, 2.84894444648e-18, 4.01800004697e-18, 3.58829088569e-18, 5.25597592251e-18, 5.84041872995e-18, 5.4931170236e-18, 7.21508372017e-18, 8.281027535e-18, 7.71235988902e-18, 1.04701345563e-17, 9.57023318742e-18, 1.11961393995e-17, 1.02644246642e-17, 8.63400204599e-18, 7.7965660482e-18, 5.37893301185e-18, 3.9800006104e-18, 1.98788210245e-18, 9.63504423598e-19, 2.57725335537e-19, 2.74420657883e-20],
        "var": [0.718506038189, 8.12560272217, 64.3133926392, 366.636993408, 648.900695801, 201.065765381, 343.369567871, 1921.80505371, 892.846557617, 8964.609375, 7980.77246094, 10125.5527344, 3495.88525391, 7129.52880859, 16182.9873047, 16643.2714844, 20467.8378906, 7460.75537109, 5299.50048828, 3389.49169922, 1228.19873047, 1561.44995117, 537.801208496, 462.855010986, 412.891143799, 707.868713379, 392.72454834, 574.598754883, 1114.29174805, 646.438781738, 324.36541748, 95.7384033203, 89.4680023193, 52.0728912354, 30.0859413147, 4.98875379562, 0.834823131561, 0.0532050952315, 0.000705966434907, 1.53548924686e-07]
    },
    "gfcc": {
        "mean": [-41.8619689941, 49.4747619629, -129.466766357, -1.35510253906, -66.5143508911, 8.29290866852, -32.9627799988, 9.19085884094, -18.1321105957, 7.41917800903, -12.8919401169, 4.60972356796, -10.8071069717],
        "cov": [[35648.0507812, -1541.03771973, 246.783676147, 109.932647705, -138.481765747, 1160.8449707, -515.455932617, 522.853942871, -652.3359375, 613.189941406, -833.517028809, 773.822021484, -778.999816895], [-1541.03771973, 3788.00537109, 146.073364258, -72.5353012085, 111.799224854, -382.872711182, 234.630249023, -166.631103516, 21.0831260681, -406.980865479, 57.1354446411, -344.491485596, 87.3212890625], [246.783676147, 146.073364258, 2624.83862305, 1101.30786133, 1258.73901367, 680.421569824, 437.11630249, 126.564437866, 2.84478926659, 30.7050323486, -132.375473022, 183.125518799, -88.0542907715], [109.932647705, -72.5353012085, 1101.30786133, 1345.61682129, 699.219848633, 556.937255859, 174.382751465, 95.849861145, 90.3388977051, 93.8056869507, 31.0268554688, 100.888168335, 81.5746536255], [-138.481765747, 111.799224854, 1258.73901367, 699.219848633, 962.542297363, 512.887756348, 370.563079834, 96.3836517334, 19.0341415405, 2.46657443047, -64.2258987427, 62.986000061, -62.1768531799], [1160.8449707, -382.872711182, 680.421569824, 556.937255859, 512.887756348, 603.404052734, 216.568161011, 149.642608643, -5.15564489365, 68.9518127441, -83.7638092041, 105.580558777, -15.2145042419], [-515.455932617, 234.630249023, 437.11630249, 174.382751465, 370.563079834, 216.568161011, 353.563690186, 137.142547607, 77.9124069214, 4.86471366882, -29.3696250916, -34.1811256409, -56.9351348877], [522.853942871, -166.631103516, 126.564437866, 95.849861145, 96.3836517334, 149.642608643, 137.142547607, 235.75769043, 116.41545105, 106.786102295, -4.43299531937, 24.2891578674, -42.4611587524], [-652.3359375, 21.0831260681, 2.84478926659, 90.3388977051, 19.0341415405, -5.15564489365, 77.9124069214, 116.41545105, 235.608123779, 109.18473053, 77.5478820801, -21.9364471436, 32.9503173828], [613.189941406, -406.980865479, 30.7050323486, 93.8056869507, 2.46657443047, 68.9518127441, 4.86471366882, 106.786102295, 109.18473053, 209.236114502, 72.025138855, 60.9024925232, -22.7861537933], [-833.517028809, 57.1354446411, -132.375473022, 31.0268554688, -64.2258987427, -83.7638092041, -29.3696250916, -4.43299531937, 77.5478820801, 72.025138855, 185.703872681, 10.0875797272, 61.3856468201], [773.822021484, -344.491485596, 183.125518799, 100.888168335, 62.986000061, 105.580558777, -34.1811256409, 24.2891578674, -21.9364471436, 60.9024925232, 10.0875797272, 165.671783447, 27.3042507172], [-778.999816895, 87.3212890625, -88.0542907715, 81.5746536255, -62.1768531799, -15.2145042419, -56.9351348877, -42.4611587524, 32.9503173828, -22.7861537933, 61.3856468201, 27.3042507172, 167.107711792]],
        "icov": [[5.9492278524e-05, -7.82546412665e-05, 4.21850854764e-05, -6.77068646837e-06, 3.72915856133e-05, -0.000157585382112, 0.000195822576643, -8.18113476271e-05, 0.000120004464407, -0.000288492214167, 0.00028133430169, -0.000284025241854, 0.000269278592896], [-7.82546412665e-05, 0.000586170179304, -0.000170617073309, -6.39358186163e-05, -3.38288591593e-05, 0.000591257063206, -0.00063389580464, 2.37268614001e-05, -0.000185170720215, 0.00124185858294, -0.000754509004764, 0.000973284943029, -0.000574508798309], [4.21850854764e-05, -0.000170617073309, 0.00129260856193, -0.000436245260062, -0.00133978086524, 0.000336581812007, -9.86543909676e-06, 3.90910645365e-05, 9.22288381844e-05, -0.000500567315612, 0.00099144608248, -0.00137312349398, 0.00049231282901], [-6.77068646837e-06, -6.39358186163e-05, -0.000436245260062, 0.00197632843629, -0.000713201006874, -0.00144291180186, 0.00120502093341, 4.81731440232e-05, -0.000568884890527, -0.000298402825138, -0.000731405860279, 0.00084757670993, -0.000965044484474], [3.72915856133e-05, -3.38288591593e-05, -0.00133978086524, -0.000713201006874, 0.0054101687856, -0.00210149283521, -0.00268701370806, 0.00176971487235, -0.000644898915198, 0.00116786849685, -0.000897974532563, -0.000635494478047, 0.00190965353977], [-0.000157585382112, 0.000591257063206, 0.000336581812007, -0.00144291180186, -0.00210149283521, 0.00679519400001, -0.00231956620701, -0.00216606259346, 0.00251352530904, -0.00109871767927, 0.0018803300336, -0.000106304578367, -0.00298455753364], [0.000195822576643, -0.00063389580464, -9.86543909676e-06, 0.00120502093341, -0.00268701370806, -0.00231956620701, 0.00931754056364, -0.00360875437036, -0.00144671055023, 0.000712330045644, -9.39114470384e-05, 0.0012326502474, 0.0019127902342], [-8.18113476271e-05, 2.37268614001e-05, 3.90910645365e-05, 4.81731440232e-05, 0.00176971487235, -0.00216606259346, -0.00360875437036, 0.010700320825, -0.00450306665152, -0.0016577471979, 0.000861045497004, -0.00164340634365, 0.00216801674105], [0.000120004464407, -0.000185170720215, 9.22288381844e-05, -0.000568884890527, -0.000644898915198, 0.00251352530904, -0.00144671055023, -0.00450306665152, 0.0112575301901, -0.00621500285342, 0.000311151903588, 0.00276895798743, -0.00429967651144], [-0.000288492214167, 0.00124185858294, -0.000500567315612, -0.000298402825138, 0.00116786849685, -0.00109871767927, 0.000712330045644, -0.0016577471979, -0.00621500285342, 0.0160123109818, -0.00694003561512, -0.00168051186483, 0.00427689775825], [0.00028133430169, -0.000754509004764, 0.00099144608248, -0.000731405860279, -0.000897974532563, 0.0018803300336, -9.39114470384e-05, 0.000861045497004, 0.000311151903588, -0.00694003561512, 0.0117066223174, -0.00227276002988, -0.00232756044716], [-0.000284025241854, 0.000973284943029, -0.00137312349398, 0.00084757670993, -0.000635494478047, -0.000106304578367, 0.0012326502474, -0.00164340634365, 0.00276895798743, -0.00168051186483, -0.00227276002988, 0.0131905088201, -0.00530913332477], [0.000269278592896, -0.000574508798309, 0.00049231282901, -0.000965044484474, 0.00190965353977, -0.00298455753364, 0.0019127902342, 0.00216801674105, -0.00429967651144, 0.00427689775825, -0.00232756044716, -0.00530913332477, 0.0130650335923]]
    },
    "melbands": {
        "dmean": [0.00140571745578, 0.000947858032305, 0.000942450831644, 0.00036095501855, 0.000229738856433, 0.000258758489508, 0.00015945234918, 0.000292041397188, 0.000187501136679, 0.000148905775859, 8.85000845301e-05, 9.05603956198e-05, 0.000125938342535, 8.25073730084e-05, 7.34300629119e-05, 5.19641689607e-05, 5.63641515328e-05, 3.0992214306e-05, 2.00398972083e-05, 1.94877065951e-05, 1.59570972755e-05, 1.74660526682e-05, 9.97056031338e-06, 8.18047919893e-06, 7.43736563891e-06, 5.790699106e-06, 4.13694851886e-06, 4.96052234666e-06, 3.63211938748e-06, 4.43438921138e-06, 4.06424260291e-06, 4.12711415265e-06, 4.14752821598e-06, 3.42721318702e-06, 3.44780255546e-06, 2.24537029681e-06, 1.83274653409e-06, 1.87386740436e-06, 1.87747593827e-06, 1.60717877407e-06],
        "dmean2": [0.00188942928798, 0.00163978675846, 0.00161746493541, 0.000602565531153, 0.000359952886356, 0.000412203313317, 0.000253273115959, 0.000451192288892, 0.000280786800431, 0.000231106678257, 0.000145739599247, 0.000143885874422, 0.000191685714526, 0.000127605977468, 0.000115008857392, 8.29798082123e-05, 8.86040361365e-05, 5.05472853547e-05, 3.23602253047e-05, 3.1236490031e-05, 2.52640056715e-05, 2.75465845334e-05, 1.58596758411e-05, 1.31461692945e-05, 1.25029418996e-05, 9.20274942473e-06, 6.6789898483e-06, 8.23063237476e-06, 5.89599676459e-06, 7.0403598329e-06, 6.34532716504e-06, 6.29245732853e-06, 6.24822314421e-06, 5.37207051821e-06, 5.48435218661e-06, 3.56951272806e-06, 3.00938950204e-06, 3.0883859381e-06, 3.03808656099e-06, 2.53609596257e-06],
        "dvar": [1.2532231267e-05, 1.36738754009e-05, 1.9508501282e-05, 2.25547023547e-06, 3.58306664339e-07, 6.0154707171e-07, 8.88775488761e-08, 3.40537610555e-07, 1.61267280419e-07, 8.51458779039e-08, 3.74541286874e-08, 3.83316418606e-08, 9.03640540173e-08, 4.36488925004e-08, 2.8949841635e-08, 2.1889647428e-08, 2.04788719316e-08, 4.87631224289e-09, 1.93061588938e-09, 2.46837617013e-09, 1.25103649662e-09, 1.87490889481e-09, 4.40087744025e-10, 3.74357767008e-10, 2.5476984411e-10, 1.71738484545e-10, 7.57090015679e-11, 2.50494319731e-10, 1.03400489559e-10, 9.93715387754e-11, 1.19586271441e-10, 1.35057048878e-10, 1.52527698805e-10, 9.03560351539e-11, 7.16465151096e-11, 2.13239564895e-11, 1.56867158152e-11, 4.47139929249e-11, 1.73272680926e-11, 1.20858453453e-11],
        "dvar2": [2.68896801572e-05, 3.85089151678e-05, 5.11805665155e-05, 5.3765170378e-06, 8.05894842415e-07, 1.0469065046e-06, 2.13989920894e-07, 8.02746399131e-07, 3.43293180549e-07, 1.93095402778e-07, 9.78340466418e-08, 8.99878500604e-08, 1.99070086637e-07, 1.04672160717e-07, 6.48927596103e-08, 5.22903427225e-08, 4.41488730019e-08, 1.18016076911e-08, 4.61483118386e-09, 6.35331653953e-09, 3.11240744288e-09, 4.60595828145e-09, 1.07191255871e-09, 9.67407487451e-10, 7.02249980389e-10, 4.11816525325e-10, 1.89705001707e-10, 6.7530575576e-10, 2.81109913125e-10, 2.28780036582e-10, 2.37628583477e-10, 2.92564861226e-10, 3.25916932331e-10, 1.76303457944e-10, 1.68646319132e-10, 5.55393925294e-11, 4.21757732905e-11, 1.219439133e-10, 4.27350412002e-11, 2.92150539871e-11],
        "max": [0.0403045192361, 0.0386881418526, 0.0447899065912, 0.0164691619575, 0.00563000561669, 0.00794495642185, 0.00612017000094, 0.00882712844759, 0.00786822941154, 0.00540795270354, 0.00453286292031, 0.00539392558858, 0.00531318224967, 0.00379219348542, 0.00339591689408, 0.00545287970454, 0.00279553676955, 0.00180511316285, 0.00216113287024, 0.00167611043435, 0.000710371125024, 0.00125966686755, 0.000501253991388, 0.00105119461659, 0.000340005411999, 0.000311125564622, 0.000218719869736, 0.000608230591752, 0.000405379687436, 0.000256957107922, 0.000450642459327, 0.000587505695876, 0.000706484250259, 0.000540159177035, 0.000264939066255, 8.96519632079e-05, 0.000136641203426, 0.000206440192414, 9.59113240242e-05, 6.60330260871e-05],
        "mean": [0.00311437668279, 0.00112232042011, 0.000770988292061, 0.000336352735758, 0.000266406161245, 0.000355174823198, 0.000259557011304, 0.000525794748683, 0.000391570094507, 0.000353305425961, 0.000168490529177, 0.000183288328117, 0.000224736431846, 0.000137189388624, 0.000127892941236, 8.99761289475e-05, 7.38978123991e-05, 4.63199903606e-05, 3.2312633266e-05, 2.96171365335e-05, 2.47088391916e-05, 2.47273583227e-05, 1.54775389092e-05, 1.14853428386e-05, 1.00464912975e-05, 9.30313763092e-06, 7.26784810468e-06, 8.11011341284e-06, 6.2688327489e-06, 7.12964219929e-06, 7.12305745765e-06, 7.65222648624e-06, 7.40363975638e-06, 5.96576910539e-06, 5.85504585615e-06, 4.16219108956e-06, 3.24914708472e-06, 3.09316874336e-06, 3.30152442984e-06, 2.87093916995e-06],
        "median": [1.82248513738e-05, 4.15006506955e-05, 9.40400350373e-05, 5.39258253411e-05, 9.66696825344e-05, 0.000113844798761, 0.000101922043541, 0.000145617173985, 0.000114057831524, 8.43545349198e-05, 5.45936782146e-05, 4.53174579889e-05, 5.27582778886e-05, 3.22066334775e-05, 2.78272564174e-05, 1.97287663468e-05, 1.69133818417e-05, 1.25254673549e-05, 1.04472564999e-05, 1.00204151749e-05, 6.57866894471e-06, 6.4646710598e-06, 4.65239281766e-06, 3.86421515941e-06, 3.45415855918e-06, 2.40334861701e-06, 1.83666702469e-06, 1.72666500475e-06, 1.22332176034e-06, 1.14578779176e-06, 1.03942716123e-06, 8.48967601996e-07, 7.44431986277e-07, 6.79374750234e-07, 5.18870308497e-07, 3.88257973327e-07, 2.92845015792e-07, 2.49466381774e-07, 1.85637873074e-07, 1.41563972988e-07],
        "min": [1.19273974211e-24, 6.30720326134e-25, 8.97395938435e-25, 8.00641359549e-25, 1.36634909469e-24, 1.08212655345e-24, 1.20610718736e-24, 1.59408860347e-24, 1.7326187907e-24, 2.33285358715e-24, 1.64651412986e-24, 2.06498600602e-24, 1.69781385313e-24, 2.34577453714e-24, 1.91173301189e-24, 2.29601358566e-24, 2.54914386458e-24, 3.83211391146e-24, 3.54660740049e-24, 2.69337406489e-24, 3.64649139058e-24, 3.42326268707e-24, 3.06426806353e-24, 3.73216207932e-24, 4.28041488642e-24, 3.36182107217e-24, 3.43692102478e-24, 3.20135335342e-24, 4.40658845505e-24, 3.53259210321e-24, 4.2289681392e-24, 4.96236620632e-24, 4.29574679255e-24, 4.99068355181e-24, 5.2396389816e-24, 5.11871725445e-24, 4.9721914689e-24, 5.34400922366e-24, 5.6017754409e-24, 6.08530102744e-24],
        "var": [3.47362147295e-05, 1.33371077027e-05, 1.39739895531e-05, 1.86854026651e-06, 3.61670316806e-07, 9.1017733439e-07, 2.25038888857e-07, 9.94063384496e-07, 4.95723327276e-07, 3.39252949288e-07, 8.35244406971e-08, 1.2737633881e-07, 2.08452206607e-07, 9.14424376219e-08, 8.0049865403e-08, 5.68517748434e-08, 3.67889612107e-08, 1.24999282036e-08, 5.89055160205e-09, 4.6764290218e-09, 2.07068162617e-09, 2.46117037861e-09, 7.34688976323e-10, 5.13861841966e-10, 3.43299944028e-10, 3.31033922496e-10, 1.75919515066e-10, 3.77837844345e-10, 1.44553924386e-10, 2.18574325306e-10, 2.97852353892e-10, 4.32787611304e-10, 3.2954103335e-10, 1.937375399e-10, 1.5171715273e-10, 5.53486353971e-11, 3.4159678558e-11, 5.34254619711e-11, 4.47695665262e-11, 3.21863612152e-11]
    },
    "mfcc": {
        "mean": [-675.210449219, 94.6770401001, -16.2280235291, -5.26727390289, -13.9263982773, -3.5912399292, -7.83137559891, -0.0769614353776, -1.39159047604, 0.171769246459, 1.90363848209, 3.19013261795, 2.78346633911],
        "cov": [[15348.9804688, -81.2841796875, 930.636413574, 90.6730422974, 599.644775391, 671.62097168, 361.228790283, 366.383575439, 228.899871826, 55.9398040771, 44.19688797, 39.70652771, 84.7494354248], [-81.2841796875, 3218.03540039, 113.582984924, 59.4270629883, -211.519882202, -206.664840698, 42.6308898926, 83.200592041, -24.4404621124, -21.276058197, -114.95400238, -121.152084351, -164.484832764], [930.636413574, 113.582984924, 1301.50366211, 720.120727539, 759.101074219, 577.930725098, 421.530792236, 316.38772583, 232.37550354, 82.9241790771, 27.3990859985, 29.1363868713, 37.6539535522], [90.6730422974, 59.4270629883, 720.120727539, 764.638061523, 594.835449219, 443.623535156, 286.000549316, 202.306228638, 153.476287842, 93.8534240723, 72.8874359131, 59.5234985352, 45.9578933716], [599.644775391, -211.519882202, 759.101074219, 594.835449219, 762.250244141, 570.05859375, 390.499389648, 274.038513184, 189.050445557, 75.0457458496, 44.7539100647, 39.5489578247, 45.3888816833], [671.62097168, -206.664840698, 577.930725098, 443.623535156, 570.05859375, 589.152587891, 383.823760986, 273.169036865, 190.051025391, 72.4515686035, 37.0759353638, 12.4677505493, 13.0268774033], [361.228790283, 42.6308898926, 421.530792236, 286.000549316, 390.499389648, 383.823760986, 420.484466553, 256.275421143, 152.164474487, 76.1847991943, 33.6613998413, 24.3973865509, 7.9063668251], [366.383575439, 83.200592041, 316.38772583, 202.306228638, 274.038513184, 273.169036865, 256.275421143, 286.541046143, 182.748718262, 81.7606658936, 28.3153877258, 11.6014032364, 8.10567855835], [228.899871826, -24.4404621124, 232.37550354, 153.476287842, 189.050445557, 190.051025391, 152.164474487, 182.748718262, 222.114837646, 122.878944397, 77.8124008179, 37.3805656433, 31.9550323486], [55.9398040771, -21.276058197, 82.9241790771, 93.8534240723, 75.0457458496, 72.4515686035, 76.1847991943, 81.7606658936, 122.878944397, 170.107528687, 120.440788269, 55.1904945374, 28.9712371826], [44.19688797, -114.95400238, 27.3990859985, 72.8874359131, 44.7539100647, 37.0759353638, 33.6613998413, 28.3153877258, 77.8124008179, 120.440788269, 198.446395874, 124.905517578, 55.7184333801], [39.70652771, -121.152084351, 29.1363868713, 59.5234985352, 39.5489578247, 12.4677505493, 24.3973865509, 11.6014032364, 37.3805656433, 55.1904945374, 124.905517578, 170.153808594, 99.5241928101], [84.7494354248, -164.484832764, 37.6539535522, 45.9578933716, 45.3888816833, 13.0268774033, 7.9063668251, 8.10567855835, 31.9550323486, 28.9712371826, 55.7184333801, 99.5241928101, 147.996704102]],
