{
"lowlevel": {
    "average_loudness": 0.947753727436,
    "barkbands_crest": {
        "dmean": 2.74994063377,
        "dmean2": 4.3327755928,
        "dvar": 10.6415023804,
        "dvar2": 24.4222354889,
        "max": 25.8058013916,
        "mean": 10.3005361557,
        "median": 9.76722335815,
        "min": 2.00226187706,
        "var": 24.5810432434
    },
    "barkbands_flatness_db": {
        "dmean": 0.0196357164532,
        "dmean2": 0.0285348836333,
        "dvar": 0.000696631381288,
        "dvar2": 0.00131154246628,
        "max": 0.592807471752,
        "mean": 0.102781660855,
        "median": 0.0880171954632,
        "min": 0.015911590308,
        "var": 0.00266260537319
    },
    "barkbands_kurtosis": {
        "dmean": 2.02550005913,
        "dmean2": 2.84837722778,
        "dvar": 24.891248703,
        "dvar2": 48.9007987976,
        "max": 220.628494263,
        "mean": 2.55986118317,
        "median": -0.22478890419,
        "min": -1.9023206234,
        "var": 59.0838775635
    },
    "barkbands_skewness": {
        "dmean": 0.531698167324,
        "dmean2": 0.74983727932,
        "dvar": 0.431574702263,
        "dvar2": 0.763306558132,
        "max": 12.2723665237,
        "mean": 1.04340040684,
        "median": 0.814663529396,
        "min": -3.16098117828,
        "var": 1.96361756325
    },
    "barkbands_spread": {
        "dmean": 8.1118221283,
        "dmean2": 12.7710971832,
        "dvar": 102.763626099,
        "dvar2": 236.014358521,
        "max": 125.961509705,
        "mean": 39.3528785706,
        "median": 37.9955825806,
        "min": 0.427675157785,
        "var": 437.527618408
    },
    "dissonance": {
        "dmean": 0.0144388861954,
        "dmean2": 0.024562029168,
        "dvar": 0.000203760922886,
        "dvar2": 0.000570849573705,
        "max": 0.500000059605,
        "mean": 0.476240903139,
        "median": 0.480983346701,
        "min": 0.203664287925,
        "var": 0.000373034970835
    },
    "dynamic_complexity": 2.7968275547,
    "erbbands_crest": {
        "dmean": 2.39773058891,
        "dmean2": 4.0275220871,
        "dvar": 5.8132185936,
        "dvar2": 15.0584506989,
        "max": 30.6228752136,
        "mean": 7.35883903503,
        "median": 6.23191785812,
        "min": 2.24041581154,
        "var": 13.6539268494
    },
    "erbbands_flatness_db": {
        "dmean": 0.0142553048208,
        "dmean2": 0.0213442742825,
        "dvar": 0.00018076467677,
        "dvar2": 0.000378641940188,
        "max": 0.406608521938,
        "mean": 0.126199811697,
        "median": 0.113458223641,
        "min": 0.0383075997233,
        "var": 0.00267139193602
    },
    "erbbands_kurtosis": {
        "dmean": 0.830648362637,
        "dmean2": 1.34812188148,
        "dvar": 1.20742797852,
        "dvar2": 2.69967961311,
        "max": 21.8833942413,
        "mean": 0.230860620737,
        "median": -0.24646282196,
        "min": -1.87416732311,
        "var": 2.2758641243
    },
    "erbbands_skewness": {
        "dmean": 0.375636637211,
        "dmean2": 0.567559242249,
        "dvar": 0.117791764438,
        "dvar2": 0.241125375032,
        "max": 2.75559020042,
        "mean": 0.068102195859,
        "median": 0.0988710075617,
        "min": -2.21613407135,
        "var": 0.492825388908
    },
    "erbbands_spread": {
        "dmean": 11.5220422745,
        "dmean2": 17.8867893219,
        "dvar": 309.271881104,
        "dvar2": 661.056884766,
        "max": 199.666381836,
        "mean": 44.8682403564,
        "median": 41.0247497559,
        "min": 1.57925748825,
        "var": 604.838928223
    },
    "hfc": {
        "dmean": 10.1269521713,
        "dmean2": 13.7610902786,
        "dvar": 275.561950684,
        "dvar2": 545.307983398,
        "max": 218.352996826,
        "mean": 38.1381187439,
        "median": 34.8825263977,
        "min": 1.0551963233e-16,
        "var": 1069.32763672
    },
    "melbands_crest": {
        "dmean": 3.6220600605,
        "dmean2": 5.68090486526,
        "dvar": 15.5926599503,
        "dvar2": 37.8644561768,
        "max": 34.9260444641,
        "mean": 17.3793945312,
        "median": 17.7314357758,
        "min": 1.53247058392,
        "var": 56.8350410461
    },
    "melbands_flatness_db": {
        "dmean": 0.0268491636962,
        "dmean2": 0.0377716161311,
        "dvar": 0.00127123470884,
        "dvar2": 0.0023854742758,
        "max": 0.754531919956,
        "mean": 0.153022348881,
        "median": 0.14162029326,
        "min": 0.00353406835347,
        "var": 0.00557740405202
    },
    "melbands_kurtosis": {
        "dmean": 14.0670518875,
        "dmean2": 20.555305481,
        "dvar": 2096.73901367,
        "dvar2": 4219.95800781,
        "max": 572.00970459,
        "mean": 18.3761978149,
        "median": 4.94576120377,
        "min": -1.69135820866,
        "var": 2879.98266602
    },
    "melbands_skewness": {
        "dmean": 1.02791166306,
        "dmean2": 1.46717393398,
        "dvar": 2.89430141449,
        "dvar2": 4.97171783447,
        "max": 21.457660675,
        "mean": 2.68430280685,
        "median": 2.15743589401,
        "min": -3.07414722443,
        "var": 7.26118755341
    },
    "melbands_spread": {
        "dmean": 12.5496997833,
        "dmean2": 19.0959129333,
        "dvar": 346.185821533,
        "dvar2": 755.696533203,
        "max": 207.175354004,
        "mean": 42.7031974792,
        "median": 38.2727928162,
        "min": 0.450402259827,
        "var": 1014.95117188
    },
    "pitch_salience": {
        "dmean": 0.0795830413699,
        "dmean2": 0.127108603716,
        "dvar": 0.00833190325648,
        "dvar2": 0.0207386035472,
        "max": 0.96193999052,
        "mean": 0.548869967461,
        "median": 0.548973143101,
        "min": 0.0587094202638,
        "var": 0.0199731625617
    },
    "silence_rate_20dB": {
        "dmean": 0,
        "dmean2": 0,
        "dvar": 0,
        "dvar2": 0,
        "max": 1,
        "mean": 1,
        "median": 1,
        "min": 1,
        "var": 0
    },
    "silence_rate_30dB": {
        "dmean": 0,
        "dmean2": 0,
        "dvar": 0,
        "dvar2": 0,
        "max": 1,
        "mean": 1,
        "median": 1,
        "min": 1,
        "var": 0
    },
    "silence_rate_60dB": {
        "dmean": 0.00456261821091,
        "dmean2": 0.00912595354021,
        "dvar": 0.00454118894413,
        "dvar2": 0.0109303668141,
        "max": 1,
        "mean": 0.0445213578641,
        "median": 0,
        "min": 0,
        "var": 0.0425404123962
    },
    "spectral_centroid": {
        "dmean": 322.547180176,
        "dmean2": 491.835266113,
        "dvar": 154492.625,
        "dvar2": 313577.65625,
        "max": 11701.2900391,
        "mean": 2172.41699219,
        "median": 2273.35131836,
        "min": 157.134338379,
        "var": 1307592.875
    },
    "spectral_complexity": {
        "dmean": 4.3502202034,
        "dmean2": 6.32884883881,
        "dvar": 22.1151428223,
        "dvar2": 36.9852867126,
        "max": 62,
        "mean": 21.6741123199,
        "median": 21,
        "min": 0,
        "var": 145.836990356
    },
    "spectral_decrease": {
        "dmean": 1.15045861726e-09,
        "dmean2": 1.70935499089e-09,
        "dvar": 2.81726053389e-18,
        "dvar2": 5.94751297668e-18,
        "max": 2.33794726703e-28,
        "mean": -5.22694953986e-09,
        "median": -5.04677055702e-09,
        "min": -1.79232095832e-08,
        "var": 9.99635197125e-18
    },
    "spectral_energy": {
        "dmean": 0.00436922209337,
        "dmean2": 0.00633219629526,
        "dvar": 3.88754306186e-05,
        "dvar2": 8.06059833849e-05,
        "max": 0.0691689178348,
        "mean": 0.0231869090348,
        "median": 0.0252175275236,
        "min": 9.97290790201e-21,
        "var": 0.000172376749106
    },
    "spectral_energyband_high": {
        "dmean": 0.00109086255543,
        "dmean2": 0.00144805002492,
        "dvar": 3.77195920009e-06,
        "dvar2": 6.56776956021e-06,
        "max": 0.021342985332,
        "mean": 0.00326962093823,
        "median": 0.00258222152479,
        "min": 6.86977295355e-21,
        "var": 1.36315211421e-05
    },
    "spectral_energyband_low": {
        "dmean": 0.00306922453456,
        "dmean2": 0.00414691632614,
        "dvar": 3.35416552844e-05,
        "dvar2": 5.14465791639e-05,
        "max": 0.0652395263314,
        "mean": 0.0097038783133,
        "median": 0.00668374542147,
        "min": 1.98816140626e-23,
        "var": 0.000114908863907
    },
    "spectral_energyband_middle_high": {
        "dmean": 0.00173703464679,
        "dmean2": 0.0027523143217,
        "dvar": 4.02583327741e-06,
        "dvar2": 1.00225615824e-05,
        "max": 0.0406487956643,
        "mean": 0.00537227839231,
        "median": 0.00527824973688,
        "min": 1.21705904744e-21,
        "var": 1.63365075423e-05
    },
    "spectral_energyband_middle_low": {
        "dmean": 0.00338501529768,
        "dmean2": 0.00573623133823,
        "dvar": 4.71211096738e-05,
        "dvar2": 0.000126477476442,
        "max": 0.0510803684592,
        "mean": 0.00538166565821,
        "median": 0.00388415716588,
        "min": 1.60313562715e-22,
        "var": 4.06076833315e-05
    },
    "spectral_entropy": {
        "dmean": 0.109692417085,
        "dmean2": 0.165262281895,
        "dvar": 0.0165127385408,
        "dvar2": 0.0332200415432,
        "max": 9.82087516785,
        "mean": 8.08497714996,
        "median": 8.18424129486,
        "min": 4.75843906403,
        "var": 0.161401748657
    },
    "spectral_flux": {
        "dmean": 0.020264942199,
        "dmean2": 0.0327008888125,
        "dvar": 0.00082371768076,
        "dvar2": 0.00177070428617,
        "max": 0.291501671076,
        "mean": 0.0789362192154,
        "median": 0.0722948685288,
        "min": 6.27829108146e-11,
        "var": 0.00194869400002
    },
    "spectral_kurtosis": {
        "dmean": 0.805904388428,
        "dmean2": 1.31026029587,
        "dvar": 3.68796920776,
        "dvar2": 10.2909698486,
        "max": 127.749816895,
        "mean": 2.61348032951,
        "median": 2.21118879318,
        "min": -1.26263320446,
        "var": 5.68816041946
    },
    "spectral_rms": {
        "dmean": 0.000434173067333,
        "dmean2": 0.00062829075614,
        "dvar": 3.27385833998e-07,
        "dvar2": 6.65959362323e-07,
        "max": 0.00821473542601,
        "mean": 0.00449915789068,
        "median": 0.00496008712798,
        "min": 3.11924119346e-12,
        "var": 2.37895733335e-06
    },
    "spectral_rolloff": {
        "dmean": 1018.62371826,
        "dmean2": 1607.73486328,
        "dvar": 2567732.25,
        "dvar2": 5522307,
        "max": 19552.1484375,
        "mean": 3435.80371094,
        "median": 2562.45117188,
        "min": 64.599609375,
        "var": 9593236
    },
    "spectral_skewness": {
        "dmean": 0.151357993484,
        "dmean2": 0.238684922457,
        "dvar": 0.0380375869572,
        "dvar2": 0.0912915989757,
        "max": 10.416844368,
        "mean": 1.28747320175,
        "median": 1.23402070999,
        "min": -0.0841710567474,
        "var": 0.157712966204
    },
    "spectral_spread": {
        "dmean": 672487.4375,
        "dmean2": 971979.875,
        "dvar": 809102540800,
        "dvar2": 1.38527768576e+12,
        "max": 42171116,
        "mean": 6598827.5,
        "median": 6281973,
        "min": 1538098.375,
        "var": 1.22449842668e+13
    },
    "spectral_strongpeak": {
        "dmean": 0.360734432936,
        "dmean2": 0.624926269054,
        "dvar": 0.495716154575,
        "dvar2": 1.30150556564,
        "max": 10.3561182022,
        "mean": 0.609200716019,
        "median": 0.285339534283,
        "min": 0,
        "var": 0.791213035583
    },
    "zerocrossingrate": {
        "dmean": 0.0184539351612,
        "dmean2": 0.0208484679461,
        "dvar": 0.000503273797221,
        "dvar2": 0.00059667165624,
        "max": 0.814453125,
        "mean": 0.112718649209,
        "median": 0.1015625,
        "min": 0.00244140625,
        "var": 0.00531925261021
    },
    "barkbands": {
        "dmean": [0.000262589805061, 0.002995606279, 0.000629984308034, 0.000594614946749, 0.0018648209516, 0.000512189639267, 0.00034244931885, 0.000386788393371, 0.000485949567519, 0.000534232298378, 0.000485307420604, 0.000414403912146, 0.000272505945759, 0.000409325788496, 0.000348058558302, 0.000168954473338, 0.000268533302005, 0.000236393752857, 0.000262390793068, 0.000228703022003, 0.000259439955698, 0.000285849033389, 0.0002426252031, 0.000156800684636, 0.000142169985338, 0.000147815080709, 5.63231624255e-05],
        "dmean2": [0.000423661986133, 0.00425393087789, 0.00111140066292, 0.00105957011692, 0.00322976056486, 0.000847550400067, 0.000584570865612, 0.000593961798586, 0.000809171062429, 0.000880309380591, 0.000793484505266, 0.00068816851126, 0.000452039908851, 0.0006704950938, 0.000562194501981, 0.000271334021818, 0.000455538247479, 0.000381996971555, 0.000394754228182, 0.000334900454618, 0.000399276410462, 0.000372036971385, 0.00034019141458, 0.000236301493715, 0.000223173410632, 0.00023517102818, 8.89403236215e-05],
        "dvar": [2.9157604331e-07, 4.22077173425e-05, 5.62693367101e-06, 3.68298128706e-06, 3.55068004865e-05, 6.23509492925e-07, 4.04397184184e-07, 7.68066740875e-07, 7.63413879667e-07, 1.38142263495e-06, 9.61413434197e-07, 5.90144850321e-07, 3.23504224298e-07, 8.17687066501e-07, 3.44678483089e-07, 9.48259568645e-08, 1.51379254021e-07, 1.19931442555e-07, 2.21045496573e-07, 1.95355809751e-07, 2.4307178137e-07, 2.95722884402e-07, 1.67167115706e-07, 6.2824760505e-08, 7.59717622145e-08, 1.69637914382e-07, 1.7585399803e-08],
        "dvar2": [6.82290306031e-07, 7.44733260944e-05, 1.61208063219e-05, 1.08246031232e-05, 9.71067274804e-05, 1.63217464433e-06, 1.06442860215e-06, 1.46586353367e-06, 1.986838015e-06, 3.61182696906e-06, 2.43069985117e-06, 1.54565555022e-06, 8.22928370781e-07, 1.97797680812e-06, 8.79248148067e-07, 2.06886980436e-07, 4.32827931718e-07, 3.00097156014e-07, 4.66878333327e-07, 3.87367038002e-07, 5.16266425166e-07, 4.8228042715e-07, 2.76964499335e-07, 1.40891302181e-07, 1.78857163746e-07, 4.47284463689e-07, 4.58815456739e-08],
        "max": [0.00883673597127, 0.0644136369228, 0.0240743421018, 0.0202192142606, 0.0481347925961, 0.0098862266168, 0.0107387593016, 0.0260561965406, 0.0142615363002, 0.0223083067685, 0.0175279900432, 0.0156113915145, 0.0149418227375, 0.0353278964758, 0.0183280985802, 0.0178761593997, 0.00582917081192, 0.00511977868155, 0.00529879704118, 0.00492126774043, 0.00546176172793, 0.00654970342293, 0.00464641442522, 0.00322246016003, 0.00381505046971, 0.00764775462449, 0.00216035381891],
        "mean": [0.000638037512545, 0.00804174132645, 0.000709917163476, 0.000655392825138, 0.00178986811079, 0.000742885109503, 0.000443631026428, 0.000630897586234, 0.000659059267491, 0.000725920195691, 0.000704388541635, 0.000609667273238, 0.000403557205573, 0.000641679216642, 0.000606165151112, 0.000315731682349, 0.000453104788903, 0.000467134843348, 0.000476964283735, 0.000444751523901, 0.000537902873475, 0.000607410154771, 0.000607073539868, 0.000429432577221, 0.000407005485613, 0.00034520868212, 9.23747866182e-05],
        "median": [0.000210498561501, 0.00445894431323, 0.000189878337551, 0.00025683970307, 0.000509102304932, 0.000403340090998, 0.00020336198213, 0.000173591964995, 0.000250640267041, 0.000221811555093, 0.000214410654735, 0.000267669092864, 0.000173935331986, 0.000252749305218, 0.000353716866812, 0.000199021233129, 0.000284690555418, 0.00029501892277, 0.000289374904241, 0.000235645769862, 0.00030063779559, 0.000375044008251, 0.000422420911491, 0.000366877211491, 0.000329906877596, 0.000247738789767, 3.12905503961e-05],
        "min": [6.17040196139e-25, 1.25717764794e-24, 1.28370072929e-24, 5.44552063381e-25, 6.96232068869e-24, 4.90426186749e-24, 8.81487611649e-24, 5.14887540685e-24, 1.23389063179e-23, 1.83490640053e-23, 1.45276024771e-23, 2.90690762844e-23, 3.02672203154e-23, 2.62480670888e-23, 5.05669622122e-23, 5.78714166086e-23, 7.00699640611e-23, 9.60332570963e-23, 8.76090051786e-23, 1.9240279613e-22, 2.67100577982e-22, 2.95616725881e-22, 3.72927265537e-22, 4.90359775705e-22, 8.61046449079e-22, 1.24043810788e-21, 1.92891430459e-21],
        "var": [8.73006229085e-07, 9.92602945189e-05, 3.56588839168e-06, 2.31901412917e-06, 2.58982836385e-05, 9.1136064384e-07, 5.12909252848e-07, 2.75447837339e-06, 1.24044777294e-06, 2.27580471801e-06, 1.79386631771e-06, 1.00951069726e-06, 5.29889234713e-07, 1.87925024875e-06, 6.83771077092e-07, 2.56455848557e-07, 2.7148018944e-07, 2.8287527698e-07, 4.65035043362e-07, 5.00644091517e-07, 6.32223418506e-07, 8.53066694617e-07, 5.93431252582e-07, 1.82918455494e-07, 2.02535829885e-07, 2.24906031576e-07, 2.30122214617e-08]
    },
    "erbbands": {
        "dmean": [0.12565292418, 0.565614044666, 0.627179265022, 1.52148127556, 2.52890253067, 9.01397323608, 5.26875972748, 4.51677656174, 5.1311044693, 6.30360841751, 8.06109809875, 11.5179014206, 19.1709442139, 15.0377292633, 15.0818691254, 18.1670513153, 12.5365600586, 21.279838562, 16.1617984772, 13.8352451324, 9.78991508484, 12.8737611771, 12.2064390182, 14.6361751556, 12.2722711563, 10.7731151581, 12.483455658, 9.06620979309, 10.1350278854, 9.05269241333, 6.82666158676, 3.69958877563, 2.53511190414, 1.59655380249, 1.18809223175, 0.692099094391, 0.265142470598, 0.0787009373307, 0.0093319453299, 0.000135603506351],
        "dmean2": [0.167970091105, 0.81802457571, 1.00524246693, 2.72172498703, 4.28774833679, 15.9685230255, 9.12219142914, 7.46840286255, 8.58845043182, 10.0010442734, 12.7432012558, 19.0318565369, 31.3483352661, 24.9295215607, 24.6842556, 30.0007648468, 20.628911972, 34.7444076538, 25.9258918762, 22.3383731842, 15.9962940216, 21.6768379211, 19.7248668671, 23.7435359955, 17.4171714783, 16.0495567322, 20.0038013458, 12.8857192993, 13.8757266998, 11.5975418091, 9.98998737335, 5.44515705109, 3.99523687363, 2.57174682617, 1.87574660778, 1.10125827789, 0.420783936977, 0.124346412718, 0.014767376706, 0.00021192348504],
        "dvar": [0.053731109947, 2.07844591141, 4.31811332703, 28.8937797546, 29.5846328735, 1073.03771973, 206.651077271, 48.3343658447, 72.2120742798, 209.037322998, 353.718933105, 546.143493652, 1996.484375, 1285.91540527, 869.880432129, 1243.69812012, 620.479797363, 2062.27539062, 718.165039062, 495.096221924, 191.884872437, 355.131835938, 300.501495361, 626.381469727, 548.130737305, 455.645019531, 674.831420898, 261.156158447, 365.997589111, 238.355255127, 141.564086914, 31.7596149445, 15.8918380737, 7.43553352356, 6.74426174164, 3.63395810127, 0.42490836978, 0.0345930233598, 0.000467820878839, 9.82841044106e-08],
        "dvar2": [0.086618706584, 3.93284201622, 11.3592605591, 84.3770751953, 77.98487854, 2994.98974609, 569.569763184, 123.614204407, 182.045806885, 440.109558105, 723.388061523, 1448.67724609, 5152.30957031, 3375.24023438, 2208.12231445, 3271.56982422, 1572.77905273, 4971.27832031, 1763.15283203, 1278.87658691, 472.862945557, 1017.14373779, 768.207214355, 1651.66064453, 944.65234375, 1027.79870605, 1561.53710938, 401.87008667, 572.765625, 306.768463135, 282.821594238, 67.2854003906, 37.2883415222, 18.0268955231, 16.3212871552, 9.63595962524, 1.0951308012, 0.0897397324443, 0.00122450839262, 2.55210693467e-07],
        "max": [2.40747475624, 14.6095991135, 22.0131454468, 57.5048522949, 58.3772392273, 267.247070312, 109.510543823, 90.8203887939, 181.016220093, 501.306854248, 660.761169434, 411.979705811, 898.914245605, 691.119445801, 915.378845215, 647.619140625, 698.445556641, 1785.7565918, 603.845336914, 693.629211426, 532.400878906, 307.471313477, 301.01852417, 332.647155762, 280.530487061, 233.795700073, 281.999023438, 203.253097534, 233.139328003, 197.155395508, 137.940536499, 67.1245803833, 59.8315505981, 39.9956016541, 38.7633247375, 37.8252944946, 12.5151081085, 3.2757358551, 0.357710838318, 0.00545075675473],
        "mean": [0.367583483458, 1.26372170448, 0.889995396137, 1.73075330257, 3.08733534813, 7.92312669754, 5.48178529739, 6.42948532104, 7.05504226685, 9.6921043396, 13.102596283, 16.1962165833, 26.5034656525, 22.1605548859, 23.5875892639, 27.5319080353, 20.7461547852, 34.7466621399, 29.435344696, 26.4400081635, 20.1096916199, 23.7778701782, 24.3955059052, 25.826385498, 22.8880405426, 20.6009044647, 23.2843799591, 20.3717346191, 21.5216197968, 21.3654384613, 16.0112495422, 9.56650447845, 6.84436988831, 4.35961914062, 2.94380879402, 1.58109951019, 0.638854026794, 0.164211675525, 0.0149454055354, 0.000278339750366],
        "median": [0.204352766275, 0.686999380589, 0.415655106306, 0.744624972343, 1.19452250004, 1.74035584927, 2.29912614822, 3.38143634796, 3.45456910133, 3.02638077736, 4.35575580597, 6.16001749039, 8.04114055634, 8.03029441833, 10.3782758713, 12.061674118, 10.8902025223, 15.6628427505, 17.6353302002, 17.731546402, 14.7798948288, 16.5273036957, 16.3108711243, 15.1162509918, 13.1010475159, 11.1320009232, 12.193983078, 12.1366462708, 12.8429861069, 14.2379188538, 11.2375116348, 7.60354375839, 6.12073373795, 3.76643967628, 2.16622114182, 1.06846809387, 0.480189263821, 0.0997593775392, 0.00508998334408, 0.000157053727889],
        "min": [9.58316999796e-23, 2.95428257544e-22, 2.00393570874e-21, 5.40758622192e-21, 1.29907697382e-20, 1.71968409813e-20, 3.89761397716e-20, 3.97478766649e-20, 7.58584269188e-20, 1.88452539377e-19, 2.94180348355e-19, 2.25310246982e-19, 6.73892309422e-19, 7.63945911747e-19, 1.0067036209e-18, 1.47929454892e-18, 1.42517584375e-18, 1.99182465204e-18, 2.2030690029e-18, 3.16183233742e-18, 4.20744177804e-18, 4.45074496111e-18, 4.97133438834e-18, 4.52756398382e-18, 7.41325634261e-18, 9.06864161731e-18, 1.06843718535e-17, 8.97276476687e-18, 1.16826506398e-17, 1.07270899418e-17, 1.16864962025e-17, 1.1037390205e-17, 9.40386235081e-18, 7.86210687686e-18, 6.8963904689e-18, 4.20467568607e-18, 2.01188833139e-18, 9.81000534324e-19, 2.3840658403e-19, 2.65100917319e-20],
        "var": [0.170688018203, 3.75673818588, 3.70633411407, 17.4540023804, 29.9386806488, 750.21105957, 145.316680908, 73.9272613525, 115.233970642, 592.065002441, 1122.0045166, 856.642822266, 3336.4699707, 2345.16674805, 1617.5703125, 2160.31298828, 1101.7532959, 4916.16943359, 1556.88244629, 1053.99658203, 497.765777588, 670.365539551, 707.529724121, 1195.10119629, 1273.02233887, 1077.05029297, 1409.09130859, 842.971679688, 1082.96911621, 878.63684082, 412.217773438, 97.8096160889, 44.9798583984, 20.2496261597, 13.4872150421, 4.87682676315, 0.668195903301, 0.0504486262798, 0.000601906271186, 1.40072828003e-07]
    },
    "gfcc": {
        "mean": [14.4530658722, 30.0144958496, -107.703620911, 27.2551670074, -54.6423110962, 23.7426948547, -32.9799728394, 9.90036010742, -19.4258708954, 7.10473966599, -14.9415311813, 8.18758487701, -10.613781929],
        "cov": [[19455.2734375, -1818.93847656, 998.06036377, 760.608337402, 38.9336280823, 889.692871094, -63.9710502625, 896.581787109, -162.45614624, 470.073028564, -245.914916992, 386.200805664, -254.54246521], [-1818.93847656, 3080.48266602, -96.7829589844, 298.87298584, -28.9934368134, 88.3730163574, -65.5517807007, -196.255783081, 220.914031982, -151.33984375, 320.272949219, -225.036697388, 5.32506942749], [998.06036377, -96.7829589844, 2215.70361328, 354.7394104, 411.173095703, 391.100036621, 198.296630859, 371.325866699, 43.4805831909, 300.552001953, -109.790855408, 161.958114624, -26.5719890594], [760.608337402, 298.87298584, 354.7394104, 523.202453613, 109.113563538, 141.69871521, 16.0322303772, 48.1253509521, 65.4012451172, 16.6833057404, 55.1945343018, -0.817298293114, 14.3866634369], [38.9336280823, -28.9934368134, 411.173095703, 109.113563538, 385.861938477, 191.856491089, 168.03125, 156.506958008, 101.146842957, 102.349708557, 23.8954524994, 61.4609260559, 23.6629734039], [889.692871094, 88.3730163574, 391.100036621, 141.69871521, 191.856491089, 358.327880859, 141.952697754, 203.951431274, 83.8948440552, 106.795303345, 34.3551139832, 42.1417884827, -7.56365537643], [-63.9710502625, -65.5517807007, 198.296630859, 16.0322303772, 168.03125, 141.952697754, 237.575958252, 163.994812012, 82.6264953613, 77.5253372192, 17.715763092, 63.6158905029, 33.2716369629], [896.581787109, -196.255783081, 371.325866699, 48.1253509521, 156.506958008, 203.951431274, 163.994812012, 283.653503418, 86.0608596802, 149.188674927, 1.8261320591, 91.9384231567, 3.52315378189], [-162.45614624, 220.914031982, 43.4805831909, 65.4012451172, 101.146842957, 83.8948440552, 82.6264953613, 86.0608596802, 151.533538818, 55.2956848145, 71.1679458618, -0.654465436935, 11.2563352585], [470.073028564, -151.33984375, 300.552001953, 16.6833057404, 102.349708557, 106.795303345, 77.5253372192, 149.188674927, 55.2956848145, 187.523147583, 2.42867994308, 68.5476303101, -2.27619791031], [-245.914916992, 320.272949219, -109.790855408, 55.1945343018, 23.8954524994, 34.3551139832, 17.715763092, 1.8261320591, 71.1679458618, 2.42867994308, 136.253738403, -0.235071539879, 8.78991031647], [386.200805664, -225.036697388, 161.958114624, -0.817298293114, 61.4609260559, 42.1417884827, 63.6158905029, 91.9384231567, -0.654465436935, 68.5476303101, -0.235071539879, 111.153289795, 33.6197814941], [-254.54246521, 5.32506942749, -26.5719890594, 14.3866634369, 23.6629734039, -7.56365537643, 33.2716369629, 3.52315378189, 11.2563352585, -2.27619791031, 8.78991031647, 33.6197814941, 73.8642120361]],
        "icov": [[9.89780164673e-05, 6.13328802501e-06, 8.95526536624e-05, -0.000194338601432, 6.7952554673e-05, -0.00020807654073, 0.000276535167359, -0.000355402095011, 0.00014841122902, -1.85062344826e-05, 0.000221535403398, -0.000391135719838, 0.000388502550777], [6.13328802501e-06, 0.000641375256237, -0.000229677607422, -1.8220183847e-05, 0.000247485935688, -0.000277170591289, 2.34893104789e-05, 0.000420401745941, -0.00054812344024, 0.000284488836769, -0.00133848446421, 0.00119969062507, -0.000536946870852], [8.95526536624e-05, -0.000229677607422, 0.00105534039903, -0.000709611165803, -0.000545197108295, -0.000356893317075, 0.000307780312141, -0.000693005509675, 0.000708280131221, -0.000854088866618, 0.0015633123694, -0.00129764492158, 0.00114589533769], [-0.000194338601432, -1.8220183847e-05, -0.000709611165803, 0.0030917415861, -0.000307700451231, -0.000464426120743, 0.000408370775403, 0.000794289866462, -0.0010318455752, 0.000823728216346, -0.00137586821802, 0.00120833539404, -0.00190029363148], [6.7952554673e-05, 0.000247485935688, -0.000545197108295, -0.000307700451231, 0.00514833070338, -0.00148897687905, -0.00184425956104, 0.00103775097523, -0.00216785655357, -0.000132130400743, 7.17248476576e-05, -0.000893798423931, -0.000215836320422], [-0.00020807654073, -0.000277170591289, -0.000356893317075, -0.000464426120743, -0.00148897687905, 0.00687871174887, -0.00150914723054, -0.00337584177032, 0.00131343235262, -0.000223950148211, -0.00173733348493, 0.00267033162527, 7.14539783075e-05], [0.000276535167359, 2.34893104789e-05, 0.000307780312141, 0.000408370775403, -0.00184425956104, -0.00150914723054, 0.0103845177218, -0.00474847946316, -0.00170299934689, 0.00136553624179, 0.00092839502031, -0.00205639796332, -0.00190529739484], [-0.000355402095011, 0.000420401745941, -0.000693005509675, 0.000794289866462, 0.00103775097523, -0.00337584177032, -0.00474847946316, 0.0151390219107, -0.0057087582536, -0.00305294594727, 0.00148492772132, -0.00469335913658, 0.00181502266787], [0.00014841122902, -0.00054812344024, 0.000708280131221, -0.0010318455752, -0.00216785655357, 0.00131343235262, -0.00170299934689, -0.0057087582536, 0.0168337747455, -0.0035194652155, -0.00568824680522, 0.00663807196543, -0.00214313925244], [-1.85062344826e-05, 0.000284488836769, -0.000854088866618, 0.000823728216346, -0.000132130400743, -0.000223950148211, 0.00136553624179, -0.00305294594727, -0.0035194652155, 0.0113998297602, -0.000257076811977, -0.00374996219762, 0.00162299349904], [0.000221535403398, -0.00133848446421, 0.0015633123694, -0.00137586821802, 7.17248476576e-05, -0.00173733348493, 0.00092839502031, 0.00148492772132, -0.00568824680522, -0.000257076811977, 0.0157203562558, -0.00782337877899, 0.00354944448918], [-0.000391135719838, 0.00119969062507, -0.00129764492158, 0.00120833539404, -0.000893798423931, 0.00267033162527, -0.00205639796332, -0.00469335913658, 0.00663807196543, -0.00374996219762, -0.00782337877899, 0.0252203624696, -0.0121019873768], [0.000388502550777, -0.000536946870852, 0.00114589533769, -0.00190029363148, -0.000215836320422, 7.14539783075e-05, -0.00190529739484, 0.00181502266787, -0.00214313925244, 0.00162299349904, 0.00354944448918, -0.0121019873768, 0.022008869797]]
    },
    "melbands": {
        "dmean": [0.000960451900028, 0.000396158342483, 0.000268816947937, 0.000397535884986, 0.000253710371908, 0.000100778182968, 7.56011722842e-05, 7.29230087018e-05, 6.59139550407e-05, 7.72140920162e-05, 9.4964132586e-05, 5.75449521421e-05, 5.21220754308e-05, 4.58807080577e-05, 3.50454902218e-05, 3.25348919432e-05, 4.53899556305e-05, 2.65085018327e-05, 2.58695490629e-05, 1.53891760419e-05, 1.29670661408e-05, 1.5906029148e-05, 1.29817290144e-05, 1.00570878203e-05, 1.28794808916e-05, 1.07877949631e-05, 7.51575680624e-06, 7.56831923354e-06, 7.86763757787e-06, 8.00564339443e-06, 5.47646504856e-06, 6.51798336548e-06, 5.87751219427e-06, 5.43366195416e-06, 4.57036685475e-06, 3.00073861581e-06, 2.28706630878e-06, 2.10068515116e-06, 1.55944849212e-06, 1.40696727158e-06],
        "dmean2": [0.00133337534498, 0.00053886580281, 0.00047448524856, 0.00068224943243, 0.000446470017778, 0.000166398313013, 0.000126954488223, 0.000114136884804, 0.000104737999209, 0.000128168569063, 0.000155406494741, 9.57076190389e-05, 8.57382474351e-05, 7.6357886428e-05, 5.81798740313e-05, 5.3642444982e-05, 7.44696953916e-05, 4.28912608186e-05, 4.19436873926e-05, 2.46875752055e-05, 2.14498359128e-05, 2.70296695817e-05, 2.1295298211e-05, 1.63028435054e-05, 2.12233189814e-05, 1.55891757458e-05, 1.06218058136e-05, 1.15968605314e-05, 1.30441985675e-05, 1.22707870105e-05, 7.5722659858e-06, 9.25847052713e-06, 8.15398652776e-06, 7.15504756954e-06, 6.88308637109e-06, 4.35336141891e-06, 3.47679110746e-06, 3.34608239427e-06, 2.55832196672e-06, 2.2737940526e-06],
        "dvar": [3.69331974071e-06, 1.02310855254e-06, 7.67832318616e-07, 1.45681781305e-06, 6.67517326747e-07, 2.27808722997e-08, 1.67171698706e-08, 2.82609384783e-08, 2.34051178438e-08, 2.44565487861e-08, 4.97099783558e-08, 1.8596148621e-08, 9.12841269241e-09, 6.18755580106e-09, 5.80835290975e-09, 5.35223687592e-09, 1.07591473508e-08, 2.19979057192e-09, 2.66256927617e-09, 8.97551921675e-10, 3.69962505076e-10, 5.31135913029e-10, 3.48937462258e-10, 2.59581134365e-10, 4.87886397949e-10, 4.17137657749e-10, 1.9245639804e-10, 2.21982862647e-10, 2.89555268651e-10, 2.54760379459e-10, 8.42259179068e-11, 1.44068368346e-10, 1.36791633576e-10, 7.7878578586e-11, 6.30385119105e-11, 2.04312868707e-11, 1.2149085557e-11, 1.06048572701e-11, 7.22891278088e-12, 5.28045706119e-12],
        "dvar2": [6.24097947366e-06, 2.00041517928e-06, 2.22010044126e-06, 3.94831477024e-06, 1.86409567959e-06, 5.79207757312e-08, 4.26616324489e-08, 5.64420119531e-08, 4.94782561589e-08, 6.47774314189e-08, 1.28541969957e-07, 4.90767000372e-08, 2.32235546349e-08, 1.63374043183e-08, 1.52504160411e-08, 1.36551330243e-08, 2.58879033765e-08, 5.48690382018e-09, 7.07424474555e-09, 1.95707228201e-09, 9.67222080206e-10, 1.5316389268e-09, 9.15955089553e-10, 6.62864152456e-10, 1.31526667335e-09, 8.06295641365e-10, 3.20418025446e-10, 5.3521093113e-10, 6.92096657762e-10, 5.93408600036e-10, 1.43532408181e-10, 2.57525140102e-10, 2.72407624236e-10, 1.08619023498e-10, 1.33709404659e-10, 4.07872381702e-11, 2.82945507302e-11, 2.51913004345e-11, 1.80441304259e-11, 1.31047143623e-11],
        "max": [0.0195176433772, 0.0118615170941, 0.00931125320494, 0.00969038158655, 0.00640066666529, 0.0023055288475, 0.00243702833541, 0.00612561684102, 0.00497450632975, 0.00279370858334, 0.00443295855075, 0.0025785593316, 0.00252614798956, 0.00179903209209, 0.00263088266365, 0.00192432268523, 0.00409913947806, 0.000962292193435, 0.00197433796711, 0.00169161788654, 0.000377564108931, 0.00032546222792, 0.000311131734634, 0.000198284120415, 0.000290212337859, 0.00021968279907, 0.000181258859811, 0.000161698582815, 0.000169861479662, 0.000168104597833, 0.000126509723486, 0.000146472943015, 0.000151802712935, 0.000114157162898, 9.1680449259e-05, 5.58112697036e-05, 5.24027636857e-05, 4.67000863864e-05, 3.88242297049e-05, 3.72951581085e-05],
        "mean": [0.0026904696133, 0.000842452165671, 0.00032641144935, 0.000395466340706, 0.000240873385337, 0.000147466751514, 0.000103453501652, 0.000113191032142, 0.000103818907519, 0.000105500439531, 0.000128225176013, 8.20755813038e-05, 7.79834081186e-05, 7.09436717443e-05, 5.23315466125e-05, 4.71386738354e-05, 6.89131338731e-05, 4.43502249254e-05, 4.41486627096e-05, 2.78398729279e-05, 2.37193689827e-05, 2.67562700174e-05, 2.25920994126e-05, 1.96190285351e-05, 2.10247853829e-05, 1.77982037712e-05, 1.41267710205e-05, 1.35546451929e-05, 1.39306966958e-05, 1.39768517329e-05, 1.13102032628e-05, 1.25906371977e-05, 1.1245458154e-05, 1.24018552015e-05, 9.99592612061e-06, 6.77648813507e-06, 5.47891932001e-06, 4.96825305163e-06, 4.04558932132e-06, 3.5351652059e-06],
        "median": [0.00149128306657, 0.000535225728527, 0.000151539512444, 0.000112231879029, 8.74121542438e-05, 7.93958679424e-05, 4.91455430165e-05, 3.19243008562e-05, 3.30002585542e-05, 3.74870105588e-05, 3.3937565604e-05, 2.57306237472e-05, 2.85114274448e-05, 3.26673907693e-05, 2.36113774008e-05, 1.8052824089e-05, 2.44805032708e-05, 2.43548565777e-05, 2.4514627512e-05, 1.61428852152e-05, 1.56065034389e-05, 1.64890298038e-05, 1.4752136849e-05, 1.25295937323e-05, 1.11327208288e-05, 9.04217358766e-06, 7.12763358024e-06, 6.81907158651e-06, 6.93572656019e-06, 7.3367314144e-06, 6.52398284728e-06, 7.05470711182e-06, 6.59980878481e-06, 8.05741819931e-06, 6.63285027258e-06, 4.81101869809e-06, 4.27561462857e-06, 4.32947808804e-06, 3.47961849911e-06, 2.99853763863e-06],
        "min": [1.44287333566e-24, 8.42920655587e-25, 1.35179145554e-24, 1.10101070023e-24, 1.51732977498e-24, 8.23243950117e-25, 1.29738440916e-24, 1.56081947947e-24, 2.19970727699e-24, 1.39524615433e-24, 2.48655149884e-24, 2.50404922258e-24, 2.92979784755e-24, 1.95370317306e-24, 2.45024871163e-24, 2.79190298917e-24, 2.37329414703e-24, 2.18623846311e-24, 3.27417527294e-24, 3.3599964369e-24, 3.96431201081e-24, 3.88144808918e-24, 4.57547213637e-24, 3.88404383599e-24, 2.79266207058e-24, 4.39086409062e-24, 4.58978167876e-24, 4.63152780344e-24, 5.83733246264e-24, 5.87727722344e-24, 4.52760918424e-24, 4.78271891238e-24, 5.5015080644e-24, 5.07585804704e-24, 6.17294426287e-24, 5.95081996462e-24, 5.731283919e-24, 5.52587203346e-24, 5.504898983e-24, 5.82722557672e-24],
        "var": [9.94120091491e-06, 1.77640981747e-06, 5.03896160353e-07, 1.11908934741e-06, 4.44930293497e-07, 3.73646926732e-08, 2.52936445122e-08, 8.94228548987e-08, 6.86386982807e-08, 3.82913185604e-08, 8.28798363273e-08, 3.38807772948e-08, 1.70190919135e-08, 1.16447935739e-08, 8.56103810065e-09, 8.52886827829e-09, 2.47689069255e-08, 4.31813873547e-09, 4.76499639745e-09, 2.22974572139e-09, 7.66873342606e-10, 9.58556567454e-10, 6.59842736006e-10, 5.44178646589e-10, 8.57999837844e-10, 8.2041973215e-10, 5.22761334221e-10, 4.81159723176e-10, 5.45341105607e-10, 4.82580142513e-10, 2.63316840554e-10, 3.7520075935e-10, 3.21713239382e-10, 2.84324508382e-10, 1.71907946211e-10, 6.05154745759e-11, 3.21380977386e-11, 2.54453264015e-11, 1.7459381163e-11, 1.38393177126e-11]
    },
    "mfcc": {
        "mean": [-627.251525879, 69.4185562134, 4.6059088707, 11.1880645752, 4.76123714447, 12.4728136063, 0.0454362258315, 7.93755578995, 0.477401167154, 3.75909018517, 1.35473835468, 0.281411647797, -0.0531787313521],
        "cov": [[8412.96777344, -585.274047852, -68.9225845337, 322.948913574, 141.808258057, 87.3316574097, 193.700958252, 293.946380615, 202.77722168, 144.532546997, 137.623062134, 100.196014404, 101.051467896], [-585.274047852, 2112.27685547, 391.663085938, 116.176574707, 173.29119873, 157.396362305, -27.1166000366, 45.4531784058, -129.156829834, 115.037200928, 96.9703826904, 84.1342163086, 13.1803884506], [-68.9225845337, 391.663085938, 1166.82458496, 320.085235596, 260.747924805, 189.616195679, 168.467773438, 91.4322280884, 201.618148804, 72.6401519775, 96.1957473755, 84.8062820435, 78.4507980347], [322.948913574, 116.176574707, 320.085235596, 367.404785156, 150.595367432, 95.3585357666, 38.2382278442, 45.5482368469, 35.6198806763, 39.5786247253, 28.1187591553, 13.4331474304, 16.2669487], [141.808258057, 173.29119873, 260.747924805, 150.595367432, 269.236206055, 145.141265869, 95.061958313, 90.4441299438, 86.8350372314, 84.1520614624, 66.3380737305, 53.7292671204, 48.7158355713], [87.3316574097, 157.396362305, 189.616195679, 95.3585357666, 145.141265869, 173.017303467, 96.0348129272, 71.6908416748, 67.0545425415, 66.5536956787, 48.5635032654, 36.4812927246, 31.3720569611], [193.700958252, -27.1166000366, 168.467773438, 38.2382278442, 95.061958313, 96.0348129272, 187.882492065, 110.546333313, 139.262313843, 51.6125907898, 55.631855011, 65.860458374, 58.2121582031], [293.946380615, 45.4531784058, 91.4322280884, 45.5482368469, 90.4441299438, 71.6908416748, 110.546333313, 170.50328064, 93.241317749, 63.901386261, 49.4039726257, 50.7340545654, 48.2874107361], [202.77722168, -129.156829834, 201.618148804, 35.6198806763, 86.8350372314, 67.0545425415, 139.262313843, 93.241317749, 250.573913574, 68.2330322266, 64.6457061768, 74.5892333984, 66.6011505127], [144.532546997, 115.037200928, 72.6401519775, 39.5786247253, 84.1520614624, 66.5536956787, 51.6125907898, 63.901386261, 68.2330322266, 121.45892334, 75.343132019, 48.1105041504, 36.3094825745], [137.623062134, 96.9703826904, 96.1957473755, 28.1187591553, 66.3380737305, 48.5635032654, 55.631855011, 49.4039726257, 64.6457061768, 75.343132019, 110.005195618, 71.5877838135, 43.9497871399], [100.196014404, 84.1342163086, 84.8062820435, 13.4331474304, 53.7292671204, 36.4812927246, 65.860458374, 50.7340545654, 74.5892333984, 48.1105041504, 71.5877838135, 107.694648743, 69.5414276123], [101.051467896, 13.1803884506, 78.4507980347, 16.2669487, 48.7158355713, 31.3720569611, 58.2121582031, 48.2874107361, 66.6011505127, 36.3094825745, 43.9497871399, 69.5414276123, 97.7290725708]],
