{
"lowlevel": {
    "average_loudness": 0.930186867714,
    "barkbands_crest": {
        "dmean": 3.01672148705,
        "dmean2": 4.57785606384,
        "dvar": 10.4796895981,
        "dvar2": 23.7556400299,
        "max": 26.7215499878,
        "mean": 11.6035022736,
        "median": 11.3297166824,
        "min": 1.94023358822,
        "var": 30.6760864258
    },
    "barkbands_flatness_db": {
        "dmean": 0.0259539503604,
        "dmean2": 0.0376942493021,
        "dvar": 0.00113343866542,
        "dvar2": 0.00241691945121,
        "max": 0.593448996544,
        "mean": 0.114552356303,
        "median": 0.0946637988091,
        "min": 0.0164968371391,
        "var": 0.00510199600831
    },
    "barkbands_kurtosis": {
        "dmean": 5.17629098892,
        "dmean2": 7.90732717514,
        "dvar": 436.751342773,
        "dvar2": 911.320983887,
        "max": 574.3828125,
        "mean": 5.28276729584,
        "median": 0.585824489594,
        "min": -1.93141269684,
        "var": 584.674743652
    },
    "barkbands_skewness": {
        "dmean": 0.701474666595,
        "dmean2": 1.03313100338,
        "dvar": 1.49071824551,
        "dvar2": 3.21279764175,
        "max": 22.1848506927,
        "mean": 1.39356172085,
        "median": 1.07871747017,
        "min": -2.38291811943,
        "var": 3.05478429794
    },
    "barkbands_spread": {
        "dmean": 8.1597366333,
        "dmean2": 12.6537866592,
        "dvar": 113.057044983,
        "dvar2": 274.824768066,
        "max": 112.762886047,
        "mean": 34.9873542786,
        "median": 35.1117515564,
        "min": 0.0865561962128,
        "var": 376.987304688
    },
    "dissonance": {
        "dmean": 0.0160009600222,
        "dmean2": 0.0272922515869,
        "dvar": 0.000419781514211,
        "dvar2": 0.00117522536311,
        "max": 0.500000059605,
        "mean": 0.473450481892,
        "median": 0.481972873211,
        "min": 0.236341357231,
        "var": 0.000785193173215
    },
    "dynamic_complexity": 3.15865325928,
    "erbbands_crest": {
        "dmean": 2.71413183212,
        "dmean2": 4.36304187775,
        "dvar": 7.84685468674,
        "dvar2": 18.5216083527,
        "max": 32.4286422729,
        "mean": 9.03602409363,
        "median": 7.08283424377,
        "min": 2.18320846558,
        "var": 33.327091217
    },
    "erbbands_flatness_db": {
        "dmean": 0.0138533851132,
        "dmean2": 0.0211199037731,
        "dvar": 0.000224788091145,
        "dvar2": 0.000500386813655,
        "max": 0.456118643284,
        "mean": 0.133628427982,
        "median": 0.109859973192,
        "min": 0.0468212105334,
        "var": 0.00481254095212
    },
    "erbbands_kurtosis": {
        "dmean": 0.966239929199,
        "dmean2": 1.59104061127,
        "dvar": 3.62705254555,
        "dvar2": 9.73467350006,
        "max": 43.2329940796,
        "mean": 0.463120698929,
        "median": -0.368138790131,
        "min": -1.87464678288,
        "var": 7.50003290176
    },
    "erbbands_skewness": {
        "dmean": 0.378858566284,
        "dmean2": 0.584873259068,
        "dvar": 0.223703756928,
        "dvar2": 0.549651741982,
        "max": 5.14605808258,
        "mean": 0.256221234798,
        "median": 0.209289610386,
        "min": -3.72908782959,
        "var": 0.658865809441
    },
    "erbbands_spread": {
        "dmean": 9.86560153961,
        "dmean2": 15.0041151047,
        "dvar": 200.278656006,
        "dvar2": 454.921112061,
        "max": 175.998260498,
        "mean": 45.9443855286,
        "median": 44.9608001709,
        "min": 1.99621737003,
        "var": 541.405578613
    },
    "hfc": {
        "dmean": 13.9463005066,
        "dmean2": 21.1980018616,
        "dvar": 400.876312256,
        "dvar2": 1048.2388916,
        "max": 177.67565918,
        "mean": 48.5963745117,
        "median": 42.9741821289,
        "min": 1.10040525102e-16,
        "var": 1263.33251953
    },
    "melbands_crest": {
        "dmean": 3.75678825378,
        "dmean2": 5.9561123848,
        "dvar": 18.0791492462,
        "dvar2": 40.4745788574,
        "max": 39.6980781555,
        "mean": 16.552652359,
        "median": 16.4535980225,
        "min": 2.03508019447,
        "var": 50.6189727783
    },
    "melbands_flatness_db": {
        "dmean": 0.0341289378703,
        "dmean2": 0.0498897284269,
        "dvar": 0.00207578088157,
        "dvar2": 0.00457789562643,
        "max": 0.733902037144,
        "mean": 0.170717656612,
        "median": 0.15638756752,
        "min": 0.010698591359,
        "var": 0.00700209382921
    },
    "melbands_kurtosis": {
        "dmean": 19.9465446472,
        "dmean2": 28.5086135864,
        "dvar": 8844.87988281,
        "dvar2": 17499.4863281,
        "max": 4402.51855469,
        "mean": 25.7705860138,
        "median": 6.84789323807,
        "min": -1.85330879688,
        "var": 12523.8798828
    },
    "melbands_skewness": {
        "dmean": 1.12815606594,
        "dmean2": 1.59656608105,
        "dvar": 3.86856603622,
        "dvar2": 7.31252241135,
        "max": 56.5445404053,
        "mean": 3.03215837479,
        "median": 2.35436558723,
        "min": -2.34424090385,
        "var": 9.98109340668
    },
    "melbands_spread": {
        "dmean": 10.8833141327,
        "dmean2": 17.0802249908,
        "dvar": 237.470993042,
        "dvar2": 553.130493164,
        "max": 208.947738647,
        "mean": 32.3586540222,
        "median": 27.5730400085,
        "min": 0.0839063972235,
        "var": 512.991333008
    },
    "pitch_salience": {
        "dmean": 0.0906291306019,
        "dmean2": 0.139773622155,
        "dvar": 0.0103195216507,
        "dvar2": 0.0239625032991,
        "max": 0.977581441402,
        "mean": 0.49918961525,
        "median": 0.497304260731,
        "min": 0.0142007227987,
        "var": 0.0261509697884
    },
    "silence_rate_20dB": {
        "dmean": 0,
        "dmean2": 0,
        "dvar": 0,
        "dvar2": 0,
        "max": 1,
        "mean": 1,
        "median": 1,
        "min": 1,
        "var": 0
    },
    "silence_rate_30dB": {
        "dmean": 0.00428877770901,
        "dmean2": 0.00857843179256,
        "dvar": 0.00427065696567,
        "dvar2": 0.0119776846841,
        "max": 1,
        "mean": 0.997447431087,
        "median": 1,
        "min": 0,
        "var": 0.00254587689415
    },
    "silence_rate_60dB": {
        "dmean": 0.00490146037191,
        "dmean2": 0.00980392191559,
        "dvar": 0.00487737171352,
        "dvar2": 0.0105263581499,
        "max": 1,
        "mean": 0.0505411475897,
        "median": 0,
        "min": 0,
        "var": 0.0479877255857
    },
    "spectral_centroid": {
        "dmean": 329.495300293,
        "dmean2": 507.782623291,
        "dvar": 201176.421875,
        "dvar2": 440017.15625,
        "max": 10964.2470703,
        "mean": 1908.81933594,
        "median": 1971.96313477,
        "min": 95.826385498,
        "var": 570519.9375
    },
    "spectral_complexity": {
        "dmean": 5.56928396225,
        "dmean2": 8.24407672882,
        "dvar": 39.8729438782,
        "dvar2": 85.5777587891,
        "max": 62,
        "mean": 27.8457221985,
        "median": 29,
        "min": 0,
        "var": 229.143630981
    },
    "spectral_decrease": {
        "dmean": 2.34327934834e-09,
        "dmean2": 3.45624306952e-09,
        "dvar": 8.86296894826e-18,
        "dvar2": 1.79394514106e-17,
        "max": -1.53778524563e-28,
        "mean": -1.00053796359e-08,
        "median": -9.44907529998e-09,
        "min": -3.68616248636e-08,
        "var": 4.29515584476e-17
    },
    "spectral_energy": {
        "dmean": 0.00897917058319,
        "dmean2": 0.0130996424705,
        "dvar": 0.000118193383969,
        "dvar2": 0.000239461340243,
        "max": 0.141861483455,
        "mean": 0.042170420289,
        "median": 0.0421141386032,
        "min": 1.05613903623e-20,
        "var": 0.000687625724822
    },
    "spectral_energyband_high": {
        "dmean": 0.00134825415444,
        "dmean2": 0.00214015971869,
        "dvar": 4.47502998213e-06,
        "dvar2": 1.21141856653e-05,
        "max": 0.0194617789239,
        "mean": 0.0036872504279,
        "median": 0.00287369708531,
        "min": 7.70409203785e-21,
        "var": 1.14115100587e-05
    },
    "spectral_energyband_low": {
        "dmean": 0.00779410405084,
        "dmean2": 0.0116396211088,
        "dvar": 0.000155497691594,
        "dvar2": 0.000310833274852,
        "max": 0.133297532797,
        "mean": 0.0205103512853,
        "median": 0.0101132560521,
        "min": 5.79797997861e-23,
        "var": 0.00050756323617
    },
    "spectral_energyband_middle_high": {
        "dmean": 0.00304198102094,
        "dmean2": 0.00464418204501,
        "dvar": 1.44476553032e-05,
        "dvar2": 3.36330085702e-05,
        "max": 0.0489083491266,
        "mean": 0.00891484413296,
        "median": 0.00737698562443,
        "min": 1.69478644637e-21,
        "var": 5.63760804653e-05
    },
    "spectral_energyband_middle_low": {
        "dmean": 0.00503534963354,
        "dmean2": 0.00823361612856,
        "dvar": 0.000118549447507,
        "dvar2": 0.000307238224195,
        "max": 0.0862920060754,
        "mean": 0.0104145845398,
        "median": 0.00828975252807,
        "min": 3.00807708316e-22,
        "var": 0.000118343850772
    },
    "spectral_entropy": {
        "dmean": 0.163934364915,
        "dmean2": 0.251648873091,
        "dvar": 0.0643183961511,
        "dvar2": 0.166108742356,
        "max": 9.80268001556,
        "mean": 7.96401834488,
        "median": 8.13604259491,
        "min": 5.01726770401,
        "var": 0.291898876429
    },
    "spectral_flux": {
        "dmean": 0.0277945362031,
        "dmean2": 0.0406362973154,
        "dvar": 0.00106026639696,
        "dvar2": 0.00190364674199,
        "max": 0.379762977362,
        "mean": 0.10352063179,
        "median": 0.0918792486191,
        "min": 1.02768626942e-10,
        "var": 0.00397659186274
    },
    "spectral_kurtosis": {
        "dmean": 1.3626203537,
        "dmean2": 2.30586743355,
        "dvar": 13.8900184631,
        "dvar2": 40.4007415771,
        "max": 73.9388961792,
        "mean": 3.81481814384,
        "median": 2.21943283081,
        "min": -1.19655013084,
        "var": 40.6399383545
    },
    "spectral_rms": {
        "dmean": 0.000682621786837,
        "dmean2": 0.00098586443346,
        "dvar": 6.02570707997e-07,
        "dvar2": 1.13907321975e-06,
        "max": 0.0117644146085,
        "mean": 0.00596914999187,
        "median": 0.00640991143882,
        "min": 3.20995270295e-12,
        "var": 5.51111770619e-06
    },
    "spectral_rolloff": {
        "dmean": 1055.85534668,
        "dmean2": 1721.23937988,
        "dvar": 2521366.25,
        "dvar2": 5615207.5,
        "max": 17872.5585938,
        "mean": 2524.94091797,
        "median": 1765.72265625,
        "min": 43.06640625,
        "var": 5089638.5
    },
    "spectral_skewness": {
        "dmean": 0.183294788003,
        "dmean2": 0.301623821259,
        "dvar": 0.0829685330391,
        "dvar2": 0.229083091021,
        "max": 6.61886930466,
        "mean": 1.39155983925,
        "median": 1.25188910961,
        "min": -0.198505550623,
        "var": 0.397834897041
    },
    "spectral_spread": {
        "dmean": 515132.84375,
        "dmean2": 772896.4375,
        "dvar": 422682296320,
        "dvar2": 857853460480,
        "max": 41100248,
        "mean": 5992740,
        "median": 6274863,
        "min": 930219.8125,
        "var": 3.34442554982e+12
    },
    "spectral_strongpeak": {
        "dmean": 0.433552920818,
        "dmean2": 0.729476213455,
        "dvar": 0.579001128674,
        "dvar2": 1.42316925526,
        "max": 10.4859008789,
        "mean": 1.04865121841,
        "median": 0.598187446594,
        "min": 0,
        "var": 1.78191661835
    },
    "zerocrossingrate": {
        "dmean": 0.0174814965576,
        "dmean2": 0.0206780023873,
        "dvar": 0.000396524235839,
        "dvar2": 0.00052593863802,
        "max": 0.798828125,
        "mean": 0.0945568084717,
        "median": 0.0869140625,
        "min": 0.0009765625,
        "var": 0.00257516722195
    },
    "barkbands": {
        "dmean": [0.000227580501814, 0.00637652724981, 0.00283590797335, 0.00288147688843, 0.00133164320141, 0.000578243343625, 0.000722353288438, 0.000888546113856, 0.000549129443243, 0.000602838525083, 0.000925130327232, 0.00104746350553, 0.000484098447487, 0.000488010293338, 0.000432243716205, 0.000363843952073, 0.000274948426522, 0.000307301233988, 0.000283481844235, 0.000246076466283, 0.000307770009385, 0.000338238140102, 0.000279073923593, 0.000263393914793, 0.000213325314689, 0.000156515074195, 4.55723675259e-05],
        "dmean2": [0.000305163353914, 0.00933479238302, 0.00471284659579, 0.00502898683771, 0.00227402034216, 0.000874166784342, 0.00111438962631, 0.00137764913961, 0.000888922426384, 0.000966329302173, 0.00149645179044, 0.00170517747756, 0.000782719231211, 0.000825293012895, 0.00071637990186, 0.000578493694775, 0.000454027031083, 0.000497214903589, 0.000470876460895, 0.000403121637646, 0.000513199542183, 0.000582305365242, 0.000453269894933, 0.000424664787715, 0.000335948483553, 0.000242390029598, 7.45891666156e-05],
        "dvar": [4.83422752495e-07, 0.0001309197105, 6.64067265461e-05, 9.53191192821e-05, 1.13412897917e-05, 8.30709780075e-07, 1.15621980967e-06, 1.83866336556e-06, 1.29718716835e-06, 1.36624873903e-06, 2.96323264593e-06, 3.76270668312e-06, 1.00015290627e-06, 9.80675963547e-07, 9.00466261555e-07, 6.03944215527e-07, 1.51627190803e-07, 1.85779626349e-07, 1.43252606222e-07, 1.00522306923e-07, 2.07395515872e-07, 4.64290707214e-07, 1.38482150192e-07, 1.767504898e-07, 1.08800954024e-07, 5.82044883402e-08, 5.96517546469e-09],
        "dvar2": [8.98032453733e-07, 0.000239425600739, 0.000171623076312, 0.000256539497059, 3.23848180415e-05, 1.77022945991e-06, 2.548103339e-06, 3.93813161281e-06, 2.69024235422e-06, 3.18557454193e-06, 6.72154055792e-06, 8.44987334858e-06, 2.40856275013e-06, 2.61373111243e-06, 2.22575249609e-06, 1.3630117337e-06, 3.95655149532e-07, 4.49662707069e-07, 3.75210731818e-07, 2.61167798499e-07, 5.65227765037e-07, 1.35007712743e-06, 3.59791812343e-07, 4.89799163006e-07, 2.78879127791e-07, 1.40378517699e-07, 1.52820991417e-08],
        "max": [0.0138673279434, 0.127532988787, 0.0807689428329, 0.07170329988, 0.0447089113295, 0.0202641636133, 0.0260116755962, 0.02668995969, 0.0410082153976, 0.0248826928437, 0.0292772315443, 0.0365665666759, 0.0260680597275, 0.0245108772069, 0.0228039287031, 0.0191036965698, 0.00584273179993, 0.00807684939355, 0.00505359424278, 0.00449607800692, 0.00604117941111, 0.00625506974757, 0.00460629770532, 0.00436087464914, 0.00361435883678, 0.00277693103999, 0.000981367658824],
        "mean": [0.000292077340418, 0.0155180953443, 0.00359474192373, 0.00225774827413, 0.0019408245571, 0.00122163456399, 0.00165043829475, 0.00198846613057, 0.000801233341917, 0.00107344263233, 0.00163364538457, 0.00185654999223, 0.000789369747508, 0.000661107013002, 0.000731027394067, 0.000602940330282, 0.000498425855767, 0.00059489364503, 0.000554635596927, 0.000530789024197, 0.000632986309938, 0.00062046572566, 0.000622042163741, 0.000609145034105, 0.000501416216139, 0.000328053924022, 6.42345403321e-05],
        "median": [2.05373089557e-05, 0.00364915560931, 0.00045201939065, 0.00029144785367, 0.000832894002087, 0.000643027480692, 0.000917082419619, 0.000921972794458, 0.00035878631752, 0.000516213593073, 0.00076276413165, 0.000629237852991, 0.000294598052278, 0.000287184433546, 0.000342936546076, 0.000272567383945, 0.000329975533532, 0.000403252022807, 0.000427956023486, 0.000428824598202, 0.000491886166856, 0.000450232619187, 0.000453455402749, 0.000394590024371, 0.000327314133756, 0.000209047633689, 1.19944652397e-05],
        "min": [1.81681387567e-23, 2.36617566344e-23, 1.39212003661e-23, 1.02410877237e-23, 3.98702102858e-23, 1.59235959785e-23, 6.81605088851e-24, 3.31933830919e-23, 1.76180130361e-22, 1.13748466631e-22, 9.44317116865e-23, 2.06828777545e-22, 4.3525403601e-23, 1.15347127965e-22, 8.07638129794e-23, 2.49508676873e-22, 1.87796151366e-22, 2.73110587363e-22, 2.05792618213e-22, 2.76046967466e-22, 4.5799214381e-22, 5.50492383212e-22, 8.47423616418e-22, 1.02373597249e-21, 1.14906837557e-21, 1.58728436971e-21, 2.10062031882e-21],
        "var": [8.99712119917e-07, 0.000365347950719, 6.84516344336e-05, 6.82553727529e-05, 9.61488694884e-06, 2.45729256676e-06, 4.89023250339e-06, 8.32254136185e-06, 2.90395632874e-06, 4.30431919085e-06, 8.56775113789e-06, 1.26609384097e-05, 2.73307273346e-06, 1.37178960813e-06, 2.41713837568e-06, 1.32971990752e-06, 3.25603451756e-07, 4.53707855286e-07, 2.90761903443e-07, 2.54426595347e-07, 3.88589768363e-07, 4.88738010063e-07, 3.94226560729e-07, 4.44724889803e-07, 3.00186286495e-07, 1.29438745944e-07, 9.89088277947e-09]
    },
    "erbbands": {
        "dmean": [0.181531310081, 1.60963702202, 3.39925122261, 6.48701906204, 6.92003059387, 3.64574742317, 3.53856468201, 5.16777563095, 7.95648097992, 13.9267568588, 19.3895759583, 12.82584095, 19.1983413696, 22.9145298004, 36.8664703369, 45.1861114502, 22.5154953003, 24.8064746857, 22.1092967987, 20.234746933, 17.1927566528, 13.4305400848, 15.9314098358, 16.4236793518, 12.5670948029, 11.3842287064, 12.8295593262, 13.2931318283, 11.5690736771, 9.60216999054, 8.05139160156, 5.93254804611, 4.31129360199, 2.65349602699, 1.5238929987, 0.774969518185, 0.284248322248, 0.072146140039, 0.00719463359565, 0.000103773054434],
        "dmean2": [0.245269969106, 2.34932637215, 5.39889669418, 11.1604709625, 11.9741697311, 6.05029153824, 5.5324420929, 7.75343322754, 12.2872390747, 21.4320793152, 30.5291976929, 20.6801433563, 30.7584819794, 37.2816505432, 59.531791687, 72.7205429077, 36.063167572, 41.5920295715, 36.4361228943, 32.3568191528, 27.6966342926, 22.0762672424, 25.7000617981, 27.1982803345, 20.7121295929, 18.6408596039, 21.7358055115, 22.4563446045, 19.75299263, 15.7750234604, 13.232460022, 9.60962486267, 7.0666103363, 4.19023132324, 2.4259955883, 1.21236479282, 0.447870880365, 0.114480137825, 0.0118163414299, 0.000166323065059],
        "dvar": [0.143700733781, 8.56586837769, 72.4380340576, 437.120635986, 464.781890869, 78.1388015747, 31.3374729156, 95.4384918213, 167.80065918, 450.173400879, 1007.45269775, 836.414916992, 1774.11901855, 1895.84924316, 5306.43408203, 8431.58789062, 1721.57116699, 2470.6484375, 1924.4967041, 1967.48937988, 902.481140137, 356.978271484, 558.840820312, 589.252685547, 283.947753906, 219.178085327, 410.4637146, 484.170013428, 447.955566406, 184.759155273, 113.505325317, 74.7329940796, 53.1877059937, 18.0017852783, 5.20571613312, 1.41024160385, 0.194427013397, 0.0131976883858, 0.000149263840285, 2.73791922467e-08],
        "dvar2": [0.247021347284, 16.7320098877, 176.630157471, 1180.23681641, 1219.40185547, 212.825561523, 76.2316360474, 196.400970459, 405.221221924, 966.50982666, 2163.703125, 1789.28344727, 4422.07275391, 4515.19042969, 12146.6044922, 18586.2441406, 4087.70800781, 6514.80957031, 4765.75439453, 4501.69042969, 2115.36425781, 907.841003418, 1307.42248535, 1574.13842773, 728.221008301, 568.643066406, 1129.80505371, 1365.80810547, 1288.81152344, 481.138519287, 301.483154297, 196.972564697, 151.613876343, 46.6179122925, 13.5411939621, 3.41283655167, 0.481474578381, 0.0331524908543, 0.000378908385755, 6.89908219442e-08],
        "max": [5.07514429092, 27.9465007782, 90.0235900879, 163.409698486, 158.669570923, 258.759399414, 131.675552368, 217.677597046, 545.741394043, 517.120544434, 681.781188965, 1217.19104004, 868.926635742, 981.528137207, 1463.48571777, 1856.13000488, 980.23034668, 1284.02246094, 1484.33105469, 1292.90856934, 949.170288086, 250.256515503, 516.63494873, 353.984619141, 276.825378418, 205.726882935, 273.646118164, 224.969528198, 193.218521118, 172.688995361, 143.119476318, 102.412078857, 71.05418396, 54.2764854431, 24.9209156036, 14.6203460693, 4.58734273911, 1.0982773304, 0.182527154684, 0.002410806017],
        "mean": [0.366024881601, 3.68640828133, 5.4593539238, 5.67172670364, 7.0820813179, 6.26755523682, 7.83668804169, 10.0998487473, 18.4752082825, 32.7545547485, 42.1379432678, 21.2914581299, 33.3132514954, 42.3629226685, 67.7097473145, 82.8283920288, 40.5916252136, 38.186958313, 36.7244682312, 36.9454917908, 30.5012512207, 26.3628864288, 31.8524093628, 30.9417629242, 26.7684173584, 24.429359436, 25.4036655426, 25.4553432465, 21.7904510498, 20.5766067505, 17.168006897, 12.9050893784, 9.97257518768, 6.12471103668, 3.34522438049, 1.57917904854, 0.570062220097, 0.135320916772, 0.00995569769293, 0.000219361594645],
        "median": [0.0674637556076, 0.909806013107, 1.50583732128, 1.07259368896, 1.5885617733, 2.35043692589, 3.9635989666, 4.82144165039, 11.0883140564, 18.3699684143, 18.357334137, 10.5261859894, 15.2119598389, 23.0909614563, 30.2662143707, 27.8494758606, 18.481212616, 18.7172775269, 18.060136795, 18.3366279602, 18.2399234772, 18.5742645264, 21.5653057098, 21.8657608032, 21.267124176, 19.8806228638, 19.4262046814, 19.4283828735, 16.1598739624, 14.6816101074, 12.54139328, 8.7813167572, 6.17417907715, 3.91102313995, 2.19230294228, 0.987964391708, 0.36178034544, 0.0703363716602, 0.0023199734278, 0.000135320369736],
        "min": [7.87278892007e-22, 5.42520096844e-21, 1.12631812184e-20, 3.74059829479e-20, 2.98028651059e-20, 1.00382962063e-19, 2.98399589865e-19, 1.15238757511e-19, 9.38055707989e-20, 4.08688253021e-19, 1.094966067e-18, 4.65273047257e-18, 2.50701527821e-18, 4.54410718248e-18, 4.9321388486e-18, 8.8562687853e-18, 2.74438881706e-18, 5.80288499607e-18, 4.79747053616e-18, 3.99183797856e-18, 1.64711479207e-17, 1.21445069348e-17, 1.47968152469e-17, 1.14637281917e-17, 1.05945880154e-17, 1.30921978365e-17, 1.50055608919e-17, 1.9635485995e-17, 1.84789170994e-17, 2.45467749291e-17, 2.55133569815e-17, 2.37195893534e-17, 1.46516152709e-17, 1.29046238792e-17, 7.92775854771e-18, 5.45911783248e-18, 3.02156794134e-18, 1.30489344293e-18, 3.08358275753e-19, 2.66954302723e-20],
        "var": [0.363864064217, 20.1437587738, 93.6523284912, 314.415313721, 372.93838501, 104.602005005, 103.309043884, 242.044128418, 504.942474365, 2135.94702148, 4294.33398438, 1815.74658203, 5284.34082031, 5845.86230469, 16289.3183594, 26964.7695312, 4475.68359375, 4031.47387695, 5157.01660156, 4775.69042969, 1713.26916504, 797.655578613, 1443.5970459, 1048.23974609, 675.053833008, 526.057617188, 678.125305176, 689.593322754, 549.131774902, 433.797790527, 301.500640869, 189.63269043, 125.96320343, 48.8869514465, 12.9848299026, 3.11104846001, 0.398058563471, 0.0261227469891, 0.000243618749664, 5.74276270981e-08]
    },
    "gfcc": {
        "mean": [35.5753440857, 43.067325592, -107.862808228, 25.3502922058, -57.4506721497, 21.5665969849, -27.5714015961, 15.8850908279, -21.5596179962, 10.6988554001, -14.8924512863, 6.28662061691, -15.9765033722],
        "cov": [[18072.7773438, -1498.00463867, 1388.43762207, 858.046875, 871.117736816, 1463.47875977, -31.6090488434, 498.314422607, -305.038848877, 54.7923316956, -427.414550781, 247.020172119, -301.255187988], [-1498.00463867, 2619.5144043, -499.0831604, -488.471984863, -129.910430908, -707.178039551, 4.56596326828, -341.965118408, 55.3863716125, -184.088226318, 184.92477417, -122.678352356, 138.442932129], [1388.43762207, -499.0831604, 1081.53308105, 584.739746094, 252.933135986, 383.09387207, 31.7932415009, 152.090133667, -14.2690868378, 52.4092292786, -74.230430603, 49.6762504578, -54.9567985535], [858.046875, -488.471984863, 584.739746094, 612.594970703, 245.763168335, 301.590393066, 67.1740646362, 138.785354614, 19.2121601105, 59.7127685547, -64.8054656982, 32.2350196838, -27.5420036316], [871.117736816, -129.910430908, 252.933135986, 245.763168335, 407.922058105, 283.868743896, 167.501647949, 97.0214309692, 53.5586967468, -5.32993412018, -15.7189350128, 7.13678073883, 10.8943252563], [1463.47875977, -707.178039551, 383.09387207, 301.590393066, 283.868743896, 570.75982666, 148.482818604, 191.691726685, -11.0313367844, 53.4831008911, -48.8140983582, 63.4394836426, -33.5762023926], [-31.6090488434, 4.56596326828, 31.7932415009, 67.1740646362, 167.501647949, 148.482818604, 236.845504761, 102.548942566, 76.4409255981, 13.8604488373, 38.7370567322, 14.0118408203, 21.4687652588], [498.314422607, -341.965118408, 152.090133667, 138.785354614, 97.0214309692, 191.691726685, 102.548942566, 222.239532471, 87.1743774414, 85.4686965942, 0.168508693576, 59.5895233154, -0.985758304596], [-305.038848877, 55.3863716125, -14.2690868378, 19.2121601105, 53.5586967468, -11.0313367844, 76.4409255981, 87.1743774414, 185.714538574, 85.860786438, 39.1732444763, 1.26112723351, 27.6842098236], [54.7923316956, -184.088226318, 52.4092292786, 59.7127685547, -5.32993412018, 53.4831008911, 13.8604488373, 85.4686965942, 85.860786438, 165.796646118, 62.542350769, 47.4996681213, -4.850086689], [-427.414550781, 184.92477417, -74.230430603, -64.8054656982, -15.7189350128, -48.8140983582, 38.7370567322, 0.168508693576, 39.1732444763, 62.542350769, 141.63331604, 65.3085479736, 37.5619277954], [247.020172119, -122.678352356, 49.6762504578, 32.2350196838, 7.13678073883, 63.4394836426, 14.0118408203, 59.5895233154, 1.26112723351, 47.4996681213, 65.3085479736, 127.104972839, 43.204460144], [-301.255187988, 138.442932129, -54.9567985535, -27.5420036316, 10.8943252563, -33.5762023926, 21.4687652588, -0.985758304596, 27.6842098236, -4.850086689, 37.5619277954, 43.204460144, 96.0436935425]],
        "icov": [[9.91065389826e-05, -9.44734856603e-05, -2.85333203465e-06, 7.07103536115e-05, -0.000212002705666, -0.00018015463138, 0.000186481207493, -0.000104127095256, 0.00013616977958, -0.000178054790013, 0.000481104681967, -0.000475401611766, 0.000361457467079], [-9.44734856603e-05, 0.00100959464908, -0.000242349458858, 0.00022244140564, -0.00014024534903, 0.00107909960207, -0.000485271855723, 0.000509675708599, -0.000363683269825, 0.00102624832653, -0.00186398078222, 0.00142314180266, -0.00107419106644], [-2.85333203465e-06, -0.000242349458858, 0.00217440957204, -0.00183150009252, -4.33660461567e-05, -0.000778854009695, 0.000844149501063, -0.000328044581693, -5.62305758649e-05, 0.000255831168033, 4.22107914346e-05, -0.000574615551159, 0.000871068099514], [7.07103536115e-05, 0.00022244140564, -0.00183150009252, 0.00440228683874, -0.00169271149207, 0.000357228127541, -0.000299678707961, -0.000173915657797, 0.000605202221777, -0.00172349077184, 0.00191033177543, -0.000545259623323, -0.000265642360318], [-0.000212002705666, -0.00014024534903, -4.33660461567e-05, -0.00169271149207, 0.00654123490676, -0.00246052374132, -0.00221843109466, 0.0011959716212, -0.00241871620528, 0.00244465493597, -0.00158105464652, 0.00165721785743, -0.00137355236802], [-0.00018015463138, 0.00107909960207, -0.000778854009695, 0.000357228127541, -0.00246052374132, 0.00649471860379, -0.00259107211605, -0.00142139371019, 0.00269088800997, -0.00138786237221, 0.000530241755769, -0.000223821218242, -0.000301990134176], [0.000186481207493, -0.000485271855723, 0.000844149501063, -0.000299678707961, -0.00221843109466, -0.00259107211605, 0.0102251721546, -0.00420850235969, -0.00183881027624, 0.00332377664745, -0.00443429546431, 0.00218295725062, 0.000148601757246], [-0.000104127095256, 0.000509675708599, -0.000328044581693, -0.000173915657797, 0.0011959716212, -0.00142139371019, -0.00420850235969, 0.0130084278062, -0.00516711268574, -0.00230302871205, 0.00434165401384, -0.0059531708248, 0.00149590545334], [0.00013616977958, -0.000363683269825, -5.62305758649e-05, 0.000605202221777, -0.00241871620528, 0.00269088800997, -0.00183881027624, -0.00516711268574, 0.0134384157136, -0.00738465506583, 0.000966006016824, 0.00409217830747, -0.00379931810312], [-0.000178054790013, 0.00102624832653, 0.000255831168033, -0.00172349077184, 0.00244465493597, -0.00138786237221, 0.00332377664745, -0.00230302871205, -0.00738465506583, 0.0165852289647, -0.0101277371868, 0.00117763818707, 0.00248252786696], [0.000481104681967, -0.00186398078222, 4.22107914346e-05, 0.00191033177543, -0.00158105464652, 0.000530241755769, -0.00443429546431, 0.00434165401384, 0.000966006016824, -0.0101277371868, 0.0229608956724, -0.0138778947294, 0.00264149601571], [-0.000475401611766, 0.00142314180266, -0.000574615551159, -0.000545259623323, 0.00165721785743, -0.000223821218242, 0.00218295725062, -0.0059531708248, 0.00409217830747, 0.00117763818707, -0.0138778947294, 0.0235261935741, -0.0111186252907], [0.000361457467079, -0.00107419106644, 0.000871068099514, -0.000265642360318, -0.00137355236802, -0.000301990134176, 0.000148601757246, 0.00149590545334, -0.00379931810312, 0.00248252786696, 0.00264149601571, -0.0111186252907, 0.0187377687544]]
    },
    "melbands": {
        "dmean": [0.0016649197787, 0.00181850104127, 0.00114583980758, 0.00036070207716, 0.000121477227367, 0.000114857633889, 0.000133985173306, 0.000153413231601, 0.000152741165948, 8.23160007712e-05, 9.54877978074e-05, 8.93231335795e-05, 0.000114616559586, 0.000124493322801, 7.96989916125e-05, 5.32666381332e-05, 4.93348234158e-05, 3.63315120921e-05, 3.45780717907e-05, 2.79048254015e-05, 2.03615236387e-05, 1.51345329868e-05, 1.58776310855e-05, 1.46648199006e-05, 1.46214060806e-05, 1.07001897049e-05, 8.08930963103e-06, 8.62561773829e-06, 8.43885482027e-06, 8.28252177598e-06, 9.23827974475e-06, 7.79643141868e-06, 5.83247947361e-06, 5.63047251489e-06, 5.25282121089e-06, 4.01036777475e-06, 4.00660246669e-06, 3.34089918397e-06, 2.78067045656e-06, 2.313850473e-06],
        "dmean2": [0.00230569741689, 0.00274373427965, 0.00193235196639, 0.00060341070639, 0.000187538491446, 0.000172667991137, 0.000204894866329, 0.000235385683482, 0.000242854497628, 0.000132477158331, 0.00015298735525, 0.000145626225276, 0.000185736746062, 0.000198959285626, 0.000129228443257, 8.69036812219e-05, 8.35232931422e-05, 6.04789420322e-05, 5.66463677387e-05, 4.45926089014e-05, 3.3557673305e-05, 2.50215180131e-05, 2.61274726654e-05, 2.3683784093e-05, 2.45205337706e-05, 1.76220983121e-05, 1.33259236463e-05, 1.42318494909e-05, 1.43918887261e-05, 1.3814524209e-05, 1.59076134878e-05, 1.34255660669e-05, 9.79235665e-06, 9.17234410736e-06, 8.7365942818e-06, 6.52322069072e-06, 6.6268394221e-06, 5.50660297449e-06, 4.514577995e-06, 3.69689109903e-06],
        "dvar": [9.09025948204e-06, 1.37434844873e-05, 1.28665078591e-05, 9.32366901907e-07, 4.14183212172e-08, 4.12624672208e-08, 4.21547561302e-08, 5.6373259838e-08, 6.2100795617e-08, 3.7546996623e-08, 4.37199787484e-08, 2.90392634383e-08, 4.51733050966e-08, 4.80248871781e-08, 2.40466384582e-08, 1.42094025435e-08, 1.11155760152e-08, 5.48889556029e-09, 6.86932777327e-09, 4.19163725951e-09, 1.11853215579e-09, 4.69900840461e-10, 5.59421564628e-10, 4.62406307689e-10, 5.05445740817e-10, 2.23034632429e-10, 1.13304983451e-10, 1.38818512241e-10, 1.60911048375e-10, 1.63090152494e-10, 2.67545319232e-10, 2.45421488687e-10, 7.3698019909e-11, 6.33075189493e-11, 4.96376481585e-11, 2.88705916812e-11, 3.77829330322e-11, 2.8551688791e-11, 1.95462986075e-11, 1.32479496123e-11],
        "dvar2": [1.531568887e-05, 3.03625456581e-05, 3.36355988111e-05, 2.55208988165e-06, 9.88117818679e-08, 8.64818474611e-08, 9.65410436038e-08, 1.19640787943e-07, 1.3654182851e-07, 7.73074830818e-08, 1.08564776724e-07, 6.84810785856e-08, 1.03221928782e-07, 1.05093207026e-07, 5.78807899387e-08, 3.33961054366e-08, 2.93941617713e-08, 1.34946303021e-08, 1.66028755189e-08, 9.6106855807e-09, 2.76597411641e-09, 1.22446708328e-09, 1.35548106073e-09, 1.11617493026e-09, 1.361665114e-09, 5.77405234736e-10, 2.8673535768e-10, 3.58393870137e-10, 4.44219105944e-10, 4.32779451165e-10, 7.6159550888e-10, 7.09045822056e-10, 2.02940345084e-10, 1.63506402862e-10, 1.34766919846e-10, 7.27639198894e-11, 1.02909389343e-10, 8.13799236332e-11, 5.50774183206e-11, 3.40401977439e-11],
        "max": [0.0359751172364, 0.0349174924195, 0.0275673996657, 0.0103213516995, 0.00575444288552, 0.00543012749404, 0.00734916655347, 0.00637641921639, 0.00531868264079, 0.0078778155148, 0.00428164098412, 0.00391423469409, 0.00390558433719, 0.00414686789736, 0.00347072794102, 0.00286574591883, 0.00293646007776, 0.00263507151976, 0.00238325283863, 0.00188759609591, 0.000892872514669, 0.000339672405971, 0.000491892686114, 0.000500201422255, 0.000326566223521, 0.000280247593764, 0.000211241887882, 0.000192360996152, 0.000140813019243, 0.000233516155276, 0.000156714449986, 0.000153690576553, 0.00011734686268, 9.1019377578e-05, 9.38694211072e-05, 9.62285339483e-05, 7.18580704415e-05, 6.09684357187e-05, 4.45281584689e-05, 5.01442191307e-05],
        "mean": [0.00392486527562, 0.00372531521134, 0.00107518071309, 0.000457938353065, 0.000280930136796, 0.00022882889607, 0.00031697639497, 0.000369271408999, 0.000313686585287, 0.000126440005261, 0.000161333664437, 0.000155686560902, 0.000202843424631, 0.000229520635912, 0.000136985734571, 8.56855695019e-05, 6.81920864736e-05, 5.50620388822e-05, 5.71583696001e-05, 4.63077885797e-05, 3.36812117894e-05, 2.71984445135e-05, 2.88700466626e-05, 2.74172416539e-05, 2.47637999564e-05, 2.02434439416e-05, 1.66519930644e-05, 1.64892808243e-05, 1.55637062562e-05, 1.52272768901e-05, 1.52264638018e-05, 1.27747562146e-05, 1.10587689051e-05, 1.14934045996e-05, 1.02223993963e-05, 8.40843313199e-06, 7.70176120568e-06, 7.20230900697e-06, 5.93996946918e-06, 4.93699235449e-06],
        "median": [0.000924219901208, 0.00118414033204, 0.000218404864427, 0.000150413732626, 0.000144109129906, 0.000112515393994, 0.00018175659352, 0.000216626911424, 0.000131141016027, 5.63981957384e-05, 7.0456379035e-05, 7.80630725785e-05, 9.24976484384e-05, 8.46721159178e-05, 4.69289443572e-05, 3.22990890709e-05, 3.01606687572e-05, 2.44166894845e-05, 2.57295796473e-05, 1.83534175449e-05, 2.00856738957e-05, 1.77602778422e-05, 1.85122626135e-05, 1.80982497113e-05, 1.62845954037e-05, 1.52030743266e-05, 1.2855465684e-05, 1.24084308482e-05, 1.1167181583e-05, 1.07815321826e-05, 1.07815776573e-05, 8.53699020809e-06, 8.0617628555e-06, 7.77098648541e-06, 7.11505435902e-06, 5.9836629589e-06, 4.81691904497e-06, 4.27399209002e-06, 3.75367108063e-06, 2.96442954095e-06],
        "min": [8.94156875559e-24, 6.60345129683e-24, 5.84526327575e-24, 3.17434926412e-24, 1.0608399505e-23, 2.68088580512e-24, 1.27287124678e-24, 4.61045338435e-24, 1.18571686846e-23, 2.89463074394e-23, 1.17158892185e-23, 1.83981201096e-23, 1.4051977727e-23, 2.46424085583e-23, 1.15993689407e-23, 5.50931226534e-24, 1.14214350527e-23, 7.930499144e-24, 4.6431339195e-24, 6.2153530307e-24, 2.38697839882e-23, 1.21316015606e-23, 1.27645914395e-23, 1.28022816359e-23, 8.84614577391e-24, 8.73225871388e-24, 8.12152102334e-24, 8.30616338454e-24, 6.84806128632e-24, 1.4611114448e-23, 1.02054958974e-23, 1.09102610747e-23, 1.00389097735e-23, 1.48094119915e-23, 1.59589290585e-23, 1.09285807915e-23, 1.61824322856e-23, 1.05879845737e-23, 1.00393649462e-23, 1.08989306655e-23],
        "var": [2.77636136161e-05, 2.43198683165e-05, 1.00256247606e-05, 7.88702607224e-07, 1.33588343942e-07, 1.07130638582e-07, 1.58253143923e-07, 2.73025392517e-07, 2.45427344225e-07, 8.53295034631e-08, 1.29122511794e-07, 8.92741383041e-08, 1.34588674428e-07, 1.62665045877e-07, 7.33859977231e-08, 3.87538001689e-08, 1.54838382116e-08, 1.3950652189e-08, 1.68679434864e-08, 1.00300914241e-08, 1.92470372973e-09, 9.96749460747e-10, 1.23654142481e-09, 1.08345377114e-09, 7.93964560764e-10, 4.51398723955e-10, 2.81054179929e-10, 2.99593044817e-10, 2.8194097057e-10, 2.84118811811e-10, 3.0530206141e-10, 2.47020931488e-10, 1.28563257262e-10, 1.49993906184e-10, 1.14728275491e-10, 8.05907285351e-11, 7.50401060734e-11, 6.86180626208e-11, 4.57511736829e-11, 3.41166331297e-11]
    },
    "mfcc": {
        "mean": [-608.766784668, 83.0483093262, 4.81220054626, 12.6726284027, -1.04143965244, 7.77120733261, 5.59880828857, 7.61274862289, 3.36376428604, 3.72274708748, 4.44007492065, 5.90844488144, 5.64130353928],
        "cov": [[12324.0371094, -834.238342285, 524.657470703, 144.340011597, 655.770141602, 648.199707031, 446.838806152, 488.602783203, 196.242889404, 174.870178223, 28.0545063019, 21.1345272064, -168.181518555], [-834.238342285, 2329.01342773, -402.638946533, -25.0463027954, -351.609954834, -363.085693359, -239.482543945, -250.905715942, -211.115341187, -201.719512939, -73.7215194702, -48.4265632629, 31.1265029907], [524.657470703, -402.638946533, 760.763305664, 292.574890137, 250.955093384, 190.034622192, 103.778869629, 95.0709381104, 47.4589385986, 62.2951927185, 20.2116603851, 10.3371286392, 4.28209161758], [144.340011597, -25.0463027954, 292.574890137, 377.542419434, 158.54624939, 77.4306716919, 36.7082939148, 31.6392421722, 52.0589790344, 49.9456558228, 16.5460109711, 17.9585857391, 11.3727655411], [655.770141602, -351.609954834, 250.955093384, 158.54624939, 312.930419922, 213.029327393, 145.263565063, 128.486846924, 101.641036987, 71.0399246216, 24.3022670746, 18.1482830048, -7.84444904327], [648.199707031, -363.085693359, 190.034622192, 77.4306716919, 213.029327393, 293.166809082, 191.083251953, 141.925018311, 95.4597702026, 73.771194458, 42.574432373, 25.892742157, -5.24644613266], [446.838806152, -239.482543945, 103.778869629, 36.7082939148, 145.263565063, 191.083251953, 248.556182861, 163.019546509, 81.5584411621, 38.6742591858, 27.9046382904, 36.8010940552, 11.4662218094], [488.602783203, -250.905715942, 95.0709381104, 31.6392421722, 128.486846924, 141.925018311, 163.019546509, 213.82359314, 126.440917969, 56.2681503296, 32.8599319458, 35.1072387695, 19.0205192566], [196.242889404, -211.115341187, 47.4589385986, 52.0589790344, 101.641036987, 95.4597702026, 81.5584411621, 126.440917969, 178.098098755, 105.334106445, 48.9563140869, 35.3522109985, 9.21037006378], [174.870178223, -201.719512939, 62.2951927185, 49.9456558228, 71.0399246216, 73.771194458, 38.6742591858, 56.2681503296, 105.334106445, 151.297195435, 82.6318588257, 32.6266899109, 13.1985845566], [28.0545063019, -73.7215194702, 20.2116603851, 16.5460109711, 24.3022670746, 42.574432373, 27.9046382904, 32.8599319458, 48.9563140869, 82.6318588257, 118.404663086, 72.1012649536, 29.008523941], [21.1345272064, -48.4265632629, 10.3371286392, 17.9585857391, 18.1482830048, 25.892742157, 36.8010940552, 35.1072387695, 35.3522109985, 32.6266899109, 72.1012649536, 112.59815979, 64.2423553467], [-168.181518555, 31.1265029907, 4.28209161758, 11.3727655411, -7.84444904327, -5.24644613266, 11.4662218094, 19.0205192566, 9.21037006378, 13.1985845566, 29.008523941, 64.2423553467, 111.113433838]],
