{
"lowlevel": {
    "average_loudness": 0.840621352196,
    "barkbands_crest": {
        "dmean": 3.21289110184,
        "dmean2": 4.88987159729,
        "dvar": 10.5299034119,
        "dvar2": 23.1477222443,
        "max": 26.9205684662,
        "mean": 12.9150190353,
        "median": 12.3791122437,
        "min": 2.01339435577,
        "var": 36.453414917
    },
    "barkbands_flatness_db": {
        "dmean": 0.0393476374447,
        "dmean2": 0.0509191416204,
        "dvar": 0.00289447559044,
        "dvar2": 0.00452661886811,
        "max": 0.908584833145,
        "mean": 0.167189836502,
        "median": 0.144848123193,
        "min": 0.0208791792393,
        "var": 0.0091367829591
    },
    "barkbands_kurtosis": {
        "dmean": 64.2155151367,
        "dmean2": 111.833618164,
        "dvar": 940368.8125,
        "dvar2": 2601972,
        "max": 29252.6660156,
        "mean": 47.0427398682,
        "median": 1.93896770477,
        "min": -1.94222688675,
        "var": 581757.75
    },
    "barkbands_skewness": {
        "dmean": 1.401055336,
        "dmean2": 1.95667386055,
        "dvar": 22.6577911377,
        "dvar2": 52.2431564331,
        "max": 144.905807495,
        "mean": 2.56165313721,
        "median": 1.47244894505,
        "min": -2.18219470978,
        "var": 25.7363452911
    },
    "barkbands_spread": {
        "dmean": 7.57896709442,
        "dmean2": 11.338602066,
        "dvar": 103.162269592,
        "dvar2": 223.994430542,
        "max": 125.968025208,
        "mean": 23.7772483826,
        "median": 19.8493652344,
        "min": 0.0031804589089,
        "var": 259.439331055
    },
    "dissonance": {
        "dmean": 0.0164748616517,
        "dmean2": 0.0281604528427,
        "dvar": 0.000369676330592,
        "dvar2": 0.00100029632449,
        "max": 0.500000119209,
        "mean": 0.471760898829,
        "median": 0.480515867472,
        "min": 0.294602006674,
        "var": 0.000762783631217
    },
    "dynamic_complexity": 3.89517784119,
    "erbbands_crest": {
        "dmean": 2.65424871445,
        "dmean2": 4.30316972733,
        "dvar": 8.84062671661,
        "dvar2": 19.6713790894,
        "max": 35.1140708923,
        "mean": 8.40696048737,
        "median": 6.65476322174,
        "min": 2.07586622238,
        "var": 26.3620891571
    },
    "erbbands_flatness_db": {
        "dmean": 0.0197047330439,
        "dmean2": 0.028202354908,
        "dvar": 0.000540267152246,
        "dvar2": 0.0010008859681,
        "max": 0.427842736244,
        "mean": 0.159938260913,
        "median": 0.147444829345,
        "min": 0.0376133993268,
        "var": 0.006636117585
    },
    "erbbands_kurtosis": {
        "dmean": 1.23237812519,
        "dmean2": 2.07922649384,
        "dvar": 41.7074279785,
        "dvar2": 112.806533813,
        "max": 166.641952515,
        "mean": 0.333479166031,
        "median": -0.367874622345,
        "min": -1.85572087765,
        "var": 30.9320163727
    },
    "erbbands_skewness": {
        "dmean": 0.430327415466,
        "dmean2": 0.672083497047,
        "dvar": 0.386958986521,
        "dvar2": 0.871050179005,
        "max": 11.5737257004,
        "mean": 0.151853173971,
        "median": 0.110907182097,
        "min": -5.60799074173,
        "var": 0.780766189098
    },
    "erbbands_spread": {
        "dmean": 12.0513067245,
        "dmean2": 17.8720569611,
        "dvar": 264.032592773,
        "dvar2": 586.487304688,
        "max": 189.881362915,
        "mean": 49.976184845,
        "median": 41.6706581116,
        "min": 1.19520330429,
        "var": 1077.91821289
    },
    "hfc": {
        "dmean": 14.0818815231,
        "dmean2": 21.0609531403,
        "dvar": 580.291748047,
        "dvar2": 1261.83312988,
        "max": 217.724853516,
        "mean": 37.261844635,
        "median": 22.4272918701,
        "min": 1.22138789332e-16,
        "var": 1497.0501709
    },
    "melbands_crest": {
        "dmean": 4.24840402603,
        "dmean2": 6.56639099121,
        "dvar": 17.768409729,
        "dvar2": 41.8871383667,
        "max": 39.9980888367,
        "mean": 18.7303276062,
        "median": 18.8469867706,
        "min": 1.69229829311,
        "var": 71.7681655884
    },
    "melbands_flatness_db": {
        "dmean": 0.0456820428371,
        "dmean2": 0.0578688494861,
        "dvar": 0.0037731686607,
        "dvar2": 0.00627035973594,
        "max": 0.913761258125,
        "mean": 0.223611652851,
        "median": 0.208245962858,
        "min": 0.0068391202949,
        "var": 0.0127060096711
    },
    "melbands_kurtosis": {
        "dmean": 332.966278076,
        "dmean2": 625.524719238,
        "dvar": 77059328,
        "dvar2": 230438560,
        "max": 491061,
        "mean": 215.259628296,
        "median": 8.34941196442,
        "min": -1.88472568989,
        "var": 38912220
    },
    "melbands_skewness": {
        "dmean": 2.31599640846,
        "dmean2": 3.44960021973,
        "dvar": 191.168960571,
        "dvar2": 546.387207031,
        "max": 552.655029297,
        "mean": 4.90730524063,
        "median": 2.58668923378,
        "min": -0.956507325172,
        "var": 128.899353027
    },
    "melbands_spread": {
        "dmean": 9.07513999939,
        "dmean2": 14.0509548187,
        "dvar": 218.345794678,
        "dvar2": 522.17010498,
        "max": 185.623123169,
        "mean": 22.5119800568,
        "median": 17.230266571,
        "min": 0.000612105766777,
        "var": 427.566162109
    },
    "pitch_salience": {
        "dmean": 0.0956843793392,
        "dmean2": 0.144897446036,
        "dvar": 0.0121045242995,
        "dvar2": 0.0228553581983,
        "max": 0.920198500156,
        "mean": 0.4666711092,
        "median": 0.482639253139,
        "min": 0.00139302632306,
        "var": 0.0385796688497
    },
    "silence_rate_20dB": {
        "dmean": 0,
        "dmean2": 0,
        "dvar": 0,
        "dvar2": 0,
        "max": 1,
        "mean": 1,
        "median": 1,
        "min": 1,
        "var": 0
    },
    "silence_rate_30dB": {
        "dmean": 0.114712156355,
        "dmean2": 0.229448765516,
        "dvar": 0.101561278105,
        "dvar2": 0.204092368484,
        "max": 1,
        "mean": 0.722204446793,
        "median": 1,
        "min": 0,
        "var": 0.200619786978
    },
    "silence_rate_60dB": {
        "dmean": 0.0577825158834,
        "dmean2": 0.115577355027,
        "dvar": 0.0544385947287,
        "dvar2": 0.112671755254,
        "max": 1,
        "mean": 0.122268415987,
        "median": 0,
        "min": 0,
        "var": 0.107320375741
    },
    "spectral_centroid": {
        "dmean": 349.793212891,
        "dmean2": 519.835388184,
        "dvar": 203568.734375,
        "dvar2": 415809,
        "max": 11303.5205078,
        "mean": 1701.00976562,
        "median": 1782.71765137,
        "min": 75.8576126099,
        "var": 690516.6875
    },
    "spectral_complexity": {
        "dmean": 6.70255851746,
        "dmean2": 9.34918403625,
        "dvar": 64.5931777954,
        "dvar2": 115.136032104,
        "max": 63,
        "mean": 22.0723800659,
        "median": 19,
        "min": 0,
        "var": 251.403762817
    },
    "spectral_decrease": {
        "dmean": 3.39131145388e-09,
        "dmean2": 4.74805483819e-09,
        "dvar": 2.51903793483e-17,
        "dvar2": 4.75953107018e-17,
        "max": 9.22113650846e-29,
        "mean": -1.35655522371e-08,
        "median": -6.34054364568e-09,
        "min": -4.87794586945e-08,
        "var": 1.6682930642e-16
    },
    "spectral_energy": {
        "dmean": 0.0130133312196,
        "dmean2": 0.0185817219317,
        "dvar": 0.000369534274796,
        "dvar2": 0.000707818951923,
        "max": 0.185849130154,
        "mean": 0.0545792095363,
        "median": 0.0280554499477,
        "min": 1.07303209998e-20,
        "var": 0.00256795436144
    },
    "spectral_energyband_high": {
        "dmean": 0.00125170964748,
        "dmean2": 0.00191953056492,
        "dvar": 5.5998211792e-06,
        "dvar2": 1.25546075651e-05,
        "max": 0.0217702686787,
        "mean": 0.00291043147445,
        "median": 0.00111414759886,
        "min": 8.05902764544e-21,
        "var": 1.33285875563e-05
    },
    "spectral_energyband_low": {
        "dmean": 0.0124668702483,
        "dmean2": 0.018008671701,
        "dvar": 0.000508250668645,
        "dvar2": 0.000927051762119,
        "max": 0.164420351386,
        "mean": 0.0391820631921,
        "median": 0.00335617456585,
        "min": 4.62792160469e-23,
        "var": 0.00224454235286
    },
    "spectral_energyband_middle_high": {
        "dmean": 0.00264866231009,
        "dmean2": 0.00409547286108,
        "dvar": 1.72597137862e-05,
        "dvar2": 4.08542182413e-05,
        "max": 0.0443418622017,
        "mean": 0.00509092072025,
        "median": 0.0032868005801,
        "min": 1.46180333261e-21,
        "var": 3.13280215778e-05
    },
    "spectral_energyband_middle_low": {
        "dmean": 0.00452033756301,
        "dmean2": 0.00706662703305,
        "dvar": 6.18145131739e-05,
        "dvar2": 0.000125415477669,
        "max": 0.0771891400218,
        "mean": 0.00803608074784,
        "median": 0.00538357300684,
        "min": 2.24665541079e-22,
        "var": 8.16685642349e-05
    },
    "spectral_entropy": {
        "dmean": 0.17510381341,
        "dmean2": 0.260530918837,
        "dvar": 0.0734544470906,
        "dvar2": 0.137453898787,
        "max": 9.79100990295,
        "mean": 7.76771211624,
        "median": 7.9868888855,
        "min": 3.75018262863,
        "var": 0.43207731843
    },
    "spectral_flux": {
        "dmean": 0.0352014936507,
        "dmean2": 0.0519376844168,
        "dvar": 0.00193385593593,
        "dvar2": 0.00369226001203,
        "max": 0.376992642879,
        "mean": 0.113639652729,
        "median": 0.0962749868631,
        "min": 1.03587263767e-10,
        "var": 0.00671005342156
    },
    "spectral_kurtosis": {
        "dmean": 2.46150398254,
        "dmean2": 4.25936365128,
        "dvar": 27.6147994995,
        "dvar2": 83.2467041016,
        "max": 105.326713562,
        "mean": 5.08046579361,
        "median": 2.60418128967,
        "min": -1.16228640079,
        "var": 52.2854614258
    },
    "spectral_rms": {
        "dmean": 0.000926840177272,
        "dmean2": 0.00130109908059,
        "dvar": 1.67871053236e-06,
        "dvar2": 2.79334267361e-06,
        "max": 0.0134653709829,
        "mean": 0.00618478935212,
        "median": 0.00523174647242,
        "min": 3.23552252698e-12,
        "var": 1.49965326273e-05
    },
    "spectral_rolloff": {
        "dmean": 685.769836426,
        "dmean2": 1127.89428711,
        "dvar": 1569039.625,
        "dvar2": 3445594.5,
        "max": 18669.2871094,
        "mean": 1625.33972168,
        "median": 1033.59375,
        "min": 21.533203125,
        "var": 5058267.5
    },
    "spectral_skewness": {
        "dmean": 0.271068334579,
        "dmean2": 0.447763681412,
        "dvar": 0.162538900971,
        "dvar2": 0.465007781982,
        "max": 8.41132736206,
        "mean": 1.47758805752,
        "median": 1.3496311903,
        "min": -0.01894739829,
        "var": 0.438237905502
    },
    "spectral_spread": {
        "dmean": 660577.125,
        "dmean2": 968929.6875,
        "dvar": 928213565440,
        "dvar2": 1.88806515917e+12,
        "max": 40613844,
        "mean": 5432259,
        "median": 5690377,
        "min": 683804.4375,
        "var": 6.49877782528e+12
    },
    "spectral_strongpeak": {
        "dmean": 0.337551236153,
        "dmean2": 0.537188768387,
        "dvar": 0.233333572745,
        "dvar2": 0.530349910259,
        "max": 7.23143053055,
        "mean": 0.737881600857,
        "median": 0.466294705868,
        "min": 0,
        "var": 0.625684857368
    },
    "zerocrossingrate": {
        "dmean": 0.0140967005864,
        "dmean2": 0.0157485939562,
        "dvar": 0.000282310007606,
        "dvar2": 0.000326943787513,
        "max": 0.83984375,
        "mean": 0.0726957693696,
        "median": 0.05517578125,
        "min": 0,
        "var": 0.00749572133645
    },
    "barkbands": {
        "dmean": [0.00261177215725, 0.0112339751795, 0.00562107050791, 0.00195110170171, 0.00166917778552, 0.000979757634923, 0.000711206812412, 0.000910677656066, 0.000836862018332, 0.000493297295179, 0.000424738682341, 0.000457869347883, 0.000418004608946, 0.000351020600647, 0.000420156837208, 0.000405871833209, 0.000349042995367, 0.000242926573264, 0.000246979296207, 0.000285951362457, 0.0003127126256, 0.000278510065982, 0.000249897857429, 0.000250601267908, 0.000211603139178, 0.000118561380077, 2.93809844152e-05],
        "dmean2": [0.00419562170282, 0.0162319801748, 0.00900646764785, 0.00350638106465, 0.00299761188217, 0.0016942997463, 0.00114956055768, 0.00145982089452, 0.00139378453605, 0.000787669734564, 0.000701943063177, 0.000761431874707, 0.000713664630894, 0.000586540321819, 0.000700275180861, 0.000672564783599, 0.000571750802919, 0.00039872340858, 0.000398444244638, 0.000465389108285, 0.000512993021403, 0.000465776654892, 0.000398764241254, 0.000394249596866, 0.000325078930473, 0.000167260004673, 4.54386899946e-05],
        "dvar": [4.23919882451e-05, 0.000431204593042, 0.000220721267397, 4.1466581024e-05, 2.33557730098e-05, 3.62725791092e-06, 2.54381120612e-06, 3.19143623528e-06, 2.51858114098e-06, 1.50148309785e-06, 9.33229728162e-07, 6.82058214352e-07, 6.79357299305e-07, 3.64922641438e-07, 4.45526609383e-07, 5.49390904325e-07, 3.58445731763e-07, 1.43395311625e-07, 1.50202566829e-07, 2.46499268997e-07, 3.43342435372e-07, 2.84339421341e-07, 2.13945398286e-07, 1.97072282049e-07, 1.32658371399e-07, 4.17900132277e-08, 3.86661280771e-09],
        "dvar2": [0.000112887151772, 0.000756140681915, 0.000540052249562, 0.000116777504445, 6.5985317633e-05, 9.8540504041e-06, 5.51699031348e-06, 6.96635015629e-06, 5.7649849623e-06, 3.39685470863e-06, 2.35029597206e-06, 1.69443376308e-06, 1.71702515672e-06, 9.4169371323e-07, 1.16267187877e-06, 1.3998810573e-06, 8.79681010701e-07, 3.67158975223e-07, 3.71067244487e-07, 6.39338225028e-07, 8.47048340802e-07, 7.46225680359e-07, 4.9787934131e-07, 4.49228679145e-07, 2.96999047578e-07, 8.79218049477e-08, 9.02999364172e-09],
        "max": [0.127572834492, 0.149103194475, 0.105864703655, 0.0505195111036, 0.0340908244252, 0.025209069252, 0.0375690460205, 0.0325586646795, 0.0369984805584, 0.026300476864, 0.0207559205592, 0.016729651019, 0.0343340933323, 0.0110788298771, 0.00864487234503, 0.00957109872252, 0.00721435947344, 0.00515429442748, 0.00585144013166, 0.0041139437817, 0.00468650786206, 0.00467210356146, 0.00673916609958, 0.00626699440181, 0.00454247696325, 0.00309781730175, 0.00142426078673],
        "mean": [0.00437700282782, 0.0286765974015, 0.00562979932874, 0.00164140877314, 0.00169561232906, 0.00106684514321, 0.00101366557647, 0.0012777474476, 0.00105984380934, 0.00067890266655, 0.000545425980818, 0.00058543169871, 0.000506591517478, 0.000439357187133, 0.00054344534874, 0.000504267518409, 0.000467887351988, 0.000365242711268, 0.000388914893847, 0.000439842406195, 0.000506873824634, 0.000477908644825, 0.000480404152768, 0.000495436601341, 0.000435018970165, 0.000234558465309, 4.49207036581e-05],
        "median": [4.62530042569e-05, 0.000742975680623, 0.000480444548884, 0.00022994435858, 0.000435921974713, 0.000444029486971, 0.000307940732455, 0.000304660759866, 0.000319105718518, 0.0001816534932, 0.000173856242327, 0.000219738445594, 0.000177726411493, 0.000168310638401, 0.000257394160144, 0.000220791291213, 0.000207832097658, 0.000189447266166, 0.000212326762266, 0.000189974554814, 0.000194189444301, 0.000150766805746, 0.000121973127534, 0.000143528275657, 0.000128635889268, 5.53784775548e-05, 4.20534979639e-06],
        "min": [8.34442234958e-24, 3.27098839322e-23, 4.81453603927e-24, 2.96664731537e-24, 2.39153059956e-23, 3.89881596641e-23, 4.36663762002e-23, 7.32339336906e-23, 3.81468079543e-23, 1.60805635215e-23, 3.51370795643e-23, 1.11239194755e-22, 5.7074130669e-23, 6.35547870884e-23, 1.70836386589e-22, 1.67885541932e-22, 2.24056919114e-22, 1.38116316885e-22, 2.32898497383e-22, 4.79277403324e-22, 3.50891212389e-22, 4.23232710893e-22, 6.85725912048e-22, 8.52027231956e-22, 1.3168476043e-21, 1.99716336942e-21, 2.40923058093e-21],
        "var": [6.72485039104e-05, 0.00149015930947, 0.000198403271497, 2.52860445471e-05, 1.58835082402e-05, 3.75528315999e-06, 5.90919717069e-06, 7.24524124962e-06, 5.08927951159e-06, 2.70945088232e-06, 1.56104511007e-06, 1.13527312351e-06, 1.3233975551e-06, 4.93587037909e-07, 5.72160729462e-07, 6.09316145983e-07, 4.7280951776e-07, 2.13337401078e-07, 2.27708497391e-07, 3.45039438798e-07, 4.77352614325e-07, 4.19667600227e-07, 4.59058526303e-07, 4.6095954076e-07, 3.5348767824e-07, 1.19912144214e-07, 7.76116237944e-09]
    },
    "erbbands": {
        "dmean": [0.500661253929, 2.50536632538, 6.10625600815, 6.82970380783, 3.51149129868, 6.56946086884, 8.78929805756, 7.78428268433, 8.87448406219, 13.7691926956, 20.0180664062, 19.456401825, 16.0124187469, 15.9697380066, 17.4250125885, 17.9446105957, 19.4622325897, 15.9672346115, 20.4472084045, 21.771194458, 22.5440864563, 17.655626297, 14.4807834625, 11.3788642883, 13.360162735, 13.5814819336, 13.9475250244, 11.1763305664, 11.0879163742, 8.38483810425, 6.96948289871, 6.43128728867, 3.94759082794, 2.58743929863, 1.52289640903, 0.607073962688, 0.208972975612, 0.0506872236729, 0.00474467640743, 8.07832620922e-05],
        "dmean2": [0.687050104141, 3.35775470734, 9.07253265381, 11.6166877747, 5.84675598145, 11.9225034714, 15.8556661606, 13.2287187576, 14.3411006927, 21.7492866516, 32.1676025391, 32.5755195618, 25.6385364532, 25.7998085022, 28.4600143433, 29.583694458, 33.0040664673, 26.4245243073, 33.3968544006, 36.8476486206, 36.9694404602, 28.737405777, 23.7832603455, 18.5063037872, 21.6804466248, 22.0550422668, 22.9358844757, 18.5093841553, 18.8273792267, 13.4374046326, 11.2336597443, 10.6969366074, 6.02924108505, 4.03657150269, 2.32675623894, 0.877986311913, 0.300175964832, 0.0723356306553, 0.00735582457855, 0.000119429329061],
        "dvar": [0.82890611887, 21.15666008, 205.832214355, 430.322631836, 73.7268218994, 385.572875977, 658.909484863, 176.339187622, 325.333862305, 950.750976562, 1589.2545166, 1377.45288086, 1458.17724609, 1523.4465332, 1306.58288574, 1025.01525879, 1544.82580566, 789.398132324, 1035.71142578, 1408.54882812, 1653.41992188, 958.166625977, 550.061767578, 331.136688232, 517.663635254, 544.680053711, 703.449951172, 430.647979736, 515.706848145, 235.362335205, 156.855773926, 169.569229126, 45.1520805359, 18.5397014618, 8.3516998291, 1.06800866127, 0.130242601037, 0.00925673358142, 0.000100200864836, 2.12444497549e-08],
        "dvar2": [1.67470932007, 35.2272949219, 456.908905029, 1151.0637207, 186.143325806, 1094.02319336, 1873.02038574, 453.88079834, 720.564331055, 2046.61584473, 3560.50415039, 3251.6027832, 3253.19580078, 3439.4519043, 3115.60058594, 2539.83666992, 3917.04101562, 2044.26013184, 2591.78540039, 3830.94921875, 4065.13989258, 2299.85742188, 1395.23327637, 851.38269043, 1261.15100098, 1404.13098145, 1837.17175293, 1033.59411621, 1398.65075684, 571.718811035, 364.861572266, 439.231201172, 101.163352966, 42.1297531128, 18.3893871307, 2.21445298195, 0.280155062675, 0.0200792662799, 0.000237635802478, 4.77307828817e-08],
        "max": [7.60515022278, 33.9901161194, 102.062675476, 160.348114014, 103.716827393, 136.871704102, 206.093017578, 293.532958984, 383.473937988, 1006.6595459, 707.597106934, 659.003112793, 1037.75061035, 939.507568359, 984.545043945, 551.524108887, 1582.60119629, 588.03692627, 494.47354126, 431.737091064, 644.182067871, 388.92956543, 287.071502686, 370.680908203, 333.080474854, 243.662567139, 223.4090271, 204.292251587, 220.400131226, 185.220123291, 178.934295654, 162.378234863, 90.6484603882, 56.8790779114, 48.9252929688, 14.3245983124, 4.76368188858, 2.40567350388, 0.19138276577, 0.00289729074575],
        "mean": [1.1960657835, 4.8373966217, 7.42069482803, 6.36708879471, 4.10652971268, 6.4085059166, 7.99874830246, 8.88638114929, 12.5188083649, 20.6441822052, 28.2922229767, 25.152431488, 23.1080417633, 20.9456501007, 24.4940929413, 24.2046203613, 24.4151134491, 21.7362308502, 26.8805751801, 27.6176567078, 29.1153068542, 24.8462238312, 21.3634414673, 18.8494739532, 20.5901241302, 21.0406246185, 21.7012767792, 18.5163917542, 17.6893577576, 15.4347038269, 13.2848520279, 11.2056217194, 7.68370580673, 5.22548341751, 2.90270280838, 1.17479085922, 0.399857074022, 0.0947420224547, 0.00714748539031, 0.000193307772861],
        "median": [0.0126522704959, 0.202083781362, 0.819966137409, 1.0789629221, 1.38109982014, 1.41545808315, 1.70986652374, 4.07750320435, 4.86131095886, 6.19465351105, 8.25307178497, 8.01451873779, 7.10953569412, 6.67804145813, 9.82811260223, 9.70797538757, 8.81053829193, 9.64812278748, 12.5311794281, 13.3603935242, 13.4407892227, 11.1685380936, 10.6982030869, 11.0854558945, 10.2822008133, 9.28503704071, 9.22675895691, 5.83615589142, 5.64383649826, 4.14394378662, 3.49692392349, 2.79641199112, 2.36319375038, 1.62113630772, 0.750703215599, 0.283850669861, 0.0848129540682, 0.0163707174361, 0.000813169637695, 0.000102350240923],
        "min": [1.21878843249e-21, 6.03332614099e-21, 6.28177234213e-21, 1.04456141571e-20, 2.89471176816e-20, 8.92051799728e-20, 2.98659272878e-19, 2.33357809613e-19, 7.28614597942e-19, 7.37511390719e-19, 1.70051904066e-18, 1.14197256986e-18, 4.24368469658e-19, 1.07671329281e-18, 1.88602266823e-18, 4.08003321624e-18, 3.01022502039e-18, 3.06673365714e-18, 6.31516125814e-18, 9.9480007829e-18, 7.97842336023e-18, 1.31125613688e-17, 8.34270708455e-18, 9.82283512134e-18, 1.4915745621e-17, 2.17408691034e-17, 1.31999099871e-17, 1.65422192789e-17, 1.44619311759e-17, 1.95394933392e-17, 1.85688233602e-17, 1.44540266379e-17, 1.73215888521e-17, 1.46654490394e-17, 9.10517983933e-18, 5.68513252715e-18, 4.367022289e-18, 1.35855192548e-18, 3.51996809354e-19, 3.85464937603e-20],
        "var": [2.87229847908, 57.2722854614, 245.50668335, 309.697296143, 62.7211265564, 257.567871094, 475.559112549, 229.237228394, 717.807983398, 2158.91113281, 3305.80078125, 2827.44067383, 2890.92700195, 2549.15673828, 2406.88427734, 1711.57189941, 3070.08007812, 1130.72705078, 1425.27233887, 1555.20092773, 1925.84777832, 1279.46801758, 749.876342773, 518.492370605, 724.272521973, 781.266845703, 859.320861816, 667.130554199, 633.404541016, 453.596679688, 347.226318359, 275.367401123, 110.569587708, 50.7911453247, 18.3776340485, 2.91046333313, 0.361396610737, 0.0246556550264, 0.000201265807846, 6.64061872158e-08]
    },
    "gfcc": {
        "mean": [-28.9328727722, 59.2146682739, -118.193092346, 29.7831516266, -52.9503326416, 13.0003461838, -30.3677711487, 10.8928222656, -16.6057853699, 6.79046201706, -12.3006706238, 1.4290946722, -8.08864498138],
        "cov": [[33333.9023438, -3918.46142578, 1610.60473633, 1242.15405273, -694.513977051, 1866.87780762, -617.513305664, 1072.25964355, -746.136291504, 789.08770752, -905.289123535, 700.041259766, -540.440856934], [-3918.46142578, 5375.48828125, -1378.07592773, -403.324066162, 352.5362854, -1037.63134766, 403.975372314, -692.691040039, 415.682342529, -551.424987793, 338.849334717, -626.765441895, 66.6475982666], [1610.60473633, -1378.07592773, 3442.23632812, 1777.24230957, 925.495117188, 1197.97045898, 458.283996582, 462.914031982, -41.8262710571, 183.208480835, -203.228759766, 277.019195557, -100.262077332], [1242.15405273, -403.324066162, 1777.24230957, 1373.1114502, 608.612976074, 732.958984375, 324.403717041, 224.035400391, 46.3328018188, 66.0030441284, -103.802017212, 79.9225006104, -73.8166427612], [-694.513977051, 352.5362854, 925.495117188, 608.612976074, 620.790649414, 351.80657959, 326.849945068, 82.4418563843, 100.642707825, -13.917807579, 18.8550167084, -3.11612296104, -19.7187404633], [1866.87780762, -1037.63134766, 1197.97045898, 732.958984375, 351.80657959, 760.608764648, 188.239425659, 304.084320068, -29.184425354, 157.167358398, -84.4354324341, 165.910919189, -46.6645355225], [-617.513305664, 403.975372314, 458.283996582, 324.403717041, 326.849945068, 188.239425659, 357.756591797, 89.0556335449, 138.6587677, -10.3580799103, 36.0268745422, -32.3135261536, -6.66162776947], [1072.25964355, -692.691040039, 462.914031982, 224.035400391, 82.4418563843, 304.084320068, 89.0556335449, 295.940551758, 38.6392936707, 149.645446777, -36.6697120667, 116.359115601, -4.86328268051], [-746.136291504, 415.682342529, -41.8262710571, 46.3328018188, 100.642707825, -29.184425354, 138.6587677, 38.6392936707, 193.323425293, 25.618434906, 65.77318573, -58.8567047119, -5.49558639526], [789.08770752, -551.424987793, 183.208480835, 66.0030441284, -13.917807579, 157.167358398, -10.3580799103, 149.645446777, 25.618434906, 175.300979614, 17.4636287689, 96.1477890015, -13.5784749985], [-905.289123535, 338.849334717, -203.228759766, -103.802017212, 18.8550167084, -84.4354324341, 36.0268745422, -36.6697120667, 65.77318573, 17.4636287689, 141.9947052, 8.69451141357, 33.7552108765], [700.041259766, -626.765441895, 277.019195557, 79.9225006104, -3.11612296104, 165.910919189, -32.3135261536, 116.359115601, -58.8567047119, 96.1477890015, 8.69451141357, 194.174179077, 52.7648658752], [-540.440856934, 66.6475982666, -100.262077332, -73.8166427612, -19.7187404633, -46.6645355225, -6.66162776947, -4.86328268051, -5.49558639526, -13.5784749985, 33.7552108765, 52.7648658752, 123.143951416]],
        "icov": [[8.50600699778e-05, -0.000183368072612, 0.000101768964669, -8.01651112852e-05, 0.00020652465173, -0.000280239852145, 6.75187329762e-05, -0.000157363188919, 0.000281103508314, -0.000418612471549, 0.00066393672023, -0.000518797838595, 0.000438351504272], [-0.000183368072612, 0.00116015016101, -0.000136689370265, -2.46662420977e-05, -0.000893993652426, 0.00126895913854, -0.000569090188947, 0.000732005399186, -0.0010652106721, 0.00184549193364, -0.0024971596431, 0.00221615098417, -0.00133200420532], [0.000101768964669, -0.000136689370265, 0.00151554378681, -0.00120782281738, -0.000711629050784, -0.000243035887252, -0.000366293184925, -0.000382939382689, 0.00100319029298, -0.000828533957247, 0.00170589855406, -0.00174886558671, 0.00102470989805], [-8.01651112852e-05, -2.46662420977e-05, -0.00120782281738, 0.00316930678673, -0.000499879184645, -0.00160422548652, 0.000306567264488, 0.00100446131546, -0.00163018831518, 0.000735233130399, 0.000142269491334, 0.000677057309076, -0.000374559022021], [0.00020652465173, -0.000893993652426, -0.000711629050784, -0.000499879184645, 0.00619684765115, -0.00234469934367, -0.00190494104754, 0.00042630569078, -4.33354362031e-05, -1.15252669275e-05, 0.000312481395667, -0.00115420483053, 0.000934434647206], [-0.000280239852145, 0.00126895913854, -0.000243035887252, -0.00160422548652, -0.00234469934367, 0.00738435611129, -0.00171514251269, -0.00195956300013, 0.00174099591095, -1.13624128062e-05, -0.00242901733145, 0.00149311579298, -0.000721050659195], [6.75187329762e-05, -0.000569090188947, -0.000366293184925, 0.000306567264488, -0.00190494104754, -0.00171514251269, 0.00868414342403, -0.00285185524262, -0.0035094039049, 0.00291558844037, -0.00101485522464, 0.000398445845349, 0.00016436324222], [-0.000157363188919, 0.000732005399186, -0.000382939382689, 0.00100446131546, 0.00042630569078, -0.00195956300013, -0.00285185524262, 0.0123195629567, -0.00456176884472, -0.00473543303087, 0.00340916472487, -0.00174628547393, -0.00205048406497], [0.000281103508314, -0.0010652106721, 0.00100319029298, -0.00163018831518, -4.33354362031e-05, 0.00174099591095, -0.0035094039049, -0.00456176884472, 0.0151956463233, -0.00671544112265, -0.0012788354652, 0.0032078800723, 0.000846267619636], [-0.000418612471549, 0.00184549193364, -0.000828533957247, 0.000735233130399, -1.15252669275e-05, -1.13624128062e-05, 0.00291558844037, -0.00473543303087, -0.00671544112265, 0.0205949414521, -0.00948411598802, -0.000598686921876, 0.00172217097133], [0.00066393672023, -0.0024971596431, 0.00170589855406, 0.000142269491334, 0.000312481395667, -0.00242901733145, -0.00101485522464, 0.00340916472487, -0.0012788354652, -0.00948411598802, 0.0212383214384, -0.0103934807703, 0.00247773225419], [-0.000518797838595, 0.00221615098417, -0.00174886558671, 0.000677057309076, -0.00115420483053, 0.00149311579298, 0.000398445845349, -0.00174628547393, 0.0032078800723, -0.000598686921876, -0.0103934807703, 0.0206869933754, -0.0100986054167], [0.000438351504272, -0.00133200420532, 0.00102470989805, -0.000374559022021, 0.000934434647206, -0.000721050659195, 0.00016436324222, -0.00205048406497, 0.000846267619636, 0.00172217097133, 0.00247773225419, -0.0100986054167, 0.0150549039245]]
    },
    "melbands": {
        "dmean": [0.00354363373481, 0.00280934339389, 0.00104018382262, 0.000328015477862, 0.000317201775033, 0.000174234985025, 0.000139730211231, 0.000158900147653, 0.000164696859429, 0.000118064817798, 7.93167782831e-05, 6.5249754698e-05, 5.73017059651e-05, 5.64479560126e-05, 4.59865768789e-05, 3.73871480406e-05, 3.12696611218e-05, 3.37506680808e-05, 3.14039789373e-05, 2.76711798506e-05, 2.79484556813e-05, 1.89535494428e-05, 1.82759904419e-05, 1.11573017421e-05, 9.50514004217e-06, 1.00083225334e-05, 1.03443644548e-05, 9.24785581446e-06, 9.20679667615e-06, 7.64720334701e-06, 6.79704635331e-06, 6.94495611242e-06, 5.21129140907e-06, 4.96381062476e-06, 4.26418819188e-06, 4.62719617644e-06, 3.7833440274e-06, 3.0013320611e-06, 2.55265649685e-06, 2.25930421038e-06],
        "dmean2": [0.00492134457454, 0.00383151997812, 0.00172332825605, 0.00057282630587, 0.000573390629143, 0.000296406098641, 0.000225041105296, 0.000249139266089, 0.000265909096925, 0.000197554341867, 0.000126922357595, 0.000105467057438, 9.41206162679e-05, 9.23680054257e-05, 7.73208303144e-05, 6.35084943497e-05, 5.21215551998e-05, 5.53578138351e-05, 5.30135039298e-05, 4.71338644275e-05, 4.61581912532e-05, 3.10981558869e-05, 3.00490592053e-05, 1.83817628567e-05, 1.55591897055e-05, 1.64359153132e-05, 1.69189661392e-05, 1.53391501954e-05, 1.5186525161e-05, 1.27057292048e-05, 1.13017049443e-05, 1.19505148177e-05, 8.55724647408e-06, 8.01187798061e-06, 6.93591073286e-06, 7.7760687418e-06, 6.22197330813e-06, 4.67155314254e-06, 3.94965036321e-06, 3.57586827704e-06],
        "dvar": [3.94709495595e-05, 3.1893774576e-05, 9.12751875148e-06, 7.7367093354e-07, 9.01049247659e-07, 8.86448248139e-08, 8.41309741872e-08, 1.1117646892e-07, 9.66391482393e-08, 5.11887812138e-08, 3.735840437e-08, 2.74174905002e-08, 1.47630219161e-08, 1.06049675708e-08, 8.00010813151e-09, 4.24984047953e-09, 3.194879028e-09, 2.93465274304e-09, 3.01705749273e-09, 2.42311504195e-09, 2.62465849055e-09, 1.12419651366e-09, 1.07154429774e-09, 3.19195420095e-10, 2.31314606358e-10, 2.63066152195e-10, 3.35025840403e-10, 2.52587561977e-10, 3.04661101902e-10, 1.62934415959e-10, 1.6335453823e-10, 2.02231717483e-10, 8.37943048282e-11, 8.46464634496e-11, 5.42101676049e-11, 9.11606345966e-11, 5.45135360464e-11, 2.84107980197e-11, 1.75132703478e-11, 1.50870860943e-11],
        "dvar2": [7.32967819204e-05, 5.82355678489e-05, 2.35761908698e-05, 2.12676923184e-06, 2.56250314123e-06, 2.30059370665e-07, 1.84300802175e-07, 2.36860216773e-07, 2.18240955974e-07, 1.2004275618e-07, 8.32436057863e-08, 6.17288336002e-08, 3.67326897788e-08, 2.59914489931e-08, 2.02068637378e-08, 1.08086375405e-08, 8.30645952021e-09, 7.33465421732e-09, 8.15085687833e-09, 6.49688836063e-09, 6.33365138114e-09, 2.68823163729e-09, 2.79647216495e-09, 8.26493207207e-10, 6.0366783794e-10, 6.71025124355e-10, 8.28967727795e-10, 6.61661170298e-10, 7.92227394797e-10, 4.13843126434e-10, 4.01714272957e-10, 5.55342216657e-10, 2.1622337254e-10, 2.04749259214e-10, 1.28830918156e-10, 2.4026003409e-10, 1.38142525197e-10, 6.73261724149e-11, 3.90981379217e-11, 3.6297312378e-11],
        "max": [0.0503792986274, 0.0459090694785, 0.0236393827945, 0.00646943505853, 0.00708130560815, 0.0059595759958, 0.00589295243844, 0.00931686256081, 0.0054595428519, 0.00423391023651, 0.00514608388767, 0.00411171652377, 0.00282132346183, 0.00217412179336, 0.00364089524373, 0.00186131289229, 0.00115709821694, 0.0007375847199, 0.000538197346032, 0.000596060126554, 0.000897686113603, 0.000453320390079, 0.000336722965585, 0.000287874659989, 0.000314284930937, 0.000250155193498, 0.000178216942004, 0.000181800627615, 0.000138215022162, 0.000132818095153, 0.000147931117681, 0.000134988804348, 9.19160520425e-05, 0.000113508976938, 0.000118420066428, 0.000103198624856, 0.000119407377497, 8.3924154751e-05, 4.91717073601e-05, 4.60417177237e-05],
        "mean": [0.00913653429598, 0.00484719872475, 0.00104176090099, 0.00036143953912, 0.000290316238534, 0.000198782188818, 0.000200867943931, 0.000238433261984, 0.000227658383665, 0.000151395186549, 0.000112169815111, 8.21008943603e-05, 7.66752418713e-05, 7.3752780736e-05, 5.68320101593e-05, 4.5784341637e-05, 4.00533754146e-05, 4.22080556746e-05, 3.94105372834e-05, 3.43673673342e-05, 3.43438441632e-05, 2.56620187429e-05, 2.32817783399e-05, 1.67307134689e-05, 1.48300150613e-05, 1.50037476487e-05, 1.46210459206e-05, 1.36735379783e-05, 1.35617265187e-05, 1.19807818919e-05, 1.036827598e-05, 1.0121689229e-05, 8.87508304004e-06, 8.59243573359e-06, 7.64007745602e-06, 7.48335878598e-06, 6.48071181786e-06, 5.41921644981e-06, 4.87530542159e-06, 4.21038339482e-06],
        "median": [0.000183769865544, 0.000389018998249, 0.000206350494409, 0.000108854728751, 6.00948806095e-05, 9.09799491637e-05, 7.19050658518e-05, 6.84717524564e-05, 6.37327539152e-05, 4.50449770142e-05, 3.05891007883e-05, 2.29495235544e-05, 2.79492687696e-05, 2.78937641269e-05, 2.00888644031e-05, 1.71388492163e-05, 1.50612859215e-05, 1.79682665475e-05, 1.85480948858e-05, 1.54566932906e-05, 1.4637458662e-05, 1.10855953608e-05, 9.73662736214e-06, 8.69412360771e-06, 8.21964931674e-06, 8.04907540441e-06, 6.22182642473e-06, 5.61311617275e-06, 5.37348660146e-06, 4.87076476929e-06, 2.79468144981e-06, 2.9139232538e-06, 2.64614050138e-06, 1.93306573237e-06, 1.98354086933e-06, 1.70086366325e-06, 1.61064929216e-06, 1.51984920649e-06, 1.52273787535e-06, 1.19804940368e-06],
        "min": [1.04443156479e-23, 5.33721082038e-24, 1.71195536815e-24, 4.78372194902e-24, 8.26094982175e-24, 6.41551386363e-24, 1.01245327361e-23, 9.1013170332e-24, 1.36873725275e-23, 5.75439083821e-24, 1.82968378635e-24, 4.12111902054e-24, 5.13639404961e-24, 1.27939749305e-23, 7.64545924425e-24, 6.09769284897e-24, 5.4168688113e-24, 8.4779126031e-24, 1.52258911064e-23, 9.43341248594e-24, 1.01657601848e-23, 1.20736297504e-23, 1.28908399499e-23, 5.66889212115e-24, 7.85259360758e-24, 9.87924827058e-24, 1.40202276533e-23, 1.4688545879e-23, 8.24348049701e-24, 9.57322467075e-24, 9.37510698757e-24, 8.75895297805e-24, 7.36115692946e-24, 1.26118940007e-23, 1.16593097478e-23, 7.39960364339e-24, 9.66730422231e-24, 1.13193903726e-23, 1.37424507959e-23, 1.11353956662e-23],
        "var": [0.000150248146383, 6.58822536934e-05, 7.13014833309e-06, 5.59286263524e-07, 6.30489068953e-07, 1.12042222611e-07, 1.96643597405e-07, 2.64695330543e-07, 2.02887207479e-07, 1.06530123389e-07, 7.3015392843e-08, 4.51497328413e-08, 2.56146872601e-08, 1.88946831514e-08, 1.44509932909e-08, 7.2205637025e-09, 4.59124693819e-09, 3.88422805031e-09, 3.31439142798e-09, 2.72517008959e-09, 3.02218516879e-09, 1.4960679362e-09, 1.21720866719e-09, 4.81021944498e-10, 3.49251016996e-10, 3.61009167005e-10, 4.38498404254e-10, 3.48921919135e-10, 3.66085883829e-10, 2.50637982591e-10, 2.36154845679e-10, 2.2821676493e-10, 1.43916031869e-10, 1.5654183505e-10, 1.17071768946e-10, 1.32602859249e-10, 9.33220861699e-11, 5.8783818091e-11, 4.53856570382e-11, 3.58581948856e-11]
    },
    "mfcc": {
        "mean": [-660.801696777, 90.2128601074, -3.62132620811, 17.220911026, 3.33664917946, 4.66494989395, 0.867827177048, 2.55037498474, 3.72878265381, 4.76148843765, 1.39552605152, 3.3114130497, 3.75399827957],
        "cov": [[17844.2363281, -2027.94262695, 1055.39904785, 225.845275879, 302.613037109, 532.095092773, 295.429962158, 411.207183838, 266.461029053, 152.684417725, 8.601978302, 124.792602539, -39.6019935608], [-2027.94262695, 3396.33251953, -848.897766113, 2.68939232826, -239.358657837, -328.750427246, -213.106246948, -229.802352905, -185.60144043, -46.4120292664, 19.9719791412, -43.0787696838, -21.5864601135], [1055.39904785, -848.897766113, 2067.68969727, 975.883666992, 827.731140137, 826.085205078, 592.285827637, 536.805786133, 374.896453857, 176.566772461, 125.5938797, 50.1727600098, 64.894744873], [225.845275879, 2.68939232826, 975.883666992, 802.760864258, 496.53125, 490.932037354, 313.81628418, 299.528045654, 212.506286621, 120.131278992, 100.033821106, 43.1066436768, 41.958480835], [302.613037109, -239.358657837, 827.731140137, 496.53125, 541.715820312, 454.988067627, 321.809234619, 273.649383545, 184.543243408, 98.803894043, 67.0620422363, 37.07862854, 42.5191574097], [532.095092773, -328.750427246, 826.085205078, 490.932037354, 454.988067627, 549.40637207, 343.680450439, 301.426300049, 182.74156189, 116.940231323, 85.1983642578, 49.9663581848, 46.1080207825], [295.429962158, -213.106246948, 592.285827637, 313.81628418, 321.809234619, 343.680450439, 343.804443359, 245.880813599, 165.412628174, 78.8196792603, 66.554397583, 37.9721832275, 51.2042541504], [411.207183838, -229.802352905, 536.805786133, 299.528045654, 273.649383545, 301.426300049, 245.880813599, 281.636932373, 181.082183838, 105.94367218, 66.4814529419, 49.5400733948, 42.8037834167], [266.461029053, -185.60144043, 374.896453857, 212.506286621, 184.543243408, 182.74156189, 165.412628174, 181.082183838, 203.783157349, 108.919593811, 73.9786758423, 27.8452472687, 29.5179862976], [152.684417725, -46.4120292664, 176.566772461, 120.131278992, 98.803894043, 116.940231323, 78.8196792603, 105.94367218, 108.919593811, 149.595123291, 92.4864654541, 52.1359367371, 21.6838474274], [8.601978302, 19.9719791412, 125.5938797, 100.033821106, 67.0620422363, 85.1983642578, 66.554397583, 66.4814529419, 73.9786758423, 92.4864654541, 139.449951172, 80.3121261597, 34.995349884], [124.792602539, -43.0787696838, 50.1727600098, 43.1066436768, 37.07862854, 49.9663581848, 37.9721832275, 49.5400733948, 27.8452472687, 52.1359367371, 80.3121261597, 122.359718323, 59.6907043457], [-39.6019935608, -21.5864601135, 64.894744873, 41.958480835, 42.5191574097, 46.1080207825, 51.2042541504, 42.8037834167, 29.5179862976, 21.6838474274, 34.995349884, 59.6907043457, 100.047203064]],
