{
"lowlevel": {
    "average_loudness": 0.924577832222,
    "barkbands_crest": {
        "dmean": 2.78728985786,
        "dmean2": 4.41215991974,
        "dvar": 8.12186527252,
        "dvar2": 19.9222431183,
        "max": 26.6298904419,
        "mean": 11.1984758377,
        "median": 10.6201763153,
        "min": 2.0428185463,
        "var": 26.750629425
    },
    "barkbands_flatness_db": {
        "dmean": 0.0275477729738,
        "dmean2": 0.0426641665399,
        "dvar": 0.00143365177792,
        "dvar2": 0.0031266969163,
        "max": 0.655192553997,
        "mean": 0.111234717071,
        "median": 0.081754155457,
        "min": 0.0165030378848,
        "var": 0.00896782241762
    },
    "barkbands_kurtosis": {
        "dmean": 8.3159236908,
        "dmean2": 13.9968614578,
        "dvar": 3635.28735352,
        "dvar2": 10893.9804688,
        "max": 3846.33959961,
        "mean": 6.78889322281,
        "median": -0.0661678314209,
        "min": -1.88120102882,
        "var": 3397.19506836
    },
    "barkbands_skewness": {
        "dmean": 0.820182681084,
        "dmean2": 1.26879274845,
        "dvar": 2.19107460976,
        "dvar2": 5.21326684952,
        "max": 55.9267883301,
        "mean": 1.47151386738,
        "median": 0.976013481617,
        "min": -3.81135177612,
        "var": 4.2252163887
    },
    "barkbands_spread": {
        "dmean": 9.82478046417,
        "dmean2": 15.5541448593,
        "dvar": 126.84425354,
        "dvar2": 296.52255249,
        "max": 111.165863037,
        "mean": 40.3133621216,
        "median": 38.9941940308,
        "min": 0.111002236605,
        "var": 522.44708252
    },
    "dissonance": {
        "dmean": 0.0104385521263,
        "dmean2": 0.0182012971491,
        "dvar": 0.000225194016821,
        "dvar2": 0.000690105254762,
        "max": 0.500000178814,
        "mean": 0.484885126352,
        "median": 0.490755081177,
        "min": 0.199698254466,
        "var": 0.000623204570729
    },
    "dynamic_complexity": 3.60182023048,
    "erbbands_crest": {
        "dmean": 2.3622174263,
        "dmean2": 4.01345062256,
        "dvar": 6.52296686172,
        "dvar2": 17.1875953674,
        "max": 28.1400871277,
        "mean": 6.75611448288,
        "median": 5.56690359116,
        "min": 2.00187397003,
        "var": 13.3535242081
    },
    "erbbands_flatness_db": {
        "dmean": 0.0156099591404,
        "dmean2": 0.025057265535,
        "dvar": 0.000307967071421,
        "dvar2": 0.00076031050412,
        "max": 0.431296378374,
        "mean": 0.126517102122,
        "median": 0.114485740662,
        "min": 0.0257131382823,
        "var": 0.00330019975081
    },
    "erbbands_kurtosis": {
        "dmean": 1.01096940041,
        "dmean2": 1.73333370686,
        "dvar": 6.50055742264,
        "dvar2": 18.4673061371,
        "max": 117.629898071,
        "mean": 0.465396761894,
        "median": -0.170730829239,
        "min": -1.89286386967,
        "var": 13.7911272049
    },
    "erbbands_skewness": {
        "dmean": 0.407323867083,
        "dmean2": 0.640935540199,
        "dvar": 0.236730188131,
        "dvar2": 0.548789620399,
        "max": 6.01301193237,
        "mean": -0.0457578115165,
        "median": -0.119422368705,
        "min": -2.43215799332,
        "var": 0.59041672945
    },
    "erbbands_spread": {
        "dmean": 9.76693916321,
        "dmean2": 16.0251331329,
        "dvar": 153.12828064,
        "dvar2": 412.059692383,
        "max": 150.764572144,
        "mean": 42.4610404968,
        "median": 40.3848838806,
        "min": 1.1930450201,
        "var": 320.132354736
    },
    "hfc": {
        "dmean": 16.6495819092,
        "dmean2": 25.5702018738,
        "dvar": 658.67401123,
        "dvar2": 1484.64758301,
        "max": 320.964447021,
        "mean": 51.7353858948,
        "median": 45.3854217529,
        "min": 1.1567705291e-16,
        "var": 1947.38806152
    },
    "melbands_crest": {
        "dmean": 3.8910446167,
        "dmean2": 6.18395376205,
        "dvar": 16.7611846924,
        "dvar2": 40.8727264404,
        "max": 39.9838142395,
        "mean": 20.8059101105,
        "median": 21.9840984344,
        "min": 1.90638077259,
        "var": 73.7090148926
    },
    "melbands_flatness_db": {
        "dmean": 0.0363345108926,
        "dmean2": 0.0561821013689,
        "dvar": 0.002204912249,
        "dvar2": 0.00481636077166,
        "max": 0.82233273983,
        "mean": 0.172142967582,
        "median": 0.139419525862,
        "min": 0.00910199992359,
        "var": 0.014736357145
    },
    "melbands_kurtosis": {
        "dmean": 16.7014751434,
        "dmean2": 27.3881053925,
        "dvar": 11419.7021484,
        "dvar2": 30481.328125,
        "max": 8572.6484375,
        "mean": 22.206533432,
        "median": 6.71967506409,
        "min": -1.56726968288,
        "var": 12767.8183594
    },
    "melbands_skewness": {
        "dmean": 1.14955341816,
        "dmean2": 1.83327102661,
        "dvar": 3.1356780529,
        "dvar2": 7.56174898148,
        "max": 88.1756896973,
        "mean": 3.15433883667,
        "median": 2.53082203865,
        "min": -2.12016272545,
        "var": 7.46027803421
    },
    "melbands_spread": {
        "dmean": 13.6121149063,
        "dmean2": 22.2070770264,
        "dvar": 316.831787109,
        "dvar2": 824.66998291,
        "max": 201.929550171,
        "mean": 37.9607315063,
        "median": 35.6577796936,
        "min": 0.0879745483398,
        "var": 649.881408691
    },
    "pitch_salience": {
        "dmean": 0.0893615335226,
        "dmean2": 0.143859729171,
        "dvar": 0.00903804320842,
        "dvar2": 0.0226541981101,
        "max": 0.973023056984,
        "mean": 0.505383610725,
        "median": 0.513018608093,
        "min": 0.00459048338234,
        "var": 0.026243859902
    },
    "silence_rate_20dB": {
        "dmean": 0,
        "dmean2": 0,
        "dvar": 0,
        "dvar2": 0,
        "max": 1,
        "mean": 1,
        "median": 1,
        "min": 1,
        "var": 0
    },
    "silence_rate_30dB": {
        "dmean": 0.0105206845328,
        "dmean2": 0.0210432447493,
        "dvar": 0.0104110948741,
        "dvar2": 0.0241689831018,
        "max": 1,
        "mean": 0.990906655788,
        "median": 1,
        "min": 0,
        "var": 0.00901139806956
    },
    "silence_rate_60dB": {
        "dmean": 0.0119472183287,
        "dmean2": 0.0238965675235,
        "dvar": 0.0118062095717,
        "dvar2": 0.0263525675982,
        "max": 1,
        "mean": 0.0591958649457,
        "median": 0,
        "min": 0,
        "var": 0.0556934438646
    },
    "spectral_centroid": {
        "dmean": 377.879516602,
        "dmean2": 599.092529297,
        "dvar": 185641.328125,
        "dvar2": 409332.25,
        "max": 11013.1035156,
        "mean": 2279.67407227,
        "median": 2388.6418457,
        "min": 93.8120498657,
        "var": 600714.5625
    },
    "spectral_complexity": {
        "dmean": 6.55064201355,
        "dmean2": 10.3013820648,
        "dvar": 57.9655570984,
        "dvar2": 117.056411743,
        "max": 63,
        "mean": 32.3465270996,
        "median": 36,
        "min": 0,
        "var": 242.779159546
    },
    "spectral_decrease": {
        "dmean": 1.84267467951e-09,
        "dmean2": 2.78325495984e-09,
        "dvar": 7.07234295213e-18,
        "dvar2": 1.48690413492e-17,
        "max": 2.65591005546e-29,
        "mean": -9.24832743721e-09,
        "median": -9.3996863626e-09,
        "min": -3.63787115987e-08,
        "var": 3.01752542696e-17
    },
    "spectral_energy": {
        "dmean": 0.00692442292348,
        "dmean2": 0.0104193016887,
        "dvar": 9.90349144558e-05,
        "dvar2": 0.000206546581467,
        "max": 0.13776384294,
        "mean": 0.0395978987217,
        "median": 0.041788212955,
        "min": 1.03920025136e-20,
        "var": 0.000483592157252
    },
    "spectral_energyband_high": {
        "dmean": 0.00180846534204,
        "dmean2": 0.00278080487624,
        "dvar": 8.09352604847e-06,
        "dvar2": 1.81558261829e-05,
        "max": 0.034111879766,
        "mean": 0.00459406059235,
        "median": 0.00339302467182,
        "min": 7.66854185077e-21,
        "var": 2.15579639189e-05
    },
    "spectral_energyband_low": {
        "dmean": 0.00684289215133,
        "dmean2": 0.0105308899656,
        "dvar": 0.000114830836537,
        "dvar2": 0.000253057020018,
        "max": 0.118875101209,
        "mean": 0.0213535502553,
        "median": 0.0193634014577,
        "min": 8.97495697785e-23,
        "var": 0.000401202327339
    },
    "spectral_energyband_middle_high": {
        "dmean": 0.00271180248819,
        "dmean2": 0.00435203174129,
        "dvar": 1.12116495075e-05,
        "dvar2": 2.62340163317e-05,
        "max": 0.0374945253134,
        "mean": 0.00790396891534,
        "median": 0.00599007355049,
        "min": 1.36156867175e-21,
        "var": 4.35897090938e-05
    },
    "spectral_energyband_middle_low": {
        "dmean": 0.00404074974358,
        "dmean2": 0.00678999908268,
        "dvar": 7.75252701715e-05,
        "dvar2": 0.000202218914637,
        "max": 0.0973122939467,
        "mean": 0.00614094687626,
        "median": 0.00400658510625,
        "min": 4.16383631187e-22,
        "var": 7.25620702724e-05
    },
    "spectral_entropy": {
        "dmean": 0.123154744506,
        "dmean2": 0.197237238288,
        "dvar": 0.0439274981618,
        "dvar2": 0.0960864126682,
        "max": 9.8177318573,
        "mean": 8.09721755981,
        "median": 8.23967933655,
        "min": 3.86196637154,
        "var": 0.421806484461
    },
    "spectral_flux": {
        "dmean": 0.0244568753988,
        "dmean2": 0.038332555443,
        "dvar": 0.00108805391937,
        "dvar2": 0.00206949934363,
        "max": 0.362082779408,
        "mean": 0.106019549072,
        "median": 0.0997902080417,
        "min": 1.01941170783e-10,
        "var": 0.00312642334029
    },
    "spectral_kurtosis": {
        "dmean": 1.68092608452,
        "dmean2": 2.90500235558,
        "dvar": 51.617565155,
        "dvar2": 161.079330444,
        "max": 258.131408691,
        "mean": 5.82573413849,
        "median": 2.18037843704,
        "min": -1.2138415575,
        "var": 474.120697021
    },
    "spectral_rms": {
        "dmean": 0.000570582400542,
        "dmean2": 0.00086448941147,
        "dvar": 6.87265014676e-07,
        "dvar2": 1.50468940774e-06,
        "max": 0.011593262665,
        "mean": 0.00584843708202,
        "median": 0.00638505956158,
        "min": 3.18410727472e-12,
        "var": 4.42779810328e-06
    },
    "spectral_rolloff": {
        "dmean": 1061.61962891,
        "dmean2": 1713.72570801,
        "dvar": 1739876.375,
        "dvar2": 3852744,
        "max": 18238.6230469,
        "mean": 2872.47924805,
        "median": 2347.11914062,
        "min": 21.533203125,
        "var": 5745793
    },
    "spectral_skewness": {
        "dmean": 0.183780640364,
        "dmean2": 0.299343407154,
        "dvar": 0.10871745646,
        "dvar2": 0.321937829256,
        "max": 13.7868356705,
        "mean": 1.37707340717,
        "median": 1.15624916553,
        "min": -0.10566008836,
        "var": 1.78363406658
    },
    "spectral_spread": {
        "dmean": 476123.84375,
        "dmean2": 740436.25,
        "dvar": 332933955584,
        "dvar2": 607311101952,
        "max": 40952660,
        "mean": 5552577.5,
        "median": 5559504.5,
        "min": 352966.96875,
        "var": 2.95747059712e+12
    },
    "spectral_strongpeak": {
        "dmean": 0.311454772949,
        "dmean2": 0.538665413857,
        "dvar": 0.399815440178,
        "dvar2": 1.13237905502,
        "max": 8.532579422,
        "mean": 0.517036557198,
        "median": 0.291776001453,
        "min": 0,
        "var": 0.49321308732
    },
    "zerocrossingrate": {
        "dmean": 0.0156764574349,
        "dmean2": 0.0187382884324,
        "dvar": 0.000317911297316,
        "dvar2": 0.000408243387938,
        "max": 0.5537109375,
        "mean": 0.0891671106219,
        "median": 0.0869140625,
        "min": 0,
        "var": 0.00265644514002
    },
    "barkbands": {
        "dmean": [0.00160883646458, 0.00511900708079, 0.00229861284606, 0.00168970716186, 0.00147828343324, 0.000522132206243, 0.000473323074402, 0.000585773319472, 0.000865033012815, 0.000476771732792, 0.00048198204604, 0.000811368750874, 0.000620786799118, 0.000571003474761, 0.000488222285639, 0.000513210659847, 0.00036759788054, 0.000356192700565, 0.000302721629851, 0.000339781603543, 0.000471122155432, 0.000473582622362, 0.000330160313752, 0.000307430222165, 0.000259298103629, 0.000158334631124, 5.26735748281e-05],
        "dmean2": [0.00246066669933, 0.00759580731392, 0.00394244585186, 0.00300477608107, 0.00259611033835, 0.000909812457394, 0.000785945216194, 0.000976970302872, 0.00142227334436, 0.000799185945652, 0.000806216557976, 0.00135110795964, 0.00104095798451, 0.000951102003455, 0.000826112634968, 0.000885289045982, 0.000624388456345, 0.000611715309788, 0.000517630134709, 0.000570384785533, 0.000784859701525, 0.000770741724409, 0.000528154079802, 0.000480987800984, 0.000397742318455, 0.000241177622229, 8.38719352032e-05],
        "dvar": [1.00574279713e-05, 8.87792702997e-05, 5.00459391333e-05, 2.69019292318e-05, 2.01243292395e-05, 2.30660975831e-06, 9.16450403565e-07, 9.8777616131e-07, 2.33786045101e-06, 7.04373633198e-07, 8.24240657948e-07, 2.56301291301e-06, 1.02666535895e-06, 1.0743826806e-06, 6.12828785052e-07, 7.31238174012e-07, 2.20784684757e-07, 2.76207856587e-07, 1.90017161117e-07, 3.74796712777e-07, 4.68206593496e-07, 4.38971483163e-07, 2.64201247546e-07, 2.51087612924e-07, 2.60514724459e-07, 1.06260294785e-07, 1.4569744522e-08],
        "dvar2": [2.19365319936e-05, 0.000175655877683, 0.000133096880745, 7.41387266316e-05, 5.4116044339e-05, 6.53178040011e-06, 2.3563798095e-06, 2.59515968537e-06, 5.89263117945e-06, 1.81125926701e-06, 2.11164774555e-06, 6.82401150698e-06, 2.71256158157e-06, 2.66939559879e-06, 1.65853100498e-06, 2.00485646928e-06, 5.79519451094e-07, 7.45387296774e-07, 5.07478546297e-07, 9.95087361844e-07, 1.20387767311e-06, 1.08850190372e-06, 6.00189878242e-07, 5.63212267934e-07, 5.64386596125e-07, 2.29054634815e-07, 3.61906238311e-08],
        "max": [0.120032303035, 0.115160360932, 0.0681364759803, 0.0514446049929, 0.0716188549995, 0.0276616103947, 0.0217513777316, 0.012455846183, 0.0278565846384, 0.0174039900303, 0.0131827285513, 0.0293745864183, 0.0177932139486, 0.0222083646804, 0.0121615687385, 0.0117728663608, 0.00826887227595, 0.00598170096055, 0.00908449385315, 0.00637030322105, 0.00953833945096, 0.0115691134706, 0.00591916544363, 0.00641239760444, 0.00729499850422, 0.00518379220739, 0.00300832651556],
        "mean": [0.00421110214666, 0.0145294554532, 0.0023183315061, 0.00139952742029, 0.00147829460911, 0.000595702207647, 0.000623867614195, 0.000738208473194, 0.0011295164004, 0.000664732826408, 0.000677908828948, 0.00134220544714, 0.00093556928914, 0.000888101290911, 0.000772012863308, 0.000764615542721, 0.000614466785919, 0.000572034565266, 0.000510110985488, 0.000594289274886, 0.000928484194446, 0.00100270751864, 0.000688352971338, 0.00065619579982, 0.000512807280757, 0.000343324005371, 0.000105947176053],
        "median": [0.00162920181174, 0.011773663573, 0.000696715957019, 0.000278843217529, 0.000490277423523, 0.000269257550826, 0.000291450793156, 0.000315938552376, 0.000498492270708, 0.000319860788295, 0.000259833585005, 0.000415960326791, 0.000490571488626, 0.000409826287068, 0.000431892054621, 0.000471440027468, 0.000461943098344, 0.000438139424659, 0.000380448735086, 0.000442501041107, 0.00073405855801, 0.000794770719949, 0.000459922419395, 0.000377947610104, 0.000193831059732, 8.59371721162e-05, 1.68577025761e-05],
        "min": [2.17069687776e-23, 7.57637727483e-23, 1.24122619018e-24, 3.52483878381e-24, 2.13888432626e-23, 8.22525954559e-23, 1.34620501871e-22, 7.80516271457e-23, 9.04463674607e-23, 4.28480970941e-23, 1.01637104086e-22, 9.64118282893e-23, 1.26588231782e-22, 1.4655321582e-22, 1.25248405177e-22, 1.39466455479e-22, 1.12952764724e-22, 1.92286789401e-22, 1.90531151057e-22, 2.20057482677e-22, 4.20613389765e-22, 5.05884962216e-22, 6.12572429548e-22, 6.87211292957e-22, 9.82223057186e-22, 1.98269942171e-21, 2.5500530315e-21],
        "var": [3.53382711182e-05, 0.000261702691205, 3.67156317225e-05, 1.86998913705e-05, 1.67312482517e-05, 1.81970983704e-06, 1.52548443566e-06, 1.26802331124e-06, 3.31379897034e-06, 1.2104101188e-06, 1.4123775145e-06, 6.46980515739e-06, 1.87632281268e-06, 2.00060435418e-06, 1.06577681436e-06, 8.32818102481e-07, 3.14124974921e-07, 3.15505872095e-07, 2.64302912001e-07, 4.1138287088e-07, 8.2817615521e-07, 9.90571152215e-07, 6.18073158876e-07, 6.71112559303e-07, 6.19091736098e-07, 3.10509932433e-07, 3.78707092352e-08]
    },
    "erbbands": {
        "dmean": [0.245512157679, 0.912238955498, 2.19434833527, 4.53293704987, 5.863093853, 4.31704044342, 4.15742444992, 4.38501214981, 6.62679004669, 7.27665567398, 15.396739006, 19.7737445831, 13.1931381226, 17.5591392517, 20.8709831238, 32.6408233643, 26.510093689, 28.7994403839, 25.2950439453, 25.4509372711, 25.3746929169, 20.1621170044, 19.2545471191, 16.5627746582, 14.5105361938, 16.60247612, 19.0879669189, 18.9781570435, 17.5799560547, 14.1019773483, 8.29474544525, 6.80363035202, 5.11270046234, 3.19596409798, 1.73620557785, 0.781790673733, 0.287994593382, 0.0815626010299, 0.00879160873592, 0.000133861409267],
        "dmean2": [0.350634932518, 1.37549352646, 3.65724849701, 7.81286382675, 10.4219903946, 7.65805768967, 7.43365764618, 7.59935235977, 11.0354099274, 12.1875638962, 25.0935764313, 32.6524620056, 21.4617385864, 29.4170303345, 34.5499038696, 54.1529159546, 44.1769180298, 47.2918510437, 42.7707138062, 43.0985450745, 43.520198822, 34.1202964783, 33.0776481628, 28.244474411, 24.7144412994, 28.0638828278, 31.913143158, 31.280216217, 28.6240558624, 22.6036930084, 13.2185506821, 10.565864563, 8.11378383636, 4.95678758621, 2.68758583069, 1.2013412714, 0.446995645761, 0.127387434244, 0.0140512455255, 0.000208433557418],
        "dvar": [0.167115971446, 4.72578239441, 39.8918914795, 193.980224609, 310.582122803, 205.386169434, 182.326461792, 168.402450562, 156.708312988, 194.415634155, 612.46875, 1357.2232666, 674.202941895, 1188.68945312, 1472.45959473, 4494.79003906, 1752.47937012, 2970.62426758, 1848.00048828, 1689.43493652, 1671.83911133, 726.893310547, 791.399414062, 571.11932373, 473.370147705, 1009.69818115, 802.889343262, 726.265808105, 588.86920166, 421.137481689, 188.031051636, 128.417114258, 70.2668914795, 36.8168754578, 11.1791238785, 2.54908919334, 0.391820847988, 0.0295882225037, 0.000424941274105, 8.56891730905e-08],
        "dvar2": [0.296727150679, 9.71870326996, 103.223518372, 501.928527832, 812.487915039, 582.346801758, 532.527160645, 467.449829102, 398.515289307, 524.453125, 1501.28955078, 3478.30908203, 1645.00561523, 3170.83374023, 3919.70581055, 11914.921875, 4610.61425781, 7170.00244141, 4919.92773438, 4520.27197266, 4571.77880859, 1905.51025391, 2133.45361328, 1512.26428223, 1256.03723145, 2711.64013672, 2091.90429688, 1814.76647949, 1453.34411621, 1033.26391602, 416.798706055, 274.949554443, 166.510879517, 82.8393859863, 24.6103229523, 5.55408430099, 0.89998537302, 0.0678755044937, 0.00106523127761, 2.02571726504e-07],
        "max": [4.94855070114, 28.3996181488, 67.8227310181, 133.527053833, 310.547485352, 270.009155273, 192.440917969, 330.323364258, 224.084243774, 446.857818604, 353.38369751, 831.500671387, 499.752075195, 514.506469727, 608.037780762, 1271.74609375, 912.620666504, 848.700317383, 801.529418945, 1054.74133301, 498.691955566, 470.777679443, 373.438537598, 303.427215576, 462.603210449, 329.1796875, 478.522888184, 364.48727417, 431.913299561, 250.319320679, 185.423187256, 171.003997803, 106.255905151, 81.0533294678, 52.5816497803, 25.1110706329, 9.98058509827, 3.68724107742, 0.504386723042, 0.00687500135973],
        "mean": [0.769910216331, 1.86800217628, 2.61131978035, 4.22949314117, 5.26718330383, 4.21909046173, 4.46220684052, 4.99603891373, 8.47276592255, 10.0876235962, 20.5657348633, 25.940946579, 19.5271625519, 25.4855937958, 33.9601516724, 54.8546409607, 44.1468849182, 46.9551620483, 42.1823616028, 40.9573097229, 40.7482643127, 34.8045578003, 32.0276603699, 28.0384273529, 25.2240962982, 28.2782611847, 35.3206939697, 37.7579040527, 36.2542953491, 29.104598999, 17.7213535309, 14.1482877731, 10.5457792282, 6.26012611389, 3.37110495567, 1.56741297245, 0.606414496899, 0.179224744439, 0.0173372328281, 0.000325517117744],
        "median": [0.497194558382, 1.07833361626, 1.01900732517, 1.28535330296, 1.35479092598, 1.48007333279, 2.02216315269, 2.26525592804, 3.93392729759, 5.07331180573, 9.27823543549, 11.45266819, 9.26294994354, 11.8010635376, 12.8087720871, 18.2904891968, 23.5807304382, 21.8156833649, 22.8820724487, 24.6153831482, 26.7490901947, 26.9031219482, 24.9581222534, 21.4126911163, 18.6462917328, 20.8205528259, 27.393693924, 29.5615901947, 28.7083911896, 21.1548614502, 11.962679863, 8.63928127289, 5.5473742485, 2.62294340134, 1.14891409874, 0.42619535327, 0.150610208511, 0.0364595204592, 0.002468962688, 0.000102720208815],
        "min": [2.54047623487e-21, 1.53048268888e-20, 7.43040592282e-21, 7.61199872446e-21, 7.01612010628e-20, 4.41477278912e-20, 1.01898660676e-19, 8.42930958597e-19, 1.68886737455e-18, 2.03448132226e-18, 1.99388122984e-18, 2.1043747753e-18, 1.02313897588e-18, 3.18641511125e-18, 3.27950167469e-18, 4.6222232244e-18, 6.97821724305e-18, 6.61375360694e-18, 6.75276006811e-18, 5.05337002559e-18, 1.06111829129e-17, 6.02441016796e-18, 8.93251994853e-18, 1.19969743095e-17, 8.48189428469e-18, 1.09206733662e-17, 1.56522903994e-17, 1.67051622791e-17, 1.67095694974e-17, 1.49683476905e-17, 1.70150489519e-17, 1.76679492269e-17, 1.13676313112e-17, 1.13206871571e-17, 6.51166793882e-18, 6.39031723424e-18, 3.73261570461e-18, 1.42697806351e-18, 4.21104104768e-19, 3.17594994526e-20],
        "var": [0.683095693588, 9.20904922485, 33.656036377, 151.689437866, 257.816162109, 144.844650269, 116.851005554, 140.018768311, 229.293457031, 303.677429199, 854.799255371, 1848.37145996, 1134.04284668, 1777.45153809, 3158.07836914, 10774.8056641, 3755.81567383, 5573.09521484, 3424.47753906, 2533.74169922, 2034.44970703, 982.280822754, 927.853271484, 745.458068848, 683.821289062, 1017.77740479, 1234.30529785, 1399.66503906, 1306.09899902, 934.417297363, 435.249542236, 321.268005371, 180.710205078, 85.0679931641, 27.5610122681, 6.55121707916, 1.02579271793, 0.0942470431328, 0.00105088669807, 2.4847636837e-07]
    },
    "gfcc": {
        "mean": [29.4864177704, 39.8944587708, -109.772209167, 35.8684806824, -48.3961830139, 25.8287811279, -25.8219146729, 11.9359149933, -15.8737449646, 10.6139039993, -16.0732059479, 5.98966693878, -11.8670310974],
        "cov": [[25773.3203125, -5735.05566406, -2547.38745117, 436.414978027, -1461.6854248, 930.683044434, -229.84727478, 870.427307129, -218.752960205, 484.672149658, -622.239013672, 383.174926758, -383.675964355], [-5735.05566406, 3055.27392578, 438.194854736, 236.253952026, 680.077819824, -220.984573364, 210.90234375, -219.434494019, 147.274795532, -164.374557495, 245.429000854, -167.975616455, 161.250656128], [-2547.38745117, 438.194854736, 1544.44775391, 318.387268066, 429.690765381, 33.9626312256, 149.669540405, 19.9708442688, 47.1250038147, -16.7266845703, 61.02135849, 15.9587583542, 55.4761161804], [436.414978027, 236.253952026, 318.387268066, 626.697265625, 203.496810913, 96.9641342163, 96.6880111694, 36.1801338196, 2.59270381927, 2.88312077522, -0.279680073261, -10.1131687164, 31.1799736023], [-1461.6854248, 680.077819824, 429.690765381, 203.496810913, 499.305175781, 62.4553413391, 151.572235107, 6.51112890244, 58.6059417725, -4.81592273712, 94.0957107544, -16.5361499786, 50.5656051636], [930.683044434, -220.984573364, 33.9626312256, 96.9641342163, 62.4553413391, 299.569641113, 109.598945618, 110.139953613, 49.2227859497, 55.499382019, 5.64767932892, 46.7980270386, 12.4502277374], [-229.84727478, 210.90234375, 149.669540405, 96.6880111694, 151.572235107, 109.598945618, 203.71496582, 114.839424133, 96.6275634766, 25.2760982513, 46.1087226868, 17.35663414, 40.2470550537], [870.427307129, -219.434494019, 19.9708442688, 36.1801338196, 6.51112890244, 110.139953613, 114.839424133, 229.224319458, 105.323875427, 69.6308746338, 0.477421820164, 37.9470787048, 5.74526309967], [-218.752960205, 147.274795532, 47.1250038147, 2.59270381927, 58.6059417725, 49.2227859497, 96.6275634766, 105.323875427, 152.524383545, 66.0300216675, 49.7121505737, 14.272310257, 32.547416687], [484.672149658, -164.374557495, -16.7266845703, 2.88312077522, -4.81592273712, 55.499382019, 25.2760982513, 69.6308746338, 66.0300216675, 105.956268311, 37.5454139709, 35.2278747559, 3.38104510307], [-622.239013672, 245.429000854, 61.02135849, -0.279680073261, 94.0957107544, 5.64767932892, 46.1087226868, 0.477421820164, 49.7121505737, 37.5454139709, 105.623046875, 33.2050933838, 39.0988502502], [383.174926758, -167.975616455, 15.9587583542, -10.1131687164, -16.5361499786, 46.7980270386, 17.35663414, 37.9470787048, 14.272310257, 35.2278747559, 33.2050933838, 81.7357940674, 34.269569397], [-383.675964355, 161.250656128, 55.4761161804, 31.1799736023, 50.5656051636, 12.4502277374, 40.2470550537, 5.74526309967, 32.547416687, 3.38104510307, 39.0988502502, 34.269569397, 76.0023193359]],
        "icov": [[0.000126449682284, 7.51668994781e-05, 0.000192314299056, -0.0002209575905, 2.64925783995e-05, -0.000117751354992, 2.86047816189e-05, -0.000254523241892, 0.000188526464626, -0.000317332014674, 0.000496519671287, -0.000571562617552, 0.000370564695913], [7.51668994781e-05, 0.00125871924683, 0.000220105110202, -0.000367183005437, -0.000700761622284, 0.000404599733884, -0.000301372987451, 0.000590591924265, -0.00133021478541, 0.00197030324489, -0.00224726367742, 0.00236825365573, -0.00121599296108], [0.000192314299056, 0.000220105110202, 0.00122152757831, -0.000624570588116, -0.000795491272584, 0.000146753678564, -0.000166490659467, -0.000184534117579, -0.000110377695819, -7.25176942069e-05, 0.000985877355561, -0.00153762043919, 0.000712421897333], [-0.0002209575905, -0.000367183005437, -0.000624570588116, 0.00260114925914, -0.000491226557642, -0.000301143038087, -0.000502422568388, 2.57996034634e-05, 0.00123889907263, -0.000914621341508, 0.000482410716359, 0.00161906739231, -0.00177545088809], [2.64925783995e-05, -0.000700761622284, -0.000795491272584, -0.000491226557642, 0.00480669271201, -0.000987066305242, -0.00163955194876, -0.000125089747598, 0.00138901919127, -0.000644862710033, -0.00218458101153, 0.00130802893545, 0.000211994352867], [-0.000117751354992, 0.000404599733884, 0.000146753678564, -0.000301143038087, -0.000987066305242, 0.0057137128897, -0.00293447775766, 0.000291475327685, -0.000174210668774, -0.00104570190888, 0.00106029759627, -0.00167747342493, 0.000148253122461], [2.86047816189e-05, -0.000301372987451, -0.000166490659467, -0.000502422568388, -0.00163955194876, -0.00293447775766, 0.0134038198739, -0.00529126403853, -0.00343056209385, 0.00398260727525, -0.00267849047668, 0.000875802477822, -0.00174005620647], [-0.000254523241892, 0.000590591924265, -0.000184534117579, 2.57996034634e-05, -0.000125089747598, 0.000291475327685, -0.00529126403853, 0.0123194633052, -0.00698291184381, -0.000825929979328, 0.00330865080468, -0.00302545889281, 0.00218158517964], [0.000188526464626, -0.00133021478541, -0.000110377695819, 0.00123889907263, 0.00138901919127, -0.000174210668774, -0.00343056209385, -0.00698291184381, 0.0204010885209, -0.0113209923729, -0.000519050576258, 0.00464358925819, -0.00526456069201], [-0.000317332014674, 0.00197030324489, -7.25176942069e-05, -0.000914621341508, -0.000644862710033, -0.00104570190888, 0.00398260727525, -0.000825929979328, -0.0113209923729, 0.0253776889294, -0.0124659724534, 0.000185274606338, 0.00324834091589], [0.000496519671287, -0.00224726367742, 0.000985877355561, 0.000482410716359, -0.00218458101153, 0.00106029759627, -0.00267849047668, 0.00330865080468, -0.000519050576258, -0.0124659724534, 0.0291767027229, -0.0162882916629, 0.00191647058818], [-0.000571562617552, 0.00236825365573, -0.00153762043919, 0.00161906739231, 0.00130802893545, -0.00167747342493, 0.000875802477822, -0.00302545889281, 0.00464358925819, 0.000185274606338, -0.0162882916629, 0.0360666513443, -0.0181623362005], [0.000370564695913, -0.00121599296108, 0.000712421897333, -0.00177545088809, 0.000211994352867, 0.000148253122461, -0.00174005620647, 0.00218158517964, -0.00526456069201, 0.00324834091589, 0.00191647058818, -0.0181623362005, 0.0277211833745]]
    },
    "melbands": {
        "dmean": [0.00173268490471, 0.00105839199387, 0.000798258231953, 0.000365897023585, 0.000147555052536, 9.88522515399e-05, 9.94547081064e-05, 8.81131200003e-05, 0.000137866125442, 0.000121111050248, 6.67021377012e-05, 7.22223267076e-05, 6.54820469208e-05, 9.17425350053e-05, 7.66586817917e-05, 6.0762555222e-05, 5.57580897294e-05, 4.38652677985e-05, 3.68365144823e-05, 3.72650392819e-05, 3.05319517793e-05, 2.32238362514e-05, 1.85407079698e-05, 1.72981872311e-05, 1.41389364217e-05, 1.17752679216e-05, 1.00784673123e-05, 1.25049982671e-05, 1.25878968902e-05, 1.23426134451e-05, 1.18951693366e-05, 1.09506154331e-05, 9.59220324148e-06, 8.06384196039e-06, 5.14977455168e-06, 4.68065400128e-06, 4.30164300269e-06, 3.8621319618e-06, 3.34733567797e-06, 2.71166845778e-06],
        "dmean2": [0.00251951091923, 0.00167495617643, 0.00136771483812, 0.000645824882668, 0.000263797672233, 0.00017070643662, 0.000165428355103, 0.000148047503899, 0.000224446266657, 0.000199812100618, 0.000108774664113, 0.000121515113278, 0.000108572203317, 0.000153915723786, 0.000128789033624, 0.000101512792753, 9.22544713831e-05, 7.44999124436e-05, 6.2289640482e-05, 6.4154228312e-05, 5.23617891304e-05, 3.9428628952e-05, 3.16583318636e-05, 2.9693946999e-05, 2.4130265956e-05, 2.01929397008e-05, 1.69394552358e-05, 2.13619914575e-05, 2.11038059206e-05, 2.04640291486e-05, 1.98466186703e-05, 1.80632614502e-05, 1.5652842194e-05, 1.3179032976e-05, 8.33022568258e-06, 7.46890236769e-06, 6.75634282743e-06, 6.19616639597e-06, 5.31917339686e-06, 4.25676398663e-06],
        "dvar": [8.52456105349e-06, 6.78907736074e-06, 5.34552509635e-06, 1.26528846067e-06, 2.44152118967e-07, 7.87621701193e-08, 3.66460675139e-08, 2.53334189182e-08, 4.96459655608e-08, 5.09151725225e-08, 1.71983121078e-08, 1.94177882662e-08, 1.38785942738e-08, 3.44564483612e-08, 2.01158130153e-08, 1.20939400716e-08, 1.11483666743e-08, 5.93108540059e-09, 3.52804052639e-09, 3.83645160085e-09, 2.33818742146e-09, 9.66374424927e-10, 5.72633940266e-10, 6.13718464937e-10, 4.03929861781e-10, 3.1121566435e-10, 1.91362301005e-10, 6.95649593485e-10, 3.57848084498e-10, 3.19293397277e-10, 2.91837304323e-10, 2.47292075706e-10, 1.62713661989e-10, 1.51713003271e-10, 6.33965935304e-11, 8.16596443243e-11, 4.63603253009e-11, 3.92284260631e-11, 3.61680095595e-11, 2.62244809202e-11],
        "dvar2": [1.5855044694e-05, 1.56605492521e-05, 1.38734430948e-05, 3.39246730618e-06, 7.13691065357e-07, 2.18002782049e-07, 9.34692891974e-08, 6.93496744475e-08, 1.20482624766e-07, 1.30259905973e-07, 4.19614423208e-08, 5.16785689797e-08, 3.59617722268e-08, 9.23947069964e-08, 5.41519611374e-08, 3.12725916274e-08, 2.74356910523e-08, 1.5767080086e-08, 9.51337764121e-09, 1.03666595308e-08, 6.43749498153e-09, 2.5409925275e-09, 1.53582202511e-09, 1.65334990143e-09, 1.07944597705e-09, 8.27593771291e-10, 4.97380248099e-10, 1.89828308628e-09, 9.51490108925e-10, 8.23031420794e-10, 7.51713635783e-10, 6.33887053958e-10, 4.04867223081e-10, 3.83131193438e-10, 1.46176654114e-10, 1.89746968138e-10, 1.02211281106e-10, 9.32256494224e-11, 8.66529764609e-11, 6.04093719492e-11],
        "max": [0.0350293926895, 0.0300116091967, 0.0219690520316, 0.0185817908496, 0.00695582386106, 0.00656469073147, 0.00344720901921, 0.00411942973733, 0.00293373409659, 0.00478205317631, 0.00255659571849, 0.00219659204595, 0.00177790038288, 0.00390656199306, 0.00236467388459, 0.00188298488501, 0.00159346440341, 0.00176225055475, 0.00119324668776, 0.00105809001252, 0.000600880244747, 0.00051292864373, 0.000352688832209, 0.000292149954475, 0.000263216003077, 0.000482217437821, 0.000193121042685, 0.000279852683889, 0.000295251025818, 0.000249183096457, 0.000251414312515, 0.000281514192466, 0.000167223872268, 0.000149262938066, 0.000102303769381, 0.000144182820804, 9.03254185687e-05, 0.000102296253317, 8.25960014481e-05, 7.05306738382e-05],
        "mean": [0.00539320381358, 0.00170960370451, 0.000771456805523, 0.000348522124114, 0.000159056115081, 0.000114657719678, 0.000129666688736, 0.000118190437206, 0.000182166928425, 0.000157824964845, 9.47817025008e-05, 0.000101013138192, 9.97734023258e-05, 0.000147822371218, 0.000121043427498, 9.20854290598e-05, 8.55154357851e-05, 6.77986317896e-05, 5.7161640143e-05, 5.41718582099e-05, 4.60450683022e-05, 3.68995461031e-05, 3.02889711747e-05, 2.68740004685e-05, 2.22704875341e-05, 1.87798523257e-05, 1.72402451426e-05, 1.91160415852e-05, 2.15091258724e-05, 2.20726415137e-05, 2.18958975893e-05, 2.07958073588e-05, 1.86395100172e-05, 1.52488191816e-05, 1.02199737739e-05, 9.05807701201e-06, 8.42299505166e-06, 7.60436114433e-06, 6.30728345641e-06, 4.94629739478e-06],
        "median": [0.00395251717418, 0.000861336709931, 0.000249439675827, 0.000105914383312, 7.20583047951e-05, 5.20838293596e-05, 6.01955434831e-05, 5.66404269193e-05, 8.08218319435e-05, 6.8516448664e-05, 4.3404965254e-05, 4.53839820693e-05, 3.89947890653e-05, 4.43128919869e-05, 5.30020952283e-05, 4.52960812254e-05, 3.82538200938e-05, 3.45681328326e-05, 3.23389504047e-05, 3.14903118124e-05, 2.94492965622e-05, 2.7358522857e-05, 2.3299780878e-05, 2.04096977541e-05, 1.63047243404e-05, 1.35203117679e-05, 1.23042955238e-05, 1.35529544423e-05, 1.61532680067e-05, 1.69210761669e-05, 1.62626620295e-05, 1.59738701768e-05, 1.38917357617e-05, 1.03610327642e-05, 6.8463155003e-06, 5.39793791177e-06, 5.01870090375e-06, 4.09236281484e-06, 2.74253420685e-06, 1.97085250875e-06],
        "min": [2.34893069073e-23, 1.00146578227e-23, 3.0923027996e-24, 4.40735956658e-24, 2.754665599e-24, 1.86873386056e-23, 2.82347549029e-23, 2.22156625768e-23, 1.61672908894e-23, 1.26483188641e-23, 4.27007923084e-24, 1.15803045392e-23, 1.26386277079e-23, 6.72106572463e-24, 1.89578421654e-23, 1.03849491316e-23, 1.38007507722e-23, 1.02972151772e-23, 1.05068691622e-23, 4.49532110739e-24, 1.49117020073e-23, 6.46189415169e-24, 4.9345793698e-24, 9.81622222855e-24, 9.90794939689e-24, 7.68470191885e-24, 5.37115274412e-24, 7.68457727882e-24, 8.3609781734e-24, 1.0220776922e-23, 1.01210609593e-23, 1.00805852951e-23, 9.05877613116e-24, 7.47346074565e-24, 8.15640760801e-24, 1.23707881313e-23, 1.12727450272e-23, 8.45508139078e-24, 8.32311758311e-24, 1.0017156934e-23],
        "var": [3.18472702929e-05, 8.87623809831e-06, 4.25641019319e-06, 1.04795549305e-06, 1.53008386405e-07, 6.74360762787e-08, 5.77464724927e-08, 3.69184007809e-08, 6.80281573295e-08, 7.19286745721e-08, 2.87402777133e-08, 2.92447772665e-08, 2.79807714776e-08, 8.06262434594e-08, 4.25158503958e-08, 2.13668460702e-08, 2.00421172991e-08, 1.0172203524e-08, 5.91860516153e-09, 4.65927740834e-09, 2.73414912932e-09, 1.24431642767e-09, 7.72121921955e-10, 7.16081194341e-10, 5.1559306824e-10, 4.08667877316e-10, 3.23414545145e-10, 6.00695826414e-10, 4.97401286825e-10, 5.24570387128e-10, 5.12462128288e-10, 4.69946859205e-10, 3.68782587801e-10, 2.89929663611e-10, 1.4392631531e-10, 1.5094227257e-10, 1.1476717493e-10, 9.40392555493e-11, 7.9932262198e-11, 5.64914365286e-11]
    },
    "mfcc": {
        "mean": [-603.702575684, 70.3869552612, -0.535710453987, 18.5474529266, 4.55641794205, 17.3832321167, 3.92413449287, 8.61267662048, 7.95748996735, 4.3578209877, 6.24507522583, 6.86593055725, 1.57250261307],
        "cov": [[11931.5644531, -1067.38183594, -556.738342285, -570.004272461, -448.361663818, 23.8493747711, -132.536315918, 100.699226379, 156.592697144, 105.345321655, 79.9811172485, 28.9968452454, 28.8455581665], [-1067.38183594, 1194.12695312, -42.6388511658, 316.67199707, 137.35256958, 55.3622131348, 74.4772491455, 48.7158813477, 18.4606761932, 48.5430374146, 50.8198890686, 61.9243164062, 17.3041400909], [-556.738342285, -42.6388511658, 696.69317627, 292.893341064, 205.974258423, 106.08013916, 116.807632446, 80.0353164673, 66.5746459961, 24.2704143524, 9.41145706177, -9.33605480194, 10.7558031082], [-570.004272461, 316.67199707, 292.893341064, 576.567382812, 236.101486206, 120.069313049, 123.342323303, 49.4588661194, 43.3748931885, 21.6762943268, 12.6560106277, -0.605896413326, -7.39431333542], [-448.361663818, 137.35256958, 205.974258423, 236.101486206, 288.432983398, 138.810211182, 133.488555908, 55.2378540039, 37.4219779968, 32.899017334, 24.3373279572, 16.0415611267, 15.7417182922], [23.8493747711, 55.3622131348, 106.08013916, 120.069313049, 138.810211182, 215.441864014, 113.660644531, 56.8462028503, 30.9914016724, 27.3528556824, 19.2932853699, 6.73196792603, 9.77002048492], [-132.536315918, 74.4772491455, 116.807632446, 123.342323303, 133.488555908, 113.660644531, 170.941894531, 98.5551223755, 56.8752632141, 36.5561408997, 28.9497280121, 23.8552703857, 20.9155254364], [100.699226379, 48.7158813477, 80.0353164673, 49.4588661194, 55.2378540039, 56.8462028503, 98.5551223755, 150.322860718, 104.585533142, 63.3535728455, 39.3487586975, 31.1370830536, 27.763710022], [156.592697144, 18.4606761932, 66.5746459961, 43.3748931885, 37.4219779968, 30.9914016724, 56.8752632141, 104.585533142, 136.647033691, 89.0577011108, 53.3857307434, 33.20262146, 22.6501350403], [105.345321655, 48.5430374146, 24.2704143524, 21.6762943268, 32.899017334, 27.3528556824, 36.5561408997, 63.3535728455, 89.0577011108, 110.075927734, 73.1854934692, 40.0813751221, 20.8167381287], [79.9811172485, 50.8198890686, 9.41145706177, 12.6560106277, 24.3373279572, 19.2932853699, 28.9497280121, 39.3487586975, 53.3857307434, 73.1854934692, 98.6786956787, 54.4785079956, 22.836353302], [28.9968452454, 61.9243164062, -9.33605480194, -0.605896413326, 16.0415611267, 6.73196792603, 23.8552703857, 31.1370830536, 33.20262146, 40.0813751221, 54.4785079956, 78.3637542725, 39.4906539917], [28.8455581665, 17.3041400909, 10.7558031082, -7.39431333542, 15.7417182922, 9.77002048492, 20.9155254364, 27.763710022, 22.6501350403, 20.8167381287, 22.836353302, 39.4906539917, 63.3857040405]],
