{
"lowlevel": {
    "average_loudness": 0.865538775921,
    "barkbands_crest": {
        "dmean": 2.3558242321,
        "dmean2": 3.70370936394,
        "dvar": 8.52289485931,
        "dvar2": 18.6337356567,
        "max": 26.4575939178,
        "mean": 14.7564544678,
        "median": 16.3458900452,
        "min": 2.04337763786,
        "var": 45.4863548279
    },
    "barkbands_flatness_db": {
        "dmean": 0.0258909594268,
        "dmean2": 0.0376118421555,
        "dvar": 0.00188863335643,
        "dvar2": 0.00322126154788,
        "max": 0.858861684799,
        "mean": 0.155614927411,
        "median": 0.148630321026,
        "min": 0.0102664846927,
        "var": 0.00623897928745
    },
    "barkbands_kurtosis": {
        "dmean": 12.0946178436,
        "dmean2": 21.0923538208,
        "dvar": 8210.66308594,
        "dvar2": 23800.4394531,
        "max": 2285.29931641,
        "mean": 13.2018499374,
        "median": 4.11697292328,
        "min": -1.90503501892,
        "var": 4834.22314453
    },
    "barkbands_skewness": {
        "dmean": 0.80587387085,
        "dmean2": 1.26380813122,
        "dvar": 3.44122195244,
        "dvar2": 9.22232246399,
        "max": 38.0124511719,
        "mean": 2.38926482201,
        "median": 2.21293973923,
        "min": -3.62600660324,
        "var": 5.53414297104
    },
    "barkbands_spread": {
        "dmean": 6.98725175858,
        "dmean2": 10.9431648254,
        "dvar": 89.6126785278,
        "dvar2": 215.223266602,
        "max": 119.35597229,
        "mean": 24.8761119843,
        "median": 21.5880489349,
        "min": 0.0511951036751,
        "var": 270.538909912
    },
    "dissonance": {
        "dmean": 0.0114646796137,
        "dmean2": 0.0192970521748,
        "dvar": 0.000172486019437,
        "dvar2": 0.000455378787592,
        "max": 0.500000238419,
        "mean": 0.479723870754,
        "median": 0.48545730114,
        "min": 0.288604706526,
        "var": 0.000369344168575
    },
    "dynamic_complexity": 3.09506130219,
    "erbbands_crest": {
        "dmean": 1.98497390747,
        "dmean2": 3.26796412468,
        "dvar": 5.12984132767,
        "dvar2": 12.1741371155,
        "max": 26.4205493927,
        "mean": 6.70639276505,
        "median": 5.78365087509,
        "min": 2.1349709034,
        "var": 11.8020038605
    },
    "erbbands_flatness_db": {
        "dmean": 0.0169348008931,
        "dmean2": 0.0247192513198,
        "dvar": 0.000703206460457,
        "dvar2": 0.00123904668726,
        "max": 0.524192452431,
        "mean": 0.13521052897,
        "median": 0.118947453797,
        "min": 0.0274313818663,
        "var": 0.00395430065691
    },
    "erbbands_kurtosis": {
        "dmean": 1.59821438789,
        "dmean2": 2.60671782494,
        "dvar": 99.1816101074,
        "dvar2": 266.035339355,
        "max": 215.036453247,
        "mean": 0.728640079498,
        "median": -0.29591345787,
        "min": -1.84708988667,
        "var": 74.705696106
    },
    "erbbands_skewness": {
        "dmean": 0.376964986324,
        "dmean2": 0.592525005341,
        "dvar": 0.479703307152,
        "dvar2": 1.15597736835,
        "max": 11.1073102951,
        "mean": -0.23142375052,
        "median": -0.305669546127,
        "min": -2.83134007454,
        "var": 0.809974133968
    },
    "erbbands_spread": {
        "dmean": 10.486828804,
        "dmean2": 16.3684425354,
        "dvar": 183.099868774,
        "dvar2": 437.197906494,
        "max": 194.150039673,
        "mean": 49.8949356079,
        "median": 46.5367012024,
        "min": 0.938549637794,
        "var": 579.507141113
    },
    "hfc": {
        "dmean": 11.4927759171,
        "dmean2": 17.3125667572,
        "dvar": 427.657531738,
        "dvar2": 966.026733398,
        "max": 269.274383545,
        "mean": 34.8204917908,
        "median": 23.4408321381,
        "min": 1.08412924824e-16,
        "var": 1210.92150879
    },
    "melbands_crest": {
        "dmean": 2.89131951332,
        "dmean2": 4.58761119843,
        "dvar": 13.0226488113,
        "dvar2": 29.4930553436,
        "max": 36.4102325439,
        "mean": 21.08452034,
        "median": 24.0273780823,
        "min": 1.59287333488,
        "var": 82.4390869141
    },
    "melbands_flatness_db": {
        "dmean": 0.0310953781009,
        "dmean2": 0.0448956154287,
        "dvar": 0.00268442882225,
        "dvar2": 0.00454217661172,
        "max": 1,
        "mean": 0.221940040588,
        "median": 0.222954854369,
        "min": 0.00383545062505,
        "var": 0.0112292412668
    },
    "melbands_kurtosis": {
        "dmean": 23.5123195648,
        "dmean2": 38.1951408386,
        "dvar": 4948.15234375,
        "dvar2": 13083.4501953,
        "max": 1193.71362305,
        "mean": 43.6224975586,
        "median": 23.7432174683,
        "min": -1.69875490665,
        "var": 5656.43896484
    },
    "melbands_skewness": {
        "dmean": 1.21205484867,
        "dmean2": 1.87566363811,
        "dvar": 3.79751896858,
        "dvar2": 9.04975128174,
        "max": 25.4314174652,
        "mean": 4.76618385315,
        "median": 4.52724552155,
        "min": -2.59937000275,
        "var": 12.1097154617
    },
    "melbands_spread": {
        "dmean": 7.57753276825,
        "dmean2": 11.9303159714,
        "dvar": 171.918258667,
        "dvar2": 382.915039062,
        "max": 227.764160156,
        "mean": 23.3586215973,
        "median": 14.4981021881,
        "min": 0.160251110792,
        "var": 624.997680664
    },
    "pitch_salience": {
        "dmean": 0.0765891522169,
        "dmean2": 0.121139027178,
        "dvar": 0.00825817603618,
        "dvar2": 0.0190874561667,
        "max": 0.955339431763,
        "mean": 0.422988951206,
        "median": 0.386785775423,
        "min": 0.03794824332,
        "var": 0.0376805104315
    },
    "silence_rate_20dB": {
        "dmean": 0,
        "dmean2": 0,
        "dvar": 0,
        "dvar2": 0,
        "max": 1,
        "mean": 1,
        "median": 1,
        "min": 1,
        "var": 0
    },
    "silence_rate_30dB": {
        "dmean": 0.114567182958,
        "dmean2": 0.229155257344,
        "dvar": 0.10144700855,
        "dvar2": 0.23282893002,
        "max": 1,
        "mean": 0.724735498428,
        "median": 1,
        "min": 0,
        "var": 0.199498876929
    },
    "silence_rate_60dB": {
        "dmean": 0.0147769767791,
        "dmean2": 0.0295566506684,
        "dvar": 0.0145570393652,
        "dvar2": 0.0330689325929,
        "max": 1,
        "mean": 0.091937251389,
        "median": 0,
        "min": 0,
        "var": 0.0834669023752
    },
    "spectral_centroid": {
        "dmean": 309.553924561,
        "dmean2": 475.48614502,
        "dvar": 140971.734375,
        "dvar2": 284687.65625,
        "max": 11533.2255859,
        "mean": 1956.75830078,
        "median": 1909.86523438,
        "min": 72.9868087769,
        "var": 1134901
    },
    "spectral_complexity": {
        "dmean": 5.19219207764,
        "dmean2": 7.80660486221,
        "dvar": 38.7277603149,
        "dvar2": 74.4664459229,
        "max": 68,
        "mean": 24.4697189331,
        "median": 22,
        "min": 0,
        "var": 212.373245239
    },
    "spectral_decrease": {
        "dmean": 2.77603828813e-09,
        "dmean2": 4.16792245161e-09,
        "dvar": 2.0406148665e-17,
        "dvar2": 3.8857067355e-17,
        "max": 1.93641699405e-28,
        "mean": -1.54589141488e-08,
        "median": -1.5271492515e-08,
        "min": -6.64344668166e-08,
        "var": 1.4010175087e-16
    },
    "spectral_energy": {
        "dmean": 0.0108092799783,
        "dmean2": 0.0160883087665,
        "dvar": 0.000296663725749,
        "dvar2": 0.000561841123272,
        "max": 0.25408154726,
        "mean": 0.0615039914846,
        "median": 0.061053302139,
        "min": 1.00312831041e-20,
        "var": 0.00209672609344
    },
    "spectral_energyband_high": {
        "dmean": 0.00103585573379,
        "dmean2": 0.00158860406373,
        "dvar": 3.94599919673e-06,
        "dvar2": 9.24741561903e-06,
        "max": 0.028629668057,
        "mean": 0.00243789632805,
        "median": 0.000952231581323,
        "min": 7.19382015072e-21,
        "var": 1.07348150777e-05
    },
    "spectral_energyband_low": {
        "dmean": 0.00936276745051,
        "dmean2": 0.0144491894171,
        "dvar": 0.000305790803395,
        "dvar2": 0.000643911014777,
        "max": 0.19118604064,
        "mean": 0.0476483218372,
        "median": 0.044281437993,
        "min": 1.39352641783e-23,
        "var": 0.00186414166819
    },
    "spectral_energyband_middle_high": {
        "dmean": 0.00205665826797,
        "dmean2": 0.00315478001721,
        "dvar": 1.08353333417e-05,
        "dvar2": 2.21966238314e-05,
        "max": 0.0430250912905,
        "mean": 0.00534081086516,
        "median": 0.0038924110122,
        "min": 1.20561473305e-21,
        "var": 2.92058375635e-05
    },
    "spectral_energyband_middle_low": {
        "dmean": 0.0039858110249,
        "dmean2": 0.00673768855631,
        "dvar": 0.000129125561216,
        "dvar2": 0.000351972703356,
        "max": 0.136142417789,
        "mean": 0.00660561164841,
        "median": 0.00425210408866,
        "min": 1.53317048061e-22,
        "var": 0.000100210403616
    },
    "spectral_entropy": {
        "dmean": 0.153363838792,
        "dmean2": 0.226581737399,
        "dvar": 0.0990639477968,
        "dvar2": 0.164391353726,
        "max": 9.82637405396,
        "mean": 7.88421344757,
        "median": 7.95223522186,
        "min": 3.37977814674,
        "var": 0.306699424982
    },
    "spectral_flux": {
        "dmean": 0.0310640782118,
        "dmean2": 0.047717962414,
        "dvar": 0.00239865691401,
        "dvar2": 0.00477898214012,
        "max": 0.506199538708,
        "mean": 0.0918308272958,
        "median": 0.0737923458219,
        "min": 6.38233216277e-11,
        "var": 0.00476619927213
    },
    "spectral_kurtosis": {
        "dmean": 2.20217299461,
        "dmean2": 3.7680580616,
        "dvar": 159.348312378,
        "dvar2": 425.571105957,
        "max": 511.617370605,
        "mean": 4.00800657272,
        "median": 2.84307193756,
        "min": -1.24769413471,
        "var": 112.411552429
    },
    "spectral_rms": {
        "dmean": 0.000719301460776,
        "dmean2": 0.00106223754119,
        "dvar": 1.20551817417e-06,
        "dvar2": 2.2041210741e-06,
        "max": 0.0157443452626,
        "mean": 0.00692421710119,
        "median": 0.00771778356284,
        "min": 3.12835694849e-12,
        "var": 1.205913577e-05
    },
    "spectral_rolloff": {
        "dmean": 599.94342041,
        "dmean2": 968.380126953,
        "dvar": 1696480.625,
        "dvar2": 3587243.25,
        "max": 19552.1484375,
        "mean": 1741.8737793,
        "median": 559.86328125,
        "min": 43.06640625,
        "var": 7445562.5
    },
    "spectral_skewness": {
        "dmean": 0.23520681262,
        "dmean2": 0.378937035799,
        "dvar": 0.481242537498,
        "dvar2": 1.07496666908,
        "max": 18.6139316559,
        "mean": 1.31724846363,
        "median": 1.24297940731,
        "min": -0.0550187751651,
        "var": 0.555773377419
    },
    "spectral_spread": {
        "dmean": 645287.4375,
        "dmean2": 947106.875,
        "dvar": 851770867712,
        "dvar2": 1.66830420787e+12,
        "max": 42055748,
        "mean": 5477448,
        "median": 4974453,
        "min": 202199.75,
        "var": 1.33779580518e+13
    },
    "spectral_strongpeak": {
        "dmean": 0.262755304575,
        "dmean2": 0.443641334772,
        "dvar": 0.276912897825,
        "dvar2": 0.738891720772,
        "max": 11.3937988281,
        "mean": 0.691172778606,
        "median": 0.612228870392,
        "min": 0,
        "var": 0.346203804016
    },
    "zerocrossingrate": {
        "dmean": 0.0128063485026,
        "dmean2": 0.0145707987249,
        "dvar": 0.00035562805715,
        "dvar2": 0.00038795961882,
        "max": 0.87255859375,
        "mean": 0.0684335678816,
        "median": 0.052734375,
        "min": 0.00146484375,
        "var": 0.00472732121125
    },
    "barkbands": {
        "dmean": [0.00154640350956, 0.00806523673236, 0.00378891965374, 0.00142208090983, 0.00197267299518, 0.000883448461536, 0.000460360199213, 0.0002720944467, 0.000286803609924, 0.000244494585786, 0.00033193625859, 0.000463186384877, 0.000362667575246, 0.000336777564371, 0.00029000986251, 0.00031021880568, 0.000293648277875, 0.00030072874506, 0.000273276295047, 0.000221843991312, 0.00022364675533, 0.000188231831999, 0.000191380589968, 0.00018971542886, 0.000186211240361, 0.000153949629748, 5.22248919879e-05],
        "dmean2": [0.00269093876705, 0.0125508401543, 0.00607689330354, 0.00254360120744, 0.00339582422748, 0.00157979305368, 0.000738243106753, 0.000442494492745, 0.000457338552224, 0.000399977114284, 0.000541522807907, 0.000753545726184, 0.000595526013058, 0.000546162307728, 0.00046918191947, 0.000510759826284, 0.000472609477583, 0.000479785056086, 0.000435793743236, 0.000361256359611, 0.000361123791663, 0.000298566737911, 0.00031152687734, 0.000296084181173, 0.000282791093923, 0.000229086668696, 7.87472017691e-05],
        "dvar": [1.96193541342e-05, 0.000253854843322, 0.000121582663269, 2.58852214756e-05, 4.1307972424e-05, 1.02916928881e-05, 7.88828174336e-07, 2.39205434127e-07, 2.75686630857e-07, 2.47348310722e-07, 4.29217834608e-07, 7.38359119623e-07, 5.61268791444e-07, 7.05140848822e-07, 2.95801072525e-07, 3.55508660732e-07, 2.15193097119e-07, 2.17400526026e-07, 1.40102329738e-07, 1.33179270279e-07, 1.79265427391e-07, 1.23422267961e-07, 1.55641714628e-07, 1.37833168878e-07, 2.31708497722e-07, 2.24852030328e-07, 3.30864509124e-08],
        "dvar2": [5.34583014087e-05, 0.000549123680685, 0.000288930750685, 7.53575077397e-05, 0.00011034286581, 2.96947982861e-05, 1.88702301784e-06, 5.86879593811e-07, 6.62780109906e-07, 6.28580039574e-07, 1.10021755972e-06, 1.7339251599e-06, 1.32349362048e-06, 1.7357770048e-06, 7.17623720448e-07, 8.69711129781e-07, 5.36969821496e-07, 5.44392264601e-07, 3.54630657284e-07, 3.46680081975e-07, 4.11856177607e-07, 2.79097662315e-07, 4.04796622888e-07, 3.37733382594e-07, 5.81104359298e-07, 5.49323999621e-07, 6.87267984745e-08],
        "max": [0.0781269446015, 0.130408555269, 0.153804808855, 0.0725759342313, 0.0739653706551, 0.0493197999895, 0.0225662980229, 0.00816704984754, 0.0114970868453, 0.00981383211911, 0.0112996473908, 0.0106960646808, 0.0217289477587, 0.0204970128834, 0.0126000456512, 0.0166687797755, 0.0113277891651, 0.0139779206365, 0.00515864789486, 0.00619350699708, 0.00587283680215, 0.00519487727433, 0.00535866245627, 0.00489966385067, 0.0104656461626, 0.0079148709774, 0.00325089204125],
        "mean": [0.00310260732658, 0.0366202145815, 0.00744816800579, 0.00154395762365, 0.00229562213644, 0.000936874654144, 0.000818167347461, 0.000459464092273, 0.000476028391859, 0.000356980512151, 0.000477882684208, 0.000646929489449, 0.000518486776855, 0.000476003915537, 0.000484915130073, 0.000508614873979, 0.000532020116225, 0.000580036838073, 0.000567286682781, 0.000437967973994, 0.000449364015367, 0.000381988094887, 0.000382373254979, 0.000377343705622, 0.000316881632898, 0.000240324516199, 6.72322930768e-05],
        "median": [0.000424434139859, 0.0274232029915, 0.00101005099714, 0.000562395085581, 0.000775433145463, 0.000283589761239, 0.000271185184829, 0.000174730754225, 0.000198580237338, 0.000156637877808, 0.000175492154085, 0.000230489036767, 0.000193855274119, 0.000141096505104, 0.00022069842089, 0.000242702430114, 0.000322386971675, 0.000363318773452, 0.000397836556658, 0.00019564118702, 0.000166104058735, 0.000142257660627, 0.000154606008437, 0.000145753700053, 6.92695393809e-05, 3.82194921258e-05, 2.03358467843e-06],
        "min": [6.99635905067e-25, 4.18765549359e-24, 8.19491092272e-25, 1.07107313305e-24, 5.02375733412e-24, 7.68725467274e-24, 5.22126680554e-24, 4.83503971749e-24, 4.51781665939e-24, 1.13564313364e-23, 9.3106996501e-24, 9.86658941963e-24, 3.20208454859e-23, 4.01399660055e-23, 4.81936268472e-23, 5.70540746693e-23, 6.08416041345e-23, 9.41627101178e-23, 1.07037570112e-22, 1.63102457383e-22, 2.68183122336e-22, 3.25416356783e-22, 4.31087064449e-22, 6.08240838494e-22, 8.7516042023e-22, 1.33150542247e-21, 1.96636038318e-21],
        "var": [3.51660964952e-05, 0.00136752612889, 0.00037381859147, 1.60753479577e-05, 3.22865926137e-05, 6.59745319354e-06, 2.34039907809e-06, 5.65958828247e-07, 6.23841003744e-07, 3.53036739398e-07, 6.44286842544e-07, 1.16344585877e-06, 9.77755234999e-07, 1.20065351439e-06, 5.89731030232e-07, 5.95057429109e-07, 4.18966038751e-07, 4.35820709299e-07, 3.4454200204e-07, 3.13827257514e-07, 4.20450362526e-07, 3.16925621746e-07, 3.24889271042e-07, 3.57930957762e-07, 3.81852146347e-07, 3.48731987287e-07, 5.38147730822e-08]
    },
    "erbbands": {
        "dmean": [0.340984046459, 1.71444928646, 3.94970083237, 4.6724152565, 4.91162538528, 6.98489046097, 8.26788520813, 7.12879133224, 6.21822404861, 6.3917183876, 5.49169063568, 6.49923086166, 6.49905586243, 11.536154747, 12.9560365677, 16.9013881683, 16.3103485107, 14.4936323166, 15.6999950409, 14.2983160019, 16.7780742645, 15.9332580566, 17.2063827515, 13.5995264053, 12.8035411835, 10.1768064499, 9.43778324127, 8.66549968719, 6.97764444351, 6.166639328, 5.64238548279, 4.43914604187, 2.93592357635, 2.05302190781, 1.47004652023, 0.686507999897, 0.284450173378, 0.0797957926989, 0.0084080286324, 0.000125525708427],
        "dmean2": [0.52643018961, 2.65759706497, 6.25400686264, 7.96158742905, 8.66941642761, 11.8634996414, 14.1855869293, 12.7073001862, 10.3596410751, 10.2185668945, 8.79944324493, 10.3078012466, 10.512556076, 19.3256626129, 21.2715835571, 27.3684177399, 26.5762004852, 23.1221942902, 25.6470241547, 22.9684276581, 27.383523941, 25.1402740479, 27.5678253174, 21.6942100525, 20.3123626709, 16.5159912109, 15.133357048, 14.0750818253, 11.1863536835, 9.99176025391, 9.17762565613, 7.03637361526, 4.59420347214, 3.18137478828, 2.27160596848, 1.05142378807, 0.431590199471, 0.114839479327, 0.0129308775067, 0.000187967452803],
        "dvar": [0.474313735962, 11.4816646576, 114.640441895, 224.450515747, 294.002441406, 528.610290527, 1237.37145996, 562.357849121, 152.077651978, 139.95149231, 80.0572738647, 166.693283081, 169.579101562, 508.647369385, 651.277893066, 1069.09387207, 1102.42553711, 1311.66918945, 1117.484375, 583.836853027, 1202.30969238, 610.546630859, 683.15637207, 397.261413574, 310.472106934, 302.846038818, 282.056610107, 324.676422119, 173.092269897, 166.688323975, 132.465255737, 71.2264404297, 34.4906921387, 20.8407897949, 20.9960765839, 3.84678077698, 0.870218634605, 0.0646441876888, 0.000916129327379, 1.69578584064e-07],
        "dvar2": [0.999849796295, 25.7419719696, 268.442199707, 627.374938965, 844.940612793, 1385.3125, 3293.55737305, 1605.42297363, 407.642028809, 333.926696777, 195.292877197, 394.265838623, 438.69430542, 1373.28137207, 1516.20751953, 2466.66601562, 2515.8371582, 3020.53808594, 2880.93017578, 1457.22692871, 2876.4152832, 1442.38354492, 1703.97192383, 1019.99975586, 782.828857422, 778.575561523, 676.300354004, 774.092224121, 399.016143799, 417.198730469, 348.261413574, 176.96723938, 83.072303772, 51.6539115906, 54.9174118042, 9.41463375092, 2.16816282272, 0.127812221646, 0.00195592455566, 3.56465847062e-07],
        "max": [5.92931509018, 32.1629333496, 135.33203125, 232.395339966, 231.638900757, 277.935150146, 613.809265137, 297.743255615, 178.582794189, 314.590026855, 165.907867432, 323.456939697, 209.211959839, 355.89831543, 449.403808594, 385.750946045, 994.863098145, 1184.67346191, 1044.17944336, 507.157104492, 1157.49572754, 649.242980957, 542.872619629, 563.451782227, 267.852478027, 336.225189209, 239.747131348, 301.589019775, 225.350341797, 222.081268311, 153.054458618, 124.85118866, 104.362930298, 65.8068237305, 130.002487183, 32.642326355, 17.1758155823, 4.20169401169, 0.522498428822, 0.00708239898086],
        "mean": [1.51970160007, 6.41135406494, 8.78717041016, 7.04645395279, 5.54207181931, 8.61047649384, 8.54681777954, 7.8337392807, 9.67452049255, 12.3594560623, 9.64901447296, 11.0995998383, 9.87377262115, 17.3684368134, 19.5972423553, 24.0856266022, 24.603931427, 23.0847835541, 26.0275611877, 25.8997707367, 28.5910339355, 30.8931674957, 33.7592887878, 28.4449386597, 27.2939071655, 20.2562885284, 18.9442653656, 16.6692485809, 13.901597023, 11.9866867065, 10.8471765518, 8.87254905701, 5.68465900421, 3.60130929947, 2.28539466858, 1.06417095661, 0.429316610098, 0.121843993664, 0.0107892705128, 0.000236060266616],
        "median": [0.675712108612, 4.01424646378, 2.30394983292, 2.29013228416, 2.36355185509, 2.4060049057, 2.4378285408, 2.48287725449, 3.85199022293, 4.68135070801, 4.70220088959, 4.6110162735, 4.69667434692, 7.51729011536, 8.03019237518, 9.52625656128, 10.2730121613, 8.42393112183, 11.4117259979, 13.4820184708, 14.5612211227, 19.1879558563, 22.2296199799, 18.8198280334, 18.6040992737, 8.73081588745, 6.63598060608, 6.60894203186, 5.23719787598, 4.56328868866, 4.3471736908, 3.82939314842, 1.80366921425, 0.834188580513, 0.480258315802, 0.195266574621, 0.0599343180656, 0.0107531435788, 0.000376127136406, 0.000110051172669],
        "min": [1.50197412415e-22, 5.27074700142e-22, 7.99555940586e-22, 4.33558640134e-21, 1.05835134047e-20, 1.57874690048e-20, 4.05413464363e-20, 6.70405846538e-20, 1.05816136358e-19, 9.70777809799e-20, 1.992854647e-19, 1.63703579793e-19, 5.02783899258e-19, 7.59830584802e-19, 7.46043034954e-19, 5.7563865889e-19, 1.63825798313e-18, 2.18876270741e-18, 2.72363816421e-18, 3.46460029395e-18, 3.08775996793e-18, 4.35249244795e-18, 5.53515889183e-18, 6.14428849106e-18, 6.54985307744e-18, 7.51721805635e-18, 9.25891631926e-18, 1.15227541459e-17, 1.29667740945e-17, 1.22187786548e-17, 1.22907177255e-17, 1.29837205437e-17, 1.01068508934e-17, 8.73037024171e-18, 5.97319817547e-18, 3.9701195244e-18, 2.20325491174e-18, 1.004830367e-18, 2.49299053432e-19, 2.73874072444e-20],
        "var": [2.74908661842, 49.9989624023, 364.265563965, 250.813049316, 187.312637329, 478.856384277, 920.249450684, 408.832580566, 233.485641479, 433.96105957, 182.341812134, 384.787109375, 240.231552124, 744.900085449, 1049.43774414, 1657.42956543, 1946.58081055, 2645.11743164, 2053.18041992, 1194.08312988, 1975.20849609, 1313.3104248, 1381.96606445, 922.971557617, 814.833068848, 699.738220215, 695.270935059, 657.068908691, 416.254638672, 339.573455811, 265.581115723, 178.521179199, 92.1361923218, 43.0611953735, 25.6735477448, 5.93526697159, 1.25043606758, 0.124782957137, 0.0014583846787, 2.98635342233e-07]
    },
    "gfcc": {
        "mean": [2.95684409142, 60.2207107544, -111.110061646, 43.4582595825, -42.7764968872, 18.9593257904, -30.8671302795, 14.9111022949, -19.2742824554, 2.19210195541, -11.2794389725, 4.1122841835, -13.1476192474],
        "cov": [[23484.6738281, -2338.99072266, 963.732543945, 1387.32678223, -377.826721191, 1460.31665039, -468.545501709, 628.497924805, -429.91973877, 813.192260742, -272.252075195, 754.328857422, -182.073059082], [-2338.99072266, 2730.07910156, -585.475524902, 147.927932739, 362.055145264, -330.219238281, 335.194122314, -72.0016403198, 292.630004883, -317.072113037, 267.377502441, -277.264678955, 113.931098938], [963.732543945, -585.475524902, 2428.0324707, 684.66998291, 597.29296875, 463.849914551, 132.954101562, 272.610961914, -8.83749866486, 273.75112915, -13.3299751282, 278.2527771, 49.241230011], [1387.32678223, 147.927932739, 684.66998291, 783.968322754, 420.372375488, 303.246612549, 228.443954468, 137.451217651, 103.812965393, 141.053726196, 54.4416847229, 94.4705886841, 104.09135437], [-377.826721191, 362.055145264, 597.29296875, 420.372375488, 629.066162109, 199.315200806, 313.316772461, 70.1995239258, 133.141357422, 81.3628082275, 69.9646072388, 37.5059280396, 116.300247192], [1460.31665039, -330.219238281, 463.849914551, 303.246612549, 199.315200806, 473.596832275, 157.722045898, 139.794143677, 47.6784477234, 176.086547852, 20.4137458801, 112.577682495, 46.9337844849], [-468.545501709, 335.194122314, 132.954101562, 228.443954468, 313.316772461, 157.722045898, 345.796875, 57.1811676025, 139.283874512, 35.5904960632, 75.7556915283, -8.03927707672, 95.8712463379], [628.497924805, -72.0016403198, 272.610961914, 137.451217651, 70.1995239258, 139.794143677, 57.1811676025, 194.848953247, 48.9025764465, 88.3900604248, 29.5536117554, 63.6146011353, -5.67121648788], [-429.91973877, 292.630004883, -8.83749866486, 103.812965393, 133.141357422, 47.6784477234, 139.283874512, 48.9025764465, 163.160842896, 39.404384613, 82.9460372925, -10.2733011246, 46.8896331787], [813.192260742, -317.072113037, 273.75112915, 141.053726196, 81.3628082275, 176.086547852, 35.5904960632, 88.3900604248, 39.404384613, 196.159744263, 24.0114154816, 97.5475540161, 30.8014507294], [-272.252075195, 267.377502441, -13.3299751282, 54.4416847229, 69.9646072388, 20.4137458801, 75.7556915283, 29.5536117554, 82.9460372925, 24.0114154816, 142.95362854, 25.7206172943, 37.1654129028], [754.328857422, -277.264678955, 278.2527771, 94.4705886841, 37.5059280396, 112.577682495, -8.03927707672, 63.6146011353, -10.2733011246, 97.5475540161, 25.7206172943, 144.987701416, 37.1965141296], [-182.073059082, 113.931098938, 49.241230011, 104.09135437, 116.300247192, 46.9337844849, 95.8712463379, -5.67121648788, 46.8896331787, 30.8014507294, 37.1654129028, 37.1965141296, 129.578643799]],
        "icov": [[9.76741866907e-05, -8.21964422357e-05, 0.000102878955659, -0.000222007598495, 0.000103319980553, -0.000252554833423, 0.000126630955492, -7.69402104197e-05, 0.000279561179923, -0.000234384366195, 0.000257873878581, -0.000442433927674, 0.000258038082393], [-8.21964422357e-05, 0.00115794653539, 3.12499082611e-06, -0.000126043494674, -0.000587215530686, 0.000660421908833, 3.51909693563e-05, -0.000393960508518, -0.000957333017141, 0.00176779984031, -0.00186658836901, 0.00182434043381, -0.000851104152389], [0.000102878955659, 3.12499082611e-06, 0.00102263980079, -0.000534948601853, -0.000868296367116, -0.000346998800524, 0.000550380034838, -0.000661265745293, 0.000698487507179, -0.000205280870432, 0.000508136698045, -0.00141268083826, 0.000707593455445], [-0.000222007598495, -0.000126043494674, -0.000534948601853, 0.0031102381181, -0.00105950445868, -0.000263135589194, -0.000257674400927, -0.000226932330406, -0.000700936419889, 2.72331144515e-05, -9.88863102975e-05, 0.000736523827072, -0.00120525003877], [0.000103319980553, -0.000587215530686, -0.000868296367116, -0.00105950445868, 0.00504408590496, -0.000132952758577, -0.00294261984527, 0.00112059421372, -8.47701448947e-05, -0.00116408406757, 0.000883985951077, -0.000484005606268, -0.000217517852434], [-0.000252554833423, 0.000660421908833, -0.000346998800524, -0.000263135589194, -0.000132952758577, 0.00542893912643, -0.00252006691881, -0.000858738902025, -7.2102257036e-06, -0.00133915303741, -0.000647208362352, 0.000553583260626, -0.00026476001949], [0.000126630955492, 3.51909693563e-05, 0.000550380034838, -0.000257674400927, -0.00294261984527, -0.00252006691881, 0.00889871548861, -0.00132404244505, -0.00277163693681, 0.00152961863205, -0.000610368151683, 0.00187972630374, -0.00266832020134], [-7.69402104197e-05, -0.000393960508518, -0.000661265745293, -0.000226932330406, 0.00112059421372, -0.000858738902025, -0.00132404244505, 0.00921943504363, -0.00268512475304, -0.00148453377187, 0.000421437551267, -0.00280861346982, 0.0033701416105], [0.000279561179923, -0.000957333017141, 0.000698487507179, -0.000700936419889, -8.47701448947e-05, -7.2102257036e-06, -0.00277163693681, -0.00268512475304, 0.0158238485456, -0.00520224124193, -0.00387349189259, 0.00231977156363, -0.000500377558637], [-0.000234384366195, 0.00176779984031, -0.000205280870432, 2.72331144515e-05, -0.00116408406757, -0.00133915303741, 0.00152961863205, -0.00148453377187, -0.00520224124193, 0.0136955408379, -0.00203319825232, -0.00170871673618, -0.00179372180719], [0.000257873878581, -0.00186658836901, 0.000508136698045, -9.88863102975e-05, 0.000883985951077, -0.000647208362352, -0.000610368151683, 0.000421437551267, -0.00387349189259, -0.00203319825232, 0.014478687197, -0.00768828764558, 0.00174013571814], [-0.000442433927674, 0.00182434043381, -0.00141268083826, 0.000736523827072, -0.000484005606268, 0.000553583260626, 0.00187972630374, -0.00280861346982, 0.00231977156363, -0.00170871673618, -0.00768828764558, 0.0206050295383, -0.00770326750353], [0.000258038082393, -0.000851104152389, 0.000707593455445, -0.00120525003877, -0.000217517852434, -0.00026476001949, -0.00266832020134, 0.0033701416105, -0.000500377558637, -0.00179372180719, 0.00174013571814, -0.00770326750353, 0.0142599698156]]
    },
    "melbands": {
        "dmean": [0.00250016199425, 0.00192540453281, 0.00079539231956, 0.000424129044404, 0.000292988173896, 0.00015829638869, 9.68797976384e-05, 6.93116526236e-05, 4.46867816208e-05, 4.27018603659e-05, 3.30786388076e-05, 4.59487237094e-05, 4.20302058046e-05, 4.85062082589e-05, 4.38234528701e-05, 3.98864758608e-05, 2.81497486867e-05, 2.74611556961e-05, 2.36750511249e-05, 2.00894319278e-05, 2.03492290893e-05, 1.7336140445e-05, 1.81026443897e-05, 1.39993862831e-05, 1.19073501992e-05, 1.13642290671e-05, 8.5835417849e-06, 7.09536925569e-06, 6.38410710962e-06, 5.73081842958e-06, 5.164526101e-06, 4.22669882028e-06, 3.93239042751e-06, 3.59107320946e-06, 3.55098291038e-06, 3.20843241752e-06, 2.76436298918e-06, 2.26626411859e-06, 1.86122360901e-06, 1.78954337571e-06],
        "dmean2": [0.0038692757953, 0.0029933413025, 0.00134855182841, 0.00073385797441, 0.000493858649861, 0.000282742228592, 0.000159279894433, 0.00011089551117, 7.13704066584e-05, 6.7795474024e-05, 5.3443138313e-05, 7.7071308624e-05, 6.89724402037e-05, 7.93096405687e-05, 7.23262492102e-05, 6.38353812974e-05, 4.56906345789e-05, 4.5074870286e-05, 3.81922982342e-05, 3.29134127242e-05, 3.34081451001e-05, 2.76583523373e-05, 2.92629501928e-05, 2.24962313951e-05, 1.91999988601e-05, 1.81255745701e-05, 1.3900779777e-05, 1.16524724945e-05, 1.03340435089e-05, 9.49537297856e-06, 8.28444990475e-06, 6.75655928717e-06, 6.45187992632e-06, 5.83548899158e-06, 5.86035685046e-06, 5.14175144417e-06, 4.40288476966e-06, 3.58027727998e-06, 2.94588858196e-06, 2.805828899e-06],
        "dvar": [2.48928445217e-05, 1.90809896594e-05, 6.41326505502e-06, 1.79664175448e-06, 1.3859308865e-06, 2.83584455474e-07, 3.49638433761e-08, 1.48457122151e-08, 5.75416958526e-09, 7.54032569716e-09, 4.5152708239e-09, 7.98890020803e-09, 7.0772965266e-09, 9.11666830916e-09, 7.83152920292e-09, 7.9018915855e-09, 5.26148058455e-09, 4.09122424827e-09, 2.20585216759e-09, 1.27313048992e-09, 1.90699189773e-09, 7.74367014955e-10, 7.45247974443e-10, 5.4044752007e-10, 3.10219988586e-10, 2.55329063448e-10, 1.74329370384e-10, 1.6166713801e-10, 1.32263922037e-10, 1.16083725965e-10, 1.20440157847e-10, 6.26741991638e-11, 5.56051350797e-11, 6.01903110686e-11, 5.85129375508e-11, 3.24361787429e-11, 3.02819679054e-11, 2.05425398914e-11, 1.66061105838e-11, 1.68046253995e-11],
        "dvar2": [5.25352625118e-05, 4.41646916443e-05, 1.78509635589e-05, 5.07838467456e-06, 3.43506735589e-06, 8.13805172584e-07, 9.04843204808e-08, 3.57228593373e-08, 1.34509168248e-08, 1.78174417442e-08, 1.16422462781e-08, 2.15414761584e-08, 1.68219287389e-08, 2.1710846454e-08, 1.92867801729e-08, 1.78484764746e-08, 1.28212871431e-08, 1.05913899873e-08, 5.33658495172e-09, 3.26157634234e-09, 4.5852748265e-09, 1.850144149e-09, 1.86033999316e-09, 1.38255884519e-09, 8.10785161232e-10, 6.50443254813e-10, 4.44904418861e-10, 4.2048697857e-10, 3.24543808494e-10, 2.95673180384e-10, 2.7342431097e-10, 1.48018056145e-10, 1.37294439706e-10, 1.55534890522e-10, 1.57622803698e-10, 8.27560173167e-11, 7.64745627935e-11, 4.9794772472e-11, 4.03924775572e-11, 4.35737834703e-11],
        "max": [0.0422452352941, 0.0510464981198, 0.0387030355632, 0.017261851579, 0.020965706557, 0.00702640414238, 0.00363746914081, 0.00277046463452, 0.00194886396639, 0.00221987417899, 0.00120439333841, 0.00148079183418, 0.00160497589968, 0.00120822852477, 0.00118660461158, 0.00287353945896, 0.00221542827785, 0.00217931135558, 0.00132562557701, 0.000562964414712, 0.00145219673868, 0.000688992906362, 0.00084877142217, 0.00079286925029, 0.000435393070802, 0.000252777070273, 0.000266301824013, 0.000273585843388, 0.000175162756932, 0.000221773443627, 0.000185605196748, 0.000146093181684, 9.72192283371e-05, 0.000134606932988, 9.5184892416e-05, 8.19738852442e-05, 7.86968666944e-05, 7.40350660635e-05, 7.43677010178e-05, 6.27617337159e-05],
        "mean": [0.0117233479396, 0.00585087575018, 0.00121767329983, 0.000509246136062, 0.000322708132444, 0.000173787280801, 0.000158738897881, 0.000133114081109, 7.5114723586e-05, 7.06148784957e-05, 4.78902547911e-05, 6.81795718265e-05, 6.25450556981e-05, 6.77617135807e-05, 5.88764887652e-05, 5.53537574888e-05, 4.08579398936e-05, 4.1717030399e-05, 3.95620227209e-05, 3.31334740622e-05, 3.24490029016e-05, 3.06862566504e-05, 3.38933241437e-05, 2.5765679311e-05, 2.24921004701e-05, 2.23387542064e-05, 1.63167387655e-05, 1.26877948787e-05, 1.19476871987e-05, 1.06530997073e-05, 9.22821982385e-06, 7.86743112258e-06, 7.18725914339e-06, 6.44972942609e-06, 6.16950546828e-06, 6.14269583821e-06, 5.13982604389e-06, 4.19030038756e-06, 3.25502378473e-06, 2.94068172479e-06],
        "median": [0.00818311329931, 0.00272869924083, 0.000433649751358, 0.000173171109054, 9.61828554864e-05, 5.50980330445e-05, 5.90609306528e-05, 5.04046693095e-05, 3.33500756824e-05, 2.74835401797e-05, 2.12251161429e-05, 2.94771816698e-05, 2.54830720223e-05, 2.52426616498e-05, 2.07879420486e-05, 1.74337783392e-05, 1.27542607515e-05, 1.57101494551e-05, 1.71323481482e-05, 1.62606993399e-05, 1.53721211973e-05, 1.71014453372e-05, 2.23503793677e-05, 1.55766374519e-05, 1.41174969031e-05, 1.51340027514e-05, 8.89635339263e-06, 4.64933100375e-06, 4.09650692745e-06, 3.76745356334e-06, 3.71966689272e-06, 3.00954661725e-06, 2.5166937121e-06, 2.43280601353e-06, 2.26978954743e-06, 2.72240595223e-06, 2.10828420677e-06, 1.33801461288e-06, 7.7502181739e-07, 6.51370442029e-07],
        "min": [1.74406614851e-24, 7.37754847299e-25, 1.38609053605e-24, 5.24654476857e-25, 1.63110895828e-24, 1.85259467362e-24, 1.42265788749e-24, 9.1128186252e-25, 1.70054903111e-24, 8.56114255619e-25, 1.92083567788e-24, 2.35161506606e-24, 1.77511788311e-24, 1.5497792725e-24, 2.30672572511e-24, 3.24650518783e-24, 3.45384958538e-24, 3.54698960359e-24, 3.49596568581e-24, 2.45472115853e-24, 2.9628099015e-24, 3.43575627165e-24, 4.21444402664e-24, 4.44781550925e-24, 3.69019941233e-24, 4.14220290595e-24, 4.51748494338e-24, 4.9759527577e-24, 4.99801285848e-24, 5.40872934448e-24, 6.44198093586e-24, 6.57314168313e-24, 5.73312590921e-24, 6.0128480976e-24, 5.54791951247e-24, 6.65815012313e-24, 7.03864692558e-24, 6.19353156034e-24, 6.10523396479e-24, 6.74983784843e-24],
        "var": [0.000145323996549, 6.72884561936e-05, 6.90146498528e-06, 1.33990397444e-06, 1.17654019505e-06, 1.95927299274e-07, 7.16551653568e-08, 4.46675088028e-08, 1.30319870451e-08, 1.69212324153e-08, 6.33949248652e-09, 1.15223750541e-08, 1.08837490131e-08, 1.39429117141e-08, 1.13499378784e-08, 1.35935902534e-08, 9.50647471853e-09, 7.15714376653e-09, 4.63060301215e-09, 2.17991869e-09, 2.99103053436e-09, 1.57453827754e-09, 1.44147460635e-09, 9.79382575039e-10, 6.45935416266e-10, 5.95613725007e-10, 3.87019472026e-10, 3.27415150547e-10, 2.93545771024e-10, 2.34907482355e-10, 2.31282229479e-10, 1.37223760133e-10, 1.23882529235e-10, 1.05518843663e-10, 9.7750182948e-11, 7.99308744193e-11, 6.70298053174e-11, 5.17519083143e-11, 3.77150359554e-11, 3.03117184131e-11]
    },
    "mfcc": {
        "mean": [-633.150878906, 89.1617660522, -1.9335256815, 28.8253688812, 13.5985536575, 9.0744228363, 5.59724140167, 13.1991443634, 0.0597225390375, 4.54334020615, 1.51425755024, 4.3692407608, 1.57597470284],
        "cov": [[10803.9238281, -1014.40411377, 849.12878418, 320.9246521, 322.550964355, 563.917419434, 250.889190674, 159.434890747, 131.867980957, 145.9581604, 85.2598648071, 230.678710938, 183.047531128], [-1014.40411377, 1833.04101562, -248.423492432, 257.260681152, 89.6250762939, -80.8251876831, 39.8889350891, 163.120285034, -22.9249515533, 73.8431091309, 67.5312728882, 9.54954624176, -3.20969033241], [849.12878418, -248.423492432, 1358.3482666, 436.4090271, 474.394836426, 267.287261963, 233.332702637, 157.120651245, 124.079551697, 67.0556564331, 61.7901878357, 68.6239624023, 85.5808639526], [320.9246521, 257.260681152, 436.4090271, 673.982177734, 355.518432617, 270.213562012, 221.6459198, 142.142837524, 172.582122803, 90.0516815186, 76.8248291016, 60.3142433167, 61.8420982361], [322.550964355, 89.6250762939, 474.394836426, 355.518432617, 401.621124268, 238.706451416, 190.266693115, 120.962715149, 119.832229614, 76.6880493164, 69.5722122192, 48.1832695007, 57.8045082092], [563.917419434, -80.8251876831, 267.287261963, 270.213562012, 238.706451416, 425.263763428, 246.175842285, 99.6939163208, 190.04069519, 87.0817260742, 70.3130264282, 80.3385620117, 66.938331604], [250.889190674, 39.8889350891, 233.332702637, 221.6459198, 190.266693115, 246.175842285, 259.796936035, 125.035644531, 154.828826904, 71.7191543579, 66.0976638794, 59.1045265198, 62.9446105957], [159.434890747, 163.120285034, 157.120651245, 142.142837524, 120.962715149, 99.6939163208, 125.035644531, 173.895675659, 72.6405792236, 68.1598510742, 52.1825408936, 47.7730636597, 50.3833847046], [131.867980957, -22.9249515533, 124.079551697, 172.582122803, 119.832229614, 190.04069519, 154.828826904, 72.6405792236, 210.215560913, 72.481010437, 51.7435646057, 34.3434181213, 46.5531005859], [145.9581604, 73.8431091309, 67.0556564331, 90.0516815186, 76.6880493164, 87.0817260742, 71.7191543579, 68.1598510742, 72.481010437, 115.40348053, 68.0780792236, 49.7562866211, 33.4974708557], [85.2598648071, 67.5312728882, 61.7901878357, 76.8248291016, 69.5722122192, 70.3130264282, 66.0976638794, 52.1825408936, 51.7435646057, 68.0780792236, 108.39944458, 62.184223175, 38.8106994629], [230.678710938, 9.54954624176, 68.6239624023, 60.3142433167, 48.1832695007, 80.3385620117, 59.1045265198, 47.7730636597, 34.3434181213, 49.7562866211, 62.184223175, 107.948600769, 51.6297073364], [183.047531128, -3.20969033241, 85.5808639526, 61.8420982361, 57.8045082092, 66.938331604, 62.9446105957, 50.3833847046, 46.5531005859, 33.4974708557, 38.8106994629, 51.6297073364, 89.9361190796]],
