{
"lowlevel": {
    "average_loudness": 0.952323675156,
    "barkbands_crest": {
        "dmean": 3.1872074604,
        "dmean2": 4.81290483475,
        "dvar": 11.2672386169,
        "dvar2": 26.4748802185,
        "max": 26.6844062805,
        "mean": 12.6884126663,
        "median": 12.2317829132,
        "min": 2.24193406105,
        "var": 34.0461006165
    },
    "barkbands_flatness_db": {
        "dmean": 0.0321793034673,
        "dmean2": 0.0448061525822,
        "dvar": 0.00143608753569,
        "dvar2": 0.0023894298356,
        "max": 0.546281695366,
        "mean": 0.147948548198,
        "median": 0.121163398027,
        "min": 0.0173082388937,
        "var": 0.00847302004695
    },
    "barkbands_kurtosis": {
        "dmean": 19.6112194061,
        "dmean2": 29.1433601379,
        "dvar": 12165.6298828,
        "dvar2": 30044.6210938,
        "max": 4167.20410156,
        "mean": 19.6119422913,
        "median": 0.292043447495,
        "min": -1.92541408539,
        "var": 10895.9697266
    },
    "barkbands_skewness": {
        "dmean": 1.24159419537,
        "dmean2": 1.64533412457,
        "dvar": 5.86070728302,
        "dvar2": 10.4775791168,
        "max": 54.4756393433,
        "mean": 2.1029510498,
        "median": 1.15393280983,
        "min": -3.14184689522,
        "var": 13.2694416046
    },
    "barkbands_spread": {
        "dmean": 11.3312416077,
        "dmean2": 16.8998260498,
        "dvar": 177.465087891,
        "dvar2": 381.405426025,
        "max": 113.550437927,
        "mean": 39.502658844,
        "median": 37.9288902283,
        "min": 0.0717459693551,
        "var": 665.091918945
    },
    "dissonance": {
        "dmean": 0.0113582955673,
        "dmean2": 0.0194220505655,
        "dvar": 0.000194976528292,
        "dvar2": 0.000547078438103,
        "max": 0.5,
        "mean": 0.483464837074,
        "median": 0.488707840443,
        "min": 0.182772904634,
        "var": 0.000306046335027
    },
    "dynamic_complexity": 4.45479822159,
    "erbbands_crest": {
        "dmean": 2.38245773315,
        "dmean2": 3.92700529099,
        "dvar": 6.35919713974,
        "dvar2": 14.659450531,
        "max": 26.3497657776,
        "mean": 7.12157154083,
        "median": 5.92759418488,
        "min": 2.27938437462,
        "var": 13.9198207855
    },
    "erbbands_flatness_db": {
        "dmean": 0.0166993625462,
        "dmean2": 0.0244669485837,
        "dvar": 0.000243882896029,
        "dvar2": 0.000517045496963,
        "max": 0.426000893116,
        "mean": 0.144344583154,
        "median": 0.126792237163,
        "min": 0.0329854972661,
        "var": 0.00400941027328
    },
    "erbbands_kurtosis": {
        "dmean": 1.23252654076,
        "dmean2": 2.01774120331,
        "dvar": 3.86660647392,
        "dvar2": 8.75375175476,
        "max": 43.9844169617,
        "mean": 0.528709232807,
        "median": -0.177130699158,
        "min": -1.8371784687,
        "var": 6.35125112534
    },
    "erbbands_skewness": {
        "dmean": 0.436845272779,
        "dmean2": 0.678127527237,
        "dvar": 0.191423565149,
        "dvar2": 0.398764997721,
        "max": 6.47942304611,
        "mean": -0.395366132259,
        "median": -0.443946868181,
        "min": -3.52157711983,
        "var": 0.706487834454
    },
    "erbbands_spread": {
        "dmean": 11.8564386368,
        "dmean2": 19.0031089783,
        "dvar": 208.110137939,
        "dvar2": 490.419616699,
        "max": 152.213165283,
        "mean": 45.6108016968,
        "median": 41.3883666992,
        "min": 5.13526391983,
        "var": 516.657836914
    },
    "hfc": {
        "dmean": 23.6691551208,
        "dmean2": 35.849899292,
        "dvar": 1666.67272949,
        "dvar2": 4011.14331055,
        "max": 313.521759033,
        "mean": 49.2211608887,
        "median": 24.4842586517,
        "min": 1.18589191887e-16,
        "var": 3029.41137695
    },
    "melbands_crest": {
        "dmean": 4.0873131752,
        "dmean2": 6.41537904739,
        "dvar": 18.3769073486,
        "dvar2": 44.9613723755,
        "max": 38.7175064087,
        "mean": 21.3894405365,
        "median": 21.8029003143,
        "min": 1.00151884556,
        "var": 64.8534469604
    },
    "melbands_flatness_db": {
        "dmean": 0.0424972325563,
        "dmean2": 0.059247598052,
        "dvar": 0.00241495203227,
        "dvar2": 0.00443712016568,
        "max": 0.690021634102,
        "mean": 0.208896279335,
        "median": 0.185400217772,
        "min": -3.62402658993e-07,
        "var": 0.0137885408476
    },
    "melbands_kurtosis": {
        "dmean": 30.4661922455,
        "dmean2": 46.1323204041,
        "dvar": 7036.59521484,
        "dvar2": 13288.9912109,
        "max": 1166.81164551,
        "mean": 46.3469429016,
        "median": 8.74838638306,
        "min": -1.89270579815,
        "var": 13766.3681641
    },
    "melbands_skewness": {
        "dmean": 1.60192835331,
        "dmean2": 2.38113284111,
        "dvar": 5.78230237961,
        "dvar2": 11.7161006927,
        "max": 26.1780910492,
        "mean": 4.11688804626,
        "median": 2.88919043541,
        "min": -1.34027612209,
        "var": 15.1815671921
    },
    "melbands_spread": {
        "dmean": 17.9500141144,
        "dmean2": 28.6059417725,
        "dvar": 724.465637207,
        "dvar2": 1834.67041016,
        "max": 227.369522095,
        "mean": 38.9238739014,
        "median": 28.3011722565,
        "min": 0.222612693906,
        "var": 1286.98681641
    },
    "pitch_salience": {
        "dmean": 0.0988467559218,
        "dmean2": 0.15546362102,
        "dvar": 0.0125445844606,
        "dvar2": 0.0289546586573,
        "max": 0.997560441494,
        "mean": 0.458611011505,
        "median": 0.467749536037,
        "min": 0.0291640274227,
        "var": 0.0362661704421
    },
    "silence_rate_20dB": {
        "dmean": 0,
        "dmean2": 0,
        "dvar": 0,
        "dvar2": 0,
        "max": 1,
        "mean": 1,
        "median": 1,
        "min": 1,
        "var": 0
    },
    "silence_rate_30dB": {
        "dmean": 0,
        "dmean2": 0,
        "dvar": 0,
        "dvar2": 0,
        "max": 1,
        "mean": 1,
        "median": 1,
        "min": 1,
        "var": 0
    },
    "silence_rate_60dB": {
        "dmean": 0.00496083544567,
        "dmean2": 0.00992296636105,
        "dvar": 0.00493587506935,
        "dvar2": 0.0111305946484,
        "max": 1,
        "mean": 0.0796240717173,
        "median": 0,
        "min": 0,
        "var": 0.0732848122716
    },
    "spectral_centroid": {
        "dmean": 396.550170898,
        "dmean2": 608.887573242,
        "dvar": 216513.203125,
        "dvar2": 436440.46875,
        "max": 10536.3271484,
        "mean": 2307.68603516,
        "median": 2477.97314453,
        "min": 88.9298858643,
        "var": 1087199.875
    },
    "spectral_complexity": {
        "dmean": 6.21488237381,
        "dmean2": 9.13017368317,
        "dvar": 52.7908325195,
        "dvar2": 102.858131409,
        "max": 65,
        "mean": 23.8545875549,
        "median": 25,
        "min": 0,
        "var": 242.727798462
    },
    "spectral_decrease": {
        "dmean": 1.81513548636e-09,
        "dmean2": 2.67063238191e-09,
        "dvar": 4.82711834367e-18,
        "dvar2": 1.16882944931e-17,
        "max": -7.38635962463e-29,
        "mean": -7.71272379296e-09,
        "median": -7.5973716207e-09,
        "min": -2.91018231735e-08,
        "var": 1.75600865294e-17
    },
    "spectral_energy": {
        "dmean": 0.00759752141312,
        "dmean2": 0.0114835351706,
        "dvar": 8.28637275845e-05,
        "dvar2": 0.00019979319768,
        "max": 0.112605921924,
        "mean": 0.0335741117597,
        "median": 0.0323206409812,
        "min": 1.1035174214e-20,
        "var": 0.000304567394778
    },
    "spectral_energyband_high": {
        "dmean": 0.00288050388917,
        "dmean2": 0.0044703069143,
        "dvar": 3.01175223285e-05,
        "dvar2": 7.34267014195e-05,
        "max": 0.0497354306281,
        "mean": 0.00502317398787,
        "median": 0.00179533322807,
        "min": 7.57091434365e-21,
        "var": 4.59297625639e-05
    },
    "spectral_energyband_low": {
        "dmean": 0.00701826345176,
        "dmean2": 0.0102937035263,
        "dvar": 9.84803555184e-05,
        "dvar2": 0.00022972903389,
        "max": 0.10532964021,
        "mean": 0.019889594987,
        "median": 0.0177108999342,
        "min": 3.20703133755e-23,
        "var": 0.00025479629403
    },
    "spectral_energyband_middle_high": {
        "dmean": 0.00228710868396,
        "dmean2": 0.00353879178874,
        "dvar": 9.12838913791e-06,
        "dvar2": 2.1882726287e-05,
        "max": 0.0310730542988,
        "mean": 0.00490969698876,
        "median": 0.00370265240781,
        "min": 2.04777183834e-21,
        "var": 2.29271172429e-05
    },
    "spectral_energyband_middle_low": {
        "dmean": 0.00307024479844,
        "dmean2": 0.00493899360299,
        "dvar": 2.55627073784e-05,
        "dvar2": 6.11614523223e-05,
        "max": 0.0666016936302,
        "mean": 0.00433531124145,
        "median": 0.00261725159362,
        "min": 2.31751102352e-22,
        "var": 2.92577242362e-05
    },
    "spectral_entropy": {
        "dmean": 0.133525520563,
        "dmean2": 0.196562677622,
        "dvar": 0.0286747030914,
        "dvar2": 0.0527404397726,
        "max": 9.80900001526,
        "mean": 7.97845745087,
        "median": 8.15211200714,
        "min": 5.30047369003,
        "var": 0.317081093788
    },
    "spectral_flux": {
        "dmean": 0.0251161940396,
        "dmean2": 0.0366252474487,
        "dvar": 0.000873552751727,
        "dvar2": 0.00168198149186,
        "max": 0.294487029314,
        "mean": 0.0988483950496,
        "median": 0.0917819291353,
        "min": 1.05048435228e-10,
        "var": 0.00347781763412
    },
    "spectral_kurtosis": {
        "dmean": 1.87989795208,
        "dmean2": 3.23541307449,
        "dvar": 38.6244468689,
        "dvar2": 118.607681274,
        "max": 159.0181427,
        "mean": 5.67519712448,
        "median": 2.2248916626,
        "min": -1.16379535198,
        "var": 228.145111084
    },
    "spectral_rms": {
        "dmean": 0.000629297806881,
        "dmean2": 0.000950398214627,
        "dvar": 5.50594506876e-07,
        "dvar2": 1.30026296574e-06,
        "max": 0.0104813855141,
        "mean": 0.00538478372619,
        "median": 0.00561536569148,
        "min": 3.28116180059e-12,
        "var": 3.75938111574e-06
    },
    "spectral_rolloff": {
        "dmean": 1169.85412598,
        "dmean2": 1865.1270752,
        "dvar": 2873495.75,
        "dvar2": 6271246.5,
        "max": 18970.7519531,
        "mean": 2937.57421875,
        "median": 1981.0546875,
        "min": 21.533203125,
        "var": 7807492.5
    },
    "spectral_skewness": {
        "dmean": 0.196511268616,
        "dmean2": 0.323980242014,
        "dvar": 0.119419537485,
        "dvar2": 0.35804232955,
        "max": 10.16015625,
        "mean": 1.34451282024,
        "median": 1.09820246696,
        "min": 0.0449812971056,
        "var": 1.09413361549
    },
    "spectral_spread": {
        "dmean": 528569.3125,
        "dmean2": 773489.25,
        "dvar": 377463504896,
        "dvar2": 611721281536,
        "max": 40616208,
        "mean": 5241713.5,
        "median": 5564548,
        "min": 516495,
        "var": 3.80328896102e+12
    },
    "spectral_strongpeak": {
        "dmean": 0.252256512642,
        "dmean2": 0.442627966404,
        "dvar": 0.528338253498,
        "dvar2": 1.50783598423,
        "max": 8.27143192291,
        "mean": 0.421425759792,
        "median": 0.285481721163,
        "min": 0,
        "var": 0.395530551672
    },
    "zerocrossingrate": {
        "dmean": 0.0200410131365,
        "dmean2": 0.0214296746999,
        "dvar": 0.000471067847684,
        "dvar2": 0.000548072217498,
        "max": 0.619140625,
        "mean": 0.0933603197336,
        "median": 0.0810546875,
        "min": 0.00244140625,
        "var": 0.00438135070726
    },
    "barkbands": {
        "dmean": [0.000569004681893, 0.00657435646281, 0.00210344488733, 0.00109213474207, 0.000894423981663, 0.000674429989886, 0.000538810505532, 0.000264276517555, 0.000766686804127, 0.000506715266965, 0.000333512551151, 0.000413363508414, 0.000207365432288, 0.000298473460134, 0.000319004524499, 0.00033935540705, 0.000349517184077, 0.000393108843127, 0.000346362707205, 0.000457368092611, 0.00078090041643, 0.000758208101615, 0.000510104815476, 0.00039963045856, 0.000326722976752, 0.000182014060556, 6.86017301632e-05],
        "dmean2": [0.000853230652865, 0.00971048884094, 0.00354083254933, 0.00193726178259, 0.00160919188056, 0.0011639733566, 0.000895323930308, 0.000448350969236, 0.0011688566301, 0.00076774857007, 0.000546724186279, 0.000679519667756, 0.000351526978193, 0.000502333510667, 0.000543629401363, 0.000573897152208, 0.000581595522817, 0.000656464428175, 0.000563142588362, 0.000756143650506, 0.00128059508279, 0.00122973008547, 0.000808517739642, 0.000604878703598, 0.000492077320814, 0.000270071264822, 0.000108821448521],
        "dvar": [8.42432598347e-07, 0.000106054882053, 3.23475360346e-05, 1.08201311377e-05, 7.04429612597e-06, 2.30045634453e-06, 1.41976465784e-06, 3.10818364824e-07, 3.60559374712e-06, 1.75093691723e-06, 1.10345786197e-06, 1.77089907538e-06, 1.49663293314e-07, 3.19238381508e-07, 3.04568573029e-07, 3.78762877062e-07, 3.00743096204e-07, 5.18282490702e-07, 3.21335619446e-07, 5.0051795597e-07, 3.35156823894e-06, 2.20313404498e-06, 8.16799513359e-07, 4.68972899625e-07, 3.70621449974e-07, 1.24640806121e-07, 3.46460495848e-08],
        "dvar2": [2.01227248908e-06, 0.00024136446882, 8.45396498335e-05, 2.93273078569e-05, 2.0086470613e-05, 5.87892463955e-06, 3.2302073123e-06, 8.35358036966e-07, 7.73698138801e-06, 3.11415760734e-06, 2.55238660429e-06, 4.20922651756e-06, 3.87465092899e-07, 8.76228000379e-07, 8.07273409009e-07, 9.97332335828e-07, 7.66969378674e-07, 1.41371253903e-06, 8.13237932107e-07, 1.31838896777e-06, 8.57971281221e-06, 5.50705817659e-06, 2.07771654459e-06, 1.04465323147e-06, 8.71652389378e-07, 2.8515060535e-07, 8.34635898173e-08],
        "max": [0.0200047977269, 0.0972068607807, 0.0536013543606, 0.029512193054, 0.0355473347008, 0.0183788836002, 0.019512642175, 0.00719192111865, 0.0209343899041, 0.0197838116437, 0.0206943731755, 0.0255184788257, 0.0103649133816, 0.0122402524576, 0.00878556538373, 0.0138311600313, 0.0100516276434, 0.0139252971858, 0.011562271975, 0.0101778274402, 0.0210167039186, 0.0141436951235, 0.00742855202407, 0.00552735012025, 0.0107349194586, 0.00942441169173, 0.00563131086528],
        "mean": [0.00149218353909, 0.0154471164569, 0.00253205513582, 0.000814232742414, 0.000852363766171, 0.000623605912551, 0.000597745995037, 0.000316435151035, 0.00085476815002, 0.000628293433692, 0.000367411965271, 0.000461562915007, 0.000267637311481, 0.000397742056521, 0.000436248577898, 0.000477703288198, 0.000509514124133, 0.0006188666448, 0.000577251252253, 0.000706609687768, 0.0010905811796, 0.00110170873813, 0.000819466251414, 0.000663121871185, 0.000510392303113, 0.000316661520628, 9.28402441787e-05],
        "median": [0.000779904657975, 0.0135630629957, 0.000414329551859, 0.000127575418446, 0.000181261973921, 0.000109530577902, 0.000103959777334, 6.73636313877e-05, 0.000146057631355, 0.000135332811624, 7.91605125414e-05, 0.000112628375064, 0.000127072999021, 0.000162746960996, 0.000205423610169, 0.000284245441435, 0.000304829940433, 0.000375521689421, 0.000326936104102, 0.000335804157658, 0.000413197354646, 0.000382511061616, 0.000261045875959, 0.000198291192646, 0.000123251797049, 6.72723836033e-05, 7.85842803452e-06],
        "min": [3.61885301768e-23, 4.66887168983e-24, 9.95384295777e-24, 8.75002386147e-24, 2.33150349116e-23, 5.85813851125e-23, 2.67416336914e-23, 8.48263078017e-24, 9.67098536284e-23, 1.14423289804e-22, 1.44810338091e-22, 1.65658568664e-22, 1.76702507741e-22, 1.66525419514e-22, 2.32153787445e-22, 2.42654119317e-22, 2.13349665871e-22, 2.33002551292e-22, 2.48920678887e-22, 2.9124184214e-22, 5.89282428349e-22, 5.74600679295e-22, 5.61609086819e-22, 7.0210614805e-22, 1.29263065998e-21, 1.54644030748e-21, 2.33301142087e-21],
        "var": [3.12722045237e-06, 0.000202184048248, 2.87025504804e-05, 7.34627974452e-06, 4.6830532483e-06, 2.07123116525e-06, 1.83976646895e-06, 4.08729647461e-07, 5.32622470928e-06, 3.19739024235e-06, 1.48561264268e-06, 2.25869462156e-06, 1.70648519315e-07, 4.45964474238e-07, 4.25106037483e-07, 4.49894571375e-07, 4.31890754271e-07, 6.89636522111e-07, 5.43442638445e-07, 8.22760625852e-07, 3.41899090017e-06, 2.71820135822e-06, 1.31222839173e-06, 9.1183250106e-07, 6.33802528682e-07, 2.61181895667e-07, 6.08520949186e-08]
    },
    "erbbands": {
        "dmean": [0.22119385004, 1.52182209492, 2.55155920982, 3.04870080948, 2.7360560894, 3.06693458557, 5.36156702042, 5.02444982529, 7.49515533447, 6.59998083115, 6.26040506363, 18.5510120392, 19.0116996765, 12.8808526993, 14.0771131516, 11.7130203247, 9.03118801117, 13.6752767563, 16.3961181641, 17.4453239441, 15.9657859802, 19.5383663177, 21.712392807, 19.2292976379, 14.7419509888, 21.6451950073, 28.1511135101, 32.0718231201, 26.5313091278, 23.7725162506, 13.5860872269, 9.26903247833, 6.58448505402, 4.09586334229, 2.17404150963, 0.885975897312, 0.337562143803, 0.103653550148, 0.0108504751697, 0.000170064828126],
        "dmean2": [0.312630742788, 2.2680106163, 4.045773983, 5.21718883514, 4.76843214035, 5.50836801529, 9.17193698883, 8.76182460785, 12.4628639221, 11.101108551, 10.0456008911, 27.2815189362, 28.6459407806, 21.1562576294, 22.7430553436, 19.3081665039, 15.1848611832, 23.0755805969, 27.9134616852, 29.0227661133, 26.4563503265, 32.5806427002, 36.1727600098, 31.2145309448, 24.0379829407, 35.6684837341, 45.6021270752, 53.3897361755, 42.4427528381, 39.309261322, 21.0542144775, 14.0761165619, 10.1391468048, 6.12524175644, 3.34610366821, 1.3416852951, 0.496361523867, 0.160565540195, 0.0172315575182, 0.00026431932929],
        "dvar": [0.105836868286, 6.79004335403, 34.9197616577, 71.4798583984, 66.0465774536, 83.8799362183, 179.57913208, 114.233161926, 272.301300049, 173.706710815, 132.558563232, 2481.85546875, 2376.39770508, 1302.47399902, 1667.0826416, 700.997619629, 259.521240234, 670.115539551, 874.905090332, 1088.3046875, 787.681091309, 954.719604492, 1653.37805176, 1170.97998047, 478.770965576, 1151.69885254, 3098.36035156, 6760.98339844, 2982.36669922, 2368.33911133, 498.106384277, 236.36882019, 138.121841431, 59.2275047302, 18.3110961914, 3.02471542358, 0.434272497892, 0.051587048918, 0.000995615613647, 1.80788958914e-07],
        "dvar2": [0.199031725526, 15.7240371704, 87.3936920166, 189.446929932, 179.826477051, 239.434417725, 455.883270264, 310.035675049, 647.007507324, 439.267700195, 328.308380127, 4912.09423828, 4697.47265625, 3159.86010742, 4152.00927734, 1712.03515625, 684.703430176, 1833.40576172, 2370.09985352, 2852.47192383, 2207.63110352, 2432.6340332, 4478.11621094, 2938.85620117, 1249.36877441, 3010.11352539, 7689.95947266, 18124.6445312, 7406.17919922, 6164.4375, 1192.01367188, 557.203308105, 305.742279053, 134.554428101, 45.7680740356, 7.1440911293, 0.998487889767, 0.124491155148, 0.00242680264637, 4.33092139929e-07],
        "max": [4.92367601395, 24.8950023651, 56.2682876587, 68.910949707, 147.783828735, 95.5106277466, 143.482513428, 174.503082275, 210.263519287, 164.733093262, 173.262557983, 664.98638916, 717.11505127, 582.38092041, 735.073425293, 418.178863525, 421.356018066, 708.034423828, 474.708068848, 712.088439941, 622.081298828, 610.846069336, 790.392883301, 731.978393555, 279.451751709, 462.793762207, 534.408996582, 996.704284668, 605.524658203, 408.870697021, 209.202423096, 138.581832886, 92.7789993286, 112.448623657, 87.7757034302, 44.6951141357, 18.7845249176, 5.31109237671, 0.993602275848, 0.0130299599841],
        "mean": [0.598309159279, 2.75400710106, 3.78068637848, 2.74529218674, 2.27405118942, 2.94902729988, 4.98758125305, 4.80829238892, 8.07888698578, 7.7779302597, 8.12730312347, 21.5343379974, 22.9646644592, 15.3493928909, 17.7008838654, 14.5203313828, 12.247751236, 18.8723907471, 22.6549797058, 24.9206600189, 25.2972888947, 29.6147651672, 33.7897109985, 32.8059921265, 26.1643028259, 33.3666992188, 40.4019165039, 44.5102882385, 38.7744407654, 33.7007446289, 22.2761039734, 15.4381742477, 10.4554853439, 6.35022592545, 3.24576854706, 1.46072435379, 0.577450573444, 0.16064427793, 0.0142880883068, 0.000280555424979],
        "median": [0.501762747765, 1.56054520607, 0.671679794788, 0.736156761646, 0.43960994482, 0.606981813908, 0.690981268883, 1.10950052738, 1.56971144676, 1.70828080177, 2.13326644897, 3.55427670479, 4.82084798813, 4.34275960922, 3.97048687935, 4.81680822372, 6.33893108368, 8.32978630066, 10.0019636154, 14.170126915, 16.1123886108, 18.3858127594, 21.0476303101, 19.5526027679, 15.2873706818, 15.9195232391, 15.8005580902, 16.4591903687, 13.9332609177, 10.8333435059, 6.93616008759, 4.66349935532, 2.96424937248, 1.62317085266, 0.753641664982, 0.327978432178, 0.110607437789, 0.0256160516292, 0.00115953886416, 7.86307427916e-05],
        "min": [3.28839028613e-22, 7.94493043918e-22, 7.88966887737e-21, 2.52950635784e-20, 5.13531172614e-20, 6.26562366016e-20, 3.56344238009e-19, 4.31624497991e-19, 2.85567588721e-19, 3.68401067521e-19, 6.17970453918e-19, 1.86272678064e-18, 1.95800909501e-18, 7.83089569798e-18, 4.70784344883e-18, 5.70584719764e-18, 1.02458858923e-17, 7.34642097629e-18, 1.40131823848e-17, 9.13814381392e-18, 1.32963642096e-17, 1.34229162259e-17, 1.20298150342e-17, 1.33838625476e-17, 1.27123457458e-17, 1.50447857965e-17, 2.0289719685e-17, 2.01524639516e-17, 1.59785883357e-17, 2.08476728606e-17, 1.72850307777e-17, 1.21737080648e-17, 1.33828666222e-17, 1.2642929576e-17, 1.09410534422e-17, 6.19233610412e-18, 2.79635850699e-18, 1.1560720702e-18, 3.13461101253e-19, 3.73984995483e-20],
        "var": [0.31550604105, 11.0810499191, 44.1030464172, 52.2444763184, 45.9464454651, 58.4880867004, 160.949813843, 95.9831314087, 322.403137207, 225.568206787, 202.647888184, 4172.87597656, 3891.11791992, 1639.3626709, 2621.11474609, 959.956848145, 303.778198242, 957.183410645, 1257.65795898, 1284.43103027, 1014.08258057, 1403.8494873, 2136.16259766, 1873.07897949, 918.698974609, 1828.00341797, 3730.99487305, 6183.421875, 3630.36230469, 2644.72753906, 974.462524414, 475.133239746, 244.028762817, 101.88583374, 27.2597332001, 5.60695695877, 0.891476631165, 0.103200301528, 0.00162224017549, 3.23429588889e-07]
    },
    "gfcc": {
        "mean": [-23.2779178619, 41.5303497314, -106.740005493, 44.1224937439, -43.7077522278, 23.6373386383, -22.0286998749, 17.1760082245, -12.1944732666, 7.53300380707, -14.5705251694, 5.43593406677, -7.99870347977],
        "cov": [[43013.7734375, -7880.66699219, 125.698509216, 6152.09619141, 93.8577575684, 2419.82299805, 748.45111084, 2190.37280273, 35.9071311951, 1238.79699707, -528.657653809, 796.385559082, -697.239807129], [-7880.66699219, 5125.66455078, -763.058898926, -865.516113281, 591.843200684, -894.74230957, -306.869567871, -684.614318848, 376.987976074, -310.518280029, 486.00982666, -419.599182129, 291.909484863], [125.698509216, -763.058898926, 1281.56225586, 413.770721436, 100.923042297, 263.585510254, 268.633544922, 162.526062012, -22.1792163849, 38.4506797791, -96.6325836182, 66.9441223145, -43.7001800537], [6152.09619141, -865.516113281, 413.770721436, 1572.16833496, 282.23223877, 518.552307129, 315.187011719, 414.804077148, 122.972160339, 202.232940674, -7.02728843689, 76.342628479, -58.4844589233], [93.8577575684, 591.843200684, 100.923042297, 282.23223877, 477.983123779, 98.0472488403, 156.658218384, 14.8345041275, 101.443374634, -37.4296531677, 70.9971618652, -47.9134674072, 21.9204730988], [2419.82299805, -894.74230957, 263.585510254, 518.552307129, 98.0472488403, 528.931945801, 292.246368408, 293.99911499, 3.59637737274, 106.025360107, -68.6823425293, 105.43686676, -35.2502250671], [748.45111084, -306.869567871, 268.633544922, 315.187011719, 156.658218384, 292.246368408, 436.915588379, 270.98626709, 86.2764587402, 15.2908725739, -14.9188814163, 36.1342773438, 20.036687851], [2190.37280273, -684.614318848, 162.526062012, 414.804077148, 14.8345041275, 293.99911499, 270.98626709, 382.896331787, 77.9488601685, 102.308525085, -54.6904144287, 75.0543746948, -24.5483665466], [35.9071311951, 376.987976074, -22.1792163849, 122.972160339, 101.443374634, 3.59637737274, 86.2764587402, 77.9488601685, 187.16746521, 71.2838134766, 80.6880340576, -41.3763427734, 21.2404155731], [1238.79699707, -310.518280029, 38.4506797791, 202.232940674, -37.4296531677, 106.025360107, 15.2908725739, 102.308525085, 71.2838134766, 193.02973938, 65.9465026855, 69.4668960571, -14.8000154495], [-528.657653809, 486.00982666, -96.6325836182, -7.02728843689, 70.9971618652, -68.6823425293, -14.9188814163, -54.6904144287, 80.6880340576, 65.9465026855, 197.764083862, 41.2020530701, 64.2184524536], [796.385559082, -419.599182129, 66.9441223145, 76.342628479, -47.9134674072, 105.43686676, 36.1342773438, 75.0543746948, -41.3763427734, 69.4668960571, 41.2020530701, 171.680847168, 46.6784477234], [-697.239807129, 291.909484863, -43.7001800537, -58.4844589233, 21.9204730988, -35.2502250671, 20.036687851, -24.5483665466, 21.2404155731, -14.8000154495, 64.2184524536, 46.6784477234, 122.260551453]],
        "icov": [[0.000116365066788, 3.30383882101e-05, 0.000204229567316, -0.000432604720118, -2.90763618978e-05, 8.74026227393e-05, 7.48750244384e-05, -0.000125205493532, 2.26008396567e-05, -0.000195963060833, 0.00034685418359, -0.00048118797713, 0.00041767527], [3.30383882101e-05, 0.000981104793027, 0.000113488014904, 7.78466346674e-05, -0.000727317179553, 0.000271402939688, 0.000552108685952, 0.00015887223708, -0.00117821933236, 0.00114936288446, -0.00162614742294, 0.00161758658942, -0.00134580908343], [0.000204229567316, 0.000113488014904, 0.00142256892286, -0.000962009478826, -0.000221919312025, 0.000402820616728, -0.000810031429864, 0.000493919127621, 5.64352449146e-05, -0.000773131032474, 0.00142462132499, -0.0014474184718, 0.00103080866393], [-0.000432604720118, 7.78466346674e-05, -0.000962009478826, 0.00293615134433, -0.000774193264078, -0.000979241216555, 0.000410758773796, -0.000675110961311, -2.70536584139e-05, 0.000280882726656, -0.0019620382227, 0.00273109669797, -0.00191212666687], [-2.90763618978e-05, -0.000727317179553, -0.000221919312025, -0.000774193264078, 0.00453565642238, -0.00147465139162, -0.00112704606727, 0.00147966959048, -0.00145970343146, 0.00207701185718, -0.000657336378936, -0.000909244117793, 0.0015619212063], [8.74026227393e-05, 0.000271402939688, 0.000402820616728, -0.000979241216555, -0.00147465139162, 0.00629691593349, -0.00283529073931, -0.0007841506158, 0.00226092361845, -0.00330609409139, 0.00237208791077, -0.00162395590451, 0.000494191539474], [7.48750244384e-05, 0.000552108685952, -0.000810031429864, 0.000410758773796, -0.00112704606727, -0.00283529073931, 0.00809471867979, -0.00467196293175, -0.00234231213108, 0.00439547747374, -0.00303161912598, 0.00183851621114, -0.00203486299142], [-0.000125205493532, 0.00015887223708, 0.000493919127621, -0.000675110961311, 0.00147966959048, -0.0007841506158, -0.00467196293175, 0.0109000289813, -0.00568510172889, -0.000724096316844, 0.00432569906116, -0.00433548633009, 0.00150628865231], [2.26008396567e-05, -0.00117821933236, 5.64352449146e-05, -2.70536584139e-05, -0.00145970343146, 0.00226092361845, -0.00234231213108, -0.00568510172889, 0.0188022013754, -0.00948931183666, -0.00266941147856, 0.00800575409085, -0.00296445540152], [-0.000195963060833, 0.00114936288446, -0.000773131032474, 0.000280882726656, 0.00207701185718, -0.00330609409139, 0.00439547747374, -0.000724096316844, -0.00948931183666, 0.0176300052553, -0.007841873914, -0.00235039577819, 0.00260402425192], [0.00034685418359, -0.00162614742294, 0.00142462132499, -0.0019620382227, -0.000657336378936, 0.00237208791077, -0.00303161912598, 0.00432569906116, -0.00266941147856, -0.007841873914, 0.0179694276303, -0.0103885857388, 0.00164065835997], [-0.00048118797713, 0.00161758658942, -0.0014474184718, 0.00273109669797, -0.000909244117793, -0.00162395590451, 0.00183851621114, -0.00433548633009, 0.00800575409085, -0.00235039577819, -0.0103885857388, 0.0222508665174, -0.0120081836358], [0.00041767527, -0.00134580908343, 0.00103080866393, -0.00191212666687, 0.0015619212063, 0.000494191539474, -0.00203486299142, 0.00150628865231, -0.00296445540152, 0.00260402425192, 0.00164065835997, -0.0120081836358, 0.0182797387242]]
    },
    "melbands": {
        "dmean": [0.00184331880882, 0.00143501709681, 0.000503207207657, 0.000193723142729, 0.000177539957804, 0.000116698050988, 0.00011348654516, 6.94053305779e-05, 5.95380734012e-05, 0.000117992225569, 9.51007532421e-05, 5.28557284269e-05, 4.45155528723e-05, 5.03655974171e-05, 2.14024366869e-05, 2.13975799852e-05, 2.71137942036e-05, 2.78388815786e-05, 2.36300747929e-05, 2.57100055023e-05, 1.91566705325e-05, 2.14350784518e-05, 2.11758142541e-05, 2.06263193832e-05, 1.65103283507e-05, 1.22222481878e-05, 1.2109074305e-05, 1.55895686476e-05, 1.77349338628e-05, 1.72886029759e-05, 2.17921660806e-05, 1.48158733282e-05, 1.67137586686e-05, 1.2100415006e-05, 8.14090617496e-06, 6.87965302859e-06, 5.58139254281e-06, 4.94475852975e-06, 4.12668850913e-06, 3.30964894601e-06],
        "dmean2": [0.0027059216518, 0.00212163478136, 0.000843009911478, 0.000345543114236, 0.00030560279265, 0.000202938870643, 0.000187789453776, 0.000116974391858, 9.38314769883e-05, 0.000176106783329, 0.000143762503285, 8.70575240697e-05, 7.17029324733e-05, 8.24692760943e-05, 3.61634229193e-05, 3.65987471014e-05, 4.59375842183e-05, 4.79502814414e-05, 3.98702613893e-05, 4.36088848801e-05, 3.20409926644e-05, 3.58674005838e-05, 3.52596071025e-05, 3.48296016455e-05, 2.69180018222e-05, 2.02432347578e-05, 2.02432420338e-05, 2.59371590801e-05, 2.92584736599e-05, 2.77136405202e-05, 3.71877322323e-05, 2.3850816433e-05, 2.78543957393e-05, 2.00955491891e-05, 1.2648602933e-05, 1.10478749775e-05, 8.67477228894e-06, 7.82545976108e-06, 6.27423059996e-06, 5.03791443407e-06],
        "dvar": [7.62821127864e-06, 7.14045063432e-06, 1.81760185569e-06, 3.48437680486e-07, 1.93838886275e-07, 6.00420548835e-08, 6.46738982368e-08, 1.90850677484e-08, 1.43806682118e-08, 9.52936787257e-08, 6.28951326576e-08, 2.13840181118e-08, 1.34697577536e-08, 2.76567320157e-08, 1.30132282727e-09, 1.74164660471e-09, 2.80655032547e-09, 2.70711897343e-09, 1.66352875919e-09, 2.65854582793e-09, 1.36592082089e-09, 1.20666798775e-09, 1.35645494836e-09, 1.65405877883e-09, 9.84301307128e-10, 3.45727557693e-10, 3.72499336931e-10, 6.22064511013e-10, 1.1481265938e-09, 1.02006159075e-09, 3.90116738913e-09, 8.20873868879e-10, 1.15497655884e-09, 5.77414449587e-10, 1.72106662255e-10, 1.41108638663e-10, 8.93504367716e-11, 7.87198015106e-11, 5.60559099139e-11, 3.98043785432e-11],
        "dvar2": [1.60921590577e-05, 1.65578949236e-05, 4.70838676847e-06, 9.80198251455e-07, 5.12896917826e-07, 1.60638393254e-07, 1.49197759924e-07, 4.91969238681e-08, 3.26169669052e-08, 1.95711692186e-07, 1.21558343835e-07, 5.15668041601e-08, 3.34492220588e-08, 6.62491572712e-08, 3.35677641239e-09, 4.55130155785e-09, 7.77177255884e-09, 7.3957853175e-09, 4.37800684594e-09, 6.92668411517e-09, 3.93228027917e-09, 3.03311464833e-09, 3.64268282205e-09, 4.54150317353e-09, 2.4491035866e-09, 9.12124153984e-10, 9.8473540433e-10, 1.63501101547e-09, 2.90611934517e-09, 2.49989007273e-09, 1.07460333965e-08, 2.01766470198e-09, 3.01239211353e-09, 1.5284380428e-09, 4.07646777445e-10, 3.46649847716e-10, 2.1351850843e-10, 1.83437404155e-10, 1.17718126913e-10, 9.42023681283e-11],
        "max": [0.0334227047861, 0.0248070899397, 0.0123707232997, 0.009482011199, 0.00373354600742, 0.00373402214609, 0.00378309725784, 0.00174176925793, 0.00157264445443, 0.00399511121213, 0.00350296264514, 0.00214579701424, 0.00185279035941, 0.00307889655232, 0.00052401307039, 0.00125048437621, 0.00136745674536, 0.000916542368941, 0.000819729000796, 0.00101973395795, 0.000789131096099, 0.000572309247218, 0.000864494533744, 0.000632568146102, 0.000714478897862, 0.000226089759963, 0.000284958485281, 0.000324454944348, 0.00029873722815, 0.000349662441295, 0.000775769469328, 0.000325543427607, 0.000335964869009, 0.00021118017321, 0.000126908285893, 0.000108378968434, 0.000106457278889, 7.57836969569e-05, 8.00524430815e-05, 9.21934988583e-05],
        "mean": [0.00469383830205, 0.00262264045887, 0.000472429353977, 0.00017466249119, 0.000171581516042, 0.000111561275844, 0.000124390368001, 8.2436206867e-05, 7.4783427408e-05, 0.000133988753078, 0.000111582368845, 6.17426267127e-05, 5.55384540348e-05, 5.61516862945e-05, 2.61277309619e-05, 2.80557906081e-05, 3.5746692447e-05, 3.61145102943e-05, 3.30454095092e-05, 3.39920879924e-05, 2.86483482341e-05, 3.04948080156e-05, 3.03713750327e-05, 2.9692915632e-05, 2.65696598944e-05, 2.01469119929e-05, 1.86351571756e-05, 2.28504886763e-05, 2.4079799914e-05, 2.52502759395e-05, 2.70887358056e-05, 2.1356594516e-05, 2.15760992432e-05, 1.71585616044e-05, 1.31485112433e-05, 1.05183653432e-05, 8.96687015484e-06, 7.445933079e-06, 6.36689537714e-06, 4.96066468259e-06],
        "median": [0.0042909020558, 0.000954421062488, 0.000126085607917, 3.86355350201e-05, 2.4614699214e-05, 2.37440472119e-05, 2.26700267376e-05, 1.72539530467e-05, 1.73214539245e-05, 2.15117834159e-05, 2.13930634345e-05, 1.61034822668e-05, 1.1712038031e-05, 1.26274217109e-05, 1.14441691039e-05, 1.34248202812e-05, 1.497116682e-05, 1.46007178046e-05, 1.70025723492e-05, 1.86379584193e-05, 1.70937892108e-05, 1.76879966602e-05, 1.77849633474e-05, 1.73282605829e-05, 1.49959505507e-05, 1.15150678539e-05, 9.70154997049e-06, 1.03730490082e-05, 9.46793352341e-06, 9.32268085307e-06, 9.41988673731e-06, 7.96496351541e-06, 6.68657457936e-06, 5.59283353141e-06, 4.070407158e-06, 3.14354952025e-06, 2.62389994532e-06, 2.0750362637e-06, 1.69428255958e-06, 1.21712605505e-06],
        "min": [3.78557861223e-24, 3.15146835357e-24, 5.0237557564e-24, 3.88973862286e-24, 1.00749788607e-23, 1.01313942483e-23, 4.84375781378e-24, 3.14470742118e-24, 7.41472452923e-24, 1.21087340607e-23, 8.82025220355e-24, 3.07408587137e-23, 1.73067957338e-23, 1.48440429852e-23, 1.94686201352e-23, 1.90053079261e-23, 1.21441263052e-23, 2.25873265037e-23, 1.53209030915e-23, 1.38126767714e-23, 1.47546208684e-23, 1.19477354385e-23, 1.18408392638e-23, 1.31392561933e-23, 1.04721884702e-23, 8.70822054438e-24, 8.38310887723e-24, 1.03472344806e-23, 8.04272644068e-24, 2.18365959792e-23, 7.67954513511e-24, 6.26040329928e-24, 1.63757442282e-23, 9.16111821184e-24, 1.0255735293e-23, 7.97152701082e-24, 7.71942836475e-24, 9.35453033972e-24, 9.43989534486e-24, 1.08778325806e-23],
        "var": [1.72688960447e-05, 1.31323704409e-05, 1.41546820487e-06, 2.2805480171e-07, 1.65749526104e-07, 5.1815376878e-08, 8.00648081167e-08, 2.48564724359e-08, 2.21546638812e-08, 1.51739627086e-07, 1.01915503592e-07, 2.70099231869e-08, 2.40049615741e-08, 3.59340717182e-08, 1.49054346643e-09, 2.04685779437e-09, 3.75860453872e-09, 3.65860697293e-09, 2.31300156806e-09, 2.85837087333e-09, 1.53182921903e-09, 1.72964453871e-09, 1.66069102914e-09, 1.97176031058e-09, 1.46984735494e-09, 5.89892412695e-10, 5.97601690355e-10, 9.31893673339e-10, 1.35331112983e-09, 1.39780531594e-09, 3.06938385819e-09, 1.05120845362e-09, 1.23574417366e-09, 6.59384880031e-10, 3.47517598032e-10, 2.38087882742e-10, 1.67651212357e-10, 1.27801172423e-10, 9.96807428266e-11, 6.53307546949e-11]
    },
    "mfcc": {
        "mean": [-648.037536621, 63.0880393982, 3.55108761787, 30.3842086792, 9.86058044434, 15.5625934601, 6.60822629929, 14.2740383148, 11.3862123489, 8.72041702271, 6.22486543655, 4.68984556198, 1.38524830341],
        "cov": [[18662.8574219, -1572.2800293, 83.3527526855, 744.595581055, -5.23987865448, 555.823913574, 329.975280762, 587.3515625, 470.449981689, 327.893981934, 306.182373047, 335.007080078, 215.41394043], [-1572.2800293, 2954.1105957, -359.700531006, 369.316772461, 386.01550293, -38.5185813904, -189.176010132, -215.020339966, -158.473754883, 56.103679657, 68.7350463867, 26.4537582397, 35.5899887085], [83.3527526855, -359.700531006, 729.274841309, 229.652648926, 68.0177154541, 115.498031616, 156.845809937, 153.248168945, 129.120315552, 45.9028778076, 16.9039077759, 11.5606842041, -3.92638707161], [744.595581055, 369.316772461, 229.652648926, 495.875335693, 235.06338501, 151.069046021, 100.003440857, 110.035041809, 94.963973999, 102.885787964, 76.0770950317, 45.3896751404, 29.4549713135], [-5.23987865448, 386.01550293, 68.0177154541, 235.06338501, 295.241607666, 150.333312988, 61.3938941956, 29.7957706451, 14.4640445709, 42.3125152588, 37.7461547852, 20.8683643341, 25.4992752075], [555.823913574, -38.5185813904, 115.498031616, 151.069046021, 150.333312988, 256.245666504, 169.657897949, 130.039489746, 94.1036529541, 56.9834899902, 45.5388374329, 37.0044441223, 30.4004859924], [329.975280762, -189.176010132, 156.845809937, 100.003440857, 61.3938941956, 169.657897949, 274.76461792, 240.281616211, 157.805923462, 69.3014526367, 33.9507789612, 32.4307899475, 32.2836723328], [587.3515625, -215.020339966, 153.248168945, 110.035041809, 29.7957706451, 130.039489746, 240.281616211, 308.765655518, 212.536514282, 93.7794342041, 38.1181526184, 35.2795448303, 25.5487251282], [470.449981689, -158.473754883, 129.120315552, 94.963973999, 14.4640445709, 94.1036529541, 157.805923462, 212.536514282, 225.323684692, 124.636161804, 62.1583557129, 31.0326328278, 4.86318397522], [327.893981934, 56.103679657, 45.9028778076, 102.885787964, 42.3125152588, 56.9834899902, 69.3014526367, 93.7794342041, 124.636161804, 165.059524536, 106.304603577, 40.8415336609, 3.8060605526], [306.182373047, 68.7350463867, 16.9039077759, 76.0770950317, 37.7461547852, 45.5388374329, 33.9507789612, 38.1181526184, 62.1583557129, 106.304603577, 126.173988342, 73.1124649048, 27.3017864227], [335.007080078, 26.4537582397, 11.5606842041, 45.3896751404, 20.8683643341, 37.0044441223, 32.4307899475, 35.2795448303, 31.0326328278, 40.8415336609, 73.1124649048, 107.778907776, 72.4809570312], [215.41394043, 35.5899887085, -3.92638707161, 29.4549713135, 25.4992752075, 30.4004859924, 32.2836723328, 25.5487251282, 4.86318397522, 3.8060605526, 27.3017864227, 72.4809570312, 108.601753235]],
