{
"lowlevel": {
    "average_loudness": 0.880115807056,
    "barkbands_crest": {
        "dmean": 2.52354431152,
        "dmean2": 3.77729535103,
        "dvar": 9.48448085785,
        "dvar2": 20.3435306549,
        "max": 26.5359516144,
        "mean": 11.9780302048,
        "median": 11.3130149841,
        "min": 2.32116365433,
        "var": 27.7384262085
    },
    "barkbands_flatness_db": {
        "dmean": 0.026556391269,
        "dmean2": 0.0376794673502,
        "dvar": 0.0014845818514,
        "dvar2": 0.00299463421106,
        "max": 0.475865513086,
        "mean": 0.138627141714,
        "median": 0.12186126411,
        "min": 0.0266834218055,
        "var": 0.00408907793462
    },
    "barkbands_kurtosis": {
        "dmean": 11.918296814,
        "dmean2": 18.308467865,
        "dvar": 3765.75244141,
        "dvar2": 8775.79003906,
        "max": 1361.64782715,
        "mean": 12.8347969055,
        "median": 2.17228937149,
        "min": -1.90971517563,
        "var": 3545.99804688
    },
    "barkbands_skewness": {
        "dmean": 0.879969537258,
        "dmean2": 1.21018707752,
        "dvar": 3.66266345978,
        "dvar2": 6.77635240555,
        "max": 34.7308921814,
        "mean": 2.14384126663,
        "median": 1.65711641312,
        "min": -2.97762417793,
        "var": 6.99120664597
    },
    "barkbands_spread": {
        "dmean": 8.12846755981,
        "dmean2": 12.6282434464,
        "dvar": 128.906906128,
        "dvar2": 294.002990723,
        "max": 116.010398865,
        "mean": 27.7828960419,
        "median": 26.4177398682,
        "min": 0.291717767715,
        "var": 277.578674316
    },
    "dissonance": {
        "dmean": 0.0148091381416,
        "dmean2": 0.0248366389424,
        "dvar": 0.000211300663068,
        "dvar2": 0.000575165788177,
        "max": 0.500000119209,
        "mean": 0.47309461236,
        "median": 0.478155255318,
        "min": 0.301678836346,
        "var": 0.000448058417533
    },
    "dynamic_complexity": 4.58021068573,
    "erbbands_crest": {
        "dmean": 2.77800631523,
        "dmean2": 4.47984457016,
        "dvar": 8.05727577209,
        "dvar2": 18.4073257446,
        "max": 30.4348297119,
        "mean": 8.88122653961,
        "median": 7.4400229454,
        "min": 2.28219652176,
        "var": 22.6806812286
    },
    "erbbands_flatness_db": {
        "dmean": 0.0159740895033,
        "dmean2": 0.0237343404442,
        "dvar": 0.000320593244396,
        "dvar2": 0.000652934599202,
        "max": 0.424229979515,
        "mean": 0.134620383382,
        "median": 0.126163750887,
        "min": 0.0409790053964,
        "var": 0.00195207144134
    },
    "erbbands_kurtosis": {
        "dmean": 0.883912742138,
        "dmean2": 1.44368994236,
        "dvar": 2.21052479744,
        "dvar2": 5.7182765007,
        "max": 17.9490337372,
        "mean": 0.0488609708846,
        "median": -0.441212534904,
        "min": -1.84428429604,
        "var": 3.14340186119
    },
    "erbbands_skewness": {
        "dmean": 0.42357596755,
        "dmean2": 0.651562094688,
        "dvar": 0.276422768831,
        "dvar2": 0.640442669392,
        "max": 4.30398082733,
        "mean": 0.198559507728,
        "median": 0.170813918114,
        "min": -3.32057499886,
        "var": 0.679582476616
    },
    "erbbands_spread": {
        "dmean": 10.1614694595,
        "dmean2": 15.736746788,
        "dvar": 149.115478516,
        "dvar2": 365.499481201,
        "max": 134.779937744,
        "mean": 49.7124824524,
        "median": 46.84582901,
        "min": 9.97240352631,
        "var": 405.244934082
    },
    "hfc": {
        "dmean": 11.6768856049,
        "dmean2": 18.4856510162,
        "dvar": 588.868591309,
        "dvar2": 1432.1673584,
        "max": 333.839782715,
        "mean": 28.3148269653,
        "median": 19.3927993774,
        "min": 1.15810725297e-16,
        "var": 938.683776855
    },
    "melbands_crest": {
        "dmean": 3.5026910305,
        "dmean2": 5.44340276718,
        "dvar": 18.1266269684,
        "dvar2": 42.7206230164,
        "max": 37.5515823364,
        "mean": 19.3505783081,
        "median": 19.7314567566,
        "min": 1.85020196438,
        "var": 56.5962028503
    },
    "melbands_flatness_db": {
        "dmean": 0.0325483866036,
        "dmean2": 0.045613437891,
        "dvar": 0.00243315286934,
        "dvar2": 0.00481738103554,
        "max": 0.600054740906,
        "mean": 0.201293036342,
        "median": 0.190062001348,
        "min": 0.00405333423987,
        "var": 0.00730171566829
    },
    "melbands_kurtosis": {
        "dmean": 20.3141288757,
        "dmean2": 31.2631225586,
        "dvar": 4513.18847656,
        "dvar2": 8762.1640625,
        "max": 819.208435059,
        "mean": 33.2304878235,
        "median": 12.250418663,
        "min": -1.66502916813,
        "var": 6623.41357422
    },
    "melbands_skewness": {
        "dmean": 1.1001073122,
        "dmean2": 1.6423895359,
        "dvar": 3.47223544121,
        "dvar2": 7.48711872101,
        "max": 22.504732132,
        "mean": 3.70024085045,
        "median": 3.11351180077,
        "min": -0.830904781818,
        "var": 7.99123334885
    },
    "melbands_spread": {
        "dmean": 9.35710048676,
        "dmean2": 14.5474863052,
        "dvar": 278.14642334,
        "dvar2": 631.881103516,
        "max": 180.055984497,
        "mean": 27.3637294769,
        "median": 20.8477210999,
        "min": 0.283580154181,
        "var": 654.862426758
    },
    "pitch_salience": {
        "dmean": 0.0807120427489,
        "dmean2": 0.122904606164,
        "dvar": 0.0101464921609,
        "dvar2": 0.0227593090385,
        "max": 0.993138432503,
        "mean": 0.484896659851,
        "median": 0.482682883739,
        "min": 0.0312887951732,
        "var": 0.0236916970462
    },
    "silence_rate_20dB": {
        "dmean": 0,
        "dmean2": 0,
        "dvar": 0,
        "dvar2": 0,
        "max": 1,
        "mean": 1,
        "median": 1,
        "min": 1,
        "var": 0
    },
    "silence_rate_30dB": {
        "dmean": 0.000763116055168,
        "dmean2": 0.00152632920071,
        "dvar": 0.00076260289643,
        "dvar2": 0.00228740996681,
        "max": 1,
        "mean": 0.999618470669,
        "median": 1,
        "min": 0,
        "var": 0.000381366990041
    },
    "silence_rate_60dB": {
        "dmean": 0.00661367271096,
        "dmean2": 0.0132281864062,
        "dvar": 0.0065704123117,
        "dvar2": 0.0145756611601,
        "max": 1,
        "mean": 0.0664504617453,
        "median": 0,
        "min": 0,
        "var": 0.0620329342782
    },
    "spectral_centroid": {
        "dmean": 338.808685303,
        "dmean2": 511.732757568,
        "dvar": 180509.046875,
        "dvar2": 371502.0625,
        "max": 11465.8974609,
        "mean": 1729.21081543,
        "median": 1622.8996582,
        "min": 134.504638672,
        "var": 675383.6875
    },
    "spectral_complexity": {
        "dmean": 4.84934806824,
        "dmean2": 7.45840740204,
        "dvar": 45.6007270813,
        "dvar2": 104.253387451,
        "max": 60,
        "mean": 18.9044895172,
        "median": 17,
        "min": 0,
        "var": 163.593612671
    },
    "spectral_decrease": {
        "dmean": 1.8762404963e-09,
        "dmean2": 2.8720956724e-09,
        "dvar": 8.81511572265e-18,
        "dvar2": 1.98282918696e-17,
        "max": 6.51058264676e-24,
        "mean": -9.24754850473e-09,
        "median": -7.54389439805e-09,
        "min": -3.40070513971e-08,
        "var": 4.7534820638e-17
    },
    "spectral_energy": {
        "dmean": 0.00716013321653,
        "dmean2": 0.0109925186262,
        "dvar": 0.000127073988551,
        "dvar2": 0.000290602707537,
        "max": 0.131213977933,
        "mean": 0.0374706275761,
        "median": 0.0322133228183,
        "min": 1.01157565008e-20,
        "var": 0.000739642477129
    },
    "spectral_energyband_high": {
        "dmean": 0.00110606919043,
        "dmean2": 0.00174388941377,
        "dvar": 5.46314777239e-06,
        "dvar2": 1.29038398882e-05,
        "max": 0.0360080339015,
        "mean": 0.00185792776756,
        "median": 0.00095336191589,
        "min": 7.23483183012e-21,
        "var": 7.47927197153e-06
    },
    "spectral_energyband_low": {
        "dmean": 0.00664509041235,
        "dmean2": 0.0104797556996,
        "dvar": 0.00015208858531,
        "dvar2": 0.000374396768166,
        "max": 0.124345421791,
        "mean": 0.0212478619069,
        "median": 0.0113724488765,
        "min": 2.21110296441e-23,
        "var": 0.000456673791632
    },
    "spectral_energyband_middle_high": {
        "dmean": 0.00196413137019,
        "dmean2": 0.00301076564938,
        "dvar": 1.46340407809e-05,
        "dvar2": 3.54108415195e-05,
        "max": 0.0636038705707,
        "mean": 0.00495263235644,
        "median": 0.0026782960631,
        "min": 1.35376074108e-21,
        "var": 3.78091208404e-05
    },
    "spectral_energyband_middle_low": {
        "dmean": 0.00470052938908,
        "dmean2": 0.00760046858341,
        "dvar": 0.000108427004307,
        "dvar2": 0.000283366709482,
        "max": 0.117294639349,
        "mean": 0.010235119611,
        "median": 0.00710332393646,
        "min": 2.02964242634e-22,
        "var": 0.000128182437038
    },
    "spectral_entropy": {
        "dmean": 0.172537341714,
        "dmean2": 0.25317209959,
        "dvar": 0.0558739639819,
        "dvar2": 0.128038704395,
        "max": 9.81827068329,
        "mean": 7.82436132431,
        "median": 7.84485292435,
        "min": 5.57492923737,
        "var": 0.155019983649
    },
    "spectral_flux": {
        "dmean": 0.0270561091602,
        "dmean2": 0.040724247694,
        "dvar": 0.00145104283001,
        "dvar2": 0.00278198975138,
        "max": 0.38142824173,
        "mean": 0.0833069458604,
        "median": 0.0654838979244,
        "min": 6.49933509789e-11,
        "var": 0.00421828590333
    },
    "spectral_kurtosis": {
        "dmean": 0.817087233067,
        "dmean2": 1.32621562481,
        "dvar": 0.803238093853,
        "dvar2": 2.09486913681,
        "max": 19.468038559,
        "mean": 2.68446588516,
        "median": 2.50876021385,
        "min": -1.23125386238,
        "var": 2.37142419815
    },
    "spectral_rms": {
        "dmean": 0.000553040474188,
        "dmean2": 0.000831542827655,
        "dvar": 6.89550688548e-07,
        "dvar2": 1.39303858759e-06,
        "max": 0.0113143110648,
        "mean": 0.00548401055858,
        "median": 0.00560603523627,
        "min": 3.14150138195e-12,
        "var": 6.48247214485e-06
    },
    "spectral_rolloff": {
        "dmean": 792.61517334,
        "dmean2": 1316.10791016,
        "dvar": 2285934.25,
        "dvar2": 4982854,
        "max": 19186.0839844,
        "mean": 1859.31213379,
        "median": 882.861328125,
        "min": 43.06640625,
        "var": 5084410
    },
    "spectral_skewness": {
        "dmean": 0.162526413798,
        "dmean2": 0.255308926105,
        "dvar": 0.0265022739768,
        "dvar2": 0.0614092797041,
        "max": 3.21175694466,
        "mean": 1.26646375656,
        "median": 1.26368665695,
        "min": -0.03087702021,
        "var": 0.111986644566
    },
    "spectral_spread": {
        "dmean": 624464.8125,
        "dmean2": 912492.5625,
        "dvar": 749960626176,
        "dvar2": 1.39926700032e+12,
        "max": 42210180,
        "mean": 5733937.5,
        "median": 5407325,
        "min": 1909157.375,
        "var": 3.54229210317e+12
    },
    "spectral_strongpeak": {
        "dmean": 0.316721230745,
        "dmean2": 0.543702244759,
        "dvar": 0.589010715485,
        "dvar2": 1.49039494991,
        "max": 10.2165231705,
        "mean": 0.692996025085,
        "median": 0.349603176117,
        "min": 0,
        "var": 1.10778653622
    },
    "zerocrossingrate": {
        "dmean": 0.0155267538503,
        "dmean2": 0.0184545405209,
        "dvar": 0.000418853654992,
        "dvar2": 0.000558032421395,
        "max": 0.6962890625,
        "mean": 0.0753352791071,
        "median": 0.06201171875,
        "min": 0.001953125,
        "var": 0.00299958675168
    },
    "barkbands": {
        "dmean": [0.000823886017315, 0.00546420598403, 0.00189176108688, 0.00128660537302, 0.00186195923015, 0.000931777409278, 0.000566659786273, 0.00100347399712, 0.000885221466888, 0.000584828376304, 0.000251007615589, 0.000187437297427, 0.000280904292595, 0.000343630556017, 0.000381194375223, 0.000304569723085, 0.000360039324732, 0.000211965263588, 0.000222564704018, 0.000207848512218, 0.000229006371228, 0.000200133144972, 0.00019916628662, 0.000175323308213, 0.000195504675503, 0.000150892286911, 1.56022542797e-05],
        "dmean2": [0.0012182489736, 0.00858395174146, 0.00306997820735, 0.00226282724179, 0.00316139636561, 0.00152436713688, 0.000909371767193, 0.00154781993479, 0.00134722201619, 0.000841200642753, 0.000392078189179, 0.000297460734146, 0.000452728127129, 0.000530797347892, 0.000598701415583, 0.00051599642029, 0.00058944063494, 0.00034689810127, 0.000377903314075, 0.000349126523361, 0.000365666346624, 0.000321879109833, 0.000317947298754, 0.000276103062788, 0.000317381811328, 0.000244033682975, 2.53264170169e-05],
        "dvar": [3.19848436448e-06, 0.00012252801389, 4.22031880589e-05, 2.49842069024e-05, 3.50831542164e-05, 3.37792243954e-06, 1.09073164367e-06, 4.90239335704e-06, 5.33181537321e-06, 3.07226082441e-06, 8.30649298678e-07, 2.21400071609e-07, 3.92711484665e-07, 7.22942615994e-07, 5.21009042131e-07, 5.29038288732e-07, 7.18657815924e-07, 1.75218218601e-07, 1.91409498029e-07, 1.8734036189e-07, 1.43853696954e-07, 1.46953027524e-07, 1.78376140525e-07, 1.59244962106e-07, 4.07079937759e-07, 3.65521685808e-07, 1.92129667731e-09],
        "dvar2": [5.78929666517e-06, 0.000279695843346, 0.000106041778054, 7.08894149284e-05, 9.93932408164e-05, 8.80911011336e-06, 2.61567038251e-06, 1.09633447209e-05, 1.14924005175e-05, 5.29755061507e-06, 1.83001941423e-06, 4.85769305669e-07, 9.2148894737e-07, 1.54036160893e-06, 1.17907086405e-06, 1.43824979659e-06, 1.90518971976e-06, 4.51298518556e-07, 5.33930062829e-07, 5.23670394159e-07, 3.6072017906e-07, 3.51646377794e-07, 4.35588077607e-07, 3.72154289607e-07, 1.03170680177e-06, 9.12683219667e-07, 4.56090676337e-09],
        "max": [0.0346029363573, 0.105146639049, 0.0645911991596, 0.0538208335638, 0.0981315746903, 0.0344088859856, 0.0268673244864, 0.0407848320901, 0.0578669831157, 0.0547248348594, 0.0199837833643, 0.0328854173422, 0.0114174094051, 0.0188473723829, 0.0182016845793, 0.0142489504069, 0.0125538734719, 0.0110944220796, 0.00709210755304, 0.00469911331311, 0.00497356196865, 0.00720499223098, 0.00544630363584, 0.0118140783161, 0.015788372606, 0.00761338695884, 0.000656575197354],
        "mean": [0.00221063522622, 0.0159784853458, 0.00246971123852, 0.00132818927523, 0.00252956477925, 0.00167350820266, 0.000873405660968, 0.0017606386682, 0.00156150897965, 0.00115577701945, 0.000324864522554, 0.000319393438986, 0.000383435050026, 0.000547583389562, 0.000602637301199, 0.000427299557487, 0.000576750258915, 0.000376784766559, 0.000378482392989, 0.000299498991808, 0.000410610082326, 0.000293363409583, 0.000280787586235, 0.000273809069768, 0.000244134484092, 0.000171773863258, 1.80752122105e-05],
        "median": [0.000760060967878, 0.0069164801389, 0.000812336569652, 0.00048716380843, 0.00114917382598, 0.000435579626355, 0.000322601787047, 0.000484858610434, 0.000388533866499, 0.000163171411259, 9.00647719391e-05, 9.38243319979e-05, 0.0001276643452, 0.000127230669023, 0.000229841098189, 0.000146864593262, 0.000219729699893, 0.000138833711389, 0.000187423444004, 0.000123215955682, 0.000189217738807, 0.000100232093246, 9.92200366454e-05, 0.000119853924843, 7.26538273739e-05, 4.09901331295e-05, 2.93716175293e-06],
        "min": [2.16723894542e-24, 3.09378980241e-24, 3.86664826973e-24, 1.48729606538e-24, 1.36750142325e-23, 1.85060078824e-23, 1.18265159164e-23, 1.18334728807e-23, 2.2017735798e-23, 1.96926361219e-23, 1.95619486912e-23, 2.93354683012e-23, 4.23377356429e-23, 5.20518161614e-23, 8.0976010252e-23, 7.09441418509e-23, 1.03562972302e-22, 1.23349181527e-22, 2.06693396392e-22, 2.57638387061e-22, 3.25879121523e-22, 3.8622980805e-22, 4.06335386034e-22, 6.65137576433e-22, 9.47550032938e-22, 1.45375033757e-21, 2.38415242769e-21],
        "var": [1.28069887069e-05, 0.000342926010489, 4.48276150564e-05, 1.5374745999e-05, 2.46721137955e-05, 7.21356582289e-06, 1.84275302217e-06, 1.18489560919e-05, 1.49469997268e-05, 1.09619913928e-05, 1.00402485259e-06, 1.19755134165e-06, 5.93392769588e-07, 1.9753374545e-06, 1.28056603899e-06, 7.32314163088e-07, 1.12152224574e-06, 4.5988696229e-07, 3.07627374241e-07, 2.20131866513e-07, 2.68491731958e-07, 2.25386685315e-07, 2.33686080264e-07, 2.16946816067e-07, 3.92337653921e-07, 3.16198878636e-07, 2.04693706429e-09]
    },
    "erbbands": {
        "dmean": [0.259162336588, 0.956631958485, 1.80453550816, 3.39626121521, 4.63373184204, 6.54645967484, 8.7888469696, 7.23402786255, 6.71069097519, 14.2295627594, 21.8037376404, 22.8587226868, 18.071893692, 12.8514385223, 9.44801807404, 8.84208965302, 11.8120975494, 16.7687244415, 19.0411834717, 18.100320816, 15.6134815216, 17.7336330414, 11.8863992691, 11.5215749741, 11.1293067932, 9.81399345398, 10.1260662079, 7.84801101685, 7.07937288284, 7.42285823822, 5.41832971573, 3.86798191071, 2.87594819069, 2.24553823471, 1.3368114233, 0.688040494919, 0.280399411917, 0.0484984219074, 0.0024842817802, 5.33226666448e-05],
        "dmean2": [0.394456833601, 1.50459194183, 2.81075739861, 5.76044225693, 8.0361366272, 11.109544754, 14.3125953674, 12.0100688934, 10.6061458588, 23.2859973907, 33.1097259521, 34.1884155273, 25.724237442, 18.4661808014, 14.5525541306, 13.8496580124, 19.1250286102, 25.8342533112, 29.2632961273, 29.1696987152, 26.6409549713, 29.235742569, 19.0860538483, 19.0993099213, 19.3021945953, 16.5044956207, 16.1949691772, 12.7642631531, 11.4245710373, 11.9683914185, 8.58951187134, 6.11566352844, 4.54479932785, 3.68219614029, 2.16811943054, 1.0784239769, 0.465773075819, 0.0794404670596, 0.00407113041729, 8.60934815137e-05],
        "dvar": [0.294129759073, 4.17796182632, 32.141658783, 153.768585205, 342.627990723, 415.155181885, 337.510040283, 253.369644165, 194.291122437, 844.806884766, 3092.06079102, 3628.21484375, 3470.38574219, 1620.23059082, 1187.43481445, 477.732055664, 767.941833496, 1470.17175293, 1630.01843262, 1396.04077148, 1620.53686523, 2322.77490234, 535.438049316, 570.387145996, 594.338256836, 425.606292725, 294.625640869, 192.149841309, 182.709823608, 229.870254517, 128.217041016, 100.92565155, 40.2897453308, 65.5393753052, 16.1965560913, 4.4566078186, 1.78502368927, 0.0434058383107, 4.72592400911e-05, 2.51299887566e-08],
        "dvar2": [0.671552419662, 9.4627790451, 76.5853652954, 410.567199707, 975.316894531, 1169.06604004, 901.745178223, 664.847473145, 458.364440918, 2102.03393555, 6847.11816406, 7580.67822266, 6088.60644531, 2764.33862305, 2502.48925781, 989.238220215, 1839.70654297, 3283.13793945, 3453.57861328, 3315.66210938, 4605.75488281, 6354.83398438, 1293.25109863, 1519.22229004, 1717.38269043, 1195.6973877, 751.857055664, 486.221984863, 437.804107666, 569.95489502, 310.149169922, 246.893447876, 96.4875564575, 174.619613647, 39.6333465576, 10.2895822525, 4.60316228867, 0.107371784747, 0.000114279871923, 6.02460303867e-08],
        "max": [5.94327545166, 20.1941738129, 58.3507347107, 124.677101135, 243.576950073, 487.101318359, 368.780487061, 424.862182617, 444.16708374, 625.002746582, 1274.27270508, 1670.08435059, 1802.29919434, 1858.78100586, 1106.77807617, 1687.88330078, 555.880371094, 774.391784668, 1090.44885254, 1062.09777832, 483.765136719, 770.480957031, 680.890380859, 481.616882324, 329.571228027, 219.646209717, 220.15423584, 246.355194092, 274.65411377, 248.900848389, 181.204406738, 366.645904541, 145.883514404, 245.043106079, 60.6926727295, 35.984046936, 18.3052883148, 2.64874839783, 0.109389714897, 0.0019881578628],
        "mean": [0.765390694141, 2.38072609901, 2.86750602722, 3.99184083939, 5.28298854828, 8.65959453583, 15.8380813599, 11.5144414902, 10.9682178497, 22.0543270111, 41.155544281, 42.2704391479, 34.4244232178, 26.5518093109, 14.0676393509, 16.0000896454, 16.8447036743, 27.6423168182, 32.4736022949, 29.9587039948, 23.6038284302, 28.0570068359, 23.1347904205, 20.4323596954, 17.1291542053, 14.5826177597, 17.7953090668, 13.4178094864, 10.5590000153, 9.96403980255, 7.72448968887, 5.4844326973, 4.63854312897, 2.78439879417, 1.69145905972, 0.929779171944, 0.273350268602, 0.0495145469904, 0.00287043000571, 0.000101863071905],
        "median": [0.284244596958, 0.991764545441, 1.13749456406, 1.58244562149, 2.29627418518, 3.83584403992, 4.23040723801, 3.47714066505, 3.93166065216, 8.25657081604, 12.8852405548, 13.2682857513, 7.28819465637, 5.3162021637, 5.00094556808, 5.16242170334, 6.18718624115, 7.48836088181, 11.8520298004, 10.9879455566, 10.5419769287, 10.7969312668, 8.77404499054, 9.25346660614, 8.38155174255, 6.3792347908, 8.28990745544, 5.64990329742, 3.68242788315, 3.53796482086, 2.69956684113, 2.10165309906, 1.91859936714, 0.8032553792, 0.506389021873, 0.255833208561, 0.0483444370329, 0.00871237833053, 0.000457493821159, 7.02779725543e-05],
        "min": [7.13537247438e-23, 9.57277886968e-22, 3.31465185694e-21, 2.31904042918e-20, 2.27359363998e-20, 6.28174398858e-20, 1.26659859948e-19, 1.21109904553e-19, 2.04493536009e-19, 2.17139124246e-19, 5.05769504282e-19, 4.37671498462e-19, 6.94948243613e-19, 7.64694458503e-19, 1.11308545832e-18, 1.52612558609e-18, 1.53226760893e-18, 2.12471597374e-18, 2.63493379686e-18, 3.88103010447e-18, 3.71175958623e-18, 6.17559438211e-18, 7.98477693452e-18, 7.26550037851e-18, 8.6225373227e-18, 1.18009109976e-17, 1.30039790241e-17, 1.28966266971e-17, 1.07004307379e-17, 1.24895760807e-17, 1.18326457818e-17, 1.13929612359e-17, 1.32952665409e-17, 1.06015950624e-17, 6.60595536172e-18, 4.57877556273e-18, 2.69858741295e-18, 1.19528890984e-18, 3.22767270885e-19, 3.19588112061e-20],
        "var": [0.840490281582, 9.77349567413, 41.675567627, 113.054008484, 213.26651001, 300.826782227, 738.788146973, 453.636962891, 406.515380859, 1462.94641113, 7409.24169922, 10743.2783203, 9626.33105469, 7828.7109375, 1612.40649414, 2922.5, 1027.08959961, 3556.85766602, 4486.21533203, 3268.09594727, 1538.36804199, 2884.35424805, 1688.53613281, 1048.51000977, 667.426025391, 492.679504395, 525.825195312, 324.446655273, 281.823425293, 298.19329834, 176.409301758, 113.696174622, 58.5746383667, 57.747013092, 16.7729549408, 5.22797966003, 1.36771094799, 0.0359179601073, 4.98467779835e-05, 2.72499764975e-08]
    },
    "gfcc": {
        "mean": [-6.54663562775, 52.1719245911, -107.983329773, 38.2027397156, -59.631816864, 14.3062877655, -37.170173645, 15.0721693039, -16.4122657776, 11.4449224472, -16.1116485596, 3.27800226212, -8.8199634552],
        "cov": [[20909.1386719, 1882.22717285, 1643.45068359, 13.929517746, 916.727233887, 760.584106445, 459.112182617, 1061.79406738, 223.262542725, 579.141601562, -273.094421387, -100.120117188, -276.142150879], [1882.22717285, 2357.04516602, 1090.6529541, 907.366394043, 809.598144531, 290.269592285, 341.192474365, 67.2171783447, 139.039825439, 52.9711608887, 129.088363647, -92.9098510742, -5.3096165657], [1643.45068359, 1090.6529541, 1744.43615723, 827.465820312, 714.399291992, 365.863769531, 251.670593262, 104.534637451, 70.7592468262, 121.998222351, 14.66335392, -57.4734420776, -142.286758423], [13.929517746, 907.366394043, 827.465820312, 1036.34033203, 538.512329102, 215.816864014, 184.136734009, -29.3760375977, 85.44581604, -15.7613725662, 104.316085815, -21.8247528076, -59.3344230652], [916.727233887, 809.598144531, 714.399291992, 538.512329102, 707.668334961, 326.830657959, 332.718414307, 121.114059448, 154.114532471, 55.7712364197, 74.9855422974, -10.5762081146, -51.3695144653], [760.584106445, 290.269592285, 365.863769531, 215.816864014, 326.830657959, 385.316558838, 249.228286743, 146.451675415, 103.281150818, 87.4408874512, 34.2503585815, -5.13060855865, -31.873254776], [459.112182617, 341.192474365, 251.670593262, 184.136734009, 332.718414307, 249.228286743, 340.766784668, 158.10887146, 139.074081421, 49.3032264709, 40.6251945496, 4.2383351326, -23.131526947], [1061.79406738, 67.2171783447, 104.534637451, -29.3760375977, 121.114059448, 146.451675415, 158.10887146, 277.617431641, 132.100814819, 79.4572525024, 2.6318256855, 10.3003492355, -7.95556306839], [223.262542725, 139.039825439, 70.7592468262, 85.44581604, 154.114532471, 103.281150818, 139.074081421, 132.100814819, 183.611740112, 54.2654838562, 40.5279273987, 7.89798498154, -1.69962728024], [579.141601562, 52.9711608887, 121.998222351, -15.7613725662, 55.7712364197, 87.4408874512, 49.3032264709, 79.4572525024, 54.2654838562, 144.983139038, 30.0513591766, 6.61451339722, -6.34764289856], [-273.094421387, 129.088363647, 14.66335392, 104.316085815, 74.9855422974, 34.2503585815, 40.6251945496, 2.6318256855, 40.5279273987, 30.0513591766, 111.040168762, 37.941783905, 23.6546669006], [-100.120117188, -92.9098510742, -57.4734420776, -21.8247528076, -10.5762081146, -5.13060855865, 4.2383351326, 10.3003492355, 7.89798498154, 6.61451339722, 37.941783905, 92.964805603, 35.2651939392], [-276.142150879, -5.3096165657, -142.286758423, -59.3344230652, -51.3695144653, -31.873254776, -23.131526947, -7.95556306839, -1.69962728024, -6.34764289856, 23.6546669006, 35.2651939392, 105.551239014]],
        "icov": [[8.56038095662e-05, -0.000103561709693, 2.4384162316e-05, 4.46647391072e-05, -9.22651888686e-05, -4.7631925554e-05, 0.000171259627678, -0.000343555293512, 0.00017456029309, -0.000241679619648, 0.000327066576574, -0.000176786634256, 0.000203119561775], [-0.000103561709693, 0.00109419820365, -0.000293511926429, -0.000365405227058, -0.000566056696698, 0.000528497563209, -0.000552320096176, 0.00032202314469, 3.80024575861e-05, 0.000208324185223, -0.00106300541665, 0.00158036360517, -0.00130627583712], [2.4384162316e-05, -0.000293511926429, 0.00164365360979, -0.000795338884927, -0.00100327201653, -0.000275243161013, 0.000616080593318, -0.00049758865498, 0.000950416200794, -0.00143009074964, 0.00146642781328, -0.000544706825167, 0.00112641986925], [4.46647391072e-05, -0.000365405227058, -0.000795338884927, 0.00259692338295, -0.000681201112457, -0.000485350494273, 0.000531420344487, 0.000739418843295, -0.00086393521633, 0.00156734499615, -0.00163969025016, -1.91543149413e-05, 0.000634470838122], [-9.22651888686e-05, -0.000566056696698, -0.00100327201653, -0.000681201112457, 0.00581992650405, -0.00131885067094, -0.00273376028053, 0.00101324275602, -0.00165878573898, 0.00112977938261, -0.00093456543982, -0.000528041855432, 0.000333309289999], [-4.7631925554e-05, 0.000528497563209, -0.000275243161013, -0.000485350494273, -0.00131885067094, 0.00657292315736, -0.00329452031292, -0.000917034514714, 0.00118417828344, -0.00212597521022, -0.000230683581322, 0.00102587323636, -0.000589881557971], [0.000171259627678, -0.000552320096176, 0.000616080593318, 0.000531420344487, -0.00273376028053, -0.00329452031292, 0.00937533006072, -0.00244508637115, -0.00178519648034, 0.000932783004828, 0.000465663120849, -0.00114741246216, 0.0014008465223], [-0.000343555293512, 0.00032202314469, -0.00049758865498, 0.000739418843295, 0.00101324275602, -0.000917034514714, -0.00244508637115, 0.00903046410531, -0.00495606521145, -0.000514641229529, 0.000743853801396, -0.000518355227541, -0.00088098202832], [0.00017456029309, 3.80024575861e-05, 0.000950416200794, -0.00086393521633, -0.00165878573898, 0.00118417828344, -0.00178519648034, -0.00495606521145, 0.0119086345658, -0.00256616738625, -0.00135187047999, 0.000797378248535, 0.000113643720397], [-0.000241679619648, 0.000208324185223, -0.00143009074964, 0.00156734499615, 0.00112977938261, -0.00212597521022, 0.000932783004828, -0.000514641229529, -0.00256616738625, 0.0119569636881, -0.00516811665148, 0.000964890583418, -8.14802770037e-05], [0.000327066576574, -0.00106300541665, 0.00146642781328, -0.00163969025016, -0.00093456543982, -0.000230683581322, 0.000465663120849, 0.000743853801396, -0.00135187047999, -0.00516811665148, 0.0172106586397, -0.00678960746154, -0.000430257758126], [-0.000176786634256, 0.00158036360517, -0.000544706825167, -1.91543149413e-05, -0.000528041855432, 0.00102587323636, -0.00114741246216, -0.000518355227541, 0.000797378248535, 0.000964890583418, -0.00678960746154, 0.016558052972, -0.00530545879155], [0.000203119561775, -0.00130627583712, 0.00112641986925, 0.000634470838122, 0.000333309289999, -0.000589881557971, 0.0014008465223, -0.00088098202832, 0.000113643720397, -8.14802770037e-05, -0.000430257758126, -0.00530545879155, 0.0139054907486]]
    },
    "melbands": {
        "dmean": [0.00181739625987, 0.000919837097172, 0.000586535723414, 0.000392393703805, 0.000305080553517, 0.000161844756803, 0.000104605445813, 0.000166354788234, 0.000179300186574, 0.000138130228152, 8.96895508049e-05, 5.43498681509e-05, 3.37050987582e-05, 2.28229582717e-05, 2.45797727985e-05, 2.63245619863e-05, 3.42787243426e-05, 3.21919396811e-05, 2.35266797972e-05, 2.57596184383e-05, 1.94412841665e-05, 2.06918321055e-05, 1.50912655954e-05, 1.03019165181e-05, 1.00852366813e-05, 8.7256757979e-06, 7.49443324821e-06, 6.63465380057e-06, 6.95331254974e-06, 5.65991467738e-06, 4.62322668682e-06, 3.92110177927e-06, 4.41097517978e-06, 4.30250884165e-06, 3.42630232808e-06, 2.45396608989e-06, 2.47094044425e-06, 2.17298952521e-06, 1.88759702269e-06, 1.94634162654e-06],
        "dmean2": [0.00283040525392, 0.00140162825119, 0.000976678566076, 0.000670441077091, 0.000504248542711, 0.000267508847173, 0.000165107529028, 0.000269945943728, 0.000272927776678, 0.000206222219276, 0.000127926061396, 7.8419019701e-05, 5.21539368492e-05, 3.62697865057e-05, 3.96889990952e-05, 4.23082092311e-05, 5.28327509528e-05, 4.94901905768e-05, 3.73123693862e-05, 4.23294841312e-05, 3.31847950292e-05, 3.41158956871e-05, 2.4536084311e-05, 1.67523867276e-05, 1.67462148966e-05, 1.49885427163e-05, 1.3101186596e-05, 1.11368772195e-05, 1.12155594252e-05, 9.11370443646e-06, 7.64353717386e-06, 6.3315069383e-06, 7.15781152394e-06, 7.02389070284e-06, 5.49739570488e-06, 3.93238769902e-06, 3.92332867705e-06, 3.50090431311e-06, 3.00804185827e-06, 3.23349149767e-06],
        "dvar": [1.38728682941e-05, 5.10542986376e-06, 4.31339776696e-06, 1.9895544483e-06, 4.67375826929e-07, 1.18253936421e-07, 4.33479456774e-08, 1.10942394826e-07, 2.022825214e-07, 1.3994690562e-07, 8.58092121803e-08, 3.13709875854e-08, 1.52043782009e-08, 3.44001205299e-09, 3.08609093835e-09, 3.41529737824e-09, 6.9178258677e-09, 5.34117727824e-09, 1.96750082893e-09, 2.96731106353e-09, 2.43460451799e-09, 3.40900130347e-09, 9.37194544193e-10, 3.92388954662e-10, 4.68338701154e-10, 2.97970481622e-10, 3.32898153488e-10, 1.84882192888e-10, 1.53656268265e-10, 8.11611958196e-11, 7.70291122554e-11, 5.76454370349e-11, 7.99554450426e-11, 8.84285145109e-11, 5.27037441467e-11, 2.72228316278e-11, 4.61809063212e-11, 2.11945773432e-11, 2.77074266308e-11, 5.64124372215e-11],
        "dvar2": [3.14790959237e-05, 1.1790904864e-05, 1.12359630293e-05, 5.65406980968e-06, 1.28092892737e-06, 3.0832683251e-07, 1.00437368644e-07, 2.71562186072e-07, 4.5380718916e-07, 2.89138313292e-07, 1.49205646949e-07, 5.26136112455e-08, 3.28118723303e-08, 7.82130449295e-09, 7.21282056304e-09, 7.98649235634e-09, 1.53605963504e-08, 1.11934914671e-08, 4.61017934938e-09, 7.36230321152e-09, 6.78842404511e-09, 9.18354992052e-09, 2.23134977162e-09, 1.00413877213e-09, 1.24552390623e-09, 8.33186075688e-10, 9.66214552811e-10, 5.16038878295e-10, 3.92133853166e-10, 2.0223274444e-10, 2.01963570867e-10, 1.40285116856e-10, 1.9581733457e-10, 2.25001711707e-10, 1.30379054775e-10, 6.59996779451e-11, 1.12673287367e-10, 5.22186530127e-11, 6.84665379946e-11, 1.53542734083e-10],
        "max": [0.0391303189099, 0.0279250461608, 0.0210625696927, 0.0216409768909, 0.0152315115556, 0.00822218693793, 0.00604172982275, 0.00771472230554, 0.011465090327, 0.0113326385617, 0.00890235695988, 0.00848892796785, 0.00276933610439, 0.00351415318437, 0.00198611221276, 0.00153445301112, 0.00177709222771, 0.00165594811551, 0.00105312187225, 0.00149151717778, 0.000672178692184, 0.00101036613341, 0.000856164842844, 0.000404809776228, 0.000431460648542, 0.000268764444627, 0.000281925342279, 0.000157062124345, 0.00017990267952, 0.000140169795486, 0.000218415327254, 0.000158711001859, 0.000215318068513, 0.000155082321726, 0.00013230809418, 0.000105461913336, 0.000249377044383, 0.000101388854091, 0.000142945675179, 0.000232022430282],
        "mean": [0.00549778714776, 0.00199918518774, 0.000726659141947, 0.000495447486173, 0.000523803231772, 0.000267395487754, 0.000168466984178, 0.000262983783614, 0.000332541298121, 0.0002492685162, 0.000165457997355, 0.00011009148875, 4.55365407106e-05, 3.94310736738e-05, 3.66180247511e-05, 3.75525014533e-05, 5.41330991837e-05, 5.26650183019e-05, 3.71981259377e-05, 3.94260096073e-05, 2.67149789579e-05, 3.02529006149e-05, 2.62443427346e-05, 1.79163689609e-05, 1.62690848811e-05, 1.35496266012e-05, 9.89936143014e-06, 9.42478163779e-06, 1.15456541607e-05, 9.7121046565e-06, 7.06223227098e-06, 5.77111859457e-06, 5.87046224609e-06, 5.4697466112e-06, 4.77548474009e-06, 3.3395808714e-06, 3.37312121701e-06, 3.40576593771e-06, 2.76705213764e-06, 2.18959803533e-06],
        "median": [0.0022717055399, 0.000904251763131, 0.000312698481139, 0.00021308392752, 0.000162807642482, 7.6903772424e-05, 6.05809182161e-05, 9.84735233942e-05, 0.000103846854472, 6.36275217403e-05, 2.93504781439e-05, 1.93726300495e-05, 1.36500184453e-05, 1.27561379486e-05, 1.3706723621e-05, 1.21413604575e-05, 1.25463020595e-05, 1.76761113835e-05, 1.37047281896e-05, 1.30695534608e-05, 1.07424311864e-05, 1.12741472549e-05, 8.62484921527e-06, 7.13008648745e-06, 6.79048480379e-06, 6.76851550452e-06, 3.7668346522e-06, 3.87209638575e-06, 5.03180581291e-06, 4.31143234891e-06, 2.68024382422e-06, 1.93766436496e-06, 1.82277608474e-06, 1.85162662092e-06, 1.64425910043e-06, 1.09800100745e-06, 1.24094526655e-06, 1.38720645282e-06, 9.33074659315e-07, 5.1448796512e-07],
        "min": [1.20231562603e-24, 1.57600465747e-24, 3.58416625147e-24, 2.70011724791e-24, 4.03370218819e-24, 3.23968587974e-24, 3.00825302281e-24, 2.3864363725e-24, 4.58317102438e-24, 2.79055916462e-24, 3.37035773046e-24, 2.70807922103e-24, 3.64022231297e-24, 2.79305295115e-24, 2.6707542673e-24, 4.39924376559e-24, 4.18055613987e-24, 3.4637363791e-24, 4.8467901951e-24, 3.83999108202e-24, 3.94354209204e-24, 4.29576927508e-24, 7.25471513865e-24, 5.61007899079e-24, 5.32259480553e-24, 6.0961040831e-24, 6.52319495491e-24, 5.65947430523e-24, 6.14342627109e-24, 6.74058372115e-24, 6.45264317985e-24, 5.53658121468e-24, 6.20677811266e-24, 6.55920369422e-24, 6.72913971599e-24, 6.31474989919e-24, 5.74245024511e-24, 8.2128521835e-24, 8.19147405297e-24, 9.04765871442e-24],
        "var": [4.06289364037e-05, 8.76594913279e-06, 3.37297547048e-06, 1.32125467189e-06, 7.20673597243e-07, 2.24637830115e-07, 8.80814283732e-08, 2.03493016215e-07, 4.58278833548e-07, 4.16306022544e-07, 2.37539111936e-07, 1.55402076985e-07, 1.93993905384e-08, 1.65020868081e-08, 6.48033449124e-09, 5.78276981855e-09, 1.68307732196e-08, 1.47350185387e-08, 4.50123804896e-09, 6.62642785088e-09, 2.31095920178e-09, 4.0137329016e-09, 2.91555357634e-09, 8.98597252164e-10, 7.98066668306e-10, 4.10343453661e-10, 3.11968423317e-10, 2.16472534342e-10, 2.59769011857e-10, 1.57517360266e-10, 1.08885282735e-10, 8.79239875351e-11, 1.08617351224e-10, 1.01778148409e-10, 7.03533759028e-11, 3.50899621859e-11, 5.05625055713e-11, 2.98142968647e-11, 3.36521192856e-11, 4.56549346939e-11]
    },
    "mfcc": {
        "mean": [-648.354125977, 84.9778289795, 7.12897062302, 25.7872714996, 4.61449432373, 4.52228116989, -4.76976394653, 2.07949638367, 4.26074504852, 8.15394306183, 3.22691297531, 3.77091550827, -0.152233079076],
        "cov": [[13056.1162109, 1488.50964355, 222.829315186, -92.8543167114, 243.795532227, 18.5750370026, 276.038909912, 214.836227417, 498.548828125, 383.1484375, 318.431854248, 274.303344727, -86.7635955811], [1488.50964355, 1739.1550293, 556.165466309, 622.615234375, 445.307861328, 379.796478271, 312.569793701, 170.475418091, 147.728027344, 147.738418579, 97.3431091309, 87.1178436279, 79.959022522], [222.829315186, 556.165466309, 1041.00048828, 615.932067871, 449.888458252, 357.433044434, 219.549301147, 93.5231781006, 56.4138793945, 57.7275238037, 83.7735595703, 51.5846786499, 74.7350692749], [-92.8543167114, 622.615234375, 615.932067871, 898.06072998, 459.697357178, 376.780303955, 198.394607544, 165.65826416, 22.4688549042, 18.1420612335, 40.0726852417, 62.3067588806, 111.347892761], [243.795532227, 445.307861328, 449.888458252, 459.697357178, 445.540283203, 305.62210083, 203.325958252, 154.258728027, 81.4405593872, 75.2793655396, 70.4684371948, 63.9774360657, 90.112411499], [18.5750370026, 379.796478271, 357.433044434, 376.780303955, 305.62210083, 431.119659424, 240.888778687, 155.122634888, 73.2222290039, 85.6139678955, 72.9764785767, 36.8510665894, 92.4400024414], [276.038909912, 312.569793701, 219.549301147, 198.394607544, 203.325958252, 240.888778687, 267.910125732, 150.337478638, 100.135757446, 89.407951355, 73.3598632812, 58.4968299866, 53.4964981079], [214.836227417, 170.475418091, 93.5231781006, 165.65826416, 154.258728027, 155.122634888, 150.337478638, 250.574645996, 120.84047699, 90.0148696899, 81.8151702881, 45.6492843628, 63.7119064331], [498.548828125, 147.728027344, 56.4138793945, 22.4688549042, 81.4405593872, 73.2222290039, 100.135757446, 120.84047699, 181.022689819, 108.229095459, 89.4176559448, 46.2746734619, 25.8562526703], [383.1484375, 147.738418579, 57.7275238037, 18.1420612335, 75.2793655396, 85.6139678955, 89.407951355, 90.0148696899, 108.229095459, 161.994949341, 98.3718643188, 35.9382476807, 27.0752067566], [318.431854248, 97.3431091309, 83.7735595703, 40.0726852417, 70.4684371948, 72.9764785767, 73.3598632812, 81.8151702881, 89.4176559448, 98.3718643188, 147.857070923, 65.9050140381, 37.1925964355], [274.303344727, 87.1178436279, 51.5846786499, 62.3067588806, 63.9774360657, 36.8510665894, 58.4968299866, 45.6492843628, 46.2746734619, 35.9382476807, 65.9050140381, 108.464881897, 41.2399635315], [-86.7635955811, 79.959022522, 74.7350692749, 111.347892761, 90.112411499, 92.4400024414, 53.4964981079, 63.7119064331, 25.8562526703, 27.0752067566, 37.1925964355, 41.2399635315, 114.214790344]],
