{
"lowlevel": {
    "average_loudness": 0.824966609478,
    "barkbands_crest": {
        "dmean": 2.47706580162,
        "dmean2": 3.8075928688,
        "dvar": 5.23118257523,
        "dvar2": 12.3946628571,
        "max": 25.7959461212,
        "mean": 12.0920286179,
        "median": 11.4575233459,
        "min": 2.37879371643,
        "var": 22.870798111
    },
    "barkbands_flatness_db": {
        "dmean": 0.025491071865,
        "dmean2": 0.0376783870161,
        "dvar": 0.000989320571534,
        "dvar2": 0.00202284869738,
        "max": 0.62268191576,
        "mean": 0.217884868383,
        "median": 0.20790964365,
        "min": 0.0368039421737,
        "var": 0.00947337131947
    },
    "barkbands_kurtosis": {
        "dmean": 3.79823565483,
        "dmean2": 5.72556495667,
        "dvar": 32.0651016235,
        "dvar2": 70.7154769897,
        "max": 111.832267761,
        "mean": 7.4837846756,
        "median": 4.43711471558,
        "min": -1.81325590611,
        "var": 96.1377182007
    },
    "barkbands_skewness": {
        "dmean": 0.598312616348,
        "dmean2": 0.873071610928,
        "dvar": 0.407736152411,
        "dvar2": 0.870163917542,
        "max": 7.92879056931,
        "mean": 1.73692882061,
        "median": 1.76819777489,
        "min": -5.7325387001,
        "var": 2.3835208416
    },
    "barkbands_spread": {
        "dmean": 3.17912220955,
        "dmean2": 4.96244335175,
        "dvar": 21.9659290314,
        "dvar2": 53.5940208435,
        "max": 67.1920852661,
        "mean": 10.9081602097,
        "median": 8.71018886566,
        "min": 0.215415328741,
        "var": 73.2766571045
    },
    "dissonance": {
        "dmean": 0.0322194769979,
        "dmean2": 0.0537596717477,
        "dvar": 0.00125688384287,
        "dvar2": 0.00338073982857,
        "max": 0.499999970198,
        "mean": 0.431657552719,
        "median": 0.445271015167,
        "min": 0.0823914855719,
        "var": 0.0029510082677
    },
    "dynamic_complexity": 4.55867815018,
    "erbbands_crest": {
        "dmean": 2.83476066589,
        "dmean2": 4.43485546112,
        "dvar": 8.40717315674,
        "dvar2": 18.6603126526,
        "max": 33.7499923706,
        "mean": 11.5882587433,
        "median": 10.2561454773,
        "min": 2.29021573067,
        "var": 34.4693527222
    },
    "erbbands_flatness_db": {
        "dmean": 0.0196127574891,
        "dmean2": 0.0273164175451,
        "dvar": 0.000641084101517,
        "dvar2": 0.00108436797746,
        "max": 0.544399023056,
        "mean": 0.229001909494,
        "median": 0.220061540604,
        "min": 0.0685391351581,
        "var": 0.00945800822228
    },
    "erbbands_kurtosis": {
        "dmean": 1.67734920979,
        "dmean2": 2.56675767899,
        "dvar": 9.78498649597,
        "dvar2": 22.2564239502,
        "max": 93.7429275513,
        "mean": 2.30985784531,
        "median": 0.635270595551,
        "min": -1.76459598541,
        "var": 27.9287891388
    },
    "erbbands_skewness": {
        "dmean": 0.408682405949,
        "dmean2": 0.622833311558,
        "dvar": 0.209087714553,
        "dvar2": 0.470060110092,
        "max": 4.81782245636,
        "mean": 0.586110889912,
        "median": 0.622874498367,
        "min": -5.40706729889,
        "var": 1.05686450005
    },
    "erbbands_spread": {
        "dmean": 6.03777217865,
        "dmean2": 8.47689819336,
        "dvar": 67.5267944336,
        "dvar2": 124.080383301,
        "max": 112.858802795,
        "mean": 26.5595245361,
        "median": 22.2641735077,
        "min": 0.379561066628,
        "var": 339.408782959
    },
    "hfc": {
        "dmean": 4.41806983948,
        "dmean2": 6.03183412552,
        "dvar": 74.4564971924,
        "dvar2": 155.640686035,
        "max": 104.212524414,
        "mean": 11.3545398712,
        "median": 7.39925765991,
        "min": 1.22840781122e-16,
        "var": 156.01121521
    },
    "melbands_crest": {
        "dmean": 2.87502861023,
        "dmean2": 4.48117399216,
        "dvar": 7.81484746933,
        "dvar2": 19.0662174225,
        "max": 33.3293190002,
        "mean": 14.3570232391,
        "median": 13.8630170822,
        "min": 1.7055439949,
        "var": 27.3945960999
    },
    "melbands_flatness_db": {
        "dmean": 0.0296832378954,
        "dmean2": 0.0436282865703,
        "dvar": 0.00158125290181,
        "dvar2": 0.00328716868535,
        "max": 0.753578901291,
        "mean": 0.285144418478,
        "median": 0.273820877075,
        "min": 0.0056017357856,
        "var": 0.0147786149755
    },
    "melbands_kurtosis": {
        "dmean": 6.85323810577,
        "dmean2": 10.161242485,
        "dvar": 171.30632019,
        "dvar2": 368.712310791,
        "max": 228.094558716,
        "mean": 13.5135679245,
        "median": 7.59575033188,
        "min": -1.87882339954,
        "var": 373.24105835
    },
    "melbands_skewness": {
        "dmean": 0.710385382175,
        "dmean2": 1.01706659794,
        "dvar": 0.721780776978,
        "dvar2": 1.46719992161,
        "max": 12.8179702759,
        "mean": 2.29971861839,
        "median": 2.21261167526,
        "min": -5.05533027649,
        "var": 3.32303738594
    },
    "melbands_spread": {
        "dmean": 4.10758876801,
        "dmean2": 6.43665361404,
        "dvar": 38.9446525574,
        "dvar2": 95.3772888184,
        "max": 122.304756165,
        "mean": 13.9657335281,
        "median": 9.98043251038,
        "min": 0.596020162106,
        "var": 192.611709595
    },
    "pitch_salience": {
        "dmean": 0.0704481676221,
        "dmean2": 0.110425315797,
        "dvar": 0.00509511353448,
        "dvar2": 0.0119866933674,
        "max": 0.874539494514,
        "mean": 0.544423937798,
        "median": 0.552622020245,
        "min": 0.160857826471,
        "var": 0.0173813700676
    },
    "silence_rate_20dB": {
        "dmean": 0,
        "dmean2": 0,
        "dvar": 0,
        "dvar2": 0,
        "max": 1,
        "mean": 1,
        "median": 1,
        "min": 1,
        "var": 0
    },
    "silence_rate_30dB": {
        "dmean": 0.04285511747,
        "dmean2": 0.0857223942876,
        "dvar": 0.0410168729722,
        "dvar2": 0.104485474527,
        "max": 1,
        "mean": 0.970204293728,
        "median": 1,
        "min": 0,
        "var": 0.0289064925164
    },
    "silence_rate_60dB": {
        "dmean": 0.0334894284606,
        "dmean2": 0.0668464377522,
        "dvar": 0.0323715656996,
        "dvar2": 0.0689014270902,
        "max": 1,
        "mean": 0.116061292589,
        "median": 0,
        "min": 0,
        "var": 0.102586992085
    },
    "spectral_centroid": {
        "dmean": 161.068313599,
        "dmean2": 256.717224121,
        "dvar": 75707.015625,
        "dvar2": 182360.15625,
        "max": 11197.9414062,
        "mean": 823.042419434,
        "median": 627.498168945,
        "min": 195.631774902,
        "var": 433392.96875
    },
    "spectral_complexity": {
        "dmean": 3.05803894997,
        "dmean2": 4.58927059174,
        "dvar": 26.3259849548,
        "dvar2": 48.8072662354,
        "max": 58,
        "mean": 11.9713392258,
        "median": 10,
        "min": 0,
        "var": 64.401725769
    },
    "spectral_decrease": {
        "dmean": 2.58276600107e-09,
        "dmean2": 3.48334872058e-09,
        "dvar": 2.56756266566e-17,
        "dvar2": 5.16928722888e-17,
        "max": 2.25532861964e-17,
        "mean": -6.64911192771e-09,
        "median": -4.07956779469e-09,
        "min": -5.33486748111e-08,
        "var": 5.59253371076e-17
    },
    "spectral_energy": {
        "dmean": 0.0100589189678,
        "dmean2": 0.0134602710605,
        "dvar": 0.000377554097213,
        "dvar2": 0.000750045408495,
        "max": 0.205640897155,
        "mean": 0.0261252112687,
        "median": 0.0161060225219,
        "min": 1.13760849097e-20,
        "var": 0.000847268791404
    },
    "spectral_energyband_high": {
        "dmean": 0.000206372205867,
        "dmean2": 0.000312188582029,
        "dvar": 4.11115109955e-07,
        "dvar2": 1.02052331385e-06,
        "max": 0.0083630355075,
        "mean": 0.000273962999927,
        "median": 3.38815225405e-05,
        "min": 8.27337647622e-21,
        "var": 4.68932114472e-07
    },
    "spectral_energyband_low": {
        "dmean": 0.0058888043277,
        "dmean2": 0.00833931472152,
        "dvar": 0.000259576889221,
        "dvar2": 0.000557054125238,
        "max": 0.187132433057,
        "mean": 0.00830434914678,
        "median": 0.00121900602244,
        "min": 4.46903555205e-23,
        "var": 0.000374799390556
    },
    "spectral_energyband_middle_high": {
        "dmean": 0.00144269852899,
        "dmean2": 0.00216390588321,
        "dvar": 9.8305845313e-06,
        "dvar2": 2.2463966161e-05,
        "max": 0.065036021173,
        "mean": 0.00280369794928,
        "median": 0.0014115315862,
        "min": 1.80943618343e-21,
        "var": 1.85047501873e-05
    },
    "spectral_energyband_middle_low": {
        "dmean": 0.00565424468368,
        "dmean2": 0.00888339709491,
        "dvar": 0.000160522293299,
        "dvar2": 0.000419388350565,
        "max": 0.181482985616,
        "mean": 0.0158013831824,
        "median": 0.00960601028055,
        "min": 3.47121189325e-22,
        "var": 0.00029037805507
    },
    "spectral_entropy": {
        "dmean": 0.217986017466,
        "dmean2": 0.319329917431,
        "dvar": 0.0884139090776,
        "dvar2": 0.169267892838,
        "max": 9.80881118774,
        "mean": 6.87470626831,
        "median": 6.93122673035,
        "min": 4.00400066376,
        "var": 0.678519427776
    },
    "spectral_flux": {
        "dmean": 0.0258944444358,
        "dmean2": 0.035933509469,
        "dvar": 0.00154920073692,
        "dvar2": 0.00257893884555,
        "max": 0.406986504793,
        "mean": 0.0650398954749,
        "median": 0.0439949072897,
        "min": 8.48858519475e-07,
        "var": 0.0039087398909
    },
    "spectral_kurtosis": {
        "dmean": 10.2768554688,
        "dmean2": 17.3982639313,
        "dvar": 872.493774414,
        "dvar2": 2624.67993164,
        "max": 804.929077148,
        "mean": 26.4455032349,
        "median": 6.97685956955,
        "min": -1.22064292431,
        "var": 3262.94580078
    },
    "spectral_rms": {
        "dmean": 0.000809446210042,
        "dmean2": 0.00102551083546,
        "dvar": 1.36519577154e-06,
        "dvar2": 2.35807419813e-06,
        "max": 0.014164224267,
        "mean": 0.00437922542915,
        "median": 0.00396398687735,
        "min": 3.33145902358e-12,
        "var": 6.31042803434e-06
    },
    "spectral_rolloff": {
        "dmean": 256.800628662,
        "dmean2": 436.516082764,
        "dvar": 374257.53125,
        "dvar2": 974032.25,
        "max": 18776.953125,
        "mean": 1016.79406738,
        "median": 645.99609375,
        "min": 64.599609375,
        "var": 2056234.75
    },
    "spectral_skewness": {
        "dmean": 0.616180598736,
        "dmean2": 1.01541340351,
        "dvar": 1.01530849934,
        "dvar2": 2.69027233124,
        "max": 21.7205944061,
        "mean": 2.98204565048,
        "median": 2.13221597672,
        "min": -0.0106014125049,
        "var": 6.64657449722
    },
    "spectral_spread": {
        "dmean": 416540.3125,
        "dmean2": 619190.875,
        "dvar": 429503774720,
        "dvar2": 658552782848,
        "max": 40930516,
        "mean": 3486274.5,
        "median": 3346399.25,
        "min": 141688.4375,
        "var": 3.2989708288e+12
    },
    "spectral_strongpeak": {
        "dmean": 0.368310570717,
        "dmean2": 0.598289787769,
        "dvar": 0.410975188017,
        "dvar2": 0.971626698971,
        "max": 7.88365411758,
        "mean": 0.887731432915,
        "median": 0.572596311569,
        "min": 0,
        "var": 0.955650448799
    },
    "zerocrossingrate": {
        "dmean": 0.00626769661903,
        "dmean2": 0.00764826126397,
        "dvar": 7.4513918662e-05,
        "dvar2": 0.000103739963379,
        "max": 0.767578125,
        "mean": 0.0417349524796,
        "median": 0.03125,
        "min": 0.00537109375,
        "var": 0.00178810686339
    },
    "barkbands": {
        "dmean": [6.02122454438e-05, 0.00279213115573, 0.00321466196328, 0.00160673831124, 0.00306656351313, 0.00125833589118, 0.000559894193429, 0.000378242199076, 0.000683221733198, 0.000340572296409, 0.000370240741177, 0.000423727789894, 0.000284355570329, 0.000132684988785, 0.000100909564935, 6.08565278526e-05, 5.74039331696e-05, 6.205344107e-05, 5.62197928957e-05, 6.54122341075e-05, 5.83862311032e-05, 3.7034493289e-05, 3.25027322106e-05, 2.92270615319e-05, 1.38395025715e-05, 4.29429064752e-06, 4.23910847758e-07],
        "dmean2": [7.24183337297e-05, 0.00395014695823, 0.00519216665998, 0.00269561889581, 0.00495159905404, 0.00197192234918, 0.000872291158885, 0.000578693172429, 0.00108103535604, 0.000566084810998, 0.000548206444364, 0.000624197302386, 0.000438369810581, 0.000211152277188, 0.000171539650182, 9.86656668829e-05, 9.20842212508e-05, 0.000100561039289, 8.63689128892e-05, 0.000107074039988, 9.35938369366e-05, 5.58428873774e-05, 4.79333393741e-05, 4.48595928901e-05, 2.15566597035e-05, 6.94221262165e-06, 7.30197257326e-07],
        "dvar": [1.89894020508e-08, 6.96068600519e-05, 9.75273214863e-05, 2.41873804043e-05, 6.40299767838e-05, 4.61432227894e-06, 1.03186266642e-06, 6.6255239517e-07, 3.81945619665e-06, 2.89212084681e-06, 1.98132806872e-06, 1.59408375566e-06, 7.74100669787e-07, 2.40888056169e-07, 9.01426702171e-08, 4.25702779694e-08, 3.27496039176e-08, 3.46839392762e-08, 2.7526398938e-08, 4.95639724818e-08, 3.24247011463e-08, 1.07167190677e-08, 8.97411478462e-09, 1.0494352054e-08, 1.98889305025e-09, 1.82743570276e-10, 1.64721827758e-12],
        "dvar2": [3.58500820141e-08, 0.00013926786778, 0.000247045652941, 6.57635537209e-05, 0.000179951908649, 1.11850140456e-05, 2.58352611127e-06, 1.42988574225e-06, 9.02326155483e-06, 6.38077744952e-06, 3.97375424654e-06, 3.43188844454e-06, 1.63026709288e-06, 5.01972408529e-07, 2.36362737382e-07, 1.0386874294e-07, 8.08185944834e-08, 8.76252386206e-08, 6.62532073648e-08, 1.31336790332e-07, 8.40574685412e-08, 2.55992063103e-08, 2.12754560636e-08, 2.65115502884e-08, 4.80431960881e-09, 4.61236215887e-10, 4.38172631859e-12],
        "max": [0.00228902697563, 0.0840395987034, 0.105977758765, 0.0834730044007, 0.143790185452, 0.04329001531, 0.0210304055363, 0.0276330653578, 0.0362766087055, 0.0608032979071, 0.0538576021791, 0.0276348404586, 0.018077628687, 0.0110354004428, 0.00628274399787, 0.00607735523954, 0.00776933459565, 0.00396943790838, 0.00354466028512, 0.00300841312855, 0.00186298973858, 0.00160809315275, 0.00114593631588, 0.00139369384851, 0.000712041102815, 0.000212534097955, 2.09089230339e-05],
        "mean": [0.000105546634586, 0.0037332251668, 0.00359895848669, 0.00198419461958, 0.00780818238854, 0.00251919194125, 0.00104549492244, 0.000849009898957, 0.00116452248767, 0.00061406759778, 0.000624550681096, 0.000724456098396, 0.00040454158443, 0.000184032876859, 0.00013593834592, 7.80242480687e-05, 8.56999467942e-05, 8.12460348243e-05, 7.82232600613e-05, 7.18101655366e-05, 6.53664028505e-05, 5.27154006704e-05, 4.68402140541e-05, 4.04459788115e-05, 2.09802383324e-05, 7.2463512879e-06, 7.36442359539e-07],
        "median": [1.91103890756e-06, 0.000196156237507, 0.000371179077774, 0.000560629589017, 0.00265272241086, 0.00146469450556, 0.000508188619278, 0.000313387135975, 0.000267597002676, 6.69275905238e-05, 0.000161109521287, 0.000165641569765, 0.000110966429929, 4.22702287324e-05, 3.17110898322e-05, 2.27017771977e-05, 2.10531670746e-05, 1.83523952728e-05, 1.59373048518e-05, 9.50073172135e-06, 8.02839895186e-06, 7.93707476987e-06, 5.1910901675e-06, 3.0917208278e-06, 1.24646442146e-06, 3.16286872248e-07, 7.51113393704e-09],
        "min": [2.20781972532e-23, 2.26595561859e-23, 5.63161804894e-24, 1.90264446652e-23, 3.54441515603e-23, 5.15164983066e-23, 6.75168693839e-23, 2.26604870418e-23, 1.16552923947e-22, 7.77542770715e-23, 8.52345464756e-23, 8.60151274968e-23, 8.72753043939e-23, 1.6049739886e-22, 8.90332714548e-23, 1.91308425174e-22, 1.88187300158e-22, 3.37629690644e-22, 3.84780121519e-22, 3.12770247518e-22, 5.09434356662e-22, 8.67132567761e-22, 6.2896119787e-22, 6.43811169934e-22, 1.29146400412e-21, 1.59031187903e-21, 2.75819477652e-21],
        "var": [5.81054138138e-08, 0.000107808409666, 0.000101172670838, 2.01892726182e-05, 0.000130887332489, 1.175606576e-05, 2.24251880354e-06, 2.37629069488e-06, 7.73835290602e-06, 1.40257725434e-05, 4.32770502812e-06, 2.80766539618e-06, 1.19855303637e-06, 3.33435707489e-07, 9.51693124307e-08, 4.32363442826e-08, 3.8042539785e-08, 3.60295224766e-08, 3.41333006304e-08, 4.3373077574e-08, 3.05176044435e-08, 1.40943186011e-08, 1.24092611742e-08, 1.21771854822e-08, 2.71322275758e-09, 2.81985212958e-10, 4.46423583864e-12]
    },
    "erbbands": {
        "dmean": [0.0558595098555, 0.777167737484, 3.44763469696, 4.43681669235, 8.63546943665, 11.1950464249, 10.6293172836, 11.4405841827, 6.79450035095, 10.4548501968, 9.41051578522, 14.600361824, 15.2366256714, 11.6989431381, 11.2987422943, 19.7405853271, 13.306312561, 8.53493690491, 4.04664182663, 6.10926961899, 3.26589679718, 3.004956007, 3.39093184471, 3.08497142792, 2.49324560165, 2.82719516754, 3.11368823051, 1.95589697361, 1.27413582802, 1.18223655224, 0.910489439964, 0.581625759602, 0.516214072704, 0.223490551114, 0.0695409551263, 0.0280467495322, 0.00625917874277, 0.000960001139902, 6.73602698953e-05, 1.1757098946e-05],
        "dmean2": [0.0634534880519, 1.14975428581, 5.5591711998, 7.25002813339, 14.3602743149, 17.9786701202, 16.7916698456, 17.8249874115, 10.9153633118, 15.7901344299, 14.1702194214, 22.7894439697, 24.5925636292, 19.0294361115, 16.7876491547, 28.861114502, 20.1167812347, 13.1585969925, 6.9143705368, 10.316031456, 5.10719680786, 4.79603433609, 5.45441675186, 4.8671374321, 3.82250928879, 4.56683588028, 5.12425804138, 3.11812710762, 1.93692028522, 1.82024848461, 1.33464205265, 0.886552274227, 0.801591217518, 0.351450353861, 0.108538344502, 0.0448944419622, 0.0102654416114, 0.00162338011432, 0.000110587316158, 1.52037782755e-05],
        "dvar": [0.0199927799404, 5.94962739944, 120.863853455, 148.871643066, 732.259399414, 723.965759277, 387.452484131, 406.665649414, 197.901931763, 364.415435791, 461.063049316, 1995.83569336, 4381.53955078, 4249.1953125, 718.974304199, 3854.68432617, 1597.28234863, 1036.01403809, 153.061965942, 377.669891357, 157.288894653, 71.0542602539, 99.0027084351, 92.6146850586, 54.6140060425, 84.7489776611, 102.187576294, 38.2000160217, 12.5349750519, 11.7295398712, 6.86992835999, 3.12875843048, 3.76667380333, 0.602086246014, 0.0423353388906, 0.00797334872186, 0.000339692109264, 7.96417953097e-06, 4.04187545655e-08, 4.62962834735e-10],
        "dvar2": [0.0299659669399, 12.3496017456, 309.612762451, 390.196166992, 2042.66552734, 2004.6027832, 958.837341309, 998.503417969, 508.845458984, 851.758911133, 955.973205566, 4616.14648438, 9533.33984375, 10438.015625, 1443.07775879, 8315.03710938, 3349.14428711, 2220.85400391, 399.955718994, 956.883483887, 390.785400391, 173.520828247, 249.776107788, 230.638076782, 131.027236938, 221.408660889, 269.733154297, 97.8904266357, 29.5830230713, 29.0122871399, 15.9949226379, 7.5297164917, 9.64635181427, 1.48552083969, 0.100038290024, 0.0201731268317, 0.000863106397446, 2.05229298444e-05, 1.02637585542e-07, 8.50733539171e-10],
        "max": [1.60431969166, 24.7926006317, 130.592544556, 145.906204224, 436.975860596, 478.76385498, 348.44543457, 454.427093506, 402.316558838, 564.840087891, 711.690246582, 1077.33959961, 2395.88110352, 2361.43798828, 496.29901123, 1425.18811035, 839.045776367, 831.748474121, 305.430511475, 474.710083008, 516.248901367, 216.700088501, 184.364715576, 209.318054199, 160.024765015, 148.330993652, 104.130096436, 69.4627075195, 51.3271865845, 44.255897522, 33.9173202515, 24.1324977875, 28.7449703217, 11.5387487411, 2.95851016045, 1.39846122265, 0.273359686136, 0.0382681787014, 0.00427265651524, 0.000243488451815],
        "mean": [0.0982354283333, 0.898097872734, 3.58758378029, 5.80895280838, 13.1745986938, 33.597869873, 24.2056407928, 21.3886585236, 11.6644515991, 22.1085929871, 21.2797660828, 27.0447616577, 30.6099853516, 18.2942943573, 19.7122650146, 34.3333396912, 21.1518745422, 12.6464033127, 5.22651815414, 8.16983222961, 4.56730270386, 4.49845790863, 4.75107336044, 4.24912166595, 3.36896944046, 3.35103726387, 3.2620074749, 2.20011234283, 1.85584533215, 1.63586843014, 1.32147073746, 0.840621769428, 0.676437854767, 0.307075202465, 0.11680150032, 0.0440266914666, 0.011486354284, 0.00179385114461, 0.000134678950417, 3.21513471135e-05],
        "median": [0.00271184090525, 0.0631230771542, 0.376690626144, 1.6323621273, 4.61441421509, 9.12284374237, 10.4603881836, 11.7124080658, 6.49696731567, 9.29178905487, 6.76921319962, 6.35504436493, 4.92515230179, 4.19699811935, 7.81040668488, 8.35322284698, 6.75534152985, 3.46278953552, 1.65614807606, 1.71146082878, 1.28649163246, 1.22610807419, 1.18294131756, 0.877404689789, 0.746664166451, 0.456995666027, 0.355044066906, 0.316150277853, 0.298895359039, 0.212869316339, 0.14525604248, 0.0740728080273, 0.0484957396984, 0.0183009244502, 0.00657113036141, 0.00187991536222, 0.00047982565593, 6.76233466947e-05, 1.34524307214e-05, 2.12547383853e-05],
        "min": [8.10982382539e-22, 4.60744407564e-21, 8.66939161786e-21, 2.58912297711e-20, 1.04240829042e-19, 9.75993118938e-20, 2.52599685022e-19, 5.07646842381e-19, 1.02839188297e-18, 7.52374999146e-19, 4.01899193993e-19, 2.42253118635e-18, 3.37216389447e-18, 1.93102956536e-18, 4.90111543973e-18, 3.03634779773e-18, 2.93840010062e-18, 7.52556430873e-18, 5.81382570044e-18, 7.52914682797e-18, 1.30370993359e-17, 9.94481696473e-18, 1.75331485655e-17, 2.19455102783e-17, 1.75950100948e-17, 1.22111479137e-17, 1.87308713509e-17, 2.60127209542e-17, 2.98301015785e-17, 2.63303368028e-17, 1.55230781703e-17, 1.2253219974e-17, 1.26933478887e-17, 1.43330795975e-17, 9.06466370575e-18, 5.27089536563e-18, 3.26642188125e-18, 1.57122543764e-18, 3.33255481613e-19, 3.95936914911e-20],
        "var": [0.0583349950612, 7.47590398788, 111.629936218, 147.867492676, 665.462890625, 3187.60449219, 1072.04431152, 938.242614746, 304.937469482, 1138.45422363, 1654.76342773, 4651.63867188, 22104.3085938, 6918.57910156, 1572.33105469, 6634.33007812, 2564.76220703, 1450.00964355, 157.577468872, 397.045166016, 155.795196533, 86.4798583984, 108.157035828, 104.637939453, 62.7418518066, 80.2798080444, 88.3080062866, 36.4587974548, 17.0665664673, 14.4767036438, 9.84689617157, 4.34156084061, 3.98754644394, 0.711593091488, 0.0686703324318, 0.0110525060445, 0.000661083089653, 1.77480305865e-05, 1.358360322e-07, 1.20093590628e-09]
    },
    "gfcc": {
        "mean": [-89.612663269, 136.001235962, -116.616676331, 8.62087154388, -65.3157272339, 1.12275719643, -38.4412689209, -11.0505332947, -28.5785999298, -9.55105495453, -9.20739555359, -4.23281669617, -10.1878852844],
        "cov": [[17249.1699219, -1598.3338623, 1162.52697754, 2485.3840332, -823.989929199, 1177.75915527, -446.825378418, 861.200866699, -41.1804542542, 448.192962646, -379.198455811, 90.7041091919, -383.626617432], [-1598.3338623, 4711.35644531, 685.258239746, -1439.52319336, 755.182800293, -721.328430176, 696.782836914, -495.233978271, 223.510635376, -461.561279297, 369.608703613, -286.794128418, 94.8238754272], [1162.52697754, 685.258239746, 1295.84753418, 101.348136902, 100.602546692, 84.4421386719, 95.3661651611, 178.738754272, 75.780166626, 96.3686218262, -3.64658737183, 17.6432228088, 5.83250761032], [2485.3840332, -1439.52319336, 101.348136902, 1167.81274414, -250.328826904, 453.693145752, -148.356613159, 279.678283691, 44.8124389648, 221.314315796, -90.1050033569, 81.2200469971, -31.5968360901], [-823.989929199, 755.182800293, 100.602546692, -250.328826904, 388.501037598, -79.523651123, 155.727203369, -110.509880066, 45.6091194153, -40.0454940796, 79.0436782837, -35.9130897522, 2.76869654655], [1177.75915527, -721.328430176, 84.4421386719, 453.693145752, -79.523651123, 477.553924561, 20.4748268127, 203.46307373, 34.4305305481, 135.997055054, -13.9673147202, 59.6899261475, -29.055934906], [-446.825378418, 696.782836914, 95.3661651611, -148.356613159, 155.727203369, 20.4748268127, 323.200469971, 17.6958808899, 102.329490662, -48.5116729736, 63.3532829285, -35.4755210876, 41.1782302856], [861.200866699, -495.233978271, 178.738754272, 279.678283691, -110.509880066, 203.46307373, 17.6958808899, 286.575134277, 85.5355377197, 116.425872803, -57.9256248474, 43.8032531738, 2.39216828346], [-41.1804542542, 223.510635376, 75.780166626, 44.8124389648, 45.6091194153, 34.4305305481, 102.329490662, 85.5355377197, 175.142547607, 52.5287590027, 42.1766204834, -20.1201820374, 27.5553760529], [448.192962646, -461.561279297, 96.3686218262, 221.314315796, -40.0454940796, 135.997055054, -48.5116729736, 116.425872803, 52.5287590027, 181.949905396, -3.50205206871, 37.6624221802, -16.3990345001], [-379.198455811, 369.608703613, -3.64658737183, -90.1050033569, 79.0436782837, -13.9673147202, 63.3532829285, -57.9256248474, 42.1766204834, -3.50205206871, 121.289962769, 2.13852000237, 12.4478988647], [90.7041091919, -286.794128418, 17.6432228088, 81.2200469971, -35.9130897522, 59.6899261475, -35.4755210876, 43.8032531738, -20.1201820374, 37.6624221802, 2.13852000237, 79.320098877, 19.578666687], [-383.626617432, 94.8238754272, 5.83250761032, -31.5968360901, 2.76869654655, -29.055934906, 41.1782302856, 2.39216828346, 27.5553760529, -16.3990345001, 12.4478988647, 19.578666687, 92.3793487549]],
        "icov": [[0.000194904496311, -0.000534964783583, 0.000187675934285, -0.000499266257975, 0.000340991129633, -0.000377322314307, 0.000469789258204, -0.000410315027693, 0.000432013039244, -0.000498568464536, 0.000948352739215, -0.000650045403745, 0.000640822108835], [-0.000534964783583, 0.00328197400086, -0.00170703732874, 0.00201518042013, -0.00146142335143, 0.00195383746177, -0.00274251634255, 0.00196500541642, -0.002465788275, 0.00384554616176, -0.00561172980815, 0.00447980500758, -0.00173852499574], [0.000187675934285, -0.00170703732874, 0.00189459021203, -0.000957655021921, 0.000225774550927, -0.000730452360585, 0.00125333026517, -0.00185469421558, 0.00164726085495, -0.00243180291727, 0.00270522362553, -0.00221963226795, 0.000520105706528], [-0.000499266257975, 0.00201518042013, -0.000957655021921, 0.00329986726865, -0.000578955048695, -0.000117855568533, -0.00105455191806, 0.00143673014827, -0.00228871125728, 0.00154234608635, -0.00270289392211, 0.00244128145278, -0.00173625734169], [0.000340991129633, -0.00146142335143, 0.000225774550927, -0.000578955048695, 0.00516948755831, -0.00109679147135, -0.000583804852795, 0.00150445487816, -6.33957606624e-05, -0.00231811730191, 0.00239330506884, -0.00259514478967, 0.00226014875807], [-0.000377322314307, 0.00195383746177, -0.000730452360585, -0.000117855568533, -0.00109679147135, 0.00600869487971, -0.0031914927531, -0.001171462005, 0.000296757527394, 0.00108954776078, -0.00485223298892, 0.00161333638243, 0.000225871379371], [0.000469789258204, -0.00274251634255, 0.00125333026517, -0.00105455191806, -0.000583804852795, -0.0031914927531, 0.00874111801386, -0.00341067812406, 3.4531847632e-05, -0.000443355471361, 0.00296618696302, -0.00142075819895, -0.000655769428704], [-0.000410315027693, 0.00196500541642, -0.00185469421558, 0.00143673014827, 0.00150445487816, -0.001171462005, -0.00341067812406, 0.0128027219325, -0.00778265343979, 0.000223868832109, 0.00326547515579, -0.00272579630837, 0.000161690899404], [0.000432013039244, -0.002465788275, 0.00164726085495, -0.00228871125728, -6.33957606624e-05, 0.000296757527394, 3.4531847632e-05, -0.00778265343979, 0.0159706231207, -0.00650264974684, -0.00196965388022, 0.0045350776054, -0.00289425347], [-0.000498568464536, 0.00384554616176, -0.00243180291727, 0.00154234608635, -0.00231811730191, 0.00108954776078, -0.000443355471361, 0.000223868832109, -0.00650264974684, 0.0156167447567, -0.0076117082499, 0.00225515803322, 0.000526950578205], [0.000948352739215, -0.00561172980815, 0.00270522362553, -0.00270289392211, 0.00239330506884, -0.00485223298892, 0.00296618696302, 0.00326547515579, -0.00196965388022, -0.0076117082499, 0.0245276093483, -0.0135853635147, 0.00440907850862], [-0.000650045403745, 0.00447980500758, -0.00221963226795, 0.00244128145278, -0.00259514478967, 0.00161333638243, -0.00142075819895, -0.00272579630837, 0.0045350776054, 0.00225515803322, -0.0135853635147, 0.0290118902922, -0.0103040952235], [0.000640822108835, -0.00173852499574, 0.000520105706528, -0.00173625734169, 0.00226014875807, 0.000225871379371, -0.000655769428704, 0.000161690899404, -0.00289425347, 0.000526950578205, 0.00440907850862, -0.0103040952235, 0.0174819231033]]
    },
    "melbands": {
        "dmean": [0.000637917022686, 0.00152358959895, 0.000886709894985, 0.00070541939931, 0.000394008791773, 0.000244245340582, 0.000106273706479, 0.000101861354779, 7.93585277279e-05, 9.76410883595e-05, 7.52413252485e-05, 4.49037943326e-05, 4.64420227217e-05, 4.51732776128e-05, 3.85466046282e-05, 3.00972751575e-05, 1.36292637762e-05, 6.80461607772e-06, 7.56601139074e-06, 6.17573232375e-06, 3.79112225346e-06, 3.3371693462e-06, 2.77299909612e-06, 3.60949297828e-06, 2.46705167228e-06, 2.19828689296e-06, 1.48336528127e-06, 2.06351523957e-06, 2.30913292398e-06, 1.46652121202e-06, 1.01811804143e-06, 7.02672025454e-07, 8.02576380465e-07, 6.37732227915e-07, 5.73238310153e-07, 4.14346800426e-07, 3.37798041983e-07, 3.60529384125e-07, 3.19448787423e-07, 1.61712023328e-07],
        "dmean2": [0.00083310023183, 0.00230764155276, 0.00144416943658, 0.0011646267958, 0.000620818580501, 0.000380656623747, 0.000168583763298, 0.00015424049343, 0.000120337259432, 0.000154217705131, 0.000121690252854, 7.45949728298e-05, 6.81748351781e-05, 6.68504508212e-05, 5.73319994146e-05, 4.53985048807e-05, 2.12883023778e-05, 1.18328598546e-05, 1.29441978061e-05, 1.0153448784e-05, 5.94601624471e-06, 5.41374402019e-06, 4.36651453128e-06, 5.93146796746e-06, 3.94174276153e-06, 3.41730992659e-06, 2.31452690969e-06, 3.41246118296e-06, 3.86910824091e-06, 2.39946234615e-06, 1.61162472523e-06, 1.07327412024e-06, 1.27337500544e-06, 9.76875185188e-07, 8.60014779391e-07, 6.28261886959e-07, 5.22796256064e-07, 5.56882582714e-07, 5.22625043686e-07, 2.5727840125e-07],
        "dvar": [3.06825609186e-06, 2.17825509026e-05, 5.79022162128e-06, 3.81326185561e-06, 5.52112680907e-07, 1.82738531862e-07, 4.20533261547e-08, 3.3103145114e-08, 3.29014433476e-08, 8.5065906319e-08, 1.07987261799e-07, 6.36181809455e-08, 1.76309651323e-08, 2.00685441598e-08, 9.16984088661e-09, 9.8713526242e-09, 2.88097856682e-09, 4.67305971696e-10, 5.77112635458e-10, 3.73756608996e-10, 2.68293387506e-10, 9.71653521531e-11, 5.06555318525e-11, 1.24944388169e-10, 6.04284330907e-11, 3.91583189485e-11, 2.16561057281e-11, 5.00471400433e-11, 5.91211871126e-11, 2.21320895638e-11, 1.01905992325e-11, 3.7567574919e-12, 5.68560129532e-12, 3.44662688147e-12, 2.73332723642e-12, 1.46681299919e-12, 1.14373885796e-12, 1.68950389703e-12, 1.62136710308e-12, 2.89182686044e-13],
        "dvar2": [5.6111248341e-06, 5.19595014339e-05, 1.53689270519e-05, 1.07537289296e-05, 1.42392934777e-06, 4.48740593129e-07, 1.07601138666e-07, 7.8390065994e-08, 6.74163160852e-08, 2.04544321036e-07, 2.35597227061e-07, 1.58303279818e-07, 3.43264083824e-08, 4.32247233562e-08, 1.97217673303e-08, 2.0526767841e-08, 6.16506179441e-09, 1.25017796115e-09, 1.51944079541e-09, 9.01105523532e-10, 6.78132328069e-10, 2.43233655439e-10, 1.18567752838e-10, 3.22480153692e-10, 1.51408482973e-10, 9.30228533091e-11, 5.42354217092e-11, 1.3345664851e-10, 1.58247873139e-10, 5.82165010643e-11, 2.56601892512e-11, 8.81229204192e-12, 1.46545709595e-11, 8.53763761077e-12, 6.42393646957e-12, 3.47570301533e-12, 2.80680470185e-12, 4.26237647608e-12, 4.30211118466e-12, 6.97271450648e-13],
        "max": [0.0191255062819, 0.0567819625139, 0.0317318253219, 0.034048654139, 0.0100218439475, 0.00919403601438, 0.00550883309916, 0.00521357217804, 0.00511142844334, 0.00655742315575, 0.0118670454249, 0.00877343583852, 0.00356278312393, 0.00293852202594, 0.00190548622049, 0.00248077022843, 0.00140187749639, 0.000442265620222, 0.000677498755977, 0.000529229058884, 0.000816656334791, 0.000335119810188, 0.000141544165672, 0.000206966098631, 0.000184749849723, 0.000117790827062, 0.000105039725895, 0.000106008883449, 8.26632531243e-05, 5.35342260264e-05, 4.30713262176e-05, 2.69897009275e-05, 4.13222551288e-05, 2.44116636168e-05, 2.43175436481e-05, 1.46950860653e-05, 1.45542726386e-05, 2.06586573768e-05, 1.62821779668e-05, 7.8324765127e-06],
        "mean": [0.000956826144829, 0.00168012175709, 0.00123665330466, 0.00160568591673, 0.00107931729872, 0.000463550793938, 0.000193282729015, 0.000221124282689, 0.000167810561834, 0.000174498913111, 0.00014733968419, 6.5330947109e-05, 7.88593024481e-05, 7.22170589142e-05, 6.78374271956e-05, 4.36651898781e-05, 1.93466821656e-05, 7.90977810539e-06, 9.68859421846e-06, 8.34453567222e-06, 4.99998850501e-06, 4.72077272207e-06, 4.2278957153e-06, 4.4678258746e-06, 3.28893906953e-06, 2.91793503493e-06, 1.94390872821e-06, 2.23839788305e-06, 2.31181843446e-06, 1.5172337271e-06, 1.16479782264e-06, 1.0042571148e-06, 1.06556865376e-06, 8.60974068928e-07, 8.15948226318e-07, 5.95593917296e-07, 4.69141042458e-07, 4.76339465649e-07, 3.94592376551e-07, 2.20846828825e-07],
        "median": [3.98800148105e-05, 0.000179844704689, 0.000406916893553, 0.000509295670781, 0.000392006943002, 0.000259133987129, 0.000114887923701, 9.74971408141e-05, 4.45567493443e-05, 3.82230246032e-05, 2.10156613321e-05, 1.3886445231e-05, 2.42505557253e-05, 1.96222063096e-05, 1.81082323252e-05, 1.22872188513e-05, 4.53109532828e-06, 2.04523712455e-06, 2.34662593357e-06, 1.84241798706e-06, 1.2420771327e-06, 1.19777905638e-06, 1.00065813058e-06, 8.914571481e-07, 6.07091919846e-07, 5.80375115078e-07, 3.57351609637e-07, 2.59337781472e-07, 2.36436079604e-07, 1.83638093176e-07, 1.73009425453e-07, 1.69308620457e-07, 1.43841205613e-07, 1.04389535238e-07, 8.59100026673e-08, 5.66479165798e-08, 3.9461721002e-08, 3.50579263397e-08, 2.29402079555e-08, 1.27252297588e-08],
        "min": [8.44501710335e-24, 5.24191484531e-24, 8.26901592451e-24, 6.33966843746e-24, 8.19523139746e-24, 1.03090741231e-23, 1.61859711156e-23, 7.55931721113e-24, 2.76371817232e-24, 1.82943391466e-23, 1.63510197497e-23, 7.21728053326e-24, 1.3170365712e-23, 1.27106357202e-23, 3.86202120609e-24, 1.02382202144e-23, 1.47651490061e-23, 1.11955384216e-23, 7.28505472907e-24, 1.1030555263e-23, 1.6592296013e-23, 9.9442638198e-24, 1.27036795447e-23, 1.6537373939e-23, 1.82975766318e-23, 1.33595771555e-23, 1.08607734635e-23, 7.50494812868e-24, 1.13301646348e-23, 1.33560083488e-23, 1.65252980563e-23, 1.90855619014e-23, 1.27762571146e-23, 1.3697373706e-23, 8.19117349696e-24, 8.99803147488e-24, 6.66745000435e-24, 8.33116317548e-24, 1.11154650954e-23, 1.23087158222e-23],
        "var": [6.18429157839e-06, 2.28140379477e-05, 5.68219229535e-06, 6.13635984337e-06, 2.24314089792e-06, 4.30708155363e-07, 7.06940852524e-08, 1.03801134799e-07, 1.08524261577e-07, 1.86896656373e-07, 5.40917199032e-07, 9.83879502314e-08, 3.96653625501e-08, 3.23816102821e-08, 1.80644867953e-08, 1.53983705786e-08, 3.96331500951e-09, 4.52167081555e-10, 5.67040192578e-10, 4.10978362453e-10, 2.52082299479e-10, 1.10045667023e-10, 7.06531291805e-11, 1.23327528745e-10, 6.80660666719e-11, 4.7494289751e-11, 2.30267107465e-11, 4.31405466905e-11, 4.85740371536e-11, 1.94057148822e-11, 1.01308293352e-11, 5.04685529479e-12, 6.38651891788e-12, 4.2361977641e-12, 3.82507654023e-12, 2.08168465105e-12, 1.47259082098e-12, 1.89456263178e-12, 1.50945564641e-12, 3.56266340214e-13]
    },
    "mfcc": {
        "mean": [-723.912109375, 159.034667969, 8.87992095947, 7.8063583374, -7.17604017258, 1.82721447945, -4.26091051102, -2.75319433212, -14.6470537186, -10.6726255417, -5.64132881165, -2.28022003174, -4.09210300446],
        "cov": [[11809.8525391, -1420.46801758, 281.405914307, 1065.49719238, 361.833984375, 301.767303467, -40.5323219299, 212.331176758, 168.867385864, 319.024871826, 149.383560181, 91.9552459717, 5.99154472351], [-1420.46801758, 3648.98828125, 316.832489014, -406.28314209, -181.37852478, -154.648788452, 83.1724014282, 42.3536605835, -170.824539185, -169.61505127, 11.6637611389, -62.6717453003, -73.3991928101], [281.405914307, 316.832489014, 1011.21063232, 165.465026855, 55.5052871704, 38.5408668518, 57.7841377258, 34.1273536682, 129.379730225, 114.865684509, 2.52656745911, 73.8674240112, 46.8637542725], [1065.49719238, -406.28314209, 165.465026855, 432.370941162, 119.645858765, 84.5526809692, 5.92087888718, 45.5007171631, 75.5256576538, 94.2518615723, 37.6329460144, 32.4824066162, 23.4400539398], [361.833984375, -181.37852478, 55.5052871704, 119.645858765, 206.786682129, 94.3873748779, 21.8619728088, 5.5341219902, 6.96977090836, 37.1783943176, 43.4288444519, 22.9921779633, 9.27237510681], [301.767303467, -154.648788452, 38.5408668518, 84.5526809692, 94.3873748779, 206.653778076, 95.561668396, 40.6560020447, 26.0350189209, 41.2457885742, 55.6248588562, 55.3658027649, 21.1067237854], [-40.5323219299, 83.1724014282, 57.7841377258, 5.92087888718, 21.8619728088, 95.561668396, 162.211151123, 77.2341079712, 40.990272522, 30.0646915436, 26.7995281219, 33.2502975464, 8.01393699646], [212.331176758, 42.3536605835, 34.1273536682, 45.5007171631, 5.5341219902, 40.6560020447, 77.2341079712, 159.161392212, 80.672416687, 51.3656196594, 31.7834606171, 11.9601888657, 11.3031606674], [168.867385864, -170.824539185, 129.379730225, 75.5256576538, 6.96977090836, 26.0350189209, 40.990272522, 80.672416687, 187.470413208, 138.666122437, 6.94534015656, 34.7032051086, 34.8768997192], [319.024871826, -169.61505127, 114.865684509, 94.2518615723, 37.1783943176, 41.2457885742, 30.0646915436, 51.3656196594, 138.666122437, 183.793441772, 55.0234603882, 53.6614608765, 29.1045017242], [149.383560181, 11.6637611389, 2.52656745911, 37.6329460144, 43.4288444519, 55.6248588562, 26.7995281219, 31.7834606171, 6.94534015656, 55.0234603882, 125.571083069, 65.1196594238, 4.87641096115], [91.9552459717, -62.6717453003, 73.8674240112, 32.4824066162, 22.9921779633, 55.3658027649, 33.2502975464, 11.9601888657, 34.7032051086, 53.6614608765, 65.1196594238, 109.133277893, 47.4842185974], [5.99154472351, -73.3991928101, 46.8637542725, 23.4400539398, 9.27237510681, 21.1067237854, 8.01393699646, 11.3031606674, 34.8768997192, 29.1045017242, 4.87641096115, 47.4842185974, 78.5945281982]],
