{
"lowlevel": {
    "average_loudness": 0.914529383183,
    "barkbands_crest": {
        "dmean": 2.22777342796,
        "dmean2": 3.68087744713,
        "dvar": 6.01796531677,
        "dvar2": 15.6894168854,
        "max": 26.7262153625,
        "mean": 14.6436834335,
        "median": 14.328163147,
        "min": 2.81152367592,
        "var": 16.2731800079
    },
    "barkbands_flatness_db": {
        "dmean": 0.0331819280982,
        "dmean2": 0.0500380657613,
        "dvar": 0.00150101573672,
        "dvar2": 0.00321954442188,
        "max": 0.682300150394,
        "mean": 0.31222486496,
        "median": 0.309964746237,
        "min": 0.0292538870126,
        "var": 0.008484615013
    },
    "barkbands_kurtosis": {
        "dmean": 6.49661064148,
        "dmean2": 10.5080890656,
        "dvar": 192.200271606,
        "dvar2": 469.772979736,
        "max": 445.892211914,
        "mean": 10.1949548721,
        "median": 3.5432806015,
        "min": -1.95138013363,
        "var": 371.637756348
    },
    "barkbands_skewness": {
        "dmean": 0.776033878326,
        "dmean2": 1.2234647274,
        "dvar": 1.00750136375,
        "dvar2": 2.49191141129,
        "max": 15.5120792389,
        "mean": 1.89435374737,
        "median": 1.58079481125,
        "min": -7.65560293198,
        "var": 3.62558507919
    },
    "barkbands_spread": {
        "dmean": 2.1890642643,
        "dmean2": 3.5994284153,
        "dvar": 10.9954271317,
        "dvar2": 27.2216072083,
        "max": 87.9685821533,
        "mean": 7.79823684692,
        "median": 6.6046204567,
        "min": 0.08292119205,
        "var": 61.9105072021
    },
    "dissonance": {
        "dmean": 0.0451623126864,
        "dmean2": 0.0757922232151,
        "dvar": 0.00191244727466,
        "dvar2": 0.0050743711181,
        "max": 0.5,
        "mean": 0.375561088324,
        "median": 0.388641864061,
        "min": 0.0653309300542,
        "var": 0.00673172203824
    },
    "dynamic_complexity": 3.94123721123,
    "erbbands_crest": {
        "dmean": 2.73481440544,
        "dmean2": 4.18745660782,
        "dvar": 10.0531930923,
        "dvar2": 21.2059707642,
        "max": 33.0898361206,
        "mean": 16.854850769,
        "median": 16.1177368164,
        "min": 3.21119475365,
        "var": 51.110748291
    },
    "erbbands_flatness_db": {
        "dmean": 0.0233287345618,
        "dmean2": 0.0312508009374,
        "dvar": 0.000792635546532,
        "dvar2": 0.00133478909265,
        "max": 0.638412237167,
        "mean": 0.283388733864,
        "median": 0.273306488991,
        "min": 0.0467378757894,
        "var": 0.00880895461887
    },
    "erbbands_kurtosis": {
        "dmean": 3.22892427444,
        "dmean2": 4.88971996307,
        "dvar": 48.7632904053,
        "dvar2": 105.628761292,
        "max": 273.17388916,
        "mean": 7.01667261124,
        "median": 2.80823087692,
        "min": -1.90961563587,
        "var": 150.643768311
    },
    "erbbands_skewness": {
        "dmean": 0.534503698349,
        "dmean2": 0.80427134037,
        "dvar": 0.461940854788,
        "dvar2": 0.961810410023,
        "max": 12.8823394775,
        "mean": 0.525270342827,
        "median": 0.448846846819,
        "min": -5.43947649002,
        "var": 1.95651710033
    },
    "erbbands_spread": {
        "dmean": 5.44226741791,
        "dmean2": 8.22814273834,
        "dvar": 63.281463623,
        "dvar2": 144.385848999,
        "max": 139.242279053,
        "mean": 18.531047821,
        "median": 13.6689586639,
        "min": 0.264045506716,
        "var": 261.929412842
    },
    "hfc": {
        "dmean": 4.36348819733,
        "dmean2": 6.62277460098,
        "dvar": 61.3644828796,
        "dvar2": 136.978912354,
        "max": 79.3839874268,
        "mean": 11.250538826,
        "median": 7.27992630005,
        "min": 2.2312744985e-09,
        "var": 130.462600708
    },
    "melbands_crest": {
        "dmean": 2.8232717514,
        "dmean2": 4.81639862061,
        "dvar": 10.5020465851,
        "dvar2": 30.5748291016,
        "max": 31.4541053772,
        "mean": 18.9742279053,
        "median": 19.1652793884,
        "min": 3.92993235588,
        "var": 26.3096904755
    },
    "melbands_flatness_db": {
        "dmean": 0.0382558219135,
        "dmean2": 0.05650517717,
        "dvar": 0.00210074800998,
        "dvar2": 0.00425060652196,
        "max": 0.769699275494,
        "mean": 0.399997264147,
        "median": 0.39955970645,
        "min": 0.0163630656898,
        "var": 0.0113790249452
    },
    "melbands_kurtosis": {
        "dmean": 10.2725257874,
        "dmean2": 16.7882423401,
        "dvar": 445.522827148,
        "dvar2": 1155.64941406,
        "max": 385.885559082,
        "mean": 16.8289852142,
        "median": 6.10046291351,
        "min": -1.87928438187,
        "var": 823.843383789
    },
    "melbands_skewness": {
        "dmean": 0.879572272301,
        "dmean2": 1.39962279797,
        "dvar": 1.27258348465,
        "dvar2": 3.17568087578,
        "max": 13.3563165665,
        "mean": 2.46029925346,
        "median": 2.0485970974,
        "min": -3.95431613922,
        "var": 4.82693433762
    },
    "melbands_spread": {
        "dmean": 2.54042434692,
        "dmean2": 4.20201206207,
        "dvar": 14.2654476166,
        "dvar2": 33.8248252869,
        "max": 165.415390015,
        "mean": 8.53850650787,
        "median": 7.59166240692,
        "min": 0.350609570742,
        "var": 46.8178787231
    },
    "pitch_salience": {
        "dmean": 0.065595202148,
        "dmean2": 0.109321251512,
        "dvar": 0.00694161094725,
        "dvar2": 0.0188753381371,
        "max": 0.849197506905,
        "mean": 0.380772680044,
        "median": 0.390335828066,
        "min": 0.0459332987666,
        "var": 0.0158201064914
    },
    "silence_rate_20dB": {
        "dmean": 0,
        "dmean2": 0,
        "dvar": 0,
        "dvar2": 0,
        "max": 1,
        "mean": 1,
        "median": 1,
        "min": 1,
        "var": 0
    },
    "silence_rate_30dB": {
        "dmean": 0.0668193995953,
        "dmean2": 0.133651554585,
        "dvar": 0.0623502731323,
        "dvar2": 0.120753161609,
        "max": 1,
        "mean": 0.918201804161,
        "median": 1,
        "min": 0,
        "var": 0.0751108080149
    },
    "silence_rate_60dB": {
        "dmean": 0.0108820162714,
        "dmean2": 0.021766109392,
        "dvar": 0.0107653271407,
        "dvar2": 0.0226281192154,
        "max": 1,
        "mean": 0.0881931856275,
        "median": 0,
        "min": 0,
        "var": 0.0804123431444
    },
    "spectral_centroid": {
        "dmean": 95.1865768433,
        "dmean2": 155.200653076,
        "dvar": 30041.8457031,
        "dvar2": 57827.9492188,
        "max": 11476.6464844,
        "mean": 549.376953125,
        "median": 514.260803223,
        "min": 114.120223999,
        "var": 84120.3203125
    },
    "spectral_complexity": {
        "dmean": 1.89022529125,
        "dmean2": 2.91532230377,
        "dvar": 8.81712818146,
        "dvar2": 15.7432460785,
        "max": 39,
        "mean": 8.1659822464,
        "median": 8,
        "min": 0,
        "var": 22.9390945435
    },
    "spectral_decrease": {
        "dmean": 5.24850030104e-09,
        "dmean2": 8.87747386713e-09,
        "dvar": 1.47325896354e-16,
        "dvar2": 3.95766774303e-16,
        "max": -5.44725090554e-21,
        "mean": -1.02324255735e-08,
        "median": -7.09334413429e-09,
        "min": -1.17509920017e-07,
        "var": 1.5263410625e-16
    },
    "spectral_energy": {
        "dmean": 0.0201431587338,
        "dmean2": 0.034002661705,
        "dvar": 0.00214694510214,
        "dvar2": 0.0057566659525,
        "max": 0.448451429605,
        "mean": 0.0396399758756,
        "median": 0.02743874304,
        "min": 2.22942364981e-13,
        "var": 0.00224737287499
    },
    "spectral_energyband_high": {
        "dmean": 7.7104443335e-05,
        "dmean2": 0.000114521273645,
        "dvar": 3.87496541521e-08,
        "dvar2": 8.85138717877e-08,
        "max": 0.00199979124591,
        "mean": 8.08010008768e-05,
        "median": 6.7031855906e-06,
        "min": 1.73843185398e-13,
        "var": 4.14713454688e-08
    },
    "spectral_energyband_low": {
        "dmean": 0.0174326002598,
        "dmean2": 0.0309361014515,
        "dvar": 0.00206457078457,
        "dvar2": 0.00573598360643,
        "max": 0.438271105289,
        "mean": 0.0261313579977,
        "median": 0.01636685431,
        "min": 6.93694742219e-15,
        "var": 0.00176715839189
    },
    "spectral_energyband_middle_high": {
        "dmean": 0.00074251589831,
        "dmean2": 0.00111501733772,
        "dvar": 3.59846217179e-06,
        "dvar2": 8.39255790197e-06,
        "max": 0.0297209322453,
        "mean": 0.00128579779994,
        "median": 0.000407630286645,
        "min": 3.46888926546e-14,
        "var": 5.82853908782e-06
    },
    "spectral_energyband_middle_low": {
        "dmean": 0.0067243501544,
        "dmean2": 0.010752748698,
        "dvar": 0.000208531346289,
        "dvar2": 0.000534267455805,
        "max": 0.153998598456,
        "mean": 0.0139681072906,
        "median": 0.0074296053499,
        "min": 4.63706238799e-15,
        "var": 0.000311077688821
    },
    "spectral_entropy": {
        "dmean": 0.2647998631,
        "dmean2": 0.379844605923,
        "dvar": 0.11707174778,
        "dvar2": 0.223265334964,
        "max": 9.78887748718,
        "mean": 6.22417497635,
        "median": 6.26846313477,
        "min": 3.01674866676,
        "var": 0.711815297604
    },
    "spectral_flux": {
        "dmean": 0.0393603630364,
        "dmean2": 0.0598402023315,
        "dvar": 0.00416517583653,
        "dvar2": 0.00738760503009,
        "max": 0.549667060375,
        "mean": 0.075004555285,
        "median": 0.0372310914099,
        "min": 5.13790973855e-06,
        "var": 0.00855285674334
    },
    "spectral_kurtosis": {
        "dmean": 12.5460424423,
        "dmean2": 20.2798995972,
        "dvar": 430.902648926,
        "dvar2": 1038.48400879,
        "max": 470.471343994,
        "mean": 30.6111335754,
        "median": 15.3903198242,
        "min": -1.24296176434,
        "var": 2101.91967773
    },
    "spectral_rms": {
        "dmean": 0.00116927153431,
        "dmean2": 0.00187711929902,
        "dvar": 4.20417200075e-06,
        "dvar2": 1.03266784208e-05,
        "max": 0.0209168251604,
        "mean": 0.0054746135138,
        "median": 0.00517392531037,
        "min": 1.47480418988e-08,
        "var": 8.70176609169e-06
    },
    "spectral_rolloff": {
        "dmean": 124.823143005,
        "dmean2": 223.575973511,
        "dvar": 94721.078125,
        "dvar2": 228901.140625,
        "max": 16925.0976562,
        "mean": 671.573608398,
        "median": 516.796875,
        "min": 86.1328125,
        "var": 2103599.75
    },
    "spectral_skewness": {
        "dmean": 0.804462194443,
        "dmean2": 1.25408494473,
        "dvar": 0.878428578377,
        "dvar2": 1.96535468102,
        "max": 17.8958301544,
        "mean": 3.62271308899,
        "median": 2.93544983864,
        "min": -0.0548121184111,
        "var": 5.71969985962
    },
    "spectral_spread": {
        "dmean": 597492.6875,
        "dmean2": 833745.6875,
        "dvar": 838186172416,
        "dvar2": 1.35624772813e+12,
        "max": 42061824,
        "mean": 2839477.5,
        "median": 2281511,
        "min": 183804.078125,
        "var": 3.4919785431e+12
    },
    "spectral_strongpeak": {
        "dmean": 0.376805514097,
        "dmean2": 0.646743297577,
        "dvar": 0.5691665411,
        "dvar2": 1.35460412502,
        "max": 8.07540988922,
        "mean": 1.04680037498,
        "median": 0.53121060133,
        "min": 0,
        "var": 1.52325153351
    },
    "zerocrossingrate": {
        "dmean": 0.00407283240929,
        "dmean2": 0.00510646635666,
        "dvar": 4.29006504419e-05,
        "dvar2": 6.47478373139e-05,
        "max": 0.57275390625,
        "mean": 0.0250166654587,
        "median": 0.01904296875,
        "min": 0.00341796875,
        "var": 0.00133804907091
    },
    "barkbands": {
        "dmean": [2.35964289459e-05, 0.00695614330471, 0.0109046380967, 0.0033887384925, 0.000922300852835, 0.000295069010463, 0.000831720593851, 0.00125356425997, 0.00163552572485, 0.000325328932377, 0.000195436688955, 0.000166492522112, 0.000117097253678, 7.62562922318e-05, 3.52435345121e-05, 2.73446003121e-05, 2.977222357e-05, 1.8328673832e-05, 1.27192633954e-05, 7.75951502874e-06, 1.98428260774e-05, 2.50765515375e-05, 1.86944689631e-05, 8.93747528607e-06, 2.25861526815e-06, 1.1135149407e-06, 2.0132085865e-07],
        "dmean2": [3.43489118677e-05, 0.0117534101009, 0.0200588256121, 0.00623518694192, 0.00157577078789, 0.00041019913624, 0.00126842339523, 0.0019106263062, 0.00242034113035, 0.000516457366757, 0.000323625135934, 0.000243271351792, 0.000167417689227, 0.000127085062559, 5.78975123062e-05, 4.16052716901e-05, 4.68871367048e-05, 2.95352201647e-05, 1.97342706088e-05, 1.18203806778e-05, 3.02758653561e-05, 3.80549063266e-05, 2.69461197604e-05, 1.45274161696e-05, 3.45210332853e-06, 1.70533223809e-06, 3.2129378269e-07],
        "dvar": [3.75999675839e-09, 0.000288400100544, 0.00099555333145, 0.000109050808533, 8.52205903357e-06, 4.17280205056e-07, 4.18187710238e-06, 1.54934077727e-05, 1.69685281435e-05, 1.15104091947e-06, 3.53399656206e-07, 2.81697225546e-07, 1.69039296338e-07, 3.31720002578e-07, 1.67619127467e-08, 7.40043315517e-09, 6.02244076831e-09, 2.31750707513e-09, 2.51867970924e-09, 5.42974831763e-10, 2.79003709025e-09, 4.92871388147e-09, 1.98512162264e-09, 8.21536838558e-10, 5.61828431e-11, 4.51701384629e-11, 2.27529540348e-12],
        "dvar2": [7.38195682359e-09, 0.000768030586187, 0.00289522018284, 0.00030819841777, 2.17708620767e-05, 7.38207404538e-07, 9.80087679636e-06, 3.46177330357e-05, 3.61382080882e-05, 2.68827511718e-06, 8.26335792681e-07, 5.26722374161e-07, 2.64448601683e-07, 8.65586855525e-07, 4.17592680435e-08, 1.5119592689e-08, 1.33368880384e-08, 5.85097437167e-09, 6.05552852306e-09, 1.2008309902e-09, 6.26219431865e-09, 1.20812053694e-08, 4.35897495876e-09, 2.14069206805e-09, 1.29338997845e-10, 9.86498938094e-11, 5.17784383078e-12],
        "max": [0.000719799601939, 0.203347101808, 0.342337667942, 0.0924988463521, 0.0431027077138, 0.0186097603291, 0.0571486875415, 0.0847566649318, 0.0846780240536, 0.0380388945341, 0.0154538052157, 0.00975023582578, 0.0219657421112, 0.0235030334443, 0.00457347696647, 0.00413336372003, 0.00164492463227, 0.000861285079736, 0.000724272278603, 0.000293678807793, 0.000647615990601, 0.000775619526394, 0.000448671315098, 0.00029594526859, 0.000106571271317, 0.000103508202301, 2.7848433092e-05],
        "mean": [2.64394730038e-05, 0.0118284281343, 0.0126103730872, 0.0025234464556, 0.00087108288426, 0.000837988161948, 0.00220570783131, 0.00302106142044, 0.00409408099949, 0.000582768174354, 0.00023821395007, 0.000257418258116, 0.000183075317182, 0.000101871715742, 4.31903572462e-05, 4.08605155826e-05, 4.99354719068e-05, 2.51949841186e-05, 1.35481013785e-05, 9.14709653443e-06, 2.04138741537e-05, 2.35147927015e-05, 1.98891757464e-05, 8.23878872325e-06, 2.71763633464e-06, 1.23708844058e-06, 1.64656654533e-07],
        "median": [3.55644510819e-06, 0.00533021613955, 0.00699666328728, 0.000533391837962, 0.000158985931193, 0.000261397566646, 0.000477491325, 0.000396299321437, 0.000638518249616, 0.000105030485429, 2.37859767367e-05, 2.39562596107e-05, 1.1319791156e-05, 2.19602188736e-05, 1.48311592056e-05, 9.56632538873e-06, 1.40979727803e-05, 7.85637985246e-06, 2.63661263489e-06, 1.55881525643e-06, 2.30385830946e-06, 1.28297324409e-06, 8.28451277357e-07, 2.7800771818e-07, 8.09476432551e-08, 2.428590129e-08, 1.36936850748e-09],
        "min": [5.45346831793e-15, 3.47299898462e-15, 7.10654872334e-16, 3.36315119922e-16, 5.3959016295e-16, 3.36699117014e-16, 8.63872862218e-16, 7.23485833299e-16, 9.52705919018e-16, 1.57795747684e-15, 1.92455690023e-15, 8.75335388517e-16, 1.96207135418e-15, 5.05947687175e-15, 7.65719213686e-16, 1.56670199715e-15, 1.5582873601e-15, 4.69659694572e-15, 1.06964591129e-14, 9.26864531984e-15, 1.06835172965e-14, 6.39458248519e-15, 1.22275711149e-14, 2.357580514e-14, 1.94948342815e-14, 4.27115719908e-14, 5.42585521326e-14],
        "var": [5.29757615553e-09, 0.000307896872982, 0.000679436314385, 6.70783701935e-05, 7.0654564297e-06, 2.66374445346e-06, 1.69371633092e-05, 5.39216816833e-05, 7.15733185643e-05, 2.50244579547e-06, 6.04983597441e-07, 6.80659127283e-07, 8.25273502869e-07, 3.59964104746e-07, 1.61910946872e-08, 1.07389581672e-08, 1.07487077017e-08, 2.68390332181e-09, 2.38211761427e-09, 6.62864707568e-10, 3.01492364407e-09, 4.51985249228e-09, 2.31126784378e-09, 6.4778338249e-10, 6.43279041146e-11, 4.73403607981e-11, 2.08118049703e-12]
    },
    "erbbands": {
        "dmean": [0.0772919356823, 2.0626809597, 11.2681398392, 12.069814682, 7.28145122528, 1.73948919773, 0.535252630711, 3.03846263885, 7.7873301506, 19.2487106323, 29.6529064178, 35.035900116, 25.0455799103, 7.20785140991, 8.09035396576, 5.63179254532, 5.40751075745, 4.47449541092, 1.96387648582, 1.67502188683, 1.88340497017, 1.4416629076, 0.972748339176, 0.774900734425, 0.57225716114, 0.360466212034, 0.597061097622, 0.92578536272, 0.83882689476, 0.813819050789, 0.493103891611, 0.227353230119, 0.125161707401, 0.0357585251331, 0.0143338963389, 0.00555279897526, 0.00185175216757, 0.000405494385632, 4.10337706853e-05, 2.24033246923e-05],
        "dmean2": [0.12968981266, 3.55240941048, 20.6161804199, 22.0197124481, 13.0473823547, 2.86740636826, 0.822538137436, 4.36336135864, 12.0492887497, 29.115032196, 44.7724685669, 53.610660553, 35.7890052795, 11.5178833008, 12.8778266907, 8.27111625671, 7.35106706619, 7.33791160583, 3.21722102165, 2.68697786331, 2.93770337105, 2.23216700554, 1.56495416164, 1.204231143, 0.891840219498, 0.548802733421, 0.921414077282, 1.42801475525, 1.27246963978, 1.22425878048, 0.711009263992, 0.347231656313, 0.208858937025, 0.0554267987609, 0.0228167306632, 0.00853830296546, 0.00283589935862, 0.00063370866701, 6.60890509607e-05, 3.76574025722e-05],
        "dvar": [0.0362430363894, 26.1795959473, 976.590515137, 1325.45068359, 496.937286377, 27.0275859833, 1.44925022125, 43.2915534973, 467.395294189, 2431.49951172, 7274.77490234, 9453.97949219, 4803.91699219, 404.600372314, 527.559875488, 230.038711548, 409.938812256, 1171.578125, 47.4796714783, 38.4858169556, 28.1660232544, 18.4461307526, 6.06925296783, 7.67306137085, 4.55948209763, 1.09670567513, 2.2458460331, 6.44898033142, 4.77471065521, 5.33246707916, 1.3403711319, 0.372758895159, 0.191495105624, 0.0116741908714, 0.00346841546707, 0.00083145085955, 0.000157854738063, 8.05995387054e-06, 6.81633949284e-08, 2.53180165721e-09],
        "dvar2": [0.0897553190589, 71.0529785156, 2834.98852539, 3757.80761719, 1339.38183594, 65.5171508789, 3.34878540039, 86.3590545654, 1077.07727051, 5947.01025391, 15592.9951172, 21560.2460938, 9850.35351562, 948.479797363, 1286.55493164, 452.990447998, 563.619750977, 3091.74780273, 114.636650085, 95.1637496948, 60.8792762756, 38.6478919983, 15.34653759, 18.281288147, 11.1242084503, 2.37000608444, 4.963347435, 14.993268013, 11.2337169647, 13.166428566, 2.99025893211, 0.893938481808, 0.513710260391, 0.0277069900185, 0.00854056794196, 0.00179543613922, 0.000350233807694, 1.81497343874e-05, 1.57863908612e-07, 6.75680578155e-09],
        "max": [1.86090958118, 59.8495025635, 303.57333374, 372.879882812, 200.856948853, 85.9581604004, 26.1810588837, 162.459121704, 833.108581543, 1250.4041748, 1565.20849609, 2349.77294922, 1552.5567627, 536.460754395, 285.826171875, 206.048797607, 1151.00878906, 1406.42285156, 237.642105103, 283.581390381, 207.262680054, 109.245597839, 50.6959075928, 40.1610679626, 27.108417511, 14.9439125061, 13.7523832321, 28.2920322418, 19.6643409729, 28.5235538483, 11.2443284988, 6.24566650391, 4.68074798584, 1.00888371468, 0.908982753754, 0.43709847331, 0.203053697944, 0.0488994196057, 0.00480673788115, 0.000486100703711],
        "mean": [0.129389807582, 3.43730688095, 13.9229650497, 12.0968694687, 5.56451463699, 2.18617272377, 1.24451875687, 8.20724105835, 17.0740756989, 58.210849762, 70.4055938721, 82.8150863647, 65.1626586914, 11.0015239716, 11.3688135147, 8.79199886322, 9.31185436249, 5.9861330986, 2.46726250648, 2.27092123032, 3.07927322388, 2.41544771194, 1.43004381657, 0.951132178307, 0.631154537201, 0.433874279261, 0.650239944458, 0.892115712166, 0.810684561729, 0.79170024395, 0.516298890114, 0.230142816901, 0.109265655279, 0.039689514786, 0.0166486334056, 0.006736503914, 0.00190827401821, 0.000367342348909, 4.54491273558e-05, 4.43416611233e-05],
        "median": [0.0569691024721, 1.7164863348, 6.87440872192, 4.46770381927, 0.986942529678, 0.465921700001, 0.566209673882, 2.55696392059, 4.51289987564, 13.8154087067, 11.6203680038, 15.892829895, 13.413775444, 3.01654219627, 1.50699841976, 1.23156130314, 0.691201090813, 1.29612565041, 0.692587614059, 0.922919332981, 1.16681993008, 0.929124414921, 0.530274391174, 0.223539501429, 0.122831866145, 0.0829297229648, 0.0823342502117, 0.0777416080236, 0.0482046194375, 0.0335929058492, 0.0216784402728, 0.00925789680332, 0.002847682219, 0.00117070297711, 0.000460938870674, 0.000170499886735, 5.25192226632e-05, 7.26011012375e-06, 1.43782272062e-05, 3.08182970912e-05],
        "min": [1.8257258498e-13, 5.10050389511e-13, 8.48215540774e-13, 1.06018232388e-12, 1.52751747882e-12, 1.87661149641e-12, 1.02211197405e-12, 3.70782181e-12, 1.30770186346e-11, 7.34612978087e-12, 2.32883625578e-11, 1.83505537155e-11, 6.00405905549e-11, 3.72206605814e-11, 6.75444214449e-11, 4.35795670384e-11, 9.65161214839e-11, 2.81987433404e-10, 7.21737947185e-11, 7.64851376678e-11, 6.34690355827e-11, 1.05801818695e-10, 2.00889291313e-10, 4.39331154789e-10, 5.20865239828e-10, 4.44467157523e-10, 4.35593533465e-10, 4.22922502574e-10, 2.65911903607e-10, 1.85260862207e-10, 4.06633421379e-10, 4.43633657587e-10, 4.1937722739e-10, 1.87713164457e-10, 1.74521563867e-10, 1.72758862771e-10, 6.65095825636e-11, 3.61612476074e-11, 7.7123446518e-12, 6.50202927523e-13],
        "var": [0.0422640405595, 26.224697113, 700.22644043, 877.015197754, 342.352325439, 30.7781295776, 3.26403260231, 228.675308228, 1138.13598633, 11266.5820312, 24898.8808594, 31198.1640625, 21123.7421875, 662.803588867, 842.219238281, 472.683197021, 2236.74829102, 1223.9765625, 50.5553779602, 37.3134078979, 41.9665298462, 32.0778427124, 7.34659337997, 7.72129297256, 4.38944101334, 1.39493477345, 2.63369226456, 6.43454790115, 4.76779270172, 4.9705414772, 1.53484499454, 0.363544046879, 0.139623120427, 0.0123255159706, 0.00341572705656, 0.000938616169151, 0.000157745962497, 7.64587275626e-06, 6.07226269267e-08, 2.68593014496e-09]
    },
    "gfcc": {
        "mean": [-136.182357788, 170.020019531, -99.0524749756, 11.2561473846, -53.5527267456, 7.26233816147, -9.60976696014, 12.5407934189, 12.4624633789, -8.54216098785, -14.607834816, -14.1116018295, -12.1957778931],
        "cov": [[20262.8125, 646.152709961, -915.626281738, 2687.84643555, -131.042098999, 1783.74060059, 284.443481445, -30.3788757324, -94.7920761108, -293.478515625, -39.1855354309, -149.340286255, -423.976470947], [646.152709961, 2276.66723633, 8.31999015808, -322.767944336, 692.11920166, -310.319519043, 262.752746582, -213.151199341, 319.01651001, -135.352218628, 184.0234375, -92.8872375488, 78.9371337891], [-915.626281738, 8.31999015808, 1034.88500977, 113.036224365, 60.8218612671, 184.793014526, 56.9137535095, 116.247146606, 12.5907011032, 109.519607544, -51.140422821, -76.4638900757, -47.6992034912], [2687.84643555, -322.767944336, 113.036224365, 1218.76403809, 161.05569458, 623.02331543, 186.802307129, 27.1225337982, -30.3206882477, -102.012168884, -2.48608255386, -14.2138280869, -99.6361999512], [-131.042098999, 692.11920166, 60.8218612671, 161.05569458, 786.016540527, 19.5225791931, 142.7056427, 25.7918014526, 12.8803768158, -47.9456062317, 71.724281311, 7.11080884933, -14.9716625214], [1783.74060059, -310.319519043, 184.793014526, 623.02331543, 19.5225791931, 571.191223145, 110.186500549, -4.40351581573, -70.8213806152, -36.5347976685, -1.49091017246, -11.4443702698, -82.1378631592], [284.443481445, 262.752746582, 56.9137535095, 186.802307129, 142.7056427, 110.186500549, 270.632476807, 47.093120575, 112.504615784, -83.7239990234, 1.11289024353, -40.4330329895, 3.67408061028], [-30.3788757324, -213.151199341, 116.247146606, 27.1225337982, 25.7918014526, -4.40351581573, 47.093120575, 287.641143799, 25.4282531738, 30.8939838409, -85.4253463745, -22.3392448425, -5.14170455933], [-94.7920761108, 319.01651001, 12.5907011032, -30.3206882477, 12.8803768158, -70.8213806152, 112.504615784, 25.4282531738, 286.919769287, 46.0092048645, 50.9983825684, -46.7991790771, 1.83250272274], [-293.478515625, -135.352218628, 109.519607544, -102.012168884, -47.9456062317, -36.5347976685, -83.7239990234, 30.8939838409, 46.0092048645, 197.714447021, 60.6013259888, -4.42833375931, -43.3402137756], [-39.1855354309, 184.0234375, -51.140422821, -2.48608255386, 71.724281311, -1.49091017246, 1.11289024353, -85.4253463745, 50.9983825684, 60.6013259888, 153.423202515, 48.638999939, -7.07490777969], [-149.340286255, -92.8872375488, -76.4638900757, -14.2138280869, 7.11080884933, -11.4443702698, -40.4330329895, -22.3392448425, -46.7991790771, -4.42833375931, 48.638999939, 135.115463257, 52.211555481], [-423.976470947, 78.9371337891, -47.6992034912, -99.6361999512, -14.9716625214, -82.1378631592, 3.67408061028, -5.14170455933, 1.83250272274, -43.3402137756, -7.07490777969, 52.211555481, 142.27796936]],
        "icov": [[0.000194697800907, -0.000575078942347, 0.000418665702455, -0.000398254371248, 0.000485388038214, -0.000631047878414, 0.000247586111072, -0.000426937214797, 0.000318825943395, -0.000559473235626, 0.000649467227049, -0.000363357597962, 0.000416758790379], [-0.000575078942347, 0.00319196633063, -0.00155563058797, 0.00164032075554, -0.00257991626859, 0.00224313372746, -0.00083108257968, 0.00209933100268, -0.00214769411832, 0.00342010473832, -0.00362648186274, 0.00265238364227, -0.00182081479579], [0.000418665702455, -0.00155563058797, 0.00225915317424, -0.000799245259259, 0.00107904861216, -0.00205022166483, 0.000160821626196, -0.00115872558672, 0.00104910833761, -0.00287696509622, 0.00258938968182, -0.00071759353159, 0.000694476475473], [-0.000398254371248, 0.00164032075554, -0.000799245259259, 0.0030805200804, -0.00167170923669, -0.000917062454391, -0.000411471613916, 0.000771855120547, -0.00154909922276, 0.00254593254067, -0.0019215287175, 0.00102542876266, -0.000550696742721], [0.000485388038214, -0.00257991626859, 0.00107904861216, -0.00167170923669, 0.00378286628984, -0.00116347789299, -0.000212320053834, -0.00216916180216, 0.00241120881401, -0.00216590706259, 0.00131349789444, -0.00192802713718, 0.00180433527566], [-0.000631047878414, 0.00224313372746, -0.00205022166483, -0.000917062454391, -0.00116347789299, 0.0073147197254, -0.00272122817114, 0.00220452412032, 0.00047024426749, 0.00155542662833, -0.00284582399763, 0.00117684330326, -0.000309824798023], [0.000247586111072, -0.00083108257968, 0.000160821626196, -0.000411471613916, -0.000212320053834, -0.00272122817114, 0.00912444200367, -0.00265766656958, -0.00325607927516, 0.00443449616432, -0.00150214473251, 0.00144704803824, -0.000173303953488], [-0.000426937214797, 0.00209933100268, -0.00115872558672, 0.000771855120547, -0.00216916180216, 0.00220452412032, -0.00265766656958, 0.00727051403373, -0.00170691229869, -0.00137167936191, 0.00326143903658, -0.000307846930809, -0.00102980970405], [0.000318825943395, -0.00214769411832, 0.00104910833761, -0.00154909922276, 0.00241120881401, 0.00047024426749, -0.00325607927516, -0.00170691229869, 0.00804042629898, -0.00459685642272, -7.97947941464e-05, 0.000527569034602, 0.000254723388935], [-0.000559473235626, 0.00342010473832, -0.00287696509622, 0.00254593254067, -0.00216590706259, 0.00155542662833, 0.00443449616432, -0.00137167936191, -0.00459685642272, 0.0160202104598, -0.0111205847934, 0.00445742672309, 0.000510162033606], [0.000649467227049, -0.00362648186274, 0.00258938968182, -0.0019215287175, 0.00131349789444, -0.00284582399763, -0.00150214473251, 0.00326143903658, -7.97947941464e-05, -0.0111205847934, 0.0207714978606, -0.00991888064891, 0.00340810953639], [-0.000363357597962, 0.00265238364227, -0.00071759353159, 0.00102542876266, -0.00192802713718, 0.00117684330326, 0.00144704803824, -0.000307846930809, 0.000527569034602, 0.00445742672309, -0.00991888064891, 0.0155128231272, -0.00648373039439], [0.000416758790379, -0.00182081479579, 0.000694476475473, -0.000550696742721, 0.00180433527566, -0.000309824798023, -0.000173303953488, -0.00102980970405, 0.000254723388935, 0.000510162033606, 0.00340810953639, -0.00648373039439, 0.0118069667369]]
    },
    "melbands": {
        "dmean": [0.00127241027076, 0.0048134769313, 0.00201093684882, 0.000292610144243, 2.26136107813e-05, 6.99297015672e-05, 0.00013093999587, 0.000221361682634, 0.000244382797973, 0.000226454343647, 0.00012315348431, 2.7718837373e-05, 2.80758613371e-05, 2.15246254811e-05, 1.18801881399e-05, 1.12414390969e-05, 7.97081156634e-06, 3.27731163452e-06, 2.64090931523e-06, 1.67322480138e-06, 2.50160837822e-06, 1.75203285835e-06, 1.0082441122e-06, 9.90538751466e-07, 6.0108186517e-07, 4.93244669997e-07, 3.08924313686e-07, 2.23147651468e-07, 3.37069309353e-07, 4.77657977171e-07, 5.61590354664e-07, 4.88898194817e-07, 4.73486863939e-07, 4.45192910092e-07, 3.20793503761e-07, 1.85983452639e-07, 1.21965371136e-07, 8.90011264687e-08, 5.96231117811e-08, 2.28649632561e-08],
        "dmean2": [0.00210305978544, 0.00873114727437, 0.0036428833846, 0.000508672208525, 3.61930397048e-05, 9.94131187326e-05, 0.000201153612579, 0.000335792312399, 0.000368526671082, 0.000341856095474, 0.000175153734745, 4.4949043513e-05, 4.54997280031e-05, 3.14766184601e-05, 1.67735252035e-05, 1.66149566212e-05, 1.32023224069e-05, 5.44915064893e-06, 4.37057087765e-06, 2.59079024545e-06, 3.97176745537e-06, 2.71023441201e-06, 1.66898837506e-06, 1.59428236657e-06, 9.32700856993e-07, 7.90884882917e-07, 4.79789889596e-07, 3.4585931985e-07, 5.4384207715e-07, 7.16243846455e-07, 8.94245374639e-07, 7.48313198073e-07, 7.26144889995e-07, 6.69554765409e-07, 4.72999431622e-07, 2.73404481277e-07, 1.92464028714e-07, 1.4969398876e-07, 9.93062343468e-08, 3.50718671882e-08],
        "dvar": [9.40622521739e-06, 0.000166492332937, 3.32108575094e-05, 8.13688416201e-07, 3.19566373364e-09, 2.43034126157e-08, 1.16025013597e-07, 3.55506642791e-07, 4.30914838034e-07, 3.53236316641e-07, 1.21039136047e-07, 6.39566533067e-09, 6.31090069092e-09, 5.00579888651e-09, 1.40729938813e-09, 2.19045870331e-09, 3.74014863525e-09, 1.32408653486e-10, 1.08898660922e-10, 3.98894389741e-11, 4.70346470105e-11, 3.08444311758e-11, 9.0368719452e-12, 7.07697919364e-12, 5.24537574834e-12, 3.83450042551e-12, 1.18176312919e-12, 3.74635028945e-13, 7.55776951439e-13, 1.9752921087e-12, 2.37515931402e-12, 1.62109605253e-12, 1.97373172493e-12, 1.4311480603e-12, 5.70469561346e-13, 2.24345485223e-13, 1.12443759273e-13, 9.70340954397e-14, 4.21635111807e-14, 4.6244602318e-15],
        "dvar2": [2.37908170675e-05, 0.000478539441247, 9.33744886424e-05, 2.09880067814e-06, 7.83014186823e-09, 4.58495570399e-08, 2.70093067911e-07, 8.61722924128e-07, 9.16141516427e-07, 7.95611242665e-07, 2.46019936867e-07, 1.51590064945e-08, 1.5334041592e-08, 9.62787449765e-09, 2.18662399298e-09, 4.76816675032e-09, 9.95320270647e-09, 3.24962362575e-10, 2.83223056119e-10, 8.83217110559e-11, 1.05175694542e-10, 6.23884208184e-11, 2.45147790956e-11, 1.75671751451e-11, 1.24432296064e-11, 9.55576763551e-12, 2.82917764736e-12, 7.96108188053e-13, 1.76414687979e-12, 4.39457975218e-12, 5.67090688644e-12, 3.78474421941e-12, 4.99914866448e-12, 3.42732483019e-12, 1.27820204508e-12, 5.33255351768e-13, 2.72628328333e-13, 2.60385815557e-13, 1.1259936939e-13, 1.01979412599e-14],
        "max": [0.0351902246475, 0.11880671978, 0.0565255358815, 0.011142378673, 0.000985708087683, 0.00422083679587, 0.0127294193953, 0.0141070028767, 0.011782662943, 0.0127595802769, 0.00791107397527, 0.00197900319472, 0.00123912724666, 0.00131370639428, 0.00185939064249, 0.00155763223302, 0.00250629382208, 0.000408565072576, 0.000312085525366, 0.000362725899322, 0.000213311897824, 0.000150542342453, 6.66550185997e-05, 4.6816545364e-05, 3.44383079209e-05, 2.77741655736e-05, 1.42025373862e-05, 8.72289729159e-06, 1.12219795483e-05, 2.06260538107e-05, 1.81437862921e-05, 1.17415384011e-05, 1.64256834978e-05, 1.38800514833e-05, 7.49447872295e-06, 6.26857899988e-06, 3.36227139996e-06, 3.39839107255e-06, 2.06036679629e-06, 8.95526170552e-07],
        "mean": [0.00224388600327, 0.0066680945456, 0.00200531864539, 0.000251823570579, 4.647219248e-05, 0.00019106885884, 0.000310675852234, 0.000661979313008, 0.000559509906452, 0.00054684485076, 0.000315870245686, 3.5719054722e-05, 3.81780955649e-05, 3.23232525261e-05, 1.90334685612e-05, 1.703349335e-05, 1.02989897641e-05, 3.9841220314e-06, 3.10559789796e-06, 2.48252899837e-06, 3.94934795622e-06, 2.88036858365e-06, 1.32979641876e-06, 1.37705910674e-06, 6.79375659729e-07, 5.14299301813e-07, 3.46079190194e-07, 2.62048928334e-07, 3.70340842437e-07, 4.84391023292e-07, 5.23750316006e-07, 4.64702196723e-07, 4.43042381448e-07, 4.42158352598e-07, 3.25897900666e-07, 2.01131356903e-07, 1.15715081961e-07, 7.60170024705e-08, 5.45700515886e-08, 2.69675091147e-08],
        "median": [0.00104572216514, 0.00384492101148, 0.000786799006164, 3.86239480576e-05, 1.72207255673e-05, 5.59123473067e-05, 7.94836814748e-05, 0.000146191669046, 6.38511191937e-05, 9.45021747611e-05, 4.88383229822e-05, 6.68248094371e-06, 4.39055656898e-06, 2.89329432235e-06, 1.68304723047e-06, 1.38904056257e-06, 2.16182638724e-06, 9.89216232483e-07, 1.00146451132e-06, 1.07573339392e-06, 1.38198993227e-06, 8.19003503238e-07, 3.98271936319e-07, 3.36118375799e-07, 1.34137295049e-07, 9.10670365784e-08, 5.25288399444e-08, 4.13445917502e-08, 5.0773689253e-08, 3.46612267776e-08, 4.52951276486e-08, 2.57669885428e-08, 2.18020428377e-08, 1.73408576387e-08, 1.30893962336e-08, 8.35111979569e-09, 4.37868497016e-09, 1.71726610709e-09, 1.07582753817e-09, 8.39254776785e-10],
        "min": [1.55887255398e-15, 5.21861445726e-16, 1.96162798538e-16, 1.31534025843e-16, 4.29367651495e-17, 8.80937690899e-17, 1.9530320568e-16, 7.99969877646e-17, 2.01957417104e-16, 1.16645410092e-16, 3.02965526964e-16, 1.3771298561e-16, 2.66583159009e-16, 9.29499479429e-17, 1.18212143112e-16, 2.92890122996e-16, 5.60230132413e-16, 1.22697553145e-16, 6.55409940911e-17, 1.21448232487e-16, 5.96401986211e-17, 1.01491547297e-16, 1.30026148379e-16, 2.29752842973e-16, 3.48382295395e-16, 4.75780894632e-16, 2.51827342142e-16, 2.92003120682e-16, 3.11958634584e-16, 2.13884382155e-16, 2.67496472284e-16, 1.62460760465e-16, 8.70461283005e-17, 1.14079839939e-16, 1.86796096449e-16, 3.33283456654e-16, 2.38859611826e-16, 3.51376212757e-16, 1.67528505649e-16, 1.59469794484e-16],
        "var": [1.10235332613e-05, 0.000127609731862, 2.25252206292e-05, 6.38845847334e-07, 6.67795463372e-09, 1.40488154443e-07, 3.10546511173e-07, 1.49177196818e-06, 1.46605736973e-06, 1.26792872379e-06, 5.43897897387e-07, 1.00840393813e-08, 1.07860067544e-08, 1.18584626563e-08, 6.2050911076e-09, 5.78200598511e-09, 3.78109188404e-09, 1.38008840467e-10, 9.54742743198e-11, 4.49075880649e-11, 6.90773271916e-11, 5.648415069e-11, 9.69870798256e-12, 8.91088852012e-12, 5.17288989421e-12, 3.42250403365e-12, 1.23157538855e-12, 4.94243914458e-13, 8.67131561867e-13, 2.0950457081e-12, 2.2216009414e-12, 1.6225255731e-12, 1.71434275196e-12, 1.42102139517e-12, 6.36848429894e-13, 2.35910547824e-13, 1.03770724652e-13, 7.0102947156e-14, 3.22099287617e-14, 5.62073276106e-15]
    },
    "mfcc": {
        "mean": [-772.933044434, 188.177825928, 19.8630561829, 15.590133667, -4.230281353, 3.16680335999, -11.9503059387, 17.5847549438, 16.8010902405, 15.7153720856, 12.4407091141, 9.4948797226, -0.47859454155],
        "cov": [[10477.9931641, 110.874893188, -206.230545044, 820.099487305, -70.3032608032, 1234.86657715, 365.225738525, 900.109313965, 76.4112243652, 98.2176361084, -61.357006073, 238.485733032, 15.614695549], [110.874893188, 2276.21923828, -161.460906982, 130.938552856, 359.839691162, -2.16820812225, 64.714263916, 100.98890686, 180.679641724, 121.454193115, 201.656478882, 75.9213104248, 39.7503509521], [-206.230545044, -161.460906982, 853.278808594, 18.7614841461, -98.5533981323, 116.998733521, -26.5444946289, -44.9658889771, 56.0697593689, 129.983917236, 46.2139320374, 40.5162620544, 23.8522758484], [820.099487305, 130.938552856, 18.7614841461, 484.810272217, 210.219451904, 263.87298584, 164.359191895, 247.515365601, 128.405395508, 52.8541259766, -6.28194665909, 43.7015762329, 50.5042610168], [-70.3032608032, 359.839691162, -98.5533981323, 210.219451904, 474.175292969, 154.233627319, 210.553604126, 79.8613204956, 47.4550895691, -16.0692901611, 32.3781356812, 11.3646373749, 42.5890350342], [1234.86657715, -2.16820812225, 116.998733521, 263.87298584, 154.233627319, 560.118469238, 191.213912964, 223.706787109, -11.0459260941, 5.85334587097, -22.1683273315, 83.4090423584, 50.2879447937], [365.225738525, 64.714263916, -26.5444946289, 164.359191895, 210.553604126, 191.213912964, 282.419006348, 146.605499268, 24.6745128632, -23.0316772461, -26.3985862732, -19.7036361694, 10.7311401367], [900.109313965, 100.98890686, -44.9658889771, 247.515365601, 79.8613204956, 223.706787109, 146.605499268, 322.620758057, 118.655532837, 21.7849769592, -42.4205970764, 17.9915142059, 12.8176651001], [76.4112243652, 180.679641724, 56.0697593689, 128.405395508, 47.4550895691, -11.0459260941, 24.6745128632, 118.655532837, 205.563049316, 105.428565979, 24.0724163055, -3.96094346046, -1.43884110451], [98.2176361084, 121.454193115, 129.983917236, 52.8541259766, -16.0692901611, 5.85334587097, -23.0316772461, 21.7849769592, 105.428565979, 173.981750488, 105.421417236, 21.7530231476, -22.4664955139], [-61.357006073, 201.656478882, 46.2139320374, -6.28194665909, 32.3781356812, -22.1683273315, -26.3985862732, -42.4205970764, 24.0724163055, 105.421417236, 199.61807251, 86.1584091187, -18.6804294586], [238.485733032, 75.9213104248, 40.5162620544, 43.7015762329, 11.3646373749, 83.4090423584, -19.7036361694, 17.9915142059, -3.96094346046, 21.7530231476, 86.1584091187, 159.225997925, 74.7763824463], [15.614695549, 39.7503509521, 23.8522758484, 50.5042610168, 42.5890350342, 50.2879447937, 10.7311401367, 12.8176651001, -1.43884110451, -22.4664955139, -18.6804294586, 74.7763824463, 151.720977783]],
