{
"lowlevel": {
    "average_loudness": 0.914189219475,
    "barkbands_crest": {
        "dmean": 2.98702025414,
        "dmean2": 4.60739707947,
        "dvar": 8.40250110626,
        "dvar2": 17.9148902893,
        "max": 25.6396026611,
        "mean": 12.3482656479,
        "median": 11.4369926453,
        "min": 2.7383787632,
        "var": 26.2073764801
    },
    "barkbands_flatness_db": {
        "dmean": 0.0313232280314,
        "dmean2": 0.0455896407366,
        "dvar": 0.00103350973222,
        "dvar2": 0.00200936035253,
        "max": 0.553781509399,
        "mean": 0.213516518474,
        "median": 0.200781926513,
        "min": 0.0280357003212,
        "var": 0.00773470336571
    },
    "barkbands_kurtosis": {
        "dmean": 4.8580827713,
        "dmean2": 7.5651512146,
        "dvar": 74.4549026489,
        "dvar2": 166.200012207,
        "max": 150.941650391,
        "mean": 7.11001014709,
        "median": 3.19270610809,
        "min": -1.90392768383,
        "var": 135.608581543
    },
    "barkbands_skewness": {
        "dmean": 0.726105988026,
        "dmean2": 1.06853437424,
        "dvar": 0.647716641426,
        "dvar2": 1.30031275749,
        "max": 9.9674282074,
        "mean": 1.64338028431,
        "median": 1.52600502968,
        "min": -9.14244842529,
        "var": 3.00797748566
    },
    "barkbands_spread": {
        "dmean": 3.95099878311,
        "dmean2": 6.16877889633,
        "dvar": 27.790971756,
        "dvar2": 65.7663421631,
        "max": 99.9402618408,
        "mean": 12.4036483765,
        "median": 9.79568767548,
        "min": 0.50999891758,
        "var": 99.0632095337
    },
    "dissonance": {
        "dmean": 0.0284225549549,
        "dmean2": 0.0469475835562,
        "dvar": 0.000813118938822,
        "dvar2": 0.00219910219312,
        "max": 0.499999970198,
        "mean": 0.434724450111,
        "median": 0.444750994444,
        "min": 0.179593652487,
        "var": 0.00218318798579
    },
    "dynamic_complexity": 4.40641689301,
    "erbbands_crest": {
        "dmean": 2.83569192886,
        "dmean2": 4.34038114548,
        "dvar": 7.31279325485,
        "dvar2": 15.7704677582,
        "max": 32.2683792114,
        "mean": 11.4847679138,
        "median": 10.1642780304,
        "min": 2.38426852226,
        "var": 31.3758411407
    },
    "erbbands_flatness_db": {
        "dmean": 0.0243510100991,
        "dmean2": 0.0315810889006,
        "dvar": 0.000724058132619,
        "dvar2": 0.00119318417273,
        "max": 0.562324523926,
        "mean": 0.222382336855,
        "median": 0.207235336304,
        "min": 0.0608744546771,
        "var": 0.00910494755954
    },
    "erbbands_kurtosis": {
        "dmean": 1.29946327209,
        "dmean2": 1.9933848381,
        "dvar": 3.74811959267,
        "dvar2": 8.22588729858,
        "max": 36.0659561157,
        "mean": 1.32454359531,
        "median": 0.414504528046,
        "min": -1.73300719261,
        "var": 9.89998054504
    },
    "erbbands_skewness": {
        "dmean": 0.415348261595,
        "dmean2": 0.6174929142,
        "dvar": 0.176468700171,
        "dvar2": 0.368975460529,
        "max": 4.56489515305,
        "mean": 0.473218023777,
        "median": 0.413283586502,
        "min": -3.90579175949,
        "var": 0.693807125092
    },
    "erbbands_spread": {
        "dmean": 7.20031070709,
        "dmean2": 10.661108017,
        "dvar": 84.9078979492,
        "dvar2": 184.849884033,
        "max": 124.691505432,
        "mean": 28.6583099365,
        "median": 22.9366989136,
        "min": 0.863630592823,
        "var": 401.206115723
    },
    "hfc": {
        "dmean": 4.87178325653,
        "dmean2": 7.12268877029,
        "dvar": 74.8916015625,
        "dvar2": 188.434844971,
        "max": 88.6359329224,
        "mean": 13.2621974945,
        "median": 9.68089485168,
        "min": 1.21935607304e-16,
        "var": 167.253921509
    },
    "melbands_crest": {
        "dmean": 3.27523684502,
        "dmean2": 5.20029735565,
        "dvar": 9.44580078125,
        "dvar2": 21.8969078064,
        "max": 32.3559417725,
        "mean": 14.9553642273,
        "median": 14.8089342117,
        "min": 1.67030584812,
        "var": 28.8139457703
    },
    "melbands_flatness_db": {
        "dmean": 0.0345744565129,
        "dmean2": 0.0489519238472,
        "dvar": 0.00151720747817,
        "dvar2": 0.00264731212519,
        "max": 0.699027478695,
        "mean": 0.276849746704,
        "median": 0.269243359566,
        "min": 0.00430491752923,
        "var": 0.0115406140685
    },
    "melbands_kurtosis": {
        "dmean": 9.16424942017,
        "dmean2": 13.9348154068,
        "dvar": 300.076538086,
        "dvar2": 632.059509277,
        "max": 290.675994873,
        "mean": 15.5764656067,
        "median": 6.47075366974,
        "min": -1.78809607029,
        "var": 679.233276367
    },
    "melbands_skewness": {
        "dmean": 0.872865557671,
        "dmean2": 1.26406109333,
        "dvar": 1.01902508736,
        "dvar2": 1.88904452324,
        "max": 13.3258008957,
        "mean": 2.5143661499,
        "median": 2.09926986694,
        "min": -3.5081949234,
        "var": 4.35967874527
    },
    "melbands_spread": {
        "dmean": 4.80637693405,
        "dmean2": 7.29531049728,
        "dvar": 44.4456787109,
        "dvar2": 86.7249526978,
        "max": 168.098007202,
        "mean": 16.3817577362,
        "median": 11.6280021667,
        "min": 0.512313485146,
        "var": 414.509674072
    },
    "pitch_salience": {
        "dmean": 0.076136790216,
        "dmean2": 0.12048150599,
        "dvar": 0.00566451484337,
        "dvar2": 0.013401276432,
        "max": 0.874676823616,
        "mean": 0.505223631859,
        "median": 0.507491052151,
        "min": 0.104677781463,
        "var": 0.0163740757853
    },
    "silence_rate_20dB": {
        "dmean": 0,
        "dmean2": 0,
        "dvar": 0,
        "dvar2": 0,
        "max": 1,
        "mean": 1,
        "median": 1,
        "min": 1,
        "var": 0
    },
    "silence_rate_30dB": {
        "dmean": 0.0592361651361,
        "dmean2": 0.118487723172,
        "dvar": 0.0557279027998,
        "dvar2": 0.13198967278,
        "max": 1,
        "mean": 0.949733734131,
        "median": 1,
        "min": 0,
        "var": 0.0477432198822
    },
    "silence_rate_60dB": {
        "dmean": 0.0337750054896,
        "dmean2": 0.0675587877631,
        "dvar": 0.0326370410621,
        "dvar2": 0.0702748075128,
        "max": 1,
        "mean": 0.168463438749,
        "median": 0,
        "min": 0,
        "var": 0.140085726976
    },
    "spectral_centroid": {
        "dmean": 184.08732605,
        "dmean2": 276.557037354,
        "dvar": 72187.203125,
        "dvar2": 133990.640625,
        "max": 10852.2148438,
        "mean": 910.446899414,
        "median": 745.234985352,
        "min": 131.834625244,
        "var": 438220.0625
    },
    "spectral_complexity": {
        "dmean": 3.06417250633,
        "dmean2": 4.74496555328,
        "dvar": 19.1828308105,
        "dvar2": 44.7938537598,
        "max": 51,
        "mean": 12.4542150497,
        "median": 12,
        "min": 0,
        "var": 56.8268356323
    },
    "spectral_decrease": {
        "dmean": 3.42477268767e-09,
        "dmean2": 5.01583796719e-09,
        "dvar": 3.21345572819e-17,
        "dvar2": 6.48841332754e-17,
        "max": 1.90438774873e-16,
        "mean": -8.18738943309e-09,
        "median": -5.11220754618e-09,
        "min": -5.29446637643e-08,
        "var": 7.99746869753e-17
    },
    "spectral_energy": {
        "dmean": 0.0132357729599,
        "dmean2": 0.0193869508803,
        "dvar": 0.000476117507787,
        "dvar2": 0.000960641074926,
        "max": 0.202748715878,
        "mean": 0.0321040302515,
        "median": 0.0202953107655,
        "min": 1.08481134577e-20,
        "var": 0.00119774462655
    },
    "spectral_energyband_high": {
        "dmean": 0.000254139304161,
        "dmean2": 0.000425242615165,
        "dvar": 6.79490085531e-07,
        "dvar2": 1.91897220247e-06,
        "max": 0.00824910216033,
        "mean": 0.000326965004206,
        "median": 4.68547696073e-05,
        "min": 7.76884315459e-21,
        "var": 5.7515944718e-07
    },
    "spectral_energyband_low": {
        "dmean": 0.00958495493978,
        "dmean2": 0.0145524349064,
        "dvar": 0.000371333473595,
        "dvar2": 0.000798105029389,
        "max": 0.185633391142,
        "mean": 0.0156413018703,
        "median": 0.000981647870503,
        "min": 2.87090906544e-23,
        "var": 0.000680856523104
    },
    "spectral_energyband_middle_high": {
        "dmean": 0.00126983271912,
        "dmean2": 0.00184193742462,
        "dvar": 3.91496087104e-06,
        "dvar2": 8.24607013783e-06,
        "max": 0.0339572094381,
        "mean": 0.00341779435985,
        "median": 0.00235911482014,
        "min": 1.42858070171e-21,
        "var": 1.41288883242e-05
    },
    "spectral_energyband_middle_low": {
        "dmean": 0.00832411181182,
        "dmean2": 0.0139297461137,
        "dvar": 0.000302567466861,
        "dvar2": 0.000847696268465,
        "max": 0.161758512259,
        "mean": 0.0151198208332,
        "median": 0.00998280197382,
        "min": 2.38089050678e-22,
        "var": 0.00032165920129
    },
    "spectral_entropy": {
        "dmean": 0.232355430722,
        "dmean2": 0.327429741621,
        "dvar": 0.0780177637935,
        "dvar2": 0.146559357643,
        "max": 9.8236284256,
        "mean": 6.99885034561,
        "median": 7.08094167709,
        "min": 4.41066265106,
        "var": 0.547956824303
    },
    "spectral_flux": {
        "dmean": 0.0399090312421,
        "dmean2": 0.0595314018428,
        "dvar": 0.00268069375306,
        "dvar2": 0.00468423869461,
        "max": 0.430675208569,
        "mean": 0.0825993418694,
        "median": 0.0558614172041,
        "min": 6.86136980566e-11,
        "var": 0.00620671128854
    },
    "spectral_kurtosis": {
        "dmean": 8.02779865265,
        "dmean2": 13.3145084381,
        "dvar": 223.923141479,
        "dvar2": 595.853210449,
        "max": 299.491912842,
        "mean": 16.7906703949,
        "median": 6.90694522858,
        "min": -1.23243796825,
        "var": 619.43548584
    },
    "spectral_rms": {
        "dmean": 0.00101572216954,
        "dmean2": 0.001441052882,
        "dvar": 2.05317314794e-06,
        "dvar2": 3.71181977243e-06,
        "max": 0.014064268209,
        "mean": 0.00473982095718,
        "median": 0.00444975309074,
        "min": 3.25323296947e-12,
        "var": 8.85482040758e-06
    },
    "spectral_rolloff": {
        "dmean": 301.296569824,
        "dmean2": 488.684875488,
        "dvar": 486384.3125,
        "dvar2": 1084523,
        "max": 19078.4179688,
        "mean": 1354.74084473,
        "median": 796.728515625,
        "min": 86.1328125,
        "var": 7366717.5
    },
    "spectral_skewness": {
        "dmean": 0.612252175808,
        "dmean2": 0.997795522213,
        "dvar": 0.740771353245,
        "dvar2": 1.95003390312,
        "max": 13.1635894775,
        "mean": 2.56039023399,
        "median": 2.09159898758,
        "min": -0.00104948028456,
        "var": 2.23863124847
    },
    "spectral_spread": {
        "dmean": 587161.3125,
        "dmean2": 843409.625,
        "dvar": 726738206720,
        "dvar2": 1.28144152986e+12,
        "max": 44747040,
        "mean": 3756054.25,
        "median": 3526164,
        "min": 285070.78125,
        "var": 5.2734590976e+12
    },
    "spectral_strongpeak": {
        "dmean": 0.430157989264,
        "dmean2": 0.697988629341,
        "dvar": 0.422281444073,
        "dvar2": 0.944784343243,
        "max": 7.07353544235,
        "mean": 0.969720900059,
        "median": 0.638326466084,
        "min": 0,
        "var": 1.05805182457
    },
    "zerocrossingrate": {
        "dmean": 0.00842415168881,
        "dmean2": 0.00992085784674,
        "dvar": 0.000174612374394,
        "dvar2": 0.000260615313891,
        "max": 0.74609375,
        "mean": 0.0536359101534,
        "median": 0.03466796875,
        "min": 0.00341796875,
        "var": 0.00855779275298
    },
    "barkbands": {
        "dmean": [0.000115877737699, 0.00565975299105, 0.00518912263215, 0.00373116391711, 0.00327450013719, 0.00144577154424, 0.00106264080387, 0.000220045563765, 0.000778609013651, 0.000552938436158, 0.000484601274366, 0.000248520373134, 0.000209802747122, 0.000167033547768, 0.000136187547469, 7.01617536834e-05, 0.000111741210276, 6.18538470007e-05, 6.0263719206e-05, 8.40791326482e-05, 6.73359609209e-05, 5.80750020163e-05, 3.33968091581e-05, 3.11334370053e-05, 2.01248149097e-05, 1.05335002445e-05, 1.41872726545e-06],
        "dmean2": [0.000188493446331, 0.0087290070951, 0.00888385623693, 0.00650245090947, 0.00591911328956, 0.00210273708217, 0.00164759962354, 0.000350849004462, 0.000867538619787, 0.000796606123913, 0.000732314831112, 0.000342761253705, 0.00032189139165, 0.000270062388154, 0.000214150859392, 0.000109578577394, 0.000173048567376, 0.000103885606222, 9.40134705161e-05, 0.000150552223204, 0.000113374546345, 0.000101508157968, 5.39288776054e-05, 5.14860221301e-05, 3.18714264722e-05, 1.74227861862e-05, 2.3746692932e-06],
        "dvar": [5.3860784277e-08, 0.000164873039466, 0.000203029601835, 0.000109726672235, 7.64449578128e-05, 7.82963070378e-06, 8.69969881023e-06, 3.23786537137e-07, 5.65390155316e-06, 3.05324078909e-06, 6.21117919763e-07, 4.72784847716e-07, 1.46090243902e-07, 9.07804817984e-08, 8.44434424607e-08, 1.55847690309e-08, 5.56945707331e-08, 2.02462739907e-08, 2.311698033e-08, 7.92938266159e-08, 3.70093857782e-08, 3.41604646792e-08, 7.38146832546e-09, 1.00503054767e-08, 2.46513964797e-09, 1.56457191647e-09, 2.24246357594e-10],
        "dvar2": [1.46321852412e-07, 0.000349401409039, 0.00055465020705, 0.000310410890961, 0.000219426088734, 1.71852771018e-05, 2.05875767278e-05, 7.05383286004e-07, 5.37421010449e-06, 6.18903141003e-06, 1.44927048495e-06, 7.20834293588e-07, 3.19599223531e-07, 2.18898037474e-07, 1.96844624156e-07, 3.78685847124e-08, 1.26854544646e-07, 5.40056213083e-08, 4.99640435692e-08, 2.30406016044e-07, 1.02759784681e-07, 9.78397594054e-08, 1.98423393272e-08, 2.77667435711e-08, 6.32501917508e-09, 4.25169677243e-09, 6.44998998656e-10],
        "max": [0.00335760391317, 0.128956377506, 0.138621479273, 0.102825216949, 0.0968394652009, 0.0530849844217, 0.0642999783158, 0.012818582356, 0.0576064810157, 0.0428106151521, 0.0132055310532, 0.0167917758226, 0.00670404406264, 0.00445851497352, 0.00547095714137, 0.00193218141794, 0.00345585704781, 0.00159186555538, 0.00219122786075, 0.00300507736392, 0.00192445365246, 0.00195496389642, 0.000948163913563, 0.00107745628338, 0.000851640477777, 0.00164746691007, 0.000767140765674],
        "mean": [0.000166440251633, 0.00824934616685, 0.00525435712188, 0.00367386266589, 0.00305138737895, 0.00311272731051, 0.00210365140811, 0.0003258343786, 0.00199680146761, 0.00123761675786, 0.000853016972542, 0.000428147701314, 0.000337721430697, 0.000280183012364, 0.00020982271235, 0.000126521888888, 0.000173571941559, 8.41851215228e-05, 7.71244449425e-05, 8.45963659231e-05, 7.59192844271e-05, 6.77526550135e-05, 4.4642125431e-05, 3.78526347049e-05, 3.13227938022e-05, 1.76186331373e-05, 1.96329051505e-06],
        "median": [7.26929192751e-06, 0.000182501025847, 0.000313372263918, 0.000322879728628, 0.000717340386473, 0.000654928793665, 0.000296391081065, 9.39402598306e-05, 0.000447049009381, 0.000313627911964, 0.000346266286215, 0.000116256109322, 0.000121466277051, 0.000121689714433, 6.82664031046e-05, 5.95530800638e-05, 6.0873800976e-05, 2.6215608159e-05, 1.29511718114e-05, 1.16832416097e-05, 1.07241767182e-05, 1.04959663076e-05, 7.28183613319e-06, 2.57019542005e-06, 2.97252813652e-06, 4.65359335067e-07, 3.68938102291e-09],
        "min": [7.79249423952e-24, 1.05379605371e-23, 5.85278900879e-24, 4.18508104603e-24, 2.25004571408e-23, 2.29125691218e-23, 1.63816212419e-23, 5.67307489832e-23, 2.89533219906e-23, 3.02851811004e-23, 5.70274553469e-23, 5.7323467513e-23, 8.8977571564e-23, 6.6649463176e-23, 7.27260902834e-23, 7.56677210445e-23, 9.50019887012e-23, 1.98430665323e-22, 3.09410558343e-22, 2.50075646983e-22, 3.80368079275e-22, 5.93442969115e-22, 5.88662951657e-22, 7.16177407116e-22, 8.81859654229e-22, 1.67544695961e-21, 2.1244245816e-21],
        "var": [8.28280803944e-08, 0.000288622657536, 0.00015049650392, 7.57509333198e-05, 5.22995287611e-05, 3.21128427458e-05, 3.17414887832e-05, 6.81417304804e-07, 3.82074649679e-05, 8.47600131237e-06, 1.52034260736e-06, 1.32688160193e-06, 3.32266608893e-07, 1.82968847184e-07, 1.56486748892e-07, 3.1188530869e-08, 1.01967437161e-07, 2.68264397363e-08, 3.70274904071e-08, 5.6134936699e-08, 3.27941975797e-08, 2.61086903208e-08, 8.29325763618e-09, 9.15097597698e-09, 5.06607067408e-09, 2.6561970401e-09, 1.54535981234e-10]
    },
    "erbbands": {
        "dmean": [0.126223444939, 1.47443580627, 5.09625053406, 9.18566322327, 13.2410593033, 9.79144382477, 8.67561721802, 11.9737854004, 13.4557762146, 10.9613142014, 5.60179233551, 13.051071167, 27.3438911438, 12.0508642197, 14.7703714371, 11.5620384216, 9.55678653717, 8.78293514252, 6.93713855743, 5.12858772278, 4.32577705383, 5.07441425323, 3.82195258141, 3.36229348183, 2.65611386299, 3.8356564045, 3.60089564323, 2.32390213013, 2.27474308014, 1.37748599052, 0.900942504406, 0.761856734753, 0.44564384222, 0.247563183308, 0.14346383512, 0.0591315887868, 0.018397597596, 0.0033726033289, 0.000197948160348, 1.67623056768e-05],
        "dmean2": [0.172315582633, 2.28592133522, 8.4699716568, 15.3308343887, 24.0962257385, 17.4117069244, 13.9360952377, 17.02161026, 20.5664215088, 17.4132804871, 8.72383403778, 16.1636562347, 33.3971366882, 18.2259559631, 22.2280330658, 15.5254745483, 14.3383111954, 14.1730365753, 10.7174015045, 8.0302362442, 6.62509536743, 8.02855110168, 6.21846294403, 5.33629798889, 4.17009067535, 6.79705047607, 6.29819965363, 3.8930106163, 4.02224969864, 2.32335853577, 1.45302391052, 1.26835072041, 0.74154227972, 0.398671925068, 0.234379962087, 0.0960706844926, 0.0303596295416, 0.00560368550941, 0.000333029369358, 2.51723795373e-05],
        "dvar": [0.0727375894785, 10.970788002, 177.111419678, 575.210327148, 1588.92785645, 584.259521484, 384.044403076, 504.775909424, 1163.24060059, 937.135375977, 211.399902344, 884.695983887, 6926.04980469, 444.690063477, 538.934143066, 1190.00512695, 329.381530762, 254.370529175, 231.798919678, 91.66015625, 60.486869812, 112.599617004, 72.4077301025, 78.2825622559, 40.6518440247, 157.905700684, 137.490982056, 44.3059234619, 57.4824066162, 12.8542356491, 6.05335092545, 6.24006891251, 1.87923157215, 0.325577914715, 0.155635133386, 0.0331773199141, 0.00464463140815, 0.000758390233386, 4.29339706898e-06, 1.50442025504e-09],
        "dvar2": [0.12915225327, 24.0855960846, 458.861846924, 1557.35742188, 4527.70703125, 1713.27050781, 1046.6270752, 1019.44769287, 2705.81445312, 2132.01098633, 455.862579346, 1250.9675293, 10088.6943359, 1061.75488281, 1235.39685059, 1708.25231934, 668.985717773, 613.338623047, 520.642578125, 223.188781738, 139.377548218, 273.231750488, 186.252502441, 187.552185059, 93.9175643921, 455.557525635, 391.954833984, 123.83454895, 166.057861328, 35.3961143494, 16.1607704163, 17.0908412933, 5.19819450378, 0.838227808475, 0.410651504993, 0.0901976451278, 0.0125879822299, 0.00215492793359, 1.2395581507e-05, 3.77067843615e-09],
        "max": [2.58346009254, 34.110584259, 122.443901062, 257.232208252, 335.534606934, 266.909698486, 298.357574463, 404.327392578, 845.684753418, 851.67401123, 357.368591309, 640.803405762, 1647.86193848, 499.255401611, 440.949554443, 862.845825195, 358.123382568, 240.823486328, 324.355834961, 130.576721191, 118.063919067, 155.524795532, 104.73059082, 137.752593994, 94.4444580078, 143.665664673, 118.319381714, 72.9564666748, 79.3676223755, 37.0805702209, 28.6792869568, 26.4876747131, 15.9050693512, 7.87875366211, 6.22641372681, 5.506046772, 2.59957456589, 1.38519454002, 0.106700964272, 0.00162875559181],
        "mean": [0.178218603134, 2.09222006798, 5.76168394089, 10.0622634888, 11.3826608658, 10.2883758545, 15.4635410309, 26.4160079956, 27.8846588135, 20.2804279327, 10.3974905014, 33.4351348877, 68.4758453369, 27.1931552887, 27.9876480103, 21.2038154602, 17.0137615204, 15.4107933044, 11.7598466873, 8.26697731018, 8.74665927887, 8.362408638, 5.4234213829, 4.29189443588, 3.67421936989, 3.97181010246, 3.69390821457, 2.66089248657, 2.44841527939, 1.89080536366, 1.19772064686, 0.891745448112, 0.547134816647, 0.363839566708, 0.216431796551, 0.0975191667676, 0.0293974131346, 0.00507022067904, 0.000270159216598, 4.15695176343e-05],
        "median": [0.00357883167453, 0.0571055710316, 0.32317596674, 0.867670893669, 1.9582901001, 2.62903237343, 3.81122279167, 6.49515771866, 5.07507371902, 4.12477111816, 5.176445961, 11.6944999695, 11.347029686, 16.403470993, 13.6224975586, 6.35964488983, 6.91602420807, 6.92961359024, 4.98723697662, 3.50421905518, 4.26106119156, 3.22207736969, 1.74545156956, 1.02481138706, 0.602237761021, 0.536159098148, 0.473367422819, 0.42330121994, 0.35366871953, 0.315440714359, 0.170647233725, 0.0626481771469, 0.0488210432231, 0.0436144173145, 0.0139316273853, 0.00351235060953, 0.000652806658763, 5.07096701767e-05, 1.49904335558e-05, 2.59748794633e-05],
        "min": [2.18247595947e-22, 2.92810991241e-21, 9.92925231427e-21, 1.08720273785e-20, 3.89321473339e-20, 7.25476817535e-20, 1.42285741159e-19, 1.51763860961e-19, 1.41073611369e-19, 6.43908408084e-19, 1.23066091059e-18, 5.54355198331e-19, 1.06934135579e-18, 1.64211988262e-18, 1.67726988877e-18, 3.11607353311e-18, 4.73193715213e-18, 3.3611206197e-18, 3.4025278336e-18, 4.21749326326e-18, 3.79079669376e-18, 5.25182554379e-18, 9.55796113585e-18, 1.19483178915e-17, 1.61306671457e-17, 1.19588470735e-17, 1.26535340315e-17, 1.19264935582e-17, 2.03124142123e-17, 2.11131349715e-17, 1.49797809809e-17, 1.31582118124e-17, 1.33632483796e-17, 9.84002889755e-18, 6.74274167012e-18, 5.63362978067e-18, 3.00039377202e-18, 1.22978058362e-18, 2.76398033137e-19, 3.40286109692e-20],
        "var": [0.136283129454, 18.5168876648, 155.183898926, 455.482940674, 993.58013916, 463.191894531, 739.427185059, 2294.1003418, 4386.80029297, 3159.21923828, 482.657501221, 4966.39257812, 32181.4765625, 1282.02319336, 1371.69506836, 3422.35644531, 833.215820312, 529.512634277, 466.758422852, 168.250244141, 144.563903809, 200.593383789, 106.687461853, 110.690567017, 68.3399124146, 117.221115112, 102.455680847, 37.8782043457, 40.9751319885, 13.7865848541, 6.46515369415, 5.41155004501, 1.79216361046, 0.540831327438, 0.291180342436, 0.0743805989623, 0.00791929662228, 0.000596439291257, 2.83801227852e-06, 2.33494845681e-09]
    },
    "gfcc": {
        "mean": [-99.0865707397, 128.021331787, -126.508262634, 5.64134836197, -53.8370246887, 8.83270168304, -34.5471839905, -4.49387311935, -20.5434322357, -6.42168807983, -15.1885118484, -1.77432250977, -4.91986608505],
        "cov": [[36184.9804688, 743.84375, 405.110839844, 3673.55444336, -1783.90454102, 1681.80810547, -487.958496094, 1215.88977051, -979.006958008, 149.623336792, -840.20904541, 83.6668930054, -104.183570862], [743.84375, 4598.46679688, -912.651367188, -1009.87316895, 797.08996582, -525.75567627, 394.643768311, -561.898376465, 254.510025024, -595.247375488, 151.958114624, -348.178344727, 222.375762939], [405.110839844, -912.651367188, 1540.40869141, 923.077514648, 256.563446045, 552.036254883, 121.813606262, 286.154632568, -44.2477111816, 245.253875732, -53.9583282471, 118.56275177, -58.6423568726], [3673.55444336, -1009.87316895, 923.077514648, 1494.66577148, -21.0615692139, 607.957763672, 83.4490432739, 345.208068848, -110.372833252, 192.718338013, -141.899429321, 78.7743682861, -98.3561859131], [-1783.90454102, 797.08996582, 256.563446045, -21.0615692139, 857.665100098, -4.84030866623, 268.804626465, -56.7507591248, 141.617156982, -61.2639007568, 47.4913902283, -74.1934509277, -33.2819900513], [1681.80810547, -525.75567627, 552.036254883, 607.957763672, -4.84030866623, 504.14743042, 70.0658416748, 246.283187866, -48.1234054565, 122.426292419, -54.6891860962, 51.8872184753, -20.7120323181], [-487.958496094, 394.643768311, 121.813606262, 83.4490432739, 268.804626465, 70.0658416748, 334.279785156, 51.7799568176, 108.544410706, -21.9669799805, 42.4291725159, -54.9992218018, 28.409330368], [1215.88977051, -561.898376465, 286.154632568, 345.208068848, -56.7507591248, 246.283187866, 51.7799568176, 309.22277832, -8.04090881348, 107.955696106, -43.9403076172, 28.9361343384, -38.4902801514], [-979.006958008, 254.510025024, -44.2477111816, -110.372833252, 141.617156982, -48.1234054565, 108.544410706, -8.04090881348, 171.025848389, 15.3820943832, 70.2943572998, -11.5129156113, 19.723028183], [149.623336792, -595.247375488, 245.253875732, 192.718338013, -61.2639007568, 122.426292419, -21.9669799805, 107.955696106, 15.3820943832, 200.598312378, 20.2116928101, 70.3478393555, -37.645740509], [-840.20904541, 151.958114624, -53.9583282471, -141.899429321, 47.4913902283, -54.6891860962, 42.4291725159, -43.9403076172, 70.2943572998, 20.2116928101, 140.900650024, 40.1270675659, 55.6268005371], [83.6668930054, -348.178344727, 118.56275177, 78.7743682861, -74.1934509277, 51.8872184753, -54.9992218018, 28.9361343384, -11.5129156113, 70.3478393555, 40.1270675659, 152.35635376, 51.5075950623], [-104.183570862, 222.375762939, -58.6423568726, -98.3561859131, -33.2819900513, -20.7120323181, 28.409330368, -38.4902801514, 19.723028183, -37.645740509, 55.6268005371, 51.5075950623, 147.63168335]],
        "icov": [[0.000129674284835, -0.000325276021613, 0.000183210766409, -0.000345448177541, 0.00024677629699, -6.72647365718e-05, 0.000173511885805, -0.000540344743058, 0.000549400749151, -0.000476798857562, 0.000375532254111, -0.000333023548592, 7.5737858424e-05], [-0.000325276021613, 0.00143473304342, -0.000354819698259, 0.00089470326202, -0.000954949180596, -9.51671245275e-06, -0.000550184748136, 0.00187759497203, -0.00175779988058, 0.0021979578305, -0.00122801039834, 0.00173533300404, -0.0009041823796], [0.000183210766409, -0.000354819698259, 0.00180758396164, -0.000893215765245, -0.000378083175747, -0.000918820616789, 0.000121386692626, -0.000627767760307, 0.00122244236991, -0.00165394379292, 0.000747487240005, -0.000841883418616, -0.000187480574823], [-0.000345448177541, 0.00089470326202, -0.000893215765245, 0.00257872836664, -0.000488755700644, -0.00101822882425, -0.001006030594, 0.00136812706478, -0.0011375634931, 0.00124617666006, -0.000162300624652, 0.000295307923807, 0.000496873573866], [0.00024677629699, -0.000954949180596, -0.000378083175747, -0.000488755700644, 0.00281523750164, -2.98604754789e-05, -0.000928178487811, -0.000579191313591, 0.000110632747237, -0.000237429092522, 0.000582438078709, -0.00131219252944, 0.00195788731799], [-6.72647365718e-05, -9.51671245275e-06, -0.000918820616789, -0.00101822882425, -2.98604754789e-05, 0.00570791400969, -0.000494803534821, -0.00216098316014, 0.00077630294254, -0.000608256610576, -5.06797323396e-06, 0.000239765446167, -0.00109116663225], [0.000173511885805, -0.000550184748136, 0.000121386692626, -0.001006030594, -0.000928178487811, -0.000494803534821, 0.0064894175157, -0.00216190819629, -0.00162933254614, -5.27321863046e-05, -0.000892282987479, 0.0023717561271, -0.00204899744131], [-0.000540344743058, 0.00187759497203, -0.000627767760307, 0.00136812706478, -0.000579191313591, -0.00216098316014, -0.00216190819629, 0.00914497766644, -0.00343856052496, 0.00119130953681, -0.00018357890076, 0.00150054495316, 0.000127943072584], [0.000549400749151, -0.00175779988058, 0.00122244236991, -0.0011375634931, 0.000110632747237, 0.00077630294254, -0.00162933254614, -0.00343856052496, 0.0131344953552, -0.00526767550036, -0.00135314767249, -0.00108126166742, 0.000103202706669], [-0.000476798857562, 0.0021979578305, -0.00165394379292, 0.00124617666006, -0.000237429092522, -0.000608256610576, -5.27321863046e-05, 0.00119130953681, -0.00526767550036, 0.0141511810943, -0.00472473772243, -0.000975761795416, 0.0031408558134], [0.000375532254111, -0.00122801039834, 0.000747487240005, -0.000162300624652, 0.000582438078709, -5.06797323396e-06, -0.000892282987479, -0.00018357890076, -0.00135314767249, -0.00472473772243, 0.0143252015114, -0.00442110793665, -0.00232121231966], [-0.000333023548592, 0.00173533300404, -0.000841883418616, 0.000295307923807, -0.00131219252944, 0.000239765446167, 0.0023717561271, 0.00150054495316, -0.00108126166742, -0.000975761795416, -0.00442110793665, 0.0149548314512, -0.0069701098837], [7.5737858424e-05, -0.0009041823796, -0.000187480574823, 0.000496873573866, 0.00195788731799, -0.00109116663225, -0.00204899744131, 0.000127943072584, 0.000103202706669, 0.0031408558134, -0.00232121231966, -0.0069701098837, 0.0132550951093]]
    },
    "melbands": {
        "dmean": [0.00133503356483, 0.0022593725007, 0.00168421235867, 0.000840511638671, 0.00031341885915, 0.000268895964837, 0.000217955646804, 0.000101568737591, 5.16058862559e-05, 9.69361135503e-05, 0.000137236143928, 4.67733807454e-05, 6.84451661073e-05, 2.78658390016e-05, 2.50608991337e-05, 1.9190068997e-05, 1.68909045897e-05, 1.14229023893e-05, 9.04483931663e-06, 5.1681813602e-06, 5.70669317312e-06, 5.59480668016e-06, 5.39312441106e-06, 2.94155256597e-06, 2.82237397187e-06, 2.04645743906e-06, 1.88696014902e-06, 2.87379157271e-06, 2.5365197871e-06, 1.7372055936e-06, 1.32507796025e-06, 1.34818355946e-06, 1.13513601718e-06, 6.84573308263e-07, 5.46581475191e-07, 4.80540052195e-07, 4.69617731369e-07, 2.8878713465e-07, 3.06899750058e-07, 1.89924008964e-07],
        "dmean2": [0.00194741389714, 0.00360974017531, 0.00281307846308, 0.00152459554374, 0.00051012635231, 0.000383987906389, 0.000334477750584, 0.000162576747243, 7.82327988418e-05, 0.00011213766993, 0.000168050508364, 7.17142975191e-05, 0.000103370868601, 3.85968378396e-05, 3.56215277861e-05, 2.95893187285e-05, 2.7383746783e-05, 1.76698249561e-05, 1.4465892491e-05, 8.08836648503e-06, 8.75985006132e-06, 8.89930106496e-06, 8.61187982082e-06, 4.85345390189e-06, 4.53651546195e-06, 3.12870361086e-06, 3.11962298838e-06, 5.19004925081e-06, 4.52851008959e-06, 2.9387115319e-06, 2.20339688894e-06, 2.3790692012e-06, 2.00659633265e-06, 1.13721091566e-06, 8.87827297902e-07, 7.83364725976e-07, 7.91911702436e-07, 4.75283997048e-07, 5.2289811947e-07, 3.00501710626e-07],
        "dvar": [9.09104255697e-06, 2.8056312658e-05, 1.90437240235e-05, 5.22954769622e-06, 5.02161071836e-07, 2.54512855236e-07, 3.30269074311e-07, 7.56722329243e-08, 1.50699168699e-08, 6.913116124e-08, 1.75220947085e-07, 7.91156473667e-09, 1.25471144585e-08, 5.44881606501e-09, 3.42846351309e-09, 1.01560149179e-09, 9.87589898749e-10, 5.63072422022e-10, 3.73281933141e-10, 8.47690459493e-11, 1.04623192054e-10, 1.19586646141e-10, 1.68882158258e-10, 4.7343379217e-11, 5.96796778662e-11, 2.62619734986e-11, 2.52259602096e-11, 1.03794535466e-10, 8.12195102839e-11, 2.23801012444e-11, 1.3751294374e-11, 1.87822882247e-11, 1.34378211683e-11, 2.56887740246e-12, 1.9532227398e-12, 2.17125232724e-12, 2.52285779073e-12, 6.8156710744e-13, 7.98179935774e-13, 1.67105289025e-13],
        "dvar2": [1.68652313732e-05, 6.76571871736e-05, 5.09473575221e-05, 1.49265842992e-05, 1.40515692237e-06, 5.21182357716e-07, 7.82756444551e-07, 1.74313797174e-07, 3.32802443381e-08, 7.40823722367e-08, 2.58364565298e-07, 1.88325142148e-08, 2.88304704554e-08, 8.63157545439e-09, 5.59173018999e-09, 2.32599139949e-09, 2.38068675884e-09, 1.27687616036e-09, 9.43876421466e-10, 2.02618657963e-10, 2.29710875321e-10, 2.98558261447e-10, 3.95809218734e-10, 1.2316589415e-10, 1.44645753708e-10, 5.78055138478e-11, 6.79754655342e-11, 3.00459046532e-10, 2.34027075496e-10, 6.13305239927e-11, 3.83054733766e-11, 5.42185185637e-11, 3.86648976725e-11, 6.95043762128e-12, 5.20888063585e-12, 5.77782656788e-12, 7.01525382923e-12, 1.85367736785e-12, 2.23102526037e-12, 4.1411803999e-13],
        "max": [0.027810074389, 0.0508944280446, 0.0422552153468, 0.0241279825568, 0.0106722963974, 0.00886864215136, 0.0130385775119, 0.00751802138984, 0.00273914518766, 0.00615691067651, 0.00817786809057, 0.00227106688544, 0.00204566912726, 0.00179322517943, 0.00145468162373, 0.000474611239042, 0.000532899110112, 0.00045991918887, 0.00033856643131, 0.000121795877931, 0.00015672959853, 0.00013938290067, 0.000204547410249, 9.22562612686e-05, 0.000125864025904, 7.01709650457e-05, 8.24320522952e-05, 0.00011555103265, 9.43288614508e-05, 4.82049508719e-05, 4.28981184086e-05, 4.79142363474e-05, 4.0324011934e-05, 1.96352957573e-05, 1.49682655319e-05, 1.67792331922e-05, 1.62411051861e-05, 9.10886865313e-06, 1.08179547169e-05, 7.76293109084e-06],
        "mean": [0.00203325645998, 0.00301939924248, 0.00182946131099, 0.000774722895585, 0.000538100022823, 0.000590243609622, 0.000444314995548, 0.000181877971045, 9.64142891462e-05, 0.000251452001976, 0.000338692159858, 9.82784331427e-05, 0.0001213794676, 4.82050527353e-05, 4.34604990005e-05, 3.31903902406e-05, 2.79441101156e-05, 1.86721281352e-05, 1.31832348416e-05, 8.6691652541e-06, 1.1041016478e-05, 9.16808130569e-06, 6.92772391631e-06, 3.9587325773e-06, 3.3604494547e-06, 2.73747923529e-06, 2.44926741289e-06, 2.71554677056e-06, 2.41495695263e-06, 1.87190971701e-06, 1.51152516992e-06, 1.434703222e-06, 1.22676203773e-06, 9.70384235188e-07, 7.21124990832e-07, 5.72023850509e-07, 5.20479090937e-07, 3.6432427919e-07, 3.6838113715e-07, 2.86544604933e-07],
        "median": [3.94751368731e-05, 0.000132392146043, 0.000165637145983, 0.000186958830454, 0.000157071728609, 0.000129277977976, 6.70948866173e-05, 3.90497007174e-05, 4.38244387624e-05, 7.32204207452e-05, 5.06305659655e-05, 4.95656713611e-05, 4.99412089994e-05, 1.4175607248e-05, 1.40931033457e-05, 1.25400738398e-05, 1.16400460684e-05, 7.54917300583e-06, 4.6368168114e-06, 3.60642911801e-06, 5.22355321664e-06, 3.42453563462e-06, 1.94399649445e-06, 1.06171887637e-06, 7.56530823764e-07, 3.61455079201e-07, 3.87912621136e-07, 3.05502368292e-07, 2.85442354198e-07, 2.34155308476e-07, 2.54051457205e-07, 2.02756226031e-07, 1.54846702571e-07, 1.76046995648e-07, 1.04928034261e-07, 4.68707384016e-08, 2.97865678789e-08, 2.87273653754e-08, 3.94792891711e-08, 3.31928653452e-08],
        "min": [3.68696192717e-24, 5.41759180232e-24, 2.44894137189e-24, 4.11057707783e-24, 4.71999855396e-24, 3.53369887506e-24, 2.66014369369e-24, 8.12547558306e-24, 8.82505557761e-24, 4.01905225232e-24, 5.3177839373e-24, 6.05688625763e-24, 7.27450686991e-24, 3.18750273086e-24, 1.07081359781e-23, 8.50066571819e-24, 6.13992293981e-24, 4.51643063078e-24, 6.03602167555e-24, 6.77048233832e-24, 3.71499646602e-24, 5.48142208803e-24, 6.09796934471e-24, 9.36044995195e-24, 8.79025182333e-24, 1.22693603405e-23, 5.3047357835e-24, 6.254325126e-24, 7.10121227283e-24, 7.82451252594e-24, 6.16796931157e-24, 1.06777230236e-23, 1.3865576206e-23, 1.09880072612e-23, 7.68296090283e-24, 8.55941771183e-24, 7.2671680969e-24, 8.5603201687e-24, 9.83840736379e-24, 7.02782296509e-24],
        "var": [1.75692312041e-05, 3.37023120665e-05, 1.52862885443e-05, 3.43716737916e-06, 8.42637177811e-07, 1.1489745475e-06, 1.22876156183e-06, 2.43060497951e-07, 3.40874990457e-08, 4.5071649879e-07, 8.06307809853e-07, 2.17873203923e-08, 3.08155279072e-08, 1.51584433894e-08, 9.20655374159e-09, 2.48987230833e-09, 1.98424832121e-09, 1.11449471873e-09, 5.42200895293e-10, 1.7545206954e-10, 2.60052368528e-10, 2.21767007536e-10, 2.59216509368e-10, 6.89436910339e-11, 8.0005779779e-11, 4.38799691027e-11, 3.48298161146e-11, 7.10924583092e-11, 5.46859953154e-11, 2.15133206388e-11, 1.19417644176e-11, 1.37305765716e-11, 1.00220083968e-11, 3.32423671923e-12, 2.24621948645e-12, 2.07832752744e-12, 2.02674899433e-12, 7.38302485554e-13, 7.58834401565e-13, 3.39197365942e-13]
    },
    "mfcc": {
        "mean": [-720.35357666, 150.540161133, -5.51985740662, 2.03959369659, -0.58529394865, 6.38031816483, -5.56010150909, 0.199427977204, -0.596913397312, -7.55766439438, -4.24036312103, -4.56904172897, -3.00957536697],
        "cov": [[15296.7548828, 198.666915894, 794.551330566, 1503.90527344, 63.8844642639, 478.830352783, 390.222381592, 565.686889648, 364.83807373, 146.404083252, -0.343129038811, 14.0731153488, 143.144882202], [198.666915894, 3302.35571289, -380.559112549, -381.14831543, 100.176139832, 12.197722435, 23.9670791626, 84.8182144165, 64.9791030884, -119.790092468, -76.4561920166, -65.2183074951, -99.126335144], [794.551330566, -380.559112549, 841.859375, 435.004241943, 220.207748413, 298.899200439, 207.975753784, 96.3240356445, 100.988807678, 100.126068115, 31.2838401794, 59.8826141357, 43.7419929504], [1503.90527344, -381.14831543, 435.004241943, 752.073852539, 255.251953125, 304.222564697, 224.719436646, 183.256973267, 140.633789062, 123.497001648, 56.7570037842, 58.5156059265, 69.6460342407], [63.8844642639, 100.176139832, 220.207748413, 255.251953125, 406.320220947, 227.128982544, 150.460510254, 105.419509888, 72.5381317139, 73.5274734497, 33.0005111694, 52.4692001343, 26.0805473328], [478.830352783, 12.197722435, 298.899200439, 304.222564697, 227.128982544, 330.130249023, 196.163284302, 103.965950012, 96.7339172363, 67.4775695801, 34.9069900513, 58.6879997253, 40.6259727478], [390.222381592, 23.9670791626, 207.975753784, 224.719436646, 150.460510254, 196.163284302, 244.250259399, 135.290618896, 97.5354537964, 97.5869369507, 40.506149292, 39.0918502808, -1.30310678482], [565.686889648, 84.8182144165, 96.3240356445, 183.256973267, 105.419509888, 103.965950012, 135.290618896, 203.286407471, 115.457511902, 74.6466445923, 38.4483528137, 10.7956094742, 15.7716255188], [364.83807373, 64.9791030884, 100.988807678, 140.633789062, 72.5381317139, 96.7339172363, 97.5354537964, 115.457511902, 152.370910645, 81.1996307373, 46.7341079712, 20.1367053986, 14.5533332825], [146.404083252, -119.790092468, 100.126068115, 123.497001648, 73.5274734497, 67.4775695801, 97.5869369507, 74.6466445923, 81.1996307373, 168.722976685, 75.6882858276, 42.2829284668, -6.61344861984], [-0.343129038811, -76.4561920166, 31.2838401794, 56.7570037842, 33.0005111694, 34.9069900513, 40.506149292, 38.4483528137, 46.7341079712, 75.6882858276, 126.042350769, 42.0003242493, 7.33495521545], [14.0731153488, -65.2183074951, 59.8826141357, 58.5156059265, 52.4692001343, 58.6879997253, 39.0918502808, 10.7956094742, 20.1367053986, 42.2829284668, 42.0003242493, 114.239334106, 57.5147438049], [143.144882202, -99.126335144, 43.7419929504, 69.6460342407, 26.0805473328, 40.6259727478, -1.30310678482, 15.7716255188, 14.5533332825, -6.61344861984, 7.33495521545, 57.5147438049, 126.134658813]],
