{
"lowlevel": {
    "average_loudness": 0.933879852295,
    "barkbands_crest": {
        "dmean": 2.96224832535,
        "dmean2": 4.6124124527,
        "dvar": 8.3420715332,
        "dvar2": 17.8225135803,
        "max": 26.3918304443,
        "mean": 14.007185936,
        "median": 13.6012134552,
        "min": 2.31893277168,
        "var": 27.4911270142
    },
    "barkbands_flatness_db": {
        "dmean": 0.0433973409235,
        "dmean2": 0.0649245306849,
        "dvar": 0.00173753441777,
        "dvar2": 0.00377766252495,
        "max": 0.71920722723,
        "mean": 0.237616181374,
        "median": 0.210994943976,
        "min": 0.0229042284191,
        "var": 0.0162088312209
    },
    "barkbands_kurtosis": {
        "dmean": 11.0706663132,
        "dmean2": 17.0176582336,
        "dvar": 318.120178223,
        "dvar2": 734.21105957,
        "max": 360.20300293,
        "mean": 17.7192668915,
        "median": 10.9142398834,
        "min": -1.904763937,
        "var": 543.43939209
    },
    "barkbands_skewness": {
        "dmean": 1.06633937359,
        "dmean2": 1.59621024132,
        "dvar": 1.30722618103,
        "dvar2": 2.94181752205,
        "max": 15.5858917236,
        "mean": 2.85849142075,
        "median": 2.79088687897,
        "min": -3.86546158791,
        "var": 4.19573020935
    },
    "barkbands_spread": {
        "dmean": 5.65221357346,
        "dmean2": 9.20979404449,
        "dvar": 92.4402999878,
        "dvar2": 236.834396362,
        "max": 110.307121277,
        "mean": 10.9497404099,
        "median": 7.33435583115,
        "min": 0.0789218842983,
        "var": 143.304107666
    },
    "dissonance": {
        "dmean": 0.031537245959,
        "dmean2": 0.0511356629431,
        "dvar": 0.00110264262185,
        "dvar2": 0.00278465403244,
        "max": 0.500000059605,
        "mean": 0.417253762484,
        "median": 0.443752646446,
        "min": 0.0498344898224,
        "var": 0.00678738346323
    },
    "dynamic_complexity": 3.77170658112,
    "erbbands_crest": {
        "dmean": 2.8195567131,
        "dmean2": 4.46073627472,
        "dvar": 7.85814666748,
        "dvar2": 17.7768383026,
        "max": 34.3450660706,
        "mean": 11.343834877,
        "median": 9.59037017822,
        "min": 2.34679722786,
        "var": 39.9399909973
    },
    "erbbands_flatness_db": {
        "dmean": 0.0306312572211,
        "dmean2": 0.0443636476994,
        "dvar": 0.000997932977043,
        "dvar2": 0.00218635355122,
        "max": 0.629325926304,
        "mean": 0.196991980076,
        "median": 0.161677926779,
        "min": 0.047690872103,
        "var": 0.0123566314578
    },
    "erbbands_kurtosis": {
        "dmean": 2.67562246323,
        "dmean2": 4.2029542923,
        "dvar": 46.1106414795,
        "dvar2": 112.950500488,
        "max": 174.598876953,
        "mean": 3.23176336288,
        "median": 0.468173265457,
        "min": -1.89374423027,
        "var": 92.320854187
    },
    "erbbands_skewness": {
        "dmean": 0.550648212433,
        "dmean2": 0.837578415871,
        "dvar": 0.435077339411,
        "dvar2": 1.01897644997,
        "max": 10.4159269333,
        "mean": 0.988709688187,
        "median": 0.816103696823,
        "min": -4.54436779022,
        "var": 1.45328199863
    },
    "erbbands_spread": {
        "dmean": 11.0703716278,
        "dmean2": 15.8147354126,
        "dvar": 189.976364136,
        "dvar2": 394.437408447,
        "max": 184.101104736,
        "mean": 37.0125427246,
        "median": 34.0574798584,
        "min": 0.325466513634,
        "var": 623.741760254
    },
    "hfc": {
        "dmean": 6.39248657227,
        "dmean2": 9.34978866577,
        "dvar": 117.863861084,
        "dvar2": 263.152679443,
        "max": 131.452072144,
        "mean": 10.10887146,
        "median": 5.7457857132,
        "min": 1.08244610113e-16,
        "var": 160.085281372
    },
    "melbands_crest": {
        "dmean": 3.36676073074,
        "dmean2": 5.33408641815,
        "dvar": 11.3115816116,
        "dvar2": 25.4840526581,
        "max": 33.297454834,
        "mean": 18.1738605499,
        "median": 18.1000785828,
        "min": 1.53898096085,
        "var": 42.0243377686
    },
    "melbands_flatness_db": {
        "dmean": 0.0495438724756,
        "dmean2": 0.0730930268764,
        "dvar": 0.00245459447615,
        "dvar2": 0.00518456660211,
        "max": 0.866128027439,
        "mean": 0.32645842433,
        "median": 0.302065730095,
        "min": 0.0032795520965,
        "var": 0.023102145642
    },
    "melbands_kurtosis": {
        "dmean": 20.6464061737,
        "dmean2": 32.0061264038,
        "dvar": 908.796691895,
        "dvar2": 2082.15991211,
        "max": 471.215576172,
        "mean": 35.088470459,
        "median": 23.0114536285,
        "min": -1.8769351244,
        "var": 1667.74206543
    },
    "melbands_skewness": {
        "dmean": 1.26094305515,
        "dmean2": 1.90395796299,
        "dvar": 1.85420322418,
        "dvar2": 4.09517431259,
        "max": 17.1740093231,
        "mean": 3.92507171631,
        "median": 3.72387218475,
        "min": -2.18055534363,
        "var": 5.69650173187
    },
    "melbands_spread": {
        "dmean": 5.21044826508,
        "dmean2": 8.48199462891,
        "dvar": 105.694007874,
        "dvar2": 281.320465088,
        "max": 197.95664978,
        "mean": 11.6426696777,
        "median": 5.59110116959,
        "min": 0.225370109081,
        "var": 447.771911621
    },
    "pitch_salience": {
        "dmean": 0.0926870033145,
        "dmean2": 0.143879503012,
        "dvar": 0.00864827912301,
        "dvar2": 0.018519859761,
        "max": 0.956520438194,
        "mean": 0.47754624486,
        "median": 0.487214446068,
        "min": 0.0604989528656,
        "var": 0.0306027419865
    },
    "silence_rate_20dB": {
        "dmean": 0,
        "dmean2": 0,
        "dvar": 0,
        "dvar2": 0,
        "max": 1,
        "mean": 1,
        "median": 1,
        "min": 1,
        "var": 0
    },
    "silence_rate_30dB": {
        "dmean": 0.0776206031442,
        "dmean2": 0.155259981751,
        "dvar": 0.0715943053365,
        "dvar2": 0.145414531231,
        "max": 1,
        "mean": 0.922993242741,
        "median": 1,
        "min": 0,
        "var": 0.0710732415318
    },
    "silence_rate_60dB": {
        "dmean": 0.0582759045064,
        "dmean2": 0.116444982588,
        "dvar": 0.0548761710525,
        "dvar2": 0.128755837679,
        "max": 1,
        "mean": 0.117988392711,
        "median": 0,
        "min": 0,
        "var": 0.104064434767
    },
    "spectral_centroid": {
        "dmean": 227.80632019,
        "dmean2": 363.421630859,
        "dvar": 146293.1875,
        "dvar2": 354041.9375,
        "max": 11833.1552734,
        "mean": 852.200744629,
        "median": 512.175292969,
        "min": 151.956237793,
        "var": 2172123.75
    },
    "spectral_complexity": {
        "dmean": 3.51517343521,
        "dmean2": 5.44111251831,
        "dvar": 31.2951717377,
        "dvar2": 68.7698974609,
        "max": 57,
        "mean": 9.94596195221,
        "median": 9,
        "min": 0,
        "var": 56.3356018066
    },
    "spectral_decrease": {
        "dmean": 5.10981923441e-09,
        "dmean2": 7.41455341569e-09,
        "dvar": 7.69635708746e-17,
        "dvar2": 1.54168559374e-16,
        "max": 1.81185843786e-28,
        "mean": -8.65814708817e-09,
        "median": -5.34678967767e-09,
        "min": -7.04924119077e-08,
        "var": 1.28482708765e-16
    },
    "spectral_energy": {
        "dmean": 0.0197442788631,
        "dmean2": 0.0285719707608,
        "dvar": 0.00112906692084,
        "dvar2": 0.00225868797861,
        "max": 0.269375711679,
        "mean": 0.0335947833955,
        "median": 0.0209193229675,
        "min": 1.01073005177e-20,
        "var": 0.00189332372975
    },
    "spectral_energyband_high": {
        "dmean": 0.000361931568477,
        "dmean2": 0.000562081870157,
        "dvar": 7.54714847062e-07,
        "dvar2": 1.773989311e-06,
        "max": 0.0119688343257,
        "mean": 0.000360847101547,
        "median": 5.53512327315e-05,
        "min": 7.09369656148e-21,
        "var": 7.91643117282e-07
    },
    "spectral_energyband_low": {
        "dmean": 0.0138543238863,
        "dmean2": 0.0202373061329,
        "dvar": 0.000963733589742,
        "dvar2": 0.00200603576377,
        "max": 0.261129438877,
        "mean": 0.0200560502708,
        "median": 0.00367745291442,
        "min": 1.77759108038e-23,
        "var": 0.0014079506509
    },
    "spectral_energyband_middle_high": {
        "dmean": 0.000833122059703,
        "dmean2": 0.00129022600595,
        "dvar": 2.0247186967e-06,
        "dvar2": 4.63867399958e-06,
        "max": 0.0209667272866,
        "mean": 0.00148769456428,
        "median": 0.000760379713029,
        "min": 1.13872811305e-21,
        "var": 3.93727259507e-06
    },
    "spectral_energyband_middle_low": {
        "dmean": 0.0109600294381,
        "dmean2": 0.0188078396022,
        "dvar": 0.000473786378279,
        "dvar2": 0.00130550016183,
        "max": 0.141555920243,
        "mean": 0.014132344164,
        "median": 0.0079529043287,
        "min": 1.64074662184e-22,
        "var": 0.00039155248669
    },
    "spectral_entropy": {
        "dmean": 0.387383520603,
        "dmean2": 0.588387906551,
        "dvar": 0.167327895761,
        "dvar2": 0.405384272337,
        "max": 9.82651233673,
        "mean": 6.80299139023,
        "median": 7.0255317688,
        "min": 2.97085571289,
        "var": 1.35874462128
    },
    "spectral_flux": {
        "dmean": 0.0503317378461,
        "dmean2": 0.0694155171514,
        "dvar": 0.00373708759435,
        "dvar2": 0.00524141732603,
        "max": 0.533510148525,
        "mean": 0.0900244116783,
        "median": 0.0557281449437,
        "min": 6.32122687527e-11,
        "var": 0.00918716751039
    },
    "spectral_kurtosis": {
        "dmean": 16.4691543579,
        "dmean2": 27.7047481537,
        "dvar": 3090.1315918,
        "dvar2": 9497.84863281,
        "max": 1163.40039062,
        "mean": 31.0498313904,
        "median": 5.45359611511,
        "min": -1.26220107079,
        "var": 7161.63916016
    },
    "spectral_rms": {
        "dmean": 0.00141074322164,
        "dmean2": 0.00192267261446,
        "dvar": 3.23078666042e-06,
        "dvar2": 6.0322427089e-06,
        "max": 0.0162112787366,
        "mean": 0.00480812275782,
        "median": 0.00451764278114,
        "min": 3.14018797944e-12,
        "var": 9.65716844803e-06
    },
    "spectral_rolloff": {
        "dmean": 419.882965088,
        "dmean2": 739.222351074,
        "dvar": 1503703.625,
        "dvar2": 3909710.75,
        "max": 19724.4140625,
        "mean": 1029.10839844,
        "median": 322.998046875,
        "min": 64.599609375,
        "var": 8018902
    },
    "spectral_skewness": {
        "dmean": 0.76553863287,
        "dmean2": 1.19217598438,
        "dvar": 1.79498803616,
        "dvar2": 4.83928632736,
        "max": 26.6349372864,
        "mean": 3.14736914635,
        "median": 1.98914766312,
        "min": -0.0878683701158,
        "var": 12.3869781494
    },
    "spectral_spread": {
        "dmean": 1044121.8125,
        "dmean2": 1557162.5,
        "dvar": 1.62176512819e+12,
        "dvar2": 3.68174510899e+12,
        "max": 42744988,
        "mean": 5155042,
        "median": 4541511,
        "min": 82068.375,
        "var": 2.88807274414e+13
    },
    "spectral_strongpeak": {
        "dmean": 0.253948837519,
        "dmean2": 0.420032680035,
        "dvar": 0.11583224684,
        "dvar2": 0.283690005541,
        "max": 5.77969264984,
        "mean": 0.627938091755,
        "median": 0.535608172417,
        "min": 0,
        "var": 0.225103706121
    },
    "zerocrossingrate": {
        "dmean": 0.0103925801814,
        "dmean2": 0.0128259146586,
        "dvar": 0.000235743485973,
        "dvar2": 0.000349524838384,
        "max": 0.794921875,
        "mean": 0.0437014661729,
        "median": 0.02392578125,
        "min": 0.0029296875,
        "var": 0.0060747587122
    },
    "barkbands": {
        "dmean": [4.91436476295e-05, 0.00877998955548, 0.00703244889155, 0.00546697899699, 0.00426285900176, 0.00173693092074, 0.00048448407324, 0.000205702570383, 0.000317083089612, 0.000272365286946, 0.00017037577345, 0.000156064081239, 8.42105073389e-05, 0.000107175197627, 6.87653737259e-05, 6.0985035816e-05, 6.50491419947e-05, 4.96827342431e-05, 4.8153091484e-05, 5.95233286731e-05, 6.21136277914e-05, 4.83902513224e-05, 8.54237587191e-05, 6.69083528919e-05, 4.83900839754e-05, 3.2475705666e-05, 7.18842466085e-06],
        "dmean2": [8.16772299004e-05, 0.0134045295417, 0.0124229863286, 0.0100339679047, 0.00733611080796, 0.00273635983467, 0.000777565815952, 0.000331409595674, 0.000498152978253, 0.000440709496615, 0.000258683459833, 0.000241290748818, 0.000138071191031, 0.000174083033926, 0.000109213731776, 9.98610485112e-05, 0.000106664971099, 8.16333122202e-05, 7.72792045609e-05, 9.53467388172e-05, 9.70978944679e-05, 6.9666581112e-05, 0.000138296134537, 0.000105677347165, 8.04318551673e-05, 5.70868942305e-05, 1.28598912852e-05],
        "dvar": [2.05498889017e-08, 0.00048868812155, 0.000433381821495, 0.000213212697417, 8.96552664926e-05, 1.20298427646e-05, 9.84539951787e-07, 1.64709661021e-07, 4.46403930709e-07, 3.91930370824e-07, 2.43329651539e-07, 1.57333701623e-07, 2.49200908797e-08, 4.87269566918e-08, 2.49803342456e-08, 2.80107474993e-08, 2.62429704634e-08, 1.31190587283e-08, 1.28534223265e-08, 2.45725768622e-08, 2.20324487543e-08, 1.05700381781e-08, 6.20166460408e-08, 3.07515435338e-08, 2.42053523891e-08, 2.1764051894e-08, 1.20451193464e-09],
        "dvar2": [5.8996626251e-08, 0.00122463528533, 0.00117775588296, 0.000599833903834, 0.000253535690717, 3.10853574774e-05, 2.4583537197e-06, 4.0318138872e-07, 1.04285027192e-06, 9.45867213886e-07, 5.19080970207e-07, 2.84299602527e-07, 6.11858865796e-08, 1.12999032353e-07, 5.665070546e-08, 6.88248107394e-08, 6.42640713977e-08, 3.24067883639e-08, 3.10404111303e-08, 5.9296890953e-08, 4.969250611e-08, 2.05165555656e-08, 1.58274659157e-07, 7.76434418981e-08, 6.38557793309e-08, 5.99437441906e-08, 3.37180394716e-09],
        "max": [0.0024746269919, 0.212037473917, 0.178790718317, 0.11691018939, 0.0887175574899, 0.0634092763066, 0.0544047541916, 0.00636360468343, 0.00964795518667, 0.00867523252964, 0.0142285348848, 0.0178515259176, 0.00257169618271, 0.00400628056377, 0.00440032826737, 0.00263434159569, 0.00275816279463, 0.00145149673335, 0.0014745692024, 0.00174505938776, 0.00146386341657, 0.00109260505997, 0.00294008362107, 0.00336790108122, 0.00279482058249, 0.00377944228239, 0.000985354767181],
        "mean": [5.20227549714e-05, 0.010916817002, 0.0066968370229, 0.00423542968929, 0.00540585909039, 0.00292291934602, 0.000729785475414, 0.000284117704723, 0.000454266642919, 0.000378741242457, 0.000261764595052, 0.000244545517489, 0.000111876768642, 0.000154398469022, 9.7837553767e-05, 6.94928821758e-05, 7.564102998e-05, 5.52889687242e-05, 5.6424527429e-05, 6.48416680633e-05, 6.68198990752e-05, 5.56075465283e-05, 7.24664641893e-05, 6.00373205089e-05, 4.17584124079e-05, 2.41519355768e-05, 5.00874966747e-06],
        "median": [6.43764087727e-06, 0.000795085565187, 0.000552844721824, 0.000791260041296, 0.00259427283891, 0.000889650254976, 0.000276613107417, 7.82333081588e-05, 0.000101930578239, 8.42701701913e-05, 6.04715824011e-05, 7.87595708971e-05, 4.26121368946e-05, 4.92138678965e-05, 2.89006056846e-05, 1.4690930584e-05, 1.46372767631e-05, 1.11903145807e-05, 1.1174564861e-05, 1.1480206922e-05, 1.06089810288e-05, 7.6307769632e-06, 7.05577076587e-06, 7.18587398296e-06, 4.5350225264e-06, 1.51949268457e-06, 6.35744967781e-08],
        "min": [3.01624393726e-25, 3.12194267039e-24, 3.14415304918e-25, 1.40719828451e-24, 5.15335258692e-24, 4.64096297429e-24, 8.02933237137e-24, 7.25670859016e-24, 1.64637921492e-23, 1.04824657501e-23, 1.43607378853e-23, 1.77419740076e-23, 1.67198816426e-23, 2.3697510966e-23, 3.17610420354e-23, 6.03306747034e-23, 5.92168220379e-23, 8.32033621733e-23, 1.32314036667e-22, 1.61195622803e-22, 2.44110975015e-22, 3.30160881811e-22, 3.59320588747e-22, 5.68525869723e-22, 7.90295243673e-22, 1.28108961232e-21, 1.93410054124e-21],
        "var": [1.60994257925e-08, 0.000556367391255, 0.000308193324599, 0.000132800108986, 7.51174593461e-05, 2.39240325755e-05, 2.01755779017e-06, 2.93959658393e-07, 8.01667624728e-07, 6.51009088415e-07, 4.97376618114e-07, 6.00200053213e-07, 3.73129154241e-08, 8.23863501864e-08, 4.92450951128e-08, 2.98343501015e-08, 3.21486446353e-08, 1.41225031669e-08, 1.47950300899e-08, 2.61475463503e-08, 2.58460062241e-08, 1.62328106512e-08, 5.20590575093e-08, 2.73299054498e-08, 1.87640214477e-08, 1.44122696e-08, 7.52898854373e-10]
    },
    "erbbands": {
        "dmean": [0.124319881201, 2.40231919289, 7.36868333817, 14.2764816284, 16.621099472, 13.1240606308, 18.0115871429, 9.10374450684, 7.3820772171, 5.45271396637, 5.78855085373, 6.23770952225, 8.27188777924, 7.36351013184, 4.98816823959, 6.17911720276, 4.38551282883, 4.40224504471, 4.0950345993, 3.95141482353, 3.41618895531, 3.49418115616, 2.84446501732, 2.5954618454, 2.48825979233, 2.89128828049, 2.73996639252, 2.23456144333, 1.80889618397, 1.79197096825, 2.47918653488, 1.83816719055, 0.99703758955, 0.536323368549, 0.349635452032, 0.174321234226, 0.0536221191287, 0.0123925730586, 0.00119229941629, 3.62684622814e-05],
        "dmean2": [0.157917708158, 3.74350309372, 12.4568490982, 25.8064899445, 29.6767959595, 22.3253707886, 29.025062561, 14.5960969925, 11.6528911591, 9.21383666992, 8.80027961731, 10.1710262299, 13.3786973953, 11.6733798981, 7.74569416046, 9.49429416656, 7.00809907913, 7.13172054291, 6.72702789307, 6.17203617096, 5.51876163483, 5.77844905853, 4.70407581329, 4.08761644363, 4.08820056915, 4.58162260056, 4.39131259918, 3.45250916481, 2.64814043045, 2.64546203613, 4.05650043488, 2.97851777077, 1.60185456276, 0.882726192474, 0.591696679592, 0.302536040545, 0.0946165919304, 0.0218748413026, 0.00214711972512, 5.57068669877e-05],
        "dvar": [0.0751106068492, 37.6719589233, 423.803741455, 1560.64294434, 1491.01391602, 928.772705078, 1560.43945312, 301.734039307, 286.477264404, 129.10496521, 127.052848816, 175.239013672, 309.007171631, 351.469940186, 155.661376953, 251.16229248, 61.7932701111, 74.1531219482, 72.3982772827, 86.0690612793, 87.5689163208, 69.8118133545, 43.4356002808, 35.13671875, 46.6359176636, 58.7580604553, 58.3239402771, 25.0938434601, 16.0478515625, 16.9714050293, 56.2904052734, 27.6522808075, 7.78176832199, 2.33381986618, 1.62390220165, 0.693072557449, 0.052268601954, 0.00254321587272, 3.67490429198e-05, 8.67321503506e-09],
        "dvar2": [0.137362137437, 94.3286895752, 1094.11132812, 4348.40576172, 4177.10888672, 2596.61279297, 4141.01220703, 771.580078125, 723.054321289, 345.497039795, 276.913848877, 449.848175049, 749.980895996, 823.932983398, 334.1980896, 412.582946777, 145.60345459, 182.067153931, 167.446258545, 196.150848389, 210.420501709, 174.0262146, 109.238998413, 81.3341369629, 124.837478638, 139.212982178, 141.65687561, 55.5573997498, 33.8901405334, 35.3211975098, 145.288101196, 71.2393035889, 19.9227561951, 6.09143161774, 4.35981082916, 1.87990403175, 0.144974827766, 0.00703685451299, 0.000103408645373, 2.25990923752e-08],
        "max": [2.79495811462, 57.2726325989, 172.429763794, 332.683105469, 313.076019287, 420.973327637, 817.930847168, 206.658554077, 1026.12939453, 234.016616821, 239.384384155, 197.16859436, 240.420410156, 529.727355957, 296.101531982, 924.499511719, 140.559127808, 128.879653931, 162.812271118, 156.281921387, 178.927734375, 118.602394104, 73.8110961914, 68.0591964722, 95.311088562, 77.9091720581, 101.860290527, 61.8371543884, 50.118057251, 46.0322036743, 95.4898986816, 62.5225257874, 57.2101478577, 26.1609954834, 26.5541267395, 21.8089141846, 4.83098316193, 1.10454618931, 0.169498637319, 0.00231334171258],
        "mean": [0.199257984757, 2.86903095245, 7.80073785782, 11.9653491974, 16.6115512848, 16.8793907166, 29.6372566223, 14.5002212524, 11.35460186, 7.0973739624, 9.38749504089, 8.42695617676, 11.6701173782, 11.1120958328, 7.56715297699, 9.89555263519, 6.37145519257, 6.08729314804, 6.1994342804, 5.57787704468, 4.16985607147, 4.11050462723, 3.2471601963, 2.99775457382, 2.74076199532, 3.17529678345, 2.79065656662, 2.46675038338, 2.02937626839, 1.88291525841, 2.0635933876, 1.55784761906, 0.893943011761, 0.483501106501, 0.283269584179, 0.13325701654, 0.0391282811761, 0.00903614237905, 0.000827886688057, 5.05290590809e-05],
        "median": [0.0145827382803, 0.242898255587, 0.882803320885, 2.43418669701, 4.20914745331, 8.25330352783, 9.06249237061, 5.76591777802, 4.28683137894, 2.4824693203, 2.61464595795, 2.25679969788, 3.16304254532, 2.96010541916, 2.80763840675, 3.09567761421, 2.5790848732, 2.41589832306, 2.43978977203, 1.79173648357, 1.12200832367, 0.943978428841, 0.65560233593, 0.658646821976, 0.604421973228, 0.512924492359, 0.472957730293, 0.340293884277, 0.278838932514, 0.237840041518, 0.192900434136, 0.157151818275, 0.112691685557, 0.0593677908182, 0.0227788165212, 0.00835188105702, 0.00246077938937, 0.00037825430627, 2.93697594316e-05, 2.69293141173e-05],
        "min": [7.00483177178e-23, 6.82226348368e-22, 6.51726234225e-22, 4.73125096057e-21, 7.67139093868e-21, 2.55847318892e-20, 5.273309363e-20, 6.86484428188e-20, 8.35722997212e-20, 1.79179276024e-19, 1.52240381617e-19, 3.26384480005e-19, 2.47256847898e-19, 5.00597609201e-19, 9.98682657291e-19, 8.55385610285e-19, 1.35364064399e-18, 1.73814965807e-18, 2.05496727731e-18, 3.37203237276e-18, 3.4281997975e-18, 3.63045517665e-18, 5.27421566861e-18, 5.25680186236e-18, 5.96157546068e-18, 7.58016815533e-18, 9.56006796487e-18, 9.57043915539e-18, 1.0265317192e-17, 1.10535607588e-17, 9.75958641016e-18, 1.12887753563e-17, 8.84958847468e-18, 8.3575740017e-18, 6.15267362093e-18, 4.22258373274e-18, 2.2009485254e-18, 9.56798573769e-19, 2.39961114895e-19, 2.81108186953e-20],
        "var": [0.161911517382, 39.9502296448, 348.870758057, 1004.76971436, 1136.09960938, 797.930908203, 2925.08813477, 467.567047119, 599.477294922, 153.873535156, 318.046264648, 245.079299927, 512.225219727, 603.662231445, 299.477172852, 1194.42358398, 110.978462219, 100.458198547, 128.991485596, 136.876525879, 103.740074158, 82.5364303589, 46.7641067505, 42.5220870972, 41.3540992737, 64.4847793579, 57.9704971313, 31.5450077057, 22.1766681671, 22.054851532, 45.5633621216, 22.8983325958, 6.52652454376, 1.89455342293, 1.18874919415, 0.481494873762, 0.0338229611516, 0.00165841099806, 2.25339244935e-05, 7.54064188868e-09]
    },
    "gfcc": {
        "mean": [-113.318832397, 120.42754364, -78.3164901733, 20.63098526, -53.4737510681, 9.60335826874, -39.5312728882, -7.59236001968, -26.2340679169, -3.69267606735, -13.243514061, -3.63527965546, -7.18099880219],
        "cov": [[42750.640625, -1385.16967773, -3695.53955078, 2371.20654297, -1755.41540527, 1624.43579102, -717.743225098, 1290.33068848, -602.176696777, 275.640808105, -891.765991211, 235.52696228, -414.742858887], [-1385.16967773, 3454.29516602, 280.398895264, -788.711181641, 407.769256592, -532.177368164, 60.1841163635, -677.592956543, 128.019348145, -305.59979248, 249.375228882, -292.959320068, 177.447738647], [-3695.53955078, 280.398895264, 1698.3828125, -111.079711914, 170.190673828, -169.710281372, 81.6993331909, -163.224990845, -5.84019184113, 28.9033718109, 24.5264034271, 20.3266811371, -24.0350151062], [2371.20654297, -788.711181641, -111.079711914, 926.184326172, 31.0259494781, 431.143768311, 171.634521484, 374.746490479, 108.38671875, 150.797454834, -24.8860607147, 63.0259170532, 1.74579977989], [-1755.41540527, 407.769256592, 170.190673828, 31.0259494781, 551.498291016, 132.837417603, 249.216049194, 35.0036888123, 173.284851074, 12.8233852386, 68.5162200928, -29.3556022644, 63.7347297668], [1624.43579102, -532.177368164, -169.710281372, 431.143768311, 132.837417603, 544.007019043, 205.626251221, 325.940124512, 117.221427917, 141.081756592, -39.8735237122, 44.8992767334, 6.24584007263], [-717.743225098, 60.1841163635, 81.6993331909, 171.634521484, 249.216049194, 205.626251221, 331.664459229, 166.914718628, 149.821868896, 53.3559417725, 43.7145843506, -9.95462036133, 44.8010063171], [1290.33068848, -677.592956543, -163.224990845, 374.746490479, 35.0036888123, 325.940124512, 166.914718628, 437.133148193, 107.614494324, 126.48903656, -37.0988006592, 66.8766937256, -25.5156478882], [-602.176696777, 128.019348145, -5.84019184113, 108.38671875, 173.284851074, 117.221427917, 149.821868896, 107.614494324, 205.315170288, 55.2929153442, 64.707572937, -22.0950489044, 52.2418212891], [275.640808105, -305.59979248, 28.9033718109, 150.797454834, 12.8233852386, 141.081756592, 53.3559417725, 126.48903656, 55.2929153442, 144.902236938, 14.1166601181, 40.9521942139, -4.10824346542], [-891.765991211, 249.375228882, 24.5264034271, -24.8860607147, 68.5162200928, -39.8735237122, 43.7145843506, -37.0988006592, 64.707572937, 14.1166601181, 163.173965454, 16.8179397583, 40.3843536377], [235.52696228, -292.959320068, 20.3266811371, 63.0259170532, -29.3556022644, 44.8992767334, -9.95462036133, 66.8766937256, -22.0950489044, 40.9521942139, 16.8179397583, 148.471572876, 12.9359350204], [-414.742858887, 177.447738647, -24.0350151062, 1.74579977989, 63.7347297668, 6.24584007263, 44.8010063171, -25.5156478882, 52.2418212891, -4.10824346542, 40.3843536377, 12.9359350204, 106.263549805]],
        "icov": [[7.88024772191e-05, -0.000198108915356, 0.000127987601445, -0.000203534174943, 0.000192354666069, -0.000200137350475, 0.000196788198082, -0.000190833758097, 0.000226480362471, -0.000158959330292, 0.000351809343556, -0.000230370176723, 0.000215132342419], [-0.000198108915356, 0.00123328762129, -0.000350708287442, 0.000742829404771, -0.000697587849572, 0.000539866567124, -0.000700333737768, 0.0011482151458, -0.000977978808805, 0.00116026389878, -0.00153096672148, 0.00141278002411, -0.00103105150629], [0.000127987601445, -0.000350708287442, 0.000964054255746, -0.000441627402324, 8.30628268886e-05, 0.000142868419061, -0.000233149810811, 0.000239049724769, 0.000381722813472, -0.000952520873398, 0.000927928951569, -0.000856691447552, 0.000935110263526], [-0.000203534174943, 0.000742829404771, -0.000441627402324, 0.0025498168543, -0.000274864200037, -0.000531457713805, -0.000531920173671, -0.000262701010797, -0.000674426963087, 0.000433943438111, -0.00132631231099, 0.000980533426628, -0.00108630082104], [0.000192354666069, -0.000697587849572, 8.30628268886e-05, -0.000274864200037, 0.00401402404532, -0.0013019425096, -0.00142072408926, 0.000329803238856, -0.00131694949232, 0.0003179119376, 0.000943526334595, -0.00108596810605, 0.000719471427146], [-0.000200137350475, 0.000539866567124, 0.000142868419061, -0.000531457713805, -0.0013019425096, 0.00549760460854, -0.00182382878847, -0.000745122437365, -0.000438190880232, -0.00188326311763, 0.000676178198773, 0.000324972410453, -0.000747753540054], [0.000196788198082, -0.000700333737768, -0.000233149810811, -0.000531920173671, -0.00142072408926, -0.00182382878847, 0.00792924780399, -0.00307114399038, -0.000289285642793, 0.000310442061163, -0.000301174906781, 0.000746189558413, -0.00104972429108], [-0.000190833758097, 0.0011482151458, 0.000239049724769, -0.000262701010797, 0.000329803238856, -0.000745122437365, -0.00307114399038, 0.00816285051405, -0.00394489523023, -0.000289325573249, 0.000662404345348, -0.00173513207119, 0.00238471734338], [0.000226480362471, -0.000977978808805, 0.000381722813472, -0.000674426963087, -0.00131694949232, -0.000438190880232, -0.000289285642793, -0.00394489523023, 0.0129425264895, -0.0034533906728, -0.00208632205613, 0.0029913156759, -0.0034628037829], [-0.000158959330292, 0.00116026389878, -0.000952520873398, 0.000433943438111, 0.0003179119376, -0.00188326311763, 0.000310442061163, -0.000289325573249, -0.0034533906728, 0.0131046921015, -0.00296636857092, -0.000550690921955, 0.000337956502335], [0.000351809343556, -0.00153096672148, 0.000927928951569, -0.00132631231099, 0.000943526334595, 0.000676178198773, -0.000301174906781, 0.000662404345348, -0.00208632205613, -0.00296636857092, 0.0113404225558, -0.00434094201773, 0.00097132450901], [-0.000230370176723, 0.00141278002411, -0.000856691447552, 0.000980533426628, -0.00108596810605, 0.000324972410453, 0.000746189558413, -0.00173513207119, 0.0029913156759, -0.000550690921955, -0.00434094201773, 0.0116170775145, -0.00482353614643], [0.000215132342419, -0.00103105150629, 0.000935110263526, -0.00108630082104, 0.000719471427146, -0.000747753540054, -0.00104972429108, 0.00238471734338, -0.0034628037829, 0.000337956502335, 0.00097132450901, -0.00482353614643, 0.0147624257952]]
    },
    "melbands": {
        "dmean": [0.00181791977957, 0.00348330521956, 0.00253066443838, 0.00105331721716, 0.000580347143114, 0.000234330102103, 0.000104971033579, 5.43644528079e-05, 5.34451683052e-05, 3.85544299206e-05, 4.26246588177e-05, 3.13798154821e-05, 2.06365948543e-05, 1.347626403e-05, 1.76404300873e-05, 7.97635766503e-06, 8.75356818142e-06, 7.70606857259e-06, 5.6651815612e-06, 4.78815400129e-06, 4.00517592425e-06, 3.79778953175e-06, 3.1343054161e-06, 2.20814854401e-06, 2.19810453927e-06, 1.77701406301e-06, 1.9614192297e-06, 1.98686461772e-06, 1.88051842542e-06, 1.40621057199e-06, 1.23076529235e-06, 1.09073152998e-06, 9.00427664874e-07, 1.0181036032e-06, 1.3153872942e-06, 1.68646238308e-06, 8.99936708265e-07, 7.13736085345e-07, 5.88946420521e-07, 4.16538682657e-07],
        "dmean2": [0.00258665462025, 0.00557892909274, 0.00452793901786, 0.00183815904893, 0.000939922814723, 0.000371425150661, 0.000167297228472, 9.17114011827e-05, 8.01152491476e-05, 6.33758827462e-05, 6.86975909048e-05, 4.99323687109e-05, 3.16225232382e-05, 2.09963945963e-05, 2.73240402748e-05, 1.30258440549e-05, 1.42307562783e-05, 1.26714512589e-05, 8.92913703865e-06, 7.67538676882e-06, 6.47243768981e-06, 6.30654176348e-06, 5.21164383827e-06, 3.59360933544e-06, 3.48430512531e-06, 2.92908930533e-06, 3.23750259668e-06, 3.17823037221e-06, 3.07113100462e-06, 2.21655523092e-06, 1.9038774326e-06, 1.62966716744e-06, 1.32808804665e-06, 1.53050143581e-06, 2.13388989323e-06, 2.83953727376e-06, 1.43300997024e-06, 1.14901251891e-06, 9.66682250692e-07, 6.94533582646e-07],
        "dvar": [1.86991728697e-05, 8.16667234176e-05, 4.19712487201e-05, 5.72941780774e-06, 1.51165806983e-06, 1.93911574797e-07, 5.19756682138e-08, 1.28121699916e-08, 1.18837721885e-08, 7.03294356086e-09, 8.40740010943e-09, 6.04613292765e-09, 3.1908826692e-09, 2.04046934904e-09, 1.29641475333e-09, 2.59243321254e-10, 3.06172587283e-10, 3.19914428282e-10, 2.16107409745e-10, 1.5066417558e-10, 1.30322919123e-10, 8.79991218783e-11, 6.05590022573e-11, 2.43645208176e-11, 2.68476456344e-11, 1.98632100351e-11, 3.20851817337e-11, 2.91842383593e-11, 3.24977267319e-11, 1.05898016051e-11, 7.73148125383e-12, 6.81755129781e-12, 3.41130877886e-12, 6.12383537976e-12, 1.52763062616e-11, 2.94750265861e-11, 6.47896450032e-12, 4.53126121694e-12, 2.44042741744e-12, 1.57578063011e-12],
        "dvar2": [4.35185720562e-05, 0.000197156812646, 0.000115511502372, 1.61070329341e-05, 4.07157722293e-06, 4.94939570217e-07, 1.31299373152e-07, 3.4088884604e-08, 2.43826878688e-08, 1.82703505658e-08, 2.02110204128e-08, 1.436332564e-08, 6.82012446518e-09, 3.72264352677e-09, 2.56821452993e-09, 6.35023922335e-10, 7.5045353265e-10, 7.24748816516e-10, 4.84029316627e-10, 3.67033209381e-10, 3.11342979176e-10, 2.18473017455e-10, 1.48928883115e-10, 6.01896865682e-11, 6.32645671961e-11, 5.18056118837e-11, 8.69552763128e-11, 6.96461568972e-11, 8.21230514148e-11, 2.44205298344e-11, 1.7239664557e-11, 1.51908260276e-11, 6.49677317152e-12, 1.36326982689e-11, 3.88883855673e-11, 7.86111870044e-11, 1.65594152973e-11, 1.17135736874e-11, 6.26797702283e-12, 4.20453082073e-12],
        "max": [0.044284209609, 0.0735433623195, 0.0512719266117, 0.022174898535, 0.0233162343502, 0.00569952279329, 0.0132075324655, 0.00239382614382, 0.00232989387587, 0.00119447300676, 0.00120351370424, 0.00195829919539, 0.00137929711491, 0.0020120930858, 0.00113872496877, 0.000284057750832, 0.000279803876765, 0.000378154887585, 0.000465219549369, 0.000264536472969, 0.000225782874622, 0.00017312746786, 0.000102499136119, 6.08230548096e-05, 6.39557474642e-05, 5.60826229048e-05, 8.3934275608e-05, 5.75413359911e-05, 8.11486097518e-05, 3.75183299184e-05, 3.18689671985e-05, 3.66236090485e-05, 1.93670111912e-05, 3.16759760608e-05, 5.30593461008e-05, 6.58075805404e-05, 4.84805241285e-05, 4.786503996e-05, 2.51951150858e-05, 2.33756181842e-05],
        "mean": [0.00250501651317, 0.00413658004254, 0.00222154147923, 0.00122342223767, 0.000937823322602, 0.000388906977605, 0.000158864844707, 6.76112540532e-05, 8.72235177667e-05, 5.0248891057e-05, 5.99409759161e-05, 4.69464430353e-05, 3.09064052999e-05, 2.05540363822e-05, 2.64299051196e-05, 1.02456851891e-05, 1.17617737487e-05, 1.10648397822e-05, 8.09414268588e-06, 5.80792402616e-06, 4.69125325253e-06, 4.40901976617e-06, 3.43652914125e-06, 2.49856839218e-06, 2.43686827162e-06, 2.01459852178e-06, 2.01978218684e-06, 2.12414852285e-06, 1.78165817033e-06, 1.54630015459e-06, 1.34922879624e-06, 1.18090656542e-06, 1.01936166175e-06, 1.02573073946e-06, 1.12107682071e-06, 1.30343732963e-06, 8.04614103345e-07, 6.39110680822e-07, 5.17595140082e-07, 3.69827404256e-07],
        "median": [0.000182288495125, 0.000573003140744, 0.000576793099754, 0.000455553177744, 0.000354427320417, 0.000149766536197, 6.09769849689e-05, 2.12627965084e-05, 2.18933964788e-05, 1.20537151815e-05, 1.47508017108e-05, 1.17780909932e-05, 9.000402315e-06, 5.59791806154e-06, 7.84370968177e-06, 3.23736412611e-06, 4.10714073951e-06, 3.42299472322e-06, 2.13757562051e-06, 1.24958410197e-06, 9.19913077269e-07, 9.4840413567e-07, 5.69724136312e-07, 5.01751742377e-07, 4.86951648782e-07, 3.98164360149e-07, 3.98887095798e-07, 2.8236036087e-07, 2.54736960414e-07, 2.42916883053e-07, 1.70632318941e-07, 1.55374664246e-07, 1.34527923024e-07, 1.22479320908e-07, 1.04369171083e-07, 1.01280136278e-07, 8.65097931069e-08, 7.4546321116e-08, 6.67567121582e-08, 4.24744470706e-08],
        "min": [1.22584290949e-24, 8.69906896902e-25, 1.2701165445e-24, 1.12767410022e-24, 1.85222982546e-24, 1.42468999318e-24, 1.35209349066e-24, 1.39374317709e-24, 1.18521588262e-24, 2.30557753806e-24, 5.45954904589e-25, 1.21149303659e-24, 2.0493458525e-24, 2.62992341849e-24, 3.06441065014e-24, 1.67245020009e-24, 2.72363043048e-24, 2.52848438633e-24, 3.12628850512e-24, 3.66435317363e-24, 2.93268389518e-24, 3.20562779623e-24, 3.92042767866e-24, 4.31808615009e-24, 3.52998294577e-24, 3.70127778045e-24, 4.7886085479e-24, 4.46957268744e-24, 4.92998228287e-24, 4.75695905395e-24, 4.48000497848e-24, 4.40979754121e-24, 5.51246021478e-24, 6.02192275902e-24, 3.71938923797e-24, 6.09842293973e-24, 5.54221289268e-24, 4.95848934941e-24, 5.46010391093e-24, 6.17185642368e-24],
        "var": [2.70145392278e-05, 8.15559178591e-05, 2.82077726297e-05, 4.71136127089e-06, 2.44887201006e-06, 3.40125325238e-07, 1.06549371992e-07, 1.49793049076e-08, 3.0611044366e-08, 9.25315468692e-09, 1.43292444577e-08, 1.0179576293e-08, 6.23035179004e-09, 7.249563172e-09, 3.91300591929e-09, 3.80351999896e-10, 4.18489465304e-10, 5.51138745752e-10, 4.55172566305e-10, 1.73475581122e-10, 1.60553764728e-10, 1.09905591572e-10, 6.88434864671e-11, 2.73747361584e-11, 3.12913236988e-11, 1.9932411624e-11, 2.69965889921e-11, 3.14620378361e-11, 2.91038131095e-11, 1.27602902203e-11, 9.64408154031e-12, 8.49997849883e-12, 5.22642215964e-12, 7.17155631755e-12, 1.28846308622e-11, 2.15873482284e-11, 5.60144508902e-12, 3.69523769223e-12, 2.03347950457e-12, 1.21637801827e-12]
    },
    "mfcc": {
        "mean": [-745.666015625, 144.054046631, 31.4670696259, 18.287940979, 7.1718711853, 9.35565567017, -0.236089810729, -3.68323016167, -7.54434919357, -4.7394285202, -7.34125137329, -5.61928129196, -5.63440656662],
        "cov": [[17889.2441406, -430.115234375, -1076.80163574, 285.911010742, -34.5358467102, 379.964416504, 316.531890869, 745.512573242, 586.035339355, 539.873779297, 202.437606812, 233.61164856, -0.0659316033125], [-430.115234375, 2532.93603516, 190.692199707, -96.7342300415, 83.0743713379, 40.6309967041, -40.8409729004, -183.914901733, -152.323257446, -133.593276978, -92.2829589844, -128.014068604, -93.4434204102], [-1076.80163574, 190.692199707, 1168.97802734, 217.910522461, 17.8463802338, 5.71127176285, -28.8394584656, -92.2709655762, -100.162223816, -87.0834503174, -32.6600341797, -18.6775283813, 0.0859403759241], [285.911010742, -96.7342300415, 217.910522461, 425.972900391, 126.058250427, 111.061233521, 95.9142684937, 104.100273132, 97.3634338379, 75.7384109497, 53.4721260071, 68.7158508301, 53.5889892578], [-34.5358467102, 83.0743713379, 17.8463802338, 126.058250427, 252.42980957, 140.372344971, 82.1077957153, 85.850769043, 96.1763381958, 83.0478515625, 49.7297172546, 48.6562461853, 52.9462585449], [379.964416504, 40.6309967041, 5.71127176285, 111.061233521, 140.372344971, 300.65145874, 139.856277466, 107.609985352, 143.841644287, 131.049987793, 58.0364990234, 43.6559104919, 39.1733665466], [316.531890869, -40.8409729004, -28.8394584656, 95.9142684937, 82.1077957153, 139.856277466, 202.936309814, 149.008834839, 133.582794189, 126.618843079, 81.4925384521, 65.3535232544, 33.417640686], [745.512573242, -183.914901733, -92.2709655762, 104.100273132, 85.850769043, 107.609985352, 149.008834839, 256.862335205, 190.565704346, 146.258651733, 91.185005188, 84.2775421143, 55.881855011], [586.035339355, -152.323257446, -100.162223816, 97.3634338379, 96.1763381958, 143.841644287, 133.582794189, 190.565704346, 271.10647583, 198.951522827, 94.9860305786, 71.3136901855, 33.1478118896], [539.873779297, -133.593276978, -87.0834503174, 75.7384109497, 83.0478515625, 131.049987793, 126.618843079, 146.258651733, 198.951522827, 256.277648926, 126.733886719, 67.0822525024, 17.1834869385], [202.437606812, -92.2829589844, -32.6600341797, 53.4721260071, 49.7297172546, 58.0364990234, 81.4925384521, 91.185005188, 94.9860305786, 126.733886719, 137.059265137, 71.4403762817, 27.4040279388], [233.61164856, -128.014068604, -18.6775283813, 68.7158508301, 48.6562461853, 43.6559104919, 65.3535232544, 84.2775421143, 71.3136901855, 67.0822525024, 71.4403762817, 136.296432495, 70.6603012085], [-0.0659316033125, -93.4434204102, 0.0859403759241, 53.5889892578, 52.9462585449, 39.1733665466, 33.417640686, 55.881855011, 33.1478118896, 17.1834869385, 27.4040279388, 70.6603012085, 129.481674194]],
