{
"lowlevel": {
    "average_loudness": 0.911615431309,
    "barkbands_crest": {
        "dmean": 3.14033150673,
        "dmean2": 4.45345973969,
        "dvar": 7.84665775299,
        "dvar2": 15.9903106689,
        "max": 26.585105896,
        "mean": 13.0444574356,
        "median": 11.9240112305,
        "min": 3.06293511391,
        "var": 30.2958755493
    },
    "barkbands_flatness_db": {
        "dmean": 0.0367683134973,
        "dmean2": 0.0474493317306,
        "dvar": 0.00138373079244,
        "dvar2": 0.0021497302223,
        "max": 0.545223653316,
        "mean": 0.196230232716,
        "median": 0.172152265906,
        "min": 0.0413807220757,
        "var": 0.00792105682194
    },
    "barkbands_kurtosis": {
        "dmean": 16.3474769592,
        "dmean2": 23.2689933777,
        "dvar": 6116.92773438,
        "dvar2": 14092.8125,
        "max": 3002.60107422,
        "mean": 20.9629020691,
        "median": 6.68908023834,
        "min": -1.88219690323,
        "var": 7305.09130859
    },
    "barkbands_skewness": {
        "dmean": 1.04055297375,
        "dmean2": 1.39844727516,
        "dvar": 2.55016922951,
        "dvar2": 4.88031339645,
        "max": 42.5615730286,
        "mean": 2.65945911407,
        "median": 2.13386154175,
        "min": -11.1093006134,
        "var": 6.85053062439
    },
    "barkbands_spread": {
        "dmean": 4.25209712982,
        "dmean2": 6.18399858475,
        "dvar": 30.9031257629,
        "dvar2": 68.1491928101,
        "max": 118.731666565,
        "mean": 11.5573406219,
        "median": 9.4227142334,
        "min": 0.0669829323888,
        "var": 98.6817703247
    },
    "dissonance": {
        "dmean": 0.0267419442534,
        "dmean2": 0.0443810522556,
        "dvar": 0.000654914008919,
        "dvar2": 0.00174461468123,
        "max": 0.500000238419,
        "mean": 0.441729635,
        "median": 0.450762242079,
        "min": 0.220433577895,
        "var": 0.00165923591703
    },
    "dynamic_complexity": 3.86975812912,
    "erbbands_crest": {
        "dmean": 3.1190366745,
        "dmean2": 4.90470075607,
        "dvar": 9.10485172272,
        "dvar2": 20.0636940002,
        "max": 31.4751586914,
        "mean": 11.8930025101,
        "median": 10.5012216568,
        "min": 2.37661647797,
        "var": 32.8132591248
    },
    "erbbands_flatness_db": {
        "dmean": 0.0253358315676,
        "dmean2": 0.036509655416,
        "dvar": 0.000642279919703,
        "dvar2": 0.001330928877,
        "max": 0.456364899874,
        "mean": 0.183516547084,
        "median": 0.176668420434,
        "min": 0.0459776297212,
        "var": 0.00324655184522
    },
    "erbbands_kurtosis": {
        "dmean": 2.12658953667,
        "dmean2": 3.24476623535,
        "dvar": 12.7080411911,
        "dvar2": 28.4534759521,
        "max": 61.0644454956,
        "mean": 2.62654280663,
        "median": 1.11674165726,
        "min": -1.83653354645,
        "var": 28.6670207977
    },
    "erbbands_skewness": {
        "dmean": 0.527294099331,
        "dmean2": 0.771700441837,
        "dvar": 0.282717853785,
        "dvar2": 0.593668162823,
        "max": 7.01185512543,
        "mean": 1.04544699192,
        "median": 0.943684637547,
        "min": -2.08457756042,
        "var": 1.09322285652
    },
    "erbbands_spread": {
        "dmean": 9.84768772125,
        "dmean2": 14.939160347,
        "dvar": 141.199203491,
        "dvar2": 305.341552734,
        "max": 158.297805786,
        "mean": 32.1166992188,
        "median": 28.2502689362,
        "min": 1.3473508358,
        "var": 392.834533691
    },
    "hfc": {
        "dmean": 5.11330652237,
        "dmean2": 6.80889892578,
        "dvar": 46.5215110779,
        "dvar2": 89.944480896,
        "max": 91.9634017944,
        "mean": 11.4458522797,
        "median": 7.49333286285,
        "min": 1.16015521982e-16,
        "var": 121.735809326
    },
    "melbands_crest": {
        "dmean": 3.59544730186,
        "dmean2": 5.54572343826,
        "dvar": 11.2518129349,
        "dvar2": 22.2770233154,
        "max": 35.650188446,
        "mean": 16.9281177521,
        "median": 15.8694648743,
        "min": 2.12054443359,
        "var": 45.6638717651
    },
    "melbands_flatness_db": {
        "dmean": 0.0421165935695,
        "dmean2": 0.0531997978687,
        "dvar": 0.00196281843819,
        "dvar2": 0.00293174874969,
        "max": 0.691010117531,
        "mean": 0.273467510939,
        "median": 0.245116576552,
        "min": 0.00673380494118,
        "var": 0.012314430438
    },
    "melbands_kurtosis": {
        "dmean": 17.6253490448,
        "dmean2": 25.1874809265,
        "dvar": 1662.34460449,
        "dvar2": 3054.75341797,
        "max": 1651.25610352,
        "mean": 29.0869159698,
        "median": 12.9508180618,
        "min": -1.54917562008,
        "var": 3551.37304688
    },
    "melbands_skewness": {
        "dmean": 1.07569897175,
        "dmean2": 1.5296561718,
        "dvar": 1.63291192055,
        "dvar2": 3.11142921448,
        "max": 31.4385185242,
        "mean": 3.23488402367,
        "median": 2.75753378868,
        "min": -1.18384957314,
        "var": 5.54180574417
    },
    "melbands_spread": {
        "dmean": 4.22600746155,
        "dmean2": 6.06000614166,
        "dvar": 33.4324111938,
        "dvar2": 67.6969604492,
        "max": 188.887359619,
        "mean": 12.2463703156,
        "median": 9.38245105743,
        "min": 0.151168882847,
        "var": 168.231643677
    },
    "pitch_salience": {
        "dmean": 0.0968595519662,
        "dmean2": 0.141696497798,
        "dvar": 0.00908329896629,
        "dvar2": 0.0192231591791,
        "max": 0.917674064636,
        "mean": 0.496170461178,
        "median": 0.518483519554,
        "min": 0.0300342943519,
        "var": 0.0282256044447
    },
    "silence_rate_20dB": {
        "dmean": 0,
        "dmean2": 0,
        "dvar": 0,
        "dvar2": 0,
        "max": 1,
        "mean": 1,
        "median": 1,
        "min": 1,
        "var": 0
    },
    "silence_rate_30dB": {
        "dmean": 0.089085072279,
        "dmean2": 0.178193986416,
        "dvar": 0.0811480954289,
        "dvar2": 0.148036167026,
        "max": 1,
        "mean": 0.882573246956,
        "median": 1,
        "min": 0,
        "var": 0.103640720248
    },
    "silence_rate_60dB": {
        "dmean": 0.0379882305861,
        "dmean2": 0.075986623764,
        "dvar": 0.0365468636155,
        "dvar2": 0.0846603661776,
        "max": 1,
        "mean": 0.0821184962988,
        "median": 0,
        "min": 0,
        "var": 0.0753756612539
    },
    "spectral_centroid": {
        "dmean": 204.487915039,
        "dmean2": 298.41027832,
        "dvar": 77721.765625,
        "dvar2": 140453.140625,
        "max": 10646.0986328,
        "mean": 802.024597168,
        "median": 703.453674316,
        "min": 101.509971619,
        "var": 270287.34375
    },
    "spectral_complexity": {
        "dmean": 2.68325304985,
        "dmean2": 4.16655540466,
        "dvar": 9.71285057068,
        "dvar2": 20.3234443665,
        "max": 36,
        "mean": 10.8013906479,
        "median": 10,
        "min": 0,
        "var": 29.6612567902
    },
    "spectral_decrease": {
        "dmean": 5.48638334763e-09,
        "dmean2": 6.84570977683e-09,
        "dvar": 8.62079362597e-17,
        "dvar2": 1.24251779193e-16,
        "max": 1.21499252987e-16,
        "mean": -9.89516824035e-09,
        "median": -4.20825330139e-09,
        "min": -7.47305790583e-08,
        "var": 1.92667993537e-16
    },
    "spectral_energy": {
        "dmean": 0.0210964661092,
        "dmean2": 0.026345282793,
        "dvar": 0.00125049240887,
        "dvar2": 0.00180532422382,
        "max": 0.284603744745,
        "mean": 0.0383847989142,
        "median": 0.016621677205,
        "min": 1.07615486835e-20,
        "var": 0.00280756992288
    },
    "spectral_energyband_high": {
        "dmean": 0.000126626371639,
        "dmean2": 0.000189744969248,
        "dvar": 4.14091765322e-08,
        "dvar2": 9.05011745544e-08,
        "max": 0.00341297546402,
        "mean": 0.000197897403268,
        "median": 0.000123784790048,
        "min": 8.19404387781e-21,
        "var": 6.36788897168e-08
    },
    "spectral_energyband_low": {
        "dmean": 0.0171819273382,
        "dmean2": 0.0218510162085,
        "dvar": 0.0013934118906,
        "dvar2": 0.00225583300926,
        "max": 0.277104526758,
        "mean": 0.022597078234,
        "median": 0.00277462415397,
        "min": 7.50104863145e-23,
        "var": 0.00246171071194
    },
    "spectral_energyband_middle_high": {
        "dmean": 0.00132947205566,
        "dmean2": 0.00183936930262,
        "dvar": 9.46733962337e-06,
        "dvar2": 1.84605269169e-05,
        "max": 0.0590437464416,
        "mean": 0.00255404599011,
        "median": 0.00106244231574,
        "min": 1.46094606169e-21,
        "var": 2.06437362067e-05
    },
    "spectral_energyband_middle_low": {
        "dmean": 0.00964336283505,
        "dmean2": 0.0163321066648,
        "dvar": 0.00033906774479,
        "dvar2": 0.000913716154173,
        "max": 0.138348355889,
        "mean": 0.0150769902393,
        "median": 0.00757665047422,
        "min": 3.99839034438e-22,
        "var": 0.000377608434064
    },
    "spectral_entropy": {
        "dmean": 0.298878610134,
        "dmean2": 0.436886131763,
        "dvar": 0.102763913572,
        "dvar2": 0.208201542497,
        "max": 9.79506969452,
        "mean": 7.0782828331,
        "median": 7.13889741898,
        "min": 4.60100793839,
        "var": 0.42565086484
    },
    "spectral_flux": {
        "dmean": 0.0484012663364,
        "dmean2": 0.0612706542015,
        "dvar": 0.00417786138132,
        "dvar2": 0.00565601186827,
        "max": 0.537241458893,
        "mean": 0.104023702443,
        "median": 0.0645476132631,
        "min": 1.03737886337e-10,
        "var": 0.0118736475706
    },
    "spectral_kurtosis": {
        "dmean": 3.65351843834,
        "dmean2": 5.90958070755,
        "dvar": 38.3404922485,
        "dvar2": 95.9866714478,
        "max": 164.136749268,
        "mean": 9.05336380005,
        "median": 4.95928478241,
        "min": -1.23080694675,
        "var": 251.000518799
    },
    "spectral_rms": {
        "dmean": 0.00143936660606,
        "dmean2": 0.00172056630254,
        "dvar": 3.50103323399e-06,
        "dvar2": 4.59363673144e-06,
        "max": 0.0166631992906,
        "mean": 0.00504694413394,
        "median": 0.00402694288641,
        "min": 3.24022709705e-12,
        "var": 1.19768574223e-05
    },
    "spectral_rolloff": {
        "dmean": 243.603210449,
        "dmean2": 395.934112549,
        "dvar": 281730.4375,
        "dvar2": 581077.5625,
        "max": 18561.6210938,
        "mean": 805.067749023,
        "median": 473.73046875,
        "min": 64.599609375,
        "var": 1925003.75
    },
    "spectral_skewness": {
        "dmean": 0.411777466536,
        "dmean2": 0.63315731287,
        "dvar": 0.219605460763,
        "dvar2": 0.48824608326,
        "max": 10.3102025986,
        "mean": 2.06068944931,
        "median": 1.81380426884,
        "min": 0.0228745751083,
        "var": 1.37838029861
    },
    "spectral_spread": {
        "dmean": 646412.375,
        "dmean2": 962606,
        "dvar": 625842847744,
        "dvar2": 1.16127249203e+12,
        "max": 42064960,
        "mean": 4183398.5,
        "median": 4110365.75,
        "min": 487164.90625,
        "var": 2.20475503411e+12
    },
    "spectral_strongpeak": {
        "dmean": 0.478428542614,
        "dmean2": 0.739314496517,
        "dvar": 0.540519475937,
        "dvar2": 1.24915993214,
        "max": 9.72187805176,
        "mean": 0.952905356884,
        "median": 0.616053044796,
        "min": 0,
        "var": 1.04839813709
    },
    "zerocrossingrate": {
        "dmean": 0.0087844254449,
        "dmean2": 0.00990084093064,
        "dvar": 0.00010391511023,
        "dvar2": 0.000128985077026,
        "max": 0.8046875,
        "mean": 0.0388461463153,
        "median": 0.03369140625,
        "min": 0.001953125,
        "var": 0.00230815447867
    },
    "barkbands": {
        "dmean": [0.000241642133915, 0.013611108996, 0.00855954363942, 0.00448929285631, 0.00206397706643, 0.00315664359368, 0.00131157285068, 0.000358122779289, 0.000522078247741, 0.000519792665727, 0.000262179964921, 0.000279896892607, 0.000243607748416, 0.000255155464401, 9.47655353229e-05, 5.9146888816e-05, 6.12190415268e-05, 3.62900645996e-05, 4.59126131318e-05, 3.46848173649e-05, 3.75372910639e-05, 3.16446203215e-05, 2.06040131161e-05, 1.52951179189e-05, 1.08804661068e-05, 6.33482113699e-06, 4.91442222028e-07],
        "dmean2": [0.000313189579174, 0.018965177238, 0.0153445024043, 0.00847516395152, 0.00358130200766, 0.00478486670181, 0.00216592545621, 0.000574110657908, 0.000775691587478, 0.000763889402151, 0.000378793018172, 0.00041144649731, 0.000354716001311, 0.000399570184527, 0.000150566454977, 9.31731483433e-05, 9.48595115915e-05, 5.59212858207e-05, 7.05273414496e-05, 5.38732165296e-05, 5.84512417845e-05, 4.91049868288e-05, 3.18419770338e-05, 2.34108338191e-05, 1.65908622876e-05, 9.55445466388e-06, 8.38635116907e-07],
        "dvar": [2.34635606944e-07, 0.00109755585436, 0.000631585542578, 0.000183181720786, 1.3371035493e-05, 4.51004889328e-05, 6.90320621288e-06, 8.90168109891e-07, 5.00677288073e-06, 2.97072620015e-06, 5.86201110764e-07, 1.60172214692e-06, 6.83620839936e-07, 1.38091650115e-06, 6.96384816479e-08, 2.30520598166e-08, 1.54735815272e-08, 3.88186460754e-09, 7.46454009715e-09, 2.64056621013e-09, 3.7816696441e-09, 2.92855228956e-09, 1.21985821444e-09, 7.65126961788e-10, 4.56013254935e-10, 1.31270341819e-10, 1.11539727107e-12],
        "dvar2": [4.39093838622e-07, 0.0022579501383, 0.00174941145815, 0.000528965319972, 3.68335349776e-05, 8.90202500159e-05, 1.77970541699e-05, 2.08556139114e-06, 1.0130177543e-05, 6.49002095088e-06, 1.16318403798e-06, 2.99024168271e-06, 1.2685773072e-06, 3.17968260788e-06, 1.57104352638e-07, 4.68004124343e-08, 3.20133040077e-08, 8.38144842419e-09, 1.70895795293e-08, 6.08685235548e-09, 8.46331094095e-09, 7.01473323872e-09, 2.79541922943e-09, 1.76748293779e-09, 1.10001918685e-09, 2.99627406219e-10, 2.89077681064e-12],
        "max": [0.00390022178181, 0.234914809465, 0.169011712074, 0.0968481898308, 0.0367482602596, 0.135317131877, 0.0704495981336, 0.0226318184286, 0.0835467875004, 0.0304197166115, 0.0164406187832, 0.0425862781703, 0.0152136674151, 0.0282447841018, 0.00599833764136, 0.0066501358524, 0.0041940822266, 0.000991387059912, 0.00179006624967, 0.000726658676285, 0.00143377156928, 0.00106758798938, 0.000460565061076, 0.000344109692378, 0.000264516100287, 0.000140149553772, 1.53509026859e-05],
        "mean": [0.000308641436277, 0.014184338972, 0.00625053560361, 0.00326756481081, 0.00236854329705, 0.00572295300663, 0.00192629231606, 0.000518872751854, 0.000853830832057, 0.000862930435687, 0.000423644523835, 0.000357973127393, 0.000349290610757, 0.000326556706568, 0.000129471722175, 8.76254271134e-05, 9.56324365688e-05, 5.5399723351e-05, 7.14576526661e-05, 5.40414985153e-05, 5.86607093283e-05, 4.41202100774e-05, 2.61921413767e-05, 1.93421001313e-05, 1.2501060155e-05, 7.9224273577e-06, 4.672998557e-07],
        "median": [1.52497632371e-05, 0.00071177497739, 0.000496918393765, 0.000592600787058, 0.000970433291513, 0.00175786798354, 0.000782915216405, 0.000142409931868, 0.000152733045979, 0.00013195660722, 7.05061174813e-05, 5.03309274791e-05, 6.98815565556e-05, 5.76535931032e-05, 4.40741787315e-05, 3.00179435726e-05, 3.56784294127e-05, 2.56608964264e-05, 3.73701986973e-05, 3.39344151143e-05, 3.64065781469e-05, 2.50432822213e-05, 1.18513626148e-05, 7.76344768383e-06, 3.47494710695e-06, 1.62381491009e-06, 6.44081268319e-08],
        "min": [2.17980411913e-24, 3.43920256829e-23, 2.32245699207e-23, 3.00200323284e-23, 3.38625106889e-23, 4.1914637985e-23, 3.93132492431e-23, 1.3146028722e-22, 1.16672325934e-22, 2.55149833828e-23, 6.08071403793e-23, 5.82699302053e-23, 1.26774478686e-22, 6.38034423566e-23, 8.52681898155e-23, 1.53662935169e-22, 1.95552925984e-22, 2.64824644851e-22, 2.57882643641e-22, 3.90531384524e-22, 5.67999642702e-22, 5.33537452574e-22, 7.55675735749e-22, 8.75129724074e-22, 1.07682053064e-21, 1.53675142949e-21, 2.80012431135e-21],
        "var": [4.28964455068e-07, 0.00138090131804, 0.000401863537263, 0.000102433652501, 1.2951161807e-05, 0.000127743463963, 1.05730505311e-05, 1.64970037986e-06, 1.14703725558e-05, 6.20689434072e-06, 1.15603552331e-06, 2.51085270975e-06, 1.15528541755e-06, 1.86976717487e-06, 9.90569546389e-08, 4.74484025403e-08, 3.68868100509e-08, 8.34620461632e-09, 1.36979041443e-08, 4.45273551364e-09, 6.20155526931e-09, 3.91204668659e-09, 1.60417734651e-09, 1.00017372162e-09, 5.30387345155e-10, 2.06346370546e-10, 1.13865796132e-12]
    },
    "erbbands": {
        "dmean": [0.345595091581, 3.4559431076, 9.11256885529, 13.3918838501, 10.7068853378, 5.70195007324, 11.3182153702, 29.8831214905, 23.7491340637, 13.896399498, 7.44512748718, 10.1668748856, 16.7271003723, 12.6434469223, 11.5541563034, 10.1718063354, 11.8188066483, 13.7074556351, 5.66927051544, 4.22941732407, 3.75104522705, 2.95908141136, 2.0155954361, 2.39000248909, 1.95387279987, 1.62809371948, 1.5682374239, 1.4386562109, 1.16337609291, 0.825722038746, 0.554479897022, 0.362944692373, 0.235651686788, 0.138037294149, 0.06972207129, 0.0346337966621, 0.0107416380197, 0.00146898429375, 6.68213979225e-05, 2.37376261794e-05],
        "dmean2": [0.448957592249, 5.12723398209, 15.5796966553, 24.7709693909, 19.7565383911, 9.65200042725, 17.6324081421, 45.9062232971, 38.983707428, 21.280544281, 11.7820091248, 14.7639856339, 24.0740451813, 18.6825561523, 16.755941391, 14.5827608109, 16.9590759277, 21.2039833069, 8.83333492279, 6.67042064667, 5.84722089767, 4.60690832138, 3.07560014725, 3.7111120224, 2.98435044289, 2.52086639404, 2.44935321808, 2.25659561157, 1.80525803566, 1.29360187054, 0.856819868088, 0.55924654007, 0.363534033298, 0.211988151073, 0.106514535844, 0.0527510941029, 0.0162092167884, 0.00234002247453, 0.000107744177512, 2.96543112199e-05],
        "dvar": [0.618928074837, 76.6631088257, 646.175842285, 1629.12402344, 682.389465332, 90.6446075439, 819.180908203, 3816.40185547, 2007.02087402, 976.137878418, 582.555175781, 1296.31054688, 3930.80712891, 2043.10241699, 1188.27648926, 1289.59338379, 1627.10107422, 4106.41064453, 342.391021729, 83.0719146729, 101.287345886, 32.1408996582, 11.1284446716, 19.7143115997, 11.6898784637, 6.08504962921, 7.57739496231, 4.93523550034, 4.18355131149, 2.02900743484, 0.912682175636, 0.39054787159, 0.202528312802, 0.0767257213593, 0.0192197114229, 0.00442019663751, 0.000374477735022, 7.51899415263e-06, 1.91368094704e-08, 1.45923739758e-09],
        "dvar2": [1.10155665874, 170.004928589, 1698.69177246, 4622.27636719, 1949.2779541, 239.985244751, 1633.27575684, 7876.76318359, 5020.00927734, 1868.17492676, 1330.12731934, 2728.98242188, 7981.21582031, 4910.05517578, 2453.91845703, 2400.1940918, 2927.63623047, 9510.17675781, 763.283691406, 178.422912598, 198.658996582, 73.9857940674, 24.2961864471, 46.3214149475, 26.3370857239, 14.0586118698, 16.7789440155, 11.3056659698, 10.0891275406, 4.76908302307, 2.08790826797, 0.893046915531, 0.480270326138, 0.188049063087, 0.0461173839867, 0.0104505168274, 0.000833237252664, 1.83251631825e-05, 4.81613255943e-08, 2.10434714099e-09],
        "max": [5.4073343277, 58.1550865173, 168.495071411, 263.929504395, 200.898910522, 127.391265869, 766.90814209, 1292.57507324, 879.356079102, 789.230957031, 559.00982666, 996.157531738, 1802.54370117, 924.964111328, 899.843017578, 1034.35046387, 722.757507324, 1529.64892578, 361.31439209, 218.666610718, 449.653656006, 102.844177246, 63.4816589355, 116.29385376, 69.0471343994, 38.8536605835, 76.7888641357, 31.6294212341, 48.40209198, 22.7680492401, 13.6360244751, 6.83845090866, 6.09384632111, 4.98062992096, 1.90221238136, 0.778527915478, 0.294031620026, 0.0433325320482, 0.00229695462622, 0.000308166927425],
        "mean": [0.395094871521, 3.20897221565, 7.14131164551, 9.93524742126, 9.08419895172, 7.36406850815, 17.2255916595, 54.0595779419, 38.0644226074, 22.2704372406, 11.7661170959, 17.3015098572, 29.8405094147, 20.3964996338, 17.7283535004, 14.3354902267, 17.7879638672, 17.7306861877, 7.60192298889, 6.51390361786, 5.87981510162, 4.76557159424, 3.33714795113, 3.78119254112, 3.05412721634, 2.60667490959, 2.42323732376, 2.19046545029, 1.63587367535, 1.10862505436, 0.708367884159, 0.454720675945, 0.288484185934, 0.159364998341, 0.079519636929, 0.0422206558287, 0.0133721819147, 0.00172358553391, 8.43230154715e-05, 4.43937169621e-05],
        "median": [0.0109319621697, 0.18963521719, 0.654488265514, 2.0141928196, 2.8007786274, 3.38471412659, 5.85345172882, 16.1809902191, 15.6859588623, 8.56082820892, 3.0555357933, 3.78108596802, 5.18689632416, 4.00103235245, 3.10983324051, 3.07588291168, 3.91212677956, 3.16838884354, 2.18953275681, 2.49107456207, 1.96201956272, 1.96956503391, 1.66667819023, 1.93381786346, 1.57683706284, 1.6735394001, 1.49353265762, 1.37251651287, 0.982336401939, 0.570735096931, 0.310061126947, 0.18973082304, 0.104500301182, 0.048076979816, 0.020823571831, 0.00911934673786, 0.00262090656906, 0.000370868976461, 3.04682107526e-05, 2.06810764212e-05],
        "min": [1.38590072665e-21, 6.38180141953e-21, 2.30002706887e-20, 6.98530439729e-20, 1.01745987692e-19, 1.13312745003e-19, 3.08322965481e-19, 2.86553949903e-19, 4.15993757094e-19, 7.00991625169e-19, 4.35286178409e-18, 2.68319833804e-18, 1.00631050331e-18, 1.06949521139e-18, 3.75354916437e-18, 1.91035728787e-18, 6.14883715725e-18, 2.5213430804e-18, 6.21012462319e-18, 4.74210444263e-18, 8.97099460036e-18, 1.27356664488e-17, 1.39431052977e-17, 1.01592139077e-17, 1.7479515829e-17, 1.6389174322e-17, 2.09791532189e-17, 2.05840834866e-17, 2.01649279091e-17, 2.28995803968e-17, 2.3026979446e-17, 2.34053616367e-17, 1.09722406328e-17, 1.26075006032e-17, 7.7313643636e-18, 6.97285463114e-18, 2.47515621013e-18, 1.29011255256e-18, 3.56844863225e-19, 4.25048470283e-20],
        "var": [0.958687901497, 81.6152496338, 470.598693848, 959.564819336, 422.844024658, 110.832572937, 1812.89013672, 10849.2734375, 3816.22387695, 2574.62475586, 1109.97644043, 2847.1640625, 9324.484375, 3371.64575195, 2019.78210449, 2226.38745117, 2872.09814453, 5453.47021484, 460.957397461, 173.644866943, 221.475692749, 67.5266342163, 24.358959198, 34.2668685913, 21.5346870422, 10.0569295883, 11.9696569443, 7.88072395325, 5.3942899704, 2.64489030838, 1.2094026804, 0.526254415512, 0.246490448713, 0.0857639759779, 0.0223531648517, 0.00618139933795, 0.000624122738373, 1.0116885278e-05, 2.3652322767e-08, 3.34939120883e-09]
    },
    "gfcc": {
        "mean": [-61.4121627808, 116.982505798, -101.209587097, 28.8353424072, -63.3674926758, 2.79076147079, -34.7355613708, -1.66695833206, -22.8678455353, 4.52381277084, -10.2327899933, 2.00984549522, -9.0199432373],
        "cov": [[13710.0244141, -491.347961426, -1206.04040527, 159.381515503, -645.157714844, 467.759216309, -648.424072266, 245.165786743, -223.757095337, 203.843215942, -319.236816406, 159.227127075, -167.282714844], [-491.347961426, 1969.26757812, 332.766326904, -195.434875488, 410.142700195, -162.335540771, 426.966888428, -111.349113464, 157.439559937, -119.117492676, 291.050415039, -110.385658264, 143.350921631], [-1206.04040527, 332.766326904, 1001.83233643, 145.169128418, 332.419403076, 123.388946533, 246.482467651, 82.2264480591, 36.9933662415, -10.1031246185, 90.7673034668, 15.5420265198, 14.7029237747], [159.381515503, -195.434875488, 145.169128418, 525.027038574, 64.3297576904, 101.189697266, 32.6555213928, 52.416305542, 123.07509613, 27.0485343933, -4.49986410141, -23.9100170135, 39.9677429199], [-645.157714844, 410.142700195, 332.419403076, 64.3297576904, 403.972808838, 73.4357147217, 214.627059937, 34.9067192078, 105.883399963, 26.543920517, 113.442100525, -4.03777837753, 38.3164176941], [467.759216309, -162.335540771, 123.388946533, 101.189697266, 73.4357147217, 297.000244141, 88.7159729004, 93.4886779785, -16.2047863007, 28.4219608307, -6.75242900848, 21.7520656586, -4.12455415726], [-648.424072266, 426.966888428, 246.482467651, 32.6555213928, 214.627059937, 88.7159729004, 317.870574951, 80.9327087402, 101.975067139, -19.2699642181, 105.694824219, -8.99156761169, 67.5141906738], [245.165786743, -111.349113464, 82.2264480591, 52.416305542, 34.9067192078, 93.4886779785, 80.9327087402, 175.569122314, 58.2292404175, 31.7500076294, -19.8819770813, 27.4325447083, 6.77224206924], [-223.757095337, 157.439559937, 36.9933662415, 123.07509613, 105.883399963, -16.2047863007, 101.975067139, 58.2292404175, 191.059890747, 52.0660324097, 61.2907180786, -12.9112682343, 48.4380340576], [203.843215942, -119.117492676, -10.1031246185, 27.0485343933, 26.543920517, 28.4219608307, -19.2699642181, 31.7500076294, 52.0660324097, 117.382301331, 45.9232406616, 43.68907547, -10.0547637939], [-319.236816406, 291.050415039, 90.7673034668, -4.49986410141, 113.442100525, -6.75242900848, 105.694824219, -19.8819770813, 61.2907180786, 45.9232406616, 173.183105469, 49.5781784058, 61.1574783325], [159.227127075, -110.385658264, 15.5420265198, -23.9100170135, -4.03777837753, 21.7520656586, -8.99156761169, 27.4325447083, -12.9112682343, 43.68907547, 49.5781784058, 129.930038452, 48.7387275696], [-167.282714844, 143.350921631, 14.7029237747, 39.9677429199, 38.3164176941, -4.12455415726, 67.5141906738, 6.77224206924, 48.4380340576, -10.0547637939, 61.1574783325, 48.7387275696, 120.813743591]],
        "icov": [[0.000161829550052, -0.000361843092833, 0.000217343433178, -0.00024120976741, 0.000165931327501, -0.000430704822065, 0.000514232786372, -0.000428595871199, 0.000200471462449, -0.000328896945575, 0.000351599417627, -0.000483490061015, 0.000285409332719], [-0.000361843092833, 0.00235675019212, -0.000623409810942, 0.00130063842516, -0.000991207314655, 0.00150020082947, -0.00192493340001, 0.00142082094681, -0.000944789731875, 0.00213339691982, -0.00273821200244, 0.00283792801201, -0.00149258668534], [0.000217343433178, -0.000623409810942, 0.00198012404144, -0.00103443011176, -0.000888406531885, -0.000338858313626, -1.68288042914e-05, -0.00120250845794, 0.0013952429872, -9.65941217146e-05, 0.000279083411442, -0.00137789058499, 0.00133603764698], [-0.00024120976741, 0.00130063842516, -0.00103443011176, 0.00377217284404, -0.000280659733107, -0.000764130905736, 0.000306118599838, 0.00130015483592, -0.0034704785794, 0.00159520248417, -0.00100526912138, 0.00237672193907, -0.00210605422035], [0.000165931327501, -0.000991207314655, -0.000888406531885, -0.000280659733107, 0.00565302697942, -0.00143368262798, -0.00125683518127, 0.000804030220024, -0.00144016626291, -0.00175018713344, 0.000408848020015, -0.000925231841393, 0.00102034024894], [-0.000430704822065, 0.00150020082947, -0.000338858313626, -0.000764130905736, -0.00143368262798, 0.00748257851228, -0.00435066176578, -0.00104396196548, 0.00401827786118, -0.00198066746816, -0.000422053853981, 0.00202378816903, -0.00126113393344], [0.000514232786372, -0.00192493340001, -1.68288042914e-05, 0.000306118599838, -0.00125683518127, -0.00435066176578, 0.0128370998427, -0.005847054068, -0.00256438134238, 0.00454199872911, -0.00391235342249, 0.000510147074237, -0.000518252199981], [-0.000428595871199, 0.00142082094681, -0.00120250845794, 0.00130015483592, 0.000804030220024, -0.00104396196548, -0.005847054068, 0.0135238748044, -0.00550506869331, -0.00100711116102, 0.00498946197331, -0.00327210361138, 0.000573327823076], [0.000200471462449, -0.000944789731875, 0.0013952429872, -0.0034704785794, -0.00144016626291, 0.00401827786118, -0.00256438134238, -0.00550506869331, 0.016564745456, -0.00967050623149, 0.000128622152261, 0.00508092483506, -0.00484852166846], [-0.000328896945575, 0.00213339691982, -9.65941217146e-05, 0.00159520248417, -0.00175018713344, -0.00198066746816, 0.00454199872911, -0.00100711116102, -0.00967050623149, 0.0231257621199, -0.00988768134266, -0.00427870452404, 0.00703621609136], [0.000351599417627, -0.00273821200244, 0.000279083411442, -0.00100526912138, 0.000408848020015, -0.000422053853981, -0.00391235342249, 0.00498946197331, 0.000128622152261, -0.00988768134266, 0.0187992285937, -0.00745752779767, -0.00158534653019], [-0.000483490061015, 0.00283792801201, -0.00137789058499, 0.00237672193907, -0.000925231841393, 0.00202378816903, 0.000510147074237, -0.00327210361138, 0.00508092483506, -0.00427870452404, -0.00745752779767, 0.0207148399204, -0.0113693922758], [0.000285409332719, -0.00149258668534, 0.00133603764698, -0.00210605422035, 0.00102034024894, -0.00126113393344, -0.000518252199981, 0.000573327823076, -0.00484852166846, 0.00703621609136, -0.00158534653019, -0.0113693922758, 0.0187870468944]]
    },
    "melbands": {
        "dmean": [0.00341353099793, 0.00438257073984, 0.00224433140829, 0.000540945271496, 0.000355397874955, 0.000656618038192, 0.000344172265613, 0.000132771718199, 6.4856481913e-05, 6.60845835228e-05, 8.46572656883e-05, 5.26202602487e-05, 3.88324115193e-05, 3.66510976164e-05, 2.65908947767e-05, 1.92073075596e-05, 2.87132770609e-05, 9.48747947405e-06, 6.85153008817e-06, 4.13537645727e-06, 4.7606604312e-06, 3.31154615196e-06, 2.62506523541e-06, 1.7460225763e-06, 2.08292976822e-06, 1.64373238931e-06, 1.29738850774e-06, 1.07981009023e-06, 1.04432626813e-06, 9.31563647555e-07, 8.76225215052e-07, 6.9647944656e-07, 5.90501542774e-07, 4.35544194488e-07, 3.41671153592e-07, 2.66355328904e-07, 2.08196922813e-07, 1.75959470994e-07, 1.41520530406e-07, 1.10247363239e-07],
        "dmean2": [0.00456676213071, 0.00672665517777, 0.00411814311519, 0.000969104235992, 0.000552726211026, 0.00100352661684, 0.000564321642742, 0.000202762792469, 0.000101288795122, 9.65068174992e-05, 0.000122509532957, 7.88003599155e-05, 5.59505679121e-05, 5.43239875697e-05, 3.92251895391e-05, 2.83864028461e-05, 4.48128412245e-05, 1.48644294313e-05, 1.09072534542e-05, 6.58602812109e-06, 7.49125638322e-06, 5.22500931766e-06, 4.11110204368e-06, 2.71848057309e-06, 3.27997508975e-06, 2.51700498666e-06, 2.06963932214e-06, 1.69055567767e-06, 1.64991672591e-06, 1.4689312593e-06, 1.39093208418e-06, 1.09109316782e-06, 9.32769069095e-07, 6.85185739258e-07, 5.3417846857e-07, 4.1179936261e-07, 3.23351684983e-07, 2.75309474773e-07, 2.19278476266e-07, 1.71172203522e-07],
        "dvar": [6.44030951662e-05, 0.000122316778288, 4.2026364099e-05, 1.13015744319e-06, 6.98954522704e-07, 1.81237408015e-06, 4.17896785621e-07, 8.79622916727e-08, 5.46846088412e-08, 6.63440289372e-08, 1.01580397427e-07, 3.93943402344e-08, 1.11344622411e-08, 3.20304778256e-08, 6.85653356314e-09, 3.51553741673e-09, 1.97812752845e-08, 9.42872335763e-10, 3.16591614036e-10, 6.20861348444e-11, 1.58859897459e-10, 5.43291696353e-11, 2.39757172449e-11, 8.29474683384e-12, 1.66832745535e-11, 9.78158005982e-12, 4.46360613401e-12, 2.73761070237e-12, 3.36859121326e-12, 2.37668391911e-12, 1.7624131321e-12, 1.5528885686e-12, 1.05554291436e-12, 5.61574333043e-13, 3.533451743e-13, 2.12429168223e-13, 1.31148686204e-13, 1.13534473435e-13, 9.61698643355e-14, 4.53884468259e-14],
        "dvar2": [0.000121358083561, 0.000282871827949, 0.00011832817836, 3.16990781357e-06, 1.38326356591e-06, 3.67677375834e-06, 1.05528079075e-06, 1.70818822198e-07, 1.19203797055e-07, 1.35163546133e-07, 2.06126699709e-07, 9.5184979898e-08, 2.30495995623e-08, 6.10501516007e-08, 1.33883224507e-08, 6.61480115127e-09, 4.58844766626e-08, 2.04668459958e-09, 7.2944167373e-10, 1.34300362498e-10, 3.14690745684e-10, 1.24152618741e-10, 5.36656066807e-11, 1.86698052851e-11, 4.03094363444e-11, 2.1073020065e-11, 1.10581847498e-11, 6.39812378425e-12, 7.60284456919e-12, 5.44547826969e-12, 4.13682629818e-12, 3.77046614417e-12, 2.55856967557e-12, 1.35118348801e-12, 8.20858517877e-13, 4.9232823764e-13, 3.03707146238e-13, 2.72200800311e-13, 2.44947508457e-13, 1.09857598279e-13],
        "max": [0.0603831708431, 0.077940903604, 0.0414986498654, 0.0098472116515, 0.0200922228396, 0.0275251232088, 0.0146258119494, 0.00753217749298, 0.00549685396254, 0.00961119122803, 0.00913986936212, 0.00415594642982, 0.00160512898583, 0.00604711659253, 0.0014819346834, 0.00100701441988, 0.00341880251653, 0.000533257669304, 0.000331029470544, 0.000240553839831, 0.00052264763508, 0.000167260775925, 8.93590986379e-05, 4.81593197037e-05, 0.0001167425944, 6.47674678476e-05, 4.10687862313e-05, 2.81194497802e-05, 5.10674326506e-05, 2.90657444566e-05, 1.87040732271e-05, 2.79839987343e-05, 2.16138105316e-05, 1.02936146504e-05, 8.82265703694e-06, 5.32853891855e-06, 4.22630637331e-06, 4.50390098194e-06, 7.3718783824e-06, 2.77279946204e-06],
        "mean": [0.00377195747569, 0.00403028028086, 0.00174953509122, 0.000556367449462, 0.000551704957616, 0.00120359449647, 0.000556110346224, 0.000209851961699, 9.97660681605e-05, 0.000112594228995, 0.000148587831063, 8.14942031866e-05, 6.14799137111e-05, 4.71254024887e-05, 3.73559523723e-05, 2.81428910966e-05, 3.6115929106e-05, 1.24041507661e-05, 9.6646581369e-06, 6.32233741271e-06, 7.09927371645e-06, 4.93993820783e-06, 4.15307931689e-06, 2.58451291302e-06, 3.14717908623e-06, 2.53047255683e-06, 1.84362761502e-06, 1.68143378687e-06, 1.54841166022e-06, 1.3350889958e-06, 1.2827779301e-06, 9.49625587054e-07, 7.788567018e-07, 5.53362951905e-07, 4.32279506413e-07, 3.13703026222e-07, 2.59688988535e-07, 2.11710855069e-07, 1.6285147808e-07, 1.24744261143e-07],
        "median": [0.000151811138494, 0.000385047926102, 0.000409732252592, 0.00022204274137, 0.000203166855499, 0.00036307805567, 0.000230812875088, 7.38518574508e-05, 2.16765402001e-05, 2.30080077017e-05, 2.36641208176e-05, 1.39835210575e-05, 1.04619721242e-05, 6.43359089736e-06, 8.16490046418e-06, 6.79935283188e-06, 5.29708586328e-06, 3.21922402691e-06, 3.15557940667e-06, 2.59322155216e-06, 1.99219334718e-06, 1.79894266239e-06, 1.68528936229e-06, 1.27500311464e-06, 1.50556343215e-06, 1.24754683384e-06, 1.01699254174e-06, 1.04611797269e-06, 8.89587681741e-07, 7.58038311233e-07, 7.56790541345e-07, 5.3812192391e-07, 3.97226443738e-07, 2.65667125632e-07, 1.83246001484e-07, 1.18934842419e-07, 1.0754683899e-07, 7.39873939892e-08, 5.31796828795e-08, 3.61230405588e-08],
        "min": [1.05728818316e-23, 1.05729260078e-23, 1.3249333844e-23, 7.56072059468e-24, 9.04835212316e-24, 6.9666144586e-24, 6.59422596297e-24, 6.78784280026e-24, 3.99648578172e-23, 1.47162096532e-23, 4.61159604937e-24, 3.89700284851e-24, 1.0247914526e-23, 8.02786745667e-24, 8.58150108401e-24, 1.14952077468e-23, 3.25666315249e-24, 1.08780455731e-23, 5.27164740726e-24, 8.9131011321e-24, 9.74725685278e-24, 1.34216179103e-23, 1.04679909414e-23, 1.46094247079e-23, 6.46459797244e-24, 1.25368567625e-23, 1.20576269181e-23, 1.09745374613e-23, 1.27479212309e-23, 1.24619031436e-23, 1.23473636956e-23, 1.01151665906e-23, 1.3161756084e-23, 1.22731634389e-23, 1.31959989582e-23, 1.28827549145e-23, 1.40262782164e-23, 6.91529747899e-24, 9.12820062399e-24, 1.08191831389e-23],
        "var": [9.15834898478e-05, 0.00012001547293, 2.53627767961e-05, 8.62277715896e-07, 1.57971328463e-06, 5.23296830579e-06, 7.72595910803e-07, 2.30119709954e-07, 1.08923558173e-07, 1.54609907099e-07, 2.3976878083e-07, 6.42946105245e-08, 2.15969571116e-08, 4.81373625405e-08, 1.08619557793e-08, 6.01435967695e-09, 2.6238508255e-08, 1.40149247763e-09, 5.04927932798e-10, 1.44473558117e-10, 3.58515467314e-10, 1.06689074242e-10, 5.37084439423e-11, 1.50709410229e-11, 2.66996320886e-11, 2.01154509716e-11, 6.56857858036e-12, 4.31970301543e-12, 5.2256636518e-12, 3.54055044831e-12, 2.8751200639e-12, 1.95847309724e-12, 1.39643982142e-12, 6.93900503463e-13, 4.63578990733e-13, 2.70306428065e-13, 1.74461112874e-13, 1.36214376909e-13, 9.55345083099e-14, 5.26250389294e-14]
    },
    "mfcc": {
        "mean": [-702.945739746, 143.073486328, 16.0000476837, 27.1553955078, -4.54500675201, 5.4455037117, -4.13136959076, -4.07193613052, -6.87259292603, -3.67500376701, -1.5753480196, 0.604032039642, -0.308504760265],
        "cov": [[8403.27050781, -523.470703125, -691.945678711, -54.8891029358, -243.099746704, 46.384552002, -276.783996582, -117.677749634, -53.6414833069, -46.2678756714, -95.6980056763, -49.3401222229, -67.5817337036], [-523.470703125, 1742.52758789, 287.198944092, 19.7074775696, 72.1792144775, 59.7002029419, 265.614624023, 116.878646851, -15.7375392914, 30.6902217865, 73.490737915, 48.4596633911, 53.8042869568], [-691.945678711, 287.198944092, 603.790771484, 142.992034912, 135.211624146, 78.1578063965, 170.64894104, 111.588546753, 46.6152420044, 29.1927165985, 31.1300678253, 31.8770771027, 11.3791599274], [-54.8891029358, 19.7074775696, 142.992034912, 376.883575439, 129.73727417, 82.0949478149, 7.45016431808, 50.5726356506, 90.9136734009, 63.2288360596, 50.3609008789, 51.135635376, 45.3868980408], [-243.099746704, 72.1792144775, 135.211624146, 129.73727417, 209.991149902, 96.5487594604, 67.9601364136, 35.9550476074, 39.2626228333, 37.9536247253, 41.7642326355, 38.3475761414, 26.0156211853], [46.384552002, 59.7002029419, 78.1578063965, 82.0949478149, 96.5487594604, 183.284210205, 105.91217804, 51.0348548889, 34.2675628662, 38.092086792, 43.9239006042, 30.5978870392, 18.4332714081], [-276.783996582, 265.614624023, 170.64894104, 7.45016431808, 67.9601364136, 105.91217804, 236.903457642, 124.400787354, 36.4169082642, 40.099937439, 40.9760017395, 21.9587020874, 15.5534772873], [-117.677749634, 116.878646851, 111.588546753, 50.5726356506, 35.9550476074, 51.0348548889, 124.400787354, 156.145553589, 94.1354217529, 50.8911933899, 24.6587867737, 13.3475246429, 17.1882514954], [-53.6414833069, -15.7375392914, 46.6152420044, 90.9136734009, 39.2626228333, 34.2675628662, 36.4169082642, 94.1354217529, 146.902099609, 81.1143112183, 32.3748283386, 14.5396871567, 6.58799028397], [-46.2678756714, 30.6902217865, 29.1927165985, 63.2288360596, 37.9536247253, 38.092086792, 40.099937439, 50.8911933899, 81.1143112183, 112.802970886, 73.9743499756, 19.7717075348, -10.3670701981], [-95.6980056763, 73.490737915, 31.1300678253, 50.3609008789, 41.7642326355, 43.9239006042, 40.9760017395, 24.6587867737, 32.3748283386, 73.9743499756, 127.284156799, 61.5453033447, 3.02384710312], [-49.3401222229, 48.4596633911, 31.8770771027, 51.135635376, 38.3475761414, 30.5978870392, 21.9587020874, 13.3475246429, 14.5396871567, 19.7717075348, 61.5453033447, 99.1329803467, 56.0016059875], [-67.5817337036, 53.8042869568, 11.3791599274, 45.3868980408, 26.0156211853, 18.4332714081, 15.5534772873, 17.1882514954, 6.58799028397, -10.3670701981, 3.02384710312, 56.0016059875, 110.726669312]],
