{
"lowlevel": {
    "average_loudness": 0.946838021278,
    "barkbands_crest": {
        "dmean": 2.76647758484,
        "dmean2": 4.47222948074,
        "dvar": 7.85444068909,
        "dvar2": 21.0430812836,
        "max": 25.3113517761,
        "mean": 12.1966753006,
        "median": 11.5598125458,
        "min": 3.31086373329,
        "var": 16.3710174561
    },
    "barkbands_flatness_db": {
        "dmean": 0.0279547832906,
        "dmean2": 0.0440396890044,
        "dvar": 0.00131981028244,
        "dvar2": 0.00307492027059,
        "max": 0.641643464565,
        "mean": 0.219284951687,
        "median": 0.201555579901,
        "min": 0.0237956531346,
        "var": 0.00830312911421
    },
    "barkbands_kurtosis": {
        "dmean": 5.0618929863,
        "dmean2": 8.16096687317,
        "dvar": 129.532150269,
        "dvar2": 301.727325439,
        "max": 211.005859375,
        "mean": 7.07566404343,
        "median": 3.96514987946,
        "min": -1.83819067478,
        "var": 151.91758728
    },
    "barkbands_skewness": {
        "dmean": 0.651992499828,
        "dmean2": 1.00991666317,
        "dvar": 0.79431438446,
        "dvar2": 1.76481175423,
        "max": 12.4072265625,
        "mean": 1.78860664368,
        "median": 1.66418242455,
        "min": -3.77019906044,
        "var": 2.17956542969
    },
    "barkbands_spread": {
        "dmean": 4.03248739243,
        "dmean2": 6.6335773468,
        "dvar": 42.1869430542,
        "dvar2": 111.506027222,
        "max": 80.1193313599,
        "mean": 13.294131279,
        "median": 10.9890823364,
        "min": 0.307882666588,
        "var": 92.5602645874
    },
    "dissonance": {
        "dmean": 0.0237963087857,
        "dmean2": 0.0391208864748,
        "dvar": 0.000660730409436,
        "dvar2": 0.00169461953919,
        "max": 0.500000119209,
        "mean": 0.425921231508,
        "median": 0.440927505493,
        "min": 0.0829482674599,
        "var": 0.0037554637529
    },
    "dynamic_complexity": 4.12758684158,
    "erbbands_crest": {
        "dmean": 2.2791800499,
        "dmean2": 3.58424830437,
        "dvar": 4.84161233902,
        "dvar2": 11.6835374832,
        "max": 28.5649833679,
        "mean": 11.0359201431,
        "median": 10.4089326859,
        "min": 2.71612501144,
        "var": 18.1177749634
    },
    "erbbands_flatness_db": {
        "dmean": 0.018341107294,
        "dmean2": 0.0263001080602,
        "dvar": 0.0005871746107,
        "dvar2": 0.00116141675971,
        "max": 0.618344068527,
        "mean": 0.218142867088,
        "median": 0.203485563397,
        "min": 0.0445508621633,
        "var": 0.00718574458733
    },
    "erbbands_kurtosis": {
        "dmean": 1.34814310074,
        "dmean2": 2.081772089,
        "dvar": 6.31681632996,
        "dvar2": 14.1052074432,
        "max": 111.658157349,
        "mean": 1.64606940746,
        "median": 0.164820194244,
        "min": -1.7399545908,
        "var": 20.7364425659
    },
    "erbbands_skewness": {
        "dmean": 0.406610995531,
        "dmean2": 0.629286110401,
        "dvar": 0.161252498627,
        "dvar2": 0.36917757988,
        "max": 9.02718162537,
        "mean": 0.741636037827,
        "median": 0.706656813622,
        "min": -2.85037827492,
        "var": 1.13375520706
    },
    "erbbands_spread": {
        "dmean": 6.69349431992,
        "dmean2": 10.3478507996,
        "dvar": 74.3194580078,
        "dvar2": 171.405654907,
        "max": 96.3041229248,
        "mean": 31.9284954071,
        "median": 31.6423358917,
        "min": 0.625397145748,
        "var": 339.631561279
    },
    "hfc": {
        "dmean": 6.1173043251,
        "dmean2": 9.41537952423,
        "dvar": 185.73626709,
        "dvar2": 475.857177734,
        "max": 176.170211792,
        "mean": 16.5933704376,
        "median": 12.67923069,
        "min": 3.96560828619e-09,
        "var": 245.59992981
    },
    "melbands_crest": {
        "dmean": 2.81845474243,
        "dmean2": 4.58026647568,
        "dvar": 8.1982460022,
        "dvar2": 21.9305458069,
        "max": 29.3415222168,
        "mean": 14.6300392151,
        "median": 13.9781827927,
        "min": 3.65375709534,
        "var": 21.4711399078
    },
    "melbands_flatness_db": {
        "dmean": 0.0325571000576,
        "dmean2": 0.0505170300603,
        "dvar": 0.00184723746497,
        "dvar2": 0.00420263735577,
        "max": 0.741567373276,
        "mean": 0.284784018993,
        "median": 0.263934403658,
        "min": 0.0152029301971,
        "var": 0.0129682971165
    },
    "melbands_kurtosis": {
        "dmean": 9.40168762207,
        "dmean2": 14.904129982,
        "dvar": 398.720031738,
        "dvar2": 924.972167969,
        "max": 260.651916504,
        "mean": 15.4397993088,
        "median": 9.08828830719,
        "min": -1.75643455982,
        "var": 523.195373535
    },
    "melbands_skewness": {
        "dmean": 0.785405695438,
        "dmean2": 1.18890571594,
        "dvar": 1.09602475166,
        "dvar2": 2.45387578011,
        "max": 12.4339590073,
        "mean": 2.51337981224,
        "median": 2.32354712486,
        "min": -3.09674215317,
        "var": 3.43401074409
    },
    "melbands_spread": {
        "dmean": 4.20907592773,
        "dmean2": 6.86100149155,
        "dvar": 41.1155052185,
        "dvar2": 102.280883789,
        "max": 156.215774536,
        "mean": 13.5689945221,
        "median": 11.0248165131,
        "min": 0.511801481247,
        "var": 114.188400269
    },
    "pitch_salience": {
        "dmean": 0.0684262961149,
        "dmean2": 0.113147184253,
        "dvar": 0.00576772214845,
        "dvar2": 0.0149685749784,
        "max": 0.868465960026,
        "mean": 0.472799032927,
        "median": 0.468170017004,
        "min": 0.108673170209,
        "var": 0.015267400071
    },
    "silence_rate_20dB": {
        "dmean": 0.00176633859519,
        "dmean2": 0.00353312306106,
        "dvar": 0.00176305114292,
        "dvar2": 0.0052872649394,
        "max": 1,
        "mean": 0.999116957188,
        "median": 1,
        "min": 0,
        "var": 0.000882400607225
    },
    "silence_rate_30dB": {
        "dmean": 0.0580368414521,
        "dmean2": 0.116088330746,
        "dvar": 0.0546655245125,
        "dvar2": 0.104638442397,
        "max": 1,
        "mean": 0.917244851589,
        "median": 1,
        "min": 0,
        "var": 0.0759003460407
    },
    "silence_rate_60dB": {
        "dmean": 0.00252334098332,
        "dmean2": 0.00492113549262,
        "dvar": 0.00251637562178,
        "dvar2": 0.00590514484793,
        "max": 1,
        "mean": 0.0493250899017,
        "median": 0,
        "min": 0,
        "var": 0.0468927323818
    },
    "spectral_centroid": {
        "dmean": 185.971908569,
        "dmean2": 297.896759033,
        "dvar": 78716.046875,
        "dvar2": 201804.25,
        "max": 4668.78808594,
        "mean": 1017.84112549,
        "median": 862.982421875,
        "min": 186.242263794,
        "var": 429850.59375
    },
    "spectral_complexity": {
        "dmean": 3.15064334869,
        "dmean2": 5.38574123383,
        "dvar": 26.2096862793,
        "dvar2": 69.0929031372,
        "max": 52,
        "mean": 13.5946760178,
        "median": 13,
        "min": 0,
        "var": 46.6367835999
    },
    "spectral_decrease": {
        "dmean": 5.94031490664e-09,
        "dmean2": 8.91231000111e-09,
        "dvar": 1.90203736465e-16,
        "dvar2": 4.05822749452e-16,
        "max": -9.78252145959e-21,
        "mean": -1.13283142866e-08,
        "median": -7.0635666205e-09,
        "min": -1.15128145239e-07,
        "var": 2.37387071517e-16
    },
    "spectral_energy": {
        "dmean": 0.0227963589132,
        "dmean2": 0.0341387316585,
        "dvar": 0.00275746546686,
        "dvar2": 0.00587365031242,
        "max": 0.438826084137,
        "mean": 0.044260814786,
        "median": 0.0280353669077,
        "min": 3.96613948281e-13,
        "var": 0.00346671137959
    },
    "spectral_energyband_high": {
        "dmean": 0.000351282913471,
        "dmean2": 0.000602696323767,
        "dvar": 1.5243508642e-06,
        "dvar2": 4.19197340307e-06,
        "max": 0.0169551093131,
        "mean": 0.000519623281434,
        "median": 0.000238497115788,
        "min": 3.14159858067e-13,
        "var": 1.32183947699e-06
    },
    "spectral_energyband_low": {
        "dmean": 0.0198325067759,
        "dmean2": 0.030863918364,
        "dvar": 0.00269838189706,
        "dvar2": 0.00585830910131,
        "max": 0.419899106026,
        "mean": 0.0251981597394,
        "median": 0.0102028241381,
        "min": 8.43066207259e-15,
        "var": 0.00308451591991
    },
    "spectral_energyband_middle_high": {
        "dmean": 0.00100199540611,
        "dmean2": 0.00165596685838,
        "dvar": 2.87404532173e-06,
        "dvar2": 7.01169301465e-06,
        "max": 0.0426263064146,
        "mean": 0.0023918543011,
        "median": 0.00161309656687,
        "min": 5.30645168919e-14,
        "var": 8.02034537628e-06
    },
    "spectral_energyband_middle_low": {
        "dmean": 0.00539734214544,
        "dmean2": 0.00802318099886,
        "dvar": 7.66531156842e-05,
        "dvar2": 0.000187569588888,
        "max": 0.0952113419771,
        "mean": 0.0169898960739,
        "median": 0.0134941227734,
        "min": 1.29269103153e-14,
        "var": 0.000186486751772
    },
    "spectral_entropy": {
        "dmean": 0.204691141844,
        "dmean2": 0.305186539888,
        "dvar": 0.0787042677402,
        "dvar2": 0.180273324251,
        "max": 8.87500667572,
        "mean": 6.89880037308,
        "median": 6.9998831749,
        "min": 3.74940848351,
        "var": 0.571909487247
    },
    "spectral_flux": {
        "dmean": 0.0411678366363,
        "dmean2": 0.0646480321884,
        "dvar": 0.00530570372939,
        "dvar2": 0.0117463190109,
        "max": 0.572878837585,
        "mean": 0.0876614153385,
        "median": 0.0544657483697,
        "min": 1.85192657227e-05,
        "var": 0.00931535009295
    },
    "spectral_kurtosis": {
        "dmean": 6.67810583115,
        "dmean2": 11.2208347321,
        "dvar": 358.452270508,
        "dvar2": 933.397399902,
        "max": 438.054626465,
        "mean": 19.052312851,
        "median": 4.31735181808,
        "min": -0.440263748169,
        "var": 2446.74291992
    },
    "spectral_rms": {
        "dmean": 0.0012702337699,
        "dmean2": 0.00185146497097,
        "dvar": 5.04483296027e-06,
        "dvar2": 9.9886328826e-06,
        "max": 0.0206911340356,
        "mean": 0.00574561022222,
        "median": 0.00522987358272,
        "min": 1.96708018763e-08,
        "var": 1.01692512544e-05
    },
    "spectral_rolloff": {
        "dmean": 299.869415283,
        "dmean2": 538.361816406,
        "dvar": 493621.6875,
        "dvar2": 1327451.75,
        "max": 16903.5644531,
        "mean": 883.706726074,
        "median": 538.330078125,
        "min": 86.1328125,
        "var": 915508.6875
    },
    "spectral_skewness": {
        "dmean": 0.442501157522,
        "dmean2": 0.721015393734,
        "dvar": 0.542517483234,
        "dvar2": 1.31562280655,
        "max": 17.139623642,
        "mean": 2.33934807777,
        "median": 1.45053887367,
        "min": 0.372679889202,
        "var": 6.92586517334
    },
    "spectral_spread": {
        "dmean": 348927.625,
        "dmean2": 529755.625,
        "dvar": 217284689920,
        "dvar2": 400946823168,
        "max": 18478560,
        "mean": 3473328.25,
        "median": 3484357.25,
        "min": 189820.78125,
        "var": 1.60075756339e+12
    },
    "spectral_strongpeak": {
        "dmean": 0.412843048573,
        "dmean2": 0.695058107376,
        "dvar": 0.434263825417,
        "dvar2": 1.0707732439,
        "max": 13.335313797,
        "mean": 1.06014513969,
        "median": 0.698777377605,
        "min": 0,
        "var": 1.04104459286
    },
    "zerocrossingrate": {
        "dmean": 0.00670354813337,
        "dmean2": 0.00837465468794,
        "dvar": 7.92299033492e-05,
        "dvar2": 0.000116150607937,
        "max": 0.6123046875,
        "mean": 0.0403570272028,
        "median": 0.03271484375,
        "min": 0.0029296875,
        "var": 0.000999365351163
    },
    "barkbands": {
        "dmean": [0.000248211581493, 0.015036159195, 0.00713736237958, 0.00160505226813, 0.00141807924956, 0.00179941183887, 0.00168454635423, 0.000502930604853, 0.000561513006687, 0.000112795518362, 6.2933380832e-05, 0.00013410054089, 0.000202513547265, 0.000191992279724, 0.000158213850227, 0.000198920286493, 0.000201837421628, 0.000111859742901, 0.000108856103907, 9.81887933449e-05, 0.0001192482232, 6.52945891488e-05, 5.79798506806e-05, 3.86818173865e-05, 1.6217940356e-05, 2.38745942625e-05, 1.44400937643e-05],
        "dmean2": [0.000418649899075, 0.0240559093654, 0.0129068447277, 0.0029228287749, 0.00224288855679, 0.00241098925471, 0.00222562486306, 0.000703581550624, 0.000740466406569, 0.000170943676494, 0.000105220220576, 0.000203844654607, 0.00031280409894, 0.000323125772411, 0.000250655517448, 0.000335624528816, 0.000354459509254, 0.000190070466488, 0.000190913066035, 0.00017032060714, 0.000206496595638, 0.000114511516585, 0.000103267455415, 6.16103789071e-05, 2.77771796391e-05, 3.85328858101e-05, 2.40244717133e-05],
        "dvar": [2.58038198808e-07, 0.00150590122212, 0.000593095901422, 3.08961461997e-05, 1.09117963802e-05, 9.1968495326e-06, 7.19787931303e-06, 8.08082404546e-07, 1.54245287831e-06, 6.37131023495e-08, 1.9931574613e-08, 1.00067524045e-07, 4.12923952808e-07, 1.65618359915e-07, 2.23680814315e-07, 2.66139522864e-07, 3.00909931639e-07, 1.03537239227e-07, 6.76127598354e-08, 6.6490869699e-08, 1.0863961819e-07, 4.39874732194e-08, 3.62889522876e-08, 3.49034188218e-08, 7.57512541583e-09, 2.74636899888e-08, 1.03280477504e-08],
        "dvar2": [7.39984614029e-07, 0.00343596446328, 0.00167012005113, 8.75828554854e-05, 2.68461881205e-05, 1.59642841027e-05, 1.2764564417e-05, 1.54740621383e-06, 2.72574561677e-06, 1.38805603456e-07, 5.19105718411e-08, 1.63558780741e-07, 8.41145777031e-07, 4.06128378927e-07, 4.4230336016e-07, 6.59932936742e-07, 9.66417019299e-07, 2.62239296944e-07, 1.88185836691e-07, 1.84675599257e-07, 2.94535624334e-07, 1.25441090404e-07, 1.01754530135e-07, 8.48480254945e-08, 2.07772536953e-08, 7.31704261625e-08, 2.74277809353e-08],
        "max": [0.00570183387026, 0.343920946121, 0.185016959906, 0.0510181672871, 0.0404928140342, 0.0656990632415, 0.0467394925654, 0.0227548684925, 0.0253594219685, 0.00532926060259, 0.00209634099156, 0.0154806226492, 0.0205700471997, 0.0120772514492, 0.0168904643506, 0.0252030622214, 0.0123976012692, 0.0125563535839, 0.00577271962538, 0.00583573197946, 0.00847956165671, 0.00310728908516, 0.00309638120234, 0.00344679411501, 0.00180166494101, 0.00320328958333, 0.00163730874192],
        "mean": [0.000312801450491, 0.0180211160332, 0.0060793235898, 0.00124447362032, 0.00211149849929, 0.00570830749348, 0.00537015218288, 0.00125883286819, 0.00118143402506, 0.00017491770268, 8.17764594103e-05, 0.000270848890068, 0.000331239745719, 0.000311943964334, 0.000269154086709, 0.000359577068593, 0.000270127668045, 0.000155040557729, 0.000153163593495, 0.000162849159096, 0.000180480477866, 0.000100308570836, 5.8423342125e-05, 4.25694379373e-05, 1.74609958776e-05, 2.16716998693e-05, 1.12967127279e-05],
        "median": [2.48809101322e-05, 0.00705667072907, 0.0010057046311, 0.00020785551169, 0.00101251644082, 0.0029189416673, 0.00337713211775, 0.000586377747823, 0.000323215645039, 5.94669509155e-05, 2.45425781031e-05, 9.97518582153e-05, 6.03005391895e-05, 7.93119324953e-05, 9.7844931588e-05, 8.15587482066e-05, 7.52474952606e-05, 6.40807411401e-05, 6.97124414728e-05, 8.60779909999e-05, 8.45512040542e-05, 2.71067965514e-05, 9.3026428658e-06, 4.26011001764e-06, 1.35377524657e-06, 3.85337330044e-07, 1.47278553797e-08],
        "min": [8.94669317878e-15, 3.73306139283e-15, 5.15453217964e-16, 1.88202554953e-16, 2.23398375333e-15, 1.67578618235e-15, 4.14293470678e-15, 3.6650505764e-15, 9.90540339673e-16, 3.67638451251e-16, 2.07938012342e-15, 3.69493940449e-15, 3.94500851799e-15, 8.63100738747e-15, 7.31327992549e-15, 4.02905027999e-15, 2.64713995522e-15, 3.6883736286e-15, 6.86686264559e-15, 1.48242556468e-14, 1.70869110419e-14, 2.18657150762e-14, 2.96061325412e-14, 3.52943619697e-14, 3.76842247728e-14, 9.50037100313e-14, 7.48080661002e-14],
        "var": [3.44805101804e-07, 0.00158826832194, 0.000389907887438, 1.87597925105e-05, 1.2850404346e-05, 5.11176185682e-05, 3.47419045283e-05, 3.45609169017e-06, 5.11501457368e-06, 1.31687315275e-07, 2.83488272856e-08, 5.41439590052e-07, 1.38056236665e-06, 3.97985587597e-07, 5.68827715597e-07, 7.14582768069e-07, 4.04958967692e-07, 1.193469501e-07, 7.41948511518e-08, 6.90819845772e-08, 1.08669446774e-07, 4.31010747093e-08, 2.69657380869e-08, 3.45564430404e-08, 6.52596110484e-09, 2.21089191399e-08, 7.83282061434e-09]
    },
    "erbbands": {
        "dmean": [0.345122277737, 3.75996112823, 8.73756408691, 6.47243213654, 4.69637870789, 4.5183596611, 8.05326938629, 17.3749389648, 21.1825962067, 18.246219635, 14.2243862152, 11.0488834381, 7.87418937683, 2.81131649017, 2.39801335335, 6.09532928467, 8.78939628601, 11.0493211746, 8.29151916504, 7.53582000732, 12.2474603653, 7.90828323364, 5.92856121063, 6.19209766388, 4.84334278107, 4.93052911758, 4.87834024429, 4.27032184601, 2.47564864159, 1.98665165901, 1.64722502232, 0.659386277199, 0.75686442852, 0.25306007266, 0.100011788309, 0.0321335606277, 0.0731052309275, 0.0219072494656, 0.0021634825971, 5.39234970347e-05],
        "dmean2": [0.579141080379, 5.94280862808, 15.2582550049, 11.5800113678, 7.96450662613, 7.37936449051, 11.4711027145, 23.3429069519, 28.2581195831, 24.0679454803, 18.9689731598, 14.9898929596, 10.8837308884, 4.59677934647, 3.91153883934, 9.11462497711, 13.2987308502, 18.4375305176, 13.091999054, 12.7114515305, 20.9429779053, 13.7655725479, 10.2015857697, 10.6791505814, 8.45748710632, 8.56988334656, 8.4762544632, 7.41797351837, 4.30870103836, 3.52899861336, 2.92356514931, 1.17627036572, 1.18467175961, 0.412426292896, 0.169135332108, 0.0543465986848, 0.118031196296, 0.0352554321289, 0.00361041701399, 8.49544812809e-05],
        "dvar": [0.680085659027, 100.457511902, 804.52532959, 495.172088623, 186.33354187, 94.55809021, 156.049911499, 1055.22399902, 1167.95385742, 1009.6439209, 665.890441895, 645.67401123, 306.531158447, 28.0374755859, 30.3762817383, 241.888061523, 837.630737305, 460.460357666, 736.108764648, 251.066650391, 638.890686035, 297.500732422, 396.238830566, 226.546829224, 128.867630005, 175.984008789, 225.493270874, 121.897689819, 56.0593833923, 43.9697570801, 31.2574424744, 5.9157538414, 17.8855323792, 1.90817964077, 0.275158464909, 0.0336095057428, 0.302416294813, 0.0215839929879, 0.000238343505771, 4.62486724473e-08],
        "dvar2": [1.81515789032, 223.369155884, 2188.73413086, 1389.17199707, 481.300994873, 238.164138794, 298.970001221, 1770.12255859, 1919.31018066, 1778.58947754, 1192.35583496, 1204.92626953, 579.490234375, 74.6900024414, 71.5700454712, 376.828765869, 1591.89404297, 1119.44030762, 1498.03479004, 607.431945801, 1778.2590332, 899.419555664, 1005.46118164, 595.020812988, 368.818695068, 498.463562012, 615.660644531, 335.816772461, 159.132568359, 124.905860901, 86.6519699097, 16.8035449982, 41.7077789307, 4.93639945984, 0.742722690105, 0.0923155024648, 0.811957120895, 0.0563802011311, 0.000639420992229, 1.21327289548e-07],
        "max": [7.00294876099, 89.991027832, 222.78604126, 195.394958496, 133.065124512, 205.529037476, 243.889633179, 722.801513672, 820.258605957, 652.648376465, 628.423950195, 618.301086426, 304.088439941, 65.3761062622, 111.966156006, 797.183288574, 1050.52868652, 639.033691406, 768.876708984, 691.472412109, 736.047851562, 362.829925537, 897.038024902, 363.504852295, 135.842636108, 213.569671631, 440.84552002, 182.624725342, 102.93862915, 101.95438385, 84.9602050781, 34.5085525513, 79.4510803223, 24.4015140533, 10.180472374, 4.00773286819, 11.3818178177, 1.96005630493, 0.253133684397, 0.00336897186935],
        "mean": [0.390941083431, 4.4347243309, 8.22829246521, 5.44298648834, 4.57918310165, 7.06831884384, 20.0700969696, 50.2069168091, 73.1621246338, 57.728302002, 38.0081787109, 23.2383174896, 13.5051450729, 4.11290168762, 4.03219270706, 12.8524799347, 15.7311449051, 18.9838676453, 13.923324585, 14.1151266098, 21.3435344696, 11.4944639206, 8.35311889648, 8.51731014252, 7.61595630646, 8.14551448822, 7.1446185112, 6.56815052032, 4.00836181641, 2.21034288406, 1.67369508743, 0.714858472347, 0.814355552197, 0.278710395098, 0.108471818268, 0.0305488295853, 0.0654392912984, 0.0185090806335, 0.00168008578476, 7.33014239813e-05],
        "median": [0.134651437402, 1.55458331108, 2.13128590584, 1.16016197205, 0.967138707638, 3.65832281113, 10.8467092514, 22.6522731781, 44.13722229, 35.523727417, 18.2327651978, 8.92785930634, 5.3710770607, 2.34276628494, 1.57418751717, 4.56282043457, 3.89700746536, 6.69621324539, 5.40602779388, 6.33224201202, 7.02980184555, 4.74764537811, 3.88060736656, 3.40994381905, 4.03048658371, 4.15594530106, 3.54153871536, 3.01999950409, 1.27996301651, 0.458145618439, 0.257796615362, 0.118026182055, 0.0601600930095, 0.0208957903087, 0.00764779746532, 0.00224565621465, 0.000644633313641, 8.50537981023e-05, 1.87010173249e-05, 3.30740731442e-05],
        "min": [2.34762025358e-13, 4.35445787501e-13, 6.07085833427e-13, 6.84035727366e-13, 1.77923203514e-12, 8.99299211488e-12, 1.78993000977e-11, 1.14397614645e-11, 3.68279261254e-11, 8.73939948187e-11, 6.94643093047e-11, 2.45802059262e-11, 7.74461918207e-12, 3.68380013993e-11, 1.17800907917e-10, 1.36438263465e-10, 1.66314281791e-10, 5.29552235395e-10, 3.18515408493e-10, 3.10237557866e-10, 2.0824854341e-10, 1.56533064288e-10, 2.14294873513e-10, 2.77408068738e-10, 4.80440798256e-10, 8.34273039541e-10, 4.7686504745e-10, 8.17677869858e-10, 7.66693319942e-10, 8.48918824126e-10, 8.63336402368e-10, 6.81537437597e-10, 5.65089364191e-10, 3.99765193171e-10, 3.07468189797e-10, 2.63312177617e-10, 1.8640659849e-10, 5.24918684908e-11, 1.10236871714e-11, 1.22493107237e-12],
        "var": [0.619765639305, 107.000930786, 591.499755859, 315.632446289, 160.599517822, 123.941642761, 618.926513672, 4876.47607422, 8144.63769531, 4536.42822266, 2975.71411133, 1679.49291992, 602.37689209, 29.5043144226, 68.7408905029, 1410.26074219, 3203.63427734, 1146.45959473, 1370.08325195, 782.625976562, 1435.7064209, 400.023193359, 398.851013184, 324.105987549, 128.863098145, 171.952209473, 204.467208862, 124.034828186, 59.4045257568, 33.5106773376, 24.4182510376, 4.46974897385, 18.3020076752, 1.80695390701, 0.249559104443, 0.0272015165538, 0.237797528505, 0.0176607966423, 0.000175372668309, 3.78981397375e-08]
    },
    "gfcc": {
        "mean": [-58.7914047241, 129.539306641, -117.1510849, 35.6787719727, -63.0925178528, -6.6467962265, -30.465265274, 1.79091441631, 0.457202941179, 15.2868108749, -2.66102814674, -3.54035115242, -3.9765753746],
        "cov": [[20339.5761719, 276.908935547, 474.80947876, 2433.99902344, -262.378387451, -1.2069299221, -1049.41601562, 504.933807373, 252.142120361, 127.792457581, 100.714126587, 49.3477668762, -320.296264648], [276.908935547, 2550.25244141, 1130.02233887, -579.77722168, 133.166687012, -200.770065308, 190.732788086, 50.2067642212, 300.865753174, -68.4549636841, 313.040802002, -142.841522217, 111.022476196], [474.80947876, 1130.02233887, 1878.44897461, -180.830444336, 162.392318726, 7.22356796265, 127.071510315, 176.270202637, 92.615272522, -20.791885376, 110.802604675, -11.6045913696, -62.5037269592], [2433.99902344, -579.77722168, -180.830444336, 1124.4979248, 168.160430908, 141.996185303, -47.5522346497, 107.177261353, 103.053543091, 35.005695343, -54.0651512146, -11.1534090042, -2.79351019859], [-262.378387451, 133.166687012, 162.392318726, 168.160430908, 421.46585083, 231.5340271, 131.570617676, 18.4446430206, 9.59386444092, 19.5806331635, 11.161658287, 2.80712532997, -24.5053138733], [-1.2069299221, -200.770065308, 7.22356796265, 141.996185303, 231.5340271, 354.293365479, 77.1304244995, -7.373005867, -91.2673416138, 5.03771018982, -8.27511310577, 40.9188117981, -75.7532424927], [-1049.41601562, 190.732788086, 127.071510315, -47.5522346497, 131.570617676, 77.1304244995, 251.43019104, 41.5199584961, 50.1171340942, -39.3742637634, -18.3536720276, -34.6749725342, 17.9766674042], [504.933807373, 50.2067642212, 176.270202637, 107.177261353, 18.4446430206, -7.373005867, 41.5199584961, 147.127471924, 74.5853729248, 4.19068050385, -21.5930118561, -17.7727222443, -1.32843756676], [252.142120361, 300.865753174, 92.615272522, 103.053543091, 9.59386444092, -91.2673416138, 50.1171340942, 74.5853729248, 213.29284668, 25.0729942322, 44.525428772, -49.775806427, 53.2200927734], [127.792457581, -68.4549636841, -20.791885376, 35.005695343, 19.5806331635, 5.03771018982, -39.3742637634, 4.19068050385, 25.0729942322, 137.329605103, 54.4404335022, 30.6510467529, -4.18287181854], [100.714126587, 313.040802002, 110.802604675, -54.0651512146, 11.161658287, -8.27511310577, -18.3536720276, -21.5930118561, 44.525428772, 54.4404335022, 166.399749756, 34.0083961487, 17.054069519], [49.3477668762, -142.841522217, -11.6045913696, -11.1534090042, 2.80712532997, 40.9188117981, -34.6749725342, -17.7727222443, -49.775806427, 30.6510467529, 34.0083961487, 120.233268738, -6.51029348373], [-320.296264648, 111.022476196, -62.5037269592, -2.79351019859, -24.5053138733, -75.7532424927, 17.9766674042, -1.32843756676, 53.2200927734, -4.18287181854, 17.054069519, -6.51029348373, 106.515800476]],
        "icov": [[0.000160721538123, -0.000289444142254, 7.047028339e-05, -0.000426128739491, 0.000241029309109, -0.000133654510137, 0.000689765147399, -0.000497143948451, 9.05125707504e-05, -2.26059437409e-05, 0.000232234000578, -0.000269766780548, 0.000553164572921], [-0.000289444142254, 0.00192129705101, -0.000664613442495, 0.00142490433063, -0.00118206476327, 0.00058561633341, -0.001132897567, 0.00102094688918, -0.00129241496325, 0.00140588788781, -0.00275887269527, 0.00192123523448, -0.00161700905301], [7.047028339e-05, -0.000664613442495, 0.00101024517789, -0.00024892273359, -5.29359822394e-05, 0.00016046318342, 0.000158334965818, -0.00140691897832, 0.000573352386709, -8.13000879134e-05, 0.000193650324945, -0.000692260160577, 0.00118561659474], [-0.000426128739491, 0.00142490433063, -0.00024892273359, 0.00278692995198, -0.00147143541835, -0.000292408891255, -0.000687216641381, 0.000510241196025, -0.00185772997793, 0.00077915674774, -0.00110002839938, 0.00134595658164, -0.00204649590887], [0.000241029309109, -0.00118206476327, -5.29359822394e-05, -0.00147143541835, 0.00556496484205, -0.00330476509407, -0.000591055606492, 0.000197079483769, 7.1901245974e-05, -0.0018103645416, 0.00173726829235, -0.000765133125242, 0.000487449608045], [-0.000133654510137, 0.00058561633341, 0.00016046318342, -0.000292408891255, -0.00330476509407, 0.0073487944901, -0.00258855288848, 2.90364732791e-05, 0.00276623899117, 0.000493579660542, -0.00197329185903, -0.000693209352903, 0.00288834772073], [0.000689765147399, -0.001132897567, 0.000158334965818, -0.000687216641381, -0.000591055606492, -0.00258855288848, 0.00990889500827, -0.00333147100173, -0.00193601695355, 0.0017685201019, 0.00189731013961, -0.000186970530194, 0.000360619043931], [-0.000497143948451, 0.00102094688918, -0.00140691897832, 0.000510241196025, 0.000197079483769, 2.90364732791e-05, -0.00333147100173, 0.0130049074069, -0.00445955060422, -0.000887171656359, 0.00236487528309, -5.50331751583e-05, -0.000769481353927], [9.05125707504e-05, -0.00129241496325, 0.000573352386709, -0.00185772997793, 7.1901245974e-05, 0.00276623899117, -0.00193601695355, -0.00445955060422, 0.0118015436456, -0.00264129485004, -0.00185875361785, 0.00215834612027, -0.0014087978052], [-2.26059437409e-05, 0.00140588788781, -8.13000879134e-05, 0.00077915674774, -0.0018103645416, 0.000493579660542, 0.0017685201019, -0.000887171656359, -0.00264129485004, 0.01116046682, -0.00500223319978, -0.000494465057272, 0.000593033211771], [0.000232234000578, -0.00275887269527, 0.000193650324945, -0.00110002839938, 0.00173726829235, -0.00197329185903, 0.00189731013961, 0.00236487528309, -0.00185875361785, -0.00500223319978, 0.0140525614843, -0.00536958919838, 0.000518450688105], [-0.000269766780548, 0.00192123523448, -0.000692260160577, 0.00134595658164, -0.000765133125242, -0.000693209352903, -0.000186970530194, -5.50331751583e-05, 0.00215834612027, -0.000494465057272, -0.00536958919838, 0.0133227594197, -0.00324662076309], [0.000553164572921, -0.00161700905301, 0.00118561659474, -0.00204649590887, 0.000487449608045, 0.00288834772073, 0.000360619043931, -0.000769481353927, -0.0014087978052, 0.000593033211771, 0.000518450688105, -0.00324662076309, 0.0159207377583]]
    },
    "melbands": {
        "dmean": [0.0037631415762, 0.00459791626781, 0.00109145150054, 0.000323444081005, 0.000249288219493, 0.000380473677069, 0.00035376282176, 0.000171229505213, 0.000118156625831, 7.32381085982e-05, 3.83250626328e-05, 1.08690619527e-05, 7.41092389944e-06, 1.54568460857e-05, 1.33738549266e-05, 2.38956454268e-05, 2.11354690691e-05, 1.30199241539e-05, 1.03512638816e-05, 1.54773861141e-05, 1.52396769408e-05, 1.00935922092e-05, 5.65113487028e-06, 5.32155809196e-06, 5.18209662914e-06, 4.30493537351e-06, 2.99146040561e-06, 3.4718095776e-06, 3.0158246318e-06, 3.32778881784e-06, 2.34896970142e-06, 1.49724974108e-06, 1.2342586615e-06, 1.11618157916e-06, 1.14079375635e-06, 5.30449938196e-07, 3.53346536031e-07, 4.97092059959e-07, 4.19728905854e-07, 1.91172205177e-07],
        "dmean2": [0.00612298911437, 0.00739267654717, 0.00193815515377, 0.000534581427928, 0.000360203761375, 0.000505941745359, 0.000468529236969, 0.000227909054956, 0.000155708446982, 9.96688759187e-05, 5.30041252205e-05, 1.79791277333e-05, 1.24378484543e-05, 2.35316547332e-05, 1.97273711819e-05, 3.74496121367e-05, 3.54827170668e-05, 2.0703242626e-05, 1.67117505043e-05, 2.63987803919e-05, 2.63384281425e-05, 1.76721223397e-05, 9.67755477177e-06, 9.14953398023e-06, 8.91918080015e-06, 7.55277096687e-06, 5.17305488756e-06, 6.01205192652e-06, 5.23497146787e-06, 5.72512317376e-06, 4.10684606322e-06, 2.59195826402e-06, 2.16373314288e-06, 1.99560327019e-06, 2.02395972337e-06, 9.6213057077e-07, 6.31563807474e-07, 7.82884342243e-07, 6.52047901895e-07, 3.30082826849e-07],
        "dvar": [8.81775995367e-05, 0.000180863178684, 1.29865838971e-05, 7.60400268973e-07, 1.49639305391e-07, 4.80593314478e-07, 2.95995874922e-07, 8.20622005904e-08, 5.09537230187e-08, 3.02804679109e-08, 7.48442197107e-09, 4.34685759609e-10, 3.14536618973e-10, 1.29725563625e-09, 1.87688420361e-09, 5.11225550781e-09, 2.09445927268e-09, 1.81085391127e-09, 8.35914282238e-10, 2.05921102392e-09, 1.29635602253e-09, 6.1852123423e-10, 2.43424252977e-10, 2.1684781748e-10, 1.69517774817e-10, 1.06943828793e-10, 4.41368400161e-11, 9.39032254732e-11, 8.66219526663e-11, 8.14375650249e-11, 3.92607786559e-11, 1.88311276295e-11, 1.81609553784e-11, 1.31601257669e-11, 1.4597016304e-11, 3.35440681308e-12, 1.84721183662e-12, 7.35687726017e-12, 5.90138875267e-12, 1.18523160036e-12],
        "dvar2": [0.00021306196868, 0.000442063668743, 3.63054132322e-05, 1.95019879357e-06, 2.96340715522e-07, 8.00816962965e-07, 5.04316233219e-07, 1.45446335864e-07, 8.85601139089e-08, 5.68204931994e-08, 1.41554599153e-08, 1.1595332472e-09, 8.09492695097e-10, 2.23927498766e-09, 3.09235126394e-09, 1.15253779853e-08, 5.07795716587e-09, 3.76304898353e-09, 1.50305612401e-09, 5.17271692146e-09, 3.9504786109e-09, 1.95868743447e-09, 6.30041907534e-10, 5.60771540314e-10, 4.38365038713e-10, 3.04140601592e-10, 1.23558149823e-10, 2.64972349617e-10, 2.422264056e-10, 2.11048845067e-10, 1.09791425951e-10, 5.32328695013e-11, 5.05425007402e-11, 3.75379241579e-11, 4.00337332729e-11, 9.69888318963e-12, 5.27438899847e-12, 1.74374802792e-11, 1.37232768552e-11, 3.26757306109e-12],
        "max": [0.0809866189957, 0.109788887203, 0.0306304730475, 0.0104762017727, 0.00861371029168, 0.0145981200039, 0.0113430451602, 0.0057519110851, 0.0046615106985, 0.00415297225118, 0.00153234286699, 0.000265945272986, 0.000287553615635, 0.0016400043387, 0.00182044983376, 0.00218829582445, 0.00144622137304, 0.00116892834194, 0.00185984617565, 0.00241885450669, 0.000807992997579, 0.00049510365352, 0.000607516732998, 0.000516470463481, 0.000347274151864, 0.000120746357425, 0.000126143931993, 0.000164982091519, 0.000219602574361, 0.000306479574647, 9.45275169215e-05, 7.99643748906e-05, 8.16211831989e-05, 6.20606078883e-05, 5.71420314373e-05, 2.54596725426e-05, 1.93294126802e-05, 5.40853034181e-05, 4.18929448642e-05, 2.4279097488e-05],
        "mean": [0.00441598054022, 0.00508569879457, 0.000937553064432, 0.000393981812522, 0.000591653573792, 0.00115520565305, 0.00121749588288, 0.000538996129762, 0.000304258486722, 0.000142692326335, 6.38838246232e-05, 1.46890051838e-05, 1.00970883068e-05, 3.12162119371e-05, 2.61079476331e-05, 3.84729100915e-05, 3.52192364517e-05, 2.02936953428e-05, 1.82737949217e-05, 2.73797468253e-05, 2.43620033871e-05, 1.3702517208e-05, 7.78710182203e-06, 6.88863519827e-06, 6.74401007927e-06, 6.27533336228e-06, 4.7142693802e-06, 5.4726469898e-06, 4.14381293012e-06, 4.74282433061e-06, 3.4714287267e-06, 2.5037118121e-06, 1.49359891566e-06, 1.10431915346e-06, 1.11208555609e-06, 5.58798888051e-07, 3.70134273453e-07, 5.30592728865e-07, 4.4653577902e-07, 2.0574164239e-07],
        "median": [0.00170801440254, 0.00169918511529, 0.000201560527785, 0.000143857090734, 0.000334744399879, 0.000511742488015, 0.000788109668065, 0.000346077984432, 0.000125382910483, 4.82146606373e-05, 2.38560787693e-05, 7.60372131481e-06, 3.2273665056e-06, 1.01094356069e-05, 7.49196988181e-06, 6.94834625392e-06, 8.88165777724e-06, 6.32152159596e-06, 6.54003679301e-06, 6.75540377415e-06, 7.33422621124e-06, 4.21586400989e-06, 3.50288291884e-06, 2.80451968138e-06, 2.22835683417e-06, 2.61553759628e-06, 2.3250436243e-06, 2.574001428e-06, 1.81821974365e-06, 2.02545675165e-06, 1.41661246289e-06, 7.05486570496e-07, 3.09619110794e-07, 1.84107477708e-07, 1.51695218165e-07, 9.4439933207e-08, 5.37579865068e-08, 4.19774046634e-08, 2.61556767356e-08, 1.36854296784e-08],
        "min": [1.99628979119e-15, 3.91213072239e-16, 1.30263158785e-16, 3.51870138844e-16, 6.11817244697e-16, 2.6962517196e-16, 6.46045263761e-16, 9.50873469115e-16, 5.12717936819e-16, 1.22943854444e-16, 3.30426857892e-17, 1.28401075965e-16, 3.43639704984e-16, 3.92951104437e-16, 3.82045952288e-16, 5.40876064843e-16, 9.87564818808e-16, 4.23051770176e-16, 4.94658241471e-16, 3.39873690621e-16, 2.22744757065e-16, 1.52839869082e-16, 1.75862701045e-16, 1.96247369483e-16, 2.2001369785e-16, 2.7309477773e-16, 4.93519035097e-16, 5.26739349651e-16, 2.59526686344e-16, 2.8020228413e-16, 5.73198471533e-16, 4.75675968426e-16, 3.88460373979e-16, 5.12838056679e-16, 5.59197916887e-16, 3.34653982433e-16, 4.67446355129e-16, 4.59655187261e-16, 3.16642673842e-16, 3.18357597923e-16],
        "var": [8.82430977072e-05, 0.00016885252262, 8.41370729177e-06, 7.5313613479e-07, 5.10435484102e-07, 2.5423560146e-06, 1.83044096502e-06, 3.75289801013e-07, 2.32843660797e-07, 7.26036546439e-08, 1.45698146881e-08, 4.43224318358e-10, 4.74425221331e-10, 6.42001030116e-09, 9.0146512477e-09, 1.32417499188e-08, 5.36337285695e-09, 3.18441983893e-09, 3.59545015982e-09, 5.26541876766e-09, 2.17267559499e-09, 8.5539048067e-10, 2.50036602534e-10, 2.31778984894e-10, 2.51863058187e-10, 1.13760188769e-10, 5.11949128923e-11, 8.83766532178e-11, 7.22717510837e-11, 9.02081187526e-11, 3.87672602353e-11, 2.29351468373e-11, 1.61958918499e-11, 9.1536422539e-12, 1.14832414411e-11, 2.43501161075e-12, 1.35007391551e-12, 7.3169699466e-12, 6.12560132826e-12, 1.01162123383e-12]
    },
    "mfcc": {
        "mean": [-692.355041504, 146.987014771, 6.93656587601, 37.1242141724, -6.72712802887, 0.719548523426, -16.6943912506, -10.1323986053, 0.959947168827, 8.4152545929, 7.88720750809, 12.8450098038, 5.11115026474],
        "cov": [[12733.5810547, -833.960510254, -926.614929199, 1945.71447754, 319.902496338, 394.63369751, -341.66998291, -18.9971160889, 65.3049240112, 111.316413879, -24.8526058197, 145.412765503, -4.81322336197], [-833.960510254, 2528.51928711, 993.249755859, -78.1418914795, 46.0552558899, -90.3288955688, 67.7315139771, -26.7905673981, 1.02909517288, 109.95917511, 158.460952759, 101.368522644, 62.0128822327], [-926.614929199, 993.249755859, 1260.75830078, -20.017282486, 74.3342666626, -98.0917434692, 82.5934829712, 100.311782837, 41.0033988953, 61.1845245361, 89.0295181274, -17.5263061523, 12.1723690033], [1945.71447754, -78.1418914795, -20.017282486, 768.806213379, 170.642578125, 101.834465027, -57.9548797607, 49.0622558594, 151.591140747, 106.455055237, 15.7294883728, 52.9258766174, 29.2542743683], [319.902496338, 46.0552558899, 74.3342666626, 170.642578125, 326.313842773, 196.112670898, 138.055511475, 80.4764251709, 33.8040084839, 7.85551786423, 26.2792663574, 50.1925697327, 37.2189025879], [394.63369751, -90.3288955688, -98.0917434692, 101.834465027, 196.112670898, 288.145751953, 155.955413818, 83.1590881348, 0.664760529995, -12.7741031647, 23.1849212646, 38.4714660645, 15.9269952774], [-341.66998291, 67.7315139771, 82.5934829712, -57.9548797607, 138.055511475, 155.955413818, 237.372772217, 109.903038025, 7.62671232224, -15.2459621429, 24.3943443298, 11.5155067444, -6.8217549324], [-18.9971160889, -26.7905673981, 100.311782837, 49.0622558594, 80.4764251709, 83.1590881348, 109.903038025, 182.465744019, 71.3425674438, 18.3946304321, 6.24997901917, -5.21235895157, -4.2853603363], [65.3049240112, 1.02909517288, 41.0033988953, 151.591140747, 33.8040084839, 0.664760529995, 7.62671232224, 71.3425674438, 187.688476562, 83.2012939453, 16.0576820374, -10.9338283539, -5.13988542557], [111.316413879, 109.95917511, 61.1845245361, 106.455055237, 7.85551786423, -12.7741031647, -15.2459621429, 18.3946304321, 83.2012939453, 136.981567383, 35.2562599182, -6.02308654785, -15.9491481781], [-24.8526058197, 158.460952759, 89.0295181274, 15.7294883728, 26.2792663574, 23.1849212646, 24.3943443298, 6.24997901917, 16.0576820374, 35.2562599182, 99.2744903564, 38.8879508972, 5.02355194092], [145.412765503, 101.368522644, -17.5263061523, 52.9258766174, 50.1925697327, 38.4714660645, 11.5155067444, -5.21235895157, -10.9338283539, -6.02308654785, 38.8879508972, 114.393753052, 58.0758590698], [-4.81322336197, 62.0128822327, 12.1723690033, 29.2542743683, 37.2189025879, 15.9269952774, -6.8217549324, -4.2853603363, -5.13988542557, -15.9491481781, 5.02355194092, 58.0758590698, 107.28086853]],
