{
"lowlevel": {
    "average_loudness": 0.90823340416,
    "barkbands_crest": {
        "dmean": 2.35359787941,
        "dmean2": 3.5875146389,
        "dvar": 7.03200912476,
        "dvar2": 15.7286176682,
        "max": 26.7962265015,
        "mean": 12.9068937302,
        "median": 12.2700805664,
        "min": 2.12617206573,
        "var": 28.1701660156
    },
    "barkbands_flatness_db": {
        "dmean": 0.0345880128443,
        "dmean2": 0.0513049587607,
        "dvar": 0.00185354263522,
        "dvar2": 0.00402239989489,
        "max": 0.655458986759,
        "mean": 0.211706459522,
        "median": 0.206266582012,
        "min": 0.0149894179776,
        "var": 0.00961515121162
    },
    "barkbands_kurtosis": {
        "dmean": 8.55088233948,
        "dmean2": 13.2950839996,
        "dvar": 1492.84277344,
        "dvar2": 3096.28442383,
        "max": 2491.0949707,
        "mean": 16.1354160309,
        "median": 6.93657016754,
        "min": -1.81862354279,
        "var": 2888.81347656
    },
    "barkbands_skewness": {
        "dmean": 0.754706978798,
        "dmean2": 1.15423774719,
        "dvar": 1.39141738415,
        "dvar2": 3.0985929966,
        "max": 44.9504203796,
        "mean": 2.61507296562,
        "median": 2.23403072357,
        "min": -3.4229426384,
        "var": 4.54723787308
    },
    "barkbands_spread": {
        "dmean": 4.81933307648,
        "dmean2": 7.87218236923,
        "dvar": 64.3977050781,
        "dvar2": 163.419586182,
        "max": 103.789024353,
        "mean": 12.2201366425,
        "median": 9.06266403198,
        "min": 0.0679352357984,
        "var": 129.086807251
    },
    "dissonance": {
        "dmean": 0.028731841594,
        "dmean2": 0.0478845909238,
        "dvar": 0.00094862759579,
        "dvar2": 0.00238827173598,
        "max": 0.500000059605,
        "mean": 0.431935757399,
        "median": 0.447143733501,
        "min": 0.0832670032978,
        "var": 0.00360361346975
    },
    "dynamic_complexity": 4.24789142609,
    "erbbands_crest": {
        "dmean": 2.34853219986,
        "dmean2": 3.63931751251,
        "dvar": 6.08602905273,
        "dvar2": 13.8880271912,
        "max": 29.385931015,
        "mean": 9.78301239014,
        "median": 8.92766571045,
        "min": 2.52941322327,
        "var": 19.706161499
    },
    "erbbands_flatness_db": {
        "dmean": 0.022047072649,
        "dmean2": 0.0320997573435,
        "dvar": 0.000801808491815,
        "dvar2": 0.00156741880346,
        "max": 0.624202489853,
        "mean": 0.178351357579,
        "median": 0.15681630373,
        "min": 0.0577460601926,
        "var": 0.00831418950111
    },
    "erbbands_kurtosis": {
        "dmean": 1.48444974422,
        "dmean2": 2.22470784187,
        "dvar": 11.9214811325,
        "dvar2": 24.5145511627,
        "max": 213.553665161,
        "mean": 2.15683817863,
        "median": 0.750520944595,
        "min": -1.86267435551,
        "var": 46.5872421265
    },
    "erbbands_skewness": {
        "dmean": 0.407605588436,
        "dmean2": 0.625765740871,
        "dvar": 0.273304611444,
        "dvar2": 0.608612298965,
        "max": 12.1828746796,
        "mean": 0.747382223606,
        "median": 0.698644995689,
        "min": -2.88352489471,
        "var": 0.988920152187
    },
    "erbbands_spread": {
        "dmean": 10.3706884384,
        "dmean2": 15.9941473007,
        "dvar": 260.77355957,
        "dvar2": 615.176696777,
        "max": 171.703292847,
        "mean": 35.9084396362,
        "median": 30.4732017517,
        "min": 0.802082002163,
        "var": 558.15222168
    },
    "hfc": {
        "dmean": 7.60519838333,
        "dmean2": 11.9132165909,
        "dvar": 259.082733154,
        "dvar2": 679.95489502,
        "max": 180.789489746,
        "mean": 12.6564283371,
        "median": 7.39319419861,
        "min": 1.19848769585e-16,
        "var": 266.833190918
    },
    "melbands_crest": {
        "dmean": 2.75268483162,
        "dmean2": 4.29007339478,
        "dvar": 8.95080661774,
        "dvar2": 21.187046051,
        "max": 33.8442802429,
        "mean": 16.7992553711,
        "median": 16.3776550293,
        "min": 2.65542197227,
        "var": 35.155330658
    },
    "melbands_flatness_db": {
        "dmean": 0.0390429161489,
        "dmean2": 0.0574038401246,
        "dvar": 0.00246323156171,
        "dvar2": 0.00536268018186,
        "max": 0.764605641365,
        "mean": 0.300454169512,
        "median": 0.301477611065,
        "min": 0.00766051420942,
        "var": 0.0117334499955
    },
    "melbands_kurtosis": {
        "dmean": 14.3461332321,
        "dmean2": 22.4232826233,
        "dvar": 975.605529785,
        "dvar2": 2365.87133789,
        "max": 886.042541504,
        "mean": 30.2868919373,
        "median": 15.0634250641,
        "min": -1.67404389381,
        "var": 2496.44165039
    },
    "melbands_skewness": {
        "dmean": 0.927068710327,
        "dmean2": 1.41745281219,
        "dvar": 1.47266829014,
        "dvar2": 3.51383471489,
        "max": 25.3508892059,
        "mean": 3.49479269981,
        "median": 3.0587053299,
        "min": -1.35646796227,
        "var": 5.74663639069
    },
    "melbands_spread": {
        "dmean": 4.42458343506,
        "dmean2": 7.10137319565,
        "dvar": 72.1338119507,
        "dvar2": 171.153549194,
        "max": 184.490722656,
        "mean": 11.9068937302,
        "median": 7.79261016846,
        "min": 0.279968351126,
        "var": 217.360443115
    },
    "pitch_salience": {
        "dmean": 0.0723145976663,
        "dmean2": 0.112599737942,
        "dvar": 0.00706283980981,
        "dvar2": 0.0160152092576,
        "max": 0.922542631626,
        "mean": 0.488045156002,
        "median": 0.484792590141,
        "min": 0.0303176380694,
        "var": 0.0188492126763
    },
    "silence_rate_20dB": {
        "dmean": 0,
        "dmean2": 0,
        "dvar": 0,
        "dvar2": 0,
        "max": 1,
        "mean": 1,
        "median": 1,
        "min": 1,
        "var": 0
    },
    "silence_rate_30dB": {
        "dmean": 0.0604497939348,
        "dmean2": 0.120916903019,
        "dvar": 0.0567957349122,
        "dvar2": 0.111458674073,
        "max": 1,
        "mean": 0.925665974617,
        "median": 1,
        "min": 0,
        "var": 0.0688075944781
    },
    "silence_rate_60dB": {
        "dmean": 0.0401088669896,
        "dmean2": 0.0802292227745,
        "dvar": 0.0384995825589,
        "dvar2": 0.0826685428619,
        "max": 1,
        "mean": 0.136350616813,
        "median": 0,
        "min": 0,
        "var": 0.117764793336
    },
    "spectral_centroid": {
        "dmean": 209.9868927,
        "dmean2": 338.99005127,
        "dvar": 136738.625,
        "dvar2": 315912.0625,
        "max": 10928.0537109,
        "mean": 796.542907715,
        "median": 643.395080566,
        "min": 155.641098022,
        "var": 330885.75
    },
    "spectral_complexity": {
        "dmean": 3.2419424057,
        "dmean2": 5.3265042305,
        "dvar": 31.5658435822,
        "dvar2": 77.1157684326,
        "max": 52,
        "mean": 10.755657196,
        "median": 10,
        "min": 0,
        "var": 47.7992591858
    },
    "spectral_decrease": {
        "dmean": 3.70589581244e-09,
        "dmean2": 5.32810018328e-09,
        "dvar": 3.44084966382e-17,
        "dvar2": 7.4716326291e-17,
        "max": 6.99817399987e-29,
        "mean": -1.02858708217e-08,
        "median": -7.99997135204e-09,
        "min": -5.71433389496e-08,
        "var": 9.48965024476e-17
    },
    "spectral_energy": {
        "dmean": 0.0144607201219,
        "dmean2": 0.0208485405892,
        "dvar": 0.000517150794622,
        "dvar2": 0.00112464337144,
        "max": 0.217716038227,
        "mean": 0.0399692170322,
        "median": 0.0310997255147,
        "min": 1.0606509672e-20,
        "var": 0.00141351891216
    },
    "spectral_energyband_high": {
        "dmean": 0.000432643457316,
        "dmean2": 0.000732991611585,
        "dvar": 1.5683174297e-06,
        "dvar2": 4.19647085437e-06,
        "max": 0.0140667287633,
        "mean": 0.000408505584346,
        "median": 7.3904186138e-05,
        "min": 7.64528628177e-21,
        "var": 1.25378630855e-06
    },
    "spectral_energyband_low": {
        "dmean": 0.0110284769908,
        "dmean2": 0.0153861669824,
        "dvar": 0.000374527211534,
        "dvar2": 0.000865273468662,
        "max": 0.20530615747,
        "mean": 0.0262192822993,
        "median": 0.0149091361091,
        "min": 4.59624284401e-23,
        "var": 0.000963381549809
    },
    "spectral_energyband_middle_high": {
        "dmean": 0.00164942408446,
        "dmean2": 0.00259250914678,
        "dvar": 1.53484579641e-05,
        "dvar2": 3.67865904991e-05,
        "max": 0.0455815158784,
        "mean": 0.00267509021796,
        "median": 0.000916453369427,
        "min": 1.30292709971e-21,
        "var": 2.19734774873e-05
    },
    "spectral_energyband_middle_low": {
        "dmean": 0.00743514345959,
        "dmean2": 0.0120102204382,
        "dvar": 0.000281036656816,
        "dvar2": 0.000736105954275,
        "max": 0.136337712407,
        "mean": 0.0129882544279,
        "median": 0.0085141453892,
        "min": 3.95891751173e-22,
        "var": 0.000262935587671
    },
    "spectral_entropy": {
        "dmean": 0.288496911526,
        "dmean2": 0.447344124317,
        "dvar": 0.148902401328,
        "dvar2": 0.332661360502,
        "max": 9.79374599457,
        "mean": 7.00748729706,
        "median": 7.02455234528,
        "min": 2.7695338726,
        "var": 0.648616194725
    },
    "spectral_flux": {
        "dmean": 0.0369634628296,
        "dmean2": 0.056461352855,
        "dvar": 0.0029145211447,
        "dvar2": 0.00541953183711,
        "max": 0.501491904259,
        "mean": 0.0787948742509,
        "median": 0.0495049059391,
        "min": 1.02987909867e-10,
        "var": 0.00634571537375
    },
    "spectral_kurtosis": {
        "dmean": 4.404255867,
        "dmean2": 7.28359937668,
        "dvar": 223.255203247,
        "dvar2": 587.318969727,
        "max": 590.749023438,
        "mean": 11.8633613586,
        "median": 5.75484800339,
        "min": -1.17283427715,
        "var": 979.03125
    },
    "spectral_rms": {
        "dmean": 0.001039913157,
        "dmean2": 0.00143665028736,
        "dvar": 2.09843847188e-06,
        "dvar2": 4.27117493018e-06,
        "max": 0.0145741514862,
        "mean": 0.00545793306082,
        "median": 0.0055082840845,
        "min": 3.21680182491e-12,
        "var": 9.20514503377e-06
    },
    "spectral_rolloff": {
        "dmean": 289.252868652,
        "dmean2": 496.073822021,
        "dvar": 641120,
        "dvar2": 1561273.375,
        "max": 19336.8164062,
        "mean": 785.319152832,
        "median": 495.263671875,
        "min": 64.599609375,
        "var": 1539700.875
    },
    "spectral_skewness": {
        "dmean": 0.405269980431,
        "dmean2": 0.65094190836,
        "dvar": 0.385716199875,
        "dvar2": 0.909697532654,
        "max": 19.8492832184,
        "mean": 2.31406712532,
        "median": 2.02903604507,
        "min": 0.0244171936065,
        "var": 2.53852319717
    },
    "spectral_spread": {
        "dmean": 756142.5,
        "dmean2": 1143450,
        "dvar": 1.43592521728e+12,
        "dvar2": 2.8657689559e+12,
        "max": 39509356,
        "mean": 4489505,
        "median": 4279251.5,
        "min": 187337.796875,
        "var": 3.91320358093e+12
    },
    "spectral_strongpeak": {
        "dmean": 0.248557373881,
        "dmean2": 0.41413640976,
        "dvar": 0.304526597261,
        "dvar2": 0.742059648037,
        "max": 8.20303153992,
        "mean": 0.551488101482,
        "median": 0.412826895714,
        "min": 0,
        "var": 0.373437225819
    },
    "zerocrossingrate": {
        "dmean": 0.00805492699146,
        "dmean2": 0.0100415945053,
        "dvar": 0.000123414036352,
        "dvar2": 0.000137171678944,
        "max": 0.50341796875,
        "mean": 0.0352920629084,
        "median": 0.02685546875,
        "min": 0.001953125,
        "var": 0.00118977914099
    },
    "barkbands": {
        "dmean": [0.000220240821363, 0.00925784558058, 0.00301397196017, 0.00355399330147, 0.0025802005548, 0.00134425237775, 0.000499585992657, 0.000490396865644, 0.0005716731539, 0.000404712511227, 0.000299040111713, 0.00029418602935, 0.000204401963856, 0.000355223019142, 9.7885109426e-05, 0.000138987903483, 0.00012739514932, 0.000117499665066, 7.3019269621e-05, 7.88422694313e-05, 8.52587181726e-05, 7.88113247836e-05, 8.35624159663e-05, 8.17176041892e-05, 5.6328401115e-05, 2.65710459644e-05, 4.91639139e-06],
        "dmean2": [0.000329480768414, 0.0142364259809, 0.00460954895243, 0.00632902234793, 0.00419354625046, 0.00229393970221, 0.000780022179242, 0.000701717392076, 0.000848905125167, 0.000627027242444, 0.00041640616837, 0.000427146325819, 0.000346625747625, 0.000574156816583, 0.000173015650944, 0.000238217660808, 0.000233810642385, 0.000213147228351, 0.000129292457132, 0.000138198549394, 0.000149706334923, 0.000131401582621, 0.0001443970541, 0.000141936310683, 9.74416980171e-05, 4.40161820734e-05, 8.57766463014e-06],
        "dvar": [1.76404512331e-07, 0.000400723598432, 3.74007177015e-05, 0.000129584761453, 3.86981701013e-05, 1.42505550684e-05, 1.24143116409e-06, 1.06211211914e-06, 1.64495020272e-06, 9.29663485749e-07, 7.72972214236e-07, 8.27529959224e-07, 6.16209604232e-07, 2.14543797483e-06, 1.21134590358e-07, 1.47460070821e-07, 1.91930723759e-07, 2.47690707056e-07, 4.85427520402e-08, 7.45139701053e-08, 9.37660118439e-08, 5.01482766424e-08, 7.20776256458e-08, 4.43765202363e-08, 3.25184679184e-08, 8.8601153081e-09, 6.18329942803e-10],
        "dvar2": [4.78311449115e-07, 0.00103068759199, 8.01890564617e-05, 0.000361511978554, 0.000101593468571, 4.04965903726e-05, 2.85872692984e-06, 1.92771335605e-06, 3.59705813935e-06, 2.2036711016e-06, 1.49588777276e-06, 1.6925350792e-06, 1.55899238052e-06, 5.24738243257e-06, 3.26943990103e-07, 3.92459838849e-07, 5.46049648165e-07, 7.17132934369e-07, 1.35142030899e-07, 2.0813901358e-07, 2.60915982153e-07, 1.25641719251e-07, 1.96930542984e-07, 1.19689147482e-07, 9.14372861871e-08, 2.47632740979e-08, 1.77847281346e-09],
        "max": [0.00540815712884, 0.180281281471, 0.0688909217715, 0.107261516154, 0.0911234095693, 0.0594925805926, 0.0211835894734, 0.0263029504567, 0.0162467174232, 0.0186647102237, 0.0149845518172, 0.0148753384128, 0.0252379365265, 0.02470988594, 0.0117202345282, 0.00591357424855, 0.0117924744263, 0.00686604669318, 0.00245405291207, 0.00344075495377, 0.00421343045309, 0.00247530802153, 0.00374072999693, 0.00286050117575, 0.00412399275228, 0.00217661052011, 0.000637200952042],
        "mean": [0.000394563889131, 0.0186374541372, 0.00502692675218, 0.00353853264824, 0.00427101366222, 0.00196005753241, 0.000884648237843, 0.00106971350033, 0.00091413478367, 0.000671386194881, 0.000508771103341, 0.000439891067799, 0.000230644815019, 0.000437164853793, 9.63087077253e-05, 0.000157865331857, 0.00010910142737, 9.88583851722e-05, 6.94605696481e-05, 7.61163246352e-05, 7.87052267697e-05, 7.81038688729e-05, 7.33567794668e-05, 7.15239075362e-05, 4.72105784866e-05, 2.38077536778e-05, 3.82471444027e-06],
        "median": [7.46183868614e-05, 0.00604348257184, 0.00262160878628, 0.00133661786094, 0.00222313171253, 0.000741578347515, 0.000322816078551, 0.00056508067064, 0.000249732838711, 0.000148892780999, 0.000102323887404, 8.3915401774e-05, 4.4055217586e-05, 6.34456882835e-05, 2.32250895351e-05, 3.99682903662e-05, 2.59752305283e-05, 1.46734892041e-05, 1.54360168381e-05, 1.45254434756e-05, 1.21883149404e-05, 1.1297301171e-05, 1.09124584924e-05, 1.04462678792e-05, 5.65709797229e-06, 2.61670015789e-06, 1.66352776887e-07],
        "min": [4.9904085549e-23, 1.99141671967e-23, 3.94087653104e-24, 1.38861796751e-23, 6.8254466952e-23, 6.05594001898e-23, 9.734220453e-23, 1.20124255037e-22, 2.91163132754e-23, 2.77449984985e-23, 8.7928784146e-23, 1.02762139644e-22, 1.38744628818e-22, 1.08305427359e-22, 7.33565920951e-23, 5.98091556036e-23, 1.3061157386e-22, 2.32364874002e-22, 2.67707003759e-22, 2.2007230064e-22, 3.19652547734e-22, 7.69695447487e-22, 7.57021267396e-22, 7.19884321307e-22, 1.22936073372e-21, 1.39625401485e-21, 2.55426890613e-21],
        "var": [4.35724103909e-07, 0.000699759286363, 5.49465585209e-05, 8.33396916278e-05, 4.04449529015e-05, 1.36717490022e-05, 2.53083931057e-06, 2.84322641164e-06, 2.98514100905e-06, 2.19879234464e-06, 1.58736497724e-06, 1.6972562662e-06, 6.23330038252e-07, 2.57199712905e-06, 1.18416650707e-07, 1.41728321523e-07, 1.20006816928e-07, 1.46414876667e-07, 3.41751906774e-08, 5.24999705931e-08, 6.58935235265e-08, 4.72473473678e-08, 5.32029496014e-08, 3.43475043962e-08, 2.29629488757e-08, 6.7814771576e-09, 4.2453859872e-10]
    },
    "erbbands": {
        "dmean": [0.2453379035, 2.27549481392, 3.36103725433, 9.03740882874, 8.99944496155, 9.22266483307, 11.352768898, 10.1324396133, 9.38435649872, 8.5993347168, 9.64693164825, 11.4329900742, 16.0670986176, 6.28799533844, 14.894613266, 11.5373258591, 10.5172491074, 19.0753555298, 7.16951274872, 6.19972705841, 6.77463722229, 6.90103626251, 5.74135255814, 5.03368330002, 4.02187681198, 3.3594930172, 2.86303400993, 3.86131548882, 2.79147672653, 2.57322359085, 2.37578892708, 1.67151534557, 1.41876494884, 0.745031297207, 0.346200734377, 0.141337692738, 0.0454458110034, 0.00963344518095, 0.000769361562561, 2.75128604699e-05],
        "dmean2": [0.335032373667, 3.57326602936, 4.95028018951, 15.5024700165, 15.4641866684, 14.9347934723, 19.7129230499, 17.2600765228, 14.5884523392, 12.4309329987, 13.7638244629, 16.9296512604, 24.9459190369, 10.0873146057, 20.3978977203, 16.5403060913, 16.965467453, 31.221912384, 11.9958562851, 10.6830635071, 11.8582000732, 12.6932783127, 10.4590816498, 8.96971797943, 7.11474657059, 5.82509946823, 4.90889215469, 6.85586309433, 4.63265705109, 4.35519695282, 4.09746408463, 2.87142777443, 2.49964809418, 1.28306996822, 0.602137029171, 0.237303346395, 0.0754481777549, 0.0162827838212, 0.00134520092979, 4.27891354775e-05],
        "dvar": [0.217668443918, 27.4489326477, 46.857093811, 714.151184082, 685.038513184, 542.280822754, 954.248046875, 894.237243652, 439.671478271, 425.852050781, 418.273498535, 766.561645508, 1326.63928223, 283.108062744, 1917.50708008, 1299.39160156, 1550.51171875, 6037.00878906, 505.039154053, 311.605438232, 325.19342041, 495.201019287, 470.93536377, 367.299560547, 167.334228516, 119.195335388, 84.7136459351, 206.516235352, 66.0407485962, 75.3801422119, 55.3256912231, 23.2235584259, 12.7044372559, 4.6198682785, 1.55071520805, 0.230027124286, 0.0283034685999, 0.0018460637657, 1.57219237735e-05, 4.96052487975e-09],
        "dvar2": [0.536372423172, 70.4130477905, 99.2090454102, 1950.93212891, 1931.53857422, 1357.23205566, 2726.82739258, 2581.90307617, 1067.08972168, 790.364746094, 846.664245605, 1667.39416504, 3167.02514648, 697.25769043, 3679.65942383, 2589.08911133, 3776.33105469, 14815.7871094, 1285.11108398, 831.442687988, 888.717834473, 1413.0057373, 1357.8984375, 1048.75830078, 468.480285645, 330.673400879, 228.956344604, 584.930969238, 167.641647339, 200.801467896, 150.134246826, 62.4220237732, 34.8922958374, 12.8192014694, 4.44277191162, 0.643883705139, 0.0794864222407, 0.00526944315061, 4.54046785308e-05, 1.36478250923e-08],
        "max": [5.42212343216, 47.5054550171, 76.0114898682, 267.426544189, 265.7059021, 347.805725098, 458.271911621, 532.176818848, 278.156616211, 474.149871826, 398.114379883, 475.330780029, 775.110534668, 362.2059021, 748.214477539, 602.914733887, 1257.47436523, 1316.27844238, 785.790588379, 362.876983643, 360.540435791, 473.42855835, 284.932067871, 266.682159424, 148.647964478, 153.139816284, 162.84085083, 209.36265564, 102.856773376, 122.323631287, 96.8202514648, 52.8445777893, 51.8309707642, 45.2594718933, 31.1932506561, 10.19739151, 3.90482640266, 1.12709867954, 0.107890419662, 0.00172312604263],
        "mean": [0.578908026218, 3.97459435463, 5.68873882294, 10.7184782028, 12.4738903046, 13.6083431244, 15.7378759384, 14.8758611679, 16.759185791, 17.4356822968, 21.1787071228, 18.5133533478, 25.0532550812, 11.1878738403, 25.3374824524, 18.3618412018, 13.2773542404, 23.0665531158, 8.70557498932, 6.88328170776, 7.28920173645, 5.94649744034, 4.97948455811, 4.56926870346, 3.78484320641, 3.39569377899, 2.8590297699, 3.3580725193, 2.805519104, 2.39385962486, 2.08446931839, 1.49658572674, 1.18823742867, 0.633221745491, 0.280374675989, 0.123212777078, 0.0401745587587, 0.00833155866712, 0.000607312249485, 5.50925396965e-05],
        "median": [0.149494603276, 1.36177635193, 3.18633699417, 5.40484666824, 4.42471647263, 6.7647895813, 7.30825090408, 5.66435003281, 6.27944135666, 8.35270214081, 10.607916832, 6.21959686279, 6.53017139435, 2.56940507889, 5.60943841934, 3.79412126541, 2.92511987686, 3.77685308456, 1.92893707752, 2.12549757957, 2.25821661949, 1.47463989258, 0.984334230423, 0.875028014183, 0.856961071491, 0.659285962582, 0.512563467026, 0.493490159512, 0.40569204092, 0.3321223557, 0.313105344772, 0.215258643031, 0.172718212008, 0.0844262987375, 0.0280454829335, 0.0117255467921, 0.00449386937544, 0.000895592849702, 5.20483008586e-05, 3.80117198802e-05],
        "min": [1.26488779772e-21, 2.14715508478e-21, 6.1107632518e-21, 1.92654145137e-20, 2.31070008985e-19, 1.55309803301e-19, 3.62650456204e-19, 3.65584129795e-19, 8.7569175695e-19, 2.3275679569e-18, 2.20372516392e-18, 6.752159018e-19, 9.76486092733e-19, 1.8948557164e-18, 4.26282441518e-18, 4.20244353919e-18, 6.32444057026e-18, 4.95836709147e-18, 4.31362984841e-18, 4.83931429462e-18, 3.54526136382e-18, 8.49669750893e-18, 1.36858438554e-17, 6.73299955046e-18, 1.54485938649e-17, 1.12865179804e-17, 1.1585040846e-17, 1.78089851757e-17, 2.5516551553e-17, 2.8689452601e-17, 1.77560257641e-17, 1.6255382821e-17, 1.16891969472e-17, 1.28874631902e-17, 9.18418137809e-18, 4.64758416839e-18, 2.89912887386e-18, 1.34804817927e-18, 3.469560224e-19, 3.56091657117e-20],
        "var": [0.705770075321, 36.316734314, 72.1669692993, 505.958007812, 561.93737793, 545.531738281, 809.912414551, 803.850769043, 861.307983398, 941.993774414, 979.018432617, 1279.25012207, 2550.32080078, 906.838317871, 3816.02905273, 2937.96191406, 1788.22155762, 6981.92382812, 830.008972168, 265.987762451, 265.822021484, 308.689849854, 283.057525635, 233.073272705, 114.972434998, 89.0884246826, 67.3458557129, 136.085296631, 61.9265441895, 58.9756011963, 41.5364723206, 18.2841262817, 9.16252422333, 3.39509820938, 1.04210305214, 0.173450931907, 0.0211240742356, 0.00130822218489, 1.0766608284e-05, 5.22921084212e-09]
    },
    "gfcc": {
        "mean": [-68.4670333862, 116.06452179, -89.3620910645, 26.0154285431, -56.1957435608, 13.4765844345, -32.1291236877, 6.55172920227, -17.3208446503, 1.0083489418, -11.225153923, -2.80683135986, -8.81458091736],
        "cov": [[22458.4335938, -747.837036133, 1431.5793457, 1749.09265137, 616.973510742, 2368.02636719, -573.897216797, 262.994049072, -118.616386414, 577.313232422, -167.529830933, 628.249267578, -260.288696289], [-747.837036133, 2093.80297852, -28.7788124084, -439.93182373, 86.7280807495, -449.653564453, 204.985946655, -172.397171021, 154.358398438, -273.56237793, 125.943145752, -285.413391113, 86.5992507935], [1431.5793457, -28.7788124084, 1026.38391113, 502.316040039, 404.960357666, 458.37677002, -27.3039093018, 48.8188209534, 9.00656509399, 123.489425659, -11.3100156784, 85.3122558594, -13.5619258881], [1749.09265137, -439.93182373, 502.316040039, 974.242004395, 335.882476807, 508.579956055, -119.597068787, 45.4052696228, 34.2370529175, 143.671859741, 55.3796081543, 131.761947632, 22.7247657776], [616.973510742, 86.7280807495, 404.960357666, 335.882476807, 628.879699707, 473.329071045, -70.6472625732, -75.5611038208, -14.1423940659, 111.948539734, 42.048538208, 85.7625350952, -26.6801109314], [2368.02636719, -449.653564453, 458.37677002, 508.579956055, 473.329071045, 893.19354248, -115.936813354, 22.2181091309, -22.6907024384, 211.905181885, 6.9359703064, 165.847106934, -49.5777053833], [-573.897216797, 204.985946655, -27.3039093018, -119.597068787, -70.6472625732, -115.936813354, 272.551574707, 112.387107849, 61.7461090088, -44.7827453613, -20.3055477142, -63.9536628723, 14.3560352325], [262.994049072, -172.397171021, 48.8188209534, 45.4052696228, -75.5611038208, 22.2181091309, 112.387107849, 210.596374512, 76.8007659912, 27.7353649139, -38.7722206116, 21.5906639099, 1.5232667923], [-118.616386414, 154.358398438, 9.00656509399, 34.2370529175, -14.1423940659, -22.6907024384, 61.7461090088, 76.8007659912, 159.120010376, 14.1599149704, 37.4266395569, -14.2066679001, 31.54804039], [577.313232422, -273.56237793, 123.489425659, 143.671859741, 111.948539734, 211.905181885, -44.7827453613, 27.7353649139, 14.1599149704, 188.551239014, 59.9741859436, 82.3868637085, -1.32144355774], [-167.529830933, 125.943145752, -11.3100156784, 55.3796081543, 42.048538208, 6.9359703064, -20.3055477142, -38.7722206116, 37.4266395569, 59.9741859436, 212.122589111, 68.2272796631, 55.631565094], [628.249267578, -285.413391113, 85.3122558594, 131.761947632, 85.7625350952, 165.847106934, -63.9536628723, 21.5906639099, -14.2066679001, 82.3868637085, 68.2272796631, 205.722961426, 18.9458732605], [-260.288696289, 86.5992507935, -13.5619258881, 22.7247657776, -26.6801109314, -49.5777053833, 14.3560352325, 1.5232667923, 31.54804039, -1.32144355774, 55.631565094, 18.9458732605, 124.02406311]],
        "icov": [[9.99294497888e-05, -0.000233773927903, 1.90834034584e-05, -0.000157501417561, 0.000315587531077, -0.000299121980788, 0.000197364424821, -0.000215583087993, 0.000238491993514, -0.000271450786386, 0.000275308673736, -0.000327056477545, 0.000194931111764], [-0.000233773927903, 0.00199436908588, -0.000484120857436, 0.000996614457108, -0.00153629377019, 0.000888919224963, -0.00100822513923, 0.00157747161575, -0.00207338808104, 0.00246949028224, -0.00195967988111, 0.00208719260991, -0.000882641121279], [1.90834034584e-05, -0.000484120857436, 0.00173818541225, -0.00073288672138, -0.000420316646341, -0.000237927699345, 3.11609292112e-05, -0.000759270973504, 0.000668840133585, -0.000820229994133, 0.000772442668676, -0.000411994988099, 6.02114305366e-05], [-0.000157501417561, 0.000996614457108, -0.00073288672138, 0.00236219866201, -0.00106106267776, -8.00867346697e-05, 0.000292463140795, 6.40122962068e-05, -0.00129218550865, 0.00141923199408, -0.00138695922215, 0.00114418542944, -0.00104314519558], [0.000315587531077, -0.00153629377019, -0.000420316646341, -0.00106106267776, 0.00496145011857, -0.0024741103407, 0.000107476902485, 0.00108269171324, 0.000872259319294, -0.00199358654208, 0.00146443687845, -0.00214797817171, 0.00136417825706], [-0.000299121980788, 0.000888919224963, -0.000237927699345, -8.00867346697e-05, -0.0024741103407, 0.00384677364491, -0.000390715635149, 0.000311834388413, -0.000585743691772, -0.000616139324848, -0.000196467677597, 0.000347499066265, -3.54351504939e-05], [0.000197364424821, -0.00100822513923, 3.11609292112e-05, 0.000292463140795, 0.000107476902485, -0.000390715635149, 0.00700489478186, -0.00524540152401, 0.000940508442, 6.21852886979e-05, -3.45338703482e-05, 0.000863397144713, -0.000166432306287], [-0.000215583087993, 0.00157747161575, -0.000759270973504, 6.40122962068e-05, 0.00108269171324, 0.000311834388413, -0.00524540152401, 0.0123685235158, -0.00604690378532, -0.000167074394994, 0.0019571413286, -0.00151545647532, 5.4146265029e-05], [0.000238491993514, -0.00207338808104, 0.000668840133585, -0.00129218550865, 0.000872259319294, -0.000585743691772, 0.000940508442, -0.00604690378532, 0.0117663247511, -0.00269727502018, -0.00056868448155, 0.000118269468658, -0.000607668189332], [-0.000271450786386, 0.00246949028224, -0.000820229994133, 0.00141923199408, -0.00199358654208, -0.000616139324848, 6.21852886979e-05, -0.000167074394994, -0.00269727502018, 0.0121508771554, -0.00509271863848, 0.00173249479849, -0.000488764781039], [0.000275308673736, -0.00195967988111, 0.000772442668676, -0.00138695922215, 0.00146443687845, -0.000196467677597, -3.45338703482e-05, 0.0019571413286, -0.00056868448155, -0.00509271863848, 0.00997160933912, -0.00486176786944, -0.00113855756354], [-0.000327056477545, 0.00208719260991, -0.000411994988099, 0.00114418542944, -0.00214797817171, 0.000347499066265, 0.000863397144713, -0.00151545647532, 0.000118269468658, 0.00173249479849, -0.00486176786944, 0.0103671373799, -0.00221749162301], [0.000194931111764, -0.000882641121279, 6.02114305366e-05, -0.00104314519558, 0.00136417825706, -3.54351504939e-05, -0.000166432306287, 5.4146265029e-05, -0.000607668189332, -0.000488764781039, -0.00113855756354, -0.00221749162301, 0.0105827823281]]
    },
    "melbands": {
        "dmean": [0.00234968960285, 0.00213585887104, 0.00149731652346, 0.000617063371465, 0.000401297438657, 0.000238763721427, 0.000129265128635, 9.90734042716e-05, 8.49779025884e-05, 7.64982833061e-05, 8.02739086794e-05, 2.53094694926e-05, 4.15868926211e-05, 3.42908533639e-05, 3.2847859984e-05, 2.15700274566e-05, 3.92419533455e-05, 1.22028714031e-05, 7.21288552086e-06, 1.1687400729e-05, 7.17270722816e-06, 8.19190881884e-06, 4.47787897428e-06, 6.01545707468e-06, 3.89110618926e-06, 3.00864053315e-06, 3.12073143505e-06, 1.98636689674e-06, 1.8168797169e-06, 2.00293334274e-06, 2.33150285567e-06, 1.60104866609e-06, 1.48812910084e-06, 1.46207344187e-06, 1.49581501319e-06, 1.18055879739e-06, 9.43876898418e-07, 1.1298947129e-06, 7.35662979423e-07, 5.93370089064e-07],
        "dmean2": [0.003519941587, 0.003210228635, 0.00256406376138, 0.00100969080813, 0.000684223196004, 0.000403552490752, 0.000199966496439, 0.000142895092722, 0.000120458040328, 0.000114618211228, 0.000124636469991, 4.14027090301e-05, 5.80292798986e-05, 4.85179698444e-05, 4.76890309073e-05, 3.62416139978e-05, 6.42811573925e-05, 2.01345828827e-05, 1.28304418467e-05, 1.97456247406e-05, 1.27625653477e-05, 1.5151154912e-05, 8.06896514405e-06, 1.09872635221e-05, 6.89866192261e-06, 5.38115955351e-06, 5.55823453396e-06, 3.41512941304e-06, 3.13099599225e-06, 3.54018425242e-06, 4.15417389377e-06, 2.68953021987e-06, 2.4775251859e-06, 2.51650681093e-06, 2.62290905084e-06, 2.02960495699e-06, 1.62913227086e-06, 2.01650505005e-06, 1.271026008e-06, 1.02377737221e-06],
        "dvar": [2.38059110416e-05, 2.11943606701e-05, 2.00696158572e-05, 2.35924949266e-06, 1.13808403057e-06, 4.59424455812e-07, 8.27915158652e-08, 5.72871705629e-08, 4.05420124139e-08, 3.55048008771e-08, 3.32449907603e-08, 5.27621368818e-09, 1.4623607214e-08, 9.04123353962e-09, 1.4673745774e-08, 4.53556214808e-09, 2.95771265257e-08, 1.57229551601e-09, 5.75256564606e-10, 1.21910415096e-09, 5.02159036575e-10, 7.93719312497e-10, 2.00759839308e-10, 6.46927567072e-10, 2.1168763964e-10, 9.05511776672e-11, 1.32675551101e-10, 3.78957906721e-11, 3.50835575869e-11, 5.63259647257e-11, 6.62279397989e-11, 2.09524394362e-11, 2.32373790349e-11, 2.60070211894e-11, 2.46224967498e-11, 1.22326645341e-11, 6.75524653576e-12, 8.34483350476e-12, 3.929064539e-12, 3.06517875318e-12],
        "dvar2": [6.03485750617e-05, 5.00685746374e-05, 5.49628348381e-05, 6.19450520389e-06, 3.21421839544e-06, 1.31181172947e-06, 2.0083535901e-07, 1.02423115322e-07, 8.07005591241e-08, 7.84818539046e-08, 7.94395731418e-08, 1.29577486518e-08, 2.86461929733e-08, 1.79929404709e-08, 3.08098080382e-08, 1.14274030238e-08, 7.28851148324e-08, 3.87412146807e-09, 1.59255453269e-09, 3.23737614494e-09, 1.40525358017e-09, 2.26793495095e-09, 5.68893931963e-10, 1.87997639678e-09, 6.02841776498e-10, 2.54724796811e-10, 3.76466802177e-10, 1.04689944214e-10, 9.55192314134e-11, 1.58466337274e-10, 1.8687201786e-10, 5.43213460324e-11, 5.81720019377e-11, 7.10662917403e-11, 6.79327150088e-11, 3.22279494758e-11, 1.83063494918e-11, 2.31584664639e-11, 1.0719160802e-11, 8.55361441399e-12],
        "max": [0.0396717749536, 0.0479628480971, 0.0429700613022, 0.023808915168, 0.0168283581734, 0.0117409368977, 0.00381344510242, 0.0059028272517, 0.00316571653821, 0.00318943639286, 0.0038172325585, 0.00163096678443, 0.00206803507172, 0.0019244060386, 0.00241644727066, 0.0016039571492, 0.00297453440726, 0.00122763030231, 0.000726070255041, 0.000585883972235, 0.000596825091634, 0.000709524261765, 0.000226690826821, 0.00035710807424, 0.000202778392122, 0.000112815250759, 0.000141250711749, 0.000105969527795, 0.000113947935461, 9.9242774013e-05, 0.000123252393678, 8.3627361164e-05, 6.060085434e-05, 7.62661729823e-05, 6.55043986626e-05, 3.88492335333e-05, 3.19650425809e-05, 4.25601974712e-05, 2.62636021944e-05, 4.13879861298e-05],
        "mean": [0.00526205450296, 0.00388709595427, 0.00189609976951, 0.000920972437598, 0.000586572277825, 0.000359676865628, 0.00023088468879, 0.000201509188628, 0.00017835838662, 0.000116910283396, 0.000124891928863, 4.40047006123e-05, 6.94333357387e-05, 5.57674429729e-05, 4.60457267764e-05, 2.4514269171e-05, 4.67647914775e-05, 1.49639072333e-05, 6.86789007887e-06, 1.35569571285e-05, 7.10529366188e-06, 6.78570950186e-06, 4.04039747082e-06, 4.92278331876e-06, 3.53839504896e-06, 2.64639038505e-06, 2.93230823445e-06, 2.0200320705e-06, 1.79881192253e-06, 1.75721606865e-06, 2.01351735996e-06, 1.59242460995e-06, 1.44994135098e-06, 1.30716443891e-06, 1.28334409055e-06, 1.01859484403e-06, 8.58896100908e-07, 9.146034472e-07, 6.36819152078e-07, 4.9444764727e-07],
        "median": [0.00160617171787, 0.0023017837666, 0.00102540501393, 0.000430742686149, 0.000281073094811, 0.000136997361551, 8.67652925081e-05, 9.29011657718e-05, 8.10467972769e-05, 3.28613823513e-05, 3.05177818518e-05, 7.03267141944e-06, 1.53062210302e-05, 1.15882394311e-05, 7.02902343619e-06, 3.79848756893e-06, 6.48478544463e-06, 2.84242491944e-06, 1.77149536285e-06, 3.21955121763e-06, 1.99934493139e-06, 1.47001060213e-06, 1.02291960502e-06, 6.80529296915e-07, 6.47901629236e-07, 4.96047391607e-07, 6.07325546298e-07, 3.66785286587e-07, 3.03403766111e-07, 2.62600650558e-07, 2.61067839347e-07, 2.32938347722e-07, 1.58229838121e-07, 1.74233434791e-07, 1.77018335989e-07, 1.34723208589e-07, 1.14922229955e-07, 1.26133400613e-07, 8.9503032541e-08, 6.09510735217e-08],
        "min": [1.03510312681e-23, 2.94581685153e-24, 1.00089882794e-23, 1.54793600038e-23, 1.07650759583e-23, 9.45698049434e-24, 1.62863142228e-23, 2.71813068947e-23, 1.46708548843e-23, 4.03931493353e-24, 4.86110644281e-24, 6.87068423936e-24, 1.19638211012e-23, 1.5254834413e-23, 1.10783002804e-23, 1.34667849303e-23, 8.8198033417e-24, 7.51931723007e-24, 6.29855142936e-24, 4.90986238549e-24, 4.15836035501e-24, 6.86486481246e-24, 1.73888514675e-23, 6.45474194429e-24, 4.54273519767e-24, 1.23737069167e-23, 7.08014810894e-24, 7.97069712915e-24, 7.80003574977e-24, 6.35019381409e-24, 1.2479686435e-23, 1.50102039131e-23, 1.48266170478e-23, 1.69414221838e-23, 1.02278056727e-23, 8.92336500134e-24, 1.02125506805e-23, 6.29573401264e-24, 1.1544581762e-23, 9.77167367551e-24],
        "var": [5.41152367077e-05, 2.9904920666e-05, 1.42852741192e-05, 2.29579427469e-06, 9.89510340332e-07, 4.37836433775e-07, 1.61115707442e-07, 1.34468436386e-07, 8.5184403531e-08, 5.81203565275e-08, 6.52138041346e-08, 1.83029058576e-08, 2.83663244005e-08, 1.78271513107e-08, 2.62912731586e-08, 5.22328269525e-09, 3.33665255425e-08, 2.90299939643e-09, 4.54496829061e-10, 1.17811704836e-09, 3.5242861407e-10, 4.91685414605e-10, 1.28433069735e-10, 3.79156955832e-10, 1.37320946281e-10, 6.06739172793e-11, 8.74334424306e-11, 2.9340207347e-11, 2.72816005897e-11, 3.79563949715e-11, 4.47381125201e-11, 1.9014593719e-11, 2.0904744949e-11, 1.90453989385e-11, 1.76046573153e-11, 9.6900317631e-12, 5.38328236155e-12, 5.70850094625e-12, 3.00515038201e-12, 2.20201417864e-12]
    },
    "mfcc": {
        "mean": [-714.01159668, 141.076766968, 28.4288578033, 19.8208713531, 5.95999670029, 5.33381938934, -0.553967654705, 3.28612971306, 0.664214074612, 3.51380395889, 0.386754006147, 2.73118686676, 0.103538133204],
        "cov": [[13690.3779297, 556.11328125, 115.502212524, 435.819244385, 1022.84558105, 1378.68127441, 631.352966309, 371.931243896, 19.3780403137, -162.673492432, 50.2344894409, 333.272125244, 319.078460693], [556.11328125, 2179.109375, -34.3457374573, -105.581382751, 93.274887085, 10.6382293701, -9.70732021332, -3.22306323051, -30.4469814301, -3.93999457359, -11.0318250656, 71.3099136353, -18.5676746368], [115.502212524, -34.3457374573, 648.173095703, 254.97984314, 149.224716187, 86.7857131958, 61.1925811768, 70.2752075195, 105.60093689, 60.405418396, 29.2931556702, 29.0950298309, -7.98671340942], [435.819244385, -105.581382751, 254.97984314, 465.72454834, 261.361602783, 174.141372681, 82.771812439, 58.3581848145, 26.2079467773, -4.74775218964, 33.8545646667, 58.8573989868, 28.2727985382], [1022.84558105, 93.274887085, 149.224716187, 261.361602783, 622.96685791, 556.572814941, 228.300918579, 59.6229438782, -18.5966129303, -78.1039123535, 13.1003885269, 142.229995728, 103.4712677], [1378.68127441, 10.6382293701, 86.7857131958, 174.141372681, 556.572814941, 718.659667969, 317.377929688, 80.9924087524, -5.23823976517, -52.325428009, 5.13802433014, 146.39666748, 136.135986328], [631.352966309, -9.70732021332, 61.1925811768, 82.771812439, 228.300918579, 317.377929688, 250.458480835, 85.7520599365, 17.4626464844, 13.9085149765, 13.148900032, 65.3986663818, 68.5514678955], [371.931243896, -3.22306323051, 70.2752075195, 58.3581848145, 59.6229438782, 80.9924087524, 85.7520599365, 172.133483887, 94.8015213013, 9.74806308746, 25.1686477661, 39.1320991516, 23.0887908936], [19.3780403137, -30.4469814301, 105.60093689, 26.2079467773, -18.5966129303, -5.23823976517, 17.4626464844, 94.8015213013, 185.028717041, 86.1348495483, 16.5708427429, -11.9629106522, -16.3035507202], [-162.673492432, -3.93999457359, 60.405418396, -4.74775218964, -78.1039123535, -52.325428009, 13.9085149765, 9.74806308746, 86.1348495483, 180.204711914, 34.6095237732, -33.8068618774, -13.2139434814], [50.2344894409, -11.0318250656, 29.2931556702, 33.8545646667, 13.1003885269, 5.13802433014, 13.148900032, 25.1686477661, 16.5708427429, 34.6095237732, 96.1550979614, 53.9733657837, 13.7927808762], [333.272125244, 71.3099136353, 29.0950298309, 58.8573989868, 142.229995728, 146.39666748, 65.3986663818, 39.1320991516, -11.9629106522, -33.8068618774, 53.9733657837, 163.853729248, 90.6321105957], [319.078460693, -18.5676746368, -7.98671340942, 28.2727985382, 103.4712677, 136.135986328, 68.5514678955, 23.0887908936, -16.3035507202, -13.2139434814, 13.7927808762, 90.6321105957, 148.711837769]],
