{
"lowlevel": {
    "average_loudness": 0.831535756588,
    "barkbands_crest": {
        "dmean": 2.97758078575,
        "dmean2": 4.8850903511,
        "dvar": 8.61303424835,
        "dvar2": 22.9776382446,
        "max": 26.1053581238,
        "mean": 10.0308504105,
        "median": 8.99899578094,
        "min": 2.45669102669,
        "var": 18.7897758484
    },
    "barkbands_flatness_db": {
        "dmean": 0.0298463739455,
        "dmean2": 0.0463216863573,
        "dvar": 0.00105287693441,
        "dvar2": 0.00239637983032,
        "max": 0.418835431337,
        "mean": 0.164038494229,
        "median": 0.158148184419,
        "min": 0.0294401049614,
        "var": 0.00367535301484
    },
    "barkbands_kurtosis": {
        "dmean": 3.60390686989,
        "dmean2": 6.02482414246,
        "dvar": 55.1988105774,
        "dvar2": 143.593551636,
        "max": 138.10458374,
        "mean": 4.35552120209,
        "median": 1.65796995163,
        "min": -1.86398553848,
        "var": 77.6189804077
    },
    "barkbands_skewness": {
        "dmean": 0.643005251884,
        "dmean2": 1.0309009552,
        "dvar": 0.592634022236,
        "dvar2": 1.4621284008,
        "max": 10.4456558228,
        "mean": 1.47036516666,
        "median": 1.35666120052,
        "min": -4.14551353455,
        "var": 1.67011058331
    },
    "barkbands_spread": {
        "dmean": 5.56890201569,
        "dmean2": 8.78255653381,
        "dvar": 38.8963508606,
        "dvar2": 90.6126174927,
        "max": 62.9042129517,
        "mean": 19.3737239838,
        "median": 17.914730072,
        "min": 0.591420292854,
        "var": 127.441192627
    },
    "dissonance": {
        "dmean": 0.0194854736328,
        "dmean2": 0.0320657789707,
        "dvar": 0.000389651220758,
        "dvar2": 0.00101089442614,
        "max": 0.500000178814,
        "mean": 0.46188801527,
        "median": 0.470367074013,
        "min": 0.268293142319,
        "var": 0.00102602981497
    },
    "dynamic_complexity": 4.17442321777,
    "erbbands_crest": {
        "dmean": 2.93385362625,
        "dmean2": 4.65074729919,
        "dvar": 7.99424123764,
        "dvar2": 19.1520614624,
        "max": 33.6848220825,
        "mean": 10.5640296936,
        "median": 9.44005775452,
        "min": 2.57854270935,
        "var": 26.3629512787
    },
    "erbbands_flatness_db": {
        "dmean": 0.0193862970918,
        "dmean2": 0.0280985683203,
        "dvar": 0.000418811861891,
        "dvar2": 0.000835505081341,
        "max": 0.391012132168,
        "mean": 0.185253188014,
        "median": 0.181121960282,
        "min": 0.0539723150432,
        "var": 0.00238298112527
    },
    "erbbands_kurtosis": {
        "dmean": 1.16629505157,
        "dmean2": 1.87958562374,
        "dvar": 4.15602493286,
        "dvar2": 10.4715871811,
        "max": 41.9950332642,
        "mean": 0.743245065212,
        "median": -0.208466053009,
        "min": -1.7759180069,
        "var": 9.62281799316
    },
    "erbbands_skewness": {
        "dmean": 0.407845050097,
        "dmean2": 0.629214167595,
        "dvar": 0.178299695253,
        "dvar2": 0.42099109292,
        "max": 4.63653993607,
        "mean": 0.160189405084,
        "median": 0.0995089188218,
        "min": -4.21635818481,
        "var": 0.791348874569
    },
    "erbbands_spread": {
        "dmean": 7.28535318375,
        "dmean2": 11.6453561783,
        "dvar": 62.4191474915,
        "dvar2": 156.511917114,
        "max": 138.213195801,
        "mean": 34.4224357605,
        "median": 33.7822875977,
        "min": 1.90395402908,
        "var": 251.859008789
    },
    "hfc": {
        "dmean": 6.95766019821,
        "dmean2": 10.4468650818,
        "dvar": 162.753570557,
        "dvar2": 403.431854248,
        "max": 201.716064453,
        "mean": 18.5177822113,
        "median": 14.2241401672,
        "min": 1.23835647788e-16,
        "var": 304.125427246
    },
    "melbands_crest": {
        "dmean": 3.3857858181,
        "dmean2": 5.53981924057,
        "dvar": 9.80403614044,
        "dvar2": 25.6294460297,
        "max": 31.8232975006,
        "mean": 13.7311296463,
        "median": 13.0456285477,
        "min": 2.61374974251,
        "var": 24.109172821
    },
    "melbands_flatness_db": {
        "dmean": 0.0356823466718,
        "dmean2": 0.0550646074116,
        "dvar": 0.00160742725711,
        "dvar2": 0.0035340290051,
        "max": 0.534313797951,
        "mean": 0.220725357533,
        "median": 0.213051721454,
        "min": 0.00414987513795,
        "var": 0.00645030196756
    },
    "melbands_kurtosis": {
        "dmean": 7.66864585876,
        "dmean2": 12.7998275757,
        "dvar": 210.803100586,
        "dvar2": 546.969604492,
        "max": 263.804229736,
        "mean": 12.0241737366,
        "median": 6.55194377899,
        "min": -1.85410046577,
        "var": 295.205993652
    },
    "melbands_skewness": {
        "dmean": 0.808430731297,
        "dmean2": 1.29864537716,
        "dvar": 0.935549020767,
        "dvar2": 2.34569573402,
        "max": 11.3425579071,
        "mean": 2.46196317673,
        "median": 2.2519197464,
        "min": -3.31297159195,
        "var": 2.68036341667
    },
    "melbands_spread": {
        "dmean": 7.77595806122,
        "dmean2": 12.2416944504,
        "dvar": 92.754699707,
        "dvar2": 210.742675781,
        "max": 136.299301147,
        "mean": 22.6085891724,
        "median": 18.631608963,
        "min": 0.717773616314,
        "var": 279.22454834
    },
    "pitch_salience": {
        "dmean": 0.0863051339984,
        "dmean2": 0.141959369183,
        "dvar": 0.00709267286584,
        "dvar2": 0.0197968631983,
        "max": 0.902871012688,
        "mean": 0.532667756081,
        "median": 0.539430379868,
        "min": 0.0894698575139,
        "var": 0.0147272273898
    },
    "silence_rate_20dB": {
        "dmean": 0,
        "dmean2": 0,
        "dvar": 0,
        "dvar2": 0,
        "max": 1,
        "mean": 1,
        "median": 1,
        "min": 1,
        "var": 0
    },
    "silence_rate_30dB": {
        "dmean": 0.0553943552077,
        "dmean2": 0.110803321004,
        "dvar": 0.0523281283677,
        "dvar2": 0.129386559129,
        "max": 1,
        "mean": 0.958987236023,
        "median": 1,
        "min": 0,
        "var": 0.0393282957375
    },
    "silence_rate_60dB": {
        "dmean": 0.0163545235991,
        "dmean2": 0.0327133610845,
        "dvar": 0.0160866491497,
        "dvar2": 0.0348071008921,
        "max": 1,
        "mean": 0.118159040809,
        "median": 0,
        "min": 0,
        "var": 0.104194350541
    },
    "spectral_centroid": {
        "dmean": 283.610290527,
        "dmean2": 430.092224121,
        "dvar": 113753.726562,
        "dvar2": 236249.75,
        "max": 11199.796875,
        "mean": 1344.82287598,
        "median": 1281.8260498,
        "min": 167.285705566,
        "var": 482933.9375
    },
    "spectral_complexity": {
        "dmean": 4.80480098724,
        "dmean2": 7.1101436615,
        "dvar": 39.6189575195,
        "dvar2": 76.231338501,
        "max": 61,
        "mean": 18.0664653778,
        "median": 16,
        "min": 0,
        "var": 144.448822021
    },
    "spectral_decrease": {
        "dmean": 3.56889207076e-09,
        "dmean2": 5.68347191532e-09,
        "dvar": 4.20253080675e-17,
        "dvar2": 1.04485947732e-16,
        "max": 3.28865854004e-30,
        "mean": -7.88739917823e-09,
        "median": -5.83934989251e-09,
        "min": -6.67202399995e-08,
        "var": 7.04316365971e-17
    },
    "spectral_energy": {
        "dmean": 0.0138973388821,
        "dmean2": 0.0219784323126,
        "dvar": 0.000608710804954,
        "dvar2": 0.0015047545312,
        "max": 0.254684269428,
        "mean": 0.0314485095441,
        "median": 0.0235967598855,
        "min": 1.12198422858e-20,
        "var": 0.00105343514588
    },
    "spectral_energyband_high": {
        "dmean": 0.000346684857504,
        "dmean2": 0.000532769248821,
        "dvar": 6.84195356371e-07,
        "dvar2": 1.68239682807e-06,
        "max": 0.015151466243,
        "mean": 0.000562748056836,
        "median": 0.000222294955165,
        "min": 8.26179433206e-21,
        "var": 9.22380422708e-07
    },
    "spectral_energyband_low": {
        "dmean": 0.0103908870369,
        "dmean2": 0.0174870491028,
        "dvar": 0.000544936046936,
        "dvar2": 0.00142704532482,
        "max": 0.225537791848,
        "mean": 0.0151694025844,
        "median": 0.00676478398964,
        "min": 1.13373827121e-22,
        "var": 0.000704205944203
    },
    "spectral_energyband_middle_high": {
        "dmean": 0.00227432791144,
        "dmean2": 0.00357878324576,
        "dvar": 1.5429843188e-05,
        "dvar2": 3.84801314794e-05,
        "max": 0.05254849419,
        "mean": 0.00523319747299,
        "median": 0.00351036014035,
        "min": 1.59385819376e-21,
        "var": 3.20778599416e-05
    },
    "spectral_energyband_middle_low": {
        "dmean": 0.00465318467468,
        "dmean2": 0.00727619277313,
        "dvar": 0.000142031480209,
        "dvar2": 0.00036945042666,
        "max": 0.199038296938,
        "mean": 0.0115912193432,
        "median": 0.00936000794172,
        "min": 2.8230380827e-22,
        "var": 0.000174392582267
    },
    "spectral_entropy": {
        "dmean": 0.216448694468,
        "dmean2": 0.315349429846,
        "dvar": 0.0636953562498,
        "dvar2": 0.12813615799,
        "max": 9.80442905426,
        "mean": 7.33432579041,
        "median": 7.37930679321,
        "min": 5.27075052261,
        "var": 0.262416154146
    },
    "spectral_flux": {
        "dmean": 0.0319447107613,
        "dmean2": 0.04777463153,
        "dvar": 0.00183287740219,
        "dvar2": 0.00391191383824,
        "max": 0.426351308823,
        "mean": 0.0842732563615,
        "median": 0.0678551122546,
        "min": 6.61011085867e-07,
        "var": 0.00424918951467
    },
    "spectral_kurtosis": {
        "dmean": 2.42766737938,
        "dmean2": 4.08728218079,
        "dvar": 11.7324790955,
        "dvar2": 29.3676948547,
        "max": 81.5861129761,
        "mean": 5.93740940094,
        "median": 4.4083571434,
        "min": -1.17744243145,
        "var": 30.8341121674
    },
    "spectral_rms": {
        "dmean": 0.000995851354674,
        "dmean2": 0.00149344408419,
        "dvar": 1.8038952021e-06,
        "dvar2": 4.11528480981e-06,
        "max": 0.015763008967,
        "mean": 0.00486906711012,
        "median": 0.00479804445058,
        "min": 3.30850234362e-12,
        "var": 6.97374571246e-06
    },
    "spectral_rolloff": {
        "dmean": 468.650024414,
        "dmean2": 795.331481934,
        "dvar": 502811.03125,
        "dvar2": 1103338.5,
        "max": 18497.0214844,
        "mean": 1410.43847656,
        "median": 1055.12695312,
        "min": 86.1328125,
        "var": 1307942.875
    },
    "spectral_skewness": {
        "dmean": 0.293900460005,
        "dmean2": 0.468676239252,
        "dvar": 0.113961666822,
        "dvar2": 0.254830867052,
        "max": 7.46285200119,
        "mean": 1.63490903378,
        "median": 1.50779724121,
        "min": -0.0192195773125,
        "var": 0.514324307442
    },
    "spectral_spread": {
        "dmean": 443986.71875,
        "dmean2": 666318.875,
        "dvar": 457500819456,
        "dvar2": 814066696192,
        "max": 40024116,
        "mean": 3726797.5,
        "median": 3448734.5,
        "min": 1148474.625,
        "var": 1.54874963558e+12
    },
    "spectral_strongpeak": {
        "dmean": 0.602851450443,
        "dmean2": 1.05003547668,
        "dvar": 1.3551582098,
        "dvar2": 3.46628189087,
        "max": 15.8197040558,
        "mean": 0.958818078041,
        "median": 0.445840805769,
        "min": 0,
        "var": 1.9400831461
    },
    "zerocrossingrate": {
        "dmean": 0.00971371866763,
        "dmean2": 0.0114367045462,
        "dvar": 0.000118862830277,
        "dvar2": 0.000149374318426,
        "max": 0.63232421875,
        "mean": 0.0547448731959,
        "median": 0.0498046875,
        "min": 0.00439453125,
        "var": 0.00103119318374
    },
    "barkbands": {
        "dmean": [0.000113321599201, 0.00799686927348, 0.00353209045716, 0.00135492405389, 0.00234210747294, 0.00125812413171, 0.000643385748845, 0.000344098429196, 0.000699159165379, 0.000391148380004, 0.000364285311662, 0.000195982749574, 0.000291500473395, 0.000350121816155, 0.000358787539881, 0.00036341350642, 0.000439098628704, 0.000345391308656, 0.000251829449553, 0.000180833420018, 0.000139276729897, 6.95800627e-05, 3.28036439896e-05, 2.86038139166e-05, 3.03566903312e-05, 1.37156466735e-05, 1.05376045667e-06],
        "dmean2": [0.000166844984051, 0.0141794057563, 0.00585004268214, 0.00233847391792, 0.00385120115243, 0.0018476996338, 0.00093712261878, 0.000533414247911, 0.0010458152974, 0.000589710252825, 0.000538592867088, 0.000318282283843, 0.00048628723016, 0.000584970752243, 0.000604648434091, 0.000602155225351, 0.000709227286279, 0.000563319015782, 0.000404322636314, 0.000288946612272, 0.000211653794395, 0.000113138368761, 5.20711837453e-05, 4.68301586807e-05, 4.60249430034e-05, 2.03784074984e-05, 1.76727178314e-06],
        "dvar": [5.94049431868e-08, 0.000418576149968, 4.56880297861e-05, 5.81802305533e-06, 0.000102712714579, 6.50678612146e-06, 1.27311670894e-06, 5.16324462296e-07, 2.72984198091e-06, 1.16879880352e-06, 1.1605451391e-06, 2.31327362599e-07, 4.71221056841e-07, 6.61252443024e-07, 5.99118209266e-07, 7.33919080176e-07, 1.00168256267e-06, 9.78924163064e-07, 3.27878211692e-07, 1.49836907326e-07, 8.96379717119e-08, 5.52106236285e-08, 6.26696605721e-09, 6.60292398535e-09, 1.25827526176e-08, 2.91810398068e-09, 4.19928536388e-11],
        "dvar2": [1.19465084936e-07, 0.00117661443073, 0.000119192111015, 1.63969343703e-05, 0.000265748472884, 1.7641692466e-05, 2.5355791422e-06, 1.23928498397e-06, 5.77183254791e-06, 2.16170883505e-06, 2.05683591048e-06, 5.42053101071e-07, 1.16904141123e-06, 1.72830516476e-06, 1.51909443957e-06, 1.84930343039e-06, 2.63936931333e-06, 2.65649214271e-06, 8.11211236851e-07, 3.66252663753e-07, 1.94077230731e-07, 1.53357348154e-07, 1.64684514914e-08, 1.76716898892e-08, 2.87469603677e-08, 6.49192788416e-09, 1.20296550499e-10],
        "max": [0.00263957562856, 0.163772597909, 0.0731497630477, 0.029095146805, 0.182549238205, 0.0701846256852, 0.0217203926295, 0.0204343274236, 0.0567088611424, 0.0328411348164, 0.0285769645125, 0.0105164032429, 0.0166586190462, 0.0138600738719, 0.0121822822839, 0.0162771586329, 0.0258160531521, 0.0165552999824, 0.0146959722042, 0.00540064787492, 0.00382333947346, 0.0065790633671, 0.00150345638394, 0.00153704255354, 0.00200862367637, 0.0010190512985, 0.000337920588208],
        "mean": [0.000198647627258, 0.00892981700599, 0.00509661110118, 0.00206632632762, 0.00361709622666, 0.00224820734002, 0.00123664655257, 0.000579158018809, 0.00151378533337, 0.000719108909834, 0.000633143470623, 0.000326502864482, 0.000479181151604, 0.000527832715306, 0.000532804173417, 0.000524622912053, 0.000686500337906, 0.000442669144832, 0.000364526466001, 0.00026595077361, 0.000217967870412, 9.25929052755e-05, 4.83002295368e-05, 4.12703084294e-05, 4.0516792069e-05, 1.76515532075e-05, 1.0938952073e-06],
        "median": [8.05433774076e-06, 0.00126488634851, 0.00250001554377, 0.00128662097268, 0.00165421504062, 0.00140774389729, 0.000592348456848, 0.000230819408898, 0.000448378908914, 0.000163854216225, 0.000156839523697, 0.000112400783109, 0.000152990454808, 0.000164685130585, 0.000155857298523, 0.000151074447786, 0.000186586694326, 0.000121156437672, 8.66110058269e-05, 6.57979253447e-05, 7.54828579375e-05, 2.26073789236e-05, 1.44598534462e-05, 8.84034943738e-06, 4.07958623327e-06, 9.31827401018e-07, 8.28073343229e-09],
        "min": [1.14938674721e-22, 3.83166812616e-23, 1.78516619611e-23, 2.80231540092e-23, 3.8680873098e-23, 5.4151350528e-23, 4.16781027757e-23, 3.66470192904e-23, 7.69530783817e-23, 3.65887161586e-23, 5.7238226359e-23, 4.61252524863e-23, 7.3647296805e-23, 2.60608038162e-22, 1.20344820546e-22, 1.48947250895e-22, 1.0029143991e-22, 2.86936277184e-22, 3.70398518263e-22, 2.66829891406e-22, 4.47814954608e-22, 5.89925381541e-22, 6.24354603593e-22, 8.03367514532e-22, 1.47892512311e-21, 1.63250828866e-21, 2.74537509261e-21],
        "var": [1.77669207346e-07, 0.000409603409935, 6.0351780121e-05, 7.12824021321e-06, 9.5753428468e-05, 8.25508232083e-06, 3.95023835154e-06, 9.99434064397e-07, 8.41115343064e-06, 3.79402604267e-06, 3.41520353686e-06, 5.63757396321e-07, 1.0025003121e-06, 9.690583056e-07, 1.14259842121e-06, 1.3887570276e-06, 1.83065549209e-06, 9.57106976784e-07, 5.15203339546e-07, 2.34347126593e-07, 1.51158843664e-07, 4.70269903019e-08, 8.60559001836e-09, 8.05272470927e-09, 1.75069914121e-08, 3.95642851814e-09, 8.32770657988e-11]
    },
    "erbbands": {
        "dmean": [0.150409042835, 2.09328937531, 4.41555500031, 3.66921496391, 6.57297611237, 8.63219833374, 7.68764829636, 10.4948568344, 8.44591903687, 10.5716533661, 8.84005451202, 14.0741252899, 13.8701810837, 10.9206533432, 13.4366388321, 8.69607639313, 12.7303676605, 18.4884815216, 13.2775087357, 21.0621471405, 24.2150173187, 21.2642593384, 17.7209739685, 16.684047699, 10.9613256454, 7.88685512543, 7.08886146545, 4.14862775803, 2.78939986229, 1.38091516495, 0.88733625412, 0.685864806175, 0.435293614864, 0.40248221159, 0.162633568048, 0.0742129758, 0.0261446759105, 0.00353444227949, 0.000150716572534, 1.83246647794e-05],
        "dmean2": [0.25525611639, 3.7340593338, 7.27426338196, 6.27560710907, 10.9348573685, 14.1979293823, 11.9349966049, 15.4080495834, 12.3699989319, 15.1653499603, 13.8302774429, 21.32396698, 20.3275947571, 16.7450428009, 19.9896278381, 14.1038131714, 21.0362987518, 30.8404712677, 22.3486232758, 35.9455413818, 39.6997261047, 34.125667572, 29.1519031525, 26.5549697876, 17.608455658, 12.659362793, 11.005437851, 6.47785425186, 4.57087802887, 2.23806738853, 1.41360974312, 1.10081458092, 0.713161528111, 0.631393909454, 0.246827930212, 0.114119961858, 0.0382215864956, 0.00553389918059, 0.000243588059675, 2.82880646409e-05],
        "dvar": [0.124764673412, 29.8975467682, 89.1149978638, 41.0040969849, 473.345611572, 1584.88513184, 416.039672852, 423.723358154, 269.138763428, 324.422454834, 521.583007812, 1300.31994629, 1092.46191406, 1157.76159668, 1591.12512207, 447.027679443, 946.815124512, 1750.80761719, 848.82623291, 2431.55297852, 3907.14868164, 1689.24560547, 2858.84667969, 1549.69726562, 616.284301758, 301.999481201, 283.579376221, 81.8445739746, 105.770973206, 13.1377296448, 4.90994310379, 3.46887469292, 1.75326704979, 2.38197565079, 0.332890689373, 0.0803665742278, 0.0120154302567, 0.000252512923907, 8.14333020571e-07, 9.75247105295e-10],
        "dvar2": [0.320797681808, 84.4945831299, 225.88659668, 114.255210876, 1252.09765625, 4128.328125, 1162.73791504, 1130.90039062, 552.418334961, 668.233947754, 1263.79431152, 2774.24682617, 1907.14477539, 2201.24121094, 2796.84399414, 1073.75488281, 2356.64086914, 4546.21191406, 2186.38061523, 6224.31445312, 10191.7509766, 4203.96044922, 7874.1640625, 3828.50463867, 1587.07299805, 756.653625488, 642.714111328, 190.002441406, 297.708953857, 34.4839782715, 12.9268445969, 9.03784656525, 4.71242046356, 5.72998476028, 0.766784131527, 0.188988894224, 0.025695361197, 0.000641442718916, 2.33040282183e-06, 2.39810860059e-09],
        "max": [2.9842505455, 43.4797706604, 101.659255981, 68.3334732056, 418.53237915, 775.599487305, 436.014953613, 602.784240723, 333.433929443, 308.863494873, 844.81842041, 1392.20446777, 1056.28552246, 1315.89697266, 1004.03485107, 470.486206055, 845.86114502, 710.491455078, 436.518463135, 878.171447754, 1346.90332031, 643.74395752, 963.441833496, 950.543945312, 471.465454102, 215.284729004, 233.594406128, 132.820632935, 295.138122559, 78.7114028931, 45.9755020142, 30.6055583954, 27.734041214, 31.5790958405, 10.0644187927, 6.39136552811, 2.13411545753, 0.446565747261, 0.0496830120683, 0.000658449484035],
        "mean": [0.201756387949, 2.17757630348, 6.09562540054, 6.26427221298, 10.1968822479, 12.7734746933, 13.2459764481, 18.4502048492, 16.3493423462, 20.1938419342, 17.561668396, 29.9606952667, 27.6902770996, 21.4175205231, 23.4052085876, 15.5320672989, 22.1108703613, 28.9640312195, 20.7331619263, 31.2471923828, 38.0168418884, 34.7183265686, 23.5474472046, 24.4790649414, 16.8516712189, 11.5757551193, 10.5694494247, 6.50309848785, 3.73605561256, 1.90570819378, 1.33331525326, 1.04800736904, 0.587141036987, 0.523203074932, 0.212566301227, 0.0965717658401, 0.0325096696615, 0.00428222352639, 0.00018826003361, 4.10303473473e-05],
        "median": [0.0253331717104, 0.383259564638, 2.88841581345, 4.34000444412, 5.62784147263, 5.18930196762, 7.28523111343, 11.4560480118, 7.69878578186, 9.49002456665, 7.08102035522, 9.17110347748, 7.34767580032, 6.99714374542, 6.34140062332, 5.87586021423, 8.01847839355, 10.2421884537, 7.16805505753, 9.30762481689, 11.9829244614, 12.1346282959, 8.22490024567, 6.95503616333, 5.31655979156, 3.47353219986, 3.07134270668, 2.52629065514, 1.04772973061, 0.623505711555, 0.376452744007, 0.22775273025, 0.117762207985, 0.0628253519535, 0.0191347226501, 0.00632213475183, 0.0013807262294, 0.000132654065965, 2.08660021599e-05, 2.95455793093e-05],
        "min": [1.92003584549e-21, 6.49776624451e-21, 1.97594368255e-20, 5.58103799921e-20, 1.16641578281e-19, 9.96708823403e-20, 2.96680708552e-19, 5.01341864957e-19, 4.84064129912e-19, 7.84619791893e-19, 8.90856665915e-19, 1.83047335419e-18, 1.16600661275e-18, 1.07215025436e-18, 3.41816009961e-18, 2.14891721051e-18, 3.71377956129e-18, 1.36540048464e-17, 7.88331744212e-18, 5.70253558006e-18, 7.11199385479e-18, 7.56592245082e-18, 1.58186711622e-17, 1.58928212867e-17, 1.73664021889e-17, 1.42024959029e-17, 1.47393311574e-17, 1.99445190175e-17, 2.38926074134e-17, 1.84332236424e-17, 1.77411696003e-17, 1.4990163752e-17, 1.45741266454e-17, 1.35242367519e-17, 1.16347469562e-17, 4.8709775277e-18, 3.42173310627e-18, 1.48240195628e-18, 4.14911727305e-19, 3.70273862589e-20],
        "var": [0.190690085292, 26.0960521698, 107.962776184, 54.7918701172, 451.860076904, 1428.82739258, 438.049560547, 556.875, 828.788879395, 892.149475098, 1195.68774414, 3723.26416016, 4033.11425781, 3461.40576172, 4559.56445312, 1091.51586914, 2043.57824707, 2689.59472656, 1331.21289062, 4507.76220703, 7448.12646484, 3112.3972168, 2611.64941406, 2407.4440918, 879.914306641, 438.814361572, 416.780029297, 129.044113159, 83.6496429443, 14.5838871002, 6.85916805267, 5.10190725327, 1.81810534, 2.88195681572, 0.461173713207, 0.105018667877, 0.0160414874554, 0.000366609689081, 1.89450236121e-06, 1.90559945601e-09]
    },
    "gfcc": {
        "mean": [-37.3142280579, 110.254440308, -131.118774414, 35.3493270874, -57.2386665344, 2.46227407455, -39.3337135315, 3.54715204239, -22.326089859, -0.605611264706, -15.5482501984, -5.71071529388, -8.55069065094],
        "cov": [[14312.8974609, 466.417449951, 573.469482422, 1298.15856934, 807.426879883, 722.169067383, 231.537307739, 488.278320312, -106.40574646, 32.5572853088, -184.731674194, 128.167861938, 88.8431243896], [466.417449951, 2202.90258789, 506.510284424, 324.219329834, 553.099609375, -78.4313278198, 356.970611572, -114.165802002, 286.444396973, -197.324462891, 201.07131958, -102.436759949, 259.424041748], [573.469482422, 506.510284424, 1032.23461914, 144.140274048, 169.954269409, 194.568069458, 32.9499130249, 36.5690879822, -30.129989624, 12.8287649155, 44.1930961609, 25.3576641083, 17.8725738525], [1298.15856934, 324.219329834, 144.140274048, 579.08782959, 309.408935547, 31.5373191833, 202.196121216, 80.3146896362, 120.068519592, 16.2643947601, 30.8053436279, 13.9419746399, 71.2706985474], [807.426879883, 553.099609375, 169.954269409, 309.408935547, 478.415924072, 38.3956642151, 171.200958252, 72.1837463379, 134.814880371, 7.27152109146, 51.1781387329, -1.64832770824, 57.4640541077], [722.169067383, -78.4313278198, 194.568069458, 31.5373191833, 38.3956642151, 299.944793701, 53.5150794983, 40.5407562256, -23.335773468, 25.9831905365, -10.8300161362, 6.63652038574, -21.3744449615], [231.537307739, 356.970611572, 32.9499130249, 202.196121216, 171.200958252, 53.5150794983, 321.112548828, 78.8282089233, 110.542106628, -1.28029203415, 29.5859718323, 1.84804344177, 63.758731842], [488.278320312, -114.165802002, 36.5690879822, 80.3146896362, 72.1837463379, 40.5407562256, 78.8282089233, 215.046691895, 74.5392990112, 42.1359481812, -34.1585769653, 11.6611318588, -7.30818367004], [-106.40574646, 286.444396973, -30.129989624, 120.068519592, 134.814880371, -23.335773468, 110.542106628, 74.5392990112, 221.263168335, 27.2342967987, 30.2154865265, -42.5422859192, 47.4348678589], [32.5572853088, -197.324462891, 12.8287649155, 16.2643947601, 7.27152109146, 25.9831905365, -1.28029203415, 42.1359481812, 27.2342967987, 145.43447876, 7.07033157349, 6.68872785568, -47.4184150696], [-184.731674194, 201.07131958, 44.1930961609, 30.8053436279, 51.1781387329, -10.8300161362, 29.5859718323, -34.1585769653, 30.2154865265, 7.07033157349, 108.431800842, 22.7463970184, 22.615901947], [128.167861938, -102.436759949, 25.3576641083, 13.9419746399, -1.64832770824, 6.63652038574, 1.84804344177, 11.6611318588, -42.5422859192, 6.68872785568, 22.7463970184, 95.612121582, 16.7615947723], [88.8431243896, 259.424041748, 17.8725738525, 71.2706985474, 57.4640541077, -21.3744449615, 63.758731842, -7.30818367004, 47.4348678589, -47.4184150696, 22.615901947, 16.7615947723, 115.9034729]],
        "icov": [[0.00014848158753, -0.000255923980149, 0.000185752040124, -0.000409673462855, 3.93796399294e-05, -0.000435167719843, 0.000381463381927, -0.000463839562144, 0.000466987490654, -0.000225313866395, 0.000389746885048, -0.000255534978351, 2.1021509383e-05], [-0.000255923980149, 0.00271775363944, -0.00143950234633, 0.00131388439331, -0.0017048624577, 0.00172630348243, -0.00213300040923, 0.00230544456281, -0.00193392671645, 0.0024982849136, -0.00280935084447, 0.0030518209096, -0.00207009678707], [0.000185752040124, -0.00143950234633, 0.00203364389017, -0.000989928725176, 0.000471862877021, -0.00178974075243, 0.00153446220793, -0.00165696674958, 0.00175765575841, -0.0013884928776, 0.00084643473383, -0.00130861485377, 0.000598841637839], [-0.000409673462855, 0.00131388439331, -0.000989928725176, 0.00429282337427, -0.00199393578805, 0.00162434240337, -0.0023977488745, 0.00164453173056, -0.00181423278991, 0.000731577398255, -0.0011466734577, 0.000929414236452, -0.00127190968487], [3.93796399294e-05, -0.0017048624577, 0.000471862877021, -0.00199393578805, 0.0049998247996, -0.000926196982618, 0.000633533112705, -0.00148196727969, -0.000245579693001, -0.00117101741489, 0.000714451365639, -0.00187261460815, 0.00160029612016], [-0.000435167719843, 0.00172630348243, -0.00178974075243, 0.00162434240337, -0.000926196982618, 0.00594634795561, -0.00281860353425, 0.00162075133994, -0.00100680289324, 0.00100857147481, -0.00152049446478, 0.00197869772092, -0.000209500227356], [0.000381463381927, -0.00213300040923, 0.00153446220793, -0.0023977488745, 0.000633533112705, -0.00281860353425, 0.00710010621697, -0.00336120347492, 0.00101414870005, -0.00158661918249, 0.00140102149453, -0.00209910073318, -0.000265961978585], [-0.000463839562144, 0.00230544456281, -0.00165696674958, 0.00164453173056, -0.00148196727969, 0.00162075133994, -0.00336120347492, 0.0101273227483, -0.00575575092807, 0.00128329335712, 0.00174285075627, -0.00120054301806, 0.000674969807733], [0.000466987490654, -0.00193392671645, 0.00175765575841, -0.00181423278991, -0.000245579693001, -0.00100680289324, 0.00101414870005, -0.00575575092807, 0.0122359087691, -0.00434256577864, -0.00126100541092, 0.00448497151956, -0.00335632148199], [-0.000225313866395, 0.0024982849136, -0.0013884928776, 0.000731577398255, -0.00117101741489, 0.00100857147481, -0.00158661918249, 0.00128329335712, -0.00434256577864, 0.0118942055851, -0.00353531492874, 0.000518269836903, 0.00332369236276], [0.000389746885048, -0.00280935084447, 0.00084643473383, -0.0011466734577, 0.000714451365639, -0.00152049446478, 0.00140102149453, 0.00174285075627, -0.00126100541092, -0.00353531492874, 0.0166131686419, -0.0083822235465, 0.00230874936096], [-0.000255534978351, 0.0030518209096, -0.00130861485377, 0.000929414236452, -0.00187261460815, 0.00197869772092, -0.00209910073318, -0.00120054301806, 0.00448497151956, 0.000518269836903, -0.0083822235465, 0.0195593386889, -0.00744881667197], [2.1021509383e-05, -0.00207009678707, 0.000598841637839, -0.00127190968487, 0.00160029612016, -0.000209500227356, -0.000265961978585, 0.000674969807733, -0.00335632148199, 0.00332369236276, 0.00230874936096, -0.00744881667197, 0.0166519209743]]
    },
    "melbands": {
        "dmean": [0.00180456903763, 0.00246671237983, 0.000684913538862, 0.000580071064178, 0.000274740683381, 0.00023490730382, 0.000130634696689, 0.000103817830677, 9.02257452253e-05, 8.75804034877e-05, 6.91134991939e-05, 4.40224575868e-05, 5.15673091286e-05, 2.02531900868e-05, 3.27273046423e-05, 2.67142986559e-05, 3.70258458133e-05, 2.1304571419e-05, 2.64993104793e-05, 2.40516928898e-05, 3.16000478051e-05, 2.47630596277e-05, 1.80799015652e-05, 1.79912258318e-05, 1.3788007891e-05, 8.0122918007e-06, 8.10011079011e-06, 4.91045511808e-06, 4.96928214488e-06, 3.62018317901e-06, 2.12583086068e-06, 1.77319873274e-06, 1.1315833035e-06, 6.68554946515e-07, 5.42264615433e-07, 4.83664848616e-07, 4.24182957204e-07, 3.24150846609e-07, 3.35574981136e-07, 3.32988520313e-07],
        "dmean2": [0.00317177618854, 0.00415907753631, 0.00116540153977, 0.00095168268308, 0.000435233756434, 0.00034459788003, 0.000191027764231, 0.000149526356836, 0.000140756368637, 0.000131964654429, 0.000101408753835, 6.8201625254e-05, 7.57497764425e-05, 3.26504959958e-05, 5.38306885574e-05, 4.43005919806e-05, 6.17475743638e-05, 3.58955949196e-05, 4.46974918304e-05, 4.0867318603e-05, 5.17092921655e-05, 3.97972216888e-05, 2.91866053885e-05, 2.979556848e-05, 2.1932170057e-05, 1.30303733386e-05, 1.30482731038e-05, 8.04011870059e-06, 7.86770851846e-06, 5.539002359e-06, 3.36773473464e-06, 2.93510447591e-06, 1.86310569461e-06, 1.08835013179e-06, 8.70531494002e-07, 7.7912739016e-07, 6.94125503742e-07, 5.40498547252e-07, 5.38124368177e-07, 5.30224497197e-07],
        "dvar": [1.98721845663e-05, 3.2923562685e-05, 1.42505109579e-06, 7.21205697118e-06, 5.91976458963e-07, 2.099940275e-07, 6.00601737233e-08, 3.12805070735e-08, 5.92064637317e-08, 4.31722462224e-08, 2.72920424038e-08, 2.16351914162e-08, 2.534292598e-08, 2.36561725764e-09, 6.61596688545e-09, 3.07422665102e-09, 7.51465556448e-09, 2.34647434816e-09, 3.35384098271e-09, 2.58996002422e-09, 7.71516805997e-09, 2.54478615958e-09, 2.39957476111e-09, 3.40610206706e-09, 1.11207965059e-09, 3.02731034685e-10, 3.37901817637e-10, 1.36889069524e-10, 1.55712956418e-10, 6.84008891194e-11, 2.12659594795e-11, 4.54954129925e-11, 1.24192227682e-11, 2.63079727274e-12, 1.79735317341e-12, 1.75932087908e-12, 1.33334966332e-12, 1.09219675404e-12, 1.30897267851e-12, 1.69790548808e-12],
        "dvar2": [5.51384691789e-05, 8.6820233264e-05, 3.96802943214e-06, 1.8578261006e-05, 1.64218374721e-06, 5.63217042782e-07, 1.20946623383e-07, 6.48995310826e-08, 1.40391563264e-07, 9.02730761254e-08, 4.76854218334e-08, 4.10911766835e-08, 4.40118519407e-08, 5.21347942595e-09, 1.59875845895e-08, 7.79554198971e-09, 1.95144522763e-08, 6.00361627079e-09, 8.56038528951e-09, 6.70715705198e-09, 2.03704058066e-08, 6.38208419446e-09, 5.78365355608e-09, 9.18645781667e-09, 2.64316124543e-09, 7.961973858e-10, 8.50735981661e-10, 3.5426456213e-10, 3.78721443095e-10, 1.45273390539e-10, 5.36806502027e-11, 1.2905786162e-10, 3.38086329765e-11, 6.81448127093e-12, 4.72489321973e-12, 4.71434436627e-12, 3.45722951135e-12, 3.03734229608e-12, 3.18444489528e-12, 4.1579261735e-12],
        "max": [0.0387957729399, 0.0565759912133, 0.0182474795729, 0.0485078543425, 0.01392920129, 0.01336831972, 0.00509574403986, 0.00345781468786, 0.00840090215206, 0.00748334499076, 0.00525519112125, 0.00571208354086, 0.00437648082152, 0.00130843836814, 0.00151956803165, 0.00114125583787, 0.00150489469524, 0.000597223406658, 0.00105236598756, 0.000844910216983, 0.00232413900085, 0.00104469188955, 0.000975932285655, 0.00115289236419, 0.000938762445003, 0.000263846537564, 0.000363684608601, 0.00015961547615, 0.000184213946341, 0.000115758055472, 6.5649561293e-05, 0.000192267209059, 9.23131083255e-05, 2.9019163776e-05, 2.78351726593e-05, 2.60771630565e-05, 2.17790784518e-05, 2.46486652031e-05, 2.14319825318e-05, 2.50567500188e-05],
        "mean": [0.00214406335726, 0.00320538925007, 0.00124274403788, 0.0008639471489, 0.000485232158098, 0.000416093680542, 0.00025614281185, 0.000193814426893, 0.000178118702024, 0.000186576886335, 0.000134753121529, 8.25134120532e-05, 8.94867698662e-05, 3.31478040607e-05, 5.60962107556e-05, 4.35108013335e-05, 5.57732200832e-05, 3.11795483867e-05, 3.99187883886e-05, 3.39662110491e-05, 4.80930648337e-05, 3.94444941776e-05, 2.33730279433e-05, 2.20919901039e-05, 1.97804638447e-05, 1.15997363537e-05, 1.21150496852e-05, 6.42832446829e-06, 6.9708371484e-06, 5.24588540429e-06, 3.2201871818e-06, 2.27674991038e-06, 1.41387738495e-06, 9.16034082366e-07, 7.82845916092e-07, 6.96039649029e-07, 6.16740919668e-07, 4.03387190318e-07, 4.28442859857e-07, 4.28052942425e-07],
        "median": [0.000296598474961, 0.00141811883077, 0.000922696373891, 0.000408579915529, 0.000280060077785, 0.000260940811131, 0.000126705272123, 8.67740964168e-05, 5.68501527596e-05, 5.66953967791e-05, 2.97833412333e-05, 2.51406490861e-05, 2.11616970773e-05, 1.30409080157e-05, 1.49976649482e-05, 1.47352429849e-05, 1.72974014276e-05, 8.63131390361e-06, 1.19080368677e-05, 9.66508014244e-06, 1.06769966806e-05, 1.09813054223e-05, 5.44340855413e-06, 6.05174409429e-06, 4.41691281594e-06, 3.1061995287e-06, 2.41171505877e-06, 1.52981272095e-06, 1.55149587044e-06, 1.5247758256e-06, 1.01124953744e-06, 5.12178928602e-07, 3.10722555241e-07, 2.67821832267e-07, 2.01267567945e-07, 1.5270519782e-07, 1.22431075056e-07, 8.40432718974e-08, 6.73232349868e-08, 4.50623431902e-08],
        "min": [1.95456524026e-23, 1.00094047979e-23, 1.28425206418e-23, 6.35539871835e-24, 1.02391431816e-23, 1.12248943025e-23, 7.46202778455e-24, 8.49345395179e-24, 7.77558421715e-24, 1.17362946835e-23, 6.07008074513e-24, 4.20840687413e-24, 9.39385821129e-24, 6.63688401085e-24, 7.88132786605e-24, 8.80334849208e-24, 2.73120779446e-23, 1.17312585955e-23, 8.50209750073e-24, 8.89313821803e-24, 7.96683723274e-24, 5.45578726406e-24, 1.47464703576e-23, 1.22725355056e-23, 1.24546235352e-23, 1.46071638326e-23, 8.81058313544e-24, 1.00203604982e-23, 8.07657015124e-24, 1.10709828067e-23, 1.19578849229e-23, 1.40119477692e-23, 9.44885128271e-24, 1.09350273628e-23, 1.0969627591e-23, 8.15724853373e-24, 9.33834370281e-24, 1.1016779385e-23, 9.52689250321e-24, 1.20140959956e-23],
        "var": [2.23645547521e-05, 3.58238103217e-05, 1.9167055143e-06, 6.5913054641e-06, 6.0802454982e-07, 2.7460379215e-07, 1.90151439483e-07, 8.54018367136e-08, 1.4634957779e-07, 1.29547899519e-07, 1.0093583569e-07, 6.23009199785e-08, 7.53938493858e-08, 5.85728798796e-09, 1.56159867259e-08, 5.9374767325e-09, 1.13528102474e-08, 3.62097130058e-09, 6.65231114638e-09, 4.54484583301e-09, 1.47739100953e-08, 5.13380493672e-09, 3.5914053953e-09, 3.24487370307e-09, 1.90735249816e-09, 4.18367812616e-10, 5.64750912702e-10, 1.64099012157e-10, 2.06723249629e-10, 1.08930676979e-10, 3.19050237618e-11, 3.48806331041e-11, 1.12984803805e-11, 3.21006545997e-12, 2.48224878152e-12, 2.27844826339e-12, 1.91053683291e-12, 9.80256023922e-13, 1.49503077019e-12, 2.05302506766e-12]
    },
    "mfcc": {
        "mean": [-672.973876953, 133.236282349, -10.4245290756, 28.8757362366, 1.36299991608, 0.895755648613, -5.0264005661, -2.92000102997, -1.58267354965, -1.12438213825, -2.48404169083, -0.793509066105, -5.45561313629],
        "cov": [[11042.5283203, 317.976318359, -260.530151367, 1094.68151855, 437.010253906, 412.006225586, 370.607879639, 430.430023193, 431.521484375, 241.469467163, -3.09970402718, 65.7223129272, 34.3341331482], [317.976318359, 2006.62280273, 241.631912231, 451.757080078, 262.96661377, 169.451278687, 106.332382202, 121.115653992, 130.913314819, -14.7297353745, -7.86409807205, 35.8070144653, 59.8776092529], [-260.530151367, 241.631912231, 789.55682373, -18.6805076599, 133.0806427, 91.494644165, 99.4063796997, 33.2939414978, -10.4966554642, 17.3491268158, -7.93898677826, -18.0977058411, 34.4729995728], [1094.68151855, 451.757080078, -18.6805076599, 649.604370117, 186.240005493, 130.555084229, 106.657295227, 120.571922302, 139.052520752, 47.1053085327, 38.7654685974, 73.0190963745, 48.0271530151], [437.010253906, 262.96661377, 133.0806427, 186.240005493, 309.222900391, 87.88722229, 50.1764297485, 58.4648017883, 58.3708343506, 48.6648254395, 33.8649711609, 31.5894794464, 22.5023021698], [412.006225586, 169.451278687, 91.494644165, 130.555084229, 87.88722229, 249.513076782, 111.878517151, 58.9525756836, 41.6378250122, 45.292350769, 25.9002971649, 18.5977058411, 25.6264457703], [370.607879639, 106.332382202, 99.4063796997, 106.657295227, 50.1764297485, 111.878517151, 187.327682495, 92.4187393188, 54.1671447754, 11.1532707214, 20.0175895691, 28.9767532349, 26.0256347656], [430.430023193, 121.115653992, 33.2939414978, 120.571922302, 58.4648017883, 58.9525756836, 92.4187393188, 180.037261963, 109.703346252, 46.3934555054, 6.48332548141, 15.8704710007, 23.6993637085], [431.521484375, 130.913314819, -10.4966554642, 139.052520752, 58.3708343506, 41.6378250122, 54.1671447754, 109.703346252, 191.514389038, 105.195495605, 27.9762763977, 25.3067359924, 24.8186664581], [241.469467163, -14.7297353745, 17.3491268158, 47.1053085327, 48.6648254395, 45.292350769, 11.1532707214, 46.3934555054, 105.195495605, 180.847213745, 68.7776947021, 10.460893631, 2.11449933052], [-3.09970402718, -7.86409807205, -7.93898677826, 38.7654685974, 33.8649711609, 25.9002971649, 20.0175895691, 6.48332548141, 27.9762763977, 68.7776947021, 117.532196045, 57.59557724, -4.85201787949], [65.7223129272, 35.8070144653, -18.0977058411, 73.0190963745, 31.5894794464, 18.5977058411, 28.9767532349, 15.8704710007, 25.3067359924, 10.460893631, 57.59557724, 114.446220398, 32.2533531189], [34.3341331482, 59.8776092529, 34.4729995728, 48.0271530151, 22.5023021698, 25.6264457703, 26.0256347656, 23.6993637085, 24.8186664581, 2.11449933052, -4.85201787949, 32.2533531189, 107.257133484]],
