{
"lowlevel": {
    "average_loudness": 0.964095175266,
    "barkbands_crest": {
        "dmean": 3.0519695282,
        "dmean2": 4.49857807159,
        "dvar": 7.2594370842,
        "dvar2": 15.6722011566,
        "max": 25.7522563934,
        "mean": 13.3087444305,
        "median": 12.6610269547,
        "min": 2.30117487907,
        "var": 22.8289585114
    },
    "barkbands_flatness_db": {
        "dmean": 0.0396961309016,
        "dmean2": 0.0615861862898,
        "dvar": 0.00182804733049,
        "dvar2": 0.00436406210065,
        "max": 0.620637714863,
        "mean": 0.22155085206,
        "median": 0.209897205234,
        "min": 0.0220246333629,
        "var": 0.00746812485158
    },
    "barkbands_kurtosis": {
        "dmean": 14.6949720383,
        "dmean2": 22.5600643158,
        "dvar": 951.059814453,
        "dvar2": 2448.45947266,
        "max": 1139.11547852,
        "mean": 25.8237400055,
        "median": 15.9010429382,
        "min": -1.68155968189,
        "var": 1391.57409668
    },
    "barkbands_skewness": {
        "dmean": 1.12013661861,
        "dmean2": 1.69928944111,
        "dvar": 1.6728746891,
        "dvar2": 3.68248653412,
        "max": 29.6912174225,
        "mean": 3.44895529747,
        "median": 3.18793272972,
        "min": -12.1164712906,
        "var": 5.27071809769
    },
    "barkbands_spread": {
        "dmean": 4.92950963974,
        "dmean2": 8.42626953125,
        "dvar": 67.3327560425,
        "dvar2": 182.178894043,
        "max": 77.4898300171,
        "mean": 8.86898803711,
        "median": 6.24873828888,
        "min": 0.304322123528,
        "var": 78.2475509644
    },
    "dissonance": {
        "dmean": 0.0220428369939,
        "dmean2": 0.0364197082818,
        "dvar": 0.00049878610298,
        "dvar2": 0.00131771620363,
        "max": 0.500000059605,
        "mean": 0.450412333012,
        "median": 0.462914168835,
        "min": 0.185164421797,
        "var": 0.00181032379624
    },
    "dynamic_complexity": 3.04611468315,
    "erbbands_crest": {
        "dmean": 2.64251041412,
        "dmean2": 4.3651714325,
        "dvar": 5.52898168564,
        "dvar2": 14.3826274872,
        "max": 24.3874340057,
        "mean": 9.23753261566,
        "median": 8.4888753891,
        "min": 2.26092505455,
        "var": 15.1774358749
    },
    "erbbands_flatness_db": {
        "dmean": 0.0205583013594,
        "dmean2": 0.03208020702,
        "dvar": 0.000433296314441,
        "dvar2": 0.00103698694147,
        "max": 0.488086044788,
        "mean": 0.169450074434,
        "median": 0.151267245412,
        "min": 0.063905261457,
        "var": 0.0050908732228
    },
    "erbbands_kurtosis": {
        "dmean": 2.06795477867,
        "dmean2": 3.18072080612,
        "dvar": 14.5810127258,
        "dvar2": 33.4304656982,
        "max": 105.912231445,
        "mean": 3.0434923172,
        "median": 0.24188387394,
        "min": -1.7498061657,
        "var": 63.2245521545
    },
    "erbbands_skewness": {
        "dmean": 0.511072278023,
        "dmean2": 0.791942238808,
        "dvar": 0.249814733863,
        "dvar2": 0.619190335274,
        "max": 7.74967956543,
        "mean": 1.11227345467,
        "median": 0.902620911598,
        "min": -1.67543780804,
        "var": 1.43627011776
    },
    "erbbands_spread": {
        "dmean": 9.64011478424,
        "dmean2": 13.5124139786,
        "dvar": 107.746604919,
        "dvar2": 198.816680908,
        "max": 174.066162109,
        "mean": 40.8566474915,
        "median": 38.2540740967,
        "min": 1.24367272854,
        "var": 549.237182617
    },
    "hfc": {
        "dmean": 7.15925168991,
        "dmean2": 10.1038866043,
        "dvar": 145.134536743,
        "dvar2": 334.806396484,
        "max": 116.606811523,
        "mean": 15.4970617294,
        "median": 10.943110466,
        "min": 1.14044966005e-16,
        "var": 223.222351074
    },
    "melbands_crest": {
        "dmean": 3.48157906532,
        "dmean2": 5.42021369934,
        "dvar": 10.122341156,
        "dvar2": 22.40741539,
        "max": 35.1702232361,
        "mean": 16.9534358978,
        "median": 16.6148338318,
        "min": 1.0232694149,
        "var": 30.5954685211
    },
    "melbands_flatness_db": {
        "dmean": 0.0454969294369,
        "dmean2": 0.0703842043877,
        "dvar": 0.00260447524488,
        "dvar2": 0.00608818419278,
        "max": 0.791485846043,
        "mean": 0.310377955437,
        "median": 0.306519120932,
        "min": 7.83092855272e-06,
        "var": 0.0117070181295
    },
    "melbands_kurtosis": {
        "dmean": 27.5630493164,
        "dmean2": 42.263874054,
        "dvar": 2899.96777344,
        "dvar2": 5756.46484375,
        "max": 1709.03601074,
        "mean": 50.336063385,
        "median": 28.9968833923,
        "min": -1.48365449905,
        "var": 5270.67822266
    },
    "melbands_skewness": {
        "dmean": 1.31338489056,
        "dmean2": 1.95353865623,
        "dvar": 2.53726053238,
        "dvar2": 5.00759315491,
        "max": 34.7301330566,
        "mean": 4.50943565369,
        "median": 3.95067024231,
        "min": -1.69260907173,
        "var": 7.23491764069
    },
    "melbands_spread": {
        "dmean": 4.62913274765,
        "dmean2": 7.96125364304,
        "dvar": 75.1912918091,
        "dvar2": 198.832427979,
        "max": 147.292556763,
        "mean": 9.72415447235,
        "median": 4.74328041077,
        "min": 0.213326945901,
        "var": 260.496368408
    },
    "pitch_salience": {
        "dmean": 0.100021801889,
        "dmean2": 0.151684418321,
        "dvar": 0.00859117787331,
        "dvar2": 0.017937194556,
        "max": 0.997661948204,
        "mean": 0.520170807838,
        "median": 0.548252105713,
        "min": 0.0892612040043,
        "var": 0.0235529113561
    },
    "silence_rate_20dB": {
        "dmean": 0,
        "dmean2": 0,
        "dvar": 0,
        "dvar2": 0,
        "max": 1,
        "mean": 1,
        "median": 1,
        "min": 1,
        "var": 0
    },
    "silence_rate_30dB": {
        "dmean": 0.12656660378,
        "dmean2": 0.253172397614,
        "dvar": 0.110542334616,
        "dvar2": 0.200521588326,
        "max": 1,
        "mean": 0.811881184578,
        "median": 1,
        "min": 0,
        "var": 0.152736797929
    },
    "silence_rate_60dB": {
        "dmean": 0.0086647067219,
        "dmean2": 0.0173320956528,
        "dvar": 0.00859003607184,
        "dvar2": 0.0204354804009,
        "max": 1,
        "mean": 0.0473391078413,
        "median": 0,
        "min": 0,
        "var": 0.0450976341963
    },
    "spectral_centroid": {
        "dmean": 222.152038574,
        "dmean2": 375.530456543,
        "dvar": 128326.648438,
        "dvar2": 328674.375,
        "max": 10267.7929688,
        "mean": 719.311706543,
        "median": 503.568603516,
        "min": 151.354431152,
        "var": 567532.8125
    },
    "spectral_complexity": {
        "dmean": 4.40569400787,
        "dmean2": 6.96935939789,
        "dvar": 45.5325737,
        "dvar2": 99.8249740601,
        "max": 58,
        "mean": 12.5281562805,
        "median": 10,
        "min": 0,
        "var": 78.9883880615
    },
    "spectral_decrease": {
        "dmean": 8.29325852436e-09,
        "dmean2": 1.18272778238e-08,
        "dvar": 1.43452467626e-16,
        "dvar2": 2.556862919e-16,
        "max": 2.2308412611e-16,
        "mean": -1.64152034188e-08,
        "median": -1.03002326668e-08,
        "min": -9.34133481678e-08,
        "var": 2.82343953998e-16
    },
    "spectral_energy": {
        "dmean": 0.0317125953734,
        "dmean2": 0.0449966005981,
        "dvar": 0.00205886783078,
        "dvar2": 0.00364788807929,
        "max": 0.355754822493,
        "mean": 0.0633603557944,
        "median": 0.0402643978596,
        "min": 1.07320634105e-20,
        "var": 0.00412324117497
    },
    "spectral_energyband_high": {
        "dmean": 0.000416556955315,
        "dmean2": 0.000656191841699,
        "dvar": 1.21297409805e-06,
        "dvar2": 3.17045578413e-06,
        "max": 0.0107558770105,
        "mean": 0.00046502953046,
        "median": 0.00012952031102,
        "min": 7.66594883342e-21,
        "var": 1.15112584353e-06
    },
    "spectral_energyband_low": {
        "dmean": 0.0282769650221,
        "dmean2": 0.0404914058745,
        "dvar": 0.00221307086758,
        "dvar2": 0.00418005743995,
        "max": 0.347795456648,
        "mean": 0.0425811745226,
        "median": 0.0164464339614,
        "min": 6.64029472986e-23,
        "var": 0.00386659544893
    },
    "spectral_energyband_middle_high": {
        "dmean": 0.00133142084815,
        "dmean2": 0.00223481096327,
        "dvar": 5.95685514782e-06,
        "dvar2": 1.62768010341e-05,
        "max": 0.020538367331,
        "mean": 0.00202764151618,
        "median": 0.00114292732906,
        "min": 1.81306479213e-21,
        "var": 6.22463176114e-06
    },
    "spectral_energyband_middle_low": {
        "dmean": 0.0115327779204,
        "dmean2": 0.0194474998862,
        "dvar": 0.000352230941644,
        "dvar2": 0.000962975143921,
        "max": 0.173666760325,
        "mean": 0.0217584390193,
        "median": 0.0172547921538,
        "min": 2.72401092176e-22,
        "var": 0.000361967249773
    },
    "spectral_entropy": {
        "dmean": 0.306949108839,
        "dmean2": 0.491498172283,
        "dvar": 0.117706432939,
        "dvar2": 0.310496926308,
        "max": 9.79369449615,
        "mean": 6.95780467987,
        "median": 7.08281087875,
        "min": 3.95523285866,
        "var": 0.772201538086
    },
    "spectral_flux": {
        "dmean": 0.0610396228731,
        "dmean2": 0.0877883732319,
        "dvar": 0.00454776594415,
        "dvar2": 0.00783514697105,
        "max": 0.570465862751,
        "mean": 0.125616163015,
        "median": 0.085588440299,
        "min": 1.03595673706e-10,
        "var": 0.0114961815998
    },
    "spectral_kurtosis": {
        "dmean": 3.94277954102,
        "dmean2": 6.29630088806,
        "dvar": 94.1871871948,
        "dvar2": 199.760284424,
        "max": 511.07623291,
        "mean": 10.433637619,
        "median": 4.99025917053,
        "min": -1.26744997501,
        "var": 437.620056152
    },
    "spectral_rms": {
        "dmean": 0.0017254705308,
        "dmean2": 0.00234141899273,
        "dvar": 3.92997071685e-06,
        "dvar2": 6.1955261117e-06,
        "max": 0.0186300259084,
        "mean": 0.00698808347806,
        "median": 0.00626756250858,
        "min": 3.23578512075e-12,
        "var": 1.29813897729e-05
    },
    "spectral_rolloff": {
        "dmean": 293.533355713,
        "dmean2": 534.78112793,
        "dvar": 638998.1875,
        "dvar2": 1667836.125,
        "max": 18475.4882812,
        "mean": 771.221130371,
        "median": 279.931640625,
        "min": 64.599609375,
        "var": 3833690.25
    },
    "spectral_skewness": {
        "dmean": 0.391446858644,
        "dmean2": 0.595364689827,
        "dvar": 0.264313548803,
        "dvar2": 0.559151291847,
        "max": 18.8573551178,
        "mean": 2.30511379242,
        "median": 1.89180696011,
        "min": 0.0420885309577,
        "var": 2.00528097153
    },
    "spectral_spread": {
        "dmean": 560021.75,
        "dmean2": 863167.25,
        "dvar": 549123358720,
        "dvar2": 914536071168,
        "max": 42313404,
        "mean": 4427435.5,
        "median": 4479124,
        "min": 182495.359375,
        "var": 2.92661415117e+12
    },
    "spectral_strongpeak": {
        "dmean": 0.325376570225,
        "dmean2": 0.539901852608,
        "dvar": 0.185681536794,
        "dvar2": 0.466854482889,
        "max": 6.9577703476,
        "mean": 0.681376934052,
        "median": 0.556618511677,
        "min": 0,
        "var": 0.273460566998
    },
    "zerocrossingrate": {
        "dmean": 0.00764674274251,
        "dmean2": 0.0100873680785,
        "dvar": 0.000108727101178,
        "dvar2": 0.00014694253332,
        "max": 0.75830078125,
        "mean": 0.0367676392198,
        "median": 0.0234375,
        "min": 0.0029296875,
        "var": 0.00441117212176
    },
    "barkbands": {
        "dmean": [0.000289230723865, 0.0205897688866, 0.0140082156286, 0.00660799909383, 0.00518715009093, 0.00144109234679, 0.000537297280971, 0.000320714898407, 0.000222273127292, 0.000210724872886, 0.000175910565304, 0.000151807937073, 0.000290801428491, 0.000272621546173, 0.000111441273475, 0.00014835933689, 0.00013367185602, 8.45176837174e-05, 0.000101131976407, 7.19749805285e-05, 9.70781475189e-05, 7.08017250872e-05, 6.27620465821e-05, 8.30380158732e-05, 6.33540621493e-05, 1.9101826183e-05, 4.30478576163e-06],
        "dmean2": [0.00039445067523, 0.0313565991819, 0.023338034749, 0.0118460785598, 0.00836199335754, 0.00223569618538, 0.00087619345868, 0.000479876005556, 0.000333917094395, 0.000328270514729, 0.000312615360599, 0.000272278179182, 0.000508087279741, 0.000435244321125, 0.000184285076102, 0.0002533676452, 0.000234728926443, 0.000136941031087, 0.000167475009221, 0.000111368302896, 0.000151395768626, 0.000107473606477, 9.96560629574e-05, 0.000145556245116, 0.000111229732283, 3.40923834301e-05, 7.75093030825e-06],
        "dvar": [1.80170445674e-07, 0.00146959431004, 0.000956218456849, 0.000202602066565, 5.86187852605e-05, 4.42427381131e-06, 8.09940161162e-07, 3.43979081663e-07, 2.43926024268e-07, 1.47497317471e-07, 1.46966002035e-07, 1.17265713584e-07, 3.77495524617e-07, 3.9580856992e-07, 6.29929957086e-08, 1.25896789882e-07, 8.07889577459e-08, 2.89176202983e-08, 4.51455974826e-08, 2.62067523238e-08, 6.1854990463e-08, 3.1135027001e-08, 2.50886618147e-08, 6.64607142653e-08, 2.96341724493e-08, 4.637815465e-09, 8.78709396912e-11],
        "dvar2": [3.52213646693e-07, 0.00346902315505, 0.00246786908247, 0.000577944214456, 0.000154088353156, 1.13891301226e-05, 2.00696263164e-06, 6.49899277505e-07, 4.87372517455e-07, 3.22358317817e-07, 4.06310221024e-07, 3.27956087176e-07, 1.01038028788e-06, 8.87041949227e-07, 1.64117082591e-07, 3.14773870969e-07, 2.2400327282e-07, 7.21495965195e-08, 1.17944132683e-07, 6.27570884149e-08, 1.56200911761e-07, 7.3241245957e-08, 6.3794828975e-08, 1.88922271604e-07, 8.37706721768e-08, 1.31803226111e-08, 2.43823211621e-10],
        "max": [0.00403710082173, 0.248699426651, 0.21599817276, 0.138034969568, 0.0909360125661, 0.0396390780807, 0.0214502997696, 0.0134765226394, 0.0134206889197, 0.00681698555127, 0.00372086116113, 0.00485106091946, 0.0100760236382, 0.0105388369411, 0.00561176147312, 0.00633572600782, 0.00429893564433, 0.00259048724547, 0.00204343907535, 0.00188394100405, 0.002733215224, 0.00232013943605, 0.00163539964706, 0.00232700095512, 0.00181704934221, 0.000645397754852, 0.000212431710679],
        "mean": [0.000457659363747, 0.0258759278804, 0.0128415608779, 0.00694803334773, 0.00927961990237, 0.00347263389267, 0.00100344303064, 0.000590202864259, 0.000335902208462, 0.000340815167874, 0.000173506501596, 0.000148223625729, 0.000344205560395, 0.000389495806303, 0.000139893119922, 0.000177878129762, 0.000130153362988, 0.000100033605122, 0.000107369291072, 8.6012398242e-05, 0.000107562518679, 8.06927855592e-05, 6.89596563461e-05, 7.90570629761e-05, 6.2841361796e-05, 1.51448348333e-05, 3.53722475666e-06],
        "median": [0.000119581498438, 0.00738594587892, 0.00242549553514, 0.00375875737518, 0.0066248876974, 0.00214329408482, 0.000549904943909, 0.00025343633024, 9.14872944122e-05, 0.00013494421728, 5.42968627997e-05, 4.63450051029e-05, 9.49634995777e-05, 0.000101635661849, 4.67570534965e-05, 4.9123133067e-05, 3.21702827932e-05, 3.13315686071e-05, 3.31268820446e-05, 2.41206471401e-05, 2.6129424441e-05, 1.84570235433e-05, 1.81738178071e-05, 1.73792068381e-05, 1.71175142896e-05, 1.14861632028e-06, 7.43754355881e-07],
        "min": [6.34822955044e-24, 4.14589351281e-23, 1.61194228097e-23, 2.16525499969e-23, 4.92566390051e-23, 8.53580000518e-23, 4.20143531588e-23, 1.31873270103e-23, 5.10287077436e-23, 7.07946874193e-23, 8.32606650295e-23, 9.26081303309e-23, 1.20728156459e-22, 1.50542188806e-22, 1.27918768761e-22, 2.41793591976e-22, 9.11431272775e-23, 2.75081023065e-22, 3.17065159696e-22, 4.10571455499e-22, 3.38679620333e-22, 6.24731388805e-22, 6.91398945295e-22, 1.04454665328e-21, 1.20902655016e-21, 1.46566700924e-21, 2.31852505688e-21],
        "var": [4.34979881447e-07, 0.00189222581685, 0.000791719299741, 0.000133739391458, 8.60576983541e-05, 1.50422338265e-05, 1.68019823832e-06, 1.04630566966e-06, 5.07433583152e-07, 3.02695724486e-07, 1.29251603198e-07, 1.00223985555e-07, 4.47397326298e-07, 7.41594647025e-07, 7.2050895028e-08, 1.73843318407e-07, 6.99020361594e-08, 3.50166686758e-08, 4.32496243263e-08, 3.05419654012e-08, 6.16554345356e-08, 3.53252289642e-08, 2.4821567024e-08, 4.85337317002e-08, 2.2842964853e-08, 3.06446201748e-09, 6.69595143221e-11]
    },
    "erbbands": {
        "dmean": [0.336838930845, 5.54209947586, 14.7112007141, 21.0076999664, 21.4137992859, 15.5230112076, 14.0130386353, 14.7817726135, 9.23767471313, 6.81718301773, 4.19880151749, 5.93931436539, 6.28012943268, 5.79851007462, 7.15854740143, 6.25295209885, 13.0942363739, 12.9835834503, 8.42812252045, 6.66622972488, 7.45872545242, 7.32519865036, 5.40396976471, 4.52611637115, 4.66553163528, 3.38330316544, 4.25927829742, 3.28885126114, 2.64100885391, 2.01479935646, 1.69426608086, 1.63949275017, 1.40993654728, 0.911693334579, 0.340347737074, 0.120610050857, 0.0282819420099, 0.00795447733253, 0.000577539089136, 3.72360918846e-05],
        "dmean2": [0.440566450357, 8.50382328033, 23.0068912506, 37.6512832642, 35.8087997437, 25.2581920624, 21.48919487, 22.4698543549, 15.0116319656, 10.4644632339, 6.41768407822, 8.84255409241, 9.41524219513, 10.1944561005, 12.7605447769, 11.1654396057, 22.8379955292, 21.4091129303, 13.4456882477, 11.0152997971, 12.980465889, 12.867939949, 8.90652179718, 7.36345148087, 7.65652799606, 5.25031137466, 6.70938253403, 5.07012796402, 4.03236484528, 3.12014842033, 2.69981479645, 2.8371219635, 2.47936654091, 1.58758127689, 0.596188902855, 0.216222733259, 0.0500826798379, 0.0144413905218, 0.00103090843186, 5.14762250532e-05],
        "dvar": [0.272092491388, 114.35433197, 916.496765137, 2308.76733398, 1167.67797852, 553.85748291, 401.079803467, 506.501617432, 252.660202026, 120.236541748, 63.9093284607, 187.493942261, 124.966156006, 164.063552856, 232.412185669, 188.665969849, 735.842346191, 867.098693848, 302.572937012, 198.334457397, 256.028747559, 248.374465942, 122.285430908, 74.2560806274, 111.229896545, 62.3241767883, 113.718322754, 70.8468933105, 43.8490028381, 24.6543216705, 18.2236690521, 25.7657775879, 18.6294670105, 5.3609585762, 1.13978970051, 0.199487194419, 0.0089610312134, 0.000372415786842, 1.68607687101e-06, 2.37603381414e-09],
        "dvar2": [0.447994351387, 267.071746826, 2143.11401367, 6504.96923828, 3160.14990234, 1488.72045898, 921.614746094, 1261.29382324, 639.420043945, 256.23248291, 124.262535095, 368.395233154, 249.631790161, 452.313568115, 641.186767578, 530.178833008, 1970.22912598, 2015.44799805, 687.028991699, 508.536865234, 682.504882812, 688.681884766, 314.770324707, 186.195220947, 289.769073486, 152.084030151, 289.025939941, 173.016784668, 103.465248108, 59.6450996399, 46.1104278564, 72.2860870361, 53.1824378967, 15.2430467606, 3.18245220184, 0.571238219738, 0.0251042991877, 0.00103847286664, 4.61859008283e-06, 4.20393098111e-09],
        "max": [4.88972663879, 70.5955352783, 227.649871826, 360.339324951, 371.569030762, 346.951629639, 544.763549805, 433.800018311, 406.484283447, 232.073226929, 231.244491577, 380.78503418, 192.567306519, 202.935775757, 136.843551636, 137.269042969, 410.979125977, 522.618774414, 425.492095947, 207.640396118, 279.492889404, 230.873916626, 180.51499939, 83.5387268066, 101.030174255, 101.907791138, 111.189559937, 97.1114425659, 115.075134277, 57.7758522034, 65.0853500366, 47.6982192993, 41.9957885742, 22.3416309357, 10.9380569458, 4.3860373497, 0.907078385353, 0.342653185129, 0.0313711203635, 0.000493211904541],
        "mean": [0.584393024445, 6.29312705994, 15.3363389969, 19.7815570831, 28.9962730408, 27.3361377716, 26.4282512665, 36.6492538452, 19.1763515472, 13.1175279617, 8.03839206696, 9.31797218323, 11.0503120422, 7.0088186264, 7.18030500412, 6.49827766418, 15.8355360031, 17.4283370972, 13.1886978149, 9.04379463196, 8.49393939972, 7.28987693787, 6.21545696259, 5.36021375656, 4.890873909, 3.95753455162, 4.61137151718, 3.79827070236, 3.03561496735, 2.29967403412, 1.85846042633, 1.49902641773, 1.38777685165, 0.985816776752, 0.290727525949, 0.0972069054842, 0.0220716781914, 0.00640525156632, 0.000505005766172, 7.85621523391e-05],
        "median": [0.155703157187, 1.66058468819, 3.32458782196, 8.21111869812, 17.6808109283, 19.8587779999, 17.0719718933, 19.4351329803, 10.8072061539, 6.89033460617, 4.07978630066, 2.49186992645, 4.73228931427, 2.82591843605, 2.53756475449, 2.45468568802, 5.04613113403, 6.06967449188, 5.61212921143, 3.78412556648, 2.84006738663, 2.05988883972, 1.90050649643, 1.79371190071, 1.40993380547, 1.05569648743, 1.07575845718, 0.932466626167, 0.720739841461, 0.586540997028, 0.45221889019, 0.208892405033, 0.363008379936, 0.34413844347, 0.0348031148314, 0.00662198197097, 0.00203816685826, 0.00141814432573, 0.000126364728203, 5.09601813974e-05],
        "min": [1.05125537886e-21, 9.34889464168e-21, 2.31796557906e-20, 4.01206766272e-20, 7.55725261572e-20, 1.68621517501e-19, 5.47250647447e-19, 7.71017530503e-19, 5.59173783893e-19, 3.4591284425e-19, 3.85306131851e-19, 1.26391915468e-18, 1.36501427402e-18, 4.95516921122e-18, 2.36777782686e-18, 3.67601214888e-18, 4.9576102212e-18, 8.00157779994e-18, 5.80833528912e-18, 9.82813900342e-18, 1.10814226834e-17, 6.87827231836e-18, 1.607317313e-17, 1.61245393917e-17, 1.64796480287e-17, 1.79738521979e-17, 1.53009057296e-17, 1.39447629677e-17, 2.16244004188e-17, 1.52916280718e-17, 2.15697833373e-17, 2.37470749108e-17, 1.6929025477e-17, 1.27011382757e-17, 9.59973954705e-18, 6.46495870399e-18, 2.57266115881e-18, 1.19007488024e-18, 3.30586609216e-19, 3.26728102464e-20],
        "var": [0.746162712574, 133.320297241, 937.702575684, 1514.19445801, 1209.06433105, 771.993164062, 927.62701416, 2008.20068359, 573.160400391, 343.290893555, 184.02255249, 397.423492432, 304.106781006, 155.800735474, 194.407104492, 154.909713745, 872.541687012, 1342.82568359, 610.122375488, 250.816452026, 280.275848389, 214.626937866, 142.219955444, 84.8768539429, 105.258934021, 68.9392929077, 112.47328186, 74.9941864014, 49.7879943848, 26.5484695435, 18.3387355804, 19.6121006012, 13.4477987289, 4.30665397644, 0.830012559891, 0.131042584777, 0.00602576229721, 0.00025488686515, 1.32757327265e-06, 5.6076410182e-09]
    },
    "gfcc": {
        "mean": [-41.9898414612, 113.447525024, -81.3133621216, 35.3852844238, -52.4657859802, 11.5649700165, -44.8719139099, -7.80296754837, -21.988286972, -2.42189264297, -9.61094665527, -6.822224617, -4.42237710953],
        "cov": [[18664.5898438, 2230.77978516, 325.45703125, 1393.19787598, 406.725219727, 558.17376709, -337.98135376, 552.47869873, -25.6870555878, 311.226013184, -118.442619324, -25.9604358673, -127.063545227], [2230.77978516, 2667.51049805, 629.073791504, -229.705688477, 197.051269531, -162.39982605, -214.864685059, -446.867431641, 129.163208008, -246.889404297, 189.894638062, -230.849533081, 159.315948486], [325.45703125, 629.073791504, 1219.34338379, 302.01751709, 269.460968018, 400.472351074, 191.586044312, 102.766334534, 127.899543762, -135.210220337, 137.882797241, -17.5879325867, 136.337997437], [1393.19787598, -229.705688477, 302.01751709, 641.179199219, 211.631958008, 323.474304199, 223.360992432, 296.143615723, 84.7630157471, 118.538360596, 10.9232397079, 53.0947990417, 21.3221092224], [406.725219727, 197.051269531, 269.460968018, 211.631958008, 375.407592773, 186.742111206, 162.915328979, 135.213806152, 126.494926453, 63.3692588806, 74.7929534912, 4.2542681694, 60.9067993164], [558.17376709, -162.39982605, 400.472351074, 323.474304199, 186.742111206, 418.527709961, 197.311355591, 241.3618927, 64.7173309326, 27.5214366913, 59.3524627686, 61.5691757202, 56.428062439], [-337.98135376, -214.864685059, 191.586044312, 223.360992432, 162.915328979, 197.311355591, 248.04460144, 190.25793457, 81.3449325562, 44.7154541016, 28.9863090515, 36.0483283997, 32.9081001282], [552.47869873, -446.867431641, 102.766334534, 296.143615723, 135.213806152, 241.3618927, 190.25793457, 339.70614624, 70.0550613403, 103.568885803, 2.40570139885, 80.3131027222, 21.3902931213], [-25.6870555878, 129.163208008, 127.899543762, 84.7630157471, 126.494926453, 64.7173309326, 81.3449325562, 70.0550613403, 151.264434814, 49.418510437, 53.745891571, -1.74196004868, 45.915397644], [311.226013184, -246.889404297, -135.210220337, 118.538360596, 63.3692588806, 27.5214366913, 44.7154541016, 103.568885803, 49.418510437, 190.784210205, 10.8911867142, 28.5884170532, -22.7799377441], [-118.442619324, 189.894638062, 137.882797241, 10.9232397079, 74.7929534912, 59.3524627686, 28.9863090515, 2.40570139885, 53.745891571, 10.8911867142, 111.478225708, 8.27726173401, 43.0860977173], [-25.9604358673, -230.849533081, -17.5879325867, 53.0947990417, 4.2542681694, 61.5691757202, 36.0483283997, 80.3131027222, -1.74196004868, 28.5884170532, 8.27726173401, 88.2403182983, 11.9402370453], [-127.063545227, 159.315948486, 136.337997437, 21.3221092224, 60.9067993164, 56.428062439, 32.9081001282, 21.3902931213, 45.915397644, -22.7799377441, 43.0860977173, 11.9402370453, 95.3905334473]],
        "icov": [[0.000199165340746, -0.000449432554888, 0.00013660894183, -0.000420329801273, -3.26048757415e-05, -0.000334206677508, 0.000910818227567, -0.000813962484244, 0.000322098232573, -0.000260862347204, 0.000489514903165, -0.000269320880761, 0.000596711412072], [-0.000449432554888, 0.00206774985418, -0.000604643195402, 0.000649007153697, -0.000626846158411, 0.00113332783803, -0.000991296139546, 0.00259459670633, -0.00132215814665, 0.00133183517028, -0.00209202663973, 0.0020861714147, -0.00220472365618], [0.00013660894183, -0.000604643195402, 0.00212762854062, -0.000789799669292, -9.86856321106e-05, -0.00183523236774, 0.000270287855528, -0.000219648776692, -0.000325301341945, 0.00142281793524, -0.000440284959041, 0.000294103694614, 9.04739063117e-05], [-0.000420329801273, 0.000649007153697, -0.000789799669292, 0.00457260431722, -0.000129106629174, -0.000697305658832, -0.00284243212081, 0.000334797165124, -0.000334159645718, -0.00134969339706, 0.000681374804117, 0.000471431820188, -0.000664893945213], [-3.26048757415e-05, -0.000626846158411, -9.86856321106e-05, -0.000129106629174, 0.00567552447319, -0.000851341348607, -0.00248385919258, -0.000220551359234, -0.00136842415668, -0.00157646206208, -0.000537538260687, 0.000557697145268, -0.000585269881412], [-0.000334206677508, 0.00113332783803, -0.00183523236774, -0.000697305658832, -0.000851341348607, 0.00843955948949, -0.00235476717353, -0.00159232481383, 0.00121390342247, 0.00137936091051, -0.00331519730389, -0.000419032905484, -0.00154354830738], [0.000910818227567, -0.000991296139546, 0.000270287855528, -0.00284243212081, -0.00248385919258, -0.00235476717353, 0.0147170331329, -0.00615718588233, -0.00107304914854, 0.000737433263566, 0.00130219059065, 7.33869092073e-05, 0.00249559432268], [-0.000813962484244, 0.00259459670633, -0.000219648776692, 0.000334797165124, -0.000220551359234, -0.00159232481383, -0.00615718588233, 0.0137113053352, -0.00345261371695, -0.000631677452475, 0.000483240408357, -0.00197372189723, -0.0035063859541], [0.000322098232573, -0.00132215814665, -0.000325301341945, -0.000334159645718, -0.00136842415668, 0.00121390342247, -0.00107304914854, -0.00345261371695, 0.0136843817309, -0.00382537511177, -0.0017459038645, 0.00157417031005, -0.00243190932088], [-0.000260862347204, 0.00133183517028, 0.00142281793524, -0.00134969339706, -0.00157646206208, 0.00137936091051, 0.000737433263566, -0.000631677452475, -0.00382537511177, 0.0111634600908, -0.0041082832031, 0.00029945813003, 0.00209950772114], [0.000489514903165, -0.00209202663973, -0.000440284959041, 0.000681374804117, -0.000537538260687, -0.00331519730389, 0.00130219059065, 0.000483240408357, -0.0017459038645, -0.0041082832031, 0.0172812975943, -0.00464941328391, -0.000994633533992], [-0.000269320880761, 0.0020861714147, 0.000294103694614, 0.000471431820188, 0.000557697145268, -0.000419032905484, 7.33869092073e-05, -0.00197372189723, 0.00157417031005, 0.00029945813003, -0.00464941328391, 0.0195778608322, -0.00509637361392], [0.000596711412072, -0.00220472365618, 9.04739063117e-05, -0.000664893945213, -0.000585269881412, -0.00154354830738, 0.00249559432268, -0.0035063859541, -0.00243190932088, 0.00209950772114, -0.000994633533992, -0.00509637361392, 0.0189508218318]]
    },
    "melbands": {
        "dmean": [0.0043599656783, 0.00718283466995, 0.00362431467511, 0.00123981235083, 0.00055444764439, 0.000305718218442, 0.000126740662381, 7.83494178904e-05, 2.93247703667e-05, 3.8888410927e-05, 3.19050741382e-05, 2.41707457462e-05, 2.35479110415e-05, 1.87073674169e-05, 1.88291360246e-05, 3.23075400956e-05, 2.56430121226e-05, 1.59771534527e-05, 9.15931741474e-06, 1.12695324788e-05, 8.18894295662e-06, 7.6749956861e-06, 7.05697948433e-06, 3.41849181495e-06, 3.75334070668e-06, 4.01801389671e-06, 2.60610477198e-06, 2.19672369894e-06, 2.69704105449e-06, 2.44076454692e-06, 1.79787548404e-06, 1.58091347657e-06, 1.28745205075e-06, 1.09651693947e-06, 9.21709386148e-07, 1.22415792703e-06, 8.75563387126e-07, 8.79270601217e-07, 1.20569961837e-06, 6.38681797227e-07],
        "dmean2": [0.0062856245786, 0.0108159054071, 0.00636355858296, 0.0020249534864, 0.000855821766891, 0.000470106955618, 0.000205882446608, 0.000119300872029, 4.50171864941e-05, 5.7972221839e-05, 4.78817419207e-05, 4.20302785642e-05, 4.21662334702e-05, 3.3384647395e-05, 3.36985649483e-05, 5.59063482797e-05, 4.19002062699e-05, 2.53978723777e-05, 1.52480797624e-05, 1.88630165212e-05, 1.44772920976e-05, 1.34798137879e-05, 1.22634537547e-05, 5.46018736713e-06, 6.15860699327e-06, 6.78111655361e-06, 4.17342380388e-06, 3.41901318279e-06, 4.32569595432e-06, 3.84460963687e-06, 2.81067582364e-06, 2.44284433393e-06, 1.9914382392e-06, 1.73972659923e-06, 1.46916579524e-06, 2.09364429793e-06, 1.52051984514e-06, 1.54237204697e-06, 2.13884140976e-06, 1.1119550436e-06],
        "dvar": [5.57685161766e-05, 0.000187102967175, 5.54387079319e-05, 3.80342476092e-06, 5.85128418606e-07, 2.10502250297e-07, 4.53578294923e-08, 1.69875704614e-08, 2.99915448032e-09, 7.87193332741e-09, 3.30060556664e-09, 2.67894506578e-09, 2.66206612309e-09, 1.68457581218e-09, 1.77557202274e-09, 4.96660135241e-09, 4.16296552785e-09, 1.46419820712e-09, 5.71080960299e-10, 8.85334361378e-10, 3.07585346082e-10, 2.64741950584e-10, 2.48220582977e-10, 4.58514684554e-11, 5.01242450324e-11, 8.55924428556e-11, 3.26995062971e-11, 2.7310148934e-11, 4.41120438788e-11, 3.92255117276e-11, 2.20705363707e-11, 1.56063530155e-11, 1.11085975488e-11, 7.12837644815e-12, 5.45101767543e-12, 1.40485574562e-11, 7.13367863045e-12, 7.11926047628e-12, 1.11972583983e-11, 2.5288725107e-12],
        "dvar2": [0.000120486838568, 0.000392456306145, 0.000154949346324, 1.01831665233e-05, 1.39212795602e-06, 5.32213789484e-07, 1.13927839607e-07, 3.41975088247e-08, 5.97001159619e-09, 1.55118886624e-08, 6.62890586867e-09, 7.2414634289e-09, 7.42361727646e-09, 4.70011674025e-09, 4.92245488815e-09, 1.30674644438e-08, 9.45962508325e-09, 3.27286753254e-09, 1.5099232975e-09, 2.13428497098e-09, 8.43991099231e-10, 7.35963456844e-10, 6.72804978397e-10, 1.09496745004e-10, 1.26463742256e-10, 2.28122548629e-10, 8.16157905148e-11, 6.65910174225e-11, 1.11937147051e-10, 9.8749064481e-11, 5.42671255155e-11, 3.68373560822e-11, 2.7317181503e-11, 1.75750820147e-11, 1.36044439603e-11, 3.87903320576e-11, 2.00009817736e-11, 2.00313238219e-11, 3.2543859968e-11, 7.10112307498e-12],
        "max": [0.0544943362474, 0.0984919369221, 0.059305422008, 0.0227347463369, 0.0183318797499, 0.00864993594587, 0.00517816189677, 0.00299792969599, 0.00148907408584, 0.00259090191685, 0.000948782020714, 0.00085980707081, 0.000436520494986, 0.000553802237846, 0.000673413975164, 0.00128128484357, 0.00120071845595, 0.000993625959381, 0.000618923455477, 0.000613812240772, 0.000363329192623, 0.000285298272502, 0.00029224762693, 0.000101115634607, 6.83496327838e-05, 9.66536317719e-05, 6.72504756949e-05, 7.54186767153e-05, 6.86974599375e-05, 6.38795318082e-05, 6.45379550406e-05, 7.04849007889e-05, 4.21916229243e-05, 3.26636400132e-05, 5.62108507438e-05, 3.64858133253e-05, 2.50138618867e-05, 2.78840143437e-05, 3.22519372276e-05, 1.59083501785e-05],
        "mean": [0.00628551002592, 0.00849713757634, 0.00381849450059, 0.00207730615512, 0.00103975215461, 0.000757171248551, 0.000257398816757, 0.00014617657871, 5.38559361303e-05, 5.91671159782e-05, 5.53024292458e-05, 2.98446957459e-05, 2.26665433729e-05, 1.84386499313e-05, 1.96876953851e-05, 3.89160049963e-05, 3.38507343258e-05, 2.47682037298e-05, 1.12205916594e-05, 1.45960830196e-05, 8.49041862239e-06, 7.57889347369e-06, 6.85519535182e-06, 4.27672284786e-06, 4.36974005424e-06, 3.90196510125e-06, 2.93840639642e-06, 2.53367352343e-06, 2.8857707548e-06, 2.68396070169e-06, 2.05128344533e-06, 1.80076824563e-06, 1.40161353102e-06, 1.23887934933e-06, 1.06000061351e-06, 1.10591327029e-06, 7.91873219441e-07, 8.27073108667e-07, 1.25250710425e-06, 6.71883753967e-07],
        "median": [0.00189208774827, 0.00214517256245, 0.0019993474707, 0.00141176313628, 0.000698922551237, 0.000420997734182, 0.000150000647409, 6.9070563768e-05, 2.61874665739e-05, 1.53020155267e-05, 2.30359146371e-05, 1.15579005069e-05, 7.46521891415e-06, 6.41317592454e-06, 6.18219655735e-06, 9.69058874034e-06, 8.96979145182e-06, 8.73322733241e-06, 3.41273835147e-06, 4.17209594161e-06, 2.54398082689e-06, 1.89837646758e-06, 1.70712746694e-06, 1.43475926961e-06, 1.33256389745e-06, 9.93621938505e-07, 8.01670125838e-07, 6.29624480553e-07, 6.37360756173e-07, 6.46720081932e-07, 4.80507935663e-07, 4.22662992605e-07, 2.8756642223e-07, 3.51563983259e-07, 3.04937145756e-07, 1.28180133174e-07, 9.72653992903e-08, 1.7675249353e-07, 4.25600035214e-07, 2.19131308654e-07],
        "min": [9.99278980953e-24, 1.26494571904e-23, 9.00971766033e-24, 6.61173196975e-24, 1.87741716808e-23, 1.70925537337e-23, 8.31808780598e-24, 3.43364804088e-24, 2.8597136698e-24, 8.60726685889e-24, 6.09646419811e-24, 1.93072412821e-23, 8.50415406111e-24, 9.03967149776e-24, 1.36901366961e-23, 9.92270188468e-24, 1.5584120732e-23, 8.89524920981e-24, 9.61508636355e-24, 1.84405639817e-23, 1.10395175118e-23, 6.07665471749e-24, 1.05281881282e-23, 1.39848267313e-23, 1.34420146978e-23, 1.06305751739e-23, 1.54596369035e-23, 1.08988005035e-23, 9.40589465098e-24, 7.22827252111e-24, 8.9080989651e-24, 1.3074003197e-23, 1.11689017443e-23, 6.99224770485e-24, 1.04989340104e-23, 1.78562720642e-23, 1.26023890157e-23, 1.1946705975e-23, 1.08724265168e-23, 1.05803531333e-23],
        "var": [9.55820796662e-05, 0.000236459061853, 3.88088847103e-05, 4.95816675539e-06, 1.29021691464e-06, 7.99116207872e-07, 9.93837474539e-08, 5.07214359402e-08, 8.23909651615e-09, 1.66844298377e-08, 7.88179299605e-09, 2.82499912352e-09, 2.107229502e-09, 1.36435007736e-09, 1.66051727923e-09, 6.52501341847e-09, 6.79058809183e-09, 3.0808189333e-09, 6.22878804091e-10, 1.35648925426e-09, 2.84599427358e-10, 2.36622693661e-10, 2.23428053836e-10, 5.94450252911e-11, 5.76409718567e-11, 7.31778457275e-11, 3.59971948083e-11, 2.96545739353e-11, 4.36301481055e-11, 3.89657577038e-11, 2.29014723852e-11, 1.7744422251e-11, 1.15416764687e-11, 7.35749829117e-12, 5.56655719783e-12, 1.0999519004e-11, 5.45789498665e-12, 5.21503456738e-12, 8.22503523623e-12, 2.05939258702e-12]
    },
    "mfcc": {
        "mean": [-690.340087891, 141.523666382, 31.0282535553, 25.1215305328, 16.8645172119, 9.97522354126, -0.999668836594, -9.63594436646, -4.62865257263, -7.53220796585, -1.7611978054, -6.50999927521, -2.60212206841],
        "cov": [[11408.2490234, -102.720550537, 44.5409736633, 943.395629883, 517.602111816, 296.822967529, 289.698608398, 426.266296387, 426.462982178, 488.032958984, 336.568359375, 207.468933105, -159.408599854], [-102.720550537, 2132.61938477, 371.138244629, -141.135925293, 180.256912231, -20.4456501007, -151.525253296, -257.882232666, -167.578277588, -268.190338135, -60.5270805359, -148.924865723, 30.4783191681], [44.5409736633, 371.138244629, 982.491821289, 113.326087952, 339.476531982, 211.861862183, 301.364532471, 226.644805908, 163.650650024, 37.7265205383, 41.8799934387, -21.8520851135, 194.27355957], [943.395629883, -141.135925293, 113.326087952, 374.717346191, 125.955154419, 136.712280273, 122.179222107, 127.62512207, 146.006942749, 162.94367981, 101.118553162, 63.4225654602, 6.50901937485], [517.602111816, 180.256912231, 339.476531982, 125.955154419, 335.085510254, 159.213806152, 208.593261719, 157.683151245, 159.127593994, 86.2046356201, 95.1109771729, 29.6216716766, 102.066802979], [296.822967529, -20.4456501007, 211.861862183, 136.712280273, 159.213806152, 200.522918701, 162.103240967, 123.491752625, 103.946258545, 94.2708511353, 64.692024231, 39.4742774963, 55.5408058167], [289.698608398, -151.525253296, 301.364532471, 122.179222107, 208.593261719, 162.103240967, 307.380615234, 223.789138794, 171.510116577, 113.774765015, 81.5858459473, 43.7821960449, 95.8636856079], [426.266296387, -257.882232666, 226.644805908, 127.62512207, 157.683151245, 123.491752625, 223.789138794, 278.381622314, 182.643218994, 116.255935669, 65.1917495728, 47.9601478577, 82.2244796753], [426.462982178, -167.578277588, 163.650650024, 146.006942749, 159.127593994, 103.946258545, 171.510116577, 182.643218994, 226.811248779, 143.957870483, 99.3295974731, 40.9052047729, 55.7359542847], [488.032958984, -268.190338135, 37.7265205383, 162.94367981, 86.2046356201, 94.2708511353, 113.774765015, 116.255935669, 143.957870483, 200.306686401, 111.204277039, 57.088306427, 4.97047376633], [336.568359375, -60.5270805359, 41.8799934387, 101.118553162, 95.1109771729, 64.692024231, 81.5858459473, 65.1917495728, 99.3295974731, 111.204277039, 141.423095703, 52.9476280212, 16.4922809601], [207.468933105, -148.924865723, -21.8520851135, 63.4225654602, 29.6216716766, 39.4742774963, 43.7821960449, 47.9601478577, 40.9052047729, 57.088306427, 52.9476280212, 87.3705978394, 26.3767776489], [-159.408599854, 30.4783191681, 194.27355957, 6.50901937485, 102.066802979, 55.5408058167, 95.8636856079, 82.2244796753, 55.7359542847, 4.97047376633, 16.4922809601, 26.3767776489, 122.87940979]],
