{
"lowlevel": {
    "average_loudness": 0.778993070126,
    "barkbands_crest": {
        "dmean": 2.29741621017,
        "dmean2": 3.65366911888,
        "dvar": 7.1796579361,
        "dvar2": 18.1777191162,
        "max": 26.8914756775,
        "mean": 12.7673139572,
        "median": 11.5901813507,
        "min": 1.74231529236,
        "var": 31.4836997986
    },
    "barkbands_flatness_db": {
        "dmean": 0.025892496109,
        "dmean2": 0.0371628813446,
        "dvar": 0.00102223455906,
        "dvar2": 0.00213319528848,
        "max": 0.575737416744,
        "mean": 0.243216827512,
        "median": 0.24093323946,
        "min": 0.00922266580164,
        "var": 0.0102545600384
    },
    "barkbands_kurtosis": {
        "dmean": 7.15090322495,
        "dmean2": 11.1252193451,
        "dvar": 696.836425781,
        "dvar2": 1618.71582031,
        "max": 973.96673584,
        "mean": 13.2850542068,
        "median": 4.19461154938,
        "min": -1.88129782677,
        "var": 2136.06933594
    },
    "barkbands_skewness": {
        "dmean": 0.671590387821,
        "dmean2": 1.00068986416,
        "dvar": 1.30490553379,
        "dvar2": 2.69721722603,
        "max": 23.4551925659,
        "mean": 1.50439369678,
        "median": 1.31259322166,
        "min": -10.0302448273,
        "var": 4.88122224808
    },
    "barkbands_spread": {
        "dmean": 2.92076396942,
        "dmean2": 4.43555259705,
        "dvar": 21.4431838989,
        "dvar2": 48.7511825562,
        "max": 86.4579544067,
        "mean": 10.6370544434,
        "median": 6.68448638916,
        "min": 0.0403208658099,
        "var": 123.635482788
    },
    "dissonance": {
        "dmean": 0.0369652062654,
        "dmean2": 0.0623559132218,
        "dvar": 0.00168434763327,
        "dvar2": 0.00459316605702,
        "max": 0.500000059605,
        "mean": 0.411982983351,
        "median": 0.429090678692,
        "min": 0.0969376191497,
        "var": 0.00450237467885
    },
    "dynamic_complexity": 5.44975805283,
    "erbbands_crest": {
        "dmean": 2.62303781509,
        "dmean2": 3.99962949753,
        "dvar": 9.34613609314,
        "dvar2": 20.1584625244,
        "max": 34.1164016724,
        "mean": 15.592341423,
        "median": 13.1501541138,
        "min": 2.43805456161,
        "var": 72.0113525391
    },
    "erbbands_flatness_db": {
        "dmean": 0.0228049531579,
        "dmean2": 0.0303546153009,
        "dvar": 0.000848694005981,
        "dvar2": 0.00145477009937,
        "max": 0.610952615738,
        "mean": 0.271809101105,
        "median": 0.268353998661,
        "min": 0.0622081942856,
        "var": 0.0104993609712
    },
    "erbbands_kurtosis": {
        "dmean": 3.29669475555,
        "dmean2": 4.78909111023,
        "dvar": 63.0219230652,
        "dvar2": 127.926803589,
        "max": 201.434020996,
        "mean": 8.17534828186,
        "median": 1.91759181023,
        "min": -1.81751096249,
        "var": 327.533111572
    },
    "erbbands_skewness": {
        "dmean": 0.486915826797,
        "dmean2": 0.704304337502,
        "dvar": 0.404929995537,
        "dvar2": 0.750419616699,
        "max": 10.5198850632,
        "mean": 0.915911078453,
        "median": 0.7605240345,
        "min": -4.75610542297,
        "var": 2.70986175537
    },
    "erbbands_spread": {
        "dmean": 4.71093511581,
        "dmean2": 6.88707780838,
        "dvar": 56.8124580383,
        "dvar2": 113.692703247,
        "max": 142.465057373,
        "mean": 19.6608924866,
        "median": 13.2639293671,
        "min": 0.259592175484,
        "var": 311.736419678
    },
    "hfc": {
        "dmean": 4.8065700531,
        "dmean2": 6.44764471054,
        "dvar": 79.1870269775,
        "dvar2": 147.806488037,
        "max": 130.311187744,
        "mean": 12.9467887878,
        "median": 8.14344406128,
        "min": 1.19378044259e-16,
        "var": 237.741165161
    },
    "melbands_crest": {
        "dmean": 2.68685221672,
        "dmean2": 4.30433750153,
        "dvar": 9.25067520142,
        "dvar2": 21.2639198303,
        "max": 35.6159324646,
        "mean": 16.2198505402,
        "median": 14.9235420227,
        "min": 2.21755003929,
        "var": 42.507724762
    },
    "melbands_flatness_db": {
        "dmean": 0.0288705211133,
        "dmean2": 0.0411931164563,
        "dvar": 0.00137141882442,
        "dvar2": 0.00283830543049,
        "max": 0.639795064926,
        "mean": 0.313769459724,
        "median": 0.316135883331,
        "min": 0.00696235243231,
        "var": 0.0134923327714
    },
    "melbands_kurtosis": {
        "dmean": 7.13223648071,
        "dmean2": 11.1043729782,
        "dvar": 432.547973633,
        "dvar2": 986.120300293,
        "max": 365.020996094,
        "mean": 13.4520931244,
        "median": 6.21374940872,
        "min": -1.85355103016,
        "var": 731.634155273
    },
    "melbands_skewness": {
        "dmean": 0.664313256741,
        "dmean2": 0.99768191576,
        "dvar": 0.999341905117,
        "dvar2": 2.00018501282,
        "max": 14.1916837692,
        "mean": 1.69885325432,
        "median": 1.56461083889,
        "min": -7.04896211624,
        "var": 3.85078597069
    },
    "melbands_spread": {
        "dmean": 3.71029067039,
        "dmean2": 5.64086532593,
        "dvar": 36.9303970337,
        "dvar2": 76.9591217041,
        "max": 137.499816895,
        "mean": 14.3365020752,
        "median": 8.83594226837,
        "min": 0.162889838219,
        "var": 332.28729248
    },
    "pitch_salience": {
        "dmean": 0.0631688013673,
        "dmean2": 0.0989119559526,
        "dvar": 0.00530134141445,
        "dvar2": 0.0125356810167,
        "max": 0.855437636375,
        "mean": 0.483385294676,
        "median": 0.49635630846,
        "min": 0.0372599065304,
        "var": 0.0199748575687
    },
    "silence_rate_20dB": {
        "dmean": 0,
        "dmean2": 0,
        "dvar": 0,
        "dvar2": 0,
        "max": 1,
        "mean": 1,
        "median": 1,
        "min": 1,
        "var": 0
    },
    "silence_rate_30dB": {
        "dmean": 0.0222155507654,
        "dmean2": 0.0444355495274,
        "dvar": 0.0217201765627,
        "dvar2": 0.0440653115511,
        "max": 1,
        "mean": 0.977386415005,
        "median": 1,
        "min": 0,
        "var": 0.02210544236
    },
    "silence_rate_60dB": {
        "dmean": 0.0458320826292,
        "dmean2": 0.0916733369231,
        "dvar": 0.0437350384891,
        "dvar2": 0.094287186861,
        "max": 1,
        "mean": 0.176605969667,
        "median": 0,
        "min": 0,
        "var": 0.145423680544
    },
    "spectral_centroid": {
        "dmean": 131.222763062,
        "dmean2": 196.782333374,
        "dvar": 61756.1015625,
        "dvar2": 122210.921875,
        "max": 10937.5820312,
        "mean": 864.383544922,
        "median": 692.760803223,
        "min": 153.394348145,
        "var": 353105.90625
    },
    "spectral_complexity": {
        "dmean": 2.39387559891,
        "dmean2": 3.49739789963,
        "dvar": 17.0636100769,
        "dvar2": 25.3137245178,
        "max": 61,
        "mean": 10.5460271835,
        "median": 9,
        "min": 0,
        "var": 62.1052818298
    },
    "spectral_decrease": {
        "dmean": 2.51513987415e-09,
        "dmean2": 3.87274035063e-09,
        "dvar": 5.04181935823e-17,
        "dvar2": 1.19631810036e-16,
        "max": -7.11292271151e-29,
        "mean": -5.75518477319e-09,
        "median": -3.9281551345e-09,
        "min": -7.88771927773e-08,
        "var": 6.33922634099e-17
    },
    "spectral_energy": {
        "dmean": 0.0098759541288,
        "dmean2": 0.0151017736644,
        "dvar": 0.000735588313546,
        "dvar2": 0.0017378727207,
        "max": 0.29982355237,
        "mean": 0.0228956695646,
        "median": 0.0157076455653,
        "min": 1.10964049664e-20,
        "var": 0.000951714173425
    },
    "spectral_energyband_high": {
        "dmean": 0.000183121563168,
        "dmean2": 0.000229341618251,
        "dvar": 4.27019841709e-07,
        "dvar2": 7.7166129131e-07,
        "max": 0.0104134082794,
        "mean": 0.000245209492277,
        "median": 9.07745379664e-06,
        "min": 7.8235525895e-21,
        "var": 7.90794729255e-07
    },
    "spectral_energyband_low": {
        "dmean": 0.00557488156483,
        "dmean2": 0.00924276933074,
        "dvar": 0.000670621462632,
        "dvar2": 0.00163662515115,
        "max": 0.290920734406,
        "mean": 0.00681704282761,
        "median": 0.000363393046428,
        "min": 7.29149814494e-23,
        "var": 0.000653426453937
    },
    "spectral_energyband_middle_high": {
        "dmean": 0.00173285440542,
        "dmean2": 0.00246594636701,
        "dvar": 1.54220488184e-05,
        "dvar2": 3.38572172041e-05,
        "max": 0.0659362450242,
        "mean": 0.00402825465426,
        "median": 0.00108576845378,
        "min": 1.64933998029e-21,
        "var": 5.30511206307e-05
    },
    "spectral_energyband_middle_low": {
        "dmean": 0.00396694382653,
        "dmean2": 0.00596334040165,
        "dvar": 6.79066870362e-05,
        "dvar2": 0.000152708991664,
        "max": 0.125919744372,
        "mean": 0.0126128168777,
        "median": 0.0071200914681,
        "min": 4.28516261423e-22,
        "var": 0.000231977217481
    },
    "spectral_entropy": {
        "dmean": 0.225771203637,
        "dmean2": 0.317098736763,
        "dvar": 0.0862923413515,
        "dvar2": 0.168205752969,
        "max": 9.78834152222,
        "mean": 6.53803682327,
        "median": 6.54869270325,
        "min": 3.26518058777,
        "var": 0.825842380524
    },
    "spectral_flux": {
        "dmean": 0.0262752342969,
        "dmean2": 0.0409423746169,
        "dvar": 0.00229582819156,
        "dvar2": 0.00488911056891,
        "max": 0.465640693903,
        "mean": 0.0542686507106,
        "median": 0.0357165932655,
        "min": 1.05339473255e-10,
        "var": 0.0040750564076
    },
    "spectral_kurtosis": {
        "dmean": 9.50657749176,
        "dmean2": 15.7645025253,
        "dvar": 192.636062622,
        "dvar2": 497.552581787,
        "max": 213.860076904,
        "mean": 26.6568698883,
        "median": 12.3370189667,
        "min": -1.21721160412,
        "var": 1031.24780273
    },
    "spectral_rms": {
        "dmean": 0.000795520434622,
        "dmean2": 0.00114622246474,
        "dvar": 2.21838718062e-06,
        "dvar2": 4.54163318864e-06,
        "max": 0.0171029474586,
        "mean": 0.00401906203479,
        "median": 0.00391465611756,
        "min": 3.29025240213e-12,
        "var": 6.18439935351e-06
    },
    "spectral_rolloff": {
        "dmean": 216.928695679,
        "dmean2": 358.690063477,
        "dvar": 272612.625,
        "dvar2": 540703.5,
        "max": 18927.6855469,
        "mean": 1156.28112793,
        "median": 710.595703125,
        "min": 86.1328125,
        "var": 2924273
    },
    "spectral_skewness": {
        "dmean": 0.658028542995,
        "dmean2": 1.07588374615,
        "dvar": 0.637904763222,
        "dvar2": 1.627633214,
        "max": 11.9927530289,
        "mean": 3.33290719986,
        "median": 2.64985609055,
        "min": -0.00999914947897,
        "var": 4.38238716125
    },
    "spectral_spread": {
        "dmean": 506829.28125,
        "dmean2": 742507.0625,
        "dvar": 604262760448,
        "dvar2": 1.0631364608e+12,
        "max": 41811704,
        "mean": 2968117.5,
        "median": 2519298.5,
        "min": 465572.125,
        "var": 3.23388676506e+12
    },
    "spectral_strongpeak": {
        "dmean": 0.516222834587,
        "dmean2": 0.790584445,
        "dvar": 0.837456941605,
        "dvar2": 1.90535986423,
        "max": 13.5340538025,
        "mean": 1.53924036026,
        "median": 0.79297876358,
        "min": 0,
        "var": 3.08683872223
    },
    "zerocrossingrate": {
        "dmean": 0.00569544173777,
        "dmean2": 0.00633363146335,
        "dvar": 7.43134005461e-05,
        "dvar2": 7.27814331185e-05,
        "max": 0.57421875,
        "mean": 0.0432404950261,
        "median": 0.0322265625,
        "min": 0.00439453125,
        "var": 0.00197033560835
    },
    "barkbands": {
        "dmean": [9.90001281025e-05, 0.00458949524909, 0.00142005144153, 0.00071163760731, 0.00079696328612, 0.00101251841988, 0.0004929585848, 0.000974948925432, 0.00089259451488, 0.001009499887, 0.000397241004976, 0.000224527917453, 0.000119064599858, 0.000109506217996, 0.000170846440597, 9.5978131867e-05, 0.000116264593089, 5.6262142607e-05, 6.09578310105e-05, 5.29414792254e-05, 5.3822510381e-05, 4.24605386797e-05, 3.39421567332e-05, 1.81554423762e-05, 9.57952943281e-06, 5.3207545534e-06, 2.04196817322e-06],
        "dmean2": [0.00015589222312, 0.00795418396592, 0.00250120763667, 0.0012215282768, 0.00130374194123, 0.0016902894713, 0.000743709562812, 0.00127643404994, 0.00133159931283, 0.00151350500528, 0.000527307158336, 0.000320377410389, 0.000177770751179, 0.000174918284756, 0.000259152351646, 0.000151190004544, 0.000167834325111, 8.12882863102e-05, 9.0665773314e-05, 7.18128867447e-05, 7.2172813816e-05, 5.55410842935e-05, 4.72243264085e-05, 2.59526532318e-05, 1.29956824821e-05, 7.74243198975e-06, 3.16008640766e-06],
        "dvar": [1.33661941959e-07, 0.000608256144915, 4.3344036385e-05, 1.54468907567e-05, 7.41628173273e-06, 3.51953303834e-06, 2.23320489567e-06, 1.04828759504e-05, 1.58489146997e-05, 1.19341120808e-05, 3.74393835045e-06, 7.191585496e-07, 1.87293011322e-07, 2.78887824834e-07, 9.19826959489e-07, 2.73391464134e-07, 2.28175878192e-07, 2.42073703305e-08, 5.12559275023e-08, 4.0748830088e-08, 4.29482547304e-08, 2.86566717023e-08, 2.13477537869e-08, 5.83994674841e-09, 1.57100488174e-09, 7.1691774739e-10, 9.75963476701e-11],
        "dvar2": [3.78164315862e-07, 0.00164078630041, 0.00012501940364, 3.77998730983e-05, 1.96319451788e-05, 9.36955530051e-06, 5.3976568779e-06, 1.60371109814e-05, 3.92449437641e-05, 2.81730790448e-05, 6.2255148805e-06, 1.44902298871e-06, 3.85563936334e-07, 7.32640501155e-07, 2.02264391191e-06, 6.58757699057e-07, 4.30457447465e-07, 4.57096760442e-08, 1.01802626773e-07, 7.1213072772e-08, 8.24639698749e-08, 5.65608644365e-08, 4.75084895868e-08, 1.30978738966e-08, 3.128118653e-09, 1.53392853974e-09, 2.39296360505e-10],
        "max": [0.00475338101387, 0.284008473158, 0.0906042382121, 0.109800025821, 0.0692729204893, 0.0463504306972, 0.0433298759162, 0.0781899318099, 0.105642467737, 0.0661118030548, 0.053415749222, 0.0241300798953, 0.00982368644327, 0.0188444536179, 0.0375084504485, 0.0247083324939, 0.0202586315572, 0.00244100927375, 0.00693058641627, 0.00493479380384, 0.00364316510968, 0.0024291316513, 0.00402535451576, 0.00191731681116, 0.00150405580644, 0.00116660178173, 0.000424810015829],
        "mean": [0.00014214879775, 0.0041269659996, 0.00209747580811, 0.000839565880597, 0.00187711662147, 0.00272220582701, 0.00102553458419, 0.00346875214018, 0.00190557562746, 0.00197994313203, 0.000801433285233, 0.00043657963397, 0.000199959933525, 0.000189696744201, 0.000275358848739, 0.000138141898788, 0.000201569549972, 9.36273791012e-05, 9.13843905437e-05, 7.22181866877e-05, 7.01466706232e-05, 5.89515948377e-05, 3.92452493543e-05, 2.17668748519e-05, 1.24190019051e-05, 6.07558968113e-06, 1.82262851922e-06],
        "median": [2.33700961871e-06, 3.68448163499e-05, 0.000184628763236, 9.44465573411e-05, 0.000728465267457, 0.00131860375404, 0.000221111084102, 0.000596832833253, 0.000318985490594, 0.000175947221578, 1.9851635443e-05, 5.3455158195e-05, 2.62990815827e-05, 2.54362021224e-05, 2.74441845249e-05, 1.55977140821e-05, 2.11526112253e-05, 7.21354354027e-06, 8.09543053037e-06, 3.41749046129e-06, 2.45005276156e-06, 1.37578763315e-06, 7.03847149452e-07, 4.96413520068e-07, 2.03216032446e-07, 7.97759867055e-08, 7.27301774361e-09],
        "min": [1.3868048496e-23, 2.1595636838e-23, 2.46386346477e-23, 3.76838160226e-23, 2.62742919808e-23, 3.03181870407e-23, 4.04401875334e-23, 1.42014867478e-22, 1.10727015768e-22, 1.82648916001e-22, 6.16766859779e-23, 6.77604633205e-23, 1.37070312568e-22, 1.3771909702e-22, 1.00406487385e-22, 3.13074861424e-22, 1.596518157e-22, 2.07138023642e-22, 1.66898910443e-22, 2.95742539729e-22, 5.25293010456e-22, 4.42431464868e-22, 7.43953439402e-22, 1.00188485358e-21, 1.49119268011e-21, 1.53329437595e-21, 2.17091936177e-21],
        "var": [2.42333925371e-07, 0.000482660165289, 3.1700317777e-05, 1.34946267281e-05, 9.5515342764e-06, 1.42336748468e-05, 5.58970805287e-06, 8.10425553937e-05, 5.39658285561e-05, 3.80411584047e-05, 1.52597003762e-05, 2.1020348413e-06, 4.50133711638e-07, 6.17623925336e-07, 1.27520661408e-06, 4.29735337093e-07, 6.77345553868e-07, 6.4658422616e-08, 1.02831762661e-07, 7.92577310449e-08, 7.50664668203e-08, 5.05244237559e-08, 2.7163689964e-08, 8.33128410704e-09, 2.78624745498e-09, 9.1052548834e-10, 8.81708039913e-11]
    },
    "erbbands": {
        "dmean": [0.118542999029, 1.07331562042, 1.66842710972, 2.07165789604, 2.45604896545, 2.36295700073, 5.06691932678, 9.49039745331, 8.83131504059, 8.15491962433, 24.4867286682, 24.3047828674, 25.9767856598, 23.9130210876, 18.8628005981, 11.0554561615, 5.86199331284, 5.42959737778, 9.16058731079, 6.06780815125, 5.37739944458, 4.50713825226, 3.49138498306, 3.21289539337, 2.84499263763, 2.33671951294, 2.28121709824, 2.2167904377, 1.60133707523, 1.43863105774, 0.77620279789, 0.455265551805, 0.250284969807, 0.138344496489, 0.0529190190136, 0.0252074468881, 0.00876410864294, 0.00324658490717, 0.000333562900778, 1.49706193042e-05],
        "dmean2": [0.209155976772, 1.84742593765, 2.72069692612, 3.584887743, 4.10750675201, 3.84855103493, 8.24532985687, 16.0673007965, 13.786857605, 11.9719400406, 31.7162952423, 35.6448249817, 37.8352355957, 36.3333778381, 24.6906757355, 15.2639942169, 8.73338794708, 8.53932094574, 13.8712348938, 9.29452705383, 7.99213123322, 6.57465744019, 4.94500207901, 4.74933385849, 4.15701389313, 3.10815000534, 3.09189248085, 3.01908397675, 2.10528540611, 1.92572569847, 1.07487559319, 0.659841299057, 0.347256690264, 0.19169460237, 0.0715642124414, 0.0359851494431, 0.0125852935016, 0.00495686987415, 0.00051914260257, 2.20578294829e-05],
        "dvar": [0.34172257781, 35.4633560181, 61.7272071838, 86.6547698975, 144.311538696, 47.2233848572, 96.1684799194, 359.327941895, 660.39050293, 779.516662598, 7181.64257812, 13286.1542969, 8794.84960938, 9323.87890625, 8654.84765625, 1716.48254395, 416.991424561, 560.504089355, 3060.95043945, 848.65826416, 450.600708008, 268.060272217, 101.379875183, 173.575759888, 96.2699127197, 85.6446685791, 85.1052322388, 71.876335144, 40.4003868103, 37.0939292908, 12.203499794, 4.04454040527, 1.09409701824, 0.327208846807, 0.0496681183577, 0.0159932654351, 0.00233456282876, 0.000252073281445, 2.71392832474e-06, 1.53448131979e-09],
        "dvar2": [0.989847362041, 93.4502716064, 160.398925781, 223.188873291, 374.618530273, 125.303421021, 238.556518555, 963.158447266, 1688.56640625, 1505.48754883, 10591.0332031, 34409.7773438, 19134.0019531, 22597.2753906, 14076.1201172, 3468.96508789, 895.471069336, 1391.09692383, 6787.54541016, 1863.98742676, 1031.50708008, 509.797851562, 189.257324219, 354.674377441, 201.146514893, 139.919342041, 171.575149536, 140.864746094, 76.320274353, 78.839630127, 28.8591976166, 9.61611747742, 2.34222126007, 0.668949246407, 0.0981922075152, 0.0330215096474, 0.00516247516498, 0.000608807080425, 6.6247785071e-06, 3.41371308998e-09],
        "max": [6.85577821732, 67.8193969727, 112.214004517, 222.992874146, 278.565124512, 171.900344849, 178.897781372, 554.913818359, 730.682128906, 1088.6607666, 2102.27172852, 3122.45483398, 2654.49902344, 2350.24511719, 2698.59350586, 986.32421875, 510.830932617, 937.294433594, 2226.62719727, 911.758422852, 892.439331055, 573.403381348, 230.835647583, 399.042907715, 275.643218994, 302.048919678, 173.718536377, 107.063537598, 90.6648864746, 94.2141189575, 130.77897644, 59.668006897, 31.8969116211, 20.7374248505, 9.17066669464, 5.79977655411, 2.24347186089, 0.644819915295, 0.0740708261728, 0.00113934918772],
        "mean": [0.117094375193, 0.928637742996, 2.33174824715, 2.81423282623, 3.19649219513, 6.22544813156, 15.4590797424, 23.1616516113, 20.9371490479, 21.4364299774, 86.9356231689, 57.8453369141, 54.4272079468, 45.099811554, 40.3546066284, 23.0151786804, 10.55235672, 10.2279129028, 14.9806146622, 10.9473619461, 8.83871841431, 7.96382904053, 6.35564613342, 4.7232003212, 4.10729217529, 3.44796729088, 2.9014685154, 2.88708567619, 2.17482638359, 1.70199465752, 0.936079800129, 0.529959917068, 0.316925704479, 0.175625517964, 0.0702534914017, 0.0305672883987, 0.00962791964412, 0.00312149594538, 0.000304030923871, 3.07850859826e-05],
        "median": [0.000681145931594, 0.0121593680233, 0.178971737623, 0.374185949564, 0.533648014069, 2.2625041008, 6.62882709503, 10.7756824493, 5.46552658081, 5.1682434082, 14.8184671402, 11.1438827515, 8.44936752319, 4.67286300659, 1.85363602638, 3.12013888359, 1.81512212753, 1.9903345108, 1.94379401207, 1.24467635155, 1.39242565632, 1.07695770264, 0.525547862053, 0.429621338844, 0.327535450459, 0.166517585516, 0.127435266972, 0.0779765844345, 0.0517040602863, 0.031722124666, 0.0183317773044, 0.0124353822321, 0.00697777513415, 0.00282976217568, 0.00123341660947, 0.000437851180322, 0.000131050794153, 2.68594285444e-05, 1.16587179946e-05, 1.95115953829e-05],
        "min": [1.51906468837e-21, 2.01697006379e-21, 2.52617937926e-20, 7.07705423686e-20, 1.56759980162e-19, 4.08315091167e-20, 6.4695172188e-20, 3.50571215267e-19, 4.03452587484e-19, 2.00048709421e-18, 2.20581358817e-18, 2.14625555009e-18, 5.33432853809e-18, 3.96789151342e-18, 3.41270484347e-18, 3.31985278574e-18, 5.08331975403e-18, 6.9728901999e-18, 5.8338459528e-18, 7.21798877849e-18, 2.03965682591e-17, 1.02187651215e-17, 9.25949782723e-18, 1.22718174757e-17, 9.01438684093e-18, 1.27784258962e-17, 2.18356044446e-17, 1.8309355e-17, 1.63425262985e-17, 1.20194421893e-17, 2.41619638906e-17, 2.28867011946e-17, 1.77201856825e-17, 1.75751048206e-17, 8.64602677055e-18, 4.77980692136e-18, 2.97616792662e-18, 1.15009610386e-18, 2.90862165027e-19, 3.3618600804e-20],
        "var": [0.297806382179, 27.1418228149, 51.5685005188, 75.4548721313, 119.14982605, 104.166038513, 466.187316895, 1240.33105469, 1846.0378418, 3479.96118164, 54584.578125, 42234.3164062, 31015.3417969, 25813.0839844, 35835.8632812, 5213.18164062, 990.556518555, 1330.01086426, 4262.12451172, 1761.52490234, 951.690917969, 729.230529785, 300.171356201, 313.196228027, 166.45803833, 195.340072632, 130.317825317, 128.645568848, 71.2030258179, 51.2052574158, 14.9313211441, 5.11550426483, 1.73702037334, 0.548189878464, 0.0925642028451, 0.0221491195261, 0.00279439729638, 0.000245021481533, 2.46646527557e-06, 2.05105732398e-09]
    },
    "gfcc": {
        "mean": [-124.06993103, 135.049499512, -124.731552124, -11.9978199005, -63.8536376953, -12.3154172897, -35.7757835388, -0.121190853417, -14.9125757217, -4.92513561249, -13.8246974945, -4.22831058502, -6.08474826813],
        "cov": [[15680.8867188, -743.358520508, -383.939971924, 1912.68505859, -345.817810059, 482.274902344, -218.761978149, 135.78427124, -244.032928467, 246.627838135, -55.2747497559, 47.0643196106, -183.559539795], [-743.358520508, 3694.81005859, 251.137039185, -590.062072754, 911.250183105, -416.668579102, 252.514358521, -246.114273071, 280.861175537, -379.403747559, 146.539276123, -336.162200928, 138.100540161], [-383.939971924, 251.137039185, 1419.58166504, 486.061706543, 257.030914307, 429.485534668, 101.455970764, 61.1277084351, -3.74113202095, 41.187297821, -136.895263672, -52.6167945862, -153.677246094], [1912.68505859, -590.062072754, 486.061706543, 1355.24206543, 292.628326416, 354.79473877, 46.2870101929, 128.002243042, -98.1899337769, 173.492385864, -68.1531219482, -7.64621496201, -118.723190308], [-345.817810059, 911.250183105, 257.030914307, 292.628326416, 818.695373535, 92.0668869019, 173.221694946, 31.3262214661, 47.0582504272, -68.0713119507, 33.5272216797, -80.0678329468, 11.1324472427], [482.274902344, -416.668579102, 429.485534668, 354.79473877, 92.0668869019, 551.577514648, 151.382049561, 123.826187134, -67.6379165649, 65.6886367798, -37.6393661499, 109.887023926, -23.1562023163], [-218.761978149, 252.514358521, 101.455970764, 46.2870101929, 173.221694946, 151.382049561, 374.080780029, 171.870025635, 94.5612030029, -37.914894104, 9.00376224518, -13.6059446335, 41.7613563538], [135.78427124, -246.114273071, 61.1277084351, 128.002243042, 31.3262214661, 123.826187134, 171.870025635, 251.423599243, 84.7704925537, 62.8086853027, -10.2202749252, 12.8221216202, -2.77792263031], [-244.032928467, 280.861175537, -3.74113202095, -98.1899337769, 47.0582504272, -67.6379165649, 94.5612030029, 84.7704925537, 188.872360229, 30.02394104, 32.1033630371, -45.648639679, 23.5596942902], [246.627838135, -379.403747559, 41.187297821, 173.492385864, -68.0713119507, 65.6886367798, -37.914894104, 62.8086853027, 30.02394104, 184.508346558, 48.005531311, 47.5609855652, -12.6727581024], [-55.2747497559, 146.539276123, -136.895263672, -68.1531219482, 33.5272216797, -37.6393661499, 9.00376224518, -10.2202749252, 32.1033630371, 48.005531311, 149.621154785, 58.64012146, 34.2716064453], [47.0643196106, -336.162200928, -52.6167945862, -7.64621496201, -80.0678329468, 109.887023926, -13.6059446335, 12.8221216202, -45.648639679, 47.5609855652, 58.64012146, 179.005218506, 52.0145797729], [-183.559539795, 138.100540161, -153.677246094, -118.723190308, 11.1324472427, -23.1562023163, 41.7613563538, -2.77792263031, 23.5596942902, -12.6727581024, 34.2716064453, 52.0145797729, 135.792785645]],
        "icov": [[0.000110975001007, -0.000169823790202, 0.000195770044229, -0.00024664727971, 0.000225872048759, -0.000195373431779, 0.000154492838192, -0.000176140281837, 6.98051881045e-05, -6.83883627062e-05, 0.000163582255482, -0.0001368146186, 0.000218310917262], [-0.000169823790202, 0.00149152195081, -0.000902731437236, 0.000609319366049, -0.0011457944056, 0.000584718887694, -0.000432388944319, 0.00133544066921, -0.0012383494759, 0.00191207870375, -0.0023078925442, 0.00202737282962, -0.00168220093474], [0.000195770044229, -0.000902731437236, 0.00193519913591, -0.000619060941972, 0.000473369349493, -0.00146238144953, 0.000246539333602, -8.18597545731e-05, -0.000173259250005, -0.00132265978027, 0.00236641755328, -0.00118613964878, 0.00222958810627], [-0.00024664727971, 0.000609319366049, -0.000619060941972, 0.00199128710665, -0.00127601937857, 0.000222483533435, -0.000535840634257, 0.000275124708423, 0.000818526896182, -0.00129392941017, -4.63365176984e-05, 0.00097760593053, -0.000225271607633], [0.000225872048759, -0.0011457944056, 0.000473369349493, -0.00127601937857, 0.00295396591537, -0.000838809006382, 0.000223898430704, -0.00104809657205, 0.000527078285813, 0.000262959947577, -0.000113838956167, -0.000231681420701, 0.000465748889837], [-0.000195373431779, 0.000584718887694, -0.00146238144953, 0.000222483533435, -0.000838809006382, 0.00500876409933, -0.00230446527712, -8.26741015771e-05, 0.00164545711596, -0.000788601464592, 0.000595472985879, -0.00237170327455, -0.000290210271487], [0.000154492838192, -0.000432388944319, 0.000246539333602, -0.000535840634257, 0.000223898430704, -0.00230446527712, 0.00692816916853, -0.00443841377273, -0.00150327268057, 0.00345357740298, -0.00181803817395, 0.00132750987541, -0.00164023239631], [-0.000176140281837, 0.00133544066921, -8.18597545731e-05, 0.000275124708423, -0.00104809657205, -8.26741015771e-05, -0.00443841377273, 0.0104137146845, -0.00439128605649, -0.00158864376135, 0.00128496834077, -0.000248406402534, 0.00058596796589], [6.98051881045e-05, -0.0012383494759, -0.000173259250005, 0.000818526896182, 0.000527078285813, 0.00164545711596, -0.00150327268057, -0.00439128605649, 0.0121292322874, -0.00505861034617, 6.71075249556e-05, 0.00170280772727, -0.000762493174989], [-6.83883627062e-05, 0.00191207870375, -0.00132265978027, -0.00129392941017, 0.000262959947577, -0.000788601464592, 0.00345357740298, -0.00158864376135, -0.00505861034617, 0.0147855486721, -0.00828771479428, 0.00235675601289, -0.00246936199255], [0.000163582255482, -0.0023078925442, 0.00236641755328, -4.63365176984e-05, -0.000113838956167, 0.000595472985879, -0.00181803817395, 0.00128496834077, 6.71075249556e-05, -0.00828771479428, 0.0166342165321, -0.00880755390972, 0.0042925090529], [-0.0001368146186, 0.00202737282962, -0.00118613964878, 0.00097760593053, -0.000231681420701, -0.00237170327455, 0.00132750987541, -0.000248406402534, 0.00170280772727, 0.00235675601289, -0.00880755390972, 0.0154043547809, -0.007286360953], [0.000218310917262, -0.00168220093474, 0.00222958810627, -0.000225271607633, 0.000465748889837, -0.000290210271487, -0.00164023239631, 0.00058596796589, -0.000762493174989, -0.00246936199255, 0.0042925090529, -0.007286360953, 0.0137345679104]]
    },
    "melbands": {
        "dmean": [0.00120856193826, 0.00101102387998, 0.00037080940092, 0.000166569589055, 0.000159335701028, 0.000207933378988, 0.000126269078464, 0.000105614264612, 0.000187262441614, 0.000154164139531, 0.000128315878101, 0.000103662154288, 5.49184733245e-05, 3.66000567738e-05, 1.6751804651e-05, 1.20289778351e-05, 1.07061323433e-05, 1.464210618e-05, 9.05296201381e-06, 8.58202020027e-06, 6.75212413626e-06, 5.12561882715e-06, 4.7729781727e-06, 2.49049594458e-06, 2.76157834378e-06, 2.04296111406e-06, 1.94384278984e-06, 1.5371764448e-06, 1.43239651607e-06, 1.54348981596e-06, 1.19933417864e-06, 9.36204628488e-07, 7.85417114457e-07, 8.39493793592e-07, 4.82865004869e-07, 3.35239008109e-07, 2.51108247085e-07, 1.78491021074e-07, 1.49599102883e-07, 1.08480428196e-07],
        "dmean2": [0.00212727976032, 0.00164275139105, 0.000634344294667, 0.000276772043435, 0.000257481675362, 0.000350875139702, 0.000195976404939, 0.000151541695232, 0.000244563794695, 0.000227832788369, 0.000187080091564, 0.000158063834533, 7.46539590182e-05, 4.77772518934e-05, 2.40348726948e-05, 1.79771959665e-05, 1.72447907971e-05, 2.23834867938e-05, 1.39834182846e-05, 1.32985724122e-05, 9.98914038064e-06, 7.4142262747e-06, 7.10079484634e-06, 3.61002003046e-06, 4.20612832386e-06, 2.98153872791e-06, 2.75565093943e-06, 2.0594804937e-06, 1.96317887458e-06, 2.17603178498e-06, 1.69358588664e-06, 1.27175962916e-06, 1.08024539713e-06, 1.1600303651e-06, 6.77200830523e-07, 4.83238011384e-07, 3.71122013121e-07, 2.55452391684e-07, 2.1015114271e-07, 1.53784341705e-07],
        "dvar": [4.05377177231e-05, 2.47001316893e-05, 2.53825260188e-06, 5.08939365318e-07, 8.8254871855e-08, 1.66896228393e-07, 1.2782142278e-07, 1.18582875075e-07, 4.02971153335e-07, 5.57932935408e-07, 2.17139771053e-07, 1.84616013144e-07, 7.23138526837e-08, 1.66045630579e-08, 3.45641293364e-09, 2.20401874529e-09, 2.72756461861e-09, 6.79338230114e-09, 2.18544315977e-09, 2.38906983085e-09, 7.59826257468e-10, 4.2133563305e-10, 4.04215882988e-10, 5.31132221537e-11, 1.48117587639e-10, 4.77579191471e-11, 5.84752107846e-11, 3.51280150801e-11, 3.29809859978e-11, 4.39032178667e-11, 2.19437957388e-11, 1.42935732694e-11, 9.79952403946e-12, 1.37743809414e-11, 4.79871524461e-12, 2.74771958658e-12, 1.26866616171e-12, 5.53981123128e-13, 3.87230937419e-13, 2.22975907486e-13],
        "dvar2": [0.000113320682431, 5.83025575907e-05, 6.42803752271e-06, 1.34465790325e-06, 2.1505360337e-07, 4.47185698249e-07, 3.21325273944e-07, 2.23369497121e-07, 6.00677253715e-07, 1.42420662996e-06, 4.70341007031e-07, 4.45751197731e-07, 1.27385163751e-07, 2.76342202454e-08, 7.29270555055e-09, 4.0228984588e-09, 7.07530789512e-09, 1.52057051395e-08, 4.91246510137e-09, 5.54054357949e-09, 1.60357604972e-09, 8.14611600397e-10, 7.94007193328e-10, 9.94219637174e-11, 3.08436748364e-10, 9.55605802822e-11, 1.15712731064e-10, 6.06810435233e-11, 6.56888085593e-11, 9.41708169777e-11, 4.60961477322e-11, 2.70288444404e-11, 2.14720984049e-11, 2.98701063883e-11, 1.14773728715e-11, 7.01885945198e-12, 2.96196075479e-12, 1.21153261035e-12, 8.09385490488e-13, 4.7305947137e-13],
        "max": [0.072911337018, 0.0604875087738, 0.0367307960987, 0.0174834821373, 0.00496011041105, 0.0108688706532, 0.0101110562682, 0.0105682080612, 0.015579902567, 0.0207347553223, 0.0130347479135, 0.0103975664824, 0.00719930557534, 0.00359687209129, 0.00124064413831, 0.00135298888199, 0.00216514011845, 0.00318819866516, 0.00167568970937, 0.00208855327219, 0.00132784608286, 0.000938208191656, 0.00071205268614, 0.000123068981338, 0.000381416786695, 0.000165137695149, 0.000191958883079, 0.000175941982889, 0.00010510442371, 0.000120396514831, 6.35268515907e-05, 5.83167566219e-05, 4.70301565656e-05, 5.7570017816e-05, 7.25828940631e-05, 7.68868339946e-05, 3.60569247277e-05, 2.28292174143e-05, 1.86122233572e-05, 1.97458066395e-05],
        "mean": [0.00110266171396, 0.00126115349121, 0.000513679988217, 0.000293933320791, 0.000508934666868, 0.000524951785337, 0.000296435639029, 0.000296940590488, 0.000653528783005, 0.000342906219885, 0.000264983216766, 0.000188162375707, 0.000111003682832, 8.03560760687e-05, 3.11155527015e-05, 2.04265561479e-05, 1.9042960048e-05, 2.3728582164e-05, 1.42758235597e-05, 1.47784658111e-05, 1.06474071799e-05, 8.98864527699e-06, 8.09805533208e-06, 4.0275513129e-06, 3.8003802274e-06, 3.0482344755e-06, 2.61959758063e-06, 2.19588036998e-06, 1.77465449269e-06, 1.84118073321e-06, 1.59236196851e-06, 1.27356213397e-06, 1.01330931557e-06, 9.31487306843e-07, 5.68249959088e-07, 3.93972698021e-07, 2.89422445121e-07, 2.22243230041e-07, 1.88033126847e-07, 1.34805674179e-07],
        "median": [7.00412874721e-06, 6.9155881647e-05, 6.70110166539e-05, 7.17711591278e-05, 0.000218343659071, 0.000242405702011, 7.54355278332e-05, 6.73837203067e-05, 9.87114253803e-05, 5.42192938155e-05, 3.71117712348e-05, 1.53988803504e-05, 3.28709802488e-06, 8.04723640613e-06, 4.41252814198e-06, 2.90064758701e-06, 2.71670796792e-06, 2.93246398542e-06, 1.49293418872e-06, 1.38868654176e-06, 1.37340725814e-06, 1.10034284262e-06, 4.31352930264e-07, 3.4362389556e-07, 3.02445016587e-07, 2.41550480951e-07, 1.44214112652e-07, 9.41037257007e-08, 7.39022354423e-08, 6.14156121514e-08, 3.57318441502e-08, 2.79536145342e-08, 2.04143582039e-08, 1.52191219627e-08, 9.9277954746e-09, 7.82460141124e-09, 6.83051659678e-09, 4.80999373664e-09, 3.30095351053e-09, 2.00688443641e-09],
        "min": [1.00262059575e-23, 8.75659507281e-24, 1.663607306e-23, 6.93764196413e-24, 2.14793098312e-24, 7.26014171282e-24, 6.60395498451e-24, 2.74850435867e-23, 1.45778324064e-23, 1.54622054346e-23, 2.79239752607e-23, 1.7671192674e-23, 1.00109738423e-23, 9.68730026854e-24, 7.42239541267e-24, 1.33361905851e-23, 1.34239371613e-23, 9.65797515324e-24, 8.9498738832e-24, 1.34417953945e-23, 2.3614289296e-23, 9.55347869343e-24, 8.91815851936e-24, 8.40975028772e-24, 1.01819476105e-23, 6.91984131781e-24, 7.34418300936e-24, 8.45676797539e-24, 1.37340857148e-23, 1.41528761922e-23, 8.92534188677e-24, 1.01383520015e-23, 7.65185848392e-24, 6.34371805492e-24, 1.42017366589e-23, 1.35895600861e-23, 1.51663431521e-23, 1.13768951771e-23, 1.48574757087e-23, 1.51409228983e-23],
        "var": [3.21067418554e-05, 2.2784977773e-05, 2.30855607697e-06, 4.74439104892e-07, 4.57842702417e-07, 6.19150114289e-07, 3.66483476455e-07, 5.96199072334e-07, 3.08004223371e-06, 1.83089184702e-06, 7.68667632656e-07, 5.1241232768e-07, 2.80648265516e-07, 7.43012833482e-08, 8.40463965091e-09, 5.57623325292e-09, 6.2170224524e-09, 1.01536254959e-08, 3.03330582874e-09, 4.89316054342e-09, 2.0094839126e-09, 1.24026766635e-09, 1.00308705786e-09, 1.13052983641e-10, 2.56912519037e-10, 1.01044117518e-10, 9.92150181456e-11, 7.68860600187e-11, 4.99673219467e-11, 6.05965833067e-11, 3.84742376847e-11, 2.49750949088e-11, 1.49454771475e-11, 1.73003677356e-11, 5.67014230707e-12, 2.87149015503e-12, 1.72013195788e-12, 8.31164889518e-13, 6.34592367803e-13, 3.42541235177e-13]
    },
    "mfcc": {
        "mean": [-765.977661133, 169.228317261, -5.88375854492, 0.281322419643, -11.7144184113, -14.1929912567, -15.9275064468, -5.9677529335, -2.96258449554, -0.853657722473, -3.3358232975, -4.10686779022, -4.10832595825],
        "cov": [[13358.4228516, -804.219604492, -464.045288086, 1310.39196777, 6.05220842361, 383.126525879, 30.923418045, 32.6537475586, -148.717346191, 6.70149087906, 41.3256454468, 59.030128479, 16.1796836853], [-804.219604492, 3327.8671875, -87.6273040771, -162.465118408, 374.86618042, -129.70463562, 29.2776794434, 30.2477016449, 55.9409446716, 44.7129440308, -20.1267719269, -69.9252853394, -51.668182373], [-464.045288086, -87.6273040771, 1140.81994629, 152.213027954, 146.782989502, 337.865692139, 118.294044495, 105.808654785, 85.4198226929, 64.0952453613, 54.9550857544, 17.1226844788, -35.0026168823], [1310.39196777, -162.465118408, 152.213027954, 877.071166992, 368.388092041, 252.262664795, 227.711471558, 77.4749908447, 79.9463653564, 123.741722107, 79.6172409058, 61.9205932617, 2.03694605827], [6.05220842361, 374.86618042, 146.782989502, 368.388092041, 525.176696777, 246.923843384, 187.922805786, 72.4629898071, 32.2840881348, 66.2911758423, 22.6913299561, 0.656321883202, -17.3470172882], [383.126525879, -129.70463562, 337.865692139, 252.262664795, 246.923843384, 405.600585938, 224.087432861, 131.975585938, 66.6204071045, 17.3587837219, 10.391957283, 24.1998538971, 26.7673931122], [30.923418045, 29.2776794434, 118.294044495, 227.711471558, 187.922805786, 224.087432861, 315.628540039, 203.284667969, 114.158447266, 65.2625427246, 8.59016704559, 24.9557590485, 52.6506881714], [32.6537475586, 30.2477016449, 105.808654785, 77.4749908447, 72.4629898071, 131.975585938, 203.284667969, 271.64553833, 165.854156494, 51.6351585388, 13.2590341568, 25.3995227814, 48.1751976013], [-148.717346191, 55.9409446716, 85.4198226929, 79.9463653564, 32.2840881348, 66.6204071045, 114.158447266, 165.854156494, 212.418167114, 112.70954895, 23.7192134857, 2.06108093262, 12.1867218018], [6.70149087906, 44.7129440308, 64.0952453613, 123.741722107, 66.2911758423, 17.3587837219, 65.2625427246, 51.6351585388, 112.70954895, 201.806747437, 98.9512939453, -16.057220459, -38.2746429443], [41.3256454468, -20.1267719269, 54.9550857544, 79.6172409058, 22.6913299561, 10.391957283, 8.59016704559, 13.2590341568, 23.7192134857, 98.9512939453, 158.276107788, 71.8717880249, -15.6739015579], [59.030128479, -69.9252853394, 17.1226844788, 61.9205932617, 0.656321883202, 24.1998538971, 24.9557590485, 25.3995227814, 2.06108093262, -16.057220459, 71.8717880249, 171.348937988, 97.2343063354], [16.1796836853, -51.668182373, -35.0026168823, 2.03694605827, -17.3470172882, 26.7673931122, 52.6506881714, 48.1751976013, 12.1867218018, -38.2746429443, -15.6739015579, 97.2343063354, 167.863876343]],
