{
"lowlevel": {
    "average_loudness": 0.906191110611,
    "barkbands_crest": {
        "dmean": 2.84751749039,
        "dmean2": 4.35773849487,
        "dvar": 7.77688121796,
        "dvar2": 16.9248790741,
        "max": 26.4144306183,
        "mean": 13.6497306824,
        "median": 13.0623140335,
        "min": 2.53664302826,
        "var": 33.0948219299
    },
    "barkbands_flatness_db": {
        "dmean": 0.0375857278705,
        "dmean2": 0.0574506931007,
        "dvar": 0.00186321162619,
        "dvar2": 0.00403675064445,
        "max": 0.594490230083,
        "mean": 0.211481228471,
        "median": 0.197226211429,
        "min": 0.0300600919873,
        "var": 0.00943192653358
    },
    "barkbands_kurtosis": {
        "dmean": 11.2772140503,
        "dmean2": 18.1459293365,
        "dvar": 514.11706543,
        "dvar2": 1199.71533203,
        "max": 523.461853027,
        "mean": 19.639667511,
        "median": 7.407538414,
        "min": -1.8552904129,
        "var": 1149.42077637
    },
    "barkbands_skewness": {
        "dmean": 0.995177924633,
        "dmean2": 1.57131791115,
        "dvar": 1.47534990311,
        "dvar2": 3.39804244041,
        "max": 19.0735569,
        "mean": 2.82642817497,
        "median": 2.36357688904,
        "min": -12.088057518,
        "var": 6.5712518692
    },
    "barkbands_spread": {
        "dmean": 5.38792037964,
        "dmean2": 8.89097499847,
        "dvar": 77.2010955811,
        "dvar2": 206.37171936,
        "max": 91.5682373047,
        "mean": 12.2539396286,
        "median": 8.59741973877,
        "min": 0.205946072936,
        "var": 140.360977173
    },
    "dissonance": {
        "dmean": 0.025457708165,
        "dmean2": 0.0427229963243,
        "dvar": 0.000729341700207,
        "dvar2": 0.00198050262406,
        "max": 0.500000119209,
        "mean": 0.452196091413,
        "median": 0.46132671833,
        "min": 0.149756059051,
        "var": 0.0014798999764
    },
    "dynamic_complexity": 4.47735977173,
    "erbbands_crest": {
        "dmean": 2.66767024994,
        "dmean2": 4.40803623199,
        "dvar": 6.1422252655,
        "dvar2": 15.7972517014,
        "max": 27.7146282196,
        "mean": 8.79633903503,
        "median": 7.97630643845,
        "min": 2.31048536301,
        "var": 14.0105075836
    },
    "erbbands_flatness_db": {
        "dmean": 0.0240853410214,
        "dmean2": 0.0372216440737,
        "dvar": 0.000850573182106,
        "dvar2": 0.00176533311605,
        "max": 0.486245661974,
        "mean": 0.172316908836,
        "median": 0.157462984324,
        "min": 0.0361612513661,
        "var": 0.00542823364958
    },
    "erbbands_kurtosis": {
        "dmean": 1.39326548576,
        "dmean2": 2.20830845833,
        "dvar": 6.82677459717,
        "dvar2": 14.4869861603,
        "max": 73.4012680054,
        "mean": 1.36771297455,
        "median": 0.436301231384,
        "min": -1.87096524239,
        "var": 15.8490371704
    },
    "erbbands_skewness": {
        "dmean": 0.430674135685,
        "dmean2": 0.662446200848,
        "dvar": 0.208688750863,
        "dvar2": 0.489086002111,
        "max": 6.51568078995,
        "mean": 0.648578941822,
        "median": 0.611524820328,
        "min": -3.315284729,
        "var": 0.811931967735
    },
    "erbbands_spread": {
        "dmean": 10.7230434418,
        "dmean2": 16.6998748779,
        "dvar": 208.97857666,
        "dvar2": 472.636260986,
        "max": 178.226470947,
        "mean": 38.802986145,
        "median": 33.8716392517,
        "min": 2.24267649651,
        "var": 635.013122559
    },
    "hfc": {
        "dmean": 8.56557178497,
        "dmean2": 13.3920040131,
        "dvar": 259.047698975,
        "dvar2": 689.284240723,
        "max": 196.332260132,
        "mean": 14.6721868515,
        "median": 8.84072494507,
        "min": 1.26479515549e-16,
        "var": 313.0262146
    },
    "melbands_crest": {
        "dmean": 3.33488178253,
        "dmean2": 5.14557170868,
        "dvar": 10.4667110443,
        "dvar2": 23.4211673737,
        "max": 36.8222045898,
        "mean": 17.6169052124,
        "median": 16.3590526581,
        "min": 1.8958016634,
        "var": 57.6958847046
    },
    "melbands_flatness_db": {
        "dmean": 0.0419687069952,
        "dmean2": 0.0638244897127,
        "dvar": 0.0024018001277,
        "dvar2": 0.00513518508524,
        "max": 0.734946668148,
        "mean": 0.292618066072,
        "median": 0.28297200799,
        "min": 0.00923887826502,
        "var": 0.0152798043564
    },
    "melbands_kurtosis": {
        "dmean": 23.1025333405,
        "dmean2": 36.6008071899,
        "dvar": 2232.91259766,
        "dvar2": 5124.28466797,
        "max": 696.430236816,
        "mean": 43.3510742188,
        "median": 17.2239112854,
        "min": -1.64956700802,
        "var": 5452.96728516
    },
    "melbands_skewness": {
        "dmean": 1.23564743996,
        "dmean2": 1.92420303822,
        "dvar": 2.58998680115,
        "dvar2": 5.83388233185,
        "max": 22.1554679871,
        "mean": 4.01707839966,
        "median": 3.3096704483,
        "min": -1.85541987419,
        "var": 10.0251455307
    },
    "melbands_spread": {
        "dmean": 4.82146453857,
        "dmean2": 7.73890304565,
        "dvar": 56.0831336975,
        "dvar2": 140.90625,
        "max": 175.82258606,
        "mean": 12.7774438858,
        "median": 8.20587730408,
        "min": 0.301551699638,
        "var": 264.263519287
    },
    "pitch_salience": {
        "dmean": 0.0873191803694,
        "dmean2": 0.136213377118,
        "dvar": 0.00763739459217,
        "dvar2": 0.0177713986486,
        "max": 0.991565585136,
        "mean": 0.500551700592,
        "median": 0.521768212318,
        "min": 0.0507035367191,
        "var": 0.0314089208841
    },
    "silence_rate_20dB": {
        "dmean": 0,
        "dmean2": 0,
        "dvar": 0,
        "dvar2": 0,
        "max": 1,
        "mean": 1,
        "median": 1,
        "min": 1,
        "var": 0
    },
    "silence_rate_30dB": {
        "dmean": 0.0974700376391,
        "dmean2": 0.194966048002,
        "dvar": 0.087971970439,
        "dvar2": 0.177991747856,
        "max": 1,
        "mean": 0.832112908363,
        "median": 1,
        "min": 0,
        "var": 0.139704689384
    },
    "silence_rate_60dB": {
        "dmean": 0.0338215716183,
        "dmean2": 0.0676521509886,
        "dvar": 0.0326781980693,
        "dvar2": 0.0705336257815,
        "max": 1,
        "mean": 0.119957394898,
        "median": 0,
        "min": 0,
        "var": 0.105577178299
    },
    "spectral_centroid": {
        "dmean": 204.281143188,
        "dmean2": 322.443725586,
        "dvar": 86991.6953125,
        "dvar2": 195647.015625,
        "max": 10846.0751953,
        "mean": 915.348266602,
        "median": 680.539489746,
        "min": 112.34210968,
        "var": 650095.3125
    },
    "spectral_complexity": {
        "dmean": 3.28575229645,
        "dmean2": 5.01771211624,
        "dvar": 14.3372535706,
        "dvar2": 31.220287323,
        "max": 55,
        "mean": 11.8956193924,
        "median": 11,
        "min": 0,
        "var": 57.4735679626
    },
    "spectral_decrease": {
        "dmean": 5.66542723845e-09,
        "dmean2": 8.84909123755e-09,
        "dvar": 7.8823139066e-17,
        "dvar2": 2.17774288321e-16,
        "max": 2.56032172511e-16,
        "mean": -1.33252031631e-08,
        "median": -1.02435002702e-08,
        "min": -7.54244169343e-08,
        "var": 1.7417650991e-16
    },
    "spectral_energy": {
        "dmean": 0.021913966164,
        "dmean2": 0.0341666266322,
        "dvar": 0.00114875065628,
        "dvar2": 0.00316522759385,
        "max": 0.286942332983,
        "mean": 0.0516231618822,
        "median": 0.039978209883,
        "min": 1.11825682672e-20,
        "var": 0.00255817198195
    },
    "spectral_energyband_high": {
        "dmean": 0.000515252468176,
        "dmean2": 0.000885341898538,
        "dvar": 2.31296439779e-06,
        "dvar2": 6.48578816254e-06,
        "max": 0.0220959987491,
        "mean": 0.00053610408213,
        "median": 0.000137083625305,
        "min": 8.08428573469e-21,
        "var": 1.73867010744e-06
    },
    "spectral_energyband_low": {
        "dmean": 0.0165892764926,
        "dmean2": 0.0257175527513,
        "dvar": 0.000891279254574,
        "dvar2": 0.00237816129811,
        "max": 0.269507229328,
        "mean": 0.0370837301016,
        "median": 0.0239698272198,
        "min": 5.23826360261e-23,
        "var": 0.00196701730601
    },
    "spectral_energyband_middle_high": {
        "dmean": 0.00163248705212,
        "dmean2": 0.00244478601962,
        "dvar": 7.33164006306e-06,
        "dvar2": 1.61995067174e-05,
        "max": 0.0263373553753,
        "mean": 0.00269565475173,
        "median": 0.00116619945038,
        "min": 1.61522322289e-21,
        "var": 1.47329710671e-05
    },
    "spectral_energyband_middle_low": {
        "dmean": 0.010113209486,
        "dmean2": 0.0167472604662,
        "dvar": 0.00041814360884,
        "dvar2": 0.00114467530511,
        "max": 0.214444860816,
        "mean": 0.0140479253605,
        "median": 0.00752362655476,
        "min": 3.04141245175e-22,
        "var": 0.000387632113416
    },
    "spectral_entropy": {
        "dmean": 0.283502489328,
        "dmean2": 0.448256909847,
        "dvar": 0.122890345752,
        "dvar2": 0.289999037981,
        "max": 9.79394245148,
        "mean": 7.25623178482,
        "median": 7.38425350189,
        "min": 4.29444932938,
        "var": 0.502178788185
    },
    "spectral_flux": {
        "dmean": 0.0412058457732,
        "dmean2": 0.0628951117396,
        "dvar": 0.00278337369673,
        "dvar2": 0.00541338929906,
        "max": 0.49185270071,
        "mean": 0.0990466997027,
        "median": 0.069322898984,
        "min": 1.05747660628e-10,
        "var": 0.00765301892534
    },
    "spectral_kurtosis": {
        "dmean": 5.56152391434,
        "dmean2": 9.07380485535,
        "dvar": 241.741546631,
        "dvar2": 562.311462402,
        "max": 354.60458374,
        "mean": 10.8480625153,
        "median": 4.22438573837,
        "min": -1.14788138866,
        "var": 540.33581543
    },
    "spectral_rms": {
        "dmean": 0.00132227956783,
        "dmean2": 0.00195083627477,
        "dvar": 2.79464211417e-06,
        "dvar2": 7.0484097705e-06,
        "max": 0.0167315192521,
        "mean": 0.00610537594184,
        "median": 0.00624524848536,
        "min": 3.30300196916e-12,
        "var": 1.30884664031e-05
    },
    "spectral_rolloff": {
        "dmean": 394.423919678,
        "dmean2": 691.425537109,
        "dvar": 1219994.25,
        "dvar2": 3279383.5,
        "max": 18906.1523438,
        "mean": 1049.49121094,
        "median": 409.130859375,
        "min": 64.599609375,
        "var": 4881169.5
    },
    "spectral_skewness": {
        "dmean": 0.472372233868,
        "dmean2": 0.745678067207,
        "dvar": 0.623832464218,
        "dvar2": 1.3883638382,
        "max": 15.5283021927,
        "mean": 2.15379190445,
        "median": 1.74655115604,
        "min": 0.00731620565057,
        "var": 2.30164146423
    },
    "spectral_spread": {
        "dmean": 978929.1875,
        "dmean2": 1512837.625,
        "dvar": 1.91981748224e+12,
        "dvar2": 4.11090655642e+12,
        "max": 38602316,
        "mean": 4880398.5,
        "median": 4348995,
        "min": 226119.71875,
        "var": 6.80059784397e+12
    },
    "spectral_strongpeak": {
        "dmean": 0.218962430954,
        "dmean2": 0.361338019371,
        "dvar": 0.104335285723,
        "dvar2": 0.273158818483,
        "max": 5.43085575104,
        "mean": 0.524549782276,
        "median": 0.491084039211,
        "min": 3.32076433018e-09,
        "var": 0.159009218216
    },
    "zerocrossingrate": {
        "dmean": 0.00920719001442,
        "dmean2": 0.0110631566495,
        "dvar": 0.00016625355056,
        "dvar2": 0.000221586524276,
        "max": 0.74267578125,
        "mean": 0.0468836463988,
        "median": 0.029296875,
        "min": 0.001953125,
        "var": 0.005543674808
    },
    "barkbands": {
        "dmean": [0.000496555236168, 0.0129223773256, 0.00542378704995, 0.00432941410691, 0.00363655970432, 0.00212258426473, 0.00104701751843, 0.000699719879776, 0.000419902004069, 0.000521470676176, 0.000381097343052, 0.000378666183678, 0.000240557375946, 0.000326510256855, 0.000103129750642, 7.06016726326e-05, 8.15370367491e-05, 7.21130199963e-05, 5.20770845469e-05, 5.47343588551e-05, 6.95872513461e-05, 6.74533075653e-05, 7.63892312534e-05, 0.000103019403468, 0.000122222947539, 6.53781462461e-05, 1.09229840746e-05],
        "dmean2": [0.000589128467254, 0.0182601492852, 0.00916028115898, 0.00776351103559, 0.00626521278173, 0.00348593434319, 0.0017892025644, 0.00114921294153, 0.000720690411981, 0.000860014173668, 0.000601650564931, 0.000575989135541, 0.000402142060921, 0.000522846996319, 0.000168511454831, 0.000119038937555, 0.000134333851747, 0.000108180036477, 8.48991621751e-05, 8.50731885293e-05, 0.000117806186609, 0.000116881557915, 0.000133746783831, 0.000180825474672, 0.00021862781432, 0.000119564298075, 2.04161569854e-05],
        "dvar": [6.57511236568e-07, 0.000734807690606, 0.000229696976021, 0.000155377143528, 8.00422931206e-05, 1.71029259945e-05, 3.90122295357e-06, 1.72575357738e-06, 7.97991447143e-07, 1.1526695971e-06, 5.37646144494e-07, 5.27368172243e-07, 2.23713954028e-07, 7.01320743701e-07, 4.37756142446e-08, 4.2526444588e-08, 5.38527231697e-08, 5.93868278997e-08, 1.82302404284e-08, 1.57914818999e-08, 4.01874657996e-08, 5.36799831252e-08, 6.42869082412e-08, 1.08072349292e-07, 1.70948908362e-07, 4.44009202738e-08, 1.71662062343e-09],
        "dvar2": [8.86063901362e-07, 0.00149892654736, 0.000602254178375, 0.00044776298455, 0.000222067930736, 4.48234095529e-05, 1.078497462e-05, 4.53901884612e-06, 2.18494233195e-06, 2.87210332317e-06, 1.30206103677e-06, 1.13580119887e-06, 5.66198991692e-07, 1.70613770933e-06, 1.05917806081e-07, 1.10076904036e-07, 1.31152447125e-07, 1.06994832549e-07, 4.57729001369e-08, 3.23834932203e-08, 1.09003408966e-07, 1.50485647055e-07, 1.80736606126e-07, 3.05198625483e-07, 4.84016140945e-07, 1.26106300513e-07, 4.94172436305e-09],
        "max": [0.00991489738226, 0.25080922246, 0.118961960077, 0.128262087703, 0.106702677906, 0.0556167066097, 0.0227894447744, 0.0229781959206, 0.0180446952581, 0.0155475707725, 0.00854324083775, 0.00933439191431, 0.00674243085086, 0.015109966509, 0.00353034003638, 0.00516817346215, 0.00669806776568, 0.00533437402919, 0.00192140624858, 0.0019072717987, 0.002699945122, 0.00393750471994, 0.0044035394676, 0.00467545632273, 0.00474549038336, 0.00252422364429, 0.000618423800915],
        "mean": [0.00148451316636, 0.0272741690278, 0.00575616862625, 0.00426873611286, 0.00397082464769, 0.00280744861811, 0.00127673451789, 0.000912829185836, 0.000444515811978, 0.000668832915835, 0.000446911988547, 0.000467164354632, 0.000262832822045, 0.000433954497566, 0.000155467409058, 0.000100947312603, 0.000120701515698, 0.000119658980111, 7.89723271737e-05, 8.51688091643e-05, 8.44816313474e-05, 7.17297152732e-05, 7.36913498258e-05, 9.8563337815e-05, 0.000102303500171, 4.87449615321e-05, 7.16519207344e-06],
        "median": [0.000433833309216, 0.0140015240759, 0.00160748092458, 0.00128949817736, 0.00145125796553, 0.00111667090096, 0.000573596218601, 0.000301816588035, 0.000133103400003, 0.000137515089591, 0.000106964173028, 0.00014159802231, 7.98517576186e-05, 8.37902916828e-05, 4.79939080833e-05, 2.31203794101e-05, 1.68834849319e-05, 1.61897296493e-05, 2.26595511776e-05, 2.57182364294e-05, 2.65974413196e-05, 1.71935753315e-05, 1.14276317618e-05, 1.28979900182e-05, 7.7349914136e-06, 2.20740571422e-06, 2.7344253084e-08],
        "min": [1.02015634258e-23, 3.01733300904e-23, 1.23196786222e-23, 1.63579420041e-24, 1.97056144615e-23, 3.61331742294e-23, 3.81451040147e-23, 9.3601672242e-23, 5.68103103387e-23, 9.70069765106e-23, 3.80855734153e-23, 8.63167058654e-23, 6.61720950433e-23, 5.79093008648e-23, 3.82088849966e-23, 1.20629605644e-22, 4.21544043685e-22, 2.45241179189e-22, 3.30942270626e-22, 3.66228056782e-22, 3.55643335726e-22, 6.59701529625e-22, 7.1905113273e-22, 7.89720700499e-22, 1.11462254327e-21, 1.85351727643e-21, 2.70613409672e-21],
        "var": [4.45695604867e-06, 0.00146661698818, 0.000179763403139, 9.94675647235e-05, 6.22200677753e-05, 2.14872761717e-05, 4.04637057727e-06, 2.35552010963e-06, 7.19559693607e-07, 1.76381956862e-06, 7.09309802005e-07, 8.01584292276e-07, 2.5100757739e-07, 9.97003780867e-07, 8.40914609057e-08, 7.57550893127e-08, 1.19757402217e-07, 1.53663478386e-07, 3.3198848115e-08, 3.52937661319e-08, 3.79986069277e-08, 3.93594596915e-08, 4.6575717505e-08, 7.72247616965e-08, 1.14324173239e-07, 2.79452621044e-08, 1.00581665219e-09]
    },
    "erbbands": {
        "dmean": [0.432881891727, 2.88102912903, 5.11221790314, 11.6089763641, 14.0104255676, 10.6439647675, 13.465013504, 18.8785152435, 14.3012170792, 15.9774551392, 15.5600585938, 9.56871604919, 14.8877344131, 17.7357959747, 12.3292284012, 15.4549455643, 10.8950538635, 18.1163845062, 7.21355581284, 4.36264801025, 4.50344753265, 3.51863837242, 4.09675073624, 2.76585006714, 2.46357035637, 2.47572946548, 2.78820204735, 2.79534316063, 2.45802092552, 2.30531215668, 2.2198574543, 1.92610263824, 1.87623238564, 1.52262413502, 0.778819262981, 0.319050610065, 0.112821549177, 0.0255979597569, 0.00186497159302, 5.02873044752e-05],
        "dmean2": [0.604071199894, 4.13948726654, 8.19229602814, 20.2947006226, 24.919467926, 18.512046814, 21.6974906921, 31.5675373077, 24.3780822754, 27.0912303925, 25.1664161682, 16.3269290924, 24.2575454712, 28.9858875275, 19.2947692871, 23.5331535339, 17.8729190826, 29.0212268829, 11.5240316391, 7.33746671677, 7.42635059357, 5.49570846558, 6.18469667435, 4.50073814392, 3.96037483215, 3.88751721382, 4.35864543915, 4.83444547653, 4.29019784927, 4.01390647888, 3.91390991211, 3.3585190773, 3.31853675842, 2.70938181877, 1.40443778038, 0.575755357742, 0.208002462983, 0.0479341521859, 0.00349918799475, 8.55223624967e-05],
        "dvar": [0.773936092854, 38.6057052612, 157.74772644, 1130.78186035, 1314.0032959, 760.852233887, 646.015625, 1564.42114258, 598.597961426, 1151.11889648, 755.667907715, 442.747406006, 1110.65405273, 1344.16906738, 470.618682861, 873.398620605, 422.858581543, 2048.484375, 230.002166748, 74.7696990967, 137.255142212, 91.3850784302, 194.702316284, 61.3366928101, 33.721572876, 32.1483726501, 49.5936470032, 82.1786880493, 70.6388168335, 57.271030426, 54.0170593262, 37.539855957, 36.3660163879, 26.2520313263, 7.32968330383, 1.05647969246, 0.13887822628, 0.00844187289476, 5.25533978362e-05, 1.44484983977e-08],
        "dvar2": [1.45113658905, 83.3879852295, 400.951324463, 3175.59033203, 3755.95727539, 2032.20654297, 1634.62414551, 4098.93798828, 1636.50256348, 3083.08813477, 2004.20751953, 1226.60119629, 2664.03320312, 3442.95874023, 1121.55822754, 1879.32006836, 1047.46020508, 5006.31689453, 547.122558594, 198.450027466, 333.501068115, 198.177459717, 341.904968262, 153.637115479, 77.249382019, 69.881980896, 115.056640625, 230.544921875, 198.804473877, 160.080459595, 152.421783447, 105.913085938, 102.851783752, 74.4383621216, 20.7215175629, 2.98823857307, 0.396191567183, 0.0243472736329, 0.000151773245307, 4.0540186319e-08],
        "max": [9.21610832214, 56.8394775391, 119.5858078, 289.926391602, 513.923339844, 326.333404541, 377.365936279, 586.696228027, 234.046081543, 485.93548584, 391.032684326, 452.902862549, 527.12109375, 482.65814209, 212.004653931, 478.945556641, 282.600524902, 802.219177246, 255.287719727, 145.564208984, 301.178039551, 264.066101074, 234.076507568, 117.023231506, 119.811813354, 105.276847839, 107.729225159, 120.239135742, 136.354034424, 125.659011841, 122.503608704, 88.3027420044, 79.2600860596, 66.5907592773, 33.5081825256, 12.6514463425, 4.85097455978, 1.22586083412, 0.108884230256, 0.00170896260533],
        "mean": [1.00784862041, 5.161049366, 7.26029777527, 11.9186601639, 14.3885469437, 10.9788570404, 17.1639919281, 23.4746646881, 17.9811687469, 19.404340744, 21.1084976196, 11.1196184158, 21.2243652344, 20.2127742767, 14.7281455994, 19.4370727539, 12.9731884003, 24.3240566254, 10.9949073792, 6.61998462677, 6.94756174088, 5.69930315018, 6.81917095184, 4.15154218674, 4.00046491623, 3.88646459579, 3.97490239143, 3.03798961639, 2.55704903603, 2.37019276619, 2.12098097801, 1.92707359791, 1.70344054699, 1.29899036884, 0.62761002779, 0.250869512558, 0.0814010128379, 0.0172818824649, 0.00121575105004, 7.85465090303e-05],
        "median": [0.374548643827, 2.4794549942, 2.79270648956, 3.63190364838, 5.3626947403, 3.4580321312, 6.41280174255, 8.03519916534, 7.72980880737, 7.70742273331, 7.99973583221, 4.26512002945, 4.03629350662, 5.40321874619, 4.30610370636, 5.95549488068, 4.49083280563, 5.49174690247, 3.49492430687, 2.28542995453, 1.37384188175, 0.952012121677, 0.962489902973, 0.975670158863, 1.1972079277, 1.20200824738, 1.28471207619, 0.866551458836, 0.629411637783, 0.446230202913, 0.32321190834, 0.293091207743, 0.186850041151, 0.110951974988, 0.0387919843197, 0.0140460412949, 0.00304314796813, 0.000282230321318, 3.94732051063e-05, 5.02051334479e-05],
        "min": [1.89525597003e-21, 2.99258112868e-21, 9.98921483074e-21, 1.28627700007e-20, 1.37699221764e-20, 7.99139965269e-20, 3.06053440374e-19, 1.91419894728e-19, 2.31587151964e-19, 1.81042084178e-18, 1.48899086345e-18, 1.06855387985e-18, 3.6291854544e-18, 1.9797352006e-18, 2.09810350548e-18, 3.1055400084e-18, 3.39030520608e-18, 2.56480397696e-18, 2.80901395677e-18, 3.57198963736e-18, 1.16643790473e-17, 1.99197118709e-17, 1.5956381845e-17, 1.22313038237e-17, 1.92563990464e-17, 1.76022479252e-17, 1.47159599963e-17, 1.34258634704e-17, 2.10936118546e-17, 2.34275400033e-17, 2.1077519883e-17, 1.75505110866e-17, 1.22435394793e-17, 1.03132043321e-17, 9.62457481776e-18, 6.36751641424e-18, 3.77690047306e-18, 1.2173143514e-18, 3.95095762701e-19, 3.95741558115e-20],
        "var": [2.12595367432, 62.4403648376, 168.513946533, 767.282470703, 906.939331055, 621.670166016, 827.673278809, 1933.94250488, 666.416137695, 1190.44580078, 1079.41943359, 406.638916016, 2090.79638672, 1508.68225098, 615.528869629, 1316.27929688, 520.35144043, 2885.21118164, 407.602264404, 132.34173584, 298.959838867, 239.777175903, 491.865112305, 111.058288574, 82.1207046509, 70.9118041992, 79.8419265747, 61.1850814819, 50.7296867371, 43.2348022461, 38.6486473083, 27.4760456085, 25.331861496, 17.6154022217, 4.84521245956, 0.691901564598, 0.0851206853986, 0.00494119385257, 3.01895543089e-05, 1.23746604075e-08]
    },
    "gfcc": {
        "mean": [-66.3900909424, 113.07749176, -92.7655639648, 27.226064682, -55.8620491028, 19.31133461, -28.2580814362, 1.55413234234, -19.5553188324, 7.62856864929, -6.92318153381, -4.81725120544, -6.57255554199],
        "cov": [[26703.65625, 1753.10058594, 1990.52490234, 1237.32080078, -201.481781006, 1264.40734863, -947.019042969, 770.287658691, -624.664428711, 336.033508301, -314.540405273, 492.7628479, -131.925308228], [1753.10058594, 4333.80712891, 572.967529297, -313.893920898, 573.226257324, -392.842712402, 403.797607422, -536.136047363, 205.537536621, -242.962585449, 250.748474121, -279.334991455, 142.671066284], [1990.52490234, 572.967529297, 2173.63647461, 304.317657471, 350.440887451, 456.79095459, 165.347381592, 34.4255981445, -58.3392715454, 45.8876266479, -1.42654585838, 87.6973876953, -31.188123703], [1237.32080078, -313.893920898, 304.317657471, 851.976074219, 230.673492432, 229.015838623, 82.5345458984, 127.107429504, 123.466278076, 53.4916954041, 27.9584178925, 23.3194618225, 49.4581031799], [-201.481781006, 573.226257324, 350.440887451, 230.673492432, 573.347106934, 47.0862731934, 239.309371948, 5.1269698143, 160.81060791, -7.86937189102, 62.5449180603, -23.9686717987, 28.2914161682], [1264.40734863, -392.842712402, 456.79095459, 229.015838623, 47.0862731934, 406.370880127, 32.1672859192, 136.368408203, -36.8726463318, 64.1377944946, -36.1852149963, 75.2764968872, -8.47671890259], [-947.019042969, 403.797607422, 165.347381592, 82.5345458984, 239.309371948, 32.1672859192, 348.074157715, -58.893863678, 157.308029175, -15.837018013, 63.0325241089, -42.0787734985, 42.5291213989], [770.287658691, -536.136047363, 34.4255981445, 127.107429504, 5.1269698143, 136.368408203, -58.893863678, 296.838684082, 32.7601089478, 82.4569396973, -10.6939296722, 81.8558731079, 7.94333696365], [-624.664428711, 205.537536621, -58.3392715454, 123.466278076, 160.81060791, -36.8726463318, 157.308029175, 32.7601089478, 223.135925293, 35.2516403198, 80.832611084, -19.0103588104, 57.8721313477], [336.033508301, -242.962585449, 45.8876266479, 53.4916954041, -7.86937189102, 64.1377944946, -15.837018013, 82.4569396973, 35.2516403198, 114.697845459, 20.6613311768, 47.4876174927, 3.12897491455], [-314.540405273, 250.748474121, -1.42654585838, 27.9584178925, 62.5449180603, -36.1852149963, 63.0325241089, -10.6939296722, 80.832611084, 20.6613311768, 117.049263, -1.60645496845, 51.429901123], [492.7628479, -279.334991455, 87.6973876953, 23.3194618225, -23.9686717987, 75.2764968872, -42.0787734985, 81.8558731079, -19.0103588104, 47.4876174927, -1.60645496845, 110.912666321, 4.07423973083], [-131.925308228, 142.671066284, -31.188123703, 49.4581031799, 28.2914161682, -8.47671890259, 42.5291213989, 7.94333696365, 57.8721313477, 3.12897491455, 51.429901123, 4.07423973083, 82.9694900513]],
        "icov": [[0.000131412263727, -0.00031284801662, 6.7185908847e-05, -0.000308641494485, 0.000180471804924, -0.000292079115752, 0.000257476698607, -0.000362573016901, 0.000316798483254, -0.000429345353041, 0.000454380031442, -0.000524040777236, 0.00030680251075], [-0.00031284801662, 0.00129556318279, -0.000394817092456, 0.00102913647424, -0.000843167304993, 0.000873554323334, -0.000445299141575, 0.00138277595397, -0.000957624986768, 0.00156581064221, -0.00174307520501, 0.00197651493363, -0.00142217683606], [6.7185908847e-05, -0.000394817092456, 0.000866986985784, -0.00032092598849, -0.000172736559762, -0.00095502298791, -0.00011880666716, -0.000128838597448, 0.00077366019832, -0.000547298055608, 0.00018342443218, -0.00090796907898, 0.000749397615436], [-0.000308641494485, 0.00102913647424, -0.00032092598849, 0.00262980838306, -0.00116808782332, -0.000297024846077, 0.000119472628285, 0.00103210320231, -0.00193980429322, 0.00136545975693, -0.00118447607383, 0.00202876306139, -0.00180464447476], [0.000180471804924, -0.000843167304993, -0.000172736559762, -0.00116808782332, 0.00368079124019, -0.000152944558067, -0.0011160527356, -0.00127995118964, -0.000651030801237, -3.24442371493e-05, 0.000633153307717, -0.00128167890944, 0.00191788480151], [-0.000292079115752, 0.000873554323334, -0.00095502298791, -0.000297024846077, -0.000152944558067, 0.00611846614629, -0.00251024402678, -0.000804434414022, 0.00174340663943, -0.000681241508573, 0.000214199273614, 0.000417863368057, -0.00145114213228], [0.000257476698607, -0.000445299141575, -0.00011880666716, 0.000119472628285, -0.0011160527356, -0.00251024402678, 0.00715640885755, 0.00132422032766, -0.0040930644609, 0.000873651064467, 0.000386249943404, -6.53838651488e-05, -2.59295193246e-05], [-0.000362573016901, 0.00138277595397, -0.000128838597448, 0.00103210320231, -0.00127995118964, -0.000804434414022, 0.00132422032766, 0.00753630045801, -0.00350574729964, 7.61642077123e-05, -0.000555076345336, -0.000385199906304, -0.00185855955351], [0.000316798483254, -0.000957624986768, 0.00077366019832, -0.00193980429322, -0.000651030801237, 0.00174340663943, -0.0040930644609, -0.00350574729964, 0.0136127052829, -0.00547635788098, -0.00139852589928, 0.000418914773036, -0.00201080809347], [-0.000429345353041, 0.00156581064221, -0.000547298055608, 0.00136545975693, -3.24442371493e-05, -0.000681241508573, 0.000873651064467, 7.61642077123e-05, -0.00547635788098, 0.0165195800364, -0.00540108606219, -0.00142521003727, 0.00170624244493], [0.000454380031442, -0.00174307520501, 0.00018342443218, -0.00118447607383, 0.000633153307717, 0.000214199273614, 0.000386249943404, -0.000555076345336, -0.00139852589928, -0.00540108606219, 0.0174725037068, -0.00323513592593, -0.00533659337088], [-0.000524040777236, 0.00197651493363, -0.00090796907898, 0.00202876306139, -0.00128167890944, 0.000417863368057, -6.53838651488e-05, -0.000385199906304, 0.000418914773036, -0.00142521003727, -0.00323513592593, 0.017105774954, -0.00430560205132], [0.00030680251075, -0.00142217683606, 0.000749397615436, -0.00180464447476, 0.00191788480151, -0.00145114213228, -2.59295193246e-05, -0.00185855955351, -0.00201080809347, 0.00170624244493, -0.00533659337088, -0.00430560205132, 0.0205900259316]]
    },
    "melbands": {
        "dmean": [0.00372335361317, 0.00268209073693, 0.0020173699595, 0.000889447983354, 0.000451538682682, 0.000413496716646, 0.000221360256546, 0.000166269674082, 0.000118686322821, 5.8794132201e-05, 7.39774986869e-05, 7.1087742981e-05, 4.39309696958e-05, 4.45203259005e-05, 2.87563198071e-05, 2.49361964961e-05, 3.78104996344e-05, 1.25432497953e-05, 6.78714195601e-06, 5.68519590161e-06, 6.04805927651e-06, 4.23901929025e-06, 4.20376409238e-06, 2.83131794276e-06, 2.3291636353e-06, 1.92504808183e-06, 1.64189714269e-06, 1.7110837689e-06, 1.82962799045e-06, 1.79557002866e-06, 1.57284125635e-06, 1.44412547343e-06, 1.29279942485e-06, 1.32956381549e-06, 1.34231811444e-06, 1.24846849303e-06, 1.13333953777e-06, 1.2278998156e-06, 1.45187880207e-06, 1.25156373088e-06],
        "dmean2": [0.00522343255579, 0.00420588301495, 0.00350519595668, 0.00155900232494, 0.000732169370167, 0.000687854539137, 0.000376370298909, 0.000281054584775, 0.000192104533198, 0.000100956880488, 0.000120747754409, 0.000117211500765, 6.95655980962e-05, 6.73018585076e-05, 4.60665287392e-05, 4.16885595769e-05, 6.05188470217e-05, 2.00904087251e-05, 1.12554416773e-05, 9.67588675849e-06, 9.88325882645e-06, 6.93623769621e-06, 6.24496260571e-06, 4.39067980551e-06, 3.89443448512e-06, 3.11678559228e-06, 2.67582208835e-06, 2.68270923698e-06, 2.82098949356e-06, 3.03519186673e-06, 2.74834474112e-06, 2.52455242844e-06, 2.25287249123e-06, 2.33242371905e-06, 2.39245605371e-06, 2.18487639359e-06, 1.98321845346e-06, 2.1825778731e-06, 2.57023748418e-06, 2.24611380872e-06],
        "dvar": [6.06291141594e-05, 2.86303711619e-05, 3.13643104164e-05, 5.23028438693e-06, 7.35092100967e-07, 6.99758118117e-07, 1.43942756381e-07, 1.20960237382e-07, 4.33641496045e-08, 1.63509170648e-08, 2.79425176331e-08, 2.15291908745e-08, 6.17508533196e-09, 7.8531412484e-09, 2.8542235242e-09, 2.53528975591e-09, 9.84183579078e-09, 7.01482927301e-10, 1.59464927374e-10, 2.57999815956e-10, 2.6670979314e-10, 1.38173139597e-10, 1.88150703351e-10, 8.95202731388e-11, 4.48316037072e-11, 2.02989153264e-11, 1.35476369706e-11, 1.56208102009e-11, 2.16844354972e-11, 2.78476287169e-11, 2.62746595314e-11, 2.41024995101e-11, 1.99707403392e-11, 1.871622822e-11, 2.07981461914e-11, 1.57910559628e-11, 1.30781453375e-11, 1.5583314153e-11, 2.23997504573e-11, 1.86009038033e-11],
        "dvar2": [0.000120206517749, 7.2610033385e-05, 8.74793840921e-05, 1.46139946082e-05, 1.88413775959e-06, 1.83830798051e-06, 3.95596714498e-07, 3.23411455838e-07, 1.15047519955e-07, 4.47521806279e-08, 6.71986271072e-08, 5.56074937208e-08, 1.52026302658e-08, 1.69958287444e-08, 6.77617428835e-09, 6.38993347124e-09, 2.40455975131e-08, 1.68102276543e-09, 4.0880498986e-10, 7.02071956127e-10, 6.52684073454e-10, 3.30020705208e-10, 3.23753912568e-10, 1.77369979815e-10, 1.17437129465e-10, 4.97180074888e-11, 3.06667642669e-11, 3.41996674036e-11, 4.67446324703e-11, 7.46621930947e-11, 7.40808109301e-11, 6.76967717994e-11, 5.61478918915e-11, 5.24460162799e-11, 5.90322860039e-11, 4.45370164359e-11, 3.69433719727e-11, 4.42536181311e-11, 6.32613822438e-11, 5.28166850533e-11],
        "max": [0.0757246688008, 0.0489756390452, 0.055537018925, 0.0280753187835, 0.010668057017, 0.0120386546478, 0.00385718676262, 0.00474687851965, 0.0028482703492, 0.00262313103303, 0.00264135119505, 0.0018663193332, 0.000760258582886, 0.00117373419926, 0.000691647466738, 0.000743879412767, 0.00180888164323, 0.000423127756221, 0.000186694931472, 0.000436179718236, 0.000491517130286, 0.000312605028739, 0.000242755762883, 0.000210020385566, 9.65018189163e-05, 7.00987147866e-05, 8.0444777268e-05, 8.5150328232e-05, 7.12546607247e-05, 6.68400898576e-05, 7.12109394954e-05, 7.63323696447e-05, 7.92863793322e-05, 6.93543479429e-05, 7.47597077861e-05, 6.34353418718e-05, 5.39178181498e-05, 5.86176247452e-05, 6.3224681071e-05, 5.2824474551e-05],
        "mean": [0.00819053500891, 0.00489380955696, 0.00213425187394, 0.000908148358576, 0.00056082662195, 0.000524360104464, 0.000283655914245, 0.0002063884167, 0.000158652619575, 6.58040953567e-05, 0.000104031802039, 7.8249067883e-05, 5.15622377861e-05, 5.46099799976e-05, 3.39051621268e-05, 2.79573287116e-05, 4.96406319144e-05, 1.82401236088e-05, 9.91822435026e-06, 8.03291459306e-06, 8.79577328305e-06, 6.3420807237e-06, 6.77224034007e-06, 4.6000477596e-06, 3.19681998917e-06, 2.87672560262e-06, 2.53713665188e-06, 2.60011279352e-06, 2.63596848527e-06, 2.11682049667e-06, 1.61970490353e-06, 1.47440232467e-06, 1.33656305934e-06, 1.30625608108e-06, 1.22319704587e-06, 1.21104710615e-06, 1.1345666735e-06, 1.11184635898e-06, 1.27755652102e-06, 1.04419370928e-06],
        "median": [0.00380604458041, 0.00231130979955, 0.000816976767965, 0.00029419225757, 0.000203582487302, 0.000191540821106, 0.000124772952404, 7.92541832197e-05, 5.83501787332e-05, 2.21527589019e-05, 1.80726419785e-05, 2.1078505597e-05, 1.35884874908e-05, 1.67889684235e-05, 1.06382558442e-05, 8.03036073194e-06, 9.13949588721e-06, 5.73824672756e-06, 3.55613929059e-06, 2.05050969271e-06, 1.38338714351e-06, 9.22608137444e-07, 7.62299237067e-07, 7.7857140468e-07, 7.45869670027e-07, 7.69511245835e-07, 8.14397822069e-07, 7.68380800764e-07, 8.27475503229e-07, 6.01544968504e-07, 4.44368907893e-07, 3.42407020071e-07, 2.91646614414e-07, 2.19388354594e-07, 1.6629995514e-07, 1.9758007852e-07, 1.64501912536e-07, 1.26200930595e-07, 1.21434368339e-07, 8.14259095705e-08],
        "min": [1.22730987523e-23, 4.56024790976e-24, 2.26268717065e-24, 2.51075651242e-24, 9.10450639784e-24, 5.04819782269e-24, 4.18398176836e-24, 2.10787988387e-23, 1.00572531561e-23, 7.89915454479e-24, 1.78328302735e-23, 7.29866652399e-24, 6.24702619048e-24, 7.61026421497e-24, 8.33027412924e-24, 7.66184625184e-24, 4.15377036784e-24, 5.06836031856e-24, 3.19059191016e-24, 8.08195412691e-24, 1.51390217435e-23, 2.00089961662e-23, 2.13270391661e-23, 1.015800016e-23, 9.22699125287e-24, 1.44464586667e-23, 1.23494510216e-23, 1.17997853646e-23, 8.65116617941e-24, 9.50856568666e-24, 7.22058270501e-24, 1.02150442698e-23, 1.61361987257e-23, 1.21117356764e-23, 1.32219722035e-23, 1.14481174839e-23, 1.05289935552e-23, 8.91777986613e-24, 6.80960747263e-24, 9.27537130333e-24],
        "var": [0.000133393463329, 4.85222080897e-05, 2.16869593714e-05, 3.85019939131e-06, 8.8942755383e-07, 8.65636422986e-07, 1.63559889188e-07, 1.3179298719e-07, 6.18553954723e-08, 1.53126826774e-08, 5.16859373079e-08, 2.32068124717e-08, 7.73585462355e-09, 1.15888445507e-08, 3.74408282156e-09, 3.06395442351e-09, 1.36944713347e-08, 1.17806753241e-09, 2.79687689675e-10, 4.00771443809e-10, 5.35213096065e-10, 3.02922159579e-10, 5.22205001463e-10, 2.22952614704e-10, 6.70306449235e-11, 4.38476928377e-11, 3.09477651839e-11, 3.25524086853e-11, 3.88949046581e-11, 2.70073251957e-11, 1.87255367462e-11, 1.73026003247e-11, 1.45050881029e-11, 1.39462824969e-11, 1.44924072742e-11, 1.1281416773e-11, 9.61165348701e-12, 1.0757076653e-11, 1.55703019922e-11, 1.22418056595e-11]
    },
    "mfcc": {
        "mean": [-705.612792969, 140.714202881, 24.8332901001, 16.7978649139, 2.83972144127, 13.7535791397, 6.99444770813, -3.34541463852, -1.37240850925, 4.66169929504, 0.842420697212, 3.065523386, 1.1280258894],
        "cov": [[14602.515625, 671.536621094, 321.144561768, 392.623046875, 520.760437012, 304.274475098, 232.285797119, 258.104675293, 223.757751465, 132.622528076, 103.669166565, 171.514831543, 9.62134933472], [671.536621094, 3238.93310547, 221.429077148, 173.206375122, 81.4749603271, 199.139556885, 135.901824951, -4.90907526016, -37.6230659485, 50.4251747131, 77.4332199097, 16.036693573, 63.3247718811], [321.144561768, 221.429077148, 1327.14953613, 78.00025177, 170.620269775, 308.29888916, 215.007751465, 106.409416199, 28.3872928619, 31.9731445312, 40.2875671387, -8.40428256989, 53.9024047852], [392.623046875, 173.206375122, 78.00025177, 654.305175781, 248.332489014, 218.274963379, 67.5023117065, 112.897422791, 110.015594482, 105.953834534, 69.3339157104, 86.3119125366, 32.7657432556], [520.760437012, 81.4749603271, 170.620269775, 248.332489014, 337.010742188, 113.861053467, 94.6038513184, 94.5363769531, 87.7422637939, 53.1757583618, 59.994758606, 69.8885955811, 7.75164890289], [304.274475098, 199.139556885, 308.29888916, 218.274963379, 113.861053467, 386.932128906, 141.279693604, 111.172653198, 59.0299301147, 76.3504486084, 51.6373176575, -12.1177377701, 30.4737529755], [232.285797119, 135.901824951, 215.007751465, 67.5023117065, 94.6038513184, 141.279693604, 170.300018311, 85.3241500854, 45.1943244934, 36.7239570618, 29.0232963562, 12.6303339005, 8.72982501984], [258.104675293, -4.90907526016, 106.409416199, 112.897422791, 94.5363769531, 111.172653198, 85.3241500854, 161.566207886, 87.0985717773, 42.9171066284, 37.415512085, 32.2425613403, 20.2533664703], [223.757751465, -37.6230659485, 28.3872928619, 110.015594482, 87.7422637939, 59.0299301147, 45.1943244934, 87.0985717773, 131.198730469, 75.5888061523, 44.0000076294, 47.1034355164, 22.2033691406], [132.622528076, 50.4251747131, 31.9731445312, 105.953834534, 53.1757583618, 76.3504486084, 36.7239570618, 42.9171066284, 75.5888061523, 110.568824768, 54.3024978638, 29.8865032196, 19.3535919189], [103.669166565, 77.4332199097, 40.2875671387, 69.3339157104, 59.994758606, 51.6373176575, 29.0232963562, 37.415512085, 44.0000076294, 54.3024978638, 79.402923584, 47.0234031677, 18.522277832], [171.514831543, 16.036693573, -8.40428256989, 86.3119125366, 69.8885955811, -12.1177377701, 12.6303339005, 32.2425613403, 47.1034355164, 29.8865032196, 47.0234031677, 104.564041138, 40.7810668945], [9.62134933472, 63.3247718811, 53.9024047852, 32.7657432556, 7.75164890289, 30.4737529755, 8.72982501984, 20.2533664703, 22.2033691406, 19.3535919189, 18.522277832, 40.7810668945, 70.2382507324]],
