{
"lowlevel": {
    "average_loudness": 0.888995826244,
    "barkbands_crest": {
        "dmean": 2.76282835007,
        "dmean2": 4.16058540344,
        "dvar": 7.82107496262,
        "dvar2": 16.1300315857,
        "max": 25.2914142609,
        "mean": 10.3230934143,
        "median": 9.35553359985,
        "min": 1.95426476002,
        "var": 22.3957157135
    },
    "barkbands_flatness_db": {
        "dmean": 0.0289747901261,
        "dmean2": 0.0410841628909,
        "dvar": 0.000936048512813,
        "dvar2": 0.00197499338537,
        "max": 0.461370080709,
        "mean": 0.129068851471,
        "median": 0.117809571326,
        "min": 0.0178552363068,
        "var": 0.00401496328413
    },
    "barkbands_kurtosis": {
        "dmean": 4.58616304398,
        "dmean2": 7.05645513535,
        "dvar": 142.495040894,
        "dvar2": 327.582824707,
        "max": 414.359130859,
        "mean": 5.39337253571,
        "median": 1.73687911034,
        "min": -1.93334710598,
        "var": 205.756576538
    },
    "barkbands_skewness": {
        "dmean": 0.73347145319,
        "dmean2": 1.07464492321,
        "dvar": 0.858427226543,
        "dvar2": 1.97639536858,
        "max": 15.7166261673,
        "mean": 1.64491868019,
        "median": 1.38488268852,
        "min": -4.18346166611,
        "var": 2.02480006218
    },
    "barkbands_spread": {
        "dmean": 9.69793987274,
        "dmean2": 14.7379045486,
        "dvar": 125.911697388,
        "dvar2": 297.2628479,
        "max": 108.286300659,
        "mean": 26.9050922394,
        "median": 22.9717559814,
        "min": 0.339507460594,
        "var": 285.408966064
    },
    "dissonance": {
        "dmean": 0.0200278814882,
        "dmean2": 0.0319825857878,
        "dvar": 0.000412959954701,
        "dvar2": 0.000999158481136,
        "max": 0.499997973442,
        "mean": 0.453749984503,
        "median": 0.461293101311,
        "min": 0.204361751676,
        "var": 0.00114405679051
    },
    "dynamic_complexity": 3.62112164497,
    "erbbands_crest": {
        "dmean": 2.47011232376,
        "dmean2": 3.84787893295,
        "dvar": 8.17715072632,
        "dvar2": 16.9927577972,
        "max": 33.1061859131,
        "mean": 8.80992603302,
        "median": 7.62886238098,
        "min": 2.52410197258,
        "var": 21.4156551361
    },
    "erbbands_flatness_db": {
        "dmean": 0.0218167435378,
        "dmean2": 0.0310554653406,
        "dvar": 0.000560217304155,
        "dvar2": 0.00104380631819,
        "max": 0.401961952448,
        "mean": 0.144954293966,
        "median": 0.137590527534,
        "min": 0.0480063818395,
        "var": 0.00215146993287
    },
    "erbbands_kurtosis": {
        "dmean": 1.36535441875,
        "dmean2": 2.11802506447,
        "dvar": 20.0592861176,
        "dvar2": 43.6911430359,
        "max": 177.274246216,
        "mean": 0.702575027943,
        "median": -0.432870388031,
        "min": -1.92210114002,
        "var": 27.7246875763
    },
    "erbbands_skewness": {
        "dmean": 0.471198618412,
        "dmean2": 0.711510002613,
        "dvar": 0.371309399605,
        "dvar2": 0.823533177376,
        "max": 11.4922237396,
        "mean": 0.520566821098,
        "median": 0.424105972052,
        "min": -3.46869492531,
        "var": 0.936793029308
    },
    "erbbands_spread": {
        "dmean": 11.9894332886,
        "dmean2": 18.2206459045,
        "dvar": 204.04536438,
        "dvar2": 477.908660889,
        "max": 185.549301147,
        "mean": 47.587928772,
        "median": 45.4410552979,
        "min": 1.21577465534,
        "var": 512.87689209
    },
    "hfc": {
        "dmean": 14.9125261307,
        "dmean2": 22.7693786621,
        "dvar": 739.916687012,
        "dvar2": 1819.45422363,
        "max": 439.713439941,
        "mean": 24.6921539307,
        "median": 16.2301273346,
        "min": 8.20282952674e-09,
        "var": 896.14074707
    },
    "melbands_crest": {
        "dmean": 3.44348716736,
        "dmean2": 5.25947189331,
        "dvar": 11.63007164,
        "dvar2": 25.7361831665,
        "max": 31.7939586639,
        "mean": 14.2220802307,
        "median": 13.3355693817,
        "min": 2.82895088196,
        "var": 29.9122238159
    },
    "melbands_flatness_db": {
        "dmean": 0.0367697328329,
        "dmean2": 0.0516280755401,
        "dvar": 0.00155461777467,
        "dvar2": 0.00329436850734,
        "max": 0.543729066849,
        "mean": 0.182937711477,
        "median": 0.172350764275,
        "min": 0.0122457295656,
        "var": 0.00606268085539
    },
    "melbands_kurtosis": {
        "dmean": 11.0893917084,
        "dmean2": 16.9412269592,
        "dvar": 469.701477051,
        "dvar2": 1096.10534668,
        "max": 404.348937988,
        "mean": 17.6049594879,
        "median": 8.32467460632,
        "min": -1.87036788464,
        "var": 786.508544922
    },
    "melbands_skewness": {
        "dmean": 0.960295498371,
        "dmean2": 1.39596939087,
        "dvar": 1.3908290863,
        "dvar2": 3.12665390968,
        "max": 14.4957780838,
        "mean": 2.91361260414,
        "median": 2.41335201263,
        "min": -1.33673763275,
        "var": 3.51460766792
    },
    "melbands_spread": {
        "dmean": 11.3214521408,
        "dmean2": 17.2393093109,
        "dvar": 251.836914062,
        "dvar2": 612.325500488,
        "max": 232.776321411,
        "mean": 26.8484630585,
        "median": 20.8923072815,
        "min": 0.382342427969,
        "var": 502.10635376
    },
    "pitch_salience": {
        "dmean": 0.0871323496103,
        "dmean2": 0.130047887564,
        "dvar": 0.00843083951622,
        "dvar2": 0.0175800062716,
        "max": 0.918851315975,
        "mean": 0.532216012478,
        "median": 0.54019087553,
        "min": 0.0835677459836,
        "var": 0.0200011599809
    },
    "silence_rate_20dB": {
        "dmean": 0,
        "dmean2": 0,
        "dvar": 0,
        "dvar2": 0,
        "max": 1,
        "mean": 1,
        "median": 1,
        "min": 1,
        "var": 0
    },
    "silence_rate_30dB": {
        "dmean": 0.0181931462139,
        "dmean2": 0.0363908261061,
        "dvar": 0.0178616177291,
        "dvar2": 0.035813536495,
        "max": 1,
        "mean": 0.979691028595,
        "median": 1,
        "min": 0,
        "var": 0.019896093756
    },
    "silence_rate_60dB": {
        "dmean": 0.0436137057841,
        "dmean2": 0.0871136561036,
        "dvar": 0.0417086817324,
        "dvar2": 0.0939755439758,
        "max": 1,
        "mean": 0.103787690401,
        "median": 0,
        "min": 0,
        "var": 0.0930118486285
    },
    "spectral_centroid": {
        "dmean": 392.402496338,
        "dmean2": 597.929992676,
        "dvar": 204155.703125,
        "dvar2": 489854.15625,
        "max": 5379.18896484,
        "mean": 1488.3494873,
        "median": 1355.98144531,
        "min": 140.778015137,
        "var": 533262.0625
    },
    "spectral_complexity": {
        "dmean": 4.910405159,
        "dmean2": 7.57926225662,
        "dvar": 44.8955230713,
        "dvar2": 99.0175018311,
        "max": 66,
        "mean": 17.3254413605,
        "median": 17,
        "min": 0,
        "var": 121.890792847
    },
    "spectral_decrease": {
        "dmean": 3.10969494599e-09,
        "dmean2": 4.38174074802e-09,
        "dvar": 3.86151203346e-17,
        "dvar2": 7.62100688935e-17,
        "max": -2.46255174181e-20,
        "mean": -6.47204068116e-09,
        "median": -4.4489878448e-09,
        "min": -7.25761353237e-08,
        "var": 6.2867526499e-17
    },
    "spectral_energy": {
        "dmean": 0.0126090971753,
        "dmean2": 0.0178088862449,
        "dvar": 0.000570972217247,
        "dvar2": 0.00112566840835,
        "max": 0.277306735516,
        "mean": 0.0266665406525,
        "median": 0.0186803434044,
        "min": 8.36962606426e-13,
        "var": 0.000958695251029
    },
    "spectral_energyband_high": {
        "dmean": 0.00143117562402,
        "dmean2": 0.00227502570488,
        "dvar": 7.6584829003e-06,
        "dvar2": 1.8792674382e-05,
        "max": 0.0511940643191,
        "mean": 0.00166438694578,
        "median": 0.000588291906752,
        "min": 6.55878075375e-13,
        "var": 8.23400932859e-06
    },
    "spectral_energyband_low": {
        "dmean": 0.00785076059401,
        "dmean2": 0.0110524995252,
        "dvar": 0.000525030074641,
        "dvar2": 0.00107473204844,
        "max": 0.260580658913,
        "mean": 0.010682137683,
        "median": 0.00262562278658,
        "min": 1.81781656107e-14,
        "var": 0.000687300926074
    },
    "spectral_energyband_middle_high": {
        "dmean": 0.00200337218121,
        "dmean2": 0.00305837462656,
        "dvar": 1.33151779664e-05,
        "dvar2": 2.91796714009e-05,
        "max": 0.0712756365538,
        "mean": 0.00441038003191,
        "median": 0.00284982589073,
        "min": 1.24733909182e-13,
        "var": 3.07088230329e-05
    },
    "spectral_energyband_middle_low": {
        "dmean": 0.00585814379156,
        "dmean2": 0.00971840787679,
        "dvar": 0.000135570124257,
        "dvar2": 0.000351383525413,
        "max": 0.123315580189,
        "mean": 0.010790948756,
        "median": 0.00804788246751,
        "min": 1.7996001011e-14,
        "var": 0.000135549111292
    },
    "spectral_entropy": {
        "dmean": 0.260768026114,
        "dmean2": 0.386425316334,
        "dvar": 0.0848821848631,
        "dvar2": 0.177997618914,
        "max": 9.15211296082,
        "mean": 7.6385307312,
        "median": 7.6651301384,
        "min": 4.89197397232,
        "var": 0.230940788984
    },
    "spectral_flux": {
        "dmean": 0.0362119749188,
        "dmean2": 0.0514602474868,
        "dvar": 0.00231917249039,
        "dvar2": 0.00400534644723,
        "max": 0.502722561359,
        "mean": 0.0849720910192,
        "median": 0.0601028949022,
        "min": 4.62058960693e-06,
        "var": 0.00559475086629
    },
    "spectral_kurtosis": {
        "dmean": 1.27594876289,
        "dmean2": 2.0581407547,
        "dvar": 3.44712638855,
        "dvar2": 8.43525218964,
        "max": 53.6065444946,
        "mean": 3.07232642174,
        "median": 2.61740231514,
        "min": -1.30923008919,
        "var": 5.16938114166
    },
    "spectral_rms": {
        "dmean": 0.00103828287683,
        "dmean2": 0.00139170873445,
        "dvar": 2.01589614335e-06,
        "dvar2": 3.71176452063e-06,
        "max": 0.0164481960237,
        "mean": 0.00447602616623,
        "median": 0.00426904298365,
        "min": 2.85753198881e-08,
        "var": 5.98129645368e-06
    },
    "spectral_rolloff": {
        "dmean": 1072.56408691,
        "dmean2": 1758.00439453,
        "dvar": 2853553.75,
        "dvar2": 6614090.5,
        "max": 16602.0996094,
        "mean": 2087.85595703,
        "median": 1184.32617188,
        "min": 86.1328125,
        "var": 5293050.5
    },
    "spectral_skewness": {
        "dmean": 0.23609675467,
        "dmean2": 0.367390006781,
        "dvar": 0.0751511752605,
        "dvar2": 0.172984302044,
        "max": 6.22216939926,
        "mean": 1.35579025745,
        "median": 1.31311202049,
        "min": -0.130789905787,
        "var": 0.173348873854
    },
    "spectral_spread": {
        "dmean": 791810.75,
        "dmean2": 1153898.375,
        "dvar": 803277176832,
        "dvar2": 1.60592009626e+12,
        "max": 21134660,
        "mean": 5578277,
        "median": 5291025,
        "min": 1096533.125,
        "var": 2.964488192e+12
    },
    "spectral_strongpeak": {
        "dmean": 0.44697278738,
        "dmean2": 0.738085389137,
        "dvar": 0.788519322872,
        "dvar2": 1.86911189556,
        "max": 16.8365821838,
        "mean": 0.884456932545,
        "median": 0.541205525398,
        "min": 0,
        "var": 1.34832417965
    },
    "zerocrossingrate": {
        "dmean": 0.0180010590702,
        "dmean2": 0.0210714899004,
        "dvar": 0.000363470375305,
        "dvar2": 0.000500965630636,
        "max": 0.65283203125,
        "mean": 0.0770490914583,
        "median": 0.064453125,
        "min": 0.0029296875,
        "var": 0.00247774017043
    },
    "barkbands": {
        "dmean": [9.84601210803e-05, 0.00493665691465, 0.00414985930547, 0.00176615884993, 0.00207240297459, 0.00145679991692, 0.000898583559319, 0.000622339430265, 0.000567353039514, 0.000384920771467, 0.000455030472949, 0.000433442473877, 0.000262613466475, 0.000278423452983, 0.000205834017834, 0.000199240428628, 0.00026408341364, 0.000232691701967, 0.000212890008697, 0.000232224527281, 0.000331809045747, 0.000283150875475, 0.000210859507206, 0.000228997465456, 0.000193752799532, 0.000143263096106, 3.46495289705e-05],
        "dmean2": [0.000144071571412, 0.00697034085169, 0.00687969475985, 0.00328160985373, 0.00348353502341, 0.00235373922624, 0.00133846909739, 0.000875681871548, 0.000916616641916, 0.000614433316514, 0.000748382415622, 0.000602079730015, 0.000418852025177, 0.000469221413368, 0.000349412934156, 0.000334253563778, 0.000418458250351, 0.000389678811189, 0.000338872312568, 0.00038102621329, 0.000531029887497, 0.000449196144473, 0.000338690908393, 0.000373352493625, 0.000323174230289, 0.00024396822846, 5.90663730691e-05],
        "dvar": [1.20730049957e-07, 0.000248794676736, 0.000193478612346, 3.58112265531e-05, 3.52477327397e-05, 1.57452668645e-05, 6.85761096975e-06, 1.01490877569e-06, 2.51832102549e-06, 9.73579176389e-07, 1.17115428111e-06, 2.22165613195e-06, 6.72591568218e-07, 5.48887214791e-07, 3.50841901309e-07, 1.76481535163e-07, 2.70743925057e-07, 1.95814649828e-07, 1.63316528301e-07, 2.12799321275e-07, 4.55926965515e-07, 3.801538071e-07, 1.62235991752e-07, 2.64193062094e-07, 2.48794862046e-07, 2.32810805301e-07, 1.57597757067e-08],
        "dvar2": [2.55517107917e-07, 0.000560814631172, 0.000493267783895, 0.000101993056887, 8.70937219588e-05, 3.91992070945e-05, 1.36585313157e-05, 1.99034616344e-06, 6.88573072694e-06, 2.44992043008e-06, 3.15993997901e-06, 3.42727184943e-06, 1.6972380763e-06, 1.50821813349e-06, 9.54365077632e-07, 4.71875523544e-07, 6.32451417459e-07, 5.16954798968e-07, 3.97067964286e-07, 5.52143944788e-07, 1.14423539799e-06, 9.27149187646e-07, 3.96971131522e-07, 6.70844144679e-07, 6.50988681627e-07, 6.32267415313e-07, 4.08599909463e-08],
        "max": [0.00541378976777, 0.192306548357, 0.152515888214, 0.0826819017529, 0.104541882873, 0.0856987833977, 0.0554384030402, 0.0230677518994, 0.0239835940301, 0.0164604522288, 0.0143675487489, 0.0603931061924, 0.0108506707475, 0.0110407965258, 0.00804875232279, 0.00488301366568, 0.0112829525024, 0.00443352106959, 0.00465644150972, 0.00486995419487, 0.00872403010726, 0.0160575006157, 0.00547452550381, 0.0071667432785, 0.0131998937577, 0.0119637846947, 0.00235421629623],
        "mean": [0.000113056463306, 0.00639303727075, 0.00346973212436, 0.00127439422067, 0.00240288628265, 0.00273402850144, 0.00162467011251, 0.0014829748543, 0.000926830107346, 0.000546965224203, 0.000635871430859, 0.00093352975091, 0.000367152621038, 0.000392106390791, 0.000251635123277, 0.000266114162514, 0.00042050491902, 0.000312420423143, 0.000289795658318, 0.000310403382173, 0.000407052633818, 0.000320904597174, 0.00023430174042, 0.000226625925279, 0.000178722111741, 0.000123963545775, 2.69239662885e-05],
        "median": [6.05867444392e-06, 0.00132205802947, 0.000226113101235, 0.000110069988295, 0.000866033020429, 0.00176033459138, 0.000752177205868, 0.000794693245552, 0.000268081726972, 0.000182266085176, 0.000298140570521, 0.00024439470144, 6.18595076958e-05, 9.16099525057e-05, 7.34967761673e-05, 0.000118613592349, 0.000173256863491, 0.000155716828885, 0.000119037402328, 0.000121414435853, 0.000139220050187, 9.58224700298e-05, 6.96371425875e-05, 5.32936537638e-05, 2.96265097859e-05, 1.34092560984e-05, 7.81681592343e-07],
        "min": [2.07194880692e-14, 5.21423572044e-15, 7.315227466e-16, 1.26795101497e-16, 2.7619072021e-15, 3.54993435194e-15, 3.21009245153e-15, 4.83589913719e-15, 3.28090017075e-15, 2.07452302475e-15, 9.86631430852e-15, 3.91023103924e-15, 2.6209242855e-15, 9.93983338021e-15, 6.1049196636e-15, 1.03806937005e-14, 2.38294322154e-14, 1.42889206598e-14, 3.27871275052e-14, 1.82874481075e-14, 4.83050353732e-14, 3.75804056385e-14, 5.30386180125e-14, 7.1689175592e-14, 1.17636789524e-13, 1.37153458621e-13, 1.83794833194e-13],
        "var": [1.78945469997e-07, 0.000277220882708, 0.000148468621774, 2.13437597267e-05, 3.17644189636e-05, 1.84612690646e-05, 1.1125376659e-05, 4.65677067041e-06, 3.61300544682e-06, 1.30326930048e-06, 1.18076741273e-06, 1.00489914985e-05, 8.07155288385e-07, 5.45447733202e-07, 2.99801257597e-07, 1.83457942171e-07, 4.77945604871e-07, 2.12633096908e-07, 2.16069338421e-07, 2.70324591156e-07, 5.004313266e-07, 4.01560498631e-07, 1.8174074512e-07, 2.48575645401e-07, 2.05364429462e-07, 1.61260430787e-07, 1.22814638459e-08]
    },
    "erbbands": {
        "dmean": [0.0870684981346, 1.33642017841, 4.61420249939, 5.35130167007, 6.18727254868, 7.54131555557, 8.80722904205, 12.4617710114, 16.3369293213, 13.0942058563, 11.3066473007, 12.0317144394, 14.9124097824, 12.1452760696, 16.6612606049, 20.5673980713, 12.1128425598, 13.8989839554, 12.843419075, 9.88085079193, 10.1596660614, 13.6024932861, 12.7211961746, 12.3022985458, 10.4034309387, 10.7210636139, 13.4812469482, 11.8627490997, 10.0449762344, 7.90953016281, 6.30658817291, 4.7690448761, 3.83342123032, 2.21344351768, 1.43220281601, 0.691511452198, 0.256317824125, 0.0621594600379, 0.00529090687633, 9.28737645154e-05],
        "dmean2": [0.118264779449, 1.94106817245, 7.48609876633, 9.48868751526, 11.0276317596, 12.6044950485, 13.9260082245, 20.327287674, 24.6880512238, 19.4785060883, 15.45079422, 19.8475952148, 24.2453727722, 20.0797023773, 26.742565155, 28.070268631, 19.0846004486, 23.0569458008, 22.2803077698, 16.4562931061, 16.7960281372, 21.8893222809, 20.9134502411, 20.431728363, 16.2110824585, 17.6095161438, 21.9846038818, 19.080286026, 15.9791994095, 12.5498991013, 10.1828231812, 7.7859749794, 6.30699872971, 3.70608019829, 2.39920330048, 1.18005776405, 0.43750795722, 0.104375258088, 0.00911506917328, 0.000153876651893],
        "dvar": [0.0708598941565, 20.0343780518, 245.597961426, 325.3125, 297.040100098, 619.593933105, 908.633544922, 1362.7512207, 2514.55444336, 497.908966064, 384.341888428, 1291.48608398, 1649.64501953, 1088.33410645, 1493.7767334, 5853.51611328, 1260.46472168, 1164, 1872.92749023, 529.352722168, 367.783935547, 789.061706543, 536.499023438, 705.850280762, 372.210540771, 457.714355469, 826.250549316, 702.516601562, 563.183654785, 245.270294189, 147.59487915, 99.2186584473, 100.619819641, 27.7690010071, 18.0677089691, 5.32159805298, 0.740308403969, 0.0385255329311, 0.000394241971662, 7.95808361431e-08],
        "dvar2": [0.125716134906, 47.3968658447, 614.677185059, 900.059814453, 829.165100098, 1469.4777832, 2186.83129883, 3506.03076172, 5292.06933594, 1128.00244141, 659.839477539, 3638.88476562, 4285.89208984, 2984.7644043, 3926.3125, 8867.85449219, 3231.54223633, 3136.11791992, 5276.4296875, 1364.56982422, 983.05670166, 1894.35070801, 1375.57531738, 1885.24157715, 845.363586426, 1192.57519531, 2116.39746094, 1789.16748047, 1387.98449707, 592.453430176, 365.591552734, 254.956069946, 254.760101318, 71.8893661499, 48.0140647888, 14.471821785, 2.01479482651, 0.0983598902822, 0.00103708007373, 2.08100061627e-07],
        "max": [3.61608052254, 52.5516395569, 174.155395508, 268.507202148, 178.320663452, 436.921173096, 941.461364746, 919.734558105, 1057.70947266, 421.176025391, 466.632659912, 510.527770996, 581.665893555, 529.694213867, 650.901977539, 3119.53637695, 471.399658203, 594.850891113, 545.998901367, 313.035552979, 224.376602173, 592.016540527, 255.272415161, 314.927124023, 377.122283936, 247.166946411, 321.975097656, 408.958770752, 648.643981934, 364.237854004, 137.703186035, 134.029052734, 201.712341309, 114.41179657, 104.937454224, 53.6137886047, 20.507396698, 2.86086678505, 0.362134248018, 0.00490502826869],
        "mean": [0.120841614902, 1.64829218388, 4.33505868912, 4.13843345642, 5.59247207642, 8.51268005371, 13.6698007584, 22.7047576904, 27.8084526062, 29.8182964325, 29.3872032166, 19.0974216461, 20.7517204285, 16.0576610565, 26.1927185059, 45.4604530334, 19.0491847992, 20.3420963287, 15.9739847183, 13.7987699509, 16.2249584198, 21.353187561, 18.4804058075, 15.7822380066, 15.1391477585, 14.652425766, 16.2240695953, 14.2132167816, 11.4614715576, 9.06578731537, 6.92735815048, 4.86428403854, 3.63978266716, 2.0346455574, 1.32136535645, 0.601625859737, 0.219865515828, 0.0522579960525, 0.00404848204926, 9.78152238531e-05],
        "median": [0.0171714946628, 0.311249732971, 0.516786456108, 0.482110321522, 1.21275758743, 2.79386615753, 7.563185215, 12.7503490448, 11.8273887634, 16.4962806702, 12.2638711929, 7.45380735397, 6.60370445251, 8.25706577301, 12.1180534363, 11.3004493713, 5.00856018066, 5.59785079956, 4.06202411652, 6.45037221909, 8.46919059753, 9.93801879883, 9.88251876831, 6.94801330566, 5.86256599426, 5.97533416748, 5.68823051453, 4.74026012421, 3.5294919014, 2.59997224808, 2.08088254929, 1.348487854, 0.722593665123, 0.346420288086, 0.208248496056, 0.0726991295815, 0.0225341599435, 0.00396592076868, 0.000163339384017, 3.41035774909e-05],
        "min": [4.41213851479e-13, 3.50913715403e-13, 7.93873213695e-13, 7.36721176686e-13, 1.79813640106e-12, 1.10238398271e-11, 1.63781540413e-11, 3.63400906589e-11, 5.91595869515e-11, 4.52855253297e-11, 1.07154958517e-10, 7.36090424724e-11, 5.80071338185e-11, 2.07459868728e-10, 3.62143010024e-10, 1.30839408752e-10, 1.22120522028e-10, 5.7598342762e-10, 2.95663465932e-10, 3.7744316006e-10, 7.671570601e-10, 1.25443455623e-09, 8.34117719339e-10, 1.31901045641e-09, 1.56879664814e-09, 8.30881141667e-10, 1.81773929242e-09, 1.69378089332e-09, 1.40979761198e-09, 1.28173704983e-09, 1.69386071835e-09, 1.85493309601e-09, 8.77774852803e-10, 1.17218290629e-09, 9.11152764349e-10, 4.44441067282e-10, 2.78293749156e-10, 1.23533544505e-10, 2.54248965631e-11, 2.39953933459e-12],
        "var": [0.108261823654, 19.7297859192, 199.835250854, 209.056091309, 200.23777771, 572.48425293, 903.361816406, 1553.11328125, 3741.21020508, 1571.03881836, 2155.19287109, 1318.67944336, 1978.83898926, 912.584289551, 1808.54211426, 26521.09375, 1573.88012695, 1267.88952637, 1418.50427246, 534.773986816, 484.415924072, 1204.45837402, 677.293823242, 702.674072266, 623.706787109, 598.779846191, 848.862854004, 712.933288574, 573.866210938, 278.497436523, 159.292404175, 93.5569915771, 91.5595016479, 23.8436908722, 14.1181459427, 3.70285272598, 0.511133015156, 0.0310416650027, 0.000293680117466, 6.25012717137e-08]
    },
    "gfcc": {
        "mean": [-17.9197940826, 62.6426696777, -109.139007568, 29.8740596771, -73.6963577271, 4.50234603882, -40.2958641052, 9.44541454315, -20.7293052673, 9.87113380432, -10.2077522278, 9.95561122894, -11.2779960632],
        "cov": [[22150.1171875, 590.441772461, -1119.38256836, 53.2086830139, 320.659088135, 870.55090332, 374.855072021, 457.583984375, -209.257751465, -0.380222827196, -326.66973877, 192.60218811, -155.492080688], [590.441772461, 1761.55090332, -56.5928268433, 250.160629272, 298.362335205, 199.525604248, 214.601501465, -36.2655334473, 166.168273926, 1.33013677597, 173.168228149, -47.3985366821, 103.836456299], [-1119.38256836, -56.5928268433, 1210.61437988, 353.497894287, 153.257293701, 56.3903160095, 60.8622932434, 66.6006164551, 11.8482170105, -5.30927991867, -81.0719070435, -62.7981185913, -79.7402267456], [53.2086830139, 250.160629272, 353.497894287, 560.081787109, 135.625747681, 109.056564331, 93.2192382812, 50.9335632324, 33.673664093, 2.81250047684, 15.6771154404, -58.7663345337, 5.3744187355], [320.659088135, 298.362335205, 153.257293701, 135.625747681, 507.756561279, 224.580596924, 190.734817505, 95.354927063, 50.5671348572, 0.0638092383742, -27.6173934937, -11.6662635803, -20.58842659], [870.55090332, 199.525604248, 56.3903160095, 109.056564331, 224.580596924, 316.119628906, 156.216140747, 68.0336914062, -1.00558245182, -6.58344745636, -25.4783763885, -6.68676233292, -18.935842514], [374.855072021, 214.601501465, 60.8622932434, 93.2192382812, 190.734817505, 156.216140747, 255.09223938, 91.2529220581, 47.7584037781, -13.5617427826, -3.92250108719, 23.0814342499, 10.488863945], [457.583984375, -36.2655334473, 66.6006164551, 50.9335632324, 95.354927063, 68.0336914062, 91.2529220581, 163.439315796, 54.0766410828, 22.5198764801, -26.3487262726, 26.7432842255, -10.2170248032], [-209.257751465, 166.168273926, 11.8482170105, 33.673664093, 50.5671348572, -1.00558245182, 47.7584037781, 54.0766410828, 180.649307251, 101.112312317, 82.966178894, 18.3690547943, 31.0280609131], [-0.380222827196, 1.33013677597, -5.30927991867, 2.81250047684, 0.0638092383742, -6.58344745636, -13.5617427826, 22.5198764801, 101.112312317, 159.376724243, 85.7055053711, 30.1713733673, 15.0895881653], [-326.66973877, 173.168228149, -81.0719070435, 15.6771154404, -27.6173934937, -25.4783763885, -3.92250108719, -26.3487262726, 82.966178894, 85.7055053711, 170.994476318, 56.5534896851, 57.5192527771], [192.60218811, -47.3985366821, -62.7981185913, -58.7663345337, -11.6662635803, -6.68676233292, 23.0814342499, 26.7432842255, 18.3690547943, 30.1713733673, 56.5534896851, 121.665008545, 49.2751350403], [-155.492080688, 103.836456299, -79.7402267456, 5.3744187355, -20.58842659, -18.935842514, 10.488863945, -10.2170248032, 31.0280609131, 15.0895881653, 57.5192527771, 49.2751350403, 97.761138916]],
        "icov": [[6.83173493599e-05, -7.05110796844e-05, 9.69837419689e-05, -6.17662444711e-05, 6.87136198394e-05, -0.000152753011207, 4.02885198127e-05, -0.000144277815707, 0.00012688888819, -0.000168665355886, 0.000267874012934, -0.000275365891866, 0.000198485518922], [-7.05110796844e-05, 0.00108808733057, -2.27571872529e-05, -7.48674356146e-05, -0.000432498782175, -0.000217535562115, -0.000450573745184, 0.000743048614822, -0.000959222845268, 0.0010472064605, -0.00139558862429, 0.00128420186229, -0.000972885231022], [9.69837419689e-05, -2.27571872529e-05, 0.00129505316727, -0.00090281618759, -0.000117942443467, 3.60687154171e-05, 1.62604974321e-05, -3.7127010728e-05, -0.000119066098705, -0.000350585120032, 0.00097978732083, -0.000752911553718, 0.00115583557636], [-6.17662444711e-05, -7.48674356146e-05, -0.00090281618759, 0.00293015898205, -0.000120133685414, -0.000331933260895, -0.000342654646374, -0.00100536702666, 0.00060403282987, 0.000200762951863, -0.00167132099159, 0.00255951052532, -0.00160354049876], [6.87136198394e-05, -0.000432498782175, -0.000117942443467, -0.000120133685414, 0.00360280275345, -0.00166207028087, -0.0010595023632, -0.000538390770089, -0.000436625850853, -0.000340388069162, 0.00101992115378, -0.000471212813864, 0.000801831483841], [-0.000152753011207, -0.000217535562115, 3.60687154171e-05, -0.000331933260895, -0.00166207028087, 0.00633563892916, -0.00248648691922, -0.000417076575104, 0.00198352639563, -0.00119659712072, -0.000215674052015, 0.000670657667797, 0.000480114569655], [4.02885198127e-05, -0.000450573745184, 1.62604974321e-05, -0.000342654646374, -0.0010595023632, -0.00248648691922, 0.00819880701602, -0.00236253882758, -0.00188869598787, 0.0023700541351, 0.000321533472743, -0.00205050781369, -0.000178584901732], [-0.000144277815707, 0.000743048614822, -3.7127010728e-05, -0.00100536702666, -0.000538390770089, -0.000417076575104, -0.00236253882758, 0.0118979867548, -0.00500414054841, -0.000282787543256, 0.00401570694521, -0.00389350694604, 0.00154071184807], [0.00012688888819, -0.000959222845268, -0.000119066098705, 0.00060403282987, -0.000436625850853, 0.00198352639563, -0.00188869598787, -0.00500414054841, 0.0139322178438, -0.00693321134895, -0.00310933752917, 0.00305160926655, -0.00199820823036], [-0.000168665355886, 0.0010472064605, -0.000350585120032, 0.000200762951863, -0.000340388069162, -0.00119659712072, 0.0023700541351, -0.000282787543256, -0.00693321134895, 0.0138293486089, -0.00573494518176, -0.000110374297947, 0.00123095221352], [0.000267874012934, -0.00139558862429, 0.00097978732083, -0.00167132099159, 0.00101992115378, -0.000215674052015, 0.000321533472743, 0.00401570694521, -0.00310933752917, -0.00573494518176, 0.0161997359246, -0.00756831048056, -0.000486959761474], [-0.000275365891866, 0.00128420186229, -0.000752911553718, 0.00255951052532, -0.000471212813864, 0.000670657667797, -0.00205050781369, -0.00389350694604, 0.00305160926655, -0.000110374297947, -0.00756831048056, 0.0175972916186, -0.00808130390942], [0.000198485518922, -0.000972885231022, 0.00115583557636, -0.00160354049876, 0.000801831483841, 0.000480114569655, -0.000178584901732, 0.00154071184807, -0.00199820823036, 0.00123095221352, -0.000486959761474, -0.00808130390942, 0.0178550072014]]
    },
    "melbands": {
        "dmean": [0.00106368714478, 0.0021117425058, 0.000926824577618, 0.00049208139535, 0.000306420872221, 0.000291031814413, 0.000225547730224, 0.000142347256769, 9.37396034715e-05, 7.94707448222e-05, 7.32592743589e-05, 4.58853101009e-05, 5.72901553824e-05, 5.1584069297e-05, 3.78129770979e-05, 2.60405413428e-05, 2.73592595477e-05, 2.20310885197e-05, 1.3444076103e-05, 1.57578688231e-05, 1.20076001622e-05, 1.41511809488e-05, 1.49923334902e-05, 1.14238264359e-05, 1.03386109913e-05, 7.65116055845e-06, 8.22661331767e-06, 7.04926515027e-06, 8.52106495586e-06, 8.6793288574e-06, 6.26088740319e-06, 5.74433806833e-06, 5.63497133044e-06, 3.86965166399e-06, 3.68608402823e-06, 3.60201988769e-06, 2.68208646048e-06, 2.78244897345e-06, 2.30229898079e-06, 1.76958360498e-06],
        "dmean2": [0.00143610930536, 0.00321140442975, 0.00161562126596, 0.000845105794724, 0.000486190197989, 0.000472321757115, 0.000340838974807, 0.000209683057619, 0.000127550563775, 0.000132898552692, 0.000119364238344, 7.60550829e-05, 9.41711550695e-05, 7.25673089619e-05, 5.48430070921e-05, 4.15629001509e-05, 4.57259375253e-05, 3.84147570003e-05, 2.24643317779e-05, 2.63517104031e-05, 1.97842673515e-05, 2.27356867981e-05, 2.40972749452e-05, 1.9297865947e-05, 1.73773059942e-05, 1.19279338833e-05, 1.31698952828e-05, 1.18118678074e-05, 1.42560902532e-05, 1.39696612678e-05, 1.01855939647e-05, 9.21382343222e-06, 9.00065424503e-06, 6.24061431154e-06, 5.95794608671e-06, 5.94758876105e-06, 4.38655570179e-06, 4.60384444523e-06, 3.82847565561e-06, 2.99206271848e-06],
        "dvar": [1.03373631646e-05, 4.94669366162e-05, 8.74650504556e-06, 2.09040422305e-06, 9.89981685962e-07, 6.58674480292e-07, 4.44129881316e-07, 5.82672434746e-08, 2.89623400818e-08, 6.27014387078e-08, 4.0352563957e-08, 1.60466395727e-08, 1.91280165041e-08, 2.50440006511e-08, 1.10750431048e-08, 7.37256922179e-09, 4.64655691701e-09, 5.9048885781e-09, 1.18430498741e-09, 1.2345879874e-09, 5.1448018068e-10, 7.86180232026e-10, 8.76012484774e-10, 5.08341480021e-10, 5.54463530644e-10, 2.27889415672e-10, 2.72924183253e-10, 2.13194920051e-10, 4.04191541348e-10, 3.1114791299e-10, 2.06923728152e-10, 1.82610482291e-10, 1.78024789355e-10, 5.64927375712e-11, 5.45983813716e-11, 5.56554351216e-11, 3.31904746742e-11, 6.13208858691e-11, 3.44992506784e-11, 2.0366926895e-11],
        "dvar2": [2.06622462429e-05, 0.000118807780382, 2.38745833485e-05, 5.21234460393e-06, 2.42546593654e-06, 1.68492510966e-06, 9.36215826641e-07, 1.29796845272e-07, 4.91899250221e-08, 1.77884217578e-07, 1.0488112423e-07, 4.39797247509e-08, 5.14318223566e-08, 3.89774115206e-08, 2.03199430615e-08, 1.7594897983e-08, 1.25308510235e-08, 1.67104268201e-08, 3.08734393606e-09, 3.28861693433e-09, 1.34941946506e-09, 1.93751947819e-09, 2.06828221216e-09, 1.35575406457e-09, 1.49671253169e-09, 5.04161989934e-10, 6.60816845688e-10, 5.72162761614e-10, 1.07702380348e-09, 7.63292762329e-10, 5.28556698409e-10, 4.56860993481e-10, 4.31694124892e-10, 1.36886529889e-10, 1.34410232944e-10, 1.42689415839e-10, 8.59412263576e-11, 1.55589444106e-10, 8.88563528312e-11, 5.33916730272e-11],
        "max": [0.0410320088267, 0.0760511159897, 0.0430351011455, 0.0220276918262, 0.0298000909388, 0.0189330130816, 0.0140203740448, 0.00519940536469, 0.00353201874532, 0.00369866425171, 0.00287362025119, 0.00203114841133, 0.0019192956388, 0.00619715591893, 0.00389500847086, 0.00148613483179, 0.00120375177357, 0.00100975227542, 0.000502633338328, 0.000440614763647, 0.000270759337582, 0.000489669968374, 0.000595994584728, 0.00022423354676, 0.000287105707685, 0.000272188015515, 0.000250961835263, 0.000203120158403, 0.000249273842201, 0.000307512207655, 0.000225419789786, 0.000286732829409, 0.000435956200818, 0.000138779287226, 8.90469091246e-05, 7.6343298133e-05, 7.65244985814e-05, 0.00017402524827, 0.000104755112261, 0.000123854944832],
        "mean": [0.00146727834363, 0.00233218842186, 0.000770030543208, 0.000501882168464, 0.000456282519735, 0.00054316612659, 0.000395762879634, 0.000322418782162, 0.000239568966208, 0.000114207490697, 0.000100106663012, 5.81730164413e-05, 8.10931669548e-05, 0.000108696134703, 7.56781882956e-05, 3.49030888174e-05, 3.93084301322e-05, 2.67564009846e-05, 1.73340577021e-05, 2.10459511436e-05, 1.8680400899e-05, 2.21503269131e-05, 2.08582259802e-05, 1.48096132762e-05, 1.23762365547e-05, 1.05934141175e-05, 1.10520632006e-05, 9.18062596611e-06, 9.54912320594e-06, 1.04539749373e-05, 7.27582255422e-06, 6.37172433926e-06, 6.25685606792e-06, 4.38821643911e-06, 4.09052927353e-06, 3.53855489266e-06, 2.72165175375e-06, 2.59711282524e-06, 2.1381820261e-06, 1.58491604907e-06],
        "median": [0.000275856174994, 0.000376128969947, 0.000123390127555, 0.000146859543747, 0.000246408104431, 0.000317532045301, 0.000184644450201, 0.000178331130883, 7.9905927123e-05, 4.27887716796e-05, 2.90981624858e-05, 2.77004146483e-05, 3.8407430111e-05, 3.2103038393e-05, 1.89606107597e-05, 5.9355461417e-06, 9.95927621261e-06, 5.3321859923e-06, 5.670966857e-06, 9.62119884207e-06, 9.01922794583e-06, 9.87635394267e-06, 8.87701389729e-06, 7.226723028e-06, 4.90181992063e-06, 4.0566401367e-06, 3.73430134459e-06, 3.3842547964e-06, 3.01355066767e-06, 3.17731246469e-06, 2.23131746679e-06, 1.86932027191e-06, 1.52605639414e-06, 1.27578812226e-06, 1.18431887586e-06, 8.87736291588e-07, 6.95013113727e-07, 4.88929686071e-07, 3.68873458001e-07, 2.35564471041e-07],
        "min": [4.10738727508e-15, 3.96836312217e-16, 1.3365360668e-16, 4.10178881081e-16, 6.1010904394e-16, 8.21457634445e-16, 8.43249198139e-16, 6.45180390182e-16, 7.98643119648e-16, 4.74858846329e-16, 2.77418510349e-16, 7.40941276517e-16, 1.37099789343e-15, 5.2502199035e-16, 1.68519653311e-16, 5.33527259932e-16, 1.08292579971e-15, 3.80832577591e-16, 4.88089712724e-16, 6.58374251824e-16, 9.77441081022e-16, 1.38600551731e-15, 1.04057383471e-15, 6.15066886599e-16, 1.10792142435e-15, 1.21719640372e-15, 8.45503735147e-16, 4.95408447965e-16, 1.03064819676e-15, 1.019056445e-15, 9.74623320044e-16, 7.55600187521e-16, 8.6137813843e-16, 6.84002715951e-16, 9.75140751296e-16, 1.02010062486e-15, 1.23870902888e-15, 6.51795611621e-16, 5.48965917703e-16, 1.11418883288e-15],
        "var": [1.39072753882e-05, 4.57013011328e-05, 5.87734621149e-06, 1.77943672952e-06, 9.52237996898e-07, 7.72788098402e-07, 6.64021456487e-07, 2.02796911708e-07, 1.71064385768e-07, 5.51162422369e-08, 4.84827573644e-08, 1.32695312516e-08, 1.94416696075e-08, 1.14721338207e-07, 4.13118002029e-08, 8.93040752459e-09, 5.13311970707e-09, 4.43867875788e-09, 1.18767118362e-09, 1.24449217598e-09, 7.8049827712e-10, 1.23264520813e-09, 1.29823596318e-09, 5.11071407416e-10, 5.20041509855e-10, 3.69424046909e-10, 3.97026161947e-10, 2.76078632178e-10, 3.50802581428e-10, 3.7409578213e-10, 2.02477659639e-10, 1.83075735127e-10, 1.85675017028e-10, 6.56964899148e-11, 6.10827707859e-11, 5.13641872091e-11, 3.1159037156e-11, 5.5082195749e-11, 3.07157424495e-11, 1.68252790173e-11]
    },
    "mfcc": {
        "mean": [-656.491577148, 94.6375732422, 10.6933174133, 22.2712593079, -8.03755760193, -2.936804533, -9.44773101807, -0.582957148552, -5.44597673416, -3.86858773232, -0.887696862221, 8.97383308411, 5.96354866028],
        "cov": [[13298.8525391, 906.909362793, -532.115966797, -97.1882858276, 151.392288208, 466.142089844, 490.084747314, 536.784423828, 277.136505127, 6.90535163879, -44.0016174316, -162.478866577, -277.567687988], [906.909362793, 1458.75292969, -28.8338623047, 133.602600098, 161.160873413, 249.679443359, 126.915733337, 131.472213745, 69.2591400146, 67.7359771729, 36.210319519, 72.6146011353, 46.3707084656], [-532.115966797, -28.8338623047, 915.893005371, 331.046783447, 118.649505615, 57.6169548035, 43.723815918, 12.2330989838, 23.2235374451, 28.8961467743, 26.5458507538, 20.8911056519, 5.70790052414], [-97.1882858276, 133.602600098, 331.046783447, 461.094116211, 159.835281372, 85.834777832, 78.7751922607, 54.949546814, 60.4019088745, 54.5586509705, 15.4281892776, 52.1520690918, 42.3584861755], [151.392288208, 161.160873413, 118.649505615, 159.835281372, 302.740478516, 146.95451355, 112.429344177, 76.4183273315, 73.7680511475, 83.7376480103, 47.65102005, 3.85107731819, -0.541576325893], [466.142089844, 249.679443359, 57.6169548035, 85.834777832, 146.95451355, 269.774169922, 160.548431396, 98.9726333618, 70.7704620361, 67.4366378784, 41.2683296204, 8.04829120636, -13.0701599121], [490.084747314, 126.915733337, 43.723815918, 78.7751922607, 112.429344177, 160.548431396, 227.973464966, 160.171127319, 98.0597305298, 33.2408714294, 0.29195407033, -13.2163515091, -29.987569809], [536.784423828, 131.472213745, 12.2330989838, 54.949546814, 76.4183273315, 98.9726333618, 160.171127319, 240.957199097, 128.327041626, 24.5544605255, -1.43028366566, -1.43259572983, -13.2395687103], [277.136505127, 69.2591400146, 23.2235374451, 60.4019088745, 73.7680511475, 70.7704620361, 98.0597305298, 128.327041626, 163.045623779, 59.7138404846, 10.3611021042, 11.0997915268, -8.25098133087], [6.90535163879, 67.7359771729, 28.8961467743, 54.5586509705, 83.7376480103, 67.4366378784, 33.2408714294, 24.5544605255, 59.7138404846, 132.990615845, 74.2485427856, 19.7428951263, 5.83317470551], [-44.0016174316, 36.210319519, 26.5458507538, 15.4281892776, 47.65102005, 41.2683296204, 0.29195407033, -1.43028366566, 10.3611021042, 74.2485427856, 121.102622986, 37.731628418, 13.9889993668], [-162.478866577, 72.6146011353, 20.8911056519, 52.1520690918, 3.85107731819, 8.04829120636, -13.2163515091, -1.43259572983, 11.0997915268, 19.7428951263, 37.731628418, 121.555755615, 78.7698135376], [-277.567687988, 46.3707084656, 5.70790052414, 42.3584861755, -0.541576325893, -13.0701599121, -29.987569809, -13.2395687103, -8.25098133087, 5.83317470551, 13.9889993668, 78.7698135376, 121.877761841]],
