{
"lowlevel": {
    "average_loudness": 0.907112121582,
    "barkbands_crest": {
        "dmean": 2.49854326248,
        "dmean2": 4.01499891281,
        "dvar": 8.42350673676,
        "dvar2": 21.5483264923,
        "max": 25.8244781494,
        "mean": 13.7732992172,
        "median": 13.4063606262,
        "min": 2.89268350601,
        "var": 23.4708995819
    },
    "barkbands_flatness_db": {
        "dmean": 0.0322285071015,
        "dmean2": 0.0459057725966,
        "dvar": 0.00116400769912,
        "dvar2": 0.00252124480903,
        "max": 0.677729308605,
        "mean": 0.203901186585,
        "median": 0.195857822895,
        "min": 0.0274566709995,
        "var": 0.00630303286016
    },
    "barkbands_kurtosis": {
        "dmean": 4.77321767807,
        "dmean2": 7.77212953568,
        "dvar": 121.882972717,
        "dvar2": 323.393585205,
        "max": 240.969314575,
        "mean": 7.71722126007,
        "median": 4.10752105713,
        "min": -1.760160923,
        "var": 173.865585327
    },
    "barkbands_skewness": {
        "dmean": 0.630793631077,
        "dmean2": 0.985280096531,
        "dvar": 0.748134851456,
        "dvar2": 1.86345016956,
        "max": 14.3448190689,
        "mean": 1.95413136482,
        "median": 1.74368023872,
        "min": -3.78283810616,
        "var": 2.11791110039
    },
    "barkbands_spread": {
        "dmean": 4.92249584198,
        "dmean2": 8.01720905304,
        "dvar": 63.9581108093,
        "dvar2": 165.368591309,
        "max": 80.5264816284,
        "mean": 13.416138649,
        "median": 11.3262357712,
        "min": 0.168053820729,
        "var": 99.1517562866
    },
    "dissonance": {
        "dmean": 0.0270693190396,
        "dmean2": 0.0442304238677,
        "dvar": 0.000699607480783,
        "dvar2": 0.00178499799222,
        "max": 0.499988019466,
        "mean": 0.43185338378,
        "median": 0.440079212189,
        "min": 0.110091842711,
        "var": 0.00211283145472
    },
    "dynamic_complexity": 3.07890987396,
    "erbbands_crest": {
        "dmean": 2.45228409767,
        "dmean2": 3.62663054466,
        "dvar": 6.46358823776,
        "dvar2": 13.0396051407,
        "max": 31.4924926758,
        "mean": 11.3319129944,
        "median": 10.0424528122,
        "min": 2.51508045197,
        "var": 30.9308319092
    },
    "erbbands_flatness_db": {
        "dmean": 0.0252071823925,
        "dmean2": 0.0331135205925,
        "dvar": 0.000712701817974,
        "dvar2": 0.00127806456294,
        "max": 0.577583551407,
        "mean": 0.192517086864,
        "median": 0.178865045309,
        "min": 0.0587911494076,
        "var": 0.00539733003825
    },
    "erbbands_kurtosis": {
        "dmean": 1.42199337482,
        "dmean2": 2.15090751648,
        "dvar": 4.36592197418,
        "dvar2": 9.54049777985,
        "max": 38.3282012939,
        "mean": 1.81926357746,
        "median": 0.613539934158,
        "min": -1.79134750366,
        "var": 14.2917146683
    },
    "erbbands_skewness": {
        "dmean": 0.415605992079,
        "dmean2": 0.627137720585,
        "dvar": 0.180498346686,
        "dvar2": 0.419729650021,
        "max": 5.05724000931,
        "mean": 0.718043267727,
        "median": 0.66211938858,
        "min": -2.37046337128,
        "var": 0.72507160902
    },
    "erbbands_spread": {
        "dmean": 8.53878974915,
        "dmean2": 12.3597755432,
        "dvar": 108.775520325,
        "dvar2": 227.275588989,
        "max": 117.531288147,
        "mean": 30.5177631378,
        "median": 27.2461929321,
        "min": 0.780993580818,
        "var": 362.433410645
    },
    "hfc": {
        "dmean": 8.71865558624,
        "dmean2": 13.8037214279,
        "dvar": 375.252288818,
        "dvar2": 978.614807129,
        "max": 218.373336792,
        "mean": 18.1748390198,
        "median": 14.0894050598,
        "min": 1.17650705852e-16,
        "var": 397.35244751
    },
    "melbands_crest": {
        "dmean": 2.59481739998,
        "dmean2": 4.1834526062,
        "dvar": 8.48715782166,
        "dvar2": 20.8287410736,
        "max": 32.4437065125,
        "mean": 16.9586696625,
        "median": 16.7142829895,
        "min": 1.76692736149,
        "var": 29.6512546539
    },
    "melbands_flatness_db": {
        "dmean": 0.0375087559223,
        "dmean2": 0.0537108965218,
        "dvar": 0.00167561508715,
        "dvar2": 0.00369255919941,
        "max": 0.824429214001,
        "mean": 0.279437959194,
        "median": 0.27221813798,
        "min": 0.00621431740001,
        "var": 0.00882851146162
    },
    "melbands_kurtosis": {
        "dmean": 9.3845615387,
        "dmean2": 15.0227470398,
        "dvar": 561.944152832,
        "dvar2": 1448.7911377,
        "max": 469.142425537,
        "mean": 16.4697856903,
        "median": 8.74862098694,
        "min": -1.69744610786,
        "var": 771.62713623
    },
    "melbands_skewness": {
        "dmean": 0.774144887924,
        "dmean2": 1.16422140598,
        "dvar": 1.07851660252,
        "dvar2": 2.51430439949,
        "max": 15.5947608948,
        "mean": 2.70130872726,
        "median": 2.39848017693,
        "min": -1.42460691929,
        "var": 3.63428854942
    },
    "melbands_spread": {
        "dmean": 4.23150873184,
        "dmean2": 6.97737693787,
        "dvar": 46.2311782837,
        "dvar2": 120.737480164,
        "max": 147.798233032,
        "mean": 13.683634758,
        "median": 11.1702318192,
        "min": 0.361134618521,
        "var": 181.839813232
    },
    "pitch_salience": {
        "dmean": 0.0688807293773,
        "dmean2": 0.11036516726,
        "dvar": 0.00663025118411,
        "dvar2": 0.0170789118856,
        "max": 0.834106445312,
        "mean": 0.46106928587,
        "median": 0.452150404453,
        "min": 0.057661049068,
        "var": 0.0182758625597
    },
    "silence_rate_20dB": {
        "dmean": 0,
        "dmean2": 0,
        "dvar": 0,
        "dvar2": 0,
        "max": 1,
        "mean": 1,
        "median": 1,
        "min": 1,
        "var": 0
    },
    "silence_rate_30dB": {
        "dmean": 0.0449077785015,
        "dmean2": 0.089824564755,
        "dvar": 0.0428892448545,
        "dvar2": 0.0937795564532,
        "max": 1,
        "mean": 0.944873213768,
        "median": 1,
        "min": 0,
        "var": 0.0520939081907
    },
    "silence_rate_60dB": {
        "dmean": 0.00902165193111,
        "dmean2": 0.0180451124907,
        "dvar": 0.0089405067265,
        "dvar2": 0.0209268629551,
        "max": 1,
        "mean": 0.0638468489051,
        "median": 0,
        "min": 0,
        "var": 0.0597682707012
    },
    "spectral_centroid": {
        "dmean": 220.819717407,
        "dmean2": 351.528320312,
        "dvar": 123255.40625,
        "dvar2": 290332.5,
        "max": 11090.2802734,
        "mean": 909.104858398,
        "median": 766.442138672,
        "min": 153.171417236,
        "var": 302689.40625
    },
    "spectral_complexity": {
        "dmean": 3.59923815727,
        "dmean2": 5.7708272934,
        "dvar": 32.424041748,
        "dvar2": 73.3667068481,
        "max": 56,
        "mean": 15.088804245,
        "median": 15,
        "min": 0,
        "var": 62.3519973755
    },
    "spectral_decrease": {
        "dmean": 4.18006740333e-09,
        "dmean2": 6.6210228411e-09,
        "dvar": 1.04053921224e-16,
        "dvar2": 2.43427475222e-16,
        "max": 6.66633025192e-29,
        "mean": -1.17830758484e-08,
        "median": -9.20919873693e-09,
        "min": -1.14148292596e-07,
        "var": 1.48125998382e-16
    },
    "spectral_energy": {
        "dmean": 0.0163223929703,
        "dmean2": 0.0257323458791,
        "dvar": 0.00150872115046,
        "dvar2": 0.00349072064273,
        "max": 0.435048937798,
        "mean": 0.0461206287146,
        "median": 0.0362192839384,
        "min": 1.06074822554e-20,
        "var": 0.00220098206773
    },
    "spectral_energyband_high": {
        "dmean": 0.000670741661452,
        "dmean2": 0.00113143632188,
        "dvar": 3.41581926477e-06,
        "dvar2": 9.1488182079e-06,
        "max": 0.019198294729,
        "mean": 0.000611203548033,
        "median": 0.000122375437059,
        "min": 7.63202715816e-21,
        "var": 2.69712973022e-06
    },
    "spectral_energyband_low": {
        "dmean": 0.0127372117713,
        "dmean2": 0.0209528580308,
        "dvar": 0.001477424521,
        "dvar2": 0.00361481355503,
        "max": 0.418615669012,
        "mean": 0.0272659212351,
        "median": 0.0163262542337,
        "min": 3.9738167592e-23,
        "var": 0.00178137305193
    },
    "spectral_energyband_middle_high": {
        "dmean": 0.00172652280889,
        "dmean2": 0.00273855193518,
        "dvar": 1.25337246573e-05,
        "dvar2": 3.17383855872e-05,
        "max": 0.0475151091814,
        "mean": 0.00387455825694,
        "median": 0.0026136636734,
        "min": 1.66123211524e-21,
        "var": 2.13772873394e-05
    },
    "spectral_energyband_middle_low": {
        "dmean": 0.0049352622591,
        "dmean2": 0.00781748443842,
        "dvar": 7.96783861006e-05,
        "dvar2": 0.000209768404602,
        "max": 0.128014236689,
        "mean": 0.0150518147275,
        "median": 0.0123456930742,
        "min": 1.97599256416e-22,
        "var": 0.000144943231135
    },
    "spectral_entropy": {
        "dmean": 0.274862706661,
        "dmean2": 0.373764157295,
        "dvar": 0.0920207798481,
        "dvar2": 0.177591115236,
        "max": 9.81643009186,
        "mean": 7.03532028198,
        "median": 7.07876491547,
        "min": 3.58209609985,
        "var": 0.490723788738
    },
    "spectral_flux": {
        "dmean": 0.033969476819,
        "dmean2": 0.0507474057376,
        "dvar": 0.00271163368598,
        "dvar2": 0.00512157939374,
        "max": 0.554905235767,
        "mean": 0.0779834091663,
        "median": 0.0528647378087,
        "min": 1.0346686008e-10,
        "var": 0.00591042358428
    },
    "spectral_kurtosis": {
        "dmean": 6.80112981796,
        "dmean2": 11.2416715622,
        "dvar": 620.272216797,
        "dvar2": 1870.99951172,
        "max": 946.702697754,
        "mean": 14.0713996887,
        "median": 5.64776325226,
        "min": -1.24539518356,
        "var": 1610.48962402
    },
    "spectral_rms": {
        "dmean": 0.000950274406932,
        "dmean2": 0.00145284680184,
        "dvar": 2.70512964562e-06,
        "dvar2": 5.84663393965e-06,
        "max": 0.0206018928438,
        "mean": 0.00601223949343,
        "median": 0.00594439962879,
        "min": 3.21694927641e-12,
        "var": 8.84859400685e-06
    },
    "spectral_rolloff": {
        "dmean": 294.491851807,
        "dmean2": 535.604553223,
        "dvar": 565179,
        "dvar2": 1519274,
        "max": 18949.21875,
        "mean": 899.754760742,
        "median": 581.396484375,
        "min": 64.599609375,
        "var": 3339339.75
    },
    "spectral_skewness": {
        "dmean": 0.524814367294,
        "dmean2": 0.807515740395,
        "dvar": 0.515295922756,
        "dvar2": 1.2959830761,
        "max": 26.513589859,
        "mean": 2.32556414604,
        "median": 1.86051523685,
        "min": -0.0252386145294,
        "var": 3.45919680595
    },
    "spectral_spread": {
        "dmean": 764806.75,
        "dmean2": 1082775.125,
        "dvar": 1.04644555571e+12,
        "dvar2": 1.77968001843e+12,
        "max": 49162256,
        "mean": 3851543.5,
        "median": 3519365.75,
        "min": 110513.6875,
        "var": 3.27124569293e+12
    },
    "spectral_strongpeak": {
        "dmean": 0.330513000488,
        "dmean2": 0.555953919888,
        "dvar": 0.524556815624,
        "dvar2": 1.32316088676,
        "max": 9.65946102142,
        "mean": 0.91249024868,
        "median": 0.557578980923,
        "min": 0,
        "var": 1.02712988853
    },
    "zerocrossingrate": {
        "dmean": 0.00774167571217,
        "dmean2": 0.00990523211658,
        "dvar": 9.66356528807e-05,
        "dvar2": 0.000126894185087,
        "max": 0.79541015625,
        "mean": 0.040028296411,
        "median": 0.029296875,
        "min": 0.00244140625,
        "var": 0.00472706602886
    },
    "barkbands": {
        "dmean": [0.00026360937045, 0.0114983767271, 0.00272143562324, 0.00137381907552, 0.00188757595606, 0.00116040196735, 0.000849453441333, 0.00126745284069, 0.000870929681696, 0.000381625752198, 0.000279353000224, 0.000508723373059, 0.00012767231965, 0.000151144588017, 0.00015597694437, 0.000160691823112, 0.000154411682161, 0.00022020166216, 0.00022136856569, 0.000181002600584, 0.000160570809385, 0.000172598287463, 0.000122235316667, 6.77679927321e-05, 3.99512573495e-05, 3.35900658683e-05, 2.89915624307e-06],
        "dmean2": [0.000445777870482, 0.0194879788905, 0.00481180427596, 0.00247626099735, 0.00324806966819, 0.00178497750312, 0.00132266851142, 0.00171034911182, 0.00115490600001, 0.000524151313584, 0.000407368905144, 0.000737555674277, 0.000205471398658, 0.000241815068875, 0.00026662836899, 0.000278436113149, 0.000268688920187, 0.000396610732423, 0.000394669856178, 0.000319078098983, 0.000277619721601, 0.000296405458357, 0.000207172459341, 0.000113899310236, 6.52325543342e-05, 5.50573677174e-05, 5.03031924382e-06],
        "dvar": [4.80137089198e-07, 0.00138070713729, 8.20519999252e-05, 1.68423848663e-05, 2.15806685446e-05, 3.41470877174e-06, 2.20567608267e-06, 6.10206870988e-06, 4.90150569021e-06, 1.21982691326e-06, 7.52535811444e-07, 1.85506644357e-06, 5.1551939606e-08, 7.77421860221e-08, 1.3436576296e-07, 1.11524428803e-07, 1.84714281204e-07, 7.68359541325e-07, 8.13019141788e-07, 3.77474577817e-07, 2.3291886464e-07, 2.80850457557e-07, 1.23018466525e-07, 3.47311406301e-08, 1.84771806744e-08, 1.9160712128e-08, 1.80613551892e-10],
        "dvar2": [1.38313396292e-06, 0.00363084417768, 0.000223551105591, 4.83865733258e-05, 6.03000080446e-05, 7.94015522843e-06, 5.2672307902e-06, 1.13270407383e-05, 8.85614099388e-06, 1.87899081538e-06, 1.42101100664e-06, 3.31862383973e-06, 1.22981674622e-07, 1.74828784338e-07, 3.59108213388e-07, 3.14001880497e-07, 5.06027163283e-07, 2.21771210818e-06, 2.32559909819e-06, 1.0706703506e-06, 6.40935695628e-07, 7.63459922837e-07, 3.32369836542e-07, 9.34521722229e-08, 4.75893244811e-08, 5.05169452936e-08, 4.78005635074e-10],
        "max": [0.0100634712726, 0.379899471998, 0.100963875651, 0.0683638006449, 0.0614985823631, 0.0366560891271, 0.0328230708838, 0.0581251420081, 0.0547563768923, 0.0282346438617, 0.0208478905261, 0.0430930629373, 0.00393596570939, 0.0119753777981, 0.00901955645531, 0.00688015110791, 0.00923717208207, 0.0232140365988, 0.0135257290676, 0.00978003628552, 0.00663965800777, 0.00769293727353, 0.00423567742109, 0.00268356828019, 0.00397611688823, 0.00410443125293, 0.000324926280882],
        "mean": [0.000430200161645, 0.0225085485727, 0.00366882840171, 0.00139174959622, 0.00327913090587, 0.00264007877558, 0.00182238395792, 0.00386716239154, 0.00198595854454, 0.00075654295506, 0.000566574046388, 0.00102493620943, 0.000217615088332, 0.000264540314674, 0.000228367964155, 0.000219150388148, 0.000167170655914, 0.000200772105018, 0.000195378626813, 0.000157245856826, 0.000147307102452, 0.000141067124787, 0.000106503648567, 6.32268274785e-05, 3.93864829675e-05, 2.85557416646e-05, 2.19777666643e-06],
        "median": [3.45111293427e-05, 0.0120345186442, 0.000630998110864, 0.000517193868291, 0.00213583372533, 0.00147950975224, 0.00074447033694, 0.000967230764218, 0.000779447029345, 0.000251051736996, 0.000128620973555, 0.000322530337144, 0.000101711535535, 0.000120466494991, 8.19171327748e-05, 9.80834447546e-05, 3.78186159651e-05, 5.68694194953e-05, 5.21218207723e-05, 3.48691537511e-05, 3.70219931938e-05, 1.8120961613e-05, 1.59559349413e-05, 8.62861634232e-06, 3.70113730241e-06, 1.60179047271e-06, 4.66166802937e-08],
        "min": [1.25290549282e-23, 1.16428698865e-23, 9.42304843137e-24, 2.37911377114e-24, 9.58998559841e-24, 3.74504835887e-23, 2.22091986506e-23, 4.14428392102e-23, 3.4329809801e-23, 8.15078981396e-23, 1.01409041243e-22, 7.99581777358e-23, 1.15662495623e-22, 8.14730683529e-23, 8.3871192883e-23, 2.32985385679e-22, 1.64690125152e-22, 1.33694858796e-22, 2.37402148467e-22, 1.65292196416e-22, 3.46842424814e-22, 4.37597830112e-22, 4.3478059956e-22, 9.17890175566e-22, 1.31925109308e-21, 1.38061664601e-21, 2.34173135047e-21],
        "var": [7.8827258676e-07, 0.00143135467079, 9.05642373255e-05, 1.10174451038e-05, 1.86599318113e-05, 1.12648604045e-05, 8.08001732366e-06, 4.00109674956e-05, 1.42853805301e-05, 3.75240915673e-06, 2.43717704507e-06, 5.94739594817e-06, 1.16487129276e-07, 3.65742636177e-07, 2.47899890837e-07, 1.25397193074e-07, 1.68078912566e-07, 4.69792411195e-07, 4.90158925004e-07, 2.37858728269e-07, 1.67488778402e-07, 2.03162457524e-07, 9.41940712096e-08, 2.89438037981e-08, 1.90851441317e-08, 1.47913636894e-08, 1.30347316274e-10]
    },
    "erbbands": {
        "dmean": [0.283045142889, 2.76183342934, 3.60592412949, 3.64846420288, 5.40992116928, 6.60189533234, 7.11000061035, 11.4644784927, 11.9529781342, 14.020740509, 27.2501029968, 18.6114139557, 14.2488908768, 11.5441837311, 14.5636672974, 16.2694187164, 6.10198736191, 6.6659617424, 8.0526008606, 7.3983335495, 10.2782449722, 8.59768486023, 10.7833976746, 12.1644001007, 10.0852842331, 8.90519714355, 6.83016252518, 6.25209665298, 6.12928771973, 5.48649358749, 2.96230173111, 1.68518137932, 1.02409887314, 0.499653369188, 0.260852426291, 0.146676555276, 0.0613578297198, 0.0111999325454, 0.00041260276339, 2.51470501098e-05],
        "dmean2": [0.485796779394, 4.63320398331, 5.99328613281, 6.5666475296, 9.54276752472, 11.3941545486, 11.6511898041, 17.3323535919, 18.3738117218, 21.0896053314, 36.0811653137, 25.8973426819, 17.8816490173, 16.0004882812, 21.2910957336, 23.4161548615, 9.55826377869, 10.8033313751, 13.3888092041, 12.7202825546, 17.6419181824, 15.1061687469, 19.2990074158, 22.1428127289, 17.6654663086, 15.7836322784, 11.9969758987, 10.7653741837, 10.5541877747, 9.39357662201, 5.01043176651, 2.81339597702, 1.71791255474, 0.820333063602, 0.426955193281, 0.239805966616, 0.100182846189, 0.0186004657298, 0.000706031278241, 3.92501351598e-05],
        "dvar": [0.656050860882, 84.5832901001, 134.068664551, 126.786346436, 215.400192261, 262.965301514, 176.602005005, 375.342132568, 417.070526123, 703.342102051, 2792.63989258, 3148.74780273, 928.37310791, 1050.12036133, 1148.04968262, 2735.25585938, 121.717285156, 141.887329102, 353.885894775, 309.11819458, 460.042907715, 568.409606934, 1649.41394043, 4007.23291016, 1034.33032227, 1099.30517578, 454.668701172, 386.429779053, 354.555603027, 303.126739502, 65.4217453003, 20.0688781738, 9.85937213898, 2.4264588356, 1.0896961689, 0.430155515671, 0.0568512454629, 0.00208521867171, 4.2111764742e-06, 3.18648352149e-09],
        "dvar2": [1.86418056488, 215.848175049, 340.697113037, 358.13494873, 610.95526123, 722.966247559, 488.692932129, 824.624633789, 987.241699219, 1642.00708008, 4884.24707031, 6322.97851562, 1209.94360352, 1601.56115723, 2320.77563477, 4382.39257812, 273.266113281, 353.206604004, 897.392883301, 854.689025879, 1274.14733887, 1603.92675781, 4753.50634766, 11609.1855469, 2910.65698242, 3137.06787109, 1273.46630859, 1049.35339355, 964.437988281, 825.559875488, 176.385101318, 53.3965988159, 26.9060745239, 6.39860677719, 2.87434220314, 1.15714943409, 0.146006092429, 0.00540581857786, 1.15895927593e-05, 7.10077863175e-09],
        "max": [8.61016654968, 93.5852127075, 134.467346191, 193.713287354, 222.807922363, 206.578994751, 210.698181152, 424.550231934, 441.596740723, 684.537963867, 1118.47924805, 1516.6739502, 698.95916748, 1096.33813477, 704.000549316, 2225.31616211, 196.633850098, 259.649688721, 552.859619141, 420.313415527, 400.441314697, 381.188232422, 1508.05981445, 1030.46875, 398.192962646, 553.257446289, 338.788879395, 282.952972412, 270.445739746, 295.389343262, 98.5940704346, 58.5463752747, 56.8774719238, 29.2398967743, 41.1873588562, 27.2633628845, 4.95774412155, 0.682797253132, 0.0654310807586, 0.00101779645775],
        "mean": [0.565020918846, 5.23980998993, 6.00671100616, 4.2589468956, 7.65830945969, 10.4477682114, 14.475851059, 26.2519931793, 27.7834606171, 37.6173934937, 84.7577209473, 45.5374794006, 33.1083221436, 25.1197013855, 32.7557373047, 34.373752594, 11.7833585739, 11.3229818344, 13.5743789673, 10.70890522, 14.5511579514, 9.41505622864, 10.6783561707, 10.201379776, 9.42199993134, 7.83823871613, 6.25136804581, 5.40307950974, 5.08841896057, 4.48134660721, 2.65426826477, 1.55794107914, 0.942379593849, 0.47609052062, 0.256334394217, 0.131126880646, 0.0523774251342, 0.00913864932954, 0.000334660435328, 5.97599391767e-05],
        "median": [0.275190472603, 2.22476315498, 1.74358427525, 1.69252204895, 4.45184850693, 6.11457967758, 9.72733592987, 13.255361557, 13.4911079407, 17.2220458984, 26.6950778961, 20.1320171356, 15.0530996323, 10.4755468369, 12.0642061234, 11.4269018173, 6.0669426918, 6.17326498032, 5.5890378952, 4.2631816864, 6.12899875641, 3.1427731514, 3.3487906456, 2.64894556999, 2.59179472923, 1.86271548271, 1.74927198887, 0.924377858639, 0.711456537247, 0.511857509613, 0.446084171534, 0.232963055372, 0.110402926803, 0.0494368188083, 0.0232538059354, 0.00926128681749, 0.00237609934993, 0.000355104653863, 3.37835554092e-05, 4.34779321949e-05],
        "min": [8.29307734963e-22, 1.05070840164e-21, 1.32018478128e-20, 6.83136236944e-21, 1.33283822127e-20, 4.60164549108e-20, 8.96006433914e-20, 2.40419321256e-19, 3.97812146285e-19, 6.57407737187e-19, 6.08652419414e-19, 7.76263923538e-19, 2.30736634518e-18, 2.46758626675e-18, 3.79657372316e-18, 3.87079912107e-18, 5.23904725769e-18, 3.69104574292e-18, 3.31292887042e-18, 6.8885231541e-18, 1.26247895052e-17, 1.01898551591e-17, 8.84537729818e-18, 1.12798302251e-17, 1.16514038922e-17, 7.50760290891e-18, 1.32655558677e-17, 1.42204258699e-17, 1.44436571018e-17, 1.48531677533e-17, 1.37739162568e-17, 1.46702963178e-17, 1.73266098384e-17, 1.50285068821e-17, 9.33778468194e-18, 4.7218649874e-18, 2.95844372084e-18, 1.24062243991e-18, 3.51772229818e-19, 2.93289552384e-20],
        "var": [0.765461921692, 87.0955352783, 157.303543091, 102.372634888, 158.168060303, 231.724609375, 265.324310303, 1351.36584473, 1519.08483887, 3146.01245117, 18312.4941406, 7862.80126953, 3813.19384766, 3258.66943359, 4008.63305664, 8175.76123047, 303.7940979, 347.114379883, 1105.15161133, 416.786895752, 570.927490234, 415.644287109, 1060.80603027, 2254.07275391, 690.402893066, 673.764282227, 309.666381836, 282.669403076, 257.392425537, 219.684829712, 50.9309883118, 16.9530143738, 7.68637228012, 2.14689087868, 1.06340265274, 0.358541637659, 0.0466315597296, 0.00161759124603, 2.79539312942e-06, 4.50862325252e-09]
    },
    "gfcc": {
        "mean": [-44.6754646301, 128.113357544, -108.260223389, 21.6868076324, -60.6922492981, 8.38602256775, -27.1352958679, 6.33132839203, -15.4077625275, 1.84076249599, -8.36838340759, -1.19857561588, -6.72213363647],
        "cov": [[25443.2734375, -788.134033203, -572.920593262, 1945.9765625, -569.900268555, 830.800842285, -281.645843506, 1118.36462402, 279.698364258, 704.925415039, -368.880279541, 738.291748047, -197.893615723], [-788.134033203, 2418.81567383, -142.81036377, -507.50680542, 329.937713623, -319.71194458, 212.822769165, -355.493713379, 97.8361282349, -259.371520996, 235.726364136, -212.717819214, 180.95324707], [-572.920593262, -142.81036377, 679.682434082, 83.3980178833, 178.992477417, 180.317016602, 110.626602173, 87.2301940918, 26.9454746246, 120.579994202, -5.70643091202, 118.21131897, -38.7873802185], [1945.9765625, -507.50680542, 83.3980178833, 813.041687012, 134.1302948, 162.011947632, 45.9085884094, 188.509979248, 88.498664856, 109.405509949, 7.08044862747, 138.565322876, 7.23673009872], [-569.900268555, 329.937713623, 178.992477417, 134.1302948, 488.870849609, 91.5802993774, 194.060119629, 58.0366897583, 151.011459351, 50.8908348083, 83.5060501099, 89.6647491455, 66.8484649658], [830.800842285, -319.71194458, 180.317016602, 162.011947632, 91.5802993774, 324.88671875, 98.1862564087, 166.50692749, 47.2568969727, 114.786636353, -6.08493518829, 117.50138092, 3.91237330437], [-281.645843506, 212.822769165, 110.626602173, 45.9085884094, 194.060119629, 98.1862564087, 272.656738281, 131.606292725, 138.77696228, 58.0061912537, 64.4971466064, 54.8927688599, 22.0743141174], [1118.36462402, -355.493713379, 87.2301940918, 188.509979248, 58.0366897583, 166.50692749, 131.606292725, 379.677124023, 179.063873291, 197.926574707, -13.2710866928, 118.565483093, -31.6285552979], [279.698364258, 97.8361282349, 26.9454746246, 88.498664856, 151.011459351, 47.2568969727, 138.77696228, 179.063873291, 236.058242798, 116.776199341, 45.01927948, 58.356918335, 15.5343370438], [704.925415039, -259.371520996, 120.579994202, 109.405509949, 50.8908348083, 114.786636353, 58.0061912537, 197.926574707, 116.776199341, 210.260375977, 15.8064107895, 105.451683044, -33.483997345], [-368.880279541, 235.726364136, -5.70643091202, 7.08044862747, 83.5060501099, -6.08493518829, 64.4971466064, -13.2710866928, 45.01927948, 15.8064107895, 119.575622559, 26.5242900848, 41.65102005], [738.291748047, -212.717819214, 118.21131897, 138.565322876, 89.6647491455, 117.50138092, 54.8927688599, 118.565483093, 58.356918335, 105.451683044, 26.5242900848, 192.202758789, 21.1085414886], [-197.893615723, 180.95324707, -38.7873802185, 7.23673009872, 66.8484649658, 3.91237330437, 22.0743141174, -31.6285552979, 15.5343370438, -33.483997345, 41.65102005, 21.1085414886, 101.402206421]],
        "icov": [[0.000167694903212, -0.000501372967847, 0.000354932970367, -0.000494674197398, 0.000407504354371, -0.000519760767929, 0.000458912138129, -0.000285493704723, 0.000146238438901, -0.000400820368668, 0.00095286720898, -0.000909757742193, 0.000598735292442], [-0.000501372967847, 0.00261461222544, -0.00116271502338, 0.00193123705685, -0.00164339505136, 0.00209782016464, -0.00201318226755, 0.00138960918412, -0.00114273827057, 0.00180050847121, -0.00404549110681, 0.0035539730452, -0.00266122515313], [0.000354932970367, -0.00116271502338, 0.00300078163855, -0.00100176862907, 0.000115512724733, -0.00176784966607, 0.000280146108707, 1.324916866e-05, 0.00121626094915, -0.00212752679363, 0.00284579978324, -0.00269600679167, 0.00242552999407], [-0.000494674197398, 0.00193123705685, -0.00100176862907, 0.00321892043576, -0.00182385079097, 0.00132978544571, -0.000992213375866, 0.000337170349667, -0.000772585452069, 0.00180500466377, -0.00346819544211, 0.00237878458574, -0.0019086340908], [0.000407504354371, -0.00164339505136, 0.000115512724733, -0.00182385079097, 0.00516024231911, -0.00171441026032, -0.000331957300659, 0.000517211621627, -0.00155150715727, -0.000903221953195, 0.0024153618142, -0.00313438521698, 0.0003999620385], [-0.000519760767929, 0.00209782016464, -0.00176784966607, 0.00132978544571, -0.00171441026032, 0.00749980378896, -0.00331059400924, -0.000326331326505, 0.00146280275658, -0.000170272091054, -0.002233925974, 0.00219313753769, -0.00388858001679], [0.000458912138129, -0.00201318226755, 0.000280146108707, -0.000992213375866, -0.000331957300659, -0.00331059400924, 0.0099347839132, -0.0038010745775, -0.00194233399816, 0.00198031147011, -0.00037178240018, -0.00256987987086, 0.00330352177843], [-0.000285493704723, 0.00138960918412, 1.324916866e-05, 0.000337170349667, 0.000517211621627, -0.000326331326505, -0.0038010745775, 0.00974736642092, -0.00430025393143, -0.00377532327548, 0.00136051559821, 0.000692096946295, -0.000807299569715], [0.000146238438901, -0.00114273827057, 0.00121626094915, -0.000772585452069, -0.00155150715727, 0.00146280275658, -0.00194233399816, -0.00430025393143, 0.0121661452577, -0.00508543010801, 0.000979740987532, 9.83252102742e-05, -0.00107305473648], [-0.000400820368668, 0.00180050847121, -0.00212752679363, 0.00180500466377, -0.000903221953195, -0.000170272091054, 0.00198031147011, -0.00377532327548, -0.00508543010801, 0.0162737872452, -0.00703336019069, -0.000947399938013, 0.00329447491094], [0.00095286720898, -0.00404549110681, 0.00284579978324, -0.00346819544211, 0.0024153618142, -0.002233925974, -0.00037178240018, 0.00136051559821, 0.000979740987532, -0.00703336019069, 0.0202785693109, -0.00712924171239, 9.61075274972e-05], [-0.000909757742193, 0.0035539730452, -0.00269600679167, 0.00237878458574, -0.00313438521698, 0.00219313753769, -0.00256987987086, 0.000692096946295, 9.83252102742e-05, -0.000947399938013, -0.00712924171239, 0.0152600854635, -0.00713776564226], [0.000598735292442, -0.00266122515313, 0.00242552999407, -0.0019086340908, 0.0003999620385, -0.00388858001679, 0.00330352177843, -0.000807299569715, -0.00107305473648, 0.00329447491094, 9.61075274972e-05, -0.00713776564226, 0.0184572096914]]
    },
    "melbands": {
        "dmean": [0.00295409862883, 0.00244846730493, 0.000669002707582, 0.000436781177996, 0.000254666287219, 0.000242860754952, 0.000178044225322, 0.00018681853544, 0.000201698552701, 0.000122000739793, 7.30735846446e-05, 5.06476790179e-05, 4.70103732368e-05, 6.77967691445e-05, 1.86669094546e-05, 1.30835933305e-05, 1.23517420434e-05, 1.36866210596e-05, 1.05598173832e-05, 9.37939421419e-06, 1.27961393446e-05, 9.14027714316e-06, 9.4216902653e-06, 1.02576786958e-05, 1.00357792689e-05, 8.65276251716e-06, 5.9615877035e-06, 6.19491447651e-06, 4.43232011094e-06, 3.60699300472e-06, 3.72305021301e-06, 3.21996526509e-06, 3.792917596e-06, 2.90021898763e-06, 1.76847572675e-06, 1.35746245178e-06, 9.15718430861e-07, 7.82553286172e-07, 5.4146283901e-07, 3.88381835137e-07],
        "dmean2": [0.00502713210881, 0.00400416459888, 0.00119443051517, 0.000755619665142, 0.00042312790174, 0.000367272732547, 0.000275780563243, 0.00026904020342, 0.000267659139354, 0.000165740639204, 9.17620345717e-05, 6.96071147104e-05, 6.80349912727e-05, 9.86373852356e-05, 2.78627521766e-05, 2.0858433345e-05, 2.00700396817e-05, 2.2524915039e-05, 1.81658433576e-05, 1.62324195117e-05, 2.19735247811e-05, 1.60567778948e-05, 1.68437545653e-05, 1.82655439858e-05, 1.83452975762e-05, 1.54206736624e-05, 1.02783469629e-05, 1.10935188786e-05, 7.83684390626e-06, 6.17833529759e-06, 6.47570914225e-06, 5.57545990887e-06, 6.55486564938e-06, 5.00717351315e-06, 3.02168518829e-06, 2.27165060096e-06, 1.54400481733e-06, 1.32006857712e-06, 9.08528193122e-07, 6.35406365745e-07],
        "dvar": [8.43297675601e-05, 6.07311776548e-05, 3.94495100409e-06, 1.22032872696e-06, 2.65593882887e-07, 1.5899995276e-07, 8.85459314759e-08, 1.18358521206e-07, 1.47768162151e-07, 1.12075653647e-07, 2.55595722365e-08, 2.12906225983e-08, 1.76062560087e-08, 3.19618820299e-08, 3.47496675879e-09, 4.42133274436e-10, 4.97911989417e-10, 9.77165126592e-10, 5.88218584952e-10, 4.75244066322e-10, 7.87351461806e-10, 6.81486200804e-10, 1.18125365045e-09, 1.32588462431e-09, 3.13550696518e-09, 1.04935016232e-09, 2.7133881253e-10, 6.46865172538e-10, 1.96661048557e-10, 1.05547161289e-10, 1.59472809957e-10, 9.70938260347e-11, 1.81566789381e-10, 8.37864638781e-11, 2.49201787678e-11, 1.50209792521e-11, 5.7525139166e-12, 5.66636234461e-12, 3.25299119239e-12, 1.51086326609e-12],
        "dvar2": [0.000228053148021, 0.000145597659866, 1.11362696771e-05, 3.39153416462e-06, 7.36787171718e-07, 3.5367855844e-07, 2.1469331557e-07, 2.5720274266e-07, 2.59131951452e-07, 2.16513939222e-07, 3.34971907989e-08, 3.1940576406e-08, 3.35917675898e-08, 5.95726028507e-08, 5.39437561287e-09, 1.0584807475e-09, 1.23801080498e-09, 2.37267450132e-09, 1.60307322972e-09, 1.33665678526e-09, 2.16293516431e-09, 1.91023219465e-09, 3.39915517955e-09, 3.81374132274e-09, 9.1003276026e-09, 2.99361624378e-09, 7.59562912567e-10, 1.85545834253e-09, 5.52479950677e-10, 2.87252083231e-10, 4.39746239422e-10, 2.66651478675e-10, 4.99339791737e-10, 2.29834665189e-10, 6.79363162948e-11, 4.00313150684e-11, 1.54312430889e-11, 1.55087175741e-11, 8.82949963144e-12, 3.91171643688e-12],
        "max": [0.0976880192757, 0.0904881060123, 0.0341200381517, 0.0161536484957, 0.00708730565384, 0.00865620933473, 0.00668882159516, 0.00756570836529, 0.00731851393357, 0.00837459135801, 0.00350802624598, 0.00478848349303, 0.00317759439349, 0.0052782818675, 0.00271989335306, 0.000378926837584, 0.000492016493808, 0.0011103018187, 0.000382000638638, 0.000401044730097, 0.000629516667686, 0.000532699807081, 0.00135935202707, 0.000729543797206, 0.000926684588194, 0.000438806484453, 0.000316926860251, 0.000421021628426, 0.000227769531193, 0.000116813884233, 0.000197969857254, 0.000149013052578, 0.000232843667618, 0.000143863944686, 6.84807164362e-05, 5.93320037297e-05, 3.10372415697e-05, 3.95658935304e-05, 4.13283487433e-05, 3.10580107907e-05],
        "mean": [0.00590150663629, 0.00467246770859, 0.000834996521007, 0.000683721969835, 0.00050356076099, 0.000565526250284, 0.00040857764543, 0.000542498193681, 0.000617085257545, 0.000277485814877, 0.000164805984241, 0.000105188992165, 0.000102986574348, 0.00013534417667, 3.52135321009e-05, 2.28647641052e-05, 2.02230276045e-05, 2.29578436119e-05, 1.47187101902e-05, 1.29760883283e-05, 1.7499385649e-05, 9.39544679568e-06, 9.14568045118e-06, 9.91084016277e-06, 7.9107376223e-06, 7.82603001426e-06, 5.55635915589e-06, 5.16927866556e-06, 4.02553723688e-06, 3.21720494867e-06, 3.07945174427e-06, 2.6962272841e-06, 3.01332602248e-06, 2.34416961575e-06, 1.56635019266e-06, 1.20727031572e-06, 8.46207115046e-07, 7.09314008418e-07, 4.95325309657e-07, 3.67928691958e-07],
        "median": [0.00340871023946, 0.00185472227167, 0.000374040915631, 0.000403116282541, 0.000331785471644, 0.000297170772683, 0.000201500704861, 0.000201339600608, 0.000211836144445, 0.000108784697659, 6.97480572853e-05, 3.9080328861e-05, 2.99423609249e-05, 4.07715924666e-05, 1.34982647069e-05, 1.19834112411e-05, 1.02768772194e-05, 7.93609524408e-06, 5.3293106248e-06, 5.43190253666e-06, 6.24526546744e-06, 2.04900152312e-06, 2.57600731857e-06, 2.55986583397e-06, 1.82054236575e-06, 2.1030134576e-06, 1.45936417084e-06, 9.8519308267e-07, 1.07975404262e-06, 6.29684848263e-07, 4.3351181489e-07, 4.08917060213e-07, 2.71287206033e-07, 2.65315037495e-07, 2.60725926182e-07, 1.87288549114e-07, 1.11577243445e-07, 8.20734697982e-08, 5.11132931535e-08, 3.54615607989e-08],
        "min": [5.54340012834e-24, 5.22208643202e-24, 1.38602989237e-24, 2.09100086374e-24, 3.15160265714e-24, 5.87161044113e-24, 5.37263028059e-24, 7.71931397992e-24, 4.25394110887e-24, 4.70615996153e-24, 1.2086466095e-23, 9.93348719098e-24, 1.51195368791e-23, 8.81642780589e-24, 9.47603385179e-24, 6.89126798696e-24, 7.294384587e-24, 4.86803619143e-24, 5.84248254106e-24, 1.58589740709e-23, 1.2953395042e-23, 9.55891394507e-24, 8.41071427575e-24, 6.89669692771e-24, 9.81753173766e-24, 7.11304281982e-24, 7.34926169587e-24, 4.04393055869e-24, 8.57743450604e-24, 7.13995007644e-24, 7.72117569166e-24, 8.5559475127e-24, 7.8659734774e-24, 7.97474240787e-24, 7.31273112507e-24, 9.07776164657e-24, 8.4653839142e-24, 1.05897950094e-23, 8.54972892219e-24, 1.22013747299e-23],
        "var": [9.12405594136e-05, 6.9852132583e-05, 3.11918938678e-06, 1.0155451946e-06, 3.4653734815e-07, 5.73030888518e-07, 3.04834088638e-07, 6.61652052258e-07, 9.22125309444e-07, 2.99612878507e-07, 1.03390668471e-07, 6.60167245314e-08, 5.98824811959e-08, 1.05554448737e-07, 9.60527835048e-09, 1.11605724662e-09, 1.31760169442e-09, 3.93409704813e-09, 7.62899243778e-10, 5.21034715373e-10, 9.83459758075e-10, 5.33180832818e-10, 7.73150432565e-10, 8.78138395333e-10, 1.74484837689e-09, 6.5308791708e-10, 1.93050617159e-10, 3.86361914684e-10, 1.33013461356e-10, 7.98473370756e-11, 1.10655672125e-10, 6.90282483951e-11, 1.25650892469e-10, 5.95927335256e-11, 1.87531257884e-11, 1.19817003541e-11, 4.85329615038e-12, 4.33026834876e-12, 2.66634500937e-12, 1.36747568564e-12]
    },
    "mfcc": {
        "mean": [-679.110595703, 152.650878906, 10.9433403015, 19.4393253326, -6.46621417999, 2.94941663742, -1.51134479046, 3.95887112617, -1.42365074158, 5.16670322418, -0.219408884645, 3.04125738144, 1.55432188511],
        "cov": [[12408.7666016, -622.338500977, -250.39414978, 828.338867188, 164.809387207, 280.378601074, 23.379360199, 546.667175293, 467.00302124, 480.500213623, 335.758087158, 380.374267578, 509.02331543], [-622.338500977, 1947.97119141, -234.13381958, -137.088043213, 9.76817131042, 27.928609848, 85.928352356, -1.09875845909, -0.750298559666, 11.060095787, -21.1307983398, 6.26952505112, -4.47992229462], [-250.39414978, -234.13381958, 574.844177246, 10.5874156952, 25.2297611237, 89.1337127686, 63.5252037048, 32.3446540833, 4.35404872894, -9.45107364655, 39.5909614563, -20.2682533264, -4.87143278122], [828.338867188, -137.088043213, 10.5874156952, 517.33605957, 172.560012817, 105.441131592, 43.1793136597, 121.830955505, 81.0358123779, 63.4986724854, 69.0098648071, 66.3831253052, 89.8033599854], [164.809387207, 9.76817131042, 25.2297611237, 172.560012817, 251.916320801, 128.127685547, 59.732421875, 70.5210723877, 59.0608978271, 27.0637683868, 30.0520305634, 31.8405418396, 77.0734024048], [280.378601074, 27.928609848, 89.1337127686, 105.441131592, 128.127685547, 226.338531494, 102.409034729, 92.0838699341, 30.9662132263, 18.3394927979, 18.1302986145, 15.3077917099, 61.4375686646], [23.379360199, 85.928352356, 63.5252037048, 43.1793136597, 59.732421875, 102.409034729, 156.609527588, 81.9491500854, 36.2230186462, 20.3891544342, 21.5981235504, 16.2010631561, 31.2353992462], [546.667175293, -1.09875845909, 32.3446540833, 121.830955505, 70.5210723877, 92.0838699341, 81.9491500854, 206.81729126, 128.113754272, 88.5402450562, 80.9783248901, 70.6339645386, 89.7829971313], [467.00302124, -0.750298559666, 4.35404872894, 81.0358123779, 59.0608978271, 30.9662132263, 36.2230186462, 128.113754272, 188.652770996, 118.824806213, 103.078468323, 78.3577194214, 85.4614868164], [480.500213623, 11.060095787, -9.45107364655, 63.4986724854, 27.0637683868, 18.3394927979, 20.3891544342, 88.5402450562, 118.824806213, 162.637359619, 111.773231506, 70.5208816528, 56.3496513367], [335.758087158, -21.1307983398, 39.5909614563, 69.0098648071, 30.0520305634, 18.1302986145, 21.5981235504, 80.9783248901, 103.078468323, 111.773231506, 166.604873657, 95.7260513306, 61.1892089844], [380.374267578, 6.26952505112, -20.2682533264, 66.3831253052, 31.8405418396, 15.3077917099, 16.2010631561, 70.6339645386, 78.3577194214, 70.5208816528, 95.7260513306, 145.119354248, 97.0027542114], [509.02331543, -4.47992229462, -4.87143278122, 89.8033599854, 77.0734024048, 61.4375686646, 31.2353992462, 89.7829971313, 85.4614868164, 56.3496513367, 61.1892089844, 97.0027542114, 180.263885498]],
