{
"lowlevel": {
    "average_loudness": 0.913032650948,
    "barkbands_crest": {
        "dmean": 3.08358621597,
        "dmean2": 5.07001972198,
        "dvar": 11.1944313049,
        "dvar2": 28.6334896088,
        "max": 26.4901351929,
        "mean": 11.2668361664,
        "median": 10.358543396,
        "min": 2.2565703392,
        "var": 21.9974422455
    },
    "barkbands_flatness_db": {
        "dmean": 0.037841707468,
        "dmean2": 0.059293422848,
        "dvar": 0.00160768989008,
        "dvar2": 0.0040992917493,
        "max": 0.560704469681,
        "mean": 0.195435374975,
        "median": 0.180278986692,
        "min": 0.0254136081785,
        "var": 0.0071996669285
    },
    "barkbands_kurtosis": {
        "dmean": 9.53811645508,
        "dmean2": 14.8149652481,
        "dvar": 3577.57861328,
        "dvar2": 8152.33105469,
        "max": 2634.51733398,
        "mean": 12.611035347,
        "median": 2.61086630821,
        "min": -1.92167723179,
        "var": 6166.58398438
    },
    "barkbands_skewness": {
        "dmean": 0.891391456127,
        "dmean2": 1.34769070148,
        "dvar": 1.85286235809,
        "dvar2": 4.17409658432,
        "max": 39.9457931519,
        "mean": 1.76808094978,
        "median": 1.37019503117,
        "min": -2.85862326622,
        "var": 5.42451000214
    },
    "barkbands_spread": {
        "dmean": 5.82190275192,
        "dmean2": 9.53840732574,
        "dvar": 61.6058540344,
        "dvar2": 170.499526978,
        "max": 123.024909973,
        "mean": 14.4867963791,
        "median": 11.5958023071,
        "min": 0.0834942013025,
        "var": 121.927932739
    },
    "dissonance": {
        "dmean": 0.0287355352193,
        "dmean2": 0.0482111610472,
        "dvar": 0.000971064902842,
        "dvar2": 0.00274237245321,
        "max": 0.5,
        "mean": 0.445343285799,
        "median": 0.458599984646,
        "min": 0.216276437044,
        "var": 0.00204246793874
    },
    "dynamic_complexity": 5.86169147491,
    "erbbands_crest": {
        "dmean": 3.38339495659,
        "dmean2": 5.51644515991,
        "dvar": 10.4564008713,
        "dvar2": 26.8959197998,
        "max": 30.7102565765,
        "mean": 10.9353532791,
        "median": 10.0537319183,
        "min": 2.37903761864,
        "var": 23.1112136841
    },
    "erbbands_flatness_db": {
        "dmean": 0.032289236784,
        "dmean2": 0.0469432771206,
        "dvar": 0.00111787533388,
        "dvar2": 0.00232655694708,
        "max": 0.495805263519,
        "mean": 0.218804523349,
        "median": 0.20070232451,
        "min": 0.0677628591657,
        "var": 0.0067029367201
    },
    "erbbands_kurtosis": {
        "dmean": 1.90792608261,
        "dmean2": 2.91888618469,
        "dvar": 15.3359718323,
        "dvar2": 32.4797096252,
        "max": 115.084846497,
        "mean": 1.87001824379,
        "median": 0.427079558372,
        "min": -1.87506246567,
        "var": 32.730922699
    },
    "erbbands_skewness": {
        "dmean": 0.53410333395,
        "dmean2": 0.807559609413,
        "dvar": 0.302965611219,
        "dvar2": 0.691552996635,
        "max": 10.263171196,
        "mean": 0.669969916344,
        "median": 0.58752989769,
        "min": -5.06558418274,
        "var": 1.22749423981
    },
    "erbbands_spread": {
        "dmean": 10.1193399429,
        "dmean2": 15.0902309418,
        "dvar": 155.097259521,
        "dvar2": 342.005004883,
        "max": 191.491867065,
        "mean": 31.2972354889,
        "median": 26.232585907,
        "min": 2.0348534584,
        "var": 506.747344971
    },
    "hfc": {
        "dmean": 4.15189361572,
        "dmean2": 5.63581037521,
        "dvar": 41.5505714417,
        "dvar2": 76.7048950195,
        "max": 67.743347168,
        "mean": 8.8428440094,
        "median": 4.66981554031,
        "min": 1.2184598063e-16,
        "var": 109.913734436
    },
    "melbands_crest": {
        "dmean": 3.71171593666,
        "dmean2": 5.97607469559,
        "dvar": 13.2676095963,
        "dvar2": 32.2377929688,
        "max": 32.6177940369,
        "mean": 14.4587717056,
        "median": 13.3313770294,
        "min": 2.12326383591,
        "var": 33.8328819275
    },
    "melbands_flatness_db": {
        "dmean": 0.0434356294572,
        "dmean2": 0.068045347929,
        "dvar": 0.0022835303098,
        "dvar2": 0.00581429665908,
        "max": 0.687943518162,
        "mean": 0.255541443825,
        "median": 0.240836665034,
        "min": 0.0061463243328,
        "var": 0.0109641831368
    },
    "melbands_kurtosis": {
        "dmean": 14.4901676178,
        "dmean2": 22.6271457672,
        "dvar": 2157.25341797,
        "dvar2": 4400.52783203,
        "max": 1077.96740723,
        "mean": 22.0333747864,
        "median": 5.97248649597,
        "min": -1.86359071732,
        "var": 4356.71044922
    },
    "melbands_skewness": {
        "dmean": 1.08225631714,
        "dmean2": 1.59693574905,
        "dvar": 2.17971515656,
        "dvar2": 4.69456148148,
        "max": 24.6563205719,
        "mean": 2.57460355759,
        "median": 1.93540787697,
        "min": -1.4218300581,
        "var": 7.32032155991
    },
    "melbands_spread": {
        "dmean": 7.15223407745,
        "dmean2": 11.4389419556,
        "dvar": 141.503387451,
        "dvar2": 320.573669434,
        "max": 250.534484863,
        "mean": 17.7714576721,
        "median": 12.8463754654,
        "min": 0.195235908031,
        "var": 308.891113281
    },
    "pitch_salience": {
        "dmean": 0.0910232886672,
        "dmean2": 0.150796800852,
        "dvar": 0.00914784241468,
        "dvar2": 0.0254205390811,
        "max": 0.91090720892,
        "mean": 0.542585134506,
        "median": 0.554451584816,
        "min": 0.0532533302903,
        "var": 0.0164746306837
    },
    "silence_rate_20dB": {
        "dmean": 0,
        "dmean2": 0,
        "dvar": 0,
        "dvar2": 0,
        "max": 1,
        "mean": 1,
        "median": 1,
        "min": 1,
        "var": 0
    },
    "silence_rate_30dB": {
        "dmean": 0,
        "dmean2": 0,
        "dvar": 0,
        "dvar2": 0,
        "max": 1,
        "mean": 1,
        "median": 1,
        "min": 1,
        "var": 0
    },
    "silence_rate_60dB": {
        "dmean": 0.0877039954066,
        "dmean2": 0.175429850817,
        "dvar": 0.080010317266,
        "dvar2": 0.164830163121,
        "max": 1,
        "mean": 0.241903334856,
        "median": 0,
        "min": 0,
        "var": 0.183378338814
    },
    "spectral_centroid": {
        "dmean": 278.385803223,
        "dmean2": 445.238128662,
        "dvar": 148734.953125,
        "dvar2": 354541.90625,
        "max": 11220.8535156,
        "mean": 1043.19140625,
        "median": 839.813964844,
        "min": 85.6368179321,
        "var": 472707.46875
    },
    "spectral_complexity": {
        "dmean": 3.34595727921,
        "dmean2": 4.79815578461,
        "dvar": 25.2665100098,
        "dvar2": 42.2305526733,
        "max": 50,
        "mean": 11.0509462357,
        "median": 9,
        "min": 0,
        "var": 83.8582382202
    },
    "spectral_decrease": {
        "dmean": 2.36575692369e-09,
        "dmean2": 3.54168938621e-09,
        "dvar": 1.86207818832e-17,
        "dvar2": 4.44750034515e-17,
        "max": -2.54470054101e-29,
        "mean": -3.73418762578e-09,
        "median": -2.1250339266e-09,
        "min": -3.14331920492e-08,
        "var": 2.25367210775e-17
    },
    "spectral_energy": {
        "dmean": 0.00925902742893,
        "dmean2": 0.0137490034103,
        "dvar": 0.000278124236502,
        "dvar2": 0.000656492076814,
        "max": 0.122388519347,
        "mean": 0.014895719476,
        "median": 0.00847521610558,
        "min": 1.11478242581e-20,
        "var": 0.000350354530383
    },
    "spectral_energyband_high": {
        "dmean": 0.000170594532392,
        "dmean2": 0.000272529694485,
        "dvar": 1.28116539599e-07,
        "dvar2": 3.19947446314e-07,
        "max": 0.00438177771866,
        "mean": 0.000193040046724,
        "median": 2.79604410025e-05,
        "min": 8.07705517448e-21,
        "var": 1.58698057362e-07
    },
    "spectral_energyband_low": {
        "dmean": 0.00223196856678,
        "dmean2": 0.00327293737791,
        "dvar": 3.20684848703e-05,
        "dvar2": 7.29374733055e-05,
        "max": 0.0470775812864,
        "mean": 0.00250284723006,
        "median": 0.000506435753778,
        "min": 9.49156052767e-23,
        "var": 3.50591108145e-05
    },
    "spectral_energyband_middle_high": {
        "dmean": 0.0011907031294,
        "dmean2": 0.00175069982652,
        "dvar": 4.4207222345e-06,
        "dvar2": 9.06788682187e-06,
        "max": 0.0373280867934,
        "mean": 0.00261150649749,
        "median": 0.000838583451696,
        "min": 1.76272976134e-21,
        "var": 1.56100577442e-05
    },
    "spectral_energyband_middle_low": {
        "dmean": 0.00764771224931,
        "dmean2": 0.0124223278835,
        "dvar": 0.000260127184447,
        "dvar2": 0.000660063582473,
        "max": 0.119323588908,
        "mean": 0.0103376610205,
        "median": 0.00559146516025,
        "min": 3.49137038171e-22,
        "var": 0.000245734641794
    },
    "spectral_entropy": {
        "dmean": 0.319670915604,
        "dmean2": 0.494115889072,
        "dvar": 0.122572772205,
        "dvar2": 0.302429646254,
        "max": 9.79451560974,
        "mean": 7.10042381287,
        "median": 7.18076658249,
        "min": 4.59677600861,
        "var": 0.433013051748
    },
    "spectral_flux": {
        "dmean": 0.0307810567319,
        "dmean2": 0.0453951098025,
        "dvar": 0.00181150680874,
        "dvar2": 0.00360508845188,
        "max": 0.312565594912,
        "mean": 0.0652589425445,
        "median": 0.0450858846307,
        "min": 1.05583257415e-10,
        "var": 0.00378401391208
    },
    "spectral_kurtosis": {
        "dmean": 7.51741600037,
        "dmean2": 12.3296022415,
        "dvar": 201.04510498,
        "dvar2": 539.402832031,
        "max": 210.350143433,
        "mean": 15.7341594696,
        "median": 5.70933485031,
        "min": -1.1509475708,
        "var": 803.76953125
    },
    "spectral_rms": {
        "dmean": 0.000959955039434,
        "dmean2": 0.00128856161609,
        "dvar": 1.77041488314e-06,
        "dvar2": 3.54308122041e-06,
        "max": 0.0109271882102,
        "mean": 0.00316682015546,
        "median": 0.00287550059147,
        "min": 3.29786697083e-12,
        "var": 4.50363040727e-06
    },
    "spectral_rolloff": {
        "dmean": 463.135223389,
        "dmean2": 813.696044922,
        "dvar": 842984,
        "dvar2": 1968271.875,
        "max": 18066.3574219,
        "mean": 1229.4708252,
        "median": 796.728515625,
        "min": 64.599609375,
        "var": 2409374.5
    },
    "spectral_skewness": {
        "dmean": 0.602715730667,
        "dmean2": 0.969438195229,
        "dvar": 0.647507190704,
        "dvar2": 1.7796612978,
        "max": 11.0923871994,
        "mean": 2.29031181335,
        "median": 1.77059912682,
        "min": -0.0592329055071,
        "var": 2.89034414291
    },
    "spectral_spread": {
        "dmean": 877393,
        "dmean2": 1305604.5,
        "dvar": 1.19327109939e+12,
        "dvar2": 2.41219718349e+12,
        "max": 38716396,
        "mean": 3606959.5,
        "median": 3330931.5,
        "min": 342466.0625,
        "var": 3.79621159731e+12
    },
    "spectral_strongpeak": {
        "dmean": 0.444125771523,
        "dmean2": 0.73680126667,
        "dvar": 0.499725013971,
        "dvar2": 1.2376922369,
        "max": 11.5747051239,
        "mean": 0.810172438622,
        "median": 0.455480903387,
        "min": 0,
        "var": 0.946783542633
    },
    "zerocrossingrate": {
        "dmean": 0.00921316817403,
        "dmean2": 0.011966236867,
        "dvar": 0.000182992473128,
        "dvar2": 0.000254596641753,
        "max": 0.6552734375,
        "mean": 0.0491954311728,
        "median": 0.04052734375,
        "min": 0.00244140625,
        "var": 0.00177106866613
    },
    "barkbands": {
        "dmean": [6.67921403874e-06, 0.000594022334553, 0.00138696539216, 0.00131963915192, 0.00536578008905, 0.000900973565876, 0.000461987161543, 0.000556457205676, 0.000623250904027, 0.000451121479273, 0.000207359858905, 0.000165783698321, 0.000272293371381, 0.000102298407, 9.52373884502e-05, 0.000114962072985, 0.000156577603775, 0.000127370032715, 9.14320262382e-05, 5.34576720383e-05, 4.65701705252e-05, 4.72589781566e-05, 2.64617119683e-05, 2.11612659768e-05, 1.16553273983e-05, 4.22991843152e-06, 8.89474847554e-07],
        "dmean2": [1.16344072012e-05, 0.000914288277272, 0.00230083917268, 0.00228425022215, 0.00915346667171, 0.00141151377466, 0.000706579710823, 0.000889582792297, 0.000956308911555, 0.000692200905178, 0.000334428506903, 0.000250453245826, 0.000412058056099, 0.000166597572388, 0.00015012685617, 0.00018950534286, 0.000255808525253, 0.000198548223125, 0.000134920963319, 8.17169930087e-05, 7.13388581062e-05, 8.12691578176e-05, 4.41639131168e-05, 3.57589997293e-05, 1.9988448912e-05, 7.05185721017e-06, 1.55402301516e-06],
        "dvar": [7.05485003749e-10, 2.39367614085e-06, 1.71840238181e-05, 1.51450167323e-05, 0.000242454945692, 2.50530047197e-06, 6.8763284844e-07, 1.08964297851e-06, 1.77076083219e-06, 1.73834814632e-06, 3.11726211066e-07, 1.58975069553e-07, 5.5423925005e-07, 5.30062429505e-08, 6.16263378106e-08, 5.75050869145e-08, 2.65528058208e-07, 1.08464057291e-07, 4.7067203468e-08, 2.04152961203e-08, 1.17548628609e-08, 1.65258189355e-08, 2.70228883714e-09, 1.86028925597e-09, 5.65178903678e-10, 7.10892109068e-11, 7.01936382283e-12],
        "dvar2": [2.07532213636e-09, 5.86847409068e-06, 4.45256337116e-05, 4.20670985477e-05, 0.00063116743695, 6.1281825765e-06, 1.50993105308e-06, 2.62764751824e-06, 3.98336305807e-06, 3.75741569769e-06, 7.5656117815e-07, 3.35021695719e-07, 1.19462333714e-06, 1.34405567564e-07, 1.39194455073e-07, 1.44219256981e-07, 6.46535227133e-07, 2.61568033011e-07, 9.55013561565e-08, 4.83036046717e-08, 2.68469690923e-08, 4.63399913997e-08, 7.17698878105e-09, 4.95751883989e-09, 1.46660850131e-09, 1.80083808976e-10, 1.87462319973e-11],
        "max": [0.000628624227829, 0.0126337874681, 0.0326452404261, 0.0360998362303, 0.116248831153, 0.0197238307446, 0.0128251174465, 0.019509812817, 0.018556278199, 0.0259847696871, 0.00819425471127, 0.00715758837759, 0.0136797241867, 0.00366866285913, 0.00835126824677, 0.00466493936256, 0.0159581974149, 0.00548879709095, 0.00478000426665, 0.00287709059194, 0.00124074413907, 0.00204559508711, 0.000599439023063, 0.000646834203508, 0.000238396663917, 0.000106873936602, 3.92586443922e-05],
        "mean": [7.20407342669e-06, 0.000682705605868, 0.00116012315266, 0.00114643538836, 0.0047739604488, 0.00155673304107, 0.000792567676399, 0.000863575609401, 0.001034322544, 0.000818581494968, 0.000238705571974, 0.000269587413641, 0.000424319907324, 0.000131983266328, 0.000131014050567, 0.000150861495058, 0.000204649171792, 0.000157976493938, 0.000121952914924, 6.87899591867e-05, 5.7023968111e-05, 4.43114404334e-05, 2.45185328822e-05, 1.87451005331e-05, 1.0224428479e-05, 4.08446021538e-06, 7.75755154336e-07],
        "median": [2.00884733204e-06, 0.000222459013457, 6.19771235506e-05, 8.43571906444e-05, 0.000864257919602, 0.000788512406871, 0.000329815142322, 0.000355265627149, 0.000144640594954, 0.000125647144159, 5.23204653291e-05, 3.6932011426e-05, 4.37352282461e-05, 3.18311031151e-05, 2.70826039923e-05, 3.50437221641e-05, 2.32300044445e-05, 2.23528586503e-05, 1.93447012862e-05, 1.03285892692e-05, 7.55958353693e-06, 4.6200457291e-06, 3.03391425405e-06, 1.73930300207e-06, 6.51509822092e-07, 2.65267942723e-07, 1.17812994915e-08],
        "min": [4.38435046613e-24, 3.9357078355e-23, 4.52215208116e-23, 1.17488210058e-23, 4.48124554114e-23, 1.10163074884e-22, 8.15321508793e-23, 6.84733663869e-23, 3.03931856247e-23, 3.78401335442e-23, 7.8276376773e-23, 1.13752025972e-22, 6.087101918e-23, 1.94665476398e-22, 9.71459296259e-23, 2.49543033343e-22, 9.88657031973e-23, 1.964385959e-22, 2.6243910423e-22, 4.91163025433e-22, 3.5149688086e-22, 5.5152893382e-22, 5.74894918102e-22, 9.01719864917e-22, 1.34762878012e-21, 1.75964257627e-21, 2.67560313496e-21],
        "var": [4.36873315302e-10, 2.32978572967e-06, 1.34397705551e-05, 1.11174585982e-05, 0.000180845920113, 4.50967172583e-06, 1.69533916505e-06, 1.83476367965e-06, 4.19244634031e-06, 4.89723561259e-06, 3.61487707323e-07, 4.89048829877e-07, 1.36359153657e-06, 7.76086892529e-08, 1.04531380885e-07, 9.11625761546e-08, 4.43938120043e-07, 1.41122512787e-07, 8.07617510645e-08, 2.73555773589e-08, 1.73858012431e-08, 1.34572690769e-08, 2.45282905098e-09, 1.5863962366e-09, 5.02567376603e-10, 8.91993146013e-11, 6.79671293205e-12]
    },
    "erbbands": {
        "dmean": [0.00612407550216, 0.179964542389, 1.27636301517, 3.38773846626, 6.52547645569, 26.6833248138, 13.6502761841, 6.77040433884, 7.71771860123, 7.64778280258, 10.5282201767, 16.0947933197, 11.6754684448, 10.9333724976, 7.48491096497, 6.81442832947, 13.5790948868, 4.87584733963, 5.0268330574, 5.62888813019, 5.86454534531, 9.89429759979, 6.89349222183, 5.92367267609, 3.70264959335, 2.4531686306, 2.00739979744, 1.8240044117, 1.88529121876, 1.12059652805, 0.671078920364, 0.458071321249, 0.348252773285, 0.153622403741, 0.0728594958782, 0.0225840695202, 0.00703752227128, 0.00182544381823, 0.000141935262945, 1.15431339509e-05],
        "dmean2": [0.00811361707747, 0.27325886488, 2.08616542816, 5.73293590546, 10.8030595779, 46.885723114, 23.276556015, 10.667257309, 11.8063735962, 11.6133642197, 16.9288444519, 24.8013763428, 17.9232635498, 16.3720989227, 11.8741416931, 10.3818025589, 20.5961112976, 7.74576044083, 7.95124197006, 8.90137958527, 9.68994617462, 15.9497756958, 10.6270141602, 9.5661907196, 5.14740562439, 3.77015995979, 3.03796672821, 2.84684038162, 3.25385522842, 1.85646045208, 1.12368905544, 0.777032136917, 0.5981118083, 0.263759732246, 0.123255200684, 0.0374600626528, 0.0120008829981, 0.00317716947757, 0.000245444418397, 1.64571611094e-05],
        "dvar": [0.000113913949463, 0.222828015685, 13.9532365799, 96.9072341919, 182.334671021, 7587.20751953, 1134.7869873, 153.187225342, 199.821487427, 196.028656006, 396.65133667, 1478.46179199, 1050.11669922, 887.850280762, 309.214996338, 252.471603394, 1514.64782715, 121.984359741, 169.166519165, 152.609268188, 170.126205444, 1102.64929199, 356.183624268, 223.615264893, 73.8149108887, 45.8782577515, 21.8016777039, 20.4540710449, 30.0375862122, 5.04699325562, 1.95508944988, 0.913171231747, 0.493295401335, 0.0958404839039, 0.0221527218819, 0.00191653252114, 0.000237472937442, 2.15843556362e-05, 2.01438908221e-07, 3.37638111914e-10],
        "dvar2": [0.000216571250348, 0.528918385506, 34.7280960083, 265.095458984, 445.229431152, 20347.1113281, 3073.22265625, 371.039306641, 450.523712158, 410.722930908, 972.670349121, 3236.15039062, 2372.98803711, 1858.3795166, 760.076965332, 533.111694336, 3338.84326172, 305.712371826, 375.00491333, 373.088378906, 435.728942871, 2665.46557617, 823.567016602, 546.501586914, 136.430603027, 112.032081604, 46.1749572754, 50.2654151917, 84.5437927246, 13.3569536209, 5.27670764923, 2.4538166523, 1.30777478218, 0.248175635934, 0.0579853989184, 0.00472577568144, 0.000626038585324, 5.70042648178e-05, 5.41618931038e-07, 7.49768191977e-10],
        "max": [0.103079423308, 3.81085991859, 30.1328334808, 89.5917510986, 163.31690979, 647.840087891, 309.439788818, 207.904144287, 213.121841431, 223.518447876, 413.663391113, 588.235717773, 816.00579834, 713.077819824, 255.918243408, 274.174499512, 722.131774902, 216.314331055, 513.660766602, 318.804840088, 304.992919922, 969.245300293, 370.246368408, 220.722091675, 121.636993408, 148.448364258, 56.0775299072, 53.5395469666, 96.6319274902, 24.3516750336, 19.4716377258, 16.3970108032, 8.65852832794, 3.226541996, 1.8481156826, 0.519149780273, 0.302618473768, 0.0826179683208, 0.00906768906862, 0.000139874013257],
        "mean": [0.0113701885566, 0.195195376873, 1.14471232891, 3.01400017738, 6.44028425217, 21.1072425842, 17.1836452484, 11.7634353638, 13.0337123871, 13.3432369232, 17.6531829834, 26.7667045593, 22.1759605408, 19.0552864075, 10.2209157944, 12.1359529495, 21.4663181305, 6.77067708969, 7.44354867935, 8.0253276825, 8.0359954834, 13.2932395935, 9.30310344696, 7.39028453827, 4.99342060089, 3.16081690788, 2.60147118568, 2.07829880714, 1.73540306091, 1.06788945198, 0.626485228539, 0.407728642225, 0.30042386055, 0.133874133229, 0.063768863678, 0.0216996856034, 0.00669976649806, 0.0016533251619, 0.000131530032377, 1.93773776118e-05],
        "median": [0.00399375520647, 0.055991128087, 0.105910353363, 0.286206245422, 0.979070067406, 2.722417593, 6.08796739578, 6.5673418045, 5.86997747421, 4.90391492844, 7.85713577271, 3.59225058556, 4.46130943298, 3.19864821434, 2.52137923241, 1.83108365536, 2.35301017761, 1.50106835365, 1.82600951195, 2.02251815796, 2.01964616776, 1.69502949715, 1.49817681313, 1.28877234459, 0.708834528923, 0.528099656105, 0.364704787731, 0.251052439213, 0.170490413904, 0.13224080205, 0.0845098346472, 0.0466114133596, 0.0221704933792, 0.0088718207553, 0.00403948314488, 0.00144447782077, 0.000433789275121, 6.82902900735e-05, 9.92853802018e-06, 1.14479080366e-05],
        "min": [1.48107062282e-21, 7.59890439074e-21, 4.18005802849e-20, 5.62619236714e-20, 1.13901284008e-19, 1.7788519073e-19, 4.09155765163e-19, 1.0169175437e-18, 1.40567733556e-18, 1.26153377259e-18, 8.96609190087e-19, 6.74157524206e-19, 6.27977581571e-19, 2.06790045298e-18, 3.78365936585e-18, 4.92316352537e-18, 2.42951321111e-18, 6.71101308977e-18, 8.20793123863e-18, 6.16803932799e-18, 1.47641333409e-17, 6.5319309687e-18, 1.03605777929e-17, 1.24333509601e-17, 1.98467661214e-17, 2.06140621663e-17, 1.44049516666e-17, 1.34525044764e-17, 2.02801856013e-17, 1.62487620674e-17, 1.70112257231e-17, 1.47278862864e-17, 1.91211699055e-17, 1.18106345057e-17, 1.17188538537e-17, 6.53309067592e-18, 3.47533606432e-18, 1.6423043439e-18, 4.11102069446e-19, 3.13105019387e-20],
        "var": [0.000288810872007, 0.22137182951, 11.733672142, 72.6796722412, 177.324249268, 5216.33691406, 983.711181641, 257.226593018, 438.46270752, 507.626708984, 659.605712891, 3341.38085938, 3354.65258789, 2347.78320312, 443.954711914, 818.99810791, 3666.4675293, 189.809860229, 319.922119141, 250.502883911, 289.368988037, 1832.63513184, 495.93762207, 295.001281738, 130.506072998, 57.4689407349, 36.6147270203, 24.8628101349, 23.4104404449, 4.80366516113, 1.72270750999, 0.751945018768, 0.42880526185, 0.0852258726954, 0.0201480388641, 0.00239293719642, 0.000261516484898, 2.14589945244e-05, 1.89043035448e-07, 5.17988762994e-10]
    },
    "gfcc": {
        "mean": [-135.317672729, 121.742034912, -127.652854919, 12.2154169083, -62.593585968, -9.77467918396, -41.1113624573, -0.799158155918, -19.9847145081, -6.92187213898, -11.4407949448, -1.33910596371, -7.0509185791],
        "cov": [[35004.4960938, -8.33410739899, 353.66204834, 2551.09960938, -1542.54675293, 1214.60766602, -707.588378906, -84.1195602417, -234.110488892, 138.05770874, -720.625305176, 192.088562012, -243.068450928], [-8.33410739899, 3781.11083984, -499.019592285, -1352.02148438, 520.004821777, -563.540344238, 218.67098999, -37.5202903748, 475.278594971, -308.841217041, 319.311676025, -177.240203857, 175.705230713], [353.66204834, -499.019592285, 1424.32312012, 338.784393311, -170.465454102, 312.363555908, -105.349967957, 71.9196624756, -4.20334863663, 119.451904297, -75.9169082642, 10.0683698654, -62.901184082], [2551.09960938, -1352.02148438, 338.784393311, 1579.32592773, -225.293640137, 356.766204834, 3.49593615532, 19.8938293457, -72.8316726685, 191.772079468, -73.0098876953, 76.1167449951, -51.3775939941], [-1542.54675293, 520.004821777, -170.465454102, -225.293640137, 605.82421875, -41.3582344055, 221.970123291, 172.518600464, 163.248794556, 12.7291288376, 121.396377563, 8.11915969849, 3.13908290863], [1214.60766602, -563.540344238, 312.363555908, 356.766204834, -41.3582344055, 505.923675537, 92.7268981934, 131.588806152, 35.9066429138, 123.153465271, -43.9612503052, 57.1718177795, -46.5175094604], [-707.588378906, 218.67098999, -105.349967957, 3.49593615532, 221.970123291, 92.7268981934, 317.597045898, 155.297622681, 139.88710022, 34.6727294922, 90.5970840454, 23.9537754059, 16.9153671265], [-84.1195602417, -37.5202903748, 71.9196624756, 19.8938293457, 172.518600464, 131.588806152, 155.297622681, 273.261688232, 129.932418823, 77.7075424194, 35.5784111023, 60.7273902893, -23.3027553558], [-234.110488892, 475.278594971, -4.20334863663, -72.8316726685, 163.248794556, 35.9066429138, 139.88710022, 129.932418823, 245.786514282, 59.7360572815, 93.8158035278, 10.0842542648, 30.5196685791], [138.05770874, -308.841217041, 119.451904297, 191.772079468, 12.7291288376, 123.153465271, 34.6727294922, 77.7075424194, 59.7360572815, 179.631942749, 23.5363197327, 54.8503799438, -12.6991987228], [-720.625305176, 319.311676025, -75.9169082642, -73.0098876953, 121.396377563, -43.9612503052, 90.5970840454, 35.5784111023, 93.8158035278, 23.5363197327, 142.845352173, 32.289680481, 44.8360862732], [192.088562012, -177.240203857, 10.0683698654, 76.1167449951, 8.11915969849, 57.1718177795, 23.9537754059, 60.7273902893, 10.0842542648, 54.8503799438, 32.289680481, 105.717651367, 22.4735736847], [-243.068450928, 175.705230713, -62.901184082, -51.3775939941, 3.13908290863, -46.5175094604, 16.9153671265, -23.3027553558, 30.5196685791, -12.6991987228, 44.8360862732, 22.4735736847, 100.592987061]],
        "icov": [[7.02762918081e-05, -0.000203064017114, 7.50979525037e-05, -0.000173031949089, 0.000138603136293, -0.000201391972951, 0.000174267421244, -0.000116785209684, 0.000166772690136, -0.00012175620941, 0.000441895012045, -0.000342936313245, 0.000142959266668], [-0.000203064017114, 0.00150602485519, -0.000269749114523, 0.000882395426743, -0.000553183665033, 0.000861781009007, -0.000508332857862, 0.00089916784782, -0.00237704557367, 0.00168171920814, -0.00213755550794, 0.00159388559405, -0.000599530118052], [7.50979525037e-05, -0.000269749114523, 0.00100970536005, -0.000264947797405, 0.000294212077279, -0.000758273701649, 0.000813910563011, -0.000574957462959, 0.000231675308896, -0.000460417824797, 0.000362753286026, 0.000101419245766, 0.000206038501346], [-0.000173031949089, 0.000882395426743, -0.000264947797405, 0.00147638923954, -0.000184065414942, 0.000247626216151, -0.000738050846849, 0.000805630115792, -0.00089665770065, 7.60683251428e-05, -0.00125330244191, 0.000830170232803, -0.000285206420813], [0.000138603136293, -0.000553183665033, 0.000294212077279, -0.000184065414942, 0.00316714821383, -4.92209765071e-05, -0.00071898807073, -0.00156761752442, 0.000397554249503, -0.000386613421142, -0.00034921974293, -0.000182797506568, 0.00105434958823], [-0.000201391972951, 0.000861781009007, -0.000758273701649, 0.000247626216151, -4.92209765071e-05, 0.00426343781874, -0.00199548364617, 6.61279991618e-05, -0.0013552592136, -0.000227359560085, 0.000240913432208, -6.77761418046e-05, 0.000274624646408], [0.000174267421244, -0.000508332857862, 0.000813910563011, -0.000738050846849, -0.00071898807073, -0.00199548364617, 0.00716712884605, -0.00285828486085, -0.000317275989801, 0.000537083775271, -0.00163828639779, 0.000820173067041, -0.000615652825218], [-0.000116785209684, 0.00089916784782, -0.000574957462959, 0.000805630115792, -0.00156761752442, 6.61279991618e-05, -0.00285828486085, 0.00969311408699, -0.00502198142931, 0.000663148239255, 0.00156513729598, -0.00461037643254, 0.00294454325922], [0.000166772690136, -0.00237704557367, 0.000231675308896, -0.00089665770065, 0.000397554249503, -0.0013552592136, -0.000317275989801, -0.00502198142931, 0.0132612083107, -0.005418329034, -0.00113128335215, 0.00236193276942, -0.0022381702438], [-0.00012175620941, 0.00168171920814, -0.000460417824797, 7.60683251428e-05, -0.000386613421142, -0.000227359560085, 0.000537083775271, 0.000663148239255, -0.005418329034, 0.0115424878895, -0.00314734689891, -0.00214372412302, 0.00147235777695], [0.000441895012045, -0.00213755550794, 0.000362753286026, -0.00125330244191, -0.00034921974293, 0.000240913432208, -0.00163828639779, 0.00156513729598, -0.00113128335215, -0.00314734689891, 0.0179438553751, -0.00763528235257, -0.00119768781587], [-0.000342936313245, 0.00159388559405, 0.000101419245766, 0.000830170232803, -0.000182797506568, -6.77761418046e-05, 0.000820173067041, -0.00461037643254, 0.00236193276942, -0.00214372412302, -0.00763528235257, 0.0192039646208, -0.00623125908896], [0.000142959266668, -0.000599530118052, 0.000206038501346, -0.000285206420813, 0.00105434958823, 0.000274624646408, -0.000615652825218, 0.00294454325922, -0.0022381702438, 0.00147235777695, -0.00119768781587, -0.00623125908896, 0.0149874836206]]
    },
    "melbands": {
        "dmean": [0.000104983038909, 0.000501941132825, 0.000608390197158, 0.0011714627035, 0.000687502615619, 0.00015713153698, 0.000107081483293, 9.90263288259e-05, 8.48375711939e-05, 9.83598511084e-05, 6.0998772824e-05, 5.02834518556e-05, 2.85680471279e-05, 2.01087295864e-05, 2.5325894967e-05, 2.43438698817e-05, 8.36488379719e-06, 8.91224499355e-06, 7.25821746528e-06, 7.9798983279e-06, 6.84327733325e-06, 1.03936918094e-05, 7.7124686868e-06, 5.80564710617e-06, 4.97694918522e-06, 3.19357241096e-06, 2.10524240174e-06, 1.58199884481e-06, 1.30696867018e-06, 1.22799463043e-06, 1.03070760815e-06, 1.16565479402e-06, 8.01611690804e-07, 5.71279201722e-07, 4.14620814126e-07, 2.88890589673e-07, 2.79325377051e-07, 2.67048903879e-07, 1.74402956077e-07, 1.1859567195e-07],
        "dmean2": [0.000153535424033, 0.000795408210251, 0.00101634289604, 0.00200379174203, 0.00119647465181, 0.000245713948971, 0.000163785662153, 0.000152191452798, 0.000135091628181, 0.000152310662088, 9.42382175708e-05, 7.52223058953e-05, 4.62221505586e-05, 2.98696431855e-05, 3.86981628253e-05, 3.7043409975e-05, 1.37827855724e-05, 1.42041517392e-05, 1.155874088e-05, 1.28382489493e-05, 1.14516669782e-05, 1.70721777977e-05, 1.1675382666e-05, 9.45248939388e-06, 8.08277764008e-06, 4.50332072433e-06, 2.97317865261e-06, 2.46063609666e-06, 1.99631426767e-06, 1.88081583019e-06, 1.65027336152e-06, 2.03799140763e-06, 1.36539006235e-06, 9.45636372762e-07, 7.00315752056e-07, 4.87154693474e-07, 4.79563254885e-07, 4.6069817472e-07, 3.02232393778e-07, 2.03196023563e-07],
        "dvar": [5.88759085929e-08, 2.01495299734e-06, 2.6920693017e-06, 1.09471911856e-05, 3.97325675294e-06, 7.73065664816e-08, 3.69983190751e-08, 3.16418820034e-08, 2.20401510376e-08, 5.42474687393e-08, 3.0277004015e-08, 2.03002414878e-08, 5.85949067045e-09, 2.84055201583e-09, 3.39715322539e-09, 5.41128697407e-09, 4.41247038907e-10, 4.75548544987e-10, 2.91457441515e-10, 2.98811364541e-10, 2.62977389864e-10, 1.12871512137e-09, 4.93010132718e-10, 2.52242032817e-10, 1.64400076885e-10, 5.46265151169e-11, 2.99822458527e-11, 1.90121373506e-11, 9.45445371298e-12, 8.48632015354e-12, 7.12758714896e-12, 1.2805798956e-11, 3.81108773012e-12, 1.21434795813e-12, 8.30357592581e-13, 3.11450328418e-13, 4.25464920456e-13, 3.40221096738e-13, 1.28556778937e-13, 6.02865400288e-14],
        "dvar2": [1.35033488391e-07, 4.81071492686e-06, 7.23623497834e-06, 2.80432377622e-05, 1.08370404632e-05, 1.85870334235e-07, 8.41324379053e-08, 6.97870419231e-08, 5.2792493932e-08, 1.20446259189e-07, 6.79564990946e-08, 4.26473860671e-08, 1.45592364831e-08, 5.95904570133e-09, 6.99942015459e-09, 1.18442695651e-08, 1.14571108156e-09, 1.07396747051e-09, 7.02616131942e-10, 7.19360071511e-10, 6.9991673568e-10, 2.78256240271e-09, 1.09052922248e-09, 6.53397114192e-10, 4.01321947896e-10, 1.04470890272e-10, 6.41206046592e-11, 4.73610872742e-11, 2.11712279652e-11, 1.92365168933e-11, 1.83010325644e-11, 3.64594812674e-11, 1.04661088823e-11, 3.18955799272e-12, 2.27097702622e-12, 8.16633707271e-13, 1.17097911229e-12, 9.15420625587e-13, 3.42012388462e-13, 1.56056496393e-13],
        "max": [0.0020813671872, 0.0113972779363, 0.0145148765296, 0.0240123569965, 0.0158580038697, 0.00435420870781, 0.00279112276621, 0.00230924878269, 0.00272407173179, 0.00362086878158, 0.0042841359973, 0.00321791833267, 0.00114607543219, 0.00107678130735, 0.00101752101909, 0.00149496260565, 0.000413024943555, 0.000769921171013, 0.000301455234876, 0.000357563869329, 0.000343229854479, 0.000865416252054, 0.000675865507219, 0.000255578925135, 0.000210588274058, 0.00017781186034, 9.91397828329e-05, 9.46162690525e-05, 3.96843024646e-05, 3.4940232581e-05, 3.22289379255e-05, 6.01915380685e-05, 3.22606974805e-05, 1.1915018149e-05, 1.30710714075e-05, 7.39844563213e-06, 1.23800637084e-05, 7.13397002983e-06, 5.17692569701e-06, 2.76646278508e-06],
        "mean": [0.000145084530232, 0.000486727280077, 0.000567432609387, 0.000988094136119, 0.000726201396901, 0.000278969819192, 0.000179655413376, 0.000163432268891, 0.000144131496199, 0.000160679846886, 0.000112550558697, 8.65928523126e-05, 3.35788936354e-05, 3.31552437274e-05, 4.00211065426e-05, 3.69789268007e-05, 1.01021551018e-05, 1.28016436065e-05, 9.4078886832e-06, 1.07350642793e-05, 8.59151350596e-06, 1.30415774038e-05, 1.11938352347e-05, 6.59760507915e-06, 6.015488907e-06, 4.39005725639e-06, 2.65969606517e-06, 1.96105179384e-06, 1.65321250734e-06, 1.45164415244e-06, 1.12070915748e-06, 1.03996831058e-06, 7.51847153424e-07, 5.34461776169e-07, 3.80766124408e-07, 2.67503367013e-07, 2.38813072428e-07, 2.26034245543e-07, 1.48828604551e-07, 1.0211358159e-07],
        "median": [5.38906460861e-05, 7.03062542016e-05, 7.52711785026e-05, 0.000126106795506, 0.00021306425333, 0.000153652072186, 7.82051502028e-05, 6.02392465225e-05, 5.961347415e-05, 1.83237607416e-05, 1.86970082723e-05, 1.28802785184e-05, 7.87044700701e-06, 4.91679020342e-06, 5.15020838066e-06, 3.71811938749e-06, 2.20746710511e-06, 2.87423631562e-06, 2.16749504034e-06, 2.35868242271e-06, 1.78480274826e-06, 1.41513851304e-06, 1.49637696722e-06, 9.93827597995e-07, 9.31813019633e-07, 6.34891875961e-07, 3.52982880258e-07, 3.14799734724e-07, 2.28933544122e-07, 1.57162816095e-07, 1.31897834876e-07, 9.80858345656e-08, 8.2202305407e-08, 6.57708767449e-08, 4.91439990924e-08, 3.60982070902e-08, 2.43853470749e-08, 1.62667959103e-08, 9.92271065314e-09, 6.24115159553e-09],
        "min": [1.11490114054e-23, 1.85122398836e-23, 1.16676693068e-23, 9.91115848305e-24, 1.37098739959e-23, 2.36262373832e-23, 1.89691228763e-23, 1.51935414984e-23, 6.44018469958e-24, 4.11750012114e-24, 2.99713245063e-24, 8.07401818621e-24, 1.2404313931e-23, 1.21272565147e-23, 9.88347419845e-24, 5.15434891825e-24, 1.45312107269e-23, 1.64091603761e-23, 6.88046059256e-24, 1.12582386641e-23, 1.87882055163e-23, 6.47404537064e-24, 7.07928430625e-24, 9.2642475757e-24, 1.0136698549e-23, 1.01972680782e-23, 2.23727468712e-23, 1.07578192268e-23, 9.96758649246e-24, 6.79688156851e-24, 8.01481890844e-24, 1.15133073714e-23, 1.04050792842e-23, 8.17870712808e-24, 8.73125764939e-24, 1.05889319956e-23, 8.75114246623e-24, 1.44458133785e-23, 9.80561599368e-24, 9.80727891247e-24],
        "var": [7.38765777442e-08, 1.86474198927e-06, 2.12090435525e-06, 8.3817030827e-06, 2.86432464236e-06, 1.37160455438e-07, 8.2111192512e-08, 7.32486213906e-08, 4.24689758916e-08, 1.21921360119e-07, 9.62922612757e-08, 5.32922577179e-08, 6.48004894188e-09, 9.29502963487e-09, 8.87272921801e-09, 1.24106458443e-08, 5.60228752278e-10, 9.08842501257e-10, 4.17466006208e-10, 4.55619542095e-10, 4.04637878759e-10, 1.80486514623e-09, 8.4413187551e-10, 2.72358829934e-10, 2.1293376784e-10, 1.04336761453e-10, 4.35713687352e-11, 2.29621859721e-11, 1.49466394123e-11, 1.2298384533e-11, 7.66640570471e-12, 9.47057189615e-12, 3.27013286242e-12, 1.14435750372e-12, 6.98189065156e-13, 2.88884503341e-13, 3.1357249154e-13, 2.74783830672e-13, 1.09575773477e-13, 5.29911164048e-14]
    },
    "mfcc": {
        "mean": [-754.829467773, 140.573852539, -3.1916821003, 16.2766056061, -6.44625091553, -8.28877735138, -13.716375351, -2.11074209213, -7.66133260727, -5.48117303848, -4.97631025314, -2.61846160889, -4.24998569489],
        "cov": [[17680.7734375, 1912.78308105, -1080.56481934, 866.135009766, -40.3366317749, 487.742492676, -6.8565864563, 224.178512573, -162.192382812, -118.227874756, -104.991592407, -160.272521973, -241.734863281], [1912.78308105, 3444.53881836, -632.581848145, -443.458404541, 35.27318573, -186.806640625, -103.938690186, 179.895980835, 108.002708435, 29.4267673492, 128.840820312, 150.852706909, 79.2781219482], [-1080.56481934, -632.581848145, 1197.32836914, 53.168384552, 80.4617080688, 95.8355712891, -15.5106706619, -109.436882019, -6.64826965332, 5.75190830231, -43.9924736023, -4.4121799469, -1.63510084152], [866.135009766, -443.458404541, 53.168384552, 816.944641113, 128.358123779, 146.541488647, 103.009651184, 32.8596229553, -12.6666936874, 82.5386505127, 29.1033306122, 12.4369029999, 47.9999275208], [-40.3366317749, 35.27318573, 80.4617080688, 128.358123779, 268.54699707, 83.6829452515, 64.2344436646, 67.6536407471, 59.0178756714, 64.6155471802, 60.4470100403, 42.9838790894, 46.1203575134], [487.742492676, -186.806640625, 95.8355712891, 146.541488647, 83.6829452515, 235.214508057, 96.5515365601, 31.8210086823, 36.4142074585, 55.6933326721, 25.7983551025, 28.3857421875, 28.5183429718], [-6.8565864563, -103.938690186, -15.5106706619, 103.009651184, 64.2344436646, 96.5515365601, 188.104354858, 121.936851501, 63.2263298035, 62.0178413391, 51.9588432312, 46.1687202454, 46.6557846069], [224.178512573, 179.895980835, -109.436882019, 32.8596229553, 67.6536407471, 31.8210086823, 121.936851501, 220.279190063, 112.961509705, 66.7103500366, 85.8427810669, 84.363861084, 53.7400016785], [-162.192382812, 108.002708435, -6.64826965332, -12.6666936874, 59.0178756714, 36.4142074585, 63.2263298035, 112.961509705, 150.17350769, 95.1645736694, 72.3897628784, 65.6475982666, 53.5702552795], [-118.227874756, 29.4267673492, 5.75190830231, 82.5386505127, 64.6155471802, 55.6933326721, 62.0178413391, 66.7103500366, 95.1645736694, 145.960250854, 86.6413345337, 54.8889122009, 55.0408096313], [-104.991592407, 128.840820312, -43.9924736023, 29.1033306122, 60.4470100403, 25.7983551025, 51.9588432312, 85.8427810669, 72.3897628784, 86.6413345337, 132.688919067, 92.4015350342, 53.5173187256], [-160.272521973, 150.852706909, -4.4121799469, 12.4369029999, 42.9838790894, 28.3857421875, 46.1687202454, 84.363861084, 65.6475982666, 54.8889122009, 92.4015350342, 136.153137207, 82.0206604004], [-241.734863281, 79.2781219482, -1.63510084152, 47.9999275208, 46.1203575134, 28.5183429718, 46.6557846069, 53.7400016785, 53.5702552795, 55.0408096313, 53.5173187256, 82.0206604004, 119.45186615]],
