{
"lowlevel": {
    "average_loudness": 0.933971941471,
    "barkbands_crest": {
        "dmean": 3.14689350128,
        "dmean2": 5.13235855103,
        "dvar": 8.82746601105,
        "dvar2": 24.1929969788,
        "max": 26.0867729187,
        "mean": 9.92402744293,
        "median": 9.16343402863,
        "min": 1.92039585114,
        "var": 20.7594432831
    },
    "barkbands_flatness_db": {
        "dmean": 0.0293548535556,
        "dmean2": 0.0461894385517,
        "dvar": 0.00105397379957,
        "dvar2": 0.00250126305036,
        "max": 0.476517051458,
        "mean": 0.12290058285,
        "median": 0.103559136391,
        "min": 0.0146946571767,
        "var": 0.00514976959676
    },
    "barkbands_kurtosis": {
        "dmean": 3.13404989243,
        "dmean2": 5.0699467659,
        "dvar": 30.8025093079,
        "dvar2": 72.5786972046,
        "max": 115.82611084,
        "mean": 4.01415395737,
        "median": 1.48096990585,
        "min": -1.89634656906,
        "var": 78.8814849854
    },
    "barkbands_skewness": {
        "dmean": 0.653259158134,
        "dmean2": 1.05970561504,
        "dvar": 0.531855344772,
        "dvar2": 1.3852866888,
        "max": 9.65564155579,
        "mean": 1.40869700909,
        "median": 1.28568553925,
        "min": -4.91315126419,
        "var": 1.60554027557
    },
    "barkbands_spread": {
        "dmean": 9.37041091919,
        "dmean2": 15.527141571,
        "dvar": 136.01335144,
        "dvar2": 360.905181885,
        "max": 135.134689331,
        "mean": 30.2495384216,
        "median": 26.6996135712,
        "min": 0.582427620888,
        "var": 394.936309814
    },
    "dissonance": {
        "dmean": 0.0210171248764,
        "dmean2": 0.0348273664713,
        "dvar": 0.00057431019377,
        "dvar2": 0.00145311292727,
        "max": 0.499998956919,
        "mean": 0.460801422596,
        "median": 0.473305791616,
        "min": 0.233682572842,
        "var": 0.00145968201105
    },
    "dynamic_complexity": 4.34119939804,
    "erbbands_crest": {
        "dmean": 2.73357701302,
        "dmean2": 4.31993913651,
        "dvar": 8.36745357513,
        "dvar2": 19.4536819458,
        "max": 33.5666809082,
        "mean": 9.29086494446,
        "median": 7.39060401917,
        "min": 1.86151349545,
        "var": 35.2294311523
    },
    "erbbands_flatness_db": {
        "dmean": 0.019612532109,
        "dmean2": 0.0289495997131,
        "dvar": 0.000593830191065,
        "dvar2": 0.0011635387782,
        "max": 0.505181491375,
        "mean": 0.141479507089,
        "median": 0.125834316015,
        "min": 0.0340013541281,
        "var": 0.00398161262274
    },
    "erbbands_kurtosis": {
        "dmean": 1.37388241291,
        "dmean2": 2.0750849247,
        "dvar": 8.07109928131,
        "dvar2": 17.726108551,
        "max": 92.0844802856,
        "mean": 1.5045286417,
        "median": -0.147490024567,
        "min": -1.65907597542,
        "var": 25.9264984131
    },
    "erbbands_skewness": {
        "dmean": 0.408099710941,
        "dmean2": 0.631804585457,
        "dvar": 0.215031191707,
        "dvar2": 0.499035954475,
        "max": 6.80111789703,
        "mean": 0.555328190327,
        "median": 0.408694624901,
        "min": -3.31905007362,
        "var": 1.08080613613
    },
    "erbbands_spread": {
        "dmean": 10.6810808182,
        "dmean2": 15.7325363159,
        "dvar": 138.516937256,
        "dvar2": 277.775909424,
        "max": 127.583808899,
        "mean": 44.8900680542,
        "median": 43.3809394836,
        "min": 0.440884560347,
        "var": 565.553344727
    },
    "hfc": {
        "dmean": 17.0343933105,
        "dmean2": 27.9308433533,
        "dvar": 1941.42675781,
        "dvar2": 5232.07470703,
        "max": 370.18371582,
        "mean": 20.9001750946,
        "median": 9.93963909149,
        "min": 1.11110142426e-16,
        "var": 1588.65722656
    },
    "melbands_crest": {
        "dmean": 3.95430803299,
        "dmean2": 6.56789493561,
        "dvar": 13.3473091125,
        "dvar2": 35.0096969604,
        "max": 33.5517654419,
        "mean": 13.9278116226,
        "median": 13.2562618256,
        "min": 1.72546935081,
        "var": 29.6503810883
    },
    "melbands_flatness_db": {
        "dmean": 0.0380315668881,
        "dmean2": 0.0605734102428,
        "dvar": 0.00178592815064,
        "dvar2": 0.00430419947952,
        "max": 0.587283015251,
        "mean": 0.176764920354,
        "median": 0.161983728409,
        "min": 0.00486373435706,
        "var": 0.0074261277914
    },
    "melbands_kurtosis": {
        "dmean": 8.12112617493,
        "dmean2": 13.4053668976,
        "dvar": 184.552780151,
        "dvar2": 482.305145264,
        "max": 304.279815674,
        "mean": 13.2420005798,
        "median": 8.33228778839,
        "min": -1.70280480385,
        "var": 335.632019043
    },
    "melbands_skewness": {
        "dmean": 0.87715446949,
        "dmean2": 1.39406085014,
        "dvar": 1.00740408897,
        "dvar2": 2.53060102463,
        "max": 12.4176158905,
        "mean": 2.59466218948,
        "median": 2.38421154022,
        "min": -5.37001514435,
        "var": 2.59506630898
    },
    "melbands_spread": {
        "dmean": 11.9212722778,
        "dmean2": 20.1277084351,
        "dvar": 266.200897217,
        "dvar2": 711.064941406,
        "max": 183.124465942,
        "mean": 29.9627742767,
        "median": 22.1965351105,
        "min": 0.578689396381,
        "var": 645.664672852
    },
    "pitch_salience": {
        "dmean": 0.0978834629059,
        "dmean2": 0.162100225687,
        "dvar": 0.00960625335574,
        "dvar2": 0.0257837530226,
        "max": 0.900305986404,
        "mean": 0.551415741444,
        "median": 0.556414246559,
        "min": 0.104105658829,
        "var": 0.0174194537103
    },
    "silence_rate_20dB": {
        "dmean": 0,
        "dmean2": 0,
        "dvar": 0,
        "dvar2": 0,
        "max": 1,
        "mean": 1,
        "median": 1,
        "min": 1,
        "var": 0
    },
    "silence_rate_30dB": {
        "dmean": 0.0125031899661,
        "dmean2": 0.0250095706433,
        "dvar": 0.0123460991308,
        "dvar2": 0.034845944494,
        "max": 1,
        "mean": 0.99272865057,
        "median": 1,
        "min": 0,
        "var": 0.00721877114847
    },
    "silence_rate_60dB": {
        "dmean": 0.0862464904785,
        "dmean2": 0.172514989972,
        "dvar": 0.0788115188479,
        "dvar2": 0.155525848269,
        "max": 1,
        "mean": 0.204490363598,
        "median": 0,
        "min": 0,
        "var": 0.162672847509
    },
    "spectral_centroid": {
        "dmean": 364.043273926,
        "dmean2": 596.688476562,
        "dvar": 219000.1875,
        "dvar2": 551831.625,
        "max": 11522.9355469,
        "mean": 1494.27416992,
        "median": 1339.9185791,
        "min": 149.353363037,
        "var": 848984.375
    },
    "spectral_complexity": {
        "dmean": 4.99719333649,
        "dmean2": 7.78359079361,
        "dvar": 51.3458099365,
        "dvar2": 112.986801147,
        "max": 53,
        "mean": 13.8567419052,
        "median": 12,
        "min": 0,
        "var": 103.737724304
    },
    "spectral_decrease": {
        "dmean": 3.4914082736e-09,
        "dmean2": 5.64637048228e-09,
        "dvar": 4.93640511533e-17,
        "dvar2": 1.23461219521e-16,
        "max": 9.68939599928e-18,
        "mean": -4.61858906675e-09,
        "median": -2.38538766517e-09,
        "min": -6.92431214588e-08,
        "var": 4.82326302027e-17
    },
    "spectral_energy": {
        "dmean": 0.0143339792266,
        "dmean2": 0.0229282416403,
        "dvar": 0.000811563222669,
        "dvar2": 0.00199802545831,
        "max": 0.272642880678,
        "mean": 0.0193273220211,
        "median": 0.010144722648,
        "min": 1.02306344395e-20,
        "var": 0.000819052977022
    },
    "spectral_energyband_high": {
        "dmean": 0.00148104166146,
        "dmean2": 0.00250614900142,
        "dvar": 1.75854565896e-05,
        "dvar2": 4.81094721181e-05,
        "max": 0.0377469882369,
        "mean": 0.0015774803469,
        "median": 0.000443079537945,
        "min": 7.39790192527e-21,
        "var": 1.35839563882e-05
    },
    "spectral_energyband_low": {
        "dmean": 0.00577332219109,
        "dmean2": 0.00957689713687,
        "dvar": 0.0002353907621,
        "dvar2": 0.000598271959461,
        "max": 0.161258623004,
        "mean": 0.00630579376593,
        "median": 0.00152363057714,
        "min": 1.71688728709e-23,
        "var": 0.000212354440009
    },
    "spectral_energyband_middle_high": {
        "dmean": 0.00162635848392,
        "dmean2": 0.00268271937966,
        "dvar": 1.08673475552e-05,
        "dvar2": 2.9022421586e-05,
        "max": 0.0394839122891,
        "mean": 0.00258467695676,
        "median": 0.0014682863839,
        "min": 1.11686437236e-21,
        "var": 1.20984250316e-05
    },
    "spectral_energyband_middle_low": {
        "dmean": 0.00825439859182,
        "dmean2": 0.0141207277775,
        "dvar": 0.000412632303778,
        "dvar2": 0.00110994430725,
        "max": 0.177063718438,
        "mean": 0.00971772707999,
        "median": 0.00435993401334,
        "min": 1.71627128138e-22,
        "var": 0.000320318387821
    },
    "spectral_entropy": {
        "dmean": 0.237979412079,
        "dmean2": 0.366210907698,
        "dvar": 0.0882728844881,
        "dvar2": 0.194252416492,
        "max": 9.82578086853,
        "mean": 7.72953462601,
        "median": 7.87763738632,
        "min": 4.90865278244,
        "var": 0.401238262653
    },
    "spectral_flux": {
        "dmean": 0.0395123884082,
        "dmean2": 0.0576336719096,
        "dvar": 0.00324240745977,
        "dvar2": 0.00535840075463,
        "max": 0.477790981531,
        "mean": 0.0769844725728,
        "median": 0.0487775504589,
        "min": 6.47442516266e-11,
        "var": 0.00612847553566
    },
    "spectral_kurtosis": {
        "dmean": 1.58406198025,
        "dmean2": 2.53389263153,
        "dvar": 10.0131692886,
        "dvar2": 24.3964633942,
        "max": 80.837677002,
        "mean": 3.73654055595,
        "median": 2.45794487,
        "min": -1.24769115448,
        "var": 25.2355651855
    },
    "spectral_rms": {
        "dmean": 0.00122173072305,
        "dmean2": 0.00180295226164,
        "dvar": 3.33772709382e-06,
        "dvar2": 7.25972859072e-06,
        "max": 0.016309292987,
        "mean": 0.00357616995461,
        "median": 0.00314599601552,
        "min": 3.15928901963e-12,
        "var": 6.06687672189e-06
    },
    "spectral_rolloff": {
        "dmean": 1301.62487793,
        "dmean2": 2317.61694336,
        "dvar": 4263830,
        "dvar2": 11602162,
        "max": 19401.4160156,
        "mean": 2548.19921875,
        "median": 1184.32617188,
        "min": 64.599609375,
        "var": 8277549.5
    },
    "spectral_skewness": {
        "dmean": 0.224443346262,
        "dmean2": 0.345846444368,
        "dvar": 0.0930882915854,
        "dvar2": 0.199310347438,
        "max": 6.61241674423,
        "mean": 1.46214401722,
        "median": 1.32343912125,
        "min": -0.0552982613444,
        "var": 0.383377760649
    },
    "spectral_spread": {
        "dmean": 684443,
        "dmean2": 1014406.5625,
        "dvar": 948292288512,
        "dvar2": 1.86301992141e+12,
        "max": 44143432,
        "mean": 5937786,
        "median": 5838805.5,
        "min": 984553.375,
        "var": 6.58204734259e+12
    },
    "spectral_strongpeak": {
        "dmean": 0.331396043301,
        "dmean2": 0.56451189518,
        "dvar": 0.252648830414,
        "dvar2": 0.641762673855,
        "max": 7.91495752335,
        "mean": 0.577103674412,
        "median": 0.342046678066,
        "min": 0,
        "var": 0.40319147706
    },
    "zerocrossingrate": {
        "dmean": 0.0157654173672,
        "dmean2": 0.019185334444,
        "dvar": 0.000314394535962,
        "dvar2": 0.000413140718592,
        "max": 0.78271484375,
        "mean": 0.090872824192,
        "median": 0.07470703125,
        "min": 0.0029296875,
        "var": 0.00482285907492
    },
    "barkbands": {
        "dmean": [4.16714137828e-05, 0.00290275970474, 0.00290957069956, 0.00218597240746, 0.00418040622026, 0.00114622456022, 0.000711076718289, 0.00041872181464, 0.000644417887088, 0.000342253188137, 0.000318513106322, 0.000184923803317, 0.000271669938229, 0.000189389204024, 0.000132565110107, 0.00013994605979, 0.000201336602913, 0.000126546277897, 0.000132653309265, 0.000166392230312, 0.000155795671162, 0.000201816568733, 0.000262999994447, 0.000297839404084, 0.000369172805222, 0.000165682620718, 1.39238536576e-05],
        "dmean2": [6.67604253977e-05, 0.00476310029626, 0.00532183377072, 0.00392851559445, 0.00745059363544, 0.00187787972391, 0.00116441317368, 0.000703443191014, 0.00104147661477, 0.0005609052605, 0.000513275386766, 0.000308708200464, 0.000439534225734, 0.000315907323966, 0.000215158361243, 0.000249864679063, 0.000357928511221, 0.000222582923016, 0.000227823198657, 0.000287729664706, 0.000260995555436, 0.000343577004969, 0.00044881660142, 0.000503590505105, 0.0006501149619, 0.000286431401037, 2.48443211603e-05],
        "dvar": [1.32407791398e-08, 5.03140254295e-05, 0.000107424923044, 3.26291446981e-05, 0.000219577574171, 6.23022333457e-06, 2.36433720602e-06, 8.29396583413e-07, 2.74543572232e-06, 8.44100839004e-07, 4.13379808606e-07, 1.74980712586e-07, 1.32528236918e-06, 4.65852707521e-07, 9.87181536516e-08, 1.125890563e-07, 2.32850624116e-07, 7.46333483903e-08, 7.17620309842e-08, 1.66034638482e-07, 1.2846172126e-07, 2.67505129159e-07, 5.53105905965e-07, 6.6014422373e-07, 1.54213739734e-06, 2.80969146615e-07, 1.14018072761e-09],
        "dvar2": [3.90646626158e-08, 0.00013337584096, 0.000299684790662, 9.22406179598e-05, 0.000606590823736, 1.61696170835e-05, 6.31762486591e-06, 2.19706771531e-06, 6.99078054822e-06, 2.1870062028e-06, 1.04183470739e-06, 4.46212851557e-07, 3.4231236441e-06, 1.18846833175e-06, 2.49520894613e-07, 3.15150373353e-07, 6.52108724353e-07, 2.05196030834e-07, 1.94438428025e-07, 4.57843356116e-07, 3.42546968568e-07, 7.21032165529e-07, 1.51499205003e-06, 1.78608638635e-06, 4.33331570093e-06, 7.65659933677e-07, 3.23133231284e-09],
        "max": [0.00220375647768, 0.0758232846856, 0.119186446071, 0.0610820278525, 0.127308607101, 0.0381733737886, 0.0331604070961, 0.0130583290011, 0.0277784131467, 0.0162642858922, 0.0151600884274, 0.00558715406805, 0.0297095384449, 0.0173234138638, 0.00771920057014, 0.00375190493651, 0.00884958356619, 0.00298917619511, 0.00284122186713, 0.00468731764704, 0.00407264428213, 0.0056270621717, 0.00666855322197, 0.0080950576812, 0.0110217342153, 0.00538375787437, 0.000424279278377],
        "mean": [7.20652606105e-05, 0.00341427815147, 0.00205856189132, 0.00190038082656, 0.0033136960119, 0.00169752619695, 0.00126194045879, 0.000504869851284, 0.000859946303535, 0.000462827330921, 0.00047965630074, 0.000208873767406, 0.000349042878952, 0.000220343325054, 0.000196315158973, 0.00013933891023, 0.000208402794669, 0.000135544905788, 0.000159177739988, 0.000190264021512, 0.000200963651878, 0.000228829914704, 0.000268154020887, 0.000300675805192, 0.000309883762384, 0.000163318021805, 2.2467393137e-05],
        "median": [1.00662000477e-05, 0.00050582998665, 0.000155881250976, 0.000308984541334, 0.000569932279177, 0.000519423629157, 0.000504456460476, 0.000198572859517, 0.000283804780338, 0.000139221432619, 0.000131705528474, 6.1978593294e-05, 6.92776302458e-05, 6.66851992719e-05, 7.20242387615e-05, 4.94037631142e-05, 7.82476636232e-05, 5.33659695066e-05, 6.3464314735e-05, 7.73507345002e-05, 9.22261751839e-05, 7.57479137974e-05, 6.60182631691e-05, 5.80457708566e-05, 3.61940765288e-05, 8.64929643285e-06, 1.16174696529e-07],
        "min": [3.71161974692e-24, 2.12804794122e-24, 1.00003226423e-24, 1.34701342365e-24, 1.1561181762e-23, 1.19382919846e-23, 9.56998245243e-24, 8.35399202122e-24, 1.24852084613e-23, 1.98027106172e-23, 1.29680646994e-23, 2.5636928657e-23, 3.95967122099e-23, 4.79275629965e-23, 5.18174014103e-23, 7.3734828811e-23, 7.46517249966e-23, 1.35596695153e-22, 1.26592964947e-22, 1.88160983758e-22, 1.68809973317e-22, 3.58108267308e-22, 4.32078227156e-22, 7.58983902841e-22, 9.20924349178e-22, 1.40418513404e-21, 2.05481640409e-21],
        "var": [2.94014554925e-08, 4.95765161759e-05, 6.6884473199e-05, 2.2181076929e-05, 0.000142243894516, 8.14457780507e-06, 5.02304601468e-06, 8.26095970297e-07, 3.17918761539e-06, 1.04758646557e-06, 8.18120554413e-07, 2.07900498594e-07, 1.49427432916e-06, 4.80943469938e-07, 1.44723983908e-07, 8.10444262811e-08, 1.75162952587e-07, 5.94116826846e-08, 6.65400534672e-08, 1.30879399762e-07, 1.16832339359e-07, 2.18329148538e-07, 4.23627056989e-07, 5.51371556412e-07, 1.04211062535e-06, 2.0866208672e-07, 1.84221038424e-09]
    },
    "erbbands": {
        "dmean": [0.052087046206, 0.775678634644, 2.95140457153, 5.53955078125, 14.1367349625, 12.5136766434, 8.71351623535, 9.50959873199, 8.34991455078, 13.1994791031, 10.1023864746, 14.9246425629, 11.5427827835, 10.4318323135, 10.5968732834, 7.92870426178, 13.3150587082, 10.1211748123, 6.91690587997, 7.59315490723, 7.959441185, 10.7012996674, 7.25954389572, 6.92775917053, 7.22212839127, 7.52970075607, 7.56077384949, 5.75337314606, 7.42884397507, 6.20351934433, 8.62909507751, 6.35945510864, 4.9360742569, 4.52806949615, 2.3714928627, 1.00195193291, 0.22554923594, 0.0319750271738, 0.00236628320999, 5.99175145908e-05],
        "dmean2": [0.0817676484585, 1.28130543232, 5.2603635788, 10.0940055847, 25.1449623108, 22.9943141937, 15.1051292419, 15.70865345, 13.6867923737, 21.4804821014, 16.7886676788, 24.0172786713, 19.1855621338, 16.6375637054, 17.4694385529, 13.0357179642, 21.4873962402, 16.744392395, 11.5564918518, 12.7069540024, 13.9384508133, 19.1644077301, 12.7491998672, 12.1159954071, 12.3270740509, 12.9398708344, 13.1669197083, 9.47671794891, 12.8560028076, 10.241484642, 14.9713459015, 10.7276134491, 8.41268062592, 7.93332862854, 4.19982051849, 1.74084436893, 0.388538300991, 0.055507119745, 0.00423164526001, 9.95553491521e-05],
        "dvar": [0.00965149048716, 4.03820753098, 98.9949874878, 271.531616211, 2106.07617188, 2225.23535156, 594.153991699, 428.965423584, 254.24319458, 1036.19104004, 522.594482422, 1536.84191895, 1278.14123535, 405.457427979, 477.070037842, 343.712402344, 3429.39770508, 1297.48132324, 314.431304932, 275.921173096, 306.380615234, 705.006652832, 264.962982178, 216.238632202, 262.18737793, 297.960388184, 373.957183838, 163.478683472, 370.757843018, 211.31703186, 681.200012207, 320.058929443, 173.365066528, 225.810638428, 65.5267333984, 11.2019557953, 0.42497959733, 0.00683359941468, 3.50528280251e-05, 1.97210070496e-08],
        "dvar2": [0.0238488167524, 10.6134214401, 270.005493164, 774.586425781, 5730.60107422, 6396.34814453, 1680.79077148, 1124.66003418, 666.114746094, 2729.86450195, 1373.43249512, 3879.39135742, 3395.01000977, 962.985290527, 1276.75097656, 876.155883789, 8861.21191406, 3266.34667969, 811.610595703, 737.841064453, 850.964172363, 1974.63513184, 730.561767578, 602.647583008, 712.225158691, 815.409912109, 1032.61010742, 423.776275635, 1013.25805664, 552.962585449, 1885.11328125, 861.768859863, 469.435760498, 628.903442383, 185.593399048, 30.7702522278, 1.14419519901, 0.0187071189284, 9.94140063995e-05, 5.29744745847e-08],
        "max": [1.04418861866, 21.1007671356, 104.494468689, 152.863296509, 394.585388184, 438.659942627, 241.246627808, 302.138793945, 385.788116455, 690.189941406, 368.492980957, 725.717895508, 588.656677246, 385.307434082, 484.414886475, 264.612182617, 1468.34106445, 1022.29272461, 471.691986084, 342.390380859, 222.012023926, 349.372650146, 238.51008606, 151.12449646, 164.571426392, 202.165512085, 201.309814453, 180.43711853, 217.877853394, 140.625656128, 239.455444336, 177.285919189, 124.294792175, 136.83215332, 82.4733428955, 31.7276668549, 6.18798446655, 1.04638195038, 0.0829051807523, 0.00131441536359],
        "mean": [0.0779694095254, 0.840684890747, 2.29717874527, 4.48742246628, 11.1312227249, 9.70267486572, 9.36343288422, 14.0981340408, 15.4361352921, 20.7690792084, 12.7344732285, 20.0734596252, 14.8416862488, 17.2202205658, 15.8014116287, 10.0867643356, 17.571762085, 12.2593975067, 9.09343910217, 10.2191410065, 8.57018280029, 10.6148109436, 8.04411125183, 7.97416830063, 8.67517852783, 8.87910270691, 8.59882545471, 7.60537910461, 8.18645858765, 7.37095117569, 8.26188850403, 6.48832273483, 4.93355607986, 3.79474949837, 1.96259474754, 0.877944946289, 0.254113733768, 0.0486151389778, 0.00368424761109, 8.93521646503e-05],
        "median": [0.0185477156192, 0.0888136699796, 0.23803563416, 0.903871417046, 1.57952201366, 1.73967885971, 2.37563967705, 4.48778057098, 6.17357254028, 7.46824979782, 5.3314166069, 6.64824914932, 5.39981555939, 5.33552217484, 4.9812874794, 3.51501941681, 3.60455942154, 3.85886478424, 3.35022878647, 3.91900467873, 3.55750250816, 4.04153156281, 3.45232129097, 3.31495499611, 3.49185824394, 3.78996968269, 3.66224598885, 3.3504486084, 2.78017497063, 2.43909668922, 1.78567433357, 1.37674498558, 0.820302307606, 0.404261827469, 0.202293127775, 0.0566377937794, 0.0122538991272, 0.00129086652305, 4.80803719256e-05, 2.42783644353e-05],
        "min": [1.39440151701e-22, 2.83249986972e-22, 1.21263456013e-21, 1.29344964149e-20, 2.09952026554e-20, 4.78211885239e-20, 6.71132214513e-20, 9.35221257298e-20, 1.27706941357e-19, 1.87665813066e-19, 3.56473665925e-19, 3.49813957266e-19, 6.74584349402e-19, 7.6079109659e-19, 1.35998336153e-18, 1.33200242635e-18, 1.87615853942e-18, 2.77760942443e-18, 2.99854460976e-18, 4.99259706598e-18, 3.75590373398e-18, 4.88929585596e-18, 7.71567688328e-18, 6.93814365109e-18, 7.48556268149e-18, 9.46927662083e-18, 1.16869941652e-17, 1.08703129562e-17, 1.2112260953e-17, 1.27078318212e-17, 1.05570505592e-17, 1.3413106691e-17, 1.17348076862e-17, 9.39123461158e-18, 5.66404810692e-18, 4.67824527216e-18, 2.37512691301e-18, 9.48897137763e-19, 2.53480477278e-19, 3.08729169323e-20],
        "var": [0.015380948782, 3.72042274475, 66.1149902344, 165.235015869, 1454.4107666, 1292.59204102, 431.753051758, 562.284484863, 605.870605469, 1932.52978516, 509.957702637, 1793.51879883, 1158.03381348, 1074.31848145, 816.564697266, 423.165802002, 3883.20068359, 1386.18164062, 372.493164062, 359.843170166, 238.046432495, 503.194458008, 208.874023438, 179.671142578, 231.110794067, 248.65145874, 282.80380249, 161.785018921, 287.502746582, 199.902481079, 489.915557861, 264.866882324, 145.261764526, 155.348312378, 43.3610267639, 7.85859155655, 0.357338279486, 0.0085698729381, 4.95621825394e-05, 2.19243165844e-08]
    },
    "gfcc": {
        "mean": [-45.602519989, 68.6698379517, -106.416427612, 28.7838001251, -71.9540939331, 12.0441265106, -39.2617835999, 7.08618974686, -23.5819416046, 2.43262505531, -15.6250743866, -0.433825582266, -11.6900177002],
        "cov": [[24252.9609375, -1830.86291504, 403.138092041, -340.331054688, -712.637084961, 485.636962891, -619.709228516, 363.02935791, -737.638916016, 274.263397217, -702.830749512, 406.596313477, -363.929260254], [-1830.86291504, 3286.12939453, -273.235656738, 145.576843262, -6.36919307709, 19.5780735016, 423.970306396, -21.7050132751, 417.909393311, -48.4888458252, 533.87878418, -151.851745605, 316.747650146], [403.138092041, -273.235656738, 708.993041992, 104.18119812, 261.469024658, 54.8889808655, 63.4869308472, 63.159034729, -20.9133262634, 90.7931365967, -52.8438606262, 82.3729476929, -63.6727638245], [-340.331054688, 145.576843262, 104.18119812, 383.059173584, 126.156654358, 123.629920959, 47.4528999329, 23.1234397888, 48.9477157593, 38.4170265198, 45.9474983215, -7.39088821411, 12.7557544708], [-712.637084961, -6.36919307709, 261.469024658, 126.156654358, 447.203094482, 32.9167823792, 160.717788696, 23.6322669983, 67.8603744507, 50.6767196655, 7.55327033997, 51.4054603577, 3.86175274849], [485.636962891, 19.5780735016, 54.8889808655, 123.629920959, 32.9167823792, 299.599365234, 45.8780021667, 74.2061157227, -54.27734375, 20.972278595, -1.9001750946, 30.2898597717, 23.9414901733], [-619.709228516, 423.970306396, 63.4869308472, 47.4528999329, 160.717788696, 45.8780021667, 299.346496582, 64.832901001, 143.973922729, 39.3954238892, 123.334884644, 45.115032196, 81.4908905029], [363.02935791, -21.7050132751, 63.159034729, 23.1234397888, 23.6322669983, 74.2061157227, 64.832901001, 130.118240356, 35.6748924255, 50.9250831604, -5.33664035797, 50.0348892212, 23.9136505127], [-737.638916016, 417.909393311, -20.9133262634, 48.9477157593, 67.8603744507, -54.27734375, 143.973922729, 35.6748924255, 213.793807983, 73.1053466797, 133.483276367, 6.28872394562, 70.0199050903], [274.263397217, -48.4888458252, 90.7931365967, 38.4170265198, 50.6767196655, 20.972278595, 39.3954238892, 50.9250831604, 73.1053466797, 135.050109863, 54.8150978088, 56.7667007446, 6.57767868042], [-702.830749512, 533.87878418, -52.8438606262, 45.9474983215, 7.55327033997, -1.9001750946, 123.334884644, -5.33664035797, 133.483276367, 54.8150978088, 207.146087646, 14.072063446, 75.4348678589], [406.596313477, -151.851745605, 82.3729476929, -7.39088821411, 51.4054603577, 30.2898597717, 45.115032196, 50.0348892212, 6.28872394562, 56.7667007446, 14.072063446, 104.946372986, 26.0753383636], [-363.929260254, 316.747650146, -63.6727638245, 12.7557544708, 3.86175274849, 23.9414901733, 81.4908905029, 23.9136505127, 70.0199050903, 6.57767868042, 75.4348678589, 26.0753383636, 108.165649414]],
        "icov": [[7.09848900442e-05, -9.44756393437e-05, 2.04938587558e-05, 7.4023137131e-06, 0.00016104131646, -6.39758436591e-05, -2.85383566734e-06, 2.7680976018e-06, 0.000131026637973, -0.000297038786812, 0.000398219446652, -0.0004639007675, 0.000303988606902], [-9.44756393437e-05, 0.00103804701939, -0.000255673425272, 7.22034092178e-05, -0.000228322620387, -3.51003618562e-05, -0.000202634982998, -0.000414279958932, -0.000451791944215, 0.00124942220282, -0.00246505672112, 0.00264902156778, -0.0019594640471], [2.04938587558e-05, -0.000255673425272, 0.00236459774897, -0.000404508697102, -0.000957517069764, 0.000272508506896, -0.000380529934773, -0.000450374674983, 0.000989557011053, -0.00135881232563, 0.000826798961498, -0.00145595520735, 0.00183385412674], [7.4023137131e-06, 7.22034092178e-05, -0.000404508697102, 0.00387326045893, -0.00101967877708, -0.00206124014221, 0.0011084676953, 9.76620431175e-05, -0.001542629092, 0.000164805620443, -0.000927191460505, 0.00134896324016, 6.45411637379e-05], [0.00016104131646, -0.000228322620387, -0.000957517069764, -0.00101967877708, 0.00467065582052, -0.000286219263216, -0.00257442891598, 0.0023621073924, -0.00106016325299, -0.00101732485928, 0.00322722969577, -0.00261870329268, 0.0012097270228], [-6.39758436591e-05, -3.51003618562e-05, 0.000272508506896, -0.00206124014221, -0.000286219263216, 0.00674301246181, -0.00166716764215, -0.00384196452796, 0.00623771967366, -0.00213066558354, -0.00128133839462, 0.00218368717469, -0.00262700114399], [-2.85383566734e-06, -0.000202634982998, -0.000380529934773, 0.0011084676953, -0.00257442891598, -0.00166716764215, 0.00908378884196, -0.0028311687056, -0.00445598457009, 0.00423782737926, -0.0033139497973, -0.00228993222117, -3.77079850296e-05], [2.7680976018e-06, -0.000414279958932, -0.000450374674983, 9.76620431175e-05, 0.0023621073924, -0.00384196452796, -0.0028311687056, 0.0162099357694, -0.00513280322775, -0.00334510440007, 0.00753761921078, -0.00567788351327, -0.000100787248812], [0.000131026637973, -0.000451791944215, 0.000989557011053, -0.001542629092, -0.00106016325299, 0.00623771967366, -0.00445598457009, -0.00513280322775, 0.0193635802716, -0.00966477207839, -0.00359102408402, 0.00693485978991, -0.00543713243678], [-0.000297038786812, 0.00124942220282, -0.00135881232563, 0.000164805620443, -0.00101732485928, -0.00213066558354, 0.00423782737926, -0.00334510440007, -0.00966477207839, 0.0205224528909, -0.00755781680346, -0.00563222449273, 0.00421424442902], [0.000398219446652, -0.00246505672112, 0.000826798961498, -0.000927191460505, 0.00322722969577, -0.00128133839462, -0.0033139497973, 0.00753761921078, -0.00359102408402, -0.00755781680346, 0.0193471927196, -0.00782555807382, 0.00133103760891], [-0.0004639007675, 0.00264902156778, -0.00145595520735, 0.00134896324016, -0.00261870329268, 0.00218368717469, -0.00228993222117, -0.00567788351327, 0.00693485978991, -0.00563222449273, -0.00782555807382, 0.027676993981, -0.0131047964096], [0.000303988606902, -0.0019594640471, 0.00183385412674, 6.45411637379e-05, 0.0012097270228, -0.00262700114399, -3.77079850296e-05, -0.000100787248812, -0.00543713243678, 0.00421424442902, 0.00133103760891, -0.0131047964096, 0.0231610294431]]
    },
    "melbands": {
        "dmean": [0.000650089001283, 0.00133935897611, 0.00122810597531, 0.0010234026704, 0.00033780146623, 0.000214119034354, 0.000133238805574, 0.000130907690618, 9.29833840928e-05, 8.79372819327e-05, 5.74344667257e-05, 4.22962366429e-05, 4.16521179432e-05, 2.08809742617e-05, 2.85890000669e-05, 2.38582415477e-05, 1.9338889615e-05, 1.13931146188e-05, 9.78591378953e-06, 1.05022909338e-05, 9.51518723014e-06, 1.2075615814e-05, 8.62183787831e-06, 6.10758479525e-06, 5.74598834646e-06, 5.03394312545e-06, 6.11475707046e-06, 4.6482241487e-06, 4.99430507261e-06, 3.92870515498e-06, 3.53997938873e-06, 4.50816287412e-06, 3.64612219528e-06, 3.57494855052e-06, 5.41428926226e-06, 3.98841984861e-06, 3.80842038794e-06, 3.0946764582e-06, 4.04948650612e-06, 3.94723520003e-06],
        "dmean2": [0.00104546733201, 0.00229216506705, 0.00220620259643, 0.00184322101995, 0.00059480156051, 0.000350566901034, 0.000218139015487, 0.000213758466998, 0.000153602522914, 0.000141968412208, 9.59807221079e-05, 6.76269846736e-05, 6.79802615196e-05, 3.48905596184e-05, 4.5895416406e-05, 3.93274422095e-05, 3.1955238228e-05, 1.92163515749e-05, 1.60226063599e-05, 1.84199379873e-05, 1.65337314684e-05, 2.1635187295e-05, 1.52314005391e-05, 1.06740408228e-05, 1.00884562926e-05, 8.55087091622e-06, 1.07173382276e-05, 7.94084280642e-06, 8.74519628269e-06, 6.7333462539e-06, 5.83054452363e-06, 7.91888942331e-06, 6.07178981227e-06, 6.00447810939e-06, 9.59124099609e-06, 6.62847423882e-06, 6.49854382573e-06, 5.21839592693e-06, 7.18106775821e-06, 6.9240177254e-06],
        "dvar": [2.03121476261e-06, 1.65005203598e-05, 1.03082938949e-05, 1.34566944325e-05, 1.07199139165e-06, 2.09688792552e-07, 6.64360655378e-08, 9.70838627268e-08, 4.69922945001e-08, 5.25568033538e-08, 3.24837010623e-08, 7.09196124049e-09, 7.59220775137e-09, 1.93954918792e-09, 1.04711403992e-08, 8.52972537047e-09, 5.2046451593e-09, 8.74572358978e-10, 6.32822738655e-10, 6.26603047227e-10, 4.35647740105e-10, 9.53611078991e-10, 5.06084230079e-10, 1.5140241838e-10, 1.51561208028e-10, 9.3513113919e-11, 2.75845540854e-10, 1.01186385659e-10, 1.7132573138e-10, 8.35156180323e-11, 6.02162278374e-11, 1.44020725901e-10, 7.50177142628e-11, 7.36147948155e-11, 2.78104761442e-10, 1.34608144076e-10, 1.08839458279e-10, 5.66022229087e-11, 1.61634969298e-10, 1.81642159647e-10],
        "dvar2": [5.24202687302e-06, 4.34367066191e-05, 2.86776485154e-05, 3.74950759578e-05, 3.08385233438e-06, 5.41942597465e-07, 1.76071978331e-07, 2.56524828046e-07, 1.22135489278e-07, 1.33707573013e-07, 8.63187210598e-08, 1.68710414528e-08, 1.9899202286e-08, 5.11344255827e-09, 2.68678643778e-08, 2.22005969164e-08, 1.31282344995e-08, 2.29661578643e-09, 1.65824154408e-09, 1.75601422292e-09, 1.21004917197e-09, 2.67768607287e-09, 1.42036760131e-09, 4.18746537445e-10, 4.24644125419e-10, 2.47934395237e-10, 7.7361211881e-10, 2.73672640105e-10, 4.75369910102e-10, 2.27976512668e-10, 1.53549478688e-10, 3.9902764426e-10, 1.95215260623e-10, 1.96329494329e-10, 7.79594444555e-10, 3.58697960223e-10, 2.93591595479e-10, 1.49791790083e-10, 4.5196071885e-10, 5.05225306036e-10],
        "max": [0.0158645063639, 0.0399302318692, 0.0313553847373, 0.0320626012981, 0.0095354905352, 0.00693312007934, 0.00561002455652, 0.00641260901466, 0.00344112771563, 0.00398123404011, 0.0029560867697, 0.00169468740933, 0.00226366636343, 0.00058822875144, 0.00227816193365, 0.00238127005287, 0.00188100710511, 0.00071191060124, 0.000790382560808, 0.00025937097962, 0.000392185000237, 0.000477149325889, 0.000597168458626, 0.00013649383618, 0.000130843953229, 9.29667803575e-05, 0.000206940996577, 0.000128352083266, 0.000147289654706, 0.000104405924503, 0.000130267275381, 0.000156157038873, 9.1717010946e-05, 8.93416799954e-05, 0.000154999666847, 0.000115544200526, 0.000119627911772, 7.41494441172e-05, 0.000140729549457, 0.000134283138323],
        "mean": [0.000842918816488, 0.00120962271467, 0.00101092120167, 0.000789752346464, 0.000342455721693, 0.000325225613778, 0.000248540163739, 0.000199437025003, 0.00011620852456, 0.000117915849842, 7.11073080311e-05, 6.73336908221e-05, 6.21177314315e-05, 2.44683196797e-05, 3.76897296519e-05, 2.90789539577e-05, 2.29210199905e-05, 1.39361400215e-05, 1.40093479786e-05, 1.17472318379e-05, 9.99059648166e-06, 1.16048322525e-05, 8.94227287063e-06, 6.63615901431e-06, 6.30913473287e-06, 6.06482944931e-06, 6.73662361805e-06, 5.44909744349e-06, 5.31517298441e-06, 4.78994297737e-06, 4.49143453807e-06, 4.70748273074e-06, 4.2940023377e-06, 4.03805461247e-06, 4.95163067171e-06, 4.13255793319e-06, 3.79161269848e-06, 3.26232452608e-06, 3.57022736353e-06, 3.17103581438e-06],
        "median": [0.000162008218467, 0.000134137400892, 0.000189882150153, 0.000140686694067, 8.49517673487e-05, 0.000101588870166, 0.000101725287095, 7.36444999347e-05, 4.34486719314e-05, 4.06874023611e-05, 2.37053045566e-05, 1.90618793567e-05, 1.8054368411e-05, 7.63507887314e-06, 8.54234986036e-06, 6.76197396388e-06, 6.54918176224e-06, 4.9191121434e-06, 4.96846178066e-06, 3.93479649574e-06, 3.72560839423e-06, 4.11442169934e-06, 3.05943240164e-06, 2.66001916316e-06, 2.39432347371e-06, 2.26075735554e-06, 2.56435669144e-06, 2.3397763016e-06, 2.08155938708e-06, 2.04682169169e-06, 1.79327935257e-06, 1.52070174408e-06, 1.41389557484e-06, 1.23526740481e-06, 9.99821054393e-07, 8.98114990378e-07, 7.58736632633e-07, 5.77965806769e-07, 4.30131279927e-07, 2.77684279126e-07],
        "min": [1.64680965688e-24, 3.39429492577e-25, 1.93328666397e-24, 2.76947370148e-24, 2.49983216939e-24, 2.32724892764e-24, 2.09105036476e-24, 2.27398464489e-24, 3.23173002029e-24, 1.73314614422e-24, 3.49788932313e-24, 2.92496844109e-24, 3.17431593475e-24, 3.55998687587e-24, 3.82616826681e-24, 3.71264763268e-24, 4.85087294472e-24, 3.52425897104e-24, 4.56862009055e-24, 5.33817914714e-24, 3.34444246643e-24, 4.72128242508e-24, 6.20508324501e-24, 4.61903027455e-24, 5.06076437691e-24, 4.56047983487e-24, 6.11361324533e-24, 5.40026328924e-24, 6.9759790264e-24, 3.50259369514e-24, 5.35583424863e-24, 6.85508057065e-24, 5.27868917413e-24, 6.75128461933e-24, 5.84847906723e-24, 5.56645498273e-24, 7.96460238979e-24, 7.17846542128e-24, 6.99975766067e-24, 7.52330965511e-24],
        "var": [2.38269876718e-06, 1.26482791529e-05, 6.91230843586e-06, 8.5414676505e-06, 6.98078338246e-07, 2.96177177006e-07, 1.53673255454e-07, 1.68928053768e-07, 4.83286832775e-08, 6.0231769794e-08, 2.90827966154e-08, 1.82117450009e-08, 1.34609043911e-08, 2.28935626012e-09, 1.26142696288e-08, 9.00312979724e-09, 5.63694557698e-09, 9.49858858235e-10, 7.90063792167e-10, 5.44366163258e-10, 3.44439810007e-10, 6.71073696612e-10, 3.7361988503e-10, 1.25818230834e-10, 1.23186710832e-10, 9.55052495422e-11, 2.02853914222e-10, 8.8415684496e-11, 1.23963866949e-10, 7.15565176557e-11, 6.07606256975e-11, 1.05363204272e-10, 6.98520338793e-11, 6.55482890188e-11, 1.88969770387e-10, 1.12264628149e-10, 9.00318847252e-11, 5.2459640798e-11, 1.15065630635e-10, 1.22406765279e-10]
    },
    "mfcc": {
        "mean": [-682.497375488, 98.2260513306, 15.6129465103, 15.1668710709, -5.32476091385, 0.500167489052, -4.97076034546, -0.0167931150645, -3.27653622627, -0.196171343327, -2.42346382141, -0.083821117878, -1.94324970245],
        "cov": [[13598.3183594, -871.701782227, 410.921173096, -179.768508911, 68.3045883179, 21.1069641113, -22.2695198059, 30.9654808044, 74.887260437, -32.6803665161, -152.991836548, -131.653884888, -104.733772278], [-871.701782227, 2228.64282227, 124.057121277, 169.116378784, -74.4494781494, 35.9607162476, 104.207420349, 92.8762893677, 60.4329376221, 107.185142517, 183.152984619, 148.867996216, 125.380859375], [410.921173096, 124.057121277, 396.385742188, 79.0115509033, 78.1043624878, 66.0960083008, 80.3458557129, 31.3246021271, 12.9424600601, 2.32115292549, 46.7642021179, 32.0213279724, 9.49261856079], [-179.768508911, 169.116378784, 79.0115509033, 301.98449707, 102.251373291, 89.8705368042, 31.9158287048, 32.2371063232, 36.1797637939, 68.0009231567, 64.7911987305, 54.3703536987, 38.1225471497], [68.3045883179, -74.4494781494, 78.1043624878, 102.251373291, 228.330200195, 105.625038147, 66.1922149658, 21.3755626678, 24.7498550415, 4.67918252945, 12.9478998184, -1.03123521805, -1.26658260822], [21.1069641113, 35.9607162476, 66.0960083008, 89.8705368042, 105.625038147, 172.562698364, 107.883644104, 55.3079452515, 40.0721168518, 31.5456447601, 33.4131889343, 37.9663009644, 20.1704540253], [-22.2695198059, 104.207420349, 80.3458557129, 31.9158287048, 66.1922149658, 107.883644104, 165.746734619, 89.7904281616, 45.8072624207, 16.712896347, 32.1046676636, 28.9101963043, 21.7530899048], [30.9654808044, 92.8762893677, 31.3246021271, 32.2371063232, 21.3755626678, 55.3079452515, 89.7904281616, 117.434402466, 73.5516815186, 31.1711540222, 13.434129715, 17.3259658813, 26.1914138794], [74.887260437, 60.4329376221, 12.9424600601, 36.1797637939, 24.7498550415, 40.0721168518, 45.8072624207, 73.5516815186, 114.465141296, 57.5043411255, 13.217045784, 9.8358745575, 26.7266635895], [-32.6803665161, 107.185142517, 2.32115292549, 68.0009231567, 4.67918252945, 31.5456447601, 16.712896347, 31.1711540222, 57.5043411255, 98.1182861328, 56.0022468567, 27.6013259888, 23.9660377502], [-152.991836548, 183.152984619, 46.7642021179, 64.7911987305, 12.9478998184, 33.4131889343, 32.1046676636, 13.434129715, 13.217045784, 56.0022468567, 112.425331116, 68.6302261353, 26.8354091644], [-131.653884888, 148.867996216, 32.0213279724, 54.3703536987, -1.03123521805, 37.9663009644, 28.9101963043, 17.3259658813, 9.8358745575, 27.6013259888, 68.6302261353, 105.506782532, 57.8869667053], [-104.733772278, 125.380859375, 9.49261856079, 38.1225471497, -1.26658260822, 20.1704540253, 21.7530899048, 26.1914138794, 26.7266635895, 23.9660377502, 26.8354091644, 57.8869667053, 92.2921829224]],
