{
"lowlevel": {
    "average_loudness": 0.949725151062,
    "barkbands_crest": {
        "dmean": 3.07677674294,
        "dmean2": 4.65213871002,
        "dvar": 9.78965473175,
        "dvar2": 23.6381130219,
        "max": 25.1657009125,
        "mean": 11.4294891357,
        "median": 10.8666381836,
        "min": 2.19013810158,
        "var": 27.0177154541
    },
    "barkbands_flatness_db": {
        "dmean": 0.0341996736825,
        "dmean2": 0.0490989722311,
        "dvar": 0.00161305814981,
        "dvar2": 0.003113276558,
        "max": 0.619010806084,
        "mean": 0.186252132058,
        "median": 0.142761647701,
        "min": 0.0152076203376,
        "var": 0.0174116194248
    },
    "barkbands_kurtosis": {
        "dmean": 6.69401454926,
        "dmean2": 9.83781337738,
        "dvar": 283.244506836,
        "dvar2": 568.028076172,
        "max": 530.818908691,
        "mean": 9.11877727509,
        "median": 3.12312150002,
        "min": -1.9223972559,
        "var": 496.790374756
    },
    "barkbands_skewness": {
        "dmean": 0.912805616856,
        "dmean2": 1.36180138588,
        "dvar": 1.24009430408,
        "dvar2": 2.68648838997,
        "max": 20.3817844391,
        "mean": 1.96769475937,
        "median": 1.67331194878,
        "min": -2.00672197342,
        "var": 3.21227192879
    },
    "barkbands_spread": {
        "dmean": 9.35643291473,
        "dmean2": 14.2350358963,
        "dvar": 160.117050171,
        "dvar2": 337.531585693,
        "max": 108.958076477,
        "mean": 22.4963207245,
        "median": 17.1626281738,
        "min": 0.347564637661,
        "var": 424.41418457
    },
    "dissonance": {
        "dmean": 0.0255961064249,
        "dmean2": 0.0410097017884,
        "dvar": 0.000926653679926,
        "dvar2": 0.00218743109144,
        "max": 0.5,
        "mean": 0.435026168823,
        "median": 0.462835907936,
        "min": 0.0726604387164,
        "var": 0.00510558532551
    },
    "dynamic_complexity": 3.01011538506,
    "erbbands_crest": {
        "dmean": 2.54129648209,
        "dmean2": 4.02727985382,
        "dvar": 8.54834842682,
        "dvar2": 19.5297336578,
        "max": 31.4578456879,
        "mean": 9.29158306122,
        "median": 7.74216938019,
        "min": 2.26943850517,
        "var": 27.4344806671
    },
    "erbbands_flatness_db": {
        "dmean": 0.0212993491441,
        "dmean2": 0.0314903110266,
        "dvar": 0.000710309366696,
        "dvar2": 0.00139530713204,
        "max": 0.569686591625,
        "mean": 0.184874936938,
        "median": 0.137144893408,
        "min": 0.0332034341991,
        "var": 0.0140247885138
    },
    "erbbands_kurtosis": {
        "dmean": 1.46834146976,
        "dmean2": 2.27038168907,
        "dvar": 7.29457807541,
        "dvar2": 16.864282608,
        "max": 51.8273162842,
        "mean": 1.54903817177,
        "median": 0.274316430092,
        "min": -1.88472175598,
        "var": 16.1709327698
    },
    "erbbands_skewness": {
        "dmean": 0.496612489223,
        "dmean2": 0.762832224369,
        "dvar": 0.330907166004,
        "dvar2": 0.770710349083,
        "max": 5.58305215836,
        "mean": 0.433156847954,
        "median": 0.305687606335,
        "min": -3.24226737022,
        "var": 1.01500952244
    },
    "erbbands_spread": {
        "dmean": 9.83549594879,
        "dmean2": 14.893456459,
        "dvar": 127.207244873,
        "dvar2": 281.402252197,
        "max": 124.129600525,
        "mean": 36.8348464966,
        "median": 34.819152832,
        "min": 1.42573094368,
        "var": 533.846557617
    },
    "hfc": {
        "dmean": 17.7973041534,
        "dmean2": 29.0217761993,
        "dvar": 1160.92553711,
        "dvar2": 3062.52734375,
        "max": 315.447906494,
        "mean": 22.1120414734,
        "median": 10.5790710449,
        "min": 1.03854251587e-12,
        "var": 1031.00402832
    },
    "melbands_crest": {
        "dmean": 3.68149018288,
        "dmean2": 5.58911991119,
        "dvar": 14.6937532425,
        "dvar2": 33.4203186035,
        "max": 38.2598648071,
        "mean": 16.2862815857,
        "median": 14.8771820068,
        "min": 2.87764716148,
        "var": 48.8991394043
    },
    "melbands_flatness_db": {
        "dmean": 0.0457020998001,
        "dmean2": 0.0664040744305,
        "dvar": 0.00287068798207,
        "dvar2": 0.00597391743213,
        "max": 0.759459376335,
        "mean": 0.252637714148,
        "median": 0.223939090967,
        "min": 0.0120844198391,
        "var": 0.0195120163262
    },
    "melbands_kurtosis": {
        "dmean": 13.6048974991,
        "dmean2": 20.2944927216,
        "dvar": 1195.38842773,
        "dvar2": 2298.19677734,
        "max": 809.948608398,
        "mean": 20.5467739105,
        "median": 9.19055652618,
        "min": -1.86896288395,
        "var": 2171.77880859
    },
    "melbands_skewness": {
        "dmean": 1.06037330627,
        "dmean2": 1.60072791576,
        "dvar": 1.87027835846,
        "dvar2": 4.16493415833,
        "max": 22.3252792358,
        "mean": 3.00331711769,
        "median": 2.4869594574,
        "min": -1.60444140434,
        "var": 5.224817276
    },
    "melbands_spread": {
        "dmean": 11.8136072159,
        "dmean2": 19.4107933044,
        "dvar": 340.562957764,
        "dvar2": 871.781860352,
        "max": 176.620910645,
        "mean": 21.2767105103,
        "median": 13.9222831726,
        "min": 0.220351070166,
        "var": 467.169433594
    },
    "pitch_salience": {
        "dmean": 0.0843074172735,
        "dmean2": 0.128759399056,
        "dvar": 0.00774625502527,
        "dvar2": 0.0185458753258,
        "max": 0.986287772655,
        "mean": 0.520965516567,
        "median": 0.530601263046,
        "min": 0.0613607242703,
        "var": 0.0209336914122
    },
    "silence_rate_20dB": {
        "dmean": 0,
        "dmean2": 0,
        "dvar": 0,
        "dvar2": 0,
        "max": 1,
        "mean": 1,
        "median": 1,
        "min": 1,
        "var": 0
    },
    "silence_rate_30dB": {
        "dmean": 0.0548835992813,
        "dmean2": 0.109781481326,
        "dvar": 0.0518725141883,
        "dvar2": 0.114630281925,
        "max": 1,
        "mean": 0.950455129147,
        "median": 1,
        "min": 0,
        "var": 0.0470871068537
    },
    "silence_rate_60dB": {
        "dmean": 0.0101443622261,
        "dmean2": 0.0201612897217,
        "dvar": 0.0100403856486,
        "dvar2": 0.0228774342686,
        "max": 1,
        "mean": 0.0486345887184,
        "median": 0,
        "min": 0,
        "var": 0.046268902719
    },
    "spectral_centroid": {
        "dmean": 386.255371094,
        "dmean2": 610.102722168,
        "dvar": 258985.515625,
        "dvar2": 628005,
        "max": 4166.76708984,
        "mean": 1285.00012207,
        "median": 1067.26586914,
        "min": 205.229095459,
        "var": 664749.0625
    },
    "spectral_complexity": {
        "dmean": 5.68942642212,
        "dmean2": 9.02419376373,
        "dvar": 60.8009300232,
        "dvar2": 130.392532349,
        "max": 56,
        "mean": 16.1276988983,
        "median": 12,
        "min": 0,
        "var": 145.022689819
    },
    "spectral_decrease": {
        "dmean": 3.11655345975e-09,
        "dmean2": 4.56037207996e-09,
        "dvar": 2.8356148445e-17,
        "dvar2": 5.3621718511e-17,
        "max": -1.73922135926e-24,
        "mean": -7.23785298362e-09,
        "median": -4.58755256005e-09,
        "min": -5.2580674037e-08,
        "var": 6.33425531638e-17
    },
    "spectral_energy": {
        "dmean": 0.0129869636148,
        "dmean2": 0.0191024858505,
        "dvar": 0.000429099192843,
        "dvar2": 0.000823376118205,
        "max": 0.199975416064,
        "mean": 0.0293228458613,
        "median": 0.0188480373472,
        "min": 1.00762966613e-16,
        "var": 0.000951845606323
    },
    "spectral_energyband_high": {
        "dmean": 0.00128675659653,
        "dmean2": 0.00218207063153,
        "dvar": 1.09098364192e-05,
        "dvar2": 2.94209366984e-05,
        "max": 0.033235963434,
        "mean": 0.00120220845565,
        "median": 0.000240084977122,
        "min": 7.47880792461e-17,
        "var": 8.48395939101e-06
    },
    "spectral_energyband_low": {
        "dmean": 0.00785361882299,
        "dmean2": 0.0120361931622,
        "dvar": 0.000389184395317,
        "dvar2": 0.000756148598157,
        "max": 0.192133188248,
        "mean": 0.0145968059078,
        "median": 0.00526736769825,
        "min": 2.77527967024e-18,
        "var": 0.000771645689383
    },
    "spectral_energyband_middle_high": {
        "dmean": 0.00358376395889,
        "dmean2": 0.00576639967039,
        "dvar": 4.76529603475e-05,
        "dvar2": 0.000118826581456,
        "max": 0.0914131999016,
        "mean": 0.0044884388335,
        "median": 0.001651736442,
        "min": 1.50252908039e-17,
        "var": 5.40220280527e-05
    },
    "spectral_energyband_middle_low": {
        "dmean": 0.00432336749509,
        "dmean2": 0.00679914606735,
        "dvar": 5.63119938306e-05,
        "dvar2": 0.000143227996887,
        "max": 0.0722932145,
        "mean": 0.0100368447602,
        "median": 0.00812350399792,
        "min": 6.65987223481e-18,
        "var": 7.64609940234e-05
    },
    "spectral_entropy": {
        "dmean": 0.264622062445,
        "dmean2": 0.390444248915,
        "dvar": 0.130373522639,
        "dvar2": 0.26674541831,
        "max": 8.9183177948,
        "mean": 7.29921627045,
        "median": 7.66571998596,
        "min": 4.12777423859,
        "var": 1.15677905083
    },
    "spectral_flux": {
        "dmean": 0.0388392545283,
        "dmean2": 0.0594200491905,
        "dvar": 0.00266905291937,
        "dvar2": 0.00502859102562,
        "max": 0.415106087923,
        "mean": 0.0841928049922,
        "median": 0.0608033910394,
        "min": 1.53531038904e-06,
        "var": 0.00554538983852
    },
    "spectral_kurtosis": {
        "dmean": 7.72775888443,
        "dmean2": 13.135966301,
        "dvar": 681.335083008,
        "dvar2": 2035.94213867,
        "max": 740.466003418,
        "mean": 19.4980506897,
        "median": 3.81628370285,
        "min": -0.33628320694,
        "var": 3726.85351562
    },
    "spectral_rms": {
        "dmean": 0.00104781019036,
        "dmean2": 0.00150823791046,
        "dvar": 1.92461538973e-06,
        "dvar2": 3.54262374458e-06,
        "max": 0.0139677468687,
        "mean": 0.00476573221385,
        "median": 0.00428816117346,
        "min": 3.13536807628e-10,
        "var": 5.8954810811e-06
    },
    "spectral_rolloff": {
        "dmean": 973.18170166,
        "dmean2": 1621.59838867,
        "dvar": 3161288.5,
        "dvar2": 6633805,
        "max": 17377.2949219,
        "mean": 1679.82739258,
        "median": 710.595703125,
        "min": 43.06640625,
        "var": 5838589.5
    },
    "spectral_skewness": {
        "dmean": 0.523603916168,
        "dmean2": 0.841428875923,
        "dvar": 0.773252248764,
        "dvar2": 1.90968871117,
        "max": 23.4043445587,
        "mean": 2.39879894257,
        "median": 1.55858373642,
        "min": 0.511423587799,
        "var": 7.33628082275
    },
    "spectral_spread": {
        "dmean": 734054.0625,
        "dmean2": 1103952,
        "dvar": 811161747456,
        "dvar2": 1.51899681587e+12,
        "max": 12113453,
        "mean": 4686252,
        "median": 4580476.5,
        "min": 147230.609375,
        "var": 5.62095456256e+12
    },
    "spectral_strongpeak": {
        "dmean": 0.429663449526,
        "dmean2": 0.724810779095,
        "dvar": 1.10184252262,
        "dvar2": 2.51330113411,
        "max": 17.2804355621,
        "mean": 0.758328795433,
        "median": 0.427207171917,
        "min": 0,
        "var": 1.4088023901
    },
    "zerocrossingrate": {
        "dmean": 0.0159557908773,
        "dmean2": 0.0180060695857,
        "dvar": 0.000397089606849,
        "dvar2": 0.000542266177945,
        "max": 0.6796875,
        "mean": 0.0600063353777,
        "median": 0.0439453125,
        "min": 0.00146484375,
        "var": 0.00305426795967
    },
    "barkbands": {
        "dmean": [0.000863323977683, 0.00620826752856, 0.00371981575154, 0.00149524083827, 0.00110480608419, 0.00108804542106, 0.000753926171456, 0.000677096832078, 0.000495003012475, 0.000282150343992, 0.000462592113763, 0.000721016083844, 0.000350365851773, 0.00036094035022, 0.000258818850853, 0.000737539143302, 0.000420887285145, 0.000330458511598, 0.000274224119494, 0.000169304941664, 0.00027221289929, 0.000192280029296, 0.000180847142474, 0.000203105722903, 0.000210587575566, 0.000154011926497, 2.60638898908e-05],
        "dmean2": [0.00107845268212, 0.00878416839987, 0.00682666059583, 0.00263291201554, 0.00175193697214, 0.00165159883909, 0.00114322465379, 0.00104935467243, 0.00076982245082, 0.000477363937534, 0.000719350355212, 0.00109241530299, 0.000588458322454, 0.000611170195043, 0.000445674988441, 0.00124637142289, 0.000736490823328, 0.000582304375712, 0.000482211558847, 0.000298035156447, 0.000485372176627, 0.00033024296863, 0.000296957266983, 0.000346455140971, 0.000354549818439, 0.000253851496382, 4.43648532382e-05],
        "dvar": [4.88955856781e-06, 0.000243519214564, 0.000170088678715, 2.06687145692e-05, 5.67442475585e-06, 2.39429027715e-06, 1.82831274742e-06, 3.05686285174e-06, 1.01063744751e-06, 7.97686141141e-07, 4.96195070809e-06, 6.5072167672e-06, 7.89704643012e-07, 6.57672785565e-07, 4.03224191814e-07, 6.44584360998e-06, 7.94822028638e-07, 6.21339268037e-07, 3.30221979539e-07, 1.22764305388e-07, 3.95371046125e-07, 1.63513973916e-07, 1.90843991277e-07, 3.92750536093e-07, 5.59759200769e-07, 3.28473106492e-07, 9.22644982637e-09],
        "dvar2": [7.9977344285e-06, 0.000433616427472, 0.000488272373332, 5.78785620746e-05, 1.51369831656e-05, 6.22714287601e-06, 4.69219821753e-06, 6.96400411471e-06, 2.17967794924e-06, 2.12715121961e-06, 9.98565246846e-06, 1.404764771e-05, 2.12265649679e-06, 1.70887130935e-06, 1.06415586743e-06, 1.5856421669e-05, 2.02710180019e-06, 1.69514351001e-06, 8.6496311269e-07, 3.47704883552e-07, 1.12778343464e-06, 4.65561839746e-07, 5.03740750446e-07, 1.06092670649e-06, 1.49304253227e-06, 8.59462488734e-07, 2.41997408779e-08],
        "max": [0.0594291649759, 0.167812436819, 0.11646065861, 0.0495265126228, 0.034957010299, 0.0283507592976, 0.0173789747059, 0.0243434011936, 0.0318701528013, 0.0116343554109, 0.0848944038153, 0.0653314366937, 0.0152536379173, 0.00775538757443, 0.00802279263735, 0.0603091940284, 0.00809732079506, 0.0116441166028, 0.00520673580468, 0.00415791803971, 0.00568797858432, 0.00418935855851, 0.00577900791541, 0.00733665656298, 0.00740781286731, 0.0056556831114, 0.00126242323313],
        "mean": [0.00120928627439, 0.0089958133176, 0.00343580613844, 0.00162144447677, 0.00204212823883, 0.00277438363992, 0.00149843259715, 0.00100784818642, 0.000977692427114, 0.000312775984639, 0.000588567112572, 0.000834306702018, 0.000389883934986, 0.000393441965571, 0.000257971463725, 0.000675802759361, 0.00039689836558, 0.000316493940772, 0.00029563670978, 0.000180669783731, 0.000246069103014, 0.00018880260177, 0.000180895978701, 0.000176257410203, 0.000178865244379, 0.000125903592561, 2.08382443816e-05],
        "median": [4.91528844577e-05, 0.0022387560457, 0.000631450326182, 0.000399863813072, 0.00122638372704, 0.00146567064803, 0.000849612639286, 0.000441174750449, 0.000383835256798, 8.80744482856e-05, 0.000154779641889, 0.000144563004142, 9.51475303737e-05, 9.45177016547e-05, 7.57354864618e-05, 8.0703459389e-05, 5.82875436521e-05, 6.50336005492e-05, 6.41637161607e-05, 6.01540596108e-05, 4.44162287749e-05, 3.37845849572e-05, 3.31855117111e-05, 3.24289867422e-05, 2.38041866396e-05, 8.81697815203e-06, 1.8430969817e-07],
        "min": [8.12016789262e-19, 1.20687388451e-18, 7.81600944549e-19, 7.6284033316e-19, 1.74741201298e-18, 1.47902685259e-18, 1.14893701703e-18, 8.12449197928e-19, 6.2144461249e-19, 1.95344582392e-19, 3.19754582159e-20, 2.37643484066e-19, 9.90564706759e-19, 2.12055070576e-18, 3.24420856629e-18, 3.20126693235e-18, 1.82008458608e-18, 1.02095242733e-18, 1.66043748709e-18, 1.00712682718e-18, 5.01462778083e-18, 2.89604907364e-18, 6.76363832035e-18, 3.54734627255e-18, 5.1887224164e-18, 2.90962798786e-17, 2.32216249703e-17],
        "var": [1.13461182991e-05, 0.000411148823332, 0.000107242492959, 1.51588483277e-05, 6.85845361659e-06, 1.29844474941e-05, 3.60014860235e-06, 3.71266719412e-06, 2.69874135483e-06, 6.99269548932e-07, 6.23742562311e-06, 7.58862961447e-06, 7.79827644237e-07, 6.22884556378e-07, 3.1155585134e-07, 6.22219840807e-06, 7.45720456052e-07, 4.79404377529e-07, 3.44298854316e-07, 1.0310874643e-07, 2.85220806973e-07, 1.41324960623e-07, 1.63681193044e-07, 2.81974337213e-07, 4.13607466498e-07, 2.50436102078e-07, 7.05486780106e-09]
    },
    "erbbands": {
        "dmean": [0.315868347883, 1.00822043419, 3.35152649879, 5.63037395477, 3.96820497513, 3.61512899399, 5.17018651962, 10.9066333771, 8.58647251129, 14.3781118393, 15.8002519608, 10.2914609909, 11.8508110046, 11.9082489014, 19.0759773254, 29.8601760864, 15.1032075882, 19.3455142975, 13.0316810608, 20.6668643951, 41.0694122314, 25.6429805756, 18.4288902283, 15.209903717, 12.6195459366, 7.84374761581, 9.97552776337, 10.3615217209, 6.6632027626, 5.75757741928, 5.17750072479, 3.53297019005, 3.90759801865, 2.80170845985, 1.25180709362, 0.810421943665, 0.239004701376, 0.0504616722465, 0.00351847568527, 7.44580247556e-05],
        "dmean2": [0.465240061283, 1.49566781521, 6.1313252449, 10.0860328674, 6.68939065933, 5.60271596909, 7.7158908844, 16.7720546722, 13.9017562866, 20.9075870514, 24.8152446747, 16.0871677399, 19.0857200623, 19.1105499268, 29.9127826691, 45.3550109863, 24.7226371765, 31.7774753571, 22.84608078, 34.8924980164, 70.5273132324, 44.6664772034, 32.2246742249, 26.5948066711, 22.0108470917, 13.9391222, 17.7970523834, 18.085477829, 11.536532402, 9.67983818054, 8.62153148651, 5.87273788452, 6.74041080475, 4.77308940887, 2.0782763958, 1.34707427025, 0.393671274185, 0.083307929337, 0.00588599639013, 0.000120233002235],
        "dvar": [0.706198275089, 6.51539182663, 136.618179321, 329.717254639, 104.857200623, 57.432926178, 67.1723098755, 269.974182129, 352.689910889, 531.671569824, 1891.40026855, 573.038085938, 866.804992676, 2898.36669922, 4251.68310547, 14504.4042969, 1327.76062012, 1833.87878418, 1127.38500977, 3856.5690918, 16822.0703125, 3076.18212891, 1951.33740234, 1052.7253418, 626.598754883, 280.486785889, 520.690185547, 561.035522461, 230.65447998, 132.116836548, 154.029525757, 79.0433120728, 175.174697876, 99.8978652954, 19.5500564575, 9.46281242371, 0.765474915504, 0.0332176052034, 0.000156380207045, 4.6518664476e-08],
        "dvar2": [1.27863037586, 13.0883245468, 389.43951416, 931.309265137, 287.616394043, 150.078079224, 164.596511841, 726.548278809, 974.710083008, 1195.52734375, 4427.51220703, 1206.84191895, 2250.22607422, 5539.265625, 9788.07617188, 30913.9609375, 3572.85620117, 4609.33007812, 3074.20532227, 10038.4912109, 42910.234375, 7815.60742188, 5279.09082031, 2787.83178711, 1662.39575195, 803.928344727, 1515.08740234, 1555.84838867, 667.860900879, 358.515899658, 409.433624268, 207.109420776, 478.746948242, 268.947296143, 51.6010856628, 25.2272205353, 1.9608310461, 0.0858402773738, 0.000399671058403, 1.19236645446e-07],
        "max": [8.91636371613, 24.6878185272, 99.6533584595, 166.974014282, 159.632766724, 148.701141357, 157.990463257, 294.099945068, 228.892303467, 398.251190186, 623.016845703, 879.731628418, 397.623138428, 3168.08862305, 2348.21801758, 3314.09643555, 658.110839844, 540.42199707, 404.502502441, 1027.22998047, 2689.49389648, 454.944641113, 672.561645508, 332.795227051, 221.500946045, 184.87878418, 262.138153076, 227.76373291, 182.550537109, 106.669540405, 161.720825195, 117.07925415, 154.083648682, 100.38433075, 47.787815094, 33.172492981, 9.22873878479, 2.1173684597, 0.157047942281, 0.00236407550983],
        "mean": [0.422314584255, 1.40596139431, 3.16365289688, 5.83777666092, 5.29423475266, 6.93427085876, 12.468506813, 26.0978183746, 16.4877967834, 32.2722892761, 22.9576358795, 20.4537601471, 17.8267269135, 15.1418104172, 25.2361660004, 35.2433319092, 18.3137149811, 22.7075538635, 12.7453775406, 19.8046283722, 37.7383155823, 24.3053035736, 17.5939445496, 16.0338058472, 13.5430135727, 8.27824306488, 9.20292568207, 9.42744350433, 6.62172842026, 5.8157658577, 5.02987098694, 3.36292695999, 3.21029043198, 2.32040309906, 1.08649361134, 0.650872707367, 0.198297426105, 0.0428082607687, 0.00292570726015, 8.53549281601e-05],
        "median": [0.0854442566633, 0.370200276375, 0.751953065395, 1.34167432785, 1.61400651932, 3.78394126892, 5.65541934967, 11.9233913422, 9.75632381439, 16.730846405, 8.32189750671, 7.58722114563, 6.32829046249, 5.32287216187, 7.1836977005, 6.20104122162, 5.27088785172, 6.11067199707, 3.99473810196, 4.6330370903, 4.71233415604, 3.7463145256, 3.70972776413, 3.15599679947, 3.44725084305, 2.65421390533, 1.79010009766, 1.69348359108, 1.22944867611, 1.09732079506, 0.883315503597, 0.674628138542, 0.520599484444, 0.323206663132, 0.137132287025, 0.0482572875917, 0.0133762285113, 0.0018753829645, 7.68977406551e-05, 3.1250732718e-05],
        "min": [4.42746569984e-17, 2.43500875921e-16, 8.09369044919e-16, 1.91471861254e-15, 3.69802175739e-15, 6.2473897583e-15, 9.3978025977e-15, 1.27910733356e-14, 1.57976100056e-14, 1.76690462934e-14, 1.74209638956e-14, 1.4459325054e-14, 9.05520741669e-15, 3.4004419306e-15, 2.26976666019e-15, 1.29320475701e-14, 4.25837445547e-14, 9.22426468975e-14, 1.48560458098e-13, 1.81722827975e-13, 1.6283490127e-13, 1.01230167911e-13, 5.79769115746e-14, 7.29094451371e-14, 7.98064007457e-14, 4.73870447818e-14, 1.28458861929e-13, 2.27919842288e-13, 1.04898125505e-13, 1.4788562356e-13, 1.94241974935e-13, 1.1279191692e-13, 3.81848110802e-14, 3.49618202227e-14, 5.62620730441e-14, 8.85532492061e-14, 4.43099909249e-14, 1.88352531136e-14, 3.97543732959e-15, 3.04757795741e-16],
        "var": [1.08690392971, 9.41389560699, 87.3002929688, 224.672393799, 116.885406494, 80.7909088135, 265.322814941, 1337.62036133, 444.753295898, 1727.42602539, 2183.96508789, 1539.03796387, 1000.48681641, 3697.64477539, 5044.77490234, 16803.6152344, 1394.42504883, 1981.20288086, 796.018737793, 3196.24658203, 15016.4511719, 2899.75537109, 1508.78991699, 1017.35858154, 628.312072754, 223.848419189, 375.598510742, 430.967529297, 191.190719604, 122.788116455, 129.157226562, 65.0664367676, 120.607307434, 71.6080245972, 14.9033050537, 6.957695961, 0.600515127182, 0.026312334463, 0.000127081642859, 3.83055009934e-08]
    },
    "gfcc": {
        "mean": [-48.751499176, 97.3240890503, -109.695899963, 19.2813034058, -62.3850021362, 1.84111952782, -39.20860672, 3.30643558502, -19.516210556, 2.60973358154, -8.47431468964, 1.12122285366, -9.31223583221],
        "cov": [[26663.3652344, -4172.37548828, -899.363830566, 3245.86523438, 767.949768066, 2988.67358398, 138.867630005, 1576.64477539, -665.554870605, 548.411621094, -886.923828125, 472.584442139, -652.955383301], [-4172.37548828, 3704.43286133, -431.339172363, -1295.24328613, -365.465911865, -1348.85424805, -167.705932617, -836.291381836, 180.151016235, -433.485107422, 450.802825928, -367.293334961, 297.204681396], [-899.363830566, -431.339172363, 2000.24243164, 415.656616211, 420.202880859, 753.744628906, 335.31930542, 467.521759033, -17.9015293121, 221.894104004, -118.20489502, 113.636497498, -122.699104309], [3245.86523438, -1295.24328613, 415.656616211, 1273.1270752, 431.440307617, 940.658935547, 194.560073853, 545.189331055, -47.3410873413, 212.711013794, -165.855880737, 164.25201416, -121.969444275], [767.949768066, -365.465911865, 420.202880859, 431.440307617, 469.991363525, 461.393798828, 227.548095703, 259.523895264, 25.2816028595, 121.267700195, -40.112033844, 68.8643493652, -42.0677642822], [2988.67358398, -1348.85424805, 753.744628906, 940.658935547, 461.393798828, 1317.65661621, 387.070678711, 710.695800781, -81.7803726196, 273.23046875, -211.507888794, 148.609817505, -169.200073242], [138.867630005, -167.705932617, 335.31930542, 194.560073853, 227.548095703, 387.070678711, 298.2550354, 239.555114746, 23.4735546112, 78.5570907593, -23.7759876251, 32.9355430603, -20.7085781097], [1576.64477539, -836.291381836, 467.521759033, 545.189331055, 259.523895264, 710.695800781, 239.555114746, 517.123535156, -2.25285315514, 169.975540161, -145.165664673, 97.496383667, -78.1168823242], [-665.554870605, 180.151016235, -17.9015293121, -47.3410873413, 25.2816028595, -81.7803726196, 23.4735546112, -2.25285315514, 122.581260681, 10.4458751678, 39.7039718628, -8.5183057785, 48.5951347351], [548.411621094, -433.485107422, 221.894104004, 212.711013794, 121.267700195, 273.23046875, 78.5570907593, 169.975540161, 10.4458751678, 153.610275269, -9.93477058411, 66.7308425903, -43.1701431274], [-886.923828125, 450.802825928, -118.20489502, -165.855880737, -40.112033844, -211.507888794, -23.7759876251, -145.165664673, 39.7039718628, -9.93477058411, 200.112350464, 2.64510154724, 66.0456314087], [472.584442139, -367.293334961, 113.636497498, 164.25201416, 68.8643493652, 148.609817505, 32.9355430603, 97.496383667, -8.5183057785, 66.7308425903, 2.64510154724, 115.953773499, -0.00997578725219], [-652.955383301, 297.204681396, -122.699104309, -121.969444275, -42.0677642822, -169.200073242, -20.7085781097, -78.1168823242, 48.5951347351, -43.1701431274, 66.0456314087, -0.00997578725219, 118.069915771]],
        "icov": [[0.000111256566015, -0.000174053755472, 0.000225293217227, -0.000142767545185, -5.55493315915e-05, -0.000159722461831, 0.000234228515183, -0.000163451317349, 0.000435609312262, -0.000332756579155, 0.000441785232397, -0.000501281232573, 0.000276182807283], [-0.000174053755472, 0.00146070576739, -0.000692794448696, 0.000446890568128, -8.69844297995e-05, 0.00034658057848, -0.000632083858363, 0.000533364654984, -0.00123580056243, 0.00242786388844, -0.00269326334819, 0.00329406443052, -0.00128688570112], [0.000225293217227, -0.000692794448696, 0.0012964589987, -0.000118583680887, -0.000446165591711, -0.000429801788414, 0.000315192184644, -0.00068731396459, 0.00116613518912, -0.00156711658929, 0.00157321896404, -0.00195932225324, 0.00110712950118], [-0.000142767545185, 0.000446890568128, -0.000118583680887, 0.00253200391307, -0.00125951389782, -0.00103411916643, 0.00129326875322, -0.000705246813595, -0.000871072697919, 0.00131947163027, -0.00101591367275, 2.58255149674e-05, -0.000183290685527], [-5.55493315915e-05, -8.69844297995e-05, -0.000446165591711, -0.00125951389782, 0.0049786856398, -0.000306537462166, -0.00283882953227, 0.00143096782267, -0.00144922535401, -0.000865123409312, 0.000242169306148, -0.000402645760914, 7.50811668695e-05], [-0.000159722461831, 0.00034658057848, -0.000429801788414, -0.00103411916643, -0.000306537462166, 0.00554738240317, -0.0026706175413, -0.00355808483437, 0.00258752610534, -0.00146965414751, -0.000429659121437, 0.00150320236571, 0.000385470746551], [0.000234228515183, -0.000632083858363, 0.000315192184644, 0.00129326875322, -0.00283882953227, -0.0026706175413, 0.0096279354766, -0.00312471878715, -0.000344265601598, 0.00100418692455, -0.000754155800678, -0.000682306301314, 0.000263320282102], [-0.000163451317349, 0.000533364654984, -0.00068731396459, -0.000705246813595, 0.00143096782267, -0.00355808483437, -0.00312471878715, 0.0113827725872, -0.00397082976997, -0.00165332923643, 0.00281309313141, -0.000349355948856, -0.00183921610005], [0.000435609312262, -0.00123580056243, 0.00116613518912, -0.000871072697919, -0.00144922535401, 0.00258752610534, -0.000344265601598, -0.00397082976997, 0.0154808489606, -0.00636798422784, 0.00195632176474, 0.000139254552778, -0.00345830130391], [-0.000332756579155, 0.00242786388844, -0.00156711658929, 0.00131947163027, -0.000865123409312, -0.00146965414751, 0.00100418692455, -0.00165332923643, -0.00636798422784, 0.0202550292015, -0.00835844688118, 0.000282110675471, 0.00315316487104], [0.000441785232397, -0.00269326334819, 0.00157321896404, -0.00101591367275, 0.000242169306148, -0.000429659121437, -0.000754155800678, 0.00281309313141, 0.00195632176474, -0.00835844688118, 0.0142185874283, -0.00754910986871, -0.00080794171663], [-0.000501281232573, 0.00329406443052, -0.00195932225324, 2.58255149674e-05, -0.000402645760914, 0.00150320236571, -0.000682306301314, -0.000349355948856, 0.000139254552778, 0.000282110675471, -0.00754910986871, 0.0218045711517, -0.00714309420437], [0.000276182807283, -0.00128688570112, 0.00110712950118, -0.000183290685527, 7.50811668695e-05, 0.000385470746551, 0.000263320282102, -0.00183921610005, -0.00345830130391, 0.00315316487104, -0.00080794171663, -0.00714309420437, 0.0166335329413]]
    },
    "melbands": {
        "dmean": [0.00213899253868, 0.00148443970829, 0.000897829362657, 0.000253984151641, 0.000170050261659, 0.000231640922721, 0.000136455331813, 0.000150721753016, 0.000115096183436, 6.89414519002e-05, 5.8535959397e-05, 4.5584194595e-05, 6.8226865551e-05, 8.65308247739e-05, 4.32077613368e-05, 3.97263502236e-05, 3.51398193743e-05, 2.18233963096e-05, 2.10507078009e-05, 4.11805631302e-05, 4.81320057588e-05, 2.88661231025e-05, 1.68578590092e-05, 1.63927379617e-05, 1.21752864288e-05, 1.07846299215e-05, 6.81179835738e-06, 4.86709723191e-06, 5.72136923438e-06, 7.00935970599e-06, 5.99847089688e-06, 3.72054455511e-06, 3.70079487766e-06, 3.16571436088e-06, 3.22655091622e-06, 2.4942617074e-06, 2.01740044758e-06, 2.48399601332e-06, 3.11910821438e-06, 2.23784172704e-06],
        "dmean2": [0.00307848979719, 0.00249589979649, 0.00158539332915, 0.000415924354456, 0.000254732614849, 0.00035672049853, 0.000216859960346, 0.000217821725528, 0.000181650335435, 0.00010751427908, 9.4390619779e-05, 7.40488467272e-05, 0.000106206796772, 0.000131078923005, 6.96467541275e-05, 6.38518977212e-05, 5.85184970987e-05, 3.91672692786e-05, 3.62343162124e-05, 6.69641885906e-05, 8.45608228701e-05, 5.04301970068e-05, 2.95286063192e-05, 2.86812592094e-05, 2.14904321183e-05, 1.88349386008e-05, 1.18207481137e-05, 8.74827765074e-06, 1.01754330899e-05, 1.27785133373e-05, 1.02207341115e-05, 6.39572817818e-06, 6.54140285405e-06, 5.2128311836e-06, 5.40924565939e-06, 4.19376510763e-06, 3.3746509871e-06, 4.33149125456e-06, 5.37939104106e-06, 3.79626158065e-06],
        "dvar": [3.06683941744e-05, 2.1127589207e-05, 7.59827344154e-06, 3.82367574048e-07, 7.359136589e-08, 1.19207214766e-07, 7.3822256752e-08, 5.92849573877e-08, 9.38702910958e-08, 2.38885817794e-08, 2.15518269897e-08, 3.98913790889e-08, 8.52233696946e-08, 8.69034479933e-08, 2.22824034779e-08, 9.34820665321e-09, 6.23754115026e-09, 3.6082570265e-09, 2.76912404118e-09, 2.7627308441e-08, 2.2626963414e-08, 3.80779985321e-09, 1.71884528832e-09, 1.47621814772e-09, 6.96766699892e-10, 4.86958695589e-10, 1.90529703126e-10, 1.11984158058e-10, 2.11140771533e-10, 3.05530933886e-10, 1.75580619488e-10, 7.13647752004e-11, 6.35760749601e-11, 4.44585375459e-11, 6.46932438175e-11, 3.69634114983e-11, 2.66705928176e-11, 6.85351081442e-11, 1.28435345692e-10, 6.36209140925e-11],
        "dvar2": [5.45485600014e-05, 5.68937030039e-05, 2.12607865251e-05, 1.04294190351e-06, 1.85772165651e-07, 3.20494734751e-07, 2.02226857482e-07, 1.31419795935e-07, 2.1960259744e-07, 4.99080421434e-08, 5.61287905043e-08, 7.70960610907e-08, 1.81137693289e-07, 1.86870053653e-07, 5.17910372366e-08, 2.36566481959e-08, 1.59094248886e-08, 9.99532101531e-09, 7.4332011657e-09, 6.55119336557e-08, 6.08444281625e-08, 9.64012869531e-09, 4.69646943557e-09, 3.99826882713e-09, 1.8566280735e-09, 1.27161203789e-09, 5.15801457102e-10, 3.23928606161e-10, 6.22919382742e-10, 8.7650559033e-10, 4.71917116496e-10, 2.03744895955e-10, 1.84761456135e-10, 1.16147501339e-10, 1.74357805971e-10, 9.71627014956e-11, 7.02398972319e-11, 1.88477289331e-10, 3.51751905381e-10, 1.69933775385e-10],
        "max": [0.0605115517974, 0.0414404608309, 0.0250785667449, 0.00849324930459, 0.00430395407602, 0.00611090241, 0.00336754648015, 0.00364674744196, 0.00450782151893, 0.00609156675637, 0.00201790360734, 0.0116742979735, 0.0102629987523, 0.0071581332013, 0.00406231544912, 0.00209590024315, 0.00092420889996, 0.00080580834765, 0.000684173079208, 0.00440639676526, 0.00231235125102, 0.000498843728565, 0.000617365934886, 0.000517375243362, 0.000268421106739, 0.000207930846955, 0.000199787464226, 0.000123192032333, 0.000187240919331, 0.000168611120898, 0.000132011453388, 0.000101955549326, 8.34383099573e-05, 8.31821962493e-05, 0.000103112957731, 7.7688600868e-05, 6.66232808726e-05, 0.000105435552541, 0.000119175136206, 8.0075529695e-05],
        "mean": [0.00305887497962, 0.00171586940996, 0.00100004265551, 0.000403963029385, 0.000406390376156, 0.000558215251658, 0.000282779568806, 0.000323247048073, 0.000167054022313, 0.000134180227178, 8.60223299242e-05, 5.57768871658e-05, 8.72390373843e-05, 0.000101247649582, 4.88507103e-05, 4.83193034597e-05, 3.9451460907e-05, 1.96518631128e-05, 2.02895389521e-05, 3.90139575757e-05, 4.32330380136e-05, 2.68532239716e-05, 1.53607761604e-05, 1.58946077136e-05, 1.26346676552e-05, 1.14152380775e-05, 7.40477435102e-06, 4.9293862503e-06, 5.37061350769e-06, 5.91879734202e-06, 5.56220948056e-06, 3.77311857847e-06, 3.41811733051e-06, 3.23649373968e-06, 3.10420819005e-06, 2.31774720305e-06, 1.91092908608e-06, 2.04708135243e-06, 2.4665946512e-06, 1.86834381566e-06],
        "median": [0.000724732410163, 0.000559990759939, 0.000272820703685, 0.000200037233299, 0.000215187465074, 0.000270198681392, 0.000176518471562, 0.00017321089399, 4.90116872243e-05, 5.11062753503e-05, 2.69864176516e-05, 1.8111177269e-05, 2.24527102546e-05, 1.74295491888e-05, 1.04081882455e-05, 1.23144545796e-05, 9.97121242108e-06, 4.963898391e-06, 5.38142967343e-06, 5.434805189e-06, 4.95442054671e-06, 3.64429115507e-06, 3.04763671011e-06, 3.15180841426e-06, 2.26475049203e-06, 2.58194722846e-06, 2.19500043386e-06, 1.54706594913e-06, 1.07880464384e-06, 9.2696569709e-07, 9.51243578129e-07, 6.94378570643e-07, 5.80282630835e-07, 5.97060477503e-07, 5.05025923303e-07, 4.51031382909e-07, 3.88678984109e-07, 3.6379589119e-07, 3.21278236015e-07, 2.4753381922e-07],
        "min": [4.02841326861e-19, 3.95289891651e-19, 3.79661503049e-19, 3.57559159534e-19, 3.26003615032e-19, 2.88093177926e-19, 2.41909280334e-19, 1.90671425521e-19, 1.38193562346e-19, 8.67710006876e-20, 4.33702007336e-20, 1.43299573784e-20, 4.89835113783e-21, 1.93680107591e-20, 5.75635182146e-20, 1.14367620003e-19, 1.77232764946e-19, 2.29259103829e-19, 2.5178659233e-19, 2.34241341905e-19, 1.80464882717e-19, 1.12759503344e-19, 6.14376250759e-20, 4.69152415763e-20, 5.94810327344e-20, 6.54144186553e-20, 4.43953327753e-20, 2.56882053983e-20, 5.87858197413e-20, 1.26280222821e-19, 1.35451587863e-19, 6.54184963972e-20, 3.85088344243e-20, 1.02353125336e-19, 1.238523831e-19, 8.29157509594e-20, 6.51169955263e-20, 2.83114778485e-20, 2.11058057506e-20, 2.83261796914e-20],
        "var": [5.06616197526e-05, 1.7339049009e-05, 5.38476069778e-06, 4.1050483901e-07, 2.3957525741e-07, 5.78434310228e-07, 1.12862871049e-07, 1.64012050163e-07, 1.17957554835e-07, 5.67432181242e-08, 2.48414266935e-08, 5.04308310667e-08, 1.03603390755e-07, 1.02119102507e-07, 2.38712303258e-08, 1.13506137822e-08, 6.30388141687e-09, 2.39255570911e-09, 2.0564481229e-09, 2.89413009114e-08, 1.76534236118e-08, 3.64858099289e-09, 1.29748256583e-09, 1.21784271556e-09, 6.6520150499e-10, 5.0867365875e-10, 1.72655528763e-10, 8.61598986601e-11, 1.46886891539e-10, 2.02669464544e-10, 1.46036405191e-10, 6.10846997984e-11, 5.10170135304e-11, 4.20108739463e-11, 5.25970794696e-11, 2.99577099239e-11, 2.16207572679e-11, 4.63457293376e-11, 8.77386149845e-11, 4.64263627542e-11]
    },
    "mfcc": {
        "mean": [-684.268371582, 123.008636475, 5.34103918076, 15.4231834412, -1.47699666023, -3.99652957916, -7.47430086136, -4.65918016434, -8.63012218475, -4.18125486374, -1.80668902397, 2.57728147507, 2.49942016602],
        "cov": [[15168.359375, -2409.47338867, -150.965988159, 872.953369141, 854.941223145, 1488.4777832, 1296.02368164, 1600.78161621, 1265.64013672, 859.842285156, 565.732055664, 219.004653931, -29.0225105286], [-2409.47338867, 2694.9140625, -369.074462891, -444.982208252, -480.804962158, -591.05456543, -386.634735107, -499.940429688, -437.20223999, -233.453094482, -205.041091919, -119.649017334, 5.07520437241], [-150.965988159, -369.074462891, 1216.94763184, 233.007949829, 371.767791748, 394.118835449, 432.043884277, 347.188049316, 296.823913574, 194.558288574, 125.360466003, 106.313034058, 69.6040267944], [872.953369141, -444.982208252, 233.007949829, 536.755065918, 321.277954102, 318.814147949, 252.02583313, 286.913238525, 224.158874512, 158.562423706, 85.1047363281, 60.8719596863, 37.9753456116], [854.941223145, -480.804962158, 371.767791748, 321.277954102, 440.393554688, 388.499023438, 344.545440674, 311.945129395, 252.953231812, 197.676696777, 119.513473511, 93.822479248, 51.7516136169], [1488.4777832, -591.05456543, 394.118835449, 318.814147949, 388.499023438, 580.461975098, 497.521057129, 458.300201416, 358.001800537, 278.174743652, 173.474945068, 102.478347778, 38.7478027344], [1296.02368164, -386.634735107, 432.043884277, 252.02583313, 344.545440674, 497.521057129, 586.917175293, 477.204772949, 359.057098389, 295.854827881, 176.857452393, 94.3595962524, 37.5594177246], [1600.78161621, -499.940429688, 347.188049316, 286.913238525, 311.945129395, 458.300201416, 477.204772949, 536.741394043, 418.903961182, 293.04776001, 152.990280151, 80.5936355591, 28.3693408966], [1265.64013672, -437.20223999, 296.823913574, 224.158874512, 252.953231812, 358.001800537, 359.057098389, 418.903961182, 438.799072266, 276.44732666, 128.80229187, 36.1538467407, 4.41051340103], [859.842285156, -233.453094482, 194.558288574, 158.562423706, 197.676696777, 278.174743652, 295.854827881, 293.04776001, 276.44732666, 280.404876709, 134.057983398, 39.1875534058, 5.36117124557], [565.732055664, -205.041091919, 125.360466003, 85.1047363281, 119.513473511, 173.474945068, 176.857452393, 152.990280151, 128.80229187, 134.057983398, 129.555603027, 52.9725875854, 6.81038427353], [219.004653931, -119.649017334, 106.313034058, 60.8719596863, 93.822479248, 102.478347778, 94.3595962524, 80.5936355591, 36.1538467407, 39.1875534058, 52.9725875854, 98.3583679199, 53.9553833008], [-29.0225105286, 5.07520437241, 69.6040267944, 37.9753456116, 51.7516136169, 38.7478027344, 37.5594177246, 28.3693408966, 4.41051340103, 5.36117124557, 6.81038427353, 53.9553833008, 100.170021057]],
