{
"lowlevel": {
    "average_loudness": 0.889129221439,
    "barkbands_crest": {
        "dmean": 1.95509040356,
        "dmean2": 3.04861569405,
        "dvar": 5.12431716919,
        "dvar2": 11.4217758179,
        "max": 26.7143154144,
        "mean": 13.2213611603,
        "median": 12.7556447983,
        "min": 2.21635484695,
        "var": 28.1293182373
    },
    "barkbands_flatness_db": {
        "dmean": 0.0213034376502,
        "dmean2": 0.032320022583,
        "dvar": 0.000712374981958,
        "dvar2": 0.00129843538161,
        "max": 0.584726631641,
        "mean": 0.32327196002,
        "median": 0.325441986322,
        "min": 0.0154052944854,
        "var": 0.00640094466507
    },
    "barkbands_kurtosis": {
        "dmean": 1.78542292118,
        "dmean2": 2.58383774757,
        "dvar": 17.9030342102,
        "dvar2": 30.6041584015,
        "max": 126.827209473,
        "mean": 3.52374458313,
        "median": 1.93281555176,
        "min": -1.84972536564,
        "var": 57.8543243408
    },
    "barkbands_skewness": {
        "dmean": 0.398941397667,
        "dmean2": 0.593798756599,
        "dvar": 0.336774677038,
        "dvar2": 0.813744485378,
        "max": 5.81735754013,
        "mean": 0.43613255024,
        "median": 0.685251235962,
        "min": -7.58986377716,
        "var": 2.13780808449
    },
    "barkbands_spread": {
        "dmean": 1.42802369595,
        "dmean2": 2.14635276794,
        "dvar": 5.86265182495,
        "dvar2": 14.3689622879,
        "max": 126.013473511,
        "mean": 8.56919384003,
        "median": 6.42298030853,
        "min": 0.294011205435,
        "var": 87.8202514648
    },
    "dissonance": {
        "dmean": 0.0404282435775,
        "dmean2": 0.0696276128292,
        "dvar": 0.00181673909537,
        "dvar2": 0.00484816264361,
        "max": 0.500000059605,
        "mean": 0.394013553858,
        "median": 0.406952857971,
        "min": 0.127390161157,
        "var": 0.00528885331005
    },
    "dynamic_complexity": 6.72879171371,
    "erbbands_crest": {
        "dmean": 2.1404633522,
        "dmean2": 3.12101650238,
        "dvar": 6.77884912491,
        "dvar2": 14.176823616,
        "max": 34.2685012817,
        "mean": 16.3233585358,
        "median": 15.6277132034,
        "min": 2.54390239716,
        "var": 47.7607688904
    },
    "erbbands_flatness_db": {
        "dmean": 0.0170098356903,
        "dmean2": 0.024278588593,
        "dvar": 0.000501540780533,
        "dvar2": 0.000939320598263,
        "max": 0.543233752251,
        "mean": 0.362016737461,
        "median": 0.365089803934,
        "min": 0.0537881590426,
        "var": 0.00517882173881
    },
    "erbbands_kurtosis": {
        "dmean": 2.04941654205,
        "dmean2": 2.96893429756,
        "dvar": 22.246881485,
        "dvar2": 42.0124549866,
        "max": 82.1153335571,
        "mean": 3.96417760849,
        "median": 1.37057209015,
        "min": -1.62621939182,
        "var": 70.8042602539
    },
    "erbbands_skewness": {
        "dmean": 0.34193611145,
        "dmean2": 0.476697087288,
        "dvar": 0.20302067697,
        "dvar2": 0.374653488398,
        "max": 6.6150021553,
        "mean": 0.0121318977326,
        "median": 0.244262382388,
        "min": -5.84211063385,
        "var": 1.80414712429
    },
    "erbbands_spread": {
        "dmean": 1.85137331486,
        "dmean2": 2.64666128159,
        "dvar": 5.08899831772,
        "dvar2": 10.517821312,
        "max": 56.9779701233,
        "mean": 12.0191049576,
        "median": 10.0856399536,
        "min": 0.476594775915,
        "var": 66.1139984131
    },
    "hfc": {
        "dmean": 5.3824095726,
        "dmean2": 7.58419418335,
        "dvar": 171.331588745,
        "dvar2": 382.019042969,
        "max": 231.492294312,
        "mean": 12.7169027328,
        "median": 4.08341884613,
        "min": 1.11587855773e-16,
        "var": 382.204803467
    },
    "melbands_crest": {
        "dmean": 2.45164680481,
        "dmean2": 3.88884544373,
        "dvar": 8.49154376984,
        "dvar2": 19.0890865326,
        "max": 32.8333358765,
        "mean": 15.7228956223,
        "median": 14.8781261444,
        "min": 1.64741265774,
        "var": 36.1661911011
    },
    "melbands_flatness_db": {
        "dmean": 0.0217950623482,
        "dmean2": 0.0308975577354,
        "dvar": 0.00095033866819,
        "dvar2": 0.00151578674559,
        "max": 0.681483149529,
        "mean": 0.396776646376,
        "median": 0.402121216059,
        "min": 0.00327453250065,
        "var": 0.0104844942689
    },
    "melbands_kurtosis": {
        "dmean": 1.56090974808,
        "dmean2": 2.33869743347,
        "dvar": 7.53221845627,
        "dvar2": 15.9828109741,
        "max": 59.0052528381,
        "mean": 3.48726868629,
        "median": 2.00390768051,
        "min": -1.86112976074,
        "var": 30.0351371765
    },
    "melbands_skewness": {
        "dmean": 0.386655986309,
        "dmean2": 0.574848771095,
        "dvar": 0.252552688122,
        "dvar2": 0.59591704607,
        "max": 4.40584850311,
        "mean": 0.780562222004,
        "median": 0.877489507198,
        "min": -4.99591636658,
        "var": 1.84992599487
    },
    "melbands_spread": {
        "dmean": 2.46058130264,
        "dmean2": 3.63567471504,
        "dvar": 15.3242788315,
        "dvar2": 35.777015686,
        "max": 138.970901489,
        "mean": 14.8419933319,
        "median": 10.5432481766,
        "min": 0.766582548618,
        "var": 195.515899658
    },
    "pitch_salience": {
        "dmean": 0.0543234534562,
        "dmean2": 0.085865996778,
        "dvar": 0.00463262246922,
        "dvar2": 0.0111203826964,
        "max": 0.890705943108,
        "mean": 0.480149418116,
        "median": 0.483138799667,
        "min": 0.066494807601,
        "var": 0.0141114266589
    },
    "silence_rate_20dB": {
        "dmean": 0,
        "dmean2": 0,
        "dvar": 0,
        "dvar2": 0,
        "max": 1,
        "mean": 1,
        "median": 1,
        "min": 1,
        "var": 0
    },
    "silence_rate_30dB": {
        "dmean": 0.00242954329588,
        "dmean2": 0.00485967705026,
        "dvar": 0.00242352462374,
        "dvar2": 0.00483562843874,
        "max": 1,
        "mean": 0.997206389904,
        "median": 1,
        "min": 0,
        "var": 0.00278571434319
    },
    "silence_rate_60dB": {
        "dmean": 0.0677842572331,
        "dmean2": 0.135584980249,
        "dvar": 0.0631935223937,
        "dvar2": 0.131533905864,
        "max": 1,
        "mean": 0.293088793755,
        "median": 0,
        "min": 0,
        "var": 0.207195401192
    },
    "spectral_centroid": {
        "dmean": 61.5818786621,
        "dmean2": 87.3510818481,
        "dvar": 21519.9414062,
        "dvar2": 38027.3203125,
        "max": 11556.2753906,
        "mean": 780.398681641,
        "median": 685.477722168,
        "min": 233.487976074,
        "var": 276581.9375
    },
    "spectral_complexity": {
        "dmean": 1.69970846176,
        "dmean2": 2.53213453293,
        "dvar": 6.03162956238,
        "dvar2": 10.8231706619,
        "max": 30,
        "mean": 8.50977802277,
        "median": 8,
        "min": 0,
        "var": 24.9251918793
    },
    "spectral_decrease": {
        "dmean": 1.34954480924e-09,
        "dmean2": 1.83970538803e-09,
        "dvar": 8.70304350299e-18,
        "dvar2": 1.77412771338e-17,
        "max": 4.32494471846e-29,
        "mean": -3.90900778413e-09,
        "median": -1.82742587729e-09,
        "min": -5.04393469214e-08,
        "var": 2.60108895764e-17
    },
    "spectral_energy": {
        "dmean": 0.00557677214965,
        "dmean2": 0.00762055115774,
        "dvar": 0.000150544336066,
        "dvar2": 0.000309778260998,
        "max": 0.211366593838,
        "mean": 0.0159069690853,
        "median": 0.00729515543208,
        "min": 1.02341006817e-20,
        "var": 0.00043727067532
    },
    "spectral_energyband_high": {
        "dmean": 1.19041624203e-05,
        "dmean2": 1.84315777005e-05,
        "dvar": 4.53582593707e-09,
        "dvar2": 1.11341567077e-08,
        "max": 0.0015715766931,
        "mean": 1.42428871186e-05,
        "median": 4.01399944394e-07,
        "min": 7.18835219607e-21,
        "var": 4.1669889761e-09
    },
    "spectral_energyband_low": {
        "dmean": 0.000349982874468,
        "dmean2": 0.000543529866263,
        "dvar": 3.20917877161e-07,
        "dvar2": 7.33838305678e-07,
        "max": 0.00835288781673,
        "mean": 0.000856589525938,
        "median": 0.000405091093853,
        "min": 3.03717822506e-23,
        "var": 1.11936458325e-06
    },
    "spectral_energyband_middle_high": {
        "dmean": 0.00347841880284,
        "dmean2": 0.00505297444761,
        "dvar": 8.00225170678e-05,
        "dvar2": 0.000181458963198,
        "max": 0.118398249149,
        "mean": 0.00692441919819,
        "median": 0.000926171138417,
        "min": 1.52150159961e-21,
        "var": 0.000169678824022
    },
    "spectral_energyband_middle_low": {
        "dmean": 0.00254966598004,
        "dmean2": 0.0033983499743,
        "dvar": 4.25399230153e-05,
        "dvar2": 7.30385290808e-05,
        "max": 0.141165032983,
        "mean": 0.00875388085842,
        "median": 0.00385261978954,
        "min": 2.67325498003e-22,
        "var": 0.00018670965801
    },
    "spectral_entropy": {
        "dmean": 0.165092051029,
        "dmean2": 0.237552508712,
        "dvar": 0.0699468255043,
        "dvar2": 0.130653619766,
        "max": 9.81540966034,
        "mean": 5.97617721558,
        "median": 5.90453624725,
        "min": 3.72530078888,
        "var": 0.498321592808
    },
    "spectral_flux": {
        "dmean": 0.0194811802357,
        "dmean2": 0.0306352656335,
        "dvar": 0.00142089789733,
        "dvar2": 0.00335129117593,
        "max": 0.417584866285,
        "mean": 0.035403508693,
        "median": 0.0225459486246,
        "min": 6.62627244741e-11,
        "var": 0.00186662783381
    },
    "spectral_kurtosis": {
        "dmean": 23.1386032104,
        "dmean2": 39.6896858215,
        "dvar": 611.806640625,
        "dvar2": 1560.73376465,
        "max": 351.927978516,
        "mean": 63.6274261475,
        "median": 50.2749137878,
        "min": -1.2132499218,
        "var": 2770.1003418
    },
    "spectral_rms": {
        "dmean": 0.000575243437197,
        "dmean2": 0.000745824712794,
        "dvar": 1.06852087356e-06,
        "dvar2": 2.00057365873e-06,
        "max": 0.0143600590527,
        "mean": 0.00321352225728,
        "median": 0.00266781286336,
        "min": 3.15982418182e-12,
        "var": 5.19231525686e-06
    },
    "spectral_rolloff": {
        "dmean": 78.065071106,
        "dmean2": 138.087402344,
        "dvar": 82687.921875,
        "dvar2": 184901.359375,
        "max": 19013.8183594,
        "mean": 1130.1965332,
        "median": 882.861328125,
        "min": 215.33203125,
        "var": 2292660.5
    },
    "spectral_skewness": {
        "dmean": 1.39007484913,
        "dmean2": 2.41316056252,
        "dvar": 1.69504928589,
        "dvar2": 4.51096868515,
        "max": 14.7685241699,
        "mean": 4.99611568451,
        "median": 4.5491027832,
        "min": -0.0361247770488,
        "var": 7.00289726257
    },
    "spectral_spread": {
        "dmean": 313197.125,
        "dmean2": 542433.875,
        "dvar": 350522474496,
        "dvar2": 725456388096,
        "max": 41380176,
        "mean": 1462999.5,
        "median": 1178365.625,
        "min": 265256.71875,
        "var": 2.56028573696e+12
    },
    "spectral_strongpeak": {
        "dmean": 0.654204308987,
        "dmean2": 0.954820632935,
        "dvar": 1.49825358391,
        "dvar2": 2.94553470612,
        "max": 14.2444095612,
        "mean": 2.0478913784,
        "median": 0.94326198101,
        "min": 0,
        "var": 5.70071554184
    },
    "zerocrossingrate": {
        "dmean": 0.00294505013153,
        "dmean2": 0.00352771487087,
        "dvar": 3.9538328565e-05,
        "dvar2": 5.75764242967e-05,
        "max": 0.607421875,
        "mean": 0.0404102690518,
        "median": 0.03173828125,
        "min": 0.005859375,
        "var": 0.00211241841316
    },
    "barkbands": {
        "dmean": [9.02575209238e-07, 0.000101450481452, 0.000216061685933, 0.000216396467295, 0.000351813621819, 0.000437573238742, 0.000443211058155, 0.000293434539344, 0.00116066983901, 0.00101581809577, 0.000385717547033, 0.00107981695328, 0.000825078110211, 0.000577191531193, 5.38188432984e-05, 1.85334829439e-05, 6.90714805387e-05, 1.66858717421e-05, 2.12454961002e-05, 3.61639740731e-06, 7.84357416705e-06, 7.63906655266e-07, 7.91773004494e-07, 3.05990113247e-07, 1.12473877323e-07, 3.18509343344e-08, 9.18009779305e-10],
        "dmean2": [1.6008576722e-06, 0.000158170805662, 0.000332958908984, 0.000322443316691, 0.000545790768228, 0.000650508212857, 0.000600420229603, 0.000457317015389, 0.00154045468662, 0.00129756121896, 0.000611794763245, 0.00154504470993, 0.00140842795372, 0.000854441022966, 7.82023125794e-05, 2.87026941805e-05, 9.38680022955e-05, 2.33665068663e-05, 2.9770173569e-05, 5.21755873706e-06, 1.2662694644e-05, 1.17028537261e-06, 1.30772616558e-06, 5.24144979863e-07, 1.97470413354e-07, 5.51143486405e-08, 1.69119829252e-09],
        "dvar": [4.20607342358e-12, 4.29489723786e-08, 1.67680340724e-07, 1.26656630073e-07, 3.56005216418e-07, 2.26741440201e-06, 3.5255181956e-06, 8.94711945421e-07, 2.32812817558e-05, 1.47064829434e-05, 6.92908679412e-06, 2.07734283322e-05, 2.70443124464e-05, 7.59606427891e-06, 3.40361268059e-08, 6.6685714728e-09, 8.97307046444e-08, 4.54557147478e-09, 9.54907886097e-09, 2.75552580753e-10, 2.59709120876e-09, 2.60980594774e-11, 2.58668260422e-11, 9.62255101988e-12, 2.0170551427e-12, 2.06774633765e-13, 9.26980532484e-18],
        "dvar2": [1.20581530871e-11, 9.34929005325e-08, 3.80386012466e-07, 3.14723081374e-07, 8.78890944023e-07, 4.17948058384e-06, 7.19283661965e-06, 2.08575170291e-06, 3.85878629459e-05, 2.24280793191e-05, 1.8557153453e-05, 4.24326244683e-05, 7.60529292165e-05, 1.63970034919e-05, 7.20956805367e-08, 1.55215875708e-08, 1.5614037352e-07, 8.03008415318e-09, 1.69908993541e-08, 6.25831775292e-10, 6.55039089636e-09, 6.7318449426e-11, 6.72195563101e-11, 2.66425683598e-11, 5.65780582107e-12, 5.67823836995e-13, 2.65067711187e-17],
        "max": [3.35586300935e-05, 0.00368224037811, 0.00636549759656, 0.0121850920841, 0.00804731901735, 0.0387575402856, 0.0460979305208, 0.0177185162902, 0.134217098355, 0.0776734054089, 0.085743971169, 0.0789792314172, 0.113893829286, 0.0489081069827, 0.00664647947997, 0.00258497288451, 0.00773362535983, 0.00238372618333, 0.00204106490128, 0.000465999240987, 0.00105078250635, 0.00024353027402, 0.000126690298202, 9.76605952019e-05, 4.22225202783e-05, 1.61015286722e-05, 1.21053744806e-07],
        "mean": [8.24622532036e-07, 0.000157842456247, 0.000445915356977, 0.000581765954848, 0.000702342425939, 0.00159567862283, 0.00142814242281, 0.000518808723427, 0.00309874652885, 0.00249423249625, 0.000695757102221, 0.00164780649357, 0.00090104615083, 0.00130895280745, 0.000108963868115, 2.77865528915e-05, 0.000114451991976, 3.14989738399e-05, 3.06326182908e-05, 5.89968476561e-06, 7.80684422352e-06, 9.62716285358e-07, 7.54878271891e-07, 2.63414932533e-07, 8.24843340297e-08, 2.30118253342e-08, 8.32250102167e-10],
        "median": [2.19298442516e-07, 4.0169692511e-05, 0.000107913874672, 0.000267904804787, 0.000343687424902, 0.000363930535968, 0.000146435035276, 0.000141447497299, 0.000371935486328, 7.47122394387e-05, 2.71045155387e-05, 4.83890289615e-05, 4.08683627029e-05, 1.44716177601e-05, 1.1577360965e-05, 5.21978381585e-06, 1.20025142678e-05, 3.11610119752e-06, 1.27444764075e-06, 2.38866704194e-07, 8.34124236349e-08, 2.34643078301e-08, 4.68959759914e-09, 1.56545476582e-09, 7.23188675611e-10, 3.15518083882e-10, 2.29513796857e-10],
        "min": [6.3163327486e-24, 2.07527436939e-23, 5.74719958219e-24, 3.41643904024e-24, 3.0183064634e-23, 2.80443081032e-23, 1.8006695217e-23, 1.82371041325e-23, 4.38352208329e-23, 4.8612250086e-23, 4.24815134315e-23, 5.30883131266e-23, 8.38739507407e-23, 7.06382089701e-23, 1.01351233516e-22, 9.81050582689e-23, 1.67756724102e-22, 1.03309060065e-22, 1.69897377054e-22, 2.32669210228e-22, 3.32070531047e-22, 4.62602171209e-22, 5.0988046066e-22, 5.10171215857e-22, 1.00795249398e-21, 1.58118896141e-21, 2.30874610991e-21],
        "var": [3.66286124695e-12, 9.40238180647e-08, 5.12725932822e-07, 6.61599358409e-07, 8.09200059848e-07, 2.07590146601e-05, 2.01026759896e-05, 1.31458534725e-06, 8.98059079191e-05, 5.79180050408e-05, 1.41813325172e-05, 3.44428226526e-05, 2.27033033298e-05, 2.28695389524e-05, 1.08105503216e-07, 8.5944638073e-09, 1.89190174638e-07, 1.1897334673e-08, 1.89116704519e-08, 4.12160056085e-10, 2.14606754589e-09, 2.32949128737e-11, 2.26255472691e-11, 6.52861532197e-12, 1.24565234429e-12, 1.37202749162e-13, 6.67601011497e-18]
    },
    "erbbands": {
        "dmean": [0.000881775049493, 0.0307868663222, 0.208395138383, 0.45364817977, 0.894609570503, 1.45617723465, 2.18690109253, 4.08989048004, 5.36143732071, 5.36582517624, 8.33912658691, 32.178314209, 27.2233543396, 26.7906532288, 19.0868358612, 43.2754631042, 37.6871948242, 32.6411132812, 13.1349887848, 1.64225399494, 1.87196242809, 2.9789018631, 1.41756820679, 1.36656868458, 0.378767639399, 0.173276439309, 0.223717197776, 0.300795763731, 0.0409302711487, 0.0279688611627, 0.0167849157006, 0.00809015426785, 0.004478700459, 0.00177378149237, 0.000535169383511, 0.000191001439816, 4.285875184e-05, 7.18864293958e-06, 3.0883090858e-06, 6.64001345285e-06],
        "dmean2": [0.00121756165754, 0.0480427667499, 0.3157325387, 0.717702865601, 1.32238209248, 2.23737740517, 3.29992079735, 6.0683016777, 7.64903783798, 7.70275115967, 12.4488716125, 42.1035652161, 35.4426727295, 36.2020606995, 27.4841747284, 63.0202445984, 64.1499938965, 51.393283844, 17.5968818665, 2.43443441391, 2.73350858688, 3.92368817329, 1.92583942413, 1.87184071541, 0.570146858692, 0.246594086289, 0.349565714598, 0.490801006556, 0.0640668272972, 0.0453917123377, 0.0273904800415, 0.0136070251465, 0.00773415947333, 0.00310684903525, 0.000926504319068, 0.000329607137246, 7.30850733817e-05, 1.19851138152e-05, 4.24134532295e-06, 9.09937443794e-06],
        "dvar": [4.03021203965e-06, 0.00374571001157, 0.157626539469, 0.470139652491, 1.77726125717, 8.82425308228, 33.9583511353, 222.235809326, 581.92956543, 374.500976562, 554.354064941, 17995.0820312, 11691.4160156, 14118.9863281, 6961.13720703, 35250.2578125, 46298.28125, 20354.4355469, 4386.09130859, 27.3690395355, 42.7407836914, 273.427642822, 29.7420806885, 40.0706558228, 2.51601934433, 0.504750430584, 1.33975660801, 5.93151569366, 0.0711786150932, 0.0241893976927, 0.0147499600425, 0.00456508295611, 0.00255065411329, 0.000480626680655, 3.82326506951e-05, 6.33588615528e-06, 3.62678065358e-07, 1.09880042842e-08, 5.12310228962e-11, 2.17251272527e-10],
        "dvar2": [6.61494186716e-06, 0.00823434442282, 0.345754176378, 1.25534641743, 3.95494389534, 21.3075904846, 65.5943908691, 424.357421875, 1293.64465332, 737.243164062, 1192.1932373, 29381.7167969, 18340.8613281, 29102.3613281, 15076.7597656, 76980.0078125, 130248.960938, 51126.3789062, 6446.54541016, 65.6139602661, 86.8117141724, 443.447967529, 53.13073349, 70.6552886963, 5.21283769608, 1.09002590179, 3.1771531105, 15.7378997803, 0.184538125992, 0.0617822781205, 0.0385605059564, 0.0123411696404, 0.00708752730861, 0.00134733039886, 0.000106057152152, 1.75267305167e-05, 9.91146293927e-07, 2.95814199802e-08, 1.09106917945e-10, 4.51711529292e-10],
        "max": [0.0519537813962, 0.981220364571, 6.62925720215, 16.4383678436, 39.7743606567, 40.6392021179, 175.804931641, 481.680023193, 661.148498535, 766.90826416, 409.405090332, 3730.96166992, 2365.85913086, 3036.22314453, 1939.91552734, 3341.41113281, 4524.95019531, 2321.1159668, 2019.35754395, 111.767181396, 154.566711426, 546.767333984, 167.63041687, 146.609268188, 41.7846755981, 16.4403839111, 19.482749939, 67.156791687, 7.75772237778, 3.6143116951, 3.23000097275, 2.00172758102, 1.6064915657, 0.70339602232, 0.170567080379, 0.0825925543904, 0.0201588030905, 0.00470452569425, 0.000124870886793, 0.000256090832409],
        "mean": [0.00175921607297, 0.0529126562178, 0.444562464952, 1.24832046032, 2.0823533535, 2.6950340271, 7.21691608429, 14.6608438492, 17.2026367188, 15.6437931061, 19.8515644073, 87.955078125, 66.1751022339, 64.8809890747, 33.4545669556, 66.6005249023, 43.020942688, 61.8754425049, 32.6419296265, 3.37825345993, 3.07514572144, 5.1109662056, 2.64491939545, 2.08754205704, 0.583579361439, 0.30333095789, 0.26241672039, 0.288515746593, 0.0497490465641, 0.0285531636328, 0.01646582596, 0.00742632569745, 0.00360797857866, 0.00134427880403, 0.000395106442738, 0.000145855665323, 3.53166651621e-05, 6.71350335324e-06, 8.43818543217e-06, 1.86097877304e-05],
        "median": [0.000480019458337, 0.0147919934243, 0.125353559852, 0.725604534149, 1.04481947422, 1.26900327206, 2.8365073204, 2.70535421371, 2.39872789383, 2.47190594673, 6.70827865601, 11.1946058273, 2.99721240997, 3.55428719521, 2.96697020531, 3.03294992447, 3.41440415382, 1.79172027111, 1.69297266006, 0.577216684818, 0.65424489975, 0.559401452541, 0.332069128752, 0.0989423766732, 0.0389222465456, 0.0140455113724, 0.00701949838549, 0.00282710907049, 0.00116844871081, 0.000315723067615, 0.00013625046995, 6.49014109513e-05, 2.98982431559e-05, 1.76396097231e-05, 1.01837995317e-05, 5.99745817453e-06, 3.24583879774e-06, 8.17510965589e-07, 3.66337667401e-06, 8.32755176816e-06],
        "min": [2.62431303973e-22, 2.74324877799e-21, 6.4289430404e-21, 9.46509009173e-21, 5.80602401724e-20, 9.71571256952e-20, 2.25497939433e-19, 1.7325595198e-19, 2.28915384435e-19, 3.71735923709e-19, 5.12987120415e-19, 1.05982681419e-18, 1.12150212445e-18, 2.29122122719e-18, 1.49644986123e-18, 1.95763355501e-18, 4.18420627464e-18, 3.63976798957e-18, 5.0896906991e-18, 4.53180866114e-18, 7.09934130014e-18, 9.22689863929e-18, 6.38272909289e-18, 6.05407121037e-18, 1.11019351082e-17, 1.16163852009e-17, 1.00313433655e-17, 1.56261994686e-17, 1.55665779444e-17, 1.67805531744e-17, 1.21463474117e-17, 1.0122109067e-17, 1.05093462261e-17, 1.02871531059e-17, 7.88978930323e-18, 5.08945453904e-18, 2.79374978613e-18, 1.12983617592e-18, 2.74958325281e-19, 2.8429428634e-20],
        "var": [1.49763172885e-05, 0.00866419356316, 0.525184452534, 2.34409499168, 8.2118062973, 16.9584522247, 294.760864258, 1759.23730469, 2805.25317383, 2272.74682617, 1497.609375, 70470.953125, 43670.2890625, 46824.484375, 14600.1611328, 54737.0117188, 38401.171875, 38618.1796875, 21824.71875, 55.4049034119, 71.7765350342, 647.381103516, 70.6521682739, 80.1313018799, 4.5676279068, 0.926833093166, 1.33283138275, 4.34876537323, 0.0601019226015, 0.0221179202199, 0.0128000043333, 0.00335610378534, 0.00169235747308, 0.000299067527521, 2.42737278313e-05, 4.14245914726e-06, 2.4068506832e-07, 7.75370434525e-09, 1.3262969889e-10, 6.10151817959e-10]
    },
    "gfcc": {
        "mean": [-220.895751953, 214.043960571, -150.05305481, -30.6586971283, -28.0477180481, -23.5011920929, -20.9332885742, -18.8814964294, -14.7941522598, -19.1757831573, -10.0526189804, -16.0805053711, -8.73166275024],
        "cov": [[19535.8105469, 1984.69555664, -3179.14160156, 1056.40307617, -566.965637207, -332.204498291, 847.078857422, -196.692871094, 667.554321289, -344.059631348, 265.858093262, -166.971054077, 408.704589844], [1984.69555664, 2646.1262207, 191.73274231, -928.274536133, 347.277557373, -612.123474121, -115.765731812, -104.222068787, 8.90631866455, -255.568847656, -19.7793464661, 17.8509140015, 142.832931519], [-3179.14160156, 191.73274231, 976.813232422, -441.912322998, 158.130371094, 108.777397156, -209.581100464, 32.6025657654, -118.843856812, 15.9185371399, -65.9980010986, 41.918422699, -24.7523975372], [1056.40307617, -928.274536133, -441.912322998, 1073.8659668, -228.535980225, 213.581893921, 187.663391113, -83.7336120605, 74.5000686646, 67.7436141968, 28.5724239349, -39.3898086548, -35.2550773621], [-566.965637207, 347.277557373, 158.130371094, -228.535980225, 403.766174316, 140.139099121, 54.2797012329, -4.7829823494, -50.17918396, 27.4094238281, 54.9471549988, 38.5116920471, 2.72266244888], [-332.204498291, -612.123474121, 108.777397156, 213.581893921, 140.139099121, 655.818237305, 170.879074097, -32.5604515076, -26.5506782532, 109.034263611, 54.049030304, -1.67928266525, -46.7313117981], [847.078857422, -115.765731812, -209.581100464, 187.663391113, 54.2797012329, 170.879074097, 346.131286621, 56.6881370544, 60.584312439, 14.6144752502, -3.4376001358, -5.36588001251, 12.9889535904], [-196.692871094, -104.222068787, 32.6025657654, -83.7336120605, -4.7829823494, -32.5604515076, 56.6881370544, 205.521728516, 56.9358329773, -3.26560902596, -48.3706169128, -4.71282482147, 24.0472335815], [667.554321289, 8.90631866455, -118.843856812, 74.5000686646, -50.17918396, -26.5506782532, 60.584312439, 56.9358329773, 146.134002686, 4.56867313385, -51.259979248, -44.7161560059, 24.7144680023], [-344.059631348, -255.568847656, 15.9185371399, 67.7436141968, 27.4094238281, 109.034263611, 14.6144752502, -3.26560902596, 4.56867313385, 127.288101196, 36.8807830811, -19.378944397, -48.1531028748], [265.858093262, -19.7793464661, -65.9980010986, 28.5724239349, 54.9471549988, 54.049030304, -3.4376001358, -48.3706169128, -51.259979248, 36.8807830811, 158.879714966, 58.9391784668, -28.0338783264], [-166.971054077, 17.8509140015, 41.918422699, -39.3898086548, 38.5116920471, -1.67928266525, -5.36588001251, -4.71282482147, -44.7161560059, -19.378944397, 58.9391784668, 104.690750122, 24.9736633301], [408.704589844, 142.832931519, -24.7523975372, -35.2550773621, 2.72266244888, -46.7313117981, 12.9889535904, 24.0472335815, 24.7144680023, -48.1531028748, -28.0338783264, 24.9736633301, 93.6513671875]],
        "icov": [[0.000314526987495, -0.000573772122152, 0.000922854756936, -0.000120119737403, 0.000758029695135, -0.000685752369463, 1.32311097332e-05, -0.000231729703955, -0.000387813197449, 2.18646273424e-05, -0.000659457757138, 0.000276849168586, -0.000763043295592], [-0.000573772122152, 0.00251359003596, -0.00218963064253, 0.00106924737338, -0.00256707938388, 0.00265149190091, -0.000912935473025, 0.00226215785369, -0.000584938563406, 0.00199710018933, -0.000212400991586, 0.0011578425765, 0.000246521551162], [0.000922854756936, -0.00218963064253, 0.00498575437814, -0.000110085144115, 0.00219812849537, -0.00330529501662, 0.00170123844873, -0.00181836169213, 0.000240825887886, -0.0011662148172, 0.000825285329483, -0.00140319194179, -0.000935827381909], [-0.000120119737403, 0.00106924737338, -0.000110085144115, 0.00223256950267, 6.72826208756e-05, 0.000470085215056, -0.00103497901, 0.00192500418052, -0.000943375343923, 0.000566076836549, -0.000353215873474, 0.000450970925158, -9.93041103357e-05], [0.000758029695135, -0.00256707938388, 0.00219812849537, 6.72826208756e-05, 0.00666678417474, -0.00335893477313, -0.000510507030413, -0.00152178632561, 0.000529214856215, -0.00226167379878, -0.0017450870946, -0.00057395233307, -0.00186684541404], [-0.000685752369463, 0.00265149190091, -0.00330529501662, 0.000470085215056, -0.00335893477313, 0.00549978623167, -0.00234427931719, 0.00270522083156, 1.68478709384e-05, 0.000543601228856, -0.00056300801225, 0.00160882540513, 0.000402140110964], [1.32311097332e-05, -0.000912935473025, 0.00170123844873, -0.00103497901, -0.000510507030413, -0.00234427931719, 0.00582954892889, -0.00279033649713, -0.000112462090328, -0.000614979013335, 0.00211120746098, -0.0021770154126, 0.00107365869917], [-0.000231729703955, 0.00226215785369, -0.00181836169213, 0.00192500418052, -0.00152178632561, 0.00270522083156, -0.00279033649713, 0.00921647530049, -0.00367580377497, 0.00145223049913, -3.83268998121e-05, 0.000586201436818, -0.00123125535902], [-0.000387813197449, -0.000584938563406, 0.000240825887886, -0.000943375343923, 0.000529214856215, 1.68478709384e-05, -0.000112462090328, -0.00367580377497, 0.0132773034275, -0.00383574189618, 0.00370515696704, 0.00192957674153, -0.00163597334176], [2.18646273424e-05, 0.00199710018933, -0.0011662148172, 0.000566076836549, -0.00226167379878, 0.000543601228856, -0.000614979013335, 0.00145223049913, -0.00383574189618, 0.0154342958704, -0.00548198493198, 0.00488142855465, 0.00281841610558], [-0.000659457757138, -0.000212400991586, 0.000825285329483, -0.000353215873474, -0.0017450870946, -0.00056300801225, 0.00211120746098, -3.83268998121e-05, 0.00370515696704, -0.00548198493198, 0.0163586121053, -0.0110055813566, 0.00680904416367], [0.000276849168586, 0.0011578425765, -0.00140319194179, 0.000450970925158, -0.00057395233307, 0.00160882540513, -0.0021770154126, 0.000586201436818, 0.00192957674153, 0.00488142855465, -0.0110055813566, 0.0207579620183, -0.00903349462897], [-0.000763043295592, 0.000246521551162, -0.000935827381909, -9.93041103357e-05, -0.00186684541404, 0.000402140110964, 0.00107365869917, -0.00123125535902, -0.00163597334176, 0.00281841610558, 0.00680904416367, -0.00903349462897, 0.0200974307954]]
    },
    "melbands": {
        "dmean": [1.75925288204e-05, 8.40575085022e-05, 8.70111980475e-05, 8.65997353685e-05, 7.12968831067e-05, 8.70033763931e-05, 8.79333747434e-05, 5.90779127378e-05, 7.77815730544e-05, 0.000204745505471, 0.000135526817758, 0.000114264585136, 5.06558244524e-05, 0.000132697663503, 5.28649507032e-05, 0.000105952465674, 5.89036317251e-05, 2.70401360467e-05, 3.21562652061e-06, 1.45309059008e-06, 2.72363695331e-06, 3.67230404663e-06, 1.99907526621e-06, 7.72584712649e-07, 1.284233349e-06, 3.78026925318e-07, 1.07655651505e-07, 1.36233722969e-07, 8.42937879497e-08, 3.05057398009e-07, 1.17517629405e-07, 1.97151024395e-08, 1.10476126025e-08, 1.94080804761e-08, 1.02234558597e-08, 7.17840897835e-09, 3.97276300745e-09, 3.5751874794e-09, 2.11685824425e-09, 1.25279586705e-09],
        "dmean2": [2.63275887846e-05, 0.000127884515678, 0.000130791871925, 0.000130614018417, 0.000107768421003, 0.000129850872327, 0.000121498378576, 8.7676133262e-05, 0.000113669084385, 0.000268700096058, 0.000177241701749, 0.000152917666128, 7.74584186729e-05, 0.000186391960597, 8.32219884614e-05, 0.000180810879101, 9.0986766736e-05, 3.61231795978e-05, 4.8446540859e-06, 2.24160294238e-06, 4.00947283197e-06, 4.91521132062e-06, 2.76690821011e-06, 1.05929109395e-06, 1.77431923021e-06, 5.65263576391e-07, 1.68414899804e-07, 1.95541787207e-07, 1.29019312567e-07, 4.91376511036e-07, 1.95000836811e-07, 3.08264347382e-08, 1.70355978213e-08, 3.24697317922e-08, 1.67470730617e-08, 1.19661445197e-08, 6.84663392647e-09, 6.15188033848e-09, 3.74869202346e-09, 2.17121765012e-09],
        "dvar": [1.40364042611e-09, 2.45597124859e-08, 1.62857123343e-08, 2.11472386269e-08, 3.17577146802e-08, 9.6927244897e-08, 1.48056386706e-07, 4.01808897266e-08, 5.20818623784e-08, 7.98437724825e-07, 2.97867558174e-07, 2.49230680538e-07, 7.26994997535e-08, 3.08673918425e-07, 5.50615197881e-08, 4.73647816079e-07, 8.23996231247e-08, 2.24550209538e-08, 1.32861957547e-10, 4.84828288627e-11, 1.16314298471e-10, 3.89096088682e-10, 7.63870980358e-11, 1.05387148661e-11, 3.98432675741e-11, 5.17150558488e-12, 1.5161450654e-13, 3.7156546286e-13, 2.06814586615e-13, 4.19957167999e-12, 2.0891472146e-12, 1.87784900477e-14, 6.59324432209e-15, 1.30497250104e-14, 7.8066054665e-15, 3.09198556549e-15, 1.17540877442e-15, 1.5913502324e-15, 9.30659768983e-16, 1.77187089997e-16],
        "dvar2": [2.73545852636e-09, 5.45568852317e-08, 3.83870215614e-08, 5.2266152295e-08, 6.1449306088e-08, 1.83061828807e-07, 3.15747257673e-07, 8.78527188775e-08, 1.07873077582e-07, 1.29198497234e-06, 4.65509771175e-07, 4.82348411879e-07, 1.88768623843e-07, 5.98176086442e-07, 1.29254061676e-07, 1.32829711674e-06, 2.01976391168e-07, 3.18416510936e-08, 3.21782434032e-10, 1.14801723683e-10, 2.27873830916e-10, 6.42664699235e-10, 1.47846068721e-10, 1.77359897602e-11, 7.10739106458e-11, 9.17153505919e-12, 3.71082044216e-13, 8.16786146097e-13, 5.05067233696e-13, 1.01051502235e-11, 5.67744679394e-12, 4.89055851209e-14, 1.6499468282e-14, 3.38489137977e-14, 2.08127328441e-14, 8.09334983607e-15, 3.216107656e-15, 4.41516686086e-15, 2.65676119071e-15, 4.89890928286e-16],
        "max": [0.000799928384367, 0.00254628108814, 0.00431626662612, 0.00183453515638, 0.00512108206749, 0.00934276916087, 0.0102822445333, 0.0069486326538, 0.00482770893723, 0.0253983903676, 0.0118588916957, 0.0127042587847, 0.00870781578124, 0.0112505219877, 0.00458474270999, 0.0150667279959, 0.00520463660359, 0.00469294236973, 0.000278014835203, 0.000230921272305, 0.000288470357191, 0.000616090896074, 0.000200662383577, 0.000104024788016, 0.000146716061863, 7.03066107235e-05, 1.26321083371e-05, 1.46260872498e-05, 1.34122847157e-05, 3.40859151038e-05, 4.43445751444e-05, 6.57197369947e-06, 3.41591248798e-06, 3.03212959807e-06, 2.93003085972e-06, 1.34633364723e-06, 1.14254635264e-06, 1.27073610656e-06, 1.06226571006e-06, 4.99867667259e-07],
        "mean": [2.98476588796e-05, 0.000173464577529, 0.000248912663665, 0.000174636064912, 0.000228767006774, 0.00031181355007, 0.00028301862767, 0.000156698442879, 0.000205384436413, 0.000538454682101, 0.000321642495692, 0.000277313403785, 8.68543138495e-05, 0.000207969191251, 7.26204161765e-05, 0.000115518938401, 0.00012342442642, 6.76035124343e-05, 6.05668356002e-06, 2.32415322898e-06, 4.25463485954e-06, 6.14713189862e-06, 3.30504940393e-06, 1.48129345234e-06, 1.87390105566e-06, 5.44970930605e-07, 1.76488370585e-07, 2.22654932713e-07, 1.06831386404e-07, 3.01207535358e-07, 1.08603508409e-07, 2.56279211186e-08, 1.24445120875e-08, 1.84063999598e-08, 9.88328263674e-09, 6.5028697982e-09, 3.57279650309e-09, 2.85326051674e-09, 1.49291212725e-09, 9.56378642947e-10],
        "median": [7.34443710826e-06, 5.25808427483e-05, 0.00015260319924, 8.09702905826e-05, 9.59623066592e-05, 5.73690995225e-05, 3.32421186613e-05, 2.72966026387e-05, 5.49897158635e-05, 5.83808250667e-05, 8.71075371833e-06, 1.20333388622e-05, 5.37092819286e-06, 6.8892982199e-06, 4.69076758236e-06, 4.36636491941e-06, 1.78262200734e-06, 2.28504950428e-06, 6.87013141487e-07, 4.18323963913e-07, 6.10933795997e-07, 4.96418635976e-07, 2.66245820058e-07, 9.29411001493e-08, 6.0373494648e-08, 2.83304952831e-08, 1.00113171086e-08, 6.74056588323e-09, 2.72553934977e-09, 2.51572473964e-09, 8.02606758832e-10, 5.31140909033e-10, 2.60922422557e-10, 1.07649757164e-10, 6.28754340259e-11, 4.55050094827e-11, 2.10940830775e-11, 1.31856687027e-11, 9.25737351359e-12, 7.4492799082e-12],
        "min": [4.03395265153e-24, 4.68696105925e-24, 2.7270280544e-24, 7.12732120221e-24, 6.93874084737e-24, 4.64778386011e-24, 3.69297620271e-24, 4.60129037051e-24, 5.42119255792e-24, 7.4306879185e-24, 4.93957167604e-24, 9.12369622822e-24, 5.35257309765e-24, 6.5628079997e-24, 5.38569381718e-24, 8.5934870366e-24, 5.78006904953e-24, 6.41971612567e-24, 8.02363916222e-24, 5.62596783271e-24, 7.7515026603e-24, 1.10525084731e-23, 5.46443751831e-24, 5.08249749485e-24, 4.25008200133e-24, 8.84449547689e-24, 6.50005450912e-24, 7.77307090631e-24, 5.1627569922e-24, 8.83229022097e-24, 9.25070441168e-24, 8.17954253178e-24, 9.80232092168e-24, 7.81354025961e-24, 4.97293694245e-24, 7.15215375464e-24, 5.73082637968e-24, 6.32845004653e-24, 8.17167916627e-24, 8.96328057428e-24],
        "var": [3.81644138514e-09, 7.70907888636e-08, 8.88561970669e-08, 5.41258522446e-08, 2.66038739483e-07, 8.15297596546e-07, 7.70344229295e-07, 1.89749457036e-07, 2.42879906409e-07, 2.9081777484e-06, 1.1183216202e-06, 8.72547389008e-07, 1.34246491257e-07, 5.45035618416e-07, 7.4258899474e-08, 4.04863897074e-07, 1.74642750039e-07, 1.14900650772e-07, 2.7540392189e-10, 6.20491782954e-11, 1.99266769751e-10, 9.0077173498e-10, 1.32851563084e-10, 2.89891322752e-11, 7.8478640253e-11, 1.0392261704e-11, 3.00537914867e-13, 6.22279788462e-13, 2.19956567066e-13, 3.75864443736e-12, 1.44058788336e-12, 1.70244728552e-14, 5.64422013766e-15, 1.15704742947e-14, 6.6050655139e-15, 2.4410799208e-15, 8.34364298979e-16, 1.07387239394e-15, 5.50913405268e-16, 1.14375864719e-16]
    },
    "mfcc": {
        "mean": [-826.050537109, 211.229598999, -18.1017150879, -11.6678342819, -0.733401060104, -5.8112039566, -7.09108829498, -4.82427740097, -6.36912727356, -7.43248414993, -2.98069047928, -2.63114666939, -11.4528188705],
        "cov": [[9439.61035156, 2471.86352539, -2439.12573242, 908.236999512, -318.763336182, -98.9703292847, 175.72064209, 282.36151123, 196.964813232, 138.41633606, 184.878860474, 192.426864624, -244.929931641], [2471.86352539, 2218.65917969, -253.613372803, -301.886322021, 124.962890625, -130.371047974, -9.68813323975, 83.7417373657, 43.1353874207, -83.0522842407, -43.8408813477, -3.14822077751, 0.857056736946], [-2439.12573242, -253.613372803, 1083.17175293, -342.118713379, 71.0171661377, 72.3370437622, -141.698501587, -104.718719482, -62.5106239319, -75.4369659424, -128.842391968, -119.724151611, 61.7106018066], [908.236999512, -301.886322021, -342.118713379, 552.491271973, -80.3304290771, -60.1878242493, 1.91062819958, 4.59204721451, 46.4402542114, 45.4184341431, 20.4848442078, 33.3300933838, -12.4140882492], [-318.763336182, 124.962890625, 71.0171661377, -80.3304290771, 210.116424561, 82.8739471436, 52.2654876709, 8.53523445129, -44.6763381958, -20.3186988831, 32.4817657471, 17.8206062317, 16.4287967682], [-98.9703292847, -130.371047974, 72.3370437622, -60.1878242493, 82.8739471436, 405.304290771, 221.948410034, 19.6604747772, -40.4037895203, 28.474407196, 98.2511901855, 22.2654304504, -65.0276184082], [175.72064209, -9.68813323975, -141.698501587, 1.91062819958, 52.2654876709, 221.948410034, 316.815368652, 121.190246582, 5.60686635971, 40.2272529602, 80.4581604004, 59.8542556763, 25.2846431732], [282.36151123, 83.7417373657, -104.718719482, 4.59204721451, 8.53523445129, 19.6604747772, 121.190246582, 187.577194214, 99.8495483398, 35.6566543579, -0.150543302298, 14.3182640076, 55.0080947876], [196.964813232, 43.1353874207, -62.5106239319, 46.4402542114, -44.6763381958, -40.4037895203, 5.60686635971, 99.8495483398, 208.622070312, 109.742805481, -9.20911121368, -28.5826511383, -16.0744724274], [138.41633606, -83.0522842407, -75.4369659424, 45.4184341431, -20.3186988831, 28.474407196, 40.2272529602, 35.6566543579, 109.742805481, 170.595108032, 85.3736343384, -9.94980239868, -73.4197540283], [184.878860474, -43.8408813477, -128.842391968, 20.4848442078, 32.4817657471, 98.2511901855, 80.4581604004, -0.150543302298, -9.20911121368, 85.3736343384, 164.008605957, 61.9303894043, -79.0243835449], [192.426864624, -3.14822077751, -119.724151611, 33.3300933838, 17.8206062317, 22.2654304504, 59.8542556763, 14.3182640076, -28.5826511383, -9.94980239868, 61.9303894043, 141.516159058, 65.5069580078], [-244.929931641, 0.857056736946, 61.7106018066, -12.4140882492, 16.4287967682, -65.0276184082, 25.2846431732, 55.0080947876, -16.0744724274, -73.4197540283, -79.0243835449, 65.5069580078, 244.771514893]],
