{
"lowlevel": {
    "average_loudness": 0.891706228256,
    "barkbands_crest": {
        "dmean": 2.61368584633,
        "dmean2": 3.94046235085,
        "dvar": 6.43416261673,
        "dvar2": 13.1744718552,
        "max": 26.7054576874,
        "mean": 12.3835573196,
        "median": 11.3800582886,
        "min": 2.62503385544,
        "var": 27.904006958
    },
    "barkbands_flatness_db": {
        "dmean": 0.0314748026431,
        "dmean2": 0.0462458133698,
        "dvar": 0.00120370904915,
        "dvar2": 0.00270313280635,
        "max": 0.489197850227,
        "mean": 0.204558759928,
        "median": 0.199951514602,
        "min": 0.0293059330434,
        "var": 0.00592435803264
    },
    "barkbands_kurtosis": {
        "dmean": 7.74909687042,
        "dmean2": 11.5773391724,
        "dvar": 521.335021973,
        "dvar2": 1033.06933594,
        "max": 986.845031738,
        "mean": 13.1741304398,
        "median": 4.80292510986,
        "min": -1.91170978546,
        "var": 1635.33752441
    },
    "barkbands_skewness": {
        "dmean": 0.807946920395,
        "dmean2": 1.16624855995,
        "dvar": 1.06489121914,
        "dvar2": 2.04030179977,
        "max": 29.1411190033,
        "mean": 2.12183570862,
        "median": 1.76529109478,
        "min": -3.42850923538,
        "var": 5.01872062683
    },
    "barkbands_spread": {
        "dmean": 4.21954870224,
        "dmean2": 6.54142808914,
        "dvar": 35.7377433777,
        "dvar2": 80.3319778442,
        "max": 100.490264893,
        "mean": 12.6081485748,
        "median": 9.53098583221,
        "min": 0.197085738182,
        "var": 110.421684265
    },
    "dissonance": {
        "dmean": 0.0286013651639,
        "dmean2": 0.0476371198893,
        "dvar": 0.000893186719622,
        "dvar2": 0.0023992981296,
        "max": 0.500000119209,
        "mean": 0.442386031151,
        "median": 0.453852117062,
        "min": 0.219923987985,
        "var": 0.00197009323165
    },
    "dynamic_complexity": 4.49486541748,
    "erbbands_crest": {
        "dmean": 3.20316195488,
        "dmean2": 5.08031749725,
        "dvar": 11.0035638809,
        "dvar2": 26.1048297882,
        "max": 33.9192199707,
        "mean": 13.0409374237,
        "median": 11.2849121094,
        "min": 2.88552618027,
        "var": 45.9576377869
    },
    "erbbands_flatness_db": {
        "dmean": 0.0239676572382,
        "dmean2": 0.0351882949471,
        "dvar": 0.000711496279109,
        "dvar2": 0.00154932250734,
        "max": 0.432986319065,
        "mean": 0.202118486166,
        "median": 0.191908910871,
        "min": 0.048718277365,
        "var": 0.00443360069767
    },
    "erbbands_kurtosis": {
        "dmean": 2.40745377541,
        "dmean2": 3.63865590096,
        "dvar": 14.5627717972,
        "dvar2": 30.9169139862,
        "max": 65.7846984863,
        "mean": 3.74768424034,
        "median": 1.53002667427,
        "min": -1.78303980827,
        "var": 44.243057251
    },
    "erbbands_skewness": {
        "dmean": 0.517609655857,
        "dmean2": 0.764837503433,
        "dvar": 0.293895512819,
        "dvar2": 0.654248118401,
        "max": 6.44407749176,
        "mean": 0.778898596764,
        "median": 0.821570932865,
        "min": -5.44365310669,
        "var": 1.45340204239
    },
    "erbbands_spread": {
        "dmean": 7.47719621658,
        "dmean2": 11.4201211929,
        "dvar": 75.373840332,
        "dvar2": 158.904632568,
        "max": 128.814758301,
        "mean": 27.5748252869,
        "median": 24.6780929565,
        "min": 0.940883874893,
        "var": 319.320526123
    },
    "hfc": {
        "dmean": 4.50839185715,
        "dmean2": 6.46822977066,
        "dvar": 46.6628036499,
        "dvar2": 97.1055526733,
        "max": 93.6628417969,
        "mean": 11.9499092102,
        "median": 7.77503871918,
        "min": 1.46317082894e-08,
        "var": 140.757766724
    },
    "melbands_crest": {
        "dmean": 3.14397215843,
        "dmean2": 4.79918575287,
        "dvar": 9.46860122681,
        "dvar2": 19.3053379059,
        "max": 34.1309165955,
        "mean": 15.9791650772,
        "median": 14.9837770462,
        "min": 3.0259373188,
        "var": 39.2379341125
    },
    "melbands_flatness_db": {
        "dmean": 0.0364259183407,
        "dmean2": 0.0529484450817,
        "dvar": 0.00166580651421,
        "dvar2": 0.00369030446745,
        "max": 0.625671327114,
        "mean": 0.279514461756,
        "median": 0.279701352119,
        "min": 0.0149477273226,
        "var": 0.00837735738605
    },
    "melbands_kurtosis": {
        "dmean": 12.0390768051,
        "dmean2": 18.1163883209,
        "dvar": 675.451171875,
        "dvar2": 1326.11962891,
        "max": 763.886535645,
        "mean": 21.9854564667,
        "median": 8.83724021912,
        "min": -1.90753960609,
        "var": 2306.2175293
    },
    "melbands_skewness": {
        "dmean": 0.924460053444,
        "dmean2": 1.33601641655,
        "dvar": 1.35426580906,
        "dvar2": 2.74509143829,
        "max": 20.5383415222,
        "mean": 2.72850871086,
        "median": 2.23623561859,
        "min": -3.20865011215,
        "var": 5.53560876846
    },
    "melbands_spread": {
        "dmean": 5.38092422485,
        "dmean2": 8.45724487305,
        "dvar": 75.6566543579,
        "dvar2": 178.566543579,
        "max": 152.698059082,
        "mean": 14.5460157394,
        "median": 10.2872562408,
        "min": 0.261653453112,
        "var": 200.46534729
    },
    "pitch_salience": {
        "dmean": 0.0816423669457,
        "dmean2": 0.12734298408,
        "dvar": 0.00780065963045,
        "dvar2": 0.0182367768139,
        "max": 0.90129750967,
        "mean": 0.522738218307,
        "median": 0.533619940281,
        "min": 0.0231350809336,
        "var": 0.0265313219279
    },
    "silence_rate_20dB": {
        "dmean": 0,
        "dmean2": 0,
        "dvar": 0,
        "dvar2": 0,
        "max": 1,
        "mean": 1,
        "median": 1,
        "min": 1,
        "var": 0
    },
    "silence_rate_30dB": {
        "dmean": 0.0603028312325,
        "dmean2": 0.120621539652,
        "dvar": 0.0566633716226,
        "dvar2": 0.152680322528,
        "max": 1,
        "mean": 0.962611913681,
        "median": 1,
        "min": 0,
        "var": 0.0359922498465
    },
    "silence_rate_60dB": {
        "dmean": 0.0400263331831,
        "dmean2": 0.0799315273762,
        "dvar": 0.0384202413261,
        "dvar2": 0.0811826363206,
        "max": 1,
        "mean": 0.115850448608,
        "median": 0,
        "min": 0,
        "var": 0.102434374392
    },
    "spectral_centroid": {
        "dmean": 208.433334351,
        "dmean2": 325.833709717,
        "dvar": 92165.46875,
        "dvar2": 212395.484375,
        "max": 3948.58569336,
        "mean": 851.25177002,
        "median": 713.921020508,
        "min": 152.358428955,
        "var": 284719.65625
    },
    "spectral_complexity": {
        "dmean": 3.02778148651,
        "dmean2": 4.71780347824,
        "dvar": 18.12840271,
        "dvar2": 40.7328643799,
        "max": 51,
        "mean": 11.0127696991,
        "median": 10,
        "min": 0,
        "var": 46.8410758972
    },
    "spectral_decrease": {
        "dmean": 3.61152929784e-09,
        "dmean2": 5.27486143653e-09,
        "dvar": 3.73971928355e-17,
        "dvar2": 8.74441345241e-17,
        "max": -7.31004775096e-20,
        "mean": -8.20677747981e-09,
        "median": -5.27274490736e-09,
        "min": -5.01378778495e-08,
        "var": 7.10730390616e-17
    },
    "spectral_energy": {
        "dmean": 0.0139822233468,
        "dmean2": 0.0203716363758,
        "dvar": 0.000551420962438,
        "dvar2": 0.00128582457546,
        "max": 0.192106887698,
        "mean": 0.0320581831038,
        "median": 0.0207944717258,
        "min": 1.60303682221e-12,
        "var": 0.00106492161285
    },
    "spectral_energyband_high": {
        "dmean": 0.000114029789984,
        "dmean2": 0.000178426664206,
        "dvar": 7.72010650962e-08,
        "dvar2": 1.87755276215e-07,
        "max": 0.00431688735262,
        "mean": 0.000169791834196,
        "median": 5.01702488691e-05,
        "min": 1.16062389734e-12,
        "var": 9.69461737554e-08
    },
    "spectral_energyband_low": {
        "dmean": 0.00935168191791,
        "dmean2": 0.0139679452404,
        "dvar": 0.000433736946434,
        "dvar2": 0.00102986942511,
        "max": 0.168343663216,
        "mean": 0.0161935780197,
        "median": 0.00453017419204,
        "min": 5.48337281614e-14,
        "var": 0.000670310400892
    },
    "spectral_energyband_middle_high": {
        "dmean": 0.00138390646316,
        "dmean2": 0.00192063965369,
        "dvar": 5.71388454773e-06,
        "dvar2": 1.07674222818e-05,
        "max": 0.0349701009691,
        "mean": 0.00347021734342,
        "median": 0.00126921478659,
        "min": 2.8689754023e-13,
        "var": 3.21678962791e-05
    },
    "spectral_energyband_middle_low": {
        "dmean": 0.0078703276813,
        "dmean2": 0.0129767730832,
        "dvar": 0.000231042402447,
        "dvar2": 0.000606485642493,
        "max": 0.134179219604,
        "mean": 0.0144349541515,
        "median": 0.00824031792581,
        "min": 3.64783412352e-14,
        "var": 0.000316746911267
    },
    "spectral_entropy": {
        "dmean": 0.252499103546,
        "dmean2": 0.385971099138,
        "dvar": 0.0799165442586,
        "dvar2": 0.192670077085,
        "max": 8.80298519135,
        "mean": 7.07256031036,
        "median": 7.0863442421,
        "min": 4.92977380753,
        "var": 0.312249004841
    },
    "spectral_flux": {
        "dmean": 0.0398634597659,
        "dmean2": 0.0599104613066,
        "dvar": 0.00296359229833,
        "dvar2": 0.00507685914636,
        "max": 0.411413580179,
        "mean": 0.0810757428408,
        "median": 0.0543183907866,
        "min": 1.42042381412e-05,
        "var": 0.00608424469829
    },
    "spectral_kurtosis": {
        "dmean": 3.77851033211,
        "dmean2": 6.31630373001,
        "dvar": 56.517742157,
        "dvar2": 139.151535034,
        "max": 228.791244507,
        "mean": 8.63772678375,
        "median": 5.92826271057,
        "min": 0.0443456172943,
        "var": 166.233901978
    },
    "spectral_rms": {
        "dmean": 0.00109194696415,
        "dmean2": 0.00149111647625,
        "dvar": 2.03851482183e-06,
        "dvar2": 4.29811507274e-06,
        "max": 0.0136901913211,
        "mean": 0.00487054139376,
        "median": 0.00450414139777,
        "min": 3.95466592806e-08,
        "var": 7.55399923946e-06
    },
    "spectral_rolloff": {
        "dmean": 358.52947998,
        "dmean2": 622.322875977,
        "dvar": 1318945.25,
        "dvar2": 3643895.75,
        "max": 17140.4296875,
        "mean": 960.078857422,
        "median": 581.396484375,
        "min": 64.599609375,
        "var": 2168509.5
    },
    "spectral_skewness": {
        "dmean": 0.392585068941,
        "dmean2": 0.626562356949,
        "dvar": 0.243906930089,
        "dvar2": 0.62224406004,
        "max": 12.1862802505,
        "mean": 2.07880020142,
        "median": 1.94430232048,
        "min": -0.0226825792342,
        "var": 0.813850641251
    },
    "spectral_spread": {
        "dmean": 492458.34375,
        "dmean2": 725370.5625,
        "dvar": 266070917120,
        "dvar2": 594628509696,
        "max": 11145906,
        "mean": 3842585.25,
        "median": 3667801.5,
        "min": 396663.40625,
        "var": 1.93154239693e+12
    },
    "spectral_strongpeak": {
        "dmean": 0.457908213139,
        "dmean2": 0.739496529102,
        "dvar": 0.638648629189,
        "dvar2": 1.54718053341,
        "max": 8.37883758545,
        "mean": 0.93331360817,
        "median": 0.495169818401,
        "min": 0,
        "var": 1.45111274719
    },
    "zerocrossingrate": {
        "dmean": 0.0076275379397,
        "dmean2": 0.00907763279974,
        "dvar": 0.000132846689667,
        "dvar2": 0.000192449515453,
        "max": 0.61181640625,
        "mean": 0.0390292666852,
        "median": 0.03076171875,
        "min": 0.00244140625,
        "var": 0.0013674471993
    },
    "barkbands": {
        "dmean": [9.85637962003e-05, 0.0046029756777, 0.00593322841451, 0.00408360781148, 0.00224473443814, 0.00131543364841, 0.000593889621086, 0.0009489931399, 0.000595768971834, 0.000509017321747, 0.000219311157707, 0.000515451887622, 0.000148976003402, 0.000113242604129, 0.000287555070827, 9.22370672924e-05, 8.13117076177e-05, 7.88531760918e-05, 5.54785765416e-05, 5.49797769054e-05, 3.93185291614e-05, 2.22504022531e-05, 1.26596332848e-05, 8.66212030814e-06, 7.39387814974e-06, 6.27332156e-06, 8.44454518756e-07],
        "dmean2": [0.00014754915901, 0.00635783839971, 0.0102831842378, 0.00736281974241, 0.00374726881273, 0.00216941558756, 0.000921246246435, 0.00135446840432, 0.000888061360456, 0.000724136363715, 0.000311881973175, 0.000662229547743, 0.000232106511248, 0.00018995544815, 0.000492211896926, 0.000149299899931, 0.000131332839373, 0.000133406050736, 9.22028921195e-05, 9.18066652957e-05, 6.31694492768e-05, 3.65222658729e-05, 2.04350762942e-05, 1.38576206155e-05, 1.13857349788e-05, 9.58924374572e-06, 1.3923510096e-06],
        "dvar": [3.15900230419e-08, 8.74564939295e-05, 0.000311666895868, 0.000128494488308, 3.20298058796e-05, 5.6437315834e-06, 1.54141741859e-06, 8.60085856402e-06, 5.96280506215e-06, 2.13844009522e-06, 1.39997314363e-06, 2.67768223239e-06, 1.02431073401e-07, 5.38253459581e-08, 6.34258981336e-07, 8.727923273e-08, 4.92240168626e-08, 5.18408498351e-08, 2.04026520123e-08, 2.33947936579e-08, 8.79595685177e-09, 2.76300005098e-09, 8.65999660871e-10, 5.56924117934e-10, 3.13429920906e-10, 2.29642957428e-10, 1.50994720199e-11],
        "dvar2": [9.17299303183e-08, 0.000182128758752, 0.000808684912045, 0.000360194331734, 8.6110070697e-05, 1.55615598487e-05, 3.95960069e-06, 1.8417253159e-05, 1.12818652269e-05, 3.79068205802e-06, 2.05414039556e-06, 3.9910310079e-06, 2.14205698512e-07, 1.45703467069e-07, 1.92390325537e-06, 2.20956053454e-07, 1.25227956005e-07, 1.17694987978e-07, 4.36438156726e-08, 5.96421045884e-08, 2.11154613794e-08, 6.95488555635e-09, 2.10209250007e-09, 1.45079814828e-09, 7.77295394716e-10, 5.197345887e-10, 3.81585943399e-11],
        "max": [0.00196198001504, 0.0920436903834, 0.122088693082, 0.0909602940083, 0.0770090520382, 0.0337674207985, 0.02951316908, 0.0555215775967, 0.0743994936347, 0.0252581555396, 0.0321346372366, 0.0310894548893, 0.00804942473769, 0.00325538567267, 0.0104834064841, 0.0108168143779, 0.00460412492976, 0.00630598748103, 0.00703403586522, 0.00347875314765, 0.0010838075541, 0.00075592106441, 0.000420456257416, 0.000750622479245, 0.000456067238702, 0.000364672509022, 0.000133965921123],
        "mean": [0.000152759530465, 0.00917352735996, 0.00487757474184, 0.00339608569629, 0.00371099961922, 0.00243932567537, 0.00110603519715, 0.00213263579644, 0.00112911534961, 0.000981002463959, 0.000392328656744, 0.00124775932636, 0.00021539478621, 0.000143802259117, 0.000352160743205, 0.000125393809867, 0.000118020929222, 9.37758377404e-05, 7.11416651029e-05, 6.30438225926e-05, 5.17785119882e-05, 3.03654505842e-05, 1.84713371709e-05, 1.38001742016e-05, 1.18303041745e-05, 9.05387969397e-06, 9.22836477457e-07],
        "median": [4.44758115918e-05, 0.00165384169668, 0.000723762437701, 0.000526070769411, 0.00166559568606, 0.00108393072151, 0.00049604504602, 0.000387903128285, 0.000161745352671, 0.000140450429171, 2.88484661723e-05, 8.22418514872e-05, 6.42196027911e-05, 4.38161732745e-05, 5.11221915076e-05, 2.80470885627e-05, 3.11653566314e-05, 1.47931750689e-05, 1.853313006e-05, 1.39528929139e-05, 1.32114091684e-05, 1.00109555206e-05, 4.42621058028e-06, 3.70348743672e-06, 1.67663961292e-06, 7.07055960447e-07, 1.39006859357e-08],
        "min": [9.17006135739e-14, 1.3775342561e-14, 3.57377600007e-15, 2.11803169264e-16, 3.79576851247e-15, 4.42166995631e-15, 1.46429262216e-14, 5.77650466116e-15, 7.09858460194e-15, 2.01308094882e-15, 1.17026825852e-14, 2.12906508558e-14, 2.23803807653e-14, 1.79086515853e-14, 3.6217905709e-14, 2.54881361785e-14, 5.19051015818e-14, 3.0376387034e-14, 4.72601152006e-14, 4.16447746513e-14, 5.07964913079e-14, 8.93437274575e-14, 7.12173917929e-14, 1.83372007899e-13, 2.13222004614e-13, 2.37304235507e-13, 3.02984823645e-13],
        "var": [4.98684826766e-08, 0.000226826479775, 0.000226280157221, 8.3946812083e-05, 4.07567531511e-05, 1.12768138933e-05, 3.22175856127e-06, 2.51014025707e-05, 1.8457069018e-05, 6.20185255684e-06, 5.03240926264e-06, 1.50033611135e-05, 2.05794620456e-07, 6.78281963928e-08, 8.11021322988e-07, 1.1860075233e-07, 7.71516042164e-08, 7.14436225735e-08, 3.06043368425e-08, 2.34395844956e-08, 1.09625286626e-08, 3.17933990246e-09, 1.15310516691e-09, 6.54260090549e-10, 4.9304155203e-10, 3.74311165396e-10, 1.81485416972e-11]
    },
    "erbbands": {
        "dmean": [0.134045347571, 1.11544263363, 4.76746320724, 12.8493499756, 9.04674625397, 7.04480886459, 10.9927425385, 10.6208467484, 9.60116958618, 8.78284358978, 21.7111778259, 16.3617248535, 15.6989650726, 9.29026603699, 11.3533334732, 25.2661705017, 7.4289598465, 5.90700960159, 17.6042098999, 5.17863559723, 4.98369026184, 3.7958741188, 4.36948394775, 3.2510612011, 2.79611849785, 2.60740923882, 1.71411812305, 1.54062354565, 0.871071994305, 0.56652367115, 0.327511131763, 0.207840591669, 0.138892456889, 0.0909450501204, 0.0488719567657, 0.0304035004228, 0.0108541101217, 0.002091931412, 0.000122963218018, 1.68923415913e-05],
        "dmean2": [0.167429029942, 1.51361787319, 7.83344745636, 23.1114616394, 15.251704216, 11.8410482407, 17.9161453247, 17.7245693207, 14.8820800781, 13.2959213257, 30.6576347351, 23.3689498901, 23.0997943878, 13.6568717957, 15.3011674881, 32.4478912354, 11.0762319565, 9.69013500214, 30.3102893829, 8.6242275238, 8.01979255676, 6.08582687378, 7.38888883591, 5.48610019684, 4.55376005173, 4.32678461075, 2.74655985832, 2.51977920532, 1.41310656071, 0.920736432076, 0.525660216808, 0.336614012718, 0.221413567662, 0.141271829605, 0.0753689482808, 0.0474263764918, 0.0165086779743, 0.00322546134703, 0.000198181180167, 2.43046943069e-05],
        "dvar": [0.061308644712, 5.08129835129, 173.261032104, 1439.06420898, 478.224639893, 298.822692871, 519.65838623, 415.218933105, 440.09967041, 760.509155273, 4964.91992188, 5035.51855469, 2546.65356445, 787.175964355, 3214.37231445, 6727.54296875, 235.334472656, 129.726379395, 2311.94067383, 133.730697632, 206.669418335, 107.043769836, 122.082839966, 81.9824829102, 57.4540290833, 51.3930587769, 17.9946193695, 16.2963981628, 4.25368118286, 1.87379956245, 0.594766020775, 0.249385729432, 0.169652059674, 0.051966227591, 0.0135048897937, 0.00583590241149, 0.000667430460453, 4.14783535234e-05, 4.68829881584e-07, 7.9688161625e-10],
        "dvar2": [0.10085606575, 11.1380081177, 415.997528076, 3964.93261719, 1272.94006348, 825.117370605, 1342.0871582, 1145.3215332, 1158.40063477, 1576.30908203, 10569.7695312, 9446.25292969, 4888.89501953, 1326.56958008, 4797.34228516, 10282.1464844, 466.036834717, 341.226043701, 7030.24169922, 364.970092773, 505.581359863, 267.978790283, 294.245544434, 195.173675537, 113.80783844, 131.275878906, 43.8592834473, 40.3640022278, 10.6514911652, 4.66830587387, 1.44696676731, 0.623348116875, 0.453299999237, 0.133862569928, 0.0326239578426, 0.0137569382787, 0.00148972962052, 0.000101621204522, 1.18105629099e-06, 1.83088133543e-09],
        "max": [2.39485788345, 24.070892334, 107.967826843, 286.073455811, 230.152877808, 253.179168701, 314.857727051, 302.22164917, 454.297943115, 1145.29614258, 1364.07592773, 2204.2409668, 987.700073242, 816.17779541, 1533.6048584, 1529.16333008, 398.939788818, 154.087997437, 649.184143066, 281.996124268, 403.855102539, 248.043930054, 325.49407959, 307.06350708, 418.951293945, 155.2784729, 106.868484497, 55.3122367859, 33.7330093384, 22.9973049164, 10.6979141235, 10.7752513885, 14.573548317, 6.37228393555, 2.84097075462, 1.93920242786, 0.565317213535, 0.191035196185, 0.0255882460624, 0.000389873166569],
        "mean": [0.286076456308, 2.01949453354, 4.77888917923, 10.0522603989, 11.1324939728, 11.6054143906, 19.3944892883, 18.4033565521, 18.4127464294, 19.0151119232, 48.8115272522, 34.7057991028, 32.9749298096, 16.6844043732, 24.2270412445, 61.9415435791, 13.2143068314, 8.61290550232, 21.7695064545, 7.21606779099, 7.17900323868, 5.72400665283, 5.52657985687, 3.95351457596, 3.59721088409, 3.0035803318, 2.27686405182, 1.91406214237, 1.15667712688, 0.78516471386, 0.483506649733, 0.312203377485, 0.220767050982, 0.141390115023, 0.078871153295, 0.0440158694983, 0.0154894599691, 0.00280042388476, 0.000153889457579, 3.87099098589e-05],
        "median": [0.038573667407, 0.427269756794, 1.11797463894, 1.8554315567, 3.49993371964, 5.63975906372, 7.57141876221, 8.05208396912, 8.61712646484, 7.04246997833, 8.65543746948, 5.56597185135, 4.91837692261, 3.48530101776, 2.13590455055, 4.08172035217, 4.27165126801, 3.40003037453, 4.17910861969, 2.3576669693, 2.00063848495, 1.54309630394, 0.951978445053, 0.791937351227, 0.947952389717, 0.662847518921, 0.633444666862, 0.447812318802, 0.378258317709, 0.21919593215, 0.115892663598, 0.0789306908846, 0.0553292483091, 0.0248755421489, 0.00975545495749, 0.00406248448417, 0.00096386380028, 0.000120289951155, 2.005677743e-05, 2.52884892689e-05],
        "min": [1.16299754115e-12, 1.13273539853e-12, 3.88600740128e-12, 2.41451953917e-12, 3.04704590552e-12, 1.63803155068e-11, 2.14631229456e-11, 4.78420671135e-11, 1.88888460428e-10, 1.65784844186e-10, 1.36821803887e-10, 1.83978568491e-10, 9.91557044805e-11, 1.4546785998e-10, 7.17259696081e-10, 8.94492147019e-10, 1.1249046139e-09, 1.02293473692e-09, 1.05660791228e-09, 2.03626160378e-09, 1.86229065502e-09, 3.04709102394e-09, 1.69409797302e-09, 1.64645741485e-09, 2.97418134565e-09, 1.60924651382e-09, 1.97162774995e-09, 2.54338439198e-09, 3.58483775997e-09, 2.78508260898e-09, 1.78835524167e-09, 3.1599760586e-09, 3.03845637539e-09, 2.01192973392e-09, 1.71723879561e-09, 9.65867497094e-10, 3.7788894236e-10, 1.73089181876e-10, 4.43112387061e-11, 4.50803413696e-12],
        "var": [0.228737205267, 11.3232688904, 152.020324707, 928.372619629, 486.078979492, 373.401153564, 1096.42724609, 771.590332031, 893.684448242, 2027.70935059, 14796.1035156, 16022.9765625, 7353.63378906, 2561.67211914, 11869.6289062, 36581.484375, 574.160400391, 183.105453491, 2898.61767578, 177.55607605, 313.800170898, 178.342330933, 179.202728271, 102.753425598, 92.4569015503, 52.6420097351, 22.0310916901, 17.5847034454, 4.75018358231, 2.24665164948, 0.792889595032, 0.315303266048, 0.186387628317, 0.0702455341816, 0.0229071099311, 0.00870708283037, 0.00116960913874, 5.67652641621e-05, 5.74187538405e-07, 1.56581114741e-09]
    },
    "gfcc": {
        "mean": [-75.7617034912, 124.502655029, -110.692153931, 24.5802993774, -55.1978263855, 5.86958122253, -31.8395767212, -1.91296458244, -16.4052658081, 5.1273021698, -12.472738266, -4.24176645279, -6.58688306808],
        "cov": [[16478.9375, 639.693786621, 739.216186523, 883.894226074, -200.527374268, 543.114440918, -113.932472229, 474.018676758, -387.233795166, 188.897445679, -185.868637085, 33.6726493835, -400.714233398], [639.693786621, 2394.79956055, 103.586639404, 92.6962280273, 241.261154175, -359.38067627, 352.681243896, -304.807647705, 295.12512207, -233.306304932, 259.619598389, -229.863616943, 203.321624756], [739.216186523, 103.586639404, 1184.1619873, 349.500793457, 299.126068115, 236.868942261, 43.6021957397, 156.179702759, 32.3608894348, 136.059402466, -60.3720169067, 33.0057563782, -32.6141204834], [883.894226074, 92.6962280273, 349.500793457, 597.391296387, 184.507095337, 37.9580497742, -27.7212333679, -58.6309013367, 9.71361923218, 66.149520874, -31.5000839233, -25.861322403, -29.3941555023], [-200.527374268, 241.261154175, 299.126068115, 184.507095337, 489.861816406, 247.175643921, 174.243453979, 10.9066724777, 59.8506240845, 22.9566383362, 27.0938606262, -23.1970691681, 29.5897483826], [543.114440918, -359.38067627, 236.868942261, 37.9580497742, 247.175643921, 831.639282227, 291.144226074, 195.673614502, -14.2664213181, 113.507148743, 59.3796958923, 43.9487037659, 48.2382354736], [-113.932472229, 352.681243896, 43.6021957397, -27.7212333679, 174.243453979, 291.144226074, 397.262207031, 100.148521423, 101.08354187, -26.3968315125, 109.717147827, -11.5182342529, 74.8978652954], [474.018676758, -304.807647705, 156.179702759, -58.6309013367, 10.9066724777, 195.673614502, 100.148521423, 342.653564453, 63.5067138672, 94.574432373, -4.9504237175, 76.3356933594, -39.4845275879], [-387.233795166, 295.12512207, 32.3608894348, 9.71361923218, 59.8506240845, -14.2664213181, 101.08354187, 63.5067138672, 247.895782471, 71.6049346924, 92.7675933838, -30.0934391022, 43.0087776184], [188.897445679, -233.306304932, 136.059402466, 66.149520874, 22.9566383362, 113.507148743, -26.3968315125, 94.574432373, 71.6049346924, 204.077392578, 21.8812484741, 36.7222442627, -27.2957496643], [-185.868637085, 259.619598389, -60.3720169067, -31.5000839233, 27.0938606262, 59.3796958923, 109.717147827, -4.9504237175, 92.7675933838, 21.8812484741, 179.167007446, 20.3047962189, 65.7973861694], [33.6726493835, -229.863616943, 33.0057563782, -25.861322403, -23.1970691681, 43.9487037659, -11.5182342529, 76.3356933594, -30.0934391022, 36.7222442627, 20.3047962189, 129.051040649, 9.54439353943], [-400.714233398, 203.321624756, -32.6141204834, -29.3941555023, 29.5897483826, 48.2382354736, 74.8978652954, -39.4845275879, 43.0087776184, -27.2957496643, 65.7973861694, 9.54439353943, 127.669929504]],
        "icov": [[0.000139123061672, -0.000366906751879, 0.000116056507977, -0.000258452870185, 0.000242117937887, -0.000348986999597, 0.000321889587212, -0.000431876978837, 0.000421121250838, -0.000195639353478, 0.000197266839677, -0.000237175292568, 0.000476837187307], [-0.000366906751879, 0.00243137241341, -0.000863891327754, 0.000643556006253, -0.000884855457116, 0.00200481177308, -0.00208042236045, 0.00174956722185, -0.00162195472512, 0.00147325568832, -0.00212859688327, 0.00240740482695, -0.00210863049142], [0.000116056507977, -0.000863891327754, 0.00162211910356, -0.000783258583397, -0.00030888908077, -0.000731708481908, 0.000859717081767, -0.00119104678743, 0.000614670687355, -0.000924345862586, 0.00124199246056, -0.000990400323644, 0.000478714122437], [-0.000258452870185, 0.000643556006253, -0.000783258583397, 0.0028956590686, -0.00105752330273, 0.000669050554279, -0.000518264016137, 0.00170341774356, -0.000857224164065, -0.000366127293091, -9.99121257337e-05, 0.000466153025627, -0.000319195358315], [0.000242117937887, -0.000884855457116, -0.00030888908077, -0.00105752330273, 0.00390921346843, -0.00158772803843, -0.000303087785142, 0.000123960824567, -0.000152651191456, -6.30372815067e-05, 0.00107741029933, -0.000913065043278, 0.0013076805044], [-0.000348986999597, 0.00200481177308, -0.000731708481908, 0.000669050554279, -0.00158772803843, 0.00446211639792, -0.00350303878076, 0.000305211753584, 0.00113632308785, -0.00113894697279, -0.00205084169284, 0.00283871078864, -0.00327109452337], [0.000321889587212, -0.00208042236045, 0.000859717081767, -0.000518264016137, -0.000303087785142, -0.00350303878076, 0.00799534376711, -0.00326769216917, -0.000280960579403, 0.00190703070257, -0.00057766889222, -0.000918503035791, 0.000985275721177], [-0.000431876978837, 0.00174956722185, -0.00119104678743, 0.00170341774356, 0.000123960824567, 0.000305211753584, -0.00326769216917, 0.00825875904411, -0.00463288929313, 0.000441604293883, 0.00112046895083, -0.0028816733975, 0.0015663492959], [0.000421121250838, -0.00162195472512, 0.000614670687355, -0.000857224164065, -0.000152651191456, 0.00113632308785, -0.000280960579403, -0.00463288929313, 0.0111814541742, -0.00544523959979, -0.00234378920868, 0.00363124185242, -0.00179196032695], [-0.000195639353478, 0.00147325568832, -0.000924345862586, -0.000366127293091, -6.30372815067e-05, -0.00113894697279, 0.00190703070257, 0.000441604293883, -0.00544523959979, 0.010750753805, -0.00248031620868, -0.000937974429689, 0.00166331115179], [0.000197266839677, -0.00212859688327, 0.00124199246056, -9.99121257337e-05, 0.00107741029933, -0.00205084169284, -0.00057766889222, 0.00112046895083, -0.00234378920868, -0.00248031620868, 0.0124155916274, -0.00578274950385, -0.000193123720237], [-0.000237175292568, 0.00240740482695, -0.000990400323644, 0.000466153025627, -0.000913065043278, 0.00283871078864, -0.000918503035791, -0.0028816733975, 0.00363124185242, -0.000937974429689, -0.00578274950385, 0.0153697365895, -0.00552991172299], [0.000476837187307, -0.00210863049142, 0.000478714122437, -0.000319195358315, 0.0013076805044, -0.00327109452337, 0.000985275721177, 0.0015663492959, -0.00179196032695, 0.00166331115179, -0.000193123720237, -0.00552991172299, 0.0150477364659]]
    },
    "melbands": {
        "dmean": [0.00123018969316, 0.00191923452076, 0.00204954133369, 0.00054994225502, 0.000350254733348, 0.000233231097809, 0.000139530762681, 0.000116587354569, 0.000161593634402, 0.000102053112641, 7.77380191721e-05, 4.2000439862e-05, 3.02442604152e-05, 6.65875195409e-05, 3.11427284032e-05, 1.5560302927e-05, 1.07953328552e-05, 2.74811336567e-05, 1.29800300783e-05, 6.92045341566e-06, 5.82073289479e-06, 4.26109454565e-06, 3.93182745029e-06, 4.06724893764e-06, 2.60430829258e-06, 2.26098063649e-06, 1.77383890332e-06, 1.81737857474e-06, 1.13538555979e-06, 1.02466788121e-06, 8.86815655576e-07, 5.3992556559e-07, 3.80977070336e-07, 3.02876941305e-07, 2.0197876438e-07, 1.59970866775e-07, 1.21813201304e-07, 1.02763586085e-07, 9.10847148816e-08, 7.6113543912e-08],
        "dmean2": [0.00160514353774, 0.00289597851224, 0.00361509574577, 0.000916513672564, 0.00057936029043, 0.000387977896025, 0.000215625521378, 0.000176405141247, 0.000229470126214, 0.000147009835928, 0.000114806760394, 6.07970032434e-05, 4.31013941125e-05, 8.41503060656e-05, 4.26290134783e-05, 2.42899786826e-05, 1.79413873411e-05, 4.7372039262e-05, 2.20035253733e-05, 1.12803591037e-05, 9.41744383454e-06, 6.8476456363e-06, 6.5719250415e-06, 6.79719914842e-06, 4.43818362328e-06, 3.7102117858e-06, 2.92067556984e-06, 3.05963521896e-06, 1.84771920431e-06, 1.66882682606e-06, 1.4612189716e-06, 8.89453588115e-07, 6.25569384738e-07, 4.93517688938e-07, 3.27686052515e-07, 2.64253202431e-07, 1.99105627985e-07, 1.66798926671e-07, 1.44510281075e-07, 1.19210298521e-07],
        "dvar": [5.59094814889e-06, 2.14129686356e-05, 3.13195087074e-05, 1.86801833024e-06, 5.30518377673e-07, 1.90666014532e-07, 9.02548933368e-08, 1.38473836842e-07, 2.7061727792e-07, 2.10197953265e-07, 6.2499779574e-08, 1.7973073696e-08, 2.67343143179e-08, 4.18070911223e-08, 6.55459730936e-09, 9.36634991788e-10, 5.35140765034e-10, 5.28603250061e-09, 1.03867447976e-09, 4.96027441343e-10, 2.42397296679e-10, 1.23345569869e-10, 1.10706055434e-10, 1.60737964605e-10, 5.32598375125e-11, 5.96585558732e-11, 1.89293043046e-11, 2.91899664162e-11, 1.07042812114e-11, 5.3259740368e-12, 6.18854793799e-12, 1.73356012705e-12, 8.53431800056e-13, 5.39234618329e-13, 2.22912197056e-13, 1.49016798792e-13, 8.71292919541e-14, 9.81200797695e-14, 5.44586213147e-14, 3.55652464944e-14],
        "dvar2": [1.00356228359e-05, 4.7212564823e-05, 8.48534182296e-05, 5.01666499986e-06, 1.39784685871e-06, 5.27375505044e-07, 2.34236154029e-07, 2.97400134741e-07, 5.74288264943e-07, 3.86403058883e-07, 1.20652813962e-07, 2.86907528846e-08, 3.90173937603e-08, 6.13660589011e-08, 1.0781350035e-08, 2.03696726153e-09, 1.44043488248e-09, 1.60256963255e-08, 3.06735348232e-09, 1.29778177094e-09, 5.88383008981e-10, 3.04844371968e-10, 2.89424872957e-10, 3.51382783981e-10, 1.29404126303e-10, 1.15857809457e-10, 4.67735745968e-11, 7.58308069115e-11, 2.64742134465e-11, 1.30722429409e-11, 1.55438179689e-11, 4.4366485312e-12, 2.19100063613e-12, 1.34190672896e-12, 5.45196917126e-13, 3.76467574562e-13, 2.20571296145e-13, 2.66158216343e-13, 1.39636390016e-13, 9.24360211312e-14],
        "max": [0.0217840746045, 0.0414166972041, 0.041853800416, 0.0178773775697, 0.00913951639086, 0.00625048112124, 0.00691975001246, 0.0136913312599, 0.0105547243729, 0.0145955327898, 0.00485833687708, 0.00369737762958, 0.00444886554033, 0.0038471815642, 0.0013985473197, 0.000588774681091, 0.000346835295204, 0.00101176928729, 0.000445495155873, 0.0008997747791, 0.000326286361087, 0.000246501091169, 0.000248001189902, 0.00037589223939, 0.000257972831605, 0.000489850877784, 0.000159944334882, 0.000137924507726, 0.000119978401926, 3.26000481436e-05, 5.05485477333e-05, 2.78928328044e-05, 1.36288153954e-05, 1.42694507304e-05, 6.79097638567e-06, 5.40820383321e-06, 7.06668879502e-06, 1.12274510684e-05, 7.31533054932e-06, 4.96523671245e-06],
        "mean": [0.00260824291036, 0.00259449775331, 0.00176188326441, 0.000847117509693, 0.000617419951595, 0.000417499162722, 0.000268795352895, 0.000251494348049, 0.000357743818313, 0.000209460369661, 0.000158760027261, 6.71684465487e-05, 5.46746814507e-05, 0.000163506381796, 6.79307195242e-05, 2.29091820074e-05, 1.38788018376e-05, 3.39545767929e-05, 1.62436590472e-05, 9.13186522666e-06, 8.12383404991e-06, 6.19451429884e-06, 5.17161015523e-06, 4.75024489788e-06, 2.96861867355e-06, 2.77970684692e-06, 2.16399030251e-06, 1.9811209313e-06, 1.43510203543e-06, 1.32233731165e-06, 1.03090440007e-06, 6.77214472944e-07, 5.08155153511e-07, 4.06010201459e-07, 2.85451960735e-07, 2.27117936902e-07, 1.75520156631e-07, 1.56312992772e-07, 1.39864667403e-07, 1.12832601928e-07],
        "median": [0.000397029070882, 0.000715307542123, 0.000368734734366, 0.000358250224963, 0.000273398094578, 0.0001860117045, 0.000123265373986, 7.70890183048e-05, 6.26654655207e-05, 2.70907676168e-05, 2.23264796659e-05, 1.2921384041e-05, 4.29697774962e-06, 1.0139018741e-05, 8.16380088509e-06, 6.40187590761e-06, 4.21060167355e-06, 6.66544929118e-06, 3.06499555336e-06, 2.14653414332e-06, 2.09743075175e-06, 1.66117570188e-06, 8.96779852155e-07, 7.35272919883e-07, 5.67528331885e-07, 6.85077338858e-07, 5.16006025464e-07, 4.08049146472e-07, 3.82508574148e-07, 3.28926887505e-07, 2.27417629617e-07, 2.15295045791e-07, 1.67394830441e-07, 9.7622745443e-08, 6.19508568889e-08, 5.69582638832e-08, 4.02271354005e-08, 3.73398449938e-08, 3.13703658605e-08, 1.60733577559e-08],
        "min": [1.16695271745e-14, 1.78507492601e-15, 4.00576068558e-16, 6.87757295369e-16, 7.739611619e-16, 1.11077401956e-15, 2.91770303088e-15, 1.6623943797e-15, 1.10347714835e-15, 1.07756408116e-15, 4.47804825752e-16, 4.50855944307e-16, 2.07209966348e-15, 2.63636950778e-15, 2.60735100604e-15, 1.96977384829e-15, 1.83056673627e-15, 1.32690051116e-15, 2.67665206541e-15, 2.11678149848e-15, 2.14294528743e-15, 3.58496403475e-15, 1.38158781697e-15, 1.57471948164e-15, 1.20377357848e-15, 2.00903763704e-15, 1.89021140828e-15, 8.83937590431e-16, 1.35535446544e-15, 1.31122669587e-15, 1.32533053559e-15, 2.40437840671e-15, 1.26201609333e-15, 1.81878704907e-15, 1.09820013309e-15, 8.29352034453e-16, 2.49101505414e-15, 2.24772982751e-15, 1.60288428004e-15, 1.83685722645e-15],
        "var": [1.83893644135e-05, 2.64494956355e-05, 2.16889056901e-05, 2.33941341321e-06, 9.88025703919e-07, 3.58322495231e-07, 1.87881994407e-07, 3.57926666084e-07, 8.15087219053e-07, 6.86266616867e-07, 1.76802885221e-07, 5.01175563272e-08, 9.72387823595e-08, 2.3181021902e-07, 3.28730571653e-08, 1.87106641292e-09, 6.88955337225e-10, 6.72987976458e-09, 1.38818900819e-09, 6.27595420077e-10, 3.93920646102e-10, 2.00804650685e-10, 1.82317119735e-10, 2.30486879582e-10, 6.26758575595e-11, 9.3217038255e-11, 2.21970931219e-11, 2.78269716297e-11, 1.14337437088e-11, 7.00317972016e-12, 6.20978225438e-12, 1.79786556736e-12, 9.34407282452e-13, 6.52071441547e-13, 2.93003441605e-13, 1.78050608111e-13, 1.06494789387e-13, 1.01189625526e-13, 6.98416341037e-14, 4.73679662117e-14]
    },
    "mfcc": {
        "mean": [-716.171264648, 150.242904663, 4.92750883102, 23.8491821289, -1.37881314754, 8.77019500732, -4.80738401413, -6.12181758881, -0.558685302734, 2.56876373291, 0.588012874126, 0.942308843136, -0.607001364231],
        "cov": [[9671.89160156, 1053.75915527, 225.736724854, 291.076965332, 156.988540649, 25.310136795, 224.724761963, 355.56161499, 107.241615295, 53.5205764771, 111.961624146, 78.2249679565, -84.9958724976], [1053.75915527, 2076.47143555, 162.257171631, 235.660202026, 5.31300210953, 7.99409627914, 15.3338289261, 15.8306102753, 46.6177215576, 38.5245666504, 15.55098629, 29.1991710663, 33.4492607117], [225.736724854, 162.257171631, 754.226989746, 200.555145264, 232.056060791, 170.500747681, 112.937294006, 71.970664978, 105.367385864, 92.5717315674, 66.6766891479, 37.0268325806, 34.8257293701], [291.076965332, 235.660202026, 200.555145264, 583.527770996, 163.064788818, 21.6750564575, -102.754425049, -59.91664505, -24.072593689, -16.7293930054, 2.80070209503, -39.7442359924, -37.7304916382], [156.988540649, 5.31300210953, 232.056060791, 163.064788818, 359.454498291, 203.064651489, 120.058204651, 44.0566520691, 61.4629898071, 76.17578125, 57.0613670349, 4.14018630981, 1.30943179131], [25.310136795, 7.99409627914, 170.500747681, 21.6750564575, 203.064651489, 485.087036133, 276.320739746, 89.561706543, 88.1750793457, 106.047569275, 51.63904953, 18.2163562775, 37.1782226562], [224.724761963, 15.3338289261, 112.937294006, -102.754425049, 120.058204651, 276.320739746, 369.39251709, 200.995300293, 108.909423828, 77.4191665649, 51.1519813538, 49.8307342529, 37.1066474915], [355.56161499, 15.8306102753, 71.970664978, -59.91664505, 44.0566520691, 89.561706543, 200.995300293, 244.581802368, 113.061256409, 54.9370231628, 54.809299469, 65.2627410889, 30.9134616852], [107.241615295, 46.6177215576, 105.367385864, -24.072593689, 61.4629898071, 88.1750793457, 108.909423828, 113.061256409, 166.289291382, 106.949371338, 62.5281486511, 45.0850830078, 26.8604717255], [53.5205764771, 38.5245666504, 92.5717315674, -16.7293930054, 76.17578125, 106.047569275, 77.4191665649, 54.9370231628, 106.949371338, 176.983703613, 112.504371643, 56.2303504944, 38.9682502747], [111.961624146, 15.55098629, 66.6766891479, 2.80070209503, 57.0613670349, 51.63904953, 51.1519813538, 54.809299469, 62.5281486511, 112.504371643, 157.746078491, 91.8895950317, 39.9487838745], [78.2249679565, 29.1991710663, 37.0268325806, -39.7442359924, 4.14018630981, 18.2163562775, 49.8307342529, 65.2627410889, 45.0850830078, 56.2303504944, 91.8895950317, 139.243453979, 69.7650146484], [-84.9958724976, 33.4492607117, 34.8257293701, -37.7304916382, 1.30943179131, 37.1782226562, 37.1066474915, 30.9134616852, 26.8604717255, 38.9682502747, 39.9487838745, 69.7650146484, 109.098716736]],
