{
"lowlevel": {
    "average_loudness": 0.875426054001,
    "barkbands_crest": {
        "dmean": 2.17045474052,
        "dmean2": 3.44443774223,
        "dvar": 5.39537286758,
        "dvar2": 13.3415689468,
        "max": 26.2063026428,
        "mean": 12.6821746826,
        "median": 11.9749155045,
        "min": 3.643866539,
        "var": 17.6950931549
    },
    "barkbands_flatness_db": {
        "dmean": 0.0290403980762,
        "dmean2": 0.0441098921001,
        "dvar": 0.00123594817705,
        "dvar2": 0.00280966097489,
        "max": 0.586189448833,
        "mean": 0.313345700502,
        "median": 0.321042716503,
        "min": 0.0523987449706,
        "var": 0.00597818102688
    },
    "barkbands_kurtosis": {
        "dmean": 4.84639358521,
        "dmean2": 7.57774543762,
        "dvar": 79.8681335449,
        "dvar2": 194.028182983,
        "max": 185.928939819,
        "mean": 9.37742233276,
        "median": 6.52830219269,
        "min": -1.87583756447,
        "var": 135.982696533
    },
    "barkbands_skewness": {
        "dmean": 0.565118670464,
        "dmean2": 0.857607603073,
        "dvar": 0.471160411835,
        "dvar2": 1.09042465687,
        "max": 10.995923996,
        "mean": 1.66830635071,
        "median": 1.73781716824,
        "min": -10.628991127,
        "var": 2.57131004333
    },
    "barkbands_spread": {
        "dmean": 1.64810049534,
        "dmean2": 2.53689742088,
        "dvar": 9.13914203644,
        "dvar2": 21.9271659851,
        "max": 53.8545265198,
        "mean": 5.0506901741,
        "median": 3.66406106949,
        "min": 0.34255117178,
        "var": 21.9046401978
    },
    "dissonance": {
        "dmean": 0.0350472815335,
        "dmean2": 0.0582626052201,
        "dvar": 0.000997737399302,
        "dvar2": 0.00274376966991,
        "max": 0.500000119209,
        "mean": 0.407493859529,
        "median": 0.414232313633,
        "min": 0.0859045535326,
        "var": 0.00303018046543
    },
    "dynamic_complexity": 3.8727209568,
    "erbbands_crest": {
        "dmean": 2.23641657829,
        "dmean2": 3.50125741959,
        "dvar": 5.3465385437,
        "dvar2": 13.0704803467,
        "max": 29.3516941071,
        "mean": 11.6269292831,
        "median": 10.9187202454,
        "min": 2.46391868591,
        "var": 17.9680233002
    },
    "erbbands_flatness_db": {
        "dmean": 0.0212531592697,
        "dmean2": 0.030317498371,
        "dvar": 0.00069975364022,
        "dvar2": 0.00137532455847,
        "max": 0.526000738144,
        "mean": 0.284597307444,
        "median": 0.292732656002,
        "min": 0.0592375658453,
        "var": 0.00449598999694
    },
    "erbbands_kurtosis": {
        "dmean": 1.74737238884,
        "dmean2": 2.68294739723,
        "dvar": 8.45508575439,
        "dvar2": 18.9729328156,
        "max": 100.681167603,
        "mean": 2.53569889069,
        "median": 1.07786846161,
        "min": -1.87052476406,
        "var": 23.110502243
    },
    "erbbands_skewness": {
        "dmean": 0.417951434851,
        "dmean2": 0.623056173325,
        "dvar": 0.169892266393,
        "dvar2": 0.39028814435,
        "max": 5.7564868927,
        "mean": 1.03419816494,
        "median": 1.04550135136,
        "min": -8.64050769806,
        "var": 1.07124388218
    },
    "erbbands_spread": {
        "dmean": 4.15701580048,
        "dmean2": 6.16640710831,
        "dvar": 32.0529212952,
        "dvar2": 68.4604110718,
        "max": 84.6574783325,
        "mean": 18.0764369965,
        "median": 15.999704361,
        "min": 1.34696996212,
        "var": 112.644348145
    },
    "hfc": {
        "dmean": 2.5008354187,
        "dmean2": 3.96965122223,
        "dvar": 24.1386165619,
        "dvar2": 61.1141395569,
        "max": 59.5033950806,
        "mean": 9.23464012146,
        "median": 8.07039737701,
        "min": 1.24746909656e-16,
        "var": 48.5572433472
    },
    "melbands_crest": {
        "dmean": 2.42055845261,
        "dmean2": 3.79844713211,
        "dvar": 6.35137319565,
        "dvar2": 15.1330060959,
        "max": 33.0000839233,
        "mean": 15.3230600357,
        "median": 15.0852088928,
        "min": 1.66015291214,
        "var": 21.9111232758
    },
    "melbands_flatness_db": {
        "dmean": 0.0309901796281,
        "dmean2": 0.0452397689223,
        "dvar": 0.00161366956308,
        "dvar2": 0.00345222954638,
        "max": 0.698818206787,
        "mean": 0.399462878704,
        "median": 0.417738646269,
        "min": 0.00480265915394,
        "var": 0.012397938408
    },
    "melbands_kurtosis": {
        "dmean": 6.31929731369,
        "dmean2": 9.84404563904,
        "dvar": 128.803359985,
        "dvar2": 303.268249512,
        "max": 314.276428223,
        "mean": 14.2785053253,
        "median": 10.7106657028,
        "min": -1.93815553188,
        "var": 229.644470215
    },
    "melbands_skewness": {
        "dmean": 0.566095590591,
        "dmean2": 0.852557599545,
        "dvar": 0.424991905689,
        "dvar2": 0.947900474072,
        "max": 10.4444522858,
        "mean": 2.35187721252,
        "median": 2.32413816452,
        "min": -4.61228322983,
        "var": 1.93388044834
    },
    "melbands_spread": {
        "dmean": 2.28371500969,
        "dmean2": 3.47219514847,
        "dvar": 28.1768932343,
        "dvar2": 64.2765274048,
        "max": 141.912322998,
        "mean": 8.64811229706,
        "median": 4.16736698151,
        "min": 0.414670854807,
        "var": 297.652069092
    },
    "pitch_salience": {
        "dmean": 0.0622186362743,
        "dmean2": 0.101710639894,
        "dvar": 0.00408875755966,
        "dvar2": 0.01068424806,
        "max": 0.947748363018,
        "mean": 0.557740271091,
        "median": 0.565066576004,
        "min": 0.111080288887,
        "var": 0.0110235000029
    },
    "silence_rate_20dB": {
        "dmean": 0,
        "dmean2": 0,
        "dvar": 0,
        "dvar2": 0,
        "max": 1,
        "mean": 1,
        "median": 1,
        "min": 1,
        "var": 0
    },
    "silence_rate_30dB": {
        "dmean": 0.0329038202763,
        "dmean2": 0.0658152103424,
        "dvar": 0.0318191684783,
        "dvar2": 0.0697693228722,
        "max": 1,
        "mean": 0.970666050911,
        "median": 1,
        "min": 0,
        "var": 0.0284718573093
    },
    "silence_rate_60dB": {
        "dmean": 0.0149562815204,
        "dmean2": 0.0299160052091,
        "dvar": 0.0147305242717,
        "dvar2": 0.0347687788308,
        "max": 1,
        "mean": 0.0770735070109,
        "median": 0,
        "min": 0,
        "var": 0.0711298808455
    },
    "spectral_centroid": {
        "dmean": 75.4286727905,
        "dmean2": 113.324584961,
        "dvar": 38291.9375,
        "dvar2": 73383.0078125,
        "max": 11135.2910156,
        "mean": 524.17401123,
        "median": 318.427368164,
        "min": 116.894340515,
        "var": 561342.75
    },
    "spectral_complexity": {
        "dmean": 1.85941100121,
        "dmean2": 2.93614077568,
        "dvar": 8.62789821625,
        "dvar2": 18.34075737,
        "max": 49,
        "mean": 10.1860113144,
        "median": 10,
        "min": 0,
        "var": 24.7575187683
    },
    "spectral_decrease": {
        "dmean": 2.77236411605e-09,
        "dmean2": 4.59354865257e-09,
        "dvar": 5.89228874462e-17,
        "dvar2": 1.59428673681e-16,
        "max": 1.29987224568e-16,
        "mean": -9.90367521325e-09,
        "median": -7.88148746267e-09,
        "min": -8.34782909465e-08,
        "var": 8.29836127017e-17
    },
    "spectral_energy": {
        "dmean": 0.0106511982158,
        "dmean2": 0.0176264997572,
        "dvar": 0.000857543083839,
        "dvar2": 0.00231880857609,
        "max": 0.318657308817,
        "mean": 0.038216393441,
        "median": 0.0305055044591,
        "min": 1.10147499615e-20,
        "var": 0.00121734198183
    },
    "spectral_energyband_high": {
        "dmean": 3.85676648875e-05,
        "dmean2": 6.10400529695e-05,
        "dvar": 2.7158876037e-08,
        "dvar2": 6.65215935669e-08,
        "max": 0.00278225750662,
        "mean": 3.79978228011e-05,
        "median": 2.66373695013e-06,
        "min": 8.24563442175e-21,
        "var": 2.51084788516e-08
    },
    "spectral_energyband_low": {
        "dmean": 0.00744484504685,
        "dmean2": 0.012840943411,
        "dvar": 0.000738802482374,
        "dvar2": 0.00201692176051,
        "max": 0.294607907534,
        "mean": 0.0142646180466,
        "median": 0.0083935232833,
        "min": 6.58804815656e-23,
        "var": 0.000628989655524
    },
    "spectral_energyband_middle_high": {
        "dmean": 0.000690407701768,
        "dmean2": 0.00109045486897,
        "dvar": 2.73220803138e-06,
        "dvar2": 6.51057735013e-06,
        "max": 0.0272052865475,
        "mean": 0.00141040585004,
        "median": 0.000747366517317,
        "min": 1.32267886411e-21,
        "var": 4.55171630165e-06
    },
    "spectral_energyband_middle_low": {
        "dmean": 0.00562632456422,
        "dmean2": 0.00916265137494,
        "dvar": 0.000110005013994,
        "dvar2": 0.000303052191157,
        "max": 0.145869806409,
        "mean": 0.0241638794541,
        "median": 0.0198728740215,
        "min": 2.23644010383e-22,
        "var": 0.000356705189915
    },
    "spectral_entropy": {
        "dmean": 0.246589839458,
        "dmean2": 0.366571068764,
        "dvar": 0.0925934687257,
        "dvar2": 0.193499878049,
        "max": 9.79764938354,
        "mean": 6.0748462677,
        "median": 5.93838071823,
        "min": 3.66469025612,
        "var": 0.584168612957
    },
    "spectral_flux": {
        "dmean": 0.0243430584669,
        "dmean2": 0.0383447408676,
        "dvar": 0.00221266411245,
        "dvar2": 0.00462405476719,
        "max": 0.521949648857,
        "mean": 0.0623471401632,
        "median": 0.0471495948732,
        "min": 1.04951179691e-10,
        "var": 0.00380067853257
    },
    "spectral_kurtosis": {
        "dmean": 17.6540813446,
        "dmean2": 29.1408100128,
        "dvar": 406.460723877,
        "dvar2": 1014.78619385,
        "max": 428.65612793,
        "mean": 42.9540176392,
        "median": 33.4754257202,
        "min": -1.34459257126,
        "var": 1478.64318848
    },
    "spectral_rms": {
        "dmean": 0.000722379190847,
        "dmean2": 0.00113299896475,
        "dvar": 2.09945756069e-06,
        "dvar2": 5.27748943568e-06,
        "max": 0.0176319368184,
        "mean": 0.00545254349709,
        "median": 0.005455407314,
        "min": 3.27812408295e-12,
        "var": 7.55385599405e-06
    },
    "spectral_rolloff": {
        "dmean": 133.989624023,
        "dmean2": 233.424285889,
        "dvar": 276822.09375,
        "dvar2": 729224.4375,
        "max": 18906.1523438,
        "mean": 861.186645508,
        "median": 322.998046875,
        "min": 86.1328125,
        "var": 5605547
    },
    "spectral_skewness": {
        "dmean": 1.08274269104,
        "dmean2": 1.77925336361,
        "dvar": 1.13132178783,
        "dvar2": 2.83660507202,
        "max": 16.1308765411,
        "mean": 4.49336051941,
        "median": 4.27201271057,
        "min": -1.0729123354,
        "var": 4.81723642349
    },
    "spectral_spread": {
        "dmean": 480759.15625,
        "dmean2": 771366.1875,
        "dvar": 497010212864,
        "dvar2": 875125604352,
        "max": 40615396,
        "mean": 2117230.75,
        "median": 1631669,
        "min": 293695.78125,
        "var": 3.0765833257e+12
    },
    "spectral_strongpeak": {
        "dmean": 0.279447197914,
        "dmean2": 0.475175797939,
        "dvar": 0.120609529316,
        "dvar2": 0.319982528687,
        "max": 5.92233419418,
        "mean": 0.914622724056,
        "median": 0.898710906506,
        "min": 0,
        "var": 0.30618545413
    },
    "zerocrossingrate": {
        "dmean": 0.00389018375427,
        "dmean2": 0.0049046673812,
        "dvar": 7.50311810407e-05,
        "dvar2": 0.000105424493086,
        "max": 0.77197265625,
        "mean": 0.033463075757,
        "median": 0.01513671875,
        "min": 0.00390625,
        "var": 0.00755242118612
    },
    "barkbands": {
        "dmean": [4.72878746223e-05, 0.00341643416323, 0.00397634925321, 0.00215730955824, 0.00382247334346, 0.000833765603602, 0.000412362336647, 0.00030329846777, 0.000284519075649, 0.000163080680068, 0.000183349053259, 0.000230825724429, 0.000118516771181, 6.4827305323e-05, 5.47133386135e-05, 3.98368501919e-05, 3.62384416803e-05, 1.48173512571e-05, 1.22187830129e-05, 1.6339468857e-05, 9.47295211517e-06, 8.77204365679e-06, 7.85155316407e-06, 3.74537876269e-06, 1.95597976926e-06, 1.17616639272e-06, 1.8060848106e-07],
        "dmean2": [7.81657727202e-05, 0.00601409422234, 0.00679673394188, 0.00390979275107, 0.00589785166085, 0.00130331178661, 0.000608276866842, 0.000449175480753, 0.000429659557994, 0.000270653574262, 0.000283079076326, 0.000361355312634, 0.000194997322978, 0.000106037798105, 9.10470480449e-05, 6.56653064652e-05, 5.94211414864e-05, 2.42225596594e-05, 2.07647844945e-05, 2.72314719041e-05, 1.42564422276e-05, 1.40351821756e-05, 1.32336135721e-05, 6.55232497593e-06, 3.5399589251e-06, 2.16731200453e-06, 3.38524301924e-07],
        "dvar": [3.21728492736e-08, 0.000157553178724, 0.000224105533562, 4.20871838287e-05, 3.42639395967e-05, 2.44047805609e-06, 6.45305021862e-07, 5.14687030773e-07, 3.63702724826e-07, 2.43906413289e-07, 2.03954655831e-07, 4.49441301953e-07, 2.39187642137e-07, 2.92656050505e-08, 3.47270052714e-08, 3.959956274e-08, 4.80283297577e-08, 4.42233361042e-09, 3.38498828967e-09, 6.75117073357e-09, 1.33435940075e-09, 1.16913634329e-09, 1.24552834713e-09, 4.88997398129e-10, 1.80879256018e-10, 1.94443364188e-10, 1.1643327795e-11],
        "dvar2": [8.19194596602e-08, 0.00043767990428, 0.000617586134467, 0.000120960918139, 8.57708582771e-05, 6.18549529463e-06, 1.4964238062e-06, 1.10691951249e-06, 8.79885192262e-07, 6.7123920644e-07, 4.30819341091e-07, 1.06663367205e-06, 5.96187362589e-07, 7.50153290596e-08, 9.36051520739e-08, 1.04466280959e-07, 1.2493292445e-07, 1.12854010581e-08, 9.16085518554e-09, 1.81337664884e-08, 2.95098701031e-09, 2.72558686731e-09, 3.31574612211e-09, 1.37828337632e-09, 5.05321728905e-10, 5.57002388657e-10, 3.37994528199e-11],
        "max": [0.00341255264357, 0.149559497833, 0.188417181373, 0.109683483839, 0.0970252677798, 0.0371798537672, 0.0218751877546, 0.0235688686371, 0.0149374678731, 0.0117900352925, 0.0159866847098, 0.0147660104558, 0.0171553716063, 0.00320255314, 0.004341871012, 0.00731431785971, 0.00764455273747, 0.00126620964147, 0.00114192313049, 0.00149861269165, 0.000511216989253, 0.000456816225778, 0.000642106984742, 0.000499762827531, 0.000337506091455, 0.000691858585924, 0.000189394326298],
        "mean": [5.04160743731e-05, 0.00531949661672, 0.00725420797244, 0.00506605068222, 0.0145916966721, 0.00220331200399, 0.00106196792331, 0.000602252141107, 0.000606272777077, 0.000226038639084, 0.000345626263879, 0.000413678732002, 0.000159145653015, 9.70771943685e-05, 6.23387822998e-05, 4.53227839898e-05, 4.23504352511e-05, 1.30892112793e-05, 1.07751156975e-05, 1.43715160448e-05, 1.02628046079e-05, 8.21352296043e-06, 6.84644646753e-06, 3.18769275509e-06, 1.47339380874e-06, 8.94421873454e-07, 1.09130098735e-07],
        "median": [5.7564789131e-06, 0.0020376262255, 0.00258556380868, 0.00208044820465, 0.0109973549843, 0.00127738178708, 0.000448715582024, 0.000290980155114, 0.000271276396234, 4.82083196403e-05, 0.000129868203658, 0.000147301630932, 4.85365599161e-05, 3.23748208757e-05, 1.27782450363e-05, 7.66266384744e-06, 6.70855888529e-06, 1.21506423056e-06, 1.25581686916e-06, 1.284843961e-06, 7.69356745423e-07, 3.9901149762e-07, 1.856394789e-07, 1.22890938314e-07, 2.44017268614e-08, 5.7150688626e-09, 1.17270226863e-09],
        "min": [1.41471222408e-23, 1.99366576212e-23, 1.36653932849e-23, 2.50581540326e-23, 3.05904324054e-23, 2.58246333762e-23, 1.90887946534e-23, 5.91924998785e-23, 6.29724121029e-23, 1.56583967194e-23, 4.42207750226e-23, 1.15849070693e-22, 1.96347189009e-22, 8.48669183611e-23, 7.68457806768e-23, 1.43064696193e-22, 2.15415471701e-22, 1.18091669718e-22, 2.35279872819e-22, 2.38592129366e-22, 5.91931890274e-22, 5.98066224134e-22, 6.89373352438e-22, 9.32339381046e-22, 1.3252635006e-21, 1.75299564691e-21, 2.42979740904e-21],
        "var": [3.45440085425e-08, 0.000129476815346, 0.000192268140381, 5.52659766981e-05, 0.00018244223611, 7.03577143213e-06, 2.92462914331e-06, 1.04100593035e-06, 8.70557812505e-07, 3.5296179135e-07, 6.07560366461e-07, 7.6439255281e-07, 2.33642325043e-07, 3.80750719842e-08, 3.13513375261e-08, 3.40894317219e-08, 3.73990829416e-08, 3.63453289687e-09, 2.46378739632e-09, 4.92866503166e-09, 1.59219581963e-09, 1.13788867218e-09, 9.73258251769e-10, 3.20986404123e-10, 1.19465895509e-10, 1.19345922034e-10, 6.45627258253e-12]
    },
    "erbbands": {
        "dmean": [0.0543103739619, 0.95812869072, 4.25335264206, 5.94179105759, 10.5319042206, 14.7496013641, 8.38291835785, 7.18718719482, 6.10285902023, 5.81741809845, 7.4436507225, 5.1993765831, 5.45177364349, 5.15664196014, 6.94073724747, 7.27444124222, 6.21552371979, 3.10993742943, 2.79407691956, 2.63935399055, 2.23240590096, 2.11050391197, 1.0213561058, 0.604955255985, 0.682287395, 0.762062847614, 0.497582763433, 0.291978627443, 0.324927002192, 0.264337331057, 0.235018491745, 0.101753354073, 0.0525778345764, 0.0251153167337, 0.0121362684295, 0.00533459708095, 0.00217111874372, 0.000462091673398, 3.32491217705e-05, 1.19554224511e-05],
        "dmean2": [0.0880176499486, 1.7029145956, 7.44887161255, 10.5761356354, 16.4085483551, 22.8626403809, 12.7264852524, 11.0857601166, 8.85512924194, 8.77699184418, 10.8999319077, 7.98022985458, 8.93460464478, 8.19887542725, 10.7263879776, 11.4964790344, 10.0940847397, 5.10786628723, 4.66659259796, 4.32319641113, 3.63516402245, 3.44643783569, 1.65115499496, 1.01080584526, 1.14935898781, 1.27539360523, 0.745336711407, 0.431576639414, 0.514594137669, 0.425080418587, 0.396537423134, 0.174879491329, 0.0921138599515, 0.0448896177113, 0.0221332740039, 0.00980253238231, 0.00400852737948, 0.00086567067774, 6.05862187513e-05, 1.96466207854e-05],
        "dvar": [0.0243585053831, 14.0771093369, 285.698120117, 362.693908691, 454.584320068, 626.169250488, 148.808532715, 202.196838379, 190.449111938, 100.389007568, 256.301727295, 140.356521606, 171.06350708, 113.559585571, 273.590148926, 415.170257568, 612.619140625, 82.9375610352, 84.039352417, 89.9988250732, 141.975036621, 173.019729614, 25.7398071289, 7.95225667953, 10.6559362411, 15.0430545807, 4.40863275528, 1.01920104027, 1.53775310516, 1.32185292244, 1.13030302525, 0.313442021608, 0.100147463381, 0.0262777209282, 0.00716712512076, 0.00241913297214, 0.000737874710467, 5.69655130676e-05, 3.68559966546e-07, 1.08485675998e-09],
        "dvar2": [0.0577328242362, 39.1886253357, 789.125366211, 1020.16601562, 1150.80969238, 1642.73205566, 366.65032959, 493.80871582, 440.150909424, 243.028686523, 572.513977051, 351.936950684, 470.585998535, 281.250793457, 592.716308594, 1003.79852295, 1516.01818848, 214.827362061, 224.975021362, 234.409683228, 372.896575928, 446.107543945, 66.1928787231, 20.5956001282, 28.6202659607, 40.6835823059, 10.075876236, 2.1006128788, 3.41806054115, 3.32094192505, 3.02720785141, 0.877246320248, 0.280946701765, 0.072861418128, 0.0200141295791, 0.0068750679493, 0.0021110821981, 0.000165119156009, 1.06942354705e-06, 2.89368551343e-09],
        "max": [2.21382284164, 42.1658248901, 199.737548828, 291.35333252, 321.795013428, 317.644714355, 209.684661865, 374.994293213, 380.935089111, 218.260681152, 429.246002197, 381.938781738, 277.252532959, 192.12348938, 509.072143555, 501.096801758, 865.862731934, 184.464981079, 170.881256104, 231.891647339, 477.904388428, 516.344299316, 142.610229492, 48.0850296021, 64.7833251953, 71.0948104858, 39.6054649353, 13.918551445, 16.2358455658, 19.067440033, 21.8661422729, 10.9757261276, 8.06053161621, 3.64790534973, 2.14790987968, 1.96343040466, 1.42898571491, 0.383353769779, 0.0354865677655, 0.000547784788068],
        "mean": [0.120121330023, 1.4032446146, 6.5274477005, 13.6160259247, 47.7781639099, 39.0371170044, 20.3262672424, 19.8529319763, 17.9670143127, 12.2163496017, 16.4727210999, 10.9075374603, 8.29895877838, 9.47093391418, 14.5409536362, 13.050614357, 9.05952167511, 4.48819637299, 3.5361084938, 3.18538093567, 2.7624976635, 2.4803955555, 0.979558944702, 0.565223515034, 0.610950529575, 0.660152375698, 0.521034955978, 0.325905352831, 0.310498714447, 0.239911064506, 0.197404325008, 0.0882234200835, 0.0441563390195, 0.019362449646, 0.00899951625615, 0.00409094430506, 0.00166516657919, 0.000313422147883, 3.5436321923e-05, 4.2361793021e-05],
        "median": [0.0513725914061, 0.589106082916, 2.28029966354, 7.56347131729, 31.4224948883, 27.5014266968, 13.5082988739, 10.9400339127, 8.29059314728, 7.33979034424, 8.15877246857, 5.43853330612, 3.22909545898, 3.83554840088, 6.3794169426, 5.02834796906, 3.02642774582, 1.52418005466, 1.02814388275, 0.759813845158, 0.479443401098, 0.417653977871, 0.131103873253, 0.0711257606745, 0.0754392966628, 0.0558834560215, 0.0365275852382, 0.0257051642984, 0.015556473285, 0.00814287737012, 0.00502492208034, 0.0033388894517, 0.00151689269114, 0.00044840775081, 0.000142478776979, 5.77204300498e-05, 2.39100427279e-05, 3.55885799763e-06, 1.54870722326e-05, 3.37905185006e-05],
        "min": [3.826745571e-22, 5.51757054723e-21, 1.31785421606e-20, 6.91571782826e-20, 3.66786779319e-20, 1.37995892029e-19, 1.54944887404e-19, 3.02920390406e-19, 2.60315806722e-19, 3.03510661322e-19, 1.79547596286e-18, 1.24709667917e-18, 7.64873853298e-19, 1.14740208001e-18, 3.37228486964e-18, 4.21297975224e-18, 7.98796571578e-18, 5.47452820729e-18, 5.04245951331e-18, 4.58289119986e-18, 9.37530394016e-18, 1.20932184281e-17, 6.23680450667e-18, 1.01982303628e-17, 1.17720895435e-17, 1.11166523057e-17, 2.4866591078e-17, 2.10951454475e-17, 1.9713939113e-17, 2.12319677383e-17, 1.82510288407e-17, 2.13576545236e-17, 1.38579015587e-17, 1.29040208645e-17, 1.06023916373e-17, 7.22588256307e-18, 3.37844095455e-18, 1.33873112704e-18, 3.12445168365e-19, 3.62884619403e-20],
        "var": [0.0374333448708, 10.3198728561, 214.529418945, 371.500244141, 2402.31152344, 1547.84472656, 462.320709229, 618.10925293, 841.836120605, 227.245666504, 607.782836914, 251.827224731, 243.849334717, 242.963592529, 864.183837891, 640.390869141, 626.96282959, 98.9650192261, 76.6856002808, 84.8517150879, 124.009117126, 136.908401489, 20.4969120026, 6.33551311493, 7.82466745377, 10.831328392, 4.73151397705, 1.34526705742, 1.59640789032, 1.14700484276, 0.857878863811, 0.213360384107, 0.0665390789509, 0.0177631378174, 0.00473486166447, 0.00153046159539, 0.00045852092444, 3.24606808135e-05, 2.04895911793e-07, 1.51559487183e-09]
    },
    "gfcc": {
        "mean": [-151.711456299, 194.629577637, -98.6408996582, 5.04025411606, -46.6766624451, -5.61432981491, -25.1825904846, -23.8825645447, -16.0195846558, -16.2235984802, -8.21512317657, -11.8709516525, -2.63758611679],
        "cov": [[25252.6464844, 5780.33105469, 360.71963501, 872.144165039, -48.2005500793, 701.49987793, -849.116577148, -327.529022217, -346.421569824, -443.632171631, -318.95690918, -336.264709473, 53.7985916138], [5780.33105469, 4302.20117188, 337.287628174, -629.054626465, 488.998779297, -362.533966064, 32.0556640625, -549.204956055, 42.1249313354, -327.656341553, 45.8185310364, -346.536712646, 156.202774048], [360.71963501, 337.287628174, 1243.51293945, 294.194488525, 333.147796631, 234.424880981, 86.7016525269, 147.472320557, 53.3367805481, 1.54500186443, -44.2636795044, -42.3400306702, -18.2021331787], [872.144165039, -629.054626465, 294.194488525, 777.250366211, -28.822977066, 227.792724609, 38.9956207275, 171.228378296, 70.5680618286, 42.0870933533, -51.4582176208, 16.3769989014, -24.67237854], [-48.2005500793, 488.998779297, 333.147796631, -28.822977066, 563.898498535, 56.6248130798, 85.1916732788, 57.2397994995, 11.5230712891, -43.517665863, 1.14194965363, -54.3791389465, 33.0577545166], [701.49987793, -362.533966064, 234.424880981, 227.792724609, 56.6248130798, 388.217834473, -17.2970275879, 116.37664032, -10.9448022842, 2.76819705963, -10.801867485, 24.9843673706, -28.3865337372], [-849.116577148, 32.0556640625, 86.7016525269, 38.9956207275, 85.1916732788, -17.2970275879, 223.624984741, -26.9836902618, 15.3460674286, 26.3967571259, -2.55872392654, -3.25916218758, 1.13879680634], [-327.529022217, -549.204956055, 147.472320557, 171.228378296, 57.2397994995, 116.37664032, -26.9836902618, 279.405487061, 29.2611160278, 39.0033721924, -18.169626236, 24.3906059265, -15.4812259674], [-346.421569824, 42.1249313354, 53.3367805481, 70.5680618286, 11.5230712891, -10.9448022842, 15.3460674286, 29.2611160278, 178.482894897, -23.8542518616, -3.03378462791, -13.9687662125, 3.87388896942], [-443.632171631, -327.656341553, 1.54500186443, 42.0870933533, -43.517665863, 2.76819705963, 26.3967571259, 39.0033721924, -23.8542518616, 132.318664551, -5.44576406479, 30.2169055939, -22.6110553741], [-318.95690918, 45.8185310364, -44.2636795044, -51.4582176208, 1.14194965363, -10.801867485, -2.55872392654, -18.169626236, -3.03378462791, -5.44576406479, 117.857391357, -7.99805879593, 9.24907016754], [-336.264709473, -346.536712646, -42.3400306702, 16.3769989014, -54.3791389465, 24.9843673706, -3.25916218758, 24.3906059265, -13.9687662125, 30.2169055939, -7.99805879593, 131.165039062, -20.954706192], [53.7985916138, 156.202774048, -18.2021331787, -24.67237854, 33.0577545166, -28.3865337372, 1.13879680634, -15.4812259674, 3.87388896942, -22.6110553741, 9.24907016754, -20.954706192, 89.2460174561]],
        "icov": [[0.000386306230212, -0.00107235193718, 0.000459967006464, -0.00104835384991, 0.000479404494399, -0.0010300494032, 0.00125171837863, -0.000716724607628, 0.0010922763031, -0.000436862610513, 0.000926874636207, -0.000668039370794, 0.000391493551433], [-0.00107235193718, 0.0035986492876, -0.00155817344785, 0.00313260545954, -0.00169338635169, 0.00314669217914, -0.00327135389671, 0.003017766634, -0.00315205473453, 0.00194025784731, -0.00251571228728, 0.00276514980942, -0.0013721731957], [0.000459967006464, -0.00155817344785, 0.00184677226935, -0.00160653889179, 0.000128832485643, -0.00179017602932, 0.00119932543021, -0.00145798432641, 0.00117064837832, -0.000941179692745, 0.00133766420186, -0.000884733803105, 0.000861472683027], [-0.00104835384991, 0.00313260545954, -0.00160653889179, 0.00487246643752, -0.00092247792054, 0.00200728094205, -0.00382852507755, 0.00158823188394, -0.00363571196795, 0.0011694743298, -0.00195446726866, 0.00231884256937, -0.00132589926943], [0.000479404494399, -0.00169338635169, 0.000128832485643, -0.00092247792054, 0.00339996838011, -0.00166926521342, 0.000374261348043, -0.00227152253501, 0.00163214781787, -6.7705012043e-05, 0.00107356428634, -0.000690676504746, -0.000104458471469], [-0.0010300494032, 0.00314669217914, -0.00179017602932, 0.00200728094205, -0.00166926521342, 0.00664717424661, -0.00280217383988, 0.00156969670206, -0.0021238499321, 0.0022150001023, -0.0028196843341, 0.00156124576461, -0.000343961291946], [0.00125171837863, -0.00327135389671, 0.00119932543021, -0.00382852507755, 0.000374261348043, -0.00280217383988, 0.00958982016891, -0.00068702880526, 0.00291919708252, -0.00287877907977, 0.00298005202785, -0.0021642036736, 0.00121280865278], [-0.000716724607628, 0.003017766634, -0.00145798432641, 0.00158823188394, -0.00227152253501, 0.00156969670206, -0.00068702880526, 0.00817576609552, -0.00314106256701, 0.000249714415986, -0.00139921926893, 0.00203232606873, -0.0011186163174], [0.0010922763031, -0.00315205473453, 0.00117064837832, -0.00363571196795, 0.00163214781787, -0.0021238499321, 0.00291919708252, -0.00314106256701, 0.00951120816171, 0.000336294469889, 0.00245068804361, -0.00167230167426, 0.0012555976864], [-0.000436862610513, 0.00194025784731, -0.000941179692745, 0.0011694743298, -6.7705012043e-05, 0.0022150001023, -0.00287877907977, 0.000249714415986, 0.000336294469889, 0.0109978187829, -0.00111009157263, 0.000554787984584, 0.000825493538287], [0.000926874636207, -0.00251571228728, 0.00133766420186, -0.00195446726866, 0.00107356428634, -0.0028196843341, 0.00298005202785, -0.00139921926893, 0.00245068804361, -0.00111009157263, 0.0111241936684, -0.00104865129106, 0.000214923144085], [-0.000668039370794, 0.00276514980942, -0.000884733803105, 0.00231884256937, -0.000690676504746, 0.00156124576461, -0.0021642036736, 0.00203232606873, -0.00167230167426, 0.000554787984584, -0.00104865129106, 0.0112765366212, 0.000125709644635], [0.000391493551433, -0.0013721731957, 0.000861472683027, -0.00132589926943, -0.000104458471469, -0.000343961291946, 0.00121280865278, -0.0011186163174, 0.0012555976864, 0.000825493538287, 0.000214923144085, 0.000125709644635, 0.0130614368245]]
    },
    "melbands": {
        "dmean": [0.00070230854908, 0.00188407313544, 0.00108129892033, 0.00091093237279, 0.000376091251383, 0.000158960479894, 8.8012246124e-05, 6.57747368678e-05, 6.36818222119e-05, 3.19645696436e-05, 2.87790826405e-05, 2.18303357542e-05, 2.6258168873e-05, 2.49502263614e-05, 2.18318218685e-05, 9.25712447497e-06, 5.56338227398e-06, 4.80398966829e-06, 4.67695463158e-06, 2.51466281043e-06, 2.62943603957e-06, 2.27413829634e-06, 1.49130141835e-06, 6.64224444336e-07, 4.68179194968e-07, 4.85774535264e-07, 5.47717945665e-07, 5.04364209064e-07, 3.3110219988e-07, 2.46787323022e-07, 1.45710430388e-07, 1.88131295431e-07, 1.67889169234e-07, 1.43068987768e-07, 1.51659094172e-07, 8.99755647765e-08, 5.12048821122e-08, 4.06137274922e-08, 2.68220965438e-08, 1.94618543503e-08],
        "dmean2": [0.00120595295448, 0.00332078803331, 0.0018617111491, 0.00141001760494, 0.00057367287809, 0.000245251954766, 0.00012905204494, 9.84951402643e-05, 9.29046291276e-05, 4.94183441333e-05, 4.71316598123e-05, 3.5007346014e-05, 4.04612546845e-05, 3.89118358726e-05, 3.49101574102e-05, 1.53432665684e-05, 9.15494001674e-06, 8.03252078185e-06, 7.70431415731e-06, 4.183101737e-06, 4.29927968071e-06, 3.73337093151e-06, 2.4678306545e-06, 1.07712958197e-06, 7.95081348315e-07, 8.27297014894e-07, 9.23144170883e-07, 8.46519526476e-07, 5.07725758325e-07, 3.77810607688e-07, 2.20739863721e-07, 3.00243328866e-07, 2.69308145562e-07, 2.35850237118e-07, 2.57254527014e-07, 1.54095587845e-07, 8.95309284488e-08, 7.15144139463e-08, 4.73647823185e-08, 3.50487958656e-08],
        "dvar": [5.27115389559e-06, 5.75651865802e-05, 1.04265363916e-05, 2.19072353502e-06, 3.00832283529e-07, 9.39396898048e-08, 3.46070336832e-08, 1.39132509958e-08, 1.75565890714e-08, 4.94459895251e-09, 5.0113597716e-09, 2.26766450062e-09, 4.09277323143e-09, 6.15373352275e-09, 5.29384802661e-09, 1.26317833971e-09, 2.52839776893e-10, 2.37678932091e-10, 2.34140123956e-10, 1.11327336239e-10, 2.25215582295e-10, 2.25640089946e-10, 1.06377004427e-10, 8.63843458571e-12, 4.93983413202e-12, 5.54125668961e-12, 7.20473160298e-12, 6.73990420766e-12, 2.1286128242e-12, 9.5347547132e-13, 2.27980340769e-13, 4.75253571306e-13, 5.05686204716e-13, 4.2084524342e-13, 5.01406967161e-13, 1.82711498383e-13, 8.95050025307e-14, 6.75955263442e-14, 2.63221248183e-14, 1.68387337765e-14],
        "dvar2": [1.42611434057e-05, 0.000159052258823, 2.88233168249e-05, 5.37796040589e-06, 7.80335994932e-07, 2.32084516938e-07, 8.12920788462e-08, 3.18433599489e-08, 3.95586212676e-08, 1.24888037689e-08, 1.38098501523e-08, 5.80977577158e-09, 8.46654923947e-09, 1.43983927003e-08, 1.28514905384e-08, 3.19039905605e-09, 6.54530318833e-10, 6.30511920452e-10, 6.18543771758e-10, 2.91215274117e-10, 5.95334559428e-10, 5.81706516289e-10, 2.8097946192e-10, 2.19676065533e-11, 1.29509996477e-11, 1.50393066056e-11, 1.95096456351e-11, 1.82932644727e-11, 5.08348441466e-12, 2.0502221882e-12, 4.75517086644e-13, 1.04946346752e-12, 1.22127254056e-12, 1.09577581384e-12, 1.34788295976e-12, 5.0195541083e-13, 2.52760052472e-13, 1.91925468573e-13, 7.31301548181e-14, 4.67502826815e-14],
        "max": [0.0286320894957, 0.0848182663321, 0.0472991727293, 0.0253254491836, 0.00739085581154, 0.0079106176272, 0.00504572596401, 0.00312961661257, 0.00287138554268, 0.00209057913162, 0.00155011820607, 0.000891685253009, 0.00237618014216, 0.00173880846705, 0.00229978002608, 0.0011739579495, 0.00031246105209, 0.000284295208985, 0.00035015627509, 0.000251811812632, 0.000611321826, 0.000629664747976, 0.00039013865171, 5.8962188632e-05, 4.06958897656e-05, 5.49179458176e-05, 4.70799495815e-05, 4.85975651827e-05, 3.41210543411e-05, 1.46396123455e-05, 7.2070929491e-06, 9.18081696e-06, 1.03823977042e-05, 1.14811227832e-05, 1.53883174789e-05, 7.83249015512e-06, 5.93731101617e-06, 7.41634630685e-06, 3.43977785633e-06, 3.17239437209e-06],
        "mean": [0.00132502615452, 0.00297593697906, 0.00342141324654, 0.0035304594785, 0.000842130393721, 0.000441128911916, 0.000253826176049, 0.000130130385514, 0.000141536787851, 6.41413280391e-05, 4.21212062065e-05, 3.80825367756e-05, 5.24697825313e-05, 4.44448342023e-05, 3.19552855217e-05, 1.21397533803e-05, 7.84022358857e-06, 5.84411100135e-06, 5.57426301384e-06, 2.77808862847e-06, 3.19014270644e-06, 2.70286545856e-06, 1.42314229379e-06, 5.94950904542e-07, 4.27923197321e-07, 4.28530995578e-07, 4.83314465782e-07, 4.24309064329e-07, 3.35074616942e-07, 2.64399147909e-07, 1.62361601497e-07, 1.78299401909e-07, 1.52639557882e-07, 1.25219770553e-07, 1.24486888353e-07, 7.61584288966e-08, 4.41928271755e-08, 3.36153362923e-08, 2.14884785521e-08, 1.4412638194e-08],
        "median": [0.000530280813109, 0.00144069711678, 0.002021323191, 0.0025828643702, 0.000583439832553, 0.000259443972027, 0.000129603678943, 7.4957832112e-05, 6.864520401e-05, 3.10920695483e-05, 1.45412914208e-05, 1.42598682942e-05, 2.22581311391e-05, 1.45782969412e-05, 1.03757756733e-05, 3.49134415956e-06, 2.46197009801e-06, 1.35645643695e-06, 1.10162625333e-06, 5.46287708403e-07, 4.66462637405e-07, 4.26068510251e-07, 1.69672603079e-07, 5.40214344369e-08, 4.94171281673e-08, 5.12320568191e-08, 4.82977284832e-08, 2.76786540354e-08, 2.25456897596e-08, 1.67087552683e-08, 1.27951365059e-08, 8.80120243352e-09, 5.44123457402e-09, 3.71862673987e-09, 2.61922461497e-09, 2.20239293469e-09, 1.64811275738e-09, 1.0277867446e-09, 5.70004987654e-10, 2.26858171137e-10],
        "min": [6.83328276612e-24, 7.43547551534e-24, 1.02184363717e-23, 5.10841551989e-24, 6.67344298064e-24, 6.30807455821e-24, 3.78124894915e-24, 3.36003942982e-24, 1.59255176437e-23, 7.77604096762e-24, 3.75103636534e-24, 4.16018854016e-24, 8.85977965693e-24, 1.30095366949e-23, 1.14056026143e-23, 1.99186826366e-23, 9.13988128741e-24, 8.57873060451e-24, 5.05164356712e-24, 8.35820532731e-24, 1.1381098228e-23, 1.37025281232e-23, 5.88447005717e-24, 6.16048617702e-24, 8.54770154966e-24, 9.14803732031e-24, 6.11585400473e-24, 7.46603598681e-24, 1.71291931673e-23, 1.07291812094e-23, 1.3890478967e-23, 9.36083097177e-24, 1.38875428267e-23, 1.20623301068e-23, 9.97997870843e-24, 1.13635586946e-23, 1.48161788403e-23, 1.08230927335e-23, 7.77322552305e-24, 1.17822268986e-23],
        "var": [5.58009514862e-06, 4.20741816924e-05, 1.7432263121e-05, 1.2459100617e-05, 7.20883292615e-07, 2.8278449804e-07, 1.46665740886e-07, 2.98444930991e-08, 4.63245370952e-08, 8.84290951575e-09, 7.16343606655e-09, 4.24829860179e-09, 1.35876625507e-08, 1.05051478627e-08, 6.04867711473e-09, 1.22962817706e-09, 3.04192865341e-10, 2.3033382146e-10, 2.35149344441e-10, 9.77237665789e-11, 1.92247703867e-10, 1.77918874078e-10, 7.75850703127e-11, 7.28823078278e-12, 3.82144272823e-12, 3.97402206628e-12, 5.18131110933e-12, 4.79810895876e-12, 2.08972943117e-12, 1.14479964137e-12, 3.00081357332e-13, 4.96332629944e-13, 4.65666622016e-13, 3.38409178067e-13, 3.72066310053e-13, 1.33568245982e-13, 5.90849323135e-14, 4.30503377359e-14, 1.79106522772e-14, 1.12643540464e-14]
    },
    "mfcc": {
        "mean": [-783.423583984, 216.934249878, 18.9167175293, 11.4199876785, 0.885780632496, 9.83362674713, -2.22302961349, -4.88619852066, -6.65381193161, -8.29081726074, -10.5897903442, -1.58717119694, -2.94904303551],
        "cov": [[9924.375, 2178.02075195, -258.545288086, 750.889404297, 275.115539551, 550.550231934, -11.9922428131, 331.093109131, 4.46477365494, 67.0942764282, -261.083221436, -19.0199642181, 5.39936876297], [2178.02075195, 3504.89331055, 239.705322266, -101.781784058, 284.229766846, 59.4422492981, 114.377891541, -64.9057006836, -9.01707553864, -111.636314392, -93.8121566772, -43.8400650024, -44.2951812744], [-258.545288086, 239.705322266, 742.156494141, 197.919784546, 93.8316192627, 92.6273345947, 44.4068946838, 67.6683883667, 66.9617614746, 57.9276390076, 63.1843070984, 11.2778167725, -5.29989767075], [750.889404297, -101.781784058, 197.919784546, 559.087036133, 167.065734863, 118.646064758, 48.2574615479, 120.471611023, 134.199462891, 98.2225646973, 41.6073303223, 27.9053993225, -5.20857381821], [275.115539551, 284.229766846, 93.8316192627, 167.065734863, 352.241607666, 68.4020309448, 64.99243927, 112.751823425, 85.3381652832, 77.7278289795, 17.5622158051, 16.038974762, -13.2131023407], [550.550231934, 59.4422492981, 92.6273345947, 118.646064758, 68.4020309448, 246.197967529, 90.3981781006, 68.9543533325, 30.086977005, 16.8441371918, 13.6769123077, -7.93516206741, 4.93892002106], [-11.9922428131, 114.377891541, 44.4068946838, 48.2574615479, 64.99243927, 90.3981781006, 214.992370605, 37.0531845093, -0.563816010952, 24.169418335, 8.31916236877, 8.31060409546, -5.37850618362], [331.093109131, -64.9057006836, 67.6683883667, 120.471611023, 112.751823425, 68.9543533325, 37.0531845093, 180.106994629, 63.8844184875, 43.0859413147, 16.3274021149, 6.28436613083, 11.3481092453], [4.46477365494, -9.01707553864, 66.9617614746, 134.199462891, 85.3381652832, 30.086977005, -0.563816010952, 63.8844184875, 164.703994751, 56.6761550903, 9.84186172485, 7.29970979691, -9.11085128784], [67.0942764282, -111.636314392, 57.9276390076, 98.2225646973, 77.7278289795, 16.8441371918, 24.169418335, 43.0859413147, 56.6761550903, 131.629302979, 30.9876079559, -3.61503052711, -3.11333227158], [-261.083221436, -93.8121566772, 63.1843070984, 41.6073303223, 17.5622158051, 13.6769123077, 8.31916236877, 16.3274021149, 9.84186172485, 30.9876079559, 103.503288269, 16.5776348114, -6.64206314087], [-19.0199642181, -43.8400650024, 11.2778167725, 27.9053993225, 16.038974762, -7.93516206741, 8.31060409546, 6.28436613083, 7.29970979691, -3.61503052711, 16.5776348114, 93.1986236572, 18.0031414032], [5.39936876297, -44.2951812744, -5.29989767075, -5.20857381821, -13.2131023407, 4.93892002106, -5.37850618362, 11.3481092453, -9.11085128784, -3.11333227158, -6.64206314087, 18.0031414032, 87.8046951294]],
