{
"lowlevel": {
    "average_loudness": 0.918241322041,
    "barkbands_crest": {
        "dmean": 2.92066788673,
        "dmean2": 4.36280107498,
        "dvar": 8.06551933289,
        "dvar2": 17.9619865417,
        "max": 26.5839729309,
        "mean": 12.9782714844,
        "median": 12.1148548126,
        "min": 2.12002873421,
        "var": 32.290222168
    },
    "barkbands_flatness_db": {
        "dmean": 0.0323058255017,
        "dmean2": 0.0442437827587,
        "dvar": 0.00117169343866,
        "dvar2": 0.00223248079419,
        "max": 0.502821326256,
        "mean": 0.188403680921,
        "median": 0.180373042822,
        "min": 0.0212563220412,
        "var": 0.00638455012813
    },
    "barkbands_kurtosis": {
        "dmean": 7.53544187546,
        "dmean2": 10.9274168015,
        "dvar": 601.035644531,
        "dvar2": 1143.1439209,
        "max": 954.062194824,
        "mean": 12.0278701782,
        "median": 3.69826626778,
        "min": -1.88962054253,
        "var": 1151.93981934
    },
    "barkbands_skewness": {
        "dmean": 0.778459727764,
        "dmean2": 1.10829758644,
        "dvar": 1.13498950005,
        "dvar2": 2.30119872093,
        "max": 28.5060920715,
        "mean": 1.93887364864,
        "median": 1.7014644146,
        "min": -11.3163404465,
        "var": 5.57192850113
    },
    "barkbands_spread": {
        "dmean": 4.37721252441,
        "dmean2": 6.62343358994,
        "dvar": 31.0313167572,
        "dvar2": 71.9832000732,
        "max": 139.230636597,
        "mean": 14.0954437256,
        "median": 11.8453998566,
        "min": 0.15921382606,
        "var": 117.943565369
    },
    "dissonance": {
        "dmean": 0.0196321085095,
        "dmean2": 0.0324120782316,
        "dvar": 0.000455070461612,
        "dvar2": 0.00114710989874,
        "max": 0.499999970198,
        "mean": 0.454746633768,
        "median": 0.463195234537,
        "min": 0.179761305451,
        "var": 0.00128393888008
    },
    "dynamic_complexity": 4.03406906128,
    "erbbands_crest": {
        "dmean": 2.50325942039,
        "dmean2": 3.86225962639,
        "dvar": 6.78886890411,
        "dvar2": 14.8110103607,
        "max": 31.9234008789,
        "mean": 11.1709194183,
        "median": 9.88791751862,
        "min": 2.52088356018,
        "var": 30.3595962524
    },
    "erbbands_flatness_db": {
        "dmean": 0.0218697078526,
        "dmean2": 0.0298184603453,
        "dvar": 0.00065226550214,
        "dvar2": 0.00115868041757,
        "max": 0.487175375223,
        "mean": 0.184433326125,
        "median": 0.169830739498,
        "min": 0.0369748920202,
        "var": 0.00480069126934
    },
    "erbbands_kurtosis": {
        "dmean": 1.64226150513,
        "dmean2": 2.39770126343,
        "dvar": 47.1368675232,
        "dvar2": 76.5156478882,
        "max": 250.264282227,
        "mean": 2.1805639267,
        "median": 0.0309853553772,
        "min": -1.65292525291,
        "var": 147.216705322
    },
    "erbbands_skewness": {
        "dmean": 0.38133174181,
        "dmean2": 0.567512333393,
        "dvar": 0.227414891124,
        "dvar2": 0.434570521116,
        "max": 12.1089868546,
        "mean": 0.608858108521,
        "median": 0.429103732109,
        "min": -1.81249082088,
        "var": 1.45162212849
    },
    "erbbands_spread": {
        "dmean": 7.30745458603,
        "dmean2": 10.738822937,
        "dvar": 82.2898406982,
        "dvar2": 186.790710449,
        "max": 129.649551392,
        "mean": 32.0618171692,
        "median": 29.5885238647,
        "min": 0.556912481785,
        "var": 283.176696777
    },
    "hfc": {
        "dmean": 4.9438958168,
        "dmean2": 7.23451089859,
        "dvar": 57.8149719238,
        "dvar2": 128.00604248,
        "max": 69.7447738647,
        "mean": 13.0337743759,
        "median": 10.3111381531,
        "min": 8.44073078099e-09,
        "var": 133.402526855
    },
    "melbands_crest": {
        "dmean": 3.46896290779,
        "dmean2": 5.24187612534,
        "dvar": 11.79662323,
        "dvar2": 26.7931213379,
        "max": 36.9431343079,
        "mean": 16.545715332,
        "median": 15.6420717239,
        "min": 1.89333617687,
        "var": 53.256111145
    },
    "melbands_flatness_db": {
        "dmean": 0.0357195064425,
        "dmean2": 0.0483032651246,
        "dvar": 0.00156449945644,
        "dvar2": 0.00289079523645,
        "max": 0.614895641804,
        "mean": 0.253630816936,
        "median": 0.245738118887,
        "min": 0.0101789897308,
        "var": 0.0110014425591
    },
    "melbands_kurtosis": {
        "dmean": 11.1541805267,
        "dmean2": 16.8021945953,
        "dvar": 726.678894043,
        "dvar2": 1635.11901855,
        "max": 683.452575684,
        "mean": 19.652589798,
        "median": 8.43215465546,
        "min": -1.5560683012,
        "var": 1488.60717773
    },
    "melbands_skewness": {
        "dmean": 0.88626396656,
        "dmean2": 1.28743624687,
        "dvar": 1.33000004292,
        "dvar2": 2.90347886086,
        "max": 22.2227401733,
        "mean": 2.83155179024,
        "median": 2.37243103981,
        "min": -1.71582424641,
        "var": 4.74005460739
    },
    "melbands_spread": {
        "dmean": 5.30551242828,
        "dmean2": 8.15071392059,
        "dvar": 69.2877960205,
        "dvar2": 150.381011963,
        "max": 172.051330566,
        "mean": 18.4777641296,
        "median": 12.5185556412,
        "min": 0.268722563982,
        "var": 483.124267578
    },
    "pitch_salience": {
        "dmean": 0.0785183608532,
        "dmean2": 0.1202179268,
        "dvar": 0.00697101652622,
        "dvar2": 0.0158584602177,
        "max": 0.906658887863,
        "mean": 0.482005298138,
        "median": 0.494828760624,
        "min": 0.0478294380009,
        "var": 0.0256890319288
    },
    "silence_rate_20dB": {
        "dmean": 0,
        "dmean2": 0,
        "dvar": 0,
        "dvar2": 0,
        "max": 1,
        "mean": 1,
        "median": 1,
        "min": 1,
        "var": 0
    },
    "silence_rate_30dB": {
        "dmean": 0.0574882477522,
        "dmean2": 0.114991940558,
        "dvar": 0.0541818998754,
        "dvar2": 0.109028875828,
        "max": 1,
        "mean": 0.930029571056,
        "median": 1,
        "min": 0,
        "var": 0.06507050246
    },
    "silence_rate_60dB": {
        "dmean": 0.036534588784,
        "dmean2": 0.0730789899826,
        "dvar": 0.0351985394955,
        "dvar2": 0.078207872808,
        "max": 1,
        "mean": 0.13456889987,
        "median": 0,
        "min": 0,
        "var": 0.116461291909
    },
    "spectral_centroid": {
        "dmean": 200.466201782,
        "dmean2": 313.957336426,
        "dvar": 76212.234375,
        "dvar2": 174461.9375,
        "max": 4584.96240234,
        "mean": 1028.88464355,
        "median": 836.920227051,
        "min": 159.436355591,
        "var": 513531.5
    },
    "spectral_complexity": {
        "dmean": 3.45762252808,
        "dmean2": 5.34457302094,
        "dvar": 23.8507061005,
        "dvar2": 52.0719947815,
        "max": 52,
        "mean": 13.4618587494,
        "median": 13,
        "min": 0,
        "var": 62.4484329224
    },
    "spectral_decrease": {
        "dmean": 3.80018683188e-09,
        "dmean2": 5.1104325216e-09,
        "dvar": 3.04702235674e-17,
        "dvar2": 6.0995113847e-17,
        "max": 1.22470151268e-16,
        "mean": -8.76922179316e-09,
        "median": -5.1638542331e-09,
        "min": -5.06274204781e-08,
        "var": 9.57017991698e-17
    },
    "spectral_energy": {
        "dmean": 0.014698815532,
        "dmean2": 0.0197660047561,
        "dvar": 0.000447341881227,
        "dvar2": 0.000900357845239,
        "max": 0.192806318402,
        "mean": 0.0342792831361,
        "median": 0.0204926505685,
        "min": 9.69568501007e-13,
        "var": 0.0014099777909
    },
    "spectral_energyband_high": {
        "dmean": 0.00025427856599,
        "dmean2": 0.0003891667875,
        "dvar": 2.69176496204e-07,
        "dvar2": 6.05091884154e-07,
        "max": 0.00616942765191,
        "mean": 0.000311219569994,
        "median": 8.58783168951e-05,
        "min": 6.68439153854e-13,
        "var": 3.50372317826e-07
    },
    "spectral_energyband_low": {
        "dmean": 0.00969128590077,
        "dmean2": 0.0121439956129,
        "dvar": 0.000358039920684,
        "dvar2": 0.000599037040956,
        "max": 0.186821073294,
        "mean": 0.0180391389877,
        "median": 0.00413764081895,
        "min": 2.43390360356e-14,
        "var": 0.00106631347444
    },
    "spectral_energyband_middle_high": {
        "dmean": 0.00105406751391,
        "dmean2": 0.00161008664872,
        "dvar": 2.95770678349e-06,
        "dvar2": 7.4124677667e-06,
        "max": 0.0222049299628,
        "mean": 0.00277608376928,
        "median": 0.00215533887967,
        "min": 2.00111452474e-13,
        "var": 6.85016675561e-06
    },
    "spectral_energyband_middle_low": {
        "dmean": 0.006997870747,
        "dmean2": 0.0110805556178,
        "dvar": 0.000198785215616,
        "dvar2": 0.000519314198755,
        "max": 0.127150595188,
        "mean": 0.0141385877505,
        "median": 0.00721168750897,
        "min": 4.70198559992e-14,
        "var": 0.000308695132844
    },
    "spectral_entropy": {
        "dmean": 0.241167500615,
        "dmean2": 0.348992288113,
        "dvar": 0.0833310186863,
        "dvar2": 0.175374940038,
        "max": 9.04834842682,
        "mean": 7.23867845535,
        "median": 7.25611686707,
        "min": 4.38009357452,
        "var": 0.409363299608
    },
    "spectral_flux": {
        "dmean": 0.0355398952961,
        "dmean2": 0.051959246397,
        "dvar": 0.00185962277465,
        "dvar2": 0.00391393341124,
        "max": 0.373632341623,
        "mean": 0.0788992643356,
        "median": 0.0568190515041,
        "min": 1.84332236586e-06,
        "var": 0.00474132644013
    },
    "spectral_kurtosis": {
        "dmean": 4.02056694031,
        "dmean2": 6.64840650558,
        "dvar": 81.1818847656,
        "dvar2": 219.960876465,
        "max": 156.174026489,
        "mean": 10.134894371,
        "median": 5.45124053955,
        "min": 0.0794703960419,
        "var": 276.469818115
    },
    "spectral_rms": {
        "dmean": 0.00109859195072,
        "dmean2": 0.00140685157385,
        "dvar": 1.69678662587e-06,
        "dvar2": 3.372565061e-06,
        "max": 0.0137150911614,
        "mean": 0.00491917785257,
        "median": 0.00447133323178,
        "min": 3.07558210011e-08,
        "var": 9.24478990783e-06
    },
    "spectral_rolloff": {
        "dmean": 329.275787354,
        "dmean2": 543.717651367,
        "dvar": 450384.09375,
        "dvar2": 926547.375,
        "max": 17248.0957031,
        "mean": 1410.59899902,
        "median": 710.595703125,
        "min": 64.599609375,
        "var": 7627679.5
    },
    "spectral_skewness": {
        "dmean": 0.378538638353,
        "dmean2": 0.612630784512,
        "dvar": 0.301008194685,
        "dvar2": 0.815095067024,
        "max": 9.59381580353,
        "mean": 2.1316819191,
        "median": 1.88992464542,
        "min": 0.519090473652,
        "var": 1.14690363407
    },
    "spectral_spread": {
        "dmean": 638842.75,
        "dmean2": 929206.9375,
        "dvar": 649469558784,
        "dvar2": 1.31336149402e+12,
        "max": 22420372,
        "mean": 4450154,
        "median": 4313198.5,
        "min": 495664.03125,
        "var": 4.3557495767e+12
    },
    "spectral_strongpeak": {
        "dmean": 0.410527408123,
        "dmean2": 0.650157511234,
        "dvar": 0.338604360819,
        "dvar2": 0.752382397652,
        "max": 5.57050657272,
        "mean": 0.981153607368,
        "median": 0.66315060854,
        "min": 0,
        "var": 0.901209533215
    },
    "zerocrossingrate": {
        "dmean": 0.00933709181845,
        "dmean2": 0.0108302142471,
        "dvar": 0.000162761120009,
        "dvar2": 0.000209492762224,
        "max": 0.83447265625,
        "mean": 0.0584394484758,
        "median": 0.03662109375,
        "min": 0.001953125,
        "var": 0.0103847859427
    },
    "barkbands": {
        "dmean": [0.000211300779483, 0.00754540320486, 0.0034527189564, 0.00148112990428, 0.00341414497234, 0.00197053723969, 0.00121551449411, 0.000362241349649, 0.000466124532977, 0.000195056753, 7.69440885051e-05, 0.000193468804355, 0.000216607179027, 0.000294734287309, 0.00013038252655, 0.000121107463201, 0.000113800895633, 0.000101380646811, 6.40373909846e-05, 6.87198989908e-05, 6.17097539362e-05, 5.42440393474e-05, 4.29675383202e-05, 2.68578514806e-05, 2.55259601545e-05, 1.63437944138e-05, 2.66195934273e-06],
        "dmean2": [0.000199362431886, 0.00961669534445, 0.00538140581921, 0.00258903182112, 0.00573193933815, 0.00292651285417, 0.00186433107592, 0.000499545305502, 0.000670755107421, 0.000283381406916, 0.000119198288303, 0.000298817030853, 0.000343455438269, 0.000455888162833, 0.000218972636503, 0.000210353304283, 0.000189133294043, 0.000153281594976, 0.000104694227048, 0.000115072209155, 9.98440154945e-05, 8.64269386511e-05, 6.7503991886e-05, 3.92435686081e-05, 3.92431356886e-05, 2.48070955422e-05, 4.31386797572e-06],
        "dvar": [2.04175165663e-07, 0.000340298138326, 7.23974299035e-05, 1.56983860506e-05, 0.000104470163933, 1.93799405679e-05, 1.29985473905e-05, 9.51765116497e-07, 1.3543553905e-06, 1.83111808383e-07, 2.58576875467e-08, 1.64993821272e-07, 3.00555910826e-07, 2.29648051686e-07, 1.09009327787e-07, 1.22010447967e-07, 5.80743773071e-08, 4.37809895004e-08, 1.68558269564e-08, 2.98954851985e-08, 1.81435755309e-08, 1.88638562548e-08, 9.41103017738e-09, 2.56790855246e-09, 3.67899111176e-09, 1.62530022774e-09, 5.45501768756e-11],
        "dvar2": [2.0335359352e-07, 0.00057248340454, 0.000176244750037, 4.2180523451e-05, 0.000285589776468, 3.69588960893e-05, 2.55317536357e-05, 1.51806455051e-06, 2.29679130825e-06, 3.47318319882e-07, 6.2535526979e-08, 3.42389313346e-07, 8.48313050028e-07, 5.20194191722e-07, 2.99398408288e-07, 3.44217170323e-07, 1.57049498739e-07, 8.19217120807e-08, 4.16036662898e-08, 7.81359119628e-08, 4.4228507079e-08, 4.3322650356e-08, 2.21303277925e-08, 5.57993118377e-09, 9.56100709715e-09, 4.14223633172e-09, 1.35616046171e-10],
        "max": [0.00518632261083, 0.173242643476, 0.108336627483, 0.0506860390306, 0.0976575836539, 0.0685166940093, 0.0745718032122, 0.0263202283531, 0.0376243963838, 0.0146508179605, 0.00402726279572, 0.00764676230028, 0.0158778429031, 0.0112642683089, 0.0049885311164, 0.00465483311564, 0.00305126211606, 0.00430119317025, 0.00117249891628, 0.00199041306041, 0.00171073013917, 0.00244152103551, 0.00134105957113, 0.000495038577355, 0.000938134850003, 0.000582423293963, 8.87363567017e-05],
        "mean": [0.000407254701713, 0.0126007217914, 0.00411127414554, 0.00155032600742, 0.00351714389399, 0.00440510641783, 0.00253313477151, 0.000761880306527, 0.00119262596127, 0.000434572051745, 0.000142831515404, 0.000357407756383, 0.000431823573308, 0.000712261593435, 0.000172059619217, 0.000134788599098, 0.000186020697583, 0.000199261019588, 8.44180030981e-05, 8.07988399174e-05, 7.00041055097e-05, 6.12459916738e-05, 4.86051976623e-05, 3.2987431041e-05, 3.03046344925e-05, 1.81476807484e-05, 2.31064677791e-06],
        "median": [4.81659026264e-06, 0.00101242959499, 0.000516134197824, 0.000214201660128, 0.000914385775104, 0.000782526913099, 0.000410279346397, 0.000192662497284, 0.000501862261444, 0.00020899050287, 5.88906550547e-05, 0.000135408481583, 0.00018787276349, 0.000233924685745, 4.86619537696e-05, 5.30768375029e-05, 5.63633439015e-05, 8.00990965217e-05, 3.11346011586e-05, 2.62915691565e-05, 1.77079818968e-05, 1.25359483718e-05, 1.10001874418e-05, 8.30647149996e-06, 9.39414530876e-06, 4.5941769713e-06, 9.18395031135e-08],
        "min": [4.22653584223e-14, 3.47041918696e-16, 1.14144810013e-16, 2.52694942108e-17, 4.34678292641e-15, 1.11891019453e-14, 1.89230400318e-15, 5.94723177498e-15, 1.14287843173e-14, 5.38508141887e-15, 4.74672943773e-15, 9.13711042049e-15, 9.28988297692e-15, 8.1515037301e-15, 3.15941053159e-14, 2.36049498497e-14, 4.12872962544e-14, 3.36311179101e-14, 1.87573887629e-14, 3.26590730642e-14, 6.61264933869e-14, 2.51209152086e-14, 5.48880331377e-14, 7.58226082831e-14, 1.07205124769e-13, 1.5030610491e-13, 1.7481240793e-13],
        "var": [9.23087384308e-07, 0.000824874674436, 8.95504999789e-05, 1.61619227583e-05, 7.8258686699e-05, 7.31925247237e-05, 4.23599776695e-05, 3.57850763066e-06, 7.93144772615e-06, 6.47333138204e-07, 5.98440763611e-08, 3.80622054763e-07, 4.85483269586e-07, 9.9386011243e-07, 1.18324628318e-07, 9.08288271262e-08, 8.88194122695e-08, 1.30872109594e-07, 2.04296757289e-08, 2.82019669839e-08, 2.15484785571e-08, 2.16302016298e-08, 1.07909610136e-08, 3.55312024247e-09, 3.47757356245e-09, 1.50845791413e-09, 4.86977749792e-11]
    },
    "erbbands": {
        "dmean": [0.224677339196, 1.9090462923, 3.95568966866, 4.32501029968, 12.1307067871, 8.57195663452, 6.93500947952, 18.6728610992, 24.7471065521, 5.37490177155, 8.45747756958, 10.1156024933, 8.40886211395, 3.53104424477, 3.73958683014, 7.93963432312, 9.82678508759, 11.182682991, 10.1508769989, 7.38825559616, 7.27282524109, 5.85279607773, 6.09258794785, 3.18097186089, 3.11809468269, 3.42605876923, 3.08530926704, 2.01345896721, 1.99513995647, 1.55168199539, 1.19740891457, 0.665513455868, 0.41857868433, 0.297258257866, 0.175930380821, 0.077486589551, 0.0317300893366, 0.00566481426358, 0.000441586948, 2.16239004658e-05],
        "dmean2": [0.246307119727, 2.53388524055, 5.90533828735, 7.09697294235, 20.8565979004, 14.6006689072, 10.3103818893, 28.0354366302, 37.7064781189, 7.99520540237, 11.6278467178, 14.707652092, 12.1602487564, 5.28836870193, 5.59508132935, 12.4997110367, 15.5579862595, 17.3305988312, 16.059709549, 12.702419281, 12.6904411316, 9.56388092041, 9.13781642914, 5.02242469788, 5.13609838486, 5.78192043304, 5.06368637085, 3.19180655479, 3.19450378418, 2.45692586899, 1.87624835968, 1.00970685482, 0.613372266293, 0.455149263144, 0.272554397583, 0.116198644042, 0.0492255240679, 0.00879118964076, 0.000714674359187, 3.00020401482e-05],
        "dvar": [0.264596015215, 23.4032669067, 87.6366577148, 120.056228638, 1547.39953613, 633.076293945, 203.516830444, 2090.35253906, 4796.52978516, 138.858566284, 446.74520874, 468.801605225, 613.882019043, 43.6179008484, 66.1530380249, 261.734649658, 628.297363281, 377.175842285, 313.054656982, 472.146362305, 477.668151855, 136.262374878, 155.462875366, 36.343662262, 46.0452384949, 85.5073776245, 47.4969177246, 19.4210472107, 22.1632499695, 15.2711830139, 7.69694519043, 1.72454094887, 0.619137823582, 0.370155036449, 0.234553769231, 0.0339431129396, 0.0067712017335, 0.000247617717832, 1.48081051066e-06, 1.06756337104e-09],
        "dvar2": [0.388438612223, 42.32579422, 196.352813721, 293.00579834, 4276.83203125, 1755.46960449, 421.19442749, 4138.44677734, 9649.71972656, 257.764984131, 686.133605957, 835.205322266, 1120.23913574, 96.4982757568, 139.999542236, 583.845397949, 1774.94396973, 851.162841797, 761.918884277, 1333.3458252, 1355.49169922, 361.690093994, 284.25579834, 90.5025558472, 114.24546814, 229.825424194, 119.277160645, 43.4731483459, 50.4530525208, 35.7949867249, 18.5497207642, 3.91244697571, 1.32876396179, 0.918494403362, 0.629450857639, 0.0851816684008, 0.0177548583597, 0.000633277639281, 3.65963296645e-06, 2.44575693031e-09],
        "max": [5.4961271286, 44.5009078979, 80.8792037964, 184.947692871, 348.66519165, 275.659851074, 235.171401978, 842.407836914, 1367.86450195, 480.632843018, 604.136291504, 634.404602051, 833.499816895, 164.012741089, 215.723617554, 283.011688232, 719.035888672, 364.828460693, 444.904144287, 299.414611816, 298.847442627, 136.785827637, 266.616241455, 61.5457458496, 61.1403198242, 110.816116333, 82.5542984009, 60.1434020996, 67.3183746338, 63.3148155212, 38.2530250549, 15.0771179199, 9.26690387726, 6.77910804749, 9.0095243454, 2.27388262749, 1.38656997681, 0.230086922646, 0.0156123200431, 0.00034169643186],
        "mean": [0.394513607025, 2.67417287827, 4.90692901611, 5.5352973938, 10.7663478851, 9.11856365204, 14.0752058029, 42.4714355469, 54.6313591003, 12.1101722717, 19.494644165, 24.8618392944, 21.7323608398, 8.4746799469, 7.77350234985, 15.1574525833, 21.3106632233, 26.5354595184, 23.1134147644, 9.3349199295, 7.98319101334, 10.0442314148, 12.7684612274, 5.40497732162, 3.937312603, 3.94037175179, 3.43517398834, 2.39257597923, 2.22116827965, 1.73745167255, 1.34882295132, 0.776656329632, 0.528890490532, 0.356297582388, 0.204416692257, 0.0890741720796, 0.0335778594017, 0.00568266445771, 0.000398710253648, 4.55638873973e-05],
        "median": [0.0120736286044, 0.34812054038, 0.833293676376, 1.04388487339, 1.85849905014, 2.73097610474, 4.46441459656, 7.16343927383, 8.97389984131, 4.87906360626, 6.6854057312, 11.4969882965, 9.25335121155, 4.63258647919, 3.8364033699, 7.850918293, 10.4984846115, 11.946395874, 7.81343460083, 4.17354297638, 3.20841217041, 4.17065525055, 5.11656665802, 2.65689849854, 1.33094882965, 1.26516318321, 0.840572834015, 0.623638749123, 0.458395719528, 0.344022661448, 0.324409544468, 0.179960906506, 0.142589762807, 0.107934758067, 0.0620965920389, 0.0236459374428, 0.00749303307384, 0.000889741000719, 4.87475772388e-05, 2.90629577648e-05],
        "min": [5.80914331395e-13, 1.83014234735e-13, 2.23633164396e-13, 1.24900930527e-13, 1.54049440305e-12, 1.47035543463e-11, 6.76104380815e-11, 4.0935879686e-11, 3.64713086121e-11, 2.23918990988e-11, 2.46426851147e-10, 2.61238003452e-10, 9.01419147659e-11, 3.19080983857e-10, 2.81190015716e-10, 2.63834426528e-10, 4.05184830132e-10, 5.13380171707e-10, 1.27718891019e-09, 1.43215783677e-09, 1.59785562559e-09, 2.09252326577e-09, 1.62066082776e-09, 1.42435729877e-09, 9.15983233707e-10, 1.73193870356e-09, 1.61296287438e-09, 2.8628539539e-09, 1.27547428175e-09, 9.43789157937e-10, 1.73652603408e-09, 1.36820943464e-09, 1.43061751334e-09, 1.03953934349e-09, 8.29343371755e-10, 5.7314092361e-10, 2.97404045835e-10, 9.14100878324e-11, 2.64016863927e-11, 2.53706105603e-12],
        "var": [0.842678964138, 42.5057983398, 113.503318787, 186.606109619, 1081.38952637, 467.817687988, 697.862854004, 7070.79052734, 16556.7773438, 515.65032959, 1972.14196777, 2238.17358398, 3254.34814453, 139.590698242, 155.02557373, 556.594848633, 1106.21899414, 1474.50537109, 1247.609375, 366.751617432, 342.897125244, 212.017303467, 488.936767578, 58.9867019653, 50.7171096802, 73.1061325073, 53.5301475525, 25.512462616, 26.2096309662, 17.4622898102, 8.29437255859, 2.15730333328, 0.872034311295, 0.407860040665, 0.196710318327, 0.0330024473369, 0.00586634455249, 0.000218261673581, 1.32165087052e-06, 2.29173746646e-09]
    },
    "gfcc": {
        "mean": [-69.3484191895, 103.696365356, -111.247833252, 12.3734455109, -52.8044166565, 7.25295448303, -41.1145935059, 4.8691072464, -20.6901721954, 4.86664819717, -12.4852294922, -0.410553574562, -13.2334880829],
        "cov": [[32169.4003906, 2171.12231445, -847.116577148, 1752.99853516, -1309.13903809, 520.661865234, -1073.50830078, 249.58001709, -639.745117188, 535.968322754, -295.227294922, 180.912322998, -291.453033447], [2171.12231445, 3207.52832031, -441.912689209, -454.276062012, 547.234313965, -225.68611145, 43.7496109009, -156.926681519, 191.596954346, -245.249221802, 183.23197937, -200.355392456, 118.198066711], [-847.116577148, -441.912689209, 1359.94616699, 492.411895752, 260.385406494, 384.687469482, 312.49041748, 304.327880859, 63.7005996704, 155.876068115, 22.1788425446, 116.864959717, -2.25597023964], [1752.99853516, -454.276062012, 492.411895752, 941.053588867, 24.1872959137, 285.238830566, 210.14074707, 190.098800659, 7.12170886993, 176.618118286, 52.044719696, 69.2379455566, -15.3520736694], [-1309.13903809, 547.234313965, 260.385406494, 24.1872959137, 673.048706055, 126.790771484, 165.477798462, 52.3400802612, 114.629653931, -8.60502147675, 140.619033813, 1.33952748775, 13.6619300842], [520.661865234, -225.68611145, 384.687469482, 285.238830566, 126.790771484, 317.344726562, 124.055488586, 148.67137146, 26.2499923706, 111.500785828, 17.4503479004, 54.7471466064, -2.56515979767], [-1073.50830078, 43.7496109009, 312.49041748, 210.14074707, 165.477798462, 124.055488586, 332.043060303, 173.485229492, 120.715492249, 7.81973266602, 28.2748680115, -28.078710556, 36.7786979675], [249.58001709, -156.926681519, 304.327880859, 190.098800659, 52.3400802612, 148.67137146, 173.485229492, 293.551757812, 69.7111816406, 78.0319976807, -20.7392311096, 18.7208862305, -19.8320846558], [-639.745117188, 191.596954346, 63.7005996704, 7.12170886993, 114.629653931, 26.2499923706, 120.715492249, 69.7111816406, 169.555725098, 51.8041343689, 79.55443573, -18.5389842987, 31.4024848938], [535.968322754, -245.249221802, 155.876068115, 176.618118286, -8.60502147675, 111.500785828, 7.81973266602, 78.0319976807, 51.8041343689, 196.68258667, 100.312606812, 89.338760376, -3.82447433472], [-295.227294922, 183.23197937, 22.1788425446, 52.044719696, 140.619033813, 17.4503479004, 28.2748680115, -20.7392311096, 79.55443573, 100.312606812, 209.311904907, 85.7275238037, 54.7225494385], [180.912322998, -200.355392456, 116.864959717, 69.2379455566, 1.33952748775, 54.7471466064, -28.078710556, 18.7208862305, -18.5389842987, 89.338760376, 85.7275238037, 134.87097168, 39.7618370056], [-291.453033447, 118.198066711, -2.25597023964, -15.3520736694, 13.6619300842, -2.56515979767, 36.7786979675, -19.8320846558, 31.4024848938, -3.82447433472, 54.7225494385, 39.7618370056, 105.848487854]],
        "icov": [[0.000129516978632, -0.000308615184622, 0.000155637855642, -0.000367098487914, 0.000261076173047, -0.000303144595819, 0.000488444522489, -0.000251806603046, 0.000217384105781, -0.000389870110666, 0.000506967247929, -0.000417360570282, 0.000209484671359], [-0.000308615184622, 0.0013388824882, -0.000378777622245, 0.000923963321839, -0.000950550951529, 0.000752204214223, -0.000550866767298, 0.000149770115968, -0.000547942414414, 0.00164807960391, -0.0024222380016, 0.00259916554205, -0.00136053306051], [0.000155637855642, -0.000378777622245, 0.0017124156002, -0.000632463663351, -0.000109190405055, -0.00103474606294, -0.000525341602042, -0.000303734908812, 7.05323036527e-05, -0.000803021423053, 0.00188548211008, -0.00247394898906, 0.000815551844425], [-0.000367098487914, 0.000923963321839, -0.000632463663351, 0.0030411046464, -0.000415656191763, 5.81014273848e-06, -0.00278048566543, 0.000677741016261, 0.00124049710575, -0.00041710754158, -0.00237312400714, 0.00227732234634, -0.000479761220049], [0.000261076173047, -0.000950550951529, -0.000109190405055, -0.000415656191763, 0.00364385265857, -0.00237123947591, 0.00049578974722, -0.000373303919332, -0.000479475740576, 0.00194936420303, -0.00196769554168, -0.00126100936905, 0.00265137501992], [-0.000303144595819, 0.000752204214223, -0.00103474606294, 5.81014273848e-06, -0.00237123947591, 0.00816765613854, -0.00204231869429, -0.000102728161437, 0.000897771620657, -0.00353053840809, 0.0018404800212, 0.000620228413027, -0.00207990664057], [0.000488444522489, -0.000550866767298, -0.000525341602042, -0.00278048566543, 0.00049578974722, -0.00204231869429, 0.0120426155627, -0.00540308887139, -0.00283351680264, 0.00356970680878, -0.00173404230736, 0.00382136763074, -0.00333402561955], [-0.000251806603046, 0.000149770115968, -0.000303734908812, 0.000677741016261, -0.000373303919332, -0.000102728161437, -0.00540308887139, 0.00909758731723, -0.00334740011021, -0.00209552305751, 0.00470902211964, -0.00486647197977, 0.00316980434582], [0.000217384105781, -0.000547942414414, 7.05323036527e-05, 0.00124049710575, -0.000479475740576, 0.000897771620657, -0.00283351680264, -0.00334740011021, 0.0178489461541, -0.00865884404629, -0.00479291658849, 0.0104915425181, -0.0052385465242], [-0.000389870110666, 0.00164807960391, -0.000803021423053, -0.00041710754158, 0.00194936420303, -0.00353053840809, 0.00356970680878, -0.00209552305751, -0.00865884404629, 0.021419685334, -0.0101467343047, -0.00412638159469, 0.00517698470503], [0.000506967247929, -0.0024222380016, 0.00188548211008, -0.00237312400714, -0.00196769554168, 0.0018404800212, -0.00173404230736, 0.00470902211964, -0.00479291658849, -0.0101467343047, 0.0224798955023, -0.0148353511468, 0.000586485490203], [-0.000417360570282, 0.00259916554205, -0.00247394898906, 0.00227732234634, -0.00126100936905, 0.000620228413027, 0.00382136763074, -0.00486647197977, 0.0104915425181, -0.00412638159469, -0.0148353511468, 0.0315635465086, -0.0132845873013], [0.000209484671359, -0.00136053306051, 0.000815551844425, -0.000479761220049, 0.00265137501992, -0.00207990664057, -0.00333402561955, 0.00316980434582, -0.0052385465242, 0.00517698470503, 0.000586485490203, -0.0132845873013, 0.0192794147879]]
    },
    "melbands": {
        "dmean": [0.00202418398112, 0.00217988411896, 0.000943035527598, 0.000866646762006, 0.000226715928875, 0.000427919614594, 0.000331300892867, 5.97837097303e-05, 7.22404001863e-05, 6.35658871033e-05, 4.21950644522e-05, 1.54487970576e-05, 1.15384364108e-05, 2.04299522011e-05, 2.47982607107e-05, 1.85590270121e-05, 2.32382735703e-05, 2.03825311473e-05, 1.02504445749e-05, 8.14561099105e-06, 9.32337297854e-06, 6.19867250862e-06, 6.97420864526e-06, 4.48101718575e-06, 2.50325820161e-06, 2.59369858213e-06, 2.05978426493e-06, 2.4421372018e-06, 1.98046404876e-06, 1.63408299159e-06, 1.08366941731e-06, 1.25067936096e-06, 9.17183115234e-07, 8.56255724102e-07, 7.2016860031e-07, 5.49678304651e-07, 3.70717714304e-07, 3.10813959459e-07, 2.54250409171e-07, 2.53730036093e-07],
        "dmean2": [0.00238631176762, 0.00299039157107, 0.00156752788462, 0.00148273713421, 0.000340609200066, 0.000638609693851, 0.000503449642565, 8.61860680743e-05, 9.9759294244e-05, 9.23975676415e-05, 6.08314949204e-05, 2.28644421441e-05, 1.75780733116e-05, 3.10000832542e-05, 4.00711323891e-05, 2.91272554023e-05, 3.59271543857e-05, 3.21372572216e-05, 1.73233238456e-05, 1.40865640788e-05, 1.64062348631e-05, 1.03922875496e-05, 1.05593817352e-05, 6.93910214977e-06, 4.01464603783e-06, 4.27780742029e-06, 3.46445813193e-06, 4.14816167904e-06, 3.25145288116e-06, 2.71428825727e-06, 1.73212970367e-06, 2.04583193408e-06, 1.43689135257e-06, 1.38632583457e-06, 1.13706437332e-06, 8.69344546572e-07, 5.62958234696e-07, 4.58851218355e-07, 3.84514805774e-07, 3.94689834593e-07],
        "dvar": [2.21362115553e-05, 2.35542956943e-05, 5.12728638569e-06, 7.33825618227e-06, 2.02303581887e-07, 9.95793129732e-07, 8.18045236883e-07, 2.1772738279e-08, 2.97267295224e-08, 2.15784243807e-08, 1.54649715256e-08, 8.65690796825e-10, 5.76149183917e-10, 2.32641972353e-09, 3.64363561545e-09, 1.32407429465e-09, 1.66760405484e-09, 1.40227518486e-09, 7.48619444213e-10, 5.87202009239e-10, 8.46287151468e-10, 1.95238339384e-10, 1.94270113885e-10, 6.68231373013e-11, 2.44355612133e-11, 3.08777899083e-11, 2.43746325207e-11, 4.6823270955e-11, 1.95300980249e-11, 1.33602061705e-11, 6.32494881123e-12, 8.72117569134e-12, 5.94367610685e-12, 4.55648106051e-12, 2.98537735331e-12, 1.31781033568e-12, 5.28473749137e-13, 3.42577691475e-13, 2.46999848959e-13, 2.91284195115e-13],
        "dvar2": [3.40223014064e-05, 4.66651436e-05, 1.34617730509e-05, 2.02156552405e-05, 4.15989120484e-07, 1.96842779587e-06, 1.64308721651e-06, 3.66832253462e-08, 4.46930812359e-08, 3.88199019596e-08, 2.80146359444e-08, 1.87107218608e-09, 1.31235133871e-09, 4.52211734725e-09, 1.02450750106e-08, 3.50125817228e-09, 3.71499186969e-09, 3.3061757776e-09, 2.06814210202e-09, 1.65985847289e-09, 2.41627673425e-09, 5.39497557739e-10, 3.60290630663e-10, 1.46657797018e-10, 6.2275892776e-11, 7.71828018165e-11, 6.43484016072e-11, 1.26993915384e-10, 4.84248856292e-11, 3.39248004688e-11, 1.40643399704e-11, 2.05179588597e-11, 1.40659870904e-11, 1.07793869317e-11, 7.3515516591e-12, 3.0992248698e-12, 1.19898372914e-12, 7.28753700181e-13, 5.65816111412e-13, 7.42753569153e-13],
        "max": [0.0470914915204, 0.0442657060921, 0.025603139773, 0.0255449917167, 0.00694676488638, 0.0166753325611, 0.0173309855163, 0.00441453000531, 0.00575047265738, 0.00491592427716, 0.00413378560916, 0.000756275898311, 0.000562275992706, 0.000994365196675, 0.00168942881282, 0.000830871111248, 0.000834332429804, 0.0010439758189, 0.000411429384258, 0.000277413637377, 0.000402336532716, 0.000166660000104, 0.000316923280479, 0.000128087762278, 5.32911799382e-05, 5.3206247685e-05, 5.2411120123e-05, 8.35859973449e-05, 5.85210618738e-05, 5.19843160873e-05, 3.70603156625e-05, 3.9108825149e-05, 3.90553395846e-05, 2.95025674859e-05, 2.4970726372e-05, 1.15282618935e-05, 8.18843545858e-06, 6.23687992629e-06, 7.48088450564e-06, 6.48892046229e-06],
        "mean": [0.00352425291203, 0.00297670788132, 0.00108546903357, 0.000808042765129, 0.000449230807135, 0.000991467270069, 0.000733398308512, 0.000124458383652, 0.000165051882504, 0.000159823248396, 0.000106975443487, 3.53518844349e-05, 2.2805061235e-05, 3.8034748286e-05, 4.807550431e-05, 3.99457931053e-05, 5.33520687895e-05, 4.65205121145e-05, 1.30565658765e-05, 9.43434042711e-06, 9.48765500652e-06, 8.85834197106e-06, 1.49000743477e-05, 8.48445506563e-06, 3.85865632779e-06, 3.18779393638e-06, 2.42212581725e-06, 2.69744168691e-06, 2.18586455958e-06, 1.7732473907e-06, 1.27814632833e-06, 1.32487218707e-06, 1.04902858311e-06, 9.24665357616e-07, 8.01158648756e-07, 6.12164740232e-07, 4.30744876212e-07, 3.88592667377e-07, 3.1485254226e-07, 2.94109526067e-07],
        "median": [0.000192989216885, 0.000605889305007, 0.0002360183571, 0.000171285035321, 0.00013637309894, 0.00017023512919, 0.000114424350613, 3.93051814171e-05, 6.11583382124e-05, 6.95669441484e-05, 4.35875990661e-05, 1.71630599652e-05, 1.09239053927e-05, 1.11524768727e-05, 2.17854867515e-05, 1.76621069841e-05, 2.10434209293e-05, 1.08702752186e-05, 3.88272110285e-06, 3.63282651961e-06, 3.19305195262e-06, 3.02214266412e-06, 4.52727726952e-06, 3.59191471944e-06, 1.67452594724e-06, 1.0160911188e-06, 8.27791495794e-07, 8.00981126758e-07, 5.30011334376e-07, 4.51610048913e-07, 3.04492914438e-07, 2.49274080488e-07, 2.33886837009e-07, 1.68131109035e-07, 1.94345659565e-07, 1.46256581957e-07, 9.42848004115e-08, 1.00174716522e-07, 9.31287615913e-08, 8.66727134508e-08],
        "min": [5.67350799587e-15, 1.22996952822e-16, 3.00268779201e-17, 3.61516282396e-16, 2.08985495637e-15, 1.20939607731e-15, 5.4965688483e-16, 2.92185312175e-16, 2.47161651734e-15, 1.6103096885e-15, 3.52801636858e-16, 1.26412594653e-15, 8.10009613586e-16, 1.06120416918e-15, 5.75111124868e-16, 1.01279221283e-15, 8.17703425604e-16, 1.82773955205e-15, 2.13214455856e-15, 1.82972330321e-15, 1.90835252467e-15, 2.30232575965e-15, 1.84013397341e-15, 1.46072494056e-15, 1.11163524031e-15, 8.4954709986e-16, 6.9099513175e-16, 1.23486434633e-15, 8.04093829603e-16, 1.49672437022e-15, 1.73875598808e-15, 7.97012845922e-16, 2.83665881261e-16, 6.30534290551e-16, 1.00163477722e-15, 9.40908867645e-16, 8.02347724122e-16, 9.82911537433e-16, 9.20019552858e-16, 8.79409722872e-16],
        "var": [6.40322687104e-05, 3.82768885174e-05, 5.68021778236e-06, 5.24940469404e-06, 6.72040982863e-07, 3.57343265023e-06, 2.87217585537e-06, 7.95512917762e-08, 1.41723546676e-07, 1.16461976063e-07, 8.25396639925e-08, 2.87738788352e-09, 1.35800448664e-09, 5.81683590184e-09, 5.33624655574e-09, 3.1752038776e-09, 6.45383435582e-09, 6.1932627915e-09, 6.98675228783e-10, 4.40402714297e-10, 5.85607062842e-10, 2.15930648362e-10, 6.75033251518e-10, 1.61048396841e-10, 3.51705192747e-11, 3.42966592626e-11, 2.25076172977e-11, 3.86042552092e-11, 2.23076938866e-11, 1.46211306951e-11, 8.18591288504e-12, 9.7119708109e-12, 6.54335830311e-12, 5.11111118706e-12, 3.08366960439e-12, 1.4821886123e-12, 6.64257386075e-13, 4.80683255786e-13, 3.14215071063e-13, 2.98332349493e-13]
    },
    "mfcc": {
        "mean": [-701.74798584, 137.617828369, 0.563001155853, 10.8536233902, 4.27506637573, 1.23031282425, -5.26158761978, -2.56508159637, -5.72841262817, -0.483382642269, 4.71444559097, 1.52176952362, -7.78116989136],
        "cov": [[12992.4638672, 515.872558594, 239.149551392, 1013.68951416, 208.774291992, 355.334014893, 173.117370605, 19.6677799225, -145.696304321, 81.155166626, 103.675628662, 89.9887313843, 54.5877838135], [515.872558594, 2376.34643555, -181.312454224, -179.962844849, 325.608520508, 66.1010665894, 22.5876674652, 71.7459945679, 32.0120162964, -11.5884103775, 88.0681228638, 45.0901908875, -39.5166091919], [239.149551392, -181.312454224, 884.409179688, 328.212554932, 105.032684326, 149.845535278, 216.595672607, 172.564300537, 178.749191284, 123.179824829, 77.4082794189, 66.8740768433, 89.5715103149], [1013.68951416, -179.962844849, 328.212554932, 604.667053223, 129.945953369, 142.37147522, 229.610961914, 150.600280762, 88.4489364624, 127.001426697, 119.878959656, 89.6281280518, 71.9833221436], [208.774291992, 325.608520508, 105.032684326, 129.945953369, 362.814727783, 164.141113281, 144.763122559, 86.4748153687, 12.2839183807, 15.0021352768, 99.9293899536, 65.962677002, 39.883480072], [355.334014893, 66.1010665894, 149.845535278, 142.37147522, 164.141113281, 222.20614624, 126.509025574, 47.8776397705, 22.2543430328, 28.9875202179, 42.2834777832, 55.6711463928, 47.494644165], [173.117370605, 22.5876674652, 216.595672607, 229.610961914, 144.763122559, 126.509025574, 236.900909424, 156.592880249, 93.3913650513, 86.3509750366, 98.3957138062, 52.8949661255, 30.6592006683], [19.6677799225, 71.7459945679, 172.564300537, 150.600280762, 86.4748153687, 47.8776397705, 156.592880249, 188.052871704, 134.17565918, 97.2354431152, 78.8435592651, 20.274930954, -3.0495994091], [-145.696304321, 32.0120162964, 178.749191284, 88.4489364624, 12.2839183807, 22.2543430328, 93.3913650513, 134.17565918, 187.243774414, 127.519309998, 54.5217475891, 12.8529825211, 5.20936012268], [81.155166626, -11.5884103775, 123.179824829, 127.001426697, 15.0021352768, 28.9875202179, 86.3509750366, 97.2354431152, 127.519309998, 154.773956299, 97.0204391479, 40.1531715393, 13.5400362015], [103.675628662, 88.0681228638, 77.4082794189, 119.878959656, 99.9293899536, 42.2834777832, 98.3957138062, 78.8435592651, 54.5217475891, 97.0204391479, 169.509765625, 94.4498519897, 17.0024147034], [89.9887313843, 45.0901908875, 66.8740768433, 89.6281280518, 65.962677002, 55.6711463928, 52.8949661255, 20.274930954, 12.8529825211, 40.1531715393, 94.4498519897, 122.022186279, 71.6634368896], [54.5877838135, -39.5166091919, 89.5715103149, 71.9833221436, 39.883480072, 47.494644165, 30.6592006683, -3.0495994091, 5.20936012268, 13.5400362015, 17.0024147034, 71.6634368896, 135.828643799]],
