{
"lowlevel": {
    "average_loudness": 0.936196088791,
    "barkbands_crest": {
        "dmean": 2.50588202477,
        "dmean2": 3.99312210083,
        "dvar": 7.92416286469,
        "dvar2": 19.0874710083,
        "max": 26.2858886719,
        "mean": 11.8431415558,
        "median": 10.9585208893,
        "min": 2.73266863823,
        "var": 20.8674945831
    },
    "barkbands_flatness_db": {
        "dmean": 0.0316705927253,
        "dmean2": 0.0452755764127,
        "dvar": 0.00149422732648,
        "dvar2": 0.00315075134858,
        "max": 0.461753159761,
        "mean": 0.185224875808,
        "median": 0.177479714155,
        "min": 0.0218962226063,
        "var": 0.00597506063059
    },
    "barkbands_kurtosis": {
        "dmean": 5.80127239227,
        "dmean2": 9.10221004486,
        "dvar": 282.704925537,
        "dvar2": 650.426574707,
        "max": 595.893676758,
        "mean": 9.03611087799,
        "median": 4.09469223022,
        "min": -1.92027449608,
        "var": 475.670806885
    },
    "barkbands_skewness": {
        "dmean": 0.667818665504,
        "dmean2": 1.01868140697,
        "dvar": 0.797652602196,
        "dvar2": 1.70907247066,
        "max": 22.2164077759,
        "mean": 2.07856011391,
        "median": 1.81150579453,
        "min": -1.68446910381,
        "var": 2.67813634872
    },
    "barkbands_spread": {
        "dmean": 5.3560385704,
        "dmean2": 8.36838531494,
        "dvar": 58.0906181335,
        "dvar2": 128.072174072,
        "max": 83.140838623,
        "mean": 17.9959793091,
        "median": 13.5373935699,
        "min": 0.333203613758,
        "var": 178.487884521
    },
    "dissonance": {
        "dmean": 0.0215438380837,
        "dmean2": 0.035244692117,
        "dvar": 0.000536350067705,
        "dvar2": 0.00135153532028,
        "max": 0.49998947978,
        "mean": 0.446149259806,
        "median": 0.45908793807,
        "min": 0.212224245071,
        "var": 0.00188615336083
    },
    "dynamic_complexity": 3.46938109398,
    "erbbands_crest": {
        "dmean": 2.44189238548,
        "dmean2": 3.84493136406,
        "dvar": 7.22212648392,
        "dvar2": 16.694103241,
        "max": 32.1817398071,
        "mean": 11.5047197342,
        "median": 9.55209445953,
        "min": 2.57298088074,
        "var": 38.2170639038
    },
    "erbbands_flatness_db": {
        "dmean": 0.0236544907093,
        "dmean2": 0.0319892689586,
        "dvar": 0.000701841898263,
        "dvar2": 0.00129084254149,
        "max": 0.482500344515,
        "mean": 0.178150877357,
        "median": 0.168591886759,
        "min": 0.0532087571919,
        "var": 0.004472410772
    },
    "erbbands_kurtosis": {
        "dmean": 1.12695014477,
        "dmean2": 1.77133536339,
        "dvar": 3.70121002197,
        "dvar2": 8.9443693161,
        "max": 44.8419914246,
        "mean": 1.04606938362,
        "median": 0.0176270008087,
        "min": -1.73028957844,
        "var": 10.3636951447
    },
    "erbbands_skewness": {
        "dmean": 0.361551880836,
        "dmean2": 0.548632383347,
        "dvar": 0.147593796253,
        "dvar2": 0.341248780489,
        "max": 5.40111923218,
        "mean": 0.409879535437,
        "median": 0.478408247232,
        "min": -4.62345933914,
        "var": 1.09442424774
    },
    "erbbands_spread": {
        "dmean": 7.58613157272,
        "dmean2": 11.076710701,
        "dvar": 82.3180236816,
        "dvar2": 162.238800049,
        "max": 139.049163818,
        "mean": 36.9389343262,
        "median": 35.6950683594,
        "min": 2.36610722542,
        "var": 373.889038086
    },
    "hfc": {
        "dmean": 7.49254083633,
        "dmean2": 11.2305374146,
        "dvar": 302.163421631,
        "dvar2": 714.89239502,
        "max": 252.956420898,
        "mean": 16.994260788,
        "median": 10.7974014282,
        "min": 1.18084231629e-12,
        "var": 434.641876221
    },
    "melbands_crest": {
        "dmean": 3.14917182922,
        "dmean2": 5.03288221359,
        "dvar": 13.8830471039,
        "dvar2": 32.5917472839,
        "max": 38.3524360657,
        "mean": 17.1241569519,
        "median": 15.9615039825,
        "min": 2.46851325035,
        "var": 41.7414550781
    },
    "melbands_flatness_db": {
        "dmean": 0.0355607606471,
        "dmean2": 0.0517759174109,
        "dvar": 0.00210444279946,
        "dvar2": 0.00459598144516,
        "max": 0.59172731638,
        "mean": 0.266510099173,
        "median": 0.260431200266,
        "min": 0.0107686975971,
        "var": 0.00819643866271
    },
    "melbands_kurtosis": {
        "dmean": 10.5741539001,
        "dmean2": 16.6084194183,
        "dvar": 525.115234375,
        "dvar2": 1210.72180176,
        "max": 521.676391602,
        "mean": 19.8763828278,
        "median": 10.2069578171,
        "min": -1.78936779499,
        "var": 1118.73718262
    },
    "melbands_skewness": {
        "dmean": 0.796792328358,
        "dmean2": 1.20778548717,
        "dvar": 1.15443181992,
        "dvar2": 2.46986627579,
        "max": 17.5368728638,
        "mean": 3.06295585632,
        "median": 2.65426826477,
        "min": -1.30391216278,
        "var": 4.02332878113
    },
    "melbands_spread": {
        "dmean": 5.58824586868,
        "dmean2": 8.738489151,
        "dvar": 70.4256134033,
        "dvar2": 155.380691528,
        "max": 164.045288086,
        "mean": 17.5047397614,
        "median": 11.4627752304,
        "min": 0.36628395319,
        "var": 260.928344727
    },
    "pitch_salience": {
        "dmean": 0.0702187418938,
        "dmean2": 0.111953534186,
        "dvar": 0.00734966807067,
        "dvar2": 0.017390716821,
        "max": 0.984926044941,
        "mean": 0.461986273527,
        "median": 0.458974182606,
        "min": 0.0457160435617,
        "var": 0.0179751850665
    },
    "silence_rate_20dB": {
        "dmean": 0,
        "dmean2": 0,
        "dvar": 0,
        "dvar2": 0,
        "max": 1,
        "mean": 1,
        "median": 1,
        "min": 1,
        "var": 0
    },
    "silence_rate_30dB": {
        "dmean": 0.0500287525356,
        "dmean2": 0.100071892142,
        "dvar": 0.0475255064666,
        "dvar2": 0.0978192910552,
        "max": 1,
        "mean": 0.947678625584,
        "median": 1,
        "min": 0,
        "var": 0.0495836362243
    },
    "silence_rate_60dB": {
        "dmean": 0.0178263373673,
        "dmean2": 0.0355140194297,
        "dvar": 0.0175100676715,
        "dvar2": 0.0368434935808,
        "max": 1,
        "mean": 0.0702889189124,
        "median": 0,
        "min": 0,
        "var": 0.0653509944677
    },
    "spectral_centroid": {
        "dmean": 212.969360352,
        "dmean2": 326.392456055,
        "dvar": 78877.859375,
        "dvar2": 177019.140625,
        "max": 3814.57617188,
        "mean": 1030.84716797,
        "median": 871.968811035,
        "min": 126.7266922,
        "var": 347487.59375
    },
    "spectral_complexity": {
        "dmean": 3.22541689873,
        "dmean2": 4.96434211731,
        "dvar": 22.8126754761,
        "dvar2": 47.4814567566,
        "max": 61,
        "mean": 13.1089553833,
        "median": 12,
        "min": 0,
        "var": 56.0945320129
    },
    "spectral_decrease": {
        "dmean": 2.8979689759e-09,
        "dmean2": 4.43627179436e-09,
        "dvar": 3.1940288952e-17,
        "dvar2": 7.64150574842e-17,
        "max": -1.02954646948e-23,
        "mean": -8.48781489537e-09,
        "median": -6.79800304937e-09,
        "min": -6.16980315726e-08,
        "var": 6.62041878016e-17
    },
    "spectral_energy": {
        "dmean": 0.0113765075803,
        "dmean2": 0.0173088070005,
        "dvar": 0.000468886748422,
        "dvar2": 0.00110707804561,
        "max": 0.235283434391,
        "mean": 0.0335764288902,
        "median": 0.0269103813916,
        "min": 1.45963192395e-16,
        "var": 0.00100140331779
    },
    "spectral_energyband_high": {
        "dmean": 0.000395909097278,
        "dmean2": 0.000606384477578,
        "dvar": 1.53182247686e-06,
        "dvar2": 3.73555076294e-06,
        "max": 0.0222584027797,
        "mean": 0.000475926935906,
        "median": 9.55593932304e-05,
        "min": 1.05736935986e-16,
        "var": 1.66009704117e-06
    },
    "spectral_energyband_low": {
        "dmean": 0.00867949426174,
        "dmean2": 0.0141321178526,
        "dvar": 0.000512540224008,
        "dvar2": 0.00128483038861,
        "max": 0.229486495256,
        "mean": 0.017508322373,
        "median": 0.00913756992668,
        "min": 3.85198944753e-18,
        "var": 0.000764219847042
    },
    "spectral_energyband_middle_high": {
        "dmean": 0.00189022207633,
        "dmean2": 0.00305269355886,
        "dvar": 1.99061596504e-05,
        "dvar2": 4.89700832986e-05,
        "max": 0.0619278512895,
        "mean": 0.00380393327214,
        "median": 0.00169552478474,
        "min": 2.74412006607e-17,
        "var": 3.33751922881e-05
    },
    "spectral_energyband_middle_low": {
        "dmean": 0.00368942506611,
        "dmean2": 0.00570930447429,
        "dvar": 5.67843853787e-05,
        "dvar2": 0.000138388582855,
        "max": 0.100378751755,
        "mean": 0.0127669665962,
        "median": 0.00942479912192,
        "min": 8.064157322e-18,
        "var": 0.000146081059938
    },
    "spectral_entropy": {
        "dmean": 0.266025066376,
        "dmean2": 0.376524448395,
        "dvar": 0.112574957311,
        "dvar2": 0.235886618495,
        "max": 8.90279960632,
        "mean": 7.07352876663,
        "median": 7.1444811821,
        "min": 5.12251472473,
        "var": 0.398807942867
    },
    "spectral_flux": {
        "dmean": 0.0368011705577,
        "dmean2": 0.0552573241293,
        "dvar": 0.00250997790135,
        "dvar2": 0.00599025702104,
        "max": 0.404444873333,
        "mean": 0.0738673582673,
        "median": 0.0458801276982,
        "min": 2.09574659493e-06,
        "var": 0.00536528183147
    },
    "spectral_kurtosis": {
        "dmean": 3.84899520874,
        "dmean2": 6.10090303421,
        "dvar": 43.5639877319,
        "dvar2": 104.894737244,
        "max": 124.514602661,
        "mean": 8.9757604599,
        "median": 5.7616519928,
        "min": 0.66089630127,
        "var": 96.222076416
    },
    "spectral_rms": {
        "dmean": 0.000806335068773,
        "dmean2": 0.00115301634651,
        "dvar": 1.39477322136e-06,
        "dvar2": 2.85648184217e-06,
        "max": 0.0151507370174,
        "mean": 0.00515028974041,
        "median": 0.00512386858463,
        "min": 3.7736336278e-10,
        "var": 6.23195819571e-06
    },
    "spectral_rolloff": {
        "dmean": 382.931396484,
        "dmean2": 644.190429688,
        "dvar": 655806.625,
        "dvar2": 1482826.625,
        "max": 15633.1054688,
        "mean": 1035.15942383,
        "median": 581.396484375,
        "min": 43.06640625,
        "var": 1485818.375
    },
    "spectral_skewness": {
        "dmean": 0.362087965012,
        "dmean2": 0.56494307518,
        "dvar": 0.24369096756,
        "dvar2": 0.579991579056,
        "max": 9.22484302521,
        "mean": 2.11950159073,
        "median": 1.86362338066,
        "min": 0.141992196441,
        "var": 0.81936019659
    },
    "spectral_spread": {
        "dmean": 827785.25,
        "dmean2": 1107840.25,
        "dvar": 874914054144,
        "dvar2": 1.66852912742e+12,
        "max": 13061949,
        "mean": 4307415,
        "median": 4125016.25,
        "min": 799339.875,
        "var": 3.28159566234e+12
    },
    "spectral_strongpeak": {
        "dmean": 0.414061546326,
        "dmean2": 0.738211750984,
        "dvar": 1.36992847919,
        "dvar2": 3.29028344154,
        "max": 13.6580371857,
        "mean": 0.930648505688,
        "median": 0.421107888222,
        "min": 0,
        "var": 2.44292759895
    },
    "zerocrossingrate": {
        "dmean": 0.0106697455049,
        "dmean2": 0.0127742942423,
        "dvar": 0.000180833929335,
        "dvar2": 0.000240040171775,
        "max": 0.5556640625,
        "mean": 0.0463016554713,
        "median": 0.03759765625,
        "min": 0.00146484375,
        "var": 0.00131798512302
    },
    "barkbands": {
        "dmean": [0.000498691573739, 0.00545391719788, 0.00557921826839, 0.00112131959759, 0.0019680231344, 0.000825278868433, 0.00053357105935, 0.000546505267266, 0.000325112079736, 0.000203827818041, 0.00028240372194, 0.000190096310689, 0.000195392916794, 0.00021485031175, 0.000349093839759, 0.000418881623773, 0.000288127310341, 0.000200868133106, 0.000110195818706, 0.000103046368167, 5.6136144849e-05, 4.41203519586e-05, 4.53012144135e-05, 4.76107925351e-05, 0.000142670687637, 5.38343956578e-05, 6.90840306561e-06],
        "dmean2": [0.000549849239178, 0.0085250614211, 0.00960764847696, 0.00178102834616, 0.00317375105806, 0.00128306425177, 0.000822758825962, 0.0008209910593, 0.000491371145472, 0.000340184138622, 0.000472426356282, 0.000316328689223, 0.000338454876328, 0.000358866382157, 0.000532946083695, 0.000652178248856, 0.000449778337497, 0.000320708495565, 0.000181434646947, 0.000171278006746, 9.35446296353e-05, 7.26756843505e-05, 6.99811207596e-05, 7.39361203159e-05, 0.000229400466196, 8.41498040245e-05, 1.08601407192e-05],
        "dvar": [1.30834143874e-06, 0.000215231993934, 0.00038895351463, 1.18084581118e-05, 3.02932858176e-05, 2.43161139224e-06, 9.50867388383e-07, 1.20890365451e-06, 5.69912572246e-07, 7.98630082954e-07, 7.61795035942e-07, 4.56870026255e-07, 7.81788401127e-07, 7.90955368757e-07, 1.07838366148e-06, 1.93968139683e-06, 7.12505766387e-07, 4.86154760893e-07, 8.95767797715e-08, 2.03217510375e-07, 4.96249938919e-08, 2.10471444717e-08, 1.3606735294e-08, 1.24469874407e-08, 2.83705645643e-07, 3.29847296143e-08, 8.78423667139e-10],
        "dvar2": [1.70328689819e-06, 0.000527664611582, 0.00100427505095, 2.22144844884e-05, 8.3733444626e-05, 5.61814431421e-06, 2.22874018618e-06, 2.54984661296e-06, 1.27801911276e-06, 2.14235637941e-06, 2.03600825444e-06, 1.24827045056e-06, 2.14780880015e-06, 2.10549728763e-06, 2.12459099203e-06, 4.05955915994e-06, 1.53800499447e-06, 1.14484180358e-06, 2.33065065913e-07, 5.49332696664e-07, 1.30937664267e-07, 5.54950503329e-08, 3.27825873114e-08, 2.96786719645e-08, 7.03648709077e-07, 8.13382072806e-08, 2.09576600518e-09],
        "max": [0.0142552731559, 0.166518628597, 0.164538398385, 0.0661734715104, 0.0908481329679, 0.0281419809908, 0.0216232128441, 0.022433616221, 0.0151226045564, 0.0297432020307, 0.0205019898713, 0.0163840409368, 0.0169413294643, 0.0161095932126, 0.0241710264236, 0.0223882049322, 0.0139883710071, 0.0150456530973, 0.00568290799856, 0.0123333353549, 0.00413649482653, 0.00281638349406, 0.0018403272843, 0.0011712401174, 0.00811422709376, 0.00297766504809, 0.000707887287717],
        "mean": [0.00114405388013, 0.00968258362263, 0.00576155260205, 0.00178986578248, 0.00450108386576, 0.00262249773368, 0.00176474440377, 0.00131113757379, 0.00065547664417, 0.000272566947388, 0.000384846120141, 0.000265831302386, 0.000199518384761, 0.000294268800644, 0.000741347670555, 0.000667158863507, 0.000512476137374, 0.000301526102703, 0.000157754213433, 0.000123553501908, 6.8158544309e-05, 5.23664675711e-05, 5.69477961108e-05, 5.26444455318e-05, 0.000132702320116, 5.23970884387e-05, 7.3484893619e-06],
        "median": [2.16289881791e-05, 0.00480539351702, 0.000503002142068, 0.000460298673715, 0.00255919015035, 0.00101316487417, 0.000767058867496, 0.00041572979535, 0.000134471280035, 8.21648354759e-05, 0.000129337146063, 8.48424970172e-05, 5.15944047947e-05, 7.23495541024e-05, 0.000107011779619, 5.83806577197e-05, 8.3550796262e-05, 7.83461364335e-05, 4.23291967309e-05, 2.77286417258e-05, 1.38072055051e-05, 1.09922384581e-05, 1.22437322716e-05, 9.73372789304e-06, 7.44200906411e-06, 2.85696751234e-06, 9.47575458099e-08],
        "min": [1.13529412039e-18, 1.67218117704e-18, 1.08164453003e-18, 1.03758702945e-18, 2.33521896397e-18, 1.86765222759e-18, 1.34163939068e-18, 8.47020539545e-19, 5.59012587071e-19, 2.06874394456e-19, 2.7909908803e-19, 8.84552619069e-19, 1.66074685264e-18, 1.95029274067e-18, 1.6726053139e-18, 2.21651937325e-18, 5.82242631086e-18, 8.8829478416e-18, 2.60587804387e-18, 6.26505148382e-18, 9.40343304408e-18, 7.78269340215e-18, 1.80060874264e-17, 6.4438858643e-18, 2.16773532129e-17, 2.13701581857e-17, 1.67923355351e-17],
        "var": [5.99390068601e-06, 0.000279642234091, 0.000301927095279, 3.25556611642e-05, 5.11436155648e-05, 1.30726475618e-05, 6.2971148509e-06, 5.25971472598e-06, 1.59704165981e-06, 6.54952827972e-07, 6.96643951414e-07, 3.648970619e-07, 5.44955526038e-07, 8.53360290876e-07, 4.67442669105e-06, 4.48663195129e-06, 1.75733180185e-06, 6.53726146993e-07, 1.10936014153e-07, 1.749011318e-07, 4.49996520047e-08, 1.98758502989e-08, 1.68009623991e-08, 1.3685124145e-08, 2.74025268254e-07, 3.16266515199e-08, 1.00420760596e-09]
    },
    "erbbands": {
        "dmean": [0.202994331717, 1.14453732967, 5.79565191269, 4.2834649086, 4.23889875412, 8.11042976379, 8.86711502075, 5.61290311813, 6.99713611603, 11.0807313919, 11.2853708267, 8.24224758148, 6.10587882996, 6.86671876907, 10.387339592, 8.92823123932, 8.54416465759, 12.7810401917, 8.37036418915, 26.3839511871, 17.3857555389, 13.0814733505, 11.6332912445, 6.09904003143, 6.72901535034, 4.71830701828, 2.79334211349, 1.70608413219, 1.517598629, 1.54811835289, 1.26231694221, 1.0299268961, 0.741929531097, 0.798159301281, 1.63097763062, 0.327080816031, 0.0874373689294, 0.0151195442304, 0.00116855755914, 3.10152499878e-05],
        "dmean2": [0.320606440306, 1.84775650501, 9.74570083618, 6.80700778961, 6.61251974106, 13.1789979935, 14.2457475662, 8.81503486633, 10.8456583023, 16.5572929382, 16.6613197327, 12.3509044647, 10.0010900497, 11.6292572021, 17.4562625885, 14.6975021362, 14.5716915131, 21.7225646973, 13.4409255981, 40.9308357239, 27.4382190704, 20.9206199646, 18.348154068, 9.80731487274, 11.2765750885, 7.77105140686, 4.5997800827, 2.84238934517, 2.49564433098, 2.50275206566, 1.98731315136, 1.57037067413, 1.16036772728, 1.30246126652, 2.60401082039, 0.513007700443, 0.137284755707, 0.0231396891177, 0.00187974760775, 4.65252596769e-05],
        "dvar": [0.324799895287, 10.5089683533, 406.615844727, 134.937637329, 93.5367050171, 657.623046875, 596.38104248, 109.480834961, 224.48425293, 546.901977539, 541.846618652, 379.00479126, 408.734710693, 902.525390625, 1134.32751465, 1006.96807861, 1345.52856445, 3231.16796875, 652.099121094, 6231.47558594, 3249.42871094, 1343.34631348, 1454.44140625, 323.867370605, 787.296936035, 324.413391113, 89.1836547852, 64.810874939, 30.6697254181, 20.8817634583, 10.3854351044, 6.39873123169, 3.43288874626, 6.02752494812, 43.7189826965, 1.16213238239, 0.0849793553352, 0.00306254904717, 3.18618949677e-05, 9.55580592432e-09],
        "dvar2": [0.816033124924, 24.3755226135, 1027.63684082, 296.009246826, 211.508865356, 1816.99291992, 1589.26098633, 239.731399536, 461.456817627, 1181.48083496, 1023.36932373, 834.506896973, 1031.33166504, 2479.83227539, 3058.31518555, 2731.04321289, 3625.10791016, 8796.66015625, 1514.31591797, 13257.2783203, 7445.06396484, 3182.46191406, 3373.59033203, 815.018127441, 2119.33789062, 878.552490234, 227.443069458, 173.685714722, 80.793548584, 55.2489318848, 25.6809844971, 14.9613618851, 8.49434661865, 15.418838501, 107.316169739, 2.83490180969, 0.203964680433, 0.00686393259093, 7.97613247414e-05, 2.2542879563e-08],
        "max": [5.64428806305, 36.9391441345, 178.880325317, 122.91027832, 151.332687378, 513.810974121, 371.12020874, 250.98147583, 354.460571289, 563.538513184, 451.000701904, 400.781555176, 674.965759277, 1101.50842285, 1004.14068604, 780.51385498, 824.107421875, 956.515441895, 772.175720215, 1707.68347168, 880.427429199, 595.849731445, 751.601318359, 292.859283447, 953.577758789, 369.501434326, 159.91178894, 156.035751343, 114.968544006, 71.2270507812, 53.7030334473, 30.5056667328, 23.9922828674, 36.3273391724, 104.594696045, 16.9584140778, 4.23228883743, 0.965115308762, 0.1760340482, 0.00270863599144],
        "mean": [0.321719765663, 2.01470255852, 6.54377937317, 6.34594106674, 8.00032997131, 17.7924346924, 20.7876358032, 18.3530464172, 23.3307228088, 33.8496665955, 27.9703655243, 18.5136566162, 9.17312431335, 9.04982471466, 14.4871559143, 13.3275165558, 9.70599842072, 17.4069042206, 15.6454219818, 62.1279792786, 28.3004379272, 22.8440589905, 19.8399410248, 9.37536430359, 8.71957397461, 5.98237276077, 3.71185135841, 2.05231976509, 1.81480884552, 1.93521606922, 1.49296569824, 1.13894999027, 0.809555709362, 0.768187403679, 1.50179481506, 0.312405139208, 0.0898694396019, 0.0164840854704, 0.00118401879445, 6.02827421972e-05],
        "median": [0.117450200021, 0.700600445271, 0.873315393925, 1.5519156456, 4.40560626984, 8.04302692413, 7.82003831863, 7.09769392014, 10.1227226257, 9.16506290436, 11.8733673096, 4.50614929199, 3.79055142403, 3.81660819054, 5.41994905472, 4.67085838318, 3.27828598022, 4.63238477707, 3.44597649574, 7.40665912628, 4.18029928207, 4.12343454361, 5.26681280136, 3.0460858345, 1.87495923042, 1.45423185825, 0.822582066059, 0.418844819069, 0.368603676558, 0.44884955883, 0.328111201525, 0.240504190326, 0.120473891497, 0.0755970776081, 0.0567760057747, 0.0187540985644, 0.00399682158604, 0.000502986542415, 3.51163726009e-05, 3.54249568773e-05],
        "min": [6.09357421314e-17, 3.40515873944e-16, 1.11737833545e-15, 2.62176877735e-15, 5.03201309898e-15, 8.32548090933e-15, 1.21710299716e-14, 1.60078452772e-14, 1.88803643943e-14, 1.96837768388e-14, 1.76675131637e-14, 1.30430317561e-14, 8.03421846602e-15, 7.27486782837e-15, 1.69899765914e-14, 4.08239319628e-14, 7.34565606584e-14, 9.71934867116e-14, 9.55835684582e-14, 8.95221058199e-14, 1.574251119e-13, 3.44289077499e-13, 4.81101053093e-13, 3.06047342417e-13, 6.84146681906e-14, 2.99118640013e-13, 4.72628284166e-13, 3.11174968171e-13, 3.45469339984e-13, 1.81706944413e-13, 6.18668961547e-13, 1.9923118873e-13, 1.41697322821e-13, 3.18371631142e-13, 9.65717238707e-14, 8.6004608383e-14, 4.37821979192e-14, 9.44306126214e-15, 3.85637837852e-15, 1.47842837915e-16],
        "var": [0.398708581924, 13.7033586502, 330.519592285, 225.774765015, 182.692382812, 1229.69848633, 1149.87841797, 786.350769043, 1605.37084961, 3314.99536133, 2403.32470703, 1157.87353516, 423.585510254, 670.571899414, 1019.97796631, 833.087890625, 995.220397949, 3059.52075195, 2112.98657227, 29680.3769531, 6003.93505859, 2772.86767578, 2365.18286133, 389.665618896, 808.12902832, 294.249328613, 94.8582839966, 53.2050704956, 28.6572875977, 20.5985164642, 11.7719373703, 7.04080915451, 3.6608145237, 5.4262804985, 42.7469215393, 1.11495661736, 0.0908943638206, 0.00377006852068, 3.03649267153e-05, 1.17030749536e-08]
    },
    "gfcc": {
        "mean": [-47.6416740417, 110.616294861, -103.269500732, 24.8649082184, -48.9552879333, 2.63604354858, -46.842338562, 9.35344791412, -19.0887317657, 1.12349557877, -12.2143936157, 1.16816353798, -9.90892601013],
        "cov": [[19577.2011719, -370.074829102, 392.44241333, 345.61831665, 17.2757854462, 865.226196289, -291.769958496, 732.154663086, -90.331161499, 564.860046387, -298.441925049, 262.684204102, -425.89151001], [-370.074829102, 2453.35131836, -191.015884399, -201.618347168, 335.689910889, -104.925247192, 282.460357666, -62.9340133667, 503.191497803, -219.099182129, 281.720703125, -174.702133179, 282.65737915], [392.44241333, -191.015884399, 1102.38476562, 124.474342346, 15.4610023499, 432.854644775, 173.720184326, 125.862411499, -15.4303674698, 127.7006073, -43.0012207031, 131.515304565, -56.3339653015], [345.61831665, -201.618347168, 124.474342346, 492.414031982, 168.697937012, 63.1256027222, 89.4127578735, 109.598548889, 1.77124345303, 59.9759025574, -5.83230876923, 10.3543176651, 0.172315225005], [17.2757854462, 335.689910889, 15.4610023499, 168.697937012, 509.644592285, 16.861579895, 90.2307510376, 129.713302612, 205.389144897, 65.9517822266, 74.1122207642, -19.2735042572, 74.8404541016], [865.226196289, -104.925247192, 432.854644775, 63.1256027222, 16.861579895, 379.597412109, 33.9589500427, 80.2255172729, 27.3108730316, 98.6572113037, -15.1716918945, 83.5682067871, -33.9340171814], [-291.769958496, 282.460357666, 173.720184326, 89.4127578735, 90.2307510376, 33.9589500427, 275.659301758, 78.3343505859, 89.1154937744, 24.2432136536, 57.6427574158, 3.9343726635, 68.2842559814], [732.154663086, -62.9340133667, 125.862411499, 109.598548889, 129.713302612, 80.2255172729, 78.3343505859, 223.778884888, 92.8827819824, 90.7111053467, -6.2628531456, 27.1168422699, 7.9838104248], [-90.331161499, 503.191497803, -15.4303674698, 1.77124345303, 205.389144897, 27.3108730316, 89.1154937744, 92.8827819824, 294.060546875, 52.7371902466, 80.8104858398, -24.5217208862, 91.2910995483], [564.860046387, -219.099182129, 127.7006073, 59.9759025574, 65.9517822266, 98.6572113037, 24.2432136536, 90.7111053467, 52.7371902466, 189.819396973, 35.2167396545, 72.3049163818, -4.04186487198], [-298.441925049, 281.720703125, -43.0012207031, -5.83230876923, 74.1122207642, -15.1716918945, 57.6427574158, -6.2628531456, 80.8104858398, 35.2167396545, 149.419876099, 43.0428848267, 70.1469116211], [262.684204102, -174.702133179, 131.515304565, 10.3543176651, -19.2735042572, 83.5682067871, 3.9343726635, 27.1168422699, -24.5217208862, 72.3049163818, 43.0428848267, 126.459236145, 22.1059875488], [-425.89151001, 282.65737915, -56.3339653015, 0.172315225005, 74.8404541016, -33.9340171814, 68.2842559814, 7.9838104248, 91.2910995483, -4.04186487198, 70.1469116211, 22.1059875488, 150.333740234]],
        "icov": [[0.000107381398266, -0.000279720203253, 0.000165327757713, -9.52154732659e-05, 5.21297442901e-05, -0.000169340928551, 0.000175110442797, -0.000393623107811, 0.000365989748389, -0.000509232049808, 0.000552128592972, -0.000460674549686, 0.000343562074704], [-0.000279720203253, 0.00236359192058, -0.000625506334472, 0.000785196956713, -0.000340236205375, -7.37940354156e-05, -0.00105018436443, 0.00139064493123, -0.00278554274701, 0.00361003400758, -0.00399786047637, 0.0032238936983, -0.00173590588383], [0.000165327757713, -0.000625506334472, 0.00242533138953, -0.000162842698046, -9.3217844551e-05, -0.00213075242937, -0.00125420314725, -0.000410434353398, 0.000934710900765, -0.00101386953611, 0.00227414886467, -0.0024561858736, 0.00141555769369], [-9.52154732659e-05, 0.000785196956713, -0.000162842698046, 0.00303543964401, -0.00114642840344, -0.000333417672664, -0.00106126896571, -0.000366823747754, 0.000421857024776, 0.000712011475116, -0.00117184745613, 0.00156241748482, -0.000733563967515], [5.21297442901e-05, -0.000340236205375, -9.3217844551e-05, -0.00114642840344, 0.00351186399348, 0.000221982700168, 0.000664911756758, -0.00127186661121, -0.00123387202621, -0.000755148183089, -0.000576215214096, 0.00069113005884, -0.00028268006281], [-0.000169340928551, -7.37940354156e-05, -0.00213075242937, -0.000333417672664, 0.000221982700168, 0.00609359377995, 0.000665273459163, 0.000433604669524, -0.00157985836267, -0.000484618998598, 0.000638487341348, -0.00198986777104, 0.000741729221772], [0.000175110442797, -0.00105018436443, -0.00125420314725, -0.00106126896571, 0.000664911756758, 0.000665273459163, 0.00682205753401, -0.00271384860389, 0.00116592587437, -0.0013424922945, -0.000999070354737, 0.0012198962504, -0.00159086228814], [-0.000393623107811, 0.00139064493123, -0.000410434353398, -0.000366823747754, -0.00127186661121, 0.000433604669524, -0.00271384860389, 0.00991822499782, -0.00431242072955, 0.000204353200388, 0.00120016164146, -0.000638243858702, -0.000288112758426], [0.000365989748389, -0.00278554274701, 0.000934710900765, 0.000421857024776, -0.00123387202621, -0.00157985836267, 0.00116592587437, -0.00431242072955, 0.0116537595168, -0.00607652636245, 0.00149917742237, 0.00163266505115, -0.00159872428048], [-0.000509232049808, 0.00361003400758, -0.00101386953611, 0.000712011475116, -0.000755148183089, -0.000484618998598, -0.0013424922945, 0.000204353200388, -0.00607652636245, 0.0150470519438, -0.00740890670568, 1.86947727343e-05, -0.000196619992494], [0.000552128592972, -0.00399786047637, 0.00227414886467, -0.00117184745613, -0.000576215214096, 0.000638487341348, -0.000999070354737, 0.00120016164146, 0.00149917742237, -0.00740890670568, 0.0202992893755, -0.0124067999423, 0.00199848483317], [-0.000460674549686, 0.0032238936983, -0.0024561858736, 0.00156241748482, 0.00069113005884, -0.00198986777104, 0.0012198962504, -0.000638243858702, 0.00163266505115, 1.86947727343e-05, -0.0124067999423, 0.0232297573239, -0.00821993593127], [0.000343562074704, -0.00173590588383, 0.00141555769369, -0.000733563967515, -0.00028268006281, 0.000741729221772, -0.00159086228814, -0.000288112758426, -0.00159872428048, -0.000196619992494, 0.00199848483317, -0.00821993593127, 0.0137081062421]]
    },
    "melbands": {
        "dmean": [0.0016292326618, 0.00227673980407, 0.000763055926654, 0.000406072358601, 0.00033443007851, 0.000138876755955, 0.000104537823063, 0.000118084681162, 8.91620948096e-05, 4.68224461656e-05, 3.02402040688e-05, 2.68723597401e-05, 3.98481060984e-05, 2.27948603424e-05, 1.90802456927e-05, 2.12257436942e-05, 2.43695594691e-05, 1.2327949662e-05, 2.29343331739e-05, 4.02060031774e-05, 1.80207571248e-05, 1.47490891322e-05, 1.22566743812e-05, 1.27647736008e-05, 3.99585769628e-06, 4.49199251307e-06, 5.04126001033e-06, 2.79629603028e-06, 2.0020820557e-06, 1.11851727524e-06, 9.859926422e-07, 7.75036369305e-07, 1.05097581127e-06, 8.13545227629e-07, 6.97807536199e-07, 8.49140292303e-07, 5.41135932508e-07, 5.00285523231e-07, 5.35546746505e-07, 6.23760854523e-07],
        "dmean2": [0.00254140538163, 0.00352180330083, 0.0011932849884, 0.000658486562315, 0.00053794879932, 0.000215255480725, 0.000161688105436, 0.000177858310053, 0.000131318214699, 7.09009691491e-05, 4.96775392094e-05, 4.56027773907e-05, 6.64978579152e-05, 3.82774233003e-05, 3.17019548675e-05, 3.71287060261e-05, 4.10491375078e-05, 2.00755603146e-05, 3.50171576429e-05, 6.2482773501e-05, 2.89571144094e-05, 2.37203403231e-05, 1.89877464436e-05, 2.02386036108e-05, 6.49912544759e-06, 7.52283312977e-06, 8.44077385409e-06, 4.60787714474e-06, 3.30509760715e-06, 1.8999214717e-06, 1.64913831213e-06, 1.26497764086e-06, 1.77241702204e-06, 1.2911060594e-06, 1.13211478947e-06, 1.33641106004e-06, 8.29369525945e-07, 7.83583232078e-07, 8.72731163781e-07, 1.0452774859e-06],
        "dvar": [2.02374922083e-05, 5.23864509887e-05, 3.83946689908e-06, 1.27761961721e-06, 8.62452225192e-07, 6.54861835869e-08, 4.49321611029e-08, 6.14994917214e-08, 3.16740376149e-08, 1.22985515105e-08, 1.02683790359e-08, 1.67004348128e-08, 1.51036267937e-08, 6.61632615362e-09, 3.99656441274e-09, 1.04183763838e-08, 1.12084492798e-08, 1.58142932083e-09, 4.68839500556e-09, 1.60376387726e-08, 3.61166208052e-09, 1.74902892169e-09, 1.5668505382e-09, 2.61255350686e-09, 1.42487605048e-10, 1.83236231743e-10, 6.88222312473e-10, 1.10508040219e-10, 4.07670841529e-11, 2.33148916839e-11, 1.97947231523e-11, 7.26074018617e-12, 1.24541202004e-11, 5.44237268099e-12, 3.45440885098e-12, 4.56546909652e-12, 1.81552451024e-12, 1.50131632386e-12, 2.1161460171e-12, 3.7612708087e-12],
        "dvar2": [5.14122148161e-05, 0.000125361941173, 8.19170782052e-06, 3.40817382494e-06, 2.36379605667e-06, 1.39289696222e-07, 9.45377678363e-08, 1.35404818025e-07, 6.06036465456e-08, 2.78070437787e-08, 2.59364973942e-08, 4.5894026357e-08, 4.0348940189e-08, 1.81341910377e-08, 1.05697743891e-08, 2.89121473429e-08, 3.01558920057e-08, 3.71256470011e-09, 9.51794465465e-09, 3.26161853081e-08, 8.5216900203e-09, 4.10588896216e-09, 3.44391049012e-09, 6.12831740909e-09, 3.73966690947e-10, 4.87048346098e-10, 1.86412418834e-09, 3.00782093676e-10, 1.04132195922e-10, 6.30593285922e-11, 5.28035185021e-11, 1.84498336747e-11, 3.41645253754e-11, 1.37599983491e-11, 8.84444427418e-12, 1.07219727888e-11, 4.24575609045e-12, 3.61958163095e-12, 5.52533756595e-12, 9.71541510436e-12],
        "max": [0.0497611500323, 0.0711257979274, 0.0224856268615, 0.0209329240024, 0.0131758861244, 0.00635986682028, 0.00483822776005, 0.00596916954964, 0.00329741090536, 0.00224169250578, 0.00330835790373, 0.00487715378404, 0.00291546829976, 0.00186741666403, 0.00154351268429, 0.00176710507367, 0.00191631447524, 0.00116851390339, 0.00169454771094, 0.00209101568907, 0.00116378674284, 0.000656967808027, 0.000715741771273, 0.00116399175022, 0.000200372960535, 0.000316678982927, 0.000928889145143, 0.000233209022554, 0.000105957522464, 8.98100042832e-05, 8.89142684173e-05, 5.62562963751e-05, 6.47885754006e-05, 3.51871130988e-05, 3.25877808791e-05, 3.02061507682e-05, 1.79820035555e-05, 1.51041422214e-05, 2.16128883039e-05, 2.86507056444e-05],
        "mean": [0.00276662246324, 0.00321164052002, 0.00117215409409, 0.000879215018358, 0.000789399608038, 0.000459726928966, 0.000359931000276, 0.000343333871569, 0.000216177271795, 9.69822067418e-05, 4.24037789344e-05, 3.44054569723e-05, 5.43560818187e-05, 3.22835912812e-05, 2.4665343517e-05, 2.26868360187e-05, 3.34724027198e-05, 2.03121453524e-05, 5.08109806105e-05, 8.50122669362e-05, 2.45503888436e-05, 2.40422923525e-05, 2.16615735553e-05, 1.82099956874e-05, 5.70015481571e-06, 6.19923184786e-06, 5.63461117054e-06, 3.59186856258e-06, 2.61734044216e-06, 1.32612024117e-06, 1.16131786854e-06, 9.5291238722e-07, 1.11549309167e-06, 1.07316589038e-06, 8.19708361632e-07, 9.15362875276e-07, 5.92208721173e-07, 5.42495286027e-07, 5.61599279081e-07, 5.62572381568e-07],
        "median": [0.00153754977509, 0.000861513486598, 0.000378828553949, 0.000476948654978, 0.000351652299287, 0.000176707850187, 0.000167740668985, 8.99844017113e-05, 7.88917095633e-05, 2.2412819817e-05, 1.30813077703e-05, 1.30662619995e-05, 1.82522708201e-05, 1.08899412226e-05, 8.69717132446e-06, 5.99630175202e-06, 7.77818604547e-06, 3.99774353355e-06, 7.33348178983e-06, 8.03680995887e-06, 3.89192064176e-06, 4.11028258895e-06, 3.80402366318e-06, 3.77795504392e-06, 1.66284644365e-06, 1.43523368479e-06, 8.67148060024e-07, 8.3772903281e-07, 4.95139204304e-07, 2.62201723444e-07, 1.93761565015e-07, 1.71285677197e-07, 2.4624461048e-07, 2.27068639447e-07, 1.8264822188e-07, 1.70190745052e-07, 1.22741710129e-07, 8.03811772698e-08, 6.91510351203e-08, 5.88023532089e-08],
        "min": [5.61472053526e-19, 5.47443535627e-19, 5.19728694107e-19, 4.80430428879e-19, 4.24754918101e-19, 3.60893938173e-19, 2.87257880604e-19, 2.09881583724e-19, 1.37743950909e-19, 7.70198272729e-20, 3.82666643752e-20, 2.72322914925e-20, 4.55814677685e-20, 8.69843745115e-20, 1.36158284449e-19, 1.73680334408e-19, 1.81389205352e-19, 1.56881588637e-19, 1.22867766752e-19, 1.23163251177e-19, 1.9599165735e-19, 3.29691651492e-19, 4.41087857789e-19, 4.18417292892e-19, 2.40582430933e-19, 5.31245697796e-20, 5.64739985633e-20, 2.34905567937e-19, 3.23783850009e-19, 2.18145415311e-19, 1.7040053743e-19, 2.2217184619e-19, 1.02008772632e-19, 1.03834134062e-19, 3.88511275778e-19, 2.62473636597e-19, 7.65786492008e-20, 7.38482875574e-20, 2.01229287441e-19, 2.86048258205e-19],
        "var": [2.48939995799e-05, 5.3606567235e-05, 6.71115913065e-06, 2.35050833908e-06, 1.53441442308e-06, 4.91635887556e-07, 3.19776347624e-07, 3.27313642856e-07, 1.39136361099e-07, 3.43894939192e-08, 1.05470379097e-08, 1.23315242462e-08, 1.38216034173e-08, 5.18629894586e-09, 3.26450244614e-09, 7.16024661784e-09, 1.19028662482e-08, 4.79963935263e-09, 2.20836184894e-08, 5.47877796464e-08, 6.01134964029e-09, 3.68942165707e-09, 3.90825283247e-09, 3.3248095388e-09, 1.56849089272e-10, 2.17955584136e-10, 6.33456676002e-10, 1.00973618355e-10, 4.44455548754e-11, 2.01718104026e-11, 1.7024772217e-11, 7.6733472007e-12, 1.000834398e-11, 6.18921060236e-12, 3.62386488005e-12, 5.20106614027e-12, 1.94377955572e-12, 1.68786349914e-12, 1.99079706713e-12, 3.16306269371e-12]
    },
    "mfcc": {
        "mean": [-693.00793457, 144.698776245, 5.81659555435, 24.2539386749, 14.2698860168, -3.08404612541, -8.98200035095, 1.89029335976, -5.55684709549, 0.285381108522, -2.43057751656, 0.343039482832, 3.29019188881],
        "cov": [[10173.7802734, -42.5797348022, 112.615913391, 470.965026855, 275.697937012, 181.868804932, 199.895568848, 102.759216309, 64.0874328613, 60.403175354, 76.4378509521, 171.738983154, 164.815216064], [-42.5797348022, 2373.53222656, -52.9108085632, 32.295539856, 152.740600586, 9.69257068634, -40.7553634644, 165.464645386, 154.110214233, 137.733917236, 40.1114654541, 14.9786949158, 101.966369629], [112.615913391, -52.9108085632, 954.780883789, -99.2082901001, -42.3028907776, 272.151519775, 139.825469971, 154.453659058, 75.9203262329, -10.4977350235, 120.647491455, 28.6993293762, -16.0823898315], [470.965026855, 32.295539856, -99.2082901001, 478.19052124, 113.597740173, 25.1968669891, 112.145233154, 56.6638908386, 83.711265564, 90.6737289429, 32.1581497192, 68.8251266479, 52.5111732483], [275.697937012, 152.740600586, -42.3028907776, 113.597740173, 368.657165527, 87.5492324829, 16.6274166107, 61.1435890198, 83.9393768311, 102.05128479, 55.6298751831, 50.478099823, 74.594909668], [181.868804932, 9.69257068634, 272.151519775, 25.1968669891, 87.5492324829, 233.579376221, 91.2989425659, 68.4409561157, 49.1464881897, 24.3820114136, 70.4479293823, 47.5212059021, 23.2262821198], [199.895568848, -40.7553634644, 139.825469971, 112.145233154, 16.6274166107, 91.2989425659, 176.660293579, 70.5009841919, 40.1306991577, 16.8675251007, 31.551525116, 47.5374412537, 34.811832428], [102.759216309, 165.464645386, 154.453659058, 56.6638908386, 61.1435890198, 68.4409561157, 70.5009841919, 142.516021729, 93.0468673706, 46.2057342529, 40.6358108521, 33.8544235229, 31.7078399658], [64.0874328613, 154.110214233, 75.9203262329, 83.711265564, 83.9393768311, 49.1464881897, 40.1306991577, 93.0468673706, 197.954376221, 117.588409424, 61.7337875366, 24.3377742767, 38.7153167725], [60.403175354, 137.733917236, -10.4977350235, 90.6737289429, 102.05128479, 24.3820114136, 16.8675251007, 46.2057342529, 117.588409424, 160.042556763, 79.5533905029, 25.6489849091, 38.3122558594], [76.4378509521, 40.1114654541, 120.647491455, 32.1581497192, 55.6298751831, 70.4479293823, 31.551525116, 40.6358108521, 61.7337875366, 79.5533905029, 141.936447144, 62.6754684448, 16.9503555298], [171.738983154, 14.9786949158, 28.6993293762, 68.8251266479, 50.478099823, 47.5212059021, 47.5374412537, 33.8544235229, 24.3377742767, 25.6489849091, 62.6754684448, 104.019012451, 49.2678222656], [164.815216064, 101.966369629, -16.0823898315, 52.5111732483, 74.594909668, 23.2262821198, 34.811832428, 31.7078399658, 38.7153167725, 38.3122558594, 16.9503555298, 49.2678222656, 111.024909973]],
