{
"lowlevel": {
    "average_loudness": 0.951126933098,
    "barkbands_crest": {
        "dmean": 3.24418854713,
        "dmean2": 5.25832891464,
        "dvar": 11.6295261383,
        "dvar2": 29.2350006104,
        "max": 26.5607814789,
        "mean": 11.5075483322,
        "median": 10.5893697739,
        "min": 2.69470381737,
        "var": 26.8398590088
    },
    "barkbands_flatness_db": {
        "dmean": 0.0362707860768,
        "dmean2": 0.0558625198901,
        "dvar": 0.00173282483593,
        "dvar2": 0.00407350808382,
        "max": 0.503441154957,
        "mean": 0.179008513689,
        "median": 0.165224790573,
        "min": 0.0351756438613,
        "var": 0.00708756037056
    },
    "barkbands_kurtosis": {
        "dmean": 5.47780990601,
        "dmean2": 8.8003320694,
        "dvar": 139.867736816,
        "dvar2": 323.727600098,
        "max": 346.516235352,
        "mean": 6.79812669754,
        "median": 2.34022140503,
        "min": -1.90896654129,
        "var": 278.109161377
    },
    "barkbands_skewness": {
        "dmean": 0.798661053181,
        "dmean2": 1.23261666298,
        "dvar": 0.962621808052,
        "dvar2": 2.3504254818,
        "max": 10.8443489075,
        "mean": 1.45535969734,
        "median": 1.28683996201,
        "min": -11.0606660843,
        "var": 2.45617723465
    },
    "barkbands_spread": {
        "dmean": 5.95916366577,
        "dmean2": 9.22683429718,
        "dvar": 52.1445083618,
        "dvar2": 120.189537048,
        "max": 74.1759872437,
        "mean": 17.0709266663,
        "median": 14.4129581451,
        "min": 0.115725003183,
        "var": 161.66885376
    },
    "dissonance": {
        "dmean": 0.0292511489242,
        "dmean2": 0.048296969384,
        "dvar": 0.000972928421106,
        "dvar2": 0.0024814105127,
        "max": 0.499999910593,
        "mean": 0.438782244921,
        "median": 0.453440904617,
        "min": 0.123429581523,
        "var": 0.00268645538017
    },
    "dynamic_complexity": 3.94665789604,
    "erbbands_crest": {
        "dmean": 2.80831408501,
        "dmean2": 4.35928297043,
        "dvar": 9.55823993683,
        "dvar2": 19.6660671234,
        "max": 33.0033187866,
        "mean": 12.1406650543,
        "median": 10.2090959549,
        "min": 2.30255317688,
        "var": 47.4860496521
    },
    "erbbands_flatness_db": {
        "dmean": 0.0242377202958,
        "dmean2": 0.0340498797596,
        "dvar": 0.000872923759744,
        "dvar2": 0.00157647451852,
        "max": 0.525458157063,
        "mean": 0.205904573202,
        "median": 0.188769355416,
        "min": 0.0690650939941,
        "var": 0.00754595035687
    },
    "erbbands_kurtosis": {
        "dmean": 2.51893806458,
        "dmean2": 3.82198190689,
        "dvar": 34.855255127,
        "dvar2": 72.3361663818,
        "max": 136.419418335,
        "mean": 3.53233146667,
        "median": 0.67135310173,
        "min": -1.73424422741,
        "var": 98.1418685913
    },
    "erbbands_skewness": {
        "dmean": 0.491196721792,
        "dmean2": 0.723632097244,
        "dvar": 0.353031486273,
        "dvar2": 0.664719581604,
        "max": 8.55370330811,
        "mean": 0.681551754475,
        "median": 0.583749890327,
        "min": -6.40232086182,
        "var": 1.58633363247
    },
    "erbbands_spread": {
        "dmean": 7.71523046494,
        "dmean2": 11.5199680328,
        "dvar": 78.7792892456,
        "dvar2": 164.105285645,
        "max": 129.258071899,
        "mean": 31.2290878296,
        "median": 26.5084877014,
        "min": 0.358093380928,
        "var": 496.790740967
    },
    "hfc": {
        "dmean": 8.13216590881,
        "dmean2": 12.4358530045,
        "dvar": 191.973358154,
        "dvar2": 495.583648682,
        "max": 124.633895874,
        "mean": 17.8953495026,
        "median": 14.1999139786,
        "min": 2.90929058622e-10,
        "var": 273.498352051
    },
    "melbands_crest": {
        "dmean": 4.01532363892,
        "dmean2": 6.52920103073,
        "dvar": 20.9737186432,
        "dvar2": 47.4084815979,
        "max": 36.5552902222,
        "mean": 15.3773069382,
        "median": 14.1258592606,
        "min": 2.22947692871,
        "var": 42.7156600952
    },
    "melbands_flatness_db": {
        "dmean": 0.0436544343829,
        "dmean2": 0.0671114176512,
        "dvar": 0.00272445334122,
        "dvar2": 0.00652069505304,
        "max": 0.557322800159,
        "mean": 0.233727931976,
        "median": 0.227218151093,
        "min": 0.0148261729628,
        "var": 0.0100777009502
    },
    "melbands_kurtosis": {
        "dmean": 10.2951011658,
        "dmean2": 16.9507026672,
        "dvar": 381.056488037,
        "dvar2": 993.299865723,
        "max": 239.32131958,
        "mean": 13.7408151627,
        "median": 6.00299453735,
        "min": -1.94246208668,
        "var": 484.621307373
    },
    "melbands_skewness": {
        "dmean": 0.997283637524,
        "dmean2": 1.55472457409,
        "dvar": 1.5810251236,
        "dvar2": 3.95642256737,
        "max": 12.0974750519,
        "mean": 2.22179818153,
        "median": 1.88316404819,
        "min": -9.18498802185,
        "var": 3.72390770912
    },
    "melbands_spread": {
        "dmean": 7.77230501175,
        "dmean2": 12.0768823624,
        "dvar": 102.621520996,
        "dvar2": 224.735397339,
        "max": 170.700820923,
        "mean": 21.2946910858,
        "median": 16.0958442688,
        "min": 0.436805516481,
        "var": 447.250427246
    },
    "pitch_salience": {
        "dmean": 0.0961999297142,
        "dmean2": 0.157344654202,
        "dvar": 0.0119746578857,
        "dvar2": 0.0306989755481,
        "max": 0.902637958527,
        "mean": 0.50928235054,
        "median": 0.509140431881,
        "min": 0.0812344774604,
        "var": 0.0198267176747
    },
    "silence_rate_20dB": {
        "dmean": 0,
        "dmean2": 0,
        "dvar": 0,
        "dvar2": 0,
        "max": 1,
        "mean": 1,
        "median": 1,
        "min": 1,
        "var": 0
    },
    "silence_rate_30dB": {
        "dmean": 0.0250263437629,
        "dmean2": 0.0500592812896,
        "dvar": 0.024399517104,
        "dvar2": 0.0694186985493,
        "max": 1,
        "mean": 0.985908091068,
        "median": 1,
        "min": 0,
        "var": 0.0138931646943
    },
    "silence_rate_60dB": {
        "dmean": 0.0400421507657,
        "dmean2": 0.0799631178379,
        "dvar": 0.0384403802454,
        "dvar2": 0.0801651701331,
        "max": 1,
        "mean": 0.115632817149,
        "median": 0,
        "min": 0,
        "var": 0.102258503437
    },
    "spectral_centroid": {
        "dmean": 275.910400391,
        "dmean2": 426.623962402,
        "dvar": 132421.78125,
        "dvar2": 297005.15625,
        "max": 4334.16064453,
        "mean": 1132.72802734,
        "median": 904.110961914,
        "min": 141.467575073,
        "var": 609709.5625
    },
    "spectral_complexity": {
        "dmean": 4.04768180847,
        "dmean2": 6.19812917709,
        "dvar": 31.097076416,
        "dvar2": 70.1410522461,
        "max": 51,
        "mean": 13.3526935577,
        "median": 13,
        "min": 0,
        "var": 69.1011962891
    },
    "spectral_decrease": {
        "dmean": 3.94162125161e-09,
        "dmean2": 5.8145657178e-09,
        "dvar": 3.9209529014e-17,
        "dvar2": 9.24426744692e-17,
        "max": -1.26286498165e-21,
        "mean": -7.38810435053e-09,
        "median": -5.48656453603e-09,
        "min": -4.90349201243e-08,
        "var": 5.67924540001e-17
    },
    "spectral_energy": {
        "dmean": 0.0152993425727,
        "dmean2": 0.0222176853567,
        "dvar": 0.000562371278647,
        "dvar2": 0.0013081060024,
        "max": 0.188154175878,
        "mean": 0.0295074954629,
        "median": 0.0221120417118,
        "min": 3.11544613349e-14,
        "var": 0.000861245091073
    },
    "spectral_energyband_high": {
        "dmean": 0.000491547165439,
        "dmean2": 0.000845940841828,
        "dvar": 1.35875643537e-06,
        "dvar2": 3.76667003366e-06,
        "max": 0.0120091661811,
        "mean": 0.000677549047396,
        "median": 0.00014377887419,
        "min": 2.24236590667e-14,
        "var": 1.44339799135e-06
    },
    "spectral_energyband_low": {
        "dmean": 0.00978781841695,
        "dmean2": 0.0165327209979,
        "dvar": 0.000452191918157,
        "dvar2": 0.00120892084669,
        "max": 0.169977426529,
        "mean": 0.0118890265003,
        "median": 0.00602286076173,
        "min": 9.77603076074e-16,
        "var": 0.000401222263463
    },
    "spectral_energyband_middle_high": {
        "dmean": 0.00288718403317,
        "dmean2": 0.0048164143227,
        "dvar": 3.75770832761e-05,
        "dvar2": 9.86324230325e-05,
        "max": 0.0831439867616,
        "mean": 0.00497391540557,
        "median": 0.00268045440316,
        "min": 5.64333244713e-15,
        "var": 5.48804200662e-05
    },
    "spectral_energyband_middle_low": {
        "dmean": 0.00951168779284,
        "dmean2": 0.0147768687457,
        "dvar": 0.000318655133015,
        "dvar2": 0.000784802541602,
        "max": 0.132907256484,
        "mean": 0.0152273671702,
        "median": 0.0092142065987,
        "min": 1.48966720934e-15,
        "var": 0.000353228504537
    },
    "spectral_entropy": {
        "dmean": 0.303587168455,
        "dmean2": 0.460839867592,
        "dvar": 0.1382150352,
        "dvar2": 0.300416558981,
        "max": 8.77621459961,
        "mean": 7.20379447937,
        "median": 7.28489017487,
        "min": 4.64049386978,
        "var": 0.551322579384
    },
    "spectral_flux": {
        "dmean": 0.0412167496979,
        "dmean2": 0.0571416057646,
        "dvar": 0.00232664030045,
        "dvar2": 0.00455189868808,
        "max": 0.397289782763,
        "mean": 0.0849080681801,
        "median": 0.057466737926,
        "min": 2.38051302404e-06,
        "var": 0.00583360157907
    },
    "spectral_kurtosis": {
        "dmean": 4.59761238098,
        "dmean2": 7.50336027145,
        "dvar": 91.9764480591,
        "dvar2": 217.48500061,
        "max": 185.963272095,
        "mean": 9.71388626099,
        "median": 4.21277999878,
        "min": -0.156182289124,
        "var": 283.514465332
    },
    "spectral_rms": {
        "dmean": 0.00117614015471,
        "dmean2": 0.00156529946253,
        "dvar": 2.16001421904e-06,
        "dvar2": 4.41178053734e-06,
        "max": 0.0135486181825,
        "mean": 0.00473067257553,
        "median": 0.00464464444667,
        "min": 5.51312950847e-09,
        "var": 6.40865073365e-06
    },
    "spectral_rolloff": {
        "dmean": 518.072509766,
        "dmean2": 861.510925293,
        "dvar": 831416.875,
        "dvar2": 1835748.25,
        "max": 17269.6289062,
        "mean": 1495.49072266,
        "median": 925.927734375,
        "min": 86.1328125,
        "var": 3446784.25
    },
    "spectral_skewness": {
        "dmean": 0.443391501904,
        "dmean2": 0.706060647964,
        "dvar": 0.408679544926,
        "dvar2": 0.957596957684,
        "max": 11.443321228,
        "mean": 2.06287884712,
        "median": 1.67586505413,
        "min": 0.175923734903,
        "var": 1.62907636166
    },
    "spectral_spread": {
        "dmean": 643946.8125,
        "dmean2": 980560.1875,
        "dvar": 573404872704,
        "dvar2": 1.15567964979e+12,
        "max": 16233395,
        "mean": 4389039.5,
        "median": 4348026,
        "min": 438317.25,
        "var": 3.53334512845e+12
    },
    "spectral_strongpeak": {
        "dmean": 0.619167804718,
        "dmean2": 1.02504384518,
        "dvar": 1.06961047649,
        "dvar2": 2.57076334953,
        "max": 15.9629993439,
        "mean": 1.27015542984,
        "median": 0.714255809784,
        "min": 0,
        "var": 2.29779219627
    },
    "zerocrossingrate": {
        "dmean": 0.0109676765278,
        "dmean2": 0.0133243342862,
        "dvar": 0.000167200938449,
        "dvar2": 0.000220407659071,
        "max": 0.6904296875,
        "mean": 0.0585935562849,
        "median": 0.04345703125,
        "min": 0.0048828125,
        "var": 0.00271017150953
    },
    "barkbands": {
        "dmean": [6.94186819601e-05, 0.00236148829572, 0.00491094589233, 0.00665363343433, 0.00115509657189, 0.000647503009532, 0.00140436168294, 0.000673661765177, 0.00131107517518, 0.000706827733666, 0.000745665514842, 0.00045890948968, 0.000629064044915, 0.000397500174586, 0.000213689127122, 0.000206477532629, 0.000119569333037, 8.05055169621e-05, 6.45422478556e-05, 8.36332692415e-05, 0.000104922582977, 0.000118487572763, 0.000101893507235, 9.44547500694e-05, 4.96760185342e-05, 1.68088463397e-05, 8.36160211293e-07],
        "dmean2": [0.000109067033918, 0.00381043693051, 0.00856047030538, 0.0113224647939, 0.00194649992045, 0.00101609621197, 0.00214629946277, 0.00113327207509, 0.00194819155149, 0.00118454219773, 0.00116706278641, 0.000796239764895, 0.00103995518293, 0.000684962025844, 0.000354847550625, 0.00033417189843, 0.000196059962036, 0.00013242213754, 0.000109331966087, 0.000143951619975, 0.00018329572049, 0.000205905947951, 0.000176822461071, 0.000160788476933, 8.4265753685e-05, 2.84980542347e-05, 1.49119057369e-06],
        "dvar": [1.70975358316e-08, 2.80937238131e-05, 0.000206046766834, 0.000295821897453, 6.29812984698e-06, 2.55061354437e-06, 9.56323037826e-06, 3.23123299495e-06, 1.38054092531e-05, 5.11551797899e-06, 4.5670876716e-06, 1.3556458498e-06, 6.69971223033e-06, 1.35261393552e-06, 3.458325466e-07, 1.03591128209e-06, 4.78422457206e-08, 2.43785827081e-08, 1.53316737084e-08, 3.06561247498e-08, 6.00539351581e-08, 7.78391040512e-08, 6.83224712361e-08, 4.23620427625e-08, 1.17398188948e-08, 2.03437400259e-09, 1.0157127743e-11],
        "dvar2": [3.78411222357e-08, 7.51566622057e-05, 0.000541293702554, 0.000765517121181, 1.67762536876e-05, 5.84832287132e-06, 2.16291537072e-05, 8.84360179043e-06, 2.8646138162e-05, 1.13894002425e-05, 9.42490169109e-06, 3.60860894943e-06, 1.74337983481e-05, 3.52200117959e-06, 8.61889020598e-07, 2.25692201639e-06, 1.10129434461e-07, 5.79369263676e-08, 3.86988787682e-08, 8.14376832636e-08, 1.67365939774e-07, 2.13256058146e-07, 1.94008435983e-07, 1.12635909488e-07, 3.08033030194e-08, 5.42985745255e-09, 2.7928879695e-11],
        "max": [0.00162658444606, 0.0663344487548, 0.124846957624, 0.120503887534, 0.0281963888556, 0.0362423807383, 0.062995865941, 0.0502941198647, 0.0771407783031, 0.0676475465298, 0.0649966746569, 0.0602367557585, 0.0768600404263, 0.0242711398751, 0.0207951683551, 0.044993121177, 0.00489065377042, 0.00207749800757, 0.00132829253562, 0.00193666026462, 0.00237674103118, 0.00315737491474, 0.00265428912826, 0.00179359829053, 0.000942260900047, 0.000517172622494, 5.81402091484e-05],
        "mean": [9.89328618743e-05, 0.00407381774858, 0.00461060553789, 0.00539931794629, 0.00158459553495, 0.00130314414855, 0.00302878138609, 0.000890728784725, 0.0027530011721, 0.00102223607246, 0.00115489121526, 0.000516291416716, 0.000941414968111, 0.000456158042653, 0.000281106826151, 0.000270910764812, 0.000196925495402, 0.000110681328806, 8.8002459961e-05, 9.93077046587e-05, 0.000137185532367, 0.000156888199854, 0.000128290237626, 0.000126238621306, 5.84891276958e-05, 1.90005375771e-05, 6.2023582359e-07],
        "median": [3.50006375811e-05, 0.00222001224756, 0.00113981007598, 0.00107301666867, 0.000833900470752, 0.000500413880218, 0.000921488506719, 0.000345994136296, 0.000421957811341, 0.000144907680806, 0.000344621774275, 0.000179262176971, 0.000192540566786, 9.61639307206e-05, 9.32403345359e-05, 8.97636055015e-05, 6.80316297803e-05, 3.42427956639e-05, 2.87064212898e-05, 3.07547270495e-05, 3.16842888424e-05, 2.19009943976e-05, 1.85127901204e-05, 1.60752042575e-05, 7.11856591806e-06, 9.99673147817e-07, 9.82871206645e-09],
        "min": [6.62932241993e-16, 5.02697325295e-16, 1.1783461788e-16, 7.25366325851e-17, 1.7914672719e-16, 2.30061586482e-16, 3.09757328303e-16, 2.17183879887e-16, 2.88853640425e-16, 6.42894407076e-16, 3.46329378699e-16, 8.61985328705e-17, 1.95833964466e-16, 3.57208669873e-16, 4.46528406658e-17, 4.7738681616e-16, 3.63645484998e-16, 1.29487006614e-15, 1.2883455831e-15, 1.0028882801e-15, 6.159891996e-16, 7.44745777939e-16, 1.31002052095e-15, 3.42752284447e-15, 4.90200667059e-15, 6.9739064343e-15, 4.45012264004e-15],
        "var": [2.5627475253e-08, 3.66954191122e-05, 0.000153665838297, 0.000225799696636, 5.78583740207e-06, 7.78024332249e-06, 2.69432166533e-05, 3.09077995553e-06, 3.84709674108e-05, 1.18503739941e-05, 9.7158290373e-06, 1.51167239437e-06, 9.83968402579e-06, 1.43788679452e-06, 4.39214630887e-07, 1.43458464663e-06, 1.15090116992e-07, 3.80256430788e-08, 2.13432951313e-08, 2.98869586857e-08, 5.74716381152e-08, 9.1558923998e-08, 6.37093080513e-08, 5.70971216973e-08, 1.35531736944e-08, 2.36529018594e-09, 7.44135916081e-12]
    },
    "erbbands": {
        "dmean": [0.0660218149424, 0.590012192726, 3.96984052658, 16.3930091858, 11.4682302475, 2.73006105423, 1.72793066502, 7.49536323547, 18.5275211334, 18.1336936951, 14.3484621048, 35.6711997986, 19.6779346466, 22.289773941, 30.4352092743, 18.0623416901, 26.9529876709, 22.7393722534, 14.7431135178, 11.1306581497, 8.96636009216, 6.43842935562, 5.10638046265, 3.15576553345, 3.42892289162, 3.62210297585, 3.58290672302, 4.99026679993, 4.29514408112, 3.42000699043, 3.08758997917, 2.01611113548, 1.46514868736, 0.716270983219, 0.297900974751, 0.107452809811, 0.0214472543448, 0.00190801802091, 0.000162725540577, 1.83435859071e-05],
        "dmean2": [0.104279622436, 0.968327403069, 6.88317537308, 27.7508392334, 19.127910614, 4.52207326889, 2.78921103477, 11.553352356, 28.3382549286, 28.7409973145, 23.4994049072, 52.806438446, 31.3237953186, 36.3312911987, 49.0623054504, 31.3364372253, 44.6250648499, 39.2369155884, 24.8539409637, 18.2902183533, 14.5517997742, 10.6327943802, 8.367603302, 5.30584669113, 5.73987150192, 6.24347400665, 6.33388662338, 8.71871185303, 7.45267629623, 5.88131380081, 5.33024835587, 3.46278214455, 2.48410916328, 1.22659516335, 0.498170435429, 0.178383663297, 0.0380706526339, 0.00335778901353, 0.000287322531221, 2.62918456428e-05],
        "dvar": [0.02487048693, 1.65855002403, 122.376327515, 1620.62194824, 813.678405762, 28.6016941071, 14.6247253418, 364.934997559, 1915.57446289, 1444.52392578, 2800.7578125, 10584.6591797, 2485.31396484, 5013.93359375, 7365.38916016, 2096.53222656, 12617.0019531, 3655.7734375, 1530.83972168, 1306.66564941, 1419.18225098, 132.078170776, 95.1902389526, 35.1712837219, 43.9074058533, 62.0034866333, 71.5840988159, 149.375213623, 103.614585876, 66.1829452515, 57.9437217712, 21.9275760651, 9.38146972656, 2.44853949547, 0.463049709797, 0.0696342140436, 0.00549001479521, 4.36221016571e-05, 4.1396162942e-07, 7.32336413733e-10],
        "dvar2": [0.0599895492196, 4.81476593018, 323.357818604, 4240.70019531, 2048.63916016, 75.4980010986, 38.323764801, 798.911621094, 4328.81933594, 3339.17236328, 6905.56689453, 22045.9335938, 5670.87158203, 9469.21679688, 18105.8144531, 5643.63232422, 33087.0078125, 9783.02539062, 3937.75390625, 2889.50805664, 3155.33422852, 313.958465576, 223.093734741, 87.7819366455, 108.471893311, 166.251617432, 201.219558716, 414.697540283, 284.302581787, 184.547561646, 162.190246582, 60.4541740417, 24.522321701, 6.51799440384, 1.17816877365, 0.178866043687, 0.0155208809301, 0.000122343393741, 1.14538227081e-06, 1.52209000959e-09],
        "max": [1.84124135971, 14.9120512009, 88.9692611694, 241.854537964, 197.501876831, 66.2627487183, 88.840171814, 456.096557617, 986.717346191, 803.06628418, 2050.51000977, 2249.85009766, 1281.53295898, 2690.00415039, 2735.60668945, 2238.88232422, 3253.9519043, 1144.17614746, 1109.41638184, 1664.8651123, 1602.52844238, 222.230789185, 144.569503784, 75.7309494019, 86.8049468994, 79.9763031006, 68.185256958, 133.673095703, 118.832298279, 82.1157913208, 81.7831954956, 42.3168983459, 28.8283195496, 13.1344461441, 8.0187921524, 2.88073658943, 0.95180106163, 0.10578956455, 0.0142390355468, 0.000225742987823],
        "mean": [0.1110714674, 0.974718332291, 4.14018774033, 13.8802194595, 11.339922905, 4.30615186691, 3.21612000465, 16.0037651062, 38.6204566956, 34.4593582153, 21.9516220093, 74.77709198, 37.4458084106, 31.7283210754, 45.9354324341, 21.6948394775, 41.4637641907, 29.3700447083, 19.6991348267, 15.2598466873, 13.1326742172, 10.481970787, 7.40207719803, 4.38256883621, 4.66640138626, 4.25770759583, 4.30764007568, 6.45650291443, 5.50424051285, 4.67971801758, 3.98988866806, 2.57043671608, 1.92855346203, 0.828256964684, 0.378068804741, 0.133537679911, 0.0200132671744, 0.00174591247924, 0.000139074807521, 3.84082450182e-05],
        "median": [0.0519348867238, 0.416029691696, 1.39504218102, 3.27411365509, 4.10569953918, 2.10157632828, 1.41640651226, 6.22811937332, 13.2514266968, 14.2138834, 7.96515512466, 11.6923627853, 10.0495004654, 8.2237701416, 13.7116584778, 8.35819721222, 10.465098381, 8.60912799835, 7.03728437424, 6.27635669708, 5.20301580429, 4.14184427261, 2.54235363007, 1.55520379543, 1.62687516212, 1.36487007141, 1.1852530241, 1.34529829025, 0.848594009876, 0.668676257133, 0.48019990325, 0.383908987045, 0.236721679568, 0.108966961503, 0.0357373654842, 0.00870794057846, 0.00107367685996, 0.000100537719845, 1.91368690139e-05, 2.82637320197e-05],
        "min": [2.48352804522e-14, 7.85621906614e-14, 1.38563504204e-13, 2.09394757393e-13, 3.22599341988e-13, 6.81189317193e-13, 1.04764254997e-12, 2.24276890462e-12, 4.42094364589e-12, 3.76785408429e-12, 5.6543298689e-12, 6.03820335746e-12, 1.6660549676e-11, 1.91938739208e-11, 1.00660920571e-11, 4.57950214208e-12, 1.02670085975e-11, 1.73602555942e-11, 6.38823239099e-12, 7.5178830175e-12, 3.05535700906e-11, 2.15471720327e-11, 5.44936179514e-11, 7.96606808295e-11, 6.70408450976e-11, 4.98508768987e-11, 3.38347544426e-11, 1.4932739073e-11, 3.27532410915e-11, 3.13572223742e-11, 3.2508051806e-11, 5.30282692757e-11, 6.25763191264e-11, 3.59551832751e-11, 4.72571114185e-11, 3.2019956131e-11, 1.00585017745e-11, 4.49567032906e-12, 6.66473061635e-13, 4.92614033332e-14],
        "var": [0.0321902558208, 2.07880449295, 96.3221435547, 1218.4498291, 669.024291992, 40.0348587036, 31.2616405487, 1169.59924316, 4973.97119141, 3371.57055664, 3966.68188477, 28349.1523438, 6592.72802734, 13036.6591797, 11238.5322266, 2274.4453125, 17818.7207031, 4158.40966797, 1744.58312988, 2097.46557617, 1936.56738281, 274.678070068, 161.819869995, 50.5471534729, 58.0653038025, 57.0238380432, 57.0238876343, 147.510177612, 112.182891846, 77.5286865234, 64.5004730225, 23.0980644226, 13.2788267136, 2.62439155579, 0.675152540207, 0.100587919354, 0.00390308746137, 3.01192176266e-05, 2.93271170904e-07, 1.35332756113e-09]
    },
    "gfcc": {
        "mean": [-54.1926651001, 104.739852905, -126.807907104, 19.1483821869, -68.9515304565, 21.7717018127, -33.5236816406, 6.10710716248, -14.7533416748, -1.04462337494, -13.2335042953, -7.93913269043, -10.3205089569],
        "cov": [[17748.3710938, 732.203063965, 1021.64801025, 1349.7076416, 230.930786133, 986.109313965, -796.359741211, 257.594177246, -269.441162109, 412.749938965, -176.207870483, 149.689544678, -292.083740234], [732.203063965, 3613.54516602, 291.307769775, -482.199707031, 817.373168945, -325.21484375, 347.775512695, -292.927185059, 278.763336182, -369.685333252, 325.182678223, -306.873901367, 169.210678101], [1021.64801025, 291.307769775, 1098.65002441, 535.818786621, 177.006225586, 261.308013916, -56.6904449463, 66.1120147705, -2.1089246273, 31.9542942047, -24.5430221558, 85.8428115845, -7.63491725922], [1349.7076416, -482.199707031, 535.818786621, 868.874938965, 136.796173096, 278.961761475, -158.340774536, 108.55153656, -68.5699310303, 164.363372803, -41.0035018921, 146.895294189, -55.2994117737], [230.930786133, 817.373168945, 177.006225586, 136.796173096, 686.596740723, 107.289833069, 148.461090088, -8.84772205353, 24.4220790863, -38.3715171814, 57.80884552, -54.444152832, 11.9228506088], [986.109313965, -325.21484375, 261.308013916, 278.961761475, 107.289833069, 558.588989258, -7.95062255859, 101.39655304, -66.2887802124, -0.151062354445, -70.4047317505, -47.3759384155, 5.7933306694], [-796.359741211, 347.775512695, -56.6904449463, -158.340774536, 148.461090088, -7.95062255859, 256.450927734, 13.7160234451, 57.0315246582, -75.5320587158, 4.85749530792, -86.5906524658, 24.9585723877], [257.594177246, -292.927185059, 66.1120147705, 108.55153656, -8.84772205353, 101.39655304, 13.7160234451, 248.427200317, 47.461933136, 64.7606964111, -37.7082099915, 23.6758747101, 2.51772880554], [-269.441162109, 278.763336182, -2.1089246273, -68.5699310303, 24.4220790863, -66.2887802124, 57.0315246582, 47.461933136, 162.258148193, 10.6765346527, 41.2976036072, -31.7564582825, 16.5061607361], [412.749938965, -369.685333252, 31.9542942047, 164.363372803, -38.3715171814, -0.151062354445, -75.5320587158, 64.7606964111, 10.6765346527, 189.709640503, 24.2018585205, 97.4190063477, -47.4896011353], [-176.207870483, 325.182678223, -24.5430221558, -41.0035018921, 57.80884552, -70.4047317505, 4.85749530792, -37.7082099915, 41.2976036072, 24.2018585205, 160.863418579, 26.9718437195, 41.5653152466], [149.689544678, -306.873901367, 85.8428115845, 146.895294189, -54.444152832, -47.3759384155, -86.5906524658, 23.6758747101, -31.7564582825, 97.4190063477, 26.9718437195, 203.406661987, 12.0852661133], [-292.083740234, 169.210678101, -7.63491725922, -55.2994117737, 11.9228506088, 5.7933306694, 24.9585723877, 2.51772880554, 16.5061607361, -47.4896011353, 41.5653152466, 12.0852661133, 114.489471436]],
        "icov": [[0.000147238286445, -0.000394232512917, 0.000173142543645, -0.000114689217298, 0.000248222844675, -0.00041158037493, 0.000423908466473, -0.000290045369184, 0.000418679817813, -0.000565731374081, 0.000533571699634, -0.000264548929408, 0.000362573628081], [-0.000394232512917, 0.00230973609723, -0.00116318231449, 0.000663662794977, -0.00183542643208, 0.00184664060362, -0.000948146218434, 0.00142794137355, -0.00230992422439, 0.00294475676492, -0.00307291233912, 0.00187689776067, -0.00143148493953], [0.000173142543645, -0.00116318231449, 0.00206591538154, -0.00119831284974, 0.000814496248495, -0.00130372995045, 0.000417207542341, -0.000586162437685, 0.00039426094736, -0.00055036979029, 0.00155291857664, -0.00166577310301, 0.000949833891355], [-0.000114689217298, 0.000663662794977, -0.00119831284974, 0.00292428629473, -0.00116944836918, -0.000193093597773, 0.000747679907363, 9.59639655775e-05, -0.000229345474509, -0.000548652082216, -0.00037805660395, -0.00029421588988, -6.65152811052e-07], [0.000248222844675, -0.00183542643208, 0.000814496248495, -0.00116944836918, 0.00361474091187, -0.00157929421403, -0.000914328848012, -0.000876212026924, 0.00189852027688, -0.00190095009748, 0.00128777767532, -0.00118275580462, 0.00135258340742], [-0.00041158037493, 0.00184664060362, -0.00130372995045, -0.000193093597773, -0.00157929421403, 0.00462346943095, -0.00107777595986, 8.28208212624e-05, -0.000176296409336, 0.00195803097449, -0.00193411868531, 0.00341081339866, -0.00261609815061], [0.000423908466473, -0.000948146218434, 0.000417207542341, 0.000747679907363, -0.000914328848012, -0.00107777595986, 0.00762607436627, -0.00164765713271, -0.000287821429083, -0.000276135688182, 0.00177401443943, 0.000297685706755, 0.000646738626529], [-0.000290045369184, 0.00142794137355, -0.000586162437685, 9.59639655775e-05, -0.000876212026924, 8.28208212624e-05, -0.00164765713271, 0.00707936612889, -0.003951610066, -0.000525272917002, 0.000418489973526, 0.00052738445811, -0.00240834336728], [0.000418679817813, -0.00230992422439, 0.00039426094736, -0.000229345474509, 0.00189852027688, -0.000176296409336, -0.000287821429083, -0.003951610066, 0.0119447205216, -0.00501788873225, 0.000922808714677, 0.00115061923862, 9.8504802736e-05], [-0.000565731374081, 0.00294475676492, -0.00055036979029, -0.000548652082216, -0.00190095009748, 0.00195803097449, -0.000276135688182, -0.000525272917002, -0.00501788873225, 0.01598072052, -0.00719960266724, -0.002358967904, 0.00428838515654], [0.000533571699634, -0.00307291233912, 0.00155291857664, -0.00037805660395, 0.00128777767532, -0.00193411868531, 0.00177401443943, 0.000418489973526, 0.000922808714677, -0.00719960266724, 0.0138560403138, -0.00290979235433, -0.00245101610199], [-0.000264548929408, 0.00187689776067, -0.00166577310301, -0.00029421588988, -0.00118275580462, 0.00341081339866, 0.000297685706755, 0.00052738445811, 0.00115061923862, -0.002358967904, -0.00290979235433, 0.0114006651565, -0.00511940289289], [0.000362573628081, -0.00143148493953, 0.000949833891355, -6.65152811052e-07, 0.00135258340742, -0.00261609815061, 0.000646738626529, -0.00240834336728, 9.8504802736e-05, 0.00428838515654, -0.00245101610199, -0.00511940289289, 0.014936439693]]
    },
    "melbands": {
        "dmean": [0.000618611229584, 0.00159632705618, 0.00272303703241, 0.000416265014792, 6.66935156914e-05, 0.000171866646269, 0.000272866484011, 0.000186880468391, 0.000119747244753, 0.000231236263062, 9.85787337413e-05, 9.34623385547e-05, 9.62887206697e-05, 6.3396175392e-05, 3.74950832338e-05, 7.83933137427e-05, 3.92934089177e-05, 2.66810420726e-05, 1.49501011038e-05, 1.82240819413e-05, 9.19209924177e-06, 7.80302889325e-06, 4.86677936351e-06, 3.65151367987e-06, 2.57885358224e-06, 2.55570876107e-06, 2.74235935649e-06, 2.49127151619e-06, 2.18198897528e-06, 2.94363803732e-06, 2.80424706034e-06, 2.72140664492e-06, 1.98628049475e-06, 1.88772855836e-06, 2.18741797653e-06, 1.13517705813e-06, 1.2932403024e-06, 1.06635980046e-06, 9.66904735833e-07, 5.1308120419e-07],
        "dmean2": [0.00098436139524, 0.00277312216349, 0.0045694434084, 0.000686419080012, 0.000109220236482, 0.000264598435024, 0.000419283518568, 0.000297663034871, 0.000194259730051, 0.000341893930454, 0.000159137431183, 0.000153370536282, 0.000155427696882, 0.000107405081508, 6.44077736069e-05, 0.000129262160044, 6.80645534885e-05, 4.51592750323e-05, 2.46944691753e-05, 2.96977977996e-05, 1.48652225107e-05, 1.28070269056e-05, 8.06350089988e-06, 6.09081143921e-06, 4.34484354628e-06, 4.22913444709e-06, 4.65712219011e-06, 4.29939791502e-06, 3.86440251532e-06, 5.19384184372e-06, 4.88119576403e-06, 4.75179149362e-06, 3.39959410667e-06, 3.28613373313e-06, 3.79484913537e-06, 1.94403310161e-06, 2.2243514195e-06, 1.78109110038e-06, 1.66216955222e-06, 8.73118949585e-07],
        "dvar": [2.0560351004e-06, 1.74518208951e-05, 4.36747359345e-05, 8.49710431794e-07, 1.94744167459e-08, 1.63678564036e-07, 3.85066527997e-07, 1.38182031151e-07, 2.46617986477e-07, 4.58343777154e-07, 7.45828643289e-08, 8.68548397648e-08, 6.41305462068e-08, 2.24617053846e-08, 2.45278268807e-08, 1.12566219457e-07, 1.22796066648e-08, 6.07369887717e-09, 2.76965916868e-09, 7.68351604563e-09, 9.80691639008e-10, 2.22181856246e-10, 7.49841161385e-11, 5.00591477992e-11, 2.51945166119e-11, 2.65975297342e-11, 2.78106999235e-11, 3.18632273344e-11, 2.64125266797e-11, 5.2851365645e-11, 4.60543651826e-11, 4.43851413956e-11, 2.06323621382e-11, 2.34605997823e-11, 3.10819980864e-11, 6.20525809555e-12, 8.98385706105e-12, 4.94753283481e-12, 4.25417470348e-12, 1.29518151846e-12],
        "dvar2": [5.23598737345e-06, 4.74029075122e-05, 0.000112617861305, 2.10026109926e-06, 5.15472322604e-08, 3.75067571667e-07, 8.85796282546e-07, 3.2756094015e-07, 5.70106067244e-07, 9.5444102044e-07, 1.67677612239e-07, 1.71909817936e-07, 1.54517749706e-07, 5.97811720127e-08, 6.4754871687e-08, 2.89192286118e-07, 3.24236459903e-08, 1.5395952957e-08, 6.65459287674e-09, 1.65957114717e-08, 2.19829021653e-09, 5.07651642945e-10, 1.8140312863e-10, 1.24977792004e-10, 6.26442717144e-11, 6.15424447514e-11, 7.1426801973e-11, 8.55664566979e-11, 7.32253216396e-11, 1.49919771042e-10, 1.27514818149e-10, 1.22896873234e-10, 5.53271352344e-11, 6.62750548885e-11, 8.67432792262e-11, 1.70718369996e-11, 2.46009775051e-11, 1.29316019698e-11, 1.11424541469e-11, 3.43025521182e-12],
        "max": [0.0179406870157, 0.0346259325743, 0.0415100939572, 0.00753112509847, 0.00270943669602, 0.00898511707783, 0.0133543163538, 0.00720187043771, 0.0200138874352, 0.0150591991842, 0.00756485247985, 0.00998967234045, 0.00748293753713, 0.00359850586392, 0.0104467049241, 0.0102810934186, 0.0026403949596, 0.00241395854391, 0.00204522884451, 0.00388338579796, 0.00126516167074, 0.000323236250551, 0.00011000707309, 9.31490867515e-05, 7.26149155525e-05, 6.550415128e-05, 4.76505265397e-05, 6.54019313515e-05, 5.44740105397e-05, 6.57211276121e-05, 9.4569826615e-05, 7.53763742978e-05, 5.33047314093e-05, 4.67421923531e-05, 6.12244111835e-05, 2.58429881796e-05, 2.61642089754e-05, 2.51246856351e-05, 1.97002100322e-05, 1.15298817036e-05],
        "mean": [0.00107363436837, 0.00190555199515, 0.00238584843464, 0.000518161046784, 0.000121229713841, 0.000363656232366, 0.000583404267672, 0.000333228788804, 0.00017978582764, 0.000481967290398, 0.000176101122634, 0.000128698258777, 0.000142868011608, 8.07943142718e-05, 4.66300698463e-05, 0.000118768643006, 4.47641141363e-05, 3.37837445841e-05, 1.97252702492e-05, 2.35218121816e-05, 1.318212162e-05, 1.2335673091e-05, 7.04843205312e-06, 4.93704692417e-06, 3.33424850396e-06, 3.42347766491e-06, 3.35537401952e-06, 2.75234674518e-06, 2.45659771281e-06, 3.57180624633e-06, 3.54943790626e-06, 3.2453597214e-06, 2.78851803159e-06, 2.34737808569e-06, 2.69897554972e-06, 1.47233686221e-06, 1.57849672178e-06, 1.40070449106e-06, 1.12403154162e-06, 5.62716252261e-07],
        "median": [0.00061363063287, 0.000697223935276, 0.000630586349871, 0.000253660371527, 5.54648831894e-05, 0.000144495876157, 0.000199658781639, 0.000136414761073, 4.06417893828e-05, 7.25595746189e-05, 4.34505163867e-05, 2.46003164648e-05, 4.44458601123e-05, 2.70618656941e-05, 1.47784758155e-05, 1.78442151082e-05, 1.14049935291e-05, 9.1945830718e-06, 5.88071861785e-06, 6.98202211424e-06, 4.08096002502e-06, 4.02409796152e-06, 2.63422680291e-06, 1.49098946167e-06, 1.02054593754e-06, 1.08892663775e-06, 1.06942013645e-06, 7.56628082854e-07, 6.76298554936e-07, 7.34058232865e-07, 7.25953213987e-07, 4.61899389848e-07, 3.39629167456e-07, 3.66444453448e-07, 2.60196287627e-07, 2.56172398849e-07, 2.13610704236e-07, 1.63167186429e-07, 1.27261969851e-07, 7.95262451447e-08],
        "min": [2.12441646818e-16, 8.36289922505e-17, 3.87974044718e-17, 3.52355912239e-17, 3.65305391642e-17, 5.06880298243e-17, 6.71353284736e-17, 4.06266151348e-17, 4.66941933774e-17, 3.92835517527e-17, 8.5281143249e-17, 8.01112247159e-17, 4.09284004008e-17, 9.5544348649e-18, 2.11159639291e-17, 1.82679546103e-17, 3.64840880097e-17, 1.2260089709e-17, 3.19712565262e-18, 2.43694456037e-17, 3.77752507714e-17, 1.89811166473e-17, 4.06602913119e-17, 5.48943656619e-17, 6.78085409956e-17, 3.88643961753e-17, 4.74424245636e-17, 2.87980250195e-17, 2.46607455282e-17, 1.14105694296e-17, 6.7840473476e-18, 1.64715730915e-17, 1.69945563794e-17, 2.12694075871e-17, 1.73015231048e-17, 2.78123896888e-17, 3.34812602587e-17, 4.73434275878e-17, 3.64752437946e-17, 2.66498386231e-17],
        "var": [2.700600362e-06, 1.4778484001e-05, 3.39611979143e-05, 7.97771235739e-07, 3.79336739798e-08, 5.01500267092e-07, 1.02568969851e-06, 2.94573993642e-07, 4.28681119047e-07, 1.19061144233e-06, 1.91554590856e-07, 2.28514650757e-07, 1.03870178236e-07, 2.60685677489e-08, 3.03193452567e-08, 1.73288981387e-07, 1.29821708938e-08, 6.77761979873e-09, 3.64048391432e-09, 1.10165538914e-08, 1.42390232938e-09, 4.73614703012e-10, 1.25351187763e-10, 6.91155049859e-11, 3.56617443908e-11, 4.19662950224e-11, 3.13263789908e-11, 2.85767815661e-11, 2.09024620529e-11, 4.55612492178e-11, 4.57613218152e-11, 4.26289385735e-11, 3.22033684441e-11, 2.11897496077e-11, 3.46726362899e-11, 6.76616358428e-12, 9.51692804424e-12, 7.36604961055e-12, 5.2912019384e-12, 1.32982741572e-12]
    },
    "mfcc": {
        "mean": [-688.16217041, 129.05758667, 1.99956095219, 1.88962101936, -4.65330648422, 6.15058469772, -3.8582482338, 3.14345526695, 1.92611920834, 1.85122573376, -0.386551976204, 4.37916898727, -0.101319670677],
        "cov": [[11882.6806641, -518.990112305, 721.873168945, 671.734130859, 610.715209961, 739.32598877, 116.945709229, 115.743087769, 42.1291770935, 54.4522705078, 180.195571899, 184.117752075, 62.4160270691], [-518.990112305, 3178.77929688, -187.101699829, 35.019908905, 308.891845703, -51.250995636, 208.976654053, 105.972297668, 28.6405296326, 89.7869415283, 33.8604240417, -45.6610336304, -19.667432785], [721.873168945, -187.101699829, 1010.61834717, 196.341918945, 197.49786377, 180.295211792, -20.8752632141, 58.1508865356, 42.616355896, -40.5100975037, -26.7245826721, 63.4035606384, 29.3265113831], [671.734130859, 35.019908905, 196.341918945, 630.122314453, 259.332580566, 113.802467346, 26.2851886749, 19.8371639252, -6.93446588516, -28.758392334, 61.1441879272, 86.6471557617, 101.557258606], [610.715209961, 308.891845703, 197.49786377, 259.332580566, 461.176971436, 244.134033203, 140.68838501, 94.821647644, 32.864944458, 31.7461414337, 16.8993434906, 27.5383930206, 31.0504989624], [739.32598877, -51.250995636, 180.295211792, 113.802467346, 244.134033203, 359.820983887, 149.249755859, 70.1093826294, 20.0999279022, 33.7420463562, -5.50943613052, -11.7922506332, -10.5708179474], [116.945709229, 208.976654053, -20.8752632141, 26.2851886749, 140.68838501, 149.249755859, 226.012039185, 85.302482605, 42.5855064392, 60.3375930786, -0.712491035461, -33.0071983337, -36.9021072388], [115.743087769, 105.972297668, 58.1508865356, 19.8371639252, 94.821647644, 70.1093826294, 85.302482605, 150.435394287, 92.282081604, 52.6770133972, 10.3205251694, -6.92534637451, -21.4400978088], [42.1291770935, 28.6405296326, 42.616355896, -6.93446588516, 32.864944458, 20.0999279022, 42.5855064392, 92.282081604, 147.421279907, 86.012588501, 24.3471851349, -7.88816308975, -35.7624282837], [54.4522705078, 89.7869415283, -40.5100975037, -28.758392334, 31.7461414337, 33.7420463562, 60.3375930786, 52.6770133972, 86.012588501, 144.165176392, 55.6436157227, -4.22446584702, -37.2938613892], [180.195571899, 33.8604240417, -26.7245826721, 61.1441879272, 16.8993434906, -5.50943613052, -0.712491035461, 10.3205251694, 24.3471851349, 55.6436157227, 112.913894653, 59.5039596558, 7.38413143158], [184.117752075, -45.6610336304, 63.4035606384, 86.6471557617, 27.5383930206, -11.7922506332, -33.0071983337, -6.92534637451, -7.88816308975, -4.22446584702, 59.5039596558, 109.316505432, 59.2872581482], [62.4160270691, -19.667432785, 29.3265113831, 101.557258606, 31.0504989624, -10.5708179474, -36.9021072388, -21.4400978088, -35.7624282837, -37.2938613892, 7.38413143158, 59.2872581482, 119.668861389]],
