{
"lowlevel": {
    "average_loudness": 0.850718319416,
    "barkbands_crest": {
        "dmean": 1.91874694824,
        "dmean2": 3.11136651039,
        "dvar": 3.49411964417,
        "dvar2": 8.51194858551,
        "max": 26.750787735,
        "mean": 13.6808490753,
        "median": 13.349852562,
        "min": 2.71553826332,
        "var": 18.2480754852
    },
    "barkbands_flatness_db": {
        "dmean": 0.019035898149,
        "dmean2": 0.0301898792386,
        "dvar": 0.000397515570512,
        "dvar2": 0.000901045335922,
        "max": 0.622948408127,
        "mean": 0.33043718338,
        "median": 0.317111313343,
        "min": 0.018531318754,
        "var": 0.00640235980973
    },
    "barkbands_kurtosis": {
        "dmean": 7.60529994965,
        "dmean2": 12.5898389816,
        "dvar": 2631.85961914,
        "dvar2": 5739.07666016,
        "max": 2886.54077148,
        "mean": 15.1705150604,
        "median": 5.35053920746,
        "min": -1.77971041203,
        "var": 7586.10107422
    },
    "barkbands_skewness": {
        "dmean": 0.564998865128,
        "dmean2": 0.891911149025,
        "dvar": 0.910066783428,
        "dvar2": 2.06608915329,
        "max": 42.3732337952,
        "mean": 1.66882359982,
        "median": 1.44899690151,
        "min": -3.82979011536,
        "var": 3.75136494637
    },
    "barkbands_spread": {
        "dmean": 1.09878194332,
        "dmean2": 1.74810540676,
        "dvar": 3.32555055618,
        "dvar2": 7.17491197586,
        "max": 75.1466217041,
        "mean": 4.71909618378,
        "median": 3.61193752289,
        "min": 0.0457204319537,
        "var": 16.2362308502
    },
    "dissonance": {
        "dmean": 0.0519409552217,
        "dmean2": 0.0895597860217,
        "dvar": 0.00283892964944,
        "dvar2": 0.00770147284493,
        "max": 0.500000178814,
        "mean": 0.36940997839,
        "median": 0.385010778904,
        "min": 0.0491262152791,
        "var": 0.00675893947482
    },
    "dynamic_complexity": 3.93552184105,
    "erbbands_crest": {
        "dmean": 2.30787324905,
        "dmean2": 3.68816375732,
        "dvar": 5.37422275543,
        "dvar2": 12.3949480057,
        "max": 33.4882316589,
        "mean": 13.9517641068,
        "median": 12.7534675598,
        "min": 2.62512016296,
        "var": 26.2855491638
    },
    "erbbands_flatness_db": {
        "dmean": 0.014717255719,
        "dmean2": 0.0226826947182,
        "dvar": 0.000253761885688,
        "dvar2": 0.000539960456081,
        "max": 0.55322676897,
        "mean": 0.321980535984,
        "median": 0.32050999999,
        "min": 0.0520691722631,
        "var": 0.00481765205041
    },
    "erbbands_kurtosis": {
        "dmean": 3.42001271248,
        "dmean2": 5.4439163208,
        "dvar": 122.520576477,
        "dvar2": 247.959075928,
        "max": 395.178894043,
        "mean": 8.44694900513,
        "median": 2.08539390564,
        "min": -1.77153086662,
        "var": 703.372558594
    },
    "erbbands_skewness": {
        "dmean": 0.450614988804,
        "dmean2": 0.705531835556,
        "dvar": 0.298663377762,
        "dvar2": 0.672476947308,
        "max": 11.3851423264,
        "mean": 0.946312069893,
        "median": 0.815647006035,
        "min": -3.86953306198,
        "var": 1.92654883862
    },
    "erbbands_spread": {
        "dmean": 2.12104988098,
        "dmean2": 3.22242617607,
        "dvar": 7.40091896057,
        "dvar2": 14.9538116455,
        "max": 76.3661270142,
        "mean": 12.0288934708,
        "median": 9.55769348145,
        "min": 0.268928796053,
        "var": 73.0215072632
    },
    "hfc": {
        "dmean": 3.22043251991,
        "dmean2": 4.93214082718,
        "dvar": 25.7480220795,
        "dvar2": 59.4799079895,
        "max": 80.0287857056,
        "mean": 11.215929985,
        "median": 8.03238391876,
        "min": 3.62264995779e-10,
        "var": 99.6774978638
    },
    "melbands_crest": {
        "dmean": 2.12152504921,
        "dmean2": 3.39501881599,
        "dvar": 4.2606139183,
        "dvar2": 9.87063121796,
        "max": 33.4856491089,
        "mean": 14.968911171,
        "median": 14.5752573013,
        "min": 2.48253822327,
        "var": 21.2759952545
    },
    "melbands_flatness_db": {
        "dmean": 0.0195809938014,
        "dmean2": 0.03096364066,
        "dvar": 0.000431539636338,
        "dvar2": 0.000973189889919,
        "max": 0.691177666187,
        "mean": 0.423954486847,
        "median": 0.409070014954,
        "min": 0.0156398937106,
        "var": 0.00707030436024
    },
    "melbands_kurtosis": {
        "dmean": 4.25110340118,
        "dmean2": 6.77508926392,
        "dvar": 51.5805625916,
        "dvar2": 123.719291687,
        "max": 133.312057495,
        "mean": 9.41020393372,
        "median": 5.0093832016,
        "min": -1.81915915012,
        "var": 164.598587036
    },
    "melbands_skewness": {
        "dmean": 0.467286676168,
        "dmean2": 0.724898099899,
        "dvar": 0.254387408495,
        "dvar2": 0.584998488426,
        "max": 8.09537029266,
        "mean": 1.63721883297,
        "median": 1.49573981762,
        "min": -2.8656103611,
        "var": 1.98560345173
    },
    "melbands_spread": {
        "dmean": 1.60111916065,
        "dmean2": 2.51021909714,
        "dvar": 6.44046068192,
        "dvar2": 11.9478197098,
        "max": 159.931838989,
        "mean": 6.79444885254,
        "median": 4.93841409683,
        "min": 0.196929305792,
        "var": 36.6249237061
    },
    "pitch_salience": {
        "dmean": 0.0541008077562,
        "dmean2": 0.0899036452174,
        "dvar": 0.00301292655058,
        "dvar2": 0.00774065591395,
        "max": 0.922124147415,
        "mean": 0.512613654137,
        "median": 0.503627896309,
        "min": 0.0122948987409,
        "var": 0.0164968706667
    },
    "silence_rate_20dB": {
        "dmean": 0,
        "dmean2": 0,
        "dvar": 0,
        "dvar2": 0,
        "max": 1,
        "mean": 1,
        "median": 1,
        "min": 1,
        "var": 0
    },
    "silence_rate_30dB": {
        "dmean": 0.0012623075163,
        "dmean2": 0.00252493377775,
        "dvar": 0.00126072857529,
        "dvar2": 0.0035284482874,
        "max": 1,
        "mean": 0.999242722988,
        "median": 1,
        "min": 0,
        "var": 0.000756706576794
    },
    "silence_rate_60dB": {
        "dmean": 0.00908861402422,
        "dmean2": 0.0180532764643,
        "dvar": 0.00900694914162,
        "dvar2": 0.0197473615408,
        "max": 1,
        "mean": 0.0559131652117,
        "median": 0,
        "min": 0,
        "var": 0.0527882948518
    },
    "spectral_centroid": {
        "dmean": 46.0537147522,
        "dmean2": 71.7500839233,
        "dvar": 5135.20410156,
        "dvar2": 9966.30859375,
        "max": 4087.59179688,
        "mean": 444.300231934,
        "median": 396.366760254,
        "min": 202.106216431,
        "var": 30180.40625
    },
    "spectral_complexity": {
        "dmean": 1.08709919453,
        "dmean2": 1.82439088821,
        "dvar": 1.18305432796,
        "dvar2": 2.73160171509,
        "max": 17,
        "mean": 8.01666069031,
        "median": 8,
        "min": 0,
        "var": 9.84085083008
    },
    "spectral_decrease": {
        "dmean": 2.01295291546e-09,
        "dmean2": 3.10679060256e-09,
        "dvar": 9.62430681124e-18,
        "dvar2": 2.31525520804e-17,
        "max": -7.33007988031e-22,
        "mean": -6.61342092201e-09,
        "median": -5.38358069235e-09,
        "min": -4.22196855254e-08,
        "var": 2.52596739225e-17
    },
    "spectral_energy": {
        "dmean": 0.00786990579218,
        "dmean2": 0.012138903141,
        "dvar": 0.0001462627406,
        "dvar2": 0.000351238792064,
        "max": 0.164182364941,
        "mean": 0.0259777642787,
        "median": 0.0210807323456,
        "min": 3.56250334679e-14,
        "var": 0.000389491993701
    },
    "spectral_energyband_high": {
        "dmean": 2.04031020985e-05,
        "dmean2": 2.923700049e-05,
        "dvar": 5.99457550265e-09,
        "dvar2": 1.29370461011e-08,
        "max": 0.000872785632964,
        "mean": 2.79263786069e-05,
        "median": 3.0545043046e-06,
        "min": 2.91274640583e-14,
        "var": 8.18047674045e-09
    },
    "spectral_energyband_low": {
        "dmean": 0.000704755948391,
        "dmean2": 0.0010549534345,
        "dvar": 2.23208144234e-06,
        "dvar2": 5.0436769925e-06,
        "max": 0.0243860036135,
        "mean": 0.00150679622311,
        "median": 0.000697225797921,
        "min": 4.88300200411e-16,
        "var": 4.9219529501e-06
    },
    "spectral_energyband_middle_high": {
        "dmean": 0.00118631194346,
        "dmean2": 0.00177933031227,
        "dvar": 8.27965504868e-06,
        "dvar2": 1.91254330275e-05,
        "max": 0.0592693053186,
        "mean": 0.00330777443014,
        "median": 0.000828190066386,
        "min": 3.99179438283e-15,
        "var": 3.40356018569e-05
    },
    "spectral_energyband_middle_low": {
        "dmean": 0.00719853769988,
        "dmean2": 0.011239381507,
        "dvar": 0.000126038983581,
        "dvar2": 0.000310691335471,
        "max": 0.160198271275,
        "mean": 0.0220319312066,
        "median": 0.0174510106444,
        "min": 1.73958449218e-15,
        "var": 0.000303246109979
    },
    "spectral_entropy": {
        "dmean": 0.167651757598,
        "dmean2": 0.273135125637,
        "dvar": 0.0372949764132,
        "dvar2": 0.0898842439055,
        "max": 8.75915908813,
        "mean": 5.51818323135,
        "median": 5.59688138962,
        "min": 2.75597763062,
        "var": 0.408953160048
    },
    "spectral_flux": {
        "dmean": 0.0260858666152,
        "dmean2": 0.04185045138,
        "dvar": 0.00108464178629,
        "dvar2": 0.00254887994379,
        "max": 0.324842244387,
        "mean": 0.0540087781847,
        "median": 0.0427647605538,
        "min": 4.32006208939e-06,
        "var": 0.00166986556724
    },
    "spectral_kurtosis": {
        "dmean": 14.7014217377,
        "dmean2": 24.9684085846,
        "dvar": 269.973327637,
        "dvar2": 731.565002441,
        "max": 318.182159424,
        "mean": 54.2382507324,
        "median": 44.3464012146,
        "min": 1.8245844841,
        "var": 1420.63598633
    },
    "spectral_rms": {
        "dmean": 0.000690787099302,
        "dmean2": 0.00104457128327,
        "dvar": 8.04381159014e-07,
        "dvar2": 1.82961309747e-06,
        "max": 0.0126561420038,
        "mean": 0.00464451452717,
        "median": 0.00453503755853,
        "min": 5.89543303064e-09,
        "var": 3.77274204766e-06
    },
    "spectral_rolloff": {
        "dmean": 90.3543548584,
        "dmean2": 162.668167114,
        "dvar": 64432.4375,
        "dvar2": 122764.640625,
        "max": 17958.6914062,
        "mean": 622.4453125,
        "median": 516.796875,
        "min": 172.265625,
        "var": 184633.578125
    },
    "spectral_skewness": {
        "dmean": 0.802306711674,
        "dmean2": 1.36307692528,
        "dvar": 0.620926201344,
        "dvar2": 1.69471943378,
        "max": 14.6000928879,
        "mean": 5.61625051498,
        "median": 5.20904445648,
        "min": 1.17659151554,
        "var": 4.18930053711
    },
    "spectral_spread": {
        "dmean": 344114.1875,
        "dmean2": 568532.6875,
        "dvar": 152866144256,
        "dvar2": 335665987584,
        "max": 18023612,
        "mean": 1818582.25,
        "median": 1556560.875,
        "min": 348856.03125,
        "var": 1.0833788928e+12
    },
    "spectral_strongpeak": {
        "dmean": 0.479917764664,
        "dmean2": 0.812308311462,
        "dvar": 0.543722391129,
        "dvar2": 1.40430819988,
        "max": 10.5321025848,
        "mean": 1.19212734699,
        "median": 0.87497985363,
        "min": 0,
        "var": 1.26743304729
    },
    "zerocrossingrate": {
        "dmean": 0.00273362314329,
        "dmean2": 0.00354446191341,
        "dvar": 2.94380679406e-05,
        "dvar2": 3.93369045923e-05,
        "max": 0.6005859375,
        "mean": 0.0239644218236,
        "median": 0.02099609375,
        "min": 0.0068359375,
        "var": 0.000203343806788
    },
    "barkbands": {
        "dmean": [2.73579303212e-06, 0.000129723543068, 0.000329225906171, 0.00127444812097, 0.00385105516762, 0.0020724942442, 0.00115259271115, 0.000484856107505, 0.000432961212937, 0.000427401653724, 0.000408041436458, 0.000244516471867, 0.000241722969804, 0.000134996211273, 4.42763448518e-05, 5.23408234585e-05, 1.12823436211e-05, 5.59717773285e-06, 3.70615271095e-06, 5.27974407305e-07, 3.46303863807e-07, 1.6543485799e-06, 7.33770184524e-06, 2.41537941292e-06, 5.46107276023e-06, 4.42212012786e-06, 8.40867073748e-07],
        "dmean2": [4.80022617921e-06, 0.000190146267414, 0.00050240685232, 0.00199215905741, 0.00604362552986, 0.00329407677054, 0.0019109887071, 0.000738380127586, 0.000617507728748, 0.0006330285687, 0.000586272974033, 0.000386531435652, 0.000382102967706, 0.0002137341653, 7.04708218109e-05, 8.4314160631e-05, 1.78679783858e-05, 9.34325998969e-06, 5.69009944229e-06, 8.84845690052e-07, 5.60384421533e-07, 2.4201378892e-06, 1.0434957403e-05, 3.79979474019e-06, 8.44261558086e-06, 7.02516445017e-06, 1.29906584334e-06],
        "dvar": [5.65575190847e-11, 1.49852581899e-07, 7.2260553452e-07, 8.18929311208e-06, 5.85244451941e-05, 1.656967288e-05, 6.49794355922e-06, 1.34785329919e-06, 1.5612823745e-06, 2.37146309701e-06, 2.12135455513e-06, 1.32515810947e-06, 1.07132711946e-06, 6.16537988662e-07, 6.67554189704e-08, 1.23796084495e-07, 5.32252686369e-09, 8.16511125379e-09, 1.95623761634e-09, 3.34835306183e-12, 2.79920943196e-12, 6.85821260893e-11, 2.205246874e-09, 3.06298153507e-10, 6.20743900726e-10, 3.5049022018e-10, 2.3571294222e-11],
        "dvar2": [1.57267296408e-10, 2.98895770356e-07, 1.56571707066e-06, 2.09704376175e-05, 0.000141801108839, 4.26714941568e-05, 1.79937524081e-05, 3.08598237098e-06, 3.48725870936e-06, 5.35216713615e-06, 4.70139957542e-06, 3.02483749692e-06, 2.43856584348e-06, 1.44947193803e-06, 1.61911458463e-07, 3.19941023008e-07, 1.28153097023e-08, 1.93271318949e-08, 3.5131288989e-09, 8.82314967615e-12, 6.23954967555e-12, 1.30899346917e-10, 4.80224082722e-09, 7.94499743773e-10, 1.41191014436e-09, 8.83656092743e-10, 5.28590296534e-11],
        "max": [0.000227474258281, 0.0072410418652, 0.0188689790666, 0.0515821799636, 0.117048561573, 0.0710017457604, 0.0413179881871, 0.0182666108012, 0.0300618130714, 0.0380736552179, 0.0423211306334, 0.0326951183379, 0.0323723144829, 0.0281822513789, 0.00974351726472, 0.0135843865573, 0.00353552913293, 0.00611105142161, 0.00319192023017, 5.23234484717e-05, 0.000127181760035, 0.000154374021804, 0.000725718215108, 0.000419226707891, 0.000471437961096, 0.000286373338895, 0.000116479532153],
        "mean": [4.57181977254e-06, 0.000240183944697, 0.000571564305574, 0.00243015214801, 0.00929460581392, 0.00499422196299, 0.00247703655623, 0.00123965227976, 0.00115839054342, 0.00100788206328, 0.00103045115247, 0.000514660205226, 0.000480270187836, 0.000290064839646, 9.13159892661e-05, 8.37505285745e-05, 2.70149612334e-05, 7.79662059358e-06, 5.81227959628e-06, 1.02116734979e-06, 7.75348439674e-07, 3.72624981537e-06, 7.7971835708e-06, 3.17414219353e-06, 6.41106589683e-06, 4.71506882604e-06, 8.70527117058e-07],
        "median": [6.58219562411e-07, 2.57835163211e-05, 9.3560985988e-05, 0.00113388174213, 0.00595046114177, 0.00155188492499, 0.000754352309741, 0.000382629601518, 0.000198867084691, 6.98416042724e-05, 3.74146657123e-05, 2.34904746321e-05, 2.41468551394e-05, 8.90579485713e-06, 3.33150774168e-06, 7.70042788645e-06, 3.10997279485e-06, 1.53885071086e-06, 1.16192381938e-06, 5.84679355597e-07, 4.17430726429e-07, 3.71504967234e-07, 3.0866036127e-07, 2.74713414683e-07, 2.54378903719e-07, 1.14137904461e-07, 1.06825339685e-08],
        "min": [3.46623113843e-16, 2.28129769027e-16, 6.51033361378e-17, 6.07647936773e-17, 2.48322849202e-16, 3.76697998017e-16, 3.05505884652e-16, 2.8693148444e-16, 2.44368555297e-16, 6.10635316098e-16, 1.48262397156e-16, 4.77458813961e-16, 2.2539239677e-16, 2.85033257136e-16, 2.37270789776e-16, 1.03730612719e-16, 2.0516879694e-16, 2.96497689258e-16, 7.72840272613e-16, 1.74262216409e-15, 2.77095944321e-15, 2.11733524627e-15, 6.67547195127e-16, 3.60631265315e-15, 4.52104555575e-15, 7.17699571241e-15, 7.45467852351e-15],
        "var": [2.70396954827e-10, 3.8084280618e-07, 1.74504691586e-06, 1.34976053232e-05, 0.000117020994367, 5.84160261496e-05, 1.71431183844e-05, 4.16878128817e-06, 5.81527183385e-06, 7.03736850483e-06, 8.06186471891e-06, 3.83195583709e-06, 3.12539418701e-06, 1.88567878467e-06, 1.75997797669e-07, 2.09896683145e-07, 1.95535196923e-08, 1.28212027661e-08, 4.59235138806e-09, 4.29470738486e-12, 3.7880427961e-12, 1.62738766907e-10, 2.5748048138e-09, 3.03772895727e-10, 8.04083355455e-10, 3.43867573305e-10, 2.67551831384e-11]
    },
    "erbbands": {
        "dmean": [0.00153083028272, 0.039748236537, 0.313766956329, 1.96787178516, 10.5767230988, 13.4252500534, 15.3714895248, 17.8140792847, 20.3736724854, 11.3099088669, 7.15959835052, 11.2509145737, 13.8488054276, 11.8548803329, 14.9977741241, 8.27075958252, 11.4820699692, 6.96796894073, 4.11318302155, 2.42073655128, 1.94681787491, 0.66594773531, 0.400754362345, 0.288715362549, 0.0465491637588, 0.0234447810799, 0.014420337975, 0.0151142748073, 0.0592953786254, 0.0506758466363, 0.213959544897, 0.082776799798, 0.0555328316987, 0.074363142252, 0.0401302725077, 0.0199942942709, 0.00706921378151, 0.00161149993073, 0.000146921025589, 1.04327964436e-05],
        "dmean2": [0.00237013841979, 0.0580392628908, 0.471622347832, 3.04063344002, 16.4573497772, 21.49659729, 23.8665828705, 28.680147171, 33.9783973694, 17.5002613068, 11.011382103, 15.9817581177, 20.160490036, 17.4822769165, 21.9722709656, 12.674955368, 18.0676460266, 10.8133916855, 6.4652633667, 3.92141962051, 3.13688707352, 1.0596139431, 0.655496120453, 0.448061108589, 0.0742699727416, 0.0396987497807, 0.0235083829612, 0.0242167599499, 0.087968878448, 0.0738211497664, 0.305329948664, 0.119122132659, 0.0869673937559, 0.113455824554, 0.0617622807622, 0.0308708548546, 0.0121438698843, 0.00266663217917, 0.000228435179451, 1.58496877702e-05],
        "dvar": [2.05230517167e-05, 0.013501775451, 0.638240993023, 18.7241268158, 429.03729248, 871.66418457, 837.392028809, 1328.70202637, 2187.58398438, 617.416015625, 348.000946045, 1132.08312988, 2156.73583984, 2463.80444336, 2761.21533203, 1440.97265625, 2278.19287109, 1278.88378906, 585.182495117, 138.484970093, 120.325912476, 22.1719856262, 39.8525848389, 11.9994916916, 0.0342887341976, 0.00539014395326, 0.00568487588316, 0.00262248306535, 0.120472602546, 0.0977089107037, 1.87820327282, 0.295326322317, 0.118010625243, 0.228397727013, 0.0179293844849, 0.00543244509026, 0.0028014597483, 9.90515181911e-05, 6.38254846308e-07, 3.77206543778e-10],
        "dvar2": [4.58560862171e-05, 0.0266094598919, 1.34688460827, 46.9954528809, 1071.703125, 2167.61791992, 1983.53894043, 3529.20874023, 6226.16650391, 1473.92858887, 826.906494141, 2513.18774414, 4722.35058594, 5766.16748047, 5953.8203125, 3152.07250977, 5209.52441406, 2882.27905273, 1390.40808105, 363.489532471, 310.73928833, 54.7968025208, 93.6594314575, 23.1268577576, 0.0592573359609, 0.0143868690357, 0.0127914696932, 0.00590705359355, 0.227028757334, 0.193710133433, 4.09449768066, 0.655451774597, 0.303817182779, 0.563544929028, 0.0401303134859, 0.0121734673157, 0.00783684942871, 0.000265807408141, 1.38724067256e-06, 8.42855452099e-10],
        "max": [0.0811681970954, 2.11676192284, 19.2842636108, 79.8970565796, 311.710693359, 577.954833984, 564.860473633, 617.102111816, 806.142150879, 565.429077148, 375.180847168, 885.076538086, 1163.46484375, 1620.14782715, 1322.63122559, 1566.90905762, 1449.53686523, 1441.48779297, 984.565124512, 384.187561035, 388.663299561, 242.643722534, 432.143341064, 261.404632568, 13.0197658539, 2.12901496887, 5.8179063797, 1.93882155418, 8.88720703125, 15.0409803391, 22.2400760651, 9.23428821564, 7.70387506485, 8.55608558655, 2.58933639526, 1.19537043571, 1.07562315464, 0.219019621611, 0.0179844908416, 0.000372117909137],
        "mean": [0.00314193521626, 0.0746329203248, 0.580664038658, 4.14380121231, 18.5058403015, 32.0710868835, 38.9287033081, 43.1560630798, 44.6035728455, 29.654548645, 19.3811168671, 31.0331630707, 34.1309967041, 29.9118804932, 37.8748474121, 19.6521339417, 23.3599529266, 16.3780899048, 8.90307712555, 4.43195533752, 3.30490374565, 1.6428681612, 0.675781011581, 0.452407598495, 0.0951256230474, 0.0487572178245, 0.0325002148747, 0.033487573266, 0.121339015663, 0.107777029276, 0.22718654573, 0.0891096517444, 0.0708226934075, 0.0846144929528, 0.0488784350455, 0.0249152164906, 0.00569032505155, 0.00145372666884, 0.000157583403052, 3.13632081088e-05],
        "median": [0.000483514333609, 0.0115112336352, 0.163339331746, 2.08732652664, 9.79190731049, 19.3343505859, 21.5900878906, 14.4435415268, 12.9241724014, 11.9310512543, 7.30992746353, 6.23859977722, 5.98016929626, 2.05734038353, 2.50963687897, 1.59358584881, 1.56625342369, 0.913402378559, 0.458847165108, 0.529978811741, 0.51659744978, 0.249285012484, 0.135328024626, 0.0875431746244, 0.0445481538773, 0.0284505598247, 0.0194589234889, 0.0152255110443, 0.0149532696232, 0.0101796425879, 0.00944389309734, 0.00572840962559, 0.00469209812582, 0.00332501251251, 0.00172493618447, 0.000657903845422, 0.000150682462845, 3.0220940971e-05, 1.35804202728e-05, 2.42318819801e-05],
        "min": [1.19050972016e-14, 3.4009291016e-14, 7.00374884499e-14, 1.57598299645e-13, 3.664978748e-13, 9.7979068435e-13, 1.51703877325e-12, 3.71360320967e-12, 4.94131601955e-12, 4.40281058139e-12, 6.33884221155e-12, 4.705103928e-12, 1.80682552253e-11, 1.22106821182e-11, 7.70486192209e-12, 1.97604640984e-11, 1.3167621507e-11, 1.21413183327e-11, 1.3108389374e-11, 1.3305979582e-11, 4.18427055157e-12, 1.05232289896e-11, 1.4139405792e-11, 2.49637237965e-11, 5.29605734267e-11, 7.71070707284e-11, 1.05149035312e-10, 1.07838064867e-10, 8.19469769819e-11, 4.30230816251e-11, 2.04154991523e-11, 4.25392325532e-11, 7.90599113953e-11, 6.72881472763e-11, 2.18728403445e-11, 1.27071877326e-11, 1.72746591337e-11, 4.61870732632e-12, 8.4175559318e-13, 1.44181501048e-13],
        "var": [5.3514209867e-05, 0.0343613289297, 1.51240718365, 33.8843231201, 663.850708008, 1593.16015625, 2519.65966797, 4473.93017578, 5532.13671875, 2120.48022461, 1034.96105957, 4352.83349609, 6366.43798828, 7384.19189453, 11018.34375, 4942.18457031, 6598.16503906, 4492.23193359, 1594.75891113, 256.794616699, 220.343002319, 84.7520904541, 63.973777771, 27.6964855194, 0.0912915617228, 0.00772494543344, 0.00712805148214, 0.00494891777635, 0.219417512417, 0.18867175281, 2.1696665287, 0.337827563286, 0.123167455196, 0.247238725424, 0.0261640921235, 0.0076822550036, 0.00181445037015, 7.54318607505e-05, 7.33835122446e-07, 7.72220676293e-10]
    },
    "gfcc": {
        "mean": [-149.076522827, 163.603164673, -82.8976898193, -25.0410842896, -68.6694030762, -13.5583963394, -52.4180107117, -18.0267505646, -28.9519844055, -15.6901063919, -18.8652038574, -8.1763458252, -9.44918060303],
        "cov": [[14207.28125, -128.192779541, -1625.63500977, -933.797973633, 361.063842773, 1026.5390625, -951.822998047, 39.9977493286, -277.562591553, 196.650436401, -180.87147522, 294.031829834, -39.1797332764], [-128.192779541, 1227.80249023, 241.098068237, 201.819656372, 84.5642318726, -384.216796875, 140.600357056, -84.3079147339, 224.729248047, 3.83748888969, 291.087615967, 31.3948173523, 87.2302474976], [-1625.63500977, 241.098068237, 1323.26879883, 416.894775391, -188.720932007, -191.581771851, 72.4624023438, -106.593559265, 55.3210639954, 77.0611038208, 23.6944313049, -139.033416748, -67.8471221924], [-933.797973633, 201.819656372, 416.894775391, 605.974243164, 128.847473145, -133.619567871, 22.2872810364, -59.1107444763, 59.75025177, 57.8166732788, 38.6470413208, -45.5085449219, 56.2731285095], [361.063842773, 84.5642318726, -188.720932007, 128.847473145, 524.424072266, 223.43309021, -103.858146667, -13.0760526657, -76.8009033203, -44.9960441589, -73.607421875, 25.8009395599, 61.3137741089], [1026.5390625, -384.216796875, -191.581771851, -133.619567871, 223.43309021, 597.801513672, -25.3056144714, 62.1399040222, -148.78163147, -42.1165504456, -261.968170166, -27.295381546, 9.85422897339], [-951.822998047, 140.600357056, 72.4624023438, 22.2872810364, -103.858146667, -25.3056144714, 308.763244629, 84.9688873291, 49.1922225952, -43.7472610474, 26.0895633698, 8.70548820496, -1.97944974899], [39.9977493286, -84.3079147339, -106.593559265, -59.1107444763, -13.0760526657, 62.1399040222, 84.9688873291, 176.570587158, 35.7266273499, -11.8418960571, -29.9129905701, 46.6673851013, 7.48225164413], [-277.562591553, 224.729248047, 55.3210639954, 59.75025177, -76.8009033203, -148.78163147, 49.1922225952, 35.7266273499, 243.192138672, 94.5368347168, 86.1044845581, 6.87751579285, 15.587105751], [196.650436401, 3.83748888969, 77.0611038208, 57.8166732788, -44.9960441589, -42.1165504456, -43.7472610474, -11.8418960571, 94.5368347168, 256.83416748, 109.139434814, -23.9633808136, -48.1764030457], [-180.87147522, 291.087615967, 23.6944313049, 38.6470413208, -73.607421875, -261.968170166, 26.0895633698, -29.9129905701, 86.1044845581, 109.139434814, 296.532836914, 81.3100738525, -32.8075485229], [294.031829834, 31.3948173523, -139.033416748, -45.5085449219, 25.8009395599, -27.295381546, 8.70548820496, 46.6673851013, 6.87751579285, -23.9633808136, 81.3100738525, 213.608932495, 67.2354354858], [-39.1797332764, 87.2302474976, -67.8471221924, 56.2731285095, 61.3137741089, 9.85422897339, -1.97944974899, 7.48225164413, 15.587105751, -48.1764030457, -32.8075485229, 67.2354354858, 193.811401367]],
        "icov": [[0.000198936133529, -0.00047446906683, 0.00024599803146, -7.38713206374e-05, 0.000484725547722, -0.000546095659956, 0.000874698802363, -0.0002789189748, 0.000308952410705, -0.000274372432614, 0.000275557220448, -0.000420048454544, 0.000354764779331], [-0.00047446906683, 0.00325103313662, -0.00104682520032, 0.000697626790497, -0.00253734411672, 0.0017953494098, -0.00311150751077, 0.00165409722831, -0.00241149123758, 0.00173446675763, -0.00277597573586, 0.001908342354, -0.00201920745894], [0.00024599803146, -0.00104682520032, 0.00165353424381, -0.00118252262473, 0.00153418513946, -0.000773414853029, 0.00110253924504, -3.03325236928e-06, 0.000754305627197, -0.000656810007058, 0.00111126247793, -0.0005792020238, 0.00117353827227], [-7.38713206374e-05, 0.000697626790497, -0.00118252262473, 0.00334276026115, -0.00219150772318, 0.00147298898082, -0.00132525560912, 0.000601847365033, -0.000509123841766, -0.000664040446281, -0.000135997994221, 0.000800747831818, -0.00155674258713], [0.000484725547722, -0.00253734411672, 0.00153418513946, -0.00219150772318, 0.00564204342663, -0.00354562234133, 0.00407805293798, -0.00126545852982, 0.00176502403338, -0.000171527586645, 0.000895771954674, -0.00165762158576, 0.00144133204594], [-0.000546095659956, 0.0017953494098, -0.000773414853029, 0.00147298898082, -0.00354562234133, 0.00637104269117, -0.00384387932718, 0.000557829218451, 0.000572192599066, -0.0015669669956, 0.00307863508351, 0.000515622028615, -0.000973174988758], [0.000874698802363, -0.00311150751077, 0.00110253924504, -0.00132525560912, 0.00407805293798, -0.00384387932718, 0.00933298934251, -0.00422238511965, 0.00127584685106, 0.000578062259592, 6.98130679666e-05, -0.00140134850517, 0.00205068476498], [-0.0002789189748, 0.00165409722831, -3.03325236928e-06, 0.000601847365033, -0.00126545852982, 0.000557829218451, -0.00422238511965, 0.00966664403677, -0.00296931178309, 0.00020596307877, 0.000898311904166, -0.00167220376898, 1.16702995001e-06], [0.000308952410705, -0.00241149123758, 0.000754305627197, -0.000509123841766, 0.00176502403338, 0.000572192599066, 0.00127584685106, -0.00296931178309, 0.00846855342388, -0.00401318212971, 0.0023735947907, -0.000900747370906, 0.000135512993438], [-0.000274372432614, 0.00173446675763, -0.000656810007058, -0.000664040446281, -0.000171527586645, -0.0015669669956, 0.000578062259592, 0.00020596307877, -0.00401318212971, 0.00843227561563, -0.00589732453227, 0.00270756660029, -0.00026010844158], [0.000275557220448, -0.00277597573586, 0.00111126247793, -0.000135997994221, 0.000895771954674, 0.00307863508351, 6.98130679666e-05, 0.000898311904166, 0.0023735947907, -0.00589732453227, 0.0127737168223, -0.0060022152029, 0.00384743558243], [-0.000420048454544, 0.001908342354, -0.0005792020238, 0.000800747831818, -0.00165762158576, 0.000515622028615, -0.00140134850517, -0.00167220376898, -0.000900747370906, 0.00270756660029, -0.0060022152029, 0.0094581944868, -0.00438236026093], [0.000354764779331, -0.00201920745894, 0.00117353827227, -0.00155674258713, 0.00144133204594, -0.000973174988758, 0.00205068476498, 1.16702995001e-06, 0.000135512993438, -0.00026010844158, 0.00384743558243, -0.00438236026093, 0.0087134083733]]
    },
    "melbands": {
        "dmean": [2.40180470428e-05, 0.000122307697893, 0.000619511585683, 0.000825495459139, 0.000568462535739, 0.000410874752561, 0.000277765939245, 0.000124761252664, 5.50638433197e-05, 7.24774290575e-05, 7.02182369423e-05, 4.85215641675e-05, 4.82937539346e-05, 3.47538916685e-05, 1.89693619177e-05, 2.66468232439e-05, 1.25596416183e-05, 7.70773385739e-06, 3.88473426938e-06, 4.52616768598e-06, 1.61174023106e-06, 7.59952001772e-07, 4.03411945626e-07, 2.53974661746e-07, 2.60037239741e-07, 3.39898598156e-08, 2.40620856573e-08, 1.6086893595e-08, 9.98154092713e-09, 9.46533518231e-09, 7.97749866166e-09, 3.12494101706e-08, 4.37182521296e-08, 1.79374399778e-08, 9.73220437572e-08, 1.78617185043e-07, 9.62780077884e-09, 2.86066104138e-08, 7.05696123759e-08, 5.57780239774e-08],
        "dmean2": [3.58528668585e-05, 0.00018264647224, 0.000958284013905, 0.00130358699244, 0.000883533095475, 0.000661843747366, 0.000460871757241, 0.000191448198166, 8.42160516186e-05, 0.000102769401565, 0.000102637612144, 7.19095914974e-05, 7.04570848029e-05, 5.29744102096e-05, 3.01164436678e-05, 4.15195318055e-05, 1.96508808585e-05, 1.22404062495e-05, 6.38564188193e-06, 7.29540852262e-06, 2.57900865108e-06, 1.22120650303e-06, 6.39156723992e-07, 4.28089407478e-07, 4.02798008281e-07, 5.45804610397e-08, 4.03584614617e-08, 2.761189144e-08, 1.65804543428e-08, 1.52159422839e-08, 1.31778863377e-08, 4.69649954482e-08, 6.32476329088e-08, 2.7216715992e-08, 1.41232476381e-07, 2.52370682574e-07, 1.63903308703e-08, 4.63782932059e-08, 1.0906541803e-07, 8.72473577829e-08],
        "dvar": [4.94597562906e-09, 1.00490730404e-07, 1.61299874435e-06, 2.7245309866e-06, 1.14946317353e-06, 6.69164649025e-07, 3.82156969181e-07, 7.572586469e-08, 2.21720615201e-08, 4.83005955232e-08, 5.78956509401e-08, 3.93080696881e-08, 2.73906159975e-08, 2.18130882246e-08, 8.88737261562e-09, 1.47898280289e-08, 5.88875348484e-09, 2.79161649352e-09, 4.95145979773e-10, 1.12432085864e-09, 6.69578559265e-11, 3.82293224854e-11, 2.17843677125e-11, 1.39411945529e-11, 1.09240377161e-11, 4.78697959635e-15, 4.10217971652e-15, 3.59884394014e-15, 1.43056686187e-15, 4.46766935106e-15, 8.12465903254e-16, 5.74703519908e-14, 6.17777923544e-14, 6.48280460889e-14, 5.48066800277e-13, 1.81897552576e-12, 2.26977661282e-15, 3.05779503823e-14, 2.43948768521e-13, 1.40195363998e-13],
        "dvar2": [1.01690842413e-08, 2.08415457337e-07, 4.07019342674e-06, 6.67547510602e-06, 2.78817174149e-06, 1.80411620931e-06, 1.07073185518e-06, 1.76961705733e-07, 5.21719840663e-08, 1.06180451098e-07, 1.27480745959e-07, 9.22153091665e-08, 5.99723009032e-08, 5.03095236581e-08, 2.01351131324e-08, 3.26448983401e-08, 1.33401680813e-08, 6.7461027875e-09, 1.34497357696e-09, 2.8940756458e-09, 1.67523855898e-10, 9.48986722538e-11, 5.10168018941e-11, 3.294101103e-11, 2.01538889744e-11, 1.14301988623e-14, 9.69836715683e-15, 1.00001328087e-14, 3.71809008549e-15, 9.65673125231e-15, 2.11142147399e-15, 1.0617432633e-13, 1.21316978273e-13, 1.30316140908e-13, 1.19306647894e-12, 4.00056637123e-12, 5.90833813962e-15, 7.5451499432e-14, 6.30414882623e-13, 3.43955468491e-13],
        "max": [0.0011262363987, 0.00743473088369, 0.0212201420218, 0.0245196055621, 0.017240954563, 0.0141367334872, 0.0104237934574, 0.00507982121781, 0.0027832116466, 0.00594182731584, 0.00576846674085, 0.00604887353256, 0.00394756672904, 0.00385635020211, 0.00308828405105, 0.00446622446179, 0.00333213014528, 0.00231041037478, 0.000523419759702, 0.00131630781107, 0.000310533883749, 0.000326213688822, 0.000290599884465, 0.000255037273746, 0.000247124204179, 1.51447443386e-06, 1.9638998765e-06, 2.07168341149e-06, 1.91194362742e-06, 5.46427600057e-06, 7.01812098214e-07, 6.93429728926e-06, 5.06466676597e-06, 1.4920788999e-05, 1.71884184965e-05, 2.31177145906e-05, 9.55665655056e-07, 3.56005466529e-06, 1.0589204976e-05, 6.7573182605e-06],
        "mean": [4.61952440673e-05, 0.000220915782847, 0.00115689670201, 0.00182323704939, 0.00149174511898, 0.000998283852823, 0.000617328449152, 0.000319286278682, 0.000144071440445, 0.000196470035007, 0.000166894256836, 0.000117375020636, 0.0001202232379, 8.01587593742e-05, 3.87255895475e-05, 5.38069689355e-05, 2.82955516013e-05, 1.56285277626e-05, 7.1939261943e-06, 7.19164245311e-06, 2.63766696662e-06, 1.85274086562e-06, 8.12879932255e-07, 3.66714147049e-07, 3.95772843831e-07, 6.48603730724e-08, 4.48884129867e-08, 2.93512059102e-08, 2.01341130435e-08, 1.89482065593e-08, 1.5532306108e-08, 5.79064511896e-08, 1.00842378004e-07, 3.56458293993e-08, 1.04166154813e-07, 1.81931270049e-07, 1.21672885101e-08, 3.72759174638e-08, 8.24035808478e-08, 6.05853927027e-08],
        "median": [5.17723401572e-06, 3.84939048672e-05, 0.000603041087743, 0.00114427879453, 0.000906464993022, 0.000333985575708, 0.000185406781384, 0.000118551448395, 4.78302135889e-05, 3.27141096932e-05, 2.30878613365e-05, 5.2573159337e-06, 5.9067838265e-06, 4.01134821004e-06, 1.79629284958e-06, 2.22105654757e-06, 1.05217475266e-06, 5.26279109181e-07, 2.56174160995e-07, 6.50795072943e-07, 3.66076449154e-07, 1.86080157505e-07, 1.12285519549e-07, 7.3789436783e-08, 5.41287725753e-08, 2.90585351337e-08, 2.25684768651e-08, 1.48390340016e-08, 1.17418190726e-08, 9.31877863763e-09, 7.16155756919e-09, 7.88107357153e-09, 6.32590380079e-09, 4.51742643293e-09, 5.01879515724e-09, 3.74627484589e-09, 2.41750663932e-09, 2.8399933516e-09, 2.81043388561e-09, 2.15660089786e-09],
        "min": [1.01389268069e-16, 3.93396709942e-17, 3.14343290411e-17, 4.74746879162e-17, 5.31775357569e-17, 8.29737593263e-17, 7.21864109312e-17, 5.07069093946e-17, 4.90196098375e-17, 3.17384403389e-17, 9.39457807562e-17, 5.38706932579e-17, 2.17294672459e-17, 4.82185052666e-17, 3.94504701829e-17, 2.29003959969e-17, 2.42377468696e-17, 2.40002136849e-17, 1.6208091251e-17, 1.22635167183e-17, 3.64983891353e-18, 6.87363969333e-18, 2.0276785889e-17, 1.15528478037e-17, 1.79399857693e-17, 4.0292808053e-17, 4.24895284447e-17, 5.22955891704e-17, 6.50607859671e-17, 6.35440675959e-17, 6.48925705177e-17, 4.91059641847e-17, 3.67965372881e-17, 1.76174779746e-17, 1.06698953656e-17, 1.21191985168e-17, 3.09461104999e-17, 5.13267025927e-17, 6.47630009465e-17, 5.51599667391e-17],
        "var": [1.23946506392e-08, 2.46018913685e-07, 2.62334310719e-06, 4.91559012517e-06, 3.11595704261e-06, 2.30391970035e-06, 1.00248769286e-06, 2.53974150155e-07, 6.44640465453e-08, 1.85757997428e-07, 1.67974505416e-07, 1.1709289538e-07, 1.05345684176e-07, 6.60823786802e-08, 2.50583873651e-08, 4.55394086885e-08, 1.90385662791e-08, 7.0527095275e-09, 9.19730680504e-10, 1.87028659226e-09, 1.28309668446e-10, 1.44134010283e-10, 3.86314522038e-11, 2.2402449687e-11, 2.6067592529e-11, 1.10284977223e-14, 6.78809493424e-15, 4.21668967714e-15, 1.66885332356e-15, 5.40066640158e-15, 1.22613609533e-15, 1.00606189232e-13, 1.64174460159e-13, 8.30054951097e-14, 6.17936095088e-13, 2.09901020176e-12, 2.41736786872e-15, 4.08990095751e-14, 2.32800703628e-13, 1.53683733491e-13]
    },
    "mfcc": {
        "mean": [-811.921203613, 206.321029663, 27.4153423309, -5.46663331985, -6.26080179214, -12.0333948135, -18.7169342041, -13.9811630249, -16.5159740448, -18.3451499939, -11.5642166138, -12.8198375702, -8.16979789734],
        "cov": [[8269.20410156, 1424.02282715, -1526.46557617, -1004.74700928, 365.941741943, 456.886688232, 138.98034668, 398.900787354, 267.031982422, -67.7427749634, -31.0034675598, -378.039764404, -42.258026123], [1424.02282715, 1510.81884766, 142.170761108, 12.0106267929, -34.0937614441, -65.2040405273, -42.8169631958, 30.412519455, -47.7832221985, -64.4103546143, -37.3466720581, 180.488998413, 95.1317596436], [-1526.46557617, 142.170761108, 1257.58459473, 493.780029297, -84.6099395752, -67.6096191406, -75.8564682007, -183.991516113, -68.255859375, 63.4194641113, 57.9280700684, 123.021606445, 9.97166824341], [-1004.74700928, 12.0106267929, 493.780029297, 631.668579102, 95.6785583496, -29.7096748352, -51.605922699, -125.398925781, -48.3169288635, -2.96622467041, 41.1450157166, 118.354202271, 87.2279434204], [365.941741943, -34.0937614441, -84.6099395752, 95.6785583496, 417.420654297, 218.785171509, 40.1133918762, -43.5135803223, 33.5844459534, 1.8048003912, -23.5522232056, -71.750793457, -40.5465621948], [456.886688232, -65.2040405273, -67.6096191406, -29.7096748352, 218.785171509, 320.227600098, 107.018127441, -4.79210948944, 74.0414733887, 91.4100265503, 27.3105697632, -78.9446029663, -52.8278656006], [138.98034668, -42.8169631958, -75.8564682007, -51.605922699, 40.1133918762, 107.018127441, 210.575866699, 102.254005432, 34.638381958, 10.2009410858, 7.54327487946, -35.4621200562, -33.1043624878], [398.900787354, 30.412519455, -183.991516113, -125.398925781, -43.5135803223, -4.79210948944, 102.254005432, 316.067626953, 112.730911255, -23.4380321503, -52.8285636902, -55.5270004272, 16.8931007385], [267.031982422, -47.7832221985, -68.255859375, -48.3169288635, 33.5844459534, 74.0414733887, 34.638381958, 112.730911255, 264.516082764, 85.705039978, 0.0111293355003, -135.366241455, -5.99681663513], [-67.7427749634, -64.4103546143, 63.4194641113, -2.96622467041, 1.8048003912, 91.4100265503, 10.2009410858, -23.4380321503, 85.705039978, 250.447006226, 106.644462585, 32.2750282288, -91.6406936646], [-31.0034675598, -37.3466720581, 57.9280700684, 41.1450157166, -23.5522232056, 27.3105697632, 7.54327487946, -52.8285636902, 0.0111293355003, 106.644462585, 185.445541382, 103.74974823, -2.32915401459], [-378.039764404, 180.488998413, 123.021606445, 118.354202271, -71.750793457, -78.9446029663, -35.4621200562, -55.5270004272, -135.366241455, 32.2750282288, 103.74974823, 410.99798584, 138.076309204], [-42.258026123, 95.1317596436, 9.97166824341, 87.2279434204, -40.5465621948, -52.8278656006, -33.1043624878, 16.8931007385, -5.99681663513, -91.6406936646, -2.32915401459, 138.076309204, 330.801422119]],
