{
"lowlevel": {
    "average_loudness": 0.86125421524,
    "barkbands_crest": {
        "dmean": 2.51790046692,
        "dmean2": 3.86613321304,
        "dvar": 7.51083087921,
        "dvar2": 15.0955018997,
        "max": 26.4547138214,
        "mean": 11.8464593887,
        "median": 10.5513353348,
        "min": 2.28155612946,
        "var": 30.7768230438
    },
    "barkbands_flatness_db": {
        "dmean": 0.0294312741607,
        "dmean2": 0.0422170311213,
        "dvar": 0.000945055682678,
        "dvar2": 0.00171402003616,
        "max": 0.452735096216,
        "mean": 0.1794154495,
        "median": 0.171837687492,
        "min": 0.0295967720449,
        "var": 0.00533294538036
    },
    "barkbands_kurtosis": {
        "dmean": 4.98872661591,
        "dmean2": 7.33102178574,
        "dvar": 193.281021118,
        "dvar2": 353.539978027,
        "max": 478.765563965,
        "mean": 7.95704698563,
        "median": 2.54676198959,
        "min": -1.73712670803,
        "var": 465.349700928
    },
    "barkbands_skewness": {
        "dmean": 0.670005500317,
        "dmean2": 0.983529150486,
        "dvar": 0.739497542381,
        "dvar2": 1.32386231422,
        "max": 19.080789566,
        "mean": 1.61482346058,
        "median": 1.27629971504,
        "min": -2.82409334183,
        "var": 3.10089278221
    },
    "barkbands_spread": {
        "dmean": 5.53347826004,
        "dmean2": 8.92695617676,
        "dvar": 61.3163299561,
        "dvar2": 144.520477295,
        "max": 76.8778991699,
        "mean": 15.0598430634,
        "median": 12.1786670685,
        "min": 0.192278161645,
        "var": 130.226333618
    },
    "dissonance": {
        "dmean": 0.0277419369668,
        "dmean2": 0.0459893457592,
        "dvar": 0.000760628259741,
        "dvar2": 0.00201180158183,
        "max": 0.499999970198,
        "mean": 0.438928872347,
        "median": 0.448603630066,
        "min": 0.183739572763,
        "var": 0.00191705115139
    },
    "dynamic_complexity": 4.23465108871,
    "erbbands_crest": {
        "dmean": 2.90128517151,
        "dmean2": 4.61961555481,
        "dvar": 9.68518733978,
        "dvar2": 21.8427391052,
        "max": 33.3954582214,
        "mean": 12.1637163162,
        "median": 10.4323749542,
        "min": 2.4836359024,
        "var": 42.0371665955
    },
    "erbbands_flatness_db": {
        "dmean": 0.023992260918,
        "dmean2": 0.0357116833329,
        "dvar": 0.00067978235893,
        "dvar2": 0.00135071424302,
        "max": 0.466887146235,
        "mean": 0.197088137269,
        "median": 0.188020408154,
        "min": 0.0631313547492,
        "var": 0.00408587651327
    },
    "erbbands_kurtosis": {
        "dmean": 2.18100214005,
        "dmean2": 3.58085942268,
        "dvar": 29.590133667,
        "dvar2": 71.1795730591,
        "max": 119.368385315,
        "mean": 2.69989109039,
        "median": 0.7458370924,
        "min": -1.81223714352,
        "var": 59.7913970947
    },
    "erbbands_skewness": {
        "dmean": 0.470825970173,
        "dmean2": 0.738837182522,
        "dvar": 0.306492090225,
        "dvar2": 0.708572924137,
        "max": 8.92437076569,
        "mean": 0.753287196159,
        "median": 0.582073092461,
        "min": -1.74633133411,
        "var": 1.11086416245
    },
    "erbbands_spread": {
        "dmean": 9.1059885025,
        "dmean2": 14.7614603043,
        "dvar": 144.465866089,
        "dvar2": 366.117553711,
        "max": 116.04499054,
        "mean": 27.2703437805,
        "median": 24.1345596313,
        "min": 0.50136089325,
        "var": 277.254455566
    },
    "hfc": {
        "dmean": 8.56954097748,
        "dmean2": 13.5037937164,
        "dvar": 482.770111084,
        "dvar2": 1139.40637207,
        "max": 238.746032715,
        "mean": 14.5378084183,
        "median": 8.06266212463,
        "min": 1.22097245013e-16,
        "var": 563.639831543
    },
    "melbands_crest": {
        "dmean": 3.10090732574,
        "dmean2": 4.82386636734,
        "dvar": 11.4099493027,
        "dvar2": 26.1205635071,
        "max": 35.2706069946,
        "mean": 15.9187517166,
        "median": 14.5069713593,
        "min": 2.84150791168,
        "var": 50.7276153564
    },
    "melbands_flatness_db": {
        "dmean": 0.0365400500596,
        "dmean2": 0.0519867800176,
        "dvar": 0.00154128286522,
        "dvar2": 0.00276371464133,
        "max": 0.58400529623,
        "mean": 0.244098067284,
        "median": 0.235765904188,
        "min": 0.00660959957168,
        "var": 0.00806565303355
    },
    "melbands_kurtosis": {
        "dmean": 8.50682163239,
        "dmean2": 12.6147794724,
        "dvar": 409.914855957,
        "dvar2": 747.985412598,
        "max": 612.064880371,
        "mean": 14.7668228149,
        "median": 5.1458325386,
        "min": -1.48693466187,
        "var": 1114.28442383
    },
    "melbands_skewness": {
        "dmean": 0.79816198349,
        "dmean2": 1.18122541904,
        "dvar": 1.01696372032,
        "dvar2": 1.88818442822,
        "max": 17.063999176,
        "mean": 2.20593619347,
        "median": 1.72188806534,
        "min": -2.60968947411,
        "var": 4.30505800247
    },
    "melbands_spread": {
        "dmean": 6.88244628906,
        "dmean2": 10.5762176514,
        "dvar": 140.046524048,
        "dvar2": 299.178649902,
        "max": 132.435821533,
        "mean": 18.4789657593,
        "median": 14.1953086853,
        "min": 0.397390991449,
        "var": 276.030761719
    },
    "pitch_salience": {
        "dmean": 0.0773095935583,
        "dmean2": 0.121206745505,
        "dvar": 0.00792675837874,
        "dvar2": 0.0173996128142,
        "max": 0.908753454685,
        "mean": 0.504573583603,
        "median": 0.514255702496,
        "min": 0.0695306360722,
        "var": 0.0239244867116
    },
    "silence_rate_20dB": {
        "dmean": 0,
        "dmean2": 0,
        "dvar": 0,
        "dvar2": 0,
        "max": 1,
        "mean": 1,
        "median": 1,
        "min": 1,
        "var": 0
    },
    "silence_rate_30dB": {
        "dmean": 0.0380092635751,
        "dmean2": 0.0760275572538,
        "dvar": 0.0365646928549,
        "dvar2": 0.0707202404737,
        "max": 1,
        "mean": 0.912114024162,
        "median": 1,
        "min": 0,
        "var": 0.0801655352116
    },
    "silence_rate_60dB": {
        "dmean": 0.0296947378665,
        "dmean2": 0.0593965314329,
        "dvar": 0.0288158245385,
        "dvar2": 0.0632395893335,
        "max": 1,
        "mean": 0.127434685826,
        "median": 0,
        "min": 0,
        "var": 0.111190721393
    },
    "spectral_centroid": {
        "dmean": 257.263793945,
        "dmean2": 392.002288818,
        "dvar": 143929.53125,
        "dvar2": 287116.84375,
        "max": 10712.2792969,
        "mean": 1055.6763916,
        "median": 897.758666992,
        "min": 180.43838501,
        "var": 391637.8125
    },
    "spectral_complexity": {
        "dmean": 3.61848211288,
        "dmean2": 5.54454755783,
        "dvar": 41.7146072388,
        "dvar2": 73.2468414307,
        "max": 65,
        "mean": 13.2849168777,
        "median": 11,
        "min": 0,
        "var": 95.759552002
    },
    "spectral_decrease": {
        "dmean": 2.75346812018e-09,
        "dmean2": 3.74909125966e-09,
        "dvar": 3.50781787534e-17,
        "dvar2": 4.57044320698e-17,
        "max": 6.30173425971e-29,
        "mean": -7.64717533741e-09,
        "median": -3.80695297508e-09,
        "min": -6.28132639235e-08,
        "var": 1.42786276213e-16
    },
    "spectral_energy": {
        "dmean": 0.0110085457563,
        "dmean2": 0.0151209998876,
        "dvar": 0.000517792068422,
        "dvar2": 0.000687830208335,
        "max": 0.238694444299,
        "mean": 0.0301808677614,
        "median": 0.015312185511,
        "min": 1.08367308386e-20,
        "var": 0.00208778469823
    },
    "spectral_energyband_high": {
        "dmean": 0.000724815821741,
        "dmean2": 0.00119605637155,
        "dvar": 5.37955793334e-06,
        "dvar2": 1.33917365019e-05,
        "max": 0.0235054735094,
        "mean": 0.000650431902613,
        "median": 9.72332927631e-05,
        "min": 8.2146636164e-21,
        "var": 4.9088284868e-06
    },
    "spectral_energyband_low": {
        "dmean": 0.00803320482373,
        "dmean2": 0.0107520129532,
        "dvar": 0.000541553192306,
        "dvar2": 0.000711908622179,
        "max": 0.235225662589,
        "mean": 0.017295461148,
        "median": 0.00230785249732,
        "min": 7.97524112573e-23,
        "var": 0.00180647987872
    },
    "spectral_energyband_middle_high": {
        "dmean": 0.00176597957034,
        "dmean2": 0.00277896248735,
        "dvar": 1.34185311254e-05,
        "dvar2": 3.03689557768e-05,
        "max": 0.0589783638716,
        "mean": 0.00351466750726,
        "median": 0.00163059029728,
        "min": 1.40378790156e-21,
        "var": 2.75880884146e-05
    },
    "spectral_energyband_middle_low": {
        "dmean": 0.00532429944724,
        "dmean2": 0.0093359304592,
        "dvar": 0.000245682516834,
        "dvar2": 0.000693408481311,
        "max": 0.147561609745,
        "mean": 0.00972533319145,
        "median": 0.00604234961793,
        "min": 2.5420816741e-22,
        "var": 0.000196127293748
    },
    "spectral_entropy": {
        "dmean": 0.25788089633,
        "dmean2": 0.397839963436,
        "dvar": 0.0902935862541,
        "dvar2": 0.185865774751,
        "max": 9.80547428131,
        "mean": 7.20945882797,
        "median": 7.25532245636,
        "min": 4.85558271408,
        "var": 0.357576400042
    },
    "spectral_flux": {
        "dmean": 0.0331172309816,
        "dmean2": 0.0483499988914,
        "dvar": 0.0026188287884,
        "dvar2": 0.00447414955124,
        "max": 0.456422507763,
        "mean": 0.0728132873774,
        "median": 0.0432561561465,
        "min": 1.04099617815e-10,
        "var": 0.0066456287168
    },
    "spectral_kurtosis": {
        "dmean": 3.56361722946,
        "dmean2": 5.91209316254,
        "dvar": 23.1098709106,
        "dvar2": 59.8502807617,
        "max": 61.4984359741,
        "mean": 7.44339513779,
        "median": 4.97772884369,
        "min": -1.17568612099,
        "var": 56.8223762512
    },
    "spectral_rms": {
        "dmean": 0.000839188927785,
        "dmean2": 0.00118207756896,
        "dvar": 1.86231079624e-06,
        "dvar2": 2.69823999588e-06,
        "max": 0.0152601646259,
        "mean": 0.00445261970162,
        "median": 0.00386506365612,
        "min": 3.25152578473e-12,
        "var": 9.61895693763e-06
    },
    "spectral_rolloff": {
        "dmean": 425.489593506,
        "dmean2": 700.237426758,
        "dvar": 768620.25,
        "dvar2": 1749518,
        "max": 18324.7558594,
        "mean": 1106.24584961,
        "median": 796.728515625,
        "min": 64.599609375,
        "var": 1131256
    },
    "spectral_skewness": {
        "dmean": 0.407052665949,
        "dmean2": 0.656740248203,
        "dvar": 0.20175768435,
        "dvar2": 0.491450488567,
        "max": 6.05517578125,
        "mean": 1.93125808239,
        "median": 1.7579754591,
        "min": 0.0478858053684,
        "var": 0.699681162834
    },
    "spectral_spread": {
        "dmean": 815533.375,
        "dmean2": 1303170.875,
        "dvar": 1.41434054246e+12,
        "dvar2": 3.10982528205e+12,
        "max": 39468076,
        "mean": 4009875.5,
        "median": 3873703.5,
        "min": 867896.6875,
        "var": 2.52513825587e+12
    },
    "spectral_strongpeak": {
        "dmean": 0.401308089495,
        "dmean2": 0.669731080532,
        "dvar": 0.420778512955,
        "dvar2": 1.00680577755,
        "max": 7.32668066025,
        "mean": 1.01203048229,
        "median": 0.552449703217,
        "min": 5.62117508096e-09,
        "var": 1.26953160763
    },
    "zerocrossingrate": {
        "dmean": 0.0100849596784,
        "dmean2": 0.0122778546065,
        "dvar": 0.000168104932527,
        "dvar2": 0.000208454759559,
        "max": 0.5087890625,
        "mean": 0.0439888648689,
        "median": 0.03955078125,
        "min": 0.00244140625,
        "var": 0.0007055804017
    },
    "barkbands": {
        "dmean": [0.00024282358936, 0.0073474990204, 0.00278618233278, 0.00173672777601, 0.00219552800991, 0.000875982979778, 0.000355785217835, 0.000580495689064, 0.000714103574865, 0.000435253110481, 0.000474837899674, 0.000322304695146, 0.000197859844775, 0.000164212659001, 0.000142981501995, 0.000177422640263, 0.000177619513124, 0.000193494866835, 0.000162321026437, 0.00018911571533, 0.000186345700058, 0.000188896141481, 0.000117403702461, 8.99431761354e-05, 6.64622493787e-05, 1.20577678899e-05, 9.84738221632e-07],
        "dmean2": [0.000322328676702, 0.0095567330718, 0.00486786942929, 0.00326400413178, 0.00395621405914, 0.00151095783804, 0.000598090118729, 0.000895973178558, 0.00114865496289, 0.000733755063266, 0.00076874269871, 0.000517078384291, 0.00031313841464, 0.00026427116245, 0.000230224948609, 0.000292153825285, 0.000304859597236, 0.000297921797028, 0.000256651459495, 0.000306053319946, 0.000315578654408, 0.000314842327498, 0.000198545050807, 0.000154190624016, 0.000115839546197, 2.01578695851e-05, 1.69643476511e-06],
        "dvar": [4.94306789278e-07, 0.000515600899234, 0.000143757002661, 5.5486416386e-05, 6.93949405104e-05, 4.97702694702e-06, 6.40536143237e-07, 2.50640528066e-06, 4.26387077823e-06, 2.36579808188e-06, 2.35733364207e-06, 4.79116636143e-07, 2.54239637343e-07, 1.86266802871e-07, 1.10402623932e-07, 2.22962810881e-07, 2.74390515642e-07, 4.11773896758e-07, 3.14091863629e-07, 5.10780012064e-07, 4.28105664696e-07, 3.06087173385e-07, 1.10482702098e-07, 1.36107317417e-07, 4.66515039932e-08, 2.3386137471e-09, 1.83022104416e-11],
        "dvar2": [8.3403131157e-07, 0.000638739962596, 0.000381733669201, 0.000163982374943, 0.000200540554943, 1.44007963172e-05, 1.75164882421e-06, 5.74625983063e-06, 1.13849828267e-05, 6.60513478579e-06, 6.39955715087e-06, 1.17137233246e-06, 5.8201368347e-07, 4.55105521269e-07, 2.60891425796e-07, 5.48245168375e-07, 7.46621992676e-07, 9.01791395336e-07, 7.27764188468e-07, 1.2310731563e-06, 1.12999691737e-06, 7.56331417051e-07, 2.78154402622e-07, 3.66055303402e-07, 1.21672997011e-07, 6.15476958288e-09, 5.15101086784e-11],
        "max": [0.0114428894594, 0.227614432573, 0.1078216061, 0.0708989277482, 0.0846694856882, 0.0392142049968, 0.0150036048144, 0.0352204591036, 0.0399316512048, 0.037958741188, 0.0377339273691, 0.0126780914143, 0.0115293059498, 0.0100180059671, 0.00436989404261, 0.00615009199828, 0.00643706321716, 0.00862605683506, 0.00726373074576, 0.00933902617544, 0.00700354436412, 0.00649205129594, 0.00350754428655, 0.0039094844833, 0.00223892228678, 0.00160915858578, 8.92770185601e-05],
        "mean": [0.000467341364129, 0.0139658814296, 0.00206225155853, 0.00147508713417, 0.00246851425618, 0.00153074995615, 0.000695730093867, 0.00132339179981, 0.00180856883526, 0.00067104032496, 0.000963294296525, 0.000495664775372, 0.000284452456981, 0.000241513058427, 0.000186974182725, 0.000220402871491, 0.000193587256945, 0.000217194537981, 0.00016819499433, 0.000179826252861, 0.00016621829127, 0.000160389696248, 9.77313320618e-05, 7.17549701221e-05, 5.2669460274e-05, 1.1530161828e-05, 8.80552192939e-07],
        "median": [3.67772045138e-05, 0.00124283973128, 0.000143080920679, 0.000330443726853, 0.000981757650152, 0.00076729117427, 0.000263127789367, 0.000446920399554, 0.000392064568587, 0.00018627748068, 0.000232711812714, 0.00018125869974, 6.70281297062e-05, 6.49862340651e-05, 5.03139672219e-05, 5.20750691066e-05, 3.84186496376e-05, 3.51726121153e-05, 2.80487183772e-05, 2.42710011662e-05, 2.3044529371e-05, 1.90029859368e-05, 1.05630715552e-05, 6.46661328574e-06, 3.54467965735e-06, 1.06712343495e-06, 2.49000642327e-08],
        "min": [2.0432321016e-23, 1.59407584364e-23, 1.10219598346e-23, 7.95746083202e-23, 5.21088665821e-23, 2.59196216955e-23, 1.4218676658e-23, 3.83091460622e-23, 4.17447078797e-23, 7.67891404638e-23, 8.12384548088e-23, 7.32348677019e-23, 4.44165923874e-23, 9.20979077192e-23, 2.36394703672e-22, 6.30815020997e-23, 1.52328775741e-22, 2.40743056442e-22, 2.04768891328e-22, 3.71349467996e-22, 5.58992189072e-22, 6.46209610008e-22, 6.19449479106e-22, 7.39236934713e-22, 1.11121930897e-21, 1.75611473982e-21, 2.69773627479e-21],
        "var": [1.16781734505e-06, 0.00146416621283, 9.83483623713e-05, 3.07187474391e-05, 4.17847513745e-05, 5.02929788126e-06, 1.10448604573e-06, 8.2518608906e-06, 1.80985189218e-05, 4.7933285714e-06, 6.05240938967e-06, 7.76999684149e-07, 5.69572819131e-07, 3.50050328279e-07, 1.72599172288e-07, 2.68705832696e-07, 2.81859684037e-07, 4.89566161832e-07, 3.24355085013e-07, 4.79626010019e-07, 3.572452556e-07, 2.79718818774e-07, 9.95958870931e-08, 9.82882966127e-08, 3.68973687159e-08, 2.09834394305e-09, 1.37127384101e-11]
    },
    "erbbands": {
        "dmean": [0.307040095329, 1.53299558163, 3.21155667305, 4.51935243607, 6.90784835815, 7.47735929489, 7.49192667007, 6.66787242889, 5.26448869705, 6.76340293884, 14.6457967758, 16.7034244537, 15.9559850693, 13.6066865921, 15.6018066406, 13.8043785095, 8.93436527252, 9.65834331512, 5.7851023674, 8.16665077209, 9.95225143433, 9.75872039795, 8.52548694611, 10.6156702042, 8.94374656677, 8.50790500641, 7.15580272675, 7.34325742722, 6.74824857712, 5.87812662125, 3.04827189445, 2.15333771706, 1.33525633812, 0.84018266201, 0.391814738512, 0.103049173951, 0.0133156981319, 0.00215072929859, 0.000167795136804, 1.63389431691e-05],
        "dmean2": [0.371403574944, 2.04741358757, 5.30505657196, 8.23696136475, 12.7704238892, 13.394536972, 12.9516992569, 11.3695802689, 8.81604957581, 10.7450675964, 22.5581321716, 26.7005939484, 26.6399345398, 22.4187545776, 25.2615242004, 21.9755420685, 13.9921998978, 15.343255043, 9.39239501953, 13.1934328079, 16.748374939, 16.8575496674, 13.2095422745, 17.0618419647, 14.2103300095, 13.6856412888, 11.9020175934, 12.2131271362, 11.3413286209, 10.0261335373, 5.04739284515, 3.65942621231, 2.30405068398, 1.45286691189, 0.684948563576, 0.178110837936, 0.0215114653111, 0.00355216278695, 0.000289118150249, 2.35699299083e-05],
        "dvar": [0.848802030087, 24.2670574188, 167.031173706, 373.799346924, 819.771057129, 772.93927002, 479.028991699, 263.50680542, 148.36517334, 270.236083984, 1653.27783203, 2711.47192383, 2781.01733398, 2534.63549805, 1235.75842285, 828.642089844, 459.838867188, 589.109008789, 149.24079895, 373.676483154, 756.62322998, 973.417907715, 652.823181152, 1529.99023438, 1103.10644531, 1004.9329834, 685.601318359, 583.944396973, 353.034240723, 335.351379395, 85.9522323608, 67.8483581543, 29.7693691254, 8.24880409241, 1.46910238266, 0.137363135815, 0.00325219822116, 7.07429353497e-05, 5.17799094268e-07, 9.61618007445e-10],
        "dvar2": [1.04022276402, 36.2789001465, 418.671234131, 1070.26953125, 2390.71728516, 2236.64501953, 1383.0291748, 743.69342041, 405.94354248, 658.284423828, 3721.73413086, 6955.85498047, 7590.51904297, 6866.94580078, 3363.24169922, 1978.62280273, 1056.27197266, 1436.42382812, 366.916320801, 889.969970703, 1921.46972656, 2666.3371582, 1308.0168457, 3768.31201172, 2622.6796875, 2409.75756836, 1777.46203613, 1483.03161621, 878.79510498, 870.602844238, 210.319732666, 180.414108276, 80.4687728882, 21.3418807983, 3.84269165993, 0.364158987999, 0.00832607597113, 0.000187904704944, 1.45942203744e-06, 1.69044611642e-09],
        "max": [10.1578016281, 49.268081665, 114.921737671, 185.001052856, 338.450897217, 293.846893311, 344.964599609, 225.844161987, 203.282653809, 405.375427246, 980.091369629, 1117.21948242, 1469.27355957, 1464.53149414, 606.995727539, 652.902099609, 452.393371582, 566.328613281, 156.751785278, 304.283172607, 398.631011963, 392.97769165, 355.010131836, 597.965209961, 396.263977051, 418.686218262, 301.592407227, 292.691223145, 229.876861572, 200.427459717, 92.7937088013, 92.8152694702, 58.0635643005, 32.6457290649, 24.1742267609, 9.6015329361, 1.92787086964, 0.203950405121, 0.018958138302, 0.000294188008411],
        "mean": [0.499162554741, 2.72728037834, 2.82084798813, 4.00918245316, 6.21241521835, 8.50591468811, 12.0331993103, 11.2963829041, 10.6531763077, 15.4084157944, 35.3274765015, 44.4658622742, 28.4445705414, 26.4937095642, 30.0649642944, 23.0192203522, 14.1908493042, 14.9506750107, 8.449177742, 11.0481405258, 12.1125631332, 10.537733078, 10.596370697, 10.7292766571, 8.75415229797, 8.14545154572, 6.66911125183, 6.51436328888, 5.75183153152, 4.68576908112, 2.58698153496, 1.73226797581, 1.05727148056, 0.664559721947, 0.315660983324, 0.0869144722819, 0.014644482173, 0.0022735320963, 0.000160028299433, 3.83731858165e-05],
        "median": [0.0472703240812, 0.21890757978, 0.226468890905, 0.866834521294, 1.6155025959, 3.41179537773, 5.36412572861, 5.56508922577, 3.83196663857, 5.84467124939, 14.275636673, 10.0902442932, 7.76523303986, 6.65683937073, 8.56520080566, 9.03135204315, 4.56335878372, 4.39203643799, 3.0875878334, 3.23520946503, 3.27743625641, 2.22813749313, 1.99084544182, 1.66931116581, 1.3282585144, 1.10080742836, 0.918669700623, 0.930251657963, 0.701192855835, 0.483111202717, 0.276325285435, 0.158808201551, 0.0916675329208, 0.0467492826283, 0.0213433802128, 0.00680519267917, 0.00152169784997, 0.000177243375219, 1.74297911144e-05, 1.91324525076e-05],
        "min": [2.03695182216e-22, 4.47268674111e-21, 1.322939115e-20, 1.63952393136e-19, 1.60778901791e-19, 1.95044987913e-19, 1.73431146248e-19, 2.62516675838e-19, 2.09893862186e-19, 5.33415896606e-19, 6.75085258962e-19, 9.03012085016e-19, 1.60523465833e-18, 2.4309043221e-18, 4.22190420387e-18, 2.62397903042e-18, 2.83561836002e-18, 4.49236165849e-18, 8.32987916762e-18, 9.81925012056e-18, 4.04369599911e-18, 1.00637084613e-17, 1.44324223347e-17, 9.6046778153e-18, 1.18794269814e-17, 1.91112652448e-17, 2.14523600863e-17, 2.24952776744e-17, 2.23792093452e-17, 1.75944724274e-17, 2.04660183434e-17, 1.65943680534e-17, 1.14452853728e-17, 1.02482632094e-17, 8.72039857943e-18, 4.65775642197e-18, 3.73816939524e-18, 1.84320676575e-18, 4.09917546809e-19, 3.2175151248e-20],
        "var": [1.97911405563, 61.0830192566, 138.685668945, 222.81111145, 470.110351562, 475.685913086, 429.092926025, 269.597320557, 245.254440308, 1037.13708496, 5401.73242188, 12902.3613281, 6814.21923828, 6758.95458984, 3703.72265625, 1607.30297852, 1010.49005127, 1104.9329834, 216.859283447, 512.104370117, 841.734008789, 958.976623535, 915.912902832, 1418.33166504, 1078.86474609, 964.503173828, 597.990356445, 516.535583496, 325.19329834, 272.05355835, 79.3123245239, 51.178024292, 21.215795517, 6.45635128021, 1.22831237316, 0.114296518266, 0.00308900373057, 6.43052626401e-05, 3.8022912463e-07, 2.89452484203e-09]
    },
    "gfcc": {
        "mean": [-60.3175430298, 113.067443848, -122.974525452, 18.0688552856, -67.0757217407, 9.86421489716, -31.3874111176, 3.69335079193, -18.6743736267, 1.09533929825, -12.4387512207, 2.89538216591, -4.04593515396],
        "cov": [[13101.3916016, -1866.04284668, 601.029724121, 1772.48815918, 42.1944503784, 1334.23413086, 185.774505615, 956.677490234, 158.879226685, 503.036407471, 102.998252869, 325.55456543, -49.8100547791], [-1866.04284668, 2114.8828125, 582.841064453, 90.4078369141, 427.427429199, -152.289627075, 423.820922852, -260.598144531, 270.054504395, -168.589111328, 93.7698440552, -189.925979614, 148.144393921], [601.029724121, 582.841064453, 1338.31542969, 555.376464844, 135.131561279, 349.544647217, 276.320556641, 108.761268616, 157.923553467, 63.4911346436, -49.871471405, -27.1851501465, 43.8880004883], [1772.48815918, 90.4078369141, 555.376464844, 896.751037598, 168.336456299, 344.9425354, 242.332336426, 141.225067139, 133.910308838, 116.923080444, 96.022857666, 13.4433307648, 50.5979156494], [42.1944503784, 427.427429199, 135.131561279, 168.336456299, 472.243530273, 78.0921401978, 170.38218689, 50.7503547668, 54.8733978271, 11.6854867935, 56.1086120605, -11.4271688461, 7.46729516983], [1334.23413086, -152.289627075, 349.544647217, 344.9425354, 78.0921401978, 384.121582031, 118.774383545, 165.58656311, 58.6271286011, 68.9469146729, 6.48354053497, 51.6549224854, 5.33486175537], [185.774505615, 423.820922852, 276.320556641, 242.332336426, 170.38218689, 118.774383545, 333.160125732, 79.7751617432, 162.367156982, 16.4562168121, 50.3372650146, -43.5305633545, 51.6735687256], [956.677490234, -260.598144531, 108.761268616, 141.225067139, 50.7503547668, 165.58656311, 79.7751617432, 246.837615967, 69.5062866211, 93.1537017822, 14.3565578461, 29.8916683197, -27.1878852844], [158.879226685, 270.054504395, 157.923553467, 133.910308838, 54.8733978271, 58.6271286011, 162.367156982, 69.5062866211, 206.539886475, 57.7211608887, 47.484916687, -38.9970703125, 26.1613750458], [503.036407471, -168.589111328, 63.4911346436, 116.923080444, 11.6854867935, 68.9469146729, 16.4562168121, 93.1537017822, 57.7211608887, 155.833938599, 57.3680419922, 29.2650508881, -16.1708278656], [102.998252869, 93.7698440552, -49.871471405, 96.022857666, 56.1086120605, 6.48354053497, 50.3372650146, 14.3565578461, 47.484916687, 57.3680419922, 156.823791504, 38.2851676941, 26.6790390015], [325.55456543, -189.925979614, -27.1851501465, 13.4433307648, -11.4271688461, 51.6549224854, -43.5305633545, 29.8916683197, -38.9970703125, 29.2650508881, 38.2851676941, 122.131500244, 26.1720123291], [-49.8100547791, 148.144393921, 43.8880004883, 50.5979156494, 7.46729516983, 5.33486175537, 51.6735687256, -27.1878852844, 26.1613750458, -16.1708278656, 26.6790390015, 26.1720123291, 93.6318969727]],
        "icov": [[0.000173791166162, -4.04464954045e-05, 0.000149566272739, -0.000307884969516, 0.000106602376036, -0.00033856742084, 0.000145048616105, -0.00040413584793, 4.83538133267e-05, -0.000113458969281, 0.000176562738488, -0.000174670945853, 3.15200450132e-05], [-4.04464954045e-05, 0.00246972218156, -0.00128847500309, 0.000762812967878, -0.00171544356272, 0.000940938654821, -0.000917331373785, 0.00249323691241, -0.00230013253167, 0.00219769985415, -0.00199102470651, 0.00172741885763, -0.00131727405824], [0.000149566272739, -0.00128847500309, 0.00208560260944, -0.00109890720341, 0.00092446745839, -0.00142191408668, -4.9302602747e-06, -0.00102659512777, 0.000841933069751, -0.00164380494971, 0.00234490307048, -0.00107187510002, 0.000558693660423], [-0.000307884969516, 0.000762812967878, -0.00109890720341, 0.00311343465, -0.000806422729511, -0.000781966315117, -0.000932668335736, 0.00155562267173, -0.000255078979535, -9.33782721404e-05, -0.00215062033385, 0.00185850227717, -0.00131435855292], [0.000106602376036, -0.00171544356272, 0.00092446745839, -0.000806422729511, 0.00399878853932, -0.00081322947517, -0.000924725842196, -0.00199427036569, 0.00227936753072, -0.00126157212071, 0.000619085389189, -0.00132417236455, 0.00177101313602], [-0.00033856742084, 0.000940938654821, -0.00142191408668, -0.000781966315117, -0.00081322947517, 0.00722760567442, -0.0012386192102, -0.000941445177887, -0.000832316000015, 0.00145679758862, 0.000296789337881, -0.00201204884797, 0.00044544407865], [0.000145048616105, -0.000917331373785, -4.9302602747e-06, -0.000932668335736, -0.000924725842196, -0.0012386192102, 0.00853786058724, -0.00293452339247, -0.00293936906382, 0.00141349667683, -0.000730377505533, 0.00201168144122, -0.00267356494442], [-0.00040413584793, 0.00249323691241, -0.00102659512777, 0.00155562267173, -0.00199427036569, -0.000941445177887, -0.00293452339247, 0.0114747323096, -0.00385030964389, -0.000820247340016, -0.00063101539854, -0.00031912207487, 0.00184800708666], [4.83538133267e-05, -0.00230013253167, 0.000841933069751, -0.000255078979535, 0.00227936753072, -0.000832316000015, -0.00293936906382, -0.00385030964389, 0.0127496523783, -0.00534574640915, -2.15744021261e-05, 0.00263662752695, -0.00143842457328], [-0.000113458969281, 0.00219769985415, -0.00164380494971, -9.33782721404e-05, -0.00126157212071, 0.00145679758862, 0.00141349667683, -0.000820247340016, -0.00534574640915, 0.0139180282131, -0.00537521019578, -0.000413713103626, 0.0018273529131], [0.000176562738488, -0.00199102470651, 0.00234490307048, -0.00215062033385, 0.000619085389189, 0.000296789337881, -0.000730377505533, -0.00063101539854, -2.15744021261e-05, -0.00537521019578, 0.012887308374, -0.00584777491167, 0.000500966096297], [-0.000174670945853, 0.00172741885763, -0.00107187510002, 0.00185850227717, -0.00132417236455, -0.00201204884797, 0.00201168144122, -0.00031912207487, 0.00263662752695, -0.000413713103626, -0.00584777491167, 0.016948018223, -0.00818978715688], [3.15200450132e-05, -0.00131727405824, 0.000558693660423, -0.00131435855292, 0.00177101313602, 0.00044544407865, -0.00267356494442, 0.00184800708666, -0.00143842457328, 0.0018273529131, 0.000500966096297, -0.00818978715688, 0.0179389137775]]
    },
    "melbands": {
        "dmean": [0.00236020726152, 0.001654131338, 0.000840935274027, 0.000516899279319, 0.000272221252089, 0.000152637949213, 7.80267073424e-05, 7.93730359874e-05, 0.000127803185023, 0.000107775347715, 7.94066800154e-05, 5.25958857907e-05, 5.34697283001e-05, 4.0709037421e-05, 2.47864663834e-05, 2.2048552637e-05, 1.87837667909e-05, 8.47302362672e-06, 1.2830655578e-05, 1.22844157886e-05, 1.18521356853e-05, 1.14923677756e-05, 7.25280733604e-06, 9.25239328353e-06, 8.76546982909e-06, 6.26827340966e-06, 6.85440045345e-06, 5.49228616364e-06, 4.67000290882e-06, 4.1843550207e-06, 4.34519006376e-06, 3.88852731703e-06, 3.65265168512e-06, 3.05889443553e-06, 1.86694967397e-06, 1.27304144826e-06, 1.34569836518e-06, 9.90493163044e-07, 8.28657903185e-07, 6.65155710067e-07],
        "dmean2": [0.00279756076634, 0.00243889004923, 0.00152233196422, 0.000947672524489, 0.000471450126497, 0.000261036446318, 0.000130114814965, 0.000125085556647, 0.000198643800104, 0.000171761683305, 0.000133675042889, 8.72702075867e-05, 8.7353415438e-05, 6.56335469102e-05, 3.93143964175e-05, 3.43452265952e-05, 3.00742140098e-05, 1.39659186971e-05, 2.06858730962e-05, 2.00844660867e-05, 2.01404127438e-05, 2.005094575e-05, 1.17460613183e-05, 1.41935124702e-05, 1.42569906529e-05, 1.0027958524e-05, 1.12523239295e-05, 8.7886410256e-06, 7.8423818195e-06, 6.98611847838e-06, 7.3415458246e-06, 6.63271248413e-06, 6.00847397436e-06, 5.32342073711e-06, 3.11287658405e-06, 2.10702933146e-06, 2.32553770729e-06, 1.72255988673e-06, 1.43423903864e-06, 1.1524277852e-06],
        "dvar": [4.80661656184e-05, 3.15095603582e-05, 1.19522464956e-05, 4.27884060628e-06, 6.95168864695e-07, 1.37611962714e-07, 3.21797664071e-08, 4.08840215016e-08, 1.21286873878e-07, 1.24551334579e-07, 7.12529768521e-08, 3.77698405885e-08, 2.00142089568e-08, 8.10789657635e-09, 2.41188291561e-09, 3.98128108259e-09, 2.59881072218e-09, 3.45841466576e-10, 9.80839853781e-10, 9.06657027233e-10, 1.13991283079e-09, 1.35796174305e-09, 4.13683365341e-10, 1.03622022074e-09, 1.06316544457e-09, 5.12706987976e-10, 7.08979874808e-10, 4.08879735625e-10, 3.19985038466e-10, 2.0358865982e-10, 2.29126384532e-10, 1.16436249531e-10, 1.23063531587e-10, 8.75361866326e-11, 3.61198432275e-11, 1.40463586942e-11, 3.10855056973e-11, 1.71231969576e-11, 1.0845590051e-11, 4.52097907722e-12],
        "dvar2": [5.37352134415e-05, 6.86946950736e-05, 3.39407815773e-05, 1.2416957361e-05, 2.00332715394e-06, 3.91742389638e-07, 8.79100738871e-08, 9.97236853095e-08, 2.83699876036e-07, 3.1612478324e-07, 1.96277198938e-07, 1.04790260025e-07, 5.57255148692e-08, 2.04218864042e-08, 5.73239722357e-09, 8.89570017648e-09, 6.36109120933e-09, 8.70679139897e-10, 2.27280039233e-09, 2.17558437932e-09, 2.91044477407e-09, 3.8138625591e-09, 9.73765179602e-10, 2.27656404839e-09, 2.68127142711e-09, 1.22477961106e-09, 1.77842462978e-09, 9.61915214148e-10, 8.33763114105e-10, 5.20078924371e-10, 5.93645965719e-10, 2.9614288799e-10, 3.02133734698e-10, 2.32507138542e-10, 8.91401397141e-11, 3.49600071115e-11, 8.43492914404e-11, 4.68263414155e-11, 2.89114860524e-11, 1.14600629333e-11],
        "max": [0.0755811035633, 0.0524862222373, 0.0311435144395, 0.0218107197434, 0.0113216163591, 0.00561776291579, 0.0031522968784, 0.0051666223444, 0.00767361652106, 0.0075731840916, 0.00731474673375, 0.00546828657389, 0.00304034934379, 0.00135894108098, 0.00091548654018, 0.00159804231953, 0.00127077009529, 0.000219419671339, 0.000483293028083, 0.000517112668604, 0.000524529081304, 0.000455167435575, 0.000303419132251, 0.000450776424259, 0.000520302506629, 0.000283498229692, 0.000332425144734, 0.000270877906587, 0.000240167137235, 0.000191599116079, 0.000182513380423, 0.000146308724652, 0.000122545548948, 0.000105936371256, 6.15853132331e-05, 4.27977029176e-05, 6.7081542511e-05, 4.81186834804e-05, 3.63915423804e-05, 2.48866654147e-05],
        "mean": [0.00418178457767, 0.00221863738261, 0.000760167313274, 0.000517697422765, 0.000425171281677, 0.000267304654699, 0.00015620913473, 0.0001807801018, 0.000301329739159, 0.000278158462606, 0.000130641637952, 9.61529294727e-05, 0.000102429759863, 6.77278294461e-05, 3.97010153392e-05, 3.24128486682e-05, 2.78295810858e-05, 1.15245984489e-05, 1.65882756846e-05, 1.62501728482e-05, 1.35610389407e-05, 1.18395892059e-05, 8.69422001415e-06, 9.89618911262e-06, 8.63933291839e-06, 6.16631859884e-06, 6.26876635579e-06, 5.25249015482e-06, 4.19940715801e-06, 4.03662625104e-06, 3.64452716894e-06, 3.28315468323e-06, 3.04882814817e-06, 2.37599829234e-06, 1.55691679993e-06, 1.10309599677e-06, 1.04219782315e-06, 7.79119659455e-07, 6.3807465267e-07, 5.28020734691e-07],
        "median": [0.000389778229874, 0.000195975910174, 0.000220198271563, 0.000186614852282, 0.000191240149434, 0.000134734465973, 5.65051668673e-05, 6.23811210971e-05, 0.000106728191895, 5.8061312302e-05, 3.16438927257e-05, 2.16321259359e-05, 2.55871673289e-05, 2.46905074164e-05, 1.51472049765e-05, 5.99502482146e-06, 7.23860466678e-06, 3.99522923544e-06, 3.97464646085e-06, 3.9066080717e-06, 3.16487239616e-06, 2.25397207032e-06, 1.81718075964e-06, 1.41626719596e-06, 1.25964265862e-06, 9.01125190467e-07, 7.99346480562e-07, 6.66678943162e-07, 5.15959584391e-07, 5.71045347897e-07, 4.65807829642e-07, 3.92263757476e-07, 2.97057852094e-07, 2.30780244692e-07, 1.58668953532e-07, 1.08080257633e-07, 8.69743246312e-08, 6.34354933027e-08, 4.90149432153e-08, 3.42931443242e-08],
        "min": [4.16669506491e-24, 6.39129386169e-24, 2.76464823932e-23, 1.26343410378e-23, 7.22305736167e-24, 5.62591497903e-24, 3.10750119101e-24, 7.11695320333e-24, 4.84121768167e-24, 6.07247217697e-24, 8.68468330155e-24, 1.02527557654e-23, 1.36091853677e-23, 7.73452164045e-24, 7.17024391292e-24, 5.07034154273e-24, 8.44061683722e-24, 1.15705818286e-23, 1.7757216378e-23, 7.46348402178e-24, 3.73153769591e-24, 1.1986139554e-23, 8.84374053701e-24, 1.26588272803e-23, 7.02812430996e-24, 8.5673804738e-24, 8.47340978505e-24, 1.37823797795e-23, 1.21821344124e-23, 1.44950367212e-23, 1.33181588026e-23, 1.18164374294e-23, 1.35836878055e-23, 8.24115730164e-24, 1.26352592719e-23, 1.13738123087e-23, 8.76238688957e-24, 8.92970744301e-24, 7.27301355621e-24, 8.91851035133e-24],
        "var": [0.000132820510771, 4.6711655159e-05, 7.3338474067e-06, 2.47481148108e-06, 5.73544582494e-07, 1.42879457599e-07, 5.36434541232e-08, 1.61157373668e-07, 3.91318650372e-07, 5.79036338877e-07, 1.65786943285e-07, 9.58028394393e-08, 5.2113904303e-08, 1.31936115366e-08, 4.42852909899e-09, 9.94998750059e-09, 4.88557772016e-09, 4.69824734672e-10, 1.6741539266e-09, 1.25919497052e-09, 1.22376397904e-09, 1.27325405774e-09, 5.30343824412e-10, 1.15668530309e-09, 9.41413502709e-10, 5.03840524857e-10, 6.25337615023e-10, 4.00631805508e-10, 2.72497413523e-10, 1.83891665784e-10, 1.88350973707e-10, 1.04449067451e-10, 1.11415945914e-10, 6.82424186604e-11, 3.20821216815e-11, 1.30735639328e-11, 2.19167115012e-11, 1.19657226835e-11, 7.78859702427e-12, 3.72444566507e-12]
    },
    "mfcc": {
        "mean": [-698.290588379, 138.759521484, -0.402062177658, 12.8186531067, -9.72815513611, 3.73601651192, -5.16755151749, 2.62876558304, -0.484761536121, -3.08373475075, -1.00134861469, 0.100772768259, 0.542394459248],
        "cov": [[9531.53515625, -1019.49029541, 478.352783203, 575.433288574, 305.738189697, 578.646057129, 436.105163574, 586.203796387, 332.742584229, 352.715484619, 284.340576172, 179.970672607, 190.985229492], [-1019.49029541, 1937.8392334, 162.359085083, 191.75352478, 68.743560791, 110.385383606, 46.5317230225, 32.8217773438, 104.630599976, 49.9700431824, 15.840886116, -0.169869408011, -19.5416469574], [478.352783203, 162.359085083, 1326.73876953, 392.207946777, 156.131057739, 362.714477539, 140.320648193, 176.19090271, 217.845413208, 175.259475708, 81.715171814, -35.0757904053, 12.5278587341], [575.433288574, 191.75352478, 392.207946777, 556.983032227, 174.723297119, 246.234771729, 195.365249634, 119.688560486, 110.096740723, 160.343200684, 81.6237258911, 45.1472892761, 42.2598266602], [305.738189697, 68.743560791, 156.131057739, 174.723297119, 279.125183105, 138.105239868, 131.103546143, 91.9935913086, 53.970199585, 46.9590034485, 29.6922225952, 24.8799858093, 27.3143558502], [578.646057129, 110.385383606, 362.714477539, 246.234771729, 138.105239868, 287.650726318, 142.387054443, 133.397705078, 105.380691528, 95.1822357178, 51.0760040283, 6.85985040665, 34.5135040283], [436.105163574, 46.5317230225, 140.320648193, 195.365249634, 131.103546143, 142.387054443, 210.870407104, 122.019645691, 77.9187927246, 79.6212921143, 35.0398139954, 31.4893550873, 29.3390274048], [586.203796387, 32.8217773438, 176.19090271, 119.688560486, 91.9935913086, 133.397705078, 122.019645691, 201.40184021, 112.44883728, 77.103767395, 39.2524299622, 20.3814048767, 22.7584457397], [332.742584229, 104.630599976, 217.845413208, 110.096740723, 53.970199585, 105.380691528, 77.9187927246, 112.44883728, 181.725494385, 114.255630493, 51.810382843, 25.9845199585, 7.44762420654], [352.715484619, 49.9700431824, 175.259475708, 160.343200684, 46.9590034485, 95.1822357178, 79.6212921143, 77.103767395, 114.255630493, 182.169586182, 108.858894348, 40.8894996643, 6.86947011948], [284.340576172, 15.840886116, 81.715171814, 81.6237258911, 29.6922225952, 51.0760040283, 35.0398139954, 39.2524299622, 51.810382843, 108.858894348, 162.680343628, 67.3433609009, 2.86519479752], [179.970672607, -0.169869408011, -35.0757904053, 45.1472892761, 24.8799858093, 6.85985040665, 31.4893550873, 20.3814048767, 25.9845199585, 40.8894996643, 67.3433609009, 125.232818604, 59.6778526306], [190.985229492, -19.5416469574, 12.5278587341, 42.2598266602, 27.3143558502, 34.5135040283, 29.3390274048, 22.7584457397, 7.44762420654, 6.86947011948, 2.86519479752, 59.6778526306, 115.791816711]],
