{
"lowlevel": {
    "average_loudness": 0.931270360947,
    "barkbands_crest": {
        "dmean": 3.11989068985,
        "dmean2": 5.10623264313,
        "dvar": 8.52253055573,
        "dvar2": 21.5886230469,
        "max": 25.230386734,
        "mean": 11.1491069794,
        "median": 10.5719795227,
        "min": 2.2465569973,
        "var": 20.9735450745
    },
    "barkbands_flatness_db": {
        "dmean": 0.0337173119187,
        "dmean2": 0.0512045510113,
        "dvar": 0.00110058335122,
        "dvar2": 0.00239861500449,
        "max": 0.559685885906,
        "mean": 0.163072034717,
        "median": 0.149812623858,
        "min": 0.0153579441831,
        "var": 0.00593291176483
    },
    "barkbands_kurtosis": {
        "dmean": 5.01415872574,
        "dmean2": 8.0436964035,
        "dvar": 76.2954406738,
        "dvar2": 184.344039917,
        "max": 157.325622559,
        "mean": 6.90654706955,
        "median": 3.7641658783,
        "min": -1.75933849812,
        "var": 118.683647156
    },
    "barkbands_skewness": {
        "dmean": 0.756329894066,
        "dmean2": 1.20413815975,
        "dvar": 0.716873466969,
        "dvar2": 1.70143663883,
        "max": 11.423043251,
        "mean": 2.01877355576,
        "median": 1.82555568218,
        "min": -1.80731678009,
        "var": 1.76854205132
    },
    "barkbands_spread": {
        "dmean": 6.94821214676,
        "dmean2": 10.9425907135,
        "dvar": 68.3585128784,
        "dvar2": 166.508911133,
        "max": 85.5904006958,
        "mean": 19.2053089142,
        "median": 16.4744758606,
        "min": 0.303009331226,
        "var": 182.432647705
    },
    "dissonance": {
        "dmean": 0.0210310462862,
        "dmean2": 0.0352010056376,
        "dvar": 0.000518762157299,
        "dvar2": 0.00138823746238,
        "max": 0.500000119209,
        "mean": 0.457632899284,
        "median": 0.468652307987,
        "min": 0.119391821325,
        "var": 0.00152051693294
    },
    "dynamic_complexity": 4.24033069611,
    "erbbands_crest": {
        "dmean": 2.53610301018,
        "dmean2": 4.05751895905,
        "dvar": 7.50635576248,
        "dvar2": 16.7148666382,
        "max": 29.9384860992,
        "mean": 8.66853713989,
        "median": 7.54135227203,
        "min": 2.16622972488,
        "var": 19.6046085358
    },
    "erbbands_flatness_db": {
        "dmean": 0.0189415737987,
        "dmean2": 0.0256815459579,
        "dvar": 0.000472421379527,
        "dvar2": 0.000781348207965,
        "max": 0.528009831905,
        "mean": 0.160706505179,
        "median": 0.139624997973,
        "min": 0.0579631514847,
        "var": 0.00601432472467
    },
    "erbbands_kurtosis": {
        "dmean": 0.877212703228,
        "dmean2": 1.35316765308,
        "dvar": 1.69445216656,
        "dvar2": 3.66056323051,
        "max": 20.8371486664,
        "mean": 0.349271208048,
        "median": -0.315529704094,
        "min": -1.79517638683,
        "var": 4.73355674744
    },
    "erbbands_skewness": {
        "dmean": 0.366698265076,
        "dmean2": 0.544156908989,
        "dvar": 0.13631375134,
        "dvar2": 0.280253887177,
        "max": 4.39669895172,
        "mean": 0.334922432899,
        "median": 0.243827730417,
        "min": -3.36485123634,
        "var": 0.585924804211
    },
    "erbbands_spread": {
        "dmean": 9.47660827637,
        "dmean2": 14.3675603867,
        "dvar": 106.200935364,
        "dvar2": 253.150482178,
        "max": 120.880897522,
        "mean": 42.1753578186,
        "median": 40.0546722412,
        "min": 1.4323643446,
        "var": 455.194793701
    },
    "hfc": {
        "dmean": 7.23309469223,
        "dmean2": 10.7887334824,
        "dvar": 124.422874451,
        "dvar2": 279.162597656,
        "max": 94.5810775757,
        "mean": 12.872633934,
        "median": 7.69054794312,
        "min": 3.94923738156e-09,
        "var": 218.680908203
    },
    "melbands_crest": {
        "dmean": 3.62113022804,
        "dmean2": 5.96014547348,
        "dvar": 11.4508800507,
        "dvar2": 29.8619232178,
        "max": 31.1661968231,
        "mean": 15.2216835022,
        "median": 15.1029920578,
        "min": 3.25618338585,
        "var": 27.1276855469
    },
    "melbands_flatness_db": {
        "dmean": 0.0406775064766,
        "dmean2": 0.0615347847342,
        "dvar": 0.00158948288299,
        "dvar2": 0.00355179212056,
        "max": 0.67615967989,
        "mean": 0.239461049438,
        "median": 0.230549842119,
        "min": 0.0188458263874,
        "var": 0.00793568696827
    },
    "melbands_kurtosis": {
        "dmean": 12.512711525,
        "dmean2": 20.328830719,
        "dvar": 420.436889648,
        "dvar2": 1004.59539795,
        "max": 438.509277344,
        "mean": 20.7513084412,
        "median": 12.1661128998,
        "min": -1.69799590111,
        "var": 712.830871582
    },
    "melbands_skewness": {
        "dmean": 1.03604424,
        "dmean2": 1.66080403328,
        "dvar": 1.44562375546,
        "dvar2": 3.4467663765,
        "max": 15.4131946564,
        "mean": 3.28925204277,
        "median": 2.8732881546,
        "min": -1.10168540478,
        "var": 3.79673075676
    },
    "melbands_spread": {
        "dmean": 7.48127317429,
        "dmean2": 12.1028385162,
        "dvar": 99.3181991577,
        "dvar2": 238.083190918,
        "max": 161.537963867,
        "mean": 17.2713813782,
        "median": 13.2929897308,
        "min": 0.650123775005,
        "var": 209.352416992
    },
    "pitch_salience": {
        "dmean": 0.0984885245562,
        "dmean2": 0.162420526147,
        "dvar": 0.00954423286021,
        "dvar2": 0.0248765032738,
        "max": 0.92585080862,
        "mean": 0.529868423939,
        "median": 0.536008536816,
        "min": 0.0707525387406,
        "var": 0.019415833056
    },
    "silence_rate_20dB": {
        "dmean": 0,
        "dmean2": 0,
        "dvar": 0,
        "dvar2": 0,
        "max": 1,
        "mean": 1,
        "median": 1,
        "min": 1,
        "var": 0
    },
    "silence_rate_30dB": {
        "dmean": 0.0494039319456,
        "dmean2": 0.0988184735179,
        "dvar": 0.0469635054469,
        "dvar2": 0.121492527425,
        "max": 1,
        "mean": 0.96681702137,
        "median": 1,
        "min": 0,
        "var": 0.0320799350739
    },
    "silence_rate_60dB": {
        "dmean": 0.046181935817,
        "dmean2": 0.0923737883568,
        "dvar": 0.0440522171557,
        "dvar2": 0.0907256230712,
        "max": 1,
        "mean": 0.13294672966,
        "median": 0,
        "min": 0,
        "var": 0.11527877301
    },
    "spectral_centroid": {
        "dmean": 303.024475098,
        "dmean2": 455.152954102,
        "dvar": 132952.015625,
        "dvar2": 291069.125,
        "max": 10664.4306641,
        "mean": 1132.80993652,
        "median": 1003.91088867,
        "min": 163.116943359,
        "var": 399387.9375
    },
    "spectral_complexity": {
        "dmean": 4.39652013779,
        "dmean2": 6.48786258698,
        "dvar": 32.8399238586,
        "dvar2": 64.0150680542,
        "max": 59,
        "mean": 13.7377576828,
        "median": 11,
        "min": 0,
        "var": 91.3555221558
    },
    "spectral_decrease": {
        "dmean": 4.1538679163e-09,
        "dmean2": 6.92247636991e-09,
        "dvar": 5.82587672935e-17,
        "dvar2": 1.49314690009e-16,
        "max": -2.21849226364e-20,
        "mean": -6.63878463314e-09,
        "median": -4.08513667338e-09,
        "min": -6.05769798767e-08,
        "var": 6.80560400523e-17
    },
    "spectral_energy": {
        "dmean": 0.0162293594331,
        "dmean2": 0.0268987901509,
        "dvar": 0.000867292284966,
        "dvar2": 0.00221224548295,
        "max": 0.233077675104,
        "mean": 0.0262239407748,
        "median": 0.0162396468222,
        "min": 4.4193831537e-13,
        "var": 0.00103283626959
    },
    "spectral_energyband_high": {
        "dmean": 0.000404730555601,
        "dmean2": 0.000636369746644,
        "dvar": 5.37750963758e-07,
        "dvar2": 1.25559472508e-06,
        "max": 0.00733730616048,
        "mean": 0.000597463746089,
        "median": 0.000154443652718,
        "min": 3.03064133034e-13,
        "var": 9.04278124381e-07
    },
    "spectral_energyband_low": {
        "dmean": 0.0116647221148,
        "dmean2": 0.0200848579407,
        "dvar": 0.000580516876653,
        "dvar2": 0.00149666809011,
        "max": 0.184771835804,
        "mean": 0.0156451202929,
        "median": 0.00740243075415,
        "min": 9.4949869229e-15,
        "var": 0.000618002261035
    },
    "spectral_energyband_middle_high": {
        "dmean": 0.00155942956917,
        "dmean2": 0.00246045412496,
        "dvar": 6.27254348728e-06,
        "dvar2": 1.56185687956e-05,
        "max": 0.0281710475683,
        "mean": 0.00283329002559,
        "median": 0.00158863374963,
        "min": 1.15705893217e-13,
        "var": 1.12841835289e-05
    },
    "spectral_energyband_middle_low": {
        "dmean": 0.00808928254992,
        "dmean2": 0.0136216739193,
        "dvar": 0.000318101723678,
        "dvar2": 0.000823241251055,
        "max": 0.168746694922,
        "mean": 0.0100157717243,
        "median": 0.00523218885064,
        "min": 7.94488105404e-15,
        "var": 0.000265097798547
    },
    "spectral_entropy": {
        "dmean": 0.219749823213,
        "dmean2": 0.321704298258,
        "dvar": 0.0605020970106,
        "dvar2": 0.122024685144,
        "max": 9.78141117096,
        "mean": 7.44357013702,
        "median": 7.50652122498,
        "min": 4.243496418,
        "var": 0.416830331087
    },
    "spectral_flux": {
        "dmean": 0.0457856953144,
        "dmean2": 0.072985008359,
        "dvar": 0.00352646782994,
        "dvar2": 0.00734543614089,
        "max": 0.45350471139,
        "mean": 0.08509811759,
        "median": 0.0518318451941,
        "min": 4.30988757216e-06,
        "var": 0.00649322988465
    },
    "spectral_kurtosis": {
        "dmean": 4.35368013382,
        "dmean2": 7.00481176376,
        "dvar": 202.139480591,
        "dvar2": 499.95703125,
        "max": 461.369476318,
        "mean": 9.40579319,
        "median": 3.79248094559,
        "min": -1.18843948841,
        "var": 646.795227051
    },
    "spectral_rms": {
        "dmean": 0.00126481766347,
        "dmean2": 0.00197450327687,
        "dvar": 3.09128517983e-06,
        "dvar2": 6.99614656696e-06,
        "max": 0.0150795504451,
        "mean": 0.00434622913599,
        "median": 0.00398039631546,
        "min": 2.07643768846e-08,
        "var": 6.69453584123e-06
    },
    "spectral_rolloff": {
        "dmean": 517.10925293,
        "dmean2": 883.638916016,
        "dvar": 672103.0625,
        "dvar2": 1596071.875,
        "max": 16365.234375,
        "mean": 1026.53405762,
        "median": 624.462890625,
        "min": 86.1328125,
        "var": 1134193.5
    },
    "spectral_skewness": {
        "dmean": 0.370987832546,
        "dmean2": 0.578547775745,
        "dvar": 0.418102383614,
        "dvar2": 0.997346282005,
        "max": 16.0875930786,
        "mean": 1.83441114426,
        "median": 1.54462695122,
        "min": -0.044354878366,
        "var": 2.01907730103
    },
    "spectral_spread": {
        "dmean": 554398.5,
        "dmean2": 780012.875,
        "dvar": 493611417600,
        "dvar2": 785183604736,
        "max": 40533876,
        "mean": 4580418.5,
        "median": 4602223,
        "min": 248996.484375,
        "var": 3.32794586726e+12
    },
    "spectral_strongpeak": {
        "dmean": 0.312988609076,
        "dmean2": 0.527861535549,
        "dvar": 0.348975300789,
        "dvar2": 0.919708549976,
        "max": 12.6047954559,
        "mean": 0.498225361109,
        "median": 0.310199230909,
        "min": 0,
        "var": 0.410437703133
    },
    "zerocrossingrate": {
        "dmean": 0.0106181642041,
        "dmean2": 0.0126388799399,
        "dvar": 0.000129795225803,
        "dvar2": 0.000165374018252,
        "max": 0.59619140625,
        "mean": 0.0472959540784,
        "median": 0.04052734375,
        "min": 0.0029296875,
        "var": 0.000867761205882
    },
    "barkbands": {
        "dmean": [0.000137351846206, 0.00568614993244, 0.00526246707886, 0.00527583854273, 0.00122566451319, 0.00144730741158, 0.000728671206161, 0.000357267534127, 0.000424082973041, 0.000317481171805, 0.000207124554436, 0.000317155820085, 0.000222023256356, 0.000208956902497, 0.000165297678905, 0.000218657485675, 0.000166091893334, 0.000169745384483, 7.68365935073e-05, 7.91432321421e-05, 0.000100235440186, 8.57598352013e-05, 7.84527655924e-05, 6.61939193378e-05, 4.61672570964e-05, 2.13651237573e-05, 7.64015567256e-06],
        "dmean2": [0.000228617558605, 0.00959667190909, 0.00881448574364, 0.00944687798619, 0.00196925015189, 0.0024374644272, 0.00123645109124, 0.00058862665901, 0.00071788567584, 0.000560140179005, 0.000338111043675, 0.000519271998201, 0.000351807917468, 0.000341039907653, 0.000268796109594, 0.000345127860783, 0.000266866292804, 0.000274782418273, 0.000125039092381, 0.000129013656988, 0.000166845900821, 0.000137514987728, 0.000125862672576, 0.000106473176857, 7.39087481634e-05, 3.2903830288e-05, 1.24484286061e-05],
        "dvar": [4.29917150768e-08, 0.000130018801428, 0.000165974313859, 0.000214811501792, 2.30648947763e-05, 1.0019628462e-05, 2.14399733522e-06, 5.29937494775e-07, 9.09734922061e-07, 5.08225411977e-07, 2.23071936034e-07, 4.6077582283e-07, 1.74283258048e-07, 1.27335653133e-07, 1.01383974993e-07, 2.62632511294e-07, 1.38477645351e-07, 2.48252035817e-07, 1.93226874501e-08, 1.93225062617e-08, 3.45844632932e-08, 2.79943659365e-08, 2.28954046833e-08, 2.00917380511e-08, 1.05509538884e-08, 2.82230505633e-09, 1.70508795971e-09],
        "dvar2": [1.03205913149e-07, 0.000347177759977, 0.00044161544065, 0.00058025465114, 6.3728854002e-05, 2.27865075431e-05, 5.38033191333e-06, 1.27284431528e-06, 2.31222088587e-06, 1.39978692459e-06, 5.06085712004e-07, 1.17980039249e-06, 4.10572113196e-07, 3.10899707756e-07, 2.45576046609e-07, 6.13856457221e-07, 3.28364251345e-07, 6.07917911566e-07, 4.8055227353e-08, 4.91918328294e-08, 8.80312001073e-08, 6.87137529098e-08, 5.73954359595e-08, 5.15352276409e-08, 2.55328771459e-08, 6.47748610305e-09, 4.23576551611e-09],
        "max": [0.00243353005499, 0.102375417948, 0.0986931025982, 0.113264366984, 0.129263326526, 0.0516770966351, 0.0204804297537, 0.0186832882464, 0.0216260198504, 0.0141591597348, 0.0088362051174, 0.0171186849475, 0.0098702441901, 0.00427528517321, 0.00429138168693, 0.00861136242747, 0.00664110807702, 0.0151560809463, 0.00214467965998, 0.00177322525997, 0.00188802240882, 0.00228239642456, 0.00156127626542, 0.00192139297724, 0.00102588441223, 0.000708312727511, 0.000939089281019],
        "mean": [0.000269090931397, 0.00749071920291, 0.00505430623889, 0.00391860166565, 0.00213142926805, 0.0019640896935, 0.000877383979969, 0.000492804043461, 0.000565921305679, 0.000375367817469, 0.000287459639367, 0.000484797899844, 0.000333071715431, 0.00029613552033, 0.000212335493416, 0.000296119309496, 0.000222797476454, 0.000206907934626, 9.7741423815e-05, 0.000106965453597, 0.000136111775646, 0.000123633770272, 0.000106648774818, 8.42821900733e-05, 5.87340146012e-05, 2.40121953539e-05, 6.4025048232e-06],
        "median": [9.49146706262e-05, 0.00388678489253, 0.000993644469418, 0.000646728207357, 0.00121688679792, 0.000730298343115, 0.000278144201729, 0.000181446084753, 0.00015565767535, 9.20051679714e-05, 5.10234676767e-05, 0.00013702121214, 0.000100365869002, 0.000105322025775, 6.32631636108e-05, 8.57285631355e-05, 5.72506323806e-05, 5.04020390508e-05, 3.95152819692e-05, 3.91779176425e-05, 4.02664736612e-05, 2.46066410909e-05, 1.94794520212e-05, 1.5754121705e-05, 8.28601150715e-06, 4.25349253419e-06, 2.00890383439e-07],
        "min": [9.44832726597e-15, 4.26219144004e-15, 7.18011194663e-16, 3.72442133913e-16, 4.33859963523e-16, 3.74657601526e-16, 9.06784027782e-16, 3.01073647113e-15, 2.38158644417e-15, 2.92655431342e-15, 3.76760254939e-15, 7.82980739299e-15, 3.68847781365e-15, 1.46176236534e-14, 4.79407519135e-15, 2.17233508607e-14, 1.25152938075e-14, 1.95674673567e-14, 1.85092724838e-14, 1.24226453438e-14, 1.50095203871e-14, 2.05535949724e-14, 3.19553479272e-14, 2.8243691904e-14, 4.3158883314e-14, 7.64783744146e-14, 8.18406350718e-14],
        "var": [1.51732734821e-07, 0.000124117432279, 0.000136239890708, 0.000143435419886, 1.91314939002e-05, 1.58171988005e-05, 2.51832670983e-06, 8.15394002984e-07, 1.39020357892e-06, 5.86749195008e-07, 4.95641245379e-07, 9.06217280772e-07, 3.39979408182e-07, 2.01098018238e-07, 1.37301782388e-07, 3.84927858477e-07, 2.14851127112e-07, 2.6216790161e-07, 2.33407604355e-08, 2.81662035917e-08, 4.65854483878e-08, 4.53497719377e-08, 3.54181288742e-08, 2.54804710664e-08, 1.37887852247e-08, 3.13257664253e-09, 1.46407019841e-09]
    },
    "erbbands": {
        "dmean": [0.090738594532, 1.52612745762, 4.56422615051, 16.1261711121, 7.36153125763, 3.74475455284, 6.22878170013, 14.0811138153, 13.3019475937, 6.80660390854, 8.04672908783, 9.61298370361, 9.45173549652, 8.31880092621, 8.87081336975, 12.1342020035, 10.6893157959, 8.84321498871, 8.42893886566, 10.8333759308, 11.5149412155, 9.60914230347, 10.0397291183, 4.96838188171, 3.39945697784, 3.66097044945, 3.85694551468, 3.9391605854, 3.20665049553, 2.79631233215, 2.17175555229, 1.50275468826, 1.05614864826, 0.619827032089, 0.279413729906, 0.105607382953, 0.0357484780252, 0.0129393050447, 0.00109350634739, 3.2805459341e-05],
        "dmean2": [0.148055464029, 2.62179756165, 7.95336818695, 28.7643165588, 12.6034135818, 6.08340215683, 10.4609241486, 23.5497989655, 22.52866745, 11.306022644, 13.1241645813, 16.2239665985, 16.838634491, 14.3752937317, 14.1694955826, 19.9805431366, 16.8132514954, 14.4347085953, 13.6284542084, 17.3613471985, 18.4025535583, 15.1894903183, 16.2614936829, 7.96266174316, 5.49181318283, 5.93943071365, 6.24337720871, 6.68399477005, 5.15225505829, 4.51297235489, 3.5510456562, 2.42152833939, 1.71916031837, 1.00874853134, 0.44775763154, 0.162200376391, 0.0562966652215, 0.0207134820521, 0.00177362479735, 5.19864224771e-05],
        "dvar": [0.0171748735011, 10.529335022, 95.4794692993, 2005.03173828, 477.828796387, 160.974899292, 221.812026978, 1080.47412109, 710.803588867, 204.425857544, 301.13684082, 475.913696289, 448.760131836, 315.853271484, 349.722198486, 611.326477051, 410.65411377, 255.050765991, 218.317993164, 489.251647949, 731.518249512, 453.839385986, 1028.48486328, 78.5640335083, 36.8348312378, 39.6871147156, 50.0258522034, 53.6277580261, 37.4394836426, 31.245344162, 18.0678768158, 9.79950809479, 5.54586982727, 1.97186100483, 0.41544893384, 0.0597592517734, 0.00896985363215, 0.0028755129315, 3.6091212678e-05, 7.36413241498e-09],
        "dvar2": [0.0450029969215, 28.4084377289, 245.307540894, 5437.84570312, 1261.64294434, 453.610809326, 602.817810059, 2299.64404297, 1757.37609863, 520.276123047, 734.474731445, 1207.96374512, 1254.96484375, 864.766784668, 827.9296875, 1574.64331055, 966.432128906, 627.076721191, 520.969360352, 1124.24682617, 1747.95703125, 1014.95007324, 2516.80151367, 186.44303894, 91.4995117188, 99.4080657959, 126.965629578, 137.965103149, 91.5922622681, 78.9032516479, 46.1474838257, 25.2776794434, 14.2798051834, 4.94902896881, 0.987191319466, 0.135468244553, 0.0211261007935, 0.00689261360094, 9.0516929049e-05, 1.79137664702e-08],
        "max": [1.35737502575, 28.1282100677, 72.9938278198, 343.330780029, 420.216705322, 352.078826904, 473.840789795, 615.217712402, 368.243499756, 296.484069824, 377.19519043, 412.748748779, 293.308135986, 291.776489258, 354.031341553, 501.870452881, 479.196777344, 226.134353638, 257.200653076, 394.614624023, 569.11517334, 467.215270996, 1072.15344238, 109.469268799, 72.0282363892, 64.5925292969, 74.3545532227, 66.6691665649, 79.4446182251, 85.252571106, 60.1328315735, 43.8157920837, 35.2042808533, 14.3923463821, 7.57188224792, 2.97827100754, 1.35763943195, 1.16135013103, 0.138170182705, 0.00176182680298],
        "mean": [0.176051720977, 1.81046819687, 5.08066272736, 12.2643899918, 8.1970911026, 6.31882858276, 8.93925189972, 19.0840129852, 16.3790016174, 9.46158981323, 11.7585039139, 12.7171516418, 11.13331604, 10.964679718, 14.5255889893, 18.4709396362, 16.6348781586, 12.799861908, 12.1116161346, 14.6574544907, 15.6335000992, 13.446223259, 12.2843904495, 6.81042671204, 4.62812423706, 5.01388788223, 5.49589204788, 5.17181539536, 4.52818155289, 3.82630825043, 2.88330626488, 1.9611017704, 1.27004551888, 0.771066725254, 0.353470146656, 0.126234710217, 0.0387185662985, 0.0119917308912, 0.000923445448279, 4.49067083537e-05],
        "median": [0.135571107268, 0.660704553127, 1.32343673706, 2.36967515945, 3.0949845314, 3.67323684692, 3.81621217728, 6.49973201752, 5.25280427933, 3.67249584198, 4.49041748047, 3.6380648613, 3.55208206177, 3.09735441208, 4.0612783432, 5.98896789551, 5.42464542389, 4.86328125, 4.66748857498, 4.77901744843, 4.50439786911, 3.50940322876, 2.94865036011, 2.53527259827, 2.00894403458, 1.93740296364, 1.77626729012, 1.3974763155, 0.955664753914, 0.688591778278, 0.542493343353, 0.364896386862, 0.234003305435, 0.109678611159, 0.0494274869561, 0.0212063826621, 0.00689072161913, 0.00139983952977, 5.09635938215e-05, 2.23499591812e-05],
        "min": [2.55074336219e-13, 5.38133882073e-13, 8.44679686439e-13, 1.12497782357e-12, 1.27456075208e-12, 1.54155486119e-12, 1.41093929075e-12, 4.04816458133e-12, 1.12053630263e-11, 2.58317620766e-11, 7.86000847741e-11, 5.63630357664e-11, 6.51744005986e-11, 1.46745018914e-10, 1.1469152017e-10, 3.52817608462e-10, 2.00502225933e-10, 8.06936961695e-10, 2.58864069069e-10, 8.83454975842e-10, 7.99180277511e-10, 7.46570805177e-10, 1.1606597905e-09, 5.62160873407e-10, 1.09645370561e-09, 6.49380771378e-10, 4.99655428143e-10, 6.47017495137e-10, 5.75452741014e-10, 7.85380704915e-10, 1.00258723545e-09, 5.91679427675e-10, 5.93037174923e-10, 4.21597950995e-10, 3.4866029508e-10, 2.79955003624e-10, 1.31402166925e-10, 5.50661807819e-11, 1.2193676624e-11, 1.11765100213e-12],
        "var": [0.0324596501887, 9.4165763855, 96.6124267578, 1337.07543945, 373.596984863, 140.753036499, 228.221298218, 1901.44348145, 864.892272949, 270.025787354, 462.181274414, 722.497192383, 428.741851807, 410.30871582, 801.276062012, 1069.16027832, 813.777526855, 392.697601318, 352.683197021, 744.801879883, 988.708984375, 781.784240723, 1058.51550293, 118.202560425, 48.1001968384, 55.3547706604, 71.8252410889, 71.6833114624, 60.4020347595, 46.3422775269, 26.4392108917, 13.4678192139, 6.25010442734, 2.45793509483, 0.521038591862, 0.0727851614356, 0.00923738628626, 0.00266259000637, 3.01226555166e-05, 7.34740623898e-09]
    },
    "gfcc": {
        "mean": [-52.352394104, 107.162918091, -110.548950195, 33.2962684631, -52.223903656, 13.0146446228, -35.3930397034, 2.15561819077, -16.7098884583, 3.88826537132, -10.4058647156, 1.63664245605, -8.59899234772],
        "cov": [[17910.7050781, -3238.77539062, 1576.90637207, 2010.64050293, 64.2243118286, 1811.73754883, -183.14125061, 952.813964844, -530.631713867, 357.24899292, -619.918457031, 492.886322021, -279.108032227], [-3238.77539062, 2866.64794922, -318.051635742, -564.687866211, 355.246520996, -715.260070801, 248.673751831, -404.067474365, 310.83215332, -240.671066284, 302.705718994, -315.455718994, 129.140197754], [1576.90637207, -318.051635742, 1138.4588623, 535.818786621, 144.14553833, 485.193145752, 9.57035255432, 219.392929077, -107.566238403, 37.2964134216, -199.332107544, 45.8382530212, -84.1377944946], [2010.64050293, -564.687866211, 535.818786621, 1034.09289551, 22.5974025726, 553.145080566, 78.7135467529, 225.102844238, -53.063747406, 62.6085090637, -124.085380554, 42.916721344, -20.7846164703], [64.2243118286, 355.246520996, 144.14553833, 22.5974025726, 378.887756348, 43.651550293, 102.049308777, 34.4643554688, 6.61616849899, -27.8663806915, 5.67876815796, 0.181333974004, -2.78348588943], [1811.73754883, -715.260070801, 485.193145752, 553.145080566, 43.651550293, 661.717407227, 83.852722168, 224.526107788, -117.961700439, 65.2929153442, -131.358795166, 75.1731109619, -53.9131889343], [-183.14125061, 248.673751831, 9.57035255432, 78.7135467529, 102.049308777, 83.852722168, 198.916290283, 13.2751178741, 21.6076316833, -17.8451499939, 41.9012641907, -26.8910484314, 11.5072088242], [952.813964844, -404.067474365, 219.392929077, 225.102844238, 34.4643554688, 224.526107788, 13.2751178741, 201.950210571, -28.7651863098, 34.4926147461, -84.4941635132, 49.1356811523, -21.1703796387], [-530.631713867, 310.83215332, -107.566238403, -53.063747406, 6.61616849899, -117.961700439, 21.6076316833, -28.7651863098, 154.095291138, 21.3609237671, 53.4929847717, -55.5800209045, 23.7165546417], [357.24899292, -240.671066284, 37.2964134216, 62.6085090637, -27.8663806915, 65.2929153442, -17.8451499939, 34.4926147461, 21.3609237671, 136.306533813, 7.11222600937, 36.6815643311, -18.4781608582], [-619.918457031, 302.705718994, -199.332107544, -124.085380554, 5.67876815796, -131.358795166, 41.9012641907, -84.4941635132, 53.4929847717, 7.11222600937, 159.213867188, 2.69134688377, 34.6647071838], [492.886322021, -315.455718994, 45.8382530212, 42.916721344, 0.181333974004, 75.1731109619, -26.8910484314, 49.1356811523, -55.5800209045, 36.6815643311, 2.69134688377, 124.727523804, 21.8424816132], [-279.108032227, 129.140197754, -84.1377944946, -20.7846164703, -2.78348588943, -53.9131889343, 11.5072088242, -21.1703796387, 23.7165546417, -18.4781608582, 34.6647071838, 21.8424816132, 91.1016616821]],
        "icov": [[0.000100888166344, -5.79079751333e-05, 5.9038397012e-05, -0.000111516368634, -1.22222104437e-06, -0.000119733587781, 0.000163367920322, -0.000214114494156, 0.000141985510709, -0.000122370605823, 0.000147327824379, -0.000280650274362, 0.000228420583881], [-5.79079751333e-05, 0.00183444155846, -0.000843295361847, 0.0002328192204, -0.00121076242067, 0.00099653925281, -0.00115924875718, 0.00169331510551, -0.00141170271672, 0.00152096676175, -0.00178137491457, 0.00284917652607, -0.00174013525248], [5.9038397012e-05, -0.000843295361847, 0.002030860167, -0.000537020736374, -9.37677395996e-05, -0.00106327689718, 0.000971342728008, -0.000938576704357, 0.000718772411346, -0.000705585232936, 0.00182061281521, -0.00147967634257, 0.0014882569667], [-0.000111516368634, 0.0002328192204, -0.000537020736374, 0.0021087329369, 0.000152688415255, -0.0011373081943, -0.000419675343437, -0.000156917871209, -0.000670513894875, 0.000110292792669, -0.000344758824212, 0.00105530768633, -0.00126330158673], [-1.22222104437e-06, -0.00121076242067, -9.37677395996e-05, 0.000152688415255, 0.00428961589932, -0.000242434180109, -0.00127071433235, -0.00152635143604, 0.000395673705498, -0.000147817539982, 0.00104824488517, -0.00268534850329, 0.00156618340407], [-0.000119733587781, 0.00099653925281, -0.00106327689718, -0.0011373081943, -0.000242434180109, 0.00549606606364, -0.00299004209228, -0.000958312943112, 0.00144371169154, -0.000475887034554, -0.000178883550689, 0.00103125395253, -0.000272387085715], [0.000163367920322, -0.00115924875718, 0.000971342728008, -0.000419675343437, -0.00127071433235, -0.00299004209228, 0.00941276084632, -0.0020157424733, 0.000861144741066, 4.61165382148e-06, -0.00253117736429, 0.00129008106887, -8.99633814697e-05], [-0.000214114494156, 0.00169331510551, -0.000938576704357, -0.000156917871209, -0.00152635143604, -0.000958312943112, -0.0020157424733, 0.0126201836392, -0.00465234043077, 0.00157791166566, 0.00276744412258, -0.00181288644671, -0.000472574436571], [0.000141985510709, -0.00141170271672, 0.000718772411346, -0.000670513894875, 0.000395673705498, 0.00144371169154, 0.000861144741066, -0.00465234043077, 0.0141874616966, -0.00612858124077, -0.00184679054655, 0.00566702475771, -0.00296892877668], [-0.000122370605823, 0.00152096676175, -0.000705585232936, 0.000110292792669, -0.000147817539982, -0.000475887034554, 4.61165382148e-06, 0.00157791166566, -0.00612858124077, 0.0124542908743, -0.00276164826937, -0.00259167118929, 0.00271629285999], [0.000147327824379, -0.00178137491457, 0.00182061281521, -0.000344758824212, 0.00104824488517, -0.000178883550689, -0.00253117736429, 0.00276744412258, -0.00184679054655, -0.00276164826937, 0.0147167984396, -0.00778599036857, 0.00165588140953], [-0.000280650274362, 0.00284917652607, -0.00147967634257, 0.00105530768633, -0.00268534850329, 0.00103125395253, 0.00129008106887, -0.00181288644671, 0.00566702475771, -0.00259167118929, -0.00778599036857, 0.022170688957, -0.0104344319552], [0.000228420583881, -0.00174013525248, 0.0014882569667, -0.00126330158673, 0.00156618340407, -0.000272387085715, -8.99633814697e-05, -0.000472574436571, -0.00296892877668, 0.00271629285999, 0.00165588140953, -0.0104344319552, 0.0182132776827]]
    },
    "melbands": {
        "dmean": [0.00119334808551, 0.00223794742487, 0.00243279896677, 0.00033312337473, 0.000202852097573, 0.00030937185511, 0.000185099037481, 7.3677751061e-05, 6.74257898936e-05, 5.93195654801e-05, 4.8814148613e-05, 3.59888799721e-05, 3.05412977468e-05, 3.51761809725e-05, 3.35833574354e-05, 1.87596433534e-05, 1.68903025042e-05, 1.50306805153e-05, 1.35074551508e-05, 1.51864041982e-05, 1.35865175253e-05, 9.82155688689e-06, 1.12511997941e-05, 7.38461676519e-06, 3.87212594433e-06, 2.88668911708e-06, 2.47292791755e-06, 2.57264491665e-06, 2.44830312113e-06, 2.5753756745e-06, 2.19646108235e-06, 1.86351655884e-06, 1.79149071755e-06, 1.54175995704e-06, 1.33906360134e-06, 1.10790313101e-06, 8.63894968006e-07, 7.80958998803e-07, 6.80634911987e-07, 4.70340211223e-07],
        "dmean2": [0.00194108986761, 0.00391180301085, 0.00430452916771, 0.000546526513062, 0.0003381993738, 0.000518698710948, 0.000312747491989, 0.000121647892229, 0.000109895743662, 0.000100878154626, 8.69467839948e-05, 6.24540043646e-05, 4.91950013384e-05, 5.62526365684e-05, 5.44377144251e-05, 2.95428017125e-05, 2.7914695238e-05, 2.45824958256e-05, 2.20284491661e-05, 2.39942128246e-05, 2.20678266487e-05, 1.55654743139e-05, 1.86545275938e-05, 1.17142217277e-05, 6.27556073596e-06, 4.72188048661e-06, 4.00905128117e-06, 4.24272502642e-06, 3.99806049245e-06, 4.33984996562e-06, 3.74372825718e-06, 3.01272280012e-06, 2.97638757729e-06, 2.47376328844e-06, 2.23431061386e-06, 1.78908283033e-06, 1.40877148169e-06, 1.29039619878e-06, 1.11361350719e-06, 7.69759196828e-07],
        "dvar": [4.430421086e-06, 2.00163940463e-05, 4.33150016761e-05, 1.5281875676e-06, 2.25684416932e-07, 4.77066350868e-07, 1.33880689646e-07, 2.30769376941e-08, 2.34613839467e-08, 1.75272703018e-08, 1.20503687029e-08, 6.2075153906e-09, 4.96940577577e-09, 6.63136301426e-09, 6.61124577306e-09, 1.09552689143e-09, 9.13945585879e-10, 8.08000000241e-10, 7.42847727775e-10, 1.26415355961e-09, 1.13724307749e-09, 4.85457729571e-10, 1.00804531389e-09, 4.91243545842e-10, 4.96647098447e-11, 2.93753806002e-11, 2.45520825892e-11, 2.17468387048e-11, 2.04580935526e-11, 2.55964190815e-11, 1.72513982266e-11, 1.33486537796e-11, 1.3718018041e-11, 1.02155124637e-11, 7.44414165726e-12, 5.53151621729e-12, 3.50108397135e-12, 3.37597094377e-12, 2.37875908207e-12, 1.14383491828e-12],
        "dvar2": [1.14682170533e-05, 5.19055029145e-05, 0.000117245879665, 4.18946501668e-06, 6.07813660736e-07, 1.04187358829e-06, 3.32281757665e-07, 5.78439021126e-08, 5.75616105891e-08, 4.51893242825e-08, 3.37086838442e-08, 1.70267977495e-08, 1.106252423e-08, 1.70975749114e-08, 1.6275341963e-08, 2.476843175e-09, 2.28541341407e-09, 1.94682869825e-09, 1.81847714664e-09, 2.87883361594e-09, 2.76674105848e-09, 1.08295683532e-09, 2.57292054329e-09, 1.17172571645e-09, 1.19957738187e-10, 7.40915731545e-11, 6.23063892147e-11, 5.61762095175e-11, 5.2754342561e-11, 6.64438504216e-11, 4.47677242499e-11, 3.29068057525e-11, 3.56979307226e-11, 2.65014798301e-11, 1.98490026498e-11, 1.4553736688e-11, 9.33941552567e-12, 8.99575813146e-12, 6.01607435743e-12, 2.89326895775e-12],
        "max": [0.0204615145922, 0.0319952741265, 0.0499430373311, 0.0333627909422, 0.0147710740566, 0.0123373633251, 0.00471341144294, 0.00287720817141, 0.00409536296502, 0.00236299308017, 0.00169982924126, 0.00130217301194, 0.00142804719508, 0.00228975410573, 0.00187151704449, 0.000687231251504, 0.000397403899115, 0.000468697311589, 0.000381721707527, 0.000814439845271, 0.000806518888567, 0.000493613944855, 0.000722060387488, 0.000639039615635, 0.000103698810562, 6.71288653393e-05, 8.88165595825e-05, 5.3836760344e-05, 6.13146985415e-05, 8.01224232418e-05, 4.59076800325e-05, 5.68701434531e-05, 6.18730700808e-05, 4.80261260236e-05, 4.52402236988e-05, 3.64131083188e-05, 2.61336754193e-05, 3.09830938932e-05, 1.76074918272e-05, 1.04784730866e-05],
        "mean": [0.0018685166724, 0.0027057332918, 0.00193548412062, 0.000514057348482, 0.000302283850033, 0.000419880554546, 0.000229768658755, 0.000102843579953, 9.83309728326e-05, 7.65640434111e-05, 5.65034497413e-05, 4.63407632196e-05, 4.66550700366e-05, 5.51618722966e-05, 4.69304286526e-05, 2.87987750198e-05, 2.30839505093e-05, 2.07844677789e-05, 1.70647599589e-05, 2.014175152e-05, 1.77261263161e-05, 1.33463763632e-05, 1.30391172206e-05, 9.43523082242e-06, 5.07282265971e-06, 3.56107830157e-06, 3.30474722432e-06, 3.29609497385e-06, 3.37527012562e-06, 3.27860925609e-06, 2.8773217764e-06, 2.59815465142e-06, 2.2991773676e-06, 2.07869084079e-06, 1.71662156845e-06, 1.41171619816e-06, 1.1027303799e-06, 9.07071978418e-07, 7.95642790763e-07, 5.94321420522e-07],
        "median": [0.00116055621766, 0.000877380254678, 0.000440722971689, 0.000275913858786, 0.000137291150168, 0.000148124265252, 7.46438090573e-05, 3.8973386836e-05, 3.46229062416e-05, 2.02507144422e-05, 1.59586597874e-05, 1.19319838632e-05, 1.06175812107e-05, 1.43836350617e-05, 1.15513903438e-05, 9.82354413281e-06, 7.95501819084e-06, 6.6933225753e-06, 4.91499304189e-06, 5.87067734159e-06, 4.6034629122e-06, 3.42308862855e-06, 2.54211795436e-06, 2.43302883973e-06, 1.79177641257e-06, 1.41156863265e-06, 1.21657308227e-06, 1.16454657473e-06, 1.10159589894e-06, 8.33152739688e-07, 7.34911623113e-07, 5.41129736575e-07, 4.2021898139e-07, 3.60121021004e-07, 3.09821587052e-07, 2.63420133706e-07, 2.01277558176e-07, 1.65031508459e-07, 1.27285858298e-07, 7.89718228589e-08],
        "min": [2.18556904413e-15, 5.22424563818e-16, 2.03095538218e-16, 1.00147325862e-16, 5.533610327e-17, 9.05911464732e-17, 1.73556164155e-16, 3.52231133698e-16, 6.59901452228e-16, 3.15825419397e-16, 3.28960200492e-16, 5.911886043e-16, 4.34137499162e-16, 6.3902431354e-16, 8.03448919893e-16, 5.9658711585e-16, 1.59309734373e-15, 3.77846574694e-16, 5.15616430625e-16, 1.73128706331e-15, 7.35345247472e-16, 4.892623769e-16, 1.65637451654e-15, 6.0422661188e-16, 3.67447657079e-16, 9.04941201726e-16, 4.88149163849e-16, 4.30209886795e-16, 2.42622396876e-16, 4.60678350122e-16, 3.51897852703e-16, 2.58717346363e-16, 4.83776726835e-16, 3.74320403004e-16, 5.20219895875e-16, 6.31125043093e-16, 2.40101150369e-16, 4.49867298039e-16, 3.30705511879e-16, 3.42129471709e-16],
        "var": [5.41394274478e-06, 2.16069474845e-05, 2.93246939691e-05, 1.24488929032e-06, 2.48624814958e-07, 8.07970991445e-07, 1.63530387454e-07, 3.17593276122e-08, 3.60145229195e-08, 2.57588705921e-08, 1.17722551707e-08, 7.9976887335e-09, 1.19052590009e-08, 1.32119701846e-08, 1.10892059979e-08, 2.14235940099e-09, 1.33642996669e-09, 1.29417043748e-09, 9.7392904852e-10, 1.89551996321e-09, 1.44087808351e-09, 8.18793810531e-10, 1.0335323708e-09, 5.5618909478e-10, 7.05835181969e-11, 3.30908772606e-11, 3.38845722314e-11, 2.70302911998e-11, 2.79596606284e-11, 3.13460958579e-11, 2.29961900217e-11, 2.09589914868e-11, 1.81273746014e-11, 1.45601707774e-11, 9.92064937144e-12, 7.33140458065e-12, 4.48934812936e-12, 3.43275776728e-12, 2.76186452181e-12, 1.45123398975e-12]
    },
    "mfcc": {
        "mean": [-689.282836914, 128.357437134, 8.09585666656, 22.4175434113, 7.09693622589, 10.5508518219, -2.93043756485, 1.5174280405, -1.65754449368, -0.161163061857, -0.00816137623042, 4.74650716782, 1.48048269749],
        "cov": [[11642.0478516, -1448.69763184, 289.742950439, 752.971191406, 509.58392334, 707.571838379, 453.284515381, 562.618225098, 404.825897217, 92.0798034668, -44.280090332, 32.8644714355, -77.0945510864], [-1448.69763184, 2062.73730469, -199.600692749, -42.4987449646, 11.8320465088, -212.832489014, -107.932525635, -125.632720947, -124.140129089, -5.7303481102, -0.913093805313, -11.5657291412, 12.1684551239], [289.742950439, -199.600692749, 884.239990234, 196.581222534, 176.103057861, 256.775024414, 126.316551208, 136.042526245, 134.756912231, 77.0221557617, 27.5758342743, -43.7980422974, 1.10327172279], [752.971191406, -42.4987449646, 196.581222534, 543.561767578, 167.492202759, 177.212493896, 106.974075317, 128.912918091, 112.249000549, 69.6541748047, 11.3966264725, 6.29008054733, -0.235179081559], [509.58392334, 11.8320465088, 176.103057861, 167.492202759, 280.631713867, 131.293579102, 101.388771057, 117.993370056, 96.3087005615, 37.7356109619, 13.0646934509, 4.31491422653, -3.9073433876], [707.571838379, -212.832489014, 256.775024414, 177.212493896, 131.293579102, 309.475341797, 183.160797119, 131.232116699, 102.434593201, 55.3213348389, 27.5819721222, 15.0018205643, 30.6626739502], [453.284515381, -107.932525635, 126.316551208, 106.974075317, 101.388771057, 183.160797119, 251.016403198, 157.666091919, 68.549079895, 25.536895752, 3.38434815407, 3.80530381203, 25.7671871185], [562.618225098, -125.632720947, 136.042526245, 128.912918091, 117.993370056, 131.232116699, 157.666091919, 203.394119263, 104.603622437, 31.9776611328, -8.34843063354, -13.0355510712, 1.75437271595], [404.825897217, -124.140129089, 134.756912231, 112.249000549, 96.3087005615, 102.434593201, 68.549079895, 104.603622437, 153.064941406, 63.1284713745, 9.82129383087, -10.2451095581, -8.79744243622], [92.0798034668, -5.7303481102, 77.0221557617, 69.6541748047, 37.7356109619, 55.3213348389, 25.536895752, 31.9776611328, 63.1284713745, 110.425628662, 44.774394989, 4.48331546783, -2.06303572655], [-44.280090332, -0.913093805313, 27.5758342743, 11.3966264725, 13.0646934509, 27.5819721222, 3.38434815407, -8.34843063354, 9.82129383087, 44.774394989, 88.8313140869, 45.6034812927, 5.63845443726], [32.8644714355, -11.5657291412, -43.7980422974, 6.29008054733, 4.31491422653, 15.0018205643, 3.80530381203, -13.0355510712, -10.2451095581, 4.48331546783, 45.6034812927, 92.8128204346, 36.7836952209], [-77.0945510864, 12.1684551239, 1.10327172279, -0.235179081559, -3.9073433876, 30.6626739502, 25.7671871185, 1.75437271595, -8.79744243622, -2.06303572655, 5.63845443726, 36.7836952209, 84.5624465942]],
