{
"lowlevel": {
    "average_loudness": 0.758111417294,
    "barkbands_crest": {
        "dmean": 2.98461031914,
        "dmean2": 4.32649469376,
        "dvar": 9.06095409393,
        "dvar2": 19.2548809052,
        "max": 26.0592155457,
        "mean": 11.7724094391,
        "median": 11.1231241226,
        "min": 2.37077379227,
        "var": 27.2621269226
    },
    "barkbands_flatness_db": {
        "dmean": 0.028646716848,
        "dmean2": 0.0418724827468,
        "dvar": 0.00103005126584,
        "dvar2": 0.00212955661118,
        "max": 0.606033861637,
        "mean": 0.178502082825,
        "median": 0.148618549109,
        "min": 0.0179681088775,
        "var": 0.0112302191556
    },
    "barkbands_kurtosis": {
        "dmean": 4.56211948395,
        "dmean2": 6.9029302597,
        "dvar": 81.2505722046,
        "dvar2": 180.402786255,
        "max": 112.062431335,
        "mean": 5.37338018417,
        "median": 1.97737979889,
        "min": -1.89937484264,
        "var": 108.488487244
    },
    "barkbands_skewness": {
        "dmean": 0.788594305515,
        "dmean2": 1.13122570515,
        "dvar": 0.962962567806,
        "dvar2": 1.90088641644,
        "max": 9.26759433746,
        "mean": 1.44323134422,
        "median": 1.26894819736,
        "min": -4.3975186348,
        "var": 2.49351930618
    },
    "barkbands_spread": {
        "dmean": 7.19455242157,
        "dmean2": 11.3907146454,
        "dvar": 97.4553985596,
        "dvar2": 234.336730957,
        "max": 99.4812011719,
        "mean": 19.6497402191,
        "median": 15.8409223557,
        "min": 0.115417301655,
        "var": 229.049880981
    },
    "dissonance": {
        "dmean": 0.0256734117866,
        "dmean2": 0.0425450764596,
        "dvar": 0.000776263826992,
        "dvar2": 0.00205412320793,
        "max": 0.500000059605,
        "mean": 0.440740913153,
        "median": 0.458854228258,
        "min": 0.0871506556869,
        "var": 0.00337994401343
    },
    "dynamic_complexity": 4.04086446762,
    "erbbands_crest": {
        "dmean": 3.2792289257,
        "dmean2": 5.03478860855,
        "dvar": 11.4042282104,
        "dvar2": 24.1487236023,
        "max": 32.7351493835,
        "mean": 11.8012714386,
        "median": 10.3329982758,
        "min": 2.61977386475,
        "var": 37.3201599121
    },
    "erbbands_flatness_db": {
        "dmean": 0.0216977912933,
        "dmean2": 0.0303154736757,
        "dvar": 0.000606985122431,
        "dvar2": 0.00108519440982,
        "max": 0.597387731075,
        "mean": 0.198016896844,
        "median": 0.170076474547,
        "min": 0.0487138554454,
        "var": 0.0100569054484
    },
    "erbbands_kurtosis": {
        "dmean": 1.71650230885,
        "dmean2": 2.67358183861,
        "dvar": 12.1936826706,
        "dvar2": 26.2595062256,
        "max": 77.7228240967,
        "mean": 1.6368945837,
        "median": 0.45383644104,
        "min": -1.77381420135,
        "var": 21.4936580658
    },
    "erbbands_skewness": {
        "dmean": 0.483645141125,
        "dmean2": 0.744733691216,
        "dvar": 0.284931778908,
        "dvar2": 0.687885463238,
        "max": 5.46275854111,
        "mean": 0.40409091115,
        "median": 0.375954568386,
        "min": -4.62704753876,
        "var": 0.851285040379
    },
    "erbbands_spread": {
        "dmean": 9.5057554245,
        "dmean2": 13.9941539764,
        "dvar": 132.488296509,
        "dvar2": 286.518981934,
        "max": 161.900283813,
        "mean": 31.5103340149,
        "median": 27.3861045837,
        "min": 0.370117276907,
        "var": 417.713684082
    },
    "hfc": {
        "dmean": 10.7813482285,
        "dmean2": 16.2460365295,
        "dvar": 504.558197021,
        "dvar2": 1172.58789062,
        "max": 286.996398926,
        "mean": 18.7426776886,
        "median": 9.75876426697,
        "min": 1.12646964595e-16,
        "var": 689.844238281
    },
    "melbands_crest": {
        "dmean": 3.62856125832,
        "dmean2": 5.66789102554,
        "dvar": 14.3449277878,
        "dvar2": 34.2673339844,
        "max": 33.4365921021,
        "mean": 16.0718574524,
        "median": 15.0048904419,
        "min": 2.37414431572,
        "var": 47.2275352478
    },
    "melbands_flatness_db": {
        "dmean": 0.0366154946387,
        "dmean2": 0.052945446223,
        "dvar": 0.00188439537305,
        "dvar2": 0.00375595479272,
        "max": 0.720089137554,
        "mean": 0.239219278097,
        "median": 0.219771102071,
        "min": 0.00845172069967,
        "var": 0.0152656761929
    },
    "melbands_kurtosis": {
        "dmean": 11.0931711197,
        "dmean2": 16.6200237274,
        "dvar": 590.930969238,
        "dvar2": 1319.98950195,
        "max": 292.67791748,
        "mean": 14.2102565765,
        "median": 5.30187225342,
        "min": -1.91989147663,
        "var": 726.398376465
    },
    "melbands_skewness": {
        "dmean": 1.02039444447,
        "dmean2": 1.42553579807,
        "dvar": 1.9027364254,
        "dvar2": 3.63817381859,
        "max": 14.0981531143,
        "mean": 2.36483383179,
        "median": 1.87312078476,
        "min": -3.20434069633,
        "var": 4.80037641525
    },
    "melbands_spread": {
        "dmean": 12.1888065338,
        "dmean2": 19.9909954071,
        "dvar": 448.608917236,
        "dvar2": 1169.31530762,
        "max": 188.332000732,
        "mean": 25.4235363007,
        "median": 17.1263618469,
        "min": 0.339042931795,
        "var": 709.132446289
    },
    "pitch_salience": {
        "dmean": 0.0871259197593,
        "dmean2": 0.132942512631,
        "dvar": 0.00984311569482,
        "dvar2": 0.0220346320421,
        "max": 0.913463532925,
        "mean": 0.489639043808,
        "median": 0.486624807119,
        "min": 0.0672071874142,
        "var": 0.0242273714393
    },
    "silence_rate_20dB": {
        "dmean": 0,
        "dmean2": 0,
        "dvar": 0,
        "dvar2": 0,
        "max": 1,
        "mean": 1,
        "median": 1,
        "min": 1,
        "var": 0
    },
    "silence_rate_30dB": {
        "dmean": 0.0727513208985,
        "dmean2": 0.145521894097,
        "dvar": 0.067453995347,
        "dvar2": 0.127519935369,
        "max": 1,
        "mean": 0.904509961605,
        "median": 1,
        "min": 0,
        "var": 0.0863705575466
    },
    "silence_rate_60dB": {
        "dmean": 0.0500000007451,
        "dmean2": 0.100013226271,
        "dvar": 0.0475014820695,
        "dvar2": 0.105626955628,
        "max": 1,
        "mean": 0.132389888167,
        "median": 0,
        "min": 0,
        "var": 0.114857286215
    },
    "spectral_centroid": {
        "dmean": 360.162872314,
        "dmean2": 578.733093262,
        "dvar": 307054.3125,
        "dvar2": 743328.5,
        "max": 11285.6318359,
        "mean": 1321.52770996,
        "median": 1069.10083008,
        "min": 228.077590942,
        "var": 657386.8125
    },
    "spectral_complexity": {
        "dmean": 4.33121681213,
        "dmean2": 6.31181383133,
        "dvar": 40.8828697205,
        "dvar2": 77.6378631592,
        "max": 60,
        "mean": 14.0946960449,
        "median": 12,
        "min": 0,
        "var": 108.701705933
    },
    "spectral_decrease": {
        "dmean": 5.17644815901e-09,
        "dmean2": 6.93276724917e-09,
        "dvar": 1.18679467071e-16,
        "dvar2": 2.2641203915e-16,
        "max": -1.5767505399e-28,
        "mean": -8.49338377407e-09,
        "median": -3.80458464733e-09,
        "min": -7.73257937681e-08,
        "var": 1.90497577489e-16
    },
    "spectral_energy": {
        "dmean": 0.0203347839415,
        "dmean2": 0.0271858852357,
        "dvar": 0.00172857288271,
        "dvar2": 0.00328422710299,
        "max": 0.296656221151,
        "mean": 0.0337561294436,
        "median": 0.0156875383109,
        "min": 1.08125115718e-20,
        "var": 0.00283168419264
    },
    "spectral_energyband_high": {
        "dmean": 0.00078811874846,
        "dmean2": 0.001312274253,
        "dvar": 4.52940230389e-06,
        "dvar2": 1.21499506349e-05,
        "max": 0.0332982353866,
        "mean": 0.000935282325372,
        "median": 0.000177535810508,
        "min": 7.39333546824e-21,
        "var": 4.60776300315e-06
    },
    "spectral_energyband_low": {
        "dmean": 0.0162880793214,
        "dmean2": 0.0223142374307,
        "dvar": 0.00173290120438,
        "dvar2": 0.00348836812191,
        "max": 0.284734725952,
        "mean": 0.0214071907103,
        "median": 0.00307595659979,
        "min": 4.79615061035e-23,
        "var": 0.00237213540822
    },
    "spectral_energyband_middle_high": {
        "dmean": 0.00316221546382,
        "dmean2": 0.00477595021948,
        "dvar": 5.88874536334e-05,
        "dvar2": 0.000131887063617,
        "max": 0.118463434279,
        "mean": 0.00491228327155,
        "median": 0.00245219888166,
        "min": 2.075614867e-21,
        "var": 7.34957138775e-05
    },
    "spectral_energyband_middle_low": {
        "dmean": 0.00465941336006,
        "dmean2": 0.00795887410641,
        "dvar": 0.000129201507661,
        "dvar2": 0.000360279809684,
        "max": 0.14693517983,
        "mean": 0.00762993376702,
        "median": 0.00475275842473,
        "min": 3.2330607182e-22,
        "var": 0.000111217152153
    },
    "spectral_entropy": {
        "dmean": 0.204464182258,
        "dmean2": 0.303330749273,
        "dvar": 0.0574253797531,
        "dvar2": 0.117207564414,
        "max": 9.80322551727,
        "mean": 7.32201719284,
        "median": 7.53191947937,
        "min": 3.87927603722,
        "var": 0.677425384521
    },
    "spectral_flux": {
        "dmean": 0.0411378555,
        "dmean2": 0.055475987494,
        "dvar": 0.00393504556268,
        "dvar2": 0.00615936797112,
        "max": 0.487578988075,
        "mean": 0.0906913653016,
        "median": 0.0496007837355,
        "min": 1.03983224808e-10,
        "var": 0.0110461106524
    },
    "spectral_kurtosis": {
        "dmean": 5.29818964005,
        "dmean2": 9.25161838531,
        "dvar": 211.040679932,
        "dvar2": 630.315124512,
        "max": 467.019287109,
        "mean": 13.581609726,
        "median": 4.3478307724,
        "min": -1.16072440147,
        "var": 1168.93127441
    },
    "spectral_rms": {
        "dmean": 0.00131405948196,
        "dmean2": 0.00164835050236,
        "dvar": 4.27894156019e-06,
        "dvar2": 6.93783294992e-06,
        "max": 0.0170123688877,
        "mean": 0.00462156673893,
        "median": 0.00391214946285,
        "min": 3.24789023801e-12,
        "var": 1.15737457236e-05
    },
    "spectral_rolloff": {
        "dmean": 817.833374023,
        "dmean2": 1417.8359375,
        "dvar": 2268029.75,
        "dvar2": 5453294,
        "max": 18324.7558594,
        "mean": 1784.90039062,
        "median": 882.861328125,
        "min": 64.599609375,
        "var": 5987972
    },
    "spectral_skewness": {
        "dmean": 0.465269774199,
        "dmean2": 0.784270524979,
        "dvar": 0.474952936172,
        "dvar2": 1.40042710304,
        "max": 18.5973720551,
        "mean": 2.10292935371,
        "median": 1.67666387558,
        "min": -0.00612511020154,
        "var": 3.19759941101
    },
    "spectral_spread": {
        "dmean": 522301.09375,
        "dmean2": 796751.0625,
        "dvar": 541799055360,
        "dvar2": 943877062656,
        "max": 39600344,
        "mean": 4311894.5,
        "median": 4497397.5,
        "min": 170002.3125,
        "var": 4.3216362537e+12
    },
    "spectral_strongpeak": {
        "dmean": 0.583653509617,
        "dmean2": 0.946151852608,
        "dvar": 1.33646297455,
        "dvar2": 3.25893974304,
        "max": 18.4725246429,
        "mean": 0.982341110706,
        "median": 0.535699307919,
        "min": 0,
        "var": 1.71165835857
    },
    "zerocrossingrate": {
        "dmean": 0.0128274587914,
        "dmean2": 0.0155808161944,
        "dvar": 0.000267804949544,
        "dvar2": 0.000376479729312,
        "max": 0.6572265625,
        "mean": 0.0642467290163,
        "median": 0.04736328125,
        "min": 0.0029296875,
        "var": 0.0038357458543
    },
    "barkbands": {
        "dmean": [0.000244852650212, 0.0106151448563, 0.00880252756178, 0.00216658855788, 0.00137845752761, 0.000464522687253, 0.000670062087011, 0.000245899660513, 0.000648519373499, 0.000605229870416, 0.000473038177006, 0.000272807723377, 0.000839264073875, 0.000340693019098, 0.000352353526978, 0.0004285715695, 0.000261760753347, 0.000184681208339, 0.000148297083797, 0.00016903069627, 0.000173397274921, 0.000185079756193, 0.000239807341131, 0.00010211312474, 5.86396818107e-05, 2.657110781e-05, 7.3896203503e-06],
        "dmean2": [0.000339437130606, 0.0149698331952, 0.0158391091973, 0.0040532159619, 0.00233913306147, 0.000765121600125, 0.000982917146757, 0.000395619717892, 0.000890927156433, 0.000900105806068, 0.000732168671675, 0.00045105186291, 0.00125533167738, 0.000542686495464, 0.000546595430933, 0.00064921437297, 0.000422196899308, 0.000299642502796, 0.000242624169914, 0.000285925023491, 0.000296155689284, 0.000310170202283, 0.000426044978667, 0.00017108830798, 9.61797122727e-05, 4.38666102127e-05, 1.29458121592e-05],
        "dvar": [2.65404707989e-07, 0.000767036923207, 0.000840749358758, 5.4681848269e-05, 2.88618848572e-05, 1.66717393313e-06, 1.98604470825e-06, 2.8496970117e-07, 1.68669396317e-06, 5.47211129742e-06, 2.25625558414e-06, 7.88017018749e-07, 1.37465322041e-05, 1.04272419321e-06, 9.16093426895e-07, 3.22851224155e-06, 6.40597079382e-07, 2.15932544734e-07, 1.24875128904e-07, 2.84301336251e-07, 2.86016813789e-07, 3.34090231036e-07, 4.24987007364e-07, 6.69990640745e-08, 4.56265922821e-08, 1.2229881996e-08, 9.49254674865e-10],
        "dvar2": [5.35824142389e-07, 0.0014563590521, 0.00231383997016, 0.000158755268785, 7.47923186282e-05, 4.61082890979e-06, 3.9042743083e-06, 7.13984775302e-07, 3.09359961648e-06, 1.12411789814e-05, 5.16246882398e-06, 2.0909626528e-06, 2.87142302113e-05, 2.28579187933e-06, 2.03725744541e-06, 6.91236709827e-06, 1.61067032423e-06, 5.1580195759e-07, 2.99594319131e-07, 7.27202802864e-07, 7.75358330429e-07, 8.93455421647e-07, 1.19858975722e-06, 1.80030738761e-07, 1.25893663494e-07, 3.55586919909e-08, 2.87292523105e-09],
        "max": [0.00897770375013, 0.190888822079, 0.212341606617, 0.0666978061199, 0.143187761307, 0.0324301049113, 0.0403660871089, 0.0118946079165, 0.0256394185126, 0.0678832158446, 0.0353483445942, 0.0216948240995, 0.116868145764, 0.0234543085098, 0.0149428602308, 0.0446813218296, 0.0124479588121, 0.00862949434668, 0.00645864009857, 0.00933828111738, 0.0135398618877, 0.009242342785, 0.00583170261234, 0.00451327487826, 0.00633462751284, 0.00249280547723, 0.000804765208159],
        "mean": [0.000600631232373, 0.0132646830752, 0.00646870909259, 0.00169024360366, 0.00152960885316, 0.000914993172046, 0.00165347952861, 0.000394905480789, 0.00135305675212, 0.000915636424907, 0.000702124089003, 0.00029195100069, 0.00098711962346, 0.000371865229681, 0.000433903973317, 0.000509179895744, 0.000275535974652, 0.000207421006053, 0.000162313503097, 0.00017369328998, 0.000189566257177, 0.000200615279027, 0.000217370223254, 0.000124798127217, 7.70210826886e-05, 3.72703725589e-05, 8.37743300508e-06],
        "median": [5.56081322429e-05, 0.000690745422617, 0.000440416217316, 0.000148034640006, 0.000262952176854, 0.000574982957914, 0.000679156684782, 0.000115527866001, 0.000514660438057, 0.000228671720834, 0.000134033398353, 5.79878615099e-05, 0.000134028930916, 6.27564513707e-05, 0.000106472791231, 7.22870317986e-05, 6.94315167493e-05, 5.32102567377e-05, 3.66767781088e-05, 2.92792028631e-05, 3.32657873514e-05, 3.02703083435e-05, 2.76009777735e-05, 1.8973938495e-05, 1.05033441287e-05, 4.43953786089e-06, 2.93929616646e-07],
        "min": [1.01013668496e-24, 8.00421030698e-24, 1.32316302276e-23, 4.23588992032e-23, 6.71122847137e-23, 9.45404735172e-23, 2.92532469068e-23, 3.55683498212e-23, 5.23405644963e-23, 1.96028527068e-22, 9.3169041989e-23, 6.39420294405e-23, 6.83727456007e-23, 2.75514707236e-22, 2.69721842863e-22, 1.68211107983e-22, 1.30389809282e-22, 2.21215580973e-22, 3.37750279078e-22, 4.55119781347e-22, 5.32900557834e-22, 5.55241048183e-22, 6.18846107799e-22, 9.38392077269e-22, 1.01496363727e-21, 1.48973370396e-21, 2.3482258088e-21],
        "var": [1.20352001431e-06, 0.00101258582436, 0.000534313963726, 3.26292756654e-05, 2.48975047725e-05, 2.15947261495e-06, 8.26424093248e-06, 7.43487476029e-07, 5.4462720982e-06, 8.35484843265e-06, 3.77348078473e-06, 6.85065913331e-07, 1.72185300471e-05, 1.37138147238e-06, 1.19820708733e-06, 3.84673694498e-06, 5.79001493861e-07, 2.35406574234e-07, 1.34389466666e-07, 2.58495731487e-07, 2.50455173045e-07, 3.31766727868e-07, 3.15847046295e-07, 7.60862874927e-08, 4.85801123773e-08, 1.39244953345e-08, 8.88344064975e-10]
    },
    "erbbands": {
        "dmean": [0.241228431463, 2.84778523445, 9.91243171692, 8.53396034241, 5.11692905426, 4.67577648163, 3.46941709518, 4.41542005539, 10.0841531754, 7.13705825806, 5.00716733932, 17.5157279968, 10.7252941132, 21.5043869019, 18.6192531586, 12.121216774, 38.8118209839, 19.3395366669, 17.6698665619, 24.2613945007, 16.6324596405, 15.4411506653, 10.2069597244, 8.92721748352, 8.2573890686, 7.90127801895, 5.38284254074, 9.02580547333, 7.0700712204, 7.76729297638, 5.41679430008, 2.7287197113, 1.36493599415, 0.775555849075, 0.369754105806, 0.136377826333, 0.0463700592518, 0.0127420397475, 0.00117781758308, 3.49377150997e-05],
        "dmean2": [0.329992473125, 4.12759447098, 17.2195148468, 15.5709276199, 9.17462825775, 7.73190402985, 5.94063043594, 7.12298202515, 14.6727113724, 11.0277118683, 7.85472202301, 23.987487793, 16.0404644012, 32.4822654724, 28.88829422, 19.2975673676, 57.6029472351, 31.1123161316, 28.0776824951, 35.8794250488, 25.8784217834, 25.1411838531, 16.426908493, 14.5656499863, 13.8743019104, 13.3389358521, 8.70510959625, 15.7498292923, 11.8541669846, 13.6036605835, 9.52711486816, 4.64806604385, 2.25661230087, 1.27690529823, 0.612184524536, 0.223424777389, 0.0773866996169, 0.0219276845455, 0.00204237480648, 4.84482552565e-05],
        "dvar": [0.354490280151, 59.2311248779, 990.334655762, 784.42175293, 288.704040527, 410.591156006, 175.246551514, 107.58442688, 473.905426025, 289.093017578, 90.2500534058, 1302.11523438, 1059.50305176, 6408.078125, 2825.12011719, 1153.96887207, 28895.3496094, 3373.33813477, 2471.23217773, 5097.9296875, 3358.24121094, 2402.03271484, 681.844482422, 518.256896973, 451.325683594, 675.196350098, 473.075256348, 643.586547852, 527.934020996, 485.032043457, 197.779403687, 43.9084739685, 16.2227973938, 8.05062389374, 1.7393257618, 0.341543734074, 0.035721745342, 0.00299819046631, 2.07155371754e-05, 6.57445964336e-09],
        "dvar2": [0.703554153442, 119.471839905, 2612.69311523, 2213.47485352, 804.092712402, 1063.91333008, 495.894500732, 289.38180542, 877.459106445, 716.513427734, 210.585906982, 2402.10961914, 2293.42944336, 13368.1904297, 6617.55712891, 2837.99707031, 59853.8632812, 7876.19580078, 5553.26953125, 10545.2177734, 7178.27734375, 6195.49609375, 1597.81994629, 1246.58496094, 1140.58447266, 1759.78393555, 1290.43347168, 1749.41223145, 1432.81811523, 1343.48278809, 557.295166016, 117.473838806, 44.7512969971, 22.4614677429, 4.78665971756, 0.976063132286, 0.103780902922, 0.00910754129291, 6.21301296633e-05, 1.66135478707e-08],
        "max": [6.84281015396, 50.477558136, 214.31854248, 203.206558228, 296.162689209, 553.161865234, 426.456512451, 206.841995239, 620.947998047, 626.948547363, 342.00402832, 729.995788574, 876.514587402, 2514.71118164, 1229.18591309, 452.435180664, 5219.85302734, 1285.61315918, 825.845092773, 1274.01977539, 1276.07128906, 785.439819336, 393.01348877, 447.279571533, 337.800537109, 464.65838623, 595.67199707, 394.040802002, 362.479034424, 204.082351685, 182.087310791, 88.7494125366, 82.0195541382, 98.7218017578, 27.3132133484, 17.4087314606, 3.55840182304, 1.34588909149, 0.105715207756, 0.0014667318901],
        "mean": [0.357261836529, 3.01465296745, 7.75466537476, 6.7672662735, 4.73154830933, 5.53184890747, 4.79091405869, 9.48373985291, 24.1892757416, 15.3903007507, 10.2462310791, 36.4527511597, 18.1053619385, 32.3817596436, 29.5064525604, 15.3511867523, 46.2886886597, 21.9657516479, 22.0169620514, 29.7046737671, 20.3219451904, 16.4164066315, 12.1661634445, 9.46613025665, 8.57165336609, 8.26186084747, 6.28855514526, 8.7539358139, 7.41351270676, 7.44166851044, 5.28732919693, 3.11855697632, 1.73640680313, 1.00197708607, 0.475576758385, 0.187774866819, 0.0637632384896, 0.0157976001501, 0.00136070302688, 6.10422284808e-05],
        "median": [0.0265911053866, 0.130839124322, 0.545191287994, 0.798578560352, 0.666477322578, 0.975815594196, 2.36254668236, 6.37078046799, 9.34120750427, 7.62704563141, 4.68605279922, 13.5657396317, 7.01182603836, 9.22654533386, 6.97615289688, 5.1375002861, 6.92445373535, 4.26135873795, 5.79437017441, 5.91633892059, 4.13760900497, 4.34365558624, 3.5121512413, 2.22284317017, 1.66211569309, 1.45776689053, 1.14808809757, 1.34046554565, 1.10952329636, 1.00227439404, 0.753121614456, 0.474941879511, 0.256189823151, 0.134290978312, 0.0602773837745, 0.0249569620937, 0.0073148435913, 0.00125046307221, 5.89170776948e-05, 2.439891432e-05],
        "min": [2.14716099177e-22, 1.72039330049e-21, 1.07457248153e-20, 9.83471736404e-20, 1.13113769291e-19, 2.71668576286e-19, 3.89745325855e-19, 1.04814619676e-18, 2.88848109482e-19, 7.70467455395e-19, 9.32617085935e-19, 1.02788750959e-18, 3.44064948611e-18, 6.26259434381e-18, 2.89452706132e-18, 2.80875153372e-18, 3.29852620839e-18, 9.37871936891e-18, 1.19382577209e-17, 1.86724955607e-17, 8.35715213959e-18, 8.55006554769e-18, 1.10644993952e-17, 1.22376764231e-17, 2.13359923177e-17, 2.16587019445e-17, 2.05362112358e-17, 2.16814874616e-17, 1.53247483836e-17, 1.80456101161e-17, 1.87422765172e-17, 1.68775285207e-17, 1.80787238103e-17, 9.50489915391e-18, 8.34263015676e-18, 5.47550758913e-18, 2.37720789264e-18, 1.44035605556e-18, 3.25856273485e-19, 3.05802856347e-20],
        "var": [0.516211867332, 68.690284729, 700.876037598, 485.341247559, 204.792663574, 355.805755615, 125.147354126, 187.086883545, 1911.65515137, 824.940002441, 374.031768799, 4065.6640625, 1685.33630371, 9531.80761719, 5030.76660156, 1241.80810547, 36450.3945312, 3710.44775391, 3315.8215332, 6775.76904297, 4037.47338867, 2047.5880127, 760.981567383, 514.968200684, 427.276519775, 595.028503418, 398.107635498, 536.98248291, 490.493621826, 388.304748535, 163.146072388, 47.2886314392, 17.48179245, 8.34038448334, 1.87846958637, 0.343122184277, 0.0433724820614, 0.00306404824369, 2.11400983972e-05, 1.01022346044e-08]
    },
    "gfcc": {
        "mean": [-72.7653274536, 100.618728638, -123.762779236, 14.9485416412, -53.4379882812, 7.3645157814, -31.1927452087, 6.95280313492, -11.8027896881, 0.69335526228, -11.7314176559, 1.16430985928, -7.74310016632],
        "cov": [[33266.0234375, -2106.45605469, 949.414550781, 2152.82958984, -1285.57446289, 2890.54541016, -66.4602661133, 414.116821289, -436.30255127, 629.189208984, -462.366943359, 496.824707031, -918.336364746], [-2106.45605469, 4631.82666016, -804.845275879, -1128.46557617, 716.229431152, -1414.78833008, 170.714675903, -240.125183105, 661.616882324, -265.028045654, 324.662322998, -439.964904785, 379.520996094], [949.414550781, -804.845275879, 1370.02001953, 542.171508789, 108.195053101, 563.750488281, 119.049575806, 200.786987305, -144.353164673, 129.272521973, -135.112625122, 108.98525238, -158.88923645], [2152.82958984, -1128.46557617, 542.171508789, 1484.79443359, 62.5730400085, 865.090026855, 328.507080078, 196.682800293, 44.9035606384, 137.571228027, -8.12806797028, 188.875152588, -116.512786865], [-1285.57446289, 716.229431152, 108.195053101, 62.5730400085, 653.439575195, -119.530921936, 166.410797119, 29.1681194305, 205.598220825, 21.7141456604, 71.3973083496, -60.2779426575, 60.8388557434], [2890.54541016, -1414.78833008, 563.750488281, 865.090026855, -119.530921936, 1098.09301758, 166.857086182, 177.31602478, -124.683563232, 145.023376465, -86.5650482178, 226.51763916, -156.325881958], [-66.4602661133, 170.714675903, 119.049575806, 328.507080078, 166.410797119, 166.857086182, 325.395812988, 112.877708435, 143.815444946, 33.89818573, 79.828414917, 43.1271705627, 24.8425273895], [414.116821289, -240.125183105, 200.786987305, 196.682800293, 29.1681194305, 177.31602478, 112.877708435, 195.647827148, 51.2697181702, 69.4802780151, -0.557366132736, 67.1119232178, -14.9285287857], [-436.30255127, 661.616882324, -144.353164673, 44.9035606384, 205.598220825, -124.683563232, 143.815444946, 51.2697181702, 332.720581055, 40.3386001587, 121.463172913, -37.3502922058, 76.7115402222], [629.189208984, -265.028045654, 129.272521973, 137.571228027, 21.7141456604, 145.023376465, 33.89818573, 69.4802780151, 40.3386001587, 176.003799438, 31.264667511, 51.3791465759, -33.8916091919], [-462.366943359, 324.662322998, -135.112625122, -8.12806797028, 71.3973083496, -86.5650482178, 79.828414917, -0.557366132736, 121.463172913, 31.264667511, 160.298706055, 7.64870262146, 34.6473388672], [496.824707031, -439.964904785, 108.98525238, 188.875152588, -60.2779426575, 226.51763916, 43.1271705627, 67.1119232178, -37.3502922058, 51.3791465759, 7.64870262146, 142.969955444, -0.494170308113], [-918.336364746, 379.520996094, -158.88923645, -116.512786865, 60.8388557434, -156.325881958, 24.8425273895, -14.9285287857, 76.7115402222, -33.8916091919, 34.6473388672, -0.494170308113, 142.261520386]],
        "icov": [[7.54079446779e-05, -0.000184323740541, 9.45124847931e-05, -9.02998508536e-05, 0.000151695887325, -0.000199950809474, 0.00014776403259, -9.36982687563e-05, 6.39839418e-05, -0.000278373889159, 0.000326725334162, -0.000300825311569, 0.000508449156769], [-0.000184323740541, 0.00124804384541, -0.00039295735769, 0.000562381756026, -0.000603448657785, 0.00073033652734, -0.000852607947309, 0.000681064790115, -0.00103144813329, 0.00130219873972, -0.00140200403985, 0.00189435784705, -0.00200223340653], [9.45124847931e-05, -0.00039295735769, 0.00143303489313, -0.000298214668874, -0.000238174412516, -0.000457687012386, 6.49964858894e-05, -0.00100522686262, 0.000890871859156, -0.000915086653549, 0.00129952118732, -0.000661947357003, 0.00147961685434], [-9.02998508536e-05, 0.000562381756026, -0.000298214668874, 0.0018037079135, -0.000322980195051, -0.000583978719078, -0.00133120361716, 0.000591879943386, -0.000945103703998, 0.000635782140307, -0.000406730076065, 0.000346734275809, -0.000386701663956], [0.000151695887325, -0.000603448657785, -0.000238174412516, -0.000322980195051, 0.00268256454729, -0.000238883367274, -0.000426980783232, 0.000138576637255, -0.00056358781876, -0.00102762097958, 0.000832036428619, -2.30759069382e-05, 0.000594324839767], [-0.000199950809474, 0.00073033652734, -0.000457687012386, -0.000583978719078, -0.000238883367274, 0.00344346347265, -0.00129274162464, 0.000542749185115, -0.000277153943898, 0.00030418226379, 0.000349909823854, -0.00155875785276, 7.14667912689e-05], [0.00014776403259, -0.000852607947309, 6.49964858894e-05, -0.00133120361716, -0.000426980783232, -0.00129274162464, 0.00745883118361, -0.00311569916084, -0.000337679462973, 0.000730619241949, -0.00199074088596, -0.000591058458667, 0.000182279138244], [-9.36982687563e-05, 0.000681064790115, -0.00100522686262, 0.000591879943386, 0.000138576637255, 0.000542749185115, -0.00311569916084, 0.00987201463431, -0.00286221085116, -0.00108236866072, 0.00187859265134, -0.00254956423305, -0.00012342359696], [6.39839418e-05, -0.00103144813329, 0.000890871859156, -0.000945103703998, -0.00056358781876, -0.000277153943898, -0.000337679462973, -0.00286221085116, 0.00814162101597, -0.00250510219485, -0.00224572070874, 0.00196261750534, -0.00135250866879], [-0.000278373889159, 0.00130219873972, -0.000915086653549, 0.000635782140307, -0.00102762097958, 0.00030418226379, 0.000730619241949, -0.00108236866072, -0.00250510219485, 0.0101000778377, -0.00388708896935, 0.000126766928588, -0.000535583822057], [0.000326725334162, -0.00140200403985, 0.00129952118732, -0.000406730076065, 0.000832036428619, 0.000349909823854, -0.00199074088596, 0.00187859265134, -0.00224572070874, -0.00388708896935, 0.0137062175199, -0.00629561860114, 0.00446601305157], [-0.000300825311569, 0.00189435784705, -0.000661947357003, 0.000346734275809, -2.30759069382e-05, -0.00155875785276, -0.000591058458667, -0.00254956423305, 0.00196261750534, 0.000126766928588, -0.00629561860114, 0.0185246933252, -0.00874875485897], [0.000508449156769, -0.00200223340653, 0.00147961685434, -0.000386701663956, 0.000594324839767, 7.14667912689e-05, 0.000182279138244, -0.00012342359696, -0.00135250866879, -0.000535583822057, 0.00446601305157, -0.00874875485897, 0.0162520557642]]
    },
    "melbands": {
        "dmean": [0.00246921996586, 0.00453689275309, 0.00139139569364, 0.000354762858478, 0.000135496055009, 9.78189855232e-05, 0.000146410908201, 7.24158671801e-05, 4.91953651363e-05, 0.000107818290417, 5.48053685634e-05, 9.24667547224e-05, 6.62341626594e-05, 3.11338735628e-05, 5.68996147194e-05, 8.45055401442e-05, 3.21288935083e-05, 3.03477936541e-05, 2.40088829742e-05, 4.05271421187e-05, 1.51897011165e-05, 1.73573698703e-05, 1.15472194011e-05, 8.43957332108e-06, 7.34648256184e-06, 5.42078805665e-06, 7.17479360901e-06, 4.90158208777e-06, 3.35200365953e-06, 3.57812882612e-06, 6.29506712357e-06, 4.4232451728e-06, 2.89203239845e-06, 5.57514431421e-06, 3.82702546631e-06, 1.5066693777e-06, 1.91334493138e-06, 9.65670096775e-07, 8.53310552884e-07, 6.09684150277e-07],
        "dmean2": [0.00338457059115, 0.00712847802788, 0.00251132412814, 0.000606309389696, 0.000229357698117, 0.000156782218255, 0.000212652172195, 0.000112857931526, 7.49187965994e-05, 0.000146524602314, 8.24334274512e-05, 0.000138861840242, 0.000102940073702, 5.07811273565e-05, 8.75501791597e-05, 0.000126485305373, 5.2166167734e-05, 4.81747701997e-05, 3.73547190975e-05, 5.90984600422e-05, 2.43931117438e-05, 2.86641534331e-05, 1.82648891496e-05, 1.37444567372e-05, 1.21273878904e-05, 8.91064883035e-06, 1.23587242342e-05, 8.28502379591e-06, 5.44387376067e-06, 5.96331847191e-06, 1.11824729174e-05, 7.61077171774e-06, 4.7227840696e-06, 1.00326715256e-05, 6.81944857206e-06, 2.52709105553e-06, 3.31178966917e-06, 1.5963654505e-06, 1.439478865e-06, 1.01213163362e-06],
        "dvar": [3.79753691959e-05, 0.000172182277311, 1.98216748686e-05, 2.10337270801e-06, 2.19883020236e-07, 5.32306785317e-08, 9.76446230538e-08, 2.92704260829e-08, 8.01822963581e-09, 5.41623741412e-08, 3.24594111589e-08, 1.24721964312e-07, 4.29058957252e-08, 9.06789665578e-09, 3.97306365585e-08, 1.99235799414e-07, 8.12189515642e-09, 8.29231616706e-09, 4.68321381675e-09, 2.82314811528e-08, 2.18428652943e-09, 3.36560224135e-09, 9.28823795654e-10, 5.02380193002e-10, 3.60883684047e-10, 1.61954866185e-10, 4.49842968431e-10, 2.90997614893e-10, 1.9219430214e-10, 1.51132203974e-10, 3.14668846535e-10, 2.30467547824e-10, 8.04253122433e-11, 2.95681479301e-10, 1.03439298793e-10, 1.74691892896e-11, 2.14239077867e-11, 8.04641596408e-12, 8.33215788032e-12, 6.24116860623e-12],
        "dvar2": [6.77777425153e-05, 0.000410016684327, 5.54849575565e-05, 5.46338424101e-06, 6.13250222159e-07, 1.41843841561e-07, 1.83644019103e-07, 7.43629868794e-08, 1.78146013496e-08, 9.7447902192e-08, 7.01042921492e-08, 2.57473629972e-07, 9.83160290957e-08, 2.44434232854e-08, 8.30093469517e-08, 4.15536078435e-07, 1.91178344267e-08, 1.8510327493e-08, 1.04579909177e-08, 5.93432751828e-08, 4.84011541957e-09, 8.85767814651e-09, 2.13170303631e-09, 1.22616938825e-09, 8.7407486804e-10, 3.94713400853e-10, 1.17937493105e-09, 7.73270503185e-10, 5.30346933036e-10, 4.07659211943e-10, 8.70262584218e-10, 6.42860153999e-10, 1.9869314527e-10, 8.3800466566e-10, 2.94614443952e-10, 4.75738892725e-11, 5.76015415921e-11, 2.21327227379e-11, 2.36067831949e-11, 1.75520865203e-11],
        "max": [0.0583355017006, 0.0851960256696, 0.0328546874225, 0.0399645939469, 0.0133803449571, 0.00415955390781, 0.00942484289408, 0.00562584586442, 0.00268648564816, 0.00484839454293, 0.00498391129076, 0.0111663714051, 0.00492089660838, 0.00308705307543, 0.0052682813257, 0.0159606263041, 0.00119352398906, 0.0019982624799, 0.00113358965609, 0.00432392396033, 0.000681224453729, 0.000980455428362, 0.000599266786594, 0.000450921943411, 0.000382781872759, 0.000203045769013, 0.000353344221367, 0.000320480874507, 0.000374838506104, 0.000282237335341, 0.000215757201659, 0.000241051035118, 0.000138034374686, 0.000152570122737, 0.0001261819707, 6.48199493298e-05, 5.73016368435e-05, 6.10400966252e-05, 7.53422136768e-05, 0.000106548555777],
        "mean": [0.00342745846137, 0.00418465817347, 0.0011330608977, 0.000386212777812, 0.000184575794265, 0.000204758791369, 0.000360055477358, 0.000144700781675, 0.000102203208371, 0.000220613306738, 8.79435465322e-05, 0.0001369175734, 0.000100602046587, 4.21385011578e-05, 6.6149936174e-05, 9.82161072898e-05, 3.42207567883e-05, 3.6419944081e-05, 2.78171773971e-05, 4.87452780362e-05, 1.74001834239e-05, 1.74921897269e-05, 1.30901735247e-05, 9.34775198402e-06, 7.45338911656e-06, 6.03599846727e-06, 6.42859185973e-06, 5.19435525348e-06, 3.80578899239e-06, 4.00882436224e-06, 5.60694343221e-06, 4.31184025729e-06, 3.49968649971e-06, 4.68763346362e-06, 3.47873105966e-06, 1.82051110187e-06, 2.0284905986e-06, 1.23169263588e-06, 1.00727481822e-06, 7.83474490618e-07],
        "median": [0.000213242325117, 0.000334592099534, 0.000142375749419, 6.5708773036e-05, 8.54511599755e-05, 0.000132127985125, 0.000144495512359, 6.84104452375e-05, 3.91108187614e-05, 7.8365628724e-05, 3.02309854305e-05, 3.4700766264e-05, 2.05331052712e-05, 9.16297813092e-06, 1.37223305501e-05, 1.20719441838e-05, 5.8542905208e-06, 8.40370739752e-06, 6.63035962134e-06, 7.31221825845e-06, 3.71350597561e-06, 4.22891480412e-06, 3.11669487019e-06, 2.36566756939e-06, 1.59064097716e-06, 1.3577058553e-06, 9.20295576634e-07, 9.08645574782e-07, 6.19075990471e-07, 7.02489501236e-07, 7.50325341414e-07, 5.92171886638e-07, 5.83605014981e-07, 5.13279417191e-07, 4.41299505383e-07, 3.14620280051e-07, 2.7382617418e-07, 1.80817238515e-07, 1.32763702254e-07, 9.96414186716e-08],
        "min": [1.83442326267e-24, 4.62390149064e-24, 1.6186621137e-23, 1.3833770912e-23, 1.42673903966e-23, 2.10286951272e-23, 4.92592438238e-24, 8.11437788784e-24, 7.5732690051e-24, 6.69485818764e-24, 1.96487470566e-23, 2.84719811544e-23, 1.14544646588e-23, 6.96477720155e-24, 5.64761259823e-24, 8.56486952954e-24, 1.94078620683e-23, 2.32337822383e-23, 1.84069490408e-23, 2.03974076101e-23, 8.03002025808e-24, 7.98723796461e-24, 8.97089387088e-24, 1.10889057264e-23, 8.50488454631e-24, 1.75735458935e-23, 1.41236741392e-23, 1.40095338548e-23, 1.31745742849e-23, 1.041456297e-23, 1.4328055378e-23, 7.28840581019e-24, 1.1682334231e-23, 8.61884023723e-24, 9.94002132585e-24, 1.24968544149e-23, 9.89494818031e-24, 1.26038018655e-23, 1.05142284456e-23, 7.1738987055e-24],
        "var": [5.60966909688e-05, 0.000156599431648, 1.25831920741e-05, 1.79065500561e-06, 1.66839086546e-07, 9.17268110356e-08, 4.06145318266e-07, 7.44631947214e-08, 3.33208234338e-08, 1.65158255072e-07, 5.04432833281e-08, 1.87468955914e-07, 7.4047811438e-08, 1.03642827654e-08, 4.75170125469e-08, 2.50523157774e-07, 8.7856006914e-09, 1.13622293796e-08, 5.55644730227e-09, 3.41021646477e-08, 2.546505673e-09, 2.66070010468e-09, 1.06521724774e-09, 5.07571984443e-10, 3.48155559937e-10, 1.751205847e-10, 3.63356122968e-10, 2.52693366232e-10, 1.59786003873e-10, 1.3120327047e-10, 2.41865166783e-10, 1.89524965166e-10, 9.65126381591e-11, 1.98613292479e-10, 7.81363862501e-11, 1.8909559682e-11, 2.08923954526e-11, 8.72065787638e-12, 7.97205617492e-12, 5.95402026293e-12]
    },
    "mfcc": {
        "mean": [-699.286315918, 126.092422485, -4.242811203, 9.85234165192, -0.485292851925, 1.66588068008, -8.26713562012, 4.90554285049, 0.822441458702, 3.29128551483, 0.454674720764, 0.0693301260471, 0.204856067896],
        "cov": [[15945.2568359, -1356.23571777, 880.168334961, 818.848266602, 286.519348145, 1352.73010254, 905.152770996, 778.103515625, 248.42149353, 114.84085083, 206.250274658, 429.184783936, 276.066925049], [-1356.23571777, 3428.90234375, -535.916442871, 3.89221262932, 154.580276489, -538.495544434, -389.993133545, -218.863983154, 90.5390701294, 151.783706665, 120.200714111, -133.595321655, -81.233505249], [880.168334961, -535.916442871, 915.735656738, 136.933654785, 32.3639297485, 242.391265869, 225.431777954, 105.245140076, 52.5612106323, 17.083065033, 7.95688199997, 36.3543434143, -1.626927495], [818.848266602, 3.89221262932, 136.933654785, 620.777587891, 220.360198975, 244.910995483, 203.903762817, 181.861099243, 146.881439209, 129.019668579, 143.720550537, 127.184913635, 83.4875946045], [286.519348145, 154.580276489, 32.3639297485, 220.360198975, 350.466827393, 166.239212036, 111.205024719, 71.4561233521, 91.4688186646, 78.0350036621, 85.6836395264, 42.7862129211, 14.4783210754], [1352.73010254, -538.495544434, 242.391265869, 244.910995483, 166.239212036, 526.003173828, 315.574127197, 227.758026123, 109.620506287, 60.9128227234, 66.6059188843, 126.814704895, 98.5068664551], [905.152770996, -389.993133545, 225.431777954, 203.903762817, 111.205024719, 315.574127197, 348.455047607, 206.709976196, 89.3306350708, 41.9650840759, 59.4647789001, 98.8449783325, 54.5319290161], [778.103515625, -218.863983154, 105.245140076, 181.861099243, 71.4561233521, 227.758026123, 206.709976196, 283.389129639, 109.712646484, 55.8406791687, 44.6925621033, 88.4956130981, 65.5962600708], [248.42149353, 90.5390701294, 52.5612106323, 146.881439209, 91.4688186646, 109.620506287, 89.3306350708, 109.712646484, 184.58404541, 81.5859298706, 41.8053970337, 45.1363830566, 53.8100357056], [114.84085083, 151.783706665, 17.083065033, 129.019668579, 78.0350036621, 60.9128227234, 41.9650840759, 55.8406791687, 81.5859298706, 128.390792847, 89.0007858276, 43.8713951111, 23.9514465332], [206.250274658, 120.200714111, 7.95688199997, 143.720550537, 85.6836395264, 66.6059188843, 59.4647789001, 44.6925621033, 41.8053970337, 89.0007858276, 178.34967041, 98.9144744873, 19.7228183746], [429.184783936, -133.595321655, 36.3543434143, 127.184913635, 42.7862129211, 126.814704895, 98.8449783325, 88.4956130981, 45.1363830566, 43.8713951111, 98.9144744873, 161.332992554, 86.0016860962], [276.066925049, -81.233505249, -1.626927495, 83.4875946045, 14.4783210754, 98.5068664551, 54.5319290161, 65.5962600708, 53.8100357056, 23.9514465332, 19.7228183746, 86.0016860962, 127.996894836]],
