{
"lowlevel": {
    "average_loudness": 0.676547646523,
    "barkbands_crest": {
        "dmean": 1.90003716946,
        "dmean2": 3.07171535492,
        "dvar": 4.03403329849,
        "dvar2": 11.0913953781,
        "max": 24.3684768677,
        "mean": 10.3654651642,
        "median": 9.69231987,
        "min": 2.62030768394,
        "var": 14.9961585999
    },
    "barkbands_flatness_db": {
        "dmean": 0.0206636451185,
        "dmean2": 0.032480545342,
        "dvar": 0.000762503535952,
        "dvar2": 0.00176335102879,
        "max": 0.672695159912,
        "mean": 0.214247569442,
        "median": 0.214141443372,
        "min": 0.0297599155456,
        "var": 0.00776017364115
    },
    "barkbands_kurtosis": {
        "dmean": 2.8581302166,
        "dmean2": 4.64522361755,
        "dvar": 39.7247276306,
        "dvar2": 105.668823242,
        "max": 169.845672607,
        "mean": 6.19844341278,
        "median": 3.05983710289,
        "min": -1.86002254486,
        "var": 97.7892074585
    },
    "barkbands_skewness": {
        "dmean": 0.451676309109,
        "dmean2": 0.712243914604,
        "dvar": 0.344378829002,
        "dvar2": 0.8725233078,
        "max": 10.2527132034,
        "mean": 1.66124749184,
        "median": 1.59952485561,
        "min": -2.61671686172,
        "var": 2.04421567917
    },
    "barkbands_spread": {
        "dmean": 3.82292437553,
        "dmean2": 5.94568109512,
        "dvar": 32.907699585,
        "dvar2": 75.6925582886,
        "max": 100.051712036,
        "mean": 16.7456684113,
        "median": 13.7353782654,
        "min": 0.217514082789,
        "var": 145.161941528
    },
    "dissonance": {
        "dmean": 0.0197234116495,
        "dmean2": 0.0325030125678,
        "dvar": 0.000429395877291,
        "dvar2": 0.00112909125164,
        "max": 0.500000059605,
        "mean": 0.449845045805,
        "median": 0.459697127342,
        "min": 0.0306454710662,
        "var": 0.00175338878762
    },
    "dynamic_complexity": 5.15385246277,
    "erbbands_crest": {
        "dmean": 2.23061704636,
        "dmean2": 3.47023463249,
        "dvar": 4.92226934433,
        "dvar2": 11.4421167374,
        "max": 30.8610687256,
        "mean": 10.2379665375,
        "median": 9.09779834747,
        "min": 2.5235555172,
        "var": 23.9389572144
    },
    "erbbands_flatness_db": {
        "dmean": 0.0151467239484,
        "dmean2": 0.0213030930609,
        "dvar": 0.000349257723428,
        "dvar2": 0.000647612381727,
        "max": 0.611020088196,
        "mean": 0.220010951161,
        "median": 0.223755061626,
        "min": 0.047171972692,
        "var": 0.00594792794436
    },
    "erbbands_kurtosis": {
        "dmean": 1.08120059967,
        "dmean2": 1.67138457298,
        "dvar": 5.06633043289,
        "dvar2": 13.3395547867,
        "max": 71.0002593994,
        "mean": 0.843416333199,
        "median": -0.226975798607,
        "min": -1.89227557182,
        "var": 14.2600049973
    },
    "erbbands_skewness": {
        "dmean": 0.358900874853,
        "dmean2": 0.538262963295,
        "dvar": 0.148891612887,
        "dvar2": 0.338255286217,
        "max": 6.8371462822,
        "mean": 0.354873538017,
        "median": 0.409620970488,
        "min": -6.29177570343,
        "var": 1.16560912132
    },
    "erbbands_spread": {
        "dmean": 6.08912849426,
        "dmean2": 8.92168617249,
        "dvar": 56.9204025269,
        "dvar2": 116.301040649,
        "max": 131.192230225,
        "mean": 33.1739463806,
        "median": 32.3887252808,
        "min": 0.788769066334,
        "var": 257.704650879
    },
    "hfc": {
        "dmean": 4.33067560196,
        "dmean2": 6.40503358841,
        "dvar": 117.217208862,
        "dvar2": 260.875640869,
        "max": 181.32460022,
        "mean": 11.813668251,
        "median": 5.4403219223,
        "min": 1.03958279293e-16,
        "var": 315.342285156
    },
    "melbands_crest": {
        "dmean": 2.45254230499,
        "dmean2": 4.02590370178,
        "dvar": 6.8249669075,
        "dvar2": 18.6631278992,
        "max": 32.6624450684,
        "mean": 15.4381818771,
        "median": 14.9424753189,
        "min": 1.54320371151,
        "var": 35.4121246338
    },
    "melbands_flatness_db": {
        "dmean": 0.0239688903093,
        "dmean2": 0.0368388146162,
        "dvar": 0.00116202165373,
        "dvar2": 0.00265246164054,
        "max": 0.812855422497,
        "mean": 0.274584442377,
        "median": 0.27239716053,
        "min": 0.00328216608614,
        "var": 0.0120082516223
    },
    "melbands_kurtosis": {
        "dmean": 5.57624292374,
        "dmean2": 9.02372455597,
        "dvar": 147.58114624,
        "dvar2": 398.64553833,
        "max": 284.776092529,
        "mean": 13.7180805206,
        "median": 7.89453887939,
        "min": -1.89436173439,
        "var": 355.617034912
    },
    "melbands_skewness": {
        "dmean": 0.559404373169,
        "dmean2": 0.874448120594,
        "dvar": 0.52406090498,
        "dvar2": 1.32366859913,
        "max": 10.5897302628,
        "mean": 2.55788016319,
        "median": 2.31356406212,
        "min": -1.09683990479,
        "var": 2.44596362114
    },
    "melbands_spread": {
        "dmean": 5.18617677689,
        "dmean2": 8.20943546295,
        "dvar": 70.5721664429,
        "dvar2": 170.853347778,
        "max": 177.383178711,
        "mean": 22.2707901001,
        "median": 13.023349762,
        "min": 0.432333558798,
        "var": 695.534301758
    },
    "pitch_salience": {
        "dmean": 0.0570693165064,
        "dmean2": 0.0939597561955,
        "dvar": 0.00389719987288,
        "dvar2": 0.0109018832445,
        "max": 0.865925073624,
        "mean": 0.50814884901,
        "median": 0.504333019257,
        "min": 0.150952249765,
        "var": 0.0154935717583
    },
    "silence_rate_20dB": {
        "dmean": 0,
        "dmean2": 0,
        "dvar": 0,
        "dvar2": 0,
        "max": 1,
        "mean": 1,
        "median": 1,
        "min": 1,
        "var": 0
    },
    "silence_rate_30dB": {
        "dmean": 0.00484457006678,
        "dmean2": 0.00969044398516,
        "dvar": 0.00482068350539,
        "dvar2": 0.0133641147986,
        "max": 1,
        "mean": 0.996905267239,
        "median": 1,
        "min": 0,
        "var": 0.00308511359617
    },
    "silence_rate_60dB": {
        "dmean": 0.00780514068902,
        "dmean2": 0.0156123824418,
        "dvar": 0.00774433463812,
        "dvar2": 0.0180608034134,
        "max": 1,
        "mean": 0.191469326615,
        "median": 0,
        "min": 0,
        "var": 0.154804259539
    },
    "spectral_centroid": {
        "dmean": 202.847595215,
        "dmean2": 315.033050537,
        "dvar": 94505.640625,
        "dvar2": 199764.46875,
        "max": 11929.5458984,
        "mean": 1364.48022461,
        "median": 921.111450195,
        "min": 188.285614014,
        "var": 3310227.75
    },
    "spectral_complexity": {
        "dmean": 2.33131480217,
        "dmean2": 3.72301483154,
        "dvar": 14.9458827972,
        "dvar2": 33.6500968933,
        "max": 70,
        "mean": 12.643702507,
        "median": 12,
        "min": 0,
        "var": 72.0134353638
    },
    "spectral_decrease": {
        "dmean": 1.47318757193e-09,
        "dmean2": 2.35305774865e-09,
        "dvar": 1.17996942149e-17,
        "dvar2": 2.87941736666e-17,
        "max": 2.07536308951e-28,
        "mean": -4.72989691858e-09,
        "median": -3.27360161201e-09,
        "min": -4.73146286595e-08,
        "var": 2.62778191057e-17
    },
    "spectral_energy": {
        "dmean": 0.00587771646678,
        "dmean2": 0.00931843463331,
        "dvar": 0.000178518690518,
        "dvar2": 0.000429612467997,
        "max": 0.180362731218,
        "mean": 0.0189232546836,
        "median": 0.0131904371083,
        "min": 9.92446532959e-21,
        "var": 0.000414339825511
    },
    "spectral_energyband_high": {
        "dmean": 0.00019634256023,
        "dmean2": 0.000309793103952,
        "dvar": 3.96088324806e-07,
        "dvar2": 9.88346982922e-07,
        "max": 0.00915317051113,
        "mean": 0.000298135448247,
        "median": 2.13971507037e-05,
        "min": 6.78811067849e-21,
        "var": 5.69344365431e-07
    },
    "spectral_energyband_low": {
        "dmean": 0.00357174896635,
        "dmean2": 0.00611426401883,
        "dvar": 0.000144684585393,
        "dvar2": 0.000383207225241,
        "max": 0.175622209907,
        "mean": 0.00856072548777,
        "median": 0.00371886789799,
        "min": 1.56679876903e-23,
        "var": 0.000201745002414
    },
    "spectral_energyband_middle_high": {
        "dmean": 0.00125922961161,
        "dmean2": 0.00189542502631,
        "dvar": 1.26412151076e-05,
        "dvar2": 2.79787363979e-05,
        "max": 0.0691758617759,
        "mean": 0.003123880364,
        "median": 0.00104477338027,
        "min": 1.12599960884e-21,
        "var": 3.42208149959e-05
    },
    "spectral_energyband_middle_low": {
        "dmean": 0.00237936084159,
        "dmean2": 0.00371072115377,
        "dvar": 2.35558836721e-05,
        "dvar2": 5.47875060875e-05,
        "max": 0.0990730598569,
        "mean": 0.00727962004021,
        "median": 0.0049243234098,
        "min": 1.36121293966e-22,
        "var": 7.76022425271e-05
    },
    "spectral_entropy": {
        "dmean": 0.175615340471,
        "dmean2": 0.263998091221,
        "dvar": 0.0567589476705,
        "dvar2": 0.120242908597,
        "max": 9.82715892792,
        "mean": 6.9622130394,
        "median": 6.88826084137,
        "min": 3.58535122871,
        "var": 0.703114688396
    },
    "spectral_flux": {
        "dmean": 0.0174680259079,
        "dmean2": 0.0268617793918,
        "dvar": 0.000994901289232,
        "dvar2": 0.00186008773744,
        "max": 0.322675645351,
        "mean": 0.047824986279,
        "median": 0.0351432189345,
        "min": 6.38031225075e-11,
        "var": 0.002389410045
    },
    "spectral_kurtosis": {
        "dmean": 5.95981836319,
        "dmean2": 10.1405467987,
        "dvar": 240.421218872,
        "dvar2": 688.081298828,
        "max": 843.529296875,
        "mean": 12.1726293564,
        "median": 6.52924203873,
        "min": -1.28764903545,
        "var": 655.546508789
    },
    "spectral_rms": {
        "dmean": 0.000515463703778,
        "dmean2": 0.000798623659648,
        "dvar": 8.27743974696e-07,
        "dvar2": 1.85413693998e-06,
        "max": 0.0132651282474,
        "mean": 0.00369486329146,
        "median": 0.00358729949221,
        "min": 3.11165633191e-12,
        "var": 4.80977087136e-06
    },
    "spectral_rolloff": {
        "dmean": 290.520172119,
        "dmean2": 501.788574219,
        "dvar": 409233.34375,
        "dvar2": 925579.625,
        "max": 19724.4140625,
        "mean": 1629.33569336,
        "median": 602.9296875,
        "min": 86.1328125,
        "var": 10595796
    },
    "spectral_skewness": {
        "dmean": 0.48677995801,
        "dmean2": 0.808558762074,
        "dvar": 0.383554756641,
        "dvar2": 1.00369369984,
        "max": 22.3089008331,
        "mean": 2.0248875618,
        "median": 1.68878626823,
        "min": -0.345041304827,
        "var": 2.26785254478
    },
    "spectral_spread": {
        "dmean": 438645.875,
        "dmean2": 658821.25,
        "dvar": 771714449408,
        "dvar2": 1.46676855603e+12,
        "max": 46005908,
        "mean": 4237788,
        "median": 2613697.25,
        "min": 124209.242188,
        "var": 4.40808767488e+13
    },
    "spectral_strongpeak": {
        "dmean": 0.396535277367,
        "dmean2": 0.678018212318,
        "dvar": 1.21016645432,
        "dvar2": 2.84627532959,
        "max": 20.8950195312,
        "mean": 0.891448497772,
        "median": 0.395826011896,
        "min": 0,
        "var": 3.25211644173
    },
    "zerocrossingrate": {
        "dmean": 0.00660694250837,
        "dmean2": 0.00785357318819,
        "dvar": 8.65420006448e-05,
        "dvar2": 0.000108016611193,
        "max": 0.81494140625,
        "mean": 0.0562378838658,
        "median": 0.03466796875,
        "min": 0.00341796875,
        "var": 0.00751024996862
    },
    "barkbands": {
        "dmean": [0.000166061450727, 0.00240096170455, 0.00142345565837, 0.00057671579998, 0.000648166693281, 0.00082580948947, 0.00040561350761, 0.000403756770538, 0.000457952643046, 0.000169015809661, 9.5550014521e-05, 0.000122216981254, 0.000119005031593, 7.70198384998e-05, 0.000252606230788, 0.000261078152107, 0.000376916636014, 0.000196727909497, 0.00010980861407, 9.73396017798e-05, 7.29250459699e-05, 3.46574124706e-05, 3.29705217155e-05, 2.13180446735e-05, 9.97269853542e-06, 3.98864040108e-06, 3.01181671603e-07],
        "dmean2": [0.000260843255091, 0.00421576853842, 0.00253950781189, 0.00100206106436, 0.0010346918134, 0.00132559833582, 0.000532001547981, 0.000596743542701, 0.000656657270156, 0.000277487240965, 0.000149371873704, 0.000191489700228, 0.000193988467799, 0.000131816748763, 0.000382448430173, 0.000400325545343, 0.000567960727494, 0.000294006109471, 0.000179358146852, 0.00015791329497, 0.00011612362141, 5.91914031247e-05, 5.41906119906e-05, 3.41622762789e-05, 1.61607495102e-05, 6.51945629215e-06, 4.95414042234e-07],
        "dvar": [1.85836043443e-07, 5.76377460675e-05, 3.74629671569e-05, 4.7719295253e-06, 2.66636470769e-06, 2.24868404075e-06, 4.24138619337e-07, 3.11246890305e-06, 4.79914979223e-06, 3.43828929772e-07, 4.30747810753e-08, 1.19877128668e-07, 1.52281302235e-07, 8.27673360959e-08, 9.26892425923e-07, 9.89192471934e-07, 2.95812606055e-06, 4.98274459915e-07, 1.1657872534e-07, 1.14845718713e-07, 7.35715985911e-08, 1.64440887573e-08, 1.26350991891e-08, 6.3687970453e-09, 1.35515110244e-09, 2.82536632978e-10, 2.58799709094e-12],
        "dvar2": [4.65647218562e-07, 0.000158547220053, 0.000109128181066, 1.29618683786e-05, 6.45419777356e-06, 6.10164306636e-06, 7.51822028633e-07, 6.76648915032e-06, 7.82390361564e-06, 7.43786472412e-07, 1.07508817848e-07, 2.63436817249e-07, 3.91075190009e-07, 2.33132411154e-07, 1.91654544324e-06, 2.38079542214e-06, 5.69574967813e-06, 9.55892915044e-07, 3.14568012527e-07, 2.99087133726e-07, 1.79037314751e-07, 4.53941950695e-08, 3.22436690681e-08, 1.56021968678e-08, 3.41353323385e-09, 6.81982303963e-10, 6.49761668081e-12],
        "max": [0.00600748183206, 0.104573957622, 0.09118296206, 0.031100217253, 0.0499739907682, 0.0526009611785, 0.0157761126757, 0.0655450895429, 0.0944486111403, 0.0271520782262, 0.00382474437356, 0.0137453367934, 0.00889855157584, 0.00492456043139, 0.0232699774206, 0.0294499471784, 0.0523445419967, 0.0245522204787, 0.00591660710052, 0.00608613947406, 0.00630303937942, 0.00179642008152, 0.00158304185607, 0.00125815812498, 0.000661146536004, 0.000375770730898, 4.92726139782e-05],
        "mean": [0.000437439332018, 0.00469719571993, 0.00310925184749, 0.000668193562888, 0.00168431864586, 0.0021843125578, 0.000998810632154, 0.000806848111097, 0.000899599283002, 0.000231278929277, 0.000174591928953, 0.000199488276849, 0.00019127097039, 9.81382181635e-05, 0.000491429818794, 0.000461985939182, 0.000727969163563, 0.000341905048117, 0.000149716841406, 0.000133005451062, 9.77320669335e-05, 4.61019881186e-05, 4.35038673459e-05, 2.90756106551e-05, 1.45246604006e-05, 5.26984467797e-06, 3.11042867907e-07],
        "median": [1.7702977857e-06, 0.00129319704138, 0.00138069386594, 0.000124640238937, 0.000742543896195, 0.00120456586592, 0.000538890657481, 0.000175230932655, 0.000129113832372, 7.04950798536e-05, 6.41589576844e-05, 4.24981153628e-05, 6.24161330052e-05, 2.35211664403e-05, 9.31126996875e-05, 5.72115313844e-05, 9.18555015232e-05, 2.27712152991e-05, 3.16006444336e-05, 1.3990818843e-05, 4.9464838412e-06, 1.71148474237e-06, 1.41141561016e-06, 5.69809344597e-07, 1.08271805743e-07, 6.38731867397e-09, 5.67491775794e-10],
        "min": [1.99926417977e-25, 1.48896608392e-24, 5.09807128544e-25, 8.24189942254e-25, 7.61589747069e-24, 6.29079653223e-24, 7.29631571849e-24, 7.32953070691e-24, 5.57311375763e-24, 8.75740207751e-24, 1.30454921861e-23, 1.6536858024e-23, 1.86025250142e-23, 2.42820269201e-23, 3.7345129637e-23, 1.94206116382e-23, 4.97333034739e-23, 8.46663520537e-23, 9.79836935964e-23, 1.51068062418e-22, 2.6345376868e-22, 2.93032215607e-22, 2.73360069358e-22, 5.84722888047e-22, 8.27845022762e-22, 1.26161734449e-21, 1.9735400524e-21],
        "var": [8.97779386833e-07, 7.74548461777e-05, 3.21015249938e-05, 3.77548508368e-06, 1.25214501168e-05, 9.85551923804e-06, 1.90613036466e-06, 9.87061685009e-06, 2.05344713322e-05, 5.98811709551e-07, 8.34639806158e-08, 3.1606211337e-07, 2.07013130193e-07, 6.94464858952e-08, 2.36196660808e-06, 1.68710380422e-06, 6.95290100339e-06, 1.43608804137e-06, 1.24029810422e-07, 1.42928257674e-07, 9.90866695361e-08, 1.79492865016e-08, 1.54389390161e-08, 8.21321322064e-09, 1.85578041823e-09, 3.33457039758e-10, 2.51816427953e-12]
    },
    "erbbands": {
        "dmean": [0.0722524598241, 0.593622565269, 1.6835283041, 1.72026789188, 1.97378134727, 2.14873170853, 3.78576374054, 8.54243278503, 6.20690584183, 5.78056049347, 11.4983081818, 11.6418790817, 4.83641195297, 5.38678407669, 3.94502496719, 4.47102499008, 5.53188514709, 4.1212515831, 7.48805999756, 13.8656253815, 18.3014678955, 18.8639774323, 10.9769306183, 6.76505184174, 5.61017799377, 4.56716966629, 3.64317131042, 2.08334231377, 1.27134883404, 1.26558506489, 0.800468981266, 0.424181371927, 0.385183632374, 0.126363947988, 0.0668932572007, 0.0207091327757, 0.0076103489846, 0.000982612255029, 4.36204209109e-05, 7.53310450818e-06],
        "dmean2": [0.122590228915, 1.04067504406, 2.98127317429, 3.06026649475, 3.23861527443, 3.41843748093, 6.03638839722, 13.5236530304, 9.1927022934, 7.64446878433, 16.4442195892, 16.8282794952, 8.09107971191, 8.44374847412, 6.10630750656, 6.96136760712, 8.93317699432, 7.13610458374, 11.4812870026, 21.3916797638, 27.8323936462, 27.8347740173, 16.4401893616, 10.6986160278, 8.99125671387, 7.3564953804, 5.75567436218, 3.46661949158, 2.18887066841, 2.05859422684, 1.32283985615, 0.689678907394, 0.622971534729, 0.206133767962, 0.108976900578, 0.0340610295534, 0.0125821987167, 0.00157912180293, 7.0484195021e-05, 1.15910443128e-05],
        "dvar": [0.0342809148133, 4.70554733276, 51.3674621582, 43.227432251, 70.9428405762, 28.2057571411, 29.358839035, 294.907501221, 102.805328369, 91.1664428711, 2379.50927734, 3683.31958008, 191.805007935, 407.101928711, 68.0441741943, 167.651092529, 312.586029053, 271.355438232, 871.65222168, 1823.50866699, 6223.16210938, 5678.40283203, 1562.37426758, 497.757171631, 308.03503418, 245.468505859, 176.574645996, 75.3543395996, 24.2734222412, 19.7762336731, 7.49947357178, 2.16624903679, 2.55359482765, 0.202680692077, 0.0620561875403, 0.00726462807506, 0.00103327771649, 2.21095633606e-05, 4.74358614611e-08, 2.54843396386e-10],
        "dvar2": [0.0942523032427, 13.212600708, 147.75302124, 124.555549622, 176.660049438, 61.8750495911, 76.8060379028, 793.124023438, 219.334915161, 164.92074585, 4974.06201172, 6333.32617188, 515.619873047, 718.40045166, 163.470916748, 390.640960693, 778.462097168, 775.798828125, 1829.66577148, 3936.42700195, 14462.8320312, 10215.3662109, 3024.42456055, 1196.76855469, 835.37689209, 623.434020996, 432.616943359, 191.644378662, 67.8453598022, 50.8056373596, 19.1197433472, 5.38517904282, 6.35310268402, 0.512048304081, 0.155653104186, 0.0175732504576, 0.00255465903319, 5.34699465788e-05, 1.14784661776e-07, 5.78659342665e-10],
        "max": [2.25914716721, 30.6429901123, 102.830184937, 80.8797836304, 150.965179443, 292.539611816, 102.808441162, 622.101745605, 261.261993408, 216.615356445, 1775.13232422, 2522.25634766, 208.816116333, 1163.45202637, 237.588058472, 370.220855713, 484.430023193, 294.384643555, 1065.7467041, 990.051696777, 2045.8112793, 2624.14208984, 1219.20263672, 651.663330078, 291.868927002, 317.870300293, 287.248687744, 189.197189331, 73.3086776733, 74.8156585693, 51.0570259094, 29.0101890564, 29.0575962067, 8.1253118515, 3.91675019264, 1.85836017132, 0.669706642628, 0.124680921435, 0.00652808649465, 0.000198471301701],
        "mean": [0.114816308022, 1.10455799103, 3.81705784798, 2.62612271309, 3.03007125854, 6.73471498489, 9.20126438141, 21.8236045837, 16.0389022827, 14.1818437576, 23.6771717072, 23.3382396698, 7.23333263397, 8.96163272858, 7.95360088348, 7.95313453674, 9.46575737, 5.38675260544, 13.4444961548, 26.3611812592, 34.3382873535, 38.802444458, 20.9220943451, 10.9722175598, 8.01715183258, 6.43814897537, 5.00093078613, 2.72743868828, 1.67353498936, 1.66575825214, 1.09248507023, 0.628190457821, 0.48093393445, 0.188020125031, 0.0907615572214, 0.0291946548969, 0.00936948042363, 0.0011983292643, 5.5096574215e-05, 2.34552480833e-05],
        "median": [0.0175545029342, 0.332555562258, 1.67003178596, 0.746607542038, 0.773542165756, 2.31616163254, 5.773396492, 10.5045413971, 9.26273059845, 7.04338932037, 4.25606060028, 3.11915516853, 2.5443983078, 3.78020524979, 3.71418881416, 2.25779724121, 3.09506058693, 1.68191432953, 2.26471924782, 5.05545139313, 3.92276144028, 4.79843044281, 2.26703667641, 1.79253959656, 1.52487945557, 0.734693408012, 0.400406241417, 0.08957003057, 0.0541180707514, 0.0682891756296, 0.0302154123783, 0.0106703964993, 0.00917035154998, 0.00183447892778, 0.000586132868193, 7.92344217189e-05, 2.07602224691e-05, 3.25795463141e-06, 8.06678690424e-06, 1.6299140043e-05],
        "min": [4.26889396733e-23, 5.67357598277e-22, 1.89396774124e-21, 4.69926839377e-21, 7.96350363277e-21, 1.91877693961e-20, 3.0313219388e-20, 5.52133365356e-20, 9.59184227279e-20, 1.5603645562e-19, 2.11646386485e-19, 2.4357682475e-19, 3.02801509043e-19, 7.1090497122e-19, 8.98000611275e-19, 1.12977806648e-18, 1.12683175253e-18, 2.04366178629e-18, 1.97423320875e-18, 2.65556037262e-18, 2.2232329779e-18, 4.05189170462e-18, 4.20186161763e-18, 5.8751040674e-18, 6.70795955254e-18, 8.20045352589e-18, 8.99166418951e-18, 9.22615252237e-18, 9.85384777686e-18, 9.80433191821e-18, 8.76119181852e-18, 1.06749750817e-17, 1.01279828765e-17, 7.57008234212e-18, 5.71664066386e-18, 3.89070356815e-18, 2.12745373477e-18, 8.917788689e-19, 2.27215528276e-19, 2.70371996525e-20],
        "var": [0.0662528797984, 4.75780725479, 47.2355384827, 34.6729850769, 72.2609024048, 329.416381836, 119.026016235, 1176.99206543, 483.381652832, 384.837402344, 7929.72070312, 14924.5498047, 248.252426147, 918.915527344, 169.281097412, 375.070831299, 481.432983398, 207.14541626, 1782.1751709, 4571.26855469, 10829.0488281, 19372.3574219, 4373.70654297, 893.111450195, 353.175048828, 325.874359131, 232.536315918, 89.5110244751, 25.464548111, 23.5495414734, 9.40900325775, 3.08362674713, 2.92599892616, 0.297628432512, 0.0781928151846, 0.00914890691638, 0.00111679395195, 2.39457040152e-05, 4.94469425405e-08, 6.27131069297e-10]
    },
    "gfcc": {
        "mean": [-142.570220947, 148.634613037, -128.44380188, 32.1985015869, -45.5690422058, -10.1770105362, -34.7388687134, 1.71433532238, -6.7817568779, -8.09346485138, 0.155150145292, -3.40114140511, -0.9115909338],
        "cov": [[52229.6367188, 1753.70031738, -4574.34521484, 2493.89477539, -1912.15356445, 938.82598877, -996.706604004, 995.181213379, -521.891296387, 474.429321289, -735.481384277, 228.86428833, -334.908813477], [1753.70031738, 3147.22680664, -942.838195801, -219.167404175, 322.665039062, -832.83001709, 120.582611084, -378.221862793, 240.419692993, -431.300811768, 383.679962158, -310.800628662, 259.205566406], [-4574.34521484, -942.838195801, 1823.19470215, -133.935287476, 20.9354858398, 516.680358887, 215.619949341, 175.340515137, -86.7144927979, 135.758056641, -95.5211410522, 105.105407715, -160.352890015], [2493.89477539, -219.167404175, -133.935287476, 618.248718262, 183.375778198, 119.62097168, 93.1750183105, 204.485473633, -15.4019031525, 165.464050293, -50.3102989197, 5.21560287476, 27.8842487335], [-1912.15356445, 322.665039062, 20.9354858398, 183.375778198, 671.987915039, -199.067153931, 263.718902588, 61.1279029846, 114.097511292, 74.768699646, 85.1882858276, -48.9369659424, 129.744262695], [938.82598877, -832.83001709, 516.680358887, 119.62097168, -199.067153931, 667.890136719, -35.9022407532, 215.773223877, -80.6705780029, 154.914306641, -85.2612457275, 141.788742065, -115.025878906], [-996.706604004, 120.582611084, 215.619949341, 93.1750183105, 263.718902588, -35.9022407532, 341.351165771, 94.2020874023, 32.2560920715, 57.1753997803, 26.5119075775, -25.261133194, 16.6926555634], [995.181213379, -378.221862793, 175.340515137, 204.485473633, 61.1279029846, 215.773223877, 94.2020874023, 289.253173828, -23.6341762543, 151.825683594, -49.9786720276, 53.1723480225, -47.7189788818], [-521.891296387, 240.419692993, -86.7144927979, -15.4019031525, 114.097511292, -80.6705780029, 32.2560920715, -23.6341762543, 137.720809937, 4.46680164337, 52.4377479553, -22.2001628876, 66.2593612671], [474.429321289, -431.300811768, 135.758056641, 165.464050293, 74.768699646, 154.914306641, 57.1753997803, 151.825683594, 4.46680164337, 242.767807007, -25.7615852356, 66.7103271484, -7.24546766281], [-735.481384277, 383.679962158, -95.5211410522, -50.3102989197, 85.1882858276, -85.2612457275, 26.5119075775, -49.9786720276, 52.4377479553, -25.7615852356, 201.84992981, -18.963470459, 59.2214431763], [228.86428833, -310.800628662, 105.105407715, 5.21560287476, -48.9369659424, 141.788742065, -25.261133194, 53.1723480225, -22.2001628876, 66.7103271484, -18.963470459, 130.230361938, -13.5858888626], [-334.908813477, 259.205566406, -160.352890015, 27.8842487335, 129.744262695, -115.025878906, 16.6926555634, -47.7189788818, 66.2593612671, -7.24546766281, 59.2214431763, -13.5858888626, 130.262054443]],
        "icov": [[0.000103564532765, -0.000304321642034, 0.000243806774961, -0.000335079617798, 0.000301197549561, -0.000191922736121, 0.000117823932669, -0.000222634072998, 0.000255294522503, -0.000365300977137, 0.000485301861772, -0.000325971632265, 0.000272745470284], [-0.000304321642034, 0.00175081391353, -0.000537757354323, 0.000968291831668, -0.000828614516649, 0.000846667215228, -0.000737575115636, 0.000625522457995, -0.00128492643125, 0.00211073947139, -0.00237200362608, 0.0017047097208, -0.0012117769802], [0.000243806774961, -0.000537757354323, 0.00161649880465, -0.000191192899365, 0.000347062014043, -0.00127949181478, -0.000506352633238, -0.000312582938932, 0.000817504711449, -0.000875512720086, 0.00122278940398, -0.000572957971599, 0.00112240028102], [-0.000335079617798, 0.000968291831668, -0.000191192899365, 0.00409254059196, -0.00170278374571, -0.000160846670042, -0.000568517483771, -0.000582491222303, 0.000405925413361, 3.79815064662e-05, -0.000829042168334, 0.00226525007747, -0.00207745144144], [0.000301197549561, -0.000828614516649, 0.000347062014043, -0.00170278374571, 0.00423209974542, 0.000510516576469, -0.00127565814182, -0.00117527029943, -0.000334102456691, -0.00140647974331, 0.000910189293791, -0.000783118419349, -0.00122033583466], [-0.000191922736121, 0.000846667215228, -0.00127949181478, -0.000160846670042, 0.000510516576469, 0.00417553354055, 0.000364024948794, -0.00117132207379, -0.000956891803071, 0.000701163196936, -0.0015398793621, -0.00114554329775, 9.04204789549e-05], [0.000117823932669, -0.000737575115636, -0.000506352633238, -0.000568517483771, -0.00127565814182, 0.000364024948794, 0.00553719885647, -0.00173087930307, 0.000370723020751, -0.000872355420142, 0.00046938873129, 5.95546625846e-05, 0.00107309396844], [-0.000222634072998, 0.000625522457995, -0.000312582938932, -0.000582491222303, -0.00117527029943, -0.00117132207379, -0.00173087930307, 0.00828197319061, -0.000694980786648, -0.00155410100706, -0.000567697279621, 6.37064731563e-05, 0.00184661895037], [0.000255294522503, -0.00128492643125, 0.000817504711449, 0.000405925413361, -0.000334102456691, -0.000956891803071, 0.000370723020751, -0.000694980786648, 0.0119090657681, -0.00276101753116, 0.000922421575524, 0.00031739109545, -0.00327914278023], [-0.000365300977137, 0.00211073947139, -0.000875512720086, 3.79815064662e-05, -0.00140647974331, 0.000701163196936, -0.000872355420142, -0.00155410100706, -0.00276101753116, 0.0101019926369, -0.00273670372553, -0.000644572661258, -0.00151940074284], [0.000485301861772, -0.00237200362608, 0.00122278940398, -0.000829042168334, 0.000910189293791, -0.0015398793621, 0.00046938873129, -0.000567697279621, 0.000922421575524, -0.00273670372553, 0.00960153806955, -0.00217898888513, -9.78633324848e-05], [-0.000325971632265, 0.0017047097208, -0.000572957971599, 0.00226525007747, -0.000783118419349, -0.00114554329775, 5.95546625846e-05, 6.37064731563e-05, 0.00031739109545, -0.000644572661258, -0.00217898888513, 0.0133369797841, -0.00345196574926], [0.000272745470284, -0.0012117769802, 0.00112240028102, -0.00207745144144, -0.00122033583466, 9.04204789549e-05, 0.00107309396844, 0.00184661895037, -0.00327914278023, -0.00151940074284, -9.78633324848e-05, -0.00345196574926, 0.0157179571688]]
    },
    "melbands": {
        "dmean": [0.000603599939495, 0.00084337691078, 0.000314884644467, 0.000133797671879, 0.000123978898046, 0.00017759030743, 9.52694608714e-05, 6.09692942817e-05, 0.000100177814602, 6.58801509417e-05, 2.3492042601e-05, 2.3027871066e-05, 1.45578042066e-05, 1.41189229907e-05, 1.21165558085e-05, 1.10062037493e-05, 7.36287893233e-06, 9.64123137237e-06, 2.09109239222e-05, 1.47966948134e-05, 2.49702716246e-05, 2.32044567383e-05, 1.27562661874e-05, 1.0237647075e-05, 5.14615112479e-06, 4.29055626228e-06, 3.96441919293e-06, 2.89562763101e-06, 2.6442626222e-06, 1.69439624642e-06, 1.08695144263e-06, 7.57842599342e-07, 6.11110465343e-07, 7.99279860075e-07, 5.10967311129e-07, 3.24055349665e-07, 2.5060472808e-07, 3.64527011243e-07, 1.18097091217e-07, 1.04266639767e-07],
        "dmean2": [0.00104455498513, 0.00147829228081, 0.000548210402485, 0.000214114857954, 0.00019665149739, 0.000282553141005, 0.00013855312136, 8.43931557029e-05, 0.000139913434396, 9.66135557974e-05, 3.97778858314e-05, 3.62887039955e-05, 2.25101975957e-05, 2.20298497879e-05, 1.89008933376e-05, 1.83843985724e-05, 1.28556957861e-05, 1.49840670929e-05, 3.18458660331e-05, 2.30920250033e-05, 3.84381783078e-05, 3.41810373357e-05, 1.98604921025e-05, 1.53068667714e-05, 8.29534565128e-06, 6.96943834555e-06, 6.49158437227e-06, 4.67142172056e-06, 4.25249845648e-06, 2.69315296464e-06, 1.83958763955e-06, 1.31725073516e-06, 1.02996227724e-06, 1.32076411319e-06, 8.49658022162e-07, 5.42614543519e-07, 4.04891551398e-07, 5.94240646024e-07, 1.94562943534e-07, 1.71917321268e-07],
        "dvar": [2.75674688055e-06, 1.1895188436e-05, 1.36817061502e-06, 1.83836817769e-07, 3.27924283283e-08, 1.20102299661e-07, 2.29085532766e-08, 1.40471607679e-08, 1.60738210297e-07, 1.10172550194e-07, 4.85198636824e-09, 7.55256923668e-09, 8.90783113938e-10, 1.70522040932e-09, 1.19391074804e-09, 1.6833070493e-09, 9.50321821236e-10, 1.24307286686e-09, 8.27591062347e-09, 1.96692284682e-09, 1.38721825138e-08, 1.13754499154e-08, 2.10847272974e-09, 1.6398488123e-09, 3.20752813199e-10, 1.80937778649e-10, 1.89880708379e-10, 1.01754098203e-10, 9.65480612125e-11, 4.45694973983e-11, 2.28192586355e-11, 1.08689194797e-11, 4.29736584859e-12, 8.58330854309e-12, 3.01165451085e-12, 1.34261080986e-12, 7.25043614556e-13, 2.70665607982e-12, 1.64696354428e-13, 1.42553259778e-13],
        "dvar2": [7.40313134884e-06, 3.35262775479e-05, 3.80859341931e-06, 4.53512825516e-07, 8.15255631892e-08, 3.2588698673e-07, 4.76363268831e-08, 3.16963557623e-08, 3.03704609905e-07, 1.93273024252e-07, 1.34065665236e-08, 1.35428681602e-08, 2.17129603186e-09, 3.39604455668e-09, 2.86485368761e-09, 4.55373161401e-09, 2.72250155753e-09, 2.71372502247e-09, 1.7035068467e-08, 4.5200696519e-09, 3.16978869819e-08, 2.02632790547e-08, 4.34581481912e-09, 2.86115997561e-09, 8.02235167185e-10, 4.96289787044e-10, 5.24306598138e-10, 2.5149504701e-10, 2.37886738086e-10, 1.06224973262e-10, 6.14101478003e-11, 3.09681655319e-11, 1.14022047012e-11, 2.22444979103e-11, 7.78854845201e-12, 3.47218174351e-12, 1.79342792787e-12, 6.76440587571e-12, 4.13319714825e-13, 3.67215779269e-13],
        "max": [0.0196919012815, 0.0506550781429, 0.0133153768256, 0.0104617336765, 0.00631438661367, 0.0123460721225, 0.00380721315742, 0.00299239205196, 0.0133069688454, 0.0135258436203, 0.0010429660324, 0.00494467560202, 0.000526183866896, 0.00203433516435, 0.000669781817123, 0.000822735484689, 0.00054399628425, 0.00150061980821, 0.00239414256066, 0.00101263320539, 0.00314941839315, 0.00369875621982, 0.00143030437175, 0.0019943297375, 0.000542513211258, 0.000270344258752, 0.000235213825363, 0.000209434583667, 0.000239574554143, 0.000152861641254, 9.22647668631e-05, 5.92297365074e-05, 3.05294415739e-05, 4.83248331875e-05, 2.9659269785e-05, 2.37658641709e-05, 1.62550677487e-05, 3.02110656776e-05, 8.71816791914e-06, 5.98862197876e-06],
        "mean": [0.00114507658873, 0.00188191991765, 0.000495054409839, 0.000318845006404, 0.000334977085004, 0.000456315581687, 0.000251257064519, 0.000141364522278, 0.000208215060411, 0.000127186634927, 3.20706531056e-05, 3.65593732568e-05, 2.8582629966e-05, 2.32974198298e-05, 2.14058854908e-05, 1.6502039216e-05, 8.73509816302e-06, 1.57225622388e-05, 4.00420103688e-05, 2.51118071901e-05, 4.46628073405e-05, 4.60147530248e-05, 2.26405609283e-05, 1.77108977368e-05, 7.49517448639e-06, 5.83474002269e-06, 5.19990317116e-06, 3.95460756408e-06, 3.4840461467e-06, 2.23377332986e-06, 1.30561772949e-06, 9.28513998133e-07, 8.47372177759e-07, 9.86062786978e-07, 6.68727977882e-07, 4.46215551619e-07, 3.60086175988e-07, 4.21774899451e-07, 1.75322085738e-07, 1.48514573084e-07],
        "median": [0.000279831583612, 0.000791816040874, 0.000149542771396, 9.8675256595e-05, 0.000196643406525, 0.000224582734518, 0.000150961888721, 6.66203050059e-05, 3.02855769405e-05, 1.757354039e-05, 1.19449914564e-05, 1.44614559758e-05, 1.22613728308e-05, 5.2839413911e-06, 5.66844482819e-06, 5.87810382058e-06, 2.07537686947e-06, 2.77429353446e-06, 6.28939142189e-06, 4.21565846409e-06, 4.71230578114e-06, 4.72348074254e-06, 3.36397897627e-06, 1.03560421394e-06, 1.33551361614e-06, 1.17915146802e-06, 7.01978024154e-07, 3.42805861919e-07, 3.02861849377e-07, 7.75657014174e-08, 3.02190628076e-08, 2.44296476382e-08, 3.12036512184e-08, 3.90799144157e-08, 1.98950544927e-08, 6.21221651897e-09, 5.81132830746e-09, 8.32294233533e-09, 1.52902068784e-09, 1.22993393248e-09],
        "min": [8.51838432298e-25, 8.78871512229e-25, 1.23957214608e-24, 1.77343820103e-24, 1.1508079393e-24, 1.28867213072e-24, 1.38137748658e-24, 1.72424325726e-24, 1.6947463675e-24, 1.25474894242e-24, 8.81765054029e-25, 2.33394182077e-24, 2.39805570198e-24, 2.18452919874e-24, 2.31900414789e-24, 1.57262734672e-24, 3.06276784731e-24, 2.01784781985e-24, 2.89732123295e-24, 2.50022068339e-24, 2.13235867164e-24, 3.03026086156e-24, 3.29283203057e-24, 3.16093724823e-24, 3.41255823901e-24, 3.14725070874e-24, 4.22292940897e-24, 4.69178770469e-24, 4.28425151144e-24, 4.85097944094e-24, 4.49881615563e-24, 4.85946837314e-24, 4.15585059405e-24, 4.66693503631e-24, 3.86359971677e-24, 6.13020811776e-24, 5.45598053498e-24, 6.12456697342e-24, 5.94036045788e-24, 5.84791976485e-24],
        "var": [4.86769340569e-06, 1.1582606021e-05, 1.20006188808e-06, 6.09884693858e-07, 2.24384251624e-07, 4.93556285619e-07, 1.1035645997e-07, 4.59047093671e-08, 6.04807098625e-07, 4.36186951447e-07, 5.21596188463e-09, 1.67398646056e-08, 1.96056992863e-09, 5.37167021974e-09, 2.15208939558e-09, 1.80093251423e-09, 6.89357515515e-10, 2.07045425249e-09, 2.16138076325e-08, 3.93309340652e-09, 2.27985363921e-08, 3.75030388966e-08, 4.10171274723e-09, 6.00716676402e-09, 4.42240244425e-10, 1.92003427046e-10, 1.95531535407e-10, 1.37100747422e-10, 1.19127513409e-10, 6.19759799037e-11, 2.24808036769e-11, 9.83073084743e-12, 5.38657790247e-12, 9.34324059093e-12, 3.61371241091e-12, 1.68611999363e-12, 1.02636020342e-12, 2.86100938947e-12, 2.49304510412e-13, 1.96219085359e-13]
    },
    "mfcc": {
        "mean": [-749.205932617, 158.449386597, -10.1260900497, 32.0680503845, 9.66588878632, -7.60934066772, -9.59949016571, 2.34017848969, -4.26990604401, 0.328769505024, -5.66546630859, 2.62208080292, 8.81044769287],
        "cov": [[18604.3164062, 1040.90039062, -1292.59338379, 1276.82226562, -74.3280487061, 399.567871094, 92.1998214722, 488.13381958, 422.872619629, 292.877716064, 63.6541786194, 497.029296875, 89.3606872559], [1040.90039062, 3094.61010742, -502.8487854, 300.707366943, 171.899078369, -327.183837891, -7.09144020081, -42.0345344543, -132.693756104, 31.3035335541, -85.9861450195, -101.255470276, 130.519592285], [-1292.59338379, -502.8487854, 1344.60681152, -385.921417236, -89.0241546631, 187.483444214, 84.1657028198, 116.154922485, -25.695810318, -20.5448493958, 97.5975036621, -36.7062911987, -73.3567352295], [1276.82226562, 300.707366943, -385.921417236, 740.100097656, 169.639160156, 5.43859672546, 179.371292114, 12.3700637817, 170.509979248, 148.796859741, 17.5634212494, 74.5967025757, 25.8862991333], [-74.3280487061, 171.899078369, -89.0241546631, 169.639160156, 265.179260254, 32.6562004089, 62.8445663452, 10.8920993805, 52.1027030945, 65.8685302734, 0.0371643900871, 26.0579357147, 51.280128479], [399.567871094, -327.183837891, 187.483444214, 5.43859672546, 32.6562004089, 256.269592285, 81.9722747803, 82.0394973755, 78.3771438599, 23.032585144, 56.097366333, 72.7447891235, 0.54974091053], [92.1998214722, -7.09144020081, 84.1657028198, 179.371292114, 62.8445663452, 81.9722747803, 272.466278076, 99.6599349976, 81.6631088257, 103.082717896, 73.6263961792, 56.2006759644, 23.6906032562], [488.13381958, -42.0345344543, 116.154922485, 12.3700637817, 10.8920993805, 82.0394973755, 99.6599349976, 176.817245483, 57.712802887, 19.6914825439, 54.7939338684, 57.482963562, 11.1598672867], [422.872619629, -132.693756104, -25.695810318, 170.509979248, 52.1027030945, 78.3771438599, 81.6631088257, 57.712802887, 198.689559937, 79.2707901001, 30.3943538666, 63.8240509033, -17.2039585114], [292.877716064, 31.3035335541, -20.5448493958, 148.796859741, 65.8685302734, 23.032585144, 103.082717896, 19.6914825439, 79.2707901001, 159.481903076, 52.0970687866, 17.0468845367, 26.6614017487], [63.6541786194, -85.9861450195, 97.5975036621, 17.5634212494, 0.0371643900871, 56.097366333, 73.6263961792, 54.7939338684, 30.3943538666, 52.0970687866, 109.238754272, 55.2693710327, 0.574060678482], [497.029296875, -101.255470276, -36.7062911987, 74.5967025757, 26.0579357147, 72.7447891235, 56.2006759644, 57.482963562, 63.8240509033, 17.0468845367, 55.2693710327, 135.518829346, 33.1002197266], [89.3606872559, 130.519592285, -73.3567352295, 25.8862991333, 51.280128479, 0.54974091053, 23.6906032562, 11.1598672867, -17.2039585114, 26.6614017487, 0.574060678482, 33.1002197266, 104.795288086]],
