{
"lowlevel": {
    "average_loudness": 0.887813329697,
    "barkbands_crest": {
        "dmean": 2.41325902939,
        "dmean2": 3.75650334358,
        "dvar": 6.84862852097,
        "dvar2": 14.6753139496,
        "max": 26.6760292053,
        "mean": 11.0602464676,
        "median": 10.1113147736,
        "min": 2.90946221352,
        "var": 19.7457256317
    },
    "barkbands_flatness_db": {
        "dmean": 0.0307284221053,
        "dmean2": 0.0450561195612,
        "dvar": 0.00146194430999,
        "dvar2": 0.00310104410164,
        "max": 0.58512198925,
        "mean": 0.22849650681,
        "median": 0.219016522169,
        "min": 0.0377221591771,
        "var": 0.00970639288425
    },
    "barkbands_kurtosis": {
        "dmean": 3.93186068535,
        "dmean2": 5.84791564941,
        "dvar": 77.1229553223,
        "dvar2": 162.597503662,
        "max": 192.845932007,
        "mean": 6.11969661713,
        "median": 2.59706640244,
        "min": -1.88831114769,
        "var": 119.887428284
    },
    "barkbands_skewness": {
        "dmean": 0.577309548855,
        "dmean2": 0.809935212135,
        "dvar": 0.578147113323,
        "dvar2": 1.03638267517,
        "max": 11.4548053741,
        "mean": 1.2206299305,
        "median": 1.04830992222,
        "min": -10.5011320114,
        "var": 1.91581535339
    },
    "barkbands_spread": {
        "dmean": 2.89069771767,
        "dmean2": 4.57595968246,
        "dvar": 19.866601944,
        "dvar2": 46.3943748474,
        "max": 63.042842865,
        "mean": 9.84764003754,
        "median": 8.13408279419,
        "min": 0.135686561465,
        "var": 62.7254142761
    },
    "dissonance": {
        "dmean": 0.0371050536633,
        "dmean2": 0.0613683201373,
        "dvar": 0.00139534892514,
        "dvar2": 0.00367299816571,
        "max": 0.500000059605,
        "mean": 0.42003133893,
        "median": 0.431092679501,
        "min": 0.11070972681,
        "var": 0.0031480116304
    },
    "dynamic_complexity": 3.64425492287,
    "erbbands_crest": {
        "dmean": 2.58159828186,
        "dmean2": 3.94752502441,
        "dvar": 7.16057109833,
        "dvar2": 14.8990840912,
        "max": 34.5434188843,
        "mean": 11.6512079239,
        "median": 10.3943243027,
        "min": 2.62614274025,
        "var": 27.4640769958
    },
    "erbbands_flatness_db": {
        "dmean": 0.0230505764484,
        "dmean2": 0.0326838716865,
        "dvar": 0.000768731231801,
        "dvar2": 0.00155844155233,
        "max": 0.595397531986,
        "mean": 0.249249279499,
        "median": 0.246807068586,
        "min": 0.0773229897022,
        "var": 0.00840167608112
    },
    "erbbands_kurtosis": {
        "dmean": 2.26591944695,
        "dmean2": 3.37023687363,
        "dvar": 43.3712158203,
        "dvar2": 81.8383026123,
        "max": 196.55847168,
        "mean": 3.06419897079,
        "median": 1.31130218506,
        "min": -1.73685133457,
        "var": 75.4774703979
    },
    "erbbands_skewness": {
        "dmean": 0.452769875526,
        "dmean2": 0.678507566452,
        "dvar": 0.291266143322,
        "dvar2": 0.608511686325,
        "max": 8.65116977692,
        "mean": 0.840354382992,
        "median": 0.774883568287,
        "min": -9.7295627594,
        "var": 1.07641100883
    },
    "erbbands_spread": {
        "dmean": 5.1835565567,
        "dmean2": 7.36098003387,
        "dvar": 50.8502044678,
        "dvar2": 86.5453872681,
        "max": 98.0698928833,
        "mean": 19.4080905914,
        "median": 15.7826929092,
        "min": 0.266582280397,
        "var": 204.42364502
    },
    "hfc": {
        "dmean": 4.33348846436,
        "dmean2": 6.23937940598,
        "dvar": 56.7240257263,
        "dvar2": 116.236274719,
        "max": 114.656562805,
        "mean": 11.483792305,
        "median": 9.00280761719,
        "min": 1.06488015982e-16,
        "var": 124.501907349
    },
    "melbands_crest": {
        "dmean": 2.76604819298,
        "dmean2": 4.07472896576,
        "dvar": 9.38285827637,
        "dvar2": 17.7384662628,
        "max": 34.5163879395,
        "mean": 13.2041015625,
        "median": 12.1693725586,
        "min": 1.53142082691,
        "var": 30.7921066284
    },
    "melbands_flatness_db": {
        "dmean": 0.0349993780255,
        "dmean2": 0.0505477115512,
        "dvar": 0.00217020022683,
        "dvar2": 0.00458322372288,
        "max": 0.664183318615,
        "mean": 0.293236732483,
        "median": 0.280303120613,
        "min": 0.002851707628,
        "var": 0.0131167853251
    },
    "melbands_kurtosis": {
        "dmean": 5.77278280258,
        "dmean2": 8.33303260803,
        "dvar": 179.572128296,
        "dvar2": 345.246765137,
        "max": 193.870193481,
        "mean": 9.03218746185,
        "median": 3.7779583931,
        "min": -1.84923517704,
        "var": 266.203918457
    },
    "melbands_skewness": {
        "dmean": 0.643405795097,
        "dmean2": 0.888965904713,
        "dvar": 0.859338104725,
        "dvar2": 1.32282721996,
        "max": 11.0195579529,
        "mean": 1.59144818783,
        "median": 1.2875379324,
        "min": -6.11581420898,
        "var": 2.46412014961
    },
    "melbands_spread": {
        "dmean": 4.06483030319,
        "dmean2": 6.45601224899,
        "dvar": 43.8701667786,
        "dvar2": 106.040924072,
        "max": 160.256515503,
        "mean": 14.8987913132,
        "median": 11.4931211472,
        "min": 0.274601072073,
        "var": 337.052734375
    },
    "pitch_salience": {
        "dmean": 0.0754271447659,
        "dmean2": 0.115247905254,
        "dvar": 0.00730011099949,
        "dvar2": 0.0147564541548,
        "max": 0.89597004652,
        "mean": 0.535424530506,
        "median": 0.551419079304,
        "min": 0.0356238484383,
        "var": 0.0184626150876
    },
    "silence_rate_20dB": {
        "dmean": 0,
        "dmean2": 0,
        "dvar": 0,
        "dvar2": 0,
        "max": 1,
        "mean": 1,
        "median": 1,
        "min": 1,
        "var": 0
    },
    "silence_rate_30dB": {
        "dmean": 0.0453945621848,
        "dmean2": 0.0908011049032,
        "dvar": 0.0433369874954,
        "dvar2": 0.0844003334641,
        "max": 1,
        "mean": 0.946826756001,
        "median": 1,
        "min": 0,
        "var": 0.0503471903503
    },
    "silence_rate_60dB": {
        "dmean": 0.0298231728375,
        "dmean2": 0.0596542172134,
        "dvar": 0.02893284522,
        "dvar2": 0.0640185177326,
        "max": 1,
        "mean": 0.113207548857,
        "median": 0,
        "min": 0,
        "var": 0.100392237306
    },
    "spectral_centroid": {
        "dmean": 140.21005249,
        "dmean2": 224.187225342,
        "dvar": 76776.59375,
        "dvar2": 189637.984375,
        "max": 12260.3232422,
        "mean": 884.44720459,
        "median": 690.523132324,
        "min": 119.639587402,
        "var": 1851863.375
    },
    "spectral_complexity": {
        "dmean": 2.44840335846,
        "dmean2": 3.92398047447,
        "dvar": 13.1602716446,
        "dvar2": 28.9144248962,
        "max": 50,
        "mean": 11.1349782944,
        "median": 11,
        "min": 0,
        "var": 37.2656669617
    },
    "spectral_decrease": {
        "dmean": 3.25394600154e-09,
        "dmean2": 4.41816361274e-09,
        "dvar": 5.86695848903e-17,
        "dvar2": 9.49372195861e-17,
        "max": 2.28328793076e-28,
        "mean": -6.65801325184e-09,
        "median": -3.69000141553e-09,
        "min": -6.78003218013e-08,
        "var": 1.02130428515e-16
    },
    "spectral_energy": {
        "dmean": 0.012609235011,
        "dmean2": 0.0170930381864,
        "dvar": 0.000852954573929,
        "dvar2": 0.0013725036988,
        "max": 0.259262830019,
        "mean": 0.0261705070734,
        "median": 0.0147717725486,
        "min": 9.80921822919e-21,
        "var": 0.00151273002848
    },
    "spectral_energyband_high": {
        "dmean": 0.000148940482177,
        "dmean2": 0.000240034045419,
        "dvar": 2.07411986253e-07,
        "dvar2": 5.09802021043e-07,
        "max": 0.00585127715021,
        "mean": 0.00017067664885,
        "median": 1.59618393809e-05,
        "min": 6.9407263093e-21,
        "var": 2.08472926033e-07
    },
    "spectral_energyband_low": {
        "dmean": 0.00832509901375,
        "dmean2": 0.0119148697704,
        "dvar": 0.000903417938389,
        "dvar2": 0.00162642786745,
        "max": 0.241241663694,
        "mean": 0.00903693772852,
        "median": 0.00113437394612,
        "min": 8.64497677675e-24,
        "var": 0.00113952683751
    },
    "spectral_energyband_middle_high": {
        "dmean": 0.00157266983297,
        "dmean2": 0.00237725046463,
        "dvar": 1.02900166894e-05,
        "dvar2": 2.48259329965e-05,
        "max": 0.0860989764333,
        "mean": 0.00346789695323,
        "median": 0.00228126975708,
        "min": 1.14809377264e-21,
        "var": 2.24240775424e-05
    },
    "spectral_energyband_middle_low": {
        "dmean": 0.00611692480743,
        "dmean2": 0.00961187295616,
        "dvar": 0.000186658973689,
        "dvar2": 0.000473552790936,
        "max": 0.152158856392,
        "mean": 0.0147234788164,
        "median": 0.00951312575489,
        "min": 1.51804858504e-22,
        "var": 0.000300915853586
    },
    "spectral_entropy": {
        "dmean": 0.271381855011,
        "dmean2": 0.406218528748,
        "dvar": 0.140167891979,
        "dvar2": 0.320585131645,
        "max": 9.83149147034,
        "mean": 6.6791973114,
        "median": 6.72445487976,
        "min": 3.3922162056,
        "var": 0.863283932209
    },
    "spectral_flux": {
        "dmean": 0.0308803860098,
        "dmean2": 0.0424647442997,
        "dvar": 0.00217949459329,
        "dvar2": 0.00295853032731,
        "max": 0.466744214296,
        "mean": 0.068751655519,
        "median": 0.042237456888,
        "min": 6.28633395339e-11,
        "var": 0.00680353585631
    },
    "spectral_kurtosis": {
        "dmean": 10.1947393417,
        "dmean2": 16.4130992889,
        "dvar": 273.062438965,
        "dvar2": 659.995178223,
        "max": 228.935577393,
        "mean": 23.8792266846,
        "median": 10.6544771194,
        "min": -1.25305473804,
        "var": 1011.84448242
    },
    "spectral_rms": {
        "dmean": 0.000918039935641,
        "dmean2": 0.00120652699843,
        "dvar": 2.38972029365e-06,
        "dvar2": 3.28084115608e-06,
        "max": 0.0159040670842,
        "mean": 0.00425635650754,
        "median": 0.00379624636844,
        "min": 3.09353671152e-12,
        "var": 7.41557596484e-06
    },
    "spectral_rolloff": {
        "dmean": 225.11932373,
        "dmean2": 393.025054932,
        "dvar": 257194.03125,
        "dvar2": 624301.5,
        "max": 20025.8789062,
        "mean": 1186.36584473,
        "median": 818.26171875,
        "min": 86.1328125,
        "var": 5856345
    },
    "spectral_skewness": {
        "dmean": 0.712255477905,
        "dmean2": 1.14440441132,
        "dvar": 0.847341418266,
        "dvar2": 2.14780473709,
        "max": 11.7594947815,
        "mean": 3.19941687584,
        "median": 2.46580719948,
        "min": -0.0951944068074,
        "var": 3.92659950256
    },
    "spectral_spread": {
        "dmean": 485081.21875,
        "dmean2": 731178.4375,
        "dvar": 474653458432,
        "dvar2": 1.0234895401e+12,
        "max": 44739648,
        "mean": 3623483.75,
        "median": 2518882.75,
        "min": 350423.5625,
        "var": 2.55445780398e+13
    },
    "spectral_strongpeak": {
        "dmean": 0.540348947048,
        "dmean2": 0.886079490185,
        "dvar": 0.563817381859,
        "dvar2": 1.25376784801,
        "max": 14.8511800766,
        "mean": 1.16674888134,
        "median": 0.90328848362,
        "min": 0,
        "var": 1.2149617672
    },
    "zerocrossingrate": {
        "dmean": 0.00595512380823,
        "dmean2": 0.00747946090996,
        "dvar": 6.91711757099e-05,
        "dvar2": 9.64886130532e-05,
        "max": 0.8212890625,
        "mean": 0.0438891351223,
        "median": 0.03369140625,
        "min": 0.00390625,
        "var": 0.00437011662871
    },
    "barkbands": {
        "dmean": [1.10755336209e-05, 0.00503609562293, 0.00492466054857, 0.0019618330989, 0.00202196091413, 0.00177096540574, 0.000711000931915, 0.000490861479193, 0.000766857701819, 0.00058449205244, 0.000174562228494, 0.000586695445236, 0.000286118214717, 0.000214698637137, 0.000110530832899, 6.45101608825e-05, 6.38405181235e-05, 3.56117780029e-05, 2.11031219806e-05, 2.76502105407e-05, 2.99908879242e-05, 3.6706103856e-05, 2.76727168966e-05, 2.08572491829e-05, 1.86371271411e-05, 8.07254491519e-06, 7.95749258486e-07],
        "dmean2": [1.81037612492e-05, 0.00829754490405, 0.00826976727694, 0.00353967561387, 0.00326479948126, 0.00260350015014, 0.000982806901447, 0.000719775969628, 0.0011003788095, 0.000837283500005, 0.000260611181147, 0.000875767145772, 0.000458020163933, 0.000359028053936, 0.000184139615158, 0.000107526975626, 0.000106839077489, 5.80214291404e-05, 3.54808325937e-05, 4.6295903303e-05, 5.13041886734e-05, 6.13610391156e-05, 4.51774030807e-05, 3.47313871316e-05, 2.91000214929e-05, 1.36503331305e-05, 1.38709845032e-06],
        "dvar": [9.05433117371e-10, 0.0004188886669, 0.000425720820203, 6.64651597617e-05, 2.82380842691e-05, 2.12986396946e-05, 1.96692667487e-06, 7.25994880213e-07, 2.73476211987e-06, 4.13679981648e-06, 1.2118998427e-07, 2.48778087553e-06, 2.81453480966e-06, 3.80089488772e-07, 6.77265035165e-08, 2.17080167175e-08, 2.74928151356e-08, 9.37552613323e-09, 3.84335585579e-09, 1.00083887844e-08, 1.17498943908e-08, 1.80252204274e-08, 9.63116608688e-09, 4.42933201228e-09, 3.9068730473e-09, 7.97392485374e-10, 1.1903698513e-11],
        "dvar2": [2.22175966513e-09, 0.00101882615127, 0.00107429095078, 0.000187172990991, 7.30407846277e-05, 4.39828181698e-05, 3.11124495056e-06, 1.59992214321e-06, 5.47068884771e-06, 8.9527311502e-06, 2.59877737108e-07, 5.91924481341e-06, 6.68509619572e-06, 9.78500793281e-07, 1.80839066388e-07, 5.61168675972e-08, 6.9167590766e-08, 2.28395826696e-08, 1.05239061909e-08, 2.74866227556e-08, 3.16885397922e-08, 4.54546942308e-08, 2.42681910123e-08, 1.09974891416e-08, 9.34887367521e-09, 2.18652385087e-09, 3.24825027986e-11],
        "max": [0.000350259331753, 0.157059252262, 0.163630917668, 0.0836469307542, 0.0683630630374, 0.106548659503, 0.0297686103731, 0.0210495777428, 0.0419084988534, 0.0481578670442, 0.00707083940506, 0.04765997082, 0.0841940864921, 0.0110422028229, 0.00493879057467, 0.00373591878451, 0.00412518111989, 0.00234087882563, 0.00120963226072, 0.00195599044673, 0.00189356785268, 0.00195263384376, 0.00158399879001, 0.000873486103956, 0.00091492687352, 0.000400130171329, 5.35349463462e-05],
        "mean": [1.56846454047e-05, 0.00433115381747, 0.00360721256584, 0.00181085034274, 0.00411065388471, 0.00407362962142, 0.00156212435104, 0.00118394521996, 0.00167771137785, 0.00109368108679, 0.000412625289755, 0.000992754823528, 0.000450415478554, 0.000273842830211, 0.000145946120028, 9.18373189052e-05, 8.44554742798e-05, 4.11233231716e-05, 2.62419853243e-05, 2.99024632113e-05, 3.22403429891e-05, 3.79974080715e-05, 3.00730680465e-05, 2.51166766247e-05, 2.07061784749e-05, 8.00405905466e-06, 5.7773985418e-07],
        "median": [7.1795157055e-06, 0.000456726411358, 0.000105552462628, 0.000399663782446, 0.00143806845881, 0.00115889997687, 0.000651028589346, 0.000630736001767, 0.000745963654481, 0.000209099569474, 0.00010115213081, 0.000286112423055, 7.92094433564e-05, 5.69163603359e-05, 4.621367043e-05, 3.20766630466e-05, 2.57091141975e-05, 1.44937548612e-05, 9.82422170637e-06, 7.72032490204e-06, 5.13596023666e-06, 2.62851358457e-06, 1.32723573643e-06, 6.27217445981e-07, 3.59512341674e-07, 1.83094513773e-07, 1.82598791643e-09],
        "min": [9.10618331891e-25, 1.86414833044e-24, 9.69663880393e-25, 7.16453334883e-25, 9.64598131204e-24, 9.2600626686e-24, 4.14726029322e-24, 2.11160630502e-24, 1.34128426216e-23, 1.69270586044e-23, 1.43780896698e-23, 3.49949930935e-23, 2.77112320963e-23, 3.25776361346e-23, 4.92663767041e-23, 5.98501637489e-23, 6.96819580917e-23, 5.5180946538e-23, 1.14831566343e-22, 1.59132543276e-22, 2.36717417202e-22, 2.97212623046e-22, 3.8265037378e-22, 5.97971914235e-22, 8.43021696836e-22, 1.20897101435e-21, 1.94223037764e-21],
        "var": [9.58879975421e-10, 0.000341558974469, 0.000322441803291, 4.09128988395e-05, 4.82046816614e-05, 7.11824541213e-05, 7.30194915377e-06, 2.3082682219e-06, 7.22361164662e-06, 9.1880265245e-06, 5.25444420418e-07, 4.65286802864e-06, 6.68043412588e-06, 5.95428957695e-07, 7.7586911118e-08, 3.00850473423e-08, 2.89624715322e-08, 8.8921394692e-09, 3.12422265836e-09, 7.22512494278e-09, 8.9804208514e-09, 1.58310893283e-08, 9.02642582901e-09, 4.93592633433e-09, 4.29521218592e-09, 7.44243278117e-10, 8.11170401682e-12]
    },
    "erbbands": {
        "dmean": [0.0604465901852, 1.41558897495, 5.38690280914, 6.30713558197, 6.13648509979, 6.20567750931, 14.6476764679, 11.0673179626, 11.373796463, 8.22398853302, 12.711933136, 13.7082643509, 18.6018066406, 10.955160141, 10.5941209793, 19.3157558441, 16.7588214874, 7.25480508804, 9.00890731812, 5.12357664108, 3.24627494812, 3.74608707428, 2.1086833477, 1.23130750656, 1.0337716341, 1.2870196104, 1.2562122345, 1.26938354969, 1.3233191967, 1.03061723709, 0.757694721222, 0.515740692616, 0.301856279373, 0.209545254707, 0.13148188591, 0.0478278361261, 0.0122646549717, 0.00179026601836, 0.00010849777027, 1.46866041177e-05],
        "dmean2": [0.0968926697969, 2.3169002533, 8.891913414, 10.8279094696, 10.8548517227, 9.94593715668, 21.0238285065, 16.7989997864, 15.4799871445, 11.9667959213, 18.1322078705, 20.0952129364, 25.9135398865, 16.2927722931, 15.7550783157, 29.1197910309, 26.2167892456, 12.3228311539, 15.2315988541, 8.39472103119, 5.43513298035, 6.29340648651, 3.41835904121, 2.04795002937, 1.75288546085, 2.16850686073, 2.14374923706, 2.16027092934, 2.20216917992, 1.72168970108, 1.23067235947, 0.862951874733, 0.492964535952, 0.321998327971, 0.211552843451, 0.0798303186893, 0.0209537241608, 0.00302878697403, 0.00018446703325, 1.97682857106e-05],
        "dvar": [0.054078284651, 32.87159729, 492.536132812, 643.659912109, 530.794677734, 217.595306396, 1554.85046387, 657.690185547, 622.43951416, 175.554595947, 449.035583496, 712.600097656, 3101.71044922, 1255.3572998, 756.582458496, 2381.27978516, 8002.54980469, 377.299041748, 590.799987793, 137.032333374, 54.7561798096, 91.115447998, 33.9191970825, 9.48927307129, 13.4572544098, 23.2994766235, 22.9738903046, 20.2858047485, 24.5788269043, 13.7239522934, 7.00584888458, 2.73809528351, 0.991173088551, 0.425780236721, 0.237040042877, 0.0308957137167, 0.00212699407712, 4.17557930632e-05, 1.90186682403e-07, 1.05794595306e-09],
        "dvar2": [0.128723800182, 78.8785247803, 1200.99633789, 1680.02563477, 1495.95996094, 548.694396973, 3111.84985352, 1457.10595703, 995.716552734, 361.609863281, 957.009094238, 1578.3972168, 5782.81835938, 2852.9296875, 1684.32739258, 6004.45458984, 19103.078125, 1020.8182373, 1537.94946289, 343.032623291, 138.577987671, 234.548202515, 79.2137451172, 25.0095729828, 37.0526313782, 64.4190292358, 63.2140274048, 54.4907875061, 61.6932487488, 35.0089225769, 17.1315803528, 6.97632551193, 2.35288572311, 0.974336147308, 0.600819706917, 0.0842388272285, 0.00586272729561, 0.000112757319584, 5.19391164744e-07, 1.60572966035e-09],
        "max": [2.04238462448, 44.4175109863, 176.11618042, 206.114440918, 269.203491211, 226.069717407, 821.327514648, 605.624694824, 534.127685547, 256.720977783, 411.086669922, 550.104492188, 1235.77282715, 774.758056641, 941.637756348, 1197.53723145, 4449.1328125, 298.149963379, 417.191497803, 229.525360107, 245.826980591, 251.846755981, 132.288467407, 75.2823944092, 75.7138595581, 96.6313934326, 97.6125564575, 63.584728241, 73.5377426147, 50.4366798401, 44.7085838318, 16.3727664948, 24.2203292847, 7.84067201614, 7.5570101738, 2.71441793442, 0.740217447281, 0.0759675130248, 0.00907287653536, 0.000287834845949],
        "mean": [0.062730461359, 1.19683921337, 4.15097570419, 5.55603265762, 7.54425764084, 13.1448726654, 37.7023963928, 24.6747283936, 24.0783023834, 21.2621059418, 32.6078605652, 29.5487308502, 37.3228912354, 22.2978191376, 21.9565391541, 33.7973670959, 28.2151832581, 9.09503555298, 12.1378583908, 7.86104917526, 4.8448381424, 4.9874124527, 2.65968966484, 1.65664517879, 1.24930369854, 1.36082482338, 1.32049691677, 1.34010756016, 1.36781740189, 1.08852100372, 0.835038244724, 0.595502257347, 0.384730309248, 0.260993570089, 0.125235766172, 0.0450955890119, 0.0128081124276, 0.00160789676011, 9.50615649344e-05, 3.15713550663e-05],
        "median": [0.0173406582326, 0.0841153040528, 0.176091060042, 0.875366210938, 2.31856584549, 4.48515415192, 10.3089399338, 8.26224803925, 9.08384418488, 12.5744905472, 18.9035778046, 15.2681741714, 10.5493783951, 7.09444904327, 8.52639102936, 12.0335865021, 6.1286854744, 3.12439513206, 3.55595183372, 2.9738266468, 1.97081768513, 1.72628104687, 0.98982656002, 0.777885317802, 0.451733440161, 0.325509548187, 0.251798242331, 0.173342064023, 0.101222380996, 0.0572278387845, 0.0358682982624, 0.0162679105997, 0.00899123772979, 0.00470079295337, 0.00215797731653, 0.00103869021405, 0.000271054188488, 2.2697762688e-05, 1.23920362967e-05, 1.78968075488e-05],
        "min": [5.61030365837e-23, 5.12287836951e-22, 1.53453343031e-21, 6.58597770592e-21, 7.80500322582e-21, 2.9505852336e-20, 1.66429272389e-20, 7.93022900016e-20, 7.15690883148e-20, 1.28574072208e-19, 2.20559386832e-19, 3.07522254648e-19, 6.43184314856e-19, 5.24497183543e-19, 7.06288786414e-19, 1.38412700585e-18, 1.39874401106e-18, 1.80374673501e-18, 2.55643414993e-18, 3.30614536901e-18, 3.90511843109e-18, 4.00192296459e-18, 3.5739802475e-18, 5.04185112197e-18, 8.20844326343e-18, 6.70559836548e-18, 7.73529678023e-18, 1.06963849975e-17, 1.00854318786e-17, 1.19612955281e-17, 1.02719834406e-17, 1.16122856938e-17, 9.5776364539e-18, 8.43884366971e-18, 6.10648385552e-18, 3.80742550562e-18, 1.91588471552e-18, 9.32931931555e-19, 2.28455704659e-19, 2.74364500074e-20],
        "var": [0.0464357361197, 27.419090271, 397.692779541, 463.509521484, 384.403686523, 480.366485596, 5814.30712891, 1851.74658203, 2200.39135742, 689.225830078, 1495.40722656, 1686.60559082, 8658.60742188, 2240.03613281, 1517.9552002, 4687.84814453, 18950.4492188, 398.408996582, 897.519104004, 225.116882324, 68.2149505615, 94.622467041, 35.0765075684, 8.92702579498, 9.69398593903, 16.5241680145, 16.4713039398, 15.6712608337, 21.7301368713, 12.0322618484, 6.99868249893, 2.81551766396, 1.26288831234, 0.545639753342, 0.220060870051, 0.0278120450675, 0.00214932649396, 3.33674288413e-05, 1.3784998032e-07, 2.11876893808e-09]
    },
    "gfcc": {
        "mean": [-112.404907227, 146.169113159, -119.416908264, -1.52707004547, -63.8595657349, 1.00556063652, -34.4404067993, -6.53825044632, -18.2086772919, -4.03977060318, -8.61302852631, -2.28465056419, -3.16375207901],
        "cov": [[32144.8652344, -146.651794434, -1204.43505859, 1632.42199707, -1068.86462402, 1759.0814209, -977.960021973, 1088.75109863, -408.397674561, 503.455383301, -765.132263184, 186.035125732, -593.710449219], [-146.651794434, 2721.0546875, -276.655029297, -479.712249756, 97.0776748657, -702.059448242, 177.213989258, -596.184020996, 83.8803863525, -294.647827148, 390.049133301, -125.234893799, 287.648590088], [-1204.43505859, -276.655029297, 1149.42028809, 399.215698242, 192.920272827, 195.941482544, 74.2791366577, 12.7406930923, -9.69202041626, 64.11302948, 21.3474216461, 99.3224029541, -41.5401535034], [1632.42199707, -479.712249756, 399.215698242, 988.886047363, 107.407104492, 385.964111328, 17.2369728088, 224.702590942, 61.5407028198, 132.736999512, -25.8018741608, 29.7446575165, -74.7468414307], [-1068.86462402, 97.0776748657, 192.920272827, 107.407104492, 345.274078369, 43.5246810913, 99.8683547974, -27.2677326202, 50.5090179443, -0.836998343468, 44.605884552, -22.6061763763, -18.9606113434], [1759.0814209, -702.059448242, 195.941482544, 385.964111328, 43.5246810913, 536.638427734, 16.346157074, 309.25894165, 8.25388622284, 112.256065369, -103.028182983, 31.7927589417, -104.505065918], [-977.960021973, 177.213989258, 74.2791366577, 17.2369728088, 99.8683547974, 16.346157074, 214.487869263, 43.75050354, 79.701461792, -20.4615440369, 48.5280036926, -27.2497005463, 21.0611209869], [1088.75109863, -596.184020996, 12.7406930923, 224.702590942, -27.2677326202, 309.25894165, 43.75050354, 411.641448975, 74.4212875366, 111.470039368, -99.7634277344, -12.3515625, -75.0456085205], [-408.397674561, 83.8803863525, -9.69202041626, 61.5407028198, 50.5090179443, 8.25388622284, 79.701461792, 74.4212875366, 152.953292847, 35.8242683411, 37.2899436951, -48.5426979065, 15.1583776474], [503.455383301, -294.647827148, 64.11302948, 132.736999512, -0.836998343468, 112.256065369, -20.4615440369, 111.470039368, 35.8242683411, 158.51322937, -15.6797800064, 21.6733093262, -71.597694397], [-765.132263184, 390.049133301, 21.3474216461, -25.8018741608, 44.605884552, -103.028182983, 48.5280036926, -99.7634277344, 37.2899436951, -15.6797800064, 201.412261963, 14.2470645905, 44.5216827393], [186.035125732, -125.234893799, 99.3224029541, 29.7446575165, -22.6061763763, 31.7927589417, -27.2497005463, -12.3515625, -48.5426979065, 21.6733093262, 14.2470645905, 133.173370361, -0.812320828438], [-593.710449219, 287.648590088, -41.5401535034, -74.7468414307, -18.9606113434, -104.505065918, 21.0611209869, -75.0456085205, 15.1583776474, -71.597694397, 44.5216827393, -0.812320828438, 173.94758606]],
        "icov": [[0.000169711827766, -0.000548004405573, 0.000204075273359, -0.000227384327445, 0.000341058446793, -0.000705419282895, 0.000746031815652, -0.000380203127861, 0.00030766997952, -0.000322513398714, 0.000697526091244, -0.000417349016061, 0.000455460947705], [-0.000548004405573, 0.00273899524473, -0.000544657930732, 0.000701354874764, -0.00106773991138, 0.0026568393223, -0.00292483624071, 0.00199709134176, -0.00128491420764, 0.00163486471865, -0.00330475880764, 0.00196961895563, -0.0018929875223], [0.000204075273359, -0.000544657930732, 0.00149489333853, -0.000671159534249, -5.80524574616e-05, -0.00102095364127, 0.000343336258084, 3.3373667975e-05, 0.00059392437106, -0.000621799263172, 0.000829113996588, -0.00122305448167, 0.000493317202199], [-0.000227384327445, 0.000701354874764, -0.000671159534249, 0.00196096650325, -0.000649031309877, -5.36963489139e-05, -0.000537284999155, 0.000393752736272, -0.000972204783466, 3.65592350136e-05, -0.00116098998114, 0.0006284644478, -0.00072174728848], [0.000341058446793, -0.00106773991138, -5.80524574616e-05, -0.000649031309877, 0.00479333661497, -0.00208703940734, -1.00272100099e-05, 0.000540291483048, -0.000348677742295, -0.00039858094533, 0.00108595797792, -0.000100165707408, 0.00172783795279], [-0.000705419282895, 0.0026568393223, -0.00102095364127, -5.36963489139e-05, -0.00208703940734, 0.00784968491644, -0.00346694001928, -0.00114466692321, 0.000169694190845, 0.00128303200472, -0.00268452730961, 0.00134493072983, -0.00144697201904], [0.000746031815652, -0.00292483624071, 0.000343336258084, -0.000537284999155, -1.00272100099e-05, -0.00346694001928, 0.0110832219943, -0.00353306229226, -0.00162048626225, 0.00071445805952, 0.00223265611567, -0.00209536077455, 0.00213799322955], [-0.000380203127861, 0.00199709134176, 3.3373667975e-05, 0.000393752736272, 0.000540291483048, -0.00114466692321, -0.00353306229226, 0.00793010089546, -0.00359820132144, -0.000520870904438, -0.000453944172477, 0.00148966454435, -0.00098048185464], [0.00030766997952, -0.00128491420764, 0.00059392437106, -0.000972204783466, -0.000348677742295, 0.000169694190845, -0.00162048626225, -0.00359820132144, 0.0135873574764, -0.00477521447465, -0.000562581291888, 0.00315264519304, -0.00138405279722], [-0.000322513398714, 0.00163486471865, -0.000621799263172, 3.65592350136e-05, -0.00039858094533, 0.00128303200472, 0.00071445805952, -0.000520870904438, -0.00477521447465, 0.0123253231868, -0.00265617785044, -0.00127876503393, 0.0026422587689], [0.000697526091244, -0.00330475880764, 0.000829113996588, -0.00116098998114, 0.00108595797792, -0.00268452730961, 0.00223265611567, -0.000453944172477, -0.000562581291888, -0.00265617785044, 0.0112296463922, -0.00416535884142, 0.0016462377971], [-0.000417349016061, 0.00196961895563, -0.00122305448167, 0.0006284644478, -0.000100165707408, 0.00134493072983, -0.00209536077455, 0.00148966454435, 0.00315264519304, -0.00127876503393, -0.00416535884142, 0.0118738487363, -0.00268959114328], [0.000455460947705, -0.0018929875223, 0.000493317202199, -0.00072174728848, 0.00172783795279, -0.00144697201904, 0.00213799322955, -0.00098048185464, -0.00138405279722, 0.0026422587689, 0.0016462377971, -0.00268959114328, 0.00965284090489]]
    },
    "melbands": {
        "dmean": [0.000974711496383, 0.0024001239799, 0.00104271655437, 0.000425637612352, 0.000447534170235, 0.000273174169706, 0.000156904439791, 9.51804104261e-05, 0.000119957468996, 8.67838825798e-05, 9.82820420177e-05, 5.24890892848e-05, 2.83860008494e-05, 4.8817932111e-05, 6.81218152749e-05, 1.92550032807e-05, 1.48046456161e-05, 1.76253142854e-05, 8.3998993432e-06, 5.54691223442e-06, 3.61463821719e-06, 4.34618641521e-06, 2.68837766271e-06, 1.48770595843e-06, 9.95145342131e-07, 7.77924867634e-07, 8.17977706902e-07, 8.90161743428e-07, 8.35075979921e-07, 6.95867811373e-07, 7.88771274074e-07, 7.92239745806e-07, 6.77009438732e-07, 5.6869890841e-07, 4.98799124671e-07, 3.18389851373e-07, 3.24287611875e-07, 2.24458588605e-07, 1.77750507646e-07, 1.86332556495e-07],
        "dmean2": [0.00158714945428, 0.00381904840469, 0.00175628764555, 0.000728139362764, 0.000645829131827, 0.000407759362133, 0.000215316205868, 0.000138744770084, 0.000169810504303, 0.000127248873468, 0.000137260634801, 7.76176821091e-05, 4.23821838922e-05, 7.44132412365e-05, 0.000103521932033, 3.11823096126e-05, 2.50920420513e-05, 2.9723998523e-05, 1.38460027301e-05, 9.21023729461e-06, 6.01580222792e-06, 7.31486306904e-06, 4.46663580078e-06, 2.49197478297e-06, 1.66359870946e-06, 1.3155323586e-06, 1.38785446779e-06, 1.51416338667e-06, 1.4262360537e-06, 1.20150264138e-06, 1.35275706725e-06, 1.32067884806e-06, 1.12782140604e-06, 9.63174898061e-07, 8.138516705e-07, 5.13375596256e-07, 5.56141003472e-07, 3.73439434043e-07, 2.89746424187e-07, 2.84237671622e-07],
        "dvar": [1.49963052536e-05, 9.05433626031e-05, 1.53192031576e-05, 1.77514539246e-06, 1.40158590511e-06, 4.23008316375e-07, 1.06901580921e-07, 2.48409595116e-08, 4.34250040371e-08, 3.70666199956e-08, 8.8873008508e-08, 3.36893712927e-08, 3.47989814742e-09, 3.13162971111e-08, 4.52963853093e-08, 1.47713459242e-08, 1.6529499991e-09, 2.73052425115e-09, 3.20997201042e-10, 1.7034451627e-10, 7.40230168828e-11, 1.16905235492e-10, 6.21642390342e-11, 1.8537206492e-11, 6.04604387389e-12, 6.4341709044e-12, 8.76369896791e-12, 1.14556654093e-11, 1.0457639095e-11, 6.67478745886e-12, 8.23949675849e-12, 9.46308222755e-12, 5.94101764312e-12, 4.35682436309e-12, 3.20480642892e-12, 1.07539487298e-12, 1.16870348035e-12, 6.02791200201e-13, 2.79984585863e-13, 3.90964767071e-13],
        "dvar2": [3.58579090971e-05, 0.000203075120226, 3.87540239899e-05, 4.92436811328e-06, 2.82144833363e-06, 9.14344923331e-07, 1.74267711373e-07, 5.16064559974e-08, 8.90948612664e-08, 7.93736489868e-08, 1.71375859281e-07, 7.64281793408e-08, 7.63767449286e-09, 7.08970944174e-08, 1.17371683928e-07, 3.44130484109e-08, 4.42919390053e-09, 6.98417013112e-09, 8.33085156415e-10, 4.28538315944e-10, 1.90772272979e-10, 3.02246311312e-10, 1.50757087369e-10, 4.76935504978e-11, 1.64461742835e-11, 1.77192323314e-11, 2.41219197394e-11, 3.1848568921e-11, 2.87537667287e-11, 1.84384538887e-11, 2.22443573977e-11, 2.45764970874e-11, 1.43541714973e-11, 1.15390344849e-11, 8.06910874923e-12, 2.58134702849e-12, 3.0897558817e-12, 1.47670872926e-12, 6.53870620843e-13, 9.17033267898e-13],
        "max": [0.0314229317009, 0.0717523992062, 0.0350968204439, 0.0147005598992, 0.0242695119232, 0.0156157612801, 0.00687949405983, 0.00281592016108, 0.00360741699114, 0.00506181549281, 0.00662890588865, 0.00365082989447, 0.00151742296293, 0.00672506634146, 0.00712022325024, 0.00608050171286, 0.00064521789318, 0.000991513836198, 0.000328820722643, 0.000203139366931, 0.000297756923828, 0.000289337680442, 0.000203012270504, 0.000109655295091, 5.84957379033e-05, 4.79882110085e-05, 6.09613853157e-05, 6.59380384604e-05, 6.32563751424e-05, 4.44848628831e-05, 3.99680066039e-05, 5.06087017129e-05, 3.00194478768e-05, 3.25881082972e-05, 3.14150529448e-05, 1.45952199091e-05, 1.02078329292e-05, 1.52885168063e-05, 1.22603305499e-05, 7.82970892033e-06],
        "mean": [0.000898305035662, 0.002049903851, 0.00101190118585, 0.000691516092047, 0.00119817908853, 0.000627067638561, 0.000333893898642, 0.000237055079197, 0.000301297055557, 0.000179840179044, 0.000192005973076, 9.9519827927e-05, 6.44408792141e-05, 8.29930941109e-05, 0.000115491915494, 2.84739035123e-05, 1.75650638994e-05, 2.34725321206e-05, 1.1476511645e-05, 8.14868690213e-06, 4.79673963127e-06, 5.51534412807e-06, 3.43785904988e-06, 1.6506570546e-06, 1.30828163947e-06, 9.33847729812e-07, 9.32908051254e-07, 8.88049385139e-07, 8.7031565954e-07, 7.21864921616e-07, 7.97042730483e-07, 7.78483013164e-07, 7.19371598734e-07, 5.78700053211e-07, 5.14799069151e-07, 3.81834041718e-07, 3.54404932068e-07, 2.61630162868e-07, 2.48582097129e-07, 2.14795960574e-07],
        "median": [0.000141742784763, 0.000113519905426, 0.000225136522204, 0.000251590856351, 0.00034851647797, 0.000205120668397, 0.000133476598421, 0.000122890094644, 0.000162730138982, 8.9695204224e-05, 4.84620941279e-05, 2.68547537416e-05, 2.3449811124e-05, 2.8831876989e-05, 1.97015924641e-05, 5.05999742018e-06, 4.72863575851e-06, 4.77032972412e-06, 3.74406067749e-06, 2.67889504357e-06, 1.54940232733e-06, 1.60183378739e-06, 9.87598014035e-07, 6.21221374786e-07, 5.82448365094e-07, 3.32690945015e-07, 2.8285333542e-07, 1.75606146513e-07, 1.61558588729e-07, 1.03690894093e-07, 8.69729532837e-08, 5.71149030293e-08, 3.62846890312e-08, 2.75583253995e-08, 2.25982255131e-08, 1.23083649939e-08, 8.16604739384e-09, 6.70785516022e-09, 4.61526283857e-09, 3.29624882944e-09],
        "min": [9.23712436841e-25, 5.75461655103e-25, 1.40835406434e-24, 1.00876594053e-24, 4.96460440193e-25, 1.95303500788e-24, 9.94349113055e-25, 1.50068885279e-24, 1.88405444652e-24, 1.6846876021e-24, 2.88585612577e-24, 1.47891579877e-24, 1.74023425667e-24, 3.5285132979e-24, 2.50421646109e-24, 3.74833767218e-24, 3.22084768411e-24, 2.44737074983e-24, 4.29919608685e-24, 3.03507685738e-24, 3.68314226267e-24, 3.50692848581e-24, 2.76744869554e-24, 1.73114460689e-24, 3.47526873667e-24, 4.62277341954e-24, 4.73889177264e-24, 4.36426685634e-24, 3.89064620733e-24, 4.56658877372e-24, 5.35332567095e-24, 4.76256509397e-24, 5.46557781675e-24, 5.56308812439e-24, 4.85406783138e-24, 5.79507555053e-24, 6.38321710931e-24, 6.23768726065e-24, 5.85467123091e-24, 6.37463982468e-24],
        "var": [1.26326322061e-05, 8.38891719468e-05, 1.18517127703e-05, 1.75560126081e-06, 5.43003898201e-06, 1.27592932131e-06, 3.79484731639e-07, 9.09097082058e-08, 1.46427652226e-07, 8.44840783998e-08, 2.38498017779e-07, 5.81204950834e-08, 1.0495900149e-08, 5.29948032124e-08, 1.03169384147e-07, 3.38263745903e-08, 1.82431836304e-09, 4.58312854335e-09, 4.21196771905e-10, 2.70575478689e-10, 8.34798341565e-11, 1.23671947683e-10, 6.50569528804e-11, 1.55040494332e-11, 5.51951193084e-12, 4.86722164308e-12, 6.31343284943e-12, 8.0180905318e-12, 7.481896179e-12, 4.86831928936e-12, 6.1841929147e-12, 7.6905348409e-12, 5.7590494873e-12, 3.5136765459e-12, 2.95866976752e-12, 1.20174497523e-12, 1.0963054466e-12, 6.75934514523e-13, 4.0909983734e-13, 4.55652876541e-13]
    },
    "mfcc": {
        "mean": [-741.571411133, 172.945953369, 3.1987388134, 0.576462686062, -9.12646198273, -1.80637204647, -7.96781158447, -4.44782400131, -5.90498447418, -5.86075639725, -5.16390943527, -0.647635877132, -1.70937395096],
        "cov": [[13282.2978516, -421.161224365, -148.002838135, 624.161376953, 446.083221436, 605.632446289, 165.34815979, 576.818359375, 587.073486328, 479.565002441, 282.302276611, 294.031188965, 156.892333984], [-421.161224365, 2736.76513672, -65.2071762085, 24.4885425568, -115.951454163, -109.39616394, -4.90262126923, -162.299377441, -266.390777588, -189.976333618, -110.179283142, -68.2885894775, -10.1567745209], [-148.002838135, -65.2071762085, 765.663757324, 171.674789429, 114.609649658, 128.031677246, 64.9568099976, 27.7296962738, -36.0424766541, -39.4290962219, -8.52550125122, -0.326278924942, 43.4455337524], [624.161376953, 24.4885425568, 171.674789429, 592.922851562, 190.058776855, 175.438644409, 74.1688842773, 70.2083969116, 44.5278930664, 50.8202400208, 76.5455245972, 90.5131072998, 54.5104484558], [446.083221436, -115.951454163, 114.609649658, 190.058776855, 255.371749878, 139.696228027, 77.539276123, 50.7942276001, 49.97631073, 40.4938049316, 55.3420257568, 56.3798561096, 18.4204959869], [605.632446289, -109.39616394, 128.031677246, 175.438644409, 139.696228027, 225.068405151, 84.2090606689, 66.7722320557, 42.6388549805, 18.6139755249, 40.8803749084, 39.2576560974, 11.7687883377], [165.34815979, -4.90262126923, 64.9568099976, 74.1688842773, 77.539276123, 84.2090606689, 156.448760986, 94.232421875, 51.4766311646, 38.1749572754, 40.1666870117, 38.3737640381, 26.9103927612], [576.818359375, -162.299377441, 27.7296962738, 70.2083969116, 50.7942276001, 66.7722320557, 94.232421875, 185.339752197, 121.541854858, 70.0108566284, 47.053855896, 33.3194007874, 21.8810195923], [587.073486328, -266.390777588, -36.0424766541, 44.5278930664, 49.97631073, 42.6388549805, 51.4766311646, 121.541854858, 217.882949829, 140.411849976, 64.5999526978, 2.95617604256, -7.3151268959], [479.565002441, -189.976333618, -39.4290962219, 50.8202400208, 40.4938049316, 18.6139755249, 38.1749572754, 70.0108566284, 140.411849976, 206.581176758, 103.476348877, 21.0339756012, -5.10205078125], [282.302276611, -110.179283142, -8.52550125122, 76.5455245972, 55.3420257568, 40.8803749084, 40.1666870117, 47.053855896, 64.5999526978, 103.476348877, 143.356918335, 77.4664001465, 13.5164308548], [294.031188965, -68.2885894775, -0.326278924942, 90.5131072998, 56.3798561096, 39.2576560974, 38.3737640381, 33.3194007874, 2.95617604256, 21.0339756012, 77.4664001465, 168.220672607, 93.400390625], [156.892333984, -10.1567745209, 43.4455337524, 54.5104484558, 18.4204959869, 11.7687883377, 26.9103927612, 21.8810195923, -7.3151268959, -5.10205078125, 13.5164308548, 93.400390625, 157.535507202]],
