{
"lowlevel": {
    "average_loudness": 0.773924171925,
    "barkbands_crest": {
        "dmean": 2.59466028214,
        "dmean2": 4.11779403687,
        "dvar": 7.52352046967,
        "dvar2": 18.1487884521,
        "max": 26.0716762543,
        "mean": 10.8588409424,
        "median": 9.71079063416,
        "min": 2.07386946678,
        "var": 25.5390720367
    },
    "barkbands_flatness_db": {
        "dmean": 0.0307991541922,
        "dmean2": 0.045743200928,
        "dvar": 0.00146610033698,
        "dvar2": 0.00307337474078,
        "max": 0.791535556316,
        "mean": 0.172076821327,
        "median": 0.146043151617,
        "min": 0.0308281295002,
        "var": 0.0106980968267
    },
    "barkbands_kurtosis": {
        "dmean": 6.14678096771,
        "dmean2": 9.97345352173,
        "dvar": 303.946258545,
        "dvar2": 763.829589844,
        "max": 342.455078125,
        "mean": 7.6730093956,
        "median": 2.15186262131,
        "min": -1.85088455677,
        "var": 343.029815674
    },
    "barkbands_skewness": {
        "dmean": 0.757599055767,
        "dmean2": 1.15800976753,
        "dvar": 1.12936031818,
        "dvar2": 2.6383395195,
        "max": 15.4831266403,
        "mean": 1.28287303448,
        "median": 1.1401720047,
        "min": -6.23011779785,
        "var": 3.50445103645
    },
    "barkbands_spread": {
        "dmean": 5.49038171768,
        "dmean2": 8.43070316315,
        "dvar": 51.3569641113,
        "dvar2": 111.773521423,
        "max": 93.0061416626,
        "mean": 17.7672328949,
        "median": 15.415058136,
        "min": 0.207051798701,
        "var": 160.420135498
    },
    "dissonance": {
        "dmean": 0.0302884262055,
        "dmean2": 0.050725273788,
        "dvar": 0.00144225242548,
        "dvar2": 0.00383977452293,
        "max": 0.500000119209,
        "mean": 0.440880984068,
        "median": 0.457472294569,
        "min": 0.0533492676914,
        "var": 0.00328689999878
    },
    "dynamic_complexity": 5.95193243027,
    "erbbands_crest": {
        "dmean": 2.96074819565,
        "dmean2": 4.41425848007,
        "dvar": 11.4220466614,
        "dvar2": 23.4896717072,
        "max": 34.4961853027,
        "mean": 13.8738632202,
        "median": 11.1725521088,
        "min": 2.27472305298,
        "var": 71.514289856
    },
    "erbbands_flatness_db": {
        "dmean": 0.0249112993479,
        "dmean2": 0.0323657430708,
        "dvar": 0.00089335872326,
        "dvar2": 0.00143500510603,
        "max": 0.63559371233,
        "mean": 0.194586709142,
        "median": 0.164616331458,
        "min": 0.0556490011513,
        "var": 0.00956771895289
    },
    "erbbands_kurtosis": {
        "dmean": 3.27036833763,
        "dmean2": 4.83434486389,
        "dvar": 122.175468445,
        "dvar2": 230.468811035,
        "max": 232.229476929,
        "mean": 5.49390411377,
        "median": 1.14419698715,
        "min": -1.75621044636,
        "var": 287.324981689
    },
    "erbbands_skewness": {
        "dmean": 0.524630010128,
        "dmean2": 0.76361733675,
        "dvar": 0.5740442276,
        "dvar2": 1.17448985577,
        "max": 10.6839256287,
        "mean": 0.322161614895,
        "median": 0.369066804647,
        "min": -6.73736572266,
        "var": 2.1969165802
    },
    "erbbands_spread": {
        "dmean": 8.36640739441,
        "dmean2": 12.0565061569,
        "dvar": 114.640487671,
        "dvar2": 244.423141479,
        "max": 162.749938965,
        "mean": 30.71443367,
        "median": 27.0023670197,
        "min": 0.354160130024,
        "var": 497.168273926
    },
    "hfc": {
        "dmean": 7.33442497253,
        "dmean2": 11.1817331314,
        "dvar": 230.156677246,
        "dvar2": 560.845214844,
        "max": 173.869262695,
        "mean": 17.9594688416,
        "median": 9.24358272552,
        "min": 1.13078461707e-16,
        "var": 505.496368408
    },
    "melbands_crest": {
        "dmean": 3.19366312027,
        "dmean2": 5.14071893692,
        "dvar": 10.7490148544,
        "dvar2": 26.5247650146,
        "max": 32.5780525208,
        "mean": 14.0713472366,
        "median": 13.2204675674,
        "min": 1.95462560654,
        "var": 29.9057540894
    },
    "melbands_flatness_db": {
        "dmean": 0.0369973964989,
        "dmean2": 0.0556143522263,
        "dvar": 0.00231917155907,
        "dvar2": 0.00491097057238,
        "max": 0.974520862103,
        "mean": 0.23548835516,
        "median": 0.212599471211,
        "min": 0.00767741678283,
        "var": 0.0163842979819
    },
    "melbands_kurtosis": {
        "dmean": 10.6819496155,
        "dmean2": 17.1353855133,
        "dvar": 723.221679688,
        "dvar2": 1805.6262207,
        "max": 433.96206665,
        "mean": 15.6315727234,
        "median": 4.95869731903,
        "min": -1.92090594769,
        "var": 1023.86029053
    },
    "melbands_skewness": {
        "dmean": 0.885769069195,
        "dmean2": 1.32552754879,
        "dvar": 1.48298931122,
        "dvar2": 3.30903959274,
        "max": 16.5439624786,
        "mean": 2.02796316147,
        "median": 1.77993452549,
        "min": -5.81221818924,
        "var": 5.51089382172
    },
    "melbands_spread": {
        "dmean": 7.15694141388,
        "dmean2": 11.213145256,
        "dvar": 111.201301575,
        "dvar2": 259.061859131,
        "max": 150.813751221,
        "mean": 21.9552631378,
        "median": 18.3202400208,
        "min": 0.251512378454,
        "var": 316.850708008
    },
    "pitch_salience": {
        "dmean": 0.079580001533,
        "dmean2": 0.129873678088,
        "dvar": 0.00764470361173,
        "dvar2": 0.0198837500066,
        "max": 0.908267199993,
        "mean": 0.53157889843,
        "median": 0.544611871243,
        "min": 0.0567774139345,
        "var": 0.0187709014863
    },
    "silence_rate_20dB": {
        "dmean": 0,
        "dmean2": 0,
        "dvar": 0,
        "dvar2": 0,
        "max": 1,
        "mean": 1,
        "median": 1,
        "min": 1,
        "var": 0
    },
    "silence_rate_30dB": {
        "dmean": 0.0255201105028,
        "dmean2": 0.0510473027825,
        "dvar": 0.0248694494367,
        "dvar2": 0.0700769051909,
        "max": 1,
        "mean": 0.985300242901,
        "median": 1,
        "min": 0,
        "var": 0.0144829778001
    },
    "silence_rate_60dB": {
        "dmean": 0.066851593554,
        "dmean2": 0.133721739054,
        "dvar": 0.0623764023185,
        "dvar2": 0.129157528281,
        "max": 1,
        "mean": 0.228817090392,
        "median": 0,
        "min": 0,
        "var": 0.176468521357
    },
    "spectral_centroid": {
        "dmean": 241.349639893,
        "dmean2": 369.4972229,
        "dvar": 135129.3125,
        "dvar2": 284451.90625,
        "max": 10786.2734375,
        "mean": 1167.04150391,
        "median": 1004.70074463,
        "min": 120.958145142,
        "var": 494275.9375
    },
    "spectral_complexity": {
        "dmean": 3.81497907639,
        "dmean2": 5.48259115219,
        "dvar": 41.745426178,
        "dvar2": 72.2857971191,
        "max": 58,
        "mean": 11.9076414108,
        "median": 9,
        "min": 0,
        "var": 105.668525696
    },
    "spectral_decrease": {
        "dmean": 3.06614267309e-09,
        "dmean2": 4.96401364458e-09,
        "dvar": 5.08441320408e-17,
        "dvar2": 1.33230103441e-16,
        "max": -1.03276356227e-28,
        "mean": -5.91056537047e-09,
        "median": -3.77473430291e-09,
        "min": -6.02654708359e-08,
        "var": 5.44113749022e-17
    },
    "spectral_energy": {
        "dmean": 0.0121173830703,
        "dmean2": 0.0195252429694,
        "dvar": 0.000747795333154,
        "dvar2": 0.00194954394829,
        "max": 0.229686796665,
        "mean": 0.023936836049,
        "median": 0.0154663836583,
        "min": 1.06463395494e-20,
        "var": 0.000840816064738
    },
    "spectral_energyband_high": {
        "dmean": 0.00048453398631,
        "dmean2": 0.000754491251428,
        "dvar": 1.61889784067e-06,
        "dvar2": 4.14656597059e-06,
        "max": 0.0120347738266,
        "mean": 0.000703704718035,
        "median": 0.000140391333844,
        "min": 7.90023562502e-21,
        "var": 2.1036016733e-06
    },
    "spectral_energyband_low": {
        "dmean": 0.00847464799881,
        "dmean2": 0.0145677337423,
        "dvar": 0.00068746379111,
        "dvar2": 0.0018662045477,
        "max": 0.223477125168,
        "mean": 0.00940855685622,
        "median": 0.000906259636395,
        "min": 1.11383461637e-22,
        "var": 0.000512133468874
    },
    "spectral_energyband_middle_high": {
        "dmean": 0.0021881822031,
        "dmean2": 0.00319336587563,
        "dvar": 1.59832979989e-05,
        "dvar2": 3.3694497688e-05,
        "max": 0.0834694951773,
        "mean": 0.00708696711808,
        "median": 0.00208654953167,
        "min": 1.60580253236e-21,
        "var": 0.000100945457234
    },
    "spectral_energyband_middle_low": {
        "dmean": 0.00378510425799,
        "dmean2": 0.00606149341911,
        "dvar": 4.4310992962e-05,
        "dvar2": 0.000110394496005,
        "max": 0.0717515423894,
        "mean": 0.00831209588796,
        "median": 0.00497557781637,
        "min": 2.17554206144e-22,
        "var": 8.47390765557e-05
    },
    "spectral_entropy": {
        "dmean": 0.256799668074,
        "dmean2": 0.367769747972,
        "dvar": 0.110797815025,
        "dvar2": 0.213023141026,
        "max": 9.78371238708,
        "mean": 7.22457790375,
        "median": 7.44292736053,
        "min": 2.89800214767,
        "var": 0.721645534039
    },
    "spectral_flux": {
        "dmean": 0.0394693166018,
        "dmean2": 0.0619517415762,
        "dvar": 0.00340785132721,
        "dvar2": 0.00695891305804,
        "max": 0.439157515764,
        "mean": 0.069823525846,
        "median": 0.0454689264297,
        "min": 1.03181102551e-10,
        "var": 0.0053884414956
    },
    "spectral_kurtosis": {
        "dmean": 9.77197265625,
        "dmean2": 16.0140380859,
        "dvar": 3068.15307617,
        "dvar2": 8809.64550781,
        "max": 1391.25073242,
        "mean": 21.2288627625,
        "median": 3.59335756302,
        "min": -1.21434152126,
        "var": 7916.20751953
    },
    "spectral_rms": {
        "dmean": 0.00100464024581,
        "dmean2": 0.00149160274304,
        "dvar": 2.94215215035e-06,
        "dvar2": 6.66610230837e-06,
        "max": 0.0149694578722,
        "mean": 0.00405192282051,
        "median": 0.00388447614387,
        "min": 3.22283606052e-12,
        "var": 6.93493211656e-06
    },
    "spectral_rolloff": {
        "dmean": 481.577941895,
        "dmean2": 818.60925293,
        "dvar": 1180962.25,
        "dvar2": 2975213.25,
        "max": 18432.421875,
        "mean": 1586.7421875,
        "median": 1055.12695312,
        "min": 86.1328125,
        "var": 4583138.5
    },
    "spectral_skewness": {
        "dmean": 0.449302315712,
        "dmean2": 0.678071796894,
        "dvar": 1.27120494843,
        "dvar2": 3.06214261055,
        "max": 31.6914634705,
        "mean": 2.37906384468,
        "median": 1.59597587585,
        "min": 0.0189645010978,
        "var": 9.12272548676
    },
    "spectral_spread": {
        "dmean": 654786.8125,
        "dmean2": 919286.4375,
        "dvar": 931758473216,
        "dvar2": 1.41415179878e+12,
        "max": 41548428,
        "mean": 4811266,
        "median": 4821179.5,
        "min": 68844.0234375,
        "var": 3.85674457907e+12
    },
    "spectral_strongpeak": {
        "dmean": 0.646855950356,
        "dmean2": 1.06849837303,
        "dvar": 1.82829403877,
        "dvar2": 4.26818084717,
        "max": 24.8346309662,
        "mean": 1.66626048088,
        "median": 0.514769732952,
        "min": 0,
        "var": 6.67921495438
    },
    "zerocrossingrate": {
        "dmean": 0.010515248403,
        "dmean2": 0.0122398817912,
        "dvar": 0.000172034633579,
        "dvar2": 0.000222138914978,
        "max": 0.73876953125,
        "mean": 0.0633180439472,
        "median": 0.05322265625,
        "min": 0.0048828125,
        "var": 0.00258989282884
    },
    "barkbands": {
        "dmean": [5.40324945177e-05, 0.00426149135455, 0.00392020586878, 0.00172016664874, 0.0012762346305, 0.000757935107686, 0.000446994934464, 0.000375347153749, 0.000327068264596, 0.00057796726469, 0.000381659570849, 0.000633477058727, 0.000436462752987, 0.000181370589416, 0.000334255717462, 0.000362165155821, 0.000257883919403, 0.000145952872117, 0.000114615861094, 0.000132592482259, 0.00015206138778, 0.000135284120915, 8.26034593047e-05, 3.48631911038e-05, 2.25129952014e-05, 2.22081180254e-05, 3.17853960041e-06],
        "dmean2": [9.13049007067e-05, 0.00753235444427, 0.00703605962917, 0.00287301046774, 0.00206228159368, 0.00125670898706, 0.00070104416227, 0.000571360229515, 0.000487438170239, 0.000833798723761, 0.000501047063153, 0.00089344981825, 0.000605313281994, 0.00028681292315, 0.000540770357475, 0.000548726704437, 0.000418288866058, 0.000240619163378, 0.000186260382179, 0.000217564316699, 0.000241375892074, 0.000217436361709, 0.000134414745844, 5.50878576178e-05, 3.36938683176e-05, 3.47430504917e-05, 5.08424591317e-06],
        "dvar": [3.30597700327e-08, 0.000226711505093, 0.000158549068146, 1.39104131449e-05, 7.43801911085e-06, 2.58043246504e-06, 7.56796623591e-07, 5.45279874586e-07, 5.08519065079e-07, 3.43574606632e-06, 2.00035356102e-06, 5.58232250114e-06, 3.2175207707e-06, 8.21781839022e-07, 3.91854609916e-06, 2.41710063165e-06, 5.95247911406e-07, 1.71181653741e-07, 1.23231330917e-07, 1.44871250995e-07, 1.67831032627e-07, 1.55098859977e-07, 5.43145688425e-08, 6.7670189452e-09, 1.85724124968e-09, 2.1666826111e-09, 1.16607404288e-10],
        "dvar2": [8.87354403289e-08, 0.000629710091744, 0.000451288215118, 3.68503060599e-05, 1.92017050722e-05, 7.05630009179e-06, 1.72996499259e-06, 1.10731230052e-06, 9.47460705447e-07, 6.06389812674e-06, 3.0611611237e-06, 9.18511250347e-06, 5.03650744577e-06, 1.33553055548e-06, 7.68808058638e-06, 3.87500176657e-06, 1.49799745941e-06, 4.37550340848e-07, 3.22567217381e-07, 3.74717870955e-07, 4.30360245218e-07, 4.05778052937e-07, 1.43710110478e-07, 1.72434013734e-08, 4.38819114379e-09, 5.21846166279e-09, 2.77671885485e-10],
        "max": [0.00311489077285, 0.146921932697, 0.123626738787, 0.0504048839211, 0.0459784455597, 0.0251056812704, 0.0167165212333, 0.0118561917916, 0.0139375086874, 0.0350239872932, 0.0267557986081, 0.038911215961, 0.0488908141851, 0.0455811135471, 0.052561480552, 0.0820966139436, 0.0122846076265, 0.00667898822576, 0.00480855163187, 0.00426482316107, 0.00499156583101, 0.00641296571121, 0.00265226373449, 0.00104372389615, 0.000424174271757, 0.000433665351011, 0.000150400286657],
        "mean": [5.43960377399e-05, 0.00389893003739, 0.00398181099445, 0.00244881771505, 0.00225054263137, 0.00116314704064, 0.000867096008733, 0.000743884418625, 0.000652063230518, 0.00150465755723, 0.000875276513398, 0.00151533808094, 0.00107456289697, 0.000256462604739, 0.000631431001239, 0.000589461240452, 0.000355321419192, 0.000171165680513, 0.000133082561661, 0.000162205440574, 0.000207760138437, 0.000177633846761, 0.000106587191112, 5.46931223653e-05, 3.46761516994e-05, 2.27827804338e-05, 3.09548863697e-06],
        "median": [3.27288580593e-06, 0.000122954981634, 0.000401898229029, 0.000418595329393, 0.00111545843538, 0.000489446741994, 0.000285004440229, 0.000150751875481, 0.000138281538966, 0.000156211346621, 4.31249354733e-05, 4.99182424392e-05, 6.3872357714e-05, 2.59523731074e-05, 3.27114867105e-05, 2.97774768114e-05, 3.00163210341e-05, 2.36025407503e-05, 2.1285866751e-05, 2.27720684052e-05, 3.08261041937e-05, 2.14795691136e-05, 1.64219818544e-05, 1.49443321789e-05, 1.28805368149e-05, 4.05502078138e-06, 2.31978845022e-07],
        "min": [6.34467762533e-23, 3.79198558273e-23, 3.75130055486e-23, 4.08288624568e-23, 2.82262004953e-23, 8.22065796216e-24, 4.54356176612e-23, 1.89905988256e-23, 6.26840992192e-23, 8.6719643394e-23, 2.00059700957e-23, 1.06783115139e-22, 3.3095794687e-23, 1.31232868087e-22, 2.15836205931e-22, 2.17889087064e-22, 1.37539829957e-22, 2.25518066215e-22, 3.11326139812e-22, 3.77649121859e-22, 5.25172598727e-22, 6.23595782511e-22, 6.89531175107e-22, 7.84916550208e-22, 1.30440303953e-21, 1.51356573464e-21, 2.38636214699e-21],
        "var": [2.65442352543e-08, 0.000148001636262, 0.000105992468889, 1.88502363017e-05, 1.29378522615e-05, 4.13928773924e-06, 2.06302365768e-06, 1.77162485215e-06, 1.66117115441e-06, 1.71195824805e-05, 7.36835590942e-06, 2.36647047132e-05, 2.05630803976e-05, 2.44923239734e-06, 1.41310229083e-05, 9.16453245736e-06, 1.03936815776e-06, 2.06408259373e-07, 1.14383105654e-07, 1.49591173226e-07, 2.20868585643e-07, 2.14346130178e-07, 5.6716196184e-08, 9.17312092952e-09, 2.75741318667e-09, 2.19983520289e-09, 1.12167372612e-10]
    },
    "erbbands": {
        "dmean": [0.0594286769629, 1.18335318565, 4.32988882065, 5.23647022247, 5.25505018234, 3.66872119904, 4.29006385803, 6.69980096817, 6.97705888748, 6.46198749542, 7.71835851669, 8.41694164276, 8.20323848724, 18.9477787018, 18.6956119537, 27.9912662506, 21.7810401917, 9.25287914276, 16.8933162689, 16.0579605103, 16.6848258972, 12.6301345825, 8.17513465881, 6.59563541412, 5.82456970215, 6.48420524597, 6.32832336426, 5.61923980713, 5.07532501221, 3.71654891968, 2.02076554298, 1.08584284782, 0.419006764889, 0.246761992574, 0.170719668269, 0.0989709347486, 0.0421300083399, 0.00756576750427, 0.000500624475535, 2.18354507524e-05],
        "dmean2": [0.102422900498, 2.10143470764, 7.71368312836, 8.91672992706, 8.80850505829, 5.74371051788, 6.71404266357, 11.373462677, 11.133351326, 10.2442169189, 11.4882707596, 12.2518367767, 12.6037979126, 26.8361091614, 24.2257175446, 38.8779029846, 29.9395713806, 14.3714542389, 27.070482254, 25.6141853333, 25.9603862762, 20.6723823547, 13.2363862991, 10.815779686, 9.62274551392, 10.6354856491, 10.0722808838, 9.01086139679, 8.18563652039, 5.9157948494, 3.24827885628, 1.77196860313, 0.650185465813, 0.368688166142, 0.258902966976, 0.154269069433, 0.0666460990906, 0.011754443869, 0.000795913976617, 3.4073687857e-05],
        "dvar": [0.0406156219542, 17.4711742401, 200.763916016, 174.67640686, 135.666641235, 60.6395492554, 64.9858169556, 245.33821106, 217.032058716, 159.035766602, 268.85824585, 342.728790283, 727.056640625, 4376.24462891, 4258.77441406, 10827.5537109, 7223.17626953, 2176.796875, 14384.1230469, 3687.71777344, 3104.13671875, 1420.17224121, 489.019042969, 380.768249512, 312.943054199, 351.54989624, 309.116546631, 231.768798828, 226.567245483, 110.849685669, 29.8981075287, 8.55836677551, 0.737962543964, 0.223193913698, 0.116533182561, 0.0386891514063, 0.00840548984706, 0.000404280755902, 3.15169313581e-06, 1.78061487777e-09],
        "dvar2": [0.111797168851, 48.5827445984, 565.319702148, 477.731140137, 368.060089111, 143.693756104, 161.759246826, 687.529968262, 526.815307617, 373.124725342, 492.057220459, 608.709777832, 1468.50109863, 7471.39501953, 6684.19873047, 18107.1210938, 11323.4335938, 3470.08056641, 27230.6328125, 6704.453125, 5577.38818359, 3642.01464844, 1224.93530273, 994.383117676, 826.399108887, 914.906188965, 802.061218262, 593.365661621, 598.613647461, 290.128112793, 77.7749633789, 22.7218799591, 1.75367712975, 0.511828422546, 0.288246393204, 0.0936744809151, 0.0204089321196, 0.000967058702372, 7.49316404836e-06, 4.28998880864e-09],
        "max": [2.13744664192, 38.715221405, 129.087905884, 193.518463135, 176.140197754, 184.138977051, 246.654251099, 157.029281616, 244.538742065, 212.328735352, 325.200469971, 334.645629883, 839.310241699, 1283.1973877, 1354.45544434, 1979.6619873, 2422.63208008, 2456.73535156, 3218.21923828, 2852.13452148, 2347.97192383, 673.587463379, 430.978393555, 277.241363525, 205.290374756, 218.17414856, 215.180007935, 176.347839355, 227.667694092, 136.388366699, 70.9471588135, 35.7061729431, 10.1487255096, 5.9120221138, 3.20912981033, 1.7072302103, 0.922555565834, 0.22918318212, 0.0241035502404, 0.000388183863834],
        "mean": [0.0609879232943, 1.07421219349, 4.3207950592, 7.16376638412, 7.49773025513, 7.22429037094, 8.38602638245, 9.46291828156, 13.0423202515, 12.6433258057, 16.2753696442, 18.0457057953, 18.5368537903, 50.5855293274, 49.6547813416, 75.5570831299, 59.8475151062, 16.7021560669, 34.4331588745, 27.27460289, 27.2594127655, 17.4455375671, 10.5318078995, 7.92421531677, 6.57644510269, 7.95419883728, 8.75688934326, 7.48906898499, 6.46216249466, 4.87178993225, 2.72005534172, 1.49170029163, 0.739641547203, 0.429926395416, 0.225135147572, 0.105062827468, 0.04125886783, 0.0081148436293, 0.000492953637149, 3.74316659872e-05],
        "median": [0.00156760099344, 0.0427910275757, 0.401209205389, 1.20553898811, 2.69468998909, 3.6239759922, 4.08093357086, 3.72886872292, 4.15186834335, 4.30659532547, 3.5355257988, 4.3394446373, 3.9710278511, 5.6309800148, 4.92532968521, 3.92411971092, 4.22732067108, 2.59716796875, 1.86551141739, 1.85869503021, 1.72977256775, 1.62283492088, 1.50532054901, 1.1836745739, 1.15063357353, 1.12417030334, 1.22944974899, 1.06533455849, 0.773764610291, 0.660185456276, 0.431355684996, 0.343162596226, 0.220424711704, 0.162127539515, 0.0748889446259, 0.0231303069741, 0.00616996502504, 0.00109542673454, 4.72969295515e-05, 2.29453198699e-05],
        "min": [1.12530207909e-21, 9.45087130937e-21, 3.48755082071e-20, 9.70184889321e-20, 1.07534319737e-19, 1.12731249957e-19, 6.25448838739e-20, 1.04251427294e-19, 6.20727085008e-19, 4.07192684624e-19, 6.61722879949e-19, 1.34440930835e-18, 2.29626020469e-18, 1.72706254273e-18, 1.800871662e-18, 4.46417010245e-18, 1.8386862237e-18, 5.08416223748e-18, 1.20629527167e-17, 8.01627100916e-18, 1.40170271203e-17, 7.94917011787e-18, 1.20634515066e-17, 1.72275863929e-17, 1.23229976218e-17, 1.8287628274e-17, 1.68826322251e-17, 2.76415371877e-17, 2.22764536608e-17, 2.5486021971e-17, 1.6585563543e-17, 1.48933918921e-17, 1.56156198285e-17, 1.27875472169e-17, 8.93788917789e-18, 6.89879466935e-18, 2.65001722854e-18, 1.20141842157e-18, 3.28336755498e-19, 3.4709745736e-20],
        "var": [0.0287042744458, 11.3379850388, 134.478042603, 180.473495483, 150.097961426, 153.226989746, 252.466217041, 262.642547607, 513.865234375, 375.437774658, 1044.86560059, 1186.11865234, 2278.91210938, 21309.2324219, 18428.4179688, 51432.5351562, 52465.7070312, 6956.08007812, 49399.6367188, 14984.1699219, 9929.77929688, 2340.33251953, 663.36505127, 376.042297363, 277.663513184, 365.613952637, 406.588928223, 293.583526611, 276.65145874, 134.318313599, 33.7562484741, 9.02946090698, 1.36714303493, 0.402069151402, 0.138019770384, 0.0405653268099, 0.00818910822272, 0.000412819121266, 2.96470102512e-06, 2.15262052627e-09]
    },
    "gfcc": {
        "mean": [-74.7171020508, 89.9281997681, -102.046676636, 18.8389511108, -63.8920059204, 11.0458860397, -38.3095474243, -0.161537334323, -29.1825675964, -2.26656770706, -19.142080307, -1.19484138489, -14.1701622009],
        "cov": [[27260.7265625, -605.646240234, -1304.55712891, 2578.85083008, -1465.74230957, 1528.61694336, 68.6864242554, 298.655853271, -550.511901855, 51.8917999268, -846.069335938, 147.955429077, -69.7304611206], [-605.646240234, 3134.36401367, 1136.90942383, -594.738342285, 53.815032959, 29.1479225159, 393.868743896, -179.141601562, 107.516784668, -239.51385498, 255.705444336, -206.519760132, 127.482818604], [-1304.55712891, 1136.90942383, 1834.41162109, -38.4282264709, 51.9699516296, -132.647171021, 121.054412842, 15.4978733063, -24.5245552063, 12.8758573532, 61.8198928833, -76.2250137329, -24.9348526001], [2578.85083008, -594.738342285, -38.4282264709, 1021.49609375, -39.7230529785, 81.5206451416, -103.797973633, 147.737106323, 16.3261375427, 64.3925094604, -180.986541748, -0.559267103672, -24.7854557037], [-1465.74230957, 53.815032959, 51.9699516296, -39.7230529785, 541.428588867, 60.6986732483, 68.2301101685, -14.4827690125, 104.857643127, 57.8106575012, 57.4363327026, -3.70775651932, -15.5645389557], [1528.61694336, 29.1479225159, -132.647171021, 81.5206451416, 60.6986732483, 377.73727417, 139.679824829, 4.54379272461, -74.3049316406, 10.1170091629, 46.2541732788, 11.6158256531, -5.26582622528], [68.6864242554, 393.868743896, 121.054412842, -103.797973633, 68.2301101685, 139.679824829, 255.956481934, 43.8941574097, -2.58119869232, -51.226852417, 58.1359100342, 9.65329265594, 16.8059272766], [298.655853271, -179.141601562, 15.4978733063, 147.737106323, -14.4827690125, 4.54379272461, 43.8941574097, 188.655670166, 67.0187988281, 3.70614552498, -93.7946548462, 12.1066045761, 4.37399339676], [-550.511901855, 107.516784668, -24.5245552063, 16.3261375427, 104.857643127, -74.3049316406, -2.58119869232, 67.0187988281, 219.155960083, 41.7008476257, -41.9826774597, -50.6978607178, 12.0777730942], [51.8917999268, -239.51385498, 12.8758573532, 64.3925094604, 57.8106575012, 10.1170091629, -51.226852417, 3.70614552498, 41.7008476257, 154.519180298, 31.5860443115, -6.47831249237, -64.5815963745], [-846.069335938, 255.705444336, 61.8198928833, -180.986541748, 57.4363327026, 46.2541732788, 58.1359100342, -93.7946548462, -41.9826774597, 31.5860443115, 241.32522583, 17.8166751862, -17.3782939911], [147.955429077, -206.519760132, -76.2250137329, -0.559267103672, -3.70775651932, 11.6158256531, 9.65329265594, 12.1066045761, -50.6978607178, -6.47831249237, 17.8166751862, 122.40737915, 27.1463661194], [-69.7304611206, 127.482818604, -24.9348526001, -24.7854557037, -15.5645389557, -5.26582622528, 16.8059272766, 4.37399339676, 12.0777730942, -64.5815963745, -17.3782939911, 27.1463661194, 109.776504517]],
        "icov": [[0.000150491643581, -0.000240727094933, 0.000156245936523, -0.000298534694593, 0.000394017610233, -0.000567898561712, 5.58576830372e-05, 0.00010851391562, 0.000219523615669, -0.000521406705957, 0.000729365739971, -0.00054603908211, 0.000278578867437], [-0.000240727094933, 0.00149154558312, -0.000867751019541, 0.000615680823103, -0.000291009549983, 0.000617394922301, -0.00113227346446, 0.00112740602344, -0.00177679827902, 0.00240206858143, -0.00193053216208, 0.00208277162164, -0.00103838532232], [0.000156245936523, -0.000867751019541, 0.00120589451399, -0.00048357952619, 8.44285968924e-05, 0.00029393931618, -0.000136181275593, -0.000797993910965, 0.00175140192732, -0.00196447805502, 0.00105558126234, -0.000433330336818, 0.000276269420283], [-0.000298534694593, 0.000615680823103, -0.00048357952619, 0.00203040870838, -0.000760218827054, 0.000363185885362, 0.000736958172638, -0.00108336552512, -0.00045203382615, 0.000886255002115, -0.000865866604727, 0.00121411005966, -0.000582240405492], [0.000394017610233, -0.000291009549983, 8.44285968924e-05, -0.000760218827054, 0.0035734300036, -0.00214506057091, -0.000693656154908, 0.00170394044835, -0.00175597541966, -0.00121228280477, 0.0015664936509, -0.00198268727399, 0.0010961110238], [-0.000567898561712, 0.000617394922301, 0.00029393931618, 0.000363185885362, -0.00214506057091, 0.00732414796948, -0.00364747666754, -0.000641982245725, 0.00253370590508, -0.000897434132639, -0.00257464777678, 0.00340248178691, -0.0023534654174], [5.58576830372e-05, -0.00113227346446, -0.000136181275593, 0.000736958172638, -0.000693656154908, -0.00364747666754, 0.00978694949299, -0.00454938784242, -0.000187984202057, 0.0028171215672, -0.00138030026574, -0.00220531155355, 0.00190032424871], [0.00010851391562, 0.00112740602344, -0.000797993910965, -0.00108336552512, 0.00170394044835, -0.000641982245725, -0.00454938784242, 0.0118203125894, -0.00507250381634, 0.000818354601506, 0.00321509339847, -0.00214240001515, 0.000848395226058], [0.000219523615669, -0.00177679827902, 0.00175140192732, -0.00045203382615, -0.00175597541966, 0.00253370590508, -0.000187984202057, -0.00507250381634, 0.0122604425997, -0.00736870756373, 0.00248650368303, 0.00314297247678, -0.00346547341906], [-0.000521406705957, 0.00240206858143, -0.00196447805502, 0.000886255002115, -0.00121228280477, -0.000897434132639, 0.0028171215672, 0.000818354601506, -0.00736870756373, 0.0173099413514, -0.00628902344033, 0.000707129307557, 0.00577807053924], [0.000729365739971, -0.00193053216208, 0.00105558126234, -0.000865866604727, 0.0015664936509, -0.00257464777678, -0.00138030026574, 0.00321509339847, 0.00248650368303, -0.00628902344033, 0.0112760774791, -0.00477349292487, 0.00192338484339], [-0.00054603908211, 0.00208277162164, -0.000433330336818, 0.00121411005966, -0.00198268727399, 0.00340248178691, -0.00220531155355, -0.00214240001515, 0.00314297247678, 0.000707129307557, -0.00477349292487, 0.0156319141388, -0.00683582434431], [0.000278578867437, -0.00103838532232, 0.000276269420283, -0.000582240405492, 0.0010961110238, -0.0023534654174, 0.00190032424871, 0.000848395226058, -0.00346547341906, 0.00577807053924, 0.00192338484339, -0.00683582434431, 0.0159167442471]]
    },
    "melbands": {
        "dmean": [0.000871101918165, 0.00206914520822, 0.000900514074601, 0.000325215602061, 0.000142761011375, 0.000148750739754, 0.000103123908048, 7.08385268808e-05, 6.36090626358e-05, 4.97659966641e-05, 4.30557774962e-05, 8.36784820422e-05, 5.25626674062e-05, 5.89907431277e-05, 7.56879599066e-05, 3.00029259961e-05, 1.81913892447e-05, 2.60855249508e-05, 1.94385447685e-05, 2.93957564281e-05, 1.7948270397e-05, 1.50047608258e-05, 9.38320954447e-06, 7.33296610633e-06, 5.29950193595e-06, 4.3752329475e-06, 4.33386912846e-06, 4.40241637989e-06, 4.0118875404e-06, 3.7970894482e-06, 3.26143367602e-06, 3.0816263461e-06, 2.46344529842e-06, 2.00773570214e-06, 1.24030316329e-06, 9.02401382064e-07, 5.70630277252e-07, 2.99818708527e-07, 2.55501731772e-07, 2.0141628454e-07],
        "dmean2": [0.00152758287732, 0.00365300802514, 0.00152712583076, 0.000527427357156, 0.000221691487241, 0.000250807119301, 0.000163467935636, 0.000112112800707, 9.43490958889e-05, 7.31104446459e-05, 6.62082165945e-05, 0.000119178002933, 7.02020115568e-05, 7.7876917203e-05, 0.000109936656372, 4.17006376665e-05, 2.87377170025e-05, 4.13449997723e-05, 3.20789513353e-05, 4.46720150649e-05, 2.84156540147e-05, 2.46764539042e-05, 1.47972268678e-05, 1.2201440768e-05, 8.71096290211e-06, 7.21308242646e-06, 7.2737402661e-06, 7.20998150427e-06, 6.52217886454e-06, 6.04609977017e-06, 5.31707610207e-06, 5.08325592818e-06, 3.95334518544e-06, 3.28426813212e-06, 2.01117586585e-06, 1.50105074681e-06, 9.38687776397e-07, 4.71259397727e-07, 3.95118206598e-07, 3.02242142425e-07],
        "dvar": [9.32165494305e-06, 4.65728044219e-05, 4.56596080767e-06, 4.79527386688e-07, 7.63249943248e-08, 1.16656153182e-07, 4.55700899238e-08, 1.97696827797e-08, 1.72707412815e-08, 1.27489379054e-08, 1.9005840457e-08, 9.03335362068e-08, 3.57084992686e-08, 3.854490771e-08, 7.33186169555e-08, 1.3803745702e-08, 1.18423395534e-08, 3.25144888791e-08, 6.93419144326e-09, 2.08529247203e-08, 2.82943557472e-09, 2.2621666762e-09, 6.64996946398e-10, 4.49483283926e-10, 2.52998622052e-10, 1.93479232635e-10, 1.8475376784e-10, 1.54077597903e-10, 1.44057987761e-10, 9.95262067205e-11, 8.07687111637e-11, 8.83813369712e-11, 4.82199558061e-11, 3.53682604037e-11, 1.09166946316e-11, 6.49950059051e-12, 2.26884288267e-12, 3.72853766091e-13, 2.4358168477e-13, 1.46362333061e-13],
        "dvar2": [2.58786822087e-05, 0.000129413747345, 1.24763655549e-05, 1.25854376165e-06, 1.84062116659e-07, 3.24825123243e-07, 1.08067929716e-07, 4.59684024179e-08, 3.19491881839e-08, 2.284707179e-08, 3.83844636076e-08, 1.53759160071e-07, 5.71327518628e-08, 6.40481445657e-08, 1.29086771494e-07, 2.08298178705e-08, 1.89619751012e-08, 6.12818595869e-08, 1.43639553585e-08, 3.33816316811e-08, 5.95901594735e-09, 5.72624880846e-09, 1.54825718912e-09, 1.14294074205e-09, 6.58801069253e-10, 5.15120390787e-10, 4.91867935271e-10, 3.96656318902e-10, 3.83234916024e-10, 2.46789089164e-10, 2.10785652821e-10, 2.37236313927e-10, 1.22666821145e-10, 9.47727243905e-11, 2.8255958337e-11, 1.74140268178e-11, 6.06160304242e-12, 9.00791268833e-13, 5.70060112396e-13, 3.37084635378e-13],
        "max": [0.0308358334005, 0.060984633863, 0.0290719661862, 0.0105666965246, 0.00912045314908, 0.00344086927362, 0.00378936412744, 0.00249715428799, 0.00244724447839, 0.00211148173548, 0.00415043905377, 0.00572934420779, 0.00367443240248, 0.00442794896662, 0.00564505020157, 0.00302314967848, 0.00564924068749, 0.00485606119037, 0.00252499617636, 0.00794757716358, 0.00130678270943, 0.00093540531816, 0.000644883490168, 0.000472270970931, 0.000242836860707, 0.00021224997181, 0.000134819099912, 0.000144232864841, 0.000168111189851, 0.000146656690049, 0.000101887249912, 0.000153443324962, 0.000136141170515, 8.00809066277e-05, 3.99665950681e-05, 3.56645214197e-05, 2.04139578273e-05, 7.81992366683e-06, 7.23063249097e-06, 4.67638210466e-06],
        "mean": [0.000823126581963, 0.00203918595798, 0.00125159567688, 0.000545234419405, 0.000297266873531, 0.000211654085433, 0.00019486961537, 0.000138963529025, 0.000134968067869, 0.000102824749774, 9.59372919169e-05, 0.000215520441998, 0.000123754318338, 0.000173093314515, 0.000206145705306, 7.10275417077e-05, 2.71233166131e-05, 5.18869455846e-05, 3.20218641718e-05, 5.06717551616e-05, 2.68110579782e-05, 1.95508346224e-05, 1.20144013636e-05, 8.57855047798e-06, 6.11354380453e-06, 4.84329393657e-06, 4.57550004285e-06, 5.45987950318e-06, 5.33079492016e-06, 5.2759251048e-06, 4.10882284996e-06, 3.70404859495e-06, 3.26385134031e-06, 2.49360164162e-06, 1.64611583386e-06, 1.14978956844e-06, 7.89547073055e-07, 5.07463937538e-07, 4.45367220436e-07, 3.34585479322e-07],
        "median": [2.34453618759e-05, 0.00015765200078, 0.000244329683483, 0.000258604733972, 0.000151015003212, 8.26848117867e-05, 6.13123193034e-05, 4.45677069365e-05, 2.89759937004e-05, 2.17001997953e-05, 1.7506587028e-05, 1.59257924679e-05, 8.22158290248e-06, 6.33243007542e-06, 7.82483220974e-06, 5.49336391487e-06, 2.82857422462e-06, 2.44653892878e-06, 2.14740680349e-06, 2.5222725526e-06, 1.71589204001e-06, 1.61704213042e-06, 1.40119107073e-06, 1.11513406864e-06, 8.88059844328e-07, 7.87669932834e-07, 7.70974963871e-07, 7.02805152741e-07, 7.13414408438e-07, 7.49537832689e-07, 5.52512346985e-07, 4.34355712287e-07, 3.83771833867e-07, 3.49939170974e-07, 2.5588744279e-07, 2.19830354808e-07, 1.91648240389e-07, 1.35590383366e-07, 1.6716020923e-07, 1.21646237972e-07],
        "min": [1.32796655458e-23, 1.64466801785e-23, 1.8294444854e-23, 7.11424977701e-24, 2.79911081126e-24, 2.82090782693e-24, 9.16371277536e-24, 3.7825785742e-24, 6.04561461859e-24, 8.94234893902e-24, 1.23760309009e-23, 8.25023709066e-24, 3.5817574647e-24, 1.36557896923e-23, 6.26635446595e-24, 3.3622423239e-24, 1.01099395983e-23, 2.04689020739e-23, 1.22847423393e-23, 1.22784424961e-23, 1.55465646421e-23, 7.96887643818e-24, 7.59134338616e-24, 1.23494029011e-23, 1.49688029151e-23, 8.44151061663e-24, 8.15584593905e-24, 1.34324852581e-23, 1.12175231862e-23, 8.5027680325e-24, 2.00086238238e-23, 1.22178627117e-23, 1.2402504284e-23, 1.41329495657e-23, 1.00674807378e-23, 8.26352071944e-24, 9.38387912084e-24, 1.02566196061e-23, 1.31012354643e-23, 9.54773657491e-24],
        "var": [6.1824966906e-06, 3.14681892633e-05, 4.7364146667e-06, 6.91340972026e-07, 3.0678390317e-07, 1.35431747594e-07, 1.14853676791e-07, 4.85614499723e-08, 6.81834251282e-08, 4.38072689235e-08, 6.22580600407e-08, 4.2713358539e-07, 1.34341931357e-07, 2.46322485964e-07, 3.91896520568e-07, 8.28715656098e-08, 3.53260531938e-08, 1.11372735034e-07, 2.31481056545e-08, 8.86621407403e-08, 6.63624977193e-09, 3.93322530101e-09, 9.59860968486e-10, 5.94230831208e-10, 2.44695985696e-10, 1.66163985349e-10, 1.53507484502e-10, 1.80836901009e-10, 1.63929772534e-10, 1.58558860486e-10, 9.27509041793e-11, 9.70725305693e-11, 7.56105525412e-11, 3.61395774418e-11, 1.26267130432e-11, 6.40336221547e-12, 2.45037345449e-12, 6.88112761216e-13, 4.51791897079e-13, 2.56743600989e-13]
    },
    "mfcc": {
        "mean": [-712.122924805, 117.708641052, 17.2835350037, 15.7387733459, -3.28825092316, 4.30251836777, -2.73076725006, 0.019399818033, -3.14928388596, -5.86374664307, -4.82772016525, -1.23115503788, -3.27221488953],
        "cov": [[16682.140625, -219.725646973, -1268.19128418, 490.307739258, -159.434539795, 620.936462402, -171.521972656, 264.694732666, 337.72064209, 127.673301697, -96.412727356, 137.077606201, 109.501914978], [-219.725646973, 2320.7578125, 644.861450195, -189.106872559, -63.2672348022, 11.565656662, 261.110443115, 100.880455017, -59.0008239746, -35.1928596497, 104.651359558, 48.0055427551, 11.6083517075], [-1268.19128418, 644.861450195, 1097.21960449, 239.036483765, 44.5746231079, -73.8345718384, 130.19078064, -39.0018997192, -46.7138748169, 10.8790159225, 73.3272705078, 3.26465630531, -4.45121431351], [490.307739258, -189.106872559, 239.036483765, 525.634643555, 205.243972778, 25.4055938721, -91.9301757812, 2.46000266075, 80.8269958496, 74.4589691162, 21.2905082703, -14.2606449127, -25.8106842041], [-159.434539795, -63.2672348022, 44.5746231079, 205.243972778, 298.673187256, 113.901557922, 7.97907018661, -15.3675956726, 43.5958900452, 49.1198387146, 32.0867004395, 17.0953788757, -11.0155515671], [620.936462402, 11.565656662, -73.8345718384, 25.4055938721, 113.901557922, 237.966506958, 126.931983948, 36.9277496338, 14.5567808151, 10.6157493591, 29.7787036896, 59.5194969177, 37.7428817749], [-171.521972656, 261.110443115, 130.19078064, -91.9301757812, 7.97907018661, 126.931983948, 292.140228271, 87.4488143921, -49.6145858765, -48.3978843689, 30.0979061127, 68.8014297485, 51.0308418274], [264.694732666, 100.880455017, -39.0018997192, 2.46000266075, -15.3675956726, 36.9277496338, 87.4488143921, 177.050430298, 100.75856781, 6.31029367447, -27.4447689056, 0.944806516171, 25.0480995178], [337.72064209, -59.0008239746, -46.7138748169, 80.8269958496, 43.5958900452, 14.5567808151, -49.6145858765, 100.75856781, 217.255889893, 105.668106079, -23.3565769196, -46.6475524902, -23.3542346954], [127.673301697, -35.1928596497, 10.8790159225, 74.4589691162, 49.1198387146, 10.6157493591, -48.3978843689, 6.31029367447, 105.668106079, 147.021530151, 59.1046562195, -15.2551364899, -40.2370796204], [-96.412727356, 104.651359558, 73.3272705078, 21.2905082703, 32.0867004395, 29.7787036896, 30.0979061127, -27.4447689056, -23.3565769196, 59.1046562195, 136.816726685, 69.7973632812, -7.11109828949], [137.077606201, 48.0055427551, 3.26465630531, -14.2606449127, 17.0953788757, 59.5194969177, 68.8014297485, 0.944806516171, -46.6475524902, -15.2551364899, 69.7973632812, 131.270828247, 61.5800552368], [109.501914978, 11.6083517075, -4.45121431351, -25.8106842041, -11.0155515671, 37.7428817749, 51.0308418274, 25.0480995178, -23.3542346954, -40.2370796204, -7.11109828949, 61.5800552368, 103.160934448]],
