{
"lowlevel": {
    "average_loudness": 0.928914487362,
    "barkbands_crest": {
        "dmean": 2.97721791267,
        "dmean2": 4.59766578674,
        "dvar": 6.79829454422,
        "dvar2": 15.4618749619,
        "max": 26.1711902618,
        "mean": 12.7817373276,
        "median": 12.1626739502,
        "min": 2.79947781563,
        "var": 24.0174484253
    },
    "barkbands_flatness_db": {
        "dmean": 0.032321959734,
        "dmean2": 0.0452932976186,
        "dvar": 0.00116102409083,
        "dvar2": 0.00231267535128,
        "max": 0.544145524502,
        "mean": 0.217590242624,
        "median": 0.204116255045,
        "min": 0.0360751971602,
        "var": 0.00751826260239
    },
    "barkbands_kurtosis": {
        "dmean": 6.3440451622,
        "dmean2": 9.0547952652,
        "dvar": 447.643127441,
        "dvar2": 823.799316406,
        "max": 1078.08117676,
        "mean": 9.9891872406,
        "median": 4.18812608719,
        "min": -1.89594864845,
        "var": 800.394104004
    },
    "barkbands_skewness": {
        "dmean": 0.728718519211,
        "dmean2": 1.00877130032,
        "dvar": 0.737347304821,
        "dvar2": 1.27840352058,
        "max": 29.0980243683,
        "mean": 1.88095378876,
        "median": 1.64096784592,
        "min": -4.84207820892,
        "var": 3.12219548225
    },
    "barkbands_spread": {
        "dmean": 4.35088825226,
        "dmean2": 6.56064271927,
        "dvar": 40.5989646912,
        "dvar2": 92.0109939575,
        "max": 98.3997650146,
        "mean": 13.3229064941,
        "median": 10.7207689285,
        "min": 0.298402547836,
        "var": 111.736183167
    },
    "dissonance": {
        "dmean": 0.0268158037215,
        "dmean2": 0.0441746637225,
        "dvar": 0.000776839442551,
        "dvar2": 0.0020545120351,
        "max": 0.500000059605,
        "mean": 0.438916176558,
        "median": 0.452167570591,
        "min": 0.106442913413,
        "var": 0.00232887989841
    },
    "dynamic_complexity": 4.10975790024,
    "erbbands_crest": {
        "dmean": 3.04000782967,
        "dmean2": 4.67768478394,
        "dvar": 9.48589801788,
        "dvar2": 20.3911399841,
        "max": 34.0315475464,
        "mean": 13.6169567108,
        "median": 11.8960552216,
        "min": 2.65294528008,
        "var": 43.1862716675
    },
    "erbbands_flatness_db": {
        "dmean": 0.0239319074899,
        "dmean2": 0.0333921685815,
        "dvar": 0.000718489580322,
        "dvar2": 0.00138668296859,
        "max": 0.558746039867,
        "mean": 0.214258760214,
        "median": 0.202064186335,
        "min": 0.057850189507,
        "var": 0.00568371778354
    },
    "erbbands_kurtosis": {
        "dmean": 2.17881321907,
        "dmean2": 3.28116869926,
        "dvar": 20.6935539246,
        "dvar2": 43.7828483582,
        "max": 124.54082489,
        "mean": 3.06655478477,
        "median": 0.604854345322,
        "min": -1.81244921684,
        "var": 54.4204483032
    },
    "erbbands_skewness": {
        "dmean": 0.490621864796,
        "dmean2": 0.723433792591,
        "dvar": 0.263865739107,
        "dvar2": 0.566277265549,
        "max": 9.40915203094,
        "mean": 0.785316467285,
        "median": 0.599367916584,
        "min": -4.35686206818,
        "var": 1.61651098728
    },
    "erbbands_spread": {
        "dmean": 7.1875743866,
        "dmean2": 10.5788822174,
        "dvar": 77.7177810669,
        "dvar2": 166.782089233,
        "max": 128.7212677,
        "mean": 29.0663166046,
        "median": 24.7890148163,
        "min": 0.382937371731,
        "var": 350.41418457
    },
    "hfc": {
        "dmean": 6.07699394226,
        "dmean2": 9.20932102203,
        "dvar": 170.895431519,
        "dvar2": 438.276092529,
        "max": 206.004882812,
        "mean": 14.6896467209,
        "median": 10.6051893234,
        "min": 1.14659832515e-16,
        "var": 257.927185059
    },
    "melbands_crest": {
        "dmean": 3.55441784859,
        "dmean2": 5.64412736893,
        "dvar": 9.5494594574,
        "dvar2": 22.8154125214,
        "max": 33.990852356,
        "mean": 15.9850568771,
        "median": 15.4072265625,
        "min": 2.25554180145,
        "var": 30.9345855713
    },
    "melbands_flatness_db": {
        "dmean": 0.0364118777215,
        "dmean2": 0.0503989122808,
        "dvar": 0.00163749430794,
        "dvar2": 0.0031544000376,
        "max": 0.702934980392,
        "mean": 0.285953491926,
        "median": 0.270714402199,
        "min": 0.00663038669154,
        "var": 0.0113445203751
    },
    "melbands_kurtosis": {
        "dmean": 9.65396690369,
        "dmean2": 13.7126111984,
        "dvar": 356.596221924,
        "dvar2": 681.870361328,
        "max": 451.284118652,
        "mean": 17.4412956238,
        "median": 8.60787677765,
        "min": -1.80310678482,
        "var": 872.52746582
    },
    "melbands_skewness": {
        "dmean": 0.835613310337,
        "dmean2": 1.15290784836,
        "dvar": 0.817248940468,
        "dvar2": 1.54543936253,
        "max": 14.7793569565,
        "mean": 2.51505661011,
        "median": 2.1696562767,
        "min": -3.67822623253,
        "var": 3.6976749897
    },
    "melbands_spread": {
        "dmean": 5.04670763016,
        "dmean2": 7.50790643692,
        "dvar": 51.5022773743,
        "dvar2": 109.579734802,
        "max": 156.08001709,
        "mean": 15.2164564133,
        "median": 11.4883642197,
        "min": 0.302893787622,
        "var": 185.292022705
    },
    "pitch_salience": {
        "dmean": 0.0839141458273,
        "dmean2": 0.13216021657,
        "dvar": 0.0071410429664,
        "dvar2": 0.0174829307944,
        "max": 0.872435331345,
        "mean": 0.476813137531,
        "median": 0.476663708687,
        "min": 0.0687491372228,
        "var": 0.0143254464492
    },
    "silence_rate_20dB": {
        "dmean": 0,
        "dmean2": 0,
        "dvar": 0,
        "dvar2": 0,
        "max": 1,
        "mean": 1,
        "median": 1,
        "min": 1,
        "var": 0
    },
    "silence_rate_30dB": {
        "dmean": 0.0664437934756,
        "dmean2": 0.132901474833,
        "dvar": 0.062029171735,
        "dvar2": 0.116278290749,
        "max": 1,
        "mean": 0.91789406538,
        "median": 1,
        "min": 0,
        "var": 0.0753599181771
    },
    "silence_rate_60dB": {
        "dmean": 0.0317592993379,
        "dmean2": 0.0635252296925,
        "dvar": 0.0307491980493,
        "dvar2": 0.0636642053723,
        "max": 1,
        "mean": 0.108325496316,
        "median": 0,
        "min": 0,
        "var": 0.0965919643641
    },
    "spectral_centroid": {
        "dmean": 204.37991333,
        "dmean2": 305.62890625,
        "dvar": 86105.859375,
        "dvar2": 166604.53125,
        "max": 10743.2138672,
        "mean": 907.72277832,
        "median": 791.964233398,
        "min": 106.199760437,
        "var": 328875.9375
    },
    "spectral_complexity": {
        "dmean": 2.92227339745,
        "dmean2": 4.53620290756,
        "dvar": 15.5970668793,
        "dvar2": 35.5256385803,
        "max": 51,
        "mean": 12.1046695709,
        "median": 11,
        "min": 0,
        "var": 54.6381378174
    },
    "spectral_decrease": {
        "dmean": 3.81654530202e-09,
        "dmean2": 5.13769116139e-09,
        "dvar": 4.5220941693e-17,
        "dvar2": 8.07921862659e-17,
        "max": -4.4286133144e-29,
        "mean": -8.5704776609e-09,
        "median": -5.23739851488e-09,
        "min": -6.06490502264e-08,
        "var": 1.06239570631e-16
    },
    "spectral_energy": {
        "dmean": 0.0148192811757,
        "dmean2": 0.0199914257973,
        "dvar": 0.000666182138957,
        "dvar2": 0.0011984417215,
        "max": 0.230764061213,
        "mean": 0.0336792767048,
        "median": 0.0211721416563,
        "min": 1.05813178218e-20,
        "var": 0.00157476577442
    },
    "spectral_energyband_high": {
        "dmean": 0.000289193179924,
        "dmean2": 0.000485447089886,
        "dvar": 1.08989138425e-06,
        "dvar2": 2.98261579701e-06,
        "max": 0.0187455844134,
        "mean": 0.00035047554411,
        "median": 5.48319367226e-05,
        "min": 7.79869839703e-21,
        "var": 8.86803036337e-07
    },
    "spectral_energyband_low": {
        "dmean": 0.0111412853003,
        "dmean2": 0.0145210949704,
        "dvar": 0.000593681761529,
        "dvar2": 0.00102982507087,
        "max": 0.227799460292,
        "mean": 0.0161492917687,
        "median": 0.00612434605137,
        "min": 1.34517987819e-22,
        "var": 0.00104203762021
    },
    "spectral_energyband_middle_high": {
        "dmean": 0.00140388694126,
        "dmean2": 0.00215132394806,
        "dvar": 8.07234755484e-06,
        "dvar2": 1.85635271919e-05,
        "max": 0.0633871480823,
        "mean": 0.00350288231857,
        "median": 0.00137758383062,
        "min": 1.18626979369e-21,
        "var": 2.430314089e-05
    },
    "spectral_energyband_middle_low": {
        "dmean": 0.00867619272321,
        "dmean2": 0.0151169579476,
        "dvar": 0.000456292065792,
        "dvar2": 0.00128758721985,
        "max": 0.199905365705,
        "mean": 0.0149319563061,
        "median": 0.00926413759589,
        "min": 2.18144703241e-22,
        "var": 0.000406382925576
    },
    "spectral_entropy": {
        "dmean": 0.258303701878,
        "dmean2": 0.389152765274,
        "dvar": 0.101537965238,
        "dvar2": 0.218895673752,
        "max": 9.80752658844,
        "mean": 6.92639684677,
        "median": 6.9961066246,
        "min": 3.54698848724,
        "var": 0.469748944044
    },
    "spectral_flux": {
        "dmean": 0.0386512689292,
        "dmean2": 0.0516279861331,
        "dvar": 0.00253822980449,
        "dvar2": 0.00359940505587,
        "max": 0.494947642088,
        "mean": 0.0879138708115,
        "median": 0.0566003844142,
        "min": 1.03330455303e-10,
        "var": 0.00772177521139
    },
    "spectral_kurtosis": {
        "dmean": 5.98172140121,
        "dmean2": 9.99246788025,
        "dvar": 202.105743408,
        "dvar2": 494.557678223,
        "max": 354.467590332,
        "mean": 14.2025403976,
        "median": 6.39616966248,
        "min": -1.22043097019,
        "var": 863.555603027
    },
    "spectral_rms": {
        "dmean": 0.00105078110937,
        "dmean2": 0.00135874957778,
        "dvar": 1.99473220164e-06,
        "dvar2": 3.24354687109e-06,
        "max": 0.0150045212358,
        "mean": 0.00493354490027,
        "median": 0.00454485975206,
        "min": 3.21297936173e-12,
        "var": 8.51793993206e-06
    },
    "spectral_rolloff": {
        "dmean": 328.12411499,
        "dmean2": 556.84375,
        "dvar": 729253.6875,
        "dvar2": 1812006.25,
        "max": 18324.7558594,
        "mean": 996.675048828,
        "median": 602.9296875,
        "min": 64.599609375,
        "var": 1602451.25
    },
    "spectral_skewness": {
        "dmean": 0.487912386656,
        "dmean2": 0.792248904705,
        "dvar": 0.524994432926,
        "dvar2": 1.29620826244,
        "max": 14.7727212906,
        "mean": 2.34852528572,
        "median": 1.96624433994,
        "min": -0.341322332621,
        "var": 2.81249642372
    },
    "spectral_spread": {
        "dmean": 673581.75,
        "dmean2": 1011951.6875,
        "dvar": 1.25158948864e+12,
        "dvar2": 2.37442642739e+12,
        "max": 40924608,
        "mean": 3808897.5,
        "median": 3699804.75,
        "min": 236546.625,
        "var": 3.36591506637e+12
    },
    "spectral_strongpeak": {
        "dmean": 0.488899558783,
        "dmean2": 0.81287831068,
        "dvar": 0.685453176498,
        "dvar2": 1.61601376534,
        "max": 9.43127441406,
        "mean": 1.08709979057,
        "median": 0.644029200077,
        "min": 0,
        "var": 1.3048709631
    },
    "zerocrossingrate": {
        "dmean": 0.00782163068652,
        "dmean2": 0.00914163887501,
        "dvar": 0.000113206566311,
        "dvar2": 0.000146195990965,
        "max": 0.736328125,
        "mean": 0.0405828878284,
        "median": 0.03515625,
        "min": 0.00244140625,
        "var": 0.00131376669742
    },
    "barkbands": {
        "dmean": [8.51417644299e-05, 0.00820223428309, 0.00534985167906, 0.00350987934507, 0.00458010379225, 0.000880814855918, 0.0005287436652, 0.000549106393009, 0.000580834166612, 0.000137624316267, 0.000424683268648, 0.000160210896865, 0.00021037569968, 0.000103556893009, 0.00020151665376, 0.000284501642454, 0.000325420260197, 0.000117703442811, 9.23669867916e-05, 5.73524885112e-05, 6.30977738183e-05, 5.95894089201e-05, 3.69190929632e-05, 4.12840417994e-05, 5.44703689229e-05, 3.14685275953e-05, 3.88500939152e-06],
        "dmean2": [0.000110064167529, 0.0115399705246, 0.00946667790413, 0.00651263957843, 0.00802622083575, 0.0014501621481, 0.000811446283478, 0.00082914379891, 0.000861227919813, 0.00021339963132, 0.000619713042397, 0.000249191885814, 0.000334193289746, 0.00016800481535, 0.000322406442137, 0.000431290274719, 0.000524002185557, 0.000183251191629, 0.000151878921315, 9.53935668804e-05, 0.000105908307887, 0.000105367536889, 6.10259157838e-05, 7.09248342901e-05, 9.32472539716e-05, 5.47269228264e-05, 6.93859374223e-06],
        "dvar": [3.61763099477e-08, 0.000377898657462, 0.000264196511125, 0.000116864655865, 0.000138167422847, 4.27616032539e-06, 9.19355386486e-07, 2.08053347706e-06, 2.52046379501e-06, 1.85375938599e-07, 1.37976508086e-06, 5.71034206587e-07, 4.42425374558e-07, 4.61714471101e-08, 4.33888999396e-07, 4.96610880418e-07, 1.1204161865e-06, 1.16380888926e-07, 1.77372228904e-07, 2.60110279982e-08, 4.37287468458e-08, 5.80652788074e-08, 2.65811834765e-08, 3.60937129074e-08, 6.16454727265e-08, 4.17190690882e-08, 1.00188013441e-09],
        "dvar2": [6.44833022534e-08, 0.000750299019273, 0.000712626206223, 0.00034202466486, 0.000385617197026, 1.04074488263e-05, 2.16321654989e-06, 4.54358450952e-06, 5.30452871317e-06, 3.69785681187e-07, 2.89294371214e-06, 1.16882506518e-06, 1.04376863419e-06, 1.21304609024e-07, 1.0757723885e-06, 1.02684828107e-06, 2.90263619718e-06, 2.57138509596e-07, 4.55638939911e-07, 6.6283305955e-08, 1.19674169241e-07, 1.6759133814e-07, 7.37042995524e-08, 9.85072361459e-08, 1.68927314803e-07, 1.17467934047e-07, 2.86980395003e-09],
        "max": [0.00206727511249, 0.186479926109, 0.130432635546, 0.0955764651299, 0.116954192519, 0.0469503849745, 0.0230885762721, 0.0281353089958, 0.0393130034208, 0.0155012011528, 0.0270806625485, 0.0482625849545, 0.0137118455023, 0.00255157100037, 0.0139665678144, 0.0119204884395, 0.0201768092811, 0.0093941455707, 0.0103055620566, 0.00307814893313, 0.00244461698458, 0.00314645702019, 0.00411623157561, 0.00470678601414, 0.00475313840434, 0.00568015407771, 0.000842986686621],
        "mean": [0.000115155889944, 0.0101416679099, 0.00465092947707, 0.00261863972992, 0.00632422510535, 0.00181176362094, 0.00113623950165, 0.00132985285018, 0.00165948830545, 0.000245429371716, 0.000858368875924, 0.000320531718899, 0.000376890937332, 0.000151008804096, 0.000364290375728, 0.000406884704717, 0.00045946839964, 0.000188451551367, 0.000132355024107, 7.47015583329e-05, 8.78804930835e-05, 7.10288150003e-05, 4.6154618758e-05, 3.8853915612e-05, 4.39466057287e-05, 2.25592866627e-05, 2.59112584899e-06],
        "median": [7.24914661987e-06, 0.00182763661724, 0.000875818834174, 0.000321293802699, 0.00151870562695, 0.000739083101507, 0.000479097652715, 0.000302619067952, 0.000309735914925, 4.92622530146e-05, 9.79129617917e-05, 7.19332238077e-05, 5.86136011407e-05, 5.08730990987e-05, 5.48087264178e-05, 4.66889541713e-05, 4.21518161602e-05, 2.85434070975e-05, 2.30175628531e-05, 1.69775667018e-05, 1.09680386231e-05, 7.26531561668e-06, 6.91742343406e-06, 4.71278008263e-06, 2.73286332231e-06, 7.56637973609e-07, 1.30975852386e-08],
        "min": [1.46159154555e-23, 5.40343088132e-23, 2.74527633985e-23, 2.58839127233e-24, 4.79685427428e-23, 3.98339731712e-23, 1.42273683275e-23, 2.64515916247e-23, 4.5336312695e-23, 5.5731893305e-23, 4.43595482776e-23, 1.17903605278e-22, 1.00692705054e-22, 9.22628048919e-23, 8.65884463591e-23, 7.73171850211e-23, 1.37094357048e-22, 1.7959895255e-22, 1.7691311467e-22, 2.45369542636e-22, 4.71580746219e-22, 5.51893854564e-22, 7.3014637932e-22, 7.51930350389e-22, 1.29192767763e-21, 1.49429763664e-21, 2.21707385891e-21],
        "var": [7.55550857434e-08, 0.000512647326104, 0.000181813462405, 7.19360323274e-05, 0.000151791289682, 1.51520343934e-05, 3.45805324287e-06, 6.82414747644e-06, 1.51805797941e-05, 7.44961141663e-07, 4.31408716395e-06, 1.46135664636e-06, 1.08239999008e-06, 6.704679123e-08, 1.09961740691e-06, 9.80229856395e-07, 1.57981151006e-06, 2.58776339024e-07, 2.03858419923e-07, 3.07963574642e-08, 4.82804978219e-08, 4.49037891315e-08, 2.09811599206e-08, 2.46410767346e-08, 4.08100291338e-08, 2.58382790719e-08, 5.7832832967e-10]
    },
    "erbbands": {
        "dmean": [0.168106675148, 2.18188166618, 6.317050457, 8.10329818726, 13.4653558731, 18.5597877502, 8.13794994354, 7.94292354584, 6.38337135315, 9.49806118011, 14.1164875031, 13.6484851837, 7.01782941818, 8.69616699219, 12.6533603668, 7.9722237587, 9.69794750214, 6.02878856659, 5.79361915588, 17.422454834, 14.8565416336, 16.2203006744, 6.11217498779, 5.36151123047, 3.83698987961, 2.87037992477, 2.3322057724, 2.51175141335, 2.26429104805, 1.4542144537, 1.01768732071, 0.914213776588, 0.690202534199, 0.57516002655, 0.378801256418, 0.186846792698, 0.0463748723269, 0.00951080024242, 0.000595237768721, 2.55250761256e-05],
        "dmean2": [0.214540019631, 3.24144697189, 10.793302536, 14.1339988708, 24.5725955963, 32.0159339905, 14.1392850876, 12.7842674255, 10.3955793381, 13.7696266174, 21.1750240326, 20.6415996552, 9.82397460938, 13.0011014938, 18.3615436554, 12.3797941208, 15.1509275436, 10.0232925415, 9.23435974121, 26.4095954895, 22.9260540009, 26.0312213898, 9.47755050659, 8.48857212067, 6.44445037842, 4.85992383957, 3.83135914803, 4.32857227325, 4.02516889572, 2.49911928177, 1.72079432011, 1.56754374504, 1.18603003025, 0.997779369354, 0.645975887775, 0.32326862216, 0.0812828242779, 0.0168930571526, 0.00105369905941, 3.76288153348e-05],
        "dvar": [0.154880583286, 29.1666412354, 341.96774292, 546.840209961, 2109.83740234, 1652.18615723, 416.267669678, 343.739776611, 207.691604614, 248.902053833, 1582.07116699, 1681.4777832, 392.691223145, 651.149841309, 1087.33874512, 1434.93518066, 932.331359863, 211.296569824, 454.711975098, 2412.17382812, 1670.68847656, 2545.31567383, 328.661102295, 352.696746826, 215.486175537, 66.3726501465, 46.25157547, 83.1887893677, 91.5955200195, 23.2484436035, 21.1305904388, 16.4523715973, 11.6834306717, 9.10572433472, 2.91332745552, 1.27891159058, 0.0915336608887, 0.00510656042024, 2.1804618882e-05, 7.09036296342e-09],
        "dvar2": [0.283031851053, 61.7075271606, 899.962402344, 1473.5814209, 6107.31738281, 4452.80957031, 1170.03747559, 727.578125, 519.618347168, 483.698516846, 3461.20629883, 3694.63305664, 647.981018066, 1451.16784668, 2235.50537109, 2927.78393555, 2123.17431641, 579.935424805, 1060.59313965, 5394.99414062, 3924.99169922, 6588.31445312, 729.273742676, 820.818969727, 575.97052002, 176.260925293, 115.025535583, 233.773300171, 265.138275146, 66.2397613525, 58.7955284119, 44.9222068787, 32.0207214355, 25.2734107971, 7.96111536026, 3.60293269157, 0.257294356823, 0.0145439170301, 6.17410623818e-05, 1.91191737997e-08],
        "max": [4.17116785049, 50.7577667236, 142.534667969, 185.66192627, 458.159759521, 507.952453613, 233.892044067, 544.545349121, 308.252990723, 590.610839844, 761.842956543, 1030.44335938, 731.92388916, 654.96875, 868.130981445, 2445.47021484, 603.958129883, 252.314453125, 750.799316406, 838.748657227, 764.696166992, 808.811218262, 614.450195312, 667.76373291, 337.038818359, 119.538757324, 97.2050018311, 111.91519928, 124.064949036, 89.7698974609, 120.646888733, 92.5210342407, 87.7897262573, 61.6729812622, 37.379699707, 36.262714386, 6.62514781952, 1.77469599247, 0.110686890781, 0.00186100474093],
        "mean": [0.211048319936, 2.52703619003, 5.76786565781, 7.22466421127, 13.3946084976, 27.2173900604, 11.8873929977, 18.0061035156, 12.7838134766, 24.1409358978, 35.0248908997, 38.8505249023, 19.917388916, 17.7520542145, 26.9131832123, 17.2734928131, 18.81965065, 9.29459857941, 11.0641469955, 29.785320282, 21.8239707947, 22.9858608246, 10.2960262299, 8.41628265381, 5.33030605316, 3.69876980782, 3.51507258415, 3.1975505352, 2.54451394081, 1.98950111866, 1.20131623745, 0.908847332001, 0.636828184128, 0.485807359219, 0.290520578623, 0.135373651981, 0.0332673788071, 0.00656238012016, 0.000421200937126, 4.59105358459e-05],
        "median": [0.0327730625868, 0.449569404125, 1.81452608109, 1.5741071701, 2.08716773987, 6.6309337616, 5.70835113525, 6.64526891708, 5.44744062424, 10.4943227768, 7.33492422104, 6.74963474274, 4.75307369232, 3.684684515, 4.12717485428, 4.24196529388, 3.1136329174, 3.43680286407, 2.72592663765, 3.60694336891, 3.07024741173, 2.4463531971, 1.83364021778, 1.84475016594, 1.13141977787, 0.812434852123, 0.539975643158, 0.377248227596, 0.263884484768, 0.245330020785, 0.173748731613, 0.125278964639, 0.0716227218509, 0.0387312099338, 0.0128746656701, 0.00450267549604, 0.00120786204934, 0.000145763595356, 1.85694043466e-05, 2.62721405306e-05],
        "min": [2.13827097113e-21, 1.10790761788e-20, 3.064848603e-20, 3.2700356007e-20, 5.04375349521e-20, 1.15323504749e-19, 1.34315765484e-19, 2.89951878612e-19, 2.71345122817e-19, 3.14208639883e-19, 6.1686828745e-19, 1.00404650997e-18, 2.49929375399e-18, 1.38857310164e-18, 2.68813867425e-18, 3.97746406106e-18, 4.82170403297e-18, 5.09791039285e-18, 3.65817358538e-18, 4.74840259581e-18, 5.7506435773e-18, 7.89069506601e-18, 8.82713134823e-18, 8.6008205229e-18, 9.33535690684e-18, 1.15878127282e-17, 1.49447746974e-17, 2.12455202654e-17, 1.99306108026e-17, 2.39253637657e-17, 1.65871103708e-17, 1.76640184646e-17, 1.33780681474e-17, 1.11211745021e-17, 1.02161032543e-17, 5.59914544811e-18, 2.78878587528e-18, 1.21000062722e-18, 3.29942519862e-19, 3.02282039618e-20],
        "var": [0.24836884439, 34.0798225403, 253.760543823, 399.455566406, 1419.63256836, 2805.45336914, 401.77432251, 1869.74279785, 557.336486816, 1716.43127441, 5024.77294922, 8218.68652344, 3905.07006836, 2044.23962402, 3655.06103516, 3741.73779297, 2498.56787109, 269.636932373, 1162.7376709, 5365.44238281, 2623.78173828, 3577.91210938, 759.448852539, 577.025146484, 220.120513916, 75.2426986694, 69.1027603149, 73.2705078125, 65.8764266968, 25.195110321, 16.0015659332, 11.5489034653, 7.8279004097, 5.84968566895, 1.94261717796, 0.796326696873, 0.0565260648727, 0.00299355667084, 1.2999818864e-05, 6.0115468159e-09]
    },
    "gfcc": {
        "mean": [-75.7054214478, 127.210723877, -111.947380066, 21.9901275635, -57.7954139709, 2.05926442146, -36.2226219177, 4.78480815887, -17.0069522858, -2.9438726902, -11.3498983383, -4.00511360168, -6.68200922012],
        "cov": [[19438.1464844, -1990.55981445, -58.0308761597, 2039.77392578, 59.2590675354, 1198.17480469, -602.66583252, 646.94152832, -372.32635498, 92.5189971924, -649.491638184, 278.233856201, -184.562347412], [-1990.55981445, 2489.98144531, 387.481231689, -248.080566406, 556.26184082, -276.498931885, 462.901123047, -236.724380493, 284.32913208, -206.331222534, 309.6769104, -184.158630371, 185.026657104], [-58.0308761597, 387.481231689, 2159.82324219, 520.190429688, 93.2829742432, 566.486694336, 252.858078003, 225.222000122, 44.660610199, 123.088432312, 16.2397537231, -84.2670516968, -120.200256348], [2039.77392578, -248.080566406, 520.190429688, 1086.99316406, 12.7614440918, 255.985824585, 20.8651924133, 154.404510498, 31.1803379059, 42.3247070312, -18.3120613098, -35.7720603943, -41.3338546753], [59.2590675354, 556.26184082, 93.2829742432, 12.7614440918, 497.146881104, -1.14345312119, 70.4519119263, -20.0081958771, 75.75415802, -23.6736469269, 35.584941864, 0.337800890207, 48.20470047], [1198.17480469, -276.498931885, 566.486694336, 255.985824585, -1.14345312119, 514.664306641, 63.6815109253, 135.978179932, -14.4918937683, 105.142333984, -57.1337356567, 18.2884674072, -72.7470855713], [-602.66583252, 462.901123047, 252.858078003, 20.8651924133, 70.4519119263, 63.6815109253, 352.201202393, 44.4285354614, 73.6022872925, -9.01145553589, 92.0018615723, -22.7171154022, 25.6492919922], [646.94152832, -236.724380493, 225.222000122, 154.404510498, -20.0081958771, 135.978179932, 44.4285354614, 272.635131836, 36.7753105164, 41.4171028137, -17.1193809509, 7.56507349014, -46.9273223877], [-372.32635498, 284.32913208, 44.660610199, 31.1803379059, 75.75415802, -14.4918937683, 73.6022872925, 36.7753105164, 191.999679565, 26.0814208984, 51.6932106018, -31.5179748535, 43.7607383728], [92.5189971924, -206.331222534, 123.088432312, 42.3247070312, -23.6736469269, 105.142333984, -9.01145553589, 41.4171028137, 26.0814208984, 150.176254272, 12.04301548, 29.6354007721, -29.5715408325], [-649.491638184, 309.6769104, 16.2397537231, -18.3120613098, 35.584941864, -57.1337356567, 92.0018615723, -17.1193809509, 51.6932106018, 12.04301548, 180.028915405, 8.51956558228, 36.0936088562], [278.233856201, -184.158630371, -84.2670516968, -35.7720603943, 0.337800890207, 18.2884674072, -22.7171154022, 7.56507349014, -31.5179748535, 29.6354007721, 8.51956558228, 119.437568665, 27.9466152191], [-184.562347412, 185.026657104, -120.200256348, -41.3338546753, 48.20470047, -72.7470855713, 25.6492919922, -46.9273223877, 43.7607383728, -29.5715408325, 36.0936088562, 27.9466152191, 138.304321289]],
        "icov": [[0.000117669325846, -0.000186822479009, 0.000155825255206, -0.00023906979186, 4.83967742184e-05, -0.000291930395178, 0.000246577867074, -0.000314743607305, 0.000279432832031, -8.50373544381e-05, 0.000389238935895, -0.000347721506841, 1.00799152278e-05], [-0.000186822479009, 0.00230315886438, -0.000802316237241, 0.000802271533757, -0.00148434669245, 0.000899804697838, -0.0016368428478, 0.00196979800239, -0.00191826338414, 0.00215293816291, -0.00246534426697, 0.00236509670503, -0.000592714059167], [0.000155825255206, -0.000802316237241, 0.00114546506666, -0.000591519405134, 0.000312390562613, -0.00117745087482, 0.000330029783072, -0.000993433524854, 0.00094371609157, -0.000901926541701, 0.000817965017632, -0.000327851914335, 0.000334882759489], [-0.00023906979186, 0.000802271533757, -0.000591519405134, 0.00171953765675, -0.000405103812227, 0.000284776819171, -0.000497585686389, 0.000526710646227, -0.000953626178671, 0.000731591426302, -0.00131882692222, 0.00145754776895, -0.000322714186041], [4.83967742184e-05, -0.00148434669245, 0.000312390562613, -0.000405103812227, 0.00329268909991, -0.000520853907801, 0.000808529555798, -0.000794457562733, 0.000161378527991, -0.000789933721535, 0.00141953316052, -0.00192763493396, 0.000158783004736], [-0.000291930395178, 0.000899804697838, -0.00117745087482, 0.000284776819171, -0.000520853907801, 0.00458941794932, -0.00159730773885, 0.000517194566783, -0.000496135500725, -0.00115416781045, 9.17763754842e-05, 0.000350955058821, 0.0003510286042], [0.000246577867074, -0.0016368428478, 0.000330029783072, -0.000497585686389, 0.000808529555798, -0.00159730773885, 0.00538970902562, -0.00206037051976, 0.000664067512844, -0.000267259107204, -7.33432461857e-05, -0.0013365491759, -0.000141697120853], [-0.000314743607305, 0.00196979800239, -0.000993433524854, 0.000526710646227, -0.000794457562733, 0.000517194566783, -0.00206037051976, 0.0069639896974, -0.00356412073597, 0.00193133146968, -0.00176230096258, 0.00069750926923, 0.00139236613177], [0.000279432832031, -0.00191826338414, 0.00094371609157, -0.000953626178671, 0.000161378527991, -0.000496135500725, 0.000664067512844, -0.00356412073597, 0.0101355202496, -0.0046986117959, 0.00119162315968, 0.0016645292053, -0.00303424778394], [-8.50373544381e-05, 0.00215293816291, -0.000901926541701, 0.000731591426302, -0.000789933721535, -0.00115416781045, -0.000267259107204, 0.00193133146968, -0.0046986117959, 0.0121249966323, -0.00356234866194, -0.00137985765468, 0.00210185302421], [0.000389238935895, -0.00246534426697, 0.000817965017632, -0.00131882692222, 0.00141953316052, 9.17763754842e-05, -7.33432461857e-05, -0.00176230096258, 0.00119162315968, -0.00356234866194, 0.0106995292008, -0.00400698138401, -1.78113878064e-05], [-0.000347721506841, 0.00236509670503, -0.000327851914335, 0.00145754776895, -0.00192763493396, 0.000350955058821, -0.0013365491759, 0.00069750926923, 0.0016645292053, -0.00137985765468, -0.00400698138401, 0.0149076199159, -0.00492475507781], [1.00799152278e-05, -0.000592714059167, 0.000334882759489, -0.000322714186041, 0.000158783004736, 0.0003510286042, -0.000141697120853, 0.00139236613177, -0.00303424778394, 0.00210185302421, -1.78113878064e-05, -0.00492475507781, 0.0112686865032]]
    },
    "melbands": {
        "dmean": [0.00188623473514, 0.00308994483203, 0.00153549213428, 0.00114968803246, 0.000391473295167, 0.000171226027305, 0.00010102437227, 9.7610965895e-05, 0.000115148526675, 8.56659171404e-05, 3.38903482771e-05, 3.30486363964e-05, 5.97766775172e-05, 1.76060530066e-05, 2.04590651265e-05, 2.00046415557e-05, 1.03060774563e-05, 8.90662522579e-06, 1.52159445861e-05, 2.4432571081e-05, 1.86297511391e-05, 2.18598142965e-05, 6.07980518907e-06, 6.45832642476e-06, 4.18030822402e-06, 4.12000372307e-06, 1.89544425666e-06, 1.92196034732e-06, 1.47846492382e-06, 1.62697358519e-06, 1.45492094816e-06, 1.26208408346e-06, 1.20163235806e-06, 7.05402044332e-07, 6.00846703946e-07, 5.69011604057e-07, 5.77588991746e-07, 5.00928081237e-07, 4.75734395877e-07, 4.89592537178e-07],
        "dmean2": [0.00249304668978, 0.00485311960801, 0.00265290006064, 0.00203979993239, 0.000670582638122, 0.000276722712442, 0.000162028867635, 0.000142776640132, 0.000174130924279, 0.000127865030663, 4.72605861432e-05, 4.96527864016e-05, 8.65766342031e-05, 2.72544184554e-05, 3.19375758409e-05, 3.19121718348e-05, 1.71231622517e-05, 1.41068921948e-05, 2.37214680965e-05, 3.7119119952e-05, 2.90041643893e-05, 3.52803108399e-05, 9.5204113677e-06, 1.01701889434e-05, 6.675134955e-06, 6.86228531777e-06, 3.26773192683e-06, 3.25127007272e-06, 2.38099346461e-06, 2.78808397525e-06, 2.54429210145e-06, 2.23860433834e-06, 2.16096191252e-06, 1.1768463537e-06, 1.04261505385e-06, 9.48494800923e-07, 1.00848524198e-06, 8.66838092861e-07, 8.23318146104e-07, 8.50489470849e-07],
        "dvar": [1.85607823369e-05, 6.7508633947e-05, 1.93671949091e-05, 8.98335019883e-06, 8.28747204196e-07, 1.60750900591e-07, 4.44920260634e-08, 2.45153888301e-08, 1.03963664344e-07, 6.43776800757e-08, 9.67634772309e-09, 9.91803883466e-09, 2.62961954434e-08, 7.08991043652e-09, 4.13635392604e-09, 3.87351573039e-09, 5.82281389772e-10, 1.05082509361e-09, 1.97960492443e-09, 4.04926714381e-09, 3.71537600685e-09, 5.14501996562e-09, 2.94057389549e-10, 4.79946027365e-10, 2.54227416896e-10, 4.00106642262e-10, 2.67594262721e-11, 2.91249940831e-11, 1.81259608018e-11, 2.80600577496e-11, 3.17141556072e-11, 2.7472815689e-11, 2.30650255839e-11, 5.73439169413e-12, 6.64216771862e-12, 8.98254647747e-12, 6.10085463051e-12, 6.69414176868e-12, 5.72137779861e-12, 6.67094504636e-12],
        "dvar2": [3.38873760484e-05, 0.000162563388585, 5.22085792909e-05, 2.55535705946e-05, 2.20892798097e-06, 3.5425250644e-07, 1.10997284253e-07, 5.0132399565e-08, 2.32807721545e-07, 1.38876728784e-07, 1.5750980964e-08, 2.16062296943e-08, 5.43148566123e-08, 1.41349616456e-08, 9.23867204961e-09, 9.40543465333e-09, 1.61821678279e-09, 2.43026510027e-09, 4.81463313662e-09, 8.6292208934e-09, 8.85499051861e-09, 1.3441180613e-08, 6.08217587406e-10, 1.05328445965e-09, 5.81129200317e-10, 1.07250031078e-09, 7.22962315014e-11, 7.78955649983e-11, 3.99335217671e-11, 7.73569125423e-11, 8.96304350184e-11, 7.96443536122e-11, 6.66324981302e-11, 1.60314886366e-11, 1.87878497482e-11, 2.46718635105e-11, 1.65804748403e-11, 1.84138017334e-11, 1.58966399072e-11, 1.84851543794e-11],
        "max": [0.0455178506672, 0.0659135058522, 0.0397363454103, 0.02967983298, 0.00927474442869, 0.0110370572656, 0.00450760638341, 0.00535311643034, 0.00634528510273, 0.00638565421104, 0.00364757841453, 0.00268786540255, 0.00388089427724, 0.00542646273971, 0.00266983988695, 0.00177539361175, 0.000341592269251, 0.00112391728908, 0.000867786700837, 0.000946106796619, 0.00126294745132, 0.00120144395623, 0.000329007918481, 0.000631385075394, 0.00065298640402, 0.000521460489836, 0.000102556579805, 7.28251980036e-05, 8.85398112587e-05, 6.14427117398e-05, 7.04363701516e-05, 6.93686670274e-05, 6.06799112575e-05, 5.36889310752e-05, 7.07376602804e-05, 8.59506835695e-05, 5.3031155403e-05, 7.63817079132e-05, 5.71216623939e-05, 5.20729845448e-05],
        "mean": [0.0024063938763, 0.0032828587573, 0.00142046262044, 0.00152743083891, 0.000597844831645, 0.000379370438168, 0.000214431303903, 0.000254410027992, 0.000282911438262, 0.000239863657043, 9.23081752262e-05, 6.45893596811e-05, 0.000122781013488, 3.58717406925e-05, 4.11203764088e-05, 3.56899727194e-05, 1.41889640872e-05, 1.56914902618e-05, 2.6733841878e-05, 3.83437618439e-05, 2.52293593803e-05, 2.92977783829e-05, 9.10672588361e-06, 1.0345953342e-05, 6.18651893092e-06, 5.58985539101e-06, 2.41941188506e-06, 2.32260003941e-06, 2.21795244215e-06, 2.28477279052e-06, 1.65043547895e-06, 1.40969257245e-06, 1.36617541102e-06, 9.88976012195e-07, 6.7069186116e-07, 6.42404813789e-07, 5.27933991634e-07, 4.41948373009e-07, 4.35169823731e-07, 3.97980500111e-07],
        "median": [0.000433378649177, 0.0011904585408, 0.00034896004945, 0.000312330434099, 0.000235868792515, 0.000137435199576, 9.78544485406e-05, 0.000119422387797, 4.72745814477e-05, 4.09413369198e-05, 1.79390426638e-05, 1.22601295516e-05, 1.41644595715e-05, 8.35846640257e-06, 7.45376746636e-06, 7.31946147425e-06, 4.6351601668e-06, 3.51023527401e-06, 4.05711762141e-06, 3.89790420741e-06, 2.80726590063e-06, 2.42092323788e-06, 1.22493474919e-06, 1.40217980515e-06, 1.28140106881e-06, 8.86418888513e-07, 5.86745272813e-07, 4.42323880634e-07, 3.18882030115e-07, 2.35091860645e-07, 2.04374686064e-07, 1.46754615571e-07, 1.26630297359e-07, 1.32460442615e-07, 9.43914528762e-08, 9.83357679729e-08, 6.00146279339e-08, 5.02087331711e-08, 4.11992253646e-08, 2.72068376717e-08],
        "min": [1.74508370019e-23, 1.87211570726e-23, 6.57642334449e-24, 4.50895932915e-24, 6.27923538124e-24, 6.6493006815e-24, 4.01468748493e-24, 3.41428860541e-24, 4.01755105002e-24, 6.73024885443e-24, 1.26382695651e-23, 4.9457559511e-24, 7.87280895714e-24, 1.08948151782e-23, 1.0276248832e-23, 1.07895061916e-23, 9.24939253599e-24, 5.95546911636e-24, 6.75429412368e-24, 4.23806725531e-24, 7.43846450931e-24, 7.4622849532e-24, 6.56889721703e-24, 8.25133281846e-24, 6.84446802489e-24, 4.92419756586e-24, 7.38257134759e-24, 7.72827228436e-24, 8.35802310044e-24, 1.05717237838e-23, 1.33965021568e-23, 1.22616855127e-23, 1.02027072741e-23, 1.50760580215e-23, 7.92559321803e-24, 1.08934141612e-23, 1.03094937971e-23, 9.27621459563e-24, 9.06538678555e-24, 9.17627301869e-24],
        "var": [2.87640505121e-05, 6.33357121842e-05, 1.46007514559e-05, 9.47441094468e-06, 1.16214482659e-06, 7.93571814484e-07, 1.26454040128e-07, 1.59473771078e-07, 3.34166344373e-07, 3.29246887532e-07, 9.60482537948e-08, 3.13831840515e-08, 8.5665355698e-08, 1.90869755556e-08, 1.11727267438e-08, 8.9186444896e-09, 6.53434362174e-10, 2.54970422553e-09, 4.39424452381e-09, 8.39108338369e-09, 5.2867035194e-09, 6.82244793992e-09, 6.53996967692e-10, 1.16767162606e-09, 4.12294809404e-10, 3.74163200423e-10, 2.86365237079e-11, 3.11257165875e-11, 3.49126179355e-11, 3.48659989768e-11, 2.35685325423e-11, 2.00855790333e-11, 1.78455705074e-11, 6.28633386665e-12, 4.81717010031e-12, 6.62653265593e-12, 4.20154232586e-12, 4.42057892028e-12, 3.69657689875e-12, 4.30142206576e-12]
    },
    "mfcc": {
        "mean": [-712.48223877, 149.364181519, 7.20615577698, 20.7554111481, 2.30306172371, -2.12436842918, -5.63019418716, 0.710352301598, -1.97450208664, 0.563161015511, -2.19330811501, 0.305048108101, 0.621134519577],
        "cov": [[11768.3720703, -771.801513672, -611.816345215, 516.50994873, 378.168884277, 400.751251221, -144.223052979, 297.532592773, 300.501434326, 20.0331821442, -8.21603775024, -81.3589401245, -168.771575928], [-771.801513672, 2091.77709961, 242.406341553, 11.8350601196, 157.780151367, 78.0958175659, 195.881469727, 107.260665894, 42.919303894, 36.4622802734, -5.28000640869, 32.1102600098, 85.8953857422], [-611.816345215, 242.406341553, 1856.01123047, 371.247772217, 135.447540283, 401.171173096, 311.137084961, 212.334289551, 117.45929718, 243.816757202, 228.807907104, -5.37097358704, 15.515542984], [516.50994873, 11.8350601196, 371.247772217, 670.969299316, 169.697784424, 127.956016541, 79.3003845215, 112.505996704, 42.6795501709, 95.3578033447, 86.3606262207, -7.0702996254, -17.1689090729], [378.168884277, 157.780151367, 135.447540283, 169.697784424, 362.701171875, 111.500160217, 23.9132595062, 44.4871101379, 38.6080093384, 48.0227661133, 27.9987659454, -0.154019922018, 7.26692295074], [400.751251221, 78.0958175659, 401.171173096, 127.956016541, 111.500160217, 375.306152344, 115.415351868, 79.4725036621, 68.2464370728, 51.2559013367, 53.2317428589, 23.2303295135, 34.1889610291], [-144.223052979, 195.881469727, 311.137084961, 79.3003845215, 23.9132595062, 115.415351868, 243.030395508, 115.053581238, 24.8019237518, 47.2568511963, 49.6534881592, 21.7064743042, 26.7036094666], [297.532592773, 107.260665894, 212.334289551, 112.505996704, 44.4871101379, 79.4725036621, 115.053581238, 192.893173218, 82.80884552, 60.8670272827, 56.8898735046, 13.5561723709, 5.98706102371], [300.501434326, 42.919303894, 117.45929718, 42.6795501709, 38.6080093384, 68.2464370728, 24.8019237518, 82.80884552, 167.464813232, 77.6372528076, 10.5340623856, -3.10202455521, 15.7831716537], [20.0331821442, 36.4622802734, 243.816757202, 95.3578033447, 48.0227661133, 51.2559013367, 47.2568511963, 60.8670272827, 77.6372528076, 159.78793335, 91.0371932983, -13.2250394821, 0.84199655056], [-8.21603775024, -5.28000640869, 228.807907104, 86.3606262207, 27.9987659454, 53.2317428589, 49.6534881592, 56.8898735046, 10.5340623856, 91.0371932983, 167.789520264, 45.874912262, -6.60299873352], [-81.3589401245, 32.1102600098, -5.37097358704, -7.0702996254, -0.154019922018, 23.2303295135, 21.7064743042, 13.5561723709, -3.10202455521, -13.2250394821, 45.874912262, 114.606285095, 55.4151153564], [-168.771575928, 85.8953857422, 15.515542984, -17.1689090729, 7.26692295074, 34.1889610291, 26.7036094666, 5.98706102371, 15.7831716537, 0.84199655056, -6.60299873352, 55.4151153564, 109.342643738]],
