{
"lowlevel": {
    "average_loudness": 0.942417502403,
    "barkbands_crest": {
        "dmean": 2.46630239487,
        "dmean2": 3.46695518494,
        "dvar": 6.37817430496,
        "dvar2": 11.81138134,
        "max": 26.2824268341,
        "mean": 12.644985199,
        "median": 11.6457157135,
        "min": 2.37902069092,
        "var": 25.447845459
    },
    "barkbands_flatness_db": {
        "dmean": 0.0279538687319,
        "dmean2": 0.0411690697074,
        "dvar": 0.00115970615298,
        "dvar2": 0.00237789424136,
        "max": 0.545586884022,
        "mean": 0.227848559618,
        "median": 0.215708315372,
        "min": 0.0218739286065,
        "var": 0.0103130126372
    },
    "barkbands_kurtosis": {
        "dmean": 6.72018289566,
        "dmean2": 9.73210906982,
        "dvar": 212.204437256,
        "dvar2": 428.301879883,
        "max": 243.517379761,
        "mean": 10.5174121857,
        "median": 4.11974239349,
        "min": -1.78677463531,
        "var": 383.065917969
    },
    "barkbands_skewness": {
        "dmean": 0.780229985714,
        "dmean2": 1.0507786274,
        "dvar": 1.09087622166,
        "dvar2": 1.83299267292,
        "max": 13.7141828537,
        "mean": 2.1800570488,
        "median": 1.79552352428,
        "min": -3.72174620628,
        "var": 3.7415201664
    },
    "barkbands_spread": {
        "dmean": 3.97803521156,
        "dmean2": 6.04772806168,
        "dvar": 40.7973480225,
        "dvar2": 90.7595901489,
        "max": 70.3274688721,
        "mean": 12.4003820419,
        "median": 9.00366020203,
        "min": 0.488916307688,
        "var": 110.293289185
    },
    "dissonance": {
        "dmean": 0.0242810305208,
        "dmean2": 0.0403789877892,
        "dvar": 0.0006841578288,
        "dvar2": 0.00179393496364,
        "max": 0.500000119209,
        "mean": 0.438653022051,
        "median": 0.454101681709,
        "min": 0.100674033165,
        "var": 0.00293215387501
    },
    "dynamic_complexity": 5.24542093277,
    "erbbands_crest": {
        "dmean": 2.56513190269,
        "dmean2": 4.08166646957,
        "dvar": 6.40282201767,
        "dvar2": 15.9253072739,
        "max": 33.6752967834,
        "mean": 10.7053718567,
        "median": 9.57129859924,
        "min": 2.40451216698,
        "var": 26.1468677521
    },
    "erbbands_flatness_db": {
        "dmean": 0.0198211688548,
        "dmean2": 0.0268519893289,
        "dvar": 0.000468434242066,
        "dvar2": 0.000912617193535,
        "max": 0.553865373135,
        "mean": 0.211871474981,
        "median": 0.193762049079,
        "min": 0.0611891336739,
        "var": 0.00976141355932
    },
    "erbbands_kurtosis": {
        "dmean": 1.35476446152,
        "dmean2": 2.08018779755,
        "dvar": 10.0139665604,
        "dvar2": 26.1145992279,
        "max": 98.7600860596,
        "mean": 1.69458782673,
        "median": 0.564653873444,
        "min": -1.81611001492,
        "var": 21.2072486877
    },
    "erbbands_skewness": {
        "dmean": 0.370263665915,
        "dmean2": 0.556885719299,
        "dvar": 0.169425576925,
        "dvar2": 0.414685875177,
        "max": 6.44122600555,
        "mean": 0.519303262234,
        "median": 0.511324644089,
        "min": -3.28994369507,
        "var": 0.69308757782
    },
    "erbbands_spread": {
        "dmean": 7.5915389061,
        "dmean2": 10.4481496811,
        "dvar": 101.080474854,
        "dvar2": 177.550079346,
        "max": 125.664237976,
        "mean": 31.1456813812,
        "median": 25.3007144928,
        "min": 0.577351927757,
        "var": 499.355224609
    },
    "hfc": {
        "dmean": 6.47012853622,
        "dmean2": 8.87993717194,
        "dvar": 199.313323975,
        "dvar2": 420.226074219,
        "max": 173.135238647,
        "mean": 12.2636365891,
        "median": 6.85879135132,
        "min": 1.19244861563e-16,
        "var": 308.463897705
    },
    "melbands_crest": {
        "dmean": 3.08840060234,
        "dmean2": 4.50050926208,
        "dvar": 10.3774776459,
        "dvar2": 21.7345924377,
        "max": 36.1078071594,
        "mean": 17.5992259979,
        "median": 16.9218349457,
        "min": 1.80665814877,
        "var": 41.8074302673
    },
    "melbands_flatness_db": {
        "dmean": 0.0334265083075,
        "dmean2": 0.0478672832251,
        "dvar": 0.00194763112813,
        "dvar2": 0.00372912059538,
        "max": 0.624773919582,
        "mean": 0.307980686426,
        "median": 0.301078498363,
        "min": 0.00489020626992,
        "var": 0.0140705965459
    },
    "melbands_kurtosis": {
        "dmean": 14.5890302658,
        "dmean2": 20.6331691742,
        "dvar": 918.428649902,
        "dvar2": 1774.61914062,
        "max": 386.592315674,
        "mean": 24.9053192139,
        "median": 9.93868637085,
        "min": -1.77834546566,
        "var": 1774.36401367
    },
    "melbands_skewness": {
        "dmean": 1.01414501667,
        "dmean2": 1.35533452034,
        "dvar": 1.9440819025,
        "dvar2": 3.18450188637,
        "max": 15.6613941193,
        "mean": 3.19283103943,
        "median": 2.58064675331,
        "min": -3.69524717331,
        "var": 7.21691799164
    },
    "melbands_spread": {
        "dmean": 5.23161268234,
        "dmean2": 8.0592880249,
        "dvar": 99.6712875366,
        "dvar2": 239.031829834,
        "max": 159.84312439,
        "mean": 12.9426622391,
        "median": 8.69524097443,
        "min": 0.458376407623,
        "var": 172.501220703
    },
    "pitch_salience": {
        "dmean": 0.0768738314509,
        "dmean2": 0.114200882614,
        "dvar": 0.00812023691833,
        "dvar2": 0.0164902154356,
        "max": 0.940547704697,
        "mean": 0.458255678415,
        "median": 0.466808795929,
        "min": 0.0764606297016,
        "var": 0.0251860227436
    },
    "silence_rate_20dB": {
        "dmean": 0,
        "dmean2": 0,
        "dvar": 0,
        "dvar2": 0,
        "max": 1,
        "mean": 1,
        "median": 1,
        "min": 1,
        "var": 0
    },
    "silence_rate_30dB": {
        "dmean": 0.0846799463034,
        "dmean2": 0.16938111186,
        "dvar": 0.0775053203106,
        "dvar2": 0.141442134976,
        "max": 1,
        "mean": 0.89003008604,
        "median": 1,
        "min": 0,
        "var": 0.0978728756309
    },
    "silence_rate_60dB": {
        "dmean": 0.0328197404742,
        "dmean2": 0.0656477063894,
        "dvar": 0.0317456573248,
        "dvar2": 0.0686029717326,
        "max": 1,
        "mean": 0.116733469069,
        "median": 0,
        "min": 0,
        "var": 0.103113092482
    },
    "spectral_centroid": {
        "dmean": 215.401794434,
        "dmean2": 332.855072021,
        "dvar": 113625.625,
        "dvar2": 252818.890625,
        "max": 10536.0380859,
        "mean": 973.182556152,
        "median": 776.201477051,
        "min": 128.324035645,
        "var": 414596.21875
    },
    "spectral_complexity": {
        "dmean": 3.32080674171,
        "dmean2": 4.91205215454,
        "dvar": 34.2687492371,
        "dvar2": 60.2443122864,
        "max": 64,
        "mean": 11.7527551651,
        "median": 10,
        "min": 0,
        "var": 77.9830703735
    },
    "spectral_decrease": {
        "dmean": 5.3840150116e-09,
        "dmean2": 7.57462803591e-09,
        "dvar": 1.33337451632e-16,
        "dvar2": 2.56429589781e-16,
        "max": -9.28335548087e-29,
        "mean": -9.74372316165e-09,
        "median": -5.18779774694e-09,
        "min": -8.68288410061e-08,
        "var": 2.05940073378e-16
    },
    "spectral_energy": {
        "dmean": 0.0207574293017,
        "dmean2": 0.0290856529027,
        "dvar": 0.00194491527509,
        "dvar2": 0.00372404581867,
        "max": 0.33107739687,
        "mean": 0.0378873497248,
        "median": 0.0202779099345,
        "min": 1.11662459904e-20,
        "var": 0.00304233911447
    },
    "spectral_energyband_high": {
        "dmean": 0.000347102293745,
        "dmean2": 0.000481924857013,
        "dvar": 1.09426412109e-06,
        "dvar2": 2.29187435252e-06,
        "max": 0.0143436891958,
        "mean": 0.000467475183541,
        "median": 3.9185390051e-05,
        "min": 8.14670717479e-21,
        "var": 1.60720742315e-06
    },
    "spectral_energyband_low": {
        "dmean": 0.0184758044779,
        "dmean2": 0.0266345050186,
        "dvar": 0.00191759411246,
        "dvar2": 0.00393860926852,
        "max": 0.324265569448,
        "mean": 0.027281017974,
        "median": 0.0117641799152,
        "min": 7.99067692484e-23,
        "var": 0.00257787969895
    },
    "spectral_energyband_middle_high": {
        "dmean": 0.00119465019088,
        "dmean2": 0.0018345490098,
        "dvar": 7.7572894952e-06,
        "dvar2": 1.9326700567e-05,
        "max": 0.0450581870973,
        "mean": 0.00223805033602,
        "median": 0.00114801013842,
        "min": 1.72793324565e-21,
        "var": 1.09326138045e-05
    },
    "spectral_energyband_middle_low": {
        "dmean": 0.00618657656014,
        "dmean2": 0.0110233509913,
        "dvar": 0.000289796327706,
        "dvar2": 0.000826978357509,
        "max": 0.156053468585,
        "mean": 0.00943007599562,
        "median": 0.00515158567578,
        "min": 4.11116034581e-22,
        "var": 0.000210168524063
    },
    "spectral_entropy": {
        "dmean": 0.206427678466,
        "dmean2": 0.312134951353,
        "dvar": 0.0640810132027,
        "dvar2": 0.149731621146,
        "max": 9.80358505249,
        "mean": 6.99682855606,
        "median": 7.09108161926,
        "min": 4.26025295258,
        "var": 0.665766477585
    },
    "spectral_flux": {
        "dmean": 0.0425086691976,
        "dmean2": 0.0601457431912,
        "dvar": 0.00516083231196,
        "dvar2": 0.00726316263899,
        "max": 0.536167502403,
        "mean": 0.0874799489975,
        "median": 0.0446618013084,
        "min": 1.05670458495e-10,
        "var": 0.0125050488859
    },
    "spectral_kurtosis": {
        "dmean": 6.73318243027,
        "dmean2": 11.4156541824,
        "dvar": 233.08164978,
        "dvar2": 661.302490234,
        "max": 369.963531494,
        "mean": 22.7259750366,
        "median": 6.01582431793,
        "min": -1.19312500954,
        "var": 2533.18041992
    },
    "spectral_rms": {
        "dmean": 0.00124628306367,
        "dmean2": 0.00163931993302,
        "dvar": 4.47107686341e-06,
        "dvar2": 7.56760937293e-06,
        "max": 0.0179722663015,
        "mean": 0.00500667421147,
        "median": 0.00444784527645,
        "min": 3.30059070353e-12,
        "var": 1.18966172522e-05
    },
    "spectral_rolloff": {
        "dmean": 338.755584717,
        "dmean2": 577.540466309,
        "dvar": 699840.5625,
        "dvar2": 1639478.875,
        "max": 18518.5546875,
        "mean": 869.699279785,
        "median": 516.796875,
        "min": 64.599609375,
        "var": 1218389.25
    },
    "spectral_skewness": {
        "dmean": 0.451769739389,
        "dmean2": 0.753741621971,
        "dvar": 0.415426850319,
        "dvar2": 1.18958961964,
        "max": 15.3278360367,
        "mean": 2.7017352581,
        "median": 1.81133592129,
        "min": 0.0417458452284,
        "var": 6.44672632217
    },
    "spectral_spread": {
        "dmean": 432205.6875,
        "dmean2": 621554.0625,
        "dvar": 440353193984,
        "dvar2": 728483037184,
        "max": 40743876,
        "mean": 3595493.75,
        "median": 3298632.75,
        "min": 240865.140625,
        "var": 3.75121615258e+12
    },
    "spectral_strongpeak": {
        "dmean": 0.295066446066,
        "dmean2": 0.493881136179,
        "dvar": 0.382263153791,
        "dvar2": 1.02971446514,
        "max": 22.3943309784,
        "mean": 0.616512715816,
        "median": 0.412391364574,
        "min": 0,
        "var": 0.544512867928
    },
    "zerocrossingrate": {
        "dmean": 0.0082051185891,
        "dmean2": 0.00943914614618,
        "dvar": 0.000147926548379,
        "dvar2": 0.000183769021532,
        "max": 0.6923828125,
        "mean": 0.0370088927448,
        "median": 0.025390625,
        "min": 0.001953125,
        "var": 0.0010725853499
    },
    "barkbands": {
        "dmean": [0.000212766419281, 0.0123444907367, 0.0112774372101, 0.00293097272515, 0.00234834756702, 0.000642968458124, 0.000590406241827, 0.000363315863069, 0.000367481145076, 0.000173630716745, 0.000189160200534, 0.000140474890941, 0.000185601544217, 0.000142603428685, 0.000129550739075, 0.000174390850589, 0.000190602906514, 0.000125147402287, 0.000104727841972, 0.000111367786303, 9.78679672698e-05, 7.14654743206e-05, 6.45797408652e-05, 5.78568069614e-05, 2.34688850469e-05, 9.2522777777e-06, 1.24780399346e-06],
        "dmean2": [0.000240063833189, 0.0182409472764, 0.0203448925167, 0.00549698621035, 0.00426895543933, 0.00097386573907, 0.00087597995298, 0.000555853301194, 0.000557718740311, 0.000277661136352, 0.000275716447504, 0.000207459786907, 0.000299212901155, 0.00022264708241, 0.000215276173549, 0.000280216627289, 0.00032745001954, 0.000206657423405, 0.000156275535119, 0.000177037887624, 0.00014638454013, 0.000102654914372, 9.31348549784e-05, 9.0423731308e-05, 3.43774190696e-05, 1.31511069412e-05, 1.99008263735e-06],
        "dvar": [1.43465598512e-07, 0.000873838725965, 0.00119592552073, 8.61556909513e-05, 0.000104947372165, 1.24979885641e-06, 1.59268495281e-06, 6.0375339217e-07, 5.58704186915e-07, 1.57788107913e-07, 2.66290612672e-07, 9.31348296263e-08, 6.36129811937e-07, 7.7375256069e-07, 1.69686146023e-07, 3.47890477315e-07, 6.19468437435e-07, 1.56166848342e-07, 1.22761207422e-07, 1.42733753705e-07, 1.00689739213e-07, 4.61959324127e-08, 4.3558777918e-08, 4.78117243574e-08, 4.73237893317e-09, 5.77930370227e-10, 1.0871687231e-11],
        "dvar2": [2.62295344555e-07, 0.0020851297304, 0.00331439636648, 0.00024904491147, 0.000301304011373, 2.6051018267e-06, 3.44845852851e-06, 1.22069570807e-06, 1.13073713237e-06, 3.52984613983e-07, 5.95848121066e-07, 1.7423325005e-07, 1.63001391229e-06, 1.80450558673e-06, 4.64684148938e-07, 8.04529122433e-07, 1.76312198619e-06, 4.1422316599e-07, 2.47987628654e-07, 3.59925621751e-07, 2.0339783191e-07, 9.49610452494e-08, 9.68296092196e-08, 1.19041196456e-07, 1.11789395518e-08, 1.22656085288e-09, 2.62167700743e-11],
        "max": [0.00416595768183, 0.253249675035, 0.217965632677, 0.0732785686851, 0.139743432403, 0.0192975662649, 0.0410047657788, 0.0258010495454, 0.0190530773252, 0.0116482386366, 0.0166862998158, 0.00590923987329, 0.0271078404039, 0.0331440977752, 0.00656440667808, 0.00867302436382, 0.0132333664224, 0.00626454688609, 0.00430089561269, 0.00461196200922, 0.00419452507049, 0.0033562136814, 0.00262048584409, 0.00616713706404, 0.00101956538856, 0.000300953397527, 4.52974309155e-05],
        "mean": [0.000367151282262, 0.0157518368214, 0.00975346658379, 0.00226500630379, 0.00233246362768, 0.00165967142675, 0.00145795883145, 0.00078448530985, 0.000721053860616, 0.000343957653968, 0.000341831793776, 0.000280266045593, 0.000289174320642, 0.000174858374521, 0.000164810466231, 0.000200402864721, 0.000202964496566, 0.000130401414935, 0.000133147230372, 0.000119893222291, 0.000118314295833, 9.72707784967e-05, 8.48808267619e-05, 6.57622877043e-05, 3.13376986014e-05, 1.34684978548e-05, 1.51787071445e-06],
        "median": [3.97829280701e-05, 0.00472646718845, 0.00271536875516, 0.000491344428156, 0.000508040655404, 0.000725977763068, 0.000441448239144, 0.000142430362757, 0.000247881573159, 0.000126682221889, 0.000117739902635, 8.18845655886e-05, 7.7693919593e-05, 2.88971295959e-05, 3.44234140357e-05, 3.13368946081e-05, 3.39401303791e-05, 1.83578213182e-05, 1.63393997354e-05, 1.35666741699e-05, 9.38152879826e-06, 5.90284616919e-06, 3.20340768667e-06, 1.80546578576e-06, 9.36536594054e-07, 3.68192218048e-07, 1.26099504172e-08],
        "min": [2.11748600089e-23, 3.93722118626e-23, 3.34843591699e-23, 1.94432977001e-23, 6.8938851119e-23, 8.8642829483e-23, 3.67911536441e-23, 3.55130790708e-23, 1.37570803791e-22, 1.55961827308e-22, 5.86387132122e-23, 1.19237764706e-22, 5.92160710424e-23, 1.89979579512e-22, 7.74058340542e-23, 2.0115895023e-22, 1.22553580594e-22, 2.46667793116e-22, 2.27281530059e-22, 6.0547288335e-22, 5.058948072e-22, 6.06227614977e-22, 6.48044715044e-22, 8.18995341313e-22, 1.01835465369e-21, 1.74434337001e-21, 2.57862004515e-21],
        "var": [4.34040430264e-07, 0.00100059993565, 0.000753701140638, 4.93634870509e-05, 6.44279280095e-05, 5.16221962243e-06, 7.22928598407e-06, 2.77583603747e-06, 1.7301463231e-06, 4.40112700062e-07, 4.50824785503e-07, 2.7529412705e-07, 9.81465746008e-07, 8.04799014986e-07, 1.58538341566e-07, 3.79099958536e-07, 4.27511025691e-07, 1.30780790641e-07, 1.60862228427e-07, 1.35075822527e-07, 1.33780787337e-07, 7.35377270189e-08, 6.13991204546e-08, 4.86500830732e-08, 6.39277786263e-09, 1.03094743853e-09, 1.55705743438e-11]
    },
    "erbbands": {
        "dmean": [0.247765347362, 3.24096655846, 11.7197589874, 11.857840538, 8.1000585556, 8.540350914, 4.24930429459, 5.53829479218, 6.51907539368, 10.3980360031, 7.81057548523, 9.30662345886, 6.22390079498, 5.11520624161, 6.24014759064, 6.70523405075, 8.88299369812, 8.39130306244, 3.6713578701, 9.78727626801, 9.19822692871, 10.9858589172, 7.01137256622, 6.36501169205, 5.15063810349, 5.07636451721, 4.43533563614, 3.4500310421, 2.59787893295, 2.33631253242, 1.76084828377, 1.47070944309, 0.810206770897, 0.304020851851, 0.156246006489, 0.0563178025186, 0.0147504648194, 0.00276622944511, 0.000188494741451, 2.52812660619e-05],
        "dmean2": [0.312358409166, 4.99807596207, 20.3364715576, 21.7293205261, 14.9395704269, 15.4677505493, 6.78322124481, 8.59698867798, 10.0330305099, 15.2918596268, 11.8725328445, 14.0141000748, 9.76094436646, 7.86279153824, 9.23177814484, 9.88615226746, 14.0734519958, 12.8665494919, 5.92625236511, 15.6972885132, 14.8866939545, 18.8893280029, 11.4364519119, 9.77572441101, 7.74534654617, 8.06169033051, 6.73499298096, 5.09525966644, 3.77870893478, 3.46439385414, 2.55305433273, 2.23557209969, 1.29916548729, 0.451980352402, 0.231247544289, 0.0810778588057, 0.0214589387178, 0.00412370963022, 0.0002904284338, 3.46504129993e-05],
        "dvar": [0.283626645803, 65.7898788452, 1166.63952637, 1346.16210938, 799.728881836, 1543.25317383, 78.9286422729, 94.9626159668, 272.844604492, 409.830108643, 317.018829346, 385.046844482, 209.713317871, 173.750335693, 264.824005127, 228.327529907, 1600.43823242, 2978.98291016, 87.8307037354, 1059.25817871, 870.168518066, 2094.98071289, 489.630432129, 505.010894775, 289.243835449, 279.750762939, 227.264541626, 112.333686829, 63.5527381897, 58.4754714966, 30.9028625488, 34.0809326172, 11.2232570648, 0.863919436932, 0.21265733242, 0.0224715955555, 0.00158448261209, 4.96571046824e-05, 2.5398486514e-07, 2.48288589688e-09],
        "dvar2": [0.526457071304, 157.418991089, 3090.01123047, 3757.88769531, 2297.2565918, 4457.06201172, 204.551803589, 206.188934326, 602.646850586, 860.512756348, 615.804016113, 775.308105469, 426.739624023, 389.379577637, 606.27557373, 429.765228271, 4045.24169922, 6718.96142578, 227.694030762, 2684.77246094, 2084.66577148, 5958.94726562, 1294.1607666, 1212.39172363, 634.580383301, 704.673278809, 493.960540771, 218.726135254, 130.845443726, 137.022476196, 69.0233764648, 79.9842147827, 30.6556854248, 2.08694887161, 0.509282171726, 0.0481086596847, 0.00351071357727, 0.000112316098239, 6.04871900123e-07, 4.58552085192e-09],
        "max": [4.78276538849, 66.9879837036, 221.870666504, 257.471191406, 322.029449463, 560.251586914, 105.27759552, 173.879440308, 557.769958496, 363.047332764, 664.400268555, 546.455444336, 444.504272461, 363.91708374, 498.924041748, 306.454193115, 1428.20703125, 2077.01782227, 166.437927246, 493.752532959, 429.828948975, 755.316467285, 286.751342773, 349.341033936, 240.896514893, 206.854660034, 223.657608032, 129.920715332, 121.066146851, 95.9535140991, 68.5603485107, 222.293685913, 59.9927101135, 15.9255723953, 6.09510040283, 1.70100224018, 0.560476243496, 0.0926491320133, 0.00802367459983, 0.000367134227417],
        "mean": [0.384057104588, 3.76925802231, 11.3031654358, 9.5582075119, 7.16402626038, 8.52772808075, 9.16645240784, 13.7798614502, 15.7372188568, 25.9707679749, 16.7310066223, 18.5614776611, 13.4517946243, 9.50549125671, 12.2654323578, 13.1913967133, 14.503235817, 11.1255474091, 5.09415197372, 11.8353424072, 11.1689920425, 11.3290872574, 7.71941900253, 7.34565782547, 6.37764024734, 5.61456298828, 5.10252094269, 4.34294748306, 3.55435395241, 2.95581769943, 2.3271985054, 1.72257900238, 0.876682341099, 0.38881611824, 0.208907619119, 0.0803572684526, 0.0214805435389, 0.00387191073969, 0.000244739931077, 4.72099491162e-05],
        "median": [0.0954315960407, 1.10329794884, 4.13624954224, 2.40394663811, 1.69181084633, 1.67417180538, 3.7350692749, 6.4123544693, 6.05465316772, 7.04422569275, 5.15281486511, 6.65353012085, 6.07518863678, 4.36598014832, 4.82942914963, 4.40918731689, 4.47222518921, 2.29421257973, 1.54766178131, 2.35648488998, 1.93442296982, 1.84468007088, 1.31643390656, 1.04056787491, 0.843221187592, 0.69365477562, 0.42908012867, 0.340054929256, 0.230720281601, 0.143247663975, 0.0887158438563, 0.0512109175324, 0.0221339408308, 0.011049291119, 0.00650181155652, 0.00247186375782, 0.000530269229785, 6.21186190983e-05, 1.83930969797e-05, 2.52683566941e-05],
        "min": [7.2943451124e-22, 9.93684880497e-21, 4.7392456935e-20, 3.87770412755e-20, 2.46948904065e-19, 1.48543595137e-19, 6.79102875197e-19, 4.22627719758e-19, 3.9007278598e-19, 7.0138365708e-19, 1.30494007523e-18, 2.6661379447e-18, 3.30976490458e-18, 5.16341565274e-18, 3.89152578568e-18, 4.32031677648e-18, 3.06565625439e-18, 9.08816225259e-18, 4.81591831818e-18, 5.96051129282e-18, 1.19414771078e-17, 6.9201851464e-18, 1.29480657506e-17, 1.26364957652e-17, 1.35389862094e-17, 2.94091791433e-17, 2.71022154283e-17, 1.80128752705e-17, 2.27605908928e-17, 1.5603901988e-17, 1.90733770641e-17, 1.90441279576e-17, 1.25469013515e-17, 1.24195932922e-17, 5.87851329229e-18, 6.25535982217e-18, 3.22191915071e-18, 1.28311667253e-18, 3.77482011382e-19, 3.84779411671e-20],
        "var": [0.541859328747, 65.9902877808, 826.885314941, 828.600158691, 482.034545898, 948.34387207, 172.320129395, 371.509490967, 1267.90856934, 1867.00402832, 1416.59387207, 1205.93725586, 616.916320801, 320.711761475, 477.949615479, 615.167785645, 2135.28808594, 3452.73583984, 103.229827881, 1036.61279297, 1033.88793945, 1409.34436035, 422.525756836, 513.527404785, 357.33102417, 272.064422607, 266.307312012, 164.413284302, 100.92199707, 75.6643676758, 44.1464881897, 37.245300293, 9.21552276611, 1.06386053562, 0.289474844933, 0.0398662798107, 0.00259577506222, 8.19409397081e-05, 3.85180896956e-07, 4.27003365999e-09]
    },
    "gfcc": {
        "mean": [-102.006027222, 128.927536011, -111.272598267, 19.821516037, -51.4542160034, 7.11811447144, -21.5149269104, 4.61645507812, -11.5324697495, 1.26386082172, -7.44611930847, -0.66199272871, -8.9735622406],
        "cov": [[29333.2304688, -1648.41003418, 1808.20373535, 3995.07275391, 755.910705566, 2786.13647461, 92.8371810913, 1441.91430664, -347.28894043, -182.162094116, -705.185791016, 457.364379883, -111.028068542], [-1648.41003418, 3935.06152344, 395.330505371, -943.592468262, 356.419006348, -621.954833984, 244.476242065, -656.167358398, 507.051452637, -115.568412781, 371.75402832, -338.364501953, 108.655731201], [1808.20373535, 395.330505371, 1889.05627441, 310.275939941, -30.191783905, 251.923202515, -112.684906006, 194.654037476, -124.996131897, 111.266700745, -87.4223098755, 17.413230896, -113.022399902], [3995.07275391, -943.592468262, 310.275939941, 1727.32348633, 505.708557129, 690.989807129, 139.93081665, 505.721008301, 16.8610496521, -33.5234069824, -164.061294556, 162.893936157, 44.8411712646], [755.910705566, 356.419006348, -30.191783905, 505.708557129, 604.625854492, 246.856002808, 205.957870483, 73.8199768066, 164.379318237, -14.0571155548, 14.676410675, -5.05673980713, 47.3276481628], [2786.13647461, -621.954833984, 251.923202515, 690.989807129, 246.856002808, 655.135009766, 153.338027954, 335.057373047, -10.1786851883, 16.9864997864, -86.9566040039, 96.573425293, -19.344783783], [92.8371810913, 244.476242065, -112.684906006, 139.93081665, 205.957870483, 153.338027954, 401.671356201, 128.832443237, 186.846359253, -43.6979179382, 69.3866271973, 6.07373332977, 49.1871414185], [1441.91430664, -656.167358398, 194.654037476, 505.721008301, 73.8199768066, 335.057373047, 128.832443237, 410.9168396, 30.1551895142, 49.9101791382, -65.7705612183, 106.671966553, -9.77017116547], [-347.28894043, 507.051452637, -124.996131897, 16.8610496521, 164.379318237, -10.1786851883, 186.846359253, 30.1551895142, 295.21005249, 20.6926517487, 93.4484558105, -40.6427154541, 44.6141433716], [-182.162094116, -115.568412781, 111.266700745, -33.5234069824, -14.0571155548, 16.9864997864, -43.6979179382, 49.9101791382, 20.6926517487, 158.164489746, 20.4616470337, 9.12516880035, -27.7675819397], [-705.185791016, 371.75402832, -87.4223098755, -164.061294556, 14.676410675, -86.9566040039, 69.3866271973, -65.7705612183, 93.4484558105, 20.4616470337, 144.759643555, -3.52514219284, 33.3795204163], [457.364379883, -338.364501953, 17.413230896, 162.893936157, -5.05673980713, 96.573425293, 6.07373332977, 106.671966553, -40.6427154541, 9.12516880035, -3.52514219284, 149.218826294, 50.6752586365], [-111.028068542, 108.655731201, -113.022399902, 44.8411712646, 47.3276481628, -19.344783783, 49.1871414185, -9.77017116547, 44.6141433716, -27.7675819397, 33.3795204163, 50.6752586365, 106.882698059]],
        "icov": [[9.03692125576e-05, -0.000185975120985, 8.9427237981e-05, -0.000170880739461, 0.000221887035877, -0.000398705073167, 0.000121007811686, -0.000104907681816, 0.000128759478685, -1.6551126464e-05, 0.000288128765533, -0.000198227236979, 0.00015945371706], [-0.000185975120985, 0.00162255053874, -0.000990893808194, 0.000774764630478, -0.00131198577583, 0.00118560658302, -0.000314058270305, 0.00134250149131, -0.00169406225905, 0.00123026920483, -0.00193117558956, 0.00161592394579, -0.0012890273938], [8.9427237981e-05, -0.000990893808194, 0.00124719832093, -0.000514305313118, 0.000812730810139, -0.000773094769102, 0.000298543716781, -0.00100827671122, 0.00125091348309, -0.00110172817949, 0.00106372567825, -0.000828572025057, 0.00115775305312], [-0.000170880739461, 0.000774764630478, -0.000514305313118, 0.00216822023503, -0.00189414748456, 0.000203538598726, 0.000623793283012, -0.00100080145057, -0.000742445292417, 0.00136270874646, -0.000486054108478, 0.000651195587125, -0.00141462509055], [0.000221887035877, -0.00131198577583, 0.000812730810139, -0.00189414748456, 0.00466054631397, -0.00210830289871, -0.000865444599185, 0.000990930944681, 2.15032159758e-05, -0.00168733811006, 0.00198139250278, -0.000886313267983, 0.00061599817127], [-0.000398705073167, 0.00118560658302, -0.000773094769102, 0.000203538598726, -0.00210830289871, 0.00575659563765, -0.00164625199977, -0.000681040401105, -8.46376224217e-06, 0.000145887723193, -0.0011655514827, 0.000367645523511, 0.00037958327448], [0.000121007811686, -0.000314058270305, 0.000298543716781, 0.000623793283012, -0.000865444599185, -0.00164625199977, 0.00607931800187, -0.00298016751185, -0.00170999439433, 0.00286937365308, -0.00200475123711, 0.000676656898577, -0.000721394491848], [-0.000104907681816, 0.00134250149131, -0.00100827671122, -0.00100080145057, 0.000990930944681, -0.000681040401105, -0.00298016751185, 0.00944699160755, -0.00344884837978, -0.00161583314184, 0.0015595247969, -0.00287795439363, 0.00145016203169], [0.000128759478685, -0.00169406225905, 0.00125091348309, -0.000742445292417, 2.15032159758e-05, -8.46376224217e-06, -0.00170999439433, -0.00344884837978, 0.00957584753633, -0.00299788452685, -0.00121807865798, 0.00224494910799, -0.00150908832438], [-1.6551126464e-05, 0.00123026920483, -0.00110172817949, 0.00136270874646, -0.00168733811006, 0.000145887723193, 0.00286937365308, -0.00161583314184, -0.00299788452685, 0.0105533087626, -0.00408617500216, 0.000329629314365, 0.00141366408207], [0.000288128765533, -0.00193117558956, 0.00106372567825, -0.000486054108478, 0.00198139250278, -0.0011655514827, -0.00200475123711, 0.0015595247969, -0.00121807865798, -0.00408617500216, 0.0152272749692, -0.00500435382128, 0.00063213868998], [-0.000198227236979, 0.00161592394579, -0.000828572025057, 0.000651195587125, -0.000886313267983, 0.000367645523511, 0.000676656898577, -0.00287795439363, 0.00224494910799, 0.000329629314365, -0.00500435382128, 0.0159833878279, -0.00998010393232], [0.00015945371706, -0.0012890273938, 0.00115775305312, -0.00141462509055, 0.00061599817127, 0.00037958327448, -0.000721394491848, 0.00145016203169, -0.00150908832438, 0.00141366408207, 0.00063213868998, -0.00998010393232, 0.0184418521821]]
    },
    "melbands": {
        "dmean": [0.00283184694126, 0.00511580938473, 0.00190982955974, 0.000635773234535, 0.000171755833435, 0.000124495505588, 0.000105562139652, 0.000104167622339, 6.8638160883e-05, 5.28035525349e-05, 3.07739501295e-05, 2.0044581106e-05, 2.51571182162e-05, 1.4874437511e-05, 2.1953443138e-05, 1.82213079825e-05, 1.47863065649e-05, 4.92185290568e-06, 1.04403643491e-05, 1.35552681968e-05, 1.04652581285e-05, 1.1954767615e-05, 7.59531167205e-06, 6.5219633143e-06, 5.17805892741e-06, 3.75441027245e-06, 4.17431374444e-06, 3.16450086757e-06, 2.86805516225e-06, 2.61043442151e-06, 1.85724547919e-06, 1.53124187818e-06, 1.39095561735e-06, 1.34783385874e-06, 1.05371759673e-06, 1.00233205558e-06, 8.08145841802e-07, 6.06206640441e-07, 3.96034181449e-07, 2.21468098971e-07],
        "dmean2": [0.00393699435517, 0.00818723253906, 0.00344887538813, 0.00116529595107, 0.00028523360379, 0.000191093757167, 0.00015993443958, 0.000154236637172, 0.000104240694782, 8.00277193775e-05, 4.84113006678e-05, 3.11226467602e-05, 3.70015841327e-05, 2.22343769565e-05, 3.27134875988e-05, 2.90494972432e-05, 2.26486554311e-05, 8.03976035968e-06, 1.71748270077e-05, 2.15882246266e-05, 1.70801267814e-05, 2.06754557439e-05, 1.25618998936e-05, 1.09555503514e-05, 7.94458446762e-06, 5.58659439776e-06, 6.70034205541e-06, 5.10149038746e-06, 4.4377256927e-06, 4.00551243729e-06, 2.73052978628e-06, 2.24815835281e-06, 2.07117955142e-06, 2.03627610063e-06, 1.56001146934e-06, 1.49257346038e-06, 1.24408438751e-06, 9.85691031019e-07, 6.3768476366e-07, 3.31190477709e-07],
        "dvar": [4.13194975408e-05, 0.000184760705451, 3.26472763845e-05, 7.56082317821e-06, 2.25522512665e-07, 5.09885573763e-08, 6.3743136991e-08, 3.90004402107e-08, 2.06767527544e-08, 1.21943335429e-08, 5.22048182461e-09, 2.63912913745e-09, 4.98486230072e-09, 1.08226994033e-09, 5.7029767575e-09, 7.06933578343e-09, 8.73807337598e-09, 1.4184965702e-10, 1.21463872294e-09, 2.22725171639e-09, 1.06235809039e-09, 2.27061058844e-09, 7.99183330624e-10, 5.08978137415e-10, 3.49267031963e-10, 1.351798673e-10, 2.16119733221e-10, 1.10604317372e-10, 9.84321513187e-11, 7.52571893692e-11, 3.24169753541e-11, 2.21498184377e-11, 1.84478769066e-11, 2.18441723043e-11, 1.22244185261e-11, 1.12967309118e-11, 1.0149279854e-11, 6.45799125981e-12, 2.4916388397e-12, 3.94554045468e-13],
        "dvar2": [9.29133602767e-05, 0.000442479009507, 9.01774037629e-05, 2.17323995457e-05, 6.28630630217e-07, 1.05712977927e-07, 1.39717542424e-07, 8.294896503e-08, 4.08637639282e-08, 2.48491343058e-08, 1.06557918045e-08, 5.93839999397e-09, 1.1247328402e-08, 2.16975881706e-09, 1.22683090353e-08, 1.93441138663e-08, 1.94429823352e-08, 3.56892237985e-10, 3.26418181373e-09, 5.30328003734e-09, 2.60934363006e-09, 6.44179332099e-09, 2.20249707361e-09, 1.38374023351e-09, 8.31756996611e-10, 2.43855519111e-10, 5.511434642e-10, 2.82220191661e-10, 2.30396590695e-10, 1.51453211084e-10, 6.60891688598e-11, 4.43774079983e-11, 4.26900979844e-11, 5.21911645845e-11, 2.8089263554e-11, 2.60200454932e-11, 2.38483382348e-11, 1.76089143267e-11, 6.82241546243e-12, 9.11703438439e-13],
        "max": [0.0540925934911, 0.0953183695674, 0.0393468700349, 0.0374485999346, 0.00606764946133, 0.00455431872979, 0.00899798702449, 0.00327827292494, 0.00508968997747, 0.00298410630785, 0.00220185215585, 0.00135035521816, 0.00240530190058, 0.000621311715804, 0.00222348584794, 0.0029114568606, 0.00351942447014, 0.000227147058467, 0.000558856583666, 0.000676773430314, 0.000518972694408, 0.000812299025711, 0.000479347392684, 0.000375595584046, 0.000280451349681, 0.00014153412485, 0.000195779517526, 0.000142043441883, 0.000150073174154, 0.000121833305457, 7.60020629968e-05, 7.06925566192e-05, 6.47246779408e-05, 5.97567741352e-05, 4.65612283733e-05, 0.000101725294371, 0.000116522540338, 4.38544193457e-05, 3.10011819238e-05, 9.21794980968e-06],
        "mean": [0.00388393457979, 0.00578031502664, 0.00163129658904, 0.000585048052017, 0.000326058536302, 0.000313485448714, 0.000259125052253, 0.000258758547716, 0.000138256684295, 0.000104512299004, 6.35738833807e-05, 3.51338057953e-05, 4.63655014755e-05, 2.89848612738e-05, 3.79886478186e-05, 2.80471995211e-05, 1.88117519428e-05, 6.51724394629e-06, 1.30218759296e-05, 1.57617414516e-05, 1.23363161038e-05, 1.21795374071e-05, 8.31789202493e-06, 6.49519915896e-06, 5.86215355725e-06, 4.87180705022e-06, 4.37353446614e-06, 3.47419017999e-06, 3.0862620406e-06, 3.04967579723e-06, 2.30582691074e-06, 2.03270201382e-06, 1.79639755515e-06, 1.60531760685e-06, 1.36276423746e-06, 1.22048072626e-06, 9.35913590183e-07, 6.34029390767e-07, 4.44039642389e-07, 2.90633920486e-07],
        "median": [0.001082300907, 0.00255130650476, 0.000460857030703, 0.00010998480866, 0.000139894458698, 0.000141205688124, 9.72253692453e-05, 6.89680018695e-05, 4.29532956332e-05, 3.70163688785e-05, 2.73466357612e-05, 1.52682405314e-05, 1.60708150361e-05, 9.50726553128e-06, 1.0856299923e-05, 7.40061932447e-06, 2.89377044282e-06, 1.64647985912e-06, 2.56194607573e-06, 2.66863389697e-06, 1.88802891898e-06, 1.74088472704e-06, 1.21650339224e-06, 8.85483245838e-07, 7.30075271349e-07, 5.54081339033e-07, 4.94162406994e-07, 3.8385550738e-07, 2.47218167715e-07, 2.10526863498e-07, 1.74533397512e-07, 1.24548506619e-07, 9.56139487585e-08, 6.48174136586e-08, 5.21333554104e-08, 3.32432854577e-08, 2.72975366755e-08, 1.55086574694e-08, 9.82146808326e-09, 8.26245205587e-09],
        "min": [7.67832555615e-24, 2.10877003452e-23, 1.32145198346e-23, 1.59302239879e-23, 1.82203408383e-23, 1.16428091442e-23, 6.12028582529e-24, 6.80537207843e-24, 1.26298681964e-23, 1.8342016322e-23, 1.7269233333e-23, 2.20603248206e-23, 9.8770363046e-24, 1.678576415e-23, 5.0924118987e-24, 8.35933655385e-24, 1.85880052404e-23, 8.68974147767e-24, 5.75109655507e-24, 1.07708740859e-23, 1.56974216684e-23, 7.91694888023e-24, 7.97481813852e-24, 1.26716667803e-23, 9.90958470555e-24, 7.7255877907e-24, 1.44733540904e-23, 2.02200969221e-23, 1.82220763323e-23, 1.21099189297e-23, 1.05441286405e-23, 1.37792842893e-23, 1.01801103535e-23, 8.70373981444e-24, 1.08137407875e-23, 1.18683918087e-23, 1.13259994492e-23, 7.78295296687e-24, 1.05476398604e-23, 1.10400089721e-23],
        "var": [5.7193752582e-05, 0.000166587778949, 2.08694455068e-05, 4.58475869891e-06, 2.58084554616e-07, 1.9954165964e-07, 3.02893511162e-07, 1.78764651082e-07, 8.37932390141e-08, 3.76435274063e-08, 1.51049892594e-08, 4.81701567523e-09, 8.38669578229e-09, 2.82377565775e-09, 8.46944470112e-09, 1.11550422233e-08, 9.94449944614e-09, 1.81407458499e-10, 1.11364417688e-09, 2.22767004843e-09, 1.33448685435e-09, 1.55939028357e-09, 6.61866783602e-10, 3.88180793065e-10, 3.57044060983e-10, 2.05473832393e-10, 1.99579852644e-10, 1.0596702682e-10, 1.03261621476e-10, 9.71194027977e-11, 4.61520370532e-11, 3.55528176343e-11, 2.47381889279e-11, 2.60272879637e-11, 1.63116724988e-11, 1.41194399922e-11, 1.10845482099e-11, 5.23283196288e-12, 2.0888887408e-12, 5.36945650702e-13]
    },
    "mfcc": {
        "mean": [-733.914855957, 148.973968506, 6.80048513412, 19.0114250183, -2.5313565731, 5.6009850502, 0.328736454248, 6.71468877792, 1.75289487839, 1.75542140007, 2.59170627594, 7.48414945602, 4.55983877182],
        "cov": [[16071.5107422, -226.155960083, 303.783905029, 2147.48950195, 974.686401367, 926.610412598, 640.016967773, 1085.05786133, 661.500610352, 265.657226562, -220.325866699, -83.9481964111, 11.6027164459], [-226.155960083, 3941.31958008, 399.740142822, -105.644218445, -16.4341449738, -22.1369380951, -204.951660156, -289.714691162, -104.818267822, 0.115542449057, 154.625961304, 110.852790833, 54.8184661865], [303.783905029, 399.740142822, 1518.33496094, 50.4050483704, 16.729637146, -20.160451889, -16.7288990021, -28.9076404572, -114.899291992, 38.639175415, 21.6086196899, -8.40881443024, -37.9993858337], [2147.48950195, -105.644218445, 50.4050483704, 961.030944824, 508.716491699, 357.937347412, 212.717590332, 333.706848145, 265.692169189, 111.27205658, 22.6750011444, 52.448097229, 58.6507453918], [974.686401367, -16.4341449738, 16.729637146, 508.716491699, 513.130126953, 313.089874268, 152.652099609, 199.990371704, 175.598754883, 80.4584884644, 31.574508667, 61.1023597717, 45.9633140564], [926.610412598, -22.1369380951, -20.160451889, 357.937347412, 313.089874268, 349.853485107, 166.218063354, 187.469009399, 143.506546021, 72.7940597534, 33.29920578, 44.0912017822, 26.4369792938], [640.016967773, -204.951660156, -16.7288990021, 212.717590332, 152.652099609, 166.218063354, 273.73223877, 244.840744019, 158.927276611, 64.1219940186, 15.2018957138, 34.995098114, 36.8017272949], [1085.05786133, -289.714691162, -28.9076404572, 333.706848145, 199.990371704, 187.469009399, 244.840744019, 413.478851318, 254.01890564, 97.0318984985, 9.07608032227, 40.8481292725, 72.9157104492], [661.500610352, -104.818267822, -114.899291992, 265.692169189, 175.598754883, 143.506546021, 158.927276611, 254.01890564, 274.687011719, 110.21937561, 42.153881073, 57.986415863, 62.4558639526], [265.657226562, 0.115542449057, 38.639175415, 111.27205658, 80.4584884644, 72.7940597534, 64.1219940186, 97.0318984985, 110.21937561, 173.470199585, 91.2511291504, 51.2360649109, 20.0927047729], [-220.325866699, 154.625961304, 21.6086196899, 22.6750011444, 31.574508667, 33.29920578, 15.2018957138, 9.07608032227, 42.153881073, 91.2511291504, 147.046676636, 76.7005615234, 4.58470010757], [-83.9481964111, 110.852790833, -8.40881443024, 52.448097229, 61.1023597717, 44.0912017822, 34.995098114, 40.8481292725, 57.986415863, 51.2360649109, 76.7005615234, 122.599639893, 40.3388938904], [11.6027164459, 54.8184661865, -37.9993858337, 58.6507453918, 45.9633140564, 26.4369792938, 36.8017272949, 72.9157104492, 62.4558639526, 20.0927047729, 4.58470010757, 40.3388938904, 117.726501465]],
