{
"lowlevel": {
    "average_loudness": 0.939555883408,
    "barkbands_crest": {
        "dmean": 3.27489614487,
        "dmean2": 5.30419301987,
        "dvar": 10.0497922897,
        "dvar2": 25.0005073547,
        "max": 26.5787754059,
        "mean": 10.7812108994,
        "median": 9.62283325195,
        "min": 2.3323507309,
        "var": 23.0557842255
    },
    "barkbands_flatness_db": {
        "dmean": 0.0402421280742,
        "dmean2": 0.0596340000629,
        "dvar": 0.00164999137633,
        "dvar2": 0.0035320087336,
        "max": 0.509272456169,
        "mean": 0.163006514311,
        "median": 0.145999014378,
        "min": 0.0199056789279,
        "var": 0.00687708286569
    },
    "barkbands_kurtosis": {
        "dmean": 9.67958641052,
        "dmean2": 15.5316734314,
        "dvar": 1479.25085449,
        "dvar2": 3800.11987305,
        "max": 1006.60656738,
        "mean": 10.4499063492,
        "median": 2.78855991364,
        "min": -1.83704733849,
        "var": 1532.73400879
    },
    "barkbands_skewness": {
        "dmean": 1.01848530769,
        "dmean2": 1.54647278786,
        "dvar": 2.00671339035,
        "dvar2": 4.52227067947,
        "max": 28.7561397552,
        "mean": 1.81909275055,
        "median": 1.56360602379,
        "min": -3.87476468086,
        "var": 5.17840671539
    },
    "barkbands_spread": {
        "dmean": 8.91561794281,
        "dmean2": 14.5311861038,
        "dvar": 115.755661011,
        "dvar2": 277.024749756,
        "max": 96.067199707,
        "mean": 20.1543922424,
        "median": 17.6680145264,
        "min": 0.207567974925,
        "var": 214.291168213
    },
    "dissonance": {
        "dmean": 0.0193451158702,
        "dmean2": 0.0319960452616,
        "dvar": 0.000401376659283,
        "dvar2": 0.00101506733336,
        "max": 0.5,
        "mean": 0.463280260563,
        "median": 0.470799565315,
        "min": 0.214528217912,
        "var": 0.000951655092649
    },
    "dynamic_complexity": 4.53715372086,
    "erbbands_crest": {
        "dmean": 3.35890221596,
        "dmean2": 5.49083662033,
        "dvar": 10.9372158051,
        "dvar2": 27.0188274384,
        "max": 32.8580856323,
        "mean": 9.70664215088,
        "median": 8.36163234711,
        "min": 2.45632314682,
        "var": 25.1444454193
    },
    "erbbands_flatness_db": {
        "dmean": 0.031021554023,
        "dmean2": 0.0421121232212,
        "dvar": 0.000946962391026,
        "dvar2": 0.00164733361453,
        "max": 0.445208966732,
        "mean": 0.169288977981,
        "median": 0.159061819315,
        "min": 0.0505473390222,
        "var": 0.00422799540684
    },
    "erbbands_kurtosis": {
        "dmean": 1.37379086018,
        "dmean2": 2.25561785698,
        "dvar": 5.67818260193,
        "dvar2": 15.4243392944,
        "max": 47.2951278687,
        "mean": 0.773595690727,
        "median": -0.130277514458,
        "min": -1.8050481081,
        "var": 7.80914878845
    },
    "erbbands_skewness": {
        "dmean": 0.489972263575,
        "dmean2": 0.773387372494,
        "dvar": 0.227700844407,
        "dvar2": 0.564827501774,
        "max": 4.01142263412,
        "mean": -0.0189203433692,
        "median": -0.0493394061923,
        "min": -4.31975603104,
        "var": 0.686819493771
    },
    "erbbands_spread": {
        "dmean": 10.9453630447,
        "dmean2": 16.7113456726,
        "dvar": 125.314910889,
        "dvar2": 269.62286377,
        "max": 138.68762207,
        "mean": 37.1935539246,
        "median": 35.7453842163,
        "min": 1.23468995094,
        "var": 375.91696167
    },
    "hfc": {
        "dmean": 10.1142110825,
        "dmean2": 16.2573738098,
        "dvar": 287.182861328,
        "dvar2": 711.631103516,
        "max": 185.380157471,
        "mean": 16.7058486938,
        "median": 11.140417099,
        "min": 1.13796639767e-16,
        "var": 342.474182129
    },
    "melbands_crest": {
        "dmean": 4.0945763588,
        "dmean2": 6.79816246033,
        "dvar": 14.0077781677,
        "dvar2": 36.3199729919,
        "max": 36.7238311768,
        "mean": 15.8802976608,
        "median": 15.3303413391,
        "min": 1.78136873245,
        "var": 39.9381256104
    },
    "melbands_flatness_db": {
        "dmean": 0.0473689511418,
        "dmean2": 0.0714058503509,
        "dvar": 0.00246445951052,
        "dvar2": 0.0053995186463,
        "max": 0.667446374893,
        "mean": 0.2325116992,
        "median": 0.215500593185,
        "min": 0.00360816600733,
        "var": 0.0118402736261
    },
    "melbands_kurtosis": {
        "dmean": 17.3765926361,
        "dmean2": 26.9086818695,
        "dvar": 1665.85656738,
        "dvar2": 4056.76708984,
        "max": 800.942077637,
        "mean": 24.3341827393,
        "median": 9.70825767517,
        "min": -1.80134725571,
        "var": 2899.70288086
    },
    "melbands_skewness": {
        "dmean": 1.2359597683,
        "dmean2": 1.8827559948,
        "dvar": 2.19999194145,
        "dvar2": 4.72886705399,
        "max": 21.8968658447,
        "mean": 3.12848782539,
        "median": 2.83464002609,
        "min": -2.53840088844,
        "var": 7.34264945984
    },
    "melbands_spread": {
        "dmean": 10.4942779541,
        "dmean2": 17.2035083771,
        "dvar": 174.764755249,
        "dvar2": 428.927764893,
        "max": 227.023834229,
        "mean": 24.1436004639,
        "median": 16.8648662567,
        "min": 0.257249712944,
        "var": 605.721313477
    },
    "pitch_salience": {
        "dmean": 0.0976417064667,
        "dmean2": 0.160882160068,
        "dvar": 0.00854621361941,
        "dvar2": 0.0226158648729,
        "max": 0.959554314613,
        "mean": 0.511536598206,
        "median": 0.525713801384,
        "min": 0.0517111420631,
        "var": 0.0188294183463
    },
    "silence_rate_20dB": {
        "dmean": 0,
        "dmean2": 0,
        "dvar": 0,
        "dvar2": 0,
        "max": 1,
        "mean": 1,
        "median": 1,
        "min": 1,
        "var": 0
    },
    "silence_rate_30dB": {
        "dmean": 0.0760211348534,
        "dmean2": 0.152061849833,
        "dvar": 0.0702384710312,
        "dvar2": 0.144918203354,
        "max": 1,
        "mean": 0.917418181896,
        "median": 1,
        "min": 0,
        "var": 0.0757574290037
    },
    "silence_rate_60dB": {
        "dmean": 0.0536013394594,
        "dmean2": 0.107087627053,
        "dvar": 0.0507259108126,
        "dvar2": 0.113667398691,
        "max": 1,
        "mean": 0.138495236635,
        "median": 0,
        "min": 0,
        "var": 0.119313806295
    },
    "spectral_centroid": {
        "dmean": 387.965942383,
        "dmean2": 628.284057617,
        "dvar": 206064.625,
        "dvar2": 503135.28125,
        "max": 11638.5820312,
        "mean": 1376.01086426,
        "median": 1201.00732422,
        "min": 141.8618927,
        "var": 938882.125
    },
    "spectral_complexity": {
        "dmean": 5.099858284,
        "dmean2": 7.81481981277,
        "dvar": 47.5955886841,
        "dvar2": 104.250846863,
        "max": 54,
        "mean": 14.4697246552,
        "median": 13,
        "min": 0,
        "var": 100.968109131
    },
    "spectral_decrease": {
        "dmean": 5.73474823184e-09,
        "dmean2": 8.78349215583e-09,
        "dvar": 1.19481713151e-16,
        "dvar2": 2.80457532215e-16,
        "max": 9.76650690564e-29,
        "mean": -9.43898204042e-09,
        "median": -4.83798512363e-09,
        "min": -8.47649630487e-08,
        "var": 1.58530011429e-16
    },
    "spectral_energy": {
        "dmean": 0.0222744233906,
        "dmean2": 0.0340909697115,
        "dvar": 0.00174504623283,
        "dvar2": 0.00408453447744,
        "max": 0.323497205973,
        "mean": 0.0371401011944,
        "median": 0.0199213288724,
        "min": 1.02346620983e-20,
        "var": 0.00233744038269
    },
    "spectral_energyband_high": {
        "dmean": 0.00062415888533,
        "dmean2": 0.00104508223012,
        "dvar": 1.82503811175e-06,
        "dvar2": 4.65464290755e-06,
        "max": 0.016982620582,
        "mean": 0.000573605357204,
        "median": 0.000175226683496,
        "min": 7.32957955317e-21,
        "var": 1.48068636463e-06
    },
    "spectral_energyband_low": {
        "dmean": 0.0160042531788,
        "dmean2": 0.0248065628111,
        "dvar": 0.00144142098725,
        "dvar2": 0.00341476267204,
        "max": 0.309970617294,
        "mean": 0.0229993928224,
        "median": 0.00651528779417,
        "min": 1.89371077454e-23,
        "var": 0.00180608266965
    },
    "spectral_energyband_middle_high": {
        "dmean": 0.002207884565,
        "dmean2": 0.00370999774896,
        "dvar": 1.16016226457e-05,
        "dvar2": 3.08399285132e-05,
        "max": 0.0317339673638,
        "mean": 0.00416261283681,
        "median": 0.00267267599702,
        "min": 1.21970588404e-21,
        "var": 2.0169552954e-05
    },
    "spectral_energyband_middle_low": {
        "dmean": 0.00732883950695,
        "dmean2": 0.0115938521922,
        "dvar": 0.000324535561958,
        "dvar2": 0.000792440376244,
        "max": 0.188121289015,
        "mean": 0.0116238314658,
        "median": 0.00548897730187,
        "min": 1.8640346477e-22,
        "var": 0.000350845832145
    },
    "spectral_entropy": {
        "dmean": 0.305338174105,
        "dmean2": 0.451519429684,
        "dvar": 0.0994354486465,
        "dvar2": 0.207406997681,
        "max": 9.81897258759,
        "mean": 7.43956232071,
        "median": 7.48486042023,
        "min": 4.71899652481,
        "var": 0.394806563854
    },
    "spectral_flux": {
        "dmean": 0.0454190075397,
        "dmean2": 0.0714573562145,
        "dvar": 0.00427588121966,
        "dvar2": 0.00975496415049,
        "max": 0.515138268471,
        "mean": 0.0979441031814,
        "median": 0.0708372443914,
        "min": 6.372356115e-11,
        "var": 0.00706022093073
    },
    "spectral_kurtosis": {
        "dmean": 3.74753499031,
        "dmean2": 6.01435613632,
        "dvar": 71.0193634033,
        "dvar2": 183.065750122,
        "max": 214.415527344,
        "mean": 7.84117794037,
        "median": 4.34934139252,
        "min": -1.26583778858,
        "var": 206.206192017
    },
    "spectral_rms": {
        "dmean": 0.00152613047976,
        "dmean2": 0.00222436990589,
        "dvar": 4.63377728011e-06,
        "dvar2": 9.7634310805e-06,
        "max": 0.0177653320134,
        "mean": 0.00498599372804,
        "median": 0.00440856488422,
        "min": 3.15991070116e-12,
        "var": 1.13740461529e-05
    },
    "spectral_rolloff": {
        "dmean": 760.401000977,
        "dmean2": 1322.95556641,
        "dvar": 1633427.875,
        "dvar2": 3871722,
        "max": 19099.9511719,
        "mean": 1684.30725098,
        "median": 1012.06054688,
        "min": 43.06640625,
        "var": 5542954.5
    },
    "spectral_skewness": {
        "dmean": 0.387947410345,
        "dmean2": 0.625427663326,
        "dvar": 0.281789422035,
        "dvar2": 0.739076197147,
        "max": 11.0607509613,
        "mean": 1.83032751083,
        "median": 1.59617209435,
        "min": -0.0569583326578,
        "var": 1.07933807373
    },
    "spectral_spread": {
        "dmean": 917978.375,
        "dmean2": 1258684.875,
        "dvar": 1.21971933184e+12,
        "dvar2": 2.2107431895e+12,
        "max": 42554440,
        "mean": 4435217.5,
        "median": 4148370.75,
        "min": 309283.03125,
        "var": 5.52742525338e+12
    },
    "spectral_strongpeak": {
        "dmean": 0.485226631165,
        "dmean2": 0.823307573795,
        "dvar": 0.578193187714,
        "dvar2": 1.50400733948,
        "max": 10.1764030457,
        "mean": 0.762991726398,
        "median": 0.453610777855,
        "min": 0,
        "var": 0.948437094688
    },
    "zerocrossingrate": {
        "dmean": 0.0142555348575,
        "dmean2": 0.0175734683871,
        "dvar": 0.000295670470223,
        "dvar2": 0.000394670641981,
        "max": 0.7177734375,
        "mean": 0.0648871213198,
        "median": 0.048828125,
        "min": 0.001953125,
        "var": 0.00486734928563
    },
    "barkbands": {
        "dmean": [0.000778860819992, 0.0107397995889, 0.00538327079266, 0.0030670335982, 0.00337849161588, 0.000857599487063, 0.000515933497809, 0.000474316242617, 0.000451075844467, 0.000241458881646, 0.000208584853681, 0.000313968164846, 0.000344345578924, 0.000580667227041, 0.000454838416772, 0.000348801288055, 0.000335118995281, 0.000268813426374, 0.000111450630357, 0.000118369993288, 0.000137290509883, 9.27228829823e-05, 8.64177418407e-05, 9.52261179918e-05, 8.65893234732e-05, 7.36192960176e-05, 1.56694750331e-05],
        "dmean2": [0.00127752556, 0.0173575282097, 0.00882995221764, 0.00505927717313, 0.00546072656289, 0.00141701905522, 0.000809558841866, 0.00070460117422, 0.000727373233531, 0.000379702454666, 0.000346924003679, 0.000513397739269, 0.000568876857869, 0.000968363659922, 0.000769330363255, 0.000584907655139, 0.000575435173232, 0.000475198990898, 0.000190912527614, 0.000204569398193, 0.000236348059843, 0.000153639397467, 0.000149939936819, 0.000157803879119, 0.000146987265907, 0.000123186138808, 2.75472157227e-05],
        "dvar": [2.95975087283e-06, 0.000819909269921, 0.000188780730241, 6.70547524351e-05, 8.31001234474e-05, 2.82725955003e-06, 9.39715675941e-07, 7.8589300756e-07, 9.84940925264e-07, 2.79113777424e-07, 2.05147486554e-07, 3.61741086863e-07, 6.6039262947e-07, 1.62194783115e-06, 9.2854071454e-07, 8.63280206431e-07, 2.64966558916e-07, 3.69595340999e-07, 4.76265711313e-08, 4.89918896562e-08, 8.66974971814e-08, 4.36901430589e-08, 3.26075770829e-08, 5.01443579992e-08, 8.53407016166e-08, 5.40246247738e-08, 4.34862945653e-09],
        "dvar2": [8.22633592179e-06, 0.00185993814375, 0.000500845431816, 0.000174572924152, 0.000203548654099, 7.19367153579e-06, 2.19717389882e-06, 1.49072707245e-06, 2.53975986197e-06, 6.33487843515e-07, 5.113113275e-07, 8.96776555237e-07, 1.68708356796e-06, 4.20711739935e-06, 2.82191899714e-06, 2.50561220128e-06, 7.33401748221e-07, 1.05462936517e-06, 1.28771745267e-07, 1.29042177832e-07, 2.25411127985e-07, 1.11786967238e-07, 8.42522283051e-08, 1.27966018226e-07, 2.35441206087e-07, 1.42840946182e-07, 1.21889280891e-08],
        "max": [0.0149099249393, 0.283485472202, 0.142076417804, 0.112516283989, 0.099880836904, 0.0291887670755, 0.016263788566, 0.0256814025342, 0.0150032574311, 0.0116507047787, 0.00592991150916, 0.0104237468913, 0.0115232644603, 0.0285895913839, 0.0242585614324, 0.0295708943158, 0.00639669131488, 0.00611509429291, 0.00182040070649, 0.0017808182165, 0.00294600729831, 0.00377328437753, 0.00238433526829, 0.00319916545413, 0.00565696367994, 0.00270984973758, 0.00138813990634],
        "mean": [0.000839621119667, 0.0131773743778, 0.00687493104488, 0.00407864013687, 0.00419418187812, 0.00100660230964, 0.000726285798009, 0.00078167184256, 0.000622000836302, 0.000350657559466, 0.000238666267251, 0.000408512627473, 0.000479210604681, 0.000798755383585, 0.000591718766373, 0.000455306319054, 0.000454358494608, 0.000300349725876, 0.000130266096676, 0.000114665970614, 0.000133814988658, 9.67708037933e-05, 7.38176095183e-05, 7.97967441031e-05, 6.61381272948e-05, 5.54887192266e-05, 1.04919890873e-05],
        "median": [7.08768420736e-05, 0.00232698698528, 0.00112612056546, 0.000697624869645, 0.00128331955057, 0.000364526786143, 0.000265026959823, 0.000234314240515, 0.000158410868607, 8.98657017387e-05, 4.32946617366e-05, 0.000112762347271, 9.78551834123e-05, 0.000177347537829, 0.000182464340469, 0.000175058870809, 0.000226206044317, 0.000116933864774, 5.113791849e-05, 3.91939138353e-05, 3.73480070266e-05, 3.17097183142e-05, 1.87131263374e-05, 1.36442240546e-05, 7.55133441999e-06, 3.22388518725e-06, 1.53229194666e-07],
        "min": [3.0583691589e-24, 2.04019171334e-24, 4.39806205195e-24, 2.92517788366e-24, 1.30848429346e-23, 6.49898323601e-24, 1.1455926418e-23, 1.76718900271e-23, 3.80535993051e-23, 2.05818606446e-23, 9.77537027772e-24, 2.65719907315e-23, 3.04906667445e-23, 3.71335855413e-23, 4.70739744763e-23, 9.56725835795e-23, 1.30528787641e-22, 1.08688283645e-22, 1.73319834314e-22, 2.33165649862e-22, 3.21755486825e-22, 3.64677042646e-22, 3.90756153084e-22, 6.07011528146e-22, 9.75756972605e-22, 1.36471755205e-21, 2.09507461403e-21],
        "var": [3.71366559193e-06, 0.00102005479857, 0.000183722208021, 7.34928617021e-05, 8.08094991953e-05, 3.21215611621e-06, 1.64603409303e-06, 2.46216336564e-06, 1.32553930143e-06, 5.68155030578e-07, 2.85273671352e-07, 5.92271419464e-07, 1.14572185339e-06, 3.13274517794e-06, 1.14209638014e-06, 9.53391747771e-07, 3.62213256722e-07, 2.8221802495e-07, 4.37744738235e-08, 4.0373780763e-08, 7.11183432145e-08, 3.82612554972e-08, 2.55956464912e-08, 3.98543811286e-08, 5.4698347185e-08, 3.83019838068e-08, 2.62971910914e-09]
    },
    "erbbands": {
        "dmean": [0.303857028484, 2.6532099247, 6.6149096489, 7.53918027878, 14.8064718246, 7.78228998184, 8.16825008392, 6.83210897446, 7.43348264694, 8.55078315735, 10.0097398758, 10.3815698624, 10.0737457275, 5.81769943237, 8.80808258057, 15.0912237167, 15.8746948242, 31.685792923, 23.1627101898, 19.2242698669, 19.1089038849, 14.9421834946, 15.155579567, 8.06351184845, 5.68032073975, 5.08145284653, 6.58481454849, 4.20927715302, 3.03144860268, 3.4749622345, 2.41007900238, 2.07055807114, 1.60241162777, 1.09237766266, 0.540869295597, 0.319455862045, 0.130217909813, 0.0319511219859, 0.0026050938759, 6.35120813968e-05],
        "dmean2": [0.477950751781, 4.37454175949, 10.8653688431, 11.9100551605, 23.7488193512, 12.8664216995, 13.4774827957, 11.4382772446, 11.6809844971, 13.1698799133, 14.9065074921, 16.2715950012, 15.9097547531, 9.68057250977, 14.5035610199, 24.4788608551, 26.3889846802, 52.6524009705, 39.8274879456, 32.0230789185, 32.6709442139, 25.6148071289, 26.9069728851, 13.6197719574, 9.81210231781, 8.7409324646, 11.4771184921, 7.14252281189, 4.97298955917, 5.95820760727, 4.17639255524, 3.48658108711, 2.66089868546, 1.86157774925, 0.914793908596, 0.535658240318, 0.21751499176, 0.0545373223722, 0.00460572075099, 0.000104836952232],
        "dvar": [0.53406637907, 53.2157363892, 318.876220703, 255.551605225, 2241.95532227, 314.151702881, 243.501647949, 232.60736084, 204.301147461, 311.739196777, 394.411254883, 427.43270874, 651.083007812, 137.556488037, 368.826721191, 862.562683105, 1370.38952637, 4417.25830078, 2779.51147461, 1210.44348145, 1353.00720215, 569.347961426, 1347.36730957, 236.721374512, 157.56892395, 90.6829681396, 190.931777954, 79.8643722534, 43.4716072083, 77.1988296509, 25.5111961365, 21.7669334412, 17.8246936798, 13.531124115, 3.41895270348, 1.04770720005, 0.174095824361, 0.0122381197289, 0.000137579365401, 3.00147533494e-08],
        "dvar2": [1.14739978313, 128.924438477, 842.365905762, 642.149658203, 5692.29736328, 798.131164551, 620.578979492, 601.827209473, 463.904266357, 714.100585938, 737.500244141, 1020.25256348, 1593.84643555, 354.015777588, 883.645507812, 2117.27441406, 3554.53637695, 11451.2509766, 8670.26464844, 3359.62084961, 3835.67382812, 1543.43945312, 3879.53759766, 624.08807373, 430.300994873, 237.864379883, 502.381500244, 203.629898071, 109.227455139, 209.148803711, 65.1309738159, 55.5097160339, 46.5778770447, 37.4051933289, 9.41248321533, 2.80869913101, 0.457830667496, 0.0333249121904, 0.000388946849853, 8.24983672487e-08],
        "max": [6.30916643143, 69.6547012329, 150.880065918, 208.774887085, 529.284240723, 208.114196777, 396.099243164, 172.0521698, 300.231140137, 344.927276611, 703.922912598, 444.505706787, 581.839294434, 167.594070435, 292.992492676, 532.218139648, 501.860534668, 1564.43945312, 1429.56494141, 746.044311523, 968.091125488, 292.028839111, 380.224029541, 276.99307251, 109.285087585, 75.8369445801, 137.903198242, 107.865272522, 78.0547180176, 204.023696899, 49.0910873413, 50.4177703857, 80.1742477417, 79.8431015015, 28.3839321136, 11.891992569, 5.43424749374, 1.89011633396, 0.290034085512, 0.00394170405343],
        "mean": [0.369717657566, 2.96047973633, 7.9329662323, 11.6049613953, 17.2813968658, 9.49807548523, 9.43692874908, 7.61184263229, 10.5249052048, 13.1334609985, 16.3230762482, 16.1137065887, 14.938706398, 7.40153837204, 10.622095108, 20.8209514618, 23.1270103455, 45.7302894592, 31.0539207458, 27.9181671143, 26.7039394379, 20.4478416443, 17.2437667847, 10.3231725693, 6.1038069725, 5.09006309509, 6.01514291763, 4.40175199509, 3.3931620121, 3.17970561981, 2.02054595947, 1.72175490856, 1.32955181599, 0.8366792202, 0.412744581699, 0.241217076778, 0.0976950451732, 0.0231094881892, 0.00173295417335, 7.02049364918e-05],
        "median": [0.0546698756516, 0.515587091446, 1.53502309322, 2.25447654724, 3.17171120644, 3.16945528984, 3.78042316437, 2.22794532776, 3.39517688751, 4.58721351624, 5.58831930161, 4.83110380173, 4.05371427536, 2.29682970047, 2.56970977783, 6.24242591858, 6.87561559677, 13.8230848312, 12.1826086044, 12.935251236, 13.048915863, 10.662935257, 6.81287240982, 4.83627128601, 1.99920868874, 1.83962500095, 1.7154031992, 1.38021719456, 1.09455931187, 0.864703714848, 0.490881472826, 0.327081829309, 0.194948151708, 0.107025623322, 0.041571225971, 0.0169038828462, 0.00526914466172, 0.00080681766849, 4.24195131927e-05, 3.07083755615e-05],
        "min": [3.91186688123e-23, 6.49122715559e-22, 6.20882817914e-21, 1.24521838787e-20, 1.49778385153e-20, 3.68593942776e-20, 4.29760330159e-20, 6.8091646869e-20, 6.67619863461e-20, 2.51537016429e-19, 4.19070455383e-19, 9.01203661402e-19, 8.32514118046e-19, 9.71869701132e-19, 1.37083938329e-18, 1.45325552362e-18, 1.64527226793e-18, 2.69808655509e-18, 3.1488075515e-18, 3.61139197225e-18, 6.00603186911e-18, 7.55173630332e-18, 7.13240370923e-18, 9.89875789386e-18, 8.8029239076e-18, 1.08184685841e-17, 1.23776039499e-17, 1.22912818627e-17, 1.09589362598e-17, 1.11554652744e-17, 1.02995641238e-17, 1.04643070689e-17, 1.14336924365e-17, 8.00982396346e-18, 6.06394816047e-18, 4.65046647924e-18, 2.71543790921e-18, 1.18029874278e-18, 3.0234937729e-19, 3.01372819491e-20],
        "var": [0.815466701984, 55.6141624451, 274.935974121, 408.14453125, 1975.4609375, 309.921203613, 267.585693359, 239.255325317, 421.86428833, 625.185424805, 1236.14196777, 807.728881836, 1053.71105957, 174.402893066, 564.80670166, 1498.99511719, 2239.66552734, 8569.62988281, 3138.79248047, 1934.52392578, 1621.83300781, 703.271118164, 1001.07318115, 260.907836914, 123.037185669, 76.1928253174, 148.054107666, 70.8607406616, 42.1482391357, 56.0049171448, 20.17004776, 17.3557929993, 13.3102970123, 8.63964176178, 2.20146203041, 0.720832765102, 0.125003919005, 0.00801693834364, 8.13369988464e-05, 2.09361292747e-08]
    },
    "gfcc": {
        "mean": [-51.8836746216, 90.8377685547, -114.863700867, 32.7537498474, -40.5804405212, 14.2020673752, -39.9955101013, 5.73105096817, -14.4163999557, 3.45499587059, -18.4972343445, -3.23898816109, -14.1811666489],
        "cov": [[22997.7402344, 1854.98876953, -383.639221191, 936.209106445, 436.85546875, 464.854919434, -586.575256348, -30.3905277252, -265.03793335, 130.489181519, -361.644897461, -84.6278839111, -341.276031494], [1854.98876953, 4448.36083984, 256.299255371, 147.447113037, 831.938720703, -301.647216797, 480.4659729, -120.60017395, 261.18258667, -504.487731934, 190.425292969, -196.302978516, 255.117401123], [-383.639221191, 256.299255371, 1122.94067383, 152.725631714, 124.548347473, 67.748260498, 165.230209351, 110.912612915, -86.2233276367, -117.992973328, -77.916809082, -6.78600597382, 6.17050981522], [936.209106445, 147.447113037, 152.725631714, 660.86340332, 224.830673218, 230.397888184, 208.826461792, 49.8303413391, 36.1525306702, 31.04728508, 34.2974739075, -27.9220714569, 5.78553962708], [436.85546875, 831.938720703, 124.548347473, 224.830673218, 497.266998291, 65.4819946289, 177.712112427, 19.121799469, 104.377227783, -57.9103927612, 66.5007171631, -57.7408409119, 46.2797470093], [464.854919434, -301.647216797, 67.748260498, 230.397888184, 65.4819946289, 318.449035645, 112.859580994, 71.2125396729, 6.19878959656, 70.8654174805, -16.4919548035, 13.6816110611, -25.2181587219], [-586.575256348, 480.4659729, 165.230209351, 208.826461792, 177.712112427, 112.859580994, 370.848022461, 75.6466751099, 73.405418396, -77.4385452271, 44.6801719666, -25.3193244934, 69.0916290283], [-30.3905277252, -120.60017395, 110.912612915, 49.8303413391, 19.121799469, 71.2125396729, 75.6466751099, 161.220733643, 23.505191803, 5.08701896667, -23.3074417114, 16.1956195831, 2.74737429619], [-265.03793335, 261.18258667, -86.2233276367, 36.1525306702, 104.377227783, 6.19878959656, 73.405418396, 23.505191803, 151.055374146, 27.6337432861, 59.9371032715, -9.1108045578, 39.570602417], [130.489181519, -504.487731934, -117.992973328, 31.04728508, -57.9103927612, 70.8654174805, -77.4385452271, 5.08701896667, 27.6337432861, 210.058349609, 49.292388916, 41.9952087402, -30.2088737488], [-361.644897461, 190.425292969, -77.916809082, 34.2974739075, 66.5007171631, -16.4919548035, 44.6801719666, -23.3074417114, 59.9371032715, 49.292388916, 143.774475098, 39.0606002808, 37.8613700867], [-84.6278839111, -196.302978516, -6.78600597382, -27.9220714569, -57.7408409119, 13.6816110611, -25.3193244934, 16.1956195831, -9.1108045578, 41.9952087402, 39.0606002808, 99.9441299438, 19.7099437714], [-341.276031494, 255.117401123, 6.17050981522, 5.78553962708, 46.2797470093, -25.2181587219, 69.0916290283, 2.74737429619, 39.570602417, -30.2088737488, 37.8613700867, 19.7099437714, 101.286186218]],
        "icov": [[8.69631330715e-05, -0.000159671064466, 8.75248661032e-05, -0.000162427124451, -1.40106294566e-05, -0.00013602116087, 0.000256818340858, -0.000116592411359, 0.00023852736922, -0.000270366115728, 0.000412754219724, -0.000254493992543, 0.000221056601731], [-0.000159671064466, 0.000934612413403, -0.000237127445871, 0.000310394825647, -0.000598979066126, 0.000599225051701, -0.000606282032095, 0.000621090468485, -0.000976819195785, 0.0016993957106, -0.001434582402, 0.00101364578586, -0.000848282477818], [8.75248661032e-05, -0.000237127445871, 0.0013054687297, -0.000300151121337, -0.000342033075867, 5.42248671991e-05, -0.000208359022508, -0.000813998223748, 0.00133475440089, -0.000239930697717, 0.00105973496102, -0.000768363010138, 0.00032414868474], [-0.000162427124451, 0.000310394825647, -0.000300151121337, 0.0028491881676, -0.000683303398546, -0.00110468117055, -0.00125912413932, 0.000376390002202, 8.70789663168e-05, -4.95613603562e-05, -0.00126740755513, 0.0012275185436, -0.000401606230298], [-1.40106294566e-05, -0.000598979066126, -0.000342033075867, -0.000683303398546, 0.00415181508288, -0.00103454652708, 0.000289207120659, -0.000357807497494, -0.00132129481062, 0.00028003368061, -0.00142899062485, 0.00158864725381, 3.89533170164e-06], [-0.00013602116087, 0.000599225051701, 5.42248671991e-05, -0.00110468117055, -0.00103454652708, 0.00663087749854, -0.00280972360633, -0.00027047394542, 4.40121539214e-07, -0.0017938936362, 0.00198137108237, -0.00167162739672, 0.0011892337352], [0.000256818340858, -0.000606282032095, -0.000208359022508, -0.00125912413932, 0.000289207120659, -0.00280972360633, 0.00712058227509, -0.00238018576056, -0.000545895774849, 0.00206625834107, -0.00181513174903, 0.00157727510668, -0.00194625044242], [-0.000116592411359, 0.000621090468485, -0.000813998223748, 0.000376390002202, -0.000357807497494, -0.00027047394542, -0.00238018576056, 0.00947802793235, -0.0032864655368, 0.000363643659512, 0.00262007210404, -0.00270722690038, 0.000473371997941], [0.00023852736922, -0.000976819195785, 0.00133475440089, 8.70789663168e-05, -0.00132129481062, 4.40121539214e-07, -0.000545895774849, -0.0032864655368, 0.0130545590073, -0.00440745474771, -0.00103587773629, 0.00190085999202, -0.00215422757901], [-0.000270366115728, 0.0016993957106, -0.000239930697717, -4.95613603562e-05, 0.00028003368061, -0.0017938936362, 0.00206625834107, 0.000363643659512, -0.00440745474771, 0.0124054476619, -0.00678157946095, 0.000864233064931, 0.000620812177658], [0.000412754219724, -0.001434582402, 0.00105973496102, -0.00126740755513, -0.00142899062485, 0.00198137108237, -0.00181513174903, 0.00262007210404, -0.00103587773629, -0.00678157946095, 0.0176291558892, -0.00903921201825, 0.000876529433299], [-0.000254493992543, 0.00101364578586, -0.000768363010138, 0.0012275185436, 0.00158864725381, -0.00167162739672, 0.00157727510668, -0.00270722690038, 0.00190085999202, 0.000864233064931, -0.00903921201825, 0.0186445172876, -0.00631265202537], [0.000221056601731, -0.000848282477818, 0.00032414868474, -0.000401606230298, 3.89533170164e-06, 0.0011892337352, -0.00194625044242, 0.000473371997941, -0.00215422757901, 0.000620812177658, 0.000876529433299, -0.00631265202537, 0.0162943135947]]
    },
    "melbands": {
        "dmean": [0.00278083514422, 0.00346583477221, 0.00154594087508, 0.000820455490611, 0.000282219087239, 0.000155489935423, 0.000113497706479, 9.38127705012e-05, 7.80589616625e-05, 6.90637170919e-05, 4.97095170431e-05, 2.27438886213e-05, 2.75066449831e-05, 3.56177006324e-05, 2.94286037388e-05, 4.00756434829e-05, 6.68520951876e-05, 3.68052860722e-05, 2.91558098979e-05, 2.88604569505e-05, 2.42208225245e-05, 1.84355576494e-05, 1.23958307086e-05, 1.3987649254e-05, 5.92190417592e-06, 4.19882690039e-06, 4.23645997216e-06, 3.12534916702e-06, 4.65266066385e-06, 3.1550971471e-06, 2.19498360821e-06, 1.70241571595e-06, 1.87832779375e-06, 1.81265784249e-06, 1.37822257784e-06, 1.3081863699e-06, 1.25067583667e-06, 1.1913778053e-06, 9.57703832682e-07, 9.38098196457e-07],
        "dmean2": [0.00443214783445, 0.00556608429179, 0.00245132413693, 0.00133512483444, 0.000470035971375, 0.000258223997662, 0.000177386653377, 0.00014349585399, 0.000117471587146, 0.00010883982759, 7.87603858043e-05, 3.79682169296e-05, 4.58280919702e-05, 5.78663384658e-05, 4.86517783429e-05, 6.62441598251e-05, 0.000111074790766, 6.35973919998e-05, 4.91927130497e-05, 4.75716515211e-05, 4.19546486228e-05, 3.16130972351e-05, 2.16743992496e-05, 2.47627649514e-05, 9.88928422885e-06, 7.36565061743e-06, 7.34995728635e-06, 5.36512970939e-06, 8.1794532889e-06, 5.42157840755e-06, 3.72798899662e-06, 2.82185646938e-06, 3.16706541525e-06, 3.13907776217e-06, 2.41649240706e-06, 2.23669212573e-06, 2.10712983062e-06, 1.98718817046e-06, 1.60871923072e-06, 1.61895161455e-06],
        "dvar": [4.98092776979e-05, 8.70629519341e-05, 1.31635697471e-05, 6.08067830399e-06, 2.6745593118e-07, 1.08172393709e-07, 4.49224835108e-08, 3.55633176241e-08, 2.35336070631e-08, 2.0842877646e-08, 1.60632271928e-08, 2.1788115756e-09, 3.78260445189e-09, 4.53324755512e-09, 3.25577720339e-09, 1.03222186354e-08, 2.2905235042e-08, 6.92052415374e-09, 3.85497056499e-09, 6.96407731482e-09, 1.71764968915e-09, 8.04774080709e-10, 8.14254497161e-10, 1.00326091879e-09, 1.39005612576e-10, 9.8406685578e-11, 8.01200911171e-11, 3.14889815611e-11, 9.65022436961e-11, 4.52895290715e-11, 2.23933423887e-11, 1.45887156522e-11, 2.24894703554e-11, 2.07669732105e-11, 8.32193255279e-12, 9.39327608751e-12, 8.38847220852e-12, 9.68677828922e-12, 9.01344103521e-12, 1.06926056551e-11],
        "dvar2": [0.00010910617857, 0.000223897601245, 3.33527059411e-05, 1.50958276208e-05, 6.85183465521e-07, 2.75390846127e-07, 1.0195312683e-07, 7.89197045492e-08, 4.62481501984e-08, 5.03800734464e-08, 3.93885031258e-08, 5.59729684824e-09, 9.46355882547e-09, 1.12885034653e-08, 8.45690628637e-09, 2.63189825489e-08, 5.90001114631e-08, 2.12481854334e-08, 1.11140208148e-08, 2.03809644717e-08, 4.79681760979e-09, 2.20963158881e-09, 2.29887109349e-09, 2.84639445347e-09, 3.57709278864e-10, 2.73147476859e-10, 2.14071885218e-10, 8.23619089596e-11, 2.5669086301e-10, 1.18136334049e-10, 5.73999320297e-11, 3.70572877939e-11, 5.95504409673e-11, 5.65428259769e-11, 2.17078629378e-11, 2.3760196935e-11, 2.15055230568e-11, 2.53009019985e-11, 2.44636602642e-11, 2.96983722337e-11],
        "max": [0.068266697228, 0.0730713605881, 0.0423286855221, 0.0252417791635, 0.0113597325981, 0.00448885466903, 0.00424709403887, 0.00404417840764, 0.00520936679095, 0.00289271213114, 0.00288019096479, 0.000716211798135, 0.000844885478728, 0.00112028641161, 0.00084437901387, 0.0015643525403, 0.00359110417776, 0.00209126900882, 0.00122248358093, 0.00266744964756, 0.000626234570518, 0.00029166333843, 0.000345550390193, 0.000351743161445, 0.000254124228377, 0.000100490207842, 8.73436511029e-05, 4.66111632704e-05, 0.000105867926322, 5.81369313295e-05, 6.65094921715e-05, 4.39726063632e-05, 9.80417826213e-05, 9.84669386526e-05, 2.5217057555e-05, 2.99119237752e-05, 3.70786401618e-05, 5.61682718399e-05, 7.17006478226e-05, 6.20694336249e-05],
        "mean": [0.00349261867814, 0.00419111130759, 0.00224300287664, 0.000985951046459, 0.00033241204801, 0.000179988637683, 0.000161559612025, 0.000147404789459, 0.000121838689665, 0.000102897829493, 7.17572111171e-05, 2.7523994504e-05, 3.07607697323e-05, 4.78122201457e-05, 4.11839246226e-05, 5.51469602215e-05, 9.29778325371e-05, 4.73720137961e-05, 3.79884550057e-05, 3.91788998968e-05, 3.18673082802e-05, 2.45172050199e-05, 1.44404102684e-05, 1.53013206727e-05, 7.58890519137e-06, 4.22208768214e-06, 4.23002984462e-06, 3.08326866616e-06, 4.04680758948e-06, 3.00974625134e-06, 2.36181949731e-06, 1.90203149941e-06, 1.84708858342e-06, 1.60800664162e-06, 1.12681755127e-06, 1.09603354304e-06, 1.02889305253e-06, 9.81003836387e-07, 7.62512797792e-07, 7.01679311987e-07],
        "median": [0.000628709269222, 0.000818651518784, 0.000472541723866, 0.000235748215346, 0.000133693989483, 5.46614464838e-05, 5.31799560122e-05, 4.9386988394e-05, 3.97561016143e-05, 2.61520035565e-05, 1.88909980352e-05, 7.429409834e-06, 5.64781339563e-06, 1.39740286613e-05, 1.36203289003e-05, 1.08345466288e-05, 2.09656936931e-05, 1.68173264683e-05, 1.3405286154e-05, 1.37370034281e-05, 1.42732806125e-05, 1.20894801512e-05, 5.54654343432e-06, 5.43489113625e-06, 3.21762354361e-06, 1.25900237435e-06, 1.11306019335e-06, 1.1233917121e-06, 1.07965638563e-06, 8.45332692734e-07, 6.97810037309e-07, 5.63797129871e-07, 5.1825020364e-07, 4.05846066087e-07, 2.60421870735e-07, 2.25985090196e-07, 1.80602569344e-07, 1.38073659173e-07, 1.02735683072e-07, 8.21983547894e-08],
        "min": [6.47730829656e-25, 2.06591863683e-24, 2.38847301414e-24, 3.41828891906e-24, 1.55616924304e-24, 1.48269976732e-24, 1.25676546811e-24, 2.7324757306e-24, 3.55398561653e-24, 5.29492274826e-24, 3.48069097211e-24, 4.0435913485e-24, 3.37540644025e-24, 2.28826736601e-24, 5.10086217672e-24, 3.75607718652e-24, 4.12361813189e-24, 3.70038755092e-24, 3.90629444668e-24, 5.49995400842e-24, 5.84688438491e-24, 7.38296498918e-24, 6.74635897183e-24, 4.11239855766e-24, 8.07048251163e-24, 5.56744066443e-24, 6.9341599321e-24, 7.52926318836e-24, 6.31266415096e-24, 6.03520402122e-24, 6.73251209636e-24, 5.77123222967e-24, 5.92744680486e-24, 5.4811392814e-24, 5.73982491602e-24, 6.61664302331e-24, 6.13967405419e-24, 7.65943154861e-24, 5.61991332526e-24, 6.6701486975e-24],
        "var": [7.00854725437e-05, 8.0459540186e-05, 1.551911555e-05, 5.55335100216e-06, 3.13976812549e-07, 1.27107639969e-07, 9.01619401361e-08, 8.01137289841e-08, 6.94927919653e-08, 3.70700838914e-08, 2.55555221429e-08, 2.72047162575e-09, 5.16207832035e-09, 7.56260032375e-09, 4.78392792047e-09, 1.79804402478e-08, 4.41147847141e-08, 8.09573030836e-09, 4.98172081365e-09, 7.79267406159e-09, 2.13551842876e-09, 1.03938313512e-09, 6.87426171542e-10, 7.93707655156e-10, 1.69552996643e-10, 7.16157272374e-11, 6.48281706095e-11, 2.70790612156e-11, 7.18044582126e-11, 3.70548522421e-11, 2.03575073465e-11, 1.38266004548e-11, 1.75662401292e-11, 1.48164102515e-11, 6.30188652997e-12, 7.46988495365e-12, 6.60559714566e-12, 7.23698878602e-12, 6.09818792685e-12, 6.70250920737e-12]
    },
    "mfcc": {
        "mean": [-689.897705078, 121.459846497, -5.60145187378, 23.7457637787, 18.0632514954, 10.9144411087, -6.74640274048, 2.18174171448, 3.64820694923, 3.05787086487, 3.33278417587, 4.1099524498, -3.67461705208],
        "cov": [[13905.8007812, 788.61706543, -448.497009277, 624.079650879, 476.662994385, 489.424407959, 91.5680465698, 43.4160957336, 37.0534858704, 40.9736289978, 111.343086243, 53.2609100342, -137.307739258], [788.61706543, 2963.51611328, 134.428985596, 461.692108154, 286.472747803, 35.2773895264, 144.420257568, 292.856903076, 152.804931641, -64.2294235229, 23.2729988098, 5.70742464066, -91.0602798462], [-448.497009277, 134.428985596, 865.560852051, 101.200660706, 12.0536937714, 2.75020575523, 168.704620361, 134.046737671, 66.3394546509, -12.5404844284, -95.7164001465, -16.94647789, -25.4875240326], [624.079650879, 461.692108154, 101.200660706, 508.55090332, 176.368865967, 187.171905518, 171.905136108, 127.584335327, 80.7967758179, 63.3052940369, 37.7227249146, 44.1259994507, -17.9100131989], [476.662994385, 286.472747803, 12.0536937714, 176.368865967, 279.026733398, 95.5498886108, 61.2643013, 46.6545791626, 44.3224220276, 30.6718883514, 34.1626548767, 28.3758468628, 2.67263197899], [489.424407959, 35.2773895264, 2.75020575523, 187.171905518, 95.5498886108, 289.869995117, 139.617919922, 74.7828369141, 57.1678504944, 63.9416923523, 49.5872650146, 47.3617591858, 19.8680763245], [91.5680465698, 144.420257568, 168.704620361, 171.905136108, 61.2643013, 139.617919922, 236.89364624, 145.72505188, 79.6943435669, 48.5810279846, 0.645039737225, 30.1055984497, -15.6427707672], [43.4160957336, 292.856903076, 134.046737671, 127.584335327, 46.6545791626, 74.7828369141, 145.72505188, 238.424133301, 113.050796509, 25.4146747589, -0.786368429661, 19.4330997467, -12.645734787], [37.0534858704, 152.804931641, 66.3394546509, 80.7967758179, 44.3224220276, 57.1678504944, 79.6943435669, 113.050796509, 153.135574341, 60.2985038757, 6.91512107849, 15.3132143021, -15.9170255661], [40.9736289978, -64.2294235229, -12.5404844284, 63.3052940369, 30.6718883514, 63.9416923523, 48.5810279846, 25.4146747589, 60.2985038757, 119.043266296, 40.3510169983, 19.8340587616, 1.22931993008], [111.343086243, 23.2729988098, -95.7164001465, 37.7227249146, 34.1626548767, 49.5872650146, 0.645039737225, -0.786368429661, 6.91512107849, 40.3510169983, 110.015800476, 45.8370056152, 20.3202991486], [53.2609100342, 5.70742464066, -16.94647789, 44.1259994507, 28.3758468628, 47.3617591858, 30.1055984497, 19.4330997467, 15.3132143021, 19.8340587616, 45.8370056152, 89.6577911377, 42.9414176941], [-137.307739258, -91.0602798462, -25.4875240326, -17.9100131989, 2.67263197899, 19.8680763245, -15.6427707672, -12.645734787, -15.9170255661, 1.22931993008, 20.3202991486, 42.9414176941, 102.572425842]],
