{
"lowlevel": {
    "average_loudness": 0.863893687725,
    "barkbands_crest": {
        "dmean": 2.72125554085,
        "dmean2": 4.38884210587,
        "dvar": 6.66142988205,
        "dvar2": 16.6033573151,
        "max": 26.1909427643,
        "mean": 10.5190677643,
        "median": 9.78353881836,
        "min": 2.22869682312,
        "var": 19.2429695129
    },
    "barkbands_flatness_db": {
        "dmean": 0.0244641248137,
        "dmean2": 0.0367530919611,
        "dvar": 0.000641248596366,
        "dvar2": 0.0013231546618,
        "max": 0.477143675089,
        "mean": 0.160729333758,
        "median": 0.154811888933,
        "min": 0.0254879761487,
        "var": 0.00448416778818
    },
    "barkbands_kurtosis": {
        "dmean": 3.67005205154,
        "dmean2": 5.78567075729,
        "dvar": 45.1932563782,
        "dvar2": 102.820503235,
        "max": 200.965911865,
        "mean": 5.52874612808,
        "median": 2.93646526337,
        "min": -1.94617331028,
        "var": 92.2777862549
    },
    "barkbands_skewness": {
        "dmean": 0.615658223629,
        "dmean2": 0.941440403461,
        "dvar": 0.508945941925,
        "dvar2": 1.19750571251,
        "max": 12.9508428574,
        "mean": 1.60193312168,
        "median": 1.50526094437,
        "min": -3.66358828545,
        "var": 1.75157368183
    },
    "barkbands_spread": {
        "dmean": 6.88811016083,
        "dmean2": 11.1731853485,
        "dvar": 106.620658875,
        "dvar2": 257.4034729,
        "max": 114.28339386,
        "mean": 19.0400371552,
        "median": 14.8215398788,
        "min": 0.983845412731,
        "var": 210.537719727
    },
    "dissonance": {
        "dmean": 0.0249076932669,
        "dmean2": 0.0417081825435,
        "dvar": 0.000535308674444,
        "dvar2": 0.00146445224527,
        "max": 0.500000119209,
        "mean": 0.446236491203,
        "median": 0.454573601484,
        "min": 0.23065623641,
        "var": 0.00144665071275
    },
    "dynamic_complexity": 4.3923573494,
    "erbbands_crest": {
        "dmean": 2.59909892082,
        "dmean2": 4.1535525322,
        "dvar": 5.90498971939,
        "dvar2": 14.650478363,
        "max": 30.9146537781,
        "mean": 9.50898742676,
        "median": 8.49180698395,
        "min": 2.49025225639,
        "var": 21.561050415
    },
    "erbbands_flatness_db": {
        "dmean": 0.017983071506,
        "dmean2": 0.0264363288879,
        "dvar": 0.000316429010127,
        "dvar2": 0.000661307945848,
        "max": 0.472300946712,
        "mean": 0.170901343226,
        "median": 0.159065067768,
        "min": 0.0614120289683,
        "var": 0.00367228290997
    },
    "erbbands_kurtosis": {
        "dmean": 1.42044556141,
        "dmean2": 2.21751022339,
        "dvar": 5.08071374893,
        "dvar2": 12.4439907074,
        "max": 93.1399536133,
        "mean": 1.49338674545,
        "median": 0.581970691681,
        "min": -1.85957360268,
        "var": 11.6372509003
    },
    "erbbands_skewness": {
        "dmean": 0.451736599207,
        "dmean2": 0.704724550247,
        "dvar": 0.235036596656,
        "dvar2": 0.557675778866,
        "max": 8.08863925934,
        "mean": 0.701895475388,
        "median": 0.714525163174,
        "min": -4.23573923111,
        "var": 0.787178337574
    },
    "erbbands_spread": {
        "dmean": 9.68385982513,
        "dmean2": 14.8026514053,
        "dvar": 144.781921387,
        "dvar2": 343.40612793,
        "max": 147.666809082,
        "mean": 35.7489051819,
        "median": 31.4830532074,
        "min": 1.79776263237,
        "var": 439.34576416
    },
    "hfc": {
        "dmean": 8.4976644516,
        "dmean2": 12.770318985,
        "dvar": 422.69140625,
        "dvar2": 971.936096191,
        "max": 594.259155273,
        "mean": 17.038766861,
        "median": 8.57401561737,
        "min": 6.02088778834e-09,
        "var": 707.02355957
    },
    "melbands_crest": {
        "dmean": 3.31240439415,
        "dmean2": 5.34572792053,
        "dvar": 11.2897577286,
        "dvar2": 26.9655342102,
        "max": 33.6757888794,
        "mean": 14.516456604,
        "median": 13.704949379,
        "min": 2.21535634995,
        "var": 34.103679657
    },
    "melbands_flatness_db": {
        "dmean": 0.029907265678,
        "dmean2": 0.0443848855793,
        "dvar": 0.00108067679685,
        "dvar2": 0.00221544131637,
        "max": 0.580159068108,
        "mean": 0.219367533922,
        "median": 0.214678496122,
        "min": 0.0161479581147,
        "var": 0.00741998385638
    },
    "melbands_kurtosis": {
        "dmean": 8.17681884766,
        "dmean2": 12.822684288,
        "dvar": 293.619842529,
        "dvar2": 673.686035156,
        "max": 418.436798096,
        "mean": 14.3069629669,
        "median": 7.81803798676,
        "min": -1.84217107296,
        "var": 606.210266113
    },
    "melbands_skewness": {
        "dmean": 0.783193767071,
        "dmean2": 1.18853533268,
        "dvar": 0.873924434185,
        "dvar2": 2.02208352089,
        "max": 16.6880435944,
        "mean": 2.47235298157,
        "median": 2.18535041809,
        "min": -1.24470043182,
        "var": 3.25139498711
    },
    "melbands_spread": {
        "dmean": 8.1374168396,
        "dmean2": 12.9859256744,
        "dvar": 250.325042725,
        "dvar2": 584.069274902,
        "max": 283.315704346,
        "mean": 21.4464359283,
        "median": 15.121386528,
        "min": 0.818422198296,
        "var": 515.890991211
    },
    "pitch_salience": {
        "dmean": 0.0784531012177,
        "dmean2": 0.120361581445,
        "dvar": 0.00647525303066,
        "dvar2": 0.0148601848632,
        "max": 0.888149321079,
        "mean": 0.53973275423,
        "median": 0.544465124607,
        "min": 0.0676221325994,
        "var": 0.0192604940385
    },
    "silence_rate_20dB": {
        "dmean": 0,
        "dmean2": 0,
        "dvar": 0,
        "dvar2": 0,
        "max": 1,
        "mean": 1,
        "median": 1,
        "min": 1,
        "var": 0
    },
    "silence_rate_30dB": {
        "dmean": 0.00479094078764,
        "dmean2": 0.00958292465657,
        "dvar": 0.00476792873815,
        "dvar2": 0.0127578144893,
        "max": 1,
        "mean": 0.996733784676,
        "median": 1,
        "min": 0,
        "var": 0.00325598823838
    },
    "silence_rate_60dB": {
        "dmean": 0.0276567935944,
        "dmean2": 0.0553196109831,
        "dvar": 0.0268903523684,
        "dvar2": 0.056613355875,
        "max": 1,
        "mean": 0.113445833325,
        "median": 0,
        "min": 0,
        "var": 0.100580990314
    },
    "spectral_centroid": {
        "dmean": 287.29284668,
        "dmean2": 454.216094971,
        "dvar": 209597.625,
        "dvar2": 456494,
        "max": 11023.6015625,
        "mean": 1121.66723633,
        "median": 901.661071777,
        "min": 191.590423584,
        "var": 577447.125
    },
    "spectral_complexity": {
        "dmean": 3.1837978363,
        "dmean2": 4.68888139725,
        "dvar": 19.5312175751,
        "dvar2": 37.7979774475,
        "max": 54,
        "mean": 13.2155685425,
        "median": 12,
        "min": 0,
        "var": 64.8689651489
    },
    "spectral_decrease": {
        "dmean": 2.49857246004e-09,
        "dmean2": 3.86838072686e-09,
        "dvar": 1.97837184151e-17,
        "dvar2": 4.90308528764e-17,
        "max": 1.86219184294e-17,
        "mean": -6.06415939686e-09,
        "median": -3.88424536979e-09,
        "min": -4.60618529985e-08,
        "var": 3.946627595e-17
    },
    "spectral_energy": {
        "dmean": 0.00996590964496,
        "dmean2": 0.0153357805684,
        "dvar": 0.000294894969556,
        "dvar2": 0.000723670469597,
        "max": 0.180008783937,
        "mean": 0.024432959035,
        "median": 0.0158677175641,
        "min": 5.74130641032e-13,
        "var": 0.000619684811682
    },
    "spectral_energyband_high": {
        "dmean": 0.000741300114896,
        "dmean2": 0.00120369542856,
        "dvar": 6.60438035993e-06,
        "dvar2": 1.60751460498e-05,
        "max": 0.0578931383789,
        "mean": 0.000851063290611,
        "median": 0.000213949970203,
        "min": 4.82983824376e-13,
        "var": 7.90512513049e-06
    },
    "spectral_energyband_low": {
        "dmean": 0.0045703779906,
        "dmean2": 0.00682171992958,
        "dvar": 9.43511186051e-05,
        "dvar2": 0.000208552170079,
        "max": 0.089943036437,
        "mean": 0.00867755245417,
        "median": 0.00406068842858,
        "min": 1.27605259394e-14,
        "var": 0.000178344853339
    },
    "spectral_energyband_middle_high": {
        "dmean": 0.00191162980627,
        "dmean2": 0.00268285558559,
        "dvar": 1.38588875416e-05,
        "dvar2": 2.75349993899e-05,
        "max": 0.0755687206984,
        "mean": 0.00455777766183,
        "median": 0.00142541213427,
        "min": 6.38290622071e-14,
        "var": 6.0930789914e-05
    },
    "spectral_energyband_middle_low": {
        "dmean": 0.00713649112731,
        "dmean2": 0.0116704776883,
        "dvar": 0.000249626202276,
        "dvar2": 0.000645771797281,
        "max": 0.159709259868,
        "mean": 0.0117757543921,
        "median": 0.00611510593444,
        "min": 9.53676174083e-15,
        "var": 0.000261557259364
    },
    "spectral_entropy": {
        "dmean": 0.209069773555,
        "dmean2": 0.317179083824,
        "dvar": 0.0574470758438,
        "dvar2": 0.122108891606,
        "max": 9.79672145844,
        "mean": 7.42637872696,
        "median": 7.47758626938,
        "min": 4.95436954498,
        "var": 0.356992483139
    },
    "spectral_flux": {
        "dmean": 0.0286732818931,
        "dmean2": 0.0425593741238,
        "dvar": 0.0014830105938,
        "dvar2": 0.0027538172435,
        "max": 0.401692479849,
        "mean": 0.0756524726748,
        "median": 0.0574619062245,
        "min": 7.58836813475e-06,
        "var": 0.00407298002392
    },
    "spectral_kurtosis": {
        "dmean": 2.63245463371,
        "dmean2": 4.47746086121,
        "dvar": 62.9135093689,
        "dvar2": 192.189865112,
        "max": 268.343902588,
        "mean": 7.38916301727,
        "median": 3.40696430206,
        "min": -1.54210162163,
        "var": 462.733642578
    },
    "spectral_rms": {
        "dmean": 0.000869726995006,
        "dmean2": 0.00126698357053,
        "dvar": 1.37989570703e-06,
        "dvar2": 2.98398049381e-06,
        "max": 0.0132521064952,
        "mean": 0.00428035017103,
        "median": 0.00393455196172,
        "min": 2.36670114617e-08,
        "var": 5.51537868887e-06
    },
    "spectral_rolloff": {
        "dmean": 670.033813477,
        "dmean2": 1182.86877441,
        "dvar": 2106543.25,
        "dvar2": 5193614,
        "max": 17161.9628906,
        "mean": 1547.90014648,
        "median": 818.26171875,
        "min": 64.599609375,
        "var": 6041111.5
    },
    "spectral_skewness": {
        "dmean": 0.319863826036,
        "dmean2": 0.515494465828,
        "dvar": 0.224441081285,
        "dvar2": 0.619279026985,
        "max": 13.2338933945,
        "mean": 1.7881398201,
        "median": 1.57766127586,
        "min": -0.414596647024,
        "var": 1.57311713696
    },
    "spectral_spread": {
        "dmean": 676064.8125,
        "dmean2": 1032471.3125,
        "dvar": 903341473792,
        "dvar2": 1.79174899712e+12,
        "max": 40912048,
        "mean": 4930094.5,
        "median": 4775016,
        "min": 320179.34375,
        "var": 3.04486704742e+12
    },
    "spectral_strongpeak": {
        "dmean": 0.458829194307,
        "dmean2": 0.751148462296,
        "dvar": 0.786341905594,
        "dvar2": 1.83260035515,
        "max": 17.7459564209,
        "mean": 0.902062535286,
        "median": 0.438038736582,
        "min": 0,
        "var": 1.71323823929
    },
    "zerocrossingrate": {
        "dmean": 0.0117131145671,
        "dmean2": 0.0139885162935,
        "dvar": 0.000269401556579,
        "dvar2": 0.000350447313394,
        "max": 0.53125,
        "mean": 0.0578388161957,
        "median": 0.04345703125,
        "min": 0.00390625,
        "var": 0.00338380108587
    },
    "barkbands": {
        "dmean": [6.68302964186e-05, 0.00293906382285, 0.00171874102671, 0.00342020648532, 0.00182994606439, 0.00142812123522, 0.000727945705876, 0.00089084013598, 0.000996765564196, 0.000917615252547, 0.000272698496701, 0.000410184235079, 0.000211204809602, 0.000353024865035, 0.000221257869271, 0.000143457131344, 9.08171059564e-05, 7.59869071771e-05, 8.84264300112e-05, 7.49385726522e-05, 0.000137782786624, 0.000205733129405, 0.000153245404363, 0.00014543463476, 9.21221871977e-05, 2.74162994174e-05, 1.22274695968e-06],
        "dmean2": [0.000103082500573, 0.00401046127081, 0.00261300592683, 0.00626099389046, 0.0031093317084, 0.00233499333262, 0.00118369271513, 0.0014000890078, 0.00148085749242, 0.00134268042166, 0.000416837050579, 0.000611004768871, 0.00032749134698, 0.000533285841811, 0.00034506447264, 0.000231905927649, 0.000144002391608, 0.000115143579023, 0.000137249167892, 0.000118847718113, 0.000218446803046, 0.000361789134331, 0.000259246735368, 0.000239352710196, 0.000146707621752, 4.4606418669e-05, 2.07853258871e-06],
        "dvar": [2.22706226793e-08, 3.96227624151e-05, 1.85539774975e-05, 0.00014428893337, 1.99225487449e-05, 9.19449576031e-06, 2.1630980882e-06, 5.23763492311e-06, 5.76483625991e-06, 7.14094494469e-06, 6.3036964093e-07, 2.64084678747e-06, 2.78602499293e-07, 8.73926182976e-07, 5.41901158613e-07, 1.63199203485e-07, 5.51200258769e-08, 3.48606619127e-08, 4.61054625589e-08, 7.19321420206e-08, 3.23022135262e-07, 4.59946789988e-07, 4.28495496863e-07, 5.75262504299e-07, 2.92683523639e-07, 1.3942484145e-07, 5.542414791e-11],
        "dvar2": [4.70520120643e-08, 7.78773755883e-05, 3.89432243537e-05, 0.000404394959332, 5.49724099983e-05, 2.22735452553e-05, 5.33427464688e-06, 1.26211216411e-05, 1.19077412819e-05, 1.41403370435e-05, 1.32628042593e-06, 5.52820392841e-06, 6.61003696223e-07, 1.87470254787e-06, 1.32085995119e-06, 4.08866668522e-07, 1.24734967244e-07, 8.75434551517e-08, 1.14628370795e-07, 1.93031354456e-07, 7.82260599408e-07, 1.25736767131e-06, 1.13207579489e-06, 1.43531349295e-06, 5.95101766976e-07, 3.19055601494e-07, 1.46894788e-10],
        "max": [0.00230841967277, 0.0657433047891, 0.0441578328609, 0.0971605479717, 0.0689699947834, 0.0679907500744, 0.0263321455568, 0.0411661602557, 0.0518031530082, 0.064462505281, 0.0265244506299, 0.0535576529801, 0.0160866174847, 0.0241008084267, 0.0253256075084, 0.00971281342208, 0.00419707223773, 0.00266842124984, 0.00395287154242, 0.0105096073821, 0.0243691075593, 0.0141382692382, 0.0185768622905, 0.0243197195232, 0.0346665047109, 0.0205755978823, 0.000197545537958],
        "mean": [0.000174535758561, 0.00486056879163, 0.00228914129548, 0.00248380098492, 0.00248545943759, 0.00224970001727, 0.00124061421957, 0.00132706109434, 0.00183417543303, 0.00169997825287, 0.000440871168394, 0.000676659285091, 0.000324329070281, 0.00059076375328, 0.000322328647599, 0.000188869627891, 0.000121840021166, 0.000103798680357, 0.000122511555674, 0.000111727931653, 0.000183301133802, 0.000189427330042, 0.000139586350997, 0.000144792051287, 9.46710424614e-05, 3.14397184411e-05, 1.05756009816e-06],
        "median": [1.47089012899e-05, 0.00205607176758, 0.000489101686981, 0.00018058475689, 0.000988814048469, 0.000830967561342, 0.000549256219529, 0.000274568767054, 0.000387886655517, 0.000220129630179, 6.62986421958e-05, 0.000121755547298, 9.41596226767e-05, 0.000135922484333, 5.68901559745e-05, 3.9702947106e-05, 2.7881556889e-05, 2.26322390517e-05, 3.29840477207e-05, 3.35865661327e-05, 4.86214776174e-05, 3.28095266013e-05, 2.00953491003e-05, 1.91459639609e-05, 1.37819870361e-05, 1.85837097888e-06, 2.10736263995e-08],
        "min": [6.76621776728e-15, 7.19044998375e-15, 1.78594779346e-15, 7.85043158647e-16, 6.34794760397e-16, 1.05885513506e-15, 7.38047653151e-16, 2.0511783732e-15, 3.57302679943e-15, 3.15154320487e-15, 5.24060300906e-15, 2.2749242438e-15, 3.84585822932e-15, 4.16592699261e-15, 2.97207831093e-15, 1.14685779252e-14, 3.32074290652e-15, 4.73481803691e-15, 1.77544068856e-14, 9.8855775318e-15, 3.74578738524e-14, 4.28983698607e-14, 1.72477761511e-14, 6.04124497823e-14, 6.23182806899e-14, 1.21878269738e-13, 1.37497747021e-13],
        "var": [1.10799298625e-07, 6.87951178406e-05, 2.39279725065e-05, 8.80719526322e-05, 1.9035056539e-05, 1.99187343242e-05, 3.87155159842e-06, 9.69769553194e-06, 1.75761288119e-05, 2.29952838708e-05, 1.62631249623e-06, 6.59148236082e-06, 5.01009992604e-07, 2.32906654674e-06, 1.03876811863e-06, 2.08076471608e-07, 8.2200941165e-08, 5.02488788356e-08, 6.4545645273e-08, 7.66253194229e-08, 3.72314076458e-07, 3.53021704314e-07, 3.59671929573e-07, 6.39897791643e-07, 4.20776785859e-07, 1.8469758345e-07, 4.09184040817e-11]
    },
    "erbbands": {
        "dmean": [0.0548185557127, 0.774928152561, 2.12094306946, 7.26653862, 8.50088596344, 4.78197240829, 9.77435398102, 12.5527591705, 10.7261762619, 12.6812915802, 19.2716140747, 20.9740619659, 26.0691013336, 18.5305500031, 13.9549274445, 12.2648801804, 9.47248077393, 12.9688892365, 14.0275230408, 10.8900337219, 7.00543451309, 5.25302648544, 4.269343853, 4.22499036789, 3.89048171043, 3.53931450844, 5.85570049286, 5.39444208145, 7.2240190506, 5.44737529755, 4.47743844986, 3.65356779099, 2.0329887867, 1.40284132957, 0.437906950712, 0.179113581777, 0.0373921133578, 0.00484386552125, 0.000221644368139, 1.64531411428e-05],
        "dmean2": [0.0792537033558, 1.04521822929, 2.98411822319, 12.7479896545, 15.4166908264, 7.99787139893, 15.6613340378, 20.4310722351, 17.1651859283, 20.9000282288, 29.6576423645, 31.6381931305, 38.1145782471, 27.169839859, 20.8072853088, 18.5353622437, 14.4468927383, 19.7906627655, 21.4322166443, 16.9159221649, 11.2044229507, 8.29147052765, 6.41796350479, 6.35352373123, 6.08343029022, 5.52512454987, 9.32830238342, 8.74956893921, 12.6091814041, 9.63327026367, 7.58983373642, 6.14266395569, 3.29275107384, 2.29941487312, 0.678167939186, 0.291233628988, 0.0591708831489, 0.00786845199764, 0.000382843834814, 2.58329200733e-05],
        "dvar": [0.0118683250621, 2.9831495285, 25.7205848694, 584.189575195, 780.280273438, 136.966934204, 380.65725708, 793.648254395, 398.888244629, 888.982055664, 2483.57177734, 3325.82983398, 4051.33959961, 3012.43408203, 1460.57336426, 2061.48266602, 592.3203125, 1387.46716309, 1277.42419434, 922.249755859, 369.923858643, 156.253128052, 119.086349487, 123.791511536, 94.7871398926, 158.775390625, 621.367553711, 458.0753479, 616.257629395, 312.27822876, 403.222137451, 377.432678223, 105.517021179, 65.7203369141, 7.6935505867, 5.57085561752, 0.215103372931, 0.000907246954739, 1.73557214111e-06, 2.14907625029e-09],
        "dvar2": [0.0265688113868, 5.77899456024, 56.1383476257, 1604.44995117, 2177.16870117, 376.147583008, 955.02746582, 1888.19714355, 960.998718262, 2222.20092773, 6035.86621094, 6938.48779297, 8028.09814453, 6110.17529297, 3030.36450195, 4533.43945312, 1384.56567383, 3002.68212891, 2935.89477539, 2245.26318359, 953.711547852, 347.492523193, 287.989135742, 300.486175537, 241.921859741, 423.769226074, 1550.29748535, 1189.46582031, 1673.99536133, 842.467407227, 1065.18249512, 1001.89837646, 241.231384277, 148.541564941, 13.4553041458, 13.3046340942, 0.424683541059, 0.00188233959489, 4.45302430307e-06, 4.61588767209e-09],
        "max": [1.44988536835, 18.2879219055, 60.2196655273, 200.852630615, 377.813049316, 256.5234375, 389.47442627, 709.358032227, 466.758575439, 510.128417969, 971.46875, 1536.4642334, 1487.42077637, 2082.84179688, 1028.3548584, 1387.95031738, 815.880187988, 1298.98706055, 959.563781738, 832.622375488, 483.69418335, 167.042480469, 155.678405762, 201.802307129, 159.422744751, 547.079956055, 1132.11779785, 558.419921875, 489.009246826, 378.598144531, 505.674987793, 600.379577637, 381.250549316, 488.888305664, 163.266326904, 120.064834595, 25.5010967255, 1.2294781208, 0.0312216840684, 0.00194585428108],
        "mean": [0.109932035208, 1.17038607597, 2.87150549889, 5.93163013458, 6.92815208435, 7.04074907303, 16.3998775482, 20.2646331787, 20.010181427, 18.4418144226, 31.566324234, 38.3981285095, 50.6117401123, 36.1795959473, 25.2767276764, 20.6384372711, 15.8374471664, 21.9420394897, 24.1787433624, 16.2038555145, 9.61436653137, 7.53777742386, 5.96320533752, 5.86606216431, 5.62874412537, 5.34757566452, 7.8968539238, 6.48864984512, 6.82967233658, 4.75678062439, 4.12347984314, 3.40792512894, 2.12952589989, 1.33977377415, 0.503694951534, 0.202341854572, 0.0415975041687, 0.00480952858925, 0.000205566437216, 3.55008123734e-05],
        "median": [0.035166092217, 0.385886698961, 0.633710801601, 0.758286595345, 1.39478254318, 3.04699087143, 6.0341463089, 6.98885059357, 10.1247901917, 6.06159496307, 7.73658704758, 8.78451824188, 10.7410230637, 6.45362329483, 5.24112129211, 4.87935590744, 5.09646511078, 5.72484016418, 5.29414319992, 3.60929298401, 2.34068894386, 1.83370482922, 1.33927714825, 1.44024431705, 1.67913353443, 1.62692916393, 2.01863002777, 1.69983148575, 1.28801715374, 0.739212036133, 0.579348027706, 0.38765245676, 0.310027480125, 0.204721570015, 0.0663629546762, 0.0145291024819, 0.00239687971771, 0.00022840926249, 2.23973820539e-05, 2.13165749301e-05],
        "min": [3.1433330331e-13, 1.24584858489e-12, 2.21940651621e-12, 2.4701519042e-12, 2.54585567037e-12, 1.72890326187e-12, 5.11552822671e-12, 9.10131432025e-12, 5.90601699491e-12, 3.24541921115e-11, 4.81063452962e-11, 9.47931941275e-11, 8.26078719318e-11, 1.219737783e-10, 1.73789094227e-10, 1.2362504076e-10, 1.64885174958e-10, 2.00266109252e-10, 1.08520734066e-10, 3.59318935717e-10, 6.23834650604e-10, 2.17253909307e-10, 1.85849030609e-10, 8.23382195758e-10, 6.79011014082e-10, 5.49260359417e-10, 1.21056409341e-09, 1.91064608579e-09, 1.68199543182e-09, 4.14720618958e-10, 5.60805235583e-10, 1.2324086196e-09, 1.01061592428e-09, 9.96661198016e-10, 2.57056792519e-10, 3.25541343882e-10, 2.4648580399e-10, 9.83700967905e-11, 2.377067293e-11, 1.66697363378e-12],
        "var": [0.0258277971298, 4.93136930466, 34.5240592957, 391.657897949, 488.980987549, 154.830947876, 777.515380859, 1757.91333008, 792.550109863, 1338.03662109, 4692.88037109, 9501.75488281, 12951.8378906, 10360.4589844, 3931.9777832, 4858.99023438, 1151.87695312, 3174.25146484, 3583.76879883, 1626.2532959, 450.069458008, 263.999694824, 177.290130615, 169.038833618, 126.116722107, 182.199569702, 729.129638672, 442.278930664, 483.916809082, 241.948471069, 338.681274414, 353.083129883, 136.202667236, 74.9992218018, 14.4321212769, 7.14877605438, 0.31127601862, 0.00121488841251, 1.50594439674e-06, 3.63760443989e-09]
    },
    "gfcc": {
        "mean": [-53.3221054077, 102.093177795, -111.77709198, 24.7224349976, -73.6273193359, 18.6081066132, -36.9479560852, 3.4337785244, -18.6109905243, 7.01856994629, -12.1552724838, -2.87624931335, -2.39211440086],
        "cov": [[21604.8007812, 770.164550781, 100.635780334, 1382.12756348, -481.300292969, 1174.05871582, -228.185943604, 1082.90722656, -212.686050415, 392.246002197, -443.541900635, -207.236312866, 11.1215982437], [770.164550781, 2306.46875, 91.6402282715, -393.195800781, 235.550735474, -110.089347839, 150.320373535, -216.575332642, 92.2302093506, -102.187919617, 177.952133179, -123.375068665, 147.83555603], [100.635780334, 91.6402282715, 752.330383301, 191.113861084, 35.6314811707, 115.744979858, -12.854265213, 11.501499176, 42.3519668579, 13.2285671234, 4.78025197983, 20.8664474487, -90.6801223755], [1382.12756348, -393.195800781, 191.113861084, 727.714111328, 29.2692108154, 220.908050537, 10.03312397, 191.036804199, 115.750778198, 7.74535369873, -61.453212738, 42.3322372437, -75.6314544678], [-481.300292969, 235.550735474, 35.6314811707, 29.2692108154, 417.909088135, 35.6087493896, 143.945098877, 69.7238388062, 65.4233627319, 20.8064308167, 18.9127464294, 9.79064369202, 2.22578144073], [1174.05871582, -110.089347839, 115.744979858, 220.908050537, 35.6087493896, 345.273529053, 66.0032653809, 108.230751038, 39.9787216187, 49.3933830261, -6.45170402527, 20.2638778687, -21.05286026], [-228.185943604, 150.320373535, -12.854265213, 10.03312397, 143.945098877, 66.0032653809, 229.598083496, 66.7979431152, 52.3586273193, 33.8434524536, 38.8080825806, -8.26797962189, 35.0839233398], [1082.90722656, -216.575332642, 11.501499176, 191.036804199, 69.7238388062, 108.230751038, 66.7979431152, 277.965881348, 44.7052841187, 75.3636779785, -44.7201805115, 7.44581794739, 12.060751915], [-212.686050415, 92.2302093506, 42.3519668579, 115.750778198, 65.4233627319, 39.9787216187, 52.3586273193, 44.7052841187, 160.755966187, 11.3487730026, 20.8096752167, 19.003068924, -13.3103485107], [392.246002197, -102.187919617, 13.2285671234, 7.74535369873, 20.8064308167, 49.3933830261, 33.8434524536, 75.3636779785, 11.3487730026, 185.709671021, 39.7180900574, -10.5260829926, 55.6217575073], [-443.541900635, 177.952133179, 4.78025197983, -61.453212738, 18.9127464294, -6.45170402527, 38.8080825806, -44.7201805115, 20.8096752167, 39.7180900574, 119.921524048, 26.7297992706, 42.1436195374], [-207.236312866, -123.375068665, 20.8664474487, 42.3322372437, 9.79064369202, 20.2638778687, -8.26797962189, 7.44581794739, 19.003068924, -10.5260829926, 26.7297992706, 111.467521667, -0.419490784407], [11.1215982437, 147.83555603, -90.6801223755, -75.6314544678, 2.22578144073, -21.05286026, 35.0839233398, 12.060751915, -13.3103485107, 55.6217575073, 42.1436195374, -0.419490784407, 146.541564941]],
        "icov": [[0.000174817512743, -0.000401630531996, 0.000186909630429, -0.000319701503031, 0.000372339360183, -0.000417400180595, 0.000280244305031, -0.000616016739514, 0.000692596950103, -0.00063723733183, 0.000692543690093, -0.000270930642728, 0.000365390384104], [-0.000401630531996, 0.00181941036135, -0.000738990725949, 0.00110631936695, -0.00132827402558, 0.000808824610431, -0.000562577799428, 0.00163330510259, -0.00234946119599, 0.002684609266, -0.00280582183041, 0.00212351535447, -0.00197404390201], [0.000186909630429, -0.000738990725949, 0.00189767731354, -0.000773159379605, 0.000397686235374, -0.000732691667508, 0.000473822554341, -0.00047335945419, 0.00097068445757, -0.00143925053999, 0.000772996456362, -0.000847268092912, 0.00173052214086], [-0.000319701503031, 0.00110631936695, -0.000773159379605, 0.00311660324223, -0.000733938300982, -0.000287936331006, -9.55789073487e-06, 3.36510020134e-05, -0.00286116055213, 0.00202114321291, -0.00115978438407, 0.000659286393784, -0.00068405183265], [0.000372339360183, -0.00132827402558, 0.000397686235374, -0.000733938300982, 0.00424985447899, -0.000556666462217, -0.00137339881621, -0.00183375598863, 0.00124924106058, -0.00202925316989, 0.00225155497901, -0.00176305766217, 0.0017453803448], [-0.000417400180595, 0.000808824610431, -0.000732691667508, -0.000287936331006, -0.000556666462217, 0.00518850283697, -0.00193856272381, 0.000915801094379, -0.00114410032984, 0.000449989107437, -0.00140047247987, -0.000160641269758, -0.000116100032756], [0.000280244305031, -0.000562577799428, 0.000473822554341, -9.55789073487e-06, -0.00137339881621, -0.00193856272381, 0.00761176692322, -0.00247127981856, -0.000196313529159, -6.22242296231e-05, -0.00146618764848, 0.00139287707862, -0.000610626360867], [-0.000616016739514, 0.00163330510259, -0.00047335945419, 3.36510020134e-05, -0.00183375598863, 0.000915801094379, -0.00247127981856, 0.00883892551064, -0.00313856336288, -0.000287614675472, 0.00120518775657, 0.000169157327036, -0.00237493426539], [0.000692596950103, -0.00234946119599, 0.00097068445757, -0.00286116055213, 0.00124924106058, -0.00114410032984, -0.000196313529159, -0.00313856336288, 0.0116448737681, -0.00350780086592, 0.00174042233266, -0.00283542810939, 0.00344409560785], [-0.00063723733183, 0.002684609266, -0.00143925053999, 0.00202114321291, -0.00202925316989, 0.000449989107437, -6.22242296231e-05, -0.000287614675472, -0.00350780086592, 0.0121263107285, -0.00773001927882, 0.00497728632763, -0.00505739590153], [0.000692543690093, -0.00280582183041, 0.000772996456362, -0.00115978438407, 0.00225155497901, -0.00140047247987, -0.00146618764848, 0.00120518775657, 0.00174042233266, -0.00773001927882, 0.018650136888, -0.00715219182894, 0.000382310070563], [-0.000270930642728, 0.00212351535447, -0.000847268092912, 0.000659286393784, -0.00176305766217, -0.000160641269758, 0.00139287707862, 0.000169157327036, -0.00283542810939, 0.00497728632763, -0.00715219182894, 0.0136605100706, -0.0027001707349], [0.000365390384104, -0.00197404390201, 0.00173052214086, -0.00068405183265, 0.0017453803448, -0.000116100032756, -0.000610626360867, -0.00237493426539, 0.00344409560785, -0.00505739590153, 0.000382310070563, -0.0027001707349, 0.0119187654927]]
    },
    "melbands": {
        "dmean": [0.000649060995784, 0.00104759517126, 0.00131770130247, 0.000420398893766, 0.000323812506394, 0.000275408354355, 0.000156463196618, 0.000159810049809, 0.000153742483235, 0.000134588975925, 0.000139578638482, 9.02217288967e-05, 4.4537417125e-05, 5.45384464203e-05, 1.83256997843e-05, 2.50856410275e-05, 2.53733196587e-05, 2.63446036115e-05, 1.9073853764e-05, 1.15875573101e-05, 7.70391125116e-06, 5.93485037825e-06, 4.2757042138e-06, 3.68785526916e-06, 3.58293345926e-06, 3.25727819472e-06, 2.42118107963e-06, 2.48038554673e-06, 3.8293187572e-06, 3.48589423993e-06, 3.1711945212e-06, 3.97560415877e-06, 4.56977841168e-06, 2.53051121035e-06, 2.75789966508e-06, 2.36898267758e-06, 2.16401781472e-06, 1.40825693506e-06, 1.40113240832e-06, 1.16451712984e-06],
        "dmean2": [0.000900713901501, 0.00137822027318, 0.00232152221724, 0.000742172647733, 0.000516573432833, 0.000446890306193, 0.000252680125413, 0.000258254411165, 0.0002352087904, 0.000202108334634, 0.000203580537345, 0.000131787572172, 6.62394013489e-05, 8.11023055576e-05, 2.83508197754e-05, 3.88760781789e-05, 3.89283486584e-05, 4.02293262596e-05, 2.93502125714e-05, 1.8602635464e-05, 1.24403604786e-05, 9.41315465752e-06, 7.07907474862e-06, 5.42087309441e-06, 5.55650740353e-06, 5.12040969625e-06, 3.8266489355e-06, 3.96449695472e-06, 6.20530454398e-06, 5.56551913178e-06, 5.22197842656e-06, 6.86924386173e-06, 8.26275027066e-06, 4.42005602963e-06, 4.74170565212e-06, 3.96295126848e-06, 3.65034225069e-06, 2.27137206821e-06, 2.3543025236e-06, 1.9402707494e-06],
        "dvar": [1.76472974545e-06, 5.43755004401e-06, 1.90134578588e-05, 1.43003626363e-06, 4.14842361351e-07, 3.61149233186e-07, 8.59780087126e-08, 1.31709256834e-07, 1.47092805491e-07, 1.20047019436e-07, 1.21412924159e-07, 7.33502787398e-08, 1.50422074796e-08, 5.38288773555e-08, 1.87113080585e-09, 4.12861878019e-09, 5.48660805677e-09, 5.18667153671e-09, 5.34261390683e-09, 1.02053154816e-09, 5.03769248539e-10, 2.27890636917e-10, 1.80172196607e-10, 8.00940841428e-11, 1.05076877754e-10, 6.57676621496e-11, 4.11549232193e-11, 1.07841437169e-10, 2.18140130959e-10, 2.14379083929e-10, 1.82919540626e-10, 2.12464684735e-10, 2.34400499011e-10, 7.5926265275e-11, 1.53907372957e-10, 1.48765819108e-10, 1.45145936936e-10, 6.09790065664e-11, 4.27369355183e-11, 7.26244273053e-11],
        "dvar2": [3.54068743036e-06, 1.10605396912e-05, 5.21221263625e-05, 3.97386793338e-06, 1.0368465837e-06, 8.58773546497e-07, 2.10648948951e-07, 3.23889963738e-07, 3.53765955197e-07, 2.53258264138e-07, 2.39826505322e-07, 1.47716036736e-07, 3.06024716679e-08, 1.14052092215e-07, 4.36840297269e-09, 9.54840917444e-09, 1.18227347912e-08, 1.15235598841e-08, 1.27640324976e-08, 2.49489806592e-09, 1.31450850205e-09, 5.0622800396e-10, 4.91924168067e-10, 1.75885694897e-10, 2.62146554464e-10, 1.66593711048e-10, 1.03466131496e-10, 2.96088126239e-10, 5.47433598452e-10, 5.46573175608e-10, 4.83951767549e-10, 5.76096559346e-10, 6.54792109422e-10, 1.98769709026e-10, 4.12297862518e-10, 3.97735233637e-10, 3.81353365553e-10, 1.45026879395e-10, 9.82250530912e-11, 1.74099276662e-10],
        "max": [0.0157676674426, 0.027982801199, 0.0365546531975, 0.0165576506406, 0.0124361589551, 0.0146049726754, 0.00597182987258, 0.00651401933283, 0.00682254135609, 0.00840964447707, 0.00826154835522, 0.00955918431282, 0.00436114799231, 0.00785440765321, 0.00115350203123, 0.00177841179539, 0.00231725955382, 0.00214973185211, 0.00271760998294, 0.000607173598837, 0.000628645240795, 0.000249350996455, 0.000259057531366, 0.000130456421175, 0.000197529574507, 0.0001635804947, 0.000156682159286, 0.00047864424414, 0.000626642198768, 0.000624160049483, 0.000353072304279, 0.000345432228642, 0.000379346136469, 0.000251628051046, 0.000318767270073, 0.000328990106937, 0.000369691959349, 0.000280019914499, 0.000223505703616, 0.00056244712323],
        "mean": [0.00117590592708, 0.00157832622062, 0.00108261930291, 0.000441955198767, 0.000557264080271, 0.000452216423582, 0.000283123576082, 0.000234274062677, 0.000262178073172, 0.000240883076913, 0.000267812691163, 0.000172340849531, 7.82146744314e-05, 8.79577419255e-05, 2.85728092422e-05, 3.91917092202e-05, 4.11020191677e-05, 4.39625291619e-05, 2.77925719274e-05, 1.53394776135e-05, 9.82483197731e-06, 8.02303566161e-06, 5.53809786652e-06, 5.16577983944e-06, 4.68825328426e-06, 4.580924724e-06, 3.46900583281e-06, 3.50800792148e-06, 4.95220365337e-06, 4.44034913016e-06, 3.56721875505e-06, 3.8334560486e-06, 3.76948082703e-06, 2.24630912271e-06, 2.47370303441e-06, 2.17456249629e-06, 2.02793989956e-06, 1.47707510223e-06, 1.34691424591e-06, 1.07566154384e-06],
        "median": [0.000529587094206, 0.000483881769469, 0.000157271744683, 0.000162112759426, 0.00020843152015, 0.000162575946888, 0.000140212243423, 6.34657335468e-05, 6.13510201219e-05, 5.00023124914e-05, 4.92120816489e-05, 2.48788091994e-05, 1.45253834489e-05, 1.33067987917e-05, 8.26968607726e-06, 9.97008919512e-06, 1.00806082628e-05, 8.96494748304e-06, 4.14110672864e-06, 3.47134073309e-06, 2.06017534765e-06, 1.66286690728e-06, 1.31918625357e-06, 1.04071625628e-06, 1.0836021147e-06, 1.25647136429e-06, 1.01501802874e-06, 9.91954834717e-07, 1.23358790916e-06, 1.06615470941e-06, 8.44242322273e-07, 7.1756772968e-07, 5.40662711046e-07, 3.49277485157e-07, 3.53011586185e-07, 2.55861579035e-07, 2.14094043827e-07, 2.04226395795e-07, 2.04743486165e-07, 1.57741439466e-07],
        "min": [2.72754815763e-15, 1.34993112524e-15, 4.42524845876e-16, 1.52181433315e-16, 1.52642470701e-16, 1.99410719904e-16, 1.03159798539e-16, 3.97942987233e-16, 4.34381391711e-16, 5.61157051155e-16, 4.16230613852e-16, 4.80138932085e-16, 7.13069127992e-16, 1.65663352334e-16, 5.66717557756e-16, 3.06760684554e-16, 3.76225433042e-16, 1.8524899077e-16, 2.84482368082e-16, 5.80125771674e-16, 7.4775655655e-16, 1.82635563256e-16, 1.97922165378e-16, 1.88314389772e-16, 7.27280593842e-16, 7.1358348875e-16, 3.29307086953e-16, 3.31970582056e-16, 6.3604344578e-16, 8.55584909527e-16, 1.22738673947e-15, 1.24402045485e-15, 3.06931441102e-16, 1.82901108085e-16, 2.31150367927e-16, 5.6054628746e-16, 8.33964499428e-16, 6.64608361377e-16, 9.88606881091e-16, 7.31717458299e-16],
        "var": [3.37625510838e-06, 8.77592992765e-06, 1.26440590975e-05, 9.90725084193e-07, 8.81564687916e-07, 8.16660588043e-07, 1.60940814453e-07, 2.23002786015e-07, 3.13906838301e-07, 3.37150936502e-07, 3.88855937672e-07, 2.48501748956e-07, 4.14125267412e-08, 1.28730377469e-07, 3.73890474137e-09, 8.46159586843e-09, 1.19914824737e-08, 1.55506238997e-08, 1.0432221309e-08, 1.38504829827e-09, 5.80331116495e-10, 3.73501479745e-10, 1.99628077957e-10, 1.40237835233e-10, 1.30186667002e-10, 8.80594139274e-11, 5.35993888162e-11, 1.03341758761e-10, 2.70466427033e-10, 2.23664101129e-10, 1.58871901745e-10, 1.66466049278e-10, 1.6186123275e-10, 6.27270665965e-11, 1.22842125361e-10, 1.24318388917e-10, 1.45046141764e-10, 7.46551570563e-11, 5.12447306811e-11, 7.00251662211e-11]
    },
    "mfcc": {
        "mean": [-685.84564209, 125.434539795, 17.5563564301, 8.8657283783, -6.89880418777, 7.64259672165, -3.18054986, -5.05671834946, 1.44200658798, 2.69146347046, 0.621443808079, -1.11155200005, -3.04364943504],
        "cov": [[12395.4150391, 199.347061157, -250.646102905, 499.34576416, 72.6249389648, 103.507408142, 255.282531738, 259.590362549, 490.142272949, 402.881134033, 140.539703369, -47.9494895935, -62.2222747803], [199.347061157, 1907.22631836, -8.04529476166, -112.343231201, -15.8600740433, 8.52042484283, 124.441596985, -113.540107727, -33.1774368286, 18.3101348877, -5.34272956848, -40.772228241, -23.6370201111], [-250.646102905, -8.04529476166, 700.509277344, 38.1317558289, 54.4201889038, 118.468544006, -63.1021461487, 48.1792640686, -72.9824142456, -26.5603237152, 20.2418556213, 50.734992981, 11.0027017593], [499.34576416, -112.343231201, 38.1317558289, 414.09588623, 146.853164673, 42.8764877319, 6.214864254, 117.3097229, 110.419136047, 43.1831283569, 63.5490112305, 77.4577865601, 11.7960262299], [72.6249389648, -15.8600740433, 54.4201889038, 146.853164673, 251.741043091, 82.4227218628, 8.72668933868, 107.399154663, 53.3960266113, 22.5607585907, 48.6808357239, 53.0041847229, 15.381111145], [103.507408142, 8.52042484283, 118.468544006, 42.8764877319, 82.4227218628, 228.899551392, 44.992855072, 87.197013855, 13.149189949, 31.3628635406, 50.9557723999, 27.3158874512, 32.079284668], [255.282531738, 124.441596985, -63.1021461487, 6.214864254, 8.72668933868, 44.992855072, 223.931808472, -2.34786939621, 60.2926483154, 85.4439468384, 20.4812488556, -2.71076273918, 9.40979957581], [259.590362549, -113.540107727, 48.1792640686, 117.3097229, 107.399154663, 87.197013855, -2.34786939621, 280.314483643, 67.0319747925, 1.55403649807, 45.7303314209, 42.8912582397, 34.5995407104], [490.142272949, -33.1774368286, -72.9824142456, 110.419136047, 53.3960266113, 13.149189949, 60.2926483154, 67.0319747925, 176.326965332, 95.3960113525, 44.2490081787, 22.6953201294, 5.74714803696], [402.881134033, 18.3101348877, -26.5603237152, 43.1831283569, 22.5607585907, 31.3628635406, 85.4439468384, 1.55403649807, 95.3960113525, 171.648651123, 56.2474937439, 11.2787780762, -0.210230976343], [140.539703369, -5.34272956848, 20.2418556213, 63.5490112305, 48.6808357239, 50.9557723999, 20.4812488556, 45.7303314209, 44.2490081787, 56.2474937439, 115.65713501, 52.9063453674, 9.10953998566], [-47.9494895935, -40.772228241, 50.734992981, 77.4577865601, 53.0041847229, 27.3158874512, -2.71076273918, 42.8912582397, 22.6953201294, 11.2787780762, 52.9063453674, 105.34400177, 34.0128059387], [-62.2222747803, -23.6370201111, 11.0027017593, 11.7960262299, 15.381111145, 32.079284668, 9.40979957581, 34.5995407104, 5.74714803696, -0.210230976343, 9.10953998566, 34.0128059387, 73.4224472046]],
