{
"lowlevel": {
    "average_loudness": 0.895707845688,
    "barkbands_crest": {
        "dmean": 1.97726881504,
        "dmean2": 3.17337155342,
        "dvar": 4.84828329086,
        "dvar2": 13.3944997787,
        "max": 26.8459243774,
        "mean": 11.3724851608,
        "median": 10.5461263657,
        "min": 2.62229943275,
        "var": 19.4778194427
    },
    "barkbands_flatness_db": {
        "dmean": 0.022098178044,
        "dmean2": 0.0332044735551,
        "dvar": 0.000761647883337,
        "dvar2": 0.00152215710841,
        "max": 0.643419146538,
        "mean": 0.227826803923,
        "median": 0.209207579494,
        "min": 0.0396492891014,
        "var": 0.00908555090427
    },
    "barkbands_kurtosis": {
        "dmean": 5.41372489929,
        "dmean2": 8.4131565094,
        "dvar": 336.713104248,
        "dvar2": 712.900695801,
        "max": 747.64074707,
        "mean": 12.6345424652,
        "median": 3.5403380394,
        "min": -1.88638019562,
        "var": 1253.88891602
    },
    "barkbands_skewness": {
        "dmean": 0.556828916073,
        "dmean2": 0.856446504593,
        "dvar": 0.715182542801,
        "dvar2": 1.57985687256,
        "max": 23.3511676788,
        "mean": 2.07179784775,
        "median": 1.57934951782,
        "min": -2.1586561203,
        "var": 3.74096131325
    },
    "barkbands_spread": {
        "dmean": 3.70435810089,
        "dmean2": 5.79109525681,
        "dvar": 47.333278656,
        "dvar2": 112.805229187,
        "max": 78.2516479492,
        "mean": 12.8604373932,
        "median": 10.3428754807,
        "min": 0.0292342156172,
        "var": 115.675201416
    },
    "dissonance": {
        "dmean": 0.026091100648,
        "dmean2": 0.0422943495214,
        "dvar": 0.000655772571918,
        "dvar2": 0.00166272523347,
        "max": 0.49994084239,
        "mean": 0.420924544334,
        "median": 0.436137586832,
        "min": 0.103394657373,
        "var": 0.00348111940548
    },
    "dynamic_complexity": 3.77764177322,
    "erbbands_crest": {
        "dmean": 2.02593374252,
        "dmean2": 3.13138151169,
        "dvar": 4.34156751633,
        "dvar2": 9.82430648804,
        "max": 31.3091945648,
        "mean": 10.9768629074,
        "median": 9.79166412354,
        "min": 2.66057491302,
        "var": 25.0091819763
    },
    "erbbands_flatness_db": {
        "dmean": 0.0158400069922,
        "dmean2": 0.0226258840412,
        "dvar": 0.000421958684456,
        "dvar2": 0.000795236905105,
        "max": 0.536893248558,
        "mean": 0.226588621736,
        "median": 0.21108160913,
        "min": 0.0622276738286,
        "var": 0.00604706490412
    },
    "erbbands_kurtosis": {
        "dmean": 1.69363319874,
        "dmean2": 2.58337140083,
        "dvar": 11.8168907166,
        "dvar2": 24.990032196,
        "max": 81.2177047729,
        "mean": 3.72064733505,
        "median": 0.371542930603,
        "min": -1.93405413628,
        "var": 68.5511398315
    },
    "erbbands_skewness": {
        "dmean": 0.405303090811,
        "dmean2": 0.611347973347,
        "dvar": 0.289196223021,
        "dvar2": 0.627588272095,
        "max": 7.41145038605,
        "mean": 0.903445482254,
        "median": 0.639702796936,
        "min": -2.99779582024,
        "var": 1.69428694248
    },
    "erbbands_spread": {
        "dmean": 6.61301803589,
        "dmean2": 10.4215974808,
        "dvar": 116.563102722,
        "dvar2": 275.417999268,
        "max": 122.777374268,
        "mean": 27.6001834869,
        "median": 26.4662036896,
        "min": 0.535541415215,
        "var": 289.233581543
    },
    "hfc": {
        "dmean": 5.28400373459,
        "dmean2": 7.90402269363,
        "dvar": 195.394958496,
        "dvar2": 418.094848633,
        "max": 207.606674194,
        "mean": 14.028087616,
        "median": 10.2624292374,
        "min": 1.2054593064e-16,
        "var": 293.727752686
    },
    "melbands_crest": {
        "dmean": 2.36526608467,
        "dmean2": 3.8195002079,
        "dvar": 6.73077869415,
        "dvar2": 18.5738716125,
        "max": 33.0971183777,
        "mean": 15.0660514832,
        "median": 14.2542648315,
        "min": 1.89626228809,
        "var": 27.3391685486
    },
    "melbands_flatness_db": {
        "dmean": 0.0268910937011,
        "dmean2": 0.0402550287545,
        "dvar": 0.00132268841844,
        "dvar2": 0.00265446561389,
        "max": 0.750469386578,
        "mean": 0.302458226681,
        "median": 0.284557670355,
        "min": 0.00416290666908,
        "var": 0.0126411104575
    },
    "melbands_kurtosis": {
        "dmean": 7.40907859802,
        "dmean2": 11.6815958023,
        "dvar": 256.444915771,
        "dvar2": 603.204467773,
        "max": 416.46194458,
        "mean": 17.4224872589,
        "median": 7.88773155212,
        "min": -1.66161465645,
        "var": 809.896240234
    },
    "melbands_skewness": {
        "dmean": 0.631174743176,
        "dmean2": 0.97870773077,
        "dvar": 0.827571570873,
        "dvar2": 1.9568939209,
        "max": 15.8690195084,
        "mean": 2.63165521622,
        "median": 2.24044299126,
        "min": -0.892377138138,
        "var": 3.44583487511
    },
    "melbands_spread": {
        "dmean": 4.26270294189,
        "dmean2": 6.74141120911,
        "dvar": 80.657043457,
        "dvar2": 197.599884033,
        "max": 164.341918945,
        "mean": 14.0471792221,
        "median": 10.394826889,
        "min": 0.196355566382,
        "var": 176.861709595
    },
    "pitch_salience": {
        "dmean": 0.0546211898327,
        "dmean2": 0.0870048925281,
        "dvar": 0.00347349862568,
        "dvar2": 0.00897446461022,
        "max": 0.873723804951,
        "mean": 0.49818867445,
        "median": 0.499281018972,
        "min": 0.0407219342887,
        "var": 0.013617714867
    },
    "silence_rate_20dB": {
        "dmean": 0,
        "dmean2": 0,
        "dvar": 0,
        "dvar2": 0,
        "max": 1,
        "mean": 1,
        "median": 1,
        "min": 1,
        "var": 0
    },
    "silence_rate_30dB": {
        "dmean": 0.026754386723,
        "dmean2": 0.0535146407783,
        "dvar": 0.0260394848883,
        "dvar2": 0.0517504177988,
        "max": 1,
        "mean": 0.960859537125,
        "median": 1,
        "min": 0,
        "var": 0.0376049354672
    },
    "silence_rate_60dB": {
        "dmean": 0.00942982453853,
        "dmean2": 0.0188617166132,
        "dvar": 0.00934319663793,
        "dvar2": 0.0211336351931,
        "max": 1,
        "mean": 0.0702773854136,
        "median": 0,
        "min": 0,
        "var": 0.0653426200151
    },
    "spectral_centroid": {
        "dmean": 191.614517212,
        "dmean2": 296.807556152,
        "dvar": 145012.703125,
        "dvar2": 313822.75,
        "max": 10895.1044922,
        "mean": 853.055114746,
        "median": 659.949890137,
        "min": 151.684646606,
        "var": 358349.5625
    },
    "spectral_complexity": {
        "dmean": 2.59605264664,
        "dmean2": 4.04035520554,
        "dvar": 22.0798683167,
        "dvar2": 40.5854721069,
        "max": 64,
        "mean": 12.7147245407,
        "median": 12,
        "min": 0,
        "var": 69.8117675781
    },
    "spectral_decrease": {
        "dmean": 2.47673592746e-09,
        "dmean2": 3.80037246117e-09,
        "dvar": 3.08488671471e-17,
        "dvar2": 7.22606255757e-17,
        "max": 1.39112784704e-28,
        "mean": -7.76044917217e-09,
        "median": -5.7202957926e-09,
        "min": -6.9231369082e-08,
        "var": 6.61434727447e-17
    },
    "spectral_energy": {
        "dmean": 0.00972581841052,
        "dmean2": 0.0149003425613,
        "dvar": 0.000459637871245,
        "dvar2": 0.00106975168455,
        "max": 0.26442861557,
        "mean": 0.0305621623993,
        "median": 0.0227172188461,
        "min": 1.07727665127e-20,
        "var": 0.000991707202047
    },
    "spectral_energyband_high": {
        "dmean": 0.000365082989447,
        "dmean2": 0.000598837272264,
        "dvar": 1.78258369488e-06,
        "dvar2": 4.20226160713e-06,
        "max": 0.0188252683729,
        "mean": 0.000388436019421,
        "median": 5.94267876295e-05,
        "min": 7.82843166265e-21,
        "var": 1.74069180048e-06
    },
    "spectral_energyband_low": {
        "dmean": 0.00651884358376,
        "dmean2": 0.0107150347903,
        "dvar": 0.000422305689426,
        "dvar2": 0.00104135391302,
        "max": 0.245034366846,
        "mean": 0.0129287810996,
        "median": 0.00414640409872,
        "min": 5.10483093593e-23,
        "var": 0.000709201674908
    },
    "spectral_energyband_middle_high": {
        "dmean": 0.00123977346811,
        "dmean2": 0.00180909561459,
        "dvar": 8.49226125865e-06,
        "dvar2": 1.78447844519e-05,
        "max": 0.0544139482081,
        "mean": 0.00327872112393,
        "median": 0.00164592836518,
        "min": 1.45291982481e-21,
        "var": 1.91990075109e-05
    },
    "spectral_energyband_middle_low": {
        "dmean": 0.00450173625723,
        "dmean2": 0.00667533744127,
        "dvar": 6.25442407909e-05,
        "dvar2": 0.000153331115143,
        "max": 0.11083137244,
        "mean": 0.0150135494769,
        "median": 0.0120491860434,
        "min": 2.04970259118e-22,
        "var": 0.000151229149196
    },
    "spectral_entropy": {
        "dmean": 0.221618771553,
        "dmean2": 0.324059516191,
        "dvar": 0.0905776917934,
        "dvar2": 0.170449599624,
        "max": 9.821434021,
        "mean": 6.61703062057,
        "median": 6.71869468689,
        "min": 2.95309066772,
        "var": 0.688232243061
    },
    "spectral_flux": {
        "dmean": 0.0234169587493,
        "dmean2": 0.0362123027444,
        "dvar": 0.00144071585964,
        "dvar2": 0.00306395394728,
        "max": 0.479014515877,
        "mean": 0.0597026161849,
        "median": 0.0401995480061,
        "min": 1.04463257489e-10,
        "var": 0.00380520289764
    },
    "spectral_kurtosis": {
        "dmean": 6.22299671173,
        "dmean2": 10.0846605301,
        "dvar": 144.805145264,
        "dvar2": 317.6847229,
        "max": 357.111907959,
        "mean": 17.0049858093,
        "median": 6.84449291229,
        "min": -1.20187747478,
        "var": 1186.49633789
    },
    "spectral_rms": {
        "dmean": 0.000699736003298,
        "dmean2": 0.00103339715861,
        "dvar": 1.35944287649e-06,
        "dvar2": 2.96525263366e-06,
        "max": 0.0160617288202,
        "mean": 0.00490244338289,
        "median": 0.00470777461305,
        "min": 3.24191541667e-12,
        "var": 5.78277922614e-06
    },
    "spectral_rolloff": {
        "dmean": 269.220153809,
        "dmean2": 469.379150391,
        "dvar": 481456.84375,
        "dvar2": 1147008,
        "max": 19250.6835938,
        "mean": 876.593933105,
        "median": 559.86328125,
        "min": 64.599609375,
        "var": 773635.625
    },
    "spectral_skewness": {
        "dmean": 0.516710221767,
        "dmean2": 0.812476158142,
        "dvar": 0.420382708311,
        "dvar2": 0.913268983364,
        "max": 16.1779212952,
        "mean": 2.50849580765,
        "median": 1.97193217278,
        "min": -0.266018778086,
        "var": 4.22379016876
    },
    "spectral_spread": {
        "dmean": 401359.21875,
        "dmean2": 619129.1875,
        "dvar": 577208123392,
        "dvar2": 883101270016,
        "max": 39906316,
        "mean": 3181026.5,
        "median": 3119489.5,
        "min": 276726.5625,
        "var": 1.98702648525e+12
    },
    "spectral_strongpeak": {
        "dmean": 0.320526957512,
        "dmean2": 0.547917187214,
        "dvar": 0.352017819881,
        "dvar2": 0.853242874146,
        "max": 8.48682022095,
        "mean": 0.79908233881,
        "median": 0.577166676521,
        "min": 0,
        "var": 0.616763591766
    },
    "zerocrossingrate": {
        "dmean": 0.0057265968062,
        "dmean2": 0.00712974136695,
        "dvar": 7.76941742515e-05,
        "dvar2": 9.45072606555e-05,
        "max": 0.6025390625,
        "mean": 0.0342444106936,
        "median": 0.02880859375,
        "min": 0.00244140625,
        "var": 0.000521773006767
    },
    "barkbands": {
        "dmean": [0.000110307359137, 0.00419346103445, 0.00298565090634, 0.00152183673345, 0.00205801590346, 0.000999257201329, 0.000940836325753, 0.000346905610058, 0.000341931387084, 0.000256705301581, 0.000182826188393, 0.00022065990197, 9.40255995374e-05, 0.000203164163395, 0.000127661260194, 0.000218625515117, 0.00014280450705, 0.000181246257853, 0.000173990818439, 0.000175523309736, 0.000128998828586, 6.34628304397e-05, 3.64532097592e-05, 3.06425827148e-05, 1.12662246465e-05, 6.73357362757e-06, 1.07633604784e-06],
        "dmean2": [0.00017573851801, 0.00717178219929, 0.004717820324, 0.00262536597438, 0.003192078555, 0.0014140260173, 0.00111065094825, 0.000495432992466, 0.000469203514513, 0.000386519153835, 0.000277539511444, 0.000334145181114, 0.000140012460179, 0.000302355969325, 0.000200396883884, 0.000327690999256, 0.000230666453717, 0.000290757510811, 0.000279204687104, 0.000289434305159, 0.000210300946492, 0.000105261300632, 6.2231119955e-05, 5.25726136402e-05, 1.85874632734e-05, 1.0847725207e-05, 1.93619780475e-06],
        "dvar": [1.20706246776e-07, 0.000189400234376, 0.000149999526911, 4.05183964176e-05, 9.98713494482e-06, 3.27373072651e-06, 3.39338316735e-06, 3.93474834937e-07, 6.01847602866e-07, 3.36927058697e-07, 1.83767497219e-07, 3.38345472528e-07, 4.16491978683e-08, 2.53256274618e-07, 2.46773595336e-07, 3.31525882302e-07, 1.43065960856e-07, 7.32129421976e-07, 3.63210602927e-07, 5.21225274497e-07, 3.05463487393e-07, 5.9901154259e-08, 1.4107236268e-08, 1.29641986035e-08, 2.11835460284e-09, 9.28394749966e-10, 4.92588782264e-11],
        "dvar2": [2.97077320965e-07, 0.000587867631111, 0.000352514995029, 0.000111466382805, 2.60755077761e-05, 5.74738214709e-06, 4.8864794735e-06, 8.30078761282e-07, 1.24738778595e-06, 7.18435671843e-07, 4.34679776617e-07, 7.94774734914e-07, 9.46034646176e-08, 6.025218795e-07, 6.41885776531e-07, 7.60364002872e-07, 3.56587577244e-07, 1.76309913513e-06, 8.73643614341e-07, 1.25509257032e-06, 7.13260305929e-07, 1.37244470011e-07, 3.68598556122e-08, 3.50547431083e-08, 5.59822321833e-09, 2.31322938582e-09, 1.37536981804e-10],
        "max": [0.00395535398275, 0.18001525104, 0.164778023958, 0.0938996225595, 0.0678822249174, 0.0404714867473, 0.0307507812977, 0.0135408118367, 0.0166613906622, 0.0106134722009, 0.00723236426711, 0.0121478848159, 0.00351998698898, 0.0116545101628, 0.016464503482, 0.0110575612634, 0.00751855876297, 0.0157909542322, 0.0104661751539, 0.0102999405935, 0.0104342969134, 0.00427031842992, 0.00147081771865, 0.00148654379882, 0.000793114013504, 0.000441798445536, 0.000125919497805],
        "mean": [0.000157979957294, 0.00718134036288, 0.00466618360952, 0.00171503750607, 0.0059149316512, 0.00305440300144, 0.0021319789812, 0.000973779184278, 0.00098512659315, 0.000570198171772, 0.000343876774423, 0.00046481078607, 0.000184260105016, 0.000432329572504, 0.000202545226784, 0.000438326445874, 0.0002163212921, 0.000202718700166, 0.000259400054347, 0.000190654289327, 0.000126521801576, 6.17225450696e-05, 3.51004309778e-05, 3.2922369428e-05, 1.28825377033e-05, 6.07854781265e-06, 7.26313089672e-07],
        "median": [6.50013635095e-06, 0.00205986923538, 0.001140854205, 0.000261984707322, 0.00381504627876, 0.00186346238479, 0.000678675947711, 0.000348039815435, 0.00028094559093, 0.000126828221255, 0.000104284314148, 9.91124616121e-05, 5.29660355824e-05, 8.17804175313e-05, 3.83185761166e-05, 4.45303230663e-05, 5.02733164467e-05, 3.67274806194e-05, 3.60928752343e-05, 2.3778191462e-05, 1.26677277876e-05, 7.09855066816e-06, 5.1318338592e-06, 3.80555434276e-06, 8.63055049649e-07, 2.37268125147e-07, 3.5365992801e-08],
        "min": [5.61947905733e-24, 1.04561304177e-23, 1.47784697113e-23, 4.62980019805e-24, 1.23198718931e-23, 4.20248166099e-23, 2.20613818942e-23, 2.62631895524e-23, 5.07496150662e-23, 5.95252792737e-23, 2.75346029842e-23, 9.88973649186e-23, 5.0367307828e-23, 6.55901618199e-23, 1.55424758182e-22, 1.8003774854e-22, 1.9439754137e-22, 1.90453388305e-22, 2.23044425608e-22, 3.37091043796e-22, 4.15639299903e-22, 4.29751579735e-22, 5.13982638341e-22, 7.81999355202e-22, 1.15902937902e-21, 1.53111494891e-21, 2.27522711974e-21],
        "var": [2.25034355594e-07, 0.000222817368922, 0.000176220724825, 2.87062994175e-05, 4.0000439185e-05, 1.19156320579e-05, 1.34630981847e-05, 2.00434192266e-06, 3.66057747669e-06, 1.39958888212e-06, 3.70541386019e-07, 1.09472762233e-06, 1.0002496964e-07, 6.97852044595e-07, 2.86058849497e-07, 9.54472852754e-07, 1.84990724961e-07, 6.59573345274e-07, 4.86005433231e-07, 4.80842800243e-07, 2.93615073588e-07, 6.06530363711e-08, 1.14850617905e-08, 1.01003694297e-08, 1.90143656376e-09, 7.98259791601e-10, 3.01780996026e-11]
    },
    "erbbands": {
        "dmean": [0.104867696762, 1.03314232826, 3.08674931526, 4.95748758316, 4.29004240036, 7.48035287857, 10.5849618912, 9.17251586914, 16.3466300964, 6.10722780228, 6.38564634323, 8.37090587616, 8.31592941284, 4.98336839676, 7.45074939728, 8.5167760849, 5.42112731934, 8.69215297699, 6.56089639664, 10.0360574722, 8.20815849304, 8.30822849274, 8.82349205017, 10.9954748154, 7.7257733345, 7.42399501801, 7.42647504807, 3.94001245499, 2.62691879272, 1.53054630756, 0.9460542202, 0.746578633785, 0.416066259146, 0.161240845919, 0.0679905638099, 0.0303262770176, 0.0130573203787, 0.00255200453103, 0.000141256081406, 1.30116259243e-05],
        "dmean2": [0.185147851706, 1.74251687527, 4.82394504547, 8.54387283325, 6.99808645248, 11.5689945221, 15.4911880493, 12.4361047745, 19.7640953064, 7.71975231171, 9.20589160919, 11.4727678299, 12.3223371506, 7.78193712234, 11.303276062, 12.9322328568, 7.99235296249, 12.7380657196, 9.90824890137, 15.4073190689, 12.2223787308, 13.3821229935, 13.9270219803, 17.2485275269, 12.6020355225, 12.1621141434, 12.4560880661, 6.42141819, 4.39984989166, 2.5024831295, 1.62084019184, 1.27779579163, 0.715481519699, 0.273894160986, 0.110407479107, 0.0475351288915, 0.0214482322335, 0.00445861089975, 0.000247066549491, 2.01545572054e-05],
        "dvar": [0.126752987504, 11.9992227554, 148.536895752, 486.315612793, 98.9820556641, 151.85333252, 404.658355713, 253.244659424, 1152.27148438, 78.7790908813, 182.323745728, 364.98916626, 299.925231934, 207.644302368, 294.087921143, 502.339050293, 148.968032837, 517.73614502, 292.419586182, 1007.47399902, 391.789459229, 548.281005859, 1431.10620117, 1890.72167969, 807.37890625, 984.680358887, 969.197998047, 318.143768311, 104.354072571, 28.9212608337, 9.24841499329, 6.91895484924, 2.6521730423, 0.436877250671, 0.0754533484578, 0.0155526129529, 0.00429994845763, 0.000217689565034, 7.15995952305e-07, 9.85103665307e-10],
        "dvar2": [0.408733218908, 35.8382148743, 321.471069336, 1343.40942383, 259.879333496, 404.190582275, 819.867248535, 441.091003418, 1733.90100098, 138.010498047, 406.797149658, 754.123596191, 647.370422363, 493.565124512, 710.830566406, 1184.52441406, 340.757598877, 1200.93896484, 679.652587891, 2584.68505859, 867.641967773, 1359.60595703, 3374.89208984, 4509.63720703, 1926.17150879, 2278.25756836, 2456.43505859, 746, 249.502059937, 68.8521499634, 24.0134468079, 18.4874267578, 7.23917341232, 1.18446302414, 0.196515783668, 0.0379563868046, 0.0109320478514, 0.000589074625168, 1.95439906747e-06, 2.31345897994e-09],
        "max": [5.62619829178, 42.2369689941, 165.452514648, 310.772277832, 148.952636719, 304.936187744, 438.686035156, 271.103973389, 550.018554688, 194.906677246, 323.306854248, 467.031860352, 405.138793945, 290.559967041, 354.314544678, 437.693237305, 227.429153442, 677.338562012, 321.030029297, 916.856872559, 338.007904053, 533.290893555, 599.732971191, 755.606506348, 434.365844727, 464.805206299, 418.204406738, 367.718048096, 194.511047363, 72.1556015015, 34.2131309509, 34.371711731, 22.0920944214, 10.2305870056, 4.21412944794, 1.61125075817, 1.08968675137, 0.244176074862, 0.0158170815557, 0.000410628068494],
        "mean": [0.146687746048, 1.825314641, 5.61619138718, 5.49567079544, 8.30417442322, 23.5731735229, 27.1174850464, 29.7469921112, 35.8177108765, 20.0598526001, 18.6889324188, 24.6026973724, 20.3384609222, 10.2355489731, 15.3342218399, 18.4250392914, 11.9486560822, 19.4154071808, 13.7692985535, 19.0566558838, 16.5638923645, 12.7525043488, 11.1171350479, 16.1654529572, 9.11714267731, 8.1391658783, 7.3868227005, 3.91237211227, 2.50320482254, 1.50024878979, 0.919953644276, 0.790430605412, 0.445615917444, 0.181581586599, 0.0780253559351, 0.0308883264661, 0.0106684220955, 0.00186654087156, 0.000113763562695, 3.68932705896e-05],
        "median": [0.0426775254309, 0.525518834591, 1.5621162653, 1.06288075447, 4.20094299316, 12.6237792969, 14.7321023941, 16.2374839783, 13.317243576, 10.29063797, 7.75400733948, 7.41055011749, 7.01424980164, 3.17551612854, 4.6266169548, 4.77439928055, 3.840467453, 4.9173412323, 4.94791173935, 4.61337471008, 3.36131429672, 3.19099402428, 2.48828744888, 2.20734262466, 1.5897487402, 1.04358196259, 0.695838093758, 0.455356836319, 0.295222550631, 0.211440995336, 0.139074206352, 0.106491923332, 0.0425352938473, 0.0143038574606, 0.00427209446207, 0.00117884145584, 0.000381055491744, 0.00011027034634, 1.96087021322e-05, 2.66961615125e-05],
        "min": [5.96152965071e-22, 2.38005449093e-21, 1.44332030898e-20, 1.89544495334e-20, 4.03076905314e-20, 3.1710094798e-20, 7.38086862856e-20, 4.47554290529e-19, 2.11561303204e-19, 6.84652585023e-19, 8.09815299761e-19, 1.3055943751e-18, 1.43899865217e-18, 1.05270913182e-18, 2.07075257173e-18, 4.7735803193e-18, 2.31992046534e-18, 2.88336487934e-18, 6.11727980329e-18, 9.2568152805e-18, 1.04418813753e-17, 1.14717857581e-17, 1.03511611688e-17, 7.92086730603e-18, 1.27355920026e-17, 1.57070431386e-17, 1.74178544774e-17, 1.57612747539e-17, 1.58557023839e-17, 1.60171366066e-17, 1.38087240169e-17, 1.4297519103e-17, 1.35271881324e-17, 1.11903590613e-17, 9.75057427738e-18, 4.70418069308e-18, 2.95726023218e-18, 1.25248276233e-18, 2.90703372199e-19, 3.27700427425e-20],
        "var": [0.134288802743, 14.0406141281, 206.336700439, 345.135009766, 139.843399048, 860.95715332, 1287.1953125, 1150.25683594, 4150.35546875, 627.179626465, 820.499572754, 2564.28295898, 1199.47119141, 474.428192139, 675.124572754, 1533.42663574, 480.1456604, 1545.82055664, 660.757263184, 1537.36242676, 987.477783203, 702.160644531, 1382.9732666, 2441.62768555, 789.799804688, 957.446533203, 802.226867676, 305.049438477, 98.01121521, 28.4919261932, 7.66100215912, 5.54283285141, 2.01526236534, 0.366640210152, 0.0699735879898, 0.0150538384914, 0.00338274752721, 0.00014457126963, 4.70975720646e-07, 1.72340974824e-09]
    },
    "gfcc": {
        "mean": [-75.4123382568, 140.742477417, -116.068840027, 25.001449585, -55.0624923706, -10.7693519592, -39.4073028564, -5.85071897507, -18.7843875885, -3.4843993187, -6.23444414139, -4.60884380341, -4.68355083466],
        "cov": [[15583.0546875, -1169.16064453, -1102.1920166, 2366.9753418, 319.474853516, 2026.72692871, 371.611358643, 1023.90655518, 461.966491699, 384.212432861, 82.9158172607, 22.2414035797, 161.764389038], [-1169.16064453, 1995.04260254, 363.351043701, -347.361968994, 555.561279297, -473.035949707, 348.113616943, -122.585746765, 221.385116577, -27.6799468994, 206.742095947, -98.065032959, 87.3486404419], [-1102.1920166, 363.351043701, 1184.49462891, -303.657409668, -63.9170417786, -40.7061843872, -35.5741348267, 36.3584594727, -70.2675552368, 13.5594787598, -46.2539901733, 24.9109592438, -59.8248291016], [2366.9753418, -347.361968994, -303.657409668, 968.578063965, 193.16494751, 297.677276611, 265.218231201, 219.270843506, 145.243667603, 85.3811264038, 29.5136508942, -23.7364273071, 8.79020214081], [319.474853516, 555.561279297, -63.9170417786, 193.16494751, 528.671630859, 64.8887329102, 220.33706665, 67.8291244507, 125.839225769, 18.1609115601, 64.1256637573, -59.5889663696, 21.8117694855], [2026.72692871, -473.035949707, -40.7061843872, 297.677276611, 64.8887329102, 731.58404541, 103.845581055, 281.744476318, 91.814994812, 77.0283203125, -27.7197341919, 32.8051757812, -1.37097609043], [371.611358643, 348.113616943, -35.5741348267, 265.218231201, 220.33706665, 103.845581055, 463.967041016, 211.858795166, 189.550125122, 90.8477096558, 49.8037948608, -24.2283058167, -18.2064743042], [1023.90655518, -122.585746765, 36.3584594727, 219.270843506, 67.8291244507, 281.744476318, 211.858795166, 363.550140381, 143.525558472, 121.570533752, -10.6381654739, -18.0148258209, -23.6386299133], [461.966491699, 221.385116577, -70.2675552368, 145.243667603, 125.839225769, 91.814994812, 189.550125122, 143.525558472, 230.883056641, 106.217521667, 67.0139770508, -17.215555191, 0.961943209171], [384.212432861, -27.6799468994, 13.5594787598, 85.3811264038, 18.1609115601, 77.0283203125, 90.8477096558, 121.570533752, 106.217521667, 157.920913696, 50.9337844849, 20.4924888611, -22.9437656403], [82.9158172607, 206.742095947, -46.2539901733, 29.5136508942, 64.1256637573, -27.7197341919, 49.8037948608, -10.6381654739, 67.0139770508, 50.9337844849, 135.909988403, 31.8992500305, 31.1990242004], [22.2414035797, -98.065032959, 24.9109592438, -23.7364273071, -59.5889663696, 32.8051757812, -24.2283058167, -18.0148258209, -17.215555191, 20.4924888611, 31.8992500305, 100.42401886, 27.8031978607], [161.764389038, 87.3486404419, -59.8248291016, 8.79020214081, 21.8117694855, -1.37097609043, -18.2064743042, -23.6386299133, 0.961943209171, -22.9437656403, 31.1990242004, 27.8031978607, 98.7831802368]],
        "icov": [[0.000234534585616, -0.000582903041504, 0.000312239717459, -0.000696965202224, 0.000453336833743, -0.000675151706673, 0.000663897488266, -0.000440583855379, 0.000460809271317, -0.000452428939752, 0.000343927589711, -0.000271617231192, 0.000148195918882], [-0.000582903041504, 0.00465620681643, -0.00201850757003, 0.00324172130786, -0.00334042310715, 0.0029949482996, -0.00382509664632, 0.00236607948318, -0.00352435396053, 0.00259697623551, -0.00364139326848, 0.00339264748618, -0.00320055126213], [0.000312239717459, -0.00201850757003, 0.00190958962776, -0.00115575722884, 0.00133050698787, -0.00132254243363, 0.00167958613019, -0.00150706246495, 0.00193615211174, -0.00130726408679, 0.0017049794551, -0.00188265379984, 0.0018385668518], [-0.000696965202224, 0.00324172130786, -0.00115575722884, 0.0043074968271, -0.00258479290642, 0.00221142056398, -0.00355569086969, 0.00165927107446, -0.00228584930301, 0.00172716472298, -0.00235395948403, 0.00235479790717, -0.00196115043946], [0.000453336833743, -0.00334042310715, 0.00133050698787, -0.00258479290642, 0.00533175375313, -0.00260382797569, 0.00161618366838, -0.00112442963291, 0.00205103773624, -0.00139407801908, 0.00135308527388, -0.000273400859442, 0.00136839307379], [-0.000675151706673, 0.0029949482996, -0.00132254243363, 0.00221142056398, -0.00260382797569, 0.00482166279107, -0.0021091029048, -0.000206668730243, -0.00263816164806, 0.00243536336347, -0.00144467153586, 0.000136031783768, -0.00132739904802], [0.000663897488266, -0.00382509664632, 0.00167958613019, -0.00355569086969, 0.00161618366838, -0.0021091029048, 0.00790806952864, -0.0042005837895, 0.00071625423152, -0.00124298816081, 0.00249206204899, -0.00376906641759, 0.00367300631478], [-0.000440583855379, 0.00236607948318, -0.00150706246495, 0.00165927107446, -0.00112442963291, -0.000206668730243, -0.0042005837895, 0.00878498796374, -0.00298268860206, -0.00245692790486, 0.00065085850656, 0.00364882359281, -0.00263177906163], [0.000460809271317, -0.00352435396053, 0.00193615211174, -0.00228584930301, 0.00205103773624, -0.00263816164806, 0.00071625423152, -0.00298268860206, 0.0130026023835, -0.00635540485382, -0.000125330509036, 0.000447494414402, 0.000977412797511], [-0.000452428939752, 0.00259697623551, -0.00130726408679, 0.00172716472298, -0.00139407801908, 0.00243536336347, -0.00124298816081, -0.00245692790486, -0.00635540485382, 0.015625923872, -0.00601434707642, -0.00226252875291, 0.00325127434917], [0.000343927589711, -0.00364139326848, 0.0017049794551, -0.00235395948403, 0.00135308527388, -0.00144467153586, 0.00249206204899, 0.00065085850656, -0.000125330509036, -0.00601434707642, 0.015886425972, -0.00633881334215, -0.00043410496437], [-0.000271617231192, 0.00339264748618, -0.00188265379984, 0.00235479790717, -0.000273400859442, 0.000136031783768, -0.00376906641759, 0.00364882359281, 0.000447494414402, -0.00226252875291, -0.00633881334215, 0.0184928309172, -0.0073968921788], [0.000148195918882, -0.00320055126213, 0.0018385668518, -0.00196115043946, 0.00136839307379, -0.00132739904802, 0.00367300631478, -0.00263177906163, 0.000977412797511, 0.00325127434917, -0.00043410496437, -0.0073968921788, 0.0166898146272]]
    },
    "melbands": {
        "dmean": [0.00102296518162, 0.00147771427874, 0.000804926559795, 0.000398209842388, 0.000378978642402, 0.000214580941247, 0.000216641245061, 7.11770335329e-05, 5.16991458426e-05, 5.40630717296e-05, 4.21635704697e-05, 2.15261679841e-05, 2.24093128054e-05, 1.74433407665e-05, 2.98265003948e-05, 6.97942459738e-06, 1.92869756575e-05, 1.16051251098e-05, 1.08572876343e-05, 2.01521106646e-05, 7.25881136532e-06, 9.47615171754e-06, 6.00327848588e-06, 1.04492892206e-05, 9.11518054636e-06, 5.33909360456e-06, 5.72144881517e-06, 4.99897032569e-06, 5.58290275876e-06, 3.02567195831e-06, 2.03794525078e-06, 1.61614104854e-06, 1.03804848095e-06, 8.22892673114e-07, 6.23862945304e-07, 3.58605547035e-07, 5.24160498117e-07, 3.18517408004e-07, 1.86535103808e-07, 1.18873188626e-07],
        "dmean2": [0.00176726991776, 0.00233091344126, 0.00135117699392, 0.000639960286207, 0.000550781085622, 0.000292997516226, 0.000260291068116, 9.45777937886e-05, 7.50599429011e-05, 7.33379929443e-05, 6.27317203907e-05, 3.33937714458e-05, 3.42234452546e-05, 2.6878038625e-05, 4.4240947318e-05, 1.05760982478e-05, 2.83291719825e-05, 1.76925368578e-05, 1.69769318745e-05, 3.07405134663e-05, 1.08939011625e-05, 1.54729568749e-05, 9.45328065427e-06, 1.68737333297e-05, 1.43931192724e-05, 8.85266490513e-06, 9.2546988526e-06, 8.23936989036e-06, 9.60101897363e-06, 4.95326275995e-06, 3.33550906362e-06, 2.73523846772e-06, 1.6810967054e-06, 1.39403937283e-06, 1.07637242763e-06, 6.07587026025e-07, 8.97814061318e-07, 5.55576889383e-07, 3.14206999974e-07, 2.03108200481e-07],
        "dvar": [1.12894367703e-05, 2.79626310657e-05, 1.08802851173e-05, 4.82475059016e-07, 4.74281080187e-07, 1.40430429951e-07, 1.88670270518e-07, 1.24993082551e-08, 1.51729100395e-08, 1.51981129903e-08, 7.92990118015e-09, 3.68404795559e-09, 2.7650137735e-09, 1.50981205316e-09, 7.18001702538e-09, 2.62472543699e-10, 2.60964916343e-09, 1.067966382e-09, 1.96250438123e-09, 3.05335001727e-09, 3.3490535345e-10, 7.35034144661e-10, 3.49900497465e-10, 2.78573564216e-09, 1.26357468933e-09, 3.81764425628e-10, 6.12708717096e-10, 4.15533107923e-10, 6.09242101213e-10, 2.00691269159e-10, 8.8587692737e-11, 3.96358917909e-11, 1.66296178217e-11, 7.95108163337e-12, 4.06332823291e-12, 1.49548147303e-12, 3.50530325252e-12, 1.62411794083e-12, 4.87611741349e-13, 2.52822068836e-13],
        "dvar2": [3.61031343346e-05, 6.41172300675e-05, 2.95862191706e-05, 1.36947869578e-06, 9.92191417026e-07, 2.41630601749e-07, 2.81392374291e-07, 2.38625652571e-08, 3.46890765002e-08, 2.99848395002e-08, 1.70742815442e-08, 8.5229290292e-09, 6.73076439028e-09, 3.77469477897e-09, 1.60751643108e-08, 5.99521543521e-10, 6.0370104471e-09, 2.50780129996e-09, 5.10892350647e-09, 7.22335125047e-09, 7.33069827064e-10, 1.87000925855e-09, 8.00645938437e-10, 6.77526168502e-09, 3.09458281222e-09, 9.27380505722e-10, 1.46232059794e-09, 9.7452357295e-10, 1.62041735585e-09, 4.73249994748e-10, 2.14723586134e-10, 9.8125917114e-11, 3.68387195748e-11, 2.03174057439e-11, 1.07398308996e-11, 3.91179102999e-12, 9.45932134705e-12, 4.47223117914e-12, 1.28105056944e-12, 6.92025375806e-13],
        "max": [0.0516821891069, 0.0665580183268, 0.0446961782873, 0.0150182954967, 0.0142943989486, 0.00600295141339, 0.00712405331433, 0.002446167171, 0.00346660334617, 0.00318762217648, 0.00200578244403, 0.00107633171137, 0.000983529374935, 0.000701232580468, 0.00187060260214, 0.000267646828433, 0.00147556792945, 0.000716849521268, 0.00158599158749, 0.00113364588469, 0.000299135252135, 0.000634905532934, 0.000300420448184, 0.000905148277525, 0.000666819745675, 0.000257792155026, 0.000486070930492, 0.000255903956713, 0.00038197010872, 0.000304789544316, 0.000172507250682, 0.000117066170787, 6.61357480567e-05, 3.55377196684e-05, 2.4766106435e-05, 1.85222943401e-05, 2.62721187028e-05, 1.71732426679e-05, 1.05679919216e-05, 8.0638919826e-06],
        "mean": [0.00166988535784, 0.00284643657506, 0.00101281341631, 0.00112163391896, 0.00104374729563, 0.000659651879687, 0.000488004734507, 0.000219901339733, 0.00014235949493, 0.000158442504471, 0.000100755125459, 4.34976936958e-05, 4.32807573816e-05, 3.69932604372e-05, 6.37409975752e-05, 1.24565613078e-05, 4.20300202677e-05, 2.37582153204e-05, 1.60185845743e-05, 4.10050088249e-05, 1.31756778501e-05, 1.3851861695e-05, 8.80464358488e-06, 1.18829466373e-05, 1.37084198286e-05, 5.95378696744e-06, 6.34632488072e-06, 5.38038420927e-06, 5.44221302334e-06, 3.07518621412e-06, 1.94819403987e-06, 1.4901988834e-06, 1.00817248949e-06, 7.93063009041e-07, 5.89237970416e-07, 3.69748590856e-07, 5.41402641829e-07, 3.23784064449e-07, 2.15465519204e-07, 1.30773074147e-07],
        "median": [0.00053259881679, 0.000866578891873, 0.000242140260525, 0.000604277127422, 0.000637199613266, 0.000381930818548, 0.000180815157364, 9.73037094809e-05, 5.33439524588e-05, 4.24786048825e-05, 3.29831782437e-05, 9.19169633562e-06, 1.30916623675e-05, 1.4078289496e-05, 7.16510612619e-06, 3.51006701749e-06, 7.34695959181e-06, 6.66017967887e-06, 2.92188610729e-06, 4.32524348071e-06, 2.66593315246e-06, 2.89365857498e-06, 2.37704193751e-06, 1.8259730723e-06, 1.66122686096e-06, 9.37257311762e-07, 9.82560550256e-07, 5.97037967509e-07, 4.5322758524e-07, 2.77026202866e-07, 2.29454869327e-07, 1.67966845765e-07, 1.10435060208e-07, 1.17307941139e-07, 8.09155906722e-08, 6.17786213297e-08, 5.73233549517e-08, 2.82755046044e-08, 1.95392644287e-08, 8.56877946376e-09],
        "min": [7.94774522111e-24, 6.10326812341e-24, 3.48903869821e-24, 3.29544394902e-24, 2.01175860252e-24, 9.18221077472e-24, 3.7063919657e-24, 6.93651231532e-24, 7.57665874041e-24, 8.07733455745e-24, 7.07253875665e-24, 4.43188051896e-24, 4.62962625422e-24, 9.26221941431e-24, 5.61996972882e-24, 4.95752220594e-24, 5.08055334715e-24, 8.56776543792e-24, 1.1652372505e-23, 1.02176475108e-23, 1.21393095205e-23, 1.11647980898e-23, 1.06401274906e-23, 8.61321408126e-24, 5.36745771964e-24, 9.48847971029e-24, 8.40276807985e-24, 1.06492585556e-23, 1.14344047148e-23, 8.7107362218e-24, 9.26716399447e-24, 9.3687140588e-24, 7.52746931866e-24, 7.80890806837e-24, 7.50745749522e-24, 6.73476744969e-24, 9.66023129543e-24, 9.41578775559e-24, 7.30538683004e-24, 9.48787859828e-24],
        "var": [1.31021924972e-05, 4.11603032262e-05, 8.41575820232e-06, 1.83698227829e-06, 1.60702325047e-06, 5.62929130865e-07, 7.05781985744e-07, 8.3855901778e-08, 5.94044742286e-08, 1.17780970754e-07, 3.18101101016e-08, 1.0575150533e-08, 5.58071100443e-09, 3.28298832564e-09, 2.69251057006e-08, 5.28329491267e-10, 8.05040212271e-09, 2.44634201785e-09, 2.06772909905e-09, 8.64067573048e-09, 6.07834116373e-10, 9.08262409727e-10, 4.20333767792e-10, 2.49208542691e-09, 1.73077607801e-09, 3.58245211274e-10, 5.70086200469e-10, 4.02250066589e-10, 4.51701620552e-10, 1.89153789854e-10, 8.09794453716e-11, 3.46734654877e-11, 1.80756763724e-11, 6.81652997936e-12, 3.19576049651e-12, 1.25943537283e-12, 2.74328476602e-12, 1.18391136738e-12, 4.34920220498e-13, 2.08267837655e-13]
    },
    "mfcc": {
        "mean": [-716.290893555, 159.34475708, 2.69889831543, 32.3168182373, 1.52391946316, -4.40438270569, -9.54159164429, -7.20468473434, -10.7880048752, -3.38370013237, -6.60196781158, -1.17263698578, -3.62279319763],
        "cov": [[13373.1621094, -1134.84399414, -1202.77001953, 810.265686035, 529.135437012, 967.663146973, 694.938842773, 1016.68200684, 815.032348633, 792.592590332, 272.267120361, 573.631408691, 367.467559814], [-1134.84399414, 2168.14819336, 50.6379852295, 119.92540741, 98.1694793701, -103.412704468, 20.8062801361, -46.9066429138, 15.1619348526, 112.308731079, 162.649963379, -6.35252428055, -33.1125259399], [-1202.77001953, 50.6379852295, 880.179260254, -182.31149292, -71.5450820923, -49.7683372498, -39.9782791138, -54.2580795288, -31.778553009, -76.5072097778, 1.84243094921, -15.8757486343, -1.63521158695], [810.265686035, 119.92540741, -182.31149292, 786.588317871, 49.1525306702, 72.7132263184, 150.151824951, 112.55002594, 116.332527161, 195.453201294, 133.29586792, 115.338119507, 51.4859428406], [529.135437012, 98.1694793701, -71.5450820923, 49.1525306702, 322.945281982, 111.677246094, 93.1411590576, 79.2956619263, 66.0880432129, 64.0659790039, 11.5855770111, 14.1624288559, 30.6449146271], [967.663146973, -103.412704468, -49.7683372498, 72.7132263184, 111.677246094, 297.280853271, 140.78427124, 171.819961548, 115.277565002, 92.7699127197, 40.9449729919, 68.5772857666, 66.2537536621], [694.938842773, 20.8062801361, -39.9782791138, 150.151824951, 93.1411590576, 140.78427124, 241.927200317, 184.812240601, 145.492797852, 129.31854248, 75.7300415039, 74.2361221313, 52.3675956726], [1016.68200684, -46.9066429138, -54.2580795288, 112.55002594, 79.2956619263, 171.819961548, 184.812240601, 276.774841309, 205.708480835, 174.723220825, 100.869590759, 96.6689529419, 69.9841537476], [815.032348633, 15.1619348526, -31.778553009, 116.332527161, 66.0880432129, 115.277565002, 145.492797852, 205.708480835, 258.005340576, 209.797851562, 127.536582947, 99.7428588867, 51.48802948], [792.592590332, 112.308731079, -76.5072097778, 195.453201294, 64.0659790039, 92.7699127197, 129.31854248, 174.723220825, 209.797851562, 275.719146729, 174.04624939, 128.239959717, 67.7979202271], [272.267120361, 162.649963379, 1.84243094921, 133.29586792, 11.5855770111, 40.9449729919, 75.7300415039, 100.869590759, 127.536582947, 174.04624939, 201.538040161, 139.134368896, 61.4208602905], [573.631408691, -6.35252428055, -15.8757486343, 115.338119507, 14.1624288559, 68.5772857666, 74.2361221313, 96.6689529419, 99.7428588867, 128.239959717, 139.134368896, 196.746871948, 114.469970703], [367.467559814, -33.1125259399, -1.63521158695, 51.4859428406, 30.6449146271, 66.2537536621, 52.3675956726, 69.9841537476, 51.48802948, 67.7979202271, 61.4208602905, 114.469970703, 137.849365234]],
