{
"lowlevel": {
    "average_loudness": 0.78207296133,
    "barkbands_crest": {
        "dmean": 2.79645633698,
        "dmean2": 4.33983850479,
        "dvar": 6.39246463776,
        "dvar2": 15.3282136917,
        "max": 26.0417385101,
        "mean": 11.9114618301,
        "median": 11.2542772293,
        "min": 2.43392348289,
        "var": 19.0848884583
    },
    "barkbands_flatness_db": {
        "dmean": 0.03560096398,
        "dmean2": 0.0499354526401,
        "dvar": 0.00144157360774,
        "dvar2": 0.00284809689038,
        "max": 0.572732567787,
        "mean": 0.236346632242,
        "median": 0.21786865592,
        "min": 0.0208566840738,
        "var": 0.0119876572862
    },
    "barkbands_kurtosis": {
        "dmean": 6.78445768356,
        "dmean2": 10.6104154587,
        "dvar": 492.341217041,
        "dvar2": 1274.86914062,
        "max": 1166.23388672,
        "mean": 11.6092863083,
        "median": 4.50830602646,
        "min": -1.83672654629,
        "var": 1033.63537598
    },
    "barkbands_skewness": {
        "dmean": 0.765773355961,
        "dmean2": 1.15334022045,
        "dvar": 0.768168330193,
        "dvar2": 1.79364788532,
        "max": 22.6405906677,
        "mean": 2.02821564674,
        "median": 1.67713844776,
        "min": -1.88043010235,
        "var": 2.86342644691
    },
    "barkbands_spread": {
        "dmean": 5.26271104813,
        "dmean2": 8.19208526611,
        "dvar": 73.9634475708,
        "dvar2": 167.545181274,
        "max": 113.355453491,
        "mean": 12.0529270172,
        "median": 8.84683609009,
        "min": 0.143145576119,
        "var": 157.346679688
    },
    "dissonance": {
        "dmean": 0.0324497334659,
        "dmean2": 0.0536858029664,
        "dvar": 0.0009542851476,
        "dvar2": 0.00252688163891,
        "max": 0.5,
        "mean": 0.433324635029,
        "median": 0.444667458534,
        "min": 0.156418412924,
        "var": 0.00244527217001
    },
    "dynamic_complexity": 4.54193878174,
    "erbbands_crest": {
        "dmean": 3.09013319016,
        "dmean2": 4.78200483322,
        "dvar": 8.80695724487,
        "dvar2": 19.5912857056,
        "max": 31.2583007812,
        "mean": 12.2703332901,
        "median": 11.2525196075,
        "min": 2.32951855659,
        "var": 29.303943634
    },
    "erbbands_flatness_db": {
        "dmean": 0.0244239605963,
        "dmean2": 0.0336428843439,
        "dvar": 0.000706936640199,
        "dvar2": 0.00124096591026,
        "max": 0.56186902523,
        "mean": 0.239387154579,
        "median": 0.221694529057,
        "min": 0.0400154925883,
        "var": 0.00968345161527
    },
    "erbbands_kurtosis": {
        "dmean": 2.5480389595,
        "dmean2": 3.89797949791,
        "dvar": 15.4956102371,
        "dvar2": 34.4450492859,
        "max": 74.1511535645,
        "mean": 4.16771602631,
        "median": 1.54272890091,
        "min": -1.84190070629,
        "var": 59.7729644775
    },
    "erbbands_skewness": {
        "dmean": 0.535207271576,
        "dmean2": 0.804494142532,
        "dvar": 0.302905648947,
        "dvar2": 0.681509852409,
        "max": 7.14063167572,
        "mean": 1.12386202812,
        "median": 0.973940610886,
        "min": -2.40740942955,
        "var": 1.43911838531
    },
    "erbbands_spread": {
        "dmean": 8.06740665436,
        "dmean2": 12.0097980499,
        "dvar": 139.530914307,
        "dvar2": 294.010284424,
        "max": 120.424797058,
        "mean": 24.8645763397,
        "median": 20.0585899353,
        "min": 0.879172921181,
        "var": 343.82220459
    },
    "hfc": {
        "dmean": 8.73993682861,
        "dmean2": 13.2644805908,
        "dvar": 421.938903809,
        "dvar2": 1064.1262207,
        "max": 226.494995117,
        "mean": 13.2982530594,
        "median": 5.69930315018,
        "min": 1.20686617518e-16,
        "var": 482.871734619
    },
    "melbands_crest": {
        "dmean": 3.15666246414,
        "dmean2": 4.90870428085,
        "dvar": 8.95258045197,
        "dvar2": 21.6308288574,
        "max": 33.7379989624,
        "mean": 14.4105434418,
        "median": 13.5368423462,
        "min": 2.1872074604,
        "var": 25.167093277
    },
    "melbands_flatness_db": {
        "dmean": 0.0426002852619,
        "dmean2": 0.0598201416433,
        "dvar": 0.00232555554248,
        "dvar2": 0.00484841642901,
        "max": 0.727466702461,
        "mean": 0.30023509264,
        "median": 0.283803403378,
        "min": 0.00571903446689,
        "var": 0.0137529922649
    },
    "melbands_kurtosis": {
        "dmean": 8.23083114624,
        "dmean2": 12.3092041016,
        "dvar": 208.616455078,
        "dvar2": 443.083740234,
        "max": 340.791229248,
        "mean": 14.7332353592,
        "median": 7.65629577637,
        "min": -1.70824861526,
        "var": 481.086425781
    },
    "melbands_skewness": {
        "dmean": 0.801430583,
        "dmean2": 1.15996968746,
        "dvar": 0.721129179001,
        "dvar2": 1.5405459404,
        "max": 12.8839359283,
        "mean": 2.32611894608,
        "median": 2.02146458626,
        "min": -1.38179111481,
        "var": 2.53488135338
    },
    "melbands_spread": {
        "dmean": 5.89912080765,
        "dmean2": 9.39736461639,
        "dvar": 98.8648605347,
        "dvar2": 242.928207397,
        "max": 170.986282349,
        "mean": 13.2272291183,
        "median": 9.69252300262,
        "min": 0.274758040905,
        "var": 180.33052063
    },
    "pitch_salience": {
        "dmean": 0.0801750645041,
        "dmean2": 0.12224098295,
        "dvar": 0.00575121166185,
        "dvar2": 0.012892588973,
        "max": 0.895889639854,
        "mean": 0.53040009737,
        "median": 0.542162656784,
        "min": 0.065858758986,
        "var": 0.0180700514466
    },
    "silence_rate_20dB": {
        "dmean": 0,
        "dmean2": 0,
        "dvar": 0,
        "dvar2": 0,
        "max": 1,
        "mean": 1,
        "median": 1,
        "min": 1,
        "var": 0
    },
    "silence_rate_30dB": {
        "dmean": 0.0492544062436,
        "dmean2": 0.0985199436545,
        "dvar": 0.0468243062496,
        "dvar2": 0.10011100024,
        "max": 1,
        "mean": 0.952106654644,
        "median": 1,
        "min": 0,
        "var": 0.0455966703594
    },
    "silence_rate_60dB": {
        "dmean": 0.0377315878868,
        "dmean2": 0.0754716992378,
        "dvar": 0.0363090373576,
        "dvar2": 0.0803908258677,
        "max": 1,
        "mean": 0.165367677808,
        "median": 0,
        "min": 0,
        "var": 0.138019680977
    },
    "spectral_centroid": {
        "dmean": 242.229415894,
        "dmean2": 380.070831299,
        "dvar": 149108.015625,
        "dvar2": 338368.40625,
        "max": 11186.6435547,
        "mean": 824.649902344,
        "median": 647.089599609,
        "min": 93.1292648315,
        "var": 296767.875
    },
    "spectral_complexity": {
        "dmean": 3.69656586647,
        "dmean2": 5.63179302216,
        "dvar": 35.156867981,
        "dvar2": 76.6036453247,
        "max": 56,
        "mean": 11.5598106384,
        "median": 9,
        "min": 0,
        "var": 74.9373931885
    },
    "spectral_decrease": {
        "dmean": 2.62077715085e-09,
        "dmean2": 3.37374284065e-09,
        "dvar": 2.27068224986e-17,
        "dvar2": 3.75076446084e-17,
        "max": -3.27168131712e-29,
        "mean": -5.95462834596e-09,
        "median": -2.80251399865e-09,
        "min": -5.30315809044e-08,
        "var": 6.85357452506e-17
    },
    "spectral_energy": {
        "dmean": 0.0103147719055,
        "dmean2": 0.013310614042,
        "dvar": 0.000336336175678,
        "dvar2": 0.000555468723178,
        "max": 0.204431325197,
        "mean": 0.0236803591251,
        "median": 0.011183575727,
        "min": 1.10701185559e-20,
        "var": 0.0010486234678
    },
    "spectral_energyband_high": {
        "dmean": 0.00062026939122,
        "dmean2": 0.00101224065293,
        "dvar": 3.45158082382e-06,
        "dvar2": 8.97803056432e-06,
        "max": 0.0200697779655,
        "mean": 0.000542634574231,
        "median": 3.62226528523e-05,
        "min": 7.8902553355e-21,
        "var": 2.87300576929e-06
    },
    "spectral_energyband_low": {
        "dmean": 0.006651266478,
        "dmean2": 0.00900354795158,
        "dvar": 0.000306076137349,
        "dvar2": 0.000554462894797,
        "max": 0.190580204129,
        "mean": 0.00997901242226,
        "median": 0.000245817005634,
        "min": 9.31311072458e-23,
        "var": 0.000581705244258
    },
    "spectral_energyband_middle_high": {
        "dmean": 0.00197213352658,
        "dmean2": 0.0031767024193,
        "dvar": 1.97489171114e-05,
        "dvar2": 5.08860139234e-05,
        "max": 0.0621871352196,
        "mean": 0.00284250685945,
        "median": 0.000987330451608,
        "min": 1.58190931132e-21,
        "var": 2.37193016801e-05
    },
    "spectral_energyband_middle_low": {
        "dmean": 0.00536067271605,
        "dmean2": 0.00786975957453,
        "dvar": 0.000116057984997,
        "dvar2": 0.000261706882156,
        "max": 0.118632987142,
        "mean": 0.0113168219104,
        "median": 0.00691552087665,
        "min": 3.86675760586e-22,
        "var": 0.000191478160559
    },
    "spectral_entropy": {
        "dmean": 0.314992725849,
        "dmean2": 0.446888178587,
        "dvar": 0.139805406332,
        "dvar2": 0.279625922441,
        "max": 9.78235244751,
        "mean": 6.82444429398,
        "median": 6.87543964386,
        "min": 4.0316195488,
        "var": 0.670059800148
    },
    "spectral_flux": {
        "dmean": 0.028178088367,
        "dmean2": 0.0395919755101,
        "dvar": 0.00142185157165,
        "dvar2": 0.00233751209453,
        "max": 0.375738322735,
        "mean": 0.0704864114523,
        "median": 0.0428083389997,
        "min": 1.05214628676e-10,
        "var": 0.00501119997352
    },
    "spectral_kurtosis": {
        "dmean": 7.19273996353,
        "dmean2": 11.8403282166,
        "dvar": 187.448486328,
        "dvar2": 504.070495605,
        "max": 283.283569336,
        "mean": 16.8052005768,
        "median": 6.91447734833,
        "min": -1.1893376112,
        "var": 895.599304199
    },
    "spectral_rms": {
        "dmean": 0.000859205028974,
        "dmean2": 0.00109130877536,
        "dvar": 1.31607521325e-06,
        "dvar2": 2.0226898414e-06,
        "max": 0.0141225066036,
        "mean": 0.00398020725697,
        "median": 0.00330315087922,
        "min": 3.2863529606e-12,
        "var": 7.26073949409e-06
    },
    "spectral_rolloff": {
        "dmean": 522.77935791,
        "dmean2": 928.022583008,
        "dvar": 1788121.375,
        "dvar2": 4728030,
        "max": 19186.0839844,
        "mean": 1080.48095703,
        "median": 602.9296875,
        "min": 64.599609375,
        "var": 2703636
    },
    "spectral_skewness": {
        "dmean": 0.592201471329,
        "dmean2": 0.93691855669,
        "dvar": 0.531736314297,
        "dvar2": 1.36346459389,
        "max": 13.8633136749,
        "mean": 2.55489563942,
        "median": 2.10561013222,
        "min": -0.0221260357648,
        "var": 2.97927069664
    },
    "spectral_spread": {
        "dmean": 764633.0625,
        "dmean2": 1111959.125,
        "dvar": 1.2828156887e+12,
        "dvar2": 2.39264333824e+12,
        "max": 40848392,
        "mean": 3812416.5,
        "median": 3630334.5,
        "min": 259717.453125,
        "var": 4.58535940915e+12
    },
    "spectral_strongpeak": {
        "dmean": 0.418802857399,
        "dmean2": 0.681679666042,
        "dvar": 0.424842983484,
        "dvar2": 1.09112799168,
        "max": 8.51436424255,
        "mean": 0.83720511198,
        "median": 0.613091170788,
        "min": 0,
        "var": 0.694449186325
    },
    "zerocrossingrate": {
        "dmean": 0.00997126381844,
        "dmean2": 0.0122768720612,
        "dvar": 0.000190500461031,
        "dvar2": 0.000257221923675,
        "max": 0.6953125,
        "mean": 0.0409375280142,
        "median": 0.03271484375,
        "min": 0.00244140625,
        "var": 0.00150400062557
    },
    "barkbands": {
        "dmean": [6.47514389129e-05, 0.00407099118456, 0.00389177864417, 0.00188331503887, 0.00156326079741, 0.00129505409859, 0.000880397157744, 0.000926396111026, 0.000704031495843, 0.000562322500627, 0.000347016408341, 0.000372042763047, 0.000270082295174, 0.000158389681019, 0.000165797420777, 0.000123197110952, 0.000132977074827, 0.00012221893121, 0.000139095296618, 0.000119955853734, 0.000116494666145, 9.31152171688e-05, 8.72083764989e-05, 0.000140110976645, 9.01945677469e-05, 6.11332143308e-05, 6.92247431289e-06],
        "dmean2": [0.000100384866528, 0.00597875844687, 0.00631705578417, 0.00332152144983, 0.00249188719317, 0.00179850601126, 0.00128873670474, 0.00126131763682, 0.00103906623553, 0.000877774786204, 0.000589246628806, 0.000621558632702, 0.000459306145785, 0.000261391192907, 0.00028160517104, 0.00021776255744, 0.00022677060042, 0.000197014494915, 0.000232688966207, 0.000198167166673, 0.00019411300309, 0.000151901360368, 0.000145892074215, 0.00025239950628, 0.000157389091328, 0.00010597518849, 1.18896032291e-05],
        "dvar": [1.58942707884e-08, 0.000127051986055, 0.000191065948457, 5.38480198884e-05, 1.99355654331e-05, 6.2966078076e-06, 3.39237408298e-06, 3.40430142387e-06, 4.65606126454e-06, 3.54180883733e-06, 1.96748533199e-06, 1.58708610343e-06, 4.40692389247e-07, 3.50135451299e-07, 3.15672650686e-07, 4.29126885138e-07, 4.73459323302e-07, 9.05684061081e-08, 1.43914704154e-07, 1.12551191478e-07, 1.36687660302e-07, 7.13333108138e-08, 7.79115651994e-08, 7.52242215185e-07, 2.61984439476e-07, 1.09887821509e-07, 1.21185705915e-09],
        "dvar2": [3.69263055688e-08, 0.000283639936242, 0.000461926829303, 0.000147516402649, 5.42750531167e-05, 1.39474923344e-05, 7.07201161276e-06, 6.68074972054e-06, 9.2542695711e-06, 7.81011112849e-06, 5.07797358296e-06, 4.13787347497e-06, 1.17455340387e-06, 8.98227028756e-07, 8.26949190014e-07, 1.21711127576e-06, 1.346642307e-06, 2.2206114636e-07, 3.73456316538e-07, 2.79898756617e-07, 3.60304397873e-07, 1.81142283395e-07, 2.06569168881e-07, 2.18130207941e-06, 7.46765522308e-07, 3.11610335757e-07, 3.30894223133e-09],
        "max": [0.00141306396108, 0.126184433699, 0.128025487065, 0.0834255069494, 0.0686533674598, 0.0483208224177, 0.0381558798254, 0.0367729216814, 0.0531503744423, 0.0535034388304, 0.0514158494771, 0.0260280761868, 0.0239610243589, 0.0242768358439, 0.018949020654, 0.0187057945877, 0.0259781479836, 0.00508188363165, 0.00534650683403, 0.00513024860993, 0.00640239659697, 0.00308366352692, 0.00966414343566, 0.0161656271666, 0.0102942325175, 0.00923618488014, 0.000591115560383],
        "mean": [8.40059292386e-05, 0.00542001985013, 0.00360725866631, 0.00155419774819, 0.00231782253832, 0.00277374568395, 0.00169207062572, 0.0016898503527, 0.00101533310954, 0.000838829844724, 0.000452983716968, 0.000475879438454, 0.000289780466119, 0.000172576721525, 0.000181976676686, 0.000117388670333, 0.000134616057039, 0.00012677416089, 0.000136254893732, 0.000120418713777, 0.000109717002488, 8.43720845296e-05, 7.25626960048e-05, 9.72140260274e-05, 6.58827702864e-05, 4.38880815636e-05, 4.91531181979e-06],
        "median": [2.93799052997e-06, 0.000108754065877, 3.66059502994e-05, 2.87634993583e-05, 0.000843756657559, 0.00173623254523, 0.000818061525933, 0.000625601387583, 0.000150482155732, 0.000101329802419, 7.39267125027e-05, 4.74993212265e-05, 4.69565275125e-05, 2.06012591661e-05, 2.35769384744e-05, 1.03253360066e-05, 1.11898716568e-05, 1.39659232445e-05, 1.06727939055e-05, 8.52920675243e-06, 6.34219168205e-06, 4.45340219812e-06, 4.15961130784e-06, 3.44996192325e-06, 1.89572131148e-06, 6.53317499655e-07, 1.33023654314e-08],
        "min": [4.77480813634e-23, 4.25049646885e-23, 1.26861897096e-23, 5.12766845914e-23, 9.68942009556e-23, 4.48219564522e-23, 3.85090497265e-23, 5.97702931599e-23, 7.65488218777e-23, 1.2729418025e-22, 6.27582205899e-23, 4.51903418731e-23, 1.42407631857e-22, 1.31783543486e-22, 1.08764721111e-22, 1.13341035751e-22, 7.53497154364e-23, 2.20748449099e-22, 4.62148948531e-22, 3.62378516539e-22, 5.25443108598e-22, 5.69127776905e-22, 6.43740639458e-22, 9.45416246231e-22, 1.15952889837e-21, 1.52784540444e-21, 2.42608297227e-21],
        "var": [2.74653206844e-08, 0.000176525834831, 0.000174675995368, 3.73265829694e-05, 2.04158222914e-05, 1.33224375531e-05, 7.53449876356e-06, 8.76898320712e-06, 9.34554736887e-06, 5.80491450819e-06, 2.55252416537e-06, 2.32097750086e-06, 4.85941200168e-07, 4.02274281441e-07, 3.49907168129e-07, 2.66871978738e-07, 3.01468872976e-07, 9.57137089586e-08, 1.33900115884e-07, 1.23662871943e-07, 1.18315774955e-07, 6.65465549332e-08, 6.04411383165e-08, 4.23091051971e-07, 1.54643856831e-07, 6.54387548593e-08, 7.94123267145e-10]
    },
    "erbbands": {
        "dmean": [0.0735128745437, 1.08211147785, 4.07277202606, 5.37083768845, 4.83381271362, 5.53987360001, 7.88668060303, 11.1208076477, 13.6924962997, 11.3692970276, 20.5657348633, 19.1887588501, 14.8814992905, 15.7762031555, 15.694644928, 15.3688154221, 12.2947216034, 8.82681274414, 9.53581809998, 7.6915807724, 6.52822065353, 7.30941534042, 6.49401044846, 6.55844211578, 7.11122465134, 6.07856321335, 5.16752958298, 4.17500829697, 3.65519309044, 2.62763261795, 2.47078227997, 2.25970029831, 2.7714164257, 1.21550917625, 0.643404841423, 0.236681342125, 0.113868482411, 0.0230302233249, 0.00103341508657, 2.92458753393e-05],
        "dmean2": [0.109386309981, 1.57571041584, 6.30674743652, 8.80585384369, 7.97641706467, 8.82719230652, 11.5222301483, 15.9155550003, 19.5658359528, 17.0345668793, 27.3000278473, 27.4535007477, 23.2340698242, 25.3272399902, 26.0922431946, 25.3153400421, 20.937128067, 14.3209457397, 16.0107269287, 13.4054536819, 11.3872470856, 12.3735666275, 10.5445213318, 10.9211454391, 11.75527668, 10.1413469315, 8.57931613922, 6.94265937805, 6.08633422852, 4.29977416992, 4.14978599548, 3.89344239235, 5.11902427673, 2.10186862946, 1.13384640217, 0.406050950289, 0.19794537127, 0.0404259711504, 0.00177350104786, 4.59625662188e-05],
        "dvar": [0.0271722190082, 9.80012893677, 189.403320312, 363.057769775, 320.773773193, 198.538131714, 246.321136475, 515.57824707, 753.786804199, 485.379058838, 1973.82983398, 3510.62768555, 2395.77246094, 3451.68603516, 3193.50537109, 2502.41625977, 927.231201172, 811.854187012, 1572.64892578, 936.486022949, 1085.51904297, 1203.20507812, 251.103118896, 311.064331055, 411.426696777, 296.059631348, 216.249755859, 193.285491943, 120.505027771, 57.993976593, 60.8542289734, 148.465270996, 482.721588135, 50.6504325867, 17.3416652679, 2.60029792786, 0.441199302673, 0.034104026854, 2.75629936368e-05, 1.05313207044e-08],
        "dvar2": [0.0642068013549, 21.1856212616, 434.793060303, 926.924621582, 828.562866211, 543.176269531, 570.071472168, 1214.54528809, 1546.62597656, 1061.51989746, 3567.69384766, 6896.63476562, 5113.74951172, 8055.98486328, 7983.70898438, 6323.71240234, 2483.14624023, 2029.20507812, 4228.45507812, 2627.10620117, 3091.28320312, 3377.97875977, 623.484558105, 807.591552734, 1068.78674316, 747.983581543, 563.02355957, 507.913116455, 317.187347412, 147.270629883, 160.99230957, 422.934692383, 1417.2890625, 145.225112915, 49.9598808289, 7.52702569962, 1.23979103565, 0.0997269228101, 7.61047194828e-05, 2.81301097971e-08],
        "max": [2.17230772972, 34.6091804504, 145.145645142, 207.275817871, 280.91418457, 230.175079346, 272.67074585, 387.040771484, 571.62298584, 566.575378418, 1011.81011963, 1545.67346191, 1876.51928711, 1864.38964844, 1473.41357422, 1284.83361816, 1189.7364502, 1301.88427734, 1151.28039551, 1044.61621094, 1079.15661621, 1239.77966309, 287.167907715, 247.496383667, 369.786651611, 237.787261963, 201.582702637, 253.028518677, 144.060760498, 164.287994385, 254.856307983, 381.247253418, 449.961730957, 204.115356445, 104.712387085, 64.0751342773, 15.473025322, 5.65476465225, 0.104959584773, 0.00224790070206],
        "mean": [0.113715991378, 1.37440192699, 4.09225988388, 4.96191835403, 5.42167711258, 8.28691673279, 15.0911417007, 23.3545227051, 28.9534568787, 22.5467414856, 36.7950325012, 29.7667274475, 19.6693401337, 23.9291343689, 22.8968067169, 21.4712257385, 13.8644561768, 10.0629673004, 10.6540594101, 7.65995740891, 6.41673183441, 7.32848405838, 6.94617652893, 6.54826068878, 7.04110097885, 6.06272554398, 4.79961061478, 4.01086473465, 3.23324537277, 2.30256533623, 2.06801700592, 1.73812317848, 1.8168489933, 0.891515731812, 0.45407897234, 0.176304623485, 0.0814275890589, 0.0159853734076, 0.000745889556129, 4.22574339609e-05],
        "median": [0.0024798696395, 0.0254144761711, 0.0524922795594, 0.108722828329, 0.670434236526, 3.4384624958, 8.00573730469, 14.4942979813, 15.2296037674, 11.9343185425, 12.3740386963, 6.08282423019, 3.10252690315, 4.09531784058, 4.11445379257, 3.06261229515, 2.87394428253, 2.00768017769, 1.66510689259, 0.959787130356, 0.624120056629, 0.685254871845, 0.864739775658, 0.744942724705, 0.496987909079, 0.440506190062, 0.29549741745, 0.221707120538, 0.172650486231, 0.12798269093, 0.120417572558, 0.0796207487583, 0.0496302768588, 0.0266495291144, 0.00919383578002, 0.00337771489285, 0.00106523942668, 0.000125775419292, 1.30503512992e-05, 1.46438724187e-05],
        "min": [2.13763119862e-21, 6.43914708874e-21, 1.32170052513e-20, 8.69257416233e-20, 2.77378293862e-19, 3.78968015503e-19, 3.7652679872e-19, 2.84791770855e-19, 5.86248387619e-19, 8.72446520611e-19, 1.05507548876e-18, 1.49982692948e-18, 2.33196545583e-18, 5.2640359704e-18, 3.06468245602e-18, 2.00230130809e-18, 6.55890160616e-18, 6.62626719525e-18, 5.21749465324e-18, 5.31384092867e-18, 6.59627734855e-18, 4.63160634768e-18, 9.383153057e-18, 2.35594885459e-17, 1.85350694281e-17, 1.92220644335e-17, 2.07967367328e-17, 2.37859457822e-17, 2.19281113612e-17, 1.24902221088e-17, 1.9497581752e-17, 2.10391899878e-17, 1.50334616939e-17, 1.15267337118e-17, 1.01635466797e-17, 5.82041750274e-18, 2.89644901547e-18, 1.3847309511e-18, 2.64916068301e-19, 3.9101451172e-20],
        "var": [0.0505496300757, 13.1844215393, 195.238861084, 303.187408447, 285.030456543, 213.093154907, 456.363128662, 968.862304688, 1805.74816895, 1028.24035645, 5491.22412109, 7179.16992188, 3552.72412109, 5469.74853516, 4938.44970703, 4356.56152344, 1076.63317871, 1022.69647217, 1552.9465332, 669.322753906, 685.718688965, 804.240905762, 263.808135986, 287.607025146, 383.046203613, 309.949859619, 198.363830566, 167.028900146, 103.65146637, 51.5110206604, 47.4563140869, 90.0678787231, 258.745391846, 29.4727535248, 9.86878299713, 1.46013891697, 0.268574714661, 0.0185231138021, 1.76089743036e-05, 9.18540088435e-09]
    },
    "gfcc": {
        "mean": [-111.054611206, 125.218711853, -117.389358521, 0.347039937973, -73.5779953003, -12.7543869019, -39.0201301575, -5.26540994644, -20.57421875, 2.25559163094, -4.45382547379, 0.0243113748729, -7.51622867584],
        "cov": [[25220.4511719, -3628.33984375, 629.456726074, 2480.64648438, -993.612304688, 1900.46228027, -35.1668701172, 1678.19824219, -501.260498047, 729.112609863, -540.135925293, 606.585144043, -369.07434082], [-3628.33984375, 3036.85449219, -773.06640625, -699.635253906, 601.609802246, -720.84765625, 389.156219482, -560.924621582, 292.001159668, -418.764007568, 290.281829834, -270.578613281, 280.51348877], [629.456726074, -773.06640625, 2902.48022461, 712.023376465, -77.2099761963, 1080.82446289, 186.717575073, 698.99029541, -53.4303359985, 338.098571777, -171.970108032, 212.16192627, -197.090744019], [2480.64648438, -699.635253906, 712.023376465, 1388.27050781, 110.621101379, 634.554504395, 335.195220947, 534.974609375, 91.2708892822, 118.05519104, -148.195709229, 64.1759567261, 3.7920217514], [-993.612304688, 601.609802246, -77.2099761963, 110.621101379, 712.541687012, 152.854660034, 324.834289551, 90.034576416, 147.019729614, -35.5037689209, 80.7832260132, -12.7380657196, 54.1930923462], [1900.46228027, -720.84765625, 1080.82446289, 634.554504395, 152.854660034, 998.580322266, 294.909698486, 596.645751953, 34.3989982605, 245.335861206, -66.8942489624, 169.064758301, -81.2003250122], [-35.1668701172, 389.156219482, 186.717575073, 335.195220947, 324.834289551, 294.909698486, 536.471435547, 256.337493896, 153.875534058, 2.3589053154, 25.5977859497, 18.5062198639, 61.1448974609], [1678.19824219, -560.924621582, 698.99029541, 534.974609375, 90.034576416, 596.645751953, 256.337493896, 620.046264648, 115.882652283, 202.118377686, -73.1658477783, 108.173797607, -55.2210044861], [-501.260498047, 292.001159668, -53.4303359985, 91.2708892822, 147.019729614, 34.3989982605, 153.875534058, 115.882652283, 221.993179321, 21.9810600281, 33.2480697632, -53.1922836304, 48.0633888245], [729.112609863, -418.764007568, 338.098571777, 118.05519104, -35.5037689209, 245.335861206, 2.3589053154, 202.118377686, 21.9810600281, 227.858505249, 20.2079200745, 96.1745834351, -60.335899353], [-540.135925293, 290.281829834, -171.970108032, -148.195709229, 80.7832260132, -66.8942489624, 25.5977859497, -73.1658477783, 33.2480697632, 20.2079200745, 173.808425903, 49.3549079895, 28.0506515503], [606.585144043, -270.578613281, 212.16192627, 64.1759567261, -12.7380657196, 169.064758301, 18.5062198639, 108.173797607, -53.1922836304, 96.1745834351, 49.3549079895, 165.989837646, -11.4885940552], [-369.07434082, 280.51348877, -197.090744019, 3.7920217514, 54.1930923462, -81.2003250122, 61.1448974609, -55.2210044861, 48.0633888245, -60.335899353, 28.0506515503, -11.4885940552, 117.458435059]],
        "icov": [[0.000104417253169, -0.000197490720893, 0.000217847205931, -0.000196328648599, 0.000200574766495, -0.000193198560737, 0.000183764394023, -0.000324022315908, 0.000400973542128, -0.000257099774899, 0.000368718407117, -0.000315827754093, 0.000282434717519], [-0.000197490720893, 0.00187253288459, -0.000915513315704, 0.000875602592714, -0.000910538481548, 0.000958740303759, -0.00143882504199, 0.00118157058023, -0.00152902479749, 0.00176506489515, -0.00259174290113, 0.00207515899092, -0.00191533390898], [0.000217847205931, -0.000915513315704, 0.00127688399516, -0.000591681106016, 0.000722744385712, -0.00116060359869, 0.000705120619386, -0.000887724338099, 0.00110051373485, -0.00109488691669, 0.00176608131733, -0.00138562032953, 0.00154235551599], [-0.000196328648599, 0.000875602592714, -0.000591681106016, 0.00181575119495, -0.000504877592903, 0.00019093073206, -0.00102459941991, 0.000187100144103, -0.000939553545322, 0.000947739928961, -0.000565424503293, 0.00116159487516, -0.00165323633701], [0.000200574766495, -0.000910538481548, 0.000722744385712, -0.000504877592903, 0.00281273969449, -0.00116616871674, -0.000297456717817, -0.000481860915897, 0.000182055344339, -0.000244701979682, 0.000582799722906, -0.00107029965147, 0.00141413579695], [-0.000193198560737, 0.000958740303759, -0.00116060359869, 0.00019093073206, -0.00116616871674, 0.00419490877539, -0.00139725056943, -0.00111545773689, 0.000208026758628, -0.00013595764176, -0.00135412754025, 0.000679697259329, -0.000974445603788], [0.000183764394023, -0.00143882504199, 0.000705120619386, -0.00102459941991, -0.000297456717817, -0.00139725056943, 0.00519866729155, -0.00210185186006, 0.000122665747767, 0.000231622412684, 0.00113869924098, -0.00174202327617, 0.000333223608322], [-0.000324022315908, 0.00118157058023, -0.000887724338099, 0.000187100144103, -0.000481860915897, -0.00111545773689, -0.00210185186006, 0.00800660438836, -0.0055085439235, -0.000226607051445, 0.00122197042219, -0.00166366598569, 0.000657068332657], [0.000400973542128, -0.00152902479749, 0.00110051373485, -0.000939553545322, 0.000182055344339, 0.000208026758628, 0.000122665747767, -0.0055085439235, 0.0134162837639, -0.00491667166352, -0.00140728638507, 0.0057413042523, -0.00292312819511], [-0.000257099774899, 0.00176506489515, -0.00109488691669, 0.000947739928961, -0.000244701979682, -0.00013595764176, 0.000231622412684, -0.000226607051445, -0.00491667166352, 0.0121712256223, -0.00428027287126, -0.0021266057156, 0.0019790190272], [0.000368718407117, -0.00259174290113, 0.00176608131733, -0.000565424503293, 0.000582799722906, -0.00135412754025, 0.00113869924098, 0.00122197042219, -0.00140728638507, -0.00428027287126, 0.014980353415, -0.0093282815069, 0.00299379555508], [-0.000315827754093, 0.00207515899092, -0.00138562032953, 0.00116159487516, -0.00107029965147, 0.000679697259329, -0.00174202327617, -0.00166366598569, 0.0057413042523, -0.0021266057156, -0.0093282815069, 0.017769260332, -0.00669836765155], [0.000282434717519, -0.00191533390898, 0.00154235551599, -0.00165323633701, 0.00141413579695, -0.000974445603788, 0.000333223608322, 0.000657068332657, -0.00292312819511, 0.0019790190272, 0.00299379555508, -0.00669836765155, 0.0162686090916]]
    },
    "melbands": {
        "dmean": [0.000886057852767, 0.00177967268974, 0.000886159192305, 0.00034625720582, 0.000276625738479, 0.000247712654527, 0.000204317024327, 0.000136095739435, 0.00016132069868, 0.000113612055429, 7.29629391572e-05, 6.57239506836e-05, 5.01345348312e-05, 4.74351545563e-05, 3.24560351146e-05, 2.31975827774e-05, 1.58082548296e-05, 1.61075477081e-05, 1.05638546302e-05, 9.1240826805e-06, 8.06969001133e-06, 8.25359620649e-06, 6.82217341819e-06, 5.54872303837e-06, 5.37280766366e-06, 5.19257218912e-06, 4.59230295746e-06, 4.01140141548e-06, 3.42719772561e-06, 2.83255121758e-06, 2.22080302592e-06, 2.12441227632e-06, 1.61810328336e-06, 1.47547461893e-06, 1.49798290749e-06, 1.3562936374e-06, 1.31078775212e-06, 1.73150795035e-06, 1.5196159211e-06, 1.02491958387e-06],
        "dmean2": [0.00129235524219, 0.00255614379421, 0.0014013859909, 0.000559796462767, 0.000407204846852, 0.000348463916453, 0.00029192987131, 0.000200339694857, 0.000216018830542, 0.000164896220667, 0.00011487636948, 0.000104961822217, 8.47871924634e-05, 7.78459361754e-05, 5.53990757908e-05, 3.91330941056e-05, 2.55060476775e-05, 2.70483451459e-05, 1.80902989086e-05, 1.61391981237e-05, 1.41449072544e-05, 1.4116483726e-05, 1.14714730444e-05, 8.97423615243e-06, 9.10507878871e-06, 8.74191118783e-06, 7.54176789997e-06, 6.79083177602e-06, 5.73924626224e-06, 4.77894036521e-06, 3.66355675396e-06, 3.55960310117e-06, 2.65310154646e-06, 2.4402361305e-06, 2.51639630733e-06, 2.30843761528e-06, 2.28625731324e-06, 3.19149512507e-06, 2.77841172647e-06, 1.7995610051e-06],
        "dvar": [4.96823395224e-06, 3.00311930914e-05, 8.91518811841e-06, 1.20476101984e-06, 2.98891109196e-07, 2.37066302589e-07, 1.72950876731e-07, 6.74339091233e-08, 1.1609763817e-07, 1.35573316129e-07, 5.91957913798e-08, 6.36223091988e-08, 3.91552923418e-08, 2.42692053121e-08, 9.03068730906e-09, 3.36147132352e-09, 3.28699267804e-09, 5.18584286624e-09, 1.02046926465e-09, 2.08030614957e-09, 2.46138820437e-09, 2.41106934418e-09, 2.98998298343e-10, 2.16585499535e-10, 2.34329750048e-10, 2.16439963174e-10, 1.81126821874e-10, 1.41359132733e-10, 9.74216748939e-11, 8.3925449923e-11, 4.89016917238e-11, 4.1205143464e-11, 2.1770651254e-11, 2.19844316363e-11, 2.84333355471e-11, 1.98147158403e-11, 8.42090910891e-11, 1.84408918691e-10, 1.26567284431e-10, 6.40406894181e-11],
        "dvar2": [1.09874708869e-05, 6.21602448518e-05, 2.14982246689e-05, 3.24192092194e-06, 6.94989978456e-07, 5.40877579169e-07, 3.54299942273e-07, 1.49640044356e-07, 2.15830425532e-07, 2.64125731064e-07, 1.27593565935e-07, 1.46692940461e-07, 1.00765767286e-07, 6.30373548915e-08, 2.3892278378e-08, 8.90835849532e-09, 8.12145728446e-09, 1.41318956537e-08, 2.74946554413e-09, 5.86373527511e-09, 7.04007874219e-09, 6.8239924822e-09, 7.95633503525e-10, 5.29128074689e-10, 6.20397289097e-10, 5.73039504737e-10, 4.51047088568e-10, 3.69774211251e-10, 2.54015142254e-10, 2.22940499395e-10, 1.25765217684e-10, 1.0840866399e-10, 5.55368424859e-11, 5.71367501923e-11, 7.70254901528e-11, 5.22235275857e-11, 2.4439289481e-10, 5.41401146137e-10, 3.68621660973e-10, 1.87410198471e-10],
        "max": [0.0243505463004, 0.0600289478898, 0.0336595326662, 0.0186409857124, 0.00999508425593, 0.00785300228745, 0.00881870929152, 0.00577383115888, 0.00769020151347, 0.0103546893224, 0.00927311740816, 0.00839549768716, 0.00730892131105, 0.00287379743531, 0.00320183881558, 0.00151783134788, 0.00283074774779, 0.0017455490306, 0.00080516905291, 0.0018119973829, 0.00169252348132, 0.00185234309174, 0.000223737137276, 0.000384035229217, 0.000229677447351, 0.000250888610026, 0.000258387852227, 0.000125623118947, 0.000133392313728, 0.000155955858645, 0.000111220069812, 7.96508611529e-05, 5.63524772588e-05, 0.000164374898304, 0.000236973093706, 6.52205053484e-05, 0.000310961680952, 0.000282543856883, 0.00022285101295, 0.00025954990997],
        "mean": [0.00128815928474, 0.00210237712599, 0.000891755043995, 0.000473160122056, 0.000527496507857, 0.000528954726178, 0.000424756144639, 0.000264528353, 0.000281777029159, 0.000168757527717, 9.39821256907e-05, 9.8565564258e-05, 6.70188601362e-05, 6.55661860947e-05, 3.93538321077e-05, 2.46142244578e-05, 1.78779064299e-05, 1.74287251866e-05, 1.09341344796e-05, 8.98237431102e-06, 7.49213313611e-06, 7.94932293502e-06, 6.97269842931e-06, 5.79527659283e-06, 5.20097410117e-06, 4.82262930745e-06, 4.7678881856e-06, 3.84268059861e-06, 3.10589166475e-06, 2.66992765319e-06, 2.13067914956e-06, 1.87211026059e-06, 1.43073680192e-06, 1.25336555357e-06, 1.24096732179e-06, 1.09920438263e-06, 9.80391291705e-07, 1.14898500669e-06, 1.03806735297e-06, 7.26138466689e-07],
        "median": [2.73978985206e-05, 3.67987595382e-05, 2.8149359423e-05, 0.000151326676132, 0.000285928108497, 0.000326713052345, 0.000217630862608, 0.000131936729304, 9.14350675885e-05, 2.68236854026e-05, 1.24457383208e-05, 1.271993915e-05, 1.13517789941e-05, 7.7927370512e-06, 7.00764894646e-06, 4.17191904489e-06, 2.64110849457e-06, 2.29250463235e-06, 1.40784413816e-06, 7.69483676777e-07, 6.11311577359e-07, 5.79951972668e-07, 7.87976603078e-07, 6.074818657e-07, 5.58392400762e-07, 3.35401921348e-07, 2.84692191599e-07, 2.69663530617e-07, 1.80752380174e-07, 1.40561510875e-07, 1.1598499583e-07, 9.10587090175e-08, 8.25422787898e-08, 6.23326315008e-08, 7.01736269093e-08, 5.55134818114e-08, 4.01173494424e-08, 3.19692112782e-08, 3.06278913342e-08, 1.85916970707e-08],
        "min": [1.74876941612e-23, 7.19824216417e-24, 2.15805001749e-23, 2.51287697054e-23, 1.30863228377e-23, 6.95332294121e-24, 8.4209899779e-24, 1.02702558557e-23, 8.51213102258e-24, 1.09071868838e-23, 1.16106859393e-23, 2.14389643291e-23, 9.61167690672e-24, 5.48956786574e-24, 1.18458319645e-23, 1.15626758646e-23, 1.34573343766e-23, 8.35018813393e-24, 7.48898316168e-24, 6.67645564044e-24, 8.23144957934e-24, 3.77468049882e-24, 6.80586353878e-24, 1.1649803185e-23, 2.0100890573e-23, 1.64819075511e-23, 8.59371580626e-24, 1.44423203024e-23, 1.48250645695e-23, 7.58614715937e-24, 1.61556378361e-23, 1.33628035966e-23, 8.13004229884e-24, 6.78693482135e-24, 1.069163853e-23, 1.43379429606e-23, 1.10234247493e-23, 1.06737629419e-23, 9.23621224799e-24, 9.59098350745e-24],
        "var": [8.07600372354e-06, 3.90667046304e-05, 8.46931015985e-06, 1.1274918279e-06, 5.45172497368e-07, 4.83246310523e-07, 4.11692724356e-07, 1.4361387457e-07, 3.08386660208e-07, 2.79681302118e-07, 8.60200941588e-08, 1.03903772697e-07, 5.0569351373e-08, 3.62959227118e-08, 1.2489959289e-08, 3.39342087763e-09, 4.46854908631e-09, 4.69217242838e-09, 9.56855261691e-10, 1.38098021907e-09, 1.49806544947e-09, 1.52703838463e-09, 2.68059047182e-10, 2.32114799603e-10, 2.03783545594e-10, 1.8391163592e-10, 1.98298849563e-10, 1.34236177729e-10, 8.80834225003e-11, 7.1731710849e-11, 4.49465152597e-11, 3.55720522482e-11, 1.95543234383e-11, 1.79172249953e-11, 2.06549291559e-11, 1.51952391642e-11, 4.78064185461e-11, 9.89368725834e-11, 6.96134816458e-11, 3.48206533052e-11]
    },
    "mfcc": {
        "mean": [-743.407226562, 148.16998291, 7.27447128296, 6.65975904465, -14.8074712753, -12.6751890182, -13.1655569077, -13.1715259552, -15.0065774918, -7.21045207977, -1.76425766945, 0.721937298775, -1.09074902534],
        "cov": [[14575.5820312, -1169.16943359, 200.668640137, 1299.76306152, 122.685577393, 663.257873535, 839.461547852, 1084.61413574, 827.388183594, 635.804504395, 306.83013916, 203.920089722, 256.555450439], [-1169.16943359, 1908.66809082, -342.672607422, -239.710266113, -102.823646545, -187.481155396, -82.3583068848, -130.803878784, -140.070098877, -132.907867432, -39.2938766479, -34.6473426819, -36.7875022888], [200.668640137, -342.672607422, 2068.54956055, 293.341033936, 168.155029297, 381.519592285, 287.183135986, 327.739959717, 254.711868286, 232.791213989, 129.348129272, 109.83026886, 76.8354034424], [1299.76306152, -239.710266113, 293.341033936, 905.924560547, 159.480773926, 244.856811523, 272.878875732, 352.739624023, 365.333953857, 232.97467041, 88.5003509521, 56.587097168, 61.9454841614], [122.685577393, -102.823646545, 168.155029297, 159.480773926, 385.089477539, 175.320739746, 175.5987854, 184.376724243, 156.563018799, 132.593521118, 85.7691574097, 61.4978599548, 68.9749679565], [663.257873535, -187.481155396, 381.519592285, 244.856811523, 175.320739746, 384.514251709, 301.258331299, 272.672180176, 205.870147705, 144.804626465, 100.59815979, 69.5016860962, 73.4959487915], [839.461547852, -82.3583068848, 287.183135986, 272.878875732, 175.5987854, 301.258331299, 416.316314697, 369.06729126, 269.971160889, 166.955429077, 114.79624939, 95.0665893555, 107.316947937], [1084.61413574, -130.803878784, 327.739959717, 352.739624023, 184.376724243, 272.672180176, 369.06729126, 495.439788818, 390.453521729, 248.693115234, 144.823852539, 109.963424683, 113.896903992], [827.388183594, -140.070098877, 254.711868286, 365.333953857, 156.563018799, 205.870147705, 269.971160889, 390.453521729, 470.314849854, 304.616027832, 122.895698547, 61.173084259, 65.3438949585], [635.804504395, -132.907867432, 232.791213989, 232.97467041, 132.593521118, 144.804626465, 166.955429077, 248.693115234, 304.616027832, 288.398529053, 137.276275635, 62.725402832, 54.4906692505], [306.83013916, -39.2938766479, 129.348129272, 88.5003509521, 85.7691574097, 100.59815979, 114.79624939, 144.823852539, 122.895698547, 137.276275635, 170.996002197, 118.77960968, 68.2582626343], [203.920089722, -34.6473426819, 109.83026886, 56.587097168, 61.4978599548, 69.5016860962, 95.0665893555, 109.963424683, 61.173084259, 62.725402832, 118.77960968, 177.037445068, 107.708946228], [256.555450439, -36.7875022888, 76.8354034424, 61.9454841614, 68.9749679565, 73.4959487915, 107.316947937, 113.896903992, 65.3438949585, 54.4906692505, 68.2582626343, 107.708946228, 146.797332764]],
