{
"lowlevel": {
    "average_loudness": 0.594941973686,
    "barkbands_crest": {
        "dmean": 2.08198547363,
        "dmean2": 3.28360056877,
        "dvar": 5.9045996666,
        "dvar2": 13.8057136536,
        "max": 26.9802074432,
        "mean": 13.3503246307,
        "median": 12.5333786011,
        "min": 2.83494138718,
        "var": 36.7698249817
    },
    "barkbands_flatness_db": {
        "dmean": 0.0263898558915,
        "dmean2": 0.0391525775194,
        "dvar": 0.000920980121009,
        "dvar2": 0.00195050530601,
        "max": 0.686227440834,
        "mean": 0.241769462824,
        "median": 0.193509578705,
        "min": 0.0264921151102,
        "var": 0.0201620478183
    },
    "barkbands_kurtosis": {
        "dmean": 10.44713974,
        "dmean2": 16.5050601959,
        "dvar": 948.001342773,
        "dvar2": 2426.25146484,
        "max": 1801.47607422,
        "mean": 22.7738285065,
        "median": 3.9892616272,
        "min": -1.81808400154,
        "var": 3328.39892578
    },
    "barkbands_skewness": {
        "dmean": 0.696051001549,
        "dmean2": 1.05333983898,
        "dvar": 1.07192289829,
        "dvar2": 2.29341220856,
        "max": 21.1886177063,
        "mean": 2.10334134102,
        "median": 1.58259546757,
        "min": -36.1398353577,
        "var": 8.80069732666
    },
    "barkbands_spread": {
        "dmean": 3.99231624603,
        "dmean2": 6.13119649887,
        "dvar": 48.3311347961,
        "dvar2": 112.566627502,
        "max": 90.4636001587,
        "mean": 14.9796695709,
        "median": 13.001531601,
        "min": 0.0265384577215,
        "var": 190.548126221
    },
    "dissonance": {
        "dmean": 0.0241554882377,
        "dmean2": 0.0404764078557,
        "dvar": 0.000808967859484,
        "dvar2": 0.0022185833659,
        "max": 0.5,
        "mean": 0.424218475819,
        "median": 0.444947957993,
        "min": 0.121740981936,
        "var": 0.00429596658796
    },
    "dynamic_complexity": 4.97111749649,
    "erbbands_crest": {
        "dmean": 2.36628103256,
        "dmean2": 3.78771233559,
        "dvar": 5.56119632721,
        "dvar2": 14.0319643021,
        "max": 35.0951538086,
        "mean": 12.8808298111,
        "median": 11.113656044,
        "min": 2.61677098274,
        "var": 45.9188690186
    },
    "erbbands_flatness_db": {
        "dmean": 0.0190589297563,
        "dmean2": 0.0284207928926,
        "dvar": 0.000428369210567,
        "dvar2": 0.000937656266615,
        "max": 0.592036247253,
        "mean": 0.239812463522,
        "median": 0.200550287962,
        "min": 0.0485342554748,
        "var": 0.012834741734
    },
    "erbbands_kurtosis": {
        "dmean": 3.38488793373,
        "dmean2": 5.01900482178,
        "dvar": 67.3870697021,
        "dvar2": 131.460159302,
        "max": 413.387786865,
        "mean": 9.75180435181,
        "median": 0.587279081345,
        "min": -1.83318865299,
        "var": 1198.69555664
    },
    "erbbands_skewness": {
        "dmean": 0.472303956747,
        "dmean2": 0.714181602001,
        "dvar": 0.287805199623,
        "dvar2": 0.695692956448,
        "max": 8.7139043808,
        "mean": 1.02090382576,
        "median": 0.664953112602,
        "min": -14.5422582626,
        "var": 4.19875192642
    },
    "erbbands_spread": {
        "dmean": 5.96127319336,
        "dmean2": 9.03343391418,
        "dvar": 70.9824371338,
        "dvar2": 155.533935547,
        "max": 102.480789185,
        "mean": 27.3957614899,
        "median": 28.0160293579,
        "min": 0.150899529457,
        "var": 336.042541504
    },
    "hfc": {
        "dmean": 4.03775453568,
        "dmean2": 6.29181575775,
        "dvar": 178.512527466,
        "dvar2": 475.154785156,
        "max": 229.68019104,
        "mean": 8.34609603882,
        "median": 5.53002214432,
        "min": 1.1963255119e-16,
        "var": 154.873718262
    },
    "melbands_crest": {
        "dmean": 2.38321757317,
        "dmean2": 3.7924759388,
        "dvar": 7.16151189804,
        "dvar2": 16.8530311584,
        "max": 33.263092041,
        "mean": 16.6700820923,
        "median": 15.819601059,
        "min": 1.6443502903,
        "var": 35.1817321777
    },
    "melbands_flatness_db": {
        "dmean": 0.0284704063088,
        "dmean2": 0.0412059947848,
        "dvar": 0.00121880113147,
        "dvar2": 0.00233181845397,
        "max": 0.805571377277,
        "mean": 0.311588317156,
        "median": 0.264419823885,
        "min": 0.00328833726235,
        "var": 0.0267257560045
    },
    "melbands_kurtosis": {
        "dmean": 10.122546196,
        "dmean2": 15.4058332443,
        "dvar": 505.212738037,
        "dvar2": 1018.50579834,
        "max": 432.457977295,
        "mean": 23.4223003387,
        "median": 9.81705379486,
        "min": -1.9325106144,
        "var": 1337.2232666
    },
    "melbands_skewness": {
        "dmean": 0.688646316528,
        "dmean2": 1.02561903,
        "dvar": 1.07386767864,
        "dvar2": 1.92253160477,
        "max": 14.027964592,
        "mean": 2.61769008636,
        "median": 2.33475661278,
        "min": -14.7977819443,
        "var": 5.65364217758
    },
    "melbands_spread": {
        "dmean": 4.32711601257,
        "dmean2": 6.55295801163,
        "dvar": 65.3463516235,
        "dvar2": 135.099121094,
        "max": 161.572021484,
        "mean": 17.130569458,
        "median": 12.0294446945,
        "min": 0.218872234225,
        "var": 346.591918945
    },
    "pitch_salience": {
        "dmean": 0.0609866715968,
        "dmean2": 0.0951442047954,
        "dvar": 0.0045696767047,
        "dvar2": 0.0100982980803,
        "max": 0.926086187363,
        "mean": 0.486226171255,
        "median": 0.503874003887,
        "min": 0.0127147948369,
        "var": 0.0192769467831
    },
    "silence_rate_20dB": {
        "dmean": 0,
        "dmean2": 0,
        "dvar": 0,
        "dvar2": 0,
        "max": 1,
        "mean": 1,
        "median": 1,
        "min": 1,
        "var": 0
    },
    "silence_rate_30dB": {
        "dmean": 0.0262503456324,
        "dmean2": 0.0525079444051,
        "dvar": 0.0255598444492,
        "dvar2": 0.0679865851998,
        "max": 1,
        "mean": 0.981903553009,
        "median": 1,
        "min": 0,
        "var": 0.0177689325064
    },
    "silence_rate_60dB": {
        "dmean": 0.0229345131665,
        "dmean2": 0.0457371845841,
        "dvar": 0.0224048271775,
        "dvar2": 0.0500085130334,
        "max": 1,
        "mean": 0.0990468263626,
        "median": 0,
        "min": 0,
        "var": 0.0892292931676
    },
    "spectral_centroid": {
        "dmean": 151.995437622,
        "dmean2": 225.253540039,
        "dvar": 66591.453125,
        "dvar2": 118950.9375,
        "max": 11006.1181641,
        "mean": 999.009338379,
        "median": 867.38079834,
        "min": 171.919265747,
        "var": 546707.0625
    },
    "spectral_complexity": {
        "dmean": 1.81486594677,
        "dmean2": 2.82782912254,
        "dvar": 13.8227968216,
        "dvar2": 26.0935230255,
        "max": 54,
        "mean": 9.28153038025,
        "median": 9,
        "min": 0,
        "var": 34.0901069641
    },
    "spectral_decrease": {
        "dmean": 2.26517293811e-09,
        "dmean2": 3.45764550325e-09,
        "dvar": 2.38506213799e-17,
        "dvar2": 4.54363130548e-17,
        "max": 5.83333726388e-29,
        "mean": -5.22856469232e-09,
        "median": -2.53449616849e-09,
        "min": -4.61097471316e-08,
        "var": 4.62209071007e-17
    },
    "spectral_energy": {
        "dmean": 0.00886971969157,
        "dmean2": 0.0135522997007,
        "dvar": 0.000358809251338,
        "dvar2": 0.00069168099435,
        "max": 0.176980167627,
        "mean": 0.0204908289015,
        "median": 0.0100992051885,
        "min": 1.06308589935e-20,
        "var": 0.000689524575137
    },
    "spectral_energyband_high": {
        "dmean": 0.000165031218785,
        "dmean2": 0.0002697048767,
        "dvar": 7.07541857992e-07,
        "dvar2": 1.88609044471e-06,
        "max": 0.0177363939583,
        "mean": 0.000197292989469,
        "median": 4.62262578367e-05,
        "min": 7.75272282617e-21,
        "var": 5.34845753464e-07
    },
    "spectral_energyband_low": {
        "dmean": 0.00349573418498,
        "dmean2": 0.00514547061175,
        "dvar": 0.000248582538916,
        "dvar2": 0.000427317543654,
        "max": 0.171052753925,
        "mean": 0.0053119440563,
        "median": 0.00170090678148,
        "min": 8.08994276353e-23,
        "var": 0.000337331672199
    },
    "spectral_energyband_middle_high": {
        "dmean": 0.000710057327524,
        "dmean2": 0.00111587962601,
        "dvar": 9.37885852181e-06,
        "dvar2": 2.53285579674e-05,
        "max": 0.0491459295154,
        "mean": 0.00140923052095,
        "median": 0.000850562588312,
        "min": 1.44787737541e-21,
        "var": 7.75689113652e-06
    },
    "spectral_energyband_middle_low": {
        "dmean": 0.00610663369298,
        "dmean2": 0.00981456413865,
        "dvar": 0.000139096926432,
        "dvar2": 0.000358962715836,
        "max": 0.139086142182,
        "mean": 0.0143897375092,
        "median": 0.00433796318248,
        "min": 3.56996541412e-22,
        "var": 0.000395711947931
    },
    "spectral_entropy": {
        "dmean": 0.213662624359,
        "dmean2": 0.318296402693,
        "dvar": 0.063836529851,
        "dvar2": 0.137118712068,
        "max": 9.80991840363,
        "mean": 6.52390050888,
        "median": 6.90307235718,
        "min": 3.07307076454,
        "var": 1.47710633278
    },
    "spectral_flux": {
        "dmean": 0.0242407228798,
        "dmean2": 0.0359292365611,
        "dvar": 0.00160072359722,
        "dvar2": 0.00265613174997,
        "max": 0.42702203989,
        "mean": 0.0523125380278,
        "median": 0.0313075855374,
        "min": 1.03106058413e-10,
        "var": 0.00379548501223
    },
    "spectral_kurtosis": {
        "dmean": 12.8446846008,
        "dmean2": 21.7548217773,
        "dvar": 1117.34106445,
        "dvar2": 3129.39746094,
        "max": 650.54083252,
        "mean": 33.6054039001,
        "median": 5.89501285553,
        "min": -1.23735189438,
        "var": 5461.18603516
    },
    "spectral_rms": {
        "dmean": 0.000749109836761,
        "dmean2": 0.0011195295956,
        "dvar": 1.67617747593e-06,
        "dvar2": 3.1135386962e-06,
        "max": 0.0131401512772,
        "mean": 0.00381897110492,
        "median": 0.00313893030398,
        "min": 3.22049223227e-12,
        "var": 5.40647124581e-06
    },
    "spectral_rolloff": {
        "dmean": 306.5574646,
        "dmean2": 518.536499023,
        "dvar": 684510.5625,
        "dvar2": 1670963.625,
        "max": 19099.9511719,
        "mean": 1159.23852539,
        "median": 602.9296875,
        "min": 86.1328125,
        "var": 3281498
    },
    "spectral_skewness": {
        "dmean": 0.614340245724,
        "dmean2": 1.02256691456,
        "dvar": 0.965484380722,
        "dvar2": 2.59624028206,
        "max": 20.3041210175,
        "mean": 3.25547194481,
        "median": 1.85574865341,
        "min": -0.00499378005043,
        "var": 11.8030824661
    },
    "spectral_spread": {
        "dmean": 606571.375,
        "dmean2": 919115,
        "dvar": 962392883200,
        "dvar2": 1.66611006259e+12,
        "max": 41578952,
        "mean": 3570201,
        "median": 3420061,
        "min": 180010.71875,
        "var": 4.27431559168e+12
    },
    "spectral_strongpeak": {
        "dmean": 0.279142260551,
        "dmean2": 0.463654845953,
        "dvar": 0.208532676101,
        "dvar2": 0.510736942291,
        "max": 7.92265224457,
        "mean": 0.779456436634,
        "median": 0.599225103855,
        "min": 0,
        "var": 0.563399255276
    },
    "zerocrossingrate": {
        "dmean": 0.00796374678612,
        "dmean2": 0.00966442003846,
        "dvar": 0.000158437847858,
        "dvar2": 0.000204468538868,
        "max": 0.74658203125,
        "mean": 0.047204028815,
        "median": 0.0341796875,
        "min": 0.00390625,
        "var": 0.00358153041452
    },
    "barkbands": {
        "dmean": [2.35556781263e-05, 0.00240870146081, 0.0018889203202, 0.00140199286398, 0.00348444795236, 0.00130698853172, 0.000755002314691, 0.00017808235134, 0.000134758578497, 9.96736052912e-05, 8.36106919451e-05, 5.48285279365e-05, 5.22191003256e-05, 0.000103294180008, 0.000100759076304, 8.35945829749e-05, 0.000120176846394, 0.000123385441839, 8.33557205624e-05, 5.65709269722e-05, 4.71333914902e-05, 2.48001124419e-05, 2.58902528003e-05, 2.19948688027e-05, 1.86132219824e-05, 9.60301804298e-06, 1.4950012428e-06],
        "dmean2": [3.91880785173e-05, 0.00413451995701, 0.00314681255259, 0.00254040583968, 0.00564533937722, 0.00184749101754, 0.00121913256589, 0.00030251298449, 0.000202187919058, 0.000152694774442, 0.000122428231407, 8.30682110973e-05, 8.61644221004e-05, 0.000160188312293, 0.000156888214406, 0.000139619703987, 0.000197683795705, 0.000217174572754, 0.000145521175, 9.4994516985e-05, 7.92069113231e-05, 4.00663993787e-05, 4.25275575253e-05, 3.46984743373e-05, 3.01396776194e-05, 1.6284036974e-05, 2.64905156655e-06],
        "dvar": [4.23425694507e-09, 0.000171558960574, 0.000100045297586, 4.05032551498e-05, 6.9902256655e-05, 1.50445939653e-05, 1.02022113424e-05, 4.87151112338e-07, 1.05079436707e-07, 5.84723665042e-08, 5.77341410235e-08, 2.3571539387e-08, 4.79861128611e-08, 1.02057867934e-07, 8.05265969461e-08, 1.85795329344e-07, 2.90921605028e-07, 6.93385459272e-07, 3.94040313267e-07, 1.04684794167e-07, 8.65271303496e-08, 1.65049129919e-08, 1.53537715875e-08, 7.5980137737e-09, 4.44260228605e-09, 1.82990111952e-09, 7.25559126669e-11],
        "dvar2": [1.22243539735e-08, 0.000453089276562, 0.000243598900852, 0.00011579508282, 0.000194405263755, 2.58972941083e-05, 2.62929042947e-05, 1.39949054301e-06, 2.20945509e-07, 1.35433069204e-07, 1.31690626404e-07, 5.25058574397e-08, 1.35227324449e-07, 2.535978183e-07, 1.96329963842e-07, 5.19232685292e-07, 7.82920380971e-07, 1.94411950361e-06, 1.09904033252e-06, 2.79243494106e-07, 2.35100827695e-07, 4.36521325753e-08, 4.10562641662e-08, 1.94676150755e-08, 1.15209548568e-08, 4.90934093378e-09, 1.98418809161e-10],
        "max": [0.00101535872091, 0.14310747385, 0.114910796285, 0.0701806619763, 0.105486124754, 0.0992925912142, 0.0637669935822, 0.0128496959805, 0.0182519219816, 0.00691505149007, 0.00636083399877, 0.00501421978697, 0.00374140078202, 0.00726036075503, 0.00493096094579, 0.00673257233575, 0.00857633817941, 0.0141281066462, 0.0119314035401, 0.00730446400121, 0.00741912610829, 0.00263830064796, 0.00228108349256, 0.00166858953889, 0.00140270858537, 0.000682686571963, 0.000125316524645],
        "mean": [0.000118305717479, 0.00263939565048, 0.00176387804095, 0.00148373749107, 0.00715779326856, 0.00373694277368, 0.00133217766415, 0.000287806906272, 0.000343719730154, 0.000202722134418, 0.000180260583875, 0.000104715094494, 7.1014961577e-05, 0.000163480610354, 0.000217495035031, 0.000106521023554, 0.000163145465194, 0.00011232693214, 7.60303373681e-05, 6.54072500765e-05, 5.66028720641e-05, 2.98109443975e-05, 2.60169053945e-05, 2.36699197558e-05, 1.83048450708e-05, 8.47828869155e-06, 1.11217082122e-06],
        "median": [2.79333494291e-06, 0.000428651284892, 0.000286258989945, 0.00016586399579, 0.0010315902764, 0.000548305222765, 0.000394290080294, 9.52953560045e-05, 0.000116840419651, 4.23004094046e-05, 2.46233048529e-05, 3.46273627656e-05, 1.24162052089e-05, 2.57231622527e-05, 5.70283700654e-05, 1.9799288566e-05, 3.22605665133e-05, 2.37133208429e-05, 1.27377679746e-05, 1.80874558282e-05, 1.18583493531e-05, 6.06093681199e-06, 2.53885968959e-06, 1.4581112282e-06, 3.62686051858e-07, 8.00920432198e-08, 3.82460418891e-09],
        "min": [5.12087912776e-24, 2.76127002138e-23, 2.51813362406e-23, 5.22037286837e-23, 2.12843617911e-23, 8.57601360978e-23, 3.4380098106e-23, 4.02690425822e-23, 7.38253900429e-23, 7.46308738251e-23, 5.75415591543e-23, 8.29119821985e-23, 7.14826246157e-23, 1.29281945649e-22, 1.08242495192e-22, 2.0911761013e-22, 1.36783331281e-22, 2.23047808244e-22, 2.23549271344e-22, 4.20417272633e-22, 3.66166260574e-22, 4.73873163387e-22, 5.62625190152e-22, 8.400455329e-22, 1.30818240271e-21, 1.73419182826e-21, 2.46836248367e-21],
        "var": [3.89233889564e-08, 0.000123110366985, 8.06082971394e-05, 2.60349934251e-05, 0.000167411169969, 7.66250450397e-05, 1.41459495353e-05, 4.28499902227e-07, 5.68101313547e-07, 1.68872503536e-07, 2.26909463663e-07, 5.69284637209e-08, 3.87045417938e-08, 1.35053227268e-07, 1.86074444741e-07, 1.34874312607e-07, 2.85791401211e-07, 4.32478628909e-07, 2.48992421348e-07, 7.67410952562e-08, 6.09166406207e-08, 1.28161818935e-08, 1.14031664111e-08, 6.69101396511e-09, 3.81079168221e-09, 1.41559441946e-09, 4.86941008349e-11]
    },
    "erbbands": {
        "dmean": [0.0363264121115, 0.645404100418, 1.89462959766, 3.94795084, 6.68469905853, 16.1232032776, 11.9089670181, 7.56868171692, 11.0085821152, 6.98299741745, 4.45761108398, 2.52843618393, 2.62531256676, 3.68312311172, 1.8768774271, 2.1645886898, 2.56545615196, 3.9004137516, 4.42800331116, 5.4473400116, 4.87074422836, 7.22782468796, 6.81631946564, 4.4374961853, 4.35529851913, 2.52136301994, 2.48466110229, 1.33257830143, 0.975276589394, 0.723277032375, 0.723439395428, 0.533627986908, 0.36146068573, 0.229987218976, 0.114126607776, 0.0509836375713, 0.0149225648493, 0.00392100401223, 0.000200457201572, 1.3254059013e-05],
        "dmean2": [0.0604435540736, 1.09102475643, 3.00498795509, 6.99669361115, 10.9177799225, 26.6286811829, 17.5086650848, 10.856007576, 16.5708389282, 12.2662134171, 7.1800737381, 3.87600946426, 4.08793067932, 5.13164520264, 3.0119702816, 3.25119972229, 4.22214269638, 6.09255123138, 6.75403308868, 8.66293430328, 8.07825469971, 11.9241266251, 12.0703392029, 7.51906490326, 7.65082168579, 4.23218727112, 4.16275072098, 2.20214867592, 1.59731674194, 1.18964290619, 1.17035531998, 0.8425745368, 0.589451909065, 0.375184565783, 0.183270484209, 0.0841006934643, 0.0255855601281, 0.00689113838598, 0.000352279370418, 2.08426681638e-05],
        "dvar": [0.0351525507867, 11.9881362915, 91.1557693481, 382.606750488, 250.159255981, 1903.97155762, 1202.67370605, 478.951507568, 2013.06323242, 1331.5625, 201.564865112, 36.3480033875, 40.2464523315, 79.1729507446, 71.2895812988, 39.2471580505, 115.440040588, 190.069000244, 149.949554443, 303.482696533, 596.464660645, 1157.08520508, 2245.77001953, 827.244689941, 1063.51635742, 226.934448242, 246.327911377, 65.6017379761, 30.400138855, 14.7847118378, 8.8600435257, 4.52503299713, 2.29957962036, 0.731529712677, 0.17082631588, 0.0397523194551, 0.0049987914972, 0.000484148709802, 1.1345001667e-06, 8.45452985399e-10],
        "dvar2": [0.0907286480069, 31.1439628601, 204.62286377, 1059.4954834, 563.658447266, 5500.70458984, 2202.88549805, 886.352355957, 4428.61669922, 3864.44775391, 551.863098145, 82.2401351929, 95.0979614258, 137.633895874, 201.545654297, 83.1942443848, 326.944274902, 508.202606201, 349.438262939, 794.444885254, 1653.41430664, 3107.53515625, 6345.14306641, 2251.25976562, 2991.20239258, 606.088684082, 666.375793457, 177.687194824, 81.731338501, 39.5724411011, 22.8810825348, 11.5930051804, 6.06265163422, 1.89832174778, 0.433537691832, 0.102866135538, 0.0135950148106, 0.00133751390968, 3.08688004225e-06, 1.93998261899e-09],
        "max": [2.67103004456, 35.8519058228, 101.409988403, 201.643783569, 342.544647217, 610.078918457, 943.258483887, 507.059570312, 1149.62329102, 576.261169434, 398.842834473, 274.885375977, 160.491333008, 349.615386963, 177.784454346, 256.25604248, 194.165603638, 217.227645874, 277.144836426, 352.668457031, 404.897735596, 559.795532227, 810.502563477, 524.956237793, 640.560180664, 337.170471191, 416.915344238, 164.82434082, 110.51449585, 88.4742507935, 53.7114448547, 40.2918434143, 29.9734077454, 15.4478549957, 8.7554063797, 3.76722192764, 1.24914395809, 0.396832555532, 0.0142157897353, 0.00039409371675],
        "mean": [0.0606510862708, 0.645601272583, 1.97696006298, 4.00159263611, 12.596162796, 31.0818519592, 30.9561576843, 22.0944976807, 22.2602005005, 9.70433044434, 9.57134437561, 6.27911615372, 5.39635419846, 8.90441513062, 3.5178129673, 4.27434396744, 3.73795628548, 6.08114480972, 8.67189216614, 10.4482793808, 7.12255001068, 10.0177106857, 6.1394610405, 4.6024312973, 4.02287721634, 2.89574718475, 2.9076602459, 1.64230537415, 1.13042140007, 0.813065707684, 0.737012505531, 0.559400141239, 0.372129321098, 0.226605683565, 0.114083535969, 0.0468666441739, 0.0132443709299, 0.00305741513148, 0.000164730998222, 2.62178527919e-05],
        "median": [0.00251841265708, 0.0713623687625, 0.309357970953, 0.795209884644, 2.31070423126, 4.29857397079, 4.66425275803, 4.10283899307, 5.2574300766, 3.3171608448, 3.67870330811, 2.56460523605, 1.71476781368, 1.66067278385, 1.23748803139, 1.4068646431, 0.928573191166, 1.35883378983, 2.56152248383, 3.41336774826, 2.07600426674, 2.1484131813, 1.29966545105, 1.15000188351, 0.854153454304, 0.786530852318, 0.607824146748, 0.388172954321, 0.229712247849, 0.130962133408, 0.0676336288452, 0.0441897697747, 0.0171011686325, 0.00599641120061, 0.00248942896724, 0.000552613520995, 0.000123383753817, 2.10610760405e-05, 1.08301819637e-05, 1.39241383295e-05],
        "min": [9.63204062523e-22, 5.51484626343e-21, 2.74182229533e-20, 1.03814553146e-19, 1.04217538738e-19, 7.70201827021e-20, 3.10172179439e-19, 7.82639004519e-19, 3.77906122392e-19, 1.31864325266e-18, 7.62805798369e-19, 1.7001203396e-18, 2.9059495984e-18, 1.285272512e-18, 2.82931462337e-18, 3.50984190358e-18, 3.65287177125e-18, 3.39784185543e-18, 6.29676103901e-18, 8.51604857218e-18, 1.20955783744e-17, 9.4687108293e-18, 1.21021453613e-17, 1.20224779421e-17, 1.13942723172e-17, 1.78865317037e-17, 1.39868846588e-17, 1.65325296852e-17, 1.70686982321e-17, 1.9672202888e-17, 1.52763930593e-17, 1.7158614419e-17, 1.45498373139e-17, 1.36582598635e-17, 9.29069825275e-18, 6.56505831146e-18, 3.20086285462e-18, 1.22431322996e-18, 3.34704598649e-19, 3.77240565116e-20],
        "var": [0.0293423254043, 8.89475631714, 84.3407821655, 246.684173584, 716.481079102, 3658.90795898, 5242.86669922, 2467.06958008, 4468.27539062, 906.895263672, 348.311035156, 150.157745361, 103.979652405, 560.213745117, 70.7983398438, 109.784957886, 93.0515899658, 191.213653564, 259.83416748, 423.708068848, 465.12298584, 1205.03503418, 1368.78967285, 568.468200684, 655.15612793, 165.577606201, 173.797317505, 47.5280761719, 22.3839740753, 11.0916261673, 7.20887136459, 3.87493729591, 1.87155365944, 0.623616099358, 0.156010165811, 0.0331921838224, 0.00390260689892, 0.000324093358358, 7.83481084454e-07, 1.16176546161e-09]
    },
    "gfcc": {
        "mean": [-127.922821045, 130.087036133, -108.691108704, 29.2135562897, -55.2947158813, -11.9208726883, -43.1924209595, -6.66382980347, -17.7398872375, -5.47381544113, -14.0859222412, -6.02127838135, -2.36273360252],
        "cov": [[27204.4179688, 536.653503418, -2010.11401367, 1243.12878418, -1533.2557373, 1937.88964844, 195.077713013, 753.901855469, 1.45679402351, 1267.20080566, -86.8460540771, -343.902313232, -48.3105621338], [536.653503418, 4317.69726562, 864.820983887, -720.509033203, 150.041107178, -1316.5300293, 190.157592773, -1101.21569824, -160.563598633, -721.94934082, 231.942642212, -386.422332764, 220.406829834], [-2010.11401367, 864.820983887, 1690.27966309, -406.386474609, 139.877075195, -206.256393433, 32.5804176331, -264.846679688, -189.217727661, -153.114181519, 59.5639953613, -62.774307251, -98.7480621338], [1243.12878418, -720.509033203, -406.386474609, 647.49597168, -59.8938293457, 340.137145996, 0.295434296131, 289.61151123, 171.032653809, 177.273529053, 4.99901485443, 3.42283987999, -8.95404529572], [-1533.2557373, 150.041107178, 139.877075195, -59.8938293457, 384.191223145, -59.477897644, 28.1125679016, -49.8093795776, 41.70911026, -54.2858352661, 11.9077472687, 3.45106697083, 1.81299209595], [1937.88964844, -1316.5300293, -206.256393433, 340.137145996, -59.477897644, 1179.3059082, 181.859329224, 613.942199707, 145.25038147, 518.690734863, 8.28526878357, 68.4382095337, -80.8991775513], [195.077713013, 190.157592773, 32.5804176331, 0.295434296131, 28.1125679016, 181.859329224, 254.364837646, 110.026557922, 52.1584396362, 61.8996772766, 60.0177536011, -18.6797199249, 32.3627891541], [753.901855469, -1101.21569824, -264.846679688, 289.61151123, -49.8093795776, 613.942199707, 110.026557922, 613.407775879, 184.878005981, 303.93057251, -11.2664661407, 109.099723816, -41.5825233459], [1.45679402351, -160.563598633, -189.217727661, 171.032653809, 41.70911026, 145.25038147, 52.1584396362, 184.878005981, 220.748275757, 93.0351333618, 40.9286956787, -2.91184329987, 26.6132526398], [1267.20080566, -721.94934082, -153.114181519, 177.273529053, -54.2858352661, 518.690734863, 61.8996772766, 303.93057251, 93.0351333618, 377.027404785, 13.8312921524, 32.8788032532, -45.2901573181], [-86.8460540771, 231.942642212, 59.5639953613, 4.99901485443, 11.9077472687, 8.28526878357, 60.0177536011, -11.2664661407, 40.9286956787, 13.8312921524, 123.73285675, -11.361825943, 17.5343437195], [-343.902313232, -386.422332764, -62.774307251, 3.42283987999, 3.45106697083, 68.4382095337, -18.6797199249, 109.099723816, -2.91184329987, 32.8788032532, -11.361825943, 140.885055542, 13.5105695724], [-48.3105621338, 220.406829834, -98.7480621338, -8.95404529572, 1.81299209595, -80.8991775513, 32.3627891541, -41.5825233459, 26.6132526398, -45.2901573181, 17.5343437195, 13.5105695724, 108.998939514]],
        "icov": [[0.000136767470394, -0.000378043332603, 0.000181578463526, -0.000269566982752, 0.000358232588042, -0.000222973394557, 0.000291995151201, -0.000251926132478, 0.000436891510617, -0.000554149795789, 0.000417388888309, -0.000131859647809, 0.000225436495384], [-0.000378043332603, 0.00210082600825, -0.000713813817129, 0.00114914448932, -0.000878707389347, 0.000952737696934, -0.00176406640094, 0.00158031657338, -0.0015954694245, 0.00212390953675, -0.00215757265687, 0.00206017540768, -0.00175575434696], [0.000181578463526, -0.000713813817129, 0.0011343434453, -7.69289545133e-05, 0.000198639478185, -0.000424637779361, 0.000426570506534, -0.000482636649394, 0.00112418353092, -0.000635788135696, 0.000152961190906, -0.000325251283357, 0.00139303086326], [-0.000269566982752, 0.00114914448932, -7.69289545133e-05, 0.00323331239633, -0.000476154644275, 0.000128107785713, -8.64008834469e-05, 0.000152191976667, -0.00204805401154, 0.00149998918641, -0.00154269207269, 0.00177150568925, -0.000908629386686], [0.000358232588042, -0.000878707389347, 0.000198639478185, -0.000476154644275, 0.00409281440079, -0.000797510787379, 2.15423369809e-05, 0.000435454770923, -0.000845314818434, -0.00082262250362, 0.00157072371803, -0.00131115212571, 0.0013506176183], [-0.000222973394557, 0.000952737696934, -0.000424637779361, 0.000128107785713, -0.000797510787379, 0.0036355315242, -0.001823826693, -0.00107707222924, 0.00029790631379, -0.00179109652527, -0.000866664981004, 0.00111233920325, -0.000372774578864], [0.000291995151201, -0.00176406640094, 0.000426570506534, -8.64008834469e-05, 2.15423369809e-05, -0.001823826693, 0.00811970606446, -0.00339355971664, 0.00214190012775, -0.00103988032788, -0.00104504264891, 0.001041197218, -0.00189954519738], [-0.000251926132478, 0.00158031657338, -0.000482636649394, 0.000152191976667, 0.000435454770923, -0.00107707222924, -0.00339355971664, 0.00803444627672, -0.00546332867816, 0.00101145624649, 0.000682622485328, -0.00310215726495, 0.00156297325157], [0.000436891510617, -0.0015954694245, 0.00112418353092, -0.00204805401154, -0.000845314818434, 0.00029790631379, 0.00214190012775, -0.00546332867816, 0.0118259340525, -0.00296233058907, -0.00163157342467, 0.00266620144248, -0.00240127881989], [-0.000554149795789, 0.00212390953675, -0.000635788135696, 0.00149998918641, -0.00082262250362, -0.00179109652527, -0.00103988032788, 0.00101145624649, -0.00296233058907, 0.00999119132757, -0.00327150034718, 0.00150374788791, -0.00039958965499], [0.000417388888309, -0.00215757265687, 0.000152961190906, -0.00154269207269, 0.00157072371803, -0.000866664981004, -0.00104504264891, 0.000682622485328, -0.00163157342467, -0.00327150034718, 0.0132167115808, -0.00345518393442, 0.00180217041634], [-0.000131859647809, 0.00206017540768, -0.000325251283357, 0.00177150568925, -0.00131115212571, 0.00111233920325, 0.001041197218, -0.00310215726495, 0.00266620144248, 0.00150374788791, -0.00345518393442, 0.0142968920991, -0.00626112474129], [0.000225436495384, -0.00175575434696, 0.00139303086326, -0.000908629386686, 0.0013506176183, -0.000372774578864, -0.00189954519738, 0.00156297325157, -0.00240127881989, -0.00039958965499, 0.00180217041634, -0.00626112474129, 0.0157795604318]]
    },
    "melbands": {
        "dmean": [0.000511925201863, 0.000886581314262, 0.000698368588928, 0.000867920927703, 0.000445690122433, 0.000198849433218, 0.000162163225468, 6.53449897072e-05, 3.7763191358e-05, 1.41485206768e-05, 1.36701373776e-05, 1.52833472384e-05, 8.22222045826e-06, 4.35986976299e-06, 7.03446221451e-06, 6.27378085483e-06, 7.88166289567e-06, 7.62840363677e-06, 9.23000243347e-06, 6.50769607091e-06, 5.5661503211e-06, 7.92301943875e-06, 6.86542807671e-06, 5.37663891009e-06, 3.45323610418e-06, 3.02927492157e-06, 2.76198602478e-06, 1.5580053514e-06, 1.75032641891e-06, 1.04624393771e-06, 7.22440290701e-07, 5.88158854953e-07, 4.5360084755e-07, 3.99168214926e-07, 4.14231692503e-07, 4.19375339789e-07, 2.99056324593e-07, 2.59816602011e-07, 2.41584103833e-07, 1.80742347311e-07],
        "dmean2": [0.000874293851666, 0.00133432541043, 0.00120146188419, 0.00142696825787, 0.000675281626172, 0.000280135689536, 0.000249503733357, 0.000115857284982, 5.93156692048e-05, 2.16227235796e-05, 2.13301645999e-05, 2.15713553189e-05, 1.2662343579e-05, 6.77469370203e-06, 1.07999258034e-05, 1.03237180156e-05, 1.22925584947e-05, 1.16572909974e-05, 1.44997175084e-05, 1.07625883174e-05, 9.24555115489e-06, 1.29126356114e-05, 1.22473174997e-05, 9.37741788221e-06, 5.83247719987e-06, 5.30022043677e-06, 4.79187929159e-06, 2.60328397417e-06, 2.93979155686e-06, 1.74669287389e-06, 1.2114215906e-06, 9.68846961769e-07, 7.2768307291e-07, 6.69494966132e-07, 6.75571129705e-07, 6.71826569487e-07, 4.73199463613e-07, 4.24277232014e-07, 3.97770719474e-07, 2.9378969657e-07],
        "dvar": [7.53738595449e-06, 1.83106876648e-05, 8.62488286657e-06, 4.46788271802e-06, 1.2975874597e-06, 3.34989579187e-07, 4.34075900557e-07, 1.21043242984e-07, 1.1428787694e-08, 1.07972675245e-09, 1.15778009402e-09, 1.25338295298e-09, 8.22216961183e-10, 2.63860405747e-10, 4.0845707372e-10, 8.09868672125e-10, 6.59460874797e-10, 6.14420847533e-10, 7.13489156645e-10, 8.7134854887e-10, 7.41645245217e-10, 1.11831499616e-09, 2.3901070012e-09, 1.27508603676e-09, 4.86630180596e-10, 5.0026860432e-10, 3.73610559157e-10, 7.70624120072e-11, 1.14394042849e-10, 3.85668996739e-11, 2.29081406622e-11, 1.01054676779e-11, 5.15401957224e-12, 5.58821478674e-12, 3.10003086569e-12, 2.90863600566e-12, 1.49995207227e-12, 1.23998196693e-12, 9.16124706478e-13, 4.51599071723e-13],
        "dvar2": [1.96931614482e-05, 3.80470519303e-05, 2.32715101447e-05, 1.29651025418e-05, 2.6872799026e-06, 5.99208647145e-07, 1.01714044831e-06, 3.5197783177e-07, 2.93902218118e-08, 2.43215381168e-09, 2.73165556841e-09, 2.25557816869e-09, 2.2083725959e-09, 6.37015995508e-10, 9.41499989082e-10, 2.27859531243e-09, 1.72887248961e-09, 1.45662015782e-09, 1.72354330807e-09, 2.42264452943e-09, 2.04240246937e-09, 2.95446089815e-09, 6.81041356643e-09, 3.5676721577e-09, 1.31837496475e-09, 1.39891365158e-09, 1.04776087806e-09, 2.04016345484e-10, 3.07509823161e-10, 1.03184301381e-10, 6.36814767585e-11, 2.71588567607e-11, 1.34578459487e-11, 1.53204341574e-11, 7.97095896232e-12, 7.64864907521e-12, 3.84085211552e-12, 3.27713876001e-12, 2.42028857893e-12, 1.16272247906e-12],
        "max": [0.0334128849208, 0.0497067905962, 0.0322849266231, 0.0275542475283, 0.0308756828308, 0.0131485797465, 0.0147979753092, 0.00566608645022, 0.00430982420221, 0.00145085749682, 0.000894056924153, 0.00132119038608, 0.000550902273972, 0.000516044266988, 0.000499182671774, 0.000485501310322, 0.000381592981284, 0.000638686411548, 0.000457081390778, 0.00046636161278, 0.000454145745607, 0.000552465673536, 0.000720102689229, 0.000655014242511, 0.000399076816393, 0.000425589299994, 0.000473462685477, 0.00017395496252, 0.000267932889983, 0.000158989365445, 9.94366564555e-05, 6.22050865786e-05, 5.62925633858e-05, 5.97330690653e-05, 3.33512689394e-05, 3.43290703313e-05, 2.34172548517e-05, 2.16850658035e-05, 2.18328932533e-05, 9.94703987089e-06],
        "mean": [0.000647023320198, 0.00100374838803, 0.000843261892442, 0.00166385015473, 0.00112316152081, 0.000581682659686, 0.000311244628392, 8.69700525072e-05, 8.67469643708e-05, 3.46030792571e-05, 2.65655526164e-05, 3.5981858673e-05, 1.63637141668e-05, 8.17371164885e-06, 1.22773444673e-05, 7.83742507338e-06, 1.22830424516e-05, 1.25141987155e-05, 2.09985319088e-05, 8.18138050818e-06, 7.72875046096e-06, 1.14911263154e-05, 6.01607007411e-06, 4.95485664942e-06, 3.56123314305e-06, 2.81851498585e-06, 2.60981960309e-06, 1.79354435659e-06, 2.01154171009e-06, 1.23613654068e-06, 8.47875583077e-07, 6.6045265612e-07, 5.33474292297e-07, 4.14592733478e-07, 4.17954481691e-07, 4.18160624349e-07, 3.09399439402e-07, 2.65078995199e-07, 2.34985989778e-07, 1.75262726998e-07],
        "median": [6.7462620791e-05, 0.000164978584507, 0.000173609514604, 0.000245630071731, 0.000170461600646, 0.000103907877929, 8.14660743345e-05, 2.77417693724e-05, 3.12546435453e-05, 1.36727239806e-05, 6.43919520371e-06, 6.32786213828e-06, 3.7973857161e-06, 2.88048249786e-06, 2.50620382758e-06, 1.01029468169e-06, 2.21091931962e-06, 2.43058025262e-06, 5.00715486851e-06, 1.59560318025e-06, 1.31153956318e-06, 2.18431978283e-06, 1.00083445886e-06, 1.00163276784e-06, 7.55937264785e-07, 4.03823236184e-07, 6.09717801581e-07, 3.60340322914e-07, 4.0628404463e-07, 2.41292639203e-07, 1.72528700659e-07, 1.21115775187e-07, 8.40346743303e-08, 5.48233103359e-08, 3.73700146383e-08, 3.13287458198e-08, 2.11811972406e-08, 1.22324443907e-08, 6.35414121319e-09, 3.96738863984e-09],
        "min": [7.77751692637e-24, 1.18267825514e-23, 1.9589524113e-23, 5.00808937325e-24, 9.66441541367e-24, 1.68635884337e-23, 6.3919040456e-24, 1.36821076698e-23, 7.44766972721e-24, 1.01694291768e-23, 1.42922079607e-23, 4.60048494352e-24, 8.57405423706e-24, 9.08985882855e-24, 1.15006745529e-23, 5.1469939736e-24, 6.7803336333e-24, 1.20067020023e-23, 7.77317661367e-24, 1.17868882777e-23, 1.53698755765e-23, 1.03778272953e-23, 8.64096778562e-24, 1.08562122698e-23, 9.70392077895e-24, 8.82396773842e-24, 8.82563144607e-24, 1.34701344337e-23, 9.70007350431e-24, 7.32157583354e-24, 1.01679153528e-23, 9.01871225237e-24, 1.08333526585e-23, 1.10372779356e-23, 8.18097510318e-24, 8.48555272097e-24, 1.1714150569e-23, 1.08453323002e-23, 9.80231776624e-24, 1.20583621364e-23],
        "var": [5.62269815418e-06, 1.92340230569e-05, 6.48134846415e-06, 9.37819913815e-06, 5.26333769812e-06, 1.71097065049e-06, 8.22568267722e-07, 8.09678155633e-08, 3.21100621647e-08, 4.42013359248e-09, 2.96698332569e-09, 8.3067934753e-09, 1.47715517596e-09, 4.73601047268e-10, 9.35642119337e-10, 6.43740616368e-10, 7.36003702428e-10, 8.99719576619e-10, 1.90493620877e-09, 6.53986420573e-10, 6.0779298261e-10, 1.4144845295e-09, 1.42693379335e-09, 8.02189481508e-10, 3.40317829473e-10, 3.15886067304e-10, 2.33129099358e-10, 5.84692641525e-11, 8.16343659338e-11, 2.86436655644e-11, 1.54459205842e-11, 7.52879789762e-12, 4.17948921999e-12, 3.89893022382e-12, 2.53077745392e-12, 2.31930750647e-12, 1.28141974028e-12, 9.95902904415e-13, 7.47100840394e-13, 3.91425010893e-13]
    },
    "mfcc": {
        "mean": [-757.987609863, 149.539321899, 11.5350437164, 32.2754974365, 2.11531162262, -1.64788818359, -12.3369789124, -8.09143543243, -5.08154344559, -4.0960559845, -8.28619098663, -4.70390939713, -5.55063438416],
        "cov": [[12665.5166016, -790.294189453, -1626.94238281, 229.805831909, -20.7745609283, 385.344543457, 175.934173584, 362.640045166, 775.044677734, 845.135864258, 359.465606689, 416.979675293, 381.43081665], [-790.294189453, 3226.40551758, 694.682434082, 404.95135498, -93.7199172974, -291.130828857, -218.564956665, -270.635925293, -411.332214355, -503.635803223, -325.784240723, -341.501464844, -242.521453857], [-1626.94238281, 694.682434082, 1431.88305664, -49.1594543457, 65.3173217773, 7.70821428299, 62.2384414673, -52.9989280701, -238.073760986, -101.877151489, 8.59211444855, -90.4709701538, -72.8833618164], [229.805831909, 404.95135498, -49.1594543457, 499.533966064, -19.1186714172, -104.680175781, -121.867355347, -50.2466926575, -69.9096984863, -84.7032775879, -49.9627151489, -48.3097343445, -44.7818336487], [-20.7745609283, -93.7199172974, 65.3173217773, -19.1186714172, 248.005493164, 109.901374817, 44.5845565796, 32.9106559753, 28.2981739044, 77.2478942871, 54.669002533, 6.26132202148, 14.9759502411], [385.344543457, -291.130828857, 7.70821428299, -104.680175781, 109.901374817, 281.756225586, 130.104324341, 37.6218338013, 96.9366455078, 154.524154663, 84.2002716064, 69.5120544434, 61.025177002], [175.934173584, -218.564956665, 62.2384414673, -121.867355347, 44.5845565796, 130.104324341, 235.384933472, 97.9747924805, 105.258956909, 128.026184082, 78.7594833374, 79.4190750122, 66.1529388428], [362.640045166, -270.635925293, -52.9989280701, -50.2466926575, 32.9106559753, 37.6218338013, 97.9747924805, 213.235336304, 131.612960815, 128.202636719, 78.7076187134, 69.3668746948, 67.9651260376], [775.044677734, -411.332214355, -238.073760986, -69.9096984863, 28.2981739044, 96.9366455078, 105.258956909, 131.612960815, 265.746154785, 196.569824219, 97.0433883667, 111.646232605, 84.2460021973], [845.135864258, -503.635803223, -101.877151489, -84.7032775879, 77.2478942871, 154.524154663, 128.026184082, 128.202636719, 196.569824219, 345.418731689, 181.739654541, 106.077461243, 99.8623733521], [359.465606689, -325.784240723, 8.59211444855, -49.9627151489, 54.669002533, 84.2002716064, 78.7594833374, 78.7076187134, 97.0433883667, 181.739654541, 186.262313843, 90.2627639771, 44.1672973633], [416.979675293, -341.501464844, -90.4709701538, -48.3097343445, 6.26132202148, 69.5120544434, 79.4190750122, 69.3668746948, 111.646232605, 106.077461243, 90.2627639771, 170.282836914, 79.0275878906], [381.43081665, -242.521453857, -72.8833618164, -44.7818336487, 14.9759502411, 61.025177002, 66.1529388428, 67.9651260376, 84.2460021973, 99.8623733521, 44.1672973633, 79.0275878906, 125.738418579]],
