{
"lowlevel": {
    "average_loudness": 0.960739731789,
    "barkbands_crest": {
        "dmean": 2.36425757408,
        "dmean2": 3.76082491875,
        "dvar": 5.4399933815,
        "dvar2": 12.7863750458,
        "max": 26.5599460602,
        "mean": 10.463681221,
        "median": 9.66699409485,
        "min": 2.660592556,
        "var": 17.6575164795
    },
    "barkbands_flatness_db": {
        "dmean": 0.0279156733304,
        "dmean2": 0.0381597653031,
        "dvar": 0.00103283091448,
        "dvar2": 0.00190801988356,
        "max": 0.487831264734,
        "mean": 0.184815511107,
        "median": 0.183182790875,
        "min": 0.0351196601987,
        "var": 0.00514659332111
    },
    "barkbands_kurtosis": {
        "dmean": 4.15937328339,
        "dmean2": 6.46503973007,
        "dvar": 42.0726509094,
        "dvar2": 100.047454834,
        "max": 175.116882324,
        "mean": 8.53316497803,
        "median": 5.9004817009,
        "min": -1.79668211937,
        "var": 103.944869995
    },
    "barkbands_skewness": {
        "dmean": 0.594428360462,
        "dmean2": 0.913482308388,
        "dvar": 0.47119396925,
        "dvar2": 1.14443182945,
        "max": 12.4595108032,
        "mean": 2.01568603516,
        "median": 1.91360902786,
        "min": -8.21128749847,
        "var": 1.56680333614
    },
    "barkbands_spread": {
        "dmean": 4.40860414505,
        "dmean2": 6.83449268341,
        "dvar": 51.5900726318,
        "dvar2": 129.098602295,
        "max": 92.6707611084,
        "mean": 13.1348609924,
        "median": 9.41514205933,
        "min": 0.433457434177,
        "var": 113.52809906
    },
    "dissonance": {
        "dmean": 0.023366484791,
        "dmean2": 0.0377840176225,
        "dvar": 0.000609351147432,
        "dvar2": 0.00151179509703,
        "max": 0.500000178814,
        "mean": 0.44593089819,
        "median": 0.455758035183,
        "min": 0.0327076800168,
        "var": 0.00174168322701
    },
    "dynamic_complexity": 3.40070939064,
    "erbbands_crest": {
        "dmean": 2.22835588455,
        "dmean2": 3.41990756989,
        "dvar": 5.65696239471,
        "dvar2": 12.5259799957,
        "max": 34.1930847168,
        "mean": 9.77924251556,
        "median": 8.28942680359,
        "min": 2.54137587547,
        "var": 30.7024250031
    },
    "erbbands_flatness_db": {
        "dmean": 0.0193913560361,
        "dmean2": 0.0254014544189,
        "dvar": 0.000513663515449,
        "dvar2": 0.000823872978799,
        "max": 0.500480413437,
        "mean": 0.180749893188,
        "median": 0.171542853117,
        "min": 0.0700819790363,
        "var": 0.00312636932358
    },
    "erbbands_kurtosis": {
        "dmean": 1.35796713829,
        "dmean2": 1.96908915043,
        "dvar": 7.817735672,
        "dvar2": 13.7219877243,
        "max": 96.5470962524,
        "mean": 1.74953782558,
        "median": 0.432638168335,
        "min": -1.75911176205,
        "var": 30.8542327881
    },
    "erbbands_skewness": {
        "dmean": 0.402857244015,
        "dmean2": 0.597017228603,
        "dvar": 0.203588366508,
        "dvar2": 0.455132931471,
        "max": 9.16997623444,
        "mean": 0.936323046684,
        "median": 0.888107419014,
        "min": -2.44679570198,
        "var": 0.847002446651
    },
    "erbbands_spread": {
        "dmean": 7.4141254425,
        "dmean2": 10.8231878281,
        "dvar": 75.0705108643,
        "dvar2": 159.542282104,
        "max": 142.984893799,
        "mean": 34.5510292053,
        "median": 33.6435546875,
        "min": 1.03233015537,
        "var": 284.43460083
    },
    "hfc": {
        "dmean": 5.49195146561,
        "dmean2": 7.51471328735,
        "dvar": 103.412696838,
        "dvar2": 224.679351807,
        "max": 115.275764465,
        "mean": 13.125371933,
        "median": 8.67955303192,
        "min": 1.20098194318e-16,
        "var": 218.274688721
    },
    "melbands_crest": {
        "dmean": 2.79243755341,
        "dmean2": 4.54319047928,
        "dvar": 6.88242292404,
        "dvar2": 16.4239730835,
        "max": 34.1730041504,
        "mean": 13.4192371368,
        "median": 12.8327770233,
        "min": 1.79754924774,
        "var": 21.4063873291
    },
    "melbands_flatness_db": {
        "dmean": 0.0335907489061,
        "dmean2": 0.0463363043964,
        "dvar": 0.00159680540673,
        "dvar2": 0.00311314174905,
        "max": 0.549643814564,
        "mean": 0.25954580307,
        "median": 0.261697262526,
        "min": 0.00443152012303,
        "var": 0.00858628563583
    },
    "melbands_kurtosis": {
        "dmean": 7.67388057709,
        "dmean2": 11.9619894028,
        "dvar": 164.485519409,
        "dvar2": 383.102386475,
        "max": 370.773712158,
        "mean": 17.4520530701,
        "median": 11.4429321289,
        "min": -1.51257872581,
        "var": 463.121307373
    },
    "melbands_skewness": {
        "dmean": 0.705759525299,
        "dmean2": 1.07354867458,
        "dvar": 0.684845805168,
        "dvar2": 1.59031546116,
        "max": 15.5449590683,
        "mean": 2.78196382523,
        "median": 2.58227777481,
        "min": -1.91655099392,
        "var": 2.26666760445
    },
    "melbands_spread": {
        "dmean": 5.39549303055,
        "dmean2": 8.67937278748,
        "dvar": 136.235366821,
        "dvar2": 374.783630371,
        "max": 180.803771973,
        "mean": 14.0479021072,
        "median": 9.35639381409,
        "min": 0.570339858532,
        "var": 249.069412231
    },
    "pitch_salience": {
        "dmean": 0.0685902386904,
        "dmean2": 0.111083246768,
        "dvar": 0.00439443252981,
        "dvar2": 0.0108527140692,
        "max": 0.957390010357,
        "mean": 0.576216101646,
        "median": 0.586472690105,
        "min": 0.054658100009,
        "var": 0.0141549706459
    },
    "silence_rate_20dB": {
        "dmean": 0,
        "dmean2": 0,
        "dvar": 0,
        "dvar2": 0,
        "max": 1,
        "mean": 1,
        "median": 1,
        "min": 1,
        "var": 0
    },
    "silence_rate_30dB": {
        "dmean": 0.0146278161556,
        "dmean2": 0.0292590837926,
        "dvar": 0.0144135067239,
        "dvar2": 0.0418513678014,
        "max": 1,
        "mean": 0.992097198963,
        "median": 1,
        "min": 0,
        "var": 0.00783967785537
    },
    "silence_rate_60dB": {
        "dmean": 0.0238291844726,
        "dmean2": 0.0475460104644,
        "dvar": 0.0232593286783,
        "dvar2": 0.0507103279233,
        "max": 1,
        "mean": 0.0651096925139,
        "median": 0,
        "min": 0,
        "var": 0.0608724690974
    },
    "spectral_centroid": {
        "dmean": 219.291763306,
        "dmean2": 341.049041748,
        "dvar": 115185.882812,
        "dvar2": 279371.875,
        "max": 10484.7011719,
        "mean": 860.161254883,
        "median": 679.802490234,
        "min": 169.450912476,
        "var": 332999.5625
    },
    "spectral_complexity": {
        "dmean": 3.70838737488,
        "dmean2": 4.958589077,
        "dvar": 26.7025909424,
        "dvar2": 38.8001174927,
        "max": 54,
        "mean": 14.4150743484,
        "median": 11,
        "min": 0,
        "var": 107.054031372
    },
    "spectral_decrease": {
        "dmean": 2.94222601838e-09,
        "dmean2": 4.3591792398e-09,
        "dvar": 2.33967738476e-17,
        "dvar2": 5.19190069247e-17,
        "max": 1.25117804208e-16,
        "mean": -7.06497704783e-09,
        "median": -5.04143837787e-09,
        "min": -4.32213944634e-08,
        "var": 4.29772903821e-17
    },
    "spectral_energy": {
        "dmean": 0.0115248253569,
        "dmean2": 0.016982132569,
        "dvar": 0.000350763904862,
        "dvar2": 0.000775449327193,
        "max": 0.166447237134,
        "mean": 0.0278553366661,
        "median": 0.0200696438551,
        "min": 1.09637272964e-20,
        "var": 0.000652514456306
    },
    "spectral_energyband_high": {
        "dmean": 0.000245635863394,
        "dmean2": 0.000351293536369,
        "dvar": 3.64789940477e-07,
        "dvar2": 8.51795221024e-07,
        "max": 0.0066507156007,
        "mean": 0.000398510193918,
        "median": 7.55050423322e-05,
        "min": 7.8440834708e-21,
        "var": 6.00777127602e-07
    },
    "spectral_energyband_low": {
        "dmean": 0.00660013966262,
        "dmean2": 0.0101374844089,
        "dvar": 0.000216636210098,
        "dvar2": 0.000500381342135,
        "max": 0.139885127544,
        "mean": 0.0113199073821,
        "median": 0.00552290957421,
        "min": 9.37775566695e-23,
        "var": 0.000331943010679
    },
    "spectral_energyband_middle_high": {
        "dmean": 0.00135609018616,
        "dmean2": 0.00189377460629,
        "dvar": 8.60260570335e-06,
        "dvar2": 1.89552683878e-05,
        "max": 0.0348085537553,
        "mean": 0.00282198633067,
        "median": 0.00122461444698,
        "min": 1.78013629907e-21,
        "var": 1.78531663551e-05
    },
    "spectral_energyband_middle_low": {
        "dmean": 0.00639116298407,
        "dmean2": 0.0100675653666,
        "dvar": 8.67805138114e-05,
        "dvar2": 0.000205314747291,
        "max": 0.100583381951,
        "mean": 0.0151627259329,
        "median": 0.0118051385507,
        "min": 2.64579656208e-22,
        "var": 0.000172462983755
    },
    "spectral_entropy": {
        "dmean": 0.243716284633,
        "dmean2": 0.335107475519,
        "dvar": 0.0933077037334,
        "dvar2": 0.177940696478,
        "max": 9.80156040192,
        "mean": 7.07935857773,
        "median": 7.12193012238,
        "min": 4.07368803024,
        "var": 0.410504072905
    },
    "spectral_flux": {
        "dmean": 0.0312699861825,
        "dmean2": 0.0479926168919,
        "dvar": 0.00190506572835,
        "dvar2": 0.00409030914307,
        "max": 0.370599836111,
        "mean": 0.0754700899124,
        "median": 0.0595125183463,
        "min": 2.00662952921e-08,
        "var": 0.00357526168227
    },
    "spectral_kurtosis": {
        "dmean": 3.25542545319,
        "dmean2": 5.34244632721,
        "dvar": 24.2769126892,
        "dvar2": 59.8237495422,
        "max": 93.0954284668,
        "mean": 7.45143461227,
        "median": 4.89500141144,
        "min": -1.16014564037,
        "var": 58.8379631042
    },
    "spectral_rms": {
        "dmean": 0.000987700652331,
        "dmean2": 0.0013918048935,
        "dvar": 1.84351051757e-06,
        "dvar2": 3.68563223674e-06,
        "max": 0.0127431368455,
        "mean": 0.00469516869634,
        "median": 0.00442494498566,
        "min": 3.27052274152e-12,
        "var": 5.13126497026e-06
    },
    "spectral_rolloff": {
        "dmean": 372.040374756,
        "dmean2": 652.106384277,
        "dvar": 1022908.9375,
        "dvar2": 2779454.75,
        "max": 18841.5527344,
        "mean": 955.535461426,
        "median": 538.330078125,
        "min": 64.599609375,
        "var": 2856740
    },
    "spectral_skewness": {
        "dmean": 0.351548999548,
        "dmean2": 0.54493778944,
        "dvar": 0.183897033334,
        "dvar2": 0.415992349386,
        "max": 7.72314167023,
        "mean": 1.93912529945,
        "median": 1.73218858242,
        "min": 0.0512437261641,
        "var": 0.658644974232
    },
    "spectral_spread": {
        "dmean": 499078.78125,
        "dmean2": 695397.4375,
        "dvar": 445549903872,
        "dvar2": 809414361088,
        "max": 39792776,
        "mean": 3809612.25,
        "median": 3713888.75,
        "min": 833214.25,
        "var": 2.0214111273e+12
    },
    "spectral_strongpeak": {
        "dmean": 0.319343537092,
        "dmean2": 0.54189991951,
        "dvar": 0.207391902804,
        "dvar2": 0.505890548229,
        "max": 7.35057926178,
        "mean": 0.660561561584,
        "median": 0.422110855579,
        "min": 0,
        "var": 0.487187415361
    },
    "zerocrossingrate": {
        "dmean": 0.00856361351907,
        "dmean2": 0.0101158786565,
        "dvar": 0.000172341009602,
        "dvar2": 0.000255459453911,
        "max": 0.79248046875,
        "mean": 0.0411649085581,
        "median": 0.0302734375,
        "min": 0.00341796875,
        "var": 0.00288126734085
    },
    "barkbands": {
        "dmean": [8.18939806777e-05, 0.00342148635536, 0.00382638699375, 0.00233204243705, 0.0028125855606, 0.0014649318764, 0.000672765425406, 0.000824710936286, 0.000496696564369, 0.000460976210888, 0.000178711561603, 0.000195677741431, 0.000191610553884, 0.000126848783111, 0.000183165975614, 0.00020294249407, 0.000194463471416, 0.000111289620691, 9.43213308346e-05, 6.00150233367e-05, 6.95780399838e-05, 4.17201772507e-05, 5.01678769069e-05, 5.80293235544e-05, 1.69477771124e-05, 2.7039611723e-06, 2.62667390416e-06],
        "dmean2": [0.000131992957904, 0.00495213828981, 0.00651254924014, 0.00405740644783, 0.00448634894565, 0.00231330003589, 0.00102853635326, 0.00122160091996, 0.000794477178715, 0.000702036602888, 0.000279204949038, 0.0003057741269, 0.000310043862555, 0.000195299595362, 0.000304237473756, 0.000314147939207, 0.000315182493068, 0.000169343780726, 0.000134859335958, 8.90475566848e-05, 0.000104370868939, 6.15297976765e-05, 7.39366732887e-05, 8.9218163339e-05, 2.54321166722e-05, 3.89177148463e-06, 3.98201291318e-06],
        "dvar": [2.36448336466e-08, 5.95043020439e-05, 0.000123132515, 2.86787417281e-05, 1.76565426955e-05, 6.13437669017e-06, 1.7926753344e-06, 3.03948240798e-06, 1.25059079892e-06, 1.19292496947e-06, 1.67092323977e-07, 2.47896053907e-07, 2.68279649163e-07, 8.19144290176e-08, 2.8111537631e-07, 2.63888267682e-07, 1.89155230146e-07, 7.22930835195e-08, 3.73239039675e-08, 1.45056429091e-08, 2.23620393314e-08, 9.877748397e-09, 2.35046719865e-08, 3.79912279413e-08, 3.20309490043e-09, 4.32233381031e-11, 1.00412185511e-10],
        "dvar2": [6.12011987755e-08, 0.000119401956908, 0.000332887051627, 7.83676223364e-05, 4.39551913587e-05, 1.54037770699e-05, 3.71820374312e-06, 6.61369813315e-06, 3.04567038256e-06, 2.75176716968e-06, 3.7701906308e-07, 5.42736700027e-07, 7.04934961959e-07, 1.85281209042e-07, 8.00224711384e-07, 6.18501871941e-07, 5.03997341639e-07, 1.7474086178e-07, 7.58809832746e-08, 3.24566862275e-08, 5.22652179313e-08, 2.27387246809e-08, 5.57849269001e-08, 9.34481576564e-08, 7.76535546976e-09, 9.59587270755e-11, 2.17006163039e-10],
        "max": [0.00244641397148, 0.0858787745237, 0.10332839936, 0.0763727501035, 0.0535583943129, 0.0416014716029, 0.0440932773054, 0.043760869652, 0.017601121217, 0.0180850233883, 0.0119962077588, 0.0282832682133, 0.00587115716189, 0.0052865720354, 0.00735334260389, 0.0121337305754, 0.00673457188532, 0.00581941427663, 0.00301821622998, 0.00273363199085, 0.00293460045941, 0.00114343862515, 0.00200450769626, 0.00225482392125, 0.000675503280945, 7.48556412873e-05, 0.000107808606117],
        "mean": [0.000138325194712, 0.0053163333796, 0.00422112410888, 0.00260336720385, 0.00548113742843, 0.00286602810957, 0.00130993954372, 0.00175087770913, 0.000731254636776, 0.000805140647572, 0.000285127491225, 0.000300023530144, 0.000241555419052, 0.00019417241856, 0.000263300433289, 0.000286870868877, 0.000279289437458, 0.000171010411577, 0.000159486269695, 0.000104874205135, 0.000115647293569, 6.74911425449e-05, 7.0198890171e-05, 6.63903483655e-05, 2.01423281396e-05, 3.9758301682e-06, 2.33184846365e-06],
        "median": [7.49030004954e-05, 0.00251142634079, 0.00148227298632, 0.000972356065176, 0.00301124341786, 0.0016505420208, 0.000654999050312, 0.000514499784913, 0.000187515310245, 0.000188959529623, 8.45782342367e-05, 7.78903704486e-05, 4.79602531414e-05, 3.9405804273e-05, 8.01807182143e-05, 3.94950111513e-05, 7.56689769332e-05, 4.00521203119e-05, 3.54802541551e-05, 2.21965383389e-05, 2.28195040108e-05, 1.52468155648e-05, 9.2874342954e-06, 5.39954726264e-06, 1.92862967197e-06, 5.08721029746e-07, 1.70383227527e-08],
        "min": [3.8723675113e-24, 3.32833100796e-23, 5.24939947869e-23, 7.30418933919e-24, 3.68895813969e-23, 3.88220823555e-23, 1.5027853887e-23, 3.31195267785e-23, 1.19724712766e-22, 3.29661722185e-23, 2.53813787444e-23, 8.25812412199e-23, 1.43534503882e-22, 1.33351496043e-22, 2.71812362127e-22, 1.43210237874e-22, 1.6995190312e-22, 2.9474183496e-22, 3.02367911103e-22, 3.41240224966e-22, 4.84905856463e-22, 5.61547038176e-22, 6.05357217408e-22, 8.04227107861e-22, 1.18970210855e-21, 1.83282806759e-21, 2.47638286404e-21],
        "var": [3.49026336721e-08, 9.27162109292e-05, 9.52130576479e-05, 2.38998381974e-05, 4.0661150706e-05, 1.14687609312e-05, 4.7082266974e-06, 1.22136543723e-05, 2.09159884434e-06, 2.63033871306e-06, 4.09847245919e-07, 7.62585500524e-07, 3.24209565861e-07, 1.45295558696e-07, 2.99282248761e-07, 4.37927980101e-07, 2.54487417806e-07, 1.07111766567e-07, 8.74468000234e-08, 3.10191623498e-08, 4.73958010616e-08, 1.68392002564e-08, 3.1464487904e-08, 3.92347878631e-08, 3.48168338604e-09, 6.85648898768e-11, 1.04077226004e-10]
    },
    "erbbands": {
        "dmean": [0.101078137755, 0.798934280872, 3.16073250771, 7.61958360672, 7.58187532425, 9.99060058594, 13.7929344177, 10.4024171829, 9.02217960358, 11.2468767166, 18.2554664612, 12.4804811478, 15.2118034363, 11.3312520981, 5.28087472916, 8.84337520599, 8.12795066833, 7.61385583878, 6.23175430298, 10.6269721985, 11.9261074066, 8.81952571869, 6.53959226608, 4.81935787201, 4.44235754013, 2.66035366058, 2.79144644737, 2.62852501869, 1.57018101215, 1.19295585155, 1.67154562473, 0.661105871201, 1.27742898464, 0.324920147657, 0.117070488632, 0.0235378332436, 0.00388629315421, 0.00257743848488, 0.000442504795501, 1.84185082617e-05],
        "dmean2": [0.140688359737, 1.15143322945, 5.25436973572, 13.0699052811, 12.6669054031, 15.9623813629, 21.7576313019, 16.1839122772, 13.742857933, 16.7279720306, 27.3648452759, 19.6116809845, 24.0493164062, 17.145532608, 8.21853351593, 13.9314441681, 13.1173124313, 11.7090568542, 9.99825954437, 17.0159053802, 18.5801410675, 13.9516420364, 10.1196184158, 6.85348796844, 6.3261961937, 3.92143154144, 4.2212395668, 3.99335670471, 2.33952903748, 1.7394952774, 2.47750067711, 0.982246398926, 1.97126185894, 0.489582955837, 0.176477760077, 0.0351342000067, 0.00561750587076, 0.00385516113602, 0.000666986044962, 2.64799418801e-05],
        "dvar": [0.0532384552062, 2.98542237282, 72.4039077759, 394.172271729, 138.091400146, 254.531265259, 568.964904785, 423.109405518, 267.080810547, 523.002075195, 1467.08508301, 711.379760742, 1256.31628418, 693.854614258, 166.981018066, 467.862091064, 468.949005127, 314.369262695, 206.340026855, 874.626403809, 729.932128906, 431.655273438, 262.779724121, 103.949958801, 81.4018325806, 27.8009605408, 31.5876960754, 33.4606246948, 14.1611452103, 8.60626411438, 29.5153236389, 2.81824278831, 21.958316803, 1.11234712601, 0.164232224226, 0.00481609348208, 8.39892963995e-05, 8.23851514724e-05, 2.79135610981e-06, 1.06384534515e-09],
        "dvar2": [0.0958973914385, 6.28698062897, 190.761230469, 1056.88305664, 379.258544922, 625.405944824, 1431.19726562, 1003.63793945, 618.20715332, 998.887695312, 3170.06201172, 1683.11791992, 3063.15527344, 1479.20593262, 372.445831299, 1026.79602051, 1231.92480469, 705.163269043, 551.339233398, 2362.97460938, 1834.15991211, 1127.97814941, 655.94152832, 214.739532471, 160.765655518, 61.8606071472, 75.5285797119, 78.1923065186, 34.6205596924, 20.7090587616, 70.3385772705, 6.51673364639, 54.2459220886, 2.6671705246, 0.404662787914, 0.0117866648361, 0.000185010707355, 0.000176148227183, 5.94732910031e-06, 2.20182960753e-09],
        "max": [2.32956242561, 20.2127590179, 81.8731384277, 214.385116577, 133.415512085, 248.457626343, 293.388946533, 475.097930908, 371.960235596, 798.506347656, 1195.98083496, 470.452056885, 619.000671387, 587.24407959, 827.447387695, 1138.0880127, 250.042098999, 346.910339355, 198.80581665, 397.816802979, 485.462249756, 235.342285156, 337.621307373, 170.853881836, 158.040084839, 110.326133728, 96.5557403564, 117.645309448, 43.8679428101, 38.6965103149, 70.1800918579, 18.2508716583, 56.4744186401, 10.107793808, 4.62897586823, 0.815845012665, 0.201279819012, 0.121456034482, 0.0184457860887, 0.000321678147884],
        "mean": [0.152019128203, 1.22202980518, 3.97313857079, 8.4331703186, 11.1213102341, 18.9759025574, 29.8492565155, 17.8315010071, 18.2694091797, 23.5645198822, 39.6051826477, 21.2408676147, 25.2394294739, 19.9446525574, 8.7387676239, 13.8454618454, 10.9681901932, 12.217461586, 10.3035011292, 15.3246803284, 17.5264358521, 12.8798599243, 10.130695343, 8.14927005768, 7.74059057236, 4.77932357788, 4.5898976326, 4.26501131058, 2.53620123863, 1.90016067028, 2.19316029549, 0.967334091663, 1.34509444237, 0.375086843967, 0.131118625402, 0.0294499285519, 0.00596109079197, 0.00254979263991, 0.000405467901146, 3.74553856091e-05],
        "median": [0.0667340755463, 0.57853281498, 1.74172151089, 3.06856131554, 6.26424503326, 9.35262298584, 14.257651329, 9.81106185913, 9.91677474976, 10.6241254807, 11.9558429718, 6.61486721039, 6.78979110718, 4.87294483185, 2.94359016418, 4.09553384781, 2.56745529175, 3.07692241669, 3.25246095657, 4.66985845566, 4.41087055206, 3.3848400116, 2.48812437057, 1.65237164497, 1.75777101517, 1.07392311096, 0.954423189163, 0.823486447334, 0.564253509045, 0.397436708212, 0.249056994915, 0.122887551785, 0.0778998658061, 0.0305561050773, 0.0106842387468, 0.00308501091786, 0.000832771707792, 0.000120236247312, 1.78676873475e-05, 2.42271416937e-05],
        "min": [1.07640643546e-21, 8.02856413444e-21, 5.16317834238e-20, 4.4111086375e-20, 2.36234010307e-20, 1.31532419045e-19, 2.4913405675e-19, 3.86021694779e-19, 2.25713161488e-19, 5.82657441483e-19, 8.55925862622e-19, 2.61786554531e-18, 1.65875034883e-18, 1.0367443392e-18, 1.30604156962e-18, 3.31116904367e-18, 6.03614082982e-18, 7.21172371253e-18, 1.15977446858e-17, 1.18727838939e-17, 8.37583235936e-18, 1.10628640592e-17, 1.64797638339e-17, 1.19924512859e-17, 1.92717862602e-17, 1.50177866213e-17, 1.66738617647e-17, 2.22355644688e-17, 2.08892800454e-17, 1.50947905189e-17, 1.85641034676e-17, 1.2447044108e-17, 1.69185153201e-17, 1.33189603024e-17, 8.24982710947e-18, 5.94044182321e-18, 3.59945492883e-18, 1.5930805834e-18, 2.98801883986e-19, 3.53911551526e-20],
        "var": [0.0869866758585, 4.6572060585, 61.912273407, 320.274993896, 174.580154419, 600.312683105, 1319.421875, 649.205627441, 608.932739258, 1663.87768555, 7059.92382812, 1507.94055176, 2377.05200195, 1820.66174316, 564.129882812, 1370.71276855, 582.024169922, 539.333435059, 336.760772705, 1044.08410645, 1103.99072266, 566.435668945, 374.642181396, 226.556533813, 206.35307312, 62.3394241333, 64.0639038086, 67.2730255127, 22.8698272705, 13.7809324265, 36.7131080627, 4.68687868118, 21.1433601379, 1.21057724953, 0.168880239129, 0.00544235063717, 0.00015938404249, 8.93634060048e-05, 2.95039217235e-06, 1.70389236054e-09]
    },
    "gfcc": {
        "mean": [-55.7749443054, 128.610717773, -108.208587646, 38.7693977356, -58.549987793, 1.63414657116, -36.5237770081, 1.64368343353, -13.492682457, -3.54494428635, -13.3250045776, -5.67893743515, -6.16397666931],
        "cov": [[16945.4785156, 67.667388916, -819.881774902, 788.556091309, -666.599121094, 607.167480469, -518.739318848, 220.794952393, -484.80480957, -65.1010665894, -256.521942139, 41.3257026672, -29.5406761169], [67.667388916, 2020.27368164, 288.625732422, 126.421127319, 307.995758057, -226.233612061, 314.558166504, -214.857681274, 132.191421509, -179.13835144, 162.452545166, -88.5265045166, 126.983665466], [-819.881774902, 288.625732422, 755.187194824, 190.704727173, 207.657318115, 53.274105072, 115.392807007, -10.9116506577, 52.1944389343, 29.128030777, -0.88277977705, 1.63203704357, 7.06077718735], [788.556091309, 126.421127319, 190.704727173, 523.451782227, 148.265594482, 75.2754592896, 5.1808423996, -29.3344192505, 19.2063865662, 54.9332542419, 12.1683588028, -12.6397914886, 14.7565174103], [-666.599121094, 307.995758057, 207.657318115, 148.265594482, 320.074981689, 9.58409404755, 120.794364929, -20.5687561035, 58.607421875, -6.71522045135, 46.2020835876, -8.41280841827, 18.8897399902], [607.167480469, -226.233612061, 53.274105072, 75.2754592896, 9.58409404755, 177.083068848, 4.97989463806, 65.3301696777, -26.6435146332, 41.3753471375, -18.2079105377, 17.4650363922, -22.6517524719], [-518.739318848, 314.558166504, 115.392807007, 5.1808423996, 120.794364929, 4.97989463806, 218.324401855, 37.2650337219, 29.499704361, -59.6292228699, 44.9681358337, -15.737279892, 24.9799098969], [220.794952393, -214.857681274, -10.9116506577, -29.3344192505, -20.5687561035, 65.3301696777, 37.2650337219, 192.653533936, 28.5151901245, -10.6521720886, -39.7050743103, -9.0373249054, -39.7701377869], [-484.80480957, 132.191421509, 52.1944389343, 19.2063865662, 58.607421875, -26.6435146332, 29.499704361, 28.5151901245, 195.17640686, 62.9509048462, 9.21060562134, -30.77576828, -25.3426094055], [-65.1010665894, -179.13835144, 29.128030777, 54.9332542419, -6.71522045135, 41.3753471375, -59.6292228699, -10.6521720886, 62.9509048462, 173.083480835, 14.8575649261, 15.3951892853, -44.5203018188], [-256.521942139, 162.452545166, -0.88277977705, 12.1683588028, 46.2020835876, -18.2079105377, 44.9681358337, -39.7050743103, 9.21060562134, 14.8575649261, 108.107093811, 11.2617273331, 26.8189716339], [41.3257026672, -88.5265045166, 1.63203704357, -12.6397914886, -8.41280841827, 17.4650363922, -15.737279892, -9.0373249054, -30.77576828, 15.3951892853, 11.2617273331, 65.9249420166, 18.4271411896], [-29.5406761169, 126.983665466, 7.06077718735, 14.7565174103, 18.8897399902, -22.6517524719, 24.9799098969, -39.7701377869, -25.3426094055, -44.5203018188, 26.8189716339, 18.4271411896, 75.5461120605]],
        "icov": [[0.000153275002958, -0.000312472460791, 0.000212110506254, -0.000275631027762, 0.000310984847602, -0.000655146432109, 0.000501441012602, -0.000395388953621, 0.000328018591972, -1.38415080073e-05, 0.000255656719673, -0.000190329286852, 2.8572832889e-05], [-0.000312472460791, 0.00186752364971, -0.000654919829685, 0.00031026659417, -0.000719709903933, 0.00203199591488, -0.00217241374776, 0.00212497776374, -0.00154927442782, 0.00119668664411, -0.00134736741893, 0.00122464902233, -0.0002693280112], [0.000212110506254, -0.000654919829685, 0.0021566268988, -0.000693161797244, -0.000322394160321, -0.00128268741537, -3.581072815e-05, -0.000375736941351, 0.000468580576126, -0.000695795635693, 0.00151498615742, -0.000850045355037, 4.43307872047e-05], [-0.000275631027762, 0.00031026659417, -0.000693161797244, 0.00328406924382, -0.00176600622945, -0.000152232634719, 0.000126899554743, 0.000627284345683, -0.000168977669091, -0.0011691423133, -0.00019785243785, 0.0018566591898, -0.00165011268109], [0.000310984847602, -0.000719709903933, -0.000322394160321, -0.00176600622945, 0.00611819513142, -0.00162477302365, -0.00114000437316, 0.000162169671967, -0.000730513420422, 0.000881506828591, -0.00049268436851, -0.00124644231983, 0.000905138556845], [-0.000655146432109, 0.00203199591488, -0.00128268741537, -0.000152232634719, -0.00162477302365, 0.0122741414234, -0.0038125817664, -0.000979659729637, 0.00105059426278, -0.00244183419272, -0.000446668535005, -0.000355416967068, 0.000468067039037], [0.000501441012602, -0.00217241374776, -3.581072815e-05, 0.000126899554743, -0.00114000437316, -0.0038125817664, 0.0115266777575, -0.00475924834609, 0.000871338706929, 0.00200965930708, -0.00237071188167, 0.000416287366534, -0.00113205937669], [-0.000395388953621, 0.00212497776374, -0.000375736941351, 0.000627284345683, 0.000162169671967, -0.000979659729637, -0.00475924834609, 0.0110792340711, -0.0041866931133, 0.00367640610784, 0.000512383528985, -8.53679084685e-05, 0.00385906477459], [0.000328018591972, -0.00154927442782, 0.000468580576126, -0.000168977669091, -0.000730513420422, 0.00105059426278, 0.000871338706929, -0.0041866931133, 0.009919738397, -0.00591478543356, 0.00155666319188, 0.00286968029104, -0.000683436519466], [-1.38415080073e-05, 0.00119668664411, -0.000695795635693, -0.0011691423133, 0.000881506828591, -0.00244183419272, 0.00200965930708, 0.00367640610784, -0.00591478543356, 0.013904241845, -0.00482182344422, -0.00413613533601, 0.00752523215488], [0.000255656719673, -0.00134736741893, 0.00151498615742, -0.00019785243785, -0.00049268436851, -0.000446668535005, -0.00237071188167, 0.000512383528985, 0.00155666319188, -0.00482182344422, 0.0149176642299, -0.00212055863813, -0.003793240292], [-0.000190329286852, 0.00122464902233, -0.000850045355037, 0.0018566591898, -0.00124644231983, -0.000355416967068, 0.000416287366534, -8.53679084685e-05, 0.00286968029104, -0.00413613533601, -0.00212055863813, 0.0223981346935, -0.00857896823436], [2.8572832889e-05, -0.0002693280112, 4.43307872047e-05, -0.00165011268109, 0.000905138556845, 0.000468067039037, -0.00113205937669, 0.00385906477459, -0.000683436519466, 0.00752523215488, -0.003793240292, -0.00857896823436, 0.0239835288376]]
    },
    "melbands": {
        "dmean": [0.000932178052608, 0.00130501936655, 0.00123213604093, 0.000639981415588, 0.000448406470241, 0.000238676380832, 0.000141333439387, 0.000129916574224, 0.000139758209116, 7.78546382207e-05, 7.66731827753e-05, 4.76550121675e-05, 1.83203101187e-05, 2.29278120969e-05, 1.91990147869e-05, 1.8829066903e-05, 1.46067268361e-05, 8.7160979092e-06, 1.48425551743e-05, 1.54143090185e-05, 1.5399815311e-05, 1.04466398625e-05, 7.68678273744e-06, 4.83141548102e-06, 3.99264263251e-06, 3.85384464607e-06, 2.51928167927e-06, 1.81783786957e-06, 1.6615676941e-06, 1.93094547285e-06, 1.56654039074e-06, 9.29062025534e-07, 7.57173381771e-07, 6.39004952063e-07, 1.00116824342e-06, 7.11362133643e-07, 3.22597145441e-07, 7.34034472316e-07, 9.03870841285e-07, 1.22618601495e-07],
        "dmean2": [0.00132671825122, 0.00205589062534, 0.00210539274849, 0.00104056042619, 0.000703872821759, 0.000371205125703, 0.000214366635191, 0.000193853018573, 0.000210122132557, 0.0001236070093, 0.000121379103803, 7.22906333976e-05, 2.86683789454e-05, 3.59952646249e-05, 3.18946840707e-05, 3.00604588119e-05, 2.24533960136e-05, 1.37765809995e-05, 2.490618499e-05, 2.44544662564e-05, 2.45912997343e-05, 1.69396134879e-05, 1.20393633551e-05, 7.3949236139e-06, 5.75327885599e-06, 5.72002363697e-06, 3.59007026418e-06, 2.81674033431e-06, 2.52412496593e-06, 2.9661816825e-06, 2.42904866354e-06, 1.42189139751e-06, 1.11390556867e-06, 9.84976963991e-07, 1.53226199018e-06, 1.01680086573e-06, 5.0950552577e-07, 1.13388307454e-06, 1.40088320677e-06, 1.81525308562e-07],
        "dvar": [4.55631015939e-06, 9.86566737993e-06, 8.77666388988e-06, 9.20759248402e-07, 5.56022826004e-07, 1.92074423921e-07, 6.78938079091e-08, 7.5546417122e-08, 8.27788042557e-08, 2.97398230487e-08, 3.29257048293e-08, 1.30762725092e-08, 1.70515146447e-09, 3.39211347899e-09, 2.88397017378e-09, 2.33938979299e-09, 1.12787057471e-09, 3.33565564059e-10, 2.09970285603e-09, 1.69365266256e-09, 1.25204580037e-09, 6.18740669811e-10, 3.47950612767e-10, 1.49771223201e-10, 7.25142584868e-11, 6.91378759798e-11, 2.38937394176e-11, 1.44055869664e-11, 1.09412652549e-11, 1.75031395627e-11, 1.22716611178e-11, 5.17287905219e-12, 3.17155763457e-12, 2.57137366955e-12, 1.08578476071e-11, 4.65458444357e-12, 5.84012981204e-13, 6.52929056308e-12, 1.18250556916e-11, 1.19196251719e-13],
        "dvar2": [8.54146037454e-06, 2.39502169279e-05, 2.35226962104e-05, 2.43908675657e-06, 1.32426464461e-06, 4.56958360928e-07, 1.50614297922e-07, 1.51274278437e-07, 1.79725731186e-07, 7.21464559206e-08, 8.00034882786e-08, 2.76193254933e-08, 3.83131526505e-09, 7.5165562663e-09, 7.86326026514e-09, 5.72522829145e-09, 2.49412690501e-09, 8.33931868005e-10, 5.95822324811e-09, 4.1474352841e-09, 3.27182747561e-09, 1.67577829391e-09, 8.71565930538e-10, 3.62028906853e-10, 1.52252252472e-10, 1.47118581206e-10, 4.95938845546e-11, 3.48854799215e-11, 2.56133170229e-11, 4.25154980666e-11, 2.92775977073e-11, 1.29427510376e-11, 7.22497495859e-12, 6.61804985813e-12, 2.6985033999e-11, 9.94220678008e-12, 1.45462331416e-12, 1.60765793039e-11, 2.92870658281e-11, 2.67376127749e-13],
        "max": [0.0226896218956, 0.0320122092962, 0.0328735969961, 0.0109974164516, 0.0101504968479, 0.00965844187886, 0.00641080318019, 0.00784654635936, 0.00887340772897, 0.00306251482107, 0.00308358040638, 0.00258798594587, 0.00195276504382, 0.00356224924326, 0.00150467490312, 0.000614211487118, 0.000668252818286, 0.000305434165057, 0.000663581420667, 0.00112226849888, 0.000546177558135, 0.000375660776626, 0.000293868564768, 0.000292817858281, 0.000127419058117, 0.000134961490403, 8.48288837005e-05, 8.58002458699e-05, 5.87223876209e-05, 7.41495459806e-05, 7.58128444431e-05, 2.60608812823e-05, 2.34492563322e-05, 2.0900997697e-05, 4.25278522016e-05, 2.56097300735e-05, 8.98395137483e-06, 3.09290371661e-05, 4.06027102144e-05, 4.14680789618e-06],
        "mean": [0.0014340026537, 0.00198175688274, 0.00149486167356, 0.00106008665171, 0.00101369898766, 0.000430623797001, 0.000290020805551, 0.000275212049019, 0.000296808633721, 0.000121405042592, 0.000123114718008, 8.03954171715e-05, 2.90880616376e-05, 3.58219149348e-05, 2.60213619185e-05, 2.45378141699e-05, 2.2812273528e-05, 1.41984273796e-05, 2.03219733521e-05, 2.14758019865e-05, 2.1283285605e-05, 1.42173712447e-05, 1.14272252176e-05, 7.20927164366e-06, 6.35991909803e-06, 6.28492807664e-06, 4.18812669523e-06, 2.98360328088e-06, 2.72360352938e-06, 2.85489682028e-06, 2.45371938945e-06, 1.44976456795e-06, 1.16351782253e-06, 9.79247374744e-07, 1.28212695927e-06, 9.85732754089e-07, 4.49064714303e-07, 8.02657609711e-07, 9.08534161681e-07, 1.63794950936e-07],
        "median": [0.000653529947158, 0.000969573564362, 0.000697941984981, 0.000571154174395, 0.000499284244142, 0.000251292454777, 0.00015662817168, 0.000116030649224, 8.48099443829e-05, 3.35326512868e-05, 2.9789227483e-05, 1.72929212567e-05, 9.35010302783e-06, 1.06745847006e-05, 5.94712810198e-06, 4.97093833474e-06, 4.70476970804e-06, 4.33415152656e-06, 5.79008565182e-06, 4.12717236031e-06, 5.31154773853e-06, 3.65647360923e-06, 2.51187566391e-06, 1.55222380727e-06, 1.0471794667e-06, 1.3051158021e-06, 9.12312941637e-07, 6.07752895121e-07, 5.79077436669e-07, 5.27924839844e-07, 4.47026479833e-07, 3.16839987136e-07, 2.42093108227e-07, 1.9275974239e-07, 1.53072875264e-07, 9.53930907599e-08, 6.42276631879e-08, 5.4111900738e-08, 4.33552074242e-08, 1.86610336073e-08],
        "min": [9.50618411558e-24, 2.11333596144e-23, 7.32360162834e-24, 4.30485379727e-24, 9.8227145538e-24, 8.13485908352e-24, 3.56619836664e-24, 7.33900808182e-24, 8.50213378833e-24, 1.75496844288e-23, 7.80410784976e-24, 3.96365133981e-24, 3.44353010144e-24, 8.00006563179e-24, 1.00510921524e-23, 1.61851096795e-23, 1.16880937045e-23, 1.7186175746e-23, 2.07300418548e-23, 1.20359403429e-23, 8.78749869877e-24, 1.1075489569e-23, 1.47568785883e-23, 1.21133591521e-23, 9.02623167452e-24, 1.27852548621e-23, 1.42822036267e-23, 8.87476564755e-24, 1.01052064328e-23, 8.5435379418e-24, 1.54129994468e-23, 1.20997820671e-23, 1.05827970243e-23, 7.28172573605e-24, 1.04859414713e-23, 9.16593815197e-24, 7.35818292384e-24, 1.18411524416e-23, 1.02187811039e-23, 1.24223070593e-23],
        "var": [7.37529262551e-06, 1.16222536235e-05, 7.31993031877e-06, 1.62603669196e-06, 1.43456554724e-06, 3.1936943401e-07, 1.71376370872e-07, 2.30247792388e-07, 3.93765503759e-07, 5.65769902039e-08, 6.02911640613e-08, 3.30124869663e-08, 4.66427207968e-09, 1.17514975528e-08, 3.80463882621e-09, 3.03949843072e-09, 2.04758543454e-09, 6.4715410808e-10, 2.05992622959e-09, 2.69849409484e-09, 1.62850244401e-09, 7.19392212467e-10, 5.50994527782e-10, 2.16278273069e-10, 1.50727819115e-10, 1.56596027812e-10, 5.71948391426e-11, 2.65660982796e-11, 2.27827479105e-11, 3.3226164875e-11, 2.30543483609e-11, 7.82873332134e-12, 5.25176993907e-12, 3.72506496135e-12, 1.23758295278e-11, 7.27421334973e-12, 9.14309643621e-13, 6.50472644498e-12, 1.10656770205e-11, 1.66663395324e-13]
    },
    "mfcc": {
        "mean": [-693.430664062, 148.407562256, 10.7565431595, 34.4988708496, 3.26539421082, 3.33164596558, -9.66561222076, 0.660996854305, -0.0669298321009, 1.51272690296, -2.92433738708, 0.450525045395, -1.9791072607],
        "cov": [[10899.3134766, -703.923217773, -443.060760498, -225.598373413, -165.122146606, 6.65869283676, -75.9683914185, 41.6309738159, -93.3852844238, -136.719436646, -213.329284668, 22.8537826538, -130.980361938], [-703.923217773, 1893.13122559, 164.432815552, 276.905456543, 15.5259304047, 75.9147796631, 111.770698547, 90.6805801392, -2.78363108635, -16.7892341614, 2.27855920792, -56.9137611389, 39.4846343994], [-443.060760498, 164.432815552, 474.654541016, 156.398025513, 91.9958496094, 89.3244476318, 32.4914855957, 2.68243002892, 47.8853912354, 19.367351532, 35.4085273743, 13.2710466385, -7.26072835922], [-225.598373413, 276.905456543, 156.398025513, 438.04510498, 154.447769165, 141.182952881, 39.1106910706, -0.0510289892554, 22.6200523376, 33.9298973083, 11.7211713791, 10.6519098282, 18.3894348145], [-165.122146606, 15.5259304047, 91.9958496094, 154.447769165, 193.207397461, 87.7338638306, 21.2628726959, 1.26527047157, 30.4771575928, 32.3163833618, 26.2736644745, 14.8450908661, 16.9963340759], [6.65869283676, 75.9147796631, 89.3244476318, 141.182952881, 87.7338638306, 184.829345703, 31.0660610199, -29.4207954407, -0.870770096779, 8.97449493408, 8.86208534241, 26.8353366852, 29.7400054932], [-75.9683914185, 111.770698547, 32.4914855957, 39.1106910706, 21.2628726959, 31.0660610199, 188.990112305, 88.550491333, -2.25594520569, -7.51907157898, -7.68288183212, -54.2552223206, -22.9180335999], [41.6309738159, 90.6805801392, 2.68243002892, -0.0510289892554, 1.26527047157, -29.4207954407, 88.550491333, 157.709091187, 55.7108726501, 15.8932981491, 5.20813465118, -39.2682876587, -17.6809482574], [-93.3852844238, -2.78363108635, 47.8853912354, 22.6200523376, 30.4771575928, -0.870770096779, -2.25594520569, 55.7108726501, 108.6016922, 44.4522819519, 31.5234451294, 21.613986969, 7.10173845291], [-136.719436646, -16.7892341614, 19.367351532, 33.9298973083, 32.3163833618, 8.97449493408, -7.51907157898, 15.8932981491, 44.4522819519, 98.0220794678, 60.500705719, 20.586648941, 19.5645904541], [-213.329284668, 2.27855920792, 35.4085273743, 11.7211713791, 26.2736644745, 8.86208534241, -7.68288183212, 5.20813465118, 31.5234451294, 60.500705719, 107.053184509, 48.3747940063, 19.0751514435], [22.8537826538, -56.9137611389, 13.2710466385, 10.6519098282, 14.8450908661, 26.8353366852, -54.2552223206, -39.2682876587, 21.613986969, 20.586648941, 48.3747940063, 118.349014282, 51.4754981995], [-130.980361938, 39.4846343994, -7.26072835922, 18.3894348145, 16.9963340759, 29.7400054932, -22.9180335999, -17.6809482574, 7.10173845291, 19.5645904541, 19.0751514435, 51.4754981995, 100.671379089]],
