{
"lowlevel": {
    "average_loudness": 0.778996884823,
    "barkbands_crest": {
        "dmean": 2.98434519768,
        "dmean2": 4.74326944351,
        "dvar": 9.78595066071,
        "dvar2": 23.5499000549,
        "max": 26.5813179016,
        "mean": 11.8045825958,
        "median": 10.8142118454,
        "min": 2.1532394886,
        "var": 28.7327919006
    },
    "barkbands_flatness_db": {
        "dmean": 0.0317413769662,
        "dmean2": 0.0481509529054,
        "dvar": 0.00139712996315,
        "dvar2": 0.00308982445858,
        "max": 0.568679153919,
        "mean": 0.17367503047,
        "median": 0.164728656411,
        "min": 0.0301641132683,
        "var": 0.00531259831041
    },
    "barkbands_kurtosis": {
        "dmean": 6.31531047821,
        "dmean2": 10.2442874908,
        "dvar": 368.14553833,
        "dvar2": 911.502502441,
        "max": 590.523620605,
        "mean": 8.14997673035,
        "median": 2.46073579788,
        "min": -1.83305490017,
        "var": 479.994628906
    },
    "barkbands_skewness": {
        "dmean": 0.698867559433,
        "dmean2": 1.08285164833,
        "dvar": 1.06383287907,
        "dvar2": 2.47564387321,
        "max": 15.7627544403,
        "mean": 1.7251137495,
        "median": 1.37110686302,
        "min": -2.17272090912,
        "var": 3.20763778687
    },
    "barkbands_spread": {
        "dmean": 4.74615240097,
        "dmean2": 7.47911930084,
        "dvar": 34.4401016235,
        "dvar2": 84.7242965698,
        "max": 60.0210342407,
        "mean": 16.4379386902,
        "median": 14.7491092682,
        "min": 0.0694772899151,
        "var": 101.38986969
    },
    "dissonance": {
        "dmean": 0.023347966373,
        "dmean2": 0.0389924570918,
        "dvar": 0.000660078192595,
        "dvar2": 0.00176036951598,
        "max": 0.500000238419,
        "mean": 0.449716627598,
        "median": 0.459599018097,
        "min": 0.185519471765,
        "var": 0.00167248910293
    },
    "dynamic_complexity": 3.91111326218,
    "erbbands_crest": {
        "dmean": 2.63389968872,
        "dmean2": 4.2252035141,
        "dvar": 8.08250522614,
        "dvar2": 18.5773086548,
        "max": 33.2972640991,
        "mean": 10.7734184265,
        "median": 9.29833316803,
        "min": 2.58584570885,
        "var": 34.5753974915
    },
    "erbbands_flatness_db": {
        "dmean": 0.0211449060589,
        "dmean2": 0.0304904468358,
        "dvar": 0.000545638904441,
        "dvar2": 0.0011129261693,
        "max": 0.508261561394,
        "mean": 0.190113529563,
        "median": 0.179252266884,
        "min": 0.0534383840859,
        "var": 0.00517728785053
    },
    "erbbands_kurtosis": {
        "dmean": 1.71734392643,
        "dmean2": 2.72499155998,
        "dvar": 19.6497631073,
        "dvar2": 47.3488731384,
        "max": 127.478591919,
        "mean": 1.74480593204,
        "median": 0.211769223213,
        "min": -1.73520755768,
        "var": 32.7542152405
    },
    "erbbands_skewness": {
        "dmean": 0.406789362431,
        "dmean2": 0.617894053459,
        "dvar": 0.220112398267,
        "dvar2": 0.482432067394,
        "max": 8.59208488464,
        "mean": 0.490732610226,
        "median": 0.404605537653,
        "min": -3.4340672493,
        "var": 1.06295824051
    },
    "erbbands_spread": {
        "dmean": 7.19730329514,
        "dmean2": 10.964056015,
        "dvar": 85.0283508301,
        "dvar2": 199.813369751,
        "max": 133.371795654,
        "mean": 30.6387271881,
        "median": 26.9472236633,
        "min": 0.763345599174,
        "var": 387.567810059
    },
    "hfc": {
        "dmean": 7.92572784424,
        "dmean2": 12.1536922455,
        "dvar": 141.796035767,
        "dvar2": 346.693664551,
        "max": 145.007446289,
        "mean": 17.1607208252,
        "median": 12.7866344452,
        "min": 1.15510822694e-16,
        "var": 254.839187622
    },
    "melbands_crest": {
        "dmean": 3.32941174507,
        "dmean2": 5.26807546616,
        "dvar": 12.781170845,
        "dvar2": 30.3486804962,
        "max": 38.0307731628,
        "mean": 15.7338037491,
        "median": 14.6068983078,
        "min": 1.88266944885,
        "var": 44.176235199
    },
    "melbands_flatness_db": {
        "dmean": 0.0360173992813,
        "dmean2": 0.0541856251657,
        "dvar": 0.00179445859976,
        "dvar2": 0.00392201030627,
        "max": 0.701383292675,
        "mean": 0.242484912276,
        "median": 0.23408024013,
        "min": 0.00395047478378,
        "var": 0.00658781081438
    },
    "melbands_kurtosis": {
        "dmean": 12.1441059113,
        "dmean2": 19.8431072235,
        "dvar": 1091.16711426,
        "dvar2": 2751.77124023,
        "max": 559.273681641,
        "mean": 18.2842464447,
        "median": 6.20164251328,
        "min": -1.87411415577,
        "var": 1567.96740723
    },
    "melbands_skewness": {
        "dmean": 0.882809400558,
        "dmean2": 1.36964905262,
        "dvar": 1.83855056763,
        "dvar2": 4.35307598114,
        "max": 17.992811203,
        "mean": 2.55174016953,
        "median": 2.02583503723,
        "min": -2.17264270782,
        "var": 5.82329893112
    },
    "melbands_spread": {
        "dmean": 5.45412063599,
        "dmean2": 8.45665454865,
        "dvar": 47.3022613525,
        "dvar2": 105.15158844,
        "max": 137.485595703,
        "mean": 19.1766033173,
        "median": 15.4645709991,
        "min": 0.268036335707,
        "var": 215.864624023
    },
    "pitch_salience": {
        "dmean": 0.0865186676383,
        "dmean2": 0.139209508896,
        "dvar": 0.00888138823211,
        "dvar2": 0.0222242828459,
        "max": 0.868299901485,
        "mean": 0.481794595718,
        "median": 0.48688942194,
        "min": 0.0563596971333,
        "var": 0.0199976488948
    },
    "silence_rate_20dB": {
        "dmean": 0,
        "dmean2": 0,
        "dvar": 0,
        "dvar2": 0,
        "max": 1,
        "mean": 1,
        "median": 1,
        "min": 1,
        "var": 0
    },
    "silence_rate_30dB": {
        "dmean": 0.0567375868559,
        "dmean2": 0.113489814103,
        "dvar": 0.0535120069981,
        "dvar2": 0.113504618406,
        "max": 1,
        "mean": 0.949071705341,
        "median": 1,
        "min": 0,
        "var": 0.0483347438276
    },
    "silence_rate_60dB": {
        "dmean": 0.0116054154932,
        "dmean2": 0.0230848602951,
        "dvar": 0.0114712128416,
        "dvar2": 0.0259061269462,
        "max": 1,
        "mean": 0.0578906647861,
        "median": 0,
        "min": 0,
        "var": 0.054542273283
    },
    "spectral_centroid": {
        "dmean": 243.040267944,
        "dmean2": 375.955657959,
        "dvar": 104552.960938,
        "dvar2": 242011.09375,
        "max": 11552.9482422,
        "mean": 1185.67919922,
        "median": 1071.06860352,
        "min": 83.4713287354,
        "var": 334495.6875
    },
    "spectral_complexity": {
        "dmean": 4.32185697556,
        "dmean2": 6.78411149979,
        "dvar": 37.7316856384,
        "dvar2": 81.2367172241,
        "max": 65,
        "mean": 15.5826454163,
        "median": 15,
        "min": 0,
        "var": 86.7537231445
    },
    "spectral_decrease": {
        "dmean": 4.5047059416e-09,
        "dmean2": 7.42322647795e-09,
        "dvar": 9.50170127367e-17,
        "dvar2": 2.40375165527e-16,
        "max": -3.10441550515e-29,
        "mean": -8.30877500135e-09,
        "median": -5.95803228975e-09,
        "min": -8.04414739264e-08,
        "var": 9.31836827142e-17
    },
    "spectral_energy": {
        "dmean": 0.017596848309,
        "dmean2": 0.0289036016911,
        "dvar": 0.00138688634615,
        "dvar2": 0.00350078498013,
        "max": 0.306672096252,
        "mean": 0.032915905118,
        "median": 0.0238223075867,
        "min": 1.0594347532e-20,
        "var": 0.00138554512523
    },
    "spectral_energyband_high": {
        "dmean": 0.000291091389954,
        "dmean2": 0.00047956497292,
        "dvar": 6.52048242955e-07,
        "dvar2": 1.783024004e-06,
        "max": 0.0106690218672,
        "mean": 0.000358721474186,
        "median": 0.000111191169708,
        "min": 7.9368415983e-21,
        "var": 5.8065364783e-07
    },
    "spectral_energyband_low": {
        "dmean": 0.0123466271907,
        "dmean2": 0.0208481289446,
        "dvar": 0.00128151441459,
        "dvar2": 0.00331848510541,
        "max": 0.289755553007,
        "mean": 0.0161458086222,
        "median": 0.00703449640423,
        "min": 1.03031734436e-22,
        "var": 0.00110194471199
    },
    "spectral_energyband_middle_high": {
        "dmean": 0.00268776877783,
        "dmean2": 0.00414245761931,
        "dvar": 1.63381209859e-05,
        "dvar2": 3.85158018616e-05,
        "max": 0.0574141182005,
        "mean": 0.00562311522663,
        "median": 0.00317348749377,
        "min": 1.55882802378e-21,
        "var": 4.24201934948e-05
    },
    "spectral_energyband_middle_low": {
        "dmean": 0.00587450806051,
        "dmean2": 0.00977552309632,
        "dvar": 0.000121260542073,
        "dvar2": 0.000325366534526,
        "max": 0.102654442191,
        "mean": 0.0117175364867,
        "median": 0.00841692835093,
        "min": 2.47363606299e-22,
        "var": 0.000146317761391
    },
    "spectral_entropy": {
        "dmean": 0.222038641572,
        "dmean2": 0.338877439499,
        "dvar": 0.0727304518223,
        "dvar2": 0.157356798649,
        "max": 9.79330158234,
        "mean": 7.24377346039,
        "median": 7.25258970261,
        "min": 4.91040182114,
        "var": 0.286447763443
    },
    "spectral_flux": {
        "dmean": 0.0426688678563,
        "dmean2": 0.0650254040956,
        "dvar": 0.00377374817617,
        "dvar2": 0.00649318657815,
        "max": 0.486086755991,
        "mean": 0.0850424095988,
        "median": 0.0562546625733,
        "min": 2.17611136577e-06,
        "var": 0.00696177408099
    },
    "spectral_kurtosis": {
        "dmean": 2.95213413239,
        "dmean2": 5.00160932541,
        "dvar": 14.1753768921,
        "dvar2": 39.8707504272,
        "max": 43.1538658142,
        "mean": 7.19456243515,
        "median": 5.87989997864,
        "min": -1.17065477371,
        "var": 25.4303131104
    },
    "spectral_rms": {
        "dmean": 0.00120824505575,
        "dmean2": 0.00188527209684,
        "dvar": 3.54252665602e-06,
        "dvar2": 8.29774853628e-06,
        "max": 0.0172971766442,
        "mean": 0.0050633372739,
        "median": 0.00482092052698,
        "min": 3.21495716334e-12,
        "var": 6.47572960588e-06
    },
    "spectral_rolloff": {
        "dmean": 298.781768799,
        "dmean2": 514.948547363,
        "dvar": 270112.75,
        "dvar2": 627243.375,
        "max": 18346.2890625,
        "mean": 1058.68310547,
        "median": 796.728515625,
        "min": 43.06640625,
        "var": 759755.5625
    },
    "spectral_skewness": {
        "dmean": 0.330103486776,
        "dmean2": 0.539065957069,
        "dvar": 0.132534101605,
        "dvar2": 0.346872866154,
        "max": 5.17689466476,
        "mean": 1.85194063187,
        "median": 1.79456830025,
        "min": -0.0283494926989,
        "var": 0.363907903433
    },
    "spectral_spread": {
        "dmean": 498874.0625,
        "dmean2": 743791.5625,
        "dvar": 462998372352,
        "dvar2": 832971341824,
        "max": 39274336,
        "mean": 3728266.25,
        "median": 3575288.5,
        "min": 1429243.25,
        "var": 1.68046297088e+12
    },
    "spectral_strongpeak": {
        "dmean": 0.53121560812,
        "dmean2": 0.89853143692,
        "dvar": 0.830870568752,
        "dvar2": 2.03204703331,
        "max": 8.45289897919,
        "mean": 1.08955252171,
        "median": 0.463565081358,
        "min": 3.51385809338e-09,
        "var": 1.72516238689
    },
    "zerocrossingrate": {
        "dmean": 0.00693944934756,
        "dmean2": 0.00849366281182,
        "dvar": 5.8322246332e-05,
        "dvar2": 8.47618794069e-05,
        "max": 0.54052734375,
        "mean": 0.0434288904071,
        "median": 0.04052734375,
        "min": 0.001953125,
        "var": 0.000562441942748
    },
    "barkbands": {
        "dmean": [0.000221137917833, 0.00843847449869, 0.00460053049028, 0.00165582564659, 0.00136974826455, 0.00116574415006, 0.00101634126622, 0.00111673527863, 0.000739121751394, 0.00109334895387, 0.000131922672153, 0.000220865942538, 0.000523139198776, 0.000266422517598, 0.000416654656874, 0.000362060411135, 0.000245989212999, 0.000188813384739, 0.000151333792019, 0.000174711487489, 8.0142817751e-05, 4.63998330815e-05, 3.37036108249e-05, 2.54061869782e-05, 1.94714975805e-05, 1.23436548165e-05, 2.48256878876e-06],
        "dmean2": [0.000334308482707, 0.014336434193, 0.00861317757517, 0.00307856523432, 0.00231737736613, 0.00188227952458, 0.00162688666023, 0.00167836283799, 0.00119120907038, 0.00179405207746, 0.000231231373618, 0.000359437661245, 0.000762997544371, 0.000405358005082, 0.000654432747979, 0.000560722197406, 0.000386992032873, 0.000305543333525, 0.000242810390773, 0.0003005976032, 0.000133309396915, 7.66611992731e-05, 5.60146800126e-05, 4.07267652918e-05, 3.11387339025e-05, 1.96613236767e-05, 4.10700886277e-06],
        "dvar": [1.22076372122e-07, 0.000572060118429, 0.00029342318885, 2.74309259112e-05, 1.15003358587e-05, 4.45911018687e-06, 3.57443445864e-06, 5.09180836161e-06, 3.2383902635e-06, 6.58245289742e-06, 7.83725795372e-08, 2.36341008986e-07, 1.44966361404e-06, 5.6548435623e-07, 9.00425561667e-07, 5.37030473424e-07, 2.88998052156e-07, 1.43501424077e-07, 1.10075362159e-07, 3.52817181692e-07, 4.50143460284e-08, 1.15226157504e-08, 8.50633252725e-09, 4.14666168069e-09, 2.60402166496e-09, 1.08238062957e-09, 4.39116520923e-11],
        "dvar2": [2.66653728431e-07, 0.00151017308235, 0.000843340996653, 7.96391832409e-05, 3.1584444514e-05, 1.1041262951e-05, 9.23096376937e-06, 1.14844815471e-05, 7.56393819756e-06, 1.72298587131e-05, 2.14340261095e-07, 5.57570047022e-07, 2.86589170173e-06, 1.15002012535e-06, 2.06341883313e-06, 1.13255623546e-06, 6.3228333147e-07, 3.51157922296e-07, 2.67873616622e-07, 1.00014949567e-06, 1.18567314189e-07, 3.12150625348e-08, 2.27541487874e-08, 1.01896580063e-08, 6.57503695933e-09, 2.79224421362e-09, 1.11800485536e-10],
        "max": [0.00734479352832, 0.204719260335, 0.138518229127, 0.0623460114002, 0.0395264141262, 0.0293655302376, 0.0272331349552, 0.0437229089439, 0.0398155860603, 0.0289110690355, 0.00438978755847, 0.00965770613402, 0.0180009305477, 0.0156081886962, 0.019646583125, 0.0154733899981, 0.00997960753739, 0.0075990576297, 0.00526408385485, 0.0106279281899, 0.0026804539375, 0.00140893226489, 0.001388400211, 0.000943103397731, 0.000629941641819, 0.000659091339912, 0.000119902739243],
        "mean": [0.000530045363121, 0.0108231408522, 0.00409291312099, 0.00140664319042, 0.00198355549946, 0.00231866212562, 0.00201890803874, 0.0024520822335, 0.0011928830063, 0.00175858999137, 0.000143205601489, 0.000292221520795, 0.000955958734266, 0.000408459833125, 0.000611547846347, 0.000645374238957, 0.000365259795217, 0.000262516579824, 0.000209167861613, 0.00017903742264, 9.57625597948e-05, 5.7936173107e-05, 3.96348441427e-05, 3.20828039548e-05, 2.27771834034e-05, 1.45873636939e-05, 2.91225751425e-06],
        "median": [0.000185538112419, 0.00425419118255, 0.000478025118355, 0.00033100170549, 0.000928711728193, 0.00105248647742, 0.000919043086469, 0.000763382005971, 0.0004006473755, 0.000282476103166, 5.28220334672e-05, 9.27691289689e-05, 0.000174426822923, 0.000113545625936, 0.000221579466597, 0.000154526525876, 0.0001178186576, 9.39258679864e-05, 6.77370408084e-05, 4.79427471873e-05, 2.64659211098e-05, 1.53976397996e-05, 9.4599708973e-06, 6.41663154965e-06, 3.91028061131e-06, 1.70870043803e-06, 9.09990660602e-08],
        "min": [1.88727650945e-23, 5.23922033311e-23, 2.89356262628e-23, 1.62960661213e-23, 1.50221094019e-23, 7.0800354596e-23, 2.78024685932e-23, 2.94947266962e-23, 7.58214984339e-23, 7.64713620477e-23, 1.01470818518e-22, 7.34849050545e-23, 8.34182478839e-23, 1.16140431735e-22, 1.21185569567e-22, 1.28067428021e-22, 1.00133629864e-22, 3.80322514669e-22, 2.15530557041e-22, 3.62218371464e-22, 3.61253992163e-22, 4.38314393493e-22, 7.58614640207e-22, 1.01357473721e-21, 1.1528416803e-21, 1.78554084193e-21, 2.40649741139e-21],
        "var": [4.41459008016e-07, 0.00048610806698, 0.000190290360479, 1.63611675816e-05, 1.05708577394e-05, 9.34302806854e-06, 7.01393901181e-06, 1.58015518537e-05, 6.13361908108e-06, 1.4000253941e-05, 6.83128149603e-08, 3.66745183555e-07, 3.95443203161e-06, 1.05581762e-06, 1.49246397996e-06, 1.52650261498e-06, 4.77897117435e-07, 2.02090674861e-07, 1.54857900725e-07, 2.47080663485e-07, 4.28323971846e-08, 1.21942225206e-08, 7.86740361747e-09, 5.12923481466e-09, 2.63820232327e-09, 1.09456177455e-09, 6.72943437086e-11]
    },
    "erbbands": {
        "dmean": [0.16684602201, 2.21492505074, 5.58151674271, 5.33534145355, 5.7565946579, 3.71562051773, 5.54985570908, 11.7156791687, 16.1549720764, 10.2102918625, 29.1185970306, 19.4962921143, 25.1376361847, 24.7274742126, 6.34758424759, 10.4282026291, 20.9704418182, 14.8779449463, 27.3030319214, 14.8759717941, 15.894238472, 11.5979270935, 10.858212471, 8.45760917664, 7.27435445786, 8.51491260529, 4.43363237381, 2.83891797066, 1.76360452175, 1.24328041077, 0.919888436794, 0.599416732788, 0.394272595644, 0.227199956775, 0.139281153679, 0.0595672652125, 0.0224030725658, 0.00517247384414, 0.000388772721635, 2.40234003286e-05],
        "dmean2": [0.273678898811, 3.8247385025, 10.195643425, 9.99556827545, 10.3334274292, 6.12463474274, 8.72372436523, 18.9534168243, 25.5013885498, 16.5005130768, 43.7574882507, 30.5268688202, 41.998085022, 39.8990707397, 10.8419885635, 16.6896877289, 30.9163742065, 22.3073501587, 42.2055778503, 22.8327732086, 24.9650249481, 18.1739025116, 17.3606510162, 13.6854581833, 11.6381511688, 14.543879509, 7.52087688446, 4.73100948334, 2.88411545753, 2.0682694912, 1.53029572964, 0.972003817558, 0.630604684353, 0.360490858555, 0.227949559689, 0.0953644216061, 0.0359235294163, 0.00835802685469, 0.000641376478598, 3.88402877434e-05],
        "dvar": [0.124733746052, 45.5106277466, 400.153625488, 327.663665771, 277.760284424, 74.4477157593, 135.593490601, 487.145996094, 846.537475586, 510.098388672, 3687.69287109, 2263.33544922, 4280.98681641, 3672.46948242, 163.296325684, 506.177307129, 2687.44897461, 856.78137207, 3885.140625, 983.664978027, 852.760070801, 618.922058105, 451.477600098, 395.335296631, 217.366836548, 830.01361084, 198.47593689, 63.6312789917, 16.1996059418, 9.25083351135, 6.09272050858, 2.22799420357, 1.07604014874, 0.382661193609, 0.145480036736, 0.028313331306, 0.00340042775497, 0.000162875119713, 1.19813500987e-06, 1.8603456553e-09],
        "dvar2": [0.314360946417, 121.541183472, 1131.84448242, 947.828613281, 788.493347168, 197.743942261, 329.961578369, 1194.68554688, 2131.6550293, 1238.60656738, 8293.19238281, 5141.81835938, 11753.0009766, 8990.43261719, 443.028411865, 1163.38061523, 5366.94824219, 1677.13989258, 8646.26171875, 2159.99804688, 1865.36743164, 1355.45288086, 1099.50256348, 990.698120117, 504.312835693, 2341.48120117, 556.679992676, 169.464645386, 42.8133468628, 24.8384590149, 16.2496032715, 5.56996059418, 2.66260719299, 0.936689853668, 0.382202357054, 0.0743983089924, 0.00864809472114, 0.000402106525144, 3.08961125484e-06, 4.58375026824e-09],
        "max": [3.70349979401, 55.769115448, 161.403884888, 165.878219604, 194.283920288, 156.502487183, 324.426177979, 326.059143066, 416.17590332, 491.552307129, 1047.96923828, 1113.07421875, 1019.28674316, 1000.25952148, 216.398132324, 493.844299316, 803.632873535, 475.977844238, 1240.63928223, 618.819519043, 538.737670898, 517.842163086, 361.752502441, 278.903289795, 203.479171753, 484.645721436, 216.062942505, 138.860427856, 47.1352539062, 45.4549407959, 37.6374053955, 19.9537792206, 16.6674747467, 9.17472839355, 4.73987817764, 3.23278236389, 1.10896551609, 0.195571690798, 0.0202819257975, 0.000333691452397],
        "mean": [0.266258478165, 2.5476064682, 5.35094022751, 4.5535030365, 5.83242273331, 6.20400953293, 10.7416715622, 22.9133052826, 34.8036193848, 19.5872554779, 62.1845550537, 35.4200782776, 38.5297927856, 40.6009902954, 8.536693573, 15.3811502457, 38.2825279236, 28.1643772125, 43.038482666, 27.7094841003, 28.0431499481, 17.8178768158, 16.1978378296, 11.502746582, 9.88003921509, 9.03160381317, 4.98651599884, 3.24707198143, 2.23145890236, 1.53307807446, 1.0769418478, 0.734589934349, 0.500783443451, 0.279666185379, 0.150884568691, 0.0671814531088, 0.0265393424779, 0.00637432886288, 0.000465761026135, 4.52172025689e-05],
        "median": [0.163121879101, 0.637444376945, 1.06481719017, 1.02956843376, 2.09839010239, 2.6809463501, 4.58549213409, 9.47384166718, 15.8449983597, 8.42857456207, 18.9726638794, 13.8252363205, 9.65169048309, 8.12606525421, 4.40392589569, 5.73693180084, 9.34162139893, 8.6931552887, 16.3580856323, 8.35828495026, 8.92428398132, 6.9534778595, 6.16460514069, 3.75701379776, 3.28913354874, 2.3685336113, 1.48458397388, 0.822321414948, 0.579028666019, 0.388068974018, 0.261052697897, 0.154579907656, 0.0990668684244, 0.0501348860562, 0.0226779133081, 0.00903436355293, 0.00279483944178, 0.000446388032287, 3.17789963447e-05, 3.12257179758e-05],
        "min": [1.14875050881e-21, 1.33945970514e-20, 3.67602489263e-20, 4.71462931546e-20, 2.98460335941e-20, 8.23693206166e-20, 2.59098584601e-19, 5.93914800934e-19, 4.95199376824e-19, 5.61327038425e-19, 6.63061103084e-19, 2.1294278013e-18, 1.39668919102e-18, 3.08042349628e-18, 4.59240791281e-18, 3.52717712767e-18, 4.69359857151e-18, 5.6816616773e-18, 5.31999018935e-18, 6.19220127368e-18, 7.48555440969e-18, 7.13654622973e-18, 1.26441653838e-17, 1.94785185476e-17, 1.13548629513e-17, 1.62973341129e-17, 1.40944396451e-17, 1.53339118904e-17, 1.71565878265e-17, 1.78089190012e-17, 2.11630238886e-17, 2.08516979214e-17, 1.7910114623e-17, 9.62303791618e-18, 1.06804452271e-17, 6.35987616052e-18, 3.37481997142e-18, 1.32610411159e-18, 3.43837473942e-19, 3.51207155599e-20],
        "var": [0.161443755031, 35.0523910522, 267.094726562, 193.291503906, 182.449310303, 92.2297744751, 293.183624268, 1042.51086426, 1925.64038086, 1209.57958984, 9640.25488281, 4732.84423828, 7603.69433594, 8413.203125, 160.421112061, 869.628173828, 6734.27246094, 2773.5612793, 6876.83398438, 2926.19311523, 2082.41992188, 1000.09625244, 679.615783691, 483.22253418, 339.140350342, 609.636413574, 145.980056763, 56.9144287109, 18.9232330322, 9.27011108398, 5.63323354721, 2.62360048294, 1.33858323097, 0.422346621752, 0.13138449192, 0.0260396562517, 0.00360475294292, 0.000216098080273, 1.8347002424e-06, 2.27085106275e-09]
    },
    "gfcc": {
        "mean": [-39.3188781738, 108.51474762, -127.635551453, 22.5331134796, -51.4899635315, 2.26588082314, -33.9280929565, 11.0337295532, -10.7586231232, 7.78392887115, -11.0164136887, -2.37177085876, -7.96912622452],
        "cov": [[13998.0888672, 717.663391113, 1283.96459961, 760.620422363, 498.827270508, 425.954803467, -236.995574951, 94.710975647, -191.295028687, 318.632598877, -169.56803894, 128.194320679, -221.92010498], [717.663391113, 1457.79101562, 16.4456825256, -24.6451339722, 348.754455566, -106.05393219, 172.460906982, -149.568374634, 127.865821838, -118.754829407, 81.46118927, -101.034324646, 110.645339966], [1283.96459961, 16.4456825256, 1604.89807129, 644.418029785, 491.199035645, 360.143829346, 155.416778564, 283.345977783, -41.1392364502, 207.832443237, -29.9374542236, 154.507644653, -115.483802795], [760.620422363, -24.6451339722, 644.418029785, 797.494567871, 348.310119629, 293.799865723, 147.135894775, 53.5185394287, -31.5137386322, 80.9385910034, 2.38238191605, 56.1593780518, -57.502872467], [498.827270508, 348.754455566, 491.199035645, 348.310119629, 679.211547852, 211.598709106, 124.31716156, 61.5622215271, 20.0818347931, 125.109527588, 29.2661933899, 65.9156265259, -19.6597099304], [425.954803467, -106.05393219, 360.143829346, 293.799865723, 211.598709106, 378.660125732, 119.380203247, 50.6960105896, -60.7426872253, -5.31406831741, -36.6671714783, 29.0464229584, -4.01283836365], [-236.995574951, 172.460906982, 155.416778564, 147.135894775, 124.31716156, 119.380203247, 261.996368408, 39.6196174622, 30.8132152557, -52.6479530334, -8.69840335846, -6.13973760605, 28.4272232056], [94.710975647, -149.568374634, 283.345977783, 53.5185394287, 61.5622215271, 50.6960105896, 39.6196174622, 228.910354614, 42.5496711731, 116.37538147, 12.1565876007, 63.4962158203, -16.7444572449], [-191.295028687, 127.865821838, -41.1392364502, -31.5137386322, 20.0818347931, -60.7426872253, 30.8132152557, 42.5496711731, 155.2162323, 71.7138519287, 56.1158981323, -4.99829769135, 14.0209054947], [318.632598877, -118.754829407, 207.832443237, 80.9385910034, 125.109527588, -5.31406831741, -52.6479530334, 116.37538147, 71.7138519287, 238.021896362, 69.8977737427, 85.6957931519, -37.6563835144], [-169.56803894, 81.46118927, -29.9374542236, 2.38238191605, 29.2661933899, -36.6671714783, -8.69840335846, 12.1565876007, 56.1158981323, 69.8977737427, 126.028038025, 52.6041107178, 40.6491546631], [128.194320679, -101.034324646, 154.507644653, 56.1593780518, 65.9156265259, 29.0464229584, -6.13973760605, 63.4962158203, -4.99829769135, 85.6957931519, 52.6041107178, 145.54675293, 32.4234352112], [-221.92010498, 110.645339966, -115.483802795, -57.502872467, -19.6597099304, -4.01283836365, 28.4272232056, -16.7444572449, 14.0209054947, -37.6563835144, 40.6491546631, 32.4234352112, 134.091949463]],
        "icov": [[0.000109886794235, -0.000232262667851, 2.38230404648e-05, -9.85539736575e-05, 0.000166191224707, -0.000214072802919, 0.000225886906264, -5.68847426621e-05, 0.000176828572876, -0.00032899575308, 0.000371048576199, -0.000209438439924, 0.000142015356687], [-0.000232262667851, 0.00224589230493, -0.000663942366373, 0.000576561084017, -0.00169986160472, 0.00160323013552, -0.0010038621258, 0.00122718291823, -0.00147895899136, 0.00202318909578, -0.00204677064903, 0.00195603840984, -0.00152702210471], [2.38230404648e-05, -0.000663942366373, 0.00169355457183, -0.000813423073851, 9.82899000519e-05, -0.000724815472495, 8.2106795162e-05, -0.00161915679928, 0.000778485205956, -0.000663046317641, 0.00100575492252, -0.00137634098064, 0.00123042683117], [-9.85539736575e-05, 0.000576561084017, -0.000813423073851, 0.00267250672914, -0.000693470530678, -0.000630532042123, -0.00113950355444, 0.00131871551275, -8.75867190189e-05, -9.30024762056e-05, -0.00122027110774, 0.000559597683605, 0.000310011033434], [0.000166191224707, -0.00169986160472, 9.82899000519e-05, -0.000693470530678, 0.00376051734202, -0.00189241976477, -0.000161706702784, 4.93829247716e-05, 0.00106672127731, -0.00310589652508, 0.00144804955926, -0.00137776951306, 0.000910528528038], [-0.000214072802919, 0.00160323013552, -0.000724815472495, -0.000630532042123, -0.00189241976477, 0.00607961043715, -0.00187648448627, 0.00012999761384, 0.000765950826462, 0.00166908709798, -0.000681766250636, 0.00156574219, -0.00203657173552], [0.000225886906264, -0.0010038621258, 8.2106795162e-05, -0.00113950355444, -0.000161706702784, -0.00187648448627, 0.00752286473289, -0.00233348854817, -0.00257485779002, 0.00320696854033, 0.00108540966175, -0.00111313478556, -7.19070594641e-05], [-5.68847426621e-05, 0.00122718291823, -0.00161915679928, 0.00131871551275, 4.93829247716e-05, 0.00012999761384, -0.00233348854817, 0.00914261490107, -0.00205320166424, -0.00299984775484, 0.000780419795774, -0.00037295173388, -0.00106235942803], [0.000176828572876, -0.00147895899136, 0.000778485205956, -8.75867190189e-05, 0.00106672127731, 0.000765950826462, -0.00257485779002, -0.00205320166424, 0.0131930354983, -0.00640391837806, -0.00209708535112, 0.00332037126645, -0.000730325409677], [-0.00032899575308, 0.00202318909578, -0.000663046317641, -9.30024762056e-05, -0.00310589652508, 0.00166908709798, 0.00320696854033, -0.00299984775484, -0.00640391837806, 0.0151719376445, -0.00552366068587, -0.00287687382661, 0.00301564554684], [0.000371048576199, -0.00204677064903, 0.00100575492252, -0.00122027110774, 0.00144804955926, -0.000681766250636, 0.00108540966175, 0.000780419795774, -0.00209708535112, -0.00552366068587, 0.0164915919304, -0.00542344292626, -0.00231473729946], [-0.000209438439924, 0.00195603840984, -0.00137634098064, 0.000559597683605, -0.00137776951306, 0.00156574219, -0.00111313478556, -0.00037295173388, 0.00332037126645, -0.00287687382661, -0.00542344292626, 0.0152031192556, -0.00605885032564], [0.000142015356687, -0.00152702210471, 0.00123042683117, 0.000310011033434, 0.000910528528038, -0.00203657173552, -7.19070594641e-05, -0.00106235942803, -0.000730325409677, 0.00301564554684, -0.00231473729946, -0.00605885032564, 0.0131903337315]]
    },
    "melbands": {
        "dmean": [0.00192047830205, 0.00295474636368, 0.000961062556598, 0.00034737563692, 0.000174318294739, 0.000250137964031, 0.000234527964494, 0.000123377772979, 0.000228110453463, 0.000117788462376, 0.000131856606458, 0.000112819012429, 1.85658536793e-05, 2.47991756623e-05, 3.03637934849e-05, 5.53853569727e-05, 2.49601944233e-05, 4.57480819023e-05, 1.96900200535e-05, 2.86051454168e-05, 1.80733513844e-05, 1.29107329485e-05, 1.18168454719e-05, 9.015680007e-06, 6.98058238413e-06, 5.67190863876e-06, 5.37588175575e-06, 5.91838761466e-06, 3.18806792166e-06, 1.92197580873e-06, 1.62776882462e-06, 1.03512491023e-06, 8.4219772134e-07, 6.57055693409e-07, 5.6870356957e-07, 4.50977438504e-07, 3.40763193662e-07, 2.97578424124e-07, 2.23498574314e-07, 1.86300837868e-07],
        "dmean2": [0.00321054295637, 0.00521096540615, 0.00178774062078, 0.00059937837068, 0.000274411868304, 0.000404327380238, 0.000371937319869, 0.00019528674602, 0.00034523953218, 0.000185318567674, 0.000220158370212, 0.000181617200724, 3.2344549254e-05, 4.0326238377e-05, 4.76561763207e-05, 8.02846043371e-05, 3.80159945053e-05, 7.0448491897e-05, 3.14803910442e-05, 4.37035414507e-05, 2.89601248369e-05, 2.04166844924e-05, 1.88178237295e-05, 1.4684413145e-05, 1.13603318823e-05, 9.146913726e-06, 8.89334478416e-06, 1.02386875369e-05, 5.48339039597e-06, 3.20443768942e-06, 2.75291381513e-06, 1.70430473645e-06, 1.40170902796e-06, 1.10255859909e-06, 9.53403798576e-07, 7.42444967727e-07, 5.53821394078e-07, 4.81453469092e-07, 3.56491142384e-07, 3.00765037764e-07],
        "dvar": [2.41349207499e-05, 9.62263438851e-05, 9.41171219893e-06, 8.24018741241e-07, 1.29795381554e-07, 2.16556912846e-07, 1.79243940579e-07, 6.87189185555e-08, 2.25402374099e-07, 9.52136574028e-08, 1.19754162142e-07, 7.72511370428e-08, 1.57378776677e-09, 3.093879819e-09, 5.36339150869e-09, 1.92861389081e-08, 3.07110292752e-09, 1.17776606245e-08, 1.75541592373e-09, 4.35303215696e-09, 1.14363807313e-09, 7.84750098237e-10, 7.07355285456e-10, 3.93254151465e-10, 3.11133202535e-10, 1.51048590302e-10, 1.97606472851e-10, 4.470182835e-10, 1.19926929498e-10, 2.30930014694e-11, 2.62506752446e-11, 5.8045846775e-12, 3.51155541277e-12, 3.11990776096e-12, 2.55201827552e-12, 1.3336718882e-12, 7.369481002e-13, 6.32920311213e-13, 3.49123643406e-13, 2.80395119016e-13],
        "dvar2": [6.22816951363e-05, 0.00026316815638, 2.71595163213e-05, 2.28607814279e-06, 3.18924406884e-07, 5.31366083578e-07, 4.52772212611e-07, 1.62446042395e-07, 5.13102634159e-07, 2.13072766542e-07, 3.26364045122e-07, 1.8979740446e-07, 4.31358504471e-09, 7.35161442833e-09, 1.14541753859e-08, 3.69450070536e-08, 5.96702776079e-09, 2.5763803535e-08, 4.20575574367e-09, 8.96840024467e-09, 2.64255839433e-09, 1.73832281902e-09, 1.62494528944e-09, 9.98347071679e-10, 7.8968109829e-10, 3.5840991286e-10, 5.21729381919e-10, 1.2725892562e-09, 3.39613809297e-10, 6.03961256007e-11, 7.24400261998e-11, 1.57145511881e-11, 9.34537343344e-12, 8.46890960138e-12, 6.90694463429e-12, 3.47290859265e-12, 1.84318489291e-12, 1.58286805971e-12, 8.67820572348e-13, 7.02533463261e-13],
        "max": [0.041809078306, 0.0772266462445, 0.0297738816589, 0.0104314731434, 0.00899186078459, 0.00675637833774, 0.00597996404395, 0.00634267320856, 0.00788937788457, 0.00749977305532, 0.00517600215971, 0.00445042503998, 0.000623649859335, 0.00103359576315, 0.00141847552732, 0.00248707458377, 0.00107247801498, 0.00201259087771, 0.000806369294878, 0.00155917182565, 0.00056340394076, 0.000421235599788, 0.000574807578232, 0.000480930932099, 0.000260194821749, 0.000215060004848, 0.000217246444663, 0.000350366492057, 0.000198605266633, 5.83639630349e-05, 0.000100606368505, 2.79555952147e-05, 2.52530498983e-05, 2.84474481305e-05, 2.57890133071e-05, 1.53479195433e-05, 1.21019720609e-05, 1.35993250296e-05, 8.54985410115e-06, 8.15713701741e-06],
        "mean": [0.00276133278385, 0.00312315695919, 0.00084867188707, 0.000455554923974, 0.00034619361395, 0.000499417597894, 0.000495977408718, 0.000242581023485, 0.000474841741379, 0.000200236579985, 0.000198852008907, 0.000186317120097, 2.12835111597e-05, 3.36969060299e-05, 4.7845642257e-05, 9.99748444883e-05, 4.36345872004e-05, 7.10356180207e-05, 3.18042293657e-05, 5.00265377923e-05, 2.90303232759e-05, 1.86999477592e-05, 1.73618627741e-05, 1.20229169625e-05, 9.03048567125e-06, 7.50480603529e-06, 6.16773922957e-06, 6.02836962571e-06, 3.36080256602e-06, 2.21138225243e-06, 1.75987793227e-06, 1.27250143578e-06, 1.05264700778e-06, 7.67473636643e-07, 6.37650600765e-07, 5.28440011749e-07, 4.12601963262e-07, 3.66855175571e-07, 2.86620064571e-07, 2.17560142346e-07],
        "median": [0.001383747207, 0.000679984223098, 0.000208373981877, 0.000171404419234, 0.000160724535817, 0.000211954815313, 0.000224788615014, 0.000102485864772, 0.000150246778503, 6.70852969051e-05, 4.33851600974e-05, 3.3198048186e-05, 8.75640580489e-06, 1.13708683784e-05, 1.55946072482e-05, 1.79303206096e-05, 9.83611062111e-06, 2.50544726441e-05, 1.20154109027e-05, 1.00356555777e-05, 9.03799355001e-06, 6.87138708599e-06, 5.81539279665e-06, 4.64510139864e-06, 2.44468219535e-06, 2.52381414612e-06, 1.7151130578e-06, 1.49614447764e-06, 9.98560835797e-07, 5.93733886944e-07, 4.11373008546e-07, 3.05911214582e-07, 2.70674092917e-07, 1.73043446239e-07, 1.48081795714e-07, 1.10149386501e-07, 7.87248524148e-08, 6.95181796573e-08, 5.26184038563e-08, 3.66509951277e-08],
        "min": [1.42055736784e-23, 1.90425279613e-23, 7.36221163649e-24, 3.82753575719e-24, 7.55407049725e-24, 1.39221249111e-23, 6.90679592502e-24, 6.05118870974e-24, 5.34498307245e-24, 1.35632010878e-23, 6.57565696612e-24, 1.17696351008e-23, 1.69876431219e-23, 7.96152346568e-24, 9.58906894203e-24, 9.61601879714e-24, 1.04612580135e-23, 8.33242061977e-24, 8.84505162383e-24, 7.74384518749e-24, 8.5569201782e-24, 6.02467509472e-24, 1.11612624153e-23, 1.54688902419e-23, 1.60896653986e-23, 7.8411906232e-24, 1.03724985399e-23, 1.10257353229e-23, 7.94732475825e-24, 9.69957573308e-24, 9.28067244861e-24, 9.88560096745e-24, 8.32723701476e-24, 1.02242597429e-23, 1.06035866646e-23, 1.4544946373e-23, 1.17054036793e-23, 1.37810671149e-23, 9.23149722636e-24, 7.15135858285e-24],
        "var": [2.37338190345e-05, 6.86056591803e-05, 5.65309937883e-06, 7.0530791163e-07, 2.64482110879e-07, 4.65136480443e-07, 3.9681762587e-07, 1.91666913452e-07, 5.535547416e-07, 1.99719849547e-07, 2.11936210803e-07, 1.81034437219e-07, 1.38180067388e-09, 4.73218042529e-09, 1.06677582323e-08, 4.9172481198e-08, 9.08420716428e-09, 2.10950990009e-08, 2.93957369557e-09, 1.27797319394e-08, 2.4477391225e-09, 1.20740539788e-09, 1.11324516272e-09, 4.59820959087e-10, 3.69640207332e-10, 2.32084448881e-10, 1.86849966055e-10, 3.1717770077e-10, 8.07400327152e-11, 2.22953495943e-11, 2.08325318801e-11, 6.41753533995e-12, 4.01403780007e-12, 2.77385189471e-12, 2.19494604783e-12, 1.41682238858e-12, 8.75436225248e-13, 7.8182854071e-13, 4.26840610383e-13, 2.81093399425e-13]
    },
    "mfcc": {
        "mean": [-680.102050781, 139.309646606, -13.9493989944, 23.2855224609, 2.1308889389, -2.02505588531, -8.45299434662, -1.25501465797, 2.16438317299, 9.48863697052, 3.72843337059, 3.41299772263, 0.328458368778],
        "cov": [[10469.0507812, 1038.81225586, 123.323417664, 672.024169922, 431.93927002, 368.615875244, 166.246749878, 18.0962085724, 65.369758606, 55.9539337158, 140.098876953, 102.411384583, -7.17125749588], [1038.81225586, 1731.4498291, -245.675369263, 164.408599854, 133.871749878, 21.5658683777, -6.67864227295, 2.69033122063, 43.2307052612, 64.0274963379, 23.7861423492, 7.03822088242, 0.0418888032436], [123.323417664, -245.675369263, 1001.50817871, 341.151702881, 276.816589355, 219.793930054, 277.211669922, 187.787826538, 119.684776306, 49.5265312195, 74.5688705444, 55.3621330261, 82.4708786011], [672.024169922, 164.408599854, 341.151702881, 586.551147461, 313.215759277, 260.596496582, 197.145370483, 105.637390137, 76.800567627, 45.8523750305, 98.2794570923, 95.1741027832, 90.8322372437], [431.93927002, 133.871749878, 276.816589355, 313.215759277, 512.274414062, 259.664001465, 212.495330811, 63.650352478, 73.9146575928, 31.6134624481, 92.1145172119, 91.5546875, 83.1005935669], [368.615875244, 21.5658683777, 219.793930054, 260.596496582, 259.664001465, 394.14352417, 232.166000366, 132.630752563, 64.5983276367, 7.37095117569, 20.2998981476, 15.10962677, -1.03620862961], [166.246749878, -6.67864227295, 277.211669922, 197.145370483, 212.495330811, 232.166000366, 283.380187988, 155.462753296, 82.5850372314, 21.3963680267, 8.16574001312, 6.28939580917, 15.7213201523], [18.0962085724, 2.69033122063, 187.787826538, 105.637390137, 63.650352478, 132.630752563, 155.462753296, 183.887451172, 82.2157669067, 25.4467144012, -5.05196619034, -21.8765525818, -2.98581361771], [65.369758606, 43.2307052612, 119.684776306, 76.800567627, 73.9146575928, 64.5983276367, 82.5850372314, 82.2157669067, 129.096420288, 59.161895752, 33.8938179016, 6.57945394516, 9.92541885376], [55.9539337158, 64.0274963379, 49.5265312195, 45.8523750305, 31.6134624481, 7.37095117569, 21.3963680267, 25.4467144012, 59.161895752, 118.821716309, 48.1500663757, 13.9645195007, 5.06181573868], [140.098876953, 23.7861423492, 74.5688705444, 98.2794570923, 92.1145172119, 20.2998981476, 8.16574001312, -5.05196619034, 33.8938179016, 48.1500663757, 147.639312744, 87.87525177, 44.6858329773], [102.411384583, 7.03822088242, 55.3621330261, 95.1741027832, 91.5546875, 15.10962677, 6.28939580917, -21.8765525818, 6.57945394516, 13.9645195007, 87.87525177, 145.03666687, 85.0741195679], [-7.17125749588, 0.0418888032436, 82.4708786011, 90.8322372437, 83.1005935669, -1.03620862961, 15.7213201523, -2.98581361771, 9.92541885376, 5.06181573868, 44.6858329773, 85.0741195679, 135.486343384]],
