{
"lowlevel": {
    "average_loudness": 0.887719631195,
    "barkbands_crest": {
        "dmean": 2.52735114098,
        "dmean2": 3.84132814407,
        "dvar": 6.12384414673,
        "dvar2": 12.4986495972,
        "max": 26.6973114014,
        "mean": 12.2039785385,
        "median": 10.9380397797,
        "min": 2.01507401466,
        "var": 26.3736896515
    },
    "barkbands_flatness_db": {
        "dmean": 0.0279475655407,
        "dmean2": 0.0422633029521,
        "dvar": 0.00152204476763,
        "dvar2": 0.00316632958129,
        "max": 0.569683432579,
        "mean": 0.218087598681,
        "median": 0.216029465199,
        "min": 0.0170449595898,
        "var": 0.00696579320356
    },
    "barkbands_kurtosis": {
        "dmean": 5.9166636467,
        "dmean2": 9.01818084717,
        "dvar": 134.710968018,
        "dvar2": 276.932159424,
        "max": 267.843780518,
        "mean": 10.8482704163,
        "median": 5.86409521103,
        "min": -1.84666621685,
        "var": 268.567749023
    },
    "barkbands_skewness": {
        "dmean": 0.669967770576,
        "dmean2": 1.01096427441,
        "dvar": 0.730477690697,
        "dvar2": 1.54834127426,
        "max": 15.2131795883,
        "mean": 2.2495765686,
        "median": 1.97102713585,
        "min": -10.7451725006,
        "var": 2.7262403965
    },
    "barkbands_spread": {
        "dmean": 4.11456680298,
        "dmean2": 6.75054597855,
        "dvar": 74.9613571167,
        "dvar2": 201.81060791,
        "max": 101.41822052,
        "mean": 10.6549749374,
        "median": 7.7121219635,
        "min": 0.290402531624,
        "var": 97.44190979
    },
    "dissonance": {
        "dmean": 0.0298238266259,
        "dmean2": 0.0501003302634,
        "dvar": 0.000801807153039,
        "dvar2": 0.00222985027358,
        "max": 0.500000059605,
        "mean": 0.439894258976,
        "median": 0.448066115379,
        "min": 0.0958089530468,
        "var": 0.0017143257428
    },
    "dynamic_complexity": 3.14513206482,
    "erbbands_crest": {
        "dmean": 3.06011962891,
        "dmean2": 4.97266435623,
        "dvar": 7.59316587448,
        "dvar2": 19.0090408325,
        "max": 34.5657310486,
        "mean": 10.0674467087,
        "median": 9.31458950043,
        "min": 2.13976454735,
        "var": 19.7982578278
    },
    "erbbands_flatness_db": {
        "dmean": 0.0219677146524,
        "dmean2": 0.033011071384,
        "dvar": 0.000748386431951,
        "dvar2": 0.00151802401524,
        "max": 0.58763051033,
        "mean": 0.200329810381,
        "median": 0.189085364342,
        "min": 0.0510325171053,
        "var": 0.00700574135408
    },
    "erbbands_kurtosis": {
        "dmean": 1.42599380016,
        "dmean2": 2.31462454796,
        "dvar": 8.41803741455,
        "dvar2": 19.4951553345,
        "max": 107.634368896,
        "mean": 1.30194652081,
        "median": 0.445673942566,
        "min": -1.7737596035,
        "var": 13.492811203
    },
    "erbbands_skewness": {
        "dmean": 0.428615897894,
        "dmean2": 0.677817285061,
        "dvar": 0.188111573458,
        "dvar2": 0.488135159016,
        "max": 4.79173326492,
        "mean": 0.718064844608,
        "median": 0.693273425102,
        "min": -6.89421081543,
        "var": 0.680518209934
    },
    "erbbands_spread": {
        "dmean": 7.73811483383,
        "dmean2": 12.0682134628,
        "dvar": 93.2839355469,
        "dvar2": 210.0597229,
        "max": 140.738449097,
        "mean": 31.0986423492,
        "median": 25.2958545685,
        "min": 0.397515952587,
        "var": 380.776824951
    },
    "hfc": {
        "dmean": 6.59356880188,
        "dmean2": 10.273601532,
        "dvar": 302.195739746,
        "dvar2": 827.65246582,
        "max": 207.133102417,
        "mean": 14.1150407791,
        "median": 9.99004173279,
        "min": 1.146370288e-16,
        "var": 290.198852539
    },
    "melbands_crest": {
        "dmean": 2.79270839691,
        "dmean2": 4.30573558807,
        "dvar": 7.95154857635,
        "dvar2": 16.0776519775,
        "max": 36.0881004333,
        "mean": 15.872882843,
        "median": 13.436003685,
        "min": 1.86963880062,
        "var": 55.4684791565
    },
    "melbands_flatness_db": {
        "dmean": 0.0314270183444,
        "dmean2": 0.0474463552237,
        "dvar": 0.00231728586368,
        "dvar2": 0.0049906889908,
        "max": 0.619358360767,
        "mean": 0.31089797616,
        "median": 0.304546415806,
        "min": 0.00467371800914,
        "var": 0.0102827847004
    },
    "melbands_kurtosis": {
        "dmean": 10.2264413834,
        "dmean2": 15.6295127869,
        "dvar": 409.099182129,
        "dvar2": 880.26550293,
        "max": 536.421020508,
        "mean": 20.9161987305,
        "median": 11.2535161972,
        "min": -1.85005903244,
        "var": 891.752197266
    },
    "melbands_skewness": {
        "dmean": 0.797282397747,
        "dmean2": 1.19665312767,
        "dvar": 0.902162373066,
        "dvar2": 1.85613787174,
        "max": 16.148393631,
        "mean": 3.01976203918,
        "median": 2.58237528801,
        "min": -6.39679574966,
        "var": 4.26441955566
    },
    "melbands_spread": {
        "dmean": 3.62467670441,
        "dmean2": 5.94230079651,
        "dvar": 54.0658569336,
        "dvar2": 147.797683716,
        "max": 167.082885742,
        "mean": 10.4752197266,
        "median": 8.23460388184,
        "min": 0.465446293354,
        "var": 109.350837708
    },
    "pitch_salience": {
        "dmean": 0.0743873640895,
        "dmean2": 0.114756666124,
        "dvar": 0.00533823063597,
        "dvar2": 0.0112553769723,
        "max": 0.872686505318,
        "mean": 0.518910050392,
        "median": 0.546637892723,
        "min": 0.0572648607194,
        "var": 0.0215796604753
    },
    "silence_rate_20dB": {
        "dmean": 0,
        "dmean2": 0,
        "dvar": 0,
        "dvar2": 0,
        "max": 1,
        "mean": 1,
        "median": 1,
        "min": 1,
        "var": 0
    },
    "silence_rate_30dB": {
        "dmean": 0.0562065765262,
        "dmean2": 0.11242480576,
        "dvar": 0.0530543811619,
        "dvar2": 0.115133829415,
        "max": 1,
        "mean": 0.898693501949,
        "median": 1,
        "min": 0,
        "var": 0.0910407826304
    },
    "silence_rate_60dB": {
        "dmean": 0.0049777040258,
        "dmean2": 0.00995644088835,
        "dvar": 0.00495127402246,
        "dvar2": 0.0125538976863,
        "max": 1,
        "mean": 0.0596225634217,
        "median": 0,
        "min": 0,
        "var": 0.0560546070337
    },
    "spectral_centroid": {
        "dmean": 181.684066772,
        "dmean2": 292.50579834,
        "dvar": 113843.757812,
        "dvar2": 280854.46875,
        "max": 11338.0458984,
        "mean": 737.635375977,
        "median": 573.016845703,
        "min": 158.401992798,
        "var": 263598
    },
    "spectral_complexity": {
        "dmean": 3.1737010479,
        "dmean2": 5.3389339447,
        "dvar": 27.0335159302,
        "dvar2": 69.3281402588,
        "max": 53,
        "mean": 13.2334089279,
        "median": 12,
        "min": 0,
        "var": 49.5393753052
    },
    "spectral_decrease": {
        "dmean": 3.61236685009e-09,
        "dmean2": 5.05256370076e-09,
        "dvar": 3.96315962672e-17,
        "dvar2": 6.3739692502e-17,
        "max": 1.39697848503e-16,
        "mean": -1.16020650864e-08,
        "median": -6.83448408978e-09,
        "min": -7.28835942709e-08,
        "var": 1.49387124561e-16
    },
    "spectral_energy": {
        "dmean": 0.013921183534,
        "dmean2": 0.0192507375032,
        "dvar": 0.000552257464733,
        "dvar2": 0.000872007047292,
        "max": 0.278351515532,
        "mean": 0.0450691282749,
        "median": 0.0268764980137,
        "min": 1.03909079534e-20,
        "var": 0.00218635122292
    },
    "spectral_energyband_high": {
        "dmean": 0.000419702351792,
        "dmean2": 0.000742055475712,
        "dvar": 2.9856000765e-06,
        "dvar2": 8.53272103996e-06,
        "max": 0.0189594645053,
        "mean": 0.00044645080925,
        "median": 3.46640154021e-05,
        "min": 7.66862666909e-21,
        "var": 1.98829729925e-06
    },
    "spectral_energyband_low": {
        "dmean": 0.00981312058866,
        "dmean2": 0.0144351068884,
        "dvar": 0.00062918610638,
        "dvar2": 0.00109628774226,
        "max": 0.260849803686,
        "mean": 0.0276433620602,
        "median": 0.00789134576917,
        "min": 1.93373158152e-23,
        "var": 0.00192693178542
    },
    "spectral_energyband_middle_high": {
        "dmean": 0.00101867609192,
        "dmean2": 0.00166272791103,
        "dvar": 3.78042068405e-06,
        "dvar2": 9.99076291919e-06,
        "max": 0.049655739218,
        "mean": 0.00207390636206,
        "median": 0.00140469206963,
        "min": 1.59728636869e-21,
        "var": 5.45543252883e-06
    },
    "spectral_energyband_middle_low": {
        "dmean": 0.00807484146208,
        "dmean2": 0.0125494645908,
        "dvar": 0.0002063808206,
        "dvar2": 0.000530810502823,
        "max": 0.154771342874,
        "mean": 0.017156990245,
        "median": 0.0123874675483,
        "min": 2.8328603476e-22,
        "var": 0.000276225153357
    },
    "spectral_entropy": {
        "dmean": 0.234768033028,
        "dmean2": 0.364161878824,
        "dvar": 0.119807384908,
        "dvar2": 0.282437682152,
        "max": 9.80519008636,
        "mean": 6.94345569611,
        "median": 6.85864686966,
        "min": 4.14916610718,
        "var": 0.489155501127
    },
    "spectral_flux": {
        "dmean": 0.0319551080465,
        "dmean2": 0.0461541935802,
        "dvar": 0.00207059388049,
        "dvar2": 0.00346613582224,
        "max": 0.543890237808,
        "mean": 0.085247606039,
        "median": 0.0648179799318,
        "min": 1.01935800079e-10,
        "var": 0.005638347473
    },
    "spectral_kurtosis": {
        "dmean": 6.81142902374,
        "dmean2": 11.5621614456,
        "dvar": 125.666702271,
        "dvar2": 357.339233398,
        "max": 193.719985962,
        "mean": 16.0734004974,
        "median": 8.21390342712,
        "min": -1.20471191406,
        "var": 449.202453613
    },
    "spectral_rms": {
        "dmean": 0.000901708495803,
        "dmean2": 0.00122183037456,
        "dvar": 1.33972821459e-06,
        "dvar2": 1.99460191652e-06,
        "max": 0.0164791513234,
        "mean": 0.00587103888392,
        "median": 0.00512064201757,
        "min": 3.18393944022e-12,
        "var": 9.50062621996e-06
    },
    "spectral_rolloff": {
        "dmean": 282.347869873,
        "dmean2": 511.209503174,
        "dvar": 832743.8125,
        "dvar2": 2300693.25,
        "max": 19013.8183594,
        "mean": 688.167297363,
        "median": 473.73046875,
        "min": 64.599609375,
        "var": 1376612.5
    },
    "spectral_skewness": {
        "dmean": 0.534632265568,
        "dmean2": 0.895141899586,
        "dvar": 0.484745055437,
        "dvar2": 1.33444321156,
        "max": 10.1774358749,
        "mean": 2.5735771656,
        "median": 2.18894052505,
        "min": -0.0125323329121,
        "var": 1.91766309738
    },
    "spectral_spread": {
        "dmean": 567916.8125,
        "dmean2": 856732.9375,
        "dvar": 941875003392,
        "dvar2": 1.64571329331e+12,
        "max": 40449504,
        "mean": 3493104,
        "median": 3112924,
        "min": 366826.71875,
        "var": 3.84364655411e+12
    },
    "spectral_strongpeak": {
        "dmean": 0.340088188648,
        "dmean2": 0.552904427052,
        "dvar": 0.213461399078,
        "dvar2": 0.501960396767,
        "max": 5.80098676682,
        "mean": 0.773295044899,
        "median": 0.639538347721,
        "min": 0,
        "var": 0.424949735403
    },
    "zerocrossingrate": {
        "dmean": 0.00636254297569,
        "dmean2": 0.00827581528574,
        "dvar": 0.0001043536613,
        "dvar2": 0.000146424281411,
        "max": 0.76953125,
        "mean": 0.0317878983915,
        "median": 0.0244140625,
        "min": 0.001953125,
        "var": 0.00139814475551
    },
    "barkbands": {
        "dmean": [0.000412242778111, 0.00832199957222, 0.00410514231771, 0.00286742649041, 0.00285730999894, 0.00284724100493, 0.000980551121756, 0.00072312366683, 0.00078635517275, 0.000365378160495, 0.000356810342055, 0.00013152982865, 0.000126810264192, 0.000160820607562, 0.000124933460029, 0.000113708971185, 0.000109170920041, 7.56891313358e-05, 7.9252422438e-05, 8.05207091616e-05, 6.199816562e-05, 8.55986509123e-05, 6.37738557998e-05, 5.23154849361e-05, 7.00022865203e-05, 6.92774920026e-05, 6.72907481203e-06],
        "dmean2": [0.000518883403856, 0.0127006871626, 0.0071739340201, 0.00513120181859, 0.00445182528347, 0.00445220759138, 0.00153469608631, 0.00109663547482, 0.00118094158825, 0.000563923618756, 0.000578571984079, 0.000216344487853, 0.000217032720684, 0.000273636105703, 0.000218567001866, 0.000198225257918, 0.000188802616321, 0.000136092916364, 0.000141736163641, 0.000145779617014, 0.000108303938759, 0.000153863089508, 0.000115322007332, 9.25456042751e-05, 0.000124950165628, 0.000124629412312, 1.20664299175e-05],
        "dvar": [8.88258455234e-07, 0.000549194170162, 0.00027592756669, 0.000111514993478, 2.82782439172e-05, 3.32756608259e-05, 2.69477322945e-06, 1.82437565854e-06, 1.95597476704e-06, 6.52031474146e-07, 7.33823924293e-07, 9.89577273458e-08, 8.08496167792e-08, 1.10479518867e-07, 7.78059572326e-08, 7.84174858381e-08, 5.88225326226e-08, 3.7702047706e-08, 4.74093511116e-08, 7.76555424409e-08, 4.71342929131e-08, 1.1528993582e-07, 6.46722639885e-08, 4.5301476348e-08, 8.3303788756e-08, 9.18064770872e-08, 8.12102163295e-10],
        "dvar2": [1.23601694213e-06, 0.00112677121069, 0.000780043657869, 0.000319207028951, 6.77806237945e-05, 8.47143382998e-05, 6.35505648461e-06, 3.66992549061e-06, 3.83517499358e-06, 1.39104815844e-06, 1.83771965112e-06, 2.34556523537e-07, 2.07955139331e-07, 2.89587205771e-07, 2.18455582512e-07, 2.22219441071e-07, 1.61546807931e-07, 1.07923646908e-07, 1.35033900506e-07, 2.23396142474e-07, 1.32168011646e-07, 3.32245093659e-07, 1.85780706374e-07, 1.28883243633e-07, 2.36740902437e-07, 2.63226951347e-07, 2.28072827291e-09],
        "max": [0.0141186695546, 0.245982408524, 0.158860400319, 0.122771859169, 0.0959725305438, 0.0857064798474, 0.0246904529631, 0.035722758621, 0.0448162183166, 0.0247708074749, 0.0189501270652, 0.0101596210152, 0.00517638912424, 0.0068958629854, 0.00465908553451, 0.00907474476844, 0.00697113387287, 0.00418986845762, 0.00255100079812, 0.00492926780134, 0.00408968469128, 0.00394286727533, 0.00254260888323, 0.00227613700554, 0.00357313454151, 0.00337113533169, 0.000399868498789],
        "mean": [0.00130366533995, 0.0191891379654, 0.00512681948021, 0.00336824078113, 0.00502979988232, 0.00424611382186, 0.00156892510131, 0.00117584131658, 0.0012949090451, 0.000562170811463, 0.000519328459632, 0.000182868490811, 0.000163410761161, 0.000201151924557, 0.000156512134708, 0.00014016852947, 0.000147566141095, 9.52494592639e-05, 9.85253864201e-05, 9.43908162299e-05, 7.53638742026e-05, 9.05459601199e-05, 6.40281650703e-05, 5.33102283953e-05, 6.22712177574e-05, 5.36665829713e-05, 5.19615286976e-06],
        "median": [4.82954856125e-05, 0.00287562282756, 0.00167415896431, 0.0014786880929, 0.00259762746282, 0.00204171822406, 0.000727784121409, 0.000424885307439, 0.00051938497927, 0.000191317230929, 0.000128469691845, 7.49756582081e-05, 6.73396862112e-05, 8.5955412942e-05, 6.79802760715e-05, 5.20152025274e-05, 6.05944369454e-05, 3.37701530952e-05, 2.8619022487e-05, 2.0861523808e-05, 1.10948858492e-05, 5.91283105678e-06, 3.15722149935e-06, 2.43897829932e-06, 2.05248761631e-06, 7.7607876392e-07, 3.28072857769e-08],
        "min": [9.76043714078e-24, 1.03839638443e-23, 1.69863604341e-24, 2.99290829769e-24, 5.52658279714e-23, 4.14186622012e-23, 1.56777348557e-23, 4.90720771077e-23, 3.61529777935e-23, 6.8774136962e-23, 4.24281391026e-23, 4.18244806498e-23, 8.84740511146e-23, 9.56248606502e-23, 1.70962250924e-22, 1.41413225354e-22, 2.10729006835e-22, 2.75415020462e-22, 2.56380728208e-22, 3.28547061726e-22, 3.78192135841e-22, 3.80030497294e-22, 4.99228793712e-22, 6.95004834803e-22, 1.06924039775e-21, 1.66020763105e-21, 2.35545495538e-21],
        "var": [7.17509828974e-06, 0.00131052627694, 0.000186632285477, 7.29977182345e-05, 5.52061028429e-05, 4.46492667834e-05, 5.10847576152e-06, 4.55784311271e-06, 5.54016605747e-06, 1.55981445005e-06, 1.52084339788e-06, 1.32340090886e-07, 9.81680301493e-08, 1.2985384501e-07, 7.46898365378e-08, 7.34099856459e-08, 6.45266098331e-08, 3.14806918311e-08, 3.92860748377e-08, 5.4847145492e-08, 3.93827370715e-08, 7.99818522523e-08, 4.27414477144e-08, 3.00428197875e-08, 5.40047757625e-08, 5.49278489359e-08, 5.21291176891e-10]
    },
    "erbbands": {
        "dmean": [0.244970470667, 1.983710289, 3.96323037148, 8.07355690002, 7.9152598381, 10.3396062851, 18.169090271, 21.7087306976, 16.9307899475, 17.560125351, 14.4777412415, 16.5810165405, 16.9883480072, 4.84127187729, 13.9998006821, 6.05356311798, 5.81446218491, 8.30142021179, 5.12022542953, 7.39189052582, 5.80055999756, 5.29687690735, 4.16212034225, 5.05820989609, 3.27682995796, 3.28038859367, 2.51897621155, 2.71477627754, 2.88490772247, 2.74207282066, 1.72642958164, 1.11636471748, 0.888075590134, 0.654846489429, 0.567364037037, 0.350158900023, 0.112979523838, 0.0193000566214, 0.00120330869686, 3.13748278131e-05],
        "dmean2": [0.355302810669, 3.00294828415, 6.4653544426, 14.2762956619, 13.2747526169, 15.8640432358, 28.3321399689, 33.6680297852, 25.9887886047, 26.4553623199, 22.344461441, 25.0697937012, 25.8912773132, 7.85768985748, 22.5417098999, 9.85944461823, 9.85414028168, 14.018327713, 8.85643672943, 12.8346328735, 10.0500297546, 9.23834323883, 7.50229072571, 8.96354866028, 5.90976142883, 5.81401968002, 4.42883205414, 4.76814746857, 5.16356229782, 5.02225160599, 3.12137293816, 1.9578666687, 1.58765351772, 1.16414141655, 1.01598167419, 0.63027960062, 0.203511968255, 0.0346015542746, 0.00218687276356, 5.18026427017e-05],
        "dvar": [0.371694117785, 36.5763664246, 232.891525269, 916.682678223, 533.104248047, 431.506713867, 1874.12988281, 1907.41931152, 840.349975586, 890.865478516, 804.742248535, 895.596984863, 1312.2434082, 111.166442871, 1189.91540527, 215.873962402, 149.876815796, 284.895874023, 169.95765686, 233.208175659, 235.16973877, 149.820999146, 148.577682495, 159.482391357, 99.5890579224, 106.215621948, 74.693031311, 96.9217224121, 126.263092041, 134.0572052, 46.4857788086, 18.6273097992, 13.6446094513, 6.61853027344, 5.66041183472, 2.31736683846, 0.243901088834, 0.0068529881537, 2.9455517506e-05, 8.92219187421e-09],
        "dvar2": [0.631382524967, 76.9657363892, 604.307434082, 2613.32470703, 1489.8314209, 961.695373535, 4392.984375, 4747.41503906, 1829.4888916, 1887.35180664, 1888.34448242, 1851.41296387, 2710.64794922, 285.140441895, 2887.67651367, 503.15145874, 380.267486572, 728.96862793, 474.339904785, 644.041564941, 661.518432617, 424.975860596, 429.469573975, 453.39364624, 283.059234619, 300.418365479, 209.136642456, 274.506469727, 362.770965576, 387.918060303, 133.607452393, 52.9162750244, 38.9141349792, 18.7664718628, 16.0984287262, 6.63654279709, 0.698906421661, 0.0195088740438, 8.3711303887e-05, 2.49652796214e-08],
        "max": [6.40512418747, 62.381778717, 152.396408081, 299.831359863, 264.192321777, 552.275878906, 1158.18078613, 745.666442871, 498.019744873, 704.708435059, 649.307434082, 607.159545898, 1213.72106934, 271.169403076, 812.172912598, 515.549133301, 231.714981079, 361.176361084, 235.604690552, 266.224243164, 671.668701172, 306.324249268, 273.598388672, 164.476623535, 131.436904907, 198.964233398, 183.651229858, 142.89112854, 136.385498047, 127.617652893, 67.6038131714, 47.6607475281, 40.7088813782, 29.209318161, 31.9140491486, 15.749420166, 5.42881965637, 1.20740675926, 0.0830937474966, 0.00139637826942],
        "mean": [0.798053622246, 3.29394841194, 5.22250938416, 10.6103496552, 11.5501594543, 18.2380905151, 27.4939632416, 33.004447937, 26.2013969421, 28.832195282, 24.4359550476, 27.4007225037, 28.7260303497, 8.41988658905, 20.7865715027, 9.05183124542, 8.0790643692, 10.9755678177, 6.70042276382, 9.72437381744, 7.77096271515, 7.23884344101, 5.23233413696, 6.50375080109, 4.14551067352, 4.2097864151, 3.1973772049, 3.11646175385, 3.08831095695, 2.66072750092, 1.73781120777, 1.16231358051, 0.871211588383, 0.619520902634, 0.482862859964, 0.275817781687, 0.0864652693272, 0.0152418045327, 0.000897676916793, 6.69516593916e-05],
        "median": [0.057746194303, 0.71830201149, 2.04610586166, 4.36947917938, 5.7314658165, 8.17641639709, 12.1190471649, 15.6600761414, 11.0596094131, 12.7796411514, 11.0155506134, 11.6812496185, 9.99060344696, 4.15479564667, 5.02658748627, 4.0798330307, 3.78092384338, 4.79054260254, 3.07645130157, 4.78916025162, 3.34888124466, 3.25564742088, 2.04553413391, 2.04780435562, 1.23170423508, 0.97685277462, 0.56728887558, 0.342114776373, 0.218423992395, 0.140383392572, 0.0881435200572, 0.0572165511549, 0.0376103781164, 0.0242730379105, 0.0132553949952, 0.00477215414867, 0.00116499885917, 0.000180416624062, 2.15620893869e-05, 3.3516487747e-05],
        "min": [3.35046139625e-22, 2.35082448071e-21, 2.71088170146e-21, 5.84738296709e-21, 3.91422576718e-20, 3.01460183981e-19, 1.45441564443e-19, 4.79214421679e-19, 3.63275287759e-19, 5.84725548111e-19, 9.69722030069e-19, 7.83570306491e-19, 1.60291338274e-18, 1.99187945276e-18, 1.41347785553e-18, 1.67803544443e-18, 3.81227443837e-18, 4.16534697026e-18, 8.16684600478e-18, 7.41179802319e-18, 1.1295099152e-17, 1.29393100438e-17, 1.19571306737e-17, 1.40156986683e-17, 1.17375837043e-17, 1.6597603984e-17, 1.55808137227e-17, 1.39885075872e-17, 1.47608064204e-17, 1.35814404272e-17, 1.27575685371e-17, 1.32202280245e-17, 1.2336087755e-17, 1.09893235668e-17, 8.39591134155e-18, 5.56197029702e-18, 3.38430711266e-18, 1.36157982011e-18, 3.37303212392e-19, 3.54279259158e-20],
        "var": [2.14350342751, 55.3982849121, 191.147247314, 623.711547852, 444.968566895, 1046.50280762, 3012.82763672, 2660.22485352, 1637.21105957, 2106.52514648, 1712.55725098, 2281.61108398, 3543.83544922, 232.104415894, 2458.19189453, 300.971252441, 195.470092773, 373.242462158, 150.746292114, 241.621810913, 209.371185303, 141.136245728, 108.969581604, 147.615493774, 77.5350112915, 88.053314209, 64.1954574585, 75.5121383667, 89.7769851685, 84.9291687012, 30.8329372406, 12.8414697647, 8.82002639771, 4.46762514114, 3.62561893463, 1.40465843678, 0.145266920328, 0.00418607704341, 1.79218241101e-05, 9.58760804082e-09]
    },
    "gfcc": {
        "mean": [-56.364315033, 147.974197388, -101.106254578, 21.5469779968, -45.0090332031, -2.88872408867, -31.5180625916, 2.56897640228, -15.8943986893, -1.16104149818, -12.3035078049, -3.73245382309, -7.19538450241],
        "cov": [[14959.4160156, -3808.1315918, 1381.55419922, 1875.30358887, -1080.59265137, 1381.78735352, -575.891601562, 996.853393555, -426.792114258, 793.499328613, -316.82522583, 706.403747559, -215.170410156], [-3808.1315918, 4117.04785156, -611.269836426, -1040.03662109, 663.849731445, -948.135620117, 455.488189697, -612.457763672, 281.480560303, -507.370697021, 218.834671021, -531.990722656, 161.783309937], [1381.55419922, -611.269836426, 996.88092041, 196.983947754, 60.9351539612, 353.467895508, -24.5901489258, 249.198669434, -82.9641876221, 184.310180664, -47.7210845947, 178.514312744, -60.2850837708], [1875.30358887, -1040.03662109, 196.983947754, 680.481933594, -189.935958862, 282.579559326, -130.232299805, 204.648208618, -36.1491851807, 140.600387573, -54.0295448303, 121.296379089, -26.4525680542], [-1080.59265137, 663.849731445, 60.9351539612, -189.935958862, 397.753173828, -102.062026978, 127.913589478, -53.4533576965, 78.4300384521, -46.2255554199, 33.7984390259, -78.8605499268, 0.344827741385], [1381.78735352, -948.135620117, 353.467895508, 282.579559326, -102.062026978, 506.328216553, 2.65523743629, 211.604949951, -83.8762130737, 151.27583313, -26.8889369965, 160.804519653, -31.0695877075], [-575.891601562, 455.488189697, -24.5901489258, -130.232299805, 127.913589478, 2.65523743629, 241.607727051, -20.4646492004, 66.9756011963, -40.4334182739, 45.374835968, -36.433555603, 40.8396263123], [996.853393555, -612.457763672, 249.198669434, 204.648208618, -53.4533576965, 211.604949951, -20.4646492004, 242.202606201, 13.2059211731, 136.547195435, -32.4039573669, 101.491798401, -22.9881706238], [-426.792114258, 281.480560303, -82.9641876221, -36.1491851807, 78.4300384521, -83.8762130737, 66.9756011963, 13.2059211731, 145.606262207, 17.184431076, 32.4115600586, -46.8328895569, 28.5392093658], [793.499328613, -507.370697021, 184.310180664, 140.600387573, -46.2255554199, 151.27583313, -40.4334182739, 136.547195435, 17.184431076, 171.106521606, 11.9544906616, 96.4169006348, -17.2309303284], [-316.82522583, 218.834671021, -47.7210845947, -54.0295448303, 33.7984390259, -26.8889369965, 45.374835968, -32.4039573669, 32.4115600586, 11.9544906616, 104.49596405, 12.4110174179, 34.6387748718], [706.403747559, -531.990722656, 178.514312744, 121.296379089, -78.8605499268, 160.804519653, -36.433555603, 101.491798401, -46.8328895569, 96.4169006348, 12.4110174179, 165.733154297, 19.2581233978], [-215.170410156, 161.783309937, -60.2850837708, -26.4525680542, 0.344827741385, -31.0695877075, 40.8396263123, -22.9881706238, 28.5392093658, -17.2309303284, 34.6387748718, 19.2581233978, 87.4395370483]],
        "icov": [[0.000223025534069, -0.000414876383729, 0.000120688317111, -0.000455959001556, 0.000448827515356, -0.0002787047124, 0.000145858561154, -0.000377256335923, 0.000607306021266, -0.00100891082548, 0.000837803876493, -0.000683983729687, 0.000415315269493], [-0.000414876383729, 0.00238905078731, -0.00094962347066, 0.00141173205338, -0.00142865814269, 0.001675837324, -0.00120513653383, 0.00130249117501, -0.00170327303931, 0.00361470715143, -0.00374601455405, 0.0040213977918, -0.00229592714459], [0.000120688317111, -0.00094962347066, 0.00229328707792, -0.000441581039922, -0.000510200567078, -0.000995730399154, 0.000375933566829, -0.00149911083281, 0.00183772330638, -0.00227781850845, 0.00201325444505, -0.0024395857472, 0.00127110816538], [-0.000455959001556, 0.00141173205338, -0.000441581039922, 0.00368666090071, -0.000600543862674, -0.000106665276689, 0.000608110625762, -7.46743680793e-05, -0.00213751080446, 0.00269791577011, -0.00211579399183, 0.00243565090932, -0.00173134892248], [0.000448827515356, -0.00142865814269, -0.000510200567078, -0.000600543862674, 0.00526696722955, -0.000682334240992, -0.000648485205602, -0.0004217842652, -0.000454213208286, -0.00196030805819, 0.00179385114461, -0.00164525758009, 0.00255683599971], [-0.0002787047124, 0.001675837324, -0.000995730399154, -0.000106665276689, -0.000682334240992, 0.00654466589913, -0.00350990495645, -0.00120644993149, 0.00248487829231, 0.000412045541452, -0.00251350621693, 0.00177488429472, -0.000979979871772], [0.000145858561154, -0.00120513653383, 0.000375933566829, 0.000608110625762, -0.000648485205602, -0.00350990495645, 0.00844047684222, -0.00136478047352, -0.00262913061306, 0.00168446404859, -0.000248322321568, -0.00114302698057, -0.000973591406364], [-0.000377256335923, 0.00130249117501, -0.00149911083281, -7.46743680793e-05, -0.0004217842652, -0.00120644993149, -0.00136478047352, 0.0135759012774, -0.00634914310649, -0.00168580096215, 0.00216294033453, -0.00122340163216, 0.000537847401574], [0.000607306021266, -0.00170327303931, 0.00183772330638, -0.00213751080446, -0.000454213208286, 0.00248487829231, -0.00262913061306, -0.00634914310649, 0.0190724562854, -0.0107710268348, 0.00126400997397, 0.00424643652514, -0.00407380238175], [-0.00100891082548, 0.00361470715143, -0.00227781850845, 0.00269791577011, -0.00196030805819, 0.000412045541452, 0.00168446404859, -0.00168580096215, -0.0107710268348, 0.0244326218963, -0.0107618011534, -0.000189370373846, 0.00163437356241], [0.000837803876493, -0.00374601455405, 0.00201325444505, -0.00211579399183, 0.00179385114461, -0.00251350621693, -0.000248322321568, 0.00216294033453, 0.00126400997397, -0.0107618011534, 0.0210442561656, -0.00934299174696, 0.000712916254997], [-0.000683983729687, 0.0040213977918, -0.0024395857472, 0.00243565090932, -0.00164525758009, 0.00177488429472, -0.00114302698057, -0.00122340163216, 0.00424643652514, -0.000189370373846, -0.00934299174696, 0.0241295062006, -0.0122559256852], [0.000415315269493, -0.00229592714459, 0.00127110816538, -0.00173134892248, 0.00255683599971, -0.000979979871772, -0.000973591406364, 0.000537847401574, -0.00407380238175, 0.00163437356241, 0.000712916254997, -0.0122559256852, 0.021365493536]]
    },
    "melbands": {
        "dmean": [0.00225346139632, 0.00202946434729, 0.00135516771115, 0.000576798280235, 0.000617191719357, 0.000512516940944, 0.000240336856223, 0.00018673784507, 0.000134702815558, 9.77218805929e-05, 8.38974810904e-05, 1.6517822587e-05, 4.89394260512e-05, 1.8827515305e-05, 1.6645710275e-05, 1.10501478048e-05, 1.70858238562e-05, 8.32353907754e-06, 9.69412394625e-06, 9.84380858426e-06, 6.86973589836e-06, 5.87866634305e-06, 4.84565134684e-06, 3.68801920558e-06, 4.45696969109e-06, 2.32459910876e-06, 2.98077020489e-06, 2.07845982914e-06, 1.65940571151e-06, 1.56872226853e-06, 1.7053796455e-06, 1.49297272856e-06, 1.8544114937e-06, 1.49875631905e-06, 1.06661036625e-06, 8.45956833473e-07, 6.3910465542e-07, 6.13367603819e-07, 6.39030417915e-07, 5.10169513745e-07],
        "dmean2": [0.00339125958271, 0.00296284514479, 0.00236356537789, 0.000923590851016, 0.000945295090787, 0.000794360879809, 0.000370757537894, 0.000280083331745, 0.00020774762379, 0.000146980004502, 0.000128067011246, 2.73257101071e-05, 7.92650462245e-05, 3.01493146253e-05, 2.77642720903e-05, 1.88132871699e-05, 2.89566996798e-05, 1.44131645357e-05, 1.70674156834e-05, 1.69716513483e-05, 1.19551532407e-05, 1.01760879261e-05, 8.67862763698e-06, 6.59607258058e-06, 7.89823479863e-06, 4.16744296672e-06, 5.3852295423e-06, 3.67530560652e-06, 2.96713665193e-06, 2.73317755273e-06, 3.00781607621e-06, 2.62165463027e-06, 3.41081613442e-06, 2.74057902061e-06, 1.93231949197e-06, 1.52226698447e-06, 1.11254450985e-06, 1.09102290935e-06, 1.16458488719e-06, 8.98820474049e-07],
        "dvar": [3.49025540345e-05, 4.33408858953e-05, 2.39141318161e-05, 1.35143659463e-06, 1.81280222478e-06, 1.01571902178e-06, 1.64006053183e-07, 1.04808101753e-07, 6.95040540677e-08, 3.12990806606e-08, 3.23227276056e-08, 1.4319210262e-09, 1.40159768236e-08, 1.81633008633e-09, 1.46132350665e-09, 6.22710827347e-10, 1.20013166072e-09, 4.63399540962e-10, 5.13708908745e-10, 4.4765427476e-10, 4.14797973747e-10, 1.60983948394e-10, 1.91458737753e-10, 8.73148844893e-11, 1.25081847657e-10, 4.42766240338e-11, 9.55334561459e-11, 3.96446556139e-11, 3.33989433332e-11, 2.77041809632e-11, 3.82738285509e-11, 2.64203242617e-11, 6.53305395892e-11, 3.86668821961e-11, 1.69460695476e-11, 1.14116216476e-11, 5.64223017266e-12, 6.16045756074e-12, 7.00780449295e-12, 3.65731360127e-12],
        "dvar2": [6.69904620736e-05, 9.28746521822e-05, 6.72357346048e-05, 3.49526976606e-06, 4.17902174377e-06, 2.55017562267e-06, 3.60419875278e-07, 2.12718617831e-07, 1.62488760225e-07, 6.24157650009e-08, 6.66778134928e-08, 3.73595288039e-09, 3.49281599199e-08, 4.15364898032e-09, 3.63479513155e-09, 1.6447287976e-09, 3.06452418997e-09, 1.28882915451e-09, 1.45523759709e-09, 1.25823840236e-09, 1.17122223031e-09, 4.48652781593e-10, 5.54354562254e-10, 2.48138093406e-10, 3.55911300431e-10, 1.25302365706e-10, 2.75161421426e-10, 1.11325365593e-10, 9.5213434359e-11, 7.61452012554e-11, 1.09174370932e-10, 7.4232744951e-11, 1.90628027252e-10, 1.116120113e-10, 4.87369623825e-11, 3.28546218009e-11, 1.58905458236e-11, 1.74953159598e-11, 2.01033287239e-11, 1.02923867346e-11],
        "max": [0.0652147606015, 0.0689155682921, 0.048797454685, 0.0228035766631, 0.0339590273798, 0.0167604777962, 0.00687639601529, 0.00851316191256, 0.0063638407737, 0.00523099442944, 0.00602879282087, 0.000985270133242, 0.00288233184256, 0.00113662937656, 0.000767404562794, 0.000565144349821, 0.000822960981168, 0.000408934458392, 0.000423301622504, 0.000494001316838, 0.000990857952274, 0.000323419400956, 0.000317983998684, 0.000156116599101, 0.000146704172948, 7.1737311373e-05, 0.000146759033669, 0.000129738458782, 0.000118879288493, 0.000127407809487, 6.36426848359e-05, 5.8213921875e-05, 9.70219844021e-05, 7.01306053088e-05, 4.24273312092e-05, 3.56250566256e-05, 2.61910336121e-05, 2.93824523396e-05, 3.14077151415e-05, 2.21149584831e-05],
        "mean": [0.00604163855314, 0.00334615097381, 0.00186399836093, 0.000991249573417, 0.000998374889605, 0.000782654213253, 0.000378984143026, 0.00030176481232, 0.000216350046685, 0.000165188830579, 0.000138206218253, 2.62275152636e-05, 7.16345748515e-05, 2.8410451705e-05, 2.24679915846e-05, 1.47277987708e-05, 2.16890584852e-05, 1.00403431134e-05, 1.19897822515e-05, 1.26217555589e-05, 8.69138057169e-06, 7.9385636127e-06, 5.6862618294e-06, 4.61952640762e-06, 5.51580205865e-06, 2.72566398962e-06, 3.40995939041e-06, 2.61158652393e-06, 1.97888175535e-06, 1.86868874152e-06, 1.84926921065e-06, 1.7077073835e-06, 1.72219506567e-06, 1.40727547659e-06, 1.04775085674e-06, 8.13557562651e-07, 6.72279725222e-07, 6.04215529165e-07, 5.77336322749e-07, 4.89821445626e-07],
        "median": [0.000693634501658, 0.00141060410533, 0.000887177651748, 0.000531430356205, 0.000445580109954, 0.000379316159524, 0.000162632757565, 0.000128714425955, 9.43265331443e-05, 6.84387196088e-05, 4.43954268121e-05, 1.19604583233e-05, 1.74812321347e-05, 9.12559244171e-06, 9.63684215094e-06, 5.93970526097e-06, 8.83748180058e-06, 4.02069827032e-06, 5.36378456673e-06, 5.08948960487e-06, 3.02047055811e-06, 3.19003993354e-06, 2.05834271583e-06, 1.55416296366e-06, 1.59377452746e-06, 7.44432099964e-07, 8.19973820398e-07, 5.31303726348e-07, 3.49108233877e-07, 2.55086433754e-07, 1.67116510852e-07, 1.27562174157e-07, 9.18291220842e-08, 7.00436117995e-08, 5.31567536655e-08, 4.00048136839e-08, 3.17136645833e-08, 2.69091415817e-08, 2.21246718723e-08, 1.88995308292e-08],
        "min": [3.97787016319e-24, 2.0452063049e-24, 1.56434056012e-24, 1.14452720627e-23, 8.01636428695e-24, 1.12108557338e-23, 4.56136020364e-24, 6.33162994484e-24, 6.53181207701e-24, 5.54424973154e-24, 8.78215022183e-24, 7.63297157613e-24, 5.74090328888e-24, 3.68239205595e-24, 6.35108917122e-24, 6.42581559819e-24, 7.36854618956e-24, 1.36189987974e-23, 1.29867764801e-23, 8.47297038953e-24, 1.41352041302e-23, 1.49961432563e-23, 6.02350481957e-24, 1.37711937318e-23, 1.12159967403e-23, 8.69541338758e-24, 7.86679310388e-24, 1.24427448677e-23, 7.64674508753e-24, 1.08877745946e-23, 6.095273807e-24, 9.00623720601e-24, 6.42241284667e-24, 8.91384423907e-24, 7.58179501376e-24, 7.53094819525e-24, 6.80544386477e-24, 8.21339965297e-24, 8.51428855716e-24, 9.65105999855e-24],
        "var": [0.000121613244119, 5.59534892091e-05, 1.6658077584e-05, 2.01527495847e-06, 3.29695058099e-06, 1.42540363868e-06, 3.23786878198e-07, 2.49764184446e-07, 1.44890464071e-07, 8.83018955733e-08, 8.67386944492e-08, 2.72214140118e-09, 2.9873330476e-08, 3.41667627524e-09, 1.83853277047e-09, 7.38320737881e-10, 1.55753776543e-09, 3.94739629872e-10, 4.84557560743e-10, 4.91695795191e-10, 3.56376456123e-10, 1.72597450221e-10, 1.39012815148e-10, 7.88279025388e-11, 1.15084677899e-10, 3.50953779926e-11, 6.7115112079e-11, 3.45857162354e-11, 2.60893077975e-11, 2.51392882206e-11, 2.83805322993e-11, 2.29292036746e-11, 3.96323113216e-11, 2.44437595165e-11, 1.12599764582e-11, 7.303912683e-12, 4.06772835901e-12, 4.06379617457e-12, 4.38325460997e-12, 2.61084513384e-12]
    },
    "mfcc": {
        "mean": [-698.612609863, 172.321243286, 11.0008010864, 27.7657222748, 7.93904399872, 0.694860517979, -4.33076095581, 0.190762832761, -0.189284399152, 1.81508398056, -0.720323979855, -0.686138451099, -1.41180884838],
        "cov": [[9008.22167969, -2293.22753906, 326.433532715, 761.348999023, -88.0519790649, 255.909698486, 83.9201202393, 194.063796997, 171.566955566, 184.556030273, 167.233917236, 96.899810791, 188.551864624], [-2293.22753906, 3089.50854492, -400.775421143, -283.958740234, -26.1961250305, -224.42868042, 18.219078064, -111.713691711, -50.0482635498, -3.15584969521, -15.6608352661, -30.5753269196, -57.308883667], [326.433532715, -400.775421143, 588.236083984, 11.5662202835, 88.2507629395, 108.69719696, 66.33203125, 77.4906463623, 38.7695884705, 16.8370323181, 29.1738185883, 10.5699100494, 38.357624054], [761.348999023, -283.958740234, 11.5662202835, 369.375823975, 34.4006614685, 12.7273588181, -24.7009506226, 21.5330734253, 33.049407959, 50.8701553345, 34.4224853516, 22.2681903839, 8.37335014343], [-88.0519790649, -26.1961250305, 88.2507629395, 34.4006614685, 209.698364258, 44.9626998901, 20.8523693085, 26.9229030609, 17.3164901733, 25.9520740509, 33.2447242737, 19.1330699921, 2.21240067482], [255.909698486, -224.42868042, 108.69719696, 12.7273588181, 44.9626998901, 169.453918457, 98.3411102295, 55.7341461182, 27.0744476318, 17.9516105652, 20.1505584717, 27.7331676483, 29.9816017151], [83.9201202393, 18.219078064, 66.33203125, -24.7009506226, 20.8523693085, 98.3411102295, 173.644256592, 80.8845825195, 34.3021583557, 14.9711236954, 15.522228241, 29.2723999023, 36.2339324951], [194.063796997, -111.713691711, 77.4906463623, 21.5330734253, 26.9229030609, 55.7341461182, 80.8845825195, 109.595779419, 59.091129303, 19.4237499237, 14.1935424805, 20.1273670197, 25.90051651], [171.566955566, -50.0482635498, 38.7695884705, 33.049407959, 17.3164901733, 27.0744476318, 34.3021583557, 59.091129303, 113.660598755, 62.1522789001, 28.6983623505, 15.4084005356, 9.61756706238], [184.556030273, -3.15584969521, 16.8370323181, 50.8701553345, 25.9520740509, 17.9516105652, 14.9711236954, 19.4237499237, 62.1522789001, 102.30834198, 60.0123100281, 20.5322723389, 2.05664467812], [167.233917236, -15.6608352661, 29.1738185883, 34.4224853516, 33.2447242737, 20.1505584717, 15.522228241, 14.1935424805, 28.6983623505, 60.0123100281, 89.5777893066, 39.6250305176, 8.14322948456], [96.899810791, -30.5753269196, 10.5699100494, 22.2681903839, 19.1330699921, 27.7331676483, 29.2723999023, 20.1273670197, 15.4084005356, 20.5322723389, 39.6250305176, 72.9165802002, 44.0086669922], [188.551864624, -57.308883667, 38.357624054, 8.37335014343, 2.21240067482, 29.9816017151, 36.2339324951, 25.90051651, 9.61756706238, 2.05664467812, 8.14322948456, 44.0086669922, 84.5691986084]],
