{
"lowlevel": {
    "average_loudness": 0.877185046673,
    "barkbands_crest": {
        "dmean": 2.73752713203,
        "dmean2": 4.39570379257,
        "dvar": 6.76422071457,
        "dvar2": 16.3500652313,
        "max": 25.1635799408,
        "mean": 10.3403110504,
        "median": 9.5465297699,
        "min": 2.33801937103,
        "var": 17.4183425903
    },
    "barkbands_flatness_db": {
        "dmean": 0.0288318693638,
        "dmean2": 0.0450090505183,
        "dvar": 0.00102191744372,
        "dvar2": 0.00221390835941,
        "max": 0.604389846325,
        "mean": 0.168916910887,
        "median": 0.150322198868,
        "min": 0.0395692139864,
        "var": 0.0074142110534
    },
    "barkbands_kurtosis": {
        "dmean": 5.01591730118,
        "dmean2": 8.08492183685,
        "dvar": 79.7436676025,
        "dvar2": 190.107208252,
        "max": 197.559646606,
        "mean": 7.86344909668,
        "median": 3.44364261627,
        "min": -1.88551867008,
        "var": 163.303482056
    },
    "barkbands_skewness": {
        "dmean": 0.727880597115,
        "dmean2": 1.13152980804,
        "dvar": 0.688170492649,
        "dvar2": 1.53468644619,
        "max": 11.6579113007,
        "mean": 1.94367897511,
        "median": 1.77798366547,
        "min": -3.50179100037,
        "var": 2.4062731266
    },
    "barkbands_spread": {
        "dmean": 5.77318143845,
        "dmean2": 9.28768157959,
        "dvar": 48.0253829956,
        "dvar2": 120.958091736,
        "max": 126.749542236,
        "mean": 20.1766376495,
        "median": 17.0851345062,
        "min": 0.605448067188,
        "var": 266.159912109
    },
    "dissonance": {
        "dmean": 0.0213568266481,
        "dmean2": 0.0355889201164,
        "dvar": 0.000719769624993,
        "dvar2": 0.00192613631953,
        "max": 0.5,
        "mean": 0.457186579704,
        "median": 0.470968306065,
        "min": 0.156085401773,
        "var": 0.00194478663616
    },
    "dynamic_complexity": 3.32488179207,
    "erbbands_crest": {
        "dmean": 2.54206085205,
        "dmean2": 3.96278047562,
        "dvar": 8.13477420807,
        "dvar2": 18.3987159729,
        "max": 32.7292366028,
        "mean": 8.9124917984,
        "median": 7.07017707825,
        "min": 2.2174217701,
        "var": 32.2959251404
    },
    "erbbands_flatness_db": {
        "dmean": 0.0186703391373,
        "dmean2": 0.0269917715341,
        "dvar": 0.000544464564882,
        "dvar2": 0.00101518514566,
        "max": 0.608068585396,
        "mean": 0.158428579569,
        "median": 0.131024196744,
        "min": 0.0396107546985,
        "var": 0.00761753879488
    },
    "erbbands_kurtosis": {
        "dmean": 1.57771909237,
        "dmean2": 2.35415315628,
        "dvar": 9.70459365845,
        "dvar2": 21.7017917633,
        "max": 52.1101150513,
        "mean": 1.35638570786,
        "median": -0.00396060943604,
        "min": -1.78168118,
        "var": 18.6280441284
    },
    "erbbands_skewness": {
        "dmean": 0.460113614798,
        "dmean2": 0.683551549911,
        "dvar": 0.277766048908,
        "dvar2": 0.592825472355,
        "max": 5.58134651184,
        "mean": 0.34293615818,
        "median": 0.312930375338,
        "min": -5.65530490875,
        "var": 1.01187062263
    },
    "erbbands_spread": {
        "dmean": 9.60565185547,
        "dmean2": 14.3318805695,
        "dvar": 104.779571533,
        "dvar2": 211.741577148,
        "max": 125.273834229,
        "mean": 41.9685058594,
        "median": 41.1707115173,
        "min": 1.05233502388,
        "var": 479.680206299
    },
    "hfc": {
        "dmean": 7.39492416382,
        "dmean2": 11.1236114502,
        "dvar": 137.035873413,
        "dvar2": 328.261383057,
        "max": 182.583709717,
        "mean": 18.0535392761,
        "median": 13.2165327072,
        "min": 1.16569362415e-16,
        "var": 301.986022949
    },
    "melbands_crest": {
        "dmean": 3.3090763092,
        "dmean2": 5.48877573013,
        "dvar": 9.9694108963,
        "dvar2": 25.0759181976,
        "max": 33.7803039551,
        "mean": 14.501584053,
        "median": 13.853055954,
        "min": 1.78414607048,
        "var": 25.815164566
    },
    "melbands_flatness_db": {
        "dmean": 0.0352860838175,
        "dmean2": 0.0545659922063,
        "dvar": 0.0017006106209,
        "dvar2": 0.00358625268564,
        "max": 0.67997699976,
        "mean": 0.231517270207,
        "median": 0.209793910384,
        "min": 0.00543051259592,
        "var": 0.00940932426602
    },
    "melbands_kurtosis": {
        "dmean": 11.924706459,
        "dmean2": 19.1023540497,
        "dvar": 389.057983398,
        "dvar2": 910.031982422,
        "max": 435.718811035,
        "mean": 21.919298172,
        "median": 11.8525810242,
        "min": -1.90995395184,
        "var": 848.047668457
    },
    "melbands_skewness": {
        "dmean": 0.986348748207,
        "dmean2": 1.53834176064,
        "dvar": 1.24596107006,
        "dvar2": 2.76046657562,
        "max": 15.1598024368,
        "mean": 3.20663976669,
        "median": 2.90020823479,
        "min": -2.64063358307,
        "var": 4.20436000824
    },
    "melbands_spread": {
        "dmean": 7.27809047699,
        "dmean2": 11.802271843,
        "dvar": 114.983901978,
        "dvar2": 286.711425781,
        "max": 202.958389282,
        "mean": 19.8314380646,
        "median": 14.4765548706,
        "min": 0.576768517494,
        "var": 434.682189941
    },
    "pitch_salience": {
        "dmean": 0.079581849277,
        "dmean2": 0.128839835525,
        "dvar": 0.00603462243453,
        "dvar2": 0.0149225406349,
        "max": 0.884075343609,
        "mean": 0.563700914383,
        "median": 0.578216254711,
        "min": 0.125574082136,
        "var": 0.0163481011987
    },
    "silence_rate_20dB": {
        "dmean": 0,
        "dmean2": 0,
        "dvar": 0,
        "dvar2": 0,
        "max": 1,
        "mean": 1,
        "median": 1,
        "min": 1,
        "var": 0
    },
    "silence_rate_30dB": {
        "dmean": 0.0262602586299,
        "dmean2": 0.0525266751647,
        "dvar": 0.0255686156452,
        "dvar2": 0.0715681612492,
        "max": 1,
        "mean": 0.984526991844,
        "median": 1,
        "min": 0,
        "var": 0.0152323478833
    },
    "silence_rate_60dB": {
        "dmean": 0.0189917944372,
        "dmean2": 0.0379880405962,
        "dvar": 0.0186318010092,
        "dvar2": 0.0454514995217,
        "max": 1,
        "mean": 0.0832258835435,
        "median": 0,
        "min": 0,
        "var": 0.0762999877334
    },
    "spectral_centroid": {
        "dmean": 275.43145752,
        "dmean2": 436.608032227,
        "dvar": 123271.640625,
        "dvar2": 281678.09375,
        "max": 10828.1484375,
        "mean": 1143.54125977,
        "median": 1000.97515869,
        "min": 158.45375061,
        "var": 521899.875
    },
    "spectral_complexity": {
        "dmean": 4.13294267654,
        "dmean2": 6.56571674347,
        "dvar": 26.4745140076,
        "dvar2": 56.8381919861,
        "max": 57,
        "mean": 16.2442855835,
        "median": 15,
        "min": 0,
        "var": 106.607719421
    },
    "spectral_decrease": {
        "dmean": 3.65308649997e-09,
        "dmean2": 5.88491788633e-09,
        "dvar": 3.4747643998e-17,
        "dvar2": 8.52245971824e-17,
        "max": 8.23255004762e-29,
        "mean": -7.88678011787e-09,
        "median": -6.33137808848e-09,
        "min": -5.37146682689e-08,
        "var": 5.0943373862e-17
    },
    "spectral_energy": {
        "dmean": 0.0142772616819,
        "dmean2": 0.02291793935,
        "dvar": 0.000518258486409,
        "dvar2": 0.00126400066074,
        "max": 0.205418273807,
        "mean": 0.0314041413367,
        "median": 0.0254119355232,
        "min": 1.07525345151e-20,
        "var": 0.00077799562132
    },
    "spectral_energyband_high": {
        "dmean": 0.000353596231434,
        "dmean2": 0.000559526553843,
        "dvar": 6.00840337484e-07,
        "dvar2": 1.46628428865e-06,
        "max": 0.00988833419979,
        "mean": 0.000700950564351,
        "median": 0.000395563576603,
        "min": 7.85979020892e-21,
        "var": 1.03599461454e-06
    },
    "spectral_energyband_low": {
        "dmean": 0.00858965981752,
        "dmean2": 0.0142127275467,
        "dvar": 0.000290649273666,
        "dvar2": 0.000739246432204,
        "max": 0.173881426454,
        "mean": 0.014569291845,
        "median": 0.00965649541467,
        "min": 6.48156455613e-23,
        "var": 0.000366609165212
    },
    "spectral_energyband_middle_high": {
        "dmean": 0.00259866379201,
        "dmean2": 0.00386754493229,
        "dvar": 2.46934214374e-05,
        "dvar2": 5.43452333659e-05,
        "max": 0.0894854292274,
        "mean": 0.00504812644795,
        "median": 0.00253641582094,
        "min": 1.44650998285e-21,
        "var": 5.73975485167e-05
    },
    "spectral_energyband_middle_low": {
        "dmean": 0.00804400257766,
        "dmean2": 0.0138304065913,
        "dvar": 0.000231574624195,
        "dvar2": 0.00063441687962,
        "max": 0.122531458735,
        "mean": 0.0133515605703,
        "median": 0.00997494161129,
        "min": 2.54708191628e-22,
        "var": 0.000208677520277
    },
    "spectral_entropy": {
        "dmean": 0.221987858415,
        "dmean2": 0.341456621885,
        "dvar": 0.0779731273651,
        "dvar2": 0.165939122438,
        "max": 9.80822944641,
        "mean": 7.45028209686,
        "median": 7.61346530914,
        "min": 4.69143915176,
        "var": 0.406502991915
    },
    "spectral_flux": {
        "dmean": 0.0378869697452,
        "dmean2": 0.0573626160622,
        "dvar": 0.00235333642922,
        "dvar2": 0.0041296062991,
        "max": 0.426669716835,
        "mean": 0.0881575345993,
        "median": 0.0718846097589,
        "min": 6.83965939441e-11,
        "var": 0.00465409830213
    },
    "spectral_kurtosis": {
        "dmean": 4.465487957,
        "dmean2": 7.13042116165,
        "dvar": 417.961334229,
        "dvar2": 915.204101562,
        "max": 520.626281738,
        "mean": 9.49450683594,
        "median": 3.45249557495,
        "min": -1.26054036617,
        "var": 1158.96875
    },
    "spectral_rms": {
        "dmean": 0.00109596538823,
        "dmean2": 0.00169510953128,
        "dvar": 2.01729130822e-06,
        "dvar2": 4.58487056676e-06,
        "max": 0.0141565557569,
        "mean": 0.00498020648956,
        "median": 0.00497916992754,
        "min": 3.23886989277e-12,
        "var": 5.83547807764e-06
    },
    "spectral_rolloff": {
        "dmean": 422.202850342,
        "dmean2": 732.035766602,
        "dvar": 625037.3125,
        "dvar2": 1595683.375,
        "max": 19056.8847656,
        "mean": 1329.33618164,
        "median": 796.728515625,
        "min": 64.599609375,
        "var": 4338715.5
    },
    "spectral_skewness": {
        "dmean": 0.3637791574,
        "dmean2": 0.559023201466,
        "dvar": 0.739936828613,
        "dvar2": 1.49245429039,
        "max": 17.9158153534,
        "mean": 1.86908972263,
        "median": 1.579241395,
        "min": -0.143582969904,
        "var": 2.42024612427
    },
    "spectral_spread": {
        "dmean": 550933.25,
        "dmean2": 838528.25,
        "dvar": 471376297984,
        "dvar2": 1.03520180634e+12,
        "max": 45432712,
        "mean": 4897138.5,
        "median": 4937139,
        "min": 185891.75,
        "var": 3.3296393175e+12
    },
    "spectral_strongpeak": {
        "dmean": 0.506232082844,
        "dmean2": 0.847923755646,
        "dvar": 1.43414378166,
        "dvar2": 3.4731554985,
        "max": 16.6800575256,
        "mean": 0.842934429646,
        "median": 0.425281882286,
        "min": 0,
        "var": 2.38816046715
    },
    "zerocrossingrate": {
        "dmean": 0.00950889103115,
        "dmean2": 0.0115822674707,
        "dvar": 0.000117856870929,
        "dvar2": 0.000162401483976,
        "max": 0.74462890625,
        "mean": 0.0592540241778,
        "median": 0.0478515625,
        "min": 0.00341796875,
        "var": 0.00328803551383
    },
    "barkbands": {
        "dmean": [5.84582812735e-05, 0.004307909403, 0.00492984801531, 0.00345583818853, 0.00406233873218, 0.000933313625865, 0.000551839882974, 0.00050075748004, 0.000498653098475, 0.000405941100325, 0.00020576021052, 0.000774688320234, 0.000449515093351, 0.000587423739489, 0.000240226567257, 0.00026793795405, 0.00017172266962, 0.000245577801252, 0.000124954443891, 0.000102561010863, 0.000112174391688, 8.61887237988e-05, 6.59794750391e-05, 4.1974530177e-05, 3.53687719326e-05, 2.56983457803e-05, 1.78486217806e-07],
        "dmean2": [9.63674392551e-05, 0.00713169621304, 0.00874567404389, 0.00634876079857, 0.00684037385508, 0.00150844058953, 0.000880900188349, 0.000805664050858, 0.000797919346951, 0.000675544608384, 0.00035366366501, 0.00105427391827, 0.000630401948001, 0.000900118611753, 0.000416442344431, 0.000451083033113, 0.000285972841084, 0.000395920185838, 0.000206788943615, 0.000174762724782, 0.000183257361641, 0.000139019364724, 0.000110644818051, 6.72892274451e-05, 5.47053896298e-05, 3.84709492209e-05, 3.11058244051e-07],
        "dvar": [1.00477981491e-08, 6.78922442603e-05, 0.000156361507834, 7.69158868934e-05, 7.59382310207e-05, 2.35710035668e-06, 7.68316567701e-07, 6.81284916482e-07, 6.31957107089e-07, 8.55043708725e-07, 3.49241901176e-07, 4.87075385536e-06, 1.59506441832e-06, 7.00821328792e-06, 2.72876377494e-06, 8.96987160104e-07, 1.26403080003e-07, 6.04532885973e-07, 7.98624100184e-08, 6.89083208272e-08, 9.01832777345e-08, 3.9985827982e-08, 1.84530168923e-08, 6.17016171489e-09, 4.73058214823e-09, 2.53649501403e-09, 3.31019662635e-13],
        "dvar2": [2.69717830292e-08, 0.000177747439011, 0.000437672337284, 0.000220508532948, 0.000201074639335, 5.7339561863e-06, 1.89924071492e-06, 1.64563550697e-06, 1.58859120347e-06, 1.85770625194e-06, 7.1651527378e-07, 6.82476775182e-06, 2.0581805984e-06, 1.48775507114e-05, 8.12659254734e-06, 2.49953677667e-06, 3.15135196161e-07, 1.39856445003e-06, 2.05398663411e-07, 1.88482545127e-07, 2.15458697994e-07, 9.49412211071e-08, 4.84895927855e-08, 1.5747660953e-08, 1.12696305621e-08, 5.7336264625e-09, 9.04080955065e-13],
        "max": [0.00122878851835, 0.0877632647753, 0.129285544157, 0.0854494199157, 0.101057559252, 0.0231113322079, 0.0120244296268, 0.0149458870292, 0.0094461645931, 0.026742471382, 0.0368745215237, 0.0480615459383, 0.0394341610372, 0.0689263045788, 0.0619775876403, 0.0358266867697, 0.00632804585621, 0.0162877850235, 0.00596666196361, 0.00454791868106, 0.00471205217764, 0.00278556509875, 0.00254049897194, 0.00110535102431, 0.00137283280492, 0.0012158760801, 1.46409065565e-05],
        "mean": [9.50062167249e-05, 0.00671756593511, 0.00556139787659, 0.00364561495371, 0.00520019279793, 0.00167080073152, 0.000968693406321, 0.000848481548019, 0.00087830866687, 0.000663353945129, 0.000252967409324, 0.00129516678862, 0.000691821565852, 0.000755913788453, 0.000285612157313, 0.000342759536579, 0.000237977816141, 0.000336439581588, 0.000182883872185, 0.000143002078403, 0.000168060942087, 0.000138930015964, 0.000108805877971, 8.41668661451e-05, 6.91910099704e-05, 6.07684632996e-05, 1.56083729053e-07],
        "median": [2.33461396419e-05, 0.00356918480247, 0.00261701806448, 0.00177540641744, 0.00263418396935, 0.000912453222554, 0.00054982630536, 0.00038136576768, 0.000462568714283, 0.000239582630456, 0.000102578364022, 0.00022881514451, 0.000163165983395, 0.000144124933286, 9.36585711315e-05, 0.000105151884782, 8.60275831656e-05, 9.03817635844e-05, 7.11083193892e-05, 5.94989978708e-05, 6.85011036694e-05, 6.65911647957e-05, 5.82029606448e-05, 3.76037896785e-05, 2.26638494496e-05, 1.10629616756e-05, 5.4238795677e-09],
        "min": [5.14906710005e-24, 6.51305651456e-24, 6.12753427372e-24, 6.68086773948e-24, 1.33898473262e-23, 2.04492042171e-23, 3.06134545221e-23, 6.15343139395e-24, 1.11090343013e-23, 4.26071063985e-23, 4.84875942858e-23, 7.1489774851e-23, 1.1005976566e-22, 9.22959181173e-23, 8.04906777795e-23, 9.49715954683e-23, 1.19196794426e-22, 2.64682018799e-22, 1.68577303526e-22, 2.89142361416e-22, 4.17055639705e-22, 4.58107708777e-22, 5.81678768477e-22, 7.70065568402e-22, 1.07301138007e-21, 1.38689814976e-21, 2.46621233914e-21],
        "var": [1.95179588047e-08, 9.65024519246e-05, 0.000115808681585, 4.97760920553e-05, 7.06396749592e-05, 5.27404608874e-06, 1.50514790676e-06, 1.63150673416e-06, 1.20727418107e-06, 2.75511456493e-06, 8.53258313782e-07, 1.54850567924e-05, 5.91762045588e-06, 1.22341025417e-05, 2.62961248154e-06, 1.08234189611e-06, 1.94777143747e-07, 1.00196507447e-06, 1.09009889115e-07, 7.38265413247e-08, 1.27268364736e-07, 6.01643179721e-08, 2.53185703514e-08, 1.32349038395e-08, 1.15822729185e-08, 9.40297528729e-09, 2.91011220113e-13]
    },
    "erbbands": {
        "dmean": [0.082430973649, 1.1388964653, 4.58151674271, 9.73266601562, 13.7287502289, 12.9910650253, 7.33938741684, 8.08503627777, 9.28936958313, 6.86519002914, 10.3416719437, 12.1477041245, 10.4385118484, 10.6525230408, 15.8563814163, 24.696138382, 23.6553211212, 22.8259735107, 18.0283966064, 16.078042984, 14.715382576, 9.54111099243, 12.4119701385, 9.40277194977, 4.85981273651, 5.21500921249, 4.95901203156, 3.93963265419, 3.23284268379, 2.54847455025, 1.80294680595, 1.02075755596, 0.658305883408, 0.45616003871, 0.234935820103, 0.117414131761, 0.0501613728702, 0.00775268860161, 0.00013778093853, 1.88007816178e-05],
        "dmean2": [0.130355894566, 1.86533224583, 7.91082811356, 17.568031311, 24.1180305481, 21.7891235352, 12.1021747589, 12.9938650131, 14.7466239929, 11.2222070694, 16.6109714508, 19.4075336456, 17.5910205841, 17.8842773438, 23.7338657379, 33.6433830261, 31.4253292084, 33.0984764099, 30.6427574158, 28.3318309784, 24.7416248322, 15.9144735336, 20.1467552185, 15.0950841904, 8.11485385895, 8.93733119965, 8.19339179993, 6.36672401428, 5.23841094971, 4.22808027267, 3.02410936356, 1.66250538826, 1.05599975586, 0.722275316715, 0.367853164673, 0.18219846487, 0.0762915164232, 0.0120597882196, 0.000211828955798, 2.91289852612e-05],
        "dvar": [0.0228782538325, 4.74724054337, 118.980987549, 631.029785156, 871.011779785, 836.266357422, 136.015060425, 201.707855225, 220.411056519, 104.653953552, 281.448577881, 383.714935303, 441.229248047, 803.969665527, 1707.34094238, 4843.21435547, 4474.57177734, 16222.671875, 3612.73168945, 22082.6367188, 1553.12792969, 325.261352539, 1378.18701172, 513.606750488, 114.400840759, 182.239242554, 174.407028198, 103.729789734, 61.228805542, 28.5827255249, 14.5131263733, 3.54853415489, 1.57526302338, 0.739270925522, 0.246001124382, 0.0583738535643, 0.00910746213049, 0.000258933025179, 7.87331160268e-08, 6.98563151769e-10],
        "dvar2": [0.0527042448521, 12.2916240692, 323.13458252, 1787.56103516, 2409.21386719, 2191.77099609, 345.221740723, 492.119232178, 550.261535645, 270.282501221, 695.02545166, 956.280212402, 1130.60668945, 1640.34240723, 2922.82788086, 6572.59667969, 5441.32324219, 30160.0839844, 10497.8164062, 66693.984375, 3995.74169922, 820.391479492, 3342.42260742, 1211.18896484, 301.998382568, 497.338897705, 430.86907959, 250.835388184, 146.241668701, 73.2871322632, 38.3799781799, 9.24407100677, 4.05723428726, 1.80011630058, 0.586488962173, 0.132129758596, 0.0212556309998, 0.000634104013443, 1.90957479163e-07, 1.66004598956e-09],
        "max": [1.86274755001, 23.5352802277, 125.924179077, 258.809967041, 282.975128174, 355.774108887, 134.761260986, 234.958526611, 212.782531738, 136.969863892, 266.747741699, 247.419219971, 568.951171875, 993.589477539, 1192.10290527, 2290.0390625, 2036.92687988, 3606.23901367, 1260.78991699, 5368.61572266, 869.626037598, 271.555480957, 745.804260254, 364.253173828, 195.79145813, 194.240859985, 202.939788818, 183.472915649, 132.846084595, 75.084274292, 65.0004959106, 32.7297096252, 19.0233154297, 16.0360069275, 11.1850471497, 6.21263980865, 2.10997915268, 0.322561085224, 0.00567920412868, 0.000273535959423],
        "mean": [0.142010971904, 1.7136503458, 5.76298522949, 10.9271888733, 15.6367349625, 16.1490383148, 12.6943817139, 14.6469678879, 16.2621002197, 12.5865564346, 19.237279892, 21.8130226135, 16.8164234161, 17.3136444092, 25.7698040009, 42.5324897766, 38.0148162842, 31.9054985046, 22.6861095428, 19.2514705658, 19.2481060028, 14.1689195633, 17.4285297394, 13.7522602081, 7.52176189423, 7.22850084305, 6.99355459213, 5.93647527695, 5.1003408432, 4.13760328293, 2.91910004616, 1.93438982964, 1.28463459015, 0.842842519283, 0.454919338226, 0.246176913381, 0.114623270929, 0.015728501603, 0.000296211568639, 4.7346966312e-05],
        "median": [0.0626505538821, 0.928165376186, 2.83705949783, 5.27534532547, 7.69105243683, 7.37111711502, 7.72452020645, 7.54632616043, 9.24468135834, 7.71655035019, 10.3775482178, 10.9947299957, 7.61000490189, 6.35918712616, 7.8652100563, 9.57397174835, 8.69097518921, 7.50012540817, 6.89173316956, 6.30213308334, 6.21841907501, 5.80638837814, 5.19398498535, 4.38869905472, 3.37106251717, 3.13282728195, 2.84108257294, 2.46263861656, 2.33649086952, 2.23139119148, 1.55858123302, 0.945396959782, 0.522568941116, 0.2446680516, 0.139640450478, 0.0611472763121, 0.0178272295743, 0.00155222287867, 5.43555324839e-05, 3.97404037358e-05],
        "min": [3.38647561026e-22, 1.42481507103e-21, 5.50254154792e-21, 2.30378573234e-20, 9.96674039812e-21, 7.51286015869e-20, 1.11342025967e-19, 1.82086854651e-19, 4.68959346638e-19, 2.34115119313e-19, 1.6641488397e-19, 2.11384803541e-19, 1.27743849122e-18, 1.49082213793e-18, 2.40651717649e-18, 4.41509885338e-18, 5.05316447121e-18, 5.47902021161e-18, 5.17884257116e-18, 4.14528246373e-18, 8.56305807357e-18, 6.89309994443e-18, 1.35883937074e-17, 1.07592805025e-17, 8.10481076757e-18, 1.17861648488e-17, 1.52048601343e-17, 1.55982209115e-17, 1.52978220003e-17, 1.48892907306e-17, 1.6620420934e-17, 1.54964164848e-17, 1.38214799692e-17, 1.01934302337e-17, 8.33813691167e-18, 4.24972311505e-18, 2.48196018425e-18, 1.46737704764e-18, 3.38811653787e-19, 3.51845700258e-20],
        "var": [0.0458902828395, 6.43674468994, 99.6266555786, 438.80758667, 681.795227051, 784.535339355, 232.064712524, 438.090423584, 427.0234375, 210.361541748, 672.706298828, 786.418823242, 966.874938965, 2758.28442383, 4788.49462891, 16189.0068359, 17194.9238281, 31930.3730469, 3831.67138672, 22719.640625, 1968.72961426, 521.284790039, 2155.47705078, 827.313415527, 158.993118286, 191.028549194, 221.166427612, 146.3465271, 88.2171401978, 40.0439071655, 18.8206501007, 6.94198846817, 3.18826937675, 1.65987980366, 0.566967904568, 0.165714383125, 0.0337011702359, 0.000783231167588, 2.41921327415e-07, 1.45339018598e-09]
    },
    "gfcc": {
        "mean": [-40.7844467163, 94.7535095215, -105.325737, 30.9486579895, -58.652053833, 13.4006633759, -38.508644104, 3.49090862274, -23.0369644165, 1.44207286835, -16.4913406372, 0.750265002251, -14.3476047516],
        "cov": [[33653.9375, 747.552246094, 976.348510742, 2238.40844727, -142.280853271, 1571.04138184, -824.758117676, 526.518554688, -1331.41711426, 220.251220703, -821.34375, 343.715667725, -719.325317383], [747.552246094, 2473.64794922, -33.2735176086, -188.275039673, 29.1068458557, -216.036300659, 251.635406494, -219.026641846, 233.641876221, -219.864044189, 205.956604004, -308.335327148, 185.972488403], [976.348510742, -33.2735176086, 1328.25341797, 695.053833008, 516.358520508, 453.513153076, -3.19009232521, 183.381988525, -129.113525391, 53.1496582031, -101.075706482, 67.2023391724, -99.0969696045], [2238.40844727, -188.275039673, 695.053833008, 1486.69360352, 327.459289551, 312.632019043, -22.0154724121, 101.676124573, -117.80242157, -35.796081543, -56.3649749756, -37.4319801331, -70.1837692261], [-142.280853271, 29.1068458557, 516.358520508, 327.459289551, 646.248352051, 217.832824707, -62.5296897888, 53.7281837463, -52.0517921448, 6.59145975113, -29.5739803314, 36.8594169617, -65.6705169678], [1571.04138184, -216.036300659, 453.513153076, 312.632019043, 217.832824707, 462.993713379, 44.5388374329, 139.319519043, -133.214141846, 72.9571914673, -79.7335662842, 35.7067070007, -75.7214584351], [-824.758117676, 251.635406494, -3.19009232521, -22.0154724121, -62.5296897888, 44.5388374329, 279.43057251, 33.4959106445, 85.7526245117, -27.5195350647, 61.66456604, -66.78125, 56.4323997498], [526.518554688, -219.026641846, 183.381988525, 101.676124573, 53.7281837463, 139.319519043, 33.4959106445, 192.010955811, -31.0894451141, 44.7324905396, -42.4243927002, 55.0052680969, -32.5785942078], [-1331.41711426, 233.641876221, -129.113525391, -117.80242157, -52.0517921448, -133.214141846, 85.7526245117, -31.0894451141, 179.536956787, -4.1079325676, 76.0940704346, -53.8941650391, 76.2399978638], [220.251220703, -219.864044189, 53.1496582031, -35.796081543, 6.59145975113, 72.9571914673, -27.5195350647, 44.7324905396, -4.1079325676, 109.24281311, -0.137525871396, 44.5500869751, -29.2751197815], [-821.34375, 205.956604004, -101.075706482, -56.3649749756, -29.5739803314, -79.7335662842, 61.66456604, -42.4243927002, 76.0940704346, -0.137525871396, 115.699790955, -25.7834854126, 42.9489555359], [343.715667725, -308.335327148, 67.2023391724, -37.4319801331, 36.8594169617, 35.7067070007, -66.78125, 55.0052680969, -53.8941650391, 44.5500869751, -25.7834854126, 128.689788818, -24.9591388702], [-719.325317383, 185.972488403, -99.0969696045, -70.1837692261, -65.6705169678, -75.7214584351, 56.4323997498, -32.5785942078, 76.2399978638, -29.2751197815, 42.9489555359, -24.9591388702, 121.091537476]],
        "icov": [[0.000143211320392, -0.000449795770692, 0.000288983836072, -0.000331282062689, 0.000325819797581, -0.000361684185918, 0.000266337039648, -0.00015704339603, 0.000499706773553, -0.000624471867923, 0.000874010904226, -0.000811658450402, 0.000427279155701], [-0.000449795770692, 0.00229125400074, -0.00126689812168, 0.00135024753399, -0.00111093209125, 0.00102887104731, -0.000711668108124, 0.000617858080659, -0.00168348441366, 0.00328377308324, -0.00399138685316, 0.00415807822719, -0.00177971262019], [0.000288983836072, -0.00126689812168, 0.0023537168745, -0.00122106587514, -0.000106959450932, -0.00140148866922, 0.000243899368797, -0.000640830723569, 0.000855852966197, -0.00196304079145, 0.00283128512092, -0.00275799422525, 0.00107426487375], [-0.000331282062689, 0.00135024753399, -0.00122106587514, 0.00191306055058, -0.000802744063549, 0.000388105981983, -6.60427613184e-05, -2.00824470085e-05, -0.000974228838459, 0.00273658358492, -0.0030330370646, 0.00323785212822, -0.00108127912972], [0.000325819797581, -0.00111093209125, -0.000106959450932, -0.000802744063549, 0.00348554179072, -0.00222830846906, 0.00192025804427, -0.000121328608657, -0.000465973076643, 0.00038469125866, 0.000997939496301, -0.00275812577456, 0.00212211464532], [-0.000361684185918, 0.00102887104731, -0.00140148866922, 0.000388105981983, -0.00222830846906, 0.00788305513561, -0.00397966755554, -0.000893599470146, 0.0040473472327, -0.00412732129917, 0.000198146168259, 0.0037900460884, -0.00215055514127], [0.000266337039648, -0.000711668108124, 0.000243899368797, -6.60427613184e-05, 0.00192025804427, -0.00397966755554, 0.00816439464688, -0.00271508167498, -0.00244374014437, 0.00325867626816, -0.00257054693066, 0.000770539976656, 0.000250881392276], [-0.00015704339603, 0.000617858080659, -0.000640830723569, -2.00824470085e-05, -0.000121328608657, -0.000893599470146, -0.00271508167498, 0.00935565680265, -0.00231267558411, -0.000689621490892, 0.00202830811031, -0.00308935600333, 0.000673084694427], [0.000499706773553, -0.00168348441366, 0.000855852966197, -0.000974228838459, -0.000465973076643, 0.0040473472327, -0.00244374014437, -0.00231267558411, 0.0169405434281, -0.00882335752249, 0.0008106790483, 0.00213663675822, -0.00416162330657], [-0.000624471867923, 0.00328377308324, -0.00196304079145, 0.00273658358492, 0.00038469125866, -0.00412732129917, 0.00325867626816, -0.000689621490892, -0.00882335752249, 0.0223422963172, -0.00998517591506, 0.00131986197084, 0.00192068249453], [0.000874010904226, -0.00399138685316, 0.00283128512092, -0.0030330370646, 0.000997939496301, 0.000198146168259, -0.00257054693066, 0.00202830811031, 0.0008106790483, -0.00998517591506, 0.0224497057498, -0.00817266665399, 0.0017182972515], [-0.000811658450402, 0.00415807822719, -0.00275799422525, 0.00323785212822, -0.00275812577456, 0.0037900460884, 0.000770539976656, -0.00308935600333, 0.00213663675822, 0.00131986197084, -0.00817266665399, 0.0214543491602, -0.00560928788036], [0.000427279155701, -0.00177971262019, 0.00107426487375, -0.00108127912972, 0.00212211464532, -0.00215055514127, 0.000250881392276, 0.000673084694427, -0.00416162330657, 0.00192068249453, 0.0017182972515, -0.00560928788036, 0.0149712711573]]
    },
    "melbands": {
        "dmean": [0.00097754469607, 0.00196800590493, 0.00170062284451, 0.00106601952575, 0.000285301124677, 0.00018214379088, 0.000128568310174, 8.75085388543e-05, 8.41192959342e-05, 7.11593165761e-05, 5.38597341802e-05, 4.62076386611e-05, 3.84225204471e-05, 8.88393551577e-05, 6.53237657389e-05, 4.25800317316e-05, 4.43717835878e-05, 3.62119062629e-05, 1.80026090675e-05, 1.88236754184e-05, 1.74581546162e-05, 9.60604847933e-06, 1.07897622001e-05, 1.37671795528e-05, 7.45356192056e-06, 4.52766153103e-06, 3.42324733538e-06, 3.56227496923e-06, 3.51192124981e-06, 2.54875703831e-06, 2.28171415984e-06, 2.07469793168e-06, 1.56522435191e-06, 1.49201457589e-06, 1.14810018204e-06, 8.16695205685e-07, 6.04067565746e-07, 4.94092034842e-07, 4.50175775768e-07, 3.93420947375e-07],
        "dmean2": [0.00160119205248, 0.00329157127999, 0.00307357963175, 0.00180449616164, 0.000473769381642, 0.000292328419164, 0.000204381882213, 0.000141497890581, 0.000135057518492, 0.000114428614324, 9.05491979211e-05, 7.73287683842e-05, 6.09771923337e-05, 0.000125040998682, 8.27625699458e-05, 6.10155475442e-05, 6.51542868582e-05, 6.19376878603e-05, 3.13201780955e-05, 3.3201828046e-05, 2.91773212666e-05, 1.62379565154e-05, 1.80182796612e-05, 2.17644719669e-05, 1.21408702398e-05, 7.56345298214e-06, 5.79071365792e-06, 6.15140015725e-06, 5.81076119488e-06, 4.24735117122e-06, 3.67998791262e-06, 3.37094911629e-06, 2.5942154025e-06, 2.52413747148e-06, 1.94202038983e-06, 1.35866071105e-06, 9.92172886072e-07, 8.11526888356e-07, 7.19290596862e-07, 6.35747994693e-07],
        "dvar": [3.35150821229e-06, 1.78411755769e-05, 1.7577838662e-05, 5.5413543123e-06, 2.18091969373e-07, 9.40513515957e-08, 4.10729512623e-08, 1.73839431739e-08, 1.69457656796e-08, 1.332412225e-08, 1.18177592157e-08, 1.52374504125e-08, 9.95153204286e-09, 7.57662235173e-08, 4.58046294227e-08, 2.38472690484e-08, 5.95982854179e-08, 1.85712814016e-08, 1.70443392733e-08, 1.99620249219e-08, 2.26679341964e-09, 3.31442928658e-10, 5.84548964788e-10, 3.08521475034e-09, 3.07931402599e-10, 1.10410729171e-10, 7.21875267895e-11, 8.90068505011e-11, 9.83345072036e-11, 5.26771577747e-11, 3.35389251094e-11, 2.8160992635e-11, 1.08653658987e-11, 9.33620455251e-12, 5.9142391505e-12, 2.59633720773e-12, 1.23583630308e-12, 9.09831563388e-13, 7.28026579994e-13, 5.67570296317e-13],
        "dvar2": [8.35921764519e-06, 4.62759380753e-05, 4.96860848216e-05, 1.46321026477e-05, 5.66595986129e-07, 2.28425918181e-07, 1.02256343837e-07, 4.33433413605e-08, 4.19431636089e-08, 3.37476748768e-08, 2.98827060874e-08, 3.06409582151e-08, 1.86261992496e-08, 1.1321063198e-07, 4.81933071228e-08, 4.0969695192e-08, 1.13298554538e-07, 5.43109841544e-08, 5.10200237613e-08, 6.02239040859e-08, 5.69918068294e-09, 8.68899174833e-10, 1.42869793773e-09, 7.15256787132e-09, 7.45418560211e-10, 2.89738122383e-10, 1.92047322489e-10, 2.49002568564e-10, 2.37777408874e-10, 1.36960845443e-10, 8.14475153987e-11, 6.84107423488e-11, 2.73672855211e-11, 2.45689735917e-11, 1.56914082422e-11, 6.97792648316e-12, 3.24305339527e-12, 2.39699839838e-12, 1.82847899148e-12, 1.43030628574e-12],
        "max": [0.0188016630709, 0.0485948845744, 0.0405429191887, 0.0270394925028, 0.00512901227921, 0.00487460009754, 0.00283829215914, 0.00219476991333, 0.001793731004, 0.00142040010542, 0.00324234063737, 0.00439645955339, 0.00562425656244, 0.0068966364488, 0.00596379768103, 0.00435503106564, 0.00794127210975, 0.00286848447286, 0.00483280047774, 0.00530356587842, 0.00116031395737, 0.00033973538666, 0.000401406257879, 0.00122796464711, 0.000297196645988, 0.000217148321099, 0.000146983205923, 0.000169716528035, 0.000184592630831, 0.00016348810459, 0.000104719387309, 9.35016796575e-05, 4.14559726778e-05, 4.54886976513e-05, 3.93871887354e-05, 3.26176959788e-05, 2.08542569453e-05, 1.87179848581e-05, 1.49069719555e-05, 1.39434087032e-05],
        "mean": [0.00160063058138, 0.00285903946497, 0.00197615777142, 0.00126834039111, 0.000478673900943, 0.000333836971549, 0.000227261843975, 0.000156128691742, 0.000163063843502, 0.00012408051407, 8.39714339236e-05, 7.47847516323e-05, 5.80619744142e-05, 0.000146320700878, 0.000106740109914, 6.27289045951e-05, 5.93784461671e-05, 4.28739476774e-05, 2.14275551116e-05, 2.2666876248e-05, 2.22496000788e-05, 1.31973083626e-05, 1.47032751556e-05, 1.80093302333e-05, 1.03683414636e-05, 6.46107037028e-06, 4.77261073684e-06, 4.61815307062e-06, 4.68742655357e-06, 3.53983000423e-06, 3.32894114763e-06, 3.01891464005e-06, 2.44950319939e-06, 2.27793407248e-06, 1.73362684563e-06, 1.36373671467e-06, 1.11037206807e-06, 9.06197385575e-07, 8.07225490007e-07, 6.74525495015e-07],
        "median": [0.00083429570077, 0.00167966110166, 0.00114338716958, 0.000576613354497, 0.00029834714951, 0.00018098243163, 0.000131086475449, 8.51867298479e-05, 9.11621682462e-05, 6.23520027148e-05, 3.46960805473e-05, 2.56204220932e-05, 2.1619749532e-05, 2.511920502e-05, 1.98383677343e-05, 1.47436639963e-05, 1.2021191651e-05, 1.0568000107e-05, 7.18201545169e-06, 7.14858788342e-06, 6.57097962176e-06, 5.10286054123e-06, 4.85383088744e-06, 3.7379263631e-06, 3.35363006343e-06, 2.48176479545e-06, 1.82917301572e-06, 1.96459268409e-06, 1.71821216099e-06, 1.45644412441e-06, 1.34377637551e-06, 1.21524089991e-06, 1.25386225136e-06, 1.17370416319e-06, 8.91799459168e-07, 6.78684386912e-07, 5.04970387283e-07, 3.72630751144e-07, 2.64177884901e-07, 1.83701686751e-07],
        "min": [2.66066236974e-24, 4.64512027126e-24, 3.2228902422e-24, 2.58462229214e-24, 3.79012205661e-24, 3.74670157466e-24, 7.09597581414e-24, 2.21052689873e-24, 1.43600709034e-24, 1.46056393589e-24, 6.31727070421e-24, 5.26460997912e-24, 5.95433946755e-24, 7.02944407425e-24, 1.03738127822e-23, 7.1482118167e-24, 9.03602459379e-24, 8.66969652207e-24, 4.63387269248e-24, 5.60367107365e-24, 9.63944717716e-24, 6.70934640702e-24, 8.01453807395e-24, 9.81370181796e-24, 8.77502128583e-24, 5.59722726335e-24, 5.7681383172e-24, 7.46279850165e-24, 9.30335851052e-24, 7.8602266257e-24, 8.82358356316e-24, 8.05087300725e-24, 9.489797108e-24, 8.26264350612e-24, 8.13448753004e-24, 9.70064542847e-24, 9.68187053892e-24, 9.59806353408e-24, 9.02748359677e-24, 7.94105646949e-24],
        "var": [5.53366680833e-06, 1.85230110219e-05, 1.20882750707e-05, 5.00027999806e-06, 3.22793596297e-07, 2.12126749943e-07, 8.14322902443e-08, 3.93192216563e-08, 4.05261495473e-08, 2.55694327933e-08, 2.69521045482e-08, 5.41290745559e-08, 2.64007447015e-08, 2.26061601438e-07, 1.8032783089e-07, 6.10168058301e-08, 1.13228367127e-07, 1.90646822773e-08, 1.77509615895e-08, 2.10539070622e-08, 2.85629853103e-09, 4.61134602725e-10, 8.97841301306e-10, 4.94383600724e-09, 4.4997289228e-10, 1.43637393646e-10, 8.80094677691e-11, 8.22211604357e-11, 1.2825443485e-10, 5.5713687136e-11, 4.61766805349e-11, 3.74688752247e-11, 1.54961390941e-11, 1.22365685293e-11, 7.14294942639e-12, 3.8986335861e-12, 2.37189825072e-12, 1.64317582978e-12, 1.45631087484e-12, 1.1431979495e-12]
    },
    "mfcc": {
        "mean": [-672.143371582, 120.372314453, 12.6459131241, 20.4505634308, 2.05144143105, 7.83144855499, -3.48584246635, 2.78479719162, -3.87742137909, -1.37394273281, -0.249569103122, 1.08551621437, -1.87651228905],
        "cov": [[15821.7285156, 778.265869141, 474.425292969, 946.729064941, 1089.96948242, 832.082763672, 570.741882324, 439.523529053, 39.3618850708, -34.2030258179, -4.6946721077, -67.9802093506, -131.303497314], [778.265869141, 1831.84387207, 251.586105347, 15.0963888168, 49.402961731, 92.7553100586, 99.7174911499, 32.0129623413, 36.9853057861, 89.9051513672, 41.9424819946, 32.2997627258, 7.56717014313], [474.425292969, 251.586105347, 651.825256348, 334.111206055, 258.175720215, 197.88848877, 173.963928223, 121.146316528, 82.2914505005, 43.9687271118, 10.9394884109, 7.2097902298, 4.98951148987], [946.729064941, 15.0963888168, 334.111206055, 929.187011719, 456.256286621, 289.53604126, 140.629516602, 145.289260864, 30.9696979523, 31.4294586182, 1.28896832466, 5.20961475372, -24.3985958099], [1089.96948242, 49.402961731, 258.175720215, 456.256286621, 709.68737793, 306.9425354, 177.97769165, 115.201293945, 17.0209197998, -17.590133667, 1.4643021822, 4.83800077438, -42.8066291809], [832.082763672, 92.7553100586, 197.88848877, 289.53604126, 306.9425354, 304.83493042, 164.519332886, 93.6234512329, 27.8343219757, 25.6895866394, 11.9481220245, 8.38060283661, -13.8932266235], [570.741882324, 99.7174911499, 173.963928223, 140.629516602, 177.97769165, 164.519332886, 240.207321167, 133.517593384, 64.4997940063, 40.2658233643, 27.4064483643, 9.84696006775, -3.73633670807], [439.523529053, 32.0129623413, 121.146316528, 145.289260864, 115.201293945, 93.6234512329, 133.517593384, 151.776367188, 67.8731613159, 23.1545333862, 16.0230007172, 6.19208431244, 1.24884474277], [39.3618850708, 36.9853057861, 82.2914505005, 30.9696979523, 17.0209197998, 27.8343219757, 64.4997940063, 67.8731613159, 113.987754822, 49.7203941345, 3.07191443443, -4.75200033188, 13.2081098557], [-34.2030258179, 89.9051513672, 43.9687271118, 31.4294586182, -17.590133667, 25.6895866394, 40.2658233643, 23.1545333862, 49.7203941345, 90.2038497925, 33.9443092346, 3.42036008835, 3.97097826004], [-4.6946721077, 41.9424819946, 10.9394884109, 1.28896832466, 1.4643021822, 11.9481220245, 27.4064483643, 16.0230007172, 3.07191443443, 33.9443092346, 85.9093170166, 36.2228546143, -8.80895423889], [-67.9802093506, 32.2997627258, 7.2097902298, 5.20961475372, 4.83800077438, 8.38060283661, 9.84696006775, 6.19208431244, -4.75200033188, 3.42036008835, 36.2228546143, 69.4927368164, 25.6680335999], [-131.303497314, 7.56717014313, 4.98951148987, -24.3985958099, -42.8066291809, -13.8932266235, -3.73633670807, 1.24884474277, 13.2081098557, 3.97097826004, -8.80895423889, 25.6680335999, 70.2209472656]],
