{
"lowlevel": {
    "average_loudness": 0.738603174686,
    "barkbands_crest": {
        "dmean": 2.12113332748,
        "dmean2": 3.31794929504,
        "dvar": 5.53878736496,
        "dvar2": 13.9288721085,
        "max": 25.8572158813,
        "mean": 11.2723712921,
        "median": 10.5328493118,
        "min": 1.8214404583,
        "var": 17.1945133209
    },
    "barkbands_flatness_db": {
        "dmean": 0.0233346968889,
        "dmean2": 0.0345751643181,
        "dvar": 0.000713650835678,
        "dvar2": 0.00136956991628,
        "max": 0.373442023993,
        "mean": 0.211358174682,
        "median": 0.216976732016,
        "min": 0.0241443719715,
        "var": 0.00375916273333
    },
    "barkbands_kurtosis": {
        "dmean": 3.73519968987,
        "dmean2": 5.9633231163,
        "dvar": 114.153663635,
        "dvar2": 251.207901001,
        "max": 211.776779175,
        "mean": 6.1704826355,
        "median": 3.6460723877,
        "min": -1.90773594379,
        "var": 131.785797119
    },
    "barkbands_skewness": {
        "dmean": 0.497795462608,
        "dmean2": 0.763107419014,
        "dvar": 0.646945595741,
        "dvar2": 1.27023637295,
        "max": 13.5955543518,
        "mean": 1.82357728481,
        "median": 1.78511357307,
        "min": -3.33484530449,
        "var": 1.7614095211
    },
    "barkbands_spread": {
        "dmean": 3.77366542816,
        "dmean2": 5.87723588943,
        "dvar": 31.7744846344,
        "dvar2": 67.1392669678,
        "max": 77.8023529053,
        "mean": 13.1638145447,
        "median": 10.8474464417,
        "min": 0.694252312183,
        "var": 84.9286575317
    },
    "dissonance": {
        "dmean": 0.0185747276992,
        "dmean2": 0.0312950387597,
        "dvar": 0.000341304723406,
        "dvar2": 0.000912033894565,
        "max": 0.500000178814,
        "mean": 0.449316471815,
        "median": 0.454412281513,
        "min": 0.318222492933,
        "var": 0.000973884714767
    },
    "dynamic_complexity": 4.47171497345,
    "erbbands_crest": {
        "dmean": 2.39556074142,
        "dmean2": 3.84503531456,
        "dvar": 6.82752990723,
        "dvar2": 17.598279953,
        "max": 32.2004508972,
        "mean": 12.0267181396,
        "median": 10.6253957748,
        "min": 2.65443372726,
        "var": 33.4326477051
    },
    "erbbands_flatness_db": {
        "dmean": 0.0186577178538,
        "dmean2": 0.0262507647276,
        "dvar": 0.000478772592032,
        "dvar2": 0.000877251441125,
        "max": 0.405482083559,
        "mean": 0.237061977386,
        "median": 0.24235907197,
        "min": 0.0633955970407,
        "var": 0.00381225068122
    },
    "erbbands_kurtosis": {
        "dmean": 0.917599022388,
        "dmean2": 1.48386895657,
        "dvar": 2.22254014015,
        "dvar2": 5.6815867424,
        "max": 49.2854423523,
        "mean": 0.642152667046,
        "median": -0.22624361515,
        "min": -1.7578676939,
        "var": 7.17578172684
    },
    "erbbands_skewness": {
        "dmean": 0.355503082275,
        "dmean2": 0.56919246912,
        "dvar": 0.15267688036,
        "dvar2": 0.371892571449,
        "max": 4.0419588089,
        "mean": 0.688061535358,
        "median": 0.634698629379,
        "min": -6.52893161774,
        "var": 0.730610489845
    },
    "erbbands_spread": {
        "dmean": 5.89255666733,
        "dmean2": 9.11815071106,
        "dvar": 63.6299324036,
        "dvar2": 146.822616577,
        "max": 113.877609253,
        "mean": 30.6681118011,
        "median": 28.9712409973,
        "min": 2.13228058815,
        "var": 202.410858154
    },
    "hfc": {
        "dmean": 7.1622877121,
        "dmean2": 10.3629426956,
        "dvar": 503.382537842,
        "dvar2": 1085.91784668,
        "max": 330.118133545,
        "mean": 15.0182714462,
        "median": 9.45409393311,
        "min": 1.08438349048e-16,
        "var": 713.180114746
    },
    "melbands_crest": {
        "dmean": 2.26948022842,
        "dmean2": 3.59245729446,
        "dvar": 5.92594909668,
        "dvar2": 14.7067804337,
        "max": 30.7866458893,
        "mean": 13.6365976334,
        "median": 12.6980247498,
        "min": 1.54759061337,
        "var": 26.2351264954
    },
    "melbands_flatness_db": {
        "dmean": 0.0267064571381,
        "dmean2": 0.0382184870541,
        "dvar": 0.00114931736607,
        "dvar2": 0.00215492793359,
        "max": 0.493308335543,
        "mean": 0.259976536036,
        "median": 0.266340613365,
        "min": 0.00308295059949,
        "var": 0.0060044224374
    },
    "melbands_kurtosis": {
        "dmean": 6.97198390961,
        "dmean2": 10.9607563019,
        "dvar": 639.585632324,
        "dvar2": 1397.17150879,
        "max": 530.545532227,
        "mean": 12.7686233521,
        "median": 8.11101055145,
        "min": -1.8646709919,
        "var": 694.212646484
    },
    "melbands_skewness": {
        "dmean": 0.538141429424,
        "dmean2": 0.815986812115,
        "dvar": 0.984209835529,
        "dvar2": 1.88578176498,
        "max": 16.4219532013,
        "mean": 2.42013049126,
        "median": 2.24154663086,
        "min": -1.67949748039,
        "var": 2.36959600449
    },
    "melbands_spread": {
        "dmean": 5.00668048859,
        "dmean2": 7.83096981049,
        "dvar": 75.2883453369,
        "dvar2": 161.735183716,
        "max": 157.868041992,
        "mean": 17.8724250793,
        "median": 12.1293077469,
        "min": 0.626434504986,
        "var": 421.468261719
    },
    "pitch_salience": {
        "dmean": 0.0531465671957,
        "dmean2": 0.0839691832662,
        "dvar": 0.00345229473896,
        "dvar2": 0.0074733030051,
        "max": 0.864666938782,
        "mean": 0.538045525551,
        "median": 0.538245558739,
        "min": 0.101800724864,
        "var": 0.0152916815132
    },
    "silence_rate_20dB": {
        "dmean": 0,
        "dmean2": 0,
        "dvar": 0,
        "dvar2": 0,
        "max": 1,
        "mean": 1,
        "median": 1,
        "min": 1,
        "var": 0
    },
    "silence_rate_30dB": {
        "dmean": 0.0199277624488,
        "dmean2": 0.0398604869843,
        "dvar": 0.0195303130895,
        "dvar2": 0.0382704436779,
        "max": 1,
        "mean": 0.975591540337,
        "median": 1,
        "min": 0,
        "var": 0.0238121915609
    },
    "silence_rate_60dB": {
        "dmean": 0.0082202013582,
        "dmean2": 0.0163178872317,
        "dvar": 0.00815316662192,
        "dvar2": 0.0182932503521,
        "max": 1,
        "mean": 0.148567870259,
        "median": 0,
        "min": 0,
        "var": 0.126496404409
    },
    "spectral_centroid": {
        "dmean": 204.50743103,
        "dmean2": 312.454742432,
        "dvar": 103389.445312,
        "dvar2": 220241.90625,
        "max": 11864.6376953,
        "mean": 1131.62280273,
        "median": 817.548828125,
        "min": 150.256744385,
        "var": 2067863
    },
    "spectral_complexity": {
        "dmean": 2.57690858841,
        "dmean2": 3.97508716583,
        "dvar": 17.6259269714,
        "dvar2": 32.5709609985,
        "max": 64,
        "mean": 13.9495639801,
        "median": 14,
        "min": 0,
        "var": 75.7339172363
    },
    "spectral_decrease": {
        "dmean": 2.29079910596e-09,
        "dmean2": 3.37347705326e-09,
        "dvar": 5.6004428809e-17,
        "dvar2": 1.11688493876e-16,
        "max": 1.69090666697e-28,
        "mean": -5.79878900453e-09,
        "median": -4.23586232756e-09,
        "min": -8.71793730539e-08,
        "var": 7.43935670335e-17
    },
    "spectral_energy": {
        "dmean": 0.00920356344432,
        "dmean2": 0.0134604601189,
        "dvar": 0.000823902781121,
        "dvar2": 0.00163730815984,
        "max": 0.332563757896,
        "mean": 0.0232481695712,
        "median": 0.016946522519,
        "min": 1.0046544748e-20,
        "var": 0.00112276582513
    },
    "spectral_energyband_high": {
        "dmean": 0.000492834893521,
        "dmean2": 0.000742492789868,
        "dvar": 4.84600332129e-06,
        "dvar2": 1.07997047962e-05,
        "max": 0.0297819878906,
        "mean": 0.000508506724145,
        "median": 4.49859071523e-05,
        "min": 7.13464927195e-21,
        "var": 5.32661897523e-06
    },
    "spectral_energyband_low": {
        "dmean": 0.00554818799719,
        "dmean2": 0.00841637421399,
        "dvar": 0.000815095321741,
        "dvar2": 0.00178799591959,
        "max": 0.320048958063,
        "mean": 0.00586272869259,
        "median": 0.000716557959095,
        "min": 1.32708019047e-23,
        "var": 0.00082244805526
    },
    "spectral_energyband_middle_high": {
        "dmean": 0.001393925515,
        "dmean2": 0.00211149640381,
        "dvar": 1.34234742291e-05,
        "dvar2": 3.10511459247e-05,
        "max": 0.0519489459693,
        "mean": 0.0030564267654,
        "median": 0.00165043049492,
        "min": 1.03585883347e-21,
        "var": 2.23922615987e-05
    },
    "spectral_energyband_middle_low": {
        "dmean": 0.00444604316726,
        "dmean2": 0.00751126278192,
        "dvar": 0.00013380976452,
        "dvar2": 0.000381296384148,
        "max": 0.155672371387,
        "mean": 0.014596330002,
        "median": 0.0123425349593,
        "min": 1.7028649374e-22,
        "var": 0.000180027112947
    },
    "spectral_entropy": {
        "dmean": 0.18369962275,
        "dmean2": 0.278833776712,
        "dvar": 0.0573071539402,
        "dvar2": 0.118506483734,
        "max": 9.82153224945,
        "mean": 6.92936372757,
        "median": 6.83250427246,
        "min": 5.59408569336,
        "var": 0.362442791462
    },
    "spectral_flux": {
        "dmean": 0.021938174963,
        "dmean2": 0.0309247039258,
        "dvar": 0.00189988780767,
        "dvar2": 0.00289156264625,
        "max": 0.533222198486,
        "mean": 0.0552573800087,
        "median": 0.0397474989295,
        "min": 6.40377681438e-11,
        "var": 0.00502044800669
    },
    "spectral_kurtosis": {
        "dmean": 4.95110845566,
        "dmean2": 8.61539459229,
        "dvar": 28.2772693634,
        "dvar2": 82.8508987427,
        "max": 59.5086212158,
        "mean": 8.87816143036,
        "median": 6.82117319107,
        "min": -1.24745666981,
        "var": 52.5502967834
    },
    "spectral_rms": {
        "dmean": 0.000649683468509,
        "dmean2": 0.000922079198062,
        "dvar": 1.78296158992e-06,
        "dvar2": 2.98371469398e-06,
        "max": 0.0180125627667,
        "mean": 0.0041049872525,
        "median": 0.00406610313803,
        "min": 3.1307359049e-12,
        "var": 5.83017435929e-06
    },
    "spectral_rolloff": {
        "dmean": 343.861633301,
        "dmean2": 581.302368164,
        "dvar": 471365.6875,
        "dvar2": 1016660.75,
        "max": 19638.28125,
        "mean": 1383.17382812,
        "median": 667.529296875,
        "min": 86.1328125,
        "var": 6826675
    },
    "spectral_skewness": {
        "dmean": 0.456031739712,
        "dmean2": 0.778440475464,
        "dvar": 0.202308192849,
        "dvar2": 0.559918105602,
        "max": 5.51574134827,
        "mean": 1.83888149261,
        "median": 1.75161933899,
        "min": -0.11185387522,
        "var": 0.523182868958
    },
    "spectral_spread": {
        "dmean": 466488.375,
        "dmean2": 696587,
        "dvar": 560821633024,
        "dvar2": 1.08520964096e+12,
        "max": 42826328,
        "mean": 3610807.5,
        "median": 2585428,
        "min": 1028351.875,
        "var": 2.6475495424e+13
    },
    "spectral_strongpeak": {
        "dmean": 0.41604205966,
        "dmean2": 0.688808321953,
        "dvar": 0.916579902172,
        "dvar2": 2.16797280312,
        "max": 23.5142230988,
        "mean": 1.15542697906,
        "median": 0.895049750805,
        "min": 0,
        "var": 1.5799356699
    },
    "zerocrossingrate": {
        "dmean": 0.00753901619464,
        "dmean2": 0.00875044055283,
        "dvar": 0.000114091075375,
        "dvar2": 0.000138188290293,
        "max": 0.7373046875,
        "mean": 0.0510149933398,
        "median": 0.037109375,
        "min": 0.0048828125,
        "var": 0.00481176562607
    },
    "barkbands": {
        "dmean": [3.29737558786e-05, 0.0033324547112, 0.00275842472911, 0.0015583971981, 0.0015025481116, 0.000906590197701, 0.000973151007202, 0.000644732674118, 0.000470402359497, 0.000102400241303, 9.26117209019e-05, 0.000179286289494, 0.000139579176903, 9.77130912361e-05, 0.000273127632681, 0.000245221715886, 0.000208553581615, 0.000255399587331, 0.000208028330235, 0.000167137928656, 0.000110896893602, 0.00010243379802, 9.39413075685e-05, 4.80709750263e-05, 3.56504024239e-05, 2.78163879557e-05, 2.40425674747e-06],
        "dmean2": [5.52138772036e-05, 0.00539718102664, 0.00514100026339, 0.00287491013296, 0.00241557369009, 0.00149961747229, 0.00161346979439, 0.000912970630452, 0.000692309113219, 0.000153449553181, 0.000140912743518, 0.00027053753729, 0.000216738320887, 0.000160061332281, 0.000461690535303, 0.000411161774537, 0.000332899740897, 0.000390907895053, 0.000342443352565, 0.000265309412498, 0.000176512534381, 0.000155330257257, 0.000143967961776, 6.9998910476e-05, 5.38624262845e-05, 4.33642017015e-05, 3.96589075535e-06],
        "dvar": [5.61676749555e-08, 0.000350730697392, 0.000302075961372, 5.47830204596e-05, 1.23752297441e-05, 3.34198557539e-06, 4.64784079668e-06, 2.40056738221e-06, 2.75317393061e-06, 1.09706718376e-07, 7.40676711075e-08, 3.60527081966e-07, 3.21159319583e-07, 1.59784121934e-07, 3.55927141982e-07, 4.29275189617e-07, 6.24433369012e-07, 1.65381857187e-06, 1.04266325707e-06, 4.73582474569e-07, 2.55079612543e-07, 2.64437431952e-07, 2.29223090287e-07, 5.4901232005e-08, 4.23175841036e-08, 3.32186047558e-08, 2.7946395198e-10],
        "dvar2": [1.52314441948e-07, 0.000826367468107, 0.000869913375936, 0.000161673844559, 3.40158694598e-05, 1.08093354356e-05, 1.38265586429e-05, 4.29365627497e-06, 5.98444967181e-06, 2.46175659413e-07, 1.55924368528e-07, 6.97490975199e-07, 7.00514306118e-07, 4.41337306256e-07, 9.57779093369e-07, 1.10132259579e-06, 1.58483703672e-06, 3.69155441149e-06, 2.73114210358e-06, 1.18165189633e-06, 6.30722297501e-07, 6.17660475655e-07, 5.27358452018e-07, 1.13163231674e-07, 9.77297673899e-08, 7.56300622129e-08, 6.49108100603e-10],
        "max": [0.00808184407651, 0.210606843233, 0.184627383947, 0.0992795825005, 0.0503551103175, 0.0311097055674, 0.046807102859, 0.0573479123414, 0.0425320081413, 0.00789235439152, 0.00889537390321, 0.0150055587292, 0.0397183746099, 0.0254185479134, 0.011625177227, 0.0190146565437, 0.0275919772685, 0.039632011205, 0.0280987080187, 0.0107981320471, 0.00840202253312, 0.00760839600116, 0.00719370227307, 0.00385225424543, 0.00361375370994, 0.00310859899037, 0.000350591348251],
        "mean": [2.53026428254e-05, 0.00288921757601, 0.00220122118481, 0.00198401650414, 0.00464799162, 0.00228666700423, 0.00263618864119, 0.00194447790273, 0.00103788124397, 0.000255691615166, 0.00019086447719, 0.000370169436792, 0.000288928393275, 0.000168124111951, 0.000447489292128, 0.000402743200539, 0.000328516674927, 0.000326859939378, 0.000224088755203, 0.000184657183127, 0.000117394556582, 9.67546147876e-05, 8.74959514476e-05, 4.51019259344e-05, 3.46869419445e-05, 2.35834741034e-05, 2.04110983759e-06],
        "median": [7.67465166973e-07, 4.0811006329e-05, 0.000169487480889, 0.000697745475918, 0.00272914394736, 0.00125766429119, 0.000729289837182, 0.000585341942497, 0.000177367881406, 5.2855204558e-05, 6.57499258523e-05, 0.000115493312478, 0.000108180749521, 6.72703099553e-05, 0.000177511101356, 0.000139661075082, 6.61058729747e-05, 5.7536206441e-05, 3.68178079952e-05, 2.65394810413e-05, 1.26473823912e-05, 4.09651329392e-06, 1.62782112056e-06, 3.84151348953e-07, 1.93839710505e-07, 3.06605159039e-08, 1.0215801538e-09],
        "min": [2.81966251139e-25, 2.29534265946e-24, 5.98886879684e-25, 2.52082203245e-25, 5.55336186385e-24, 9.49116657053e-24, 6.22555300221e-24, 9.06643044852e-24, 1.84253720984e-23, 1.22899354106e-23, 1.24676681391e-23, 1.64675376608e-23, 3.03968617165e-23, 3.13486066215e-23, 2.89531863065e-23, 5.02771157829e-23, 8.11675456798e-23, 9.34298646478e-23, 1.32025868934e-22, 1.76255608572e-22, 2.74544092779e-22, 3.16466534176e-22, 4.22061536439e-22, 5.65038422946e-22, 8.42430089023e-22, 1.08855252051e-21, 1.95903127214e-21],
        "var": [3.88526864015e-08, 0.000303094508126, 0.000176760091563, 3.32758500008e-05, 3.27724119416e-05, 9.38776793191e-06, 1.61643947649e-05, 1.45240674101e-05, 7.69644884713e-06, 3.9896576709e-07, 2.53427401731e-07, 9.34044862788e-07, 9.76909745987e-07, 1.93711500174e-07, 5.73056752273e-07, 6.77663081206e-07, 7.77418506459e-07, 2.19130470214e-06, 8.65174570208e-07, 4.60437547645e-07, 2.40976163468e-07, 2.64930861249e-07, 2.38425883481e-07, 6.45023376933e-08, 4.34370264202e-08, 3.16310213577e-08, 2.650867581e-10]
    },
    "erbbands": {
        "dmean": [0.0552511662245, 0.896691262722, 3.03332710266, 4.10023403168, 5.71832513809, 4.82793855667, 5.98842763901, 8.72353935242, 8.89274311066, 17.5658798218, 14.4506912231, 10.6829185486, 6.07272958755, 3.16262125969, 4.12493753433, 7.61076068878, 6.51534366608, 5.53432750702, 10.2094249725, 13.4415044785, 13.7998161316, 10.7088022232, 13.7175188065, 11.670838356, 9.42535877228, 7.38277339935, 6.52317523956, 3.71624684334, 4.14437484741, 2.6341779232, 2.84083986282, 1.34415054321, 0.648264467716, 0.318674951792, 0.278335005045, 0.177185639739, 0.039822883904, 0.00591335911304, 0.000445056619355, 1.871542554e-05],
        "dmean2": [0.0952579528093, 1.42724192142, 5.38105297089, 7.38997459412, 10.0587100983, 7.43040513992, 8.88270664215, 14.9808559418, 14.6653594971, 28.6437702179, 19.8099727631, 16.1320934296, 8.5435628891, 4.53154802322, 6.36005735397, 11.4311466217, 9.90183448792, 9.02018260956, 16.7481880188, 22.6663646698, 23.3085403442, 16.9541416168, 20.8278236389, 18.8733310699, 15.1164150238, 11.5126228333, 10.6172485352, 5.64312410355, 6.42480897903, 3.81609177589, 4.47995948792, 1.9847843647, 0.967706859112, 0.476235955954, 0.417922526598, 0.280968308449, 0.061730235815, 0.00919800531119, 0.000730820698664, 2.77463623206e-05],
        "dvar": [0.111773066223, 24.5907325745, 342.157501221, 472.191345215, 393.918304443, 115.734451294, 137.612075806, 410.587738037, 331.89263916, 1674.38708496, 1562.50512695, 1537.58447266, 480.927886963, 91.5559921265, 128.371063232, 742.251464844, 784.101806641, 456.238891602, 567.997741699, 1190.62780762, 1244.82666016, 2030.05419922, 4760.90869141, 3796.74707031, 1665.67626953, 880.94744873, 1032.78100586, 248.868225098, 512.528442383, 128.845748901, 251.459487915, 41.8639335632, 10.3676080704, 2.76503801346, 2.46183443069, 1.4918255806, 0.0662195160985, 0.00146365782712, 1.02226085801e-05, 4.74141303997e-09],
        "dvar2": [0.29143255949, 57.1363220215, 959.8828125, 1351.72290039, 1158.03088379, 284.653411865, 273.74810791, 1416.45898438, 937.501342773, 4769.18603516, 2555.52197266, 3506.54663086, 921.037780762, 190.555343628, 284.818878174, 1398.27148438, 1659.31567383, 1266.07849121, 1369.62231445, 3099.69384766, 3392.36254883, 5099.18701172, 10867.0537109, 9790.4296875, 4312.08691406, 2140.95678711, 2683.68676758, 572.864074707, 1241.53808594, 272.989501953, 615.810791016, 89.7790985107, 21.3736763, 5.94010972977, 5.53471660614, 3.61491513252, 0.145331025124, 0.00322540476918, 2.41210527747e-05, 1.01409476372e-08],
        "max": [3.71764993668, 56.7191963196, 204.798736572, 297.464477539, 287.803771973, 297.501037598, 343.282531738, 319.023162842, 336.568969727, 855.46282959, 1564.4510498, 1111.93017578, 937.401367188, 272.197601318, 300.537689209, 776.983032227, 2088.84130859, 1302.90515137, 673.82421875, 1199.19006348, 747.111083984, 1709.70251465, 2373.89526367, 1943.3359375, 711.950378418, 722.664489746, 539.792785645, 226.068222046, 345.35925293, 186.705932617, 254.249404907, 100.624259949, 50.6017684937, 29.0318565369, 29.1576194763, 23.5065307617, 4.38167715073, 0.669932067394, 0.0656810626388, 0.00120711757336],
        "mean": [0.041810028255, 0.797031342983, 2.50839042664, 4.55808544159, 10.8185510635, 16.68800354, 17.805141449, 20.6757831573, 24.2978343964, 49.9302597046, 44.9756813049, 25.0620288849, 14.4531364441, 8.79770374298, 8.82919311523, 16.4953346252, 14.5872650146, 10.2641277313, 18.351064682, 22.0746135712, 23.1339187622, 17.4005203247, 18.5166244507, 13.2120771408, 10.535243988, 8.53483009338, 6.4333691597, 3.99878454208, 3.85686707497, 2.69418382645, 2.45887446404, 1.22767651081, 0.610614061356, 0.318038791418, 0.276748329401, 0.144000783563, 0.0347760394216, 0.0052262400277, 0.000375814008294, 3.43382489518e-05],
        "median": [0.000606567366049, 0.020097810775, 0.21265950799, 1.55627286434, 4.24171638489, 9.84263038635, 9.5845413208, 10.6426506042, 10.5069179535, 18.1316108704, 13.1236534119, 5.75885677338, 3.37773180008, 2.71279430389, 3.64090418816, 5.54295682907, 5.91822910309, 4.52439403534, 8.17084312439, 8.88033866882, 8.35176849365, 4.64599466324, 3.77365112305, 2.27245664597, 1.96036684513, 1.32027804852, 0.785818874836, 0.362202316523, 0.170823782682, 0.0969216376543, 0.0403117313981, 0.0123415365815, 0.00508165499195, 0.00252413935959, 0.00129769626074, 0.000304705550661, 5.7890334574e-05, 9.03154250409e-06, 9.95643313217e-06, 1.99204241653e-05],
        "min": [8.2357640174e-23, 4.20520367287e-22, 1.68170301786e-21, 3.62526443736e-21, 9.96766532176e-21, 2.88074534051e-20, 3.41325836948e-20, 8.43774049511e-20, 6.53409288278e-20, 1.12788325419e-19, 2.99818049519e-19, 3.97623264762e-19, 4.00907507836e-19, 5.82492315554e-19, 7.01002430215e-19, 8.74521192985e-19, 1.49464939923e-18, 1.78510022285e-18, 1.61188167494e-18, 1.88378638544e-18, 3.22130434872e-18, 4.03893019801e-18, 4.65676008293e-18, 6.59584514668e-18, 6.60576511017e-18, 8.63667383937e-18, 8.63414349387e-18, 1.04048559439e-17, 9.81559315507e-18, 1.06716961377e-17, 1.1643475366e-17, 9.40808593502e-18, 9.7007399542e-18, 7.64584216006e-18, 6.39825403222e-18, 3.82802147569e-18, 2.09722173095e-18, 9.44540687669e-19, 2.47010684117e-19, 2.4736782904e-20],
        "var": [0.0803390592337, 21.8936977386, 218.610946655, 284.843536377, 395.54083252, 496.009063721, 723.407531738, 898.391174316, 1231.61523438, 6921.89990234, 10132.7353516, 4280.65185547, 1323.4197998, 439.143981934, 339.390960693, 1979.55187988, 2503.22998047, 567.564025879, 1085.47875977, 1802.53881836, 1833.59204102, 2394.0378418, 6241.67236328, 3390.8371582, 1476.88977051, 920.689880371, 836.310791016, 272.634552002, 475.372711182, 161.254684448, 227.775543213, 46.9731674194, 12.0850200653, 3.19774794579, 2.66300201416, 1.28195607662, 0.0670365914702, 0.00149132916704, 9.31658905756e-06, 5.63421842514e-09]
    },
    "gfcc": {
        "mean": [-112.949043274, 143.116088867, -151.309341431, 22.2629375458, -56.9965248108, -25.2039470673, -41.526889801, -16.5771217346, -16.5229053497, -7.60726165771, -14.4823741913, -13.2977800369, -9.75210285187],
        "cov": [[38136.6757812, 1336.16333008, -1760.77746582, 1491.1015625, -1560.02832031, 570.37310791, -1258.29675293, 454.738952637, -424.195709229, 90.9238204956, -631.760070801, 163.480514526, -254.78918457], [1336.16333008, 2277.36303711, -946.742858887, -170.66708374, 320.658050537, -651.093200684, 148.992599487, -486.964324951, 119.90826416, -206.072387695, 163.319656372, -203.407730103, 97.4398498535], [-1760.77746582, -946.742858887, 1708.5769043, 136.399337769, 264.632232666, 545.927490234, -49.4986572266, 412.322479248, -49.731590271, 235.051696777, -97.2871704102, 294.593139648, -37.4062843323], [1491.1015625, -170.66708374, 136.399337769, 350.766845703, -21.3666687012, 176.794708252, 16.8252620697, 97.4608688354, 24.8067092896, 63.1153564453, -13.0956754684, 19.4536380768, -6.18323516846], [-1560.02832031, 320.658050537, 264.632232666, -21.3666687012, 453.968353271, -31.0023708344, 136.487365723, -31.8187904358, 15.4453086853, -12.3728790283, 54.6376914978, 34.5804634094, 38.1286773682], [570.37310791, -651.093200684, 545.927490234, 176.794708252, -31.0023708344, 459.076171875, -57.6286697388, 245.483688354, -47.4148025513, 88.1467819214, -76.0894165039, 83.3292160034, -26.1536235809], [-1258.29675293, 148.992599487, -49.4986572266, 16.8252620697, 136.487365723, -57.6286697388, 255.385635376, -18.2622795105, 93.6926193237, -21.3891811371, 55.4693069458, -61.1810455322, 23.8272361755], [454.738952637, -486.964324951, 412.322479248, 97.4608688354, -31.8187904358, 245.483688354, -18.2622795105, 301.392181396, 2.06381678581, 78.6865692139, -89.6297531128, 56.1180801392, -31.6513023376], [-424.195709229, 119.90826416, -49.731590271, 24.8067092896, 15.4453086853, -47.4148025513, 93.6926193237, 2.06381678581, 180.950546265, 28.2408161163, 25.7349662781, -55.01927948, -0.753245651722], [90.9238204956, -206.072387695, 235.051696777, 63.1153564453, -12.3728790283, 88.1467819214, -21.3891811371, 78.6865692139, 28.2408161163, 155.569992065, -1.83471095562, 50.4967002869, -27.410615921], [-631.760070801, 163.319656372, -97.2871704102, -13.0956754684, 54.6376914978, -76.0894165039, 55.4693069458, -89.6297531128, 25.7349662781, -1.83471095562, 129.16784668, 2.89265108109, 19.1488895416], [163.480514526, -203.407730103, 294.593139648, 19.4536380768, 34.5804634094, 83.3292160034, -61.1810455322, 56.1180801392, -55.01927948, 50.4967002869, 2.89265108109, 181.170730591, 14.7669210434], [-254.78918457, 97.4398498535, -37.4062843323, -6.18323516846, 38.1286773682, -26.1536235809, 23.8272361755, -31.6513023376, -0.753245651722, -27.410615921, 19.1488895416, 14.7669210434, 92.0033187866]],
        "icov": [[8.86874040589e-05, -0.000232142250752, 0.0001867703686, -0.000356470758561, 0.00020852140733, -0.000181729614269, 0.000229836747167, -0.000266450893832, 0.000140856223879, -7.52544074203e-05, 0.000298002269119, -0.000361818849342, 0.000228961114772], [-0.000232142250752, 0.00170624838211, -0.00024875102099, 0.000643447390758, -0.00151544029359, 0.00134668732062, -6.54997566016e-05, 0.00125462375581, -0.000873450771905, 0.000506648793817, -0.000788916135207, 0.00140449486207, -0.000965835875832], [0.0001867703686, -0.00024875102099, 0.00237349420786, -0.000298090017168, -0.00103354442399, -0.0016338849673, 0.000620110018644, -0.00133020314388, -4.38926872448e-05, -0.00134961656295, 0.00119473633822, -0.00242724991404, 0.000809769902844], [-0.000356470758561, 0.000643447390758, -0.000298090017168, 0.00544283585623, -0.000647444394417, -0.00143446633592, -0.00157063629013, 0.000802298309281, -0.000984347192571, -0.000908247020561, -0.00125182070769, 0.00100947939791, -0.00106087478343], [0.00020852140733, -0.00151544029359, -0.00103354442399, -0.000647444394417, 0.00510778650641, -0.000387170177419, -0.00184497633018, -0.000233154278249, 0.0012743556872, 0.000386358820833, 8.40095017338e-05, -0.00122501770966, 0.000194147360162], [-0.000181729614269, 0.00134668732062, -0.0016338849673, -0.00143446633592, -0.000387170177419, 0.00699789635837, 0.000352449686034, -0.00155191484373, 0.000766795186792, 0.000771225662902, -0.000939938239753, 0.00206144619733, -0.00106486852746], [0.000229836747167, -6.54997566016e-05, 0.000620110018644, -0.00157063629013, -0.00184497633018, 0.000352449686034, 0.00794864445925, -0.0018566477811, -0.00237931963056, 0.00102348858491, -0.00165655836463, 0.00139413727447, -0.000573590456042], [-0.000266450893832, 0.00125462375581, -0.00133020314388, 0.000802298309281, -0.000233154278249, -0.00155191484373, -0.0018566477811, 0.00934432353824, -0.00164376769681, -0.000476991990581, 0.00297378376126, 0.000554435653612, -6.60912046442e-05], [0.000140856223879, -0.000873450771905, -4.38926872448e-05, -0.000984347192571, 0.0012743556872, 0.000766795186792, -0.00237931963056, -0.00164376769681, 0.00888738501817, -0.00274705304764, -0.000398962758482, 0.00164642673917, 4.48075807071e-05], [-7.52544074203e-05, 0.000506648793817, -0.00134961656295, -0.000908247020561, 0.000386358820833, 0.000771225662902, 0.00102348858491, -0.000476991990581, -0.00274705304764, 0.0106643745676, -0.0021786368452, -0.000944020051975, 0.00203492073342], [0.000298002269119, -0.000788916135207, 0.00119473633822, -0.00125182070769, 8.40095017338e-05, -0.000939938239753, -0.00165655836463, 0.00297378376126, -0.000398962758482, -0.0021786368452, 0.0132273491472, -0.00378612754866, 0.000414783455199], [-0.000361818849342, 0.00140449486207, -0.00242724991404, 0.00100947939791, -0.00122501770966, 0.00206144619733, 0.00139413727447, 0.000554435653612, 0.00164642673917, -0.000944020051975, -0.00378612754866, 0.0119867343456, -0.00388881750405], [0.000228961114772, -0.000965835875832, 0.000809769902844, -0.00106087478343, 0.000194147360162, -0.00106486852746, -0.000573590456042, -6.60912046442e-05, 4.48075807071e-05, 0.00203492073342, 0.000414783455199, -0.00388881750405, 0.0136712072417]]
    },
    "melbands": {
        "dmean": [0.000741135911085, 0.00141623895615, 0.000776796950959, 0.000351252499968, 0.000210145881283, 0.00018305060803, 0.000157025759108, 0.000176011861186, 0.000110227127152, 6.69194705551e-05, 2.94996698358e-05, 1.28065266836e-05, 1.35999925988e-05, 1.8021744836e-05, 1.8456554244e-05, 1.44660834849e-05, 9.72547150013e-06, 1.44786936289e-05, 1.97469162231e-05, 1.74482793227e-05, 1.65806013683e-05, 1.17756744658e-05, 1.06797815533e-05, 1.45854337461e-05, 9.24198411667e-06, 7.50546814743e-06, 5.56030045118e-06, 5.04233275933e-06, 4.72909005111e-06, 2.67714017355e-06, 2.01526654564e-06, 2.74249646282e-06, 1.53332985064e-06, 1.43709246458e-06, 1.76838000243e-06, 1.15752163765e-06, 7.08302366093e-07, 5.19104048635e-07, 2.745893255e-07, 2.71601408031e-07],
        "dmean2": [0.00121733383276, 0.00233574048616, 0.00138879718725, 0.000588162976783, 0.000311520852847, 0.000311217678245, 0.000260331958998, 0.000284068781184, 0.000151115542394, 0.000100376877526, 4.12643457821e-05, 1.85044318641e-05, 2.07312568818e-05, 2.71804783551e-05, 2.82421406155e-05, 2.2215912395e-05, 1.60735198733e-05, 2.3447579224e-05, 3.38466888934e-05, 2.91175310849e-05, 2.80583335552e-05, 1.87874247786e-05, 1.71188348759e-05, 2.19925223064e-05, 1.53649343702e-05, 1.21861485241e-05, 8.87149235496e-06, 7.90577996668e-06, 7.84064013715e-06, 4.27546683568e-06, 3.04517334371e-06, 4.36865093434e-06, 2.27378063755e-06, 2.09119912142e-06, 2.82359951598e-06, 1.76244236627e-06, 1.05359549707e-06, 7.84425253642e-07, 4.11311674497e-07, 4.13368184127e-07],
        "dvar": [1.78046702786e-05, 6.49257053738e-05, 1.40040419865e-05, 9.9240662621e-07, 1.46925344779e-07, 1.67345703517e-07, 1.04070032592e-07, 1.45151361153e-07, 9.27705556819e-08, 6.54568736991e-08, 1.19439205193e-08, 1.72061331849e-09, 1.5747013693e-09, 3.64284846732e-09, 4.79060524583e-09, 2.47120479635e-09, 2.04830707951e-09, 1.24092269793e-09, 2.40690067876e-09, 2.50333886953e-09, 1.90962223812e-09, 2.1340536005e-09, 2.28856134044e-09, 6.69246258411e-09, 2.97456304033e-09, 1.47004897144e-09, 5.66216851183e-10, 4.6735437742e-10, 6.78377132246e-10, 1.15660980793e-10, 8.13928924259e-11, 2.5845856011e-10, 4.73258307543e-11, 3.82863254988e-11, 1.04781294752e-10, 3.29666259569e-11, 1.22356300439e-11, 6.81088865861e-12, 1.96299161821e-12, 2.09488221041e-12],
        "dvar2": [4.32093620475e-05, 0.000166173151229, 4.00311182602e-05, 2.8383276458e-06, 2.97886259659e-07, 5.68967550407e-07, 3.05910532461e-07, 4.08232239124e-07, 1.54676655484e-07, 1.48034700942e-07, 2.25286829192e-08, 3.57711593679e-09, 3.28481175593e-09, 7.19962045537e-09, 1.02691535275e-08, 5.46944756152e-09, 5.78101300164e-09, 2.91050072931e-09, 6.89953072452e-09, 6.23433171754e-09, 5.19965492884e-09, 5.22312193496e-09, 5.71123548454e-09, 1.4308652041e-08, 7.81679343476e-09, 3.85314358198e-09, 1.46250012101e-09, 1.14741827151e-09, 1.79600345707e-09, 2.81341228092e-10, 1.84054188557e-10, 6.48219422583e-10, 1.04514952248e-10, 7.70108976589e-11, 2.59815530201e-10, 7.52595971654e-11, 2.68663407493e-11, 1.45021035111e-11, 3.99077212249e-12, 4.71306240563e-12],
        "max": [0.048720754683, 0.0906125828624, 0.0481596253812, 0.0145776188001, 0.0107255764306, 0.00646263640374, 0.00546409236267, 0.00758758513257, 0.0116483028978, 0.0074305809103, 0.00474894139916, 0.00119830167387, 0.00139000604395, 0.00158019876108, 0.00373745942488, 0.00275217718445, 0.00294906180352, 0.000958439952228, 0.000746429781429, 0.0017377975164, 0.000944668601733, 0.00155862269457, 0.00147114740685, 0.00315872975625, 0.00199045194313, 0.00106759846676, 0.00045276270248, 0.000649764668196, 0.000425808684668, 0.000175305365701, 0.000131394685013, 0.000258239364484, 0.000115320035547, 0.000108875603473, 0.000168932761881, 7.94649749878e-05, 6.24929889455e-05, 4.03931444453e-05, 2.35445822909e-05, 2.60098677245e-05],
        "mean": [0.000611324270722, 0.0012792624766, 0.00102173222695, 0.000959478435107, 0.000690039305482, 0.000442687392933, 0.000426473998232, 0.000505896168761, 0.000330772571033, 0.000148436200107, 6.92480025464e-05, 3.51605995093e-05, 2.85518162855e-05, 3.6832268961e-05, 3.90871427953e-05, 3.01161835523e-05, 1.61868829309e-05, 2.59466651187e-05, 3.11522453558e-05, 2.80101467069e-05, 2.69157244475e-05, 1.83287411346e-05, 1.50452533489e-05, 1.83184074558e-05, 9.72204270511e-06, 8.43770249048e-06, 6.2233598328e-06, 5.63631965633e-06, 4.30485897596e-06, 2.92469303531e-06, 2.11988003684e-06, 2.45192950388e-06, 1.47551395457e-06, 1.54134704644e-06, 1.52728978264e-06, 1.00685099369e-06, 6.40536427454e-07, 4.71931059565e-07, 2.73868465683e-07, 2.63703839209e-07],
        "median": [7.60262946642e-06, 7.96537424321e-05, 0.000378189753974, 0.000519114371855, 0.000412028573919, 0.000230671605095, 0.000164380267961, 0.000207286851946, 7.37635418773e-05, 2.6536084988e-05, 1.3321516235e-05, 8.75655950949e-06, 1.00828156064e-05, 1.23605914268e-05, 1.3363402104e-05, 1.16043465823e-05, 6.3521820266e-06, 1.06917086669e-05, 1.11534191092e-05, 9.1592555691e-06, 8.47190676723e-06, 3.65297182725e-06, 3.13810778607e-06, 2.37958988691e-06, 1.50682694766e-06, 1.32718651003e-06, 1.01054138213e-06, 7.16490433206e-07, 4.23208973643e-07, 2.9096702292e-07, 1.50318783199e-07, 9.49142773266e-08, 5.19132008492e-08, 4.46434214041e-08, 2.25801120024e-08, 1.05293604946e-08, 5.19541565325e-09, 3.52157547567e-09, 2.02363636959e-09, 1.82966219953e-09],
        "min": [6.99868766946e-25, 1.04425600379e-24, 6.18409757278e-25, 1.35684854698e-24, 1.10843871312e-24, 1.9404858086e-24, 1.04877864197e-24, 1.11438445637e-24, 2.2137192216e-24, 2.32282539011e-24, 1.7605231675e-24, 2.18133431207e-24, 1.95514797181e-24, 2.24741245694e-24, 1.97325449895e-24, 2.36739938392e-24, 2.69370814749e-24, 2.43073229283e-24, 2.59564307342e-24, 2.55041728329e-24, 3.63392956953e-24, 3.76986450299e-24, 2.82205778892e-24, 4.41140918404e-24, 4.68407422276e-24, 4.09640716382e-24, 4.12550863705e-24, 4.27741208739e-24, 4.91975115136e-24, 4.72091047716e-24, 6.03974115472e-24, 5.21362589882e-24, 5.20831804822e-24, 5.89012973974e-24, 5.61482951116e-24, 5.3984986074e-24, 5.1707678747e-24, 5.89838832455e-24, 6.1755143717e-24, 5.98006382724e-24],
        "var": [1.46248530655e-05, 5.09596902702e-05, 8.98579583009e-06, 1.7298889361e-06, 8.7068326593e-07, 3.9966607801e-07, 3.51962654577e-07, 6.09319613432e-07, 5.90369666043e-07, 1.74994085e-07, 3.3150481471e-08, 8.32606961154e-09, 5.34496447102e-09, 8.70077521142e-09, 1.44570861949e-08, 7.8061939135e-09, 2.26127871983e-09, 2.44272779781e-09, 3.24027160659e-09, 3.85865162045e-09, 2.75943445871e-09, 2.70039834938e-09, 2.7826001503e-09, 9.42428624029e-09, 2.43209519191e-09, 1.21544674325e-09, 5.26332644135e-10, 4.6677622878e-10, 5.11604147935e-10, 1.21812920861e-10, 9.08129613175e-11, 2.20901241743e-10, 5.28734521443e-11, 5.22530942126e-11, 9.25193671675e-11, 3.35906268079e-11, 1.3220201843e-11, 7.48999733763e-12, 2.43072424168e-12, 2.27149354014e-12]
    },
    "mfcc": {
        "mean": [-725.786560059, 158.100509644, -29.5215911865, 30.1749038696, -5.59447240829, -6.43832302094, -20.4253044128, -15.137928009, -11.2630357742, -5.77862358093, -7.22877264023, -4.14264345169, -1.75514602661],
        "cov": [[14487.8603516, 1622.05090332, -310.440093994, 1062.46911621, -145.980529785, 317.008483887, -269.703186035, 318.850921631, 81.7990875244, 137.832061768, -18.6816940308, -4.77444076538, 42.3690109253], [1622.05090332, 2446.45117188, -647.38482666, 335.051147461, 88.773147583, -64.2423629761, -69.5849838257, -191.313018799, -85.7660675049, -97.9645843506, -78.5744934082, -40.5191497803, 14.0420503616], [-310.440093994, -647.38482666, 898.333496094, -50.4562759399, 205.339767456, 160.368133545, 74.9350585938, 183.920181274, 96.8574142456, 57.2479629517, 48.8659362793, 44.6476974487, 70.7954864502], [1062.46911621, 335.051147461, -50.4562759399, 336.70501709, 27.8243637085, 92.0288009644, 15.7035045624, 35.6303672791, 44.6475486755, 50.0763816833, 28.6765594482, 27.200050354, 42.5648612976], [-145.980529785, 88.773147583, 205.339767456, 27.8243637085, 258.243041992, 83.0416259766, 79.4699935913, 63.5016784668, 21.3611927032, -3.49617791176, -12.0426092148, 8.86546230316, 28.732717514], [317.008483887, -64.2423629761, 160.368133545, 92.0288009644, 83.0416259766, 195.609375, 55.05626297, 64.1831893921, 37.5068740845, 35.639251709, 15.8158159256, 24.3640060425, 38.969078064], [-269.703186035, -69.5849838257, 74.9350585938, 15.7035045624, 79.4699935913, 55.05626297, 160.77230835, 63.5753555298, 24.1780319214, 18.4097118378, 0.177924513817, 2.91927194595, -9.02248668671], [318.850921631, -191.313018799, 183.920181274, 35.6303672791, 63.5016784668, 64.1831893921, 63.5753555298, 188.977432251, 79.6378326416, 43.4846420288, 19.6965351105, -3.44608616829, 9.82040691376], [81.7990875244, -85.7660675049, 96.8574142456, 44.6475486755, 21.3611927032, 37.5068740845, 24.1780319214, 79.6378326416, 154.347351074, 85.3833694458, 40.4516105652, 19.8862400055, -2.7817196846], [137.832061768, -97.9645843506, 57.2479629517, 50.0763816833, -3.49617791176, 35.639251709, 18.4097118378, 43.4846420288, 85.3833694458, 170.23298645, 63.6867713928, 23.4192352295, -1.99493575096], [-18.6816940308, -78.5744934082, 48.8659362793, 28.6765594482, -12.0426092148, 15.8158159256, 0.177924513817, 19.6965351105, 40.4516105652, 63.6867713928, 111.637428284, 38.3353652954, 5.38883161545], [-4.77444076538, -40.5191497803, 44.6476974487, 27.200050354, 8.86546230316, 24.3640060425, 2.91927194595, -3.44608616829, 19.8862400055, 23.4192352295, 38.3353652954, 126.897842407, 37.632938385], [42.3690109253, 14.0420503616, 70.7954864502, 42.5648612976, 28.732717514, 38.969078064, -9.02248668671, 9.82040691376, -2.7817196846, -1.99493575096, 5.38883161545, 37.632938385, 139.717422485]],
