{
"lowlevel": {
    "average_loudness": 0.913843691349,
    "barkbands_crest": {
        "dmean": 1.41355836391,
        "dmean2": 2.13254523277,
        "dvar": 3.02141308784,
        "dvar2": 7.16990804672,
        "max": 24.9446258545,
        "mean": 10.3094205856,
        "median": 9.70790195465,
        "min": 2.93679451942,
        "var": 12.4900417328
    },
    "barkbands_flatness_db": {
        "dmean": 0.0164994001389,
        "dmean2": 0.024054216221,
        "dvar": 0.000485001481138,
        "dvar2": 0.000998366973363,
        "max": 0.410446017981,
        "mean": 0.178947880864,
        "median": 0.175240471959,
        "min": 0.0177476815879,
        "var": 0.00361041817814
    },
    "barkbands_kurtosis": {
        "dmean": 2.11839389801,
        "dmean2": 3.3416466713,
        "dvar": 32.338394165,
        "dvar2": 84.0480422974,
        "max": 133.40071106,
        "mean": 4.03581523895,
        "median": 2.60635328293,
        "min": -1.89950728416,
        "var": 42.2809371948
    },
    "barkbands_skewness": {
        "dmean": 0.355004072189,
        "dmean2": 0.52672290802,
        "dvar": 0.277827858925,
        "dvar2": 0.6347463727,
        "max": 9.637550354,
        "mean": 1.53757631779,
        "median": 1.47156262398,
        "min": -4.58544635773,
        "var": 1.02485227585
    },
    "barkbands_spread": {
        "dmean": 3.33222723007,
        "dmean2": 5.3057012558,
        "dvar": 41.781627655,
        "dvar2": 104.352157593,
        "max": 114.978607178,
        "mean": 14.8945770264,
        "median": 12.7702655792,
        "min": 1.48867511749,
        "var": 103.780967712
    },
    "dissonance": {
        "dmean": 0.0186606571078,
        "dmean2": 0.0310419946909,
        "dvar": 0.000344349857187,
        "dvar2": 0.000909050519112,
        "max": 0.500000238419,
        "mean": 0.447369992733,
        "median": 0.453642457724,
        "min": 0.255834281445,
        "var": 0.00124897435308
    },
    "dynamic_complexity": 2.79370069504,
    "erbbands_crest": {
        "dmean": 1.80509746075,
        "dmean2": 2.79404783249,
        "dvar": 3.43495941162,
        "dvar2": 7.86959505081,
        "max": 30.4610462189,
        "mean": 9.08511829376,
        "median": 8.24158573151,
        "min": 1.90957856178,
        "var": 14.6505279541
    },
    "erbbands_flatness_db": {
        "dmean": 0.0146104292944,
        "dmean2": 0.0209609344602,
        "dvar": 0.000434806919657,
        "dvar2": 0.000810985511634,
        "max": 0.395140588284,
        "mean": 0.186751887202,
        "median": 0.179954990745,
        "min": 0.0334165617824,
        "var": 0.00400767894462
    },
    "erbbands_kurtosis": {
        "dmean": 0.671054124832,
        "dmean2": 1.03757369518,
        "dvar": 0.660563528538,
        "dvar2": 1.57518005371,
        "max": 14.9767074585,
        "mean": 0.611839056015,
        "median": 0.192164897919,
        "min": -1.63677692413,
        "var": 2.55816745758
    },
    "erbbands_skewness": {
        "dmean": 0.244483679533,
        "dmean2": 0.365482151508,
        "dvar": 0.0628102719784,
        "dvar2": 0.144283816218,
        "max": 3.13406610489,
        "mean": 0.466767966747,
        "median": 0.490580290556,
        "min": -2.51306319237,
        "var": 0.393890440464
    },
    "erbbands_spread": {
        "dmean": 5.6726565361,
        "dmean2": 8.86771965027,
        "dvar": 91.0005569458,
        "dvar2": 228.428695679,
        "max": 115.319000244,
        "mean": 29.1917915344,
        "median": 26.3324108124,
        "min": 3.42874145508,
        "var": 220.897033691
    },
    "hfc": {
        "dmean": 4.67437171936,
        "dmean2": 6.83019447327,
        "dvar": 82.9509124756,
        "dvar2": 181.760314941,
        "max": 130.425811768,
        "mean": 16.7607212067,
        "median": 12.7962007523,
        "min": 1.24884949556e-16,
        "var": 199.851333618
    },
    "melbands_crest": {
        "dmean": 1.68560826778,
        "dmean2": 2.5749001503,
        "dvar": 4.75584697723,
        "dvar2": 11.9322080612,
        "max": 31.4617443085,
        "mean": 13.6034917831,
        "median": 13.0851516724,
        "min": 2.28096199036,
        "var": 17.7539386749
    },
    "melbands_flatness_db": {
        "dmean": 0.0188498776406,
        "dmean2": 0.026943879202,
        "dvar": 0.000655724550597,
        "dvar2": 0.00135622185189,
        "max": 0.494905591011,
        "mean": 0.26586908102,
        "median": 0.265756040812,
        "min": 0.00728320283815,
        "var": 0.00473368447274
    },
    "melbands_kurtosis": {
        "dmean": 4.30351924896,
        "dmean2": 6.60014724731,
        "dvar": 123.472351074,
        "dvar2": 288.237640381,
        "max": 227.837753296,
        "mean": 9.33198928833,
        "median": 6.19860935211,
        "min": -1.69415521622,
        "var": 175.851867676
    },
    "melbands_skewness": {
        "dmean": 0.448583960533,
        "dmean2": 0.654540300369,
        "dvar": 0.467447936535,
        "dvar2": 0.997869729996,
        "max": 11.0020666122,
        "mean": 2.25914168358,
        "median": 2.07350420952,
        "min": -1.74197566509,
        "var": 1.43653619289
    },
    "melbands_spread": {
        "dmean": 3.20037198067,
        "dmean2": 4.83439922333,
        "dvar": 30.476392746,
        "dvar2": 66.6229782104,
        "max": 156.349472046,
        "mean": 15.7217168808,
        "median": 13.0734844208,
        "min": 0.871034502983,
        "var": 161.414581299
    },
    "pitch_salience": {
        "dmean": 0.0456135123968,
        "dmean2": 0.0729820653796,
        "dvar": 0.00301242922433,
        "dvar2": 0.00750367203727,
        "max": 0.914478123188,
        "mean": 0.542183816433,
        "median": 0.542894363403,
        "min": 0.131505951285,
        "var": 0.0102653950453
    },
    "silence_rate_20dB": {
        "dmean": 0,
        "dmean2": 0,
        "dvar": 0,
        "dvar2": 0,
        "max": 1,
        "mean": 1,
        "median": 1,
        "min": 1,
        "var": 0
    },
    "silence_rate_30dB": {
        "dmean": 0.0196215845644,
        "dmean2": 0.039247751236,
        "dvar": 0.0192342605442,
        "dvar2": 0.0393395088613,
        "max": 1,
        "mean": 0.975359082222,
        "median": 1,
        "min": 0,
        "var": 0.0240358542651
    },
    "silence_rate_60dB": {
        "dmean": 0.00280308327638,
        "dmean2": 0.00560682173818,
        "dvar": 0.00279500288889,
        "dvar2": 0.00580813968554,
        "max": 1,
        "mean": 0.0387714579701,
        "median": 0,
        "min": 0,
        "var": 0.0372679941356
    },
    "spectral_centroid": {
        "dmean": 136.970733643,
        "dmean2": 206.460250854,
        "dvar": 55666.0351562,
        "dvar2": 108837.335938,
        "max": 10457.3515625,
        "mean": 838.819763184,
        "median": 742.004394531,
        "min": 195.923461914,
        "var": 189954.671875
    },
    "spectral_complexity": {
        "dmean": 2.56178474426,
        "dmean2": 3.97663831711,
        "dvar": 11.8214521408,
        "dvar2": 23.3173046112,
        "max": 60,
        "mean": 17.609249115,
        "median": 17,
        "min": 0,
        "var": 48.7992134094
    },
    "spectral_decrease": {
        "dmean": 1.92946325583e-09,
        "dmean2": 2.78556044897e-09,
        "dvar": 2.24785570455e-17,
        "dvar2": 4.31814617183e-17,
        "max": 1.48842429437e-16,
        "mean": -9.43157107969e-09,
        "median": -8.51090220522e-09,
        "min": -7.07837628511e-08,
        "var": 4.88486680008e-17
    },
    "spectral_energy": {
        "dmean": 0.00758263515308,
        "dmean2": 0.0108963530511,
        "dvar": 0.00033188809175,
        "dvar2": 0.00063471426256,
        "max": 0.270595312119,
        "mean": 0.0371172241867,
        "median": 0.0334143564105,
        "min": 1.08041024408e-20,
        "var": 0.000739167968277
    },
    "spectral_energyband_high": {
        "dmean": 0.000246566371061,
        "dmean2": 0.000392273679608,
        "dvar": 5.64325887353e-07,
        "dvar2": 1.32352954552e-06,
        "max": 0.00943015795201,
        "mean": 0.000354514253559,
        "median": 7.17710208846e-05,
        "min": 7.95109269241e-21,
        "var": 7.34461366392e-07
    },
    "spectral_energyband_low": {
        "dmean": 0.00386701105163,
        "dmean2": 0.00565464794636,
        "dvar": 0.00026907492429,
        "dvar2": 0.000556875602342,
        "max": 0.263442605734,
        "mean": 0.0153807401657,
        "median": 0.0129998046905,
        "min": 1.44743859205e-22,
        "var": 0.000419014017098
    },
    "spectral_energyband_middle_high": {
        "dmean": 0.0017622616142,
        "dmean2": 0.00263910018839,
        "dvar": 1.34980145958e-05,
        "dvar2": 3.07464433718e-05,
        "max": 0.0790074393153,
        "mean": 0.0048490553163,
        "median": 0.00328758941032,
        "min": 1.36155504024e-21,
        "var": 2.85567984974e-05
    },
    "spectral_energyband_middle_low": {
        "dmean": 0.00485266931355,
        "dmean2": 0.00767628056929,
        "dvar": 0.000152442444232,
        "dvar2": 0.000382456026273,
        "max": 0.177453547716,
        "mean": 0.0175662972033,
        "median": 0.0133020328358,
        "min": 2.23368956674e-22,
        "var": 0.000252929225098
    },
    "spectral_entropy": {
        "dmean": 0.146992728114,
        "dmean2": 0.224542304873,
        "dvar": 0.0477058254182,
        "dvar2": 0.106656715274,
        "max": 9.78871440887,
        "mean": 7.08248806,
        "median": 7.07151842117,
        "min": 5.31820058823,
        "var": 0.294854521751
    },
    "spectral_flux": {
        "dmean": 0.0199627429247,
        "dmean2": 0.0298516005278,
        "dvar": 0.00133989192545,
        "dvar2": 0.0025154906325,
        "max": 0.473299473524,
        "mean": 0.059637978673,
        "median": 0.0452077314258,
        "min": 1.03942784935e-10,
        "var": 0.00327782914974
    },
    "spectral_kurtosis": {
        "dmean": 4.3610200882,
        "dmean2": 7.53837394714,
        "dvar": 38.6192932129,
        "dvar2": 112.556869507,
        "max": 116.058868408,
        "mean": 11.1419963837,
        "median": 7.99062156677,
        "min": -1.21390604973,
        "var": 116.558639526
    },
    "spectral_rms": {
        "dmean": 0.000510531768668,
        "dmean2": 0.00072320230538,
        "dvar": 9.22834601624e-07,
        "dvar2": 1.68373640008e-06,
        "max": 0.0162479355931,
        "mean": 0.00565181253478,
        "median": 0.00570958573371,
        "min": 3.24662714248e-12,
        "var": 4.26885026172e-06
    },
    "spectral_rolloff": {
        "dmean": 199.913864136,
        "dmean2": 341.651184082,
        "dvar": 473477.15625,
        "dvar2": 1168210.25,
        "max": 19358.3496094,
        "mean": 992.208557129,
        "median": 689.0625,
        "min": 64.599609375,
        "var": 3656398.25
    },
    "spectral_skewness": {
        "dmean": 0.375101566315,
        "dmean2": 0.644142448902,
        "dvar": 0.198339909315,
        "dvar2": 0.555116057396,
        "max": 8.07010936737,
        "mean": 2.31481266022,
        "median": 2.19745659828,
        "min": 0.0373283214867,
        "var": 0.702610194683
    },
    "spectral_spread": {
        "dmean": 529875.6875,
        "dmean2": 833420.875,
        "dvar": 1.21109374566e+12,
        "dvar2": 2.44417691648e+12,
        "max": 40627824,
        "mean": 3580257.25,
        "median": 3190837.5,
        "min": 648452.3125,
        "var": 3.81408745882e+12
    },
    "spectral_strongpeak": {
        "dmean": 0.304037600756,
        "dmean2": 0.519925713539,
        "dvar": 0.537939250469,
        "dvar2": 1.23779201508,
        "max": 13.3834590912,
        "mean": 0.683952152729,
        "median": 0.327074557543,
        "min": 0,
        "var": 0.878590047359
    },
    "zerocrossingrate": {
        "dmean": 0.0066302344203,
        "dmean2": 0.00825840421021,
        "dvar": 0.000137748385896,
        "dvar2": 0.000204217460123,
        "max": 0.75341796875,
        "mean": 0.042095284909,
        "median": 0.03173828125,
        "min": 0.00537109375,
        "var": 0.00361144565977
    },
    "barkbands": {
        "dmean": [0.000110151508125, 0.0025009480305, 0.00199958821759, 0.00177249207627, 0.00245640310459, 0.00105028331745, 0.000529961951543, 0.000401428784244, 0.000720716605429, 0.000491566082928, 0.000338471814757, 0.000524986768141, 0.000309437396936, 0.000301278167171, 0.000203318370041, 0.00014287038357, 0.000139705633046, 0.000110456247057, 7.68415484345e-05, 6.99240044923e-05, 5.75211925025e-05, 4.39624163846e-05, 5.7425659179e-05, 2.92724980682e-05, 3.04946024698e-05, 2.72226661764e-05, 8.45048725751e-06],
        "dmean2": [0.000184127333341, 0.003757835133, 0.0034126623068, 0.00307503016666, 0.00392242427915, 0.00160326529294, 0.000710625317879, 0.000569318595808, 0.00102495052852, 0.00076085573528, 0.000506813230459, 0.000783852301538, 0.000505703035742, 0.000486070959596, 0.000320744846249, 0.000211161386687, 0.000219437642954, 0.000170113577042, 0.000118459582154, 0.000112867062853, 9.11027600523e-05, 7.3147675721e-05, 9.88500614767e-05, 4.74369735457e-05, 4.98365443491e-05, 4.28368766734e-05, 1.42948028952e-05],
        "dvar": [4.6708670709e-08, 0.000101289566373, 0.000155874833581, 5.05432253703e-05, 4.05303726438e-05, 6.95038806953e-06, 7.48789261706e-07, 8.27248641144e-07, 1.80656775228e-06, 1.23243808048e-06, 4.17497119543e-07, 1.99439864446e-06, 1.15702698622e-06, 1.24928703826e-06, 2.03868438575e-07, 2.49821056286e-07, 7.66209069525e-08, 9.38419191243e-08, 4.66971208368e-08, 4.07403213387e-08, 3.46496982218e-08, 2.19662261713e-08, 4.32115179194e-08, 8.36797386938e-09, 1.09651123736e-08, 9.43747480164e-09, 1.33308086792e-09],
        "dvar2": [1.21619365245e-07, 0.000239065295318, 0.000422820157837, 0.00013972420129, 9.73296337179e-05, 1.93117539311e-05, 1.26660654587e-06, 1.66470681506e-06, 3.81823019779e-06, 2.84665634354e-06, 8.81345499693e-07, 4.31562966696e-06, 2.9693514989e-06, 3.19564242091e-06, 4.57538732235e-07, 4.10643082205e-07, 1.96265972363e-07, 2.24512092473e-07, 1.02762733434e-07, 1.0135981654e-07, 8.31317379379e-08, 5.48666498901e-08, 1.1583818349e-07, 1.95322460428e-08, 2.67519109087e-08, 2.35097630252e-08, 3.49289797086e-09],
        "max": [0.00362340710126, 0.183433264494, 0.191926464438, 0.0976818278432, 0.088246062398, 0.0529225058854, 0.0283561367542, 0.0387377627194, 0.0296174511313, 0.0225559845567, 0.0158446915448, 0.0299160517752, 0.0249069929123, 0.0305808037519, 0.00981750059873, 0.0258266329765, 0.00946895591915, 0.00926732830703, 0.00424572778866, 0.00352247199044, 0.00390730472282, 0.00233495351858, 0.00289450585842, 0.00129985355306, 0.0013623633422, 0.000982217839919, 0.000470479222713],
        "mean": [0.000611829280388, 0.0105600524694, 0.00325649813749, 0.00239556259476, 0.00652748672292, 0.00314340670593, 0.002162928693, 0.00114275154192, 0.00201301043853, 0.00108274107333, 0.000650871719699, 0.000952344329562, 0.000506669806782, 0.000525070994627, 0.000349713780452, 0.000289896473987, 0.000257737934589, 0.00016856304137, 0.000112772999273, 9.36151045607e-05, 7.52195992391e-05, 5.97117832513e-05, 6.48997593089e-05, 4.10921129514e-05, 3.75801355403e-05, 2.88793289656e-05, 6.31772081761e-06],
        "median": [0.000543493893929, 0.0094098392874, 0.00145936966874, 0.00108029507101, 0.00356807024218, 0.00181085849181, 0.00115114229266, 0.000542272871826, 0.00111399183515, 0.000478876783745, 0.000291928416118, 0.000320173247019, 0.0002028021554, 0.000170354280272, 0.000175794993993, 0.000117843468615, 0.000169429898961, 7.31883847038e-05, 3.2457002817e-05, 2.54795759247e-05, 1.58867969731e-05, 1.09231432361e-05, 6.81644633005e-06, 5.67922916161e-06, 2.40592248701e-06, 8.72033922406e-07, 2.52078660168e-08],
        "min": [2.17121184615e-23, 1.01664184103e-22, 1.19225329103e-23, 1.81730328498e-23, 1.6304002062e-23, 4.97338966973e-23, 8.42159250986e-23, 1.63790637548e-23, 2.31541767067e-23, 4.16568224639e-23, 1.33215610019e-22, 4.8576991159e-23, 9.91124904429e-23, 1.52077867486e-22, 1.08234859018e-22, 7.62770056533e-23, 1.96050564687e-22, 1.67045146322e-22, 2.371374951e-22, 2.75560019407e-22, 4.54230955988e-22, 3.81618190306e-22, 4.6499788498e-22, 9.69866642889e-22, 1.35721173618e-21, 2.00168055105e-21, 2.29971659342e-21],
        "var": [2.85637412389e-07, 0.000150088744704, 0.000108726839244, 3.77816795663e-05, 7.61912160669e-05, 1.68659280462e-05, 8.03513739811e-06, 4.01989245802e-06, 6.74123657518e-06, 3.42995349456e-06, 1.17879801564e-06, 3.72644012714e-06, 1.45235549098e-06, 1.95423854166e-06, 3.88942282825e-07, 6.54801056044e-07, 1.1170934755e-07, 1.12920481854e-07, 6.66272086391e-08, 4.43339445155e-08, 4.03639575097e-08, 2.59383590162e-08, 3.93207386651e-08, 1.12587086321e-08, 1.20607133169e-08, 8.61205862179e-09, 9.88084392084e-10]
    },
    "erbbands": {
        "dmean": [0.0542276129127, 0.657042264938, 2.15335631371, 3.93321180344, 8.76284408569, 8.74618148804, 6.45258617401, 9.00967597961, 6.21655654907, 8.40363025665, 11.9041671753, 11.7647199631, 17.1839084625, 16.9614219666, 8.66378593445, 20.8836650848, 14.8157596588, 16.4282436371, 9.50755310059, 8.13113307953, 8.97428417206, 8.05807685852, 5.83784151077, 4.50258111954, 3.75856399536, 2.82107996941, 2.96704339981, 1.85512018204, 1.58404862881, 1.32299673557, 1.74382257462, 0.693019390106, 0.47851344943, 0.341675966978, 0.230820849538, 0.135832086205, 0.0447215735912, 0.0156266186386, 0.00102819886524, 2.20686615648e-05],
        "dmean2": [0.0777848213911, 1.00207269192, 3.5389418602, 6.84877920151, 14.436920166, 13.860991478, 9.88429832458, 13.9319553375, 8.96568393707, 11.5465431213, 16.4218196869, 16.9522151947, 26.3956069946, 25.6037483215, 12.726858139, 31.6262626648, 23.4122142792, 26.8952503204, 14.8026618958, 12.9426355362, 13.0728607178, 12.4861297607, 9.08623981476, 6.83819007874, 5.87464237213, 4.51459264755, 4.6939868927, 3.00760769844, 2.68949532509, 2.19068741798, 3.01016283035, 1.10016131401, 0.797589421272, 0.571478486061, 0.37557926774, 0.21947209537, 0.0695427805185, 0.0256763398647, 0.00175850430969, 3.39677608281e-05],
        "dvar": [0.0329920388758, 8.13747310638, 155.254440308, 328.538726807, 941.399963379, 334.76473999, 260.051757812, 476.998382568, 126.356430054, 194.315475464, 751.076904297, 446.125427246, 1275.05505371, 1310.62768555, 283.751098633, 3911.35205078, 2241.29272461, 4540.37109375, 470.436340332, 320.18145752, 1159.68774414, 220.726486206, 247.841415405, 139.116195679, 102.827308655, 61.6442070007, 97.1062698364, 44.7013130188, 25.3386459351, 21.8272533417, 38.812286377, 4.87431716919, 2.26186132431, 1.27614498138, 0.694410741329, 0.228786885738, 0.026853127405, 0.00339516391978, 1.90327591554e-05, 4.37275460285e-09],
        "dvar2": [0.0692841187119, 18.9311218262, 394.674468994, 915.11895752, 2281.14160156, 857.213806152, 679.664306641, 1312.00952148, 223.655227661, 355.134094238, 1506.77368164, 975.772399902, 3141.62792969, 2960.32250977, 579.019042969, 8715.68457031, 5520.68847656, 12163.0566406, 1030.38818359, 719.318603516, 1904.65808105, 540.83581543, 622.915161133, 305.972991943, 250.668991089, 149.6978302, 238.289245605, 106.359565735, 65.3076782227, 54.0181503296, 102.139755249, 11.1266555786, 5.56717300415, 3.17289185524, 1.72776019573, 0.576307952404, 0.0658612325788, 0.00863363780081, 5.08620250912e-05, 1.08756363915e-08],
        "max": [3.26142144203, 49.9682235718, 191.505050659, 259.601898193, 474.180603027, 336.541351318, 402.752380371, 494.17376709, 508.2081604, 346.758392334, 1052.63049316, 531.874938965, 674.740234375, 860.6953125, 508.699523926, 1543.6998291, 984.875244141, 1837.09313965, 446.498474121, 613.126403809, 1765.77392578, 385.696014404, 279.358032227, 280.258026123, 198.805297852, 118.83707428, 251.241210938, 112.549156189, 65.3036499023, 69.5105285645, 75.7973937988, 37.2391891479, 18.5001659393, 14.2003831863, 10.9491996765, 5.9313583374, 1.90430450439, 0.602098703384, 0.0591907389462, 0.000872080097906],
        "mean": [0.384782344103, 2.05195975304, 3.74037790298, 6.00574445724, 15.4285440445, 26.191160202, 19.6851234436, 26.7740573883, 25.2768974304, 32.808921814, 34.0993843079, 33.5918235779, 40.9959526062, 40.0997886658, 19.2291316986, 37.6943283081, 26.9399337769, 28.1742610931, 17.7924766541, 15.3401184082, 18.7893123627, 15.7337017059, 9.80370235443, 6.937084198, 5.53381443024, 3.96290135384, 3.67864489555, 2.55243015289, 2.14248919487, 1.84685182571, 1.91238307953, 0.98035299778, 0.631482481956, 0.429524034262, 0.260059714317, 0.143193542957, 0.0496315322816, 0.0131595022976, 0.000774152227677, 5.51388620806e-05],
        "median": [0.403142482042, 1.51395475864, 2.02247786522, 3.51655483246, 7.68950939178, 13.7074365616, 10.8080768585, 15.2488088608, 14.9577331543, 18.3963718414, 15.7017259598, 20.7328128815, 23.1396694183, 20.6625404358, 9.82173538208, 13.1806993484, 11.0460596085, 9.38274383545, 9.11449337006, 8.82524681091, 7.7432103157, 10.3085536957, 4.61303901672, 2.62811636925, 1.79959821701, 1.13796579838, 0.786695122719, 0.51601088047, 0.392870128155, 0.311647623777, 0.176911145449, 0.138549476862, 0.0764909163117, 0.0316764935851, 0.0150123471394, 0.00547548010945, 0.00131128320936, 0.000174458531546, 2.49450986303e-05, 3.94300150219e-05],
        "min": [5.18409922641e-21, 1.40699350916e-20, 1.12886501418e-20, 5.17999305015e-20, 7.53383371087e-20, 2.58110094076e-20, 9.80864631134e-20, 5.30244951427e-19, 1.01238542113e-18, 9.96720688275e-19, 3.4957699587e-19, 6.16730303384e-19, 1.00017871683e-18, 4.88421572622e-18, 2.38389874982e-18, 3.10157822686e-18, 4.03588534618e-18, 6.62660799366e-18, 7.15907366654e-18, 5.01002617508e-18, 4.53066467035e-18, 1.09010576052e-17, 9.92591092465e-18, 9.22270152486e-18, 1.27080683949e-17, 1.36158329427e-17, 1.59504708123e-17, 2.05230392117e-17, 1.25374111083e-17, 1.12881855765e-17, 1.54312429244e-17, 1.83661971973e-17, 1.79589100073e-17, 1.58703103935e-17, 8.46362765522e-18, 6.3311241896e-18, 3.96562297059e-18, 1.42122316119e-18, 2.78419197265e-19, 4.08718406339e-20],
        "var": [0.0848867669702, 10.2381105423, 123.676818848, 221.676528931, 972.469421387, 1172.89770508, 764.092102051, 1149.11022949, 1355.00512695, 1746.89611816, 3274.0546875, 1627.28857422, 2929.56811523, 4198.91748047, 870.180664062, 6547.41845703, 3244.98657227, 6166.22412109, 832.419555664, 594.125061035, 2970.67211914, 378.742279053, 300.044525146, 193.754669189, 129.070404053, 74.2025680542, 99.4076309204, 52.9260215759, 29.8027839661, 26.6092338562, 35.5647087097, 6.88682317734, 2.72712898254, 1.4638453722, 0.669854104519, 0.206173911691, 0.0253337379545, 0.0027691309806, 1.35170230351e-05, 4.76955586137e-09]
    },
    "gfcc": {
        "mean": [-34.0324707031, 140.787155151, -112.242546082, 16.9060344696, -46.5434265137, 6.87771320343, -33.4574432373, 6.69400310516, -17.1462478638, -2.68768763542, -12.2179555893, 0.928629338741, -5.25846195221],
        "cov": [[20179.4433594, 448.974609375, -274.810180664, 1230.46691895, -486.664489746, 1184.82922363, 5.00100564957, 718.661499023, 21.9664497375, 585.196838379, -131.638763428, 374.818695068, -39.0579948425], [448.974609375, 2335.09423828, -775.4921875, -306.879516602, 298.133239746, -372.469543457, 172.476959229, -192.497589111, 152.069564819, -241.382247925, 262.261230469, -235.585235596, 146.650100708], [-274.810180664, -775.4921875, 933.889892578, 180.242630005, -60.2410392761, 347.961853027, -75.678855896, 188.352890015, 74.4135818481, 146.977996826, -108.608810425, 140.616287231, -86.5704193115], [1230.46691895, -306.879516602, 180.242630005, 393.506164551, -35.4272956848, 235.539260864, 50.7949180603, 142.296447754, 39.9937286377, 92.9074554443, -15.6233778, 66.2974090576, 8.33598518372], [-486.664489746, 298.133239746, -60.2410392761, -35.4272956848, 361.488861084, 25.9438152313, 103.163391113, 23.8009624481, 52.8976860046, -8.99418926239, 53.7412490845, -25.8727416992, 26.2130355835], [1184.82922363, -372.469543457, 347.961853027, 235.539260864, 25.9438152313, 411.127563477, 49.6956672668, 189.319549561, 63.5690460205, 142.515029907, -31.9633960724, 98.9464187622, -24.9759654999], [5.00100564957, 172.476959229, -75.678855896, 50.7949180603, 103.163391113, 49.6956672668, 188.417404175, 73.3547668457, 35.5125961304, -1.93639039993, 35.2795715332, -21.7397384644, 28.4736328125], [718.661499023, -192.497589111, 188.352890015, 142.296447754, 23.8009624481, 189.319549561, 73.3547668457, 233.43800354, 79.9727859497, 79.0677108765, -44.1951446533, 48.1335868835, -10.3892612457], [21.9664497375, 152.069564819, 74.4135818481, 39.9937286377, 52.8976860046, 63.5690460205, 35.5125961304, 79.9727859497, 145.537185669, 29.4325294495, 14.8705978394, -7.74824810028, 14.1755609512], [585.196838379, -241.382247925, 146.977996826, 92.9074554443, -8.99418926239, 142.515029907, -1.93639039993, 79.0677108765, 29.4325294495, 136.624191284, -4.5203576088, 45.3247299194, -24.7420978546], [-131.638763428, 262.261230469, -108.608810425, -15.6233778, 53.7412490845, -31.9633960724, 35.2795715332, -44.1951446533, 14.8705978394, -4.5203576088, 107.459030151, -10.3667268753, 15.0316696167], [374.818695068, -235.585235596, 140.616287231, 66.2974090576, -25.8727416992, 98.9464187622, -21.7397384644, 48.1335868835, -7.74824810028, 45.3247299194, -10.3667268753, 103.504814148, 2.57722401619], [-39.0579948425, 146.650100708, -86.5704193115, 8.33598518372, 26.2130355835, -24.9759654999, 28.4736328125, -10.3892612457, 14.1755609512, -24.7420978546, 15.0316696167, 2.57722401619, 77.8970947266]],
        "icov": [[0.000166070050909, -0.000396568560973, 0.000356560631189, -0.000415585876908, 0.000245835428359, -0.000412443303503, 0.000307491252897, -0.000286520808004, 0.00046422178275, -0.000657456810586, 0.000781745126005, -0.000679747492541, 0.00048334497842], [-0.000396568560973, 0.00221787742339, -0.000443817145424, 0.00146888627205, -0.00079865072621, 0.000752622960135, -0.00065497594187, 0.000548863143194, -0.00242526433431, 0.00292774103582, -0.0040178373456, 0.00302195735276, -0.0021553861443], [0.000356560631189, -0.000443817145424, 0.00318002514541, -0.000753673375584, 0.000414277019445, -0.00211959262379, 0.00131987570785, -0.000517318141647, -0.000759289541747, -0.000949597160798, 0.00254381704144, -0.00294474395923, 0.00270172231831], [-0.000415585876908, 0.00146888627205, -0.000753673375584, 0.00560875516385, 0.000209836274735, -0.00105298764538, -0.00118798378389, -0.000462302094093, -0.00124765594956, 0.00157123012468, -0.00336109218188, 0.00226443167776, -0.00314739020541], [0.000245835428359, -0.00079865072621, 0.000414277019445, 0.000209836274735, 0.00413112062961, -0.00135667843278, -0.00112612487283, -0.000407016748795, 0.000214844869333, -0.000911789073143, 0.000264362024609, -0.000687069259584, 0.000239976798184], [-0.000412443303503, 0.000752622960135, -0.00211959262379, -0.00105298764538, -0.00135667843278, 0.00831559393555, -0.00212868046947, -0.000681843841448, -0.0011730507249, -0.00176104053389, -0.0010599604575, -0.00107665290125, -0.000162434153026], [0.000307491252897, -0.00065497594187, 0.00131987570785, -0.00118798378389, -0.00112612487283, -0.00212868046947, 0.0106353200972, -0.00546516152099, 0.00249808514491, 0.000547902483959, -0.0024856524542, 0.00263588549569, -0.00182689295616], [-0.000286520808004, 0.000548863143194, -0.000517318141647, -0.000462302094093, -0.000407016748795, -0.000681843841448, -0.00546516152099, 0.0125320963562, -0.00588591210544, -0.000913508294616, 0.00492853065953, -0.00273186643608, 0.00180532748345], [0.00046422178275, -0.00242526433431, -0.000759289541747, -0.00124765594956, 0.000214844869333, -0.0011730507249, 0.00249808514491, -0.00588591210544, 0.0142151201144, -0.00399572495371, 0.000175902358023, 0.00194805359934, -0.00201264233328], [-0.000657456810586, 0.00292774103582, -0.000949597160798, 0.00157123012468, -0.000911789073143, -0.00176104053389, 0.000547902483959, -0.000913508294616, -0.00399572495371, 0.0172870699316, -0.00776464585215, 0.00267734844238, -1.71525480255e-05], [0.000781745126005, -0.0040178373456, 0.00254381704144, -0.00336109218188, 0.000264362024609, -0.0010599604575, -0.0024856524542, 0.00492853065953, 0.000175902358023, -0.00776464585215, 0.0224749725312, -0.00949258822948, 0.00575867528096], [-0.000679747492541, 0.00302195735276, -0.00294474395923, 0.00226443167776, -0.000687069259584, -0.00107665290125, 0.00263588549569, -0.00273186643608, 0.00194805359934, 0.00267734844238, -0.00949258822948, 0.0224896520376, -0.00940320640802], [0.00048334497842, -0.0021553861443, 0.00270172231831, -0.00314739020541, 0.000239976798184, -0.000162434153026, -0.00182689295616, 0.00180532748345, -0.00201264233328, -1.71525480255e-05, 0.00575867528096, -0.00940320640802, 0.0208133105189]]
    },
    "melbands": {
        "dmean": [0.000559091509786, 0.000996228540316, 0.000826430681627, 0.000642685452476, 0.000231561018154, 0.000197408138774, 0.000100291828858, 8.60624713823e-05, 0.000108767068014, 8.40990032884e-05, 8.88720314833e-05, 7.15895803296e-05, 3.46070773958e-05, 4.0602619265e-05, 6.66680862196e-05, 3.32401541527e-05, 2.84241414192e-05, 1.52417433128e-05, 1.80022270797e-05, 6.776157079e-06, 1.1807644114e-05, 9.52471873461e-06, 5.15422016178e-06, 5.80246842219e-06, 3.68308860743e-06, 3.15476040669e-06, 3.05721459881e-06, 1.7159983372e-06, 2.00508202397e-06, 1.3197361568e-06, 1.17374156616e-06, 1.06152810986e-06, 6.56852648717e-07, 8.50943649766e-07, 1.2500943285e-06, 5.53349138954e-07, 4.10711209042e-07, 3.73209644522e-07, 2.77456820186e-07, 3.03018566683e-07],
        "dmean2": [0.000798229069915, 0.00156493019313, 0.00139713310637, 0.00103388354182, 0.000356809003279, 0.000304490706185, 0.000141557567986, 0.000118721269246, 0.000149706364027, 0.000121062403196, 0.000136305956403, 0.000108219421236, 5.16341970069e-05, 6.00148377998e-05, 0.000103046186268, 5.40621804248e-05, 4.66378041892e-05, 2.38007796725e-05, 2.87272396235e-05, 1.05783774416e-05, 1.72613727045e-05, 1.50942323671e-05, 8.31912529975e-06, 8.94264121598e-06, 5.66189510209e-06, 4.88284013045e-06, 5.00979058415e-06, 2.76801893051e-06, 3.19150285577e-06, 2.07817129194e-06, 1.94999347514e-06, 1.83158635991e-06, 1.07221967482e-06, 1.45384126427e-06, 2.1954656404e-06, 9.11370932499e-07, 6.52360938602e-07, 6.25965469681e-07, 4.69030794648e-07, 5.01911642914e-07],
        "dvar": [4.0213722059e-06, 2.6092693588e-05, 1.08237236418e-05, 2.92552363135e-06, 2.66425132622e-07, 2.31257359928e-07, 2.71193094648e-08, 1.90903985953e-08, 6.05245560337e-08, 2.41885267371e-08, 3.31948832866e-08, 2.37761881294e-08, 4.79693085254e-09, 1.30836106393e-08, 4.91703247008e-08, 1.70372729258e-08, 1.38096423186e-08, 1.49324408394e-09, 1.91406379635e-09, 2.18122839235e-10, 2.11780926129e-09, 3.49675927103e-10, 1.7680848452e-10, 2.66520805425e-10, 9.52534162657e-11, 9.15285625069e-11, 1.09597386722e-10, 2.61599492068e-11, 4.24242065089e-11, 1.68313765703e-11, 2.36306529899e-11, 1.22672549202e-11, 4.72564955917e-12, 1.15592639627e-11, 2.0501439088e-11, 4.11856052734e-12, 1.53623522323e-12, 1.44041473627e-12, 7.82630037166e-13, 1.08684036163e-12],
        "dvar2": [8.87625901669e-06, 6.01802421443e-05, 2.87246566586e-05, 7.14657880962e-06, 6.94823313552e-07, 6.42487123059e-07, 4.95484684393e-08, 3.54889095888e-08, 1.21104832829e-07, 5.36118065497e-08, 8.09954201486e-08, 5.36242055205e-08, 9.98015714515e-09, 2.61857682204e-08, 1.1442129022e-07, 4.54393749294e-08, 3.68040069532e-08, 3.21628768063e-09, 4.38746727838e-09, 4.91666429792e-10, 3.45758977005e-09, 8.95021279312e-10, 4.83938888962e-10, 6.1967270204e-10, 2.11461625987e-10, 2.0103052556e-10, 2.85205220552e-10, 6.38431252309e-11, 1.04679258317e-10, 4.00535195288e-11, 5.79592311645e-11, 3.24735897894e-11, 1.16858293875e-11, 3.14068181184e-11, 5.59738366768e-11, 9.9858940561e-12, 3.51971294991e-12, 3.56435779329e-12, 2.04961958863e-12, 2.67434945717e-12],
        "max": [0.0370488092303, 0.0757828056812, 0.0424891151488, 0.022982545197, 0.0114144738764, 0.0105126649141, 0.00653496105224, 0.0031764106825, 0.00787258241326, 0.00383750488982, 0.00351518345997, 0.00365511979908, 0.00239000166766, 0.00290643423796, 0.00477230036631, 0.00340836355463, 0.00321671017446, 0.000977378454991, 0.00102789443918, 0.000389992492273, 0.00239875004627, 0.000585927744396, 0.000198114008526, 0.000585999921896, 0.000195269050892, 0.000205485936021, 0.000223832190386, 7.4122363003e-05, 0.000150966094225, 8.07005053503e-05, 8.59817446326e-05, 4.39115610789e-05, 4.20581018261e-05, 5.39749235031e-05, 5.83924011153e-05, 3.52652787114e-05, 2.08367437153e-05, 1.3651957488e-05, 1.30733515107e-05, 1.3953657799e-05],
        "mean": [0.00316833262332, 0.00222780625336, 0.00131611491088, 0.00157561071683, 0.000765917939134, 0.000597177830059, 0.000416564376792, 0.000326030305587, 0.000291568605462, 0.000232580583543, 0.000208142970223, 0.000167164835148, 7.12778419256e-05, 7.63194548199e-05, 0.000110664317617, 5.49900905753e-05, 4.76077693747e-05, 2.60095566773e-05, 2.96722118946e-05, 1.39544308695e-05, 2.29076595133e-05, 1.70666662598e-05, 9.02610099729e-06, 8.61164608068e-06, 5.34181026524e-06, 4.41030852016e-06, 3.89724073102e-06, 2.26809993364e-06, 2.37926451518e-06, 1.69685176843e-06, 1.49005393268e-06, 1.30991702463e-06, 9.56911094363e-07, 1.06205402517e-06, 1.25645669868e-06, 6.98563042079e-07, 5.74842658807e-07, 4.77868013604e-07, 3.48892569946e-07, 3.68724556665e-07],
        "median": [0.00293716485612, 0.00146229704842, 0.000785341486335, 0.000851430348121, 0.000441816751845, 0.000344948435668, 0.000251702906098, 0.000183535725228, 0.000119814991194, 0.000137771203299, 0.000112903420813, 8.37353873067e-05, 3.45312619174e-05, 2.61682398559e-05, 3.01372438116e-05, 1.94241765712e-05, 1.49280276673e-05, 1.18387615657e-05, 1.40932543218e-05, 7.54600523578e-06, 7.87375938671e-06, 1.0841542462e-05, 4.50901916338e-06, 3.45251373801e-06, 1.7581130578e-06, 1.15738077966e-06, 1.02349576991e-06, 5.19528953191e-07, 4.58942878367e-07, 3.25942636437e-07, 2.40510445337e-07, 2.03952936317e-07, 2.05132565156e-07, 1.51650496605e-07, 1.04758761665e-07, 7.08224447976e-08, 8.73921877087e-08, 5.89571378384e-08, 3.30528244774e-08, 2.33025101437e-08],
        "min": [3.69547665513e-23, 9.70319108261e-24, 9.28238585449e-24, 3.64856254489e-24, 2.68211583648e-24, 1.17685062408e-23, 1.68105548928e-23, 9.48189272173e-24, 2.74464351563e-24, 3.80777321379e-24, 4.12517179344e-24, 1.81987197386e-23, 1.10547701374e-23, 6.25450656401e-24, 1.32104019806e-23, 5.43467103535e-24, 1.31577683922e-23, 1.17281851934e-23, 7.82870453279e-24, 4.91563369187e-24, 5.5171077888e-24, 1.17837359895e-23, 8.69933481514e-24, 1.00111473917e-23, 6.70816311566e-24, 1.01036776204e-23, 7.82788490631e-24, 9.25203995319e-24, 1.00167924803e-23, 1.10848423039e-23, 1.21997512542e-23, 7.35598989053e-24, 6.12630996159e-24, 6.09359313884e-24, 8.55022117139e-24, 8.83630552298e-24, 1.24898871954e-23, 1.13411361123e-23, 1.52063936202e-23, 1.27830989052e-23],
        "var": [8.49544176162e-06, 2.6361341952e-05, 8.42241024657e-06, 4.74647140436e-06, 8.98062069155e-07, 5.42752275123e-07, 2.78788547803e-07, 1.64379585499e-07, 2.51819216146e-07, 8.16883058974e-08, 7.84946010413e-08, 7.7121569575e-08, 1.48097996089e-08, 2.73769042991e-08, 7.93295100721e-08, 2.22638334435e-08, 1.87487341208e-08, 2.43238829079e-09, 3.46125528239e-09, 5.03955766007e-10, 5.28856292092e-09, 5.21253262775e-10, 2.14744333427e-10, 3.32672278613e-10, 1.293377766e-10, 1.26992194538e-10, 1.01701196076e-10, 2.97180613451e-11, 4.24953648659e-11, 2.00308138132e-11, 2.45931348203e-11, 1.23209879799e-11, 6.56932321041e-12, 1.05883288248e-11, 1.65428903215e-11, 4.79314548121e-12, 2.16789195102e-12, 1.63070013222e-12, 8.925501397e-13, 1.19774210081e-12]
    },
    "mfcc": {
        "mean": [-673.810119629, 171.992858887, -2.4860291481, 16.8606624603, 5.44802379608, 1.89663887024, -2.76507210732, 5.81590604782, -0.178016841412, -0.0773543789983, -2.15292072296, 0.587553977966, -2.60954046249],
        "cov": [[10067.2744141, 20.512014389, 507.01373291, 433.947906494, 151.301834106, 477.486541748, 181.693588257, 321.456420898, 232.512008667, 226.698043823, 160.105331421, 167.595779419, 130.960678101], [20.512014389, 2310.79956055, -679.846618652, 15.6304931641, 54.6015167236, -131.535995483, 10.5108718872, -21.6768436432, -73.8022842407, -46.5157432556, -26.0333137512, 45.0687294006, -8.29547119141], [507.01373291, -679.846618652, 855.921569824, -13.5068101883, 76.5783004761, 140.801116943, -52.5609817505, 113.789741516, 99.0567550659, 70.3466339111, 102.791107178, 22.9644603729, 57.6307525635], [433.947906494, 15.6304931641, -13.5068101883, 198.556655884, 22.6085777283, 41.2842674255, 50.9565048218, 56.0016021729, 43.0208206177, 46.2097129822, 11.8180570602, 23.4502925873, 14.5755748749], [151.301834106, 54.6015167236, 76.5783004761, 22.6085777283, 221.735595703, 96.0165023804, 27.5332889557, 60.8790855408, 61.0691833496, 47.2406997681, 49.4022903442, 31.8049697876, 18.0545043945], [477.486541748, -131.535995483, 140.801116943, 41.2842674255, 96.0165023804, 194.668258667, 80.5085372925, 69.3731079102, 59.1188011169, 51.6985168457, 55.3667907715, 50.2243995667, 29.5204315186], [181.693588257, 10.5108718872, -52.5609817505, 50.9565048218, 27.5332889557, 80.5085372925, 164.096862793, 72.0159683228, 41.5752105713, 42.2244987488, 33.6348609924, 31.374124527, 7.97955274582], [321.456420898, -21.6768436432, 113.789741516, 56.0016021729, 60.8790855408, 69.3731079102, 72.0159683228, 169.658462524, 108.268295288, 66.076499939, 55.8249549866, 37.0032920837, 27.704284668], [232.512008667, -73.8022842407, 99.0567550659, 43.0208206177, 61.0691833496, 59.1188011169, 41.5752105713, 108.268295288, 162.714141846, 94.9324798584, 42.6058616638, 22.6608867645, 12.9021940231], [226.698043823, -46.5157432556, 70.3466339111, 46.2097129822, 47.2406997681, 51.6985168457, 42.2244987488, 66.076499939, 94.9324798584, 146.221694946, 80.4876022339, 14.1682748795, 3.54170584679], [160.105331421, -26.0333137512, 102.791107178, 11.8180570602, 49.4022903442, 55.3667907715, 33.6348609924, 55.8249549866, 42.6058616638, 80.4876022339, 136.692596436, 48.091129303, -4.91679668427], [167.595779419, 45.0687294006, 22.9644603729, 23.4502925873, 31.8049697876, 50.2243995667, 31.374124527, 37.0032920837, 22.6608867645, 14.1682748795, 48.091129303, 102.05934906, 41.1012268066], [130.960678101, -8.29547119141, 57.6307525635, 14.5755748749, 18.0545043945, 29.5204315186, 7.97955274582, 27.704284668, 12.9021940231, 3.54170584679, -4.91679668427, 41.1012268066, 105.560256958]],
