{
"lowlevel": {
    "average_loudness": 0.74122107029,
    "barkbands_crest": {
        "dmean": 2.87575435638,
        "dmean2": 4.79114723206,
        "dvar": 10.3476114273,
        "dvar2": 28.6688652039,
        "max": 25.927362442,
        "mean": 10.0300369263,
        "median": 9.0487651825,
        "min": 2.0726339817,
        "var": 19.0208644867
    },
    "barkbands_flatness_db": {
        "dmean": 0.0266674496233,
        "dmean2": 0.0420253872871,
        "dvar": 0.000844893220346,
        "dvar2": 0.00219204532914,
        "max": 0.404567122459,
        "mean": 0.171783983707,
        "median": 0.170257672668,
        "min": 0.0130071435124,
        "var": 0.00482868403196
    },
    "barkbands_kurtosis": {
        "dmean": 4.25938796997,
        "dmean2": 7.19800853729,
        "dvar": 113.560462952,
        "dvar2": 303.069519043,
        "max": 138.149612427,
        "mean": 4.53186035156,
        "median": 2.13848590851,
        "min": -1.82669579983,
        "var": 92.5461959839
    },
    "barkbands_skewness": {
        "dmean": 0.667003452778,
        "dmean2": 1.04488730431,
        "dvar": 0.944230318069,
        "dvar2": 2.26603245735,
        "max": 10.4472723007,
        "mean": 1.51772451401,
        "median": 1.32191455364,
        "min": -5.06637144089,
        "var": 1.50127732754
    },
    "barkbands_spread": {
        "dmean": 4.14424467087,
        "dmean2": 6.34804201126,
        "dvar": 26.4862117767,
        "dvar2": 58.7178764343,
        "max": 86.5436019897,
        "mean": 15.830786705,
        "median": 12.2071886063,
        "min": 1.13808751106,
        "var": 140.564529419
    },
    "dissonance": {
        "dmean": 0.0231790877879,
        "dmean2": 0.0381917767227,
        "dvar": 0.000487884011818,
        "dvar2": 0.00127015379258,
        "max": 0.500000059605,
        "mean": 0.442796111107,
        "median": 0.449118196964,
        "min": 0.19700153172,
        "var": 0.00148433831055
    },
    "dynamic_complexity": 5.49487495422,
    "erbbands_crest": {
        "dmean": 2.48438644409,
        "dmean2": 3.86213779449,
        "dvar": 6.18534088135,
        "dvar2": 14.0821332932,
        "max": 31.9445343018,
        "mean": 9.79352474213,
        "median": 8.73095607758,
        "min": 2.19946265221,
        "var": 21.9044094086
    },
    "erbbands_flatness_db": {
        "dmean": 0.0209430977702,
        "dmean2": 0.0295847896487,
        "dvar": 0.000673624046613,
        "dvar2": 0.0012658565538,
        "max": 0.458889961243,
        "mean": 0.197695896029,
        "median": 0.188170492649,
        "min": 0.0350864492357,
        "var": 0.0059395795688
    },
    "erbbands_kurtosis": {
        "dmean": 0.881713330746,
        "dmean2": 1.34674358368,
        "dvar": 1.67055857182,
        "dvar2": 3.73042845726,
        "max": 33.1432876587,
        "mean": 0.712337970734,
        "median": 0.131430387497,
        "min": -1.78253245354,
        "var": 4.50684785843
    },
    "erbbands_skewness": {
        "dmean": 0.325447052717,
        "dmean2": 0.49094414711,
        "dvar": 0.0911994948983,
        "dvar2": 0.206720262766,
        "max": 4.01677846909,
        "mean": 0.550299108028,
        "median": 0.569957852364,
        "min": -4.63478755951,
        "var": 0.485390067101
    },
    "erbbands_spread": {
        "dmean": 7.37484550476,
        "dmean2": 10.9366788864,
        "dvar": 85.2998428345,
        "dvar2": 174.865112305,
        "max": 110.537498474,
        "mean": 30.9007759094,
        "median": 26.4102077484,
        "min": 1.61019325256,
        "var": 305.560028076
    },
    "hfc": {
        "dmean": 5.22622299194,
        "dmean2": 7.79094219208,
        "dvar": 85.2576370239,
        "dvar2": 192.367614746,
        "max": 117.492919922,
        "mean": 13.0226659775,
        "median": 8.29592037201,
        "min": 2.45309206975e-11,
        "var": 192.956787109
    },
    "melbands_crest": {
        "dmean": 3.4399189949,
        "dmean2": 5.61197757721,
        "dvar": 11.0705070496,
        "dvar2": 30.8967781067,
        "max": 31.8039093018,
        "mean": 13.6522846222,
        "median": 12.3645820618,
        "min": 2.29290390015,
        "var": 28.6474895477
    },
    "melbands_flatness_db": {
        "dmean": 0.0313442200422,
        "dmean2": 0.0479192249477,
        "dvar": 0.00115066056605,
        "dvar2": 0.00285517727025,
        "max": 0.485138744116,
        "mean": 0.233524858952,
        "median": 0.234493196011,
        "min": 0.0121756643057,
        "var": 0.00605032546446
    },
    "melbands_kurtosis": {
        "dmean": 9.33551311493,
        "dmean2": 15.6509342194,
        "dvar": 543.358703613,
        "dvar2": 1408.05175781,
        "max": 295.80380249,
        "mean": 11.1842861176,
        "median": 5.32813072205,
        "min": -1.78932487965,
        "var": 468.805389404
    },
    "melbands_skewness": {
        "dmean": 0.86136329174,
        "dmean2": 1.34280002117,
        "dvar": 1.63368904591,
        "dvar2": 3.79611325264,
        "max": 14.7679920197,
        "mean": 2.23623871803,
        "median": 1.88197183609,
        "min": -3.59373617172,
        "var": 2.69391989708
    },
    "melbands_spread": {
        "dmean": 5.35021877289,
        "dmean2": 8.35240650177,
        "dvar": 52.750705719,
        "dvar2": 117.613609314,
        "max": 178.53956604,
        "mean": 17.9878063202,
        "median": 14.3406429291,
        "min": 0.960896730423,
        "var": 190.129074097
    },
    "pitch_salience": {
        "dmean": 0.0786838531494,
        "dmean2": 0.128944844007,
        "dvar": 0.00677110813558,
        "dvar2": 0.017833089456,
        "max": 0.910530567169,
        "mean": 0.550326347351,
        "median": 0.562635779381,
        "min": 0.0833049640059,
        "var": 0.0152770020068
    },
    "silence_rate_20dB": {
        "dmean": 0,
        "dmean2": 0,
        "dvar": 0,
        "dvar2": 0,
        "max": 1,
        "mean": 1,
        "median": 1,
        "min": 1,
        "var": 0
    },
    "silence_rate_30dB": {
        "dmean": 0.0619358085096,
        "dmean2": 0.123887144029,
        "dvar": 0.0581030957401,
        "dvar2": 0.11555121094,
        "max": 1,
        "mean": 0.938824117184,
        "median": 1,
        "min": 0,
        "var": 0.0574375838041
    },
    "silence_rate_60dB": {
        "dmean": 0.0393681041896,
        "dmean2": 0.0787460803986,
        "dvar": 0.03782312572,
        "dvar2": 0.08032143116,
        "max": 1,
        "mean": 0.193055033684,
        "median": 0,
        "min": 0,
        "var": 0.155792012811
    },
    "spectral_centroid": {
        "dmean": 190.056182861,
        "dmean2": 284.134796143,
        "dvar": 62055.1289062,
        "dvar2": 131928.3125,
        "max": 4335.49023438,
        "mean": 1030.08581543,
        "median": 871.833679199,
        "min": 279.846160889,
        "var": 308690.125
    },
    "spectral_complexity": {
        "dmean": 3.10707116127,
        "dmean2": 4.6243262291,
        "dvar": 16.976852417,
        "dvar2": 30.4407749176,
        "max": 61,
        "mean": 13.8830385208,
        "median": 13,
        "min": 0,
        "var": 70.2338256836
    },
    "spectral_decrease": {
        "dmean": 5.43510836337e-09,
        "dmean2": 9.03191743618e-09,
        "dvar": 1.68448793711e-16,
        "dvar2": 4.2798626649e-16,
        "max": -1.2831090205e-22,
        "mean": -7.85711495865e-09,
        "median": -4.02449362724e-09,
        "min": -8.84047679506e-08,
        "var": 1.59328485565e-16
    },
    "spectral_energy": {
        "dmean": 0.0209418684244,
        "dmean2": 0.0347104743123,
        "dvar": 0.00245023658499,
        "dvar2": 0.00621748017147,
        "max": 0.336948007345,
        "mean": 0.0308357700706,
        "median": 0.0160737521946,
        "min": 2.70930116212e-15,
        "var": 0.00234818900935
    },
    "spectral_energyband_high": {
        "dmean": 0.000203264440643,
        "dmean2": 0.000307319831336,
        "dvar": 2.51964195286e-07,
        "dvar2": 6.04810679761e-07,
        "max": 0.00817008409649,
        "mean": 0.000342872663168,
        "median": 7.10567037459e-05,
        "min": 2.1038811867e-15,
        "var": 4.54555930673e-07
    },
    "spectral_energyband_low": {
        "dmean": 0.0160225462168,
        "dmean2": 0.0276197139174,
        "dvar": 0.00225021527149,
        "dvar2": 0.00580071937293,
        "max": 0.322077333927,
        "mean": 0.0145428320393,
        "median": 0.00224868534133,
        "min": 4.27003966351e-17,
        "var": 0.00179428630508
    },
    "spectral_energyband_middle_high": {
        "dmean": 0.0012392118806,
        "dmean2": 0.00180028728209,
        "dvar": 3.52456436303e-06,
        "dvar2": 7.08853303877e-06,
        "max": 0.0320309996605,
        "mean": 0.00295666279271,
        "median": 0.00188743614126,
        "min": 4.22021010489e-16,
        "var": 9.73616261035e-06
    },
    "spectral_energyband_middle_low": {
        "dmean": 0.00611452758312,
        "dmean2": 0.00984297692776,
        "dvar": 0.000229956247495,
        "dvar2": 0.000599606079049,
        "max": 0.176303043962,
        "mean": 0.0141152115539,
        "median": 0.00721784727648,
        "min": 1.28190786801e-16,
        "var": 0.000326652982039
    },
    "spectral_entropy": {
        "dmean": 0.178851783276,
        "dmean2": 0.256159603596,
        "dvar": 0.0448835864663,
        "dvar2": 0.0888541638851,
        "max": 9.31149196625,
        "mean": 7.29595327377,
        "median": 7.32745027542,
        "min": 5.54144620895,
        "var": 0.312894403934
    },
    "spectral_flux": {
        "dmean": 0.0400184430182,
        "dmean2": 0.0640695914626,
        "dvar": 0.00499263312668,
        "dvar2": 0.010943655856,
        "max": 0.540620326996,
        "mean": 0.0821313634515,
        "median": 0.0509015917778,
        "min": 5.98831684329e-06,
        "var": 0.00865344610065
    },
    "spectral_kurtosis": {
        "dmean": 3.91294908524,
        "dmean2": 6.60969495773,
        "dvar": 36.9769096375,
        "dvar2": 102.944709778,
        "max": 94.9672546387,
        "mean": 8.18377590179,
        "median": 5.10410404205,
        "min": -0.940915107727,
        "var": 82.1163024902
    },
    "spectral_rms": {
        "dmean": 0.00130215624813,
        "dmean2": 0.0020194996614,
        "dvar": 5.39748680239e-06,
        "dvar2": 1.26063687276e-05,
        "max": 0.0181309059262,
        "mean": 0.00445133028552,
        "median": 0.00396001385525,
        "min": 1.62579849583e-09,
        "var": 1.02693047666e-05
    },
    "spectral_rolloff": {
        "dmean": 365.401733398,
        "dmean2": 604.703491211,
        "dvar": 396626.3125,
        "dvar2": 846100.875,
        "max": 16709.765625,
        "mean": 1219.4630127,
        "median": 839.794921875,
        "min": 64.599609375,
        "var": 1524508.625
    },
    "spectral_skewness": {
        "dmean": 0.363376498222,
        "dmean2": 0.591407120228,
        "dvar": 0.202772378922,
        "dvar2": 0.54509973526,
        "max": 7.01274585724,
        "mean": 1.89209222794,
        "median": 1.74250376225,
        "min": -0.174853250384,
        "var": 0.669060826302
    },
    "spectral_spread": {
        "dmean": 508903.59375,
        "dmean2": 714952.9375,
        "dvar": 435300794368,
        "dvar2": 748125093888,
        "max": 23217170,
        "mean": 3810074.5,
        "median": 3512975,
        "min": 763271.9375,
        "var": 3.12498244813e+12
    },
    "spectral_strongpeak": {
        "dmean": 0.429866403341,
        "dmean2": 0.721100211143,
        "dvar": 0.372898757458,
        "dvar2": 0.876412630081,
        "max": 8.19753646851,
        "mean": 0.904250025749,
        "median": 0.562512874603,
        "min": 0,
        "var": 0.853543400764
    },
    "zerocrossingrate": {
        "dmean": 0.00776683073491,
        "dmean2": 0.0088317990303,
        "dvar": 8.47419796628e-05,
        "dvar2": 9.56724543357e-05,
        "max": 0.5380859375,
        "mean": 0.0480061210692,
        "median": 0.0390625,
        "min": 0.00634765625,
        "var": 0.00105158449151
    },
    "barkbands": {
        "dmean": [0.000294220983051, 0.0133844623342, 0.00271441880614, 0.00238691479899, 0.00247702584602, 0.000660888850689, 0.0009750930476, 0.0010014125146, 0.000655076873954, 0.000344534404576, 0.000224506031373, 0.000344845844666, 0.000122379831737, 0.000212141574593, 0.000124551457702, 0.0001347031357, 0.000164304699865, 8.09775156085e-05, 5.75204612687e-05, 5.81495369261e-05, 5.24210154254e-05, 4.40648946096e-05, 4.08254672948e-05, 2.79364303424e-05, 1.91719173017e-05, 1.28358042275e-05, 1.15655495847e-06],
        "dmean2": [0.000523147638887, 0.0233264230192, 0.00499711977318, 0.00409207586199, 0.00406815670431, 0.000995114911348, 0.00146639975719, 0.00154677336104, 0.000936719705351, 0.000495494925417, 0.000347161578247, 0.000537099374924, 0.000203440635232, 0.000329032103764, 0.000197362081963, 0.000210678321309, 0.000259164924501, 0.000125285281683, 8.83218890522e-05, 9.32917100727e-05, 8.3273909695e-05, 6.85279374011e-05, 6.38459459879e-05, 4.50135630672e-05, 3.07111040456e-05, 2.05683663808e-05, 1.92330548998e-06],
        "dvar": [5.41938391052e-07, 0.001818698016, 8.06917159935e-05, 6.70512818033e-05, 5.09352867084e-05, 1.99916394195e-06, 5.11149801241e-06, 5.39618667972e-06, 2.3918100851e-06, 6.35130845694e-07, 4.23165573693e-07, 7.41572648622e-07, 7.1505681376e-08, 2.20685222985e-07, 5.63170026169e-08, 1.94928404085e-07, 1.84560306593e-07, 3.67151145042e-08, 2.38498980565e-08, 2.45935343202e-08, 1.77572978544e-08, 1.37734881278e-08, 1.14274172347e-08, 4.77099693086e-09, 2.70951594494e-09, 1.3199308313e-09, 1.63715707657e-11],
        "dvar2": [1.62765445566e-06, 0.00482010981068, 0.000231802507187, 0.000183018564712, 0.000133700988954, 4.6575792112e-06, 1.0370342352e-05, 1.10057162601e-05, 4.51032110504e-06, 1.16409967177e-06, 8.65427921326e-07, 1.66629456544e-06, 1.86762164844e-07, 4.26325470926e-07, 1.23227394511e-07, 4.70315683287e-07, 4.38143644033e-07, 8.1083413761e-08, 5.00895893651e-08, 5.8705232675e-08, 4.43616698931e-08, 3.25905880061e-08, 2.81430736493e-08, 1.25412134011e-08, 6.94572133142e-09, 3.46492257108e-09, 4.22608267825e-11],
        "max": [0.00785287842155, 0.294883370399, 0.0802315175533, 0.088407382369, 0.0953622758389, 0.0354837365448, 0.0588398650289, 0.062173396349, 0.0345459803939, 0.0314335674047, 0.0202264674008, 0.0174311324954, 0.00561241013929, 0.0146931950003, 0.00430486630648, 0.00795495510101, 0.00689898524433, 0.0038650392089, 0.0027776574716, 0.00280685070902, 0.00246699666604, 0.00218571419828, 0.00212755915709, 0.000835678481963, 0.000579667103011, 0.000453337095678, 8.10296114651e-05],
        "mean": [0.0003164143709, 0.0106931412593, 0.00245080213062, 0.00247204187326, 0.00388042861596, 0.00136857631151, 0.00264862342738, 0.00227598310448, 0.00140218716115, 0.000626297842246, 0.000361977843568, 0.000542618276086, 0.000190872509847, 0.000374486844521, 0.000189856247744, 0.000186744364328, 0.000248614436714, 0.000130542641273, 8.93209944479e-05, 8.79595027072e-05, 8.26575851534e-05, 6.6933571361e-05, 6.08075788477e-05, 4.29986612289e-05, 2.8271580959e-05, 1.55377456394e-05, 1.10174937618e-06],
        "median": [9.08939637156e-06, 0.000641729857307, 0.000502941722516, 0.000371825881302, 0.00127009477001, 0.000508391414769, 0.000988365616649, 0.000662655511405, 0.000404467864428, 0.00024666718673, 0.000128974017571, 0.000185054552276, 9.18447985896e-05, 0.000146669830428, 7.7140830399e-05, 7.37064401619e-05, 8.01191490609e-05, 4.64326367364e-05, 2.92879194603e-05, 2.57493029494e-05, 1.93979340111e-05, 1.25546812342e-05, 7.64649757912e-06, 4.96680331707e-06, 2.07498896998e-06, 8.23903803848e-07, 2.81368173205e-08],
        "min": [1.97114426819e-17, 2.27320151114e-17, 7.98402420016e-18, 3.86799332443e-18, 1.2455141379e-17, 3.25040687877e-17, 2.33015620503e-17, 1.66247355081e-17, 3.88543442765e-17, 2.41978089353e-17, 5.47197974654e-17, 2.24597701194e-17, 2.61089137877e-17, 3.86063257503e-17, 2.37344852219e-17, 3.79242987916e-17, 2.85570309111e-17, 2.26075393184e-17, 8.84051066376e-17, 1.68830051181e-16, 2.55791191637e-16, 6.76489348421e-17, 1.25283637377e-16, 3.67964929512e-16, 1.88130411569e-16, 4.7187665508e-16, 5.12908678051e-16],
        "var": [6.43838291126e-07, 0.00135457189754, 4.96507454955e-05, 4.94113301102e-05, 5.25912655576e-05, 5.11977668793e-06, 2.03932559089e-05, 2.18108343688e-05, 7.85834890848e-06, 1.76594448931e-06, 8.88884699179e-07, 1.33223863941e-06, 1.0118739624e-07, 6.59692830141e-07, 9.88416317682e-08, 2.15137703208e-07, 3.03774726262e-07, 6.68003394821e-08, 3.84907608009e-08, 3.56607614549e-08, 2.85685999302e-08, 2.13590656273e-08, 1.77624510656e-08, 7.58116502908e-09, 3.78134679124e-09, 1.496808677e-09, 1.74526885999e-11]
    },
    "erbbands": {
        "dmean": [0.326477378607, 3.19081234932, 3.94254660606, 5.21977043152, 11.1210737228, 6.21915102005, 6.66773557663, 3.85231614113, 10.597114563, 19.255109787, 25.5795898438, 11.4507951736, 10.0223960876, 7.47342681885, 8.61691856384, 14.2492599487, 6.550137043, 8.33893585205, 8.46205329895, 7.26511859894, 6.63945674896, 9.60261821747, 4.69884252548, 3.33909916878, 2.78973340988, 2.74202132225, 2.27010560036, 1.98513031006, 1.64788508415, 1.37181389332, 1.12784576416, 0.7056620121, 0.418029010296, 0.223092079163, 0.138174176216, 0.0682575330138, 0.021098004654, 0.00352761615068, 0.000198037290829, 2.61898712779e-05],
        "dmean2": [0.548453629017, 5.67839050293, 7.13756465912, 9.27907562256, 18.7719192505, 9.91468143463, 10.0092668533, 5.86665391922, 15.83223629, 29.7166690826, 37.8571510315, 16.6544151306, 14.6070022583, 11.0198535919, 13.2076826096, 22.347650528, 10.4763803482, 13.135061264, 13.1381263733, 11.4292135239, 10.0820407867, 15.0896682739, 7.23769330978, 5.10511302948, 4.32023763657, 4.381316185, 3.64374279976, 3.14834117889, 2.57931232452, 2.12538361549, 1.80782711506, 1.148406744, 0.670256614685, 0.356226444244, 0.224032357335, 0.110216379166, 0.0338446460664, 0.0056625129655, 0.000329774746206, 4.27716840932e-05],
        "dvar": [0.814973771572, 114.064994812, 172.679092407, 245.494567871, 1561.32092285, 213.263793945, 188.823104858, 82.3204193115, 687.593505859, 2467.10058594, 3943.49951172, 651.17779541, 438.804260254, 184.967803955, 447.916595459, 1404.39099121, 205.284744263, 266.535430908, 354.767181396, 319.932128906, 416.565185547, 663.938293457, 128.345596313, 79.2627258301, 47.4851455688, 59.5942420959, 36.0965957642, 25.5952148438, 19.2631473541, 13.9170055389, 8.29805850983, 2.92842483521, 1.15275037289, 0.312465488911, 0.164421111345, 0.0390553623438, 0.0032884425018, 0.000107516534626, 5.54646817363e-07, 3.43366690636e-09],
        "dvar2": [2.02410554886, 310.106903076, 482.22076416, 688.828674316, 4089.84448242, 555.769104004, 407.755828857, 218.938278198, 1484.18395996, 4914.2109375, 7854.22509766, 1315.53369141, 799.617248535, 364.882415771, 928.208984375, 3257.76977539, 497.122161865, 625.664550781, 668.090759277, 722.988708496, 978.092956543, 1567.68969727, 282.062225342, 169.867355347, 99.9581832886, 139.485092163, 93.0302352905, 62.2182121277, 46.4212379456, 32.9827194214, 21.0972900391, 7.64479160309, 3.08856725693, 0.780422747135, 0.432953119278, 0.102462910116, 0.00867857877165, 0.000277481623925, 1.46167531057e-06, 8.65267946182e-09],
        "max": [7.87498855591, 71.3425827026, 108.084892273, 172.633529663, 425.011535645, 339.96661377, 306.579742432, 263.003753662, 789.588928223, 1574.76171875, 1778.9855957, 548.115234375, 730.369750977, 404.773712158, 642.181396484, 745.627197266, 337.903320312, 365.068359375, 634.774475098, 296.767974854, 446.660797119, 422.391265869, 196.407073975, 185.199203491, 123.689468384, 144.4087677, 117.939376831, 82.7772140503, 75.1951217651, 73.8785171509, 50.1230735779, 23.6197967529, 14.7255506516, 6.56361198425, 4.60979938507, 2.41527795792, 0.672519683838, 0.149317666888, 0.0147761488333, 0.00038068194408],
        "mean": [0.288944989443, 2.42514038086, 3.44662213326, 5.6782708168, 12.5809726715, 11.5357933044, 13.6031866074, 8.99989700317, 27.2306213379, 47.0958900452, 62.207069397, 26.0188446045, 18.6465454102, 14.6952610016, 14.9906492233, 22.8113384247, 11.5307683945, 14.6250944138, 14.9835519791, 10.9511346817, 10.1216812134, 14.9345445633, 7.81106472015, 5.26346588135, 4.4997215271, 4.18635654449, 3.6614086628, 2.92502236366, 2.47848153114, 2.05045819283, 1.66921305656, 1.03423166275, 0.655168890953, 0.355498105288, 0.181302860379, 0.0826106593013, 0.0253729466349, 0.00402315147221, 0.000198065899895, 3.91469839087e-05],
        "median": [0.0105377426371, 0.169699445367, 0.662234544754, 1.35464191437, 3.07005000114, 3.75989031792, 4.61101818085, 4.26258802414, 10.5971689224, 13.1006155014, 18.0144577026, 8.85224056244, 8.2094039917, 7.56992197037, 6.75074100494, 8.26195335388, 5.7497344017, 6.36965417862, 6.48109436035, 4.5694270134, 4.1898560524, 4.94419384003, 2.7916996479, 1.96981918812, 1.48091268539, 1.18390643597, 0.915106058121, 0.6101744771, 0.455501496792, 0.325065046549, 0.211041867733, 0.12386662513, 0.0690273046494, 0.0284744314849, 0.0129509428516, 0.00456272531301, 0.00136289710645, 0.000200021371711, 2.1486015612e-05, 2.05754040508e-05],
        "min": [9.4233018893e-16, 4.1438376439e-15, 9.23067791501e-15, 1.2120238488e-14, 1.61476599236e-14, 4.58482637435e-14, 1.42855847052e-13, 3.01475858167e-13, 3.69568362458e-13, 2.66269509696e-13, 5.37263050888e-13, 9.29584317508e-13, 3.95202533893e-13, 1.95395652783e-12, 1.40107077416e-12, 1.10422402558e-12, 1.03103495793e-12, 2.45824432858e-12, 1.49101087379e-12, 1.03010254406e-12, 2.316601121e-12, 1.60611237851e-12, 1.17255500014e-12, 3.40444946539e-12, 5.30093070134e-12, 8.46639772178e-12, 1.09954389343e-11, 7.63789639174e-12, 3.03239313e-12, 1.67502632858e-12, 4.61573314292e-12, 6.29845091013e-12, 6.30783966726e-12, 2.64850554682e-12, 1.21694668231e-12, 2.15404755664e-12, 9.09311959497e-13, 1.90988284215e-13, 1.12727101959e-13, 5.02393409873e-15],
        "var": [0.750900626183, 78.4456100464, 110.891036987, 174.425720215, 1260.93847656, 343.56072998, 546.649963379, 185.983779907, 2579.68798828, 9233.06933594, 15757.0146484, 2039.35339355, 1163.22521973, 503.188293457, 954.870544434, 2437.16259766, 355.988433838, 610.64666748, 1054.58178711, 432.962402344, 498.26461792, 1161.12158203, 244.531188965, 121.497398376, 84.6642684937, 85.8931732178, 54.5917320251, 38.8872337341, 29.5697345734, 21.1375541687, 12.7583618164, 4.34800338745, 1.83126270771, 0.531287431717, 0.184565871954, 0.0422547496855, 0.00396814756095, 0.000123986159451, 5.46260594092e-07, 3.45143380542e-09]
    },
    "gfcc": {
        "mean": [-67.1921386719, 120.11290741, -135.109695435, 16.0857982635, -62.5148124695, 1.44428396225, -34.7099342346, 0.222853347659, -14.2562046051, -0.73546308279, -13.2894115448, -4.98995828629, -11.1747837067],
        "cov": [[16800.5566406, -547.641479492, 2528.70239258, 1512.50366211, 170.485870361, 1177.59118652, -382.642211914, 907.813720703, -419.967956543, 160.978546143, -579.196350098, 27.9419174194, -442.157684326], [-547.641479492, 2746.40991211, -587.301879883, -383.36505127, 570.028076172, -559.585388184, 390.474822998, -335.269195557, 384.911712646, -278.745666504, 285.169677734, -202.091567993, 262.064727783], [2528.70239258, -587.301879883, 2124.70800781, 737.506286621, 341.115447998, 839.846618652, -40.1117095947, 535.121459961, -225.552597046, 249.270751953, -262.382293701, 124.648727417, -204.729568481], [1512.50366211, -383.36505127, 737.506286621, 807.566894531, 251.632156372, 462.863098145, 56.1491279602, 221.742630005, -85.9805984497, 91.958152771, -81.1015396118, 39.0727348328, -62.6133766174], [170.485870361, 570.028076172, 341.115447998, 251.632156372, 542.771057129, 138.075424194, 187.295883179, 83.4870681763, 79.3837127686, 19.8696575165, 23.1871032715, -4.46417140961, 15.306520462], [1177.59118652, -559.585388184, 839.846618652, 462.863098145, 138.075424194, 576.73828125, 18.7346000671, 285.384002686, -97.3553314209, 146.315567017, -106.808029175, 67.5793838501, -98.0801773071], [-382.642211914, 390.474822998, -40.1117095947, 56.1491279602, 187.295883179, 18.7346000671, 222.682601929, 10.8800258636, 105.403533936, -13.2690515518, 53.6440887451, -24.1194496155, 51.8291893005], [907.813720703, -335.269195557, 535.121459961, 221.742630005, 83.4870681763, 285.384002686, 10.8800258636, 303.254119873, -7.8535990715, 121.952896118, -72.3065872192, 38.5382118225, -65.2438735962], [-419.967956543, 384.911712646, -225.552597046, -85.9805984497, 79.3837127686, -97.3553314209, 105.403533936, -7.8535990715, 213.869247437, 16.6138706207, 87.6928329468, -40.274066925, 52.2530593872], [160.978546143, -278.745666504, 249.270751953, 91.958152771, 19.8696575165, 146.315567017, -13.2690515518, 121.952896118, 16.6138706207, 160.014831543, 6.89206933975, 38.9315643311, -55.6808013916], [-579.196350098, 285.169677734, -262.382293701, -81.1015396118, 23.1871032715, -106.808029175, 53.6440887451, -72.3065872192, 87.6928329468, 6.89206933975, 158.902130127, 4.8509721756, 57.9308624268], [27.9419174194, -202.091567993, 124.648727417, 39.0727348328, -4.46417140961, 67.5793838501, -24.1194496155, 38.5382118225, -40.274066925, 38.9315643311, 4.8509721756, 94.9137268066, 6.71932458878], [-442.157684326, 262.064727783, -204.729568481, -62.6133766174, 15.306520462, -98.0801773071, 51.8291893005, -65.2438735962, 52.2530593872, -55.6808013916, 57.9308624268, 6.71932458878, 115.965087891]],
        "icov": [[0.000124013269669, -0.000298366911011, 0.000118062336696, -0.000289862888167, 0.000264298345428, -0.000153497545398, 0.000365529558621, -0.000406467355788, 0.00010820152238, -2.15590389416e-05, 0.000386404717574, -0.000321800587699, 0.000408782536397], [-0.000298366911011, 0.00279850908555, -0.00146971957292, 0.00148834160063, -0.00235641491599, 0.00158948707394, -0.00160813785624, 0.00187491439283, -0.00166628253646, 0.00251583033241, -0.00340217654593, 0.00355421588756, -0.00237156683579], [0.000118062336696, -0.00146971957292, 0.00244172476232, -0.000794144230895, 0.000360595266102, -0.00196896167472, 0.00123733526561, -0.00192716764286, 0.00170338700991, -0.00198872131296, 0.00275093922392, -0.00222468469292, 0.00133552961051], [-0.000289862888167, 0.00148834160063, -0.000794144230895, 0.0035850876011, -0.00204417645, -0.0010589704616, -0.00108691188507, 0.00123486062512, -8.67865019245e-05, 0.00107537524309, -0.00206126226112, 0.00246628536843, -0.00193799450062], [0.000264298345428, -0.00235641491599, 0.000360595266102, -0.00204417645, 0.00551335699856, -0.000713279296178, -0.00110305240378, -0.00128141266759, 0.000371746515157, -0.00135252857581, 0.0022765554022, -0.00330393970944, 0.00254409597255], [-0.000153497545398, 0.00158948707394, -0.00196896167472, -0.0010589704616, -0.000713279296178, 0.00767174363136, -0.00272325519472, -0.000952070578933, 0.000345607870258, -0.000240588007728, -0.00146404048428, 0.0010096966289, -0.000559344072826], [0.000365529558621, -0.00160813785624, 0.00123733526561, -0.00108691188507, -0.00110305240378, -0.00272325519472, 0.010511206463, -0.00188978482038, -0.00195351406001, 0.000532189907972, 0.000911268522032, -0.000435881898738, -0.000587484973948], [-0.000406467355788, 0.00187491439283, -0.00192716764286, 0.00123486062512, -0.00128141266759, -0.000952070578933, -0.00188978482038, 0.010531803593, -0.00364472344518, -0.0017632455565, 0.000288099952741, 0.00128564052284, -0.00181126990356], [0.00010820152238, -0.00166628253646, 0.00170338700991, -8.67865019245e-05, 0.000371746515157, 0.000345607870258, -0.00195351406001, -0.00364472344518, 0.0121922725812, -0.00602561607957, -0.00044687645277, 0.00279188458808, -0.0021212445572], [-2.15590389416e-05, 0.00251583033241, -0.00198872131296, 0.00107537524309, -0.00135252857581, -0.000240588007728, 0.000532189907972, -0.0017632455565, -0.00602561607957, 0.0180818587542, -0.00763747887686, -0.00147062260658, 0.00534486863762], [0.000386404717574, -0.00340217654593, 0.00275093922392, -0.00206126226112, 0.0022765554022, -0.00146404048428, 0.000911268522032, 0.000288099952741, -0.00044687645277, -0.00763747887686, 0.0166957676411, -0.00674725277349, -0.0002937799145], [-0.000321800587699, 0.00355421588756, -0.00222468469292, 0.00246628536843, -0.00330393970944, 0.0010096966289, -0.000435881898738, 0.00128564052284, 0.00279188458808, -0.00147062260658, -0.00674725277349, 0.02140144445, -0.00948028359562], [0.000408782536397, -0.00237156683579, 0.00133552961051, -0.00193799450062, 0.00254409597255, -0.000559344072826, -0.000587484973948, -0.00181126990356, -0.0021212445572, 0.00534486863762, -0.0002937799145, -0.00948028359562, 0.0195056051016]]
    },
    "melbands": {
        "dmean": [0.0034453177359, 0.00285766576417, 0.00113560899626, 0.000625548884273, 0.000217618289753, 0.000102857549791, 0.000159315663041, 0.000201468821615, 0.00021879975975, 6.4019470301e-05, 5.38047679584e-05, 3.5298307921e-05, 3.25515575241e-05, 3.03465130855e-05, 3.60822996299e-05, 1.25106380438e-05, 1.57072936418e-05, 1.58730381372e-05, 1.01622508737e-05, 1.03569091152e-05, 7.49844775783e-06, 1.16349237942e-05, 5.08538050781e-06, 4.21955655838e-06, 2.68211124421e-06, 2.19548860514e-06, 2.1032371933e-06, 1.8299056137e-06, 1.50987034431e-06, 1.33656715207e-06, 1.13711621452e-06, 9.65119056673e-07, 8.49291097893e-07, 7.86641521699e-07, 6.68364180001e-07, 5.71793293602e-07, 4.07205249076e-07, 3.31383972707e-07, 2.20561744868e-07, 1.83812673527e-07],
        "dmean2": [0.00591969536617, 0.00510780559853, 0.00196551019326, 0.00103261671029, 0.000330633076373, 0.000155492962222, 0.000240809706156, 0.000312287302222, 0.000321242405334, 9.31340109673e-05, 7.81043127063e-05, 5.14503808517e-05, 4.99135421705e-05, 4.71445091534e-05, 5.70686934225e-05, 2.04307634704e-05, 2.46926156251e-05, 2.47228163062e-05, 1.61206935445e-05, 1.6490714188e-05, 1.15784223453e-05, 1.83824558917e-05, 8.02634167485e-06, 6.65101924824e-06, 4.17954652221e-06, 3.40937413057e-06, 3.3519563658e-06, 2.97642486657e-06, 2.47085449701e-06, 2.13887255995e-06, 1.83091037798e-06, 1.51889503286e-06, 1.37085658025e-06, 1.22232586364e-06, 1.06823017632e-06, 9.50608750827e-07, 6.75784804116e-07, 5.41418501143e-07, 3.57419708052e-07, 2.96973297509e-07],
        "dvar": [0.000109262764454, 9.00808445294e-05, 1.28985120682e-05, 3.76792831958e-06, 1.86377974387e-07, 5.52980274904e-08, 1.39664251719e-07, 2.34827012946e-07, 2.75775306591e-07, 1.9594811107e-08, 1.30866242287e-08, 4.61692284404e-09, 9.35261468271e-09, 7.0373333827e-09, 9.2188470191e-09, 7.82536868638e-10, 9.23087328797e-10, 1.65744862279e-09, 4.92778817751e-10, 1.05548969564e-09, 5.05704089715e-10, 9.81790870824e-10, 1.92783219943e-10, 1.01727209989e-10, 5.44078115894e-11, 3.17771087222e-11, 2.9215813796e-11, 2.68231218487e-11, 1.54546861419e-11, 1.24205559032e-11, 8.98666384364e-12, 6.58013921129e-12, 5.62054959866e-12, 4.49524185236e-12, 2.75901328693e-12, 2.30758402837e-12, 1.05176360243e-12, 7.76746559867e-13, 2.7229003015e-13, 2.23595529028e-13],
        "dvar2": [0.000283412402496, 0.000244623079197, 3.49321853719e-05, 9.86903160083e-06, 4.16252646573e-07, 1.41357190842e-07, 3.04744645518e-07, 4.78409276639e-07, 5.4948276329e-07, 3.86676717312e-08, 2.36832704559e-08, 8.7281906147e-09, 1.91816429407e-08, 1.52259005404e-08, 2.11590478472e-08, 1.98244021199e-09, 2.12620832052e-09, 3.03476932473e-09, 1.03756236935e-09, 2.55534837734e-09, 1.19094356599e-09, 2.27471241843e-09, 4.66304772573e-10, 2.37092234734e-10, 1.18861975817e-10, 6.97170446373e-11, 6.58381196783e-11, 6.5160508933e-11, 4.04930533549e-11, 3.13027867516e-11, 2.22513535375e-11, 1.58676197182e-11, 1.4168059087e-11, 1.05323614413e-11, 6.91514337112e-12, 6.16985412413e-12, 2.80377305574e-12, 2.11170273975e-12, 6.9397878286e-13, 5.61600624945e-13],
        "max": [0.079774685204, 0.0668239444494, 0.0371053479612, 0.0237086918205, 0.00891330745071, 0.00653092097491, 0.0104085467756, 0.0145772164688, 0.014311705716, 0.00284846872091, 0.00411194656044, 0.00235020136461, 0.00305960467085, 0.00170376722235, 0.00280971592292, 0.000573631201405, 0.0006792958593, 0.00145119219087, 0.000483427691506, 0.000598005892243, 0.000498743087519, 0.000516069761943, 0.000304323068121, 0.000228268705541, 0.000162235548487, 0.000104303187982, 9.05321430764e-05, 9.76074661594e-05, 7.10096064722e-05, 8.04454321042e-05, 5.04424569954e-05, 4.30836553278e-05, 4.66117780888e-05, 4.15956492361e-05, 2.88878200081e-05, 2.2457437808e-05, 1.47693526742e-05, 1.21963585116e-05, 6.5250874286e-06, 5.81890753892e-06],
        "mean": [0.00286565069109, 0.00236490671523, 0.00120992236771, 0.000915659009479, 0.000463471136754, 0.000244459399255, 0.000416449911427, 0.000479207839817, 0.000517296022736, 0.00013568844588, 9.71189147094e-05, 6.70695662848e-05, 5.28396194568e-05, 4.86356984766e-05, 5.53540521651e-05, 2.03504041565e-05, 2.70675009233e-05, 2.66908737103e-05, 1.51097683556e-05, 1.40270840348e-05, 1.08149170046e-05, 1.77534238901e-05, 7.61105047786e-06, 6.40542566543e-06, 3.93908931073e-06, 3.37419351126e-06, 3.09786832986e-06, 2.66553206529e-06, 2.34913022723e-06, 1.98768384507e-06, 1.57918066179e-06, 1.41452358093e-06, 1.21563425637e-06, 1.12857856038e-06, 9.81504285846e-07, 7.93982508185e-07, 5.79633649522e-07, 4.88683724598e-07, 3.61653377468e-07, 2.75642065617e-07],
        "median": [0.000147806029418, 0.000346390734194, 0.000292827142403, 0.000281689368421, 0.000153450659127, 0.000115997980174, 0.000170679573785, 0.000134967049235, 0.000142600169056, 4.52147287433e-05, 3.97408985009e-05, 3.20529470628e-05, 1.89599777514e-05, 1.60684921866e-05, 2.04180560104e-05, 8.61288026499e-06, 1.16155033538e-05, 9.99349595077e-06, 5.74841260459e-06, 5.12554788656e-06, 4.02623027185e-06, 5.41780491403e-06, 2.38106849793e-06, 2.26752536037e-06, 1.29615932565e-06, 1.05371771042e-06, 8.88923466391e-07, 7.05894308339e-07, 5.73226429879e-07, 4.35251166664e-07, 3.06792429683e-07, 2.4506579166e-07, 2.30092325637e-07, 1.58421471497e-07, 1.26303447701e-07, 8.94121114925e-08, 6.68734472242e-08, 5.26762953257e-08, 2.919801112e-08, 2.14682653876e-08],
        "min": [8.31480049223e-18, 5.150604693e-18, 2.18161462615e-18, 1.96152854172e-18, 4.49507894681e-18, 6.75789561894e-18, 5.4580673131e-18, 2.79978365511e-18, 5.06119184546e-18, 5.64082211609e-18, 1.71178503381e-18, 7.5583330687e-18, 6.32194827507e-18, 2.01837632253e-18, 2.63119390652e-18, 3.35944206345e-18, 4.48927172532e-18, 2.21610102666e-18, 1.5140081139e-18, 1.75073748584e-18, 2.96684663509e-18, 1.75680071973e-18, 1.02620336986e-18, 1.09157328232e-18, 2.9233615435e-18, 3.27449371646e-18, 4.16327198769e-18, 6.15005642147e-18, 6.3943890308e-18, 6.8264614471e-18, 3.56860564147e-18, 1.92311551485e-18, 8.94074398497e-19, 8.65302420155e-19, 2.50424277559e-18, 2.91470385761e-18, 4.32369994518e-18, 4.80704846047e-18, 3.59319151723e-18, 1.69274447348e-18],
        "var": [8.75883051776e-05, 6.13579177298e-05, 9.59343196882e-06, 3.61215074918e-06, 5.65022446608e-07, 1.34127020601e-07, 5.19177888236e-07, 8.79518438524e-07, 1.05212996004e-06, 5.94545390697e-08, 3.50387097114e-08, 1.2999674226e-08, 1.94436733381e-08, 1.29076402899e-08, 1.63173954348e-08, 1.3723853165e-09, 2.17058060414e-09, 5.06648678567e-09, 8.56734183596e-10, 1.17149956402e-09, 6.06546923798e-10, 1.8753001374e-09, 2.84378881554e-10, 1.55312915306e-10, 7.93854079695e-11, 5.1798426659e-11, 4.62622648523e-11, 3.56924177713e-11, 2.1883614712e-11, 1.88227732012e-11, 1.22323904478e-11, 9.91870561379e-12, 7.54536971098e-12, 6.78210786142e-12, 4.4420118625e-12, 2.91147726587e-12, 1.43854025914e-12, 1.08151638686e-12, 5.44792618136e-13, 3.36080609956e-13]
    },
    "mfcc": {
        "mean": [-699.159362793, 144.061813354, -12.4742822647, 11.5101690292, -6.56353139877, -1.30544030666, -10.11145401, -2.08289790154, -2.70161628723, 0.93141913414, -0.272716790438, 2.81378245354, -2.01362586021],
        "cov": [[11546.4833984, 353.13269043, 1602.33422852, 1027.50817871, 532.201049805, 540.100646973, 249.39364624, 447.83682251, 273.623352051, 236.511550903, 4.82426738739, 102.020317078, -10.1234922409], [353.13269043, 2579.9934082, -395.571075439, 48.0340423584, 85.8083877563, -110.293998718, -16.396987915, -30.731054306, 70.5377731323, 28.1696338654, 29.0708675385, 2.31144833565, -1.41226935387], [1602.33422852, -395.571075439, 1262.05773926, 313.83605957, 411.751800537, 336.331726074, 277.928253174, 240.176345825, 173.374557495, 131.662643433, 32.2537384033, 69.3192214966, 51.7147941589], [1027.50817871, 48.0340423584, 313.83605957, 552.075317383, 277.283355713, 275.615203857, 210.130661011, 167.373931885, 132.698104858, 69.8762741089, 45.8794517517, 51.3396110535, 43.1974334717], [532.201049805, 85.8083877563, 411.751800537, 277.283355713, 428.109863281, 222.238418579, 214.371765137, 149.950897217, 131.703063965, 74.0181427002, 46.2295150757, 63.0236434937, 46.9647598267], [540.100646973, -110.293998718, 336.331726074, 275.615203857, 222.238418579, 331.536590576, 189.54927063, 147.591796875, 104.569038391, 68.918800354, 42.5187492371, 43.9832229614, 47.4316482544], [249.39364624, -16.396987915, 277.928253174, 210.130661011, 214.371765137, 189.54927063, 243.072662354, 136.194976807, 97.206413269, 51.1312789917, 27.6870765686, 35.2739830017, 39.2619247437], [447.83682251, -30.731054306, 240.176345825, 167.373931885, 149.950897217, 147.591796875, 136.194976807, 180.491958618, 115.91544342, 69.5825881958, 22.4080257416, 23.6312408447, 25.9518318176], [273.623352051, 70.5377731323, 173.374557495, 132.698104858, 131.703063965, 104.569038391, 97.206413269, 115.91544342, 157.584884644, 91.5659942627, 41.6921730042, 23.0023956299, 13.375992775], [236.511550903, 28.1696338654, 131.662643433, 69.8762741089, 74.0181427002, 68.918800354, 51.1312789917, 69.5825881958, 91.5659942627, 136.49029541, 79.185585022, 39.761302948, 15.3566532135], [4.82426738739, 29.0708675385, 32.2537384033, 45.8794517517, 46.2295150757, 42.5187492371, 27.6870765686, 22.4080257416, 41.6921730042, 79.185585022, 118.068397522, 72.2102203369, 29.3650379181], [102.020317078, 2.31144833565, 69.3192214966, 51.3396110535, 63.0236434937, 43.9832229614, 35.2739830017, 23.6312408447, 23.0023956299, 39.761302948, 72.2102203369, 111.717948914, 57.1140403748], [-10.1234922409, -1.41226935387, 51.7147941589, 43.1974334717, 46.9647598267, 47.4316482544, 39.2619247437, 25.9518318176, 13.375992775, 15.3566532135, 29.3650379181, 57.1140403748, 84.1843414307]],
