{
"lowlevel": {
    "average_loudness": 0.944978058338,
    "barkbands_crest": {
        "dmean": 2.11143255234,
        "dmean2": 3.29205656052,
        "dvar": 5.03290319443,
        "dvar2": 11.0569248199,
        "max": 26.6906394958,
        "mean": 12.2467365265,
        "median": 11.3579788208,
        "min": 3.00906658173,
        "var": 23.4481620789
    },
    "barkbands_flatness_db": {
        "dmean": 0.0195805840194,
        "dmean2": 0.0312540121377,
        "dvar": 0.000415734975832,
        "dvar2": 0.000958514399827,
        "max": 0.450972825289,
        "mean": 0.266408145428,
        "median": 0.26534062624,
        "min": 0.0362000800669,
        "var": 0.00180777371861
    },
    "barkbands_kurtosis": {
        "dmean": 2.33318114281,
        "dmean2": 3.62967848778,
        "dvar": 37.6881217957,
        "dvar2": 86.1684265137,
        "max": 172.132019043,
        "mean": 4.3848233223,
        "median": 1.66440057755,
        "min": -1.66685390472,
        "var": 132.463043213
    },
    "barkbands_skewness": {
        "dmean": 0.371516346931,
        "dmean2": 0.564324676991,
        "dvar": 0.212301403284,
        "dvar2": 0.514421224594,
        "max": 9.92692089081,
        "mean": 1.24176168442,
        "median": 1.1360373497,
        "min": -5.87583255768,
        "var": 1.37663531303
    },
    "barkbands_spread": {
        "dmean": 1.64119780064,
        "dmean2": 2.48993468285,
        "dvar": 6.2583823204,
        "dvar2": 14.8997373581,
        "max": 107.797637939,
        "mean": 8.70938110352,
        "median": 8.40849018097,
        "min": 0.25214111805,
        "var": 17.4816913605
    },
    "dissonance": {
        "dmean": 0.02811977081,
        "dmean2": 0.0473289340734,
        "dvar": 0.000774198037107,
        "dvar2": 0.00208030035719,
        "max": 0.499505162239,
        "mean": 0.426492244005,
        "median": 0.433261811733,
        "min": 0.192540824413,
        "var": 0.00179570075125
    },
    "dynamic_complexity": 4.97424936295,
    "erbbands_crest": {
        "dmean": 2.50280952454,
        "dmean2": 3.83253908157,
        "dvar": 6.86099720001,
        "dvar2": 14.5882310867,
        "max": 34.3235168457,
        "mean": 13.7895002365,
        "median": 12.4815320969,
        "min": 2.97664952278,
        "var": 38.6008758545
    },
    "erbbands_flatness_db": {
        "dmean": 0.0142143471166,
        "dmean2": 0.0208111852407,
        "dvar": 0.000250209472142,
        "dvar2": 0.000502388109453,
        "max": 0.505322337151,
        "mean": 0.321153402328,
        "median": 0.322231948376,
        "min": 0.0499932132661,
        "var": 0.00263001793064
    },
    "erbbands_kurtosis": {
        "dmean": 1.31387102604,
        "dmean2": 1.87968027592,
        "dvar": 13.4876317978,
        "dvar2": 21.1885871887,
        "max": 108.640304565,
        "mean": 1.67175233364,
        "median": 0.080634355545,
        "min": -1.70166575909,
        "var": 45.0939826965
    },
    "erbbands_skewness": {
        "dmean": 0.334676206112,
        "dmean2": 0.497510105371,
        "dvar": 0.155569925904,
        "dvar2": 0.303528726101,
        "max": 6.66936969757,
        "mean": 0.69501465559,
        "median": 0.586584091187,
        "min": -3.65383982658,
        "var": 0.787520229816
    },
    "erbbands_spread": {
        "dmean": 2.55798864365,
        "dmean2": 3.84602379799,
        "dvar": 8.79609489441,
        "dvar2": 18.9302139282,
        "max": 63.8224487305,
        "mean": 17.1264724731,
        "median": 16.6587181091,
        "min": 0.551919937134,
        "var": 60.7708091736
    },
    "hfc": {
        "dmean": 5.22677469254,
        "dmean2": 7.15155124664,
        "dvar": 65.9697875977,
        "dvar2": 140.287368774,
        "max": 92.9189682007,
        "mean": 15.1641702652,
        "median": 11.7876491547,
        "min": 2.49446938799e-11,
        "var": 172.85383606
    },
    "melbands_crest": {
        "dmean": 2.68711328506,
        "dmean2": 4.2192401886,
        "dvar": 8.16642475128,
        "dvar2": 18.4159564972,
        "max": 34.8357429504,
        "mean": 15.6180067062,
        "median": 14.584810257,
        "min": 3.92464256287,
        "var": 34.6036300659
    },
    "melbands_flatness_db": {
        "dmean": 0.0210544783622,
        "dmean2": 0.0325229987502,
        "dvar": 0.000628750305623,
        "dvar2": 0.00144968775567,
        "max": 0.473433941603,
        "mean": 0.314076751471,
        "median": 0.313964486122,
        "min": 0.0178681127727,
        "var": 0.00200522644445
    },
    "melbands_kurtosis": {
        "dmean": 3.24664926529,
        "dmean2": 5.14249515533,
        "dvar": 101.422225952,
        "dvar2": 274.432037354,
        "max": 339.694091797,
        "mean": 7.06848335266,
        "median": 3.29276180267,
        "min": -1.74053943157,
        "var": 358.735107422
    },
    "melbands_skewness": {
        "dmean": 0.394142180681,
        "dmean2": 0.600492656231,
        "dvar": 0.266326904297,
        "dvar2": 0.641324043274,
        "max": 14.2563657761,
        "mean": 1.4624761343,
        "median": 1.34077477455,
        "min": -4.72802305222,
        "var": 1.81273138523
    },
    "melbands_spread": {
        "dmean": 2.61710429192,
        "dmean2": 3.9517993927,
        "dvar": 10.8020601273,
        "dvar2": 19.4715480804,
        "max": 157.497497559,
        "mean": 12.9951581955,
        "median": 12.2365541458,
        "min": 0.641234695911,
        "var": 43.5923271179
    },
    "pitch_salience": {
        "dmean": 0.0591339468956,
        "dmean2": 0.0954902023077,
        "dvar": 0.0043828189373,
        "dvar2": 0.0108714802191,
        "max": 0.921808540821,
        "mean": 0.506740391254,
        "median": 0.516325235367,
        "min": 0.0603592768312,
        "var": 0.0136079229414
    },
    "silence_rate_20dB": {
        "dmean": 0,
        "dmean2": 0,
        "dvar": 0,
        "dvar2": 0,
        "max": 1,
        "mean": 1,
        "median": 1,
        "min": 1,
        "var": 0
    },
    "silence_rate_30dB": {
        "dmean": 0,
        "dmean2": 0,
        "dvar": 0,
        "dvar2": 0,
        "max": 1,
        "mean": 1,
        "median": 1,
        "min": 1,
        "var": 0
    },
    "silence_rate_60dB": {
        "dmean": 0.0309411250055,
        "dmean2": 0.0616806373,
        "dvar": 0.0299826189876,
        "dvar2": 0.0656128302217,
        "max": 1,
        "mean": 0.0990332961082,
        "median": 0,
        "min": 0,
        "var": 0.0892281681299
    },
    "spectral_centroid": {
        "dmean": 90.5532608032,
        "dmean2": 139.581390381,
        "dvar": 13704.6416016,
        "dvar2": 28280.1367188,
        "max": 3996.15136719,
        "mean": 811.122741699,
        "median": 788.886291504,
        "min": 223.5728302,
        "var": 51937.703125
    },
    "spectral_complexity": {
        "dmean": 2.30726265907,
        "dmean2": 3.50440573692,
        "dvar": 7.40586709976,
        "dvar2": 13.9921827316,
        "max": 37,
        "mean": 13.3755102158,
        "median": 13,
        "min": 0,
        "var": 38.9139900208
    },
    "spectral_decrease": {
        "dmean": 1.73136072146e-09,
        "dmean2": 2.42433628728e-09,
        "dvar": 6.49170848423e-18,
        "dvar2": 1.39226772453e-17,
        "max": -6.78284315761e-23,
        "mean": -5.36232791504e-09,
        "median": -4.37164526801e-09,
        "min": -3.06758032309e-08,
        "var": 1.90056921833e-17
    },
    "spectral_energy": {
        "dmean": 0.00699059246108,
        "dmean2": 0.00976718589664,
        "dvar": 0.000106310028059,
        "dvar2": 0.000227515760344,
        "max": 0.1242056638,
        "mean": 0.0216140691191,
        "median": 0.0175642445683,
        "min": 2.51855781273e-15,
        "var": 0.000309472321533
    },
    "spectral_energyband_high": {
        "dmean": 2.15452710108e-05,
        "dmean2": 3.26232075167e-05,
        "dvar": 3.73659903019e-09,
        "dvar2": 8.71444871819e-09,
        "max": 0.00109975913074,
        "mean": 3.13893251587e-05,
        "median": 1.24557600429e-05,
        "min": 2.00205067402e-15,
        "var": 4.67338168164e-09
    },
    "spectral_energyband_low": {
        "dmean": 0.000212412967812,
        "dmean2": 0.000340873841196,
        "dvar": 1.96926578155e-07,
        "dvar2": 5.07908850977e-07,
        "max": 0.00901048351079,
        "mean": 0.000552920333575,
        "median": 0.000322386127664,
        "min": 5.28525232593e-17,
        "var": 5.85677526033e-07
    },
    "spectral_energyband_middle_high": {
        "dmean": 0.00221466762014,
        "dmean2": 0.00305643863976,
        "dvar": 1.56722453539e-05,
        "dvar2": 3.23797357851e-05,
        "max": 0.070732370019,
        "mean": 0.00565622793511,
        "median": 0.00333207962103,
        "min": 3.69894497036e-16,
        "var": 4.28336388723e-05
    },
    "spectral_energyband_middle_low": {
        "dmean": 0.0053671640344,
        "dmean2": 0.00770661234856,
        "dvar": 6.72635142109e-05,
        "dvar2": 0.000150672349264,
        "max": 0.0943763852119,
        "mean": 0.015858951956,
        "median": 0.0126202544197,
        "min": 6.94944740503e-17,
        "var": 0.000194702864974
    },
    "spectral_entropy": {
        "dmean": 0.178303331137,
        "dmean2": 0.287274777889,
        "dvar": 0.0518303699791,
        "dvar2": 0.123581536114,
        "max": 8.82340621948,
        "mean": 6.5518450737,
        "median": 6.56192302704,
        "min": 4.96590471268,
        "var": 0.141327992082
    },
    "spectral_flux": {
        "dmean": 0.0243379417807,
        "dmean2": 0.0389444865286,
        "dvar": 0.00119750050362,
        "dvar2": 0.00280290888622,
        "max": 0.286388427019,
        "mean": 0.0510460622609,
        "median": 0.0391617752612,
        "min": 3.13893701787e-06,
        "var": 0.00167451403104
    },
    "spectral_kurtosis": {
        "dmean": 11.0753526688,
        "dmean2": 19.6727695465,
        "dvar": 89.3759231567,
        "dvar2": 266.993499756,
        "max": 75.1991119385,
        "mean": 18.8669013977,
        "median": 16.4089794159,
        "min": 0.3855073452,
        "var": 157.297119141
    },
    "spectral_rms": {
        "dmean": 0.000691990950145,
        "dmean2": 0.0009229942807,
        "dvar": 8.34443767417e-07,
        "dvar2": 1.61757805017e-06,
        "max": 0.0110080083832,
        "mean": 0.0041466508992,
        "median": 0.0041395467706,
        "min": 1.56752344438e-09,
        "var": 3.89209253626e-06
    },
    "spectral_rolloff": {
        "dmean": 161.402893066,
        "dmean2": 276.860565186,
        "dvar": 104527.140625,
        "dvar2": 200620.6875,
        "max": 16774.3652344,
        "mean": 1026.65783691,
        "median": 990.52734375,
        "min": 172.265625,
        "var": 250498.78125
    },
    "spectral_skewness": {
        "dmean": 0.816105425358,
        "dmean2": 1.44507050514,
        "dvar": 0.4606744349,
        "dvar2": 1.36522722244,
        "max": 6.47442436218,
        "mean": 2.58324861526,
        "median": 2.40642786026,
        "min": 0.76446300745,
        "var": 0.909191310406
    },
    "spectral_spread": {
        "dmean": 227030.8125,
        "dmean2": 387472.09375,
        "dvar": 93855129600,
        "dvar2": 180366622720,
        "max": 15927007,
        "mean": 1853192.75,
        "median": 1696125.25,
        "min": 920119.9375,
        "var": 694211248128
    },
    "spectral_strongpeak": {
        "dmean": 0.538947463036,
        "dmean2": 0.848996400833,
        "dvar": 0.574713885784,
        "dvar2": 1.31729888916,
        "max": 9.68155384064,
        "mean": 1.73092746735,
        "median": 1.56685435772,
        "min": 0,
        "var": 1.58849191666
    },
    "zerocrossingrate": {
        "dmean": 0.00355950114317,
        "dmean2": 0.00437427824363,
        "dvar": 4.80828202853e-05,
        "dvar2": 6.26442051725e-05,
        "max": 0.57568359375,
        "mean": 0.0370669960976,
        "median": 0.0361328125,
        "min": 0.01123046875,
        "var": 0.000225979063543
    },
    "barkbands": {
        "dmean": [1.89641286852e-06, 2.70965410891e-05, 8.92514144653e-05, 0.000327334244503, 0.000771654187702, 0.00108342652675, 0.00166967709083, 0.0016266455641, 0.00115626538172, 0.000769253470935, 0.000402385485359, 0.000383647915442, 0.000431065651355, 0.000355026248144, 0.000270761811407, 0.000185223078006, 0.00011463912233, 7.83264622441e-05, 3.84584891435e-05, 2.11059159483e-05, 7.22738332115e-06, 3.49361471308e-06, 1.02415208403e-06, 7.7996752168e-08, 6.68560451444e-09, 1.31492272626e-09, 9.39480826467e-10],
        "dmean2": [3.30261104864e-06, 4.35127913079e-05, 0.000143861150718, 0.000531916448381, 0.00117544340901, 0.00156371516641, 0.00266184797511, 0.00233441055752, 0.00165316148195, 0.00105954206083, 0.000585452478845, 0.000557178165764, 0.000628573354334, 0.000510403420776, 0.000402331439545, 0.000290489988402, 0.00017856026534, 0.000118380012282, 5.87997274124e-05, 3.18546372e-05, 1.09693355625e-05, 5.54088319404e-06, 1.66628717579e-06, 1.31490608624e-07, 1.10811182452e-08, 2.26074048371e-09, 1.73024383709e-09],
        "dvar": [1.32460145283e-11, 2.24365703794e-09, 3.71611186267e-08, 7.59380100135e-07, 2.90492948807e-06, 4.8257279559e-06, 1.5839603293e-05, 1.89570164366e-05, 1.29565387397e-05, 4.63855940325e-06, 1.80099880254e-06, 1.47422053942e-06, 1.59559738222e-06, 9.94856577563e-07, 5.2636738701e-07, 2.18842870936e-07, 7.84594789138e-08, 3.42562636035e-08, 7.86002640751e-09, 4.89007634386e-09, 2.76359518603e-10, 1.15914895737e-10, 1.2584099561e-11, 3.38892705131e-13, 1.83139878732e-16, 3.4585738696e-18, 1.76917472131e-18],
        "dvar2": [3.59877370959e-11, 5.15976905646e-09, 8.82938238078e-08, 2.01665511668e-06, 6.70599683872e-06, 1.03194779513e-05, 4.3852658564e-05, 4.21283439209e-05, 2.73402256425e-05, 8.65354013513e-06, 3.35957565767e-06, 3.1871070405e-06, 3.43393094226e-06, 2.00117574423e-06, 1.16211958812e-06, 5.18619913237e-07, 1.76538989649e-07, 7.20769008922e-08, 1.74607546199e-08, 1.13706555283e-08, 6.4731564553e-10, 3.02950359243e-10, 3.34819498515e-11, 9.70742258279e-13, 4.74617865456e-16, 9.3247135739e-18, 5.55228608e-18],
        "max": [6.23973319307e-05, 0.00109875807539, 0.00455903448164, 0.0170206967741, 0.0374629162252, 0.0357427634299, 0.0566769726574, 0.0769145339727, 0.0580270402133, 0.058568559587, 0.0406050644815, 0.0373357757926, 0.0340048149228, 0.0176709480584, 0.0192722138017, 0.00844061281532, 0.00652919523418, 0.00305932271294, 0.00133324379567, 0.00119014712982, 0.000228792108828, 0.000121780700283, 6.08127411397e-05, 2.08272740565e-05, 1.47232597669e-07, 2.1882289758e-08, 1.08666196041e-08],
        "mean": [1.88189437722e-06, 5.57318344363e-05, 0.000225869356655, 0.000699075055309, 0.00190753326751, 0.00267726951279, 0.00371353817172, 0.00392614817247, 0.00249046483077, 0.00158196943812, 0.000813637743704, 0.000764994940255, 0.000890577328391, 0.000631803588476, 0.000478482368635, 0.000318437087117, 0.000186617122381, 0.000139263735036, 6.49371795589e-05, 3.00836509268e-05, 1.06311172203e-05, 3.98577367378e-06, 1.08788560738e-06, 7.90637457726e-08, 9.05327457446e-09, 2.29487984171e-09, 7.68445584942e-10],
        "median": [6.27294753031e-07, 1.70025832631e-05, 9.24885680433e-05, 0.000241604400799, 0.000799166446086, 0.00082574080443, 0.000715957430657, 0.000921624538023, 0.000554812606424, 0.000401046796469, 0.00018169710529, 0.000283119647065, 0.000273280165857, 0.00014629913494, 0.000158478331286, 8.71866359375e-05, 6.62774109514e-05, 3.98645388486e-05, 2.10568086914e-05, 9.314539966e-06, 3.53640234607e-06, 8.80421794136e-07, 1.57493246888e-07, 1.55892507792e-08, 4.33676028422e-09, 1.59138680011e-09, 2.64425120688e-10],
        "min": [2.72165681849e-17, 2.92225705058e-17, 8.37075016168e-18, 3.08908262973e-18, 8.84115123243e-18, 1.42699772973e-17, 1.23384733438e-17, 1.2226629426e-17, 1.80640926397e-17, 1.66154125622e-18, 2.61660843757e-18, 1.33208628178e-17, 1.63131977827e-17, 4.39996326797e-17, 3.75708875293e-17, 7.16864695864e-17, 4.63389292305e-17, 3.80532297794e-17, 1.94244606402e-17, 1.51996833072e-16, 8.44936408361e-17, 1.65901699464e-16, 1.24862410539e-16, 2.42111291902e-16, 3.0146479634e-16, 4.74597324907e-16, 5.4422232144e-16],
        "var": [1.38477831632e-11, 1.13079936526e-08, 1.41172790791e-07, 1.72486420524e-06, 9.36620108405e-06, 1.67760226759e-05, 4.17832525272e-05, 4.75543565699e-05, 3.49810361513e-05, 1.40817592182e-05, 5.6239573496e-06, 3.25022233483e-06, 3.57546286978e-06, 2.08982055483e-06, 9.73894998424e-07, 3.91356877572e-07, 1.24752943975e-07, 6.730815727e-08, 1.46868854856e-08, 6.12850348247e-09, 3.68372637949e-10, 1.03717097411e-10, 1.07706048941e-11, 2.07546694132e-13, 1.66014129853e-16, 4.10722347016e-18, 1.51028362979e-18]
    },
    "erbbands": {
        "dmean": [0.000268107309239, 0.00867346208543, 0.0810286998749, 0.565614104271, 1.81383156776, 2.27241182327, 6.54629039764, 9.53395938873, 24.2033996582, 19.821187973, 38.9174461365, 32.4787559509, 18.7025184631, 23.3347320557, 15.034277916, 16.951379776, 20.2662277222, 16.8962249756, 18.8513889313, 8.82322120667, 10.0788440704, 5.06575012207, 4.47633266449, 2.60892891884, 1.50808143616, 1.00921463966, 0.456068783998, 0.215447276831, 0.135948702693, 0.0688690394163, 0.023022159934, 0.00414258055389, 0.000573347904719, 0.000124234182294, 3.68011460523e-05, 1.09175598482e-05, 3.95268943976e-06, 1.12830866783e-06, 3.59916202797e-06, 8.11545396573e-06],
        "dmean2": [0.000440700066974, 0.0138901825994, 0.130338922143, 0.916335999966, 2.97275090218, 3.49813723564, 9.1469039917, 14.1200456619, 38.8724937439, 28.9609184265, 56.0622253418, 45.6732711792, 26.0423946381, 33.3153572083, 21.4626045227, 24.1510028839, 29.4231681824, 24.0080165863, 27.680273056, 13.4352731705, 15.7672319412, 7.85854387283, 6.63425636292, 3.98846435547, 2.27110147476, 1.51550984383, 0.684668540955, 0.326186031103, 0.212591379881, 0.110287092626, 0.038414824754, 0.00700761191547, 0.000941535749007, 0.000202731942409, 5.92432188569e-05, 1.70798557519e-05, 6.03017997491e-06, 1.73744706444e-06, 4.98531562698e-06, 1.13085734483e-05],
        "dvar": [1.97313653416e-07, 0.000219906607526, 0.0256415512413, 1.95990931988, 21.3946857452, 26.8853397369, 244.90234375, 478.267669678, 3816.66577148, 1818.91210938, 12125.9716797, 10206.7119141, 3515.27978516, 4645.20166016, 2126.83789062, 3263.31884766, 3284.60498047, 2268.13500977, 2155.17773438, 330.594787598, 615.511779785, 125.211105347, 112.533294678, 44.5625534058, 12.2848672867, 12.264128685, 1.16260957718, 0.288836181164, 0.171169906855, 0.0516002066433, 0.00933887436986, 0.000587258662563, 2.74713215731e-06, 6.53589395938e-08, 5.23975884903e-09, 3.32998434383e-10, 3.08784733893e-11, 2.3762387457e-12, 2.84198133776e-11, 1.44269568514e-10],
        "dvar2": [4.89194746933e-07, 0.000510186422616, 0.0613440312445, 5.2192940712, 55.9060783386, 64.2400436401, 463.829406738, 1104.60070801, 11082.0458984, 3812.08520508, 26905.8632812, 21604.6210938, 6375.1171875, 9363.83105469, 3524.73266602, 7121.96191406, 6860.17431641, 4504.96728516, 4734.27880859, 739.875915527, 1477.59960938, 288.980194092, 229.32699585, 100.474876404, 28.6496315002, 28.7662773132, 2.50956463814, 0.705387711525, 0.442565053701, 0.1378839463, 0.025767326355, 0.00167339877225, 7.37386289984e-06, 1.70015766798e-07, 1.33995587959e-08, 7.9439066436e-10, 6.64346772039e-11, 5.10979496562e-12, 6.00029678721e-11, 3.07875919203e-10],
        "max": [0.0105425892398, 0.307067424059, 3.9145424366, 26.1192913055, 93.6056289673, 100.814048767, 248.886932373, 446.344146729, 862.809265137, 767.827575684, 2099.58959961, 1690.76513672, 1428.17492676, 1515.47216797, 1645.42224121, 1800.68676758, 1665.95373535, 940.628479004, 1148.02001953, 290.875061035, 548.073608398, 187.990982056, 210.031677246, 134.413452148, 52.0363121033, 62.9843559265, 17.9926509857, 8.26109218597, 5.91174316406, 3.38288831711, 1.73320841789, 0.766013324261, 0.0359601862729, 0.00289378478192, 0.000654687930364, 0.000199631918804, 5.48288298887e-05, 1.45322765093e-05, 6.37968551018e-05, 0.000144394885865],
        "mean": [0.000541159010027, 0.0194580480456, 0.211178421974, 1.33559799194, 3.90975213051, 5.50188493729, 16.1560955048, 23.9468975067, 52.8320121765, 53.2938270569, 89.2146835327, 72.6125640869, 39.8208732605, 48.1242637634, 33.6192016602, 35.4624786377, 44.1198539734, 31.5211601257, 34.5865516663, 17.5050983429, 17.3424015045, 9.10230922699, 8.69089984894, 4.83721923828, 2.4698164463, 1.47110152245, 0.704514920712, 0.300697207451, 0.159580752254, 0.0757301747799, 0.0235034469515, 0.00416142353788, 0.000670765293762, 0.000170430721482, 6.48573113722e-05, 2.74528083537e-05, 1.13198575491e-05, 2.86487693302e-06, 1.1128555343e-05, 2.50355569733e-05],
        "median": [0.000268318399321, 0.0074504907243, 0.105882480741, 0.578268647194, 1.51702964306, 2.05867099762, 4.1477894783, 7.26110506058, 10.5606946945, 17.0431079865, 28.5849628448, 19.2728557587, 13.5007982254, 13.6227769852, 11.9376277924, 16.0953865051, 15.352478981, 11.3838157654, 12.2413005829, 6.92973423004, 5.80044126511, 3.70968651772, 2.76801323891, 1.33950352669, 0.953339755535, 0.503445446491, 0.287174612284, 0.0935480445623, 0.0381116680801, 0.014376707375, 0.00366997020319, 0.000747380952816, 0.000198594862013, 8.00379857537e-05, 3.93933296436e-05, 2.0795096134e-05, 9.0075600383e-06, 2.16652688323e-06, 8.98692542251e-06, 2.02783612622e-05],
        "min": [1.25414408676e-15, 5.16245998451e-15, 1.01215227944e-14, 1.06992475453e-14, 1.23749294368e-14, 3.32461346593e-14, 7.75701727786e-14, 1.27153333435e-13, 1.69270345895e-13, 1.99212987686e-13, 3.28481247194e-13, 4.27297547389e-13, 1.27523886633e-13, 7.19681204821e-14, 2.4919337969e-13, 5.06638351064e-13, 6.39547822253e-13, 2.34607472338e-12, 1.91286288025e-12, 2.51719673751e-12, 4.25110120716e-12, 2.49401280877e-12, 2.38463610837e-12, 7.25449051959e-13, 2.83574444308e-12, 6.23304532987e-12, 6.04996868575e-12, 2.22836224299e-12, 4.95951717194e-12, 6.85271631107e-12, 2.56430185246e-12, 5.33722588694e-12, 3.43903009369e-12, 3.73243970453e-12, 2.01846503921e-12, 1.80326511102e-12, 8.07436257612e-13, 3.22310429214e-13, 8.26321500916e-14, 7.24645410815e-15],
        "var": [7.87090527865e-07, 0.00101991638076, 0.0894600376487, 4.75870323181, 47.8108215332, 79.9844512939, 890.385986328, 1557.18835449, 9167.80761719, 7159.54736328, 26207.4765625, 27123.5273438, 9455.17285156, 12709.1416016, 8494.48046875, 6276.73144531, 7764.26660156, 4461.98730469, 4098.40966797, 788.168395996, 1030.4029541, 207.595611572, 253.237625122, 92.7676391602, 18.5154285431, 14.8050079346, 1.78726649284, 0.334176510572, 0.160036638379, 0.0440929383039, 0.00660724611953, 0.000369795423467, 2.35596098719e-06, 6.13390866988e-08, 5.44191669505e-09, 5.2211562851e-10, 7.55710771738e-11, 6.01790796015e-12, 8.25487664335e-11, 4.1683201335e-10]
    },
    "gfcc": {
        "mean": [-140.419494629, 187.741775513, -187.339172363, -10.952662468, -47.3995513916, -35.7438163757, -19.4432735443, -24.9018554688, -10.2299394608, -14.7729272842, -11.215379715, -16.3490543365, -9.6587677002],
        "cov": [[16009.9013672, 2012.64526367, -3382.24365234, -85.9481582642, -50.5332374573, -1001.32800293, 439.484436035, -762.45526123, 765.566772461, -228.467910767, 430.520507812, -90.2659072876, 142.763153076], [2012.64526367, 801.09387207, -282.749969482, -114.883377075, 233.606018066, -187.689819336, 62.7491950989, -67.9813232422, 14.9817180634, -34.8679542542, -4.19041061401, -78.3898239136, 22.71925354], [-3382.24365234, -282.749969482, 952.517944336, 119.390419006, 43.9073066711, 222.628051758, -82.7235794067, 156.804168701, -191.885040283, 12.0531301498, -111.793457031, -1.75922906399, -43.5038566589], [-85.9481582642, -114.883377075, 119.390419006, 332.335418701, 0.840225934982, 37.7563972473, 4.60265111923, -30.3011989594, -3.18924951553, -47.9135360718, 7.38609838486, 45.4244499207, -16.2052669525], [-50.5332374573, 233.606018066, 43.9073066711, 0.840225934982, 262.823547363, 52.8385009766, 32.2951431274, 32.5756187439, -32.1374206543, -12.1985359192, -44.3580169678, -38.8911476135, 7.10124874115], [-1001.32800293, -187.689819336, 222.628051758, 37.7563972473, 52.8385009766, 286.677124023, 54.6319007874, 68.7946243286, -54.4580116272, -27.9324207306, -66.1886291504, -24.6117401123, -7.61447906494], [439.484436035, 62.7491950989, -82.7235794067, 4.60265111923, 32.2951431274, 54.6319007874, 168.414581299, 39.9831390381, 17.9195156097, -26.998249054, -26.1574440002, -43.880153656, 3.92356085777], [-762.45526123, -67.9813232422, 156.804168701, -30.3011989594, 32.5756187439, 68.7946243286, 39.9831390381, 150.867630005, -2.38647508621, 11.0214452744, -40.9899864197, -35.667049408, -23.1038589478], [765.566772461, 14.9817180634, -191.885040283, -3.18924951553, -32.1374206543, -54.4580116272, 17.9195156097, -2.38647508621, 139.179046631, 41.3244972229, 37.0811080933, -7.18453121185, -19.5049533844], [-228.467910767, -34.8679542542, 12.0531301498, -47.9135360718, -12.1985359192, -27.9324207306, -26.998249054, 11.0214452744, 41.3244972229, 110.369895935, 42.9833068848, 0.452569633722, -19.9165382385], [430.520507812, -4.19041061401, -111.793457031, 7.38609838486, -44.3580169678, -66.1886291504, -26.1574440002, -40.9899864197, 37.0811080933, 42.9833068848, 114.578559875, 61.3255462646, -4.06330442429], [-90.2659072876, -78.3898239136, -1.75922906399, 45.4244499207, -38.8911476135, -24.6117401123, -43.880153656, -35.667049408, -7.18453121185, 0.452569633722, 61.3255462646, 124.203819275, 31.5370540619], [142.763153076, 22.71925354, -43.5038566589, -16.2052669525, 7.10124874115, -7.61447906494, 3.92356085777, -23.1038589478, -19.5049533844, -19.9165382385, -4.06330442429, 31.5370540619, 77.5269012451]],
        "icov": [[0.00117532140575, -0.00212461897172, 0.00240380177274, -0.000968648120761, 0.00130826223176, -0.000187103258213, -0.000891348347068, 0.00176286546048, -0.00276539637707, 0.00252051884308, -0.00217488431372, 0.00156343914568, -0.000761239323765], [-0.00212461897172, 0.00762202218175, -0.00478765089065, 0.00319812074304, -0.00626185862347, 0.0034188600257, -9.81381090241e-05, -0.000964453036431, 0.00435185804963, -0.0021954337135, 0.0024937717244, -0.00086811860092, 0.00130233902019], [0.00240380177274, -0.00478765089065, 0.00843268912286, -0.00383305526339, 0.00358938192949, -0.0018055816181, 0.000278829684248, 0.000267037219601, -0.00112797808833, 0.00186730222777, -0.00162873615045, 0.00197778921574, -0.000227384065511], [-0.000968648120761, 0.00319812074304, -0.00383305526339, 0.00601331051439, -0.00308802817017, 0.00124148419127, -0.00116125016939, 0.00187087268569, -0.00071756815305, 0.00210253125988, 0.000324423919665, -0.00232535088435, 0.00229620467871], [0.00130826223176, -0.00626185862347, 0.00358938192949, -0.00308802817017, 0.00986761879176, -0.00378683488816, 0.000635056407191, -0.00118338991888, -0.00096408900572, -0.00049610377755, -5.99408813287e-05, 0.000772930914536, -0.00155354710296], [-0.000187103258213, 0.0034188600257, -0.0018055816181, 0.00124148419127, -0.00378683488816, 0.00778313865885, -0.00323535781354, 0.00109843735117, 0.000205587464734, 0.00186870247126, 0.000555332284421, 0.000681380508468, 0.000475063425256], [-0.000891348347068, -9.81381090241e-05, 0.000278829684248, -0.00116125016939, 0.000635056407191, -0.00323535781354, 0.0107969958335, -0.00592527259141, 0.0026382333599, -0.00176931323949, 0.00160638173111, 0.00107215170283, -0.00124700879678], [0.00176286546048, -0.000964453036431, 0.000267037219601, 0.00187087268569, -0.00118338991888, 0.00109843735117, -0.00592527259141, 0.0160159077495, -0.0086398050189, 0.00573144899681, -0.00294525246136, 0.00308686937205, 0.000755002314691], [-0.00276539637707, 0.00435185804963, -0.00112797808833, -0.00071756815305, -0.00096408900572, 0.000205587464734, 0.0026382333599, -0.0086398050189, 0.0222755838186, -0.0132331391796, 0.0068374699913, -0.00404496118426, 0.00464288285002], [0.00252051884308, -0.0021954337135, 0.00186730222777, 0.00210253125988, -0.00049610377755, 0.00186870247126, -0.00176931323949, 0.00573144899681, -0.0132331391796, 0.0238119456917, -0.0139584448189, 0.00733790080994, -0.00141283019911], [-0.00217488431372, 0.0024937717244, -0.00162873615045, 0.000324423919665, -5.99408813287e-05, 0.000555332284421, 0.00160638173111, -0.00294525246136, 0.0068374699913, -0.0139584448189, 0.0260174721479, -0.0144928554073, 0.00692252721637], [0.00156343914568, -0.00086811860092, 0.00197778921574, -0.00232535088435, 0.000772930914536, 0.000681380508468, 0.00107215170283, 0.00308686937205, -0.00404496118426, 0.00733790080994, -0.0144928554073, 0.0204272121191, -0.00934079196304], [-0.000761239323765, 0.00130233902019, -0.000227384065511, 0.00229620467871, -0.00155354710296, 0.000475063425256, -0.00124700879678, 0.000755002314691, 0.00464288285002, -0.00141283019911, 0.00692252721637, -0.00934079196304, 0.0197160318494]]
    },
    "melbands": {
        "dmean": [4.66493565909e-06, 3.06248330162e-05, 0.000135729307658, 0.000141084659845, 0.000202774914214, 0.000220877031097, 0.000361399201211, 0.000234228034969, 0.000310808769427, 0.000188308753422, 9.24763444345e-05, 9.91777778836e-05, 4.96938337164e-05, 4.75420165458e-05, 3.99994787585e-05, 4.43319149781e-05, 3.24552420352e-05, 3.20535509672e-05, 1.56130899995e-05, 1.24868956846e-05, 1.21074745039e-05, 5.64767515243e-06, 5.29271892447e-06, 3.11019311994e-06, 2.18385775952e-06, 1.20572599371e-06, 8.95701305126e-07, 6.43844998649e-07, 3.27442279513e-07, 1.90189695104e-07, 1.07737292865e-07, 7.98908459387e-08, 5.90280961887e-08, 3.25550679747e-08, 1.52298920142e-08, 5.34568789234e-09, 1.31545530024e-09, 3.97272659214e-10, 1.5455739466e-10, 7.64786289853e-11],
        "dmean2": [7.46902287574e-06, 4.91798928124e-05, 0.000219619614654, 0.000227373253438, 0.000282308697933, 0.000328986556269, 0.000578390201554, 0.000339130056091, 0.000443728640676, 0.000267509720288, 0.000129090898554, 0.000140697113238, 7.18899827916e-05, 6.84708647896e-05, 5.77911087021e-05, 6.4318504883e-05, 4.6321816626e-05, 4.74008047604e-05, 2.31331250689e-05, 1.95926422748e-05, 1.90529699466e-05, 8.86451289261e-06, 8.07876858744e-06, 4.68480175186e-06, 3.36396965395e-06, 1.86043962458e-06, 1.37289430313e-06, 9.72036332314e-07, 4.94396317663e-07, 2.88443374075e-07, 1.66704850812e-07, 1.26530906641e-07, 9.46253422285e-08, 5.27878825096e-08, 2.56120014086e-08, 9.22007803439e-09, 2.21445284332e-09, 6.61598387186e-10, 2.57905474754e-10, 1.27659244287e-10],
        "dvar": [6.44651484971e-11, 3.55899820725e-09, 1.11679263171e-07, 1.12490759818e-07, 2.2118111076e-07, 2.43323995619e-07, 8.00128702849e-07, 2.55339216437e-07, 7.00616453742e-07, 3.87165698612e-07, 8.81302639755e-08, 8.40362943677e-08, 2.15977546958e-08, 2.08460253504e-08, 1.15701590531e-08, 1.95942071457e-08, 1.03818935671e-08, 6.03190519755e-09, 1.50113610431e-09, 1.03390429551e-09, 9.58256585193e-10, 2.11818215745e-10, 1.9299026266e-10, 6.29520116591e-11, 3.51863503611e-11, 8.50496149202e-12, 7.26130570602e-12, 5.93789514086e-12, 5.8121129437e-13, 1.89937190867e-13, 9.97284801399e-14, 6.13455954871e-14, 4.22352006613e-14, 1.29601165479e-14, 5.22112082775e-15, 1.03817630796e-15, 9.0048271146e-17, 1.37287962427e-18, 1.09019419129e-19, 2.41812293407e-20],
        "dvar2": [1.47499609748e-10, 8.49883274867e-09, 2.90769747835e-07, 2.95840607123e-07, 4.26898452588e-07, 5.85031784794e-07, 2.2767073915e-06, 5.38916083315e-07, 1.53583289375e-06, 8.43638019887e-07, 1.59626850404e-07, 1.66951778624e-07, 3.78888422858e-08, 4.6182577762e-08, 2.43317845872e-08, 4.23840127439e-08, 2.01887377926e-08, 1.3077336547e-08, 3.14147330371e-09, 2.52104492837e-09, 2.28543539649e-09, 4.81994388846e-10, 4.28583141199e-10, 1.28264010524e-10, 7.91330265204e-11, 2.00620041413e-11, 1.71186780029e-11, 1.40062466833e-11, 1.2447369524e-12, 4.38742195786e-13, 2.53611069862e-13, 1.57658594838e-13, 1.12848397077e-13, 3.4587045413e-14, 1.45511247908e-14, 2.98954645964e-15, 2.57823673664e-16, 3.69606383411e-18, 2.87257596261e-19, 6.29350934032e-20],
        "max": [0.000206682831049, 0.00145564437844, 0.0063387202099, 0.00601901486516, 0.00836610980332, 0.00865379162133, 0.0128084747121, 0.00839354097843, 0.0157795716077, 0.0107654631138, 0.00733176292852, 0.00704453047365, 0.00443733949214, 0.00445300387219, 0.00330873718485, 0.00396168604493, 0.00215542968363, 0.00165486580227, 0.000809406861663, 0.000753160915338, 0.00069336820161, 0.000310330942739, 0.000320714403642, 0.000166104015079, 0.000119126794743, 4.24302925239e-05, 4.63891810796e-05, 4.91781829624e-05, 1.20701051856e-05, 6.4674004534e-06, 6.09269363849e-06, 3.57535145667e-06, 2.9926377465e-06, 1.77005688329e-06, 1.52863890435e-06, 6.92424634963e-07, 3.40315466474e-07, 2.23090736995e-08, 3.77081077474e-09, 1.82744541721e-09],
        "mean": [9.63159527601e-06, 7.79188267188e-05, 0.000313451135298, 0.000320209539495, 0.000513586797751, 0.000537953281309, 0.000800491776317, 0.000627933826763, 0.000697737152223, 0.00040711730253, 0.000188567151781, 0.000200806156499, 0.000104259583168, 9.7881158581e-05, 8.82083986653e-05, 8.64068206283e-05, 5.71775126446e-05, 5.76483398618e-05, 2.88686806016e-05, 2.27793971135e-05, 1.95458123926e-05, 9.21429364098e-06, 9.63563888945e-06, 5.74950399823e-06, 3.83938231607e-06, 1.92057223103e-06, 1.30621970129e-06, 9.05543856788e-07, 4.86574776914e-07, 2.7655275403e-07, 1.35919208333e-07, 9.26316943151e-08, 6.39832791194e-08, 3.45838415683e-08, 1.48608458872e-08, 4.95124918842e-09, 1.34465438784e-09, 4.47830550421e-10, 1.8332407814e-10, 9.72511862707e-11],
        "median": [3.4344263895e-06, 3.64528386854e-05, 0.000139179202961, 0.000143864614074, 0.000143640689203, 0.000138872928801, 0.000143490353366, 0.000208162295166, 0.000223046721658, 9.13937547011e-05, 5.65260561416e-05, 4.93345323775e-05, 3.1296222005e-05, 3.57045209967e-05, 3.41892773577e-05, 2.66584938799e-05, 1.50078685692e-05, 1.83253305295e-05, 1.00563829619e-05, 6.74490411257e-06, 5.78351728109e-06, 3.34447145178e-06, 2.8196641324e-06, 1.62180378993e-06, 8.81553546606e-07, 6.58239514451e-07, 3.99558700792e-07, 2.82496017689e-07, 1.75016282356e-07, 8.34535995864e-08, 3.45207844532e-08, 2.08726547157e-08, 1.19937952903e-08, 5.09509412439e-09, 2.03712824387e-09, 7.03075930808e-10, 2.41613951069e-10, 1.20074131194e-10, 7.12909870026e-11, 4.44949008194e-11],
        "min": [1.09706160501e-17, 5.92757544237e-18, 1.87985252124e-18, 1.4949025165e-18, 2.54569052134e-18, 2.86237310334e-18, 2.58900417976e-18, 2.22152857225e-18, 2.89586357839e-18, 2.58126797308e-18, 5.46104692106e-19, 2.4821885895e-19, 5.33924457586e-19, 1.58312753268e-18, 7.0759795483e-19, 2.44618048686e-18, 4.51289186771e-18, 2.96403670255e-18, 2.773276032e-18, 4.05355557842e-18, 5.30266034193e-18, 2.82119750001e-18, 2.27748155042e-18, 1.54574372528e-18, 3.9098113369e-19, 9.73511758046e-19, 4.16647234948e-18, 3.93989186327e-18, 4.83331061774e-18, 1.75742234596e-18, 1.08551501152e-18, 2.38382533754e-18, 4.2017048669e-18, 3.82496752487e-18, 1.45633883935e-18, 1.53828886341e-18, 4.13506719676e-18, 2.71734228577e-18, 1.43825263866e-18, 3.92335941796e-18],
        "var": [3.3864255844e-10, 1.2762914281e-08, 2.54486110407e-07, 2.66646907221e-07, 8.26750977012e-07, 7.56137978897e-07, 2.01913826459e-06, 9.7769157037e-07, 1.5226294181e-06, 9.74349291027e-07, 2.42882947532e-07, 2.35685064354e-07, 7.57602620638e-08, 5.607385134e-08, 2.62204036261e-08, 3.86317040579e-08, 2.10542356882e-08, 1.20873941967e-08, 3.44808182007e-09, 2.01542693645e-09, 1.53523049828e-09, 3.35634908755e-10, 3.64343499815e-10, 1.40104747248e-10, 7.36643246402e-11, 1.28800910909e-11, 9.28282797852e-12, 7.00336273349e-12, 8.9899789002e-13, 2.65867731476e-13, 9.99645787154e-14, 5.72908962024e-14, 3.52698251193e-14, 1.11661558228e-14, 3.46762096068e-15, 6.26915130526e-16, 5.56474904485e-17, 1.16917419751e-18, 9.76245021284e-20, 2.1285082608e-20]
    },
    "mfcc": {
        "mean": [-750.434875488, 200.201263428, -62.698135376, 8.14154434204, -16.8847484589, -12.0919504166, -12.8645143509, -13.1806821823, -6.86326313019, -6.18756008148, -3.1050760746, -4.92145729065, -4.61510753632],
        "cov": [[9211.35058594, 2836.68457031, -1982.88269043, 726.474487305, -832.575927734, 4.67315769196, -597.018981934, -213.507751465, -251.371612549, -177.956802368, 82.6835021973, -61.6529045105, 130.005493164], [2836.68457031, 1674.45483398, -522.39855957, 19.4434070587, -24.8717594147, -145.870193481, -39.1370201111, -132.524337769, -13.6809024811, -31.0589103699, -2.72636198997, -1.30912864208, -17.9711036682], [-1982.88269043, -522.39855957, 601.471984863, -107.138763428, 196.87147522, 25.3649024963, 153.146362305, 82.1880111694, 44.422870636, 56.4355926514, -34.8627204895, -2.32385396957, -37.3864364624], [726.474487305, 19.4434070587, -107.138763428, 285.054779053, -53.5623588562, 42.455783844, -59.7976264954, 7.15699625015, -38.2221374512, -48.1861038208, 16.8759899139, -0.555485665798, 38.3486251831], [-832.575927734, -24.8717594147, 196.87147522, -53.5623588562, 307.318634033, 19.7385692596, 104.865898132, 30.1559352875, 40.1012535095, 8.99107074738, -29.3635578156, 18.6573848724, -19.2083816528], [4.67315769196, -145.870193481, 25.3649024963, 42.455783844, 19.7385692596, 172.778991699, 38.0264434814, 58.9271469116, 16.4111728668, 3.08505320549, -13.4525194168, -24.6221504211, 1.55020534992], [-597.018981934, -39.1370201111, 153.146362305, -59.7976264954, 104.865898132, 38.0264434814, 201.13067627, 74.4331130981, 69.1697235107, 38.0142364502, -34.7618217468, -8.62495803833, -36.033454895], [-213.507751465, -132.524337769, 82.1880111694, 7.15699625015, 30.1559352875, 58.9271469116, 74.4331130981, 153.243591309, 54.6995849609, 18.3106441498, -14.6151275635, -28.7578830719, -18.4867897034], [-251.371612549, -13.6809024811, 44.422870636, -38.2221374512, 40.1012535095, 16.4111728668, 69.1697235107, 54.6995849609, 134.284057617, 57.2479057312, -0.0917274579406, 3.64799928665, -34.6863594055], [-177.956802368, -31.0589103699, 56.4355926514, -48.1861038208, 8.99107074738, 3.08505320549, 38.0142364502, 18.3106441498, 57.2479057312, 142.789489746, 33.8285522461, -3.2390806675, -16.6491088867], [82.6835021973, -2.72636198997, -34.8627204895, 16.8759899139, -29.3635578156, -13.4525194168, -34.7618217468, -14.6151275635, -0.0917274579406, 33.8285522461, 117.141784668, 49.4849777222, 7.94736385345], [-61.6529045105, -1.30912864208, -2.32385396957, -0.555485665798, 18.6573848724, -24.6221504211, -8.62495803833, -28.7578830719, 3.64799928665, -3.2390806675, 49.4849777222, 133.486953735, 56.3681259155], [130.005493164, -17.9711036682, -37.3864364624, 38.3486251831, -19.2083816528, 1.55020534992, -36.033454895, -18.4867897034, -34.6863594055, -16.6491088867, 7.94736385345, 56.3681259155, 126.713111877]],
