{
"lowlevel": {
    "average_loudness": 0.93311804533,
    "barkbands_crest": {
        "dmean": 2.99277305603,
        "dmean2": 4.5382809639,
        "dvar": 10.0255069733,
        "dvar2": 19.6570072174,
        "max": 26.9163017273,
        "mean": 11.3778448105,
        "median": 10.1251411438,
        "min": 3.15487957001,
        "var": 24.9942913055
    },
    "barkbands_flatness_db": {
        "dmean": 0.0298643894494,
        "dmean2": 0.0421584621072,
        "dvar": 0.000982280122116,
        "dvar2": 0.00179555686191,
        "max": 0.736676752567,
        "mean": 0.17905716598,
        "median": 0.176714390516,
        "min": 0.0288596376777,
        "var": 0.00427106907591
    },
    "barkbands_kurtosis": {
        "dmean": 15.498708725,
        "dmean2": 19.9953842163,
        "dvar": 79684.2265625,
        "dvar2": 108522.257812,
        "max": 25519.3398438,
        "mean": 18.8595619202,
        "median": 5.05666780472,
        "min": -1.76211118698,
        "var": 137767.328125
    },
    "barkbands_skewness": {
        "dmean": 0.866641044617,
        "dmean2": 1.19119739532,
        "dvar": 4.17460584641,
        "dvar2": 5.91089200974,
        "max": 145.31703186,
        "mean": 2.3939704895,
        "median": 1.99531340599,
        "min": -1.85603010654,
        "var": 9.42156124115
    },
    "barkbands_spread": {
        "dmean": 4.55492115021,
        "dmean2": 6.77275276184,
        "dvar": 38.9823150635,
        "dvar2": 85.6656951904,
        "max": 73.1129608154,
        "mean": 14.4941530228,
        "median": 10.658411026,
        "min": 0.0182753112167,
        "var": 151.563537598
    },
    "dissonance": {
        "dmean": 0.0235320031643,
        "dmean2": 0.0390098653734,
        "dvar": 0.000522048969287,
        "dvar2": 0.0013528149575,
        "max": 0.500000178814,
        "mean": 0.446407198906,
        "median": 0.453766345978,
        "min": 0.254810452461,
        "var": 0.00139202654827
    },
    "dynamic_complexity": 4.29428052902,
    "erbbands_crest": {
        "dmean": 2.47583699226,
        "dmean2": 3.782766819,
        "dvar": 5.86224603653,
        "dvar2": 11.992685318,
        "max": 29.101316452,
        "mean": 9.74822711945,
        "median": 8.69573688507,
        "min": 2.21707439423,
        "var": 19.6451740265
    },
    "erbbands_flatness_db": {
        "dmean": 0.0181124862283,
        "dmean2": 0.0250551495701,
        "dvar": 0.000355043361196,
        "dvar2": 0.000626701337751,
        "max": 0.303400963545,
        "mean": 0.162769764662,
        "median": 0.159114271402,
        "min": 0.0394133254886,
        "var": 0.0022181684617
    },
    "erbbands_kurtosis": {
        "dmean": 0.989814639091,
        "dmean2": 1.46994054317,
        "dvar": 1.9657664299,
        "dvar2": 3.85280179977,
        "max": 31.5641212463,
        "mean": 0.81097817421,
        "median": 0.225976586342,
        "min": -1.7330147028,
        "var": 5.3956861496
    },
    "erbbands_skewness": {
        "dmean": 0.354048132896,
        "dmean2": 0.518459379673,
        "dvar": 0.12853436172,
        "dvar2": 0.252876937389,
        "max": 4.85373163223,
        "mean": 0.608305215836,
        "median": 0.594302892685,
        "min": -3.49747037888,
        "var": 0.574696302414
    },
    "erbbands_spread": {
        "dmean": 8.26133728027,
        "dmean2": 11.6290903091,
        "dvar": 108.620666504,
        "dvar2": 196.133270264,
        "max": 163.944732666,
        "mean": 35.2727394104,
        "median": 29.6292381287,
        "min": 3.82069349289,
        "var": 378.531311035
    },
    "hfc": {
        "dmean": 6.3748626709,
        "dmean2": 9.84552288055,
        "dvar": 151.710296631,
        "dvar2": 382.697143555,
        "max": 107.819778442,
        "mean": 10.7498502731,
        "median": 7.26835155487,
        "min": 1.15677476427e-16,
        "var": 169.161712646
    },
    "melbands_crest": {
        "dmean": 3.47774839401,
        "dmean2": 5.17081308365,
        "dvar": 11.0301294327,
        "dvar2": 23.0402069092,
        "max": 39.9978752136,
        "mean": 15.4944009781,
        "median": 14.2245941162,
        "min": 1.9112610817,
        "var": 36.3742294312
    },
    "melbands_flatness_db": {
        "dmean": 0.0347485505044,
        "dmean2": 0.0477554686368,
        "dvar": 0.00136280944571,
        "dvar2": 0.00240830960684,
        "max": 0.728606581688,
        "mean": 0.258047282696,
        "median": 0.261579185724,
        "min": 0.003989063669,
        "var": 0.00717748096213
    },
    "melbands_kurtosis": {
        "dmean": 30.645734787,
        "dmean2": 42.1579551697,
        "dvar": 647812.5,
        "dvar2": 1248947.125,
        "max": 65644.7421875,
        "mean": 36.6827201843,
        "median": 10.7958450317,
        "min": -1.79374217987,
        "var": 741424
    },
    "melbands_skewness": {
        "dmean": 1.02445161343,
        "dmean2": 1.40645563602,
        "dvar": 9.20409870148,
        "dvar2": 12.9922704697,
        "max": 249.140106201,
        "mean": 3.20979309082,
        "median": 2.6469912529,
        "min": -1.07688522339,
        "var": 17.6950740814
    },
    "melbands_spread": {
        "dmean": 4.85888576508,
        "dmean2": 7.37356233597,
        "dvar": 64.5008850098,
        "dvar2": 142.302200317,
        "max": 139.798141479,
        "mean": 14.6978235245,
        "median": 10.191614151,
        "min": 0.016354912892,
        "var": 228.047653198
    },
    "pitch_salience": {
        "dmean": 0.0899565890431,
        "dmean2": 0.139611154795,
        "dvar": 0.0089670708403,
        "dvar2": 0.0194611959159,
        "max": 0.886094689369,
        "mean": 0.537774860859,
        "median": 0.56047296524,
        "min": 0.00101878726855,
        "var": 0.0212761480361
    },
    "silence_rate_20dB": {
        "dmean": 0,
        "dmean2": 0,
        "dvar": 0,
        "dvar2": 0,
        "max": 1,
        "mean": 1,
        "median": 1,
        "min": 1,
        "var": 0
    },
    "silence_rate_30dB": {
        "dmean": 0.0617941059172,
        "dmean2": 0.123604260385,
        "dvar": 0.0579727888107,
        "dvar2": 0.10961984098,
        "max": 1,
        "mean": 0.92354619503,
        "median": 1,
        "min": 0,
        "var": 0.0706137940288
    },
    "silence_rate_60dB": {
        "dmean": 0.0612748265266,
        "dmean2": 0.122565567493,
        "dvar": 0.0575191900134,
        "dvar2": 0.114549852908,
        "max": 1,
        "mean": 0.161085143685,
        "median": 0,
        "min": 0,
        "var": 0.135132163763
    },
    "spectral_centroid": {
        "dmean": 176.22593689,
        "dmean2": 266.332244873,
        "dvar": 75874.3671875,
        "dvar2": 157851.390625,
        "max": 11181.1679688,
        "mean": 831.639282227,
        "median": 642.46697998,
        "min": 151.548431396,
        "var": 340074.375
    },
    "spectral_complexity": {
        "dmean": 3.56017136574,
        "dmean2": 5.59465074539,
        "dvar": 33.2357063293,
        "dvar2": 75.502571106,
        "max": 55,
        "mean": 11.4966249466,
        "median": 11,
        "min": 0,
        "var": 57.5386047363
    },
    "spectral_decrease": {
        "dmean": 5.82845416375e-09,
        "dmean2": 8.47016501382e-09,
        "dvar": 1.18971534619e-16,
        "dvar2": 2.18231659643e-16,
        "max": 3.54696862762e-30,
        "mean": -8.73461480921e-09,
        "median": -4.45203784949e-09,
        "min": -8.20983103722e-08,
        "var": 1.82489886824e-16
    },
    "spectral_energy": {
        "dmean": 0.0224872063845,
        "dmean2": 0.0327057316899,
        "dvar": 0.0017385580577,
        "dvar2": 0.00319989793934,
        "max": 0.311893284321,
        "mean": 0.0339415036142,
        "median": 0.0175586305559,
        "min": 1.05246616044e-20,
        "var": 0.00267261336558
    },
    "spectral_energyband_high": {
        "dmean": 0.000278663035715,
        "dmean2": 0.000434735207818,
        "dvar": 5.93163576923e-07,
        "dvar2": 1.44821615322e-06,
        "max": 0.00797535013407,
        "mean": 0.000314119854011,
        "median": 5.9525234974e-05,
        "min": 7.68309667526e-21,
        "var": 5.89254398164e-07
    },
    "spectral_energyband_low": {
        "dmean": 0.0158296041191,
        "dmean2": 0.0226866006851,
        "dvar": 0.00161951803602,
        "dvar2": 0.00294335070066,
        "max": 0.306712418795,
        "mean": 0.0198068097234,
        "median": 0.0048679606989,
        "min": 3.45100171862e-23,
        "var": 0.0022279729601
    },
    "spectral_energyband_middle_high": {
        "dmean": 0.00108764623292,
        "dmean2": 0.00174636032898,
        "dvar": 4.69467840958e-06,
        "dvar2": 1.18426496556e-05,
        "max": 0.0340959951282,
        "mean": 0.00201781233773,
        "median": 0.00132777530234,
        "min": 1.52375524269e-21,
        "var": 6.63094397169e-06
    },
    "spectral_energyband_middle_low": {
        "dmean": 0.00942888390273,
        "dmean2": 0.0161401908845,
        "dvar": 0.000395600072807,
        "dvar2": 0.00107655487955,
        "max": 0.161108583212,
        "mean": 0.0135922087356,
        "median": 0.00864245556295,
        "min": 3.30933637332e-22,
        "var": 0.000340232014423
    },
    "spectral_entropy": {
        "dmean": 0.21202288568,
        "dmean2": 0.303897172213,
        "dvar": 0.0604661852121,
        "dvar2": 0.111996352673,
        "max": 9.82658672333,
        "mean": 7.20410251617,
        "median": 7.14031839371,
        "min": 5.11525964737,
        "var": 0.361854076385
    },
    "spectral_flux": {
        "dmean": 0.052640195936,
        "dmean2": 0.0809783414006,
        "dvar": 0.00494576711208,
        "dvar2": 0.00956455245614,
        "max": 0.548395752907,
        "mean": 0.0889315083623,
        "median": 0.0487279705703,
        "min": 6.61992127782e-11,
        "var": 0.00951961800456
    },
    "spectral_kurtosis": {
        "dmean": 2.81438660622,
        "dmean2": 4.59842205048,
        "dvar": 11.999168396,
        "dvar2": 30.9875736237,
        "max": 50.7245254517,
        "mean": 8.30164337158,
        "median": 6.82466602325,
        "min": -1.20643782616,
        "var": 41.6242256165
    },
    "spectral_rms": {
        "dmean": 0.00151592725888,
        "dmean2": 0.0020871583838,
        "dvar": 4.63328160549e-06,
        "dvar2": 8.0440313468e-06,
        "max": 0.0174437984824,
        "mean": 0.00465713255107,
        "median": 0.00413888506591,
        "min": 3.20436624283e-12,
        "var": 1.14249742182e-05
    },
    "spectral_rolloff": {
        "dmean": 296.867095947,
        "dmean2": 493.305786133,
        "dvar": 411282.4375,
        "dvar2": 850414.5,
        "max": 19293.75,
        "mean": 817.450439453,
        "median": 538.330078125,
        "min": 21.533203125,
        "var": 840052.0625
    },
    "spectral_skewness": {
        "dmean": 0.314447283745,
        "dmean2": 0.490447312593,
        "dvar": 0.115701757371,
        "dvar2": 0.254327327013,
        "max": 5.8147149086,
        "mean": 2.1807217598,
        "median": 2.18986415863,
        "min": -0.0120271276683,
        "var": 0.609973013401
    },
    "spectral_spread": {
        "dmean": 573740.875,
        "dmean2": 797582.3125,
        "dvar": 772932763648,
        "dvar2": 1.13207332045e+12,
        "max": 51306780,
        "mean": 4426129.5,
        "median": 4367349,
        "min": 1557373,
        "var": 3.02559369626e+12
    },
    "spectral_strongpeak": {
        "dmean": 0.353664040565,
        "dmean2": 0.570645570755,
        "dvar": 0.281540215015,
        "dvar2": 0.636766314507,
        "max": 9.36988067627,
        "mean": 0.639776229858,
        "median": 0.444337964058,
        "min": 0,
        "var": 0.504159212112
    },
    "zerocrossingrate": {
        "dmean": 0.00922378059477,
        "dmean2": 0.0106838624924,
        "dvar": 0.000133886933327,
        "dvar2": 0.000181162147783,
        "max": 0.5029296875,
        "mean": 0.0418026819825,
        "median": 0.03271484375,
        "min": 0,
        "var": 0.000955178809818
    },
    "barkbands": {
        "dmean": [0.000231147059822, 0.0139380088076, 0.00387204089202, 0.00319744669832, 0.00507070589811, 0.00113549898379, 0.000817943247966, 0.0004314101825, 0.000371796340914, 0.00013619895617, 0.000141282303957, 0.000172192347236, 0.000191333689145, 0.000134683505166, 0.00015525429626, 0.000238061591517, 9.41492253332e-05, 8.07155447546e-05, 5.16993386555e-05, 5.65052978345e-05, 7.08595398464e-05, 6.11649156781e-05, 5.65760165046e-05, 3.77265532734e-05, 2.61281711573e-05, 1.41873160828e-05, 1.0499976355e-07],
        "dmean2": [0.000324038031977, 0.0212059374899, 0.00683121522889, 0.00558710796759, 0.00894980598241, 0.0018667379627, 0.00121398619376, 0.000681713980157, 0.000515442865435, 0.000210945727304, 0.000211965074413, 0.000253191508818, 0.000283523841063, 0.000210580110434, 0.000262792338617, 0.000428226398071, 0.000161413729074, 0.00013984463294, 8.24624148663e-05, 9.21793252928e-05, 0.000113537738798, 9.47122607613e-05, 9.17905636015e-05, 6.16141260252e-05, 4.10073444073e-05, 2.20374058699e-05, 1.87215377423e-07],
        "dvar": [2.65466269411e-07, 0.00172287074383, 0.000147515966091, 4.86919816467e-05, 0.000191564526176, 6.72548003422e-06, 3.82675852961e-06, 1.30921046093e-06, 1.35631819376e-06, 1.06752025886e-07, 3.76055197648e-07, 1.78536311068e-07, 4.00852769644e-07, 1.88381918065e-07, 1.98364546122e-07, 7.63345497035e-07, 7.00070543758e-08, 6.18788433826e-08, 1.59913629005e-08, 2.48108182888e-08, 4.06591702529e-08, 2.94055357841e-08, 2.92247523959e-08, 1.32142332632e-08, 5.55524115597e-09, 1.03705866117e-09, 1.22696042779e-13],
        "dvar2": [5.416758313e-07, 0.00367098185234, 0.000417445233325, 0.000134094356326, 0.000527048367076, 1.80419101525e-05, 8.5154961198e-06, 3.06448350784e-06, 2.08661049328e-06, 2.33199997979e-07, 8.13609688066e-07, 3.65814997849e-07, 7.56998929319e-07, 3.70149479068e-07, 5.17413411671e-07, 2.16249691221e-06, 1.89021264418e-07, 1.7144782305e-07, 3.83025415829e-08, 6.02708567499e-08, 1.01456436141e-07, 7.04678697616e-08, 7.43564072536e-08, 3.47541231349e-08, 1.40434082141e-08, 2.61717403305e-09, 3.49400955217e-13],
        "max": [0.00601908285171, 0.301974594593, 0.141822829843, 0.0687153786421, 0.118394948542, 0.0433344244957, 0.0349233374, 0.0272746738046, 0.0258949846029, 0.00596781028435, 0.017207255587, 0.0142100546509, 0.0302240103483, 0.0198402814567, 0.01639184542, 0.016645597294, 0.00291817239486, 0.00255219847895, 0.00140378042124, 0.00149934343062, 0.00200366438366, 0.00175726867747, 0.00190398911946, 0.00120887090452, 0.000779422349297, 0.000396274699597, 9.17477973417e-06],
        "mean": [0.000329106638674, 0.0138165084645, 0.00388647965156, 0.00368012138642, 0.00491262739524, 0.0019945781678, 0.00155242939945, 0.00072255905252, 0.000696263450664, 0.000227590469876, 0.000221942813369, 0.000327887013555, 0.000367573025869, 0.000238548018388, 0.000180462113349, 0.000201788760023, 9.78452662821e-05, 8.19227425382e-05, 6.03779735684e-05, 6.08729460509e-05, 7.42101037758e-05, 6.60632213112e-05, 5.47926974832e-05, 3.89145934605e-05, 3.02518801618e-05, 1.98225752683e-05, 8.34999198673e-08],
        "median": [7.90459962445e-05, 0.00154104712419, 0.000902497093193, 0.00131362571847, 0.00179365521763, 0.000769521167967, 0.00052304752171, 0.000233006954659, 0.000260120723397, 6.40514554107e-05, 4.96741558891e-05, 0.000128819810925, 0.000110558110464, 8.38898995426e-05, 6.60090590827e-05, 4.67503814434e-05, 2.77710933005e-05, 1.92272345885e-05, 1.58118964464e-05, 1.15500606626e-05, 1.11396020657e-05, 9.43933264352e-06, 7.45684337744e-06, 5.32210651727e-06, 3.66467520507e-06, 2.97305928143e-06, 4.26994750669e-09],
        "min": [5.65643521859e-24, 1.22057418639e-23, 1.5496951602e-24, 4.26630867293e-25, 6.08106807871e-23, 3.07899416393e-23, 2.27077871417e-23, 2.78067599965e-23, 6.2397162109e-23, 7.15693930044e-23, 1.7834466371e-23, 6.36358883004e-23, 1.21183449108e-22, 7.92687259265e-23, 7.22681912378e-23, 1.7293179048e-22, 7.00735675777e-23, 1.73748305693e-22, 2.39614038715e-22, 2.64440034138e-22, 4.03011189288e-22, 5.71981560116e-22, 5.4144252042e-22, 6.18695757221e-22, 1.33382257832e-21, 1.39467851448e-21, 2.30867078316e-21],
        "var": [4.618656817e-07, 0.0018219210906, 0.000105275248643, 4.4498279749e-05, 0.000130320317112, 1.00046472653e-05, 8.55536291056e-06, 2.61312266048e-06, 3.38989798365e-06, 2.30996647588e-07, 6.7228501166e-07, 3.90824084207e-07, 9.74272438725e-07, 4.54287231832e-07, 1.87659409789e-07, 4.71728753837e-07, 5.70028291236e-08, 4.62083526998e-08, 1.6522784918e-08, 2.35023076556e-08, 3.75323132573e-08, 3.00949629661e-08, 2.47085498728e-08, 1.09445394969e-08, 5.45044853695e-09, 1.28019062018e-09, 8.2366330824e-14]
    },
    "erbbands": {
        "dmean": [0.365085035563, 3.32202863693, 4.74186944962, 7.41659927368, 18.4962272644, 13.9693260193, 8.8331489563, 10.0723819733, 9.58607578278, 12.6448554993, 7.35389852524, 8.10294437408, 5.56228971481, 5.13936042786, 5.20861959457, 6.4774684906, 8.75187969208, 5.88671779633, 7.39834356308, 12.6290607452, 9.74388122559, 5.54795312881, 4.34363698959, 3.1674053669, 2.50605845451, 2.70762395859, 2.4884750843, 3.12870264053, 2.27721452713, 2.02751398087, 1.48950397968, 0.911606311798, 0.554884552956, 0.335146546364, 0.163742288947, 0.0748728737235, 0.0235931649804, 0.00312519702129, 6.49437497486e-05, 2.65785602096e-05],
        "dmean2": [0.545674979687, 5.18019008636, 7.69921541214, 12.9512729645, 32.5838470459, 24.5732498169, 15.0415000916, 16.3987255096, 14.4880800247, 18.9037914276, 11.5356578827, 11.3882160187, 8.01305866241, 7.80226707458, 7.92897701263, 9.66489887238, 12.802854538, 9.17027664185, 11.8686246872, 22.3982372284, 17.2495822906, 9.60649871826, 7.4569196701, 5.0849647522, 4.0456609726, 4.48125886917, 4.09159231186, 4.99501991272, 3.58510947227, 3.29094934464, 2.39260196686, 1.45869171619, 0.90140068531, 0.533083736897, 0.25921022892, 0.118990890682, 0.0367507860065, 0.00495020579547, 0.000100081917481, 3.89412198274e-05],
        "dvar": [1.1629087925, 101.127189636, 192.590377808, 288.444000244, 2425.80004883, 1297.87329102, 454.721466064, 526.378601074, 379.682922363, 979.739318848, 210.105056763, 1012.52685547, 151.616714478, 128.889602661, 432.178588867, 374.661437988, 892.059753418, 137.857513428, 427.065338135, 2179.02246094, 941.794921875, 257.872833252, 171.971099854, 68.7339859009, 39.5888977051, 61.2524528503, 51.6831359863, 80.3636245728, 43.5962028503, 35.7596931458, 20.0758190155, 7.25508832932, 2.91247177124, 0.944464862347, 0.213981449604, 0.0408503748477, 0.00246175588109, 4.19117968704e-05, 1.58255595295e-08, 2.22760876412e-09],
        "dvar2": [2.45090723038, 222.99407959, 498.158721924, 805.057250977, 6714.7421875, 3558.24438477, 1269.42321777, 1342.43359375, 880.861450195, 2185.57080078, 485.637573242, 1563.78747559, 263.462524414, 271.959411621, 969.717956543, 781.120849609, 1685.8861084, 297.613861084, 902.688049316, 6102.66601562, 2629.94604492, 708.903930664, 476.109649658, 174.231262207, 94.9440917969, 153.917114258, 133.585388184, 197.615310669, 107.82169342, 90.4187698364, 51.386680603, 18.816696167, 7.63682126999, 2.38668608665, 0.549773812294, 0.106524735689, 0.00608192617074, 0.000105590406747, 3.91907697406e-08, 4.15689482836e-09],
        "max": [9.62509632111, 70.7077636719, 159.756088257, 176.925582886, 411.00958252, 304.776062012, 315.866516113, 357.110900879, 297.096984863, 515.557067871, 249.626296997, 714.713623047, 193.670333862, 209.195419312, 581.263916016, 712.417297363, 1450.98034668, 289.052703857, 838.063659668, 919.963806152, 488.675415039, 176.677108765, 132.716690063, 98.6476745605, 62.1273231506, 76.531288147, 85.3621826172, 93.5798416138, 77.690071106, 59.3838577271, 53.6403999329, 28.8386459351, 20.5431575775, 9.33919715881, 5.28543806076, 2.78097271919, 0.508499383926, 0.0596753098071, 0.00124585616868, 0.00034077570308],
        "mean": [0.36743786931, 3.16245031357, 5.08212137222, 8.90432262421, 17.208152771, 14.4532003403, 12.708943367, 17.8789806366, 18.4311790466, 23.6532535553, 13.597612381, 14.6974935532, 10.6629695892, 9.03269100189, 9.06493377686, 12.3162908554, 17.6936664581, 11.9082918167, 11.6160259247, 11.2060155869, 9.2788066864, 5.66092967987, 4.5053896904, 3.64797258377, 2.87334632874, 2.83851003647, 2.61050701141, 3.22327327728, 2.39835357666, 1.98651707172, 1.47992193699, 0.937878012657, 0.586485207081, 0.372975707054, 0.192439734936, 0.0947087109089, 0.0343996025622, 0.00432216562331, 9.58370656008e-05, 4.13164707425e-05],
        "median": [0.0412633791566, 0.330432295799, 1.13711869717, 3.7050113678, 5.15125226974, 5.48109817505, 5.55485057831, 6.02798938751, 8.22685432434, 7.9102230072, 6.10347366333, 5.41055774689, 3.83573770523, 3.23113107681, 3.29196977615, 5.29095840454, 6.09976577759, 5.79860401154, 4.99376630783, 3.19245958328, 2.73109340668, 1.80277204514, 1.34306168556, 0.881095349789, 0.757412016392, 0.548108637333, 0.455885529518, 0.433639109135, 0.35036200285, 0.274304777384, 0.207342803478, 0.131359115243, 0.0764114260674, 0.0440769009292, 0.0238722208887, 0.0122114121914, 0.00559648312628, 0.000745176046621, 2.72325269179e-05, 2.27192485909e-05],
        "min": [5.16333772005e-22, 2.14324758534e-21, 2.84412967371e-21, 2.28972681232e-21, 3.27702850805e-20, 1.07623933124e-19, 1.25662383527e-19, 2.80317576771e-19, 2.35423460548e-19, 6.4289526693e-19, 8.04024570184e-19, 1.70293306388e-18, 1.64148812343e-18, 1.93729731965e-18, 2.41264451687e-18, 3.08207847789e-18, 4.3244717047e-18, 3.73929684242e-18, 4.61790699596e-18, 5.22957355813e-18, 9.01374164006e-18, 5.39209510975e-18, 8.6629202802e-18, 1.14869670038e-17, 1.34657641816e-17, 1.41080566924e-17, 1.5086432686e-17, 1.5686861586e-17, 1.99333802033e-17, 1.8662668655e-17, 1.57709064449e-17, 1.34065430128e-17, 1.28923567907e-17, 1.24430885303e-17, 7.98248150832e-18, 5.51926957944e-18, 2.59766538116e-18, 1.22292739225e-18, 3.20672591081e-19, 3.1574408097e-20],
        "var": [1.29114699364, 99.4315795898, 164.599899292, 244.923706055, 1696.68640137, 923.317993164, 444.113861084, 1004.02978516, 778.432128906, 2050.80322266, 459.693023682, 2462.37329102, 392.269561768, 281.811706543, 736.521972656, 743.583190918, 2120.43969727, 392.637786865, 892.184326172, 1403.01367188, 625.901611328, 189.010345459, 126.962310791, 65.360496521, 39.749420166, 54.3066673279, 45.3151702881, 75.1905975342, 41.5977859497, 31.2074604034, 17.0922279358, 6.23688268661, 2.46287798882, 0.899446845055, 0.207267314196, 0.0416704192758, 0.00338824396022, 5.39894463145e-05, 2.108751751e-08, 3.45529138635e-09]
    },
    "gfcc": {
        "mean": [-57.7227668762, 108.109420776, -96.864654541, 21.1375255585, -51.6962089539, 12.1477384567, -44.4462928772, 1.37418460846, -22.7231559753, 7.89129209518, -19.7630977631, 0.555786669254, -16.9426784515],
        "cov": [[10386.1914062, 893.89050293, 634.93927002, 701.227172852, -230.791625977, 135.277832031, 167.057266235, -66.1690368652, -117.654327393, -162.110916138, -59.8559684753, -129.104980469, -41.6908454895], [893.89050293, 2038.11877441, 186.476074219, -356.622467041, 311.350921631, -185.63230896, 201.602218628, -186.518417358, 166.219421387, -144.63520813, 146.473907471, -142.847167969, 12.780412674], [634.93927002, 186.476074219, 573.626098633, 152.516876221, 122.540298462, 153.638778687, 131.79359436, 72.8018493652, 13.5735759735, 25.9637260437, -3.2170996666, 23.0569076538, 23.3718833923], [701.227172852, -356.622467041, 152.516876221, 502.728881836, -1.74544477463, 117.805923462, 60.3962631226, 71.3291320801, -12.2410163879, 1.10881745815, -9.86309814453, -5.71751213074, 26.5553646088], [-230.791625977, 311.350921631, 122.540298462, -1.74544477463, 359.99130249, 171.312271118, 159.921798706, 38.8536262512, 64.0919265747, 15.1661920547, 71.2822113037, 38.4256973267, 31.8956317902], [135.277832031, -185.63230896, 153.638778687, 117.805923462, 171.312271118, 319.429748535, 165.502746582, 112.810585022, 16.7580966949, 60.566734314, 44.5430908203, 87.6898117065, 38.2172317505], [167.057266235, 201.602218628, 131.79359436, 60.3962631226, 159.921798706, 165.502746582, 234.631866455, 101.69278717, 66.4782180786, 20.9230155945, 64.1199035645, 35.3861122131, 36.007194519], [-66.1690368652, -186.518417358, 72.8018493652, 71.3291320801, 38.8536262512, 112.810585022, 101.69278717, 166.704162598, 50.400226593, 42.4359397888, 0.252506166697, 46.2156143188, 18.1873397827], [-117.654327393, 166.219421387, 13.5735759735, -12.2410163879, 64.0919265747, 16.7580966949, 66.4782180786, 50.400226593, 129.083648682, 42.3760986328, 49.192489624, -8.57951545715, 6.44885110855], [-162.110916138, -144.63520813, 25.9637260437, 1.10881745815, 15.1661920547, 60.566734314, 20.9230155945, 42.4359397888, 42.3760986328, 108.826202393, 47.9093208313, 31.10090065, -8.78763580322], [-59.8559684753, 146.473907471, -3.2170996666, -9.86309814453, 71.2822113037, 44.5430908203, 64.1199035645, 0.252506166697, 49.192489624, 47.9093208313, 118.430458069, 30.4865856171, 0.434220761061], [-129.104980469, -142.847167969, 23.0569076538, -5.71751213074, 38.4256973267, 87.6898117065, 35.3861122131, 46.2156143188, -8.57951545715, 31.10090065, 30.4865856171, 102.561775208, 37.0836791992], [-41.6908454895, 12.780412674, 23.3718833923, 26.5553646088, 31.8956317902, 38.2172317505, 36.007194519, 18.1873397827, 6.44885110855, -8.78763580322, 0.434220761061, 37.0836791992, 76.5757827759]],
        "icov": [[0.00016304939345, -0.000346990767866, 3.88855223719e-05, -0.00040853745304, 0.000425211474067, -0.000392257788917, 0.000108907639515, -3.71136084141e-05, 0.000238125867327, -0.000211627178942, 0.000376856391085, -0.000311369571136, 0.000357061886461], [-0.000346990767866, 0.00344157917425, -0.00164403603412, 0.00272523751482, -0.00200549303554, 0.00275862379931, -0.0029645934701, 0.00268361251801, -0.0028341258876, 0.00442647468299, -0.00394844869152, 0.0033448881004, -0.00184221856762], [3.88855223719e-05, -0.00164403603412, 0.00322441780008, -0.00172368949279, 0.00026355337468, -0.00134655984584, 0.000337007455528, -0.00110736396164, 0.00161324325018, -0.00328317563981, 0.00328390114009, -0.00180424225982, 0.000918477133382], [-0.00040853745304, 0.00272523751482, -0.00172368949279, 0.00502625433728, -0.00116517662536, 0.000889368413482, -0.00142813229468, 0.000341885228409, -0.00124452833552, 0.003892211942, -0.00443707872182, 0.00514783291146, -0.00317874597386], [0.000425211474067, -0.00200549303554, 0.00026355337468, -0.00116517662536, 0.00683996360749, -0.00447840429842, -0.000157302463776, 0.000561909808312, -0.000678316166159, -0.000296624959446, 0.00119067158084, -0.00208465475589, 0.00124229118228], [-0.000392257788917, 0.00275862379931, -0.00134655984584, 0.000889368413482, -0.00447840429842, 0.0114467591047, -0.00630530016497, 0.000802935566753, 0.000715120346285, -0.000788232544437, -0.00135560554918, -0.00151108414866, -0.00105592119507], [0.000108907639515, -0.0029645934701, 0.000337007455528, -0.00142813229468, -0.000157302463776, -0.00630530016497, 0.0161179639399, -0.0091831497848, 0.00141567294486, 0.000690736109391, -0.00392896635458, 0.00171029556077, -0.00208496092819], [-3.71136084141e-05, 0.00268361251801, -0.00110736396164, 0.000341885228409, 0.000561909808312, 0.000802935566753, -0.0091831497848, 0.0180239062756, -0.00898492895067, 0.000723344332073, 0.00581144122407, -0.00554682919756, 0.00264670839533], [0.000238125867327, -0.0028341258876, 0.00161324325018, -0.00124452833552, -0.000678316166159, 0.000715120346285, 0.00141567294486, -0.00898492895067, 0.0187380127609, -0.00876299664378, -0.00262892572209, 0.00528358342126, -0.00319163035601], [-0.000211627178942, 0.00442647468299, -0.00328317563981, 0.003892211942, -0.000296624959446, -0.000788232544437, 0.000690736109391, 0.000723344332073, -0.00876299664378, 0.0236127693206, -0.0117337843403, 0.00221311068162, 0.00126115814783], [0.000376856391085, -0.00394844869152, 0.00328390114009, -0.00443707872182, 0.00119067158084, -0.00135560554918, -0.00392896635458, 0.00581144122407, -0.00262892572209, -0.0117337843403, 0.0243070945144, -0.0130098657683, 0.00708577269688], [-0.000311369571136, 0.0033448881004, -0.00180424225982, 0.00514783291146, -0.00208465475589, -0.00151108414866, 0.00171029556077, -0.00554682919756, 0.00528358342126, 0.00221311068162, -0.0130098657683, 0.0270454250276, -0.0130412522703], [0.000357061886461, -0.00184221856762, 0.000918477133382, -0.00317874597386, 0.00124229118228, -0.00105592119507, -0.00208496092819, 0.00264670839533, -0.00319163035601, 0.00126115814783, 0.00708577269688, -0.0130412522703, 0.0214330200106]]
    },
    "melbands": {
        "dmean": [0.00370420212857, 0.00292173889466, 0.00160545494873, 0.00129875086714, 0.000320253690006, 0.000215917010792, 0.000157967515406, 0.000132748493343, 5.55763181183e-05, 5.51060402358e-05, 2.75279780908e-05, 2.11009319173e-05, 1.89622951439e-05, 1.79331836989e-05, 1.87899586308e-05, 2.14090323425e-05, 1.02734957181e-05, 1.24185062305e-05, 1.37576707857e-05, 1.88487665582e-05, 9.75408147497e-06, 6.15497356193e-06, 3.65132632396e-06, 4.26807037002e-06, 2.42909118242e-06, 1.97377949007e-06, 1.92753395822e-06, 1.7977886273e-06, 1.49066590893e-06, 1.7735808342e-06, 1.85033525213e-06, 1.34834965593e-06, 1.17441720704e-06, 1.13620660613e-06, 9.13147516712e-07, 6.92012690706e-07, 5.00465375808e-07, 3.85817713777e-07, 3.41542204296e-07, 2.80661367924e-07],
        "dmean2": [0.00560564827174, 0.00442618876696, 0.00281216436997, 0.00229693599977, 0.000550002907403, 0.000351120834239, 0.000236507010413, 0.000200147085707, 8.74822217156e-05, 7.61507471907e-05, 3.98017255065e-05, 3.21485749737e-05, 2.86828581011e-05, 2.72315028269e-05, 2.78872612398e-05, 3.10911200359e-05, 1.6263775251e-05, 1.96459332074e-05, 2.35232437262e-05, 3.39286016242e-05, 1.71637057065e-05, 1.07040859803e-05, 6.20886203251e-06, 7.43761393096e-06, 3.87524232792e-06, 3.19671949001e-06, 3.15712213705e-06, 3.02324110635e-06, 2.47620891969e-06, 2.90433990813e-06, 2.95071640721e-06, 2.19456615014e-06, 1.82036114893e-06, 1.9081010123e-06, 1.48155686475e-06, 1.11275244308e-06, 8.14674763205e-07, 6.31822672403e-07, 5.50586776171e-07, 4.5259827175e-07],
        "dvar": [0.000121910161397, 6.52555099805e-05, 1.23474046632e-05, 1.30401012939e-05, 5.63404853438e-07, 2.37591379459e-07, 1.18629380097e-07, 1.12003682773e-07, 1.08023270329e-08, 4.74518095928e-08, 3.60685992185e-09, 2.08436468085e-09, 8.56936299698e-09, 2.29248509065e-09, 3.4933302917e-09, 3.94231625123e-09, 5.48216694263e-10, 1.73778325063e-09, 2.0146555535e-09, 5.37965583192e-09, 7.95689902855e-10, 3.26576127252e-10, 1.13460546514e-10, 1.74223330207e-10, 3.80049602899e-11, 2.66060454918e-11, 2.72736451479e-11, 2.87386607567e-11, 1.78715844207e-11, 2.92206606134e-11, 2.68069819814e-11, 1.7134153471e-11, 1.07745002156e-11, 1.21491419355e-11, 7.73287510414e-12, 4.45775230964e-12, 2.1040588976e-12, 1.33995679136e-12, 1.14770432741e-12, 6.60280803557e-13],
        "dvar2": [0.000260088389041, 0.000138013783726, 3.42550592904e-05, 3.60246631317e-05, 1.57599151862e-06, 6.1325505385e-07, 2.71296613619e-07, 2.53777983517e-07, 2.50946232683e-08, 7.25085769204e-08, 6.46490327938e-09, 4.40324354756e-09, 1.88562712111e-08, 4.6952992605e-09, 7.12106018597e-09, 6.97386681736e-09, 1.15974918558e-09, 3.45187034512e-09, 5.40344968769e-09, 1.52079504545e-08, 2.20055373923e-09, 8.97885765738e-10, 3.07863179394e-10, 4.86514328824e-10, 9.37130650858e-11, 6.53846768395e-11, 6.74958075542e-11, 7.44611872161e-11, 4.64738872386e-11, 7.57341619972e-11, 6.50272544145e-11, 4.46728105896e-11, 2.55826349688e-11, 3.16068525519e-11, 1.99091212266e-11, 1.15807537171e-11, 5.47913407353e-12, 3.50919011731e-12, 2.98579650587e-12, 1.68117386332e-12],
        "max": [0.0832182019949, 0.075263261795, 0.0274144485593, 0.0312352497131, 0.010440768674, 0.00778650213033, 0.00570051046088, 0.00579476263374, 0.00163988908753, 0.00488375546411, 0.000974181166384, 0.000925290863961, 0.00263702380471, 0.00153168512043, 0.00296076666564, 0.00183492992073, 0.000726181955542, 0.00192759057973, 0.00163144839462, 0.0014498984674, 0.000382005557185, 0.000196225984837, 0.000164186727488, 0.000134597852593, 7.36108995625e-05, 6.02051295573e-05, 5.98936530878e-05, 5.92217984376e-05, 4.79583723063e-05, 8.29599157441e-05, 5.0170616305e-05, 5.04538802488e-05, 3.40396509273e-05, 3.63680264854e-05, 3.50418922608e-05, 2.48718024523e-05, 1.50260530063e-05, 1.41855543916e-05, 1.50069454321e-05, 8.40325537865e-06],
        "mean": [0.00366527889855, 0.00329173309729, 0.00180532888044, 0.00123012450058, 0.00044911247096, 0.000387413980206, 0.000306442409055, 0.000245442992309, 9.97751631076e-05, 9.91357956082e-05, 5.23057824466e-05, 3.65054474969e-05, 3.10473733407e-05, 3.26205627061e-05, 3.35955082846e-05, 4.23208330176e-05, 1.90108985407e-05, 1.97617682716e-05, 1.445421276e-05, 1.53483797476e-05, 9.60898341873e-06, 6.07274159847e-06, 3.78787717636e-06, 4.35176070823e-06, 2.80837707578e-06, 2.18963759835e-06, 2.03707395485e-06, 1.81755888207e-06, 1.55771033405e-06, 1.74908893769e-06, 1.9106378204e-06, 1.34635172344e-06, 1.23642530525e-06, 1.05196590994e-06, 8.94286017683e-07, 6.86446071541e-07, 5.20103981216e-07, 4.05614201782e-07, 3.65143847603e-07, 3.04797453055e-07],
        "median": [0.00042633828707, 0.000591294956394, 0.000708473846316, 0.000420070777182, 0.0002158008283, 0.000143332639709, 0.000128065410536, 8.18218104541e-05, 4.14361711591e-05, 3.31442206516e-05, 1.79113594641e-05, 1.17723557196e-05, 8.75233308761e-06, 1.23948248074e-05, 9.58408236329e-06, 9.68337008089e-06, 7.60783541409e-06, 7.01780527379e-06, 4.75969409308e-06, 2.90721527563e-06, 2.67964378509e-06, 1.57709257564e-06, 1.25198744172e-06, 8.94255663297e-07, 6.32698856862e-07, 5.32600040515e-07, 4.16779215584e-07, 3.27544086076e-07, 2.69720089818e-07, 2.51543156082e-07, 2.36799664322e-07, 1.9052299649e-07, 1.63161814726e-07, 1.41601873338e-07, 1.21466513292e-07, 9.03129944163e-08, 7.35170715416e-08, 5.46554375092e-08, 4.25759552058e-08, 3.369647672e-08],
        "min": [4.38041760009e-24, 2.69149637872e-24, 4.06025919056e-25, 8.03659146942e-24, 3.30905416622e-24, 6.75779824382e-24, 3.52582801538e-24, 6.8309666705e-24, 8.08482715833e-24, 1.04900853576e-23, 8.29495603765e-24, 7.91783082672e-24, 6.34765289312e-24, 5.73458451303e-24, 1.14376982091e-23, 9.30813742988e-24, 6.62804719099e-24, 7.60621814739e-24, 5.81215123369e-24, 7.97370190033e-24, 9.50636160929e-24, 4.55409637242e-24, 7.11415669142e-24, 8.38329820385e-24, 9.42559960753e-24, 7.25491787591e-24, 1.03244529665e-23, 8.71398790646e-24, 9.51193885589e-24, 7.61210226088e-24, 7.97445841794e-24, 9.8356810605e-24, 1.26843879513e-23, 9.92629751269e-24, 9.13883683557e-24, 7.27807962095e-24, 6.84607493456e-24, 8.63512705948e-24, 1.01342483471e-23, 1.03028563215e-23],
        "var": [0.000130123109557, 7.2453993198e-05, 1.00977349575e-05, 8.78654009284e-06, 5.0788628414e-07, 4.27707703921e-07, 2.52244120702e-07, 2.2682594647e-07, 2.35699921802e-08, 1.1557947488e-07, 9.30493726514e-09, 4.64298333114e-09, 1.48529286648e-08, 4.9110520095e-09, 6.99367319612e-09, 1.20216947508e-08, 1.43615175308e-09, 4.00751609675e-09, 1.69149194651e-09, 3.32981420215e-09, 5.65179070211e-10, 2.44782166758e-10, 8.65311572396e-11, 1.32365549077e-10, 3.8412280301e-11, 2.55645730279e-11, 2.50474294083e-11, 2.39631162136e-11, 1.56531038131e-11, 2.43560258767e-11, 2.59062007957e-11, 1.4523057236e-11, 1.10776041118e-11, 9.67509926342e-12, 6.44307393896e-12, 3.73956941802e-12, 1.81444822275e-12, 1.1376292703e-12, 9.95664163096e-13, 6.16188957497e-13]
    },
    "mfcc": {
        "mean": [-710.96472168, 145.677337646, 11.5903968811, 17.8687019348, 8.71949291229, 9.80068302155, -7.40200328827, -4.09755420685, -3.34524273872, -0.112614743412, 0.532798707485, 1.05416703224, -1.86126315594],
        "cov": [[9507.78125, 195.268249512, 803.237854004, 556.511352539, -120.505065918, 162.352752686, 134.986907959, 126.431884766, -30.6158676147, 33.1757621765, -41.3523330688, -154.142608643, -152.563980103], [195.268249512, 2197.50195312, -67.632484436, -118.493408203, 32.9139976501, 31.8258018494, 2.79729604721, 8.66481971741, -47.6585083008, -3.97042274475, 47.3033905029, 65.1943817139, -10.427479744], [803.237854004, -67.632484436, 466.081420898, 145.309066772, 27.457901001, 65.3194961548, 83.2496185303, 56.2593040466, 57.7181892395, 41.7040100098, 6.66502428055, -8.23441505432, 2.28278827667], [556.511352539, -118.493408203, 145.309066772, 275.152404785, 43.4619483948, 30.8332195282, 29.879743576, 24.2688179016, 26.8444843292, 18.6927661896, 4.95523262024, -0.731741547585, -13.6153964996], [-120.505065918, 32.9139976501, 27.457901001, 43.4619483948, 172.158721924, 110.683700562, 82.334197998, 66.4267654419, 41.9430809021, 26.2545681, 25.035654068, 21.9520778656, 23.095741272], [162.352752686, 31.8258018494, 65.3194961548, 30.8332195282, 110.683700562, 194.168884277, 148.106826782, 89.2080993652, 42.8796577454, 36.7005157471, 39.6848754883, 31.7727909088, 29.9417495728], [134.986907959, 2.79729604721, 83.2496185303, 29.879743576, 82.334197998, 148.106826782, 218.978378296, 140.220504761, 68.5547943115, 43.9991950989, 45.0482521057, 30.9767417908, 31.112701416], [126.431884766, 8.66481971741, 56.2593040466, 24.2688179016, 66.4267654419, 89.2080993652, 140.220504761, 176.179672241, 98.1546707153, 46.0404815674, 33.7790679932, 25.148481369, 34.2322502136], [-30.6158676147, -47.6585083008, 57.7181892395, 26.8444843292, 41.9430809021, 42.8796577454, 68.5547943115, 98.1546707153, 128.953109741, 61.2884788513, 11.4966993332, 6.90871477127, 23.840681076], [33.1757621765, -3.97042274475, 41.7040100098, 18.6927661896, 26.2545681, 36.7005157471, 43.9991950989, 46.0404815674, 61.2884788513, 112.855773926, 60.125667572, 14.1811199188, 10.4278945923], [-41.3523330688, 47.3033905029, 6.66502428055, 4.95523262024, 25.035654068, 39.6848754883, 45.0482521057, 33.7790679932, 11.4966993332, 60.125667572, 122.653877258, 64.1859359741, 2.2237508297], [-154.142608643, 65.1943817139, -8.23441505432, -0.731741547585, 21.9520778656, 31.7727909088, 30.9767417908, 25.148481369, 6.90871477127, 14.1811199188, 64.1859359741, 119.936447144, 51.2694015503], [-152.563980103, -10.427479744, 2.28278827667, -13.6153964996, 23.095741272, 29.9417495728, 31.112701416, 34.2322502136, 23.840681076, 10.4278945923, 2.2237508297, 51.2694015503, 107.168174744]],
