{
"lowlevel": {
    "average_loudness": 0.954845666885,
    "barkbands_crest": {
        "dmean": 3.40579342842,
        "dmean2": 5.59650230408,
        "dvar": 9.29142665863,
        "dvar2": 23.7062854767,
        "max": 26.1018753052,
        "mean": 13.0206022263,
        "median": 12.0595006943,
        "min": 2.70250105858,
        "var": 26.1607589722
    },
    "barkbands_flatness_db": {
        "dmean": 0.0366909280419,
        "dmean2": 0.0555037558079,
        "dvar": 0.00122079078574,
        "dvar2": 0.00275649875402,
        "max": 0.542939186096,
        "mean": 0.166159555316,
        "median": 0.153058692813,
        "min": 0.0199601016939,
        "var": 0.00570500548929
    },
    "barkbands_kurtosis": {
        "dmean": 6.81833744049,
        "dmean2": 11.1124210358,
        "dvar": 242.602767944,
        "dvar2": 600.318603516,
        "max": 487.356262207,
        "mean": 8.85946655273,
        "median": 2.72170686722,
        "min": -1.96815848351,
        "var": 401.415283203
    },
    "barkbands_skewness": {
        "dmean": 0.905186712742,
        "dmean2": 1.42959070206,
        "dvar": 1.03190481663,
        "dvar2": 2.43128156662,
        "max": 18.4845199585,
        "mean": 1.91218984127,
        "median": 1.73522818089,
        "min": -11.8785848618,
        "var": 4.00736379623
    },
    "barkbands_spread": {
        "dmean": 8.9199180603,
        "dmean2": 14.5950870514,
        "dvar": 130.056564331,
        "dvar2": 324.960021973,
        "max": 150.371749878,
        "mean": 22.2060279846,
        "median": 19.2433662415,
        "min": 0.33678278327,
        "var": 270.684509277
    },
    "dissonance": {
        "dmean": 0.0190913528204,
        "dmean2": 0.0313447229564,
        "dvar": 0.000519693712704,
        "dvar2": 0.00137313222513,
        "max": 0.499995052814,
        "mean": 0.457757472992,
        "median": 0.470869630575,
        "min": 0.203846439719,
        "var": 0.00163286621682
    },
    "dynamic_complexity": 3.17353606224,
    "erbbands_crest": {
        "dmean": 3.16324949265,
        "dmean2": 5.03883981705,
        "dvar": 10.4943275452,
        "dvar2": 23.2784843445,
        "max": 32.610168457,
        "mean": 10.8643636703,
        "median": 9.5725736618,
        "min": 2.04341816902,
        "var": 30.2317218781
    },
    "erbbands_flatness_db": {
        "dmean": 0.0221774540842,
        "dmean2": 0.0327916294336,
        "dvar": 0.000529558281414,
        "dvar2": 0.00111897243187,
        "max": 0.437476813793,
        "mean": 0.155310586095,
        "median": 0.142602294683,
        "min": 0.0443798825145,
        "var": 0.00361288757995
    },
    "erbbands_kurtosis": {
        "dmean": 1.39867138863,
        "dmean2": 2.20235133171,
        "dvar": 4.7186422348,
        "dvar2": 10.62059021,
        "max": 45.0532875061,
        "mean": 1.41800785065,
        "median": 0.315898180008,
        "min": -1.80437898636,
        "var": 12.0884561539
    },
    "erbbands_skewness": {
        "dmean": 0.428961127996,
        "dmean2": 0.651710212231,
        "dvar": 0.218467593193,
        "dvar2": 0.47830376029,
        "max": 5.29820632935,
        "mean": 0.124567523599,
        "median": 0.000789807352703,
        "min": -3.72988629341,
        "var": 1.04754912853
    },
    "erbbands_spread": {
        "dmean": 10.5089206696,
        "dmean2": 16.1744499207,
        "dvar": 125.588363647,
        "dvar2": 277.189971924,
        "max": 143.988708496,
        "mean": 39.2447814941,
        "median": 36.1414604187,
        "min": 2.57169437408,
        "var": 440.647247314
    },
    "hfc": {
        "dmean": 11.2329320908,
        "dmean2": 17.8085479736,
        "dvar": 337.355865479,
        "dvar2": 841.260681152,
        "max": 235.477966309,
        "mean": 25.1653671265,
        "median": 20.1631698608,
        "min": 1.86427184801e-09,
        "var": 505.449890137
    },
    "melbands_crest": {
        "dmean": 4.18125629425,
        "dmean2": 6.77486991882,
        "dvar": 14.1947555542,
        "dvar2": 35.344078064,
        "max": 33.1760520935,
        "mean": 18.1755847931,
        "median": 17.942779541,
        "min": 1.86442685127,
        "var": 39.8037986755
    },
    "melbands_flatness_db": {
        "dmean": 0.0434555783868,
        "dmean2": 0.0664773285389,
        "dvar": 0.0018565338105,
        "dvar2": 0.00421887030825,
        "max": 0.685717701912,
        "mean": 0.240927249193,
        "median": 0.230537831783,
        "min": 0.00689820945263,
        "var": 0.00875020585954
    },
    "melbands_kurtosis": {
        "dmean": 14.680273056,
        "dmean2": 23.6305809021,
        "dvar": 781.266662598,
        "dvar2": 1781.14978027,
        "max": 1010.09429932,
        "mean": 22.9740486145,
        "median": 11.0913381577,
        "min": -1.7614428997,
        "var": 1500.52050781
    },
    "melbands_skewness": {
        "dmean": 1.16064977646,
        "dmean2": 1.80918669701,
        "dvar": 1.53351914883,
        "dvar2": 3.51839470863,
        "max": 25.1141967773,
        "mean": 3.3884704113,
        "median": 2.92895197868,
        "min": -1.05935263634,
        "var": 5.3156042099
    },
    "melbands_spread": {
        "dmean": 9.3077955246,
        "dmean2": 15.24903965,
        "dvar": 149.765258789,
        "dvar2": 377.61239624,
        "max": 202.768585205,
        "mean": 21.6770401001,
        "median": 15.7242927551,
        "min": 0.35617351532,
        "var": 450.130249023
    },
    "pitch_salience": {
        "dmean": 0.0936066657305,
        "dmean2": 0.147886872292,
        "dvar": 0.00764195853844,
        "dvar2": 0.018756704405,
        "max": 0.879982054234,
        "mean": 0.46084266901,
        "median": 0.463717371225,
        "min": 0.0517895370722,
        "var": 0.019546719268
    },
    "silence_rate_20dB": {
        "dmean": 0,
        "dmean2": 0,
        "dvar": 0,
        "dvar2": 0,
        "max": 1,
        "mean": 1,
        "median": 1,
        "min": 1,
        "var": 0
    },
    "silence_rate_30dB": {
        "dmean": 0.0589615739882,
        "dmean2": 0.117940440774,
        "dvar": 0.0554872564971,
        "dvar2": 0.148335725069,
        "max": 1,
        "mean": 0.963191092014,
        "median": 1,
        "min": 0,
        "var": 0.0354562737048
    },
    "silence_rate_60dB": {
        "dmean": 0.011146963574,
        "dmean2": 0.0222971979529,
        "dvar": 0.0110227689147,
        "dvar2": 0.0244453493506,
        "max": 1,
        "mean": 0.0708314999938,
        "median": 0,
        "min": 0,
        "var": 0.0658169090748
    },
    "spectral_centroid": {
        "dmean": 336.195983887,
        "dmean2": 535.555603027,
        "dvar": 182493.28125,
        "dvar2": 422720.84375,
        "max": 11454.2626953,
        "mean": 1340.59777832,
        "median": 1244.96765137,
        "min": 154.753967285,
        "var": 612044.5625
    },
    "spectral_complexity": {
        "dmean": 5.07480192184,
        "dmean2": 7.80651330948,
        "dvar": 42.8481178284,
        "dvar2": 84.3322753906,
        "max": 58,
        "mean": 17.9671497345,
        "median": 16,
        "min": 0,
        "var": 137.472915649
    },
    "spectral_decrease": {
        "dmean": 4.80335105024e-09,
        "dmean2": 7.73197861292e-09,
        "dvar": 3.39869587806e-17,
        "dvar2": 8.72147937362e-17,
        "max": 1.42511493431e-16,
        "mean": -1.12561080456e-08,
        "median": -9.59796420119e-09,
        "min": -4.42579306537e-08,
        "var": 6.73544850138e-17
    },
    "spectral_energy": {
        "dmean": 0.0186262726784,
        "dmean2": 0.0298886820674,
        "dvar": 0.000495043874253,
        "dvar2": 0.00127521588001,
        "max": 0.169334441423,
        "mean": 0.0447656475008,
        "median": 0.0387439280748,
        "min": 1.8903776385e-13,
        "var": 0.00101180141792
    },
    "spectral_energyband_high": {
        "dmean": 0.000924587657209,
        "dmean2": 0.00151438638568,
        "dvar": 3.57362000614e-06,
        "dvar2": 8.89482726052e-06,
        "max": 0.0278431549668,
        "mean": 0.00121647957712,
        "median": 0.000431432708865,
        "min": 1.48440884151e-13,
        "var": 4.38864481112e-06
    },
    "spectral_energyband_low": {
        "dmean": 0.0146972062066,
        "dmean2": 0.0231876857579,
        "dvar": 0.000476195651572,
        "dvar2": 0.00118082144763,
        "max": 0.160115227103,
        "mean": 0.0251628644764,
        "median": 0.0149549730122,
        "min": 5.31997253731e-15,
        "var": 0.00075816817116
    },
    "spectral_energyband_middle_high": {
        "dmean": 0.00245917099528,
        "dmean2": 0.00384937040508,
        "dvar": 1.31194401547e-05,
        "dvar2": 3.07346490445e-05,
        "max": 0.0442461818457,
        "mean": 0.00584894232452,
        "median": 0.00404917541891,
        "min": 2.67562190394e-14,
        "var": 3.30717193719e-05
    },
    "spectral_energyband_middle_low": {
        "dmean": 0.00829875655472,
        "dmean2": 0.0135507835075,
        "dvar": 0.000190298917005,
        "dvar2": 0.000483817304485,
        "max": 0.13334299624,
        "mean": 0.0144612370059,
        "median": 0.00860610138625,
        "min": 5.84223695897e-15,
        "var": 0.000250912242336
    },
    "spectral_entropy": {
        "dmean": 0.244959384203,
        "dmean2": 0.374560415745,
        "dvar": 0.0795521214604,
        "dvar2": 0.183575987816,
        "max": 9.79733753204,
        "mean": 7.51229810715,
        "median": 7.58601522446,
        "min": 4.32514333725,
        "var": 0.374493002892
    },
    "spectral_flux": {
        "dmean": 0.0412369631231,
        "dmean2": 0.0665230900049,
        "dvar": 0.00192880490795,
        "dvar2": 0.00453741569072,
        "max": 0.357925444841,
        "mean": 0.105912216008,
        "median": 0.0903407037258,
        "min": 2.10053440242e-06,
        "var": 0.004795844201
    },
    "spectral_kurtosis": {
        "dmean": 2.43196463585,
        "dmean2": 4.07732915878,
        "dvar": 49.6562957764,
        "dvar2": 127.367897034,
        "max": 241.576583862,
        "mean": 6.21808767319,
        "median": 3.78328895569,
        "min": -1.21641361713,
        "var": 187.603042603
    },
    "spectral_rms": {
        "dmean": 0.00127274636179,
        "dmean2": 0.00198147725314,
        "dvar": 1.78321374733e-06,
        "dvar2": 4.35397350884e-06,
        "max": 0.0128531837836,
        "mean": 0.00608809199184,
        "median": 0.00614808546379,
        "min": 1.35803936985e-08,
        "var": 6.60883870296e-06
    },
    "spectral_rolloff": {
        "dmean": 696.243347168,
        "dmean2": 1220.71911621,
        "dvar": 1802098.25,
        "dvar2": 4480333,
        "max": 17226.5625,
        "mean": 1503.46606445,
        "median": 775.1953125,
        "min": 64.599609375,
        "var": 6456065
    },
    "spectral_skewness": {
        "dmean": 0.288015902042,
        "dmean2": 0.468824952841,
        "dvar": 0.182127669454,
        "dvar2": 0.475581347942,
        "max": 13.3022508621,
        "mean": 1.66403114796,
        "median": 1.55518651009,
        "min": -0.0369366295636,
        "var": 0.828044295311
    },
    "spectral_spread": {
        "dmean": 706787.3125,
        "dmean2": 1039285.875,
        "dvar": 797616766976,
        "dvar2": 1.48942369587e+12,
        "max": 41318212,
        "mean": 5043210.5,
        "median": 4829263.5,
        "min": 389702.25,
        "var": 4.64657422746e+12
    },
    "spectral_strongpeak": {
        "dmean": 0.511635363102,
        "dmean2": 0.889630794525,
        "dvar": 0.838667333126,
        "dvar2": 2.06858038902,
        "max": 8.85301971436,
        "mean": 0.844186782837,
        "median": 0.49738407135,
        "min": 0,
        "var": 1.07214665413
    },
    "zerocrossingrate": {
        "dmean": 0.0128995627165,
        "dmean2": 0.0161990188062,
        "dvar": 0.000243220449192,
        "dvar2": 0.000365954067092,
        "max": 0.79541015625,
        "mean": 0.0612251982093,
        "median": 0.04541015625,
        "min": 0.001953125,
        "var": 0.00715192500502
    },
    "barkbands": {
        "dmean": [0.000322775740642, 0.0115843852982, 0.00419297069311, 0.00387669750489, 0.00393522391096, 0.000953091657721, 0.000675743795, 0.000465130986413, 0.000706591235939, 0.000542772526387, 0.000253405683907, 0.000217661014176, 0.000594941782765, 0.000417638017097, 0.000648739631288, 0.000283504661638, 0.000222318180022, 0.000177052410436, 0.000202916315175, 0.000184723059647, 0.000206136057386, 0.0001992823818, 0.000155984511366, 0.000136928938446, 0.000113496920676, 7.95628220658e-05, 2.06989261642e-05],
        "dmean2": [0.000538584485184, 0.0182167813182, 0.00676954817027, 0.00689985044301, 0.00645461119711, 0.00154782424215, 0.00106341566425, 0.000721082091331, 0.00107531412505, 0.000852293043863, 0.000389180204365, 0.000336281809723, 0.000906150729861, 0.000674477196299, 0.0010625992436, 0.000454908877145, 0.000377422518795, 0.000292113254545, 0.000331227842253, 0.000312644609949, 0.00033099585562, 0.000340237747878, 0.000253920792602, 0.000224860821618, 0.000181128096301, 0.000132919813041, 3.66150634363e-05],
        "dvar": [2.71522679895e-07, 0.000303230044665, 7.50617400627e-05, 0.000117102426884, 5.26673247805e-05, 5.08972016178e-06, 1.9586821054e-06, 1.33071671371e-06, 2.36695268541e-06, 3.70735847355e-06, 1.03949696495e-06, 2.92288063974e-07, 1.16627268198e-06, 5.35944934654e-07, 1.3530105889e-06, 3.18256894616e-07, 2.03230683837e-07, 1.3192349968e-07, 1.20475263543e-07, 1.21120720564e-07, 1.62655197755e-07, 1.68717178894e-07, 1.51858031927e-07, 1.20708165241e-07, 8.11819731439e-08, 5.29573469521e-08, 5.77951020375e-09],
        "dvar2": [8.01023418262e-07, 0.000765391567256, 0.000177524110768, 0.00031944969669, 0.000137682756758, 1.30454291138e-05, 4.69930500913e-06, 2.68952999249e-06, 4.89868580189e-06, 8.63325567479e-06, 2.17586784856e-06, 6.00980797572e-07, 2.59561306848e-06, 1.34560957576e-06, 3.56580903826e-06, 7.71391000853e-07, 5.36251093308e-07, 3.35207943181e-07, 2.8516257089e-07, 3.12223818355e-07, 4.02112050324e-07, 4.48220646376e-07, 3.57043177246e-07, 3.10345342314e-07, 1.863489274e-07, 1.41428955658e-07, 1.62562194816e-08],
        "max": [0.00502851605415, 0.128003016114, 0.0768954604864, 0.0796885415912, 0.12765558064, 0.0408511906862, 0.0383959077299, 0.0252913180739, 0.022351315245, 0.0388330034912, 0.0336765423417, 0.0162751153111, 0.0154021065682, 0.00954499840736, 0.0156637411565, 0.0102944392711, 0.00689491815865, 0.00947914458811, 0.00949259195477, 0.00625831447542, 0.00497933011502, 0.00512185832486, 0.00920906569809, 0.00801672972739, 0.00927282031626, 0.00385217089206, 0.00134284456726],
        "mean": [0.000429158448242, 0.0168902091682, 0.00601337617263, 0.00329387746751, 0.00533932773396, 0.00153688259888, 0.00166922889184, 0.00104830716737, 0.00140499591362, 0.000884715467691, 0.000449775630841, 0.000357291137334, 0.00108138343785, 0.000646941713057, 0.00102363538463, 0.000436233967775, 0.00029314373387, 0.000281945482129, 0.000341750419466, 0.000276395847322, 0.000276773324003, 0.000219273613766, 0.000174194952706, 0.000150831154315, 0.00015052431263, 7.95172090875e-05, 1.60655326908e-05],
        "median": [0.000176420217031, 0.00772723276168, 0.00182809925172, 0.000649248831905, 0.00194877153262, 0.000503029499669, 0.000423537159804, 9.39687670325e-05, 0.000348600005964, 0.000136648959597, 7.34569184715e-05, 9.80415134109e-05, 0.000293198012514, 0.000190211692825, 0.000341562292306, 0.000161201838637, 0.000108014071884, 0.000111311812361, 0.000181753945071, 0.000112250796519, 7.7727388998e-05, 4.50294937764e-05, 4.4645210437e-05, 4.20852702518e-05, 4.33834902651e-05, 1.70914208866e-05, 1.47033404119e-06],
        "min": [4.31648413437e-15, 7.23696691563e-16, 2.10659449793e-16, 5.89420423022e-16, 2.49413298242e-16, 5.68880826964e-16, 8.0906998935e-16, 1.27995371006e-15, 2.28014090797e-15, 3.83658464791e-16, 7.9484650622e-16, 2.10079099875e-16, 6.37217221687e-16, 7.53817236107e-16, 1.57239956427e-15, 1.84716900555e-15, 9.82431333279e-15, 3.74415159521e-15, 5.35186883349e-15, 3.88090421751e-15, 9.05617134018e-15, 1.14309857559e-14, 8.90677166895e-15, 2.10574271101e-14, 2.18769247103e-14, 3.46667241083e-14, 3.94770987547e-14],
        "var": [3.93355406914e-07, 0.000493534316774, 9.60481484071e-05, 7.98962573754e-05, 7.07517683622e-05, 9.18797741178e-06, 1.33802550408e-05, 7.24202618585e-06, 7.21323112884e-06, 7.14394309398e-06, 3.21263541991e-06, 9.48513616095e-07, 3.1210661291e-06, 1.02835463167e-06, 2.49791196438e-06, 6.53125141525e-07, 2.5381794444e-07, 1.87340816638e-07, 2.19547885649e-07, 1.70712411318e-07, 2.30931433975e-07, 1.71417184447e-07, 1.64065667718e-07, 1.2217725498e-07, 1.25701674847e-07, 4.32421671803e-08, 3.68055763644e-09]
    },
    "erbbands": {
        "dmean": [0.318433493376, 2.69811725616, 5.64093399048, 9.091547966, 10.1636180878, 18.6291275024, 7.48846244812, 8.50426101685, 9.83764743805, 8.35694217682, 9.83791160583, 19.7095298767, 11.0597314835, 18.680015564, 8.53635025024, 10.1913967133, 26.8512973785, 19.8528270721, 31.905670166, 25.6632061005, 13.4468784332, 11.1332149506, 9.23612117767, 11.1326990128, 9.29494667053, 8.82807445526, 8.77169132233, 7.73058891296, 7.53881692886, 6.2609705925, 4.07308340073, 2.90953326225, 2.23516559601, 1.44276666641, 0.753029227257, 0.289004176855, 0.162571534514, 0.0447761900723, 0.00311575690284, 6.31991861155e-05],
        "dmean2": [0.473597615957, 4.28479146957, 8.93273162842, 15.6567029953, 17.4706611633, 30.3386917114, 12.2488012314, 13.7447166443, 15.4897727966, 13.2252120972, 14.9659051895, 29.8105010986, 17.2197284698, 28.9780521393, 13.0052433014, 15.4717636108, 40.9307441711, 32.0709533691, 52.0372772217, 41.8494796753, 21.8035926819, 18.9376716614, 15.2499256134, 18.2164535522, 15.295372963, 15.1241550446, 14.5059671402, 12.3623743057, 13.0616693497, 10.3900575638, 6.66520452499, 4.73621559143, 3.70573186874, 2.33685421944, 1.20172166824, 0.471402317286, 0.275329232216, 0.0775173678994, 0.00549140339717, 0.000108064472442],
        "dvar": [0.242851048708, 20.3384990692, 149.379058838, 588.068481445, 424.534637451, 1381.43066406, 266.243377686, 439.108612061, 370.446563721, 360.941741943, 607.912109375, 1907.58459473, 1357.87463379, 4554.39550781, 706.329467773, 666.562866211, 2452.95727539, 1239.69360352, 3078.86645508, 3704.93041992, 656.463317871, 520.772644043, 385.984771729, 378.873046875, 267.722351074, 282.349517822, 277.053649902, 280.752044678, 241.833175659, 218.939285278, 117.671798706, 60.0668525696, 30.4955101013, 14.409620285, 3.37619709969, 0.468542695045, 0.340150952339, 0.0254763662815, 0.000123145830003, 2.82244485561e-08],
        "dvar2": [0.618007898331, 50.8820877075, 362.824401855, 1579.65917969, 1137.43408203, 3617.82958984, 694.487548828, 1146.81958008, 916.036071777, 846.590942383, 1141.1340332, 3939.88330078, 2987.51147461, 10304.4472656, 1443.09375, 1328.75830078, 5517.56542969, 3061.66088867, 7477.65185547, 10362.3671875, 1657.93334961, 1399.8125, 1009.61486816, 888.572387695, 644.574768066, 738.320617676, 698.960754395, 702.036010742, 655.883850098, 535.379150391, 288.023162842, 153.07460022, 78.0658493042, 34.0510368347, 7.75237894058, 1.13765501976, 0.942448377609, 0.0703045278788, 0.000345353386365, 7.85614702181e-08],
        "max": [5.35512781143, 30.1025085449, 101.461959839, 203.730285645, 201.939285278, 592.333129883, 307.88458252, 515.986328125, 455.456756592, 641.690002441, 613.006103516, 666.286437988, 1076.37548828, 1387.2052002, 1443.11889648, 853.455688477, 820.002807617, 520.900085449, 963.78894043, 1039.57299805, 336.685058594, 247.021057129, 512.083129883, 572.423950195, 454.835998535, 273.884429932, 303.987884521, 239.567398071, 246.033187866, 325.168914795, 315.327728271, 233.834594727, 146.565979004, 121.80128479, 49.2517662048, 14.6822681427, 12.5650367737, 2.16044139862, 0.16880273819, 0.00242229225114],
        "mean": [0.505080759525, 3.68526220322, 7.63435268402, 9.08155059814, 12.3039636612, 23.8019142151, 10.9386644363, 14.0437850952, 24.3988418579, 21.0751342773, 22.2062702179, 39.4441146851, 19.0291118622, 33.0122489929, 16.0176620483, 18.6689529419, 49.5772399902, 33.5739364624, 51.4241333008, 44.0713920593, 21.6158771515, 15.2217979431, 15.159658432, 19.0346221924, 15.3010730743, 13.0617656708, 12.040974617, 10.0741577148, 8.23701000214, 6.65728282928, 4.6134390831, 3.43916678429, 2.31714844704, 1.78160393238, 1.0118970871, 0.344161510468, 0.147054210305, 0.0379792749882, 0.0024853174109, 9.3718743301e-05],
        "median": [0.162458285689, 1.65368270874, 3.14633274078, 2.7690551281, 4.54073095322, 7.45529747009, 4.15378570557, 4.85302591324, 7.01129865646, 6.17682504654, 4.70385932922, 11.3960485458, 5.96376276016, 5.06358575821, 4.98038816452, 6.95083475113, 14.3526077271, 13.2003107071, 20.3350162506, 13.564863205, 10.225066185, 6.45684480667, 6.02539968491, 8.80292224884, 8.02256298065, 5.50163125992, 4.03762149811, 2.63966441154, 1.73246836662, 1.20290756226, 1.27819514275, 1.03867435455, 0.538322389126, 0.458414614201, 0.277902543545, 0.0869547501206, 0.02752103284, 0.00499169481918, 0.000252551893936, 6.2601553509e-05],
        "min": [1.17366647e-13, 1.39889632538e-13, 4.52469035546e-13, 1.71244800024e-12, 1.42715039005e-12, 4.79032232718e-13, 3.2163759503e-12, 4.50320032999e-12, 5.49625796264e-12, 2.31653342342e-11, 3.7933406416e-11, 5.46227438281e-11, 1.51264365617e-11, 1.8413340297e-11, 2.45164426954e-11, 1.06061010668e-11, 3.07997134741e-11, 4.46994212477e-11, 3.15508903725e-11, 1.25334659318e-10, 1.19121948416e-10, 5.67096480886e-10, 2.70042543882e-10, 3.20243997987e-10, 1.75947076353e-10, 2.20859233679e-10, 1.43796793917e-10, 5.17950904388e-10, 4.16713219487e-10, 3.95013133314e-10, 2.06249198276e-10, 3.63513857904e-10, 3.53509221895e-10, 2.2638056707e-10, 1.62834482009e-10, 1.27341845402e-10, 5.45840178612e-11, 2.92235194377e-11, 6.90363087877e-12, 5.02243212297e-13],
        "var": [0.575064539909, 25.2245750427, 161.386581421, 444.528747559, 438.870483398, 1738.6574707, 348.51953125, 768.073425293, 2672.28027344, 2273.13818359, 2481.25268555, 5622.23046875, 2857.54443359, 10131.7480469, 2286.39306641, 2202.8347168, 6623.72802734, 2363.31347656, 5158.62451172, 7738.83740234, 1111.89196777, 594.485412598, 494.689605713, 766.383544922, 463.95904541, 378.041168213, 415.113006592, 342.712677002, 237.522293091, 221.109405518, 121.398841858, 61.7443008423, 31.6418094635, 20.5428714752, 5.21975374222, 0.601683676243, 0.23224247992, 0.0176901556551, 8.01182031864e-05, 2.14488622419e-08]
    },
    "gfcc": {
        "mean": [-16.7774181366, 89.4893188477, -100.586891174, 37.2669715881, -40.3900604248, 17.0223751068, -33.2037010193, 5.72424077988, -20.1495704651, 8.04585266113, -14.9888906479, -4.03582811356, -11.2080526352],
        "cov": [[31494.0273438, 115.438652039, -1055.99731445, 842.143127441, -1612.30078125, 491.251953125, -1056.5057373, 784.298034668, -708.663818359, 932.391845703, -397.326660156, -110.091651917, -209.696121216], [115.438652039, 2941.25, -555.963500977, -228.460617065, 237.954605103, -311.994110107, 305.079040527, -259.422515869, 180.072479248, -333.958374023, 131.247299194, -247.749298096, 180.440582275], [-1055.99731445, -555.963500977, 1128.65405273, 17.3991737366, -126.650001526, 43.0967483521, -37.1858177185, 165.699356079, -44.467590332, 90.915512085, -38.7254638672, 52.9818649292, 11.4697322845], [842.143127441, -228.460617065, 17.3991737366, 537.407348633, 116.834114075, 103.493690491, 27.9897041321, 6.61555528641, 31.7179298401, 56.0794296265, -10.3989896774, 62.8366355896, 4.63586616516], [-1612.30078125, 237.954605103, -126.650001526, 116.834114075, 527.676757812, 79.4588394165, 188.729415894, -89.6490249634, 105.259719849, -67.7147598267, 31.9334144592, 20.8033676147, 23.3969745636], [491.251953125, -311.994110107, 43.0967483521, 103.493690491, 79.4588394165, 248.215393066, 38.4141082764, 80.0956039429, -19.9987926483, 86.3745040894, 6.83214998245, 40.8052482605, 1.87004899979], [-1056.5057373, 305.079040527, -37.1858177185, 27.9897041321, 188.729415894, 38.4141082764, 335.923156738, 25.4870243073, 99.5145721436, -71.4051208496, 35.5697746277, 26.0973892212, 84.5767822266], [784.298034668, -259.422515869, 165.699356079, 6.61555528641, -89.6490249634, 80.0956039429, 25.4870243073, 264.568664551, 32.5015563965, 109.218299866, 10.3763122559, 26.3677978516, 8.3760175705], [-708.663818359, 180.072479248, -44.467590332, 31.7179298401, 105.259719849, -19.9987926483, 99.5145721436, 32.5015563965, 196.536514282, 5.56268215179, 34.3429222107, 2.47091937065, 14.6660652161], [932.391845703, -333.958374023, 90.915512085, 56.0794296265, -67.7147598267, 86.3745040894, -71.4051208496, 109.218299866, 5.56268215179, 211.310836792, 41.1221885681, 24.7285861969, -33.7002334595], [-397.326660156, 131.247299194, -38.7254638672, -10.3989896774, 31.9334144592, 6.83214998245, 35.5697746277, 10.3763122559, 34.3429222107, 41.1221885681, 126.810943604, 16.2250804901, 30.1019878387], [-110.091651917, -247.749298096, 52.9818649292, 62.8366355896, 20.8033676147, 40.8052482605, 26.0973892212, 26.3677978516, 2.47091937065, 24.7285861969, 16.2250804901, 133.043151855, 33.7697181702], [-209.696121216, 180.440582275, 11.4697322845, 4.63586616516, 23.3969745636, 1.87004899979, 84.5767822266, 8.3760175705, 14.6660652161, -33.7002334595, 30.1019878387, 33.7697181702, 128.356292725]],
        "icov": [[0.000100475408544, -0.00019078758487, 0.000168379221577, -0.000203689211048, 0.000224186238484, -0.00016671976482, 0.000183279247722, -0.000324626162183, 0.000348534755176, -0.000480475195218, 0.00055078958394, -0.000193634521565, 4.24435675086e-05], [-0.00019078758487, 0.00115055125207, -0.000146579448483, 0.000434079614934, -0.000520302099176, 0.000845600734465, -0.000676126335748, 0.000861358596012, -0.000954418501351, 0.00140724319499, -0.00177906453609, 0.00186262396164, -0.00105415610597], [0.000168379221577, -0.000146579448483, 0.00135521846823, -0.000334432494128, 0.000376063253498, 2.47290586231e-06, 0.000245702074608, -0.0010782899335, 0.000800092471763, -0.000985682359897, 0.00121326535009, -0.000301882304484, -0.000343323190464], [-0.000203689211048, 0.000434079614934, -0.000334432494128, 0.00268358155154, -0.00083390128566, -0.00026577123208, -0.000331332470523, 0.00108463387005, -0.00114219158422, 0.00028224979178, -0.000404771766625, -0.00033338816138, -0.000319354818203], [0.000224186238484, -0.000520302099176, 0.000376063253498, -0.00083390128566, 0.00389227457345, -0.00206991820596, -0.000831848476082, 0.000846341659781, -0.000690434360877, -0.000255469465628, 0.000726478232536, -0.000788737495895, 0.00095671339659], [-0.00016671976482, 0.000845600734465, 2.47290586231e-06, -0.00026577123208, -0.00206991820596, 0.0073742158711, -0.0015103056794, -0.000995805952698, 0.00165763753466, -0.00166144652758, -0.000599293736741, 0.000666420033667, -0.000782097515184], [0.000183279247722, -0.000676126335748, 0.000245702074608, -0.000331332470523, -0.000831848476082, -0.0015103056794, 0.00610589794815, -0.00204368308187, -0.0010452370625, 0.00133976282086, 0.000489269499667, -0.00107083434705, -0.00183822016697], [-0.000324626162183, 0.000861358596012, -0.0010782899335, 0.00108463387005, 0.000846341659781, -0.000995805952698, -0.00204368308187, 0.00777408201247, -0.00289753777906, -0.00100120063871, -0.00116776244249, 0.000890580704436, -0.000876720994711], [0.000348534755176, -0.000954418501351, 0.000800092471763, -0.00114219158422, -0.000690434360877, 0.00165763753466, -0.0010452370625, -0.00289753777906, 0.00892923772335, -0.00307514169253, 0.00131019158289, -0.000886593887117, 0.000958722899668], [-0.000480475195218, 0.00140724319499, -0.000985682359897, 0.00028224979178, -0.000255469465628, -0.00166144652758, 0.00133976282086, -0.00100120063871, -0.00307514169253, 0.0125868264586, -0.00715559441596, 0.00115166581236, 0.00159916072153], [0.00055078958394, -0.00177906453609, 0.00121326535009, -0.000404771766625, 0.000726478232536, -0.000599293736741, 0.000489269499667, -0.00116776244249, 0.00131019158289, -0.00715559441596, 0.0143399098888, -0.00296139833517, -0.00167515431531], [-0.000193634521565, 0.00186262396164, -0.000301882304484, -0.00033338816138, -0.000788737495895, 0.000666420033667, -0.00107083434705, 0.000890580704436, -0.000886593887117, 0.00115166581236, -0.00296139833517, 0.0122974989936, -0.00425143260509], [4.24435675086e-05, -0.00105415610597, -0.000343323190464, -0.000319354818203, 0.00095671339659, -0.000782097515184, -0.00183822016697, -0.000876720994711, 0.000958722899668, 0.00159916072153, -0.00167515431531, -0.00425143260509, 0.0123114353046]]
    },
    "melbands": {
        "dmean": [0.00292783463374, 0.00312542822212, 0.00151687255129, 0.00103432417382, 0.000362219638191, 0.00018566189101, 0.000149172643432, 9.445327305e-05, 8.63686072989e-05, 0.000119457763503, 5.61618071515e-05, 7.97849643277e-05, 3.08901617245e-05, 2.53725156654e-05, 4.3785188609e-05, 5.59586842428e-05, 3.86894244002e-05, 5.39325956197e-05, 3.61924721801e-05, 2.91680989903e-05, 1.49699026224e-05, 1.22252040455e-05, 1.01815539892e-05, 8.75087334862e-06, 9.69254779193e-06, 7.79550373409e-06, 5.91789194004e-06, 6.21813887847e-06, 5.97950111114e-06, 4.80088556287e-06, 4.57542319054e-06, 4.07781499234e-06, 4.42281771029e-06, 3.43100305145e-06, 2.56740577242e-06, 1.75839170424e-06, 1.88248850463e-06, 1.68232656961e-06, 1.33414016545e-06, 1.2249648762e-06],
        "dmean2": [0.00449006538838, 0.00496549811214, 0.00259539973922, 0.00169934635051, 0.000587239395827, 0.00029957384686, 0.000233932660194, 0.000149848056026, 0.000129873078549, 0.000180423769052, 8.81652304088e-05, 0.000124470607261, 4.73457948829e-05, 3.85692765121e-05, 6.85677005094e-05, 8.49762072903e-05, 6.29796559224e-05, 8.77578058862e-05, 5.93968579778e-05, 4.76004352095e-05, 2.44352122536e-05, 2.07964039873e-05, 1.7190905055e-05, 1.4353622646e-05, 1.60137988132e-05, 1.29050376927e-05, 9.79654851108e-06, 1.0745921827e-05, 1.01049990917e-05, 7.80474510975e-06, 7.47234707887e-06, 7.10350241206e-06, 7.70081624069e-06, 5.65181562706e-06, 4.26183987656e-06, 2.84064117295e-06, 3.11308917844e-06, 2.83038502857e-06, 2.18939339902e-06, 1.99367082132e-06],
        "dvar": [1.76211669896e-05, 3.95291826862e-05, 1.57903559739e-05, 3.5737843973e-06, 4.67628780143e-07, 1.93491501932e-07, 8.67341114485e-08, 4.53311379545e-08, 3.8631306154e-08, 7.60198943794e-08, 3.83488689693e-08, 8.46111092301e-08, 1.07485709222e-08, 3.67548791402e-09, 7.41832018036e-09, 1.27775807712e-08, 5.34708810562e-09, 8.56631032775e-09, 4.98521979253e-09, 3.80677489531e-09, 9.91935200645e-10, 6.55971998942e-10, 4.12193529309e-10, 3.15860726463e-10, 2.87886492423e-10, 1.96970009747e-10, 1.10841488765e-10, 1.47046097521e-10, 1.39124919918e-10, 9.62303223218e-11, 1.10362163852e-10, 6.88205464838e-11, 9.13131306679e-11, 7.71152239287e-11, 5.32461158498e-11, 2.03404324634e-11, 2.70564248089e-11, 1.79393444544e-11, 1.12922865503e-11, 1.12358360463e-11],
        "dvar2": [4.40215335402e-05, 9.73066780716e-05, 4.25403486588e-05, 9.46433283389e-06, 1.19103765428e-06, 5.00032115269e-07, 2.10966561554e-07, 1.05689117902e-07, 7.28260403093e-08, 1.53541876102e-07, 8.51950190395e-08, 1.94085501448e-07, 2.39730617579e-08, 7.38073158146e-09, 1.68570988279e-08, 2.71204925184e-08, 1.32637314465e-08, 2.0888794694e-08, 1.3582288183e-08, 9.91489290669e-09, 2.49942155861e-09, 1.77081682651e-09, 1.07429753982e-09, 8.15320866376e-10, 6.74753419805e-10, 4.7336051745e-10, 2.7892055332e-10, 3.95535992848e-10, 3.47554734992e-10, 2.38648656392e-10, 2.82460221879e-10, 1.8654580658e-10, 2.44806480643e-10, 1.81668402544e-10, 1.30601210402e-10, 5.02699444571e-11, 7.08554256934e-11, 4.69619690358e-11, 2.7608250755e-11, 2.68310408613e-11],
        "max": [0.0414912700653, 0.0472263991833, 0.0312613286078, 0.0359583571553, 0.00901708845049, 0.0099698798731, 0.00674556521699, 0.00602863030508, 0.00445913197473, 0.00440553342924, 0.00542566925287, 0.00620951130986, 0.00390657363459, 0.00165684125386, 0.00134164397605, 0.0020535364747, 0.000893246033229, 0.00147451949306, 0.00117806682829, 0.000942438084166, 0.000538006366696, 0.000341158098308, 0.000465996388812, 0.000466094206786, 0.000505404663272, 0.00044513179455, 0.000165259567439, 0.000252212601481, 0.000220605419599, 0.00014584910241, 0.000171317093191, 0.000141578406328, 0.000129342268337, 0.000186582896276, 0.000201189162908, 0.000145848884131, 0.000152402877575, 0.000107414969534, 9.48209199123e-05, 0.000105426341179],
        "mean": [0.00460476567969, 0.00435020588338, 0.00163896451704, 0.00137632805854, 0.000516945496202, 0.000304422836052, 0.000372532726033, 0.000230599325732, 0.000186936042155, 0.00023485456768, 8.86113921297e-05, 0.000137592665851, 5.53869758733e-05, 4.38624920207e-05, 7.57522939239e-05, 0.000102513331512, 5.78457438678e-05, 8.41934379423e-05, 5.8143534261e-05, 4.92159633723e-05, 2.09825211641e-05, 1.54326662596e-05, 1.45302210512e-05, 1.43598617797e-05, 1.55691086547e-05, 1.21746716104e-05, 9.14031897992e-06, 8.52011635288e-06, 7.97673237685e-06, 6.37467746856e-06, 5.57359544473e-06, 4.56937186755e-06, 4.23168194175e-06, 3.60673652722e-06, 2.78112565866e-06, 2.14376859731e-06, 2.09507606996e-06, 1.66126733347e-06, 1.42288195093e-06, 1.54724875756e-06],
        "median": [0.00175908964593, 0.00289977481589, 0.000553889898583, 0.000497452972922, 0.000201165370527, 0.000104225051473, 9.70262190094e-05, 5.6174423662e-05, 3.70297311747e-05, 5.82818138355e-05, 2.16739481402e-05, 1.8406439267e-05, 1.30156358864e-05, 1.16929104479e-05, 2.33989685512e-05, 2.95852260024e-05, 1.72820982698e-05, 3.04547866108e-05, 2.11755359487e-05, 1.22341407405e-05, 9.76377123152e-06, 5.83356222705e-06, 5.25271389051e-06, 5.43394298802e-06, 6.77159096085e-06, 6.41880569674e-06, 3.90921104554e-06, 3.23568224303e-06, 2.59063472186e-06, 1.68810220202e-06, 1.34892025017e-06, 1.03499075976e-06, 6.66055598231e-07, 6.30790964351e-07, 7.17814600648e-07, 6.49226478799e-07, 5.91495336266e-07, 3.47128377598e-07, 3.001478035e-07, 3.56079283392e-07],
        "min": [1.0273019931e-15, 1.83724794687e-16, 2.96883539235e-16, 5.99136777665e-17, 9.08593316627e-17, 1.00206849779e-16, 1.06554249988e-16, 2.51920648115e-16, 3.64926039995e-16, 3.14010624838e-16, 6.71948788602e-17, 7.17381253613e-17, 1.07056474351e-16, 2.42031028912e-17, 4.02897904981e-17, 7.69521822519e-17, 8.19302015003e-17, 2.86800425944e-17, 1.54217012306e-16, 1.3701104676e-16, 1.2583152211e-16, 5.20758979406e-16, 5.50631396236e-16, 1.10754805487e-16, 2.87323925392e-16, 1.63415591589e-16, 9.83452434144e-17, 1.54047896884e-16, 7.14975084473e-17, 1.26977928264e-16, 3.80089676757e-16, 2.03627355795e-16, 2.49028083539e-16, 2.27654742363e-16, 9.18111386151e-17, 2.03273269553e-16, 2.09495758872e-16, 2.65863339822e-16, 1.89403687377e-16, 2.07226941418e-16],
        "var": [3.9136975829e-05, 4.02698133257e-05, 1.22903711599e-05, 4.76667582916e-06, 6.03536705057e-07, 3.56598036433e-07, 6.42507870907e-07, 2.99259738767e-07, 1.48516136278e-07, 2.25811859877e-07, 7.74785604563e-08, 1.80297547558e-07, 3.23841646832e-08, 1.32062591973e-08, 1.90125284405e-08, 3.38996741789e-08, 8.93249829659e-09, 1.48114169818e-08, 9.50568779245e-09, 8.93021034898e-09, 1.28601607141e-09, 7.19105164304e-10, 5.75653191781e-10, 4.63431543141e-10, 5.62969004747e-10, 3.244134128e-10, 1.67612410062e-10, 1.84049830931e-10, 1.95067476061e-10, 1.39160502566e-10, 1.17953286027e-10, 7.1236093413e-11, 8.0979348227e-11, 7.81328821087e-11, 5.21008028387e-11, 2.3352035583e-11, 2.52468306677e-11, 1.69355224289e-11, 1.43892736268e-11, 1.57878952967e-11]
    },
    "mfcc": {
        "mean": [-652.930786133, 118.730682373, 6.1579375267, 28.5369358063, 14.8175773621, 13.9076404572, 4.31886482239, -1.45074272156, 0.778916716576, 8.52680206299, 3.35463118553, -1.69650363922, -3.21039676666],
        "cov": [[13441.03125, -222.210174561, -111.019104004, 489.512481689, 129.701751709, 226.524734497, -35.6790237427, -69.4747467041, -9.96487617493, 265.92666626, 100.7654953, -6.57095432281, -16.2715244293], [-222.210174561, 2158.65991211, -139.81489563, 6.84920501709, 26.3373279572, -47.6198959351, 87.323387146, 40.9694328308, 45.7384223938, 42.7516593933, -44.766834259, -43.5479011536, -43.4682044983], [-111.019104004, -139.81489563, 909.023071289, 9.93627643585, -69.837097168, -139.651351929, -9.79075241089, -60.9498100281, 32.5462799072, -4.06843519211, -36.2784423828, 37.2608757019, 14.3855686188], [489.512481689, 6.84920501709, 9.93627643585, 408.44708252, 105.79875946, 129.613296509, 39.1053771973, 66.3034973145, 66.877532959, 15.7559766769, 19.7697219849, 12.5586528778, 27.7808933258], [129.701751709, 26.3373279572, -69.837097168, 105.79875946, 238.251647949, 115.095031738, 19.1246089935, 15.2827224731, 7.24949407578, 36.6278343201, 33.8477592468, 4.16934919357, 5.04200172424], [226.524734497, -47.6198959351, -139.651351929, 129.613296509, 115.095031738, 278.960479736, 88.8040008545, 47.5023269653, 21.8351650238, 18.2060947418, 9.54420185089, -8.84025478363, 15.1976222992], [-35.6790237427, 87.323387146, -9.79075241089, 39.1053771973, 19.1246089935, 88.8040008545, 188.997299194, 73.8143005371, 40.5567932129, 38.9489135742, -13.2852334976, 7.36273336411, 13.6366481781], [-69.4747467041, 40.9694328308, -60.9498100281, 66.3034973145, 15.2827224731, 47.5023269653, 73.8143005371, 163.299331665, 94.2681427002, 16.8631687164, 3.49768590927, 2.44072008133, 9.26449775696], [-9.96487617493, 45.7384223938, 32.5462799072, 66.877532959, 7.24949407578, 21.8351650238, 40.5567932129, 94.2681427002, 159.821350098, 50.9055404663, 20.3839607239, 10.3642263412, 11.5514793396], [265.92666626, 42.7516593933, -4.06843519211, 15.7559766769, 36.6278343201, 18.2060947418, 38.9489135742, 16.8631687164, 50.9055404663, 135.20475769, 62.5562973022, 39.6928977966, 10.2311782837], [100.7654953, -44.766834259, -36.2784423828, 19.7697219849, 33.8477592468, 9.54420185089, -13.2852334976, 3.49768590927, 20.3839607239, 62.5562973022, 145.532623291, 68.3932952881, 20.1604194641], [-6.57095432281, -43.5479011536, 37.2608757019, 12.5586528778, 4.16934919357, -8.84025478363, 7.36273336411, 2.44072008133, 10.3642263412, 39.6928977966, 68.3932952881, 103.3331604, 38.1018447876], [-16.2715244293, -43.4682044983, 14.3855686188, 27.7808933258, 5.04200172424, 15.1976222992, 13.6366481781, 9.26449775696, 11.5514793396, 10.2311782837, 20.1604194641, 38.1018447876, 78.3935317993]],
