{
"lowlevel": {
    "average_loudness": 0.898855447769,
    "barkbands_crest": {
        "dmean": 3.38061380386,
        "dmean2": 5.3310379982,
        "dvar": 9.24689865112,
        "dvar2": 21.1276531219,
        "max": 26.3120288849,
        "mean": 10.9582843781,
        "median": 10.1349201202,
        "min": 1.87984740734,
        "var": 26.4141159058
    },
    "barkbands_flatness_db": {
        "dmean": 0.0379163920879,
        "dmean2": 0.0554706677794,
        "dvar": 0.0014746215893,
        "dvar2": 0.00298895104788,
        "max": 0.475911229849,
        "mean": 0.143576875329,
        "median": 0.133178964257,
        "min": 0.0123474979773,
        "var": 0.00516125420108
    },
    "barkbands_kurtosis": {
        "dmean": 7.12344646454,
        "dmean2": 11.0494413376,
        "dvar": 220.576278687,
        "dvar2": 457.946563721,
        "max": 346.264373779,
        "mean": 8.73819828033,
        "median": 2.25490379333,
        "min": -1.83909952641,
        "var": 391.595031738
    },
    "barkbands_skewness": {
        "dmean": 0.971573352814,
        "dmean2": 1.44498848915,
        "dvar": 1.22549819946,
        "dvar2": 2.47796225548,
        "max": 16.0838012695,
        "mean": 1.91414093971,
        "median": 1.45819485188,
        "min": -2.83282089233,
        "var": 3.64267086983
    },
    "barkbands_spread": {
        "dmean": 9.42579841614,
        "dmean2": 14.547410965,
        "dvar": 117.779960632,
        "dvar2": 260.996612549,
        "max": 111.561965942,
        "mean": 22.6365528107,
        "median": 18.2530384064,
        "min": 0.211611136794,
        "var": 270.689361572
    },
    "dissonance": {
        "dmean": 0.0200799498707,
        "dmean2": 0.0329219214618,
        "dvar": 0.000467136094812,
        "dvar2": 0.00119664461818,
        "max": 0.500000059605,
        "mean": 0.462515056133,
        "median": 0.473284572363,
        "min": 0.270724058151,
        "var": 0.00125912751537
    },
    "dynamic_complexity": 5.15483760834,
    "erbbands_crest": {
        "dmean": 3.06684064865,
        "dmean2": 4.92536211014,
        "dvar": 9.49528408051,
        "dvar2": 21.6109695435,
        "max": 33.7769165039,
        "mean": 9.01599407196,
        "median": 7.43441772461,
        "min": 2.38374662399,
        "var": 29.400636673
    },
    "erbbands_flatness_db": {
        "dmean": 0.0212570689619,
        "dmean2": 0.0305665899068,
        "dvar": 0.000487713230541,
        "dvar2": 0.000915687938686,
        "max": 0.521971166134,
        "mean": 0.147885411978,
        "median": 0.131883814931,
        "min": 0.0401719920337,
        "var": 0.00365235493518
    },
    "erbbands_kurtosis": {
        "dmean": 1.50680553913,
        "dmean2": 2.36242032051,
        "dvar": 13.322221756,
        "dvar2": 27.0397453308,
        "max": 133.050918579,
        "mean": 0.939032137394,
        "median": -0.138505458832,
        "min": -1.81718575954,
        "var": 20.4664840698
    },
    "erbbands_skewness": {
        "dmean": 0.515163242817,
        "dmean2": 0.76962429285,
        "dvar": 0.265506386757,
        "dvar2": 0.597858071327,
        "max": 9.36400318146,
        "mean": 0.325550526381,
        "median": 0.231679394841,
        "min": -2.66066908836,
        "var": 0.819063663483
    },
    "erbbands_spread": {
        "dmean": 12.2540483475,
        "dmean2": 18.5503139496,
        "dvar": 171.67401123,
        "dvar2": 386.197692871,
        "max": 160.348251343,
        "mean": 43.6729736328,
        "median": 39.4405632019,
        "min": 0.662742316723,
        "var": 602.313964844
    },
    "hfc": {
        "dmean": 12.6653518677,
        "dmean2": 19.5585689545,
        "dvar": 453.966522217,
        "dvar2": 1153.29296875,
        "max": 166.337173462,
        "mean": 19.0068645477,
        "median": 9.79291629791,
        "min": 3.13196824031e-09,
        "var": 587.284790039
    },
    "melbands_crest": {
        "dmean": 4.20662927628,
        "dmean2": 6.84604406357,
        "dvar": 14.4651422501,
        "dvar2": 32.7007102966,
        "max": 35.1519012451,
        "mean": 15.9215259552,
        "median": 15.3156423569,
        "min": 2.17956089973,
        "var": 44.8767738342
    },
    "melbands_flatness_db": {
        "dmean": 0.0478242449462,
        "dmean2": 0.0696521475911,
        "dvar": 0.00244268891402,
        "dvar2": 0.00494964700192,
        "max": 0.529336988926,
        "mean": 0.207064807415,
        "median": 0.201125174761,
        "min": 0.0166442412883,
        "var": 0.00848695635796
    },
    "melbands_kurtosis": {
        "dmean": 17.5288314819,
        "dmean2": 27.1478347778,
        "dvar": 1178.58496094,
        "dvar2": 2463.66210938,
        "max": 768.163757324,
        "mean": 25.6169681549,
        "median": 8.55741786957,
        "min": -1.66841316223,
        "var": 2222.55004883
    },
    "melbands_skewness": {
        "dmean": 1.2795535326,
        "dmean2": 1.90976679325,
        "dvar": 2.21841883659,
        "dvar2": 4.50463867188,
        "max": 21.1758594513,
        "mean": 3.2342376709,
        "median": 2.55604434013,
        "min": -1.76418781281,
        "var": 7.09003448486
    },
    "melbands_spread": {
        "dmean": 12.1582841873,
        "dmean2": 19.2453746796,
        "dvar": 255.837554932,
        "dvar2": 589.672302246,
        "max": 197.232177734,
        "mean": 24.2249851227,
        "median": 17.5659580231,
        "min": 0.361610263586,
        "var": 521.542358398
    },
    "pitch_salience": {
        "dmean": 0.10140183568,
        "dmean2": 0.158636704087,
        "dvar": 0.00959415454417,
        "dvar2": 0.0208631735295,
        "max": 0.955804228783,
        "mean": 0.529835879803,
        "median": 0.53994166851,
        "min": 0.0452258773148,
        "var": 0.0257949531078
    },
    "silence_rate_20dB": {
        "dmean": 0,
        "dmean2": 0,
        "dvar": 0,
        "dvar2": 0,
        "max": 1,
        "mean": 1,
        "median": 1,
        "min": 1,
        "var": 0
    },
    "silence_rate_30dB": {
        "dmean": 0.0714466050267,
        "dmean2": 0.14291125536,
        "dvar": 0.0663413479924,
        "dvar2": 0.139661028981,
        "max": 1,
        "mean": 0.935630440712,
        "median": 1,
        "min": 0,
        "var": 0.0602298639715
    },
    "silence_rate_60dB": {
        "dmean": 0.0540267601609,
        "dmean2": 0.107940919697,
        "dvar": 0.0511112175882,
        "dvar2": 0.110182918608,
        "max": 1,
        "mean": 0.144011110067,
        "median": 0,
        "min": 0,
        "var": 0.123282112181
    },
    "spectral_centroid": {
        "dmean": 442.131134033,
        "dmean2": 668.472229004,
        "dvar": 254728.140625,
        "dvar2": 548339.6875,
        "max": 11073.8974609,
        "mean": 1423.83959961,
        "median": 1248.76721191,
        "min": 139.356491089,
        "var": 684385.3125
    },
    "spectral_complexity": {
        "dmean": 6.16889667511,
        "dmean2": 9.50208282471,
        "dvar": 71.6099472046,
        "dvar2": 157.387527466,
        "max": 58,
        "mean": 15.3305568695,
        "median": 12,
        "min": 0,
        "var": 157.744369507
    },
    "spectral_decrease": {
        "dmean": 3.78354991781e-09,
        "dmean2": 4.96798291394e-09,
        "dvar": 3.97031010681e-17,
        "dvar2": 7.08555435e-17,
        "max": -9.55534405917e-21,
        "mean": -7.12478120946e-09,
        "median": -4.49539827585e-09,
        "min": -6.24810354566e-08,
        "var": 8.12599734459e-17
    },
    "spectral_energy": {
        "dmean": 0.0149841988459,
        "dmean2": 0.0194681733847,
        "dvar": 0.00056566146668,
        "dvar2": 0.00100263615604,
        "max": 0.2385610044,
        "mean": 0.0286145377904,
        "median": 0.0180310159922,
        "min": 3.20142729601e-13,
        "var": 0.00122551294044
    },
    "spectral_energyband_high": {
        "dmean": 0.000998288043775,
        "dmean2": 0.00165422493592,
        "dvar": 4.24276640842e-06,
        "dvar2": 1.08521626316e-05,
        "max": 0.0187403801829,
        "mean": 0.00106136524118,
        "median": 0.000251789810136,
        "min": 2.56085137904e-13,
        "var": 4.10212896895e-06
    },
    "spectral_energyband_low": {
        "dmean": 0.0113615868613,
        "dmean2": 0.0166359134018,
        "dvar": 0.000682912883349,
        "dvar2": 0.00145276985131,
        "max": 0.228080883622,
        "mean": 0.0151128070429,
        "median": 0.00495623983443,
        "min": 7.55564230973e-15,
        "var": 0.00089500908507
    },
    "spectral_energyband_middle_high": {
        "dmean": 0.00240901601501,
        "dmean2": 0.003802877618,
        "dvar": 1.52266648001e-05,
        "dvar2": 3.68653527403e-05,
        "max": 0.0400365367532,
        "mean": 0.00377183756791,
        "median": 0.00143629056402,
        "min": 4.68929128655e-14,
        "var": 2.84472316707e-05
    },
    "spectral_energyband_middle_low": {
        "dmean": 0.00720583833754,
        "dmean2": 0.0116289956495,
        "dvar": 0.000181278548553,
        "dvar2": 0.000471075822134,
        "max": 0.112325496972,
        "mean": 0.0101897418499,
        "median": 0.0054950742051,
        "min": 5.23402579822e-15,
        "var": 0.00018680888752
    },
    "spectral_entropy": {
        "dmean": 0.260045081377,
        "dmean2": 0.379861980677,
        "dvar": 0.0745262876153,
        "dvar2": 0.163301199675,
        "max": 9.80235671997,
        "mean": 7.64785003662,
        "median": 7.72827768326,
        "min": 4.76130628586,
        "var": 0.251168847084
    },
    "spectral_flux": {
        "dmean": 0.0397437512875,
        "dmean2": 0.0515974387527,
        "dvar": 0.00212808675133,
        "dvar2": 0.00294598122127,
        "max": 0.440084576607,
        "mean": 0.0962793678045,
        "median": 0.0706585273147,
        "min": 5.14370231031e-06,
        "var": 0.00717013282701
    },
    "spectral_kurtosis": {
        "dmean": 1.93516635895,
        "dmean2": 3.14927053452,
        "dvar": 12.0228700638,
        "dvar2": 31.7779941559,
        "max": 73.2103881836,
        "mean": 4.62017250061,
        "median": 3.10211181641,
        "min": -1.24948716164,
        "var": 30.8187408447
    },
    "spectral_rms": {
        "dmean": 0.00118038686924,
        "dmean2": 0.00145901972428,
        "dvar": 1.82553958439e-06,
        "dvar2": 2.74403419098e-06,
        "max": 0.0152558982372,
        "mean": 0.00448348931968,
        "median": 0.00419419072568,
        "min": 1.76729848533e-08,
        "var": 7.81493508839e-06
    },
    "spectral_rolloff": {
        "dmean": 856.804504395,
        "dmean2": 1424.09216309,
        "dvar": 1671642,
        "dvar2": 3721729.75,
        "max": 16128.3691406,
        "mean": 1616.79138184,
        "median": 882.861328125,
        "min": 64.599609375,
        "var": 3165490.75
    },
    "spectral_skewness": {
        "dmean": 0.275598615408,
        "dmean2": 0.426927745342,
        "dvar": 0.101353682578,
        "dvar2": 0.24022564292,
        "max": 6.15320587158,
        "mean": 1.53100633621,
        "median": 1.38481593132,
        "min": 0.0151410670951,
        "var": 0.397808253765
    },
    "spectral_spread": {
        "dmean": 663932.375,
        "dmean2": 979751.625,
        "dvar": 625219796992,
        "dvar2": 1.1752102953e+12,
        "max": 40471868,
        "mean": 5019233,
        "median": 4998657,
        "min": 744824.6875,
        "var": 2.8317539369e+12
    },
    "spectral_strongpeak": {
        "dmean": 0.392124176025,
        "dmean2": 0.622157812119,
        "dvar": 0.428317993879,
        "dvar2": 0.970921456814,
        "max": 7.68939304352,
        "mean": 0.644022762775,
        "median": 0.303665101528,
        "min": 0,
        "var": 0.750183463097
    },
    "zerocrossingrate": {
        "dmean": 0.0156169869006,
        "dmean2": 0.0186610855162,
        "dvar": 0.000276040023891,
        "dvar2": 0.000346959976014,
        "max": 0.5703125,
        "mean": 0.0634841397405,
        "median": 0.05126953125,
        "min": 0.00341796875,
        "var": 0.00203399430029
    },
    "barkbands": {
        "dmean": [0.000152364082169, 0.00663209659979, 0.00612516421825, 0.00313976570033, 0.00256815436296, 0.00104891473893, 0.000524847768247, 0.00122688303236, 0.000664829276502, 0.000301102671074, 0.000251777877565, 0.000546397757716, 0.000282530207187, 0.000225717638386, 0.00036783926771, 0.000224587260163, 0.000327450892655, 0.00030901588616, 0.000300566316582, 0.000229407742154, 0.000294112833217, 0.000159818548127, 0.000131991240778, 0.000111357549031, 0.000125287624542, 7.2130751505e-05, 2.17448123294e-05],
        "dmean2": [0.000188728343346, 0.0102092586458, 0.0109145306051, 0.00584029918537, 0.00424870243296, 0.00173840380739, 0.000865825684741, 0.00169791898225, 0.0010439932812, 0.000465697259642, 0.000418848125264, 0.000868992530741, 0.000476743065519, 0.000372077978682, 0.000618621183094, 0.000379010947654, 0.000562453933526, 0.000539930828381, 0.00052941479953, 0.000389455410186, 0.000497081317008, 0.00026140580303, 0.00021644429944, 0.00018778454978, 0.000208546902286, 0.000126246071886, 3.96463401557e-05],
        "dvar": [7.56847455818e-08, 0.00021990670939, 0.000373060262064, 0.000108322696178, 3.20291546814e-05, 3.66367817151e-06, 8.23179505005e-07, 1.13034329843e-05, 2.59885860032e-06, 4.82254108647e-07, 2.80051693835e-07, 1.58494935931e-06, 3.74129655256e-07, 2.54845758718e-07, 6.02256932325e-07, 2.16181703649e-07, 4.06965654065e-07, 4.19123523443e-07, 4.18128109914e-07, 2.62065697143e-07, 4.98552765293e-07, 1.36960821351e-07, 7.69584929117e-08, 5.96117999407e-08, 7.03930922441e-08, 2.82298397991e-08, 4.85815698781e-09],
        "dvar2": [1.03168659393e-07, 0.000456412526546, 0.00101751741022, 0.000310230563628, 7.69041289459e-05, 9.87341536529e-06, 2.10754092222e-06, 1.78164518729e-05, 5.53306927031e-06, 1.03334434698e-06, 7.18869159755e-07, 3.50153823092e-06, 9.66613583842e-07, 6.65836523694e-07, 1.58627392466e-06, 5.69651206206e-07, 1.0767639651e-06, 1.13398334634e-06, 1.130812052e-06, 7.03554576376e-07, 1.30901025841e-06, 3.53935291741e-07, 1.95766034494e-07, 1.5799972175e-07, 1.77895628894e-07, 7.48881205936e-08, 1.33853896855e-08],
        "max": [0.00333488523029, 0.126668095589, 0.142263323069, 0.0812159255147, 0.0622304789722, 0.0304663181305, 0.0119133889675, 0.0533978901803, 0.0238818302751, 0.0118648624048, 0.00589645374566, 0.0227079801261, 0.0153070790693, 0.0131616843864, 0.0125665962696, 0.00602176692337, 0.00709304632619, 0.00614422932267, 0.00695326831192, 0.00651530036703, 0.00664378004149, 0.00501549523324, 0.00515488674864, 0.00483285402879, 0.00231846421957, 0.00357293942943, 0.00222469051369],
        "mean": [0.000372202048311, 0.00863346736878, 0.0046678064391, 0.00228740996681, 0.00273703224957, 0.00145660107955, 0.000761288509239, 0.00186231581029, 0.000921414117329, 0.00042256116285, 0.000302644941257, 0.000752740888856, 0.000335191754857, 0.000282465654891, 0.0004297143023, 0.000285183748929, 0.000335414835718, 0.000309895607643, 0.000284400302917, 0.000253100617556, 0.00028831945383, 0.000174090353539, 0.000144539808389, 0.000116740142403, 0.000118290197861, 6.36967597529e-05, 1.60445288202e-05],
        "median": [1.22468936752e-05, 0.00205573486164, 0.000903227715753, 0.000437499780674, 0.000733036198653, 0.000703189172782, 0.000313617812935, 0.000253821664955, 0.000183115887921, 9.88496904029e-05, 6.02102300036e-05, 0.000115051436296, 8.67647104315e-05, 7.8083416156e-05, 0.000108272513899, 6.0618200223e-05, 6.99590527802e-05, 6.63671817165e-05, 7.29725506972e-05, 7.10569947842e-05, 6.62548700348e-05, 4.40878866357e-05, 3.23985404975e-05, 2.05514443223e-05, 1.35788886837e-05, 4.53799839306e-06, 2.31258567851e-07],
        "min": [5.42977977101e-15, 3.90348357479e-15, 8.1047754635e-16, 5.16495703764e-16, 6.22378104423e-16, 7.27155497663e-16, 6.74487888976e-16, 1.9477442154e-15, 7.23808288154e-16, 1.5790957303e-16, 2.15885701311e-15, 3.22608252775e-15, 5.923747363e-15, 2.75794202912e-15, 2.40142607338e-15, 1.7271064475e-14, 2.99415071899e-15, 1.9216922348e-15, 5.33988755245e-15, 9.48958708786e-15, 2.30639888698e-14, 1.86878083944e-14, 1.7947488046e-14, 2.00898020821e-14, 3.13293533098e-14, 7.45613491196e-14, 6.48936945304e-14],
        "var": [3.77584484568e-07, 0.000282664608676, 0.000245150731644, 6.25678003416e-05, 3.25278524542e-05, 4.60035698779e-06, 1.31155763938e-06, 2.80671956716e-05, 4.98752024214e-06, 8.92279501841e-07, 3.42343668081e-07, 2.94325832328e-06, 4.32007311701e-07, 3.30209161348e-07, 6.11376208326e-07, 2.81067059404e-07, 4.03305023156e-07, 3.73779016627e-07, 3.29034065771e-07, 2.4948226951e-07, 4.16111845425e-07, 1.25748641722e-07, 8.06534998787e-08, 5.65451578893e-08, 7.183511741e-08, 3.4553494288e-08, 5.77892089737e-09]
    },
    "erbbands": {
        "dmean": [0.133834213018, 1.78160178661, 6.53570652008, 9.17432880402, 9.1877040863, 8.75491714478, 8.57229232788, 8.6665687561, 7.40544652939, 9.5699634552, 30.8874740601, 17.1889820099, 11.1311655045, 9.95879268646, 10.7049417496, 24.6689815521, 12.8723239899, 12.9402151108, 15.5895805359, 16.5305156708, 13.2088346481, 16.8780841827, 17.3015575409, 15.1805524826, 13.6712770462, 10.8224859238, 12.6921577454, 10.1029472351, 6.45064783096, 5.12629842758, 3.2769575119, 2.45244431496, 1.78023576736, 1.29775881767, 0.973446846008, 0.317237138748, 0.125325024128, 0.046828687191, 0.00286440039054, 5.65353875572e-05],
        "dmean2": [0.192966088653, 2.74183726311, 11.1820421219, 16.4021911621, 16.198015213, 14.3776283264, 13.9592933655, 14.3372306824, 12.107003212, 15.3725709915, 42.3435134888, 26.2587070465, 16.9598579407, 15.3103132248, 17.6567649841, 38.9524879456, 21.2677135468, 21.1238555908, 25.8855457306, 28.2874240875, 21.7681541443, 29.2852706909, 30.0240764618, 26.6278247833, 24.0011863708, 18.2748336792, 21.6721076965, 16.8571224213, 10.7288637161, 8.3607378006, 5.39942264557, 4.09330224991, 3.02680945396, 2.15815758705, 1.64862120152, 0.550514042377, 0.217040851712, 0.0851214379072, 0.00519003160298, 9.40257377806e-05],
        "dvar": [0.0495709963143, 18.6047382355, 387.108276367, 851.805664062, 566.142272949, 482.372314453, 418.588104248, 274.923980713, 151.025360107, 286.87197876, 8017.4453125, 1747.84277344, 578.342956543, 423.608276367, 561.922058105, 3664.85986328, 684.231750488, 931.618347168, 974.026428223, 1586.19274902, 565.387878418, 1205.3380127, 1422.72009277, 1131.66564941, 850.014099121, 548.203674316, 1181.98486328, 625.990478516, 234.730728149, 139.031829834, 43.8013420105, 25.1696281433, 17.3751144409, 6.95568799973, 4.97743082047, 0.510361790657, 0.0824336856604, 0.0200097560883, 8.24076487334e-05, 1.83644583984e-08],
        "dvar2": [0.102882757783, 39.4706954956, 1021.28851318, 2343.7668457, 1578.7668457, 1109.25891113, 1096.63525391, 698.785827637, 389.778381348, 697.565124512, 12249.609375, 3443.48925781, 1254.43762207, 912.926452637, 1355.6776123, 7961.96435547, 1707.73168945, 2399.03369141, 2516.95922852, 4380.41259766, 1435.60791016, 3255.890625, 3857.90649414, 3062.94238281, 2309.45996094, 1463.60534668, 3182.7902832, 1643.31298828, 612.07208252, 356.298248291, 112.619529724, 65.475227356, 46.5769386292, 17.3965587616, 12.8485307693, 1.34995615482, 0.214616075158, 0.0555752255023, 0.000228513250477, 5.03541812691e-08],
        "max": [2.3811173439, 36.1229667664, 165.815872192, 258.812866211, 268.594848633, 351.351409912, 376.383422852, 274.572937012, 229.878341675, 240.190139771, 1459.54003906, 686.124755859, 462.217895508, 456.02130127, 378.618103027, 1155.359375, 399.321563721, 739.270507812, 429.412200928, 540.200256348, 379.186462402, 324.377105713, 379.785095215, 401.021362305, 235.270568848, 306.518951416, 432.163421631, 275.269836426, 164.275482178, 258.449035645, 86.8477554321, 105.969100952, 124.980941772, 26.1615753174, 21.6988945007, 12.17374897, 7.2382850647, 3.57404279709, 0.321530103683, 0.00455024885014],
        "mean": [0.233427047729, 1.9592564106, 5.43745231628, 7.21766328812, 7.77211999893, 9.0303735733, 10.8986740112, 11.5239124298, 11.3029079437, 13.8321647644, 47.7617835999, 25.2477588654, 16.3313312531, 14.8269357681, 13.7843112946, 34.3988952637, 17.1185321808, 16.6253738403, 19.6096572876, 19.1384239197, 17.066116333, 17.0706005096, 17.4189109802, 14.4418649673, 14.0642824173, 12.2513341904, 12.1738567352, 10.1934242249, 6.75581741333, 5.55652332306, 3.66829204559, 2.61021924019, 1.82684659958, 1.28048729897, 0.873916625977, 0.288852006197, 0.111377567053, 0.0358132906258, 0.00218247273006, 7.01392200426e-05],
        "median": [0.0306450854987, 0.508993804455, 1.1255658865, 1.49753773212, 1.82566511631, 2.10238718987, 3.7078576088, 5.16124343872, 5.3094367981, 5.27199459076, 7.17293930054, 6.32700061798, 4.57025623322, 3.96490859985, 3.6787352562, 4.9478521347, 4.42392349243, 5.12469148636, 5.49060249329, 4.6082701683, 4.13938140869, 4.09968996048, 4.07609558105, 3.52430224419, 3.54478859901, 3.53237605095, 2.64523720741, 2.4375436306, 1.66290676594, 1.28154337406, 0.834263384342, 0.517018318176, 0.294758170843, 0.165604904294, 0.0848753228784, 0.0251740030944, 0.00729740457609, 0.00116623518988, 5.26125186298e-05, 2.59535845544e-05],
        "min": [1.9646008995e-13, 5.98092647457e-13, 9.85018381965e-13, 1.41956758848e-12, 2.43830368223e-12, 1.83613063989e-12, 2.36757206722e-12, 6.90874614462e-12, 5.08238546734e-12, 2.88575153357e-11, 3.79409871576e-11, 1.88879484969e-11, 4.97017834875e-12, 1.88561700976e-11, 1.44017464621e-10, 1.30703628476e-10, 2.70115874113e-10, 1.84834952899e-10, 7.10123418401e-11, 4.10901340731e-10, 9.10363173734e-10, 2.17793852397e-10, 1.0032084885e-10, 2.0033136261e-10, 2.7515292822e-10, 4.84572826309e-10, 8.73350503028e-10, 7.93023757772e-10, 5.49288892149e-10, 6.93268387142e-10, 5.2977089382e-10, 4.53492549068e-10, 2.95728774802e-10, 1.9000673257e-10, 3.46415646169e-10, 3.21652815494e-10, 1.22906046451e-10, 5.26067280016e-11, 1.14200385259e-11, 5.66886273166e-13],
        "var": [0.118581421673, 21.0356693268, 281.046051025, 548.937255859, 371.456604004, 498.022064209, 447.207183838, 376.437042236, 277.690246582, 503.556274414, 20285.3925781, 3464.82519531, 1154.82141113, 930.748962402, 709.920898438, 6952.03125, 994.194641113, 1219.90466309, 1142.93164062, 1383.17834473, 829.05267334, 1044.16687012, 1227.77758789, 912.868774414, 717.748413086, 555.412353516, 905.995483398, 527.370300293, 204.2784729, 132.045425415, 47.5827217102, 25.2172527313, 15.8123636246, 7.5667552948, 4.58548355103, 0.586236178875, 0.111527808011, 0.0211185421795, 0.000102120633528, 2.5795568348e-08]
    },
    "gfcc": {
        "mean": [-40.5460166931, 80.8445510864, -109.180709839, 35.3374633789, -58.1407737732, 13.6305217743, -36.5284957886, 8.76782798767, -19.2454833984, 5.41381978989, -15.9856328964, -1.1363350153, -12.5633268356],
        "cov": [[20521.3886719, 609.203979492, 1141.50671387, 698.575195312, -414.074768066, 0.954521656036, 226.182891846, 289.606262207, -361.36505127, 453.209686279, 147.13671875, 352.280578613, 41.7254943848], [609.203979492, 2369.13427734, -116.201370239, -180.432357788, 192.860061646, 55.4707717896, 289.69317627, -46.2454490662, 384.63659668, -46.6844596863, 247.469360352, -209.051116943, 113.162712097], [1141.50671387, -116.201370239, 1475.79321289, 598.01373291, 108.479133606, 257.29486084, 79.0450820923, 206.750900269, -36.7568244934, 116.095909119, -52.2269706726, 97.9048538208, -26.5787315369], [698.575195312, -180.432357788, 598.01373291, 803.639709473, 63.572769165, 132.247268677, 53.5506286621, 119.069580078, -31.0508136749, 84.4143447876, 31.1826534271, 75.2407455444, 21.9288101196], [-414.074768066, 192.860061646, 108.479133606, 63.572769165, 378.321655273, 106.268501282, 109.109962463, 59.083152771, 80.7123947144, 26.3252105713, 28.7922000885, 12.6158246994, 18.4796524048], [0.954521656036, 55.4707717896, 257.29486084, 132.247268677, 106.268501282, 245.549072266, 99.5708389282, 86.8556060791, 49.0223121643, 46.5404777527, 30.0722980499, 31.9823913574, 13.4000902176], [226.182891846, 289.69317627, 79.0450820923, 53.5506286621, 109.109962463, 99.5708389282, 215.924667358, 86.784324646, 83.9169158936, 23.8232688904, 71.1128005981, 0.490923315287, 25.0679531097], [289.606262207, -46.2454490662, 206.750900269, 119.069580078, 59.083152771, 86.8556060791, 86.784324646, 151.889389038, 44.1594810486, 56.19581604, 19.7683467865, 36.3431968689, 3.09568858147], [-361.36505127, 384.63659668, -36.7568244934, -31.0508136749, 80.7123947144, 49.0223121643, 83.9169158936, 44.1594810486, 197.842803955, 40.4268493652, 70.4439849854, -45.9325141907, 24.9668769836], [453.209686279, -46.6844596863, 116.095909119, 84.4143447876, 26.3252105713, 46.5404777527, 23.8232688904, 56.19581604, 40.4268493652, 111.010574341, 40.9390792847, 43.6351470947, -0.130618214607], [147.13671875, 247.469360352, -52.2269706726, 31.1826534271, 28.7922000885, 30.0722980499, 71.1128005981, 19.7683467865, 70.4439849854, 40.9390792847, 119.175079346, 21.295217514, 39.7226829529], [352.280578613, -209.051116943, 97.9048538208, 75.2407455444, 12.6158246994, 31.9823913574, 0.490923315287, 36.3431968689, -45.9325141907, 43.6351470947, 21.295217514, 117.521690369, 39.6806106567], [41.7254943848, 113.162712097, -26.5787315369, 21.9288101196, 18.4796524048, 13.4000902176, 25.0679531097, 3.09568858147, 24.9668769836, -0.130618214607, 39.7226829529, 39.6806106567, 88.4244537354]],
        "icov": [[7.71867562435e-05, -0.00012427609181, 1.46088950714e-06, -2.15252584894e-05, 0.00012041041191, 8.61246808199e-05, -0.000111124376417, -0.000129327934701, 0.000394089554902, -0.000477757304907, 0.000160318202688, -0.00013424581266, 2.45985688707e-06], [-0.00012427609181, 0.00137505307794, -0.00046103115892, 0.000347036373569, -0.000410283217207, 7.46985242586e-05, -0.000556210812647, 0.00112620845903, -0.00151135062333, 0.00136985676363, -0.00233199121431, 0.00243739970028, -0.00135050097015], [1.46088950714e-06, -0.00046103115892, 0.00148495228495, -0.000839879678097, 0.000104091275716, -0.000839127926156, 0.000186363962712, -0.00100301310886, 0.000380395096727, -0.000711335276719, 0.0020180658903, -0.00124581565615, 0.00087568431627], [-2.15252584894e-05, 0.000347036373569, -0.000839879678097, 0.00210521998815, -0.000254093320109, -0.000111518871563, 0.000140641321195, -0.00046366933384, 0.000832714431453, -0.000426364073064, -0.00170865666587, 0.00146182929166, -0.00128631212283], [0.00012041041191, -0.000410283217207, 0.000104091275716, -0.000254093320109, 0.00368087179959, -0.000684180646203, -0.00139407557435, 8.30859717098e-05, -0.000749818165787, -0.000534005404916, 0.00168205075897, -0.00183499150444, 0.000568036339246], [8.61246808199e-05, 7.46985242586e-05, -0.000839127926156, -0.000111518871563, -0.000684180646203, 0.00670808926225, -0.00196935096756, -0.000755211978685, -0.000529031443875, -0.000667008222081, -0.000112589324999, -0.000768073659856, -0.000106001432869], [-0.000111124376417, -0.000556210812647, 0.000186363962712, 0.000140641321195, -0.00139407557435, -0.00196935096756, 0.0101209068671, -0.00513603817672, 6.42318336759e-05, 0.0025534525048, -0.00414262292907, 0.00115257722791, 1.51533349708e-05], [-0.000129327934701, 0.00112620845903, -0.00100301310886, -0.00046366933384, 8.30859717098e-05, -0.000755211978685, -0.00513603817672, 0.0145573616028, -0.00478179752827, -0.00128229567781, 0.0016470788978, -0.00292323483154, 0.00139687815681], [0.000394089554902, -0.00151135062333, 0.000380395096727, 0.000832714431453, -0.000749818165787, -0.000529031443875, 6.42318336759e-05, -0.00478179752827, 0.015591237694, -0.00856277905405, -0.00242047617212, 0.00840185582638, -0.00505575956777], [-0.000477757304907, 0.00136985676363, -0.000711335276719, -0.000426364073064, -0.000534005404916, -0.000667008222081, 0.0025534525048, -0.00128229567781, -0.00856277905405, 0.0214124508202, -0.00667724758387, -0.00690410658717, 0.00644513173029], [0.000160318202688, -0.00233199121431, 0.0020180658903, -0.00170865666587, 0.00168205075897, -0.000112589324999, -0.00414262292907, 0.0016470788978, -0.00242047617212, -0.00667724758387, 0.0215777028352, -0.00799481384456, -0.000710672698915], [-0.00013424581266, 0.00243739970028, -0.00124581565615, 0.00146182929166, -0.00183499150444, -0.000768073659856, 0.00115257722791, -0.00292323483154, 0.00840185582638, -0.00690410658717, -0.00799481384456, 0.0267887320369, -0.0143299549818], [2.45985688707e-06, -0.00135050097015, 0.00087568431627, -0.00128631212283, 0.000568036339246, -0.000106001432869, 1.51533349708e-05, 0.00139687815681, -0.00505575956777, 0.00644513173029, -0.000710672698915, -0.0143299549818, 0.0216494891793]]
    },
    "melbands": {
        "dmean": [0.0014475058997, 0.00298447161913, 0.00152729137335, 0.000655698939227, 0.000293958408292, 0.00019294708909, 0.000114403104817, 0.000121558798128, 0.00023807863181, 0.000104494654806, 5.38483691344e-05, 3.97203948523e-05, 3.36348566634e-05, 6.34252064629e-05, 3.72043141397e-05, 3.08695925924e-05, 2.41329689743e-05, 2.26465126616e-05, 2.73112545983e-05, 1.85071494343e-05, 1.69623999682e-05, 1.96053879336e-05, 1.61057960213e-05, 1.36394955916e-05, 1.24168263937e-05, 1.15075145004e-05, 7.7602253441e-06, 7.15040141586e-06, 8.8386468633e-06, 6.73127897244e-06, 5.50151298739e-06, 3.95231199946e-06, 2.66430970441e-06, 2.98542022392e-06, 1.98176417143e-06, 1.59175795034e-06, 1.47770231251e-06, 1.33613025355e-06, 1.02599585716e-06, 1.14103318083e-06],
        "dmean2": [0.00219436874613, 0.00474967202172, 0.00268035032786, 0.00111594423652, 0.000467272300739, 0.000319351383951, 0.0001867073006, 0.000189602258615, 0.000329145259457, 0.00016093616432, 8.2430022303e-05, 6.10335155216e-05, 5.68667928746e-05, 0.000101985606307, 5.85689413128e-05, 5.14157072757e-05, 3.99917771574e-05, 3.77585638489e-05, 4.58769645775e-05, 3.1571235013e-05, 2.82427081402e-05, 3.43205865647e-05, 2.77236904367e-05, 2.38003594859e-05, 2.18687746383e-05, 2.04369553103e-05, 1.33940729938e-05, 1.20656113722e-05, 1.52491211338e-05, 1.14172207759e-05, 9.15619057196e-06, 6.612694051e-06, 4.40595113105e-06, 4.88462819703e-06, 3.27867496708e-06, 2.68118219537e-06, 2.48315382123e-06, 2.30126966017e-06, 1.70780992903e-06, 1.91688445739e-06],
        "dvar": [8.21837329568e-06, 6.71071393299e-05, 2.12837403524e-05, 2.24824179895e-06, 4.83357723624e-07, 1.25019525399e-07, 3.52539615278e-08, 5.37969313541e-08, 4.73753516417e-07, 7.67552919001e-08, 1.39279139333e-08, 7.53250084529e-09, 5.49198242439e-09, 2.0568050374e-08, 6.59794663349e-09, 4.75528194599e-09, 3.66155772369e-09, 2.0056936112e-09, 3.75311204337e-09, 2.09390638162e-09, 1.00180774787e-09, 1.65157132415e-09, 1.19791709885e-09, 8.3088175229e-10, 8.22768020381e-10, 6.34865715554e-10, 2.8241059491e-10, 2.7118066126e-10, 7.59187157584e-10, 2.67166649914e-10, 1.88449783556e-10, 9.59142626433e-11, 3.66442570732e-11, 4.86038952141e-11, 1.69327191157e-11, 1.08286418027e-11, 1.12520557108e-11, 1.19624874242e-11, 4.6339663877e-12, 5.64457378407e-12],
        "dvar2": [1.54541939992e-05, 0.000164209326613, 5.72718963667e-05, 5.79452216698e-06, 1.16104126846e-06, 3.24285082343e-07, 9.06654946675e-08, 1.15927754507e-07, 7.21094750133e-07, 1.51392953285e-07, 3.0436250853e-08, 1.60310626995e-08, 1.41391733877e-08, 4.7300105166e-08, 1.37673428213e-08, 1.20106928847e-08, 9.6732479804e-09, 5.20440757157e-09, 9.80958247965e-09, 5.7326303704e-09, 2.55023202556e-09, 4.44758985196e-09, 3.21631921096e-09, 2.2601152061e-09, 2.23079932304e-09, 1.73246084145e-09, 7.65289442928e-10, 7.31281035726e-10, 2.06851158424e-09, 7.08736180854e-10, 4.96181817855e-10, 2.52152354552e-10, 9.50908171649e-11, 1.23406326824e-10, 4.36190701614e-11, 2.83851084998e-11, 2.99685172511e-11, 3.27404735267e-11, 1.18386073514e-11, 1.42863689628e-11],
        "max": [0.0271447282284, 0.0692591816187, 0.039228707552, 0.0161204505712, 0.0112261837348, 0.00530412094668, 0.00300559191965, 0.00374073325656, 0.0110207814723, 0.00467235874385, 0.00229010591283, 0.00199438538402, 0.000930176640395, 0.0020365267992, 0.00178082613274, 0.00166627380531, 0.00161810126156, 0.000601030362304, 0.00104021292645, 0.000578626524657, 0.000484660180518, 0.000401311495807, 0.000370181631297, 0.000283542671241, 0.000391733658034, 0.000220103640459, 0.000190200094949, 0.000260626344243, 0.000378982658731, 0.000257037638221, 0.000185893804883, 0.00010506563558, 0.000115407157864, 0.000146699530887, 6.83499893057e-05, 3.53184477717e-05, 0.000102977603092, 0.00010831864347, 2.97157894238e-05, 2.07386383408e-05],
        "mean": [0.0022189244628, 0.00285220774822, 0.00125921471044, 0.000611885159742, 0.000380499841413, 0.000263633352006, 0.000175554727321, 0.000179265887709, 0.000367595115677, 0.000147413564264, 7.73290739744e-05, 5.81129461352e-05, 4.01862307626e-05, 8.47736737342e-05, 5.29345234099e-05, 3.75316230929e-05, 2.93195735139e-05, 2.8011674658e-05, 3.13321652357e-05, 2.22204253078e-05, 2.06317854463e-05, 1.90946393559e-05, 1.63146996783e-05, 1.3473943909e-05, 1.14079739433e-05, 1.08753893073e-05, 8.54504105519e-06, 8.02684553491e-06, 7.98666224e-06, 6.64362414682e-06, 5.53120071345e-06, 4.02570776714e-06, 2.90118623525e-06, 3.16359637509e-06, 2.19096546061e-06, 1.71645626779e-06, 1.52797497321e-06, 1.3205791447e-06, 1.08183417069e-06, 1.079216986e-06],
        "median": [0.000442550401203, 0.000687386665959, 0.000312324118568, 0.000131160093588, 0.000128699888592, 0.000121177996334, 8.07077158242e-05, 5.77687860641e-05, 5.15909086971e-05, 3.02092885249e-05, 1.94302447198e-05, 1.26919549075e-05, 9.51168567553e-06, 1.4348813238e-05, 8.09336052043e-06, 9.53768721956e-06, 7.75750140747e-06, 8.0392410382e-06, 7.912590263e-06, 4.21456888944e-06, 4.76689592688e-06, 4.12995223087e-06, 3.90076593249e-06, 2.84103316517e-06, 2.67798327513e-06, 2.57773854173e-06, 2.35067977883e-06, 2.17002411773e-06, 1.52057748437e-06, 1.50610014771e-06, 1.28644308006e-06, 9.26841096316e-07, 7.30741305688e-07, 6.90631850375e-07, 4.84277393298e-07, 3.78832567094e-07, 2.81202630958e-07, 2.10048654026e-07, 1.64521438251e-07, 1.29397477622e-07],
        "min": [1.67950349232e-15, 6.10751094914e-16, 2.78880489216e-16, 1.70874510783e-16, 7.38813900331e-17, 1.4837180999e-16, 9.26828083097e-17, 3.58188369356e-16, 2.86167063675e-16, 1.02610808693e-16, 2.0159445356e-17, 5.04743988506e-17, 3.94316971534e-16, 3.99943811403e-16, 5.46439006663e-16, 5.03862419114e-16, 3.18861953104e-16, 8.73939610568e-17, 2.30038954821e-16, 8.53537525015e-16, 1.10126035725e-15, 2.23866387506e-16, 7.16491802844e-17, 8.91424091135e-17, 1.62782341817e-16, 2.48805049177e-16, 1.84261495938e-16, 3.67775247072e-16, 4.48059147395e-16, 5.89805717134e-16, 4.42037193126e-16, 2.20495355195e-16, 4.82751446392e-16, 3.51545831104e-16, 3.1823549283e-16, 2.89224773205e-16, 2.70328606353e-16, 2.37887032714e-16, 1.29750902375e-16, 1.57659115975e-16],
        "var": [1.3796843632e-05, 5.96145837335e-05, 1.44472769534e-05, 1.8949195919e-06, 5.70277393308e-07, 1.73096182721e-07, 6.47607549809e-08, 1.10004535259e-07, 1.21046900858e-06, 1.5290471822e-07, 2.7875712405e-08, 1.65486291337e-08, 6.12600103977e-09, 3.46710287147e-08, 1.3653573383e-08, 5.79247227961e-09, 4.48716841461e-09, 2.33506236569e-09, 3.6622591626e-09, 2.28046426187e-09, 1.41995570857e-09, 1.42895673072e-09, 1.0676771689e-09, 7.21425030825e-10, 6.45389741649e-10, 4.92289264908e-10, 2.61224097908e-10, 2.71472594404e-10, 5.39933875388e-10, 2.26102137013e-10, 1.58151852725e-10, 8.01930605254e-11, 3.39273123484e-11, 4.70782197948e-11, 1.82580530556e-11, 1.06988454554e-11, 1.03063148293e-11, 9.80191969258e-12, 5.18461879331e-12, 5.76991406043e-12]
    },
    "mfcc": {
        "mean": [-679.662902832, 109.040519714, 7.90107440948, 24.5532245636, 3.62595534325, 6.31352710724, -3.09687304497, 1.16481566429, 0.224605679512, 3.22734594345, 2.01526355743, 2.57191991806, 0.0887566804886],
        "cov": [[13943.5390625, 629.097961426, -87.7512283325, 490.187805176, -59.9958724976, 163.538696289, 254.417785645, 64.6450881958, 19.1443157196, -88.264251709, -38.5346908569, 80.0955963135, 133.377838135], [629.097961426, 2143.74975586, -242.865722656, -178.163726807, 64.874961853, 97.5139846802, -3.42652463913, 53.1770172119, 87.4366836548, 157.777984619, 126.766067505, 83.379447937, 72.4853744507], [-87.7512283325, -242.865722656, 1135.08728027, 409.16217041, 223.798461914, 167.631698608, 148.60723877, 135.752349854, 99.5515899658, 78.8761672974, 28.672662735, 15.5444688797, -15.939289093], [490.187805176, -178.163726807, 409.16217041, 551.074829102, 167.457397461, 109.713066101, 117.503288269, 77.4977493286, 58.1648368835, 27.12084198, 27.6772575378, 38.5465736389, 31.82853508], [-59.9958724976, 64.874961853, 223.798461914, 167.457397461, 250.643554688, 109.572898865, 69.517616272, 57.844379425, 73.5237503052, 46.3879356384, 32.8277168274, 29.8733024597, 24.2727489471], [163.538696289, 97.5139846802, 167.631698608, 109.713066101, 109.572898865, 168.181335449, 88.7038116455, 63.9216766357, 52.3745918274, 44.2345123291, 34.653465271, 38.5651016235, 33.8549728394], [254.417785645, -3.42652463913, 148.60723877, 117.503288269, 69.517616272, 88.7038116455, 178.550170898, 103.957054138, 51.2200164795, 28.9716682434, 23.9383144379, 37.6240921021, 23.5403175354], [64.6450881958, 53.1770172119, 135.752349854, 77.4977493286, 57.844379425, 63.9216766357, 103.957054138, 122.801101685, 67.6856613159, 43.4451789856, 25.8581790924, 32.4301834106, 18.8362140656], [19.1443157196, 87.4366836548, 99.5515899658, 58.1648368835, 73.5237503052, 52.3745918274, 51.2200164795, 67.6856613159, 101.633979797, 63.23620224, 31.368139267, 28.4062385559, 24.0459270477], [-88.264251709, 157.777984619, 78.8761672974, 27.12084198, 46.3879356384, 44.2345123291, 28.9716682434, 43.4451789856, 63.23620224, 108.125587463, 69.3113479614, 39.7042617798, 27.5127620697], [-38.5346908569, 126.766067505, 28.672662735, 27.6772575378, 32.8277168274, 34.653465271, 23.9383144379, 25.8581790924, 31.368139267, 69.3113479614, 99.3404083252, 56.6735038757, 31.0584030151], [80.0955963135, 83.379447937, 15.5444688797, 38.5465736389, 29.8733024597, 38.5651016235, 37.6240921021, 32.4301834106, 28.4062385559, 39.7042617798, 56.6735038757, 83.8344345093, 48.2653007507], [133.377838135, 72.4853744507, -15.939289093, 31.82853508, 24.2727489471, 33.8549728394, 23.5403175354, 18.8362140656, 24.0459270477, 27.5127620697, 31.0584030151, 48.2653007507, 77.1521911621]],
