{
"lowlevel": {
    "average_loudness": 0.916642010212,
    "barkbands_crest": {
        "dmean": 2.69407773018,
        "dmean2": 4.37395381927,
        "dvar": 9.2750377655,
        "dvar2": 24.9581699371,
        "max": 26.7733516693,
        "mean": 12.4162817001,
        "median": 11.7627944946,
        "min": 2.44482183456,
        "var": 22.5411014557
    },
    "barkbands_flatness_db": {
        "dmean": 0.0300448630005,
        "dmean2": 0.0434710420668,
        "dvar": 0.00104965094943,
        "dvar2": 0.00229702726938,
        "max": 0.586919546127,
        "mean": 0.208346679807,
        "median": 0.186733275652,
        "min": 0.0265126954764,
        "var": 0.0102774351835
    },
    "barkbands_kurtosis": {
        "dmean": 5.8749332428,
        "dmean2": 9.25818729401,
        "dvar": 151.483581543,
        "dvar2": 391.553924561,
        "max": 356.387207031,
        "mean": 10.0869436264,
        "median": 5.63733005524,
        "min": -1.90925645828,
        "var": 235.741653442
    },
    "barkbands_skewness": {
        "dmean": 0.698723196983,
        "dmean2": 1.06768250465,
        "dvar": 0.780286967754,
        "dvar2": 1.90100038052,
        "max": 17.8162822723,
        "mean": 2.38333082199,
        "median": 2.2227294445,
        "min": -1.8926858902,
        "var": 2.38465285301
    },
    "barkbands_spread": {
        "dmean": 4.69556188583,
        "dmean2": 7.03005743027,
        "dvar": 46.3691940308,
        "dvar2": 102.99243927,
        "max": 93.3401947021,
        "mean": 14.2355146408,
        "median": 10.8715028763,
        "min": 0.310966730118,
        "var": 140.449279785
    },
    "dissonance": {
        "dmean": 0.0200593098998,
        "dmean2": 0.0331892929971,
        "dvar": 0.000574909790885,
        "dvar2": 0.00146278867032,
        "max": 0.5,
        "mean": 0.448009431362,
        "median": 0.461234122515,
        "min": 0.109538257122,
        "var": 0.00234205578454
    },
    "dynamic_complexity": 3.48275899887,
    "erbbands_crest": {
        "dmean": 2.26472854614,
        "dmean2": 3.50844240189,
        "dvar": 5.65074729919,
        "dvar2": 12.4185533524,
        "max": 31.3316421509,
        "mean": 10.3519029617,
        "median": 9.42276287079,
        "min": 2.41760325432,
        "var": 23.8635978699
    },
    "erbbands_flatness_db": {
        "dmean": 0.0179002434015,
        "dmean2": 0.0236994810402,
        "dvar": 0.000502413895447,
        "dvar2": 0.000850479467772,
        "max": 0.456500142813,
        "mean": 0.189771726727,
        "median": 0.167525216937,
        "min": 0.0672026649117,
        "var": 0.00636107847095
    },
    "erbbands_kurtosis": {
        "dmean": 1.13905930519,
        "dmean2": 1.69944572449,
        "dvar": 5.51052761078,
        "dvar2": 12.3894615173,
        "max": 60.0628890991,
        "mean": 1.06431531906,
        "median": -0.219753980637,
        "min": -1.82453739643,
        "var": 18.7806606293
    },
    "erbbands_skewness": {
        "dmean": 0.374847561121,
        "dmean2": 0.537526428699,
        "dvar": 0.170921385288,
        "dvar2": 0.363119214773,
        "max": 7.16691160202,
        "mean": 0.588943779469,
        "median": 0.561544239521,
        "min": -4.57177352905,
        "var": 0.93490254879
    },
    "erbbands_spread": {
        "dmean": 7.22777938843,
        "dmean2": 10.6950311661,
        "dvar": 77.73387146,
        "dvar2": 163.945510864,
        "max": 119.310585022,
        "mean": 39.6658287048,
        "median": 38.2120132446,
        "min": 2.07485413551,
        "var": 442.227172852
    },
    "hfc": {
        "dmean": 4.89477586746,
        "dmean2": 7.34815502167,
        "dvar": 87.5993041992,
        "dvar2": 195.45451355,
        "max": 126.459793091,
        "mean": 12.6066226959,
        "median": 8.4854516983,
        "min": 1.24207455547e-16,
        "var": 177.34022522
    },
    "melbands_crest": {
        "dmean": 3.04787158966,
        "dmean2": 4.91370773315,
        "dvar": 10.7581825256,
        "dvar2": 28.4181652069,
        "max": 32.4048881531,
        "mean": 16.3115520477,
        "median": 15.9526472092,
        "min": 2.48137807846,
        "var": 27.0497646332
    },
    "melbands_flatness_db": {
        "dmean": 0.035283498466,
        "dmean2": 0.0502122081816,
        "dvar": 0.0015158978058,
        "dvar2": 0.00322096003219,
        "max": 0.753468930721,
        "mean": 0.280392706394,
        "median": 0.262039512396,
        "min": 0.00980849470943,
        "var": 0.0148059567437
    },
    "melbands_kurtosis": {
        "dmean": 11.4236898422,
        "dmean2": 17.8320865631,
        "dvar": 411.569976807,
        "dvar2": 1021.1817627,
        "max": 329.206420898,
        "mean": 24.4695949554,
        "median": 15.5475521088,
        "min": -1.65725183487,
        "var": 866.794921875
    },
    "melbands_skewness": {
        "dmean": 0.843834280968,
        "dmean2": 1.29234540462,
        "dvar": 1.02139091492,
        "dvar2": 2.40452742577,
        "max": 14.2158536911,
        "mean": 3.50813436508,
        "median": 3.21350169182,
        "min": -0.786628365517,
        "var": 3.96928310394
    },
    "melbands_spread": {
        "dmean": 4.9627404213,
        "dmean2": 7.57602643967,
        "dvar": 74.7279586792,
        "dvar2": 166.876022339,
        "max": 132.702590942,
        "mean": 13.7003507614,
        "median": 9.19601345062,
        "min": 0.394652783871,
        "var": 214.251174927
    },
    "pitch_salience": {
        "dmean": 0.0760610029101,
        "dmean2": 0.122650496662,
        "dvar": 0.00698402151465,
        "dvar2": 0.018193507567,
        "max": 0.881210148335,
        "mean": 0.502230346203,
        "median": 0.51028573513,
        "min": 0.0429727882147,
        "var": 0.017615120858
    },
    "silence_rate_20dB": {
        "dmean": 0,
        "dmean2": 0,
        "dvar": 0,
        "dvar2": 0,
        "max": 1,
        "mean": 1,
        "median": 1,
        "min": 1,
        "var": 0
    },
    "silence_rate_30dB": {
        "dmean": 0.0492903217673,
        "dmean2": 0.0985933691263,
        "dvar": 0.0468617752194,
        "dvar2": 0.123199537396,
        "max": 1,
        "mean": 0.967875123024,
        "median": 1,
        "min": 0,
        "var": 0.0310943704098
    },
    "silence_rate_60dB": {
        "dmean": 0.032774195075,
        "dmean2": 0.065556846559,
        "dvar": 0.0316973179579,
        "dvar2": 0.0682294145226,
        "max": 1,
        "mean": 0.0916010811925,
        "median": 0,
        "min": 0,
        "var": 0.0832112506032
    },
    "spectral_centroid": {
        "dmean": 234.296005249,
        "dmean2": 342.494567871,
        "dvar": 125629.085938,
        "dvar2": 252403.953125,
        "max": 10679.1318359,
        "mean": 996.429931641,
        "median": 798.631286621,
        "min": 122.819633484,
        "var": 479129
    },
    "spectral_complexity": {
        "dmean": 3.41316127777,
        "dmean2": 5.07949399948,
        "dvar": 25.0284023285,
        "dvar2": 49.5229454041,
        "max": 66,
        "mean": 12.9588441849,
        "median": 11,
        "min": 0,
        "var": 92.0595855713
    },
    "spectral_decrease": {
        "dmean": 4.06781364148e-09,
        "dmean2": 6.56049170544e-09,
        "dvar": 6.35009549424e-17,
        "dvar2": 1.60269936216e-16,
        "max": 1.16764714926e-28,
        "mean": -8.15278955457e-09,
        "median": -6.1385034833e-09,
        "min": -6.90226613642e-08,
        "var": 6.92643788737e-17
    },
    "spectral_energy": {
        "dmean": 0.015681643039,
        "dmean2": 0.025203846395,
        "dvar": 0.000927968532778,
        "dvar2": 0.00233856239356,
        "max": 0.262955993414,
        "mean": 0.0319139733911,
        "median": 0.0240447297692,
        "min": 1.08252771336e-20,
        "var": 0.0010298085399
    },
    "spectral_energyband_high": {
        "dmean": 0.000266364222625,
        "dmean2": 0.000406435428886,
        "dvar": 6.42385998617e-07,
        "dvar2": 1.46754712205e-06,
        "max": 0.0128591200337,
        "mean": 0.000441160111222,
        "median": 0.000137404276757,
        "min": 8.03176945932e-21,
        "var": 9.01617511317e-07
    },
    "spectral_energyband_low": {
        "dmean": 0.0109892431647,
        "dmean2": 0.0186506751925,
        "dvar": 0.000735907582566,
        "dvar2": 0.0019068204565,
        "max": 0.246331825852,
        "mean": 0.0163960270584,
        "median": 0.0105841895565,
        "min": 5.07028671689e-23,
        "var": 0.000667632964905
    },
    "spectral_energyband_middle_high": {
        "dmean": 0.000983265810646,
        "dmean2": 0.00148443074431,
        "dvar": 4.13128691434e-06,
        "dvar2": 9.23965762922e-06,
        "max": 0.0360558852553,
        "mean": 0.00235438696109,
        "median": 0.00124821939971,
        "min": 1.57532135088e-21,
        "var": 1.07156283775e-05
    },
    "spectral_energyband_middle_low": {
        "dmean": 0.0062571130693,
        "dmean2": 0.00988532882184,
        "dvar": 0.000160555704497,
        "dvar2": 0.000404338585213,
        "max": 0.133338719606,
        "mean": 0.0139824645594,
        "median": 0.00934444461018,
        "min": 2.28604872626e-22,
        "var": 0.000235929808696
    },
    "spectral_entropy": {
        "dmean": 0.198094263673,
        "dmean2": 0.275587141514,
        "dvar": 0.0614075437188,
        "dvar2": 0.11698615551,
        "max": 9.80476856232,
        "mean": 7.12906455994,
        "median": 7.34393072128,
        "min": 3.92964243889,
        "var": 0.676503837109
    },
    "spectral_flux": {
        "dmean": 0.0369308888912,
        "dmean2": 0.056218162179,
        "dvar": 0.00296243769117,
        "dvar2": 0.00599368195981,
        "max": 0.434175550938,
        "mean": 0.0753950178623,
        "median": 0.048264823854,
        "min": 1.04044592386e-10,
        "var": 0.00552502088249
    },
    "spectral_kurtosis": {
        "dmean": 5.16985702515,
        "dmean2": 8.28381156921,
        "dvar": 228.924057007,
        "dvar2": 465.724243164,
        "max": 308.848052979,
        "mean": 14.0041265488,
        "median": 4.02165460587,
        "min": -1.22339010239,
        "var": 1206.77636719
    },
    "spectral_rms": {
        "dmean": 0.001133474987,
        "dmean2": 0.00171436509117,
        "dvar": 3.05343405671e-06,
        "dvar2": 7.04331660017e-06,
        "max": 0.0160169415176,
        "mean": 0.00499085150659,
        "median": 0.00484337424859,
        "min": 3.24980710745e-12,
        "var": 6.22696916253e-06
    },
    "spectral_rolloff": {
        "dmean": 348.628540039,
        "dmean2": 576.861022949,
        "dvar": 578027.25,
        "dvar2": 1221110.375,
        "max": 18970.7519531,
        "mean": 860.23236084,
        "median": 495.263671875,
        "min": 86.1328125,
        "var": 1105079.75
    },
    "spectral_skewness": {
        "dmean": 0.394885659218,
        "dmean2": 0.62165927887,
        "dvar": 0.480301529169,
        "dvar2": 0.940538108349,
        "max": 14.7975606918,
        "mean": 2.08828544617,
        "median": 1.50401616096,
        "min": -0.179572463036,
        "var": 4.28215456009
    },
    "spectral_spread": {
        "dmean": 412052.46875,
        "dmean2": 621820.125,
        "dvar": 452888068096,
        "dvar2": 728874418176,
        "max": 40837548,
        "mean": 3800931,
        "median": 3992002.5,
        "min": 284417.9375,
        "var": 1.89554530714e+12
    },
    "spectral_strongpeak": {
        "dmean": 0.266493469477,
        "dmean2": 0.445930659771,
        "dvar": 0.183680564165,
        "dvar2": 0.429677695036,
        "max": 10.1843357086,
        "mean": 0.705539941788,
        "median": 0.494756817818,
        "min": 0,
        "var": 0.413708597422
    },
    "zerocrossingrate": {
        "dmean": 0.00785527937114,
        "dmean2": 0.00914665684104,
        "dvar": 0.000106630985101,
        "dvar2": 0.000116260736831,
        "max": 0.53369140625,
        "mean": 0.0382555238903,
        "median": 0.03125,
        "min": 0.0029296875,
        "var": 0.00079199206084
    },
    "barkbands": {
        "dmean": [0.000308370188577, 0.00826359633356, 0.00296512548812, 0.00216770567931, 0.00189376238268, 0.00203198916279, 0.000718677125406, 0.000486935401568, 0.000388308166293, 0.000193496816792, 0.000233951432165, 9.96233502519e-05, 0.000131117965793, 8.38221385493e-05, 0.000183668002137, 0.0001172115808, 9.87552848528e-05, 7.71744016674e-05, 0.000102197409433, 0.000131375301862, 9.94714937406e-05, 7.03396945028e-05, 3.21950537909e-05, 2.26088795898e-05, 1.48531044033e-05, 7.24398341845e-06, 1.74020624399e-06],
        "dmean2": [0.000487704062834, 0.0142243662849, 0.0052807838656, 0.00369236944243, 0.00302389916033, 0.00316648371518, 0.00119023257867, 0.000766989542171, 0.000631559349131, 0.000333436328219, 0.000349811831256, 0.00015996703587, 0.000195558837731, 0.000135554131703, 0.000257250736468, 0.000189753598534, 0.000158139911946, 0.000126519618789, 0.000167662801687, 0.00021305368864, 0.000157248417963, 0.000107344392745, 5.1159713621e-05, 3.33321950166e-05, 2.35052484641e-05, 1.08872436613e-05, 2.82803762275e-06],
        "dvar": [7.77542197739e-07, 0.000539388973266, 6.59838624415e-05, 3.32867493853e-05, 1.39574813147e-05, 2.38392694882e-05, 3.2466571156e-06, 1.24327050344e-06, 1.05985600385e-06, 3.10260077185e-07, 5.44946658465e-07, 1.00800463088e-07, 2.17322508433e-07, 3.85974985306e-08, 1.82139970661e-07, 6.81564245042e-08, 4.01987740872e-08, 3.09030774304e-08, 5.32255519659e-08, 1.85946035458e-07, 1.00255462598e-07, 4.31927311695e-08, 1.95321447904e-08, 4.3243071346e-09, 2.20538498574e-09, 5.5273707833e-10, 5.36185644495e-11],
        "dvar2": [1.8708448124e-06, 0.0014392422745, 0.000188148842426, 8.8768400019e-05, 3.51180387952e-05, 5.49179676455e-05, 8.64141384227e-06, 2.65870926341e-06, 2.53105577031e-06, 8.51820288972e-07, 1.20669972148e-06, 1.96914427875e-07, 3.9694981524e-07, 1.03494940618e-07, 2.97095226642e-07, 1.66376352695e-07, 1.00232561806e-07, 7.81058417942e-08, 1.3008096289e-07, 4.61571744381e-07, 2.41456604044e-07, 1.03994736378e-07, 5.20157108497e-08, 9.16282250074e-09, 5.84575055029e-09, 1.22818777371e-09, 1.27548957507e-10],
        "max": [0.00923848245293, 0.2077665627, 0.114265821874, 0.066403657198, 0.0506406314671, 0.0761641189456, 0.0317995324731, 0.020773999393, 0.0266016405076, 0.00834788382053, 0.0216621756554, 0.015155418776, 0.0138552244753, 0.00510894274339, 0.00936496444046, 0.00410491460934, 0.00342894298956, 0.00259392382577, 0.00293688871898, 0.00774096278474, 0.00711145717651, 0.00417571794242, 0.00813250243664, 0.00104868900962, 0.00184630125295, 0.000356390257366, 0.000203075906029],
        "mean": [0.000335995195201, 0.0104041425511, 0.00442884443328, 0.00282134767622, 0.00380987813696, 0.00443657720461, 0.00123479112517, 0.00101293181069, 0.000609380367678, 0.000227952303248, 0.00046352375648, 0.000149835308548, 0.000211498801946, 0.000133645458845, 0.000426830112701, 0.000191108003492, 0.00016768250498, 0.000125865190057, 0.000171917461557, 0.000184234071639, 0.000148992505274, 0.000100654928247, 4.68766811537e-05, 3.68136425095e-05, 2.05060714507e-05, 1.03622587631e-05, 1.71330555077e-06],
        "median": [1.02154735941e-05, 0.00347659457475, 0.00223257835023, 0.00102951971348, 0.00224473117851, 0.0012462195009, 0.000334340991685, 0.000219631838263, 0.00014495922369, 5.51223820366e-05, 5.97588004894e-05, 3.94764720113e-05, 3.72618451365e-05, 5.80130872549e-05, 0.000109496424557, 7.21596079529e-05, 5.76357888349e-05, 4.85365089844e-05, 6.10084643995e-05, 5.53127865714e-05, 4.60035917058e-05, 2.39412220253e-05, 1.34671126943e-05, 9.93825688056e-06, 4.31537910117e-06, 1.63606796377e-06, 8.39912317474e-08],
        "min": [2.46494972624e-25, 2.66956399452e-23, 1.73205913333e-23, 1.98258494852e-23, 1.41733045342e-23, 5.11446734521e-23, 1.16123275588e-23, 2.80102324675e-23, 8.85707528398e-23, 3.58290557286e-23, 6.07415260847e-23, 1.49644263148e-22, 6.78732199429e-23, 3.44608995508e-23, 7.29623320364e-23, 3.27162907449e-22, 2.47970158294e-22, 1.56982070583e-22, 1.79477947598e-22, 3.9016802888e-22, 3.79046857165e-22, 3.90328022494e-22, 6.68443269658e-22, 9.93197033767e-22, 1.11298029895e-21, 1.72003019729e-21, 2.89663928478e-21],
        "var": [1.04084722352e-06, 0.000437631184468, 5.38790918654e-05, 3.05875837512e-05, 2.558217966e-05, 6.98073999956e-05, 6.17662635705e-06, 4.63329024569e-06, 2.22198059419e-06, 2.74403333833e-07, 1.81053371762e-06, 2.61937401547e-07, 5.43812802789e-07, 6.65452972726e-08, 8.99630208551e-07, 1.11917138668e-07, 7.94822341277e-08, 4.65233895852e-08, 8.4061205996e-08, 1.90214151985e-07, 1.22413737813e-07, 5.64905775491e-08, 1.96963085841e-08, 7.26192572742e-09, 3.28191074317e-09, 8.5860524246e-10, 5.988165519e-11]
    },
    "erbbands": {
        "dmean": [0.209977522492, 1.97242355347, 3.59961056709, 5.08713722229, 7.98548126221, 6.34035921097, 9.71610546112, 18.7529392242, 11.0380935669, 9.68454360962, 12.2730255127, 9.04507446289, 6.80998086929, 7.55092525482, 7.16612482071, 4.25994920731, 6.0810303688, 4.081407547, 9.991106987, 6.84746599197, 6.26478767395, 5.1063876152, 4.24183273315, 4.7741765976, 5.73881006241, 5.9646062851, 4.57901477814, 3.54068827629, 2.76591563225, 1.3946801424, 0.880249738693, 0.571009397507, 0.336942195892, 0.183697253466, 0.100030109286, 0.0359728559852, 0.0129490280524, 0.00333978771232, 0.000265848182607, 1.9810951926e-05],
        "dmean2": [0.359843194485, 3.43087983131, 6.34567070007, 8.911195755, 13.1237354279, 10.0442047119, 14.7433300018, 29.7284488678, 18.9278659821, 15.2480373383, 19.1206626892, 14.4077310562, 11.5494804382, 12.0594806671, 10.8173313141, 6.63593482971, 9.05914878845, 6.30992507935, 14.0709047318, 10.3593444824, 10.2150917053, 8.19179439545, 6.85940408707, 7.71479606628, 9.51672458649, 9.6307182312, 7.35022449493, 5.56751012802, 4.25130701065, 2.20210719109, 1.39520323277, 0.841884672642, 0.515452563763, 0.284583032131, 0.162348821759, 0.0552876517177, 0.0193542912602, 0.00521939434111, 0.000437009846792, 3.13960335916e-05],
        "dvar": [0.37648537755, 30.8536548615, 89.7895431519, 141.842941284, 551.190673828, 130.971221924, 407.842315674, 2137.05224609, 938.158996582, 384.634521484, 837.788757324, 615.060791016, 392.739044189, 449.287872314, 405.150695801, 187.14390564, 483.930603027, 87.0440597534, 621.935852051, 253.342529297, 173.556091309, 119.10358429, 96.5352859497, 114.974243164, 224.128295898, 384.618713379, 268.864013672, 115.800109863, 70.1698455811, 29.6546115875, 9.13659858704, 2.6213555336, 1.03350317478, 0.451651364565, 0.0992944091558, 0.0137043111026, 0.00168370548636, 0.000156142908963, 1.35411482916e-06, 1.3398200327e-09],
        "dvar2": [0.982020556927, 84.3581085205, 253.900695801, 389.364746094, 1408.02099609, 324.114990234, 842.671875, 5192.31542969, 2573.40039062, 928.338989258, 1765.72131348, 1393.62841797, 1076.19494629, 1109.8170166, 888.327758789, 346.16809082, 867.449645996, 200.7290802, 980.222473145, 545.49798584, 442.664672852, 290.386108398, 239.747253418, 286.168701172, 551.841125488, 965.04284668, 700.86895752, 265.075134277, 170.98135376, 75.9616699219, 23.7862167358, 5.6758108139, 2.31997132301, 1.18518793583, 0.265238046646, 0.0315952152014, 0.00366061134264, 0.000345452281181, 3.48837670572e-06, 3.3050786552e-09],
        "max": [5.97809076309, 52.1368675232, 115.829750061, 148.096115112, 285.295410156, 303.43762207, 437.439239502, 645.562255859, 418.927612305, 329.484313965, 569.652099609, 761.100402832, 338.519805908, 686.514709473, 445.844604492, 717.159057617, 681.889343262, 331.842651367, 584.880737305, 607.501342773, 200.817550659, 210.078933716, 171.719329834, 131.23223877, 194.379272461, 378.938171387, 443.779602051, 182.325073242, 164.252716064, 293.763946533, 134.820144653, 31.3679981232, 18.851102829, 38.6241340637, 6.36329174042, 2.04708576202, 0.741106569767, 0.359156221151, 0.0205017030239, 0.000335216522217],
        "mean": [0.219019904733, 2.56892204285, 5.57734298706, 7.314265728, 9.97784233093, 15.4708375931, 23.0347270966, 39.5092048645, 16.8133335114, 21.277381897, 25.7756671906, 15.8128356934, 8.18148136139, 12.7596521378, 14.2065896988, 7.23380661011, 10.2788276672, 7.30989789963, 22.64503479, 13.5400924683, 10.7024717331, 9.01619625092, 7.16856336594, 8.1305475235, 9.42359542847, 8.54985523224, 6.49979448318, 5.20566749573, 3.93522500992, 2.02054691315, 1.31432914734, 0.908458828926, 0.522286355495, 0.268647074699, 0.125997722149, 0.0509542748332, 0.018208399415, 0.00408481899649, 0.000265320268227, 4.06860635849e-05],
        "median": [0.0765847191215, 0.867941915989, 3.26921463013, 4.36470746994, 4.24499177933, 7.70046567917, 7.78724193573, 9.77766990662, 4.79325294495, 7.62860202789, 5.27198553085, 3.80403089523, 2.60288786888, 3.09813857079, 2.7753765583, 2.12812757492, 2.12701010704, 3.50069260597, 5.20899677277, 4.86685228348, 4.83031320572, 3.34176754951, 2.99284815788, 2.90101099014, 3.32214069366, 2.67817616463, 2.02973937988, 1.48302483559, 0.908148884773, 0.570727944374, 0.377982616425, 0.258570224047, 0.134438544512, 0.0634109303355, 0.0220684539527, 0.00824582297355, 0.00268218759447, 0.000499332672916, 3.28917121806e-05, 2.9499973607e-05],
        "min": [2.49058508664e-22, 7.71950877808e-21, 2.52401546185e-20, 3.50572423726e-20, 7.63215446643e-20, 2.62714355849e-20, 1.5351255955e-19, 5.25125168724e-19, 1.35905619546e-19, 2.45278619613e-19, 1.35707447751e-18, 1.3926963902e-18, 1.55913670998e-18, 1.15172895839e-18, 3.98051346238e-18, 6.57955837401e-18, 3.4231781908e-18, 1.79640819541e-18, 4.55108982762e-18, 4.51652774009e-18, 2.01290977537e-17, 1.44560830089e-17, 1.02797002085e-17, 7.09403907242e-18, 1.6140313726e-17, 1.56035661526e-17, 1.42245369575e-17, 1.58893984133e-17, 1.41466761008e-17, 1.71822304255e-17, 1.88666877901e-17, 1.92012806935e-17, 1.73900562457e-17, 1.04788422866e-17, 8.99059960806e-18, 7.24796993979e-18, 3.0967979501e-18, 1.25253228977e-18, 3.89668036166e-19, 4.55473756488e-20],
        "var": [0.317442923784, 24.0565319061, 75.520980835, 122.224815369, 486.516937256, 514.999145508, 1516.34484863, 5746.68066406, 1181.20471191, 1363.61645508, 3233.59545898, 1516.90112305, 332.845581055, 1053.12426758, 1259.57653809, 533.632019043, 1251.51611328, 151.581314087, 3229.27490234, 729.959960938, 263.458770752, 236.30847168, 144.969894409, 190.509902954, 289.369659424, 394.16192627, 270.883483887, 149.639297485, 88.6720352173, 32.2010498047, 10.7688808441, 4.35259771347, 1.51038372517, 0.74753755331, 0.116415917873, 0.0207489654422, 0.00271895178594, 0.000209849938983, 1.19988681035e-06, 1.71680658578e-09]
    },
    "gfcc": {
        "mean": [-58.950214386, 118.083053589, -109.710739136, 39.26745224, -56.4876976013, -3.60907411575, -36.1464653015, -2.17686796188, -17.4649085999, 0.16162417829, -13.5508174896, -4.42257213593, -4.93816041946],
        "cov": [[12519.1005859, -2158.43286133, 92.2867202759, 1141.67224121, -18.6203308105, 908.198059082, -379.355102539, 547.438537598, -338.803833008, 481.507995605, -383.360778809, 131.771820068, -289.106781006], [-2158.43286133, 2587.34277344, 832.601928711, -405.356201172, 483.473175049, -233.92175293, 398.535369873, -324.914001465, 289.692108154, -290.394256592, 235.466445923, -124.201751709, 264.516448975], [92.2867202759, 832.601928711, 2058.81665039, 446.020202637, 535.553283691, 341.486206055, 283.729980469, 106.583129883, 21.137544632, -17.5495948792, -23.7257442474, 96.5171508789, -64.9350204468], [1141.67224121, -405.356201172, 446.020202637, 931.926574707, 254.96131897, 355.497894287, 99.2782745361, 256.884094238, 56.0162162781, 105.638511658, -14.6395540237, -26.5073051453, -72.0507659912], [-18.6203308105, 483.473175049, 535.553283691, 254.96131897, 560.154968262, 254.385940552, 239.135681152, 65.0913543701, 81.6295852661, 17.2319545746, 9.34860420227, 3.5883667469, 12.7210760117], [908.198059082, -233.92175293, 341.486206055, 355.497894287, 254.385940552, 483.113037109, 179.244735718, 195.13911438, -19.966375351, 75.07421875, -44.4541397095, 44.3250312805, -69.4593200684], [-379.355102539, 398.535369873, 283.729980469, 99.2782745361, 239.135681152, 179.244735718, 295.542907715, 88.4345397949, 95.8680801392, -15.5566177368, 38.4659461975, -12.7963609695, 8.77421474457], [547.438537598, -324.914001465, 106.583129883, 256.884094238, 65.0913543701, 195.13911438, 88.4345397949, 246.260131836, 48.595954895, 99.953453064, -40.3302307129, 6.48228263855, -74.3291473389], [-338.803833008, 289.692108154, 21.137544632, 56.0162162781, 81.6295852661, -19.966375351, 95.8680801392, 48.595954895, 180.246643066, 36.4198951721, 58.7625465393, -53.6857032776, 27.0453510284], [481.507995605, -290.394256592, -17.5495948792, 105.638511658, 17.2319545746, 75.07421875, -15.5566177368, 99.953453064, 36.4198951721, 162.18196106, -0.913129508495, 22.3421287537, -49.9155158997], [-383.360778809, 235.466445923, -23.7257442474, -14.6395540237, 9.34860420227, -44.4541397095, 38.4659461975, -40.3302307129, 58.7625465393, -0.913129508495, 135.487823486, 9.3064661026, 47.9336585999], [131.771820068, -124.201751709, 96.5171508789, -26.5073051453, 3.5883667469, 44.3250312805, -12.7963609695, 6.48228263855, -53.6857032776, 22.3421287537, 9.3064661026, 107.64264679, 2.34565734863], [-289.106781006, 264.516448975, -64.9350204468, -72.0507659912, 12.7210760117, -69.4593200684, 8.77421474457, -74.3291473389, 27.0453510284, -49.9155158997, 47.9336585999, 2.34565734863, 116.237533569]],
        "icov": [[0.000137534254463, -0.000161559641128, 7.30876563466e-05, -0.00015743052063, 0.000109788219561, -0.000291778531391, 0.000362224353012, -0.000171980718733, 0.000285649293801, -0.000378732249374, 0.000295310368529, -9.32007678784e-05, -1.97125646082e-05], [-0.000161559641128, 0.00310560199432, -0.0014038211666, 0.00169782026205, -0.00152305501979, 0.000910340750124, -0.00196196860634, 0.00197195098735, -0.0027560100425, 0.00256622349843, -0.0025396051351, 0.00314556341618, -0.0023541294504], [7.30876563466e-05, -0.0014038211666, 0.00145180767868, -0.00114678160753, 0.000171226958628, -0.000271236989647, 0.000447415106464, -0.0004617900413, 0.000892024836503, -0.000620438484475, 0.00152813736349, -0.00270665180869, 0.00191717187408], [-0.00015743052063, 0.00169782026205, -0.00114678160753, 0.00325629301369, -0.00147541007027, -0.000572549062781, 0.000500892172568, -0.00115947227459, -0.00129769940395, 0.00169556261972, -0.0029010924045, 0.00368456752039, -0.00168527511414], [0.000109788219561, -0.00152305501979, 0.000171226958628, -0.00147541007027, 0.00482785608619, -0.00173899554648, -0.00130337465089, 0.00124769797549, 0.000160739102284, -0.00242467876524, 0.00266063516028, -0.00173249735963, 0.000107992658741], [-0.000291778531391, 0.000910340750124, -0.000271236989647, -0.000572549062781, -0.00173899554648, 0.00682670157403, -0.00426641246304, -0.00128623901401, 0.00241283606738, -0.000262904010015, -0.000327172194375, -0.000385400198866, -6.61036247038e-05], [0.000362224353012, -0.00196196860634, 0.000447415106464, 0.000500892172568, -0.00130337465089, -0.00426641246304, 0.0118026491255, -0.0050455336459, -0.00163888186216, 0.00236057885922, -0.0012967280345, -0.000702392600942, 0.00134590116795], [-0.000171980718733, 0.00197195098735, -0.0004617900413, -0.00115947227459, 0.00124769797549, -0.00128623901401, -0.0050455336459, 0.0140375709161, -0.00629554083571, -0.00165529700462, 0.00306635629386, -0.00144940335304, 0.00207897298969], [0.000285649293801, -0.0027560100425, 0.000892024836503, -0.00129769940395, 0.000160739102284, 0.00241283606738, -0.00163888186216, -0.00629554083571, 0.0178347397596, -0.00774895166978, -0.00230319937691, 0.00529179722071, -0.00243594497442], [-0.000378732249374, 0.00256622349843, -0.000620438484475, 0.00169556261972, -0.00242467876524, -0.000262904010015, 0.00236057885922, -0.00165529700462, -0.00774895166978, 0.0151495859027, -0.00393115216866, -0.00176152493805, 0.00275942939334], [0.000295310368529, -0.0025396051351, 0.00152813736349, -0.0029010924045, 0.00266063516028, -0.000327172194375, -0.0012967280345, 0.00306635629386, -0.00230319937691, -0.00393115216866, 0.0150768039748, -0.00730365468189, -8.10044657555e-05], [-9.32007678784e-05, 0.00314556341618, -0.00270665180869, 0.00368456752039, -0.00173249735963, -0.000385400198866, -0.000702392600942, -0.00144940335304, 0.00529179722071, -0.00176152493805, -0.00730365468189, 0.0203751176596, -0.00691968621686], [-1.97125646082e-05, -0.0023541294504, 0.00191717187408, -0.00168527511414, 0.000107992658741, -6.61036247038e-05, 0.00134590116795, 0.00207897298969, -0.00243594497442, 0.00275942939334, -8.10044657555e-05, -0.00691968621686, 0.0170389059931]]
    },
    "melbands": {
        "dmean": [0.00211325101554, 0.00214051175863, 0.00102038751356, 0.000470267084893, 0.000324969849316, 0.000406461040257, 0.000161267176736, 9.77041272563e-05, 9.8194446764e-05, 5.49098658666e-05, 3.35318982252e-05, 2.99968014588e-05, 3.11465701088e-05, 1.1744821677e-05, 1.19003225336e-05, 1.2687580238e-05, 6.90498336553e-06, 1.71415213117e-05, 9.14224074222e-06, 8.77197908267e-06, 7.75139506004e-06, 5.84719919061e-06, 4.61844228994e-06, 3.8601142478e-06, 4.08592541135e-06, 4.15507929574e-06, 5.28107557329e-06, 3.69435520042e-06, 2.94237406706e-06, 2.67179439106e-06, 1.98366319637e-06, 1.71862893694e-06, 1.23027666632e-06, 6.7946245963e-07, 5.41657357189e-07, 4.42794885203e-07, 3.34344946396e-07, 2.79504888567e-07, 1.68710130311e-07, 1.57232946663e-07],
        "dmean2": [0.0036234469153, 0.00370448897593, 0.00174657162279, 0.000759698683396, 0.000491916260216, 0.000642349245027, 0.000273836863926, 0.000154271663632, 0.000152743436047, 8.84060136741e-05, 5.73244360567e-05, 4.84167103423e-05, 4.64306904178e-05, 1.89390011656e-05, 1.81489031092e-05, 1.91573635675e-05, 1.09777229227e-05, 2.43839604082e-05, 1.36343496706e-05, 1.36463668241e-05, 1.27443436213e-05, 9.39483925322e-06, 7.5397369983e-06, 6.38383426121e-06, 6.63195032757e-06, 6.94948766977e-06, 8.80925563251e-06, 5.97756252319e-06, 4.78032279716e-06, 4.32091292168e-06, 3.16733962791e-06, 2.68931603387e-06, 1.9193234948e-06, 1.10870473691e-06, 8.78232526702e-07, 6.63883440666e-07, 5.03217790992e-07, 4.36488164723e-07, 2.62400220663e-07, 2.49393337981e-07],
        "dvar": [3.67280408682e-05, 2.99561816064e-05, 6.155862593e-06, 1.0328163853e-06, 3.75944438247e-07, 9.91782030724e-07, 1.88661971379e-07, 3.64849697121e-08, 5.19574285818e-08, 2.36871073866e-08, 9.93715332243e-09, 6.8631242911e-09, 9.07133923533e-09, 1.42205647258e-09, 1.5888305116e-09, 2.02711647468e-09, 2.54323173632e-10, 1.93692240025e-09, 3.67521763023e-10, 4.01534805405e-10, 2.61568572357e-10, 1.56702442689e-10, 1.19901172324e-10, 7.63697230455e-11, 8.70124389207e-11, 8.97318122584e-11, 2.93430529874e-10, 1.44294479143e-10, 1.24427371184e-10, 7.46383926886e-11, 3.39068946531e-11, 3.06811347162e-11, 1.38854665613e-11, 1.0944046884e-11, 4.89899006778e-12, 1.40912888996e-12, 9.86111799856e-13, 7.46212987235e-13, 2.8848942007e-13, 3.40114953345e-13],
        "dvar2": [9.67324376688e-05, 8.23443333502e-05, 1.63772547239e-05, 2.61751597463e-06, 7.89341015661e-07, 2.37902145273e-06, 5.11979067142e-07, 8.79771278051e-08, 1.12191266055e-07, 5.39767626151e-08, 2.73326872247e-08, 1.72399516885e-08, 1.95359834976e-08, 2.77118483716e-09, 2.91412471931e-09, 4.03148980865e-09, 6.15996031961e-10, 3.13589731959e-09, 8.11821387892e-10, 8.77023342838e-10, 6.8908045936e-10, 3.80713766068e-10, 3.08537279059e-10, 1.98584801381e-10, 2.20670870466e-10, 2.24776738889e-10, 7.57018114861e-10, 3.61270902083e-10, 3.2512800785e-10, 1.86120896473e-10, 7.67075153396e-11, 7.78732703322e-11, 3.3529040655e-11, 2.90060978708e-11, 1.30357790534e-11, 3.19775889795e-12, 2.17276609031e-12, 1.7337266605e-12, 6.56833149069e-13, 9.00802761376e-13],
        "max": [0.0529637895525, 0.0504027381539, 0.0265330187976, 0.0117609817535, 0.0120889404789, 0.0142838926986, 0.0064979433082, 0.00310629676096, 0.00428857374936, 0.00461086584255, 0.00167618750129, 0.00251798168756, 0.00210388167761, 0.00190343440045, 0.00130747025833, 0.00175341463182, 0.000557457562536, 0.0010216825176, 0.000513044185936, 0.000589693547226, 0.000261938490439, 0.000271018827334, 0.000168770944583, 0.000139794108691, 0.000121839853819, 0.000146493082866, 0.000309576251311, 0.000224188290304, 0.000395893672248, 0.000186667472008, 9.46714135353e-05, 8.51363583934e-05, 0.000137421142426, 0.000195398111828, 0.000108717911644, 2.48902524618e-05, 1.77163310582e-05, 1.76552912308e-05, 2.89590352622e-05, 2.84237012238e-05],
        "mean": [0.00249320245348, 0.00325687043369, 0.00142684648745, 0.000844964233693, 0.000827294250485, 0.000856707396451, 0.000256173196249, 0.000213897394133, 0.000198273817659, 8.9905646746e-05, 3.80875317205e-05, 4.86189164803e-05, 6.30144641036e-05, 1.73253083631e-05, 1.99782189156e-05, 2.03129457077e-05, 1.07152209239e-05, 3.76842435799e-05, 1.91179460671e-05, 1.55734796863e-05, 1.22236533571e-05, 9.96323524305e-06, 6.92244429956e-06, 6.34305615677e-06, 6.41203359919e-06, 6.61423746351e-06, 7.35904859539e-06, 5.09112578584e-06, 3.99243845095e-06, 3.64343100046e-06, 2.8058548196e-06, 2.29818351727e-06, 1.7467913267e-06, 9.05592003164e-07, 7.57723569222e-07, 6.63941193579e-07, 5.05839125253e-07, 4.0250702682e-07, 2.60467231783e-07, 2.13218953604e-07],
        "median": [0.00092558428878, 0.00195633713156, 0.000819201872218, 0.000456558831502, 0.000366213469533, 0.00022308761254, 7.08612351445e-05, 8.00199632067e-05, 3.64749685104e-05, 2.0389463316e-05, 1.10008049887e-05, 1.17846493595e-05, 9.15345844987e-06, 4.4321036512e-06, 4.60496084997e-06, 4.75130218547e-06, 4.74936950923e-06, 7.54360416977e-06, 6.52349172015e-06, 4.93834477311e-06, 5.06605829287e-06, 3.27765565089e-06, 2.44385091719e-06, 2.32153433899e-06, 1.97616714104e-06, 2.27486725635e-06, 2.19211551666e-06, 1.52934023845e-06, 1.18854723041e-06, 1.12719885692e-06, 6.9541118819e-07, 4.99422355915e-07, 4.27024247074e-07, 2.51561090181e-07, 2.06394119573e-07, 1.87223093917e-07, 1.3645968977e-07, 9.88100978816e-08, 6.58188099578e-08, 4.52900366099e-08],
        "min": [4.85356532699e-24, 1.25184565819e-23, 8.27304384829e-24, 3.56760135576e-24, 4.76042294218e-24, 1.10471197643e-23, 2.12292645901e-24, 2.28154035464e-24, 1.37804691583e-23, 9.3375224986e-24, 7.5826982595e-24, 3.87323249728e-24, 1.05790152252e-23, 1.9084350211e-23, 1.04822038483e-23, 5.77558950288e-24, 2.61108956159e-24, 7.60068034383e-24, 3.6776340414e-24, 1.19120205499e-23, 2.59753783843e-23, 1.4786224214e-23, 1.11408261846e-23, 7.91423835416e-24, 5.13134573425e-24, 7.57889989424e-24, 1.71035441439e-23, 8.49301613399e-24, 8.25206488138e-24, 8.61275338649e-24, 9.62286689866e-24, 7.17108799409e-24, 8.15304942714e-24, 1.05812232468e-23, 1.08120770799e-23, 1.01505927561e-23, 1.28980375168e-23, 1.31123071271e-23, 8.98250826998e-24, 8.83868236088e-24],
        "var": [3.02108765027e-05, 2.54590213444e-05, 5.45272632735e-06, 1.48072740558e-06, 1.45520334627e-06, 2.6948755476e-06, 2.69876892389e-07, 1.26323328686e-07, 1.91636544855e-07, 5.64600206587e-08, 8.05628541656e-09, 1.47136374196e-08, 2.98684490474e-08, 3.77587783262e-09, 4.38116387613e-09, 4.1566337039e-09, 3.73147651667e-10, 9.9205230697e-09, 1.05756203794e-09, 1.01107533457e-09, 3.59160923225e-10, 3.20629717221e-10, 1.70260125443e-10, 1.16078570367e-10, 1.34579916655e-10, 1.39979791647e-10, 2.81136308677e-10, 1.47847817322e-10, 1.19750834249e-10, 8.02291844071e-11, 4.47911915891e-11, 3.4092579454e-11, 1.87745999303e-11, 9.78116719563e-12, 4.86469978883e-12, 2.30807148567e-12, 1.43013129551e-12, 9.71106441788e-13, 5.51688957105e-13, 5.06096846289e-13]
    },
    "mfcc": {
        "mean": [-700.204711914, 137.978683472, 7.81303215027, 37.680896759, 1.94261801243, 2.75264167786, -8.02738380432, -5.33170223236, -1.56923377514, 0.760584235191, -5.78489303589, -3.1918182373, -1.34133458138],
        "cov": [[11296.4570312, -1863.9744873, -701.839599609, 551.54284668, 115.1353302, 413.007873535, 101.327331543, 92.3525085449, 135.450515747, 289.762695312, 63.2640991211, 51.9981117249, -46.5966796875], [-1863.9744873, 2471.49511719, 569.696594238, -67.1596832275, 161.89453125, 70.1741867065, 83.9627609253, 39.7423820496, 82.8557739258, -95.0741729736, -47.803024292, -13.2992677689, 44.0079574585], [-701.839599609, 569.696594238, 1446.05566406, 389.640441895, 399.288726807, 280.713775635, 285.994415283, 270.081329346, 133.221405029, 21.4213886261, 88.882270813, 51.56772995, 16.4487762451], [551.54284668, -67.1596832275, 389.640441895, 566.365112305, 307.316619873, 214.63873291, 148.170333862, 141.345001221, 126.238937378, 139.512893677, 89.4162521362, 52.3453330994, 31.264175415], [115.1353302, 161.89453125, 399.288726807, 307.316619873, 410.079650879, 268.690917969, 205.268432617, 159.72026062, 129.303497314, 86.6035842896, 61.4157981873, 37.506729126, 26.3752708435], [413.007873535, 70.1741867065, 280.713775635, 214.63873291, 268.690917969, 335.269165039, 238.494064331, 175.63180542, 125.250793457, 84.7045593262, 72.6855392456, 33.3434562683, 26.9060592651], [101.327331543, 83.9627609253, 285.994415283, 148.170333862, 205.268432617, 238.494064331, 281.829864502, 204.032623291, 114.871635437, 66.600479126, 60.7450828552, 40.8382606506, 28.6789703369], [92.3525085449, 39.7423820496, 270.081329346, 141.345001221, 159.72026062, 175.63180542, 204.032623291, 233.266159058, 130.883651733, 71.8022079468, 59.8918418884, 37.7899589539, 26.9921951294], [135.450515747, 82.8557739258, 133.221405029, 126.238937378, 129.303497314, 125.250793457, 114.871635437, 130.883651733, 181.424499512, 115.919807434, 64.7590179443, 19.1232757568, 19.2799129486], [289.762695312, -95.0741729736, 21.4213886261, 139.512893677, 86.6035842896, 84.7045593262, 66.600479126, 71.8022079468, 115.919807434, 171.847869873, 95.4889526367, 40.6707954407, 25.8753967285], [63.2640991211, -47.803024292, 88.882270813, 89.4162521362, 61.4157981873, 72.6855392456, 60.7450828552, 59.8918418884, 64.7590179443, 95.4889526367, 127.957672119, 74.5620193481, 26.5044689178], [51.9981117249, -13.2992677689, 51.56772995, 52.3453330994, 37.506729126, 33.3434562683, 40.8382606506, 37.7899589539, 19.1232757568, 40.6707954407, 74.5620193481, 103.908088684, 47.0235061646], [-46.5966796875, 44.0079574585, 16.4487762451, 31.264175415, 26.3752708435, 26.9060592651, 28.6789703369, 26.9921951294, 19.2799129486, 25.8753967285, 26.5044689178, 47.0235061646, 77.7426986694]],
