{
"lowlevel": {
    "average_loudness": 0.821246564388,
    "barkbands_crest": {
        "dmean": 3.19745802879,
        "dmean2": 5.35361528397,
        "dvar": 9.59897899628,
        "dvar2": 25.6098556519,
        "max": 24.6354103088,
        "mean": 11.9236211777,
        "median": 10.813750267,
        "min": 2.27065730095,
        "var": 26.0368537903
    },
    "barkbands_flatness_db": {
        "dmean": 0.035880446434,
        "dmean2": 0.0570578053594,
        "dvar": 0.00142252224032,
        "dvar2": 0.00331085571088,
        "max": 0.410655945539,
        "mean": 0.157170593739,
        "median": 0.149733647704,
        "min": 0.0146605530754,
        "var": 0.0040873917751
    },
    "barkbands_kurtosis": {
        "dmean": 9.16197395325,
        "dmean2": 15.3382015228,
        "dvar": 293.726867676,
        "dvar2": 777.047973633,
        "max": 231.591400146,
        "mean": 13.6611633301,
        "median": 5.48854160309,
        "min": -1.88376772404,
        "var": 589.713317871
    },
    "barkbands_skewness": {
        "dmean": 1.00378274918,
        "dmean2": 1.62283980846,
        "dvar": 1.48345851898,
        "dvar2": 3.70398068428,
        "max": 13.0462732315,
        "mean": 2.63269758224,
        "median": 2.26826882362,
        "min": -7.15770053864,
        "var": 4.83311843872
    },
    "barkbands_spread": {
        "dmean": 8.77311897278,
        "dmean2": 14.6477298737,
        "dvar": 143.266876221,
        "dvar2": 361.626922607,
        "max": 91.9313659668,
        "mean": 19.5199985504,
        "median": 15.8762044907,
        "min": 0.477388888597,
        "var": 203.367782593
    },
    "dissonance": {
        "dmean": 0.0173969957978,
        "dmean2": 0.0286092720926,
        "dvar": 0.00034125772072,
        "dvar2": 0.000868200149853,
        "max": 0.500000059605,
        "mean": 0.464380323887,
        "median": 0.470414996147,
        "min": 0.120974190533,
        "var": 0.000808209122624
    },
    "dynamic_complexity": 3.64802145958,
    "erbbands_crest": {
        "dmean": 2.54055404663,
        "dmean2": 3.98572421074,
        "dvar": 6.6821269989,
        "dvar2": 15.5703287125,
        "max": 31.0533733368,
        "mean": 8.85461616516,
        "median": 7.74579334259,
        "min": 2.17054820061,
        "var": 21.5552444458
    },
    "erbbands_flatness_db": {
        "dmean": 0.0209897663444,
        "dmean2": 0.029574079439,
        "dvar": 0.0005263753701,
        "dvar2": 0.000927654153202,
        "max": 0.486807882786,
        "mean": 0.135492175817,
        "median": 0.12024179101,
        "min": 0.0436592139304,
        "var": 0.00392895611003
    },
    "erbbands_kurtosis": {
        "dmean": 0.894303321838,
        "dmean2": 1.39256453514,
        "dvar": 2.79842543602,
        "dvar2": 6.03251171112,
        "max": 41.7340736389,
        "mean": 0.294485449791,
        "median": -0.471222639084,
        "min": -1.84724271297,
        "var": 8.02109718323
    },
    "erbbands_skewness": {
        "dmean": 0.371417760849,
        "dmean2": 0.571020901203,
        "dvar": 0.153201386333,
        "dvar2": 0.3476767838,
        "max": 5.80523586273,
        "mean": 0.319252938032,
        "median": 0.314735472202,
        "min": -3.71756529808,
        "var": 0.625306427479
    },
    "erbbands_spread": {
        "dmean": 12.1579313278,
        "dmean2": 17.76820755,
        "dvar": 185.509567261,
        "dvar2": 384.666259766,
        "max": 168.621520996,
        "mean": 52.9475784302,
        "median": 50.4584465027,
        "min": 1.372646451,
        "var": 724.581848145
    },
    "hfc": {
        "dmean": 12.28328228,
        "dmean2": 18.5393276215,
        "dvar": 614.522766113,
        "dvar2": 1578.92163086,
        "max": 231.99899292,
        "mean": 21.544095993,
        "median": 13.5679292679,
        "min": 1.17726779998e-16,
        "var": 755.622680664
    },
    "melbands_crest": {
        "dmean": 4.02621221542,
        "dmean2": 6.38156318665,
        "dvar": 14.0701236725,
        "dvar2": 34.8430366516,
        "max": 37.181137085,
        "mean": 18.1799201965,
        "median": 16.8489971161,
        "min": 1.69035744667,
        "var": 57.8928489685
    },
    "melbands_flatness_db": {
        "dmean": 0.0429132543504,
        "dmean2": 0.0688251033425,
        "dvar": 0.00228040502407,
        "dvar2": 0.00540899299085,
        "max": 0.502511680126,
        "mean": 0.235221743584,
        "median": 0.232082352042,
        "min": 0.00554617354646,
        "var": 0.00665139080957
    },
    "melbands_kurtosis": {
        "dmean": 28.7589893341,
        "dmean2": 46.8682060242,
        "dvar": 3718.13134766,
        "dvar2": 8420.27441406,
        "max": 949.200134277,
        "mean": 47.381980896,
        "median": 18.5032634735,
        "min": -1.87698578835,
        "var": 8174.61914062
    },
    "melbands_skewness": {
        "dmean": 1.46171355247,
        "dmean2": 2.3123819828,
        "dvar": 3.71007609367,
        "dvar2": 8.18812561035,
        "max": 26.3018875122,
        "mean": 4.48578739166,
        "median": 3.6669485569,
        "min": -2.11584162712,
        "var": 12.5781698227
    },
    "melbands_spread": {
        "dmean": 8.31436347961,
        "dmean2": 13.8977270126,
        "dvar": 164.605957031,
        "dvar2": 407.918426514,
        "max": 170.440628052,
        "mean": 17.8075294495,
        "median": 11.825802803,
        "min": 0.392310917377,
        "var": 343.746337891
    },
    "pitch_salience": {
        "dmean": 0.0943949073553,
        "dmean2": 0.153159841895,
        "dvar": 0.00815007463098,
        "dvar2": 0.0207159090787,
        "max": 0.962304413319,
        "mean": 0.500022232533,
        "median": 0.518571317196,
        "min": 0.0594544410706,
        "var": 0.0263432245702
    },
    "silence_rate_20dB": {
        "dmean": 0,
        "dmean2": 0,
        "dvar": 0,
        "dvar2": 0,
        "max": 1,
        "mean": 1,
        "median": 1,
        "min": 1,
        "var": 0
    },
    "silence_rate_30dB": {
        "dmean": 0.0651507377625,
        "dmean2": 0.130318135023,
        "dvar": 0.0609040223062,
        "dvar2": 0.11562640965,
        "max": 1,
        "mean": 0.907906472683,
        "median": 1,
        "min": 0,
        "var": 0.0836135745049
    },
    "silence_rate_60dB": {
        "dmean": 0.0281042419374,
        "dmean2": 0.0562156625092,
        "dvar": 0.0273176226765,
        "dvar2": 0.0586839430034,
        "max": 1,
        "mean": 0.0840464904904,
        "median": 0,
        "min": 0,
        "var": 0.0769723728299
    },
    "spectral_centroid": {
        "dmean": 330.09197998,
        "dmean2": 520.853027344,
        "dvar": 180355.703125,
        "dvar2": 418102.875,
        "max": 10771.2841797,
        "mean": 1268.49389648,
        "median": 1103.7388916,
        "min": 153.493591309,
        "var": 512735.625
    },
    "spectral_complexity": {
        "dmean": 4.91977500916,
        "dmean2": 7.36195230484,
        "dvar": 46.3621406555,
        "dvar2": 95.9823760986,
        "max": 61,
        "mean": 15.4149951935,
        "median": 13,
        "min": 0,
        "var": 127.379730225
    },
    "spectral_decrease": {
        "dmean": 5.04173680582e-09,
        "dmean2": 8.19647461014e-09,
        "dvar": 7.41089507283e-17,
        "dvar2": 1.98991809172e-16,
        "max": 1.6462015185e-16,
        "mean": -1.04706092685e-08,
        "median": -7.61099094859e-09,
        "min": -8.68309228963e-08,
        "var": 1.27532536321e-16
    },
    "spectral_energy": {
        "dmean": 0.0194696299732,
        "dmean2": 0.0310629103333,
        "dvar": 0.00103958323598,
        "dvar2": 0.00276152067818,
        "max": 0.330556660891,
        "mean": 0.0414725616574,
        "median": 0.03018595092,
        "min": 1.07494955957e-20,
        "var": 0.00192082347348
    },
    "spectral_energyband_high": {
        "dmean": 0.00108593632467,
        "dmean2": 0.00171396380756,
        "dvar": 6.01878309681e-06,
        "dvar2": 1.57818030857e-05,
        "max": 0.0218174364418,
        "mean": 0.00128746463452,
        "median": 0.000439425668446,
        "min": 7.90460417263e-21,
        "var": 5.88242892263e-06
    },
    "spectral_energyband_low": {
        "dmean": 0.017579248175,
        "dmean2": 0.0302363038063,
        "dvar": 0.00120468682144,
        "dvar2": 0.00328917102888,
        "max": 0.327133476734,
        "mean": 0.0267963837832,
        "median": 0.0151336817071,
        "min": 7.41676168363e-23,
        "var": 0.00157455680892
    },
    "spectral_energyband_middle_high": {
        "dmean": 0.00180252653081,
        "dmean2": 0.00290488475002,
        "dvar": 1.2527252693e-05,
        "dvar2": 3.25890723616e-05,
        "max": 0.0470471009612,
        "mean": 0.00334893353283,
        "median": 0.00203942297958,
        "min": 1.58239580499e-21,
        "var": 1.63255372172e-05
    },
    "spectral_energyband_middle_low": {
        "dmean": 0.00563781382516,
        "dmean2": 0.00896130967885,
        "dvar": 8.28955380712e-05,
        "dvar2": 0.000219218971324,
        "max": 0.113065168262,
        "mean": 0.0127132246271,
        "median": 0.00943034514785,
        "min": 3.06144926631e-22,
        "var": 0.000157318092533
    },
    "spectral_entropy": {
        "dmean": 0.256034374237,
        "dmean2": 0.376290887594,
        "dvar": 0.0839341506362,
        "dvar2": 0.178510993719,
        "max": 9.79940032959,
        "mean": 7.53771591187,
        "median": 7.59478282928,
        "min": 5.39832830429,
        "var": 0.292000561953
    },
    "spectral_flux": {
        "dmean": 0.0382592491806,
        "dmean2": 0.0582250207663,
        "dvar": 0.00213086907752,
        "dvar2": 0.00484430789948,
        "max": 0.484119445086,
        "mean": 0.0964160934091,
        "median": 0.0764540880919,
        "min": 1.036797731e-10,
        "var": 0.00648000091314
    },
    "spectral_kurtosis": {
        "dmean": 1.75884222984,
        "dmean2": 2.8661262989,
        "dvar": 14.7595758438,
        "dvar2": 37.284198761,
        "max": 160.26020813,
        "mean": 4.33091688156,
        "median": 3.04116439819,
        "min": -1.18894231319,
        "var": 47.1225395203
    },
    "spectral_rms": {
        "dmean": 0.00126899371389,
        "dmean2": 0.00191672251094,
        "dvar": 2.39212522501e-06,
        "dvar2": 5.91163598074e-06,
        "max": 0.0179581269622,
        "mean": 0.00557981012389,
        "median": 0.00542675843462,
        "min": 3.23841214261e-12,
        "var": 9.32684906729e-06
    },
    "spectral_rolloff": {
        "dmean": 698.465942383,
        "dmean2": 1247.69372559,
        "dvar": 2081854.25,
        "dvar2": 5443571,
        "max": 18647.7539062,
        "mean": 1190.65258789,
        "median": 473.73046875,
        "min": 64.599609375,
        "var": 3123073.5
    },
    "spectral_skewness": {
        "dmean": 0.240387693048,
        "dmean2": 0.382473737001,
        "dvar": 0.0928232222795,
        "dvar2": 0.222147032619,
        "max": 9.75085353851,
        "mean": 1.51536381245,
        "median": 1.41698682308,
        "min": 0.0544846169651,
        "var": 0.367403358221
    },
    "spectral_spread": {
        "dmean": 912731,
        "dmean2": 1276786,
        "dvar": 1.25185451622e+12,
        "dvar2": 2.2940614656e+12,
        "max": 40965628,
        "mean": 5572340.5,
        "median": 5271351.5,
        "min": 542052.8125,
        "var": 4.24727648666e+12
    },
    "spectral_strongpeak": {
        "dmean": 0.345149636269,
        "dmean2": 0.594735085964,
        "dvar": 0.543941438198,
        "dvar2": 1.40453338623,
        "max": 12.7272472382,
        "mean": 0.592570126057,
        "median": 0.348360925913,
        "min": 0,
        "var": 0.664972662926
    },
    "zerocrossingrate": {
        "dmean": 0.0138932485133,
        "dmean2": 0.0179110076278,
        "dvar": 0.000227480049944,
        "dvar2": 0.000334797339747,
        "max": 0.7265625,
        "mean": 0.0555844791234,
        "median": 0.04736328125,
        "min": 0.001953125,
        "var": 0.00206886581145
    },
    "barkbands": {
        "dmean": [0.000684843224008, 0.0139252934605, 0.00510762119666, 0.00365700083785, 0.00204837252386, 0.000858183659147, 0.000558822939638, 0.000276564096566, 0.000497331900988, 0.000349222274963, 0.00024055330141, 0.000235938801779, 0.000273660611128, 0.000218631350435, 0.000230122488574, 0.000156062742462, 0.000227294978686, 0.000172585539985, 0.000218893561396, 0.000220022135181, 0.000227213036851, 0.00017731510161, 0.000174132423126, 0.000166495185113, 0.000172383603058, 0.000134168119985, 1.76516186912e-05],
        "dmean2": [0.00101626582909, 0.0253745354712, 0.00805894006044, 0.00625225761905, 0.00332492729649, 0.00127322669141, 0.000851216551382, 0.000436817179434, 0.000758170033805, 0.000574270321522, 0.00038226597826, 0.000377056509024, 0.000443097611424, 0.000351816532202, 0.000385652296245, 0.000256924220594, 0.000365303043509, 0.000287052738713, 0.000366815831512, 0.000359291123459, 0.000373740622308, 0.000287822447717, 0.000291065487545, 0.000276511738775, 0.000274642312434, 0.000212394981645, 3.03018859995e-05],
        "dvar": [1.49496986523e-06, 0.000906831293833, 0.000146557271364, 5.72056087549e-05, 1.26938275571e-05, 2.38628058469e-06, 1.13396481538e-06, 5.26657402133e-07, 2.67390669251e-06, 8.4711166437e-07, 2.32444705262e-07, 2.87077511985e-07, 5.57047599159e-07, 6.40183486667e-07, 2.77761898815e-07, 1.54653847062e-07, 2.17537021285e-07, 1.50892404349e-07, 2.7159208571e-07, 2.25536510357e-07, 2.84797266659e-07, 1.77175493832e-07, 1.72079253957e-07, 1.8698055726e-07, 1.92992501979e-07, 9.1476273667e-08, 1.94521820873e-09],
        "dvar2": [4.03164176532e-06, 0.00287644192576, 0.000316887104418, 0.000160344061442, 3.32729759975e-05, 4.96220536661e-06, 2.55240183833e-06, 1.07445225694e-06, 6.26561541139e-06, 2.09534459827e-06, 5.58307078791e-07, 6.96317158599e-07, 1.37675681344e-06, 1.58469731559e-06, 7.16494014341e-07, 4.14220551193e-07, 5.36144511898e-07, 3.91331440142e-07, 7.08170205144e-07, 5.64075094189e-07, 7.49514470044e-07, 4.40205184304e-07, 4.70426272159e-07, 5.11838891271e-07, 5.04711522353e-07, 2.29434945709e-07, 5.20930898418e-09],
        "max": [0.0102054104209, 0.265885859728, 0.136128589511, 0.0841936916113, 0.0722568482161, 0.0339423343539, 0.0173242855817, 0.0233213678002, 0.0347512811422, 0.0265109650791, 0.0106470072642, 0.0139821292832, 0.0155006051064, 0.025039575994, 0.00849161483347, 0.0128866918385, 0.00747626787052, 0.00750658288598, 0.00890101585537, 0.0101529015228, 0.00847658794373, 0.00415603723377, 0.00428325962275, 0.00459593394771, 0.00613397778943, 0.00302761187777, 0.000818037602585],
        "mean": [0.00124017242342, 0.016398537904, 0.00658252090216, 0.00451676314697, 0.00368392234668, 0.00185304868501, 0.00122407823801, 0.000440030795289, 0.000799752189778, 0.000485698314151, 0.000368700391846, 0.000332602736307, 0.000381439109333, 0.000342435931088, 0.000315760727972, 0.000202685929253, 0.000324468797771, 0.000235317012994, 0.000279225641862, 0.000310780509608, 0.000269963988103, 0.000194429900148, 0.000179589900654, 0.000171690960997, 0.000186489487533, 0.000137063238071, 1.54430017574e-05],
        "median": [0.000150896332343, 0.00764391757548, 0.00160148274153, 0.0015745429555, 0.00158228562213, 0.00072518287925, 0.000490745238494, 0.00011739837646, 0.000160609110026, 0.000125850667246, 0.000132065644721, 0.000128270403366, 8.98455400602e-05, 7.05739148543e-05, 0.000102883197542, 7.29531602701e-05, 0.000110632718133, 9.1148474894e-05, 9.52671907726e-05, 0.000122238736367, 9.29032321437e-05, 5.31666519237e-05, 5.30805482413e-05, 4.46214726253e-05, 3.41375234711e-05, 1.8082171664e-05, 8.43573900511e-07],
        "min": [5.43628701691e-24, 4.63471054164e-23, 1.59701892591e-23, 2.36305051207e-23, 5.61844975163e-23, 6.33713422181e-23, 5.78100369193e-23, 2.96124342096e-23, 5.36205796674e-23, 4.56041246615e-23, 1.56561424705e-22, 3.88111550542e-23, 7.64550042279e-23, 2.31832437067e-22, 7.12016071177e-23, 1.57691628879e-22, 1.45595324111e-22, 1.42433418142e-22, 3.89826155497e-22, 3.2818312548e-22, 7.50876533193e-22, 4.78885572957e-22, 3.85517586559e-22, 7.87024689469e-22, 1.1972804239e-21, 1.74639031891e-21, 2.61910787042e-21],
        "var": [3.28803184857e-06, 0.000811322359368, 0.000177747540874, 6.03818079981e-05, 2.34288363572e-05, 7.87631415733e-06, 3.62774198948e-06, 1.32907234729e-06, 4.78574111185e-06, 1.50216374095e-06, 4.76960053675e-07, 4.13488493223e-07, 7.10987251296e-07, 9.44611372233e-07, 3.71149837974e-07, 1.44742941188e-07, 3.19640292901e-07, 1.90775011788e-07, 3.46055031741e-07, 2.94074567364e-07, 2.81995369278e-07, 1.80393612936e-07, 1.44792792867e-07, 1.52673891307e-07, 1.8368986332e-07, 9.13519002665e-08, 1.62901703238e-09]
    },
    "erbbands": {
        "dmean": [0.439537018538, 2.96800541878, 6.05877590179, 9.55002307892, 8.06467914581, 7.91411352158, 5.5323638916, 7.41493940353, 8.26811885834, 7.16722917557, 7.44245672226, 10.6639070511, 10.8885450363, 11.0558958054, 8.23777198792, 9.4125957489, 12.5224275589, 12.5496511459, 8.81522941589, 11.5413732529, 10.0403785706, 11.8827524185, 8.745885849, 10.7415466309, 10.5703630447, 10.814907074, 9.67729568481, 8.12453365326, 6.5021443367, 5.65729093552, 4.78665590286, 3.82946228981, 2.6250436306, 2.12490367889, 1.09815001488, 0.580013275146, 0.252343684435, 0.0488737560809, 0.00261405762285, 5.80157829972e-05],
        "dmean2": [0.783007979393, 5.34445905685, 9.39323139191, 15.8575220108, 13.5797939301, 12.6368350983, 8.50287342072, 11.1218614578, 12.3876953125, 11.2069807053, 11.3217954636, 16.3107280731, 17.5169811249, 17.6159343719, 13.5357122421, 15.0608787537, 20.1678180695, 20.1024227142, 14.8199882507, 18.9893474579, 16.6445121765, 18.9613742828, 14.4195833206, 17.8277168274, 17.6072845459, 17.7290096283, 15.8717308044, 13.4377994537, 10.5909547806, 9.29240894318, 8.09226608276, 6.49837589264, 4.32998466492, 3.53587770462, 1.70212852955, 0.927016437054, 0.394053936005, 0.0807141214609, 0.00445647304878, 9.180764755e-05],
        "dvar": [0.828939676285, 51.9641532898, 219.290802002, 372.828613281, 243.420074463, 207.06489563, 114.476669312, 211.541534424, 264.011474609, 206.359161377, 462.462615967, 1405.99963379, 978.631103516, 729.383361816, 267.376739502, 442.411376953, 1190.03723145, 2023.70874023, 489.840637207, 646.49987793, 556.253723145, 646.279296875, 381.868499756, 719.484619141, 598.474121094, 542.285339355, 494.16506958, 390.512969971, 246.693389893, 165.314208984, 138.169754028, 100.672225952, 45.4006729126, 33.5157165527, 6.54321479797, 1.71000885963, 0.344765007496, 0.0128813078627, 4.11576547776e-05, 1.28354225026e-08],
        "dvar2": [2.62088894844, 154.353347778, 463.189880371, 1012.8536377, 676.087890625, 535.984802246, 266.85244751, 449.444213867, 555.423156738, 500.820617676, 920.882202148, 3252.96777344, 2405.60083008, 1763.57751465, 690.957763672, 1065.38720703, 2908.36083984, 4941.98046875, 1296.4979248, 1665.04272461, 1498.40588379, 1536.02111816, 972.695922852, 1782.16137695, 1558.01037598, 1390.78161621, 1276.57348633, 1033.11071777, 620.208679199, 425.284301758, 381.70892334, 281.424835205, 121.930503845, 89.7447433472, 16.5664272308, 4.3385052681, 0.842544257641, 0.0337770059705, 0.00010886140808, 3.06334335676e-08],
        "max": [6.39019727707, 71.0000915527, 145.610061646, 216.499603271, 289.791168213, 245.306365967, 293.902526855, 389.483642578, 265.177520752, 372.054962158, 638.641723633, 873.907287598, 1038.17834473, 681.973632812, 311.040374756, 427.409454346, 749.887268066, 1147.82312012, 373.008728027, 432.230957031, 690.796691895, 409.784790039, 330.659423828, 670.805908203, 544.363342285, 506.322814941, 412.794006348, 340.667053223, 180.576477051, 115.013496399, 112.217910767, 120.33896637, 59.8316879272, 68.2594223022, 38.2569389343, 12.5733728409, 6.58561325073, 1.75538742542, 0.100702941418, 0.00165163166821],
        "mean": [0.547404408455, 3.30970907211, 7.79180669785, 12.4057340622, 11.9888601303, 14.3237504959, 10.626791954, 16.0397434235, 18.6712017059, 14.87408638, 12.6409072876, 17.3679409027, 15.9381017685, 16.9020290375, 13.0165205002, 13.7700004578, 17.9645709991, 20.7590961456, 11.3386392593, 17.0199718475, 13.887887001, 17.4351387024, 12.591796875, 14.6567583084, 14.4735374451, 14.8474674225, 12.0322961807, 9.28670120239, 7.14048051834, 5.96644830704, 4.88781547546, 3.96755242348, 2.70502853394, 2.18961048126, 1.22043859959, 0.607600212097, 0.2608050704, 0.0477176196873, 0.0023176164832, 9.37008589972e-05],
        "median": [0.14698831737, 1.26759767532, 1.89667105675, 5.32527017593, 5.51859855652, 5.26633930206, 4.66643285751, 5.74864053726, 7.26056098938, 5.82559728622, 3.30247044563, 3.68367552757, 4.99020910263, 4.98951339722, 6.66579627991, 5.75259876251, 5.11453342438, 4.67081975937, 4.29548740387, 5.27249622345, 6.1619348526, 5.92713880539, 5.27629613876, 5.18143415451, 5.73266506195, 5.86432647705, 4.23169898987, 2.96660590172, 1.97017216682, 1.48579490185, 1.46091115475, 1.0983222723, 0.678328871727, 0.442873746157, 0.202130675316, 0.0908685550094, 0.0320933312178, 0.00528890173882, 0.000178710892214, 4.78276815556e-05],
        "min": [1.35635981689e-21, 9.99940595438e-21, 1.97048687545e-20, 5.1092881717e-20, 5.09755060806e-20, 2.07187857134e-19, 6.73822154166e-19, 3.52939691855e-19, 2.95283781443e-19, 1.36819643783e-18, 8.13939777392e-19, 9.70160539192e-19, 1.60274836021e-18, 2.26082544161e-18, 5.71930211748e-18, 2.02073854356e-18, 2.87274718899e-18, 1.11001368176e-17, 6.06316399325e-18, 4.85213559412e-18, 9.50019001469e-18, 1.01402871881e-17, 7.68902098804e-18, 1.88950451958e-17, 1.59444141959e-17, 1.54337195031e-17, 3.53508836577e-17, 2.09789100278e-17, 1.72563309192e-17, 1.25946834396e-17, 1.18213746188e-17, 1.52663924457e-17, 1.32640098671e-17, 1.26388805269e-17, 1.00445683292e-17, 6.54831989818e-18, 3.1634674667e-18, 1.39406878624e-18, 3.64841373303e-19, 3.67033447163e-20],
        "var": [0.779220402241, 45.9550552368, 265.30255127, 412.812103271, 300.249633789, 409.908172607, 266.482971191, 672.8359375, 907.490844727, 558.239257812, 1110.94091797, 2472.90307617, 1682.9432373, 1329.47229004, 411.519592285, 641.069274902, 1515.47827148, 3152.21166992, 518.738037109, 938.394287109, 535.026000977, 1025.10229492, 487.58581543, 1182.39099121, 734.667297363, 671.087646484, 522.291503906, 370.637115479, 244.899169922, 159.162597656, 111.389686584, 78.5403366089, 38.6699638367, 28.5466899872, 7.00032234192, 1.71393728256, 0.354024261236, 0.0116013502702, 3.57262360922e-05, 1.75308390027e-08]
    },
    "gfcc": {
        "mean": [-11.5172271729, 77.0566253662, -95.1397857666, 39.8693389893, -50.7215919495, 13.5498914719, -35.6624755859, 8.91367530823, -27.0332317352, 5.19485902786, -16.2521781921, 3.26095414162, -11.5009174347],
        "cov": [[12800.4765625, -607.148742676, 1476.43884277, 685.131225586, 74.9494094849, 593.85144043, -133.361709595, 400.198944092, -319.802062988, 311.605560303, -348.09173584, 78.1444473267, -224.98425293], [-607.148742676, 1597.0189209, -266.830963135, -170.908981323, 8.02279186249, -144.235977173, 114.075454712, -155.48626709, 118.71521759, -81.0331268311, 164.768234253, -89.0861587524, 147.339828491], [1476.43884277, -266.830963135, 1559.30297852, 285.894378662, 247.189163208, 382.286529541, 30.1307411194, 246.583496094, -105.867538452, 26.268743515, -116.188537598, 120.763389587, 25.5879878998], [685.131225586, -170.908981323, 285.894378662, 591.39654541, 164.251052856, 21.5661716461, -57.4822006226, 55.0805625916, -11.4818429947, 1.76120257378, -36.7029418945, -4.50981664658, -25.7575244904], [74.9494094849, 8.02279186249, 247.189163208, 164.251052856, 341.67779541, 144.164611816, 36.1526451111, 56.8883247375, 25.4886379242, 57.6231918335, 7.90214014053, 10.2829504013, -5.7797036171], [593.85144043, -144.235977173, 382.286529541, 21.5661716461, 144.164611816, 351.520843506, 121.501220703, 139.487762451, -7.44817304611, 45.7065963745, -31.1965560913, 55.8807830811, 30.9037094116], [-133.361709595, 114.075454712, 30.1307411194, -57.4822006226, 36.1526451111, 121.501220703, 262.151092529, 119.109825134, 52.9736747742, -12.2106819153, 28.0911865234, 43.0120735168, 68.8701477051], [400.198944092, -155.48626709, 246.583496094, 55.0805625916, 56.8883247375, 139.487762451, 119.109825134, 243.195297241, 46.4609947205, 60.2882881165, 11.3294591904, 66.0235137939, 32.9469413757], [-319.802062988, 118.71521759, -105.867538452, -11.4818429947, 25.4886379242, -7.44817304611, 52.9736747742, 46.4609947205, 146.848312378, 69.227897644, 68.7984237671, 8.7459526062, 38.2119674683], [311.605560303, -81.0331268311, 26.268743515, 1.76120257378, 57.6231918335, 45.7065963745, -12.2106819153, 60.2882881165, 69.227897644, 165.632492065, 64.9606018066, 26.0258178711, -5.04588413239], [-348.09173584, 164.768234253, -116.188537598, -36.7029418945, 7.90214014053, -31.1965560913, 28.0911865234, 11.3294591904, 68.7984237671, 64.9606018066, 151.168869019, 46.2475585938, 49.9280967712], [78.1444473267, -89.0861587524, 120.763389587, -4.50981664658, 10.2829504013, 55.8807830811, 43.0120735168, 66.0235137939, 8.7459526062, 26.0258178711, 46.2475585938, 133.488845825, 70.2915496826], [-224.98425293, 147.339828491, 25.5879878998, -25.7575244904, -5.7797036171, 30.9037094116, 68.8701477051, 32.9469413757, 38.2119674683, -5.04588413239, 49.9280967712, 70.2915496826, 134.427703857]],
        "icov": [[0.000137889597681, -0.000152936918312, -6.36774871055e-07, -0.000199237809284, 0.000243243557634, -0.000180888077011, 2.76893661066e-05, -0.000157614529599, 0.000415508227888, -0.000610780785792, 0.000460165814729, -0.000270819873549, 0.000266499177087], [-0.000152936918312, 0.00144206453115, -0.000297276332276, 0.00052095123101, -0.000622112478595, 0.000594664423261, -0.00058177660685, 0.000982353230938, -0.00100642815232, 0.00151725753676, -0.00212483131327, 0.0023317518644, -0.00187333731446], [-6.36774871055e-07, -0.000297276332276, 0.00131026783492, -0.000350571615854, -0.000312319025397, -0.000934888899792, 0.000756574911065, -0.00110286159907, 0.00089139706688, -0.000106681734906, 0.000965453276876, -0.00106875714846, 3.52482020389e-05], [-0.000199237809284, 0.00052095123101, -0.000350571615854, 0.00267726159655, -0.00165568303782, 0.000994796748273, 0.000674448150676, -0.0004826549266, -0.000947506516241, 0.00171833799686, -0.000812774698716, 0.00100304873195, -0.000740626477636], [0.000243243557634, -0.000622112478595, -0.000312319025397, -0.00165568303782, 0.0051676039584, -0.00214991997927, -0.000409426866099, 0.000564587651752, 6.83899052092e-05, -0.00220518466085, 0.000466010213131, -0.00057945685694, 0.00164668669458], [-0.000180888077011, 0.000594664423261, -0.000934888899792, 0.000994796748273, -0.00214991997927, 0.00662236148492, -0.00255278288387, -0.000476399611216, 0.000832915655337, -0.00120038178284, 0.00097548647318, 0.000583844666835, -0.00172562757507], [2.76893661066e-05, -0.00058177660685, 0.000756574911065, 0.000674448150676, -0.000409426866099, -0.00255278288387, 0.00803295057267, -0.00394281093031, -0.00168317905627, 0.0033682663925, -0.000499673886225, -0.000534927297849, -0.000840446795337], [-0.000157614529599, 0.000982353230938, -0.00110286159907, -0.0004826549266, 0.000564587651752, -0.000476399611216, -0.00394281093031, 0.00944805797189, -0.00277387374081, -0.00139983929694, -0.000342396670021, -0.000923626299482, -3.88270891563e-05], [0.000415508227888, -0.00100642815232, 0.00089139706688, -0.000947506516241, 6.83899052092e-05, 0.000832915655337, -0.00168317905627, -0.00277387374081, 0.0145140932873, -0.00714275147766, -1.42759581649e-05, 0.00150364544243, -0.0023738599848], [-0.000610780785792, 0.00151725753676, -0.000106681734906, 0.00171833799686, -0.00220518466085, -0.00120038178284, 0.0033682663925, -0.00139983929694, -0.00714275147766, 0.0156123936176, -0.00762700429186, 0.00119192921557, 0.00128884078003], [0.000460165814729, -0.00212483131327, 0.000965453276876, -0.000812774698716, 0.000466010213131, 0.00097548647318, -0.000499673886225, -0.000342396670021, -1.42759581649e-05, -0.00762700429186, 0.0161584466696, -0.00693865725771, 0.00023978005629], [-0.000270819873549, 0.0023317518644, -0.00106875714846, 0.00100304873195, -0.00057945685694, 0.000583844666835, -0.000534927297849, -0.000923626299482, 0.00150364544243, 0.00119192921557, -0.00693865725771, 0.01759451814, -0.009277719073], [0.000266499177087, -0.00187333731446, 3.52482020389e-05, -0.000740626477636, 0.00164668669458, -0.00172562757507, -0.000840446795337, -3.88270891563e-05, -0.0023738599848, 0.00128884078003, 0.00023978005629, -0.009277719073, 0.0161826014519]]
    },
    "melbands": {
        "dmean": [0.00380434747785, 0.00331640732475, 0.00154118123464, 0.000525655865204, 0.000224040777539, 0.000167031059391, 0.000126204657136, 7.19392774045e-05, 7.12016189937e-05, 6.45536929369e-05, 5.43731148355e-05, 4.49220788141e-05, 3.06388174067e-05, 2.63123365585e-05, 2.61590666923e-05, 2.85935238935e-05, 2.29940415011e-05, 1.33528346851e-05, 1.68861515704e-05, 1.31428050736e-05, 1.2571703337e-05, 1.42657590914e-05, 8.24527614895e-06, 8.95462108019e-06, 8.9859477157e-06, 8.39953463583e-06, 7.87584758655e-06, 7.08423522155e-06, 6.3576408138e-06, 5.72881390326e-06, 4.41272504759e-06, 3.92097990698e-06, 3.24748748426e-06, 3.24874031321e-06, 2.77027447737e-06, 2.69624592875e-06, 2.25974849855e-06, 1.82459734788e-06, 1.88640160559e-06, 1.80801589522e-06],
        "dmean2": [0.00691044470295, 0.0051606814377, 0.00253193709068, 0.000862310174853, 0.000347748893546, 0.000249402743066, 0.000189307480468, 0.000113680158393, 0.000107507410576, 9.91966880974e-05, 8.76962512848e-05, 7.18977971701e-05, 4.9689788284e-05, 4.28981475125e-05, 4.13551169913e-05, 4.59307302663e-05, 3.69941044482e-05, 2.23344231927e-05, 2.81863067357e-05, 2.14679421333e-05, 2.09935387829e-05, 2.26276351896e-05, 1.36651578941e-05, 1.4829716747e-05, 1.50532277985e-05, 1.41838027048e-05, 1.30118687593e-05, 1.17392228276e-05, 1.06041006802e-05, 9.47689932218e-06, 7.32793614588e-06, 6.45182444714e-06, 5.38135327588e-06, 5.39607663086e-06, 4.6661361921e-06, 4.74979970022e-06, 3.79671791961e-06, 2.97462861454e-06, 3.24369284499e-06, 2.98961754197e-06],
        "dvar": [6.05934401392e-05, 6.45060354145e-05, 9.4086099125e-06, 8.38017285787e-07, 1.80285184115e-07, 9.95600615283e-08, 5.79773562492e-08, 2.11186765853e-08, 4.73953321034e-08, 4.68617109561e-08, 2.44819897688e-08, 1.32633681815e-08, 3.87328524809e-09, 2.94575497328e-09, 6.14443607105e-09, 5.95590332608e-09, 7.96609178622e-09, 1.21190302238e-09, 1.53618517906e-09, 8.88901841023e-10, 8.44613656792e-10, 9.51270062721e-10, 3.51586981751e-10, 4.5268327975e-10, 5.69832847575e-10, 3.97033766975e-10, 3.31232180573e-10, 2.4688748268e-10, 2.11636264069e-10, 1.93122143277e-10, 1.1930184618e-10, 9.25592102963e-11, 6.09842870647e-11, 5.39566655244e-11, 4.33606449357e-11, 5.3012878809e-11, 3.51702555967e-11, 2.12335097421e-11, 2.69813824061e-11, 2.36949695975e-11],
        "dvar2": [0.000196320936084, 0.000152280263137, 2.5141180231e-05, 2.24400673687e-06, 4.41858787781e-07, 2.08746399721e-07, 1.23898630022e-07, 5.22374428158e-08, 1.00656372126e-07, 1.10037355228e-07, 6.03335763572e-08, 3.19868540544e-08, 9.66960467252e-09, 7.6202715249e-09, 1.41468650128e-08, 1.44618015341e-08, 1.96240392825e-08, 3.2418123741e-09, 3.78348730123e-09, 2.320393655e-09, 2.27168683864e-09, 2.17927320634e-09, 8.96868246336e-10, 1.13050990791e-09, 1.40486677846e-09, 1.05272879303e-09, 8.49090631139e-10, 6.38396335795e-10, 5.44522760215e-10, 5.01431451916e-10, 3.1822183777e-10, 2.35080954702e-10, 1.52252363494e-10, 1.41733777492e-10, 1.18459742016e-10, 1.51722218122e-10, 9.68782276622e-11, 5.60575683095e-11, 7.47489709019e-11, 6.29289051424e-11],
        "max": [0.0542994961143, 0.0783657133579, 0.0347581319511, 0.0195765681565, 0.0111607937142, 0.0078521668911, 0.00401416094974, 0.00366773712449, 0.00483636697754, 0.00486695766449, 0.00512966606766, 0.00293893949129, 0.00133895874023, 0.00179357430898, 0.00184345594607, 0.00169612921309, 0.00262549403124, 0.00080703466665, 0.000774211017415, 0.000579108891543, 0.00081571447663, 0.000468894286314, 0.000412528752349, 0.000517538457643, 0.000646434549708, 0.000404489343055, 0.000411501765484, 0.000318016740493, 0.000225545474677, 0.000274747464573, 0.000215190535528, 0.000119678676128, 7.6576587162e-05, 7.72230196162e-05, 7.06077407813e-05, 7.42608681321e-05, 7.190193719e-05, 4.21263430326e-05, 6.13113734289e-05, 5.51665034436e-05],
        "mean": [0.00463800225407, 0.00429240288213, 0.00216355454177, 0.00093008071417, 0.00043461745372, 0.000365017185686, 0.000287051982014, 0.000141765456647, 0.000116383089335, 0.000104627069959, 7.72843777668e-05, 6.66948835715e-05, 4.75656779599e-05, 3.74075461878e-05, 3.54055628122e-05, 4.40693256678e-05, 3.62281607522e-05, 1.55675606948e-05, 2.34453909798e-05, 1.81320574484e-05, 1.62109608937e-05, 2.03976669582e-05, 1.11949048005e-05, 1.21805223898e-05, 1.16620203698e-05, 1.04126620499e-05, 1.08556851046e-05, 9.24353207665e-06, 7.75385979068e-06, 6.47329352432e-06, 4.94854930366e-06, 4.21952609031e-06, 3.41274471793e-06, 3.30737361764e-06, 2.80109452433e-06, 2.65243875219e-06, 2.32216211771e-06, 1.87663238194e-06, 1.80866879873e-06, 1.85926000995e-06],
        "median": [0.00185921578668, 0.00106359447818, 0.00100802374072, 0.000415140762925, 0.000186497607501, 0.000132788845804, 0.000121860677609, 5.47371346329e-05, 2.21426034841e-05, 2.2705673473e-05, 2.20479942072e-05, 1.76178946276e-05, 2.05426367756e-05, 1.53026958287e-05, 1.07830528577e-05, 8.68466941029e-06, 7.57146472097e-06, 5.02442435391e-06, 7.07461776983e-06, 5.86504938838e-06, 6.07513175055e-06, 5.90374065723e-06, 4.13719135395e-06, 4.51050073025e-06, 3.53136010744e-06, 3.64517404705e-06, 4.00633507525e-06, 3.28642749992e-06, 2.61478612629e-06, 1.96780592887e-06, 1.49982406583e-06, 1.12810892006e-06, 7.82035442626e-07, 7.94301229234e-07, 7.56052543238e-07, 7.67036681282e-07, 5.85838563438e-07, 4.59805676201e-07, 3.97661551688e-07, 3.42699934208e-07],
        "min": [1.22402497953e-23, 1.16433368922e-23, 9.30122700835e-24, 6.64167318541e-24, 2.23791334891e-23, 8.9037263091e-24, 6.35158181486e-24, 1.32972476777e-23, 7.29163856218e-24, 6.41930946787e-24, 7.74563195744e-24, 7.77159336983e-24, 2.20388725371e-23, 6.27963533372e-24, 3.74561846864e-24, 9.73612129224e-24, 2.28438782696e-23, 1.17894986184e-23, 5.84623081365e-24, 5.91272311049e-24, 1.24431637528e-23, 1.08393409016e-23, 4.60696780244e-24, 8.14137586346e-24, 1.66995526971e-23, 1.31308406252e-23, 8.87041034649e-24, 8.98328135367e-24, 2.7157331834e-23, 1.51910092549e-23, 9.76315397774e-24, 9.49665940901e-24, 9.75075387317e-24, 6.11300858344e-24, 6.72990254449e-24, 7.44599418665e-24, 9.90448945296e-24, 7.93286414899e-24, 1.29606509846e-23, 8.75326844637e-24],
        "var": [5.64862384635e-05, 7.55561923143e-05, 1.12975239972e-05, 1.45042997701e-06, 3.84425192124e-07, 3.30106018964e-07, 1.9881193225e-07, 5.2182546284e-08, 9.81151515589e-08, 8.31795361478e-08, 4.20703507586e-08, 2.36063701919e-08, 6.86445256193e-09, 4.04607325422e-09, 8.45769410063e-09, 9.29244148296e-09, 1.13880256336e-08, 1.1417388146e-09, 2.37331887476e-09, 1.08191366976e-09, 8.26191559611e-10, 1.64182467621e-09, 4.47222092692e-10, 6.36498909135e-10, 9.56662193907e-10, 4.46330805648e-10, 4.18789530832e-10, 2.88304602414e-10, 2.24335897081e-10, 1.9298981857e-10, 1.12038357758e-10, 8.96990121069e-11, 6.00908836579e-11, 4.95707155879e-11, 3.61251931147e-11, 3.75785860762e-11, 2.82808238633e-11, 1.89150448776e-11, 2.01171995728e-11, 2.09627072645e-11]
    },
    "mfcc": {
        "mean": [-661.012634277, 109.743667603, 14.8472652435, 32.0008430481, 9.29568862915, 8.01883888245, 4.57545900345, 2.71860694885, -0.390652298927, 0.850937306881, -4.42246580124, 1.63407897949, 1.28433215618],
        "cov": [[9197.12207031, -700.182556152, 749.630126953, 280.958343506, 244.689788818, 230.796386719, 260.423400879, 67.5370788574, 177.133026123, 137.310302734, 91.7154464722, 26.3399829865, 8.63475036621], [-700.182556152, 1280.18103027, -42.4211502075, -168.863830566, -75.1561813354, -27.7030944824, 35.9433708191, -27.1853103638, 1.39813923836, -9.45232582092, -26.2903232574, 26.4120864868, 26.1995296478], [749.630126953, -42.4211502075, 965.107543945, 111.589424133, 259.570556641, 99.8925094604, 167.697235107, 155.199310303, 124.289451599, 45.8600578308, -36.7211914062, -49.5658607483, 29.7216930389], [280.958343506, -168.863830566, 111.589424133, 512.694824219, 197.208709717, 38.3772773743, -15.587313652, 5.92228317261, -12.1173763275, 11.8198604584, 6.02575969696, 3.22669506073, -7.90942001343], [244.689788818, -75.1561813354, 259.570556641, 197.208709717, 379.146484375, 133.618408203, 69.8613891602, 14.0650987625, 37.3657989502, 34.6632194519, 21.5274124146, 23.6532421112, 25.6104660034], [230.796386719, -27.7030944824, 99.8925094604, 38.3772773743, 133.618408203, 194.695465088, 78.8356552124, 45.5538787842, 46.461555481, 23.3204307556, 3.56242728233, -1.86717367172, 4.88974475861], [260.423400879, 35.9433708191, 167.697235107, -15.587313652, 69.8613891602, 78.8356552124, 206.323394775, 127.144241333, 87.9375762939, 39.4394073486, 27.6427574158, 6.30121517181, 18.5899372101], [67.5370788574, -27.1853103638, 155.199310303, 5.92228317261, 14.0650987625, 45.5538787842, 127.144241333, 206.4921875, 106.961769104, 25.3548488617, 17.8136844635, -27.0759849548, -3.06748723984], [177.133026123, 1.39813923836, 124.289451599, -12.1173763275, 37.3657989502, 46.461555481, 87.9375762939, 106.961769104, 159.644638062, 66.2628631592, 35.1345443726, 10.5623884201, 14.628452301], [137.310302734, -9.45232582092, 45.8600578308, 11.8198604584, 34.6632194519, 23.3204307556, 39.4394073486, 25.3548488617, 66.2628631592, 109.301704407, 55.8797798157, 30.011384964, 18.3918743134], [91.7154464722, -26.2903232574, -36.7211914062, 6.02575969696, 21.5274124146, 3.56242728233, 27.6427574158, 17.8136844635, 35.1345443726, 55.8797798157, 125.641555786, 61.2581634521, 21.0014419556], [26.3399829865, 26.4120864868, -49.5658607483, 3.22669506073, 23.6532421112, -1.86717367172, 6.30121517181, -27.0759849548, 10.5623884201, 30.011384964, 61.2581634521, 119.602462769, 56.5537414551], [8.63475036621, 26.1995296478, 29.7216930389, -7.90942001343, 25.6104660034, 4.88974475861, 18.5899372101, -3.06748723984, 14.628452301, 18.3918743134, 21.0014419556, 56.5537414551, 91.1972961426]],
