{
"lowlevel": {
    "average_loudness": 0.952648878098,
    "barkbands_crest": {
        "dmean": 2.55572199821,
        "dmean2": 4.23339605331,
        "dvar": 6.59849691391,
        "dvar2": 18.0098323822,
        "max": 26.1170043945,
        "mean": 11.6466875076,
        "median": 10.7095556259,
        "min": 2.28470420837,
        "var": 21.7203598022
    },
    "barkbands_flatness_db": {
        "dmean": 0.025980329141,
        "dmean2": 0.0401611216366,
        "dvar": 0.00107518373989,
        "dvar2": 0.0023078636732,
        "max": 0.632970273495,
        "mean": 0.211491242051,
        "median": 0.208653986454,
        "min": 0.0237138271332,
        "var": 0.0079511674121
    },
    "barkbands_kurtosis": {
        "dmean": 3.78622055054,
        "dmean2": 6.19373416901,
        "dvar": 202.351760864,
        "dvar2": 511.259338379,
        "max": 772.971496582,
        "mean": 6.35233068466,
        "median": 1.9106066227,
        "min": -1.9139765501,
        "var": 989.427490234
    },
    "barkbands_skewness": {
        "dmean": 0.53801959753,
        "dmean2": 0.858680546284,
        "dvar": 0.505282878876,
        "dvar2": 1.33038151264,
        "max": 21.1958122253,
        "mean": 1.51020765305,
        "median": 1.32026731968,
        "min": -7.08766889572,
        "var": 2.4837679863
    },
    "barkbands_spread": {
        "dmean": 4.43305397034,
        "dmean2": 6.94253730774,
        "dvar": 49.0131416321,
        "dvar2": 115.155349731,
        "max": 115.728065491,
        "mean": 16.2069072723,
        "median": 13.208032608,
        "min": 0.17223970592,
        "var": 134.250396729
    },
    "dissonance": {
        "dmean": 0.0255733206868,
        "dmean2": 0.0426662787795,
        "dvar": 0.00060129450867,
        "dvar2": 0.00161589973141,
        "max": 0.499660879374,
        "mean": 0.438186407089,
        "median": 0.451013743877,
        "min": 0.0290810205042,
        "var": 0.0025447010994
    },
    "dynamic_complexity": 3.40146541595,
    "erbbands_crest": {
        "dmean": 2.4038541317,
        "dmean2": 3.8417263031,
        "dvar": 6.30084371567,
        "dvar2": 15.5473184586,
        "max": 33.2406806946,
        "mean": 10.3061914444,
        "median": 8.79967308044,
        "min": 2.69844412804,
        "var": 29.5756664276
    },
    "erbbands_flatness_db": {
        "dmean": 0.0191878248006,
        "dmean2": 0.027564143762,
        "dvar": 0.00065218686359,
        "dvar2": 0.00122451246716,
        "max": 0.532193362713,
        "mean": 0.216765806079,
        "median": 0.213458418846,
        "min": 0.0459567867219,
        "var": 0.00478536030278
    },
    "erbbands_kurtosis": {
        "dmean": 1.15847671032,
        "dmean2": 1.75995314121,
        "dvar": 8.52800273895,
        "dvar2": 17.074804306,
        "max": 182.90776062,
        "mean": 1.19163274765,
        "median": 0.0145674943924,
        "min": -1.78479552269,
        "var": 43.1887207031
    },
    "erbbands_skewness": {
        "dmean": 0.368667155504,
        "dmean2": 0.557575285435,
        "dvar": 0.143122702837,
        "dvar2": 0.327151834965,
        "max": 11.2727708817,
        "mean": 0.367395967245,
        "median": 0.367732673883,
        "min": -5.08255290985,
        "var": 0.91608184576
    },
    "erbbands_spread": {
        "dmean": 6.6089348793,
        "dmean2": 10.1041622162,
        "dvar": 81.1861419678,
        "dvar2": 171.490646362,
        "max": 161.188613892,
        "mean": 29.3069190979,
        "median": 25.4121856689,
        "min": 0.915482401848,
        "var": 289.532287598
    },
    "hfc": {
        "dmean": 6.17254734039,
        "dmean2": 9.49040794373,
        "dvar": 107.396240234,
        "dvar2": 253.270858765,
        "max": 125.935256958,
        "mean": 16.3358745575,
        "median": 10.2875118256,
        "min": 1.61655259491e-12,
        "var": 287.393798828
    },
    "melbands_crest": {
        "dmean": 3.2509329319,
        "dmean2": 5.468313694,
        "dvar": 11.5052499771,
        "dvar2": 32.2908401489,
        "max": 35.3065567017,
        "mean": 15.3998527527,
        "median": 14.3033638,
        "min": 1.83536791801,
        "var": 31.9162197113
    },
    "melbands_flatness_db": {
        "dmean": 0.0300440285355,
        "dmean2": 0.0462260656059,
        "dvar": 0.00146139995195,
        "dvar2": 0.00313712656498,
        "max": 0.791229128838,
        "mean": 0.286877185106,
        "median": 0.278895974159,
        "min": 0.00511971162632,
        "var": 0.0128997415304
    },
    "melbands_kurtosis": {
        "dmean": 5.83635091782,
        "dmean2": 9.49393177032,
        "dvar": 227.623504639,
        "dvar2": 625.064941406,
        "max": 570.489135742,
        "mean": 11.8111381531,
        "median": 5.71068000793,
        "min": -1.75211632252,
        "var": 928.722839355
    },
    "melbands_skewness": {
        "dmean": 0.610321938992,
        "dmean2": 0.972461104393,
        "dvar": 0.577101171017,
        "dvar2": 1.49074339867,
        "max": 20.268497467,
        "mean": 2.28433632851,
        "median": 2.02713155746,
        "min": -3.23988389969,
        "var": 2.51654195786
    },
    "melbands_spread": {
        "dmean": 4.87786531448,
        "dmean2": 7.62934446335,
        "dvar": 52.6330795288,
        "dvar2": 117.516204834,
        "max": 261.715148926,
        "mean": 18.2374267578,
        "median": 13.6581993103,
        "min": 0.279105842113,
        "var": 263.805999756
    },
    "pitch_salience": {
        "dmean": 0.067346394062,
        "dmean2": 0.111850686371,
        "dvar": 0.00464887078851,
        "dvar2": 0.0124994143844,
        "max": 0.997765958309,
        "mean": 0.502865970135,
        "median": 0.512799978256,
        "min": 0.0316013135016,
        "var": 0.0151528697461
    },
    "silence_rate_20dB": {
        "dmean": 0,
        "dmean2": 0,
        "dvar": 0,
        "dvar2": 0,
        "max": 1,
        "mean": 1,
        "median": 1,
        "min": 1,
        "var": 0
    },
    "silence_rate_30dB": {
        "dmean": 0.0101020960137,
        "dmean2": 0.020206362009,
        "dvar": 0.00999964214861,
        "dvar2": 0.0294710677117,
        "max": 1,
        "mean": 0.994734585285,
        "median": 1,
        "min": 0,
        "var": 0.0052376720123
    },
    "silence_rate_60dB": {
        "dmean": 0.00451370235533,
        "dmean2": 0.0089208940044,
        "dvar": 0.00449299905449,
        "dvar2": 0.010343240574,
        "max": 1,
        "mean": 0.0422308184206,
        "median": 0,
        "min": 0,
        "var": 0.0404492653906
    },
    "spectral_centroid": {
        "dmean": 200.614822388,
        "dmean2": 299.573852539,
        "dvar": 87352.3359375,
        "dvar2": 172056.390625,
        "max": 10407.9902344,
        "mean": 1021.9630127,
        "median": 800.806518555,
        "min": 126.961364746,
        "var": 436168.875
    },
    "spectral_complexity": {
        "dmean": 3.14325642586,
        "dmean2": 4.83308267593,
        "dvar": 20.4170761108,
        "dvar2": 43.0102386475,
        "max": 57,
        "mean": 15.1312055588,
        "median": 14,
        "min": 0,
        "var": 63.294052124
    },
    "spectral_decrease": {
        "dmean": 2.94399749023e-09,
        "dmean2": 4.82418061054e-09,
        "dvar": 2.55045690147e-17,
        "dvar2": 6.59229927155e-17,
        "max": 1.2521725117e-16,
        "mean": -7.34612459752e-09,
        "median": -6.03255267961e-09,
        "min": -4.48590427027e-08,
        "var": 3.36452504695e-17
    },
    "spectral_energy": {
        "dmean": 0.0115224458277,
        "dmean2": 0.0188292860985,
        "dvar": 0.000380801880965,
        "dvar2": 0.000978366122581,
        "max": 0.172510325909,
        "mean": 0.0292076114565,
        "median": 0.0239385925233,
        "min": 3.1668383435e-16,
        "var": 0.000519998779055
    },
    "spectral_energyband_high": {
        "dmean": 0.000205235613976,
        "dmean2": 0.000319723068969,
        "dvar": 2.53491549529e-07,
        "dvar2": 6.13589293152e-07,
        "max": 0.00757599808276,
        "mean": 0.000389988155803,
        "median": 4.00432691094e-05,
        "min": 1.27031450159e-16,
        "var": 6.31090529168e-07
    },
    "spectral_energyband_low": {
        "dmean": 0.00745941372588,
        "dmean2": 0.0129285175353,
        "dvar": 0.000286663183942,
        "dvar2": 0.000781331618782,
        "max": 0.154029667377,
        "mean": 0.0116699980572,
        "median": 0.00701856100932,
        "min": 1.58685005223e-18,
        "var": 0.000272276200121
    },
    "spectral_energyband_middle_high": {
        "dmean": 0.00197468558326,
        "dmean2": 0.00306881964207,
        "dvar": 1.1902577171e-05,
        "dvar2": 2.78459647234e-05,
        "max": 0.0499084256589,
        "mean": 0.00493343081325,
        "median": 0.00254577863961,
        "min": 1.77819757434e-16,
        "var": 4.18233867094e-05
    },
    "spectral_energyband_middle_low": {
        "dmean": 0.00494777690619,
        "dmean2": 0.00787121988833,
        "dvar": 6.58630815451e-05,
        "dvar2": 0.000166423938936,
        "max": 0.0852363780141,
        "mean": 0.0129667716101,
        "median": 0.0107887256891,
        "min": 1.10014872577e-17,
        "var": 0.000112940964755
    },
    "spectral_entropy": {
        "dmean": 0.198017328978,
        "dmean2": 0.289031207561,
        "dvar": 0.0722631514072,
        "dvar2": 0.146991223097,
        "max": 9.80372142792,
        "mean": 6.94053459167,
        "median": 6.95796298981,
        "min": 2.88856101036,
        "var": 0.491878300905
    },
    "spectral_flux": {
        "dmean": 0.0290776994079,
        "dmean2": 0.0449663214386,
        "dvar": 0.00180467613973,
        "dvar2": 0.00355879799463,
        "max": 0.374363154173,
        "mean": 0.0748068764806,
        "median": 0.0576382242143,
        "min": 2.73875912171e-06,
        "var": 0.00346744945273
    },
    "spectral_kurtosis": {
        "dmean": 6.65026283264,
        "dmean2": 11.0860490799,
        "dvar": 121.648376465,
        "dvar2": 304.930389404,
        "max": 393.879974365,
        "mean": 15.366104126,
        "median": 6.40826320648,
        "min": -1.19208419323,
        "var": 810.15612793
    },
    "spectral_rms": {
        "dmean": 0.000909802736714,
        "dmean2": 0.00144777609967,
        "dvar": 1.59943294875e-06,
        "dvar2": 3.92979472963e-06,
        "max": 0.012973154895,
        "mean": 0.00496073812246,
        "median": 0.00483267242089,
        "min": 5.55841539462e-10,
        "var": 3.88639182347e-06
    },
    "spectral_rolloff": {
        "dmean": 342.405212402,
        "dmean2": 587.413208008,
        "dvar": 828951.5625,
        "dvar2": 2070140.125,
        "max": 17226.5625,
        "mean": 1086.01977539,
        "median": 645.99609375,
        "min": 64.599609375,
        "var": 2520422.25
    },
    "spectral_skewness": {
        "dmean": 0.535762548447,
        "dmean2": 0.871215820312,
        "dvar": 0.478675842285,
        "dvar2": 1.21944987774,
        "max": 16.1475315094,
        "mean": 2.32003450394,
        "median": 1.81911110878,
        "min": 0.0267631821334,
        "var": 2.92777204514
    },
    "spectral_spread": {
        "dmean": 485801.9375,
        "dmean2": 702373.5,
        "dvar": 884482375680,
        "dvar2": 1.47588749722e+12,
        "max": 39587556,
        "mean": 3216793.5,
        "median": 2841539,
        "min": 278373.84375,
        "var": 3.80457844736e+12
    },
    "spectral_strongpeak": {
        "dmean": 0.547715604305,
        "dmean2": 0.964354634285,
        "dvar": 1.55479562283,
        "dvar2": 4.10442781448,
        "max": 16.7192077637,
        "mean": 0.919491529465,
        "median": 0.373099148273,
        "min": 0,
        "var": 3.09332370758
    },
    "zerocrossingrate": {
        "dmean": 0.00757347559556,
        "dmean2": 0.00898030214012,
        "dvar": 0.000171779058292,
        "dvar2": 0.000225248179049,
        "max": 0.72509765625,
        "mean": 0.0416980423033,
        "median": 0.03125,
        "min": 0.001953125,
        "var": 0.00238970783539
    },
    "barkbands": {
        "dmean": [0.000363818166079, 0.00550361583009, 0.00198101112619, 0.000906856555957, 0.00183112372179, 0.00120123010129, 0.00117926392704, 0.00106998416595, 0.000376325304387, 0.000464239739813, 0.0002098052355, 0.000386283471016, 0.000178014292032, 0.000395723531255, 0.000565603200812, 0.000125304461108, 0.000205968666705, 0.000234783496126, 0.000228117918596, 0.000127459978103, 5.54822509002e-05, 3.11150470225e-05, 2.37518106587e-05, 1.92974657693e-05, 2.02597329917e-05, 2.0363193471e-05, 2.13586372411e-06],
        "dmean2": [0.000606708286796, 0.0095507632941, 0.00364856352098, 0.00160155340564, 0.00290047517046, 0.00186178542208, 0.00199030549265, 0.00166755984537, 0.000584869587328, 0.000718393363059, 0.000345552252838, 0.000610474206042, 0.000287022528937, 0.00066828855779, 0.00086370279314, 0.000202665498364, 0.000327952147927, 0.000401349592721, 0.000350175105268, 0.000199195565074, 8.69673021953e-05, 5.19718960277e-05, 3.8449823478e-05, 3.14426652039e-05, 3.18669335684e-05, 3.30846742145e-05, 3.48071284861e-06],
        "dvar": [4.07295999594e-07, 0.000122907906189, 5.52162964595e-05, 4.70267104902e-06, 1.04513947008e-05, 5.92635615249e-06, 1.01156092569e-05, 6.06744515608e-06, 5.23456435531e-07, 7.28429995434e-07, 1.98734340984e-07, 6.29050020962e-07, 1.83661498454e-07, 1.28524402498e-06, 3.99646887672e-06, 1.27167410824e-07, 3.51786695774e-07, 4.3961071583e-07, 4.43302042186e-07, 1.254573192e-07, 1.77106809218e-08, 7.48722506216e-09, 3.61991547848e-09, 3.61249075098e-09, 5.33059818508e-09, 1.34056046264e-08, 1.695550228e-10],
        "dvar2": [1.0924761682e-06, 0.000342769752024, 0.000158110575285, 1.30829475893e-05, 2.58890540863e-05, 1.63485437952e-05, 2.84157849819e-05, 1.51041604113e-05, 1.26554721191e-06, 1.73127739345e-06, 5.05775005877e-07, 1.47253695104e-06, 4.15148321053e-07, 3.73780699192e-06, 8.95031462278e-06, 2.68678491011e-07, 7.14283032721e-07, 1.15916247978e-06, 9.29633984015e-07, 2.87659759124e-07, 3.85576974793e-08, 2.01618846063e-08, 9.11566200301e-09, 9.25808230079e-09, 1.21702772304e-08, 3.30967999673e-08, 4.05890432376e-10],
        "max": [0.00666646054015, 0.103486031294, 0.0772817134857, 0.0226107072085, 0.0426461808383, 0.0339944697917, 0.0389328487217, 0.0535875298083, 0.0121632385999, 0.0200860649347, 0.0120073072612, 0.011634722352, 0.0091823078692, 0.0187169890851, 0.0454101115465, 0.0107955373824, 0.0231080129743, 0.011399352923, 0.0179501250386, 0.00887183006853, 0.00292770052329, 0.00114824029151, 0.00075582129648, 0.000812772894278, 0.000906279543415, 0.00161240785383, 0.000186779361684],
        "mean": [0.000656619376969, 0.0090486202389, 0.00155442103278, 0.00101704534609, 0.00431033130735, 0.00257718842477, 0.00173176801763, 0.00205830531195, 0.000675959279761, 0.00090977846412, 0.000409224623581, 0.000629584479611, 0.000309034250677, 0.000571931712329, 0.00111991981976, 0.000190460297745, 0.000307837763103, 0.000283593020868, 0.000346596556483, 0.000240384746576, 9.96323360596e-05, 4.68445505248e-05, 4.28438652307e-05, 2.69950596703e-05, 2.3965654691e-05, 1.7141466742e-05, 1.67639473148e-06],
        "median": [0.000224637580686, 0.00526598468423, 0.000309251307044, 0.000396696384996, 0.00255342572927, 0.00156450201757, 0.000907738925889, 0.000829589436762, 0.000298329250654, 0.000385614635888, 0.00015914827236, 0.000202642957447, 8.34114616737e-05, 8.61518929014e-05, 8.64493122208e-05, 3.75686395273e-05, 5.74213045184e-05, 5.15254505444e-05, 5.72688149987e-05, 3.04717941617e-05, 1.05110866571e-05, 5.05000343765e-06, 3.47907030118e-06, 2.14084434447e-06, 6.26146061222e-07, 7.65393366464e-08, 2.28565166793e-09],
        "min": [4.3401598054e-19, 6.65257939694e-19, 4.61720223808e-19, 4.80818893574e-19, 1.3171739731e-18, 1.49964350218e-18, 1.68516129521e-18, 1.88937150894e-18, 3.10807945288e-18, 3.8628962375e-18, 4.77565157955e-18, 7.39535863569e-18, 9.62526303203e-18, 1.25450004905e-17, 1.75121580303e-17, 2.19497768759e-17, 2.62920201424e-17, 3.0836684431e-17, 3.11006807779e-17, 2.21781713691e-17, 8.27586096489e-18, 7.5159830757e-18, 3.09080998964e-17, 3.27628605142e-17, 7.93912566369e-18, 1.1592542547e-17, 1.78929770951e-17],
        "var": [1.03628826764e-06, 0.000132845583721, 3.28589558194e-05, 3.72453609998e-06, 2.46260806307e-05, 8.62006436364e-06, 8.28596239444e-06, 1.50659034261e-05, 1.02822639292e-06, 1.91294293472e-06, 4.08293374221e-07, 1.30879755034e-06, 5.96136146669e-07, 1.93453206521e-06, 1.63066197274e-05, 4.12353216461e-07, 1.04319462935e-06, 4.37042842805e-07, 8.07065646313e-07, 3.11514895657e-07, 5.53013812521e-08, 1.05180966159e-08, 8.43442649057e-09, 3.93622423545e-09, 5.58163293363e-09, 1.08882396432e-08, 1.42641787271e-10]
    },
    "erbbands": {
        "dmean": [0.185428738594, 1.20665740967, 2.46066427231, 2.55115938187, 5.18279218674, 5.78422451019, 8.18360805511, 10.0261631012, 17.9843444824, 17.5498561859, 19.2238311768, 10.0297889709, 14.8844070435, 10.3382091522, 7.54029655457, 18.6062526703, 8.0484161377, 18.1096439362, 34.7789535522, 11.0590257645, 7.31003761292, 9.80513286591, 13.2277879715, 9.32783412933, 12.6368455887, 5.79990339279, 3.11189460754, 1.71293616295, 1.13269352913, 0.983136355877, 0.61048334837, 0.407439470291, 0.323430806398, 0.225358635187, 0.142720431089, 0.0878591239452, 0.0362595170736, 0.00824592355639, 0.000322274339851, 1.89785532712e-05],
        "dmean2": [0.322025388479, 2.07395815849, 4.51006555557, 4.61034202576, 8.30624389648, 9.22515487671, 12.6784038544, 16.2964572906, 29.9607124329, 28.2329845428, 29.4962215424, 15.2524909973, 22.2924175262, 16.9924316406, 12.1298913956, 29.4018268585, 12.8632268906, 30.356294632, 53.7591781616, 17.4166736603, 11.4560070038, 16.107919693, 22.3986968994, 15.2680883408, 19.4779319763, 9.00702857971, 4.74080038071, 2.80313754082, 1.91407048702, 1.61624264717, 0.983818590641, 0.668779313564, 0.527003824711, 0.363757789135, 0.224500864744, 0.139993950725, 0.0587374158204, 0.0136823225766, 0.000530116900336, 3.06989204546e-05],
        "dvar": [0.121305540204, 8.48808860779, 85.0601043701, 53.9010047913, 123.666481018, 126.653610229, 253.242721558, 542.417175293, 2623.3425293, 1779.37548828, 1359.43615723, 319.041381836, 846.961975098, 380.793670654, 248.968673706, 1409.92431641, 320.900909424, 2530.0703125, 17886.5078125, 591.429260254, 404.978790283, 719.932312012, 1466.4017334, 572.134277344, 1486.51501465, 214.524002075, 67.5463790894, 19.5679073334, 9.65779590607, 6.66830730438, 2.60351872444, 1.4225975275, 1.08659112453, 0.557141363621, 0.327343970537, 0.198138803244, 0.0454807914793, 0.00259922840632, 3.94976586904e-06, 2.01423500101e-09],
        "dvar2": [0.365051269531, 23.1455726624, 241.14402771, 154.411865234, 313.741210938, 308.103942871, 666.000366211, 1522.57653809, 7374.36035156, 4207.01904297, 3300.57861328, 750.767944336, 1898.25878906, 992.71270752, 624.861877441, 3347.21264648, 696.796264648, 7066.51708984, 41208.453125, 1352.23791504, 732.526550293, 1723.11877441, 3791.42773438, 1299.60827637, 3217.96655273, 493.895202637, 137.530105591, 50.5296134949, 26.3509292603, 17.0233058929, 6.58733844757, 3.72393417358, 2.75418257713, 1.38922321796, 0.721567451954, 0.466218322515, 0.112181134522, 0.00657460419461, 9.65301569522e-06, 4.9551558412e-09],
        "max": [3.67368531227, 27.759437561, 91.022644043, 76.367477417, 184.014968872, 176.25213623, 302.187896729, 315.125518799, 702.922973633, 1113.65002441, 601.843383789, 305.22076416, 779.081665039, 356.928894043, 395.663208008, 574.33026123, 478.025695801, 1011.45684814, 2961.80981445, 633.363098145, 746.249328613, 741.705444336, 719.116699219, 794.787963867, 843.740112305, 281.141662598, 219.897476196, 68.3508987427, 44.706035614, 51.753326416, 18.1454524994, 16.7780723572, 13.2668867111, 9.94244766235, 7.62382316589, 6.28155612946, 2.87097477913, 0.725495994091, 0.0293464064598, 0.00057841342641],
        "mean": [0.31676992774, 1.7858492136, 2.13949251175, 2.78280282021, 10.148355484, 12.8202400208, 17.3052120209, 20.0625, 28.6608009338, 31.0305480957, 38.7479743958, 20.9744377136, 29.9475040436, 19.7166156769, 14.6537885666, 31.108921051, 15.7508983612, 28.5357055664, 72.0535736084, 20.6138839722, 13.7306671143, 14.0617332458, 16.6210842133, 13.3385658264, 19.1589221954, 11.5200271606, 6.47107601166, 2.84605073929, 1.6891105175, 1.76430881023, 0.999693155289, 0.593666911125, 0.441845834255, 0.283712953329, 0.155256360769, 0.0799851864576, 0.0302211940289, 0.00634584343061, 0.000262919144006, 3.90001987398e-05],
        "median": [0.210394352674, 0.859857022762, 0.683843851089, 1.24086248875, 4.10893630981, 6.90185832977, 9.34370613098, 11.4875545502, 14.3288583755, 12.599691391, 17.7514686584, 11.7134113312, 12.4100074768, 10.0287456512, 7.06446456909, 10.9092769623, 6.38576602936, 6.7929725647, 5.35234737396, 4.22526359558, 3.32652044296, 2.85629343987, 3.35402870178, 2.26900434494, 3.16833877563, 1.49822545052, 0.610540866852, 0.314410507679, 0.203788369894, 0.148791328073, 0.0930588543415, 0.0552020259202, 0.0330443121493, 0.0112090185285, 0.00188159942627, 0.000459735980257, 0.000128709885757, 1.89873499039e-05, 1.55286870722e-05, 2.88355222438e-05],
        "min": [2.41168147185e-17, 1.3593605607e-16, 4.73959562037e-16, 1.18915368394e-15, 2.51941882172e-15, 4.75862770954e-15, 8.26523907909e-15, 1.35252323664e-14, 2.105115229e-14, 3.17615434008e-14, 4.68401867586e-14, 6.8986286681e-14, 1.02583591036e-13, 1.53232366574e-13, 2.2490147765e-13, 3.17603934688e-13, 4.33590311008e-13, 5.91249597025e-13, 8.06950643459e-13, 1.04465546456e-12, 1.26931635775e-12, 1.51560860216e-12, 1.6628878179e-12, 1.64699146248e-12, 1.46048971528e-12, 1.04262009182e-12, 5.53743140751e-13, 2.04235987931e-13, 2.13026983748e-13, 5.82692531378e-13, 9.45709547999e-13, 8.68024619197e-13, 4.09805734269e-13, 9.1015221618e-14, 6.11223853648e-14, 3.72980861691e-14, 1.733130207e-14, 1.90810671571e-14, 2.8845944188e-15, 1.03684475893e-16],
        "var": [0.141746625304, 7.66339159012, 52.202129364, 34.6795921326, 263.042755127, 284.839202881, 497.546417236, 650.185913086, 2275.41918945, 3763.22070312, 3679.30151367, 734.41027832, 2432.49072266, 747.510437012, 481.407592773, 2878.0847168, 1225.2277832, 3558.73730469, 74170.6015625, 1900.6854248, 2051.51245117, 1456.46032715, 1556.58605957, 923.914367676, 2594.7980957, 638.905273438, 289.685943604, 39.4038047791, 12.9869794846, 16.3828392029, 4.23818349838, 1.66236400604, 1.15085113049, 0.572410643101, 0.33549618721, 0.17524048686, 0.0370070636272, 0.00199590763077, 3.22058599522e-06, 2.00041916365e-09]
    },
    "gfcc": {
        "mean": [-66.9644012451, 155.436569214, -121.100326538, 25.0586185455, -49.4803466797, 0.298496961594, -23.3062534332, 4.17505979538, -11.4253253937, -0.474735081196, 0.874667286873, -5.73697137833, -1.30242717266],
        "cov": [[19498.9863281, -1593.90673828, -2833.57714844, 1537.78674316, -925.360656738, 463.587310791, -482.032928467, 794.168823242, -174.996322632, 798.859802246, 161.580764771, 423.528442383, 61.4059295654], [-1593.90673828, 3810.57958984, -194.523361206, -621.531799316, 984.306396484, -454.40423584, 565.164001465, -415.728027344, 463.78237915, -407.175750732, 360.138092041, -290.983581543, 251.015289307], [-2833.57714844, -194.523361206, 1553.3248291, -231.544998169, -10.3126335144, 208.937866211, -77.576423645, 90.2938766479, -60.1984634399, -42.696346283, -149.165908813, 79.2205810547, -89.5611114502], [1537.78674316, -621.531799316, -231.544998169, 631.657958984, -232.680740356, 41.3669433594, -24.9865150452, 174.569351196, -3.83162331581, 37.4274864197, 62.460067749, 50.6985397339, 56.1425857544], [-925.360656738, 984.306396484, -10.3126335144, -232.680740356, 553.732299805, -145.023269653, 174.403564453, -130.222976685, 122.562141418, -69.9974746704, 49.462978363, -76.9344177246, 39.2809829712], [463.587310791, -454.40423584, 208.937866211, 41.3669433594, -145.023269653, 308.558929443, -54.5308952332, 95.8935241699, -37.4024848938, 89.1167831421, -29.4969673157, 64.4422988892, -5.31786823273], [-482.032928467, 565.164001465, -77.576423645, -24.9865150452, 174.403564453, -54.5308952332, 282.126495361, -35.7453384399, 103.897911072, -45.0394630432, 63.0172348022, -44.418598175, 54.7080802917], [794.168823242, -415.728027344, 90.2938766479, 174.569351196, -130.222976685, 95.8935241699, -35.7453384399, 262.997528076, -14.0775766373, 21.2804145813, -7.54319667816, 82.9421005249, 3.46529817581], [-174.996322632, 463.78237915, -60.1984634399, -3.83162331581, 122.562141418, -37.4024848938, 103.897911072, -14.0775766373, 173.656646729, -25.5499706268, 71.6790618896, -38.6120758057, 69.7774658203], [798.859802246, -407.175750732, -42.696346283, 37.4274864197, -69.9974746704, 89.1167831421, -45.0394630432, 21.2804145813, -25.5499706268, 210.184432983, -46.5412979126, 39.3858795166, -42.0445671082], [161.580764771, 360.138092041, -149.165908813, 62.460067749, 49.462978363, -29.4969673157, 63.0172348022, -7.54319667816, 71.6790618896, -46.5412979126, 183.065460205, 2.42880749702, 67.6654815674], [423.528442383, -290.983581543, 79.2205810547, 50.6985397339, -76.9344177246, 64.4422988892, -44.418598175, 82.9421005249, -38.6120758057, 39.3858795166, 2.42880749702, 128.122131348, -1.12018251419], [61.4059295654, 251.015289307, -89.5611114502, 56.1425857544, 39.2809829712, -5.31786823273, 54.7080802917, 3.46529817581, 69.7774658203, -42.0445671082, 67.6654815674, -1.12018251419, 111.285713196]],
        "icov": [[0.000252906029345, -0.000551929580979, 0.00055546395015, -0.000583115965128, 0.00027078029234, -0.000509327917825, 0.00064936990384, -0.000707822619006, 0.000470992818009, -0.000900418322999, 0.000530232209712, -0.0006873672246, 0.000464656593977], [-0.000551929580979, 0.00253127026372, -0.00130037334748, 0.00214599538594, -0.00145671167411, 0.00162616581656, -0.00216851988807, 0.00195201195311, -0.00210261601023, 0.00286704488099, -0.00255722715519, 0.00233646691777, -0.00195701862685], [0.00055546395015, -0.00130037334748, 0.00216716504656, -0.00108280486893, 0.000503780087456, -0.00190429063514, 0.00156437116675, -0.00174050207715, 0.000723903125618, -0.00122118601575, 0.00190635304898, -0.00219813920557, 0.0018367934972], [-0.000583115965128, 0.00214599538594, -0.00108280486893, 0.00455163093284, -0.000240055887843, 0.00194956490304, -0.00214403937571, 0.000283333298285, -0.00142775033601, 0.00205330131575, -0.00284432829358, 0.00258428021334, -0.00303690484725], [0.00027078029234, -0.00145671167411, 0.000503780087456, -0.000240055887843, 0.00407899124548, 0.000116860843264, 9.53346898314e-06, -0.000648279557936, 0.000104241858935, -0.00168192049023, 0.00127085286658, -0.00107546627987, 0.000759832502808], [-0.000509327917825, 0.00162616581656, -0.00190429063514, 0.00194956490304, 0.000116860843264, 0.00646039051935, -0.00171969213989, 0.000390538596548, -0.000646724132821, -0.00023217308626, -0.0019670992624, 0.0016398151638, -0.00327194854617], [0.00064936990384, -0.00216851988807, 0.00156437116675, -0.00214403937571, 9.53346898314e-06, -0.00171969213989, 0.00732615031302, -0.00211926479824, 9.182345093e-05, -0.00251952675171, 0.00171849422622, -0.00162800797261, 0.00118176755495], [-0.000707822619006, 0.00195201195311, -0.00174050207715, 0.000283333298285, -0.000648279557936, 0.000390538596548, -0.00211926479824, 0.00857585296035, -0.00310378428549, 0.00389682292007, -0.000992826535366, -0.00125403900165, -0.000524362141732], [0.000470992818009, -0.00210261601023, 0.000723903125618, -0.00142775033601, 0.000104241858935, -0.000646724132821, 9.182345093e-05, -0.00310378428549, 0.0128254108131, -0.00432228622958, -0.000251292134635, 0.00138005590998, -0.00373855070211], [-0.000900418322999, 0.00286704488099, -0.00122118601575, 0.00205330131575, -0.00168192049023, -0.00023217308626, -0.00251952675171, 0.00389682292007, -0.00432228622958, 0.0111375041306, -0.0010478963377, 0.000445784302428, 0.00127072597388], [0.000530232209712, -0.00255722715519, 0.00190635304898, -0.00284432829358, 0.00127085286658, -0.0019670992624, 0.00171849422622, -0.000992826535366, -0.000251292134635, -0.0010478963377, 0.0111373672262, -0.00458724191412, 3.17457561323e-05], [-0.0006873672246, 0.00233646691777, -0.00219813920557, 0.00258428021334, -0.00107546627987, 0.0016398151638, -0.00162800797261, -0.00125403900165, 0.00138005590998, 0.000445784302428, -0.00458724191412, 0.014824221842, -0.00442473823205], [0.000464656593977, -0.00195701862685, 0.0018367934972, -0.00303690484725, 0.000759832502808, -0.00327194854617, 0.00118176755495, -0.000524362141732, -0.00373855070211, 0.00127072597388, 3.17457561323e-05, -0.00442473823205, 0.017925221473]]
    },
    "melbands": {
        "dmean": [0.00152094243094, 0.0013936200412, 0.000512489932589, 0.00039486651076, 0.000277563522104, 0.000237227024627, 0.000266643997747, 0.000201653121621, 0.000142820208566, 5.8678429923e-05, 7.48157835915e-05, 4.23629389843e-05, 2.40799090534e-05, 4.51689120382e-05, 2.68114927167e-05, 1.89162055904e-05, 3.70731358998e-05, 6.02455547778e-05, 2.12615832424e-05, 1.14210342872e-05, 9.03556065168e-06, 1.03062402559e-05, 1.29650825329e-05, 1.11845938591e-05, 7.13266854291e-06, 1.05517065094e-05, 6.29390842732e-06, 3.72773479285e-06, 2.29226111514e-06, 1.59822832302e-06, 9.40195434396e-07, 7.08403774752e-07, 5.46687260794e-07, 5.76142156206e-07, 3.92219732248e-07, 2.91376267114e-07, 2.50906396104e-07, 2.30748028685e-07, 2.30632323905e-07, 1.81602104021e-07],
        "dmean2": [0.00263618514873, 0.00246547022834, 0.000897358520888, 0.000630032911431, 0.000430189829785, 0.000377893593395, 0.000442619028036, 0.000323750136886, 0.000218010580284, 9.01024250197e-05, 0.000112648383947, 7.00964737916e-05, 3.95332317566e-05, 7.1415794082e-05, 4.20344840677e-05, 3.08236121782e-05, 6.2966326368e-05, 9.32634065975e-05, 3.3654501749e-05, 1.81683935807e-05, 1.4056742657e-05, 1.66734735103e-05, 2.14247575059e-05, 1.94124895643e-05, 1.17615190902e-05, 1.63693202921e-05, 9.65139770415e-06, 6.02558793616e-06, 3.61159959539e-06, 2.43656245402e-06, 1.59974501912e-06, 1.20578738461e-06, 9.20596562537e-07, 9.47533123963e-07, 6.39041786599e-07, 4.80314270135e-07, 4.13989141634e-07, 3.76372099709e-07, 3.83448963248e-07, 2.92600844887e-07],
        "dvar": [7.86532928032e-06, 2.04781808861e-05, 1.55886061748e-06, 6.30902889043e-07, 2.61420609604e-07, 2.8339667324e-07, 5.45216835235e-07, 2.61665007883e-07, 7.13781673767e-08, 1.23936576557e-08, 2.16256754726e-08, 6.66796440285e-09, 2.80673995157e-09, 8.46517789199e-09, 2.49731524349e-09, 2.11302420006e-09, 1.31780764079e-08, 5.48569509817e-08, 2.52282483792e-09, 9.45715727951e-10, 7.85754905586e-10, 9.78780390071e-10, 1.59471547079e-09, 9.94252014053e-10, 3.81034093166e-10, 1.00788133395e-09, 4.19035001142e-10, 9.14811976171e-11, 4.13834418123e-11, 1.67152177516e-11, 6.76864250412e-12, 4.10076790233e-12, 2.03059552679e-12, 2.25987934963e-12, 1.1296956209e-12, 7.28013027466e-13, 5.44268460596e-13, 5.36848180927e-13, 5.88085624035e-13, 3.68307896117e-13],
        "dvar2": [2.26942702284e-05, 5.68207142351e-05, 4.3707354962e-06, 1.57251395194e-06, 6.8697312372e-07, 7.93956360212e-07, 1.52921120389e-06, 6.27112342499e-07, 1.69987572463e-07, 2.93129662765e-08, 4.87221925027e-08, 1.73585696928e-08, 7.15961245845e-09, 1.97236964539e-08, 5.68481572927e-09, 5.06256281341e-09, 3.69693111679e-08, 1.28032567659e-07, 6.00156235819e-09, 2.09822514918e-09, 1.26967558689e-09, 2.04448102892e-09, 4.03347799605e-09, 2.71008016028e-09, 8.2013040803e-10, 2.21254214949e-09, 9.39819888579e-10, 2.22353718771e-10, 9.23635751215e-11, 3.37640783388e-11, 1.87600039669e-11, 1.12693118726e-11, 5.43142917794e-12, 5.70107372769e-12, 2.87721344146e-12, 1.93027061349e-12, 1.4317744039e-12, 1.35740106221e-12, 1.53570699993e-12, 9.08645771472e-13],
        "max": [0.0295256488025, 0.0414765141904, 0.0121540408581, 0.0107943331823, 0.00875504128635, 0.00701976753771, 0.00983618199825, 0.013439303264, 0.004474257119, 0.0020779739134, 0.0038950459566, 0.00132469122764, 0.00111496821046, 0.00159158790484, 0.000742787728086, 0.000887796457391, 0.00231796712615, 0.0051787327975, 0.000870365242008, 0.000593032455072, 0.00122443458531, 0.00121170666534, 0.000755360233597, 0.000342322193319, 0.000746875070035, 0.000653636350762, 0.000541090907063, 0.000168234459125, 0.000162720811204, 0.000105948318378, 4.39081559307e-05, 3.1073930586e-05, 2.38113625528e-05, 2.8299733458e-05, 1.22293558888e-05, 1.57122703968e-05, 1.12866200652e-05, 1.04804012153e-05, 8.75930345501e-06, 8.76366175362e-06],
        "mean": [0.00270610046573, 0.00157438486349, 0.00068168604048, 0.000857747392729, 0.000614577264059, 0.000487950688694, 0.000425958220148, 0.000367218104657, 0.000289962481475, 0.000113962225441, 0.00014551593631, 7.5581810961e-05, 4.48268474429e-05, 7.63549251133e-05, 4.70645281894e-05, 3.14584904118e-05, 5.24759925611e-05, 0.000123515885207, 3.96266259486e-05, 1.86561919691e-05, 1.68739843502e-05, 1.47423133967e-05, 1.73224871105e-05, 1.21590983326e-05, 9.77713261818e-06, 1.55555153469e-05, 9.47628086578e-06, 7.52091045797e-06, 4.45405112259e-06, 2.74527042166e-06, 1.30256785269e-06, 9.80366849035e-07, 8.10101141724e-07, 1.08129847831e-06, 6.16669183273e-07, 4.08095615967e-07, 3.44185934864e-07, 3.08830408358e-07, 2.92387397849e-07, 2.20365947712e-07],
        "median": [0.00168337114155, 0.000685452483594, 0.000295007892419, 0.000456797890365, 0.000337955076247, 0.000280834792648, 0.000219940324314, 0.000142880046042, 0.000140024669236, 5.7040280808e-05, 5.65400332562e-05, 3.59889454558e-05, 1.84542150237e-05, 3.11906442221e-05, 1.80503120646e-05, 9.44051862461e-06, 9.69716711552e-06, 7.13414829079e-06, 5.88352031627e-06, 3.97234043703e-06, 3.06871561406e-06, 2.74519607046e-06, 2.84046564047e-06, 2.42141140916e-06, 1.31529168357e-06, 2.3327929739e-06, 1.52091001837e-06, 7.71766394791e-07, 3.37800543093e-07, 2.56856822034e-07, 1.30306688106e-07, 9.17985403248e-08, 1.01609316516e-07, 5.75004222014e-08, 5.06314847826e-08, 4.25612114441e-08, 2.83248571264e-08, 2.34671837518e-08, 1.4696500017e-08, 6.96600466199e-09],
        "min": [2.20942345607e-19, 2.27831493489e-19, 2.40368992485e-19, 2.5738003933e-19, 2.80199651835e-19, 3.04159170922e-19, 3.30446712295e-19, 3.60599332628e-19, 3.96300189372e-19, 4.46150461632e-19, 5.1406379938e-19, 6.00512393499e-19, 7.0028288648e-19, 8.00261932373e-19, 8.92211380963e-19, 9.87345216417e-19, 1.10400952924e-18, 1.24399258052e-18, 1.36878342587e-18, 1.44273554399e-18, 1.48929557611e-18, 1.54425883268e-18, 1.54995448819e-18, 1.45127804497e-18, 1.32158780884e-18, 1.15783282753e-18, 8.97937125163e-19, 6.4666607315e-19, 3.9791559556e-19, 1.93096693228e-19, 8.61299486375e-20, 9.0385308213e-20, 1.97631297346e-19, 3.73076059699e-19, 5.30591643501e-19, 5.86632716411e-19, 5.12579940759e-19, 3.30733020184e-19, 1.4291457937e-19, 4.94844904082e-20],
        "var": [9.69477514445e-06, 1.41219634315e-05, 1.27463738409e-06, 1.30029502543e-06, 5.98180236011e-07, 3.66183343203e-07, 4.76084522916e-07, 6.00489897806e-07, 1.91644957681e-07, 2.7642377276e-08, 6.11295831732e-08, 1.25278099006e-08, 5.04720620853e-09, 1.75855294771e-08, 6.3198530853e-09, 5.38350741763e-09, 1.71637939417e-08, 2.26300201689e-07, 9.04927865975e-09, 2.31126007222e-09, 4.39958514065e-09, 2.7560065341e-09, 2.13239803593e-09, 7.91074039608e-10, 6.53160858732e-10, 1.73593295294e-09, 6.31214580604e-10, 3.29705873714e-10, 1.57618529339e-10, 5.74703097611e-11, 7.97267633856e-12, 5.03942720886e-12, 2.98599057806e-12, 7.07729578067e-12, 1.73734832944e-12, 8.35235309735e-13, 6.03414562241e-13, 5.64704533135e-13, 5.74711773397e-13, 3.75106412945e-13]
    },
    "mfcc": {
        "mean": [-697.696777344, 173.741882324, -4.18614244461, 26.8856086731, 0.678581833839, -0.78172403574, 2.76749634743, 1.4238049984, -3.26756167412, 6.71812057495, 2.86520719528, 1.70617568493, 2.80964374542],
        "cov": [[11323.0302734, -1572.25817871, -1259.84655762, 678.815246582, -419.69317627, -195.443206787, -125.765434265, -71.442741394, -28.016368866, 167.252029419, -52.679485321, 18.0477390289, 228.816329956], [-1572.25817871, 3557.0456543, -409.041778564, -39.6087646484, 326.793579102, 90.9084320068, 149.120452881, 29.0241165161, 74.1489257812, -22.8641223907, 119.873588562, 74.4971008301, -55.5455207825], [-1259.84655762, -409.041778564, 1164.33203125, -156.456695557, 111.608192444, 51.9635124207, 10.1520996094, 130.032363892, 42.7747192383, 7.3542509079, 6.12474918365, 21.1878128052, 24.648973465], [678.815246582, -39.6087646484, -156.456695557, 416.026947021, -13.1795558929, -63.5396232605, 17.9946746826, 38.7563095093, 30.3708820343, 22.4818382263, -0.553140640259, 18.1095371246, 35.8404312134], [-419.69317627, 326.793579102, 111.608192444, -13.1795558929, 254.299468994, -8.19075298309, 9.11671352386, 45.350276947, 9.65291309357, -22.0728397369, 7.90631055832, 23.5747928619, -6.02283573151], [-195.443206787, 90.9084320068, 51.9635124207, -63.5396232605, -8.19075298309, 201.54045105, 26.6293716431, -54.4448661804, 18.0580062866, 35.6739959717, 24.1656074524, -6.02474832535, -23.8694210052], [-125.765434265, 149.120452881, 10.1520996094, 17.9946746826, 9.11671352386, 26.6293716431, 127.570297241, 50.4892578125, 11.6159505844, 7.87239313126, 9.85958957672, 14.0791511536, 18.0706634521], [-71.442741394, 29.0241165161, 130.032363892, 38.7563095093, 45.350276947, -54.4448661804, 50.4892578125, 179.654174805, 51.2264556885, -9.95448207855, -8.8267250061, 26.4538764954, 48.7384147644], [-28.016368866, 74.1489257812, 42.7747192383, 30.3708820343, 9.65291309357, 18.0580062866, 11.6159505844, 51.2264556885, 145.980224609, 31.8941688538, 5.76687860489, 10.1873445511, -2.47870182991], [167.252029419, -22.8641223907, 7.3542509079, 22.4818382263, -22.0728397369, 35.6739959717, 7.87239313126, -9.95448207855, 31.8941688538, 111.109306335, 29.2813167572, -11.3875799179, 7.70267772675], [-52.679485321, 119.873588562, 6.12474918365, -0.553140640259, 7.90631055832, 24.1656074524, 9.85958957672, -8.8267250061, 5.76687860489, 29.2813167572, 84.2832260132, 27.0832557678, -15.4834718704], [18.0477390289, 74.4971008301, 21.1878128052, 18.1095371246, 23.5747928619, -6.02474832535, 14.0791511536, 26.4538764954, 10.1873445511, -11.3875799179, 27.0832557678, 70.3072357178, 29.5785827637], [228.816329956, -55.5455207825, 24.648973465, 35.8404312134, -6.02283573151, -23.8694210052, 18.0706634521, 48.7384147644, -2.47870182991, 7.70267772675, -15.4834718704, 29.5785827637, 103.130348206]],
