{
"lowlevel": {
    "average_loudness": 0.942572653294,
    "barkbands_crest": {
        "dmean": 2.27679538727,
        "dmean2": 3.26285171509,
        "dvar": 4.99419212341,
        "dvar2": 10.7552976608,
        "max": 25.1483631134,
        "mean": 11.4878053665,
        "median": 10.609290123,
        "min": 2.80638122559,
        "var": 21.851726532
    },
    "barkbands_flatness_db": {
        "dmean": 0.0239633601159,
        "dmean2": 0.0340388417244,
        "dvar": 0.000599745137151,
        "dvar2": 0.00124547467567,
        "max": 0.604363620281,
        "mean": 0.168424680829,
        "median": 0.153047457337,
        "min": 0.0255940891802,
        "var": 0.00627120537683
    },
    "barkbands_kurtosis": {
        "dmean": 3.07414722443,
        "dmean2": 4.47767448425,
        "dvar": 27.110496521,
        "dvar2": 57.9650650024,
        "max": 107.550125122,
        "mean": 5.56660318375,
        "median": 2.83620142937,
        "min": -1.93282544613,
        "var": 79.3259811401
    },
    "barkbands_skewness": {
        "dmean": 0.536848902702,
        "dmean2": 0.749037981033,
        "dvar": 0.34503108263,
        "dvar2": 0.680712461472,
        "max": 9.3048658371,
        "mean": 1.61173808575,
        "median": 1.47576761246,
        "min": -3.39177012444,
        "var": 1.89929902554
    },
    "barkbands_spread": {
        "dmean": 5.84046888351,
        "dmean2": 8.85912322998,
        "dvar": 72.6146011353,
        "dvar2": 162.696456909,
        "max": 121.747627258,
        "mean": 19.9669265747,
        "median": 15.7875413895,
        "min": 0.333292067051,
        "var": 234.760955811
    },
    "dissonance": {
        "dmean": 0.0218683704734,
        "dmean2": 0.0354857183993,
        "dvar": 0.000507452816237,
        "dvar2": 0.00130669923965,
        "max": 0.500000059605,
        "mean": 0.437520563602,
        "median": 0.45240342617,
        "min": 0.11443656683,
        "var": 0.00268661533482
    },
    "dynamic_complexity": 3.16490316391,
    "erbbands_crest": {
        "dmean": 2.31755328178,
        "dmean2": 3.62190532684,
        "dvar": 5.15598249435,
        "dvar2": 12.0088100433,
        "max": 28.9469413757,
        "mean": 10.4168214798,
        "median": 9.43968963623,
        "min": 2.4890537262,
        "var": 21.9280700684
    },
    "erbbands_flatness_db": {
        "dmean": 0.0192348901182,
        "dmean2": 0.0274104885757,
        "dvar": 0.000399439915782,
        "dvar2": 0.000768829602748,
        "max": 0.561693906784,
        "mean": 0.181105092168,
        "median": 0.167396575212,
        "min": 0.0419510751963,
        "var": 0.00560462009162
    },
    "erbbands_kurtosis": {
        "dmean": 1.53452444077,
        "dmean2": 2.38128876686,
        "dvar": 6.28652429581,
        "dvar2": 15.1108636856,
        "max": 54.637928009,
        "mean": 2.21623873711,
        "median": 0.6530854702,
        "min": -1.91317617893,
        "var": 21.7504863739
    },
    "erbbands_skewness": {
        "dmean": 0.388668626547,
        "dmean2": 0.585660994053,
        "dvar": 0.174450948834,
        "dvar2": 0.390982359648,
        "max": 6.19460725784,
        "mean": 0.614306032658,
        "median": 0.571957230568,
        "min": -3.5822429657,
        "var": 1.44085228443
    },
    "erbbands_spread": {
        "dmean": 8.46288204193,
        "dmean2": 12.5136508942,
        "dvar": 125.397766113,
        "dvar2": 274.293395996,
        "max": 154.297286987,
        "mean": 33.7709693909,
        "median": 29.6772003174,
        "min": 1.20594012737,
        "var": 459.101470947
    },
    "hfc": {
        "dmean": 7.24326705933,
        "dmean2": 10.7129774094,
        "dvar": 135.482803345,
        "dvar2": 310.086914062,
        "max": 191.138809204,
        "mean": 20.3489894867,
        "median": 17.0276699066,
        "min": 1.2417896083e-16,
        "var": 302.408691406
    },
    "melbands_crest": {
        "dmean": 2.90016937256,
        "dmean2": 4.1846280098,
        "dvar": 8.64455127716,
        "dvar2": 17.0702648163,
        "max": 32.7543106079,
        "mean": 15.7185201645,
        "median": 14.4694156647,
        "min": 1.84077501297,
        "var": 39.9091644287
    },
    "melbands_flatness_db": {
        "dmean": 0.0286045782268,
        "dmean2": 0.0391464047134,
        "dvar": 0.000980571261607,
        "dvar2": 0.00194967025891,
        "max": 0.738903880119,
        "mean": 0.239444553852,
        "median": 0.226080074906,
        "min": 0.00370515417308,
        "var": 0.00978097878397
    },
    "melbands_kurtosis": {
        "dmean": 6.70224380493,
        "dmean2": 9.15665340424,
        "dvar": 139.047286987,
        "dvar2": 256.564880371,
        "max": 247.209854126,
        "mean": 14.0214633942,
        "median": 6.98164796829,
        "min": -1.7588095665,
        "var": 431.008789062
    },
    "melbands_skewness": {
        "dmean": 0.677794516087,
        "dmean2": 0.910194575787,
        "dvar": 0.602589845657,
        "dvar2": 1.03474473953,
        "max": 12.6342735291,
        "mean": 2.49377608299,
        "median": 2.18172836304,
        "min": -0.901243925095,
        "var": 3.34091901779
    },
    "melbands_spread": {
        "dmean": 6.43039131165,
        "dmean2": 9.56668663025,
        "dvar": 134.531341553,
        "dvar2": 278.493499756,
        "max": 267.230316162,
        "mean": 21.1757411957,
        "median": 14.3348579407,
        "min": 0.664414048195,
        "var": 401.806304932
    },
    "pitch_salience": {
        "dmean": 0.0635106936097,
        "dmean2": 0.0907001644373,
        "dvar": 0.0042683868669,
        "dvar2": 0.00895197689533,
        "max": 0.879310727119,
        "mean": 0.505709052086,
        "median": 0.508600115776,
        "min": 0.108762659132,
        "var": 0.0176947079599
    },
    "silence_rate_20dB": {
        "dmean": 0,
        "dmean2": 0,
        "dvar": 0,
        "dvar2": 0,
        "max": 1,
        "mean": 1,
        "median": 1,
        "min": 1,
        "var": 0
    },
    "silence_rate_30dB": {
        "dmean": 0.0309034269303,
        "dmean2": 0.061814557761,
        "dvar": 0.0299515295774,
        "dvar2": 0.0679638832808,
        "max": 1,
        "mean": 0.972589075565,
        "median": 1,
        "min": 0,
        "var": 0.0266569890082
    },
    "silence_rate_60dB": {
        "dmean": 0.0119626168162,
        "dmean2": 0.0239282157272,
        "dvar": 0.0118212644011,
        "dvar2": 0.0270996969193,
        "max": 1,
        "mean": 0.0624221265316,
        "median": 0,
        "min": 0,
        "var": 0.058525569737
    },
    "spectral_centroid": {
        "dmean": 214.700241089,
        "dmean2": 325.644287109,
        "dvar": 109659.070312,
        "dvar2": 233754.90625,
        "max": 11363.0175781,
        "mean": 1194.73742676,
        "median": 962.593017578,
        "min": 177.377120972,
        "var": 519861.5625
    },
    "spectral_complexity": {
        "dmean": 3.52448606491,
        "dmean2": 5.54636096954,
        "dvar": 27.7321014404,
        "dvar2": 63.5518493652,
        "max": 59,
        "mean": 15.1198606491,
        "median": 14,
        "min": 0,
        "var": 74.5325241089
    },
    "spectral_decrease": {
        "dmean": 2.21137486101e-09,
        "dmean2": 2.82460344003e-09,
        "dvar": 9.90094247786e-18,
        "dvar2": 1.51038779251e-17,
        "max": 8.10417036433e-17,
        "mean": -8.15863110404e-09,
        "median": -6.64732757727e-09,
        "min": -4.08714235789e-08,
        "var": 4.61995195187e-17
    },
    "spectral_energy": {
        "dmean": 0.00870299618691,
        "dmean2": 0.0111346505582,
        "dvar": 0.000145719604916,
        "dvar2": 0.000223413400818,
        "max": 0.156082645059,
        "mean": 0.0326382033527,
        "median": 0.0270333364606,
        "min": 1.11101915792e-20,
        "var": 0.000696526956744
    },
    "spectral_energyband_high": {
        "dmean": 0.000533551443368,
        "dmean2": 0.000840270717163,
        "dvar": 1.40967893003e-06,
        "dvar2": 3.29696877088e-06,
        "max": 0.0212279316038,
        "mean": 0.000721522199456,
        "median": 0.000271928904112,
        "min": 8.33559758351e-21,
        "var": 1.98828570319e-06
    },
    "spectral_energyband_low": {
        "dmean": 0.00539722526446,
        "dmean2": 0.00633100746199,
        "dvar": 0.000130121203256,
        "dvar2": 0.000180207731319,
        "max": 0.147844076157,
        "mean": 0.0137493684888,
        "median": 0.00658033881336,
        "min": 4.44249164477e-23,
        "var": 0.000467811361887
    },
    "spectral_energyband_middle_high": {
        "dmean": 0.00150083377957,
        "dmean2": 0.00231577968225,
        "dvar": 5.44983231521e-06,
        "dvar2": 1.21204493553e-05,
        "max": 0.0431001894176,
        "mean": 0.00448299897835,
        "median": 0.00252214563079,
        "min": 1.40865415098e-21,
        "var": 2.33980808844e-05
    },
    "spectral_energyband_middle_low": {
        "dmean": 0.00570926209912,
        "dmean2": 0.00877478998154,
        "dvar": 0.000108065956738,
        "dvar2": 0.000277304992778,
        "max": 0.09169588238,
        "mean": 0.0146670211107,
        "median": 0.0101281637326,
        "min": 3.10001560311e-22,
        "var": 0.000185683762538
    },
    "spectral_entropy": {
        "dmean": 0.224117919803,
        "dmean2": 0.325716823339,
        "dvar": 0.0625141710043,
        "dvar2": 0.129055291414,
        "max": 9.79646396637,
        "mean": 7.22279310226,
        "median": 7.29031848907,
        "min": 4.12758588791,
        "var": 0.460768610239
    },
    "spectral_flux": {
        "dmean": 0.0277890134603,
        "dmean2": 0.0387695133686,
        "dvar": 0.00118515919894,
        "dvar2": 0.00192407146096,
        "max": 0.390536040068,
        "mean": 0.0738715901971,
        "median": 0.0565579384565,
        "min": 1.05404893147e-10,
        "var": 0.00379310105927
    },
    "spectral_kurtosis": {
        "dmean": 5.40294361115,
        "dmean2": 9.24329471588,
        "dvar": 747.360412598,
        "dvar2": 2311.69628906,
        "max": 845.468322754,
        "mean": 14.0965518951,
        "median": 4.45627975464,
        "min": -1.28156483173,
        "var": 2702.68823242
    },
    "spectral_rms": {
        "dmean": 0.000720075855497,
        "dmean2": 0.000909037073143,
        "dvar": 7.7189372405e-07,
        "dvar2": 1.20214008348e-06,
        "max": 0.0123400064185,
        "mean": 0.00515286205336,
        "median": 0.00513556133956,
        "min": 3.29229568954e-12,
        "var": 5.2902501011e-06
    },
    "spectral_rolloff": {
        "dmean": 494.098480225,
        "dmean2": 822.073059082,
        "dvar": 1507063.375,
        "dvar2": 3235656,
        "max": 18583.1542969,
        "mean": 1508.98706055,
        "median": 753.662109375,
        "min": 64.599609375,
        "var": 5620642.5
    },
    "spectral_skewness": {
        "dmean": 0.357827097178,
        "dmean2": 0.577867567539,
        "dvar": 0.425673335791,
        "dvar2": 1.21810424328,
        "max": 23.1649456024,
        "mean": 2.09864282608,
        "median": 1.61344730854,
        "min": -0.0329835526645,
        "var": 4.37485170364
    },
    "spectral_spread": {
        "dmean": 705414.25,
        "dmean2": 1003550.375,
        "dvar": 1.01442735309e+12,
        "dvar2": 1.74083158835e+12,
        "max": 40769068,
        "mean": 4646195.5,
        "median": 4183279.75,
        "min": 145589.671875,
        "var": 5.43406686208e+12
    },
    "spectral_strongpeak": {
        "dmean": 0.548452079296,
        "dmean2": 0.921836137772,
        "dvar": 1.18734323978,
        "dvar2": 2.73205447197,
        "max": 12.7887849808,
        "mean": 1.18782401085,
        "median": 0.614890813828,
        "min": 0,
        "var": 2.04219865799
    },
    "zerocrossingrate": {
        "dmean": 0.0119468579069,
        "dmean2": 0.0129766343161,
        "dvar": 0.000328017544234,
        "dvar2": 0.000366390566342,
        "max": 0.67236328125,
        "mean": 0.0575376115739,
        "median": 0.04296875,
        "min": 0.00244140625,
        "var": 0.00423553306609
    },
    "barkbands": {
        "dmean": [0.00025887551601, 0.0046747722663, 0.00227187108248, 0.00172903831117, 0.00147767586168, 0.00216877833009, 0.000974322552793, 0.000626915832981, 0.000615151191596, 0.000370608235244, 0.000173098378582, 0.000297790073091, 0.000157138158102, 0.000272640929325, 0.000402261153795, 0.00022833723051, 0.000218655593926, 0.000204529598705, 0.00014582836593, 0.000116811264888, 0.000123001911561, 9.10037269932e-05, 9.44886924117e-05, 9.47708685999e-05, 9.0064611868e-05, 4.17993724113e-05, 6.12219218965e-06],
        "dmean2": [0.000338121026289, 0.00583452591673, 0.00373930367641, 0.00308502162807, 0.00236457609572, 0.00314309238456, 0.00143819034565, 0.000914086820558, 0.000865145644639, 0.000571514538024, 0.000264694041107, 0.000423871446401, 0.000254894956015, 0.00042396801291, 0.000641203485429, 0.000379185483325, 0.000371395872207, 0.000324712716974, 0.000226675139857, 0.000191371553228, 0.000205805161386, 0.000147236918565, 0.000153934059199, 0.000151957880007, 0.000145740545122, 6.34489479125e-05, 9.1760275609e-06],
        "dvar": [2.74176699122e-07, 0.00012833038636, 6.90529850544e-05, 5.00505411765e-05, 1.31798842631e-05, 1.62408359756e-05, 4.64149616164e-06, 1.66744996477e-06, 1.82481778666e-06, 1.22958147131e-06, 4.99832424339e-07, 7.43580812923e-07, 2.28512234912e-07, 3.22383755247e-07, 6.17375121692e-07, 1.91557617768e-07, 2.01670388833e-07, 3.12776080591e-07, 7.66034062849e-08, 6.47257394348e-08, 1.01705573741e-07, 5.35762261222e-08, 5.53352634824e-08, 7.16732841965e-08, 6.48948343951e-08, 2.53095784331e-08, 9.09356812073e-10],
        "dvar2": [5.42098234746e-07, 0.000219414854655, 0.000174567234353, 0.000142136123031, 3.61587844964e-05, 3.4574259189e-05, 9.99377334665e-06, 3.61283764505e-06, 3.51481821781e-06, 2.68963231065e-06, 1.07536266114e-06, 1.53717383e-06, 6.17142120518e-07, 7.37460538858e-07, 1.47825323893e-06, 5.02056707319e-07, 5.27852080268e-07, 7.77489276516e-07, 1.7434946642e-07, 1.70353203544e-07, 2.67700698942e-07, 1.21764983874e-07, 1.25821145502e-07, 1.63977531997e-07, 1.58289196861e-07, 5.53646195556e-08, 1.78680048535e-09],
        "max": [0.00909314956516, 0.132537454367, 0.0890231132507, 0.0688066631556, 0.0410329438746, 0.0724585428834, 0.0640320032835, 0.026887897402, 0.0332556031644, 0.035572681576, 0.0250080879778, 0.0224300697446, 0.0143608488142, 0.0121610304341, 0.0170356016606, 0.00464186724275, 0.00865377299488, 0.0145486481488, 0.00480131851509, 0.00324101978913, 0.00511805154383, 0.00504850922152, 0.00707449251786, 0.00844946410507, 0.00605896674097, 0.00735881505534, 0.0015806859592],
        "mean": [0.00060769537231, 0.00989774335176, 0.0023999537807, 0.00156856304966, 0.0027566945646, 0.00459237210453, 0.00251953303814, 0.00154585414566, 0.00134919397533, 0.00067075289553, 0.000311898445943, 0.000572112097871, 0.00022855529096, 0.000499584537465, 0.000851017364766, 0.000363152939826, 0.000289580319077, 0.000447582540801, 0.000319781916915, 0.000193311876501, 0.000164826953551, 0.000112139969133, 0.000111958252091, 0.000110985936772, 9.62236881605e-05, 5.01045906276e-05, 7.11581242285e-06],
        "median": [0.000179247173946, 0.00305036292411, 0.00063943490386, 0.000341338978615, 0.00167725526262, 0.00197004480287, 0.000456002540886, 0.000406905310228, 0.000500784895848, 0.000184421034646, 7.36803485779e-05, 0.00018451208598, 7.09540909156e-05, 0.000149255080032, 0.000148256265675, 8.94750410225e-05, 7.55666842451e-05, 7.90907361079e-05, 9.61799742072e-05, 5.67659262742e-05, 4.3114865548e-05, 3.24528155033e-05, 3.11198527925e-05, 2.34250474023e-05, 1.51326421474e-05, 4.88842670165e-06, 1.73448597707e-07],
        "min": [1.44489222793e-24, 2.42182427827e-23, 8.61188879494e-24, 2.77795569171e-23, 6.60079046899e-23, 4.22119249503e-23, 2.67151153432e-23, 8.63604781793e-23, 4.17496840142e-23, 7.63089766081e-23, 4.32389524291e-23, 9.66275659696e-23, 1.2787459255e-22, 1.41660031532e-22, 1.22276368561e-22, 1.71913289009e-22, 1.35983413702e-22, 2.26701887688e-22, 2.23687706967e-22, 1.64083661509e-22, 6.31295670791e-22, 4.90406324809e-22, 8.1052082949e-22, 9.1709106578e-22, 1.3667427915e-21, 1.68852503648e-21, 2.66114463985e-21],
        "var": [7.30396493509e-07, 0.000317398575135, 5.411415259e-05, 2.98932955047e-05, 1.42583558045e-05, 4.86730896228e-05, 2.51507135545e-05, 9.32543571253e-06, 5.32746389581e-06, 2.94699566439e-06, 1.46350714658e-06, 1.85645058082e-06, 2.86644535663e-07, 8.36694482587e-07, 2.63921901933e-06, 3.24717518652e-07, 2.91487026516e-07, 1.20202685139e-06, 2.81477781527e-07, 9.92271367295e-08, 1.09804190629e-07, 7.28634290681e-08, 7.72896200374e-08, 1.02721912754e-07, 7.42216244021e-08, 4.27055013574e-08, 1.69077540857e-09]
    },
    "erbbands": {
        "dmean": [0.150347813964, 1.11578679085, 2.4832701683, 4.35993385315, 4.89452457428, 5.31306362152, 7.09006738663, 21.9758071899, 16.9734039307, 14.9837532043, 13.9119701385, 9.39758586884, 19.3558940887, 8.65884780884, 8.04913330078, 10.9685716629, 6.26042318344, 14.1506996155, 12.1264839172, 19.0837650299, 13.4149494171, 11.5136804581, 9.11574745178, 8.52244377136, 6.43737077713, 5.3404340744, 5.61485671997, 4.05416965485, 3.12903594971, 3.15394258499, 2.72399997711, 2.01321578026, 1.5449616909, 1.10793232918, 0.612856090069, 0.218200072646, 0.070019826293, 0.0151295466349, 0.000965020561125, 2.44806487899e-05],
        "dmean2": [0.177863419056, 1.45751595497, 3.7603700161, 7.50369644165, 8.29434204102, 8.38672161102, 10.7125329971, 31.5579051971, 25.0349330902, 21.939535141, 20.4753913879, 13.7080535889, 28.072593689, 13.0159835815, 11.8595542908, 15.5265817642, 10.1002883911, 22.0822849274, 19.0862426758, 30.7743167877, 22.3292255402, 19.5231208801, 14.6023426056, 13.2289505005, 10.1678104401, 8.76415634155, 9.55406284332, 6.6883354187, 5.04732656479, 5.15826177597, 4.44369220734, 3.2678797245, 2.47755217552, 1.7980761528, 1.01320898533, 0.339624613523, 0.107477210462, 0.0218247249722, 0.00143595028203, 3.34016658599e-05],
        "dvar": [0.099308244884, 8.97946357727, 70.3259811401, 280.668548584, 267.745727539, 148.951263428, 165.817306519, 1795.1661377, 1269.36169434, 1706.80981445, 895.908813477, 334.404174805, 1967.88684082, 718.403991699, 704.030273438, 1104.73608398, 358.057006836, 875.38873291, 518.016418457, 1759.43579102, 665.536987305, 575.569152832, 505.801879883, 320.050354004, 161.017776489, 141.022735596, 226.951828003, 108.648414612, 57.679069519, 62.1067581177, 54.1140594482, 32.4981040955, 20.2813835144, 10.3936719894, 3.53594064713, 0.523698151112, 0.0845519155264, 0.00646140100434, 2.25671647058e-05, 5.81301229374e-09],
        "dvar2": [0.148883000016, 15.8661756516, 160.249343872, 772.691833496, 742.300476074, 395.143890381, 370.810150146, 3785.72705078, 2772.70361328, 3600.99926758, 1996.63623047, 688.74230957, 4122.27197266, 1515.22119141, 1491.02770996, 2178.33081055, 989.051696777, 2044.76379395, 1202.87963867, 4358.54443359, 1690.57556152, 1534.53918457, 1271.04833984, 795.859558105, 408.58303833, 371.568572998, 623.545898438, 261.651489258, 131.08694458, 142.625579834, 125.695594788, 74.8683166504, 45.7326927185, 24.8099708557, 9.19546222687, 1.27939164639, 0.18009275198, 0.0111053232104, 3.94868948206e-05, 1.00938182257e-08],
        "max": [3.4713640213, 34.4856414795, 104.33682251, 159.864242554, 161.055175781, 153.976913452, 278.835388184, 823.096252441, 843.48614502, 1088.21105957, 613.163269043, 374.710876465, 994.719848633, 1352.53271484, 922.68182373, 1068.26379395, 608.344360352, 726.773193359, 330.302154541, 1146.36914062, 281.077880859, 559.844116211, 601.667236328, 345.808898926, 182.65675354, 171.682891846, 191.869720459, 198.153610229, 167.700561523, 158.224945068, 271.697113037, 180.297790527, 117.483787537, 108.415405273, 26.4709339142, 11.9180965424, 14.8673677444, 6.06258392334, 0.238341495395, 0.00420446693897],
        "mean": [0.372638911009, 1.84942960739, 2.88884711266, 4.41043281555, 5.65698671341, 10.2805566788, 15.3856506348, 45.3476219177, 38.0791549683, 42.1305274963, 34.3101081848, 21.6952972412, 40.2299308777, 17.4463500977, 16.2202777863, 21.4397792816, 10.7739305496, 26.5536880493, 25.7277374268, 40.8617477417, 22.6278038025, 16.2117824554, 19.6302318573, 22.0674438477, 13.7421197891, 9.00292015076, 7.82317447662, 4.88442707062, 3.91621088982, 3.71816730499, 3.23172354698, 2.46755003929, 1.72949111462, 1.1554826498, 0.643798232079, 0.246830016375, 0.085717484355, 0.0188382342458, 0.00116739538498, 5.90900053794e-05],
        "median": [0.121075004339, 0.458598852158, 0.864170193672, 1.10464954376, 2.06815004349, 5.85545063019, 8.98344516754, 16.4032287598, 13.5272760391, 6.32671928406, 9.78154182434, 10.7890739441, 16.4310474396, 6.02879333496, 5.57386398315, 7.27207946777, 4.99056959152, 9.04960632324, 6.57371234894, 7.54065704346, 6.92941761017, 5.01518726349, 4.667719841, 5.17619419098, 4.29808282852, 2.70403718948, 1.9825335741, 1.36608684063, 1.14903783798, 1.00632286072, 0.91722536087, 0.647875905037, 0.278316617012, 0.170455545187, 0.102179311216, 0.0318809896708, 0.007159832865, 0.00085642200429, 5.19904679095e-05, 3.97747644456e-05],
        "min": [5.15219117857e-22, 6.02883642435e-21, 1.40707154202e-20, 4.47354461788e-20, 5.54657817188e-20, 2.07488744082e-19, 5.04952456632e-19, 4.25250890426e-19, 2.95225387662e-19, 6.00928568745e-19, 2.26100390582e-18, 1.1982472179e-18, 1.81479517966e-18, 2.3068067575e-18, 2.26870206219e-18, 4.44901946235e-18, 6.76681428031e-18, 7.38057691815e-18, 6.00377738835e-18, 6.33611002075e-18, 9.12644334416e-18, 7.97196307965e-18, 1.30092274851e-17, 9.86434469883e-18, 1.13744464523e-17, 8.15808781646e-18, 1.74089655945e-17, 2.73655996615e-17, 1.73038259756e-17, 2.07702040875e-17, 2.23251679814e-17, 1.82531149902e-17, 1.64482978834e-17, 1.03420687995e-17, 1.18787420758e-17, 5.99165547007e-18, 3.5420022722e-18, 1.42973805502e-18, 3.77586934073e-19, 3.56160868869e-20],
        "var": [0.319830387831, 17.1050796509, 69.863822937, 184.515411377, 187.049057007, 204.660827637, 448.189666748, 5487.82128906, 4224.29589844, 10047.8984375, 4615.48486328, 1030.12927246, 4932.73925781, 1746.39208984, 2013.49389648, 2955.67895508, 452.924499512, 2151.39672852, 1855.47302246, 6618.71630859, 1207.32006836, 847.947143555, 1804.96154785, 1524.59313965, 444.130950928, 220.052871704, 240.860153198, 121.594703674, 81.2741470337, 84.4355621338, 70.1016540527, 44.6660118103, 29.2697620392, 12.4909210205, 3.41160154343, 0.607771635056, 0.149333208799, 0.0153421293944, 4.63700744149e-05, 1.32391040353e-08]
    },
    "gfcc": {
        "mean": [-33.4757232666, 101.869827271, -109.458061218, 23.3145332336, -58.0451087952, 4.4871430397, -40.5575752258, 10.7113580704, -16.3276195526, 5.3972826004, -9.50709056854, 2.43593382835, -4.67685079575],
        "cov": [[24303.6777344, -1492.70812988, -947.858642578, 2883.5246582, -818.90612793, 1094.91247559, -637.68963623, 559.556030273, -394.243377686, 560.772644043, -116.07951355, 423.980957031, 109.77532959], [-1492.70812988, 2976.09667969, -361.165008545, -737.67175293, 344.813201904, -334.832061768, 336.758514404, -305.142608643, 68.7149734497, -278.919677734, 284.92074585, -255.959320068, 18.2955589294], [-947.858642578, -361.165008545, 1423.88818359, -77.7776489258, -109.93396759, 215.154129028, -11.9041366577, 222.119186401, 92.4992599487, 104.723442078, -38.543510437, 120.31703949, -84.7313461304], [2883.5246582, -737.67175293, -77.7776489258, 1284.4876709, 94.6828308105, 366.273284912, -8.06166362762, 169.644668579, 66.0823822021, 114.984977722, -98.9907455444, 54.5580825806, 58.2925949097], [-818.90612793, 344.813201904, -109.93396759, 94.6828308105, 393.20614624, -14.6759109497, 107.286720276, -39.0947227478, 29.7286014557, -41.9636878967, 11.6512565613, -54.3157501221, 31.6793079376], [1094.91247559, -334.832061768, 215.154129028, 366.273284912, -14.6759109497, 456.031890869, 155.133972168, 183.594146729, 99.7111587524, 118.044967651, 14.3974027634, 26.0871162415, -44.5455207825], [-637.68963623, 336.758514404, -11.9041366577, -8.06166362762, 107.286720276, 155.133972168, 347.592926025, 107.874450684, 126.196121216, 17.6880455017, 81.7196578979, -55.875541687, -43.7741470337], [559.556030273, -305.142608643, 222.119186401, 169.644668579, -39.0947227478, 183.594146729, 107.874450684, 298.434997559, 120.881843567, 94.4670791626, 15.6498222351, 54.8633880615, -33.1959190369], [-394.243377686, 68.7149734497, 92.4992599487, 66.0823822021, 29.7286014557, 99.7111587524, 126.196121216, 120.881843567, 192.082870483, 44.5882453918, 49.9012641907, 1.67826914787, -8.64390087128], [560.772644043, -278.919677734, 104.723442078, 114.984977722, -41.9636878967, 118.044967651, 17.6880455017, 94.4670791626, 44.5882453918, 156.536331177, 22.3115272522, 43.4209671021, -1.24246454239], [-116.07951355, 284.92074585, -38.543510437, -98.9907455444, 11.6512565613, 14.3974027634, 81.7196578979, 15.6498222351, 49.9012641907, 22.3115272522, 148.889526367, 25.619977951, 5.60247850418], [423.980957031, -255.959320068, 120.31703949, 54.5580825806, -54.3157501221, 26.0871162415, -55.875541687, 54.8633880615, 1.67826914787, 43.4209671021, 25.619977951, 136.341888428, 49.7089920044], [109.77532959, 18.2955589294, -84.7313461304, 58.2925949097, 31.6793079376, -44.5455207825, -43.7741470337, -33.1959190369, -8.64390087128, -1.24246454239, 5.60247850418, 49.7089920044, 128.744857788]],
        "icov": [[0.00013353144459, -0.000233568192925, 0.000198191512027, -0.000267672847258, 0.000284678390017, -0.000308053626213, 0.000381177698728, -0.000386627594708, 0.000508974073455, -0.000383653183235, 0.000218028057134, -0.000440990785137, 0.000215497420868], [-0.000233568192925, 0.00135024730116, -0.000545276678167, 0.000593538919929, -0.000749037833884, 0.000862047658302, -0.00115480541717, 0.00109597248957, -0.00104189664125, 0.00172937696334, -0.00230529368855, 0.00243904488161, -0.00114247947931], [0.000198191512027, -0.000545276678167, 0.00138962781057, -3.6332388845e-05, 0.000305220659357, -0.00107497524004, 0.00102134887129, -0.000982681289315, 0.000294005934848, -0.00090103445109, 0.00151944963727, -0.00217624637298, 0.00127153738867], [-0.000267672847258, 0.000593538919929, -3.6332388845e-05, 0.00202168081887, -0.0011798752239, -0.000718915369362, -0.000103165424662, 0.000368847802747, -0.00137599220034, 0.000679648423102, 0.000439074123278, 0.000763156160247, -0.00109337538015], [0.000284678390017, -0.000749037833884, 0.000305220659357, -0.0011798752239, 0.00411654543132, -0.000129207619466, -0.000505832838826, -0.000338374666171, 0.000990286818705, -0.000554022437427, 0.000771650229581, -0.000260861794231, -0.000589780625887], [-0.000308053626213, 0.000862047658302, -0.00107497524004, -0.000718915369362, -0.000129207619466, 0.00583072239533, -0.00327351037413, 0.000662694801576, -0.000996389775537, -0.000467964622658, -0.00130866840482, 0.00132015172858, 0.000341078120982], [0.000381177698728, -0.00115480541717, 0.00102134887129, -0.000103165424662, -0.000505832838826, -0.00327351037413, 0.00793134048581, -0.00313793704845, -0.000273615267361, -0.000669082277454, -0.000934697105549, 0.000682992918883, 0.00118958100211], [-0.000386627594708, 0.00109597248957, -0.000982681289315, 0.000368847802747, -0.000338374666171, 0.000662694801576, -0.00313793704845, 0.00854991842061, -0.00439234264195, -5.2722847613e-05, 4.66923956992e-05, -0.00131928257179, 0.00102228019387], [0.000508974073455, -0.00104189664125, 0.000294005934848, -0.00137599220034, 0.000990286818705, -0.000996389775537, -0.000273615267361, -0.00439234264195, 0.0110399732366, -0.00213043414988, -0.0011682981858, -6.79000295349e-05, -0.000485677010147], [-0.000383653183235, 0.00172937696334, -0.00090103445109, 0.000679648423102, -0.000554022437427, -0.000467964622658, -0.000669082277454, -5.2722847613e-05, -0.00213043414988, 0.011825285852, -0.00431615486741, 0.00231364229694, -0.00182044075336], [0.000218028057134, -0.00230529368855, 0.00151944963727, 0.000439074123278, 0.000771650229581, -0.00130866840482, -0.000934697105549, 4.66923956992e-05, -0.0011682981858, -0.00431615486741, 0.0150025663897, -0.00874359346926, 0.00259745423682], [-0.000440990785137, 0.00243904488161, -0.00217624637298, 0.000763156160247, -0.000260861794231, 0.00132015172858, 0.000682992918883, -0.00131928257179, -6.79000295349e-05, 0.00231364229694, -0.00874359346926, 0.0193228572607, -0.00839776638895], [0.000215497420868, -0.00114247947931, 0.00127153738867, -0.00109337538015, -0.000589780625887, 0.000341078120982, 0.00118958100211, 0.00102228019387, -0.000485677010147, -0.00182044075336, 0.00259745423682, -0.00839776638895, 0.0130882030353]]
    },
    "melbands": {
        "dmean": [0.00126941420604, 0.0012120482279, 0.000760029070079, 0.00033779151272, 0.00023737749143, 0.000474420347018, 0.000257380277617, 0.000149155617692, 0.000103116493847, 7.47617086745e-05, 9.73516362137e-05, 3.51631206286e-05, 2.67614523182e-05, 3.77496726287e-05, 1.4928177734e-05, 1.95742941287e-05, 2.71561766567e-05, 1.6886040612e-05, 3.40670376318e-05, 1.66021472978e-05, 1.67880825757e-05, 1.35167547342e-05, 7.17297461961e-06, 1.27066814457e-05, 6.78727701597e-06, 5.81943004363e-06, 4.49384106105e-06, 3.48095522895e-06, 3.71357987206e-06, 3.15775469062e-06, 2.18111335926e-06, 1.72352133632e-06, 1.96962787413e-06, 1.77315132532e-06, 1.74991669155e-06, 1.25149051655e-06, 1.24647601751e-06, 1.15285956781e-06, 1.03877414404e-06, 8.94842628441e-07],
        "dmean2": [0.00152731430717, 0.00165560783353, 0.00128231488634, 0.000556419370696, 0.000357921700925, 0.000683962542098, 0.000377691321773, 0.00021907617338, 0.000151807034854, 0.000106808445707, 0.000141148862895, 5.32323829248e-05, 4.04827405873e-05, 5.34163373231e-05, 2.28775188589e-05, 3.10266950692e-05, 4.23681667598e-05, 2.64705613517e-05, 5.41621375305e-05, 2.75244983641e-05, 2.80575914076e-05, 2.30222176469e-05, 1.19971000458e-05, 2.0109991965e-05, 1.05194958451e-05, 9.12803716346e-06, 7.23861967344e-06, 5.77016453462e-06, 6.33132412986e-06, 5.41729059478e-06, 3.57597491529e-06, 2.79113100987e-06, 3.27390171151e-06, 2.93773177873e-06, 2.91744663627e-06, 1.98717521016e-06, 2.04237653634e-06, 1.8854790369e-06, 1.66499251009e-06, 1.4757468989e-06],
        "dvar": [7.97633947514e-06, 1.25691612993e-05, 7.98747805675e-06, 8.77709055658e-07, 1.88991919003e-07, 8.30089732062e-07, 2.58620360682e-07, 1.53049086293e-07, 4.82139945746e-08, 2.46594300535e-08, 4.94857772537e-08, 1.35991680139e-08, 1.19002558918e-08, 1.22260122026e-08, 3.36534755618e-09, 2.0151020852e-09, 3.64103502903e-09, 1.26164767522e-09, 4.33766178531e-09, 1.32853816837e-09, 1.09932118963e-09, 8.40106983979e-10, 2.1977093756e-10, 1.69377012416e-09, 2.05602743164e-10, 1.11671380476e-10, 9.40782382552e-11, 5.96469817982e-11, 8.65173141462e-11, 8.6589860282e-11, 3.11640192818e-11, 1.95636128825e-11, 2.4912480065e-11, 1.95603741537e-11, 2.22817909956e-11, 1.25428929396e-11, 1.53044261292e-11, 1.27499269822e-11, 9.50862652505e-12, 7.85917164681e-12],
        "dvar2": [1.22836045193e-05, 2.29382221733e-05, 2.1486705009e-05, 2.43997328653e-06, 4.36981991925e-07, 1.76044250111e-06, 5.61172043945e-07, 3.23460113805e-07, 1.06876008488e-07, 4.84787960886e-08, 1.03663104767e-07, 2.89728827596e-08, 2.52671767953e-08, 2.56044359048e-08, 8.13092793095e-09, 5.24743137831e-09, 8.34541769024e-09, 2.76505374153e-09, 1.02766772869e-08, 3.39341710287e-09, 2.8017914655e-09, 2.22648544046e-09, 5.76096559346e-10, 4.23218171619e-09, 5.05631425618e-10, 2.7333366126e-10, 2.45701958779e-10, 1.56308951893e-10, 2.37896785604e-10, 2.3726295928e-10, 7.13881662118e-11, 4.45932006599e-11, 5.94793450603e-11, 4.5889361755e-11, 5.46623024622e-11, 2.78043386925e-11, 3.70042260722e-11, 3.060037293e-11, 2.15039288459e-11, 2.00680791429e-11],
        "max": [0.0320006646216, 0.0439277179539, 0.0268864296377, 0.0108711831272, 0.00939127616584, 0.0169013775885, 0.0126312356442, 0.0098615437746, 0.00429874937981, 0.00370078557171, 0.00497611984611, 0.00596486078575, 0.00399065064266, 0.00326330610551, 0.00202466570772, 0.00119905127212, 0.00154644227587, 0.000648188928608, 0.00120527064428, 0.000886497378815, 0.000404532824177, 0.000805788557045, 0.000199356974917, 0.00111740990542, 0.000343317486113, 0.000172085608938, 0.000150909021613, 0.000107580148324, 0.000123208446894, 0.000170665400219, 0.000132043045596, 0.000110662811494, 0.000126182640088, 8.60152867972e-05, 0.000165033910889, 0.000113679358037, 0.000136210626806, 8.14542217995e-05, 8.86591224116e-05, 9.62883495959e-05],
        "mean": [0.0029909957666, 0.00185513473116, 0.000807901320513, 0.000530925521161, 0.000523218128365, 0.000977385672741, 0.000615496188402, 0.000423744349973, 0.000240463705268, 0.000164997894899, 0.000200676469831, 6.65536354063e-05, 5.1361424994e-05, 7.28847808205e-05, 2.45709125011e-05, 3.32000345225e-05, 4.92553663207e-05, 3.05380272039e-05, 7.45924407966e-05, 3.01127529383e-05, 2.62379326159e-05, 1.76571011252e-05, 9.68732820184e-06, 2.83783247141e-05, 1.66277604876e-05, 1.2398842955e-05, 7.86864438851e-06, 5.11925827595e-06, 5.20797084391e-06, 3.62985656466e-06, 2.5096671834e-06, 2.07848825085e-06, 2.34968570112e-06, 1.97529129764e-06, 1.95188772523e-06, 1.56906151005e-06, 1.47856837884e-06, 1.25630162984e-06, 1.07678670247e-06, 9.13073108677e-07],
        "median": [0.00100837869104, 0.000583336106502, 0.000215329768253, 0.000286744150799, 0.000307936948957, 0.000362491700798, 0.000205833697692, 7.05127677065e-05, 6.93191104801e-05, 6.89116350259e-05, 8.07070027804e-05, 1.7767339159e-05, 1.41069031088e-05, 2.27821437875e-05, 6.31798957329e-06, 1.29069958348e-05, 1.50179239427e-05, 6.98469193594e-06, 1.13628875624e-05, 6.30137765256e-06, 6.73160775477e-06, 4.01665374739e-06, 3.11440976475e-06, 4.04183447245e-06, 3.88947501051e-06, 3.63173012374e-06, 2.23128108701e-06, 1.55931513746e-06, 1.29184331854e-06, 8.59839303757e-07, 6.75214550938e-07, 5.79465336159e-07, 6.07523134022e-07, 4.77069761473e-07, 5.02609793784e-07, 4.59755227666e-07, 3.51789424258e-07, 1.97063911855e-07, 1.37418055601e-07, 1.32989157464e-07],
        "min": [5.91427795534e-24, 7.49856624395e-24, 9.09961861567e-24, 6.3909858115e-24, 1.86196716948e-23, 8.49178472212e-24, 5.05043463778e-24, 7.92873367329e-24, 1.76758059326e-23, 6.59314680125e-24, 9.64666998761e-24, 9.68605781261e-24, 6.63188499929e-24, 1.12267481256e-23, 1.20087498852e-23, 1.56729322705e-23, 1.23330174712e-23, 8.51523124594e-24, 1.01617866924e-23, 1.08042200252e-23, 9.90330773932e-24, 8.07223378284e-24, 8.66870176847e-24, 1.28174585308e-23, 7.2979076398e-24, 8.17786068033e-24, 6.35111717578e-24, 5.22596171122e-24, 8.40836268139e-24, 1.72201109644e-23, 1.48564880548e-23, 9.58728927183e-24, 8.95219471198e-24, 1.31142911122e-23, 1.33913414287e-23, 1.16028367733e-23, 1.08377142704e-23, 1.15126865379e-23, 1.03530649515e-23, 8.30370450509e-24],
        "var": [2.3954657081e-05, 1.97877179744e-05, 5.55500355404e-06, 7.51171910451e-07, 4.80912319745e-07, 2.49765707849e-06, 9.92141963252e-07, 9.63180582403e-07, 2.29986042655e-07, 7.27105344822e-08, 1.24247307554e-07, 3.21461826047e-08, 3.49446196424e-08, 2.98211553229e-08, 5.62153523731e-09, 3.37151306873e-09, 8.92295926036e-09, 3.87250942424e-09, 2.44191138421e-08, 3.95967836297e-09, 1.91766580393e-09, 1.35688649205e-09, 2.80617029613e-10, 6.2027329939e-09, 9.31056731712e-10, 4.0785702593e-10, 1.75672684732e-10, 8.1308453026e-11, 1.00725400243e-10, 7.42904557316e-11, 3.65008127889e-11, 2.57971751599e-11, 3.30711083518e-11, 2.50472177721e-11, 2.55064788734e-11, 1.83979099316e-11, 1.86147607745e-11, 1.64606332037e-11, 1.2432620905e-11, 8.2991113981e-12]
    },
    "mfcc": {
        "mean": [-668.256835938, 128.172531128, 7.36941099167, 21.2151508331, 3.39527225494, -3.30307507515, -7.79993152618, -0.565773308277, -3.98131775856, 6.37124919891, -1.29065442085, -1.78532838821, 0.027530156076],
        "cov": [[11611.4970703, -513.854675293, -596.932739258, 830.291137695, 298.028411865, 368.348022461, 123.868377686, 194.643234253, 203.026657104, 414.735321045, 117.449638367, -20.2350616455, 43.6179008484], [-513.854675293, 2045.21142578, -77.9370803833, -348.986572266, -192.171463013, -82.3433609009, 113.303863525, 81.7353744507, -84.1627731323, 27.9817180634, 96.2508392334, 141.170883179, 41.3486671448], [-596.932739258, -77.9370803833, 1099.34277344, -100.534385681, 49.6203918457, -38.262008667, -9.49073600769, 42.8107643127, 113.688522339, -73.7060394287, 41.7785339355, 173.264389038, 76.830039978], [830.291137695, -348.986572266, -100.534385681, 640.943664551, 228.287521362, 164.601669312, 40.6377449036, 74.1066589355, 108.825927734, 101.815032959, 11.2236328125, -61.3194313049, -19.627822876], [298.028411865, -192.171463013, 49.6203918457, 228.287521362, 278.867370605, 92.1242141724, 9.43772697449, 46.5695533752, 68.0520935059, 25.3233757019, -8.84488010406, -19.9807281494, 3.39894866943], [368.348022461, -82.3433609009, -38.262008667, 164.601669312, 92.1242141724, 291.205535889, 114.307121277, 54.3090438843, 65.5196533203, 77.8117752075, 47.0667724609, 2.07857990265, 10.39864254], [123.868377686, 113.303863525, -9.49073600769, 40.6377449036, 9.43772697449, 114.307121277, 202.016586304, 93.610534668, 47.4826164246, 81.2181167603, 69.275970459, 54.6961593628, 30.9722709656], [194.643234253, 81.7353744507, 42.8107643127, 74.1066589355, 46.5695533752, 54.3090438843, 93.610534668, 209.262298584, 104.130317688, 75.1177368164, 79.8902816772, 104.096641541, 47.2901306152], [203.026657104, -84.1627731323, 113.688522339, 108.825927734, 68.0520935059, 65.5196533203, 47.4826164246, 104.130317688, 174.725646973, 88.0824890137, 61.2541275024, 63.5471343994, 34.6171913147], [414.735321045, 27.9817180634, -73.7060394287, 101.815032959, 25.3233757019, 77.8117752075, 81.2181167603, 75.1177368164, 88.0824890137, 185.885223389, 95.0598449707, 36.6570510864, 14.3122797012], [117.449638367, 96.2508392334, 41.7785339355, 11.2236328125, -8.84488010406, 47.0667724609, 69.275970459, 79.8902816772, 61.2541275024, 95.0598449707, 146.710144043, 103.43119812, 37.7824401855], [-20.2350616455, 141.170883179, 173.264389038, -61.3194313049, -19.9807281494, 2.07857990265, 54.6961593628, 104.096641541, 63.5471343994, 36.6570510864, 103.43119812, 203.269454956, 83.2017211914], [43.6179008484, 41.3486671448, 76.830039978, -19.627822876, 3.39894866943, 10.39864254, 30.9722709656, 47.2901306152, 34.6171913147, 14.3122797012, 37.7824401855, 83.2017211914, 98.1399230957]],
