{
"lowlevel": {
    "average_loudness": 0.882263839245,
    "barkbands_crest": {
        "dmean": 2.2303814888,
        "dmean2": 3.56007552147,
        "dvar": 4.66114473343,
        "dvar2": 11.048116684,
        "max": 25.3588485718,
        "mean": 10.5260906219,
        "median": 9.82244300842,
        "min": 2.24652886391,
        "var": 14.9151363373
    },
    "barkbands_flatness_db": {
        "dmean": 0.0239720828831,
        "dmean2": 0.0364235267043,
        "dvar": 0.000651154841762,
        "dvar2": 0.00137795624323,
        "max": 0.64822524786,
        "mean": 0.207992643118,
        "median": 0.188119441271,
        "min": 0.0445407032967,
        "var": 0.00810384470969
    },
    "barkbands_kurtosis": {
        "dmean": 2.5597858429,
        "dmean2": 3.97874832153,
        "dvar": 20.921339035,
        "dvar2": 45.5920906067,
        "max": 101.49105835,
        "mean": 4.33495759964,
        "median": 2.6857676506,
        "min": -1.76761269569,
        "var": 43.4988136292
    },
    "barkbands_skewness": {
        "dmean": 0.445843428373,
        "dmean2": 0.681964337826,
        "dvar": 0.258562117815,
        "dvar2": 0.584103941917,
        "max": 8.25263118744,
        "mean": 1.48333573341,
        "median": 1.45121312141,
        "min": -2.06600785255,
        "var": 1.08777952194
    },
    "barkbands_spread": {
        "dmean": 3.43143749237,
        "dmean2": 5.27791547775,
        "dvar": 26.8362083435,
        "dvar2": 61.5174751282,
        "max": 72.4349822998,
        "mean": 13.4023733139,
        "median": 11.7905635834,
        "min": 0.510340094566,
        "var": 78.2183685303
    },
    "dissonance": {
        "dmean": 0.0280890073627,
        "dmean2": 0.0472387298942,
        "dvar": 0.000743198150303,
        "dvar2": 0.00205739098601,
        "max": 0.499999970198,
        "mean": 0.439220458269,
        "median": 0.450712561607,
        "min": 0.056920375675,
        "var": 0.00245087686926
    },
    "dynamic_complexity": 2.96927499771,
    "erbbands_crest": {
        "dmean": 2.92279553413,
        "dmean2": 4.64548158646,
        "dvar": 8.61219501495,
        "dvar2": 20.3030548096,
        "max": 33.2120704651,
        "mean": 11.2719612122,
        "median": 10.1761922836,
        "min": 2.6419095993,
        "var": 26.4923591614
    },
    "erbbands_flatness_db": {
        "dmean": 0.0195606853813,
        "dmean2": 0.0294125042856,
        "dvar": 0.000419127201894,
        "dvar2": 0.000912172428798,
        "max": 0.587188124657,
        "mean": 0.225011512637,
        "median": 0.208870962262,
        "min": 0.0845284536481,
        "var": 0.00573359569535
    },
    "erbbands_kurtosis": {
        "dmean": 1.03260791302,
        "dmean2": 1.62236177921,
        "dvar": 2.47809648514,
        "dvar2": 5.74091815948,
        "max": 24.2553634644,
        "mean": 0.776612102985,
        "median": 0.132706522942,
        "min": -1.81555616856,
        "var": 5.15311956406
    },
    "erbbands_skewness": {
        "dmean": 0.366698384285,
        "dmean2": 0.557056844234,
        "dvar": 0.160617724061,
        "dvar2": 0.361634522676,
        "max": 3.8719804287,
        "mean": 0.481366485357,
        "median": 0.449128627777,
        "min": -3.8065366745,
        "var": 0.611872553825
    },
    "erbbands_spread": {
        "dmean": 5.67708110809,
        "dmean2": 8.81389808655,
        "dvar": 46.8570022583,
        "dvar2": 111.515617371,
        "max": 90.5187835693,
        "mean": 27.081571579,
        "median": 26.4551849365,
        "min": 1.04079735279,
        "var": 163.199142456
    },
    "hfc": {
        "dmean": 5.58325052261,
        "dmean2": 8.65792655945,
        "dvar": 230.209945679,
        "dvar2": 564.98840332,
        "max": 206.064254761,
        "mean": 12.5482769012,
        "median": 8.72983837128,
        "min": 1.07062529313e-16,
        "var": 256.236053467
    },
    "melbands_crest": {
        "dmean": 2.76383161545,
        "dmean2": 4.48002910614,
        "dvar": 7.44950675964,
        "dvar2": 18.4427604675,
        "max": 31.5294265747,
        "mean": 13.4544019699,
        "median": 12.9538440704,
        "min": 1.56359148026,
        "var": 21.0400600433
    },
    "melbands_flatness_db": {
        "dmean": 0.0280193574727,
        "dmean2": 0.0416137836874,
        "dvar": 0.00101418420672,
        "dvar2": 0.00203061825596,
        "max": 0.80731600523,
        "mean": 0.278243154287,
        "median": 0.255866110325,
        "min": 0.0039851795882,
        "var": 0.0129224527627
    },
    "melbands_kurtosis": {
        "dmean": 4.44435548782,
        "dmean2": 6.91810894012,
        "dvar": 64.8955764771,
        "dvar2": 144.110397339,
        "max": 158.17300415,
        "mean": 9.09938144684,
        "median": 6.16505718231,
        "min": -1.70874667168,
        "var": 134.250946045
    },
    "melbands_skewness": {
        "dmean": 0.521670341492,
        "dmean2": 0.796153604984,
        "dvar": 0.357106238604,
        "dvar2": 0.807011067867,
        "max": 10.5706710815,
        "mean": 2.11931014061,
        "median": 2.00381183624,
        "min": -1.10783946514,
        "var": 1.47812724113
    },
    "melbands_spread": {
        "dmean": 4.44114208221,
        "dmean2": 6.90293979645,
        "dvar": 58.496723175,
        "dvar2": 133.919342041,
        "max": 171.829544067,
        "mean": 16.7434864044,
        "median": 12.5133419037,
        "min": 0.549907565117,
        "var": 293.262695312
    },
    "pitch_salience": {
        "dmean": 0.0634677037597,
        "dmean2": 0.103253819048,
        "dvar": 0.00397632783279,
        "dvar2": 0.00985853839666,
        "max": 0.862038552761,
        "mean": 0.550887465477,
        "median": 0.555006742477,
        "min": 0.0966659262776,
        "var": 0.0109358793125
    },
    "silence_rate_20dB": {
        "dmean": 0,
        "dmean2": 0,
        "dvar": 0,
        "dvar2": 0,
        "max": 1,
        "mean": 1,
        "median": 1,
        "min": 1,
        "var": 0
    },
    "silence_rate_30dB": {
        "dmean": 0.0215747058392,
        "dmean2": 0.0431547611952,
        "dvar": 0.0211109891534,
        "dvar2": 0.0457562170923,
        "max": 1,
        "mean": 0.974584698677,
        "median": 1,
        "min": 0,
        "var": 0.0247681941837
    },
    "silence_rate_60dB": {
        "dmean": 0.0119032859802,
        "dmean2": 0.023809524253,
        "dvar": 0.0117645971477,
        "dvar2": 0.0267125926912,
        "max": 1,
        "mean": 0.0702950656414,
        "median": 0,
        "min": 0,
        "var": 0.065355874598
    },
    "spectral_centroid": {
        "dmean": 188.230377197,
        "dmean2": 288.612884521,
        "dvar": 93986.390625,
        "dvar2": 190592.546875,
        "max": 11680.1464844,
        "mean": 1020.89373779,
        "median": 772.356201172,
        "min": 147.60118103,
        "var": 1448385.125
    },
    "spectral_complexity": {
        "dmean": 2.65740847588,
        "dmean2": 4.2140378952,
        "dvar": 16.7311115265,
        "dvar2": 32.8264312744,
        "max": 60,
        "mean": 13.991941452,
        "median": 13,
        "min": 0,
        "var": 48.5390205383
    },
    "spectral_decrease": {
        "dmean": 2.43802089628e-09,
        "dmean2": 3.65827124149e-09,
        "dvar": 2.95523740335e-17,
        "dvar2": 6.23739908409e-17,
        "max": 1.99589717371e-28,
        "mean": -6.30152063863e-09,
        "median": -4.40593517226e-09,
        "min": -7.96610635234e-08,
        "var": 5.37540376305e-17
    },
    "spectral_energy": {
        "dmean": 0.00963177066296,
        "dmean2": 0.0144636742771,
        "dvar": 0.000446141522843,
        "dvar2": 0.000942161655985,
        "max": 0.304607629776,
        "mean": 0.024921528995,
        "median": 0.0175916105509,
        "min": 9.96179185473e-21,
        "var": 0.000812356360257
    },
    "spectral_energyband_high": {
        "dmean": 0.000282308435999,
        "dmean2": 0.000462391588371,
        "dvar": 2.20424226427e-06,
        "dvar2": 5.5052018979e-06,
        "max": 0.0213558636606,
        "mean": 0.000283441273496,
        "median": 6.40079815639e-05,
        "min": 7.01660074345e-21,
        "var": 1.79883500095e-06
    },
    "spectral_energyband_low": {
        "dmean": 0.00394233968109,
        "dmean2": 0.00595437223092,
        "dvar": 0.000276894134004,
        "dvar2": 0.000605583423749,
        "max": 0.281988084316,
        "mean": 0.00786992814392,
        "median": 0.00422847829759,
        "min": 6.85442344952e-24,
        "var": 0.000381469057174
    },
    "spectral_energyband_middle_high": {
        "dmean": 0.00153749121819,
        "dmean2": 0.00237719900906,
        "dvar": 9.97822098725e-06,
        "dvar2": 2.41600737354e-05,
        "max": 0.0393058732152,
        "mean": 0.00355696305633,
        "median": 0.00202848995104,
        "min": 1.16304764715e-21,
        "var": 1.79457547347e-05
    },
    "spectral_energyband_middle_low": {
        "dmean": 0.00676106195897,
        "dmean2": 0.0110091473907,
        "dvar": 0.000250335462624,
        "dvar2": 0.000668027496431,
        "max": 0.205593466759,
        "mean": 0.0142588317394,
        "median": 0.00854537915438,
        "min": 1.61655194233e-22,
        "var": 0.000288367678877
    },
    "spectral_entropy": {
        "dmean": 0.21754476428,
        "dmean2": 0.332008600235,
        "dvar": 0.0618517808616,
        "dvar2": 0.13626536727,
        "max": 9.82294273376,
        "mean": 6.84735774994,
        "median": 6.94643735886,
        "min": 3.82509732246,
        "var": 0.567758440971
    },
    "spectral_flux": {
        "dmean": 0.025510918349,
        "dmean2": 0.0399881675839,
        "dvar": 0.00164600822609,
        "dvar2": 0.00296743190847,
        "max": 0.551804423332,
        "mean": 0.0665739998221,
        "median": 0.0489308908582,
        "min": 6.27708648948e-11,
        "var": 0.00387789891101
    },
    "spectral_kurtosis": {
        "dmean": 12.709312439,
        "dmean2": 21.2589550018,
        "dvar": 2638.30908203,
        "dvar2": 7409.27978516,
        "max": 1363.90856934,
        "mean": 28.0115585327,
        "median": 6.79053735733,
        "min": -1.26285290718,
        "var": 7687.42431641
    },
    "spectral_rms": {
        "dmean": 0.000764100113884,
        "dmean2": 0.00113202456851,
        "dvar": 1.49140771555e-06,
        "dvar2": 2.95145127893e-06,
        "max": 0.0172388553619,
        "mean": 0.00440508918837,
        "median": 0.00414277054369,
        "min": 3.11750235002e-12,
        "var": 4.90886122861e-06
    },
    "spectral_rolloff": {
        "dmean": 244.293777466,
        "dmean2": 412.52633667,
        "dvar": 322990.9375,
        "dvar2": 680416.5625,
        "max": 19573.6816406,
        "mean": 1125.64025879,
        "median": 624.462890625,
        "min": 86.1328125,
        "var": 4374962.5
    },
    "spectral_skewness": {
        "dmean": 0.595558285713,
        "dmean2": 0.965489804745,
        "dvar": 1.10003316402,
        "dvar2": 2.86753416061,
        "max": 29.687461853,
        "mean": 2.75170350075,
        "median": 1.88794732094,
        "min": -0.0686353892088,
        "var": 9.63304424286
    },
    "spectral_spread": {
        "dmean": 478947.78125,
        "dmean2": 750678.375,
        "dvar": 581740593152,
        "dvar2": 1.08207243264e+12,
        "max": 42485476,
        "mean": 3404035.75,
        "median": 2904214.75,
        "min": 69225.6875,
        "var": 1.79569353032e+13
    },
    "spectral_strongpeak": {
        "dmean": 0.432060927153,
        "dmean2": 0.720757126808,
        "dvar": 0.501757800579,
        "dvar2": 1.20338046551,
        "max": 7.35606431961,
        "mean": 0.824052512646,
        "median": 0.47182238102,
        "min": 0,
        "var": 0.841703891754
    },
    "zerocrossingrate": {
        "dmean": 0.0058395168744,
        "dmean2": 0.00718543631956,
        "dvar": 8.15138191683e-05,
        "dvar2": 9.51698602876e-05,
        "max": 0.80859375,
        "mean": 0.0419927313924,
        "median": 0.033203125,
        "min": 0.0029296875,
        "var": 0.00314292334951
    },
    "barkbands": {
        "dmean": [4.51323103334e-05, 0.00217787851579, 0.00218243198469, 0.00132561649662, 0.00301342085004, 0.00274842232466, 0.000733797438443, 0.000897489720955, 0.000339800229995, 0.000219140405534, 0.000163963632076, 0.000495971296914, 0.000417409552028, 0.000170670682564, 0.000160387426149, 0.000108714855742, 0.000138972478453, 0.000150945357746, 0.000108057502075, 0.000116481431178, 8.02513968665e-05, 6.10190036241e-05, 4.72288302262e-05, 2.61615005002e-05, 9.32285547606e-06, 1.77914284905e-06, 1.55993305384e-07],
        "dmean2": [6.82967511239e-05, 0.00330318789929, 0.00385094783269, 0.00235669245012, 0.00495248101652, 0.00463114120066, 0.00119640573394, 0.0013714422239, 0.000579663028475, 0.000352376053343, 0.000245963863563, 0.000744335586205, 0.000618881196715, 0.000283368688542, 0.000268701551249, 0.000168855214724, 0.000227053460549, 0.000250175857218, 0.000175731212948, 0.000194078675122, 0.000131847904413, 0.000102413185232, 7.95791274868e-05, 4.40823823737e-05, 1.58430993906e-05, 3.09208712679e-06, 2.924923308e-07],
        "dvar": [2.26996395014e-08, 8.8924964075e-05, 0.0001688360353, 3.73930452042e-05, 5.985001917e-05, 6.21389553999e-05, 2.32241859521e-06, 5.58962892683e-06, 8.27730616493e-07, 2.94103529086e-07, 3.25992630223e-07, 1.21107018458e-06, 9.15696489301e-07, 2.83273237756e-07, 1.97268391844e-07, 6.60047163592e-08, 1.33245208644e-07, 2.00535552608e-07, 2.0879176077e-07, 3.42438028156e-07, 1.60770127877e-07, 1.223892383e-07, 6.6436783186e-08, 1.81110859643e-08, 1.39169986646e-09, 3.15544361473e-11, 1.07477893772e-12],
        "dvar2": [4.94817840035e-08, 0.000179280279553, 0.000475114327855, 0.000108812710096, 0.000165760327945, 0.000168548489455, 6.16538818576e-06, 1.0689544979e-05, 2.1483024284e-06, 7.06286471086e-07, 6.19846161953e-07, 2.43853878601e-06, 1.92573270397e-06, 7.23647474388e-07, 5.19001901012e-07, 1.5310523338e-07, 3.33393529672e-07, 5.53863230834e-07, 5.43819908216e-07, 9.11359109068e-07, 3.98648012379e-07, 3.18545403388e-07, 1.70313555259e-07, 4.41856151667e-08, 3.64292462862e-09, 8.63126028983e-11, 3.1597012333e-12],
        "max": [0.00292669748887, 0.170659959316, 0.214358061552, 0.102478727698, 0.141727358103, 0.132971599698, 0.0279785133898, 0.0403998009861, 0.0138625008985, 0.0108896428719, 0.0132760573179, 0.0258274413645, 0.0128719685599, 0.0109598264098, 0.0081398114562, 0.00387409189716, 0.00517761474475, 0.00613464042544, 0.00722328899428, 0.00914606265724, 0.00611728802323, 0.00528329797089, 0.00362522923388, 0.00202761217952, 0.000533348415047, 0.000104616687167, 2.66828756139e-05],
        "mean": [7.31376276235e-05, 0.00417301850393, 0.00260028406046, 0.0020199038554, 0.00465815188363, 0.00407101400197, 0.00131186784711, 0.00171894789673, 0.000434569839854, 0.000348026835127, 0.000266164483037, 0.000819256296381, 0.000921249389648, 0.000246086303378, 0.000197532994207, 0.000166450496181, 0.000198155801627, 0.000230673875194, 0.000133483496029, 0.000123326230096, 8.04710143711e-05, 5.39043139725e-05, 4.13625275542e-05, 2.38982502196e-05, 8.60007185111e-06, 1.89929164662e-06, 1.11396389002e-07],
        "median": [1.58579969138e-05, 0.000815340143163, 0.000647682812996, 0.000620084465481, 0.00201137643307, 0.00205139676109, 0.000683941878378, 0.00081462302478, 0.000196975001018, 0.000108353546239, 5.51963603357e-05, 0.000253801292274, 0.000235113024246, 5.51547454961e-05, 6.25745306024e-05, 5.51974517293e-05, 7.40669565857e-05, 9.45274514379e-05, 4.43247117801e-05, 3.01947984553e-05, 1.57430695253e-05, 8.35830360302e-06, 6.02178442932e-06, 2.09026075026e-06, 8.37236257212e-07, 1.73934353143e-07, 7.66109309325e-09],
        "min": [3.69524067725e-25, 1.76531608915e-24, 1.27578985957e-25, 1.44547223791e-24, 1.13790763775e-23, 8.37645168005e-24, 9.02572680354e-24, 4.92225696803e-24, 1.0748885377e-23, 1.08586332839e-23, 1.98691169282e-23, 2.74402394427e-23, 2.44886422129e-23, 2.73796296817e-23, 4.90989267775e-23, 3.85450691154e-23, 5.8093534596e-23, 9.94529691204e-23, 1.21657775393e-22, 1.3716486228e-22, 2.33332383503e-22, 2.96690510723e-22, 3.53276197652e-22, 6.32365391422e-22, 7.98987455863e-22, 1.25634578465e-21, 1.89062711095e-21],
        "var": [3.85777134682e-08, 0.000137510578497, 0.000108463907964, 2.7589047022e-05, 5.92958203924e-05, 5.43753412785e-05, 4.07241896028e-06, 9.7666243164e-06, 8.14012253159e-07, 5.29150781858e-07, 6.09318306033e-07, 2.8346628369e-06, 2.70929604085e-06, 4.14870413579e-07, 2.08276105695e-07, 1.17980441416e-07, 1.71064613141e-07, 2.28216322284e-07, 1.71553949713e-07, 2.51324451028e-07, 1.35991342631e-07, 9.28293601987e-08, 5.07179187537e-08, 1.50324286352e-08, 1.06607767059e-09, 3.21093845956e-11, 5.87098566377e-13]
    },
    "erbbands": {
        "dmean": [0.043783236295, 0.579156637192, 2.21712136269, 3.59793281555, 5.59908151627, 9.53901767731, 26.5321388245, 18.9410228729, 11.9260787964, 7.00834083557, 23.1442375183, 8.81451129913, 3.95502853394, 8.74675941467, 8.86005687714, 21.8046798706, 19.5832691193, 9.45620155334, 9.04845237732, 6.3533577919, 6.9640378952, 6.22885799408, 7.88651227951, 7.22225666046, 4.57462835312, 6.02472496033, 4.31341457367, 2.52457952499, 2.34048724174, 1.79169535637, 1.27737760544, 0.753129065037, 0.322373747826, 0.130080759525, 0.0540647432208, 0.0126894339919, 0.00256368005648, 0.000414008245571, 2.60910874204e-05, 1.13169608085e-05],
        "dmean2": [0.0626990571618, 0.894132554531, 3.68918824196, 6.26242160797, 9.71726036072, 15.5760393143, 43.4220085144, 31.8364295959, 19.2343444824, 11.5222272873, 35.2854232788, 14.3512535095, 6.61785793304, 13.4618988037, 13.3782348633, 32.6422271729, 29.0646266937, 15.0355825424, 15.3928956985, 10.121588707, 10.922908783, 10.2130689621, 13.3288354874, 11.7422609329, 7.49934339523, 10.1024055481, 7.05459260941, 4.20566892624, 3.98005628586, 2.97304487228, 2.148863554, 1.27640068531, 0.535400748253, 0.218398794532, 0.093371860683, 0.0220971629024, 0.00444026710466, 0.000745729717892, 4.66418605356e-05, 1.69669383467e-05],
        "dvar": [0.0343507491052, 6.57691907883, 149.889297485, 295.806640625, 566.403808594, 564.980712891, 5374.73974609, 2130.24536133, 675.543762207, 154.484466553, 3956.89868164, 526.406677246, 65.2863464355, 538.556030273, 491.191131592, 2376.00512695, 1976.63574219, 609.601745605, 594.727844238, 319.938934326, 268.61819458, 339.609619141, 725.282836914, 702.60345459, 352.99899292, 974.410949707, 528.00390625, 151.082687378, 179.943817139, 93.1868286133, 48.9085655212, 16.6354389191, 2.45444726944, 0.266878575087, 0.0522572770715, 0.00185682962183, 7.22981421859e-05, 3.90148852603e-06, 2.17005791114e-08, 5.82475456756e-10],
        "dvar2": [0.0659205317497, 13.2190656662, 401.7628479, 832.546936035, 1653.1373291, 1534.45678711, 14215.1708984, 5576.00976562, 1778.84130859, 389.68447876, 7399.79785156, 1248.18737793, 169.392150879, 1163.94885254, 972.864196777, 4848.21728516, 4184.93896484, 1460.59338379, 1628.79089355, 737.884399414, 638.003112793, 864.414306641, 2044.1027832, 1872.5604248, 924.690246582, 2613.859375, 1317.3380127, 389.447967529, 480.793579102, 233.650283813, 124.731239319, 41.0530471802, 5.90912246704, 0.675601363182, 0.141832500696, 0.00506967678666, 0.000196177221369, 1.12343723231e-05, 6.33995469457e-08, 1.21586007928e-09],
        "max": [4.12707710266, 44.0088348389, 197.387023926, 319.949584961, 407.570770264, 483.332061768, 1128.72155762, 801.168945312, 500.816650391, 167.686080933, 1116.77172852, 423.414337158, 119.965042114, 487.016418457, 428.064971924, 1324.11462402, 633.369384766, 586.270751953, 445.72076416, 380.745941162, 257.594116211, 294.797210693, 396.069030762, 433.158416748, 297.284698486, 501.732818604, 333.500671387, 191.204788208, 199.867553711, 161.386398315, 97.1621170044, 58.4047393799, 25.5683460236, 6.82313156128, 3.35940814018, 0.647339403629, 0.15977743268, 0.0457010380924, 0.00372742209584, 0.000331022136379],
        "mean": [0.0926309674978, 1.0407346487, 2.92246890068, 5.22145843506, 8.18022632599, 15.8423261642, 35.7764930725, 29.6016483307, 22.4182415009, 14.6517887115, 43.1632919312, 14.0288791656, 5.94258594513, 15.3654375076, 15.7697687149, 37.9056854248, 44.0977096558, 17.4718894958, 11.8476276398, 9.27896785736, 10.9905595779, 8.95515918732, 11.4403448105, 10.4612817764, 5.75313329697, 6.37776041031, 4.31081438065, 2.5122756958, 2.05633354187, 1.59458386898, 1.09163832664, 0.671362936497, 0.298437148333, 0.124507889152, 0.0481111779809, 0.012466289103, 0.00288049061783, 0.000409065658459, 3.02439984807e-05, 2.90883563139e-05],
        "median": [0.0199415273964, 0.228643119335, 1.01238036156, 2.24121069908, 2.56034803391, 6.81534147263, 14.0727300644, 15.2545728683, 11.7181453705, 9.30410766602, 19.8986301422, 7.36517047882, 2.56999754906, 4.31792068481, 4.83697795868, 15.4171361923, 12.9171009064, 5.76083278656, 4.72923088074, 2.73089814186, 4.08308696747, 3.96836590767, 5.89311695099, 2.71674466133, 1.85926318169, 1.59413695335, 0.927185595036, 0.509470522404, 0.332394301891, 0.228735804558, 0.147885292768, 0.061793833971, 0.027948834002, 0.0132750812918, 0.00382892694324, 0.000990010332316, 0.000287713191938, 5.1347335102e-05, 1.19672131405e-05, 2.05594988074e-05],
        "min": [8.74865550334e-23, 3.3979412302e-22, 8.96374694885e-22, 4.67458706913e-21, 1.52502830516e-20, 2.85370461241e-20, 4.66397872011e-20, 1.08272468574e-19, 1.57530834945e-19, 1.75375498902e-19, 1.90727415309e-19, 2.99570774215e-19, 3.62960959126e-19, 6.79495424096e-19, 8.89575259748e-19, 1.19788739433e-18, 1.58147037972e-18, 1.99653896115e-18, 2.30572335769e-18, 2.57956170627e-18, 3.3539570288e-18, 4.06553853037e-18, 4.59095000698e-18, 7.37796716331e-18, 5.13284264371e-18, 6.89326248542e-18, 8.77090457327e-18, 9.93226698047e-18, 9.65308690629e-18, 1.07511493171e-17, 1.02479588069e-17, 1.11215847837e-17, 1.03933415898e-17, 7.79795323009e-18, 6.21754484688e-18, 4.0645091041e-18, 2.26042384542e-18, 9.64257261353e-19, 2.53166665633e-19, 2.63645790299e-20],
        "var": [0.0642807111144, 9.19103050232, 110.462478638, 204.237060547, 411.128387451, 645.844604492, 5015.96337891, 2385.39990234, 1202.56408691, 295.224151611, 6985.38623047, 626.172363281, 83.7604904175, 1160.66955566, 968.998291016, 5495.89746094, 5961.65771484, 1239.70678711, 548.463989258, 550.396057129, 410.993133545, 360.630950928, 571.856323242, 729.882446289, 287.497436523, 698.565368652, 435.537231445, 120.527168274, 130.322799683, 74.6178131104, 37.6243743896, 13.4164047241, 2.11307883263, 0.218501359224, 0.036909211427, 0.00155072123744, 8.64681351231e-05, 2.73047498922e-06, 1.28281456568e-08, 1.07288511408e-09]
    },
    "gfcc": {
        "mean": [-83.590713501, 153.178009033, -122.912574768, 22.3388195038, -52.2558822632, -4.42891120911, -35.8282356262, -7.32020807266, -18.6796417236, -2.55511879921, -2.08913111687, -3.80959582329, -11.1667737961],
        "cov": [[26400.6582031, -818.340637207, -2581.55981445, 2524.09155273, -1458.79699707, 1043.93688965, -638.789611816, 364.338531494, -647.934143066, 351.0987854, 48.1639633179, 120.515068054, -244.87538147], [-818.340637207, 2810.546875, 475.562072754, -813.913818359, 581.628540039, -539.386474609, 136.617401123, -175.33946228, 391.40914917, -270.583587646, 35.5828819275, -150.425186157, 122.388824463], [-2581.55981445, 475.562072754, 1291.69384766, -427.964202881, 36.3247680664, 10.6384735107, 2.84246253967, -25.4669628143, 85.0023269653, -13.178021431, -68.0838775635, -35.0590629578, 58.6771659851], [2524.09155273, -813.913818359, -427.964202881, 989.964416504, -57.771686554, 169.063873291, 100.444244385, 141.675109863, -26.0309753418, 134.37260437, 129.106643677, 51.1140441895, -54.3679962158], [-1458.79699707, 581.628540039, 36.3247680664, -57.771686554, 501.093719482, -157.034576416, 157.970657349, 0.456787109375, 173.095565796, -57.4564247131, 68.3377075195, -26.8538169861, 30.4863796234], [1043.93688965, -539.386474609, 10.6384735107, 169.063873291, -157.034576416, 309.519134521, -47.5361175537, 38.9851760864, -102.003814697, 73.9142074585, -20.1535167694, 33.2809257507, -36.6478157043], [-638.789611816, 136.617401123, 2.84246253967, 100.444244385, 157.970657349, -47.5361175537, 189.893554688, 20.2454776764, 69.7364349365, -7.40366744995, 56.0391159058, 0.36397755146, -1.99979603291], [364.338531494, -175.33946228, -25.4669628143, 141.675109863, 0.456787109375, 38.9851760864, 20.2454776764, 137.359680176, 22.2901496887, 19.2826766968, -0.490938603878, 6.13157892227, -6.71439886093], [-647.934143066, 391.40914917, 85.0023269653, -26.0309753418, 173.095565796, -102.003814697, 69.7364349365, 22.2901496887, 198.013961792, -13.4738836288, 27.8707103729, -28.800611496, 27.1279067993], [351.0987854, -270.583587646, -13.178021431, 134.37260437, -57.4564247131, 73.9142074585, -7.40366744995, 19.2826766968, -13.4738836288, 121.721282959, 35.0933265686, 4.70838546753, -30.8778381348], [48.1639633179, 35.5828819275, -68.0838775635, 129.106643677, 68.3377075195, -20.1535167694, 56.0391159058, -0.490938603878, 27.8707103729, 35.0933265686, 128.695053101, 18.8372402191, -12.0537290573], [120.515068054, -150.425186157, -35.0590629578, 51.1140441895, -26.8538169861, 33.2809257507, 0.36397755146, 6.13157892227, -28.800611496, 4.70838546753, 18.8372402191, 73.3251419067, 3.56921195984], [-244.87538147, 122.388824463, 58.6771659851, -54.3679962158, 30.4863796234, -36.6478157043, -1.99979603291, -6.71439886093, 27.1279067993, -30.8778381348, -12.0537290573, 3.56921195984, 87.2528610229]],
        "icov": [[0.000339823862305, -0.00109846598934, 0.00059990643058, -0.00117643224075, 0.000813286285847, -0.00108183524571, 0.00105499417987, -0.00085485301679, 0.00108314037789, -0.000863960885908, 0.000696884992067, -0.000550730037503, 5.41808694834e-05], [-0.00109846598934, 0.00464526657015, -0.00209179869853, 0.00426583224908, -0.00291220075451, 0.00399763416499, -0.00337787950411, 0.00344753591344, -0.00471815187484, 0.00422560423613, -0.00318297464401, 0.00291391788051, -0.000246024283115], [0.00059990643058, -0.00209179869853, 0.00211381888948, -0.00156503682956, 0.00159553741105, -0.00246086949483, 0.00144434568938, -0.00170098047238, 0.00157036038581, -0.00216685701162, 0.00151968037244, -0.000950665213168, -0.000474064931041], [-0.00117643224075, 0.00426583224908, -0.00156503682956, 0.00631017843261, -0.00257230643183, 0.00316820922308, -0.00471712183207, 0.00177330267616, -0.00429270695895, 0.00253832479939, -0.00411254866049, 0.00226322398521, -0.000470855768071], [0.000813286285847, -0.00291220075451, 0.00159553741105, -0.00257230643183, 0.00591578055173, -0.00244910782203, 0.000379203469492, -0.00222254358232, 0.000788689299952, -0.00120812933892, 0.000525430426933, -0.00103448959999, -0.000124262194731], [-0.00108183524571, 0.00399763416499, -0.00246086949483, 0.00316820922308, -0.00244910782203, 0.0091917226091, -0.00292217964306, 0.0022462059278, -0.00207828986458, 0.00120280019473, -0.00107431563083, 0.000700045551639, 0.000702509656549], [0.00105499417987, -0.00337787950411, 0.00144434568938, -0.00471712183207, 0.000379203469492, -0.00292217964306, 0.0118664130569, -0.00294099724852, 0.00254544476047, -0.00149150553625, 0.000487377867103, -0.00212591863237, 0.00130921858363], [-0.00085485301679, 0.00344753591344, -0.00170098047238, 0.00177330267616, -0.00222254358232, 0.0022462059278, -0.00294099724852, 0.012032167986, -0.00547513738275, 0.00296907057054, -0.000245529750828, 0.00131245912053, 0.000257802719716], [0.00108314037789, -0.00471815187484, 0.00157036038581, -0.00429270695895, 0.000788689299952, -0.00207828986458, 0.00254544476047, -0.00547513738275, 0.0139819374308, -0.00561599060893, 0.00263938168064, -0.000790379941463, -0.00152204267215], [-0.000863960885908, 0.00422560423613, -0.00216685701162, 0.00253832479939, -0.00120812933892, 0.00120280019473, -0.00149150553625, 0.00296907057054, -0.00561599060893, 0.0170161314309, -0.00688683660701, 0.00440572760999, 0.00244482373819], [0.000696884992067, -0.00318297464401, 0.00151968037244, -0.00411254866049, 0.000525430426933, -0.00107431563083, 0.000487377867103, -0.000245529750828, 0.00263938168064, -0.00688683660701, 0.0149298803881, -0.00580033892766, 0.0012354562059], [-0.000550730037503, 0.00291391788051, -0.000950665213168, 0.00226322398521, -0.00103448959999, 0.000700045551639, -0.00212591863237, 0.00131245912053, -0.000790379941463, 0.00440572760999, -0.00580033892766, 0.0187180526555, -0.00263775512576], [5.41808694834e-05, -0.000246024283115, -0.000474064931041, -0.000470855768071, -0.000124262194731, 0.000702509656549, 0.00130921858363, 0.000257802719716, -0.00152204267215, 0.00244482373819, 0.0012354562059, -0.00263775512576, 0.0139888329431]]
    },
    "melbands": {
        "dmean": [0.000502160808537, 0.000984240323305, 0.000648332235869, 0.000522647867911, 0.000809459597804, 0.000436111848103, 0.000173122476554, 9.00145241758e-05, 0.000177150373929, 4.76554232591e-05, 1.98312354769e-05, 3.67343673133e-05, 2.39426899498e-05, 5.92953547311e-05, 4.55180088466e-05, 3.7318761315e-05, 1.71784740814e-05, 1.51099211507e-05, 9.61836576607e-06, 8.0900017565e-06, 8.91299077921e-06, 7.03374143995e-06, 7.23251378076e-06, 7.26250846128e-06, 6.01155215918e-06, 4.17544879383e-06, 2.59856324192e-06, 4.46543890575e-06, 3.23254289469e-06, 1.70731811977e-06, 1.40999554787e-06, 1.41208738569e-06, 1.08030599222e-06, 9.79885498964e-07, 8.18825412807e-07, 4.95083781971e-07, 4.46731547754e-07, 2.55312670561e-07, 1.35021224423e-07, 9.84513874869e-08],
        "dmean2": [0.000734569970518, 0.0015149328392, 0.00111640198156, 0.000869620591402, 0.00131424376741, 0.000734834931791, 0.000278332590824, 0.000145551122841, 0.000270093121799, 7.90454141679e-05, 3.32264608005e-05, 5.6872053392e-05, 3.60624289897e-05, 8.90715382411e-05, 6.79918448441e-05, 5.53729005333e-05, 2.79413106909e-05, 2.57149749814e-05, 1.613022323e-05, 1.24170055642e-05, 1.42125400089e-05, 1.14613785627e-05, 1.2325197531e-05, 1.20022441479e-05, 9.7662114058e-06, 6.81119217916e-06, 4.29154533776e-06, 7.51205652705e-06, 5.27707652509e-06, 2.81988741335e-06, 2.37293329519e-06, 2.43903059527e-06, 1.7584707166e-06, 1.66421898484e-06, 1.39468943416e-06, 8.25908500701e-07, 7.62825550282e-07, 4.24507504704e-07, 2.25431506351e-07, 1.66275398783e-07],
        "dvar": [4.47392085334e-06, 2.25621715799e-05, 8.88387603482e-06, 3.05467392536e-06, 4.4941671149e-06, 1.27960618101e-06, 1.34009070507e-07, 2.85700654246e-08, 2.4237198204e-07, 1.70969247648e-08, 1.72776060126e-09, 9.36577126964e-09, 4.85691575847e-09, 1.79643588893e-08, 9.11860720265e-09, 7.35062544166e-09, 2.75447820108e-09, 1.75621095444e-09, 8.5804158223e-10, 4.48019954469e-10, 4.20825346792e-10, 3.56879803487e-10, 6.98896496232e-10, 4.12225614754e-10, 5.17496989705e-10, 2.98778501939e-10, 1.10698589184e-10, 5.48069534201e-10, 3.20794918407e-10, 5.21385747076e-11, 5.14567624621e-11, 7.19625886658e-11, 3.22403215236e-11, 2.86102461167e-11, 2.05506375806e-11, 6.49777237224e-12, 6.15517272567e-12, 1.72436782735e-12, 2.49120358673e-13, 1.57796559565e-13],
        "dvar2": [8.8467659225e-06, 5.35221661266e-05, 2.46372928814e-05, 8.66612572281e-06, 1.17599020086e-05, 3.408720886e-06, 3.48269082906e-07, 6.77989433484e-08, 4.54602371747e-07, 4.11922300714e-08, 4.51781234645e-09, 2.06842347694e-08, 9.3776222343e-09, 3.65139918301e-08, 1.99502974141e-08, 1.49238026381e-08, 6.62373800253e-09, 4.81689133025e-09, 2.27804997088e-09, 9.71273506067e-10, 1.01309582945e-09, 8.73320360473e-10, 1.95148319726e-09, 1.12847198253e-09, 1.38146805106e-09, 7.8575412843e-10, 2.93882057578e-10, 1.46847067839e-09, 7.99603494528e-10, 1.29632901635e-10, 1.35524119704e-10, 1.96639801664e-10, 7.89595819284e-11, 7.44799361074e-11, 5.37514685539e-11, 1.54016799314e-11, 1.54182708267e-11, 4.1749845768e-12, 6.07957803024e-13, 4.07220562609e-13],
        "max": [0.0398865751922, 0.0753396227956, 0.0511229597032, 0.0351780280471, 0.0308982115239, 0.019008345902, 0.00697434321046, 0.00348324282095, 0.00882165692747, 0.00270015653223, 0.000643397273961, 0.00179263530299, 0.00150452018715, 0.00283931475133, 0.00151131721213, 0.00171834998764, 0.0013444829965, 0.000688391097356, 0.00048825723934, 0.000389991386328, 0.000276218226645, 0.000275931146462, 0.000388231332181, 0.000267254508799, 0.000382576807169, 0.00029054004699, 0.000150001360453, 0.000381612277124, 0.00025460132747, 0.000112412497401, 0.000107965795905, 0.000137772323797, 8.47602204885e-05, 8.77304482856e-05, 6.42829254502e-05, 3.82189718948e-05, 3.66454733012e-05, 2.28123335546e-05, 7.08698507879e-06, 5.73950455873e-06],
        "mean": [0.00102047633845, 0.00152074929792, 0.000971750821918, 0.000854458252434, 0.00114631897304, 0.000673045986332, 0.000327673187712, 0.000187678218936, 0.000327750662109, 6.69627916068e-05, 2.79140840576e-05, 6.29384157946e-05, 3.99314776587e-05, 9.99507901724e-05, 8.76605918165e-05, 8.3833168901e-05, 2.70087166427e-05, 1.92831830645e-05, 1.1772623111e-05, 1.2628006516e-05, 1.37329288918e-05, 9.80832919595e-06, 9.2841391961e-06, 1.1111141248e-05, 8.19639899419e-06, 5.0501394071e-06, 3.00161173072e-06, 4.60039427708e-06, 3.06056040245e-06, 1.78002085249e-06, 1.33220714815e-06, 1.21022742405e-06, 9.62098852142e-07, 8.52216373914e-07, 6.71119437357e-07, 4.54394694316e-07, 3.87629853549e-07, 2.26077702337e-07, 1.3714851832e-07, 9.12132307462e-08],
        "median": [0.000194625492441, 0.000551472883672, 0.000392345828004, 0.00034001324093, 0.00049073289847, 0.0003448605421, 0.000171168037923, 0.000112110930786, 0.000152122898726, 3.2481544622e-05, 1.11760473374e-05, 1.69204904523e-05, 9.68858512351e-06, 3.09975621349e-05, 2.85396345134e-05, 2.26306929108e-05, 5.94893208472e-06, 7.23563425709e-06, 3.56656846634e-06, 3.37465235134e-06, 4.71976545668e-06, 3.47617697116e-06, 4.99087218486e-06, 4.03053672926e-06, 1.49053653331e-06, 1.37281381285e-06, 7.91399656919e-07, 1.06910124487e-06, 5.64148308513e-07, 3.91036678593e-07, 2.3854741471e-07, 1.97229326204e-07, 1.20111124602e-07, 1.19199007997e-07, 8.50898231874e-08, 4.7818566884e-08, 2.99573557072e-08, 1.84689952221e-08, 1.61091051609e-08, 8.77023076384e-09],
        "min": [6.27302191832e-25, 5.22163500637e-25, 1.58891140795e-24, 1.34744305702e-24, 1.66876464194e-24, 2.41872464656e-24, 2.25217559909e-24, 1.78288619087e-24, 1.95168723902e-24, 1.7217867444e-24, 1.58204999441e-24, 2.23563653856e-24, 2.16754443181e-24, 3.01712928571e-24, 3.00774420752e-24, 3.28785017674e-24, 3.19138412373e-24, 3.05023166423e-24, 3.13357166343e-24, 3.13047203171e-24, 3.06826896883e-24, 2.97952369472e-24, 4.60520943149e-24, 4.06748712861e-24, 5.22775045332e-24, 4.00669001307e-24, 3.45537484794e-24, 4.45505922451e-24, 4.16055378276e-24, 3.89032119664e-24, 5.4258188327e-24, 4.79674012611e-24, 5.9202303053e-24, 5.54299859814e-24, 5.86063659707e-24, 5.27051381414e-24, 5.98163405487e-24, 6.28394724742e-24, 6.18794918615e-24, 6.00480053307e-24],
        "var": [7.66428729548e-06, 2.24009854719e-05, 6.56047814118e-06, 2.85845862891e-06, 4.43925182481e-06, 1.3057705246e-06, 2.5132248993e-07, 5.23823935339e-08, 4.24025330403e-07, 1.87870092816e-08, 2.1277444251e-09, 1.9665971962e-08, 8.45125569526e-09, 4.11402147904e-08, 2.39936923663e-08, 2.28818599624e-08, 5.35459498963e-09, 1.55635193622e-09, 8.75697514502e-10, 9.66577484718e-10, 6.78948508526e-10, 4.5079018296e-10, 5.0698312215e-10, 5.18271481287e-10, 5.31955868244e-10, 2.44160303087e-10, 9.00114635605e-11, 3.91485288631e-10, 2.63525506972e-10, 4.512768631e-11, 3.91469461014e-11, 4.96910255998e-11, 2.72346156044e-11, 2.12666169397e-11, 1.50607391142e-11, 5.63241597459e-12, 4.81867930974e-12, 1.46239064695e-12, 2.23972140205e-13, 1.24043204636e-13]
    },
    "mfcc": {
        "mean": [-709.785522461, 168.685928345, -3.00293970108, 26.0851020813, 0.554857373238, 1.71574723721, -6.42493438721, -4.54486989975, -12.5001649857, -6.42156553268, 1.3484569788, 7.46794509888, 0.616088449955],
        "cov": [[11966.7929688, -779.793029785, -1115.20703125, 757.327697754, -90.6731414795, 490.321929932, 297.816192627, 186.114608765, -233.783691406, 78.0865936279, 35.5421028137, 146.290603638, -113.435546875], [-779.793029785, 2233.37036133, 150.248245239, -28.0576438904, 209.705795288, -103.03327179, -135.897659302, 9.10967922211, 73.1539001465, -10.0821256638, 35.6747932434, -66.2168502808, -0.0173802990466], [-1115.20703125, 150.248245239, 1030.57775879, -228.563980103, -85.5782318115, -35.5466003418, -74.1870651245, -84.3696060181, 15.9015884399, -14.7536411285, -54.4880485535, -35.0984802246, -65.0705490112], [757.327697754, -28.0576438904, -228.563980103, 588.967590332, 69.8647537231, 49.2688217163, 93.4679794312, 81.1420440674, -9.75912189484, 86.2151794434, 136.271743774, 42.214717865, 63.9062690735], [-90.6731414795, 209.705795288, -85.5782318115, 69.8647537231, 203.025909424, 12.3339061737, 1.21237826347, 35.3198242188, 23.7285442352, 35.6791038513, 50.6932449341, -2.71730518341, 4.51876974106], [490.321929932, -103.03327179, -35.5466003418, 49.2688217163, 12.3339061737, 170.233657837, 53.1643333435, 16.5220432281, -18.3110771179, 16.026512146, 35.2724876404, 17.9424095154, -5.22887134552], [297.816192627, -135.897659302, -74.1870651245, 93.4679794312, 1.21237826347, 53.1643333435, 142.449127197, 39.767539978, -25.5216140747, 4.74472332001, 22.9127597809, 28.8792972565, 13.9417896271], [186.114608765, 9.10967922211, -84.3696060181, 81.1420440674, 35.3198242188, 16.5220432281, 39.767539978, 120.579193115, 32.4522323608, 2.8360581398, 23.9115314484, 3.86072158813, 13.0836648941], [-233.783691406, 73.1539001465, 15.9015884399, -9.75912189484, 23.7285442352, -18.3110771179, -25.5216140747, 32.4522323608, 107.096084595, 33.4680709839, -19.3458919525, -31.377199173, -3.06527853012], [78.0865936279, -10.0821256638, -14.7536411285, 86.2151794434, 35.6791038513, 16.026512146, 4.74472332001, 2.8360581398, 33.4680709839, 113.510414124, 54.9353675842, -8.17123031616, -2.03053069115], [35.5421028137, 35.6747932434, -54.4880485535, 136.271743774, 50.6932449341, 35.2724876404, 22.9127597809, 23.9115314484, -19.3458919525, 54.9353675842, 142.12449646, 47.3808441162, 9.81426048279], [146.290603638, -66.2168502808, -35.0984802246, 42.214717865, -2.71730518341, 17.9424095154, 28.8792972565, 3.86072158813, -31.377199173, -8.17123031616, 47.3808441162, 109.018058777, 26.9694423676], [-113.435546875, -0.0173802990466, -65.0705490112, 63.9062690735, 4.51876974106, -5.22887134552, 13.9417896271, 13.0836648941, -3.06527853012, -2.03053069115, 9.81426048279, 26.9694423676, 102.453102112]],
