{
"lowlevel": {
    "average_loudness": 0.966860413551,
    "barkbands_crest": {
        "dmean": 2.25515365601,
        "dmean2": 3.53265786171,
        "dvar": 5.06264066696,
        "dvar2": 11.9739789963,
        "max": 25.273683548,
        "mean": 12.0397033691,
        "median": 11.3722343445,
        "min": 2.72179627419,
        "var": 16.891336441
    },
    "barkbands_flatness_db": {
        "dmean": 0.0277434512973,
        "dmean2": 0.0403779968619,
        "dvar": 0.00108974461909,
        "dvar2": 0.00234296289273,
        "max": 0.626718938351,
        "mean": 0.231965839863,
        "median": 0.221861124039,
        "min": 0.0285413321108,
        "var": 0.00884943269193
    },
    "barkbands_kurtosis": {
        "dmean": 4.4551358223,
        "dmean2": 6.76797676086,
        "dvar": 63.6814613342,
        "dvar2": 145.131729126,
        "max": 159.89239502,
        "mean": 8.7136926651,
        "median": 4.19681453705,
        "min": -1.76049244404,
        "var": 176.874633789
    },
    "barkbands_skewness": {
        "dmean": 0.595918536186,
        "dmean2": 0.895897090435,
        "dvar": 0.492064327002,
        "dvar2": 1.09153497219,
        "max": 10.684674263,
        "mean": 1.96054792404,
        "median": 1.77850592136,
        "min": -8.92982578278,
        "var": 2.17397475243
    },
    "barkbands_spread": {
        "dmean": 3.39373755455,
        "dmean2": 5.42367887497,
        "dvar": 29.9448242188,
        "dvar2": 77.7029724121,
        "max": 76.6615524292,
        "mean": 11.0112361908,
        "median": 9.37007045746,
        "min": 0.124894425273,
        "var": 66.5230331421
    },
    "dissonance": {
        "dmean": 0.030759871006,
        "dmean2": 0.0513157658279,
        "dvar": 0.000882918306161,
        "dvar2": 0.00231938902289,
        "max": 0.500000059605,
        "mean": 0.432757407427,
        "median": 0.443224608898,
        "min": 0.147252544761,
        "var": 0.0021883037407
    },
    "dynamic_complexity": 2.30093002319,
    "erbbands_crest": {
        "dmean": 2.76227688789,
        "dmean2": 4.29342508316,
        "dvar": 7.56888151169,
        "dvar2": 17.0255699158,
        "max": 32.1461601257,
        "mean": 12.1851730347,
        "median": 11.2927560806,
        "min": 2.38680529594,
        "var": 26.4399032593
    },
    "erbbands_flatness_db": {
        "dmean": 0.0219414457679,
        "dmean2": 0.0304052513093,
        "dvar": 0.000690451241098,
        "dvar2": 0.00120069691911,
        "max": 0.55903083086,
        "mean": 0.213375464082,
        "median": 0.204187765718,
        "min": 0.0558859109879,
        "var": 0.00681351544335
    },
    "erbbands_kurtosis": {
        "dmean": 1.61231672764,
        "dmean2": 2.46379733086,
        "dvar": 8.09560489655,
        "dvar2": 19.4999446869,
        "max": 75.4750137329,
        "mean": 2.52024507523,
        "median": 0.616276621819,
        "min": -1.70410013199,
        "var": 38.945438385
    },
    "erbbands_skewness": {
        "dmean": 0.395034790039,
        "dmean2": 0.594623804092,
        "dvar": 0.170807525516,
        "dvar2": 0.379262506962,
        "max": 6.81616449356,
        "mean": 0.657562077045,
        "median": 0.55283176899,
        "min": -3.44487333298,
        "var": 1.17626845837
    },
    "erbbands_spread": {
        "dmean": 6.50559663773,
        "dmean2": 9.50029087067,
        "dvar": 64.2000579834,
        "dvar2": 128.400909424,
        "max": 110.326141357,
        "mean": 28.0039176941,
        "median": 24.2022705078,
        "min": 0.518936872482,
        "var": 325.862792969
    },
    "hfc": {
        "dmean": 5.51652193069,
        "dmean2": 7.93681955338,
        "dvar": 94.3557434082,
        "dvar2": 214.860397339,
        "max": 105.763816833,
        "mean": 15.1775465012,
        "median": 11.481048584,
        "min": 1.17247028478e-16,
        "var": 172.905990601
    },
    "melbands_crest": {
        "dmean": 2.77433776855,
        "dmean2": 4.36072683334,
        "dvar": 8.06451225281,
        "dvar2": 20.4510402679,
        "max": 32.4083709717,
        "mean": 16.3530273438,
        "median": 15.7003488541,
        "min": 1.498660326,
        "var": 27.1174125671
    },
    "melbands_flatness_db": {
        "dmean": 0.03169234097,
        "dmean2": 0.0460365638137,
        "dvar": 0.00152630673256,
        "dvar2": 0.00336560234427,
        "max": 0.747495889664,
        "mean": 0.321240276098,
        "median": 0.306761324406,
        "min": 0.00318616628647,
        "var": 0.0124685633928
    },
    "melbands_kurtosis": {
        "dmean": 8.33721256256,
        "dmean2": 12.6873550415,
        "dvar": 205.515640259,
        "dvar2": 454.715667725,
        "max": 289.483825684,
        "mean": 17.9431533813,
        "median": 8.91660881042,
        "min": -1.82909917831,
        "var": 621.465332031
    },
    "melbands_skewness": {
        "dmean": 0.729511022568,
        "dmean2": 1.08494913578,
        "dvar": 0.71222358942,
        "dvar2": 1.50928807259,
        "max": 12.6971540451,
        "mean": 2.7859454155,
        "median": 2.46509742737,
        "min": -1.61113739014,
        "var": 3.26462674141
    },
    "melbands_spread": {
        "dmean": 3.52863025665,
        "dmean2": 5.61206626892,
        "dvar": 30.6432609558,
        "dvar2": 76.2749557495,
        "max": 158.119949341,
        "mean": 11.6789636612,
        "median": 9.30629825592,
        "min": 0.361532628536,
        "var": 124.678573608
    },
    "pitch_salience": {
        "dmean": 0.0693316832185,
        "dmean2": 0.10989702493,
        "dvar": 0.00493846414611,
        "dvar2": 0.0122372061014,
        "max": 0.993177592754,
        "mean": 0.482381373644,
        "median": 0.477667987347,
        "min": 0.097727894783,
        "var": 0.0124342143536
    },
    "silence_rate_20dB": {
        "dmean": 0,
        "dmean2": 0,
        "dvar": 0,
        "dvar2": 0,
        "max": 1,
        "mean": 1,
        "median": 1,
        "min": 1,
        "var": 0
    },
    "silence_rate_30dB": {
        "dmean": 0.0329892002046,
        "dmean2": 0.0659862309694,
        "dvar": 0.0318998135626,
        "dvar2": 0.0716030746698,
        "max": 1,
        "mean": 0.966896057129,
        "median": 1,
        "min": 0,
        "var": 0.0320096313953
    },
    "silence_rate_60dB": {
        "dmean": 0.00118666188791,
        "dmean2": 0.00237360550091,
        "dvar": 0.00118521915283,
        "dvar2": 0.00236803526059,
        "max": 1,
        "mean": 0.0179164689034,
        "median": 0,
        "min": 0,
        "var": 0.017595577985
    },
    "spectral_centroid": {
        "dmean": 145.491668701,
        "dmean2": 234.327697754,
        "dvar": 63697.4140625,
        "dvar2": 154296.4375,
        "max": 11404.6816406,
        "mean": 635.637390137,
        "median": 554.371154785,
        "min": 127.722061157,
        "var": 174481.859375
    },
    "spectral_complexity": {
        "dmean": 2.95929741859,
        "dmean2": 4.66437196732,
        "dvar": 19.5897941589,
        "dvar2": 45.5599708557,
        "max": 49,
        "mean": 12.6631469727,
        "median": 12,
        "min": 0,
        "var": 42.909866333
    },
    "spectral_decrease": {
        "dmean": 3.11476489046e-09,
        "dmean2": 4.46501591256e-09,
        "dvar": 2.23909751623e-17,
        "dvar2": 4.38709961682e-17,
        "max": 1.16801184745e-16,
        "mean": -1.01574251232e-08,
        "median": -8.58449489272e-09,
        "min": -5.4019857032e-08,
        "var": 5.23189686032e-17
    },
    "spectral_energy": {
        "dmean": 0.0121205896139,
        "dmean2": 0.0172808654606,
        "dvar": 0.000330164504703,
        "dvar2": 0.000640091544483,
        "max": 0.206918299198,
        "mean": 0.0397130101919,
        "median": 0.0336614027619,
        "min": 1.06464906068e-20,
        "var": 0.000786285439972
    },
    "spectral_energyband_high": {
        "dmean": 0.000249782955507,
        "dmean2": 0.000390554807382,
        "dvar": 5.30411796262e-07,
        "dvar2": 1.3663319578e-06,
        "max": 0.00778920762241,
        "mean": 0.000332057243213,
        "median": 4.78173024021e-05,
        "min": 7.81332026839e-21,
        "var": 6.43565499558e-07
    },
    "spectral_energyband_low": {
        "dmean": 0.00753868650645,
        "dmean2": 0.0112701402977,
        "dvar": 0.000242448077188,
        "dvar2": 0.00052591302665,
        "max": 0.186850368977,
        "mean": 0.0200253352523,
        "median": 0.0141483042389,
        "min": 4.24331531025e-23,
        "var": 0.000480680144392
    },
    "spectral_energyband_middle_high": {
        "dmean": 0.00171782635152,
        "dmean2": 0.00264050904661,
        "dvar": 1.1362791156e-05,
        "dvar2": 2.73967380053e-05,
        "max": 0.0594086162746,
        "mean": 0.00411977572367,
        "median": 0.00254917237908,
        "min": 1.4669432221e-21,
        "var": 2.22558119276e-05
    },
    "spectral_energyband_middle_low": {
        "dmean": 0.00789465755224,
        "dmean2": 0.0122045436874,
        "dvar": 0.000190604798263,
        "dvar2": 0.000459391769255,
        "max": 0.149837344885,
        "mean": 0.0180059503764,
        "median": 0.0138810351491,
        "min": 3.68904251626e-22,
        "var": 0.000257367501035
    },
    "spectral_entropy": {
        "dmean": 0.248376041651,
        "dmean2": 0.356362044811,
        "dvar": 0.0891511440277,
        "dvar2": 0.18494066596,
        "max": 9.78478145599,
        "mean": 6.7746181488,
        "median": 6.80015659332,
        "min": 3.47200012207,
        "var": 0.62867641449
    },
    "spectral_flux": {
        "dmean": 0.0327372401953,
        "dmean2": 0.047778762877,
        "dvar": 0.00157080194913,
        "dvar2": 0.00299174245447,
        "max": 0.442008197308,
        "mean": 0.0785630196333,
        "median": 0.059381172061,
        "min": 1.03181831135e-10,
        "var": 0.00384650519118
    },
    "spectral_kurtosis": {
        "dmean": 8.02300262451,
        "dmean2": 13.5425949097,
        "dvar": 270.884552002,
        "dvar2": 706.821716309,
        "max": 451.184448242,
        "mean": 19.1594676971,
        "median": 8.32761478424,
        "min": -1.20257556438,
        "var": 952.446899414
    },
    "spectral_rms": {
        "dmean": 0.000864954898134,
        "dmean2": 0.0012164892396,
        "dvar": 1.16292665098e-06,
        "dvar2": 2.13738962884e-06,
        "max": 0.0142081500962,
        "mean": 0.00587334856391,
        "median": 0.00573065411299,
        "min": 3.22285904561e-12,
        "var": 4.2480655793e-06
    },
    "spectral_rolloff": {
        "dmean": 217.060043335,
        "dmean2": 386.159515381,
        "dvar": 334486.75,
        "dvar2": 860555.1875,
        "max": 18884.6191406,
        "mean": 732.802490234,
        "median": 538.330078125,
        "min": 64.599609375,
        "var": 1448304.875
    },
    "spectral_skewness": {
        "dmean": 0.590137898922,
        "dmean2": 0.967043936253,
        "dvar": 0.687314629555,
        "dvar2": 1.83262729645,
        "max": 17.6830120087,
        "mean": 2.79360055923,
        "median": 2.29304170609,
        "min": -0.0625409856439,
        "var": 3.09954929352
    },
    "spectral_spread": {
        "dmean": 585651.0625,
        "dmean2": 832257.6875,
        "dvar": 608402669568,
        "dvar2": 1.03904903168e+12,
        "max": 41188724,
        "mean": 3682052.75,
        "median": 3284575,
        "min": 295809.8125,
        "var": 4.56165687296e+12
    },
    "spectral_strongpeak": {
        "dmean": 0.426570951939,
        "dmean2": 0.7141482234,
        "dvar": 0.614866375923,
        "dvar2": 1.44995725155,
        "max": 15.3686485291,
        "mean": 0.946251511574,
        "median": 0.622781872749,
        "min": 0,
        "var": 1.01434516907
    },
    "zerocrossingrate": {
        "dmean": 0.00642095366493,
        "dmean2": 0.00793013721704,
        "dvar": 8.87220739969e-05,
        "dvar2": 0.000123360863654,
        "max": 0.81982421875,
        "mean": 0.0331855118275,
        "median": 0.0263671875,
        "min": 0.00244140625,
        "var": 0.00197107251734
    },
    "barkbands": {
        "dmean": [5.15516439918e-05, 0.00318773742765, 0.00472688768059, 0.00370510108769, 0.00296829687431, 0.00124777399469, 0.00102571595926, 0.00110069545917, 0.000429003877798, 0.00051126285689, 0.000341670151101, 0.00035226289765, 0.000411883142078, 0.000276386504993, 0.000218225963181, 0.000104785744043, 6.76947020111e-05, 3.59788245987e-05, 4.93072111567e-05, 5.42658381164e-05, 5.84448062e-05, 4.40291732957e-05, 4.65818702651e-05, 3.2533389458e-05, 3.41671002388e-05, 1.90014889085e-05, 3.96993527829e-06],
        "dmean2": [7.1922193456e-05, 0.0047245384194, 0.0077566197142, 0.00612573185936, 0.00474460190162, 0.00191902858205, 0.00160067889374, 0.00168389244936, 0.000682368699927, 0.000793700630311, 0.000533185550012, 0.000566093833186, 0.000641292950604, 0.000423579418566, 0.000353116483893, 0.000171372230398, 0.000111206056317, 5.78655271966e-05, 8.45684699016e-05, 9.33855990297e-05, 9.93784778984e-05, 7.0880734711e-05, 7.33262568247e-05, 5.17691441928e-05, 5.21394431416e-05, 3.04452369164e-05, 6.67252697895e-06],
        "dvar": [1.90715780946e-08, 6.70143635944e-05, 0.000154941328219, 9.50034082052e-05, 2.48154101428e-05, 1.08633685159e-05, 9.31238992052e-06, 1.26368768179e-05, 1.57026374836e-06, 1.37824576996e-06, 7.5366085639e-07, 7.25863230855e-07, 3.77224569093e-06, 1.26169879877e-06, 1.0851775869e-06, 5.48558531932e-08, 2.50036276128e-08, 7.17486114965e-09, 2.13863717846e-08, 3.05363876407e-08, 3.20686979194e-08, 1.64012590176e-08, 1.65835221111e-08, 9.81083836393e-09, 9.09839759089e-09, 3.37367711545e-09, 1.78540432438e-10],
        "dvar2": [2.91903194949e-08, 0.000137685172376, 0.000412327208323, 0.000245558388997, 6.75071496516e-05, 2.29690067499e-05, 2.17392735067e-05, 3.0281369618e-05, 3.06804236061e-06, 2.88656292469e-06, 1.69907934833e-06, 1.83652991836e-06, 9.93199864752e-06, 2.70918667411e-06, 2.6979280392e-06, 1.39737622362e-07, 6.48185149998e-08, 1.71188947462e-08, 5.9995791446e-08, 8.52125623396e-08, 8.80473365328e-08, 4.26957598165e-08, 4.06285955989e-08, 2.47938540809e-08, 2.31329178035e-08, 8.74126993011e-09, 4.59866367208e-10],
        "max": [0.00199369597249, 0.109997861087, 0.148952841759, 0.112352818251, 0.0697032362223, 0.059743847698, 0.0530647598207, 0.0773797109723, 0.0281100980937, 0.0316826291382, 0.0257900375873, 0.0141604151577, 0.0521999150515, 0.034791007638, 0.0332975946367, 0.00576923741028, 0.00235718092881, 0.00122869573534, 0.00282815820538, 0.00172043603379, 0.00182850193232, 0.00161777355243, 0.00149808637798, 0.00135156116448, 0.00104667630512, 0.000703192490619, 0.000187042256584],
        "mean": [9.49593741097e-05, 0.00804014131427, 0.00918692350388, 0.00479791127145, 0.00587646570057, 0.00272251619026, 0.00194727326743, 0.00184069864918, 0.000701158889569, 0.00101951614488, 0.000617749348748, 0.000562797649764, 0.000750359264202, 0.000482235860545, 0.000314733129926, 0.000173984881258, 0.000110229819256, 5.53338613827e-05, 6.04529632255e-05, 6.05223503953e-05, 6.20674691163e-05, 5.16285108461e-05, 5.63955145481e-05, 4.87074721605e-05, 4.86872704641e-05, 2.60666292888e-05, 3.58632723874e-06],
        "median": [1.5992378394e-05, 0.0034639951773, 0.00418698089197, 0.00206794496626, 0.00405653938651, 0.000953710346948, 0.000311041658279, 0.000252542609815, 0.000150839099661, 0.000289363961201, 0.000183926575119, 0.000188523699762, 0.000139972602483, 8.41739092721e-05, 7.95867963461e-05, 4.83037292724e-05, 3.13265336445e-05, 1.42952867463e-05, 1.42780527312e-05, 1.3864731045e-05, 1.11527651825e-05, 6.9175889621e-06, 5.10391873831e-06, 2.96836651614e-06, 2.11476572076e-06, 7.83808161486e-07, 1.69587170973e-08],
        "min": [3.67574598171e-23, 2.44645756444e-23, 5.65280290855e-24, 9.28503484941e-24, 5.16133357159e-23, 6.30443435956e-23, 9.98656443481e-23, 4.07256510514e-23, 8.34678199032e-23, 1.17049010171e-22, 1.03298950023e-22, 2.73012894829e-23, 1.38885715014e-22, 1.33862147795e-22, 1.94565309996e-22, 1.13604527915e-22, 1.73287976956e-22, 1.41293798124e-22, 2.24675916178e-22, 2.75024477516e-22, 3.76596314406e-22, 5.80010068916e-22, 6.52715326961e-22, 8.49592138249e-22, 1.50743034055e-21, 1.31449409774e-21, 2.64459395941e-21],
        "var": [6.34333474636e-08, 0.000158936702064, 0.000175524153747, 9.23209663597e-05, 3.66586864402e-05, 3.25643195538e-05, 2.09549234569e-05, 2.04690895771e-05, 3.9701744754e-06, 3.58739089279e-06, 1.83387408015e-06, 1.23597510537e-06, 4.67213385491e-06, 2.35087077272e-06, 1.25056931211e-06, 9.1046480577e-08, 4.2713658388e-08, 1.18632161872e-08, 1.74706045186e-08, 2.41102959819e-08, 2.57760977007e-08, 1.71180989383e-08, 2.0327815875e-08, 1.61661652953e-08, 1.6320402807e-08, 4.61185312162e-09, 1.51104337376e-10]
    },
    "erbbands": {
        "dmean": [0.0539851672947, 0.873727381229, 4.56007909775, 8.84100532532, 11.8188772202, 8.90604496002, 11.7663860321, 9.00699901581, 14.1615190506, 16.5434513092, 21.7635555267, 11.3897771835, 9.57077789307, 19.1347293854, 11.1828737259, 14.0957736969, 17.4091930389, 17.5559444427, 9.93165588379, 8.49409675598, 6.09498691559, 3.25952148438, 1.96277356148, 2.54713463783, 2.3030962944, 2.39824914932, 2.28885245323, 2.32520341873, 1.70342814922, 1.82090759277, 1.07355260849, 0.734522819519, 0.553219020367, 0.438489735126, 0.197554960847, 0.0942046046257, 0.0335926897824, 0.00851351581514, 0.000496079504956, 1.91523195099e-05],
        "dmean2": [0.0797348693013, 1.26486110687, 7.16805458069, 14.3264474869, 19.4883937836, 14.1743164062, 17.4847774506, 13.8852968216, 22.1894130707, 25.7226600647, 33.1649665833, 17.7402248383, 15.3527193069, 28.8928375244, 17.6908760071, 22.6391677856, 26.6490211487, 27.0081443787, 15.9690408707, 13.535320282, 10.0542602539, 5.36941623688, 3.12844228745, 4.28186511993, 3.96747040749, 4.07790803909, 3.87213993073, 3.95294189453, 2.80103683472, 2.83762001991, 1.71694302559, 1.15447509289, 0.898947417736, 0.688585519791, 0.294089525938, 0.150275856256, 0.0533267259598, 0.0141040943563, 0.00082726351684, 2.79459691228e-05],
        "dvar": [0.0304730031639, 4.71027326584, 150.416656494, 437.658905029, 893.773254395, 181.591079712, 395.500640869, 989.118835449, 2026.60522461, 2817.04541016, 3910.75634766, 1238.76464844, 360.589447021, 2152.13574219, 567.726379395, 1292.21911621, 5130.51806641, 4454.03808594, 1056.83642578, 1632.54882812, 192.164291382, 61.1399230957, 20.4924049377, 54.6967887878, 43.878578186, 56.1882591248, 47.8786849976, 53.5685501099, 27.289226532, 24.8152103424, 9.67964744568, 5.4350361824, 2.86237716675, 1.60720050335, 0.275285363197, 0.0819661468267, 0.00999531988055, 0.000746989157051, 2.90940010927e-06, 1.31205402099e-09],
        "dvar2": [0.0573699846864, 9.17837524414, 379.822601318, 1113.37243652, 2381.60351562, 498.620635986, 887.784057617, 2021.72277832, 4482.4140625, 7003.88037109, 9148.05078125, 2167.30859375, 855.800354004, 4410.58691406, 1362.02429199, 3350.35888672, 12868.0068359, 10306.4755859, 2694.32470703, 4064.27148438, 507.126281738, 162.171127319, 49.1175689697, 150.493408203, 122.548980713, 155.799911499, 130.372650146, 147.24156189, 73.275428772, 60.9666252136, 24.4639034271, 14.077750206, 7.29500770569, 4.22080087662, 0.639985442162, 0.21586330235, 0.025006338954, 0.00193789997138, 7.48297361497e-06, 2.74164624336e-09],
        "max": [2.14443302155, 28.8774414062, 144.739105225, 260.68939209, 326.635559082, 197.014648438, 425.339569092, 755.914794922, 803.55291748, 1264.24255371, 1354.62194824, 898.882324219, 306.411560059, 1163.61730957, 416.341339111, 668.543457031, 1830.58178711, 1675.62792969, 1008.00799561, 1389.96484375, 352.838317871, 101.756088257, 75.2375411987, 170.527648926, 80.318397522, 78.5724029541, 69.7300796509, 79.2371902466, 71.4996490479, 67.2699050903, 32.8366317749, 35.0591278076, 26.5922470093, 15.4723234177, 6.34782600403, 3.45067548752, 1.38233089447, 0.347475230694, 0.0234068948776, 0.000458020251244],
        "mean": [0.16622954607, 2.12875914574, 9.52573871613, 14.5037326813, 16.0541400909, 18.1745586395, 28.2967662811, 18.3821163177, 28.3449459076, 30.3496608734, 37.5251350403, 19.8715724945, 17.9298286438, 40.5360679626, 21.5548782349, 23.2555484772, 33.7357406616, 32.6744308472, 15.5851402283, 13.6797180176, 10.3560094833, 5.33785963058, 3.20828509331, 3.27993059158, 2.81714463234, 2.77295899391, 2.53850007057, 2.43287420273, 1.91441845894, 2.09696316719, 1.3430403471, 0.990271568298, 0.849701285362, 0.595765948296, 0.306092023849, 0.135477170348, 0.0441953726113, 0.00901628751308, 0.000478795263916, 5.36365223525e-05],
        "median": [0.061046268791, 1.12109327316, 4.58502960205, 8.09484672546, 8.77287101746, 12.4061307907, 11.2324581146, 5.8725233078, 4.65070056915, 6.2655620575, 7.77910614014, 5.64445972443, 7.51241731644, 14.8427181244, 10.1171474457, 9.35476112366, 7.80059576035, 6.78675365448, 5.3464307785, 3.87613606453, 3.40335154533, 1.63926923275, 0.954839587212, 0.777567863464, 0.683989584446, 0.653881192207, 0.512980103493, 0.391093343496, 0.25942748785, 0.208999931812, 0.126088604331, 0.0728240907192, 0.0479665473104, 0.0281776282936, 0.01186792925, 0.00409437622875, 0.00125134410337, 0.00016758046695, 2.90555981337e-05, 4.17477895098e-05],
        "min": [6.04589409623e-22, 6.0720505529e-21, 7.99405761665e-21, 1.76468159254e-20, 6.53399724002e-20, 1.96239397944e-19, 3.40567396336e-19, 6.29864018656e-19, 1.29333979772e-18, 1.22919431936e-18, 1.13819049331e-18, 1.60953620431e-18, 2.54930013074e-18, 5.79999772214e-18, 2.40484606485e-18, 1.70937762803e-18, 5.80206277854e-18, 7.84080697608e-18, 8.55866326298e-18, 9.4769023989e-18, 6.86720588253e-18, 1.00910633242e-17, 7.4967064587e-18, 1.15824964384e-17, 1.16806943577e-17, 1.10959860252e-17, 1.30283767163e-17, 1.78747046753e-17, 2.01093496438e-17, 2.04338575611e-17, 1.65565758256e-17, 1.65516739533e-17, 1.62997875306e-17, 1.59503566614e-17, 1.07844466455e-17, 4.71607885901e-18, 2.28273001141e-18, 1.32710468994e-18, 3.74265002582e-19, 3.8259613953e-20],
        "var": [0.112690061331, 10.0847864151, 184.487075806, 493.401824951, 762.231689453, 342.141998291, 1557.06396484, 2677.64819336, 5158.51757812, 4522.66943359, 7258.59863281, 3271.54125977, 767.441772461, 5740.38476562, 1145.56994629, 1916.73925781, 7994.39306641, 7458.16503906, 1489.91918945, 1777.01428223, 309.646728516, 88.5272598267, 35.5645599365, 47.8115081787, 38.6193161011, 46.4456748962, 40.1194572449, 42.7602272034, 25.7811317444, 28.3392391205, 11.7341604233, 6.83007526398, 5.18179798126, 2.44757056236, 0.652803897858, 0.130841851234, 0.0131820440292, 0.000688828877173, 2.53244684245e-06, 2.30680119451e-09]
    },
    "gfcc": {
        "mean": [-52.9956474304, 147.182052612, -97.9859771729, 19.3819713593, -40.4894256592, 12.0440816879, -28.5595874786, -7.73170423508, -21.3535251617, -4.51080226898, -15.4355726242, -5.92000818253, -6.70885848999],
        "cov": [[12311.6162109, -2521.07421875, -213.950454712, 466.754333496, -929.454589844, 931.591186523, -782.161682129, 477.968292236, -579.302856445, 548.43548584, -481.550140381, 288.013305664, -468.293273926], [-2521.07421875, 3713.61547852, -406.681121826, -510.135162354, 940.130615234, -731.640258789, 548.674194336, -402.760772705, 508.986541748, -410.027008057, 330.391571045, -324.073760986, 366.314727783], [-213.950454712, -406.681121826, 1145.30175781, 219.224838257, -95.85181427, 202.566589355, -87.2378768921, 107.226226807, -33.6908950806, 94.7125549316, -85.0955505371, 35.6969566345, -89.8505554199], [466.754333496, -510.135162354, 219.224838257, 598.107543945, -125.465835571, 83.8982696533, -104.253562927, -11.8040876389, -71.5917358398, -0.219044715166, -30.7508945465, -22.7302207947, -41.2534255981], [-929.454589844, 940.130615234, -95.85181427, -125.465835571, 500.429504395, -159.595794678, 159.017486572, -133.463867188, 96.0515823364, -103.879936218, 76.4460372925, -77.3059082031, 97.544883728], [931.591186523, -731.640258789, 202.566589355, 83.8982696533, -159.595794678, 411.671356201, -51.7526741028, 146.954574585, -115.85824585, 88.888458252, -87.118309021, 68.6217193604, -73.8347091675], [-782.161682129, 548.674194336, -87.2378768921, -104.253562927, 159.017486572, -51.7526741028, 271.117706299, -4.56233072281, 107.623199463, -90.0453338623, 36.6545066833, -57.0650978088, 50.9714698792], [477.968292236, -402.760772705, 107.226226807, -11.8040876389, -133.463867188, 146.954574585, -4.56233072281, 223.676605225, 19.7908325195, 86.1078491211, -62.6775245667, 26.0523548126, -75.5231628418], [-579.302856445, 508.986541748, -33.6908950806, -71.5917358398, 96.0515823364, -115.85824585, 107.623199463, 19.7908325195, 228.814865112, 8.64655971527, 67.1003952026, -74.5058746338, 17.7554779053], [548.43548584, -410.027008057, 94.7125549316, -0.219044715166, -103.879936218, 88.888458252, -90.0453338623, 86.1078491211, 8.64655971527, 194.104537964, 7.88170909882, 53.0267944336, -77.9661178589], [-481.550140381, 330.391571045, -85.0955505371, -30.7508945465, 76.4460372925, -87.118309021, 36.6545066833, -62.6775245667, 67.1003952026, 7.88170909882, 137.485290527, 7.63967323303, 54.3982849121], [288.013305664, -324.073760986, 35.6969566345, -22.7302207947, -77.3059082031, 68.6217193604, -57.0650978088, 26.0523548126, -74.5058746338, 53.0267944336, 7.63967323303, 144.992858887, 25.8477249146], [-468.293273926, 366.314727783, -89.8505554199, -41.2534255981, 97.544883728, -73.8347091675, 50.9714698792, -75.5231628418, 17.7554779053, -77.9661178589, 54.3982849121, 25.8477249146, 143.131118774]],
        "icov": [[0.000251554854913, -0.000543973117601, 0.000365538959159, -0.000419597025029, 0.00035066367127, -0.000528376724105, 0.000550258904696, -0.0002388349385, 0.000509100733325, -0.000808024138678, 0.00109453056939, -0.000802970549557, 0.000715947477147], [-0.000543973117601, 0.00292701646686, -0.00111950002611, 0.00181070959661, -0.00191361957695, 0.00186883856077, -0.00171820295509, 0.00108163384721, -0.0025092724245, 0.0030562619213, -0.00391434226185, 0.00377994519658, -0.00321979238652], [0.000365538959159, -0.00111950002611, 0.00168027332984, -0.00117061473429, 0.000502362381667, -0.00126169610303, 0.00105803017505, -0.000466088356916, 0.0005342621007, -0.00156532751862, 0.0024531041272, -0.00204211566597, 0.00168007879984], [-0.000419597025029, 0.00181070959661, -0.00117061473429, 0.00333113619126, -0.000659398618154, 0.000839250278659, -0.000523355789483, 0.00107043504249, -0.00121076602954, 0.00253838766366, -0.00322298146784, 0.00352458725683, -0.00202688248828], [0.00035066367127, -0.00191361957695, 0.000502362381667, -0.000659398618154, 0.00466455193236, -0.00108142313547, -0.00017709423264, 0.000772767991293, 0.00154928560369, -0.00224321335554, 0.00220918655396, -0.00106047082227, 0.000841929519083], [-0.000528376724105, 0.00186883856077, -0.00126169610303, 0.000839250278659, -0.00108142313547, 0.00608650362119, -0.00256794295274, -0.00163571815938, 0.00107446918264, 0.000599705032073, -0.00223072827794, 0.00239532836713, -0.00252501224168], [0.000550258904696, -0.00171820295509, 0.00105803017505, -0.000523355789483, -0.00017709423264, -0.00256794295274, 0.00843510311097, -0.00216357177123, -0.00121147860773, 0.00176454882603, 0.0015381454723, -0.00220289896242, 0.00228625861928], [-0.0002388349385, 0.00108163384721, -0.000466088356916, 0.00107043504249, 0.000772767991293, -0.00163571815938, -0.00216357177123, 0.0104723172262, -0.00489403307438, -0.000537040585186, 0.0025050281547, -0.000989275402389, 0.000933231436647], [0.000509100733325, -0.0025092724245, 0.0005342621007, -0.00121076602954, 0.00154928560369, 0.00107446918264, -0.00121147860773, -0.00489403307438, 0.0131557993591, -0.00648772157729, -0.000375075236661, 0.00295582925901, -0.000135640104418], [-0.000808024138678, 0.0030562619213, -0.00156532751862, 0.00253838766366, -0.00224321335554, 0.000599705032073, 0.00176454882603, -0.000537040585186, -0.00648772157729, 0.016632411629, -0.00882428139448, -0.00106656888966, 0.00362094119191], [0.00109453056939, -0.00391434226185, 0.0024531041272, -0.00322298146784, 0.00220918655396, -0.00223072827794, 0.0015381454723, 0.0025050281547, -0.000375075236661, -0.00882428139448, 0.0199738740921, -0.00791186187416, 0.00140504864976], [-0.000802970549557, 0.00377994519658, -0.00204211566597, 0.00352458725683, -0.00106047082227, 0.00239532836713, -0.00220289896242, -0.000989275402389, 0.00295582925901, -0.00106656888966, -0.00791186187416, 0.0200562849641, -0.0119089512154], [0.000715947477147, -0.00321979238652, 0.00168007879984, -0.00202688248828, 0.000841929519083, -0.00252501224168, 0.00228625861928, 0.000933231436647, -0.000135640104418, 0.00362094119191, 0.00140504864976, -0.0119089512154, 0.0194476526231]]
    },
    "melbands": {
        "dmean": [0.000686069251969, 0.00188338267617, 0.00157314818352, 0.000726022059098, 0.000387155421777, 0.000214934494579, 0.000223521812586, 0.000201271963306, 0.000158773531439, 6.64740728098e-05, 4.99951347592e-05, 8.15767853055e-05, 3.86688989238e-05, 4.46165213361e-05, 2.48163360084e-05, 4.67753998237e-05, 3.36179436999e-05, 1.47055152411e-05, 1.75775585376e-05, 7.73320152803e-06, 7.22760933058e-06, 3.87345971831e-06, 2.20711012844e-06, 1.55061343321e-06, 2.2291831101e-06, 1.78936056727e-06, 1.67183964095e-06, 1.67454720668e-06, 1.51432686835e-06, 1.43048521295e-06, 1.36291350827e-06, 9.24449579998e-07, 9.2315707434e-07, 1.13638634502e-06, 6.29341059266e-07, 5.64101753753e-07, 4.01422795449e-07, 4.61150420961e-07, 4.11430477243e-07, 3.55733391189e-07],
        "dmean2": [0.00103444280103, 0.00282457191497, 0.00252049183473, 0.00117968686391, 0.000574061064981, 0.000329275353579, 0.000348480476532, 0.000311013776809, 0.000243764428888, 0.000103762977233, 8.04954906926e-05, 0.00012308510486, 6.14014643361e-05, 7.08345687599e-05, 3.9751703298e-05, 7.23264092812e-05, 5.14959137945e-05, 2.3644988687e-05, 2.82044074993e-05, 1.24351881823e-05, 1.19897949844e-05, 6.42460054223e-06, 3.57022508979e-06, 2.52856102634e-06, 3.75918125428e-06, 3.10653877023e-06, 2.8895738069e-06, 2.87003854282e-06, 2.57857755059e-06, 2.45090632234e-06, 2.32151774071e-06, 1.52872610215e-06, 1.49898835389e-06, 1.79597429906e-06, 1.0212553434e-06, 9.44221824284e-07, 6.32003832379e-07, 7.84035307788e-07, 6.64118147142e-07, 5.61738033866e-07],
        "dvar": [3.6272097077e-06, 2.10419148061e-05, 1.40934052979e-05, 2.01732063942e-06, 3.72510498892e-07, 5.19940840604e-07, 4.71489926213e-07, 4.3389854909e-07, 1.88372126786e-07, 4.80252566604e-08, 1.060374899e-08, 3.82921108155e-08, 7.29271887323e-09, 1.10345732551e-08, 4.0191365791e-09, 5.52240955187e-08, 1.83579018653e-08, 2.02981809139e-09, 1.0392720462e-08, 3.08466724386e-10, 2.88121138059e-10, 8.58656479252e-11, 2.83852646249e-11, 1.22817329223e-11, 4.48024083111e-11, 2.88435837714e-11, 2.63992074728e-11, 2.8971637589e-11, 2.14559637418e-11, 1.9951526542e-11, 1.84358084354e-11, 7.57910834787e-12, 8.45789323994e-12, 1.06784641893e-11, 3.3165978644e-12, 3.35040328814e-12, 1.46766561578e-12, 2.52436916856e-12, 1.6132147701e-12, 1.03051356511e-12],
        "dvar2": [7.68884638092e-06, 4.83963740407e-05, 3.45624903275e-05, 5.46317460248e-06, 8.20921798095e-07, 1.07626931367e-06, 1.05397248262e-06, 1.07026562546e-06, 4.41414272245e-07, 8.20530985379e-08, 2.495827367e-08, 7.8216203292e-08, 1.76456254053e-08, 2.73379985316e-08, 9.69575886245e-09, 1.44177050743e-07, 4.02743687289e-08, 5.13113729284e-09, 2.52603911122e-08, 7.46039008348e-10, 7.63596463838e-10, 2.26139468262e-10, 7.08216471579e-11, 3.05227232378e-11, 1.23812654573e-10, 8.16655562619e-11, 7.37671382312e-11, 8.08417222053e-11, 5.85061443736e-11, 5.53313644902e-11, 5.05670956497e-11, 2.02882953493e-11, 2.22940641642e-11, 2.65729504373e-11, 8.42004244106e-12, 8.94354382219e-12, 3.7368289886e-12, 7.16611795945e-12, 4.40405351076e-12, 2.71084088337e-12],
        "max": [0.0243264101446, 0.0559911839664, 0.0409306176007, 0.0193257592618, 0.0133451353759, 0.0145726846531, 0.0111026586965, 0.0151871703565, 0.00885415636003, 0.00548912398517, 0.00183302350342, 0.00518983509392, 0.00171960575972, 0.00191791041289, 0.00145748408977, 0.0065242042765, 0.00385166401975, 0.0013903301442, 0.00341795245185, 0.000331983988872, 0.00044982417603, 0.000127602776047, 7.29978855816e-05, 4.55684385088e-05, 0.000167987571331, 6.90213928465e-05, 6.0273672716e-05, 6.43423918518e-05, 5.2613155276e-05, 5.0793903938e-05, 4.5176493586e-05, 3.62737264368e-05, 4.29880310548e-05, 4.94389169035e-05, 1.95537377294e-05, 2.08482797461e-05, 1.87388668564e-05, 2.56668536167e-05, 1.43581501106e-05, 1.23162280943e-05],
        "mean": [0.00187536864541, 0.00431274110451, 0.00260818866082, 0.00119969586376, 0.000955450872425, 0.000443623546744, 0.000445502344519, 0.00036323160748, 0.000276123231743, 0.00010950853175, 9.03693580767e-05, 0.000171151958057, 7.05342099536e-05, 7.45756551623e-05, 4.23867786594e-05, 8.52471275721e-05, 5.91728421568e-05, 2.25327203225e-05, 2.47060870606e-05, 1.36854523589e-05, 1.16435394375e-05, 5.99753866481e-06, 3.49430069946e-06, 2.37389531321e-06, 2.7309242796e-06, 2.06667414204e-06, 1.91909271052e-06, 1.8635627157e-06, 1.67261646311e-06, 1.44134219227e-06, 1.39033318192e-06, 1.03714751276e-06, 1.03516276795e-06, 1.25653593841e-06, 7.72877285726e-07, 6.72711507832e-07, 5.60153409879e-07, 6.39251084067e-07, 5.29629858192e-07, 4.8552590215e-07],
        "median": [0.000745995203033, 0.00257539888844, 0.00151075236499, 0.000760794384405, 0.000436468922999, 0.000128425526782, 6.97156501701e-05, 6.6786633397e-05, 5.44863905816e-05, 2.5196790375e-05, 3.20620820276e-05, 5.72243698116e-05, 2.82978544419e-05, 2.5952625947e-05, 1.51613930939e-05, 1.44100276884e-05, 8.92107982509e-06, 7.21759261069e-06, 5.66386643186e-06, 3.8910384319e-06, 3.56105419996e-06, 1.65395090335e-06, 8.82789663592e-07, 6.69560449751e-07, 6.21548565505e-07, 4.94551443353e-07, 4.41922338723e-07, 4.13953102907e-07, 3.40610711191e-07, 2.20378353788e-07, 2.06128589753e-07, 1.42808715964e-07, 1.21400020703e-07, 1.08076150696e-07, 7.34950305059e-08, 5.01580572632e-08, 3.92654939674e-08, 3.34698881943e-08, 2.69720885626e-08, 2.11788648841e-08],
        "min": [7.9262274622e-24, 5.80046899254e-24, 4.81921043456e-24, 7.93754682733e-24, 1.28787656449e-23, 1.43542376714e-23, 1.94738865706e-23, 1.23524494819e-23, 8.96724933349e-24, 1.11748844654e-23, 1.20656945985e-23, 2.32104982199e-23, 1.10506380839e-23, 3.1782229656e-24, 7.02836727912e-24, 1.48975908634e-23, 1.44548127037e-23, 1.27700266912e-23, 1.30608576188e-23, 1.05507037961e-23, 7.22309049382e-24, 1.18204069775e-23, 5.51763908662e-24, 7.77870100659e-24, 9.64819485574e-24, 8.31361102034e-24, 8.12655237819e-24, 7.62315262444e-24, 8.69446123247e-24, 7.29000009808e-24, 1.20206829841e-23, 1.16035775137e-23, 1.05455840889e-23, 1.18944904829e-23, 9.13245652857e-24, 9.57522758859e-24, 1.09617397708e-23, 1.18619807361e-23, 1.06489351226e-23, 1.46717289422e-23],
        "var": [9.89158434095e-06, 3.17904523399e-05, 1.57599188242e-05, 2.13455587073e-06, 1.54167935307e-06, 1.46138870605e-06, 1.17330637295e-06, 6.72848045724e-07, 3.66390054296e-07, 1.25864474398e-07, 2.28845848937e-08, 1.02346938036e-07, 1.46819880698e-08, 2.03615524441e-08, 7.55625517712e-09, 6.91504666861e-08, 3.34262821866e-08, 3.10927261715e-09, 1.17093161833e-08, 5.61819202272e-10, 4.7222642463e-10, 1.26631483077e-10, 4.42542877344e-11, 1.89012885204e-11, 3.72239530866e-11, 2.33417001005e-11, 2.13199926463e-11, 2.33258499321e-11, 1.7871136862e-11, 1.54552707438e-11, 1.45513887398e-11, 7.28370141978e-12, 8.1959447909e-12, 1.13101524674e-11, 4.00850706794e-12, 3.46840741891e-12, 2.07428085125e-12, 3.52190217094e-12, 2.13808267965e-12, 1.61776690134e-12]
    },
    "mfcc": {
        "mean": [-700.474487305, 175.511123657, 10.7252550125, 19.0269126892, 10.1085996628, 16.4946632385, 4.11593961716, 0.505703091621, 0.519153296947, -1.58734917641, -5.92376232147, -3.58407235146, -0.528487145901],
        "cov": [[8153.69287109, -2168.67431641, -250.888427734, -213.68006897, -300.22567749, 119.783195496, -46.8912582397, -34.626449585, -51.1464233398, 19.9262046814, 56.197052002, 65.135887146, 25.9369125366], [-2168.67431641, 3081.96728516, -529.126831055, 28.0980396271, 262.755645752, -65.3998947144, 52.1501121521, 33.0034255981, 107.015419006, 35.8910636902, -31.035949707, 55.475151062, 29.608537674], [-250.888427734, -529.126831055, 1057.54614258, 63.283996582, 48.2107391357, 81.2389450073, -6.34046268463, 32.4328727722, 19.0723171234, 79.293510437, 38.7649612427, -21.4773960114, 46.1326408386], [-213.68006897, 28.0980396271, 63.283996582, 460.757507324, 92.9571762085, 40.1286582947, -18.9053192139, -46.723903656, -25.2813053131, -26.4717788696, -12.5638256073, -2.09985232353, 0.155491814017], [-300.22567749, 262.755645752, 48.2107391357, 92.9571762085, 227.04057312, 52.2108726501, 29.3228206635, -18.1210155487, -9.56844711304, -1.32533955574, -14.032002449, -4.38793945312, -12.7144517899], [119.783195496, -65.3998947144, 81.2389450073, 40.1286582947, 52.2108726501, 161.416564941, 68.7020339966, 20.7786617279, -4.08419513702, -1.89614641666, -4.45816230774, -30.5813865662, -16.8341007233], [-46.8912582397, 52.1501121521, -6.34046268463, -18.9053192139, 29.3228206635, 68.7020339966, 149.071487427, 66.295249939, 17.9404392242, -8.60505199432, -19.7638969421, -19.2290306091, -31.0238304138], [-34.626449585, 33.0034255981, 32.4328727722, -46.723903656, -18.1210155487, 20.7786617279, 66.295249939, 135.399597168, 72.5239562988, 15.0826740265, -0.0838747769594, -2.22020173073, -3.13553190231], [-51.1464233398, 107.015419006, 19.0723171234, -25.2813053131, -9.56844711304, -4.08419513702, 17.9404392242, 72.5239562988, 120.203048706, 62.4058227539, 21.5642127991, 17.2719078064, 10.9910020828], [19.9262046814, 35.8910636902, 79.293510437, -26.4717788696, -1.32533955574, -1.89614641666, -8.60505199432, 15.0826740265, 62.4058227539, 130.117416382, 67.5474472046, 41.0099601746, 20.2200965881], [56.197052002, -31.035949707, 38.7649612427, -12.5638256073, -14.032002449, -4.45816230774, -19.7638969421, -0.0838747769594, 21.5642127991, 67.5474472046, 102.096794128, 46.4236450195, 32.1228370667], [65.135887146, 55.475151062, -21.4773960114, -2.09985232353, -4.38793945312, -30.5813865662, -19.2290306091, -2.22020173073, 17.2719078064, 41.0099601746, 46.4236450195, 120.914985657, 70.6454620361], [25.9369125366, 29.608537674, 46.1326408386, 0.155491814017, -12.7144517899, -16.8341007233, -31.0238304138, -3.13553190231, 10.9910020828, 20.2200965881, 32.1228370667, 70.6454620361, 126.476501465]],
