{
"lowlevel": {
    "average_loudness": 0.459665477276,
    "barkbands_crest": {
        "dmean": 2.93475341797,
        "dmean2": 4.74796628952,
        "dvar": 7.83927726746,
        "dvar2": 20.5219097137,
        "max": 25.9125556946,
        "mean": 10.9509925842,
        "median": 10.0724811554,
        "min": 2.19957613945,
        "var": 17.4637947083
    },
    "barkbands_flatness_db": {
        "dmean": 0.0393544845283,
        "dmean2": 0.0623334869742,
        "dvar": 0.00173106219154,
        "dvar2": 0.00455365329981,
        "max": 0.56021040678,
        "mean": 0.213022589684,
        "median": 0.198499590158,
        "min": 0.0157455038279,
        "var": 0.00876538641751
    },
    "barkbands_kurtosis": {
        "dmean": 7.81839895248,
        "dmean2": 13.4436569214,
        "dvar": 220.383178711,
        "dvar2": 607.08013916,
        "max": 169.042694092,
        "mean": 9.33393287659,
        "median": 4.95748996735,
        "min": -1.75432872772,
        "var": 190.221679688
    },
    "barkbands_skewness": {
        "dmean": 0.891943275928,
        "dmean2": 1.4146271944,
        "dvar": 1.2270835638,
        "dvar2": 3.08707356453,
        "max": 11.5947475433,
        "mean": 2.12398123741,
        "median": 1.88396930695,
        "min": -2.09904503822,
        "var": 2.3869831562
    },
    "barkbands_spread": {
        "dmean": 4.55564451218,
        "dmean2": 7.27907419205,
        "dvar": 32.9059906006,
        "dvar2": 81.6157073975,
        "max": 80.502822876,
        "mean": 11.3950853348,
        "median": 8.77429389954,
        "min": 0.424144715071,
        "var": 85.1024169922
    },
    "dissonance": {
        "dmean": 0.0332221575081,
        "dmean2": 0.0545529909432,
        "dvar": 0.00112275697757,
        "dvar2": 0.0029584930744,
        "max": 0.500000119209,
        "mean": 0.421277880669,
        "median": 0.436784058809,
        "min": 0.0805635228753,
        "var": 0.00360817299224
    },
    "dynamic_complexity": 4.40077924728,
    "erbbands_crest": {
        "dmean": 3.08358740807,
        "dmean2": 4.95641326904,
        "dvar": 9.64706897736,
        "dvar2": 23.4180660248,
        "max": 33.0259513855,
        "mean": 10.845954895,
        "median": 9.63274383545,
        "min": 2.48955464363,
        "var": 27.2574520111
    },
    "erbbands_flatness_db": {
        "dmean": 0.0262190625072,
        "dmean2": 0.038106482476,
        "dvar": 0.00083496136358,
        "dvar2": 0.00181909499224,
        "max": 0.514935493469,
        "mean": 0.208851084113,
        "median": 0.188759103417,
        "min": 0.0499251671135,
        "var": 0.0095829423517
    },
    "erbbands_kurtosis": {
        "dmean": 1.42845642567,
        "dmean2": 2.25982022285,
        "dvar": 3.91137433052,
        "dvar2": 8.86852359772,
        "max": 54.1815032959,
        "mean": 1.30316150188,
        "median": 0.514415502548,
        "min": -1.88582754135,
        "var": 8.68529891968
    },
    "erbbands_skewness": {
        "dmean": 0.43769094348,
        "dmean2": 0.689661324024,
        "dvar": 0.181740894914,
        "dvar2": 0.453046143055,
        "max": 6.19014549255,
        "mean": 0.825781404972,
        "median": 0.817813694477,
        "min": -2.09722447395,
        "var": 0.4993493855
    },
    "erbbands_spread": {
        "dmean": 9.00661182404,
        "dmean2": 14.0312757492,
        "dvar": 119.279876709,
        "dvar2": 292.912689209,
        "max": 130.571868896,
        "mean": 32.4622421265,
        "median": 25.7465648651,
        "min": 1.02436745167,
        "var": 497.726165771
    },
    "hfc": {
        "dmean": 4.53841543198,
        "dmean2": 7.69569826126,
        "dvar": 94.734703064,
        "dvar2": 252.75617981,
        "max": 72.2888259888,
        "mean": 5.87480735779,
        "median": 2.95812821388,
        "min": 1.20170430346e-16,
        "var": 82.294303894
    },
    "melbands_crest": {
        "dmean": 3.46341490746,
        "dmean2": 5.55998754501,
        "dvar": 10.140709877,
        "dvar2": 24.3179798126,
        "max": 32.6303405762,
        "mean": 15.4740619659,
        "median": 15.1050443649,
        "min": 2.03698039055,
        "var": 26.4053039551
    },
    "melbands_flatness_db": {
        "dmean": 0.0450055450201,
        "dmean2": 0.0717135220766,
        "dvar": 0.00246696360409,
        "dvar2": 0.00645422143862,
        "max": 0.703253746033,
        "mean": 0.290839076042,
        "median": 0.277084320784,
        "min": 0.0062270485796,
        "var": 0.0105801159516
    },
    "melbands_kurtosis": {
        "dmean": 16.9141788483,
        "dmean2": 28.481546402,
        "dvar": 1275.4732666,
        "dvar2": 3472.38989258,
        "max": 457.359802246,
        "mean": 21.5524330139,
        "median": 9.46719074249,
        "min": -1.61817657948,
        "var": 1243.63061523
    },
    "melbands_skewness": {
        "dmean": 1.1412602663,
        "dmean2": 1.7659368515,
        "dvar": 2.0982708931,
        "dvar2": 5.06757450104,
        "max": 16.8731975555,
        "mean": 2.95232343674,
        "median": 2.40941643715,
        "min": -1.58159029484,
        "var": 4.80486536026
    },
    "melbands_spread": {
        "dmean": 4.39667129517,
        "dmean2": 6.86987304688,
        "dvar": 33.2250099182,
        "dvar2": 70.2128601074,
        "max": 165.780990601,
        "mean": 12.2907094955,
        "median": 9.17084312439,
        "min": 0.664233505726,
        "var": 224.112960815
    },
    "pitch_salience": {
        "dmean": 0.0889842957258,
        "dmean2": 0.147419720888,
        "dvar": 0.00791341718286,
        "dvar2": 0.0217258520424,
        "max": 0.961934685707,
        "mean": 0.536905348301,
        "median": 0.540462553501,
        "min": 0.100534856319,
        "var": 0.0157991740853
    },
    "silence_rate_20dB": {
        "dmean": 0,
        "dmean2": 0,
        "dvar": 0,
        "dvar2": 0,
        "max": 1,
        "mean": 1,
        "median": 1,
        "min": 1,
        "var": 0
    },
    "silence_rate_30dB": {
        "dmean": 0.0252513960004,
        "dmean2": 0.0505084358156,
        "dvar": 0.024615932256,
        "dvar2": 0.0698666200042,
        "max": 1,
        "mean": 0.985699892044,
        "median": 1,
        "min": 0,
        "var": 0.0140965953469
    },
    "silence_rate_60dB": {
        "dmean": 0.0936312824488,
        "dmean2": 0.187283501029,
        "dvar": 0.0848720818758,
        "dvar2": 0.179465413094,
        "max": 1,
        "mean": 0.251480281353,
        "median": 0,
        "min": 0,
        "var": 0.188234016299
    },
    "spectral_centroid": {
        "dmean": 197.248764038,
        "dmean2": 314.606109619,
        "dvar": 70979.5859375,
        "dvar2": 164499.328125,
        "max": 10771.9453125,
        "mean": 743.681396484,
        "median": 614.613342285,
        "min": 148.928009033,
        "var": 285623.6875
    },
    "spectral_complexity": {
        "dmean": 2.55307269096,
        "dmean2": 4.25276565552,
        "dvar": 15.0888805389,
        "dvar2": 38.3700904846,
        "max": 48,
        "mean": 8.49659252167,
        "median": 8,
        "min": 0,
        "var": 23.7570571899
    },
    "spectral_decrease": {
        "dmean": 5.0538666585e-09,
        "dmean2": 9.00744012711e-09,
        "dvar": 1.3229049244e-16,
        "dvar2": 3.60057188735e-16,
        "max": -5.02960125817e-29,
        "mean": -4.73142947044e-09,
        "median": -1.60563029539e-09,
        "min": -5.89429909326e-08,
        "var": 9.30414605884e-17
    },
    "spectral_energy": {
        "dmean": 0.0194635614753,
        "dmean2": 0.0346436388791,
        "dvar": 0.00195042183623,
        "dvar2": 0.0053047160618,
        "max": 0.226602748036,
        "mean": 0.0183903686702,
        "median": 0.00635499600321,
        "min": 1.10896388875e-20,
        "var": 0.00137860001996
    },
    "spectral_energyband_high": {
        "dmean": 0.000133097724756,
        "dmean2": 0.000224745919695,
        "dvar": 1.35159254455e-07,
        "dvar2": 3.78515068178e-07,
        "max": 0.00432461174205,
        "mean": 0.000171163279447,
        "median": 2.240766662e-05,
        "min": 7.89687197261e-21,
        "var": 1.26235136122e-07
    },
    "spectral_energyband_low": {
        "dmean": 0.0102200331166,
        "dmean2": 0.0186879523098,
        "dvar": 0.000978287658654,
        "dvar2": 0.00274630333297,
        "max": 0.194258973002,
        "mean": 0.00814459938556,
        "median": 0.00144033494871,
        "min": 6.41299234863e-23,
        "var": 0.000606473127846
    },
    "spectral_energyband_middle_high": {
        "dmean": 0.000541358313058,
        "dmean2": 0.000881504733115,
        "dvar": 1.02519186385e-06,
        "dvar2": 2.59091575572e-06,
        "max": 0.0117019899189,
        "mean": 0.000874871504493,
        "median": 0.000483137118863,
        "min": 1.52016530711e-21,
        "var": 1.36042808663e-06
    },
    "spectral_energyband_middle_low": {
        "dmean": 0.0110922167078,
        "dmean2": 0.0197288487107,
        "dvar": 0.000824772752821,
        "dvar2": 0.00223293690942,
        "max": 0.217335432768,
        "mean": 0.0105476528406,
        "median": 0.00391017645597,
        "min": 5.41251780164e-22,
        "var": 0.00058442709269
    },
    "spectral_entropy": {
        "dmean": 0.32290533185,
        "dmean2": 0.511345744133,
        "dvar": 0.126456916332,
        "dvar2": 0.326324641705,
        "max": 9.79614257812,
        "mean": 6.88215112686,
        "median": 6.94863700867,
        "min": 4.4317612648,
        "var": 0.671083629131
    },
    "spectral_flux": {
        "dmean": 0.0454172827303,
        "dmean2": 0.0739762187004,
        "dvar": 0.00633161514997,
        "dvar2": 0.011914412491,
        "max": 0.442064851522,
        "mean": 0.0737203806639,
        "median": 0.0336415991187,
        "min": 1.05307353115e-10,
        "var": 0.0092361131683
    },
    "spectral_kurtosis": {
        "dmean": 9.47969818115,
        "dmean2": 15.4474945068,
        "dvar": 373.524932861,
        "dvar2": 892.637084961,
        "max": 250.621047974,
        "mean": 20.1056594849,
        "median": 6.83837223053,
        "min": -1.19081580639,
        "var": 1142.77429199
    },
    "spectral_rms": {
        "dmean": 0.0014556653332,
        "dmean2": 0.00239338167012,
        "dvar": 6.89843318469e-06,
        "dvar2": 1.76694265974e-05,
        "max": 0.0148686198518,
        "mean": 0.00325191626325,
        "median": 0.00248997914605,
        "min": 3.28924929828e-12,
        "var": 7.36686797609e-06
    },
    "spectral_rolloff": {
        "dmean": 254.188247681,
        "dmean2": 426.544036865,
        "dvar": 274673.75,
        "dvar2": 562129.375,
        "max": 18712.3535156,
        "mean": 823.100769043,
        "median": 602.9296875,
        "min": 107.666015625,
        "var": 1170758.125
    },
    "spectral_skewness": {
        "dmean": 0.683660209179,
        "dmean2": 1.10872900486,
        "dvar": 1.00475478172,
        "dvar2": 2.48134279251,
        "max": 13.4286813736,
        "mean": 2.79372596741,
        "median": 2.08341765404,
        "min": -0.0406006686389,
        "var": 4.17676591873
    },
    "spectral_spread": {
        "dmean": 705418.875,
        "dmean2": 1013005.125,
        "dvar": 661737111552,
        "dvar2": 1.25711758131e+12,
        "max": 40199496,
        "mean": 3945970.5,
        "median": 3571443,
        "min": 290735.8125,
        "var": 4.95321140429e+12
    },
    "spectral_strongpeak": {
        "dmean": 0.261360734701,
        "dmean2": 0.43317475915,
        "dvar": 0.124179206789,
        "dvar2": 0.296783536673,
        "max": 5.32603406906,
        "mean": 0.485752999783,
        "median": 0.382958054543,
        "min": 0,
        "var": 0.181709676981
    },
    "zerocrossingrate": {
        "dmean": 0.00839685555547,
        "dmean2": 0.0102563071996,
        "dvar": 0.000113489841169,
        "dvar2": 0.000157450311235,
        "max": 0.6435546875,
        "mean": 0.0422824509442,
        "median": 0.03369140625,
        "min": 0.00439453125,
        "var": 0.00122326950077
    },
    "barkbands": {
        "dmean": [2.19983176066e-05, 0.00407569669187, 0.00515367742628, 0.00416617793962, 0.00649029109627, 0.000520441331901, 0.000330692302668, 0.000268257921562, 0.000275318685453, 0.000183897078387, 7.41830517654e-05, 9.0685338364e-05, 6.74919647281e-05, 5.80473933951e-05, 5.0982565881e-05, 3.91211142414e-05, 4.37301641796e-05, 3.15099059662e-05, 3.51061680703e-05, 3.96957730118e-05, 4.12926456193e-05, 2.61914174189e-05, 2.15132549783e-05, 1.57794784172e-05, 1.1845062545e-05, 7.03559499016e-06, 1.67633822912e-06],
        "dmean2": [4.04333404731e-05, 0.00758565589786, 0.00966405123472, 0.00743334833533, 0.0118806781247, 0.000876067962963, 0.000559144304134, 0.000418788433308, 0.000451828760561, 0.000281822460238, 0.000118513868074, 0.00014567055041, 0.000112171263027, 9.94269503281e-05, 8.45840768307e-05, 6.78592332406e-05, 7.59745453252e-05, 5.49412470718e-05, 6.22817169642e-05, 7.11942411726e-05, 7.16907306924e-05, 4.52953499916e-05, 3.66646199836e-05, 2.59544831351e-05, 1.91707331396e-05, 1.08822841867e-05, 2.83406438939e-06],
        "dvar": [4.29292779103e-09, 0.000165563542396, 0.000288102222839, 9.9985365523e-05, 0.000469450285891, 1.07904565994e-06, 3.09554877731e-07, 2.27332350278e-07, 3.75238613515e-07, 2.04520560487e-07, 5.12434539246e-08, 4.17973495814e-08, 1.4888756894e-08, 1.47637164716e-08, 1.25966774789e-08, 9.43351885496e-09, 1.14550413599e-08, 7.01665303637e-09, 1.06951283385e-08, 1.86923081458e-08, 1.72341980686e-08, 6.01156591173e-09, 3.04701486264e-09, 1.65391500495e-09, 1.39499201079e-09, 2.64135935346e-10, 2.94187903205e-11],
        "dvar2": [1.27329817801e-08, 0.000472885847557, 0.000829776981845, 0.000273110141279, 0.00131766090635, 2.97263522953e-06, 8.26294296985e-07, 5.53383699753e-07, 9.80137883744e-07, 4.05580152574e-07, 9.44401747915e-08, 8.86160904656e-08, 3.81383031822e-08, 3.93491674799e-08, 3.17617683265e-08, 2.39370585575e-08, 3.0933854589e-08, 1.8842959193e-08, 2.99529396841e-08, 5.2691838448e-08, 4.74675054818e-08, 1.69934377681e-08, 8.70237215622e-09, 4.48594583702e-09, 3.9240273253e-09, 6.83087308939e-10, 7.88107357153e-11],
        "max": [0.00086988217663, 0.0841703638434, 0.110107168555, 0.0810477435589, 0.169983163476, 0.0120710050687, 0.00805569626391, 0.00758780911565, 0.00849031750113, 0.0113800317049, 0.00898230075836, 0.0092747816816, 0.00162419816479, 0.00173877342604, 0.00166647089645, 0.0016352905659, 0.00209224247374, 0.00149384140968, 0.00172371498775, 0.00148206728045, 0.00178093649447, 0.00109422614332, 0.000862986373249, 0.000577200378757, 0.000634086900391, 0.000231155005167, 0.000106472332845],
        "mean": [1.99958558369e-05, 0.00293489149772, 0.00387325580232, 0.0033915352542, 0.00481796311215, 0.000822683563456, 0.000546701776329, 0.000477226189105, 0.000435291789472, 0.000282812747173, 9.8331074696e-05, 0.000119474862004, 9.05495398911e-05, 6.52053568047e-05, 6.26392575214e-05, 4.30924992543e-05, 4.77011890325e-05, 3.46351080225e-05, 3.57555254595e-05, 3.80013698305e-05, 4.35902693425e-05, 3.11781659548e-05, 2.81635839201e-05, 2.16505522985e-05, 1.57816630235e-05, 1.06587913251e-05, 1.59777766839e-06],
        "median": [2.08404480873e-06, 0.000446429097792, 0.000483502371935, 0.000330565439072, 0.000923915591557, 0.00052355742082, 0.000297586782835, 0.000232404767303, 0.000124394893646, 7.11932952981e-05, 2.97019196296e-05, 4.64399563498e-05, 3.60179692507e-05, 1.73372227437e-05, 1.49947036334e-05, 1.13901851364e-05, 1.15391439977e-05, 8.29048531159e-06, 7.12222708898e-06, 4.1680978029e-06, 4.07865854868e-06, 2.90246225632e-06, 1.82381904779e-06, 1.30050250391e-06, 5.959527698e-07, 2.6618900506e-07, 9.14703868204e-09],
        "min": [4.70864542558e-23, 4.88566407722e-24, 2.14614373985e-23, 3.02864211898e-23, 7.47522006324e-23, 4.36283625709e-23, 1.1796990746e-22, 6.75291377487e-23, 1.50458216141e-22, 7.72118121369e-23, 1.28005808518e-22, 5.50996623103e-23, 1.07966154061e-22, 8.28540356318e-23, 3.21125407842e-22, 7.42436882711e-23, 1.6942924806e-22, 1.39558985708e-22, 2.61288250832e-22, 2.65981455725e-22, 5.33056916376e-22, 4.63142130721e-22, 6.16778711625e-22, 1.0745929389e-21, 1.26896018801e-21, 1.66814349602e-21, 2.4214020105e-21],
        "var": [2.90336577002e-09, 9.86688610283e-05, 0.000164691504324, 7.32092739781e-05, 0.000286574708298, 1.08667006771e-06, 4.86516967158e-07, 5.09865401455e-07, 5.51325911147e-07, 4.58940348835e-07, 1.06233386532e-07, 6.19487607878e-08, 1.96356300108e-08, 1.49292258556e-08, 1.51913948088e-08, 9.82098047331e-09, 1.1174067005e-08, 7.06654468274e-09, 8.53017390057e-09, 1.32349331494e-08, 1.44411593794e-08, 5.2097690606e-09, 3.09397352183e-09, 1.86901782939e-09, 1.30229083073e-09, 4.11088746377e-10, 2.58216763943e-11]
    },
    "erbbands": {
        "dmean": [0.0487873815, 1.17750573158, 5.43693876266, 9.96185779572, 25.8018951416, 16.6008052826, 6.18718099594, 4.06956720352, 4.57817029953, 3.89643645287, 6.987180233, 7.01886844635, 4.51921415329, 5.55497217178, 2.90542674065, 3.84155678749, 3.22998571396, 2.77312040329, 3.2265818119, 2.10509300232, 2.23549461365, 2.09665179253, 1.72409689426, 1.68350625038, 1.93241465092, 1.77007114887, 1.74457359314, 1.44148731232, 0.960928678513, 0.81800454855, 0.570295572281, 0.384502053261, 0.241114377975, 0.144680842757, 0.0776022002101, 0.0326562002301, 0.013065520674, 0.00332431565039, 0.000250249984674, 2.42110800173e-05],
        "dmean2": [0.0901672691107, 2.18676447868, 10.1017913818, 18.3604660034, 46.9088020325, 30.7620048523, 11.0426540375, 6.70924139023, 7.50575828552, 6.77359724045, 10.9039821625, 11.4521818161, 6.95510578156, 8.49496269226, 4.64261102676, 6.13661527634, 5.34289932251, 4.74762582779, 5.3277630806, 3.58071303368, 3.87147569656, 3.65592074394, 3.00297474861, 2.97215485573, 3.40131020546, 3.16725444794, 3.02795791626, 2.54979705811, 1.67154014111, 1.4109660387, 0.973496198654, 0.639047443867, 0.397531479597, 0.240676447749, 0.122938118875, 0.0518609210849, 0.0201862249523, 0.00525519251823, 0.000425724807428, 4.20552714786e-05],
        "dvar": [0.0221485458314, 13.8482599258, 308.33392334, 722.311584473, 6044.70800781, 3355.44458008, 356.606872559, 60.3303833008, 56.2117843628, 56.3011360168, 180.167800903, 238.438598633, 102.393058777, 231.281738281, 41.0905761719, 83.2281951904, 32.8062515259, 32.0746841431, 39.6366081238, 26.4889297485, 26.9622459412, 30.5000724792, 22.2549095154, 27.0250148773, 31.0981502533, 33.8304786682, 32.2907104492, 21.4387016296, 8.58160209656, 4.6797003746, 2.08455491066, 0.885702490807, 0.435310333967, 0.290318608284, 0.0509631559253, 0.00715757720172, 0.0008339266642, 7.49515384086e-05, 7.54755262733e-07, 2.6562423372e-09],
        "dvar2": [0.0631739497185, 39.4458847046, 881.669616699, 2061.04663086, 16569.6484375, 9616.58691406, 1033.65283203, 153.988342285, 142.850967407, 156.461746216, 446.642883301, 633.488586426, 219.391921997, 445.066986084, 85.2822113037, 166.859176636, 84.0617141724, 86.5745010376, 99.8062820435, 67.1796340942, 70.6100692749, 83.96118927, 59.9098434448, 74.4767684937, 85.0306396484, 95.4175720215, 87.2536010742, 61.5924491882, 24.2170467377, 13.3694877625, 5.92969369888, 2.41777443886, 1.19324815273, 0.83397436142, 0.139261245728, 0.0193459168077, 0.00209337868728, 0.000193199564819, 2.05084688787e-06, 7.11558012512e-09],
        "max": [1.03920328617, 23.9803924561, 113.252632141, 170.095123291, 666.355957031, 486.81072998, 183.784545898, 120.139297485, 133.748062134, 153.168563843, 208.139770508, 222.31199646, 316.758178711, 442.962554932, 245.069473267, 480.421142578, 72.1323471069, 90.8376617432, 101.079841614, 104.153312683, 70.3629608154, 114.601890564, 75.0636367798, 140.713027954, 104.331619263, 77.0110702515, 69.6671829224, 64.7223129272, 43.7608222961, 28.4741783142, 28.3607902527, 15.4881620407, 9.16267108917, 10.6746416092, 3.42394900322, 1.42101812363, 0.326272279024, 0.14269644022, 0.0189468730241, 0.00036584972986],
        "mean": [0.0378811173141, 0.856199920177, 4.22791242599, 7.75765705109, 18.9005393982, 12.748131752, 7.22116708755, 6.56246852875, 8.20323753357, 6.07162857056, 12.364197731, 12.0597019196, 7.59622430801, 8.59727573395, 4.09996843338, 5.25241327286, 4.49747943878, 3.27403759956, 4.18978309631, 2.46512818336, 2.56253886223, 2.28875994682, 1.92935144901, 1.75418817997, 2.00836205482, 1.73651969433, 1.82624363899, 1.48949193954, 1.12921881676, 1.02270317078, 0.761216640472, 0.535027384758, 0.314133256674, 0.185778602958, 0.106655873358, 0.0470045097172, 0.0199195835739, 0.0043077818118, 0.000241106099566, 2.48427131737e-05],
        "median": [0.0053723314777, 0.131734475493, 0.606041014194, 0.9804251194, 2.37274050713, 2.69841384888, 3.23189330101, 4.02029180527, 4.79260444641, 2.94039869308, 5.74942207336, 4.42528676987, 2.56341791153, 2.2791826725, 1.96057736874, 2.0760345459, 2.03854680061, 1.31298518181, 1.56444561481, 0.676083803177, 0.718200147152, 0.596037983894, 0.473466336727, 0.353364229202, 0.400312244892, 0.229267969728, 0.193729177117, 0.151314914227, 0.102999031544, 0.0830286815763, 0.0498240925372, 0.0337307453156, 0.0164576079696, 0.00726875383407, 0.00368726952001, 0.00145709118806, 0.000443092372734, 7.16975191608e-05, 7.84735038906e-06, 8.87632268132e-06],
        "min": [4.04242493876e-22, 9.2701672826e-22, 1.48803556032e-20, 7.85661509552e-20, 8.1937054123e-20, 3.51038546464e-19, 3.12619393281e-19, 4.53678373893e-19, 1.48576899497e-18, 1.32567056555e-18, 1.89451491799e-18, 3.92255374404e-18, 3.32464381585e-18, 2.82118674667e-18, 4.24316894947e-18, 2.8993019614e-18, 4.9810508654e-18, 2.79455897557e-18, 1.44422939081e-17, 1.32951135125e-17, 4.46305506298e-18, 9.52010521511e-18, 9.44748785632e-18, 1.22178646203e-17, 9.57275939701e-18, 1.23614408407e-17, 1.59009309654e-17, 2.52946438101e-17, 1.73342993093e-17, 1.61018630624e-17, 2.02238364036e-17, 2.15702366323e-17, 1.52312124543e-17, 1.27958802343e-17, 9.91588053254e-18, 7.14045796685e-18, 2.91404376749e-18, 1.23031184037e-18, 3.379151451e-19, 3.44787458564e-20],
        "var": [0.0138511154801, 8.25912475586, 180.716842651, 443.014282227, 3969.40551758, 1953.97229004, 234.201782227, 73.5432128906, 99.3409194946, 78.5331268311, 374.015991211, 369.815612793, 200.529724121, 552.911437988, 65.5537109375, 131.963806152, 42.9599838257, 29.9949092865, 48.2634887695, 28.1312561035, 27.4320774078, 26.4732093811, 22.6853809357, 23.041103363, 26.6412506104, 24.1736068726, 27.2920761108, 16.0187034607, 7.26009082794, 4.45086288452, 2.20551919937, 1.07272386551, 0.442136913538, 0.231480300426, 0.0544271841645, 0.00902433134615, 0.00144112075213, 8.98833241081e-05, 6.15997350906e-07, 2.10380735055e-09]
    },
    "gfcc": {
        "mean": [-121.05393219, 130.187393188, -104.147903442, 11.1167173386, -62.5620307922, 3.42738771439, -34.7017784119, -4.86956214905, -19.7920513153, -3.65968966484, -14.948184967, -6.98062229156, -13.0488567352],
        "cov": [[16541.6757812, -2798.92626953, 1849.31201172, 2537.17626953, -26.6776256561, 972.389831543, -277.602203369, 1034.37976074, -734.039123535, 23.8618507385, -1075.92285156, 378.562896729, -489.174407959], [-2798.92626953, 3733.09887695, -456.565124512, -981.873168945, 374.565643311, -621.067077637, 276.340057373, -640.228210449, 397.967315674, -381.248687744, 471.894134521, -333.215087891, 358.666503906], [1849.31201172, -456.565124512, 1469.98608398, 571.115783691, 183.606063843, 360.518371582, 56.9114265442, 296.276306152, -151.914703369, -50.0314941406, -304.093109131, 90.3169784546, -137.701034546], [2537.17626953, -981.873168945, 571.115783691, 1270.6340332, 95.7681808472, 292.638671875, 52.2487716675, 370.036437988, -120.725067139, 29.7529296875, -218.316833496, 69.0457458496, -123.862670898], [-26.6776256561, 374.565643311, 183.606063843, 95.7681808472, 317.831085205, 9.65582942963, 100.395889282, 32.8903045654, 73.6081390381, -21.1458511353, 6.92532300949, -21.5244369507, -2.85249257088], [972.389831543, -621.067077637, 360.518371582, 292.638671875, 9.65582942963, 331.592681885, 42.690864563, 191.831390381, -59.6501274109, 28.0227565765, -149.667221069, 52.3828239441, -81.6196975708], [-277.602203369, 276.340057373, 56.9114265442, 52.2487716675, 100.395889282, 42.690864563, 248.25453186, 73.1887588501, 81.2466049194, -39.1369819641, 5.72616243362, -35.6476287842, 19.1576824188], [1034.37976074, -640.228210449, 296.276306152, 370.036437988, 32.8903045654, 191.831390381, 73.1887588501, 372.627227783, -14.0328388214, 29.8558197021, -168.797683716, 79.568397522, -84.849647522], [-734.039123535, 397.967315674, -151.914703369, -120.725067139, 73.6081390381, -59.6501274109, 81.2466049194, -14.0328388214, 192.503829956, 7.38274812698, 74.2436676025, -50.2567710876, 32.6522712708], [23.8618507385, -381.248687744, -50.0314941406, 29.7529296875, -21.1458511353, 28.0227565765, -39.1369819641, 29.8558197021, 7.38274812698, 209.800765991, 41.9416427612, 43.0294723511, -42.9425506592], [-1075.92285156, 471.894134521, -304.093109131, -218.316833496, 6.92532300949, -149.667221069, 5.72616243362, -168.797683716, 74.2436676025, 41.9416427612, 237.710662842, -30.3478527069, 60.2901878357], [378.562896729, -333.215087891, 90.3169784546, 69.0457458496, -21.5244369507, 52.3828239441, -35.6476287842, 79.568397522, -50.2567710876, 43.0294723511, -30.3478527069, 114.468849182, -24.0664768219], [-489.174407959, 358.666503906, -137.701034546, -123.862670898, -2.85249257088, -81.6196975708, 19.1576824188, -84.849647522, 32.6522712708, -42.9425506592, 60.2901878357, -24.0664768219, 117.92552948]],
        "icov": [[0.000148088322021, -0.000247759657213, 0.0001060894283, -0.000258415966528, 0.000120661534311, -0.000235410945606, 0.000243649730692, -0.00015309007722, 0.000412059685914, -0.000300368265016, 0.000598566664848, -0.000306619826006, 0.000318480917485], [-0.000247759657213, 0.00203148252331, -0.000757716130465, 0.000860975589603, -0.00126072915737, 0.00164580659475, -0.00117853283882, 0.00121124635916, -0.00198087468743, 0.00248879636638, -0.00247775530443, 0.0017426739214, -0.00193810847122], [0.0001060894283, -0.000757716130465, 0.00157195539214, -0.000473918858916, -0.000352003844455, -0.00131777918432, 0.000350677582901, -0.000348871981259, 0.00133786676452, -0.000631344912108, 0.00175025057979, -0.00109500240069, 0.00113521004096], [-0.000258415966528, 0.000860975589603, -0.000473918858916, 0.00188199372496, -0.000871674332302, 0.000403187121265, -0.000531642464921, -0.000652186281513, -0.00019668074674, 0.000908456102479, -0.00161288282834, 0.00149930268526, -0.000876296020579], [0.000120661534311, -0.00126072915737, -0.000352003844455, -0.000871674332302, 0.00528172403574, -0.000415388582041, -0.000465237506432, -0.00035908157588, -0.000653705385048, -0.00132893049158, 0.00102304795291, -0.0011565182358, 0.00160387647338], [-0.000235410945606, 0.00164580659475, -0.00131777918432, 0.000403187121265, -0.000415388582041, 0.00729498639703, -0.00230684899725, 0.000295351521345, -0.00127395649906, 0.00100175966509, -0.000339888210874, 0.000917303434107, -0.000392659159843], [0.000243649730692, -0.00117853283882, 0.000350677582901, -0.000531642464921, -0.000465237506432, -0.00230684899725, 0.00728153809905, -0.00290912832133, -0.000202929324587, -0.000240158449742, 2.81590000668e-05, 0.00101608247496, -0.000276046601357], [-0.00015309007722, 0.00121124635916, -0.000348871981259, -0.000652186281513, -0.00035908157588, 0.000295351521345, -0.00290912832133, 0.00832128804177, -0.00366622093134, 0.000893067626748, 0.00242430670187, -0.00335578457452, 0.000660307880025], [0.000412059685914, -0.00198087468743, 0.00133786676452, -0.00019668074674, -0.000653705385048, -0.00127395649906, -0.000202929324587, -0.00366622093134, 0.0115122385323, -0.00343350949697, 0.000911261013243, 0.00168181862682, 0.00102660688572], [-0.000300368265016, 0.00248879636638, -0.000631344912108, 0.000908456102479, -0.00132893049158, 0.00100175966509, -0.000240158449742, 0.000893067626748, -0.00343350949697, 0.00988367106766, -0.00567776989192, 0.000102149540908, 0.000217684922973], [0.000598566664848, -0.00247775530443, 0.00175025057979, -0.00161288282834, 0.00102304795291, -0.000339888210874, 2.81590000668e-05, 0.00242430670187, 0.000911261013243, -0.00567776989192, 0.0138155361637, -0.0043913424015, 0.0016185422428], [-0.000306619826006, 0.0017426739214, -0.00109500240069, 0.00149930268526, -0.0011565182358, 0.000917303434107, 0.00101608247496, -0.00335578457452, 0.00168181862682, 0.000102149540908, -0.0043913424015, 0.0156492441893, -0.00323838368058], [0.000318480917485, -0.00193810847122, 0.00113521004096, -0.000876296020579, 0.00160387647338, -0.000392659159843, -0.000276046601357, 0.000660307880025, 0.00102660688572, 0.000217684922973, 0.0016185422428, -0.00323838368058, 0.0146944969893]]
    },
    "melbands": {
        "dmean": [0.000787962053437, 0.00244327750988, 0.00225323741324, 0.00168951542582, 0.000261034176219, 9.03151521925e-05, 6.94163536537e-05, 4.1578510718e-05, 5.68791401747e-05, 4.37408816651e-05, 2.26427273446e-05, 2.40660992858e-05, 9.30715941649e-06, 1.05553117464e-05, 7.8529046732e-06, 6.92935282132e-06, 5.25460473e-06, 5.44890781384e-06, 3.25765313391e-06, 2.87001466859e-06, 2.80854351331e-06, 2.38335906033e-06, 1.88598539808e-06, 1.38297593821e-06, 1.37979930059e-06, 1.44270563851e-06, 1.4591244053e-06, 1.12492159587e-06, 1.05715139398e-06, 1.21877144466e-06, 7.26351913727e-07, 6.05751324656e-07, 4.37987893065e-07, 4.77811568089e-07, 3.45834337168e-07, 2.65947363687e-07, 2.33893828749e-07, 1.83554178079e-07, 1.32999630864e-07, 1.23735972579e-07],
        "dmean2": [0.00146530009806, 0.00451388955116, 0.00408150395378, 0.00308873318136, 0.000474792701425, 0.000149074447108, 0.000114802358439, 7.1586073318e-05, 9.03838154045e-05, 7.05428610672e-05, 3.47853056155e-05, 3.68212422472e-05, 1.49631532622e-05, 1.67630441865e-05, 1.3212419617e-05, 1.129962493e-05, 9.07182129595e-06, 9.04128773982e-06, 5.46254295841e-06, 4.89281956106e-06, 4.89597005071e-06, 4.15192516812e-06, 3.29962563228e-06, 2.41542170443e-06, 2.44811144512e-06, 2.54501537711e-06, 2.59638954958e-06, 2.01003422262e-06, 1.84723421626e-06, 2.13908401747e-06, 1.29344857669e-06, 1.06259233235e-06, 7.47680076074e-07, 8.30551925901e-07, 5.9376390027e-07, 4.48808179954e-07, 3.8827880644e-07, 3.04951129237e-07, 2.22321730803e-07, 2.06910883094e-07],
        "dvar": [6.08260188528e-06, 6.03704284003e-05, 2.96138514386e-05, 3.03661418002e-05, 7.37938364637e-07, 2.81807093216e-08, 1.27557484575e-08, 5.78516612393e-09, 1.33560291715e-08, 8.95312624039e-09, 2.64542165951e-09, 4.32422186947e-09, 5.64872482123e-10, 5.53435575146e-10, 2.68577105e-10, 1.62186097885e-10, 1.33473468389e-10, 1.13081821684e-10, 5.74864496283e-11, 5.43546180287e-11, 4.47257404723e-11, 3.43811576431e-11, 3.50194283294e-11, 1.32450170623e-11, 1.97461196699e-11, 2.02707763769e-11, 2.17120609686e-11, 1.48652149617e-11, 1.39216043207e-11, 1.89074745444e-11, 5.37462132091e-12, 4.02823737908e-12, 1.27708943681e-12, 1.67122251368e-12, 7.58727390811e-13, 4.21163429652e-13, 3.56179034834e-13, 2.69119009846e-13, 1.46749108633e-13, 2.53970618407e-13],
        "dvar2": [1.73822591023e-05, 0.000171437932295, 8.16495667095e-05, 8.49909120006e-05, 2.1490607196e-06, 7.3154438951e-08, 3.28003402217e-08, 1.5986158175e-08, 3.44323254353e-08, 2.2945661371e-08, 5.57016033298e-09, 8.35691604806e-09, 1.10707853995e-09, 1.17396836696e-09, 6.43513964338e-10, 3.94642124535e-10, 3.58327367778e-10, 2.87349088968e-10, 1.47415829543e-10, 1.32294855626e-10, 1.18615867128e-10, 9.30830551527e-11, 9.6396231275e-11, 3.59587151721e-11, 5.44068748387e-11, 5.5896912099e-11, 6.02990365972e-11, 4.21527118766e-11, 3.81032150276e-11, 5.14195214185e-11, 1.55061814083e-11, 1.13971106858e-11, 3.59649159412e-12, 4.79489451616e-12, 2.16648812605e-12, 1.16709734325e-12, 9.69421808453e-13, 7.4006219989e-13, 4.09558427754e-13, 7.34241064216e-13],
        "max": [0.0162037201226, 0.0492539778352, 0.0409092903137, 0.0443013198674, 0.00797570496798, 0.00236375862733, 0.0017370012356, 0.00146854773629, 0.00158646167256, 0.00143368414138, 0.00151603214908, 0.00193891557865, 0.000964812294114, 0.000881709158421, 0.000664591323584, 0.000161296935403, 0.000163989912835, 0.000159451068612, 0.000136529008159, 0.000152140928549, 8.36986728245e-05, 9.75086950348e-05, 0.00013860980107, 5.24432107341e-05, 0.00012789023458, 0.00010433706484, 6.82468307787e-05, 5.88887705817e-05, 6.51849695714e-05, 6.03400403634e-05, 2.84478919639e-05, 2.96365633403e-05, 1.69600516529e-05, 1.54064036906e-05, 1.64370503626e-05, 1.08837039079e-05, 1.00465949799e-05, 8.62657452672e-06, 6.79522190694e-06, 1.0457802091e-05],
        "mean": [0.000576354854275, 0.00187385361642, 0.00175357563421, 0.00125081837177, 0.000274591671769, 0.000148880892084, 0.000122834753711, 6.60532678012e-05, 9.5633607998e-05, 7.43990967749e-05, 3.71019741578e-05, 3.68906075892e-05, 1.26519071273e-05, 1.43663428389e-05, 1.00010447568e-05, 9.48288470681e-06, 5.74388195673e-06, 6.93769288773e-06, 3.84702480005e-06, 3.22298160427e-06, 3.0816306662e-06, 2.55838403973e-06, 1.9706110379e-06, 1.53489736476e-06, 1.37615938911e-06, 1.43886200021e-06, 1.41826490108e-06, 1.07398398086e-06, 1.08044650915e-06, 1.19088554129e-06, 7.53996687308e-07, 6.57282726024e-07, 5.61904414553e-07, 5.70988333948e-07, 4.45819296147e-07, 3.6868456732e-07, 3.10530765546e-07, 2.29991982792e-07, 1.68811013168e-07, 1.54051903678e-07],
        "median": [8.93451287993e-05, 0.000272430101177, 0.000220330199227, 0.000216800282942, 0.000118032119644, 9.62949343375e-05, 7.17199072824e-05, 3.4140120988e-05, 4.31926891906e-05, 2.06065487873e-05, 1.18840489449e-05, 8.89563580131e-06, 4.96287066198e-06, 5.83417022426e-06, 4.65057200927e-06, 3.2938937693e-06, 1.56314058586e-06, 2.48667993219e-06, 9.33919238832e-07, 7.83651216807e-07, 8.08422669252e-07, 6.20356729542e-07, 3.77467500812e-07, 3.83701518558e-07, 2.29683777775e-07, 2.71037464472e-07, 1.93912910618e-07, 1.20864143582e-07, 1.06071283312e-07, 9.92427189317e-08, 6.72173641192e-08, 5.47233156567e-08, 4.89012599303e-08, 4.10092049208e-08, 2.68290420991e-08, 2.14733475445e-08, 1.82098869317e-08, 1.17376117714e-08, 7.71930253052e-09, 4.82583573103e-09],
        "min": [5.31776184919e-24, 5.81610658227e-24, 1.31385935501e-23, 1.44482777799e-23, 1.38439345959e-23, 1.0164012069e-23, 2.39090361292e-23, 1.46277704571e-23, 1.63215573726e-23, 2.46465847879e-23, 1.56477455195e-23, 9.83150561973e-24, 1.62096006552e-23, 6.77449764032e-24, 8.325880174e-24, 1.08368197022e-23, 3.68995131557e-24, 2.26636898171e-23, 2.05681991515e-23, 1.03638116036e-23, 4.81818452096e-24, 9.94613736445e-24, 1.04697027695e-23, 5.42261171869e-24, 1.0700134562e-23, 8.45538036906e-24, 7.71401520122e-24, 8.1176556049e-24, 8.80118149117e-24, 1.34546348946e-23, 1.39923682415e-23, 9.65931937223e-24, 8.85403911612e-24, 9.35471256659e-24, 1.07852952521e-23, 1.41308022864e-23, 1.28495777914e-23, 1.0158970459e-23, 1.12257336505e-23, 1.03588835896e-23],
        "var": [3.66280823982e-06, 3.60588855983e-05, 2.02461451408e-05, 1.87898785953e-05, 4.44644115305e-07, 3.4414796346e-08, 2.1942319961e-08, 8.23811951989e-09, 2.36029222833e-08, 1.60618505163e-08, 5.35447197691e-09, 1.0321116406e-08, 1.01249486573e-09, 8.26681834099e-10, 3.21734666686e-10, 2.50245130173e-10, 1.28738852911e-10, 1.36102518145e-10, 6.49371806327e-11, 6.28949115011e-11, 4.43237148373e-11, 3.25404772572e-11, 3.07660667775e-11, 1.2626482325e-11, 1.66356563941e-11, 1.66578556504e-11, 1.68494315722e-11, 1.03059028325e-11, 1.10294664027e-11, 1.55514611605e-11, 4.07461521121e-12, 3.1337541069e-12, 1.31754264616e-12, 1.49333171696e-12, 7.79477610929e-13, 4.96968568728e-13, 4.03834572119e-13, 2.57977965162e-13, 1.40291451416e-13, 1.90621864539e-13]
    },
    "mfcc": {
        "mean": [-763.113769531, 156.250808716, 17.5761508942, 10.7159881592, -4.76075172424, 2.36917757988, -6.29329919815, -2.08097672462, -5.99758338928, -0.738588452339, -1.68051457405, -2.04378581047, -5.10463428497],
        "cov": [[11231.5, -1770.7791748, 481.607666016, 1685.34912109, 612.474243164, 527.588928223, 292.579864502, 688.737121582, 510.327819824, 164.014022827, -256.736724854, 45.6073760986, 81.8818740845], [-1770.7791748, 2722.98876953, -122.937904358, -421.333831787, -31.8185195923, -162.131759644, -98.016494751, -114.544113159, -129.10597229, -106.672523499, 24.9398212433, -71.7295761108, -67.0091934204], [481.607666016, -122.937904358, 958.946228027, 186.889160156, 167.289657593, 171.317184448, 149.342758179, 174.659545898, 132.095336914, 7.8496131897, -21.3017997742, -23.0706043243, -38.835647583], [1685.34912109, -421.333831787, 186.889160156, 809.762268066, 256.559783936, 158.859146118, 119.922332764, 217.151046753, 170.284881592, 59.9682197571, -24.8455123901, 75.1675262451, 84.897895813], [612.474243164, -31.8185195923, 167.289657593, 256.559783936, 282.371063232, 97.9163208008, 39.9345932007, 104.737838745, 88.4038162231, 23.6977596283, -2.14083600044, 23.9979305267, 42.5159759521], [527.588928223, -162.131759644, 171.317184448, 158.859146118, 97.9163208008, 184.470581055, 90.3408203125, 50.5832595825, 40.7348861694, 31.1008720398, 9.75384235382, 16.4427509308, 5.38672637939], [292.579864502, -98.016494751, 149.342758179, 119.922332764, 39.9345932007, 90.3408203125, 153.89743042, 102.324424744, 61.5906639099, 27.4886455536, 2.17534184456, 17.0055618286, 3.33339357376], [688.737121582, -114.544113159, 174.659545898, 217.151046753, 104.737838745, 50.5832595825, 102.324424744, 293.211730957, 200.509796143, 46.523273468, -19.7930030823, 16.4818267822, 22.0361366272], [510.327819824, -129.10597229, 132.095336914, 170.284881592, 88.4038162231, 40.7348861694, 61.5906639099, 200.509796143, 237.667266846, 75.9904785156, -10.4419717789, 12.5965881348, 12.9554586411], [164.014022827, -106.672523499, 7.8496131897, 59.9682197571, 23.6977596283, 31.1008720398, 27.4886455536, 46.523273468, 75.9904785156, 128.670761108, 60.2888679504, 13.5051641464, 0.0446610301733], [-256.736724854, 24.9398212433, -21.3017997742, -24.8455123901, -2.14083600044, 9.75384235382, 2.17534184456, -19.7930030823, -10.4419717789, 60.2888679504, 127.367904663, 50.2315254211, 3.75009870529], [45.6073760986, -71.7295761108, -23.0706043243, 75.1675262451, 23.9979305267, 16.4427509308, 17.0055618286, 16.4818267822, 12.5965881348, 13.5051641464, 50.2315254211, 117.230178833, 65.099609375], [81.8818740845, -67.0091934204, -38.835647583, 84.897895813, 42.5159759521, 5.38672637939, 3.33339357376, 22.0361366272, 12.9554586411, 0.0446610301733, 3.75009870529, 65.099609375, 113.845123291]],
