{
"lowlevel": {
    "average_loudness": 0.924816906452,
    "barkbands_crest": {
        "dmean": 3.48791241646,
        "dmean2": 5.15693855286,
        "dvar": 10.1191358566,
        "dvar2": 22.9543304443,
        "max": 25.8969993591,
        "mean": 13.0664682388,
        "median": 12.4716672897,
        "min": 2.08938288689,
        "var": 28.6317138672
    },
    "barkbands_flatness_db": {
        "dmean": 0.0558926016092,
        "dmean2": 0.0803221911192,
        "dvar": 0.00361989857629,
        "dvar2": 0.00645531993359,
        "max": 0.727464795113,
        "mean": 0.224266692996,
        "median": 0.195022001863,
        "min": 0.0232788585126,
        "var": 0.0155962686986
    },
    "barkbands_kurtosis": {
        "dmean": 17.3420505524,
        "dmean2": 25.5055866241,
        "dvar": 2385.09301758,
        "dvar2": 4927.51708984,
        "max": 1169.82299805,
        "mean": 22.8094844818,
        "median": 5.34942722321,
        "min": -1.90996491909,
        "var": 3798.73022461
    },
    "barkbands_skewness": {
        "dmean": 1.18596661091,
        "dmean2": 1.73251223564,
        "dvar": 2.32496619225,
        "dvar2": 4.93128681183,
        "max": 24.0942974091,
        "mean": 2.6474776268,
        "median": 2.03430294991,
        "min": -7.06266593933,
        "var": 6.65932893753
    },
    "barkbands_spread": {
        "dmean": 6.78365468979,
        "dmean2": 11.1548786163,
        "dvar": 91.1175231934,
        "dvar2": 233.277114868,
        "max": 114.393791199,
        "mean": 12.9250965118,
        "median": 9.90677642822,
        "min": 0.107491716743,
        "var": 129.78314209
    },
    "dissonance": {
        "dmean": 0.0270824432373,
        "dmean2": 0.0432358793914,
        "dvar": 0.000822634494398,
        "dvar2": 0.00182454183232,
        "max": 0.500000059605,
        "mean": 0.445005685091,
        "median": 0.458718806505,
        "min": 0.12995070219,
        "var": 0.00262317294255
    },
    "dynamic_complexity": 4.083360672,
    "erbbands_crest": {
        "dmean": 3.54652047157,
        "dmean2": 5.6014623642,
        "dvar": 11.3687181473,
        "dvar2": 25.9287166595,
        "max": 31.8412742615,
        "mean": 10.1290721893,
        "median": 8.98161888123,
        "min": 2.22695183754,
        "var": 26.139787674
    },
    "erbbands_flatness_db": {
        "dmean": 0.0287856888026,
        "dmean2": 0.0421901009977,
        "dvar": 0.000889201357495,
        "dvar2": 0.00171439966653,
        "max": 0.53465616703,
        "mean": 0.192935928702,
        "median": 0.17034047842,
        "min": 0.0542208813131,
        "var": 0.00791138969362
    },
    "erbbands_kurtosis": {
        "dmean": 2.21145439148,
        "dmean2": 3.49001574516,
        "dvar": 25.1832332611,
        "dvar2": 54.4945220947,
        "max": 118.514808655,
        "mean": 1.70193958282,
        "median": 0.118725299835,
        "min": -1.8912961483,
        "var": 33.7944068909
    },
    "erbbands_skewness": {
        "dmean": 0.638169884682,
        "dmean2": 0.982926726341,
        "dvar": 0.576199889183,
        "dvar2": 1.2671173811,
        "max": 9.66920089722,
        "mean": 0.659106433392,
        "median": 0.505925357342,
        "min": -4.48914432526,
        "var": 1.25967621803
    },
    "erbbands_spread": {
        "dmean": 9.71597003937,
        "dmean2": 15.1021728516,
        "dvar": 113.668617249,
        "dvar2": 263.019134521,
        "max": 150.742706299,
        "mean": 33.5759162903,
        "median": 31.9210014343,
        "min": 1.29969549179,
        "var": 315.385742188
    },
    "hfc": {
        "dmean": 8.84086418152,
        "dmean2": 13.0364017487,
        "dvar": 152.11895752,
        "dvar2": 350.258056641,
        "max": 105.446510315,
        "mean": 13.9004659653,
        "median": 7.68219709396,
        "min": 1.20252526368e-16,
        "var": 240.326553345
    },
    "melbands_crest": {
        "dmean": 4.41145563126,
        "dmean2": 6.39771938324,
        "dvar": 18.0904445648,
        "dvar2": 37.6506004333,
        "max": 38.2271614075,
        "mean": 19.8261070251,
        "median": 18.4819316864,
        "min": 1.81322228909,
        "var": 74.8753967285
    },
    "melbands_flatness_db": {
        "dmean": 0.0663268119097,
        "dmean2": 0.0955618396401,
        "dvar": 0.00533969607204,
        "dvar2": 0.0101611549035,
        "max": 0.850294649601,
        "mean": 0.297572851181,
        "median": 0.270346790552,
        "min": 0.00483324145898,
        "var": 0.0224996078759
    },
    "melbands_kurtosis": {
        "dmean": 35.7544670105,
        "dmean2": 55.5502510071,
        "dvar": 26158.5527344,
        "dvar2": 66331.234375,
        "max": 3700.15966797,
        "mean": 50.5010528564,
        "median": 12.2296257019,
        "min": -1.93521749973,
        "var": 33525.3789062
    },
    "melbands_skewness": {
        "dmean": 1.41543483734,
        "dmean2": 2.12560796738,
        "dvar": 5.39251041412,
        "dvar2": 12.1595401764,
        "max": 44.0113754272,
        "mean": 3.82827162743,
        "median": 2.87000632286,
        "min": -1.60721480846,
        "var": 14.2261686325
    },
    "melbands_spread": {
        "dmean": 7.80033969879,
        "dmean2": 12.8380765915,
        "dvar": 132.175430298,
        "dvar2": 332.067626953,
        "max": 199.746780396,
        "mean": 15.23487854,
        "median": 9.36817264557,
        "min": 0.0543847382069,
        "var": 343.065704346
    },
    "pitch_salience": {
        "dmean": 0.102349452674,
        "dmean2": 0.154417574406,
        "dvar": 0.0114153781906,
        "dvar2": 0.023745579645,
        "max": 0.990024030209,
        "mean": 0.484862834215,
        "median": 0.50757163763,
        "min": 0.00943950936198,
        "var": 0.0352305620909
    },
    "silence_rate_20dB": {
        "dmean": 0,
        "dmean2": 0,
        "dvar": 0,
        "dvar2": 0,
        "max": 1,
        "mean": 1,
        "median": 1,
        "min": 1,
        "var": 0
    },
    "silence_rate_30dB": {
        "dmean": 0.0816607102752,
        "dmean2": 0.1633438766,
        "dvar": 0.0749960616231,
        "dvar2": 0.138584449887,
        "max": 1,
        "mean": 0.87972509861,
        "median": 1,
        "min": 0,
        "var": 0.105809055269
    },
    "silence_rate_60dB": {
        "dmean": 0.0313445143402,
        "dmean2": 0.0626976490021,
        "dvar": 0.0303573589772,
        "dvar2": 0.0697716921568,
        "max": 1,
        "mean": 0.106941580772,
        "median": 0,
        "min": 0,
        "var": 0.0955091118813
    },
    "spectral_centroid": {
        "dmean": 371.757537842,
        "dmean2": 610.491699219,
        "dvar": 239918.546875,
        "dvar2": 590668.5625,
        "max": 10958.2802734,
        "mean": 986.872314453,
        "median": 754.261413574,
        "min": 61.7203712463,
        "var": 634647.8125
    },
    "spectral_complexity": {
        "dmean": 7.28182554245,
        "dmean2": 11.2253541946,
        "dvar": 87.1435012817,
        "dvar2": 193.52696228,
        "max": 59,
        "mean": 13.470240593,
        "median": 9,
        "min": 0,
        "var": 140.086105347
    },
    "spectral_decrease": {
        "dmean": 6.30188745632e-09,
        "dmean2": 8.38879099518e-09,
        "dvar": 1.13257887108e-16,
        "dvar2": 1.97041965797e-16,
        "max": 8.48826208648e-17,
        "mean": -1.17142571199e-08,
        "median": -6.34304120339e-09,
        "min": -8.87593927246e-08,
        "var": 2.36018689791e-16
    },
    "spectral_energy": {
        "dmean": 0.0243473164737,
        "dmean2": 0.0322899445891,
        "dvar": 0.00161528401077,
        "dvar2": 0.00280197802931,
        "max": 0.337779551744,
        "mean": 0.0454730093479,
        "median": 0.024923613295,
        "min": 1.10492265909e-20,
        "var": 0.00343120959587
    },
    "spectral_energyband_high": {
        "dmean": 0.000424667901825,
        "dmean2": 0.000707457307726,
        "dvar": 6.79297329498e-07,
        "dvar2": 1.7678481754e-06,
        "max": 0.00735611701384,
        "mean": 0.000404367339797,
        "median": 7.28434606572e-05,
        "min": 8.31267805664e-21,
        "var": 6.18294734522e-07
    },
    "spectral_energyband_low": {
        "dmean": 0.0196385383606,
        "dmean2": 0.0267075579613,
        "dvar": 0.00183828338049,
        "dvar2": 0.00343582173809,
        "max": 0.33211350441,
        "mean": 0.0300244353712,
        "median": 0.00777141517028,
        "min": 3.50574203901e-23,
        "var": 0.00315778888762
    },
    "spectral_energyband_middle_high": {
        "dmean": 0.00259434478357,
        "dmean2": 0.00402917061001,
        "dvar": 1.52259335664e-05,
        "dvar2": 3.51840826625e-05,
        "max": 0.0340491943061,
        "mean": 0.00335116637871,
        "median": 0.00111608149018,
        "min": 1.61873177327e-21,
        "var": 2.41307316173e-05
    },
    "spectral_energyband_middle_low": {
        "dmean": 0.00798886269331,
        "dmean2": 0.0130175268278,
        "dvar": 0.000179975235369,
        "dvar2": 0.000460492388811,
        "max": 0.11530918628,
        "mean": 0.0130794001743,
        "median": 0.00828429032117,
        "min": 2.18778063885e-22,
        "var": 0.000221753114602
    },
    "spectral_entropy": {
        "dmean": 0.4133284688,
        "dmean2": 0.629409968853,
        "dvar": 0.221666544676,
        "dvar2": 0.488312780857,
        "max": 9.8036441803,
        "mean": 7.15739536285,
        "median": 7.32150936127,
        "min": 4.03507804871,
        "var": 0.694893479347
    },
    "spectral_flux": {
        "dmean": 0.0568562112749,
        "dmean2": 0.0751336812973,
        "dvar": 0.00444457493722,
        "dvar2": 0.00583628518507,
        "max": 0.552818536758,
        "mean": 0.108093246818,
        "median": 0.072765275836,
        "min": 1.0511529841e-10,
        "var": 0.0122463312
    },
    "spectral_kurtosis": {
        "dmean": 9.38834762573,
        "dmean2": 15.3795804977,
        "dvar": 1228.94372559,
        "dvar2": 3570.94628906,
        "max": 1032.10400391,
        "mean": 19.0648708344,
        "median": 4.83963441849,
        "min": -1.17637836933,
        "var": 4139.86083984
    },
    "spectral_rms": {
        "dmean": 0.00149352138396,
        "dmean2": 0.00187128130347,
        "dvar": 3.2856753478e-06,
        "dvar2": 4.94116102345e-06,
        "max": 0.0181532651186,
        "mean": 0.00557848764583,
        "median": 0.00493109738454,
        "min": 3.28325040766e-12,
        "var": 1.32444411065e-05
    },
    "spectral_rolloff": {
        "dmean": 466.140869141,
        "dmean2": 807.153015137,
        "dvar": 632496.4375,
        "dvar2": 1551623.25,
        "max": 18410.8886719,
        "mean": 1059.32104492,
        "median": 452.197265625,
        "min": 43.06640625,
        "var": 3345960
    },
    "spectral_skewness": {
        "dmean": 0.611013412476,
        "dmean2": 0.953159034252,
        "dvar": 0.853256046772,
        "dvar2": 2.05959773064,
        "max": 23.2596282959,
        "mean": 2.37699484825,
        "median": 1.71826970577,
        "min": 0.0281366147101,
        "var": 6.14058160782
    },
    "spectral_spread": {
        "dmean": 658861.5625,
        "dmean2": 1005870.5,
        "dvar": 608351420416,
        "dvar2": 1.10677236122e+12,
        "max": 40547216,
        "mean": 3909120.5,
        "median": 3805534.5,
        "min": 88489.5078125,
        "var": 2.86095625421e+12
    },
    "spectral_strongpeak": {
        "dmean": 0.285605192184,
        "dmean2": 0.476720452309,
        "dvar": 0.212218999863,
        "dvar2": 0.521169424057,
        "max": 9.10845184326,
        "mean": 0.589388668537,
        "median": 0.432429581881,
        "min": 0,
        "var": 0.311489105225
    },
    "zerocrossingrate": {
        "dmean": 0.0093956887722,
        "dmean2": 0.0113250631839,
        "dvar": 0.000128806001157,
        "dvar2": 0.000164361903444,
        "max": 0.85302734375,
        "mean": 0.0411899313331,
        "median": 0.029296875,
        "min": 0.00146484375,
        "var": 0.00356652424671
    },
    "barkbands": {
        "dmean": [0.0014891148312, 0.0163312219083, 0.00713624572381, 0.0031480921898, 0.00277750147507, 0.0015146114165, 0.0015877566766, 0.000464449694846, 0.000494556268677, 0.000665262225084, 0.000268811068963, 0.000318842765409, 0.000335133663611, 0.000252151454333, 0.000342973915394, 0.000290665746434, 0.000224362767767, 0.000163524760865, 0.000176984904101, 0.000155818313942, 0.000118436524644, 8.1335871073e-05, 5.52165256522e-05, 4.34321445937e-05, 3.88651969843e-05, 2.29213619605e-05, 1.59307921876e-06],
        "dmean2": [0.00173116987571, 0.0238630510867, 0.0130793005228, 0.00575870554894, 0.00445837946609, 0.00240715197287, 0.00252352794632, 0.000757171947043, 0.000797124172095, 0.000983147183433, 0.000444033445092, 0.000533285201527, 0.000539026921615, 0.000418718438596, 0.000552863464691, 0.000493012077641, 0.000387324282201, 0.00028386033955, 0.000300709711155, 0.00026830798015, 0.000199720932869, 0.000134873262141, 9.1741385404e-05, 7.58075548219e-05, 6.92545145284e-05, 4.06775434385e-05, 2.79425307781e-06],
        "dvar": [9.55730320129e-06, 0.00166012742557, 0.000446149992058, 7.01070894138e-05, 2.27199325309e-05, 9.33908540901e-06, 1.17589988804e-05, 9.17938621114e-07, 7.96744473064e-07, 2.0616639631e-06, 3.3568295521e-07, 5.646761565e-07, 5.22092932442e-07, 2.18045443034e-07, 4.06002442332e-07, 2.85957611368e-07, 1.83117677466e-07, 1.02809487146e-07, 1.16131950278e-07, 8.2717193095e-08, 5.10658786368e-08, 2.40460380496e-08, 1.32242821138e-08, 1.03029487164e-08, 8.90671980613e-09, 3.07787750842e-09, 1.81305179203e-11],
        "dvar2": [1.48937624544e-05, 0.00374541594647, 0.00126349879429, 0.00020087089797, 5.68550240132e-05, 2.30423829635e-05, 2.83078952634e-05, 2.35971447182e-06, 1.94240601559e-06, 4.28759267379e-06, 8.26611085358e-07, 1.37470613026e-06, 1.19340052152e-06, 5.45024363419e-07, 9.2363393378e-07, 7.27564383851e-07, 4.46966225809e-07, 2.77320964415e-07, 2.9857659456e-07, 2.20287063257e-07, 1.3146660649e-07, 6.07952514997e-08, 3.31710481305e-08, 2.78220326777e-08, 2.45857680881e-08, 8.41501179849e-09, 4.80962041027e-11],
        "max": [0.0285641271621, 0.298963159323, 0.190048098564, 0.0825313180685, 0.0567394196987, 0.0550076626241, 0.0541456155479, 0.0235849078745, 0.00973579101264, 0.0198186486959, 0.0092552639544, 0.0164018236101, 0.011508452706, 0.00651848642156, 0.0148857301101, 0.00921586900949, 0.0089351804927, 0.00373788923025, 0.00349664408714, 0.00250032381155, 0.00225241389126, 0.00138529774267, 0.00115950847976, 0.00132703525014, 0.000666942738462, 0.000369770365069, 8.43935922603e-05],
        "mean": [0.00279409461655, 0.0200802534819, 0.00581059837714, 0.0026762757916, 0.0046040834859, 0.00232678931206, 0.00230771349743, 0.000504119496327, 0.000553110905457, 0.000949702749494, 0.000280926935375, 0.000318242207868, 0.000381964549888, 0.000231814876315, 0.000390819564927, 0.000275319383945, 0.000213856503251, 0.000142341988976, 0.000157036774908, 0.000135088179377, 0.000111391229439, 7.74696964072e-05, 5.23837152286e-05, 3.88774024032e-05, 3.56794298568e-05, 2.16985808947e-05, 1.40050929076e-06],
        "median": [0.000211077785934, 0.00341436825693, 0.00057633331744, 0.00049180467613, 0.00303686456755, 0.000623403291684, 0.000709099578671, 0.000163657721714, 0.000179715381819, 0.000173952503246, 4.83840813104e-05, 6.34901298326e-05, 7.16003487469e-05, 4.02790756198e-05, 9.82361962087e-05, 4.71298953926e-05, 3.82739162887e-05, 2.43126251007e-05, 2.80749554804e-05, 2.47595089604e-05, 1.91585149878e-05, 1.18667576317e-05, 6.52325798001e-06, 4.2757810661e-06, 3.32757485921e-06, 9.80037043519e-07, 9.55141921111e-09],
        "min": [1.18935012513e-23, 1.82779481947e-23, 6.54647502909e-24, 5.54433926725e-24, 1.47698979487e-23, 3.40818802849e-23, 3.53421139799e-23, 4.4022348106e-23, 6.67408763777e-23, 1.02072763565e-22, 8.52438676561e-23, 8.13244532693e-23, 1.0030495152e-22, 9.55181940341e-23, 7.66110724694e-23, 1.67843625019e-22, 2.62019076818e-22, 3.04371516828e-22, 1.93018259098e-22, 4.27789045264e-22, 5.57361405322e-22, 6.9979010292e-22, 5.53683470724e-22, 9.12417576098e-22, 1.21303976957e-21, 1.8544248325e-21, 2.38205478975e-21],
        "var": [2.61149289145e-05, 0.0020387636032, 0.000302806642139, 4.51891210105e-05, 3.2534237107e-05, 1.78963982762e-05, 1.73803891812e-05, 9.32401292175e-07, 9.19239539598e-07, 3.6247463413e-06, 3.99693959707e-07, 6.17121429514e-07, 8.52084156122e-07, 2.1149206475e-07, 7.15719409072e-07, 3.16159855629e-07, 2.02854934628e-07, 7.9376910378e-08, 1.02372894162e-07, 6.68384103619e-08, 4.64756695351e-08, 2.37402417724e-08, 1.32257147456e-08, 8.33645596998e-09, 6.77768996482e-09, 2.51180987121e-09, 1.70058619964e-11]
    },
    "erbbands": {
        "dmean": [0.615651547909, 3.6634824276, 8.19779682159, 9.61414146423, 9.66686725616, 9.84422302246, 10.4471006393, 12.1819934845, 24.750497818, 13.1827573776, 9.6450586319, 11.689496994, 10.7183504105, 21.9493846893, 11.9331331253, 14.2337446213, 15.5969648361, 12.2223358154, 18.7606239319, 14.2122220993, 15.8703298569, 12.2909412384, 9.69574165344, 8.46290206909, 9.03789043427, 7.72169542313, 5.42542028427, 4.13756990433, 2.96132230759, 2.180727005, 1.50979650021, 1.11431896687, 0.598947644234, 0.380337923765, 0.307574152946, 0.124181009829, 0.0401428565383, 0.00500356918201, 0.000234666877077, 2.88589326374e-05],
        "dmean2": [0.828488528728, 6.05907726288, 14.6231269836, 17.6435756683, 16.5921115875, 15.7830200195, 16.8738651276, 19.3349399567, 39.1668357849, 21.477481842, 15.3961410522, 18.8383235931, 16.9375495911, 32.1365203857, 19.4871864319, 23.5271205902, 24.6779937744, 20.0971031189, 29.7635154724, 23.9081382751, 26.7775192261, 21.2915878296, 16.7402801514, 14.3539209366, 15.4583654404, 13.2379541397, 9.25459957123, 6.87291479111, 4.87156915665, 3.64142799377, 2.51420879364, 1.95540201664, 1.0336689949, 0.660978257656, 0.555998206139, 0.2244566679, 0.0707398951054, 0.00857166480273, 0.000410702486988, 3.67367574654e-05],
        "dvar": [2.03892540932, 106.676879883, 570.918823242, 701.012695312, 339.461303711, 315.600646973, 480.911560059, 647.818664551, 2869.5402832, 626.664978027, 314.936462402, 469.397399902, 481.410125732, 2253.03637695, 667.593322754, 1163.15893555, 1118.4822998, 535.185668945, 1259.29394531, 693.571289062, 903.566894531, 507.325927734, 345.346069336, 258.341583252, 310.414428711, 197.650421143, 108.287872314, 59.7211074829, 30.9204845428, 20.0125465393, 10.6385583878, 6.75677013397, 1.81342744827, 0.765526652336, 0.624836623669, 0.101331979036, 0.00908661074936, 0.0001314367546, 3.47697152847e-07, 1.7229226934e-09],
        "dvar2": [4.3766207695, 267.382446289, 1576.13171387, 1999.70898438, 926.027648926, 782.992797852, 1187.37731934, 1546.54650879, 6856.87402344, 1605.10754395, 761.890991211, 1133.6730957, 1193.61560059, 4381.4375, 1630.36816406, 2847.18261719, 2502.80175781, 1312.76953125, 2719.81640625, 1773.74572754, 2280.34399414, 1291.49194336, 907.784606934, 683.322570801, 789.20690918, 522.377380371, 285.923217773, 148.521331787, 76.9292068481, 51.8513755798, 26.3410263062, 18.3706169128, 4.68692350388, 2.04610753059, 1.76048755646, 0.28400734067, 0.0245151761919, 0.000336304830853, 9.25163931242e-07, 3.04373903859e-09],
        "max": [11.9601478577, 73.2465133667, 180.929870605, 236.733947754, 177.487792969, 256.003570557, 589.433227539, 489.942626953, 820.93145752, 422.417144775, 366.496063232, 220.978164673, 323.793426514, 700.268371582, 482.064788818, 693.773681641, 547.450317383, 361.916503906, 835.744750977, 502.132263184, 613.167663574, 369.604675293, 315.659912109, 162.591171265, 211.420776367, 117.724441528, 95.078414917, 63.0953102112, 61.3196563721, 49.8387336731, 39.1508483887, 35.6306877136, 12.3012533188, 8.23628330231, 5.54008817673, 2.08508205414, 0.702791452408, 0.139315515757, 0.00669665727764, 0.000365321349818],
        "mean": [0.875854969025, 3.30363941193, 6.87926912308, 8.08252429962, 11.9397315979, 16.7751255035, 15.7395734787, 19.0735816956, 36.3520927429, 17.4269542694, 11.245724678, 13.0387887955, 13.4252052307, 32.0701789856, 13.1277694702, 15.0745248795, 18.7399616241, 12.4660491943, 21.3646888733, 13.9585237503, 15.582400322, 11.552321434, 8.65815067291, 7.60672664642, 8.1258649826, 6.66724824905, 4.96519136429, 3.96253585815, 2.85269117355, 2.04662203789, 1.44781756401, 0.961229264736, 0.572870492935, 0.373824924231, 0.262462079525, 0.109475553036, 0.038876734674, 0.00535127799958, 0.000233712766203, 5.60135595151e-05],
        "median": [0.106634363532, 0.522035896778, 0.735530972481, 1.70193934441, 6.16266441345, 9.54856014252, 5.63202142715, 5.65819597244, 9.99871826172, 7.8164024353, 4.46573591232, 4.32109737396, 3.5680809021, 5.41268014908, 2.8859667778, 3.41637825966, 3.89746427536, 2.59824347496, 5.32512521744, 3.35630011559, 2.83053636551, 2.22580051422, 1.53415822983, 1.46226406097, 1.52538406849, 1.21138322353, 0.899791240692, 0.66698807478, 0.464883983135, 0.271293133497, 0.173722654581, 0.103977270424, 0.0682761147618, 0.0421981327236, 0.0196520257741, 0.00650598341599, 0.00138358271215, 0.000127957711811, 3.09243987431e-05, 3.23422209476e-05],
        "min": [5.77657168204e-22, 3.86713843004e-21, 6.15948249352e-21, 1.73826545044e-20, 2.6075177291e-20, 8.05655046569e-20, 1.389240533e-19, 2.45469724184e-19, 4.77352644916e-19, 5.88863157234e-19, 1.13309392336e-18, 1.33276911938e-18, 2.62882424086e-18, 3.03994251787e-18, 4.2846044943e-18, 3.24181904829e-18, 4.65882224419e-18, 3.43397827447e-18, 6.08885911821e-18, 7.01384722075e-18, 7.19635717829e-18, 1.62529045879e-17, 1.69584846873e-17, 1.2826751442e-17, 1.12282058831e-17, 2.14506163896e-17, 2.93464523831e-17, 1.78258116837e-17, 2.69102086101e-17, 1.58723022444e-17, 1.45792386216e-17, 2.1419598771e-17, 1.41360997695e-17, 1.24470995291e-17, 9.31829134363e-18, 7.40856705571e-18, 3.4569995381e-18, 1.06747275479e-18, 3.89437976558e-19, 3.50529029056e-20],
        "var": [3.20038294792, 89.5093994141, 408.511260986, 442.760437012, 300.723114014, 483.610076904, 687.327331543, 1288.45605469, 4339.17919922, 722.850524902, 346.65914917, 532.447875977, 602.143615723, 4225.57324219, 842.770629883, 1304.2310791, 1962.32531738, 570.82409668, 2340.47167969, 701.197875977, 1084.30908203, 508.584350586, 295.485931396, 217.181854248, 281.604644775, 163.652709961, 91.9026031494, 57.8310470581, 31.5219573975, 18.8016223907, 10.873213768, 5.26256561279, 1.68798565865, 0.676869273186, 0.429567694664, 0.0713686794043, 0.00801861751825, 0.000143136785482, 3.27275586187e-07, 4.27552659943e-09]
    },
    "gfcc": {
        "mean": [-76.9811859131, 118.004745483, -108.530937195, 26.7030773163, -51.5948066711, 3.90364480019, -32.5911216736, 0.983691632748, -17.0393066406, 3.942943573, -11.0276699066, -1.41050064564, -3.46463036537],
        "cov": [[23817.5390625, -212.724853516, 395.567352295, 2000.15356445, -394.35949707, 1191.21691895, -860.957641602, 435.015045166, -1069.87268066, 165.675491333, -494.118988037, 460.093841553, -392.81362915], [-212.724853516, 4082.46020508, 781.959350586, -459.541564941, 570.259521484, -463.497161865, 372.456695557, -492.375335693, 378.397003174, -403.848144531, 320.024475098, -343.143737793, 305.347930908], [395.567352295, 781.959350586, 2286.11035156, 350.714263916, 440.23828125, 336.891937256, 220.114822388, 111.380180359, -171.999893188, -131.720428467, 7.60829257965, 85.2127990723, 49.0757751465], [2000.15356445, -459.541564941, 350.714263916, 1049.20568848, 178.580215454, 444.130706787, 142.857452393, 196.717025757, -76.4318313599, -4.33182096481, 43.9113998413, 72.4870910645, 16.1347255707], [-394.35949707, 570.259521484, 440.23828125, 178.580215454, 576.787414551, 130.905395508, 256.423583984, 55.6016616821, 136.461715698, -0.391596466303, 114.100151062, -3.77193236351, 72.2190475464], [1191.21691895, -463.497161865, 336.891937256, 444.130706787, 130.905395508, 481.765045166, 136.227874756, 210.707229614, -95.5571365356, 31.1602611542, 9.87656784058, 127.747070312, 14.8844718933], [-860.957641602, 372.456695557, 220.114822388, 142.857452393, 256.423583984, 136.227874756, 347.40814209, 68.0046386719, 135.472137451, -43.1767311096, 134.786392212, 6.37854814529, 115.250930786], [435.015045166, -492.375335693, 111.380180359, 196.717025757, 55.6016616821, 210.707229614, 68.0046386719, 246.039093018, -6.94201850891, 87.5578918457, -3.86402392387, 108.883773804, -1.35518276691], [-1069.87268066, 378.397003174, -171.999893188, -76.4318313599, 136.461715698, -95.5571365356, 135.472137451, -6.94201850891, 311.928222656, 77.5732116699, 154.270690918, -51.2386322021, 84.9086074829], [165.675491333, -403.848144531, -131.720428467, -4.33182096481, -0.391596466303, 31.1602611542, -43.1767311096, 87.5578918457, 77.5732116699, 216.888702393, 27.9199752808, 48.8716888428, -31.7815055847], [-494.118988037, 320.024475098, 7.60829257965, 43.9113998413, 114.100151062, 9.87656784058, 134.786392212, -3.86402392387, 154.270690918, 27.9199752808, 187.137908936, 19.2124481201, 108.948822021], [460.093841553, -343.143737793, 85.2127990723, 72.4870910645, -3.77193236351, 127.747070312, 6.37854814529, 108.883773804, -51.2386322021, 48.8716888428, 19.2124481201, 173.574447632, 48.6802062988], [-392.81362915, 305.347930908, 49.0757751465, 16.1347255707, 72.2190475464, 14.8844718933, 115.250930786, -1.35518276691, 84.9086074829, -31.7815055847, 108.948822021, 48.6802062988, 168.105117798]],
        "icov": [[0.000148240418639, -0.00036994961556, 0.000152809094288, -0.000356483418727, 0.000170244427864, -0.000345735927112, 0.00042903231224, -0.000200304508326, 0.000338396203006, -0.000484950811369, 0.000354592048097, -0.000582229695283, 0.000345888227457], [-0.00036994961556, 0.00173923838884, -0.000665485509671, 0.00116201862693, -0.000939939694945, 0.00105412339326, -0.000903052510694, 0.00112662243191, -0.00119039777201, 0.00220109173097, -0.00166225247085, 0.00245757587254, -0.00161918706726], [0.000152809094288, -0.000665485509671, 0.000882126274519, -0.000445322104497, -0.000155758330948, -0.000558203435503, 0.000301285064779, -0.000526077230461, 0.001059281989, -0.000619638245553, 0.000498306180816, -0.000966838386375, 0.000561470340472], [-0.000356483418727, 0.00116201862693, -0.000445322104497, 0.00265697902068, -0.000798921159003, -0.000624558189884, -0.000514592102263, -2.93756274914e-05, -0.000539273489267, 0.00192825566046, -0.00214019767009, 0.00266434112564, -0.0010651818011], [0.000170244427864, -0.000939939694945, -0.000155758330948, -0.000798921159003, 0.00366364209913, -0.000751045066863, -0.00132481614128, -0.000145589394378, -0.000533500802703, -0.0015308263246, 0.00104731391184, -0.001338394708, 0.00131582573522], [-0.000345735927112, 0.00105412339326, -0.000558203435503, -0.000624558189884, -0.000751045066863, 0.00704704271629, -0.00311490613967, -0.0017608483322, 0.00166509428527, 0.000363012775779, -0.00131091766525, 0.000277402315987, -0.000682785990648], [0.00042903231224, -0.000903052510694, 0.000301285064779, -0.000514592102263, -0.00132481614128, -0.00311490613967, 0.00953328702599, -0.00300741591491, -0.00117692269851, 0.00215960294008, -0.00202997354791, 0.000474453903735, -0.000929954461753], [-0.000200304508326, 0.00112662243191, -0.000526077230461, -2.93756274914e-05, -0.000145589394378, -0.0017608483322, -0.00300741591491, 0.0114227514714, -0.00322220707312, -0.00136714510154, 0.00315209222026, -0.00376985245384, 0.000432182539953], [0.000338396203006, -0.00119039777201, 0.001059281989, -0.000539273489267, -0.000533500802703, 0.00166509428527, -0.00117692269851, -0.00322220707312, 0.0121791334823, -0.0058805453591, -0.00440116832033, 0.00354776694439, -0.00188014551532], [-0.000484950811369, 0.00220109173097, -0.000619638245553, 0.00192825566046, -0.0015308263246, 0.000363012775779, 0.00215960294008, -0.00136714510154, -0.0058805453591, 0.0126253124326, -0.00447851419449, 0.000201695773285, 0.00219967379235], [0.000354592048097, -0.00166225247085, 0.000498306180816, -0.00214019767009, 0.00104731391184, -0.00131091766525, -0.00202997354791, 0.00315209222026, -0.00440116832033, -0.00447851419449, 0.0173229277134, -0.00553431594744, -0.00325690745376], [-0.000582229695283, 0.00245757587254, -0.000966838386375, 0.00266434112564, -0.001338394708, 0.000277402315987, 0.000474453903735, -0.00376985245384, 0.00354776694439, 0.000201695773285, -0.00553431594744, 0.0177403725684, -0.00890751369298], [0.000345888227457, -0.00161918706726, 0.000561470340472, -0.0010651818011, 0.00131582573522, -0.000682785990648, -0.000929954461753, 0.000432182539953, -0.00188014551532, 0.00219967379235, -0.00325690745376, -0.00890751369298, 0.0158283170313]]
    },
    "melbands": {
        "dmean": [0.00476651126519, 0.00429127085954, 0.00164351251442, 0.000721454678569, 0.000362728780601, 0.000277245446341, 0.000365839892766, 0.000129628024297, 8.43485613586e-05, 6.81008241372e-05, 5.57577041036e-05, 9.65052022366e-05, 3.78647018806e-05, 3.52623101207e-05, 4.35138535977e-05, 2.70189357252e-05, 2.29945853789e-05, 3.01022591884e-05, 2.15087438846e-05, 1.89460515685e-05, 1.81730338227e-05, 1.25883088913e-05, 1.10932405732e-05, 7.71695886215e-06, 6.71708357913e-06, 7.30147667127e-06, 5.81295034863e-06, 4.94339155921e-06, 3.45799480783e-06, 2.98187774206e-06, 2.29640158977e-06, 1.76759260739e-06, 1.41741861626e-06, 1.12667021313e-06, 8.81787912022e-07, 7.88804698004e-07, 6.42146346763e-07, 4.46632100193e-07, 3.23055729723e-07, 3.31494817374e-07],
        "dmean2": [0.00660552503541, 0.00723776454106, 0.00296836392954, 0.00117435294669, 0.000579845625907, 0.000438644492533, 0.000578427920118, 0.000212934741285, 0.000134953894303, 0.000110383116407, 8.7791144324e-05, 0.000140979987918, 6.25445172773e-05, 5.91622447246e-05, 7.05196071067e-05, 4.31018015661e-05, 3.80732744816e-05, 4.85284544993e-05, 3.55677839252e-05, 3.21760708175e-05, 3.08446324198e-05, 2.19715948333e-05, 1.92239040189e-05, 1.33070370794e-05, 1.14629992822e-05, 1.24731077449e-05, 1.01823934529e-05, 8.46378407005e-06, 5.89047704125e-06, 5.14358043802e-06, 3.80290998692e-06, 2.92467552754e-06, 2.40682902586e-06, 1.88092622011e-06, 1.46492902786e-06, 1.36532787565e-06, 1.13772409804e-06, 7.76424371907e-07, 5.51664697923e-07, 5.78906337978e-07],
        "dvar": [0.000128250467242, 0.00013942066289, 1.80453153007e-05, 1.57320459948e-06, 5.01160570821e-07, 3.20379427876e-07, 6.28233181033e-07, 6.39184705165e-08, 2.24734932885e-08, 1.59000688171e-08, 1.37454509996e-08, 4.52032189457e-08, 6.44774456049e-09, 8.00298405323e-09, 7.96677745996e-09, 3.0299285303e-09, 2.13927031645e-09, 3.32323746299e-09, 1.48766099439e-09, 1.18360332646e-09, 1.20776399992e-09, 5.23836141131e-10, 5.67903224447e-10, 2.1634971592e-10, 1.6910309264e-10, 2.12861894777e-10, 1.20692927874e-10, 8.2241671806e-11, 4.38543056036e-11, 3.68645704241e-11, 1.84078464277e-11, 1.08667710247e-11, 8.95137523133e-12, 5.22456990865e-12, 3.67739562759e-12, 3.14983694509e-12, 2.35400609595e-12, 1.0177142332e-12, 6.16349365209e-13, 5.96181415867e-13],
        "dvar2": [0.000277342740446, 0.000357204786269, 5.10435493197e-05, 4.03008107241e-06, 1.20227434763e-06, 7.73725446379e-07, 1.50133723764e-06, 1.66406977087e-07, 5.35588888795e-08, 3.89348571161e-08, 3.38602603733e-08, 8.81540245246e-08, 1.59882258544e-08, 2.01133776301e-08, 1.93419360528e-08, 7.09464753612e-09, 5.29157961893e-09, 7.33386773533e-09, 3.65388674872e-09, 3.04606673218e-09, 3.06487080159e-09, 1.37055833349e-09, 1.35257061107e-09, 5.7596222236e-10, 4.48475090398e-10, 5.42863143327e-10, 3.203239618e-10, 2.16203957515e-10, 1.16115790594e-10, 9.73828240269e-11, 4.52248828664e-11, 2.69465925268e-11, 2.3451593098e-11, 1.35243725941e-11, 8.9070851389e-12, 8.28176763279e-12, 6.49421922488e-12, 2.6268366822e-12, 1.65605669369e-12, 1.59957865096e-12],
        "max": [0.089526206255, 0.083318784833, 0.0373627059162, 0.0148512963206, 0.0186506062746, 0.0106010176241, 0.0124247241765, 0.00466363597661, 0.00275721261278, 0.00132746098097, 0.00192580977455, 0.00308357109316, 0.00126613024622, 0.00228613778017, 0.00109257467557, 0.00118375429884, 0.000803525268566, 0.00118823850062, 0.00074165960541, 0.000382172118407, 0.000671012327075, 0.000326079403749, 0.00067325506825, 0.000144214078318, 0.000149802071974, 0.000185493161553, 8.41965447762e-05, 9.36042997637e-05, 6.30718277534e-05, 8.20494387881e-05, 4.11154760513e-05, 3.72412105207e-05, 3.56616146746e-05, 2.4346565624e-05, 2.78739826172e-05, 2.3535129003e-05, 2.05853993975e-05, 1.0078692867e-05, 1.28365882119e-05, 7.29179419068e-06],
        "mean": [0.00652045849711, 0.00385432969779, 0.00148991926108, 0.00114877941087, 0.000576877384447, 0.000427604682045, 0.000540086359251, 0.000162890690262, 9.73487767624e-05, 7.5298405136e-05, 7.02755060047e-05, 0.000139823838254, 3.98618503823e-05, 3.45093976648e-05, 4.94973137393e-05, 3.05018675135e-05, 2.19319244934e-05, 3.3183798223e-05, 2.30678761e-05, 1.77219935722e-05, 1.75551995198e-05, 1.13569731184e-05, 1.05870230982e-05, 6.61559215587e-06, 5.9380959101e-06, 6.44125839244e-06, 5.05038951815e-06, 4.20420747105e-06, 3.13648070005e-06, 2.69839051725e-06, 2.17594492824e-06, 1.68654025856e-06, 1.32168224809e-06, 1.04025559722e-06, 8.55410860368e-07, 6.94340599239e-07, 5.40740245469e-07, 4.15940149878e-07, 3.24926759276e-07, 3.12583125606e-07],
        "median": [0.000936475582421, 0.000463879143354, 0.000398128555389, 0.000695346621796, 0.00024620705517, 0.000120554148452, 0.00014684528287, 6.94409391144e-05, 3.67063075828e-05, 2.40392000705e-05, 1.74610759132e-05, 2.1460782591e-05, 7.48336196921e-06, 7.06809487383e-06, 1.0579073205e-05, 5.52094525119e-06, 3.83861106457e-06, 7.83715222497e-06, 6.11978066445e-06, 3.3062356124e-06, 3.09900246975e-06, 2.11724318433e-06, 1.66600818829e-06, 1.03614149793e-06, 1.10312873858e-06, 1.03026229681e-06, 9.53396181558e-07, 7.19031504559e-07, 5.24304141436e-07, 4.42243390353e-07, 3.34009541803e-07, 2.70857441365e-07, 1.86350504805e-07, 1.32314255552e-07, 9.84848540497e-08, 7.50938085048e-08, 5.58150219376e-08, 4.31736637552e-08, 4.35002576182e-08, 3.15023669373e-08],
        "min": [6.02499024465e-24, 4.36219727976e-24, 2.90864099251e-24, 4.24222179127e-24, 4.05850989151e-24, 6.43185590614e-24, 7.46719403461e-24, 7.56435487687e-24, 9.72112977959e-24, 8.43365040657e-24, 1.38098510716e-23, 1.26970034149e-23, 1.3432911243e-23, 9.39324289978e-24, 1.01084525954e-23, 8.88546733459e-24, 5.63637251362e-24, 1.05914768609e-23, 5.94519617523e-24, 1.5296405805e-23, 5.75751236081e-24, 1.66795203633e-23, 1.31083620337e-23, 1.62977053742e-23, 9.53521893006e-24, 7.87053782659e-24, 9.11884552251e-24, 1.51304247373e-23, 1.78422634722e-23, 1.55177727967e-23, 8.79032676511e-24, 1.82183434425e-23, 9.77532767923e-24, 8.3747840281e-24, 7.13673783483e-24, 1.26012144018e-23, 1.28352347225e-23, 8.75224529378e-24, 1.05185600808e-23, 1.10277682174e-23],
        "var": [0.000186626508366, 0.000113690832222, 1.18659372674e-05, 2.11185238186e-06, 7.74976626872e-07, 6.31362354397e-07, 9.60424472396e-07, 6.79349270172e-08, 2.54709178193e-08, 1.78671708539e-08, 1.73391434544e-08, 8.40438687533e-08, 7.75278063969e-09, 8.64391935806e-09, 1.08186188896e-08, 4.5850319097e-09, 2.1599104727e-09, 5.78473402513e-09, 1.92255877884e-09, 1.17448262227e-09, 1.39835254487e-09, 4.75001538103e-10, 6.65437371872e-10, 1.70034791802e-10, 1.40379083358e-10, 1.91673565908e-10, 9.90337187257e-11, 6.7481624455e-11, 3.69926242416e-11, 3.10197249831e-11, 1.81533243299e-11, 1.1011958706e-11, 8.04636218765e-12, 4.90475325285e-12, 3.92364049237e-12, 2.68413763438e-12, 1.74344317195e-12, 9.41909094124e-13, 5.27538678973e-13, 5.16049063291e-13]
    },
    "mfcc": {
        "mean": [-713.35925293, 143.2371521, 6.08115386963, 25.7834644318, 3.11253619194, 6.37096977234, -3.12637591362, -2.65646219254, 0.522417604923, 2.07385897636, -1.62191700935, -0.0725732073188, 1.66735231876],
        "cov": [[15462.0859375, -517.617126465, -529.41973877, 697.116333008, 142.964187622, 437.373138428, 198.744735718, 262.475921631, -161.730895996, -229.89503479, -215.226119995, -203.754074097, -154.804519653], [-517.617126465, 2706.95214844, 627.971008301, 170.292312622, 136.00831604, 65.584777832, 94.0693054199, 53.6290512085, 43.8896751404, -17.4805583954, -31.1361160278, -10.201379776, 31.0083179474], [-529.41973877, 627.971008301, 1353.20629883, 310.875, 212.879196167, 146.087661743, 256.144805908, 173.257095337, 27.2113132477, -61.9373397827, -62.680896759, -67.9845199585, -28.6274108887], [697.116333008, 170.292312622, 310.875, 603.23840332, 256.031646729, 233.448257446, 257.914001465, 205.953323364, 70.2967834473, 13.4620504379, 22.0223751068, 9.83536243439, 4.19155740738], [142.964187622, 136.00831604, 212.879196167, 256.031646729, 336.055877686, 178.430496216, 175.122665405, 126.378257751, 81.2631912231, 58.150592804, 60.8965339661, 43.0877227783, 35.8831710815], [437.373138428, 65.584777832, 146.087661743, 233.448257446, 178.430496216, 266.659088135, 213.498016357, 156.18006897, 63.6650390625, 40.6302223206, 34.855632782, 21.5285129547, 22.6396408081], [198.744735718, 94.0693054199, 256.144805908, 257.914001465, 175.122665405, 213.498016357, 328.940368652, 234.357696533, 86.4002685547, 17.612865448, 12.4068002701, 4.98058319092, 23.2019958496], [262.475921631, 53.6290512085, 173.257095337, 205.953323364, 126.378257751, 156.18006897, 234.357696533, 269.589263916, 99.6836471558, 5.56916666031, 6.66964673996, 11.0600376129, 16.2108135223], [-161.730895996, 43.8896751404, 27.2113132477, 70.2967834473, 81.2631912231, 63.6650390625, 86.4002685547, 99.6836471558, 125.293395996, 67.2572860718, 49.1497268677, 39.9768447876, 41.4850196838], [-229.89503479, -17.4805583954, -61.9373397827, 13.4620504379, 58.150592804, 40.6302223206, 17.612865448, 5.56916666031, 67.2572860718, 130.998092651, 90.9230880737, 59.2853622437, 44.7872390747], [-215.226119995, -31.1361160278, -62.680896759, 22.0223751068, 60.8965339661, 34.855632782, 12.4068002701, 6.66964673996, 49.1497268677, 90.9230880737, 133.062347412, 81.4385681152, 40.1787452698], [-203.754074097, -10.201379776, -67.9845199585, 9.83536243439, 43.0877227783, 21.5285129547, 4.98058319092, 11.0600376129, 39.9768447876, 59.2853622437, 81.4385681152, 107.797836304, 66.6871414185], [-154.804519653, 31.0083179474, -28.6274108887, 4.19155740738, 35.8831710815, 22.6396408081, 23.2019958496, 16.2108135223, 41.4850196838, 44.7872390747, 40.1787452698, 66.6871414185, 99.9078445435]],
