{
"lowlevel": {
    "average_loudness": 0.858874619007,
    "barkbands_crest": {
        "dmean": 2.68042325974,
        "dmean2": 4.07621145248,
        "dvar": 8.24156188965,
        "dvar2": 18.3555641174,
        "max": 26.7440605164,
        "mean": 13.5857887268,
        "median": 12.6486873627,
        "min": 2.01495218277,
        "var": 29.5417137146
    },
    "barkbands_flatness_db": {
        "dmean": 0.0379261597991,
        "dmean2": 0.0523255877197,
        "dvar": 0.00183979049325,
        "dvar2": 0.00379510922357,
        "max": 0.632195711136,
        "mean": 0.264868915081,
        "median": 0.262793064117,
        "min": 0.0310082715005,
        "var": 0.0112158376724
    },
    "barkbands_kurtosis": {
        "dmean": 6.41136312485,
        "dmean2": 9.22331523895,
        "dvar": 297.127197266,
        "dvar2": 500.878753662,
        "max": 859.575134277,
        "mean": 10.6166334152,
        "median": 4.60838365555,
        "min": -1.82903122902,
        "var": 820.039550781
    },
    "barkbands_skewness": {
        "dmean": 0.715952336788,
        "dmean2": 1.0383528471,
        "dvar": 0.829182982445,
        "dvar2": 1.82403039932,
        "max": 23.6006011963,
        "mean": 1.88363945484,
        "median": 1.76899981499,
        "min": -7.2446436882,
        "var": 3.97754693031
    },
    "barkbands_spread": {
        "dmean": 3.86730837822,
        "dmean2": 6.1528878212,
        "dvar": 51.365776062,
        "dvar2": 136.941268921,
        "max": 89.1499252319,
        "mean": 9.1573972702,
        "median": 6.57887411118,
        "min": 0.0796625614166,
        "var": 77.6100997925
    },
    "dissonance": {
        "dmean": 0.0380226112902,
        "dmean2": 0.063452154398,
        "dvar": 0.00141796492971,
        "dvar2": 0.00377093721181,
        "max": 0.500000119209,
        "mean": 0.412960380316,
        "median": 0.42274582386,
        "min": 0.126927554607,
        "var": 0.00374986720271
    },
    "dynamic_complexity": 4.72935295105,
    "erbbands_crest": {
        "dmean": 2.5161895752,
        "dmean2": 3.77325749397,
        "dvar": 7.49848413467,
        "dvar2": 16.6000041962,
        "max": 33.6408462524,
        "mean": 11.9070949554,
        "median": 10.8990421295,
        "min": 2.42320251465,
        "var": 28.2103443146
    },
    "erbbands_flatness_db": {
        "dmean": 0.0273674409837,
        "dmean2": 0.0371557250619,
        "dvar": 0.00112811778672,
        "dvar2": 0.00237228395417,
        "max": 0.56852209568,
        "mean": 0.248129218817,
        "median": 0.235274359584,
        "min": 0.059775557369,
        "var": 0.00994793139398
    },
    "erbbands_kurtosis": {
        "dmean": 1.69035232067,
        "dmean2": 2.49180793762,
        "dvar": 12.6162347794,
        "dvar2": 28.7336120605,
        "max": 137.470169067,
        "mean": 2.17346572876,
        "median": 0.996721029282,
        "min": -1.74826347828,
        "var": 25.8987064362
    },
    "erbbands_skewness": {
        "dmean": 0.440491735935,
        "dmean2": 0.635618150234,
        "dvar": 0.252869516611,
        "dvar2": 0.587746083736,
        "max": 8.03470993042,
        "mean": 0.666779398918,
        "median": 0.676952838898,
        "min": -5.97166347504,
        "var": 1.00948274136
    },
    "erbbands_spread": {
        "dmean": 7.28085803986,
        "dmean2": 10.7530059814,
        "dvar": 122.339447021,
        "dvar2": 285.04586792,
        "max": 128.972702026,
        "mean": 23.1511421204,
        "median": 16.6428833008,
        "min": 0.518996119499,
        "var": 334.402282715
    },
    "hfc": {
        "dmean": 4.51738452911,
        "dmean2": 6.20735645294,
        "dvar": 68.7748031616,
        "dvar2": 157.571578979,
        "max": 130.520599365,
        "mean": 10.7034950256,
        "median": 6.04869651794,
        "min": 1.22323905736e-16,
        "var": 158.137588501
    },
    "melbands_crest": {
        "dmean": 2.79353451729,
        "dmean2": 4.25597047806,
        "dvar": 8.20128440857,
        "dvar2": 19.0573482513,
        "max": 32.3114624023,
        "mean": 15.9834365845,
        "median": 15.7818050385,
        "min": 1.85781884193,
        "var": 32.02602005
    },
    "melbands_flatness_db": {
        "dmean": 0.0413545183837,
        "dmean2": 0.0563514940441,
        "dvar": 0.00259555131197,
        "dvar2": 0.00541922124103,
        "max": 0.795655488968,
        "mean": 0.350318908691,
        "median": 0.357002317905,
        "min": 0.00404450157657,
        "var": 0.018501194194
    },
    "melbands_kurtosis": {
        "dmean": 7.99345159531,
        "dmean2": 12.1938457489,
        "dvar": 276.581298828,
        "dvar2": 680.802062988,
        "max": 335.902099609,
        "mean": 14.5347795486,
        "median": 7.59984445572,
        "min": -1.9192481041,
        "var": 481.64175415
    },
    "melbands_skewness": {
        "dmean": 0.717196166515,
        "dmean2": 1.04506719112,
        "dvar": 0.795034348965,
        "dvar2": 1.83782565594,
        "max": 14.1774501801,
        "mean": 2.43508887291,
        "median": 2.22943019867,
        "min": -3.11163330078,
        "var": 2.95764517784
    },
    "melbands_spread": {
        "dmean": 3.80555081367,
        "dmean2": 6.08178758621,
        "dvar": 58.3256530762,
        "dvar2": 158.744415283,
        "max": 153.215118408,
        "mean": 12.692358017,
        "median": 7.41403388977,
        "min": 0.257787287235,
        "var": 369.705566406
    },
    "pitch_salience": {
        "dmean": 0.0720423534513,
        "dmean2": 0.109404824674,
        "dvar": 0.00616413773969,
        "dvar2": 0.0138005474582,
        "max": 0.920340716839,
        "mean": 0.501530051231,
        "median": 0.509919524193,
        "min": 0.04061049968,
        "var": 0.024158526212
    },
    "silence_rate_20dB": {
        "dmean": 0,
        "dmean2": 0,
        "dvar": 0,
        "dvar2": 0,
        "max": 1,
        "mean": 1,
        "median": 1,
        "min": 1,
        "var": 0
    },
    "silence_rate_30dB": {
        "dmean": 0.049543350935,
        "dmean2": 0.0990990996361,
        "dvar": 0.047086250037,
        "dvar2": 0.0912851467729,
        "max": 1,
        "mean": 0.904303252697,
        "median": 1,
        "min": 0,
        "var": 0.0865370482206
    },
    "silence_rate_60dB": {
        "dmean": 0.0435380972922,
        "dmean2": 0.0869619622827,
        "dvar": 0.0416397564113,
        "dvar2": 0.0851599797606,
        "max": 1,
        "mean": 0.148861646652,
        "median": 0,
        "min": 0,
        "var": 0.126697748899
    },
    "spectral_centroid": {
        "dmean": 157.238357544,
        "dmean2": 248.253265381,
        "dvar": 117807.265625,
        "dvar2": 289990.65625,
        "max": 10931.5791016,
        "mean": 710.92401123,
        "median": 486.295043945,
        "min": 90.5691833496,
        "var": 461898.875
    },
    "spectral_complexity": {
        "dmean": 2.59627175331,
        "dmean2": 4.08120632172,
        "dvar": 19.5411529541,
        "dvar2": 47.4081573486,
        "max": 49,
        "mean": 9.88416290283,
        "median": 9,
        "min": 0,
        "var": 36.165145874
    },
    "spectral_decrease": {
        "dmean": 3.3439495617e-09,
        "dmean2": 4.51701387405e-09,
        "dvar": 3.45241232529e-17,
        "dvar2": 6.17930718229e-17,
        "max": 1.35631415377e-16,
        "mean": -9.0575857925e-09,
        "median": -4.77710671021e-09,
        "min": -6.74738132034e-08,
        "var": 1.29571821082e-16
    },
    "spectral_energy": {
        "dmean": 0.0129207754508,
        "dmean2": 0.0174096189439,
        "dvar": 0.000503242248669,
        "dvar2": 0.000901333696675,
        "max": 0.256566345692,
        "mean": 0.0351562313735,
        "median": 0.0186573751271,
        "min": 1.10564248394e-20,
        "var": 0.00190401764121
    },
    "spectral_energyband_high": {
        "dmean": 0.000211987411603,
        "dmean2": 0.000347551249433,
        "dvar": 4.24149050104e-07,
        "dvar2": 1.14056888378e-06,
        "max": 0.0111360177398,
        "mean": 0.000188130055903,
        "median": 6.70825920679e-06,
        "min": 8.13444325285e-21,
        "var": 3.3550520584e-07
    },
    "spectral_energyband_low": {
        "dmean": 0.00887368991971,
        "dmean2": 0.0121379932389,
        "dvar": 0.000453724176623,
        "dvar2": 0.000804421957582,
        "max": 0.249550625682,
        "mean": 0.0200227163732,
        "median": 0.0053221215494,
        "min": 6.50553078152e-23,
        "var": 0.0014976299135
    },
    "spectral_energyband_middle_high": {
        "dmean": 0.00123830430675,
        "dmean2": 0.00155987369362,
        "dvar": 8.54003792483e-06,
        "dvar2": 1.310531934e-05,
        "max": 0.115471683443,
        "mean": 0.00279556517489,
        "median": 0.00106937857345,
        "min": 1.7042626727e-21,
        "var": 3.83973783755e-05
    },
    "spectral_energyband_middle_low": {
        "dmean": 0.00578755466267,
        "dmean2": 0.00833177939057,
        "dvar": 9.8756623629e-05,
        "dvar2": 0.000220799818635,
        "max": 0.145675301552,
        "mean": 0.0135140419006,
        "median": 0.00819049496204,
        "min": 3.92259759835e-22,
        "var": 0.000238206645008
    },
    "spectral_entropy": {
        "dmean": 0.301292151213,
        "dmean2": 0.43351405859,
        "dvar": 0.161863833666,
        "dvar2": 0.370464712381,
        "max": 9.79331016541,
        "mean": 6.56673526764,
        "median": 6.46251296997,
        "min": 4.00955915451,
        "var": 0.808996319771
    },
    "spectral_flux": {
        "dmean": 0.0330403000116,
        "dmean2": 0.0516446083784,
        "dvar": 0.00214154832065,
        "dvar2": 0.00471942778677,
        "max": 0.443212985992,
        "mean": 0.0690878555179,
        "median": 0.0439400523901,
        "min": 1.05149534912e-10,
        "var": 0.00473708752543
    },
    "spectral_kurtosis": {
        "dmean": 15.0925149918,
        "dmean2": 25.1244029999,
        "dvar": 769.63848877,
        "dvar2": 2074.51269531,
        "max": 555.541992188,
        "mean": 37.1767120361,
        "median": 14.4740409851,
        "min": -1.19420194626,
        "var": 3019.16455078
    },
    "spectral_rms": {
        "dmean": 0.000964286620729,
        "dmean2": 0.00124137627427,
        "dvar": 1.86798638424e-06,
        "dvar2": 3.0887115372e-06,
        "max": 0.0158211458474,
        "mean": 0.0048667169176,
        "median": 0.00426641711965,
        "min": 3.28431964784e-12,
        "var": 1.0613581253e-05
    },
    "spectral_rolloff": {
        "dmean": 260.821472168,
        "dmean2": 469.460357666,
        "dvar": 674495,
        "dvar2": 1799014.125,
        "max": 18884.6191406,
        "mean": 1116.27441406,
        "median": 495.263671875,
        "min": 64.599609375,
        "var": 6899641
    },
    "spectral_skewness": {
        "dmean": 0.975178897381,
        "dmean2": 1.58325219154,
        "dvar": 1.50794732571,
        "dvar2": 3.95636987686,
        "max": 19.5152645111,
        "mean": 3.77276802063,
        "median": 2.99683141708,
        "min": -0.0103356838226,
        "var": 6.97636032104
    },
    "spectral_spread": {
        "dmean": 778904.625,
        "dmean2": 1154822,
        "dvar": 1.37099044454e+12,
        "dvar2": 2.87844414259e+12,
        "max": 41086104,
        "mean": 3291257.25,
        "median": 2634534.25,
        "min": 185232.453125,
        "var": 6.4909779927e+12
    },
    "spectral_strongpeak": {
        "dmean": 0.348843663931,
        "dmean2": 0.520624101162,
        "dvar": 0.398546099663,
        "dvar2": 0.775501549244,
        "max": 13.9453277588,
        "mean": 0.881557106972,
        "median": 0.572768807411,
        "min": 0,
        "var": 1.22378873825
    },
    "zerocrossingrate": {
        "dmean": 0.00784970261157,
        "dmean2": 0.00964954216033,
        "dvar": 0.000173992506461,
        "dvar2": 0.000273364043096,
        "max": 0.7470703125,
        "mean": 0.0445875786245,
        "median": 0.02294921875,
        "min": 0.00244140625,
        "var": 0.00868389941752
    },
    "barkbands": {
        "dmean": [0.000112167464977, 0.00731687992811, 0.00368871516548, 0.00136148685124, 0.0021077201236, 0.0022006072104, 0.000828505144455, 0.000349406647729, 0.000463677890366, 0.000551205361262, 0.000366617838154, 0.000348954170477, 7.60304174037e-05, 6.71477828291e-05, 5.13923441758e-05, 4.390174945e-05, 5.91732750763e-05, 3.35384756909e-05, 3.84778213629e-05, 6.58656863379e-05, 5.90849158471e-05, 3.98951015086e-05, 2.38500360865e-05, 1.92608968064e-05, 2.38770953729e-05, 2.55114082393e-05, 5.88438433624e-06],
        "dmean2": [0.00017202620802, 0.00947460718453, 0.00569804850966, 0.00234571099281, 0.00321324705146, 0.00300713488832, 0.00123951991554, 0.000537753803656, 0.000604625849519, 0.000762848532759, 0.000421476579504, 0.000412407098338, 0.000115784336231, 0.00010278121772, 8.26854229672e-05, 7.372359687e-05, 0.000106115388917, 5.66811067984e-05, 6.70714507578e-05, 0.000111685694719, 9.95986847556e-05, 6.57354976283e-05, 4.05011232942e-05, 3.23796848534e-05, 4.04342936235e-05, 4.24782956543e-05, 1.05108156276e-05],
        "dvar": [7.65190719676e-08, 0.000412364082877, 0.000144974736031, 1.99116075237e-05, 2.96309135592e-05, 1.92502448044e-05, 4.24583367931e-06, 8.63200455115e-07, 1.59543901646e-06, 3.02408011521e-06, 4.32414526585e-06, 7.25973109184e-07, 2.85181975812e-08, 2.2741373229e-08, 2.81368350841e-08, 2.10761275099e-08, 4.39071037306e-08, 2.48059528474e-08, 2.38276598452e-08, 4.7687127136e-08, 3.61834118223e-08, 2.01071905792e-08, 6.47861542191e-09, 6.85191903216e-09, 6.08168804206e-09, 9.31967392148e-09, 1.17752108064e-09],
        "dvar2": [1.92768041529e-07, 0.000611765601207, 0.000340550614055, 5.66126000194e-05, 6.9036403147e-05, 4.00105345761e-05, 9.08809852262e-06, 2.03208242056e-06, 2.2165329483e-06, 5.68256837141e-06, 4.33950935985e-06, 1.10982318802e-06, 6.72704771887e-08, 5.52702026368e-08, 6.71601867452e-08, 5.83649537589e-08, 1.26322106553e-07, 6.61706422989e-08, 6.67682229505e-08, 1.26015109458e-07, 9.87019532772e-08, 5.56597328227e-08, 1.7804074659e-08, 1.90987474724e-08, 1.61490323336e-08, 2.44066242772e-08, 3.32034888473e-09],
        "max": [0.00386838871054, 0.240027248859, 0.153388768435, 0.0565297007561, 0.106719247997, 0.0792374312878, 0.045534171164, 0.0173246562481, 0.042350564152, 0.0508606359363, 0.114122867584, 0.0192190147936, 0.00243237800896, 0.00250794319436, 0.00382763473317, 0.00363203557208, 0.00255703483708, 0.00702187791467, 0.00264740549028, 0.00518705789, 0.00257234764285, 0.0027989782393, 0.00131199415773, 0.00169287133031, 0.00169041368645, 0.0014826747356, 0.000639601727016],
        "mean": [0.000197635396034, 0.0139763904735, 0.00480732275173, 0.00173067720607, 0.00338666024618, 0.00488673057407, 0.00141752627678, 0.000600891595241, 0.000858119572513, 0.00109896913636, 0.000808648823295, 0.000720557698514, 0.000124519938254, 9.87905077636e-05, 6.00887142355e-05, 4.80479393445e-05, 5.14799285156e-05, 3.24175343849e-05, 3.19160608342e-05, 5.16955806233e-05, 4.90867787448e-05, 3.46532942785e-05, 2.06480635825e-05, 1.78666869033e-05, 2.03959098144e-05, 2.05394662771e-05, 3.94703056372e-06],
        "median": [2.06787844945e-05, 0.00192567752674, 0.000706746126525, 0.000623811152764, 0.00134218181483, 0.00144042808097, 0.000354447984137, 0.00017646489141, 0.000217800494283, 0.000180174116394, 9.4011084002e-05, 0.000120717362734, 4.27356826549e-05, 2.71660119324e-05, 1.20022777992e-05, 1.15160928544e-05, 7.66260745877e-06, 5.35558410775e-06, 3.29794693243e-06, 2.51063784162e-06, 1.96181554202e-06, 1.19239712149e-06, 5.98467011059e-07, 4.01295437769e-07, 2.6756333682e-07, 1.41973359291e-07, 4.46845138669e-09],
        "min": [7.89591627078e-24, 2.55253111498e-23, 1.16925018592e-23, 3.68957534447e-23, 4.20202033513e-23, 1.00167121742e-22, 2.93544987817e-23, 9.84801269195e-23, 4.388673345e-23, 1.27003008535e-22, 4.85336479854e-23, 8.21067256082e-23, 1.75879706884e-22, 1.46244878491e-22, 1.5277624289e-22, 1.43991260657e-22, 1.35460493585e-22, 1.60474667044e-22, 3.73312835504e-22, 3.29307851805e-22, 4.75875633153e-22, 4.62813712149e-22, 7.3037655e-22, 9.52130424411e-22, 1.11013393734e-21, 1.49438679685e-21, 2.97764724706e-21],
        "var": [1.74083766069e-07, 0.00114483968355, 0.000151687374455, 1.49084835357e-05, 4.66439742013e-05, 7.16168942745e-05, 9.92552213575e-06, 1.44071725572e-06, 5.60077251066e-06, 8.35845094116e-06, 2.68958337983e-05, 2.66580809694e-06, 4.75267256661e-08, 3.4294536988e-08, 3.53685720711e-08, 1.63836944012e-08, 2.83113781308e-08, 1.91242257586e-08, 1.59955551027e-08, 3.64228860406e-08, 2.68542965642e-08, 1.48476066997e-08, 4.91043028461e-09, 4.82797979373e-09, 4.95527707756e-09, 7.57796758677e-09, 7.44943218223e-10]
    },
    "erbbands": {
        "dmean": [0.176591545343, 1.85440337658, 3.55148172379, 4.89479541779, 3.92125654221, 9.08188819885, 12.7247829437, 18.128818512, 14.2055797577, 7.78746747971, 7.75504016876, 9.23768424988, 21.1733455658, 9.1416349411, 16.5625572205, 11.0919761658, 4.04047679901, 2.97505021095, 3.01609587669, 2.47958087921, 2.60558056831, 3.3206346035, 2.25697183609, 1.28300642967, 2.75054764748, 2.88144874573, 2.86476039886, 1.83043706417, 1.41160213947, 1.16758275032, 0.621283113956, 0.399818718433, 0.324000388384, 0.276124358177, 0.167338266969, 0.0946548730135, 0.0516720786691, 0.0123688383028, 0.00102418113966, 2.7513173336e-05],
        "dmean2": [0.207168072462, 2.38043904305, 5.25458812714, 8.19251251221, 6.37997436523, 13.9522123337, 17.3155899048, 24.7851467133, 21.1730098724, 11.6585035324, 11.8558588028, 12.7848033905, 27.7080230713, 12.3340129852, 18.2023658752, 13.5320034027, 5.97412872314, 4.46605491638, 4.80901432037, 3.96533584595, 4.45503807068, 5.93132781982, 3.88335490227, 2.09898614883, 4.80476856232, 4.85421609879, 4.85301828384, 3.05398511887, 2.28958082199, 2.00848221779, 1.04782402515, 0.667683720589, 0.55161100626, 0.470643520355, 0.283519804478, 0.155828163028, 0.087939850986, 0.0212710630149, 0.00183430453762, 4.35930451204e-05],
        "dvar": [0.212764084339, 26.6729202271, 114.220802307, 287.887329102, 101.698928833, 607.010375977, 757.90057373, 1343.29089355, 1184.72802734, 276.447235107, 406.29385376, 469.961242676, 4267.67773438, 729.217590332, 6248.97851562, 632.949401855, 76.3491210938, 50.8875045776, 82.3388671875, 44.9282150269, 79.0175170898, 142.950332642, 117.072288513, 26.979593277, 98.7094421387, 91.7127304077, 82.6551895142, 40.6258888245, 29.7989063263, 15.7894878387, 4.8769698143, 3.6861987114, 1.43962907791, 0.837896108627, 0.306017965078, 0.0979847833514, 0.0459489859641, 0.00347987469286, 3.92837391701e-05, 8.40200264918e-09],
        "dvar2": [0.286785244942, 41.3035469055, 236.954650879, 782.564453125, 270.91973877, 1403.34069824, 1528.28930664, 2641.56542969, 2558.93457031, 616.049743652, 982.347595215, 929.265686035, 7175.86816406, 1290.77050781, 6954.17333984, 1032.22631836, 176.516799927, 117.35055542, 207.147323608, 113.040283203, 221.349655151, 410.089630127, 314.918518066, 73.6568450928, 271.227020264, 242.128692627, 222.743255615, 112.754615784, 82.8276824951, 44.0556869507, 13.4169836044, 10.2886819839, 3.9393196106, 2.24897432327, 0.808711469173, 0.249838784337, 0.124590083957, 0.0095237204805, 0.000111232919153, 2.32932393374e-08],
        "max": [5.92983865738, 60.5750427246, 168.160247803, 235.587768555, 317.847961426, 356.550109863, 664.239013672, 731.359680176, 686.385803223, 269.039703369, 354.742340088, 457.34576416, 1946.21057129, 1081.94946289, 3863.11767578, 507.664031982, 122.592445374, 121.027732849, 169.789398193, 143.533370972, 218.67427063, 151.266494751, 474.045379639, 92.7783279419, 140.413543701, 247.235702515, 167.142272949, 110.498420715, 121.418174744, 73.7244262695, 39.2197036743, 40.9856414795, 23.2814865112, 16.9427242279, 13.9397115707, 4.31899404526, 3.34648084641, 0.945886492729, 0.116987518966, 0.00163155631162],
        "mean": [0.339615374804, 3.34801864624, 5.86109018326, 6.24232912064, 5.94810819626, 13.7306346893, 27.0368595123, 40.4257316589, 25.7168655396, 14.6261177063, 13.8071193695, 17.1508426666, 42.6464691162, 19.5468502045, 38.1129417419, 22.8305625916, 7.13715791702, 4.7439904213, 3.83584976196, 3.09075903893, 2.82956767082, 2.86452794075, 2.09318089485, 1.30625033379, 2.11550450325, 2.30533218384, 2.2839410305, 1.58717536926, 1.25834465027, 0.945359528065, 0.547497391701, 0.376131683588, 0.29700216651, 0.237086474895, 0.140930503607, 0.0802278444171, 0.0397249385715, 0.00913805235177, 0.000690182147082, 4.98791778227e-05],
        "median": [0.0506576001644, 0.44584274292, 1.05096030235, 2.15365076065, 2.94345855713, 4.45595359802, 10.1138858795, 11.0468530655, 7.01712942123, 5.5951385498, 5.16097068787, 5.27569389343, 7.93970870972, 5.28123617172, 7.7083940506, 5.33991622925, 2.81743526459, 1.44839835167, 1.05047559738, 0.784520983696, 0.69578909874, 0.472886025906, 0.346749812365, 0.210606575012, 0.158375799656, 0.117484465241, 0.0880767852068, 0.0706373900175, 0.0455935448408, 0.0276658739895, 0.015994772315, 0.00993499532342, 0.00563944550231, 0.00340025639161, 0.00172134302557, 0.000749111175537, 0.00022976238688, 2.80094009213e-05, 1.33065095724e-05, 2.22744984057e-05],
        "min": [4.33056768088e-22, 6.85049253669e-21, 1.27019124521e-20, 8.27756020067e-20, 7.30548662536e-20, 1.60805255249e-19, 4.24996248044e-19, 1.01592957986e-18, 4.65212632053e-19, 1.15571514177e-18, 1.97660080646e-18, 1.17272476689e-18, 3.30879172659e-18, 2.34305939541e-18, 2.3233011525e-18, 4.05061495135e-18, 7.01327563895e-18, 7.29608538166e-18, 9.67059501114e-18, 6.88484757704e-18, 6.70167794297e-18, 7.74591943365e-18, 8.3554878522e-18, 1.0241245409e-17, 2.40450634178e-17, 1.55935489954e-17, 1.44845032804e-17, 2.33391574092e-17, 1.32379098373e-17, 2.3993334851e-17, 1.90473870492e-17, 1.83546844976e-17, 1.53869440938e-17, 1.18765789985e-17, 8.6544855195e-18, 4.72216897627e-18, 3.0316597516e-18, 1.35572358817e-18, 3.26498346587e-19, 5.09883467671e-20],
        "var": [0.616474807262, 69.7747268677, 173.069778442, 222.077392578, 101.203529358, 977.227844238, 2416.4609375, 5439.82666016, 2730.03564453, 602.090820312, 641.656494141, 1271.49804688, 12934.6992188, 2933.86962891, 35434.578125, 2135.59814453, 134.693954468, 85.5897674561, 94.2087097168, 53.4684066772, 58.8660545349, 91.8840637207, 87.6336212158, 20.4076862335, 68.1528244019, 71.0957870483, 61.8080673218, 29.3455047607, 21.6786613464, 11.06133461, 3.67216205597, 2.53714680672, 1.10028576851, 0.665545344353, 0.24911095202, 0.0870720073581, 0.033823993057, 0.00246835080907, 2.4401671908e-05, 7.80130715583e-09]
    },
    "gfcc": {
        "mean": [-138.929199219, 155.319702148, -99.1676940918, -4.51464748383, -49.5532226562, -0.941652297974, -27.7315006256, -6.26428747177, -21.9817447662, -4.50762319565, -8.10270786285, 1.64583599567, -1.87887060642],
        "cov": [[32223.8222656, 1963.72338867, 1332.2800293, 2529.6159668, -1689.56945801, 1098.92150879, -252.315109253, 656.502746582, -501.958404541, 407.520080566, -583.871704102, 201.982849121, -310.963409424], [1963.72338867, 6100.56835938, -313.727325439, -1430.11291504, 1006.87695312, -705.768737793, 500.39730835, -579.56829834, 352.333068848, -448.839904785, 593.063903809, -367.195037842, 226.247207642], [1332.2800293, -313.727325439, 1949.57348633, 701.006652832, 158.666748047, 739.653015137, 287.280151367, 411.305358887, 102.598167419, 253.775405884, -68.9296875, 32.8566474915, -150.74319458], [2529.6159668, -1430.11291504, 701.006652832, 1406.03930664, -279.859985352, 513.139526367, 63.6937408447, 370.91305542, -10.5247516632, 220.069961548, -182.656585693, 57.1277198792, -100.776489258], [-1689.56945801, 1006.87695312, 158.666748047, -279.859985352, 756.931762695, -30.702173233, 273.148468018, -14.8618831635, 170.647628784, -15.0427951813, 172.382751465, -76.5806808472, 5.92987823486], [1098.92150879, -705.768737793, 739.653015137, 513.139526367, -30.702173233, 642.964355469, 132.697494507, 296.221435547, 24.7836856842, 180.40246582, -70.8901062012, 47.6583976746, -93.4721603394], [-252.315109253, 500.39730835, 287.280151367, 63.6937408447, 273.148468018, 132.697494507, 330.260894775, 103.245056152, 144.38961792, 15.8423662186, 79.9140396118, -50.3062515259, 3.11604881287], [656.502746582, -579.56829834, 411.305358887, 370.91305542, -14.8618831635, 296.221435547, 103.245056152, 288.803039551, 41.9123954773, 114.322021484, -80.0455551147, 41.9629745483, -53.9844970703], [-501.958404541, 352.333068848, 102.598167419, -10.5247516632, 170.647628784, 24.7836856842, 144.38961792, 41.9123954773, 175.812591553, 29.8754901886, 82.1581802368, -32.884311676, 22.4581184387], [407.520080566, -448.839904785, 253.775405884, 220.069961548, -15.0427951813, 180.40246582, 15.8423662186, 114.322021484, 29.8754901886, 182.302276611, -15.4213237762, 28.1660728455, -63.2930641174], [-583.871704102, 593.063903809, -68.9296875, -182.656585693, 172.382751465, -70.8901062012, 79.9140396118, -80.0455551147, 82.1581802368, -15.4213237762, 176.501052856, -11.5431137085, 42.586566925], [201.982849121, -367.195037842, 32.8566474915, 57.1277198792, -76.5806808472, 47.6583976746, -50.3062515259, 41.9629745483, -32.884311676, 28.1660728455, -11.5431137085, 112.525840759, 29.4125347137], [-310.963409424, 226.247207642, -150.74319458, -100.776489258, 5.92987823486, -93.4721603394, 3.11604881287, -53.9844970703, 22.4581184387, -63.2930641174, 42.586566925, 29.4125347137, 121.120346069]],
        "icov": [[0.000124708152725, -0.000358979013981, 0.000124832455185, -0.000283165514702, 0.000291542382911, -0.00013902009232, 0.000105297993287, -0.000240925481194, 0.000338535755873, -0.000467323843623, 0.000546647235751, -0.000714050664101, 0.000353055365849], [-0.000358979013981, 0.00152814085595, -0.000573777128011, 0.00100644817576, -0.000918389006983, 0.000569727271795, -0.000626760884188, 0.000985093298368, -0.00102111173328, 0.00194056518376, -0.00246376497671, 0.00310186552815, -0.00139658711851], [0.000124832455185, -0.000573777128011, 0.00125571968965, -0.000490376434755, 0.000111490342533, -0.00104522751644, -0.000122988814837, -0.00043863375322, 0.000209446894587, -0.000890430412255, 0.00114410638344, -0.00144345045555, 0.000986784812994], [-0.000283165514702, 0.00100644817576, -0.000490376434755, 0.00206344225444, -0.000225521886023, 9.7219752206e-05, -0.000595454592258, -0.00022972424631, -0.000617072277237, 0.000577983446419, -0.00115034298506, 0.00240015774034, -0.00126338005066], [0.000291542382911, -0.000918389006983, 0.000111490342533, -0.000225521886023, 0.00320668634959, -1.81832620001e-05, -0.00120812747627, -0.000758931040764, 0.000274764490314, -0.00118406338152, 0.000217824228457, -0.00151357846335, 0.00155818869825], [-0.00013902009232, 0.000569727271795, -0.00104522751644, 9.7219752206e-05, -1.81832620001e-05, 0.00451959762722, -0.00110919645522, -0.00188361096662, 0.000820876157377, -0.000580401159823, -0.00155358191114, 0.000893720134627, -8.96092533367e-05], [0.000105297993287, -0.000626760884188, -0.000122988814837, -0.000595454592258, -0.00120812747627, -0.00110919645522, 0.00830789562315, -0.0033499696292, -0.0023110434413, 0.00129313801881, -0.0013188048033, 0.00172769872006, -0.000562698754948], [-0.000240925481194, 0.000985093298368, -0.00043863375322, -0.00022972424631, -0.000758931040764, -0.00188361096662, -0.0033499696292, 0.0123905697837, -0.00429789582267, 0.000107083156763, 0.00413417303935, -0.00310457753949, 0.00114977033809], [0.000338535755873, -0.00102111173328, 0.000209446894587, -0.000617072277237, 0.000274764490314, 0.000820876157377, -0.0023110434413, -0.00429789582267, 0.0142465448007, -0.00497688259929, -0.00285644014366, 0.00278533739038, -0.0036266988609], [-0.000467323843623, 0.00194056518376, -0.000890430412255, 0.000577983446419, -0.00118406338152, -0.000580401159823, 0.00129313801881, 0.000107083156763, -0.00497688259929, 0.0137582868338, -0.00477579282597, 0.000738624192309, 0.00378474360332], [0.000546647235751, -0.00246376497671, 0.00114410638344, -0.00115034298506, 0.000217824228457, -0.00155358191114, -0.0013188048033, 0.00413417303935, -0.00285644014366, -0.00477579282597, 0.0166854988784, -0.00837415456772, 0.00134024606086], [-0.000714050664101, 0.00310186552815, -0.00144345045555, 0.00240015774034, -0.00151357846335, 0.000893720134627, 0.00172769872006, -0.00310457753949, 0.00278533739038, 0.000738624192309, -0.00837415456772, 0.0225990023464, -0.0107651883736], [0.000353055365849, -0.00139658711851, 0.000986784812994, -0.00126338005066, 0.00155818869825, -8.96092533367e-05, -0.000562698754948, 0.00114977033809, -0.0036266988609, 0.00378474360332, 0.00134024606086, -0.0107651883736, 0.0171230733395]]
    },
    "melbands": {
        "dmean": [0.00184945738874, 0.00191980402451, 0.000779125839472, 0.000445770827355, 0.000443892786279, 0.00041158348904, 0.000206108001294, 8.29945056466e-05, 6.60056903143e-05, 6.03571388638e-05, 0.000107122890768, 3.68685141439e-05, 5.69641233596e-05, 4.80084199808e-05, 1.3780793779e-05, 6.83004009261e-06, 5.63691537536e-06, 5.20895491718e-06, 3.84819986721e-06, 2.88148476102e-06, 3.18739967042e-06, 3.45578496308e-06, 3.06696597363e-06, 1.28530598431e-06, 9.53768903855e-07, 1.59370154051e-06, 2.70127270596e-06, 1.65588187429e-06, 1.81186442205e-06, 1.56981298005e-06, 8.83753330072e-07, 8.26649568353e-07, 7.57006148433e-07, 5.91698892549e-07, 3.78901944487e-07, 2.65849166681e-07, 2.31054940514e-07, 2.13531833992e-07, 2.56338722693e-07, 2.23511335662e-07],
        "dmean2": [0.00225215079263, 0.00255637918599, 0.00127805699594, 0.000711020024028, 0.00060474104248, 0.000562592584174, 0.000306145637296, 0.000124204496387, 0.000100962548458, 8.02437862149e-05, 0.000140308053233, 5.16552063345e-05, 6.27683475614e-05, 5.46751798538e-05, 2.04576244869e-05, 1.03778693301e-05, 8.61230000737e-06, 8.36111212266e-06, 6.14275040789e-06, 4.70267514174e-06, 5.51942775928e-06, 6.22078869128e-06, 5.41305780644e-06, 2.15540080717e-06, 1.55837381044e-06, 2.84345765067e-06, 4.67526251668e-06, 2.795550472e-06, 3.07561413138e-06, 2.67426844403e-06, 1.47757555169e-06, 1.34790775519e-06, 1.28082297124e-06, 1.02840090221e-06, 6.45175930458e-07, 4.44808023303e-07, 3.89142599033e-07, 3.65348199693e-07, 4.36243169588e-07, 3.82615638728e-07],
        "dvar": [2.47709376708e-05, 2.41813468165e-05, 6.3095171754e-06, 1.50656762798e-06, 8.90708065526e-07, 6.75792307447e-07, 2.45785969355e-07, 3.05237577436e-08, 2.43380071652e-08, 2.30976979765e-08, 1.07385893955e-07, 1.031365926e-08, 1.03632501691e-07, 1.73580421148e-08, 1.42143519177e-09, 2.44591014109e-10, 1.95366514633e-10, 2.18465578961e-10, 1.57885760022e-10, 6.13732398236e-11, 1.21437124245e-10, 1.58398585914e-10, 1.47161366426e-10, 3.42685914367e-11, 1.62231166001e-11, 4.78056622066e-11, 8.74369257553e-11, 3.47281439717e-11, 3.75919156914e-11, 2.6927739552e-11, 9.95050569719e-12, 1.19030002868e-11, 6.13319985077e-12, 4.17124234459e-12, 1.85917774231e-12, 1.23195290774e-12, 1.31086471972e-12, 7.19100939819e-13, 7.54781491214e-13, 5.50116809744e-13],
        "dvar2": [3.22285304719e-05, 4.56573070551e-05, 1.68214428413e-05, 3.8826196942e-06, 1.68594431216e-06, 1.358968575e-06, 5.28424095592e-07, 6.86552681373e-08, 5.86731268015e-08, 3.69627386476e-08, 1.81387662224e-07, 2.15396980252e-08, 1.01804282338e-07, 2.48941578462e-08, 3.33576855027e-09, 5.92465354554e-10, 4.59210641734e-10, 5.64991109453e-10, 3.67128438761e-10, 1.62547100779e-10, 3.43024858518e-10, 4.54669246697e-10, 4.10044942445e-10, 9.06895877839e-11, 4.42699071845e-11, 1.36225919434e-10, 2.31484637014e-10, 9.24602616692e-11, 1.01968239408e-10, 7.45017242343e-11, 2.75085752788e-11, 3.33845937006e-11, 1.68226994834e-11, 1.17190137802e-11, 5.15923284997e-12, 3.37187938161e-12, 3.66651544195e-12, 1.99812106964e-12, 2.02579142697e-12, 1.47813857508e-12],
        "max": [0.0652765259147, 0.0687351599336, 0.0340617522597, 0.0265718307346, 0.0212340243161, 0.0157733093947, 0.0104387495667, 0.00251313764602, 0.00249634752981, 0.00463674031198, 0.00969432014972, 0.00303997565061, 0.0178528465331, 0.00373982754536, 0.000675410672557, 0.000293831340969, 0.000241258050664, 0.000249229196925, 0.000415647227783, 0.000120390701341, 0.000286519061774, 0.000167567603057, 0.000387480366044, 0.000243278118432, 7.4017305451e-05, 0.000132902496262, 0.000108154803456, 0.000178663685801, 0.00016010919353, 8.21429202915e-05, 5.36935294804e-05, 7.95449450379e-05, 3.80317069357e-05, 3.84264276363e-05, 2.51754227065e-05, 2.1921356165e-05, 2.43679896812e-05, 1.63803761097e-05, 1.49152429003e-05, 1.4733936041e-05],
        "mean": [0.00361747434363, 0.00368295633234, 0.00107443891466, 0.000661050726194, 0.000929072790314, 0.000916469143704, 0.000369600311387, 0.000154005669174, 0.000114091752039, 0.000113179034088, 0.000215195686906, 7.43922864785e-05, 0.000131075867102, 0.000101433499367, 2.27169675782e-05, 1.10570354082e-05, 8.46810416988e-06, 6.51515074424e-06, 4.56196812593e-06, 3.40199608218e-06, 3.3535241073e-06, 2.90217781185e-06, 2.69392171504e-06, 1.26126269606e-06, 9.91414935925e-07, 1.24687096559e-06, 2.03134231924e-06, 1.34851325129e-06, 1.42161229633e-06, 1.26833413105e-06, 7.90510853221e-07, 7.37640675652e-07, 6.25383165698e-07, 4.73277765423e-07, 3.24716467048e-07, 2.49541784569e-07, 2.16650988705e-07, 1.96955781462e-07, 2.22531440386e-07, 1.90371309827e-07],
        "median": [0.000512761063874, 0.000698302639648, 0.000430180807598, 0.000267183757387, 0.000361919344869, 0.000257821637206, 9.04961489141e-05, 5.53390236746e-05, 4.18844319938e-05, 3.10509421979e-05, 3.73823422706e-05, 1.8026546968e-05, 2.2214198907e-05, 1.41815562529e-05, 6.33181389276e-06, 3.76793195755e-06, 2.17924980461e-06, 1.56668147611e-06, 9.55104610512e-07, 8.15480575511e-07, 7.74165073381e-07, 4.13802922594e-07, 3.61337811228e-07, 2.02696696761e-07, 1.50005078581e-07, 1.08727078896e-07, 1.01462219959e-07, 6.32008578805e-08, 4.87012883355e-08, 4.78638426671e-08, 3.60789371712e-08, 2.58626648986e-08, 1.80822326001e-08, 1.33749722409e-08, 9.27386079042e-09, 7.270993585e-09, 5.41898659279e-09, 3.92911259084e-09, 3.29570903901e-09, 2.57692578387e-09],
        "min": [6.84283429396e-24, 7.89186783661e-24, 1.3701434762e-23, 7.18737323862e-24, 1.37062878343e-23, 2.07734102719e-23, 7.50059282762e-24, 1.6213810017e-23, 1.51981011144e-23, 6.30374331741e-24, 1.75133132079e-23, 1.07248669291e-23, 7.14357410344e-24, 7.59378491066e-24, 1.69413953625e-23, 1.48718739979e-23, 1.3154911138e-23, 1.5794047663e-23, 9.88526254612e-24, 9.69702534577e-24, 7.78563746053e-24, 7.53831142294e-24, 8.34186565138e-24, 7.45448548543e-24, 7.04361990472e-24, 1.88409329792e-23, 1.30292235077e-23, 9.45437646449e-24, 9.03894574573e-24, 9.70453687931e-24, 1.54387778434e-23, 6.54631410146e-24, 8.89626605152e-24, 1.51685140973e-23, 1.05156775831e-23, 9.48131054238e-24, 1.33356257607e-23, 1.16069917037e-23, 9.17067605057e-24, 1.0232868582e-23],
        "var": [7.47180820326e-05, 5.9803143813e-05, 5.25577797816e-06, 1.73186867869e-06, 2.72200509244e-06, 2.62857952293e-06, 5.93219340317e-07, 6.23365039587e-08, 4.07782323464e-08, 7.51038058411e-08, 3.2593021615e-07, 3.26697495723e-08, 6.52060009543e-07, 6.53568505982e-08, 2.22203189182e-09, 3.71104730279e-10, 3.10694997507e-10, 2.39740199914e-10, 2.12694514778e-10, 6.03374572528e-11, 8.80732362041e-11, 1.0091537328e-10, 1.0320958671e-10, 2.6771659542e-11, 1.23362561485e-11, 3.00400919417e-11, 6.42970537923e-11, 2.64053865578e-11, 2.72656671546e-11, 1.89293476727e-11, 7.37768093145e-12, 8.36801027776e-12, 4.53861254135e-12, 2.85470388647e-12, 1.35005374935e-12, 9.32238552846e-13, 8.8537863022e-13, 5.26287943347e-13, 6.00613146457e-13, 4.35265050999e-13]
    },
    "mfcc": {
        "mean": [-770.421203613, 181.196014404, 16.7392501831, 4.700299263, -3.28442978859, 2.25835847855, -1.22524762154, -1.2910567522, -4.71478557587, -8.23406982422, -6.76798200607, -1.54245615005, 0.426641851664],
        "cov": [[14490.5029297, 1013.78399658, 705.284606934, 1295.31933594, -150.676101685, 362.050415039, 279.318847656, 353.493591309, 441.886932373, 134.616790771, 76.0401611328, 88.2142791748, 44.3703994751], [1013.78399658, 4685.91748047, 68.4568252563, -462.207824707, 233.270233154, 35.6010131836, 181.150344849, 110.57334137, -98.806854248, -78.1656036377, 80.1712036133, 148.851028442, 178.025283813], [705.284606934, 68.4568252563, 1236.90026855, 338.349121094, 154.642044067, 355.597106934, 265.867584229, 176.344329834, 189.682495117, 168.936019897, 173.574081421, 161.548187256, 45.2703933716], [1295.31933594, -462.207824707, 338.349121094, 799.983093262, 107.216926575, 203.696746826, 158.851318359, 150.031570435, 192.258422852, 177.729385376, 124.321548462, 92.2707824707, 15.6695728302], [-150.676101685, 233.270233154, 154.642044067, 107.216926575, 285.664489746, 145.073959351, 134.127914429, 94.6476974487, 60.6367530823, 72.9415740967, 93.6697998047, 79.2023162842, 48.8266639709], [362.050415039, 35.6010131836, 355.597106934, 203.696746826, 145.073959351, 290.603118896, 181.832809448, 97.747833252, 102.057693481, 117.10243988, 125.915237427, 123.769935608, 62.889465332], [279.318847656, 181.150344849, 265.867584229, 158.851318359, 134.127914429, 181.832809448, 242.637924194, 144.357894897, 100.316574097, 108.195152283, 111.950653076, 89.9855728149, 48.0350379944], [353.493591309, 110.57334137, 176.344329834, 150.031570435, 94.6476974487, 97.747833252, 144.357894897, 199.481399536, 131.678848267, 83.4222793579, 67.2938690186, 43.3809661865, 11.4360122681], [441.886932373, -98.806854248, 189.682495117, 192.258422852, 60.6367530823, 102.057693481, 100.316574097, 131.678848267, 193.169326782, 123.771316528, 65.135017395, 45.9388046265, 9.36208057404], [134.616790771, -78.1656036377, 168.936019897, 177.729385376, 72.9415740967, 117.10243988, 108.195152283, 83.4222793579, 123.771316528, 177.939178467, 116.177009583, 67.7940979004, 24.9050502777], [76.0401611328, 80.1712036133, 173.574081421, 124.321548462, 93.6697998047, 125.915237427, 111.950653076, 67.2938690186, 65.135017395, 116.177009583, 172.930435181, 113.981185913, 36.6312141418], [88.2142791748, 148.851028442, 161.548187256, 92.2707824707, 79.2023162842, 123.769935608, 89.9855728149, 43.3809661865, 45.9388046265, 67.7940979004, 113.981185913, 160.930465698, 80.7004699707], [44.3703994751, 178.025283813, 45.2703933716, 15.6695728302, 48.8266639709, 62.889465332, 48.0350379944, 11.4360122681, 9.36208057404, 24.9050502777, 36.6312141418, 80.7004699707, 112.415542603]],
