{
"lowlevel": {
    "average_loudness": 0.830333888531,
    "barkbands_crest": {
        "dmean": 3.03705120087,
        "dmean2": 4.65485858917,
        "dvar": 9.44811534882,
        "dvar2": 21.9683570862,
        "max": 26.5667362213,
        "mean": 12.2249879837,
        "median": 11.5733470917,
        "min": 2.27022051811,
        "var": 25.5530109406
    },
    "barkbands_flatness_db": {
        "dmean": 0.0321576595306,
        "dmean2": 0.0449038892984,
        "dvar": 0.00146638136357,
        "dvar2": 0.00290101394057,
        "max": 0.640838325024,
        "mean": 0.185274988413,
        "median": 0.166372269392,
        "min": 0.0228498261422,
        "var": 0.00946026295424
    },
    "barkbands_kurtosis": {
        "dmean": 7.47049236298,
        "dmean2": 10.9609460831,
        "dvar": 866.705871582,
        "dvar2": 1717.14440918,
        "max": 1616.63049316,
        "mean": 12.7508468628,
        "median": 4.38910198212,
        "min": -1.95250070095,
        "var": 1714.25610352
    },
    "barkbands_skewness": {
        "dmean": 0.842205703259,
        "dmean2": 1.20026683807,
        "dvar": 1.44625043869,
        "dvar2": 3.00965571404,
        "max": 35.3488349915,
        "mean": 2.15110826492,
        "median": 1.85383760929,
        "min": -7.27123212814,
        "var": 4.71957540512
    },
    "barkbands_spread": {
        "dmean": 6.77025175095,
        "dmean2": 10.3166875839,
        "dvar": 99.9263534546,
        "dvar2": 238.92276001,
        "max": 126.646080017,
        "mean": 18.1373233795,
        "median": 14.5136671066,
        "min": 0.0970185697079,
        "var": 230.108016968
    },
    "dissonance": {
        "dmean": 0.0234641972929,
        "dmean2": 0.0385677292943,
        "dvar": 0.000774408108555,
        "dvar2": 0.00200034934096,
        "max": 0.500000119209,
        "mean": 0.442630141973,
        "median": 0.465695202351,
        "min": 0.111084342003,
        "var": 0.00417138077319
    },
    "dynamic_complexity": 5.03077554703,
    "erbbands_crest": {
        "dmean": 2.46744966507,
        "dmean2": 3.77305912971,
        "dvar": 7.07585048676,
        "dvar2": 15.5051498413,
        "max": 31.8350791931,
        "mean": 10.5736637115,
        "median": 8.66147327423,
        "min": 2.24324893951,
        "var": 35.5924072266
    },
    "erbbands_flatness_db": {
        "dmean": 0.0206312518567,
        "dmean2": 0.0283972807229,
        "dvar": 0.000687750289217,
        "dvar2": 0.00128242361825,
        "max": 0.658771216869,
        "mean": 0.178151711822,
        "median": 0.150824397802,
        "min": 0.0292999688536,
        "var": 0.00890025496483
    },
    "erbbands_kurtosis": {
        "dmean": 1.93474388123,
        "dmean2": 2.91994214058,
        "dvar": 32.4558029175,
        "dvar2": 73.6203918457,
        "max": 176.352828979,
        "mean": 2.88413643837,
        "median": 0.0564098358154,
        "min": -1.85552716255,
        "var": 101.957496643
    },
    "erbbands_skewness": {
        "dmean": 0.454265594482,
        "dmean2": 0.670384824276,
        "dvar": 0.340385317802,
        "dvar2": 0.740147948265,
        "max": 11.0233039856,
        "mean": 0.653056204319,
        "median": 0.457013130188,
        "min": -3.58983373642,
        "var": 1.58194696903
    },
    "erbbands_spread": {
        "dmean": 9.54847049713,
        "dmean2": 14.2588949203,
        "dvar": 164.894287109,
        "dvar2": 378.776916504,
        "max": 204.044067383,
        "mean": 39.3432731628,
        "median": 36.4564476013,
        "min": 0.2976334095,
        "var": 614.682067871
    },
    "hfc": {
        "dmean": 7.71845531464,
        "dmean2": 11.3874006271,
        "dvar": 270.432495117,
        "dvar2": 595.294006348,
        "max": 165.240890503,
        "mean": 15.0485858917,
        "median": 6.76073694229,
        "min": 2.52999947381e-11,
        "var": 473.75668335
    },
    "melbands_crest": {
        "dmean": 3.35492420197,
        "dmean2": 4.86506795883,
        "dvar": 10.6885957718,
        "dvar2": 23.7012023926,
        "max": 35.459022522,
        "mean": 16.2706832886,
        "median": 15.7340364456,
        "min": 2.2130010128,
        "var": 36.9440193176
    },
    "melbands_flatness_db": {
        "dmean": 0.0396967679262,
        "dmean2": 0.0541992150247,
        "dvar": 0.00241664354689,
        "dvar2": 0.00489824358374,
        "max": 0.71614831686,
        "mean": 0.255905628204,
        "median": 0.241561666131,
        "min": 0.00530685065314,
        "var": 0.0130706373602
    },
    "melbands_kurtosis": {
        "dmean": 16.5893726349,
        "dmean2": 24.0337162018,
        "dvar": 2361.71240234,
        "dvar2": 4376.55664062,
        "max": 1326.80273438,
        "mean": 29.8922634125,
        "median": 12.0533876419,
        "min": -1.89515137672,
        "var": 5060.83642578
    },
    "melbands_skewness": {
        "dmean": 1.08937239647,
        "dmean2": 1.54652702808,
        "dvar": 2.41101527214,
        "dvar2": 4.95028781891,
        "max": 26.2879085541,
        "mean": 3.33451008797,
        "median": 2.75378847122,
        "min": -2.20249605179,
        "var": 7.75519990921
    },
    "melbands_spread": {
        "dmean": 8.0631942749,
        "dmean2": 12.3172111511,
        "dvar": 205.441604614,
        "dvar2": 487.376708984,
        "max": 228.561904907,
        "mean": 18.8118457794,
        "median": 11.9918260574,
        "min": 0.266579568386,
        "var": 464.501251221
    },
    "pitch_salience": {
        "dmean": 0.0833658203483,
        "dmean2": 0.128402903676,
        "dvar": 0.00849973224103,
        "dvar2": 0.020684774965,
        "max": 0.944806694984,
        "mean": 0.501107096672,
        "median": 0.503118991852,
        "min": 0.0184056293219,
        "var": 0.0216666404158
    },
    "silence_rate_20dB": {
        "dmean": 0,
        "dmean2": 0,
        "dvar": 0,
        "dvar2": 0,
        "max": 1,
        "mean": 1,
        "median": 1,
        "min": 1,
        "var": 0
    },
    "silence_rate_30dB": {
        "dmean": 0.0189917944372,
        "dmean2": 0.0379880405962,
        "dvar": 0.01863190718,
        "dvar2": 0.0553023777902,
        "max": 1,
        "mean": 0.99038797617,
        "median": 1,
        "min": 0,
        "var": 0.00951899308711
    },
    "silence_rate_60dB": {
        "dmean": 0.0499413833022,
        "dmean2": 0.0998944789171,
        "dvar": 0.0474486574531,
        "dvar2": 0.107955127954,
        "max": 1,
        "mean": 0.158246397972,
        "median": 0,
        "min": 0,
        "var": 0.133194968104
    },
    "spectral_centroid": {
        "dmean": 290.724273682,
        "dmean2": 436.974395752,
        "dvar": 188779.265625,
        "dvar2": 412607.3125,
        "max": 5187.93017578,
        "mean": 1141.30749512,
        "median": 934.157958984,
        "min": 96.9447784424,
        "var": 521666.25
    },
    "spectral_complexity": {
        "dmean": 4.21664714813,
        "dmean2": 6.55188179016,
        "dvar": 53.325717926,
        "dvar2": 107.53553009,
        "max": 65,
        "mean": 12.7518463135,
        "median": 10,
        "min": 0,
        "var": 129.074523926
    },
    "spectral_decrease": {
        "dmean": 2.88510793034e-09,
        "dmean2": 3.92211241262e-09,
        "dvar": 2.16585679412e-17,
        "dvar2": 4.89290732651e-17,
        "max": 1.31515496998e-16,
        "mean": -6.44288800089e-09,
        "median": -4.14490175515e-09,
        "min": -4.1022317987e-08,
        "var": 4.94245842305e-17
    },
    "spectral_energy": {
        "dmean": 0.0112826088443,
        "dmean2": 0.0151589568704,
        "dvar": 0.000318537087878,
        "dvar2": 0.000709443411324,
        "max": 0.160505861044,
        "mean": 0.0256818737835,
        "median": 0.0166161525995,
        "min": 2.63477518002e-15,
        "var": 0.000769607664552
    },
    "spectral_energyband_high": {
        "dmean": 0.000564709422179,
        "dmean2": 0.000898641359527,
        "dvar": 2.32528736888e-06,
        "dvar2": 5.21037964063e-06,
        "max": 0.0138911483809,
        "mean": 0.000717494636774,
        "median": 0.000174624103238,
        "min": 2.15779525731e-15,
        "var": 2.89517902274e-06
    },
    "spectral_energyband_low": {
        "dmean": 0.00840908195823,
        "dmean2": 0.0116465678439,
        "dvar": 0.000255573308095,
        "dvar2": 0.00060065794969,
        "max": 0.136512428522,
        "mean": 0.0143657466397,
        "median": 0.00588794099167,
        "min": 6.63727804454e-17,
        "var": 0.000442081451183
    },
    "spectral_energyband_middle_high": {
        "dmean": 0.0018046394689,
        "dmean2": 0.00280282855965,
        "dvar": 1.5997698938e-05,
        "dvar2": 3.87993059121e-05,
        "max": 0.0506725534797,
        "mean": 0.00335131096654,
        "median": 0.00115865981206,
        "min": 2.74445160006e-16,
        "var": 2.99322346109e-05
    },
    "spectral_energyband_middle_low": {
        "dmean": 0.00452072778717,
        "dmean2": 0.00707900384441,
        "dvar": 8.53727324284e-05,
        "dvar2": 0.000212516679312,
        "max": 0.144958078861,
        "mean": 0.0086785973981,
        "median": 0.0051650009118,
        "min": 1.10792002145e-16,
        "var": 0.000129548279801
    },
    "spectral_entropy": {
        "dmean": 0.239472180605,
        "dmean2": 0.341059088707,
        "dvar": 0.101981155574,
        "dvar2": 0.193416014314,
        "max": 9.18634796143,
        "mean": 7.31212663651,
        "median": 7.4900932312,
        "min": 3.54786467552,
        "var": 0.655039012432
    },
    "spectral_flux": {
        "dmean": 0.0293606501073,
        "dmean2": 0.0422450192273,
        "dvar": 0.00155237060972,
        "dvar2": 0.00324014923535,
        "max": 0.341647535563,
        "mean": 0.0719528272748,
        "median": 0.0510511919856,
        "min": 2.58622344518e-06,
        "var": 0.00407816516235
    },
    "spectral_kurtosis": {
        "dmean": 4.32458496094,
        "dmean2": 7.05500173569,
        "dvar": 232.690872192,
        "dvar2": 612.060791016,
        "max": 524.755371094,
        "mean": 10.5625066757,
        "median": 3.70641613007,
        "min": -1.05180263519,
        "var": 978.329406738
    },
    "spectral_rms": {
        "dmean": 0.000971960485913,
        "dmean2": 0.00124628306367,
        "dvar": 1.58782461313e-06,
        "dvar2": 3.30712805408e-06,
        "max": 0.0125136356801,
        "mean": 0.0042852750048,
        "median": 0.00402627373114,
        "min": 1.6032817296e-09,
        "var": 6.6918473749e-06
    },
    "spectral_rolloff": {
        "dmean": 612.188842773,
        "dmean2": 1030.51489258,
        "dvar": 1922107.875,
        "dvar2": 4375830.5,
        "max": 17248.0957031,
        "mean": 1384.40454102,
        "median": 667.529296875,
        "min": 64.599609375,
        "var": 5453316.5
    },
    "spectral_skewness": {
        "dmean": 0.374261468649,
        "dmean2": 0.583144366741,
        "dvar": 0.447412133217,
        "dvar2": 1.08555936813,
        "max": 19.0406799316,
        "mean": 1.98375427723,
        "median": 1.55138373375,
        "min": 0.0729334056377,
        "var": 2.66340255737
    },
    "spectral_spread": {
        "dmean": 755274.6875,
        "dmean2": 1053352,
        "dvar": 1.22359578624e+12,
        "dvar2": 2.21720267981e+12,
        "max": 18972134,
        "mean": 4909189,
        "median": 4541521.5,
        "min": 185995.84375,
        "var": 5.55063810458e+12
    },
    "spectral_strongpeak": {
        "dmean": 0.364222228527,
        "dmean2": 0.589314997196,
        "dvar": 0.568421065807,
        "dvar2": 1.31810331345,
        "max": 15.7592229843,
        "mean": 0.779793024063,
        "median": 0.430137306452,
        "min": 0,
        "var": 1.29618597031
    },
    "zerocrossingrate": {
        "dmean": 0.0133414119482,
        "dmean2": 0.015839971602,
        "dvar": 0.000409441126976,
        "dvar2": 0.000527424039319,
        "max": 0.72998046875,
        "mean": 0.0572184808552,
        "median": 0.0419921875,
        "min": 0.001953125,
        "var": 0.00448522297665
    },
    "barkbands": {
        "dmean": [0.000109345142846, 0.00331391231157, 0.00563162844628, 0.00222975667566, 0.00154304981697, 0.000675981107634, 0.00053891580319, 0.000468384183478, 0.000438227434643, 0.000300927611534, 0.000125931677758, 0.000419101532316, 0.00021752154862, 0.00017456500791, 0.000180312999873, 0.000338684243616, 0.00025478421594, 0.000157795948326, 0.000150846666656, 0.000127508930746, 0.000146810052684, 0.0001120789384, 8.85199115146e-05, 9.07650537556e-05, 7.77511377237e-05, 2.6979138056e-05, 5.99626719122e-06],
        "dmean2": [0.00016582130047, 0.00466401362792, 0.00787195377052, 0.00374652422033, 0.00247870734893, 0.00110006832983, 0.000798446126282, 0.000731827109121, 0.000587957270909, 0.000443887576694, 0.000198013265617, 0.00062337028794, 0.000346434768289, 0.000280283100437, 0.000317095429637, 0.000562148576137, 0.00042634800775, 0.000262639397988, 0.000252033089055, 0.000212002181797, 0.000242800408159, 0.000182848758413, 0.000143794284668, 0.000147758008097, 0.000122430428746, 3.88840198866e-05, 9.62749072642e-06],
        "dvar": [5.60885879963e-08, 3.44355139532e-05, 0.000174967630301, 3.46933411493e-05, 2.27625369007e-05, 3.19734385812e-06, 1.79291873792e-06, 1.47044022469e-06, 1.33690559778e-06, 7.70109863879e-07, 1.11762673782e-07, 2.5599683795e-06, 3.2690519447e-07, 1.59515124665e-07, 3.41704549101e-07, 1.33773107791e-06, 6.28986185802e-07, 1.74258943275e-07, 1.56816213348e-07, 1.20246582469e-07, 1.92202080029e-07, 1.05825463947e-07, 5.93959583739e-08, 6.12899242469e-08, 3.87068332941e-08, 5.35600719331e-09, 4.1417150265e-10],
        "dvar2": [1.02413977743e-07, 8.85522385943e-05, 0.000352581817424, 8.88417926035e-05, 6.10920760664e-05, 8.48542276799e-06, 3.7097565837e-06, 3.45665125678e-06, 1.72240947904e-06, 1.31576894091e-06, 2.50232375265e-07, 5.01802469444e-06, 7.22612583104e-07, 3.91696431734e-07, 9.49486150148e-07, 3.13498117066e-06, 1.48619392348e-06, 4.46136624532e-07, 3.65093029586e-07, 3.03963872739e-07, 4.70688718224e-07, 2.3836834373e-07, 1.37158849611e-07, 1.42422010185e-07, 8.86265851818e-08, 9.78574377086e-09, 9.98490290449e-10],
        "max": [0.00357032171451, 0.100364282727, 0.102421328425, 0.0822946205735, 0.0855998247862, 0.0244562365115, 0.024810872972, 0.0301227588207, 0.0360627919436, 0.02205991745, 0.00998841691762, 0.0443712212145, 0.0100611699745, 0.00868346448988, 0.0065012043342, 0.0312325507402, 0.0277089364827, 0.00650385487825, 0.00969630572945, 0.00409650988877, 0.00571891712025, 0.00335290376097, 0.00267081754282, 0.0028294022195, 0.00319752749056, 0.00161911547184, 0.000395299633965],
        "mean": [0.000291033560643, 0.00614752201363, 0.006554978434, 0.00224050413817, 0.00250397180207, 0.00104904465843, 0.000933658622671, 0.000817809661385, 0.00101293902844, 0.000519386085216, 0.000183914904483, 0.000730985135306, 0.000329109258018, 0.000258891726844, 0.000191870931303, 0.000389574299334, 0.000323121290421, 0.000215055930312, 0.000189244310604, 0.00015796822845, 0.000166501748026, 0.000129239779199, 0.000103648919321, 0.000105563107354, 9.24686537473e-05, 3.78868680855e-05, 5.99387931288e-06],
        "median": [3.22040068568e-05, 0.00288193323649, 0.00100241880864, 0.000297114864225, 0.000909833004698, 0.000343578343745, 0.000210100770346, 0.00021312822355, 0.000198901150725, 0.000103287682578, 2.71139779215e-05, 7.79548572609e-05, 6.55558542348e-05, 6.2299775891e-05, 4.24066784035e-05, 5.0320304581e-05, 4.40309522673e-05, 4.82281830045e-05, 3.80640267394e-05, 3.85533639928e-05, 3.52754250343e-05, 2.3846871045e-05, 1.71350584424e-05, 1.50423820742e-05, 9.41548296396e-06, 3.05319008476e-06, 9.015926139e-08],
        "min": [3.58136978279e-17, 3.64497170009e-17, 9.65331024506e-18, 5.29553045864e-18, 2.38585920923e-17, 2.68777914019e-17, 2.80281680234e-17, 1.26673297497e-17, 1.19095438003e-17, 3.91634658073e-18, 2.38395537033e-17, 1.29300489297e-17, 4.89192463594e-17, 3.193301638e-17, 4.1396041997e-17, 2.2887376174e-17, 1.88097281331e-17, 2.31456914444e-17, 1.7865786014e-17, 1.12911728565e-16, 1.70860097988e-16, 2.4449431322e-16, 9.58685323116e-17, 1.521044989e-16, 4.62893076581e-16, 4.28422911974e-16, 5.21125215277e-16],
        "var": [3.00735280234e-07, 6.71377201797e-05, 0.000238958440605, 3.36808334396e-05, 2.36220021179e-05, 4.16551029048e-06, 4.4403436732e-06, 3.9506135181e-06, 8.38014420879e-06, 2.09454992728e-06, 2.93733307899e-07, 7.69457983552e-06, 6.64716424126e-07, 2.70755009524e-07, 2.50766447607e-07, 2.00672320716e-06, 1.62900573741e-06, 2.13746261579e-07, 2.14246867358e-07, 1.28372974473e-07, 1.90192238847e-07, 1.15160752046e-07, 7.02716391743e-08, 7.50183701825e-08, 5.666687386e-08, 1.2687193518e-08, 5.14102371785e-10]
    },
    "erbbands": {
        "dmean": [0.0613590590656, 0.88144081831, 4.9409570694, 8.12558269501, 5.34407043457, 4.45974779129, 6.10454368591, 5.7818031311, 8.97259044647, 6.01294708252, 9.41718769073, 8.28896808624, 11.404542923, 5.99272203445, 9.13405704498, 13.123208046, 10.7474002838, 6.94560956955, 8.00204467773, 16.6573162079, 15.7095746994, 14.3680753708, 8.88444805145, 7.24348926544, 7.04433631897, 5.9144692421, 5.82719898224, 5.4811000824, 3.97053313255, 3.5650510788, 2.38831520081, 2.03809380531, 1.40418934822, 0.988772392273, 0.509692788124, 0.154934823513, 0.0427351258695, 0.0109700141475, 0.00100388471037, 2.62686571659e-05],
        "dmean2": [0.0890429317951, 1.18842589855, 6.75029993057, 12.7710571289, 8.61005687714, 7.34014177322, 9.51445388794, 9.21683692932, 13.2680559158, 9.26139450073, 14.6758699417, 12.0635232925, 15.2642335892, 9.16119670868, 14.0424461365, 19.8332424164, 16.9032840729, 11.0723752975, 13.1416931152, 28.7551078796, 26.5852146149, 23.5667324066, 14.8465538025, 12.1295547485, 11.5708780289, 9.74577522278, 9.53343963623, 9.15048789978, 6.41211032867, 5.89178943634, 3.90352344513, 3.32266974449, 2.30085372925, 1.5966886282, 0.796085119247, 0.230848431587, 0.0610372386873, 0.0161728393286, 0.00165186042432, 3.65890373359e-05],
        "dvar": [0.0109598245472, 2.44503521919, 110.218528748, 421.230987549, 439.070526123, 119.662811279, 204.12651062, 225.754730225, 564.038513184, 171.878143311, 560.380065918, 324.68182373, 1128.42858887, 189.12953186, 884.038269043, 2042.11096191, 757.63861084, 234.770874023, 360.442718506, 3294.20874023, 2545.64648438, 2074.97558594, 557.28918457, 315.612792969, 374.190216064, 254.682617188, 275.685302734, 280.678314209, 131.619232178, 108.173355103, 42.8155479431, 33.912399292, 13.980137825, 6.89683008194, 1.64273703098, 0.155731409788, 0.0146737340838, 0.00116972299293, 1.26901322801e-05, 3.27050764248e-09],
        "dvar2": [0.0241873580962, 6.45573234558, 203.727783203, 1014.20269775, 1142.14379883, 317.274200439, 525.434631348, 572.289428711, 1170.62060547, 386.522705078, 1372.02770996, 636.546386719, 1558.6619873, 409.765289307, 1954.25476074, 4075.50439453, 1604.90185547, 567.830383301, 911.669555664, 8928.17285156, 6481.51074219, 4532.67285156, 1462.23620605, 781.821716309, 829.495788574, 627.851196289, 670.807800293, 689.785095215, 295.552612305, 250.794876099, 100.216255188, 78.9607620239, 32.9308395386, 16.4376392365, 3.70518827438, 0.311584621668, 0.0259839743376, 0.00240462389775, 3.15317593049e-05, 7.13449521683e-09],
        "max": [1.60326302052, 27.4078826904, 80.6764907837, 154.126342773, 413.291778564, 229.529953003, 244.919311523, 255.920913696, 441.436004639, 273.574554443, 545.109558105, 380.140991211, 889.775085449, 315.768859863, 793.244384766, 1206.59667969, 439.032440186, 412.863555908, 298.242462158, 872.729736328, 912.015625, 1901.76794434, 296.695922852, 242.573913574, 564.536193848, 208.367645264, 190.465759277, 188.296966553, 129.80619812, 116.136672974, 84.0331268311, 64.4505615234, 42.6877822876, 43.3947944641, 19.5247707367, 7.9094748497, 2.54342198372, 0.795512855053, 0.0504519306123, 0.000925536267459],
        "mean": [0.138506218791, 1.56942546368, 6.70019102097, 8.43072223663, 7.20031738281, 7.09117841721, 10.3545007706, 9.49782943726, 15.5501556396, 11.3055677414, 17.631526947, 18.5016403198, 25.7066345215, 10.0383930206, 16.6093883514, 22.7345027924, 17.3599262238, 11.2084131241, 10.4483728409, 18.7543087006, 17.8785076141, 19.6520900726, 12.1297445297, 9.87817001343, 9.24677181244, 7.544734478, 7.01445674896, 5.95336818695, 4.64959526062, 3.90621256828, 2.83049798012, 2.34377479553, 1.64285612106, 1.13798522949, 0.605787456036, 0.209607735276, 0.0612594075501, 0.0136400712654, 0.000967112719081, 4.71213497804e-05],
        "median": [0.0699373036623, 0.669173955917, 1.34312605858, 1.38740432262, 1.37951529026, 2.6135623455, 3.63625907898, 2.72913885117, 3.15646672249, 4.03216743469, 5.56071281433, 4.62211513519, 4.3136677742, 2.71679592133, 2.34047961235, 3.30103826523, 4.1015958786, 2.74201726913, 2.84733819962, 3.16092443466, 3.10684514046, 2.8032913208, 2.67089724541, 2.20798015594, 2.09358668327, 1.8473533392, 1.50228059292, 1.19797670841, 0.890781581402, 0.597293972969, 0.500636160374, 0.329591929913, 0.240083456039, 0.12911324203, 0.0524673946202, 0.0181124936789, 0.00467245234177, 0.000682551355567, 3.22123523802e-05, 2.29346187552e-05],
        "min": [1.6011980492e-15, 6.31640727339e-15, 1.18167940168e-14, 1.52393475307e-14, 3.40359996589e-14, 9.07240252433e-14, 1.62691813689e-13, 2.36750994243e-13, 3.66647711541e-13, 3.9708259467e-13, 2.39923939006e-13, 2.69892859147e-13, 2.10942266259e-13, 3.20580123862e-13, 1.01632873124e-12, 6.10943587387e-13, 2.03401596781e-12, 1.9469445587e-12, 2.328418491e-12, 1.69250063183e-12, 8.63100823451e-13, 1.1210304603e-12, 1.27896868443e-12, 9.78010532802e-13, 1.20107634775e-12, 5.9446701034e-12, 8.72692716702e-12, 5.03607095262e-12, 7.91493346558e-12, 7.43004442694e-12, 1.99238867592e-12, 2.20258772159e-12, 3.35681981344e-12, 5.10608265739e-12, 3.25875047433e-12, 1.41792014328e-12, 6.06519771473e-13, 4.76916629018e-13, 8.29415881679e-14, 4.67217275068e-15],
        "var": [0.0361254960299, 4.81754636765, 189.219589233, 404.508789062, 448.278015137, 145.848312378, 333.789733887, 358.359283447, 1366.82568359, 492.610656738, 1395.29431152, 1374.24914551, 6422.98388672, 401.488311768, 2561.13330078, 6051.77392578, 1709.84362793, 439.478118896, 452.73626709, 3390.15917969, 2734.40991211, 6977.13330078, 675.405517578, 410.35168457, 535.567077637, 287.401031494, 303.207794189, 259.244659424, 145.585403442, 114.589324951, 50.7330970764, 40.1689033508, 17.284040451, 9.02465343475, 2.44416046143, 0.33043512702, 0.0358002372086, 0.00217416044325, 1.3546315131e-05, 6.00061333955e-09]
    },
    "gfcc": {
        "mean": [-75.026802063, 92.6128616333, -107.515960693, 24.0973129272, -54.5831489563, 13.4936466217, -35.1739845276, 10.617729187, -18.626285553, 3.29392933846, -13.4088153839, -1.01802504063, -8.87941169739],
        "cov": [[26139.4453125, -806.602233887, 506.478546143, 4149.90429688, 152.606033325, 1276.44970703, -481.755401611, 439.882293701, -944.397766113, 263.127593994, -520.087158203, 153.744979858, -518.438781738], [-806.602233887, 3360.75195312, -9.0503282547, -18.6971168518, 597.658325195, -267.622833252, 349.441131592, -257.099822998, 282.514007568, -254.525558472, 274.885284424, -177.151489258, 249.877578735], [506.478546143, -9.0503282547, 1849.99780273, 776.01550293, 400.05480957, 444.693664551, 0.903109431267, 38.4932823181, -92.6595535278, 58.5519447327, -38.0496940613, 97.6669235229, -43.504699707], [4149.90429688, -18.6971168518, 776.01550293, 1952.02819824, 592.43963623, 428.100585938, 23.0085067749, 54.1728439331, -170.871185303, 111.228790283, -0.212827846408, 81.3935623169, -70.3237838745], [152.606033325, 597.658325195, 400.05480957, 592.43963623, 745.819946289, 201.994934082, 125.822227478, -47.9218864441, -3.93711948395, -41.2328071594, 66.2931060791, 27.9247665405, 29.7739772797], [1276.44970703, -267.622833252, 444.693664551, 428.100585938, 201.994934082, 466.007873535, 27.9248104095, 92.1401138306, -94.5773162842, 33.2527809143, -30.5414733887, 62.3233528137, -45.2602348328], [-481.755401611, 349.441131592, 0.903109431267, 23.0085067749, 125.822227478, 27.9248104095, 278.262542725, 43.8343009949, 69.8575744629, -41.6296463013, 18.1931362152, -47.3431510925, 35.0151672363], [439.882293701, -257.099822998, 38.4932823181, 54.1728439331, -47.9218864441, 92.1401138306, 43.8343009949, 187.189575195, 28.2390174866, 54.5494804382, -38.7405281067, -2.54874110222, -31.3619651794], [-944.397766113, 282.514007568, -92.6595535278, -170.871185303, -3.93711948395, -94.5773162842, 69.8575744629, 28.2390174866, 194.032577515, 20.9001998901, 43.2377510071, -35.2958641052, 31.8774986267], [263.127593994, -254.525558472, 58.5519447327, 111.228790283, -41.2328071594, 33.2527809143, -41.6296463013, 54.5494804382, 20.9001998901, 163.015716553, 43.0656471252, 44.6839027405, -24.8919467926], [-520.087158203, 274.885284424, -38.0496940613, -0.212827846408, 66.2931060791, -30.5414733887, 18.1931362152, -38.7405281067, 43.2377510071, 43.0656471252, 152.339233398, 46.6999435425, 42.0226554871], [153.744979858, -177.151489258, 97.6669235229, 81.3935623169, 27.9247665405, 62.3233528137, -47.3431510925, -2.54874110222, -35.2958641052, 44.6839027405, 46.6999435425, 137.631759644, 27.7867794037], [-518.438781738, 249.877578735, -43.504699707, -70.3237838745, 29.7739772797, -45.2602348328, 35.0151672363, -31.3619651794, 31.8774986267, -24.8919467926, 42.0226554871, 27.7867794037, 121.397972107]],
        "icov": [[0.000122974655824, -0.000197586196009, 0.000145390833495, -0.000267775525572, 0.000214996631257, -0.000196859400603, 0.000180900358828, -0.000231674945098, 0.000384361133911, -0.000218483706703, 0.000559771026019, -0.00031893744017, 0.000324209366227], [-0.000197586196009, 0.00111294770613, -0.000353039155016, 0.000338245474268, -0.000670310051646, 0.00050728028873, -0.000494793697726, 0.000760856200941, -0.00124173751101, 0.00138554919977, -0.00232537090778, 0.00174873520155, -0.00135756365489], [0.000145390833495, -0.000353039155016, 0.000979200936854, -0.000433781795437, 0.000102153564512, -0.000817101681605, 0.000290958880214, -6.00124476478e-05, 0.000340317463269, -0.000623220868874, 0.0013161591487, -0.000873988203239, 0.000545386690646], [-0.000267775525572, 0.000338245474268, -0.000433781795437, 0.00152343022637, -0.00111448497046, 0.000215338368434, -0.000412633322412, 0.000333277828759, -1.67558191606e-05, -0.0004929167917, -0.000900373095647, 0.000696073577274, -0.000498318579048], [0.000214996631257, -0.000670310051646, 0.000102153564512, -0.00111448497046, 0.00304535543546, -0.00115570856724, -0.000326877954649, 0.000390651926864, 0.000140565258334, 0.000413988920627, 0.000515281863045, -0.00115914596245, 0.000841235334519], [-0.000196859400603, 0.00050728028873, -0.000817101681605, 0.000215338368434, -0.00115570856724, 0.00457215728238, -0.000834912061691, -0.00160391791724, 0.000880065432284, 0.000663270009682, -0.000997618888505, -0.000504306575749, 0.000127260049339], [0.000180900358828, -0.000494793697726, 0.000290958880214, -0.000412633322412, -0.000326877954649, -0.000834912061691, 0.00580315291882, -0.00247016875073, -0.00049648352433, 0.00113075587433, -0.000126091646962, 0.00129891978577, -0.000778271118179], [-0.000231674945098, 0.000760856200941, -6.00124476478e-05, 0.000333277828759, 0.000390651926864, -0.00160391791724, -0.00247016875073, 0.00978655833751, -0.0032991534099, -0.00224432977848, 0.00157449883409, 0.000425303471275, -7.32216067263e-05], [0.000384361133911, -0.00124173751101, 0.000340317463269, -1.67558191606e-05, 0.000140565258334, 0.000880065432284, -0.00049648352433, -0.0032991534099, 0.0103748859838, -0.00355548271909, 0.000844855618197, 0.000608324480709, 9.10802373255e-06], [-0.000218483706703, 0.00138554919977, -0.000623220868874, -0.0004929167917, 0.000413988920627, 0.000663270009682, 0.00113075587433, -0.00224432977848, -0.00355548271909, 0.0126868812367, -0.00694383587688, -0.000135213864269, 0.000915544049349], [0.000559771026019, -0.00232537090778, 0.0013161591487, -0.000900373095647, 0.000515281863045, -0.000997618888505, -0.000126091646962, 0.00157449883409, 0.000844855618197, -0.00694383587688, 0.0165195520967, -0.00708974897861, 0.00133062258828], [-0.00031893744017, 0.00174873520155, -0.000873988203239, 0.000696073577274, -0.00115914596245, -0.000504306575749, 0.00129891978577, 0.000425303471275, 0.000608324480709, -0.000135213864269, -0.00708974897861, 0.0148514434695, -0.0061726635322], [0.000324209366227, -0.00135756365489, 0.000545386690646, -0.000498318579048, 0.000841235334519, 0.000127260049339, -0.000778271118179, -7.32216067263e-05, 9.10802373255e-06, 0.000915544049349, 0.00133062258828, -0.0061726635322, 0.0135073093697]]
    },
    "melbands": {
        "dmean": [0.000716241134796, 0.00200202525593, 0.00129069073591, 0.000328904396156, 0.000215748717892, 0.000133952897158, 0.000123072532006, 7.79198817327e-05, 7.04117919668e-05, 5.76799357077e-05, 5.92155920458e-05, 2.74130943581e-05, 2.29242577916e-05, 5.22515911143e-05, 2.64334230451e-05, 2.10894031625e-05, 1.32081995616e-05, 1.44103269122e-05, 1.48939689097e-05, 2.80785679934e-05, 1.71299088834e-05, 1.68521328305e-05, 9.28695772018e-06, 7.8305711213e-06, 5.83429118706e-06, 6.20658329353e-06, 4.82627592646e-06, 3.78057961825e-06, 3.67733969142e-06, 3.4966919884e-06, 3.20358162753e-06, 2.22556514018e-06, 2.29805732488e-06, 1.90594676042e-06, 1.43526335705e-06, 1.21317282264e-06, 1.31534784487e-06, 1.02418698589e-06, 8.52185507938e-07, 8.63518721417e-07],
        "dmean2": [0.00102191884071, 0.00271418481134, 0.0019809443038, 0.000533215352334, 0.000339510006597, 0.000212505823583, 0.000182727497304, 0.0001204327491, 0.000109453758341, 8.08606928331e-05, 7.93100116425e-05, 4.18077506765e-05, 3.54228686774e-05, 7.6544834883e-05, 4.2743209633e-05, 3.31036026182e-05, 2.14027277252e-05, 2.34067956626e-05, 2.61496697931e-05, 4.65224438813e-05, 3.00078845612e-05, 2.73176956398e-05, 1.57107006089e-05, 1.30223725137e-05, 9.88686042547e-06, 1.0282009498e-05, 8.02409886091e-06, 6.27172221357e-06, 6.02129694016e-06, 5.87780459682e-06, 5.38719041288e-06, 3.58568513548e-06, 3.78834556614e-06, 3.17054787047e-06, 2.3614775273e-06, 1.97717577066e-06, 2.17591787077e-06, 1.67949497154e-06, 1.40363840728e-06, 1.40435827234e-06],
        "dvar": [1.55233215082e-06, 1.54031076818e-05, 9.69965367403e-06, 1.30395187625e-06, 2.33419626738e-07, 1.13275419267e-07, 9.92892807972e-08, 3.29679039623e-08, 2.78685750033e-08, 1.97976497418e-08, 2.96852444848e-08, 4.62326088524e-09, 3.62102925422e-09, 5.10975475265e-08, 6.2265588241e-09, 3.4923630654e-09, 9.21346610117e-10, 1.26299892766e-09, 2.42222952807e-09, 1.08693756218e-08, 3.32399996417e-09, 3.12848302819e-09, 7.02004177011e-10, 4.24699025947e-10, 2.06794595337e-10, 3.34390848344e-10, 1.70850694703e-10, 1.0378240628e-10, 1.05183937948e-10, 1.13205500529e-10, 1.00696007088e-10, 4.18348689024e-11, 4.67761038236e-11, 3.13173896538e-11, 1.50236004193e-11, 1.2420792693e-11, 1.49548862877e-11, 7.55075862946e-12, 5.11198115088e-12, 5.43061082214e-12],
        "dvar2": [3.86679403164e-06, 3.17426238325e-05, 2.26531192311e-05, 3.43559008797e-06, 5.96388417762e-07, 2.89981585411e-07, 2.07078286962e-07, 7.38279553048e-08, 6.81755949472e-08, 3.15213064539e-08, 4.14076986033e-08, 9.30061982984e-09, 8.38562463912e-09, 9.95363009793e-08, 1.29293038498e-08, 6.99034607976e-09, 2.28345431452e-09, 3.11059289437e-09, 6.73242750437e-09, 2.54602348093e-08, 9.03767816141e-09, 6.2834746295e-09, 1.96361660265e-09, 1.02204233965e-09, 5.30466837123e-10, 7.27382321042e-10, 4.25088880762e-10, 2.56095755713e-10, 2.55473725508e-10, 2.85215101536e-10, 2.49747916792e-10, 9.66194207974e-11, 1.08422326672e-10, 7.47959610914e-11, 3.5813695759e-11, 2.89085682476e-11, 3.60646443265e-11, 1.79662482808e-11, 1.2330967844e-11, 1.30784454447e-11],
        "max": [0.0212553162128, 0.0313888154924, 0.0333120897412, 0.0206314045936, 0.00738915940747, 0.00546208582819, 0.00588903296739, 0.00433593662456, 0.00356456055306, 0.00387802673504, 0.00446628313512, 0.00179208244663, 0.00143029994797, 0.00654806708917, 0.00279202824458, 0.00106902979314, 0.000954261166044, 0.000667628133669, 0.000576557067689, 0.00300271227024, 0.000651590700727, 0.0025559857022, 0.000507999910042, 0.000454529712442, 0.000209615696804, 0.000644985353574, 0.000146557664266, 0.00014240515884, 0.000130147775053, 0.000151219210238, 0.000105709019408, 7.58441819926e-05, 7.72849598434e-05, 6.76624986227e-05, 4.95508356835e-05, 4.81673778268e-05, 4.64019030915e-05, 3.08470480377e-05, 3.52475908585e-05, 3.84988634323e-05],
        "mean": [0.00149311625864, 0.00310218054801, 0.00145630829502, 0.000496057618875, 0.000370305497199, 0.000220198737225, 0.000213480001548, 0.000141188444104, 0.000136029542773, 0.000128921601572, 0.000131058623083, 4.44977813459e-05, 3.95894421672e-05, 9.36757205636e-05, 3.68693836208e-05, 3.33429525199e-05, 1.95683005586e-05, 1.82598032552e-05, 1.5975554561e-05, 3.28029818775e-05, 1.73545213329e-05, 2.20980691665e-05, 1.18493171612e-05, 1.06487013909e-05, 7.49063883632e-06, 7.66872653912e-06, 5.88045168115e-06, 4.67522750114e-06, 4.43371573056e-06, 3.81593326892e-06, 3.35816412189e-06, 2.59718217421e-06, 2.48141850534e-06, 2.02900491786e-06, 1.64995958585e-06, 1.44237071709e-06, 1.44168416227e-06, 1.18218270018e-06, 9.79377091426e-07, 9.62080889622e-07],
        "median": [0.000761144270655, 0.000869123148732, 0.000265420239884, 0.000156729292939, 0.000133225461468, 6.48730710964e-05, 4.73694344691e-05, 4.54893088317e-05, 4.32567030657e-05, 2.503406904e-05, 2.01036291401e-05, 1.0103319255e-05, 6.18503008809e-06, 7.61431374485e-06, 8.06837851997e-06, 6.54607765682e-06, 4.45911200586e-06, 4.2250212573e-06, 3.21977131534e-06, 3.81714107789e-06, 3.10660834657e-06, 2.67837685897e-06, 2.27752207138e-06, 2.14151191358e-06, 1.6194296677e-06, 1.40930205816e-06, 1.23135521335e-06, 1.07124583337e-06, 8.93575816008e-07, 7.52180085328e-07, 6.22844140707e-07, 4.83901601456e-07, 3.89002707379e-07, 2.73648225857e-07, 2.78037589396e-07, 2.23854982551e-07, 1.82363820045e-07, 1.71414058059e-07, 1.26828822999e-07, 9.87214221482e-08],
        "min": [1.39477408179e-17, 7.02529126453e-18, 3.04724217998e-18, 4.33481228953e-18, 5.55019289946e-18, 5.35538897007e-18, 5.70445174394e-18, 4.05561401738e-18, 1.80874952336e-18, 1.73708714458e-18, 9.79527842641e-19, 1.01726723431e-18, 3.53315143965e-18, 1.42613930237e-18, 3.07749961961e-18, 5.09074783593e-18, 3.15532759588e-18, 3.63533636944e-18, 2.63467344176e-18, 2.13910250575e-18, 6.49423479722e-19, 8.01954860894e-19, 1.95948974831e-18, 7.72053315726e-19, 7.83956289644e-19, 6.61178336612e-19, 1.33511334923e-18, 4.53822799628e-18, 5.50719563763e-18, 4.29189940013e-18, 2.30110624231e-18, 3.78742262404e-18, 6.19726816852e-18, 3.25494723179e-18, 7.83841208141e-19, 1.29255407954e-18, 1.32870590481e-18, 2.42568336487e-18, 2.09842217681e-18, 5.49668589436e-18],
        "var": [3.70517182091e-06, 2.90477055387e-05, 1.05635253931e-05, 1.36140670293e-06, 4.00576510629e-07, 1.77107921218e-07, 2.39327164309e-07, 9.72977858282e-08, 7.09689089717e-08, 1.0712285814e-07, 1.65042379763e-07, 1.06089990126e-08, 1.12837597044e-08, 1.53963057414e-07, 1.409723005e-08, 7.91719489968e-09, 1.62316771135e-09, 1.71597824838e-09, 1.77307157845e-09, 1.78194792255e-08, 2.58054200231e-09, 1.09640767576e-08, 9.3030777526e-10, 6.16986683966e-10, 2.48223552823e-10, 5.08033892732e-10, 1.9209857316e-10, 1.12133732855e-10, 1.21799070829e-10, 1.04109575128e-10, 8.918376454e-11, 4.5194528675e-11, 4.79673661902e-11, 3.21095303124e-11, 1.72063630705e-11, 1.47685318835e-11, 1.63428142547e-11, 8.87092743013e-12, 6.68610089169e-12, 6.77647608166e-12]
    },
    "mfcc": {
        "mean": [-712.746948242, 119.604194641, 7.44152879715, 16.7572498322, 5.12564468384, 3.23704910278, 0.0992984101176, 2.94272327423, 1.82563257217, 2.9175491333, 0.898753046989, 2.20804619789, -0.492376446724],
        "cov": [[16503.2265625, -426.88659668, 360.499725342, 2163.66772461, 894.40423584, 879.093444824, 499.900177002, 332.636444092, -49.4371032715, -111.509178162, -4.62100410461, 67.7093429565, -49.721786499], [-426.88659668, 2405.01635742, 107.049171448, 238.090103149, 197.986862183, 105.534538269, 102.315597534, 68.4203491211, 41.7910461426, 23.3514003754, -45.95911026, -2.35201025009, 73.6140594482], [360.499725342, 107.049171448, 1160.23693848, 336.653533936, 341.645202637, 280.50668335, 148.435577393, 98.4084625244, 53.0547714233, 33.3655853271, -4.46467924118, -11.4616975784, 9.85180950165], [2163.66772461, 238.090103149, 336.653533936, 1225.29785156, 609.504272461, 456.793731689, 279.04586792, 142.627716064, 43.9235954285, -3.83018016815, 14.0063085556, 64.3355178833, 64.4446105957], [894.40423584, 197.986862183, 341.645202637, 609.504272461, 716.371765137, 431.113983154, 240.845733643, 138.495285034, 14.3524723053, -27.5372371674, -25.8130397797, 33.3350143433, 101.59425354], [879.093444824, 105.534538269, 280.50668335, 456.793731689, 431.113983154, 434.933105469, 238.911087036, 135.868759155, 27.123752594, -11.832649231, -23.4807949066, 17.0975513458, 61.7034301758], [499.900177002, 102.315597534, 148.435577393, 279.04586792, 240.845733643, 238.911087036, 277.8465271, 139.779846191, 43.7913398743, 12.4048957825, -3.44148659706, 8.18427467346, 32.7128257751], [332.636444092, 68.4203491211, 98.4084625244, 142.627716064, 138.495285034, 135.868759155, 139.779846191, 177.505310059, 79.8043060303, 24.0012435913, -2.31964087486, -4.88798856735, 6.18883657455], [-49.4371032715, 41.7910461426, 53.0547714233, 43.9235954285, 14.3524723053, 27.123752594, 43.7913398743, 79.8043060303, 144.748046875, 73.4690093994, 25.3547706604, -8.69863700867, -27.3023433685], [-111.509178162, 23.3514003754, 33.3655853271, -3.83018016815, -27.5372371674, -11.832649231, 12.4048957825, 24.0012435913, 73.4690093994, 136.144042969, 66.8548965454, -4.15518474579, -33.9588737488], [-4.62100410461, -45.95911026, -4.46467924118, 14.0063085556, -25.8130397797, -23.4807949066, -3.44148659706, -2.31964087486, 25.3547706604, 66.8548965454, 114.243270874, 50.2186203003, -8.24250221252], [67.7093429565, -2.35201025009, -11.4616975784, 64.3355178833, 33.3350143433, 17.0975513458, 8.18427467346, -4.88798856735, -8.69863700867, -4.15518474579, 50.2186203003, 113.913139343, 71.3129882812], [-49.721786499, 73.6140594482, 9.85180950165, 64.4446105957, 101.59425354, 61.7034301758, 32.7128257751, 6.18883657455, -27.3023433685, -33.9588737488, -8.24250221252, 71.3129882812, 158.961868286]],
