{
"lowlevel": {
    "average_loudness": 0.936188042164,
    "barkbands_crest": {
        "dmean": 2.87310528755,
        "dmean2": 4.5467414856,
        "dvar": 9.08343982697,
        "dvar2": 21.1441326141,
        "max": 26.6481723785,
        "mean": 13.5123310089,
        "median": 12.3983612061,
        "min": 2.46612477303,
        "var": 33.5328216553
    },
    "barkbands_flatness_db": {
        "dmean": 0.0359771512449,
        "dmean2": 0.0527387037873,
        "dvar": 0.00180624669883,
        "dvar2": 0.00381345115602,
        "max": 0.610902070999,
        "mean": 0.218754678965,
        "median": 0.19351285696,
        "min": 0.0249687824398,
        "var": 0.0113149629906
    },
    "barkbands_kurtosis": {
        "dmean": 5.98423099518,
        "dmean2": 9.44264698029,
        "dvar": 108.89188385,
        "dvar2": 267.117919922,
        "max": 279.418792725,
        "mean": 11.4800615311,
        "median": 5.75347805023,
        "min": -1.8769800663,
        "var": 411.226257324
    },
    "barkbands_skewness": {
        "dmean": 0.740666925907,
        "dmean2": 1.14448571205,
        "dvar": 0.669693946838,
        "dvar2": 1.56699192524,
        "max": 14.683008194,
        "mean": 2.42733573914,
        "median": 2.20239400864,
        "min": -2.33394646645,
        "var": 2.7987844944
    },
    "barkbands_spread": {
        "dmean": 4.91626787186,
        "dmean2": 7.71566963196,
        "dvar": 42.2931213379,
        "dvar2": 99.3418960571,
        "max": 87.0461883545,
        "mean": 13.2193403244,
        "median": 10.174741745,
        "min": 0.106706924736,
        "var": 111.249084473
    },
    "dissonance": {
        "dmean": 0.0255126580596,
        "dmean2": 0.04138225317,
        "dvar": 0.000756312685553,
        "dvar2": 0.00178307958413,
        "max": 0.5,
        "mean": 0.438097655773,
        "median": 0.454659700394,
        "min": 0.0941875874996,
        "var": 0.00290521932766
    },
    "dynamic_complexity": 3.26878285408,
    "erbbands_crest": {
        "dmean": 2.84289050102,
        "dmean2": 4.35351991653,
        "dvar": 7.63820552826,
        "dvar2": 17.0145053864,
        "max": 33.6491584778,
        "mean": 10.56590271,
        "median": 9.29639434814,
        "min": 2.66522836685,
        "var": 26.765039444
    },
    "erbbands_flatness_db": {
        "dmean": 0.0219225510955,
        "dmean2": 0.0312147717923,
        "dvar": 0.000759886170272,
        "dvar2": 0.00152475561481,
        "max": 0.537452042103,
        "mean": 0.193303927779,
        "median": 0.179849356413,
        "min": 0.0722105577588,
        "var": 0.00494543695822
    },
    "erbbands_kurtosis": {
        "dmean": 1.24646627903,
        "dmean2": 1.8808671236,
        "dvar": 7.50365829468,
        "dvar2": 14.0185127258,
        "max": 106.716392517,
        "mean": 1.04691624641,
        "median": -0.235849499702,
        "min": -1.8488509655,
        "var": 33.902923584
    },
    "erbbands_skewness": {
        "dmean": 0.431670337915,
        "dmean2": 0.640890240669,
        "dvar": 0.196007952094,
        "dvar2": 0.423653334379,
        "max": 8.1382856369,
        "mean": 0.43373337388,
        "median": 0.401390761137,
        "min": -4.63734102249,
        "var": 1.04083323479
    },
    "erbbands_spread": {
        "dmean": 7.64215517044,
        "dmean2": 11.8691425323,
        "dvar": 76.0730209351,
        "dvar2": 180.514953613,
        "max": 119.859008789,
        "mean": 34.4553871155,
        "median": 32.7560424805,
        "min": 0.552850306034,
        "var": 310.544006348
    },
    "hfc": {
        "dmean": 6.5723772049,
        "dmean2": 9.76844787598,
        "dvar": 159.978729248,
        "dvar2": 370.847167969,
        "max": 160.922653198,
        "mean": 14.9484329224,
        "median": 10.6303787231,
        "min": 7.45293746423e-13,
        "var": 263.112213135
    },
    "melbands_crest": {
        "dmean": 3.23092412949,
        "dmean2": 5.20440006256,
        "dvar": 10.8840198517,
        "dvar2": 27.0155696869,
        "max": 32.3218040466,
        "mean": 17.0343284607,
        "median": 16.7079429626,
        "min": 1.91169214249,
        "var": 35.3466453552
    },
    "melbands_flatness_db": {
        "dmean": 0.0428139567375,
        "dmean2": 0.0629382431507,
        "dvar": 0.00267380615696,
        "dvar2": 0.00561261270195,
        "max": 0.78818410635,
        "mean": 0.306730687618,
        "median": 0.280325472355,
        "min": 0.0244043134153,
        "var": 0.0162563323975
    },
    "melbands_kurtosis": {
        "dmean": 9.98734951019,
        "dmean2": 15.8419504166,
        "dvar": 230.504852295,
        "dvar2": 570.209594727,
        "max": 314.984405518,
        "mean": 20.9122753143,
        "median": 14.7335605621,
        "min": -1.87862861156,
        "var": 557.678283691
    },
    "melbands_skewness": {
        "dmean": 0.89260917902,
        "dmean2": 1.38798367977,
        "dvar": 0.982875525951,
        "dvar2": 2.34103250504,
        "max": 14.0136957169,
        "mean": 3.28205990791,
        "median": 3.16815924644,
        "min": -2.49922204018,
        "var": 3.15472555161
    },
    "melbands_spread": {
        "dmean": 5.77732944489,
        "dmean2": 9.20823383331,
        "dvar": 80.2853393555,
        "dvar2": 190.691314697,
        "max": 146.426528931,
        "mean": 12.8928594589,
        "median": 9.03254699707,
        "min": 0.255189359188,
        "var": 154.112991333
    },
    "pitch_salience": {
        "dmean": 0.0826080814004,
        "dmean2": 0.130590364337,
        "dvar": 0.00701446179301,
        "dvar2": 0.017498543486,
        "max": 0.982525765896,
        "mean": 0.463418215513,
        "median": 0.481651306152,
        "min": 0.0531251356006,
        "var": 0.0235312189907
    },
    "silence_rate_20dB": {
        "dmean": 0,
        "dmean2": 0,
        "dvar": 0,
        "dvar2": 0,
        "max": 1,
        "mean": 1,
        "median": 1,
        "min": 1,
        "var": 0
    },
    "silence_rate_30dB": {
        "dmean": 0.0271964687854,
        "dmean2": 0.05439773947,
        "dvar": 0.0264531951398,
        "dvar2": 0.0544389598072,
        "max": 1,
        "mean": 0.969892263412,
        "median": 1,
        "min": 0,
        "var": 0.0292002223432
    },
    "silence_rate_60dB": {
        "dmean": 0.0148344375193,
        "dmean2": 0.0295831859112,
        "dvar": 0.0146141983569,
        "dvar2": 0.0318869315088,
        "max": 1,
        "mean": 0.055977396667,
        "median": 0,
        "min": 0,
        "var": 0.0528462715447
    },
    "spectral_centroid": {
        "dmean": 240.005828857,
        "dmean2": 379.053253174,
        "dvar": 98537.0234375,
        "dvar2": 231101.0625,
        "max": 3670.69482422,
        "mean": 907.177368164,
        "median": 762.450317383,
        "min": 99.2343292236,
        "var": 296811.21875
    },
    "spectral_complexity": {
        "dmean": 3.80114793777,
        "dmean2": 5.89570808411,
        "dvar": 27.4526023865,
        "dvar2": 57.2315101624,
        "max": 60,
        "mean": 14.8178529739,
        "median": 14,
        "min": 0,
        "var": 75.2907333374
    },
    "spectral_decrease": {
        "dmean": 4.06944611342e-09,
        "dmean2": 6.10223072073e-09,
        "dvar": 5.57195411886e-17,
        "dvar2": 1.22305297481e-16,
        "max": -1.92043493654e-24,
        "mean": -1.04180166716e-08,
        "median": -9.5702077374e-09,
        "min": -8.47789323188e-08,
        "var": 8.18122852497e-17
    },
    "spectral_energy": {
        "dmean": 0.0157539341599,
        "dmean2": 0.0235445890576,
        "dvar": 0.000815145496745,
        "dvar2": 0.0017745681107,
        "max": 0.32378757,
        "mean": 0.0406757816672,
        "median": 0.0375157445669,
        "min": 7.48484568134e-17,
        "var": 0.0012188978726
    },
    "spectral_energyband_high": {
        "dmean": 0.000285737070953,
        "dmean2": 0.000464999437099,
        "dvar": 7.12371559075e-07,
        "dvar2": 1.82848475561e-06,
        "max": 0.0129424473271,
        "mean": 0.000358559656888,
        "median": 7.80655755079e-05,
        "min": 5.93955781529e-17,
        "var": 7.82098084073e-07
    },
    "spectral_energyband_low": {
        "dmean": 0.0126694971696,
        "dmean2": 0.0199837032706,
        "dvar": 0.000757266068831,
        "dvar2": 0.00174974999391,
        "max": 0.296367436647,
        "mean": 0.0251709483564,
        "median": 0.0174646303058,
        "min": 1.04270138378e-18,
        "var": 0.000933421601076
    },
    "spectral_energyband_middle_high": {
        "dmean": 0.00193859648425,
        "dmean2": 0.00302723469213,
        "dvar": 1.54361678142e-05,
        "dvar2": 3.67198626918e-05,
        "max": 0.0442433021963,
        "mean": 0.00341093819588,
        "median": 0.00181561452337,
        "min": 1.15885282394e-17,
        "var": 2.46561467065e-05
    },
    "spectral_energyband_middle_low": {
        "dmean": 0.00476892478764,
        "dmean2": 0.00723855569959,
        "dvar": 4.40267722297e-05,
        "dvar2": 9.81173288892e-05,
        "max": 0.137648299336,
        "mean": 0.0126157654449,
        "median": 0.00902898795903,
        "min": 1.83634240743e-18,
        "var": 0.000159694565809
    },
    "spectral_entropy": {
        "dmean": 0.250748425722,
        "dmean2": 0.367313057184,
        "dvar": 0.108431831002,
        "dvar2": 0.223066017032,
        "max": 8.45140457153,
        "mean": 6.95973873138,
        "median": 7.11915445328,
        "min": 3.9538974762,
        "var": 0.541299521923
    },
    "spectral_flux": {
        "dmean": 0.0360316261649,
        "dmean2": 0.0570750832558,
        "dvar": 0.0023542267736,
        "dvar2": 0.00540768820792,
        "max": 0.499150693417,
        "mean": 0.0830163434148,
        "median": 0.0655084103346,
        "min": 4.332703611e-05,
        "var": 0.00433987239376
    },
    "spectral_kurtosis": {
        "dmean": 6.26977872849,
        "dmean2": 10.5001392365,
        "dvar": 119.334205627,
        "dvar2": 303.73260498,
        "max": 299.015777588,
        "mean": 14.9466819763,
        "median": 6.69893836975,
        "min": -0.0246405601501,
        "var": 561.381225586
    },
    "spectral_rms": {
        "dmean": 0.0011309008114,
        "dmean2": 0.00161904434208,
        "dvar": 2.48504125011e-06,
        "dvar2": 4.84549218527e-06,
        "max": 0.017773302272,
        "mean": 0.0057385112159,
        "median": 0.00604985374957,
        "min": 2.70227479282e-10,
        "var": 6.75314458931e-06
    },
    "spectral_rolloff": {
        "dmean": 342.015045166,
        "dmean2": 590.967651367,
        "dvar": 416968,
        "dvar2": 960832.5,
        "max": 16925.0976562,
        "mean": 739.203430176,
        "median": 473.73046875,
        "min": 64.599609375,
        "var": 646179.875
    },
    "spectral_skewness": {
        "dmean": 0.511760890484,
        "dmean2": 0.834578573704,
        "dvar": 0.501172721386,
        "dvar2": 1.20640134811,
        "max": 14.5406656265,
        "mean": 2.42052698135,
        "median": 1.84668636322,
        "min": 0.49243080616,
        "var": 2.45114898682
    },
    "spectral_spread": {
        "dmean": 519415.5625,
        "dmean2": 805919.75,
        "dvar": 485967790080,
        "dvar2": 1.07939744973e+12,
        "max": 30715986,
        "mean": 3318517.75,
        "median": 3239703.5,
        "min": 279639.09375,
        "var": 1.95968919142e+12
    },
    "spectral_strongpeak": {
        "dmean": 0.404221385717,
        "dmean2": 0.698054075241,
        "dvar": 1.01208055019,
        "dvar2": 2.78327965736,
        "max": 14.8261604309,
        "mean": 0.771918654442,
        "median": 0.557632088661,
        "min": 0,
        "var": 0.978892862797
    },
    "zerocrossingrate": {
        "dmean": 0.00739967077971,
        "dmean2": 0.0093542682007,
        "dvar": 9.31305839913e-05,
        "dvar2": 0.000127270803205,
        "max": 0.50341796875,
        "mean": 0.0313722640276,
        "median": 0.02734375,
        "min": 0.00244140625,
        "var": 0.000452142150607
    },
    "barkbands": {
        "dmean": [0.000226096162805, 0.0100057441741, 0.00368614983745, 0.000851320510264, 0.00197941856459, 0.00206877640449, 0.000657031603623, 0.000516608415637, 0.000586340378504, 0.000287366274279, 0.000368483306374, 0.000200051275897, 0.000147255923366, 0.000137219045428, 0.000350473681465, 0.000289676332613, 0.00038686330663, 0.00024305707484, 0.000108099186036, 0.00010718574049, 8.32004880067e-05, 4.6986311645e-05, 3.31541414198e-05, 4.15318463638e-05, 2.11890892388e-05, 1.29802892843e-05, 2.03734634852e-06],
        "dmean2": [0.000353903480573, 0.0161418858916, 0.00619498593733, 0.00135481730103, 0.00310647138394, 0.00307866558433, 0.00103794177994, 0.000818837725092, 0.000914107542485, 0.000484137737658, 0.000618891790509, 0.000319250393659, 0.000242872105446, 0.000228507371503, 0.000541971006896, 0.000468290119898, 0.000580501800869, 0.000407271814765, 0.000186716380995, 0.000174636908923, 0.000140070304042, 7.57657398935e-05, 5.49916549062e-05, 7.28689701646e-05, 3.50888985849e-05, 2.19772537093e-05, 3.61616889677e-06],
        "dvar": [2.35196637277e-07, 0.000586837355513, 6.54911273159e-05, 4.16154625782e-06, 1.11974459287e-05, 2.16462849494e-05, 2.1086389097e-06, 9.40163261021e-07, 1.27988687382e-06, 5.54516418561e-07, 1.11831786853e-06, 2.24109584224e-07, 9.04266101998e-08, 7.52471862597e-08, 7.78654168698e-07, 4.99604482229e-07, 1.56606563451e-06, 3.93783750496e-07, 8.46736867288e-08, 1.0656471261e-07, 7.58810045909e-08, 1.96661229523e-08, 1.08502282714e-08, 2.05181986956e-08, 4.21133972139e-09, 1.5845768031e-09, 5.01318188351e-11],
        "dvar2": [5.04551678659e-07, 0.00139962800313, 0.000174652261194, 9.93868616206e-06, 2.56107559835e-05, 4.42937525804e-05, 4.74244552606e-06, 2.17199271901e-06, 3.08084077005e-06, 1.55634643306e-06, 3.12458200824e-06, 5.57972271054e-07, 2.24029093943e-07, 1.91483479739e-07, 1.50536550336e-06, 1.10051894353e-06, 2.89110630547e-06, 1.01027967503e-06, 2.30903609122e-07, 2.60173521838e-07, 2.04697784056e-07, 4.94861964739e-08, 2.76603255855e-08, 5.77070373708e-08, 1.08114779351e-08, 4.21455315092e-09, 1.35149835767e-10],
        "max": [0.00806846469641, 0.254114031792, 0.111552909017, 0.110192626715, 0.0709665492177, 0.100549146533, 0.0823103189468, 0.0284123383462, 0.0216791443527, 0.0180275607854, 0.0166960712522, 0.00729997688904, 0.00520999822766, 0.00538836186752, 0.02247761935, 0.017280863598, 0.02344442904, 0.0146265234798, 0.00425377814099, 0.00412125652656, 0.00429931841791, 0.00379076297395, 0.00158861814998, 0.00226884521544, 0.000850645417813, 0.000436090573203, 0.000121517012303],
        "mean": [0.000437306269305, 0.0185190550983, 0.00539013603702, 0.00151771970559, 0.00380613328889, 0.0040871030651, 0.00126427109353, 0.00081931008026, 0.00101290107705, 0.000362010963727, 0.00043987785466, 0.000267390190857, 0.000195919725229, 0.000175675144419, 0.000511112215463, 0.000382171885576, 0.000623804691713, 0.000325837376295, 0.000125218430185, 0.000135680398671, 9.71445188043e-05, 5.99186278123e-05, 4.11844230257e-05, 4.01094512199e-05, 2.42156183958e-05, 1.30787302624e-05, 1.48787489707e-06],
        "median": [6.53183742543e-05, 0.00746832042933, 0.00229081930593, 0.000330502633005, 0.00165201316122, 0.00160317448899, 0.000384074111935, 0.000398027477786, 0.000466873461846, 0.000125628328533, 9.60433826549e-05, 8.91764575499e-05, 6.72967871651e-05, 5.87051617913e-05, 0.000144343837746, 0.000129203966935, 0.000123459147289, 0.00013329097419, 5.02198963659e-05, 3.93762347812e-05, 2.10130074265e-05, 1.11768649731e-05, 7.02479246684e-06, 4.92619528814e-06, 3.40529209097e-06, 1.78277934992e-06, 6.3463630795e-08],
        "min": [3.09990845939e-19, 4.56504746648e-19, 2.93038554767e-19, 2.78155998734e-19, 6.08717973477e-19, 4.59528143486e-19, 2.9327223329e-19, 1.47082949272e-19, 4.78889559419e-20, 2.9201604967e-20, 1.96650118967e-19, 6.93895449489e-19, 1.33475766157e-18, 1.69094763039e-18, 1.38962775693e-18, 3.67499027063e-19, 3.98581424254e-19, 2.72572390012e-18, 2.66769180348e-18, 1.1777933161e-18, 4.83733526501e-18, 4.44962371779e-18, 4.19670993677e-18, 7.32333601976e-18, 7.4386342438e-18, 1.45233857323e-17, 1.64047815658e-17],
        "var": [7.60101954711e-07, 0.000715232919902, 7.13483677828e-05, 9.91435172182e-06, 3.51349735865e-05, 7.32881308068e-05, 9.04357239051e-06, 1.83154793376e-06, 2.32479214901e-06, 4.9388017942e-07, 9.75313241725e-07, 2.63922402155e-07, 1.3231787932e-07, 1.17818778733e-07, 1.77073559371e-06, 7.99949759767e-07, 3.28436431118e-06, 4.45567991392e-07, 7.19525345971e-08, 1.21840670886e-07, 6.83750656094e-08, 2.57349501709e-08, 1.29089707812e-08, 1.50365515594e-08, 4.36651026448e-09, 1.38989886267e-09, 3.57417186125e-11]
    },
    "erbbands": {
        "dmean": [0.224415749311, 2.47198200226, 4.66169977188, 3.21760129929, 3.18527626991, 8.51353645325, 13.8046522141, 18.2581272125, 7.35896253586, 13.0271816254, 11.9902706146, 12.4357089996, 10.9216165543, 11.5687398911, 12.2551794052, 7.06299209595, 6.71230697632, 7.73781585693, 9.78738880157, 21.43592453, 18.8160953522, 16.2038459778, 14.8178472519, 7.56712532043, 4.93695402145, 5.41492795944, 3.97944617271, 2.74127745628, 1.78795611858, 1.34797024727, 0.925755977631, 0.805418372154, 0.68811827898, 0.279739409685, 0.130766242743, 0.0638333186507, 0.0218310691416, 0.00488360365853, 0.0003286372812, 2.06924541999e-05],
        "dmean2": [0.352267891169, 4.01950454712, 7.69339752197, 5.14454030991, 5.16433429718, 13.3541316986, 21.0195007324, 27.5217208862, 11.9171409607, 20.5330104828, 18.6774177551, 19.8410072327, 17.3079967499, 19.3419418335, 20.5697517395, 11.3898305893, 10.9993181229, 12.914355278, 16.0184440613, 32.5150108337, 29.1528549194, 25.0827617645, 23.8251781464, 12.7811326981, 8.54334163666, 8.83348846436, 6.63568305969, 4.58235931396, 2.90513062477, 2.1932053566, 1.54386842251, 1.39495682716, 1.19966363907, 0.45971930027, 0.220534846187, 0.109119467437, 0.0369901619852, 0.00839128997177, 0.000583329063375, 3.11555922963e-05],
        "dvar": [0.205320730805, 39.1568222046, 112.806213379, 41.616355896, 40.7840461731, 266.425598145, 644.478149414, 2171.00537109, 183.071517944, 1105.24975586, 495.605834961, 585.801391602, 589.600463867, 760.359191895, 1317.29211426, 236.799407959, 199.417037964, 254.415298462, 452.121063232, 3090.9597168, 2978.64892578, 2132.96655273, 1709.04370117, 281.274841309, 203.559249878, 275.65637207, 177.379272461, 100.270599365, 28.126953125, 17.9164867401, 8.7058057785, 6.67977380753, 5.87856388092, 0.724675834179, 0.14530672133, 0.0372270569205, 0.00457006786019, 0.000254497805145, 1.26477755202e-06, 1.31938360237e-09],
        "dvar2": [0.474575012922, 93.5155944824, 286.164978027, 105.154151917, 99.6949539185, 593.086120605, 1318.66931152, 4727.67382812, 458.574493408, 2329.53735352, 1145.94775391, 1519.89990234, 1476.36865234, 2119.09228516, 3693.97094727, 597.186828613, 487.381134033, 649.459472656, 1068.9909668, 5718.59130859, 5937.30615234, 4095.63061523, 3953.5637207, 737.562194824, 563.024658203, 671.265869141, 477.569366455, 273.785949707, 71.2023086548, 45.8869361877, 22.8023719788, 18.3811168671, 16.4789485931, 1.82834148407, 0.381941318512, 0.0996707230806, 0.0120126018301, 0.000678060168866, 3.42683119925e-06, 2.85580536996e-09],
        "max": [4.65793228149, 67.7097396851, 149.017883301, 268.658538818, 139.504150391, 317.741577148, 588.874511719, 956.984313965, 294.743499756, 2315.62109375, 444.492462158, 378.26184082, 766.605041504, 545.400268555, 591.146362305, 199.499008179, 253.564163208, 354.012207031, 517.688415527, 1082.15661621, 1185.24157715, 925.909118652, 994.548400879, 288.789703369, 205.259658813, 216.215454102, 222.372116089, 186.405349731, 139.803222656, 113.914123535, 40.9966468811, 33.8125801086, 41.9185295105, 12.099105835, 4.75384569168, 2.20262312889, 0.799721777439, 0.232881113887, 0.0182526223361, 0.000427735125413],
        "mean": [0.486465603113, 4.27330255508, 6.79916524887, 5.99654912949, 5.51756477356, 15.8435554504, 27.1046104431, 34.6034317017, 14.1215429306, 25.5814228058, 20.059305191, 20.9154968262, 17.7218132019, 15.2537412643, 15.029548645, 9.88367652893, 9.3022518158, 10.2067108154, 12.6834259033, 33.137008667, 27.783367157, 26.3476924896, 21.3363399506, 10.0862693787, 6.02773094177, 6.86519956589, 4.60590744019, 3.33515882492, 2.26172971725, 1.66542208195, 1.10534608364, 0.846492409706, 0.65177410841, 0.314579516649, 0.145972311497, 0.065777733922, 0.0220315940678, 0.00428223749623, 0.000258607848082, 5.04576091771e-05],
        "median": [0.186924174428, 1.67181324959, 3.93683409691, 2.70189905167, 1.47761547565, 5.57207345963, 11.8876972198, 12.0465831757, 6.66712665558, 8.32036018372, 10.2918815613, 9.93998146057, 8.24396514893, 6.30330276489, 4.72754144669, 3.70574879646, 3.5226855278, 3.60293054581, 4.93618869781, 9.36637878418, 8.69536399841, 7.50207424164, 7.72145271301, 4.84630584717, 2.6836400032, 1.96362495422, 0.976004183292, 0.693864345551, 0.417554438114, 0.301441669464, 0.18539467454, 0.121332548559, 0.0703308954835, 0.0407041311264, 0.0206013433635, 0.0092908423394, 0.00303467223421, 0.000430632615462, 3.36444136337e-05, 4.49684011983e-05],
        "min": [1.68297588404e-17, 9.19400332069e-17, 3.02364768846e-16, 7.05328623283e-16, 1.33487278526e-15, 2.17184668687e-15, 3.08606671102e-15, 3.88727941099e-15, 4.28468778808e-15, 3.95612921356e-15, 2.7895954386e-15, 1.19179737964e-15, 4.61841061661e-16, 3.16672563518e-15, 1.28041337366e-14, 3.20297546895e-14, 5.88877023858e-14, 8.25254036114e-14, 8.4245666541e-14, 5.27847622382e-14, 1.29212233361e-14, 2.91721162472e-14, 1.24899263566e-13, 1.78202626809e-13, 7.89450495535e-14, 5.44453330619e-14, 2.168680681e-13, 1.24098390526e-13, 1.19192226618e-13, 1.952601763e-13, 1.054185561e-13, 1.46543083115e-13, 1.24599413903e-13, 7.23998768923e-14, 6.77153510131e-14, 4.99233866866e-14, 2.78621797942e-14, 1.12157157205e-14, 2.60043582906e-15, 1.92211919234e-16],
        "var": [0.435862183571, 43.4199333191, 110.699661255, 88.3960876465, 84.8790130615, 843.229125977, 2226.23803711, 6905.27929688, 461.902160645, 5387.53955078, 865.93157959, 943.697570801, 841.218444824, 715.874633789, 1064.77392578, 294.200073242, 294.334320068, 414.769561768, 633.823791504, 7391.98583984, 5639.44824219, 4186.46044922, 2407.01660156, 299.000793457, 171.404418945, 316.110992432, 163.115447998, 86.9790267944, 36.6621589661, 20.721162796, 9.66702270508, 5.68746805191, 4.24626398087, 0.773242175579, 0.145214900374, 0.0332033038139, 0.00401375209913, 0.000197060537175, 8.96494839253e-07, 2.01377470255e-09]
    },
    "gfcc": {
        "mean": [-50.8712463379, 137.76625061, -103.417007446, 29.5746517181, -41.9739608765, 0.0618342384696, -31.5857849121, 11.3039665222, -10.909444809, 0.642194330692, -11.0605592728, 3.33663582802, -1.64819431305],
        "cov": [[14200.2324219, -3633.72363281, -1755.08093262, 1115.81726074, -436.552612305, 745.751098633, -729.224304199, 617.924926758, -781.010070801, 199.252288818, -711.978759766, 226.519210815, -421.709411621], [-3633.72363281, 2520.39111328, 410.482574463, -691.717102051, 513.123352051, -252.404678345, 534.568115234, -206.67276001, 490.458404541, -162.437438965, 311.943634033, -145.249008179, 263.13482666], [-1755.08093262, 410.482574463, 1264.42724609, 161.064224243, 199.03956604, 151.45223999, 253.049667358, 12.6034917831, 73.8739776611, 24.660900116, 86.2499542236, -1.02929997444, 36.5661659241], [1115.81726074, -691.717102051, 161.064224243, 649.981018066, 29.1249523163, 100.090797424, -70.8011398315, 107.403320312, -132.058135986, 28.4983501434, -88.7178421021, 47.2683296204, -56.0963096619], [-436.552612305, 513.123352051, 199.03956604, 29.1249523163, 468.165618896, 23.1361579895, 128.947875977, 13.4706430435, 91.9966201782, -62.8098182678, 21.2788848877, -6.65787506104, 53.6391296387], [745.751098633, -252.404678345, 151.45223999, 100.090797424, 23.1361579895, 288.81942749, 53.9823951721, 91.0041351318, -31.7135238647, 29.1133079529, -62.926815033, 15.7520809174, -41.5335922241], [-729.224304199, 534.568115234, 253.049667358, -70.8011398315, 128.947875977, 53.9823951721, 321.37322998, 23.0361099243, 155.52923584, -2.60112023354, 88.7844314575, -39.0690727234, 50.7947692871], [617.924926758, -206.67276001, 12.6034917831, 107.403320312, 13.4706430435, 91.0041351318, 23.0361099243, 160.119674683, 13.0087060928, 8.30658245087, -40.9922523499, 22.9338035583, -28.2652378082], [-781.010070801, 490.458404541, 73.8739776611, -132.058135986, 91.9966201782, -31.7135238647, 155.52923584, 13.0087060928, 224.285247803, 14.2805948257, 96.3341293335, -16.0573692322, 65.9363937378], [199.252288818, -162.437438965, 24.660900116, 28.4983501434, -62.8098182678, 29.1133079529, -2.60112023354, 8.30658245087, 14.2805948257, 114.892166138, 41.7968177795, 12.0040063858, -19.2171020508], [-711.978759766, 311.943634033, 86.2499542236, -88.7178421021, 21.2788848877, -62.926815033, 88.7844314575, -40.9922523499, 96.3341293335, 41.7968177795, 153.005996704, 9.92171955109, 40.9860191345], [226.519210815, -145.249008179, -1.02929997444, 47.2683296204, -6.65787506104, 15.7520809174, -39.0690727234, 22.9338035583, -16.0573692322, 12.0040063858, 9.92171955109, 88.9074172974, 26.1217632294], [-421.709411621, 263.13482666, 36.5661659241, -56.0963096619, 53.6391296387, -41.5335922241, 50.7947692871, -28.2652378082, 65.9363937378, -19.2171020508, 40.9860191345, 26.1217632294, 115.339523315]],
        "icov": [[0.000202770810574, -7.7754855738e-05, 0.000333067961037, -0.000187873127288, -1.94209314941e-05, -0.000340621074429, -2.92352456199e-06, -0.000441890442744, 0.000464560056571, -0.000546796130948, 0.000409615284298, -0.000274230813375, 6.10447314102e-05], [-7.7754855738e-05, 0.00327667826787, -0.000607767608017, 0.00179029104766, -0.0017653593095, 0.000966124294791, -0.00163635495119, 0.00175430311356, -0.00256998161785, 0.00370072759688, -0.00264257006347, 0.00304859434254, -0.00204245955683], [0.000333067961037, -0.000607767608017, 0.00173326022923, -0.000943913764786, -5.8164910115e-06, -0.00124906597193, -0.000463046162622, -0.000548842421267, 0.00130660668947, -0.00140763120726, 0.000414950685808, -0.000864643719979, 0.0002849867451], [-0.000187873127288, 0.00179029104766, -0.000943913764786, 0.00344298686832, -0.00138473557308, 0.00114978197962, -0.000872072589118, -0.000236249514273, -0.00018487519992, 0.00120846205391, -0.000894915836398, 0.0011433782056, -0.00104722846299], [-1.94209314941e-05, -0.0017653593095, -5.8164910115e-06, -0.00138473557308, 0.0038883422967, -0.000768469239119, 0.00049666990526, -0.000559939595405, 8.61491134856e-05, 8.95434277481e-05, 0.00124392309226, -0.00166238599923, 0.000744007062167], [-0.000340621074429, 0.000966124294791, -0.00124906597193, 0.00114978197962, -0.000768469239119, 0.00700300047174, -0.00278350198641, -0.000639452133328, -0.000254943995969, -0.000926460779738, 0.00251697632484, -0.000963919854257, 0.000769255158957], [-2.92352456199e-06, -0.00163635495119, -0.000463046162622, -0.000872072589118, 0.00049666990526, -0.00278350198641, 0.00834940373898, -0.0022659606766, -0.00145155761857, 2.04379157367e-05, -0.00262322928756, 0.0028700386174, -0.000905104912817], [-0.000441890442744, 0.00175430311356, -0.000548842421267, -0.000236249514273, -0.000559939595405, -0.000639452133328, -0.0022659606766, 0.0127564473078, -0.00623850431293, 0.00324877351522, 0.00156306475401, -0.00265096640214, 0.00274795852602], [0.000464560056571, -0.00256998161785, 0.00130660668947, -0.00018487519992, 8.61491134856e-05, -0.000254943995969, -0.00145155761857, -0.00623850431293, 0.0139682432637, -0.00601828098297, -0.000826653442346, -3.98951306124e-05, -0.00264908745885], [-0.000546796130948, 0.00370072759688, -0.00140763120726, 0.00120846205391, 8.95434277481e-05, -0.000926460779738, 2.04379157367e-05, 0.00324877351522, -0.00601828098297, 0.0189437940717, -0.00982264056802, 0.00348486565053, 0.000301875290461], [0.000409615284298, -0.00264257006347, 0.000414950685808, -0.000894915836398, 0.00124392309226, 0.00251697632484, -0.00262322928756, 0.00156306475401, -0.000826653442346, -0.00982264056802, 0.0188622605056, -0.00856893789023, 0.00289969728328], [-0.000274230813375, 0.00304859434254, -0.000864643719979, 0.0011433782056, -0.00166238599923, -0.000963919854257, 0.0028700386174, -0.00265096640214, -3.98951306124e-05, 0.00348486565053, -0.00856893789023, 0.0216807257384, -0.00987686496228], [6.10447314102e-05, -0.00204245955683, 0.0002849867451, -0.00104722846299, 0.000744007062167, 0.000769255158957, -0.000905104912817, 0.00274795852602, -0.00264908745885, 0.000301875290461, 0.00289969728328, -0.00987686496228, 0.0167274288833]]
    },
    "melbands": {
        "dmean": [0.00246944674291, 0.00268524885178, 0.000545170449186, 0.000391333247535, 0.000463859236334, 0.000392299669329, 0.000120822849567, 0.000131672481075, 9.69781758613e-05, 8.16874962766e-05, 5.48066273041e-05, 4.58944668935e-05, 4.90554739372e-05, 2.49605036515e-05, 1.45782541949e-05, 1.61379848578e-05, 1.38727345984e-05, 1.3459798538e-05, 2.73260957329e-05, 2.30587029364e-05, 2.4902914447e-05, 1.73398566403e-05, 1.76752691914e-05, 1.31570250232e-05, 5.57584689886e-06, 4.17565024691e-06, 3.10693121719e-06, 3.92927722714e-06, 2.65490575657e-06, 2.01283592105e-06, 1.57656131705e-06, 1.04451987681e-06, 8.49359423682e-07, 7.22143397525e-07, 5.69881478896e-07, 4.22219358143e-07, 5.64054801089e-07, 5.48145692392e-07, 3.34226399445e-07, 2.12609734263e-07],
        "dmean2": [0.00394386984408, 0.00437801564112, 0.000870591378771, 0.000625825778116, 0.00070474750828, 0.000588151800912, 0.000194467764231, 0.00020834741008, 0.000151881511556, 0.000128883737489, 8.69017239893e-05, 7.6950971561e-05, 8.22737638373e-05, 3.98790289182e-05, 2.4154300263e-05, 2.65595281235e-05, 2.33137980103e-05, 2.22181915888e-05, 4.22939629061e-05, 3.53395480488e-05, 3.86523679481e-05, 2.69347619906e-05, 2.72182096523e-05, 2.21148493438e-05, 9.48087199504e-06, 7.29888461137e-06, 5.27139354745e-06, 6.39223344479e-06, 4.42284772362e-06, 3.41303939422e-06, 2.65545986622e-06, 1.71601641341e-06, 1.36223627578e-06, 1.20607285226e-06, 9.68415974967e-07, 6.73999238643e-07, 1.01154773802e-06, 9.74947511168e-07, 5.60509022307e-07, 3.46116081573e-07],
        "dvar": [3.13468772219e-05, 4.00517710659e-05, 1.08100186935e-06, 5.27289387264e-07, 6.19228842424e-07, 9.30467422222e-07, 4.93435976523e-08, 1.01149780107e-07, 3.12264596403e-08, 2.60483936643e-08, 1.52522439123e-08, 1.2018509743e-08, 2.11857571486e-08, 3.94493238076e-09, 1.26017996038e-09, 1.03312636224e-09, 9.01909158468e-10, 7.93605403615e-10, 5.55223289567e-09, 2.89102985995e-09, 6.17622353261e-09, 2.3749922029e-09, 4.3944505812e-09, 1.04537767331e-09, 1.52748896864e-10, 1.51464119025e-10, 8.28716539836e-11, 1.62988345043e-10, 7.57772664062e-11, 4.34687875972e-11, 4.36072393473e-11, 9.69579104504e-12, 6.33901741862e-12, 5.41823183542e-12, 3.30931961522e-12, 1.87089558255e-12, 3.84035251516e-12, 4.54951050791e-12, 1.09205873511e-12, 4.18797781827e-13],
        "dvar2": [7.47073063394e-05, 9.47327062022e-05, 2.73131172435e-06, 1.25560961806e-06, 1.29233103507e-06, 1.98562565856e-06, 1.21844152545e-07, 2.15603051856e-07, 7.46923518591e-08, 6.50601705843e-08, 3.82386140529e-08, 3.35795711237e-08, 5.91925406468e-08, 9.89359083547e-09, 3.13094616899e-09, 2.47668596742e-09, 2.33564345642e-09, 1.98858551848e-09, 1.15003757628e-08, 5.55055956752e-09, 1.20319096908e-08, 4.57334436987e-09, 8.68728378123e-09, 2.79575651518e-09, 3.98720612083e-10, 4.21926715788e-10, 2.22564328078e-10, 3.75616565629e-10, 2.01861777294e-10, 1.15972197123e-10, 1.21060966807e-10, 2.50911114802e-11, 1.53072068909e-11, 1.40978253377e-11, 8.88231849183e-12, 4.72277165292e-12, 1.09420094513e-11, 1.30023613404e-11, 2.80180761404e-12, 1.05378444686e-12],
        "max": [0.0598257295787, 0.0739770531654, 0.0424595549703, 0.0110317505896, 0.0207928549498, 0.0203077793121, 0.00655104359612, 0.021661337465, 0.00350687000901, 0.0025902823545, 0.00373361469246, 0.0021332167089, 0.0023845883552, 0.00104053760879, 0.00056406861404, 0.000649885972962, 0.000599502178375, 0.00032342603663, 0.00236098165624, 0.000952470407356, 0.0014270816464, 0.00115183333401, 0.0015778017696, 0.000598335987888, 0.000193216183106, 0.000232342208619, 0.000126817307319, 0.000202488823561, 0.000132356581162, 9.66753868852e-05, 0.00012998287275, 7.36353977118e-05, 8.24024755275e-05, 5.45490875083e-05, 2.89950530714e-05, 2.4421573471e-05, 2.9136399462e-05, 3.94146991312e-05, 1.58370385179e-05, 1.01332998383e-05],
        "mean": [0.00491307256743, 0.0044678170234, 0.00104769063182, 0.00068452488631, 0.000952743634116, 0.000756033579819, 0.000233889484662, 0.000255297287367, 0.000155268688104, 0.000138377334224, 8.71671290952e-05, 5.92236683588e-05, 5.96131139901e-05, 3.2095995266e-05, 1.90536047739e-05, 2.23690949497e-05, 1.73648477357e-05, 1.57316735567e-05, 3.99831951654e-05, 3.49620931956e-05, 3.50252375938e-05, 2.78834650089e-05, 2.52010995609e-05, 1.7351923816e-05, 6.95535845807e-06, 4.66586834591e-06, 3.89791921407e-06, 4.7975850066e-06, 3.0122203043e-06, 2.25728445002e-06, 1.84959412763e-06, 1.2783719967e-06, 1.07834580376e-06, 8.5672172645e-07, 6.52362018627e-07, 5.19548962075e-07, 5.2421142982e-07, 4.86023566282e-07, 3.57266145556e-07, 2.37739612885e-07],
        "median": [0.00200702087022, 0.00304176285863, 0.000448571052402, 0.000225143303396, 0.000420495664002, 0.000275399361271, 0.000104907798232, 8.95300763659e-05, 7.70884289523e-05, 6.18065605522e-05, 3.90765781049e-05, 2.37404055952e-05, 1.53246601258e-05, 1.05034423541e-05, 6.1009750425e-06, 7.88516081229e-06, 5.5381360653e-06, 5.31350769961e-06, 1.13641181088e-05, 1.01356345112e-05, 8.30668250273e-06, 7.30204465071e-06, 4.96030224895e-06, 7.07062645233e-06, 2.88190653919e-06, 1.7332436073e-06, 1.60719764608e-06, 1.11973758976e-06, 5.64358515476e-07, 4.43515887127e-07, 3.45079342878e-07, 2.20079584778e-07, 1.94628483996e-07, 1.45120665707e-07, 1.03902564774e-07, 8.21646608529e-08, 6.44008082418e-08, 4.67717029551e-08, 4.28455280144e-08, 3.03535614421e-08],
        "min": [1.52952726296e-19, 1.48061995075e-19, 1.39578727981e-19, 1.26093706518e-19, 1.08372421719e-19, 8.77499107814e-20, 6.45676118903e-20, 4.10762479493e-20, 2.05844557825e-20, 6.20548714495e-21, 1.90536550652e-21, 1.05740614122e-20, 3.34322299034e-20, 6.80794782667e-20, 1.07365904472e-19, 1.406573715e-19, 1.55034830371e-19, 1.40422891645e-19, 9.76754512842e-20, 4.35441122262e-20, 7.58333416974e-21, 1.77873510035e-20, 7.56780239971e-20, 1.40164087511e-19, 1.50023718521e-19, 8.57444566227e-20, 1.63478305554e-20, 3.8245448485e-20, 1.28896659722e-19, 1.38879773288e-19, 4.34939870198e-20, 3.8767464075e-20, 1.36363554488e-19, 9.04102011795e-20, 3.18004416617e-20, 1.24937825009e-19, 6.5393312625e-20, 6.74131325845e-20, 1.0097356902e-19, 5.10892175654e-20],
        "var": [4.55245026387e-05, 4.12918452639e-05, 2.27739565162e-06, 1.280391416e-06, 2.33109722103e-06, 3.03549677483e-06, 1.40555300732e-07, 4.6636628781e-07, 5.08746360595e-08, 4.56669226878e-08, 2.15027498029e-08, 1.12834328547e-08, 1.80860784127e-08, 4.39292335841e-09, 1.53956236648e-09, 1.88826865255e-09, 1.32411270837e-09, 8.68373206675e-10, 1.16515641579e-08, 6.56616361283e-09, 1.19306369228e-08, 5.0284851838e-09, 7.31914839847e-09, 1.10791231744e-09, 1.59406751687e-10, 1.27923061033e-10, 7.59803678307e-11, 2.01312091996e-10, 7.44103806349e-11, 3.93499052787e-11, 3.45432224491e-11, 1.24219107223e-11, 8.39764802835e-12, 5.77794756484e-12, 3.44986214075e-12, 2.21993799211e-12, 2.68314472203e-12, 2.942861883e-12, 1.09470126106e-12, 4.49774847358e-13]
    },
    "mfcc": {
        "mean": [-694.61529541, 163.936523438, 4.48040103912, 32.9150314331, 11.2284355164, -1.14798080921, -4.62963724136, 6.44162225723, 6.20837783813, 1.74155318737, -0.869994819164, 2.12243652344, 1.38599121571],
        "cov": [[10935.7578125, -2652.95996094, -1294.91601562, 443.740661621, 53.2422294617, 114.628829956, 14.0470600128, 126.946655273, -7.35376119614, -136.30317688, -256.065551758, -157.721450806, -149.349975586], [-2652.95996094, 2364.45898438, 158.347381592, -261.62020874, 31.1716690063, -15.899892807, 22.2801799774, 51.5674667358, 139.137512207, 95.0060806274, 136.111816406, 112.075561523, 59.3233337402], [-1294.91601562, 158.347381592, 933.669921875, 64.376701355, 41.8381767273, 148.114395142, 163.882339478, 64.9540634155, 62.6081237793, 73.7136535645, 52.0538787842, 39.4052391052, 45.6029129028], [443.740661621, -261.62020874, 64.376701355, 450.526306152, 146.492736816, 45.7890205383, 68.1589431763, 44.1427688599, 2.27955579758, 12.3872175217, -1.33085644245, -26.6551055908, -12.9206886292], [53.2422294617, 31.1716690063, 41.8381767273, 146.492736816, 291.894073486, 70.0561447144, 56.4263648987, 77.4521789551, 50.8518981934, -10.9200305939, -26.0522041321, -4.18872690201, 2.886272192], [114.628829956, -15.899892807, 148.114395142, 45.7890205383, 70.0561447144, 196.468612671, 106.561027527, 48.2053375244, 44.3354148865, 37.209903717, 20.6666755676, 0.387094318867, 6.19790649414], [14.0470600128, 22.2801799774, 163.882339478, 68.1589431763, 56.4263648987, 106.561027527, 167.251846313, 72.1193466187, 42.0207061768, 38.1305618286, 20.4861221313, 10.836640358, 0.566416740417], [126.946655273, 51.5674667358, 64.9540634155, 44.1427688599, 77.4521789551, 48.2053375244, 72.1193466187, 168.585861206, 109.596824646, 16.1833629608, 9.24310398102, 34.2702484131, 16.4894790649], [-7.35376119614, 139.137512207, 62.6081237793, 2.27955579758, 50.8518981934, 44.3354148865, 42.0207061768, 109.596824646, 154.493484497, 49.004524231, 1.09507751465, 25.1466312408, 27.5350608826], [-136.30317688, 95.0060806274, 73.7136535645, 12.3872175217, -10.9200305939, 37.209903717, 38.1305618286, 16.1833629608, 49.004524231, 102.368728638, 56.3020477295, 13.1183872223, 12.5123691559], [-256.065551758, 136.111816406, 52.0538787842, -1.33085644245, -26.0522041321, 20.6666755676, 20.4861221313, 9.24310398102, 1.09507751465, 56.3020477295, 112.698852539, 56.4511108398, 5.19589996338], [-157.721450806, 112.075561523, 39.4052391052, -26.6551055908, -4.18872690201, 0.387094318867, 10.836640358, 34.2702484131, 25.1466312408, 13.1183872223, 56.4511108398, 97.290763855, 40.3192863464], [-149.349975586, 59.3233337402, 45.6029129028, -12.9206886292, 2.886272192, 6.19790649414, 0.566416740417, 16.4894790649, 27.5350608826, 12.5123691559, 5.19589996338, 40.3192863464, 85.0352630615]],
