{
"lowlevel": {
    "average_loudness": 0.949006855488,
    "barkbands_crest": {
        "dmean": 2.98567128181,
        "dmean2": 4.43864631653,
        "dvar": 7.16433143616,
        "dvar2": 17.7437839508,
        "max": 25.7973537445,
        "mean": 11.2401075363,
        "median": 10.4900951385,
        "min": 1.92195665836,
        "var": 20.1060810089
    },
    "barkbands_flatness_db": {
        "dmean": 0.0353412516415,
        "dmean2": 0.0497498810291,
        "dvar": 0.00152883096598,
        "dvar2": 0.00285006128252,
        "max": 0.42101341486,
        "mean": 0.177476301789,
        "median": 0.171498999,
        "min": 0.0145011525601,
        "var": 0.00597810605541
    },
    "barkbands_kurtosis": {
        "dmean": 4.9907450676,
        "dmean2": 7.1854095459,
        "dvar": 66.3700027466,
        "dvar2": 133.348892212,
        "max": 160.208358765,
        "mean": 8.25873851776,
        "median": 4.86710739136,
        "min": -1.8194527626,
        "var": 151.604354858
    },
    "barkbands_skewness": {
        "dmean": 0.704758346081,
        "dmean2": 1.01555228233,
        "dvar": 0.636098444462,
        "dvar2": 1.39664363861,
        "max": 11.0562353134,
        "mean": 2.08803796768,
        "median": 1.88754999638,
        "min": -2.02406358719,
        "var": 1.84741473198
    },
    "barkbands_spread": {
        "dmean": 6.0607085228,
        "dmean2": 9.41762256622,
        "dvar": 74.0629730225,
        "dvar2": 169.633712769,
        "max": 104.678489685,
        "mean": 14.3827486038,
        "median": 10.099978447,
        "min": 0.648920178413,
        "var": 193.179519653
    },
    "dissonance": {
        "dmean": 0.02658948116,
        "dmean2": 0.0425337962806,
        "dvar": 0.000631098868325,
        "dvar2": 0.00147227616981,
        "max": 0.499999970198,
        "mean": 0.436189293861,
        "median": 0.446247220039,
        "min": 0.185623928905,
        "var": 0.00192140263971
    },
    "dynamic_complexity": 3.80854153633,
    "erbbands_crest": {
        "dmean": 2.92101478577,
        "dmean2": 4.37276029587,
        "dvar": 7.02713012695,
        "dvar2": 14.9483985901,
        "max": 30.4983711243,
        "mean": 10.3214530945,
        "median": 9.3343296051,
        "min": 2.25644493103,
        "var": 22.9938030243
    },
    "erbbands_flatness_db": {
        "dmean": 0.0225627403706,
        "dmean2": 0.0311880987138,
        "dvar": 0.000664450170007,
        "dvar2": 0.00111511803698,
        "max": 0.401891082525,
        "mean": 0.181691542268,
        "median": 0.16764138639,
        "min": 0.0399526618421,
        "var": 0.00446475017816
    },
    "erbbands_kurtosis": {
        "dmean": 1.25540554523,
        "dmean2": 1.84475302696,
        "dvar": 2.32180690765,
        "dvar2": 4.7082118988,
        "max": 30.5106925964,
        "mean": 1.3053791523,
        "median": 0.385307192802,
        "min": -1.78869247437,
        "var": 7.65079641342
    },
    "erbbands_skewness": {
        "dmean": 0.409878581762,
        "dmean2": 0.607879459858,
        "dvar": 0.145399451256,
        "dvar2": 0.344791799784,
        "max": 4.20667743683,
        "mean": 0.794504880905,
        "median": 0.763528823853,
        "min": -2.18318510056,
        "var": 0.532312691212
    },
    "erbbands_spread": {
        "dmean": 7.89096021652,
        "dmean2": 11.3730201721,
        "dvar": 72.5021209717,
        "dvar2": 155.325454712,
        "max": 119.158905029,
        "mean": 32.8103637695,
        "median": 29.5946426392,
        "min": 2.79220247269,
        "var": 326.049377441
    },
    "hfc": {
        "dmean": 9.25260734558,
        "dmean2": 15.1463184357,
        "dvar": 322.232849121,
        "dvar2": 872.883728027,
        "max": 156.542327881,
        "mean": 15.7296085358,
        "median": 10.5572280884,
        "min": 2.19898439735e-11,
        "var": 330.661499023
    },
    "melbands_crest": {
        "dmean": 3.49451088905,
        "dmean2": 5.28957509995,
        "dvar": 10.6195259094,
        "dvar2": 25.4313640594,
        "max": 32.7511062622,
        "mean": 14.60709095,
        "median": 13.8219738007,
        "min": 3.00240182877,
        "var": 29.0433273315
    },
    "melbands_flatness_db": {
        "dmean": 0.0443082712591,
        "dmean2": 0.0623354539275,
        "dvar": 0.00264795543626,
        "dvar2": 0.00517897401005,
        "max": 0.526975929737,
        "mean": 0.250833690166,
        "median": 0.245915010571,
        "min": 0.0151424957439,
        "var": 0.0086860852316
    },
    "melbands_kurtosis": {
        "dmean": 9.073138237,
        "dmean2": 13.1233091354,
        "dvar": 263.405944824,
        "dvar2": 531.893249512,
        "max": 272.62298584,
        "mean": 16.3679714203,
        "median": 8.88814067841,
        "min": -1.59077620506,
        "var": 584.772827148
    },
    "melbands_skewness": {
        "dmean": 0.829334020615,
        "dmean2": 1.18239283562,
        "dvar": 0.930555343628,
        "dvar2": 1.94750618935,
        "max": 14.6288022995,
        "mean": 2.72177100182,
        "median": 2.34791874886,
        "min": -0.810521781445,
        "var": 3.0502808094
    },
    "melbands_spread": {
        "dmean": 7.12515926361,
        "dmean2": 11.6214036942,
        "dvar": 128.507003784,
        "dvar2": 321.873352051,
        "max": 140.148651123,
        "mean": 14.9256734848,
        "median": 10.7590446472,
        "min": 0.563626825809,
        "var": 198.279769897
    },
    "pitch_salience": {
        "dmean": 0.0857756957412,
        "dmean2": 0.124387793243,
        "dvar": 0.00676093809307,
        "dvar2": 0.0145990457386,
        "max": 0.928060472012,
        "mean": 0.546248197556,
        "median": 0.546144247055,
        "min": 0.0797656849027,
        "var": 0.0179116390646
    },
    "silence_rate_20dB": {
        "dmean": 0,
        "dmean2": 0,
        "dvar": 0,
        "dvar2": 0,
        "max": 1,
        "mean": 1,
        "median": 1,
        "min": 1,
        "var": 0
    },
    "silence_rate_30dB": {
        "dmean": 0.061567928642,
        "dmean2": 0.123152710497,
        "dvar": 0.0577732175589,
        "dvar2": 0.149023532867,
        "max": 1,
        "mean": 0.958823502064,
        "median": 1,
        "min": 0,
        "var": 0.0394812077284
    },
    "silence_rate_60dB": {
        "dmean": 0.0306471474469,
        "dmean2": 0.0611658468843,
        "dvar": 0.0297111310065,
        "dvar2": 0.0615352503955,
        "max": 1,
        "mean": 0.0906976759434,
        "median": 0,
        "min": 0,
        "var": 0.0824781432748
    },
    "spectral_centroid": {
        "dmean": 305.417358398,
        "dmean2": 491.609191895,
        "dvar": 189498.671875,
        "dvar2": 464234.3125,
        "max": 3768.19921875,
        "mean": 882.530273438,
        "median": 684.825073242,
        "min": 157.906982422,
        "var": 345177.875
    },
    "spectral_complexity": {
        "dmean": 4.79217386246,
        "dmean2": 7.76163101196,
        "dvar": 51.8607521057,
        "dvar2": 123.470245361,
        "max": 58,
        "mean": 14.6905612946,
        "median": 14,
        "min": 0,
        "var": 79.3706588745
    },
    "spectral_decrease": {
        "dmean": 3.48453488286e-09,
        "dmean2": 4.2934269473e-09,
        "dvar": 2.4518003933e-17,
        "dvar2": 4.28524092707e-17,
        "max": -3.05317443095e-23,
        "mean": -7.86895704152e-09,
        "median": -5.19516740738e-09,
        "min": -4.90646492324e-08,
        "var": 6.33345460554e-17
    },
    "spectral_energy": {
        "dmean": 0.0135377598926,
        "dmean2": 0.0169012434781,
        "dvar": 0.000358355318895,
        "dvar2": 0.000633934454527,
        "max": 0.189989924431,
        "mean": 0.0311260204762,
        "median": 0.0209437385201,
        "min": 2.10978034766e-15,
        "var": 0.00094567675842
    },
    "spectral_energyband_high": {
        "dmean": 0.000610658316873,
        "dmean2": 0.00104017287958,
        "dvar": 2.2620472464e-06,
        "dvar2": 6.00977045906e-06,
        "max": 0.0140316523612,
        "mean": 0.000567865616176,
        "median": 0.000125270176795,
        "min": 1.54456277937e-15,
        "var": 1.79761207164e-06
    },
    "spectral_energyband_low": {
        "dmean": 0.00781814567745,
        "dmean2": 0.0103950379416,
        "dvar": 0.000308055052301,
        "dvar2": 0.000575737911277,
        "max": 0.134818941355,
        "mean": 0.011196273379,
        "median": 0.00178490416147,
        "min": 6.03796252968e-17,
        "var": 0.000522414746229
    },
    "spectral_energyband_middle_high": {
        "dmean": 0.00194115424529,
        "dmean2": 0.00323538295925,
        "dvar": 1.33306557473e-05,
        "dvar2": 3.54126095772e-05,
        "max": 0.0371849387884,
        "mean": 0.00281283841468,
        "median": 0.00172974588349,
        "min": 4.23917729016e-16,
        "var": 1.32029281303e-05
    },
    "spectral_energyband_middle_low": {
        "dmean": 0.00874442700297,
        "dmean2": 0.0126180360094,
        "dvar": 0.000206003329367,
        "dvar2": 0.000463049684186,
        "max": 0.181009829044,
        "mean": 0.0177030526102,
        "median": 0.0122376475483,
        "min": 5.85920482884e-17,
        "var": 0.000315507902997
    },
    "spectral_entropy": {
        "dmean": 0.302756816149,
        "dmean2": 0.449285745621,
        "dvar": 0.135796040297,
        "dvar2": 0.276094347239,
        "max": 8.71662998199,
        "mean": 7.17265462875,
        "median": 7.18321990967,
        "min": 5.27942562103,
        "var": 0.401797145605
    },
    "spectral_flux": {
        "dmean": 0.0357940010726,
        "dmean2": 0.045233130455,
        "dvar": 0.0016975250328,
        "dvar2": 0.00253981840797,
        "max": 0.41159299016,
        "mean": 0.0896892920136,
        "median": 0.0597603991628,
        "min": 1.98435554921e-06,
        "var": 0.00586690660566
    },
    "spectral_kurtosis": {
        "dmean": 4.73686218262,
        "dmean2": 7.68371343613,
        "dvar": 64.2842330933,
        "dvar2": 166.710830688,
        "max": 105.275672913,
        "mean": 10.0247154236,
        "median": 5.18848514557,
        "min": -0.224239587784,
        "var": 158.843093872
    },
    "spectral_rms": {
        "dmean": 0.00106871116441,
        "dmean2": 0.00128132279497,
        "dvar": 1.43257864238e-06,
        "dvar2": 2.33767400459e-06,
        "max": 0.0136145520955,
        "mean": 0.00488254567608,
        "median": 0.00452027842402,
        "min": 1.43468548153e-09,
        "var": 6.52749713481e-06
    },
    "spectral_rolloff": {
        "dmean": 547.917724609,
        "dmean2": 951.93951416,
        "dvar": 1119717.5,
        "dvar2": 2899929,
        "max": 17355.7617188,
        "mean": 1095.70617676,
        "median": 645.99609375,
        "min": 64.599609375,
        "var": 2431141
    },
    "spectral_skewness": {
        "dmean": 0.45312717557,
        "dmean2": 0.708527088165,
        "dvar": 0.326778441668,
        "dvar2": 0.812069237232,
        "max": 8.22285747528,
        "mean": 2.17976045609,
        "median": 1.86933398247,
        "min": 0.1905567348,
        "var": 1.08296334743
    },
    "spectral_spread": {
        "dmean": 609244.375,
        "dmean2": 868167.9375,
        "dvar": 579706748928,
        "dvar2": 1.02548707738e+12,
        "max": 11237594,
        "mean": 4187453.75,
        "median": 4120528.75,
        "min": 704979.25,
        "var": 3.2021830697e+12
    },
    "spectral_strongpeak": {
        "dmean": 0.371228158474,
        "dmean2": 0.594855487347,
        "dvar": 0.260973453522,
        "dvar2": 0.640620112419,
        "max": 7.96149301529,
        "mean": 0.798829853535,
        "median": 0.61094212532,
        "min": 0,
        "var": 0.502253472805
    },
    "zerocrossingrate": {
        "dmean": 0.0109662534669,
        "dmean2": 0.0141256796196,
        "dvar": 0.000188504665857,
        "dvar2": 0.000270957447356,
        "max": 0.69921875,
        "mean": 0.044952198863,
        "median": 0.03515625,
        "min": 0.00244140625,
        "var": 0.00147908728104
    },
    "barkbands": {
        "dmean": [4.38726929133e-05, 0.00535088870674, 0.0043775588274, 0.0030351721216, 0.00460672006011, 0.00133133109193, 0.000784198869951, 0.0014593655942, 0.00082959223073, 0.000304840359604, 0.000388996297261, 0.000417569011915, 0.000192560648429, 0.00023155179224, 0.000152896245709, 0.000160884199431, 0.000156166046509, 0.000194966298295, 0.00017600278079, 0.00010988041322, 0.0001152210898, 0.000109572007204, 0.000114167072752, 7.91483544162e-05, 9.7492003988e-05, 6.10797360423e-05, 1.37620500027e-05],
        "dmean2": [5.24017596035e-05, 0.0077584516257, 0.00775228533894, 0.00530002498999, 0.00687133148313, 0.00201641884632, 0.0012312522158, 0.00210982956924, 0.00131197099108, 0.000499876681715, 0.000618967751507, 0.000697367009707, 0.000331704650307, 0.000394471600885, 0.000246626674198, 0.000270517397439, 0.000261657551164, 0.000344883999787, 0.000321751984302, 0.000194752079551, 0.000197688292246, 0.000189211132238, 0.000189774029423, 0.000135425027111, 0.000173273714609, 0.00010801370081, 2.5395922421e-05],
        "dvar": [6.16174178347e-09, 0.000177611131221, 0.000177633497515, 5.54093458049e-05, 9.73446367425e-05, 5.40340624866e-06, 2.77951880889e-06, 6.16950410404e-06, 2.31510512094e-06, 4.24825230994e-07, 8.31948398172e-07, 1.55042516781e-06, 1.55391987278e-07, 2.17063700347e-07, 8.41830853915e-08, 1.02006104896e-07, 9.24959806525e-08, 1.89923198946e-07, 1.98983855171e-07, 5.57996138184e-08, 6.63352608399e-08, 8.18401559854e-08, 9.56625001436e-08, 3.48773170344e-08, 8.01555160024e-08, 3.44501955851e-08, 2.09238493198e-09],
        "dvar2": [1.01471302472e-08, 0.00041340207099, 0.000479762529721, 0.000152542896103, 0.000220970818191, 1.22312831081e-05, 6.55453413856e-06, 1.25415590446e-05, 5.5876944316e-06, 9.36753110636e-07, 2.01982811632e-06, 3.45072953678e-06, 4.13285704326e-07, 5.58455440114e-07, 1.82818652661e-07, 2.45833717827e-07, 2.27857739787e-07, 5.14783664585e-07, 5.61990020742e-07, 1.53914143652e-07, 1.78467544742e-07, 2.19912195121e-07, 2.39676779756e-07, 9.29345418399e-08, 2.23258894039e-07, 9.48413685364e-08, 5.93447291308e-09],
        "max": [0.000889471848495, 0.0946038663387, 0.0924715548754, 0.0703609064221, 0.15366140008, 0.0424436368048, 0.0324915759265, 0.0801867842674, 0.0378968864679, 0.0291922334582, 0.0183399375528, 0.0350983217359, 0.00533488579094, 0.00752322934568, 0.00640417775139, 0.00598043436185, 0.00652788300067, 0.00564903905615, 0.00425412273034, 0.0020799387712, 0.00274786865339, 0.00363791990094, 0.00288789975457, 0.0016403599875, 0.00250062462874, 0.00159243436065, 0.000549024611246],
        "mean": [7.44587305235e-05, 0.00675365515053, 0.0032916511409, 0.00288700195961, 0.00662112329155, 0.00251761125401, 0.00130406394601, 0.00285562360659, 0.0013319007121, 0.000473633728689, 0.000534424907528, 0.000498276611324, 0.000208412457141, 0.000252764148172, 0.000215951018617, 0.000185354772839, 0.000174142594915, 0.000172937769094, 0.000144220772199, 0.000107878033305, 0.000116786970466, 9.77272211458e-05, 0.000102749399957, 7.18300652807e-05, 7.58968599257e-05, 4.70701670565e-05, 8.87968508323e-06],
        "median": [5.51163338969e-06, 0.000381225312594, 0.000397584954044, 0.000801055924967, 0.00335495173931, 0.00130329385865, 0.000567095354199, 0.000994509435259, 0.000705507758539, 0.000208135548746, 0.000194441556232, 0.000177928421181, 8.82655294845e-05, 8.90400988283e-05, 8.56667174958e-05, 5.5576187151e-05, 4.87176366732e-05, 4.33968416473e-05, 3.06577312585e-05, 3.12631236739e-05, 2.92834556603e-05, 1.71284664248e-05, 1.24459766084e-05, 9.80799268291e-06, 8.21287085273e-06, 4.05859100283e-06, 1.7075601022e-07],
        "min": [2.85408413322e-17, 3.24718550659e-17, 1.09329669245e-17, 4.98388726772e-18, 1.07676987196e-17, 1.0693053114e-17, 6.11950822786e-18, 1.33438526486e-17, 7.64264427982e-18, 1.79953820549e-17, 1.06110009331e-17, 3.21652920048e-17, 6.71524213337e-17, 5.37661607895e-17, 1.96750930571e-17, 2.04203612823e-17, 4.52441126764e-17, 9.13524040997e-17, 3.29509183721e-17, 9.14789296462e-17, 5.9515433315e-17, 6.47314622041e-17, 6.12956186374e-17, 6.75842956403e-17, 1.87066511717e-16, 4.37458582999e-16, 6.21973910889e-16],
        "var": [1.88289028813e-08, 0.000231559431995, 0.000118749849207, 3.98107258661e-05, 0.000112317698949, 1.13920341391e-05, 5.31203977516e-06, 1.68835831573e-05, 4.08501591664e-06, 7.46066973534e-07, 1.16820433504e-06, 1.93219284483e-06, 1.46798456058e-07, 2.49188076396e-07, 1.66740775853e-07, 1.24946296864e-07, 1.16036105169e-07, 1.48173739944e-07, 1.29597665932e-07, 4.34481570721e-08, 5.6659391845e-08, 6.22693363539e-08, 8.28296435884e-08, 2.79284719795e-08, 5.30704369339e-08, 2.32333920991e-08, 1.24006860336e-09]
    },
    "erbbands": {
        "dmean": [0.092913351953, 1.4524294138, 4.63629961014, 7.24757194519, 16.223777771, 14.6713886261, 9.78274917603, 11.6556758881, 8.94937324524, 15.9945583344, 36.7474479675, 16.5458812714, 17.3714179993, 11.3364038467, 14.5399065018, 16.6997489929, 8.87963008881, 12.878071785, 6.90036249161, 8.93659591675, 9.49434375763, 8.27837276459, 9.77145195007, 9.99039649963, 8.16437721252, 5.39870834351, 4.89872837067, 4.20952177048, 3.88013076782, 3.72392988205, 3.08545565605, 1.78970849514, 1.29370248318, 1.32607638836, 0.500718951225, 0.277084857225, 0.113015197217, 0.02866512537, 0.00197840994224, 4.29439278378e-05],
        "dmean2": [0.101455435157, 2.17511415482, 7.7426905632, 12.195057869, 24.9588527679, 23.4677066803, 15.5965185165, 17.2814044952, 14.0793027878, 24.6872310638, 52.5378265381, 26.5754375458, 26.7456321716, 18.0040721893, 23.8572921753, 27.6948127747, 15.2258749008, 21.8746490479, 11.7226352692, 14.4807453156, 15.6889896393, 14.1372156143, 17.0483856201, 18.288640976, 14.7707262039, 9.58173847198, 8.43292713165, 7.32313632965, 6.75270748138, 6.26583194733, 5.11380767822, 3.05720591545, 2.23303699493, 2.38103079796, 0.861002922058, 0.485712438822, 0.201980441809, 0.0521477349102, 0.00364652299322, 7.28483646526e-05],
        "dvar": [0.0348445512354, 13.8567619324, 177.168029785, 370.032745361, 1188.18212891, 1111.68603516, 297.299041748, 430.757568359, 431.54788208, 1112.52661133, 4041.76586914, 753.07232666, 1131.4197998, 491.118469238, 1172.90454102, 2869.55664062, 321.231719971, 701.541015625, 165.898773193, 330.910064697, 327.411743164, 254.151092529, 453.707702637, 561.618408203, 395.673187256, 131.773529053, 111.715614319, 110.7865448, 99.5261688232, 101.865875244, 69.2425003052, 18.4550819397, 9.70479488373, 16.247171402, 1.77243292332, 0.717065453529, 0.127206206322, 0.00849925260991, 4.36447080574e-05, 1.17710632352e-08],
        "dvar2": [0.0547907762229, 32.2488555908, 448.843139648, 985.34564209, 2631.46289062, 2853.16821289, 726.48425293, 932.406738281, 1072.63830566, 2467.73974609, 7771.88671875, 1946.2010498, 2529.06176758, 1164.72705078, 3026.00585938, 6048.42724609, 842.497009277, 1809.60437012, 431.097503662, 693.567382812, 784.929138184, 655.149658203, 1214.79284668, 1586.8807373, 1095.22412109, 362.957977295, 300.1015625, 300.152648926, 268.216339111, 267.176849365, 172.542266846, 47.8344764709, 26.0236377716, 45.916721344, 4.77955818176, 1.95837342739, 0.354970246553, 0.0239938870072, 0.000123917139717, 3.35084884284e-08],
        "max": [1.51431715488, 25.3753890991, 89.6441116333, 175.202987671, 518.131225586, 521.012695312, 322.015594482, 352.501678467, 635.774841309, 820.658935547, 2199.5246582, 504.34274292, 1053.86462402, 329.171325684, 584.595397949, 1774.57250977, 242.410812378, 392.206176758, 268.342285156, 460.916442871, 405.609466553, 189.370742798, 243.021835327, 198.925415039, 185.272613525, 109.067932129, 132.60043335, 103.539031982, 125.857925415, 124.914207458, 77.5494003296, 33.3165512085, 32.4551239014, 33.4557151794, 13.390124321, 10.4615869522, 3.25405597687, 0.937087833881, 0.0693835541606, 0.00114159134682],
        "mean": [0.169679760933, 1.60212302208, 3.85118627548, 6.71249675751, 20.5976543427, 19.1694202423, 17.8843307495, 21.0512142181, 15.2678203583, 29.4992599487, 73.148727417, 28.8125324249, 28.1105556488, 18.9299907684, 19.4448566437, 20.0217666626, 10.4244890213, 14.0926332474, 8.47136878967, 12.42491436, 11.9558563232, 8.91600990295, 9.18586444855, 8.3298034668, 6.87265777588, 5.28121995926, 5.15622377396, 3.94164681435, 3.48982596397, 3.34357523918, 2.80798268318, 1.6240054369, 1.16124033928, 1.00401139259, 0.421833992004, 0.215956792235, 0.0860519036651, 0.0199455562979, 0.00129395013209, 5.76932980039e-05],
        "median": [0.00491024553776, 0.10920984298, 0.538939118385, 1.87958371639, 6.94760799408, 8.90259933472, 9.76395988464, 9.32719612122, 6.86275100708, 15.684223175, 23.6683425903, 16.925775528, 13.2267770767, 9.66882133484, 7.74515247345, 7.63247680664, 5.16907644272, 4.96050357819, 3.77533841133, 4.56040477753, 4.15963125229, 2.82844400406, 2.61351299286, 2.10640501976, 1.54894852638, 1.64580202103, 1.25762009621, 0.875464379787, 0.664137303829, 0.464584559202, 0.334283471107, 0.228159964085, 0.150638252497, 0.101095601916, 0.0493573322892, 0.0206065308303, 0.00640590535477, 0.000977799063548, 4.76286077173e-05, 2.80077038042e-05],
        "min": [1.3541194914e-15, 5.88181626749e-15, 1.27500117194e-14, 1.60011604932e-14, 1.86589753929e-14, 3.95047899558e-14, 7.88893418906e-14, 8.46266416318e-14, 6.80532765015e-14, 1.83530165891e-13, 2.84765429553e-13, 1.64261413174e-13, 4.54159360943e-13, 4.47415271065e-13, 8.13791579696e-13, 1.31662562797e-12, 2.8214388291e-12, 3.37523563786e-12, 1.06798250799e-12, 1.47007807403e-12, 1.26633892174e-12, 2.753198277e-12, 4.65315373038e-12, 2.26067168457e-12, 2.56277052531e-12, 4.43648243142e-12, 2.43908495831e-12, 2.99426369116e-12, 2.51166817379e-12, 1.54080773748e-12, 1.68852258564e-12, 1.13763469131e-12, 1.35008876908e-12, 1.77796427754e-12, 1.52567325093e-12, 1.32280525509e-12, 9.24435983492e-13, 4.22209440803e-13, 9.83202709244e-14, 7.34325472743e-15],
        "var": [0.104796856642, 15.7182741165, 138.888137817, 271.909637451, 1419.9666748, 1029.70397949, 499.317626953, 970.318908691, 691.541564941, 2527.76049805, 11878.6230469, 1304.0090332, 2224.7878418, 778.680114746, 1360.52563477, 3743.25317383, 313.815460205, 781.184753418, 193.35647583, 679.935791016, 453.222229004, 249.882522583, 371.343658447, 370.574859619, 275.938598633, 100.597953796, 100.973709106, 85.3564834595, 75.3587188721, 82.0322341919, 60.7368507385, 15.392999649, 7.55492687225, 10.3327112198, 1.30708527565, 0.49090179801, 0.0833278670907, 0.0051949294284, 2.5886192816e-05, 8.80188988361e-09]
    },
    "gfcc": {
        "mean": [-46.5125541687, 113.813980103, -110.390701294, 13.28910923, -64.0089950562, -1.66098630428, -39.1365089417, 1.55766403675, -24.5732650757, -3.27154564857, -20.1094398499, -4.00791597366, -10.434926033],
        "cov": [[17309.5878906, -1557.51220703, 618.521911621, 308.676422119, -563.933959961, 936.50994873, -347.53237915, 687.85723877, -332.044494629, 250.768981934, -476.426086426, 212.422470093, -301.361999512], [-1557.51220703, 3107.72119141, -382.938476562, -384.996368408, 576.310791016, -340.07131958, 426.903839111, -294.945922852, 323.882873535, -320.919830322, 190.260421753, -313.195037842, 226.321395874], [618.521911621, -382.938476562, 942.858947754, 262.011047363, 183.806884766, 375.194580078, 50.9431495667, 259.064605713, -0.379708915949, 148.245864868, -67.9495391846, 72.5835037231, -67.9647598267], [308.676422119, -384.996368408, 262.011047363, 630.783630371, 115.639877319, 189.882873535, 70.902015686, 138.55531311, 40.2009544373, 126.168441772, 83.9708862305, 103.178611755, 37.6390304565], [-563.933959961, 576.310791016, 183.806884766, 115.639877319, 477.549926758, 101.928222656, 212.772750854, 77.9180984497, 117.673881531, 28.2315940857, 72.8514099121, -3.6333694458, 50.4793930054], [936.50994873, -340.07131958, 375.194580078, 189.882873535, 101.928222656, 349.677185059, 68.2170410156, 208.601501465, 2.78983950615, 104.6590271, -29.4133415222, 59.7898101807, -35.0862617493], [-347.53237915, 426.903839111, 50.9431495667, 70.902015686, 212.772750854, 68.2170410156, 245.258621216, 47.8584022522, 81.7882003784, -15.4086112976, 62.6597557068, -23.4363040924, 30.9504547119], [687.85723877, -294.945922852, 259.064605713, 138.55531311, 77.9180984497, 208.601501465, 47.8584022522, 277.001068115, 58.151638031, 144.755477905, -12.7897109985, 76.6184844971, -0.216007575393], [-332.044494629, 323.882873535, -0.379708915949, 40.2009544373, 117.673881531, 2.78983950615, 81.7882003784, 58.151638031, 164.595397949, 55.0590286255, 69.1430053711, 2.33036923409, 59.0691452026], [250.768981934, -320.919830322, 148.245864868, 126.168441772, 28.2315940857, 104.6590271, -15.4086112976, 144.755477905, 55.0590286255, 199.588241577, 40.5382995605, 89.052772522, 14.7703971863], [-476.426086426, 190.260421753, -67.9495391846, 83.9708862305, 72.8514099121, -29.4133415222, 62.6597557068, -12.7897109985, 69.1430053711, 40.5382995605, 144.097213745, 40.2518997192, 62.4793281555], [212.422470093, -313.195037842, 72.5835037231, 103.178611755, -3.6333694458, 59.7898101807, -23.4363040924, 76.6184844971, 2.33036923409, 89.052772522, 40.2518997192, 127.204200745, 32.2514724731], [-301.361999512, 226.321395874, -67.9647598267, 37.6390304565, 50.4793930054, -35.0862617493, 30.9504547119, -0.216007575393, 59.0691452026, 14.7703971863, 62.4793281555, 32.2514724731, 114.109779358]],
        "icov": [[0.000102504694951, -0.000199024856556, 0.000129904859932, -0.000125623686472, 0.000223050912609, -0.000340791477356, 0.000189393875189, -0.000221895053983, 0.00023706642969, -0.000116526258353, 0.000332356547005, -0.000416833907366, 0.000357213022653], [-0.000199024856556, 0.00204828521237, -0.000564526882954, 0.0010877616005, -0.00157457764726, 0.00107436231337, -0.0011401650263, 0.000924309890252, -0.00207199761644, 0.00168698071502, -0.00182872556616, 0.00373142724857, -0.00314438343048], [0.000129904859932, -0.000564526882954, 0.00238715298474, -0.000656854419503, -0.000270092044957, -0.00203886511736, 0.000761088624131, -0.000579403829761, 0.000627854373306, -0.000873701530509, 0.00161494431086, -0.00132962572388, 0.00166589696892], [-0.000125623686472, 0.0010877616005, -0.000656854419503, 0.00292406743392, -0.000861556269228, -0.000202328490559, -0.000796879816335, 0.00052447069902, -0.000731142645236, 0.000536892213859, -0.00235998583958, 0.00141767424066, -0.00210839835927], [0.000223050912609, -0.00157457764726, -0.000270092044957, -0.000861556269228, 0.00529673183337, -0.00118778832257, -0.00181009073276, -0.00044316786807, 0.000426803017035, -0.00131933961529, 0.00120533281006, -0.00263792276382, 0.00165255262982], [-0.000340791477356, 0.00107436231337, -0.00203886511736, -0.000202328490559, -0.00118778832257, 0.00925840903074, -0.00266370992176, -0.00292520737275, 0.000582538952585, 0.000359115423635, -0.000554540252779, 0.00148075993638, -0.000552267185412], [0.000189393875189, -0.0011401650263, 0.000761088624131, -0.000796879816335, -0.00181009073276, -0.00266370992176, 0.0100185060874, -0.00278140278533, -0.00022888512467, 0.00264663645066, -0.00287419417873, 0.000368258159142, 0.0019823401235], [-0.000221895053983, 0.000924309890252, -0.000579403829761, 0.00052447069902, -0.00044316786807, -0.00292520737275, -0.00278140278533, 0.0119586484507, -0.00450026523322, -0.00411537103355, 0.00385505636223, -0.0016399922315, -0.00164870230947], [0.00023706642969, -0.00207199761644, 0.000627854373306, -0.000731142645236, 0.000426803017035, 0.000582538952585, -0.00022888512467, -0.00450026523322, 0.014995415695, -0.00497609144077, -0.00182441272773, 0.00120019225869, -0.00106396980118], [-0.000116526258353, 0.00168698071502, -0.000873701530509, 0.000536892213859, -0.00131933961529, 0.000359115423635, 0.00264663645066, -0.00411537103355, -0.00497609144077, 0.0142574254423, -0.00525560230017, -0.000925844185986, -0.000512993312441], [0.000332356547005, -0.00182872556616, 0.00161494431086, -0.00235998583958, 0.00120533281006, -0.000554540252779, -0.00287419417873, 0.00385505636223, -0.00182441272773, -0.00525560230017, 0.0180137995631, -0.0087515739724, 0.00056323222816], [-0.000416833907366, 0.00373142724857, -0.00132962572388, 0.00141767424066, -0.00263792276382, 0.00148075993638, 0.000368258159142, -0.0016399922315, 0.00120019225869, -0.000925844185986, -0.0087515739724, 0.0237361490726, -0.0106602320448], [0.000357213022653, -0.00314438343048, 0.00166589696892, -0.00210839835927, 0.00165255262982, -0.000552267185412, 0.0019823401235, -0.00164870230947, -0.00106396980118, -0.000512993312441, 0.00056323222816, -0.0106602320448, 0.0195111017674]]
    },
    "melbands": {
        "dmean": [0.00116458325647, 0.00211286102422, 0.00150407629553, 0.00116568058729, 0.000368103734218, 0.00025590378209, 0.00014487473527, 0.000182373754797, 0.000283635570668, 0.000109078515379, 8.71826196089e-05, 4.41788288299e-05, 5.34430691914e-05, 4.96297434438e-05, 2.75850234175e-05, 2.17128654185e-05, 2.38584761973e-05, 1.10387045424e-05, 1.17525150927e-05, 1.12373372758e-05, 1.16922710731e-05, 8.46328293846e-06, 8.86898396857e-06, 9.75046350504e-06, 7.98745531938e-06, 6.7184460022e-06, 4.86094586449e-06, 3.20200865644e-06, 3.27329917127e-06, 2.4552296054e-06, 2.58862064584e-06, 2.20659489969e-06, 2.06159097615e-06, 2.24030850404e-06, 2.14259125642e-06, 1.1346979818e-06, 1.10229814254e-06, 9.0327853286e-07, 9.71547251538e-07, 1.19536582588e-06],
        "dmean2": [0.00152612873353, 0.00326283834875, 0.00241215177812, 0.0017616978148, 0.000588745169807, 0.000381387537345, 0.000227223034017, 0.000279240572127, 0.000411015644204, 0.00017474667402, 0.000134464818984, 7.05168204149e-05, 8.63291788846e-05, 8.29199561849e-05, 4.66692799819e-05, 3.71695641661e-05, 4.04602833441e-05, 1.90115497389e-05, 1.90865812328e-05, 1.85362223419e-05, 1.92531915673e-05, 1.42642738865e-05, 1.56194164447e-05, 1.71661758941e-05, 1.47528335219e-05, 1.21997727547e-05, 8.70550775289e-06, 5.66621429243e-06, 5.69803796679e-06, 4.14400437876e-06, 4.58200656794e-06, 3.8769794628e-06, 3.50862865162e-06, 3.80113237952e-06, 3.58070201401e-06, 1.92135826182e-06, 1.89620823221e-06, 1.56075395807e-06, 1.72424131506e-06, 2.16566127165e-06],
        "dvar": [7.06921127858e-06, 3.13772434311e-05, 1.09750881165e-05, 6.82256177242e-06, 4.38851429863e-07, 2.08979571426e-07, 9.22082037391e-08, 1.18717707664e-07, 2.36584938307e-07, 3.94660055747e-08, 2.86410397621e-08, 7.41132488713e-09, 1.68948428581e-08, 2.30955805591e-08, 4.7416381932e-09, 1.89607640699e-09, 2.58265009379e-09, 4.48315995438e-10, 5.03689701059e-10, 5.48394829547e-10, 5.41081512928e-10, 2.58592119939e-10, 4.41783110094e-10, 4.63075133794e-10, 3.8499303745e-10, 3.02387836992e-10, 1.21456400493e-10, 4.49929538071e-11, 5.68908600784e-11, 2.83502301496e-11, 5.01351286875e-11, 3.14828024761e-11, 2.78642543067e-11, 4.19677348429e-11, 3.85193890673e-11, 8.3201188994e-12, 7.19855338532e-12, 4.35148401687e-12, 8.11421589642e-12, 1.37195714858e-11],
        "dvar2": [1.4929284589e-05, 7.19493255019e-05, 2.78315237665e-05, 1.58028196893e-05, 1.0878335388e-06, 4.58441519413e-07, 2.2563300206e-07, 2.73334109124e-07, 4.64506541675e-07, 9.97309967943e-08, 6.41197459572e-08, 1.76570722488e-08, 4.18279704206e-08, 5.25136876206e-08, 1.08325846071e-08, 5.04046360206e-09, 6.45599307347e-09, 1.17725673654e-09, 1.12817655218e-09, 1.22384824497e-09, 1.29064081644e-09, 6.46704190199e-10, 1.17410525746e-09, 1.23056820289e-09, 1.09326281361e-09, 8.44196268446e-10, 3.34794664214e-10, 1.24002322299e-10, 1.53383764023e-10, 7.48142867102e-11, 1.37740777117e-10, 8.53281473256e-11, 7.42179304125e-11, 1.10625286709e-10, 9.81445896775e-11, 2.0626422445e-11, 1.93490206496e-11, 1.15872979614e-11, 2.26880354781e-11, 3.88807597229e-11],
        "max": [0.0200885105878, 0.0400205105543, 0.0281767398119, 0.0404528044164, 0.0097739091143, 0.00890517234802, 0.00858436152339, 0.00782348401845, 0.0168120600283, 0.00429963693023, 0.00521121686324, 0.00123182649259, 0.00272584264167, 0.00396999437362, 0.0019321521977, 0.000477998895803, 0.000900947023183, 0.000395292619942, 0.000467782636406, 0.000419763207901, 0.000504258787259, 0.000271988130407, 0.000221909940592, 0.000438812101493, 0.000170254221302, 0.000178155969479, 0.000108830048703, 7.15798305464e-05, 0.000126745682792, 5.90783711232e-05, 7.61853880249e-05, 7.28665836505e-05, 7.39285678719e-05, 8.21650974103e-05, 6.32857481833e-05, 2.87266921077e-05, 2.23412644118e-05, 2.04771949939e-05, 2.8893849958e-05, 3.57593271474e-05],
        "mean": [0.00172368588392, 0.00210267584771, 0.00162680493668, 0.00150814210065, 0.000654948933516, 0.000467434118036, 0.000253878824878, 0.000346950429957, 0.000555629958399, 0.000174856992089, 0.00013847448281, 7.19179370208e-05, 7.26826692699e-05, 5.90259878663e-05, 3.17062658723e-05, 2.3825572498e-05, 2.57542778854e-05, 1.23915797303e-05, 1.65146793734e-05, 1.39538487929e-05, 1.44334035213e-05, 9.28258850763e-06, 8.07520154922e-06, 8.92373554962e-06, 6.40377220407e-06, 5.45179682376e-06, 4.23474148192e-06, 3.15389775096e-06, 3.37847700393e-06, 2.52367021858e-06, 2.24868949772e-06, 1.92564493773e-06, 1.88000149137e-06, 1.94141080101e-06, 1.88210708529e-06, 1.0540901485e-06, 9.61240630204e-07, 8.13074564121e-07, 7.99332497081e-07, 8.75734883721e-07],
        "median": [7.56902300054e-05, 0.000284975219984, 0.000534541206434, 0.000667505664751, 0.000371959293261, 0.000215943407966, 0.000118545460282, 0.00019983475795, 0.000183405572898, 9.58423843258e-05, 6.29200367257e-05, 3.44087347912e-05, 2.56451658061e-05, 1.86561537703e-05, 1.33007797558e-05, 1.00293100331e-05, 8.25225015433e-06, 4.72359351988e-06, 6.32029104963e-06, 3.80716028303e-06, 4.29496776633e-06, 2.56108637586e-06, 1.70931900811e-06, 2.24112159231e-06, 1.30284888655e-06, 1.07729147203e-06, 1.02039984995e-06, 9.82283381745e-07, 6.94018126524e-07, 6.5389269821e-07, 4.18419318748e-07, 3.65789503576e-07, 3.07633996499e-07, 2.2683624934e-07, 2.04035131901e-07, 1.42509279044e-07, 1.24014178482e-07, 1.04326041139e-07, 9.00278820382e-08, 7.97790136176e-08],
        "min": [1.19185526243e-17, 7.19137424228e-18, 2.83823266434e-18, 1.94849775874e-18, 2.6520750471e-18, 1.9053001124e-18, 1.09152230732e-18, 2.26675094992e-18, 2.20809598628e-18, 9.90245311645e-19, 2.36404455396e-18, 1.87260497151e-18, 1.9710694497e-18, 3.85086944498e-18, 3.5362723921e-18, 7.7291243585e-18, 6.06360653488e-18, 1.78142278464e-18, 1.74964229871e-18, 1.59333545843e-18, 1.47138018821e-18, 2.42034701594e-18, 4.39206435486e-18, 4.10781490429e-18, 1.42365455521e-18, 1.76676121508e-18, 2.12396530733e-18, 3.27511616988e-18, 1.82792501752e-18, 1.31553615548e-18, 1.78388571491e-18, 1.79597289161e-18, 6.12639740159e-19, 9.54050369582e-19, 1.19460141935e-18, 6.01739360842e-19, 7.8540370062e-19, 1.24542629132e-18, 5.0775484115e-19, 1.81742768196e-18],
        "var": [1.26602562887e-05, 3.15261568176e-05, 9.74314843916e-06, 7.36070569474e-06, 6.44455894871e-07, 4.64106648224e-07, 1.60095893875e-07, 2.58907505213e-07, 6.8259089403e-07, 6.46523616865e-08, 5.58771411363e-08, 1.16286384966e-08, 2.24827640949e-08, 2.80444947265e-08, 5.66989610817e-09, 1.7742805003e-09, 3.16294990199e-09, 4.83948159324e-10, 9.18258968863e-10, 8.90414908472e-10, 7.6390083148e-10, 2.98303631796e-10, 3.51198153892e-10, 3.96391447444e-10, 2.47256132235e-10, 2.04181060948e-10, 8.81541159514e-11, 3.51942641696e-11, 5.12247154416e-11, 2.5452041516e-11, 3.5912356422e-11, 2.32702329628e-11, 2.22954484735e-11, 3.26566274023e-11, 3.19913366631e-11, 7.36293231246e-12, 5.57328619019e-12, 3.43660364922e-12, 5.46791388209e-12, 8.54961587637e-12]
    },
    "mfcc": {
        "mean": [-688.403442383, 147.615768433, 5.50573587418, 13.8670043945, -5.165766716, -5.46527671814, -7.57844495773, -3.432700634, -2.49067497253, -2.87785601616, -5.01652908325, -4.36040973663, -4.40725326538],
        "cov": [[11520.7490234, -1072.53234863, 756.141174316, 136.507553101, -26.1445484161, 211.389633179, 54.5735778809, 283.437896729, 96.6357727051, 93.2565078735, 52.2025871277, -12.0784511566, -39.1279830933], [-1072.53234863, 2850.09423828, -288.315063477, -61.7674369812, 138.242843628, -14.7702875137, 95.7784042358, 28.3160057068, 138.602874756, 32.5482673645, 11.57700634, 9.92787647247, -17.5534858704], [756.141174316, -288.315063477, 620.124023438, 106.817932129, 134.451599121, 144.402313232, 91.37865448, 115.745109558, 90.8332901001, 79.4353179932, 61.8735160828, 38.9299545288, 20.7418670654], [136.507553101, -61.7674369812, 106.817932129, 414.360229492, 145.798446655, 131.170822144, 93.3694076538, 68.6600036621, 63.7209701538, 59.8325157166, 44.0624694824, 68.2786254883, 82.803314209], [-26.1445484161, 138.242843628, 134.451599121, 145.798446655, 259.155792236, 124.172424316, 109.581962585, 90.6087799072, 99.4083480835, 63.6857719421, 60.7350692749, 58.983505249, 64.7522735596], [211.389633179, -14.7702875137, 144.402313232, 131.170822144, 124.172424316, 192.779067993, 128.380859375, 97.3996963501, 69.726600647, 52.71641922, 51.2122383118, 50.9933586121, 41.6869888306], [54.5735778809, 95.7784042358, 91.37865448, 93.3694076538, 109.581962585, 128.380859375, 204.573287964, 120.029823303, 80.3305053711, 53.8322219849, 43.516456604, 45.8946266174, 46.9908409119], [283.437896729, 28.3160057068, 115.745109558, 68.6600036621, 90.6087799072, 97.3996963501, 120.029823303, 165.007171631, 98.4849777222, 57.0102539062, 42.9865455627, 42.5812950134, 37.326789856], [96.6357727051, 138.602874756, 90.8332901001, 63.7209701538, 99.4083480835, 69.726600647, 80.3305053711, 98.4849777222, 166.288391113, 87.8385009766, 50.3114967346, 53.3341293335, 56.2955169678], [93.2565078735, 32.5482673645, 79.4353179932, 59.8325157166, 63.6857719421, 52.71641922, 53.8322219849, 57.0102539062, 87.8385009766, 120.530212402, 67.9587631226, 40.0209617615, 42.8214302063], [52.2025871277, 11.57700634, 61.8735160828, 44.0624694824, 60.7350692749, 51.2122383118, 43.516456604, 42.9865455627, 50.3114967346, 67.9587631226, 104.803466797, 55.5527038574, 29.6919517517], [-12.0784511566, 9.92787647247, 38.9299545288, 68.2786254883, 58.983505249, 50.9933586121, 45.8946266174, 42.5812950134, 53.3341293335, 40.0209617615, 55.5527038574, 102.22039032, 65.7361984253], [-39.1279830933, -17.5534858704, 20.7418670654, 82.803314209, 64.7522735596, 41.6869888306, 46.9908409119, 37.326789856, 56.2955169678, 42.8214302063, 29.6919517517, 65.7361984253, 121.396453857]],
