{
"lowlevel": {
    "average_loudness": 0.965296983719,
    "barkbands_crest": {
        "dmean": 2.45337343216,
        "dmean2": 3.64029073715,
        "dvar": 7.97629976273,
        "dvar2": 15.049864769,
        "max": 26.2298336029,
        "mean": 13.0660820007,
        "median": 13.1414394379,
        "min": 2.16326022148,
        "var": 33.1611175537
    },
    "barkbands_flatness_db": {
        "dmean": 0.0272984616458,
        "dmean2": 0.039055544883,
        "dvar": 0.00105325970799,
        "dvar2": 0.00193125125952,
        "max": 0.620006799698,
        "mean": 0.120578557253,
        "median": 0.100281283259,
        "min": 0.0136160468683,
        "var": 0.00667953770608
    },
    "barkbands_kurtosis": {
        "dmean": 6.29729366302,
        "dmean2": 9.5436630249,
        "dvar": 444.075805664,
        "dvar2": 1130.49536133,
        "max": 1073.9387207,
        "mean": 9.5221452713,
        "median": 2.95072698593,
        "min": -1.67203056812,
        "var": 517.001953125
    },
    "barkbands_skewness": {
        "dmean": 0.735601425171,
        "dmean2": 1.05614542961,
        "dvar": 1.15568888187,
        "dvar2": 2.27080965042,
        "max": 24.3175506592,
        "mean": 2.2709300518,
        "median": 1.94337797165,
        "min": -2.22545361519,
        "var": 3.73288202286
    },
    "barkbands_spread": {
        "dmean": 7.86253738403,
        "dmean2": 11.811627388,
        "dvar": 61.9577636719,
        "dvar2": 124.66910553,
        "max": 108.519599915,
        "mean": 29.0980854034,
        "median": 29.5530395508,
        "min": 0.230361655354,
        "var": 213.677307129
    },
    "dissonance": {
        "dmean": 0.0130236623809,
        "dmean2": 0.0219606477767,
        "dvar": 0.000222113900236,
        "dvar2": 0.000596300582401,
        "max": 0.500000238419,
        "mean": 0.477410644293,
        "median": 0.482485443354,
        "min": 0.262768298388,
        "var": 0.000426760554546
    },
    "dynamic_complexity": 1.99903321266,
    "erbbands_crest": {
        "dmean": 1.53989601135,
        "dmean2": 2.55740261078,
        "dvar": 2.46114993095,
        "dvar2": 6.18852138519,
        "max": 23.1989860535,
        "mean": 5.78788375854,
        "median": 5.2083530426,
        "min": 2.01283740997,
        "var": 6.04222679138
    },
    "erbbands_flatness_db": {
        "dmean": 0.0128841595724,
        "dmean2": 0.0203711241484,
        "dvar": 0.000210151396459,
        "dvar2": 0.000403582671424,
        "max": 0.393520325422,
        "mean": 0.100846156478,
        "median": 0.0920394510031,
        "min": 0.0380839928985,
        "var": 0.00173976854421
    },
    "erbbands_kurtosis": {
        "dmean": 0.486924231052,
        "dmean2": 0.781387209892,
        "dvar": 1.79527103901,
        "dvar2": 3.76158118248,
        "max": 75.9341659546,
        "mean": -0.214216709137,
        "median": -0.454780340195,
        "min": -1.7148257494,
        "var": 3.33544421196
    },
    "erbbands_skewness": {
        "dmean": 0.239798948169,
        "dmean2": 0.38271048665,
        "dvar": 0.061996024102,
        "dvar2": 0.138370454311,
        "max": 6.92453956604,
        "mean": 0.0128687992692,
        "median": 0.0192987844348,
        "min": -1.74644947052,
        "var": 0.289516270161
    },
    "erbbands_spread": {
        "dmean": 8.41623210907,
        "dmean2": 12.6691226959,
        "dvar": 72.6377029419,
        "dvar2": 138.873321533,
        "max": 136.967697144,
        "mean": 53.3195533752,
        "median": 49.6131134033,
        "min": 3.04922556877,
        "var": 409.957824707
    },
    "hfc": {
        "dmean": 12.4735555649,
        "dmean2": 18.1952152252,
        "dvar": 226.927932739,
        "dvar2": 441.414367676,
        "max": 144.764251709,
        "mean": 35.9457778931,
        "median": 31.699306488,
        "min": 1.07182960193e-16,
        "var": 615.238891602
    },
    "melbands_crest": {
        "dmean": 3.73519539833,
        "dmean2": 5.82657814026,
        "dvar": 16.5945739746,
        "dvar2": 33.0151443481,
        "max": 38.2600097656,
        "mean": 19.4454421997,
        "median": 19.6448173523,
        "min": 1.55643785,
        "var": 57.559627533
    },
    "melbands_flatness_db": {
        "dmean": 0.0328408107162,
        "dmean2": 0.044867221266,
        "dvar": 0.00149333919398,
        "dvar2": 0.00250231474638,
        "max": 0.78044295311,
        "mean": 0.200913250446,
        "median": 0.18900090456,
        "min": 0.00296254875138,
        "var": 0.0111502269283
    },
    "melbands_kurtosis": {
        "dmean": 18.4406661987,
        "dmean2": 26.9254760742,
        "dvar": 2197.28271484,
        "dvar2": 4657.02197266,
        "max": 1168.68066406,
        "mean": 38.1250495911,
        "median": 17.9006843567,
        "min": -1.40953803062,
        "var": 4394.63330078
    },
    "melbands_skewness": {
        "dmean": 1.05787277222,
        "dmean2": 1.50486171246,
        "dvar": 2.51016712189,
        "dvar2": 4.62248277664,
        "max": 23.519613266,
        "mean": 4.45149230957,
        "median": 3.84237456322,
        "min": -0.451076775789,
        "var": 9.98438453674
    },
    "melbands_spread": {
        "dmean": 7.24124193192,
        "dmean2": 10.8536729813,
        "dvar": 85.4159545898,
        "dvar2": 165.796325684,
        "max": 175.505661011,
        "mean": 24.6864509583,
        "median": 18.6943702698,
        "min": 0.155781045556,
        "var": 497.224578857
    },
    "pitch_salience": {
        "dmean": 0.0814233869314,
        "dmean2": 0.124873533845,
        "dvar": 0.00927342101932,
        "dvar2": 0.0179944708943,
        "max": 0.983595013618,
        "mean": 0.452911138535,
        "median": 0.43865698576,
        "min": 0.0619059689343,
        "var": 0.0308889225125
    },
    "silence_rate_20dB": {
        "dmean": 0,
        "dmean2": 0,
        "dvar": 0,
        "dvar2": 0,
        "max": 1,
        "mean": 1,
        "median": 1,
        "min": 1,
        "var": 0
    },
    "silence_rate_30dB": {
        "dmean": 0,
        "dmean2": 0,
        "dvar": 0,
        "dvar2": 0,
        "max": 1,
        "mean": 1,
        "median": 1,
        "min": 1,
        "var": 0
    },
    "silence_rate_60dB": {
        "dmean": 0.00203919783235,
        "dmean2": 0.00407885806635,
        "dvar": 0.00203475332819,
        "dvar2": 0.00474129477516,
        "max": 1,
        "mean": 0.0250339824706,
        "median": 0,
        "min": 0,
        "var": 0.0244066957384
    },
    "spectral_centroid": {
        "dmean": 315.912078857,
        "dmean2": 479.944366455,
        "dvar": 110087.375,
        "dvar2": 215286.234375,
        "max": 11724.2792969,
        "mean": 1983.26330566,
        "median": 1920.17895508,
        "min": 104.742248535,
        "var": 1461310.375
    },
    "spectral_complexity": {
        "dmean": 5.53710222244,
        "dmean2": 8.44504833221,
        "dvar": 36.3173522949,
        "dvar2": 65.4626693726,
        "max": 64,
        "mean": 25.6018352509,
        "median": 25,
        "min": 0,
        "var": 184.022903442
    },
    "spectral_decrease": {
        "dmean": 1.88022020176e-09,
        "dmean2": 2.83806711465e-09,
        "dvar": 4.31387882977e-18,
        "dvar2": 8.26055564202e-18,
        "max": 1.97474119438e-28,
        "mean": -1.16639009562e-08,
        "median": -1.24992656225e-08,
        "min": -3.11151886478e-08,
        "var": 2.94441755006e-17
    },
    "spectral_energy": {
        "dmean": 0.00729519641027,
        "dmean2": 0.011017980054,
        "dvar": 6.31762231933e-05,
        "dvar2": 0.000125464153825,
        "max": 0.123287893832,
        "mean": 0.047282807529,
        "median": 0.0503556616604,
        "min": 1.00651215766e-20,
        "var": 0.000439571682364
    },
    "spectral_energyband_high": {
        "dmean": 0.00114883773495,
        "dmean2": 0.00168508302886,
        "dvar": 2.10661460187e-06,
        "dvar2": 4.2593105718e-06,
        "max": 0.014067851007,
        "mean": 0.00267452001572,
        "median": 0.00224980106577,
        "min": 6.90501617908e-21,
        "var": 4.83491339764e-06
    },
    "spectral_energyband_low": {
        "dmean": 0.00808704458177,
        "dmean2": 0.0122510241345,
        "dvar": 0.000115334019938,
        "dvar2": 0.000211534352275,
        "max": 0.094870723784,
        "mean": 0.0308384578675,
        "median": 0.0295232385397,
        "min": 1.80148757046e-23,
        "var": 0.000444600882474
    },
    "spectral_energyband_middle_high": {
        "dmean": 0.00193605094682,
        "dmean2": 0.00286709982902,
        "dvar": 5.32115927854e-06,
        "dvar2": 1.01322739283e-05,
        "max": 0.0268034003675,
        "mean": 0.00616656802595,
        "median": 0.00549541506916,
        "min": 1.11221016875e-21,
        "var": 2.14389383473e-05
    },
    "spectral_energyband_middle_low": {
        "dmean": 0.00551746366546,
        "dmean2": 0.00932182464749,
        "dvar": 0.000106571504148,
        "dvar2": 0.0002651984978,
        "max": 0.110827483237,
        "mean": 0.00872643943876,
        "median": 0.00567255541682,
        "min": 1.38637823363e-22,
        "var": 0.000100839897641
    },
    "spectral_entropy": {
        "dmean": 0.164613634348,
        "dmean2": 0.259756267071,
        "dvar": 0.0384435392916,
        "dvar2": 0.0767203196883,
        "max": 9.82390594482,
        "mean": 7.96344709396,
        "median": 8.08362293243,
        "min": 4.27094554901,
        "var": 0.292543679476
    },
    "spectral_flux": {
        "dmean": 0.0410010814667,
        "dmean2": 0.0587498173118,
        "dvar": 0.00163514516316,
        "dvar2": 0.00322062568739,
        "max": 0.344098120928,
        "mean": 0.10904315114,
        "median": 0.0906170532107,
        "min": 6.10814870905e-11,
        "var": 0.00460243504494
    },
    "spectral_kurtosis": {
        "dmean": 1.3035337925,
        "dmean2": 2.1510386467,
        "dvar": 44.7986679077,
        "dvar2": 114.938209534,
        "max": 212.928848267,
        "mean": 4.03821086884,
        "median": 2.43928003311,
        "min": -1.2629275322,
        "var": 141.003341675
    },
    "spectral_rms": {
        "dmean": 0.000528095755726,
        "dmean2": 0.000795497384388,
        "dvar": 3.18350288353e-07,
        "dvar2": 5.96698896516e-07,
        "max": 0.0109672639519,
        "mean": 0.00655262777582,
        "median": 0.00700909923762,
        "min": 3.13362898997e-12,
        "var": 3.19261494042e-06
    },
    "spectral_rolloff": {
        "dmean": 616.273803711,
        "dmean2": 937.784301758,
        "dvar": 856461.0625,
        "dvar2": 1520482.625,
        "max": 19681.3476562,
        "mean": 1739.62365723,
        "median": 904.39453125,
        "min": 21.533203125,
        "var": 6851244
    },
    "spectral_skewness": {
        "dmean": 0.141022905707,
        "dmean2": 0.221930265427,
        "dvar": 0.129000589252,
        "dvar2": 0.3136536479,
        "max": 12.4747524261,
        "mean": 1.38435530663,
        "median": 1.28437852859,
        "min": -0.0726628229022,
        "var": 0.628033578396
    },
    "spectral_spread": {
        "dmean": 534920.4375,
        "dmean2": 802274.0625,
        "dvar": 612219224064,
        "dvar2": 1.08132748493e+12,
        "max": 42371464,
        "mean": 6512144.5,
        "median": 6021868.5,
        "min": 335915.21875,
        "var": 1.65162002678e+13
    },
    "spectral_strongpeak": {
        "dmean": 0.249689698219,
        "dmean2": 0.427630215883,
        "dvar": 0.342063397169,
        "dvar2": 0.875193834305,
        "max": 10.5324306488,
        "mean": 0.516604959965,
        "median": 0.337136805058,
        "min": 0,
        "var": 0.416993916035
    },
    "zerocrossingrate": {
        "dmean": 0.0161728020757,
        "dmean2": 0.018544729799,
        "dvar": 0.000287692411803,
        "dvar2": 0.000379362463718,
        "max": 0.8173828125,
        "mean": 0.0727367028594,
        "median": 0.06103515625,
        "min": 0,
        "var": 0.00478839641437
    },
    "barkbands": {
        "dmean": [0.000887978821993, 0.00755523564294, 0.0042859101668, 0.00179921113886, 0.00273195188493, 0.00129689043388, 0.00070461363066, 0.000448310107458, 0.00051150273066, 0.000587929273024, 0.000348153145751, 0.000404994207202, 0.000435008201748, 0.000446324993391, 0.000414331298089, 0.000297423568554, 0.000278827355942, 0.000326873967424, 0.000250468408922, 0.000293994031381, 0.00030987415812, 0.000194689564523, 0.000185468961718, 0.000220070476644, 0.000131779379444, 0.000137994065881, 3.14338358294e-05],
        "dmean2": [0.00143876695074, 0.011495186016, 0.0072405487299, 0.00325306993909, 0.00505039235577, 0.00236244336702, 0.0012134766439, 0.000731066509616, 0.000823998299893, 0.000954446441028, 0.000588572002016, 0.000670184555929, 0.000724780315068, 0.000742390693631, 0.000671727349982, 0.000486992299557, 0.000456523324829, 0.000538596475963, 0.000400049146265, 0.000477382709505, 0.000487200653879, 0.00029535102658, 0.000282689317828, 0.000347313296515, 0.00019249835168, 0.000208264158573, 4.94089254062e-05],
        "dvar": [1.90893160834e-06, 0.000120594086184, 6.18806516286e-05, 1.91422677744e-05, 4.39813629782e-05, 7.92370428826e-06, 1.69434088093e-06, 1.09854261154e-06, 1.10027099254e-06, 8.69050666097e-07, 2.92853826522e-07, 3.57595041578e-07, 5.31254329417e-07, 5.62718184938e-07, 3.52466145159e-07, 1.71760945022e-07, 1.65256096807e-07, 3.24748668845e-07, 2.12312642134e-07, 1.91719621512e-07, 1.66447676975e-07, 7.7995970571e-08, 7.89964573755e-08, 8.21699188691e-08, 2.81515806222e-08, 3.40072041638e-08, 2.35177877173e-09],
        "dvar2": [3.71882902073e-06, 0.000206238415558, 0.000163519187481, 5.32979611307e-05, 0.000124314901768, 2.27036998695e-05, 4.47866796094e-06, 2.39560085902e-06, 2.39033852267e-06, 2.11451197174e-06, 7.68732320466e-07, 9.34213630899e-07, 1.45846217947e-06, 1.54028998622e-06, 8.66540062816e-07, 4.35234028373e-07, 4.02395414767e-07, 7.74299962814e-07, 4.62369257548e-07, 4.62339500018e-07, 3.59725703447e-07, 1.58598524536e-07, 1.71942033944e-07, 1.87291163911e-07, 4.99730035131e-08, 7.34373273303e-08, 5.33036503825e-09],
        "max": [0.0169007591903, 0.0843961387873, 0.052847340703, 0.0390611700714, 0.0866992622614, 0.0300208330154, 0.0330944694579, 0.0234093442559, 0.0244560930878, 0.0225114095956, 0.00697537930682, 0.00899954047054, 0.0116793718189, 0.00776494387537, 0.00973277911544, 0.00945533439517, 0.00778144365177, 0.00822312664241, 0.00884384848177, 0.00791001413018, 0.00464458437636, 0.00319816358387, 0.00320221437141, 0.00272728828713, 0.00215540174395, 0.00178028049413, 0.00060863152612],
        "mean": [0.00169720931444, 0.0225656554103, 0.00566390762106, 0.00175471475814, 0.00251568295062, 0.00137052964419, 0.00103597261477, 0.000795880274381, 0.000803527713288, 0.000979812233709, 0.000526433694176, 0.000660843856167, 0.000662174308673, 0.00066990434425, 0.00070054072421, 0.00049552845303, 0.000488168676384, 0.000527685333509, 0.000435835827375, 0.000580986205023, 0.000619173748419, 0.000425036618253, 0.00037192759919, 0.000387006002711, 0.000276289996691, 0.0002298138279, 4.25632824772e-05],
        "median": [0.000938350218348, 0.0180537179112, 0.00347060034983, 0.000790668418631, 0.000648261513561, 0.000562730594538, 0.000474430911709, 0.000286093214527, 0.000352365721483, 0.000620981911197, 0.000251503719483, 0.000346317363437, 0.00032472613384, 0.000347099557985, 0.000415463669924, 0.000320165941957, 0.000340386293828, 0.000287290778942, 0.000266624294454, 0.000430753541877, 0.000467719917651, 0.000302231113892, 0.000267210270977, 0.00027478102129, 0.000204319891054, 0.000165629055118, 2.39457185671e-05],
        "min": [3.47684626127e-25, 3.40436670737e-24, 6.38620965315e-25, 1.47507404616e-24, 8.80356779541e-24, 6.17396544331e-24, 8.03660251347e-24, 7.15764028224e-24, 1.74535396394e-23, 1.06394285599e-23, 1.79154176994e-23, 2.34227570236e-23, 2.67505635969e-23, 2.31968777475e-23, 4.95468640875e-23, 6.76211567955e-23, 4.40213004987e-23, 8.27147291068e-23, 1.00346723283e-22, 1.43278117777e-22, 2.1320042601e-22, 3.08579995095e-22, 3.47795495005e-22, 5.28931918527e-22, 7.74273112657e-22, 1.31313074415e-21, 1.94876906267e-21],
        "var": [4.39179575551e-06, 0.000361933372915, 5.69976364204e-05, 1.22777728393e-05, 2.93520843115e-05, 5.80412688578e-06, 2.79890582533e-06, 2.36357777794e-06, 1.92982838598e-06, 1.45837998389e-06, 5.27305701326e-07, 6.92688217896e-07, 7.95343339632e-07, 7.79422634878e-07, 6.79453421526e-07, 3.32616764354e-07, 2.97149369999e-07, 5.08007417466e-07, 3.69288670754e-07, 3.85764707289e-07, 3.41369371881e-07, 1.76255085194e-07, 1.50398847154e-07, 1.41686271604e-07, 6.96076867257e-08, 5.48871526007e-08, 3.19055182274e-09]
    },
    "erbbands": {
        "dmean": [0.305116087198, 1.89506852627, 4.91967058182, 4.94125413895, 7.26913642883, 10.1246213913, 9.12368392944, 11.1332921982, 11.0582733154, 8.03982830048, 10.6133184433, 11.9671030045, 17.5000152588, 17.1550292969, 10.8054571152, 18.6431465149, 19.6807289124, 23.5011329651, 20.1106891632, 17.0165138245, 16.4272041321, 13.0566778183, 14.8489971161, 13.6825113297, 13.0755844116, 13.6840782166, 15.2099466324, 9.99332714081, 7.49826526642, 6.41044855118, 4.92707014084, 4.08487606049, 3.83181881905, 1.71132135391, 0.926468610764, 0.499723851681, 0.293880283833, 0.0734993815422, 0.00453840894625, 7.602795813e-05],
        "dmean2": [0.391630262136, 2.90690755844, 7.86931800842, 8.50945472717, 13.160777092, 18.9660949707, 16.988992691, 20.1900844574, 19.0702381134, 13.5026483536, 17.1312465668, 19.2138004303, 27.8901405334, 28.8506660461, 17.7612686157, 30.6419429779, 32.7983894348, 38.7557945251, 32.1659545898, 27.7060375214, 26.4658603668, 21.1550140381, 23.8435974121, 22.4465522766, 20.7399635315, 22.4287548065, 24.3072433472, 15.5321702957, 11.5616016388, 9.71295928955, 7.45477294922, 6.26724290848, 6.15232229233, 2.5488653183, 1.38909256458, 0.737171769142, 0.4582028687, 0.114829592407, 0.00706428475678, 0.000115646478662],
        "dvar": [0.185955747962, 7.62820053101, 64.5482788086, 124.618965149, 283.687988281, 664.865722656, 506.05557251, 585.166015625, 368.921539307, 285.015228271, 672.285095215, 756.242248535, 1113.24816895, 749.578063965, 271.503662109, 793.020568848, 1146.97167969, 1697.93640137, 937.245727539, 582.725463867, 453.402404785, 356.686798096, 704.642272949, 554.806091309, 545.975219727, 468.666931152, 394.169067383, 180.611831665, 109.938804626, 130.676300049, 49.6205978394, 30.9609088898, 24.809961319, 4.66656160355, 1.58583235741, 0.403496354818, 0.168443188071, 0.0111600430682, 4.53313550679e-05, 1.1189279725e-08],
        "dvar2": [0.229340612888, 14.5198011398, 157.515792847, 333.255767822, 785.431335449, 1894.01403809, 1450.98327637, 1673.875, 1011.73828125, 679.317504883, 1455.42028809, 1667.39587402, 2603.54272461, 2075.52807617, 675.01373291, 2045.58190918, 3229.51049805, 4781.97705078, 2170.30322266, 1425.81652832, 1099.55932617, 866.751464844, 1624.90124512, 1313.50927734, 1223.7487793, 1144.35205078, 902.619628906, 393.065704346, 234.687866211, 288.577850342, 102.064468384, 63.5682868958, 58.0973739624, 8.82705020905, 3.02070236206, 0.816284120083, 0.380779832602, 0.025812394917, 0.000102467281977, 2.49209399783e-08],
        "max": [4.47627305984, 22.479139328, 62.4060630798, 92.5704421997, 198.185440063, 338.651885986, 295.379180908, 278.654571533, 252.382476807, 414.964813232, 642.694824219, 709.077819824, 938.384521484, 363.549377441, 255.508575439, 416.860321045, 527.733886719, 421.208099365, 542.221008301, 395.513122559, 313.663848877, 402.350311279, 424.378845215, 314.148986816, 430.726623535, 459.210479736, 249.124816895, 159.30921936, 147.892364502, 146.124465942, 89.8085021973, 62.6380310059, 50.8969306946, 24.6604480743, 22.5673599243, 6.87839984894, 4.07206821442, 1.08054995537, 0.084747582674, 0.00127550098114],
        "mean": [0.878269433975, 4.06816673279, 7.53570413589, 5.78161668777, 7.40165281296, 8.23327541351, 8.44794273376, 11.5547237396, 15.8828268051, 13.0502309799, 19.8333244324, 20.1160697937, 29.1593036652, 28.3504810333, 19.9434089661, 30.3671207428, 31.3825054169, 37.7401428223, 35.4866104126, 30.4823894501, 30.4902191162, 25.1924152374, 26.9916725159, 24.1813468933, 23.8724117279, 26.8170166016, 28.4622898102, 21.1243076324, 15.7685117722, 12.9740047455, 10.0649166107, 8.28692531586, 6.10801458359, 3.42913126945, 1.84113931656, 0.9094440341, 0.443975299597, 0.107573002577, 0.00634573353454, 0.000165024321177],
        "median": [0.619671702385, 3.24711275101, 5.14483356476, 3.32267856598, 2.08771276474, 1.9466868639, 2.40106892586, 4.60114479065, 7.98339366913, 5.74565696716, 7.78707361221, 9.74820518494, 15.414601326, 16.5279693604, 12.4258489609, 16.1490821838, 17.4383125305, 21.602355957, 20.0816326141, 20.0881710052, 21.711233139, 17.9969062805, 16.0232772827, 14.737531662, 15.3123435974, 19.449131012, 21.5001773834, 15.3868894577, 11.3218641281, 8.79460334778, 7.21122598648, 5.84226322174, 3.96835613251, 2.47641038895, 1.33409142494, 0.650103032589, 0.302133500576, 0.067860275507, 0.0037450757809, 0.000130246917251],
        "min": [4.98741088346e-23, 5.98710086094e-22, 2.26294966727e-21, 4.01920960798e-21, 6.00864845142e-21, 2.1197613105e-20, 3.56628904462e-20, 6.84015164813e-20, 1.04215619421e-19, 2.14813751523e-19, 2.84874773259e-19, 3.95734837273e-19, 3.51649160852e-19, 6.2277068641e-19, 1.03653402853e-18, 1.05597970056e-18, 1.45907649699e-18, 1.61871480719e-18, 2.33660904099e-18, 3.11348507818e-18, 4.0490168384e-18, 3.32084333452e-18, 5.47846021033e-18, 6.83104237333e-18, 7.04308970977e-18, 6.39554997879e-18, 7.12194814628e-18, 8.58660376971e-18, 1.01172204295e-17, 1.03422822121e-17, 1.09866807247e-17, 9.75871621615e-18, 8.72652467904e-18, 6.93202458251e-18, 5.81317264135e-18, 3.93016339209e-18, 1.98281727556e-18, 8.55751792802e-19, 2.29442763774e-19, 2.7380595929e-20],
        "var": [0.798935234547, 14.1664466858, 76.7058258057, 91.2688903809, 214.901077271, 411.362915039, 347.650848389, 435.118988037, 540.446411133, 533.411804199, 1456.01611328, 1265.81530762, 1808.88598633, 1229.6060791, 580.690124512, 1497.92858887, 1617.00134277, 2281.6015625, 1795.87438965, 1163.77661133, 981.676696777, 711.891174316, 1254.39916992, 936.980712891, 957.454223633, 892.007568359, 731.931274414, 390.130371094, 241.15977478, 221.914413452, 105.402259827, 67.2409973145, 39.8762664795, 11.2789773941, 3.4851872921, 0.78542983532, 0.239301174879, 0.0155136343092, 6.24311651336e-05, 1.77966548165e-08]
    },
    "gfcc": {
        "mean": [36.6174850464, 46.9846382141, -90.9964141846, 36.3595924377, -41.7315330505, 26.5999507904, -25.0121212006, 14.801410675, -19.3589439392, 13.5973930359, -16.3037471771, 5.71149349213, -11.9539852142],
        "cov": [[28545.1425781, -837.268127441, -2114.3371582, 769.305908203, -1360.60351562, 566.180114746, -822.035461426, 522.710510254, -605.499206543, 359.119445801, -610.655212402, 244.246688843, -418.065795898], [-837.268127441, 1573.38146973, 455.707641602, 164.870727539, 306.894073486, -23.2984466553, 195.606323242, -99.8219146729, 95.1068954468, -115.207458496, 104.264228821, -76.7102050781, 82.1876678467], [-2114.3371582, 455.707641602, 808.632873535, 250.306640625, 325.070709229, 46.1335487366, 144.191314697, -25.4115753174, 56.8574562073, -42.6549339294, 67.3631439209, -8.18960094452, 34.7970657349], [769.305908203, 164.870727539, 250.306640625, 383.546569824, 153.254943848, 111.217918396, 54.0920066833, 62.7687988281, 7.51053237915, 7.70142555237, 13.1851081848, 23.5425796509, -15.4502677917], [-1360.60351562, 306.894073486, 325.070709229, 153.254943848, 320.026245117, 83.8973922729, 135.103469849, 6.81104898453, 77.0616912842, 7.3110833168, 67.023109436, -12.7233724594, 25.9188079834], [566.180114746, -23.2984466553, 46.1335487366, 111.217918396, 83.8973922729, 173.995574951, 61.1894340515, 68.4650115967, 34.7930259705, 65.4110794067, 5.25464582443, 21.6510219574, 2.00087952614], [-822.035461426, 195.606323242, 144.191314697, 54.0920066833, 135.103469849, 61.1894340515, 155.412734985, 45.0302429199, 82.4240036011, 14.4173555374, 49.1482925415, 2.22044801712, 23.3004341125], [522.710510254, -99.8219146729, -25.4115753174, 62.7687988281, 6.81104898453, 68.4650115967, 45.0302429199, 135.967529297, 44.9579277039, 48.1045150757, 5.25901079178, 26.0639266968, -14.9597253799], [-605.499206543, 95.1068954468, 56.8574562073, 7.51053237915, 77.0616912842, 34.7930259705, 82.4240036011, 44.9579277039, 118.683334351, 47.2641601562, 51.5199050903, 20.5274066925, 17.4711990356], [359.119445801, -115.207458496, -42.6549339294, 7.70142555237, 7.3110833168, 65.4110794067, 14.4173555374, 48.1045150757, 47.2641601562, 113.494018555, 42.8358459473, 40.4910087585, 6.16883325577], [-610.655212402, 104.264228821, 67.3631439209, 13.1851081848, 67.023109436, 5.25464582443, 49.1482925415, 5.25901079178, 51.5199050903, 42.8358459473, 102.351325989, 32.467464447, 24.8644294739], [244.246688843, -76.7102050781, -8.18960094452, 23.5425796509, -12.7233724594, 21.6510219574, 2.22044801712, 26.0639266968, 20.5274066925, 40.4910087585, 32.467464447, 89.855758667, 27.9739112854], [-418.065795898, 82.1876678467, 34.7970657349, -15.4502677917, 25.9188079834, 2.00087952614, 23.3004341125, -14.9597253799, 17.4711990356, 6.16883325577, 24.8644294739, 27.9739112854, 93.6072463989]],
        "icov": [[0.00015371592599, -0.000309045688482, 0.000297168036923, -0.000413423520513, 0.000462606112706, -0.000395182170905, 0.000412087800214, -0.000368787179468, 0.000598555372562, -0.000718332768884, 0.00068102433579, -0.000470299768494, 0.000393275200622], [-0.000309045688482, 0.00179932836909, -0.000660223478917, 0.00022941530915, -0.000916239165235, 0.000824474962428, -0.00155318854377, 0.00166576122865, -0.00208179140463, 0.002742679324, -0.00243809237145, 0.00208782521077, -0.00155638402794], [0.000297168036923, -0.000660223478917, 0.00308926659636, -0.00188272749074, -0.000973109912593, -3.29078393406e-05, -1.32447366923e-05, 4.09072927141e-05, 0.00122173468117, -0.00082126352936, 0.00129397364799, -0.001300977543, 0.000598893966526], [-0.000413423520513, 0.00022941530915, -0.00188272749074, 0.00638331659138, -0.00287751341239, -0.00128079124261, 0.000500471156556, -0.00171609676909, 0.000474714732263, 0.00278374203481, -0.00169981247745, -0.00108400522731, 0.000634324387647], [0.000462606112706, -0.000916239165235, -0.000973109912593, -0.00287751341239, 0.0105424625799, -0.0041250823997, -0.00170144706499, 0.00116954813711, -0.000592053460423, -0.00110494822729, -0.00113324541599, 0.00169779686257, 0.000513809267431], [-0.000395182170905, 0.000824474962428, -3.29078393406e-05, -0.00128079124261, -0.0041250823997, 0.0145391570404, -0.00568452384323, -0.000806766853202, 0.00117938127369, -0.00701273279265, 0.00437157927081, 0.000190327802557, -0.00154661294073], [0.000412087800214, -0.00155318854377, -1.32447366923e-05, 0.000500471156556, -0.00170144706499, -0.00568452384323, 0.0191468223929, -0.00586274359375, -0.00538718188182, 0.00348934321664, -0.0022463221103, 0.000426395708928, -0.00057382095838], [-0.000368787179468, 0.00166576122865, 4.09072927141e-05, -0.00171609676909, 0.00116954813711, -0.000806766853202, -0.00586274359375, 0.0150640998036, -0.00547971017659, -5.21941146872e-05, 0.000149650833919, -0.000132311499328, 0.00117811001837], [0.000598555372562, -0.00208179140463, 0.00122173468117, 0.000474714732263, -0.000592053460423, 0.00117938127369, -0.00538718188182, -0.00547971017659, 0.0218361895531, -0.00970558729023, 0.00187045300845, -0.00397077482194, 0.0019830421079], [-0.000718332768884, 0.002742679324, -0.00082126352936, 0.00278374203481, -0.00110494822729, -0.00701273279265, 0.00348934321664, -5.21941146872e-05, -0.00970558729023, 0.0258954502642, -0.0132557759061, 0.000884781882633, -0.00191097462084], [0.00068102433579, -0.00243809237145, 0.00129397364799, -0.00169981247745, -0.00113324541599, 0.00437157927081, -0.0022463221103, 0.000149650833919, 0.00187045300845, -0.0132557759061, 0.0240637306124, -0.00829090829939, 0.00183427310549], [-0.000470299768494, 0.00208782521077, -0.001300977543, -0.00108400522731, 0.00169779686257, 0.000190327802557, 0.000426395708928, -0.000132311499328, -0.00397077482194, 0.000884781882633, -0.00829090829939, 0.0203982573003, -0.00744111370295], [0.000393275200622, -0.00155638402794, 0.000598893966526, 0.000634324387647, 0.000513809267431, -0.00154661294073, -0.00057382095838, 0.00117811001837, 0.0019830421079, -0.00191097462084, 0.00183427310549, -0.00744111370295, 0.0154021643102]]
    },
    "melbands": {
        "dmean": [0.00217781029642, 0.00228741928004, 0.000863788940478, 0.000638675468508, 0.000345610780641, 0.000249740929576, 0.000164255689015, 8.35398677737e-05, 8.50923242979e-05, 7.9484161688e-05, 8.79026920302e-05, 7.13772460585e-05, 3.97795920435e-05, 4.92579129059e-05, 3.60604681191e-05, 4.85470081912e-05, 4.67015634058e-05, 3.31102091877e-05, 2.92598615488e-05, 2.06536551559e-05, 2.2366974008e-05, 1.49421357492e-05, 1.62892811204e-05, 1.44685836858e-05, 1.14023523565e-05, 1.14974363896e-05, 9.40298104979e-06, 1.01288824226e-05, 1.01202704172e-05, 8.61222906678e-06, 5.75731291974e-06, 4.84498605147e-06, 3.73077455151e-06, 3.9147530515e-06, 3.1591955576e-06, 2.67836890089e-06, 2.58207523984e-06, 2.93600919576e-06, 2.2248411824e-06, 1.31613762733e-06],
        "dmean2": [0.00304600922391, 0.00337810558267, 0.00144996936433, 0.00117909023538, 0.000644751591608, 0.00045175498235, 0.000282407301711, 0.000139484414831, 0.000137899478432, 0.000127511069877, 0.000140590433148, 0.00012019409769, 6.64819672238e-05, 8.16636820673e-05, 5.90713898418e-05, 8.17480758997e-05, 7.73187130108e-05, 5.33239690412e-05, 4.75782871945e-05, 3.39506550517e-05, 3.61464990419e-05, 2.45026476478e-05, 2.6852114388e-05, 2.38687807723e-05, 1.88753674593e-05, 1.86733068404e-05, 1.4923789422e-05, 1.69872637343e-05, 1.66010431712e-05, 1.36951530294e-05, 9.079280062e-06, 7.68071367929e-06, 5.70206748307e-06, 6.1608075157e-06, 4.89142439619e-06, 4.09749327446e-06, 4.02625437346e-06, 4.79926166008e-06, 3.53436553269e-06, 1.93651840164e-06],
        "dvar": [9.3895205282e-06, 1.09138536573e-05, 3.41095596923e-06, 2.39305836658e-06, 7.43006296489e-07, 2.85141709355e-07, 8.2586375072e-08, 3.19699324791e-08, 4.41310312738e-08, 3.24564908283e-08, 2.73892748481e-08, 1.3104755503e-08, 3.36420802327e-09, 5.11208275711e-09, 2.31243557636e-09, 7.20417236977e-09, 7.10043135399e-09, 2.66761457368e-09, 1.96659111218e-09, 1.16551890361e-09, 1.00949937298e-09, 4.70845751277e-10, 9.42337763377e-10, 7.79530440198e-10, 3.71441738478e-10, 5.31348520738e-10, 2.31341168444e-10, 2.58657872898e-10, 1.66433214432e-10, 1.45502290771e-10, 6.04628291878e-11, 4.61007274022e-11, 3.67725919159e-11, 5.13785819445e-11, 2.12877094424e-11, 1.31619463592e-11, 1.25891961786e-11, 1.47430175707e-11, 9.32779114365e-12, 2.6958376937e-12],
        "dvar2": [1.33342364279e-05, 2.29200268222e-05, 8.77936145116e-06, 6.73392969475e-06, 2.12668237509e-06, 8.15030887225e-07, 2.23079169359e-07, 7.36615106689e-08, 9.50157286184e-08, 7.17569150765e-08, 6.42050963506e-08, 3.6347675092e-08, 8.46969516743e-09, 1.34992275136e-08, 5.85692916388e-09, 1.93257196912e-08, 2.01936334321e-08, 5.99402261159e-09, 4.91655249846e-09, 2.90930568525e-09, 2.46464426645e-09, 1.13186793271e-09, 2.4273068e-09, 1.82272674731e-09, 9.12768693961e-10, 1.1926665211e-09, 5.43333045222e-10, 6.68388455694e-10, 3.96662258595e-10, 3.17052467613e-10, 1.37610603468e-10, 1.06175811199e-10, 7.63653168478e-11, 1.1910379627e-10, 4.52476181523e-11, 2.7696459709e-11, 2.73806203405e-11, 3.55927093354e-11, 2.01356327445e-11, 5.13079249226e-12],
        "max": [0.0291259028018, 0.0261670313776, 0.0159393064678, 0.0226445067674, 0.011006786488, 0.00599225237966, 0.00521221151575, 0.0042777871713, 0.0048601157032, 0.00478651467711, 0.00461444398388, 0.00161110213958, 0.000750504259486, 0.00107841764111, 0.000683119986206, 0.00155743549112, 0.000948063330725, 0.000837018305901, 0.000753134081606, 0.00094589299988, 0.000408133288147, 0.000432426168118, 0.000441226002295, 0.000469508726383, 0.00024692263105, 0.000492967024911, 0.000198788955458, 0.00031706734444, 0.000179448688868, 0.000150982785271, 9.09701921046e-05, 0.000132414250402, 7.74915897637e-05, 9.5892653917e-05, 6.65280895191e-05, 5.30205725227e-05, 5.10585014126e-05, 3.38909339916e-05, 4.39318464487e-05, 1.87271889445e-05],
        "mean": [0.0068070916459, 0.00446559442207, 0.00107315741479, 0.000584212655667, 0.000303567125229, 0.000264497386524, 0.000242420617724, 0.000140565913171, 0.000156999478349, 0.000126626036945, 0.000142334058182, 0.000113143505587, 6.48701097816e-05, 7.88398392615e-05, 6.18124540779e-05, 7.13992121746e-05, 7.00230375514e-05, 5.40417349839e-05, 4.74140579172e-05, 3.60923077096e-05, 3.69517183572e-05, 2.64586124104e-05, 2.53354264714e-05, 2.38381726376e-05, 1.85709559446e-05, 1.80541428563e-05, 1.68737133208e-05, 1.79851194844e-05, 1.79021553777e-05, 1.54901899805e-05, 1.13715032057e-05, 9.18440946407e-06, 7.60128205002e-06, 7.052658475e-06, 5.90914078202e-06, 5.29991893927e-06, 4.89657259095e-06, 4.47499178335e-06, 3.53185055246e-06, 2.67342238658e-06],
        "median": [0.00503827491775, 0.00309324683622, 0.000599591992795, 0.000140720672789, 8.64761677803e-05, 0.000107664222014, 0.000120438497106, 6.45976469968e-05, 6.14992895862e-05, 5.82794600632e-05, 7.31117688701e-05, 6.10195165791e-05, 3.69403787772e-05, 4.56505549664e-05, 3.81378631573e-05, 3.59174446203e-05, 3.40686201525e-05, 2.8015623684e-05, 2.65900343948e-05, 2.22726102947e-05, 2.38050943153e-05, 1.83656775334e-05, 1.43212018884e-05, 1.27524454001e-05, 1.07851847133e-05, 1.00175211628e-05, 1.07945525087e-05, 1.25175138237e-05, 1.34128276841e-05, 1.13927208076e-05, 8.01614442025e-06, 6.47089245831e-06, 5.1052084018e-06, 4.52021231467e-06, 4.12957251683e-06, 3.68091195924e-06, 3.4169522678e-06, 2.89027184408e-06, 2.2472765977e-06, 1.93139476323e-06],
        "min": [9.55479569672e-25, 1.40159027234e-24, 1.03052203404e-24, 1.11116915793e-24, 1.35859705718e-24, 1.57124210697e-24, 1.89067259509e-24, 1.81793823912e-24, 1.99614467862e-24, 2.27967509303e-24, 1.67673785633e-24, 2.20577026469e-24, 2.77885227157e-24, 2.74986281659e-24, 2.2698206426e-24, 2.87448134316e-24, 2.23867266697e-24, 3.50304216256e-24, 3.92293112874e-24, 3.23399661489e-24, 2.82427291034e-24, 2.17251090285e-24, 2.66520325032e-24, 3.43960906832e-24, 5.03158322873e-24, 3.64731811681e-24, 2.79561241036e-24, 4.10658386393e-24, 4.24330253071e-24, 5.04616335041e-24, 4.11804009643e-24, 5.21643582136e-24, 5.016152715e-24, 5.13768699264e-24, 5.89684689035e-24, 5.62057202412e-24, 5.60867521281e-24, 5.71157896245e-24, 6.13089718776e-24, 4.67792150213e-24],
        "var": [3.80479905289e-05, 1.77882084245e-05, 2.79330834019e-06, 1.61863806625e-06, 4.76116923664e-07, 2.15772018919e-07, 1.29783558123e-07, 6.37219415012e-08, 9.48340357354e-08, 5.33692272597e-08, 4.41859455691e-08, 2.1103288006e-08, 6.67574884261e-09, 9.34608213043e-09, 4.99121410868e-09, 1.0128944794e-08, 9.403999357e-09, 4.79055595193e-09, 3.59088048185e-09, 2.24837659601e-09, 1.80747583567e-09, 8.91183349339e-10, 1.22185772611e-09, 1.21788723551e-09, 5.82213055544e-10, 8.13469069882e-10, 4.11354034169e-10, 4.31628760511e-10, 2.95897861768e-10, 2.55844900821e-10, 1.26446131343e-10, 8.95701707249e-11, 7.18452033976e-11, 7.6149218875e-11, 4.23176181596e-11, 2.90401227371e-11, 2.50405165353e-11, 2.20668951861e-11, 1.5986481236e-11, 6.89965315784e-12]
    },
    "mfcc": {
        "mean": [-606.110046387, 85.225769043, 12.2101726532, 23.0349273682, 11.1088819504, 17.347574234, 9.62142467499, 6.44984340668, 8.40637779236, 7.48731660843, 3.34879112244, 6.55520057678, 1.16498124599],
        "cov": [[10385.7363281, -627.395568848, -403.38104248, -12.7849445343, -309.918426514, -151.745132446, -106.985557556, 9.15851783752, 44.3584861755, 49.7604980469, -124.849807739, -4.17246246338, 49.2629890442], [-627.395568848, 1066.21289062, 393.682434082, 187.865600586, 171.391860962, 142.549728394, 109.991600037, 81.0044631958, 42.705242157, 11.5359964371, 46.9911842346, 5.63894414902, -5.71514606476], [-403.38104248, 393.682434082, 457.518859863, 234.835906982, 170.676315308, 115.613578796, 92.0938644409, 78.9616851807, 18.4363059998, 12.2906475067, 32.3619842529, -13.3713197708, -2.98082327843], [-12.7849445343, 187.865600586, 234.835906982, 312.304473877, 168.280319214, 97.6921539307, 90.0891952515, 94.6695404053, 16.0490856171, 17.4486598969, 66.000541687, -16.925868988, 0.106298387051], [-309.918426514, 171.391860962, 170.676315308, 168.280319214, 204.306594849, 119.638435364, 85.364151001, 50.0409049988, 34.5639457703, 20.4064350128, 58.1038475037, 13.4752044678, -10.3353347778], [-151.745132446, 142.549728394, 115.613578796, 97.6921539307, 119.638435364, 178.694213867, 75.2008895874, 39.6635360718, 45.0871315002, 37.2720909119, 41.2858848572, 31.8716831207, 2.73536872864], [-106.985557556, 109.991600037, 92.0938644409, 90.0891952515, 85.364151001, 75.2008895874, 120.067985535, 50.604598999, 27.1288261414, 39.9283561707, 37.6207923889, 9.9600944519, -4.39057588577], [9.15851783752, 81.0044631958, 78.9616851807, 94.6695404053, 50.0409049988, 39.6635360718, 50.604598999, 122.670623779, 44.2949905396, 27.8826599121, 51.9860877991, 11.7256860733, 20.670791626], [44.3584861755, 42.705242157, 18.4363059998, 16.0490856171, 34.5639457703, 45.0871315002, 27.1288261414, 44.2949905396, 116.472320557, 31.8483600616, 8.64423084259, 28.4408588409, 15.9572935104], [49.7604980469, 11.5359964371, 12.2906475067, 17.4486598969, 20.4064350128, 37.2720909119, 39.9283561707, 27.8826599121, 31.8483600616, 102.661613464, 42.8219718933, 23.7040519714, 14.2317209244], [-124.849807739, 46.9911842346, 32.3619842529, 66.000541687, 58.1038475037, 41.2858848572, 37.6207923889, 51.9860877991, 8.64423084259, 42.8219718933, 130.131256104, 33.6664123535, 15.924331665], [-4.17246246338, 5.63894414902, -13.3713197708, -16.925868988, 13.4752044678, 31.8716831207, 9.9600944519, 11.7256860733, 28.4408588409, 23.7040519714, 33.6664123535, 97.995552063, 38.5141639709], [49.2629890442, -5.71514606476, -2.98082327843, 0.106298387051, -10.3353347778, 2.73536872864, -4.39057588577, 20.670791626, 15.9572935104, 14.2317209244, 15.924331665, 38.5141639709, 94.019241333]],
