{
"lowlevel": {
    "average_loudness": 0.877660870552,
    "barkbands_crest": {
        "dmean": 3.12499117851,
        "dmean2": 5.04038667679,
        "dvar": 7.66740751266,
        "dvar2": 18.9472751617,
        "max": 26.4365215302,
        "mean": 10.3747816086,
        "median": 9.28281211853,
        "min": 1.98831903934,
        "var": 25.8754959106
    },
    "barkbands_flatness_db": {
        "dmean": 0.0449734665453,
        "dmean2": 0.0690784901381,
        "dvar": 0.00275542004965,
        "dvar2": 0.00599715532735,
        "max": 0.490926891565,
        "mean": 0.150953188539,
        "median": 0.13027150929,
        "min": 0.0152738578618,
        "var": 0.00838432367891
    },
    "barkbands_kurtosis": {
        "dmean": 8.76456165314,
        "dmean2": 13.8849592209,
        "dvar": 1149.08947754,
        "dvar2": 3048.29882812,
        "max": 1032.47094727,
        "mean": 9.3274974823,
        "median": 1.94407510757,
        "min": -1.87667632103,
        "var": 1223.9543457
    },
    "barkbands_skewness": {
        "dmean": 0.963490366936,
        "dmean2": 1.52760982513,
        "dvar": 1.66694092751,
        "dvar2": 4.41511392593,
        "max": 28.0114212036,
        "mean": 1.88667058945,
        "median": 1.50622785091,
        "min": -2.22528100014,
        "var": 3.53794956207
    },
    "barkbands_spread": {
        "dmean": 10.7580766678,
        "dmean2": 17.8142719269,
        "dvar": 147.295532227,
        "dvar2": 357.582519531,
        "max": 88.0418395996,
        "mean": 25.0939464569,
        "median": 20.8017597198,
        "min": 0.163512200117,
        "var": 325.478240967
    },
    "dissonance": {
        "dmean": 0.0166778061539,
        "dmean2": 0.0275769606233,
        "dvar": 0.000283434143057,
        "dvar2": 0.00072463118704,
        "max": 0.500000059605,
        "mean": 0.473104149103,
        "median": 0.47950720787,
        "min": 0.301147758961,
        "var": 0.000497600587551
    },
    "dynamic_complexity": 2.86971187592,
    "erbbands_crest": {
        "dmean": 2.57369017601,
        "dmean2": 4.24751615524,
        "dvar": 6.42075538635,
        "dvar2": 15.903169632,
        "max": 26.040895462,
        "mean": 6.946621418,
        "median": 6.07344579697,
        "min": 2.36588096619,
        "var": 11.3903551102
    },
    "erbbands_flatness_db": {
        "dmean": 0.01887226291,
        "dmean2": 0.030158188194,
        "dvar": 0.000471061561257,
        "dvar2": 0.000985756050795,
        "max": 0.310379564762,
        "mean": 0.150019049644,
        "median": 0.139913380146,
        "min": 0.0584095157683,
        "var": 0.00232739094645
    },
    "erbbands_kurtosis": {
        "dmean": 1.11291062832,
        "dmean2": 1.78788137436,
        "dvar": 2.8810236454,
        "dvar2": 6.87485933304,
        "max": 24.1886119843,
        "mean": 0.296420544386,
        "median": -0.20387673378,
        "min": -1.87018311024,
        "var": 3.78834581375
    },
    "erbbands_skewness": {
        "dmean": 0.563184678555,
        "dmean2": 0.875157952309,
        "dvar": 0.384564697742,
        "dvar2": 0.880681276321,
        "max": 4.78133630753,
        "mean": 0.243247404695,
        "median": 0.11024492234,
        "min": -2.95847630501,
        "var": 0.664698064327
    },
    "erbbands_spread": {
        "dmean": 10.4338712692,
        "dmean2": 16.8645801544,
        "dvar": 121.541381836,
        "dvar2": 307.673156738,
        "max": 140.191696167,
        "mean": 41.5094718933,
        "median": 38.6016426086,
        "min": 7.55969524384,
        "var": 312.951599121
    },
    "hfc": {
        "dmean": 13.5788583755,
        "dmean2": 23.0520610809,
        "dvar": 532.736755371,
        "dvar2": 1432.11755371,
        "max": 189.337814331,
        "mean": 23.4095630646,
        "median": 13.6471862793,
        "min": 1.0931989197e-16,
        "var": 672.413635254
    },
    "melbands_crest": {
        "dmean": 4.20455408096,
        "dmean2": 6.78911781311,
        "dvar": 13.6431331635,
        "dvar2": 34.0451889038,
        "max": 34.6956748962,
        "mean": 15.811621666,
        "median": 14.7706718445,
        "min": 1.00064229965,
        "var": 41.6758995056
    },
    "melbands_flatness_db": {
        "dmean": 0.0584836490452,
        "dmean2": 0.0909819751978,
        "dvar": 0.00446983100846,
        "dvar2": 0.0100650917739,
        "max": 0.62531542778,
        "mean": 0.218869864941,
        "median": 0.199794590473,
        "min": -1.72573102475e-08,
        "var": 0.0133516546339
    },
    "melbands_kurtosis": {
        "dmean": 14.825958252,
        "dmean2": 23.6915569305,
        "dvar": 923.437072754,
        "dvar2": 2290.2980957,
        "max": 532.186889648,
        "mean": 21.0483512878,
        "median": 9.33003139496,
        "min": -1.57170844078,
        "var": 1473.99023438
    },
    "melbands_skewness": {
        "dmean": 1.09733653069,
        "dmean2": 1.75886678696,
        "dvar": 1.68315660954,
        "dvar2": 4.35529232025,
        "max": 17.4508304596,
        "mean": 3.14212059975,
        "median": 2.70583987236,
        "min": -0.444624006748,
        "var": 3.85449147224
    },
    "melbands_spread": {
        "dmean": 13.3644294739,
        "dmean2": 22.4593276978,
        "dvar": 244.788085938,
        "dvar2": 616.301391602,
        "max": 175.806854248,
        "mean": 25.2851848602,
        "median": 18.3160552979,
        "min": 0.303792536259,
        "var": 550.524230957
    },
    "pitch_salience": {
        "dmean": 0.0943735688925,
        "dmean2": 0.151797771454,
        "dvar": 0.00799181871116,
        "dvar2": 0.0200538467616,
        "max": 0.997746706009,
        "mean": 0.563512027264,
        "median": 0.589079260826,
        "min": 0.0473776124418,
        "var": 0.0205035284162
    },
    "silence_rate_20dB": {
        "dmean": 0,
        "dmean2": 0,
        "dvar": 0,
        "dvar2": 0,
        "max": 1,
        "mean": 1,
        "median": 1,
        "min": 1,
        "var": 0
    },
    "silence_rate_30dB": {
        "dmean": 0.0173975210637,
        "dmean2": 0.0347991883755,
        "dvar": 0.0170965157449,
        "dvar2": 0.04789403826,
        "max": 1,
        "mean": 0.989753365517,
        "median": 1,
        "min": 0,
        "var": 0.0101429363713
    },
    "silence_rate_60dB": {
        "dmean": 0.000476644432638,
        "dmean2": 0.000953402428422,
        "dvar": 0.000476428453112,
        "dvar2": 0.000952538102865,
        "max": 1,
        "mean": 0.0450375303626,
        "median": 0,
        "min": 0,
        "var": 0.0430090464652
    },
    "spectral_centroid": {
        "dmean": 533.837524414,
        "dmean2": 883.78302002,
        "dvar": 323965.4375,
        "dvar2": 788350.5,
        "max": 11880,
        "mean": 1458.82519531,
        "median": 1272.49072266,
        "min": 125.296234131,
        "var": 1168336.5
    },
    "spectral_complexity": {
        "dmean": 8.1756439209,
        "dmean2": 13.2115364075,
        "dvar": 66.2607955933,
        "dvar2": 152.384552002,
        "max": 61,
        "mean": 21.9148101807,
        "median": 20,
        "min": 0,
        "var": 203.834915161
    },
    "spectral_decrease": {
        "dmean": 2.77996159426e-09,
        "dmean2": 4.3879109235e-09,
        "dvar": 1.56154378488e-17,
        "dvar2": 3.42392753372e-17,
        "max": 1.37406880219e-28,
        "mean": -8.06183919622e-09,
        "median": -6.4705778513e-09,
        "min": -4.39110898753e-08,
        "var": 3.59589970656e-17
    },
    "spectral_energy": {
        "dmean": 0.0110057024285,
        "dmean2": 0.0174139030278,
        "dvar": 0.000231072714087,
        "dvar2": 0.000496935215779,
        "max": 0.17002248764,
        "mean": 0.0325504466891,
        "median": 0.0264696367085,
        "min": 1.00377947281e-20,
        "var": 0.00055570655968
    },
    "spectral_energyband_high": {
        "dmean": 0.00115834432654,
        "dmean2": 0.00198753015138,
        "dvar": 5.73756051381e-06,
        "dvar2": 1.60078488989e-05,
        "max": 0.0198333505541,
        "mean": 0.0015954709379,
        "median": 0.000396178220399,
        "min": 7.29566434026e-21,
        "var": 6.4331197791e-06
    },
    "spectral_energyband_low": {
        "dmean": 0.00789048708975,
        "dmean2": 0.0122510781512,
        "dvar": 0.00010889430996,
        "dvar2": 0.0002361254883,
        "max": 0.13099950552,
        "mean": 0.0171599332243,
        "median": 0.0113694230095,
        "min": 1.82388554037e-23,
        "var": 0.00030287046684
    },
    "spectral_energyband_middle_high": {
        "dmean": 0.00298459106125,
        "dmean2": 0.00511597609147,
        "dvar": 1.61257103173e-05,
        "dvar2": 4.23911296821e-05,
        "max": 0.0377592220902,
        "mean": 0.00443843379617,
        "median": 0.00329544465058,
        "min": 1.18437370024e-21,
        "var": 1.98933012143e-05
    },
    "spectral_energyband_middle_low": {
        "dmean": 0.0070963720791,
        "dmean2": 0.0117818079889,
        "dvar": 0.000272524077445,
        "dvar2": 0.000659591867588,
        "max": 0.161858513951,
        "mean": 0.011425790377,
        "median": 0.00803348701447,
        "min": 1.32538224626e-22,
        "var": 0.000257191364653
    },
    "spectral_entropy": {
        "dmean": 0.2945972085,
        "dmean2": 0.465717554092,
        "dvar": 0.137305811048,
        "dvar2": 0.29947412014,
        "max": 9.82015419006,
        "mean": 7.67271566391,
        "median": 7.80448770523,
        "min": 5.28253316879,
        "var": 0.38183042407
    },
    "spectral_flux": {
        "dmean": 0.0316336192191,
        "dmean2": 0.0459170229733,
        "dvar": 0.00131158914883,
        "dvar2": 0.00206960598007,
        "max": 0.418214291334,
        "mean": 0.101568050683,
        "median": 0.0914093926549,
        "min": 6.33242139281e-11,
        "var": 0.00363324279897
    },
    "spectral_kurtosis": {
        "dmean": 2.76494598389,
        "dmean2": 4.71935462952,
        "dvar": 26.057592392,
        "dvar2": 67.6036071777,
        "max": 70.193145752,
        "mean": 4.78895044327,
        "median": 2.6405954361,
        "min": -1.24687826633,
        "var": 38.5066413879
    },
    "spectral_rms": {
        "dmean": 0.000882561085746,
        "dmean2": 0.00139457092155,
        "dvar": 9.43512532103e-07,
        "dvar2": 1.93925939129e-06,
        "max": 0.0128792701289,
        "mean": 0.00526171876118,
        "median": 0.00508173555136,
        "min": 3.1293721954e-12,
        "var": 4.07102334066e-06
    },
    "spectral_rolloff": {
        "dmean": 926.266540527,
        "dmean2": 1595.66882324,
        "dvar": 1490756.5,
        "dvar2": 3595895.5,
        "max": 19315.2832031,
        "mean": 1758.99328613,
        "median": 839.794921875,
        "min": 64.599609375,
        "var": 6334053.5
    },
    "spectral_skewness": {
        "dmean": 0.368935853243,
        "dmean2": 0.612217366695,
        "dvar": 0.27297514677,
        "dvar2": 0.655941963196,
        "max": 6.35371160507,
        "mean": 1.46064913273,
        "median": 1.25071465969,
        "min": -0.0850661993027,
        "var": 0.496469408274
    },
    "spectral_spread": {
        "dmean": 565039.1875,
        "dmean2": 889791.75,
        "dvar": 700421111808,
        "dvar2": 1.4603780096e+12,
        "max": 42057768,
        "mean": 4532786,
        "median": 4196040,
        "min": 1030932.875,
        "var": 9.47514349978e+12
    },
    "spectral_strongpeak": {
        "dmean": 0.252234190702,
        "dmean2": 0.430416345596,
        "dvar": 0.181351199746,
        "dvar2": 0.475081712008,
        "max": 7.23414754868,
        "mean": 0.376505196095,
        "median": 0.229838401079,
        "min": 0,
        "var": 0.198452249169
    },
    "zerocrossingrate": {
        "dmean": 0.0128136007115,
        "dmean2": 0.0169334262609,
        "dvar": 0.000193440617295,
        "dvar2": 0.000261070323177,
        "max": 0.85791015625,
        "mean": 0.0647597163916,
        "median": 0.04443359375,
        "min": 0.001953125,
        "var": 0.00797666888684
    },
    "barkbands": {
        "dmean": [0.00054802960949, 0.00560942385346, 0.00304726418108, 0.00428377976641, 0.00309541402385, 0.00106955540832, 0.00061706796987, 0.000527584576048, 0.00057416461641, 0.000379468227038, 0.000360101432307, 0.000319435581332, 0.000482117029605, 0.0003564125509, 0.000396664661821, 0.000465248245746, 0.000340474100085, 0.000313577475026, 0.000332692754455, 0.000310793169774, 0.000308990391204, 0.000252197351074, 0.000222139060497, 0.000146929291077, 0.000106922008854, 4.20020369347e-05, 5.26307758264e-06],
        "dmean2": [0.000788980454672, 0.00869547110051, 0.00506668072194, 0.00753314653412, 0.00562510220334, 0.00185035041068, 0.00102061789948, 0.00084061693633, 0.000929989153519, 0.000624010630418, 0.000597155769356, 0.000542466354091, 0.000847283576149, 0.000626865832601, 0.000702186429407, 0.000830041070003, 0.000599240302108, 0.0005479970132, 0.000583766086493, 0.000537202111445, 0.000549510470591, 0.000421977689257, 0.000386909028748, 0.000255716557149, 0.000188297752175, 7.09866944817e-05, 9.61028217716e-06],
        "dvar": [3.93625384731e-07, 7.49620012357e-05, 4.37531598436e-05, 0.000125815771753, 8.5559739091e-05, 5.22954633198e-06, 1.05425692709e-06, 7.90178432908e-07, 8.13497251784e-07, 4.56094085166e-07, 2.70916103773e-07, 1.98483235181e-07, 4.79453262869e-07, 3.26726450339e-07, 3.73284848365e-07, 5.06096682784e-07, 2.44944743599e-07, 2.77034160945e-07, 2.69249341045e-07, 2.54105714248e-07, 4.28161143873e-07, 2.28049799489e-07, 2.35398275095e-07, 1.10899009087e-07, 8.64151772362e-08, 1.30805952736e-08, 4.55245785513e-10],
        "dvar2": [7.96191102381e-07, 0.00016042709467, 0.000106004205009, 0.000338589859894, 0.000243443122599, 1.49235656863e-05, 2.59912803813e-06, 1.83249028396e-06, 1.92235825125e-06, 1.03315369415e-06, 6.9838483796e-07, 5.25710674992e-07, 1.30915293539e-06, 8.92168316113e-07, 9.93080220724e-07, 1.36579274113e-06, 6.36766685602e-07, 7.30833392026e-07, 6.94894822573e-07, 6.7356074851e-07, 1.22029484828e-06, 5.64183153529e-07, 6.58930389363e-07, 3.11342091663e-07, 2.41087946051e-07, 3.25102575971e-08, 1.26740573592e-09],
        "max": [0.00761948805302, 0.119326934218, 0.0730020180345, 0.113590836525, 0.0965763702989, 0.0289826951921, 0.0205218810588, 0.0251807793975, 0.0151085564867, 0.0164887029678, 0.01285655424, 0.0055655259639, 0.00778952334076, 0.00865065958351, 0.00798982381821, 0.00643757451326, 0.0066059785895, 0.00552591914311, 0.0050289677456, 0.00675403047353, 0.00637449743226, 0.00441485643387, 0.00436205463484, 0.00363825983368, 0.00393098173663, 0.00151124794502, 0.000324637338053],
        "mean": [0.000925233995076, 0.0109688453376, 0.00331397447735, 0.00397147098556, 0.00305197527632, 0.00146996474359, 0.000958004442509, 0.000840645108838, 0.000926824111957, 0.00053058686899, 0.000504305120558, 0.000405117782066, 0.000567890354432, 0.000419945630711, 0.000402861856855, 0.000471923587611, 0.000357103708666, 0.000345838692738, 0.000358424149454, 0.00037204803084, 0.000350957154296, 0.000335961114615, 0.000287249189569, 0.000216994332732, 0.000143132856465, 4.97901164636e-05, 3.49569631908e-06],
        "median": [0.000659042154439, 0.00612492859364, 0.00166864681523, 0.00157670327462, 0.00150725909043, 0.000792691658717, 0.000467546837172, 0.000368477310985, 0.000411776825786, 0.000282481050817, 0.000279925414361, 0.000235409970628, 0.000287398113869, 0.000201824281248, 0.000160035662702, 0.00018150836695, 0.000170451690792, 0.000164161450812, 0.000157196351211, 0.000144880905282, 0.000115745715448, 7.18774463166e-05, 4.54844230262e-05, 2.49945351243e-05, 1.00576780824e-05, 2.07801349461e-06, 1.03351665004e-08],
        "min": [6.10620495396e-25, 4.81442796533e-24, 7.49308306902e-25, 2.41140855331e-24, 1.02397506045e-23, 1.18119401334e-23, 1.66463108969e-23, 7.62917242201e-24, 8.44673603126e-24, 1.39378910851e-23, 2.14830080111e-23, 2.58646759557e-23, 3.89441002048e-23, 5.48576397846e-23, 5.97177676454e-23, 4.38902012826e-23, 8.88535247644e-23, 1.1756447082e-22, 1.01358932798e-22, 2.0014514406e-22, 2.86104880899e-22, 3.65680372744e-22, 4.52471480625e-22, 6.16137273046e-22, 8.96670852201e-22, 1.32855606718e-21, 1.95035657898e-21],
        "var": [9.43084216942e-07, 0.000195906686713, 3.94268354285e-05, 9.17730867513e-05, 5.18490232935e-05, 4.5561710067e-06, 1.97545773517e-06, 1.77560775683e-06, 1.93983919416e-06, 8.16663600745e-07, 4.49109478495e-07, 2.65145814637e-07, 5.91564855768e-07, 3.81845552511e-07, 3.66469322444e-07, 4.75585324011e-07, 2.44588591158e-07, 2.58618115367e-07, 2.67173419388e-07, 2.89334764147e-07, 3.57586628752e-07, 3.22585350432e-07, 2.53457386634e-07, 1.43545008768e-07, 9.0180726886e-08, 1.66169158433e-08, 2.89679280563e-10]
    },
    "erbbands": {
        "dmean": [0.218193218112, 1.1883392334, 3.11359858513, 9.13285541534, 12.7039775848, 9.66991424561, 8.17999458313, 9.78432178497, 9.75660228729, 10.4275283813, 8.92814064026, 14.1491594315, 12.4433927536, 9.43799114227, 15.8307256699, 12.7455759048, 21.0130004883, 18.6981620789, 19.6110286713, 21.5200862885, 24.3229122162, 19.521484375, 18.117565155, 17.1568183899, 15.6623659134, 15.1604232788, 13.6276025772, 10.6835803986, 9.73649024963, 7.30839395523, 6.21192502975, 3.59853553772, 2.37754392624, 1.50261497498, 0.603665292263, 0.219828248024, 0.0753546506166, 0.0147695140913, 0.000650491565466, 2.569942626e-05],
        "dmean2": [0.329446285963, 1.85291409492, 5.01108074188, 15.522143364, 22.5902137756, 17.7094535828, 15.0143404007, 16.5089378357, 16.4192352295, 16.4724407196, 14.4560709, 23.0292205811, 20.3522148132, 15.8453083038, 26.3210296631, 21.6483345032, 36.7121429443, 32.8868598938, 34.5769538879, 38.129573822, 43.805305481, 34.3301849365, 31.8479480743, 30.1147956848, 27.2282123566, 26.3404273987, 24.1151161194, 18.7255878448, 16.4287872314, 12.5432157516, 10.862036705, 6.24228858948, 4.19186925888, 2.65766310692, 1.06056916714, 0.37166672945, 0.129178136587, 0.0259283985943, 0.001166167669, 4.22571174568e-05],
        "dvar": [0.101014845073, 4.160779953, 47.9636650085, 433.311279297, 1299.01879883, 831.163574219, 581.356994629, 322.162384033, 280.713867188, 310.115905762, 201.896728516, 541.498840332, 466.567321777, 182.168869019, 578.222595215, 321.630584717, 924.526428223, 787.841369629, 969.938415527, 1117.06872559, 1478.41491699, 817.752929688, 887.452575684, 810.884277344, 580.689697266, 676.810119629, 771.715698242, 440.286895752, 356.204223633, 208.773040771, 182.061828613, 60.3158416748, 33.4881782532, 16.9695472717, 2.62226843834, 0.326980382204, 0.0469224900007, 0.0024422921706, 5.57491648578e-06, 2.80384027107e-09],
        "dvar2": [0.233728379011, 7.95894575119, 111.600364685, 1115.54382324, 3558.68823242, 2392.09375, 1693.05517578, 891.486022949, 739.241699219, 695.000183105, 485.246246338, 1301.09692383, 1052.10839844, 453.682189941, 1491.40673828, 849.668701172, 2522.93041992, 2151.71411133, 2600.86694336, 2967.27001953, 4018.65039062, 2120.08129883, 2348.6730957, 2165.2578125, 1447.52685547, 1837.93164062, 2178.61035156, 1236.52099609, 890.792053223, 560.226379395, 511.479858398, 168.442504883, 95.1684951782, 47.6195983887, 7.2178144455, 0.819227337837, 0.121679998934, 0.00661423476413, 1.50336090883e-05, 7.11708825207e-09],
        "max": [4.44782781601, 26.7050857544, 89.7795791626, 205.385513306, 362.28527832, 329.01272583, 295.520233154, 215.465133667, 179.125259399, 456.086364746, 237.353790283, 416.387207031, 672.085449219, 243.533706665, 648.824035645, 236.016891479, 408.077819824, 385.391296387, 374.315093994, 514.281616211, 370.464935303, 461.932403564, 327.761474609, 308.364898682, 230.928268433, 378.848602295, 279.176574707, 214.661697388, 168.894668579, 117.197013855, 108.219909668, 90.0009536743, 71.9675521851, 48.8512687683, 24.0475330353, 7.93703842163, 2.71420741081, 0.600918769836, 0.0355538465083, 0.000713204673957],
        "mean": [0.416584521532, 2.00845694542, 3.80366754532, 9.37386322021, 12.1421499252, 9.4912481308, 8.95889472961, 14.0383005142, 14.9634027481, 17.2806415558, 15.4246997833, 22.311044693, 19.1969833374, 13.5841751099, 22.6402111053, 16.7480182648, 25.9006137848, 23.4632091522, 21.2841472626, 23.2863559723, 24.0715446472, 20.8115139008, 19.679485321, 18.5962772369, 17.6872787476, 17.6670055389, 15.4191055298, 12.855219841, 12.3511552811, 9.63188457489, 8.15575218201, 5.15270137787, 3.3817088604, 1.95171141624, 0.820526182652, 0.290179461241, 0.0804679915309, 0.0124412039295, 0.000508714816533, 5.3219813708e-05],
        "median": [0.260231822729, 0.913424551487, 2.02027273178, 4.38138914108, 5.3251991272, 4.53271865845, 4.58038711548, 7.75656414032, 7.33965778351, 8.495470047, 7.12522697449, 10.1428728104, 11.0615825653, 8.53142929077, 12.7698154449, 10.5798244476, 14.1116962433, 12.9998598099, 10.0722723007, 9.66485786438, 9.87421417236, 9.88527202606, 9.2763633728, 8.98523521423, 7.1626906395, 6.58409738541, 5.54469060898, 4.09943723679, 2.70807528496, 1.85919439793, 1.18165016174, 0.673500955105, 0.342933267355, 0.146705269814, 0.0557039827108, 0.0147362528369, 0.00267836661078, 0.000244037859375, 2.84122470475e-05, 3.58544057235e-05],
        "min": [1.17164221729e-22, 7.20905018966e-22, 1.42412935526e-21, 5.72006056456e-21, 1.55602802953e-20, 3.19028311119e-20, 6.22232786367e-20, 8.18100560496e-20, 1.26140920436e-19, 2.24293952202e-19, 2.84638561496e-19, 2.53008803383e-19, 3.97628977478e-19, 7.80065232043e-19, 1.19003269403e-18, 1.25040250648e-18, 2.09125341603e-18, 2.14725044158e-18, 2.84988474404e-18, 2.15774715675e-18, 2.77745184652e-18, 5.73472738154e-18, 6.48164169618e-18, 8.1590845691e-18, 8.09748194734e-18, 1.03915019401e-17, 1.04741579628e-17, 1.27799710696e-17, 1.3492498659e-17, 1.31739158364e-17, 1.32585802536e-17, 1.11504293988e-17, 1.07514396575e-17, 7.73548206869e-18, 6.70639163169e-18, 4.19869558383e-18, 2.44127137672e-18, 9.77394543841e-19, 2.58633321356e-19, 2.61576093933e-20],
        "var": [0.274443656206, 9.45779895782, 50.3561820984, 359.523773193, 878.569763184, 496.85760498, 346.07711792, 359.158874512, 441.181762695, 672.072631836, 549.572875977, 1143.43432617, 896.213500977, 296.534881592, 964.087158203, 408.169158936, 1170.64160156, 989.382568359, 955.920166016, 1115.890625, 1252.45666504, 831.397583008, 815.899597168, 729.186828613, 656.751220703, 700.493103027, 663.786560059, 426.256744385, 463.871337891, 256.000488281, 205.155822754, 77.3026199341, 38.9193649292, 16.5933074951, 3.05640077591, 0.472762048244, 0.0495602265, 0.00186086981557, 4.03227568313e-06, 3.45103057242e-09]
    },
    "gfcc": {
        "mean": [-29.1928844452, 109.128417969, -115.391967773, 47.984500885, -52.7983665466, 17.5382270813, -29.2520885468, 5.80499792099, -16.1103954315, 0.348845154047, -9.27093982697, -2.34180617332, -6.15431690216],
        "cov": [[34323.5859375, -1388.98925781, -1874.07714844, 1554.4128418, -1859.57324219, 1232.54760742, -894.098083496, 784.523010254, -977.082885742, 537.349182129, -718.119018555, 49.6421737671, -737.099121094], [-1388.98925781, 3449.01269531, -202.129577637, -18.604593277, 563.600097656, -474.223205566, 594.298278809, -334.860809326, 489.489257812, -366.929199219, 425.308502197, -190.620025635, 327.177642822], [-1874.07714844, -202.129577637, 915.043273926, 57.5358467102, 137.361602783, 33.3751487732, 45.5997886658, -7.16573476791, -10.6077756882, 35.6668128967, 8.72177505493, 27.2463512421, -24.321559906], [1554.4128418, -18.604593277, 57.5358467102, 446.105743408, -13.2469949722, 118.717544556, 42.2880096436, 5.57867527008, -13.0585308075, -11.4349269867, 16.5336933136, -27.0771903992, 6.08966684341], [-1859.57324219, 563.600097656, 137.361602783, -13.2469949722, 416.869384766, -76.6948623657, 178.994720459, -87.0539093018, 148.120422363, -61.593963623, 108.934707642, -32.0965919495, 87.4151077271], [1232.54760742, -474.223205566, 33.3751487732, 118.717544556, -76.6948623657, 236.974868774, -48.861415863, 109.759735107, -65.7766189575, 77.9852523804, -56.2783737183, 18.7172775269, -58.7573471069], [-894.098083496, 594.298278809, 45.5997886658, 42.2880096436, 178.994720459, -48.861415863, 277.7605896, -22.3210277557, 150.447570801, -77.4349365234, 115.691719055, -43.6397285461, 72.8462905884], [784.523010254, -334.860809326, -7.16573476791, 5.57867527008, -87.0539093018, 109.759735107, -22.3210277557, 146.319351196, -22.5165557861, 74.3448867798, -40.5222320557, 28.1638870239, -43.7455024719], [-977.082885742, 489.489257812, -10.6077756882, -13.0585308075, 148.120422363, -65.7766189575, 150.447570801, -22.5165557861, 169.922409058, -40.2553672791, 101.331573486, -26.030960083, 75.0439300537], [537.349182129, -366.929199219, 35.6668128967, -11.4349269867, -61.593963623, 77.9852523804, -77.4349365234, 74.3448867798, -40.2553672791, 119.781967163, -25.5498714447, 42.1867027283, -43.0498313904], [-718.119018555, 425.308502197, 8.72177505493, 16.5336933136, 108.934707642, -56.2783737183, 115.691719055, -40.5222320557, 101.331573486, -25.5498714447, 131.882904053, -1.57990586758, 71.4499282837], [49.6421737671, -190.620025635, 27.2463512421, -27.0771903992, -32.0965919495, 18.7172775269, -43.6397285461, 28.1638870239, -26.030960083, 42.1867027283, -1.57990586758, 70.5365142822, 1.68667411804], [-737.099121094, 327.177642822, -24.321559906, 6.08966684341, 87.4151077271, -58.7573471069, 72.8462905884, -43.7455024719, 75.0439300537, -43.0498313904, 71.4499282837, 1.68667411804, 100.717811584]],
        "icov": [[0.000121917168144, -0.000299585313769, 0.00022700097179, -0.000441329961177, 0.000220787114813, -0.000260543485638, 6.90723245498e-05, -0.000287363072857, 0.000445292156655, -0.000486045086291, 0.000490661826916, -0.000372502894606, 0.000547168892808], [-0.000299585313769, 0.00170888658613, -0.000401301600505, 0.00110400188714, -0.000636157637928, 0.00128113524988, -0.000611134804785, 0.00103963247966, -0.00170135730878, 0.00213278294541, -0.00267585669644, 0.00206173909828, -0.00167128327303], [0.00022700097179, -0.000401301600505, 0.00175405223854, -0.00104836141691, -0.000234658480622, -0.000324273423757, -0.000526960648131, -6.51470472803e-05, 0.00117119844072, -0.00136943953112, 0.000924433814362, -0.00141435011756, 0.00172909244429], [-0.000441329961177, 0.00110400188714, -0.00104836141691, 0.00477341096848, -0.000277066166745, -0.00154491642024, -0.000724687357433, 0.00196849554777, -0.000768709054682, 0.00228786212392, -0.00297182751819, 0.00293484469876, -0.00302986078896], [0.000220787114813, -0.000636157637928, -0.000234658480622, -0.000277066166745, 0.00511395512149, -0.00155248609371, -0.00149983400479, 0.00252815522254, -0.00171712774318, -0.0018951081438, 0.00151957967319, -0.000552045181394, -0.000118275216664], [-0.000260543485638, 0.00128113524988, -0.000324273423757, -0.00154491642024, -0.00155248609371, 0.0106129096821, -0.000794052088168, -0.00484935427085, 0.00120148761198, -0.000964496983215, -0.00105473655276, 0.00211205706, -0.000641076476313], [6.90723245498e-05, -0.000611134804785, -0.000526960648131, -0.000724687357433, -0.00149983400479, -0.000794052088168, 0.0112838400528, -0.00507483398542, -0.00368503201753, 0.00571274710819, -0.00497284717858, 0.00183539814316, 0.0015648676781], [-0.000287363072857, 0.00103963247966, -6.51470472803e-05, 0.00196849554777, 0.00252815522254, -0.00484935427085, -0.00507483398542, 0.0189845189452, -0.00621850043535, -0.00581288896501, 0.00437746942043, -0.00321929086931, 0.000375120871468], [0.000445292156655, -0.00170135730878, 0.00117119844072, -0.000768709054682, -0.00171712774318, 0.00120148761198, -0.00368503201753, -0.00621850043535, 0.021363215521, -0.004139685072, -0.00402299780399, 0.00380061613396, -0.00362611352466], [-0.000486045086291, 0.00213278294541, -0.00136943953112, 0.00228786212392, -0.0018951081438, -0.000964496983215, 0.00571274710819, -0.00581288896501, -0.004139685072, 0.0235669612885, -0.00951520074159, -0.0031559637282, 0.00343180098571], [0.000490661826916, -0.00267585669644, 0.000924433814362, -0.00297182751819, 0.00151957967319, -0.00105473655276, -0.00497284717858, 0.00437746942043, -0.00402299780399, -0.00951520074159, 0.0260705426335, -0.00806145649403, -0.00317917158827], [-0.000372502894606, 0.00206173909828, -0.00141435011756, 0.00293484469876, -0.000552045181394, 0.00211205706, 0.00183539814316, -0.00321929086931, 0.00380061613396, -0.0031559637282, -0.00806145649403, 0.026638591662, -0.00986509118229], [0.000547168892808, -0.00167128327303, 0.00172909244429, -0.00302986078896, -0.000118275216664, -0.000641076476313, 0.0015648676781, 0.000375120871468, -0.00362611352466, 0.00343180098571, -0.00317917158827, -0.00986509118229, 0.0253119319677]]
    },
    "melbands": {
        "dmean": [0.00167070189491, 0.00149083428551, 0.00166125397664, 0.000754818087444, 0.00031843787292, 0.000215027306695, 0.000140542368172, 0.000119844189612, 7.36190413591e-05, 9.29083107621e-05, 6.30546128377e-05, 3.97375370085e-05, 4.83574585814e-05, 3.75289637304e-05, 3.79378143407e-05, 5.37063569936e-05, 3.38040408678e-05, 3.23391650454e-05, 3.0042587241e-05, 3.18890197377e-05, 2.81054617517e-05, 2.07374450838e-05, 1.837279342e-05, 1.45108770084e-05, 1.43124061651e-05, 1.24318803501e-05, 1.06124389276e-05, 1.0276183275e-05, 9.02795000002e-06, 7.39587858334e-06, 6.2499411797e-06, 5.76142565478e-06, 4.94895903103e-06, 4.00170802095e-06, 3.80607161787e-06, 3.17587205245e-06, 1.88962087577e-06, 1.81528207577e-06, 1.42494820921e-06, 1.26506040488e-06],
        "dmean2": [0.00252455938607, 0.00227138074115, 0.00282388040796, 0.001354452339, 0.000584830180742, 0.000365458749002, 0.000235195562709, 0.000189113401575, 0.000119327109132, 0.000150880339788, 0.000103172016679, 6.66364794597e-05, 8.07831602287e-05, 6.36171098449e-05, 6.46101325401e-05, 9.44873972912e-05, 5.94209595874e-05, 5.71515010961e-05, 5.346974649e-05, 5.63503635931e-05, 5.10607314936e-05, 3.63466715498e-05, 3.26053777826e-05, 2.53177731793e-05, 2.52793543041e-05, 2.16668013309e-05, 1.83975462278e-05, 1.79977014341e-05, 1.59943538165e-05, 1.31047772811e-05, 1.09423308459e-05, 9.68534095591e-06, 8.38598953123e-06, 6.96807455824e-06, 6.69052724334e-06, 5.56652184969e-06, 3.28378905579e-06, 3.20689423461e-06, 2.51725737144e-06, 2.23827282753e-06],
        "dvar": [5.92797732679e-06, 8.04225419415e-06, 1.61338539328e-05, 4.81915731143e-06, 8.84057669737e-07, 1.64138626246e-07, 5.70143185996e-08, 4.19667962603e-08, 1.57058970274e-08, 2.41018653924e-08, 1.22865033703e-08, 3.59428775631e-09, 5.14989517697e-09, 2.63157362568e-09, 3.26914029181e-09, 6.32964480829e-09, 2.79746181775e-09, 2.82771339677e-09, 2.23056217941e-09, 2.28619390086e-09, 2.11047712639e-09, 9.40985511733e-10, 9.36013266895e-10, 6.2233052045e-10, 5.88687487646e-10, 3.698735207e-10, 2.76193651283e-10, 3.35158456544e-10, 3.65595248519e-10, 2.19439036386e-10, 1.88756149599e-10, 1.22435478422e-10, 9.58418761021e-11, 6.67259233977e-11, 6.63729141093e-11, 4.98011319683e-11, 1.50281974365e-11, 1.93716622604e-11, 1.36638617088e-11, 1.19715565586e-11],
        "dvar2": [1.3960013348e-05, 1.68168280652e-05, 4.1806131776e-05, 1.33878993438e-05, 2.56964722212e-06, 4.58146246274e-07, 1.48192469851e-07, 9.37005140145e-08, 3.66318495537e-08, 5.73670035919e-08, 2.77137779392e-08, 8.74120509309e-09, 1.35457511874e-08, 7.02292535237e-09, 8.4701614611e-09, 1.7294578214e-08, 7.70876606992e-09, 7.59263230066e-09, 6.01159699798e-09, 6.0126827961e-09, 5.76027447963e-09, 2.43871101091e-09, 2.51631715464e-09, 1.64289004623e-09, 1.58564517072e-09, 9.28122356747e-10, 6.99710733798e-10, 9.23148280041e-10, 1.04228747855e-09, 6.10623662745e-10, 5.42333067344e-10, 2.98544078348e-10, 2.5142221638e-10, 1.82592468922e-10, 1.87470025614e-10, 1.38776198866e-10, 4.17445210343e-11, 5.53207549214e-11, 3.85004493564e-11, 3.36306954507e-11],
        "max": [0.0328588746488, 0.0392113961279, 0.0400361642241, 0.0230626799166, 0.0109981186688, 0.00489244423807, 0.00330179836601, 0.00573617080227, 0.00242295884527, 0.00287029915489, 0.00334842549637, 0.00120219087694, 0.00177895021625, 0.000806205847766, 0.00077494001016, 0.00103996624239, 0.000824937946163, 0.000840646098368, 0.000759880931582, 0.000572226534132, 0.000444999983301, 0.000562058761716, 0.000385654479032, 0.00027488390333, 0.000280536944047, 0.000180890026968, 0.000172353960807, 0.000269607058726, 0.000204845302505, 0.000134134286782, 0.000149185827468, 0.000104072001704, 9.24717460293e-05, 8.61635926412e-05, 6.86797284288e-05, 7.82108982094e-05, 4.3631207518e-05, 6.10827264609e-05, 4.4780819735e-05, 4.63927790406e-05],
        "mean": [0.00329365255311, 0.00227273954079, 0.00176956842188, 0.000757722067647, 0.000346672954038, 0.000308940303512, 0.000218532251893, 0.000193929619854, 0.000123201112729, 0.000143234297866, 9.40774916671e-05, 5.38532913197e-05, 6.84585684212e-05, 5.07831646246e-05, 4.56247944385e-05, 6.35019241599e-05, 4.02464465878e-05, 3.39068610629e-05, 3.04545537801e-05, 3.42840066878e-05, 2.60234082816e-05, 2.16021344386e-05, 1.91275266843e-05, 1.57632857736e-05, 1.49699026224e-05, 1.33544990604e-05, 1.21354878502e-05, 1.1642161553e-05, 1.01440073195e-05, 8.03826696938e-06, 7.30446936359e-06, 7.09984988134e-06, 6.25957454758e-06, 4.99431007484e-06, 4.85131477035e-06, 4.00934231948e-06, 2.82458904621e-06, 2.49585468737e-06, 1.93639471036e-06, 1.54655560891e-06],
        "median": [0.00195523141883, 0.00125245004892, 0.000855966471136, 0.000373263814254, 0.00017748400569, 0.000171449515619, 0.000108141437522, 8.85683693923e-05, 5.18883171026e-05, 6.37266784906e-05, 5.21287729498e-05, 3.01998461509e-05, 3.96467476094e-05, 3.11014700856e-05, 2.40014414885e-05, 2.94373403449e-05, 2.00637259695e-05, 1.5075801457e-05, 1.18534471767e-05, 1.33878911583e-05, 1.00783090602e-05, 9.69050233834e-06, 9.06184504856e-06, 7.0260857683e-06, 6.89888429406e-06, 5.45012653674e-06, 4.47815909865e-06, 4.15641443396e-06, 3.52790061697e-06, 2.66207575805e-06, 2.1629098228e-06, 1.55130953772e-06, 1.16496335067e-06, 9.5381005849e-07, 7.06347634605e-07, 5.08015034484e-07, 3.56036281346e-07, 2.61878341234e-07, 1.56960240361e-07, 1.06055750848e-07],
        "min": [1.53908182558e-24, 1.43762770646e-24, 2.03600404523e-24, 1.93873631232e-24, 2.08282688426e-24, 1.97906781218e-24, 2.50036918645e-24, 2.07789472866e-24, 1.58995132384e-24, 1.20841667627e-24, 2.00886387743e-24, 2.74011131251e-24, 3.62265201403e-24, 3.34162899401e-24, 2.26886178217e-24, 4.64361788567e-24, 3.38606000678e-24, 3.86979227487e-24, 4.14135843036e-24, 2.14580953893e-24, 2.92915650364e-24, 4.77098105654e-24, 3.57799578147e-24, 4.69377484532e-24, 5.4523580857e-24, 4.01515291286e-24, 5.36861340087e-24, 5.51619152686e-24, 5.66005490686e-24, 6.98956400005e-24, 7.74421989642e-24, 6.86822693764e-24, 5.68403193964e-24, 7.00293440353e-24, 6.33040839373e-24, 6.37752784446e-24, 6.40416688837e-24, 6.81171688669e-24, 6.76582017037e-24, 6.14303184063e-24],
        "var": [1.64792600117e-05, 1.2789374523e-05, 1.31046544993e-05, 3.11329745273e-06, 5.24612119079e-07, 1.7423242582e-07, 9.31621642053e-08, 9.10077631033e-08, 4.38156710914e-08, 4.9800902957e-08, 2.31627996783e-08, 5.80550318929e-09, 8.24391488408e-09, 3.6317742147e-09, 4.18152668047e-09, 8.39949088061e-09, 3.29322236148e-09, 2.78079759219e-09, 2.20289653186e-09, 2.52192511319e-09, 1.66204006113e-09, 9.78154335307e-10, 8.11972988846e-10, 5.71762692747e-10, 5.09407405147e-10, 4.02654937171e-10, 3.22251780815e-10, 3.29009153255e-10, 3.11908943118e-10, 1.84399204239e-10, 1.66488087205e-10, 1.62335367371e-10, 1.20414636595e-10, 7.2850211974e-11, 7.34973054639e-11, 5.43419406696e-11, 2.27288899507e-11, 2.18698965188e-11, 1.47352581525e-11, 1.12223355608e-11]
    },
    "mfcc": {
        "mean": [-652.167907715, 123.606582642, 3.96426796913, 31.811624527, 5.3220334053, 13.048201561, 2.29752159119, 6.77664232254, 0.712620913982, 3.27602314949, 0.362493008375, 2.65920853615, 0.401753634214],
        "cov": [[15261.8027344, -1734.12866211, -168.048339844, -80.124710083, -232.909500122, 172.081359863, 57.921710968, -5.26994419098, -45.7533416748, 184.997512817, 34.2274665833, -2.37763690948, -94.604385376], [-1734.12866211, 3107.80761719, -187.465713501, 478.828125, 80.0628814697, 99.6774749756, 84.4116821289, 162.8722229, 62.3640022278, 11.4070253372, 65.1879348755, 73.0416488647, 87.2375335693], [-168.048339844, -187.465713501, 599.483398438, 60.3049240112, 66.9721679688, 26.2346668243, 28.3957252502, -0.954617679119, -8.39678096771, -10.4398813248, 2.69031071663, -0.805447280407, 6.69472789764], [-80.124710083, 478.828125, 60.3049240112, 350.364746094, 65.5976104736, 106.787017822, 52.277256012, 56.2015342712, 15.030752182, 1.83491110802, 0.675951719284, 17.0224342346, 24.1837158203], [-232.909500122, 80.0628814697, 66.9721679688, 65.5976104736, 190.242431641, 77.2874755859, 34.0938110352, -1.42045271397, 13.5077457428, 14.5645284653, 1.77551853657, 5.23720645905, 11.9703807831], [172.081359863, 99.6774749756, 26.2346668243, 106.787017822, 77.2874755859, 129.446075439, 53.6540374756, 33.0813293457, 14.5535783768, 20.2914848328, 7.88078117371, 7.65587615967, 8.11696529388], [57.921710968, 84.4116821289, 28.3957252502, 52.277256012, 34.0938110352, 53.6540374756, 84.3838424683, 47.2606163025, 24.9158496857, 22.3383293152, 16.8626098633, 15.5289478302, 11.4981966019], [-5.26994419098, 162.8722229, -0.954617679119, 56.2015342712, -1.42045271397, 33.0813293457, 47.2606163025, 98.7534713745, 44.4234924316, 26.4512386322, 20.7020282745, 14.9336690903, 14.3044576645], [-45.7533416748, 62.3640022278, -8.39678096771, 15.030752182, 13.5077457428, 14.5535783768, 24.9158496857, 44.4234924316, 68.2242965698, 36.1937332153, 18.9709281921, 11.159784317, 7.30281209946], [184.997512817, 11.4070253372, -10.4398813248, 1.83491110802, 14.5645284653, 20.2914848328, 22.3383293152, 26.4512386322, 36.1937332153, 69.0430908203, 31.0060348511, 14.2040185928, 6.90713739395], [34.2274665833, 65.1879348755, 2.69031071663, 0.675951719284, 1.77551853657, 7.88078117371, 16.8626098633, 20.7020282745, 18.9709281921, 31.0060348511, 59.5663833618, 26.7821750641, 12.0938510895], [-2.37763690948, 73.0416488647, -0.805447280407, 17.0224342346, 5.23720645905, 7.65587615967, 15.5289478302, 14.9336690903, 11.159784317, 14.2040185928, 26.7821750641, 56.2716674805, 28.0421543121], [-94.604385376, 87.2375335693, 6.69472789764, 24.1837158203, 11.9703807831, 8.11696529388, 11.4981966019, 14.3044576645, 7.30281209946, 6.90713739395, 12.0938510895, 28.0421543121, 56.3091392517]],
