{
"lowlevel": {
    "average_loudness": 0.938258707523,
    "barkbands_crest": {
        "dmean": 2.93889045715,
        "dmean2": 4.63667583466,
        "dvar": 9.72135066986,
        "dvar2": 23.559381485,
        "max": 26.9150943756,
        "mean": 13.7230558395,
        "median": 13.7906169891,
        "min": 1.9780985117,
        "var": 31.4294776917
    },
    "barkbands_flatness_db": {
        "dmean": 0.0295286849141,
        "dmean2": 0.0423293188214,
        "dvar": 0.00112755852751,
        "dvar2": 0.00251375115477,
        "max": 0.79219609499,
        "mean": 0.13048376143,
        "median": 0.120019637048,
        "min": 0.0150900930166,
        "var": 0.00368933472782
    },
    "barkbands_kurtosis": {
        "dmean": 13.6142253876,
        "dmean2": 23.222650528,
        "dvar": 214194.9375,
        "dvar2": 641320.1875,
        "max": 32149.1992188,
        "mean": 15.9450178146,
        "median": 3.88036584854,
        "min": -1.72389376163,
        "var": 108145.257812
    },
    "barkbands_skewness": {
        "dmean": 0.806415975094,
        "dmean2": 1.16632974148,
        "dvar": 3.19055438042,
        "dvar2": 7.98009157181,
        "max": 106.281532288,
        "mean": 2.74878168106,
        "median": 2.17025899887,
        "min": -1.78185546398,
        "var": 5.66218948364
    },
    "barkbands_spread": {
        "dmean": 6.58920431137,
        "dmean2": 9.58858966827,
        "dvar": 55.795425415,
        "dvar2": 115.318412781,
        "max": 96.2713394165,
        "mean": 24.988275528,
        "median": 25.4396286011,
        "min": 0.00457954825833,
        "var": 166.002639771
    },
    "dissonance": {
        "dmean": 0.014016197063,
        "dmean2": 0.023472474888,
        "dvar": 0.000211138074519,
        "dvar2": 0.000570508185774,
        "max": 0.500000059605,
        "mean": 0.473952829838,
        "median": 0.477648198605,
        "min": 0.257280856371,
        "var": 0.000382903876016
    },
    "dynamic_complexity": 3.73679304123,
    "erbbands_crest": {
        "dmean": 1.62602806091,
        "dmean2": 2.60070967674,
        "dvar": 3.16171908379,
        "dvar2": 7.31068277359,
        "max": 33.1428527832,
        "mean": 6.26423978806,
        "median": 5.55639123917,
        "min": 1.87593245506,
        "var": 8.47250747681
    },
    "erbbands_flatness_db": {
        "dmean": 0.0133513016626,
        "dmean2": 0.0196479670703,
        "dvar": 0.000220135407289,
        "dvar2": 0.000456336740172,
        "max": 0.298129349947,
        "mean": 0.100691154599,
        "median": 0.0940939933062,
        "min": 0.0364718176425,
        "var": 0.00146782549564
    },
    "erbbands_kurtosis": {
        "dmean": 0.446170419455,
        "dmean2": 0.707475781441,
        "dvar": 1.0133831501,
        "dvar2": 2.8484992981,
        "max": 41.2922592163,
        "mean": -0.403212189674,
        "median": -0.563660144806,
        "min": -1.65823483467,
        "var": 0.965840160847
    },
    "erbbands_skewness": {
        "dmean": 0.277198493481,
        "dmean2": 0.414049208164,
        "dvar": 0.0961952880025,
        "dvar2": 0.235316053033,
        "max": 4.88961791992,
        "mean": 0.116412237287,
        "median": 0.0904568135738,
        "min": -1.32456493378,
        "var": 0.259804964066
    },
    "erbbands_spread": {
        "dmean": 8.84777641296,
        "dmean2": 12.9612970352,
        "dvar": 78.9019927979,
        "dvar2": 158.824813843,
        "max": 124.25553894,
        "mean": 58.3535232544,
        "median": 54.9955291748,
        "min": 5.17801713943,
        "var": 468.401397705
    },
    "hfc": {
        "dmean": 9.98022556305,
        "dmean2": 13.7319936752,
        "dvar": 181.535400391,
        "dvar2": 404.220703125,
        "max": 137.891983032,
        "mean": 24.5665168762,
        "median": 19.2076797485,
        "min": 1.28790049376e-16,
        "var": 481.01184082
    },
    "melbands_crest": {
        "dmean": 3.98420763016,
        "dmean2": 6.38100862503,
        "dvar": 17.4949035645,
        "dvar2": 40.4643478394,
        "max": 39.9960327148,
        "mean": 20.80909729,
        "median": 21.6342983246,
        "min": 2.09443902969,
        "var": 57.610080719
    },
    "melbands_flatness_db": {
        "dmean": 0.0338687375188,
        "dmean2": 0.0481363683939,
        "dvar": 0.00157395831775,
        "dvar2": 0.00337593560107,
        "max": 0.852161347866,
        "mean": 0.210494711995,
        "median": 0.202565133572,
        "min": 0.00952777639031,
        "var": 0.00630691135302
    },
    "melbands_kurtosis": {
        "dmean": 60.8075370789,
        "dmean2": 107.94682312,
        "dvar": 6921537,
        "dvar2": 20781594,
        "max": 182342.640625,
        "mean": 70.6600646973,
        "median": 22.3006057739,
        "min": -1.32208144665,
        "var": 3468904.75
    },
    "melbands_skewness": {
        "dmean": 1.35826539993,
        "dmean2": 1.98097133636,
        "dvar": 30.2565288544,
        "dvar2": 87.4329833984,
        "max": 371.806671143,
        "mean": 5.21376800537,
        "median": 4.28469276428,
        "min": -0.45138001442,
        "var": 26.7093811035
    },
    "melbands_spread": {
        "dmean": 5.66633749008,
        "dmean2": 8.94215679169,
        "dvar": 62.0692024231,
        "dvar2": 149.171020508,
        "max": 135.04826355,
        "mean": 18.6653385162,
        "median": 15.4963798523,
        "min": 0.00284524192102,
        "var": 252.586090088
    },
    "pitch_salience": {
        "dmean": 0.0935760214925,
        "dmean2": 0.140944570303,
        "dvar": 0.0112640094012,
        "dvar2": 0.023378206417,
        "max": 0.883038282394,
        "mean": 0.427585452795,
        "median": 0.414193809032,
        "min": 0.00232432596385,
        "var": 0.0355375483632
    },
    "silence_rate_20dB": {
        "dmean": 0,
        "dmean2": 0,
        "dvar": 0,
        "dvar2": 0,
        "max": 1,
        "mean": 1,
        "median": 1,
        "min": 1,
        "var": 0
    },
    "silence_rate_30dB": {
        "dmean": 0,
        "dmean2": 0,
        "dvar": 0,
        "dvar2": 0,
        "max": 1,
        "mean": 1,
        "median": 1,
        "min": 1,
        "var": 0
    },
    "silence_rate_60dB": {
        "dmean": 0.0198061093688,
        "dmean2": 0.0396163463593,
        "dvar": 0.0194164272398,
        "dvar2": 0.0432512611151,
        "max": 1,
        "mean": 0.0999583080411,
        "median": 0,
        "min": 0,
        "var": 0.0899776145816
    },
    "spectral_centroid": {
        "dmean": 284.938476562,
        "dmean2": 423.414825439,
        "dvar": 91059.734375,
        "dvar2": 183694.203125,
        "max": 11171.171875,
        "mean": 1654.88696289,
        "median": 1648.35766602,
        "min": 101.949905396,
        "var": 382699.78125
    },
    "spectral_complexity": {
        "dmean": 5.42687368393,
        "dmean2": 8.21705627441,
        "dvar": 41.6257247925,
        "dvar2": 84.7699966431,
        "max": 64,
        "mean": 17.6949138641,
        "median": 16,
        "min": 0,
        "var": 154.964767456
    },
    "spectral_decrease": {
        "dmean": 1.77132286616e-09,
        "dmean2": 2.8464284263e-09,
        "dvar": 6.36570323434e-18,
        "dvar2": 1.54047847253e-17,
        "max": 1.27986037414e-28,
        "mean": -9.12333852909e-09,
        "median": -9.86536186076e-09,
        "min": -3.26251985427e-08,
        "var": 2.14208941358e-17
    },
    "spectral_energy": {
        "dmean": 0.00731419213116,
        "dmean2": 0.0116500975564,
        "dvar": 0.000103991114884,
        "dvar2": 0.000249231001362,
        "max": 0.124239198864,
        "mean": 0.03666183725,
        "median": 0.0390581712127,
        "min": 1.11985981227e-20,
        "var": 0.000353319541318
    },
    "spectral_energyband_high": {
        "dmean": 0.000717953953426,
        "dmean2": 0.00100358575583,
        "dvar": 9.63714796853e-07,
        "dvar2": 2.05472747439e-06,
        "max": 0.011033619754,
        "mean": 0.00159118056763,
        "median": 0.00113221909851,
        "min": 8.0649843152e-21,
        "var": 2.4878934255e-06
    },
    "spectral_energyband_low": {
        "dmean": 0.00688033085316,
        "dmean2": 0.0106801036745,
        "dvar": 9.7300609923e-05,
        "dvar2": 0.000199116257136,
        "max": 0.122430361807,
        "mean": 0.0229029785842,
        "median": 0.0259211659431,
        "min": 1.6213877859e-23,
        "var": 0.000216120024561
    },
    "spectral_energyband_middle_high": {
        "dmean": 0.00169165793341,
        "dmean2": 0.00261215865612,
        "dvar": 7.16233307685e-06,
        "dvar2": 1.69670202013e-05,
        "max": 0.0328404083848,
        "mean": 0.0039498838596,
        "median": 0.0027124020271,
        "min": 1.55321840233e-21,
        "var": 1.76224457391e-05
    },
    "spectral_energyband_middle_low": {
        "dmean": 0.00529285147786,
        "dmean2": 0.00795508548617,
        "dvar": 7.97662432888e-05,
        "dvar2": 0.000134666188387,
        "max": 0.0908276736736,
        "mean": 0.00919584184885,
        "median": 0.00485917786136,
        "min": 3.0907744447e-22,
        "var": 0.000141986762173
    },
    "spectral_entropy": {
        "dmean": 0.175638794899,
        "dmean2": 0.261512845755,
        "dvar": 0.0373353809118,
        "dvar2": 0.0863492712379,
        "max": 9.80098152161,
        "mean": 7.92060041428,
        "median": 7.98900604248,
        "min": 5.56257486343,
        "var": 0.124764330685
    },
    "spectral_flux": {
        "dmean": 0.038820721209,
        "dmean2": 0.0560597851872,
        "dvar": 0.00170244101901,
        "dvar2": 0.00360382953659,
        "max": 0.330032736063,
        "mean": 0.0998162776232,
        "median": 0.0811643972993,
        "min": 1.05823426411e-10,
        "var": 0.00495393713936
    },
    "spectral_kurtosis": {
        "dmean": 0.568847835064,
        "dmean2": 0.914164841175,
        "dvar": 0.663995623589,
        "dvar2": 1.72506630421,
        "max": 42.2366447449,
        "mean": 2.78526902199,
        "median": 2.72056365013,
        "min": -1.23017573357,
        "var": 1.18213486671
    },
    "spectral_rms": {
        "dmean": 0.000640261685476,
        "dmean2": 0.00101400422864,
        "dvar": 8.85786619165e-07,
        "dvar2": 2.1387822926e-06,
        "max": 0.011009494774,
        "mean": 0.0055922139436,
        "median": 0.00617296807468,
        "min": 3.30536856566e-12,
        "var": 4.49474418929e-06
    },
    "spectral_rolloff": {
        "dmean": 452.192382812,
        "dmean2": 730.714660645,
        "dvar": 552886.75,
        "dvar2": 1157143.5,
        "max": 19444.4824219,
        "mean": 1214.77172852,
        "median": 753.662109375,
        "min": 21.533203125,
        "var": 2948950
    },
    "spectral_skewness": {
        "dmean": 0.104588575661,
        "dmean2": 0.167988225818,
        "dvar": 0.0148371113464,
        "dvar2": 0.0372176133096,
        "max": 5.7205119133,
        "mean": 1.37273871899,
        "median": 1.37015748024,
        "min": 0.00701397936791,
        "var": 0.038358733058
    },
    "spectral_spread": {
        "dmean": 559075.8125,
        "dmean2": 757682.1875,
        "dvar": 500743864320,
        "dvar2": 748770295808,
        "max": 41926928,
        "mean": 6430213,
        "median": 6097952,
        "min": 2598968.25,
        "var": 1.82503211008e+12
    },
    "spectral_strongpeak": {
        "dmean": 0.170192345977,
        "dmean2": 0.281390160322,
        "dvar": 0.0843696296215,
        "dvar2": 0.227620631456,
        "max": 4.93112468719,
        "mean": 0.457481622696,
        "median": 0.403781652451,
        "min": 0,
        "var": 0.106255590916
    },
    "zerocrossingrate": {
        "dmean": 0.0145027115941,
        "dmean2": 0.0155057292432,
        "dvar": 0.000274299352895,
        "dvar2": 0.000283809495158,
        "max": 0.63037109375,
        "mean": 0.0611341968179,
        "median": 0.0517578125,
        "min": 0,
        "var": 0.00249879225157
    },
    "barkbands": {
        "dmean": [0.000639124249574, 0.00582076050341, 0.00372744328342, 0.00222019385546, 0.0028237584047, 0.00171933230013, 0.00110148428939, 0.000655243871734, 0.00039093522355, 0.000338304176694, 0.000346756074578, 0.000293965422316, 0.00029227201594, 0.000307066889945, 0.000210075479117, 0.000197547124117, 0.000173546141014, 0.000175392720848, 0.000205191667192, 0.000182902411325, 0.000156318899826, 0.000109627886559, 9.61016339716e-05, 0.000127116960357, 0.000104357241071, 0.000125184000353, 3.29934809997e-05],
        "dmean2": [0.00108510872815, 0.00833021383733, 0.00570944836363, 0.00394874578342, 0.00498977350071, 0.00314788124524, 0.00191260571592, 0.00109245092608, 0.000618489983026, 0.000539947592188, 0.000542764784768, 0.000484334275825, 0.000469734426588, 0.00054841011297, 0.000337151519489, 0.000315139477607, 0.000283193861833, 0.000286714057438, 0.000347813969711, 0.000299094303045, 0.000254158047028, 0.000168160448084, 0.00014635612024, 0.000202183684451, 0.000143997953273, 0.000171113715624, 4.80184644402e-05],
        "dvar": [1.36656319683e-06, 7.42767733755e-05, 4.43291610281e-05, 2.98325539916e-05, 4.49511790066e-05, 2.18217701331e-05, 5.55849965167e-06, 2.06460026675e-06, 9.90498278952e-07, 5.89866658629e-07, 5.69235623971e-07, 3.42689617128e-07, 3.05611280282e-07, 5.34552498266e-07, 1.23342061897e-07, 1.1228803487e-07, 8.18663465907e-08, 7.04336997615e-08, 1.10431734868e-07, 8.16417013993e-08, 4.62705500581e-08, 2.0999735284e-08, 1.63676272535e-08, 3.7994073665e-08, 1.94907041617e-08, 3.85265224168e-08, 3.82216036598e-09],
        "dvar2": [3.32255353896e-06, 0.000137185852509, 9.20791062526e-05, 8.23064838187e-05, 0.000121176155517, 6.17806435912e-05, 1.5004557099e-05, 5.18286105944e-06, 2.16470903069e-06, 1.37846382131e-06, 1.29293334794e-06, 8.70717940415e-07, 7.47844524085e-07, 1.50387154463e-06, 2.8873625979e-07, 2.64276991402e-07, 2.09124777939e-07, 1.78533042572e-07, 2.94813531809e-07, 2.01429898539e-07, 1.12650283768e-07, 4.64222047469e-08, 3.68523060956e-08, 9.23157656985e-08, 3.25607132368e-08, 7.4365274827e-08, 7.62535101728e-09],
        "max": [0.0112270470709, 0.113158836961, 0.0391120314598, 0.0323543585837, 0.065206810832, 0.0596285425127, 0.0495362170041, 0.0215705465525, 0.0211448594928, 0.0165420155972, 0.0178137011826, 0.0123694930226, 0.0119594726712, 0.00679566245526, 0.00630261329934, 0.00641301413998, 0.00453284708783, 0.00391174899414, 0.00374227692373, 0.00402089161798, 0.00339597067796, 0.00189556472469, 0.00141194066964, 0.00230564386584, 0.00170971499756, 0.00249228393659, 0.000930422975216],
        "mean": [0.00122985779308, 0.0153358224779, 0.00545884761959, 0.00186742318328, 0.00283159199171, 0.00147662404925, 0.00132662116084, 0.00088729604613, 0.000601727515459, 0.000538198219147, 0.000559106003493, 0.000439056137111, 0.000464645243483, 0.000326898472849, 0.000346916465787, 0.000305064051645, 0.000298173254123, 0.000312027637847, 0.000333014380885, 0.000312405143632, 0.000295360630844, 0.000232320235227, 0.000192202453036, 0.000215116946492, 0.000206661745324, 0.000220508081838, 4.83583426103e-05],
        "median": [0.000137224007631, 0.0158884227276, 0.00231924792752, 0.000311487121508, 0.00082754297182, 0.00029531144537, 0.000381182821002, 0.000183298892807, 0.000124135403894, 0.000168262340594, 0.000127490464365, 0.000143401586683, 0.000144650111906, 0.000109638422146, 0.000164645462064, 0.000132986577228, 0.000165365141584, 0.000185745055205, 0.00019172494649, 0.000178167887498, 0.00020093927742, 0.000164838289493, 0.000134772999445, 0.000135118665639, 0.000120293690998, 0.000107146071969, 1.50773430505e-05],
        "min": [2.17782092282e-24, 9.81886333486e-24, 3.95964668742e-24, 3.14021742212e-24, 5.73603294054e-23, 4.20108159065e-23, 3.54906470221e-23, 1.53113247424e-23, 7.96852823497e-23, 1.58159278246e-22, 1.23166746398e-22, 1.46350901397e-22, 4.26738661192e-23, 1.50396306337e-22, 8.88524960898e-23, 2.078774703e-22, 1.76654027505e-22, 1.40881924379e-22, 2.13385839877e-22, 3.53015608496e-22, 3.81062806986e-22, 3.94757583762e-22, 5.37840366957e-22, 8.97937775437e-22, 1.55481864139e-21, 1.85877742619e-21, 2.49580989543e-21],
        "var": [4.11649943999e-06, 0.000174330692971, 5.86851019762e-05, 2.01172424568e-05, 3.28843634634e-05, 1.42523349496e-05, 6.45562295176e-06, 3.09363258566e-06, 2.06716799767e-06, 1.14646366001e-06, 1.11833617211e-06, 5.79930372169e-07, 6.27946462828e-07, 4.22295528324e-07, 2.36374575024e-07, 2.1425520913e-07, 1.45526001916e-07, 1.29673068727e-07, 1.60007374461e-07, 1.48407124811e-07, 9.81117267429e-08, 5.45222178516e-08, 3.82871228055e-08, 5.97046110329e-08, 5.60197968014e-08, 8.5928817839e-08, 7.05376468346e-09]
    },
    "erbbands": {
        "dmean": [0.218380525708, 1.41925930977, 4.02146482468, 5.49402618408, 8.57212734222, 10.178062439, 11.6339063644, 14.7165737152, 15.6306533813, 15.3754320145, 12.7178964615, 9.71061897278, 8.52720451355, 13.6071376801, 11.948009491, 12.6591024399, 13.4427309036, 15.6319208145, 12.5982656479, 9.25159168243, 10.5601406097, 7.70330190659, 9.12077045441, 9.90405750275, 10.5584430695, 8.33209896088, 7.54451227188, 5.38357019424, 4.15695905685, 3.32548809052, 2.73427224159, 2.25656604767, 2.26770710945, 1.23844814301, 0.745867550373, 0.476922363043, 0.251904785633, 0.0684280246496, 0.00478166714311, 7.90541962488e-05],
        "dmean2": [0.313823610544, 1.92848229408, 5.87434196472, 9.01472854614, 15.1320972443, 18.4263935089, 21.4315776825, 26.8878936768, 27.5087509155, 26.1530342102, 21.0883960724, 15.2019882202, 13.3707075119, 21.4899425507, 18.9863395691, 20.7926654816, 21.5198020935, 27.437582016, 20.9684410095, 15.2548980713, 16.5070590973, 12.3075323105, 14.8114967346, 16.5311965942, 17.7959518433, 13.532283783, 12.3320980072, 8.46520328522, 6.39426326752, 5.07875156403, 4.18122577667, 3.48118925095, 3.57223510742, 1.74751424789, 1.05804634094, 0.646128475666, 0.356393247843, 0.0989040732384, 0.00694112153724, 0.000111588742584],
        "dvar": [0.134576916695, 3.77713441849, 37.042339325, 146.584060669, 394.817932129, 661.608642578, 1147.54638672, 1639.0501709, 1215.32653809, 1088.6920166, 835.485595703, 663.074035645, 405.652893066, 994.085998535, 742.784729004, 688.407165527, 619.160400391, 1250.33325195, 502.073028564, 228.886901855, 276.065856934, 139.891342163, 205.603729248, 248.785995483, 350.567230225, 168.440490723, 118.410980225, 52.597858429, 30.2708721161, 20.3982219696, 13.7423658371, 9.81316184998, 12.7303199768, 2.72857093811, 1.03731131554, 0.469249874353, 0.180761188269, 0.0148805025965, 7.72327912273e-05, 1.80635559843e-08],
        "dvar2": [0.270138412714, 6.80762624741, 69.5215988159, 360.248962402, 1092.92553711, 1842.66821289, 3245.2878418, 4643.80615234, 3382.29638672, 2843.16210938, 2067.88793945, 1435.27099609, 946.988952637, 2334.13232422, 1737.66101074, 1738.9810791, 1519.43725586, 3492.12744141, 1280.35717773, 561.739624023, 642.374084473, 339.649108887, 513.469299316, 645.374145508, 947.640136719, 423.398071289, 295.287353516, 123.916389465, 67.8697967529, 44.7434463501, 31.1818141937, 22.6814670563, 29.9974460602, 4.91231822968, 1.85469686985, 0.830546677113, 0.372354716063, 0.0310702193528, 0.000156859925482, 3.60758924955e-08],
        "max": [4.15574264526, 28.9335269928, 39.904499054, 77.0078201294, 140.927627563, 248.442703247, 518.780517578, 451.319549561, 397.233184814, 690.416381836, 556.435119629, 586.194458008, 530.868591309, 654.157043457, 720.011535645, 617.622009277, 515.099731445, 336.515228271, 428.385620117, 222.377166748, 246.616226196, 191.129882812, 254.48928833, 184.125045776, 205.013381958, 187.167388916, 159.746444702, 126.109176636, 70.8710250854, 58.5805168152, 42.2242355347, 37.4840049744, 43.6871299744, 20.1022453308, 13.3666362762, 9.17861175537, 5.11731672287, 1.54985845089, 0.122935391963, 0.0018769428134],
        "mean": [0.499375581741, 3.13511037827, 7.01539850235, 5.99176359177, 8.60740852356, 8.94394302368, 9.12576961517, 13.0807704926, 17.8857078552, 20.02161026, 18.3445243835, 15.7678823471, 14.2603731155, 22.4353713989, 19.5946731567, 20.5063877106, 22.2638683319, 19.7562236786, 18.6614341736, 15.1551456451, 17.7172527313, 14.5451536179, 17.0934371948, 17.102355957, 16.9799060822, 14.3681907654, 13.2453889847, 10.650513649, 8.55869674683, 7.0983581543, 5.29165506363, 4.24346590042, 3.66074252129, 2.39884281158, 1.45402252674, 0.889922440052, 0.409231156111, 0.108565889299, 0.00721446471289, 0.000159203147632],
        "median": [0.185192748904, 2.66455221176, 4.39211368561, 1.46992170811, 2.31342029572, 2.54637718201, 1.63807582855, 2.67410612106, 5.47887659073, 5.71847057343, 4.62607002258, 3.73756694794, 4.96271705627, 5.84782886505, 6.37985992432, 7.9971704483, 7.91764545441, 7.83245992661, 8.32834625244, 8.1433429718, 9.70385837555, 8.85876655579, 10.0626029968, 9.96624565125, 9.17278289795, 8.40833091736, 8.5632724762, 7.33545780182, 5.97780418396, 5.1953868866, 3.60286092758, 2.78768420219, 2.17838764191, 1.4452444315, 0.805616736412, 0.467463672161, 0.187581539154, 0.0412371978164, 0.00220925128087, 9.1662084742e-05],
        "min": [3.36207544826e-22, 2.00236616584e-21, 5.51073297858e-21, 6.31297417645e-21, 2.78299068668e-20, 2.04439381528e-19, 5.70902377799e-19, 2.18638492504e-19, 3.30870771606e-19, 6.01738843854e-19, 7.60191907633e-19, 1.96264709671e-18, 3.9217278042e-18, 6.56573246366e-18, 3.82428179214e-18, 5.6076492784e-18, 2.68756088859e-18, 8.45078154031e-18, 4.61585393368e-18, 6.28194292551e-18, 1.04083648441e-17, 1.02428311143e-17, 9.39638215653e-18, 9.50375350877e-18, 9.84337980621e-18, 1.60344114465e-17, 2.10456155268e-17, 1.12558940997e-17, 1.52553181517e-17, 1.62921046771e-17, 1.44771132488e-17, 1.95194557161e-17, 1.45584366836e-17, 1.58500295792e-17, 1.09969824321e-17, 6.90238049731e-18, 3.80833540429e-18, 1.40457594457e-18, 2.87782390661e-19, 3.82795567606e-20],
        "var": [0.325401246548, 8.95329189301, 66.7679290771, 133.343032837, 291.734588623, 435.506988525, 710.953918457, 1119.96679688, 1145.65002441, 1360.05310059, 1370.17236328, 1421.52844238, 783.904968262, 2019.00646973, 1363.5168457, 1236.27062988, 1256.4276123, 1134.70349121, 719.437011719, 383.260406494, 537.729614258, 280.925292969, 403.366546631, 409.91595459, 464.957641602, 303.444763184, 213.487243652, 126.536521912, 77.0612869263, 51.4361763, 30.4503765106, 20.1836509705, 19.4068050385, 7.32733488083, 2.85581612587, 1.21538996696, 0.339927136898, 0.0281120333821, 0.000145632307976, 3.73497925921e-08]
    },
    "gfcc": {
        "mean": [8.23794746399, 41.466960907, -91.3003540039, 31.6713447571, -46.892124176, 19.0249824524, -30.6580581665, 15.3146152496, -23.2099437714, 12.1043958664, -16.5406341553, 5.61535215378, -16.954410553],
        "cov": [[18890.1367188, 1243.4831543, 1127.33081055, 815.00994873, 164.650802612, 401.546936035, 34.058467865, 255.159103394, -14.4198246002, 182.14100647, -94.4236602783, 151.153121948, -358.46875], [1243.4831543, 904.905883789, 474.491668701, 433.032073975, 201.019485474, 150.923095703, 83.6692047119, 82.1391296387, 65.8418045044, -20.2834434509, 29.8936691284, 7.95148563385, -13.8433170319], [1127.33081055, 474.491668701, 1116.59521484, 654.668334961, 441.856719971, 258.31930542, 173.123458862, 109.802444458, 104.764373779, 16.4439296722, 40.1462135315, 33.6043777466, -13.8060436249], [815.00994873, 433.032073975, 654.668334961, 586.628295898, 365.618591309, 251.48324585, 171.500762939, 131.834915161, 110.194763184, 45.1580810547, 47.9713821411, 15.2608346939, -18.370967865], [164.650802612, 201.019485474, 441.856719971, 365.618591309, 383.077545166, 261.169799805, 188.998809814, 127.963996887, 128.53805542, 95.7627029419, 78.9513168335, 32.5921592712, 26.1722831726], [401.546936035, 150.923095703, 258.31930542, 251.48324585, 261.169799805, 269.892974854, 192.32925415, 128.583984375, 126.982528687, 106.63621521, 83.3971405029, 34.8779449463, 11.3159608841], [34.058467865, 83.6692047119, 173.123458862, 171.500762939, 188.998809814, 192.32925415, 213.183044434, 141.138595581, 121.556236267, 73.3682861328, 71.0282287598, 27.9303207397, -2.91335225105], [255.159103394, 82.1391296387, 109.802444458, 131.834915161, 127.963996887, 128.583984375, 141.138595581, 171.981399536, 114.117393494, 66.1786270142, 64.2818527222, 35.7047653198, 5.27476644516], [-14.4198246002, 65.8418045044, 104.764373779, 110.194763184, 128.53805542, 126.982528687, 121.556236267, 114.117393494, 155.472473145, 92.9097366333, 82.6605300903, 52.8112258911, 25.7997512817], [182.14100647, -20.2834434509, 16.4439296722, 45.1580810547, 95.7627029419, 106.63621521, 73.3682861328, 66.1786270142, 92.9097366333, 140.680297852, 97.3277816772, 41.7578811646, 27.0315666199], [-94.4236602783, 29.8936691284, 40.1462135315, 47.9713821411, 78.9513168335, 83.3971405029, 71.0282287598, 64.2818527222, 82.6605300903, 97.3277816772, 134.977218628, 68.3748474121, 29.0858211517], [151.153121948, 7.95148563385, 33.6043777466, 15.2608346939, 32.5921592712, 34.8779449463, 27.9303207397, 35.7047653198, 52.8112258911, 41.7578811646, 68.3748474121, 112.600669861, 57.3544387817], [-358.46875, -13.8433170319, -13.8060436249, -18.370967865, 26.1722831726, 11.3159608841, -2.91335225105, 5.27476644516, 25.7997512817, 27.0315666199, 29.0858211517, 57.3544387817, 116.679260254]],
        "icov": [[0.000102222060377, -0.000137198527227, -0.000129216132336, 2.119299279e-05, 0.000296668935334, -0.000367888540495, 0.000299701583572, -0.000349248875864, 0.000411583518144, -0.000686855404638, 0.000637627555989, -0.000598057114985, 0.000481376773678], [-0.000137198527227, 0.00214709644206, 0.000156282301759, -0.00181792641524, 0.000620587496087, -0.000548734911717, 0.00055622094078, 0.000271505472483, -0.00122105237097, 0.00263833114877, -0.0020354827866, 0.00134536426049, -0.00101403251756], [-0.000129216132336, 0.000156282301759, 0.00318027031608, -0.00279293069616, -0.00223828409798, 0.00142134772614, -0.000510312383994, 0.00139299128205, -0.000799592758995, 0.0019398703007, -0.000747875135858, -0.000378732976969, -5.33905040356e-05], [2.119299279e-05, -0.00181792641524, -0.00279293069616, 0.00940298102796, -0.00409611361101, -0.00184723816346, 0.00164454779588, -0.00215756427497, 0.0002791552688, 0.000205401491257, 0.000889046059456, -3.23479143844e-05, 0.00192095281091], [0.000296668935334, 0.000620587496087, -0.00223828409798, -0.00409611361101, 0.015201090835, -0.0081462552771, -0.000810877478216, -0.000466004683403, 0.000781540176831, -0.00313557288609, 0.000906208122615, 0.0008377477061, -0.00262765795924], [-0.000367888540495, -0.000548734911717, 0.00142134772614, -0.00184723816346, -0.0081462552771, 0.0226130411029, -0.0126602668315, 0.00305306632072, -0.000384035491152, -0.00547233177349, 0.000269064505119, 0.000486719043693, -0.0010915666353], [0.000299701583572, 0.00055622094078, -0.000510312383994, 0.00164454779588, -0.000810877478216, -0.0126602668315, 0.0227780789137, -0.00915330275893, -0.00361028709449, 0.00451757339761, -0.00148361909669, -9.19352169149e-05, 0.00374428532086], [-0.000349248875864, 0.000271505472483, 0.00139299128205, -0.00215756427497, -0.000466004683403, 0.00305306632072, -0.00915330275893, 0.0173295903951, -0.00738131813705, 0.00189597043209, -0.00204558507539, 0.000876162375789, -0.00114706414752], [0.000411583518144, -0.00122105237097, -0.000799592758995, 0.0002791552688, 0.000781540176831, -0.000384035491152, -0.00361028709449, -0.00738131813705, 0.0217186566442, -0.010256045498, 0.00260579353198, -0.00551394792274, 0.000808987417258], [-0.000686855404638, 0.00263833114877, 0.0019398703007, 0.000205401491257, -0.00313557288609, -0.00547233177349, 0.00451757339761, 0.00189597043209, -0.010256045498, 0.0278986878693, -0.0166042689234, 0.00763707701117, -0.00408470677212], [0.000637627555989, -0.0020354827866, -0.000747875135858, 0.000889046059456, 0.000906208122615, 0.000269064505119, -0.00148361909669, -0.00204558507539, 0.00260579353198, -0.0166042689234, 0.0250186938792, -0.0126687893644, 0.00485636619851], [-0.000598057114985, 0.00134536426049, -0.000378732976969, -3.23479143844e-05, 0.0008377477061, 0.000486719043693, -9.19352169149e-05, 0.000876162375789, -0.00551394792274, 0.00763707701117, -0.0126687893644, 0.0216075144708, -0.010018017143], [0.000481376773678, -0.00101403251756, -5.33905040356e-05, 0.00192095281091, -0.00262765795924, -0.0010915666353, 0.00374428532086, -0.00114706414752, 0.000808987417258, -0.00408470677212, 0.00485636619851, -0.010018017143, 0.0155471256003]]
    },
    "melbands": {
        "dmean": [0.00168804347049, 0.00180127553176, 0.00095624109963, 0.000658457633108, 0.000413358502556, 0.000329007249093, 0.000242033784161, 0.000161667456268, 9.77021554718e-05, 6.04345477768e-05, 4.20175201725e-05, 5.47669005755e-05, 3.92227157135e-05, 3.56097480108e-05, 2.72136239801e-05, 3.32489216817e-05, 3.12774354825e-05, 2.14568754018e-05, 1.40559404826e-05, 1.50232644955e-05, 1.27715338749e-05, 8.40103984956e-06, 9.92525019683e-06, 8.04249157227e-06, 8.46968487167e-06, 8.21612684376e-06, 6.74148395774e-06, 6.14248392594e-06, 5.27922702531e-06, 4.16353350374e-06, 3.18940487887e-06, 2.53672828876e-06, 2.28094700105e-06, 1.88761794107e-06, 1.69337863554e-06, 1.4839575897e-06, 1.40773067869e-06, 1.74255842467e-06, 1.34620620429e-06, 1.02929027435e-06],
        "dmean2": [0.0023765580263, 0.00252944882959, 0.00151176180225, 0.00116196193267, 0.000755432061851, 0.000601014238782, 0.000422587036155, 0.000274101243122, 0.000162069278304, 9.42235346884e-05, 6.63827522658e-05, 8.71015654411e-05, 6.18501871941e-05, 5.77864302613e-05, 4.44422876171e-05, 5.41989356861e-05, 5.5376207456e-05, 3.64791267202e-05, 2.25825478992e-05, 2.49738441198e-05, 2.02060673473e-05, 1.35503705678e-05, 1.6146361304e-05, 1.31624619826e-05, 1.41881846503e-05, 1.39081830639e-05, 1.12906227514e-05, 1.01437626654e-05, 8.71224892762e-06, 6.86549265083e-06, 5.03228829984e-06, 4.00176304538e-06, 3.46578963217e-06, 2.97714223052e-06, 2.64206914835e-06, 2.3285019779e-06, 2.18892932935e-06, 2.83417898572e-06, 2.03590616366e-06, 1.49242839598e-06],
        "dvar": [6.50447827866e-06, 5.74128625885e-06, 3.75419631382e-06, 2.41104930865e-06, 1.3502691445e-06, 7.98720918738e-07, 2.77133040072e-07, 1.21227301975e-07, 5.22725045471e-08, 2.86530479343e-08, 9.97871563158e-09, 1.6667749847e-08, 6.69147803833e-09, 4.52077708601e-09, 3.12184256224e-09, 4.71827288351e-09, 5.38353894797e-09, 1.62319124808e-09, 6.78693434786e-10, 8.14322553833e-10, 4.44353304152e-10, 1.72163880374e-10, 2.2939100619e-10, 1.81398285282e-10, 1.90594581784e-10, 1.87458271128e-10, 1.49603093802e-10, 1.02373033661e-10, 6.30047056194e-11, 3.64774530026e-11, 1.8704258628e-11, 1.20420218935e-11, 9.0650473239e-12, 6.5721729274e-12, 5.27417606117e-12, 4.21392348099e-12, 3.85725045654e-12, 7.84472833915e-12, 3.9163290666e-12, 1.86231498972e-12],
        "dvar2": [1.25019178085e-05, 9.80953336693e-06, 8.86032194103e-06, 6.59816714688e-06, 3.79608877665e-06, 2.2640942916e-06, 7.6504579738e-07, 3.14513215471e-07, 1.29077605493e-07, 6.0729000495e-08, 2.3442588315e-08, 3.92570562724e-08, 1.54770294358e-08, 1.13515357114e-08, 7.83747911015e-09, 1.18431193741e-08, 1.49754360024e-08, 4.27565316485e-09, 1.60417612527e-09, 1.99993821504e-09, 1.06684017176e-09, 4.32764601932e-10, 5.76380831951e-10, 4.64747101914e-10, 4.96758689739e-10, 4.92167251398e-10, 3.92976595709e-10, 2.70509781242e-10, 1.60602448007e-10, 9.10410150046e-11, 4.48356803073e-11, 2.81973611127e-11, 2.05708297618e-11, 1.50404376453e-11, 1.21820392315e-11, 9.91761013591e-12, 8.98573316449e-12, 1.92634536794e-11, 8.00821475105e-12, 3.58463410864e-12],
        "max": [0.0298625156283, 0.0246729403734, 0.0120605323464, 0.0138338608667, 0.0165742896497, 0.00990959536284, 0.00720700621605, 0.00610031699762, 0.00431981449947, 0.00404882850125, 0.00263546966016, 0.00284172967076, 0.00201226072386, 0.00133864884265, 0.000992651912384, 0.00161193637177, 0.000731690146495, 0.000692730536684, 0.00060579815181, 0.000522631919011, 0.00031628186116, 0.000199965230422, 0.000241434230702, 0.000198514782824, 0.000173862601514, 0.000167573103681, 0.000144708770677, 0.000160010662512, 0.000143294848385, 0.000119015821838, 5.34028513357e-05, 4.70968116133e-05, 3.74108640244e-05, 3.474746336e-05, 2.5463725251e-05, 2.60096712736e-05, 2.18731474888e-05, 3.71494206775e-05, 2.44855636993e-05, 1.70872772287e-05],
        "mean": [0.00429296214134, 0.00394050264731, 0.00115501123946, 0.000647474953439, 0.0003356532834, 0.00029115806683, 0.000284052832285, 0.000212579339859, 0.000138876028359, 9.70330729615e-05, 6.76833515172e-05, 8.7298300059e-05, 6.33539602859e-05, 5.54496655241e-05, 4.38385650341e-05, 5.05730640725e-05, 3.51726048393e-05, 2.86559607048e-05, 2.28440057981e-05, 2.22540056711e-05, 2.04700791073e-05, 1.45774347402e-05, 1.70710081875e-05, 1.41559094118e-05, 1.35663094625e-05, 1.26016393551e-05, 1.04413766167e-05, 9.62169451668e-06, 8.62306933413e-06, 7.10031690687e-06, 5.92942251387e-06, 4.80052403873e-06, 4.45480918643e-06, 3.71565101887e-06, 3.11617054649e-06, 2.68585768026e-06, 2.53585176324e-06, 2.60081583292e-06, 2.36904224948e-06, 1.89928744021e-06],
        "median": [0.00361272087321, 0.00300968624651, 0.000315115728881, 0.000188843157957, 6.60162695567e-05, 5.71510463487e-05, 8.41364599182e-05, 6.24386593699e-05, 3.14652643283e-05, 2.07558277907e-05, 2.16143453144e-05, 1.91546823771e-05, 1.7636535631e-05, 2.06228378374e-05, 1.6654295905e-05, 1.39318117363e-05, 1.11926046884e-05, 1.1871760762e-05, 1.0423547792e-05, 8.85434565134e-06, 1.10132805275e-05, 8.60883665155e-06, 9.30356600293e-06, 7.94450625108e-06, 7.36563424653e-06, 6.54337191008e-06, 5.53594782104e-06, 5.23629842064e-06, 5.29719181941e-06, 4.53284974355e-06, 3.90342256651e-06, 3.27156590174e-06, 3.01735644825e-06, 2.64748473455e-06, 2.06007689485e-06, 1.77564413661e-06, 1.58007537721e-06, 1.50919504449e-06, 1.37240647291e-06, 1.12367661131e-06],
        "min": [2.88322941617e-24, 2.75733451266e-24, 1.47525223012e-24, 6.57586443654e-24, 1.86956989534e-23, 5.56320960897e-24, 5.64787844435e-24, 5.92768188541e-24, 8.36980710465e-24, 1.15144567418e-23, 1.864824897e-23, 2.52901990456e-23, 1.37682181485e-23, 1.60523380783e-23, 8.97927630686e-24, 4.72020602438e-24, 1.81674208933e-23, 6.10611827786e-24, 6.82180010678e-24, 1.20797150234e-23, 1.21811862016e-23, 8.81370939121e-24, 1.2329377667e-23, 6.12975610046e-24, 7.93527411906e-24, 8.30107444284e-24, 7.03845759896e-24, 1.15348574736e-23, 1.48428060513e-23, 7.3675041043e-24, 6.44029237909e-24, 8.33011635706e-24, 9.32902646665e-24, 9.17645209012e-24, 8.01876479068e-24, 8.14601278786e-24, 1.37796787197e-23, 8.63035208442e-24, 1.3631080991e-23, 1.31323654933e-23],
        "var": [1.635886656e-05, 1.37319575515e-05, 3.8450939428e-06, 1.72744614702e-06, 8.53532696965e-07, 5.39647601272e-07, 2.8258031648e-07, 1.53720648655e-07, 8.6455393955e-08, 6.3065478173e-08, 1.89097590919e-08, 3.3296128521e-08, 1.29302897278e-08, 7.97449395407e-09, 5.68190827721e-09, 9.19416631717e-09, 4.70461003488e-09, 1.93095517353e-09, 1.21619236904e-09, 1.39959765999e-09, 7.79773356996e-10, 3.14815784552e-10, 4.38353658927e-10, 3.03794739365e-10, 2.94100077625e-10, 2.76850126157e-10, 1.95483559895e-10, 1.59898788654e-10, 1.0345098389e-10, 6.75896005831e-11, 4.25108212521e-11, 2.72470934704e-11, 2.15008549159e-11, 1.4815591462e-11, 1.1307667476e-11, 8.34397394928e-12, 7.68029910503e-12, 1.05701315756e-11, 7.8817750937e-12, 4.72599607018e-12]
    },
    "mfcc": {
        "mean": [-643.21081543, 84.5852432251, 12.3337917328, 22.9171485901, 9.09081745148, 9.01847267151, 6.88214159012, 4.93560409546, 3.71079754829, 3.13372206688, 4.77855014801, 5.57196331024, 2.7042901516],
        "cov": [[11506.4492188, 787.732543945, 780.08026123, 633.22833252, 281.67590332, 364.724945068, 214.90133667, 280.179779053, 97.2850341797, 187.062133789, 150.338821411, 94.8811798096, 221.717208862], [787.732543945, 586.320678711, 292.213195801, 258.834381104, 174.786941528, 118.531417847, 73.3088531494, 114.578804016, 42.0330123901, 40.8203430176, 37.3171234131, 7.68307542801, 26.844417572], [780.08026123, 292.213195801, 657.144165039, 431.016601562, 326.433532715, 220.577926636, 144.45262146, 182.637435913, 57.3352584839, 92.7133636475, 80.8453063965, 5.43870019913, 40.4209861755], [633.22833252, 258.834381104, 431.016601562, 418.688018799, 291.090057373, 197.235137939, 140.901275635, 163.427322388, 75.674407959, 87.9118347168, 91.0199813843, 14.6328735352, 35.7753868103], [281.67590332, 174.786941528, 326.433532715, 291.090057373, 317.960662842, 216.984085083, 148.906219482, 126.307395935, 91.9602279663, 98.0592651367, 91.6578826904, 50.6133460999, 43.3625564575], [364.724945068, 118.531417847, 220.577926636, 197.235137939, 216.984085083, 262.238861084, 148.293289185, 105.283050537, 78.1936416626, 106.658744812, 97.3267593384, 64.4430999756, 43.5222549438], [214.90133667, 73.3088531494, 144.45262146, 140.901275635, 148.906219482, 148.293289185, 180.20526123, 110.204666138, 69.360168457, 97.3453292847, 93.0072860718, 59.4569664001, 48.4254302979], [280.179779053, 114.578804016, 182.637435913, 163.427322388, 126.307395935, 105.283050537, 110.204666138, 202.991607666, 98.003288269, 57.3794364929, 94.860244751, 70.0187835693, 63.3877944946], [97.2850341797, 42.0330123901, 57.3352584839, 75.674407959, 91.9602279663, 78.1936416626, 69.360168457, 98.003288269, 147.807449341, 58.7750396729, 32.9487113953, 56.3326454163, 40.5592308044], [187.062133789, 40.8203430176, 92.7133636475, 87.9118347168, 98.0592651367, 106.658744812, 97.3453292847, 57.3794364929, 58.7750396729, 162.602844238, 93.905166626, 38.8088569641, 42.016166687], [150.338821411, 37.3171234131, 80.8453063965, 91.0199813843, 91.6578826904, 97.3267593384, 93.0072860718, 94.860244751, 32.9487113953, 93.905166626, 179.353713989, 77.6283035278, 47.5442199707], [94.8811798096, 7.68307542801, 5.43870019913, 14.6328735352, 50.6133460999, 64.4430999756, 59.4569664001, 70.0187835693, 56.3326454163, 38.8088569641, 77.6283035278, 138.359268188, 64.3912506104], [221.717208862, 26.844417572, 40.4209861755, 35.7753868103, 43.3625564575, 43.5222549438, 48.4254302979, 63.3877944946, 40.5592308044, 42.016166687, 47.5442199707, 64.3912506104, 114.355140686]],
