{
"lowlevel": {
    "average_loudness": 0.869623243809,
    "barkbands_crest": {
        "dmean": 3.2986061573,
        "dmean2": 4.78541183472,
        "dvar": 10.0258255005,
        "dvar2": 19.6791915894,
        "max": 26.9852581024,
        "mean": 13.1890821457,
        "median": 12.0556507111,
        "min": 2.25804042816,
        "var": 43.4097442627
    },
    "barkbands_flatness_db": {
        "dmean": 0.0547628216445,
        "dmean2": 0.0744195729494,
        "dvar": 0.00383977405727,
        "dvar2": 0.00717557035387,
        "max": 0.730110168457,
        "mean": 0.220720604062,
        "median": 0.195148795843,
        "min": 0.0175601318479,
        "var": 0.0175736900419
    },
    "barkbands_kurtosis": {
        "dmean": 24.7392692566,
        "dmean2": 36.5358924866,
        "dvar": 5419.02734375,
        "dvar2": 10349.1552734,
        "max": 2936.37280273,
        "mean": 35.9967575073,
        "median": 7.43907022476,
        "min": -1.94585955143,
        "var": 14291.9052734
    },
    "barkbands_skewness": {
        "dmean": 1.46133959293,
        "dmean2": 2.11117887497,
        "dvar": 3.73267841339,
        "dvar2": 7.67194890976,
        "max": 44.5048713684,
        "mean": 2.97173595428,
        "median": 2.13654971123,
        "min": -11.2686157227,
        "var": 12.8667516708
    },
    "barkbands_spread": {
        "dmean": 10.6151666641,
        "dmean2": 16.1150112152,
        "dvar": 240.342269897,
        "dvar2": 563.650512695,
        "max": 110.205131531,
        "mean": 18.5535259247,
        "median": 9.80578804016,
        "min": 0.0141036640853,
        "var": 442.958099365
    },
    "dissonance": {
        "dmean": 0.037775862962,
        "dmean2": 0.0600800476968,
        "dvar": 0.00169881386682,
        "dvar2": 0.00419479142874,
        "max": 0.500000178814,
        "mean": 0.428035259247,
        "median": 0.449683636427,
        "min": 0.0436920896173,
        "var": 0.00429469859228
    },
    "dynamic_complexity": 9.78713607788,
    "erbbands_crest": {
        "dmean": 3.57052206993,
        "dmean2": 5.72815847397,
        "dvar": 13.5437860489,
        "dvar2": 30.2942714691,
        "max": 34.9641456604,
        "mean": 10.0966901779,
        "median": 8.67985916138,
        "min": 2.22336101532,
        "var": 32.6242179871
    },
    "erbbands_flatness_db": {
        "dmean": 0.0387384071946,
        "dmean2": 0.0550503730774,
        "dvar": 0.00211716699414,
        "dvar2": 0.0039826403372,
        "max": 0.629080176353,
        "mean": 0.194157555699,
        "median": 0.159359753132,
        "min": 0.0459677688777,
        "var": 0.0118540311232
    },
    "erbbands_kurtosis": {
        "dmean": 5.05784463882,
        "dmean2": 8.35029029846,
        "dvar": 187.162811279,
        "dvar2": 478.111114502,
        "max": 279.17980957,
        "mean": 4.72229337692,
        "median": 0.611478924751,
        "min": -1.90800023079,
        "var": 200.722351074
    },
    "erbbands_skewness": {
        "dmean": 0.857178032398,
        "dmean2": 1.28747534752,
        "dvar": 1.1502174139,
        "dvar2": 2.70837378502,
        "max": 12.6357040405,
        "mean": 0.917991995811,
        "median": 0.655823171139,
        "min": -4.03692293167,
        "var": 2.35606360435
    },
    "erbbands_spread": {
        "dmean": 17.3283691406,
        "dmean2": 25.9001102448,
        "dvar": 481.883911133,
        "dvar2": 1136.06811523,
        "max": 176.806243896,
        "mean": 41.0062065125,
        "median": 33.928691864,
        "min": 0.195761799812,
        "var": 1083.43017578
    },
    "hfc": {
        "dmean": 15.7759361267,
        "dmean2": 25.3049449921,
        "dvar": 912.159179688,
        "dvar2": 2332.60620117,
        "max": 190.101623535,
        "mean": 16.1357440948,
        "median": 4.46837615967,
        "min": 1.26755343888e-16,
        "var": 891.186401367
    },
    "melbands_crest": {
        "dmean": 4.06391859055,
        "dmean2": 6.22241401672,
        "dvar": 16.0797595978,
        "dvar2": 33.4842300415,
        "max": 37.1668128967,
        "mean": 18.0053215027,
        "median": 16.1845989227,
        "min": 2.24270939827,
        "var": 72.6197128296
    },
    "melbands_flatness_db": {
        "dmean": 0.0655709207058,
        "dmean2": 0.0862430408597,
        "dvar": 0.00534759229049,
        "dvar2": 0.00946022942662,
        "max": 0.910361289978,
        "mean": 0.298983007669,
        "median": 0.281435668468,
        "min": 0.00702743185684,
        "var": 0.0271152295172
    },
    "melbands_kurtosis": {
        "dmean": 38.6276130676,
        "dmean2": 61.1750183105,
        "dvar": 10945.8554688,
        "dvar2": 24471.7363281,
        "max": 2226.06713867,
        "mean": 57.1276817322,
        "median": 14.4881763458,
        "min": -1.85756504536,
        "var": 24100.4492188
    },
    "melbands_skewness": {
        "dmean": 1.65582585335,
        "dmean2": 2.51503300667,
        "dvar": 4.7152838707,
        "dvar2": 10.8956441879,
        "max": 29.3308830261,
        "mean": 4.03579759598,
        "median": 2.92658519745,
        "min": -9.67751693726,
        "var": 14.3842830658
    },
    "melbands_spread": {
        "dmean": 11.6958913803,
        "dmean2": 17.3484020233,
        "dvar": 448.552734375,
        "dvar2": 1009.98712158,
        "max": 241.662216187,
        "mean": 20.0147209167,
        "median": 7.32987308502,
        "min": 0.0772534608841,
        "var": 921.526245117
    },
    "pitch_salience": {
        "dmean": 0.107354693115,
        "dmean2": 0.166130721569,
        "dvar": 0.0145746702328,
        "dvar2": 0.0320729240775,
        "max": 0.958005785942,
        "mean": 0.502495288849,
        "median": 0.557944774628,
        "min": 0.0164511874318,
        "var": 0.0445485152304
    },
    "silence_rate_20dB": {
        "dmean": 0,
        "dmean2": 0,
        "dvar": 0,
        "dvar2": 0,
        "max": 1,
        "mean": 1,
        "median": 1,
        "min": 1,
        "var": 0
    },
    "silence_rate_30dB": {
        "dmean": 0.0619762837887,
        "dmean2": 0.123972170055,
        "dvar": 0.0581366717815,
        "dvar2": 0.113034516573,
        "max": 1,
        "mean": 0.909421443939,
        "median": 1,
        "min": 0,
        "var": 0.0823734402657
    },
    "silence_rate_60dB": {
        "dmean": 0.055019762367,
        "dmean2": 0.11005692929,
        "dvar": 0.0519896559417,
        "dvar2": 0.111537136137,
        "max": 1,
        "mean": 0.404204875231,
        "median": 0,
        "min": 0,
        "var": 0.240817993879
    },
    "spectral_centroid": {
        "dmean": 426.023193359,
        "dmean2": 621.537719727,
        "dvar": 326188.875,
        "dvar2": 673269.75,
        "max": 10829.1933594,
        "mean": 1120.09265137,
        "median": 790.772338867,
        "min": 54.2056083679,
        "var": 947350.875
    },
    "spectral_complexity": {
        "dmean": 4.12901163101,
        "dmean2": 5.82700824738,
        "dvar": 40.3003120422,
        "dvar2": 76.4863586426,
        "max": 54,
        "mean": 9.09215927124,
        "median": 5,
        "min": 0,
        "var": 114.934661865
    },
    "spectral_decrease": {
        "dmean": 3.21761994826e-09,
        "dmean2": 4.91986051898e-09,
        "dvar": 3.99563606106e-17,
        "dvar2": 7.51412522804e-17,
        "max": 5.26675816504e-29,
        "mean": -7.90095988634e-09,
        "median": -2.14566475698e-09,
        "min": -5.2632540104e-08,
        "var": 1.32846331342e-16
    },
    "spectral_energy": {
        "dmean": 0.0132364481688,
        "dmean2": 0.0202375221997,
        "dvar": 0.000606982328463,
        "dvar2": 0.00116769119631,
        "max": 0.200705423951,
        "mean": 0.0312835983932,
        "median": 0.0089392773807,
        "min": 1.1298314584e-20,
        "var": 0.00196416280232
    },
    "spectral_energyband_high": {
        "dmean": 0.00135967158712,
        "dmean2": 0.00221252767369,
        "dvar": 8.16022475192e-06,
        "dvar2": 2.06356962735e-05,
        "max": 0.0176629498601,
        "mean": 0.00116176775191,
        "median": 7.22149270587e-05,
        "min": 8.36298905557e-21,
        "var": 7.3078749665e-06
    },
    "spectral_energyband_low": {
        "dmean": 0.0101317325607,
        "dmean2": 0.0153516046703,
        "dvar": 0.000503864197526,
        "dvar2": 0.000934237090405,
        "max": 0.197212666273,
        "mean": 0.0229097623378,
        "median": 0.00118347955868,
        "min": 6.36672155446e-23,
        "var": 0.0015702478122
    },
    "spectral_energyband_middle_high": {
        "dmean": 0.00107263727114,
        "dmean2": 0.00169880373869,
        "dvar": 5.04314266436e-06,
        "dvar2": 1.30169928525e-05,
        "max": 0.0256892032921,
        "mean": 0.00140899943653,
        "median": 0.000107761632535,
        "min": 1.53398857355e-21,
        "var": 6.82410700392e-06
    },
    "spectral_energyband_middle_low": {
        "dmean": 0.0066203288734,
        "dmean2": 0.0118846232072,
        "dvar": 0.000374059105525,
        "dvar2": 0.00106209842488,
        "max": 0.13933955133,
        "mean": 0.00692079449072,
        "median": 0.00221621780656,
        "min": 3.25360088912e-22,
        "var": 0.000251109595411
    },
    "spectral_entropy": {
        "dmean": 0.459396183491,
        "dmean2": 0.659768164158,
        "dvar": 0.303275644779,
        "dvar2": 0.609923601151,
        "max": 9.79053592682,
        "mean": 7.15603780746,
        "median": 7.50328302383,
        "min": 2.5716354847,
        "var": 1.20062482357
    },
    "spectral_flux": {
        "dmean": 0.0386709086597,
        "dmean2": 0.0546901002526,
        "dvar": 0.00311305839568,
        "dvar2": 0.00490082614124,
        "max": 0.48220834136,
        "mean": 0.0808264836669,
        "median": 0.0522660911083,
        "min": 1.06293529534e-10,
        "var": 0.00901052821428
    },
    "spectral_kurtosis": {
        "dmean": 11.1489276886,
        "dmean2": 17.6184825897,
        "dvar": 864.731079102,
        "dvar2": 2012.0526123,
        "max": 501.531768799,
        "mean": 20.672208786,
        "median": 3.63322377205,
        "min": -1.21797323227,
        "var": 2032.03356934
    },
    "spectral_rms": {
        "dmean": 0.00104719598312,
        "dmean2": 0.00157315679826,
        "dvar": 2.70951181847e-06,
        "dvar2": 5.1081865422e-06,
        "max": 0.0139932185411,
        "mean": 0.00398191669956,
        "median": 0.00295317545533,
        "min": 3.32005213252e-12,
        "var": 1.46649699673e-05
    },
    "spectral_rolloff": {
        "dmean": 1245.76525879,
        "dmean2": 1998.06542969,
        "dvar": 5314008.5,
        "dvar2": 12006377,
        "max": 18949.21875,
        "mean": 1920.64953613,
        "median": 581.396484375,
        "min": 43.06640625,
        "var": 8966485
    },
    "spectral_skewness": {
        "dmean": 0.831029832363,
        "dmean2": 1.24566233158,
        "dvar": 1.77593624592,
        "dvar2": 3.57988286018,
        "max": 17.8593425751,
        "mean": 2.63846921921,
        "median": 1.62694716454,
        "min": 0.00226766546257,
        "var": 6.22451305389
    },
    "spectral_spread": {
        "dmean": 1431254.625,
        "dmean2": 2206425.5,
        "dvar": 3.86350710784e+12,
        "dvar2": 7.64946835046e+12,
        "max": 40053936,
        "mean": 5501425.5,
        "median": 5642101,
        "min": 153939.421875,
        "var": 1.0041626198e+13
    },
    "spectral_strongpeak": {
        "dmean": 0.242361798882,
        "dmean2": 0.394822180271,
        "dvar": 0.184303209186,
        "dvar2": 0.448777258396,
        "max": 6.55919647217,
        "mean": 0.435561746359,
        "median": 0.272189617157,
        "min": 0,
        "var": 0.251164734364
    },
    "zerocrossingrate": {
        "dmean": 0.0237418934703,
        "dmean2": 0.0278224572539,
        "dvar": 0.000954799586907,
        "dvar2": 0.00121127138846,
        "max": 0.62646484375,
        "mean": 0.0670882686973,
        "median": 0.03955078125,
        "min": 0.001953125,
        "var": 0.00554281380028
    },
    "barkbands": {
        "dmean": [0.000806993688457, 0.00875390600413, 0.00443814042956, 0.00278650945984, 0.00175560626667, 0.0012044517789, 0.000886157620698, 0.000638979428913, 0.000462265044916, 0.000193622952793, 0.000158492810442, 0.000185658223927, 0.000171713531017, 0.000140764896059, 0.00013834911806, 9.88032479654e-05, 0.000109844811959, 9.04385378817e-05, 8.99822844076e-05, 0.000118208008644, 0.000114262860734, 0.00015419482952, 0.000231566373259, 0.000234769890085, 0.00034663171391, 0.000205383243156, 3.81734134862e-05],
        "dmean2": [0.00113516906276, 0.0134031176567, 0.00799320917577, 0.00529039418325, 0.00323702581227, 0.00213063741103, 0.00149179867003, 0.00101952836849, 0.000764231430367, 0.000319937826134, 0.00026032779715, 0.000313857366564, 0.000296740676276, 0.000242599460762, 0.000230631863815, 0.00016830569075, 0.000187864643522, 0.000144236182678, 0.000141688098665, 0.00018017590628, 0.000176630725036, 0.000236865089391, 0.000381541292882, 0.000378540280508, 0.000604574917816, 0.00035939362715, 6.62389866193e-05],
        "dvar": [5.65856589674e-06, 0.000396786461351, 0.000253942824202, 0.000113903050078, 3.61113925464e-05, 9.40047630138e-06, 5.30471197635e-06, 3.31905584972e-06, 1.83397685305e-06, 1.73341959453e-07, 1.17230783303e-07, 2.18079051706e-07, 1.57947113166e-07, 1.18197633014e-07, 1.59955519052e-07, 4.65757779011e-08, 5.5567177526e-08, 4.85873421496e-08, 3.44980577438e-08, 5.95947931004e-08, 4.88613665084e-08, 9.37611304153e-08, 2.7755183396e-07, 2.45552172373e-07, 6.46066098398e-07, 2.427886443e-07, 8.1179862832e-09],
        "dvar2": [1.38648802022e-05, 0.000811284524389, 0.000698423071299, 0.000330513546942, 0.000105411090772, 2.67014856945e-05, 1.32190261866e-05, 7.66905486671e-06, 4.43933004135e-06, 4.24531606313e-07, 3.06081886947e-07, 5.85577538459e-07, 4.23699276553e-07, 3.01775088474e-07, 4.30323893852e-07, 1.18279594119e-07, 1.51013026084e-07, 1.19275796351e-07, 7.95830175093e-08, 1.34656019668e-07, 1.15007146917e-07, 2.26834046657e-07, 7.08926279458e-07, 6.10347910879e-07, 1.71930787474e-06, 6.4839150582e-07, 2.15134701165e-08],
        "max": [0.0338169410825, 0.177959531546, 0.1224783957, 0.0808104798198, 0.0664150416851, 0.027678065002, 0.0419595465064, 0.0423064231873, 0.0273177307099, 0.00891002826393, 0.00443684495986, 0.00751324510202, 0.00491627026349, 0.00549776898697, 0.00667113158852, 0.00281875580549, 0.00199932395481, 0.00262655760162, 0.00226170173846, 0.00236403732561, 0.0020862352103, 0.00280194659717, 0.00429334351793, 0.00396529212594, 0.00487175444141, 0.00316488696262, 0.000715960864909],
        "mean": [0.00126034999266, 0.0173710696399, 0.00320904329419, 0.00190896634012, 0.00166836869903, 0.00114948453847, 0.000916032877285, 0.000696663744748, 0.000489393831231, 0.00021248376288, 0.000165771998581, 0.000185440774658, 0.000160701165441, 0.000131654000143, 0.000136539252708, 9.73518326646e-05, 0.00010778104479, 9.43080958677e-05, 9.88612082438e-05, 0.000130594096845, 0.000116755189083, 0.000154461551574, 0.00019698998949, 0.000201495320653, 0.000250577431871, 0.000145203041029, 2.72617289738e-05],
        "median": [6.71974703437e-06, 0.000181085255463, 0.000162524782354, 7.64392461861e-05, 0.000305584719172, 0.000216389540583, 0.000112197943963, 6.03918415436e-05, 3.30391849275e-05, 9.75851162366e-06, 7.5352309068e-06, 6.64268554829e-06, 5.04879244545e-06, 4.59966759081e-06, 3.74565274797e-06, 2.64888740276e-06, 2.92930099022e-06, 3.22213827531e-06, 5.27644897375e-06, 8.64403591549e-06, 1.00070210465e-05, 9.24978303374e-06, 1.04136379377e-05, 9.29863017518e-06, 8.3245240603e-06, 4.99127963849e-06, 6.96735583006e-07],
        "min": [1.66302575774e-23, 4.37836103971e-23, 1.3542777479e-23, 3.50783291484e-24, 7.98663480156e-23, 2.97574173776e-23, 1.4435176378e-22, 2.03478355908e-23, 4.18338491619e-23, 1.69852765392e-23, 8.55525079075e-23, 3.87671303048e-23, 1.11470804317e-22, 1.69110396793e-22, 1.41197632824e-22, 1.35486342979e-22, 2.04780566469e-22, 1.64982861967e-22, 2.65760019314e-22, 3.34786131071e-22, 3.70804863671e-22, 5.56758336937e-22, 7.45036286679e-22, 1.07546939492e-21, 1.3530363522e-21, 1.58571977455e-21, 2.79722756362e-21],
        "var": [9.60393754212e-06, 0.00107511505485, 0.000161985386512, 6.30471404293e-05, 2.19929133891e-05, 6.93380161465e-06, 5.29984981767e-06, 3.93781829189e-06, 2.05874266612e-06, 2.1315354104e-07, 1.30598266423e-07, 2.04568067375e-07, 1.51141961169e-07, 1.16335250766e-07, 1.46044015992e-07, 5.36540909479e-08, 5.8644619827e-08, 5.68687568148e-08, 4.60606699448e-08, 7.62520926401e-08, 5.62822570771e-08, 1.06305371617e-07, 2.36929864172e-07, 2.23495831619e-07, 4.7148390081e-07, 1.72454662106e-07, 5.88006976443e-09]
    },
    "erbbands": {
        "dmean": [0.29252961278, 2.08215975761, 4.60710763931, 8.0739736557, 7.31605005264, 5.32241249084, 7.02187824249, 10.1628770828, 12.5822095871, 12.0272321701, 14.4920663834, 12.1207580566, 6.62961959839, 6.40269088745, 5.92695665359, 8.1311378479, 7.88865280151, 8.04196166992, 6.23526191711, 6.65919113159, 5.52851581573, 5.78891468048, 5.22941255569, 4.65919971466, 4.71812725067, 5.80862474442, 4.44466876984, 4.9216170311, 5.74360132217, 6.34941196442, 6.0832362175, 4.59347963333, 4.29953670502, 3.81980800629, 2.42848372459, 1.0785112381, 0.304734677076, 0.0835954174399, 0.00607066461816, 0.000113723515824],
        "dmean2": [0.405297577381, 3.15141010284, 7.7786488533, 15.020904541, 13.6485176086, 9.68856430054, 12.6475725174, 17.9798049927, 21.5910758972, 19.3140697479, 23.5358848572, 19.9253311157, 10.9971399307, 10.222278595, 9.88165950775, 13.6797904968, 13.4930210114, 13.7845630646, 10.5877513885, 11.0653810501, 9.37075042725, 9.95334243774, 8.42286872864, 7.32180547714, 7.33939647675, 8.85546875, 7.00387859344, 7.62293338776, 8.95458507538, 10.3539028168, 9.83663272858, 7.19957876205, 7.15760231018, 6.61004066467, 4.24509620667, 1.90002262592, 0.525893986225, 0.146245494485, 0.0105382548645, 0.000192384191905],
        "dvar": [0.381213188171, 25.8365516663, 232.983810425, 915.46295166, 694.218322754, 319.620483398, 373.903015137, 685.741333008, 1017.8895874, 1022.22930908, 1662.20776367, 1417.27209473, 215.498199463, 183.030792236, 257.508026123, 363.420043945, 312.621063232, 355.526641846, 206.137985229, 360.229064941, 128.739013672, 160.262969971, 158.109664917, 105.985275269, 98.3279724121, 142.704620361, 73.8284454346, 96.2034072876, 128.138534546, 203.88444519, 173.173065186, 85.6707611084, 88.1305160522, 74.4482879639, 34.1523704529, 6.85859727859, 0.509758174419, 0.0401945970953, 0.000203213407076, 5.90177258175e-08],
        "dvar2": [0.649479448795, 54.7692375183, 598.817260742, 2606.72265625, 2020.78442383, 925.286437988, 1064.27380371, 1934.10424805, 2722.92285156, 2309.09667969, 3972.5546875, 3480.19604492, 522.125305176, 456.811309814, 711.831176758, 950.898376465, 836.080749512, 907.887878418, 540.292602539, 955.11114502, 338.574920654, 443.474304199, 398.481384277, 252.153244019, 218.912765503, 318.349060059, 174.329956055, 230.006484985, 313.696685791, 525.591003418, 424.156036377, 206.311645508, 224.020767212, 196.99005127, 91.5695953369, 18.4406108856, 1.33557713032, 0.107365570962, 0.000538752297871, 1.56035497412e-07],
        "max": [5.86040687561, 46.1745872498, 117.420516968, 215.752456665, 230.374755859, 197.414230347, 186.990066528, 257.528503418, 356.47946167, 714.986877441, 1138.56616211, 783.75213623, 352.534545898, 159.318466187, 264.524932861, 300.761047363, 215.163787842, 264.326385498, 188.54637146, 333.879089355, 128.12828064, 127.634033203, 166.239486694, 132.857513428, 116.645057678, 116.079849243, 80.1566772461, 93.6502609253, 100.301506042, 130.860595703, 108.159858704, 71.6084747314, 69.5766143799, 52.2714500427, 37.665184021, 16.7852954865, 4.84799623489, 1.39909756184, 0.113980546594, 0.00175089586992],
        "mean": [0.69815582037, 3.06855893135, 4.05120849609, 5.60261678696, 6.01542854309, 5.06608247757, 6.60618257523, 9.30932331085, 12.8256502151, 13.6754865646, 15.7046909332, 13.1256027222, 7.53731203079, 6.98510408401, 6.24940490723, 8.2350435257, 7.5835609436, 7.75916337967, 6.42563915253, 6.58243513107, 5.65294027328, 5.61047887802, 5.43782091141, 5.00179195404, 5.22895145416, 6.52008152008, 4.64496517181, 4.86723279953, 5.82158327103, 5.52568435669, 5.47090244293, 4.2022767067, 3.46454620361, 2.8120443821, 1.73646306992, 0.754369318485, 0.221373021603, 0.0586433149874, 0.00433431053534, 0.000107468113129],
        "median": [0.00270747789182, 0.0545358844101, 0.35430470109, 0.378237247467, 0.763414382935, 0.948808670044, 1.29251730442, 1.69332480431, 1.92937910557, 1.55322670937, 1.64154970646, 0.994943261147, 0.485867798328, 0.352839559317, 0.323662221432, 0.328720986843, 0.28020080924, 0.333138138056, 0.221976578236, 0.174769878387, 0.184804946184, 0.162588536739, 0.182615399361, 0.25022366643, 0.372061133385, 0.408077418804, 0.316909372807, 0.422464668751, 0.350802600384, 0.307315468788, 0.32441920042, 0.206029713154, 0.14069634676, 0.102914020419, 0.0543411150575, 0.0241490229964, 0.00800090655684, 0.00179688609205, 0.00012499812874, 1.94791828108e-05],
        "min": [1.00561302284e-21, 1.04243845344e-20, 2.0789691894e-20, 1.21612796438e-20, 1.11161093133e-19, 2.82843527868e-19, 3.22437199972e-19, 2.39109325659e-19, 1.27177199383e-18, 1.99665910913e-18, 5.10891406635e-19, 8.33896802139e-19, 7.9796790204e-19, 1.55355189667e-18, 2.66551817962e-18, 1.71457852613e-18, 3.50112093838e-18, 7.32024567299e-18, 1.21986078556e-17, 4.49313424519e-18, 9.3901286711e-18, 1.24248971742e-17, 9.52190516013e-18, 9.20551519327e-18, 1.75154187763e-17, 1.59949847098e-17, 1.55185667273e-17, 1.38731183733e-17, 1.85549167997e-17, 2.16117445555e-17, 2.12897380322e-17, 2.36681949676e-17, 1.79348737931e-17, 1.52099820367e-17, 9.43081272235e-18, 6.07262900741e-18, 2.81686803669e-18, 1.29252223308e-18, 3.57446869766e-19, 4.42911274052e-20],
        "var": [1.76830339432, 44.5936431885, 181.981170654, 531.565307617, 401.479522705, 210.07119751, 265.644683838, 501.497589111, 898.844604492, 1309.31091309, 1857.06176758, 1545.7220459, 276.201812744, 224.951812744, 231.212173462, 368.401245117, 306.915924072, 362.627380371, 222.876953125, 337.304931641, 149.167221069, 158.409896851, 181.15675354, 133.192810059, 130.925415039, 187.37940979, 88.1334152222, 104.567932129, 144.572723389, 180.1015625, 162.697357178, 86.9944763184, 73.7843170166, 55.4123306274, 24.5102138519, 4.78204345703, 0.380576223135, 0.0283080525696, 0.000147253333125, 4.66204710392e-08]
    },
    "gfcc": {
        "mean": [-171.9584198, 84.0892944336, -83.3874359131, 8.11968803406, -67.7202911377, -1.89739704132, -39.8405799866, -0.344904989004, -21.957195282, 3.36019682884, -14.5176048279, -1.70697426796, -12.6968069077],
        "cov": [[57960.6679688, -9292.55664062, 2544.53564453, 6407.68359375, 605.732299805, 4883.921875, 1033.8659668, 3030.62646484, 174.906814575, 1943.19372559, -322.149871826, 1021.27606201, -708.118347168], [-9292.55664062, 6452.73779297, -62.3271636963, -1516.88208008, 902.089477539, -1085.76074219, 366.886230469, -731.228210449, 212.440536499, -758.466308594, 251.770904541, -381.0987854, 400.153076172], [2544.53564453, -62.3271636963, 2870.65356445, 1033.34020996, 365.88470459, 743.682128906, 302.308807373, 446.669219971, 157.641860962, 231.626052856, 86.4977340698, 163.445861816, 44.9102897644], [6407.68359375, -1516.88208008, 1033.34020996, 1609.2512207, 348.56552124, 855.97064209, 278.069580078, 490.519866943, 104.335830688, 339.892303467, 29.7472991943, 167.427627563, -51.5074272156], [605.732299805, 902.089477539, 365.88470459, 348.56552124, 857.278320312, 296.997497559, 355.990783691, 90.0022201538, 146.200241089, -28.9137248993, 121.151542664, 19.2529354095, 114.192993164], [4883.921875, -1085.76074219, 743.682128906, 855.97064209, 296.997497559, 878.869384766, 302.246368408, 458.334533691, 98.3732147217, 272.739105225, 29.1380062103, 164.988006592, -34.8696327209], [1033.8659668, 366.886230469, 302.308807373, 278.069580078, 355.990783691, 302.246368408, 403.369659424, 204.915557861, 164.443161011, 52.9087753296, 92.7149581909, 20.5822792053, 79.6766815186], [3030.62646484, -731.228210449, 446.669219971, 490.519866943, 90.0022201538, 458.334533691, 204.915557861, 425.616912842, 155.672134399, 229.402542114, 14.8892183304, 94.4321060181, -30.4922771454], [174.906814575, 212.440536499, 157.641860962, 104.335830688, 146.200241089, 98.3732147217, 164.443161011, 155.672134399, 226.528076172, 110.590621948, 95.7926177979, 11.6338424683, 30.9729747772], [1943.19372559, -758.466308594, 231.626052856, 339.892303467, -28.9137248993, 272.739105225, 52.9087753296, 229.402542114, 110.590621948, 257.02230835, 70.0180206299, 95.1365890503, -46.3989524841], [-322.149871826, 251.770904541, 86.4977340698, 29.7472991943, 121.151542664, 29.1380062103, 92.7149581909, 14.8892183304, 95.7926177979, 70.0180206299, 156.172363281, 56.3916397095, 53.8970336914], [1021.27606201, -381.0987854, 163.445861816, 167.427627563, 19.2529354095, 164.988006592, 20.5822792053, 94.4321060181, 11.6338424683, 95.1365890503, 56.3916397095, 131.520614624, 25.8508377075], [-708.118347168, 400.153076172, 44.9102897644, -51.5074272156, 114.192993164, -34.8696327209, 79.6766815186, -30.4922771454, 30.9729747772, -46.3989524841, 53.8970336914, 25.8508377075, 122.766960144]],
        "icov": [[5.2315681387e-05, -6.38816345599e-05, 7.1335634857e-05, -0.000153247179696, 4.84361225972e-05, -0.00015627083485, 3.4274187783e-05, -0.000168262500665, 0.000161974414368, -0.000163120523212, 0.00018509257643, -0.000179835697054, 0.000120201984828], [-6.38816345599e-05, 0.000831005454529, -0.000349679234205, 0.000602563959546, -0.000559959269594, 0.000578650448006, -0.000389549677493, 0.00034939928446, -0.000898974947631, 0.00180620152969, -0.00142498780042, 0.00119804777205, -0.000388783897506], [7.1335634857e-05, -0.000349679234205, 0.000691496476065, -0.00058155041188, 0.00026956939837, -0.000631214003079, 0.000438571267296, -0.00060959084658, 0.000331715418724, -0.000317942351103, 0.00026583916042, -0.000471616629511, -3.30519906129e-05], [-0.000153247179696, 0.000602563959546, -0.00058155041188, 0.00224795821123, -0.000931513786782, -1.99187488761e-05, -0.000423781195423, 0.000474764441606, -0.000101831152278, -0.000315381563269, -0.000512565253302, 0.00125288462732, -0.000570614764001], [4.84361225972e-05, -0.000559959269594, 0.00026956939837, -0.000931513786782, 0.00301300128922, -0.00160265946761, -0.000600894738454, 0.00062285590684, -0.000894634053111, 0.00131830130704, -0.000540640554391, -0.00057103310246, -1.64432931342e-05], [-0.00015627083485, 0.000578650448006, -0.000631214003079, -1.99187488761e-05, -0.00160265946761, 0.00647654058412, -0.00327953137457, -0.00156944070477, 0.00183125585318, -0.00136368453968, 0.0010737007251, -0.0024965738412, 0.00158091972116], [3.4274187783e-05, -0.000389549677493, 0.000438571267296, -0.000423781195423, -0.000600894738454, -0.00327953137457, 0.00979431718588, -0.00475593842566, -0.0011553959921, 0.00374341197312, -0.00521850166842, 0.00507259275764, -0.0038520405069], [-0.000168262500665, 0.00034939928446, -0.00060959084658, 0.000474764441606, 0.00062285590684, -0.00156944070477, -0.00475593842566, 0.0143016176298, -0.00705835828558, -0.00528193917125, 0.00866883248091, -0.00461883051321, 0.000877766404301], [0.000161974414368, -0.000898974947631, 0.000331715418724, -0.000101831152278, -0.000894634053111, 0.00183125585318, -0.0011553959921, -0.00705835828558, 0.0158848650753, -0.00752458674833, -0.00420332467183, 0.00517972093076, -0.00204743072391], [-0.000163120523212, 0.00180620152969, -0.000317942351103, -0.000315381563269, 0.00131830130704, -0.00136368453968, 0.00374341197312, -0.00528193917125, -0.00752458674833, 0.0246605724096, -0.0135619500652, -0.000327763060341, 0.00504257110879], [0.00018509257643, -0.00142498780042, 0.00026583916042, -0.000512565253302, -0.000540640554391, 0.0010737007251, -0.00521850166842, 0.00866883248091, -0.00420332467183, -0.0135619500652, 0.0248275175691, -0.0122578116134, -0.000636022828985], [-0.000179835697054, 0.00119804777205, -0.000471616629511, 0.00125288462732, -0.00057103310246, -0.0024965738412, 0.00507259275764, -0.00461883051321, 0.00517972093076, -0.000327763060341, -0.0122578116134, 0.0242019630969, -0.010006823577], [0.000120201984828, -0.000388783897506, -3.30519906129e-05, -0.000570614764001, -1.64432931342e-05, 0.00158091972116, -0.0038520405069, 0.000877766404301, -0.00204743072391, 0.00504257110879, -0.000636022828985, -0.010006823577, 0.0178697928786]]
    },
    "melbands": {
        "dmean": [0.00243590399623, 0.00228427001275, 0.00135208689608, 0.000442697491962, 0.000233080485486, 0.000232196529396, 0.000196813431103, 0.000128729589051, 0.00011324496154, 7.30458123144e-05, 3.14364915539e-05, 2.57684678218e-05, 2.01848542929e-05, 2.12206978176e-05, 1.74865763256e-05, 1.81498835445e-05, 1.52839129441e-05, 9.53000562731e-06, 1.06032866825e-05, 7.72554813011e-06, 6.56901420371e-06, 6.19945785729e-06, 5.64667243452e-06, 4.09216727348e-06, 3.85635030398e-06, 3.35942104357e-06, 3.91784715248e-06, 3.84848362955e-06, 2.71892827186e-06, 2.78972584056e-06, 2.8929759992e-06, 3.12157681037e-06, 3.19664491144e-06, 4.04496540796e-06, 3.84694385502e-06, 2.84781458504e-06, 2.88409478344e-06, 3.0343690014e-06, 3.06447805087e-06, 3.36727271133e-06],
        "dmean2": [0.00352775491774, 0.0034898519516, 0.0024918152485, 0.000817565422039, 0.000420648633735, 0.000409491942264, 0.000333960721036, 0.000205083735636, 0.000184567354154, 0.000120100201457, 5.22459631611e-05, 4.12634035456e-05, 3.36443445121e-05, 3.57179669663e-05, 2.98816994473e-05, 3.09684619424e-05, 2.62453504547e-05, 1.63868789969e-05, 1.78155642061e-05, 1.29661511892e-05, 1.11622784971e-05, 1.07678270069e-05, 9.3705175459e-06, 6.51248501526e-06, 6.15117278358e-06, 5.38628046343e-06, 6.03228818363e-06, 5.91930529481e-06, 4.33657987742e-06, 4.45963723905e-06, 4.5064580263e-06, 4.87871875521e-06, 4.97893643114e-06, 6.87979581926e-06, 6.31222292213e-06, 4.50861080026e-06, 4.58772365164e-06, 5.07081404066e-06, 5.2110804063e-06, 5.86817213843e-06],
        "dvar": [2.70273449132e-05, 4.03066333092e-05, 2.45713144977e-05, 2.38426332544e-06, 4.38374684109e-07, 3.55307577138e-07, 2.46380864155e-07, 1.23152204878e-07, 9.71659801507e-08, 5.41757891881e-08, 4.9712811645e-09, 3.08589576115e-09, 2.53239540449e-09, 3.25578453086e-09, 1.36802702499e-09, 1.83241832818e-09, 1.40624623057e-09, 4.8118259377e-10, 1.23266141738e-09, 3.47956163882e-10, 1.94517152385e-10, 1.78224407454e-10, 1.62790864122e-10, 1.18071732946e-10, 7.5620378015e-11, 5.48848883009e-11, 7.45251707568e-11, 6.29162347221e-11, 2.85672561995e-11, 3.25492653663e-11, 3.52546013216e-11, 3.87822100822e-11, 4.12383599491e-11, 1.02559648274e-10, 7.50011788786e-11, 3.49931368604e-11, 3.53217802229e-11, 4.47359232991e-11, 4.62318135164e-11, 6.02604979805e-11],
        "dvar2": [5.05514217366e-05, 8.97000863915e-05, 6.95159833413e-05, 6.94737309459e-06, 1.25733799905e-06, 1.00175168427e-06, 6.42206543944e-07, 2.74431499747e-07, 2.30485213137e-07, 1.31333607101e-07, 1.20128502701e-08, 7.74375408241e-09, 6.93715795919e-09, 8.90494877837e-09, 3.61312024744e-09, 4.79494310923e-09, 3.51154416656e-09, 1.27997223931e-09, 3.34080407782e-09, 8.62908466903e-10, 5.15138320889e-10, 4.99333963067e-10, 4.18448498074e-10, 2.87004808808e-10, 1.8251206102e-10, 1.25972857146e-10, 1.71423999995e-10, 1.39862343929e-10, 6.80092024363e-11, 7.87623161136e-11, 8.35410282618e-11, 9.42817282579e-11, 1.00613455067e-10, 2.74785028065e-10, 1.89372198478e-10, 8.18800929836e-11, 8.73874167473e-11, 1.14254349037e-10, 1.19446161295e-10, 1.61363727935e-10],
        "max": [0.0465438850224, 0.055726531893, 0.0343415141106, 0.0159999057651, 0.00698773190379, 0.00598748680204, 0.00700262654573, 0.00867286883295, 0.00824140198529, 0.00468115881085, 0.00174036074895, 0.000696471252013, 0.000773183361162, 0.000922795326915, 0.00032520442619, 0.000606423942372, 0.000612173404079, 0.000314434437314, 0.000602095446084, 0.000279368308838, 0.000173789492692, 0.000117533440061, 0.000141033451655, 0.000139315568958, 0.000113110923849, 9.8916789284e-05, 9.80582626653e-05, 7.35219437047e-05, 6.3246647187e-05, 5.82401953579e-05, 5.75050180487e-05, 6.02452455496e-05, 5.11309481226e-05, 9.93768990156e-05, 7.90328267612e-05, 4.58189497294e-05, 5.13105223945e-05, 4.86190656375e-05, 5.12945007358e-05, 4.94968953717e-05],
        "mean": [0.00541319092736, 0.00279581570067, 0.000990134896711, 0.000398788281018, 0.000220935384277, 0.000215965119423, 0.000204602576559, 0.000148112609168, 0.000120464799693, 7.8273609688e-05, 3.46223459928e-05, 2.72759862128e-05, 2.08986693906e-05, 2.14390875044e-05, 1.70179482666e-05, 1.69126324181e-05, 1.42371181937e-05, 9.61761725193e-06, 1.00844554254e-05, 7.72076964495e-06, 6.55300709695e-06, 5.87918884776e-06, 5.52865003556e-06, 4.29060128226e-06, 3.98774818677e-06, 3.57933913619e-06, 4.26562382927e-06, 4.26520136898e-06, 2.78979928225e-06, 2.74303965853e-06, 2.82662176687e-06, 3.13933355756e-06, 3.16965338243e-06, 3.23153676618e-06, 3.37311689691e-06, 2.62691128228e-06, 2.56638486462e-06, 2.4308931188e-06, 2.34513413488e-06, 2.42893770519e-06],
        "median": [4.26324550062e-05, 0.000233298866078, 8.3605380496e-05, 6.73497343087e-05, 4.28384446423e-05, 3.8752459659e-05, 2.8870152164e-05, 1.53624241648e-05, 1.18717407531e-05, 4.99550696986e-06, 1.92558400158e-06, 1.22438677863e-06, 9.50406047195e-07, 8.42360805109e-07, 5.73281795369e-07, 5.91241359871e-07, 5.06868161665e-07, 2.97746737488e-07, 2.51045037203e-07, 2.00157899144e-07, 1.88874764717e-07, 1.59313543691e-07, 1.64173471262e-07, 1.45072661439e-07, 1.72394805986e-07, 2.08092473031e-07, 3.30297012852e-07, 2.34442481428e-07, 1.71480138533e-07, 2.1776537551e-07, 2.22264276317e-07, 1.77795243417e-07, 1.87369607829e-07, 1.53569743588e-07, 1.93642989643e-07, 1.45680502328e-07, 1.14761029124e-07, 9.6943921335e-08, 8.64327063255e-08, 9.00565311213e-08],
        "min": [1.11661146987e-23, 1.25874282686e-23, 4.61421348986e-24, 1.36532479824e-23, 1.35600566883e-23, 5.45754445172e-24, 2.38181057103e-23, 1.80830143542e-23, 4.08066781104e-24, 5.57185000246e-24, 3.81758703789e-24, 5.67482159414e-24, 1.20049073438e-23, 3.09311394583e-24, 6.62236265931e-24, 1.14012323249e-23, 1.28471851763e-23, 2.25188644212e-23, 6.01939209324e-24, 8.11671291612e-24, 1.04759363484e-23, 1.50180972553e-23, 8.2110725133e-24, 7.48377352426e-24, 7.03874316661e-24, 1.20595470055e-23, 1.2257140885e-23, 9.90472768895e-24, 9.04930901144e-24, 8.84128165757e-24, 8.30920128788e-24, 1.02759979742e-23, 1.15107317406e-23, 1.17661948784e-23, 1.10757427934e-23, 1.3396308097e-23, 1.54142505802e-23, 1.06639234798e-23, 1.52710360383e-23, 1.20780844479e-23],
        "var": [0.000100715653389, 4.93581028422e-05, 1.46129050336e-05, 1.43495992688e-06, 2.99993160979e-07, 2.63539732259e-07, 2.3098371571e-07, 1.60996705745e-07, 1.113179664e-07, 5.97091229793e-08, 6.17546147552e-09, 3.67384744848e-09, 2.37773445377e-09, 2.9188687023e-09, 1.38529310245e-09, 1.81892068074e-09, 1.43368583672e-09, 4.98526275816e-10, 1.02850772343e-09, 4.00719540883e-10, 2.14221224093e-10, 1.71383560121e-10, 1.78933076689e-10, 1.35622527098e-10, 9.06578839777e-11, 6.89304238688e-11, 9.18866857602e-11, 8.1739712221e-11, 3.34543538705e-11, 3.47667832024e-11, 3.78839806747e-11, 4.37638154882e-11, 4.56145572703e-11, 7.79048284216e-11, 6.56369264496e-11, 3.60320592807e-11, 3.38392612542e-11, 3.70382509385e-11, 3.64172615674e-11, 4.34910059355e-11]
    },
    "mfcc": {
        "mean": [-793.195129395, 98.8735351562, 35.7623558044, 11.4398555756, -4.42654085159, -3.28581786156, -8.02644443512, -6.81964254379, -6.2193570137, -0.945707380772, -1.39232838154, -0.719038724899, -0.290880173445],
        "cov": [[31208.8339844, -116.911758423, -96.1232376099, 1326.12329102, 1126.02636719, 1546.20092773, 1234.73278809, 1243.98925781, 1039.3996582, 1009.06689453, 771.516357422, 663.664428711, 583.44152832], [-116.911758423, 3448.49731445, 495.85647583, 11.8504190445, 220.749679565, 99.4803848267, 174.673934937, 186.673965454, 124.295669556, 27.7901802063, 40.620300293, 33.5290985107, 2.87460589409], [-96.1232376099, 495.85647583, 1761.60131836, 566.416381836, 261.631774902, 224.684539795, 192.214767456, 157.027648926, 115.889549255, 138.621826172, 90.3629760742, 40.3703575134, 61.3632545471], [1326.12329102, 11.8504190445, 566.416381836, 668.574645996, 413.975982666, 323.467834473, 263.281219482, 211.405776978, 171.492614746, 161.555892944, 116.629875183, 87.5692062378, 86.1451263428], [1126.02636719, 220.749679565, 261.631774902, 413.975982666, 500.988922119, 360.171417236, 280.144683838, 233.409210205, 175.285690308, 128.606414795, 107.94708252, 88.8149185181, 76.1569137573], [1546.20092773, 99.4803848267, 224.684539795, 323.467834473, 360.171417236, 411.124237061, 330.469818115, 255.302474976, 179.03968811, 150.442108154, 109.328941345, 96.4987030029, 92.2152404785], [1234.73278809, 174.673934937, 192.214767456, 263.281219482, 280.144683838, 330.469818115, 358.007049561, 269.004455566, 192.296188354, 140.620697021, 99.6336135864, 87.5848693848, 87.4227142334], [1243.98925781, 186.673965454, 157.027648926, 211.405776978, 233.409210205, 255.302474976, 269.004455566, 279.778289795, 211.55368042, 158.767196655, 105.163490295, 84.6920928955, 78.7043762207], [1039.3996582, 124.295669556, 115.889549255, 171.492614746, 175.285690308, 179.03968811, 192.296188354, 211.55368042, 231.477584839, 183.05657959, 114.730514526, 77.6319274902, 63.4689903259], [1009.06689453, 27.7901802063, 138.621826172, 161.555892944, 128.606414795, 150.442108154, 140.620697021, 158.767196655, 183.05657959, 224.949676514, 159.62638855, 106.529335022, 74.423210144], [771.516357422, 40.620300293, 90.3629760742, 116.629875183, 107.94708252, 109.328941345, 99.6336135864, 105.163490295, 114.730514526, 159.62638855, 174.834747314, 131.582672119, 77.5565490723], [663.664428711, 33.5290985107, 40.3703575134, 87.5692062378, 88.8149185181, 96.4987030029, 87.5848693848, 84.6920928955, 77.6319274902, 106.529335022, 131.582672119, 147.807312012, 102.271133423], [583.44152832, 2.87460589409, 61.3632545471, 86.1451263428, 76.1569137573, 92.2152404785, 87.4227142334, 78.7043762207, 63.4689903259, 74.423210144, 77.5565490723, 102.271133423, 126.703178406]],
