{
"lowlevel": {
    "average_loudness": 0.822151601315,
    "barkbands_crest": {
        "dmean": 2.84463524818,
        "dmean2": 4.67196655273,
        "dvar": 8.66199874878,
        "dvar2": 19.7332839966,
        "max": 26.6959018707,
        "mean": 9.21954631805,
        "median": 7.55455684662,
        "min": 1.86713516712,
        "var": 30.2038593292
    },
    "barkbands_flatness_db": {
        "dmean": 0.0256000161171,
        "dmean2": 0.0404947549105,
        "dvar": 0.000947921245825,
        "dvar2": 0.00201838952489,
        "max": 0.809936702251,
        "mean": 0.101905189455,
        "median": 0.0701416581869,
        "min": 0.0123785836622,
        "var": 0.0100307604298
    },
    "barkbands_kurtosis": {
        "dmean": 3.89122891426,
        "dmean2": 5.99349498749,
        "dvar": 550.634887695,
        "dvar2": 1432.34667969,
        "max": 1353.10217285,
        "mean": 3.97883009911,
        "median": -0.202979683876,
        "min": -1.8558369875,
        "var": 930.591430664
    },
    "barkbands_skewness": {
        "dmean": 0.670085847378,
        "dmean2": 1.0489294529,
        "dvar": 0.923239052296,
        "dvar2": 1.95193564892,
        "max": 20.3891944885,
        "mean": 1.14781796932,
        "median": 0.793884217739,
        "min": -2.10302376747,
        "var": 2.73146486282
    },
    "barkbands_spread": {
        "dmean": 10.0203504562,
        "dmean2": 15.8498620987,
        "dvar": 123.459960938,
        "dvar2": 268.307922363,
        "max": 106.34928894,
        "mean": 37.5728721619,
        "median": 37.5151519775,
        "min": 0.116287358105,
        "var": 379.233337402
    },
    "dissonance": {
        "dmean": 0.0141531359404,
        "dmean2": 0.0240402668715,
        "dvar": 0.00040781655116,
        "dvar2": 0.00111931073479,
        "max": 0.500000059605,
        "mean": 0.474301457405,
        "median": 0.486051797867,
        "min": 0.0566115006804,
        "var": 0.00190893327817
    },
    "dynamic_complexity": 2.77089381218,
    "erbbands_crest": {
        "dmean": 2.16082763672,
        "dmean2": 3.53674554825,
        "dvar": 4.47013235092,
        "dvar2": 11.1402931213,
        "max": 28.4266414642,
        "mean": 6.65668153763,
        "median": 5.53878974915,
        "min": 2.0832092762,
        "var": 13.2299938202
    },
    "erbbands_flatness_db": {
        "dmean": 0.0145609965548,
        "dmean2": 0.0228075608611,
        "dvar": 0.000209851656109,
        "dvar2": 0.000470325438073,
        "max": 0.602566003799,
        "mean": 0.131179437041,
        "median": 0.111418738961,
        "min": 0.0302062220871,
        "var": 0.00568292289972
    },
    "erbbands_kurtosis": {
        "dmean": 0.846920311451,
        "dmean2": 1.38482141495,
        "dvar": 15.9111661911,
        "dvar2": 39.3135604858,
        "max": 391.958465576,
        "mean": 0.557254552841,
        "median": -0.312876701355,
        "min": -1.8257727623,
        "var": 111.672515869
    },
    "erbbands_skewness": {
        "dmean": 0.310815244913,
        "dmean2": 0.488612323999,
        "dvar": 0.0868063271046,
        "dvar2": 0.195378899574,
        "max": 16.2621917725,
        "mean": 0.159290865064,
        "median": 0.0853014290333,
        "min": -1.89090847969,
        "var": 0.530309200287
    },
    "erbbands_spread": {
        "dmean": 9.75558853149,
        "dmean2": 15.3114280701,
        "dvar": 105.78314209,
        "dvar2": 240.642608643,
        "max": 167.108444214,
        "mean": 44.5179595947,
        "median": 43.6543579102,
        "min": 0.552002370358,
        "var": 367.185394287
    },
    "hfc": {
        "dmean": 25.213634491,
        "dmean2": 40.8430595398,
        "dvar": 987.956665039,
        "dvar2": 2425.93310547,
        "max": 263.990631104,
        "mean": 42.2657661438,
        "median": 33.2639160156,
        "min": 1.18425740998e-16,
        "var": 1383.90136719
    },
    "melbands_crest": {
        "dmean": 3.89214229584,
        "dmean2": 6.3678894043,
        "dvar": 15.5174427032,
        "dvar2": 36.2581596375,
        "max": 34.0275497437,
        "mean": 14.4281225204,
        "median": 12.4647932053,
        "min": 2.24260640144,
        "var": 56.6099662781
    },
    "melbands_flatness_db": {
        "dmean": 0.0377389416099,
        "dmean2": 0.059706479311,
        "dvar": 0.0017372922739,
        "dvar2": 0.00392201449722,
        "max": 0.968032598495,
        "mean": 0.15509146452,
        "median": 0.12182803452,
        "min": 0.00596424704418,
        "var": 0.0153144439682
    },
    "melbands_kurtosis": {
        "dmean": 9.66451263428,
        "dmean2": 14.9212989807,
        "dvar": 810.151672363,
        "dvar2": 1534.77099609,
        "max": 659.512084961,
        "mean": 15.0136032104,
        "median": 4.65054798126,
        "min": -1.62291288376,
        "var": 2144.09375
    },
    "melbands_skewness": {
        "dmean": 0.895184397697,
        "dmean2": 1.41572284698,
        "dvar": 1.61269497871,
        "dvar2": 3.3336045742,
        "max": 18.9988174438,
        "mean": 2.56038546562,
        "median": 1.97492206097,
        "min": -1.11873686314,
        "var": 4.85794210434
    },
    "melbands_spread": {
        "dmean": 15.3332357407,
        "dmean2": 25.1153202057,
        "dvar": 286.704864502,
        "dvar2": 713.968688965,
        "max": 216.766052246,
        "mean": 39.5690383911,
        "median": 36.1614074707,
        "min": 0.193096220493,
        "var": 694.141418457
    },
    "pitch_salience": {
        "dmean": 0.0868739709258,
        "dmean2": 0.13776832819,
        "dvar": 0.00819748826325,
        "dvar2": 0.0170760210603,
        "max": 0.911009192467,
        "mean": 0.563250660896,
        "median": 0.604235172272,
        "min": 0.0247042980045,
        "var": 0.0265368428081
    },
    "silence_rate_20dB": {
        "dmean": 0,
        "dmean2": 0,
        "dvar": 0,
        "dvar2": 0,
        "max": 1,
        "mean": 1,
        "median": 1,
        "min": 1,
        "var": 0
    },
    "silence_rate_30dB": {
        "dmean": 0.0203054975718,
        "dmean2": 0.0406147092581,
        "dvar": 0.0198930539191,
        "dvar2": 0.0431719943881,
        "max": 1,
        "mean": 0.978873252869,
        "median": 1,
        "min": 0,
        "var": 0.0206786505878
    },
    "silence_rate_60dB": {
        "dmean": 0.0053050396964,
        "dmean2": 0.0106110498309,
        "dvar": 0.00527556613088,
        "dvar2": 0.0117808235809,
        "max": 1,
        "mean": 0.0569782331586,
        "median": 0,
        "min": 0,
        "var": 0.0537205785513
    },
    "spectral_centroid": {
        "dmean": 411.125274658,
        "dmean2": 649.097839355,
        "dvar": 181053.640625,
        "dvar2": 429572.875,
        "max": 10965.890625,
        "mean": 1950.99487305,
        "median": 2050.37841797,
        "min": 96.728187561,
        "var": 655927.8125
    },
    "spectral_complexity": {
        "dmean": 7.63486671448,
        "dmean2": 12.1311740875,
        "dvar": 55.8418998718,
        "dvar2": 120.909851074,
        "max": 62,
        "mean": 29.304189682,
        "median": 29,
        "min": 0,
        "var": 200.811935425
    },
    "spectral_decrease": {
        "dmean": 2.53517962179e-09,
        "dmean2": 3.45417228154e-09,
        "dvar": 1.24000081368e-17,
        "dvar2": 2.00395802678e-17,
        "max": -7.72142253439e-30,
        "mean": -7.08904668301e-09,
        "median": -5.26898658038e-09,
        "min": -4.43945857853e-08,
        "var": 4.25282901282e-17
    },
    "spectral_energy": {
        "dmean": 0.0109250638634,
        "dmean2": 0.0149877769873,
        "dvar": 0.000188972931937,
        "dvar2": 0.000314722536132,
        "max": 0.16946952045,
        "mean": 0.0305892843753,
        "median": 0.0236034318805,
        "min": 1.07707066391e-20,
        "var": 0.000660831574351
    },
    "spectral_energyband_high": {
        "dmean": 0.0024071035441,
        "dmean2": 0.00392621196806,
        "dvar": 1.02377161966e-05,
        "dvar2": 2.47010648309e-05,
        "max": 0.0276429560035,
        "mean": 0.00337849697098,
        "median": 0.00232337089255,
        "min": 7.62553249788e-21,
        "var": 1.35095542646e-05
    },
    "spectral_energyband_low": {
        "dmean": 0.00668149907142,
        "dmean2": 0.00982876960188,
        "dvar": 0.000204316267627,
        "dvar2": 0.000400562974392,
        "max": 0.168245464563,
        "mean": 0.0134134171531,
        "median": 0.00390728609636,
        "min": 7.29640675304e-23,
        "var": 0.000506552867591
    },
    "spectral_energyband_middle_high": {
        "dmean": 0.00349520100281,
        "dmean2": 0.00595402065665,
        "dvar": 2.33467217186e-05,
        "dvar2": 6.25992397545e-05,
        "max": 0.0442819148302,
        "mean": 0.00704450672492,
        "median": 0.00579427322373,
        "min": 1.5429669971e-21,
        "var": 3.31214287144e-05
    },
    "spectral_energyband_middle_low": {
        "dmean": 0.00618421426043,
        "dmean2": 0.0106816049665,
        "dvar": 0.000182740579476,
        "dvar2": 0.000488223624416,
        "max": 0.117602676153,
        "mean": 0.00830444134772,
        "median": 0.00512824952602,
        "min": 3.73925218759e-22,
        "var": 0.000138714487548
    },
    "spectral_entropy": {
        "dmean": 0.172482356429,
        "dmean2": 0.268186628819,
        "dvar": 0.0356019251049,
        "dvar2": 0.081041559577,
        "max": 9.82796669006,
        "mean": 7.99504709244,
        "median": 8.19960403442,
        "min": 2.85211324692,
        "var": 0.560599863529
    },
    "spectral_flux": {
        "dmean": 0.0303127393126,
        "dmean2": 0.0416243448853,
        "dvar": 0.00114989583381,
        "dvar2": 0.00170543824788,
        "max": 0.434578746557,
        "mean": 0.105653017759,
        "median": 0.0941747203469,
        "min": 1.0457510552e-10,
        "var": 0.00429538730532
    },
    "spectral_kurtosis": {
        "dmean": 3.16010594368,
        "dmean2": 5.33524370193,
        "dvar": 260.857818604,
        "dvar2": 785.350463867,
        "max": 531.818725586,
        "mean": 9.78391265869,
        "median": 2.0693769455,
        "min": -1.2318867445,
        "var": 1826.49536133
    },
    "spectral_rms": {
        "dmean": 0.000914160453249,
        "dmean2": 0.00126953609288,
        "dvar": 9.5489076557e-07,
        "dvar2": 1.66461711615e-06,
        "max": 0.0128583088517,
        "mean": 0.00500713847578,
        "median": 0.00479872245342,
        "min": 3.24160555169e-12,
        "var": 4.77177991343e-06
    },
    "spectral_rolloff": {
        "dmean": 1459.9432373,
        "dmean2": 2397.67602539,
        "dvar": 2808100.75,
        "dvar2": 6221366,
        "max": 18820.0195312,
        "mean": 3220.65307617,
        "median": 2540.91796875,
        "min": 64.599609375,
        "var": 6813852
    },
    "spectral_skewness": {
        "dmean": 0.240366220474,
        "dmean2": 0.389172881842,
        "dvar": 0.242224186659,
        "dvar2": 0.686832070351,
        "max": 19.833524704,
        "mean": 1.66087126732,
        "median": 1.23370909691,
        "min": 0.0079876286909,
        "var": 4.00980949402
    },
    "spectral_spread": {
        "dmean": 789684.875,
        "dmean2": 1207723.5,
        "dvar": 857866305536,
        "dvar2": 1.52990121984e+12,
        "max": 46589116,
        "mean": 6007699,
        "median": 6076341.5,
        "min": 191226.390625,
        "var": 4.17598354227e+12
    },
    "spectral_strongpeak": {
        "dmean": 0.356351226568,
        "dmean2": 0.594543993473,
        "dvar": 0.278700441122,
        "dvar2": 0.720310151577,
        "max": 6.20492506027,
        "mean": 0.635401964188,
        "median": 0.379363179207,
        "min": 0,
        "var": 0.439484685659
    },
    "zerocrossingrate": {
        "dmean": 0.01912554726,
        "dmean2": 0.0247703585774,
        "dvar": 0.000385939027183,
        "dvar2": 0.000565172580536,
        "max": 0.8740234375,
        "mean": 0.105704762042,
        "median": 0.10546875,
        "min": 0.00244140625,
        "var": 0.0035487441346
    },
    "barkbands": {
        "dmean": [0.000164964672877, 0.00407082261518, 0.00409974623471, 0.00338664161973, 0.00194205041043, 0.00057591102086, 0.000802842841949, 0.000628770620096, 0.000536108738743, 0.000669419649057, 0.0005658097798, 0.000626036489848, 0.00062090071151, 0.000419202668127, 0.000634044467006, 0.000343319989042, 0.000379595468985, 0.000296240730677, 0.000363005587133, 0.00036779025686, 0.000379112636438, 0.000427786377259, 0.000373738002963, 0.000596192025114, 0.000452154112281, 0.000172401138116, 1.44898449435e-05],
        "dmean2": [0.000228882548981, 0.00603503827006, 0.00701782153919, 0.00618018209934, 0.00356710562482, 0.000953667622525, 0.00135251379106, 0.00105570489541, 0.000918636971619, 0.00112863839604, 0.000985067454167, 0.00105269812047, 0.0010455843294, 0.000725143589079, 0.00111635180656, 0.000587856746279, 0.000645360851195, 0.000498030392919, 0.000613706302829, 0.000616281642579, 0.000641128921416, 0.00070270447759, 0.00061672803713, 0.000973736110609, 0.000737676920835, 0.000279719155515, 2.49703934969e-05],
        "dvar": [1.24680681779e-07, 7.49999890104e-05, 0.000195114393136, 0.000112896690553, 2.20734073082e-05, 1.21478012716e-06, 2.85755572804e-06, 1.06075253825e-06, 8.02788122201e-07, 9.30901421725e-07, 7.77981142619e-07, 6.68002655857e-07, 8.17492832539e-07, 5.6376285329e-07, 1.00301224393e-06, 2.34609572658e-07, 3.24817818864e-07, 1.55972600169e-07, 2.43687679813e-07, 2.2527602539e-07, 2.49216611792e-07, 3.19490567335e-07, 3.23032196548e-07, 7.01292435679e-07, 4.31061806694e-07, 9.05558721342e-08, 1.15883203033e-09],
        "dvar2": [2.41764581688e-07, 0.000138803443406, 0.000507625169121, 0.000313750060741, 6.32724331808e-05, 3.06665583594e-06, 7.76076285547e-06, 2.76368268715e-06, 2.15333170672e-06, 2.44452530751e-06, 2.20199785872e-06, 1.7482182102e-06, 2.09723634725e-06, 1.54218139414e-06, 2.80447920886e-06, 6.26123892289e-07, 8.57140321386e-07, 4.01280090045e-07, 6.33152808405e-07, 5.65896186799e-07, 6.36256402231e-07, 7.77653497153e-07, 7.8159757777e-07, 1.72219586148e-06, 1.05339631773e-06, 2.20258826289e-07, 3.10283509997e-09],
        "max": [0.0056483913213, 0.102372944355, 0.134814485908, 0.0971402972937, 0.0490665249527, 0.0179639235139, 0.0400869399309, 0.0177106782794, 0.0232702530921, 0.0263775512576, 0.0124713061377, 0.00919226370752, 0.0133277243003, 0.0187225490808, 0.0122376987711, 0.00734713114798, 0.0113484272733, 0.00504714716226, 0.00444413116202, 0.00467248400673, 0.00472677033395, 0.00543741742149, 0.00582801364362, 0.00741300685331, 0.00599429244176, 0.0033456988167, 0.000369832443539],
        "mean": [0.000345593347447, 0.00849173683673, 0.00319405016489, 0.00239816075191, 0.00180729606654, 0.000889480637852, 0.00129779311828, 0.000876701378729, 0.000684899743646, 0.00103881990071, 0.000707262486685, 0.000981150893494, 0.000824281538371, 0.000556661689188, 0.00079263857333, 0.000488968449645, 0.000527314550709, 0.000473760446766, 0.000549613730982, 0.000546511611901, 0.000553411722649, 0.000564675137866, 0.000444921606686, 0.000706361723132, 0.000607154739555, 0.000226644158829, 1.34467973112e-05],
        "median": [3.0905535823e-05, 0.00210249051452, 0.000471690582344, 0.000392219080823, 0.000719556235708, 0.000420705240685, 0.000633129966445, 0.000446471967734, 0.000361610611435, 0.000662479898892, 0.000391233712435, 0.000552723184228, 0.000441734766355, 0.000310424133204, 0.000517164357007, 0.000337923062034, 0.000345081149135, 0.000317702419125, 0.000355319527443, 0.000368325941963, 0.00037651573075, 0.000353607931174, 0.000207602162845, 0.000364297127817, 0.000356018426828, 0.000119606113003, 3.43361057276e-06],
        "min": [1.00795503096e-23, 1.81677269713e-23, 1.5818967779e-23, 2.20713436297e-23, 6.21409653305e-23, 1.56004880181e-23, 1.9721735623e-23, 7.75291298583e-23, 4.73894210196e-23, 7.65784010062e-23, 2.48217608183e-23, 4.86987123967e-23, 6.2247221739e-23, 9.86259589018e-23, 1.62250361387e-22, 8.80857422226e-23, 1.45026902497e-22, 1.73264248019e-22, 2.15958687631e-22, 2.87926758315e-22, 2.94186249691e-22, 5.50299724446e-22, 5.42924367232e-22, 8.87092137059e-22, 1.05490297071e-21, 1.42257465557e-21, 2.53698636471e-21],
        "var": [5.04861816353e-07, 0.000224359013373, 0.000142089978908, 6.9279310992e-05, 1.42145099744e-05, 2.1484984245e-06, 3.88632724935e-06, 1.89173795206e-06, 1.14715896871e-06, 1.74016952315e-06, 1.03408819996e-06, 1.23669553886e-06, 1.10194014269e-06, 8.69312032137e-07, 9.2656017614e-07, 2.9160946724e-07, 4.07900756727e-07, 2.45369079721e-07, 3.46984705857e-07, 3.29013602141e-07, 3.36801292633e-07, 4.19886617919e-07, 3.72406759652e-07, 8.31965849102e-07, 5.6369003687e-07, 1.06328194249e-07, 9.15216291641e-10]
    },
    "erbbands": {
        "dmean": [0.109019182622, 1.04191792011, 3.91772961617, 8.16781616211, 9.71636295319, 5.31213283539, 2.92331027985, 5.22414302826, 11.677526474, 9.78096485138, 14.5717592239, 11.7079153061, 18.1198577881, 24.9963550568, 19.2710437775, 25.188369751, 28.1691818237, 23.7795543671, 26.5113449097, 25.8859710693, 20.6167259216, 19.4030609131, 16.8466186523, 17.7321605682, 17.7946033478, 16.5302238464, 16.0810432434, 14.2576971054, 15.7288217545, 12.6681461334, 10.8765096664, 10.448056221, 11.4093112946, 6.40959644318, 2.26152396202, 0.995703518391, 0.278617709875, 0.040874555707, 0.00213603512384, 5.88845796301e-05],
        "dmean2": [0.159320756793, 1.43849003315, 6.24502515793, 14.0456418991, 17.8873825073, 9.67021942139, 5.09755373001, 8.66680145264, 19.4283638, 16.6198444366, 24.5822162628, 20.0490150452, 30.6266860962, 42.7753143311, 32.45495224, 42.748298645, 46.3253593445, 41.3107833862, 45.9506416321, 45.5430221558, 35.2451248169, 32.7021064758, 28.371717453, 30.4720802307, 29.3874111176, 27.8212108612, 27.2446022034, 23.8898220062, 25.9209594727, 21.0634365082, 17.8737297058, 17.0424442291, 18.8384952545, 10.4968833923, 3.60320734978, 1.61682701111, 0.45473280549, 0.0673525705934, 0.00366667844355, 9.48462766246e-05],
        "dvar": [0.0493749082088, 5.25072908401, 158.079360962, 588.454833984, 745.735839844, 146.475158691, 48.3974151611, 109.581733704, 606.37512207, 444.708587646, 558.025390625, 390.443939209, 841.724975586, 1555.39611816, 800.63104248, 1069.40075684, 1650.16040039, 1400.21252441, 1420.87976074, 1752.96557617, 903.810546875, 806.678588867, 520.876403809, 641.50189209, 523.59967041, 473.258117676, 460.194030762, 359.240631104, 438.11807251, 313.53717041, 292.781921387, 252.881164551, 247.821075439, 79.4089279175, 13.7006940842, 2.92998433113, 0.26108905673, 0.00599505100399, 2.65145663434e-05, 1.04658779421e-08],
        "dvar2": [0.0912537425756, 8.93522167206, 380.58505249, 1506.41186523, 2109.14648438, 418.234130859, 135.747055054, 277.392974854, 1616.31469727, 1151.61035156, 1466.03771973, 1059.87536621, 2315.03759766, 4227.53027344, 1944.85583496, 2832.89624023, 4042.66186523, 3779.08886719, 3918.92895508, 4895.22509766, 2391.34423828, 2109.26245117, 1343.88977051, 1696.74401855, 1302.8638916, 1209.22460938, 1181.20593262, 919.709289551, 1067.08007812, 775.159790039, 704.823791504, 614.756103516, 628.479797363, 201.044754028, 30.5066375732, 7.09373807907, 0.644855082035, 0.0150059526786, 7.07520885044e-05, 2.64096513547e-08],
        "max": [3.07340407372, 27.2122554779, 131.607833862, 224.993530273, 249.435073853, 190.589797974, 124.789199829, 195.351211548, 634.682128906, 408.63394165, 460.965545654, 466.912689209, 750.490661621, 1130.03747559, 461.565704346, 412.04888916, 678.606079102, 655.864685059, 642.462585449, 476.207366943, 462.215209961, 466.517730713, 297.92666626, 264.771942139, 273.515136719, 222.897720337, 184.384048462, 231.976470947, 176.489822388, 165.140655518, 183.080322266, 175.368560791, 151.013641357, 82.3023757935, 46.4440879822, 18.5552177429, 5.0913567543, 0.874494969845, 0.068844974041, 0.00121008709539],
        "mean": [0.270981699228, 1.77743828297, 3.69749403, 6.58047437668, 7.56182479858, 5.23006916046, 3.76542568207, 7.97392892838, 19.7122631073, 15.3070726395, 20.649061203, 15.966129303, 26.6579532623, 35.9092636108, 29.4965324402, 41.2844238281, 40.8443946838, 32.8088684082, 35.9516105652, 33.0496826172, 30.6692447662, 28.2239379883, 27.2171573639, 26.4072418213, 28.3854598999, 25.3246116638, 23.5973205566, 20.6981754303, 20.8567733765, 15.6148328781, 12.7002925873, 12.3673219681, 13.1347227097, 8.09914207458, 3.33509540558, 1.37066662312, 0.345909833908, 0.0470526628196, 0.00212342618033, 9.65327053564e-05],
        "median": [0.0531054139137, 0.437183409929, 0.768479943275, 1.18485593796, 2.05830669403, 2.13466119766, 1.94555079937, 3.71170806885, 9.24800777435, 8.73886489868, 11.2319431305, 9.18824386597, 15.3535766602, 23.0546455383, 16.0053329468, 25.5242576599, 22.8993263245, 19.597278595, 24.184223175, 20.9197769165, 21.8538131714, 18.3568782806, 18.7724533081, 17.0842399597, 19.20104599, 17.1339759827, 16.375038147, 13.945567131, 12.9979629517, 8.34700393677, 5.62671327591, 5.85401725769, 6.73987483978, 4.57211399078, 1.83215713501, 0.710735082626, 0.173634067178, 0.0213690772653, 0.000689807697199, 7.13838962838e-05],
        "min": [8.72009924344e-22, 2.95807683231e-21, 1.54625146554e-20, 7.66641202225e-20, 8.82615672267e-20, 2.92033039184e-19, 1.20753260462e-19, 1.32706614849e-19, 3.88071370789e-19, 4.07460329251e-19, 1.38347239579e-18, 1.08190974482e-18, 2.61606601388e-18, 6.80742450569e-19, 1.46674787339e-18, 2.00703154042e-18, 3.2820952995e-18, 4.49879298776e-18, 4.80114735398e-18, 1.11906196232e-17, 7.01207788142e-18, 8.93831765744e-18, 8.63942586926e-18, 1.07685730495e-17, 1.04326550028e-17, 1.30207939516e-17, 1.06851030811e-17, 1.43676673276e-17, 1.96625463815e-17, 1.60566328265e-17, 1.48981614155e-17, 1.69074294455e-17, 1.46355580408e-17, 9.02840507078e-18, 8.03094850195e-18, 4.46440708969e-18, 2.59822517564e-18, 1.04966645133e-18, 3.76264634165e-19, 3.84681022414e-20],
        "var": [0.224703535438, 12.6373023987, 142.027191162, 438.247802734, 453.773132324, 102.983306885, 44.7573471069, 183.936065674, 919.05871582, 573.312927246, 1032.76196289, 547.040649414, 1307.35437012, 2319.61499023, 1586.73608398, 2038.09387207, 2573.12207031, 2084.21972656, 1682.85473633, 1645.29431152, 1148.97570801, 1053.56469727, 786.903625488, 815.710632324, 884.889953613, 690.692810059, 609.32598877, 488.623962402, 569.733459473, 378.831848145, 330.506744385, 292.760894775, 282.26739502, 99.0341033936, 20.0615596771, 3.8056371212, 0.279284805059, 0.00591659592465, 2.12958002521e-05, 1.12885372161e-08]
    },
    "gfcc": {
        "mean": [28.0669651031, 52.0914764404, -110.734291077, 27.7586193085, -59.7386245728, 26.2831249237, -35.8443527222, 15.86759758, -27.0227794647, 9.51134967804, -17.4484348297, 1.48231184483, -12.3546104431],
        "cov": [[19129.3105469, -4932.71582031, -1928.78417969, 892.505737305, -552.061035156, 1818.07312012, -517.116455078, 984.038574219, -238.060165405, 780.352783203, -234.06477356, 622.216064453, -261.604125977], [-4932.71582031, 2587.62744141, 420.288848877, -400.044403076, 198.498748779, -587.954284668, 259.00088501, -298.800292969, 128.506378174, -275.672424316, 84.7015533447, -234.257293701, 103.487792969], [-1928.78417969, 420.288848877, 1076.4666748, 159.298095703, 241.307922363, -98.1764068604, 46.6623878479, 14.1537656784, -20.2109832764, -23.5950527191, 3.04539108276, -39.5849494934, -2.20167899132], [892.505737305, -400.044403076, 159.298095703, 629.365478516, 269.772674561, 269.586456299, 107.857818604, 156.978652954, 42.8833808899, 35.7270240784, 31.9014415741, 51.9054107666, -20.9892234802], [-552.061035156, 198.498748779, 241.307922363, 269.772674561, 365.602508545, 113.152168274, 152.178466797, 65.4241104126, 64.0977935791, -12.6820850372, 37.1400680542, 6.16220235825, 7.4979186058], [1818.07312012, -587.954284668, -98.1764068604, 269.586456299, 113.152168274, 448.14352417, 69.7793731689, 174.889007568, 35.8100090027, 114.849334717, 8.97830295563, 82.096786499, -15.7548666], [-517.116455078, 259.00088501, 46.6623878479, 107.857818604, 152.178466797, 69.7793731689, 242.119796753, 48.6992874146, 77.4575042725, -0.601760268211, 50.1514205933, -3.8942565918, 20.090423584], [984.038574219, -298.800292969, 14.1537656784, 156.978652954, 65.4241104126, 174.889007568, 48.6992874146, 208.971206665, 50.1744766235, 92.0994873047, 21.5044155121, 64.091003418, 0.794702589512], [-238.060165405, 128.506378174, -20.2109832764, 42.8833808899, 64.0977935791, 35.8100090027, 77.4575042725, 50.1744766235, 129.423400879, 39.4692840576, 45.3012390137, 14.2153673172, 20.7218799591], [780.352783203, -275.672424316, -23.5950527191, 35.7270240784, -12.6820850372, 114.849334717, -0.601760268211, 92.0994873047, 39.4692840576, 154.818664551, 32.3592681885, 60.702381134, 6.79943323135], [-234.06477356, 84.7015533447, 3.04539108276, 31.9014415741, 37.1400680542, 8.97830295563, 50.1514205933, 21.5044155121, 45.3012390137, 32.3592681885, 88.3182373047, 29.5351657867, 30.4598350525], [622.216064453, -234.257293701, -39.5849494934, 51.9054107666, 6.16220235825, 82.096786499, -3.8942565918, 64.091003418, 14.2153673172, 60.702381134, 29.5351657867, 93.7472839355, 22.9005489349], [-261.604125977, 103.487792969, -2.20167899132, -20.9892234802, 7.4979186058, -15.7548666, 20.090423584, 0.794702589512, 20.7218799591, 6.79943323135, 30.4598350525, 22.9005489349, 68.4854202271]],
        "icov": [[0.000258204934653, -7.268194895e-05, 0.000369373708963, -0.000277688581264, 0.000331539427862, -0.000565868918784, 0.000361351645552, -0.000599845719989, 0.00063500815304, -0.000511476886459, 0.000618899357505, -0.000795071886387, 0.00060662679607], [-7.268194895e-05, 0.00143546727486, -0.000408284686273, 0.000947428692598, -0.000927650253288, 0.00104335101787, -0.00104431400541, 0.000611898431089, -0.00135196454357, 0.00121059408411, -0.00115008244757, 0.0021989797242, -0.00146359985229], [0.000369373708963, -0.000408284686273, 0.0019039681647, -0.000780148257036, -0.00049082597252, -0.000185571043403, 0.000855263147969, -0.00134278996848, 0.00196518981829, -0.00165164179634, 0.00123311870266, -0.000939341785852, 0.000960775010753], [-0.000277688581264, 0.000947428692598, -0.000780148257036, 0.0040153991431, -0.0025444556959, -0.000101665842521, -0.000714362715371, -0.00017284504429, -0.00115352589637, 0.00217450782657, -0.00217185588554, 0.00150888715871, -0.000225535142818], [0.000331539427862, -0.000927650253288, -0.00049082597252, -0.0025444556959, 0.00714780623093, -0.00216089072637, -0.00110171828419, -0.00066083780257, -0.000159985167556, 0.000491660553962, 0.000962210877333, -0.00240298872814, 0.00129896088038], [-0.000565868918784, 0.00104335101787, -0.000185571043403, -0.000101665842521, -0.00216089072637, 0.00681396387517, -0.00230160704814, -9.43177874433e-05, -0.00118732627016, -0.000667376443744, -8.80590378074e-05, 0.00144537643064, -0.00131350487936], [0.000361351645552, -0.00104431400541, 0.000855263147969, -0.000714362715371, -0.00110171828419, -0.00230160704814, 0.00832070689648, -0.00206210743636, -0.000561780296266, -0.000133555367938, -0.00122900749557, -1.4009444385e-05, 0.000675628311001], [-0.000599845719989, 0.000611898431089, -0.00134278996848, -0.00017284504429, -0.00066083780257, -9.43177874433e-05, -0.00206210743636, 0.0112827224657, -0.00390112865716, -0.00134060450364, -0.000202821538551, -0.000841335044242, -0.00110242806841], [0.00063500815304, -0.00135196454357, 0.00196518981829, -0.00115352589637, -0.000159985167556, -0.00118732627016, -0.000561780296266, -0.00390112865716, 0.0150363827124, -0.00497063295916, -0.000968340493273, -0.0014274304267, 0.000984552898444], [-0.000511476886459, 0.00121059408411, -0.00165164179634, 0.00217450782657, 0.000491660553962, -0.000667376443744, -0.000133555367938, -0.00134060450364, -0.00497063295916, 0.0144913541153, -0.00523772556335, -0.000839939631987, -0.000646713015158], [0.000618899357505, -0.00115008244757, 0.00123311870266, -0.00217185588554, 0.000962210877333, -8.80590378074e-05, -0.00122900749557, -0.000202821538551, -0.000968340493273, -0.00523772556335, 0.0208990722895, -0.00766396010295, -0.00220613344572], [-0.000795071886387, 0.0021989797242, -0.000939341785852, 0.00150888715871, -0.00240298872814, 0.00144537643064, -1.4009444385e-05, -0.000841335044242, -0.0014274304267, -0.000839939631987, -0.00766396010295, 0.0252516753972, -0.00983806978911], [0.00060662679607, -0.00146359985229, 0.000960775010753, -0.000225535142818, 0.00129896088038, -0.00131350487936, 0.000675628311001, -0.00110242806841, 0.000984552898444, -0.000646713015158, -0.00220613344572, -0.00983806978911, 0.0224997140467]]
    },
    "melbands": {
        "dmean": [0.00100598798599, 0.00164681172464, 0.00140724692028, 0.000542282767128, 0.000111777248094, 0.000123294506921, 0.000177408059244, 0.000107323052362, 0.000114415764983, 7.7384756878e-05, 9.08879592316e-05, 0.000103090955236, 6.6973057983e-05, 7.35594949219e-05, 5.91295756749e-05, 6.55763506074e-05, 4.45033656433e-05, 3.8881884393e-05, 5.03419432789e-05, 2.40383760683e-05, 2.59465177805e-05, 2.18164859689e-05, 1.80784409167e-05, 1.44435225593e-05, 1.54093431775e-05, 1.40849379022e-05, 1.41935988722e-05, 1.06567213152e-05, 1.04266118797e-05, 9.36622927838e-06, 8.34501315694e-06, 9.39403344091e-06, 8.2907063188e-06, 6.81325036567e-06, 6.65881816531e-06, 5.74012346988e-06, 6.60191244606e-06, 8.27995427244e-06, 8.41310429678e-06, 4.34932553617e-06],
        "dmean2": [0.00150640495121, 0.00239599402994, 0.0023887893185, 0.000996165792458, 0.000197721426957, 0.000203476054594, 0.000296566926409, 0.000181787414476, 0.000193370928173, 0.000132215660415, 0.000153554035933, 0.000176029279828, 0.000115313276183, 0.000123979625641, 9.56545409281e-05, 0.000111155728518, 7.73134743213e-05, 6.69747460051e-05, 8.91958261491e-05, 4.16129223595e-05, 4.44317665824e-05, 3.72172689822e-05, 3.0764429539e-05, 2.41824564e-05, 2.66944152827e-05, 2.37657459365e-05, 2.3634000172e-05, 1.81495925062e-05, 1.78169157152e-05, 1.57290269271e-05, 1.40981273944e-05, 1.55716970767e-05, 1.38845780384e-05, 1.13901451186e-05, 1.10449373096e-05, 9.38769608183e-06, 1.08437479867e-05, 1.37964989335e-05, 1.40742286021e-05, 7.10113954483e-06],
        "dvar": [4.14353735323e-06, 2.09007757803e-05, 1.60599320225e-05, 1.81581833658e-06, 7.56242570787e-08, 5.91461351007e-08, 1.32857380208e-07, 4.79240824802e-08, 3.36241292587e-08, 1.70952709766e-08, 2.09826698239e-08, 2.62457824363e-08, 1.03344000024e-08, 9.67223456882e-09, 6.21230888953e-09, 9.81381198528e-09, 5.71775737868e-09, 3.22745519199e-09, 7.5260961907e-09, 1.14858123013e-09, 1.57181101468e-09, 1.14756282255e-09, 6.61748211783e-10, 3.71509212282e-10, 5.15974096782e-10, 3.6487105004e-10, 3.57950558083e-10, 2.0666615641e-10, 2.01704569713e-10, 1.75946965331e-10, 1.24377619315e-10, 1.60065766197e-10, 1.41318443059e-10, 9.7335139948e-11, 1.2279639805e-10, 7.56106080524e-11, 1.008043371e-10, 1.43391368224e-10, 1.42715145257e-10, 3.70887660861e-11],
        "dvar2": [7.41311441743e-06, 4.44945362688e-05, 4.01323268306e-05, 5.17561193192e-06, 2.14962639689e-07, 1.48611746909e-07, 3.55290069365e-07, 1.22432794569e-07, 8.89366447154e-08, 4.59562947697e-08, 5.72696343681e-08, 7.08699303686e-08, 2.75054059529e-08, 2.58700953992e-08, 1.47743088874e-08, 2.54575329706e-08, 1.54102561822e-08, 8.98070240396e-09, 2.12420196988e-08, 3.10176129226e-09, 4.1753187574e-09, 3.02042058031e-09, 1.76270043006e-09, 9.48419898172e-10, 1.38635258828e-09, 9.3440399862e-10, 9.02936725389e-10, 5.36421573827e-10, 5.25424259656e-10, 4.50154497011e-10, 3.24176574473e-10, 3.92794463622e-10, 3.59693580476e-10, 2.41941217061e-10, 3.00348856896e-10, 1.80607140354e-10, 2.47113662866e-10, 3.69476699236e-10, 3.68760466607e-10, 9.17076622975e-11],
        "max": [0.025387018919, 0.05045536533, 0.0369482636452, 0.0138151226565, 0.00552747678012, 0.00379027076997, 0.00913043040782, 0.00402611726895, 0.00332538690418, 0.00273472978733, 0.00366401532665, 0.00479758158326, 0.00174226460513, 0.00124048173893, 0.00112531520426, 0.00130808900576, 0.0014694663696, 0.00140231102705, 0.00109808251727, 0.000415047397837, 0.000710201275069, 0.00064955977723, 0.00031684737769, 0.000272745935945, 0.000261200242676, 0.000206742479349, 0.000190092629055, 0.000164537079399, 0.000139464362292, 0.000135964044603, 0.000130893895403, 0.000132436660351, 0.000132576780743, 9.18627774809e-05, 0.000130259417347, 8.96599885891e-05, 0.000114970265713, 0.000125698308693, 9.79893593467e-05, 6.26541950624e-05],
        "mean": [0.00237495219335, 0.00212637754157, 0.00118156441022, 0.000470875034807, 0.000139574534842, 0.000188891834114, 0.00030177240842, 0.000164834636962, 0.000160295894602, 0.000100229684904, 0.000132326691528, 0.00014472391922, 9.41768012126e-05, 0.000107615698653, 9.41011676332e-05, 8.314979641e-05, 5.82760731049e-05, 5.27043521288e-05, 5.87123467994e-05, 3.31968258251e-05, 3.65316518582e-05, 2.95550107694e-05, 2.61491386482e-05, 2.29003162531e-05, 2.09711870411e-05, 2.09974350582e-05, 2.0642475647e-05, 1.56621772476e-05, 1.46384027175e-05, 1.3570084775e-05, 1.1419429029e-05, 1.22511464724e-05, 1.02158155642e-05, 8.10278197605e-06, 7.47444801164e-06, 6.80097491568e-06, 7.71065697336e-06, 9.26414395508e-06, 9.45205829339e-06, 5.8204218476e-06],
        "median": [0.000540345325135, 0.000547344214283, 0.00025175960036, 0.000160105628311, 7.22363183741e-05, 8.43668458401e-05, 0.000144426128827, 9.37079457799e-05, 8.80441875779e-05, 5.31527184648e-05, 7.54950742703e-05, 9.09667869564e-05, 4.9795868108e-05, 6.38667988824e-05, 5.34234932275e-05, 4.29759529652e-05, 3.15966462949e-05, 3.4902303014e-05, 3.46107626683e-05, 2.26742267841e-05, 2.49696568062e-05, 1.8416903913e-05, 1.77074362e-05, 1.44186751641e-05, 1.28164356283e-05, 1.33994817588e-05, 1.28941137518e-05, 1.03930196929e-05, 9.85703354672e-06, 8.94018739928e-06, 7.44647968531e-06, 7.430311598e-06, 5.72289081902e-06, 4.02306977776e-06, 3.05861112793e-06, 3.14065619023e-06, 3.56909504262e-06, 4.56155430584e-06, 4.65521134174e-06, 3.31231240125e-06],
        "min": [7.14417600431e-24, 6.33428012305e-24, 1.01357227281e-23, 1.19588741545e-23, 8.80691650995e-24, 3.14975080616e-24, 5.55394325434e-24, 6.69599572506e-24, 1.14253840904e-23, 5.74920920535e-24, 1.36292524114e-23, 2.47112433776e-24, 3.84605308365e-24, 3.29187632558e-24, 8.06456921029e-24, 9.40006496889e-24, 7.5231424166e-24, 7.0508198382e-24, 1.42105876783e-23, 6.46118417687e-24, 8.98493559499e-24, 9.71031134114e-24, 6.29031177721e-24, 6.9336392839e-24, 8.85767497604e-24, 8.36165028289e-24, 6.15363965323e-24, 8.05349754748e-24, 6.3237129368e-24, 7.11588429681e-24, 7.68771773409e-24, 1.15092218608e-23, 1.02430440988e-23, 8.41055650357e-24, 7.69653719901e-24, 1.10417373663e-23, 9.65020487333e-24, 1.02007619431e-23, 8.01429116049e-24, 7.67739075598e-24],
        "var": [1.63919703482e-05, 2.77875824395e-05, 1.25668457258e-05, 1.15389627808e-06, 6.13019039974e-08, 1.06367565422e-07, 2.03359334705e-07, 6.46055084985e-08, 5.99189959871e-08, 2.49373623973e-08, 3.27309237491e-08, 4.04960687206e-08, 1.89867268574e-08, 1.50244865438e-08, 1.1677425249e-08, 1.2090128898e-08, 8.88553053358e-09, 4.27928492641e-09, 6.44086828316e-09, 1.34555977471e-09, 1.88744064822e-09, 1.38874323152e-09, 8.1656414963e-10, 6.14052864112e-10, 5.82749570821e-10, 5.34816135822e-10, 5.25285648312e-10, 2.79373024714e-10, 2.50553355841e-10, 2.31379790328e-10, 1.57710858262e-10, 2.02434735641e-10, 1.62546837101e-10, 1.13178473538e-10, 1.3075698857e-10, 8.97306881575e-11, 1.16031996511e-10, 1.52224843841e-10, 1.54310286771e-10, 5.11239939271e-11]
    },
    "mfcc": {
        "mean": [-608.120544434, 83.0485916138, 5.71855926514, 7.93565750122, 3.20354437828, 6.72176170349, 7.07529640198, 2.13428854942, 4.52314949036, 1.76611852646, 1.92805576324, 2.25112199783, 1.47874629498],
        "cov": [[10985.7753906, -2157.48876953, -1013.74188232, -49.7397613525, 304.925048828, 297.748535156, 255.530685425, 273.661529541, 203.411392212, 225.181472778, 212.847595215, 177.412475586, 156.491271973], [-2157.48876953, 1405.265625, 165.014389038, -47.7628860474, -112.674163818, -69.4104614258, -32.6378288269, -54.5134124756, 6.93324756622, -21.0839042664, -26.3092041016, -8.73015785217, -23.0993843079], [-1013.74188232, 165.014389038, 599.318725586, 80.3661422729, 60.8289871216, -25.6770553589, 19.7896900177, -33.1001472473, -1.91396820545, -31.3139972687, -13.1647253036, -22.3814296722, -6.65329313278], [-49.7397613525, -47.7628860474, 80.3661422729, 364.691467285, 172.111160278, 125.086776733, 123.113121033, 126.33731842, 51.0576591492, 53.2401733398, 45.9092674255, 27.3449268341, 16.2555389404], [304.925048828, -112.674163818, 60.8289871216, 172.111160278, 274.287139893, 134.600494385, 101.351470947, 100.752983093, 57.202911377, 51.8740234375, 35.5700454712, 34.4959945679, 20.0440673828], [297.748535156, -69.4104614258, -25.6770553589, 125.086776733, 134.600494385, 220.235519409, 113.349884033, 105.168861389, 57.9763565063, 69.9440994263, 46.4919776917, 34.0187149048, 24.4488449097], [255.530685425, -32.6378288269, 19.7896900177, 123.113121033, 101.351470947, 113.349884033, 186.813766479, 109.804481506, 69.2795639038, 53.8724746704, 50.2005462646, 33.6220626831, 25.2295150757], [273.661529541, -54.5134124756, -33.1001472473, 126.33731842, 100.752983093, 105.168861389, 109.804481506, 180.842346191, 67.0525436401, 73.1015548706, 41.0606956482, 32.5695419312, 19.3408622742], [203.411392212, 6.93324756622, -1.91396820545, 51.0576591492, 57.202911377, 57.9763565063, 69.2795639038, 67.0525436401, 111.98097229, 59.7333183289, 54.0017280579, 36.8874549866, 30.3885974884], [225.181472778, -21.0839042664, -31.3139972687, 53.2401733398, 51.8740234375, 69.9440994263, 53.8724746704, 73.1015548706, 59.7333183289, 99.2385787964, 56.192489624, 35.3398170471, 24.1470317841], [212.847595215, -26.3092041016, -13.1647253036, 45.9092674255, 35.5700454712, 46.4919776917, 50.2005462646, 41.0606956482, 54.0017280579, 56.192489624, 92.7119750977, 52.591178894, 35.9584159851], [177.412475586, -8.73015785217, -22.3814296722, 27.3449268341, 34.4959945679, 34.0187149048, 33.6220626831, 32.5695419312, 36.8874549866, 35.3398170471, 52.591178894, 75.9679718018, 42.9080696106], [156.491271973, -23.0993843079, -6.65329313278, 16.2555389404, 20.0440673828, 24.4488449097, 25.2295150757, 19.3408622742, 30.3885974884, 24.1470317841, 35.9584159851, 42.9080696106, 67.3789138794]],
