{
"lowlevel": {
    "average_loudness": 0.94303894043,
    "barkbands_crest": {
        "dmean": 2.76617121696,
        "dmean2": 4.26597929001,
        "dvar": 6.87943744659,
        "dvar2": 16.5310897827,
        "max": 26.8707885742,
        "mean": 13.8396158218,
        "median": 13.2135982513,
        "min": 2.91494035721,
        "var": 26.4876785278
    },
    "barkbands_flatness_db": {
        "dmean": 0.0318785756826,
        "dmean2": 0.0474409162998,
        "dvar": 0.00130501866806,
        "dvar2": 0.00294298352674,
        "max": 0.812658905983,
        "mean": 0.207646459341,
        "median": 0.191199228168,
        "min": 0.0377384535968,
        "var": 0.00867995247245
    },
    "barkbands_kurtosis": {
        "dmean": 11.1619520187,
        "dmean2": 17.644323349,
        "dvar": 1191.93505859,
        "dvar2": 3085.19018555,
        "max": 945.348876953,
        "mean": 19.5629520416,
        "median": 8.43206977844,
        "min": -1.96042954922,
        "var": 1804.94689941
    },
    "barkbands_skewness": {
        "dmean": 0.8710308671,
        "dmean2": 1.34152066708,
        "dvar": 1.4777636528,
        "dvar2": 3.51413965225,
        "max": 27.6428031921,
        "mean": 2.94659495354,
        "median": 2.46637225151,
        "min": -2.05515122414,
        "var": 4.54661512375
    },
    "barkbands_spread": {
        "dmean": 5.98384046555,
        "dmean2": 9.47244548798,
        "dvar": 84.2566375732,
        "dvar2": 184.696655273,
        "max": 117.986404419,
        "mean": 16.5704269409,
        "median": 10.9455509186,
        "min": 0.0232933815569,
        "var": 261.171112061
    },
    "dissonance": {
        "dmean": 0.0272881817073,
        "dmean2": 0.0449504218996,
        "dvar": 0.00075010600267,
        "dvar2": 0.00194012676366,
        "max": 0.5,
        "mean": 0.443249017,
        "median": 0.457119673491,
        "min": 0.120253652334,
        "var": 0.00239318655804
    },
    "dynamic_complexity": 2.47279882431,
    "erbbands_crest": {
        "dmean": 3.130204916,
        "dmean2": 5.03786897659,
        "dvar": 7.88673591614,
        "dvar2": 20.083864212,
        "max": 28.123670578,
        "mean": 10.7347412109,
        "median": 9.86460018158,
        "min": 2.52956533432,
        "var": 22.9840965271
    },
    "erbbands_flatness_db": {
        "dmean": 0.0216801781207,
        "dmean2": 0.031568236649,
        "dvar": 0.00060331489658,
        "dvar2": 0.00120391754899,
        "max": 0.554055511951,
        "mean": 0.15174870193,
        "median": 0.135222062469,
        "min": 0.0472538284957,
        "var": 0.00469539314508
    },
    "erbbands_kurtosis": {
        "dmean": 2.67257142067,
        "dmean2": 4.10950994492,
        "dvar": 43.5883255005,
        "dvar2": 98.8885192871,
        "max": 141.098861694,
        "mean": 3.2511537075,
        "median": 0.497967720032,
        "min": -1.93820512295,
        "var": 102.900779724
    },
    "erbbands_skewness": {
        "dmean": 0.534132063389,
        "dmean2": 0.801004946232,
        "dvar": 0.426222205162,
        "dvar2": 0.953595161438,
        "max": 9.79281234741,
        "mean": 1.01917219162,
        "median": 0.820803463459,
        "min": -3.49439692497,
        "var": 1.67182743549
    },
    "erbbands_spread": {
        "dmean": 12.7783842087,
        "dmean2": 19.5287208557,
        "dvar": 264.097747803,
        "dvar2": 581.777038574,
        "max": 179.757583618,
        "mean": 45.5841445923,
        "median": 39.9766960144,
        "min": 1.32417631149,
        "var": 811.405944824
    },
    "hfc": {
        "dmean": 8.34923458099,
        "dmean2": 13.0631160736,
        "dvar": 178.066253662,
        "dvar2": 403.844573975,
        "max": 186.423248291,
        "mean": 25.9672889709,
        "median": 19.1036071777,
        "min": 1.07372655868e-16,
        "var": 524.102172852
    },
    "melbands_crest": {
        "dmean": 3.38906145096,
        "dmean2": 5.2132229805,
        "dvar": 10.4929132462,
        "dvar2": 23.814250946,
        "max": 39.9316596985,
        "mean": 19.4845905304,
        "median": 17.6185474396,
        "min": 1.61737656593,
        "var": 61.741897583
    },
    "melbands_flatness_db": {
        "dmean": 0.0376563854516,
        "dmean2": 0.0551207140088,
        "dvar": 0.00188893335871,
        "dvar2": 0.00421352451667,
        "max": 0.845414221287,
        "mean": 0.286345660686,
        "median": 0.271239846945,
        "min": 0.00384010444395,
        "var": 0.0128514617682
    },
    "melbands_kurtosis": {
        "dmean": 21.5964126587,
        "dmean2": 33.5423469543,
        "dvar": 2742.28491211,
        "dvar2": 6277.67578125,
        "max": 2434.78344727,
        "mean": 40.9479751587,
        "median": 20.4769229889,
        "min": -1.59494650364,
        "var": 5072.82275391
    },
    "melbands_skewness": {
        "dmean": 1.19621956348,
        "dmean2": 1.82562315464,
        "dvar": 2.36729001999,
        "dvar2": 5.4206237793,
        "max": 43.4852790833,
        "mean": 4.19087648392,
        "median": 3.45053815842,
        "min": -0.74796050787,
        "var": 7.99688005447
    },
    "melbands_spread": {
        "dmean": 4.48471021652,
        "dmean2": 7.1786365509,
        "dvar": 66.2889404297,
        "dvar2": 150.887496948,
        "max": 177.043289185,
        "mean": 12.03079319,
        "median": 8.23908233643,
        "min": 0.0289690289646,
        "var": 169.431732178
    },
    "pitch_salience": {
        "dmean": 0.0783091336489,
        "dmean2": 0.123671747744,
        "dvar": 0.0058141653426,
        "dvar2": 0.0138032967225,
        "max": 0.901887655258,
        "mean": 0.464912056923,
        "median": 0.488334625959,
        "min": 0.0104723805562,
        "var": 0.0221423394978
    },
    "silence_rate_20dB": {
        "dmean": 0,
        "dmean2": 0,
        "dvar": 0,
        "dvar2": 0,
        "max": 1,
        "mean": 1,
        "median": 1,
        "min": 1,
        "var": 0
    },
    "silence_rate_30dB": {
        "dmean": 0.0681286528707,
        "dmean2": 0.136277228594,
        "dvar": 0.0634848773479,
        "dvar2": 0.131739556789,
        "max": 1,
        "mean": 0.840520381927,
        "median": 1,
        "min": 0,
        "var": 0.134051963687
    },
    "silence_rate_60dB": {
        "dmean": 0.0157894734293,
        "dmean2": 0.0315835662186,
        "dvar": 0.0155406454578,
        "dvar2": 0.0349714271724,
        "max": 1,
        "mean": 0.0258734095842,
        "median": 0,
        "min": 0,
        "var": 0.0252044945955
    },
    "spectral_centroid": {
        "dmean": 237.68927002,
        "dmean2": 372.149414062,
        "dvar": 103261.09375,
        "dvar2": 235995.9375,
        "max": 11139.4648438,
        "mean": 930.593261719,
        "median": 770.849060059,
        "min": 137.091049194,
        "var": 454366.40625
    },
    "spectral_complexity": {
        "dmean": 3.81637430191,
        "dmean2": 6.04912996292,
        "dvar": 23.4704685211,
        "dvar2": 54.0268821716,
        "max": 54,
        "mean": 15.5581054688,
        "median": 14,
        "min": 0,
        "var": 88.8484954834
    },
    "spectral_decrease": {
        "dmean": 3.69452468618e-09,
        "dmean2": 5.58500445891e-09,
        "dvar": 1.92435132268e-17,
        "dvar2": 3.96860942347e-17,
        "max": 9.20741425761e-29,
        "mean": -1.52560168942e-08,
        "median": -1.32038211476e-08,
        "min": -5.61227402329e-08,
        "var": 1.06647900068e-16
    },
    "spectral_energy": {
        "dmean": 0.0141065940261,
        "dmean2": 0.0213139504194,
        "dvar": 0.000271737691946,
        "dvar2": 0.000556387938559,
        "max": 0.21358127892,
        "mean": 0.0599349811673,
        "median": 0.0531417950988,
        "min": 9.7117999406e-21,
        "var": 0.0015476080589
    },
    "spectral_energyband_high": {
        "dmean": 0.000727227772586,
        "dmean2": 0.00117033754941,
        "dvar": 1.96441533262e-06,
        "dvar2": 4.36037817053e-06,
        "max": 0.0230347346514,
        "mean": 0.00147891545203,
        "median": 0.000508045603056,
        "min": 7.20655259293e-21,
        "var": 5.10518930241e-06
    },
    "spectral_energyband_low": {
        "dmean": 0.0118405558169,
        "dmean2": 0.0178000982851,
        "dvar": 0.000352777627995,
        "dvar2": 0.000719335337635,
        "max": 0.207087486982,
        "mean": 0.0360883511603,
        "median": 0.021245598793,
        "min": 6.0276691374e-23,
        "var": 0.00154897128232
    },
    "spectral_energyband_middle_high": {
        "dmean": 0.00154837954324,
        "dmean2": 0.00255516730249,
        "dvar": 7.58905298426e-06,
        "dvar2": 2.01329530682e-05,
        "max": 0.0301727447659,
        "mean": 0.00347635732032,
        "median": 0.0021536569111,
        "min": 1.23496611426e-21,
        "var": 1.59308674483e-05
    },
    "spectral_energyband_middle_low": {
        "dmean": 0.00804641097784,
        "dmean2": 0.0132318977267,
        "dvar": 0.000128331579617,
        "dvar2": 0.000355616939487,
        "max": 0.115812472999,
        "mean": 0.0203333105892,
        "median": 0.0171854645014,
        "min": 2.82022670865e-22,
        "var": 0.000238167311181
    },
    "spectral_entropy": {
        "dmean": 0.287835270166,
        "dmean2": 0.414948314428,
        "dvar": 0.124778084457,
        "dvar2": 0.264652818441,
        "max": 9.8096113205,
        "mean": 7.30443668365,
        "median": 7.5053935051,
        "min": 3.95898342133,
        "var": 0.667323946953
    },
    "spectral_flux": {
        "dmean": 0.0351846441627,
        "dmean2": 0.0495944321156,
        "dvar": 0.00167917937506,
        "dvar2": 0.00250291824341,
        "max": 0.460020124912,
        "mean": 0.105379894376,
        "median": 0.088700465858,
        "min": 6.37858030283e-11,
        "var": 0.00469983601943
    },
    "spectral_kurtosis": {
        "dmean": 3.50679278374,
        "dmean2": 5.48267459869,
        "dvar": 179.463394165,
        "dvar2": 443.571258545,
        "max": 726.155395508,
        "mean": 9.5844707489,
        "median": 3.46757602692,
        "min": -1.46474528313,
        "var": 884.415527344
    },
    "spectral_rms": {
        "dmean": 0.000907627458218,
        "dmean2": 0.0013686933089,
        "dvar": 8.40496909404e-07,
        "dvar2": 1.72225452388e-06,
        "max": 0.0144350947812,
        "mean": 0.00716188689694,
        "median": 0.00720039289445,
        "min": 3.0781369207e-12,
        "var": 7.18075943951e-06
    },
    "spectral_rolloff": {
        "dmean": 398.186920166,
        "dmean2": 683.119812012,
        "dvar": 1120717.875,
        "dvar2": 2424536,
        "max": 19250.6835938,
        "mean": 863.667602539,
        "median": 366.064453125,
        "min": 21.533203125,
        "var": 2576786
    },
    "spectral_skewness": {
        "dmean": 0.357501149178,
        "dmean2": 0.528894841671,
        "dvar": 0.338521689177,
        "dvar2": 0.75443059206,
        "max": 23.8549156189,
        "mean": 2.03151726723,
        "median": 1.6467654705,
        "min": -0.152148067951,
        "var": 2.56536841393
    },
    "spectral_spread": {
        "dmean": 792581.8125,
        "dmean2": 1119059.375,
        "dvar": 1.14393061786e+12,
        "dvar2": 2.0588560384e+12,
        "max": 41608724,
        "mean": 5982656,
        "median": 5902082.5,
        "min": 92362.15625,
        "var": 7.02774352282e+12
    },
    "spectral_strongpeak": {
        "dmean": 0.365333735943,
        "dmean2": 0.623362004757,
        "dvar": 0.269750475883,
        "dvar2": 0.720336735249,
        "max": 5.2424621582,
        "mean": 0.768265902996,
        "median": 0.604778170586,
        "min": 0,
        "var": 0.476568758488
    },
    "zerocrossingrate": {
        "dmean": 0.0108825322241,
        "dmean2": 0.013015454635,
        "dvar": 0.000241783302044,
        "dvar2": 0.000258675630903,
        "max": 0.623046875,
        "mean": 0.0451929606497,
        "median": 0.03271484375,
        "min": 0,
        "var": 0.00184000679292
    },
    "barkbands": {
        "dmean": [0.00139657326508, 0.0106825921685, 0.00388602912426, 0.00288030132651, 0.00435959268361, 0.0016467430396, 0.00146252894774, 0.0010834634304, 0.000356097560143, 0.000677782052662, 0.000521108566318, 0.000180259696208, 0.000170375526068, 0.000145698490087, 0.000177815323696, 0.000143109748024, 0.000145816171425, 9.54075949267e-05, 0.000166729194461, 0.000114497706818, 0.000101628109405, 0.000134223519126, 0.00014155950339, 0.000198200592422, 0.000137549126521, 0.000102339938167, 9.16009739171e-08],
        "dmean2": [0.00206129462458, 0.0159931760281, 0.006923540961, 0.00507021741942, 0.00712854228914, 0.00255696242675, 0.00227368529886, 0.00172780069988, 0.00055035558762, 0.00111610314343, 0.000863093882799, 0.0003028078645, 0.00027957506245, 0.00023782007338, 0.000295525853289, 0.000243239526753, 0.000243490401772, 0.000155986548634, 0.00027167313965, 0.000187914251001, 0.000167858481291, 0.000229717014008, 0.000232006976148, 0.000323318992741, 0.000215586624108, 0.000157845686772, 1.68064133277e-07],
        "dvar": [4.03816011385e-06, 0.000335884891683, 0.000138398478157, 6.31372749922e-05, 4.60540832137e-05, 9.2990039775e-06, 8.67862308951e-06, 5.37546748092e-06, 4.94396829254e-07, 2.75746060652e-06, 1.57724832661e-06, 5.3415203638e-07, 1.4426861128e-07, 7.8636553269e-08, 1.44348902609e-07, 1.3587610681e-07, 7.99224224579e-08, 3.68288937125e-08, 1.11865347208e-07, 5.25113037497e-08, 3.99618222957e-08, 7.68665628925e-08, 1.08433738433e-07, 1.95291960381e-07, 8.90449740609e-08, 6.51327027867e-08, 3.39799152357e-13],
        "dvar2": [8.19972410682e-06, 0.000703601690475, 0.000395121605834, 0.000181686205906, 0.000128668863908, 2.13607672777e-05, 2.11695387407e-05, 1.28656638481e-05, 1.13096211862e-06, 7.27908991394e-06, 4.21629101766e-06, 1.46108675381e-06, 3.71629027995e-07, 1.97270779267e-07, 3.68015463437e-07, 3.79240304937e-07, 2.06889126275e-07, 9.45391960272e-08, 2.74551666735e-07, 1.29746879907e-07, 9.31954104999e-08, 2.07450725043e-07, 2.37727434182e-07, 4.16237696754e-07, 1.82166488116e-07, 1.44728190321e-07, 9.82759880419e-13],
        "max": [0.0291403457522, 0.198932960629, 0.113684788346, 0.0762718915939, 0.082191541791, 0.0537275895476, 0.0724813267589, 0.0350655913353, 0.0238119680434, 0.0247092824429, 0.0222682859749, 0.0198107995093, 0.00959018338472, 0.00593938166276, 0.0070828218013, 0.00560455722734, 0.00662148417905, 0.00293142348528, 0.00725659402087, 0.00530963670462, 0.00594699010253, 0.00299763353541, 0.0110528906807, 0.00978234969079, 0.0068831583485, 0.00629457319155, 2.06877120945e-05],
        "mean": [0.00308016478084, 0.0272732842714, 0.00438691070303, 0.00333400419913, 0.0085037406534, 0.00307548441924, 0.00279292766936, 0.00180107029155, 0.00064262439264, 0.000984423561022, 0.000664022692945, 0.00021866687166, 0.000257570034591, 0.000226039235713, 0.00029596616514, 0.000194401814952, 0.000227253476623, 0.000144936799188, 0.000261427630903, 0.000196117747691, 0.00017375483003, 0.000191859391634, 0.000238625725615, 0.000335645425366, 0.000275902450085, 0.000158097813255, 6.34593106952e-08],
        "median": [0.00103047851007, 0.0132489688694, 0.00139631750062, 0.00122522481252, 0.00454873638228, 0.00108135794289, 0.000972975918557, 0.000479417591123, 0.000238757638726, 0.000254303799011, 0.000209492020076, 7.25360005163e-05, 9.05980850803e-05, 8.41481523821e-05, 8.47112823976e-05, 7.0314425102e-05, 8.65188630996e-05, 5.68503382965e-05, 0.000125715057948, 8.26144460007e-05, 7.37053560442e-05, 5.67106435483e-05, 6.00264247623e-05, 8.31247234601e-05, 8.57207051013e-05, 4.0769304178e-05, 2.12258188803e-09],
        "min": [2.36084059713e-24, 2.08435179183e-23, 1.09613863611e-23, 1.67276929433e-24, 2.24588005519e-23, 2.93749555227e-23, 9.73301396913e-24, 3.57049016439e-23, 4.4625517465e-23, 2.89755647127e-23, 3.43490769398e-23, 6.46722369596e-23, 6.11854086497e-23, 4.47149711362e-23, 6.68690568085e-23, 7.04544801098e-23, 1.15001341832e-22, 1.10034698816e-22, 1.61385795079e-22, 2.02000582774e-22, 2.83966348405e-22, 3.6311976811e-22, 5.70310740097e-22, 5.49524697006e-22, 1.0259476103e-21, 1.47586934102e-21, 1.98919428393e-21],
        "var": [1.84624623216e-05, 0.00114470801782, 9.54955103225e-05, 4.92322396894e-05, 0.000106249637611, 2.76790924545e-05, 2.68538660748e-05, 1.39338981171e-05, 1.82564735951e-06, 4.55856434201e-06, 1.70889200035e-06, 4.19287118802e-07, 2.78382941588e-07, 1.54453829282e-07, 3.20097541362e-07, 1.30385515718e-07, 1.54212656867e-07, 5.70229978791e-08, 1.77062858597e-07, 1.03747467506e-07, 9.42250295566e-08, 1.10590143265e-07, 2.54036649494e-07, 4.41508660742e-07, 2.53162482977e-07, 1.34213422598e-07, 2.27274836863e-13]
    },
    "erbbands": {
        "dmean": [0.480962812901, 2.22306632996, 4.16900396347, 7.41223144531, 10.9023675919, 16.8636493683, 16.7632980347, 11.7580490112, 18.6509494781, 27.8466815948, 13.6196584702, 9.02027416229, 11.2393798828, 22.8648757935, 20.0690574646, 7.60584688187, 8.02338695526, 7.43433427811, 8.83233356476, 8.37289524078, 6.87077474594, 7.30236959457, 5.30654573441, 7.10629415512, 8.31680679321, 5.61289405823, 4.50483417511, 3.90460777283, 5.36681509018, 3.62331748009, 4.65224170685, 4.32669878006, 3.16305160522, 1.78448605537, 0.933897972107, 0.49607026577, 0.198620736599, 0.0166801474988, 0.000302142056171, 2.46162690019e-05],
        "dmean2": [0.643326878548, 3.48449468613, 7.2119102478, 13.1561794281, 18.6229801178, 27.2073040009, 26.2883205414, 18.353603363, 29.160533905, 44.3417816162, 20.7791481018, 13.7664299011, 18.4215888977, 37.7107772827, 33.5412216187, 12.6749248505, 13.1376285553, 12.110751152, 14.3545312881, 14.5131120682, 11.3948793411, 12.1859483719, 8.7190656662, 11.7598028183, 13.4051055908, 9.15589427948, 7.41845750809, 6.47369813919, 9.30220890045, 5.8842382431, 7.68322515488, 7.02999067307, 5.20523548126, 2.79856538773, 1.4596145153, 0.791357159615, 0.309311926365, 0.025311075151, 0.000456928595668, 3.65069499821e-05],
        "dvar": [0.561584234238, 20.4396247864, 140.376419067, 473.367980957, 459.012969971, 829.924316406, 795.440185547, 491.281494141, 1790.19299316, 2966.63818359, 858.414123535, 324.09777832, 816.752807617, 3477.60180664, 2629.77832031, 1096.96289062, 354.633514404, 210.585083008, 365.162200928, 500.250427246, 207.896759033, 227.672698975, 115.071746826, 233.276733398, 293.260040283, 124.070648193, 82.9003753662, 56.2484741211, 138.638900757, 57.7901268005, 115.245925903, 102.205383301, 47.1373062134, 14.8096027374, 4.14157629013, 1.47743201256, 0.28066188097, 0.00231956597418, 6.83287794345e-07, 1.47330592171e-09],
        "dvar2": [0.920267939568, 48.7331085205, 385.390075684, 1350.41833496, 1318.17956543, 2245.62475586, 1996.16906738, 1099.37963867, 4440.54443359, 7168.33154297, 1720.42749023, 737.807861328, 2085.13183594, 9283.65332031, 7120.92138672, 2986.53930664, 906.957214355, 526.820495605, 884.968994141, 1424.8269043, 552.40838623, 586.80682373, 295.277587891, 608.584777832, 693.626647949, 310.374786377, 193.764099121, 134.544845581, 381.727661133, 132.024291992, 266.105773926, 221.082138062, 103.5701828, 30.0966339111, 8.71508789062, 3.45173168182, 0.622403025627, 0.00490809325129, 1.43072759329e-06, 2.92439272798e-09],
        "max": [9.32620239258, 45.7405319214, 107.844276428, 209.410858154, 265.68270874, 419.894927979, 437.459869385, 426.093719482, 1026.80981445, 917.852722168, 718.46685791, 662.219116211, 594.89074707, 966.269104004, 999.386352539, 951.370544434, 452.510070801, 307.023071289, 431.832702637, 302.219940186, 200.372055054, 428.919464111, 194.428924561, 344.998291016, 322.16317749, 260.777618408, 272.005493164, 181.132034302, 129.471298218, 235.826263428, 333.029052734, 232.052520752, 147.854309082, 78.5251235962, 45.4077453613, 37.0679244995, 14.1457138062, 1.84823048115, 0.0299048330635, 0.0011560007697],
        "mean": [1.31753361225, 3.95923185349, 5.26176834106, 8.5318813324, 17.4347229004, 31.3368206024, 32.2939796448, 22.9245662689, 34.6685714722, 50.3099136353, 26.1049728394, 17.255947113, 17.1015472412, 34.4738540649, 26.8297309875, 10.5344190598, 12.4172086716, 12.5303888321, 15.7244539261, 11.5488853455, 10.6996250153, 11.6876888275, 8.81564426422, 10.901014328, 13.4810552597, 10.0297365189, 7.61460590363, 6.57743930817, 7.1679444313, 5.9074344635, 7.48215675354, 6.88896179199, 5.41836309433, 3.41152119637, 1.80007493496, 0.775041997433, 0.291833013296, 0.0253932438791, 0.000505009258632, 9.32850671234e-05],
        "median": [0.506437003613, 2.2176861763, 2.10798478127, 3.68361854553, 7.81526470184, 14.7223501205, 14.8079748154, 9.11888027191, 11.3631677628, 16.9337654114, 9.22347736359, 6.86566543579, 6.67045354843, 10.3635053635, 9.45720481873, 4.33754014969, 4.66649150848, 4.89089155197, 4.74812364578, 4.66924667358, 4.32881355286, 4.64454317093, 3.70952558517, 5.12143659592, 6.27230834961, 4.29533433914, 3.34155893326, 2.50812506676, 2.12486553192, 1.80104243755, 1.71113407612, 1.57042729855, 1.42673969269, 1.03622019291, 0.540923416615, 0.209585756063, 0.0670866519213, 0.00545893609524, 0.000148473263835, 8.13179067336e-05],
        "min": [2.52924507701e-22, 1.41102492412e-21, 1.03434840086e-20, 1.75159969884e-20, 3.75071348583e-20, 5.66832041724e-20, 3.78212890077e-20, 2.7745390334e-19, 2.0619392208e-19, 4.3999473861e-19, 6.93885264827e-19, 1.08137517934e-18, 6.81160021681e-19, 1.53027803277e-18, 1.7892408822e-18, 2.73272515683e-18, 2.9061927895e-18, 2.30494932343e-18, 4.35005764181e-18, 4.39769207816e-18, 4.95639757443e-18, 8.21256675878e-18, 8.40984271743e-18, 6.74375165765e-18, 5.6825364208e-18, 9.70061835865e-18, 9.32680882239e-18, 1.04423528683e-17, 1.37962617138e-17, 1.39162616325e-17, 1.52421461276e-17, 1.38806333091e-17, 9.06415416249e-18, 9.28940206073e-18, 8.03812015786e-18, 4.63682089426e-18, 3.06069213674e-18, 8.55500950281e-19, 2.91027316806e-19, 2.83189515546e-20],
        "var": [3.12977957726, 30.1629009247, 108.336967468, 342.881774902, 607.039489746, 1839.5189209, 1992.28186035, 1610.59680176, 4795.85253906, 8035.38916016, 3059.96289062, 1266.57958984, 1222.54931641, 5786.33007812, 2779.60742188, 872.282531738, 668.449035645, 453.127868652, 971.729370117, 472.18637085, 284.965637207, 455.994018555, 190.042449951, 311.43460083, 512.769714355, 266.378662109, 178.937332153, 128.225036621, 157.894989014, 126.522209167, 255.224594116, 213.048782349, 105.793624878, 41.3918762207, 11.0779685974, 2.61431074142, 0.563309431076, 0.00568938441575, 1.6960815401e-06, 5.63207969151e-09]
    },
    "gfcc": {
        "mean": [1.412561059, 94.4045562744, -71.9964294434, 33.5308952332, -59.685344696, 16.1157875061, -38.9589233398, 17.101726532, -26.3538227081, 8.43697166443, -11.0777645111, 3.7580268383, -5.32392120361],
        "cov": [[11901.5849609, -3709.38256836, -1070.75, 1029.13977051, -689.194946289, 868.702880859, -618.75592041, 529.585571289, -455.991149902, 524.578125, -450.394012451, 502.208374023, -513.253479004], [-3709.38256836, 2669.65478516, 282.132629395, -562.595458984, 481.215911865, -276.203918457, 408.618713379, -249.727035522, 251.206741333, -241.380813599, 221.541793823, -225.725814819, 222.924758911], [-1070.75, 282.132629395, 1224.91845703, 167.934173584, 88.5192184448, -38.0062217712, 14.3958740234, -22.746553421, -141.930831909, -141.119110107, -32.922908783, -35.182094574, 43.3842773438], [1029.13977051, -562.595458984, 167.934173584, 598.305786133, 31.4447021484, 102.623397827, -60.6990432739, 76.7259674072, -53.6730918884, -6.01437425613, -63.9478263855, 55.0366592407, -6.42061138153], [-689.194946289, 481.215911865, 88.5192184448, 31.4447021484, 395.499237061, 49.2239074707, 161.012695312, 32.892074585, 101.921630859, -10.7752857208, 58.588558197, -6.25490236282, 56.1131286621], [868.702880859, -276.203918457, -38.0062217712, 102.623397827, 49.2239074707, 303.795898438, 83.848274231, 82.966583252, 24.65558815, 78.5481414795, 20.1847743988, 66.2815628052, -23.4015140533], [-618.75592041, 408.618713379, 14.3958740234, -60.6990432739, 161.012695312, 83.848274231, 249.706359863, 44.5340766907, 121.923439026, 8.15486431122, 76.1817169189, 4.51782989502, 47.91431427], [529.585571289, -249.727035522, -22.746553421, 76.7259674072, 32.892074585, 82.966583252, 44.5340766907, 201.696365356, 48.2836074829, 69.8914489746, 15.7545595169, 35.3876991272, 0.715631365776], [-455.991149902, 251.206741333, -141.930831909, -53.6730918884, 101.921630859, 24.65558815, 121.923439026, 48.2836074829, 274.789276123, 74.181930542, 90.0145339966, 25.9389095306, 19.7413463593], [524.578125, -241.380813599, -141.119110107, -6.01437425613, -10.7752857208, 78.5481414795, 8.15486431122, 69.8914489746, 74.181930542, 151.235748291, 40.664730072, 46.0430870056, -27.9529743195], [-450.394012451, 221.541793823, -32.922908783, -63.9478263855, 58.588558197, 20.1847743988, 76.1817169189, 15.7545595169, 90.0145339966, 40.664730072, 148.360076904, 22.0093612671, 43.2699317932], [502.208374023, -225.725814819, -35.182094574, 55.0366592407, -6.25490236282, 66.2815628052, 4.51782989502, 35.3876991272, 25.9389095306, 46.0430870056, 22.0093612671, 140.212677002, 1.53057539463], [-513.253479004, 222.924758911, 43.3842773438, -6.42061138153, 56.1131286621, -23.4015140533, 47.91431427, 0.715631365776, 19.7413463593, -27.9529743195, 43.2699317932, 1.53057539463, 141.602859497]],
        "icov": [[0.000460245239083, -0.000466612487799, 0.000430227082688, -0.000642267928924, 0.000559859792702, -0.00106852583122, 0.00102483294904, -0.00106032425538, 0.000905168359168, -0.00115471077152, 0.00113892625086, -0.00125086877961, 0.000813356251456], [-0.000466612487799, 0.00241140788421, -0.000721380929463, 0.00173149630427, -0.00185895944014, 0.00195117667317, -0.00271244044416, 0.00266561098397, -0.00193790218327, 0.00307705439627, -0.00247072870843, 0.00285567017272, -0.00162286567502], [0.000430227082688, -0.000721380929463, 0.00145574216731, -0.00103699159808, 0.000514049956109, -0.000996201997623, 0.000966022606008, -0.00133261724841, 0.00153238372877, -0.000663024489768, 0.0010399230523, -0.00136938074138, 0.000866071903147], [-0.000642267928924, 0.00173149630427, -0.00103699159808, 0.00379711645655, -0.00195984123275, 0.00105830468237, -0.00115016207565, 0.00153029512148, -0.00201928848401, 0.00329539296217, -0.00149419286754, 0.00194672774523, -0.00186341104563], [0.000559859792702, -0.00185895944014, 0.000514049956109, -0.00195984123275, 0.00528485979885, -0.00198557879776, 0.000410110835219, -0.00236246688291, 0.00105213164352, -0.00224775471725, 0.00197156099603, -0.00211910973303, 0.000990305794403], [-0.00106852583122, 0.00195117667317, -0.000996201997623, 0.00105830468237, -0.00198557879776, 0.00830573402345, -0.00585290789604, 0.00267048925161, -0.0011310869595, 0.00108721468132, -0.00314151775092, 0.00216068746522, -0.00115618249401], [0.00102483294904, -0.00271244044416, 0.000966022606008, -0.00115016207565, 0.000410110835219, -0.00585290789604, 0.0123079754412, -0.00488577410579, 0.000211103848414, -0.00172125606332, 0.00218515913002, -0.00355371530168, 0.00136839610059], [-0.00106032425538, 0.00266561098397, -0.00133261724841, 0.00153029512148, -0.00236246688291, 0.00267048925161, -0.00488577410579, 0.0105771832168, -0.00311923166737, 0.00112799042836, -0.00299724936485, 0.00398466084152, -0.0030544383917], [0.000905168359168, -0.00193790218327, 0.00153238372877, -0.00201928848401, 0.00105213164352, -0.0011310869595, 0.000211103848414, -0.00311923166737, 0.00885956641287, -0.00586318876594, 0.00115838530473, -0.00374441919848, 0.0024050718639], [-0.00115471077152, 0.00307705439627, -0.000663024489768, 0.00329539296217, -0.00224775471725, 0.00108721468132, -0.00172125606332, 0.00112799042836, -0.00586318876594, 0.0174933746457, -0.00683028995991, 0.00320632453077, -0.000706717954017], [0.00113892625086, -0.00247072870843, 0.0010399230523, -0.00149419286754, 0.00197156099603, -0.00314151775092, 0.00218515913002, -0.00299724936485, 0.00115838530473, -0.00683028995991, 0.0143201034516, -0.00516720628366, -0.00022304498998], [-0.00125086877961, 0.00285567017272, -0.00136938074138, 0.00194672774523, -0.00211910973303, 0.00216068746522, -0.00355371530168, 0.00398466084152, -0.00374441919848, 0.00320632453077, -0.00516720628366, 0.0135845104232, -0.00355550204404], [0.000813356251456, -0.00162286567502, 0.000866071903147, -0.00186341104563, 0.000990305794403, -0.00115618249401, 0.00136839610059, -0.0030544383917, 0.0024050718639, -0.000706717954017, -0.00022304498998, -0.00355550204404, 0.0108158132061]]
    },
    "melbands": {
        "dmean": [0.00341704161838, 0.00218356098048, 0.00132503232453, 0.000984297716059, 0.000630616152193, 0.000273420970188, 0.000286767346552, 0.000299899227684, 9.88703541225e-05, 5.20577159477e-05, 5.92020624026e-05, 9.78972311714e-05, 7.20182652003e-05, 2.84980415017e-05, 1.89797028725e-05, 1.40507927426e-05, 1.51119893417e-05, 1.3972888155e-05, 1.144871203e-05, 1.17888066598e-05, 7.57840871302e-06, 7.7189060903e-06, 7.70481528889e-06, 4.81247889184e-06, 6.26728387942e-06, 6.75611045153e-06, 4.71704379379e-06, 3.86483907278e-06, 3.12568818117e-06, 2.77012941297e-06, 2.25217377192e-06, 3.49035872205e-06, 2.25865869652e-06, 2.06085701393e-06, 2.93016637443e-06, 2.43965405389e-06, 2.9094051115e-06, 2.55749614553e-06, 1.72760803707e-06, 1.54155952714e-06],
        "dmean2": [0.00486434483901, 0.00351418810897, 0.00230323895812, 0.00163117004558, 0.00098619540222, 0.00042648636736, 0.000448571547167, 0.000478901580209, 0.000149346626131, 7.97697503003e-05, 9.72659399849e-05, 0.000161627336638, 0.000119495074614, 4.80240814795e-05, 3.13126874971e-05, 2.27998971241e-05, 2.46912113653e-05, 2.27831351367e-05, 1.95515276573e-05, 2.03025720111e-05, 1.25573942569e-05, 1.29108830151e-05, 1.27357307065e-05, 7.88439501775e-06, 1.04911841845e-05, 1.08708727566e-05, 7.71017130319e-06, 6.3988832153e-06, 5.16279578733e-06, 4.60900128019e-06, 3.72895465262e-06, 6.09050493949e-06, 3.82060761694e-06, 3.37647634296e-06, 4.8710817282e-06, 3.9774963625e-06, 4.76808827443e-06, 4.25327425546e-06, 2.78456832348e-06, 2.4306693831e-06],
        "dvar": [2.9272006941e-05, 2.73189452855e-05, 1.2513592992e-05, 2.63817878476e-06, 1.04187495253e-06, 2.57425398331e-07, 4.11061108707e-07, 3.62809799981e-07, 4.36637570544e-08, 1.0457031685e-08, 2.24687308759e-08, 6.57214371813e-08, 3.12081596121e-08, 8.71852101625e-09, 3.07455527704e-09, 8.34700752961e-10, 9.63559343425e-10, 8.69763872036e-10, 6.9974986916e-10, 1.12037024103e-09, 2.28649779666e-10, 3.17972731478e-10, 2.26961782701e-10, 9.87953260867e-11, 1.92329013826e-10, 1.85373230654e-10, 1.08720678293e-10, 6.0934625401e-11, 3.93958234091e-11, 3.42874756365e-11, 1.88431874271e-11, 6.36699165613e-11, 1.8083808756e-11, 2.47494438138e-11, 4.77243661257e-11, 3.69655694943e-11, 4.5039791341e-11, 3.11467830694e-11, 1.31410299309e-11, 1.27102347744e-11],
        "dvar2": [5.44419926882e-05, 6.76375420881e-05, 3.54909279849e-05, 7.52355026634e-06, 2.6296966098e-06, 5.73695672301e-07, 1.01754051229e-06, 8.92444745659e-07, 8.50352748216e-08, 2.36623893812e-08, 5.71738141275e-08, 1.75035609118e-07, 8.37976870116e-08, 2.37085000521e-08, 8.24809376354e-09, 2.11256834248e-09, 2.43531661503e-09, 2.10993444938e-09, 1.91704252472e-09, 3.17910808789e-09, 5.83538273258e-10, 8.237328597e-10, 5.83207371285e-10, 2.56994536763e-10, 5.0841519883e-10, 4.41113340299e-10, 2.54404691757e-10, 1.56605839408e-10, 9.45740985525e-11, 8.33124957911e-11, 4.55452897619e-11, 1.77042033811e-10, 4.75428064972e-11, 5.67379858374e-11, 1.12617679071e-10, 8.42031652737e-11, 9.89442625055e-11, 7.10441011575e-11, 2.88531490367e-11, 2.65493044216e-11],
        "max": [0.0620212033391, 0.0504086911678, 0.0328199565411, 0.0209820177406, 0.0142821101472, 0.00977201852947, 0.0162273850292, 0.0101652899757, 0.00536177121103, 0.00358732510358, 0.0030029444024, 0.00422047730535, 0.0033181773033, 0.00196231110021, 0.00138165871613, 0.000673517875839, 0.000698413059581, 0.000643305946141, 0.000392738787923, 0.000511718390044, 0.000245475705015, 0.000583075277973, 0.000285020272713, 0.000180143222678, 0.000321923464071, 0.000337631528964, 0.000240399429458, 0.000184442149475, 0.00017246430798, 0.000203296091058, 9.78070384008e-05, 9.02714236872e-05, 6.17746773059e-05, 0.000182344228961, 0.000241785295657, 0.000135729147587, 0.000156271096785, 0.00012610439444, 8.33344020066e-05, 8.89851362444e-05],
        "mean": [0.0092165498063, 0.00349371531047, 0.00170988996979, 0.0018083548639, 0.001257529133, 0.00052278500516, 0.000536531209946, 0.000532299804036, 0.000188315636478, 9.44856292335e-05, 8.55501639307e-05, 0.000143577723065, 9.43069535424e-05, 3.52592978743e-05, 2.70714426733e-05, 2.22688850045e-05, 2.35093029914e-05, 2.41050747718e-05, 1.69623781403e-05, 1.52944976435e-05, 1.14162321552e-05, 1.15400571303e-05, 1.13706737466e-05, 7.16142267265e-06, 8.64451976668e-06, 1.05097515188e-05, 7.54759230404e-06, 6.46652461e-06, 4.91002265335e-06, 4.10484426538e-06, 3.72414910998e-06, 4.32259139416e-06, 3.29092313223e-06, 3.2309967537e-06, 4.46772901341e-06, 3.86855617762e-06, 4.41981092081e-06, 4.10252141592e-06, 3.04668651552e-06, 2.83057488559e-06],
        "median": [0.00405781762674, 0.0023641535081, 0.000798467954155, 0.000886124675162, 0.000629786925856, 0.000195898886886, 0.000176283836481, 0.000172143074451, 6.65053739795e-05, 3.59265613952e-05, 2.95766058116e-05, 3.78474396712e-05, 3.10728864861e-05, 1.07680198198e-05, 9.43220675254e-06, 8.4494413386e-06, 7.70882616052e-06, 7.34382911105e-06, 5.77596756557e-06, 5.40957171324e-06, 4.3516288315e-06, 4.34359890278e-06, 3.84593931813e-06, 2.66530264525e-06, 3.47297532244e-06, 4.7852777243e-06, 3.34224523613e-06, 2.49677464126e-06, 2.03562171919e-06, 1.6868767716e-06, 1.27574878661e-06, 1.23134543628e-06, 9.40592826737e-07, 9.85190354186e-07, 9.83792347142e-07, 8.15245243757e-07, 9.9724309166e-07, 1.03206127733e-06, 8.63232230586e-07, 8.35610308059e-07],
        "min": [4.78392705286e-24, 3.89722333513e-24, 4.07601155955e-24, 2.22992617168e-24, 1.44825731134e-24, 6.87164349422e-24, 3.29301721567e-24, 5.36016075627e-24, 5.25684837667e-24, 6.4238327963e-24, 3.18133226086e-24, 5.78882974432e-24, 5.18188686916e-24, 6.99134445912e-24, 8.25481248391e-24, 4.90395421174e-24, 3.66391693355e-24, 8.27711752601e-24, 6.14837321782e-24, 5.21892231093e-24, 5.96900005304e-24, 7.97422807056e-24, 7.74792123179e-24, 4.36232468079e-24, 3.93902310234e-24, 3.58151449554e-24, 5.60287550743e-24, 5.36212186448e-24, 5.09521274935e-24, 5.13294159986e-24, 5.72750764185e-24, 7.99001081069e-24, 6.8298890865e-24, 7.81848878407e-24, 7.99858336215e-24, 8.12456839301e-24, 7.50000118194e-24, 5.13329934828e-24, 6.84606073506e-24, 7.36896349697e-24],
        "var": [0.000137457958772, 2.93884950224e-05, 9.9837398011e-06, 5.2646801123e-06, 2.68100416179e-06, 8.50845651712e-07, 1.12855877887e-06, 9.32780324092e-07, 1.63563754541e-07, 3.89169443338e-08, 3.3195945548e-08, 1.1022169133e-07, 3.36508811927e-08, 7.58500195985e-09, 3.61401042426e-09, 1.66993774364e-09, 1.89950477569e-09, 2.24611529376e-09, 9.35595600993e-10, 9.75174496709e-10, 3.42508188478e-10, 6.11372175108e-10, 3.87745002772e-10, 1.54282864262e-10, 2.31351091062e-10, 3.15691611741e-10, 1.90447921322e-10, 1.20409279769e-10, 7.52728920861e-11, 6.49260367691e-11, 4.34585874232e-11, 6.53206516654e-11, 3.18096521346e-11, 4.76273014083e-11, 9.97346233378e-11, 7.33959143462e-11, 8.96530141792e-11, 6.40678204933e-11, 3.12306326633e-11, 3.33872027247e-11]
    },
    "mfcc": {
        "mean": [-653.622192383, 125.211631775, 40.6206130981, 25.1381816864, 10.2223529816, 0.368489176035, 6.20556592941, 1.00796973705, 0.536712646484, 3.69376683235, -2.15523314476, 0.349899977446, 2.62258553505],
        "cov": [[9914.04492188, -2907.05419922, -1112.11120605, -122.235359192, -73.2850265503, 202.416625977, -109.459121704, 133.637649536, -28.9233856201, 37.2420425415, 124.500228882, 87.0026245117, 102.870010376], [-2907.05419922, 2184.59912109, 166.033309937, -96.3910903931, 23.699256897, -0.566179156303, 110.518821716, -13.9201955795, 38.739654541, -8.4078245163, 0.128663405776, -36.0108032227, -3.42694139481], [-1112.11120605, 166.033309937, 928.286376953, 173.672073364, 88.7080535889, -15.6771373749, 94.6037216187, 11.1975727081, -34.6521110535, -47.7153358459, -73.2627868652, -49.105266571, -101.589393616], [-122.235359192, -96.3910903931, 173.672073364, 418.312896729, 150.742263794, 3.63607025146, 35.9222183228, 47.8318748474, 31.2053909302, -20.2466487885, -51.6041603088, -25.3631496429, -38.3126831055], [-73.2850265503, 23.699256897, 88.7080535889, 150.742263794, 223.557998657, 43.214263916, 64.9824142456, 43.1393051147, 34.2707138062, 9.76898002625, -4.60140275955, 10.1913156509, -1.82062983513], [202.416625977, -0.566179156303, -15.6771373749, 3.63607025146, 43.214263916, 240.89781189, 39.0965843201, 82.6736373901, 26.4975147247, 24.2432823181, 44.8813056946, 28.5394935608, 49.6998023987], [-109.459121704, 110.518821716, 94.6037216187, 35.9222183228, 64.9824142456, 39.0965843201, 225.547683716, 44.0246543884, 24.4425888062, 22.3292217255, -12.7824335098, -26.7953128815, -17.2844352722], [133.637649536, -13.9201955795, 11.1975727081, 47.8318748474, 43.1393051147, 82.6736373901, 44.0246543884, 171.398330688, 65.0982513428, 16.0444736481, 38.7426948547, 48.4287796021, 54.9961471558], [-28.9233856201, 38.739654541, -34.6521110535, 31.2053909302, 34.2707138062, 26.4975147247, 24.4425888062, 65.0982513428, 133.592468262, 58.7545547485, 27.3023853302, 17.8860969543, 33.6281280518], [37.2420425415, -8.4078245163, -47.7153358459, -20.2466487885, 9.76898002625, 24.2432823181, 22.3292217255, 16.0444736481, 58.7545547485, 116.120162964, 56.8358955383, 26.2440109253, 31.6772270203], [124.500228882, 0.128663405776, -73.2627868652, -51.6041603088, -4.60140275955, 44.8813056946, -12.7824335098, 38.7426948547, 27.3023853302, 56.8358955383, 136.275756836, 85.9075546265, 58.8408317566], [87.0026245117, -36.0108032227, -49.105266571, -25.3631496429, 10.1913156509, 28.5394935608, -26.7953128815, 48.4287796021, 17.8860969543, 26.2440109253, 85.9075546265, 131.412918091, 82.2679290771], [102.870010376, -3.42694139481, -101.589393616, -38.3126831055, -1.82062983513, 49.6998023987, -17.2844352722, 54.9961471558, 33.6281280518, 31.6772270203, 58.8408317566, 82.2679290771, 136.001220703]],
