{
"lowlevel": {
    "average_loudness": 0.880482375622,
    "barkbands_crest": {
        "dmean": 3.01214528084,
        "dmean2": 4.69154024124,
        "dvar": 9.37598705292,
        "dvar2": 19.3959655762,
        "max": 26.1598911285,
        "mean": 10.9444856644,
        "median": 9.84805774689,
        "min": 2.43628072739,
        "var": 25.4470100403
    },
    "barkbands_flatness_db": {
        "dmean": 0.0259911548346,
        "dmean2": 0.0389473848045,
        "dvar": 0.000850245531183,
        "dvar2": 0.00181052670814,
        "max": 0.500485777855,
        "mean": 0.138455092907,
        "median": 0.107589885592,
        "min": 0.0152068054304,
        "var": 0.00922675989568
    },
    "barkbands_kurtosis": {
        "dmean": 3.82916855812,
        "dmean2": 5.72431659698,
        "dvar": 132.464233398,
        "dvar2": 279.386993408,
        "max": 388.418548584,
        "mean": 4.3962597847,
        "median": 0.525598287582,
        "min": -1.91203379631,
        "var": 192.323516846
    },
    "barkbands_skewness": {
        "dmean": 0.621693491936,
        "dmean2": 0.926388859749,
        "dvar": 0.756624341011,
        "dvar2": 1.49706280231,
        "max": 18.8731136322,
        "mean": 1.49992954731,
        "median": 1.07164669037,
        "min": -4.97321367264,
        "var": 2.1698653698
    },
    "barkbands_spread": {
        "dmean": 8.08166694641,
        "dmean2": 13.0092792511,
        "dvar": 107.056785583,
        "dvar2": 273.739654541,
        "max": 88.9034881592,
        "mean": 27.6268901825,
        "median": 26.8756256104,
        "min": 0.500403225422,
        "var": 264.869293213
    },
    "dissonance": {
        "dmean": 0.0197978243232,
        "dmean2": 0.0330522656441,
        "dvar": 0.000511854712386,
        "dvar2": 0.00134808022995,
        "max": 0.499999910593,
        "mean": 0.459457397461,
        "median": 0.472805321217,
        "min": 0.156050950289,
        "var": 0.00180840620305
    },
    "dynamic_complexity": 4.65464448929,
    "erbbands_crest": {
        "dmean": 2.62698864937,
        "dmean2": 4.23727178574,
        "dvar": 6.00181007385,
        "dvar2": 14.5581474304,
        "max": 28.2933044434,
        "mean": 8.6720533371,
        "median": 7.7156329155,
        "min": 2.00453782082,
        "var": 16.2481994629
    },
    "erbbands_flatness_db": {
        "dmean": 0.0167363137007,
        "dmean2": 0.0244712736458,
        "dvar": 0.000363525585271,
        "dvar2": 0.000705408572685,
        "max": 0.525741100311,
        "mean": 0.161581903696,
        "median": 0.130202710629,
        "min": 0.0443792305887,
        "var": 0.00753978034481
    },
    "erbbands_kurtosis": {
        "dmean": 0.87963116169,
        "dmean2": 1.39370167255,
        "dvar": 3.12206816673,
        "dvar2": 7.04696893692,
        "max": 52.0430221558,
        "mean": 0.431073218584,
        "median": -0.28589630127,
        "min": -1.78439319134,
        "var": 6.7064204216
    },
    "erbbands_skewness": {
        "dmean": 0.375845640898,
        "dmean2": 0.580544471741,
        "dvar": 0.142886653543,
        "dvar2": 0.323202610016,
        "max": 5.71002340317,
        "mean": 0.255207657814,
        "median": 0.164728984237,
        "min": -5.08167505264,
        "var": 0.576204955578
    },
    "erbbands_spread": {
        "dmean": 7.89935255051,
        "dmean2": 11.9221324921,
        "dvar": 90.8649978638,
        "dvar2": 202.690765381,
        "max": 148.623474121,
        "mean": 37.4665641785,
        "median": 36.713092804,
        "min": 1.49563598633,
        "var": 323.682037354
    },
    "hfc": {
        "dmean": 9.95246219635,
        "dmean2": 17.1651306152,
        "dvar": 505.487365723,
        "dvar2": 1411.75085449,
        "max": 246.627746582,
        "mean": 26.5040893555,
        "median": 22.4549980164,
        "min": 5.89645665627e-09,
        "var": 744.539978027
    },
    "melbands_crest": {
        "dmean": 3.3959813118,
        "dmean2": 5.6472568512,
        "dvar": 11.4146699905,
        "dvar2": 28.3668003082,
        "max": 33.2553672791,
        "mean": 16.2151050568,
        "median": 15.3575391769,
        "min": 3.48044681549,
        "var": 35.0231781006
    },
    "melbands_flatness_db": {
        "dmean": 0.0320093929768,
        "dmean2": 0.0484106913209,
        "dvar": 0.00140743528027,
        "dvar2": 0.00301084457897,
        "max": 0.662938416004,
        "mean": 0.201320022345,
        "median": 0.166580021381,
        "min": 0.0193873085082,
        "var": 0.0112995216623
    },
    "melbands_kurtosis": {
        "dmean": 9.12567138672,
        "dmean2": 13.7615203857,
        "dvar": 602.314025879,
        "dvar2": 1108.05981445,
        "max": 726.513549805,
        "mean": 14.7689237595,
        "median": 4.97374010086,
        "min": -1.961171031,
        "var": 1262.67407227
    },
    "melbands_skewness": {
        "dmean": 0.812045693398,
        "dmean2": 1.2313388586,
        "dvar": 1.24348223209,
        "dvar2": 2.5270884037,
        "max": 21.1756420135,
        "mean": 2.65493321419,
        "median": 1.99927949905,
        "min": -2.48597574234,
        "var": 4.0039973259
    },
    "melbands_spread": {
        "dmean": 9.41787242889,
        "dmean2": 15.28865242,
        "dvar": 170.954071045,
        "dvar2": 410.590942383,
        "max": 236.956848145,
        "mean": 28.5156860352,
        "median": 25.7835597992,
        "min": 0.445688426495,
        "var": 413.208831787
    },
    "pitch_salience": {
        "dmean": 0.0772092342377,
        "dmean2": 0.124453060329,
        "dvar": 0.00659509329125,
        "dvar2": 0.0156941283494,
        "max": 0.919514000416,
        "mean": 0.498983800411,
        "median": 0.515915155411,
        "min": 0.0613675825298,
        "var": 0.016752390191
    },
    "silence_rate_20dB": {
        "dmean": 0,
        "dmean2": 0,
        "dvar": 0,
        "dvar2": 0,
        "max": 1,
        "mean": 1,
        "median": 1,
        "min": 1,
        "var": 0
    },
    "silence_rate_30dB": {
        "dmean": 0.0430586487055,
        "dmean2": 0.0861279517412,
        "dvar": 0.0412086620927,
        "dvar2": 0.0997535958886,
        "max": 1,
        "mean": 0.964864552021,
        "median": 1,
        "min": 0,
        "var": 0.033900115639
    },
    "silence_rate_60dB": {
        "dmean": 0.0118782483041,
        "dmean2": 0.0237594358623,
        "dvar": 0.0117343431339,
        "dvar2": 0.0266599468887,
        "max": 1,
        "mean": 0.17035754025,
        "median": 0,
        "min": 0,
        "var": 0.141311228275
    },
    "spectral_centroid": {
        "dmean": 316.086700439,
        "dmean2": 504.000640869,
        "dvar": 162531.625,
        "dvar2": 398685.4375,
        "max": 11023.1386719,
        "mean": 1663.5604248,
        "median": 1753.35449219,
        "min": 194.018127441,
        "var": 571688.0625
    },
    "spectral_complexity": {
        "dmean": 4.43578338623,
        "dmean2": 7.38745212555,
        "dvar": 35.7723236084,
        "dvar2": 86.3237533569,
        "max": 63,
        "mean": 20.9616470337,
        "median": 22,
        "min": 0,
        "var": 179.627288818
    },
    "spectral_decrease": {
        "dmean": 2.75072298273e-09,
        "dmean2": 4.06226741134e-09,
        "dvar": 2.40693510949e-17,
        "dvar2": 4.6768944035e-17,
        "max": -2.78100480698e-20,
        "mean": -7.20511028618e-09,
        "median": -5.58024648711e-09,
        "min": -4.77023824885e-08,
        "var": 5.72967363887e-17
    },
    "spectral_energy": {
        "dmean": 0.0107638593763,
        "dmean2": 0.0159923937172,
        "dvar": 0.000352416042006,
        "dvar2": 0.000682251120452,
        "max": 0.18847244978,
        "mean": 0.0295977499336,
        "median": 0.023494169116,
        "min": 6.39787647774e-13,
        "var": 0.000894972530659
    },
    "spectral_energyband_high": {
        "dmean": 0.000939481484238,
        "dmean2": 0.00168447848409,
        "dvar": 5.42919678992e-06,
        "dvar2": 1.53471974045e-05,
        "max": 0.0223748404533,
        "mean": 0.00169663934503,
        "median": 0.00105034839362,
        "min": 4.95251138277e-13,
        "var": 5.43591659152e-06
    },
    "spectral_energyband_low": {
        "dmean": 0.00802105199546,
        "dmean2": 0.0121654849499,
        "dvar": 0.000346286979038,
        "dvar2": 0.000684486178216,
        "max": 0.171785071492,
        "mean": 0.014758836478,
        "median": 0.00765775609761,
        "min": 2.39291534043e-14,
        "var": 0.000606460031122
    },
    "spectral_energyband_middle_high": {
        "dmean": 0.00181049155071,
        "dmean2": 0.00302780419588,
        "dvar": 7.670978448e-06,
        "dvar2": 2.07131761272e-05,
        "max": 0.0431807339191,
        "mean": 0.00562310451642,
        "median": 0.00539196655154,
        "min": 9.33563393691e-14,
        "var": 2.7179305107e-05
    },
    "spectral_energyband_middle_low": {
        "dmean": 0.00358073925599,
        "dmean2": 0.00524867558852,
        "dvar": 3.41670056514e-05,
        "dvar2": 6.99090378475e-05,
        "max": 0.0718686282635,
        "mean": 0.00797693990171,
        "median": 0.00457033980638,
        "min": 1.23723578447e-14,
        "var": 8.511255146e-05
    },
    "spectral_entropy": {
        "dmean": 0.172239676118,
        "dmean2": 0.262822896242,
        "dvar": 0.0490531027317,
        "dvar2": 0.108213767409,
        "max": 9.8045797348,
        "mean": 7.61269569397,
        "median": 7.86864614487,
        "min": 4.78318166733,
        "var": 0.477082163095
    },
    "spectral_flux": {
        "dmean": 0.0276947747916,
        "dmean2": 0.0447851605713,
        "dvar": 0.00147566187661,
        "dvar2": 0.00329933455214,
        "max": 0.371337175369,
        "mean": 0.0841915309429,
        "median": 0.0765262022614,
        "min": 5.09674873683e-06,
        "var": 0.00380471232347
    },
    "spectral_kurtosis": {
        "dmean": 3.37113952637,
        "dmean2": 5.68693780899,
        "dvar": 112.759613037,
        "dvar2": 322.183135986,
        "max": 293.042053223,
        "mean": 9.61713123322,
        "median": 2.98323392868,
        "min": -1.45149064064,
        "var": 671.401123047
    },
    "spectral_rms": {
        "dmean": 0.000811455480289,
        "dmean2": 0.00119022047147,
        "dvar": 1.32293757815e-06,
        "dvar2": 2.31654485106e-06,
        "max": 0.0135600725189,
        "mean": 0.00468936469406,
        "median": 0.00478760292754,
        "min": 2.49836560329e-08,
        "var": 6.88566206009e-06
    },
    "spectral_rolloff": {
        "dmean": 761.960266113,
        "dmean2": 1319.09130859,
        "dvar": 1589274.875,
        "dvar2": 4152934,
        "max": 16236.0351562,
        "mean": 1815.73205566,
        "median": 1507.32421875,
        "min": 43.06640625,
        "var": 2216383.5
    },
    "spectral_skewness": {
        "dmean": 0.298592090607,
        "dmean2": 0.489409387112,
        "dvar": 0.311940401793,
        "dvar2": 0.868565261364,
        "max": 13.3365840912,
        "mean": 1.78610301018,
        "median": 1.31743323803,
        "min": -0.81351929903,
        "var": 2.30181860924
    },
    "spectral_spread": {
        "dmean": 588882,
        "dmean2": 869177.1875,
        "dvar": 839229767680,
        "dvar2": 1.56796675686e+12,
        "max": 41070740,
        "mean": 4737044,
        "median": 4910614.5,
        "min": 244905.6875,
        "var": 3.13971520307e+12
    },
    "spectral_strongpeak": {
        "dmean": 0.462227404118,
        "dmean2": 0.780684888363,
        "dvar": 0.576193034649,
        "dvar2": 1.4218685627,
        "max": 7.72867441177,
        "mean": 0.753058135509,
        "median": 0.331334650517,
        "min": 0,
        "var": 0.877214968204
    },
    "zerocrossingrate": {
        "dmean": 0.0118534173816,
        "dmean2": 0.0147652355954,
        "dvar": 0.000190930208191,
        "dvar2": 0.000242254507612,
        "max": 0.625,
        "mean": 0.0672089606524,
        "median": 0.06787109375,
        "min": 0.0029296875,
        "var": 0.00129426200874
    },
    "barkbands": {
        "dmean": [0.00027503669844, 0.00710040796548, 0.0026158739347, 0.000456800829852, 0.00155819428619, 0.000506966665853, 0.000529213750269, 0.00123473594431, 0.000710095453542, 0.000402350211516, 0.000370604568161, 0.00043880805606, 0.000306878850097, 0.000319381710142, 0.000354209216312, 0.000308768125251, 0.000275350903394, 0.000312326272251, 0.000286562310066, 0.000311207870254, 0.000260113039985, 0.000162525931955, 0.000125619117171, 0.000160604497069, 0.000145919679198, 4.99811903865e-05, 1.47202590597e-05],
        "dmean2": [0.00048804061953, 0.0101491762325, 0.00468283751979, 0.00077884196071, 0.00225844071247, 0.0008574151434, 0.000825368333608, 0.00188499351498, 0.00109536969103, 0.000644646817818, 0.000595414254349, 0.000714153808076, 0.000507401127834, 0.000537058978807, 0.000584764813539, 0.000516790430993, 0.000467333564302, 0.000546885828953, 0.000505296397023, 0.000560307467822, 0.000463175558252, 0.000284528330667, 0.000223633061978, 0.000292691314826, 0.000265014328761, 7.87458629929e-05, 2.58704712905e-05],
        "dvar": [5.90881654716e-07, 0.000281339860521, 7.11558095645e-05, 1.02274043456e-06, 2.24103096116e-05, 1.63393838193e-06, 1.49863797105e-06, 7.02434545019e-06, 2.80609538095e-06, 1.19506580631e-06, 9.16501335269e-07, 9.82817482509e-07, 3.22262650343e-07, 3.77783919703e-07, 3.59594793053e-07, 3.2414803286e-07, 1.85643983741e-07, 2.48325591201e-07, 2.05496817784e-07, 4.01763145419e-07, 2.96483449347e-07, 1.29682049987e-07, 7.05837237547e-08, 2.59768910382e-07, 2.58207904835e-07, 1.95365839062e-08, 3.18381498943e-09],
        "dvar2": [1.73202283804e-06, 0.000532867794391, 0.000199499248993, 2.6991372124e-06, 4.55739645986e-05, 4.41014117314e-06, 3.56389182343e-06, 1.67415983015e-05, 6.2676995185e-06, 2.94968617709e-06, 2.28647354561e-06, 2.51707319876e-06, 8.63308798671e-07, 1.02160049664e-06, 9.43400777942e-07, 8.6181290726e-07, 4.95069173212e-07, 7.16873216788e-07, 6.05412367349e-07, 1.14322801892e-06, 8.24611504413e-07, 3.58371067932e-07, 2.02025432827e-07, 7.52088794798e-07, 7.39817608064e-07, 4.9943498226e-08, 8.97933372102e-09],
        "max": [0.0160972811282, 0.165792033076, 0.0803170949221, 0.0145197538659, 0.0673826783895, 0.0252331662923, 0.0311257857829, 0.0432204827666, 0.0289635024965, 0.0237685013562, 0.0198169760406, 0.0327932164073, 0.00951425451785, 0.0143531253561, 0.00879012048244, 0.00713738799095, 0.00656793965027, 0.005996146705, 0.005124471616, 0.00707038631663, 0.00595333566889, 0.00488362833858, 0.00278534553945, 0.00519010983407, 0.00555458897725, 0.00164062029216, 0.00064651388675],
        "mean": [0.000576295598876, 0.0113494060934, 0.00251202378422, 0.000669334665872, 0.00188635021914, 0.000746083795093, 0.000946734799072, 0.00214595720172, 0.00131378357764, 0.000672312395182, 0.00062129762955, 0.000712268170901, 0.000504452793393, 0.000496071297675, 0.000590152048972, 0.000488313264214, 0.000474493688671, 0.00050516059855, 0.00049396691611, 0.000475248758448, 0.000395351613406, 0.000305913417833, 0.000229076656979, 0.00022824050393, 0.000168535290868, 7.62577910791e-05, 1.46515267261e-05],
        "median": [0.000156802911079, 0.00511859636754, 0.000857035513036, 0.000276560836937, 0.000484162272187, 0.000362738530384, 0.000350184447598, 0.0005217686994, 0.00036740390351, 0.000222591886995, 0.000243001297349, 0.000333063217113, 0.000214341489482, 0.000187744997675, 0.000232824007981, 0.000210739424801, 0.000227950571571, 0.000304148794385, 0.000301227642922, 0.000264394824626, 0.000209437130252, 0.000172206477146, 0.000118522373668, 9.08022047952e-05, 6.57600321574e-05, 3.10923496727e-05, 2.01366310648e-06],
        "min": [1.96141151552e-14, 6.63103427351e-15, 3.24485574247e-15, 3.20716595269e-15, 2.3796128574e-15, 2.18339640462e-15, 2.2339702008e-15, 3.44374664884e-16, 1.03403728146e-15, 4.12835642272e-15, 4.75490965842e-15, 9.13800573432e-15, 7.99439775311e-15, 5.11998467034e-15, 8.56515142286e-15, 1.39518879441e-14, 9.73878841611e-15, 4.55235824623e-15, 2.12329425011e-14, 1.28769599354e-14, 5.87456719012e-14, 2.19778995079e-14, 4.55210074821e-14, 7.42199406318e-14, 6.46943571847e-14, 1.11644478655e-13, 1.1536537242e-13],
        "var": [8.1701500676e-07, 0.000444116303697, 4.67907048005e-05, 1.24994380712e-06, 2.83446352114e-05, 2.22272569772e-06, 3.99149894292e-06, 1.80017159437e-05, 8.02026988822e-06, 2.6220880045e-06, 1.90980972548e-06, 1.69887005086e-06, 5.83967505463e-07, 6.61709975702e-07, 7.24635697225e-07, 5.59843215342e-07, 4.01606286005e-07, 3.85330963582e-07, 3.74506356593e-07, 4.18636233235e-07, 3.21740600384e-07, 1.77211191499e-07, 9.28585350835e-08, 1.93695086637e-07, 1.70175539438e-07, 2.06791224144e-08, 2.09128159234e-09]
    },
    "erbbands": {
        "dmean": [0.194658428431, 1.6732929945, 3.19042992592, 1.89628005028, 4.13124322891, 4.98204660416, 4.07981061935, 3.91414570808, 5.11136674881, 15.3445968628, 28.0651836395, 16.7324295044, 13.3125495911, 13.1291894913, 13.4249792099, 18.1549739838, 13.7276306152, 16.4166851044, 17.6610450745, 14.9844942093, 15.138669014, 13.8570623398, 16.3793487549, 14.3270044327, 14.7097434998, 13.9329032898, 13.3724164963, 8.01164054871, 5.88824033737, 5.29052591324, 3.367634058, 2.73927760124, 2.92599201202, 2.32626652718, 0.763657510281, 0.250274211168, 0.0941627398133, 0.023554828018, 0.00246673286892, 4.60944174847e-05],
        "dmean2": [0.304257303476, 2.39864301682, 5.52578401566, 3.20316290855, 6.21905708313, 7.18794059753, 6.84986400604, 6.60331106186, 7.98940420151, 23.8770046234, 42.8268089294, 25.7537326813, 21.3624916077, 20.8079967499, 21.5101165771, 29.5118370056, 22.7711982727, 27.2658805847, 29.2948989868, 24.7192325592, 25.4030399323, 23.5121173859, 28.6167354584, 25.2136039734, 26.1525382996, 25.0768814087, 24.1694869995, 14.0830249786, 10.2141418457, 9.53719329834, 5.9570889473, 4.8451499939, 5.40069532394, 4.31215858459, 1.34440493584, 0.413525104523, 0.146273583174, 0.0385226495564, 0.00436275545508, 7.69465405028e-05],
        "dvar": [0.217230468988, 16.3775424957, 94.5186309814, 24.253282547, 159.14024353, 216.545181274, 106.204193115, 106.419288635, 121.281463623, 1687.0333252, 4310.29296875, 1681.61755371, 1103.19116211, 1387.98608398, 1185.57177734, 1268.74707031, 604.627258301, 824.293640137, 943.638305664, 593.981201172, 745.377929688, 493.236114502, 742.495910645, 624.303344727, 543.605651855, 819.911499023, 927.680908203, 279.115112305, 188.418289185, 149.426589966, 44.7139091492, 43.862663269, 108.745704651, 85.1551589966, 4.96328544617, 0.549390375614, 0.066681869328, 0.00567969959229, 8.89082293725e-05, 2.09962767173e-08],
        "dvar2": [0.469776540995, 30.7363548279, 261.036621094, 65.1167449951, 356.011199951, 422.686401367, 279.210296631, 285.757598877, 264.486785889, 4071.39038086, 10045.2724609, 3837.17626953, 2680.01782227, 3423.83911133, 2861.24682617, 3217.37890625, 1630.27941895, 2221.26757812, 2507.7644043, 1537.43078613, 2012.02392578, 1310.92919922, 2140.58056641, 1851.31555176, 1568.51696777, 2326.80029297, 2631.67260742, 763.908813477, 514.666870117, 430.893585205, 126.2786026, 125.954864502, 315.729217529, 248.035614014, 13.79783535, 1.4753588438, 0.167570486665, 0.0153616629541, 0.00025181073579, 5.83749688587e-08],
        "max": [4.84146976471, 37.6116142273, 100.224822998, 70.0087356567, 173.125518799, 208.196182251, 178.474945068, 225.310592651, 421.097686768, 836.664733887, 932.787658691, 785.147155762, 904.952270508, 1021.83691406, 995.77923584, 810.326843262, 413.198272705, 571.426879883, 444.295959473, 293.535888672, 446.789520264, 443.55682373, 332.789978027, 357.158782959, 295.165222168, 309.990783691, 324.262390137, 265.669433594, 228.191680908, 124.290519714, 67.7378387451, 70.1184768677, 111.531936646, 102.848747253, 23.2896270752, 9.58375930786, 2.90118098259, 0.850953757763, 0.128315851092, 0.00203041103669],
        "mean": [0.33545973897, 2.45713210106, 3.62081861496, 2.46570730209, 4.99334764481, 5.91422510147, 4.99140071869, 5.79178667068, 10.0190601349, 27.0946407318, 49.8683166504, 32.1082801819, 23.7549057007, 23.3782844543, 24.6408748627, 30.6687698364, 24.3518390656, 28.0469741821, 30.0574893951, 26.7005691528, 26.4353580475, 25.4301567078, 27.8370780945, 25.2029762268, 25.4998703003, 22.0751590729, 19.147851944, 13.5889863968, 11.2032566071, 8.56943511963, 6.47008800507, 4.70465135574, 3.68643760681, 2.41747808456, 0.971921920776, 0.374189853668, 0.136154517531, 0.0301494617015, 0.00233977753669, 7.61955525377e-05],
        "median": [0.153162881732, 0.908920109272, 1.3596830368, 1.09746456146, 1.37649905682, 1.4233853817, 2.03670954704, 2.65112233162, 4.16975212097, 8.33418655396, 12.435297966, 10.3042011261, 9.14239788055, 10.0416069031, 12.20266819, 14.9573698044, 13.327208519, 14.17466259, 14.8836307526, 16.4150085449, 15.9893426895, 15.3114957809, 18.3042354584, 16.3787746429, 15.8024358749, 13.161945343, 10.4755544662, 7.62926673889, 6.36360025406, 4.52170324326, 3.27071428299, 2.1725859642, 1.39585542679, 0.832279086113, 0.414322674274, 0.167019948363, 0.0525390841067, 0.00809395126998, 0.000341745238984, 4.81427596242e-05],
        "min": [5.3336138674e-13, 7.42839492175e-13, 3.29165774499e-12, 8.10119939881e-12, 1.18464587098e-11, 5.70188210883e-12, 7.23823735324e-12, 2.06255498791e-11, 3.64155754162e-11, 1.50437075991e-11, 1.1231368266e-11, 2.89845977081e-11, 1.00371655432e-10, 1.47327011701e-10, 1.95359978195e-10, 4.20012552516e-10, 4.07876649122e-10, 2.54993304249e-10, 2.91239754535e-10, 7.68320074229e-10, 6.02575989106e-10, 5.43518396956e-10, 3.18395060317e-10, 9.46853817574e-10, 8.07547251291e-10, 7.24946103148e-10, 2.56594256953e-09, 1.61035806912e-09, 7.96000543257e-10, 1.33820632353e-09, 1.25196009115e-09, 1.29684807337e-09, 1.22892962473e-09, 6.91141421871e-10, 4.1203468415e-10, 4.66919947151e-10, 2.01399966149e-10, 7.89544818414e-11, 1.42449246843e-11, 1.4882083196e-12],
        "var": [0.307894140482, 25.6695594788, 73.5397109985, 20.4222774506, 182.645202637, 290.210388184, 101.366600037, 157.891860962, 428.055603027, 4016.2746582, 10702.6816406, 4409.48486328, 2755.38574219, 2983.82299805, 2356.08764648, 2300.65722656, 1101.70263672, 1557.68359375, 1778.71765137, 1158.46118164, 1264.57080078, 1078.85888672, 1197.03808594, 1049.96984863, 945.608886719, 854.41217041, 842.704162598, 348.860809326, 259.539520264, 153.105224609, 70.3647766113, 48.5920524597, 71.4635543823, 50.7505683899, 3.88451504707, 0.519927561283, 0.0705557912588, 0.00470581836998, 5.73199940845e-05, 1.71240426283e-08]
    },
    "gfcc": {
        "mean": [-17.8008346558, 74.2300491333, -122.377502441, 20.4281024933, -59.5313148499, 14.133518219, -29.0054244995, 13.2886266708, -18.676897049, 8.2266960144, -13.2466526031, 0.160913735628, -14.6870670319],
        "cov": [[20732.3886719, -4615.66552734, 1914.35888672, 4358.73291016, 1812.76147461, 2456.19042969, 335.029510498, 1858.6529541, 99.5317611694, 897.903808594, -824.680603027, 498.029907227, -314.362548828], [-4615.66552734, 2816.93188477, 32.5821647644, -702.920532227, 278.171142578, -384.893493652, 229.796096802, -427.583251953, 142.331329346, -193.000137329, 335.2003479, -231.578323364, 144.131515503], [1914.35888672, 32.5821647644, 1294.59313965, 539.641540527, 491.442199707, 445.845123291, 9.03145217896, 219.235366821, -28.8029003143, 149.363555908, -74.5559539795, 79.7642974854, -39.107711792], [4358.73291016, -702.920532227, 539.641540527, 1505.36108398, 594.779968262, 648.79284668, 180.427856445, 377.90512085, 60.1185455322, 161.220291138, -185.97277832, 107.544784546, -19.633895874], [1812.76147461, 278.171142578, 491.442199707, 594.779968262, 763.143676758, 429.745666504, 229.531845093, 268.528594971, 83.3737792969, 151.162399292, -26.2788658142, 4.04864454269, -16.2094039917], [2456.19042969, -384.893493652, 445.845123291, 648.79284668, 429.745666504, 598.327758789, 126.451347351, 316.885650635, 55.6598358154, 152.333206177, -76.6453170776, 35.1835632324, -54.5819549561], [335.029510498, 229.796096802, 9.03145217896, 180.427856445, 229.531845093, 126.451347351, 259.030548096, 107.392097473, 92.6720809937, 60.1897888184, 36.4744720459, -29.4843254089, -3.12494111061], [1858.6529541, -427.583251953, 219.235366821, 377.90512085, 268.528594971, 316.885650635, 107.392097473, 340.369995117, 59.9981384277, 154.203384399, -49.9519920349, 33.0598831177, -49.25831604], [99.5317611694, 142.331329346, -28.8029003143, 60.1185455322, 83.3737792969, 55.6598358154, 92.6720809937, 59.9981384277, 158.120422363, 40.9685783386, 52.5654296875, -16.6272506714, 5.02557659149], [897.903808594, -193.000137329, 149.363555908, 161.220291138, 151.162399292, 152.333206177, 60.1897888184, 154.203384399, 40.9685783386, 172.729980469, 3.75099635124, 27.8632640839, -36.6166915894], [-824.680603027, 335.2003479, -74.5559539795, -185.97277832, -26.2788658142, -76.6453170776, 36.4744720459, -49.9519920349, 52.5654296875, 3.75099635124, 151.323745728, -24.0504951477, 26.1360569], [498.029907227, -231.578323364, 79.7642974854, 107.544784546, 4.04864454269, 35.1835632324, -29.4843254089, 33.0598831177, -16.6272506714, 27.8632640839, -24.0504951477, 110.974967957, 9.60650920868], [-314.362548828, 144.131515503, -39.107711792, -19.633895874, -16.2094039917, -54.5819549561, -3.12494111061, -49.25831604, 5.02557659149, -36.6166915894, 26.1360569, 9.60650920868, 85.4398727417]],
        "icov": [[0.000259661435848, 0.000242038950091, -3.58991783287e-05, -0.000400457065552, -0.000195965491002, -8.29939453979e-05, 0.000115578382974, -0.00034329117625, -6.38953133603e-05, -0.000137211260153, 0.000164695447893, -2.38342690864e-05, 5.19905261172e-05], [0.000242038950091, 0.00175150402356, -0.000568432267755, 0.000145247133332, -0.0016519279452, 0.00051260885084, -0.000911044771783, 0.00150995363947, -0.000828232965432, 0.000834800594021, -0.00133077811915, 0.00148903334048, -0.000793507206254], [-3.58991783287e-05, -0.000568432267755, 0.00150981673505, -0.000133259600261, -0.000230154124438, -0.000838297593873, 0.00108954089228, -0.000317416182952, 0.000706591701601, -0.000709376123268, 0.00035167238093, -0.000999451498501, 0.00042415066855], [-0.000400457065552, 0.000145247133332, -0.000133259600261, 0.0024571637623, -0.000610121351201, -0.000869918905664, -0.0009533863049, 0.00111138646025, -0.000508086173795, 0.000630834547337, 0.000795207335614, -0.000431982974987, -0.00117484061047], [-0.000195965491002, -0.0016519279452, -0.000230154124438, -0.000610121351201, 0.00492344656959, -0.00133857340552, -0.00103407760616, -0.00179753568955, 0.000861795502715, -0.00139410910197, 0.00123318156693, -0.000547091593035, -0.000138969975524], [-8.29939453979e-05, 0.00051260885084, -0.000838297593873, -0.000869918905664, -0.00133857340552, 0.00572740379721, -0.000263343565166, -0.00183704902884, -0.000484141841298, 0.000542805704754, -0.000773009145632, 0.00113927270286, 0.000951936061028], [0.000115578382974, -0.000911044771783, 0.00108954089228, -0.0009533863049, -0.00103407760616, -0.000263343565166, 0.00797333102673, -0.00222191680223, -0.00146718858741, -0.00090288015781, -0.000465380115202, 0.000469919556053, 0.000676840427332], [-0.00034329117625, 0.00150995363947, -0.000317416182952, 0.00111138646025, -0.00179753568955, -0.00183704902884, -0.00222191680223, 0.0110408114269, -0.00201834272593, -0.00289228791371, -0.00011034597992, 0.00102256250102, -0.000132754925289], [-6.38953133603e-05, -0.000828232965432, 0.000706591701601, -0.000508086173795, 0.000861795502715, -0.000484141841298, -0.00146718858741, -0.00201834272593, 0.00993610173464, -0.0011274627177, -0.00255143363029, 0.00012084012269, -0.000295068777632], [-0.000137211260153, 0.000834800594021, -0.000709376123268, 0.000630834547337, -0.00139410910197, 0.000542805704754, -0.00090288015781, -0.00289228791371, -0.0011274627177, 0.0122948214412, -0.00352498912252, -0.00151163130067, 0.00287266587839], [0.000164695447893, -0.00133077811915, 0.00035167238093, 0.000795207335614, 0.00123318156693, -0.000773009145632, -0.000465380115202, -0.00011034597992, -0.00255143363029, -0.00352498912252, 0.0127166220918, -0.000973522663116, -0.00228706910275], [-2.38342690864e-05, 0.00148903334048, -0.000999451498501, -0.000431982974987, -0.000547091593035, 0.00113927270286, 0.000469919556053, 0.00102256250102, 0.00012084012269, -0.00151163130067, -0.000973522663116, 0.0133554991335, -0.00378438108601], [5.19905261172e-05, -0.000793507206254, 0.00042415066855, -0.00117484061047, -0.000138969975524, 0.000951936061028, 0.000676840427332, -0.000132754925289, -0.000295068777632, 0.00287266587839, -0.00228706910275, -0.00378438108601, 0.0160617735237]]
    },
    "melbands": {
        "dmean": [0.00193135463633, 0.00168545520864, 0.000366806838429, 0.000390841974877, 0.000140080694109, 9.1891932243e-05, 8.50550932228e-05, 0.000177835405339, 0.000224918563617, 0.000102983925899, 6.64229883114e-05, 5.37962914677e-05, 4.47999664175e-05, 4.98097106174e-05, 3.39639664162e-05, 3.58884717571e-05, 3.29052381858e-05, 2.86583945126e-05, 2.53733760474e-05, 2.31021531363e-05, 1.83846550499e-05, 1.61087500601e-05, 1.46222282638e-05, 1.57164431585e-05, 1.22591500258e-05, 1.16885394164e-05, 1.00022552942e-05, 1.01390987766e-05, 9.41522830544e-06, 7.13102463124e-06, 4.26306223744e-06, 3.74192131858e-06, 2.99198177345e-06, 3.0794678878e-06, 2.08676760849e-06, 1.84904649814e-06, 1.68503549958e-06, 2.06026356864e-06, 2.13585940401e-06, 2.02926480597e-06],
        "dmean2": [0.00281215482391, 0.00272121885791, 0.000615260214545, 0.000566876435187, 0.000230422490858, 0.000153451750521, 0.000131794833578, 0.000275502796285, 0.000342715909937, 0.000158949274919, 0.000106416046037, 8.49654607009e-05, 7.15779970051e-05, 8.05369927548e-05, 5.54752186872e-05, 5.92712858634e-05, 5.47049930901e-05, 4.76203931612e-05, 4.16446782765e-05, 3.82612415706e-05, 3.08864036924e-05, 2.72780252999e-05, 2.51555684372e-05, 2.74557824014e-05, 2.14531919482e-05, 2.06647000596e-05, 1.78931077244e-05, 1.81570321729e-05, 1.6922089344e-05, 1.27943376356e-05, 7.41324038245e-06, 6.42639361104e-06, 5.29003227712e-06, 5.57496832698e-06, 3.65821824744e-06, 3.27991688209e-06, 2.97205656352e-06, 3.78316644856e-06, 3.95111737816e-06, 3.77528476747e-06],
        "dvar": [2.0915420464e-05, 1.95636621356e-05, 7.43877592413e-07, 1.52699624323e-06, 1.30783831764e-07, 5.7815618959e-08, 3.00563307576e-08, 2.01675362632e-07, 2.80394374386e-07, 7.47978603499e-08, 2.85549468515e-08, 2.3213459599e-08, 1.15189937588e-08, 1.59304232028e-08, 4.1944034912e-09, 4.8713357792e-09, 3.96844690442e-09, 2.55659293735e-09, 2.1424082508e-09, 1.86661308632e-09, 1.17208509565e-09, 7.12613912324e-10, 6.15403505932e-10, 6.59649501689e-10, 4.9334825114e-10, 3.74144160098e-10, 3.51376566732e-10, 4.07565398097e-10, 4.54954907081e-10, 2.05868266878e-10, 8.61542365227e-11, 8.01650204552e-11, 3.65430533056e-11, 5.18243677139e-11, 1.47435379877e-11, 1.92352678924e-11, 1.4350195511e-11, 4.53820522828e-11, 6.43863989902e-11, 6.76413786094e-11],
        "dvar2": [4.09827262047e-05, 4.69195911137e-05, 1.96797896024e-06, 3.07862364934e-06, 3.26849601606e-07, 1.51813125626e-07, 6.68924684533e-08, 4.90071954573e-07, 6.49606704428e-07, 1.70439363956e-07, 6.96387516541e-08, 5.67051472444e-08, 2.77685181516e-08, 4.11241316556e-08, 1.03451167632e-08, 1.31388873115e-08, 1.06565591906e-08, 6.84198031564e-09, 5.64261259939e-09, 4.81970818811e-09, 3.13826475917e-09, 1.87527215978e-09, 1.70293357193e-09, 1.91900428881e-09, 1.47792533767e-09, 1.08502429264e-09, 1.01146979681e-09, 1.161040597e-09, 1.2862221288e-09, 5.86803161617e-10, 2.29554333875e-10, 2.18949802733e-10, 1.02595987261e-10, 1.50408810407e-10, 4.10433007025e-11, 5.55214867137e-11, 4.08458648848e-11, 1.31523916758e-10, 1.86531207147e-10, 1.97784469358e-10],
        "max": [0.0469063483179, 0.0471918731928, 0.0115652512759, 0.0177129302174, 0.00773432059214, 0.00603137724102, 0.00561115052551, 0.0097049633041, 0.00728972256184, 0.00528289284557, 0.00449991878122, 0.00392558798194, 0.00277605466545, 0.00460122805089, 0.00183354341425, 0.00127266475465, 0.00135260215029, 0.00064361927798, 0.00073199061444, 0.000611884403042, 0.000665738189127, 0.000611518451478, 0.000357336888555, 0.000319278915413, 0.000326406589011, 0.000306525500491, 0.000268097122898, 0.000193140367628, 0.000240206165472, 0.000167410835274, 0.00018242324586, 0.0001700308203, 7.53443455324e-05, 7.95086234575e-05, 3.81145255233e-05, 5.36256557098e-05, 4.21634940722e-05, 7.2065871791e-05, 8.52044977364e-05, 9.59272219916e-05],
        "mean": [0.00312993698753, 0.00244398531504, 0.000485689204652, 0.000451351632364, 0.000176734407432, 0.000138124640216, 0.000165541452589, 0.000317419879138, 0.000393869791878, 0.000192572420929, 0.000113700407383, 9.11374372663e-05, 7.83678478911e-05, 8.32878286019e-05, 5.78004437557e-05, 5.66769194847e-05, 5.17195876455e-05, 4.5274340664e-05, 4.23278797825e-05, 3.67169632227e-05, 2.97712267638e-05, 2.74349658866e-05, 2.39585569943e-05, 2.46430063271e-05, 1.95487118617e-05, 1.91355829884e-05, 1.53412238433e-05, 1.49353400047e-05, 1.25645265143e-05, 1.00583092717e-05, 7.14173029337e-06, 6.75241108183e-06, 5.09755682288e-06, 4.49242725153e-06, 3.82980397262e-06, 3.18356592288e-06, 2.75808861261e-06, 2.65644666797e-06, 2.29494366977e-06, 1.98823954634e-06],
        "median": [0.00145255727693, 0.000951316498686, 0.000225201030844, 0.000103475620563, 6.90395536367e-05, 6.21284270892e-05, 6.82003301335e-05, 9.53636481427e-05, 9.27217261051e-05, 5.59362269996e-05, 3.90898348996e-05, 3.35592121701e-05, 3.41533013852e-05, 4.11625551351e-05, 2.67978357442e-05, 2.39353339566e-05, 1.99467558559e-05, 1.91525432456e-05, 1.69473532878e-05, 1.47940127135e-05, 1.54201024998e-05, 1.31684255393e-05, 1.23792560771e-05, 1.37260158226e-05, 9.37940239965e-06, 9.56841176958e-06, 8.00716497906e-06, 7.52404275772e-06, 6.41959513814e-06, 4.94445203003e-06, 3.848878805e-06, 3.60205308425e-06, 2.73520254268e-06, 2.25546887123e-06, 1.90637661035e-06, 1.45159890508e-06, 1.20603510823e-06, 9.69889356384e-07, 7.79181675625e-07, 6.56137842725e-07],
        "min": [4.87399317344e-15, 1.71299623385e-15, 1.55537314324e-15, 6.69107218057e-16, 2.15275951409e-16, 4.72798332806e-16, 5.33875866929e-16, 1.33164458388e-16, 1.04943927859e-16, 1.66819142025e-16, 5.25062489113e-16, 5.94881085615e-16, 6.49148792479e-16, 9.60624406525e-16, 1.11891421794e-15, 6.88298178845e-16, 4.44731366703e-16, 4.19370088532e-16, 7.29925507159e-16, 1.17312136195e-15, 5.68281551153e-16, 5.35638118976e-16, 4.79265588177e-16, 1.72351934767e-16, 8.77695169368e-16, 6.01634373424e-16, 4.41768048407e-16, 4.012844528e-16, 1.71238033502e-15, 1.19240332584e-15, 8.31491692617e-16, 4.16831927835e-16, 4.51659990333e-16, 8.86318335348e-16, 7.98118276858e-16, 4.20320141861e-16, 1.05638645753e-15, 1.00172477447e-15, 6.48043467423e-16, 5.80405345486e-16],
        "var": [3.14358185278e-05, 2.44009697781e-05, 6.85827330926e-07, 1.89520835647e-06, 1.39316753689e-07, 9.65370077211e-08, 1.04436438164e-07, 4.91689036153e-07, 6.98180258496e-07, 1.96335633973e-07, 7.03582117012e-08, 4.99302608148e-08, 2.41768258746e-08, 2.71589080114e-08, 8.3600628642e-09, 8.42057890083e-09, 7.15188086531e-09, 4.6134918108e-09, 4.23904511493e-09, 3.49049100734e-09, 1.93628602041e-09, 1.48977907788e-09, 1.07654118953e-09, 9.80012404561e-10, 8.07239664002e-10, 6.70666078229e-10, 4.70170791189e-10, 4.30997626477e-10, 4.13313605563e-10, 2.14020259848e-10, 1.09910074098e-10, 1.05397558736e-10, 4.93694113368e-11, 4.75503005026e-11, 2.4367121168e-11, 2.24731327297e-11, 1.64040413198e-11, 3.15059506262e-11, 3.95235059958e-11, 3.94873300724e-11]
    },
    "mfcc": {
        "mean": [-656.658203125, 103.835159302, -2.61054801941, 11.0587587357, -5.76380205154, 2.12690806389, 0.669283390045, 3.52830553055, 1.23156797886, 5.15008735657, 4.58023834229, 5.59189939499, 2.4917345047],
        "cov": [[16825.3847656, -2967.27001953, -41.7346305847, 2622.18359375, 2021.11010742, 1486.39978027, 1185.26147461, 1145.60107422, 1234.00854492, 1107.57312012, 502.296142578, 234.244720459, 40.8598556519], [-2967.27001953, 1743.21826172, 222.209320068, -192.96194458, 25.3558006287, 7.07406330109, 22.6850318909, -111.534896851, -114.05316925, -51.9914474487, -7.14690113068, -11.3459634781, 21.8947849274], [-41.7346305847, 222.209320068, 741.605712891, 92.0874099731, 211.780517578, 130.018600464, 90.9706420898, 8.26189041138, 7.4067325592, 10.112285614, 11.7033853531, 9.66150379181, 21.0913944244], [2622.18359375, -192.96194458, 92.0874099731, 868.729431152, 521.139221191, 415.585540771, 300.867218018, 250.071014404, 265.624023438, 208.04510498, 77.7661132812, 33.3402442932, 5.48432826996], [2021.11010742, 25.3558006287, 211.780517578, 521.139221191, 664.885375977, 390.826782227, 316.628295898, 221.137786865, 236.607528687, 218.005249023, 104.101821899, 34.6861534119, 22.5014781952], [1486.39978027, 7.07406330109, 130.018600464, 415.585540771, 390.826782227, 400.221343994, 256.146331787, 189.160461426, 183.144104004, 185.776245117, 94.6167678833, 33.2613677979, 16.2775688171], [1185.26147461, 22.6850318909, 90.9706420898, 300.867218018, 316.628295898, 256.146331787, 319.572357178, 172.190750122, 173.643356323, 171.315887451, 109.067977905, 51.7815093994, 24.097448349], [1145.60107422, -111.534896851, 8.26189041138, 250.071014404, 221.137786865, 189.160461426, 172.190750122, 203.24621582, 153.036743164, 132.458450317, 73.5199356079, 34.9906692505, 14.7614564896], [1234.00854492, -114.05316925, 7.4067325592, 265.624023438, 236.607528687, 183.144104004, 173.643356323, 153.036743164, 215.135818481, 160.148773193, 86.6032714844, 39.144317627, 20.0975971222], [1107.57312012, -51.9914474487, 10.112285614, 208.04510498, 218.005249023, 185.776245117, 171.315887451, 132.458450317, 160.148773193, 235.679443359, 120.825965881, 67.4670181274, 28.3886890411], [502.296142578, -7.14690113068, 11.7033853531, 77.7661132812, 104.101821899, 94.6167678833, 109.067977905, 73.5199356079, 86.6032714844, 120.825965881, 152.83833313, 68.3203430176, 39.8948249817], [234.244720459, -11.3459634781, 9.66150379181, 33.3402442932, 34.6861534119, 33.2613677979, 51.7815093994, 34.9906692505, 39.144317627, 67.4670181274, 68.3203430176, 111.261375427, 50.4537086487], [40.8598556519, 21.8947849274, 21.0913944244, 5.48432826996, 22.5014781952, 16.2775688171, 24.097448349, 14.7614564896, 20.0975971222, 28.3886890411, 39.8948249817, 50.4537086487, 90.9849090576]],
