{
"lowlevel": {
    "average_loudness": 0.931399345398,
    "barkbands_crest": {
        "dmean": 4.29065752029,
        "dmean2": 6.89441823959,
        "dvar": 13.8928365707,
        "dvar2": 34.8300971985,
        "max": 26.3558921814,
        "mean": 13.0431041718,
        "median": 12.6151447296,
        "min": 1.72679829597,
        "var": 36.7013168335
    },
    "barkbands_flatness_db": {
        "dmean": 0.0386266410351,
        "dmean2": 0.0613247230649,
        "dvar": 0.00141607725527,
        "dvar2": 0.00345171312802,
        "max": 0.447363913059,
        "mean": 0.107446528971,
        "median": 0.0931177809834,
        "min": 0.0106829432771,
        "var": 0.00399439921603
    },
    "barkbands_kurtosis": {
        "dmean": 7.40914440155,
        "dmean2": 12.1380157471,
        "dvar": 319.013244629,
        "dvar2": 814.26361084,
        "max": 340.820983887,
        "mean": 7.36111164093,
        "median": 2.01963758469,
        "min": -1.88772988319,
        "var": 336.429931641
    },
    "barkbands_skewness": {
        "dmean": 1.02242839336,
        "dmean2": 1.64286136627,
        "dvar": 1.53526997566,
        "dvar2": 3.65515780449,
        "max": 17.8177833557,
        "mean": 2.08782577515,
        "median": 1.67489993572,
        "min": -1.90501451492,
        "var": 3.10910773277
    },
    "barkbands_spread": {
        "dmean": 12.691532135,
        "dmean2": 20.33228302,
        "dvar": 167.03515625,
        "dvar2": 396.80380249,
        "max": 104.649871826,
        "mean": 33.8858299255,
        "median": 31.6415157318,
        "min": 0.750184059143,
        "var": 384.200134277
    },
    "dissonance": {
        "dmean": 0.0152391614392,
        "dmean2": 0.0257745217532,
        "dvar": 0.000276005477645,
        "dvar2": 0.000733190332539,
        "max": 0.500000059605,
        "mean": 0.476793527603,
        "median": 0.482084333897,
        "min": 0.256647020578,
        "var": 0.000499784015119
    },
    "dynamic_complexity": 4.29210186005,
    "erbbands_crest": {
        "dmean": 1.97102594376,
        "dmean2": 3.32745146751,
        "dvar": 4.11689186096,
        "dvar2": 10.337231636,
        "max": 30.5998191833,
        "mean": 5.70559215546,
        "median": 4.85228157043,
        "min": 1.89933860302,
        "var": 8.82826042175
    },
    "erbbands_flatness_db": {
        "dmean": 0.0134324803948,
        "dmean2": 0.0218994468451,
        "dvar": 0.000228333534324,
        "dvar2": 0.000576670339797,
        "max": 0.481865376234,
        "mean": 0.0976362898946,
        "median": 0.0807151049376,
        "min": 0.0360226854682,
        "var": 0.00249199313112
    },
    "erbbands_kurtosis": {
        "dmean": 0.557751357555,
        "dmean2": 0.911125957966,
        "dvar": 1.96047139168,
        "dvar2": 4.80105018616,
        "max": 56.5326461792,
        "mean": -0.27788874507,
        "median": -0.567369699478,
        "min": -1.69554948807,
        "var": 2.57907176018
    },
    "erbbands_skewness": {
        "dmean": 0.317066669464,
        "dmean2": 0.51424652338,
        "dvar": 0.0993852987885,
        "dvar2": 0.236091390252,
        "max": 5.95562171936,
        "mean": 0.142255112529,
        "median": 0.125766649842,
        "min": -2.39681482315,
        "var": 0.308059543371
    },
    "erbbands_spread": {
        "dmean": 10.1108932495,
        "dmean2": 16.2551937103,
        "dvar": 104.242248535,
        "dvar2": 248.739517212,
        "max": 151.346755981,
        "mean": 56.4330024719,
        "median": 57.1498222351,
        "min": 1.79905736446,
        "var": 395.538482666
    },
    "hfc": {
        "dmean": 19.9106864929,
        "dmean2": 31.0006923676,
        "dvar": 728.542114258,
        "dvar2": 1771.1998291,
        "max": 263.997924805,
        "mean": 38.0236740112,
        "median": 29.7287998199,
        "min": 1.12618668401e-16,
        "var": 1225.56774902
    },
    "melbands_crest": {
        "dmean": 4.78104543686,
        "dmean2": 7.96931362152,
        "dvar": 19.6655521393,
        "dvar2": 54.5289344788,
        "max": 36.8869934082,
        "mean": 19.1276855469,
        "median": 19.929063797,
        "min": 1.57852458954,
        "var": 47.3712348938
    },
    "melbands_flatness_db": {
        "dmean": 0.0479866154492,
        "dmean2": 0.0757822617888,
        "dvar": 0.00215714308433,
        "dvar2": 0.00526656862348,
        "max": 0.530051887035,
        "mean": 0.187310680747,
        "median": 0.178090676665,
        "min": 0.00219793524593,
        "var": 0.00625015655532
    },
    "melbands_kurtosis": {
        "dmean": 23.0940341949,
        "dmean2": 37.7835960388,
        "dvar": 2505.76220703,
        "dvar2": 5908.55517578,
        "max": 870.330200195,
        "mean": 32.3922386169,
        "median": 15.3115310669,
        "min": -1.49099946022,
        "var": 3494.90771484
    },
    "melbands_skewness": {
        "dmean": 1.47829794884,
        "dmean2": 2.41585111618,
        "dvar": 2.85561442375,
        "dvar2": 6.75217628479,
        "max": 20.0670108795,
        "mean": 4.13027954102,
        "median": 3.54734587669,
        "min": -1.56265223026,
        "var": 7.20423412323
    },
    "melbands_spread": {
        "dmean": 11.6776542664,
        "dmean2": 19.4382896423,
        "dvar": 167.354034424,
        "dvar2": 426.169128418,
        "max": 156.128189087,
        "mean": 24.1997699738,
        "median": 19.4833927155,
        "min": 0.47390833497,
        "var": 331.495513916
    },
    "pitch_salience": {
        "dmean": 0.125651523471,
        "dmean2": 0.208026647568,
        "dvar": 0.0121131362393,
        "dvar2": 0.0315213054419,
        "max": 0.961843371391,
        "mean": 0.468173354864,
        "median": 0.469014137983,
        "min": 0.0488396845758,
        "var": 0.0290207080543
    },
    "silence_rate_20dB": {
        "dmean": 0,
        "dmean2": 0,
        "dvar": 0,
        "dvar2": 0,
        "max": 1,
        "mean": 1,
        "median": 1,
        "min": 1,
        "var": 0
    },
    "silence_rate_30dB": {
        "dmean": 0.0202352125198,
        "dmean2": 0.0404739268124,
        "dvar": 0.0198275987059,
        "dvar2": 0.0556199327111,
        "max": 1,
        "mean": 0.987635135651,
        "median": 1,
        "min": 0,
        "var": 0.012211766094
    },
    "silence_rate_60dB": {
        "dmean": 0.0233483221382,
        "dmean2": 0.0467006824911,
        "dvar": 0.0228026881814,
        "dvar2": 0.0526489205658,
        "max": 1,
        "mean": 0.111197575927,
        "median": 0,
        "min": 0,
        "var": 0.0988321453333
    },
    "spectral_centroid": {
        "dmean": 421.482788086,
        "dmean2": 661.973815918,
        "dvar": 170972.53125,
        "dvar2": 395318.375,
        "max": 10924.7363281,
        "mean": 1708.96459961,
        "median": 1723.27661133,
        "min": 174.099273682,
        "var": 486698.4375
    },
    "spectral_complexity": {
        "dmean": 6.90089941025,
        "dmean2": 10.672662735,
        "dvar": 48.1111221313,
        "dvar2": 106.906661987,
        "max": 60,
        "mean": 23.3719844818,
        "median": 23,
        "min": 0,
        "var": 192.25592041
    },
    "spectral_decrease": {
        "dmean": 3.54623996834e-09,
        "dmean2": 5.67307090193e-09,
        "dvar": 2.14016936194e-17,
        "dvar2": 5.52246754241e-17,
        "max": -1.22650236466e-28,
        "mean": -1.00007380155e-08,
        "median": -9.56609369496e-09,
        "min": -4.80056598917e-08,
        "var": 6.60878862075e-17
    },
    "spectral_energy": {
        "dmean": 0.0139208622277,
        "dmean2": 0.0219190064818,
        "dvar": 0.000308694900014,
        "dvar2": 0.000782019691542,
        "max": 0.187675133348,
        "mean": 0.041193831712,
        "median": 0.0398578904569,
        "min": 1.06777530256e-20,
        "var": 0.00103013857733
    },
    "spectral_energyband_high": {
        "dmean": 0.00182382052299,
        "dmean2": 0.0029021545779,
        "dvar": 6.4518999352e-06,
        "dvar2": 1.58630246005e-05,
        "max": 0.0219761840999,
        "mean": 0.00304292258807,
        "median": 0.00206057541072,
        "min": 7.62491292022e-21,
        "var": 1.03219708762e-05
    },
    "spectral_energyband_low": {
        "dmean": 0.0119874477386,
        "dmean2": 0.0190935339779,
        "dvar": 0.000274222547887,
        "dvar2": 0.000614593853243,
        "max": 0.127206861973,
        "mean": 0.0263487286866,
        "median": 0.0210183057934,
        "min": 3.38859335469e-23,
        "var": 0.000731244799681
    },
    "spectral_energyband_middle_high": {
        "dmean": 0.0022050649859,
        "dmean2": 0.00370789272711,
        "dvar": 9.64512673818e-06,
        "dvar2": 2.56508974417e-05,
        "max": 0.0380245409906,
        "mean": 0.00434162607417,
        "median": 0.00362829049118,
        "min": 1.89280512435e-21,
        "var": 1.43450961332e-05
    },
    "spectral_energyband_middle_low": {
        "dmean": 0.00835637096316,
        "dmean2": 0.0141596524045,
        "dvar": 0.000339579215506,
        "dvar2": 0.000881270621903,
        "max": 0.154959201813,
        "mean": 0.0092486999929,
        "median": 0.00478569883853,
        "min": 3.33882386774e-22,
        "var": 0.000268187839538
    },
    "spectral_entropy": {
        "dmean": 0.193502828479,
        "dmean2": 0.308105677366,
        "dvar": 0.0511818937957,
        "dvar2": 0.127642899752,
        "max": 9.79167366028,
        "mean": 8.0627117157,
        "median": 8.19842338562,
        "min": 4.99839448929,
        "var": 0.208081692457
    },
    "spectral_flux": {
        "dmean": 0.044581361115,
        "dmean2": 0.0668191090226,
        "dvar": 0.00192541384604,
        "dvar2": 0.00361941475421,
        "max": 0.396083503962,
        "mean": 0.11807949096,
        "median": 0.102176688612,
        "min": 1.03333216983e-10,
        "var": 0.00603191554546
    },
    "spectral_kurtosis": {
        "dmean": 1.06860768795,
        "dmean2": 1.79264783859,
        "dvar": 10.0150203705,
        "dvar2": 29.5786800385,
        "max": 91.3680877686,
        "mean": 3.06545639038,
        "median": 2.10867404938,
        "min": -1.18865191936,
        "var": 26.1514911652
    },
    "spectral_rms": {
        "dmean": 0.00103243486956,
        "dmean2": 0.00158832420129,
        "dvar": 1.27948555928e-06,
        "dvar2": 2.96540133604e-06,
        "max": 0.0135313598439,
        "mean": 0.00566744664684,
        "median": 0.00623584399,
        "min": 3.22758725128e-12,
        "var": 8.06918251328e-06
    },
    "spectral_rolloff": {
        "dmean": 1328.70507812,
        "dmean2": 2269.68041992,
        "dvar": 3003438.5,
        "dvar2": 7308965.5,
        "max": 18281.6894531,
        "mean": 1938.14526367,
        "median": 1098.19335938,
        "min": 21.533203125,
        "var": 4481126
    },
    "spectral_skewness": {
        "dmean": 0.159178480506,
        "dmean2": 0.257061004639,
        "dvar": 0.070354141295,
        "dvar2": 0.197007164359,
        "max": 7.35167694092,
        "mean": 1.37888026237,
        "median": 1.30523061752,
        "min": 0.000389962864574,
        "var": 0.216566860676
    },
    "spectral_spread": {
        "dmean": 617319.3125,
        "dmean2": 956388.25,
        "dvar": 475084881920,
        "dvar2": 919700307968,
        "max": 40589012,
        "mean": 6789154,
        "median": 7064720,
        "min": 689988.9375,
        "var": 3.05223827456e+12
    },
    "spectral_strongpeak": {
        "dmean": 0.274164289236,
        "dmean2": 0.471669524908,
        "dvar": 0.125488623977,
        "dvar2": 0.341376125813,
        "max": 5.75647878647,
        "mean": 0.502303600311,
        "median": 0.430300474167,
        "min": 0,
        "var": 0.158874467015
    },
    "zerocrossingrate": {
        "dmean": 0.0205260962248,
        "dmean2": 0.0257475357503,
        "dvar": 0.000339855410857,
        "dvar2": 0.000499554036651,
        "max": 0.59130859375,
        "mean": 0.0799121111631,
        "median": 0.07421875,
        "min": 0.00146484375,
        "var": 0.00211662426591
    },
    "barkbands": {
        "dmean": [0.000351967377355, 0.0112214917317, 0.0058870613575, 0.00423536868766, 0.00313720176928, 0.000452531588962, 0.00101703847758, 0.00101005122997, 0.000625705055427, 0.000387796695577, 0.000433716835687, 0.000419608812081, 0.00039923391887, 0.000304560759105, 0.000310871313559, 0.000271228287602, 0.000251607008977, 0.000221249676542, 0.000235002968111, 0.00024608935928, 0.000289298419375, 0.000250622368185, 0.00025319706765, 0.000359423254849, 0.000345657987054, 0.000280459149508, 5.95254896325e-05],
        "dmean2": [0.000564443878829, 0.0167070087045, 0.00935939792544, 0.0076054725796, 0.00585920875892, 0.00080669199815, 0.00168079324067, 0.00168566300999, 0.00106501579285, 0.000663714949042, 0.000755082583055, 0.000721430813428, 0.000688629981596, 0.000520228990354, 0.000545253744349, 0.000457838817965, 0.000433726469055, 0.000366230204236, 0.000397849216824, 0.000412878551288, 0.000484691961901, 0.000411050918046, 0.000408523599617, 0.000591895135585, 0.00054414808983, 0.000435185967945, 9.67066443991e-05],
        "dvar": [3.91625974316e-07, 0.000288791052299, 0.000109001899546, 0.00013719459821, 9.38115481404e-05, 8.70923372531e-07, 2.793404974e-06, 2.19848880079e-06, 1.08984636427e-06, 4.01765390734e-07, 4.39630071014e-07, 3.66134997876e-07, 4.75119207977e-07, 1.82866259024e-07, 2.90411918513e-07, 1.3668862664e-07, 1.65052952639e-07, 9.38428996733e-08, 1.15727722516e-07, 1.1748826978e-07, 1.44279198366e-07, 1.17985429426e-07, 1.28682728473e-07, 3.17502042435e-07, 2.72774542509e-07, 1.55881352271e-07, 8.71004690595e-09],
        "dvar2": [8.12395342109e-07, 0.000577160913963, 0.000246698822593, 0.000379689998226, 0.000266436341917, 2.46221543421e-06, 7.09974619895e-06, 5.71440841668e-06, 2.97362066703e-06, 1.08380390884e-06, 1.1919668168e-06, 9.6131520877e-07, 1.30673595322e-06, 4.88920534281e-07, 8.00816621904e-07, 3.61090229717e-07, 4.54049910559e-07, 2.45319625947e-07, 3.07475119143e-07, 3.01053574958e-07, 3.76275835379e-07, 3.00139873843e-07, 3.19549485539e-07, 8.04082958439e-07, 6.57057739772e-07, 3.68973047671e-07, 2.12515445241e-08],
        "max": [0.00807891786098, 0.115256667137, 0.0834019929171, 0.099763572216, 0.100241936743, 0.0160071831197, 0.0249164979905, 0.0207388699055, 0.0118666673079, 0.0116474125534, 0.00904864631593, 0.00972180254757, 0.0127299893647, 0.00406431872398, 0.00580044742674, 0.00531777925789, 0.00628169858828, 0.00525323487818, 0.00329039711505, 0.00411899527535, 0.00389408762567, 0.00376715464517, 0.00549295125529, 0.00555382017046, 0.00496689649299, 0.00340922293253, 0.000772114959545],
        "mean": [0.000466639030492, 0.0174083281308, 0.00675693480298, 0.00315434066579, 0.0023283327464, 0.00051455484936, 0.0012823343277, 0.00111542164814, 0.000734002154786, 0.000502155395225, 0.000518019369338, 0.000540790264495, 0.000500960217323, 0.000388071319321, 0.000374760769773, 0.000380409852369, 0.00033188611269, 0.000349376758095, 0.000336803903338, 0.000378411496058, 0.000460001407191, 0.000422517507104, 0.000416896800743, 0.000532327278052, 0.000531901954673, 0.000400884688133, 6.69239889248e-05],
        "median": [0.000112236848508, 0.00494754081592, 0.00120965705719, 0.0007377853035, 0.000602496555075, 0.000260759697994, 0.00059981882805, 0.000534636550583, 0.000335091317538, 0.000260612956481, 0.000254606100498, 0.000321118714055, 0.000286909315037, 0.000240195033257, 0.000205128075322, 0.000255533319432, 0.000196599226911, 0.000235862476984, 0.000217412831262, 0.000245424773311, 0.000310824922053, 0.000286952796159, 0.000261749315541, 0.000309582217596, 0.000328748748871, 0.000244552822551, 2.66529259534e-05],
        "min": [1.96279763489e-23, 8.30832486342e-24, 8.11237260342e-24, 1.37866364729e-23, 2.95900778915e-23, 6.33169739245e-23, 2.14159706114e-23, 6.09958232861e-23, 6.87544659264e-23, 2.06009838952e-22, 3.43764314805e-23, 1.2106111887e-22, 1.14699555204e-22, 1.79451113705e-22, 2.05208987361e-22, 1.62239430931e-22, 2.65627187759e-22, 1.82764241155e-22, 3.08390517016e-22, 2.8734822666e-22, 3.41287405159e-22, 5.23986101439e-22, 7.9338586186e-22, 8.99634343876e-22, 1.22400213412e-21, 1.72107225099e-21, 2.1984287717e-21],
        "var": [7.19837430552e-07, 0.000588781549595, 0.000125997816212, 8.8154556579e-05, 5.58466672373e-05, 6.98450776326e-07, 3.46480760527e-06, 2.3692709874e-06, 1.25099916204e-06, 5.40952100891e-07, 5.26060830452e-07, 4.38968925209e-07, 4.87294244067e-07, 2.2097826502e-07, 2.90458217478e-07, 1.89787741078e-07, 1.76918575789e-07, 1.54009342168e-07, 1.45980166621e-07, 1.73048405827e-07, 2.31783758409e-07, 2.00480613444e-07, 2.22979338105e-07, 4.27711285056e-07, 4.06704430134e-07, 2.1408345674e-07, 9.44529432445e-09]
    },
    "erbbands": {
        "dmean": [0.334499776363, 2.56823754311, 4.90105247498, 11.0001544952, 14.1689777374, 9.04211044312, 4.29440402985, 4.19083309174, 11.4132070541, 17.3966903687, 20.0635700226, 14.3726825714, 12.3631381989, 14.6934089661, 16.8524951935, 14.7326631546, 17.9826393127, 13.380695343, 15.6585159302, 14.8004903793, 14.8398246765, 13.6170892715, 12.867430687, 12.537153244, 10.1009788513, 11.58934021, 13.5283098221, 10.2236146927, 9.42112922668, 7.94248771667, 7.23518753052, 6.60541820526, 6.34395742416, 4.25252008438, 2.37321448326, 1.14767408371, 0.542741179466, 0.139890596271, 0.00864603929222, 0.000150021412992],
        "dmean2": [0.470079630613, 3.82428264618, 7.58647584915, 18.5013599396, 26.1609687805, 16.9817390442, 7.97088575363, 7.27812576294, 18.9006347656, 28.4396324158, 33.9439697266, 24.3600463867, 21.2744064331, 25.2762966156, 28.9709815979, 25.3676795959, 30.9597187042, 22.7229614258, 26.9965629578, 25.7461681366, 24.985874176, 23.2975444794, 21.4580192566, 21.1876907349, 16.7310028076, 19.4987068176, 23.100566864, 16.8236179352, 15.5169868469, 12.9148674011, 11.6472654343, 10.7757978439, 10.4119920731, 6.85376596451, 3.75299215317, 1.804074049, 0.848072707653, 0.223349362612, 0.0138017972931, 0.000234754974372],
        "dvar": [0.221532642841, 17.9767341614, 61.9445648193, 651.774230957, 1771.23986816, 792.21496582, 165.504318237, 70.837097168, 424.344116211, 589.537109375, 909.772888184, 589.097290039, 431.973022461, 542.747253418, 665.269592285, 454.917541504, 1005.56347656, 362.848236084, 543.801269531, 537.931335449, 438.387573242, 482.884155273, 351.50491333, 379.199035645, 180.668914795, 272.462005615, 351.814697266, 188.756622314, 166.404815674, 113.14641571, 113.109931946, 101.392730713, 99.5899963379, 43.1650390625, 13.2187461853, 2.73608183861, 0.595603168011, 0.0434281937778, 0.000168670041603, 4.70865053614e-08],
        "dvar2": [0.399281054735, 36.9204444885, 113.681159973, 1667.64990234, 4999.65283203, 2285.65917969, 476.378662109, 195.337081909, 1087.18078613, 1488.04931641, 2403.62353516, 1591.9609375, 1179.95092773, 1464.90063477, 1750.98156738, 1210.28173828, 2772.33422852, 979.860595703, 1489.84765625, 1494.49243164, 1149.73400879, 1324.31762695, 941.264648438, 1007.86895752, 460.90625, 707.530456543, 922.960571289, 497.20803833, 429.952728271, 279.752044678, 281.94909668, 255.344161987, 252.629165649, 105.857414246, 31.6251182556, 6.54111623764, 1.42643785477, 0.105145171285, 0.000400303979404, 1.1040850012e-07],
        "max": [5.20209598541, 29.3528671265, 66.6424560547, 221.640380859, 342.113952637, 318.968292236, 201.892150879, 162.283340454, 348.785583496, 276.312835693, 374.451660156, 320.966949463, 352.524658203, 394.871795654, 360.596466064, 373.752471924, 587.280395508, 210.947067261, 262.956085205, 223.898712158, 360.541931152, 431.073852539, 360.672729492, 223.449371338, 148.648544312, 182.295623779, 173.524139404, 196.013946533, 137.836029053, 123.587440491, 159.540603638, 124.001274109, 104.50226593, 57.2999649048, 35.390953064, 15.8154573441, 7.9349861145, 1.90975916386, 0.115225233138, 0.00191074504983],
        "mean": [0.542705476284, 3.76307320595, 7.24750137329, 10.3501996994, 10.1741046906, 6.84154319763, 3.68599796295, 5.22489786148, 14.2427883148, 22.3332462311, 22.4427452087, 17.428937912, 15.5496606827, 20.1473884583, 21.1115875244, 20.3207931519, 23.4094734192, 18.7388706207, 20.6066818237, 19.6466674805, 21.5797843933, 19.2708091736, 19.9284477234, 18.0968704224, 15.8890953064, 17.6860294342, 19.2638435364, 17.1834030151, 15.4214496613, 13.5386972427, 11.6192569733, 10.6331691742, 8.98242473602, 6.43357658386, 3.50904130936, 1.73160600662, 0.731405854225, 0.170829877257, 0.0103161549196, 0.000230523393839],
        "median": [0.100646980107, 1.37055969238, 2.15562582016, 2.17598009109, 1.99343657494, 1.77267932892, 1.54007267952, 2.62977361679, 6.25991392136, 12.7096471786, 11.1747579575, 8.19443130493, 8.389503479, 10.8270111084, 11.5790681839, 13.1273508072, 14.3498382568, 12.6900167465, 13.4280738831, 12.7460870743, 15.2269830704, 12.0419225693, 13.2983074188, 11.6776342392, 10.63555336, 11.3921575546, 12.2126617432, 11.6168212891, 10.3611497879, 8.96887683868, 7.21506547928, 6.20523643494, 5.20411062241, 3.82136082649, 2.21073651314, 1.13138318062, 0.418485432863, 0.0833773910999, 0.00436930404976, 0.000153057466378],
        "min": [2.87188838892e-22, 1.72007987659e-21, 7.62669168165e-21, 3.70259871605e-20, 2.97194588045e-20, 1.61050992514e-19, 3.54769492918e-19, 4.05288876745e-19, 2.72817685253e-19, 6.49478952522e-19, 1.55605918451e-18, 2.09106068295e-18, 5.34984024252e-18, 3.63624461375e-18, 2.10860249541e-18, 5.57797913701e-18, 5.89132797434e-18, 1.00340077143e-17, 6.8795461765e-18, 1.31905793898e-17, 8.25993939246e-18, 1.42765633093e-17, 9.94638860789e-18, 1.17925068426e-17, 1.79733476177e-17, 1.33562835188e-17, 1.49828944887e-17, 1.31361409793e-17, 1.45440371235e-17, 2.42168671766e-17, 2.02153329869e-17, 1.74705541542e-17, 1.68857192632e-17, 1.24977659959e-17, 8.94577799939e-18, 6.14959899059e-18, 3.07514318884e-18, 1.41961905119e-18, 2.86788119564e-19, 3.17200468148e-20],
        "var": [0.620166659355, 30.063337326, 99.7276382446, 515.677856445, 1073.07104492, 460.627624512, 97.1921768188, 66.6370697021, 489.788330078, 750.847717285, 927.179077148, 700.433776855, 490.729949951, 745.411865234, 754.042053223, 547.138244629, 1014.58850098, 427.589782715, 599.120056152, 560.197875977, 585.751464844, 548.579528809, 520.807373047, 452.256866455, 296.661743164, 390.934356689, 450.174804688, 342.031829834, 270.265441895, 211.720550537, 182.59286499, 159.286437988, 126.9895401, 62.2445678711, 18.34400177, 3.88586211205, 0.767880618572, 0.0499508939683, 0.000201032817131, 6.36569765788e-08]
    },
    "gfcc": {
        "mean": [12.5080270767, 46.9453887939, -90.390296936, 29.0987091064, -48.6413002014, 25.1939334869, -27.8573722839, 18.7037944794, -18.6426925659, 12.1550922394, -18.1336631775, 2.93218684196, -18.5403995514],
        "cov": [[30997.875, -4522.66503906, 1447.43591309, 911.160766602, -394.898040771, 912.404968262, -562.153869629, 723.753479004, -753.348754883, 494.041259766, -736.896240234, 400.216705322, -663.81262207], [-4522.66503906, 1784.13061523, -407.116485596, -109.257072449, 225.280532837, -257.033874512, 174.832366943, -195.278930664, 175.676727295, -153.030166626, 152.024856567, -128.040100098, 118.133758545], [1447.43591309, -407.116485596, 771.15826416, 214.742385864, 78.1796875, 181.30229187, -44.6938705444, 75.3038406372, -113.69896698, 19.7532444, -84.8564605713, 44.5631332397, -38.2564048767], [911.160766602, -109.257072449, 214.742385864, 305.24798584, 95.3531951904, 136.573028564, 19.9519386292, 43.7256965637, -17.1478424072, 13.6194868088, -12.6630163193, 13.5486183167, 5.01644706726], [-394.898040771, 225.280532837, 78.1796875, 95.3531951904, 205.638397217, 61.0010147095, 78.8841094971, -7.41209030151, 39.5648956299, -12.4854288101, 24.6524906158, 1.11586809158, 31.4938621521], [912.404968262, -257.033874512, 181.30229187, 136.573028564, 61.0010147095, 206.545013428, 45.6857528687, 99.3306274414, -0.860945224762, 46.5749130249, -9.59742927551, 49.8016052246, 9.15275764465], [-562.153869629, 174.832366943, -44.6938705444, 19.9519386292, 78.8841094971, 45.6857528687, 149.738510132, 67.7111587524, 86.4829406738, 17.4784240723, 61.3198432922, 14.0287246704, 47.7278442383], [723.753479004, -195.278930664, 75.3038406372, 43.7256965637, -7.41209030151, 99.3306274414, 67.7111587524, 151.700805664, 53.9605407715, 69.0839004517, 20.8916778564, 48.7064590454, 6.24785089493], [-753.348754883, 175.676727295, -113.69896698, -17.1478424072, 39.5648956299, -0.860945224762, 86.4829406738, 53.9605407715, 138.887512207, 54.0007286072, 79.3353805542, 7.33069896698, 38.459487915], [494.041259766, -153.030166626, 19.7532444, 13.6194868088, -12.4854288101, 46.5749130249, 17.4784240723, 69.0839004517, 54.0007286072, 103.366645813, 44.4935798645, 39.5169830322, -1.45356500149], [-736.896240234, 152.024856567, -84.8564605713, -12.6630163193, 24.6524906158, -9.59742927551, 61.3198432922, 20.8916778564, 79.3353805542, 44.4935798645, 108.458122253, 31.536781311, 38.3385734558], [400.216705322, -128.040100098, 44.5631332397, 13.5486183167, 1.11586809158, 49.8016052246, 14.0287246704, 48.7064590454, 7.33069896698, 39.5169830322, 31.536781311, 85.4576644897, 34.1344680786], [-663.81262207, 118.133758545, -38.2564048767, 5.01644706726, 31.4938621521, 9.15275764465, 47.7278442383, 6.24785089493, 38.459487915, -1.45356500149, 38.3385734558, 34.1344680786, 94.8538970947]],
        "icov": [[8.96611236385e-05, 3.44776381098e-05, 0.00011945393635, -0.000228851276916, -0.000103679383756, 0.000125293401652, -4.41379370386e-06, -0.000329176720697, 0.000433211738709, -0.000521249487065, 0.00060984864831, -0.000470628961921, 0.000430283602327], [3.44776381098e-05, 0.00174077996053, 3.78641052521e-05, -5.9139169025e-05, -0.00123669952154, 0.00132740032859, -0.000828997173812, 0.000843265326694, -0.0012647974072, 0.0020934259519, -0.00159417442046, 0.00127662869636, -0.000534385268111], [0.00011945393635, 3.78641052521e-05, 0.00255328416824, -0.000959462428, -0.00172135396861, -0.000138824500027, 0.00114321522415, -0.00242749066092, 0.00307269208133, -0.00147482135799, 0.00120056373999, -0.000608873378951, 0.000504338007886], [-0.000228851276916, -5.9139169025e-05, -0.000959462428, 0.00628738617525, -0.0018107277574, -0.00333127542399, 0.00164358562324, -0.000339818361681, 0.000128184139612, 0.00144679751247, -0.00323957810178, 0.0037727416493, -0.00220744824037], [-0.000103679383756, -0.00123669952154, -0.00172135396861, -0.0018107277574, 0.0120167192072, -0.00405381899327, -0.0062156803906, 0.00839472748339, -0.00544642657042, 0.00116522843018, 0.00212495168671, -0.00329408491962, 0.00174479233101], [0.000125293401652, 0.00132740032859, -0.000138824500027, -0.00333127542399, -0.00405381899327, 0.0141646265984, -0.00267995125614, -0.0056280833669, 0.00340673793107, -0.0030342976097, 0.00293849781156, -0.00221493816935, -0.000776209461037], [-4.41379370386e-06, -0.000828997173812, 0.00114321522415, 0.00164358562324, -0.0062156803906, -0.00267995125614, 0.0222505684942, -0.0132213616744, -0.00156373064965, 0.00585061591119, -0.00786159094423, 0.0056832022965, -0.00477086659521], [-0.000329176720697, 0.000843265326694, -0.00242749066092, -0.000339818361681, 0.00839472748339, -0.0056280833669, -0.0132213616744, 0.0276342444122, -0.0129687534645, -0.0018061818555, 0.00547187170014, -0.00802611932158, 0.00418053660542], [0.000433211738709, -0.0012647974072, 0.00307269208133, 0.000128184139612, -0.00544642657042, 0.00340673793107, -0.00156373064965, -0.0129687534645, 0.0308478809893, -0.0149113181978, -0.00512744905427, 0.00818588398397, -0.00464933831245], [-0.000521249487065, 0.0020934259519, -0.00147482135799, 0.00144679751247, 0.00116522843018, -0.0030342976097, 0.00585061591119, -0.0018061818555, -0.0149113181978, 0.0311342254281, -0.0133448215201, -0.00126262230333, 0.00252582505345], [0.00060984864831, -0.00159417442046, 0.00120056373999, -0.00323957810178, 0.00212495168671, 0.00293849781156, -0.00786159094423, 0.00547187170014, -0.00512744905427, -0.0133448215201, 0.0316064506769, -0.0156788583845, 0.00425693858415], [-0.000470628961921, 0.00127662869636, -0.000608873378951, 0.0037727416493, -0.00329408491962, -0.00221493816935, 0.0056832022965, -0.00802611932158, 0.00818588398397, -0.00126262230333, -0.0156788583845, 0.0321401916444, -0.0149194682017], [0.000430283602327, -0.000534385268111, 0.000504338007886, -0.00220744824037, 0.00174479233101, -0.000776209461037, -0.00477086659521, 0.00418053660542, -0.00464933831245, 0.00252582505345, 0.00425693858415, -0.0149194682017, 0.0217324551195]]
    },
    "melbands": {
        "dmean": [0.00306831044145, 0.00248857634142, 0.0019616454374, 0.000828253629152, 0.000186727411347, 9.44620114751e-05, 0.000187617159099, 0.000202947136131, 0.000152018299559, 9.16546632652e-05, 6.27339250059e-05, 5.90721938352e-05, 5.49095530005e-05, 4.94763589813e-05, 3.85833955079e-05, 4.23745659646e-05, 2.53207035712e-05, 2.707047679e-05, 2.62384091911e-05, 1.94480981008e-05, 1.74612650881e-05, 1.4928767996e-05, 1.47678674693e-05, 9.48472916207e-06, 1.11318795462e-05, 8.47633509693e-06, 7.48094453229e-06, 8.36611434352e-06, 9.35420757742e-06, 6.96401957612e-06, 5.87370823268e-06, 5.8280693338e-06, 4.84660449729e-06, 4.60765522803e-06, 4.44820943812e-06, 3.8406992644e-06, 4.37545077148e-06, 4.75284468848e-06, 4.0854179133e-06, 3.55130600838e-06],
        "dmean2": [0.00447082333267, 0.00358353112824, 0.00327780446969, 0.00154779606964, 0.000349963986082, 0.000164166733157, 0.00030920986319, 0.000329828006215, 0.000257873092778, 0.000155719666509, 0.000107805128209, 0.000101259924122, 9.5007744676e-05, 8.48050622153e-05, 6.6164197051e-05, 7.34429049771e-05, 4.30868349213e-05, 4.68358994112e-05, 4.6394943638e-05, 3.33117204718e-05, 2.93910379696e-05, 2.56726289081e-05, 2.51695273619e-05, 1.57023405336e-05, 1.89567199413e-05, 1.43424767884e-05, 1.24819607663e-05, 1.42470034916e-05, 1.61059615493e-05, 1.16768360385e-05, 9.70254859567e-06, 9.76311275735e-06, 7.94082370703e-06, 7.58721353122e-06, 7.23368702893e-06, 6.19458842266e-06, 7.2535531217e-06, 7.94513653091e-06, 6.59714532958e-06, 5.82122038395e-06],
        "dvar": [1.94197818928e-05, 1.27090170281e-05, 2.16917487705e-05, 6.31375314697e-06, 3.41645261415e-07, 3.48914355186e-08, 1.03512178384e-07, 7.56122702228e-08, 5.31380486279e-08, 2.58400412179e-08, 1.15452900573e-08, 8.69933014513e-09, 7.02013425169e-09, 5.39587530213e-09, 4.11217371266e-09, 5.31797939018e-09, 1.25637444892e-09, 1.62254309988e-09, 2.19245333e-09, 7.7812495336e-10, 6.34085062234e-10, 5.9005805797e-10, 5.24431165161e-10, 1.70925287812e-10, 3.16741799455e-10, 1.40294054152e-10, 1.11462471197e-10, 1.5318492308e-10, 1.8124654555e-10, 8.17667045183e-11, 6.81628711807e-11, 6.72786756861e-11, 4.41583956901e-11, 3.86875982639e-11, 4.30921930084e-11, 3.15266805717e-11, 4.6955279942e-11, 5.72710316671e-11, 4.12035648656e-11, 3.00884803184e-11],
        "dvar2": [3.71598653146e-05, 2.3816475732e-05, 5.6036747992e-05, 1.79159578693e-05, 9.87825956145e-07, 9.55722683216e-08, 2.64734779876e-07, 1.90565685898e-07, 1.39983626468e-07, 7.00713940205e-08, 3.13845518463e-08, 2.34245884911e-08, 1.87685351705e-08, 1.41408387222e-08, 1.1121001009e-08, 1.47055532196e-08, 3.34014216286e-09, 4.43010561568e-09, 6.11629014102e-09, 2.12140305322e-09, 1.6560787186e-09, 1.61413338251e-09, 1.46104717214e-09, 4.34087432666e-10, 8.48643877394e-10, 3.67181923755e-10, 2.83069123697e-10, 4.06547684406e-10, 4.80011586035e-10, 2.12607501049e-10, 1.81468326477e-10, 1.77531767065e-10, 1.11492710897e-10, 9.68747443375e-11, 1.08826336831e-10, 7.81356992996e-11, 1.20911711199e-10, 1.48357826024e-10, 1.00297006811e-10, 7.45218123321e-11],
        "max": [0.0342562273145, 0.0274034217, 0.0409398712218, 0.0261739622802, 0.00905766058713, 0.00342260953039, 0.00508797680959, 0.00300506851636, 0.00293295830488, 0.00222847680561, 0.00182222865988, 0.0015095139388, 0.00110122340266, 0.00126002263278, 0.00106869672891, 0.0011854703771, 0.000354318792233, 0.000432509172242, 0.000532561214641, 0.000359807105269, 0.000413658330217, 0.000568767020013, 0.000299005012494, 0.000186379824299, 0.000207959994441, 0.000177191337571, 0.000146212070831, 0.000164576849784, 0.00013373765978, 0.000116643393994, 0.000144727746374, 9.45492138271e-05, 7.90511767264e-05, 8.08800250525e-05, 9.52089758357e-05, 9.40080353757e-05, 8.3825616457e-05, 7.87052704254e-05, 7.2251612437e-05, 5.59997861274e-05],
        "mean": [0.00492861308157, 0.0042963270098, 0.00185172748752, 0.000612932897639, 0.000155767032993, 0.000114559850772, 0.000236773150391, 0.000256474944763, 0.000167906313436, 0.000108067841211, 7.59627437219e-05, 8.01350106485e-05, 6.76274066791e-05, 6.27158442512e-05, 4.87408869958e-05, 5.16461113875e-05, 3.30326438416e-05, 3.37793499057e-05, 3.02960161207e-05, 2.5758303309e-05, 2.43502672674e-05, 1.96745186258e-05, 2.01744041988e-05, 1.47296914292e-05, 1.49132083607e-05, 1.17562212836e-05, 1.15785569506e-05, 1.17607605716e-05, 1.22879982882e-05, 1.07780078906e-05, 9.51194579102e-06, 8.84455857886e-06, 7.96892527433e-06, 7.42389511288e-06, 6.75487854096e-06, 6.27402459941e-06, 6.61922967993e-06, 6.34583011561e-06, 6.02038653597e-06, 5.21629226569e-06],
        "median": [0.00118532846682, 0.00240449490957, 0.000454387452919, 0.00015932606766, 6.26162072876e-05, 5.70851298107e-05, 0.000106536368548, 0.000145761441672, 8.11306454125e-05, 4.79048540001e-05, 3.81378158636e-05, 4.15849608544e-05, 3.70367306459e-05, 3.60824051313e-05, 2.77136659861e-05, 2.73691712209e-05, 2.07604716707e-05, 2.07009125006e-05, 1.58083839779e-05, 1.58416460181e-05, 1.64434641192e-05, 1.09922866613e-05, 1.27972680275e-05, 9.46750515141e-06, 9.0860248747e-06, 7.0353380579e-06, 7.52685809857e-06, 7.09812684363e-06, 7.28993563825e-06, 7.24073925085e-06, 6.20607352175e-06, 5.75496778765e-06, 5.21021502209e-06, 4.77626099382e-06, 4.09703534388e-06, 3.76974116989e-06, 3.71204555449e-06, 3.60418061973e-06, 3.47203467754e-06, 3.0253092973e-06],
        "min": [3.22213589396e-24, 3.67232224649e-24, 5.68228382387e-24, 6.03901500825e-24, 1.13516098185e-23, 1.01118683632e-23, 4.43847145182e-24, 8.40402473527e-24, 1.18835907917e-23, 1.25219078484e-23, 2.79282540423e-23, 1.66214460011e-23, 5.296963137e-24, 1.35022584275e-23, 1.20413740168e-23, 1.27272704301e-23, 1.98707593366e-23, 8.98810050494e-24, 1.75360371352e-23, 1.75232702103e-23, 8.53266033878e-24, 1.7240757032e-23, 1.01721136705e-23, 7.12517628941e-24, 9.46775948975e-24, 1.30063465414e-23, 1.2302909017e-23, 7.99066162094e-24, 9.65060009264e-24, 7.31432541296e-24, 8.32990415348e-24, 6.76430240198e-24, 1.25764638909e-23, 1.39791500882e-23, 1.12785731316e-23, 1.23726774532e-23, 9.91845623529e-24, 1.19435789304e-23, 1.16005064782e-23, 9.91142827348e-24],
        "var": [4.68792532047e-05, 2.5941637432e-05, 1.69197573996e-05, 3.77621540792e-06, 1.96599074798e-07, 3.29270015698e-08, 1.24881779584e-07, 9.72848255287e-08, 5.57194645978e-08, 2.9884187569e-08, 1.31471855624e-08, 1.21114664964e-08, 7.84947484789e-09, 6.15989170782e-09, 4.66477123595e-09, 5.52883827609e-09, 1.50341261662e-09, 1.78616110791e-09, 2.08106487598e-09, 1.01165453792e-09, 8.1744799818e-10, 6.78030853685e-10, 6.03009697731e-10, 2.83124079736e-10, 3.48017975549e-10, 1.94916138785e-10, 1.72247563435e-10, 1.9643732474e-10, 2.08420836145e-10, 1.29698959905e-10, 1.17680296063e-10, 9.77279507319e-11, 7.5309460057e-11, 6.83565010151e-11, 6.51433976206e-11, 5.38649472248e-11, 6.67224192563e-11, 6.65208929607e-11, 5.86794016155e-11, 4.16964310301e-11]
    },
    "mfcc": {
        "mean": [-631.251037598, 83.3792724609, 17.0832939148, 15.2711591721, 8.41754627228, 10.4339981079, 7.20346593857, 7.70352363586, 8.07817459106, 6.45259475708, 7.31717586517, 7.75967884064, 3.79617404938],
        "cov": [[17292.34375, -509.031219482, 552.776306152, 297.349212646, 142.627670288, 234.937927246, 204.126693726, 158.582015991, 179.406494141, 58.6006393433, -31.6908130646, 66.9097976685, -3.8380844593], [-509.031219482, 976.585754395, -21.4484767914, 54.1559753418, 37.0122947693, -6.06605434418, -7.10876846313, 6.2345123291, -13.3661298752, -9.76090621948, 26.0503749847, -4.40345859528, -13.2591199875], [552.776306152, -21.4484767914, 407.677001953, 133.658981323, 114.925537109, 74.4574890137, 76.1337051392, 44.6415290833, 28.1663360596, 5.46029758453, -18.1838665009, 1.30121946335, -10.3683786392], [297.349212646, 54.1559753418, 133.658981323, 195.928665161, 104.005661011, 75.1132125854, 55.0428695679, 31.0597572327, 14.2851142883, 3.77607059479, -5.58275413513, -5.34324216843, -4.14856767654], [142.627670288, 37.0122947693, 114.925537109, 104.005661011, 156.194396973, 100.959587097, 56.6339836121, 32.3643302917, 26.5121307373, 7.24177885056, -4.81792593002, -3.7070889473, 8.12492275238], [234.937927246, -6.06605434418, 74.4574890137, 75.1132125854, 100.959587097, 124.423027039, 65.7312240601, 35.6182746887, 33.9708023071, 6.79345369339, -1.63371491432, 1.73951160908, 13.4825897217], [204.126693726, -7.10876846313, 76.1337051392, 55.0428695679, 56.6339836121, 65.7312240601, 104.790916443, 68.0193023682, 42.8241004944, 24.2148189545, 7.39095067978, 15.4622888565, 10.3337812424], [158.582015991, 6.2345123291, 44.6415290833, 31.0597572327, 32.3643302917, 35.6182746887, 68.0193023682, 103.951705933, 58.7626838684, 30.0637836456, 21.6095275879, 22.1050777435, 20.2531814575], [179.406494141, -13.3661298752, 28.1663360596, 14.2851142883, 26.5121307373, 33.9708023071, 42.8241004944, 58.7626838684, 91.4266357422, 46.9059791565, 18.5002975464, 23.4002342224, 18.6206207275], [58.6006393433, -9.76090621948, 5.46029758453, 3.77607059479, 7.24177885056, 6.79345369339, 24.2148189545, 30.0637836456, 46.9059791565, 87.7475357056, 48.3321228027, 30.9998645782, 21.1746768951], [-31.6908130646, 26.0503749847, -18.1838665009, -5.58275413513, -4.81792593002, -1.63371491432, 7.39095067978, 21.6095275879, 18.5002975464, 48.3321228027, 88.4095077515, 54.4635848999, 33.4775161743], [66.9097976685, -4.40345859528, 1.30121946335, -5.34324216843, -3.7070889473, 1.73951160908, 15.4622888565, 22.1050777435, 23.4002342224, 30.9998645782, 54.4635848999, 87.7890777588, 50.9467430115], [-3.8380844593, -13.2591199875, -10.3683786392, -4.14856767654, 8.12492275238, 13.4825897217, 10.3337812424, 20.2531814575, 18.6206207275, 21.1746768951, 33.4775161743, 50.9467430115, 79.2805786133]],
